WorldClim_2.0_rasters/WC2.0_bio_09_16.asc
NCOLS 642 
NROWS 378 
XLLCORNER -19 
YLLCORNER 19 
CELLSIZE 0.166666666666667 
NODATA_value -1.7e+308 
[rows 273 to 293 of 378, columns 423 to 469 of 642]
19.6262083649635 19.7120832701524 20.6949999729792 21.9636667867502 22.5532499750455 22.9715416530768 23.4592917064826 23.7470416327318 23.4189583261808 22.9154999256134 23.2850833038489 22.8237916827202 21.1483333110809 19.7520416676998 18.4919999738534 19.9059165914853 19.6467083394527 16.4784166642154 18.3986665892104 21.3963332374891 23.7506666183472 24.7433750530084 24.2682083149751 24.6497915784518 24.6672081748645 24.7722499469916 25.4165832400322 25.181916753451 26.3620833357175 27.8879999518394 28.9365417162577 28.0057918230693 26.1999166210492 23.5186250607173 20.7963750064373 21.5980416039626 23.1039583484332 23.5378333032131 25.2697498897711 24.4825416107972 24.692749897639 22.790541579326 22.4050833582878 19.4090833564599 17.2192500432332 19.1126249730587 21.7549166679382
15.7103333125512 17.1164583961169 16.475916693608 17.7622916499774 19.8407083849112 22.071208357811 22.1079999109109 22.3523748715719 23.0090833504995 22.9383749365807 23.3045832316081 22.5606666207314 21.3323750197887 20.8150833149751 19.4541250268618 21.7846667269866 24.3123333156109 25.7796248495579 26.3808331489563 26.0793749292692 25.4257915019989 24.5806250472864 23.8704166014989 23.155166665713 22.8675417105357 24.028583308061 26.1766666769981 27.5790832837423 28.5809166431427 29.803916533788 29.219166636467 29.2369584441185 29.1817082762718 28.7489996949832 27.9503751397133 27.0609584450722 27.2781665921211 26.5587083200614 26.8612082501252 25.3832084139188 22.7723333140214 24.9226249754429 23.5450833439827 23.5102916757266 21.054791589578 16.2923332899809 18.2663749506076
12.8617500464121 14.7044167071581 12.9307083239158 14.7879166205724 20.2860833605131 17.6708334088326 16.603125050664 18.7254167298476 21.2971666256587 22.0190833310286 20.9422916273276 19.3892083366712 18.9557916621367 19.9794166982174 21.3314166466395 24.9954584141572 26.9517498612404 27.4867917100589 27.9800000389417 27.5726249019305 27.4934166669846 27.0979166229566 26.0336250066757 24.6172917385896 23.795291642348 25.1585415502389 26.0434583028158 27.2460418144862 28.9683332641919 28.9467497666677 29.0784165263176 29.1260832150777 29.2087498704592 28.9485000570615 28.5627499818802 28.2243751486142 27.5821667313576 27.2933749357859 27.356166601181 27.1661249399185 26.5543750921885 26.3497500022252 24.8895000418027 24.3583332896233 23.6547500789165 22.4331665833791 19.1596666276455
17.8542082806428 16.0308749030034 15.4432500551144 13.5465417020023 17.3836666891972 13.4680833816528 14.2180000394583 16.551333313187 17.8648333152135 19.1716249883175 17.2840416332086 17.3298332889875 19.5914584497611 21.7575416366259 24.8319166302681 26.6741249958674 27.9728332956632 28.3863749504089 27.7635001341502 27.1572501460711 27.6085000634193 27.7415833075841 27.8177499175072 26.6312082807223 25.2226249873638 25.3076667189598 24.8834584355354 26.3476666212082 29.2556667129199 29.3057918349902 28.5321249564489 28.8804167310397 28.8434999982516 28.5401667157809 28.5943750341733 27.4873751203219 23.5433333714803 22.4154166380564 24.6736664871375 26.1285417179267 26.3882914980253 25.6497083306313 24.7368750274181 24.4187084039052 23.5380832751592 22.7410000363986 21.9482082724571
24.7347082694372 23.6359582642714 21.3263750274976 18.3997916678588 14.7516667147477 16.5532916883628 19.2937916815281 20.0419165492058 18.4542500376701 17.8315417468548 19.0687500437101 21.9432916343212 22.6414166589578 22.4399583737055 23.5272501111031 25.2817916671435 28.0297081867854 28.3827499349912 28.7876666982969 27.6529583732287 27.930624961853 26.8855417569478 26.8160000244776 24.9473749995232 25.988666733106 26.6722499330839 27.6122083067894 29.2032500902812 29.6539166768392 28.4495417277018 28.2881249586741 28.5296250383059 28.2283750375112 27.8530833125114 25.8294584453106 24.0954167445501 23.5597083767255 21.9010000824928 22.4421249330044 23.8131666382154 24.0822915633519 23.4860418140888 22.4289166629314 22.6235832770665 22.6666666766008 21.677874982357 20.678375005722
26.8747916420301 26.8919584552447 24.2533749938011 21.8439999322097 21.4051250318686 21.4598751068115 21.5840833385785 18.079083353281 18.2524583637714 22.5284166534742 27.381250033776 29.5410000284513 28.8969165881475 26.5812500615915 24.8175417284171 26.1980001529058 27.9623333414396 28.3180418411891 28.1903332869212 28.1552498340607 28.772041618824 27.3412499229113 26.6327498853207 28.1785417795181 29.5137916207314 30.3413749337196 30.8173750837644 31.0887083013852 30.077541689078 28.6517499089241 26.0640415946643 26.4202499886354 27.69854170084 26.7065834403038 25.7386664350828 24.9663333495458 24.6554166475932 23.7283749977748 22.5104583501816 22.4257499774297 21.6192083060741 21.0415000418822 19.2879582842191 18.8993333180745 19.7772499322891 20.3989583551884 20.4362500409285
27.8105832537015 27.7822498877843 28.3454165061315 27.5678749481837 25.2504585087299 25.0365832944711 22.9065833389759 22.6937084496021 25.0506250560284 28.4778749346733 30.2192499438922 30.5137917796771 30.1935834884644 29.2587500810623 27.0706249177456 25.7897915840149 27.01987495025 25.8460416396459 25.4680416186651 27.1602500279745 30.0462916294734 31.492458264033 30.8242084980011 30.8602499961853 31.4451665282249 31.2858334183693 31.1157916784286 30.8128332098325 31.2080416878064 30.985750079155 29.1086251735687 26.7659999529521 26.9495833913485 28.0026249686877 27.4630416830381 27.0493332544963 27.4259999593099 26.46383335193 25.0673334300518 24.4632084270318 23.5058332681656 21.9057501157125 20.6275833249092 20.408666630586 20.5155833959579 20.901791592439 21.8242083092531
28.2980832854907 28.9073333144188 29.84866664807 29.468333363533 30.0969999432564 30.0194166898727 30.5975831945737 31.1382499933243 31.1518332958221 31.0769582788149 31.1307500004768 31.2731250127157 31.2880000074704 31.2584166725477 30.6465416749318 30.1224998633067 30.1199166377385 28.5480834841728 30.104125102361 31.0011250376701 31.6416666110357 31.8220416506131 31.7382500569026 31.6026249130567 31.6105416019758 31.6216666499774 31.1892499526342 31.3777083357175 31.6588748494784 31.2749165892601 30.9665831923485 29.5603749553363 29.015750169754 28.8387500445048 28.3194582859675 27.8721250494321 28.5266250173251 29.0596249302228 28.8236250082652 28.3431250452995 27.4307498733203 26.9422499934832 26.4578749835491 25.8175833026568 25.0120000143846 24.646125048399 24.3080832660198
29.6933334271113 29.6575832366943 30.952249844869 31.1374999483426 31.0045834779739 31.2659998337428 31.5344584186872 31.5702914992968 31.2855416337649 31.6718334754308 31.6831665833791 31.2912500699361 31.1248751680056 31.3468331893285 30.9337500929832 30.6826249361038 31.7403749426206 31.6890833775202 31.764625052611 31.8026667237282 31.8853750824928 31.6422084569931 31.6190000772476 31.7366250554721 31.6857916315397 31.3706668019295 31.2558751106262 31.2255000670751 30.9105834364891 30.6447084546089 30.9778333902359 30.6189584533373 30.3942917386691 30.5982497930527 29.9497498869896 29.5722500880559 29.5728334585826 29.4157499869665 29.1869167089462 29.310583293438 28.9031250079473 28.4627499779065 28.2034999132156 27.9943333864212 27.5155833164851 26.5740000009537 26.32287500302
30.9538333813349 31.1004167199135 30.1276251475016 31.1457502444585 31.500833372275 31.7320834000905 31.9800001184146 32.088416715463 31.2709999879201 31.114416817824 30.9545833468437 30.0561666488647 30.8898751735687 31.2528334259987 31.7620417674383 31.8695833683014 32.099041779836 31.8513751427333 31.8168748815854 31.9621665477753 31.9005000988642 31.9591250220935 32.008083264033 31.8554581602414 31.949625035127 32.0900832215945 31.8623750011126 31.0495416720708 31.2512500484784 31.6357500354449 31.841958463192 31.8292082746824 30.0932082732519 28.9797082940737 27.7988332907359 28.0499583085378 29.0797500212987 29.3484166463216 29.443291525046 29.1393751104673 29.302833199501 28.8977917432785 28.9712500373522 28.5073750813802 28.5931250055631 28.0279166698456 27.4565832813581
30.8927086194356 31.2410417199135 31.3865417639414 31.217916727066 29.534416615963 31.155624806881 31.6072084705035 31.3734998703003 31.5308332641919 31.9651667078336 32.1355415781339 32.2839997808139 32.2496248284976 32.3578749696414 32.2599167823792 32.2527083357175 32.2547082106272 32.1206250389417 32.0432500839233 32.1924581726392 32.2076666752497 32.1737917462985 32.0874999165535 32.1066669623057 32.197791993618 31.8413752317429 31.2969583471616 31.6691669424375 32.1818334658941 32.3345418373744 32.228083272775 32.2228749990463 30.4539166688919 29.5926665862401 27.7289999524752 29.1986251274745 29.9452917178472 29.88841654857 29.4770833651225 29.6084997852643 29.2471248904864 28.3762499292692 29.3379166722298 29.3590416312218 29.0995833675067 28.9409583608309 28.0948335131009
31.2808331847191 30.7929583191872 30.902208228906 31.3556668758392 30.2584583560626 30.4418750603994 30.6597083210945 29.2150834401449 30.9479165275892 32.2130835254987 32.317208369573 32.4061665534973 32.2674582799276 32.4945416847865 32.4469584822655 32.4973750313123 32.5001250306765 32.3784583409627 32.3443750739098 32.4326668779055 32.4249167839686 32.4194584687551 32.2951246698697 32.0033747752507 31.7182497580846 31.9124998648961 32.4215834736824 32.4553334315618 32.4860001802444 32.4894165992737 32.5123333732287 31.6499998966853 31.0198333660761 29.9423751632372 28.4502499699593 29.9254582126935 30.2466249465942 30.0978331565857 29.1140834093094 28.3689165711403 27.8741249442101 28.0852081576983 29.0787499745687 29.4722917278608 29.3770833015442 29.1244583527247 28.4901666641235
31.8835416634878 31.3369582692782 31.3295833269755 31.205624918143 30.8156664967537 30.5803334315618 30.7137083609899 30.8220831950506 31.8320833245913 32.410041530927 32.5895415743192 32.541249970595 32.6047916014989 32.6190414428711 32.5785000721614 32.6507499019305 32.6816250085831 32.7027500669162 32.5545833309491 32.5067499081294 32.5263333121936 32.1135417620341 32.0035835703214 32.1082918246587 32.553791542848 32.6299582719803 32.6753334204356 32.6459168394407 32.5562502145767 32.2981665531794 31.7306249936422 31.0126250783602 30.4786250193914 29.5758333802223 28.0006249745687 30.0317083994548 30.230416794618 30.3941250642141 28.9160832762718 24.8022083838781 24.2712498307228 25.6990833381812 28.0119582215945 28.563874900341 29.0558333992958 28.9137916366259 29.2291249434153
32.1681665380796 31.7734584013621 31.7629999915759 31.1723333994548 31.3121250271797 31.4405832886696 31.6681248943011 32.2121667663256 32.3577501972516 32.7149166266123 32.9177499016126 32.6503751476606 32.6036248405774 32.63874989748 32.6870415012042 32.6763753493627 32.5056668917338 32.1801665027936 32.1695833206177 32.2553750475248 32.0574583609899 32.2877499262492 32.5065832138062 32.6876663963 32.7908749183019 32.8705414732297 32.8216666777929 32.674541592598 31.8123750090599 30.8330416679382 30.218333363533 30.8415415088336 30.0824583768845 29.5204166571299 28.7048749923706 30.321958442529 30.593208193779 30.2995832562447 29.5388332207998 27.2900415658951 23.9315415918827 21.7070000271002 26.0978333155314 27.4247083862623 27.0770834783713 27.1878332694372 28.7238749861717
31.5614583094915 31.7620415886243 31.032166659832 28.1071249445279 29.4680417180061 30.0016249020894 29.73691680034 30.8076666394869 32.0760833223661 32.796583255132 32.9656667113304 32.8822083075841 32.7833751042684 32.7399999101957 32.6916248997053 32.3463332653046 31.5249165495237 30.8562085429827 31.4842917521795 32.1633331775665 31.3029168645541 30.0567499399185 32.263124982516 33.0436665813128 32.9965833028158 33.0002500216166 32.5627916653951 31.8760832349459 31.0618333419164 30.0459165970484 27.8591248989105 29.0782497326533 27.5568333466848 28.3290833830833 29.7745833595594 30.4370417197545 30.6248752077421 30.1349166234334 29.4199583530426 28.6920833190282 26.8663749496142 22.4396666089694 19.9039583106836 22.6652499139309 23.6481249630451 24.3674582342307 25.9325000246366
31.1729166507721 31.515666782856 31.4105417529742 29.4117501775424 28.3218750953674 28.7184999187787 28.8957915902138 28.5223332842191 29.0131251613299 30.4598750273387 32.5348334511121 33.0378333926201 32.9448748429616 32.884249885877 32.3932500282923 31.2370417515437 30.3124999006589 28.4483333627383 26.8353334069252 27.9450416962306 29.1431247790655 29.8201666474342 32.0877917408943 32.8201248844465 32.7564166386922 32.5720831950506 32.1749999523163 31.7485415935516 31.5137498577436 30.1150416930517 28.4335834185282 28.9258335034053 26.1097499231497 24.8849999606609 27.2572084863981 28.9153749843438 30.4873750607173 30.1017498572667 29.2190000216166 28.3770417173704 28.0699582298597 26.2691250046094 22.1584167083104 20.9605001012484 22.9833333690961 24.0419582724571 23.4571251074473
27.036124954621 30.3483331799507 31.27579164505 31.3985833326976 31.4269168376923 31.4419168829918 31.7673333485921 31.1851248343786 29.2916667461395 29.5381666024526 30.6555001735687 30.9541666507721 32.0939999421438 32.332958261172 32.503124833107 32.5960416992505 31.859291712443 30.2687917749087 28.632333278656 28.4127084612846 28.7718332807223 30.3610416054726 31.0364167491595 32.0063332915306 32.5020416577657 32.4138751029968 32.0755415956179 31.6461666623751 31.0336667497953 30.1825001041094 30.8558333317439 31.4161250193914 29.3397083481153 25.6332916518052 23.6555833617846 26.9717500706514 29.9022083282471 29.6791251301765 29.2959583600362 28.5014167825381 28.2187082370122 27.6609166363875 25.7376250525316 22.6377916236718 20.8641667962074 23.2877499262492 23.4788750211398
19.6167916556199 23.9656667113304 28.3862499793371 30.8903331955274 31.1854582627614 31.645041624705 32.2893333832423 31.9593749642372 31.9485833247503 31.5062498847644 31.0402917663256 29.7643750111262 31.3771249254545 32.2645832300186 32.6361249685287 32.6075832843781 31.8325833280881 31.6472919384638 29.9976248145103 29.107875029246 29.6202916900317 30.5955833991369 31.7812917629878 32.3218334118525 32.9201249082883 32.845708390077 32.1109166940053 31.3875416914622 29.0134582916896 28.4094999233882 31.3882916172345 33.2704167366028 32.6197085181872 29.2289999127388 22.0590416987737 25.9610415995121 28.4289166529973 28.5166666507721 28.7080000042915 28.444375137488 27.35962515076 28.1368333101273 26.5653750399748 26.655624995629 23.8495834767818 21.4801665743192 22.2904165387154
20.0633333424727 20.0870000422001 24.3991666138172 28.223458369573 30.7598335345586 31.2588749527931 32.1259164015452 32.1584583123525 32.3859167297681 32.5164998968442 31.9546247522036 29.4090833465258 28.0997084379196 29.0698333978653 30.7803749442101 31.956500172615 29.9655833443006 28.7706667383512 27.8014166355133 27.1374166806539 28.0479581554731 31.4915000001589 33.2796250581741 33.5431250333786 33.3594999710719 33.1312083800634 32.4157915512721 30.5855416854223 28.406500061353 27.5470417936643 31.4520000418027 32.9878331422806 33.2625834345818 30.0401667555173 24.9401250680288 24.4089167316755 27.1410417060057 28.3824999729792 27.9308749834696 27.844375093778 27.5162916779518 28.122291624546 27.0027499298255 25.800750186046 25.181750078996 24.3265416026115 21.7432916462421
25.3092083533605 23.4428333342075 22.5985416372617 23.5965833067894 25.0407083233197 27.6823750336965 25.932750026385 27.4595416088899 28.8352917035421 30.7187916040421 32.1220000187556 31.2628334561984 30.1436667641004 29.1816249887148 29.4688750306765 30.6181668241819 31.4964999357859 32.3885000745455 32.9465834299723 31.7641249497732 29.5736249089241 30.8597083290418 33.139166533947 33.1939168771108 32.9709999759992 33.1196665962537 32.6869583924611 30.6345001856486 30.2109165787697 30.5991249879201 31.6780000726382 33.1650000015895 33.7214582562447 33.2630001306534 30.5530414978663 25.3248333434264 27.0088334083557 29.3319582740466 28.8365416725477 28.8317916194598 28.2964999477069 27.5474999646346 25.8991250594457 25.1715000470479 25.1824166576068 25.3575000365575 22.6888749102751
26.9717916846275 26.4213749965032 24.2690832614899 23.1998750666777 22.0676666696866 23.0712916155656 23.7058750391006 24.1829582254092 24.6652082701524 27.4847082893054 30.7108749548594 31.4112501144409 32.1732917030652 31.2694999178251 29.9920000036557 30.5011666615804 31.121333360672 32.8284167647362 33.2288749814033 32.4189167618752 30.1922500928243 29.6825414697329 31.6616249680519 31.6708333889643 31.0438749988874 32.7292917569478 32.7404167453448 32.12466665109 31.1747499903043 28.8723751306534 29.0725834369659 32.479625026385 33.4804166555405 33.8524583379428 33.1227916479111 26.2518333494663 26.7427498499552 30.2050417661667 30.1691666046778 30.1701668699582 28.985666513443 28.4722916980584 25.265499929587 23.1304165124893 24.0735834737619 24.7791666090488 22.7797083854675
