WorldClim_2.0_rasters/WC2.0_bio_12_16.asc
NCOLS 642 
NROWS 378 
XLLCORNER -19 
YLLCORNER 19 
CELLSIZE 0.166666666666667 
NODATA_value -1.7e+308 
[rows 203 to 231 of 378, columns 520 to 584 of 642]
182.8125 186.5 186.25 181.9375 182 180.0625 179.125 177.25 175.6875 174.3125 174.1875 176.4375 178.9375 182.375 186.3125 193.4375 196.6875 199.5625 205.4375 208.9375 210.0625 213.875 216.0625 219.1875 230.875 227.375 226.6875 237.75 242.75 239.4375 233.0625 229.625 227.9375 232.0625 230.375 224.375 218.4375 217.25 217.5625 213.8125 214.6875 216.375 223.125 227.625 223.5625 218.4375 215.4375 219.6875 219.875 220.4375 226.6875 229.625 235.3125 242.4375 254.1875 255.625 264 267.9375 268.125 269.75 271.75 275.3125 275.5 275.625 279.25
180.375 179.4375 179 175 173.6875 174.625 174.5625 172.9375 172.0625 171.5625 172.5 173.4375 175.9375 180 184.625 191.0625 197.0625 200.75 204.875 209.0625 210.375 212.125 214.75 223 232.0625 232.0625 237.5625 231.875 237.6875 238.6875 236.125 231.4375 231.5625 227.5 220 214.0625 209.125 205 205 201.4375 200.8125 206.125 212.9375 212.0625 211.375 205.625 203.5625 205.5625 207.1875 209.8125 216.4375 219.875 226.5 233.3125 239.25 244.6875 254.625 257.375 263.1875 268.25 270.125 272.75 276.0625 275.875 276.5
180.75 172.9375 171.4375 172.9375 174.5625 171.6875 168.8125 170.1875 171 169.1875 169.8125 171.25 173.75 177.375 182.625 189.4375 198 202.125 206.6875 209.9375 209.4375 209.5625 212 216.75 219 221.5625 224.4375 226.5625 234.625 233.1875 230.25 227.0625 229.5625 220.875 215.1875 209.25 201.5625 197.0625 191.25 192.25 191.125 196.25 199 199.1875 202.9375 194.9375 194.125 196.5 198.25 204.4375 209.6875 211.3125 217.5625 225.875 232.3125 242.5625 249.4375 251.1875 261 261.6875 271.125 274.3125 279.125 277.4375 276.875
169.875 168.4375 171.3125 170.25 168.9375 166.75 167 166.6875 164.8125 164.1875 166 169.0625 172.5 176.375 180.6875 186.0625 192.9375 198.875 206.75 205.1875 206.25 211.875 211.625 212.125 220.5625 222.6875 218.375 217.375 223.75 219.625 218.75 213.5625 214.125 206.8125 202.75 198.5 192.1875 184.75 181.5 181.375 182.875 183.375 187 185.5625 186.125 183.875 185.5 187.375 199.125 197.0625 201.8125 204.0625 211.4375 220.9375 227.125 235 240.3125 245.1875 250.0625 257.6875 264.9375 270.9375 277.375 277.75 275.5
166.625 164.625 165.875 167.1875 165.4375 167.25 162.9375 161 161.3125 162.9375 166.5625 168.0625 171.125 175.375 180.125 183.625 188.8125 196 199.25 200.1875 202.0625 204.625 207.125 210.5 213.5 215.3125 207 208.3125 209.5625 209 210.25 204.0625 198.625 197.125 193.0625 188.5625 184.375 178.0625 174.6875 170.8125 170.5 175.125 186.75 177.3125 172.5 176.0625 175.0625 182.1875 185.5 190.375 195.8125 199.5 206.5625 216.6875 223.125 232.0625 237.125 241.6875 248.8125 257.625 263.6875 271.4375 277.25 276.9375 275.75
163.625 161.4375 165.375 165.9375 164.5 163.5 162.4375 161.0625 159.8125 160.375 162.8125 168.75 171.8125 174.1875 176.625 182.3125 185.8125 191.6875 196.75 197.8125 198.375 199.375 201.125 202.0625 201.5625 199.875 198.3125 200.375 198.1875 202.125 205.5 196.75 192.125 187.5625 183.3125 178.5625 174.3125 171.8125 167.625 161.6875 160.6875 162.25 161.8125 161.8125 161.3125 165.5625 167.5 172.125 178.0625 182.5 189.125 195.625 207.25 215.8125 220.25 222.6875 228.75 240.375 248.875 256.375 262.6875 270.1875 276.1875 281.5625 278
158 158 158.4375 160.875 158.9375 159.75 157.625 157.1875 158 159.625 165.125 167.75 167 169.25 172.375 174.875 180.25 186.25 191.5625 195.75 194.375 194.0625 191.0625 191.9375 191.4375 189.4375 189.6875 189.5625 189.1875 193.25 195.8125 186.375 182.625 179.9375 174 169.6875 165.75 162.3125 158.0625 154.8125 153.6875 152.1875 151.375 150.3125 151.375 155.125 160.5 165.75 171.8125 178.5625 185.8125 193.9375 204.5625 207.3125 214.25 218.125 229.3125 240.75 244.6875 247.0625 254.125 261.3125 265.4375 268.875 273.5625
155.75 154.9375 154.875 154.6875 157 155.5 153.125 155.25 157.25 159.875 160.375 163.3125 163.3125 164.9375 168.3125 173.0625 175.4375 180.625 184.9375 187.9375 188.125 186.875 185.25 185.4375 184.4375 183.375 183.375 182.1875 181.6875 182.875 184.125 178.0625 173.75 171.1875 166.5 162.3125 159 155 152.6875 149.6875 146.875 146.3125 143.6875 144.8125 145.875 148.9375 157.0625 162 168.8125 174.4375 183.75 191.1875 198.125 201.6875 207.1875 213.875 225.875 233.0625 235.5 240.625 246.8125 250.375 254.125 259.6875 266.25
151.75 152.0625 152.375 154.6875 152.6875 150.75 155.25 154.6875 153.5 154.375 158.1875 158.625 159.25 161.125 164.6875 169.8125 174.6875 179.4375 182.125 183.5 182.875 179.3125 179.1875 180.375 182.0625 183 181.6875 180.25 181.8125 180.9375 175.3125 171.625 168.25 164 160.875 155.8125 152.8125 149.8125 146.4375 144.3125 143.25 143.4375 142.8125 142.1875 143.375 147.125 155.4375 162.9375 167.25 173.375 179.5 185.5 193.125 198.4375 204.5625 209.5625 217.4375 223.75 228.0625 234.875 238.375 244.0625 247.125 252.1875 256.5625
146.5625 147.5625 148.25 149.5 148.8125 149.0625 150.375 147.625 151.125 152 153.6875 155.4375 155.875 157.6875 160.75 165.25 167.625 171.625 173.875 175.125 174.125 176.125 176.75 177.25 178.4375 176.875 176.1875 176.1875 175.625 175.9375 171.875 166.4375 162.75 158 153.8125 151.4375 149.25 145.1875 142.375 141.75 144.8125 141.625 140.5625 141.3125 142.625 149.125 158.25 167.25 169.25 175.4375 181.4375 189.375 194 199.75 205.6875 210.8125 214.875 220.9375 226.0625 233.5 236.9375 244.1875 244.5 248.75 257.625
146.25 145.4375 143.875 143.9375 145.125 145.0625 145.375 146.9375 145.875 147 148.875 152.125 155.4375 157.3125 161.5 161.0625 161.4375 164.375 165.4375 167.1875 169.8125 170.5625 170.625 170.9375 172.5625 170.3125 171.625 170.9375 170.6875 170.6875 167.9375 163.5 159 154.1875 150.0625 148.0625 145.125 144.0625 143.6875 142.125 140.5 141.8125 141.3125 144.9375 150.5625 158.375 165.5625 176.8125 178.6875 182.875 188.75 194.5 199.375 204 211 216.1875 226.375 232.0625 234.6875 240 244.6875 253.0625 250.5 254.8125 258.625
141.9375 141.4375 141.0625 141.5625 141.75 146.875 142.875 141.9375 146.5625 145.3125 148.6875 148.75 151.5625 153.375 153.875 156.0625 156.9375 158.0625 158.4375 160.5625 161.125 162.9375 163.5625 165.5625 167.5625 168.25 169.1875 169.3125 167.25 166.3125 165.8125 164.25 158.25 154.4375 151 146.3125 149.5625 146.375 142.5 138.9375 138.0625 140.5625 144.1875 151.125 157 163.875 169.375 175.375 180.875 186.875 192.25 197.625 203.5625 209.5625 215.375 220.125 226 236.4375 238.5 242.8125 248.1875 251.5625 258.4375 265.1875 266
141.6875 143.9375 142.375 145.8125 141.875 153.5625 147.9375 144.75 146.5625 145.0625 144.3125 147 146.625 147.8125 149.875 149.6875 150.4375 152.625 153 155.1875 158.375 159.5625 160.125 162 165.25 167.5625 168.6875 165.375 164.125 163.75 161.5625 158.1875 155.125 150.8125 151 147.8125 144.375 140.9375 139.0625 138.25 140.5 143.1875 149.625 154.3125 160.25 168.1875 176 181.1875 187.8125 191.5625 197.375 203.25 209.3125 214.4375 220.5 224.125 229.3125 238.625 239.1875 244.4375 250.375 254.75 259.8125 271.6875 271.6875
143.8125 142.625 147.6875 145.6875 145 144.8125 143.25 143.625 143.8125 142.75 142.6875 142.9375 144.75 145.5 145.8125 147.5625 149.125 149.5 150.375 153.0625 156.9375 158.9375 157.9375 157.125 161 165.4375 164.875 163.6875 163.1875 164.75 163.4375 160.1875 154.875 152.9375 149.125 146.625 142.4375 139.1875 137 142.625 151.5625 151 155 159.5 166.1875 172.375 180.5 187.5625 193.25 198.625 203.6875 209 213.25 218.75 223.8125 229.4375 232.9375 240.3125 241.4375 248.8125 255.875 262.9375 264.25 270.8125 275.875
141.125 142.9375 140.75 140.5625 143.5625 143.3125 142.4375 142.3125 143.375 142.75 142.0625 142.5 143.6875 142.0625 142.75 144.4375 144.6875 146.3125 149.4375 152.5 154.375 156.5625 156.5625 156.5625 155.9375 161.5 159.1875 161 163.375 166.5 165.375 162.25 159.5 155.6875 150.125 146.8125 142.625 138.8125 137.5 142.5 147.3125 152 166.625 172.0625 171.125 177.8125 185.9375 192.25 197.875 204.6875 209.125 215 219.75 223 227.75 233.75 239.9375 244.4375 245.5 250.1875 265.125 272.4375 270.4375 275.75 279.75
139.9375 139.5625 140.5625 140.75 142.4375 142.1875 141.125 140.1875 142.875 141.0625 141.0625 141.25 142.0625 141.125 141 140.625 140.5 144.625 147.4375 147.5625 149.125 151.4375 149.4375 152.25 153.375 155.8125 160.375 163.6875 164.9375 166 166.9375 165.875 162.6875 157.375 154.75 150.3125 145.625 142.9375 140.1875 144.125 151.375 160.25 170.875 177.3125 178.8125 184.75 191.25 197.625 203.6875 209.375 216.0625 221.25 225.4375 229.6875 233.375 237.625 239.9375 244.875 250.8125 255.875 265.8125 285.1875 287.5625 282.4375 292.3125
138.375 138.75 139.8125 138.9375 139.5625 139.9375 138.875 140.0625 140.0625 140.1875 141 140.5625 140.1875 140.625 141.0625 141.1875 140.4375 140.4375 145.5625 146.8125 146.125 145.5625 148.625 150.5 154.875 157.25 158.875 160.0625 165.5 169.0625 170.9375 170.3125 168.25 168.5625 161.375 155.875 154.375 148.1875 145.9375 146.875 157 169.625 178.4375 182.375 193.4375 196.6875 198.5625 204.125 211.5 216.4375 223.125 229.3125 231.5625 235.0625 238.6875 243.125 243.5625 248.125 252.875 259.875 267.1875 279.3125 289.375 303.5625 311.25
139.625 139.375 139.3125 136.1875 140 141.25 141.1875 143.625 141.5625 140.9375 139.75 140.5 139.8125 139.3125 141.3125 141.375 140.3125 140.1875 143.8125 143.625 143.625 145.375 149.0625 151.9375 152.0625 154.5625 157.6875 160.125 165.9375 169.4375 173.3125 175.0625 174.75 173.125 171.25 168.125 160.1875 157 154.875 160.125 163.4375 173.8125 187.25 193.3125 201.75 208.375 209.375 212 218.5 224.25 231.3125 236.9375 240.75 242.125 245.6875 247.625 249.5 253.5 258.4375 262.6875 271.3125 278.9375 296.1875 324.9375 344.25
137.875 138.25 138.25 136.3125 136.3125 137.875 136.8125 137.4375 139.5625 139.9375 137.9375 139.0625 140 140.375 140.25 140.0625 143.1875 140.1875 143 142.1875 140.4375 142.3125 145.75 151.625 153.1875 155.25 156.0625 155.375 160.0625 165.1875 172.875 175.5 178.1875 181.3125 180.0625 176.5625 172.9375 169.875 169.8125 173.6875 181.5625 187.875 193.5625 203.4375 209.75 217.375 221.9375 224.6875 228.375 235 246.4375 246.0625 250.1875 250.8125 252.1875 254.125 256.125 259.6875 265.25 270.8125 280.0625 289.4375 311.25 354.4375 355.0625
134.75 134.3125 133.5625 134.3125 135.1875 135.1875 136 136.5625 137 139.5625 139.875 139.375 141.5 146.375 151.9375 148 148.6875 148.125 145.5625 146.375 148.0625 146.8125 148.625 150.6875 154.9375 156.8125 155.75 157.8125 162.75 164.5625 168.9375 177.9375 185.25 189.4375 191.125 187.875 185.125 182.9375 187.5 190.4375 196.375 197.375 201.375 206.375 218.125 222.875 229.0625 235.6875 243.25 249.75 259.25 263.625 259.8125 261.1875 261.1875 262.3125 265.1875 269.75 277.125 283.9375 293.25 305.0625 320.8125 343.1875 372.1875
139.4375 139 136.6875 134.5625 135.0625 134 135.0625 134.875 136.3125 137.75 139.125 142.6875 146.875 148.75 145.8125 148.9375 147 148.125 147.6875 147.9375 149.9375 156.5 157.8125 157.6875 159.1875 164.125 165.75 167.8125 167.0625 170.6875 175.875 177.6875 194.8125 195.5625 200.875 201.5625 196.875 198.25 200.4375 204.3125 211.3125 214.4375 217.4375 222.1875 228.1875 236.625 242.1875 249 254.6875 260.125 265.5625 270.75 273.125 274.375 275.625 271.5 274.6875 281.75 290.625 306.5 320.0625 334.75 368.875 392.4375 399.1875
142.25 140.375 138.6875 136.625 135.4375 135.0625 134.6875 136.1875 137.8125 140.9375 142.5625 146.125 148.9375 153.125 157 158.75 158.1875 158.5 158.125 157.0625 157.5 158.25 159.5 162.625 166.9375 176.0625 171.75 176.8125 182.3125 180.5625 182.0625 184.3125 188.8125 195.5 203.4375 210.625 214.625 219.5625 223.875 228 232 234.75 236.8125 242.8125 247.1875 253.875 258.75 265.5 270.375 275.9375 280.625 282.8125 284.125 287.625 294.125 290.75 294.1875 307.8125 317.25 352.75 358.3125 361.6875 391.6875 431.1875 501.9375
152.25 147 142.875 140.375 138.125 138.375 138.3125 140.625 144.6875 148.0625 151.375 153.8125 159.875 163.8125 165 166.75 168.4375 167.25 167.6875 167.4375 167.75 167.75 167.125 167.25 169.0625 170.25 171.0625 174.6875 184.5 191.6875 195.5625 198.8125 200.125 202.6875 211.125 217.625 230.3125 245 256.0625 258.875 260.5625 262.5625 264.75 268.75 272 273.75 279.25 285.125 290.25 295.75 301.1875 303.0625 302.6875 300.4375 301.625 310.875 322.375 342.0625 359 386.75 411.5 394.1875 393.4375 417.75 448.5
184.75 168 157.375 152.5625 147.5625 147.25 141.5 142 147.9375 153.5625 157.375 162.5 166.625 169.625 171.25 172 173.0625 176.125 176.8125 176.625 176.625 176.1875 176.1875 178.5 178.75 178.9375 180.5625 183.625 187.5625 191.6875 201.0625 208.125 213.6875 220.1875 222.6875 227.5 242.375 276.375 292.9375 291.4375 291.4375 294.1875 293.4375 296.9375 299.8125 303.25 305.3125 308.625 312.9375 316.0625 319 324.125 327.1875 321.5625 315.5 319 320.375 328.25 341.9375 365.25 406.625 421 438.5625 466.6875 517.375
190.375 211.875 206.9375 177.75 169.75 160.25 152.625 151.4375 154.5 160.6875 163.9375 168.625 172.625 174.875 178.6875 183.875 184.1875 184.4375 186.3125 185.125 185.5625 185.875 186.75 188.3125 189.0625 190.5 192.5 195.5 198.625 203.3125 208.8125 213.9375 218.375 226.125 237.4375 250 254.125 271.6875 290.5 309.0625 319.125 321.6875 325.8125 333.625 337.0625 338.25 338.5625 341.875 344.8125 346.4375 347.25 345.4375 345 346.0625 349.4375 343.3125 349.875 349.125 330.625 343.8125 378.125 433.9375 489.125 498 494.875
186.4375 200.1875 218.875 244.0625 233.8125 205.4375 190.3125 171.5 167.1875 168.25 171.6875 177.6875 188.4375 188 192.125 198.9375 201.4375 203.0625 201.3125 200.5625 196.25 197.1875 199.4375 199.0625 198.875 201.75 203 208.1875 211.25 215.0625 220.8125 227.625 233.125 241.0625 249.1875 264.75 277.9375 282.125 298.8125 316.1875 341.875 358.875 360.1875 368.375 371.125 378 374 370.4375 375.125 374.375 373.4375 368.6875 374.5 388.5 390.875 379.75 358.4375 340.5625 324.5 328.5625 359.4375 392.0625 394.75 350.625 336.4375
174.625 189.9375 205.0625 219.625 268.6875 321.8125 301.625 222.4375 189.4375 185.1875 188.5625 198.625 206.875 214.9375 212.0625 217.125 222.5 218.875 216.5 217.25 216.875 212.5 211.4375 211.25 210.5 212.0625 214.6875 218.875 222.4375 228.1875 233.875 241.8125 249.125 257.625 267.0625 281.6875 295.0625 305.5 322.75 350.0625 371.75 393.375 392.6875 392.1875 390.75 393.9375 391.5625 390.5625 389.1875 388.25 391.4375 394.625 400.125 409 416.6875 401.875 378.9375 363.375 347.875 338.5 331.25 324.625 329.5625 332.25 328.25
170.8125 176.8125 187.1875 198.25 208.6875 221 254.5625 273.3125 248.5625 221.5 223.875 242.875 243 245.0625 238.25 236.8125 248.9375 250.875 235.75 232.75 230.3125 231.0625 223.4375 221.875 221.75 222.875 225.125 229.6875 236 242.25 248.3125 254.75 266.1875 276.375 284.9375 296.1875 309.0625 323.3125 346.75 383 407.0625 425.5 431.875 410.5625 404.5625 399.4375 392.375 386.5 386 386.3125 392 404.25 416.0625 429.75 439.3125 433.0625 419.6875 405.625 390.6875 378.8125 366.25 358.0625 357.5625 362.125 376.1875
173.5625 179.25 181.3125 186.75 193 203.875 213.625 228.8125 248.5625 269.75 275.1875 288.4375 319.625 314.3125 301.125 279.1875 275.625 274.25 258.75 257.9375 253.75 248.875 240.3125 234.5625 233.75 234.1875 238.375 241.125 246.875 254.125 263 271 280.4375 292.875 303.5 311.125 324.375 336.5625 360.8125 372.8125 392.125 407.125 424.3125 433.5625 416.375 404.875 396.8125 391.9375 391.125 392.5625 403.1875 413.3125 429.5625 448.4375 468.1875 475.25 464.0625 451.625 449.1875 458.875 494.9375 518.8125 546.875 548.125 506.875
