WorldClim_2.0_rasters/WC2.0_bio_01_16.asc
NCOLS 642 
NROWS 378 
XLLCORNER -19 
YLLCORNER 19 
CELLSIZE 0.166666666666667 
NODATA_value -1.7e+308 
[rows 315 to 335 of 378, columns 432 to 479 of 642]
15.5799270717932 15.6579895446387 15.9628437856639 15.336864576772 16.196718734301 17.7765833091738 18.5546562406865 15.8089583433466 14.662062500264 15.0407604039647 15.7108020886662 15.670156287398 14.924010381704 16.6926458360006 16.7884687270792 17.10631249164 17.3832082659161 16.8374375170097 15.5632187446269 13.5565208647943 12.2265520994357 10.5951979153033 6.66704167530406 8.82035418118661 8.76010414676663 5.87909375984843 12.207968743809 14.4390520700254 15.9584895653631 16.9520416295272 17.9615833433927 20.1451979162327 23.5667812793205 24.5967395988603 24.9655104205012 25.2636562685172 25.9502082504332 26.137822954605 26.228958333532 26.0092187809447 25.7320208090047 22.1913645761864 17.2908332931196 17.4605104342603 17.1425208108752 15.5018854029477 17.1561667268591 18.2910728509402
18.6368853873573 16.9109166301981 15.8536667035272 14.7655417098237 16.2270520838598 16.7669791495039 16.9858125211516 17.912083321901 15.391197952528 16.450718696559 17.9767291257061 17.2951250057862 15.653458325681 16.0986249723161 16.7240833339941 16.4173958226553 17.11358331594 17.4363854042022 16.6475625691625 14.7803437419546 14.1833229167387 14.0724791558459 12.889510410411 14.072291636141 13.4467916816628 9.23024997817508 11.9456771138066 11.4649374861328 14.1786770816022 17.8158020770231 19.6610625070737 19.9076353737619 22.7189790985237 23.644302042822 24.506145807604 25.0638333087166 25.5330417044461 25.8621040855845 25.9466041835646 25.9151562787592 25.546541625013 24.1310624778271 20.0904062386835 18.5874687228546 18.0743124860116 16.6199687177238 16.7350937363032 16.6497292198813
17.3057082987534 17.1508437325101 15.4194999976899 17.0158853905159 15.7027083069746 15.0455312521663 14.7158645954914 14.8187187088382 15.1235520501311 15.1185312716213 17.2216770366067 18.2289271214589 18.2357708524602 17.8433645974146 17.2163333207912 15.9039479121566 17.0158750012051 17.1551458266719 16.6441875215387 15.6509062911694 14.9491562309364 15.364187448596 15.5710520381884 16.5069167078667 16.4594270744128 12.4797812431352 10.7014479152858 9.20133334319689 13.9891770994291 14.759291672662 19.1860000487471 21.5988020313283 23.0377396481733 23.9537708585461 24.3770312716564 24.881135477374 25.4213333465159 25.7533646126588 25.5673751321932 25.4507812882463 25.8986457983653 24.6391249870261 18.3616457961422 18.8488229192638 18.6635521368686 17.6159895422061 16.4740416519732 15.5653750250737
17.825000027003 18.4267604023577 18.2625937707877 18.8107083006616 19.5013854402932 19.0420208211096 17.4898750079531 15.7818229090626 16.0602708024332 14.0464791344324 14.8661458212882 17.0130937362943 18.2792083381294 18.3351250224126 17.9699582830362 16.1902916857507 16.1744374991395 16.6520000049689 14.8600000356867 16.0183854536347 13.7515728815924 15.2662499703777 15.1405624671121 16.7105104274524 17.8323333236476 18.2956561866255 17.7023645814819 17.5023332919858 19.4522812377448 13.1914062534925 13.7160416383413 19.4732708461039 23.3129895795137 23.8479478781422 24.2844895347953 24.9471457538505 25.5161145962775 25.6164896239837 25.2909270909925 25.099031239748 25.6422500337164 25.3930729019145 21.1394062215307 18.549343774134 18.7940312482533 17.564895814503 15.7916354208719 15.6813541385733
21.7778125028902 18.7665937393322 19.8551042421314 20.984947950036 19.9511562533056 20.2919791881141 19.6624062152696 20.6515417066403 20.5864791986435 17.6986874937235 14.3045937025574 14.4413645798195 16.203781256685 16.8535728408133 17.9998957831922 18.427583309783 17.7313229130257 17.7316146130324 18.4040833580269 17.3392395811776 12.1176249792528 14.6529999670444 14.7832916314122 13.711000013204 16.4015625035383 17.4602500111156 18.0486771097252 23.2605104297399 24.1179375338058 16.9913645590267 10.4523958567297 14.1146458282989 20.3382187800016 23.215208315601 24.3308957790335 25.0363749650617 25.4247187885145 25.5227916700145 25.4436979616682 25.2998332132896 25.3047291773061 24.8915833756328 21.9303541122936 18.3292500298703 18.6441354401856 17.6208646131781 15.7745728867594 13.9709479131658
22.2786354850978 21.3883229396694 20.8682811859265 21.7356667078129 21.2308958087233 21.3793541365497 20.7797083406282 21.3165937283484 21.6909270451482 20.4852708260247 20.134073003137 17.7374166216857 15.0553124738556 17.2523020488588 16.8373645904163 18.5731354325932 19.7359062699252 20.6136145797015 20.9076562044987 19.261906281555 18.3443437357031 19.1922708204559 16.9901146076542 13.082979164115 15.7623020870184 18.0611250075502 19.3217500433481 23.3939479502539 24.8861978886028 23.1222083466128 17.3715520934202 11.0485624903037 16.4262395719294 21.0293541910748 23.2155728787184 24.4751666858792 25.1524479053915 25.5255938284099 25.5443332903087 25.4269999576112 25.077416708072 24.5441457914809 22.924656230025 18.5551457672263 19.0845311648445 18.5331042335408 17.5491979263364 15.3170000209817
23.5865000179037 22.8172396460238 22.43012494167 19.4345416545984 16.6336666459295 19.3862916558137 21.1386979166806 21.9349791697467 22.2704896645931 22.5871875014467 21.2096665984112 18.483093736344 19.1329583613648 17.4643957641468 17.1400416551429 19.037052084847 21.0888020948817 21.3029583229994 22.3183958592514 22.615406209603 22.1638854133586 21.3457395508885 19.5060728699512 17.4271144772356 16.9565208565715 19.7558333318642 23.303791642189 24.4305208623409 25.4575104167064 24.8731458410621 23.884177039067 20.4338959082185 16.5184062415307 18.3077291587348 22.1642708449314 23.7412083384891 24.6002292372286 24.9781770991782 24.6767812681695 24.8672812891503 24.3893124541889 23.7453957771261 23.5591562632471 21.2823125254508 19.4151354131172 19.0412604125061 18.7487604236812 17.989645885973
23.6490416989351 23.3248958475888 22.3322083465755 23.1192604036381 22.2616666699372 22.8552604227637 22.8804166978225 22.1163541341666 22.0189165771008 21.7640104688083 21.5303854119653 22.0368124606709 22.5308333144834 23.0506667241765 20.4406145795559 19.8285937584393 23.0282812037816 23.1021353552739 23.3239583124717 23.5457292124629 22.1951770757635 21.7029166563104 20.0741979426627 16.4445417249323 19.8702396284401 22.9374375343323 24.8503125496209 25.3569270546238 25.7315937578678 25.7544687700768 25.3495208422343 24.3604270319144 23.7229583064715 22.536479174858 21.6125729363412 22.567802052324 23.2567812564472 22.6773333077629 22.8810103796422 23.9990624512235 23.1735936937233 21.7518645453577 22.3993958622838 22.7389375269413 19.4382604028797 18.4110208132188 19.3141145921933 19.602562515686
24.4295104083916 24.1679270683477 22.8072499729072 22.8980416171253 22.4100000066683 23.2571562413747 23.3314791750163 22.4263646099716 21.4757187804983 22.9398437558363 23.3100520626952 23.6358437190453 23.4907916424175 23.5817917038997 23.9951562782129 23.9321562753369 24.7643437733253 22.0337395710327 20.0712604128251 22.3806145687898 22.0950624595086 21.3204479720443 19.5429583719039 19.6137395929739 23.2058854227265 24.4043229408562 23.6461458355188 23.8213645946234 25.4007812862595 26.2464479704698 26.2193646182617 26.0673436919848 25.9931040902933 25.7827082971732 24.8003749785324 21.7459895182401 21.813760422791 21.9021875647207 20.2363229092831 22.3674375688036 22.3412604487191 18.6461458754493 17.7262604427136 21.8618749951323 18.5881354345474 18.6556562754243 19.199041671903 19.7020729533397
24.6192395854741 23.8722812117388 24.144437501207 23.5783124519512 23.5134687411288 23.6932708987345 23.2412916515023 22.226218768085 22.0327499847238 22.8070833648865 23.815406255424 24.8228437577685 24.7999166411658 24.3267292417586 23.7186248898506 23.3217708381514 23.4589792372038 21.6754374432688 19.9256041121359 17.0549062516075 17.943375033375 20.2325312236014 22.8415313276152 23.6986666694283 25.0066562791665 25.4608645762006 24.6833749674261 24.6037916044394 25.6420937801401 26.298916640381 26.4805520797769 26.8424583797654 26.8839791466792 26.7778854022423 26.5895312651992 25.9404791196187 24.8938750041028 24.8608749868969 24.5654895628492 22.8781874508907 22.426406233261 20.8616041525577 20.7911145702625 23.5197187208881 21.2011354655648 19.7761145773499 20.2767708737714 20.5082291482831
24.5205416598668 23.9024895423402 24.2302708122879 24.1520520461102 23.8754791946461 22.6304166413223 23.0578646076222 23.2348750314365 22.7248645865669 21.6287500325513 25.0787395723164 25.0542917301257 24.8801979484657 23.5911354248722 22.933281266441 23.028093714267 23.9534271868567 21.8701354416941 22.5442083875338 24.028916661938 23.6779478887717 23.9480520971119 23.8942604338129 24.3766875403623 25.236406289041 25.5304374620318 25.2185312236349 23.9173646457493 24.8796562651793 26.3266041974227 26.5577083975077 26.9637916535139 27.101083320876 27.1369583755732 27.2726250340541 27.3220207939545 27.2441042313973 26.8377395272255 25.8293020501733 23.9162083143989 24.3681145533919 24.2370520755649 24.891604150335 25.5022499673069 24.2867187733452 23.2997708177815 22.3555729202926 22.0725624673069
23.7420729196941 25.0391771700233 25.2418750176827 24.8197188129028 23.4517812024181 22.9061354218672 22.3884271162873 22.5330833029002 23.1212708310535 23.6214687855293 23.2116145243247 24.5820833829542 25.3000520728528 24.6784375036756 24.6940728910267 25.1871979236603 25.5145624553164 26.188322921594 25.4004583458106 25.4457500949502 24.6082603794833 24.8225312878688 23.7257291842252 25.7180103932818 24.970520876348 24.84320833534 25.5122603749235 25.0066666367153 24.4378541695575 26.4532812386751 26.8375832612316 27.0069166272879 27.1175624753038 27.1655938252807 27.1737186511358 27.3194895163178 27.3799896041552 27.3238645891349 26.5789687571426 26.5363854467869 26.6014063085119 25.8997812519471 25.8680833565692 26.4963125425081 25.7030104398727 25.1603125544886 24.1903228970865 23.2442083004862
24.3038541624943 24.7089687616875 24.5626979743441 24.1226041788856 22.2649271351596 23.0123542034999 23.9836354056994 24.0636666876574 22.5690208195398 23.6096978727728 23.2360312789679 24.7123333259175 22.6665624908637 21.8007187830517 25.5153541577359 25.5543646216393 25.3540729085604 26.1262917046746 24.0871458109468 24.3825625193616 26.4955208053191 26.6801561638713 26.7760312234362 26.5912396286925 25.7799271245798 26.0790416200956 25.0824687977632 26.1283749689658 25.3417812424401 26.3521979252497 26.7402812093496 26.981114645799 26.9737083216508 27.090104157726 27.1956770569086 27.348593706886 27.3212499891718 27.1921562502782 27.1574791135887 27.1124895686905 27.1465208741526 26.6436875388026 26.901364573588 27.0789792339007 26.6709999789794 25.4667812859019 25.804958306253 25.106572881341
23.7661354523152 23.5369895398617 24.5540312814216 24.5391458794475 24.9813124618183 22.7722291825339 22.4672812179973 23.6363021091868 23.7765416459491 24.3157707924644 25.5278749652207 24.9195207903783 26.1536875168482 26.2292916600903 26.5438749839862 26.3725103611747 25.6630207933485 26.2464374924699 26.5786041592558 26.634282104671 26.7450172429283 26.8444973280032 26.7908853814006 26.8459583719571 26.3577188253403 26.1477500001589 26.1320521235466 25.5026457880934 25.0769062290589 25.2719583387176 26.2374999796351 26.9382396265864 27.1771666109562 27.4978437448541 27.4399791633089 27.3203646788994 27.2560729061564 27.1193437414865 27.1912083451947 27.0111250020564 27.0970520389577 27.2130103347202 27.3774166405201 27.4820832858483 27.2659999703368 26.8629791885614 26.8521459450324 26.3583958459397
14.7531623144945 22.2755109953384 25.2651671196024 24.4163332891961 23.7270415890962 25.1979479690393 24.9819895327091 26.0003750150402 25.7715833534797 24.8488333082447 24.0863958516469 24.6272187381983 24.1088854391128 25.6080625032385 25.2421770778795 25.8576666389902 26.5584927350283 26.8982041552663 -1.7e+308 -1.7e+308 -1.7e+308 -1.7e+308 -1.7e+308 26.8066455796361 26.7478333388766 26.1463854263226 26.26663539807 25.3427084237337 22.5374271155645 23.4774895937492 25.0729375133912 25.7948749313752 26.5662396426002 26.9847396562497 27.4700208803018 27.5081457818548 27.4189374794563 27.361885368824 27.337437423567 27.3467187831799 27.4701771040758 27.2953541278839 27.2600625157356 27.2471041257183 27.1856041749318 27.0678124253949 26.7976354074975 25.3925208685299
-1.7e+308 -1.7e+308 -1.7e+308 26.1371692580481 26.0930416534344 25.6881353681286 25.5306874749561 25.671437472105 25.0655416771769 25.7942082857092 24.8713228789469 25.8987396111091 26.7800625388821 26.8966562549273 26.7448125382264 25.0529426808158 25.1074907407165 16.8152968361974 25.2319066102306 13.421380110085 -1.7e+308 -1.7e+308 -1.7e+308 13.3630504483978 26.8389991223812 26.6865416417519 26.1481250450015 24.8005104375382 21.2730312297742 20.7412812694286 22.6530937552452 22.4989479420086 24.6795937642455 25.1570624609788 26.1891979376475 26.6033749456207 26.8821145892143 26.9683124994238 26.3156042173505 26.2571666762233 26.7365208764871 26.5563645511866 26.4241145377358 26.3321458362043 25.6854478654762 25.2121145240963 24.4433437362313 22.8542187735438
-1.7e+308 -1.7e+308 -1.7e+308 13.3721403256059 21.4308293213447 19.7205309147636 17.9073186963797 21.8539668718974 27.344096245865 27.2156249483426 27.141864563028 26.5377916693687 26.421838482221 16.3987433264653 18.5742668857177 21.8077908779184 26.8788239061832 25.2376062820355 -1.7e+308 -1.7e+308 -1.7e+308 -1.7e+308 -1.7e+308 -1.7e+308 23.4884640946984 26.2982083161672 26.0863333866 24.3183124810457 20.3607291622708 22.4239479055007 22.7650311551988 22.316020861268 23.1076562404633 23.0815937717756 23.8485312995811 24.8916771089037 25.80414583534 25.2582082996766 24.412802045544 24.6008749802907 25.2994999761383 25.1029375456274 24.8913332521915 24.5094687367479 22.8435416258872 21.6674062249561 21.3670729187628 21.273812474062
-1.7e+308 -1.7e+308 -1.7e+308 -1.7e+308 -1.7e+308 -1.7e+308 -1.7e+308 -1.7e+308 -1.7e+308 22.0756103545427 27.0284957463543 18.5521751046181 -1.7e+308 -1.7e+308 18.5825662935774 -1.7e+308 -1.7e+308 -1.7e+308 -1.7e+308 -1.7e+308 -1.7e+308 -1.7e+308 -1.7e+308 -1.7e+308 18.4508177489042 26.3802395140131 25.9033854405085 24.9466145783663 21.6870104384919 23.9837604078154 24.0256770427028 24.4997188225389 24.7301250224312 24.4091354509195 24.4944999913375 24.241239592433 24.2869270866116 23.2096666383247 23.1734895594418 24.3925624055167 23.4823542001347 22.0468125231564 21.9339583491286 20.6269374974072 20.4869062099606 22.5609687877198 23.9437395545344 22.6564270456632
-1.7e+308 -1.7e+308 -1.7e+308 -1.7e+308 -1.7e+308 -1.7e+308 -1.7e+308 -1.7e+308 -1.7e+308 -1.7e+308 -1.7e+308 -1.7e+308 -1.7e+308 -1.7e+308 -1.7e+308 -1.7e+308 -1.7e+308 -1.7e+308 -1.7e+308 -1.7e+308 -1.7e+308 -1.7e+308 -1.7e+308 -1.7e+308 20.2853300397595 26.9855417038004 26.1297812238336 24.6926667143901 23.766635393103 24.9047604228059 25.0168749814232 23.9892604450385 24.8826145902276 25.8565937529008 25.692000011603 26.1398958389958 26.0897708882888 25.5887811978658 25.7971979329983 25.6394999523958 24.9556875402729 24.7552500267823 24.8240312834581 24.0231665956477 23.8493958202501 23.9393750627836 24.6331458042065 23.9104999601841
-1.7e+308 -1.7e+308 -1.7e+308 -1.7e+308 -1.7e+308 -1.7e+308 -1.7e+308 -1.7e+308 -1.7e+308 -1.7e+308 -1.7e+308 -1.7e+308 -1.7e+308 -1.7e+308 -1.7e+308 -1.7e+308 -1.7e+308 -1.7e+308 -1.7e+308 18.0616857334971 24.4905003160238 -1.7e+308 -1.7e+308 -1.7e+308 -1.7e+308 27.0733719641964 26.3667604078849 24.9254063268503 25.5402291963498 25.3153645892938 25.6543541997671 25.0343750417232 25.8888437201579 26.1643020535509 26.0573541422685 26.5751041769981 26.8266041403015 27.0364375412464 26.8742812176545 26.932447878023 26.9658229102691 26.1079270591338 26.0340103631218 25.9312395378947 25.4530312443773 25.4516249522567 25.7467187643051 25.2825312813123
-1.7e+308 -1.7e+308 -1.7e+308 -1.7e+308 -1.7e+308 -1.7e+308 -1.7e+308 -1.7e+308 -1.7e+308 -1.7e+308 -1.7e+308 -1.7e+308 -1.7e+308 -1.7e+308 -1.7e+308 -1.7e+308 -1.7e+308 -1.7e+308 13.0561274041732 25.1452760485311 23.1225838561853 -1.7e+308 -1.7e+308 -1.7e+308 -1.7e+308 25.3649992272258 26.8031354049842 26.2076875319084 26.2990312402447 26.3979375362396 25.5888854389389 25.1132812599341 25.4049062977235 26.1825312674046 26.0515937184294 26.5422499775887 26.9481249898672 26.9807187045614 26.7449270859361 27.02545833836 27.1704791386922 27.2201459109783 27.142395824194 26.7691978986065 26.5341041882833 26.500864615043 25.2813229039311 25.6463332921267
