WorldClim_2.0_rasters/WC2.0_bio_02_16.asc
NCOLS 642 
NROWS 378 
XLLCORNER -19 
YLLCORNER 19 
CELLSIZE 0.166666666666667 
NODATA_value -1.7e+308 
[rows 126 to 146 of 378, columns 528 to 575 of 642]
8.87772913525502 9.03008324777087 8.97299988536785 9.14266659831628 9.44110414277141 9.60041672550142 9.71816667627233 9.77152081159875 9.71624993123502 9.75822917708623 9.64495845197234 9.59239588179723 9.68535413456751 9.691937440805 9.73860408066927 9.77310402916434 9.73193748186653 9.78274984618959 9.83087494426096 9.82191655544254 9.77727076686764 9.69391656708952 9.66435410404423 9.65760417926746 9.65929168385143 9.65160411681669 9.54372929028856 9.54308343604983 9.5024584052541 9.36012500693323 9.43904166730742 9.39652085335304 9.40875010968496 9.45787501645585 9.39772906495879 9.42143742740154 9.43316663770626 9.38556259016817 9.31256249112388 9.31552093460535 9.19910416115696 9.26306248006101 9.23622916033492 9.07679166675856 9.06777078076266 9.11881245626137 9.43891651835292 9.20102076930925
9.05847912095487 9.21645825138937 9.16735415222744 9.05408329889178 9.07595836898933 9.34872910395885 9.72974999171371 9.72118747676723 9.63141664528909 9.67133330615858 9.66856244771043 9.72345828102455 9.79162496314772 9.8125416499582 9.78610414200375 9.76993746287189 9.77504166500876 9.80645830983607 9.87279156036675 9.89677083069303 9.88060413211739 9.85324993287213 9.70437501567115 9.63616678247248 9.70543756692981 9.67762507520577 9.68102080596145 9.61637499389083 9.58531251657405 9.40854173591651 9.3113125153177 9.33291666337755 9.39200003289928 9.46025001940628 9.40025003037105 9.3838542268301 9.46074995708962 9.40610413765535 9.4008541983397 9.48312516448398 9.44185417455932 9.34702084368716 9.43552091360713 9.3668332194599 9.37783329188824 9.29541672207415 9.29108339481172 9.32989582019945
9.10927076575657 9.18708322880169 8.96283335114519 8.90758340929945 9.13477091429134 9.21724993859728 9.62245826516301 9.73166667949408 9.75293758464977 9.712729162847 9.75602084076187 9.80843749449317 9.9269999928462 9.94202084796658 9.88372933072969 9.87691680564846 9.87418754623893 9.81189579162067 9.91295840053741 9.92470839176288 9.95208331011236 9.85954164529297 9.89322916678308 9.81675000487788 9.92993748516892 9.91252078690255 9.88914577818165 9.82249991626789 9.59881247175993 9.39537502962048 9.26745828600057 9.32106255093822 9.33133340999241 9.27791657826553 9.35683332725118 9.35937505882854 9.35175006246815 9.31624998586873 9.36424998465615 9.44731247863092 9.36635416206749 9.3736041970551 9.47991666042556 9.47875002026558 9.52477088104934 9.5117707971173 9.75683329300955 9.70370826738265
9.03897918201983 9.15539589213828 9.22845843061805 9.40816666744649 9.40824992333849 9.31095830506335 9.46695830579847 9.56749999693905 9.62383334928503 9.6405416696798 9.72739584394731 9.69720838412953 9.89320846872094 9.94347915876036 9.96179172125024 9.97287507786193 10.0127708283835 9.99137498943795 10.0857501011342 10.0420624853602 9.9851874903931 9.93841661473562 9.97406253563289 10.0234375524645 10.0039792276608 9.9291041624189 9.84666669927537 9.68535425268541 9.56054160917605 9.41702081713204 9.36912497583156 9.25650006447298 9.33141664213569 9.3919791507069 9.40074996246646 9.42691664258018 9.37925007295174 9.31518758383269 9.34875005856156 9.46335406052336 9.48829163972793 9.41722910948253 9.40437506853293 9.45766672460983 9.55062502979611 9.66774985551213 9.84289583206798 9.95497918361798
9.33616657430927 9.50656254341205 9.5322709598889 9.44345835596323 9.48935415223241 9.37620833640297 9.49089589466651 9.51747912401333 9.6396458609961 9.71281250255803 9.77393764063406 9.8123127069169 9.86520843673497 9.98037509154529 9.97410425916314 9.95991662920763 10.0411874757556 10.009104190632 9.98685416796555 10.0522708355177 10.0585001028376 9.94387505100409 9.87643746148872 9.85243759350851 9.8230834021233 9.74387507311379 9.70716663294782 9.59360419873459 9.55641663282101 9.4502499565715 9.37727085997661 9.33712497105201 9.46208340634863 9.41385413118891 9.45133332041102 9.4507082925702 9.41256247805965 9.41787505827961 9.45387495130611 9.41583332931623 9.43762499272513 9.52939575894076 9.4648123797427 9.62043747187272 9.55204164368721 9.61754168391538 9.70864568759377 9.78810406460737
9.41206241957843 9.48006253999968 9.53095839110514 9.63131262113651 9.53768749038378 9.50995835848153 9.55154169288774 9.52606246837725 9.53570823185146 9.63860419858247 9.71308343236645 9.71299998617421 9.82779170324405 9.91937516101947 10.0341042156021 10.1050000061126 10.0752499975109 10.0551874997715 10.0798332846413 10.0437916394634 9.9816043015259 9.8452501220939 9.77941674226895 9.77427087693165 9.8572499876221 9.82937498778726 9.84777089216125 9.82935414595219 9.81193757638296 9.46754168377568 9.53068761372318 9.3866666740505 9.56508339003388 9.4808333190158 9.45152076952703 9.47906248510602 9.4236041272549 9.39752080365239 9.30993746214275 9.38450012288134 9.45183326794601 9.411000003558 9.52572912913456 9.55374991695377 9.58897908918637 9.78406251095779 9.75037489812045 9.73645828198642
9.23874995795389 9.23633341677487 9.42831245685617 9.49622907737891 9.54339578871926 9.54952090171476 9.4731665480261 9.55595816858113 9.58264579996467 9.5939374845475 9.65020823416611 9.70066657538215 9.84554166222612 9.93562501265357 9.88114594078312 10.0194167407074 10.0236042759692 10.067958319094 10.0439791946361 10.0390833417575 9.99145828932524 9.99324996008848 10.1103541812627 9.92724989587441 9.98656234152926 9.99868738061438 10.1186665863885 10.1247917184567 9.87283333949745 9.53372918472936 9.55775000907791 9.66124998312444 9.77168745427722 9.56564583722502 9.68029168659511 9.58322929493928 9.49518763491263 9.47489590880771 9.4417083216443 9.41329163103365 9.46662503799113 9.49552081564131 9.42637507314794 9.32131257886067 9.3817708765467 9.41827081322359 9.45943758140007 9.41666663810611
9.34629162649314 9.41541661632558 9.43656249220173 9.46618738770485 9.57922902951638 9.56912504447003 9.55370834593972 9.620166759938 9.6589375504603 9.72939586391052 9.81029162680109 9.93943749337147 9.91556252073497 9.83177082551022 9.86145832017064 9.89958338594685 9.9762500571087 10.0196667262353 10.0637501079279 10.2350207807807 10.1435624943115 9.97681244090199 10.4554375692557 10.1189375023047 10.4947917493167 10.4017916843295 10.039249949002 10.3033125220876 10.0942499512263 9.93058329968092 9.85054165803983 9.96072920803757 9.86020833440125 9.62637509576355 9.69577087644333 9.59691677133863 9.4707501566348 9.55279170450134 9.53656252473593 9.50247914142286 9.51918748316044 9.51018750217433 9.47779177036136 9.49285430725043 9.42591668122138 9.43925015527445 9.35643751608829 9.32129164645448
9.43010425257186 9.42847922009726 9.35364588225881 9.43058329944809 9.57366659678519 9.63962497500082 9.66212496906519 9.73574999471506 9.88079167933514 9.91152086947113 9.92208328408499 9.98520826424162 9.99731247468541 10.0180833246559 10.0496458501245 10.0486250538379 10.0573750163118 10.0234374804422 10.0177708684156 10.2580208450866 10.3093125211696 10.0535208713263 10.4919582980801 10.3580415977631 10.8595833647705 10.6324999457768 10.3199374737839 10.3207291800936 10.2418749914505 9.94160419361045 9.80997918406502 9.9333541005229 9.98208351060748 9.83581256594819 9.54079181266328 9.55197928287089 9.57439590866367 9.57579177400718 9.63316662656143 9.59118751715869 9.56962496399259 9.53624998824671 9.50408330590775 9.46187497364978 9.50641672220081 9.49610424848894 9.40089585476865 9.41320833160232
9.35177085672816 9.35718766848246 9.41160432559749 9.479687611262 9.51735415682197 9.61583324956397 9.61397917754948 9.69154175991813 9.8289166384687 9.81777080520988 9.83597917978962 10.0033333161846 10.1376875173301 10.0810624677688 10.0464166738093 10.0923125781119 10.2019375748932 10.2182710040361 10.1772292073195 10.0989167743052 10.195270916447 10.1164375276615 10.2108750905221 10.4428957631656 10.7950416490979 10.727749897138 10.5848957650984 10.4325208423349 10.4209999301626 10.3091666408194 10.220374947569 9.90752084320411 9.77475001756102 9.79458335756014 9.67339584976435 9.655750013267 9.67864581507941 9.63579162800064 9.6249166065827 9.59612501692027 9.57587493397295 9.56495840226611 9.53608333567778 9.56979168144365 9.58620833978057 9.58095842848221 9.54281245327244 9.57266667081664
9.19495838818451 9.23050001636147 9.36312496910493 9.3139584393551 9.41414597195884 9.58820833141605 9.54772912276288 9.59966662153602 9.692395835494 9.69508338719606 9.86316672960917 10.0083959295104 10.0630626225223 10.1567707570891 10.1175207753355 10.023833399949 10.0696249905353 10.1152707633252 10.1514166168248 10.1857082747544 10.1809584166234 10.2961667586739 10.6365207514415 10.7241665581241 10.8444166484599 10.7216249064853 10.5525207367415 10.6491457754746 10.5876874681562 10.2635624706745 10.2896250143337 10.1017708474149 10.032625021413 10.043020894751 9.92895842902362 9.86310422110061 9.82281247557451 9.80397916119546 9.71277081469695 9.64283330955853 9.58185411896557 9.54406251292676 9.55456245224923 9.57331249366204 9.68147907095651 9.65385403235753 9.67704155606528 9.6523124879847
9.30229157209396 9.28545828660329 9.35108331156274 9.41837504940728 9.47956249117851 9.61231252426902 9.58193757198751 9.66052081994712 9.64260404432813 9.77783325811227 9.90212491589288 9.96341659501195 10.054916707178 10.154312459752 10.2134999902919 10.2815416039278 10.2417083655794 10.2857291378702 10.2432082481682 10.1770416274667 10.2107500104855 10.2906666879232 10.4176458663618 10.2921667828535 10.5277916238022 10.5504999062978 10.6248956938895 10.5715832500719 10.3856457804019 10.3035001130775 10.4060209126522 10.2448958825941 10.2165417916452 10.1610834272578 10.1228125517567 10.029374997442 9.89418745692819 9.86560406163335 9.80543737765402 9.69256252081444 9.66768746947249 9.60456237631539 9.64649993615846 9.62977077315251 9.65820827459296 9.69887495910128 9.69404162218173 9.65610408658783
9.26618747537335 9.30520828006168 9.28331240825355 9.4037082840999 9.47058325136701 9.52774999042352 9.60899999241034 9.64568753602604 9.77543749970694 9.84258325522145 9.91270831227303 9.97181230783463 9.96802079242964 10.0718749668449 10.1121041861673 10.2451042340448 10.254666659981 10.2611666005105 10.3111874336998 10.3246874281516 10.3798123809199 10.4995416374877 10.410083274357 10.354583343491 10.399333278959 10.4619791023433 10.4929166982571 10.3948958773787 10.3838749984279 10.3964792334785 10.4115624533345 10.2391459501038 10.2873333763952 10.1969166596731 10.1804582985739 9.9886458395049 9.97299985215068 9.88268737805386 9.82979150768369 9.73927077278495 9.73660411499441 9.74672906411191 9.74893742923935 9.73602080779771 9.76060417977472 9.79733336903155 9.68575001383821 9.63341650304695
9.06533341233929 9.18566695041955 9.32106258471807 9.33231256405512 9.44006254710257 9.51662492441634 9.61266668202977 9.72352084455391 9.82956259325147 9.79343753991028 9.86802090331912 9.91539590743681 9.97341660782695 9.9649165974309 10.0534582690646 10.1583957690746 10.1297082814078 10.1542708662649 10.3244999498129 10.3573958662649 10.3639166280627 10.4593958382805 10.4594165900101 10.4959790756305 10.4842916876078 10.5010624394442 10.4517916254699 10.4157706977179 10.3399582952261 10.3540624262144 10.32354167973 10.2738958805179 10.201520887514 10.2602083198726 10.1897917166352 10.0816458848615 9.97070835810155 9.91860414234301 9.8864374520878 9.87299991461138 9.8140624233832 9.79783332161606 9.71500009670854 9.72179173119366 9.77960424311459 9.788020869717 9.64793751947582 9.69304150467118
9.20356256204347 9.16227088992794 9.23979185086985 9.32545840491851 9.41479161133369 9.5197499524802 9.62570831241707 9.67987500938276 9.7887292218705 9.86520842524866 9.86883334256709 9.96297924096386 10.0165626288702 9.99935418056945 10.0131666349868 10.0451665911824 10.1235205891232 10.3165832025309 10.2453541047871 10.2365624985347 10.2842291661849 10.3413540925831 10.3531457589318 10.4688125420362 10.4244583422939 10.4781874706969 10.4203957809756 10.3823124896735 10.3622499741614 10.3149166100969 10.3672290972124 10.2866041852782 10.2814374653002 10.2817915215467 10.2277708289524 10.1557916769137 10.0612082798034 9.97435421434542 9.97345834349592 9.97514588137467 9.9042709103475 9.89239585710069 9.8580416465799 9.85160420524577 9.84287504665554 9.79254173549513 9.81229173019528 9.83129165632029
9.40883330069482 9.38918739991884 9.3799166145424 9.26897912472487 9.37283329231044 9.51508339618643 9.60343748517334 9.65702075945834 9.71241664265593 9.86029162009557 9.94154159848889 9.97335422535737 9.97197920580705 9.99833331195017 10.0267293012391 10.0899374857545 10.1365416757762 10.1799999432017 10.2525624042998 10.2711250185967 10.3080624820044 10.31910417974 10.3070000006507 10.3520000316203 10.4372292334835 10.6386666720112 10.4810835383832 10.3891875067105 10.3623750067006 10.509145811821 10.3177917233358 10.2770624899616 10.322208267947 10.2968541706602 10.3085623675336 10.2044373701016 10.1041458081454 10.0892707929015 10.0593749595185 10.0301874106129 10.0124374032021 9.97941665351391 9.97550000064075 9.93389581392209 9.88843747787178 9.81279164925217 9.8392083744208 9.94191673273841
9.30568747657041 9.22018744858603 9.33570835677286 9.34310426687201 9.42231250864764 9.51256256178021 9.59391673716406 9.60777072111766 9.71012482109169 9.80122918076813 9.87120830950638 9.8918332606554 9.94827074060837 9.97612502550085 10.0442500586311 10.0380625575781 10.0868959991882 10.193770961836 10.1854793143769 10.1817291670789 10.2518541334818 10.2725625298917 10.2860209432741 10.3238750298818 10.5452291875457 10.3597499703368 10.4187500287468 10.4344584116091 10.3980626141032 10.4475417832534 10.2882291687032 10.3856250680983 10.369729106004 10.3182499992351 10.2813958308349 10.2237082614253 10.1505832684537 10.1158123612404 10.1071457993239 10.0942707235614 10.0544374510646 10.0043749542286 9.99227092477182 10.0204999918739 10.0399999655783 10.0067499633878 10.0342083082845 10.081999955078
9.16029161773622 9.23389587613443 9.26445830923816 9.31187502356867 9.36695845797658 9.4186667582641 9.58145837175349 9.62387499772012 9.70356249374648 9.78668764792383 9.84795836235086 9.86675008075933 9.98397923074663 9.9822291781505 10.0103748583545 10.0331458213429 10.0196041402717 10.105187498033 10.1328541773061 10.1497709155083 10.229833430921 10.2194791889439 10.2473749307295 10.3723124768585 10.3461875207722 10.4098957572132 10.3607082497329 10.2840417710443 10.3253750770042 10.3521459164719 10.3030833949645 10.3292708471417 10.329416650037 10.2991041777035 10.3014999758452 10.2466875513395 10.2380416554709 10.2322499571989 10.2409791840861 10.1216665909936 10.0803332713743 10.0907083377242 10.1042291851093 10.1875416220476 10.1641249277939 10.2045834157616 10.2551874816418 10.2411042427023
9.24404165179779 9.30183333531022 9.40922927918534 9.4834792042772 9.51925004615138 9.58566663445284 9.63408326699088 9.70504161032538 9.74652092065662 9.78264576382935 9.77279163834949 9.83268746174872 9.95608340514203 10.0082083661109 9.99843764429291 10.0348958900819 10.0742708550145 10.1285416912287 10.1161874489238 10.2450626216208 10.3392918019866 10.3953543516497 10.2741459722941 10.285375042508 10.3242082999398 10.3082291263466 10.2909165887783 10.2947706679503 10.3077916167676 10.3975834014515 10.3429374750704 10.331583329166 10.3385833557695 10.4025416808824 10.3402707098673 10.2934998019288 10.274208329618 10.2486666838328 10.2067707100262 10.1560415787001 10.157520737499 10.1676458337655 10.2315625858804 10.2439999878407 10.2219582814723 10.2498125663648 10.2996251098812 10.3825000679741
9.32352077277998 9.38629172338794 9.47575000518312 9.51747914683074 9.56172913995882 9.65650011443844 9.68670845093826 9.79860423939924 9.8496666867286 9.80420839538177 9.83014576975256 9.87414585240185 9.8721250416711 9.95539593137801 9.97829179093242 10.0565626273553 10.1296668018525 10.1946249883622 10.2650208584964 10.4177707893153 10.4436668101698 10.4903334211558 10.4211042970419 10.4051667843014 10.3769167906915 10.3645835518837 10.3323958438511 10.3790416785826 10.3255833083143 10.3396666937818 10.3152292196949 10.3262915518135 10.278729043901 10.3298749451836 10.380187443768 10.3380623155584 10.2345415782183 10.181833340476 10.24816652822 10.2609165590256 10.1927290863047 10.2390000509719 10.2939792250594 10.2737916652113 10.3316042261819 10.3230207990855 10.3683541212231 10.4488958821942
9.419916681014 9.4158749456207 9.63877089476834 9.5833332715556 9.51039581870039 9.59179167325298 9.70808330023041 9.67404167881856 9.36745839441816 9.50352088920772 9.88610415626317 9.92206249696513 9.96177083843698 10.0297709802787 10.0811251240472 10.1313126506284 10.1859585698694 10.2582084340975 10.3327917077889 10.3688126197085 10.4248541494211 10.4307917018111 10.4475208049019 10.4067082100858 10.3937500237177 10.4249376012012 10.3131876730671 10.2982917477687 10.2711458231012 10.2360833225151 10.3593332692981 10.4223540965468 10.363374878342 10.3666873065134 10.4479165015121 10.333624869585 10.3441041180243 10.2737915758044 10.2795415731768 10.2900416329503 10.2683750645568 10.2525834317009 10.2381459747752 10.3151250239462 10.3768541589379 10.3772291056812 10.3933957672368 10.4323749815424
