WorldClim_2.0_rasters/WC2.0_bio_01_16.asc
NCOLS 642 
NROWS 378 
XLLCORNER -19 
YLLCORNER 19 
CELLSIZE 0.166666666666667 
NODATA_value -1.7e+308 
[rows 231 to 251 of 378, columns 480 to 527 of 642]
11.4241770657451 11.1656041362245 10.8830936640928 10.8577707813432 10.876437483028 11.2488021223786 11.5876979197298 11.7322291498228 11.9761979455749 12.0956144629357 12.0910728682453 11.9853541956594 11.8787187649868 11.6215000315569 11.6517603513785 11.7030728453149 11.7679062591245 11.8446770049632 11.9640103407825 12.0470416372021 12.1777187244346 12.250499918436 12.3035936765373 12.3693958365669 12.419489580517 12.3961457697054 12.3524479114761 12.3840000517666 12.4062499674037 12.4163229679689 12.4255729379753 12.4067708297322 12.3995520751923 12.4246459187319 12.4341563194369 12.4621563355128 12.5273021698619 12.4944895785302 12.16389581499 12.1651562253634 12.2958020890752 12.3412812228004 12.2676666410019 12.2356875147671 12.2937396187335 12.1046562368671 11.7953333243107 11.3877812046558
11.2157708941959 11.1821667344387 11.134937480092 11.1442812200791 11.123812474388 11.6393750078666 11.9688645343607 12.0819896161556 12.3001874530067 12.3184375607719 12.190291657423 12.0240520744895 11.9067916258549 11.6890000232185 11.7373854553637 11.7931040981784 11.9858540836722 12.035427021794 12.1246561973045 12.2303228462115 12.2633229171236 12.3897707648575 12.4449062210818 12.4919583983719 12.5288854899506 12.5394791690633 12.5290416621914 12.5176041880622 12.5172918047756 12.5229271855205 12.5285936910659 12.53677082931 12.50805209515 12.5062500700975 12.5243021789938 12.5581250721589 12.6168021196499 12.7487709065899 12.5461666124562 12.3829895288994 12.3587707929934 12.4165312750265 12.4643333274871 12.4982084107275 12.4988332946474 12.5490104071796 12.5159999908259 12.2953749885783
11.3540208703683 11.4444063272482 11.5585937070039 11.5245521139974 11.546937458838 12.228927099146 12.2516875419145 12.3366562233617 12.4700520619129 12.5075417015081 12.3307083469505 12.1815833266204 12.084916703403 12.1003124974668 12.1496459382276 12.0280208084732 12.1187499854714 12.235041614001 12.2998333092158 12.3239062236001 12.4185624861469 12.5137499043097 12.5291144947211 12.5598646430299 12.5717291574304 12.6026249974966 12.6259271418676 12.6286354943489 12.6241667519013 12.6471667050694 12.6470833836744 12.6406875445197 12.6303126603986 12.6379167092964 12.6698125706365 12.69313548288 12.7548229579503 12.9402812498932 12.9004583203544 12.8013332684835 12.5985416242232 12.5576875219122 12.5867499926438 12.6514791393032 12.5936874644831 12.718895822453 12.7160520665348 12.711343769605
11.8502604000581 11.8840103944143 11.8752708320195 11.85371874397 12.2526875324547 12.4726354582235 12.4773125350475 12.4989166598146 12.6880624663706 12.6565728019923 12.563906248038 12.5555729269981 12.3548333129535 12.395593690065 12.3185000022252 12.1200520756344 12.2357396557927 12.4348438264181 12.4835625678922 12.4985833391547 12.5365208365644 12.5925416139265 12.6399895989647 12.6713229340191 12.6856249806782 12.707020778209 12.711281260786 12.7202812253187 12.7372396343077 12.7477917680517 12.7499271252503 12.7524687893068 12.7686875065168 12.792041686674 12.8042084770277 12.8046876269703 12.9741875026375 13.1343541514749 13.1406457987614 13.0998125759264 13.011104235736 12.8762708312521 12.7932812189683 12.8193333608409 12.9207396022975 12.8914479602439 12.9252187560002 12.882614546145
12.2439478690115 12.1638020564181 12.1797083079194 12.5149895728876 12.7238229097178 12.7545937172448 12.8946875538677 13.0391563465819 12.964416646709 12.9589166613296 13.1012395688643 12.8602083871762 12.5304479066593 12.3926666224531 12.3177395991903 12.2132395620768 12.2478749770671 12.474458340245 12.594833337081 12.7053229985759 12.7828541742638 12.7261041942984 12.7840520779913 12.8020312457035 12.8128437524041 12.8121978224566 12.8435104163364 12.8481145473197 12.8527917306249 12.8544271759068 12.8716874631743 12.8851458644494 12.8993541977058 12.9112084118339 12.8917605013897 12.937354131757 13.1403124495409 13.2147708223201 13.2624375297067 13.2859167015801 13.2844687337056 13.2492292392999 13.0679687525456 13.005791674989 13.0486041698605 13.1855416198572 13.181239561333 13.128541629451
12.516802111951 12.5895832770814 12.687531276606 12.7118229481081 12.8382916832343 12.9546041314801 13.0703333141282 13.1369167628388 13.238885405163 13.2537812531615 13.3057708485673 13.2281354106575 12.8406041992518 12.7881041567501 11.9187083539534 11.7464374938669 12.2336146002635 12.4484895461549 12.6191458785906 12.9616770573581 13.0079583873351 12.9495312931637 12.9302292304734 12.9532290749873 12.9393958402798 12.9303957906862 12.9536770296593 12.968385358341 12.9443124836932 12.9547811810238 12.9737500231713 13.0015313432862 12.9928021210556 12.9857085005691 13.0091251173678 13.0476979397548 13.1503957786287 13.175895790259 13.2804895235846 13.3779270440961 13.4155832796047 13.4018020840983 13.3223645370454 13.2176250020663 13.4064062166338 13.414093728022 13.4561458520281 13.4080416566382
12.6545208152384 12.7237395830452 12.8648958615959 12.9681666344404 13.1755000281458 13.2089062165469 13.2403332777321 13.3101665743937 13.3564582628508 13.3726250231266 13.5139687199456 13.8785520776291 13.9953229335673 13.9105000315079 13.3851249638659 12.8208020948029 12.1848541476453 12.3818957973272 12.6688645811131 13.0033854406017 13.0642499706397 13.0878020947178 13.0203021666966 13.0854062093422 13.1026458921842 13.0626666902875 13.0354478590501 13.0621040814246 13.0607394177156 13.0817812713794 13.0894583508683 13.1239374944319 13.1065103920798 13.1272603445686 13.1164894987208 13.0641874087354 13.1604373459704 13.2574583059177 13.2854584081409 13.363812473913 13.5046874907178 13.5361146094898 13.5206458183626 13.4003332857974 13.4640729368354 13.5622187519136 13.6802812670358 13.5046354311829
12.7881250499437 12.9138124774521 13.010645748737 13.0913124618431 13.394812561882 13.3766979258507 13.4858645992354 13.5187395646547 13.6031875032932 13.598541612116 13.6947083035484 14.0565520805928 14.116187481782 13.8772500019598 13.8468021010437 13.6710521011264 13.3686979571091 13.6497604383233 13.4316770782267 13.2198541605903 13.2018333186776 13.1641250001412 13.1179062745068 13.1346145615292 13.1762916860171 13.1727186578015 13.1449166128101 13.1518644592725 13.1504582588095 13.1768228677101 13.2177082664954 13.2016458968089 13.192708315483 13.1600832735809 13.2336978795938 13.2202291749418 13.347062506713 13.4125209011448 13.3612395754705 13.3893854885052 13.5687083693532 13.6535311657935 13.4288333406051 13.569083341863 13.7396042010126 13.8152291787167 13.7780104060657 13.7616146197543
12.6781250610948 12.9847083153824 13.1312395477047 13.2875625211746 13.5347083701442 13.5665937227507 13.6920728897676 13.685302062581 13.7735729301348 13.9420000164925 14.0491353714218 14.1168958752726 14.4831250588419 14.3176354103295 14.3388646023038 14.3714166603362 14.325718723936 14.2761562585365 14.1531979367137 13.9912291449145 13.9210312665285 13.8409166753214 13.5957708112498 13.4295313079298 13.3847396165365 13.2889062638011 13.3777603755079 13.3704374435765 13.3784895383869 13.3443020512738 13.3642499923784 13.2690729337604 13.2858645844196 13.2291249216845 13.3485521075781 13.3045624319154 13.340395889245 13.3776979199611 13.5233333103048 13.590677088437 13.7507187562684 13.6353645396108 13.4821353858958 13.7398854154162 13.880281267222 13.82929164016 13.650458290164 13.5948645922278
12.8701249907414 12.8914167111119 13.1157291497414 13.503749950168 13.7511978911546 13.8085209814211 13.8499584104866 13.9118438434477 13.9472707984969 14.1364375807655 14.2365313729582 14.229458362485 14.380843769788 14.362458316391 14.3892083008929 14.4211041945382 14.3631249260701 14.2612708843299 14.2170834160061 14.1363333209883 13.9962708193343 13.8126250490022 13.8345312726912 13.9051250214494 13.8434166654915 13.8790729394726 13.7471667203548 13.5926667772437 13.5466250755902 13.5076458071405 13.4954687592981 13.4285625845465 13.4696978420786 13.3692395450489 13.3214688086688 13.3201875148031 13.4041770366021 13.5225104583272 13.6787812606587 13.6868124914666 13.8398958242809 13.5681666120266 13.6313749965436 13.9547188170254 13.9421667058911 13.7849687647152 13.6843541454339 13.4997812641426
13.0595625272642 13.1852604439482 13.525958289858 13.7712500050354 13.9592813379131 14.0192500699001 14.0369791706714 14.0627499897964 14.1918645716117 14.3142605234364 14.300781362302 14.3083645855465 14.4187708034394 14.5615728420283 14.3695624676378 14.3187812549938 14.2372187292591 14.1801354081666 14.1336354291755 14.1109687657251 14.0423020545083 13.9039271005119 13.8326146171651 13.8002917070504 13.8142187718671 13.8079687103467 13.7452708357693 13.762302138862 13.7780208663535 13.7168125157089 13.6588332766357 13.6379582875719 13.5828020343421 13.5821041793485 13.4504271187858 13.4496354492585 13.604270812677 13.8092187703684 13.8118540749808 13.8087604419173 13.9745104314255 13.808781246497 13.9456353977196 14.0765625576848 14.0580833726187 13.9082291865986 13.7311457893617 13.669854153976
13.0793541477372 13.5666979122907 13.8414166419146 13.9900625747008 14.0938645767358 14.1072708738502 14.1906042095895 14.2128229561107 14.360437596372 14.4272499922614 14.368343767613 14.3686457668797 14.4297291022667 14.4876041597842 14.3606458309805 14.2448541242241 14.1871458333917 14.1129687788586 13.9215728783359 13.3947812529902 12.5705416603511 12.8588541450578 13.718052118226 13.8703125230665 13.8306250379925 13.8585625172612 13.8707186938142 13.9039375024343 13.8753541406647 13.7964791764074 13.7873541310934 13.8164583400115 13.8593124869755 13.874781298285 13.8633541482171 13.846041673758 13.8692499721935 13.9600416646742 13.9653541512962 14.04856256926 14.1541770231828 14.100145805193 14.0892395566722 14.2074270631517 14.205656233223 14.0684375547959 14.1288021102858 13.9756979411856
12.79419795253 13.3751979133425 13.907333314574 14.0238021342084 14.0952708576806 14.172791679545 14.2359270874877 14.328593638648 14.4002707957601 14.388031276816 14.4011770985878 14.3856562183088 14.4116979165798 14.3248228836649 14.2604687920151 14.1685521464484 13.9744583747039 14.0115312845834 13.783687471645 13.4897083852751 13.6356979212724 13.6631457994905 13.7564583015895 13.6517916492497 13.7311979687462 13.8064688025042 13.8799687513723 13.8914894315725 13.8678749359436 13.8889167552843 13.9563646152019 14.0090103951758 14.1642499625547 14.1292708678399 14.0701353915986 14.1087708700409 14.0948229654071 14.0579167315736 14.0977292271952 14.1824271638179 14.2495625642284 14.2771041697124 14.1510312250418 14.4188646036297 14.3413853487388 14.3280936957259 14.2942083249412 14.0862604616074
13.2185833049007 13.2266666270637 13.6258228907439 13.6186250400303 13.850260420974 14.2511562004608 14.3433332755618 14.3615312672531 14.3866665544144 14.4409478802942 14.4374271137967 14.3940937701846 14.4306145364438 14.5069896574132 14.2856250167048 13.8116458394409 13.6458125493179 13.7440937426096 13.7675416849088 13.9167083493667 13.9764166581444 14.0278333276874 13.8994167092169 13.9382916251003 13.8793750004794 13.710343805297 13.8671562186598 13.9426353839772 13.9861563266871 14.0465000579328 14.1380729037046 14.2276041719597 14.2518645695915 14.3877395946377 14.3454271206477 14.3116354952799 14.4205000312844 14.3710624915548 14.2692187430803 14.2849167500002 14.3790938466943 14.3413332766698 14.180354194444 14.4076146091393 14.4770104383921 14.4790417284142 14.2781771317047 14.0840520960264
14.1064791199751 14.184301998311 13.9137083576837 13.892604182746 14.2467083505471 14.0439478899946 14.3349062356113 14.4201770358098 14.4463332965582 14.5524062838849 14.5441041549493 14.6491354631313 14.7448228468032 14.991135438943 14.5565208507857 14.0016354440401 13.8706041268694 14.0715208984135 14.1014687327358 14.24894799847 14.5202395767701 14.63544794872 14.6250416439725 14.533468753827 14.6206979493533 14.4513958435952 14.1208958088876 14.0862290678197 14.1536457919283 14.1976562541677 14.1268541594133 14.0266041711244 14.0566874781119 14.249666689119 14.3410417202346 14.4889375199564 14.6293957942786 14.659041606045 14.5598958282111 14.5424061987239 14.573604162472 14.587760471215 14.0692812842317 14.087697915112 14.1305312390905 14.3202604417966 14.3668125258118 14.1721562605817
14.2512187190975 14.3198956866593 14.3901353718635 14.410447867529 13.9828541884587 13.9950313317677 14.1909167207438 14.527864596496 14.6015730346553 14.6139270614998 14.5911875673434 14.7362291639001 14.8723541949876 15.0540937668799 14.6364687078167 14.0478125050819 13.8180729555121 13.9758437513374 14.114427127628 14.3868437261505 14.4625937915116 14.4405729013864 14.5064374801101 14.6149373680916 14.6366770594468 14.5251875585794 14.2668436813789 14.0833646669053 14.1086874917576 14.2424270821114 14.1076875327465 14.2029062675914 14.3555208339045 14.2319375604081 14.2341250355821 14.2306041815124 14.2537604192185 14.4046979364939 14.6742499865941 14.7926561815354 14.7574999677818 14.5943125366369 14.4177395491861 14.3399375307296 14.3303437687961 14.3550624590328 14.4905624820967 14.4150207892526
14.3909479645857 14.3975833926816 14.4795520505092 14.5646769357069 14.6296562543769 14.3445624798963 14.2143124437813 14.62425000368 14.6806875211963 14.7101874521468 14.67620833676 14.8210104174213 14.9298229128326 15.0019062216161 15.2071875339413 14.8795416636567 14.3461042031025 14.0305104600266 14.0787916454234 14.3339583374327 14.3485416754508 14.2167083497625 14.3279584187803 14.4252395540122 14.4380208314748 14.3226562818757 14.1872708605952 14.0789583387862 14.0318020522051 13.9415000149359 13.9490937505228 13.9450208709847 14.2074166865398 14.5338020486136 14.6696041507336 14.7978333110223 14.7166458724144 14.6161458739856 14.3425416390807 14.5797082998324 14.9101770720445 14.5891354208773 14.4708854332954 14.4631458194538 14.4453123802086 14.4983749831445 14.5413124140662 14.4984270465405
14.6051979570184 14.6195312816029 14.6580208142598 14.6517501145136 14.6831979519144 14.6885416146057 14.5725520991449 14.5709271165348 14.80562503892 14.7573125020135 14.7761145817737 14.8861457740034 15.0458750535108 15.0016146147779 15.075625022524 15.1840937096082 14.9454062552153 14.7221562222888 14.58409374995 14.6717812834928 14.6106770997285 14.4805208694985 14.4515312709809 14.4508541508582 14.4490313161708 14.2591874574622 14.0618020838447 13.7144479121004 13.8576770780686 13.7763333518912 12.9280728580585 12.4743750037499 12.0056145671406 10.7534895871455 12.4876042013711 13.874322948046 14.9253125012231 15.0598124595611 14.8126666435516 14.5444166333182 14.8316145766003 14.5783229897109 14.5521041448228 14.5616561138692 14.6118540645887 14.6934999406803 14.7406874513254 14.64908331198
14.7808645830179 14.7997395510126 14.7922811817067 14.8152292498465 14.8265104621338 14.8239269916279 14.8248333748585 14.6714270539621 14.7488853922211 14.8652083292448 14.9663020417017 15.0835728813678 15.1427394647508 14.9730104518033 14.8610833742229 14.3976770272808 14.9564375517851 14.9542812219103 14.9823229619166 14.8327812677308 14.7028750144139 14.6966666507275 14.590312542452 14.664229174261 14.6689479333387 14.2499479470825 13.9128021137925 13.281812521891 12.4677187012082 11.6120521101208 12.3749374576922 13.0196354351622 12.1162812523156 10.7174374846509 10.8732604291387 11.1188958276148 12.970427108395 14.2019479432687 14.7249582992893 15.0829374877746 14.6807604106143 14.6178332637064 14.5886875305635 14.6415936267003 14.7337292149508 14.8373541988743 14.9229583560179 14.7423958750442
14.9206666538666 14.8583854036794 14.9016354626316 14.9311146708981 14.8616249962943 14.860854188446 14.9300729198537 14.9492083580311 14.8947812316037 15.0583958371681 15.144854255844 15.2388021343892 15.3585208641198 15.4798749857982 15.4833959024788 15.3208854012385 15.1390624927347 15.2588957606737 15.1231354547199 14.9009479021964 14.8081771052481 14.7501770869179 14.7971250361103 14.7439270508476 14.7883646256135 14.532458378167 14.5290937674581 14.2444062508487 13.6827083012468 13.5989687590918 13.3552083326698 12.5716145838766 12.1040208364175 12.9142187557748 12.9680833296637 12.9133332964072 12.6936666646652 11.6467916449765 12.3432604196569 14.6606458061542 14.6811979603372 14.5913229935492 14.6473332792521 14.6788958429048 14.7448541902316 14.8271458782256 14.8793645878322 14.7704791946647
15.036426971327 15.059520816006 15.0225104834438 15.0113854265073 15.0124999021258 15.0276146574567 15.086333356429 15.1311250129099 15.2501562546434 15.2301667663232 15.2871562997861 15.3496041831968 15.4863228822845 15.5833854493297 15.5685833236203 15.5466978754848 15.4855312482299 15.4116771004628 15.2444375196549 14.5981666827174 14.4056874970386 14.4224687644746 14.5431562759914 14.8739583694066 14.7718853513555 14.6651666345618 14.47716670523 14.2393333245855 14.2553958087616 14.2028228807224 14.2710833176679 14.1508125129233 14.0568332828504 13.9710312413517 13.8622083430334 13.419197880663 13.2661562465752 13.0721145521384 13.3868750323697 13.7519583163376 14.2080833184979 14.5557395721941 14.5958124638225 14.4868020216624 14.4699478734595 14.5933333631838 14.3699270934788 13.9425208560036
