WorldClim_2.0_rasters/WC2.0_bio_19_16.asc
NCOLS 642 
NROWS 378 
XLLCORNER -19 
YLLCORNER 19 
CELLSIZE 0.166666666666667 
NODATA_value -1.7e+308 
[rows 180 to 209 of 378, columns 268 to 334 of 642]
103.8125 103.8125 103.1875 102.8125 103.5625 105.5 107.875 110.6875 113.75 117.125 119.4375 122.0625 123.25 122.625 119.25 115.3125 113.5625 113.25 113.3125 113.125 112.375 111.9375 110.1875 108.4375 107.0625 104.5 101.1875 98.5 98.9375 103.125 106.9375 110.1875 113.875 117.8125 120.375 122.375 123.875 123.625 123.25 122.875 123.0625 125.0625 129.625 135.5 135.75 132.9375 128.5625 125.4375 123.8125 122.25 121.375 121.625 120.9375 120.875 121 119.8125 119.8125 122.125 122.6875 124.25 124.9375 124.9375 124.5625 122.3125 121.5 119.875 118
105.6875 104.5625 104.0625 104.0625 105.1875 106.875 109.125 111.125 114.3125 118.0625 120.5625 122.4375 123.4375 121.875 118.4375 114.0625 112.375 113.875 114 113.5 113.0625 111.875 110 108.5625 106.875 104.3125 101.3125 98.3125 99.9375 103.75 109.0625 113.625 117.625 120.625 122.5 124.25 124.5 125.4375 124.625 124.25 124.3125 125.8125 130.375 137.625 137.3125 133.1875 129.625 126.4375 123.1875 119.8125 119.875 119.875 120.0625 120.5 119.6875 119.625 120.1875 121.5 122.6875 123.75 124.125 124.3125 124.0625 122.75 122.25 120.5625 119
107.6875 106.375 104.875 105.25 106.375 108.5625 109.9375 112.75 116 118.375 120.875 123.125 123.25 121.375 118.25 115.1875 114.625 114.6875 114.5 113.5625 112.75 111.8125 110.5 109.625 107.6875 106 104.3125 102.6875 103.625 107.1875 111.8125 116.9375 120.1875 122.6875 124.5 125.125 126.125 127.1875 126.3125 125.1875 123.875 123.4375 125.75 130.4375 132.25 131.125 128.625 126.375 123.25 119.625 119.3125 119.6875 119.9375 119.3125 118.0625 119.8125 121.3125 121.875 122.625 123.375 124.8125 124.9375 125.4375 124.3125 122.4375 121.1875 120.125
109.8125 107.625 106.75 106.6875 107 109.3125 111.125 113.875 116.3125 118.9375 121.125 123.1875 123.1875 120.75 118.9375 117.5625 116 115.75 116.3125 115.4375 114.375 112.5 112.0625 111.4375 110.4375 109.1875 108.1875 107.75 108.75 111.0625 114.375 118.5625 121.625 123.6875 124.8125 125.9375 126 126.125 125.3125 124.6875 123 121.5625 121.3125 124.8125 127.5625 128.4375 127.3125 126.5625 124 122.4375 121.375 120.25 119.125 119.1875 118.75 119.4375 120.75 122.1875 123.3125 124.1875 125.25 126 126 125.5 124.3125 122.375 120.6875
109.875 107.375 106.4375 106.5625 107.0625 109.5625 111.6875 114.25 117 120.0625 122.0625 122.9375 122.75 120.875 118.875 116.8125 114.875 114.5 115.3125 115.375 114 112.625 112.9375 113.25 113 112.625 112.0625 112.25 113.375 114.8125 117.3125 120 121.5 123.75 124.125 125.0625 125.875 126.875 126.3125 125.5 123.8125 122.375 122.4375 124.3125 124.8125 125.8125 127.8125 127.9375 126.1875 124.375 122.375 120.75 119.875 119.3125 118.9375 119.75 120.5 121.4375 123.25 124.5625 125.8125 126.125 126.0625 125.8125 124.875 123.75 121.8125
107.625 105.875 105 105.3125 106.6875 109.0625 111.3125 114.125 117.0625 120.375 122.125 122.375 122.1875 120.625 118 115.375 112.4375 111.25 111.1875 111.875 112.625 114.25 115.25 116.6875 116.4375 116.125 115.5 115.75 116.375 117.375 119.6875 120.75 121.8125 122.5 123.0625 123.75 125.625 127.0625 127 126.25 126 125 124.75 126 126.6875 128.5625 130.6875 131.4375 129.9375 127.8125 125.625 122.625 120.4375 119.8125 119.0625 120.4375 121 121.5625 123.125 124.4375 125.4375 126.375 126.75 126.9375 125.6875 124.75 123.25
104.625 103.5 103.0625 103.625 105.9375 109.25 111.875 114.6875 117.875 120.4375 122.9375 123.75 122 119.875 116.625 113.375 110.375 108.4375 108.125 110.4375 112.9375 115 117.375 118.5 118.625 118.4375 117.875 117.875 117.375 118.75 120.875 122.25 120.875 120.25 120.3125 121.25 123.5 125.0625 126.1875 127.375 128.0625 128.125 127.5 127.5625 128.9375 131.6875 135.1875 135.375 133.4375 130.5 127.75 124.9375 121.375 119.5625 118.3125 119.0625 121.5 122.9375 124.5 125.5 127.9375 128.1875 129.0625 129 127.875 125.125 123.625
102.375 101.3125 100.0625 102.125 105.0625 108.8125 112.375 115.375 118.875 121 123.1875 123.9375 122.25 119 115.375 112.0625 108.3125 106.1875 105.625 107.625 111 114.375 117.625 120.5625 121.1875 121.0625 120.5 120.0625 118.375 118.0625 119.5 119.1875 117.6875 115.875 116.625 117.6875 119.5 122.3125 125.0625 127.8125 130.375 129.4375 128.75 128.75 130.375 132.875 136.4375 136.875 135.9375 133.6875 130.3125 126.3125 122.0625 119.5 118.1875 120.6875 122.75 124.3125 126.0625 126.625 128.625 130.625 131.375 130.3125 128.5 125.5 123.875
103.375 101.25 99.5625 101.1875 105.8125 108.8125 113.5 117.25 120.0625 122.125 123.6875 124.5625 121.9375 117.875 113.5625 110.125 106.375 104.4375 104.8125 107.3125 110.8125 114.5 117.375 121.3125 123.5625 122.1875 121.6875 120.75 120 117.8125 117.5625 115.8125 113.25 111.3125 111.3125 113.0625 115.4375 119.0625 122.75 127.125 130.6875 130.1875 128.875 128.375 129 129.0625 132.1875 136.25 137.6875 136.4375 131.875 127.375 120.5625 119.4375 121.0625 122.8125 124.1875 125.25 125.9375 126.6875 128.9375 130.9375 133.375 133.5 130.4375 126.5625 124.75
105.375 104.5625 103 103.25 106.3125 109.3125 114 116.875 119.8125 121.75 122.4375 122.5 119.75 115.875 111.9375 108 104.1875 101.4375 102.6875 105.6875 109.6875 112.8125 118.0625 121.5625 122.875 123.875 122.375 120.75 121.375 117.6875 114.25 112.0625 108.5625 105.625 105.8125 108.4375 111.25 115.4375 120.0625 124.4375 127.0625 128.5 129 128.9375 127.3125 124.3125 127.75 134.0625 137.375 138.25 132.5 128.0625 124.25 123.625 123.875 124.125 125.8125 126.0625 126.25 126.5 128.5625 131.9375 136.1875 137 132.4375 127.375 124
107.4375 106.4375 105.9375 105.5 107.0625 109.625 113.25 116.5625 119.9375 121.25 121.4375 120.75 118 114.8125 110.875 106.75 102.6875 99.0625 100.875 104.6875 109.125 114.125 118.5 121.4375 123 122.75 120.6875 120 118.375 114.125 111.6875 108.9375 105.5625 102.75 102.9375 105.4375 107.625 112.3125 117 121.3125 124 125.9375 127.6875 128.5 127.3125 124.75 126.8125 132.375 135.0625 134.5625 131.75 129.6875 126.375 125.875 125.3125 126.375 128.1875 128.625 127.5625 125.875 127.5 129.5 133.9375 136 130.6875 127.125 124.5625
111.5 109.5 107.5625 107.9375 110.125 112.1875 114.6875 118.875 121.1875 121.8125 120.75 119.4375 117.25 114.25 110.6875 107.0625 103.875 102.3125 103.5 107.0625 111.1875 115.125 118.4375 120.625 122.3125 122.9375 120.625 117.875 115.625 113.5 110.8125 107.9375 104.125 103.6875 103.75 105.875 108.4375 111.5625 115.6875 118.5 120.9375 123.6875 126.375 129.0625 126.8125 124.875 127.5625 131.3125 132.875 132.25 130 128 126.5625 126.6875 125.25 129.5 132.25 131.4375 129.0625 126.4375 125.6875 124.8125 125.8125 126.5625 125.6875 124.3125 122.1875
112.1875 109.5 108.25 108.9375 110.625 113.1875 115.9375 118.5625 120.4375 120.5625 120.1875 118.625 115.75 113.8125 110.625 108.5 105.6875 104.875 106.125 108.9375 112.6875 116 118.3125 120.4375 121.4375 119.9375 116.5 113.5625 112.875 112.1875 111 109.0625 107.5 106.875 107.875 108.125 110.3125 112.25 115.1875 117.3125 119.125 120.625 123.0625 124.1875 122.75 122.0625 123 127.1875 129.625 128.375 129.375 128 126.25 125.1875 125.3125 130.1875 134.4375 136.4375 131.625 127.3125 124.5 121.5 117.625 118.0625 121.1875 121.1875 119.625
111.1875 110.3125 109.875 110.625 112.0625 113.6875 116.25 118.3125 119.8125 120.375 119.75 118.1875 116.875 114.125 111.375 109.0625 108 107.375 108.8125 111.9375 114.8125 117.6875 120.25 120.6875 119.75 117.4375 113.9375 111.125 111.125 111.125 110.75 108.375 107.9375 109.6875 111.4375 111.5625 112 113.1875 115.5 116.625 118.0625 119.625 118.8125 117.5625 115.9375 112.6875 114.6875 121 123.9375 125.875 126.375 125.4375 123.6875 121.9375 124.875 129.8125 132.875 133 130.4375 126.5 123 119.4375 116.4375 116.9375 118.75 117.125 116.5625
108.3125 109.4375 109.125 109.875 111.8125 114.0625 116.125 118.375 120.1875 120.25 119.9375 118.4375 116.5 113.5 110.875 108.4375 106.9375 107.9375 110.3125 113.75 117.5 120.125 121.0625 120.9375 119.8125 117.25 115.375 113.3125 113.0625 111.875 111.375 110.8125 111 112.6875 113.375 113.5625 114.25 114.25 114.125 116.0625 117 117 116.3125 114.5 110.6875 106 109.125 115.875 120.25 123.25 124.1875 124.1875 122.1875 120.125 123 127.3125 129.9375 129.5 127.625 125.0625 123.8125 121.75 121.0625 120.75 119.375 117 112.8125
107.375 108 108.3125 108.8125 110.875 112.875 115.125 117.625 119.5625 120.0625 119.375 118.1875 116.4375 114.25 111.1875 108.125 106.125 105.9375 109.4375 114.375 120.4375 123.5 123.0625 121.375 120.125 118.875 117.5 115.875 115.25 115.125 114.9375 114.125 113.4375 115.375 116.1875 116.9375 117.4375 116 114.625 114.4375 115.25 115.8125 114.6875 113 109.875 107.9375 109.5625 114.3125 118.1875 121.9375 125.25 125 122.9375 121.625 123.5 126.1875 127.25 127.375 126.1875 123.5625 124.3125 124.4375 124.25 124.3125 123.25 119.5625 112.6875
106.4375 106.75 106.75 107.625 108.5625 110.375 113.125 115.8125 118.625 120 119.875 119.0625 116.875 114.25 111.375 108.5625 105.9375 104.875 108.8125 114.3125 119.875 124.0625 123.0625 121.9375 121.375 120.625 119.375 118.1875 117.4375 117.5625 117.0625 116.9375 117.8125 118.1875 118.9375 120.1875 120.5625 118.3125 116.8125 114.9375 114.8125 115.375 114.125 113.125 111.75 110.25 111.25 114.25 117.8125 122.8125 126.1875 126.5625 124.875 124.625 124.75 125.4375 126.1875 126.4375 125.1875 125.5625 125.875 126.875 127.9375 129.3125 127.375 124.0625 120.8125
105.125 105.125 104.8125 104.75 106.0625 107 110.375 113.0625 116.1875 119.125 119.75 118.6875 116.5 113.9375 111.6875 108.625 106.9375 106.625 109.375 113.375 117.6875 120.375 121.5625 122 121.625 120.9375 120.375 120.125 119.3125 119.9375 119.9375 119.125 119.375 120.0625 119.4375 119.9375 120.0625 117.875 116.625 116.625 116.625 116.4375 115.9375 115.1875 113.75 112.375 113.0625 114.6875 118.5 122.5625 126 126.8125 125.6875 124.6875 124.6875 125.125 125.6875 126.25 126.6875 126.75 127.375 129.3125 131.75 134.5 133.375 129.5 126.5625
102.125 102 101.625 101.1875 101.75 103.0625 106.625 110.0625 113.4375 117.5625 118.25 116.9375 115.4375 113.625 111.75 109.375 107.5 106.5 108.5 111.8125 115.125 118.4375 118.5625 119.5625 121.25 121.4375 121.8125 122.0625 121.5 121.8125 122.0625 121.1875 120.875 120.625 120.125 119.375 117.9375 115.6875 114.25 112.9375 115.75 119.0625 120.0625 118.9375 117.5 117 116.8125 117.375 118.625 120.8125 123.6875 124.6875 124.5625 124.4375 124.875 124.875 125.6875 127.8125 128.125 126.9375 127.5 129.5625 133.625 140.125 139.1875 135.6875 132.75
97.9375 98.0625 97.5 97.1875 97.125 97.25 101.6875 105.9375 109.625 113 114.3125 114.5625 113.4375 112.1875 110.0625 108.5 107.6875 107.8125 108.375 110.1875 112 114.5 116.25 118.3125 119.9375 121.1875 122.8125 122.9375 123.6875 124.625 124.0625 123.375 122.625 120.6875 119.125 117.3125 115 112.875 110.125 109.8125 113.125 118.375 120.5625 119.1875 118.25 118.6875 118.5 118.25 119.9375 120.125 122.375 122.625 122.0625 123.0625 123.375 123.8125 124.25 126.0625 125.375 125.625 125.75 127.25 131.5 136.3125 137.75 135.6875 134.0625
94 94.25 93.0625 92.75 92.5 92.9375 95.8125 100.3125 104.0625 107.3125 109.25 110.1875 110.4375 109.6875 107.875 106.8125 106.375 106.375 107.4375 108.9375 110.625 111.6875 114 116.1875 118.1875 120.125 122.375 123.6875 124.6875 126.0625 125.8125 126.125 124.625 122.125 119.3125 116.75 113.875 110.375 105.375 102.375 108.625 115 118.3125 118.375 117.4375 117.0625 118.0625 118.5 118.6875 119.5625 121 122.5625 122.6875 121.8125 121.4375 120.6875 120.5625 121.25 122.375 122.125 122.0625 122.6875 127.625 130.8125 133.25 133.0625 133.5625
89.75 92 91.75 90 89.6875 89.375 92.375 96.5 100.4375 103.6875 105.375 106.6875 107.375 106.875 105.4375 104.125 103.125 103.5 104.6875 107.125 108.3125 110.25 112.1875 114.1875 116.5625 119.125 121.8125 123.625 126.1875 127.625 128.4375 128 125.5625 122.375 118.3125 115.8125 113.375 110.25 105.875 101.5625 105.5 112.125 115.8125 117.5625 117.0625 116.5 116.75 117 116.875 117.125 120.4375 122.5 123.25 123.8125 123.125 121.25 118.75 120.8125 122.0625 123 122.5625 121.5625 123.9375 126.8125 128.9375 130.9375 131.8125
87 86.875 85.4375 84.4375 84.0625 85.375 87.25 90.625 94.4375 97.875 100.5 103.0625 103.875 104.5625 102.875 100.8125 99.3125 98.5 100.6875 103.125 105.5625 107.5 110.125 113.1875 115.4375 117.8125 120.0625 122.75 125.875 129.5 131.625 130.5625 126.8125 121.875 117.75 116 113.75 112.6875 110.5625 108.6875 108.5 111.875 115.1875 116.3125 116.25 115.5 115 115.4375 115.6875 117.4375 118.8125 120.875 122.75 122.6875 122.5625 122.5625 121.25 121.5625 123.375 123.375 122.75 122.0625 122.75 123.875 127.25 130.3125 131.625
82.5 81.8125 80.875 80.4375 80.375 80.9375 82.75 85.5625 88.9375 92.9375 96.0625 99 101 101.875 101.125 100.75 97.5 94.4375 94.8125 98.75 102.0625 105.875 108.6875 111.375 113.75 116.0625 118.375 121.0625 124.5625 128.9375 133.125 133.0625 126.4375 120.25 116.625 114.4375 113.75 114.1875 114.375 112.8125 110.125 111.3125 114 113.8125 113.5 113.625 113.875 113 114.875 116.5 117.875 120.5 123 123.5 125.25 126.5 125.375 125.1875 125.375 125.375 124.25 122.5 120.75 123 126.9375 128.4375 130.1875
79.25 76.9375 76.6875 76.0625 75.6875 76.375 78.125 81.125 84.75 88.5 92.5 95.9375 98.3125 100.5 100.9375 100.5625 99.3125 97.0625 94.5 95.75 98.6875 103.9375 107.875 110.5625 112.8125 115.125 116.9375 118.8125 121.9375 126.125 129.3125 128.1875 121.25 116.5 112.6875 109.875 110.375 110.875 111.875 110.1875 107.5 107.8125 109.1875 111.3125 110.8125 110.75 112.5625 112.5625 113.125 114.5 116.3125 118.625 121.1875 124.375 126.9375 130 129.9375 128.75 127 126.125 125.1875 123.8125 123.875 123.9375 126.8125 129.375 131.375
79.625 73.5 72.75 72.9375 72.25 72.4375 73.9375 77.4375 81.4375 83.9375 88.9375 93.0625 96.8125 99.5625 101.75 102.5 101 100.9375 99.4375 97.9375 99.1875 104.0625 107.3125 110.5 112.125 114.25 115.375 117.5 120 122.5625 123.3125 120.5 114.6875 109.0625 107.0625 106.25 105.875 105.875 105.375 104.5625 103 103.75 104.75 106.75 108.0625 108.8125 111 110.9375 111.1875 111.9375 113.125 115.125 118.125 120.875 125.0625 131.5625 130.625 128.6875 127.0625 125.875 126.125 126.875 127.1875 127.4375 129.75 132.875 133.875
77.9375 72.625 71 70.0625 70 70.9375 72.75 74.8125 78.25 81.8125 85.4375 89.9375 95.375 100.5625 103.1875 104.625 104.125 102.625 102.625 102.5625 103.6875 105.625 108.375 111 112.5 113.9375 114.875 115.125 116.8125 118.4375 118.0625 115.75 110.375 102.9375 102 103 101.875 101.875 100.4375 99 97.3125 98.375 100.5 102.875 105.9375 107.3125 108.8125 109.3125 109.5625 109.3125 109 110.8125 112.6875 115.75 120.6875 125.0625 124.8125 124.5 126.1875 126.9375 126.5625 128.375 130.375 133.25 135.4375 136.6875 137.3125
77.75 72.9375 69.375 68.9375 69.125 69.875 72.9375 73.8125 76.25 79.125 83.1875 88.0625 94.4375 102 107 108.8125 108.75 106.6875 105.3125 106.5 107.3125 108.0625 109.125 111.0625 112.125 113.4375 113.25 114.3125 115.125 114.6875 115.125 111.9375 108.375 104.125 101.4375 100.4375 99.5625 98.875 96.875 94.3125 92.9375 93.625 96.8125 100 103.5625 106.0625 106.6875 107.0625 107.125 106.25 105.5 107.25 109.875 113.5625 116.5625 119.125 122.4375 124.0625 124.8125 125.9375 128.375 130.5625 134.375 139.125 142.125 141.4375 140.5
78.3125 74.0625 71 68.5625 68.375 69.5625 71.0625 73 74.6875 77.9375 81.125 85.3125 91.9375 101.75 109.625 110.625 110.375 109.375 108.0625 108.1875 109 109.75 110.125 111.25 110.9375 112.5625 112.625 113.4375 113.6875 112.8125 111.375 109.625 107.6875 105.4375 103.1875 101.125 97.625 95.9375 94.375 92.3125 91.6875 92.25 95.0625 97.375 100.8125 103.9375 104.9375 104.5 103.8125 102.1875 103.9375 104.8125 107.0625 109.5625 113.1875 116.375 119.5625 121.3125 122.6875 123.25 125.125 129.5 134.3125 141.75 145.3125 143.5 140.875
78.25 72.125 70.625 69 68.375 68.8125 70.25 72.75 75.25 78.1875 81.875 85.375 92.125 98.125 105.625 110.3125 111.25 109.4375 107.25 106.8125 107.875 108.875 108.875 110.3125 110.8125 111.4375 111.9375 111.5625 111.625 111.75 110.3125 108.1875 106.4375 104.375 103.75 101.4375 97.9375 93.625 92 91.4375 91.375 91.5 93.8125 95.75 98.8125 100.8125 101.4375 101.1875 99.25 99.9375 99.8125 100.625 102.5 105.6875 109.0625 112.1875 115.125 117.6875 119.4375 119.3125 122.125 125.875 131.125 137.4375 139 139.3125 139.5
