WorldClim_2.0_rasters/WC2.0_bio_15_16.asc
NCOLS 642 
NROWS 378 
XLLCORNER -19 
YLLCORNER 19 
CELLSIZE 0.166666666666667 
NODATA_value -1.7e+308 
[rows 105 to 125 of 378, columns 288 to 335 of 642]
28.8860396950139 29.3502053951485 30.4144576286609 31.2272382425411 31.8186947077625 32.2006436094259 32.4249610159107 32.2054784192581 33.1889243144002 33.5394388501786 33.9599790866318 34.3589132653532 34.6074600624783 35.2046322769709 35.7737256222058 36.1571632199984 36.5725357519754 36.7483952079917 38.0117183468495 38.8870498225568 39.3318112741432 39.6327065734733 39.9942122688145 40.121503401849 39.5364670511667 39.1130513069944 39.2690224561624 38.8600577288233 38.2614276923541 37.6345816787547 37.3312588056489 38.0378181430897 38.4288734989372 38.6984090061867 39.2638916790201 39.9805853053506 25.1119703902503 22.742870629826 -1.7e+308 -1.7e+308 -1.7e+308 -1.7e+308 -1.7e+308 -1.7e+308 -1.7e+308 -1.7e+308 -1.7e+308 -1.7e+308
30.3364775028837 30.5465913118784 31.1464217021919 31.2237961974565 31.8547780012671 32.3215016487057 32.7492131374066 33.1313268632059 33.0815812255794 33.4437055065441 33.9161152219141 34.3233955277501 34.4673644089027 35.0183713303925 35.7386849520087 36.3402756389577 36.8934207350137 37.4493555368314 38.5889387754575 39.3086059645978 39.8983314638215 40.4750690423906 41.0023050586861 40.8380007694808 40.3920491596153 39.9854972882085 39.6241618210375 39.2445781063675 38.3335522826582 37.9731898482193 37.7001862137891 37.4815221524838 37.3057184095648 37.7405809760992 38.1338929555099 38.7824975211833 39.1677497425411 39.5745993174461 37.6311638351184 41.0055320342679 42.1904909534917 37.265855085247 -1.7e+308 -1.7e+308 -1.7e+308 -1.7e+308 -1.7e+308 -1.7e+308
31.3148455297316 31.3992101649907 31.7837059227692 31.5783432740181 31.7225702759063 32.1809307221337 32.7335263153315 32.872499426383 32.8716018978212 32.996996614148 33.3752358572273 33.3279523835588 33.8745600835669 34.4790878951516 35.3290742431961 36.1510901289468 36.8570208563005 37.8625167444046 38.5804943058508 38.8563257469921 40.0393792897333 40.8907569995308 41.3910545172768 41.3915065405655 41.0661452659177 40.5336494725942 39.7212016084697 39.093989900491 38.1339286277848 37.4149475823362 37.2154689061566 36.0796641035145 36.2310994004631 36.4394211462164 36.7788050766317 37.0984215141369 37.5609189318913 38.2392256952709 39.0174288872835 39.877601759505 40.708879159228 41.2433148031662 40.9319790194677 25.2110754229466 -1.7e+308 -1.7e+308 -1.7e+308 -1.7e+308
31.6353121317979 31.5387733201766 31.2210879937989 31.106271350138 31.3898722695553 31.8504729601006 32.2492629022245 32.6052475204986 32.7934564314095 32.3731242811538 32.3428163147876 32.7340550564924 33.4057270958228 34.4040196116451 35.0230913783115 35.7991773877501 36.6428289878721 37.5307543752163 38.3003054282765 39.0317758399461 39.8549963258249 40.4168198858455 41.1982907434962 41.2506557834297 40.5404952707405 39.8410692684589 39.2847286348797 38.4007385203964 37.6662531559495 36.939868551964 36.3164369324349 35.6028084133688 34.996400209401 35.0108566345348 35.5299994692893 35.7320123756979 35.6366081228879 36.5844465202863 37.6370963927967 38.1358216929016 38.898122134774 39.4738093009943 39.3401050062745 38.8831099254252 38.3244343229576 31.1498894615681 18.9260634679168 18.3414426322721
31.7571625812314 31.2568728412866 30.6613735371437 30.9923346779847 31.6164898370693 32.0659051129052 32.4049497878364 32.6461526985954 32.5153977271536 32.1501306804325 32.3544352323526 31.9566963158125 32.6430390467694 34.1579578554071 34.7392509815353 35.5355246103752 36.4014037302226 37.154434871795 37.7061882106234 38.2446332938988 39.4530760266503 40.066403383771 40.9126552856337 41.237700473313 41.0698203630375 40.1422827751447 38.9217138068131 38.8948052803885 37.9851488321534 36.5863301253858 35.8420792599351 34.0434463111735 32.4684937864969 32.2774534679762 33.2003533544551 34.6162631333555 35.5489119169181 35.5756769161768 36.2254739453434 36.9291044979315 37.2442155631392 37.627752126263 37.7912325243087 37.7635289384803 37.143954147829 37.0690409083773 36.5702018281394 36.5383072372683
31.295834570984 30.759263517736 30.6167007875355 31.1197007758441 31.4835126481655 32.165080669643 33.0952444447759 32.9370082329079 32.6360897788504 31.7899121716212 32.3220030192096 32.7433019644831 33.1838529021949 33.8208818860737 34.4187917093442 35.2293476951502 35.7498601318012 36.4158101663585 37.2551898714131 38.0231399631038 39.131456573778 39.9204215004667 40.5535868601741 40.7245447781637 40.625161266277 40.4946687579802 39.8649832535128 38.6730928022578 37.2517261489357 35.750430409551 35.0000328633893 33.4438110450166 33.0848708616691 31.453398864746 31.5604473059401 32.5164613795841 34.0106853247655 34.7445805033351 35.7096815887547 35.6805169467404 35.974908120826 36.4209768962326 36.7406335020177 36.6871303303296 36.5259647675507 36.1963881538073 35.7026716892772 35.3498001559582
30.0715226878917 29.3074252864679 29.6183854172296 30.4971154628174 31.0741086392787 32.4722138126872 33.246454409094 33.081270718617 32.8702816104241 32.7069258681105 32.9349555999151 32.8775242393172 33.0920453815041 33.410578516997 34.0612205755887 34.828908132759 35.3971259561365 36.2057221213899 36.8967146075247 37.9005587288601 38.8430331125211 39.5134148303944 39.7696565963466 39.7875063648714 39.9690658442518 40.3517854413637 39.5420622196519 37.840759391785 36.5892053480112 34.7800409718437 33.6912977774519 32.5830739975396 31.7613911182912 31.3785388252631 31.3710772851414 31.8344898472259 32.3613860970994 33.0029758925006 33.7669265621208 34.7653404148981 34.6903262511014 35.0006337934813 35.3956337377215 35.5663842605493 35.4190574570358 35.3295139341972 35.2968979833461 34.9431502253781
29.070487547629 29.1800788992721 29.1825428887286 29.1159705877394 29.8514798883498 31.3318896680316 33.2550681978914 32.9474548415808 32.5648969829074 32.407724328554 32.4869301157864 32.30417658469 32.618640685975 33.1159536687005 33.783590532604 34.505214341431 35.1493981612038 36.1665916601355 36.6448007582228 37.1507574816639 37.963534463725 38.3087700178322 39.0340074281321 39.5721711591067 39.7057477346801 40.0889610436808 39.4271103634692 36.788392811597 35.0181756263656 33.0732357932651 32.3243798241618 31.5546638822501 30.7345860206636 30.9143834237331 31.3677976404199 31.4414018487151 32.5414863546428 33.1632208229847 33.5457294900784 33.9025398533803 34.0766691607095 34.5167698976005 34.5593641530581 34.4303470078065 34.7388851219939 34.9161481349713 34.6212528882263 34.4343754771859
28.5405126958607 28.8684229245989 29.2911890546311 29.5657387745468 30.2663328300289 30.8646723715288 32.167799416189 32.2409200961294 31.9660462658371 32.1087565683155 31.6119319940969 32.1466663046064 32.3655104983858 32.8506421490035 33.4039164793183 34.1033554336211 34.7251992338523 35.4808873589644 36.3094939522963 36.463328525999 37.3811535362769 37.7348042511452 38.3124557115545 38.8555583800269 39.2189373753886 39.3307992485636 38.966380035444 37.7602856275433 35.8863238968142 33.7463224481819 31.9050537482898 30.2807610017417 29.2953833059612 29.6157040191548 30.3447061128257 31.0219001954292 31.9926065501816 32.2468966856595 32.7073803221073 33.0897731941117 33.4550160688045 33.5378437904921 33.9410991829972 34.1025840475396 34.5218109786724 34.5710535748888 34.3344114480832 34.2797725792017
28.4658539774784 28.6785531997871 28.8566344820924 29.079345666665 30.0151649381309 30.9821235924411 31.7656554529066 31.8382182004285 31.7431827733958 31.5134394630602 31.4754645155435 32.2941093119527 32.3734708103754 32.5467635240332 32.9606184434757 33.8896387371376 34.278084397921 34.7291482319642 35.3439168063195 35.9749789031543 36.4779557157093 37.3365063437599 37.5709100931098 37.799864053045 38.265448735093 38.1972532014898 37.6434462146789 36.7032911721493 34.843639811434 33.0284463669886 31.5169038749141 29.6062370504614 28.7206585730318 29.0090314974826 30.1470549912589 30.9863990710731 31.6298559277604 31.8393339631888 32.0867282011784 32.5964367918354 33.0474282439205 33.3490451602303 33.5009052271245 33.9919441730917 34.0433735634171 34.1218560243058 33.7669357552469 33.8914227165492
28.8014266341852 28.3573654631168 29.3885785888151 29.7981487413018 30.4169521560351 31.449197671359 31.6265274787773 31.4243833192121 31.5349717351276 31.5870577997497 31.7463207962135 31.9698670052418 32.0605099414174 32.4783472506206 32.7863384113991 33.4428955687725 33.8461882850109 34.3839428718056 34.9186287137895 35.4360355612106 36.1731128118751 36.5518282172176 36.692586597588 36.9276147085082 36.9501305337812 36.8313506612222 36.6239028775585 35.6548847074413 34.2794442614948 33.4112918033659 32.0470102862304 30.1807174343004 29.5600167952904 29.2388653626679 29.2054447426493 29.9186542445381 31.2116815871951 32.1052589734376 32.270738980232 32.8067740131291 33.0491534201065 33.0519963942617 33.285348718779 33.3044959956862 33.3260826810218 33.1151700003901 33.2382455542374 33.4708209464225
29.7488356963827 29.5356932380336 30.0911399072715 30.5662576303042 31.6473525163896 32.3906716810031 31.4810861429817 30.8994656137756 30.8757740235442 30.8632926950289 31.0919809088707 31.2822175257282 31.8417080911834 32.3405095986366 32.4286167332151 33.1145511640368 33.5636498186275 33.9421089369617 34.4582268127968 34.8560847293406 34.963431293624 35.3200397656 35.7167081936193 36.116138265544 36.5611341083895 36.0253742265169 36.0296349862885 35.2513616985609 33.7964086059444 32.7657420522075 31.5415862896247 31.5184780147681 30.8992436965161 30.8647391471809 30.7449672938539 30.5650143179679 30.9084768697788 30.9277483260018 31.3906470549408 31.7393738658704 32.7140671433611 33.0365399465546 32.8720078948916 32.9047571571059 32.4206507885364 32.4807509897996 32.69851281193 32.5912575448621
30.9271575940997 30.6175009636262 30.6255293840309 31.3764654953658 31.8616865606954 32.3237498865968 31.3323635975594 30.6757678106357 30.3615338691442 30.4967327512894 30.7168873731515 31.0256156786088 31.5182060457264 32.0784624702632 32.49168395315 32.8251049244271 33.1609034227461 33.6696940779689 34.1193137665189 34.1818002214276 34.7107936907256 34.5960709216559 35.3456176838826 35.490287359057 35.6280937742714 35.431859073265 35.0170126168923 34.7905721216587 34.1369766628457 33.6448149328786 33.051941051175 32.6290818853009 32.1832051880999 31.6017284944304 31.5784481310555 31.48506480282 31.728489035412 31.565027620021 31.7064524562298 30.8349983076502 30.9343443174198 32.7243212208604 32.7778872546 32.5162618972781 31.8903304104498 31.6828346304109 31.5051223383905 30.7429257287075
31.9548431040581 31.6832051407209 31.3547753901343 32.1761461186859 32.5629290357345 32.2999895907026 31.5290824274422 31.0130380057478 30.4825328964236 30.6074689334809 30.9329820759878 31.2468316448855 31.4933124036108 31.6687545760655 31.8043256361295 32.3007703513496 32.8132858795958 33.4288616522066 33.7647230541799 33.8347406227107 34.2068846483945 34.737302655347 34.6931273307181 34.9808953367868 34.5732853468628 34.4116407156865 34.4563735260885 34.5600166338557 33.7729720869821 33.9986525458853 34.0591033577461 33.3289372469213 33.1743202791092 32.7359781739707 32.1102027461149 32.2762295352061 31.0535053039778 31.018215197372 31.3253891300198 30.9174567750501 30.9116209535985 32.0174631191204 31.9375490814233 31.6576947646668 31.2557973946835 31.1507992850879 30.678059884266 29.8438154321759
32.4675011604632 32.7593658982304 32.7181445128411 32.8608059073217 32.7670796016992 31.6349397651492 31.32462516238 30.7144769391928 30.8704660204571 30.6117317447252 30.7646456371431 30.6965163233152 31.1437053471384 31.6002025406852 31.8501017722416 32.3309110134373 32.7070817060402 33.2095953732704 33.5814500684629 33.9750026436317 34.1232614670576 34.2879333789623 34.1492521524267 34.2150848442168 34.2567923927621 34.2272621866395 34.2878151900547 33.9214219642212 34.0282761892159 33.6769387565573 33.7692658324683 33.9702055983998 33.6867463292954 32.7556867341772 31.9016464935059 31.4643356255806 31.9306545712505 31.0712307174552 30.7283112375846 30.60833448643 32.2951373577184 32.209683731276 31.4248565575558 31.3379892606801 31.3130082066198 31.1941762778233 31.0295136220872 30.7436931720998
32.737343391766 32.9452634863226 32.4367019019643 32.0146656567828 31.9510874516072 31.7156085913317 31.1787817287985 31.0936497433268 30.9685893993696 31.0650034540633 31.098521445612 30.8732307708205 31.2667241067803 31.7702707692073 31.980723747027 32.933692947325 33.1604226654178 33.4239804742155 33.4230331608484 33.5674829188572 33.7189314752222 33.6954910442492 33.6441932382042 33.2769842573586 33.0462604227772 33.0238691860289 33.5244820503073 33.8773508210052 33.7702351322131 34.099994177318 34.255506722974 34.0457344469159 34.2444597537541 33.1488508925506 32.1049857238549 31.6298935372906 31.6090776140723 31.7679585597299 31.1890695691269 31.3446122637634 31.3130732908807 32.1561570421287 31.9697035159712 31.8374032624404 31.3657290145627 30.4772089010698 30.9421994272537 31.1658539435556
32.7186668641141 33.0177637911492 33.088584742434 32.7454990323776 32.2596858988166 31.511368972741 31.3006544685619 31.253659642642 30.8795014545318 30.7833122942021 30.911749156463 31.2287901661156 31.7482342607555 32.1100411507979 32.2849558575169 32.5011379805271 32.8390288121716 33.2367725049046 33.1518463464672 33.0955635915108 33.6760965833305 33.6762957126274 33.5246203989006 33.1368384782027 33.132731667722 33.1541074791092 33.2730932129533 33.4243471931335 33.7936554347004 33.8563846907018 34.3074592776045 34.3951529528071 33.6220056070618 32.6938902841769 32.5424799823009 32.1243117100602 31.8359920552747 31.8733441451333 31.6631323588987 31.6401610529622 31.5539449042024 31.0593150952213 32.1409200194292 31.9139700894479 31.405658533963 31.0162274036868 30.9211117304028 30.8056057654787
31.9968157234601 32.9744465015835 33.0789829108701 32.6552863242501 32.1861727981056 31.9531778569702 31.9291651775457 31.0643638794687 30.9697931022622 30.9689535370712 30.9877919818599 30.9995508576327 31.0553126276424 31.2201621559045 31.5932124284665 32.3508920395627 32.6477955696032 33.2707122577508 33.5974688214759 33.3027460859637 33.6639893965831 33.6809683825184 33.1363119471732 33.3306170140408 33.0459906982527 32.7801225410647 32.722754358329 32.3554986388796 32.7361894299804 33.1388526510465 33.5270940704392 33.5751153071424 33.6382531940494 33.785924221599 32.9367634746532 32.0700553505999 32.1904476446567 31.6662339818958 31.6265645910256 31.6463412544928 31.5482010067078 31.2948481709833 31.2627238199655 32.1671612101515 31.4853444634591 31.961616988809 31.8325729377922 31.3093893295588
31.5084268722528 32.5501119276257 33.2664518725562 32.9994994875346 32.7037490995899 32.1180548703656 31.6668939767462 31.2175704633695 30.9209961440201 31.3521007725556 31.5749059095585 31.6338237907985 31.3965564064092 31.5836292422835 31.6966627260018 32.0140240613529 32.6947434329361 33.1045145833076 33.3355861166121 33.4289142639852 33.6424492518507 33.7420692666432 33.7422708066804 33.3651498317962 33.1175211060448 32.3440326119513 31.8927975712834 32.0380776053914 32.5273670159587 32.3052345262369 32.6432408742243 33.3081656092615 33.0274451055397 33.1490011670369 33.4837523723043 33.4340074554782 33.0433428429372 32.5012655043366 32.0187451532986 31.7868162031642 31.7358477429401 31.4709232661671 31.2884977774427 31.2012112378506 31.4557349326901 31.9872101199942 31.9652657234312 31.9277540715782
31.2129864276888 32.0468980371092 32.4820695035729 32.5630192798356 32.0287234382776 31.9283784697256 31.622190330903 31.6232172055953 31.688729905485 31.6697645781843 31.7755786942549 31.7684594627843 31.8178608393459 32.1927840889589 32.3008906103065 32.4196375191943 32.4250148434605 32.5544319241561 32.6384352279761 33.2527598265874 33.8244862117761 34.0109511482205 34.1030975776666 33.6982945077199 33.076580408387 32.1803718489992 31.6546720424308 31.4176813531446 31.5628701846144 31.7779227588056 32.0405419789361 32.160622428765 32.2617947656682 32.887502455837 33.2530464009738 32.7943830730284 32.77118682483 32.4679353845512 32.7045023809407 31.8077159945496 31.5269633252839 31.7775359532448 32.1898674063527 32.042388836302 32.4230254917391 32.5738033303692 32.799921669781 32.4086255939178
31.2474461114235 31.62231940594 32.1111196005433 32.1092431276519 31.9793069884079 32.0287835569175 32.0320695411992 31.9433121414444 32.0700795637056 32.2540991234638 32.4526502480016 32.2355489042973 32.532869694857 32.7547378474415 32.6785893237594 32.8158015919361 33.0729960387891 32.8302542516864 32.6608611028379 32.7351071089768 33.0163195262137 33.6574756950855 33.8155097122387 33.3421221186141 33.2002168754396 32.3393029365447 31.6781046115449 30.9817822579309 30.3906684784959 30.9339351278252 31.0852883097947 31.3454835723057 31.6607359776311 31.6280411854864 32.3750029160984 31.9798888764856 32.7389300403187 32.3841433968461 32.5280052386563 32.2659729331233 31.5796509233061 31.6205034655882 32.0781852207512 32.509284926484 33.1999200555256 33.2915936096153 33.1371466052731 32.3886402020621
