WorldClim_2.0_rasters/WC2.0_bio_02_16.asc
NCOLS 642 
NROWS 378 
XLLCORNER -19 
YLLCORNER 19 
CELLSIZE 0.166666666666667 
NODATA_value -1.7e+308 
[rows 336 to 356 of 378, columns 432 to 479 of 642]
-1.7e+308 -1.7e+308 -1.7e+308 -1.7e+308 -1.7e+308 -1.7e+308 -1.7e+308 -1.7e+308 -1.7e+308 -1.7e+308 -1.7e+308 -1.7e+308 -1.7e+308 -1.7e+308 -1.7e+308 -1.7e+308 -1.7e+308 -1.7e+308 9.3452493896087 10.6218540569146 5.81611342728138 -1.7e+308 -1.7e+308 -1.7e+308 -1.7e+308 5.01435466110706 9.79333331187566 9.28462496896585 8.89054162303607 8.30675003925959 8.29452069103718 9.3648957212766 9.12593754629294 9.38391657173634 9.72243745128314 10.0987500945727 10.6731042265892 11.0250834524632 11.3745623578628 11.6289582600196 11.5678542405367 11.943020939827 12.005854010582 11.8607083211343 11.8990000188351 12.5608333696922 12.7140000065168 13.2746874392033
-1.7e+308 -1.7e+308 -1.7e+308 -1.7e+308 -1.7e+308 -1.7e+308 -1.7e+308 -1.7e+308 -1.7e+308 -1.7e+308 -1.7e+308 -1.7e+308 -1.7e+308 -1.7e+308 -1.7e+308 -1.7e+308 -1.7e+308 9.0598101913929 10.2823333119353 9.44000624865294 -1.7e+308 -1.7e+308 -1.7e+308 -1.7e+308 -1.7e+308 -1.7e+308 5.22911053399245 7.7013983130455 8.4232986420393 8.85077342391014 10.0956666717927 10.3681250264247 10.1901250183582 10.3462708195051 10.1309580405553 10.2087500393391 10.7519376675288 11.445333396395 11.0555208325386 11.2007707357407 11.7885208427906 11.6741041292747 11.3533333688974 11.7539999286334 11.6610833207766 11.6833959519863 12.1589583456516 13.7750416249037
-1.7e+308 -1.7e+308 -1.7e+308 -1.7e+308 -1.7e+308 -1.7e+308 -1.7e+308 -1.7e+308 -1.7e+308 -1.7e+308 -1.7e+308 -1.7e+308 -1.7e+308 -1.7e+308 -1.7e+308 7.74243619541327 13.0119909097751 13.2271875341733 10.8523958573739 9.45616586506367 -1.7e+308 -1.7e+308 -1.7e+308 -1.7e+308 -1.7e+308 -1.7e+308 -1.7e+308 -1.7e+308 -1.7e+308 -1.7e+308 6.70373697578907 7.10992926855882 4.85687816639741 5.73381051917871 7.77014918625355 10.35382031401 11.1654376188914 11.491854245464 10.9688333074252 10.6077499936024 11.0555623968442 12.2775417218606 12.5002500017484 12.3741666376591 12.3853541910648 11.819875061512 11.9101667056481 12.7725000580152
-1.7e+308 -1.7e+308 -1.7e+308 -1.7e+308 -1.7e+308 -1.7e+308 -1.7e+308 -1.7e+308 -1.7e+308 -1.7e+308 -1.7e+308 -1.7e+308 -1.7e+308 -1.7e+308 7.02231415112813 13.0165888766448 13.5890207638343 13.3170624872049 11.5799583097299 10.0825417687496 -1.7e+308 -1.7e+308 -1.7e+308 -1.7e+308 -1.7e+308 -1.7e+308 -1.7e+308 -1.7e+308 -1.7e+308 -1.7e+308 -1.7e+308 -1.7e+308 -1.7e+308 -1.7e+308 -1.7e+308 -1.7e+308 7.24691615998745 4.79797300199668 -1.7e+308 6.81270559628805 8.03845337033272 10.2285886059205 10.3928354779879 10.1552848517895 10.0586591511965 8.42777086297671 12.4663748145103 12.2601250012716
-1.7e+308 -1.7e+308 -1.7e+308 -1.7e+308 -1.7e+308 -1.7e+308 -1.7e+308 -1.7e+308 -1.7e+308 -1.7e+308 -1.7e+308 -1.7e+308 -1.7e+308 5.69605035583178 12.0431230564912 13.889250099659 14.2569165776173 13.696374942859 11.8877916236719 10.364333247145 -1.7e+308 -1.7e+308 -1.7e+308 -1.7e+308 -1.7e+308 -1.7e+308 -1.7e+308 -1.7e+308 -1.7e+308 -1.7e+308 -1.7e+308 -1.7e+308 -1.7e+308 -1.7e+308 -1.7e+308 -1.7e+308 -1.7e+308 -1.7e+308 -1.7e+308 -1.7e+308 -1.7e+308 -1.7e+308 -1.7e+308 -1.7e+308 -1.7e+308 -1.7e+308 5.34225093821684 7.85388377805551
-1.7e+308 -1.7e+308 -1.7e+308 -1.7e+308 -1.7e+308 -1.7e+308 -1.7e+308 -1.7e+308 -1.7e+308 -1.7e+308 -1.7e+308 -1.7e+308 -1.7e+308 12.6630000323057 13.7890417824189 14.739187652866 14.4464793403943 13.9101041406393 11.6169582704703 10.6605208764474 -1.7e+308 -1.7e+308 -1.7e+308 -1.7e+308 -1.7e+308 -1.7e+308 -1.7e+308 -1.7e+308 -1.7e+308 -1.7e+308 -1.7e+308 -1.7e+308 -1.7e+308 -1.7e+308 -1.7e+308 -1.7e+308 -1.7e+308 -1.7e+308 -1.7e+308 -1.7e+308 -1.7e+308 -1.7e+308 -1.7e+308 -1.7e+308 -1.7e+308 -1.7e+308 -1.7e+308 -1.7e+308
-1.7e+308 -1.7e+308 -1.7e+308 -1.7e+308 -1.7e+308 -1.7e+308 -1.7e+308 -1.7e+308 -1.7e+308 -1.7e+308 -1.7e+308 9.14352106551329 13.0882771561543 14.4896458139022 15.0791875769695 15.1842916160822 14.355750148495 13.828937565287 11.54027082026 10.8901457190514 6.12090134620667 -1.7e+308 -1.7e+308 -1.7e+308 -1.7e+308 -1.7e+308 -1.7e+308 -1.7e+308 -1.7e+308 -1.7e+308 -1.7e+308 -1.7e+308 -1.7e+308 -1.7e+308 -1.7e+308 -1.7e+308 -1.7e+308 -1.7e+308 -1.7e+308 -1.7e+308 -1.7e+308 -1.7e+308 -1.7e+308 -1.7e+308 -1.7e+308 -1.7e+308 -1.7e+308 -1.7e+308
-1.7e+308 -1.7e+308 -1.7e+308 -1.7e+308 -1.7e+308 -1.7e+308 -1.7e+308 -1.7e+308 -1.7e+308 -1.7e+308 12.016854117314 13.5128957827886 14.7811666876078 15.4309165726105 15.6419790337483 15.5951457222303 15.0833124667406 12.8601458072662 11.4543749938409 11.2342706769705 10.5029309888681 -1.7e+308 -1.7e+308 -1.7e+308 -1.7e+308 -1.7e+308 -1.7e+308 -1.7e+308 -1.7e+308 -1.7e+308 -1.7e+308 -1.7e+308 -1.7e+308 -1.7e+308 -1.7e+308 -1.7e+308 -1.7e+308 -1.7e+308 -1.7e+308 -1.7e+308 -1.7e+308 -1.7e+308 -1.7e+308 -1.7e+308 -1.7e+308 -1.7e+308 -1.7e+308 -1.7e+308
-1.7e+308 -1.7e+308 -1.7e+308 -1.7e+308 -1.7e+308 -1.7e+308 -1.7e+308 -1.7e+308 -1.7e+308 10.4043608754873 12.8638282815615 14.5657916565736 15.5885833203793 15.8063542048136 15.5411042074362 15.5282083004713 15.2245416541894 13.9724583079418 12.2078750977914 11.0677708933751 12.1249165932337 5.4729760636886 -1.7e+308 -1.7e+308 -1.7e+308 -1.7e+308 -1.7e+308 -1.7e+308 -1.7e+308 -1.7e+308 -1.7e+308 -1.7e+308 -1.7e+308 -1.7e+308 -1.7e+308 -1.7e+308 -1.7e+308 -1.7e+308 -1.7e+308 -1.7e+308 -1.7e+308 -1.7e+308 -1.7e+308 -1.7e+308 -1.7e+308 -1.7e+308 -1.7e+308 -1.7e+308
-1.7e+308 -1.7e+308 -1.7e+308 -1.7e+308 -1.7e+308 -1.7e+308 -1.7e+308 7.03705483675003 10.9606398691734 12.1705322017272 13.4085834175348 15.1161040912072 15.6425834198793 15.8432916651169 15.6555415391922 15.6016874959071 15.0469791889191 13.7955418427785 12.4918124477069 11.3960415273905 12.3789792060852 12.0780366857847 -1.7e+308 -1.7e+308 -1.7e+308 -1.7e+308 -1.7e+308 -1.7e+308 -1.7e+308 -1.7e+308 -1.7e+308 -1.7e+308 -1.7e+308 -1.7e+308 -1.7e+308 -1.7e+308 -1.7e+308 -1.7e+308 -1.7e+308 -1.7e+308 -1.7e+308 -1.7e+308 -1.7e+308 -1.7e+308 -1.7e+308 -1.7e+308 -1.7e+308 -1.7e+308
-1.7e+308 5.11420279244582 -1.7e+308 -1.7e+308 6.53458294769128 6.02805691957474 7.96495686471462 12.4800442655881 11.1433615336816 13.0774609943231 14.2590833306313 15.1828750173251 15.4394164780776 15.7851042002439 15.6173540403446 15.0915830979745 14.2360623876254 14.1106249243021 13.1265624761581 11.8512707153956 12.2871459523837 12.7631458640099 11.8364199499289 -1.7e+308 -1.7e+308 -1.7e+308 -1.7e+308 -1.7e+308 -1.7e+308 -1.7e+308 -1.7e+308 -1.7e+308 -1.7e+308 -1.7e+308 -1.7e+308 -1.7e+308 -1.7e+308 -1.7e+308 -1.7e+308 -1.7e+308 -1.7e+308 -1.7e+308 -1.7e+308 -1.7e+308 -1.7e+308 -1.7e+308 -1.7e+308 -1.7e+308
11.933946415782 11.100265160203 9.48318881789843 6.86609432597955 9.96071532865365 10.9525626401107 13.0596491893133 14.2085624287526 14.2769375791152 14.6606041987737 14.8094164927801 15.3144165724516 15.5742292354504 15.6583957274755 15.622395798564 15.0910624216 13.7725000679493 14.3388540943464 13.1761041184266 11.9841042011976 11.7439999530713 12.7040415902933 12.8244791875283 11.0016711900632 -1.7e+308 -1.7e+308 -1.7e+308 -1.7e+308 -1.7e+308 -1.7e+308 -1.7e+308 -1.7e+308 -1.7e+308 -1.7e+308 -1.7e+308 -1.7e+308 -1.7e+308 -1.7e+308 -1.7e+308 -1.7e+308 -1.7e+308 -1.7e+308 -1.7e+308 -1.7e+308 -1.7e+308 -1.7e+308 -1.7e+308 -1.7e+308
14.5154165774584 14.4006251692772 14.3429582516352 13.9469584077597 13.868562579155 14.2378125935793 14.7208124597867 14.9189373552799 15.088708559672 15.2576250781616 15.4047290136417 15.5648541947206 15.7268540213505 15.7746665179729 15.5199375798305 15.1802081962426 14.611250008146 14.5577496786912 13.0318124691645 12.1967500795921 12.0160416066647 11.8214999387662 12.4244791517655 13.0467292418083 12.1796173105637 7.26514974236488 -1.7e+308 -1.7e+308 -1.7e+308 -1.7e+308 -1.7e+308 -1.7e+308 -1.7e+308 -1.7e+308 -1.7e+308 -1.7e+308 -1.7e+308 -1.7e+308 -1.7e+308 -1.7e+308 -1.7e+308 -1.7e+308 -1.7e+308 -1.7e+308 -1.7e+308 -1.7e+308 -1.7e+308 -1.7e+308
15.3639164865017 15.2414582620064 15.2309166689714 15.0577083428701 15.1163541724284 15.3659374415874 15.6388750722011 15.7021668205659 15.7470831672351 15.8351456820965 15.7735417187214 15.7042290767034 15.7290833592415 15.7153749416272 15.4557710140943 15.1244376450777 15.0122917940219 14.7757916748524 13.9966458231211 12.5759375443061 12.8972291499376 11.9944375256697 11.7298334638278 12.08970832328 12.4675833980242 12.897958273689 12.2492916931709 10.808786307772 8.38082242508729 -1.7e+308 -1.7e+308 -1.7e+308 -1.7e+308 -1.7e+308 -1.7e+308 -1.7e+308 -1.7e+308 -1.7e+308 -1.7e+308 -1.7e+308 -1.7e+308 -1.7e+308 -1.7e+308 -1.7e+308 -1.7e+308 -1.7e+308 -1.7e+308 -1.7e+308
15.9310625245174 15.7095416982969 15.6329375306765 15.5463957140843 15.512874831756 15.6647289991379 15.8624999125799 15.9538125296434 16.0399583478769 16.0782291491826 15.9270622680585 15.7399374047915 15.7619374344746 15.7070835232735 15.5058541794618 15.3273542722066 15.2600416243076 15.0282499839862 14.7214582165082 13.1579374869665 12.6358958333731 13.0604166984558 12.0016250560681 11.6989375700553 11.7513959060113 12.4713333596786 13.2312501917283 13.1610207905372 12.9420208235582 12.6179376443227 12.4779791235924 10.341232607762 8.29347190260887 8.0543797314167 -1.7e+308 -1.7e+308 -1.7e+308 -1.7e+308 -1.7e+308 -1.7e+308 -1.7e+308 -1.7e+308 -1.7e+308 -1.7e+308 -1.7e+308 -1.7e+308 -1.7e+308 -1.7e+308
15.8398749232292 15.6912500162919 15.6905207286278 15.728583201766 15.7829997837544 15.8718749880791 15.9693333258231 16.0767917285363 16.0825831592083 16.0571665217479 15.9520832002163 15.8551459163427 15.8189791937669 15.7679167340199 15.5484792192777 15.2961039493481 15.2786875814199 15.3299167056878 15.1372710118691 14.2816666563352 13.0719998975595 12.9894791493813 13.5534999916951 11.9162082572778 11.7980416541298 11.8546667595704 12.2247292449077 12.2620627035697 12.5185208320618 11.3667708337307 11.8627292911212 11.3698540876309 11.523958320419 10.0361666331689 8.702903692921 -1.7e+308 -1.7e+308 -1.7e+308 -1.7e+308 -1.7e+308 -1.7e+308 -1.7e+308 -1.7e+308 -1.7e+308 -1.7e+308 -1.7e+308 -1.7e+308 -1.7e+308
15.698041677475 15.8076456238826 15.9972083121538 16.0924584418535 16.0699166854223 15.9453333665927 15.8520001520713 15.7978331198295 15.8999582479397 15.9086247632901 15.9954586426417 16.026562427481 15.8587497423093 15.7818540434043 15.6266666253408 15.4823750257492 15.4431250443061 15.4144373784463 15.2481665213903 14.9463124920924 14.5710625251134 14.4505832741658 14.1293750603994 12.9214792797963 12.1289165578783 11.8098541758955 11.557479172945 11.4287499139706 11.2726667995254 11.7644582490126 12.0486666907867 11.3562708596389 11.1544791857402 11.0904583483934 10.5695415933927 8.42748681704203 -1.7e+308 -1.7e+308 -1.7e+308 -1.7e+308 -1.7e+308 -1.7e+308 -1.7e+308 -1.7e+308 -1.7e+308 -1.7e+308 -1.7e+308 -1.7e+308
15.7967915634314 16.0482500046492 16.2614791045586 16.2525833646456 16.2185835043589 16.1866457462311 16.1145622928937 15.9328332046668 15.8774791558584 15.8867290367683 16.0337499380112 16.1062709738811 15.9057291249434 15.7928124914567 15.728270654877 15.6326459099849 15.4741042554379 15.4680416584015 15.3245415836573 15.0979162603617 14.9245001276334 14.3469793101152 13.8294165631135 13.0301666421195 11.8744791224599 12.6386875609557 12.181750026842 11.7468124205867 11.3677499542634 11.4892708162467 11.2819166233142 11.5049375593662 11.3091042389472 10.9790208091338 10.3993958979845 10.3929575383663 4.98394966622194 -1.7e+308 -1.7e+308 -1.7e+308 -1.7e+308 -1.7e+308 -1.7e+308 -1.7e+308 -1.7e+308 -1.7e+308 -1.7e+308 -1.7e+308
15.9459791630507 16.2331248223782 16.2549584011237 16.2291043400764 16.2041459580262 16.1611041327318 16.134958366553 16.1499791443348 16.1179373810689 16.0394166906675 16.0900000880162 16.0750210384528 15.8966042200724 15.8825001716614 15.8033958176772 15.7436456829309 15.5841249376535 15.4111460248629 15.2536457628012 15.1477080484231 14.9770414928595 14.4014166792234 13.5271666646004 12.4572083105644 13.0241041431824 14.1410415669282 13.3191666553418 12.79445827504 12.6900416662296 12.6552083988984 12.7063957899809 11.9080417255561 11.4559166630109 11.1650833288829 10.9688541640838 10.1139583537976 9.45948611448208 -1.7e+308 -1.7e+308 -1.7e+308 -1.7e+308 -1.7e+308 -1.7e+308 -1.7e+308 -1.7e+308 -1.7e+308 -1.7e+308 -1.7e+308
15.966770624121 16.1534167428811 16.1125208387772 16.0937706977129 16.0816250393788 16.0751666873693 15.985250060757 15.9362708578507 15.9599376867215 15.9804583191872 15.9840622842312 15.9073540816704 15.867187410593 15.7893957446019 15.7429165641467 15.6749582936366 15.6014374146859 15.4515625884136 15.4209792812665 15.2002501835426 15.0622292856375 14.8465209354957 14.3968750536442 12.8931457549334 12.5852916389704 14.0168123642604 14.6267916113138 14.3320832749208 14.3404166499774 14.2220832407475 13.8892291982969 13.2917917072773 12.9624584068855 13.503583535552 12.4879790941874 11.0567083458106 10.1505000144243 8.78385041902463 -1.7e+308 -1.7e+308 -1.7e+308 -1.7e+308 -1.7e+308 -1.7e+308 -1.7e+308 -1.7e+308 -1.7e+308 -1.7e+308
15.9315000424782 16.0646457920472 16.1110834379991 16.0492290159067 15.9675208777189 15.9344791769981 15.8366666237513 15.7605835199356 15.7483750383059 15.7554374784231 15.7163334290187 15.6934789419174 15.6689165880283 15.6888960301876 15.7946457564831 15.7216667334239 15.6100835104783 15.6447497904301 15.6592915902535 15.366041863958 15.1385623365641 15.0028750648101 14.8214583297571 14.2758749574423 13.407687574625 14.2075000454982 14.6827499568462 14.5796458472808 14.2718333552281 14.2295417090257 14.2910415679216 13.9792084346215 13.876437485218 14.0903541346391 13.7713750898838 13.074520940582 10.6962083379428 10.2948957631985 9.74027124047279 5.44385003050168 -1.7e+308 -1.7e+308 -1.7e+308 -1.7e+308 -1.7e+308 -1.7e+308 -1.7e+308 -1.7e+308
