WorldClim_2.0_rasters/WC2.0_bio_15_16.asc
NCOLS 642 
NROWS 378 
XLLCORNER -19 
YLLCORNER 19 
CELLSIZE 0.166666666666667 
NODATA_value -1.7e+308 
[rows 357 to 377 of 378, columns 144 to 191 of 642]
65.3131410768773 60.3481728171656 57.9773618060762 57.0470447924851 55.4219468166394 53.7402054590321 51.1355577780405 49.410288047476 49.1299853207851 52.3779800613379 52.7804864791432 48.2769545209798 46.0135518169798 39.2527811798328 48.4298056486667 47.3836125217807 44.3414768563808 39.5587811066071 38.5537299301462 37.0728947795775 38.9745724232484 46.1362053877716 47.6602115824539 51.4334374287437 49.9451185304658 42.1595557112066 41.3719023181961 41.3719023181961 41.4871683354444 41.7865022228933 40.8163454401466 41.3719023181961 41.0941238791714 40.8163454401466 38.0385610498989 37.3204917500729 37.2052257328246 41.5504579742169 39.6787584877113 40.446554441699 42.386428647243 44.739346646463 45.4796076252782 44.707924478081 44.4464996413006 47.7209816878477 48.4564590780879 48.3942435041649
72.0007303179958 69.5663883723943 64.5334148584995 60.0705920966129 58.3456343099944 57.6263551308176 53.5966198529443 52.1696253393678 55.5915550427852 59.7612040755095 55.565788476276 51.1599196929979 50.1453221507276 49.6995068741017 50.5485927022838 51.9637357492538 51.1348398767962 44.9370245919905 46.7746828908866 45.2988587925158 47.8503568545641 52.5781055478064 53.9400554671664 54.0412860915654 51.7750927672383 47.7256431780189 42.0370324316614 41.3719023181961 41.3719023181961 42.1130915469105 41.3719023181961 41.3719023181961 41.0941238791714 41.0941238791714 41.3719023181961 37.4830041718494 37.7607826108741 42.4300696816228 42.8231141378959 43.1131132004942 43.377538858424 46.3575255350399 46.8568762332799 47.4286864029483 48.6624429252053 48.8851221145997 49.9857124088791 51.4533874701667
81.0390563692966 78.6525258688251 78.396218784843 74.301724778984 70.6360237119871 70.9056260186772 67.9437986630462 64.9975684501317 63.7309106398844 61.7362450523348 60.34923919301 61.7254260416998 57.9298299495416 54.3179804242033 55.6093916173608 56.7246480279292 57.0034621305713 55.5209187096841 56.7910129916596 55.6914422195947 54.272150287291 54.3685028770637 52.7534961339998 53.0745252661531 51.9922740496502 51.6889035882116 50.0185937932442 43.6123392176822 44.1286891937326 46.491649372764 45.3101692832483 41.3719023181961 41.3719023181961 41.3719023181961 42.1595557112066 42.0086021718343 41.9089978444683 43.5443123986505 44.3304013111966 45.5626810928166 46.5365290923298 47.7536982851219 48.1477884359211 48.6363426768179 51.230952704294 51.059105125745 52.5480033590011 58.2681149022065
89.4545838781794 85.9903958122955 81.6928306016843 79.1961270673438 76.4379835017555 74.897373957398 73.1524426157304 72.3581480499662 69.362156462846 66.9937433033128 65.0287931019987 65.8310394918964 63.9769386790902 64.0363102973354 62.7718418285896 59.4094180510647 57.3647013719623 57.0601807821703 57.0601807821703 57.0601807821703 57.0601807821703 57.0601807821703 54.906838458085 53.4822590247288 51.1259245945548 51.9925109185963 51.7113392074687 50.3861636318798 48.2157362961997 47.6731294622796 47.6731294622796 46.491649372764 47.5482264783894 49.843636908034 49.8245191631995 51.4380614388894 51.3045605404631 50.6312903010445 47.6731294622796 47.682173630574 48.065530621827 48.8760128906584 51.3325274671104 52.6307424111199 55.184554037122 55.4815149455334 57.255536415942 56.3581595202866
98.343133394041 94.7983067497435 90.1030116226599 84.2287063153746 82.7463179738502 81.6669997849469 78.3741850676578 76.6070860957014 76.3136874591089 71.6082090323247 72.5124563642029 71.4108093819499 67.3903692963202 67.123835855121 66.768310153678 65.3594019117513 62.8278545001362 59.7719320920101 57.1089135106907 57.0601807821703 57.0601807821703 57.0601807821703 57.0601807821703 57.0601807821703 56.4989455911267 55.0770611578095 51.1764724801453 51.551654201761 48.2338246327884 47.6731294622796 47.9420531748946 50.0934428758145 50.6312903010445 51.9759088641194 51.9759088641194 51.9759088641194 51.9759088641194 49.5555954505845 47.6731294622796 47.7002619671628 47.8178361549899 50.9290121201731 55.3206874503819 55.6702984263009 57.8954345175884 59.2081285919506 61.701278274308 60.9411806714688
103.691321870757 100.117266663129 95.4635114271437 91.1529847807053 87.9206960173854 84.9471628821563 83.6980357579994 79.8050780839152 79.9874500551133 77.6093700123003 74.2424195834606 73.9552178947246 71.7696531908395 68.6655013609593 67.1053151993778 67.1127234616751 67.1460606420128 65.5043827602668 63.7826429303581 62.0107367604174 59.1630965428756 57.0601807821703 57.0601807821703 56.4989455911267 56.7795631866485 56.2907256832565 54.9988913429039 53.2580927954936 51.0430667469693 50.535072376637 52.0686793350906 51.9759088641194 52.2382917229149 52.763057440506 52.763057440506 52.2382917229149 53.0254402993015 53.2812823042775 48.7797478030633 49.4427513870015 48.8224509441132 54.482147054333 56.860713205019 58.7117347981457 60.7775035962938 62.0982408971787 62.4883492907051 63.8219040620443
108.170933004463 106.058768783428 100.996621044086 97.7669550707061 93.5412822963354 89.5309765792649 90.6428795701532 86.5702810094316 85.1174221993671 80.8008409060392 81.338752264317 78.1953622003816 75.6473269338088 73.4419141624421 70.9750549177669 69.9613613822811 68.9037715391062 67.1497647731614 67.1497647731614 67.0942028059319 64.6028185012465 64.2523325411289 62.0081631506747 61.2591017586233 59.5135825029932 56.9916976034916 55.9176730256475 56.3607750343438 59.3376285718429 56.8079864945054 53.0321047533943 53.5558483193557 54.5382391264023 58.322873719812 59.0121956934574 57.3292199217091 56.4790289106098 55.7669615468216 53.5331667774277 52.2232967867094 56.0529371389621 56.0648588520029 55.8079827465682 61.0783276193732 62.5820919919375 64.1040169163519 63.700213467145 65.3717465673771
114.833680251074 112.274928010337 108.52206818205 103.116924819136 100.170492516813 98.3263063696494 94.5885526985983 92.1915806637987 89.0386860210266 86.0079907537786 85.8181189270547 80.6877831391723 80.2511059794384 77.856733390483 74.0973553320579 73.0510080198795 72.5449292447851 72.279859186683 70.8648005542516 69.6036337932785 67.0942028059319 66.2930835721484 64.1214656751807 63.2693611495486 62.9774827025553 62.6965032998173 60.8303808568809 60.1447265271291 63.4068560770991 65.770661868387 65.0788672326296 63.4978968387202 63.3900484470534 61.7511954241442 60.6124710039718 59.9681071932916 60.2261218377107 59.2928918798045 56.9591720688903 57.5679100637049 59.6710593871798 58.4606954440575 58.9598953900653 60.9381648508277 62.6274236318625 65.6131024593087 67.4144806831881 68.6675882121907
120.080194244388 115.32942415986 111.468842303001 107.210974060149 105.342909792189 103.116924819136 98.8956322640855 95.8468171643331 92.031092913504 88.6406636430577 86.1124635257229 84.8865616021578 82.1241026026632 79.5021429635489 78.4060251837867 75.3584208034951 72.8357639770588 72.147324157632 72.103145814615 72.3240375297 71.3656950915443 70.3336466961321 68.5611192744442 67.1460606420128 65.4714432522217 63.4813515226659 64.7120808192946 65.194122992667 64.7462252878356 67.3200268101518 69.4334039431547 68.5626213767831 68.4194175939916 67.9431160104311 66.610843073291 64.7139834930267 61.9566618821055 65.8169121373953 66.1056868842957 62.2269399571887 60.2537143364471 60.0594960200247 60.0987465743706 60.9433548755276 63.1737506724605 66.120682915526 68.3774187656524 72.3830483279555
123.712229228958 118.75972183709 115.078796211018 111.689725450666 109.514302833007 105.749354330174 102.613993338861 98.2221401924366 95.6124718556547 90.3555932609638 90.6296881127347 87.7275472769007 84.6068342386201 83.8684765232876 80.7573636320268 78.8177804500435 77.9378513108317 76.6677420268575 75.2632508846291 73.6845082896314 72.8019032834461 73.0094927940955 73.1198676533059 72.9441648916081 72.853513787678 70.9484847224014 67.3858588620065 71.0913970211885 69.7006733923826 72.4892532046782 70.7106781186548 69.1354365079489 68.4194175939916 68.4194175939916 68.5959877131189 69.1256980705008 69.1256980705008 69.1256980705008 68.5726754380283 64.7030753210089 63.8766579928767 61.1593080438167 62.01817479728 67.6049813649566 66.5016881887395 67.4004102358365 70.4954927591588 71.3850377089937
126.96196319207 123.033695157477 119.877324569736 115.53829137311 111.510675748582 107.866475639102 104.347554129112 101.733231294648 97.5003992561934 95.3154765537325 93.7534857093723 91.3169441418532 89.6056506381701 86.4880434666188 84.4921791490771 81.8462698607753 81.7545772409937 80.6092082119633 77.9595713251727 77.9675739453602 77.3455785324832 77.3415772223894 76.5366698400293 76.5718264291533 76.9272148746174 74.5398880354898 75.983875786452 72.3424555658985 71.758776453139 76.2414317844263 74.7124720622075 70.5825067589948 68.4194175939916 68.5959877131189 69.1256980705008 69.1256980705008 69.1256980705008 69.1256980705008 68.5726754380283 64.9780283269569 64.7015170107206 63.6868860716608 64.7207349755867 68.2977201310407 68.669444354851 69.5756088010411 73.513637299848 73.7104595056641
131.474607747968 126.620854374009 122.68962822647 117.943083436128 114.408718882215 112.281602500189 108.571279060559 105.730627990254 102.928684408944 100.382335252206 97.5127977513849 94.4285780245565 92.0796445684071 89.4234883300779 86.4195920124054 85.1489559048666 84.8122283535838 83.4559383217654 82.8775414010748 83.5132778724394 82.5720438854374 81.6005025638063 81.0445563072502 77.8202428967612 79.4711434673333 80.4945689331408 78.5437694941171 77.4393126366369 76.4037501560632 76.1002351589388 77.0626293230349 76.8760429832263 73.7014137718598 69.4040899859638 69.1256980705008 69.1256980705008 69.1256980705008 69.1256980705008 66.9136075406107 64.7015170107206 64.7015170107206 70.42237799627 69.6863815300291 67.7585702187144 68.9543829971717 72.495306405618 75.4995293839952 76.4795284001277
133.583440927069 128.750207048703 125.668826219868 123.235697602801 119.015452897315 116.855103366502 113.535581807791 110.899526759958 107.402163653744 103.994339253019 100.50150105882 96.7589816295273 94.214582891937 92.1498269758309 90.1328063424775 90.1136898848514 89.4672666767135 88.1851036169645 87.9025655636901 88.139143566114 87.6601640321199 83.1389560717837 81.47644362034 77.8352607397969 78.6497973497246 81.7521297591833 83.3088777129308 80.8484794572231 80.1174868909291 80.8277552022619 78.3865924970678 78.1578737664144 77.5115301715159 78.4205995175416 75.5869839337937 72.6500358141151 71.4752565662437 73.2374254380508 71.2865426990162 69.2782057991601 70.994464094825 73.8548945875996 72.7460415824461 69.9703410810475 68.2831310442913 75.3913331384102 75.8050512430948 78.0564330156835
136.049235398535 133.529988304098 129.352625793244 126.84161910381 122.484900308242 119.360804463338 116.014813166425 111.844096371301 108.61617859587 105.590000540845 103.731069825222 100.576794279752 97.3826732802637 95.0727008322417 94.0869030663307 93.3644201124372 91.8369768338232 91.3741555363665 91.2480835532982 90.6738286548195 88.2545777181696 84.6560141512963 84.3203365028486 82.0772742164949 81.2598467967334 80.9049824797337 86.5608129021893 84.8943625640477 84.8910333225807 82.8435404594084 81.7537348753946 80.4978601188815 79.1677630763457 78.9234168267281 78.5239320534724 78.5239320534724 78.5239320534724 78.5239320534724 77.3566726870042 74.1467094292167 73.8548945875996 73.8548945875996 72.7460415824461 72.2420174891945 73.5896502352557 76.1098430019457 75.8050512430948 79.2436783521004
139.796690935319 136.435244450693 131.33788945682 128.054626586827 124.092174129406 121.177960454791 118.006094873097 114.743568790137 112.286564981348 109.826880753054 107.179182771093 103.364447058396 100.876868723799 99.8843916031108 96.8441032263935 96.4970792766985 95.3840739408558 95.3543117078238 95.0770585115864 90.2032773475935 88.6430608692801 85.7341232188084 87.4145648575068 86.6194945953544 86.5255911958647 86.1639311571251 88.4349711895664 88.9198457975119 90.5026610475075 88.5628286145805 83.3592763687348 83.0568634958613 83.3397987033863 81.6587554440249 79.3042267211437 78.6799909870066 78.5239320534724 78.5239320534724 78.5239320534724 75.0221539540678 73.8548945875996 73.5524801316487 72.3428223078448 74.3675760873309 80.7040862285942 78.5314611059937 75.8050512430948 82.2733441184267
142.717123241914 139.082529230382 134.753274350236 130.99546898729 127.429005748458 124.293370722092 120.921720027216 118.134896700825 115.263778207908 112.24407591971 109.279922240187 106.134073896739 104.491376873798 101.736312809927 99.3263281618604 99.3109055737662 99.098442113815 98.0607230964314 97.4339074449422 95.4975910346544 92.5469555092618 90.0175276935983 90.843240397131 89.7835003286349 91.5581933799238 90.805475012243 92.1849061430368 91.8543738127789 94.590029647402 90.5738003013424 89.4166745022289 85.7929341695337 83.3074470710145 87.0055911211251 86.3674099944531 83.343040486853 81.1885317676703 78.5239320534724 78.5239320534724 75.0221539540678 73.8548945875996 73.5524801316487 73.8361864377968 80.2128622322061 80.7442518817402 80.7051690710966 77.9905540923059 79.4417712744272
143.970808917234 141.080451904068 136.405912717058 132.472477354608 129.711202377933 126.687465295348 123.968432192073 121.916578023208 119.05437134297 114.152245989549 111.657383123652 108.484858566868 105.992998694555 105.633563271368 102.697801516629 101.965912817496 102.414833615791 101.769473250638 100.256682773366 100.043561714638 97.5343254264953 96.6437233719769 95.2978494833497 95.6432407716286 93.5169539549729 95.1173871186749 95.2266137167937 95.6710797737955 98.7909665326327 95.5250461315816 92.0819085698103 89.4166745022289 87.940571187536 88.7847383507709 87.7891535920252 87.9338594419899 87.9338594419899 87.3348819266438 84.973352534878 77.6112763265535 76.7231774141592 79.5914602407188 81.3165388194527 80.7442518817402 80.7442518817402 80.7286187574828 80.6295450590602 82.9135570878237
146.546255386762 142.795083668073 138.750328684759 135.852111682101 133.598069745657 130.10487856086 126.866747842654 122.592937148404 120.450679515996 117.038436028972 113.331975442456 110.827201337463 109.217524805333 108.20499296292 106.409300421103 105.633252276955 104.687347495274 103.430898293942 102.913851554808 103.128976481225 101.020437252584 101.233895230043 99.494916589499 98.8327994911539 98.6099540181497 100.513881652091 98.5799914195121 98.391172832329 101.962327668006 99.7232088173436 96.1558088748157 94.7210980396289 90.5738003013424 91.7851017159271 93.6328026331919 90.9874967573883 87.9338594419899 87.9338594419899 87.9266214062807 83.9568982008458 83.0380619865834 83.0333996325903 82.3180409604497 80.7442518817402 80.7442518817402 80.7442518817402 80.7051690710966 85.3681815582189
146.872238532828 143.912340511539 141.988055333594 138.075296619704 135.499295303615 132.273817590013 128.179137128166 124.997153584062 121.506911701833 119.414407830393 116.076017376768 113.593095117265 111.127088160612 110.026034978054 109.767720257261 108.05474068241 107.104254652844 105.391621207227 105.827650381266 106.435059431128 105.236560768203 103.271082439146 103.093303107224 103.467122339996 102.624352911731 104.357314140991 104.207932843143 102.397343844271 105.101625813252 103.185936501152 101.484046225408 98.2528102130169 95.4751521738628 96.9407575936807 94.249724894575 95.3717502798999 95.5679527304859 93.0232549676539 88.6501221630282 83.4096136805732 83.0940102344997 83.0473866945694 81.602682288309 80.7442518817402 80.7442518817402 80.7442518817402 80.7364353196115 84.9910003303149
147.565693741729 144.11818712888 141.738585415272 139.355689974116 137.222646067314 134.147223647451 130.271694930621 127.676647454194 125.557573674166 122.556202997519 119.281331606134 116.683249719308 115.046452832969 113.192245888987 112.129058156401 110.796242623228 110.220103710536 109.802221440809 109.024203927112 108.89951760426 108.786187237532 105.159699157603 101.28999593206 103.544212283782 106.241320274483 106.976667379255 107.128997692859 108.042637807761 108.327469731805 107.238102908815 105.581090989644 102.166260921948 100.202651072451 99.8430453158757 98.7190688036235 96.8704680108762 96.2583914073408 95.5155144246895 96.0768922830523 89.9375162828409 85.4371611664206 83.0753608185276 82.1749692260215 80.7442518817402 80.7442518817402 80.7442518817402 80.7442518817402 84.4416180143108
147.305154469368 144.950930399228 142.908303277969 140.732658489864 139.117154479846 135.202826045137 132.777725913977 130.510280030526 127.692797760499 125.025501566789 121.970117782729 119.983230699253 117.71717043644 116.510055199205 114.727632545783 113.698840886812 112.612118803131 111.990331982727 112.329591129345 112.427599934546 112.834341889389 104.958442570889 101.666997871735 107.513586359341 108.552556299236 109.34175328856 111.856301889134 111.864234458671 112.484948696702 111.552475535465 109.464076243467 107.482287875694 104.219317444919 103.886542305548 103.829999477004 99.5027619264112 100.530672736091 98.3494333610342 96.5730792738747 91.1332813627472 90.9545439619801 88.1237998378965 84.8936197263416 81.4596105538809 80.7442518817402 80.7442518817402 80.7442518817402 84.0382904743117
