WorldClim_2.0_rasters/WC2.0_bio_02_16.asc
NCOLS 642 
NROWS 378 
XLLCORNER -19 
YLLCORNER 19 
CELLSIZE 0.166666666666667 
NODATA_value -1.7e+308 
[rows 357 to 377 of 378, columns 336 to 383 of 642]
-1.7e+308 -1.7e+308 -1.7e+308 -1.7e+308 -1.7e+308 -1.7e+308 -1.7e+308 -1.7e+308 -1.7e+308 -1.7e+308 -1.7e+308 -1.7e+308 6.55419384439786 13.819937368234 14.2437290946643 13.8102082759142 13.2057707508405 13.485187480847 14.1550417070587 14.3720416600506 15.2790624648333 15.9337083896001 16.1079790194829 15.8316456973553 15.7637915958961 15.7057501624028 15.9020208219687 16.0174166808526 15.9168122162422 15.8810415416956 15.4399582097928 15.2489583492279 15.3994792550802 15.8124583611886 16.0073126157125 15.9490000555913 15.927062506477 15.7875208606323 15.5671041707198 15.2220417136947 15.0925416896741 15.2818125709891 15.2519375284513 15.0011249855161 14.9119790444771 14.8017706573009 15.4247291733821 15.6014374593894
-1.7e+308 -1.7e+308 -1.7e+308 -1.7e+308 -1.7e+308 -1.7e+308 -1.7e+308 -1.7e+308 -1.7e+308 -1.7e+308 -1.7e+308 -1.7e+308 8.30470282832782 14.2133957544963 14.7226251264413 13.5356874068578 13.6935207694769 13.7111250261466 14.4133124152819 14.2585000445445 15.1172083715598 15.6786875625451 16.0719582438469 15.9143539965153 15.7805416832368 15.6356875846783 15.6954585413138 16.0782291144133 15.740791802605 15.8979790012042 15.4048750797908 15.2334373394648 15.3767501811186 15.8918541570505 15.8518541504939 15.966166883707 15.9618124763171 15.8624999523163 15.7570625444253 15.3305209577084 14.8768124034007 15.0372499227524 15.1833124260108 15.2704374045134 15.261833290259 14.7187084356944 14.681270763278 15.2016664842765
-1.7e+308 -1.7e+308 -1.7e+308 -1.7e+308 -1.7e+308 -1.7e+308 -1.7e+308 -1.7e+308 -1.7e+308 -1.7e+308 -1.7e+308 -1.7e+308 12.3023116042217 14.1540210396051 15.1372500260671 13.9431041528781 14.3290000160535 14.6599793533484 14.7763957679272 14.8380208164454 15.2998332381248 15.8348750869433 15.7368124127388 15.6878126015266 15.708937416474 15.7539999186993 16.0467499395212 16.2431872983774 15.6905000209808 15.9072500765324 15.5837291330099 15.7371040383975 15.6668333162864 15.4998124639193 15.6677916546663 15.8840209593376 15.9929794420799 15.8254790504773 15.6865208993355 15.5590000549952 15.1183956911166 14.9296875546376 15.284250040849 15.4635000005364 15.5049166356524 15.4608124047518 14.7609166701635 14.6775209705035
-1.7e+308 -1.7e+308 -1.7e+308 -1.7e+308 -1.7e+308 -1.7e+308 -1.7e+308 -1.7e+308 -1.7e+308 -1.7e+308 -1.7e+308 4.68651792407036 12.4935360699892 13.7101042171319 14.0229375114044 13.8881875226895 14.6774376481771 14.476749882102 14.9100000709295 14.7118749866883 14.967874939243 15.26764579614 15.3727917571863 15.4927709798018 15.562103976806 15.9100207984447 16.0588125288486 16.4162085006634 15.9807916780313 15.8936875512203 15.6897497971853 15.540041560928 15.580874885122 15.4655417352915 15.451103930672 15.7871875266234 16.0296250134707 16.059041539828 15.6590623954932 15.44908332328 15.0176041275263 14.796250000596 15.0560831179221 15.1696249718467 15.364895803233 15.5579582874974 15.5161875287692 15.326187496384
-1.7e+308 -1.7e+308 -1.7e+308 -1.7e+308 -1.7e+308 -1.7e+308 -1.7e+308 -1.7e+308 -1.7e+308 -1.7e+308 -1.7e+308 -1.7e+308 8.72293130556742 12.40827079614 13.7557708223661 14.5844166179498 14.5197293162346 14.5053748935461 13.3588958779971 12.917604068915 13.6789373805126 14.6666041711966 15.0567082762718 15.2469375232855 15.4159998943408 15.5747708827257 14.9041874408722 15.9987917095423 16.0658957362175 15.7454373091459 15.0905208637317 15.3473331977924 15.2668748448292 15.7557501792908 15.613812516133 15.7858123282592 15.8795833985011 16.0823332518339 15.895166794459 15.1558331598838 14.6614583383004 14.7688542852799 15.4448124095798 15.448124875625 15.3178332671523 15.4511457035939 15.4251876523097 15.7881458302339
-1.7e+308 -1.7e+308 -1.7e+308 -1.7e+308 -1.7e+308 -1.7e+308 -1.7e+308 -1.7e+308 -1.7e+308 -1.7e+308 -1.7e+308 -1.7e+308 4.87848441799482 11.5491876105467 13.2443749407927 14.2368958294392 14.6749791900317 14.4242708136638 13.4504165897767 12.9808331976334 13.5695625692606 14.4255625555913 14.8842501391967 15.0651457160711 15.3762916525205 15.6890207876762 14.9940000524124 15.844354207317 15.9440832436085 15.337916513284 15.4501667668422 15.3506876081228 15.3856666286786 15.6818333069483 15.6230626404285 15.6827290207148 15.8380833864212 15.9604165305694 15.9551042169333 15.0738958319028 14.504020879666 14.958645939827 15.1366250266631 15.4723748713732 15.6852501059572 15.4362499217192 15.7061458478371 15.5872708310684
-1.7e+308 -1.7e+308 -1.7e+308 -1.7e+308 -1.7e+308 -1.7e+308 -1.7e+308 -1.7e+308 -1.7e+308 -1.7e+308 -1.7e+308 -1.7e+308 -1.7e+308 11.458836932977 12.8209167420864 14.0681458959977 13.9806874990463 13.8657708466053 13.6804582079252 12.8670416399837 13.1517916892966 14.1370833814144 15.1039165829619 15.217333411177 15.0395416567723 15.1816042313973 14.9357500572999 16.003583163023 15.6806875765324 15.4511042485634 15.4050625065962 15.0018332799276 15.3961874395609 15.5607706705729 15.1506459414959 15.493500088652 15.8829374561707 15.9044166654348 15.8566663960616 14.6148125529289 14.3332291295131 15.1413333614667 14.9113750954469 15.2306042065223 15.8218125949303 15.7216249853373 15.821937546134 15.8119999965032
11.0030096918344 -1.7e+308 -1.7e+308 -1.7e+308 -1.7e+308 -1.7e+308 -1.7e+308 -1.7e+308 -1.7e+308 -1.7e+308 -1.7e+308 -1.7e+308 -1.7e+308 12.2995510101318 13.7085209091504 14.3696249028047 14.6581459641457 13.9978750646114 13.0830208857854 12.223854119579 12.7712500840426 13.5437707925836 14.5453124170502 14.4480417668819 14.6808124432961 14.8304374814034 15.3402290940285 15.8319375813007 15.4967707892259 15.3007917404175 14.9000208179156 14.8301875442266 15.055437485377 15.6185833017031 14.9726249277592 15.7617083539565 15.7862290789684 15.9003541767597 15.7834375301997 15.7018124610186 15.2418751269579 15.4359583606323 15.294333383441 15.1022290637096 15.6646040678024 15.994333277146 15.9784166912238 16.0856874038776
11.1174644182126 6.93309878806273 -1.7e+308 -1.7e+308 -1.7e+308 -1.7e+308 -1.7e+308 -1.7e+308 -1.7e+308 -1.7e+308 -1.7e+308 -1.7e+308 -1.7e+308 9.47734606266022 13.0683956543605 14.2136458257834 14.2289791007837 13.9343750526508 12.3051668057839 11.957729049027 11.853458315134 12.5212917029858 12.9197708840171 13.2831249758601 14.2638125816981 14.9528957853715 15.4224790980419 15.4468957086404 15.0970416168372 14.9307707796494 14.5676042685906 15.007479156057 15.187916542093 15.5581249445677 14.8817708889643 15.0106249749661 15.7391249934832 15.718270778656 15.616479019324 15.7421249449253 15.166520819068 15.0428958684206 15.1719792385896 15.2718750089407 15.7848124951124 16.0573334395885 16.2582709491253 16.2550832877556
11.3334352026383 -1.7e+308 -1.7e+308 -1.7e+308 -1.7e+308 -1.7e+308 -1.7e+308 -1.7e+308 -1.7e+308 -1.7e+308 -1.7e+308 -1.7e+308 -1.7e+308 -1.7e+308 11.462136944135 12.9118332962195 13.3004375795523 13.2951874832312 12.2290416111549 12.1715000420809 12.062895933787 12.4977499693632 12.3281666102509 12.3602083846927 14.1422500361999 14.9645417481661 15.3066875040531 15.1339792509874 15.0485624323289 14.8027083526055 14.8240623772144 15.1330208828052 15.2004166940848 15.3911666025718 15.3774998635054 15.4581042130788 15.6687707106272 15.5511249154806 15.5104375183582 15.7021874189377 15.6890625158946 15.7334999640783 15.2909999887149 15.7127916365862 15.7120208988587 15.9732916851838 16.2427290628354 16.458333298564
11.6398334602515 -1.7e+308 -1.7e+308 -1.7e+308 -1.7e+308 -1.7e+308 -1.7e+308 -1.7e+308 -1.7e+308 -1.7e+308 -1.7e+308 -1.7e+308 -1.7e+308 -1.7e+308 -1.7e+308 12.0886042217414 13.0098541279634 13.3486251533031 11.883687466383 11.6626457522313 11.9473332216342 11.9497499813636 12.0869791768491 11.9940416961908 13.3994375268618 14.5914167215427 14.7888124783834 14.9670417010784 14.9936874508858 14.9500623941421 14.9243333339691 14.8573125352462 14.9719791909059 15.4722291727861 15.4723541736603 15.2298333545526 15.5097292413314 15.5307915012042 15.5261041174332 15.7061666846275 15.8285834342241 15.9854376564423 15.9127707829078 15.7567081699769 16.0182915677627 16.2221040527026 16.3851459821065 16.5376458615065
12.0030416945616 -1.7e+308 -1.7e+308 -1.7e+308 -1.7e+308 -1.7e+308 -1.7e+308 -1.7e+308 -1.7e+308 -1.7e+308 -1.7e+308 -1.7e+308 -1.7e+308 -1.7e+308 -1.7e+308 7.62392628192902 12.405020882686 13.2864374419053 12.386208280921 12.2555625935396 12.7812500496705 11.912729109327 11.9888750364383 11.7180624132355 12.315125092864 13.9209584171573 14.3875000427167 14.6313749601444 14.871104011933 14.8973333587249 14.4784583002329 14.0797917445501 14.4857082664967 14.731479058663 15.1565624376138 15.2391875336568 15.4445415983597 15.5141457915306 15.5599375367165 15.7707707981269 15.8519374529521 16.0420625110467 16.2019581645727 16.270395586888 16.2453333785137 16.456666568915 16.4357500125964 16.4423125932614
11.942645808061 -1.7e+308 -1.7e+308 -1.7e+308 -1.7e+308 -1.7e+308 -1.7e+308 -1.7e+308 -1.7e+308 -1.7e+308 -1.7e+308 -1.7e+308 -1.7e+308 -1.7e+308 -1.7e+308 -1.7e+308 9.12270506223043 12.278104086717 12.0714164972305 12.2994792163372 12.6385208666325 12.3278333495061 11.780312538147 12.392895847559 12.3108125204841 12.6172916690509 13.0700415844719 14.1545417308807 14.8010832369328 14.8625832696756 14.8637917786837 14.7149375230074 14.5584166397651 15.0406041691701 14.9972292284171 15.1585416893164 15.3785415142775 15.4936875204245 15.4978124250968 15.790229121844 15.9583541701237 16.0027708560228 15.9814373006423 15.9559789846341 16.0320210506519 16.0594372451305 15.7954583317041 16.1473333934943
11.9288541475932 -1.7e+308 -1.7e+308 -1.7e+308 -1.7e+308 -1.7e+308 -1.7e+308 -1.7e+308 -1.7e+308 -1.7e+308 -1.7e+308 -1.7e+308 -1.7e+308 -1.7e+308 -1.7e+308 -1.7e+308 -1.7e+308 -1.7e+308 8.58398989836375 11.7935353914897 12.6047080854575 12.8777291377385 12.2819791982571 12.6175209085147 12.9735208998124 12.3710415884852 12.3677708183726 13.5845416684945 14.6875625252724 14.7251250346502 14.8997290531794 15.0843541771173 14.7531459232171 14.7904583166043 15.0261875937382 15.0220416784286 15.1910625696182 15.3391874382893 15.460708245635 15.6250416239103 15.7834167033434 15.7861458907525 15.6202500710885 15.2461041708787 15.6088126152754 15.7794790714979 15.5648124714692 15.8715000003576
11.6486249417067 -1.7e+308 -1.7e+308 -1.7e+308 -1.7e+308 -1.7e+308 -1.7e+308 -1.7e+308 -1.7e+308 -1.7e+308 -1.7e+308 -1.7e+308 -1.7e+308 -1.7e+308 -1.7e+308 -1.7e+308 -1.7e+308 -1.7e+308 -1.7e+308 -1.7e+308 10.3276634613673 12.3327080905437 12.7694999476274 12.8478332360586 12.9282916883628 12.1353334163626 12.4682499480744 12.5545207411051 14.0497917085886 14.760020762682 14.4174166719119 15.0862291951974 14.7159167875846 14.912166501085 14.8607709109783 14.9746040453513 15.0482290883859 15.1984582146009 15.1334168712298 15.4006250997384 15.6521460016569 15.5780832519134 15.3204374710719 15.038062547644 15.4218540986379 15.5277916043997 15.6923958112796 15.5047082553307
11.1402498781681 5.29754783709844 -1.7e+308 -1.7e+308 -1.7e+308 -1.7e+308 -1.7e+308 -1.7e+308 -1.7e+308 -1.7e+308 -1.7e+308 -1.7e+308 -1.7e+308 -1.7e+308 -1.7e+308 -1.7e+308 -1.7e+308 -1.7e+308 -1.7e+308 -1.7e+308 -1.7e+308 9.32792470852534 12.24175025026 12.4065208832423 12.8712500135104 12.1579583038886 12.078979027768 12.2977499862512 12.7684582993388 13.6781458258629 13.9662291208903 14.6678332636754 14.5619582732519 14.5795415441195 14.6045832683643 14.7458332926035 14.9518958975871 15.1213124593099 14.6008541633685 15.2656666785479 15.4885208656391 15.3217499107122 15.029833227396 14.9742290973663 15.0272500912348 15.2870832433303 15.5127707719803 15.2620210299889
10.8371250331402 7.94011726975441 -1.7e+308 -1.7e+308 -1.7e+308 -1.7e+308 -1.7e+308 -1.7e+308 -1.7e+308 -1.7e+308 -1.7e+308 -1.7e+308 -1.7e+308 -1.7e+308 -1.7e+308 -1.7e+308 -1.7e+308 -1.7e+308 -1.7e+308 -1.7e+308 -1.7e+308 -1.7e+308 8.47464057803154 12.2177290519079 12.7849999964237 12.1482083896796 12.4205209513505 12.3464791576068 12.2973749190569 12.4567708820105 12.9576249519984 13.9202083249887 14.0023958086967 14.4747706651688 14.6163541426261 14.7991249263287 14.8657915840546 14.434333384037 14.2000000476837 15.0052707791328 15.2186666776737 14.9814167022705 14.5458540717761 14.9705000420411 15.3061666886012 15.3291040907303 15.4200207938751 15.2068957934777
9.89841670294603 5.61060000459353 -1.7e+308 -1.7e+308 -1.7e+308 -1.7e+308 -1.7e+308 -1.7e+308 -1.7e+308 -1.7e+308 -1.7e+308 -1.7e+308 -1.7e+308 -1.7e+308 -1.7e+308 -1.7e+308 -1.7e+308 -1.7e+308 -1.7e+308 -1.7e+308 -1.7e+308 -1.7e+308 -1.7e+308 10.9950472811858 12.3284790416559 12.9937707781792 12.792583356301 12.4863125334183 12.9630418817202 12.3306249802311 12.4934998676181 13.7784373611212 13.8094165325165 14.2075416992108 14.7562501231829 14.6050208210945 14.5894374996424 14.8011458665133 14.4266666471958 14.8327084432046 14.8328750977914 14.7087916831175 14.4745207975308 15.2199166715145 15.0510416179895 15.3339166889588 15.2891666442156 15.5303750981887
10.239500015974 9.64768735567729 -1.7e+308 -1.7e+308 -1.7e+308 -1.7e+308 -1.7e+308 -1.7e+308 -1.7e+308 -1.7e+308 -1.7e+308 -1.7e+308 -1.7e+308 -1.7e+308 -1.7e+308 -1.7e+308 -1.7e+308 -1.7e+308 -1.7e+308 -1.7e+308 -1.7e+308 -1.7e+308 -1.7e+308 5.20996098717054 12.1826458275318 12.8003748257955 13.0702706476053 12.1124168286721 12.5117916961511 12.0701874742905 12.1077707385023 12.8226664910714 13.7172083755334 13.9820625235637 14.485291659832 14.4125207712253 14.3786874463161 14.4666042079528 14.1251457681259 14.7665626257658 14.3595000952482 14.4606249431769 13.9342290759087 14.491041585803 14.7262709140778 14.8742292771737 14.9819791615009 15.3913542230924
10.2267500460148 10.3694838285446 -1.7e+308 -1.7e+308 -1.7e+308 -1.7e+308 -1.7e+308 -1.7e+308 -1.7e+308 -1.7e+308 -1.7e+308 -1.7e+308 -1.7e+308 -1.7e+308 -1.7e+308 -1.7e+308 -1.7e+308 -1.7e+308 -1.7e+308 -1.7e+308 -1.7e+308 -1.7e+308 -1.7e+308 -1.7e+308 10.1262300809224 12.5016875962416 12.9687498609225 12.6247084587812 12.1881876438856 11.9310206969579 12.1793541709582 12.4098125696182 13.5310834397872 14.1684374809265 14.3664166579644 14.1215832481782 14.1920206795136 13.9310625642538 13.8038749744495 14.6237501104673 14.1435833374659 13.7273125996192 13.4399791955948 14.3990415831407 14.4535000771284 14.055270810922 14.4384793738524 14.8439583778381
10.0973540494839 10.0276248802741 -1.7e+308 -1.7e+308 -1.7e+308 -1.7e+308 -1.7e+308 -1.7e+308 -1.7e+308 -1.7e+308 -1.7e+308 -1.7e+308 -1.7e+308 -1.7e+308 -1.7e+308 -1.7e+308 -1.7e+308 -1.7e+308 -1.7e+308 -1.7e+308 -1.7e+308 -1.7e+308 -1.7e+308 -1.7e+308 -1.7e+308 11.9392082989216 12.7579375207424 12.9896249522765 12.2235416372617 12.8513124783834 11.8501874953508 12.4901249880592 13.2963542093833 13.9593125333389 14.1246249179045 13.9968750029802 14.0672916819652 14.2289999524752 13.8682915767034 14.4480624844631 14.0646250396967 13.3646457840999 13.3828540643056 14.3383124669393 14.3056041250626 13.548041810592 14.1577916691701 14.5715625236432
