WorldClim_2.0_rasters/WC2.0_bio_09_16.asc
NCOLS 642 
NROWS 378 
XLLCORNER -19 
YLLCORNER 19 
CELLSIZE 0.166666666666667 
NODATA_value -1.7e+308 
[rows 189 to 209 of 378, columns 141 to 187 of 642]
5.79266667862733 5.58645833469927 5.60983333550394 5.25279165742298 5.03329166552673 5.01016668540736 5.04358333411316 4.49054168189953 6.58987499575596 10.2736666736503 9.70212502591312 9.65750001184642 10.2529583020757 10.7696666754782 7.54362499492709 5.96033329617543 4.87545830032711 5.37520833926586 4.89050002504761 7.23770833248273 5.40274996248384 4.96591667504981 4.77491664219027 4.31650004334127 4.35583335099121 5.13883333288444 5.24895834878165 4.62950003064179 8.13870833752056 9.8481250560532 10.326666696618 9.68333329508702 10.4179999362677 6.26087501148383 3.85962497318784 3.70591667667031 3.54850000143051 3.32958337416251 3.82395830067495 4.1779583463552 3.68099997534106 3.2395416876922 1.92370834155008 2.29374998652687 2.32791669783182 1.86075001147886 2.45608333591372
5.10991665596763 5.2010833012561 5.36520835322638 5.12750001686315 5.07329168356955 5.02133333900323 4.33470834048542 3.90416664878527 6.17516667209566 9.72445834738513 10.6315833640595 10.3033333172401 10.6369166709483 12.7431250164906 13.4247083278994 8.86337497613082 4.69954163845008 4.91970833375429 4.2296666521191 4.59675000654534 4.22562500586112 4.34608331260582 4.38424999460888 3.75020834539706 4.76779167094113 5.49791667160268 5.5449583446607 5.36033334862441 8.29612502094824 9.67758333760624 11.5468750198682 9.93562497074405 7.43229166977108 4.10216665578385 4.10595836055776 4.0186249849697 3.86408334970474 3.85783338919282 3.87320836633444 3.79420831551154 3.67729164039095 2.97762501612306 2.64270830216507 2.03666667506332 2.39691669497794 2.11316667497158 2.12533330762138
5.20412495856484 5.35891668498516 5.0704166724657 5.11304163901756 4.7934583016128 3.90095835660274 5.47729169546316 11.6005416554399 14.3561249691993 5.60924998826037 7.3905000075077 6.67899999534711 7.35129162141432 13.471541625758 12.8517916142106 6.08270832923396 4.5805833284976 4.04058332415298 3.69312502009173 4.23683334242863 4.28258334608593 4.09708332605078 4.09095833357424 4.94945833397408 5.4134166756024 5.94195831008255 5.65000003576279 5.67020835083288 8.70058336023552 10.4011666799585 9.56508336060991 5.42079164056728 4.56774999946356 4.46224999551972 4.33829165498416 4.1161250056078 4.14329168324669 3.93725000197689 4.13149998585383 3.66995831330617 3.47833334282041 3.67554167533914 3.33266667897503 4.3839999929769 3.72887502040248 2.31308335469415 2.47216671456893
5.63158331966649 5.01408333797008 4.61979167903579 4.38750000800549 4.13783330307342 4.26862498838454 12.2009999329845 15.0302499930064 15.4319166342417 8.12312496608744 4.64504165725278 4.77583329967456 4.71016664948547 4.73025002734115 5.37220834824257 7.63854168076068 6.49670835522314 3.94566665093104 3.59912499661247 3.39441668418779 4.90162501484156 3.09966670287152 3.24020834205051 3.48679168149829 4.3576249666512 5.59529161639512 5.62229169439524 5.62900000469138 8.6893750471742 13.0666250512004 8.83420830251028 4.77266664554675 4.62329166941345 4.63708334602416 3.90166670208176 3.63591667202612 3.97945833082 4.20500000566244 4.31687498837709 3.47574997444947 3.22154169157147 3.25737502550085 3.75725005318721 3.9954999887074 3.81266668190559 2.16483334731311 2.57279168628156
8.63383331460257 8.48070833894114 5.3122916854918 4.97420834408452 4.71754168309659 9.64979165534411 14.9596250504255 15.385916630427 15.8111667335033 8.34283338427 4.61708336472899 4.97070835102932 5.27766671619611 6.85199997704088 12.2864166768268 14.3526249825954 9.18208330248793 4.12312499061227 4.58845833883 4.53391667138203 2.65920836321311 2.9782916532519 3.18154169929524 3.63300000565747 4.02454166611036 4.84749999690393 4.83541665343607 9.3704583455498 9.20954165840521 11.7254583135558 5.5481249683847 4.56341663810114 4.72041668479021 3.65237501698236 1.96283336294194 3.59324999836584 3.95495835815867 4.21512501314282 4.33145832146208 4.1286666666468 3.47862501566609 3.13741668065389 3.01779168347518 3.03904168183605 3.08479167148471 2.92558333588143 2.79016666362683
7.67929170653224 6.79299999214709 5.53433333958189 5.62829167737315 5.49229166470468 11.6179166277871 15.3181249474486 16.0126250088215 16.1397499740124 10.7587083125642 4.96683333443555 5.07504165684804 5.39400003780611 13.7090416606516 15.2124166985353 15.0033750434717 14.7165417174498 5.73383333844443 4.60916667074586 4.62766668021989 3.64741665677866 2.83304166988819 3.36395835721244 3.76299999033411 3.87474997900426 4.97212499933084 9.78445832493404 15.1197916089247 13.3529999530874 12.2346249825011 5.92012501942615 4.72979168004046 4.54191668890417 2.34470831447591 1.64266666087011 2.40554165405532 4.21037500848373 4.18966671824455 4.29595833147565 4.17062498815358 3.82420830925306 3.4347083568573 3.21704165389141 3.29612501462301 3.19383335113525 3.26650002847115 3.00912499055266
6.24224999795357 6.00450000166893 5.73316667973995 5.50337497517466 5.53150001602868 6.51845834124833 13.7234167090307 16.4455000559489 16.1199167072773 13.041041725548 5.69562500986892 4.96004166315349 5.04287498474044 15.0029582601661 16.1501249770323 15.9172083338102 15.831791728735 5.39854165539145 4.72824999317527 4.6949583364573 4.47591667280843 4.7863749723183 4.25204168694715 3.75825005893906 3.85399999221166 5.33387498173397 12.2189166434109 15.5552916526794 8.10041668079793 5.00208330526948 4.51850002321104 4.51845830803116 4.18141665433844 3.2776666469872 2.29704167321324 3.34304165529708 4.07441671813528 4.2095416802913 2.49358336875836 1.72920834762044 3.43866665412982 3.51620835065842 3.09733335425456 3.34962494919697 3.51337499916553 3.45387497047583 3.35899999116858
6.01295835586886 6.1271666623652 5.90745833950738 5.6091666361317 5.54666668300827 5.3970416445906 5.48454168982183 8.56041667850998 11.9571666810662 9.96912499517202 5.7571666566655 5.20812504554245 5.82858334442911 10.5987499542534 13.254125037541 15.1476666710029 14.7337499383527 6.16641663884123 4.53370827808976 4.43883336964548 4.52891667070799 5.23404166680606 6.06208335235715 5.70412500761449 6.02954169797401 5.82404166273773 5.48008333473505 5.44316664561241 5.55233327982326 5.26583334268071 4.78737499223401 4.2874166748176 3.74758330484231 3.7379583803316 3.66345833738645 3.72016662235061 3.28637498989701 1.66095832238595 1.31920832768083 1.29849996293585 3.14166667188207 3.68716667219996 3.22899999593695 3.35341667756438 3.59220832462112 3.71787496407827 3.56783327708642
6.11566670114795 6.10666671395302 6.02729167106251 5.66345834545791 5.37779170460999 5.48058331819872 5.23512498863662 5.56141663752108 5.50454167082595 5.70387497978906 5.69054170278832 5.26062500049981 5.05008335141368 5.23108334691885 7.39054164957876 5.34620831367404 4.75824997449915 4.68258329977592 4.74579166908128 4.91683332177733 5.128500022615 5.80225001337628 6.18950002702574 6.37958335876465 5.98445836827159 4.81500000444551 4.72104166696469 4.99041669163853 4.77741663778822 4.83741664964085 5.06191665011769 4.75516668396692 3.88912498578429 3.70383332297206 3.53454168016712 3.38145831103126 1.36874997926255 1.22825000497202 1.23625002180537 1.3636250110964 3.41154167428613 3.58570831889907 3.52479164550702 3.35766662905614 3.63291669140259 3.9627082987378 3.61612502175073
6.22062504601975 6.12600002189477 6.18749999565383 5.85458331306775 5.4419582982858 5.34000001382083 5.36816669038187 5.54620834967742 5.32487498410046 5.6158333629525 5.52466664727156 5.29133334138411 5.28350001664755 5.25062501475622 5.28324998940419 5.18029165267944 4.90741666274456 4.75029165392819 4.12029165557275 3.70462501669923 3.72350001242012 4.08250002252559 5.42020837155481 10.9302082825452 10.7394166585679 5.84041667698572 2.60466665029526 2.85766666382551 2.90370834463586 3.39170833929287 5.3119583488442 4.86920829614004 3.78054164598385 3.52412498742342 2.70483332499862 1.54975003500779 1.3039166678985 0.837291686485211 0.809000001599391 1.02212498957912 3.37612499296665 3.59408332531651 3.63320832202832 3.75070831055442 3.81487497190634 3.96687502662341 1.53145834927758
6.53450001155337 6.54545828575889 6.37341673423846 5.94716663348178 5.50262501028677 5.24204165907577 5.42970835386465 5.46620832880338 5.64558334307124 5.56762499796848 5.53687500177572 5.47079167693543 5.47741668822709 5.44412504588157 5.19995832532489 5.05983336099113 4.87337498943088 3.34945832264066 3.29733335017227 3.49620836476485 3.61037501009802 3.56158334513505 9.15850006664793 13.2898334115744 12.0658333003521 6.97562497978409 1.9214999973774 2.28312499258512 2.67716666993995 2.55433333618566 2.7805833274421 3.20591667015105 1.6326666859289 0.494875002652407 0.360499995450179 0.618833324561517 1.05570833633343 1.02154166251421 0.955624975264072 0.938583289583524 0.980583321303129 1.18574998962382 1.35041665534178 2.12583332446714 3.36875000223517 2.74145833899577 1.06158330664039
6.52333333964149 6.47516671443979 6.38875000551343 5.96104167277614 5.4316666610539 5.23258335608989 5.17700000929957 5.31670835008845 5.40687498822808 5.38987501997811 5.53054168665161 5.57083334897955 5.49191666597229 5.2757916842141 4.90524999921521 4.2213750059406 3.67120832049598 3.27149998353949 3.50125003233552 3.89575001597404 3.57445833024879 4.34570831308762 13.9712083339691 12.8355417003234 12.1287916700045 7.03137494251132 1.87291664645697 2.08512499912952 2.33333332935581 1.76295835070778 0.732499985955656 0.438208324834704 0.293875019997358 0.568125005811453 0.951666628941894 1.22249999456108 1.2909166837732 1.05462498714527 1.11395831654469 0.938208340356747 0.969083338975906 0.954333319018284 0.938416662315527 0.734416683514913 0.489666607230902 0.991791645685832 0.949458325281739
6.45974998921156 6.35808337231477 6.03691667318344 5.74475000301997 5.52329165488482 5.11454168551912 5.07954168568055 5.26279168653612 4.9876249821585 5.27350001363569 5.38258331959272 5.27375001770755 5.2885416962769 5.04191665491089 4.62608333285122 3.36712497969468 4.02429165303086 3.73604169177512 3.68137500931819 3.81758330017328 3.44054167034725 4.53524999817212 13.0473333746195 12.4458750635386 11.8654999906818 3.2150000060598 1.7908749969259 1.28962498014638 0.522583360628535 0.0285833391050498 -0.132458321750164 0.250291665395101 0.715750023412208 1.1272500269115 1.09433335065842 1.07720833271742 1.00687500461936 1.00883333819608 1.3259583308051 0.969333346933126 0.80833333482345 0.789333357165257 0.824875010798375 0.952708310137192 1.15920829027891 1.02691663739582 0.944291695952415
5.98245834248761 5.93866667648157 5.62379165614645 5.61779167068501 5.50083330025276 5.23375001053015 5.13145835045725 5.145208330272 5.1604999806926 5.27070832299554 5.17462498748015 5.1761250065562 4.96595833799802 4.45520836052795 4.35454170359299 5.6640833268563 4.00000000696552 4.92029171312849 5.85904170324405 4.58279165998101 3.02866666112095 4.31620834445736 10.9672083537249 11.9204167276621 5.42924997148414 1.54316666225592 0.38691666846474 -0.173416656752427 -0.00429167598485947 0.176416652897994 0.554749964425961 0.936624998847643 0.974708342303832 0.988833341747522 0.907416683932146 0.986375013987223 0.954833305130402 0.961791650702556 1.08045838586986 0.914041625956694 1.00933327898383 1.16683333305021 1.24416667285065 1.13337500393391 0.776166647051772 0.779875010872881 1.06900001565615
6.43029169427852 5.70674996947249 5.78691668373843 5.5850832965225 5.3232083513091 5.12629165624579 5.25949998952759 5.16825003153645 5.30970832206852 5.25529164983891 5.06012501072837 4.60554165265057 4.38545832441499 3.39725000721713 8.02541667719682 7.37741665976743 4.4084166836304 5.01899997889996 6.56154164796074 4.57699998592337 3.36524999960481 9.36074997282897 10.7805833468835 9.74283342032383 2.66612500449022 0.409708360520502 -0.114791649083296 0.0607083564003309 0.333958322803179 0.734916670868794 0.724708343545596 0.819416695584854 0.744458328932524 0.909041658043862 0.835249993950129 0.767416683336099 0.736333334197601 0.731791632870833 0.774541678527991 1.07154168685277 1.11112498492002 1.16058334770302 1.43866667803377 1.08737505724033 0.117541714260976 -0.231041659911474 -0.0809999871999025
9.37462503276765 5.63754169394573 5.57379163739582 5.35179166806241 5.2991250064224 5.29445834364742 5.5401666626082 5.72704168222845 5.8880416705894 5.7572083286941 5.60249999877609 4.92620830937327 4.04937500227243 4.8574999862661 6.85279171789686 6.26904170246174 4.32358332459504 3.9058749905477 4.16166668261091 3.31083334547778 8.50283331936225 10.0076666859289 10.5649999827147 7.53037500753999 2.28333334376415 0.535749996080995 0.674708327588936 0.658416673541069 0.55549997339646 0.687541665509343 1.15404162602499 0.99187502451241 0.622833337634802 0.711916646609704 0.566833334664504 0.390291702002287 0.506708366175493 0.574708315233389 0.678416653225819 1.10579166002572 1.21670834782223 1.03829167224467 0.897916639844577 0.70883330826958 0.121416678031286 -0.0622916594147682 -0.180666675170263
5.45929169903199 5.38170836058756 5.26920829837521 5.21316669570903 5.34975002706051 5.69420834816992 5.77337501260141 5.88212498587867 5.97483330561469 6.00724998426934 5.84599998701985 5.6397500122354 5.12604168221393 6.8507500552029 4.7645833020506 5.11462501886611 3.71129170401643 3.61829165803889 3.42458333447576 6.88733335662012 13.2470416563253 12.8357083126903 9.79783334552 7.19545832493653 2.69187498271155 1.84987499031801 2.05229170810586 2.03833332622889 2.0974166583231 1.71787499836258 1.88420832397727 1.18308331134419 0.773749997839332 0.497666687394182 0.332625024020672 0.192166682332754 0.190541652341684 -0.348874986171722 -0.60141667847832 0.164374986042579 0.471416632334391 0.235833349327246 -0.227958362549543 -0.466333339611689 -0.502500010033448 -0.175958332916101 -0.603291669239601
5.35091668739915 5.18970836636921 5.2037083376199 5.59258333407343 5.91275000882645 6.12445829808712 6.20675001852214 6.27912498141328 6.2327083821098 5.96124996120731 5.78770833268451 5.76412499058157 5.44074998982251 5.29545832889077 5.42562501923627 5.31504168233854 3.18483333468127 3.1077916615565 3.59241668321192 3.82745831132343 7.20462503149368 8.0624999985157 7.00050002666345 6.07129167101812 2.47066664263063 2.10162498429418 1.97591667455951 1.90874999809118 2.27937501076182 2.88495829352178 2.49737499692613 1.74254165892974 0.769208315449456 -0.10424999644359 0.0902083454032739 -0.562750001748403 -1.10587497924765 -1.11304166913033 -1.2873333307604 -0.601458333432674 -0.616625007241964 -0.733999972542127 -1.03987500071526 -1.38495831439892 -1.47679166247447 -0.801875020066897 -1.49591669393703
5.26312500052154 4.94649999495596 5.22200002428144 6.12350004042188 6.42908336097995 6.52112503598134 6.51524999861916 6.35520833730698 5.37675000851353 5.15312501291434 5.87700003013015 5.44037499371916 5.14708330779589 5.03537501604296 4.57970835012384 3.26579167445501 1.82008333690465 2.20399998795862 1.97983331206099 2.26666664052755 3.76724999692912 4.97691666563818 4.72212500501579 2.81654165561 2.36091668096681 1.79183334775735 1.17758334272852 1.39825001141677 1.34812500917663 1.26220834651031 1.99329167038862 1.31908333643029 0.252124993596226 -1.31195832338805 -0.753000011046728 -2.69020834955154 -1.92558332377424 -2.31016665970674 -2.49762500232706 -2.72912500255431 -1.80254166557764 -4.26670831168788 -3.35258335561957 -1.48012499200801 -1.42924999814325 -2.03029167217513 -2.50600001751445
5.34495834199091 5.25900001265109 5.71758330302934 6.63504169508815 6.71120833357175 6.74625002096097 5.96808329845468 4.52166667704781 3.97595833738645 4.42754166402544 4.99800002687455 4.50183334387839 3.96466666987787 3.58479166248192 2.95629164886971 2.35779169239201 1.21762499057998 1.41174999564343 1.73966667746329 2.03162501077168 2.09229165602786 2.34150000568479 2.07508331475159 2.24808332525815 1.88483333113739 2.05433333983334 1.6701666409305 0.701124992687255 -0.402499997367462 -0.320333326157803 1.82274999186241 0.149833325878717 -1.88825000139574 -3.96787499946852 -4.51066667365376 -4.63016668446673 -4.34975002488742 -1.7913333302519 -2.26624997984618 -4.22708334758257 -2.19650001171976 -1.23016668343917 -3.15316668851301 -4.5602500080131 -3.0471666806067 -5.47570833028294 -4.55387500187499
5.49825002625585 5.46220835919182 6.50883335247636 6.7595416555802 6.94250004986922 5.80166670431693 4.33437498783072 4.17037501186133 4.07016667599479 4.26870835275622 4.4604166620411 3.32629162787149 2.79733334978422 2.21720831776232 2.27045833862697 2.36504167258196 2.58083336699444 2.13191664251887 2.04020833934192 1.37350001838058 1.01929167099297 1.50733333779499 1.91783331722642 2.29179165904255 0.992499994579703 -0.275041650980711 -0.977250025918087 -0.269875010165075 -1.6164166610688 0.212749996886899 -1.41287500566492 -2.87624999166777 -1.11808332090732 -4.6459583270674 -6.2717916793869 -4.59066668672798 -3.18900001312916 -4.59724997635931 -5.1214583463346 -5.55012502459188 -6.37262498028576 -3.1230000249731 -6.3901666427652 -6.77691663817192 -6.72816665707311 -8.12437494813154 -9.23070833086967
