WorldClim_2.0_rasters/WC2.0_bio_15_16.asc
NCOLS 642 
NROWS 378 
XLLCORNER -19 
YLLCORNER 19 
CELLSIZE 0.166666666666667 
NODATA_value -1.7e+308 
[rows 63 to 83 of 378, columns 240 to 287 of 642]
-1.7e+308 -1.7e+308 -1.7e+308 -1.7e+308 -1.7e+308 -1.7e+308 -1.7e+308 -1.7e+308 -1.7e+308 -1.7e+308 -1.7e+308 -1.7e+308 -1.7e+308 -1.7e+308 -1.7e+308 -1.7e+308 -1.7e+308 -1.7e+308 -1.7e+308 -1.7e+308 -1.7e+308 -1.7e+308 -1.7e+308 -1.7e+308 -1.7e+308 -1.7e+308 -1.7e+308 -1.7e+308 -1.7e+308 -1.7e+308 -1.7e+308 -1.7e+308 -1.7e+308 -1.7e+308 -1.7e+308 -1.7e+308 -1.7e+308 -1.7e+308 -1.7e+308 -1.7e+308 -1.7e+308 -1.7e+308 -1.7e+308 -1.7e+308 -1.7e+308 -1.7e+308 -1.7e+308 -1.7e+308
-1.7e+308 -1.7e+308 -1.7e+308 -1.7e+308 -1.7e+308 -1.7e+308 -1.7e+308 -1.7e+308 -1.7e+308 -1.7e+308 -1.7e+308 -1.7e+308 -1.7e+308 -1.7e+308 -1.7e+308 -1.7e+308 -1.7e+308 -1.7e+308 -1.7e+308 -1.7e+308 -1.7e+308 -1.7e+308 -1.7e+308 -1.7e+308 -1.7e+308 -1.7e+308 -1.7e+308 -1.7e+308 -1.7e+308 -1.7e+308 -1.7e+308 -1.7e+308 -1.7e+308 -1.7e+308 -1.7e+308 -1.7e+308 -1.7e+308 -1.7e+308 -1.7e+308 -1.7e+308 -1.7e+308 -1.7e+308 -1.7e+308 -1.7e+308 -1.7e+308 -1.7e+308 -1.7e+308 -1.7e+308
-1.7e+308 -1.7e+308 -1.7e+308 -1.7e+308 -1.7e+308 -1.7e+308 -1.7e+308 -1.7e+308 -1.7e+308 -1.7e+308 -1.7e+308 -1.7e+308 -1.7e+308 -1.7e+308 -1.7e+308 -1.7e+308 -1.7e+308 -1.7e+308 13.3885155201043 -1.7e+308 -1.7e+308 -1.7e+308 13.2818858079388 -1.7e+308 -1.7e+308 -1.7e+308 19.072288200482 20.8561019267405 20.4369709530662 17.8616671852612 -1.7e+308 -1.7e+308 -1.7e+308 -1.7e+308 -1.7e+308 -1.7e+308 -1.7e+308 -1.7e+308 -1.7e+308 15.471232596618 12.7767469021594 9.9239460353108 10.9869704449355 -1.7e+308 -1.7e+308 -1.7e+308 -1.7e+308 -1.7e+308
-1.7e+308 -1.7e+308 -1.7e+308 -1.7e+308 -1.7e+308 -1.7e+308 -1.7e+308 -1.7e+308 -1.7e+308 -1.7e+308 -1.7e+308 -1.7e+308 -1.7e+308 -1.7e+308 -1.7e+308 -1.7e+308 -1.7e+308 -1.7e+308 13.6828864670773 16.6346944670359 10.7276071837092 13.8188601076597 16.2990072614564 15.7954721487664 15.1144482639018 12.1639601919305 19.5239272818204 19.7285866631616 18.6957353220698 12.4440793664506 -1.7e+308 -1.7e+308 9.6772470775245 14.1886156331569 11.1273581713697 -1.7e+308 -1.7e+308 15.2006211315587 16.3402271410601 20.0578611339059 19.2211599026467 18.9915352958768 19.1471118850284 21.432424832852 18.9265199542427 -1.7e+308 -1.7e+308 -1.7e+308
-1.7e+308 -1.7e+308 -1.7e+308 -1.7e+308 -1.7e+308 -1.7e+308 -1.7e+308 -1.7e+308 -1.7e+308 -1.7e+308 13.1460969950424 11.2277655250642 21.1486701330875 19.7190789886726 15.1920649892893 -1.7e+308 11.1534840416227 -1.7e+308 -1.7e+308 -1.7e+308 13.4355209747712 15.3434702263426 15.5061938303246 15.3384709248562 15.8730960639323 17.3414343882734 18.7591807844698 16.4189704792118 14.1595194318101 -1.7e+308 11.7082543840333 18.4917204071907 19.8078859547969 19.5197802214445 -1.7e+308 -1.7e+308 -1.7e+308 19.0880384317136 21.0972262203279 21.3590121077814 22.2051054434626 21.6504408130075 19.730048785546 15.5216885056374 -1.7e+308 13.5594603684232 19.7312251154894 20.4191655839783
-1.7e+308 -1.7e+308 -1.7e+308 -1.7e+308 -1.7e+308 -1.7e+308 12.2692788244744 19.2619101497492 18.3933164254276 17.9193411657965 19.4698090399348 17.8298530920961 17.9277730876337 -1.7e+308 17.9714929530863 16.2487703574416 19.1347855541259 17.5098409176153 18.6647885464395 14.8430941052437 14.3534854741036 13.8048522740347 15.312091093183 15.9987241125017 16.6296470873156 13.4032444963383 -1.7e+308 -1.7e+308 -1.7e+308 14.5774649098565 20.2279559767338 20.6796883255999 20.7056512036064 19.929120906595 -1.7e+308 -1.7e+308 21.0249986647686 22.3611077968292 22.8646958611919 23.7630840818581 24.1377437951029 24.2863388335368 22.8298273722633 14.081058888222 15.2927873006328 23.3797618729755 23.8092825551341 23.2570256611533
-1.7e+308 -1.7e+308 -1.7e+308 -1.7e+308 -1.7e+308 -1.7e+308 -1.7e+308 -1.7e+308 -1.7e+308 10.24376029811 10.5592757866228 16.1063100559712 16.8929326076391 16.6150815542751 17.9691033811305 19.7789255180688 16.6641525787098 16.4931440257335 15.1859401767359 15.7794952364612 15.102468925265 15.3024904558625 15.8788343322984 17.2092864108371 19.4888433902756 12.4782116048944 -1.7e+308 16.9651273248638 21.8106227161562 21.5827081189895 21.541360301824 22.3557360115658 22.3640773502301 22.0377831939639 21.5399912773322 24.2293332204548 24.1301196080434 24.046104810831 24.9781671780998 25.3300723237141 25.5196093619081 26.8273245690691 26.5124593246412 25.8900682894704 25.0277962824629 23.8711814833417 23.5478999410826 23.9672674828132
-1.7e+308 12.442016872224 22.330458188685 18.6197063049073 21.7773700433795 19.5654410293332 20.2665606788222 14.9595644505743 19.8885911648553 19.2907902449833 19.8225625980705 20.690962152959 9.65176493028349 18.6669899412642 18.2182838726358 17.2494850774719 15.5436693650698 15.4384059646027 15.5120785423292 15.5152878852305 16.5497269917051 17.4671796902735 18.5644023453007 19.1441260411449 19.1812345346719 15.557797227723 21.8989659293224 24.4633951799732 25.2297124473536 24.9143250766285 25.6285125345656 25.7489151694246 27.0393226135574 26.857005054869 26.8293586394096 27.0891815914395 27.2403585787589 27.3057680314455 28.0649636123308 27.2879716804919 27.3075617537174 27.8650110913822 28.5004183848463 27.222830258711 26.494318240482 25.3408277516998 25.2105657800857 24.945779872258
-1.7e+308 13.6504311887654 16.0647669732082 17.8664767089672 21.9781308021998 20.9424850213777 21.3444299206699 22.4574586997622 21.1534733882932 20.9437873121679 20.3209183562505 21.58124599207 -1.7e+308 17.9548421569927 18.5295741812311 17.9140206929521 17.6471285707743 18.3058777619238 18.2912068809137 19.0180821172726 21.3895911663277 23.6989441245546 24.0821261409013 24.794766801542 23.9608329327866 24.8258460593762 28.1821341097115 28.7467641212519 28.9290797296836 29.6245047260593 29.9735377699605 31.8107645623399 31.2306010374068 30.573677339999 30.5443646529969 30.6798234779182 31.0931683077714 31.3554320849337 31.3144707162709 31.2926180635348 31.164633178504 30.7105162827819 30.4332057055145 29.6634979254718 29.2649564632662 28.898881850111 29.0723397654678 23.2901537536126
14.6566882552292 22.0130158957735 23.0602025222095 18.3395017402556 19.2736549307001 23.9213879982321 22.0924036583538 21.8675248787187 23.3020066872518 24.3112513546762 24.3607790778095 24.7790034230045 25.5354234175097 24.1750308436305 24.6918541876572 22.0311848859173 21.738747978782 22.2594242346192 22.8547430299924 24.5055123661673 27.1126996579856 29.4243889712544 30.7374427474919 29.8008552552072 30.521695915296 31.116510232394 32.0721580117036 32.2352852379906 32.563663291143 32.9587297531072 32.9891066528162 32.7339177603021 32.6613918570192 33.0731011119644 33.5793420650208 33.8914803653894 34.5625306184997 35.1544689229739 34.8028647508502 34.3519138499273 33.5551946890766 32.8403253761589 31.5448397450009 30.5254025026955 29.8146133315119 29.4701274794368 29.3767596830924 29.5136602284828
25.6451795848682 24.6463246111504 25.2164875450096 26.5925454381638 24.9253650975537 26.078032022019 26.0786034480107 25.252730770179 25.1955784751698 26.4636304931741 27.818229251814 28.5852689221539 29.0892229934265 29.2675883847084 28.7137104254995 28.0866024818818 27.8785577418955 28.0145265441008 28.5131659289424 29.5471463394263 31.3306816361348 32.9574926977589 34.5014526590938 35.997560255349 36.6066638602932 37.6920684861896 38.5701907368424 38.6474726727438 38.0838936767461 37.3948922243613 36.7234005383254 36.8810849500715 36.8352577322011 37.4245465220627 38.3282914387234 39.151393627341 39.2718151545436 39.1892485587685 38.3350707170503 36.6192910221347 35.2668382859818 34.4313756297068 33.0110917389437 32.0321486293937 31.3898775301524 31.3138047573083 31.1666395415264 32.2283676911112
27.7445622028186 28.4114720367427 26.0194208415683 26.0073095775412 27.076670507361 27.6221151896779 27.6767139569823 28.4346324339716 29.2543826373177 29.9150705877157 30.3673058867144 31.6403019347109 33.5121839512784 35.2406410806916 35.3273337604055 34.7571874943554 34.3823048339487 34.7264246880338 35.7273714173697 36.9442739497383 38.444347989875 39.5939057044878 40.3288409041687 41.4891794527127 42.7439965815502 43.2954450488127 44.4029420376291 44.4314797778555 43.426283519804 41.8470197443434 40.5711329413104 39.8840375352499 40.0113967994624 40.5744269303638 41.1358315585364 41.7999972071298 43.0269119658999 43.0901026904553 41.9713440986387 39.7963001154778 37.9559582337222 36.6368373027061 35.607364531952 34.2467296761054 33.3571326750251 33.286737446761 33.7576035964515 34.6855534233918
28.857842679973 29.5990615893705 29.7629143690237 28.838297476508 28.8801053873633 28.9622829305963 30.1848747564004 31.2020470021163 32.85123330764 34.7539881788556 35.9372854649848 37.213933816977 40.5219346070098 41.4609405741009 41.3987982873717 41.3702611537855 40.8403488090807 41.5261405902419 42.4979410022182 44.3101832520869 46.5147647659914 46.7149389236387 46.6247761623432 47.0152680013931 47.8101421724484 48.900549403282 49.4884018852861 49.3091175581932 47.3264530214272 45.3883169191802 43.3183348192104 42.8115024960014 42.589029009511 42.7653480351901 42.9504916549758 43.4721791903989 45.0455546074117 46.5330374629949 44.8573265614876 42.2117850391585 40.107904762963 38.1448537456353 37.3346490244486 36.0718791053978 35.5254497222586 34.9845979933194 34.9720300046056 35.7627905559091
32.122273752597 31.1311557688436 31.6402161981522 31.7659924824602 32.2272557484971 33.425550577794 33.5533798572433 34.3698865434028 36.668450314218 39.7550299601397 42.4082419384594 43.1720387693567 45.6452273173527 46.7774574301787 46.6813455333271 46.9374824623387 46.4790270114607 46.7242881476368 47.5659919974649 48.8303783691843 50.4564526434746 50.6766841601569 50.7698955532543 50.6955552751522 51.1373458255196 50.7109675284675 50.8445177194243 50.9078951608734 49.6820141681132 47.5536919707902 45.8692564155484 45.4536823836841 44.6966990081533 44.089168138606 44.1450953393909 44.2231988329638 45.3075943230456 46.482522655068 45.8374721932139 44.1148359721697 41.9274798145851 39.8432297412758 37.650535985656 36.3816749962352 34.4484980540051 34.9985760547901 35.6855812964637 36.4535543993762
35.0318775553054 34.9312424924554 35.4807108512273 35.3874934652635 35.5643010563367 36.3067412695524 37.2701964620048 38.3351256305263 39.9275706178388 42.6424017953526 46.2829975081889 50.6702353662854 53.3231812250302 52.3125430168806 51.2039259551667 50.3749384115215 50.0174801059842 49.9290443247953 50.820238322624 52.1176406411126 53.0327488002005 53.0862214368184 52.9325110966962 52.7353778288505 52.9021509371662 52.6588234092352 52.3490964954547 51.4638979980899 50.6187447570681 48.7038745798618 46.9417614617514 46.029524405275 45.1974102696706 43.8478427237891 43.2645810694491 43.444955947352 44.0686514872046 44.6177532438634 44.1332151066446 42.3035119744691 40.0068479123531 38.1975576091733 37.233995593694 35.9497061070532 35.7427893959663 36.3617599746725 36.6813844687444 37.1031152457773
38.579041366573 37.5387191548287 37.1015746820505 37.2502213578302 37.5051273153472 38.4003607459122 39.5776472280834 40.6226788757695 42.2853251657837 44.4801363407355 48.3088787424519 52.5611035993869 54.9172979288495 53.9388788827445 53.4679510080899 52.7175027771489 51.8960186591391 51.8989279889696 52.5011190454157 53.2957453047902 54.1425247460661 55.1719913791784 55.1640967561422 54.7554732788321 54.1424473689375 53.8689091498771 52.7564238499607 51.4874323265995 51.1814174735025 50.0658468142845 49.2978915821695 48.6237447214743 47.1240351113632 45.3806882399075 43.794278269051 42.8701967921101 42.2460224785768 42.7464771883534 42.0795747896663 40.9138871541471 39.1799072384179 38.9771222396506 37.9379723823657 37.6076650222355 37.8097232991052 37.3412911006071 37.2805167519115 37.5385815911754
40.573800921615 40.5952820629808 40.1523191473899 38.6873438553868 38.5570404484651 38.9017883625486 39.5506899621752 40.9476252456966 42.3067209699932 44.1382376191242 46.7729323448707 49.572716663934 51.5451941135376 52.380531041855 52.9828493577972 53.1990461008821 51.3571505504168 51.4912493627619 52.2251724655268 53.3091949702891 54.4250061129237 56.0097821431189 56.2892229927212 55.6503290656845 54.7168408046753 53.898307604752 53.2368479441452 51.3140760166891 49.1509621111086 49.2472665664015 48.7440480219548 48.6252440583058 46.3745467175764 44.203412343771 42.4764909549291 41.2967054262747 41.0226539023264 41.5570660200421 41.63709761482 40.7391390407353 40.237074476847 39.3090896164285 38.8567981740805 38.3435814574976 38.0043130684744 37.3854045148071 37.5779107763756 37.5340250583545
41.9141760476837 40.9545059715713 40.1184213489615 40.7973044910445 40.795724052664 41.1603955452591 41.3275841602802 41.6785949136551 41.9233793715029 42.9816094757094 44.6465330227623 46.4937145233647 47.447332347329 48.4103259650426 49.0107347503158 49.8776983108617 49.8333292069046 50.9734023019684 52.1752678617175 53.2684478905572 54.8671897458564 56.4937787040582 57.0405117081291 55.6206228372988 54.4378187594634 52.8193261669243 50.9004321645747 49.5480548384581 48.4994369253779 47.1120180142638 46.3446339800266 45.8542781232396 44.1393534729347 42.3078860660998 40.3428987433784 39.7873006698612 39.2857098200946 39.3136279978668 39.925790499784 39.5297123739564 38.89447164609 38.7409483443989 38.68311542885 38.2331942205378 37.841951585263 37.7400325795261 37.6105609493058 37.9972164262859
42.8647349894821 42.1135666266193 41.8609213258075 41.4394107638381 41.1767809394709 41.2548350768314 41.8717375840022 42.0395626609237 41.5104201116148 41.982738146089 43.4797570004294 44.6096086805263 44.6893491521079 44.7475662989838 45.2496457132177 45.6676912664944 47.5653411236046 49.5651923113928 50.8828367079376 52.4281147388473 54.0731260465725 55.5459871828822 56.1225225281885 54.7966017307956 53.2924687798098 52.3612610004394 50.5828837669367 49.2646224509361 48.0503865742488 46.5827480707619 45.5674419546826 44.9053207669695 43.184222514403 41.4770043113842 39.3602098786702 38.2338998334167 36.6558644818822 36.243722212908 36.0191828084491 36.6069580787793 37.4354752590604 37.75606331843 37.7096208484924 37.9211588702477 38.0072853107654 37.7469938940716 37.5051424266145 37.4001812684318
42.4944859167852 42.4303486702865 42.7780542627346 42.355973743808 41.7758598500606 41.7595190297363 41.4273523536416 40.2857606631154 39.812556586961 40.7933776495231 41.590328992976 41.5988684018842 41.4404142231269 41.4077231916575 41.8595307965368 42.4977009770738 43.4670076203378 46.2074536534257 48.7858939791518 50.2997563910919 52.1265676665456 53.1280323137711 53.2921605095048 52.6959763326055 51.6981128632141 50.4749696124137 49.0144930090551 47.9656613906993 46.5589248468606 45.4112483971518 44.1451984572286 42.7487225158956 41.199090704493 39.3388676438713 37.5160485739521 35.9450671295255 34.684943005969 34.666660491863 34.604376735046 34.4194011834802 35.2640861103191 34.881484120297 34.8285800330555 35.2344933981597 35.1192674481879 35.8953577739501 36.5113665275091 36.3414744222429
42.4440045271874 42.0327142284286 43.2912238235721 43.6924660725634 43.154950213477 42.1564445469785 41.2702281524498 40.1904450860874 39.3394919275589 38.8092439982762 38.9525153760915 39.4401858682014 38.6637383244801 37.9620729413197 37.7880264182073 39.2724918693727 41.7408571517496 43.3467251284814 44.8245786796921 46.7812124628186 48.3029354562851 48.9603729141538 49.4001945670826 49.2087007652237 49.1031286363057 48.222857989447 47.6729958222411 46.4572107157493 45.0544264524223 43.8868793617324 42.2500656284073 40.496415555639 38.6705570096655 37.0628474796419 35.1693378596769 34.7230022640621 33.7968633756953 33.5105448502302 32.9801573992789 33.7031803218708 33.9610866956173 34.6697555241937 34.5204561838188 35.1023595912267 35.4026880926494 35.9793230828616 36.5322801758787 37.0421303043663
