WorldClim_2.0_rasters/WC2.0_bio_09_16.asc
NCOLS 642 
NROWS 378 
XLLCORNER -19 
YLLCORNER 19 
CELLSIZE 0.166666666666667 
NODATA_value -1.7e+308 
[rows 168 to 188 of 378, columns 517 to 563 of 642]
-13.3619167618453 -13.4157498814166 -13.3260416040818 -13.2844999668499 -13.4166667213043 -13.5009166846673 -13.4878749201695 -13.3542083526651 -13.3710417598486 -13.4295418572923 -13.4396666785081 -13.487083291014 -13.5161249885956 -13.5782499350607 -13.5962083277603 -13.5437916144729 -13.4428749966125 -13.4611667146285 -13.4922501121958 -12.6518750501176 -12.9542082560559 -11.1162082230051 -13.3837501046558 -13.7719167297085 -12.390125023822 -11.5922499597073 -7.08129149923722 -9.60129165525238 -6.98816667497158 -7.09562496344248 -9.82837488998969 -10.7909583871563 -13.3729165444771 -12.3929999520381 -11.5869166590273 -10.2567500409981 -9.52962493648132 -7.75562491516272 -7.2648749127984 -7.15049995481968 -7.08662500977516 -7.07887506484985 -7.09033333758513 -7.0816666012009 -7.02883332967758 -7.057125000904 -7.42629173149665
-13.1966250340144 -13.1667082657417 -13.2738332226872 -13.2982917067905 -13.4099167138338 -13.395499975731 -13.3657083188494 -13.3617083045344 -13.3603749039272 -13.3877916634083 -13.4133750026425 -13.4660415947437 -13.5110000309845 -13.567166655014 -13.6267917081714 -13.5754582459728 -13.5192500886818 -13.4398750240604 -13.426791574806 -10.9011667532225 -12.9760833705465 -13.0435833111405 -12.7136249753336 -13.6690417453647 -13.7026248934368 -11.6379998810589 -9.99291654552023 -11.7425833518306 -10.4150417086979 -12.6431250882645 -13.2373750011126 -11.1758749286334 -13.7632915427287 -13.5930000518759 -12.5901250168681 -7.61416668569048 -7.96437499796351 -7.24087490638097 -7.26445830116669 -7.18833340952794 -7.13462498535713 -7.08716665953398 -7.05349999417861 -7.02941665798426 -7.03495832532644 -7.05854165305694 -7.84966666499774
-13.1412500540415 -13.2855415667097 -13.2756249035398 -13.2217499601344 -13.2676665708423 -13.3001248588165 -13.3363332735995 -13.4460416970154 -13.3913749605417 -13.4065001482765 -13.4132918020089 -13.4405417020122 -13.4687081500888 -13.4971665740013 -13.4900833144784 -13.5027915611863 -13.5323333715399 -13.4806666150689 -13.4397917004923 -13.4129585300883 -13.0375416564445 -13.4208333293597 -13.4168332318465 -13.4655001237988 -13.489708421131 -13.0718333112697 -10.9708749391139 -13.531041521579 -13.5772916711867 -13.84516667823 -14.1272916048765 -13.7457499429584 -13.3270834634701 -10.288083260258 -11.522333363692 -10.6454583803813 -7.64608341952165 -7.23295838634173 -7.22104172656933 -7.19479167213043 -7.19070838143428 -7.13479175418615 -7.09866663316886 -7.09766665101051 -7.09208332747221 -7.06070841352145 -7.02112509806951
-13.2383333320419 -13.2722916466494 -13.217124911646 -13.257124931862 -13.2387082614005 -13.2592500050863 -13.3402083516121 -13.3723750151694 -13.4064583430688 -13.5141667003433 -13.4834999044736 -13.4968332871795 -13.5192916169763 -13.5161666497588 -13.4731665526827 -13.4915415247281 -13.4908748418093 -13.466458256046 -13.4352916193505 -13.4174584001303 -13.399666638424 -13.3929582287868 -13.4041250857214 -13.4574584327638 -13.5254583768547 -13.5289583069583 -13.538458224386 -13.6624582931399 -13.7334582706292 -13.8224165985982 -13.5211249639591 -14.0233332936962 -14.0173751078546 -13.5844582219919 -11.5126249666015 -8.84412496412794 -7.96062498539686 -7.14612492794792 -6.91562494138876 -6.437791644906 -6.65475001310309 -6.92187489693363 -7.02945833901564 -7.01208327213923 -6.98845826213558 -6.97812498485049 -6.94516669337948
-13.1982499323785 -13.1758749683698 -13.2120000558595 -13.4016666983565 -13.5488333230217 -13.5788332906862 -13.4479999728501 -13.3262083766361 -13.421625033021 -13.4744165986776 -13.4985832249125 -13.5213333393137 -13.4657082781196 -13.405583170553 -13.4739582464099 -13.5079582631588 -13.4382499828935 -13.3335416391492 -13.2524167125424 -13.2677916561564 -13.3448332150777 -13.4017083694537 -13.4667919464409 -13.5395000167191 -13.6216667617361 -13.6914167292416 -13.8237084075809 -13.8350833555063 -13.8865000133713 -13.8632499724627 -13.7862915471196 -13.7822499039272 -11.5975415458282 -9.78908333182335 -6.87649999683102 -6.87204165694614 -6.78679165492455 -6.84070831785599 -6.99779164915283 -6.9103749829034 -6.91433338696758 -6.98024996990959 -7.04983334615827 -7.00391659637292 -6.97104159742594 -6.94370822732647 -7.37662487725417
-13.1891665856043 -13.2565415985882 -13.2782082768778 -13.3229167039196 -13.3285834342241 -13.3592083913585 -13.3116249553859 -13.3712499961257 -13.4516250615319 -13.5990833217899 -13.6477916737398 -13.6148333152135 -13.5799584190051 -13.4894998396436 -13.483749948442 -13.471916710337 -13.4297083740433 -13.3244583085179 -13.14304176718 -13.2567915941278 -13.2879165907701 -13.4394167239467 -13.4867501482368 -13.4845417179167 -13.5825417439143 -13.6375832371414 -13.7292083017528 -13.6875833173593 -13.8250416666269 -13.8134166076779 -13.775541583697 -10.3600834049284 -7.27287499606609 -6.75391660258174 -6.64612502232194 -8.37708329409361 -6.76112493251761 -6.8049999649326 -6.88737495491902 -7.00541654850046 -7.00962492947777 -6.95854158947865 -6.91825002307693 -6.87654159342249 -6.85516661902269 -6.85741668070356 -6.88524995123347
-13.3452084275583 -13.3363749273121 -13.3700416299204 -13.8587499906619 -13.7009584543606 -13.6145833358169 -13.4552917405963 -13.556666644911 -13.5909583345056 -13.5947083979845 -13.6137083719174 -13.4542917336027 -13.6304583574335 -13.5841667304436 -13.4847499132156 -13.5261667196949 -13.4715000142654 -13.6001249030232 -13.6337916230162 -13.5431666572889 -13.4400001093745 -13.4497916822632 -13.5135416910052 -13.5469166959325 -13.6824166886508 -13.6811249181628 -12.8097499758005 -13.6408333989481 -13.6892500172059 -13.669499921302 -11.1969166087608 -9.88595834746957 -8.51579170425733 -7.93179169297218 -6.58370837569237 -8.18291665241122 -7.05920832852522 -6.61687492455045 -6.61016684025526 -6.77020831530293 -6.80170833816131 -8.96000000213583 -6.57708335792025 -6.70687496910492 -6.73095828046401 -6.7419583213826 -6.75262492274245
-13.4093749324481 -13.5477916946014 -13.7833748683333 -13.85304169481 -13.7316249646246 -13.6155832807223 -13.8283749446273 -13.8542499914765 -13.848208365341 -13.8206667527556 -14.0179167265693 -13.9158750424782 -13.9105001091957 -14.2032498965661 -13.9713749960065 -13.8617916901906 -13.9379166290164 -13.8800417159994 -14.322458277146 -14.2555832738678 -13.7944165418545 -13.6345417102178 -13.5482083658377 -13.6034999713302 -13.7464584584037 -13.682458328704 -13.5998332860569 -13.6690834363302 -13.7176250740886 -13.7036251053214 -13.693333307902 -13.7287500674526 -13.6955000199378 -13.639499903967 -12.2729166162511 -7.00908336540063 -6.50383343920112 -6.48870831479629 -6.45000008369485 -6.41341665014625 -6.59574999536077 -6.46724994356433 -6.51116677497824 -6.54816668232282 -6.58816666652759 -6.66712498292327 -7.09704160317779
-13.6086666745444 -12.7138750205437 -12.7225416700045 -11.9532916682462 -13.5509165997306 -13.567249968648 -13.3633334065477 -14.2416249165932 -13.9554583777984 -13.7581249698997 -13.7273332998157 -14.0449166397254 -13.5853749141097 -14.2432500123978 -14.4203749572237 -14.2771249587337 -14.4209999665618 -14.3914165571332 -14.6041249210636 -14.1550832092762 -13.6625833138824 -13.7908334285021 -13.9189582914114 -13.8611251090964 -13.7285000234842 -13.6100417648753 -13.5917916546265 -13.6395416719218 -13.5977916469177 -13.5597499658664 -13.6206249520183 -13.6939166213075 -13.8158749962846 -13.7672500597934 -13.2529166949292 -8.72108334302902 -6.43887494131923 -6.38450002173583 -7.65587497502565 -7.69075004632274 -6.40495837728182 -6.45400003467997 -6.49633332093557 -6.48504165932536 -6.47374994680285 -6.54162504648169 -6.53391667579611
-13.5724167823792 -13.5735417058071 -8.24654169256488 -12.0523332605759 -13.5641249294082 -14.1291249568264 -10.2902916396658 -13.806541711092 -14.288541674614 -14.1431249330441 -14.2284166788061 -14.291208324333 -13.907749975721 -14.1578749244412 -14.3824583341678 -14.2278750588497 -14.3869167839487 -14.5007917086283 -14.3349582701921 -13.8269167020917 -13.8868333448966 -13.8384584113955 -13.8628333012263 -13.8680415824056 -13.8807500600815 -13.7430833975474 -13.6605834017197 -13.7557084610065 -13.4659584288796 -13.4066667283575 -13.5457499188681 -12.7012499123812 -11.9124583366017 -12.7696249658863 -10.66729165862 -8.39266661430399 -6.98358330751459 -6.50641667718689 -6.40329168116053 -6.30837503510217 -6.20324998783568 -6.62337504761914 -6.72350006798903 -6.29229171449939 -6.28416665829718 -6.26895832767089 -6.29900004218022
-13.6374582548936 -12.3977499802907 -11.687833343943 -13.9727083618442 -13.304791705062 -12.1135001418491 -10.8351250626147 -10.4157500316699 -12.5418750705818 -14.2810417922835 -14.1664166649183 -14.145291681091 -14.2475000023842 -14.2271250660221 -14.3440834408005 -14.3217082073291 -14.3297084098061 -14.4451666250825 -14.2000000079473 -13.9888748899102 -14.2057916373014 -14.0317498967051 -13.7817084019383 -13.7033334548275 -13.795458368957 -13.7032497872909 -13.8029583394527 -13.8945000295838 -13.6712083121141 -13.5374166965485 -13.5823333288232 -12.7862917582194 -13.6095832573871 -13.5539583998422 -12.253125064075 -12.658208326747 -8.70679160580039 -6.86141660188635 -6.35187499721845 -6.20708336060246 -6.10708338705202 -6.14262501088281 -6.15516667875151 -6.19020833447576 -6.09804171137512 -6.05670829551915 -6.06079164985567
-10.4239999838173 -12.2707500656446 -8.55450000241399 -11.9904167229931 -11.6833333546917 -9.15487494816383 -7.80691668515404 -9.55900002270937 -11.7483332616587 -14.3497499016424 -13.8702916875482 -14.2967917447289 -14.3688749174277 -14.3001251493891 -14.2865417972207 -14.2888333648443 -14.4139166623354 -14.1723749190569 -14.0857082977891 -14.0832915877302 -14.167708342274 -14.0194582268596 -13.8401667326689 -13.9248333474 -13.8687499066194 -13.8114583417773 -13.7484583531817 -13.9325414945682 -13.9757500688235 -13.9091667632262 -13.6678750614325 -13.6120834238827 -13.6052500084043 -13.0312082407375 -12.4903749798735 -12.4498333111405 -10.2541666540007 -8.92083338151375 -7.0520416709284 -6.94883336188893 -6.10449995100498 -9.17779163954159 -6.11416662794848 -6.05362502671778 -5.99304171806822 -6.80491669941694 -5.85170833556913
-13.7715832553804 -12.6474166413148 -11.5956666668256 -11.2192916547259 -12.5869165894886 -13.1224167781572 -7.82445830355088 -7.35224988932411 -7.34733324373762 -9.50016657511393 -11.6319998937349 -12.9202498967449 -14.3012918184201 -14.3265001003941 -14.2666666184862 -14.2675415575504 -14.1916249369582 -14.0536250198881 -14.0952082946897 -13.960999943316 -14.0782916396856 -14.0309166585406 -14.0022916918 -14.1952498902877 -14.0470832784971 -13.9752500603596 -13.9070000946522 -13.8264166886608 -13.847416733702 -13.8656250735124 -13.7682500767211 -13.7146250853936 -13.6024166680872 -13.1255416584512 -11.3848750516772 -13.0020416503151 -12.8778332620859 -11.1809165788194 -11.1083749867976 -7.58641666918993 -11.3410000763834 -13.0796665723125 -9.11450004701813 -6.4919167580083 -6.8787917116036 -9.01249998404334 -8.98966663874065
-14.3166250089804 -9.81916671742995 -9.37995838498076 -9.9896251000464 -7.73104161769152 -7.34579164410631 -7.32204161584377 -7.78033328056335 -8.19341655820608 -8.59195829927921 -9.41187507162491 -10.2881250157952 -12.0152916709582 -13.2777916962902 -14.1191666548451 -13.6124999920527 -13.9155416364471 -13.8518333608905 -13.9025832886497 -13.9276667286952 -14.0129167387883 -14.0664166882634 -14.1051248411338 -13.9453332697352 -13.8768750528495 -13.9732917025685 -13.8936251103878 -13.8050416757663 -13.8042917586863 -13.7624167265991 -13.7423749491572 -13.6138749097784 -12.6199998855591 -10.4587499760091 -11.7337916133304 -13.2841666924457 -12.3133333474398 -9.24487500141064 -6.76108335331082 -8.84216666594148 -13.0139582902193 -12.9670833988736 -11.6977083347738 -10.8775833596786 -12.5592916635796 -12.9455416188575 -9.8299582763575
-12.5610000118613 -10.7685832642019 -8.02024991934498 -9.05191654836138 -9.01408325880766 -8.56949994961421 -7.2680000277857 -7.30824997276068 -7.31712503234545 -7.25833333532016 -8.10808331519365 -7.61545832330982 -13.1321250212689 -12.1753750791152 -11.2648333758116 -13.7451667984327 -13.669958345592 -13.7428750917315 -13.8300834049781 -13.8095416923364 -13.87749996533 -13.8574583108226 -13.8613748972615 -13.88274992009 -14.0410832886895 -14.0915416330099 -14.0438750013709 -13.9726249153415 -13.8432917160292 -13.8147499710321 -13.7090834751725 -13.6134583006303 -13.6017499441902 -12.6514999493957 -12.4844999002914 -13.0903333773216 -11.1503750321766 -8.13099998918672 -7.35974999579291 -10.4673332708577 -12.2962916518251 -11.1072917636484 -8.45862504156927 -11.3225416730468 -12.5390833186296 -8.97904167572657 -10.622583357074
-10.7525833174586 -8.3996666756769 -7.55349999293685 -7.09650001178185 -7.14445828398069 -7.14591664696733 -7.23541668057442 -7.23908332611124 -7.21491661419471 -7.13891656696796 -7.11308338741461 -9.63191664467255 -9.96995828176538 -13.3459999697904 -13.3485000729561 -12.9259583155314 -13.7047915731867 -13.780916603903 -13.8210833470027 -13.8902083213131 -13.9255416914821 -13.9873748868704 -14.0737082958221 -14.0535833835602 -14.1193750500679 -14.1124167889357 -13.9598333438238 -13.6131249691049 -13.5658749304712 -13.7665834849079 -13.7177084436019 -13.554083292683 -13.0707916083435 -12.5527082930009 -13.2769582793117 -13.1134582608938 -12.8368750450512 -11.6774584191541 -10.7327916702876 -10.0899166936676 -13.104333287105 -12.6379583155115 -8.62329164023201 -11.1272500986233 -11.0152500702534 -10.9581250587168 -12.6969166207127
-10.1848749741912 -6.82566665671766 -6.89012498160203 -7.02558325479428 -7.07920833180348 -7.13949989527464 -7.57175005351504 -7.11504172161222 -7.08991671353579 -7.50129170467456 -10.0223749975363 -11.7459167043368 -11.3477083196243 -11.7681249628464 -11.7446666546166 -13.8107083414992 -13.8482083057364 -13.8588750213385 -13.8468333880107 -13.8279583205779 -13.8285833323995 -13.9361666738987 -14.015124976635 -13.922333372136 -13.8335001207888 -13.4475832730532 -13.5458333268762 -13.6661666681369 -13.8510417615374 -13.6873749469717 -13.5549998879433 -13.5627082933982 -13.4661666539808 -13.2308750177423 -12.968958320717 -13.0362916638454 -13.0769999374946 -12.791458422939 -8.50408334533373 -11.755875033016 -13.0345834090064 -12.7839999850839 -11.5731249737243 -13.0504167570422 -12.8733332790434 -12.7635415665184 -12.6432916740887
-8.1763333696872 -6.80616668611765 -6.82337502762675 -7.35541665554047 -6.96258329351743 -6.98670826728145 -6.97070832550526 -6.95574999724825 -7.00100002313654 -10.9512500253816 -8.84800003096461 -9.77725000555317 -11.9139583545427 -13.0894166789949 -13.5194166948398 -13.8605416342616 -13.8564583547413 -13.9112918103735 -13.7115416775147 -13.6944583927592 -13.8669167160988 -14.0142916018764 -13.927416694661 -13.8728749714792 -13.5231667136153 -13.2657917117079 -13.608666660885 -13.7542916064461 -13.6810416355729 -13.4973749046524 -13.5479582572977 -13.4940833374858 -13.2327084143957 -13.1368749427299 -13.1945000427465 -13.3111249580979 -13.3272499640783 -12.8805417406062 -12.3369166192909 -12.979166654249 -12.5009166256835 -12.9825000303487 -12.8693333258852 -12.8686250171935 -12.6975416342417 -12.7261666501533 -12.7821250213504
-11.2606667348494 -12.5929167134066 -9.93604185183843 -6.76408346245686 -6.83979177474976 -6.88358343268434 -6.91337504982948 -6.9421666773657 -7.01958338543773 -7.08066668113073 -7.09104165310661 -10.5028333800534 -7.4294166068236 -10.4574999461571 -13.9352084559699 -13.9046667441726 -13.8043333825966 -13.7334583674868 -13.7063333069285 -13.9075001329184 -14.1017500087619 -13.9787083864212 -13.7808750830591 -13.6887084196011 -13.6074999707441 -13.6651666214069 -13.6304165174564 -13.5911665757497 -13.4545832996567 -13.4971248805523 -13.2696249460181 -13.4732916181286 -13.463583437105 -13.3605834220847 -13.7439165860415 -13.6032082165281 -12.4934167029957 -13.3391250347098 -13.0814584158361 -12.1264166627079 -13.0553750035663 -13.1304166416327 -12.9052082405736 -12.4461250267923 -12.3425833691532 -12.4975416917975 -12.3197083236688
-10.1122499617438 -12.4633333428452 -12.0894166715443 -9.0187082948784 -6.79395831127961 -6.83354162548979 -6.84004159023364 -6.8948333201309 -7.40200003609061 -7.02520848065615 -9.20516667639216 -11.009000039349 -10.4498332962394 -9.03925000255306 -9.98116670052211 -12.6054167126616 -13.4397916384041 -12.5413748249412 -10.8609165859719 -11.7654166941841 -13.837875145177 -13.5990832882623 -13.5282500262062 -13.5847499271234 -13.7957499052087 -13.6554999786119 -13.5750000004967 -13.6064583336314 -13.563833348453 -13.7739582707485 -13.7145416066051 -13.6215833102663 -13.0023333492378 -12.8198750416438 -13.3850000525514 -13.2155001138647 -12.8997500091791 -11.6111250283817 -10.1728749920924 -12.1598332958917 -12.9794583618641 -12.3934583927815 -12.7411250363414 -12.8748749115815 -12.7795416489244 -12.6228750515341 -12.5147083309324
-11.9276665945848 -10.1912916476528 -8.46916658990085 -7.18499991111458 -6.76458332687616 -6.82354166482886 -6.82416665678223 -6.86637495458126 -6.88212496538957 -7.78391670311491 -7.3547082512329 -7.75204164472719 -7.67704156413674 -8.02004168105001 -7.97216665620605 -10.7331666648388 -10.691166660438 -11.5846249001722 -10.6508333981037 -9.72058332835634 -11.8793749287724 -13.1776666902006 -13.6421666865548 -13.517999963214 -13.498916550229 -13.6233750184377 -13.7561667126914 -13.4708748509487 -13.4189167569081 -13.5998333493869 -13.0499166908364 -12.9182917115589 -12.457083315899 -12.6802500685056 -11.403166645517 -12.9855000389119 -12.3822916212181 -7.97212494661411 -10.4167917023102 -12.8310832766195 -12.9285000674427 -12.6704166736454 -12.7634167168289 -12.4846666088949 -12.1231666357295 -12.0691250214441 -12.0487916702405
