WorldClim_2.0_rasters/WC2.0_bio_14_16.asc
NCOLS 642 
NROWS 378 
XLLCORNER -19 
YLLCORNER 19 
CELLSIZE 0.166666666666667 
NODATA_value -1.7e+308 
[rows 124 to 154 of 378, columns 345 to 413 of 642]
27.3125 28.5 28.125 28.3125 29.25 30.6875 31.375 31.5625 32.125 32.5625 33.6875 33.125 32.625 32.125 32.375 32.0625 30.6875 30.5 29.8125 28.9375 28.1875 27.25 27 27 27 27 26.5 26.75 27 27.125 27.1875 26.8125 26.6875 26.9375 27 26.4375 26 25.875 25.8125 25 25 24.625 24 23.5625 22.875 22.0625 21.625 21.125 22.875 22.5625 23.3125 23.5 23.9375 24.375 24.75 24.9375 25 25.4375 26.1875 26.0625 25.875 25.75 26.125 26.0625 25.9375 26 25.4375 25.375 25.4375
26.375 26.75 27.8125 28.1875 28.625 29.4375 30 30.5625 30.9375 31.6875 31.8125 32.25 32.5 32.3125 32.375 31.5625 31 30.3125 29.875 29 28.0625 27.375 27.3125 27.375 27.4375 27.1875 27.0625 26.75 27 27.3125 27.0625 27.1875 26.9375 27 27 26.5625 26.125 25.9375 25.9375 25.5 25 25 24.4375 23.9375 23.4375 22.9375 22.6875 22.5625 23.25 22.8125 23.5 23.9375 24 24.375 25 25.0625 25.8125 26.125 26.375 25.6875 25.875 25.9375 26 25.9375 25.8125 25.5 25.125 24.9375 24.875
25.5625 26.3125 26.75 27 27.8125 28.6875 29.6875 30 30.9375 31.5625 31.5625 31.75 31.6875 31.6875 31.8125 31.4375 30.8125 30.4375 29.6875 29.3125 28.8125 28.125 27.875 28 27.875 27.8125 27.4375 27.875 27.3125 27.3125 27.125 27.25 26.75 26.9375 26.9375 27.1875 27.0625 26.125 26.125 25.6875 25.0625 25.0625 24.875 24.5625 24.0625 24 23.6875 24.0625 23.6875 23.5 24 24.3125 24.9375 25 25.1875 25.75 25.9375 26 26.0625 26 26 25.9375 25.875 25.5625 25.1875 25.0625 25.0625 24.8125 23.9375
25 25.1875 26.25 27 26.75 27.75 28.75 29.375 29.8125 30.5 30.3125 30.6875 30.875 30.875 30.625 31.125 30.75 30.75 30 29.1875 29 28.625 28.5625 28.4375 28.4375 28.1875 28.6875 27.9375 27.8125 26.875 26.9375 27.6875 27.5625 27.25 27.6875 27.125 27.0625 27 26.5625 26 25.8125 25.3125 25.25 25 24.9375 25 25.4375 25.25 24.25 24.4375 24.6875 25 25 25 25.6875 25.625 25.9375 26.1875 26.5625 26.1875 26 25.875 25.875 25.25 25 25.0625 25 24.9375 24.875
24.125 24.375 25.5 26.3125 26.0625 26.4375 27.375 28.25 29.125 29.9375 29.875 30.25 30.4375 29.75 30.625 30.25 30.1875 30.25 30.0625 29.75 29.3125 29.4375 29.5 29.5625 29.375 28.5625 27.375 27.9375 28.1875 27.6875 27.25 27.3125 27.125 27.25 27 26.75 27.25 27.4375 26.9375 26.625 26.125 26.125 25.8125 25.5 25.0625 24.875 24.8125 24.6875 24.875 25 24.875 25 25.0625 25.5 25.5625 26 26.25 26.1875 26.0625 25.625 25.1875 26.375 25.5625 25.6875 25.125 24.625 24.25 23.9375 24.625
23.5625 24.0625 24.5 25.0625 25.1875 25.5625 26.375 27.125 27.8125 28.625 28.9375 29.3125 29.625 29.875 30.25 30.5625 30.5 30 30.0625 30 30 30 29.9375 30 29.875 29.0625 28.875 28.75 28.0625 27.5 27.4375 27.25 27.625 27.5 26.8125 26.5625 27.125 26.9375 26.875 26.625 26.5625 26.5625 25.75 25 24.9375 25.4375 25.1875 25.1875 25.375 24.875 25.625 25.75 25.5 25.8125 26 26.25 25.875 26.125 26.6875 26.125 25.8125 25.3125 24.875 25.25 25.125 24.4375 24.1875 23.75 24
23 23.125 23.8125 23.5 23.75 24.3125 25.4375 26 26.8125 27.6875 28.375 28.5 29.125 29.3125 29.0625 29.6875 29.8125 30.375 30 29.5 30.1875 30.1875 30.1875 30.0625 29.5625 29.375 29.8125 28.3125 27.4375 27.5 27.25 28.125 27.5 27.0625 27.1875 27.1875 26.9375 26.6875 26.5625 26.25 26.25 26.25 26.3125 25.9375 25.8125 25.625 25.8125 25.25 24.75 25.0625 25.4375 25.6875 25.875 25.9375 26.125 26.8125 26.1875 26.375 26.25 26.1875 25.75 25.875 26 24.875 25.0625 24.5625 24.5 24.1875 24.0625
23 22.75 22.6875 22.6875 23 23.5625 24.3125 25.3125 26 27.1875 27.6875 28.75 29.0625 29 29.4375 29.375 29.375 30.0625 30.75 30.375 30.125 30 30.0625 30.4375 29.25 29.6875 28.9375 28.25 27.6875 27.5 27.125 27.6875 27.1875 27.5625 27.25 27.1875 27.3125 27.8125 27.125 26.9375 25.875 26 26.125 25.75 25.3125 25.1875 24.9375 24.875 24.4375 24.375 25.0625 25.25 26 25.3125 26.125 25.875 26.1875 26.875 26.25 26 26.125 25.9375 25.4375 25.3125 25.25 25.3125 24.5 24.3125 24.125
23 22.9375 22.1875 21.875 22.125 22.5 23.6875 24.875 25.6875 26.8125 27.3125 28.0625 28.25 28.375 29.3125 29.875 29.875 30.0625 30.125 29.4375 29.75 29.625 29.9375 30.375 29.4375 29.25 28.25 27.9375 27.8125 27.9375 27.875 28 26.9375 27.625 27.625 27.3125 27.4375 27.375 26.6875 26 26.125 25.9375 26.125 25.3125 25.1875 25.5 24.3125 24.375 25.0625 24.4375 24.75 25.5 26.0625 26.125 26.125 26.25 26.125 26.9375 27.375 27.4375 26.6875 26.5625 26.375 25.625 25.1875 25.8125 25.625 25.25 25.4375
23.625 23 22.375 21.75 21.375 21.8125 22.875 24.375 25.25 26.5625 26.8125 27.625 27.6875 28.5 29.375 28.875 28.8125 28.75 28.875 29.375 29.6875 28.9375 28.75 29.5625 28.8125 28.875 28 28.125 28.375 28.1875 27.9375 27.3125 27.375 27.8125 27.75 26.8125 26.9375 27 26.5 26.625 26.125 26.1875 26 24.9375 25.5 25.8125 24.875 24.6875 24.75 25.125 25.625 25.4375 25.25 25.25 26.25 26.5 26.875 27.25 27.75 27.8125 27.625 27.0625 27.5625 26.25 26.3125 26.875 26.375 26.0625 26
24.4375 23.75 22.6875 21.75 21.0625 21.8125 23.375 24.0625 24.625 25.5625 26.3125 26.75 27.1875 27.4375 28.3125 29.3125 29.6875 30 30 30.3125 29.8125 29.25 29.125 28.8125 29.0625 28.125 27.5625 28 28.75 28.125 27.625 28.125 26.9375 26.3125 26.6875 26.875 27.1875 27 26.5 26.375 26.4375 26.75 26.125 25.9375 25.5 26.25 25.6875 25.375 25.125 24.625 25 25 25.125 25.5 26.25 26.5 27 27.0625 27.125 27.8125 27.875 28.1875 28 27.75 27.375 27.125 26.4375 26 26
25.4375 24.5625 23.5625 22.75 22.3125 22.8125 23.6875 23.75 24 25.25 25.1875 26.25 27.1875 27.6875 28.125 28.625 29.25 29.125 29.9375 29.125 29.125 28.8125 29.3125 29.0625 28.8125 28.8125 27.625 28.0625 28.8125 28.375 27.4375 26.375 26.625 26.1875 26.125 26.0625 26.75 27.125 25.8125 25.4375 25.9375 26.375 25.8125 25.5625 26.1875 25.5 24.8125 24.625 24.25 24.5 24.75 25.0625 25.6875 25.8125 26.1875 26.25 27.3125 27.5625 27.4375 27.8125 28.1875 28.25 28.1875 28 27.875 27.3125 27.125 26.625 26.125
27.0625 25.5 24.6875 24.125 23.6875 23.9375 23.6875 23.5625 24 25.125 25.875 26.3125 27.4375 28.0625 28.75 28.5625 28.375 28.875 29.375 29.0625 29.5 30.0625 29.75 29.875 29.5625 29.125 27.8125 27.375 27.5625 27.5625 26.3125 25.5625 25.4375 25.375 26.0625 25.6875 25.6875 26.3125 25.875 25.5 25.8125 25.6875 26.3125 25.875 25.3125 26.0625 25.25 25.25 24.5 24.5 24.375 24.0625 24.5 25.5 25.8125 26.6875 26.875 26.5 27.6875 28 28.5625 28.625 28.5 28.1875 27.8125 27.6875 27 27 26.9375
27.625 27 26 25.5 25 25 24.75 24.375 24.125 24.375 25.1875 26 26.75 27.3125 29 28.75 29.0625 29.5625 28.875 29.1875 29.25 29.3125 29.625 28.875 29.4375 29.1875 28.3125 27.625 27.625 27.1875 25.75 26.0625 26.625 26.3125 26.4375 26 26.25 25.875 26.8125 26.0625 25.5 25.625 27 26.5625 26.125 26 25.25 25.3125 24.875 24 23.875 24.375 25.125 25.25 25.625 26.1875 27 27 27.3125 28 28.125 28.8125 28.9375 28.625 28 27.625 27.625 27 27
29.0625 27.9375 27.25 26.25 26.1875 25.75 25.6875 25.625 25.0625 25.1875 25.5625 26.0625 27.0625 27.9375 29 29.6875 29.5 29.375 29.375 29.5 29.875 29.75 29 28.6875 28.5625 28.25 27.75 27.3125 26.625 26.25 26.125 25.9375 26.0625 26.9375 26.5 25.875 25.75 26.125 26.75 27.125 26.9375 26.3125 26.375 26.3125 25.4375 25.3125 25.125 24.5 24.1875 23.75 23.75 24.25 24.875 25.125 25.375 25.875 26.5 26.9375 27.1875 27.5625 27.8125 28.625 29 28.5 28 27.375 27 26.9375 27
29.875 29.4375 28.375 27.3125 26.875 26.1875 26.0625 25.75 25.6875 25.6875 26.4375 26.6875 26.5625 28.0625 28.625 29 29.75 29.9375 29.5625 29.75 30 29.5 29.1875 28.9375 28.625 28.125 27.6875 27.125 26.5 26 26.375 26.625 26.25 26.125 26.25 27 27 26.8125 27.25 27.25 27.3125 26.9375 26.4375 25.375 25.5625 25.8125 25.25 24.5625 24.0625 23.8125 23.6875 23.5 24 24.5625 25 25.375 25.875 26.25 27 27.6875 28.5 29 29.3125 28.875 28.375 27.75 27.0625 26.625 26.375
30 29.4375 28.4375 28.0625 27.1875 25.8125 26.125 25.875 25.625 26.875 27.0625 27.5625 27.9375 28.75 28.875 29.4375 30.5625 30.1875 29.5625 29.875 29.75 29.125 28.625 28.5 28.0625 28 27.25 26.9375 26.125 26 26 26.125 25.75 26.5625 26 26.8125 27.0625 27.1875 26.8125 26.4375 25.3125 26.5 26.6875 26.1875 25.125 25.3125 25.375 24.75 24.8125 24 23.5 23.0625 23.125 23.9375 24.1875 24.875 25.3125 25.6875 26.4375 26.6875 28 28.875 29.3125 29.3125 28.6875 27.6875 27.3125 26.625 26.625
29.6875 29.5 28.6875 27.9375 27.875 26.8125 26.625 26.4375 26.1875 26.5 27.125 27.4375 27.5625 28.125 28.9375 29.375 29.625 29.5625 29.9375 29.8125 29.875 29 28.5625 28.25 28 27.9375 27.0625 26.75 26 25.625 25.9375 26.0625 26.5 26.8125 25.75 26.1875 26.4375 26.9375 26.8125 26.625 26.625 26.3125 26.1875 26.25 25.9375 25.4375 25.375 25.4375 24 23.875 23 22.4375 22.625 23.0625 23.6875 24.0625 24.9375 25.125 25.75 26.1875 27.5625 28.5625 28.8125 28.3125 27.625 26.9375 26.4375 26.1875 26.125
29.5625 29.0625 28.9375 29.0625 28.25 27.625 26.8125 26.3125 26.0625 26.1875 26.3125 26.8125 27.375 27.875 27.875 28.5 29.375 29.75 30 29.75 29.3125 29 28.9375 28.0625 28 27.875 27.1875 26.8125 26 26 26.3125 26.625 26.125 25.875 26.25 26.625 27 26.4375 26.1875 26 26.875 26.875 26.3125 26 26.1875 24.6875 24.5625 24.125 23.75 23.25 22.5 22.0625 22.0625 22.9375 23.1875 23.9375 24.25 25.0625 25.875 26.25 26.5625 27.25 27.6875 27.25 27 26.5 26.0625 25.5 25.6875
30.0625 30 29.5 28.5 28.5625 28.1875 27.8125 26.9375 26.5625 26.25 26.0625 25.9375 26.3125 26.75 27.375 27.5625 28.5625 29.0625 29.5625 29.75 29.4375 29.0625 28.8125 28.625 28.375 28.125 27.75 27.25 26.4375 26 26.5625 26.6875 25.75 26.4375 26.8125 26.9375 27.125 26.625 26.75 26.625 26.25 27.25 27.5 26.875 26.25 24.625 24.6875 24.0625 23.875 23.5625 23.1875 22.6875 22.3125 22.75 23 23.25 24.125 24.375 24.8125 25.375 25.375 25.6875 26.25 26.5 26.0625 26.0625 25.75 25.5625 25.5
30.1875 29.9375 29.0625 29.125 28.0625 27.1875 26.875 26.1875 25.625 26.25 25.75 25.875 26.0625 26.0625 26.5 27.1875 28.4375 28.75 28.8125 29.0625 29.875 29.25 29 29 28.6875 28.5 28.375 27.9375 27.625 26.625 27.1875 26.6875 26.8125 26.5 26.375 27.3125 27.0625 26.625 27.5 27.5625 28.25 27.6875 27.4375 27 26.1875 25.5 25.5625 25.5 24.375 23.4375 23.3125 23.3125 23.0625 22.9375 23.25 23.625 23.9375 24 24.375 24.6875 24.6875 24.5625 24.8125 25 25.1875 25.125 25 25 25
29.75 29.5625 28.9375 28.6875 28.75 27.75 26.6875 25.375 25.5 25.3125 25.125 25.5625 25.75 25.5625 26.3125 26.9375 27.8125 28.3125 28.875 29.125 29.625 29.5 28.9375 28.5625 28.5625 28.125 28.875 28.4375 28.4375 28 27.375 26.6875 26.3125 26.1875 26.3125 27 27 27.375 27.25 28 28.3125 27.75 27.6875 27.875 26.875 26.125 25.5625 25.0625 24.5 24.6875 24.1875 24 23.5625 23.625 23.8125 24 24.0625 24.3125 24.5 24.0625 24.125 23.75 23.8125 24 24 24.3125 24.75 24.875 24.875
29.5625 29.5625 29.25 28.625 28.5625 27.375 26.375 26 25.625 25.0625 25.3125 25.5625 26.0625 26.75 26.625 26.4375 27.375 27.9375 28.625 28.75 28.625 28.625 28.3125 28.75 28.625 27.875 28.5 28.6875 29.1875 28.4375 27.4375 27.125 26.75 26.6875 26.875 27.25 26.9375 27.25 27.6875 28.75 26.75 26.9375 27.25 28.0625 27.3125 26.625 25.75 25.4375 24.875 24.625 23.75 23.9375 23.4375 23.875 23.8125 24 23.8125 23.8125 23.9375 23.6875 23.25 23.0625 23.3125 23.5 23.625 23.875 24 24.1875 24.8125
29.9375 29.375 28.9375 28.5 27.9375 27.4375 26.5625 25.6875 25.875 25.8125 25.875 25.875 26.3125 26.9375 26.9375 26.6875 26.9375 27.5 27.9375 28.0625 28.25 27.9375 28.0625 28.125 28.1875 28.0625 28.375 28.5625 28.1875 27.5625 27.6875 27.5 27.6875 27.3125 27.3125 26.9375 27.5 27.625 27.75 28.0625 26.8125 27.625 28.1875 27.5 26 26.5 26 25.75 25.6875 25.125 24.5625 24 23.375 23.125 23.25 23.0625 22.875 22.8125 22.625 22.875 22.5625 22.5625 22.625 22.8125 23.0625 23.6875 23.8125 24.1875 24.75
29 28.4375 28.1875 27.4375 27.1875 26.0625 25.9375 25.4375 25.875 25.875 25.9375 26.25 27 27.4375 27.375 27.5625 27.625 27.5625 27.1875 27.5625 27.875 28.1875 28.25 27.625 28.0625 28.25 28.125 27.5625 27.5625 27.875 28.375 28.4375 28.1875 27.875 27.5 27.625 27.4375 27.75 27.4375 27.875 27.75 28.625 28.0625 27.5 27.875 27.6875 27.25 26.375 26.125 25.1875 24.0625 23.5 22.625 22.625 22.875 22.8125 22.5 22.5625 22.875 22.1875 21.625 21.375 21.8125 22.3125 23 23.625 23.9375 24.5 25
29.3125 28.5625 28.3125 28 27.125 26.1875 26.25 26.0625 26.125 26.75 26.6875 26.5 27.1875 27.0625 27.375 27.5625 27.875 27.5 27.625 27.3125 27.875 27.8125 27.875 28.0625 28 28.9375 28.3125 27.75 27.3125 27.6875 28.5625 28.3125 27.75 27.4375 26.9375 27.0625 27.125 27.3125 27.4375 27.5 27.9375 28.1875 27.8125 26.875 26.75 26.8125 27.0625 27.5 26.375 25.125 24.25 23.4375 22.8125 22.3125 23 23.3125 23.3125 23 22.625 21.875 20.5625 20.1875 20.9375 21.8125 22.75 23.25 23.625 24.5 25
28.6875 28.25 28.3125 27.5625 26.875 26.125 25.6875 25.25 25.625 25.875 26.375 27.25 26.9375 27.125 27.3125 27.3125 27.1875 27.0625 27 27 27.6875 27.6875 27.1875 27.75 27.9375 28.4375 28.1875 27.75 27.5625 27.6875 27.75 27.25 27.25 26.9375 26.8125 26.75 26.8125 26.875 27.375 27.375 27.4375 27.375 27.3125 27.4375 27.9375 28.9375 29.875 27.5 26.625 26 24.625 23.3125 22.4375 22.3125 23 23.8125 23.0625 22.875 22.1875 21.375 20.375 20.3125 21.25 21.875 22.9375 23.75 24.25 24.9375 25.125
28.8125 28.75 28.5625 27.8125 26.4375 25.8125 25.5625 26.25 26.3125 26.125 26.5 26.375 26.875 27.1875 27 27 27.1875 26.875 26.75 26.8125 27.8125 27.1875 27.1875 27.25 27.4375 27.75 27.875 27.875 27.875 27.4375 27.25 27.875 27.75 26.875 26.9375 26.5 26.375 27 26.75 27.5 27.75 27.375 27.625 27.5 27.875 28.1875 31.1875 29.125 27.3125 27.125 26.4375 24.6875 22.75 22.25 23 23.8125 23.5625 22.9375 22.875 21.625 21.3125 21 21.5 22.3125 23.375 23.9375 24.75 25 25.125
29.4375 29.1875 28.8125 27.875 26.5625 26.625 25.375 25.8125 25.25 25.375 25.625 25.9375 26.5625 26.75 27 27.0625 27.125 27.1875 27 26.875 27.25 27.1875 27.25 27.125 27 27.5625 27.8125 27.5 26.6875 26.25 26.25 26.6875 26.75 27 26.375 26.4375 27.4375 27.375 26.8125 28 28.5 28.5625 29 28.375 28.3125 29 29.9375 30 28.375 26.8125 25.75 24.6875 23.5 22.8125 23.1875 23.5 23.6875 23.25 22.5625 22 21.5625 21.5 22 22.9375 23.3125 24.0625 24.875 25.625 26.125
29.5 29.25 28.625 27.875 27.0625 27.25 26.0625 25.75 25.625 25.4375 25 25.4375 25.8125 26.25 26.9375 26.875 27.0625 27 27.375 27.3125 27.125 27.25 26.8125 26.3125 26.9375 27 26.9375 26.8125 26.9375 26.5 26.1875 26.25 26.5 26.25 26.0625 26.625 27.3125 27.25 27.375 27.3125 27.375 28 28.3125 28.8125 28.5625 28.75 28.75 29.3125 28.9375 27.3125 25.9375 25.75 24.625 23.375 22.5 22.9375 22.75 22.6875 22 22 22.375 22.6875 23.0625 23.4375 24.5 25.5625 25.75 26.5625 26.75
28.9375 28.9375 28.625 28.375 28.125 27.4375 27.0625 26.1875 26.0625 26.0625 25.5625 25.625 25.625 25.875 26 26.5625 26.75 27.25 27 27.0625 26.9375 26.9375 26.625 26.9375 26.9375 26.4375 26.1875 26.5625 25.9375 25.5625 25.8125 25.75 27.1875 26.8125 26.75 26.25 26.625 27.25 26.8125 26.75 26.6875 27 26.6875 26.375 27 26.9375 27.75 27.8125 27.5 25.8125 25.125 24.4375 23.375 22.75 22.125 22 22.0625 22 22.4375 22.375 22.5 23 23.25 24.1875 24.6875 25.125 25.8125 26.4375 26.9375
