WorldClim_2.0_rasters/WC2.0_bio_19_16.asc
NCOLS 642 
NROWS 378 
XLLCORNER -19 
YLLCORNER 19 
CELLSIZE 0.166666666666667 
NODATA_value -1.7e+308 
[rows 150 to 179 of 378, columns 536 to 602 of 642]
49.5 49.5625 49.375 50.875 51.5 52.6875 53.125 53.875 55.3125 55.0625 56.1875 56.125 57.0625 56.9375 57.625 59.75 60 60.25 61 61.25 61.1875 62.125 62.375 62.875 62.5 62.3125 63.5 64.6875 65.125 66.1875 66.6875 66.6875 67.5625 68.25 68.9375 69.25 69.125 69.375 70 70.75 70.5625 71.1875 70.0625 71.3125 72.625 73.25 71.75 72.9375 73.4375 71.25 71.8125 71.375 71 71 70.5625 70.125 68.75 65.375 63.8125 63.3125 65.875 64.4375 61.375 63.6875 65.0625 62.8125 61.6875
48.5625 48.25 48.6875 49.6875 50.5625 51.9375 52.625 53.4375 54 54.375 54.6875 55.25 56 57 57.0625 58.5625 59.5625 60.125 60.6875 60.8125 60.9375 61.125 61.125 60.75 61.3125 61.875 60.6875 63.0625 64.4375 64 63.625 64.5625 64.1875 64.6875 65.75 66.4375 68.125 68.75 68.5625 69.3125 69.3125 69.25 69.25 69 69.9375 71.5 71.3125 72.375 71.375 70.1875 71 68.875 69.75 68.625 69.4375 68.6875 67.6875 65.5625 63.0625 65.8125 66.0625 64 60.875 63.3125 61.875 61 62.0625
48.5 48.4375 49.1875 49.8125 50.5 51 52.75 53.1875 53.5625 54 54.25 54.625 55.5625 56.375 57.0625 57.625 58.75 59.375 59.6875 59.4375 60 60.625 60.25 60.6875 60.625 61 60 59.9375 60.8125 60.9375 62.9375 62.6875 63.375 65.25 65.3125 66 66.6875 66.75 67.5625 67 67.4375 67.9375 67.9375 68.4375 69 68.75 69.6875 71.0625 70.5625 70.0625 69.5625 69.5625 66.875 65.9375 67.5625 67 65.125 64.75 64 63.4375 64.9375 64.4375 62 61.9375 59.0625 60.5625 62.6875
48.1875 48.5625 50 48.9375 49.9375 50.1875 51.125 53 53.625 54 54.375 54.3125 55.3125 57.1875 57.25 57.625 58.5625 59.125 59.125 59.0625 59.4375 59.25 59.125 59.0625 59.5 59.4375 60.5625 58.8125 58.8125 59.1875 61.3125 60.875 62.5625 63.4375 63.875 64.3125 64.5 64.875 65 65.25 65.75 67.125 67.75 68.4375 68.25 69.0625 70.1875 70.875 70.4375 68.875 68.25 68.0625 66.875 66.4375 64.6875 64.9375 63.5625 64.0625 63.5 64.0625 64.125 62.5625 62.1875 61.6875 61.375 61.4375 62.8125
49.375 48.8125 49.125 49.75 50.125 50.3125 51.8125 52.9375 53.1875 53.9375 54.3125 55.0625 55.4375 55.8125 56.5 57.3125 58.1875 58.4375 58.6875 58.8125 58.8125 58.8125 58.8125 58.25 58.5 59 58.125 57.875 58.5625 59.25 60.1875 60.9375 60.9375 61.1875 61.4375 62.875 63.25 63.625 64 64.6875 64.75 64.5625 65.125 65.5625 66.8125 67.75 68.1875 68.75 68.8125 68.1875 68 67.5625 66.0625 65.8125 65 65.0625 65.25 62.6875 61.9375 61.5625 60.875 58.375 58.0625 58.6875 58.5 60.0625 62.3125
48.3125 48.5 49.125 50.0625 50.1875 50.5 51.3125 51.8125 52.4375 54.25 55.125 54.75 55.125 55.5625 55.375 57.625 58.875 59.125 58.75 58.3125 58.375 58 57.8125 57.125 57.875 57.25 56.8125 57.4375 57.25 58.0625 59.4375 59.9375 59.75 59.8125 60.625 61.25 61.25 61.5 61.5625 61.375 61.8125 62.3125 63.4375 63.875 64.625 66 66.6875 67.5 68 67.75 67.625 66.1875 65.125 65.5625 64.375 63.3125 63.9375 62.9375 62.1875 61.8125 60.9375 59.75 58.75 58.5 58.4375 60.3125 61.5625
50.125 50.125 49.6875 49.25 49.5625 50.5 50.6875 51.625 52.4375 53.0625 53.875 54 54.75 55.3125 56.6875 57.9375 58.5625 58.75 58.3125 58.0625 57.9375 57.8125 57 56.125 56.0625 56.125 55.25 55.8125 56.4375 57.375 57.5 57.9375 58.125 58.0625 58.0625 58.625 58.875 59.125 59.5625 59.6875 60.1875 60.75 61.3125 61.9375 63.125 63.375 64.75 66.125 65.6875 65.75 66.5625 66 65.375 64.25 63.8125 63.8125 62.5625 62.125 61.125 60.5 59.75 59.1875 59.5625 59.6875 59.75 60.3125 60.5
50.5 50.3125 49.9375 50.0625 49.6875 51.0625 51.5 51.8125 52.75 53.375 53.8125 54 54.9375 55.9375 57 57.875 58.5 59 59.375 58.4375 58.1875 57.4375 56.25 55.3125 54.4375 54.5625 53.625 54.625 55.3125 55.75 55.375 56.875 57.0625 57.8125 57.5 57.9375 57.625 57.5 57.4375 57.5625 57.875 59.125 59.5625 60.5 61.8125 62.6875 64 65.0625 65.0625 65.125 64.8125 65.0625 64.1875 63.6875 62.6875 61.3125 61.4375 61.125 60.5625 60.375 59.6875 58.5 57.9375 57.625 58.0625 59.375 60.0625
50.0625 49.875 49.6875 50.9375 50.625 50.6875 50.9375 51.375 51.625 52.3125 53.8125 54 55.625 56.5 57.125 58.0625 58.8125 59.3125 59.375 58.375 58 56.75 55.1875 54.0625 53.1875 52.6875 52.6875 52.8125 53.25 54.125 55 55 55 55.625 55.4375 55.6875 55.25 54.8125 55.25 55.875 55.5625 56.4375 57.25 58.3125 59.6875 60.875 62.4375 62.9375 63.4375 63.75 63.375 63.5625 62.75 62 61.1875 61.25 60.125 59.75 58.75 58.5 57.875 57.5 56.4375 56.6875 57.125 57.125 57.875
49.875 50.1875 50.0625 50.3125 50.4375 50.6875 50.6875 51.1875 51.8125 52.125 53.6875 54 55.1875 56.75 57.1875 58.5 59.1875 59.8125 59.4375 59 58.4375 56.875 55.25 53.4375 52.375 51.6875 51.3125 51.4375 52.125 52.9375 53 53.625 54.125 54.6875 54.3125 54.3125 53.8125 53.25 53.375 53.125 53.6875 53.9375 55.0625 56.0625 57.125 59 60.3125 61.5625 62.6875 62.0625 61.875 61.5625 61.3125 60.8125 60.5 60.0625 59.875 58.5 57.375 56.9375 55.875 55.875 56.0625 56.0625 56.0625 56.0625 56.875
50.125 49.9375 50.0625 49.6875 49.9375 50.25 50.625 51.0625 51.5625 52 52.25 53.5 54.125 56.125 57.1875 58.75 59.0625 59.9375 60 59.875 58.6875 57.0625 55.625 53.0625 50.875 49.375 49.625 49.5625 51.1875 51.8125 52.5 53 53.1875 53.9375 53.375 52.625 52.375 51.75 51.625 51.5625 51.4375 52.0625 52 53.4375 55.375 56.25 58.0625 59.4375 60.9375 61.125 61 60.1875 60.125 59.6875 59.25 58.875 58.125 57.625 57 56.5625 55.875 55.0625 54.5 54.0625 54.6875 55.4375 56.9375
50.3125 49.875 49.875 49.9375 50 49.9375 50.3125 50.8125 51.0625 51.8125 52 52.5625 54.0625 55.5 56.9375 57.9375 60.1875 62.4375 62.5625 61.375 60.0625 57.625 55.5625 52.875 50.125 48 48.75 49.0625 49.5625 51.3125 51.8125 51.8125 52.1875 51.9375 51.875 50.75 50.3125 49.5 48.875 48.625 48.625 49.1875 50.3125 50.9375 52.8125 53.9375 56.25 57 58.5625 59.125 59.75 60.0625 59.6875 58.625 58.5 58 57.75 56.8125 55.75 54.6875 54.0625 54.0625 54 53.875 54.0625 55.0625 55.8125
49.875 49.4375 49.375 49.4375 49.25 48.9375 49.625 50.5625 51 51.5 52 52.4375 53.5 54.9375 56.375 57.3125 59.8125 62.0625 62.6875 62.3125 60.375 57.75 56.125 53.0625 50.5625 48.4375 48.8125 49.125 49.5 50.875 50.625 51 50.75 50.0625 49.375 48.375 48.125 47.4375 46.6875 46.8125 47.125 47.125 46.8125 48.3125 50.375 51 53 54.625 56.125 56.5625 58.1875 58 58.125 58.0625 58.5625 58 56.375 55.625 55.25 55 53.8125 53.375 52.75 53.1875 53.9375 54.1875 55.375
49.1875 48.75 48.4375 48.4375 48.1875 48.3125 48.625 49.3125 49.9375 51.0625 51.625 52 52.1875 53.4375 54.9375 56.625 58.75 60.875 61.875 61.875 60.25 58.6875 56.5625 54.4375 52.1875 50.5625 50.125 50.0625 50 50.125 49.4375 49.75 49.5 48.5625 47.5625 47.1875 45.9375 45.0625 45.0625 45 44.75 45 45.0625 45.75 48 50.1875 52.4375 54.375 55.8125 56.3125 56.1875 55.75 56.75 57.0625 57.0625 56.4375 55.625 55.4375 54.6875 54.125 54.9375 54 53.8125 53.6875 54 54.1875 54.75
48.8125 48.5 47.875 48 48 48 48.1875 48.375 48.0625 50.375 50.75 51.5 51.875 52.375 53.375 55.4375 56.875 59.25 60.3125 60.875 60.5625 59.375 57.8125 56.125 54.8125 53.125 52 51.9375 50.5 50 49.8125 48.875 48.5 47.375 46.125 45.125 45 43.5 43.0625 42.9375 42.6875 42.625 43.8125 45.5 47.9375 48.8125 50.4375 52.75 52.875 54.375 55.25 55.375 55.5625 55.5625 55.375 55.1875 54.8125 54.3125 54.3125 53.875 53.8125 53.75 52.9375 53 53 54.1875 55.25
47.4375 46.6875 46.75 47.0625 46.875 47.625 48 48.125 48.1875 48.75 50 50.75 51 51.0625 52.1875 53.75 55.9375 57.75 60 61 60.875 60 59 58.5 57.3125 55.8125 54.8125 53.4375 51.4375 50.375 49.875 48 47.25 46.25 45 44.3125 43.8125 43.0625 42.3125 41.5625 41.0625 41.25 42.4375 44 45 47.25 48.75 50.5625 52.125 52.4375 54.4375 55 55 55.0625 54.75 54.1875 54.25 54.5625 53.875 53.6875 53.5625 53.4375 53.5 53.875 54 53.75 54.875
46.125 46 46.0625 46.0625 46.5625 47 47.25 47.9375 48.0625 48.6875 49 49.8125 50.8125 51 51 52 54.875 57.3125 59.3125 61 61 61.125 60.3125 59.3125 58.5625 57.125 56.75 54.875 52.75 50.6875 49.125 47.5 46.0625 45.5 44.1875 43.625 42.4375 42.125 41.125 40.75 40.8125 41 41.25 43.4375 44.4375 46.8125 48.5 49.75 51.75 52.375 54.25 54.4375 54.9375 54.8125 54.1875 54.6875 54.0625 54 54.1875 54 53.6875 53.0625 52.875 52.5625 53.125 53.6875 55.5
45.4375 45.25 45.5625 46 46 45.75 46.5625 47.9375 48.4375 48.8125 48.9375 49.4375 50.6875 51 51 52 54.6875 56.5625 59.25 60.6875 62.0625 62.75 62.1875 61.0625 59.0625 57.875 57.0625 55.375 52.0625 49.875 48.4375 46.3125 45.875 44.5625 43.25 42.3125 41.1875 40.875 40.625 40.75 40.6875 40.9375 41.5 43.625 44.9375 47.0625 48.375 50.125 51.875 52.4375 53.1875 54.25 54.5625 54.25 54.0625 54.4375 54.5 54.4375 54.0625 53.5 53.1875 52.5 51.6875 51.5 51.25 51.4375 51.5625
45 43.5625 44.8125 45.5625 45.9375 45.9375 46.0625 47 47.5 48.0625 49.4375 50 50.8125 50.9375 51 50 54.4375 56.9375 59.625 61.3125 63.5 64.9375 63.3125 61.5 59.5 57.625 56.3125 54.1875 51.6875 49.0625 47.4375 45.9375 44.875 43.4375 42.4375 41.9375 41.125 40.3125 40.8125 40.375 40.6875 41.1875 42.5625 43.625 45.25 47 48.375 50.375 51.5 53.0625 53.8125 54.125 54.375 55 55.125 54.625 54.6875 54.375 53.6875 51.9375 51.625 51.6875 52.375 52.875 53.25 53.5625 52.4375
44.625 44.3125 45 45.8125 45.75 45.875 46.3125 47.3125 47.875 47.9375 48.9375 49.0625 50.375 51 51.0625 49.9375 53.5 56.9375 59.625 61.375 63.6875 64.5625 63.25 61.25 58.9375 57.5625 55.375 53 50.5625 48.5 46.1875 45.375 44.625 43.0625 42.0625 41.625 40.9375 40.5625 40.3125 40.875 42.0625 42.8125 43.4375 44.8125 46.375 48.0625 49.875 51.5625 52.3125 53.875 54 54.0625 54.1875 54.4375 54.9375 55.4375 55.9375 55.6875 54.9375 53.6875 54 54 54.0625 54.1875 54.3125 54.375 55.6875
43.625 44.5 44.8125 45.125 45.4375 45.8125 46 46.4375 47.1875 48 49.0625 49.5625 50.8125 51.125 52.125 53.5 54.8125 57 58.75 60.75 63 63.125 62.25 60.375 58.0625 56.375 54.3125 52.3125 49.625 47.25 45.3125 44.25 43.25 42.0625 42 42 42.3125 42.4375 41.875 42.375 43.4375 43.8125 44.75 46.1875 47.6875 48.625 50.625 52.0625 53.8125 54.125 54.75 56.1875 56.875 55.8125 55.6875 55.875 55.5 55.5 54.8125 54.0625 54.25 54.75 54.875 54.875 55 55.3125 56.3125
44.0625 44.1875 44.6875 45 45.1875 45.1875 46 46.75 47.8125 48.125 49.4375 49.9375 50.375 51.0625 51.4375 53.1875 54.25 55.6875 57.9375 59.5625 55.125 59.375 60.1875 58.9375 57.5 55.5 53.375 51.375 48.8125 46.5625 44.4375 43.6875 43.1875 42.0625 42.25 42.9375 43 43 43 43.8125 45.0625 45 46.1875 47.8125 48 49.75 51.6875 53.1875 54.125 54.875 56.625 57 56.5 56 55.875 55.8125 55.6875 55.1875 55.6875 55.6875 55.875 55.25 54.8125 54 54.9375 56.5 57.8125
43.25 44.0625 44.75 45 45.125 45.3125 46.3125 47.3125 48.125 48.6875 49.1875 49.5625 50.375 51 51.625 52.75 53.4375 53.9375 56.25 58.25 58.75 58.75 58.125 57.4375 56.375 54.6875 52.5625 50.0625 48 45.4375 44 42.6875 42.625 43 43 43 43 43.4375 44.25 44.875 45 45.8125 44.5 47.5 49.1875 50.5 51.6875 54 54.9375 56.875 57 57 56.875 56.4375 56.0625 56 55.75 55.8125 54.6875 54.75 56 56.4375 56.4375 56.625 56.8125 58.25 60.0625
42.1875 43.375 44.6875 45.0625 45.875 45.875 46.75 48.5 47.875 49 49 49 49.75 50.4375 51.125 52.375 53.8125 54.6875 55.1875 57.125 57.375 57.3125 56.625 56 54.6875 53 51 48.75 48.0625 45.1875 44.9375 44.5 44.0625 43.375 43.25 43 43.8125 44.8125 45.0625 45.8125 46.875 47.9375 48.0625 49.25 50.6875 51.125 52.75 54.5 55.3125 57.6875 57.625 57.1875 55.9375 56.25 55.25 54.5 55.25 55.6875 56.0625 55.6875 55.5625 55.3125 56.5625 57.8125 59.25 59.625 59.625
43.125 42.8125 44.875 45.9375 46.375 46.1875 46.625 47.3125 48.25 49.1875 49.125 49.375 49.75 50 51.3125 52.6875 53.4375 54.1875 54.8125 55.0625 55.9375 55.875 52.625 53.8125 53.1875 52.4375 50.125 48.6875 48 45.875 44.8125 44.875 45 44.125 44.8125 44.8125 45.1875 45.9375 46.5625 47.4375 48.4375 48.75 49.3125 50.4375 51 52.3125 54 55.125 57.125 57.5 58.625 57.5 56.9375 56 54.6875 54 54.4375 55.5625 56.625 56.8125 56.5625 56.25 57.0625 57.9375 58.75 60.125 62.3125
44.0625 42.3125 45.5 45.25 46.75 46.875 47.0625 48.1875 48.75 49 49 49.0625 49.625 50.375 51.8125 52.1875 53.3125 53.625 54.1875 54.875 54.75 54.875 52.875 52.9375 52.75 51.125 49.6875 48.5 47.25 45.625 45 44.8125 44.625 45.0625 45.625 46.0625 47.5 48.0625 48.125 49 49.5625 49.75 49.5 51.3125 51.6875 53.3125 54.0625 56 57 56.875 57.5 57.5625 56.875 56.1875 55.1875 54.9375 51.9375 55.25 55.8125 55.875 55.8125 57.125 57.9375 59.4375 60.75 62.1875 64.25
43.875 42.875 45.75 46.875 47 47.25 47.375 48.0625 48.5 48.625 49.0625 49.0625 50 51.0625 51.875 52.0625 52.8125 53.4375 53.75 54.8125 53.4375 53.1875 52.875 52.1875 51.125 50.75 48.8125 48.1875 47.0625 45.8125 45.1875 45.1875 45.25 46 46.0625 46.5625 47.875 48.25 49.125 49.9375 50.4375 50.625 51 51.9375 53.5625 53.875 53.9375 55.4375 56.6875 56.9375 57 57.625 57.25 56.6875 56.1875 55.9375 54.5625 55.6875 55.75 56 57.3125 58 58.0625 59.5625 61.875 64.25 64.6875
43 44.875 46.25 46.6875 47.4375 47.125 47.6875 48 48.4375 49 49.9375 49.8125 50.6875 51.9375 52 52.375 52.8125 53.0625 54.1875 53.4375 53 52.8125 51.5625 51.25 51 50 48.375 48 47.5625 46.9375 46.3125 45.375 45.5625 46 46.625 47.5 48 48.625 50.25 51.25 51.9375 51.6875 52.5 52.6875 53.5 54.125 54.625 55.375 56.5 56.75 56.75 56.875 56.3125 55.9375 55.3125 56 55.875 55.8125 55.875 56.0625 57.125 57.875 59.0625 60.875 61.6875 64.5 67.6875
45.1875 46.4375 46.5 46.6875 47.75 47.6875 47.0625 48.125 48.6875 48.8125 49.6875 50.875 51.375 51.625 51.9375 52.25 52.875 53 53 53 53 52.875 51.5625 51.375 51 50.0625 48.4375 48 47.25 47.4375 46.5 46.125 46 46 47 47.9375 48.0625 49.625 51.125 52.9375 53.625 52.875 52.5 52.8125 52.25 54.0625 54.375 55.125 54.5625 54.875 54.125 53.5625 53.75 55.9375 55.1875 55.8125 56 55.6875 55.25 56.1875 57.375 58.25 59.625 58.625 61.875 65.1875 67.6875
46 46.75 46.25 46.1875 46.8125 46.25 47.125 48.4375 49.1875 49.1875 49.375 50.375 51.875 52 52 52.375 52.9375 53 52.6875 53 52.75 52.75 52.3125 51 50.8125 50.4375 48.375 48 47.5625 46.875 46.5 46 46.5 46.375 47.1875 47.625 48.25 49.375 51.375 53.1875 53.0625 52.8125 52.6875 53.5625 54 53.8125 53.875 54.75 55 54.5625 53.25 51 50 51.6875 55.4375 55.3125 54.375 55.125 56.25 57.3125 56.375 55.25 54.25 58.125 60.5 64.875 70.6875
