WorldClim_2.0_rasters/WC2.0_bio_17_16.asc
NCOLS 642 
NROWS 378 
XLLCORNER -19 
YLLCORNER 19 
CELLSIZE 0.166666666666667 
NODATA_value -1.7e+308 
[rows 300 to 329 of 378, columns 469 to 535 of 642]
2.9375 2.875 3 2.9375 2.3125 2.125 2.1875 0 0 0 0 0 0 0 0 0 0 0 0 0 0 0 0 0 0 0 0 0 0 0 1 1 1 1 1 1 1.0625 1.875 2.375 2.75 3.3125 3 2.6875 2.25 2 1.8125 1.75 2.625 2.9375 3.9375 4.75 5.875 7.125 9.1875 10.875 11.9375 12.875 13.625 15.8125 16.5625 16.875 17.875 20.125 21.125 26.1875 18.75 14.5
3 2.3125 2.5625 2.9375 2.875 2.125 1.125 0 0 0 0 0 0 0 0 0 0 0 0 0 0 0 0 0 0 0 0 0 0 0.25 1 1 1 1 1 1.6875 2.6875 2.8125 3.1875 3.9375 3.875 3.875 3.8125 3.3125 3.5 3.625 3.5 4.1875 4.8125 5.1875 5.875 6.625 8.25 9.6875 11.1875 12.3125 13.0625 13.625 15.0625 16.5 18.9375 19.1875 21 25 29.5 18.5625 14.125
2.75 3 2.125 2 2.3125 1.875 0.625 0 0 0 0 0 0 0 0 0 0 0 0 0 0 0 0 0 0 0 0 0 0 0.625 1 1 1 1.125 1.8125 2.75 3 3 3 3.375 3.8125 4.5625 4.875 5.4375 5.5625 5.75 5.8125 6 6.25 7.0625 8 9 10.125 11.25 11.0625 12 13.125 13.5625 15.125 17.1875 19.0625 20.875 22.75 27.875 32.375 20.375 15.0625
3 3 2.4375 2 2.125 2.0625 0.9375 0.1875 0 0 0 0 0 0 0 0 0 0 0 0 0 0 0 0 0 0 0 0 0.125 1 1 1 1.125 1.75 2 2.75 3 3 3.125 3.9375 4 4.6875 5.9375 6.75 6.9375 7.4375 7.6875 8.4375 9 9.4375 10.0625 10.75 11.6875 12 11.75 12.125 13.125 14 15.9375 17.625 19.125 20.9375 24.1875 27.125 28.8125 22.75 14.625
3 3 2.9375 2.3125 2.375 2.4375 1 0.9375 0.3125 0 0 0 0 0 0 0 0 0 0 0 0 0 0 0 0 0 0 0.0625 0.8125 1.1875 1.5 1.75 2 2 2 2.75 3 3 3.6875 4 4.75 6.0625 6.9375 7.9375 8.9375 8.75 9.1875 9.9375 10.5625 11.0625 11.75 12.625 12.25 12 12.1875 12.875 13.5 14.1875 15.625 17.375 19.5625 21.6875 24.375 26.125 26.625 24.3125 14.75
3 3 3 3 3 2.5 1.125 1 1 0.5625 0.125 0 0 0 0 0 0 0 0 0 0 0 0 0 0 0.0625 0.4375 1.4375 1.875 2 2 2 2 2 2 2.9375 3 3.3125 4 4.25 5.75 7.1875 8.3125 10.125 11.125 9.875 10.625 11.1875 11.6875 12.8125 13.125 13 12.6875 12.3125 12.9375 12.625 13.25 14.25 16 17.625 19.625 21.625 23.625 24.875 22.1875 21.0625 14.5625
3 3 3 3 3 2.875 1.75 1.1875 1 1 1 0.875 0.25 0 0 0 0 0 0 0 0 0 0.1875 0.5625 0.8125 1.375 1.9375 2 2 2 2 2 2 2 2 3 3.125 3.9375 4 4.625 6.1875 7.625 9.25 10.5625 11.3125 11.6875 11.9375 12.625 13.125 13.0625 14.125 13.0625 12.25 12 12.4375 13.125 13.6875 14.4375 15.4375 17.6875 19 21.1875 23.5625 22.4375 21.5625 22.25 15.5625
3 3 3 3 3 3 2 2 1.5625 1 1 1 1 0.75 0.375 0.25 0.25 0.25 0.25 0.125 0.5 0.875 1.3125 1.5625 1.875 2 2 2 2 2 2 2 2 2 2.25 3 3.6875 4 4 5 6.75 8 9.3125 11.0625 12.0625 12.875 13.6875 13.875 13.3125 13.25 13.0625 12.625 12.5625 12.8125 13.625 14 13.9375 14.5 15.5625 17.0625 18.75 21.0625 22.1875 20.625 20.3125 23.875 14.75
3 3 3 3 3 3 2.0625 2 2 1.6875 1.5 1.1875 1 1 1 1 1.1875 1.5625 1.8125 1.875 2 2 2 2 2 2 2 2 2 2 2 2 2 2 2.5 3.625 4 4 4 5.25 7 7.75 9.25 11.1875 12.125 13.3125 14.3125 14.1875 13.625 13.1875 14.375 14.5625 13.4375 13 13.25 13.8125 14.0625 14.6875 16.3125 17.4375 18.8125 20.75 20.6875 19.5 18.625 19.375 13.9375
3.0625 3 3 3 3 2.8125 2 2 2 2 2 2 2 1.9375 1.8125 2 2 2 2 2 2 2 2 2 2 2 2 2 2 2 2 2.125 2.375 2.6875 3.5 4 4 4 3.9375 4.875 6.25 6.8125 9.25 10.875 12.0625 13.5 14.4375 14.75 14.25 14.5625 14.3125 15.0625 15.25 14.25 14.5625 14.8125 15.3125 15.5 17.5 18.5 18.875 19.9375 20.4375 20.4375 19.875 19.9375 15.375
4 3.625 3.5 3.375 3.1875 2.875 2.25 2 2 2 2 2 2 2 2 2 2 2 2 2 2 2 2 2 2 2 2 2 2.0625 2.4375 2.8125 3 3 3 3.875 4 4 3.5 3 3.75 5.375 6.125 8.3125 9.9375 12.1875 13.5625 15.375 15.0625 15.3125 15.875 18.875 19.4375 17.4375 15.25 15.6875 16.5 17.25 17.5 18.5 19.0625 19.25 19.625 20.8125 22.0625 19.8125 21.9375 14.3125
4 4 4 4 4 3.5625 3.25 2.1875 2 2 2.0625 2 2 2 2 2 2 2 2 2 2 2 2 2 2 2 2 2.4375 2.9375 3 3 3 3 3.1875 4 4 3.5 3 3 3.1875 4.6875 5.5 8.1875 10.0625 11.3125 13.3125 14.5625 14.375 15.1875 18.8125 23 25.0625 26.1875 21.625 18.4375 18.3125 20.625 20.625 19.375 19.0625 19.1875 19.625 21.4375 20.875 19 20.375 13.5625
4 4 4 4 4 4 3.9375 3.1875 3 2.625 2.9375 2.9375 2.625 2.3125 2 2 2 2 2 2 2 2 2 2 2 2 2.625 3 3 3 3 3 3.0625 3.6875 4 4 3.25 3 3 3 3.625 5.1875 6.875 8.625 11.0625 12.75 14.0625 15.1875 17.375 19.9375 21.5 18.1875 19.0625 19.25 22.3125 21.375 21.3125 19.875 19 19.125 19.125 20.0625 19 19.375 20.4375 16.9375 12.25
4.3125 4.25 4.25 4.0625 3.8125 3.75 3.0625 3 3 3 3 3 3 3 2.9375 2.625 2.3125 2 2 2 2 2 2 2 2 2 2.6875 3 3 3 3 3.375 4.5 4.625 4.1875 4 3.25 3 3 3 3 4.25 6 7.875 10.3125 12.4375 13.6875 14.75 17.1875 17.0625 17.25 14.1875 12.9375 14.0625 14.8125 19.5 19.8125 19.875 19.4375 19.375 18.625 18.0625 18.1875 17.875 19.125 12.75 11.6875
5 5 5 4.9375 4.1875 3.5 3.0625 3.0625 3.3125 3 3 3.0625 3.0625 3 3 3 3 2.75 2.25 2 2 2 2 2 2 2 2.5625 3.375 3.5625 3.75 4 4 4.375 5 5 4.375 3.375 3 3 3 3 3.75 5.5 7.4375 9.9375 12.25 13.75 14.6875 16.3125 15.625 12.125 9.375 8.875 9.4375 12.1875 16.625 18.5 18.5625 18.25 17.5 18.125 18 16.375 16.75 16.25 12.0625 11.375
5 5.375 5.875 6 5.3125 4.5625 4.5625 4.5 4.375 3.875 3.5 3.625 3.75 3.5 3.25 3 3 3 3 2.8125 2.3125 2.25 2.25 2.25 2.5 2.875 3.0625 3.875 4 4 4 4.1875 4.875 5.0625 5 4.9375 3.625 3 3 3 3 4.1875 5.9375 8.4375 10.1875 12.4375 13.5625 14.375 15.75 14.4375 9.9375 8.9375 8.0625 8.0625 10.1875 12.375 15.125 17.4375 16.875 16.625 16.875 15.375 15.3125 15.25 14.0625 11.75 11.0625
5.375 6.1875 6.625 6.6875 6.4375 5.25 5 5 5 5 4.8125 4.5625 4.5 4 4 3.4375 3 3 3 3 3 3 3 3 3 3 3 3.375 4 4 4.5 4.875 5.9375 5.375 5 5 4.375 3 3 3 3.1875 5.5 6.6875 9.6875 10.75 12 13.5625 14.4375 15.0625 12.9375 9.3125 8.75 8 8 8.4375 12.25 14.875 16 15.9375 16.1875 15.625 14.75 14.5625 14.125 12.25 10.75 10.875
6.25 7 7 7 7 5.125 5 5 5 5 4.25 4.875 5 4.75 4.25 3.375 3 3 3 2.4375 2.125 2.6875 2.625 2.25 3 3 3.3125 3.9375 4.6875 5 5.9375 6 6.75 6.125 5.5625 5.5 5.25 4.1875 3.375 3.5625 4.5625 6.1875 7.9375 10 10.875 12.75 13.3125 14.1875 14.0625 11.0625 8.5625 8.75 8.0625 8 8.25 9.875 10.875 11.9375 12.8125 13.875 14.1875 12.9375 12.5625 12.875 10.1875 10 10.0625
6.9375 7 7 7.1875 7.5625 6 5.6875 5.8125 5 4.875 4.6875 4.9375 5 4.9375 3.625 3 3 3 2.6875 2 2 2 2 2 2.5625 3.125 4.3125 4.875 5 5 5.625 6.4375 6.375 6 5.9375 5.6875 5.375 5 5 5.4375 6.0625 6.9375 7.9375 9.9375 10.625 12.75 12.5 12.6875 12.4375 9.875 8.6875 8.0625 8.4375 8.0625 8 8.4375 10.1875 12.375 11.875 12.25 10.8125 9.875 10.0625 9.375 8.5 9.375 9.875
7 7 7.375 7.9375 8 6.5 5.1875 5.5625 5.8125 5 4.6875 4.8125 4.125 4 3.5 3 3 3 2.3125 2 2 2 2 2 2.4375 3.9375 4.5 4.6875 5 5.75 5.9375 5.9375 5.75 6 5.75 5.625 5.9375 6.625 6.625 6.25 6.875 7.0625 7.375 9.1875 10.3125 11.6875 12.5 13.125 11.875 9.125 9 8.3125 8.0625 8.6875 8.375 8 8.375 8.9375 8.875 8.75 8.25 8.625 8.1875 7.1875 7 7.4375 8.5
7 7 7.9375 8 8.1875 7.625 6.125 6 6 5.3125 4.75 4.25 4.25 4 3.8125 3 3 2.8125 2 2 2 2 2 2 2.9375 3.75 4 4 4.8125 5.3125 5.25 5.5625 5.9375 6.25 6.25 6.625 7.5625 7.6875 7.75 7.1875 7 7.0625 7.875 9.25 10.6875 11.5 12.5625 12.75 11.375 9.5625 9.125 8.9375 8.1875 8.0625 8.75 8.4375 8 8 8 7.625 6.75 6.1875 5.875 5.75 6.0625 6.6875 7.875
7 7.1875 8 7.9375 8.1875 7.8125 6.5 6 5.9375 5.5 5 4.25 4 4 3.625 3.375 3 2.375 2 2 2 2 2 2.25 3 3.5 4 4.0625 5.0625 5.3125 5.875 6 6 6.5 7 7.375 8 8 8 7.6875 7.0625 7.8125 8 9.1875 11.4375 12 12.8125 13 11.875 10.8125 9.625 9 8.875 8 8 7.9375 7.0625 7 6.5 5.4375 5 5 5 5 5 5 5.8125
6.875 6.6875 8 7.5 6.9375 6.875 6.8125 5.875 5.5625 5.25 4.4375 4 4 4 3.25 2.9375 2.5 2 2 2 2 2 2 2.25 3 3.5 4 4.25 5 5 5.5 6.1875 6.875 7.125 7.3125 8.0625 8.0625 8.125 8 8 7.9375 8.0625 9 10.3125 11.875 12.25 13.1875 13.8125 12.8125 11.1875 10.25 9.0625 9 8.1875 8 8 7.375 6.8125 6 5.0625 5 4.75 4.125 4 4.0625 4.375 4.875
6.5 5.8125 7 7.375 5.8125 5.5 6.4375 5.25 5 5 4.25 4 4 3.875 3.125 3 2.8125 2.625 2.0625 2 2 2 2 2.25 3 3.375 4 4.125 5 5 5.5 6.25 7 7.8125 8 8.875 9 8.875 8 8.125 8.3125 9.6875 10.3125 11.8125 12.625 13.5 14.5625 14.4375 13.9375 12.25 10.75 9.625 9 8.25 8 8 7.3125 6.1875 5.6875 5 4.8125 4 4 4 4 4 4
7.125 7.8125 7.5625 7.1875 6.375 6.75 6.8125 5.75 5.125 5 4.5 4 3.6875 3.0625 3 3 3 3 2.75 2.125 2 2 2 2.25 3 3.4375 4 4 4.9375 5 5.6875 6.25 7.125 8 8 8.6875 8.8125 8.125 8.0625 8.75 10 10.75 11.875 12.6875 13.625 14 15.625 15.375 14.75 13.75 10.4375 9.75 8.9375 8.0625 8 7.8125 6.25 6 5.375 5 4.1875 4 3.6875 3.1875 3.125 3.6875 4
7.8125 8.5625 8.75 8.6875 8.3125 8.375 7.375 6.0625 5.6875 5.25 4.4375 3.875 3.3125 3 3 3 3 3 3 2.625 2 2 2 2 2.9375 3.5 4 4 4.75 5.0625 5.9375 6.125 7.5 7.9375 8.25 8.9375 8.1875 8 8.8125 10.25 11.5 12.625 13.4375 14 15.625 16.4375 16.5625 16.1875 15.75 13.8125 10.25 9.375 8.5 8 7.875 6.3125 6 5.75 5 4.5625 4 3.5 2.5 2.9375 3 3 3.5625
8.5 9.125 10.3125 10.0625 10.3125 10 9 6.75 6 5.625 4.8125 4 3.5 3.1875 3 3 3 3 3 2.9375 2.1875 2 2 2 2.5 3.5 4 4 4.75 5.75 6.125 6.75 7.0625 7.5 7.9375 8 8.1875 8.6875 10.125 12.1875 12.8125 13.4375 15 15.6875 16.875 17.4375 17.5625 17.4375 16.6875 12 9.875 8.8125 8 8 6.75 6 5.8125 5.0625 4.875 4.0625 3.625 2.125 2 2.5 3 3 3
9.0625 9.75 10.875 10.875 11 10.375 9.9375 8.125 6.3125 6.125 5.5625 4.6875 3.1875 3.1875 3 3 3 3 3 3 2.9375 2.375 2 2.125 2.375 3.75 4.25 4.5625 5.25 6.3125 7.125 7.5625 7.625 7.9375 8.3125 9.3125 9.25 10.125 11.75 12.8125 13.75 15.25 16.6875 17.5 18.25 18.625 18.375 17.9375 15.9375 11.125 9.125 8.125 8 7.6875 6 5.9375 5.0625 4.3125 4 4 2.25 2 2 2.25 3 3 3
9.8125 10.875 11.5 11.625 11.375 11 10.0625 9.375 7.9375 7.5625 6.3125 4.875 4.0625 3 3.0625 3 3 3 3 3 3 3 3 3 3.375 4.375 4.8125 5.0625 5.6875 7.3125 7.9375 8 8.3125 9 9.9375 10.0625 10.625 11.0625 12.5 13.8125 15.625 17.25 18.25 19.0625 20.0625 19.9375 19.0625 18.6875 14.9375 9.875 8.3125 8 7.8125 6.875 6 5.5 5 4.3125 4 3.625 2.0625 2 1.9375 1.625 2.125 2.8125 3
12.375 12.5625 13 12.375 12.25 11.75 10.25 10 8.5 8 6.875 5.3125 5 4.0625 3.125 3 3 3 3 3 2.875 2.625 2.4375 2.875 4.5 4.875 5 5.6875 6.9375 8.25 8.6875 9 9 9.625 10.3125 11 11.5 12.25 13.625 16.375 16.9375 19.125 20.75 21.3125 21.8125 21.8125 20.4375 18.1875 14.8125 8.75 8 7.8125 7.0625 7 5.9375 5.0625 5 4.1875 4 3.3125 2.875 2.5 2.0625 1.9375 2 2.25 3
