WorldClim_2.0_rasters/WC2.0_bio_14_16.asc
NCOLS 642 
NROWS 378 
XLLCORNER -19 
YLLCORNER 19 
CELLSIZE 0.166666666666667 
NODATA_value -1.7e+308 
[rows 217 to 247 of 378, columns 414 to 482 of 642]
8 8 7.75 7.75 7.375 7.0625 7 7 7 7 7 7 7 7.0625 7.5 7.0625 7 7.0625 7.25 7 7 7 6.875 6.5625 6.8125 6.8125 7 6.875 6.8125 6.375 6.125 6.4375 6.8125 6.5 6.5625 6.8125 6.4375 6.0625 6 6.125 6.1875 6.0625 6.125 6 6 6 6 6 6 6 6 6.0625 6 6 6 6 6 6.5625 7.1875 6.5625 6 6 6 6 6 5.625 5.0625 5.25 5.75
8 7.375 7.1875 7.0625 7 7 7 7 7 7 7 7 7 7 7 7 7.125 7 7.0625 7 7.0625 6.8125 6.5 6.25 6.0625 6 6.0625 6 6 6 6 6 6.0625 6.0625 6 6.125 6.0625 6 6 6 5.9375 6 5.5625 5.375 5.25 5.625 5.875 6 6 6 6 5.625 5 5.4375 5.9375 5.8125 5 5 5.4375 5.5625 5.75 5.875 5.75 6 6 5.5625 5 5 5
7.25 7 7 7 7 7 7 7 7 7 7.1875 7.1875 7.25 7 7 7 7 6.75 6.375 6.75 6.1875 6.0625 6 6.1875 6.125 6 6 6 6 6 5.9375 5.625 6 6 6 6 6 6 5.9375 5.375 5.0625 5 5 5 5 5 5 5.3125 5.25 5.1875 5.3125 5.0625 5 5 5.0625 5.375 5.1875 5 5 5 5 5 5 5.3125 5.25 5.5 5 5 5
7.0625 7 7 7 7 7 7 7 7 7 7 7.5625 7.0625 7 7 7 7 7 6.4375 6.4375 6 6 6.125 6.125 6.125 6 5.75 5.375 5.0625 5.1875 5.125 5 5.1875 5.0625 5.25 5.4375 5.5625 5.125 5 5 5 5 5 5 5 5 5 5 5 5 5 4.9375 5 5 5 5 5 5 5 5 5 5 5 5 5 5 5 4.875 4.4375
7 7 6.8125 6.75 6.4375 6.4375 6.875 7 7 7.125 7.0625 7 7 7 7 7 7 6.8125 6.25 6 6 6 5.875 5.375 5.25 5.0625 5 5 5 5 5 5 5 5 5 5 5 5 5 5 5 5 5 5 5 5 5 5 5 4.875 4.0625 4 5 5 5 5 4.9375 4.5 4 4.1875 4.5625 5 5 5 5 5 5 5 4.375
7 6.5625 6 6 6 6 6.5 6.875 7 7 7 7 7 7 7 6.875 6.5625 6.125 6 6 5.9375 5.6875 5.4375 5.5 5.4375 5.5 5.25 5 5 5 5 5 5 5 5 5 5 4.8125 4.5 4.375 4.5625 4.4375 4.4375 4.3125 4 4.25 4.1875 4.5 4.8125 4.3125 4 4.0625 4.125 4.4375 4.8125 4.8125 4.25 4 4 4 4.0625 4.5625 5 5 5 5 5 5 4.8125
6.6875 6 6 6 6 6 6 6.5625 7 7 7 7 6.9375 6.875 6.1875 6.125 6 6 6 5.875 5.25 5.375 6 6 5.75 5.25 5 5 5 5 5 4.8125 4.5 4.3125 4.4375 4.6875 4.3125 4 4 4 4 4 4 4 4 4 4 4 4.0625 4 4 4 4 4 4 4 4 4 4 4 4 4 4.0625 4.1875 4.1875 4.125 4.375 4.125 4.0625
6.4375 6.125 6.0625 6 6.3125 6.3125 6.3125 6.625 7 7 7 6.3125 6.3125 6.0625 6 6 6 5.8125 5.5625 5.0625 5.0625 5.9375 5.875 5.625 5 5 5 5 5 4.875 4.375 4 4 4 4 4 4 4 4 4 4 4 4 4 4 4 4 4 4 3.8125 3.375 3.9375 4 4 4 4 4 4 4 4 4 4 4 4 4 4 4 4 4
6.875 6.4375 6.6875 6.9375 6.875 6.9375 6.9375 6.9375 7 7 7 6.6875 6.375 6 6 5.5625 5.375 5 5 5 5.5 5.8125 5 5 5 5 5 4.8125 4.375 4.125 4 4 4 4 4 4 4 4 4 4 4 3.75 3.5625 3.5 3.3125 3.25 3.625 4 4 3.625 3.25 3.8125 4 4 4 4 4 4 4 4 4 4 4 4 4 4 4 3.6875 3.5
7.375 7 6.875 6.625 6.625 7 7 7 7 7 6.9375 6.8125 6.3125 6.4375 6 6 5.25 5 5 5.0625 5 5.0625 5 5 5 5 4.9375 4 4 4 4 4 4 4 4 4 4 3.75 3.5625 3.3125 3 3 3 3 3 3 3 3 3.5 3.9375 4 4 4 4 4 4 4 4 3.9375 3.75 4 4 4 4 4 3.8125 3.1875 3 3
8.0625 7.8125 7.1875 7 7 7 7 7 6.75 6.625 6.375 6.4375 6.4375 6.3125 6.3125 6.0625 5.8125 5.125 5 4.8125 4.9375 5 5 5 4.625 4.1875 4.1875 4 4 4 4 4 4 4 3.9375 3.5625 3.125 3 3 3 3 3 3 3 3 3 3 3 3 3.625 4 4 3.9375 3.9375 4 4 4 4 3.9375 3.875 4 4 4 3.75 3.5625 3 3 3 3
8.0625 8 7.625 7 7 7 7 6.8125 6.125 6.0625 6 6 6 6 6 5.8125 5.1875 5 4.9375 4.25 4.0625 4.25 4.8125 4.8125 4.25 4 4 4 4 4 4 4 3.8125 3.75 3.3125 3 3 3 3 3 3 3 3 3 3 3 3 3 3 3.5 3.875 3.5625 3.5625 3.625 4 4 4 3.9375 3.875 4 4 3.8125 3.375 3 3 3 3 3 3
8.0625 8 7.125 7 7 6.625 6.125 6 6 5.5 5.75 6 6 6 6 5.125 5 5 5 4.5 4 4 4 4 4 4 4 4 4 4 3.6875 3.1875 3 3 3 3 3 3 3 3 3 3 3 3 2.6875 3 3 3 3 3.375 3.125 3.375 3.5 3.9375 4 4 3.875 3.75 3.6875 3.5625 3.375 3.0625 3 3 3 3 3 3 3
8.125 8 7.125 7 7 6.1875 6 6 6 5.25 5.375 5.875 5.875 5.5 5.25 5.125 5 5 5 4.1875 4 4 3.875 3.5625 3.75 4 3.9375 3.8125 3.625 3.3125 3 3 3 3 3 3 3 3 3 3 3 2.875 2.8125 2.875 2.6875 2.8125 3 3 3 3 3.375 3.375 3.6875 4 4 4 3.8125 3.0625 3 3.0625 3 3 3 3 3 3 3 2.9375 2.75
8 7.9375 7.0625 7 7 6 6 5.875 5.5625 5.0625 5 5 5 5 5 4.9375 4.1875 4.1875 4.3125 4 4 3.9375 3.375 3.25 3.4375 3.4375 3 3 3 3 3 3 3 3 3 3 3 3 3 3 2.9375 2 2 2 2.0625 2.125 2.75 3 3 3 3 3.3125 3.9375 4 4 4 3.75 3.125 3.0625 3 3 3 3 3 3 3 2.875 2.125 2
8 7.625 7 7 6.3125 6 6 5.625 5 5 5.0625 5 5 5 4.8125 4.6875 4.3125 4.0625 4 4 4 4 3.5 3 3 3 2.9375 2.875 2.9375 3 3 3 3 3 3 3 3 3 3 2.6875 2.1875 2 2 2 2 2 2.0625 2.625 3 3 3 3 3 3.125 3.25 3.1875 3 3 3 3 3 3 3 3 2.5 2.25 2.1875 2 2
7.8125 7.125 6.9375 6.3125 6 6 5.9375 5.0625 5 5 5 5 4.8125 4.5 4.125 4 4 4 4 3.9375 3.8125 3.75 3.375 3 3 3 2.0625 2.0625 2.4375 2.875 3 3 3 3 3 2.75 2.5 2.375 2.5625 2.75 2.9375 2.4375 2 2 2 2 2 2.1875 2.875 3 3 3 2.75 2.375 2.9375 3 3 3 3 3 3 3 3 2.3125 2.0625 2 2 2 2
7.75 7 6.9375 6.0625 6 5.875 5.125 5 5 5 4.6875 4.4375 4 4 4 4 3.5 3.3125 3.375 3 3 3 3 3 3 2.5 2.125 2.8125 3 3 3 2.8125 2.6875 2.1875 2.125 2.125 2 2 2 2 2.1875 2.75 2.0625 2 2 2.0625 2.25 2.375 3 3 3 3 2.25 2 2.125 2.625 2.875 3 2.6875 2.125 2.3125 2.4375 2.1875 2 2 2 2 2 2
7.25 7 6.375 6 5.875 5.1875 5 5 5 5 4.125 4 4 4 3.5 3.125 3 3 3 3 3 3 3 3 2.5 2 2.4375 2.3125 2 2.125 2 2 2 2 2 2 2 2 2 2 2 2 2 2 2 2.3125 3 3 2.875 3 3 2.9375 2.0625 2 2 2.0625 2 2 2 2 2.0625 2 2 2 2 2 2 2 2
7.0625 6.8125 6 6 5.5625 5 5 5 4.875 4.1875 4 4 4 3.875 3.0625 3 3 3 3 3 3 2.875 2.5625 2.3125 2 2 2 2 2 2 2 2 2 2 2 2 2 2 2 2 2 2 2 2 2 2 2.125 2.1875 2.1875 2.1875 2.1875 2 2.1875 2.0625 2 2 2 2 2 2 2 2 2 2 2 2 2 2 2
6.9375 6.125 6 5.5625 5 5 4.5625 4.25 4 4 4 4 4 3.5 3 3 3 3 3 3 3 2.0625 2 2 2 2 2 2 2 2 2 2 2 2 2 2 2 2 2 2 2 2 2 2 2 2 2 2 2 2.0625 2 2.0625 2.4375 2.75 3 2.3125 2 2 2 2 2 2 2 2 2 2 2 2 2
6.6875 6 5.6875 5.0625 5 4.875 4.0625 4 4 4 4 4 3.5 3.0625 3 3 3 3 3 2.9375 2.5 2 2 2 2 2 2 2 2 2 2 2 2 2 2 2 2 2 2 2 2 2 2 2 2 2 2 2 2 2 2 2.3125 2.8125 3 3 2.6875 2 2 2 2 2 2 2 2 2 2 2 2 2
6.125 5.9375 5.125 5 4.8125 4.1875 4 4 4 3.9375 3.4375 3.4375 3.1875 3 3 3 3 3 2.5 2.1875 2 2 2 2 2 2 2 2 2 2 2 2 2 2 2 2 2 2 2 2 2 2 2 2 2 2 2 2 2 2 2 2 2.3125 2.75 2.8125 2.3125 2 2 2 2 2 2 2 2 2 2 2 2 2
6 5.3125 5 4.6875 4 4 4 4 4 4 3.5625 3 3 3 3 3 3 2.375 2 2 2 2 2 2 2 2 2 2 2 2 2 2 2 2 2 2 2 2 2 2 2 2 2 2 2 2 2 2 2 2 2 2 2 2 2.0625 2 2 2 2 2 2 1.8125 1.5 1.5625 1.75 2 2 2 2
5.5 5 4.9375 4.25 4 4 4 4 3.8125 3.5 3.0625 3 3 3 3 3 3 2 2 2 2 2 2 2 2 2 2 2 2 2 2 2 2 2 2 2 2 2 2 2 2 2 2 2 2 2 2 2 2 2 2 2 2 2 2 2 2 2 2 2 1.9375 1.25 1 1 1.3125 2 2 2 2
5.0625 4.875 4 4 4 4 3.9375 3.25 3.125 3 3 3 3 3 3 3 2.875 2 2 2 2 2 2 1.3125 1.625 2 2 2 2 2 2 2 2 2 2 2 2 2 2 2 2 2 2 2 2 2 2 2 2 2 2 2 2 2 2 2 2 2 2 2 1.5 1 1 1 1.375 2 2 2 2
5 4.125 4 4 4 3.9375 4 3.5625 3 3 3 3 3 3 3 3 3 2 2 2 2 2 1.6875 1 1 1.4375 1.875 2 1.875 2 2 2 2 2 2 1.875 1.875 2 2 2 2 2 2 2 2 2 2 2 2 2 2 2 2 2 2 2 2 2 2 2 1.125 1 1 1 1.5 1.9375 2 2 2
4.125 4 4 4 3.9375 3.3125 3 3 3 3 3 3 3 3 2.9375 3 2.9375 2 2 2 2 2 1.5625 1 1 1 1 1.1875 1.4375 1.375 2 2 1.9375 1.4375 1.1875 1 1.25 1.9375 2 2 2 2 2 2 2 2 2 2 2 2 2 2 2 2 2 2 2 2 1.8125 1.3125 1 1 1 1 1.25 1.1875 1.5 2 2
4 4 3.9375 3.4375 3.125 3.0625 3 3 3 3 3 3 3 3 2.25 2.1875 2.375 2.125 2 2 2 2 1.8125 1 1 1 1 1 1 1.5 2 1.9375 2 2 1.5625 1.0625 1.4375 2 1.8125 1.4375 1.9375 2 2 2 2 2 2 2 1.875 1.75 1.9375 2 2 1.9375 1.75 1.5 1.25 1.1875 1 1 1 1 1 1 1 1 1 1.1875 1.75
3.3125 3.0625 3 3 3 3 3 3 3 3 3 3 3 2.625 2 2 2 2.1875 2 2 2 2 1.3125 1 1 1 1 1 1 1.125 1.1875 1.1875 1.9375 2 2 1.6875 1.4375 1.9375 2 1.625 1.9375 2 2 2 2 2 2 2 1.875 1.625 1.375 1.125 1 1 1 1 1 1 1 1 1 1 1 1 1 1 1 1 1.125
3 3 3 3 3 3 3 3 3 3 3 3 2.9375 2.1875 2 2 2 2.0625 2.125 2 2 2 1.625 1 1 1 1 1 1 1 1.75 1.875 2 2 2 1.9375 2 2 2 2 2 2 2 2 2 2 2 1.9375 1.75 1.25 1 1 1 1 1 1 1 1 1 1 1 1 1 1 1 1 1 1 1
