WorldClim_2.0_rasters/WC2.0_bio_18_16.asc
NCOLS 642 
NROWS 378 
XLLCORNER -19 
YLLCORNER 19 
CELLSIZE 0.166666666666667 
NODATA_value -1.7e+308 
[rows 232 to 260 of 378, columns 462 to 527 of 642]
15.125 15.5625 15 16.5625 16.4375 16.5625 16.0625 15.375 13.5 13.25 11.9375 11.6875 11.375 11.0625 11.25 11 11 11 11 11 11 10.8125 10.375 10 10 10 10 10 10 10 10 10 10 10 10 10 10 10 10 10 10.0625 10.9375 11 11 11 11 11 11 11 11 11.5625 12 12.25 12 12 11.4375 11.8125 11.75 11.5 11.8125 12.625 12.5 12 12.9375 14.5 15.125
15.1875 15.25 15.4375 16.125 15.875 15.4375 15.8125 14.75 13.25 12.3125 11.6875 11.375 11 11.1875 11 10.75 10.75 10.75 10.75 10.625 10.75 10.6875 10.1875 10 10 10 10 10 10 10 10 10 10 10 10 10 10 10 10 10 10.6875 10.9375 11 11 11 11 11 11 11 11.0625 11.6875 11.9375 12 11.9375 11.75 11.125 11 11 11.9375 12 12.1875 11.9375 12 11.875 12.3125 14.1875
15.25 14.6875 15.5625 15.5625 15.0625 13.875 13.3125 13.0625 12.5 12.0625 10.6875 10.0625 10.3125 10.1875 10.5 9.9375 9.5 9.25 9.125 9.4375 9.9375 9.9375 9.9375 10 9.9375 10 10 10 10 10 10 10 10 10 10 10 10 10 10.4375 11 11 11 11 11 11 11 11 11 11 11.0625 11.5625 11.375 12 11.625 11.375 11.125 11.5625 11.0625 11.6875 12 12 12 12.0625 11.75 12.375 13.4375
14.6875 14.875 14.625 14.5 13.1875 12.5 11.9375 11.5625 10.9375 10.3125 9.8125 9.125 8.25 8.625 8.5625 8.75 8.9375 9 9.3125 9 9.25 9.375 9.5 9.4375 9.875 9.875 10 10 10 10 10 10 10.625 10.625 10.5625 10.1875 10.1875 10.75 11 11 11 11 11 11 11 11 11 11 11 11 11 11 11.3125 11.875 11.4375 11.4375 11.75 11.625 12 11.9375 12.0625 12.3125 12.5 12.25 14.1875 15
13.0625 12.9375 12.9375 12.375 12 11.75 11.0625 10.9375 10.4375 10 9.6875 8.75 8.625 8.9375 9 9 9 9 9 9 9 9 9.125 9.5625 9.3125 9.8125 9.8125 9.75 9.8125 10.25 10.8125 11.375 13.0625 12.8125 11.9375 10.9375 11 11 11 11 11 11 11 11 11 11 11 11 11 11 11 11 10.625 11.1875 12 11.5625 11.4375 12 12.0625 12 12.125 12.125 12.6875 13.375 15 15.4375
12 11.9375 12.0625 11.875 11.5 11.75 11.75 10.5 10 9.9375 9.3125 9.125 9 9 9 9 9 9 9 9 9 9 9.0625 9.125 9.1875 9.5625 9.125 9.0625 9.125 9.5625 9.5625 10 10.8125 11.5625 12.1875 11.4375 11 11 11 11 11 11 11 11 11 11 11 11 11 11 11 11 11 11 11.5625 12.0625 12.25 12.3125 12.9375 12.5625 12.375 12.8125 12.25 14.25 15.125 15.75
11.375 11.0625 11.0625 11.4375 11.8125 11.75 11.0625 10.6875 10 9.875 9.3125 9 9 9 9 9 9 9 9 9 9 9 9.125 9 9.0625 9.375 9.3125 9.3125 9 9 9.0625 9.6875 9.9375 10.875 11.3125 10.5 10.8125 11.125 11 11.1875 11.375 11.5 11.0625 10.875 11 11 11 11 11 11 11 10.9375 11 11 11.75 12.75 13 13 12.75 12 12.4375 13.1875 14.125 15.0625 16.125 16.5
11 10.9375 10.5625 10.375 10.5625 10.75 10.625 9.75 9.25 9.25 9.0625 9 9 9 9.5 9.5 10.3125 9.125 9.0625 9 9 9 9 9 9 9.0625 9.375 9.25 9.125 9 9 9 9 8.875 8.625 8.625 9.1875 9.6875 10 10.125 10.5 10.9375 10.75 11.75 11.0625 10.6875 10.5 10.6875 11 11 11 10.9375 11.0625 11.3125 12.4375 12.8125 13 12.1875 12 12.6875 12.5 13.9375 15.1875 15.8125 17.4375 19
10.5625 10.25 10 9.9375 9.6875 9.5 9.25 8.9375 9.0625 9 9 9 9 8.8125 9 9 9 9 9.1875 9.1875 9.25 9 9 9 9 9 9 9 9 9.0625 9 9 9 8.5 8.0625 7.75 7.5625 8.3125 9.125 9.4375 9.3125 9.375 9.875 9.8125 10 10 10.1875 10.75 10.6875 10.25 10.5625 10.75 11.375 11.9375 12 12.1875 12.3125 12.875 12.75 12.375 12.4375 14.75 15.375 17.375 17.625 20.4375
10 10 10 9.1875 8.0625 8 8.125 8.25 8.625 8.9375 9 8.9375 8.8125 8.25 8.5625 9 9 9 9.25 9.125 9 9 9 9 9 9 9.1875 9 9 9.0625 9.3125 9 9 9 8.375 7.875 8.0625 8.875 9.1875 9.5 9.625 9.5 9.4375 10 10 9.9375 9.375 9.375 10 10 10 11.1875 12.0625 12 12 12.625 12.5 12.3125 13.4375 12.375 13 14.4375 14.875 17.0625 18.625 20.4375
10 10 9.5625 8.3125 8 8 8 8 8 7.8125 8.125 8.375 7.875 8.1875 8.5 8.9375 9 9 9.0625 9 9 9 9 9 9 9 9 9 9 9.25 9.75 9.3125 9 8.9375 8.5625 8 9.6875 11.0625 13.625 12.1875 9.9375 9.0625 9.4375 10 9.625 9.25 9.0625 9.875 10.4375 10.3125 11.125 11.8125 13.25 13.125 13.6875 14 14 13.125 13 12.6875 12.8125 13.875 14.0625 16.25 16.0625 18.1875
10 10 9.375 8.375 8 8 8 7.9375 7.8125 7.125 7.125 7 7.3125 8.0625 7.3125 7.9375 9 8.9375 9 9 9 9 9 9 9 9 9 9 9 9.0625 9.5 9.875 8.625 8.25 8 8.0625 9.75 10.75 10.5625 10.1875 9.75 10 10 10 9.5 8.875 9.0625 9.9375 10.5 11 11.6875 12 13 13.75 13.9375 14 13.875 13.375 13 12.75 11.9375 12.75 12.875 13.375 14.0625 16.125
10 10 9.4375 9 8.1875 8 8 7.4375 7.1875 7.0625 6.8125 6.75 6.625 6.5 6.625 7.625 8.3125 8.1875 8.5 9 9 9 9 9 9 9 9 9 8.9375 8.625 8.4375 8.25 8.0625 8.4375 8.5625 8 8.4375 7.9375 7.5625 7.6875 9.1875 8.5 9 10.0625 9.625 9.125 9.625 9.5625 10.4375 11 11 11.1875 11.6875 12.875 13.375 13.5 13.125 13 13 12.3125 12.1875 11.9375 11.75 11.875 12.1875 14.25
9.8125 9.4375 9.1875 8.9375 8 7.9375 7.6875 6.5 6.25 6.1875 6 6 6 6 6 6.0625 7.5 8 8 8.25 8.75 9 9 9 9 9 9 8.5 8.125 7.875 7.375 6.75 7.25 7.75 7.8125 7.0625 7 6.8125 6 5.6875 5.625 5.9375 6.8125 7.3125 8.75 8.6875 9.25 9.5625 9.8125 10 9.875 10.3125 10.875 12.25 12.6875 12.75 12.4375 13 13 12.5 11 10.625 10 10.25 11.375 11.75
9.875 9.4375 8.6875 8.125 7.1875 7 6.5 6 6 6 6 6 6 6 6 6 6.4375 7.75 8 8 8.125 8.5 8.8125 9 9 8.9375 8.3125 8 7.8125 6.625 6.25 5.9375 6 6.75 6.9375 6.125 6.125 5.1875 5 5 5 5 5.75 7.1875 7.9375 8.1875 8.875 8.9375 8.5 8.9375 9.375 9.1875 9.5 9.875 10.4375 11.5 12.0625 12.5 12.25 11.375 10.875 10.0625 8.5 8 8.25 9
10.0625 9.25 8.625 8 7.375 7 6.5 6 6 6 6 6 6 6 6 6 6 6.6875 7.875 8 8 8 8 8.4375 8.1875 8 7.875 7.25 6.375 6 5.75 4.875 4.5 5.875 6.875 6.875 6.375 5.1875 5.125 5 5 5 5.6875 7.1875 7.75 8.6875 9.75 11.4375 12.0625 12.875 12.25 11.6875 11.6875 11.125 10.375 10.5 11 11 11.625 10.9375 10 9.5 8 8 8 8
10 9.125 9 8.1875 7.25 7 6.375 6 6 6 6 6 6 6 6 6 6 6 6.75 7.5 7.9375 7.8125 7.5 7.1875 7.5 7.1875 7.125 6.875 6 6 5.3125 3.8125 3 3.5 4.125 5.0625 5 5 5 5 5 5 5.8125 7.1875 8.5625 10.5 10.0625 11.6875 16.25 19.625 23 31.75 22.25 15.8125 12.125 11.5625 11.5 11 11.6875 10.5625 9.9375 8.9375 8.125 7.5625 7.125 7.75
10 9.625 9 8.4375 7.125 6.75 6 6 5.6875 5.8125 5.75 6 6 6 6 6 6 6 6 6.375 7 7 7 7 7.0625 7 7 6.375 6 5.875 4.3125 3.25 3 3 3 3.6875 4.8125 5 5 5 5 5 5.625 8.6875 10.1875 12.25 16.1875 20.8125 18.1875 15 20.8125 31.625 32.4375 31.125 21.3125 16.5625 15.1875 12.9375 11.625 10.25 9.9375 9 8.5625 7.25 7 7.4375
10 9.8125 9 8.25 6.9375 6.0625 5.5 5.0625 5 5 5 5.125 5.6875 6 6 6 6 6 6 6 6.0625 6.375 6.8125 7 7 7 6.4375 6 5.8125 5.125 3.875 3 3 3 3 3.3125 4 4.125 5 5 5 5 5 5.6875 7.4375 9.5625 12.4375 12.8125 13.875 17.875 21 17.25 17.375 17.9375 19.9375 28.5 26.5 16.1875 12.875 11.25 10.1875 9.3125 9 8.6875 8.3125 8.875
9.875 9.0625 8.375 7.4375 6.0625 5.0625 5 5 5 5 4.9375 4.8125 4.875 5.375 5.9375 6 6 6 6 6 6 6 6 6.0625 6.0625 6.0625 5.9375 5.625 5.0625 4.8125 3.3125 3 3 3 3 2.75 3.75 3.625 3.625 4.0625 4.8125 5 5 5.875 6 6.4375 6.5 7.1875 8.25 9.75 10.5 11.4375 12.6875 15.8125 16 17.1875 18.4375 19.0625 16.9375 12.125 11 11.25 11.125 11.25 12.3125 14.6875
9.25 8.375 7.875 6.375 5.5 5 5 4.8125 5 4.75 4.3125 4.3125 4.1875 4.0625 4.5625 5.6875 6 6 6 6 6 6 6 6 5.9375 5.625 5.0625 5 5 3.9375 3 3 3 2.8125 2.0625 2 2.875 3 3 3 3.0625 3.5625 4.3125 5.375 6.625 7.375 6.8125 7.375 7.5 8.125 9.1875 9.3125 10.875 11.3125 14.625 21.375 17.8125 16.75 22.375 24.8125 18.25 15.5625 18.0625 19.3125 22.625 24.625
8.8125 8 7.3125 6.0625 5.5625 5 4.125 4 4.0625 4.125 4.1875 4 4 4 4 4.1875 4.625 5.625 5.9375 5.9375 5.875 6 5.875 5.5625 5.1875 5 4.9375 4.625 4.125 3.375 3 3 2.6875 2.25 2 2 2.5625 3 3 3 3 3 3.1875 4.375 4.9375 5.9375 8.75 10.8125 8.9375 8.75 9.625 10.1875 10.9375 11 11.4375 12.4375 14.0625 18.875 35.8125 35.5625 42.9375 38.375 34.3125 49.375 42.3125 39.75
8.375 8 7.0625 6 5.8125 4.75 4.0625 4 4 4 4 4 4 4 4 4 4 4.125 4.1875 4.25 4.4375 4.75 4.8125 4.75 4.75 4.3125 4 4 4 3.0625 2.625 2.4375 2 2 2 2 2.0625 2.8125 3 3 3 3 3 3 3.625 4.8125 5.4375 6.25 7.25 8.125 9.625 11.125 12.125 12.25 11.1875 11.75 14.5625 36.25 61.875 69.6875 75.125 87.75 74.3125 85.125 79.25 76.375
8 8 6.9375 6 6 5.3125 4.1875 4 4 4 4 4 4 4 4 4 4 4 4 4 4 4 4 4 4 4 4 4 3.5625 2.6875 2.375 2 2 2 2 2 2 2.0625 2.9375 3 3 3 3 3 3.0625 4 4.625 5.625 6.5625 7.5625 10.5 17.5625 22.3125 23.75 20.25 18.0625 22.4375 36.5625 30.1875 41.25 44.8125 61.125 63.1875 58 69.1875 72.0625
8 8 6.8125 6 6 5.9375 4.25 4.0625 4 4 4 4 4 4 4 4 4 4 4 4 4 4 4 4 4 4 4 3.5 2.3125 2.0625 2 2 2 2 2 2 2 2 2.125 2.5 2.875 3 3 2.875 2.625 2.8125 3.25 4.8125 5.6875 6.9375 8.4375 9.625 11.625 19.1875 21.625 37.75 59.375 90.3125 78.875 130.0625 95.4375 123 97 62.5625 82.5 77.75
8.1875 8 6.9375 6.125 6 6 5.4375 4 4 4 4 4 4 4 4 4 4 4 4 4 4 4 4 4 4 3.5625 3.125 3 2.125 2 2 2 2 2 2 2 2 2 2 2 2 2 2 2 2 2.5625 3 4.25 5.1875 6.1875 7.125 7.875 8 9.3125 14.6875 35.875 77.5625 147.875 154.5 134 126.8125 112.25 87.125 89.9375 72.6875 69.6875
8.625 8 7.25 6.4375 6 6 5.9375 4.3125 4 4 4 4 4 4 4 4 4 4 4 3.8125 3.5625 3.9375 3.4375 3.3125 3.25 3 3 2.875 2 2 2 2 2 2 2 2 2 2 2 2 2 2 2 2 2 2.1875 2.875 3.1875 4.5625 5.3125 6 6.875 8.6875 11.25 15.8125 41.3125 130.25 148.75 103.375 107.125 114.375 103.375 85.5 75.1875 58 51.25
9.25 8 7.75 6.5 6 6 6 4.9375 4 4 4 4 4 4 4 4 4 3.9375 3.625 3.125 3 3 3 3 3 3 3 2.6875 2 1.875 1.75 1.875 2 2 2 2 2 2 2 2 2 2 2 2 2 2 2.375 3 3.625 4 5.5625 8.0625 14.6875 41.375 53.5625 75.9375 134.0625 117.5 40.1875 64.875 79.625 61.8125 43.125 40.3125 30.375 39.9375
9.8125 8.4375 7.6875 6.8125 6.0625 6 6 5.625 4.8125 4.1875 4 4 4 4 4 4 3.9375 3.5625 3.0625 3 3 2.9375 2.75 2.5 2.5 2.4375 2.1875 1.9375 1.0625 1 1 1 1.25 1.625 1.875 2 2 2 2 2 2 2 2 2 2 2 2.25 3 3.625 4.3125 6.4375 9.125 13.5625 21.5 40.9375 80.5625 75.875 65 30.75 28.625 16.875 13.125 16.5625 15.1875 14.625 17.6875
