WorldClim_2.0_rasters/WC2.0_bio_14_16.asc
NCOLS 642 
NROWS 378 
XLLCORNER -19 
YLLCORNER 19 
CELLSIZE 0.166666666666667 
NODATA_value -1.7e+308 
[rows 310 to 340 of 378, columns 552 to 620 of 642]
2 2 2 2.5625 2.3125 2 2.3125 2.5625 2.875 2.875 2.5 2.25 2.25 2.25 2.25 2.5 2.6875 3 3 3.375 4.3125 5 5 5 5.4375 6.375 7.4375 7.125 7.3125 10.1875 13.1875 11.75 11.3125 10.8125 10.25 10.4375 13.8125 10.25 17.125 30.5625 25 20.125 21.5 24.9375 16.0625 19.1875 15.625 13.125 12.8125 11.4375 6.4375 7.5 5.5 3.5625 2.8125 1.9375 2 1.8125 1.5625 1.5 1.25 1.375 1.25 1.25 1.1875 1 1 1.0625 1.25
2 2 2 2.1875 2.4375 2 2 2 2 2 2 2 2 2 2 2 2 2.5625 3 3.125 4 4.875 5 5 5.0625 5.4375 5.5 5.3125 5.5 7.625 11.375 12 11.6875 10.5625 10.5 11.75 17.5 16.875 15.8125 17.125 22.875 21.3125 22.8125 19.25 21.3125 20.125 17.5625 15.8125 10.75 11.5 11.5 10.5625 8.625 5.9375 4.4375 1.875 1.4375 1 1 1 1 1 0.8125 0.6875 0.625 0.75 0.625 0.5 0.5
2 2 2 2 2.375 2 2 2 2 2 2 2 2 2 2 2 2.0625 2.75 3 3 4 4.5625 5.125 5.75 5.1875 4.8125 4.125 3.9375 4.8125 7.125 9.625 10.75 10.6875 10.0625 9.9375 11.1875 11.75 9.6875 10.6875 10.75 9.4375 9.9375 10.9375 12.0625 19.1875 15.5625 18.8125 16.8125 12.75 14.125 10.6875 11 10.25 8.9375 7.125 5.0625 2.25 1.25 0.625 1 1 0.9375 0.8125 0.5625 0.125 0 0 0 0
2 2 2 2 2.1875 2 2 2 2 2 2 2 2 2 2.125 2.5625 2.9375 3 3 3 4 4.125 5 5.5625 5.5 4.1875 3.125 3.0625 4.3125 6.6875 8.375 9.125 9.75 9.9375 9.75 9.625 10.375 8.0625 8.5625 10.0625 9.125 8.0625 8.75 10.375 9.6875 13.3125 14.75 16.9375 16.4375 14.0625 13.125 11.4375 9.3125 7.8125 7.625 6.75 4 3.5625 0.9375 0.625 0.875 1 1 1 0.8125 0.5 0.5625 0.125 0.125
2 2 2 2 2 2 2 2 2 2 2.0625 2.4375 2.5625 2.8125 3 3 3 3 3 3.5625 4 4 4.8125 5 5.3125 3.625 3 3 3.625 5.5 7.3125 7.8125 8.25 8.5625 8.4375 8.25 7.9375 8.75 9.25 8.6875 9.625 8.9375 8.4375 11.5 10.5 12.8125 14.375 14.5 14.125 12.0625 11.9375 11.625 8.1875 7.75 7.625 8.0625 7.6875 6.8125 5.25 3.8125 2 0.8125 1 1.1875 0.8125 0.8125 1.4375 1.375 1.0625
2 2.0625 2.5 2.0625 2 2 2 2 2 2.5 3 3 3 3 3 3 3.3125 3.625 3.875 4 4 4 4.4375 5 5 3.6875 3 3 3.75 4.8125 5.5625 6.4375 6.875 7.0625 6.75 6.6875 6.4375 7.3125 10.4375 11.375 11.5 9 10 9.1875 11.6875 14 14.3125 13.9375 14 12.75 11.125 11.375 8.625 9 9.375 10 8.625 4.8125 5.125 5.375 5.0625 3 1.0625 1.125 0.625 1.5625 1.9375 1.0625 1.75
2 2 2 2 2 2 2 2 2.0625 2.5625 2.9375 3 3 3 3 3.0625 3.9375 4 4 4 4 4 4.125 5 5 4.0625 3 3.375 4 5 4.625 4.8125 5.25 5.625 5.8125 5.5 5.125 5.1875 5.625 6.5 8.875 8.9375 9.5625 9.125 12.6875 14.375 13.875 12.75 13.1875 11 11.8125 10.6875 10.25 9.1875 8.75 9 10.1875 8 6.5625 7 5.1875 4 2 1 0.6875 4.5625 4.125 1.4375 3.3125
2 2 2 2 2 2 2 2 2 2 2.125 2.625 3 3 3 3.4375 4 4 4 4 4 4 4 4.9375 5 4.3125 4 4 4.125 4.25 4 4 4 4.375 4.9375 4.875 4.375 4 4.0625 4.1875 4.875 5.875 6.4375 7.5625 9.6875 13.125 14.4375 14.875 11.375 11.0625 10.5 10.25 10.3125 11.5 11.625 11.6875 11.25 10.5 9.9375 10.75 7.3125 5.8125 5.5625 2.25 1.9375 9.1875 5.75 2 3.0625
2 2 2.0625 2.0625 2 2 2 2 2 2.125 2.3125 2.1875 2.8125 3 3 3.5 4 4 4 4 4 4 4 4.625 5 5 4.75 4.875 5 4.4375 4 3.8125 3.5625 3.9375 4.0625 4 4 3.75 3.3125 3.6875 4 5 5.4375 6 6.5 9.3125 11.6875 10.875 8.5 9.5625 9.3125 8.8125 9.1875 10.5625 10.625 9.375 10.5625 10.8125 11.9375 11.625 11.375 9.4375 7.375 4.9375 8.75 9.4375 4.125 2 1.5
2 2.25 2.9375 2.4375 2 2 2 2 2.375 2.9375 3 3 3 3 3 3.8125 4 4 3.875 3.75 3.9375 4 4 4.1875 5 5 5 5 5 4.6875 4 3.25 3 3.125 3.5625 3.8125 3.3125 3 3 3.3125 4 5 5.3125 5.8125 5.75 5.0625 4.875 5.4375 6.9375 6.5 6.375 8.6875 9.3125 9.6875 9.0625 8.6875 10.125 11.875 12.3125 12.5625 10.375 6.875 7.1875 8.5 9.8125 8.375 6.4375 8.125 3.9375
2.375 2.875 3 2.625 2 2 2 2.25 2.9375 3 3 3 3 3 3.25 4 4 3.875 3 3 3.1875 3.9375 4 4 4.9375 5 5 5 5 4.625 4 3.1875 3 3 3 3 3 3 3 3.25 4 4.9375 5 5.0625 5 4.9375 4.0625 4 4 4.625 6.375 6.875 8.375 8.9375 6.9375 7.8125 10.0625 11 12.0625 13.25 13.3125 12.8125 12 11.5 9.8125 8.25 9.1875 9.75 10
2 2.0625 2.5625 3 2.25 2 2.1875 2.9375 3 3 3 3 3.6875 3.9375 4 4 4 4 3.4375 3 3 3.1875 3.9375 4 4.625 4.875 4.5 4.25 4.3125 4.375 4 3.25 3 3 3 3 3 3 3 3.125 4 4.1875 4.625 4.625 4.375 4 3.875 3.375 3.3125 3.625 4.125 5.5625 5.8125 7.375 9.0625 9.375 11.75 11 12.375 13.25 12.25 12 10.1875 8.875 10.9375 10 9.5625 9.875 8.125
2 2 2 2.625 2.8125 2.5625 2.9375 3 3 3 3 3 3.8125 4 3.5625 3.875 4 4 3.5 3 3.0625 3 3.25 4 3.8125 3.25 3.1875 3.25 3.9375 4 4 3.25 3 3 3 3 3 3 3 3 3.3125 3.5 3.5 3.5 3.75 3.5 3 3 3 3 3 3.1875 3.75 4.75 6.125 7.1875 8.8125 8.25 8.0625 10.375 9.625 8.375 9.875 7 6.8125 6.75 7.625 8.125 8.0625
2 2 2 2.25 3 3 3 3 3 3 3 3.0625 4 3.375 3 3 4 4 4 3.6875 3.375 3.25 3.0625 3.625 2.25 2 2.1875 2.8125 3.1875 4 4 3.125 3 3 3 3 3 3 3 3 3 2.875 2.1875 2.0625 2.75 3 2.9375 2.5625 2.4375 2.5625 2.75 3 2.9375 3.1875 4 3.4375 3.875 6.125 5 5.25 6.6875 5.0625 6.375 5.3125 5.8125 6.1875 6.625 7.8125 9.25
2 2 2 2.625 3 3 3 3 3 3 3 3.125 3.1875 2.75 2.4375 2.9375 3.8125 4 4 4 4 4 4 3.375 2 2 2 2.3125 3 3.3125 3.4375 3 3 3 3 3 2.9375 2.9375 3 3 3 2.875 2 2 2.3125 2.8125 2.1875 2 2 2 2 2 2.0625 2.3125 2.5625 2.4375 2.375 2.5 3.25 3.125 4.625 4.4375 4.0625 3.8125 4.375 5.125 6.125 7.5 9.25
2 2 2.375 3 2.6875 2.625 2.875 3 3 3 3 3 2.8125 2.0625 2.0625 2.625 3.125 4 3.75 4 4.1875 4.125 4.0625 3.5625 2.1875 2 2 2 2.6875 3 3 2.6875 2.5625 3 3 3 2.5625 2.1875 2.1875 2.625 3 3 2.5 2.125 2.25 2 2 2 2 2 2 2 2 2 2 2.125 2.25 1.875 1.625 1.625 1.75 2.125 3 3.875 5 5.4375 6.6875 7.3125 7.75
2.375 3 2.9375 2.1875 2 2 2.0625 2.8125 3 3 3 3 2.6875 2.0625 2.4375 2 2.875 3.5 3.25 4.0625 5 4.375 3.9375 3 2.1875 2 2 2 2.6875 3 3 2.1875 2 2.625 3 3 2.875 2 2 2 2.125 2.25 2.25 2 2 2 2 2 2 2 2 2 2 2 1.8125 1.3125 1 1 1 1 1 1 1.0625 1.9375 3.1875 4.375 5.25 5.625 5.9375
3 2.9375 2.3125 1.9375 1.5 1.625 2 2 2.3125 2.75 2.75 2.5625 2.375 2 1.0625 1.5625 2.4375 3 3.75 4.125 4.75 4.1875 3.6875 3 2.125 2 2 2 2.8125 3.875 3.875 3.125 2.8125 3 3 3 2.25 2 2 2 2 2 2 2 2 2 2 2 1.375 1 1.25 1.625 1.8125 1.5625 1 1 1 1 1 1 1 1 1 1.625 2.0625 3.25 4.375 5.1875 6.375
2.4375 2.0625 2 1.5 1 1 1.1875 2 2 2 2 2 1.9375 1.125 1 1 2.25 3 3.125 3.5 4.0625 4.125 3.1875 2.875 2 2 2 2 2.875 4 3.9375 3.125 3 3 3 2.75 2 2 2 2 2 2 2 2 2 2 2 1.8125 1 1 1 1 1 1 1 1 1 1 1 1 1 1.25 1.8125 2.125 2.5 3 3.125 3.375 3.625
2.3125 2 2 1.8125 1.125 1 1 2 2 2 2 1.6875 1.3125 1 1.1875 1.8125 2.5625 2.6875 2.5 2.6875 3.1875 3.125 3 2.5 2 2 2 2 2.625 3.875 3.3125 3 3 3 3 2.375 2 1.875 1.9375 2 2 2 2 2 2 2 2 1.875 1 1 1 1 1 1 1 1 1.0625 1.375 1.5 1.625 1.8125 2 2.125 2.9375 3 3 3 3 3
2.875 2.0625 2 2 2 1.3125 1 1.3125 1.6875 2 1.9375 1.0625 1 1.125 1.9375 2.0625 2.75 2.1875 2.1875 2 3 3 2.8125 2 2.1875 2.125 2 2 2.5 3 3 3 3 3 2.9375 2.1875 2 1.125 1.5 2 2 2 2 2 2 2 2 2 1.1875 1 1 1 1.0625 1.4375 1.5 1.6875 2 2 2 2 2.0625 2.3125 2.875 3.1875 3.75 3.125 3 3 3
3 2.9375 2.1875 2 2 1.4375 1 1 1.375 2 1.625 1 1 1.0625 1.875 2 2 2 2.0625 2.25 3.1875 2.9375 2.1875 2 2 2.0625 2 2 2.375 3 3 2.75 2.3125 2.25 2.25 2 2 1.8125 1.9375 2 2 2 2 2 2 2 2 2 1.75 1 1 1.4375 2 2 2 2 2.125 2.625 2.9375 3 3 3 3.375 3.9375 4 3.25 3 2.75 2.5
2.25 2.75 2.9375 2.375 1.75 1 1 1 1.375 2 1.25 1 1 1 1.5 2 2 2.4375 2.625 2.9375 2.9375 2.0625 2 2 2 1.875 1.8125 2 2.375 2.375 2.3125 2 1.4375 1.3125 1.9375 2 2 2 1.875 1.25 1.8125 2 2 2 2 2 2 2 2 1.875 1.8125 2 2 2 2.125 2.6875 3 3.375 3.6875 3.875 4 4 4.1875 4.125 4 3.25 2.8125 2.0625 2.25
2 2 2.1875 2.0625 1.3125 1 1 1 1 1.625 1.375 0.8125 1 1 1.0625 1.8125 2.0625 2.6875 2.6875 2.4375 2 2 2 2 2 1.8125 1.3125 1.4375 2 2 2.0625 2 1.0625 1 1.625 2 2 2 1.625 1.125 1.4375 2 2 2 2 2 2 2 2 2 2 2 2 2.4375 2.9375 3 3.625 4 4.5 4.875 5 5 4.9375 4.1875 4 3.25 3 3 3
2 2 2 1.75 1 0.8125 0.125 0.125 0.875 0.9375 0.375 0 0.875 1 1.0625 1 1.3125 1.875 2 2 2 1.8125 2 1.8125 1.375 1 1 1.125 2 2.625 2.5625 2.125 1.875 1.75 2 2 2 2 2 1.9375 2 2 2 2 2 2 2 2 2 2.0625 2.375 2.625 2.9375 3 3 3 3.0625 3.625 3.9375 4.1875 4.6875 4.6875 4.125 4 3.875 3 3 3 3
1.9375 2 2 1.125 1 0.25 0 0 0.3125 0.1875 0 0 0.5625 1 1 1 1 1.25 1.9375 2 2.1875 1.8125 1.625 1.125 1 1.25 1 1.75 2.375 3 3 3 2.5 2.4375 2 2 2 2 2 2 2 2 2 2 2 2 2 2.1875 2.5625 3 3 3 3 3 3 3 3 3 3 3.5 4 4 4 4 3.1875 3 3 3 3
1.125 1.6875 1.375 1 1 0 0 0.125 0 0 0 0.5625 1 1 1.125 1 1 1.5625 2 2 2 1.25 1 1.0625 1.4375 1.1875 1.375 2 2.0625 2.875 2 2.25 2 2 2 2 2 2 1.875 1.5625 1.5 1.875 2 2 2.0625 2.4375 2.875 3 3 3 3 3 3.4375 3.9375 3.0625 3 3 3 3 3 3.9375 4 4 3.4375 3 3 2.875 2.75 2.5625
1 1 1 1 1 0.5 0.125 0.0625 0 0.1875 0.8125 1 1 1 1.0625 1 1.5625 2 2 1.9375 1.0625 1 1.125 1.875 1.875 1.0625 1.875 2 2 2 2 2 2 2 2 2 1.875 1.25 1 1 1 1 1.1875 1.25 1.6875 2.375 2.75 2.75 2.5625 2.4375 2.5625 3 3.8125 4 3.1875 2.9375 2.0625 2.0625 2.75 3 3.625 4 3.9375 3 3 2.625 2 2 2
1 1 1 1 1 1 0.25 0 0.25 0.9375 1 1 1 1 1 1.1875 1.8125 2 2.0625 1.875 1.0625 1 1 1.9375 1.875 1.25 2 2 2 1.4375 1.0625 1.625 2 1.5625 1.3125 1.1875 1 1 1 0.875 0.5625 0.3125 0.875 1 1.125 2 2 1.75 1.9375 2 2.6875 3.25 4 3.75 3 2.25 2 2 2 2.9375 3.5 4 3.75 3 3 2.125 2 2 2
1 1 1 1 1 1 1 1 1 1 1 1 1 1 1.375 1.8125 2 2.125 2 2 1.1875 1 1 1.5 1.9375 1.1875 2 2 2 1.5625 1 1 1 1 1 1 1 1 0.875 0.5 0.5625 0.625 1 1 1.375 2 1.875 1 1.75 2.0625 3 3.625 3.875 3.125 2.375 2 2 2 2 3 3.75 4 3.6875 3 2.9375 2 2 2 2
1 1 1 1 1 1 1 1 1 1 1 1 1 1.3125 1.9375 2 2.5625 2.6875 2 1.875 1 1 1 1.0625 1.8125 1 1.8125 2 2 1.8125 1 1 1 1 1 1 1 1 1 1 1 1 1 1 1.75 2 2 2.0625 2 2.125 3 3 2.9375 2.375 2 1.6875 1.4375 2 2.25 3.25 4 4 3.125 3 2.5 2 2 2.25 2.25
