WorldClim_2.0_rasters/WC2.0_bio_11_16.asc
NCOLS 642 
NROWS 378 
XLLCORNER -19 
YLLCORNER 19 
CELLSIZE 0.166666666666667 
NODATA_value -1.7e+308 
[rows 273 to 293 of 378, columns 329 to 375 of 642]
8.80260893205802 6.46099997785253 8.91445831457774 9.89345833907525 9.21241658863922 8.59783339236552 7.19895834219642 7.0215833291489 6.82570836847784 6.42983333890637 6.52133334614337 6.38649994973093 6.39766668373098 6.68229168110217 7.00929164944682 6.53216664244731 6.84850004408509 6.98020835810651 7.08116670657182 7.08216669340618 6.77229171808964 6.66495828644838 6.45791667172064 6.17754164834817 5.89991666252414 5.87966667631796 5.9354166824293 6.07437496298614 6.6479583333324 6.65629164984178 6.62070835552489 6.59095836151391 6.67079163606104 6.58316664370553 5.89904166129418 5.67841666773893 6.35141668445431 7.54120838455856 8.00795832384999 8.24391666722173 8.17595829783628 8.2582499453177 8.61250000245248 8.93850005429704 8.55829170796399 8.21854168300827 9.0203333326499
6.68517341270732 7.83191667683422 9.39612503101428 9.61470836028457 8.80045829154551 7.70629167805115 7.02999999653548 7.0447499997584 6.79095835199405 6.85541668379058 6.90912497167786 6.85799999472996 6.76941670353214 7.2900832988865 7.04695834149607 6.76283333605776 7.13487502854938 7.22608330985531 7.35429167675708 7.13845826050965 6.88087500755986 6.64429169055074 6.44837499503046 6.29933334390322 6.16437498742016 6.17625004036624 6.42037499028568 6.76937500926336 7.05179173282037 7.0355416716969 6.81766668132332 6.80808337565395 6.98575000096268 7.26170835038647 7.5348333385773 8.1835833376584 8.48758330987766 8.70537494464467 8.77070831041783 8.7968333583946 8.77649999787294 8.43612506613135 8.23483336235707 8.46033330122009 8.57008336437866 8.30295832579335 9.02329173334874
5.18312501410643 8.57137498414765 8.128791667521 8.59179168846458 7.51462501628945 8.18833334930241 8.0756666638578 7.59254166747754 7.06091668417988 7.18520829985694 7.13170833063001 7.20845834677418 7.20925002917647 7.66708331933478 7.18512502025502 6.99533332822223 7.3298333955075 7.51520837263282 7.53712497930974 7.4337083309268 7.41275000312695 7.22737506082437 7.0092917624861 7.03095823818391 6.92474997522853 6.87625000556 6.97737497871276 7.08287495974704 7.2653750104267 7.33524995657596 7.10099997965153 7.20487500325544 7.40129164670846 7.72829163190909 8.11712498179016 8.39112497470342 8.52275002344201 8.7082915926973 8.87979158262412 8.84450002759695 8.77775001355137 8.81024990199755 8.4024583051602 8.4408749739329 8.63212501075274 8.47120829547445 8.40883333224338
6.97380612697452 7.45270830113441 7.96241670350234 8.65175003930926 7.67766668226492 7.99729165489164 8.13845830224454 8.1014166281869 7.62012506674606 6.94408336025663 7.37641662801616 7.31487503414974 7.39441672580627 7.55087495884315 8.05658332332193 8.24025005296183 7.7074166428647 7.89279161952436 7.70020832594795 7.87766662519425 7.86720839918902 7.66175001692803 7.39491664712841 7.37341669438562 7.16975001173947 7.04516668132176 6.97662502024711 7.00187491284062 7.13841662777122 7.38808332694073 7.74516669788863 7.6110416695786 7.51575002543783 7.90445836013047 8.11687503568828 8.12374997138977 8.34654170429955 8.53862503170967 8.68783338802556 8.81812498532236 8.87666674082478 8.70449996180832 8.54295827324192 8.53950003224115 8.58258329626794 8.65124999545515 8.41454168688021
10.8340297341347 8.63329168835965 7.35333332582862 8.35420837268854 6.55699997977664 7.48262501669039 7.81212494510692 7.90983335720375 7.81712499150308 7.63724998702916 7.34329168119196 7.26645837514661 7.11112513571667 7.18270841365059 7.23941674315817 7.48916664797192 7.47958334853562 7.57266665451849 7.33616661141665 7.38549992837943 7.60487495577157 7.72375000081956 7.7173749661694 7.68216672136138 7.36991671562525 7.15995835508026 7.25674998027292 7.4649583773377 7.58537502773106 7.93725000694394 7.75858329209344 7.78354170235495 8.06991667238375 8.26658332906663 8.23887497621278 8.59037500511234 8.9667916460506 8.8672500345856 8.88733338005841 9.03291670978069 8.92983337212354 8.91816659970209 8.60879173067709 8.73462501758089 9.17179167321107 8.48241668225576 9.15562502744918
11.5271249959866 8.27445835783146 7.22370831940013 8.11370830001154 7.21824996947544 7.33983329332356 7.48533336950156 7.73137502151076 7.780500000139 7.6462916706223 7.55154171659766 7.30945831044422 7.08308337505635 7.08854170459866 7.14570838795044 7.42116668917394 7.49608325723481 7.5208749739686 7.44662495913993 7.40554163207222 7.23937501971765 7.23020836175419 7.2493332947682 7.60945833195001 7.91729163316389 7.63054169341922 7.56920825639585 7.73654170210163 7.85487500981738 7.97504165396094 7.72349998525654 8.06254166054229 8.44612497805307 8.43799994637569 8.41462501324713 9.23020840994529 9.22266674301742 9.12816673455139 9.28904162812978 9.44679156636509 9.08670830687333 9.25745829431495 9.28599998362673 9.04437496823569 9.79879165343785 8.6866666773955 8.89500000017385
9.04532241821289 9.29437495162711 7.55695831775665 9.37487503358473 8.67850000667386 8.0237083259708 7.67974997666897 7.62525004109678 7.49795836301443 7.50504172546789 7.41562499315478 7.25662499200553 7.21162502079581 7.29133336587498 7.31170830115055 7.42204168388465 7.45175006329858 7.43112503314236 7.28758333130584 6.89695833433264 6.32329170200198 6.30029173498042 6.7685833673119 7.38175000832416 7.71862503327429 7.9730416907308 7.90908338626226 7.82716669359555 8.094458318005 8.02499998671313 8.24216669114927 8.62033334715913 8.62829165284832 8.49475009304782 8.64354163346191 8.98937505421539 9.07400001212954 9.49095836316701 9.55395835923264 9.23662498220801 9.24570833643277 9.29362497727076 9.82104166672798 9.96979172419136 10.4718750424605 9.68512489809655 9.72554165963568
6.06551844875018 8.71387501433492 5.9001249949603 9.3742083273828 9.01908331325588 8.25845830934122 7.49008331150981 7.39929167220059 7.08066666436692 7.13837504084222 7.12525001207056 6.9807499696811 7.0054166574652 7.15162505644063 7.15162499248982 7.22470830576882 7.32154166174587 7.25270833917117 7.09045834893186 6.87729165703058 6.3616666480278 6.68316669211102 7.26733331925546 7.55204161070287 7.66758342335621 7.83783338156839 8.11566663781802 8.14025002407531 8.1353749781847 8.1362499371171 8.5169166829437 8.76641663319121 8.86154166764269 8.80979169718921 8.66758335009217 8.67525002857049 8.93733330691854 9.35675003317495 9.27250001206994 9.38908336125314 9.26491673104465 9.6258333393683 10.2855416285262 10.7782501038164 11.9578333670894 12.4584582510094 10.5326250273113
8.81447671353817 8.78504162840545 6.34404165565502 8.4205000239114 8.52612504328135 8.26358330307509 7.77679166966118 7.31395829928806 6.91729165489475 6.57904168280462 6.44708331363897 6.36933333737155 6.04170834597123 6.12316666801053 6.51533335230003 6.8014166696618 6.53370837929348 6.89716662823533 7.26845836402693 7.4643332825508 7.4386666911887 7.506541647017 7.85541665367782 7.86033335203926 7.84600007285674 7.90545838264127 8.01041659712791 8.3693333415625 8.29733331315219 8.27504162924985 8.59145828460654 9.11520833716107 9.08516669133678 8.96158334985375 8.85737500526011 8.7517500265191 8.63283337590595 9.21558330208063 9.52720836487909 9.65579164385175 9.64166670696189 10.2631667043315 10.9598749886888 11.4347083109121 11.602333358489 13.1252500427266 12.5261667290082
9.6869757125775 10.3142499787112 7.54724999152434 7.83604162473542 8.30204165059452 8.07070830316904 7.61070835066494 7.2090416844779 6.67995831370354 6.16379166239252 5.55895834691667 5.33587501824756 4.66379166596259 5.01441664782275 5.07366667982812 4.92866667480363 5.66795828402974 6.99312500896243 7.41845833859407 7.6287916454797 7.87133328306178 7.89441672277947 7.90804161565999 7.97308339737356 7.99716669693589 8.06562499205272 8.1219166473796 8.28074991734077 8.54929158091545 8.51054167250792 8.59691658243537 9.03379164936875 9.20312501953837 9.15066671557724 8.97133325661222 8.758541593949 8.72133334850271 9.17758334738513 9.65800004887084 9.97062499138216 10.2897916375126 10.8389583985166 12.0679166832318 11.5378749882802 11.0928750092474 13.1317499826352 13.725541613996
7.00585975746314 11.8190417289734 10.1804167504112 8.20341667284568 7.92391666894158 7.64408333300768 7.20066664895664 6.77216663553069 5.86791665758938 5.7092499913803 6.11650002840906 6.2637916970998 5.89954167497732 5.77391669937545 6.16308332739088 6.41212502618631 7.06354170049114 7.40858335358401 7.55554172334572 7.73937507035832 7.88666665057341 7.92858325690031 7.94562501708666 7.9658750432233 7.99654170063635 8.08079164661467 8.12350003918012 8.23816666814188 8.40216660499573 8.78054162797829 8.76254165855547 8.88074999116361 9.28800001841349 8.98295833046238 8.79804167151451 8.92437508516014 9.0631666580836 9.34841657740374 9.67516670376062 10.1030832631513 10.591583279563 11.3299166504294 12.4119999880592 12.371041694656 11.2786250229304 11.3998749709378 13.2440416862567
-1.7e+308 11.9550416221221 8.77495832454103 7.85762497782707 7.9250416670305 7.220374974304 6.63870831206441 6.67500002154459 6.5957083714505 6.73829167212049 6.9784166564544 7.09804167039692 7.29179170139833 7.42854170365414 7.52995836521344 7.79845828004181 7.72720837096373 7.70466659776867 7.7732083518058 7.80354160256684 7.79424998847147 7.83479167210559 7.84808333280186 7.81004164709399 7.8366249507914 8.0555415712297 8.16254160677393 8.24174996651709 8.40433337849875 8.7623333564649 9.05195835760484 8.99570836064716 9.07708335357408 9.02154168859124 9.11099998590847 9.33845838221411 9.38604169756096 9.46224999031983 9.65166671108454 10.0456666561464 10.5286249764419 11.2286249188085 12.1196666595837 12.362333253026 11.8761249408126 12.2191666935881 12.8791666328907
10.7530321789285 6.14287500960442 2.68962498785307 7.27508334592373 7.28108329859485 6.55337499966845 6.43004167762895 6.51733330978702 6.76033333394056 7.07287500076927 7.28474997139225 7.34979168907739 7.26066671373944 7.45775000985789 8.08333330772196 8.09895830729511 7.78541660293316 7.74879159289412 7.71466659707949 7.78508338828882 7.74120840647568 7.71774998212156 7.82120831209856 7.79254160712784 7.79395843545596 7.87545829002435 8.05583329622944 8.20970830693841 8.39858333269755 8.75229173495124 9.04258332413156 9.15362499561161 9.12370834639296 9.12195836131771 9.17345829075202 9.23608335712924 9.42420829399877 9.61483324420018 9.79933327415105 10.0460000236829 10.2973750733654 11.0157499769703 11.7593333534896 12.0762083219985 12.3074999824166 12.2522916694482 12.9043333679438
5.52349999484916 0.111250019826305 4.00883331079967 5.73333331410928 3.27004168345593 5.0863749779528 5.86033332378914 6.27470832760446 6.77833335194737 6.84249999001622 6.84716667436684 6.50795833331843 6.93887498230712 7.61237505986355 7.87179163688173 7.89770842064172 7.79095841168115 7.72633337679629 7.5935000446334 7.47624998434912 7.40716662878792 7.4885417324258 7.74016670021228 7.84416669467464 7.96620837707693 8.08183331756542 8.18491663845877 8.21658331217865 8.398875006785 8.60466674466928 8.83704170460502 8.98341664640854 8.87258334582051 8.82679177261889 8.92262493198117 9.08679167367518 9.30374997419615 9.47379168573146 9.72087499530365 9.85087495464056 10.0853333394092 10.6974999597296 11.3410416891177 11.3619583249092 12.046583302319 12.3753333811959 12.64500002563
2.3768749939433 5.42516664290451 5.09616663435008 0.58274998764197 1.87245832383633 4.3674583422641 4.70704165892676 6.17100002244115 6.38145834952593 5.89591668422023 6.3049583947286 6.57516666253408 7.03825001977384 7.48466672726984 7.72908330172747 7.78854169432695 7.66329161128184 7.41133329677784 7.13829163118498 7.11370835732669 7.0880416741129 7.39783330980572 7.66525003596325 7.87612496285389 8.04779164182643 8.20291670784354 8.10691667596499 8.22891671955585 8.38829163027306 8.3739583765467 8.49304168423017 8.72954166897883 8.6767916791141 8.53829169257854 8.7180832196027 8.90170832816511 9.13824996103843 9.29879174257318 9.4562499585251 9.60200000519399 10.2135833569337 10.6016666250459 11.0852500647306 11.119458284229 11.2555833558242 11.9179999108116 12.3723332931598
3.33120833826251 6.30545830458868 2.08595831987138 1.3448749879996 3.45541666199764 5.22591665829532 6.59033334410439 6.47470831125975 6.42575002120187 6.37449999401967 6.31095835193992 6.57229166229566 6.93966664808492 7.23991669094539 7.42595837511665 7.38533340138383 7.38337497849716 7.43437494788668 7.25912489125039 7.10079163281868 7.01320832051958 7.20166665626069 7.5545417463436 7.87037493497095 8.06141667750975 8.19087502732873 8.14162503322586 8.24625010726352 8.44754170936843 8.3979166187346 8.3397499951534 8.36862496038278 8.36150008789264 8.40454174138722 8.51804164843634 8.79041658512627 9.12608333304524 9.27945830362538 9.28537496893356 9.47266662671852 10.2529583840321 10.7557083088905 10.8846665602177 11.0485833709439 11.2964582890272 11.1891666899125 11.9018750203153
6.97045836789766 4.31112499252777 1.7643749875327 4.07491666637361 5.8962916804691 6.90008333011065 6.57045834211264 6.91575003401764 7.13491667419051 7.08212498001133 7.03933334288498 6.97491663973778 6.8689166319867 7.0223749972259 7.12737499922514 7.14045831561089 7.3837082744285 7.44466671180756 7.18879160812746 7.08691668541481 7.09554167169457 7.1956665997083 7.48637507134117 7.81266665434911 8.01308334246278 8.11512509547174 8.15445828965555 8.29079166986048 8.42037499633928 8.35116666586449 8.46208327574034 8.46987499265621 8.40487504936755 8.46904178763119 8.68504170173158 8.89729163050652 9.05870837469896 9.27754167591532 9.41795843032499 9.53887503338046 10.156916605784 10.6690833003571 10.7946666947876 11.0442083651821 11.1057499398788 11.1677499736349 11.5837500517567
5.15645829815185 6.06420831756744 6.47241666006933 7.20654165826272 7.40320836147293 7.31149999824508 7.09187498580044 7.11187500941257 7.22950004017912 7.41524999076501 7.44424997996733 7.29566666398508 7.13349996662388 7.04649997533609 7.05841669285049 7.29716667351507 7.47099986682103 7.48845830209029 7.27979166506945 7.35533330535206 7.31283322783808 7.28141658256451 7.61308342955696 7.73374991344462 7.89787501601192 8.25574997688333 8.51412503359218 8.64850006252527 8.55220829571287 8.40162493226429 8.50262499600649 8.62158337359627 8.77562497338901 8.8357083077232 8.82087493191163 8.89237500137339 8.78283334197477 9.10329154257973 9.56029157961408 9.76266670715995 10.2462083317805 10.7363331771145 10.8345833085477 11.0136666148901 11.1817082948983 11.2627915578584 11.4294584132731
3.67162501850786 6.8970833295801 7.2990833191822 7.40887500025565 7.20670833784 7.28933329226371 7.05379170365632 7.01949998781978 7.3477916765017 7.6263750208697 7.78445831791032 7.62566665284491 7.43879166493813 7.33041664375923 7.18149995617568 7.31045845026771 7.63941666002696 7.7630833433941 7.53141672063308 7.34658332945158 7.29387493245304 7.42041670251638 7.6639583556292 7.75158336729025 7.89437498951641 8.23383331143608 8.42504165306067 8.31129157512138 8.38849994229774 8.58179167037209 8.7280833752205 8.77800001824895 8.79658327996731 8.91674995298187 9.01412491624554 9.13449994350473 9.10979167061548 9.14987501129508 9.49779166343311 9.87008331716061 10.0963332556033 10.4915833687604 10.7602083773042 10.9402500428259 10.9107916879778 10.8125832645843 10.9630000218749
6.72458332908961 7.4401667053171 7.66129163249085 7.53295831258098 7.54087501585794 7.48512501023166 8.02258330901774 7.92162497644313 7.94012505964686 7.92179160146043 7.93604166992009 7.89450000366196 7.86516663959871 7.70587502697405 7.52154160440841 7.378250058915 7.62162496663708 7.77262501232326 7.66112495755563 7.57824994165761 7.46399995898052 7.51854167506099 7.73879165854305 7.8224583096841 7.88429160805148 8.02266663728127 8.10825001308695 8.17545837614064 8.59616669391592 8.64874999721845 8.73254175546269 8.82954167450468 8.9247082658112 8.99687496448557 9.11200001835823 9.24737507974108 9.34441674811145 9.33208331217369 9.51208338141441 9.84725000429899 10.0969583424788 10.3483749999626 10.697333415815 10.8982082325965 11.066625131915 10.985166668271 11.1056249743948
7.44237500110952 8.31075001442999 8.29729166634691 7.72683333357175 7.24858333836892 7.08645834032601 7.7701666628321 8.70895836230678 8.99329165695235 8.41775003510217 8.22641668220361 8.07466661774864 8.02808332039664 7.99562492842475 7.86995838877434 7.51724998369658 7.39549992885441 7.66500002510535 7.81783324865683 7.73287496703172 7.54112490836996 7.55091665925769 7.84158332474666 7.86375003963379 7.92820825158075 8.1248332959367 8.44700002794464 8.54204169722895 8.68537500314414 8.72862505229811 8.85299988463521 8.98662501573562 9.01266664887468 9.06412492195765 9.21554165147245 9.34237512697776 9.46245834045112 9.55625012889505 9.59675003215671 9.86587495310232 10.1464582962993 10.4197499746515 10.6385833262466 10.83854172534 11.0987916806092 11.1123749222606 11.0949167029078
