WorldClim_2.0_rasters/WC2.0_bio_17_16.asc
NCOLS 642 
NROWS 378 
XLLCORNER -19 
YLLCORNER 19 
CELLSIZE 0.166666666666667 
NODATA_value -1.7e+308 
[rows 120 to 149 of 378, columns 201 to 267 of 642]
81 91.375 99.1875 101.0625 98.9375 100 97.625 91.125 84.4375 92.625 99.25 101.9375 108.625 119.125 134.625 126.3125 117.375 59.75 -1.7e+308 -1.7e+308 -1.7e+308 -1.7e+308 -1.7e+308 -1.7e+308 -1.7e+308 -1.7e+308 -1.7e+308 -1.7e+308 -1.7e+308 -1.7e+308 -1.7e+308 -1.7e+308 -1.7e+308 -1.7e+308 -1.7e+308 -1.7e+308 -1.7e+308 -1.7e+308 -1.7e+308 -1.7e+308 -1.7e+308 75.1875 104 106.9375 109.25 113 112.3125 110.9375 110.375 110.5625 110.5625 110.625 112.625 113 110.25 106.0625 102.75 102.3125 102.5 96.625 92.75 93.625 97.0625 97.5625 98.6875 99.875 98.875
97.75 102.875 106.6875 106.3125 107.6875 110.375 104.4375 92.1875 89.125 81.75 92.125 116.4375 123.9375 125.375 123.875 119.1875 112.75 80.75 -1.7e+308 -1.7e+308 -1.7e+308 -1.7e+308 -1.7e+308 -1.7e+308 -1.7e+308 -1.7e+308 -1.7e+308 -1.7e+308 -1.7e+308 -1.7e+308 -1.7e+308 -1.7e+308 -1.7e+308 -1.7e+308 -1.7e+308 -1.7e+308 -1.7e+308 -1.7e+308 -1.7e+308 -1.7e+308 -1.7e+308 -1.7e+308 102.5625 107 109.625 112.125 110.3125 107.75 109.4375 114.375 111.3125 110.125 111.125 112.9375 110.9375 105.3125 103.75 105.8125 106.25 100.5625 97.3125 96 97.375 98.6875 98.8125 97.5625 94.875
116.75 121.0625 115 109.625 103.875 102.125 109.625 101.75 102.625 102.125 100.75 116.0625 140.875 138.75 122.3125 114 -1.7e+308 78.875 -1.7e+308 -1.7e+308 -1.7e+308 -1.7e+308 -1.7e+308 -1.7e+308 -1.7e+308 -1.7e+308 -1.7e+308 -1.7e+308 -1.7e+308 -1.7e+308 -1.7e+308 -1.7e+308 -1.7e+308 -1.7e+308 -1.7e+308 -1.7e+308 -1.7e+308 -1.7e+308 -1.7e+308 -1.7e+308 -1.7e+308 -1.7e+308 98.375 99.625 103.8125 106.375 105.0625 101.8125 102.3125 107.25 108.6875 109.125 109.125 111.9375 108.3125 101.5 99.8125 102.5625 101 99.6875 98.25 97.625 98.6875 98.4375 98.3125 96.6875 93.125
126.8125 129.1875 118.8125 108.0625 109.625 102.5625 98.8125 95.9375 88.75 86.125 91.6875 89.4375 114.625 120.125 114.375 102.875 -1.7e+308 -1.7e+308 -1.7e+308 -1.7e+308 -1.7e+308 -1.7e+308 -1.7e+308 -1.7e+308 -1.7e+308 -1.7e+308 -1.7e+308 -1.7e+308 -1.7e+308 -1.7e+308 -1.7e+308 -1.7e+308 -1.7e+308 -1.7e+308 -1.7e+308 -1.7e+308 -1.7e+308 -1.7e+308 -1.7e+308 -1.7e+308 -1.7e+308 53.875 94.4375 94.875 98.3125 100.25 100.125 99.8125 99.875 102.25 103.375 103.625 105.4375 104.9375 100.3125 95.9375 95.5625 97.5 96.5625 97 97.8125 97.25 97.9375 98.125 96.9375 94.0625 91.5
115.625 117.375 116.125 105.625 108.9375 102.8125 100.375 99.9375 103.1875 101.8125 92.375 83.3125 95 104.0625 107.3125 107.0625 65.9375 -1.7e+308 -1.7e+308 -1.7e+308 -1.7e+308 -1.7e+308 -1.7e+308 -1.7e+308 -1.7e+308 -1.7e+308 -1.7e+308 -1.7e+308 -1.7e+308 -1.7e+308 -1.7e+308 -1.7e+308 -1.7e+308 -1.7e+308 -1.7e+308 -1.7e+308 -1.7e+308 -1.7e+308 -1.7e+308 -1.7e+308 -1.7e+308 67.1875 96.8125 99.1875 102.375 102.75 100.125 98.25 99.125 98.75 98.5625 97.875 98.25 99.4375 96 93.25 91.3125 93.4375 93.375 93.4375 94.8125 95.5 96.8125 99.875 99.5625 95.0625 92.9375
96.1875 110.4375 114.375 110.6875 104.875 106.5625 103.1875 103 115.375 118.8125 114.9375 114.375 112.1875 106.375 107.75 105.375 51.375 -1.7e+308 -1.7e+308 -1.7e+308 -1.7e+308 -1.7e+308 -1.7e+308 -1.7e+308 -1.7e+308 -1.7e+308 -1.7e+308 -1.7e+308 -1.7e+308 -1.7e+308 -1.7e+308 -1.7e+308 -1.7e+308 -1.7e+308 -1.7e+308 -1.7e+308 -1.7e+308 -1.7e+308 -1.7e+308 -1.7e+308 -1.7e+308 81.125 102.125 105.0625 108.5 106.75 103.1875 100.8125 100.4375 98.1875 94.6875 92.5625 93.4375 96.0625 96.8125 100.0625 100.9375 97.875 93.75 93.125 95.4375 96.875 97 100.0625 100.4375 98.1875 97.6875
91.1875 93.375 97.4375 101.25 103.875 107.5625 104.125 102.5 118.125 120.75 113.5 112.8125 110 108.125 106.6875 102.3125 62.375 -1.7e+308 -1.7e+308 -1.7e+308 -1.7e+308 -1.7e+308 -1.7e+308 -1.7e+308 -1.7e+308 -1.7e+308 -1.7e+308 -1.7e+308 -1.7e+308 -1.7e+308 -1.7e+308 -1.7e+308 -1.7e+308 -1.7e+308 -1.7e+308 -1.7e+308 -1.7e+308 -1.7e+308 -1.7e+308 -1.7e+308 91.625 100.5 104.125 106.75 108.6875 107.9375 106.6875 103.5625 102.625 98.5625 93.75 89.9375 91.6875 94.6875 99.5625 106.125 111.375 105.25 100.1875 98.3125 98.5 99.4375 99.4375 100.3125 100.6875 100.875 101.4375
103.125 95.875 95.875 102.4375 109.375 106.875 99.9375 93.8125 94.5625 108.5 117.125 114.1875 110.75 108.0625 105.125 104 104.625 -1.7e+308 -1.7e+308 -1.7e+308 -1.7e+308 -1.7e+308 -1.7e+308 -1.7e+308 -1.7e+308 -1.7e+308 -1.7e+308 -1.7e+308 -1.7e+308 -1.7e+308 -1.7e+308 -1.7e+308 -1.7e+308 -1.7e+308 -1.7e+308 -1.7e+308 -1.7e+308 -1.7e+308 -1.7e+308 -1.7e+308 59.4375 98.5 103.25 105.75 106.6875 107.8125 109.5 107.875 104.6875 102 97.1875 92.625 94.375 97.0625 101.4375 107.875 110 107.75 104.5 104.6875 104.0625 104.0625 103.875 104 104.75 105.3125 105.75
103.25 102.1875 100.5 102.6875 111.75 105.9375 95.625 93.9375 104.4375 107.0625 111.0625 109.625 105.125 103.25 100.8125 104.8125 108.1875 109 105.875 51.0625 66.8125 -1.7e+308 -1.7e+308 -1.7e+308 -1.7e+308 -1.7e+308 -1.7e+308 -1.7e+308 -1.7e+308 -1.7e+308 -1.7e+308 -1.7e+308 -1.7e+308 -1.7e+308 -1.7e+308 -1.7e+308 -1.7e+308 -1.7e+308 -1.7e+308 46.3125 83.125 99.0625 103.4375 104.875 107.125 108.8125 112.375 109.375 108.6875 108.0625 103.5 100.5 100.6875 103.5625 106.8125 110.75 111.9375 110.6875 109.1875 109.5625 109 108.875 109.6875 109.4375 109.5625 108.0625 109.4375
101.25 103.75 106.6875 128.5625 126.125 111.1875 104.875 101.4375 98.625 101 111.125 112.375 107.75 104.5 102.8125 106.0625 111.4375 112.5 107.8125 105.0625 100.8125 90.9375 -1.7e+308 79.625 -1.7e+308 -1.7e+308 -1.7e+308 -1.7e+308 -1.7e+308 -1.7e+308 -1.7e+308 50.625 57.8125 51.875 -1.7e+308 -1.7e+308 -1.7e+308 -1.7e+308 68.625 80.625 70.1875 79.75 77.8125 106.6875 109.75 111.3125 113.4375 111.375 110.4375 110.25 108.4375 107.25 107.5625 110.3125 112.875 114.5 114.25 112.5 109.25 109.5 110.5625 110.4375 110.875 113.1875 111.3125 110 110.625
125.1875 116.5625 107.25 112.8125 121.3125 118.5 117.0625 115.9375 103.0625 105.125 109 106 105.3125 100.3125 100.375 105.1875 107.9375 108.375 107.3125 104.75 103.625 103.25 103.875 104.75 101.4375 -1.7e+308 -1.7e+308 -1.7e+308 -1.7e+308 -1.7e+308 84.3125 89.25 91.25 92.4375 85.4375 84.0625 -1.7e+308 65.8125 -1.7e+308 -1.7e+308 74.5625 80.125 98.1875 108.3125 111.0625 91.375 115.5 109.125 113.8125 111.5625 111.4375 111.625 114.375 116.625 117.125 115.625 112.625 111.625 109.3125 110.5625 110.4375 108.375 109 109.9375 89.5 101.5 88
139.0625 133.875 130.875 129.0625 124 120.375 112.6875 116 116.625 114.375 107 104.8125 102.375 100.5625 100.4375 103.875 104.25 102.375 101.375 103.375 102.4375 101.9375 102.875 104.1875 104.8125 106.125 -1.7e+308 -1.7e+308 -1.7e+308 -1.7e+308 -1.7e+308 -1.7e+308 61.75 66.0625 76.875 70.6875 81.3125 -1.7e+308 -1.7e+308 -1.7e+308 -1.7e+308 -1.7e+308 53.5 61.625 62.5 56.3125 -1.7e+308 116.125 116.125 112.625 112.0625 112.5625 115.625 118.25 116.625 114.4375 108.1875 104.1875 97.0625 104.5 91.5 -1.7e+308 -1.7e+308 -1.7e+308 -1.7e+308 -1.7e+308 -1.7e+308
136.875 135.9375 132.25 144.5625 148.0625 136.625 129.1875 118.8125 117.1875 117.75 113.0625 108 103.9375 102.5 103.4375 107.125 104.0625 99.0625 96 96.5625 96.625 97 95.625 98.0625 102.625 106 85.6875 -1.7e+308 -1.7e+308 -1.7e+308 -1.7e+308 -1.7e+308 -1.7e+308 -1.7e+308 50 44.8125 57.6875 -1.7e+308 76.1875 73.8125 51.375 -1.7e+308 58.0625 78.9375 69.3125 84.75 77.1875 110.875 90.6875 64.125 89.8125 109.375 111.125 111.875 97 80.3125 62.4375 -1.7e+308 -1.7e+308 56.25 -1.7e+308 -1.7e+308 -1.7e+308 -1.7e+308 -1.7e+308 -1.7e+308 -1.7e+308
132.4375 133.1875 139.5 129.1875 132.9375 126.375 121.0625 117.625 118.625 119.625 113.625 105 100.25 99.125 97.5 99.75 97.25 94.5625 91.9375 89.125 90.5625 91.9375 88.25 92.125 97.625 99.1875 101 88.8125 54.4375 -1.7e+308 -1.7e+308 -1.7e+308 -1.7e+308 -1.7e+308 -1.7e+308 -1.7e+308 -1.7e+308 -1.7e+308 -1.7e+308 -1.7e+308 -1.7e+308 -1.7e+308 -1.7e+308 -1.7e+308 -1.7e+308 -1.7e+308 -1.7e+308 63.25 -1.7e+308 -1.7e+308 -1.7e+308 -1.7e+308 -1.7e+308 -1.7e+308 -1.7e+308 -1.7e+308 -1.7e+308 -1.7e+308 -1.7e+308 -1.7e+308 -1.7e+308 -1.7e+308 -1.7e+308 -1.7e+308 -1.7e+308 -1.7e+308 -1.7e+308
137.375 137.6875 132.375 129.5625 119.3125 117.25 113.875 113.25 111.5625 106.6875 97.8125 93.6875 85.875 88.875 86.6875 84.3125 89.875 91.1875 89.8125 88.75 91.25 93.9375 92.4375 94.9375 94.3125 91 74.0625 56.0625 51.625 -1.7e+308 -1.7e+308 -1.7e+308 -1.7e+308 -1.7e+308 -1.7e+308 -1.7e+308 -1.7e+308 -1.7e+308 -1.7e+308 -1.7e+308 -1.7e+308 -1.7e+308 -1.7e+308 -1.7e+308 -1.7e+308 -1.7e+308 -1.7e+308 -1.7e+308 -1.7e+308 -1.7e+308 -1.7e+308 -1.7e+308 -1.7e+308 -1.7e+308 -1.7e+308 -1.7e+308 -1.7e+308 -1.7e+308 -1.7e+308 -1.7e+308 -1.7e+308 -1.7e+308 -1.7e+308 -1.7e+308 -1.7e+308 -1.7e+308 76.875
138.125 138.5 138.6875 125.375 116.3125 111.3125 106.625 104.6875 100.6875 94.3125 90.625 91.375 90.5 86.9375 84.8125 84.5625 88.5625 89.375 88.8125 89.4375 91.3125 92.375 93.75 94.1875 92.9375 87.1875 85.5 -1.7e+308 -1.7e+308 -1.7e+308 -1.7e+308 -1.7e+308 -1.7e+308 -1.7e+308 -1.7e+308 -1.7e+308 -1.7e+308 -1.7e+308 -1.7e+308 -1.7e+308 -1.7e+308 -1.7e+308 -1.7e+308 -1.7e+308 -1.7e+308 -1.7e+308 -1.7e+308 -1.7e+308 -1.7e+308 -1.7e+308 -1.7e+308 -1.7e+308 -1.7e+308 -1.7e+308 -1.7e+308 -1.7e+308 -1.7e+308 -1.7e+308 55.625 102.5625 86.125 100 108.625 108.1875 107.75 106.8125 106.4375
132.75 135.1875 127 117.875 111.6875 106.4375 104.5625 102.0625 96.9375 91.5625 92.875 97.25 98.9375 95.25 93.3125 93.5625 93.375 92.5 93.375 96.875 100.1875 102.1875 99.75 101.125 89.25 87 -1.7e+308 -1.7e+308 -1.7e+308 -1.7e+308 -1.7e+308 -1.7e+308 -1.7e+308 -1.7e+308 -1.7e+308 -1.7e+308 -1.7e+308 -1.7e+308 -1.7e+308 -1.7e+308 -1.7e+308 -1.7e+308 -1.7e+308 -1.7e+308 -1.7e+308 -1.7e+308 -1.7e+308 -1.7e+308 -1.7e+308 -1.7e+308 -1.7e+308 -1.7e+308 -1.7e+308 -1.7e+308 46.75 65 90.3125 92 101.4375 105.4375 108.0625 109.5625 110.25 109.75 108.75 107.6875 105.3125
125.125 122 120.3125 115.75 111.6875 110.9375 108.9375 104.875 100.5 97.5 99.5 98.8125 97.625 95.4375 95.9375 97.125 97.125 97.875 98.8125 96.8125 107.5 107.1875 91.125 103.125 71.75 -1.7e+308 -1.7e+308 -1.7e+308 -1.7e+308 -1.7e+308 -1.7e+308 -1.7e+308 -1.7e+308 -1.7e+308 -1.7e+308 -1.7e+308 -1.7e+308 -1.7e+308 -1.7e+308 -1.7e+308 -1.7e+308 -1.7e+308 -1.7e+308 -1.7e+308 -1.7e+308 -1.7e+308 -1.7e+308 -1.7e+308 50 -1.7e+308 -1.7e+308 -1.7e+308 -1.7e+308 -1.7e+308 93.625 94.75 95.625 99 104.125 107.375 111.6875 114.125 113.4375 112.125 109.6875 107.5625 104.625
127.6875 126.875 118.75 119.0625 119.3125 117.3125 113.625 107.625 104.6875 103 103.5625 103.5625 97.5625 92.6875 95.25 97.75 98.0625 97.75 97.6875 98.5 98.75 72.4375 54.75 -1.7e+308 -1.7e+308 -1.7e+308 -1.7e+308 -1.7e+308 -1.7e+308 -1.7e+308 -1.7e+308 -1.7e+308 -1.7e+308 -1.7e+308 -1.7e+308 -1.7e+308 -1.7e+308 -1.7e+308 -1.7e+308 -1.7e+308 -1.7e+308 -1.7e+308 -1.7e+308 -1.7e+308 -1.7e+308 -1.7e+308 51.1875 76.75 101.125 97.25 87.9375 -1.7e+308 -1.7e+308 62.375 92.5 93.625 96 99.1875 103.25 108 112.1875 114.6875 113.625 110.8125 108.875 105.6875 103
121.1875 113.875 105 112.75 115.6875 116.6875 110.5625 108.3125 105.625 107.6875 108.8125 108.875 103 94.9375 91.8125 88.9375 77.9375 74 50.1875 -1.7e+308 -1.7e+308 -1.7e+308 -1.7e+308 -1.7e+308 -1.7e+308 -1.7e+308 -1.7e+308 -1.7e+308 -1.7e+308 -1.7e+308 -1.7e+308 -1.7e+308 -1.7e+308 -1.7e+308 -1.7e+308 -1.7e+308 -1.7e+308 -1.7e+308 -1.7e+308 -1.7e+308 -1.7e+308 -1.7e+308 -1.7e+308 -1.7e+308 -1.7e+308 -1.7e+308 -1.7e+308 -1.7e+308 100.4375 54.75 -1.7e+308 -1.7e+308 -1.7e+308 -1.7e+308 92.25 93.625 94.375 97.5 101.4375 105.75 109.625 111.75 110.75 108.375 105.8125 103.9375 101.125
96.75 92.25 90.4375 96.625 101.375 104.0625 102.375 101.125 99.1875 100.5625 102.3125 105.125 104.3125 96.8125 86.1875 -1.7e+308 -1.7e+308 -1.7e+308 -1.7e+308 -1.7e+308 -1.7e+308 -1.7e+308 -1.7e+308 -1.7e+308 -1.7e+308 -1.7e+308 -1.7e+308 -1.7e+308 -1.7e+308 -1.7e+308 -1.7e+308 -1.7e+308 -1.7e+308 -1.7e+308 -1.7e+308 -1.7e+308 -1.7e+308 -1.7e+308 -1.7e+308 -1.7e+308 -1.7e+308 -1.7e+308 -1.7e+308 -1.7e+308 -1.7e+308 -1.7e+308 47.8125 55.6875 79.6875 71.375 68.75 76.8125 85.125 43.875 80.75 91.6875 91.75 94.9375 99.6875 104.75 108.125 108.6875 107.375 106.0625 102.9375 100.6875 98.4375
89.9375 85.4375 80.5625 86.5 90.375 92.1875 89.375 92.125 95.875 100.375 104.4375 107.375 108.875 106.0625 94.4375 -1.7e+308 -1.7e+308 -1.7e+308 -1.7e+308 -1.7e+308 -1.7e+308 -1.7e+308 -1.7e+308 -1.7e+308 -1.7e+308 -1.7e+308 -1.7e+308 -1.7e+308 -1.7e+308 -1.7e+308 -1.7e+308 -1.7e+308 -1.7e+308 -1.7e+308 -1.7e+308 -1.7e+308 -1.7e+308 -1.7e+308 -1.7e+308 -1.7e+308 -1.7e+308 -1.7e+308 -1.7e+308 -1.7e+308 87.375 95.75 98.6875 101.125 100.75 98.0625 94.125 67.4375 43.625 -1.7e+308 -1.7e+308 77 88.6875 91.875 96.4375 77 106.8125 105.625 104.0625 102.4375 99.8125 99.0625 97.9375
92.8125 94.125 90.6875 90.9375 94.75 97.875 94.875 93.75 94.875 98.1875 104.375 109.125 111.125 111.1875 101 -1.7e+308 -1.7e+308 -1.7e+308 -1.7e+308 -1.7e+308 -1.7e+308 -1.7e+308 -1.7e+308 -1.7e+308 -1.7e+308 -1.7e+308 -1.7e+308 -1.7e+308 -1.7e+308 -1.7e+308 -1.7e+308 -1.7e+308 -1.7e+308 -1.7e+308 -1.7e+308 -1.7e+308 -1.7e+308 -1.7e+308 -1.7e+308 -1.7e+308 -1.7e+308 -1.7e+308 -1.7e+308 -1.7e+308 56.25 86.5625 95.5625 74.625 94.1875 61.5 -1.7e+308 -1.7e+308 -1.7e+308 -1.7e+308 -1.7e+308 -1.7e+308 -1.7e+308 60.75 -1.7e+308 -1.7e+308 95.5625 102.125 102 100.5625 99.75 98 96.8125
97.25 102.75 101.8125 99.6875 104 109.6875 101.375 93.375 97.5 100.5 106.0625 109.875 107.125 104.8125 -1.7e+308 -1.7e+308 -1.7e+308 -1.7e+308 -1.7e+308 -1.7e+308 -1.7e+308 -1.7e+308 -1.7e+308 -1.7e+308 -1.7e+308 -1.7e+308 -1.7e+308 -1.7e+308 -1.7e+308 -1.7e+308 -1.7e+308 -1.7e+308 -1.7e+308 -1.7e+308 -1.7e+308 -1.7e+308 -1.7e+308 -1.7e+308 -1.7e+308 -1.7e+308 -1.7e+308 -1.7e+308 -1.7e+308 -1.7e+308 -1.7e+308 42.3125 50.375 -1.7e+308 -1.7e+308 -1.7e+308 -1.7e+308 -1.7e+308 -1.7e+308 -1.7e+308 -1.7e+308 -1.7e+308 -1.7e+308 -1.7e+308 -1.7e+308 -1.7e+308 97.8125 100.6875 100.6875 99.875 99.375 99.1875 99.1875
110.5625 111.875 113.8125 110.1875 106.6875 107.5625 105.125 99.5625 98.5625 101.375 106.5 108.0625 102.375 98.875 -1.7e+308 -1.7e+308 -1.7e+308 -1.7e+308 -1.7e+308 -1.7e+308 -1.7e+308 -1.7e+308 -1.7e+308 -1.7e+308 -1.7e+308 61.4375 63 83.25 44.1875 -1.7e+308 -1.7e+308 -1.7e+308 -1.7e+308 -1.7e+308 -1.7e+308 -1.7e+308 -1.7e+308 -1.7e+308 -1.7e+308 -1.7e+308 -1.7e+308 -1.7e+308 -1.7e+308 -1.7e+308 -1.7e+308 40.0625 -1.7e+308 -1.7e+308 -1.7e+308 -1.7e+308 -1.7e+308 -1.7e+308 -1.7e+308 -1.7e+308 -1.7e+308 -1.7e+308 -1.7e+308 -1.7e+308 -1.7e+308 79.5625 95.8125 98.625 99.3125 99.0625 99 98.8125 100.1875
125.9375 123 118.3125 115.4375 112.375 109.0625 108.6875 104.3125 101 101.625 105 105.9375 105.375 75.1875 -1.7e+308 -1.7e+308 -1.7e+308 -1.7e+308 -1.7e+308 -1.7e+308 -1.7e+308 -1.7e+308 -1.7e+308 70.125 101.5 101.3125 71.8125 -1.7e+308 -1.7e+308 -1.7e+308 -1.7e+308 -1.7e+308 -1.7e+308 -1.7e+308 -1.7e+308 -1.7e+308 -1.7e+308 -1.7e+308 -1.7e+308 -1.7e+308 -1.7e+308 -1.7e+308 -1.7e+308 -1.7e+308 -1.7e+308 -1.7e+308 -1.7e+308 -1.7e+308 -1.7e+308 -1.7e+308 -1.7e+308 -1.7e+308 -1.7e+308 -1.7e+308 -1.7e+308 -1.7e+308 -1.7e+308 -1.7e+308 -1.7e+308 91.0625 95.375 98.875 100.1875 99.75 98.875 99.125 100.6875
139.3125 128.875 116.8125 110.9375 107.5 107.4375 109.3125 104.3125 96.3125 101.625 107.1875 108.125 108.125 64.4375 -1.7e+308 -1.7e+308 -1.7e+308 -1.7e+308 -1.7e+308 -1.7e+308 -1.7e+308 -1.7e+308 78.3125 93.25 98.1875 92.6875 -1.7e+308 -1.7e+308 -1.7e+308 -1.7e+308 -1.7e+308 -1.7e+308 -1.7e+308 -1.7e+308 -1.7e+308 -1.7e+308 -1.7e+308 -1.7e+308 -1.7e+308 -1.7e+308 -1.7e+308 -1.7e+308 -1.7e+308 50.6875 65.8125 76.75 91.5625 98.0625 92.125 -1.7e+308 -1.7e+308 -1.7e+308 -1.7e+308 -1.7e+308 -1.7e+308 -1.7e+308 -1.7e+308 -1.7e+308 -1.7e+308 92.4375 96.8125 99.625 100.1875 99.75 99.0625 99.875 101
136.3125 128.1875 119.5625 113.125 104.375 105.25 107 104.375 101.75 106.125 108.4375 110.375 108.5625 -1.7e+308 -1.7e+308 -1.7e+308 -1.7e+308 -1.7e+308 -1.7e+308 -1.7e+308 -1.7e+308 -1.7e+308 90.3125 97.25 99.1875 91.4375 -1.7e+308 -1.7e+308 -1.7e+308 -1.7e+308 -1.7e+308 -1.7e+308 -1.7e+308 -1.7e+308 -1.7e+308 -1.7e+308 -1.7e+308 -1.7e+308 -1.7e+308 -1.7e+308 -1.7e+308 -1.7e+308 76.0625 98 96.125 94.4375 95.625 99.375 101.125 100.5 81 -1.7e+308 -1.7e+308 -1.7e+308 -1.7e+308 -1.7e+308 -1.7e+308 -1.7e+308 -1.7e+308 70.5625 96.625 98.3125 99 98.5625 97.6875 98.5625 102.3125
126.3125 123.6875 122.75 125 121.6875 119.5 118.625 111.3125 102.125 104.5625 108.125 109 -1.7e+308 -1.7e+308 43.0625 50.25 -1.7e+308 -1.7e+308 -1.7e+308 -1.7e+308 -1.7e+308 -1.7e+308 96.8125 101.5625 86.9375 -1.7e+308 -1.7e+308 -1.7e+308 -1.7e+308 -1.7e+308 -1.7e+308 -1.7e+308 -1.7e+308 -1.7e+308 -1.7e+308 -1.7e+308 -1.7e+308 -1.7e+308 -1.7e+308 -1.7e+308 -1.7e+308 60.625 107.875 105.1875 103.5 100.1875 97.9375 97.4375 102.6875 103.6875 100.3125 98.5625 -1.7e+308 -1.7e+308 -1.7e+308 -1.7e+308 -1.7e+308 -1.7e+308 -1.7e+308 82.5625 96.75 97.8125 98.9375 99.0625 100.1875 101.625 107.5625
122 117.375 117.9375 121.5625 131.1875 130.375 125.75 117.3125 106.5625 104.375 108.5 108.3125 71.875 -1.7e+308 80.75 -1.7e+308 -1.7e+308 -1.7e+308 -1.7e+308 -1.7e+308 -1.7e+308 -1.7e+308 91.125 68.75 -1.7e+308 -1.7e+308 -1.7e+308 -1.7e+308 -1.7e+308 -1.7e+308 -1.7e+308 -1.7e+308 -1.7e+308 -1.7e+308 -1.7e+308 -1.7e+308 -1.7e+308 -1.7e+308 -1.7e+308 -1.7e+308 -1.7e+308 77.125 114.25 113.5 109.3125 105.6875 103.375 102.3125 105.3125 104.6875 101.6875 98.25 76.3125 -1.7e+308 -1.7e+308 -1.7e+308 -1.7e+308 54.5 90.4375 96.25 97.1875 98.5625 101.5625 102.8125 105.6875 107.375 111.4375
