WorldClim_2.0_rasters/WC2.0_bio_06_16.asc
NCOLS 642 
NROWS 378 
XLLCORNER -19 
YLLCORNER 19 
CELLSIZE 0.166666666666667 
NODATA_value -1.7e+308 
[rows 168 to 188 of 378, columns 329 to 375 of 642]
-13.1952499747276 -13.6482499837875 -13.6985000371933 -13.8435001373291 -14.2517500519753 -14.2447500228882 -14.1222501993179 -14.0435001254082 -13.9539999961853 -13.7840000391006 -13.7155001759529 -13.6685000061989 -13.866250038147 -13.9832499623299 -14.0765000581741 -14.0485000610352 -14.1320000290871 -14.2579999566078 -14.3697497844696 -14.6025000214577 -14.7685000300407 -15.0242499709129 -15.2357499599457 -15.3945000171661 -15.4755000472069 -15.654000043869 -15.4717500805855 -15.6244999170303 -15.5419999361038 -15.6905000805855 -15.6547501087189 -16.0912502408028 -16.2079997062683 -15.9929999113083 -15.6257500648499 -15.9370002150536 -17.0272499322891 -17.2719999551773 -16.978000164032 -17.0815002918243 -17.0199998617172 -17.37399995327 -17.3455001115799 -16.9962500333786 -16.9150000810623 -16.7037501335144 -16.8699998855591
-13.2145001292229 -13.8277499675751 -14.1387499570847 -14.375249683857 -14.5069999694824 -14.2180001139641 -14.4020000100136 -14.215499997139 -14.2844998836517 -13.8294999599457 -13.8284997940063 -13.9457499980927 -13.9212499260902 -13.9949997663498 -14.0042499303818 -14.1897500157356 -14.2914999127388 -14.3404998779297 -14.4577499628067 -14.6692500114441 -14.8359998464584 -15.0737499594688 -15.3739998936653 -15.5405000448227 -15.7574999928474 -15.6680000424385 -15.4219998121262 -15.3992496132851 -15.4707498550415 -15.5107500553131 -15.4962500333786 -15.7127500772476 -16.0392501354218 -15.7195000648499 -15.8292499184608 -16.1355001926422 -17.145999789238 -17.1979997158051 -17.1259999275208 -17.198499917984 -16.8582499027252 -16.5207501649857 -16.9952498674393 -17.1000000238419 -16.9572499990463 -16.8882502317429 -16.9559998512268
-13.5194998979568 -13.8747500777245 -14.3120000362396 -14.2129999995232 -14.7057501077652 -14.8900001049042 -14.6182498931885 -14.3572500348091 -14.0982500314713 -13.8654997944832 -13.9197497367859 -13.9907499551773 -14.0355000495911 -14.0845001935959 -14.2085000872612 -14.2077500224113 -14.334500014782 -14.5007499456406 -14.6045001149178 -14.8330000042915 -14.9237497448921 -15.1025002002716 -15.4225000143051 -15.4439998865128 -15.2989999651909 -15.3039999604225 -15.4319998025894 -15.4069997668266 -15.4569998979568 -15.3847499489784 -15.5639999508858 -15.5505002140999 -15.6732500195503 -15.6340000629425 -16.2827501296997 -16.2567498683929 -16.9482496976852 -16.8055000305176 -16.6990000009537 -16.4604999423027 -16.3527502417564 -16.3084998130798 -16.4560000896454 -17.0855002403259 -17.5177499055862 -17.2919999361038 -17.110249876976
-14.1340001821518 -14.241250038147 -14.32624989748 -14.3637499809265 -14.6084998846054 -15.4257498979568 -15.4317499399185 -14.7964999675751 -14.0912499427795 -14.0272500514984 -13.9239997267723 -14.0309999585152 -14.2394999265671 -14.4459998607635 -14.371249973774 -14.4047500491142 -14.4822499155998 -14.6537501215935 -14.7782500386238 -14.9657499790192 -15.1625001430511 -15.3079999685287 -15.497750043869 -15.5972501635551 -15.4209999442101 -15.5292501449585 -15.6200001835823 -15.4827498793602 -15.3917496800423 -15.3422499895096 -15.360750079155 -15.5102499723434 -15.4699999094009 -15.3647500276566 -15.5552500486374 -16.0337501168251 -16.9252500534058 -16.5532500743866 -17.0495001077652 -15.7475001215935 -15.6112499833107 -15.9832501411438 -16.2210000157356 -17.0264998674393 -17.1827503442764 -17.2772499322891 -17.1942498683929
-14.2507500648499 -14.3124999403954 -14.286249935627 -14.3230000138283 -14.8489999175072 -15.2039999961853 -15.1512499451637 -14.7462501525879 -14.3594998121262 -14.2399998307228 -14.1632500290871 -14.3892499804497 -14.7037500143051 -14.8292501568794 -14.7977499961853 -14.8522499799728 -14.7665000557899 -14.7477499246597 -14.8327498435974 -15.0534998774529 -15.3007500767708 -15.6622499227524 -15.877249777317 -15.885250210762 -15.5270000100136 -15.5792500376701 -15.5365000963211 -15.5450000166893 -15.4382501244545 -15.3025000095367 -15.2715000510216 -15.3402499556541 -15.4409999847412 -15.8102502822876 -15.8577499985695 -16.1397501826286 -16.4262501001358 -16.3734999895096 -15.9459998607635 -15.5244997739792 -15.5907500386238 -15.6870000362396 -16.0615000128746 -16.4737499952316 -16.9695000648499 -17.2662498950958 -16.8004999160767
-14.1512501835823 -13.8674999475479 -14.2822498679161 -14.6537500619888 -14.9459999799728 -14.7574999928474 -15.0542499423027 -14.6692499518394 -14.4872499704361 -14.3357498645782 -14.5287501215935 -14.7827499508858 -14.9082500934601 -15.1107499599457 -15.1017500758171 -15.0587501525879 -15.0585001707077 -15.0597501397133 -14.9372498989105 -15.0664999485016 -15.6092501282692 -15.9010000228882 -15.997250020504 -15.7975000143051 -16.0182501673698 -15.9657500982285 -16.0677501559258 -15.9560002684593 -15.5847499966621 -15.24899995327 -15.2720000743866 -15.314749956131 -15.5650000572205 -15.5974999666214 -15.8987501263618 -15.7924998998642 -16.195500254631 -15.5742501020432 -15.5215000510216 -15.5647500157356 -15.5547499656677 -15.757749915123 -15.9355000257492 -16.1942503452301 -16.7722501754761 -16.9447499513626 -16.6820001602173
-13.4279999136925 -13.2810001373291 -13.9724999070168 -14.3252501487732 -14.5524998307228 -14.6032500863075 -14.8439998626709 -14.6827501058578 -14.5009999871254 -14.320249915123 -14.3099999427795 -14.565750181675 -14.7492500543594 -14.9272499084473 -14.896499812603 -14.9457498192787 -14.9580000042915 -14.913999915123 -14.9187498688698 -15.1005001068115 -15.7062500119209 -15.9645001888275 -16.3087501525879 -16.480250120163 -16.0254999995232 -16.0195000767708 -16.2707500457764 -15.5962498784065 -15.6362500786781 -15.2914998531342 -15.2134999632835 -15.2610000371933 -15.2822499275208 -15.2755000591278 -15.6047500371933 -15.7132501602173 -15.6355000138283 -15.5597499012947 -15.4129997491837 -15.6852499842644 -15.6139999032021 -15.8672499656677 -16.6800000071526 -17.292249917984 -16.7639999389648 -17.0512498617172 -16.7832502126694
-13.047000169754 -13.5017499923706 -13.9690001010895 -14.1774998307228 -14.4509999155998 -14.6142501831055 -14.5510001182556 -14.5224999785423 -14.5112499594688 -14.5472499132156 -14.5302500724792 -14.570500254631 -14.7984998822212 -14.9372498393059 -14.7619998455048 -14.7207500338554 -14.7539998888969 -14.6424998641014 -14.5935000777245 -14.7210000157356 -15.2672499418259 -16.2312501072884 -16.1494998335838 -16.1497500538826 -16.5147500038147 -16.106250166893 -16.009750187397 -15.6740000247955 -15.5610001087189 -15.2597500085831 -15.1102502346039 -15.100250184536 -15.0197499990463 -15.0872500538826 -15.4897499680519 -15.5584999322891 -15.9864999055862 -15.3962500095367 -15.4407498836517 -15.5575000047684 -15.908499956131 -16.381500005722 -17.2612498998642 -16.5707501173019 -16.7400000095367 -16.7707500457764 -16.651500582695
-13.1237501502037 -13.2535001635551 -13.4985001683235 -13.9022501111031 -14.2514999508858 -14.4444998502731 -14.4037498831749 -14.3604999184608 -14.4847500324249 -14.5670002102852 -14.5970002412796 -14.6105000972748 -14.7547499537468 -14.7327499985695 -14.566250026226 -14.3460000157356 -14.1769999265671 -14.2624999284744 -13.9115000963211 -14.2489998340607 -15.1780000925064 -14.9542500972748 -13.7634999752045 -14.3924999237061 -15.850250005722 -16.1570001244545 -16.0132501721382 -15.7997499704361 -15.5517500042915 -15.2320001125336 -14.9937498569489 -15.0130000710487 -14.9422498345375 -14.9072501063347 -15.2997499704361 -15.3859999775887 -15.3232500553131 -15.4810000061989 -15.5642502307892 -15.7825001478195 -16.9862501621246 -17.298250079155 -16.7572503089905 -16.6255000829697 -16.6727499961853 -16.5970002412796 -16.4639996290207
-13.0725001692772 -13.2632499933243 -13.4224999547005 -13.8012501001358 -14.0692499876022 -14.2082499265671 -14.0912501215935 -14.1000001430511 -14.2747501134872 -14.4539999365807 -14.7460000514984 -14.5212500691414 -14.5407502055168 -14.2609999775887 -14.3337499499321 -14.1502501368523 -13.9900000095367 -13.9047501683235 -13.4085001349449 -13.663999915123 -14.2304999828339 -14.2895001173019 -14.8155000209808 -15.6630001664162 -15.5529999732971 -15.786749958992 -15.826749920845 -15.7984999418259 -15.568499982357 -15.1137500405312 -14.9214999079704 -14.8377499580383 -14.9427499771118 -14.9505000710487 -15.1162499189377 -15.3364998102188 -15.4719998240471 -15.6250000596046 -15.6640000343323 -15.8412500619888 -17.0382500886917 -16.8082499504089 -16.8710000514984 -16.5615004301071 -16.5925003290176 -16.6067498922348 -16.6374998092651
-13.1937500834465 -13.3344999551773 -13.4699998497963 -13.6762499213219 -13.8352499008179 -13.9377500414848 -14.0505000352859 -14.0415001511574 -14.2285000085831 -14.5122499465942 -14.1182500720024 -14.1985002160072 -14.2052500247955 -14.089999973774 -13.9439998865128 -13.683749973774 -13.5699999928474 -13.28125 -13.0162500143051 -12.8617500662804 -13.5997500419617 -13.7880000472069 -14.7562500238419 -15.6052501797676 -15.5155000686646 -15.4164999127388 -15.4130001068115 -15.4104998707771 -15.2362499833107 -15.0222501158714 -14.8647500872612 -14.7405000329018 -14.8287498950958 -14.9022498726845 -15.1280000805855 -15.3109999299049 -15.5022498965263 -15.7322499155998 -15.8067499399185 -16.3607501387596 -16.4357498884201 -16.5019997358322 -16.6657500267029 -16.5750002861023 -16.5322501659393 -16.4557502269745 -16.4194996356964
-13.1220002174377 -13.2580001354218 -13.4344998598099 -13.6372500658035 -13.7160001397133 -13.8110001087189 -13.8955000042915 -13.9727498888969 -14.3352500200272 -14.3449999690056 -14.3855000138283 -13.9637500047684 -13.7182500362396 -13.6650002002716 -13.6360000371933 -13.389249920845 -13.1672499775887 -12.844250023365 -12.693499982357 -12.511499941349 -13.0940000414848 -13.7184999585152 -14.4537500739098 -14.7239999175072 -15.1590000391006 -15.2235001325607 -15.1917499899864 -15.1265001296997 -15.0094999074936 -14.863499879837 -14.7670000195503 -14.6932499408722 -14.6852499246597 -14.7622498869896 -15.0177499651909 -15.1822502017021 -15.5320000648499 -15.7300001382828 -15.9367499351501 -16.2467497587204 -16.3199995756149 -16.5000002384186 -16.5722501277924 -16.4399999380112 -16.2977496385574 -16.2050000429153 -16.1265000700951
-13.0172500014305 -13.2022500038147 -13.3810000419617 -13.5572501420975 -13.6850000619888 -13.754999935627 -13.7929999828339 -13.9567499160767 -14.0557498931885 -14.1047500967979 -14.0407499074936 -13.8152500391006 -13.5044999718666 -13.4637498855591 -13.3327499032021 -13.1774999499321 -13.1620000004768 -12.8329999446869 -12.8677498698235 -12.8779999017715 -13.1652500033379 -13.7267498970032 -13.8312499523163 -14.3422499299049 -14.7952499985695 -14.8919998407364 -14.9549998641014 -14.9562497735023 -14.8862497806549 -14.7889999747276 -14.6792500019073 -14.6115003228188 -14.6152502894402 -14.7642498612404 -14.8212500214577 -15.1267499923706 -15.3819998502731 -15.6692499518394 -15.8372498750687 -16.0012500882149 -16.1530002355576 -16.2587498426437 -16.309249997139 -16.2109999656677 -16.106750190258 -15.8040000796318 -15.7782499790192
-12.9164998531342 -12.8975001573563 -13.1010000109673 -13.4702499508858 -13.6027500629425 -13.688000023365 -13.7402499914169 -13.8304999470711 -13.8417500257492 -13.8654999732971 -13.8735000491142 -13.6552500128746 -13.4882500171661 -13.7195000052452 -13.5239998102188 -13.3764998912811 -13.4379999637604 -13.2854999303818 -13.1722500324249 -13.6114999651909 -13.9305000305176 -13.9955000281334 -14.1769999265671 -14.4459999799728 -14.5297499895096 -14.6900001168251 -14.7432500123978 -14.7797500491142 -14.7379999160767 -14.636500120163 -14.5872504115105 -14.5272499322891 -14.6829999685287 -14.6865000128746 -14.6262499690056 -15.1220000386238 -15.2459999918938 -15.4862499237061 -15.5922498703003 -15.6065000295639 -15.7757499217987 -15.7637500762939 -15.8374998569489 -15.8117498159409 -15.5699998736382 -15.5175000429153 -15.6417500972748
-12.8585000634193 -12.9735000133514 -13.2797499895096 -13.4484999775887 -13.5137500762939 -13.5730001926422 -13.6252501606941 -13.6380002498627 -13.6687499880791 -13.7409998774529 -13.7532498836517 -13.6805001497269 -13.5815000534058 -13.722000181675 -13.7257500290871 -13.8195000886917 -13.7950000166893 -13.5605000257492 -13.6752500534058 -14.1559999585152 -13.9070000052452 -13.9482500553131 -14.0885002017021 -14.2607501149178 -14.4127497673035 -14.5212500095367 -14.5677502155304 -14.5557500123978 -14.5752502679825 -14.6265001893044 -14.5022500753403 -14.4717497825623 -14.5680001974106 -14.5965000987053 -14.5084998011589 -14.8904999494553 -15.0515000224113 -15.1135001182556 -15.1239998340607 -15.3040000796318 -15.1810001134872 -15.2157500386238 -15.3497498631477 -15.2885000705719 -15.1854999065399 -15.5312501192093 -15.5952503085136
-12.8902498483658 -13.0657500624657 -13.2030001282692 -13.2750000357628 -13.3994997739792 -13.519750058651 -13.5470001101494 -13.594250202179 -13.5710001587868 -13.6612499952316 -13.744500041008 -13.7764999866486 -13.8012499213219 -13.8612499237061 -13.9247498512268 -13.9742498397827 -13.8987500667572 -13.9089998602867 -13.9152498245239 -14.505499958992 -14.0789999961853 -14.0150001645088 -14.1840000748634 -14.2760000824928 -14.4037498235703 -14.4122496843338 -14.4664999842644 -14.3909999132156 -14.4755000472069 -14.4625000357628 -14.3644999265671 -14.3089998364449 -14.59850025177 -14.5264998674393 -14.4769998788834 -14.6980000734329 -14.43850004673 -14.528500020504 -14.9367498755455 -14.9500000476837 -14.8332498669624 -15.0772499442101 -15.281750023365 -15.4044998288155 -15.4092497825623 -15.4519997835159 -15.5297499895096
-12.9159998893738 -13.0487501621246 -13.1737502813339 -13.2962499260902 -13.3754997849464 -13.4504999518394 -13.4759999513626 -13.438749730587 -13.4459998011589 -13.5352501273155 -13.5365001559258 -13.556500017643 -13.7897498607635 -13.8730000257492 -13.974749982357 -14.1110001802444 -14.1225000619888 -14.1090000867844 -14.1994999647141 -14.2944999933243 -14.4052498936653 -14.3930000066757 -14.3544998168945 -14.4252499341965 -14.4277498722076 -14.4092499613762 -14.4507500529289 -14.3962498903275 -14.3197500109673 -14.2272499799728 -14.2047499418259 -14.3329998850822 -14.3985000252724 -14.3539999127388 -14.515999853611 -14.4787499904633 -14.5882499814034 -14.7414999604225 -14.6575000882149 -14.7467499375343 -14.7762501239777 -15.0074999332428 -15.227500140667 -15.3182500600815 -15.3572497963905 -15.3172499537468 -15.3597499728203
-12.9574999809265 -13.0737500786781 -13.2212499380112 -13.3572499752045 -13.4229997992516 -13.4009996652603 -13.4672499299049 -13.4965000748634 -13.4792498350143 -13.5165001153946 -13.6535000801086 -13.7859999537468 -13.8197498321533 -13.9444999098778 -14.0965000391006 -14.2709999680519 -14.3097498416901 -14.3022500276566 -14.3330000638962 -14.6675000190735 -14.84475004673 -14.8417500853539 -14.7932500243187 -14.8220001459122 -14.5129997730255 -14.7534998655319 -14.4467500448227 -14.3034999370575 -14.2952499389648 -14.0237500667572 -14.0305001735687 -14.1550000309944 -14.1947500705719 -14.2250000238419 -14.3099999427795 -14.4237499237061 -14.6140000224113 -14.5932501554489 -14.5140000581741 -14.6185001730919 -14.8147498965263 -15.052500128746 -15.2184998989105 -15.1855000257492 -15.1415001153946 -15.2152500748634 -15.3152501583099
-12.9075000286102 -13.0669999718666 -13.2480000853539 -13.3132500648499 -13.422249853611 -13.510999917984 -13.5079998970032 -13.4837498664856 -13.5672500729561 -13.5565001964569 -13.6625000238419 -13.8042499423027 -13.859249830246 -14.022000014782 -14.1395001411438 -14.23625010252 -14.3682499527931 -14.4549999237061 -14.586500108242 -14.8907500505447 -15.1347500085831 -15.0690000653267 -15.1975001096725 -15.1644999980927 -14.9230001568794 -14.8002499938011 -14.4264999628067 -14.2439999580383 -14.1320003271103 -14.1927501559258 -14.142000079155 -14.2400000095367 -14.1927500963211 -14.1375000476837 -14.191250026226 -14.2167500853539 -14.3190000653267 -14.4312499761581 -14.4942500591278 -14.6089999079704 -14.8554998636246 -14.816999912262 -14.917249917984 -14.9519999027252 -14.9459999203682 -15.108500123024 -15.3134998679161
-12.9217498898506 -13.1050001978874 -13.2792499661446 -13.3857499361038 -13.5052499771118 -13.6375001072884 -13.6340001821518 -13.6432501077652 -13.6717500686646 -13.6755001544952 -13.7849999666214 -13.7672499418259 -13.8849999904633 -14.0660000443459 -14.1982499361038 -14.3092499375343 -14.3922499418259 -14.3037499189377 -14.8462499976158 -14.9849999547005 -15.0804999470711 -15.0200000405312 -15.1702499389648 -15.1407500505447 -14.9085000157356 -14.759249985218 -14.2920000553131 -14.2507498860359 -14.1634999513626 -14.1062502861023 -14.1235001683235 -14.1942501068115 -14.1597501039505 -14.1672502160072 -14.1920000314713 -14.1367501616478 -14.2802500128746 -14.3580000400543 -14.4592499136925 -14.6557502150536 -14.7007499933243 -14.7650000452995 -14.6464999914169 -14.7987499237061 -14.9822499752045 -15.0985001325607 -15.3297499418259
-12.8412498235703 -13.0585001111031 -13.2767499089241 -13.4679998159409 -13.1322499513626 -13.713750064373 -13.7645000219345 -13.8089998960495 -13.7994999885559 -13.7942500114441 -13.7802501320839 -13.8207500576973 -13.8672499060631 -14.0317499637604 -14.077250123024 -14.2699999213219 -14.3452498912811 -14.4012499451637 -14.6130000948906 -14.5967499017715 -14.900250017643 -14.9897500276566 -15.0187500715256 -14.9009999036789 -14.5957501530647 -14.7312499284744 -14.354749917984 -14.4344999194145 -14.2215000987053 -14.1710000634193 -14.1137501597404 -14.2077500224113 -14.1655000448227 -14.0090000629425 -14.0817500948906 -14.1375000476837 -14.2647500038147 -14.3422500491142 -14.3897498250008 -14.4422498941422 -14.4777500629425 -14.4160001277924 -14.7754999399185 -14.9740000367165 -15.0052498579025 -15.0545001626015 -15.1515000462532
