WorldClim_2.0_rasters/WC2.0_bio_17_16.asc
NCOLS 642 
NROWS 378 
XLLCORNER -19 
YLLCORNER 19 
CELLSIZE 0.166666666666667 
NODATA_value -1.7e+308 
[rows 60 to 89 of 378, columns 201 to 267 of 642]
-1.7e+308 -1.7e+308 -1.7e+308 -1.7e+308 -1.7e+308 -1.7e+308 -1.7e+308 -1.7e+308 -1.7e+308 -1.7e+308 -1.7e+308 -1.7e+308 -1.7e+308 -1.7e+308 -1.7e+308 -1.7e+308 -1.7e+308 -1.7e+308 -1.7e+308 -1.7e+308 -1.7e+308 -1.7e+308 -1.7e+308 -1.7e+308 -1.7e+308 -1.7e+308 -1.7e+308 -1.7e+308 -1.7e+308 -1.7e+308 -1.7e+308 -1.7e+308 -1.7e+308 -1.7e+308 -1.7e+308 -1.7e+308 -1.7e+308 -1.7e+308 -1.7e+308 -1.7e+308 -1.7e+308 -1.7e+308 -1.7e+308 -1.7e+308 -1.7e+308 -1.7e+308 -1.7e+308 -1.7e+308 -1.7e+308 -1.7e+308 -1.7e+308 -1.7e+308 -1.7e+308 -1.7e+308 -1.7e+308 -1.7e+308 -1.7e+308 -1.7e+308 -1.7e+308 -1.7e+308 -1.7e+308 -1.7e+308 -1.7e+308 -1.7e+308 -1.7e+308 -1.7e+308 -1.7e+308
-1.7e+308 -1.7e+308 -1.7e+308 -1.7e+308 -1.7e+308 -1.7e+308 -1.7e+308 -1.7e+308 -1.7e+308 -1.7e+308 -1.7e+308 -1.7e+308 -1.7e+308 -1.7e+308 -1.7e+308 -1.7e+308 -1.7e+308 -1.7e+308 -1.7e+308 -1.7e+308 -1.7e+308 -1.7e+308 -1.7e+308 -1.7e+308 -1.7e+308 -1.7e+308 -1.7e+308 -1.7e+308 -1.7e+308 -1.7e+308 -1.7e+308 -1.7e+308 -1.7e+308 -1.7e+308 -1.7e+308 -1.7e+308 -1.7e+308 -1.7e+308 -1.7e+308 -1.7e+308 -1.7e+308 -1.7e+308 -1.7e+308 -1.7e+308 -1.7e+308 -1.7e+308 -1.7e+308 -1.7e+308 -1.7e+308 -1.7e+308 -1.7e+308 -1.7e+308 -1.7e+308 -1.7e+308 -1.7e+308 -1.7e+308 -1.7e+308 -1.7e+308 -1.7e+308 -1.7e+308 -1.7e+308 -1.7e+308 -1.7e+308 -1.7e+308 -1.7e+308 -1.7e+308 -1.7e+308
-1.7e+308 -1.7e+308 -1.7e+308 -1.7e+308 -1.7e+308 -1.7e+308 -1.7e+308 -1.7e+308 -1.7e+308 -1.7e+308 -1.7e+308 -1.7e+308 -1.7e+308 -1.7e+308 -1.7e+308 -1.7e+308 -1.7e+308 -1.7e+308 -1.7e+308 -1.7e+308 -1.7e+308 -1.7e+308 -1.7e+308 -1.7e+308 -1.7e+308 -1.7e+308 -1.7e+308 -1.7e+308 -1.7e+308 -1.7e+308 -1.7e+308 -1.7e+308 -1.7e+308 -1.7e+308 -1.7e+308 -1.7e+308 -1.7e+308 -1.7e+308 -1.7e+308 -1.7e+308 -1.7e+308 -1.7e+308 -1.7e+308 -1.7e+308 -1.7e+308 -1.7e+308 -1.7e+308 -1.7e+308 -1.7e+308 -1.7e+308 -1.7e+308 -1.7e+308 -1.7e+308 -1.7e+308 -1.7e+308 -1.7e+308 -1.7e+308 -1.7e+308 -1.7e+308 -1.7e+308 -1.7e+308 -1.7e+308 -1.7e+308 -1.7e+308 -1.7e+308 -1.7e+308 -1.7e+308
-1.7e+308 -1.7e+308 -1.7e+308 -1.7e+308 -1.7e+308 -1.7e+308 -1.7e+308 -1.7e+308 -1.7e+308 -1.7e+308 -1.7e+308 -1.7e+308 -1.7e+308 -1.7e+308 -1.7e+308 -1.7e+308 -1.7e+308 -1.7e+308 -1.7e+308 -1.7e+308 -1.7e+308 -1.7e+308 -1.7e+308 -1.7e+308 -1.7e+308 -1.7e+308 -1.7e+308 -1.7e+308 -1.7e+308 -1.7e+308 -1.7e+308 -1.7e+308 -1.7e+308 -1.7e+308 -1.7e+308 -1.7e+308 -1.7e+308 -1.7e+308 -1.7e+308 -1.7e+308 -1.7e+308 -1.7e+308 -1.7e+308 -1.7e+308 -1.7e+308 -1.7e+308 -1.7e+308 -1.7e+308 -1.7e+308 -1.7e+308 -1.7e+308 -1.7e+308 -1.7e+308 -1.7e+308 -1.7e+308 -1.7e+308 -1.7e+308 -1.7e+308 -1.7e+308 -1.7e+308 -1.7e+308 -1.7e+308 -1.7e+308 -1.7e+308 -1.7e+308 -1.7e+308 -1.7e+308
-1.7e+308 -1.7e+308 -1.7e+308 -1.7e+308 -1.7e+308 -1.7e+308 -1.7e+308 -1.7e+308 -1.7e+308 -1.7e+308 -1.7e+308 -1.7e+308 -1.7e+308 -1.7e+308 -1.7e+308 -1.7e+308 -1.7e+308 -1.7e+308 -1.7e+308 -1.7e+308 -1.7e+308 -1.7e+308 -1.7e+308 -1.7e+308 -1.7e+308 -1.7e+308 -1.7e+308 -1.7e+308 -1.7e+308 -1.7e+308 -1.7e+308 -1.7e+308 -1.7e+308 -1.7e+308 -1.7e+308 -1.7e+308 -1.7e+308 -1.7e+308 -1.7e+308 -1.7e+308 -1.7e+308 -1.7e+308 -1.7e+308 -1.7e+308 -1.7e+308 -1.7e+308 -1.7e+308 -1.7e+308 -1.7e+308 -1.7e+308 -1.7e+308 -1.7e+308 -1.7e+308 -1.7e+308 -1.7e+308 -1.7e+308 -1.7e+308 -1.7e+308 -1.7e+308 -1.7e+308 -1.7e+308 -1.7e+308 -1.7e+308 -1.7e+308 -1.7e+308 -1.7e+308 -1.7e+308
-1.7e+308 -1.7e+308 -1.7e+308 -1.7e+308 -1.7e+308 -1.7e+308 -1.7e+308 -1.7e+308 -1.7e+308 -1.7e+308 -1.7e+308 -1.7e+308 -1.7e+308 -1.7e+308 -1.7e+308 -1.7e+308 -1.7e+308 -1.7e+308 -1.7e+308 -1.7e+308 -1.7e+308 -1.7e+308 -1.7e+308 -1.7e+308 -1.7e+308 -1.7e+308 -1.7e+308 -1.7e+308 -1.7e+308 -1.7e+308 -1.7e+308 -1.7e+308 -1.7e+308 -1.7e+308 -1.7e+308 -1.7e+308 -1.7e+308 -1.7e+308 -1.7e+308 -1.7e+308 -1.7e+308 -1.7e+308 -1.7e+308 -1.7e+308 -1.7e+308 -1.7e+308 -1.7e+308 -1.7e+308 -1.7e+308 -1.7e+308 -1.7e+308 -1.7e+308 -1.7e+308 -1.7e+308 -1.7e+308 -1.7e+308 -1.7e+308 63.6875 -1.7e+308 -1.7e+308 -1.7e+308 77.625 -1.7e+308 -1.7e+308 -1.7e+308 115.625 136.125
-1.7e+308 -1.7e+308 -1.7e+308 -1.7e+308 -1.7e+308 -1.7e+308 -1.7e+308 -1.7e+308 -1.7e+308 -1.7e+308 -1.7e+308 -1.7e+308 -1.7e+308 -1.7e+308 -1.7e+308 -1.7e+308 -1.7e+308 -1.7e+308 -1.7e+308 -1.7e+308 -1.7e+308 -1.7e+308 -1.7e+308 -1.7e+308 -1.7e+308 -1.7e+308 -1.7e+308 -1.7e+308 -1.7e+308 -1.7e+308 -1.7e+308 -1.7e+308 -1.7e+308 -1.7e+308 -1.7e+308 -1.7e+308 -1.7e+308 -1.7e+308 -1.7e+308 -1.7e+308 -1.7e+308 -1.7e+308 -1.7e+308 -1.7e+308 -1.7e+308 -1.7e+308 -1.7e+308 -1.7e+308 -1.7e+308 -1.7e+308 -1.7e+308 -1.7e+308 -1.7e+308 -1.7e+308 -1.7e+308 -1.7e+308 -1.7e+308 74.8125 87.875 58 99.5625 130.625 105.5625 97.125 67.375 122.375 134.125
-1.7e+308 -1.7e+308 -1.7e+308 -1.7e+308 -1.7e+308 -1.7e+308 -1.7e+308 -1.7e+308 -1.7e+308 -1.7e+308 -1.7e+308 -1.7e+308 -1.7e+308 -1.7e+308 -1.7e+308 -1.7e+308 -1.7e+308 -1.7e+308 -1.7e+308 -1.7e+308 -1.7e+308 -1.7e+308 -1.7e+308 -1.7e+308 -1.7e+308 -1.7e+308 -1.7e+308 -1.7e+308 -1.7e+308 -1.7e+308 -1.7e+308 -1.7e+308 -1.7e+308 -1.7e+308 -1.7e+308 -1.7e+308 -1.7e+308 -1.7e+308 -1.7e+308 -1.7e+308 -1.7e+308 -1.7e+308 -1.7e+308 -1.7e+308 -1.7e+308 -1.7e+308 -1.7e+308 -1.7e+308 -1.7e+308 73.3125 55.0625 110.625 108.375 75.625 -1.7e+308 65.75 -1.7e+308 -1.7e+308 -1.7e+308 98.625 112.1875 137.875 137.9375 134.5 128.5 126.5625 99.6875
-1.7e+308 -1.7e+308 -1.7e+308 -1.7e+308 -1.7e+308 -1.7e+308 -1.7e+308 -1.7e+308 -1.7e+308 -1.7e+308 -1.7e+308 -1.7e+308 -1.7e+308 -1.7e+308 -1.7e+308 -1.7e+308 -1.7e+308 -1.7e+308 -1.7e+308 -1.7e+308 -1.7e+308 -1.7e+308 -1.7e+308 -1.7e+308 -1.7e+308 -1.7e+308 -1.7e+308 -1.7e+308 -1.7e+308 -1.7e+308 -1.7e+308 -1.7e+308 -1.7e+308 -1.7e+308 -1.7e+308 -1.7e+308 -1.7e+308 -1.7e+308 -1.7e+308 -1.7e+308 -1.7e+308 -1.7e+308 -1.7e+308 -1.7e+308 -1.7e+308 56 99 117.875 106.1875 114.4375 112.0625 92.625 -1.7e+308 91.625 76 130.5 142.9375 117 128.375 142.4375 120.0625 126.75 124.875 121.625 87.4375 -1.7e+308 -1.7e+308
-1.7e+308 -1.7e+308 -1.7e+308 -1.7e+308 -1.7e+308 -1.7e+308 -1.7e+308 -1.7e+308 -1.7e+308 -1.7e+308 -1.7e+308 -1.7e+308 -1.7e+308 -1.7e+308 -1.7e+308 -1.7e+308 -1.7e+308 -1.7e+308 -1.7e+308 -1.7e+308 -1.7e+308 -1.7e+308 -1.7e+308 -1.7e+308 -1.7e+308 -1.7e+308 -1.7e+308 -1.7e+308 -1.7e+308 -1.7e+308 -1.7e+308 -1.7e+308 -1.7e+308 -1.7e+308 -1.7e+308 -1.7e+308 -1.7e+308 -1.7e+308 -1.7e+308 -1.7e+308 -1.7e+308 -1.7e+308 -1.7e+308 -1.7e+308 -1.7e+308 -1.7e+308 -1.7e+308 -1.7e+308 52.0625 50.4375 102.875 133.8125 136.125 133.75 121.625 117.0625 137.125 136.625 128.5625 126.375 121.375 117.9375 112.9375 101.875 51.5625 -1.7e+308 72.0625
-1.7e+308 -1.7e+308 -1.7e+308 -1.7e+308 -1.7e+308 -1.7e+308 -1.7e+308 -1.7e+308 -1.7e+308 -1.7e+308 -1.7e+308 -1.7e+308 -1.7e+308 -1.7e+308 -1.7e+308 -1.7e+308 -1.7e+308 -1.7e+308 -1.7e+308 -1.7e+308 -1.7e+308 -1.7e+308 -1.7e+308 -1.7e+308 -1.7e+308 -1.7e+308 -1.7e+308 -1.7e+308 -1.7e+308 -1.7e+308 91 85.0625 -1.7e+308 -1.7e+308 64.125 -1.7e+308 61.375 57.875 -1.7e+308 -1.7e+308 55.3125 99.375 91.875 100.8125 107.125 102 69.25 108.4375 112 111.0625 101.3125 53.75 110.8125 105 125.5 130.3125 128.125 123.75 120.875 117.1875 113.5 108.6875 92.0625 69.1875 51.5625 80.375 98.625
-1.7e+308 -1.7e+308 -1.7e+308 -1.7e+308 -1.7e+308 -1.7e+308 -1.7e+308 -1.7e+308 -1.7e+308 -1.7e+308 -1.7e+308 -1.7e+308 -1.7e+308 -1.7e+308 -1.7e+308 -1.7e+308 -1.7e+308 -1.7e+308 -1.7e+308 -1.7e+308 -1.7e+308 -1.7e+308 -1.7e+308 -1.7e+308 -1.7e+308 144.5 151.0625 156.4375 124.625 154.375 81.6875 122.125 148.75 -1.7e+308 -1.7e+308 72.3125 112.75 105.75 65.4375 -1.7e+308 49.75 65.8125 85 110.6875 111.9375 114.9375 103.25 103.1875 108.5 107.8125 93.375 -1.7e+308 83.3125 105.5625 110.75 115.8125 116.25 111.3125 108.125 107.125 104.25 98.75 90.1875 80.75 87.375 101.0625 98.375
-1.7e+308 -1.7e+308 -1.7e+308 -1.7e+308 -1.7e+308 -1.7e+308 -1.7e+308 -1.7e+308 -1.7e+308 -1.7e+308 -1.7e+308 -1.7e+308 -1.7e+308 -1.7e+308 -1.7e+308 -1.7e+308 -1.7e+308 -1.7e+308 -1.7e+308 -1.7e+308 -1.7e+308 -1.7e+308 -1.7e+308 -1.7e+308 -1.7e+308 144.8125 175.375 179.4375 179.0625 173.6875 168.9375 129.25 -1.7e+308 -1.7e+308 110.5625 -1.7e+308 69.125 93.3125 85.9375 46.375 90.0625 102.875 70.0625 61.875 89.3125 101.5625 106.125 110.9375 111.1875 104.625 98.375 81.6875 71.4375 80.5625 96.375 102.5625 104.125 102.875 100.375 104.875 107.625 100.9375 85.4375 83 88.5 91.0625 87.125
-1.7e+308 -1.7e+308 -1.7e+308 -1.7e+308 -1.7e+308 -1.7e+308 -1.7e+308 -1.7e+308 -1.7e+308 -1.7e+308 -1.7e+308 -1.7e+308 -1.7e+308 -1.7e+308 -1.7e+308 -1.7e+308 -1.7e+308 -1.7e+308 -1.7e+308 -1.7e+308 -1.7e+308 72.3125 91.8125 155.375 164.875 168.625 169.375 155.75 167.75 144.375 161.0625 70.75 125.125 138.3125 114.1875 -1.7e+308 109.125 99.5625 99.5625 89.9375 99.25 116.125 113.25 100.5 92 88.875 96.1875 103.375 104.375 93 88.9375 85.125 83.125 86.3125 89.4375 89.5 92.3125 92.25 89.25 88.8125 88.625 83.0625 76.0625 73.625 72.4375 72.125 71.5
-1.7e+308 -1.7e+308 -1.7e+308 -1.7e+308 -1.7e+308 -1.7e+308 -1.7e+308 -1.7e+308 -1.7e+308 -1.7e+308 -1.7e+308 -1.7e+308 -1.7e+308 -1.7e+308 -1.7e+308 -1.7e+308 -1.7e+308 -1.7e+308 108.125 94.875 99.875 134.6875 160.625 163.4375 160.875 151.8125 116.125 167.0625 165.3125 158.5 147.875 121.3125 132.75 123.9375 84.625 75.9375 93.8125 110.4375 113 106.75 92.5625 107.6875 121.75 109.0625 117.625 114.125 104.8125 95.375 95.75 95.875 92.1875 86.9375 79.1875 77.875 80.3125 79.375 79.9375 76.875 75.75 74.375 74.3125 74.125 70.6875 67.25 65.875 64.125 62.5
-1.7e+308 -1.7e+308 -1.7e+308 -1.7e+308 -1.7e+308 -1.7e+308 -1.7e+308 -1.7e+308 -1.7e+308 -1.7e+308 -1.7e+308 -1.7e+308 -1.7e+308 -1.7e+308 -1.7e+308 101.5 149 184.0625 182.0625 172.625 156.3125 124.5 145 117.625 133.625 147.75 136.625 151.5625 149.25 142.75 127.9375 131.3125 130.5 106.9375 64.8125 111.5 105.875 120.6875 103.125 107.8125 99.625 94.9375 94.625 94.875 101.25 99 98 88.625 82.6875 81.4375 81.6875 70.9375 69.25 69.5625 69 70.8125 70.625 68.0625 65.1875 63.375 64 64.9375 64 61.625 59.5625 58.6875 57.875
-1.7e+308 -1.7e+308 -1.7e+308 -1.7e+308 -1.7e+308 -1.7e+308 -1.7e+308 -1.7e+308 145.8125 159.75 -1.7e+308 -1.7e+308 -1.7e+308 -1.7e+308 123.9375 188.5625 189.3125 173.75 163.8125 158.1875 143 142.9375 142.8125 132.25 119.875 131.875 132.9375 132.5 131.25 113.5 115.0625 108.6875 93.25 109.0625 111.3125 95.125 96.5625 106.0625 111.5 106.375 110.625 104.9375 97.25 92.375 85 85.3125 85.75 80 73.0625 68.5625 69.9375 65.5 63.25 62.25 60.625 62.3125 63.625 64.4375 62.625 60.75 61.9375 61.3125 62.0625 61.9375 62.8125 60.875 58.3125
-1.7e+308 -1.7e+308 -1.7e+308 -1.7e+308 -1.7e+308 -1.7e+308 155.5 203.125 146.625 -1.7e+308 -1.7e+308 -1.7e+308 -1.7e+308 -1.7e+308 150.75 175.0625 126.0625 115.25 141.5 144.9375 159.8125 152.125 141.1875 125 104.5625 115.3125 119.0625 116 109.6875 105.9375 101.9375 102.375 107.375 98.4375 93.8125 92.75 93.25 78.25 90.75 98.5625 96.5625 87.8125 85.75 85.4375 83.0625 79.5625 77.1875 74.5 70.125 63.4375 57.25 53.4375 54.125 56.375 58.5 59.5625 61.5625 60.9375 60.4375 61.5625 62.9375 63.875 65.5 63.625 61.8125 60.3125 59.875
-1.7e+308 -1.7e+308 187 221.25 168.0625 105.375 199.0625 194.6875 151.6875 -1.7e+308 170.5625 215.5 161.1875 91.75 -1.7e+308 -1.7e+308 125.1875 129.1875 161.375 151.875 154 148.25 143.75 127.625 134.8125 123.3125 111.9375 114.4375 108.5625 94 68.875 74.75 89.8125 95 86.5625 80.5 79 75.1875 72.8125 81.9375 87.125 88.0625 85.3125 82.875 79.0625 75.8125 73 70.875 67.75 61.9375 55.6875 52.5 53.5625 54.875 57.75 59.9375 61.0625 62.125 63.75 65.8125 66.625 67.875 67.9375 66.6875 63.5625 62.375 62.0625
222.875 231.625 230.625 221.8125 217.1875 168.3125 224.75 231.8125 214.3125 179.75 224.625 218.5 176.6875 -1.7e+308 160.75 171.375 155.25 156 158.3125 151.5625 159.4375 150.5 148.375 136.25 111.4375 116.75 113.125 114.875 113.875 100.875 87.1875 63.3125 81.8125 84.625 86.5625 78 79.4375 80.8125 81.0625 78.5 75.75 76.4375 82.25 83.625 80.9375 79.25 74 72.3125 70.8125 66.6875 61.875 58.5 56.6875 56.4375 56.6875 62.125 65.1875 67.375 68.375 72.0625 72.375 72.125 71.1875 68.8125 66.1875 64.0625 64.125
129.3125 198 215.5 125.0625 186.5625 209.5625 233.0625 233.1875 233.5 232.25 229.3125 223 214.1875 205.6875 190.8125 174 154.5625 151.75 144.5625 148.6875 154.1875 155.75 148.1875 143.5 123.125 120.3125 105.875 93.625 92.375 90.375 87.75 70 68.25 75.8125 76.375 75.375 73.3125 74.8125 75.8125 78.625 80.875 81.9375 78.625 75.6875 74.8125 74.75 72.5625 73.0625 72.5625 70.125 66.9375 65.4375 63.0625 61.6875 61.25 65.4375 65.9375 67.5625 70.6875 72.25 75.125 76.4375 74.4375 71.375 69.5 69.6875 68.3125
137.0625 178.5625 185.625 211.125 214.375 219.25 225.3125 196 169.875 194.375 195.5625 206.375 214.125 176.25 113.75 135.25 112.375 115.9375 137.75 135.8125 141.375 143.0625 136.625 124.625 101.6875 66.75 67.9375 78.25 88.3125 98.3125 79.125 64.375 66.6875 67.1875 70.1875 74.125 76.9375 75.875 75.125 76.125 78.1875 77.3125 77.1875 77.5 76.25 73.0625 72 73.875 73.5 70.625 68.5625 68.125 67.375 66.125 66.1875 65.9375 66 68.3125 70.3125 72.9375 75.875 77.5625 75.5625 73.25 70.1875 69.25 68.875
138.5 156.9375 117.3125 -1.7e+308 -1.7e+308 -1.7e+308 -1.7e+308 -1.7e+308 103.625 146.25 176.4375 218.8125 210.6875 200.8125 171.625 157.375 141.625 135.5625 138.0625 145.0625 146.9375 141.6875 130.25 120.0625 107.5 114.75 107.25 93.9375 84.25 75.375 69.9375 66.9375 58.9375 59.625 66.25 72.625 74.875 77.6875 80.0625 78.875 78.125 75.5 75.6875 76.4375 74.9375 76.125 79.6875 81.8125 78.1875 75.125 74.0625 72.875 72.9375 72.875 73.125 77.0625 74 70.9375 73 73.875 75.125 76 74.25 72.625 71.25 71 70.3125
-1.7e+308 -1.7e+308 -1.7e+308 -1.7e+308 -1.7e+308 190.8125 205.125 208.25 198.6875 197 163.5625 199.9375 182.5 166.625 148.1875 138.4375 131.1875 121.5 122.375 134 134.6875 137.4375 140.375 139.4375 139.5 130.8125 117.6875 97.4375 93.8125 90.5 81.4375 67 62.1875 63.625 63.9375 66.9375 72 75.5625 78.25 80.125 80.6875 76 72.8125 73.75 76.3125 78.25 80.9375 83 84.875 82.9375 78.875 79.0625 80 80.75 77.6875 75.125 76.625 79.75 75.5625 76.0625 76.625 76.5 74.8125 71.75 70.6875 70.6875 71.625
-1.7e+308 -1.7e+308 134.625 194.5625 204 170.4375 211.375 204.5625 205.5 187.0625 183.1875 178 157.0625 139.625 132.75 120.8125 115.75 111.125 103.5 114.8125 118 132.4375 129.75 145.25 137.25 111.875 96.25 96.1875 87.3125 85.75 81.9375 74.4375 69.8125 68.875 68.0625 67.5 70.4375 72.25 75.125 76.6875 75 73.875 73.375 73.75 74.875 76.4375 78 80.5 82.6875 82.25 82.1875 83.8125 85.3125 85.0625 82.375 80.3125 79.75 82.125 81 80.0625 79.1875 77.25 76.375 74.25 72.0625 72.875 73.5625
-1.7e+308 135.6875 200.5 192.6875 168.8125 182.4375 203.6875 200.5 188.6875 170.6875 149.625 137.5625 131.75 121.625 114.5625 109.375 94.375 90.4375 92.75 117.125 129.9375 121.0625 123 124.125 112.5625 111.625 104.4375 96.25 88.125 84.9375 84.75 81.75 75.3125 71.25 71.625 72.75 73.5625 75 75.8125 77.25 74.5625 72.6875 71.6875 74.125 76.375 79.125 80.75 81.375 81.5 81.375 84.6875 86.3125 88.25 89.5 88.1875 85.4375 84.8125 83.375 83.3125 82.9375 82.5625 81.0625 80.1875 77.4375 75.8125 76.125 77.25
-1.7e+308 95.375 152 186.75 195.875 211.9375 197.5 185.75 177.875 151.375 127.9375 115.3125 106 106.3125 102 101.0625 94.6875 101.6875 92.5625 93.8125 106 109.3125 128.8125 120.625 112.75 96.8125 93.6875 95.3125 94.6875 89.1875 85.3125 83.875 78.0625 71.625 67.875 72 77.4375 79.1875 80.5625 81 80.8125 78.125 76.5625 77.875 79.8125 81.1875 82 82.875 81.3125 82.25 87.75 90.5625 91.5625 91.3125 91.4375 89.75 86.3125 85.9375 87.5 84.75 84.5625 83.9375 83.375 82.875 81.0625 80.9375 82.1875
115.25 198 202.0625 197.375 197.5625 195.25 205.1875 183.6875 151.6875 129.6875 108.1875 94.25 94.1875 97.1875 100.1875 99.0625 106.9375 120.25 127.3125 128 125 114.4375 112.125 102.5625 95.1875 87.75 88.1875 86.4375 85.9375 86.25 89.6875 85.8125 82.375 75.375 73.125 79.625 82.125 82.5 83.9375 83.4375 82.0625 80.3125 80.875 83.4375 84.5625 85.5625 85 83.875 81.8125 83.5 87 87.75 90.875 91.9375 92.4375 90.5 88.25 87.1875 86.125 87.8125 86.375 86.9375 86.75 86.625 87.8125 87.0625 86.3125
181.0625 188.625 153.875 172.1875 177.875 186.125 175.375 158.8125 137.9375 126.5 112.4375 106 97.9375 103.625 107.875 103.375 116.875 127.375 134.4375 128.125 130.5 131.3125 119.625 110.625 115.375 114 94.0625 83.9375 88.875 84.75 87.5 87.1875 88 80.0625 75.375 76.875 81.0625 86 85.5 85.5 82.75 78.5 80.375 88.9375 91.375 91.875 89.75 86.375 82.9375 82.5 86.0625 87.8125 91 92.8125 91.3125 91.375 87.9375 85.875 87.0625 89.25 89.8125 90.6875 91.9375 93.3125 92.875 91.3125 89.9375
204.8125 185.6875 171.75 157.875 147.8125 154.8125 135.1875 126.125 125.6875 123.1875 114.6875 111.9375 99.375 104.5 107.0625 106.1875 115.375 111.4375 115.3125 115.0625 112.25 110.875 103.875 98.375 94.4375 97.75 100.3125 90.8125 83.0625 83.125 87.25 92.875 94.3125 89.125 84.1875 81.1875 83.4375 80.5625 83.0625 79.3125 78.5625 77.375 79.4375 86.875 93.5625 97.5 94.3125 90.5625 85.375 85.75 87.5625 90.625 91.9375 91.875 89.625 87.5 84.875 86.3125 88.25 90.25 92.375 94.625 96.5 97.5625 96.875 96.3125 94.3125
