WorldClim_2.0_rasters/WC2.0_bio_02_16.asc
NCOLS 642 
NROWS 378 
XLLCORNER -19 
YLLCORNER 19 
CELLSIZE 0.166666666666667 
NODATA_value -1.7e+308 
[rows 168 to 188 of 378, columns 336 to 383 of 642]
7.98508329146231 8.20314581381778 8.24206249043345 8.18350003582115 8.16787508067985 8.47656246119489 8.15899997809902 7.94672914866048 8.22241664476072 8.45962505523736 8.34618746877338 8.2018957977804 8.22450003966999 8.27404161278779 8.60164578802263 8.3459999137558 8.21341663071265 8.16579163695375 8.16431246418506 8.13250000216067 8.43277083989233 8.75320841309925 8.72310416710873 8.6167291343833 8.37506253769 8.19345834106207 8.52066657350709 8.42472914544245 8.54891674484437 8.86758332218354 8.80108338951444 8.57252078332628 8.46802090580604 8.40883339988553 8.5640208058976 8.44712499645296 7.91100002606011 7.70620839608212 7.54997916085025 7.71620825770272 8.03318746480121 7.96012494759877 7.94416664724122 7.96914580686522 8.13077088056646 8.29366677955841 8.28314585438542 8.4177499582244
8.14960417772333 8.27347914005319 8.29916665578882 8.44114581526567 8.61993750045076 8.82802080207815 8.2572707454965 7.76974999570909 8.85145834249367 9.22322918254698 8.50135407902417 8.38914579957297 8.40977064923694 8.44681246807643 8.51268748768295 8.38410419474046 8.45256258888791 8.28143750441571 8.22985424908499 8.00647915930798 8.22445830050856 8.26662499085069 8.26581254042685 8.40020832760881 8.43147918550918 8.37006253966441 8.29054164327681 8.35429168554644 8.62929167691618 8.70137497596443 8.56793736759573 8.52397921751253 8.59889587338936 8.65756249697734 8.58039594281339 8.47770836006869 8.16872916952707 7.71520836575655 7.90287503093714 7.8570624832355 8.14937497928137 7.8659791521568 8.05716669728281 8.03714585409034 8.00410423477297 8.30541674151512 8.47443744268821 8.60647918151517
7.83683335812142 7.86927080278595 8.5709582772106 8.6590416142717 9.20404165028594 9.14283335158446 8.53141666306571 8.54410417216908 9.0098125046934 9.34072915547343 9.21883328740175 8.97599999552282 8.74220835115072 8.56183327489998 8.39824999216944 8.48006247185792 8.57981250031541 8.38075002344946 8.26989574295779 8.2068541465948 8.17893754690886 8.2137917065993 8.12137505846719 8.27318756065021 8.22385423878829 8.2929583468164 8.26777078273396 8.44047920250644 8.64512498676777 8.75862490215028 8.43952078605071 8.3124375429082 8.70418745807062 8.81714591059912 8.446333270714 8.05112503738686 7.93166670525291 7.69152082421351 8.08343749245008 7.79443747394058 7.98187502113676 8.02981246491739 8.04129172628745 8.21683333965484 8.33258337121272 8.26685413406085 8.54758332019264 8.70883344329195
7.8634166448998 7.90679167304188 8.42897927217806 8.49939575046301 9.29368745341587 9.74127085333263 9.42497912171287 9.65047910883004 9.55764586902417 9.57104169449303 9.56566663008804 9.08904164478493 8.97106247004073 8.99616666115859 8.62968749405506 8.42172910335163 8.40587504363308 8.36218754419436 8.33866664860398 8.28839585247139 8.20716669006894 8.22572920285165 8.29208334349096 8.27814584287504 8.27927087588857 8.21177088934928 8.2252500122413 8.39572915279617 8.53035414498299 8.7680209223181 8.46120828265945 8.63214582523021 8.49756243452187 8.40281241332074 8.37243752036981 7.99250001258527 7.68668756176339 7.40572920102083 7.71997915656539 7.7189375051142 8.34093757321049 8.09939586204807 8.17566668983394 8.34806249779164 8.21868753021893 8.28418754235705 8.57391662045848 8.67693754530046
8.62602086613576 8.64131249766797 9.01020838568608 9.21533341011188 9.48202085949257 9.72337496724989 8.6036041448048 9.39150001267747 10.2168541831585 10.0975417026784 9.82831249463682 9.61904165635739 9.35885410849005 9.18424999140552 8.80531250142667 8.56558332211959 8.53674994688481 8.40199998642008 8.38450005681564 8.29481247657289 8.34804172317187 8.32108337773631 8.29116669421395 8.26787505236765 8.35837493898968 8.3947083481277 8.48885417822748 8.56572918500751 8.61416672170162 8.61077084423353 8.6648542326875 8.51297911345803 8.26162486825585 8.13000005848395 7.91095832192029 7.73537500874954 7.92983333665567 7.62227091363942 7.57147910189815 7.35385415186465 7.57706250987637 8.06083338909472 8.11214580687132 8.25368747714917 8.44025006412752 8.45906257924556 8.56497915378228 8.08389574339768
8.71616667866086 9.02197915563981 8.96614584439279 9.05145836322481 9.73920836233689 10.2339167029131 10.0233958296788 10.5712291666617 10.5560624916883 10.0397500124139 9.79035412908221 9.53062499731702 9.25012492862879 9.12235418939235 8.80397917105195 8.32006264897063 8.25191663516065 8.53947922804703 8.31981256045401 8.26012505342563 8.43308342155069 8.31704167835414 8.20302080797652 8.3194166549171 8.33574995398521 8.43587502278388 8.48602078234156 8.60502082171539 8.41979176256185 8.5572916851379 8.30506243564499 8.21064567179322 8.09939585116081 7.91125003108755 7.80470837233588 7.55279167353486 7.36139583874804 7.71389582244835 7.93722915672697 7.71991666212368 7.83350002245667 8.04816668200753 8.14214580867944 8.36277080032353 8.47597915491012 8.52139586531363 8.83962504107815 8.75806248836064
8.83347915873552 9.22993754898198 9.31841666275432 9.27870827666387 9.04110412418959 10.0446041068838 10.0822499863959 9.58108335391201 9.89208333454978 9.90993748922483 9.8134167099682 9.57835406577215 9.18189580165927 9.08506248544048 8.65372920036316 8.55922925084208 8.58264583566537 8.52049998721729 8.42379168358942 8.48554167151451 8.29224997914086 8.27689578259985 8.26206251885742 8.25375002529472 8.33708336111158 8.29887498977284 8.201833410499 8.44166669187446 8.36672915518284 8.35075001697987 8.21281256095972 8.06570822615565 8.09856257525583 7.93652092991397 7.9263957538642 8.04010424970572 8.31489575620799 7.72208328052269 7.81237499816537 8.07779173413292 8.25352079095319 8.22006251639842 8.44899999614669 8.50841674269032 8.42414581864917 8.57064576347087 8.75429162090101 8.85508335441894
9.16304166428745 9.19504167935035 9.42775000085142 9.69183330016676 9.75212504674952 10.0535208113627 10.226770809871 9.97570833876186 9.78787492322347 9.59137499103478 9.45797913127414 9.12610416882671 9.28962496963019 8.99164581216852 8.66706253766703 8.34052080723147 8.65112501010299 8.55833334413667 8.51720836758614 8.39885418427487 8.3957916793103 8.50241667063286 8.30991665553302 8.19466673986365 8.19431241011868 8.12004166841507 8.2219791575335 8.44135417758177 8.35891676958029 8.52683333214372 8.16125009806516 8.06789582254957 8.05081244026466 8.15231251258714 8.24620829103515 8.32612502008366 7.81850011072432 7.93764573467585 7.97104170910704 8.08772931201383 8.20154168860366 8.37395845322559 8.59741666843183 8.63175000991517 8.67106246692128 8.57002082260442 8.8817499394548 9.04929168694313
8.84656244539656 8.94793749969297 9.35137503889079 9.68822919545346 9.96672918013064 9.98070838234465 9.91897921998558 9.72197915279927 9.14931253396207 9.01543751799666 9.34304161536663 8.99168753819928 9.18183330687073 9.11987499949949 8.62114585839057 8.14797917567193 8.20935414514194 8.36422919792433 8.33285418059677 8.2570624484991 8.31089587478588 8.28624998560796 8.27587496271978 8.14902069916328 8.22456244503458 8.16156242570529 8.35958329774439 8.50204164131234 8.32008336965616 8.20822913867111 8.25593751071331 8.308062491012 8.2370416819637 8.70314584920804 8.73574999853736 8.3420208642104 8.1138124827606 7.99387497035787 8.07762496747698 8.23622917430475 8.21087504729318 8.49591666118552 8.51179165711316 8.47445832451922 8.42677077383269 8.63224999159866 8.79158327856567 8.86700007585265
8.61958335464199 8.78804169626286 8.9853958185607 9.11949998978525 9.64031246533462 9.50370835510936 9.10406250242765 9.3079791412359 8.92012499166352 8.89347909235706 9.09075003687758 8.69618753118751 8.86983328388305 9.00504156496997 8.74979169263194 8.62895840406418 8.67106260949125 8.36416667451461 8.30462493561208 8.36600001063198 8.40464582790931 8.36618750604491 8.26293761500468 8.23299998665849 8.20689582638443 8.22933337464928 8.35920831219604 8.27166675062229 8.25525004571925 8.27354163474714 8.37206255466057 8.35152090387419 8.30202086768986 8.89677096878101 8.62633333431101 8.43520834122319 8.26672917682057 8.2832708330825 8.31427084173386 8.48168746785571 8.60139578937863 8.49475001504955 8.49600004513438 8.56152089677441 8.70420830844281 8.69527087566288 8.893187508962 8.92154159413136
8.2750000488013 8.43718755307297 8.7528333524242 9.19222921629747 9.33189582079649 9.31166656160106 8.86412497020016 8.87554161452378 8.79575006229182 8.72293746424839 8.77639584398518 8.57839582487941 8.49302084029963 8.67058344588926 8.58514581806958 8.59814588073641 8.695687602895 8.51345834198097 8.36014580664535 8.32025004302462 8.27616662470003 8.29689576600989 8.24808332913866 8.30518743830423 8.278187368686 8.32618743708978 8.36397907758752 8.35562507187327 8.37341665414472 8.39162503617505 8.49385417656352 8.63914589242389 8.7866042368114 8.93470833838607 8.79664584224035 8.55058345774887 8.42593752468626 8.50733339842797 8.67468749422308 8.55497908669834 8.47050000711655 8.41947919984038 8.63593751130005 8.75397921229402 8.86581254913471 8.92216660101743 9.08810406489647 9.02266659732656
8.32081244668613 8.41054167070736 8.5378333106637 8.70716672794272 8.85204167570919 8.73045836668462 8.72810425764571 8.77122919416676 8.71774996584281 8.62385417241603 8.56031247631957 8.56231243970493 8.48531246154259 8.50537495066722 8.65395832092812 8.52608332410455 8.45397919354339 8.53379180034002 8.44912507633368 8.33822918310761 8.30387508341422 8.31702083876977 8.31933333848914 8.32393740490079 8.39943748836716 8.44285417130838 8.44593743234873 8.58637490992745 8.54829160186152 8.65445827164998 8.76870847182969 9.00143751439949 9.03193741602202 8.97741663518051 8.94489587230297 8.79537506228856 8.69058333953338 8.7046665805683 8.71260414132363 8.70554163987981 8.65018750249874 8.63702084508259 8.7293125448438 8.85020844133881 8.88733330648392 8.81604171699534 8.9435000163988 8.92966661718189
8.34131245563428 8.33633336983621 8.47327083814889 8.61149996643265 8.55195834860206 8.56620833712319 8.54200000315905 8.56725000155469 8.7304166679581 8.58014579179386 8.54147904366255 8.63729166130846 8.62291669193655 8.47760418461015 8.46100000664592 8.17558339486519 8.48991662325958 8.52491660726567 8.40606248440842 8.44747925860186 8.47775010267893 8.45360425921778 8.40758344096442 8.40716669522226 8.52706248623629 8.51062500352661 8.77277084129552 8.77491665445268 8.80658343620598 8.82633336198827 8.97010418958962 9.11043747638663 9.09047914296389 8.97945836931467 8.98531244695187 9.02235417813063 9.03318749585499 8.9767917439652 8.92270829008582 8.97677081745739 8.99029168228541 8.81187510400923 8.83731256477768 8.87508333991961 8.94854159198197 8.91416663483687 8.91597911991266 8.79312499377314
8.28814585258563 8.34199998403589 8.42968748820325 8.43058339630564 8.38572912539045 8.32020836820205 8.53754165271918 8.47633330896497 8.58083334006369 8.57629169306407 8.55604164643834 8.58445828656355 8.54456256547322 8.44656249321997 8.53085413668305 8.60904153591643 8.63502081607779 8.52377078744273 8.44495843723416 8.43402087067564 8.48449997293453 8.49364583690961 8.39220848369102 8.42662508226931 8.5554584407558 8.79324997464816 8.92974988184869 8.81735410479208 9.05331245375176 9.02399995860954 9.13045831335088 9.22556246320407 9.20335419041415 9.16164590325207 9.12352091694872 9.10531243309378 9.12658330705017 9.00566666573286 9.00352074640493 9.0609374307096 9.02322921995074 9.03406251392638 9.01564585479597 8.97914584048704 8.9579374291255 9.07693754703117 9.16931252530776 8.9715832870764
8.16079163861771 8.26602075931926 8.38510419552525 8.3760623925676 8.45127087769409 8.44004174135625 8.53414596803486 8.59543753787875 8.70910412538797 8.64397921506315 8.55979168415069 8.56287497592469 8.56029167336722 8.47939584838847 8.57022921989361 8.65483332145959 8.62145825910071 8.54793751363953 8.45639586324493 8.46825007597606 8.48899998826285 8.52849994599819 8.65012502856553 8.67399997512499 8.74918747569124 8.9994584005326 9.07145836825172 8.98654165491462 9.21656242820124 9.19093746195237 9.2325416294237 9.33074993143479 9.28010414044062 9.21185412878791 9.25283338005344 9.15768750632803 9.14347915599743 9.05166662670672 9.18710412861158 9.17250001182159 9.1439583717535 9.16118746964882 9.17822909665604 9.03633339470252 8.96262503997423 8.98087503497178 9.11306249878059 9.14837492071092
8.32095831694702 8.29147920757532 8.49347917735576 8.60297911986709 8.43070836054782 8.43193750269711 8.63616661416988 8.60860410643121 8.59191673745712 8.60314584461351 8.56472912430763 8.60220841597766 8.61418750757972 8.48914585635066 8.51437510177493 8.49677071720362 8.5507291406393 8.59395817667246 8.5701458118856 8.59656250973543 8.58370828876893 8.73341663492223 8.83014583835999 8.91718745976686 8.88672912307084 9.10347920221587 9.07502080251773 9.14427079508702 9.30454160148899 9.04389572143555 9.21641659922898 9.3208958239605 9.35908343146245 9.28283337006966 9.23477091826498 9.23600002812842 9.29406248219311 9.27549999703963 9.26570830618342 9.26237498161693 9.31068747242292 9.32541677169502 9.27837502211332 9.21662499010563 9.12387508091827 9.29122922538469 9.30993737994383 9.20374993265917
8.26045828002195 8.3108958179752 8.50333338044584 8.39389583840966 8.19958333298564 8.3534582965076 8.48004163304965 8.59189588824908 8.56372911886622 8.58670828274141 8.62679164701452 8.64768748761465 8.56429175163309 8.57602079026401 8.57062497890244 8.51856238860637 8.6048749651139 8.60745829343796 8.6062291773657 8.64906264344851 8.71302085804443 8.71497908296685 8.82804164973398 8.93837492975096 9.17970836783449 9.07531244990726 9.18831250568231 9.27875001666446 9.37070821970701 9.47091660772761 9.57227071498831 9.5205416722844 9.6115417064478 9.45585423335433 9.39054175963004 9.35866677947342 9.46645825418333 9.48193739665051 9.40237496669094 9.39043749930958 9.35337495307128 9.36754173661272 9.38035424736639 9.26320841535926 9.28654177269588 9.40537504324069 9.29972915413479 9.25593746919185
8.26831260447701 8.32343752558033 8.56802086283763 8.54893752560019 8.49929161711286 8.41958332899958 8.55872919845084 8.66399995951603 8.74008330112944 8.66362491032729 8.68127076824506 8.68045837152749 8.756979182673 8.66829171435287 8.55243749575069 8.53562489307175 8.65183334238827 8.56185407315691 8.65631252775589 8.60545841356118 8.63793744084736 8.80860414666434 8.70224999139706 8.78366665852566 9.07487501762807 9.19895835220814 9.37125002903243 9.42162492747108 9.46093743418654 9.59770823083818 9.60397905359665 9.52868745910625 9.49556248883406 9.61908330395818 9.67820833685498 9.60972899757326 9.62481244839728 9.5365832367291 9.54277068004012 9.53572918660939 9.5077291050305 9.51383337875207 9.58554170280695 9.53331240266562 9.56024989672005 9.54539581139882 9.4040415789932 9.40543748624623
8.38604169463118 8.45264589414001 8.54956264731785 8.60881250506888 8.49552084815999 8.47654167593767 8.54472911947717 8.58068748190999 8.55091671769818 8.60370834668477 8.659437572894 8.63260424012939 8.70510417533417 8.77027087161938 8.5971667189151 8.62235425505787 8.68397914214681 8.63597924169153 8.74229161720723 8.7134999372065 8.70504157617688 8.80254166945815 8.85987496127685 8.82856248815854 8.97789585093657 9.18566660955548 9.24460413741569 9.21018748606245 9.25889582931996 9.48983333321909 9.69893751790126 9.74356255307794 9.66477085463703 9.88483333028853 9.87064589063327 9.93604167674979 9.88906262132029 9.7469166473796 9.68745830158393 9.66289571051796 9.56599995990594 9.56785409835478 9.56002081309756 9.54929166163007 9.53583339912196 9.51143760234117 9.49447909990946 9.59591670520604
8.35793750546873 8.57152083702385 8.64841673554232 8.74008330330253 8.56391667636732 8.57877080577115 8.55210421451678 8.62508329966416 8.74985419337948 8.64116665162146 8.69739585680266 8.84008337526272 8.7351250667125 8.63291667650143 8.59316661364089 8.67652084026486 8.7300416653355 8.69016666399936 8.78377080801874 8.49335415692379 8.77493749527881 8.96397903437416 8.97102081341048 9.04168751649559 9.14939578560491 9.20014575496316 9.20966666191816 9.1069584513704 9.17485410595934 9.54975007412334 9.83089587651193 9.85843748413026 9.9899583524093 10.030999990801 10.0577499807502 10.1549583432886 10.0922083680828 10.0205417300264 9.92710419930518 9.88008330203593 9.69714584822456 9.72770838066936 9.6499791846921 9.56560421921313 9.52018750210603 9.43441668152809 9.53585414774716 9.54631254946192
8.47904163443794 8.61664588625232 8.73920839900772 8.62868757018198 8.70747922019412 8.56497916113585 8.74602093516539 8.79558334344377 8.78410419666519 8.77408329676837 8.76449996512383 8.74614579603076 8.63735410167525 8.68506252206862 8.6823958127449 8.75868755501384 8.69891673202316 8.88560422665129 8.9435833444198 8.84391664123783 9.18752081133425 9.03758341663827 9.07637507158021 9.14097910063962 9.16368754083912 9.30135411924372 9.28812496488293 9.23566671088338 9.35960414571067 9.95677084041138 9.98039579577744 10.025229165641 10.1955208578147 10.2575416502853 10.3816250714396 10.4463124196045 10.3634583748256 10.1547917487721 10.0333541637907 9.91270841533939 9.87062483591338 9.80039587865273 9.70275005387763 9.66300004534423 9.51408335814873 9.58427080512047 9.56656245638927 9.56768739099304
