WorldClim_2.0_rasters/WC2.0_bio_19_16.asc
NCOLS 642 
NROWS 378 
XLLCORNER -19 
YLLCORNER 19 
CELLSIZE 0.166666666666667 
NODATA_value -1.7e+308 
[rows 240 to 269 of 378, columns 469 to 535 of 642]
29 29.9375 30.75 31.1875 31.5625 32.5 33 33.5 35.0625 36.375 38.125 39.125 39.8125 39.875 42.5 41.875 41.375 40.8125 41.0625 41.0625 39.5 38.375 37.6875 36.1875 35.8125 35.6875 35.75 36.3125 37.0625 37.75 39.25 40.625 43.0625 45.875 48.4375 51.9375 55.3125 58.5 62.125 65.8125 70 73.875 77.4375 81.125 84.9375 88.6875 92 95.6875 99.1875 103.25 107.5 111.125 116.5625 120.625 126.75 134.5 142.4375 150.125 162.25 176.0625 189.0625 204.8125 221.375 243.4375 266.1875 245.3125 212.25
29.25 29.6875 30.1875 30.9375 31.1875 31.875 32.75 33.5 34.4375 36.625 37.875 39.75 40.625 41.625 41.6875 41.875 41.875 41.25 41.4375 41.25 40.25 38.75 37.125 35.6875 35.125 34.5625 35.875 37 37.5625 38.5625 40 41.4375 44.375 47.75 50.0625 53.3125 57.1875 61.0625 64.75 68.75 72.875 77 80.75 84.8125 89 92.9375 96.375 100 104.5 108.1875 111.4375 115.875 120.375 125.25 131.5625 138.375 147.3125 157 166.75 177.6875 198.375 202.5625 233.3125 257.5 267.25 253.625 225.8125
30.3125 31.3125 32.0625 31.9375 31.625 31.875 32.875 34 34.25 36.6875 38.6875 41 42.25 42.5625 42.1875 42.0625 41.4375 41.1875 41.6875 40.4375 39.875 38.1875 36.25 34.9375 34.4375 34.75 36.8125 37.625 38.4375 40.8125 44.5625 50.8125 51.5625 50.75 52.375 56.375 59.6875 63.5625 67.4375 71.75 75.875 81.25 84.5625 89.125 93.625 97.625 101.375 105.875 109.8125 113.875 116.5625 120 123.625 127.8125 133.75 140.125 148 154.3125 164.1875 177.25 190.6875 199.25 229.875 240.0625 262.4375 260.6875 246.0625
30.3125 30.5625 32.5625 33 32.8125 32.875 33.75 34.0625 34.625 36.6875 38.6875 40.8125 42.75 44.25 43.4375 43.375 42.9375 42.6875 41.5 40.875 40.1875 38.25 36.6875 35.1875 35 36 37.6875 39.75 40.125 43.0625 46.625 47.6875 50.1875 53 56.0625 59.9375 63.1875 66.875 70.6875 75.125 79.5625 84.625 88.875 93.125 97.6875 101.6875 105.9375 109.875 114.0625 117.25 121 124.0625 126.5 129.625 134.3125 139.5625 145.0625 150.9375 159.8125 172.3125 186.1875 194.6875 200.0625 237.3125 260.625 238.9375 244.125
30.5625 31.375 32.5625 33.0625 33.5 34 34.8125 35.5625 36.1875 37.875 40.6875 41 41.6875 40.8125 41.0625 43 44 43.1875 41.125 41.5 40.4375 38.1875 37.3125 35.625 36 36.75 39.875 42 43.25 45.125 45.875 47.25 50.3125 54.875 57.0625 61.875 67.3125 70.875 75.125 79.625 83.4375 88.25 92.8125 96.9375 100.6875 104.1875 109.125 113.375 117.3125 120.4375 123.6875 126.6875 128.9375 131.6875 134.9375 139.125 142.3125 147.0625 153.5625 164.125 176 177.9375 184.9375 217.3125 230.125 226.5625 210.3125
30.875 31.4375 31.9375 32.875 33.9375 34.4375 35.125 36.3125 37.25 38.75 41.0625 42 42.1875 40.6875 40.4375 41.875 42.25 43.9375 41.9375 41.625 40.625 38.8125 36.9375 36.0625 35.5 37.625 40.9375 42.625 43.5 45.0625 45.9375 47.5 49.5625 52.8125 56.4375 61.1875 66.75 73.5625 78.6875 83.75 88.375 92.4375 95.875 100.625 104.5625 109.125 112.3125 115.6875 119.6875 122.625 126.125 129.1875 130.1875 132 133.875 136.125 138.75 141.0625 144 149.25 155.625 159.4375 168.875 202.25 221.5 207.3125 200
30.4375 31.25 32.5625 33 33.6875 34.6875 36 36.75 38.6875 39.3125 41.5625 42 42.5625 43.125 42.1875 41.25 42.4375 42.5 42.3125 41.5 40 38.8125 37.625 37.125 36.25 38.5625 41.4375 43.4375 44.4375 45.8125 47.375 49.375 52.125 55.4375 59.5 64.25 70.4375 75.875 82.0625 87.5625 91.75 94.9375 99.6875 104.5 107.375 114.125 115.125 119.1875 124.8125 126.375 128.125 130.25 132.4375 132.9375 134.9375 135.5 135.125 135.25 136.3125 138.875 142.625 142.4375 143.1875 148.5625 148.6875 163 187.375
30.625 31.125 32.75 33.375 33.875 34.875 36 37.125 39 39.1875 40.75 42.25 43 43 43 42.375 43.25 42.0625 42.4375 42.8125 41.375 39.8125 38.5 38.25 38.375 38.25 41 44.6875 47.4375 49.3125 50.125 52.3125 55.625 59.9375 63.5625 68.4375 74.3125 80.4375 86.6875 92.875 99.3125 104.8125 110.0625 112.375 115.1875 118.75 121.25 123.4375 126.6875 130.125 131.625 131.75 132.1875 132.4375 133.25 133.375 132.375 130.5 130.1875 130.75 130 132 139 153.5 161.375 166.75 153.0625
30.5 31.375 32.75 33.75 34 34.75 36.0625 37.4375 39 39 40.5 41.9375 42.875 43 43 43.5625 43.625 42.25 42.25 42.75 43 41.0625 39.625 39.375 39.25 39.5625 40.875 43.25 45.25 47.8125 49.8125 52.8125 56.5 62 66.625 72.1875 78.75 86.125 94.375 97.6875 103.8125 115.25 122.375 128.25 132.1875 129.0625 128.5625 129.1875 131 131.25 131.5625 133.9375 133.5625 132 130.125 129 126.6875 124.6875 123.6875 122.5625 119.5625 120.9375 131.6875 137.375 134.375 115.6875 76.25
30.5625 31.875 32.0625 33.0625 34 35 36.5 37.5625 39.4375 39.75 40 40.5625 42.75 43 43 43.75 44 43.9375 42.4375 42.8125 43.0625 41.75 41.875 41.5625 40.75 41.8125 43 43.625 45.875 48.3125 51.625 55.5 59.625 64.125 68.3125 74.8125 84.4375 92.75 101.75 112.875 120.9375 123.0625 124.125 132.375 138.125 138.0625 137.9375 136.75 137.0625 137.8125 137.3125 136.5 134.8125 131.4375 127.9375 124.5625 120.875 118.9375 117.8125 115.6875 111.125 103.1875 99.8125 85.6875 80.3125 66.875 54.375
32.25 32 32.4375 33.75 34.8125 35.8125 36.9375 37.75 39.6875 40 40 41.0625 43 43 43.1875 44 44 44.125 44.4375 44.125 44.5625 42.375 42.625 42.8125 42.8125 43 43.5 45.75 47.1875 49.875 53.125 56.625 60.75 65.5 70.875 76.5625 83.0625 91.6875 101.0625 111.5625 117.8125 124.3125 132.5 137.6875 137.1875 137.875 138.5 139.9375 137.75 137.875 140.3125 139.5625 136.25 131.375 126.4375 121.3125 117.5 114.5 112.5625 109.875 104 94.125 79.3125 64.6875 57.5625 52.5625 47.125
33.6875 34.3125 34.375 34.3125 35.6875 36.125 37.4375 38.625 39.625 40 40.6875 42 42.4375 43.125 43.625 44.0625 44 44.0625 44.375 44.4375 44.8125 43.5 43.8125 43.3125 43.5625 44.25 45.875 47.0625 49.375 51.625 55.5625 58.875 63 67.1875 72.25 79.25 86.125 93.625 99.3125 104.75 112.125 120.3125 128.25 134.6875 137.8125 139.1875 141.125 141.9375 142.8125 143.875 142.8125 139.3125 136.8125 130.1875 124.1875 118.5 114.5 111.25 108.375 104.75 98.375 89.1875 80.3125 74.375 72.25 71.3125 71.4375
35.125 35.375 35.625 36.625 36.9375 37.1875 38.375 39 39.5 40.4375 42 42 43.125 44.5 44.5 44.3125 44.5625 45 45.25 45.25 45.3125 45.0625 45.625 45.5 45.375 46.5 47.0625 48.9375 50.25 52.9375 57 59.375 62.625 66.1875 70.625 78.125 86.0625 96.6875 104.625 109.375 117.3125 124.6875 131.125 138.375 141.5 142.625 142.1875 142.0625 139.0625 141.3125 140.125 126.625 122.4375 122.625 119.1875 113.75 110.125 106.8125 104.3125 101.5625 99.9375 97.125 95.3125 90.5 81.25 82.4375 77.0625
37.125 37.125 37.5 38.125 38.6875 39 39.125 39 39.625 40.6875 42.0625 42.9375 43.75 44.9375 45 45.1875 45.125 45.125 46.6875 46.8125 46.0625 46 46.875 47.1875 47.5 47.8125 49.3125 50.4375 51.9375 54.6875 57.5625 60.1875 62.4375 65.3125 69.5625 75.3125 81.5 88.9375 100.5625 117.8125 131.3125 134.6875 140.4375 149.5 151.5625 149.9375 146.1875 143.25 142.1875 139.8125 129.4375 116.6875 109.75 101 100.1875 100.5625 89.375 94.0625 98 99.0625 99 95.6875 87.5 84 84.75 85.4375 84.5625
38 38.0625 39 40 40.5625 41.1875 41 39.9375 41.1875 42 42.4375 43.875 44.9375 45 46.0625 46.875 46.9375 47.5 47.9375 48 47.375 46.8125 47.625 48.875 48.875 49.4375 51.0625 53.125 54.4375 55.1875 56.6875 59.375 61.625 65.625 69.5 73.75 77.6875 84.375 93.375 105.75 118.625 134 146.75 158.75 161.625 161.25 156.0625 150.1875 145.25 135.8125 121.9375 112.3125 101.4375 92.9375 95.25 92.875 101.5 99.375 100.3125 92.25 107.3125 117.5 130.9375 154.375 151.875 168.5625 165.0625
38.5 39 39.625 40 40.875 41.125 41.875 42.1875 43 43.125 44.375 44.375 45.625 46.375 47 47 47.625 48.25 49.4375 50.375 49.4375 49.3125 49.375 50.1875 50.3125 50.5 52.5 54.9375 55.375 55.6875 57.625 59.125 61.6875 64.9375 67.9375 71.9375 75.5 80.625 88.4375 99.5625 114.5 131.875 149.6875 166.5 174.375 174.1875 169.4375 159.8125 150 137.75 125.0625 117.9375 109.4375 101.0625 92.75 91.625 88.875 104.375 106.8125 103.75 98.625 110.9375 105 114.0625 121.4375 134 146.5625
41 40.8125 40.625 41 41 41.0625 42.1875 42.8125 43.5 44.4375 44.0625 44.8125 45.8125 47.375 47.4375 47.875 48.5625 49.75 50.75 51.9375 51.1875 50.5 50.375 51.375 52.625 53.3125 54.1875 54.625 55.875 57.375 59.5 60.0625 61.5625 64.1875 67 69.5625 72.3125 77.1875 84.25 96.125 112.8125 131.0625 150.8125 167.6875 179.625 183.4375 179.5 169.8125 159 144.6875 130.125 117.5 120.625 117.625 164.25 122.0625 94.4375 128.9375 128.8125 134.9375 136.5625 150.125 159.5 157.9375 141.125 131.0625 121
43.5 43.0625 43 42.6875 42.375 42.6875 43 43 43 44.5 45.5625 46.125 47.625 48 48.9375 48.25 51.3125 51.875 51.6875 52.375 52.125 51.125 51.9375 52.5 53.5625 55.25 56.8125 56.875 56.8125 58.0625 59.3125 60.75 62.4375 63.9375 65.0625 67.5 69.6875 73.25 78.75 89.625 109.0625 130.625 151.375 167.3125 179.4375 190.25 190 176.125 168.375 154.4375 171.0625 184.6875 169.375 168.75 158.4375 120.5 145.5625 125.75 134.3125 166.1875 137.4375 133 167 156.0625 154.9375 152.6875 172.1875
46.75 46.25 45.5625 45 44.75 44.4375 44.125 44.0625 44.625 45 45.375 46.75 47.75 48.1875 50.1875 50.375 51.875 52.3125 52.6875 53.125 52.0625 52.6875 53.625 54.125 54.875 56.125 57.6875 59.1875 59.5 59.75 60.875 62.0625 62.5 63.6875 64.25 65.875 67.25 68.9375 72.3125 82.125 102.8125 127.625 147.9375 163.0625 176.5625 187.75 186.75 179.6875 176.625 182.25 178.625 148.6875 146.8125 156.6875 175.75 161.75 172.125 124.5625 143.5625 151.375 140.6875 140.25 155.375 153.4375 196.3125 235.1875 173.6875
50.5 49.125 48.25 47.6875 47.1875 46.9375 46.5625 46.375 45.875 45.6875 46.1875 46.75 47.125 48.625 50.1875 51.3125 51.1875 52.3125 52.875 52.6875 54.25 55 55.3125 55.6875 57.3125 57.9375 59.25 60.5 62.3125 62.25 62.0625 62.8125 63.375 63.875 64 64.4375 65.8125 66.625 69.0625 76.6875 97.5625 121.375 142.375 158.6875 173.625 189.1875 211.875 205.9375 191.4375 189.9375 171.6875 149.875 139.75 147.75 126.1875 127.5625 138.125 153.8125 142.9375 151.75 177.375 178.8125 179 232.8125 216.375 177.1875 214.3125
55.6875 54.375 52.8125 51.5 49.8125 49.6875 49.1875 48.625 48.3125 48.5 48.6875 48.3125 48.25 49.8125 51 51.6875 52.9375 53.8125 54.625 55.5 56.375 57.1875 58 58.5625 59.375 60.5 61.9375 62.75 63.875 64.6875 64.8125 65 65.25 65.6875 65.125 65 65.625 67 71.1875 79.5 97 118.5625 138.3125 153.5 165.6875 180.8125 206.4375 210.0625 199.0625 186.1875 171.5 158.8125 151.375 153.75 159.9375 163.1875 181.0625 199.4375 205.5625 216.5 216.6875 215.75 211.125 234.6875 272.8125 230 207.1875
58.5625 57.3125 55.8125 54.5 53.75 52.4375 52.3125 50.75 50 49.9375 50.5 50.3125 50.4375 51.375 52.6875 54.4375 55.625 56.9375 57.8125 58.625 59.5625 60.625 61 62.125 63.0625 64 65.0625 65.75 66.25 67 67.375 67.875 67.4375 66.8125 67 67.4375 67.75 70.375 75.375 83.3125 96.25 114.4375 132.5625 146.125 158.3125 178.75 196.9375 202.125 201.5625 188.3125 178.9375 158.75 150.875 149.875 159.0625 171.4375 183.125 198.5625 212.3125 224.5 234.625 245.6875 264.125 286.8125 300.625 285.6875 236.25
62.25 60.9375 59.1875 57.8125 56 54.6875 53.5 53.1875 52.6875 52.3125 51.625 51.6875 52.25 53.9375 55 56.375 58.5 60.4375 62.0625 63.0625 63.6875 64.375 65.3125 66.1875 66.9375 67.875 68.5625 69.375 70.125 70.3125 70.4375 70.5625 70.625 70.25 70.125 70.0625 70.125 72.1875 76.375 83.3125 96.125 112.375 126.5625 139.9375 157.0625 178 174.6875 185.1875 181.0625 169.5 157 146.25 140.5625 144.75 158.0625 163.8125 179.8125 192.75 199.375 224.25 241.3125 257.4375 267.75 288.6875 303.875 293.75 227.25
66.5 65.1875 63.25 61 59.375 58.125 57.375 56.25 54.9375 54.25 53.75 54.125 53.625 55.1875 56.5 58.625 60.4375 63.375 66.375 67.1875 68.5 69.1875 69.9375 70.625 71.375 72.125 72.75 73.5625 74.0625 74.5 74.0625 73.875 73.625 73.625 72.9375 72.5625 73.0625 74.25 75.8125 81.3125 91.1875 106.9375 118.8125 134.0625 158 178 168.5 145.75 142.0625 140.5625 132.4375 128.3125 128.375 143.9375 149.3125 150 165.0625 155.125 178.5 215.3125 225.9375 238.6875 251.6875 265.4375 275.4375 268.125 250.0625
70.1875 69.1875 67.0625 64.375 62.4375 60.6875 60 59.6875 57.5625 56.6875 56.3125 55.875 55.625 56.0625 58.25 60.6875 63.625 66.9375 69.9375 71.5625 73.375 74.25 75.125 75.875 76.75 77.1875 78.3125 78.8125 79.1875 79.1875 78.8125 78.5625 77.8125 77.375 76.8125 76.875 76.5 76.5 77.375 81.4375 86.0625 98.9375 110.6875 119.6875 163.5 161.25 129.3125 121.9375 122.125 115.5 112.4375 113.5625 119.625 146.5 123.5 160.125 139.75 126.3125 160.4375 194.5 204.3125 232.6875 217.125 217.9375 266.4375 262.375 237.1875
75.875 73.625 71.25 68.5625 65.8125 64.0625 62.75 61.125 59.1875 58.8125 57.625 57.625 57.3125 58.1875 60 63.1875 67.1875 71.6875 75.1875 76.9375 78.9375 80.0625 81.125 81.6875 82.6875 83.4375 83.4375 83.875 84.8125 84.9375 84.5625 84.4375 83.4375 82.625 81.6875 80.125 80.125 78.75 78.5625 81.4375 79.9375 85.8125 91.625 121.25 165.5 121.875 107.375 99.6875 96.5625 98.1875 97.5 102 114.375 125.0625 116.1875 130.9375 119.875 114.5 136 168.9375 181.3125 197.3125 191.4375 226.8125 258.5 244.5 234.125
81.75 77.5 74.9375 72.375 69.625 67.8125 65.8125 64.25 62.375 60.6875 60 59.625 59.375 59.875 62.1875 66 70.8125 76 80 82.75 84.625 86.4375 87.625 88.8125 89.1875 90.0625 90.4375 90.5625 90.125 90.5 90.6875 90.1875 88.9375 87.75 86.375 84.25 82.9375 81.625 80.125 78.125 76.25 76.625 80.25 93.25 108.9375 94.75 85.8125 83.4375 85.125 84.6875 89.1875 90.125 98.6875 93.625 101.625 98.0625 99.375 109.4375 124.3125 170 183.875 166.5 173.875 199.875 215.5 228.1875 215.6875
93.3125 85.1875 79.6875 76.375 73.75 70.875 68.9375 66.9375 65.5625 64.25 63.375 62.6875 62.0625 62.25 64.25 69.1875 74.875 80 84.3125 87.625 90.1875 92.8125 94.875 96.0625 96.9375 97.25 97.0625 97.0625 97 97.3125 97.125 96.4375 95.5 94.25 92.625 89.8125 87 85.1875 82.625 79.9375 77.25 76.75 77.9375 81.75 80.9375 79.4375 77.5625 75.5 74.875 74.875 79.3125 77.5 91.1875 80.375 91.125 89.4375 90.1875 105.8125 123.1875 155.75 181.375 154 166.5 204.1875 230.6875 226.4375 210
106.1875 96.4375 88.4375 82.4375 77.9375 75.1875 72.375 70.125 69.125 68.25 67.3125 66.6875 66.375 66.125 69.4375 74 79.5 85.125 89.4375 93.125 96.3125 99.4375 102.0625 104.0625 105.4375 105.6875 105.25 105.5 104.875 104.4375 103.75 103.375 102.0625 100.75 99.1875 97.125 95.1875 92.5625 89.75 85.875 82.3125 79.8125 78.625 78.0625 76.9375 75.4375 73.25 70.6875 68.4375 68.5 68.125 70.0625 79.125 70.6875 82.5 78.0625 86.875 96.75 108.6875 122.4375 155.875 152.5625 175.125 204.3125 225.4375 212.9375 197.75
130.1875 116.8125 103.5 96.6875 85.875 79.375 76.0625 74.5625 72.875 72 71.75 72.0625 72.3125 73.375 75.8125 79.9375 85.375 90.4375 95.1875 98.875 102.375 105.625 108.875 111.4375 113.125 114.6875 114.9375 114.6875 114.3125 113.125 111.4375 109.875 108.625 108 106.6875 104.3125 102.625 100.75 97.5 94.625 90.4375 87.875 85.125 82.5 80.625 79.125 75.75 72.25 69 67.75 67.4375 67.5625 74.375 70.0625 74.5625 79.8125 87.3125 100.6875 122.9375 126.875 137.375 151 171.5625 204.4375 213.9375 191 185.0625
