WorldClim_2.0_rasters/WC2.0_bio_17_16.asc
NCOLS 642 
NROWS 378 
XLLCORNER -19 
YLLCORNER 19 
CELLSIZE 0.166666666666667 
NODATA_value -1.7e+308 
[rows 60 to 89 of 378, columns 536 to 602 of 642]
45.4375 45.25 44.875 45.0625 45.4375 45.3125 44.6875 44.625 45.1875 44.8125 44 43.4375 37.9375 -1.7e+308 -1.7e+308 -1.7e+308 -1.7e+308 -1.7e+308 -1.7e+308 -1.7e+308 -1.7e+308 22.5 28.3125 37.3125 45.0625 45.9375 47.125 47.0625 46.9375 37.75 -1.7e+308 -1.7e+308 -1.7e+308 -1.7e+308 22.75 42.875 45.875 46.75 46.9375 47.0625 47.1875 35.4375 -1.7e+308 -1.7e+308 -1.7e+308 -1.7e+308 -1.7e+308 45.5625 52.3125 52.875 53.5 53.5 53.9375 54.1875 55.375 56.1875 56.4375 57 57.8125 58.4375 58.125 58.375 58.875 50.875 32.75 -1.7e+308 -1.7e+308
44.625 44.1875 44.5625 44.8125 44.75 45 45.1875 45.0625 45.875 44.9375 44.8125 44.4375 -1.7e+308 -1.7e+308 -1.7e+308 -1.7e+308 -1.7e+308 -1.7e+308 -1.7e+308 45.1875 46 46.8125 47.5 46.9375 47.5625 46.625 47.125 47.0625 46.6875 34.3125 -1.7e+308 -1.7e+308 -1.7e+308 -1.7e+308 -1.7e+308 46.0625 45.375 45.75 46.25 47.375 47.625 48.0625 49.3125 50 49.625 50.1875 50.5 51.125 52.1875 52.6875 53.4375 54.25 55.25 55.125 56.375 57.25 58.0625 57.5 59.125 59.6875 60.4375 60.8125 60.625 60.8125 61.0625 57.4375 35.125
45.6875 45.5625 45.75 45.125 45.3125 45.25 45.125 45.1875 45.1875 39.875 25.875 -1.7e+308 -1.7e+308 -1.7e+308 -1.7e+308 -1.7e+308 -1.7e+308 -1.7e+308 34.3125 46.6875 47.9375 47.6875 47.9375 48 47.875 47.625 47.1875 46.0625 46.4375 46.0625 42.875 -1.7e+308 -1.7e+308 -1.7e+308 -1.7e+308 -1.7e+308 39.6875 45.5625 46 46.25 47.125 48.1875 48.8125 49.3125 49.75 49.9375 50.4375 51.25 51.75 52.4375 53.75 54.3125 54.4375 54.6875 56.5625 57.25 58 59 59.375 60.3125 61.1875 62.1875 62.75 62.375 62.5 62.25 62.8125
46.1875 46.125 46.625 46.4375 46.3125 46.25 45.8125 45.8125 45.75 22.5625 -1.7e+308 -1.7e+308 -1.7e+308 -1.7e+308 -1.7e+308 -1.7e+308 38.125 47.25 47.4375 48.5625 48.1875 47.9375 48.1875 47.9375 47.5625 47.375 47.125 46.5 46.125 37 -1.7e+308 -1.7e+308 -1.7e+308 -1.7e+308 -1.7e+308 -1.7e+308 -1.7e+308 -1.7e+308 -1.7e+308 25.8125 38 47.25 48.0625 49 49.125 49.5 50.125 50.125 51.1875 52 53.4375 54.6875 55.5625 56.125 57.0625 57.8125 58.375 59.5625 60 60.4375 60.5 62.25 63.4375 63.1875 62.5625 62.6875 63.9375
48 47.5 47.1875 46.75 46.1875 46.0625 46.1875 46.25 46.5 47.1875 35.0625 -1.7e+308 -1.7e+308 -1.7e+308 -1.7e+308 -1.7e+308 -1.7e+308 -1.7e+308 -1.7e+308 45 47.6875 47.6875 48.1875 48.6875 48.125 47.9375 48 47.625 47.5625 46.4375 39.375 33 21.875 22.0625 -1.7e+308 -1.7e+308 -1.7e+308 -1.7e+308 -1.7e+308 -1.7e+308 -1.7e+308 -1.7e+308 -1.7e+308 23.25 -1.7e+308 28.5 24.5625 35.375 52.0625 52.875 53.4375 54.5625 55.125 54.4375 55.1875 56.5 58.1875 58.9375 59.4375 59.5625 60.5625 61.625 62.5625 64.125 63.875 63.8125 63.1875
48.5625 48.5 48.3125 47.4375 46.6875 46.625 47.0625 46.875 46.0625 46.5625 46.8125 46.875 46.6875 32.4375 -1.7e+308 -1.7e+308 -1.7e+308 -1.7e+308 -1.7e+308 -1.7e+308 45.1875 48.1875 49.3125 49.3125 48.625 48.125 47.4375 47.4375 46.875 45.875 45.5 44.8125 44.6875 44.375 43.8125 43.6875 43.9375 44.125 45 45 44.6875 44.9375 45.8125 46.25 43.875 -1.7e+308 -1.7e+308 -1.7e+308 47.3125 52.375 53.625 54.125 54.5625 55.625 55.75 56.6875 57.625 59.25 60.375 61.125 61.3125 62.6875 63.875 64.3125 65.0625 64.1875 64
49.6875 49.6875 49.0625 48.8125 48.375 48.4375 47.75 48.1875 48.3125 48.375 48.0625 47.875 48.375 45.5 23.875 -1.7e+308 -1.7e+308 -1.7e+308 -1.7e+308 -1.7e+308 -1.7e+308 39.3125 48.875 49.25 48.8125 48.875 48.875 47.9375 47.3125 45.9375 45.1875 44.875 44.125 44.4375 44.5625 44.25 44.25 44.25 44.3125 44.5 44.6875 44.5 45.1875 45.9375 46.25 47.125 38.9375 37.125 37.9375 51.5 53.375 50.75 54.8125 56.0625 56.375 57.125 57.625 58.875 59.5 60.1875 61.25 62.3125 63 64 63.5 64.125 64.3125
49.75 49.875 49.25 49.3125 49 48.625 47.875 47.625 47.8125 48.125 48.625 49 49.0625 49 33.25 -1.7e+308 -1.7e+308 -1.7e+308 -1.7e+308 -1.7e+308 -1.7e+308 -1.7e+308 27.4375 45.75 48.3125 48 48.4375 48.125 47.75 47.4375 46.6875 46 44.75 44.9375 44.5 44.0625 43.6875 43.625 43.9375 44.1875 43.75 43.9375 44.625 46.0625 46 47.1875 48.4375 49 50.6875 51.625 53.0625 53.5 54.875 55.75 56.625 57.625 58.125 59.25 60.4375 61.75 62.0625 62 63 63.3125 63.6875 64.125 64.1875
49.75 49.9375 49.375 49.4375 48.875 48.75 48.8125 48.3125 47.6875 47.6875 48.75 49.625 49.5 49.75 -1.7e+308 -1.7e+308 -1.7e+308 -1.7e+308 -1.7e+308 -1.7e+308 -1.7e+308 -1.7e+308 -1.7e+308 -1.7e+308 48.4375 48.0625 48.125 48 48.0625 47.625 47.125 46.125 45.3125 44.75 44.375 43.8125 43.625 43.5 43.25 43.8125 44.0625 44.1875 44.4375 45.1875 46.9375 47 48.75 48.9375 50.3125 52 53.875 54.3125 55.375 56.625 57.75 58.25 59.375 60.875 61.75 62.0625 62.5625 62.6875 62.8125 62.625 62.8125 63.25 63.3125
49.6875 50.1875 50.3125 50.0625 50.25 50 49.8125 48.9375 48.9375 49 49.3125 49.8125 50.0625 46.9375 -1.7e+308 -1.7e+308 -1.7e+308 -1.7e+308 -1.7e+308 -1.7e+308 -1.7e+308 -1.7e+308 -1.7e+308 41.375 50.0625 49.5 48.8125 48.5625 48.1875 48 47.625 45.9375 45 44.25 43.875 42.8125 42.6875 43.0625 42.875 44 44.6875 45.75 45.75 46.3125 47.3125 47.8125 49.4375 49.8125 50.9375 51.625 53.875 54.5625 56.125 56.8125 57.375 58.9375 59.75 61.375 62.875 62.9375 64.0625 62.8125 63.125 63.75 63.1875 63.1875 62.8125
50.9375 50.1875 50.6875 50.875 50.75 51.125 50.75 50.8125 50.5625 50.75 51.0625 51.3125 45.1875 -1.7e+308 -1.7e+308 -1.7e+308 -1.7e+308 -1.7e+308 -1.7e+308 -1.7e+308 -1.7e+308 34.375 50.25 50.4375 50.5625 50.25 49.6875 48.75 48.3125 47.9375 47.375 45.75 44.5625 44.5 44 43.5 43.5625 43.5625 44.375 44.125 44.125 44.5 45.5625 46.25 47.375 47.875 49.3125 50 51.4375 52.1875 53.0625 53.875 55.375 56.1875 57.5625 58.875 60.8125 62.1875 63.8125 65.4375 67.125 65.625 63.625 65.125 63.6875 62.6875 62.5625
50.25 50.25 50.25 51.25 51.1875 51.3125 51.6875 52 51.625 51.6875 51.8125 51.625 52.25 -1.7e+308 -1.7e+308 -1.7e+308 -1.7e+308 -1.7e+308 -1.7e+308 -1.7e+308 38.25 51.625 51.1875 51.125 50.75 51 50.75 50.1875 48.875 48.3125 47.0625 46.1875 45.75 45.125 44.4375 44.375 44 44.1875 44.375 43.75 43.5625 43.125 44.4375 45.0625 46 46.5 47.5 48.5625 50.125 51 52.9375 53.625 55.4375 56.4375 58.1875 59.6875 62.1875 63.5625 64.1875 65.3125 66.1875 65.125 64.75 64.75 64.3125 63.875 63.6875
51.5625 51.6875 50.6875 50.8125 51.5 52.0625 52.125 51.875 51.4375 51.8125 52.625 53 52.875 36.3125 -1.7e+308 -1.7e+308 -1.7e+308 -1.7e+308 -1.7e+308 -1.7e+308 45.5 52.3125 51.6875 51.5 50.9375 50.875 50.9375 50.125 48.8125 48.1875 47.75 46.875 45.4375 45.625 45.125 45.5 44.625 43.9375 43.375 42.875 42.3125 42.625 44 44.75 46.0625 46.9375 47.875 48.8125 50.6875 51.1875 53.125 54.5 56.5 58 59.5625 61.5625 62.4375 63.9375 65.5625 66.25 67.125 66.1875 65.875 64.8125 65.4375 65.875 65.625
52.4375 52.0625 51.5 51.625 51.6875 52.4375 53.125 52.875 52.875 53 53 53.0625 53.3125 46.375 -1.7e+308 -1.7e+308 -1.7e+308 -1.7e+308 -1.7e+308 46.625 53.0625 52.9375 52.3125 52 51.375 50.9375 50.875 50.375 48.875 48.25 47.5625 47.125 45.9375 44.6875 44 43.875 42.625 41.6875 42.0625 41.75 42.375 43.25 43.6875 44.5625 46 46.875 48.3125 50 51 51.75 53.1875 54.6875 57.0625 58.75 60.9375 62.9375 63.3125 64.6875 66.5625 67 67.5625 67.5625 67.3125 66.625 66.8125 66.375 66.625
52.5625 52.75 52.25 52.4375 52.4375 52.1875 52.3125 52.1875 53.0625 52.75 53.1875 54.0625 54.875 30.375 -1.7e+308 -1.7e+308 -1.7e+308 -1.7e+308 -1.7e+308 -1.7e+308 40.4375 53.6875 53.6875 53 52.5625 51.9375 51.25 50.9375 49.25 48.0625 47.375 46.4375 45.4375 44.25 43.625 43.75 41.9375 41.25 41.3125 41 41.5 42.4375 43.3125 44.6875 46.5625 48.0625 49.875 51 52.4375 53.625 55.3125 56.9375 58.125 59.625 59.875 61.875 63.4375 65.4375 66.375 67.25 68.5 68.6875 68.4375 68.4375 67.625 67.5625 68.75
52.625 53.375 52.5625 52.6875 53.125 53 53.25 53.75 54.1875 55.0625 55.25 55.5 55.4375 44.75 -1.7e+308 -1.7e+308 -1.7e+308 -1.7e+308 -1.7e+308 -1.7e+308 -1.7e+308 43.875 54.0625 54.375 53.375 52.4375 51.375 51.125 50.25 48.5625 47.9375 46.75 46 44.625 44 43.4375 42 41.5 40.8125 40.3125 40.3125 41.625 43.375 44.625 46.25 48.1875 50.5625 52.8125 55.125 56.5 57.3125 59.375 60.125 60.375 61.5625 63.5625 64.375 65.5625 66.4375 67.8125 69.4375 70.1875 69.75 68.9375 69.8125 70.5625 72.0625
53.5625 53.0625 53.125 53.1875 53.75 53.9375 54.5 54.4375 54.8125 55.4375 55.25 55.4375 55.875 27.875 -1.7e+308 -1.7e+308 -1.7e+308 -1.7e+308 -1.7e+308 -1.7e+308 -1.7e+308 54.875 54.4375 54.1875 54.125 52.9375 51.9375 51.1875 50.6875 49 35.9375 23.8125 35.3125 34.125 33.4375 43.3125 41.875 41.4375 40.5625 40.3125 40.625 41.875 43.0625 45.125 46.875 49.0625 51.125 54.125 55.5625 56.5625 58.1875 59.4375 60.9375 61.75 63.375 63.4375 64.4375 65.9375 66.4375 67 68.1875 69 69.9375 70.25 71.8125 72.375 72.875
55 54.125 54 54.75 54.5625 54.9375 55.5 55.625 55.9375 56.125 56.125 56.1875 56.125 -1.7e+308 -1.7e+308 -1.7e+308 -1.7e+308 -1.7e+308 -1.7e+308 -1.7e+308 -1.7e+308 41.625 34.75 -1.7e+308 -1.7e+308 -1.7e+308 35.5 28.8125 25.5 -1.7e+308 -1.7e+308 -1.7e+308 -1.7e+308 -1.7e+308 -1.7e+308 -1.7e+308 -1.7e+308 -1.7e+308 20.125 39.25 39.6875 41.4375 43.8125 46.125 48 49.375 51.1875 53.6875 55.25 57.0625 59.375 60.8125 62.0625 63.875 64.6875 65.75 67.5625 67.875 68.25 68.5625 68.875 70.1875 70.9375 71.4375 71.875 72.1875 71.375
55.0625 55.4375 55.75 56.0625 56.4375 56.125 56.5 56.5 56.5625 56.75 56.8125 56.8125 57 42.9375 -1.7e+308 -1.7e+308 -1.7e+308 -1.7e+308 -1.7e+308 -1.7e+308 -1.7e+308 -1.7e+308 -1.7e+308 -1.7e+308 -1.7e+308 -1.7e+308 -1.7e+308 -1.7e+308 -1.7e+308 -1.7e+308 -1.7e+308 24.125 29.3125 34.3125 40.3125 45 44 39.6875 -1.7e+308 -1.7e+308 -1.7e+308 -1.7e+308 31 35.125 48.9375 50.625 51.9375 54.4375 56.6875 58.625 59.6875 62 63.0625 64.4375 65 65.375 66.3125 66.6875 67.8125 68.75 69.25 69.6875 69.6875 69.5625 70.125 71.5 71.625
55.125 55.125 55.125 55.3125 56.1875 56.25 57.1875 57.375 58.125 58 58.125 57.75 58.3125 58.25 58.75 40.625 -1.7e+308 -1.7e+308 -1.7e+308 -1.7e+308 -1.7e+308 -1.7e+308 -1.7e+308 -1.7e+308 -1.7e+308 30 39.75 51.875 51.1875 50.6875 49.6875 48.8125 48.25 47.6875 46.625 46.0625 45.5625 44.4375 -1.7e+308 -1.7e+308 -1.7e+308 -1.7e+308 -1.7e+308 -1.7e+308 45 51.6875 53.625 56.0625 57.5 59.6875 60.8125 62.5625 62.5625 64.1875 64.9375 65.4375 66.625 66.875 67.5625 67.5 67.625 68.6875 69.1875 69.9375 70 70.6875 72.5
55.125 54.8125 55.4375 56.25 56.875 57.5 56.75 57.5 58.8125 59.6875 60.25 60.3125 60.5 60.375 60.625 59.875 59.1875 59.0625 40.5 -1.7e+308 -1.7e+308 -1.7e+308 -1.7e+308 -1.7e+308 -1.7e+308 54.875 54 53.25 52.625 52.0625 51.5 50.875 49.4375 48.625 48.5 47.5 46.6875 45.5625 44.875 44.875 28.375 -1.7e+308 -1.7e+308 -1.7e+308 43.25 53.4375 54.375 55.9375 58.1875 59.8125 61.3125 62.9375 64.1875 64.9375 65.3125 66.375 66.375 66.5625 67.1875 67.0625 68.125 69.3125 69.75 69.5625 69.8125 70.3125 70.8125
56.5 56.8125 57.1875 57.8125 57.9375 57.3125 57.375 58.875 59.375 60.125 60.375 60.9375 61.25 61.0625 61.5 61.875 61.6875 61.0625 49 -1.7e+308 -1.7e+308 -1.7e+308 -1.7e+308 -1.7e+308 45.625 56.3125 55.1875 54.3125 54 53.5625 52.75 52.1875 51.8125 50.25 49.125 48.625 47.5 46.875 46.3125 46.1875 46.75 35.3125 -1.7e+308 -1.7e+308 -1.7e+308 37.0625 55.8125 57.3125 59.125 60.6875 62.75 63.9375 64.5 64.9375 66.25 66.4375 66.875 67.375 68.25 68.6875 69.3125 69.9375 70.8125 71 70.875 70.5 70.5
57.4375 57.9375 58.875 58.375 57.875 57.875 58.0625 59.375 59.125 59.8125 60.0625 60.75 61.625 61.5625 61.8125 62 58.375 -1.7e+308 -1.7e+308 -1.7e+308 -1.7e+308 -1.7e+308 -1.7e+308 -1.7e+308 -1.7e+308 42.5 56.8125 56.3125 55 53.8125 53.5 53 52.125 51.6875 51.1875 50.5 49.25 48.75 48.375 49.0625 49.3125 31.3125 -1.7e+308 -1.7e+308 -1.7e+308 27.9375 46.5 58.8125 60.6875 62.5 62.6875 63.25 64.125 65.875 65.875 66.75 67.375 67.6875 67.75 68.125 69.25 69.8125 70.5625 71.125 71.75 71.375 71
58.3125 58.4375 59 58.625 58.3125 59 59.0625 59.5 59.25 60.0625 60.6875 60.75 61.375 61.6875 61.5625 60.875 37.875 -1.7e+308 -1.7e+308 -1.7e+308 -1.7e+308 -1.7e+308 -1.7e+308 -1.7e+308 -1.7e+308 -1.7e+308 46.375 56.0625 55.3125 54.75 54.375 53.9375 53.4375 52.375 52.125 51.4375 50.9375 50.5 50.8125 51.25 51.4375 29.1875 -1.7e+308 51.375 55.25 57.1875 60 60.8125 61.875 61.5625 63.5625 64.875 65.6875 66.3125 66.875 67.125 67.9375 68.375 68.4375 69.1875 69.3125 69.625 70.4375 70.75 71.125 71.125 71.125
58.8125 59 59.875 59.5625 58.75 58.9375 59.25 59.125 59.375 60.125 60.8125 60.3125 60.125 60.125 60.6875 61.3125 61 -1.7e+308 -1.7e+308 -1.7e+308 -1.7e+308 -1.7e+308 -1.7e+308 -1.7e+308 -1.7e+308 -1.7e+308 -1.7e+308 56.25 55.5 54.9375 55.0625 54.9375 54.3125 54 53.5625 53.125 52.5625 51.75 52.75 52.4375 52.5 33.125 -1.7e+308 55.25 56.3125 58.5625 60.4375 61.5625 62.375 63.9375 65.5625 66.4375 67.3125 67.875 68.9375 69.5 69.125 69.0625 69.375 70.125 70.375 70.0625 70.5 70.5 70.875 70.625 71.125
59.75 59.9375 60 59.8125 59.3125 59.3125 59.375 59.375 59.75 59.875 59.8125 59.625 59.9375 60.5625 61.75 61.75 38.5625 -1.7e+308 -1.7e+308 -1.7e+308 -1.7e+308 -1.7e+308 -1.7e+308 -1.7e+308 -1.7e+308 -1.7e+308 28.6875 57.75 57 56.125 55.5625 54.8125 54.4375 54.5625 54.25 54.1875 53.6875 53.25 53.375 54.625 52.3125 31.3125 -1.7e+308 42.4375 47.6875 59.75 60.875 61.6875 63.75 66.125 68 69.4375 69.875 70.25 71.0625 70.875 70.9375 71.1875 71.3125 70.5 70.5 71.4375 71.125 70.875 71 71 71
59.75 59.875 59.9375 60 59.625 59.625 59.1875 59 59.3125 59.9375 59.8125 60.125 60.125 45 30.5 -1.7e+308 -1.7e+308 -1.7e+308 -1.7e+308 -1.7e+308 -1.7e+308 -1.7e+308 -1.7e+308 -1.7e+308 -1.7e+308 47.5 58.1875 57.6875 57.125 57.375 57.25 56.875 56.8125 56.6875 56.5 56.625 56.8125 56.9375 57 56.6875 57.0625 58.3125 58 55.125 41.25 30.625 31.4375 44.1875 43.5625 70.25 66.125 69.75 70.0625 71.125 71.5 70.9375 70.9375 71.4375 71.4375 71.1875 71.3125 71.5 71.5 71.5625 71.5 71.9375 71.25
59.6875 60 59.6875 59.5 59.6875 59.9375 59.8125 59.3125 58.375 58.625 59.3125 59.8125 45 -1.7e+308 -1.7e+308 -1.7e+308 -1.7e+308 -1.7e+308 -1.7e+308 -1.7e+308 -1.7e+308 -1.7e+308 33.375 59.9375 60.5625 60.5625 60.4375 60.0625 58.875 58.375 58.0625 57.8125 57.8125 57.375 57.375 57.25 57.3125 57.375 57.6875 58.375 58.5625 58.3125 58.3125 59.625 60.75 61.9375 63.375 65 67.3125 69.1875 70.3125 69.375 69.5 69.3125 69.4375 69.875 70.4375 70.8125 70 70.0625 70.25 70.9375 70.0625 69.8125 70.5625 70.125 69.5625
59 59.0625 59.1875 59.0625 59.3125 59.3125 59.1875 59.5625 59.8125 58.625 55.0625 29.625 -1.7e+308 -1.7e+308 -1.7e+308 -1.7e+308 -1.7e+308 -1.7e+308 -1.7e+308 -1.7e+308 -1.7e+308 34.25 60.1875 60.6875 61 61 60.9375 60.375 59.8125 59.375 58.9375 58.375 58.375 58.4375 58.25 59.125 59.3125 58.875 59.0625 59 59 59.25 59.875 60.1875 61.375 62.9375 65.5 67.1875 68 69.875 70.9375 70.875 70.4375 70.0625 69.875 69.4375 69.75 69.9375 70.125 70.25 70.875 70.5625 70.1875 69.875 68.6875 68.375 69.25
58.625 59 58.5625 58.1875 58.125 58.1875 58.3125 58.9375 59 58.5 -1.7e+308 -1.7e+308 -1.7e+308 -1.7e+308 -1.7e+308 -1.7e+308 -1.7e+308 -1.7e+308 -1.7e+308 -1.7e+308 -1.7e+308 42 61.5625 61.75 61.0625 60.9375 60.9375 60.875 60.6875 60.6875 60.5 60.5 60.75 60.375 60.6875 61 61.3125 61 60.5625 60.375 60.75 61.25 62.125 62.9375 63.5625 64.0625 66.1875 67.9375 68.6875 70.1875 70.375 70.875 71.25 71 70.9375 70.25 70.0625 69.75 69.8125 70.625 71.375 70.9375 70.375 69.25 70.0625 69.5 68.75
