WorldClim_2.0_rasters/WC2.0_bio_12_16.asc
NCOLS 642 
NROWS 378 
XLLCORNER -19 
YLLCORNER 19 
CELLSIZE 0.166666666666667 
NODATA_value -1.7e+308 
[rows 232 to 260 of 378, columns 390 to 454 of 642]
459.0625 446.625 429.3125 412.1875 387.75 369.6875 354.25 344.625 334.0625 311.625 297.625 285.75 277.875 266.5 256.875 245.625 234.4375 223.375 213.8125 202.6875 193.9375 184.625 177.9375 168.875 160.75 154.4375 148.0625 141.5625 136.4375 131.3125 127.5625 124 124.8125 125.1875 129.1875 123.6875 126 127.8125 128.375 129.4375 133.5 132.125 130.1875 127.9375 123 121.8125 118.9375 116 117.8125 118.5 116.3125 116.5625 119.1875 121.375 124.75 127.75 129.6875 129.0625 126.625 126.5625 126.8125 127.4375 127 124.875 120.25
489.25 472.625 459.5 445.75 433.9375 414.9375 392.375 363.1875 343.875 323.25 312 300.25 293.25 281.25 270.75 257.4375 244.0625 231.8125 221.0625 210.6875 199.9375 191.25 182.5625 173.6875 166.1875 158.25 152 146.0625 139.875 135.5625 130.625 127.75 121.9375 118.3125 126.5625 126.9375 127.125 128.375 130.75 128.875 127.9375 125 125.3125 125.875 123.375 120.0625 121.25 120.125 119.6875 116.9375 107.8125 114.0625 112.625 119.875 122.9375 127.875 129.375 126.6875 125.8125 124.75 128.125 127.4375 128.75 128.8125 126.75
576.3125 565.6875 578.3125 598.0625 554.3125 451.8125 425.9375 406.375 392.875 350.8125 326.5625 316.375 306.9375 294.6875 284.3125 268.75 253.75 239.9375 229.25 217.0625 206.3125 195.9375 187.5 179.8125 171.6875 163.375 157.5625 151.125 145.5 139.625 134.375 129.3125 124.75 121.3125 118.125 123.5 122.875 121.6875 124.0625 126.875 121.8125 118.8125 117.75 118.1875 117.8125 119.4375 121.5625 119.3125 119.75 113 117.875 118.5625 120.1875 121.625 122.5625 123.6875 129.375 129.4375 127.4375 125.375 124.1875 123.6875 122.5 124.3125 126.1875
664.0625 596.6875 578.0625 507.6875 501.125 522.4375 498.3125 453.4375 428.125 396.5625 348.625 332.0625 322.5 310.5 295.6875 279.625 264.6875 248.9375 237.75 223.9375 211.0625 201.375 192.1875 183.875 175.8125 167.5625 160.4375 152.75 147.3125 142.75 136 131.375 127.625 124.125 120.1875 116.625 114.375 113.0625 111.625 112 116.125 112.8125 113.4375 112.5 112.8125 116.875 117.75 116.8125 115.625 111.4375 115.375 120.3125 122.6875 123.0625 122.75 124.75 126.5625 125.8125 124.1875 123.875 123.0625 121.875 119.5625 119.1875 118.9375
638.625 613.0625 628.25 622.875 599.4375 503.625 548.8125 518.25 481.0625 442.75 392.4375 352.25 337.4375 326.8125 310.875 293.5625 275.375 258.25 244.1875 229.125 217.8125 206.625 197.3125 187.9375 180 172.3125 164.125 156.8125 150.5625 145.375 138.9375 134.25 130.1875 125.4375 121.6875 118.0625 116.0625 112.625 110.0625 108.5625 111.5625 113.0625 114.9375 114.9375 114.4375 114.6875 113.875 112.9375 109.6875 112.375 118.4375 121.9375 123.1875 124.3125 124.5 122.75 123.875 123.1875 120.4375 119.625 121.5625 120.125 118.625 116.9375 115.75
735.75 854.375 729.875 592.4375 615.875 538.6875 519.6875 532.625 521.8125 504.625 439.5625 391.125 352.0625 339.625 324.0625 306.9375 286.5625 266.875 250.5 236.125 223.375 211.0625 201.4375 192.9375 184.0625 175.875 168.1875 159.5 153.6875 148.625 140.5625 136.3125 131.5625 127.125 123.375 119.75 117.4375 112.3125 110.3125 109.75 111.6875 113.25 114.75 114 115.4375 110.3125 107.6875 108.5 111.1875 114.625 119.4375 120.875 121.125 123.1875 123.3125 119.9375 118.75 119.9375 117.0625 117.125 116.5625 113.1875 114.8125 113.9375 110.0625
903.9375 869.875 761 802.625 710.6875 630.6875 589.6875 572.4375 568.875 544.8125 475.125 425.1875 379 354.5 338 318.375 296.75 275 258.6875 243.375 228.8125 215.875 205.875 196.9375 187.6875 177.25 171.5 163.4375 157.4375 151.25 143.25 137.6875 133.5625 128.5625 126.125 122.3125 118.4375 115 111.4375 111.25 113.25 113.6875 113.75 112.5625 111.25 108.875 109.125 111.8125 114.625 115.25 116 117.8125 119.5 120.8125 121.375 120.3125 118.875 118.4375 119.5625 120.9375 116.1875 115.6875 115.0625 116.5625 117.1875
795 788.1875 772.125 847.4375 790.4375 745.875 679.5625 646.3125 605.75 555.8125 500.375 449.4375 413.3125 386.375 349.25 325.6875 303.625 281.4375 266.125 249.3125 233.5625 220.4375 211.25 201.75 192.125 182.8125 174.6875 167.8125 160.9375 153.1875 146.75 142.375 137.5 131.875 127.5625 124.75 120.1875 117.4375 114.0625 114.8125 116.5 114.375 107.125 103.625 101.8125 101.4375 102.1875 108.125 113.1875 117.25 119.3125 118.625 118.625 119.1875 121.1875 123 121.5 121.6875 121 120 118.8125 118.875 118.9375 119.3125 119.8125
752.1875 794.0625 825.8125 797.25 832.0625 816.8125 787.0625 728.9375 658.6875 615.5625 607.625 494.8125 447.8125 404.0625 358.25 327.9375 305.8125 286.1875 268.625 250.5 236.4375 223.0625 212.625 203.0625 194.5625 185.875 178.5 169.9375 162.8125 156.0625 150.9375 147.0625 140.875 136.5 132.0625 126.5625 121.375 117.6875 113.5 118.9375 117.25 106 100.5625 99.375 99.375 98.8125 99.125 106.0625 115 117.1875 118.75 120.8125 120.375 120.1875 120.6875 122.4375 123.5625 124.375 121.375 120.25 120.75 119.75 120.875 119.1875 120.125
715.5625 724.75 747.3125 762.1875 772.5625 773.75 746.5 723.8125 735.1875 629.625 611.625 533.375 471.125 424.3125 387.9375 349.75 308.125 286.8125 270.875 254.1875 239.625 227.4375 216.625 208 199.6875 190.4375 181.75 173.9375 167.0625 159.625 155.1875 150.4375 145.25 140.25 135.5 131.5 124.9375 120.9375 116.1875 116.0625 112.125 101.4375 101.25 99.5625 99.875 100.6875 100.125 100.9375 115.9375 118.1875 119.75 120.9375 120.1875 120.9375 121 121.875 122.0625 122.9375 121.6875 120.125 123.125 121.0625 120.125 117.6875 117.25
684.6875 675.8125 677.9375 735.25 739.5 720.6875 727.8125 691.0625 642.9375 630.375 593.4375 554.4375 502.5 467.3125 438.0625 382.875 324.5625 286.5625 270.375 256.1875 241.875 230.0625 218.625 209.5 201.25 192.8125 184.75 178.25 171.6875 165.8125 160.3125 155.0625 147.4375 142.0625 138.0625 134.6875 128.0625 122.75 119.5625 119.4375 117.8125 104.1875 101.9375 100.375 100.9375 101.375 101 101.3125 114.6875 120.9375 121.75 123.5625 124.0625 122.5 120.3125 124 125.375 127.125 125.375 124.5 123.4375 121.25 120.9375 120 118.625
631.25 655 660.9375 633.75 624 675.6875 702.125 731.3125 686.4375 603.5625 560.8125 563.125 561.125 530.9375 506.4375 445.625 354.6875 301.875 271.5625 256.625 243.5625 232.125 220.25 210.5625 204.125 197.625 190.5 183.625 176.9375 171.1875 164.875 159.6875 153.9375 147 143 137.625 130.25 125.375 121.875 117.75 115.75 105.0625 103.375 102.25 102.75 103.375 101.3125 101.8125 104 114.0625 121.875 124.75 126.3125 126.25 126.1875 125.4375 126 125.375 125.0625 123.25 121.5625 120.5 122.125 120.4375 120.125
534.1875 559.1875 603.625 617.75 568.375 567.5625 611.5625 695.3125 690.6875 674.9375 671.125 667.75 632 583.625 555.875 512.375 437.75 338.5625 283.4375 255.8125 241.8125 230.5 220.4375 210.9375 204.625 200.125 194.75 188.3125 182.25 175.375 168.8125 163.4375 158.6875 152.3125 147.3125 141.75 134.875 128.5625 123.1875 119.8125 115.5 107.375 105.5625 103.8125 106.0625 106.8125 104.4375 104 103.875 105.125 106.75 115.8125 123.4375 121.625 128.4375 126.875 125.8125 123.8125 118.0625 113.4375 133 120.6875 122.8125 121.75 119.8125
438.1875 439.125 449.5625 450.4375 485.875 520.4375 539.25 575.5 645.25 682.0625 676.125 657.1875 635.3125 595.9375 567 544.3125 509.0625 425.0625 329.25 259.4375 240.125 228.625 218.6875 212.3125 208.3125 203 196.9375 192.25 186.9375 180.8125 174.8125 168.875 163.1875 158.375 150.8125 144.25 138.375 131.9375 125.0625 120.3125 117.8125 112 106.375 105.75 105.125 105.5625 105.625 106.75 106.375 107.5625 107.25 107.5 117.375 123.5625 128.0625 127.5 125.3125 123.0625 119 114.1875 115.6875 117.4375 118.5 115.625 118.8125
367.0625 366.8125 370.1875 369 376.9375 387.9375 426.5 498.25 545.0625 596 628.6875 646 624.3125 598.6875 575.5625 555.875 528 496.75 409.75 305.9375 240.1875 224.5625 221.0625 220.4375 209 204.8125 200.5 196.4375 192.8125 187 181.4375 175.625 170.5 163.5625 157.5625 149.5 142.9375 136.75 128.875 123.75 119.4375 115.875 108.8125 107 106.9375 106.4375 106.5625 108.625 110.125 111.4375 111.5 111.5625 118.375 128.3125 124.75 121.875 125.6875 126.125 122.9375 117.5 115.5625 113.375 112.0625 113.3125 115.5625
439.875 369.875 337.3125 345.3125 354.6875 353.125 348.6875 381.8125 450.375 504.75 551.125 600.75 605.625 598.875 587.6875 574.25 539.3125 505.3125 445.4375 363.5 258 223.75 216.25 213.8125 212.1875 210.5625 208.5625 205.5 202.75 196.1875 191.625 184.8125 178 171.9375 164.875 156.375 147.75 141.0625 132.6875 126.6875 121.375 119.375 111.75 110.5625 110.9375 115.25 111.125 111.3125 112.625 114.5 116.75 122.625 128.0625 127 129.75 128.1875 125.4375 127.6875 127.5625 123.6875 121.625 117.4375 114.125 114 110.0625
604 499 439.3125 385.125 352.0625 338.4375 326.25 342.125 359.625 381.0625 400.5 425.75 441.625 454 472.625 527.625 508.9375 492.25 407.6875 338.4375 275.0625 233.5 226.4375 224.4375 221.25 218.0625 217.0625 215.6875 212.6875 206.75 202.125 194.125 187.1875 180.375 172.6875 165 155.6875 146.4375 138.5 131.125 124.5 121.4375 119.5 117.9375 119.1875 121.625 125 127.9375 131.5625 131.5 135.6875 137.1875 135.125 132.625 135 133.6875 130.8125 129.5625 131.25 128.6875 124.6875 121.5 118.875 117.0625 115.5
640.0625 651.5625 653.125 595.75 459.375 359.125 332.1875 331 346.1875 355.5625 357.4375 359.5 359.375 357.9375 357.125 380.125 436.6875 434.375 391.0625 315.6875 279.875 252.125 251.4375 243.5 243.8125 240.4375 229 226.5 223.9375 219.125 214.5625 206.375 199.375 190.75 182.8125 173 163.5 153.6875 143.25 135.75 128.4375 126.4375 123.8125 123.8125 124.5625 124 127.0625 130.1875 134.375 138.4375 136.5625 139.9375 138.5 137 136.125 138.9375 135.375 132.9375 134.75 134.25 130.4375 126.625 124.25 121.3125 120.1875
626.6875 645.75 681.625 651.75 508.5 400.5 351.1875 336.0625 334.9375 331.75 329.25 341.625 333.5625 334.875 333.875 335.5625 342.8125 365.9375 351.1875 301.4375 267.6875 247.4375 236.25 236.75 236.6875 239.375 241.3125 240.4375 237.625 234.875 228.4375 221.625 213.375 203.6875 193.4375 182.75 172.5 161.6875 150.1875 140.125 132.3125 127.3125 128.1875 126.375 127.6875 128.375 130.25 133.875 138.3125 140.25 138.75 136.5625 136.8125 133.375 131.625 134.375 135.5625 135.125 139.5625 138.125 136.875 133.625 127.9375 124.6875 123.875
597.875 604.375 608.875 579 533.5 441.4375 384.375 360.1875 336.9375 332.3125 320.125 312.5625 310.3125 321.6875 315.0625 311.9375 305.5 314.5 296.25 283.0625 261 245.125 246.5 250.375 253.6875 257.5625 258 258.125 256.75 251.875 246.375 239.8125 230.75 220.0625 208.6875 195.5 182.5 169.375 156.8125 145.625 134.6875 130.9375 130.5625 128.125 126.375 127.25 130.5 135.4375 139.875 144.0625 143.9375 142 141.3125 140.25 138.875 136.5625 133.875 133.8125 139.125 142.9375 140.75 137.0625 133.5 129.25 126.5
624.5625 620.1875 636.75 652.3125 530.4375 506.625 444.5 402.3125 362.3125 335.875 319.75 313 306.6875 310.25 309.6875 309.1875 306.1875 299.1875 291.6875 274.25 263.0625 260.3125 266.6875 271.4375 277.875 281.75 283.0625 282.875 280.875 275.375 270.125 260.25 250 238 225 210.3125 195.875 181.25 167.375 153.5 140.6875 131.9375 125.5 122.5 121.3125 122.875 127.125 130.875 137.4375 141.4375 146.25 145.9375 145.25 146.3125 144.375 142.5 139.75 139.875 139.5 139.75 141.4375 140.875 134.6875 130.5 129.5
589.8125 609.375 615.6875 633.8125 616.1875 576.25 498.375 446.4375 417.5625 365.375 339.875 325.25 321.9375 330.875 322 317.5625 319 312.3125 302.8125 283.3125 279 282.9375 292.125 299.625 308.4375 311.0625 314.3125 313.3125 308.75 303.3125 295.5 284 271.9375 260.0625 244.75 228.625 212.0625 196.375 180.1875 164.4375 149.625 136.875 129.4375 124.75 125.25 129.0625 129.4375 130.375 133.6875 137.375 150.9375 155.9375 152.8125 152.375 148.75 146.625 145.375 144.1875 141.75 139.3125 138.375 137 135 134.125 133.625
548 581.875 621.25 565.75 608.0625 590.875 516.9375 467.5625 439.75 396.625 376.0625 370.5 362.8125 357.4375 350.9375 345.125 346.9375 340.9375 323 308.5625 304.875 314.8125 325.1875 336.1875 344.125 348.4375 351.9375 348.9375 343.0625 336 325.9375 313.875 300.0625 284 267.4375 249.75 230.9375 212.625 195.5 177.4375 159.375 145.0625 134.4375 128.5 127.625 128.0625 129.25 134.75 136.75 143.25 159 173.375 163.3125 158.3125 150.875 151.0625 149.9375 148.25 147 145.4375 143.125 141.75 140.6875 140.75 139.0625
510.25 547.6875 558.375 485.375 526.8125 537.875 497.125 452.625 438.0625 441.9375 445.0625 441.5625 439.875 425.5625 408.4375 396.125 399.375 401.4375 377.9375 342.875 343.9375 356.8125 370.25 381.6875 388.875 391.625 392.3125 388.1875 381.125 371.6875 360.875 346.5625 330.375 312.25 294.1875 274.625 253.875 232.375 212.0625 191.75 172.5625 156.0625 142.25 135.9375 135.5625 135.3125 136.6875 138.125 137.9375 140.5625 144.4375 147.625 149.6875 151.625 154.0625 156.75 158.6875 158.25 156 153.1875 149.8125 147.5625 146.3125 145.75 145.8125
501.875 507.9375 509.25 473.0625 451.1875 461.8125 450.4375 471.5625 483.1875 485 507.6875 516.3125 510.375 502.8125 494.875 495.6875 503.5 499.4375 467.1875 419.5 413.375 422.0625 430.8125 437.625 439.375 439.0625 437.25 430.875 422.1875 413 399.6875 383.4375 364.9375 345.625 325.5 302.75 279.625 256.5 233.0625 210.625 189.8125 171.625 157.1875 148.625 143.6875 139.875 141.5625 143.9375 141.6875 141.25 145.5 150.5625 156.4375 162.75 168.75 171.5 168.375 171 173.75 171.5625 165.8125 160.5 155.0625 153.5625 152.875
501.25 448.6875 466 437.1875 434.3125 452.1875 476.875 490.25 496.75 495.125 521.1875 535.3125 549.25 568.125 581.75 607.5 630.4375 614.5 574.75 537.625 517.9375 508.3125 503.9375 501.25 498.5625 495.625 490.0625 481.4375 472.375 458.8125 442.625 425.3125 405.5625 384.1875 361.0625 334.875 309.1875 283.5625 258.1875 231.6875 209.5625 190.0625 174.0625 161.9375 153.625 147.6875 146.0625 147.4375 146.875 148.5 151.4375 156.3125 164.5625 169.0625 169.4375 176.75 183.875 185.9375 188.6875 187.875 181.6875 177.6875 171.9375 167.625 166
345.125 354.75 382.75 409.4375 428.5 439.375 440.9375 447.125 456.5625 465.3125 457.1875 457.8125 469.5 561.375 619.8125 694.125 776 768.9375 719.8125 665.875 626.875 602.5 588 576.3125 566.9375 557.625 547.125 536.25 523.875 508.1875 491.625 471.9375 450.75 424.8125 399.1875 371.5625 342.375 313.75 285.1875 257.6875 232.9375 210.0625 191.875 176.125 165.3125 157 152.125 149.1875 149.9375 152.0625 159.5 168.375 175.5 176.0625 177.25 185.0625 195.3125 202.25 206.375 201.0625 196.4375 201.375 198.6875 186.0625 182.5
304.375 308.3125 350.1875 382.375 393.5 402.25 391 399.625 410.5625 421 413.4375 420.3125 403.8125 421.5 509.875 664.8125 890.125 924.1875 842.125 775.8125 726.6875 694.3125 672.75 654.625 639.5625 625.6875 611.5 596.375 581.3125 563.8125 544.3125 521.625 496.875 470.25 441.5 411.875 380.5625 348.6875 316.25 285.125 257.25 232.25 210.5 192.6875 178.625 168.4375 160.3125 154.1875 154.625 155.125 159 170.1875 177.875 186.8125 189.5 194.125 204.8125 213.1875 219.6875 222.1875 225.6875 230.3125 247.625 236.0625 214.5
362.625 312.4375 320.8125 331.1875 345.4375 349.125 354.6875 356.25 384.375 420.875 420.0625 415.6875 386.4375 379.3125 392.5625 541.9375 853.3125 949.75 903.5 851.5 808 777.5625 751.0625 729.0625 710.6875 696.4375 678.4375 659.375 641.4375 620.5625 599 574.5625 549.0625 519.8125 488.0625 454.9375 420.875 386.625 351.8125 317.375 284.4375 255.5 230.25 208.5 191.8125 177.75 166.9375 161 161.125 162.875 168.75 175.9375 181.5 190.5625 197.75 204.25 216.5625 228.4375 236.5 248.375 251.9375 259.6875 270.3125 274 280.9375
