WorldClim_2.0_rasters/WC2.0_bio_18_16.asc
NCOLS 642 
NROWS 378 
XLLCORNER -19 
YLLCORNER 19 
CELLSIZE 0.166666666666667 
NODATA_value -1.7e+308 
[rows 348 to 376 of 378, columns 132 to 197 of 642]
7 7 7.3125 7.9375 7.9375 7.5625 7.1875 7.375 7.25 7.1875 9.125 9.125 9 9 10.375 12 11.8125 11 10.5625 12.875 12.375 10.75 11.125 14.625 13.1875 10.5625 9.625 8.9375 8.9375 8.9375 7.9375 6.125 5.875 5.0625 4.4375 4 4.0625 4.0625 4 4 4.0625 4.4375 5.0625 5.625 6 5.75 5.8125 5.5625 5.3125 4.0625 4 4.8125 6.25 5.75 5 5 5 5 5 5 5 5 5 5 5 5
7.3125 7 7 7.75 8 8 8 8 8 7.9375 8.9375 9.4375 9 9.1875 10.25 12 14.125 14.625 14.25 16.25 18.125 15.8125 15.375 13.8125 11.25 9.1875 9.6875 9.4375 9.125 9 6.8125 6.1875 6 5.5625 4.8125 4 4 4 4 4 4 4.1875 4 4.1875 5.625 6 6 6.125 6 4.75 4.3125 4 6.0625 6.0625 5.625 5.0625 5 5 5 5 5 5 5 5 5 5
8 8.125 8.1875 8.375 8.1875 8.125 8.1875 8 8 8.3125 8.9375 9.5 10 10.5 12.4375 13.6875 16.875 21.3125 22.25 22.5 20 16 13.875 11.5625 9.875 8.5 8.8125 9.375 9.125 8.75 6.8125 6 6 6 5.8125 5 4 4 4 4 4 4.0625 4 4 4.5 5.6875 6 6.0625 6 5.6875 5.375 4.9375 5.1875 7.25 6.625 5.8125 5 5 5 5 5 5 5 5 5.25 5.6875
8.8125 9.25 9.0625 9 9 9 8.9375 8.625 8.4375 8.3125 9 9.875 10 13.25 17.25 21.0625 23.75 26.5625 24.0625 21.0625 18.5625 15.3125 12.6875 10.5625 9.3125 8.375 8 8.8125 9.0625 9.375 8.125 6.5625 6 6 6 6 5.1875 4 4 4 4 4 4 4 4 4.8125 6.125 6.375 6.25 6.3125 6.25 5.625 5 5.0625 7 6.4375 5.375 5.5 5.25 5.4375 5.5 5.5 5.8125 6.25 6.625 6.875
9.0625 9.875 9.6875 9.5625 9.5 9.125 9 9 9 9 9.6875 10.4375 10.875 13.8125 22 31.9375 29.75 25.25 22.875 19.375 16.6875 14.75 10.4375 9.875 8.6875 8 8 8.25 9.375 10.3125 9.25 8.625 7.5 6.3125 6 6 5.9375 4.5625 4.3125 4.8125 4.3125 4 4 4.0625 4 4.6875 5.75 6 6.8125 6.5625 7.5625 6.875 5.9375 5.375 5.1875 7.6875 7.8125 7.875 7.25 6.8125 6.75 6.75 6.9375 7.0625 7.4375 8.25
10.1875 10.3125 9.8125 10 10 10 9.875 9.375 9 9.625 10.5 11.0625 11.25 13.3125 19 24.8125 23.6875 18.75 17.5625 15.25 12.6875 12.25 9.9375 9.0625 8.6875 8 8 8.125 9.6875 10.25 9.875 9.375 7.375 6 6 6 5.5 5 5 5 5.1875 4.75 4.3125 4 4.625 5 5.125 6 6.375 6.875 7 8 7.75 7.1875 6.5625 7.9375 8 8 8 7.625 7.375 7.5625 8.125 8.625 9 9
11 10.875 10.9375 10.875 10.625 10.1875 10 10 9.9375 9.9375 10.8125 11.3125 11.875 13.875 16.5625 19.4375 19.8125 16.9375 14.625 12.875 11.75 11.25 9.375 8.875 8.625 8.4375 8.125 8 9.5 10 9.6875 8.375 7 6.0625 6 6 5.375 5 5 5 5.0625 5.125 5 4.9375 5 5 5.5 5.5625 6.5625 5.5625 7.1875 7.9375 8.0625 8 8 8.75 8.625 8.5 8.625 8.5 8.8125 9 9.5 10.4375 10.25 10.5
11.25 11.0625 11.625 11.3125 11 11 10.6875 10.3125 10.0625 10.625 11.75 12.75 13.375 15.4375 15.9375 16.625 18.3125 14.9375 13.3125 11.8125 11.0625 9.6875 9.25 9 8.9375 9 8.3125 8.625 9.375 9.75 9.5625 7.8125 7.125 6.25 6.0625 6 5.0625 5 5 5 5.1875 5.1875 5 5 5 5 5 5.125 5.25 5.0625 6.3125 8.0625 8.625 8.3125 8.375 9.4375 9.125 9 9 9.3125 10.0625 10.75 11.0625 10.9375 10.875 11
11.9375 11.6875 12.25 11.6875 11.9375 11.4375 11.0625 11 11 11 11.75 13.1875 13.5 15 14.5625 15.25 16.1875 14.0625 13.0625 11.25 10.25 9.375 9 9.125 9 9 9 9 8.6875 8.75 9.125 8 7.25 7 6.4375 6.125 5.25 5 5 5 5.4375 5.125 5 5 5 5 5 5 5.0625 5.5 6.125 7.3125 8.125 9.0625 8.5 9.5 9.8125 9.9375 10.4375 10.9375 11 11.125 11.4375 11.0625 11.125 11.375
12.625 12.3125 12.0625 12.1875 12.5625 12.3125 12 11.6875 11.125 11 11.8125 12.75 12.5 12.6875 12.9375 13.5625 13.8125 13.4375 12.5 12.0625 10.0625 9.9375 9.1875 9.0625 9.25 9 9 9 8.3125 8.75 8.8125 8.25 8 7.0625 7 6.8125 6.1875 5.125 5 5 5.0625 5.375 5 5 5 5 5 5.0625 5 6.25 5.4375 6.4375 8 9.0625 9.1875 8.5 9 9.9375 11 11.75 12.1875 12.875 13.0625 12.9375 14 12.9375
13.375 13.375 13 13.125 12.625 13 12.8125 12.5 12 11.5625 12.125 12 13 13 12.4375 12.3125 12.5 12.625 11.0625 11.25 10.8125 10 9.875 9.9375 10 9 9 9 8.875 9 8.5 8.5625 8.0625 7.6875 7.0625 7 6.8125 6.125 5.125 5 5 5.25 5 5 5 5 5 5 5 5.875 5.9375 7.5 8 9.375 9.75 9.375 10.375 10.125 9.625 10.5 12.3125 13.0625 13.6875 12.8125 12.125 12.6875
14.5625 14.5 13.9375 13.5625 13.9375 13.9375 13.5625 13.0625 12.75 12.3125 12.25 13 13.125 13 13 12.375 12 12 11.75 11 10.9375 10.4375 10.0625 10 10 9.1875 9 9 9 9 8.9375 8.8125 8.875 8.375 8 7.4375 7 7.5 6.625 5.375 5.4375 5.8125 5.625 5 5 5 5.125 5.0625 5.1875 5.875 6 7.1875 8.0625 8.5 9.3125 9.625 9.6875 11.625 12.0625 10.3125 10.6875 11 11.25 11.875 12.6875 13
16.4375 16.1875 15.0625 14.6875 15.1875 15 14.5625 14.0625 13.4375 13.125 12.9375 13.5 13.125 13.3125 13.1875 12.9375 12.3125 12 12 11.8125 11.125 11 10.5625 10 10 9.8125 9.1875 9 9 9 9 9 9 9 8.5 8.25 8.0625 8.0625 7.4375 6.625 6.125 6 6 5.8125 5.9375 5.875 6 6 5.9375 6 6 6.0625 7.4375 7.4375 9.625 10.5 9.375 9.375 12.875 12.5 11.6875 11 11.5 12.0625 13 13.6875
18.5 17.0625 16.25 15.6875 15.9375 16.1875 15.8125 15.25 14.5 14.125 13.75 14.0625 13.875 13.5 13.8125 13.375 13 12.8125 12.1875 12 11.9375 11 11 10.5 10 10 9.9375 9.8125 9.3125 9.125 9 9 9 9 9 9 9 8.6875 8 7.8125 6.25 6 6 6 6 6 6 6 6 6 6 6.1875 7 7.4375 8.875 10.8125 11 10.9375 10.875 12.375 13.3125 12.125 12.5 13 13.8125 15
18.75 18.8125 17.8125 17.6875 17.625 17.375 16.75 16.4375 15.625 15.375 14.8125 14.4375 14.6875 14.1875 14.3125 14.0625 13.875 13.3125 13 12.375 12.0625 11.625 11.0625 11 10.625 10.25 10 10 10 10 9.75 9.4375 9.375 9 9 9 9 9 8.75 8.3125 7.8125 6.75 6.375 6 6 6 6 6 6 6 6.125 6.8125 7.0625 8.1875 9.1875 10.875 11 11.125 12.375 11.75 15.0625 13.875 14.125 15 15 16.25
19.75 20.9375 19.3125 19.25 19.375 18.5625 18.3125 17.625 16.9375 16.3125 15.5625 15.625 15.5625 15 14.8125 14.875 14.375 14.0625 13.4375 13 12.625 13.5 12.875 11.75 11.25 11 10.625 10.5 10.3125 10 10 10 10 9.9375 10.3125 10.3125 9.4375 9.125 9 9 8.6875 7.875 7 6.9375 6.5625 6.1875 6 6 6.0625 6.3125 6.9375 7 7.5625 8.75 8.875 10.9375 11.8125 11.4375 11.625 13.125 15.6875 16.4375 15.625 15.0625 16.625 17
21.25 21.25 21.25 21 20.6875 20.1875 19.75 18.875 18.125 17.125 16.4375 17.0625 16.4375 15.875 15.375 15.5625 15.1875 14.8125 14.0625 13.75 13.75 14 13 12.125 12 11.875 11.125 11 11.375 11.75 11.5 11.0625 10.0625 10.5 10.875 10.5625 10.375 10.5625 9.875 9.0625 9 8.9375 8.375 7.75 7.375 7.125 7 6.875 6.9375 7 7.0625 7.6875 8 8.0625 8.1875 9.875 12.3125 13.5625 12.0625 14.625 15.9375 17.4375 16.8125 15.8125 16.9375 18.3125
22.75 22.5 22.25 22.1875 22.125 21.5625 21.1875 20.0625 19.0625 18.1875 17.6875 17.9375 17.4375 17.1875 16.8125 16.4375 16.0625 15.5625 14.9375 14.4375 14.5625 14.75 13.375 13.25 13.3125 12.8125 12.5625 11.875 12 12 12 12 11.75 11.5625 11.25 11 11.1875 11.3125 10.875 9.5 9 9 8.8125 8.0625 8 7.9375 7.75 7.5 7.1875 7.625 7.9375 8 8 8 9.0625 8.875 10.875 11.625 12.5 15.3125 15.625 17.5 17.625 17.0625 17.1875 18.875
24.5625 24 23.6875 23.875 24.0625 23.625 22.4375 21.0625 20.1875 19.375 18.75 18.9375 19.0625 18.875 18.0625 17.3125 16.9375 16.25 15.625 15.25 15.375 15.0625 14.875 14.4375 14 13.9375 13.375 13 13 12.8125 12.5625 12.4375 12.25 12.3125 12 12.0625 12.8125 11.8125 11 10.4375 9.75 9.25 9 8.3125 8 8 8 8 8 8 8 8 8 8 8.5 9.75 10.25 11.3125 11.9375 14.0625 14.5625 17 17.875 18.9375 18 19.125
26.625 26 25.5625 26 25.5625 25.25 23.6875 22.4375 21.625 20.5625 20.5 20.75 20.9375 19.9375 19.1875 18.4375 17.875 18.0625 17.4375 17 16.125 15.8125 15.625 15.0625 14.8125 13.125 13.875 14.375 14.625 14.4375 14.0625 14.3125 14.375 14.25 14 13.625 13.8125 12.5 11.75 11.125 10.75 10.125 9.5625 8.8125 8 8 8 8 8 8 8 8 8 8 8.5 9.625 10.125 11.1875 12 12.25 14.0625 16.1875 17.625 18 19.0625 20.125
29.125 28.3125 28.5625 27.75 27 26.5 25.125 23.875 22.875 22.4375 22.25 22.5 22 21.3125 20.875 19.4375 12.875 14.8125 11.875 9.8125 11.375 10.125 10.5625 9 9.125 9.125 10.3125 12.3125 11.25 10.875 11 11.3125 13.75 13.5 12.625 12.5 12.6875 13.4375 12.375 11.9375 11.5 11 10.375 9.8125 8.625 8.0625 8 8 8 8 8 8 8 8.625 9 9.0625 10.5625 11.5 12 12.5625 14.0625 15 16.8125 18.125 21.625 22.5625
32.0625 31.4375 31 29.875 28.8125 28 26.5625 25.0625 25.25 24.3125 24.125 23.9375 24 21.3125 15.125 8 8 8 8 8.0625 8 8.5625 9.75 10.625 10.4375 10.4375 11 11.0625 11.1875 11.4375 11.5625 12 12.375 13.1875 13.5 12.5625 11.5625 11.25 11.25 12.375 12 11.75 11.1875 10.6875 9.25 9 8.6875 8.375 8.25 8.4375 8.4375 8.5 8.6875 9 9 9 9.75 11.9375 12 12.5 14 15.125 16.8125 18 19.875 21
32.5625 29.125 32.875 31.1875 30.25 21.625 22.6875 25.5625 17.6875 17.375 8.25 9.125 8 8 8 8.125 8.25 9.1875 8.8125 9.4375 9.625 9.9375 10 10.5 10.875 11.1875 11.3125 11.875 12.25 12.6875 13 13.8125 14.25 17.0625 15.75 14.5625 13.0625 11.625 11.0625 10.1875 13 12.125 11.875 11.375 10.875 9.375 9 9 9 9 9 9 9 9 9 9 9.9375 11.9375 12 12.5 14.625 15.25 16.75 18.4375 20.3125 21.6875
13.9375 3.1875 6.3125 9.4375 14.8125 5.0625 6 6.1875 6.6875 7 7.8125 8 8.125 8.0625 8.4375 9.1875 9.3125 9.875 10.0625 10 10 10 10.1875 11.25 11.8125 12 12.1875 12.75 12.8125 13.8125 13.875 15.8125 16.6875 21.625 18.8125 15.5625 14.3125 12.1875 11.8125 10.8125 10.1875 10.3125 11.5 12 11.75 10.9375 9.625 9.125 9 9 9 9 9 9 9 9.25 10.375 11.4375 12 13 14.375 15 15.625 18 20 22.5625
2.8125 3.875 4 4 4.4375 5.8125 6.375 6.5625 7.875 8 8 8.625 8.9375 9.0625 9.1875 9.8125 10.25 10.5 10.75 10.625 10.75 11.125 11.5 12.0625 12.0625 12.5625 13.1875 13.375 13.9375 14.5625 14.75 16.6875 17.6875 21.0625 20 16.5625 15.125 13.6875 12.1875 11.75 10.125 9 8.9375 9.4375 10.25 11.625 10.9375 10.4375 9.75 9 9 9 9 9 9.1875 9.9375 10 10.625 11.375 12.75 14.1875 15 15.9375 18.3125 20.5 22.4375
4 4 4.25 4.625 5.0625 6 7.375 8 8.0625 8.625 8.8125 9.125 10 10.375 10.4375 10.9375 11 11 11 11 11.3125 12.25 12.5625 13.125 13.6875 14 14 14 14.1875 15.125 16.875 17 17.25 17.875 19.8125 17.9375 16.0625 14.8125 13.375 12.3125 11.0625 9.75 9 8.9375 8.375 7.5625 11.5 11 11 10.5 9.6875 9.3125 9.3125 9.625 10 10 10 10.25 11.25 12.9375 13.6875 15 15.8125 18.1875 20.5 22.25
5.5 5 5.1875 5.6875 6.25 7.9375 8.125 8.4375 8.875 9.0625 9.6875 10.5625 11 11.0625 11.25 11.5 11.5625 11.8125 12.0625 12.875 12.9375 13.5625 13.9375 14 14.0625 14.1875 14.625 14.8125 15.375 16.625 17.5625 18 18.4375 18.6875 19.9375 18.125 16.125 15.0625 14.25 13 11.75 10.75 9.375 9 9 7.625 7.25 9.5 11 11 10.75 10.25 10.0625 10 10 10 10 10 10.625 12.4375 13.75 15 15.75 17.6875 20.4375 22.375
8 8 8.0625 8.3125 8.4375 8.8125 9.0625 9.4375 9.875 10.75 11.3125 11.5 11.75 12 12.125 12.5 12.8125 13.125 14.3125 14.5625 14.75 14.9375 15 15 15 15 15.0625 15.75 16.75 18.0625 18.6875 18.9375 19.4375 20.1875 22 19.25 17.6875 15.6875 15 13.6875 12.6875 11.375 10 9.4375 9 8.125 7.6875 6.4375 8.9375 11.625 11.125 11 10.8125 10.1875 10 10 10 10 10.125 11.9375 13.5 14.875 15.875 17.375 20.0625 22.375
9.5 9.5 9.5 9.6875 10 10.5 10.8125 11.5 11.75 12.125 12.4375 12.75 13.375 14.0625 14.125 14.4375 14.5 14.9375 15.75 15.75 15.75 15.875 15.75 15.75 15.75 15.9375 16.4375 17.125 18.1875 19 19.6875 20.6875 21.5625 26.1875 31.3125 24.6875 19.3125 18.125 15.6875 14 13.0625 12 10.4375 10 9.625 8.25 8 7.5 6.125 6.75 12 11.8125 11.3125 10.5625 10 10 10 10 10 11.125 13.5 14.625 16 17.625 20.0625 22.5
