WorldClim_2.0_rasters/WC2.0_bio_18_16.asc
NCOLS 642 
NROWS 378 
XLLCORNER -19 
YLLCORNER 19 
CELLSIZE 0.166666666666667 
NODATA_value -1.7e+308 
[rows 319 to 347 of 378, columns 132 to 197 of 642]
2 2 2 2 2 2 2 2 2 2 1.6875 1.875 1.4375 1.1875 1.0625 1 1 1 1 1 1 1 1 1 1 1 1 1 1 1 1 1 1 1.125 1 1.125 1.375 2 2 2 2 1.5625 1 1 1 1 1 1 1 1 0.625 0.875 0.9375 0.75 0.25 0 0 0 0 0 0 0 0 0 0 0
2 2 2 2 2 2 2 2 2 2 2 2 2 1.9375 1.4375 1.1875 1 1 1 1 1 1 1 1 1 1 1 1 1 1 1 1 1 1 1 1.125 1.8125 2 1.9375 1.875 2 1.4375 1 1 1 1 1 1 1 1 0.375 0 0 0 0 0.0625 0 0 0 0 0 0 0 0 0.0625 0.5
2 2 2 2 2 2 2 2 2 2 2 2 2 2 1.6875 1 1 1 1 1 1 1 1 1 1 1 1 1 1 1 1 1 1 1 1 1 1 1 1.0625 1 1 1 1 1 1 1 1 1 1 1 1 0.375 0 0 0 0 0 0 0 0 0 0 0 0 0.0625 1.0625
2 2 2 2 2 2 2 2 2 2 2 2 2 2 2 1.6875 1.0625 1 1.25 1.125 1 1 1 1 1 1 1 1 1 1 1 1 1 1 1 1 1 1 1 1 1 1 1 1 1 1 1 1 1 1 1 0.9375 0.4375 0 0 0 0 0 0 0 0 0 0 0 0.375 1.25
2.125 2 2 2 2 2 2 2 2 2 2 2 2 2 2 2 1.875 1.1875 1.0625 1 1 1 1 1 1 1 1 1 1 1 1 1 1 1 1 1 1 1 1 1 1 1 1 1 1 1 1 1 1 1 1 1 1 0.3125 0 0 0 0 0 0 0 0 0 0 0.4375 1.125
1.4375 1.9375 2.0625 2 2.1875 2 2 2 2 2 2 2 2 2 2 2 2 1.75 1.5 1 1 1 1 1 1 1 1 1 1 1 1 1 1 1 1 1 1 1 1 1 1 1 1 1 1 1 1 1 1 1 1 1 1 1 0.3125 0 0 0 0 0 0 0 0 0 0.0625 0.875
1 1.1875 1.6875 2 2.1875 2 2 2 2 2 2 2 2 2 2 2 2 2 1.875 1 1 1 1 1 1 1 1 1 1 1 1 1 1 1 1 1 1 1 1 1 1 1 1 1 1 1 1 1 1 1 1 1 1 1 0.875 0 0 0 0 0 0 0 0 0 0 0
1 1 1.125 1.4375 2 2 2 2 2 2 2 2 2 2 2 2 2 2 2 1.1875 1 1 1 1 1 1 1 1 1 1 1 1.0625 1.0625 1.1875 1.75 1.125 1 1 1 1 1 1 1 1 1 1 1 1 1 1 1 1 1 1 1 0.625 0 0 0 0 0 0 0 0 0 0
1 1 1 1.25 2 2 2 2 2 2 2 2 2 2 2 2 2 2 2 1.5 1.375 1.0625 1.0625 1 1 1 1 1 1 1.125 1.5 1.875 1.9375 1.8125 2 2 1.5625 1 1 1 1 1 1 1 1 1 1 1 1 1 1 1 1 1 1 1 0.625 0 0 0 0 0 0 0 0 0
1 1 1.25 1 1.3125 2 2 2 2 2 2 2 2 2 2 2 2 2 2 1.6875 1.5 1.5 1.1875 1.125 1 1 1 1.125 1.625 2 2 2 2 2 2 2 2 1.25 1 1 1 1 1 1 1 1 1 1 1 1 1 1 1 1 1 1 1 0.875 0.4375 0.0625 0.0625 0 0 0 0 0
1 1 1.25 1.3125 1.75 2 2 2 2 2 2 2 2 2 2 2 2 2 2 1.9375 2 2 1.5 1.8125 1 1.0625 1.4375 2 2 2 2 2 2 2 2 2 2 1.875 1.5625 1.3125 1 1 1 1 1 1 1 1 1 1 1 1 1 1 1 1 1 1 1 1 0.9375 0.5625 0.5625 0.125 0 0
1 1 1 1.4375 2 2 2 2 2 2 2 2 2 2 2 2 2 2.125 2 2 2 2 1.9375 1.9375 1.8125 1.25 2.0625 2 2 2 2 2 2 2 2 2 2 2 2 1.9375 1.75 1 1 1 1 1 1 1 1 1 1 1 1 1 1 1 1 1 1 1 1 1 1 1 1 0.9375
1 1.0625 1 1.375 2 2 2 2 2 2 2 2 2 2 2.8125 2.375 3.5625 3.8125 2.3125 2 2 2.1875 2.75 2.125 2 2.625 2.375 2.25 2.5 2.125 2.4375 2.125 2 2 2 2 2 2 2 1.9375 1.3125 1 1 1 1 1 1 1 1 1 1 1 1 1 1 1 1 1 1 1 1 1 1 1 1 1
1.0625 1.3125 1 1.5 2.0625 2 2 2 2 2 2.375 2 3.5625 2 2.9375 3.8125 4.9375 4.4375 2.625 2.25 2 2.3125 3 2.5625 2.875 3.25 2.3125 2.3125 2.0625 2.1875 2.0625 2.3125 2.0625 2 2 2 2 2 2 2 1.4375 1.0625 1.125 1 1 1 1 1 1 1 1 1 1 1 1 1 1 1 1 1 1 1 1 1 1 1
1 1.125 1.5 2.4375 2 2 2 2 2 2 2.3125 2.75 2.5625 2 4.0625 5.0625 5.1875 4 3.125 2.25 2.6875 2 2.625 2.9375 3.1875 3.25 2.875 4.125 3 2.5625 2.125 3 3.125 2.5625 2.25 2 2 2.125 2.0625 2 2 1.3125 1.125 1 1 1 1 1 1 1 1 1 1 1 1 1.25 1.1875 1 1 1 1 1 1 1 1 1
1.875 1.8125 2 2.4375 2.375 2 2 2 2 3.25 4.125 3.25 2 2 5 5.125 5.625 6.25 5.1875 3.4375 3.375 3 2.625 2.9375 5 4.0625 3.0625 5.6875 5.4375 4.625 3.875 4.125 4.3125 4.375 4.0625 3.8125 3.5625 3.3125 2.0625 2 2 2 1.4375 1 1 1 1 1 1 1 1 1 1.125 2.0625 2.0625 1.9375 1.0625 1 1 1 1 1 1 1 1 1
2 2 2 3.25 2.875 2 2 2.375 3.1875 4.75 5.5625 3.625 2.0625 2 3.5 4.4375 4.5 5 5.125 5.6875 4.625 4.875 4.75 5 4.6875 5.3125 5.25 5.8125 6.875 6.8125 5.625 5.4375 5.5625 5.5625 4.8125 4.6875 4.5625 3.1875 2 2 2 2 1.9375 1.125 1 1 1 1 1 1 1 1.375 2.625 3 2 1.8125 1 1 1 1 1 1 1 1 1 1
2.4375 2.375 2.9375 3.3125 4.5625 2.625 2.625 4.25 4.1875 5.3125 8.0625 5.1875 3.6875 2.5 4 5.125 4.75 4.75 4.9375 5.0625 6.25 6 5.625 5.5 6.5625 7.5 7.0625 7.5 7.625 6.625 5.75 6.9375 6.5625 6.1875 4.4375 4.875 4.625 2.25 2.5625 2.8125 2.375 2 2 1.375 1 1 1 1 1 1 1.5625 2.625 3 2.9375 2 1.625 1 1.125 1.0625 1 1 1 1 1 1 1
3 3.3125 3.4375 3.4375 4.375 3.75 3.6875 4.5 6.125 8.8125 9.5625 5.5625 5 4.6875 4.625 5 5.0625 5.1875 5 5 6.6875 6.4375 6.4375 6.125 5.8125 6.4375 7.1875 6.6875 6.5625 6 7.875 7.375 6.9375 5 4.5625 3.875 3.75 3.3125 3.5625 3 2.375 2 2 1.75 1.6875 1.1875 1 1 1 1 2.5 3.25 3 2.8125 2 1.5625 1.6875 1.9375 1.9375 1.625 1.5 1.1875 1 1 1 1
3.0625 3.4375 3.375 3 4.3125 5.125 5.375 5.625 8.5 11.8125 8.5 5.25 5 5 5 5.3125 6 5.75 6 5.5 5.875 6 6 7.125 7.0625 7.375 8.375 8.5625 8.5 7.5625 7.5 7.8125 5.5 5.4375 5 5 4.75 4.125 3.5625 3 2.3125 2 2 1.9375 2.0625 1.875 1.0625 1 1 1 3.125 3.625 3 3 2 2 2 2 2 2 2 1.9375 1.8125 1.875 1.75 1.6875
3 4.25 3.75 3.5625 4.5625 5.8125 6.75 8 8.3125 8 6.0625 5.125 5 5 5 5 6.25 6 6.5 6 6 6 6.0625 6.625 7.25 9.1875 10 9.1875 8.8125 9.75 8.5625 8.5625 7.3125 7 6.75 6.5 5.375 5 4.5625 3.4375 2.75 2 2 1.875 2.3125 2.625 1.9375 1.25 1.0625 1.3125 3.6875 3.9375 3 3 2.8125 2 2 2 2 2 2 2 2 2 2 2
3.375 3.875 4 4 5 6.0625 6.125 7.1875 7.5 6 5.875 5 5 5.0625 5 5 6.5625 6.875 7.8125 6.1875 6 6 6 6.5625 6.8125 7 8.375 7 7.0625 9.5 10.875 11 8.75 7.8125 7.6875 7.25 6.875 6.25 5.4375 4.6875 3.875 2.8125 2.0625 2 2.75 3 2.75 2.375 1.5625 2 3.1875 3.375 3.125 3 3 2.8125 2.375 2 2 2 2 2 2 2 2 2
4.625 4.625 4.6875 4.9375 5.125 6.1875 6 6.0625 6 6 6 5.75 5.5 5.5 7.6875 5 5.8125 6.3125 7.125 6.0625 6 6 6 6 6.3125 8.4375 9 8.6875 9.125 12.6875 13.25 10.1875 7.5625 8.625 8.75 9.5 9.375 8.625 7.4375 5.5 5.125 4.0625 2.375 2.3125 3.9375 3.1875 3 2.875 1.9375 2.8125 3.1875 3.875 3.6875 3.0625 3 3 2.8125 2.5 2.0625 2 2 2 2 2 2 2
5 5 5 5 5.3125 6.0625 6.1875 6.25 6 6 6 6 6 6.375 9.5625 5.375 5.125 6.0625 6.3125 6.0625 6 6 6 6 7.625 8.4375 7.5 8.0625 8.875 9.1875 9.6875 6.8125 5.5625 5.5 6.25 6.375 7.1875 8.4375 9.25 7.625 6.375 4.375 2.3125 2.5 4.5625 3.25 3 3 3 3 3.75 4 3.9375 3.75 3.5625 3.4375 3.25 3.4375 3.4375 2.4375 2 2 2 2 2 2
5.125 5.125 5 5 5.5 6 6.375 6 6.125 6.1875 6 6 6.5 7.0625 11.25 7.9375 5.625 6.3125 7.8125 6.5 6 6 6 6 6.125 7.4375 6.375 6.625 6.625 6.875 7.75 5.9375 5 5 5 5 5 5.5 6.4375 8.9375 7 5.0625 3.375 3.1875 4.5625 3.5625 3 3 3 3 3.1875 3.875 4 4 4 4 4 4 4 3.75 3.0625 2.75 2.5625 2.25 2 2
7.125 5.5625 5.625 5.75 6.4375 6.8125 6.875 6.4375 6.25 6.1875 6.0625 7.125 8.6875 8.625 9.75 12.375 6.8125 7.75 8.3125 7.625 6.4375 6 6 6.125 6.625 7.625 6.5 6.125 6 6.0625 6.4375 5.375 5 5 5 5 5 5 5 7 9.4375 6.4375 5 3.1875 4.25 4 3.125 3 3 3 4 4.8125 4 4 4 4 4 4 4 4 3.875 3.1875 3 3 3 2.8125
8.4375 6.4375 6.3125 6.9375 7 7 7 7 6.6875 6.375 6.8125 8.75 9 9 11.3125 14.625 7.3125 9.375 9.25 8.0625 7.875 7.5625 6.9375 7.3125 8.75 8.625 8.4375 6.6875 6 6 5.75 5 5 5 5 5 5 4.75 4.5625 5 8.9375 8.75 5.6875 4.5 3.125 4.375 3.8125 3.375 3.0625 3 4.75 5.9375 4.75 4.3125 4 4 4 4 4 4 4 3.8125 3.125 3 3 3
8.5625 8.25 6.9375 7 7 7 7 7 7 7 7.1875 9 9 9.375 12.125 11.625 8.0625 8.125 9.3125 8.5625 8 8 8.6875 9.625 9.3125 9 7.8125 6.0625 6 6 5.9375 5.1875 5 5 5 4.6875 4.5 4.5625 3.6875 4.5 5.375 8.4375 8.25 6 4.5625 4.5625 4.8125 4 3.6875 3 3.9375 5.75 5.4375 5 4.875 4.75 4.5625 4.5625 4.4375 4.4375 4.5 4.4375 4.25 4.125 3.6875 3.5
7 6.5 7.3125 7.125 7 7.0625 7 7 7 7.25 8.1875 9.0625 9.1875 9 11.6875 11.875 9.6875 8.375 8.625 9.9375 9.25 8.875 9.4375 13.1875 11.375 9.25 9 7.375 7.1875 6.375 6.375 5.9375 5.1875 5.0625 4.6875 4.25 4.5625 4.1875 4 4 4.75 5.75 6.5 6 5.375 4.6875 5.5625 4.1875 4 3.8125 4.125 6.25 6 5.1875 5 5 5 5 5 5 5 5 5 5 5 4.5625
