Scripts_&_data/WorldClim_2.0_rasters/WC2.0_bio_08_16.asc
NCOLS 642 
NROWS 378 
XLLCORNER -19 
YLLCORNER 19 
CELLSIZE 0.166666666666667 
NODATA_value -1.7e+308 
[rows 210 to 230 of 378, columns 576 to 623 of 642]
19.6822083493074 19.578416660428 19.7084999928872 19.7507501045863 19.6537500371536 19.7629166394472 19.7777083218098 19.6655416538318 19.4901665846507 19.5646249999603 14.3654582848152 9.12437504529953 -1.93450003427764 -2.14637503772974 -1.8354166833063 -1.6225416585803 -1.79016666983565 -1.59629166622957 -1.23299998665849 -1.15670837213596 -1.31225001315276 -1.18104164923231 -0.214791686584552 0.789000008255243 11.8059167216222 18.7316249795258 20.2523333032926 20.2937918106715 20.1504999895891 19.8969583859046 19.424416705966 18.9784583697716 18.1278750623266 18.4051249946157 17.9883749807874 18.3405416806539 18.0761250754197 17.1339166263739 14.5101250038133 13.0843750741333 12.2269582872589 13.4384584204915 15.0505416132898 16.1939999808868 13.8376667015254 10.43262501612 9.7466667049254 9.6811249309491
20.3398332893848 20.2159582972527 20.172958334287 18.8374582951268 20.2726666529973 14.7431667434673 9.13220838084817 7.85858332489927 2.70858329286178 4.43337498418987 1.32729168290583 1.33375001559034 1.27108335060378 -1.35308333486319 -1.74800001829863 -1.66500001152356 -1.72824998944998 -1.68912502750754 -1.57629166916013 -1.36850000421206 -0.993666673700015 -1.20391668006778 -1.16987499346336 -2.02708333606521 -4.03149997442961 8.07883334656557 20.550999969244 20.2075833156705 21.0150834619999 20.7093333999316 20.3402499904235 20.431458324194 20.0697917093833 20.4657916426659 20.226583391428 19.8417499313752 19.662416656812 19.2565833777189 18.8109999249379 18.8413749883572 18.950875043869 18.8960000375907 18.9447500060002 17.9882083535194 14.3012499883771 9.84491667042797 9.5258749575975 10.0074166437068
19.8280000587304 16.608333264788 10.9643749819758 6.69312505788791 5.93979169428349 2.00354164714615 0.898375019120673 -0.738541678835948 1.96749997713293 3.34554165477554 3.14941667020321 2.62745831736053 1.20220835440947 -1.4533333654205 -1.42166664575537 -0.86395834137996 -1.30754165165126 -1.21874999751647 -1.18370832378666 -1.22141669566433 -1.73737498993675 -3.74695831164718 -0.767041650911172 0.545624981323878 -0.164791653553645 -0.470208353052537 16.2495416291058 18.6106666463117 21.2942499617736 21.3004167377949 21.4327916800976 21.0475417574247 20.4447500308355 21.0700416862965 20.7720417280992 20.8584582805634 21.0097083350023 20.6445416708787 20.2450000345707 20.2345834076405 20.0688333213329 19.778833280007 17.4389582984149 11.7792916337009 10.113416650643 12.1423749544968 15.334416637818 15.7002500214924
12.779000043869 2.53983337059617 -0.882333355645339 0.80833333854874 1.23458335890124 1.97774999402463 2.77016661533465 2.13637500706439 2.55666670187687 2.39429164051156 2.63883332783977 2.24904162312547 -0.694958367540191 -1.40791666756074 -1.20899995602667 -0.863791697969039 -1.06825000296036 -0.595583339532216 -0.52224999666214 -0.750916690876087 -1.45395829776923 -5.61462496593594 -6.34587500741084 -3.80999997444451 -3.96262495281796 5.05562494695187 14.7178333325234 13.3344582815965 16.7751249553015 21.126666734616 22.0519582927227 22.0267917414506 21.7170833249887 21.6876666645209 21.6624168058236 21.1015832622846 20.8835416485866 20.9414999385675 20.9752500653267 20.6643333435059 20.5149999856949 18.6485416392485 11.8533333394832 9.40920835485061 11.3687916450823 13.2675416856849 17.3427499942482 19.7319167057673
11.8872916139662 1.65450000762939 -1.62200001875559 -1.62274994576971 -1.58408330877622 -1.41737494493524 -1.22683332984646 -1.30470834051569 -1.21841668337584 -1.31699998304248 -1.52408335233728 -1.42179164662957 -1.02766668672363 -0.642374996716777 -0.599833353733023 -0.534333320955435 0.650708325672895 -0.555291696762045 -0.608583331108093 -0.809208333492279 -0.87358329196771 -1.49733334158858 -1.83908332387606 -4.36108330016335 -1.25079164809237 8.09808335235963 13.5050832799946 11.259916709736 11.8444583018621 17.13045833384 21.1067916502555 22.0366250375907 20.4282499750455 19.8258749693632 20.3893333524466 20.5702083408833 20.5610000491142 21.0819583535194 21.2210416793823 20.7942083378633 20.4282083511353 19.4114166051149 17.5227917159597 18.3318333377441 19.6405000736316 20.7372083465258 21.656791716814 22.5144999523958
2.69879162932436 4.8321666593353 -1.62633325532079 -1.54816669846574 -1.51795837531487 -1.56691662967205 -1.43087499464552 -1.32524997740984 -1.3872916487356 -1.51770836114883 -1.39024996012449 -1.13258340954781 -0.751291676734885 -0.389499994615714 0.0739583427396913 -0.566250010704001 -0.947791704287132 -1.038958363235 -0.760166704654693 2.42679167166352 0.754708339770635 3.91362504164378 7.26937497407198 7.50454163000298 14.0967500321567 16.3061666786671 13.2219999702647 11.2612500023097 11.2316666664556 14.3502082380777 19.8142500246565 21.5057499110699 19.2009582817554 18.6438333392143 17.1607498973608 17.2957915688554 17.6073332776626 17.6790000200272 18.2454167505105 19.5094166795413 19.5030417144299 18.7892498672009 16.8533749679724 17.4013332774242 18.0259167452653 19.5171250402927 21.2552916407585 21.9859167039394
9.45037517696619 2.7705416927735 2.07095834737023 -1.41566665594776 -1.38329166298111 -1.41229168201486 -1.39400005713105 -1.28679167106748 -1.31670835303764 -1.25733332832654 -0.953750044107437 -0.792750015854836 -0.677624989300966 -0.396583331127961 -0.43337499226133 -0.730916653449337 -0.875291636834542 -0.920166625330845 1.22775002444784 5.64820828661323 12.8626250488063 14.5591249602536 13.9419583647201 13.402958356722 10.8649166893835 14.0216250078132 17.0165416896343 15.5219582947902 12.5827917250184 17.1377083013455 19.8341666509708 21.6339581906796 19.3482499818007 15.6812917366624 12.4831666462123 10.5980416472691 10.4428332989725 14.2652082924421 17.8237916429838 18.0454166134199 16.0734999657919 14.7465832941234 14.9099166082839 15.727416574955 17.5633748943607 19.0516666571299 20.1162500580152 21.0729999542236
16.1700417324901 8.4016249453028 10.6234167255461 1.20125005270044 1.51324998214841 -0.992500007152557 -1.19833338384827 -1.17741667479277 -1.12879169235627 -0.992333296686411 -0.83404174943765 -0.573833350092173 -0.510333339373271 -0.450458414852619 -0.44558334723115 -0.5773750556012 -0.789791658520699 2.32716668273012 10.648499969393 13.5593750141561 14.8353333411117 15.0049167145044 13.3890833242137 10.9782916516997 10.8748332922502 10.0740000832981 13.177791738417 13.0503333391777 15.9389583712133 20.7980416417122 21.1549583524466 21.434833308061 18.4836251015464 11.2165833279335 8.61375001846075 9.55558334011585 11.759666663905 14.0086250815851 14.5862500530978 13.5205415645614 12.8423750183235 15.1179999709129 16.3992500429352 17.5044166545073 18.4941666871309 19.37237500151 20.2692083815734 22.3173749645551
16.1712916083634 16.188958461086 16.0456250707308 9.78566665326555 5.00233335591232 4.5250417108958 -0.617749998966853 -0.88620837405324 -0.785166668395201 -0.658916675796111 -0.58550002425909 -0.34112502882878 -0.193958334624767 -0.208583361158768 0.790124987562497 8.69900013630589 15.6397917146484 15.5460416314503 15.4234584110479 15.0590416754906 14.1005833658079 11.9195833729658 10.3242083205841 8.77704163640738 9.79383334839561 7.44087500249346 6.0923750011716 7.16954165700978 11.2499999635232 15.4109166152775 20.5492915461461 21.2516666849454 19.0135416487853 16.2989166527987 13.6686665931096 11.1507083438337 9.188791618372 9.87350004787246 12.0353334086249 13.3941666795872 14.0049999604623 16.2688750252128 17.751083334287 18.6944583803415 19.4514582753181 21.0533749858538 23.7308749755224 25.235208272934
16.2475001290441 16.1971667433778 16.1212918398281 16.1144583585362 8.04166666977108 1.38974998518825 0.0387083465854327 -0.285000033676624 -0.20279165978233 -0.0976666895051797 1.78970829494453 3.46391666897883 4.33129169597911 11.6570833376609 13.7681249684344 15.1265000084726 14.927041701468 14.373958324315 13.120833374783 12.7485833228566 10.0352083355538 8.79237504179279 7.66549992716561 8.44466662996759 6.98187494658244 6.45820837576563 5.35337501158938 7.00166670233011 7.0872083537591 10.5136666530743 17.0360833456119 20.8134165008863 21.7692499756813 19.7233332941929 15.7928332913046 11.0962916687131 11.8424583901263 13.0760416288394 14.4072500802577 15.319166601946 16.3789999336004 18.0004583497842 19.0305416385333 20.4164583384991 21.7875832716624 23.6012499431769 25.4554166297118 24.8402916987737
16.3281667754054 16.2379167079926 16.1566666737199 16.1664167592923 15.0772500572105 7.01449998902778 2.71933335298672 2.85924997285474 1.3437916689921 4.93299999351924 10.1530833454259 13.9012916672897 13.234250017015 13.195249998942 13.0834583397373 11.9493333532397 8.7027916420872 9.1165834107184 9.02712503603349 8.74325002194382 6.19708331433746 4.92270836963629 2.87100000074133 4.42583336083529 3.49066665958768 5.19954169828755 7.48041665554047 6.7149583461384 9.09433334164593 9.70504163298756 11.9772082635512 16.6104166321456 21.3602083424727 23.1589582562447 21.3762498746316 18.9713749339183 17.8613333615164 15.679708302021 17.487958351771 19.4494166870912 21.0317917366823 22.005833307902 22.9964166680972 24.2305833896001 24.9524999757608 25.4091252187888 25.8348334829013 25.8372917075952
16.3092501287659 16.1815001914899 16.1364583782852 16.1672916499277 16.2014583411316 12.8297916427255 9.26554164399082 9.50633331310625 1.34866661423196 13.4164166348055 11.6578333505119 8.9122500186786 10.0442500538193 8.162374949626 7.93620830479388 8.09887495776639 5.07041665414969 3.85920834665497 2.5147083386158 1.82616668411841 2.87591666900941 4.91924999456387 8.86895832993711 9.3739583287 12.4609583069881 16.4430833387499 18.5765000383059 19.011458431681 19.3424999862909 19.2865416904291 19.8592500537634 21.0838749508063 21.0804999868075 24.028916567564 23.7825415829817 24.5635416805744 24.5548750559489 24.0371249715487 24.253333290418 24.9441248973211 25.1020417511463 25.0859999855359 24.7907916506131 24.045666684707 23.8629583120346 24.2647917171319 25.3924167056878 25.9472082058589
16.2787500694394 16.0645000711083 16.0460000000894 16.0566666635374 16.158333302786 15.9007916438083 15.407375027736 11.7395416451618 13.5957083441317 14.388874957338 11.44162500867 7.83191665805255 6.4867083557571 3.93241669400595 1.48224998487664 2.99929167039227 3.57095833588392 2.71783330516579 3.76262499198007 5.15604167839047 7.56670834178415 9.10758333358293 9.33762504975311 10.8543750165263 15.5056666309635 17.7917916874091 18.572291697065 19.4917499025663 20.4643749097983 21.2114166915417 21.7259583175182 22.1925416390101 23.3663333654404 24.5134166677793 23.2351249357065 22.344541678826 23.6048332254092 25.9163750807444 25.9897083044052 25.8184166451295 25.5232915878296 25.5631667574247 25.7970001498858 25.4102915326754 23.7979582945506 23.3605000376701 23.7347499529521 25.5838331878185
16.5331250453989 16.0754583490392 15.8056249606113 15.5752499364316 15.4387083003918 15.22191664204 14.2721666097641 13.9905000465612 14.2226249184459 12.9178333672268 8.43287500257914 8.06287501438055 8.36612501991719 7.39466659588894 6.78841664762391 5.15199999154235 3.52712500623117 1.56916664948221 1.92645832690566 4.03529165949052 2.92741664716353 2.65500000061002 3.21979168825783 6.68962500294826 10.6877082590945 10.4071666328625 11.6642916894828 15.2667916629774 18.0119584202766 20.5501666863759 23.1864167749882 23.0185417532921 22.7817499438922 23.1658332745234 23.9521250029405 24.2142499188582 23.9590415656567 26.026749988397 26.483666708072 26.3127918144067 26.1488750080268 26.0381250679493 25.7724167406559 25.8088332513968 24.5785832901796 23.2296666999658 23.2629584372044 24.6702083249887
16.053500002871 15.6950832779209 15.3689999667307 14.3609583657235 14.4442083115379 14.532375048846 14.0808332823217 13.4282083356908 10.628708276432 10.4592500106276 11.0755416772639 10.8655833179752 9.2507916589578 7.07887494618384 5.59216664320168 5.84575000896681 7.77270841066881 8.13774996206242 4.06891668712099 2.08866665201883 5.31799999748667 2.21154166711494 6.49779163945156 8.70754162482141 9.04116669731836 9.1783749902 8.41220829084826 10.600375014202 16.0889167431742 17.3470834294955 19.7426667958498 22.8110415935516 23.3810834288597 23.3857083817323 23.8930833737056 24.284041672945 23.6575832466284 25.130458265543 25.4535414874554 24.5278333822886 24.7980832358201 24.3210416932901 24.4123751123746 23.7140417595704 24.1332082649072 23.4098750849565 22.7049583842357 23.0897083381812
15.7891250525912 15.1559583209455 14.6343333162367 13.8533334353318 13.4524166944126 13.9364166203886 14.3130416634182 14.1560416730742 13.2062082930934 11.4884582898036 9.26695834534864 9.59516670027127 8.81616669121043 9.00699997150029 8.92654162140874 11.2479166054594 14.4267499381676 15.8174999908855 14.6910833145181 13.7289583572807 14.8417499576074 13.7135000346849 13.7124583783249 12.8486666424821 10.0181666671221 7.45375001740952 8.51395832654089 8.87337503628805 10.5418333900937 14.870958383816 18.2885416646798 20.2141249279181 21.901833375295 23.0540832877159 23.2748334010442 22.040624966224 18.4118333235383 11.0611250138609 12.6091250032186 19.2208332928518 23.5183334350586 24.1723749637604 23.8059167166551 22.8655415674051 22.8703750769297 22.9696249564489 23.1561666280031 23.5541250308355
16.3969583436847 15.9940417458614 15.5354583399991 15.0236249491572 14.1252500570069 13.855166575561 13.7849582520624 13.1064165763091 11.8190000183337 11.3678750250062 13.4655416154613 13.6260833681251 13.0621667075902 13.5721666651467 14.4032917303654 15.6356666882833 16.6208750754595 16.7035833174984 18.6058750400941 19.2051666925351 18.0848750770092 17.5028749555349 16.6728332415223 16.4132499943177 15.8830417394638 14.736875064671 13.4539999216795 14.2007083147764 10.4881666439275 7.40737501267965 7.90600005723536 10.7525833392671 15.1769166470816 14.9293749818268 17.1773750074208 16.8262916480501 9.80845831396679 3.45216668273012 3.81350003353631 9.53491663040283 16.2246249783784 16.0351250581443 18.6632916747282 20.2811667025089 21.055499980847 20.9988750418027 21.086250046889 21.3472083806992
16.283083456258 16.0779166991512 16.3378749862313 16.1343749985099 15.2590832958619 14.0611249972135 12.9456666635039 12.7146250391767 12.7814583458627 14.8496249796202 16.0343749647339 15.2218333644172 14.4047499907513 16.4192915707827 17.4597500811021 17.9404583324989 17.9724166045586 18.1802082608144 20.2409166246653 21.7115417271852 18.482333317399 17.8709166049957 17.8234582593044 17.5601249883572 17.0604167083899 17.424958328406 17.705083305637 18.73370830218 14.5339583229894 12.8887500526228 12.8351667014261 9.30562496557832 8.23433335932593 7.09295832730034 5.9353333337931 5.93649998163649 5.4458749947371 3.43224998452934 2.87716668580348 4.69937498836468 6.18099998319424 3.93216667087593 4.78254167487224 7.94283333250011 11.1359999711276 11.117833298631 14.6026666176816 15.0732499994338
16.5963333025575 15.8930417001247 15.5109166031082 16.2037916556001 16.2056666339437 15.4057916762928 15.3937499293437 16.6767916654547 17.2282915810744 16.9974166552226 17.2571667035421 17.8272500584523 17.9517082174619 18.1647916684548 18.1495416611433 18.3656667222579 18.3739999383688 18.3378333250682 18.3596667150656 18.8711666415135 19.520791615049 18.3414584298929 18.3880000710487 18.3154583623012 18.1357499609391 18.1179999411106 17.9413748532534 17.7185000230869 19.3902917156617 20.0595417420069 19.4982500026623 18.8118750055631 18.0538333406051 16.8386249790589 14.2714166411509 12.4499166688571 9.85412504834433 7.35904167297607 6.39745833717461 3.8857500309047 2.24425000473275 3.59774998511421 4.77620834573948 4.8482916719513 6.3449583328329 8.62924999324605 5.97054166368131 8.00212500585864
17.0373750428359 16.5138333390156 16.1267500296235 15.8308749571443 16.0187082837025 16.0463750362396 16.8837916602691 17.1156666924556 17.1748749266068 17.527624964714 18.191791638732 18.0530000478029 18.1122084061305 18.1638750433922 18.2295416345199 18.4356248825788 18.8200000524521 18.7975834260384 18.6620833426714 18.5497499505679 18.6279167532921 18.4747916062673 18.5625832776229 18.0142084509134 18.0137500017881 18.5706250816584 18.7249999046326 18.993250032266 20.3394167373578 20.8921250502268 19.4022082736095 19.5017500718435 18.8663749446472 18.1958749939998 18.6511667023102 15.893999983867 13.0987499989569 12.2780416347086 10.9477499164641 9.66662497756382 8.65429168380797 8.55979166039227 6.7471666308702 5.4731666277512 4.50841668449963 3.13433334349732 4.26033334152695 5.44866666015393
16.0251665761073 16.8753332942724 16.8854582905769 16.8213332196077 16.8774583290021 16.8957499812047 17.007541735967 16.9267916679382 16.8382915904125 16.8139166062077 15.8208750362198 14.9462500127653 15.9599583297968 17.6862499614557 17.8493750194709 17.9482083121936 17.9999583462874 18.0407499571641 18.9400000224511 19.3464166323344 19.6881666680177 20.3222916722298 20.1435417036215 19.9250416457653 19.4468333323797 19.1269167164961 19.5361667126417 20.1694166262945 20.9006666342417 21.3570000429948 21.5302082995574 21.403708388408 20.7905416786671 20.3756248851617 20.8418333331744 19.8158333599567 17.2570416741073 15.5527916451295 13.5584583804011 10.9416666406517 8.26891662436537 7.70129165270676 5.78554163849913 5.82870832070087 6.32145835226402 5.06733330855301 4.01508333226472 1.41808334101612
