Scripts_&_data/WorldClim_2.0_rasters/WC2.0_bio_05_16.asc
NCOLS 642 
NROWS 378 
XLLCORNER -19 
YLLCORNER 19 
CELLSIZE 0.166666666666667 
NODATA_value -1.7e+308 
[rows 357 to 377 of 378, columns 384 to 431 of 642]
43.4505004882812 43.8002505302429 43.7464995384216 43.6927495002747 43.6177499294281 42.9280004501343 42.4602499008179 42.131500005722 42.4349999427795 43.3662502765656 43.5627503395081 43.2625002861023 43.2727501392365 43.2244999408722 43.4052503108978 43.823499917984 43.9372498989105 44.095999956131 43.9567503929138 43.8082504272461 43.9370005130768 44.1207492351532 44.0589993000031 44.02374958992 44.0644991397858 44.103499174118 44.2270004749298 44.4365000724792 44.3835003376007 44.3205001354218 44.3149998188019 44.3567504882812 44.425500869751 44.4902501106262 44.5272495746613 44.5824987888336 44.6715002059937 44.8282499313354 44.8992512226105 45.0350003242493 45.0972487926483 45.0724995136261 45.3147501945496 45.3392498493195 45.3477504253387 45.3545005321503 45.4115006923676 45.6282496452332
43.4514999389648 43.6555004119873 43.7862498760223 43.8675000667572 43.8067500591278 42.4635002613068 41.7410001754761 42.2927498817444 42.9617500305176 43.9499998092651 43.9164998531342 43.6892499923706 43.5372500419617 43.388500213623 43.8115000724792 44.1037497520447 44.1825001239777 44.1657500267029 44.1274998188019 44.0787494182587 44.0934989452362 44.1722497940063 44.1572494506836 44.1244993209839 44.1022486686707 44.2097494602203 44.3132500648499 44.5182499885559 44.3670008182526 44.4142510890961 44.3865003585815 44.381000995636 44.5314998626709 44.5309998989105 44.601749420166 44.5764992237091 44.6642496585846 44.8472502231598 44.9710004329681 45.2109994888306 45.1995000839233 45.1762502193451 45.2617495059967 45.3289997577667 45.4552509784698 45.4480006694794 45.5804989337921 45.777250289917
43.6177504062653 43.9810001850128 43.951000213623 43.9372508525848 43.7340002059937 43.2107501029968 42.3067500591278 42.5667500495911 43.8997509479523 44.370500087738 44.346750497818 44.0832490921021 43.9989995956421 43.9045000076294 43.9787509441376 44.1732494831085 44.3360004425049 44.1574990749359 44.1884996891022 44.3989999294281 44.3152496814728 44.339250087738 44.2977502346039 44.1772496700287 44.1594994068146 44.2432501316071 44.2502501010895 44.3130004405975 44.4347500801086 44.5332491397858 44.5085000991821 44.4430003166199 44.5417492389679 44.694500207901 44.7620000839233 44.7362506389618 44.7930002212524 44.8850009441376 45.0220000743866 45.2442498207092 45.321750164032 45.2744994163513 45.2894992828369 45.4337511062622 45.5462493896484 45.561249256134 45.7827498912811 45.9860000610352
43.7742500305176 44.1157488822937 44.0557491779327 43.9515001773834 43.2347497940063 42.5240001678467 42.6832501888275 43.417750120163 44.2555000782013 44.1685001850128 43.8137502670288 43.8562502861023 44.074499130249 44.2797498703003 44.2329998016357 44.3757510185242 44.3470005989075 44.2130007743835 44.2672500610352 44.5852491855621 44.5354993343353 44.4467508792877 44.3662507534027 44.3264997005463 44.2802505493164 44.3129997253418 44.265499830246 44.3705003261566 44.6407494544983 44.5957486629486 44.5422494411469 44.5622491836548 44.7202501296997 44.787499666214 44.883501291275 44.8309998512268 44.8922510147095 44.9732501506805 45.0807497501373 45.2477502822876 45.4122502803802 45.3157498836517 45.3042492866516 45.5224997997284 45.5999984741211 45.6614997386932 45.938000202179 46.1412496566772
43.9295001029968 44.1227495670319 44.1584997177124 43.8582491874695 41.8440003395081 42.5627501010895 42.8654997348785 43.7925002574921 43.9087505340576 43.6822500228882 43.6827492713928 43.9970002174377 44.1279990673065 44.324250459671 44.5465002059937 44.4715001583099 44.3335003852844 44.2960000038147 44.4447503089905 44.560998916626 44.5164997577667 44.4989998340607 44.4712505340576 44.4362506866455 44.4385011196136 44.4792504310608 44.4887506961823 44.5762495994568 44.6497497558594 44.5839982032776 44.6494998931885 44.7395002841949 44.824000120163 44.8705012798309 44.9057519435883 44.8645005226135 44.8745007514954 45.0059998035431 45.103499174118 45.2695004940033 45.3845000267029 45.3095011711121 45.3099999427795 45.5702488422394 45.6074986457825 45.7059998512268 46.0259997844696 46.2330002784729
44.2327497005463 44.2299995422363 44.3560004234314 43.5094997882843 42.1265003681183 42.9937496185303 43.5947496891022 43.9057505130768 43.732250213623 43.6312491893768 43.9370000362396 44.1654999256134 44.3020007610321 44.3552503585815 44.4079999923706 44.468001127243 44.4032502174377 44.4960000514984 44.513249874115 44.5682487487793 44.5669989585876 44.6099987030029 44.5987493991852 44.6312499046326 44.6274991035461 44.633499622345 44.6647498607635 44.673999786377 44.6434996128082 44.6967496871948 44.7652497291565 44.8390007019043 44.9002513885498 44.947500705719 44.9417507648468 44.9025015830994 44.9707503318787 45.071248292923 45.1429991722107 45.3295001983643 45.4555008411407 45.3032500743866 45.3902502059937 45.5989985466003 45.5874989032745 45.752500295639 46.0702493190765 46.2205004692078
44.4617500305176 44.3737504482269 44.4677498340607 42.8957498073578 42.7740001678467 43.4704999923706 44.1524996757507 44.1809992790222 43.8749997615814 43.9025001525879 44.1547496318817 44.1834998130798 44.2670004367828 44.3212497234344 44.4315011501312 44.5332498550415 44.5152499675751 44.5429992675781 44.5867486000061 44.6087489128113 44.664999961853 44.7015006542206 44.7449996471405 44.8112499713898 44.8230006694794 44.7372500896454 44.7370002269745 44.6519994735718 44.654748916626 44.8295001983643 44.8732509613037 44.8980011940002 44.9475009441376 45.0025000572205 44.9917502403259 44.9777500629425 44.9885001182556 45.0849983692169 45.157999753952 45.2712502479553 45.3169996738434 45.3124997615814 45.5124998092651 45.586498260498 45.5699989795685 45.7842502593994 46.108749628067 46.2472498416901
44.5959992408752 44.6272494792938 44.4795000553131 42.6350002288818 43.3152499198914 44.0439999103546 44.2797503471375 43.8340001106262 43.9932496547699 44.1877498626709 44.1514990329742 44.1802504062653 44.2255008220673 44.4357504844666 44.5147495269775 44.614999294281 44.609748840332 44.6317491531372 44.6852505207062 44.6785004138947 44.7422504425049 44.788498878479 44.8280000686646 44.8657503128052 44.8850011825562 44.7950005531311 44.6719996929169 44.6594996452332 44.7737503051758 44.9645004272461 44.92800116539 44.9085013866425 44.9860002994537 45.0149998664856 45.0325000286102 45.0342493057251 45.0774989128113 45.1777501106262 45.1987507343292 45.2694997787476 45.372251033783 45.4135012626648 45.5689990520477 45.5929987430573 45.6199989318848 45.8075003623962 46.1129999160767 46.176500082016
44.7749996185303 44.8575000762939 44.0722496509552 42.8482496738434 43.7812502384186 43.9947500228882 43.9334998130798 43.565749168396 43.9650001525879 44.3490006923676 44.3552508354187 44.3145005702972 44.3567497730255 44.557249546051 44.6239991188049 44.7040004730225 44.7252502441406 44.743499994278 44.7482500076294 44.7929997444153 44.8139996528625 44.8442504405975 44.7707502841949 44.7457501888275 44.9165005683899 44.7437500953674 44.6982505321503 44.7247493267059 44.8322501182556 44.964750289917 45.0144996643066 44.9805002212524 45 45.0020000934601 45.0030002593994 45.0547487735748 45.1324994564056 45.202000617981 45.2035007476807 45.2724995613098 45.3582503795624 45.4820001125336 45.5894985198975 45.5572493076324 45.6412491798401 45.8145010471344 46.0362496376038 45.9727504253387
44.7197504043579 44.9610004425049 43.0090000629425 43.6460001468658 44.4307498931885 44.5002501010895 43.8057498931885 43.8222501277924 44.0662500858307 44.3482501506805 44.5444993972778 44.5682497024536 44.6044986248016 44.6707499027252 44.7784998416901 44.8089997768402 44.8515002727509 44.825749874115 44.8324999809265 44.9112508296967 44.8747510910034 44.7955002784729 44.7597501277924 44.7667498588562 44.8067495822906 44.7330005168915 44.75 44.7837495803833 44.8805010318756 44.9575009346008 45.0669991970062 45.019749879837 45.0249998569489 45.0340001583099 45.0104999542236 45.0484993457794 45.1299991607666 45.1800005435944 45.2452499866486 45.3404996395111 45.4145014286041 45.4852499961853 45.5872483253479 45.5539991855621 45.6417491436005 45.8064999580383 45.8282499313354 45.8890006542206
45.031750202179 44.7632503509521 42.561999797821 44.2489995956421 44.8244998455048 44.595499753952 44.1805000305176 44.0949995517731 44.4427499771118 44.4967498779297 44.7677505016327 44.8205001354218 44.6907503604889 44.8870005607605 44.963000535965 44.8712501525879 44.855500459671 44.9215009212494 44.9502506256104 44.8752505779266 44.7974994182587 44.8352501392365 44.8287501335144 44.8047494888306 44.7887499332428 44.7764992713928 44.8079996109009 44.8545005321503 44.9180014133453 45.0117497444153 45.1014986038208 45.093998670578 45.1204993724823 45.1172482967377 45.0429995059967 45.0624990463257 45.1875004768372 45.1865000724792 45.2769999504089 45.3652503490448 45.4190013408661 45.509250164032 45.5964984893799 45.6067485809326 45.6892504692078 45.7419996261597 45.7959988117218 45.9177505970001
44.8715002536774 44.7472496032715 43.5157494544983 44.7362501621246 45.0839996337891 44.6199996471405 44.5072495937347 44.4384999275208 44.6135003566742 44.7009992599487 44.8560004234314 44.8050003051758 44.8492505550385 45.0482490062714 45.0452494621277 45.0002501010895 45.0272495746613 44.97350025177 44.8955011367798 44.8710010051727 44.9222500324249 44.9082508087158 44.8557507991791 44.8219997882843 44.7962489128113 44.7869987487793 44.8247497081757 44.912250995636 44.9755005836487 45.0509994029999 45.1017484664917 45.1687500476837 45.1972501277924 45.1805002689362 45.1024985313416 45.1002485752106 45.1557495594025 45.2035005092621 45.2987499237061 45.332249879837 45.4557507038116 45.517749786377 45.5819985866547 45.5737490653992 45.6377494335175 45.7392501831055 45.8077495098114 45.9402506351471
44.7080001831055 44.8359999656677 44.1565003395081 44.8654997348785 45.2705001831055 45.146999835968 45.0737500190735 45.0829997062683 45.1004989147186 44.8867499828339 44.7114996910095 44.7990000247955 45.0160000324249 45.1092488765717 45.0977485179901 45.0884988307953 45.0637488365173 44.9557504653931 44.9605004787445 44.9580001831055 44.9505004882812 44.8852512836456 44.818249464035 44.8137495517731 44.8227500915527 44.8500001430511 44.8917510509491 44.9520003795624 45.0322494506836 45.0984990596771 45.1122486591339 45.2065000534058 45.2999994754791 45.2504997253418 45.1670000553131 45.162750005722 45.2035009860992 45.2727494239807 45.3572506904602 45.3845014572144 45.4275012016296 45.4947502613068 45.5384993553162 45.5092496871948 45.60799908638 45.7204999923706 45.8612504005432 46.0364990234375
44.6087505817413 42.8929998874664 43.8984999656677 44.7129998207092 45.1785001754761 45.171249628067 45.1712498664856 45.1054997444153 44.8394997119904 44.5859997272491 44.6984994411469 44.8432505130768 44.9782507419586 45.0389993190765 45.0167496204376 44.9530003070831 44.9677503108978 44.9795000553131 44.9362509250641 44.908251285553 44.9005014896393 44.8697504997253 44.8607499599457 44.9545006752014 44.945250749588 44.9277513027191 44.9227511882782 44.9487507343292 45.0664992332458 45.14674949646 45.1875004768372 45.2399997711182 45.334499835968 45.3044996261597 45.2767498493195 45.2717497348785 45.3254995346069 45.3930010795593 45.4512507915497 45.4022514820099 45.4000015258789 45.4457507133484 45.52174949646 45.5077502727509 45.60799908638 45.7487499713898 45.9127511978149 46.0617489814758
43.5612499713898 42.1832501888275 43.7599999904633 44.5567500591278 44.7472500801086 44.611499786377 44.539999961853 44.5357496738434 44.4195003509521 44.5247495174408 44.6870000362396 44.7952494621277 44.8850009441376 44.8905012607574 44.8332498073578 44.7799997329712 44.850750207901 44.8957507610321 44.8915009498596 44.8765008449554 44.8802506923676 44.9352509975433 45.0367498397827 45.0179998874664 44.9340007305145 44.8990013599396 44.9240016937256 45.0022497177124 45.0954988002777 45.1875007152557 45.228000164032 45.2787494659424 45.313499212265 45.3397495746613 45.3567509651184 45.3767509460449 45.3987517356873 45.4130012989044 45.4465007781982 45.4212512969971 45.4087514877319 45.4240009784698 45.4949998855591 45.5260000228882 45.680999994278 45.7802498340607 45.9577507972717 46.1349992752075
43.5382497310638 42.9920001029968 43.9272501468658 44.3597493171692 44.285749912262 44.2449996471405 44.2355005741119 44.2305002212524 44.3117501735687 44.4735000133514 44.6282496452332 44.7025003433228 44.751749753952 44.7400002479553 44.739000082016 44.780499458313 44.818249464035 44.8642506599426 44.8470003604889 44.8392503261566 44.8680007457733 44.932501077652 44.9605009555817 45.0002498626709 44.9540004730225 44.9297511577606 44.9832499027252 45.0514991283417 45.1059987545013 45.2027502059937 45.2939994335175 45.3072497844696 45.3347496986389 45.3385002613068 45.3875012397766 45.4000017642975 45.395001411438 45.4017515182495 45.4335012435913 45.4135015010834 45.4185016155243 45.4735007286072 45.514000415802 45.5552494525909 45.6694996356964 45.8422501087189 46.0652496814728 46.3257496356964
43.085000038147 43.0047492980957 44.0517501831055 44.1690001487732 44.1604995727539 43.9885003566742 43.9612498283386 44.0289995670319 44.1557495594025 44.2825000286102 44.403000831604 44.5189998149872 44.5527493953705 44.5894992351532 44.6417496204376 44.6890003681183 44.7497506141663 44.7967493534088 44.7877492904663 44.7869997024536 44.7852494716644 44.8342504501343 44.8992505073547 44.9610011577606 44.964750289917 45.003999710083 45.0267496109009 45.0887484550476 45.1219990253448 45.2357504367828 45.3025000095367 45.3735010623932 45.383501291275 45.3304996490479 45.3057498931885 45.362500667572 45.3887510299683 45.3915011882782 45.4012515544891 45.4327509403229 45.4967501163483 45.5574989318848 45.5694992542267 45.6152491569519 45.7569999694824 45.9632501602173 46.3032500743866 46.4005000591278
42.7137501239777 42.5247504711151 43.7734994888306 43.9410002231598 43.8102507591248 43.6454997062683 43.6779997348785 43.790500164032 43.9070003032684 44.0360000133514 44.1699995994568 44.3080005645752 44.3965010643005 44.4542505741119 44.4897503852844 44.5767493247986 44.6747496128082 44.7430007457733 44.7149999141693 44.7065002918243 44.7642498016357 44.824000120163 44.8617506027222 44.9195005893707 44.9800002574921 45.000500202179 45.0229995250702 45.0869989395142 45.1782500743866 45.2517502307892 45.3182499408722 45.3777506351471 45.3865008354187 45.3044993877411 45.3184995651245 45.3210000991821 45.3610010147095 45.3890011310577 45.4017510414124 45.4337511062622 45.5262496471405 45.6362497806549 45.6549994945526 45.7390003204346 45.9205005168915 46.1722502708435 46.3027503490448 46.3657500743866
42.4707498550415 42.2802495956421 43.3782501220703 43.6507499217987 43.5037496089935 43.3367500305176 43.4735000133514 43.5945000648499 43.74249958992 43.8505003452301 43.9787504673004 44.1437494754791 44.234500169754 44.3110003471375 44.3765008449554 44.4842505455017 44.6322486400604 44.6374995708466 44.6027488708496 44.6432499885559 44.6990003585815 44.7780001163483 44.8522500991821 44.8642506599426 44.9772503376007 45 45.0299997329712 45.1409990787506 45.2180004119873 45.3117496967316 45.358250617981 45.3900012969971 45.339250087738 45.2767496109009 45.2999992370605 45.3245000839233 45.3785009384155 45.4002513885498 45.4110016822815 45.4655005931854 45.5757491588593 45.6997504234314 45.7702498435974 45.9377503395081 46.1337502002716 46.1599998474121 46.1964995861053 46.267249584198
41.9817500114441 41.7849996089935 42.919499874115 43.2779998779297 43.1750001907349 42.9332499504089 43.1847498416901 43.3212502002716 43.5075001716614 43.6297492980957 43.7895002365112 43.9695000648499 44.0817496776581 44.2014999389648 44.2265005111694 44.4037508964539 44.5354988574982 44.5109994411469 44.5169997215271 44.5777492523193 44.6534998416901 44.7382497787476 44.8477504253387 44.9175012111664 45.0032501220703 45.0539994239807 45.1072494983673 45.1937503814697 45.2714991569519 45.337500333786 45.3995010852814 45.4092512130737 45.3212502002716 45.2295005321503 45.2919993400574 45.3022494316101 45.3987510204315 45.4782502651215 45.5037498474121 45.6022493839264 45.75 45.8772501945496 45.9325006008148 46.0482497215271 46.0447497367859 46.0312497615814 46.0569996833801 46.1587498188019
41.8185002803802 41.2687497138977 42.4457497596741 42.8959999084473 42.7459998130798 42.5442497730255 42.8035004138947 43.0629999637604 43.2725002765656 43.4535000324249 43.6764996051788 43.836000919342 43.9982500076294 44.0842487812042 44.15149974823 44.3384997844696 44.3985011577606 44.4265007972717 44.4417505264282 44.5277495384216 44.6482498645782 44.7610001564026 44.9137501716614 44.959000825882 45.0150001049042 45.1754996776581 45.2822499275208 45.3535003662109 45.4157497882843 45.5457499027252 45.5390000343323 45.4430003166199 45.3574995994568 45.2792499065399 45.2617499828339 45.3104991912842 45.452000617981 45.5947494506836 45.7409999370575 45.9060003757477 45.951500415802 45.8810005187988 45.8142499923706 45.8967502117157 45.9010007381439 45.8495001792908 45.9022500514984 46.0182497501373
