Scripts_&_data/WorldClim_2.0_rasters/WC2.0_bio_03_16.asc
NCOLS 642 
NROWS 378 
XLLCORNER -19 
YLLCORNER 19 
CELLSIZE 0.166666666666667 
NODATA_value -1.7e+308 
[rows 357 to 377 of 378, columns 336 to 383 of 642]
-1.7e+308 -1.7e+308 -1.7e+308 -1.7e+308 -1.7e+308 -1.7e+308 -1.7e+308 -1.7e+308 -1.7e+308 -1.7e+308 -1.7e+308 -1.7e+308 30.0461554791333 56.2677272442327 53.6022617379676 51.3816832106528 48.7634271414916 48.1235535279253 48.76897317432 48.7211300147732 49.8740286549997 49.5812585533029 49.3216079890883 49.4132941810047 49.3061277076108 48.5635820974295 47.8927649606515 47.3599247801475 47.0102875371672 46.8497534189201 46.0993250175473 45.5211021781797 44.7958088802662 45.1117514762185 45.3564128658159 45.3384947352581 45.6362310974342 45.6391064403281 45.436158096633 44.9853894304433 44.8175239780625 44.5799622642875 44.0180475822604 43.8876729086931 44.0956317231274 44.3902223799875 44.9521188405772 44.6387710695959
-1.7e+308 -1.7e+308 -1.7e+308 -1.7e+308 -1.7e+308 -1.7e+308 -1.7e+308 -1.7e+308 -1.7e+308 -1.7e+308 -1.7e+308 -1.7e+308 37.5219401272075 56.4449235208118 54.7563431844555 51.6319339227551 49.7185649906301 48.5971765477045 50.012657523236 49.0294183690445 50.3356329130356 49.9139935129235 49.6436665209148 49.4926779554044 49.539200562998 49.4669607547813 49.2392777427571 47.7103810808013 47.7122501260507 47.1787538766985 46.9683599178046 46.1954491241199 45.4135071176005 45.1986694853387 45.0436873579271 45.5353703846444 46.0661238525755 46.1101856526652 45.8715995524417 45.4989594787794 44.6830174182953 44.433769209656 44.2244912090466 44.2523863860085 44.3455634181987 44.0412751373519 44.2355295156414 44.4012189296458
-1.7e+308 -1.7e+308 -1.7e+308 -1.7e+308 -1.7e+308 -1.7e+308 -1.7e+308 -1.7e+308 -1.7e+308 -1.7e+308 -1.7e+308 -1.7e+308 55.1035793101502 57.0836138909954 56.5239983388823 53.1268074748253 51.6717754660253 50.3626749376877 50.7301720007514 51.0798038551675 51.2914435800656 51.5714087752153 50.9131402484405 50.4292115748228 50.3112577732185 49.9100471759193 49.2342685760286 48.3714062671565 48.788498140866 47.714504389241 47.7520140924463 47.1259938967792 46.1544793832759 45.5112445550223 45.4574024416896 45.6660129681657 46.1763615052186 46.2514071103889 46.150832609327 46.0830082100374 45.2958135362028 44.6379847618296 44.7442695068914 44.6939600814021 44.6373163536859 44.6034711508574 44.0492937989962 44.097766803643
-1.7e+308 -1.7e+308 -1.7e+308 -1.7e+308 -1.7e+308 -1.7e+308 -1.7e+308 -1.7e+308 -1.7e+308 -1.7e+308 -1.7e+308 23.4430074101505 55.7439107557823 55.8968091605695 54.151302169017 53.1295076017835 52.1306005520955 49.8478247671705 50.1370642746317 50.6620445498078 51.2637429575435 51.5439888174742 51.1792001421963 50.9724569680106 50.6187381328088 50.6217987776732 49.173347023984 48.8378496092039 48.5786372666349 48.2547325046062 47.6880538512796 47.6453111062587 46.5456401693581 45.9351963800054 45.4673739418579 45.5492254471418 46.2597710043516 46.6308444663805 46.2319345500158 46.0306541365635 45.3489087312961 44.4258261885162 44.5495807118933 44.438752011275 44.6506263720115 44.6956657666088 44.8004358279247 44.5697819806264
-1.7e+308 -1.7e+308 -1.7e+308 -1.7e+308 -1.7e+308 -1.7e+308 -1.7e+308 -1.7e+308 -1.7e+308 -1.7e+308 -1.7e+308 -1.7e+308 40.5098766210812 54.1115542055054 54.486632292053 52.9947596584279 52.4415390225649 51.1567866737984 48.5518512642511 47.9672023939052 49.4518215256742 51.2594099792068 51.2968960320651 50.9072010586862 51.0328996348899 51.018116472879 48.7924847593283 48.8834903236865 48.9319034133728 48.9106898251369 47.0906385865612 46.953204235697 46.4151417876699 46.6998303792698 45.8692515698625 45.8089800274947 45.9599778222603 46.6186716176432 46.6565795749578 45.5916900088896 44.5441325416569 44.6210434104147 45.4612061366728 44.8964729462211 44.5571096185732 44.5950067897929 44.7424682212066 45.0643515831297
-1.7e+308 -1.7e+308 -1.7e+308 -1.7e+308 -1.7e+308 -1.7e+308 -1.7e+308 -1.7e+308 -1.7e+308 -1.7e+308 -1.7e+308 -1.7e+308 24.3982049003681 54.0300772067084 54.8948240130315 53.8612006353474 52.560831177399 51.6335633475653 49.4436551382835 48.2155170047533 49.348276550427 51.1754229787789 51.4708830468119 51.198640710665 51.137950317089 51.833892528652 49.8069155632678 49.3245329393941 49.1338520411362 48.0860832180816 47.8544821803996 47.340494725147 46.845471146054 47.0272887997015 46.4394749838386 45.863009487666 46.0287273450502 46.1299702943891 46.6470638223756 45.8147746170754 44.4372563378696 45.1461910550834 45.2496783082722 45.134340055413 45.3412244198972 44.8253016469617 45.0202923550533 45.0263256632798
-1.7e+308 -1.7e+308 -1.7e+308 -1.7e+308 -1.7e+308 -1.7e+308 -1.7e+308 -1.7e+308 -1.7e+308 -1.7e+308 -1.7e+308 -1.7e+308 -1.7e+308 53.9609733347808 53.6917737052652 52.7648448507786 51.3997707498429 50.8195754913855 50.2469312481554 48.0433670777164 48.8835539544639 50.6164151600213 51.7347833953343 51.9662729279746 51.2364832546666 51.493747297208 50.2777202821449 49.8419871277092 49.3604219979809 48.6755130873604 48.4025273065069 47.9139350378047 47.2540861197237 47.107742838443 46.0920030319326 45.9909271985912 46.1162064131596 45.990755693676 46.2757591168127 45.130098133809 44.4960747402822 45.3276403751129 44.9851484324049 45.0834991150373 45.6049236950017 45.4213204537451 45.4308350462488 45.2694498795169
48.2775661997065 -1.7e+308 -1.7e+308 -1.7e+308 -1.7e+308 -1.7e+308 -1.7e+308 -1.7e+308 -1.7e+308 -1.7e+308 -1.7e+308 -1.7e+308 -1.7e+308 55.4732522221389 57.3946556875329 54.8772265626315 53.6168977990982 51.2977083997697 49.0995542905081 46.3462028717235 48.1379387385675 49.3766920992569 51.2837341269046 51.0465576844356 51.3043516922892 51.2271484023922 51.0942924505875 50.1408759384089 49.7050005823739 49.2641344699083 48.6800790866983 48.027934726032 46.86718682567 47.4209188611382 46.3080661237609 46.8426327109537 46.5085752312832 46.4398365508674 46.1390308799049 46.2654052716787 45.870852265381 45.6525109254587 45.469885984665 44.9806633895377 45.4922548105821 45.7700204563744 45.7075126268502 45.6483437874578
48.0691754149482 32.9032472982703 -1.7e+308 -1.7e+308 -1.7e+308 -1.7e+308 -1.7e+308 -1.7e+308 -1.7e+308 -1.7e+308 -1.7e+308 -1.7e+308 -1.7e+308 43.0920231947904 56.6700486935014 57.7321998716683 54.1335069097476 52.0117379941165 48.2148750442016 46.2782783594116 45.2286038368539 46.8316233409242 47.7771701637224 49.1594922850594 51.2192993143148 51.675174847644 51.4402611890735 50.5389427227364 49.8145746862913 49.6886100110498 48.9660759673491 48.0263589609555 47.3082387074766 47.4565774429124 46.5996554989994 45.9905265556239 46.8316642466985 46.7710265995042 46.3390928538204 46.4540917317163 45.6331029712131 45.4170914757199 45.2716139381289 45.2556529460254 45.5858748508041 45.8845329795603 46.1066439320664 45.8639979368651
51.1045481433743 -1.7e+308 -1.7e+308 -1.7e+308 -1.7e+308 -1.7e+308 -1.7e+308 -1.7e+308 -1.7e+308 -1.7e+308 -1.7e+308 -1.7e+308 -1.7e+308 -1.7e+308 52.5464338708802 55.1354518538917 52.9582734445915 52.1260844321016 50.4766337183918 49.1183039364406 47.8032823144727 48.0046423659707 46.0901949406409 47.1033789730046 50.9547186674266 51.8232849744739 51.6545153129763 50.9173013003769 50.3926952269848 49.9801691415559 49.3658677952945 48.2699691801177 47.4992780417947 47.5141593132814 47.4293881801301 47.0412387677262 47.434113590176 47.122964889668 46.5638019420233 46.6346781525935 46.2587790944877 46.1840671108166 45.5874530376459 45.8791845913981 45.5725819719669 45.8261662787177 46.0689007365656 46.1968876766714
51.256067335931 -1.7e+308 -1.7e+308 -1.7e+308 -1.7e+308 -1.7e+308 -1.7e+308 -1.7e+308 -1.7e+308 -1.7e+308 -1.7e+308 -1.7e+308 -1.7e+308 -1.7e+308 -1.7e+308 54.3947677489198 55.9916217983393 53.5998983249992 49.612408809039 47.0333401334018 48.2172671944524 47.9784833257712 46.927746530482 45.8009872472942 49.2123259843592 51.8800609516347 51.7029116512897 51.4000448922692 50.7735721090353 50.0266733714839 49.3258260943345 48.2639476782655 47.8024587955316 48.0764818904898 47.9261171828408 47.2527091279021 47.8552772735049 47.4498050374202 46.9800288797191 47.1234940269245 46.753243960585 46.6848331745645 46.2226544553712 45.8256988779274 46.0039402871385 46.1218893094995 46.1964828035934 46.3187986629214
51.3102493966651 -1.7e+308 -1.7e+308 -1.7e+308 -1.7e+308 -1.7e+308 -1.7e+308 -1.7e+308 -1.7e+308 -1.7e+308 -1.7e+308 -1.7e+308 -1.7e+308 -1.7e+308 -1.7e+308 35.9577598770693 54.8753913248391 55.4740373933479 52.2681864568954 50.8508592051688 51.5245626568067 48.597168177464 48.3396445837551 46.6396745879391 46.3139832246072 50.7718762006426 51.6859443897864 51.6305740117144 51.3183714684501 50.4631971911447 48.9716055369538 47.7000558985398 47.6967309838441 47.6527221255053 47.9594253065296 47.7140759433756 48.4705991455644 48.3136306515692 47.3901139419972 47.9565114157394 47.4251158028601 47.0770687904949 46.9058813446388 46.5608524638786 46.2337110021128 46.4075824151648 46.2265795771867 46.3690841154983
49.603684549528 -1.7e+308 -1.7e+308 -1.7e+308 -1.7e+308 -1.7e+308 -1.7e+308 -1.7e+308 -1.7e+308 -1.7e+308 -1.7e+308 -1.7e+308 -1.7e+308 -1.7e+308 -1.7e+308 -1.7e+308 42.9184158345307 54.7891535067888 53.0563497237639 52.1867943297678 52.7631482854544 52.3161429491269 49.9932401571269 51.5079996378014 48.7363513700529 47.5699291185288 49.4125816033619 51.4411420791786 51.9819112892256 51.0512021034667 50.3443860185652 49.6839730204901 48.4877732316095 48.776141873197 48.3462233175163 48.3771907728696 49.1915284149632 49.0425667659897 47.8908497135727 48.3594137912457 48.2948783947325 47.6722637328272 47.0986882635614 46.7070171058086 46.5642013553484 46.7369792133566 47.1085371796032 47.0353557739905
49.4614037970366 -1.7e+308 -1.7e+308 -1.7e+308 -1.7e+308 -1.7e+308 -1.7e+308 -1.7e+308 -1.7e+308 -1.7e+308 -1.7e+308 -1.7e+308 -1.7e+308 -1.7e+308 -1.7e+308 -1.7e+308 -1.7e+308 -1.7e+308 43.7327237296122 52.6998960845049 52.8792472493793 53.3374694198811 52.243629287097 52.8988892174771 52.9744168394071 47.1379636645099 47.3293378619183 51.2079719551431 52.4085623247683 51.5215068055886 51.1783710143667 51.0449481755726 49.5332364453757 48.9582959607482 49.0962386800061 49.2051052349809 49.8063962526883 49.6430313563181 48.6408193851783 48.522592235096 48.6093059552251 47.9518509561308 47.1318044502243 46.2213098571155 46.4852934155795 46.7914737060865 47.4436681842833 47.2656919218143
49.2180281045646 -1.7e+308 -1.7e+308 -1.7e+308 -1.7e+308 -1.7e+308 -1.7e+308 -1.7e+308 -1.7e+308 -1.7e+308 -1.7e+308 -1.7e+308 -1.7e+308 -1.7e+308 -1.7e+308 -1.7e+308 -1.7e+308 -1.7e+308 -1.7e+308 -1.7e+308 46.7727819354087 53.2263613279606 53.5161777325784 54.2580881444976 53.416141565082 49.2646245227236 47.1665966576924 48.5625746725855 51.9177632184366 52.590491614871 51.4896754731542 51.4001423948432 50.3187371310962 49.9097080437273 49.7717988977348 49.9778128399428 50.3834885303314 50.3803409398504 48.584603643569 48.8546858957683 49.1088281385972 48.2994329670484 47.2697993902305 46.4172870085736 46.6786032872352 46.8159548303854 47.3044466458859 47.0279906259019
47.4314010140222 23.6677498941639 -1.7e+308 -1.7e+308 -1.7e+308 -1.7e+308 -1.7e+308 -1.7e+308 -1.7e+308 -1.7e+308 -1.7e+308 -1.7e+308 -1.7e+308 -1.7e+308 -1.7e+308 -1.7e+308 -1.7e+308 -1.7e+308 -1.7e+308 -1.7e+308 -1.7e+308 43.5169119259177 53.3277071481309 53.2736409840236 54.4192832102862 50.7011090819774 50.6696984527986 47.3525989625352 49.4669368233763 51.651380655275 51.4582830076365 51.2831733446039 50.4786685780373 50.0999758880908 50.2828904281172 50.7111156341407 51.0691049296705 50.3206176378037 48.4306235425414 49.2789096246884 49.6110701082454 48.5266490811223 47.4514527504865 46.7327955937515 46.9568027014929 46.7071487205997 47.3736616970631 46.9526193659335
46.4238611838415 34.816011871666 -1.7e+308 -1.7e+308 -1.7e+308 -1.7e+308 -1.7e+308 -1.7e+308 -1.7e+308 -1.7e+308 -1.7e+308 -1.7e+308 -1.7e+308 -1.7e+308 -1.7e+308 -1.7e+308 -1.7e+308 -1.7e+308 -1.7e+308 -1.7e+308 -1.7e+308 -1.7e+308 42.2121866906847 53.2309957207725 53.8391745433522 51.40420643663 52.2277932006549 50.5121701305011 50.1601856711542 48.985264009355 50.7176782852319 51.956780602991 50.8667950816805 51.1740729279175 51.5024274448889 51.74201624413 51.2272345782698 49.4649716153572 48.424061465742 49.6191554031463 49.8801136967533 49.2695805041113 47.4262073840843 47.4566125558103 47.8288927018114 47.203629577543 47.1547653127613 46.818696324635
43.5284857097821 25.6622302809167 -1.7e+308 -1.7e+308 -1.7e+308 -1.7e+308 -1.7e+308 -1.7e+308 -1.7e+308 -1.7e+308 -1.7e+308 -1.7e+308 -1.7e+308 -1.7e+308 -1.7e+308 -1.7e+308 -1.7e+308 -1.7e+308 -1.7e+308 -1.7e+308 -1.7e+308 -1.7e+308 -1.7e+308 50.1413725335159 52.9138637901362 55.1737444350325 53.6080431537004 49.9783451216453 51.5687545107807 48.222772414059 49.6593555350956 52.7559269532825 52.1513246978786 52.2070621475901 52.5853726817028 52.4990169805289 51.5587074982846 51.0968187917062 49.5289481482837 50.0998453354632 50.001062609585 49.1920946225956 47.8214261201481 48.725623509765 47.8023414968586 47.5462328330791 47.3603588917809 47.4641752464145
42.9654920990021 42.3256229587348 -1.7e+308 -1.7e+308 -1.7e+308 -1.7e+308 -1.7e+308 -1.7e+308 -1.7e+308 -1.7e+308 -1.7e+308 -1.7e+308 -1.7e+308 -1.7e+308 -1.7e+308 -1.7e+308 -1.7e+308 -1.7e+308 -1.7e+308 -1.7e+308 -1.7e+308 -1.7e+308 -1.7e+308 26.7916624727109 53.9516295679049 53.7174567029332 54.2893269577876 50.2285352727873 50.1945708288086 50.7112867100907 47.9806683256418 51.4712150358022 53.540892720286 53.0551546760513 53.1119090659593 52.5134827480784 51.3971514962622 50.7907700837555 49.6647498487837 50.7354130039798 49.8609789952122 49.376388782238 47.5092362631252 47.8052157400092 47.5424489825674 47.3073333762415 47.1609268470681 47.3766119458189
42.6102092747949 45.1894131562197 -1.7e+308 -1.7e+308 -1.7e+308 -1.7e+308 -1.7e+308 -1.7e+308 -1.7e+308 -1.7e+308 -1.7e+308 -1.7e+308 -1.7e+308 -1.7e+308 -1.7e+308 -1.7e+308 -1.7e+308 -1.7e+308 -1.7e+308 -1.7e+308 -1.7e+308 -1.7e+308 -1.7e+308 -1.7e+308 47.9969076974144 53.8875710422133 54.5201332641864 52.9340524053326 50.3022550048104 51.7624939305227 50.3818169230059 50.3085748767473 54.0439295999433 54.1742131899488 54.0469228989353 53.1544012279041 51.8370669289016 50.8810389995407 50.0715777775503 51.1177485602123 50.1442040194436 48.9125431495977 47.0208660573608 47.9012112166933 47.4901225707899 47.0493113920843 47.3613601709951 47.4956671980608
41.3729852740857 43.3116889170603 -1.7e+308 -1.7e+308 -1.7e+308 -1.7e+308 -1.7e+308 -1.7e+308 -1.7e+308 -1.7e+308 -1.7e+308 -1.7e+308 -1.7e+308 -1.7e+308 -1.7e+308 -1.7e+308 -1.7e+308 -1.7e+308 -1.7e+308 -1.7e+308 -1.7e+308 -1.7e+308 -1.7e+308 -1.7e+308 -1.7e+308 53.71181696524 54.19129734325 54.6067105397501 52.2287451487449 53.4500958053745 50.9004154912292 50.2556167441579 54.1162144050992 54.7642898214969 54.8904850254621 54.0024566778103 53.1044522541884 52.3678525832626 51.1221493098227 51.5250134048521 50.5656360662363 49.0675964318988 47.4722303699177 48.2714078777164 47.9070148703806 46.869076414194 47.3453238018079 47.4726677590874
