Scripts_&_data/WorldClim_2.0_rasters/WC2.0_bio_10_16.asc
NCOLS 642 
NROWS 378 
XLLCORNER -19 
YLLCORNER 19 
CELLSIZE 0.166666666666667 
NODATA_value -1.7e+308 
[rows 252 to 272 of 378, columns 288 to 335 of 642]
18.8178750077883 17.8789166559776 16.8270416905483 18.3434167504311 17.8485417018334 18.5084583858649 18.6597082614899 18.7936250368754 19.028708289067 18.7070416410764 18.6815416812897 19.6938749949137 18.7644165754318 18.0732499659061 18.2580416997274 19.4585000375907 20.6880833903948 20.9819999734561 21.1265833377838 20.9717083474 21.0659583310286 21.042833318313 21.0515833099683 20.5923750301202 18.6761250495911 20.038083344698 21.7969166139762 20.9806250135104 20.3346250255903 21.3825416266918 22.0330833594004 20.3302082717419 18.8142500718435 18.4538334111373 17.874416689078 18.2900833586852 18.357916722695 17.936458359162 18.0782082776229 19.2702499528726 18.9577083488305 18.6347916225592 18.4150416453679 17.662416656812 16.7813333968321 16.5912083486716 17.1160832842191 16.8340832690398
19.3593750298023 18.8051249782244 19.0229167044163 18.8385833700498 17.3423332671324 17.6866666873296 18.5276250342528 19.653541713953 20.5124583939711 20.4187499880791 20.4783750573794 20.7064583003521 21.054874976476 20.9055417577426 20.7052082419395 20.7752084434032 20.8820000092189 21.641374985377 20.9653333127499 20.8225415845712 21.3444583217303 20.1413749754429 20.7557082871596 19.0865415930748 19.6832083066305 19.9502500295639 21.4451250433922 20.7453750173251 19.5268333256245 21.7627916932106 21.557166626056 21.9507916867733 21.607749948899 21.0589999258518 18.5020000338554 18.1602499186993 18.5199165940285 18.8072916766008 18.5970000227292 18.5474166373412 18.6634999513626 17.7232915858428 16.6143333216508 16.4652917037408 16.1360416412354 16.5308750271797 18.0473333597183 17.3609165648619
21.0514999230703 19.0431666274865 19.2512500186761 18.5414166549842 18.2379166881243 18.115916689237 18.6777500212192 19.0062499543031 19.2586250305176 19.4739999870459 20.278041779995 20.4887917439143 20.3213333288829 20.045291741689 19.9146249691645 20.2532916267713 21.1253331899643 21.6497082809607 21.3405832449595 20.6582084198793 20.7302082479 19.9222916563352 20.7362082898617 20.5615000029405 20.4900416831176 20.2842916846275 21.7471249699593 20.797749966383 21.2833333512147 21.3592499693235 19.0365416506926 18.4494583010674 20.7435833414396 20.8910833001137 19.3654167254766 19.2442083259424 19.1693750421206 18.8494583765666 18.76824999849 18.2840416928132 15.967916722099 14.9777500083049 14.4228749722242 16.1180416444937 17.715041667223 17.9429167012374 17.4339998612801 17.1722082793713
18.6307916839918 19.3915416995684 18.2961666584015 18.6868749260902 17.6773333450158 18.2220833202203 19.2336249649525 17.7731250226498 17.531541655461 19.1046666701635 19.7670417328676 20.5672084589799 20.7682917217414 20.7152917484442 20.3232500155767 19.7510000268618 20.3404167691867 21.4528332750003 21.3556666572889 20.9005832473437 20.0982082386812 19.4672916034857 20.1940834124883 20.1673333744208 20.7375833590825 21.6386250158151 21.6269584000111 20.2639998396238 19.8818334043026 19.0398333172003 18.7534582813581 18.5843333005905 19.0123749375343 19.3934165636698 20.3342083990574 19.5599583089352 18.8736249705156 18.1975000500679 18.6126667062441 17.7921250611544 15.3696665912867 15.2070832649867 15.5931666741769 17.2984583129485 17.9881249765555 17.408583343029 17.1191666324933 16.8896666814884
18.4481667180856 19.6504167219003 18.0485833485921 18.8625417053699 18.9181667168935 19.1639583110809 18.9514583746592 18.9221666753292 18.3270416458448 18.8290000458558 18.4882499972979 20.0136251052221 20.2436249454816 20.7532917658488 20.6520832677682 20.6387083828449 20.1992499629657 20.8933333555857 21.1930415928364 21.4093333383401 20.2413333555063 19.8098750114441 19.9073749879996 19.9002498984337 20.6683333615462 20.7464999953906 21.5647915999095 20.7626666426659 19.8009166022142 18.8355416158835 18.8544582923253 18.542208313942 19.2359583179156 19.1623333394527 19.9267083406448 19.8835000594457 19.3092500269413 19.1380000412464 18.5411666929722 17.5489583164454 15.5302916665872 17.8381666491429 18.6569999754429 18.0856666217248 17.5218750784795 16.693416595459 16.5597082475821 15.8190417389075
19.2447915871938 18.4132916529973 19.3345416684945 18.6523333589236 18.3468750615915 18.8417082826297 19.7416666249434 19.7697500387828 19.5455416341623 18.3769166568915 17.431958347559 19.0257916748524 19.8087916175524 20.1265832881133 20.4697916805744 20.6071666280429 20.8734166224798 20.9007500112057 20.6418332457542 20.9082082708677 20.7941249807676 20.1692083577315 20.3787916799386 20.3153749505679 20.615416765213 21.2109584311644 20.8642501632373 20.7059166332086 21.0557499627272 21.3542083501816 21.2957917054494 20.2631249626478 19.4931666652362 18.9753333032131 19.1108333567778 19.2916249235471 19.5511250495911 18.9256250361601 18.418124973774 17.9392916858196 17.9730833719174 19.5776249965032 18.535666624705 17.1625000486771 16.1205833703279 16.1287916700045 15.7866250773271 15.6608749677738
20.6057917177677 21.3678750296434 20.6036249895891 18.6025416851044 17.1413333018621 18.7587499320507 18.9946250021458 19.3886249661446 20.0162917772929 19.8724166750908 18.8484999934832 19.0565000077089 18.9100417395433 18.07374997437 19.2792917291323 19.7879999975363 19.9429999291897 20.594708353281 20.5141666730245 20.1031250059605 19.7907083531221 19.4387082656225 20.6394583185514 21.0115000108878 21.2437083224456 21.1651250223319 20.8932500183582 21.0374999741713 19.7031250496705 20.4481250246366 21.27470840017 21.6908333301544 21.0444166362286 19.1859166324139 19.3952499727408 18.8450000484784 19.3130833009879 19.8212916950385 19.2061666647593 18.6190833648046 18.4974583586057 18.276583408316 16.742583334446 14.6952082961798 15.6776666641235 15.84024994572 15.4131666968266 14.8227917402983
22.1536667247613 22.1041666368643 20.1362916032473 19.6884165505568 20.0797918140888 18.9095416367054 18.2375416656335 19.2332083284855 19.257166693608 20.3578333258629 20.3522917330265 19.6606667041779 19.7846250434716 19.0560416430235 19.0044166843096 19.6312083899975 20.0929582814376 20.5425832966963 20.2034166355928 20.2328749199708 20.0032917161783 19.9890416463216 20.087208310763 21.055958310763 21.3325833479563 20.8594999909401 20.8947083453337 20.9918749928474 20.055333306392 18.6430416405201 19.7277082900206 20.7596667011579 21.4734584093094 21.3258333802223 21.2371249198914 20.7354167004426 20.6493749717871 20.4890416264534 20.1088333427906 19.7610833545526 17.2407083163659 17.1764583339294 17.3805000185966 15.9945000261068 16.0556666602691 14.9535000026226 13.026416644454 15.0485000113646
22.8884583115578 21.7469583153725 21.7535000642141 21.5292916496595 19.7818750341733 19.4520416359107 19.4229584435622 19.4615833361944 18.2254583835602 19.4913750986258 19.6464999914169 19.9364583243926 18.9410000145435 20.3829583227634 20.3263750374317 20.763874967893 19.2110416988532 19.4125833113988 20.4595415989558 20.484666655461 20.7186250289281 20.2223750054836 20.5604583720366 20.8453333179156 21.1318333049615 21.0040000180403 20.9763750533263 21.3005833824476 21.4503750304381 20.2157083153725 18.7944999933243 19.5940833389759 19.7881249785423 19.147541642189 18.7218750715256 18.8425417045752 18.5985000133514 20.1207499752442 13.9726667205493 15.4649999688069 17.6042500187953 17.4891250034173 17.8774166454871 17.0381250282129 14.8721249997616 14.6938749800126 15.4825833290815 15.7094582865636
22.8802083532015 22.3785417179267 22.0309583147367 21.6913750569026 19.90512479345 19.6450833479563 20.1628749966621 20.1430417001247 17.5691249966621 19.4471666614215 19.7650416096052 19.1040000518163 18.3447083135446 17.3851666053136 20.3572917580605 20.4339582125346 19.868666579326 19.3767916460832 19.8871249655883 20.2052082916101 20.4777083198229 20.4122500022252 20.7464999059836 20.653124978145 20.7358749608199 20.8701666295528 20.8132082819939 21.4228333930175 21.4363333980242 20.991708278656 20.5770417153835 20.1166666547457 19.6118749479453 18.4996249179045 18.4660416940848 17.907833357652 19.5755833685398 21.2375416855017 18.1557916899522 17.6973750342925 18.2189582288265 18.5959583918254 16.4309583554665 14.1195834080378 15.7026667197545 14.0984999785821 16.6976250261068 20.3036249876022
22.7883333861828 22.959083288908 21.8872082531452 21.2537083526452 21.9403750002384 20.7417500217756 19.1479583084583 19.8461665610472 19.5195000569026 19.2034999628862 20.2282082935174 20.1805416742961 20.2235000431538 19.0825000405312 17.4312083025773 19.7062499821186 19.6569999655088 19.8991666138172 19.9153333803018 19.756958335638 19.8375416298707 20.2410417298476 20.4305416444937 20.375749985377 20.5784582297007 20.7259582380454 20.6816249887149 21.3078333536784 21.312749962012 21.3065832654635 20.9244166513284 19.1029999256134 17.697833403945 17.8241250862678 19.1151250004768 18.8451249400775 19.8857083320618 20.6290416518847 19.873458335797 18.6895833214124 18.7062915662924 17.3455415715774 15.8186250130335 18.1909582813581 16.611958394448 13.7633750339349 17.273749957482 21.8307083447774
22.8357083201408 21.8980000217756 21.6798750261466 22.0563750068347 21.178166727225 21.3833333353202 21.2729166348775 20.3989166518052 19.2697916328907 18.8470417559147 18.8965416948001 21.0571250816186 18.4654166648785 19.2380833973487 19.1853334108988 17.9642083744208 19.1310832897822 18.7747916579247 18.0688333014647 17.8920833269755 18.2393749753634 20.3958748479684 20.4855833252271 20.2673332293828 20.6295833289623 20.7645833988984 20.5507916907469 20.9804583589236 21.1074999272823 20.9945833186309 19.4228749920924 17.1200417031844 15.7880416313807 14.8988333294789 19.0564998785655 18.5342499911785 18.1468333403269 16.382833302021 18.4921666383743 18.1676250298818 15.9857082863649 16.1030832976103 16.7317916353544 17.1512083560228 16.3242916464806 18.0963750332594 17.8846666514874 18.6186667283376
25.0131667951743 22.430750032266 22.2726666927338 21.3187499841054 20.6013750831286 21.8860416511695 20.6325416366259 20.3374999860923 20.8587499856949 20.9351249734561 20.5463333626588 20.7717084387938 16.8494165738424 16.7579166690509 20.2592082520326 19.7502499818802 19.0457916756471 18.8642083009084 17.615208397309 18.3991666734219 19.3735416531563 20.8889583349228 20.6401249468327 20.5800417164962 19.9237916668256 20.733500033617 20.9399584333102 21.0043333470821 21.0570416053136 20.9537081817786 20.7774584392706 20.7619999547799 20.7902499983708 20.0865834305684 17.6812082926432 15.2689167757829 15.9252083698908 10.6950833275914 17.0831250001987 18.2740000486374 18.1055833448966 20.4147500197093 19.5784166355928 18.0200833429893 16.6587499976158 17.1704999903838 18.2913333823284 18.5500416457653
23.0395415922006 22.3405000368754 21.3431666294734 21.6768750349681 21.5754583974679 19.9982498884201 20.6017500261466 21.6603333850702 20.0474583009879 20.404791623354 18.6206250240405 20.298000027736 19.4499583343665 16.5292499611775 19.8250832855701 20.3645416398843 20.0583750208219 18.5632500052452 17.7577499846617 18.5052917202314 20.0192916591962 20.7785417040189 20.8417917788029 20.9052917063236 20.9670416911443 21.0229583084583 20.9639166295528 21.378125021855 19.8612499435743 20.7076250414054 21.2384583552678 21.387041648229 21.5529583891233 20.8029166956743 18.4191250304381 17.2965833147367 14.3545415798823 13.6155416493615 19.962666730086 19.7456249396006 21.376750032107 21.7566250264645 18.1591667234898 17.1056666274865 17.4646249910196 19.3909166455269 24.4290416737397 24.2696249584357
21.20670825243 20.3055000503858 20.5848749876022 19.9277916550636 20.5539166529973 20.7426666716735 21.5574166178703 20.0254583557447 20.3827084203561 20.9804166754087 22.509916673104 21.1537917057673 19.3199999829133 18.7541666279236 19.5203332602978 20.2574166456858 19.8152499496937 19.662833382686 17.3361666798592 19.344749947389 20.5208332637946 20.8892083565394 21.0887916485469 21.0338332951069 21.1193332870801 21.1071666876475 21.3258750637372 21.4384167095025 21.5359166959922 21.55825004975 21.2711249490579 20.780083378156 19.5749583343665 19.1962916254997 19.8232500255108 19.095458338658 17.9615833709637 21.2903750141462 21.3935417135556 22.8426666955153 23.4322499533494 23.4600417117278 21.956166634957 20.6210833291213 20.1397916873296 22.4870416621367 26.3146666785081 24.9324166377385
21.402583360672 20.1830000181993 22.2461249430974 19.8842916389306 19.5962083737055 20.6016250749429 21.1197083791097 20.0028334061305 21.471624960502 21.6217500269413 23.1880832910538 22.6510416865349 18.6602916121483 21.0195832749208 18.8642083505789 19.1171666781108 18.3975000083447 20.2590833604336 19.098416686058 18.6260834435622 20.4802501300971 20.9554583330949 21.022541731596 21.0309583842754 20.3196249206861 21.0191667377949 21.3332499861717 21.3217083017031 20.8390833636125 20.0852917432785 18.2075833429893 17.5367083499829 14.8368332783381 13.6372082879146 15.6895833363136 20.1270415782928 21.0933750271797 22.7444999019305 24.4620417058468 26.6402083039284 27.4810417890549 27.0335417191188 26.8710416952769 25.3670417865117 22.7576667070389 19.5608333051205 24.3844998975595 27.0331250826518
19.5449999670188 20.717833335201 21.0408333937327 21.188625027736 20.3341666559378 19.739458411932 18.4762917160988 21.5149583717187 22.1945416430632 22.3274584015211 23.8287917077541 23.7752917309602 20.976041674614 22.5418749550978 18.6414166490237 17.8219167292118 19.7811665832996 17.963958332936 19.7559582690398 19.52895835042 18.9909583628178 19.7166666090488 20.050374964873 20.4409583310286 21.2525415917238 21.3150416811307 21.2829999029636 20.7745834290981 19.7822499771913 18.227666636308 14.5527500361204 11.3112500011921 13.6525000433127 16.5432083507379 20.880249897639 22.0751250485579 25.9500000476837 26.8214167356491 26.6991666952769 27.2929584781329 27.7010000546773 27.5358333587646 27.5873334407806 26.1232083638509 25.6388333837191 20.748583316803 25.154250005881 27.0928332805634
22.3068750003974 20.9053749740124 20.1284166574478 20.8308750192324 19.9617917140325 19.0235416889191 19.8738332887491 21.7691667179267 22.2559582988421 24.3272082904975 25.4522083004316 25.9101250569026 23.9892499645551 24.0839582184951 21.6936667760213 20.9006249805291 20.7219999233882 16.4642501125733 16.4005833864212 18.0706666707993 18.8999999860923 19.6424166758855 20.7016249795755 19.988333384196 20.0462916294734 20.2442916631699 19.7842915852865 18.7064167062442 17.5152499874433 15.6414167235295 13.8885417878628 14.3670416623354 18.8289166241884 21.9646250804265 24.2427916824818 26.1379583279292 26.8506667415301 27.1209166844686 27.1014582514763 27.1706249713898 27.7935833533605 27.4208749731382 27.7022917469343 26.2553749481837 21.1413749754429 23.3620832959811 26.9683750271797 25.2069165805976
21.8333750168482 19.7107083102067 19.9405416746934 19.736708343029 19.172333329916 18.403749982516 19.7935000360012 20.25908340017 21.8834167321523 25.4769472082456 24.7439794143041 26.1547088027 26.1910123030345 25.7942499915759 24.9496250152588 23.3739582598209 21.9464582403501 18.4298750062784 15.3082083662351 15.5112083107233 17.2882083654404 18.4740000069141 18.2517917156219 19.6444583237171 21.9449583987395 19.5861666798592 18.8718333542347 18.3563333749771 16.8601667384307 16.6105416814486 17.0119583308697 18.5475416282813 21.7865000665188 24.5964999695619 26.746208290259 27.0607916116715 27.0251666108767 27.1460416913033 27.3428332606951 27.4549166560173 27.2164166172346 23.9843016664187 20.7848934729894 24.4529998501142 18.650166640679 25.7794582744439 26.7711665630341 26.3407916029294
24.8472457826138 23.6442083418369 22.9670417308807 18.8698749492566 19.679750084877 20.2686250110467 19.4280415972074 17.4449166754882 20.7890000840028 13.8865751922131 -1.7e+308 -1.7e+308 -1.7e+308 -1.7e+308 13.1194388866425 24.1067575216293 24.4822500149409 22.9815833071868 20.7444584369659 18.3871665894985 17.3105000853538 17.5440416236719 19.3310000101725 17.6011249919732 19.8889999389648 24.5046665966511 22.5352082649867 19.2551250557105 19.0739166239897 19.3053333759308 20.295166661342 22.2019583086173 25.4466644525528 13.4485721786817 -1.7e+308 18.7154013713201 27.1647645831108 27.1312636733055 27.1646248698235 27.268356402715 17.107722123464 -1.7e+308 -1.7e+308 23.7097048064073 21.2675416568915 27.7060833573341 26.228041768074 27.4125416676203
20.6100017031034 24.5682500104109 24.0689583420753 16.5481666574875 20.1258333126704 19.7592501193285 16.9539582679669 20.8727500041326 21.5869166751703 16.0269623994827 -1.7e+308 -1.7e+308 -1.7e+308 -1.7e+308 -1.7e+308 -1.7e+308 -1.7e+308 18.7482916712761 23.5052891174952 20.9409584303697 19.1515416602294 18.6552083889643 20.1150832772255 21.3360000550747 20.950125058492 24.7388749023279 27.1034167408943 25.0232082903385 20.5703749756018 20.8985000252724 22.9746250311534 20.8056376973788 -1.7e+308 -1.7e+308 -1.7e+308 -1.7e+308 -1.7e+308 16.9266000986099 16.9344277779261 17.1277037660281 -1.7e+308 -1.7e+308 13.3609206875165 23.1946933070819 26.4624583820502 27.2482499082883 26.9982084830602 27.5197499394417
