Scripts_&_data/WorldClim_2.0_rasters/WC2.0_bio_05_16.asc
NCOLS 642 
NROWS 378 
XLLCORNER -19 
YLLCORNER 19 
CELLSIZE 0.166666666666667 
NODATA_value -1.7e+308 
[rows 336 to 356 of 378, columns 528 to 575 of 642]
40.8245000839233 41.1590003967285 42.3849999904633 43.2012495994568 43.2214999198914 43.1999998092651 42.8050000667572 42.4845006465912 42.2472500801086 41.9925000667572 41.6145000457764 41.2607502937317 41.1240003108978 41.3567497730255 41.779500246048 41.7917501926422 41.7657499313354 41.713499546051 41.470499753952 41.2214999198914 41.2602496147156 41.5277502536774 41.4482500553131 41.0985000133514 40.9002501964569 41.1179993152618 40.8432500362396 40.6894998550415 40.4945001602173 39.9497501850128 38.768000125885 38.4240000247955 39.225250005722 39.6187498569489 39.7217497825623 39.9347500801086 40.1677498817444 40.3262505531311 39.4849996566772 40.391250371933 40.2527501583099 40.3637504577637 40.4502508640289 40.4640002250671 40.1379997730255 40.5502500534058 40.6594994068146 40.4782497882843
41.2349998950958 41.2820003032684 41.3712494373322 42.778249502182 42.9354996681213 42.7542498111725 42.4580001831055 42.3337502479553 42.1522498130798 41.9659998416901 41.6952500343323 41.4435002803802 41.2054998874664 41.114250421524 41.4299998283386 41.6445000171661 41.7422502040863 41.6592500209808 41.3284997940063 41.025000333786 41.0925002098083 41.4037492275238 41.3232500553131 41.2694993019104 41.0364999771118 41.1109998226166 40.760999917984 40.7112500667572 40.5812499523163 38.7367496490479 38.1022503376007 38.6887502670288 39.4229998588562 39.7327501773834 39.7957508563995 39.9645004272461 40.2130002975464 40.3047504425049 40.2147500514984 40.2497498989105 40.3144996166229 40.4772503376007 40.5342490673065 40.3564999103546 40.6575002670288 40.7860004901886 40.7377500534058 40.1240003108978
40.7942500114441 41.0530002117157 41.6242496967316 41.7767498493195 42.1479997634888 42.1957502365112 42.3292503356934 42.2322494983673 42.0262496471405 41.8545005321503 41.7132499217987 41.5014998912811 41.4822499752045 41.2597496509552 41.8225002288818 41.9235002994537 41.9605000019073 41.6082496643066 41.3149998188019 40.198499917984 39.9144997596741 41.599000453949 41.4049999713898 41.2769999504089 41.1547501087189 41.1099998950958 40.8737504482269 40.7527496814728 39.9792499542236 37.8630003929138 38.3840000629425 38.8902499675751 39.4557499885559 39.633499622345 39.813250541687 39.9095005989075 40.0754995346069 39.9417502880096 40.0127501487732 40.4029998779297 40.1604998111725 40.3117501735687 40.3982498645782 40.7632503509521 40.9140002727509 40.8340005874634 40.7190001010895 40.1282503604889
41.160749912262 40.6795001029968 41.2737500667572 41.1032500267029 41.5892503261566 41.9595000743866 42.1009993553162 42.036749124527 41.8409998416901 41.7602503299713 41.6277494430542 41.4597499370575 41.4914999008179 41.8575003147125 41.9914996623993 42.0974998474121 41.9114995002747 41.5217497348785 40.8437497615814 40.1947500705719 40.3805000782013 41.2197499275208 41.3497500419617 41.5157496929169 41.2794995307922 41.1617500782013 40.7960002422333 40.2914998531342 38.2037498950958 37.7285003662109 38.6852495670319 39.502500295639 39.6687498092651 39.5704996585846 39.727499961853 39.7717499732971 39.7659997940063 39.7470002174377 39.7175004482269 40.244749546051 40.5864996910095 40.7207496166229 40.8195004463196 40.8737502098083 41.0427491664886 40.8292500972748 40.8372509479523 40.2815003395081
40.772500038147 40.7557497024536 40.8537497520447 41.3417499065399 41.5897498130798 41.8790001869202 41.9660000801086 41.8457505702972 41.6964998245239 41.5919997692108 41.5782489776611 41.6137492656708 41.7704999446869 41.9367499351501 41.9604997634888 42.0554993152618 41.6832499504089 41.3312497138977 41.0654997825623 41.337500333786 41.2540004253387 40.9057495594025 40.6874997615814 40.6684999465942 40.8597502708435 40.6192495822906 40.3932499885559 38.484500169754 37.4302501678467 38.4267501831055 39.2602498531342 39.4895000457764 39.5259997844696 39.4477500915527 39.4790000915527 39.6437499523163 39.6925003528595 39.3325002193451 39.220499753952 39.942750453949 40.5639996528625 40.9564998149872 40.8202500343323 40.8657503128052 41.0559997558594 40.933500289917 40.849250793457 40.5655000209808
40.7087500095367 40.7894999980927 40.8054995536804 41.3532502651215 41.559250831604 41.6862502098083 41.6392500400543 41.5640001296997 41.518000125885 41.5879993438721 41.7289998531342 41.7702505588531 41.7714998722076 41.8650007247925 41.9775002002716 41.7557499408722 41.58899974823 41.4052500724792 41.3670003414154 41.5150003433228 41.4305000305176 41.5065002441406 41.097749710083 40.1362504959106 40.0704998970032 39.9032504558563 38.0055000782013 36.2685000896454 37.6237502098083 38.7475001811981 39.2634997367859 39.1909999847412 39.400500535965 39.2430000305176 39.5195000171661 39.3950004577637 39.3670003414154 39.303750038147 39.1675002574921 39.3302502632141 39.7562501430511 40.525000333786 41.0074996948242 40.9110004901886 41.095249414444 41.0727503299713 40.8509998321533 40.5734994411469
39.912499666214 40.5692496299744 40.8564994335175 41.3385004997253 41.4170000553131 41.2414996623993 41.3522500991821 41.3832504749298 41.3560001850128 41.5722498893738 41.7157497406006 41.9665002822876 41.9060008525848 41.9182505607605 41.8395001888275 41.9182498455048 41.9852499961853 41.8245000839233 41.6137502193451 40.9972498416901 39.9595000743866 40.6422498226166 40.2760000228882 39.1987497806549 39.5750000476837 38.4040002822876 36.8797495365143 37.1890003681183 37.9349999427795 38.4789996147156 38.9769999980927 39.160249710083 39.1669993400574 39.3680000305176 39.2372493743896 39.1329998970032 39.2285001277924 39.5997498035431 39.8470003604889 39.4649999141693 39.7342500686646 40.2057507038116 40.8620002269745 41.1089999675751 40.9880001544952 41.1432499885559 40.9795000553131 40.69500041008
38.569000005722 40.2314999103546 41.1167502403259 41.149249792099 41.0249996185303 40.8997502326965 40.8972501754761 41.1559998989105 41.2717502117157 41.4872493743896 41.8219997882843 41.9632501602173 42.0635001659393 41.8139998912811 42.3999998569489 41.7050006389618 41.8487501144409 41.5684995651245 40.8112502098083 39.961749792099 38.9535000324249 39.7867505550385 38.828250169754 38.9502499103546 38.6342504024506 37.747750043869 36.4877498149872 37.2550001144409 37.7937498092651 38.7022497653961 38.9939997196198 39.0697491168976 39.1610000133514 39.2884998321533 39.2025003433228 38.9417510032654 39.0397503376007 39.1257500648499 39.3307502269745 38.1889998912811 39.7972497940063 40.6137492656708 40.3232498168945 41.1257495880127 40.7362499237061 40.9422497749329 41.1067490577698 40.8145003318787
38.9597499370575 40.5400002002716 40.8869996070862 40.8577501773834 40.7532503604889 40.6402502059937 40.6180000305176 40.8480000495911 41.0294995307922 41.3880000114441 41.40625 41.3377504348755 40.7092499732971 41.1432499885559 41.6147494316101 41.9822499752045 41.408499956131 40.2525000572205 39.704249382019 39.6199998855591 39.5407500267029 39.8199996948242 35.9864996671677 39.1827504634857 38.6455001831055 37.4585001468658 37.575249671936 37.4232501983643 37.8732500076294 38.5485000610352 38.7757499217987 38.8487503528595 39.0342497825623 39.0479996204376 39.1987502574921 39.2042498588562 39.2585005760193 39.051750421524 39.1419999599457 38.2185003757477 39.7542502880096 40.7422494888306 40.7470002174377 40.6877501010895 40.9327502250671 40.8197495937347 41.1605000495911 40.9500000476837
39.8494999408722 40.2357497215271 40.179000377655 40.2999997138977 40.2519998550415 40.2075002193451 40.177250623703 40.3594999313354 40.2342495918274 40.3785004615784 40.2715001106262 40.7915003299713 40.4287502765656 39.9969999790192 41.5519995689392 41.541999578476 40.4685003757477 39.9002501964569 39.6422502994537 39.664249420166 39.4367499351501 39.229749917984 39.1604995727539 38.5464997291565 39.2432498931885 37.5342495441437 38.0867495536804 37.8375000953674 38.5799996852875 39.1377501487732 39.1637501716614 38.8515000343323 38.8062498569489 38.7912499904633 38.8787500858307 39.1900000572205 39.5509994029999 39.6602494716644 39.8625001907349 39.6982498168945 40.2820000648499 40.6937494277954 40.9820003509521 41.0689997673035 40.86549949646 41.321249961853 41.1912500858307 40.9772505760193
38.0002501010895 38.7037498950958 38.8202495574951 39.0349991321564 39.5074996948242 39.7782497406006 38.9839997291565 38.0917496681213 38.4457497596741 39.7427499294281 40.1740000247955 40.4207499027252 40.3167500495911 40.4379997253418 41.8367500305176 41.1165001392365 40.0302503108978 39.8085000514984 39.3087496757507 39.2990002632141 39.7202501296997 39.1085000038147 38.8234996795654 39.3375000953674 39.6335000991821 37.469250202179 37.9965002536774 38.293749332428 38.8974997997284 39.4477498531342 39.3764998912811 38.9477498531342 39.107250213623 39.0220003128052 39.0245003700256 39.0609998703003 39.4277503490448 39.7374999523163 39.9005000591278 40.0589997768402 40.1632499694824 40.4270000457764 40.7257497310638 40.8990006446838 40.9280002117157 41.0707499980927 41.1789999008179 40.8472502231598
35.9825000762939 37.6884996891022 38.6774997711182 39.1374998092651 39.0844995975494 38.7849996089935 37.8627498149872 37.4824998378754 37.8342502117157 38.8367502689362 40.0309998989105 40.1822490692139 40.2090003490448 40.8412506580353 41.1557495594025 40.8727498054504 40.2344999313354 39.8407506942749 39.8142504692078 39.8329997062683 39.7762506008148 39.3135001659393 39.2695002555847 39.4849996566772 39.8237497806549 37.4447505474091 38.5585000514984 38.9370002746582 39.196750164032 39.7700002193451 39.8312501907349 39.5839998722076 39.8857500553131 39.4392499923706 38.8047499656677 38.9085001945496 39.212249994278 39.5364997386932 39.7912502288818 39.9200003147125 40.0340001583099 40.1957502365112 40.7395000457764 40.8700008392334 40.9522507190704 40.8729999065399 40.7159996032715 40.9197497367859
35.8352496623993 37.2787501811981 36.9102499485016 37.1789994239807 38.6382496356964 38.0402505397797 38.0820000171661 38.2834994792938 38.4602506160736 38.7557497024536 39.5507502555847 40.0857501029968 40.4809994697571 40.7864997386932 40.8702502250671 40.942750453949 40.638249874115 40.3887498378754 40.3532500267029 40.2397501468658 39.9544992446899 39.6735005378723 39.649249792099 39.6700003147125 39.7282502651215 38.7840003967285 38.7829999923706 38.9957499504089 39.3974997997284 39.587249994278 39.9720003604889 40.137749671936 40.0342495441437 39.4007501602173 39.0497498512268 38.8822503089905 38.9967503547668 39.259250164032 39.6504995822906 39.7647500038147 39.7452499866486 39.9812500476837 40.4210002422333 40.8930006027222 40.8250005245209 40.8695001602173 40.9324998855591 40.840000629425
37.6717503070831 38.8052499294281 39.3092503547668 39.5850002765656 39.4922504425049 38.6009998321533 36.7817499637604 38.0097498893738 38.0322501659393 39.0337500572205 39.7120001316071 40.068249464035 40.3650007247925 40.5410001277924 40.9140005111694 40.6914994716644 40.7510004043579 40.818749666214 40.5679988861084 40.4322502613068 40.1297492980957 39.8630003929138 39.813250541687 39.9367506504059 39.6682503223419 39.4637496471405 39.1287500858307 39.002249956131 39.1932499408722 39.5807495117188 40.0409996509552 39.7634999752045 39.5607504844666 39.7200002670288 39.0787501335144 38.8430001735687 38.75475025177 39.130749464035 39.2792501449585 39.448499917984 39.5817496776581 39.6354994773865 40.0199997425079 40.5912499427795 40.8617498874664 40.7487499713898 40.8552503585815 40.779000043869
37.8932499885559 38.7549998760223 39.3375005722046 39.436000585556 39.5652499198914 38.9575002193451 37.7730000019073 38.0049998760223 38.3042500019073 38.7162504196167 39.0972499847412 39.6612501144409 40.0690002441406 40.3232498168945 40.5997493267059 40.5822486877441 40.6494996547699 40.6197493076324 40.5299999713898 40.4005007743835 40.0055000782013 39.8365001678467 39.89200091362 39.8127501010895 39.6744995117188 39.5897500514984 39.5119998455048 39.4782502651215 39.4117505550385 39.7057499885559 39.7522501945496 39.5397498607635 39.3732507228851 38.981999874115 38.9825000762939 38.6432499885559 38.6714994907379 38.8804998397827 38.9842503070831 39.2917499542236 39.2945001125336 39.5139999389648 39.7514996528625 40.1532499790192 40.3555009365082 40.4532506465912 40.4817497730255 40.2915000915527
37.5625004768372 38.0882503986359 38.1607501506805 38.4052500724792 38.6695001125336 38.5687499046326 38.6632504463196 38.4275002479553 38.118750333786 37.8219997882843 38.5369999408722 39.2135000228882 39.7005002498627 40.0337498188019 40.3032500743866 40.4995000362396 40.5344994068146 40.4657504558563 40.5114998817444 40.2002506256104 39.8490006923676 39.7939991950989 39.7990002632141 39.7092497348785 39.7440001964569 39.6440000534058 39.5540001392365 39.5737497806549 39.4770004749298 39.5172502994537 39.4927501678467 39.383749961853 39.1215000152588 39.4507496356964 38.8977499008179 38.3922502994537 38.6920003890991 38.7137494087219 38.9350001811981 39.1302497386932 39.0949997901917 39.2732503414154 39.4609997272491 39.7929999828339 40.0877497196198 40.1532492637634 40.2350001335144 40.2144997119904
37.7375001907349 37.3220000267029 37.4482500553131 37.4609997272491 37.5485002994537 37.4822499752045 37.6790001392365 37.5157504081726 37.3437495231628 37.5724999904633 37.2907497882843 37.7132501602173 39.1822497844696 39.8179996013641 40.1845002174377 40.6404995918274 40.4692497253418 40.3862502574921 40.373250246048 40.1099996566772 39.8067502975464 39.7372500896454 39.796749830246 39.6729996204376 39.6697497367859 39.6404995918274 39.4982504844666 39.5029995441437 39.5114998817444 39.108749628067 39.2824997901917 39.3789994716644 39.4107496738434 38.9512500762939 39.2745006084442 38.9212493896484 38.6317498683929 38.6822497844696 39.0055003166199 39.1257495880127 39.2932498455048 39.127748966217 39.3102498054504 39.5357501506805 39.9399998188019 39.9840006828308 40.0682501792908 40.1494996547699
37.4904997348785 37.1420001983643 37.1670005321503 37.0042498111725 36.9292497634888 37.1019997596741 36.934666633606 36.4067499637604 35.8520464897156 36.5972502231598 38.0189998149872 38.5644993782043 39.1364998817444 39.5235004425049 39.9727501869202 40.3692495822906 40.4035003185272 40.1527502536774 40.0402498245239 39.8720002174377 39.6477494239807 39.5909996032715 39.7095000743866 39.5947496891022 39.497750043869 39.5647494792938 39.4162502288818 39.3529999256134 38.8445000648499 38.9527502059937 38.9617500305176 39.0372495651245 39.1172504425049 39.1535003185272 38.998250246048 38.8754999637604 38.9200000762939 38.6865000724792 38.9082500934601 39.1254997253418 39.2900004386902 39.2167501449585 39.116250038147 39.3394999504089 39.6325001716614 39.7679996490479 39.7792499065399 39.9512503147125
28.0514390468597 37.3723270893097 37.3115000724792 37.2450001239777 37.1378927230835 32.4986555576324 24.8024983406067 17.8371782302856 35.5312011241913 37.685250043869 38.3347506523132 38.5129995346069 38.7747507095337 39.2592499256134 39.5992498397827 40.0500001907349 40.2057497501373 39.918999671936 39.6942493915558 39.543999671936 39.4214997291565 39.400000333786 39.2140002250671 39.2317502498627 39.2604999542236 39.3177499771118 39.2815001010895 39.1917495727539 39.1084997653961 38.8577497005463 38.7960002422333 38.8090002536774 38.9252502918243 39.0319995880127 38.7354996204376 38.4005000591278 38.4982500076294 38.5712497234344 38.8012499809265 38.9807503223419 39.137749671936 39.3385007381439 39.0325000286102 39.3090000152588 39.4017505645752 39.4864995479584 39.6144998073578 39.9797503948212
-1.7e+308 -1.7e+308 -1.7e+308 18.5981934070587 -1.7e+308 -1.7e+308 -1.7e+308 -1.7e+308 37.2050523757935 38.2382500171661 38.2449996471405 38.3232502937317 38.6254997253418 38.988249540329 39.5360000133514 39.8444998264313 39.9440002441406 39.699499130249 39.0729999542236 38.981999874115 38.8710000514984 39.0682497024536 38.6037499904633 38.1289999485016 38.3320002555847 38.7904999256134 39.0692496299744 39.0325000286102 38.960999250412 38.7854998111725 38.428249835968 38.3010001182556 38.4602499008179 38.8352499008179 38.508749961853 38.220249414444 38.3160002231598 38.5342495441437 38.7557501792908 38.7700004577637 38.946249961853 38.9417498111725 38.9874999523163 39.0422501564026 39.3317503929138 39.9650003910065 40.6815001964569 41.1492500305176
-1.7e+308 -1.7e+308 -1.7e+308 -1.7e+308 -1.7e+308 19.4009704589844 19.9239790439606 35.1391785144806 37.9179997444153 38.1762497425079 38.3140003681183 38.5327498912811 38.9325001239777 38.8590002059937 39.5685000419617 39.8970005512238 39.829749584198 39.5037496089935 39.0677495002747 38.4312500953674 38.2655003070831 38.5307502746582 37.8427495956421 37.2924997806549 37.7442498207092 38.6837499141693 38.8847506046295 39.0012495517731 38.7622501850128 38.5792498588562 38.0359995365143 38.0590000152588 38.4210000038147 38.6977505683899 38.6752500534058 38.4210002422333 38.3372495174408 38.4742498397827 38.5619995594025 38.6932497024536 38.6015005111694 38.8302502632141 39.6742503643036 39.9757494926453 40.2049999237061 40.9215002059937 41.5365002155304 41.3989999294281
