Scripts_&_data/WorldClim_2.0_rasters/WC2.0_bio_13_16.asc
NCOLS 642 
NROWS 378 
XLLCORNER -19 
YLLCORNER 19 
CELLSIZE 0.166666666666667 
NODATA_value -1.7e+308 
[rows 270 to 299 of 378, columns 340 to 407 of 642]
74.8125 69 69.25 71.875 68.875 68.6875 67.75 64.4375 63.5625 69.375 69.4375 68.5 69.25 65.625 62.0625 61.5625 63.6875 66.75 67.3125 67.5 68.5625 69.625 72.75 77 80.75 83.8125 87.5625 92.75 104.4375 121.5625 141.5625 142.0625 144.8125 158.6875 167.5 172.875 173.6875 166.75 153.0625 144.5625 135.625 119.375 107.875 113 93.25 85.875 80.6875 77.8125 75.875 74 72.1875 70.3125 68.4375 67.375 68.0625 67.1875 63.5 59.25 54.5625 52.5625 50.375 50.5625 50.9375 50.8125 51.875 54.625 61.1875 73.1875
67.5625 65.75 62.375 64.75 64.75 62 59.1875 58.25 57.8125 60.25 59.625 60.875 61.625 59.125 56.125 56.75 58.75 60.625 61.25 62.25 63.375 66.4375 69.375 73 77.0625 79.75 80.875 83.1875 91.4375 113.375 148.1875 152.5 146.4375 151.6875 157.0625 157.6875 174.875 174.875 163.25 153.25 145.0625 136.8125 118.5625 115.8125 103.0625 90.625 89.25 86.1875 81.625 80.5625 75.875 72.6875 70.4375 68.9375 71.0625 73.875 69.6875 67.6875 62.3125 56 54.125 53.4375 52.3125 52.5 52.6875 52.1875 53.375 57.4375
64.125 64.375 62.25 59.75 59.1875 57.375 53.75 51.875 51.9375 53.125 53.25 54.5625 56.3125 56.625 56.5 56 55.375 54.4375 54.375 57.625 61 64.5 68.125 73.5625 78.125 79.5 79.1875 80.0625 85.25 101.0625 121.4375 128.625 126.375 128.125 132.25 132.5 147.6875 150.3125 155.0625 159.4375 161.9375 148.125 136.0625 117.75 113.8125 104.875 104.5 96.5625 91.625 88.4375 82.3125 79.4375 74.75 71.0625 70.6875 71.5625 66.1875 68.875 64.8125 57.5625 55.5625 54.875 55.125 53.5 52.625 52.6875 53.75 53.5
60.625 61.25 59.4375 56.1875 55.6875 52.625 50.0625 47.6875 46.625 48.375 49.1875 50.875 53.5 57.5 60.1875 61.8125 61.1875 55.5 51.1875 54 59.625 65.8125 70.6875 78.75 82.9375 83.625 80.625 78.125 83.5625 92.25 99.5625 101.9375 98.6875 101.125 116.25 116.5625 123.6875 129.625 150.75 178.625 176 157.75 143.6875 132.375 129.75 122.125 117.9375 111.6875 104.5625 99.625 93.3125 86.375 81.4375 77.4375 72.875 69.75 66.125 69.75 67 59.625 57.25 54.875 54.5 54.0625 52.3125 51.9375 52.5625 52.8125
55.875 56.1875 53.625 51.625 50.5625 47.8125 45.1875 41.5 42.0625 44.0625 46.1875 47.875 49.6875 52.8125 54 53.3125 51.8125 49.375 47.75 52.125 57.75 63.1875 67.8125 71.5 72.6875 72.6875 71.875 71 73.375 80.625 86.6875 88.4375 86.75 84.4375 91.1875 98.3125 108.0625 115.3125 131.875 170.4375 182.6875 177.25 173.125 170.9375 164.3125 138.625 131.3125 127 118.9375 111.75 103.875 95.3125 89.5 84 79.3125 75.9375 71.125 67.8125 64.0625 60.5625 58.25 55.6875 54.9375 53.625 53.6875 52.4375 52.5 52.6875
51 50.5 47.5625 47.4375 45.6875 42.25 38.25 36.5625 36.5 37.3125 38.875 41.375 42 43.0625 44.4375 44.875 44.6875 44.5625 46 49.6875 52.5625 55.6875 59.4375 61.625 63.0625 64.3125 64.5625 65.25 66.5625 69.9375 73.75 77.4375 77.625 76.625 79.75 86.4375 94.6875 102 113.4375 139.1875 148.8125 164.625 172 178.1875 167.5 151.25 142.375 140.375 137.6875 126.8125 116.125 107.4375 99 91.625 85.6875 79.4375 75.375 70.5 66.9375 62.8125 59.5 57.4375 55.3125 54.4375 54.25 53.1875 52.9375 51.875
46.625 45.5 43.0625 40.5625 38.5625 37.0625 34.5625 32.8125 31.625 31.5 32.5625 35 36.4375 38.25 39.8125 40.875 41.5625 42.6875 43.9375 45.1875 49.1875 52.5625 54.9375 56.75 58.5625 59.9375 60.875 60.75 61.25 62.8125 65.625 68 68.9375 68.75 72.0625 80.6875 85.4375 91.625 97.8125 108.8125 117.1875 133.9375 152.75 164.9375 160.3125 154.5 155.4375 156.25 153.75 145.5625 127.4375 120.6875 110.625 98.6875 91.625 84.75 78.625 73 69 65.5625 62.0625 59.125 56.8125 55.0625 53.5625 52.5625 52.25 52
42.75 41.625 39.625 38.25 36.375 34.875 33.25 33.625 33 32.25 31.5 31.875 32.625 35.125 36.6875 37.9375 38.0625 39.125 40.5625 42.75 46 47.9375 49.9375 52 53.0625 53.6875 55.4375 56.375 56.4375 57.625 58.375 60.25 61.5625 62 66.0625 72.625 77.1875 79.25 81.875 84.3125 106.8125 128.875 138.8125 146.9375 149.8125 156.1875 158.0625 164.125 169.8125 172.4375 156.625 133.0625 116.5625 104 96.8125 88.25 82.5 76.9375 72.1875 68.3125 64.9375 61.1875 58.3125 55.875 54.4375 53.875 52.6875 51.5625
39 38.5 36.75 35.8125 33.875 31.75 30.75 30.9375 30.6875 30.875 32.1875 32.9375 31.75 30.1875 32.5625 33.8125 35 35.8125 37.375 40.6875 41.875 42.5625 44.8125 47.9375 47.3125 48 51.0625 51.375 51.5625 52.875 53 54.3125 55.9375 55.9375 59.25 62.375 66 66.5 67.375 71 85.375 108.375 121.75 127 136.4375 134.875 145.5 169.375 179.4375 185.9375 172.75 147.125 127.1875 114.1875 101.875 93.3125 85.5625 79.75 74.8125 70.75 66.4375 63.25 60.125 57.1875 55.25 53.75 52.3125 51.875
37.5 36 34 32.75 30.875 29.375 28.4375 29.3125 30.3125 33.4375 34.5625 33.5 30.75 29.4375 28.6875 30.625 31.8125 33.25 34.9375 35.9375 37 38.875 41.1875 43.8125 43.375 44.3125 44.75 45.5625 47.75 48.1875 48.75 49 51.125 51.4375 53.0625 54.25 54.5 54.8125 57.25 60.625 70.125 88.9375 108.4375 107.125 121.25 134.25 137.6875 139.9375 148.5 148.125 160 151.8125 126.625 117.75 105.375 95.9375 88.5 82.25 77.75 72.3125 67.875 64.375 60.6875 57.5625 54.875 53.1875 52 50.6875
35.5 34.0625 32.75 32.125 30.625 29.125 29.0625 29.3125 30.0625 31.5 29.3125 28.0625 27.8125 28.125 27.6875 27.875 28.9375 30.6875 32.0625 33 32.75 35.3125 37.5 39.6875 40.75 41.4375 41.75 43.125 43.5625 45.1875 44.25 44.3125 45.5 47.5625 46.3125 47.6875 48 48.8125 50.9375 53.0625 59.375 68.9375 80.6875 91.5625 110.3125 127.75 134.6875 136.375 131.9375 131.25 150 140.875 131.5 118.5625 106.25 98.5 90.375 84.0625 78.75 73.75 68.9375 64.9375 61 58.0625 54.625 52.6875 51.3125 49.9375
34.8125 34.125 32.0625 30.5 29.125 29 27.75 26.625 25.9375 25.0625 24.125 23.1875 24.0625 24.1875 25.1875 26.1875 27.125 27.875 29.25 30.125 30.0625 31.5625 33.5 35.5625 37.3125 38.75 38.5 38.875 39.6875 40.9375 40.75 41.375 40.75 42.375 43.3125 43.4375 45.5 47.3125 48.4375 51.3125 55.25 61.4375 71.6875 81.25 91.875 104 121.9375 123.1875 129.875 138.375 144.5 138.25 127 119.0625 108.375 99.3125 93 86.8125 80.6875 76.25 72.25 66.3125 62.625 58.75 54.8125 51.9375 50.5 49.375
34.875 35.375 33.375 32.25 32.3125 29.5625 25.75 24.375 22.9375 22.25 21.1875 21.5 22.5 23.25 23.5625 24.125 25.75 26.9375 27.5 28.3125 28.3125 29.25 30.75 32.875 35.0625 36.1875 36.0625 35.5 35.8125 37.4375 38 37.9375 38.375 39.875 39.8125 40.4375 43.875 45.625 48.0625 50.6875 54.5625 60.4375 67.0625 72.3125 79.75 97.75 102.875 99 125.9375 129.5 137.0625 133.875 127.5625 119.1875 110 102.5625 94.375 87.75 81.9375 77.25 72.875 68.25 64.25 58.875 55.1875 52.4375 49.8125 49.0625
30.875 30.4375 29.5 27.9375 26.125 24 22.375 21.5625 20.5 19.8125 19.25 19.8125 20.25 21.4375 22.9375 23.4375 25 25.9375 26.375 26.8125 27.25 27.5625 29.25 31.4375 32.8125 33.75 34 32.875 33.5 35.5 35.625 34.0625 35.75 37.8125 38.875 38.875 40.5625 42.6875 46.5 48.75 52.625 57.875 61.6875 65.0625 70.375 77.375 80.4375 91.4375 103.6875 117 127.3125 129.875 123.5625 117.0625 110.4375 102.125 96 89.3125 83.5625 78.6875 73.125 69.375 65.5 62.875 62.25 54.25 50.25 49.3125
26.3125 24.3125 22.75 22.875 20.875 20.5625 19.5 18.9375 18.75 18.8125 18.9375 18.875 19.875 20.875 21.9375 23.0625 24.0625 24.4375 25 26.3125 26 26.4375 27.625 28.375 29 31.125 32.25 32.125 32.4375 32.625 32.8125 32 33.5 36.1875 37.5 38.4375 37.9375 40.5 43.125 45.375 48.25 52.5 56.6875 58.9375 62.25 65.5625 73.5625 83.4375 96 113.4375 127.5 123.75 119.625 113 107 101.375 97.0625 90.6875 85.0625 80.6875 76.5 71.0625 66.625 61.8125 60.125 58.25 49.75 47.75
22.5 21.9375 21.1875 19.3125 18.9375 18.4375 18.3125 17.75 18.4375 18.9375 19.0625 19 19.375 20.5 21.625 22.5 23.5 23.75 24.25 25.4375 25.75 26 25.6875 26 27.625 27.875 27.875 28.75 29.5625 29.5625 29.1875 29.5 31.6875 33.5 35.75 36.875 36.4375 38.8125 40.6875 41.0625 43.6875 48.375 51.625 52.875 55.625 58.125 69 79 92.9375 102.625 121.4375 119.125 114.25 109.5625 103.5 99.25 95.5625 92.625 86.8125 81.4375 77.125 72.5625 68.1875 63.5625 57.5 53.5 48.75 47.5625
22.875 20.625 18.9375 17.75 17.5 16.75 17.4375 18.375 18.875 18.5 19 19.25 19.625 20.0625 20.375 21.5 21.8125 23.5625 24.3125 24.8125 24.75 25.0625 25 25.5 26.125 27 26.6875 25.0625 25.9375 28.875 27.875 27.4375 27.0625 31.5625 33.625 34.75 34.5625 34.8125 36.5625 39.375 40.75 45.5 48.125 48.0625 50.5625 55.5625 66.6875 75.1875 90.75 100.75 110.9375 113.875 110.4375 107.75 102.25 98.5625 95.125 89.875 86.5 82.6875 78 74.0625 70.875 67.0625 59.75 54.625 50 49.625
20.375 18.6875 17.5 16.6875 16.75 17.5 18.5 17.9375 18 17.6875 18.875 20.125 20.375 20.625 21 20.9375 21.5 22.625 23.6875 23.875 23.3125 23.9375 24.125 24.25 24.5625 25.1875 25.4375 25.6875 25.0625 26.0625 26.3125 26.0625 25 25.75 30.375 32.375 32.9375 32.375 32.625 36 40.375 43.3125 43.3125 43.8125 48.4375 53.9375 59.375 67.1875 84.1875 95 104.625 107.375 105.6875 101.75 99.8125 97.375 93.5 90.3125 87.1875 83.0625 79.4375 75.75 72.25 68.125 63.125 57.25 54.3125 51.6875
20.6875 19.3125 17.8125 17.125 16.75 16.75 17.0625 17 17.3125 17.5625 18.8125 20.1875 21.375 21.75 21.9375 21.6875 22.0625 21.8125 22.375 22.375 22.75 23.125 22.9375 22.4375 22.3125 22.9375 23.5 23.4375 23.375 23.6875 23.75 25.0625 23.9375 23.6875 24.3125 28.3125 30.1875 31.125 31.0625 32.125 34.6875 37.4375 39.1875 42.5 46 51.5 56.8125 62.4375 72.4375 86.3125 95.0625 99.5 101.1875 100.25 95.5 95.125 91.3125 89.5625 87.75 83.875 81.4375 78.3125 73.75 71.5625 69.625 63.875 58.875 54.875
17.875 17.1875 16.5625 16.1875 16.125 16.8125 16.9375 17.25 17.875 18.3125 19.125 20.5625 21.9375 22.0625 22.4375 22.9375 22.875 22.5625 22.25 21.6875 21.25 21.5625 22 21.875 20.9375 20.75 21.3125 21.75 22.125 22.3125 22.5 23.5 24.875 23.4375 23.375 27.125 27.625 28.8125 30 29.8125 32.375 34.4375 37.3125 40.875 44.6875 49.375 55.3125 60.9375 63 77.125 89 92.9375 97.75 92.4375 90.375 90.9375 85.6875 86.0625 86.0625 85.25 83.375 80.25 76.75 73.8125 68.875 65.5 62.9375 59.4375
15.75 15.5625 15.4375 15.375 16.25 17.1875 17.5625 17.8125 18.125 18.625 19.3125 21.25 22.125 22.8125 22.25 21.5625 21.9375 22.4375 22.8125 21.875 20.9375 20.875 20.5625 20.4375 19.875 19.5 19.5625 19.75 20.125 20.375 20.375 21.6875 23.875 24.875 26 26.0625 25.875 27.4375 27.125 27.8125 30.4375 33.125 36.1875 39.875 43.1875 47.4375 52.25 55.1875 58.125 62.4375 70.0625 82.3125 91.75 93.8125 85.4375 84.1875 85.6875 86.9375 86.6875 85.0625 84.75 84.8125 82.875 78.9375 74.8125 68.0625 64.25 62.5
14.6875 14.5 14.5625 15.125 16.5 17.625 18.75 18.625 18.5625 18.875 20.125 22.125 23.1875 23.5 22.9375 23 23.8125 24.375 23.5 22.125 21.125 20.25 19.625 19.125 18.5625 18.5 18.9375 19 19.3125 19.625 19.4375 20.25 21.125 22.125 21.625 22.375 23.25 24.3125 25.4375 26.9375 29.0625 31.25 34.9375 37.625 40.9375 44.3125 48.6875 49 52.0625 55.4375 61.875 66.125 80.5625 88.25 88.3125 80.875 81.6875 81.3125 84.1875 84.5625 84.625 84.6875 83.875 83.125 80.125 71.6875 65.5 63.875
14 14 14 14.8125 16.1875 17.0625 17.3125 18.25 18.8125 19.3125 21.1875 23.125 24.25 24.125 23.5625 22.875 23.125 23.1875 22.6875 21.8125 20.75 19.625 19 18.3125 17.875 17.5 17.6875 17.9375 18.5625 18.4375 19.25 19.3125 20.125 20.5 20.25 21.25 22.1875 23 24.4375 26.125 27.8125 28.9375 32.5 35.1875 38 40.1875 42.9375 45.6875 46.625 49.625 54.3125 57.1875 67.5 77.75 78.8125 82.75 81.3125 75.1875 78.4375 82.0625 81.75 83.0625 81.5625 77.8125 74.25 73.125 70.75 67.625
13.8125 13.875 13.625 14.375 15.625 16.125 16.5625 17.75 18.5 19.8125 22 24.625 26.1875 25.1875 23.4375 21.3125 20.9375 21.25 21.3125 20.625 19.3125 18.9375 18.25 17.625 17.0625 16.75 16.75 17.0625 17.9375 17.875 18.0625 18.625 19.0625 20.1875 20.625 20.8125 22.125 23.3125 24.4375 25.5625 26.75 27.4375 29.1875 32.5 34.5 36.625 38.8125 40.875 44 45.875 49 51.375 53.1875 60.5625 65.5 71.5625 76.4375 79.25 76.625 76.9375 79.3125 81.5 81.1875 79.5 76.125 79.25 75.3125 67.9375
13.5 13.125 13 13.3125 14.5 15.625 16.625 17.5 18.25 20.3125 22.6875 25.375 27.125 25.125 23.125 21.25 20.75 20.625 20 19.3125 18.5 18.1875 17.8125 17.1875 16.875 16.25 16.0625 16.4375 17.25 17.9375 17.875 17.9375 18.0625 19.75 19.9375 20.25 20.9375 21.75 23.875 25.3125 26.1875 27.0625 27.625 28.75 31.1875 34.3125 35.625 37.25 40.4375 43.8125 43.8125 44.0625 47.25 51.5 61.1875 64.25 65.6875 73.75 74.125 76 78.4375 80.9375 83.5625 81.4375 80.875 78.875 78.5 73.75
12.4375 12.75 12.9375 13 13.8125 15.125 16.0625 16.5 18.25 20.25 22.375 24.1875 25.125 23.6875 22.9375 21.6875 21.1875 20.25 19.75 19.125 18.4375 17.9375 17 16.5 16.625 16.375 16 16.375 16.875 17.5 18 17.9375 17.6875 18.6875 17.9375 18.1875 20.3125 20.3125 21.3125 24 25.5 26.1875 27 27.25 27.875 30.6875 32.625 33.75 35.6875 37.1875 38.625 41.9375 43.875 49.0625 52.625 56.625 63.375 68.375 70.5 72.875 76.625 79.8125 84.375 87.1875 89.4375 89.875 83.125 72.6875
13.25 12.6875 12.5 13 13.5625 14.9375 15.6875 16.75 18.1875 19.75 21.3125 22.5 22.75 22.1875 22 21.5 20.375 19.625 18.9375 18.375 17.5625 17 16.375 16 16.5625 16.125 16 16 16.125 16.9375 17.3125 17.375 17.75 17.875 18.25 17.1875 18.4375 19.75 19.6875 22.4375 24.5 25.375 25.75 26.25 26.625 27.8125 29.375 31.25 32.75 34 34.5625 37.75 42.25 46.1875 51.6875 54.0625 57.4375 62.9375 66.125 69.6875 74.125 78.8125 84.375 90.625 92.0625 91.875 87.625 86.125
13.9375 12.8125 13 13.3125 14 15.25 16.1875 16.875 17.6875 19.0625 19.9375 20.4375 20.8125 20.875 20.6875 20.4375 19.4375 19 18.375 17.5 16.6875 16.125 16.3125 16.75 16.9375 16.625 16.5 16.1875 16 16 16.125 16.6875 16.75 17 17.5 17.9375 18.5625 20.5 21.5625 21.4375 22.8125 23.625 24.125 24.8125 25.3125 26.125 27.5 28.8125 30.125 30.375 31.5 35.3125 38.1875 41.875 45.875 50.6875 55.125 59.8125 63.5 67.5625 72.75 78.1875 83.875 90.6875 95.1875 96 93.5 93.8125
14 12.75 13 13.6875 14.8125 15.875 16.9375 17.0625 17.375 18.125 18.3125 18.9375 19.25 19.25 19.0625 18.625 18.25 17.9375 17.25 16.6875 16 16 16.1875 16.75 16.9375 16.1875 16.0625 16.375 16 16 16 16.0625 16.875 17.0625 17.4375 17.625 19 20.0625 21 21.875 20.5625 21.875 22.75 23.3125 24.25 25.375 25.5625 26.625 27.5625 27.875 30 33.75 37.25 40.875 43.9375 49.25 53.25 57.5 60.5625 65 69.75 75.8125 81.5625 85.9375 90.1875 93.375 94.125 94.125
14.0625 12.375 13.1875 14 15.5 16.9375 17.75 17.0625 17.5 17.875 17.4375 17.9375 17.75 17.5625 17.5 17.5 17.4375 17.0625 16.625 16.0625 16 16 16.1875 16.1875 15.875 15.9375 15.8125 15.9375 16 16 16.25 16.1875 16.4375 16.5 17.375 18.1875 18.9375 18.8125 18.25 19.8125 19.3125 20.1875 21.25 22.3125 23.375 24.375 25.3125 26.0625 27.5625 28.9375 30.9375 34 37.25 41.0625 42.1875 45.5 49.5625 52.875 57.0625 62.875 65.8125 71.3125 76.3125 80.9375 84.6875 87.1875 90.125 91.875
