Scripts_&_data/WorldClim_2.0_rasters/WC2.0_bio_04_16.asc
NCOLS 642 
NROWS 378 
XLLCORNER -19 
YLLCORNER 19 
CELLSIZE 0.166666666666667 
NODATA_value -1.7e+308 
[rows 294 to 314 of 378, columns 480 to 527 of 642]
915.343791669045 914.387703558153 930.770688249093 938.25715006928 942.728642470218 948.961323437174 950.61120659977 945.078469014406 964.641396615543 973.04340152453 989.85201199886 1005.77308924499 985.611647122351 966.680999690083 973.514369397526 946.002530518606 942.85379230388 956.792353971312 984.339087493938 995.888033841184 983.749456984967 983.298165180824 964.605059252516 985.465231808937 1005.41416668329 980.465775405575 990.642452170907 987.14691116032 1018.34677909469 993.658877935657 1004.66449734987 1009.26817807964 988.251533356429 1018.22750529016 986.241512079079 1029.84555964001 984.435047367576 1055.06209841948 995.23175694189 998.106801277889 1083.99303420943 1158.24094840908 1151.3313700761 1103.24793722633 1061.43164310529 1031.9162687938 1011.22372710858 981.255787406477
928.902308545831 936.981317145578 930.633893660019 929.948776957261 950.461428285557 951.547757400637 957.443026162304 983.137090083615 987.656121226248 1002.25437702282 1005.7718145397 998.569303628502 1007.71812791399 989.795586735675 983.013096979524 967.45543409815 973.831376541346 966.691022283675 989.184921858644 998.71093407278 985.619263557934 948.850627220345 944.377471450122 977.124550267009 996.558945719782 1005.95299204114 980.931559594995 980.354145329801 999.917622533742 956.653873723915 957.078800187208 996.057626421407 1002.61580035322 972.806304146297 997.023775998798 997.139298206645 989.543946944904 1020.27132481606 1041.1649888473 1088.60190684512 1116.42376689954 1118.84565434195 1116.52191833381 1056.01991076634 1042.65381141877 1011.18673104535 966.241615849438 915.805596768721
927.132198475338 906.494195299725 927.457889722555 962.635491741501 963.980802339744 978.819264927931 999.493059143866 992.028935239209 987.04627868122 997.237608208001 997.137949591772 982.743239646762 968.337861892888 962.591782930643 959.514371168546 955.513646489677 955.431269148195 967.615007446189 975.173974664054 970.641908798703 956.814513075955 952.385767185392 953.530526864426 954.868638453301 965.248304030603 965.147119693178 961.483803976701 968.155027542552 965.482875405991 948.109015209662 970.650146060906 993.817170233072 977.113635809465 1002.0779917756 999.798049100369 977.810433920956 994.250656013605 1037.77182070221 1093.49850355665 1112.11310335274 1094.24215629311 1090.94069506651 1056.10657090796 1037.24186083815 1014.77200064818 981.860562967849 925.959479807487 888.513102260565
936.721509103553 950.807170091729 975.171550300118 968.199433495845 970.338616753912 977.968031908487 978.218040442847 979.244782388261 984.644035952283 955.957654616367 964.223226423069 980.468291220959 985.097946874679 983.148229298672 965.269686561288 966.145298560566 967.338051251335 951.723288632935 937.234625424854 947.651563298757 954.110833531534 962.997278977748 955.240611172393 956.737246524418 950.515216277209 933.977726615333 979.496536474415 979.899587924457 960.99873628231 978.893446421623 1003.06557468734 979.867591915803 995.308437265496 991.898907739498 989.661214792607 986.081110525256 1009.79636945886 1055.02066577442 1047.30266158595 1031.51927861101 1050.62153256501 1070.6075403071 1041.50050450267 1009.17052291773 987.27027426097 956.407119872052 918.268487641619 858.999655904421
944.440142510494 959.240354950248 965.331752734681 974.651178989446 983.792822818838 989.702664328206 989.883963769719 1003.91046826236 998.944175924074 1007.20869408664 1016.68922693253 1013.33508021429 1003.82377399845 995.614002165158 985.873394333978 982.516419656062 973.844683265607 952.213524531072 947.203615989662 956.895480055551 964.396154583523 978.51577453521 972.363562887891 956.073599069908 944.334110711784 927.874132740982 957.746450738934 991.457309367392 994.456746548362 976.043431404104 977.112739108079 925.655770907793 957.611044603355 951.368793684804 994.230461216301 1003.78016350347 1010.28613501083 1022.17258049484 1018.92314882109 1043.885175645 1056.92293982335 1020.58578461074 999.063039258693 990.79210369003 975.43543970606 927.285173689526 896.498498398478 839.880574064871
941.524660362121 971.961248679655 986.461744441145 993.207773722332 983.591909787775 985.926697677509 997.946435767612 1002.53029747675 1008.50506583607 1020.48843978507 1027.16426765865 1010.46506347671 1000.29344647722 999.602438331113 993.552922141661 987.428792845035 974.832343552665 967.882653777962 970.377089391728 973.562430408427 974.171341933149 974.907631906481 972.023374650249 950.186799964116 958.075959229116 928.774371279575 934.868454381407 911.33566127124 909.369538102863 914.387628463052 918.56916390208 916.930227456299 960.53282692081 988.907661691449 1019.51344009622 990.847063136484 976.745359386925 1006.16131223432 1015.60512528615 1012.87993598622 1000.13138450467 1009.84742569308 995.10793825639 993.807394016635 954.837703154613 923.293187296222 882.752589227047 844.446866198713
954.356497738775 977.984865024267 982.516105562052 989.658220110664 990.161411994744 991.060313948382 999.242440184433 1008.74410490862 1026.50395138599 1031.74713771022 1021.59182642044 1016.06637011165 1014.96944738065 1010.75387207905 1002.8172203661 993.353390356709 987.079377919039 986.197089345683 985.34474491634 984.514306727537 977.834287372527 963.58577262701 932.802402747265 962.346657662793 941.827987564373 921.124166192881 922.122229727408 933.089461668716 948.396381056138 946.196894441723 935.100279190021 899.72452247177 901.339923868623 933.001362158062 934.982284373663 928.04786191453 969.532662154408 995.040613362986 959.457794180356 983.012231168602 978.864751874095 977.005847660726 965.081012055721 940.936762901208 939.848358418258 889.480945393627 858.611515895187 839.658513114557
968.540435233303 989.498768186219 984.741050342482 991.478020268864 993.138740515725 996.710076719277 1005.8774528766 1020.65876827312 1030.15869886142 1043.23189441525 1044.11640940189 1037.0049484318 1024.79803225004 1013.41300638205 1012.94044624959 1002.88125559031 996.718927221697 994.034210840266 991.812936853493 960.652290715664 933.720631032894 955.448931617135 970.871973607287 967.951777869441 955.456688695843 954.813991220621 953.559363458547 944.297950209055 941.910846006402 952.672742429202 932.157521372981 917.059335138239 903.833292747713 888.18114098662 871.929544594574 909.036485646998 961.18283819451 889.483400190161 904.940399060213 970.986567227563 978.552343037181 958.75120731065 958.734679760383 935.642941843354 885.724532356866 870.435447693454 846.962791507301 824.612706796165
992.435146150913 966.917912417571 976.648308138801 990.80205247582 974.53413128796 999.456610395864 1019.145645142 1032.31795438949 1042.78549768303 1045.15548511564 1037.37055605118 1025.84998995391 1018.82927406015 1010.56757827805 1005.817041285 1003.50291823084 997.674881077626 993.128954103897 975.917519394526 935.994307730259 953.205359886043 978.639226252926 998.104300351908 988.661121665192 981.359813145426 975.416876288643 945.23614627877 912.347449313707 922.718361451415 944.823414142636 947.134023601676 943.259992928641 905.145550971258 885.771470070933 860.248516869298 860.290284628508 888.1292269486 924.384911263193 933.48308542683 953.178884239798 974.150042635028 977.772544873856 944.749025918799 903.418959381601 866.757322037259 853.117126081674 842.613869563287 813.426475965163
973.836850351758 940.764290238144 956.137430852066 974.946677569359 936.310478742236 987.078549883735 1017.15241415061 1033.48260789043 1038.05349038627 1047.79688692394 1034.36872042415 1019.24861170803 1003.68301051268 1001.76832093856 1002.06848176325 999.292572444889 991.797204202947 986.65745124387 953.308145244963 933.591258155824 944.660878383731 969.191918598535 971.420719061141 989.553065647254 996.582490700911 978.574866838924 968.613862652186 967.129509125651 963.255884980182 965.072571771305 954.160117118508 933.979627062867 888.517652523127 866.758528380826 852.344286729309 885.700733169426 900.005469774272 930.743274581621 959.511011595192 957.002619415516 962.593265535712 921.860614156763 902.664370413375 852.661293609674 823.110546508807 826.619300696108 819.823680586478 798.255291901384
981.01622677482 933.594286369066 949.880976918313 987.042608075598 985.710554936304 986.335176470828 1003.75396510762 1020.16941860744 1038.90046075357 1045.24211340047 1039.4846163884 1032.74411712778 1012.14522081248 1001.89058412488 994.028036126388 988.51856096959 987.324745071071 984.907567640204 979.324631187534 948.002691779974 955.768126994607 957.866604282129 963.287835563157 965.754586465411 975.380130340717 980.277195648601 978.860619707252 975.675350341637 970.360590287871 963.542357683315 933.626190645895 912.588071013827 884.574516718286 853.732346068248 906.815193863804 915.879538268308 939.169344447732 947.869753782525 956.73440006696 966.568313476718 964.992165532791 912.932203999349 867.791637205536 840.561575239262 836.001247811548 803.635058674379 793.035476192808 792.122033822864
1012.15004572507 973.487754359261 993.845230453822 996.524474780316 998.561812734347 988.166786418588 983.901494535187 1003.03888527953 1027.20823573172 1029.13624461764 1026.69922065881 1012.87615551719 986.520871461511 983.938695511303 981.716363058467 982.766516696133 983.376406550223 983.015469886344 977.189229604497 939.374166342504 948.173560623724 947.13357341939 942.293680744375 950.970117140191 954.129019801909 959.367675661816 959.760876369369 957.542696967823 954.336996848649 955.881468802581 930.769670638899 907.712655499991 888.047965768238 874.644539580698 954.367874004791 947.280676347441 955.543117598388 968.930801512796 957.22741493422 951.968619771564 904.034255257456 848.178080267351 824.764937716831 815.118297186861 798.791398467692 785.52483751663 792.055872495902 780.186428166414
1013.44579822905 989.897784137238 1002.43174084815 994.549553517882 999.109140131038 986.600068836169 982.656616302431 996.538381490543 988.397293824891 982.764385543012 999.04940472584 983.412852717227 973.330300012085 972.49741007549 974.409113058879 976.96632717037 977.189552976772 977.208289382735 959.159586175806 935.08643459015 939.953247492829 935.730771352664 925.521037450844 938.489048034829 945.387624630144 948.391786122435 947.529875339511 948.119171887641 946.222963609035 941.500943584172 935.031946103231 911.504334230303 895.097518220404 900.354218398106 939.989344943767 933.648063125857 930.606577486103 923.575445105699 918.399941404611 939.214594729239 855.131267897218 807.625337613518 796.713942721712 820.955903442712 810.540695261495 812.882665902927 828.752020868625 816.502068646007
1027.30756996473 989.45746831617 995.58850861061 954.900180653838 944.299011689575 974.867620890143 986.591973564785 987.045508090963 960.109900278996 966.152160998214 962.735986343118 965.193070067386 966.920433120936 967.929429905862 967.681450741842 964.662342328793 959.273652198636 962.075500670698 946.071602451599 938.154108026955 930.918276535705 925.65561699154 929.990736089718 935.198191327066 941.12261902859 941.518908054419 941.024243866866 938.571366656559 935.026013029071 930.384345220085 919.468287504982 899.923904418883 868.494657950631 835.527912333171 808.710268998462 815.499088446966 788.25019028298 821.024420509733 880.574555548168 895.112721095458 836.717884278667 823.676414244648 790.811830056854 821.397220616949 831.120685432515 831.363662285047 833.186545337869 837.954769273672
1019.4861423888 984.475379677924 981.661771453673 978.008818360314 966.416681990498 972.774225269192 980.388101249374 981.514716489031 982.682726616085 993.783609897505 975.455954476551 963.177805933755 961.724749333355 965.550458628157 968.120274712101 955.931354633304 954.418222127739 953.629862917145 943.711788070942 934.117564697039 924.230908605447 923.642166872065 933.746868133076 936.954578540943 936.145611477931 937.899769220258 935.100956260888 930.60195248256 926.178104320125 924.60788385716 914.298771122154 891.201943341727 848.208771149819 826.086330921492 854.763678902553 829.027518248063 818.610916720335 820.910415381413 885.839418673668 890.081550583593 866.597666696845 820.100864639176 779.645229885403 757.522464548885 766.526850197772 779.547135955354 783.011198637703 797.122745605441
1001.71095296404 1002.34362472026 988.032121585129 979.838593746792 964.486007127518 954.69402883662 951.570661724709 978.818305323507 993.720288703956 989.209227653004 972.06842259049 960.005851567755 960.02793696502 967.94090429095 957.340187713692 937.970873644535 950.939390814001 951.999191010687 945.368000361149 927.766574708829 920.204369592083 924.248613710958 927.199073313156 929.232825464692 926.183226751536 927.646456701859 925.594467692603 921.291656368305 919.054262255757 920.044973799118 915.50069284763 880.638181581345 852.288369844997 849.763303509878 839.376812291961 827.603300269983 858.78448486765 856.80128209191 829.340356309246 837.726029949235 889.827444752068 854.390523751966 791.036505632356 757.010149235794 769.434439015549 781.703880139405 811.90197106374 855.747759155057
1013.60391251276 1010.65032188224 987.855601455244 975.958393533524 972.474708390934 951.802638607109 945.629085143157 951.303941979149 973.012969688753 979.045857488441 968.218644150691 962.838472669261 958.999276153384 952.684014474149 932.518384469527 922.910355143206 926.999052673803 935.704459126187 932.799811521752 920.92181974539 929.012808871173 935.435302543791 933.781648996513 925.209355010101 927.417401057036 917.971017543957 918.407546088247 913.553287714951 911.766930557886 918.525281791338 915.562231613717 895.435799810512 874.137810330531 864.966234877581 831.750968489161 818.6825522396 827.570371856341 846.312045390084 746.272991309624 779.601527757383 745.676277826451 727.94419011656 717.000059507808 715.736710043234 773.220291481446 799.762055020604 804.04303977511 820.532368882007
1015.00036662209 1016.87529813512 994.4930876029 974.414982196451 972.354376634564 957.789900286047 946.175760391486 950.028562796918 953.522036906982 952.277337326394 950.815847127318 949.867845597678 953.987330643113 934.148430512273 908.677529213193 899.140640602125 902.698672422512 915.827054115558 921.982606792912 922.238262651314 936.334154189924 948.275320232403 948.470356634055 946.286422087749 933.947323282258 921.602280527466 916.208785433202 911.716384675219 907.074760900493 921.476865000064 908.116031184276 863.495926094541 863.217234393858 856.186970168659 827.684310938473 826.357828359988 809.41792191575 766.984453083746 760.040869972654 800.307768276481 794.85066211603 793.264718631989 758.621634386793 708.634596372601 767.255171447609 841.103403857676 861.920106387314 852.914282720243
1000.23112804971 1001.21246738216 1003.80820788347 969.947411139638 957.835434622146 956.917382694009 954.888121978255 955.775530937957 950.345971124582 950.151938762143 957.714151514247 953.065650406089 939.92224116681 913.436286096444 885.598478741967 880.08514060112 880.844158231698 891.551120328629 902.04321162123 919.230251257811 932.129173939815 936.317420780535 935.290307573935 934.634310870538 922.926281292065 911.412815261306 909.814340468575 906.30676061555 909.616039195334 929.808197982311 886.962726472254 846.972455879982 866.450378833269 845.819469962163 820.714314708728 800.63311673937 773.125702076054 737.795143661581 765.979150129779 824.643710534089 854.94128841788 836.391641054444 824.990079939695 789.24504518404 796.847795120458 825.800733691314 841.371952297236 807.83454456623
966.531309349134 982.386973354758 989.397123039965 945.590330395414 921.051518000827 931.962543770606 935.640250297179 941.778219729865 936.608790235464 947.876910799515 939.952872145749 930.547123754953 913.694314366266 895.607373958371 865.157757635715 865.804197617903 870.602868042268 882.838414912282 892.928659330044 906.251183833612 914.124579762947 916.712799818964 918.560405818323 919.194580176482 918.364905198568 908.070787882973 902.543145942946 901.822113229757 932.721153072113 923.731490542757 878.005000110969 869.644905571477 865.890273022435 816.293949183567 811.199507465223 809.654288212999 773.851945520951 798.527273144813 865.893917733835 843.705365352296 860.211447445971 864.136391285193 854.439971339958 838.88440098959 809.975786821496 802.285608284757 795.940328962457 801.37600331793
811.790088280814 890.344100128584 959.410505795381 974.947483208134 950.339828382051 930.931924883696 925.055757592489 924.413195199139 927.886063602865 929.182864708547 925.635159978755 910.318353171108 895.015205964148 874.606898234474 845.59488874844 849.370174366736 858.788903359734 868.708144689458 875.745993200321 879.451664139023 880.582009904725 884.339850104855 890.998278937589 911.196478813333 913.98587272738 904.746624296563 908.612264637364 932.055877405739 929.04489827883 914.254212965571 880.29817793667 871.481021999024 844.258076262552 790.348405909996 780.329768157808 808.516451244599 744.760350514473 800.9868101079 854.826739331359 878.135713168196 873.978725216646 871.226853566584 862.804559580776 848.65109981371 808.565083787301 795.009985270051 790.194611820598 790.307291431186
