Scripts_&_data/WorldClim_2.0_rasters/WC2.0_bio_10_16.asc
NCOLS 642 
NROWS 378 
XLLCORNER -19 
YLLCORNER 19 
CELLSIZE 0.166666666666667 
NODATA_value -1.7e+308 
[rows 63 to 83 of 378, columns 576 to 623 of 642]
4.81577166604499 6.00291195946435 6.24262497387827 6.31570834542314 6.25512498182555 6.36154482762019 6.37113539253672 6.43645831632117 6.57833332382142 6.67779167120655 6.62016667301456 6.36287499591708 6.38362494421502 6.90375000548859 6.99908328987658 6.99166666157544 6.98795835797985 6.93916664334635 7.04924996631841 7.0854166833063 7.15812496406337 7.13266666047275 7.14570833432178 7.15770833753049 7.29249997499089 7.58704166921476 7.7065000111858 7.68395830648175 7.6853333512942 7.75841668620706 7.82279166082541 7.97262498716979 8.11904160740475 8.15814909773568 8.18038313214978 6.1282149994125 -1.7e+308 -1.7e+308 4.90644151593248 8.08162003258864 8.00512501473228 7.81879171022835 7.77020839091468 7.85320837727825 7.9093333366327 8.00220828705157 7.97245832672343 7.87279170782616
-1.7e+308 -1.7e+308 -1.7e+308 3.12566322957476 -1.7e+308 3.48765365406871 3.27063776055972 4.54721971601248 6.75170835542182 6.94050002594789 6.96491668311258 6.82195830034713 6.85195831954479 6.60979166875283 6.47125003176431 6.83850000115732 7.26845835273464 7.33362498506904 7.29004161184033 7.20237504318357 7.4019583320866 7.45633332369228 7.38766669792433 7.46433329892655 7.3521249735107 7.63166667707264 7.84220836435755 7.99975004792213 8.01104170704881 8.06612499178543 8.14424996698896 6.69333134839932 -1.7e+308 -1.7e+308 -1.7e+308 -1.7e+308 -1.7e+308 5.46873644863566 8.20200250297785 8.26654168777168 7.98020837671356 7.92237500330278 7.91620833488802 7.86233335989527 7.88954164848352 8.08766659271593 8.13716665143147 8.17112493732323
6.54346007977923 6.59072065912187 6.64766497972111 6.5465784141173 6.23303872036437 -1.7e+308 -1.7e+308 -1.7e+308 6.37075885447363 7.0378144128869 7.17712501684825 7.20787502266467 7.28275990175704 7.23933332289259 7.12204167805612 7.30579161954423 7.45758337217073 7.48383335396647 7.53341667478283 7.44279166435202 7.52329172131916 7.67691666632891 7.69125000139077 7.66875001850227 7.60491663279633 7.70808335145315 7.92183336801827 8.04791664456328 8.08674999512732 8.17708326891686 8.23366666057457 7.78163882438093 -1.7e+308 -1.7e+308 -1.7e+308 -1.7e+308 -1.7e+308 5.0935759327064 8.28258076682687 8.42741666485866 8.27012504264712 8.28595832952609 8.30695831678652 8.07883331734532 8.055833344503 8.19345834257547 8.24020836525597 8.34133334118815
6.67008331604302 6.755999945725 6.80820832960308 6.85904167157908 6.94300003473957 7.01421431948741 5.78812749559681 5.36271555970113 5.39837392605841 7.20710323409488 7.34939650694529 6.86339660299321 7.3547684494406 7.42520832332472 7.50974999244014 7.56912501094242 7.45991668477655 7.50645832779507 7.630291685462 7.67787500781318 7.84483337712785 7.79175004797677 7.81470834339659 7.75637498435875 7.83079166648289 7.93583336596688 8.0562082969894 8.21716664265841 8.26954167506968 8.29554168639394 8.33074993578096 7.89846672459195 8.44883550920834 7.93430461672445 5.86178034016242 8.56516058774044 7.56635108341773 -1.7e+308 -1.7e+308 7.96124702319503 8.44841667326788 8.37462503152589 8.38174998932906 8.20112501152713 8.17187498167914 8.29133332883551 8.42508332697131 8.49987503492351
6.80300000682473 6.96025001133482 6.95375004783273 7.0502500316749 7.07887503691018 7.05695837239424 7.16412500105798 7.31404166358213 7.36741662553201 7.44104171109696 7.49291670011977 7.5128750000149 7.54620833632847 7.62316665456941 7.68687490560114 7.72037497038643 7.71529169256488 7.75033330482741 7.84766666280727 7.95895829051733 7.99879168781141 8.13195833005011 8.18224998408308 8.07900006044656 8.06112504005432 8.21812498910974 8.23333332842837 8.40424996272971 8.45283330084445 8.52454170739899 8.45895836316049 8.53192890497545 5.90440436964855 8.56809650020053 8.67416798447569 8.74879166235526 8.74264937639236 7.11194226394097 4.94390616565943 5.31379610175888 8.67337500552336 8.35012496324877 8.22845830318208 8.34525003594657 8.24650000146357 8.18970836908557 8.35929171605191 8.4962083575762
7.09083337554087 7.23354169446975 7.2062499737367 7.18149999684344 7.25133335124701 7.30762500936786 7.3627916732803 7.46166668646038 7.53649999201298 7.62904164195061 7.63349991726378 7.64804165996611 7.71033339823286 7.73324998406073 7.73908333169917 7.79820838073889 7.91691669014593 8.04116668986778 8.11099992071589 8.14570832128326 8.18558331020176 8.23379164934158 8.33466662901143 8.34174998290837 8.37954164544741 8.37716668813179 8.46862498150828 8.59458339757597 8.62358332310396 8.64079177627961 8.65020830836147 8.66623383418967 8.6879411113138 8.76679164792101 8.81008331974347 8.87169385453065 8.34363637367884 8.3404776280125 6.6727802058061 5.60046187788248 8.19170579686761 8.6376666991661 8.4561666569983 8.54495828847091 8.48883334827648 8.32537507768332 8.226708284424 8.38258335945041
7.31579171866178 7.39416671233873 7.31962502188981 7.45529167974989 7.47566666329901 7.48741666289667 7.4939166471983 7.54962495341897 7.5956666196386 7.67595826089382 7.69270828180015 7.67979162807266 7.79004169410716 7.94162502450248 8.02441664288441 8.06370833950738 8.21874998571972 8.26591671817005 8.36033337625365 8.30962509227296 8.19270833767951 8.26391670666635 8.41441666148603 8.43733334494755 8.5319999869292 8.60587499135484 8.67670829260411 8.76295819903801 8.73833333080014 8.71641675786426 8.71695839179059 8.80191665732612 8.86662504822016 8.89449996252855 8.93929165105025 8.41882588093479 6.15450961639484 7.91450975835323 4.46127135554949 9.05529043575128 7.37497428556283 9.06920828297734 8.83179165485005 8.86737492990991 8.67374998307787 8.56754173161365 8.56658333579389 8.51383337646257
7.4842083066081 7.49149996756266 7.52087500349929 7.64774996538957 7.68295834865421 7.65354166552424 7.61420832450191 7.77087502243618 7.86404166494807 7.97295837663114 7.96116671338677 7.9962083697319 8.15233333098392 8.30604163681467 8.38574996093909 8.38179168539743 8.36970837538441 8.45304169878364 8.4237500646462 8.36329170006017 8.25437503618499 8.23700003884733 8.65316668587426 8.64383331841479 8.61325006373227 8.62241670613488 8.64091666415334 8.74191672827389 8.79270836246239 8.90412493158753 9.01875000136594 9.03720841246347 9.03729173541069 9.05729741727312 6.81125963975986 6.28503811359406 9.15355063229799 8.01234719778101 9.22844846049945 9.28930206348499 9.28954169650873 9.31045842170715 9.32741672173142 9.27108340834578 9.23825001281997 9.28512507925431 9.28270834373931 9.16541668027639
7.5524999735256 7.65162501359979 7.76583332009614 7.97354164843758 8.04670837769906 8.08266669480751 8.07762497849762 8.12395832377175 8.17170828270415 8.3155000495414 8.31354166939855 8.36445835481087 8.40329167991876 8.2260416848585 8.2596666769435 8.44645838874082 8.57770836601655 8.54845839180052 8.5722916337351 8.50695831514895 8.37608333925406 8.4676666452239 8.84087496281912 8.87441661705573 8.74483342996488 8.87179169708785 9.03833338118178 9.07583328906912 9.15733330083701 9.22025002942731 9.25333331463238 9.13087503363689 9.11700002973278 9.14166657999158 8.0247916256388 8.03907682746649 9.25167154024045 9.21951441094279 9.24220834299922 9.27487505972386 9.38870830833912 9.38933336486419 9.49320834005873 9.52429174135129 9.4086250004669 9.52204170698921 9.49870833816628 9.42691666260361
7.81187505399187 7.85150003619492 7.8974166760842 8.09391666762531 8.18287503222624 8.29470840282738 8.38712505996227 8.49470831267536 8.54008337979515 8.59125003187607 8.51387499831617 8.37279169416676 8.3708749966075 8.410416741545 8.4828750093778 8.6541250962764 8.68762515112758 8.76104165116946 8.75804172145824 8.74054164749881 8.66279164608568 8.7410416258499 8.95850000188996 9.10320840599888 9.14145836534832 9.18491668993374 9.21083329470517 9.30087496402363 9.35158335231245 9.38233331839244 9.26804162375629 9.41074999546011 9.3658749597768 9.35129167512059 9.35179160535336 9.36762486894925 9.43995828926563 9.48324997971455 9.40599998210867 9.29695837572217 9.4289999778072 9.5199582738181 9.63516664256652 9.47550003851454 9.22029175485174 9.1690417015925 9.36150001672407 9.45966668054461
8.09675001973907 8.22199997864664 8.22475006679694 8.21374996813635 8.29041663681467 8.39475005678833 8.52320832634966 8.59283331409097 8.7161250806724 8.72350004315376 8.62725000083447 8.5851666778326 8.65620834877094 8.70358330321809 8.72462494143595 8.79050006065518 8.78137502788256 8.75212501796583 8.84687497653067 8.83549996837974 8.86804161996891 8.95258337740476 9.1436249712909 9.29095834194353 9.36987488957432 9.36454154205664 9.43770829991748 9.45520837636044 9.52687502714495 9.53950002603233 9.41962488678594 9.24991664352516 9.32570834768315 9.28104168362916 9.34950003648798 9.56575004011393 9.5436250406007 9.56591658915083 9.68029162660241 9.65770829965671 9.66408337901036 9.61220833659172 9.67083333681027 9.63624997437 9.48320837194721 9.45620838056008 9.6957499589771 9.72712496792277
8.30404173086087 8.43025000548611 8.4811249539877 8.46750000243386 8.51616668980569 8.53933334071189 8.55620832244555 8.55750010597209 8.55279167058567 8.62729171539346 8.69354174410303 8.7167918048799 8.83441666513681 8.93599989451468 8.95291658490896 9.01558334302778 8.98445831014154 8.86841658813258 8.88204166882982 8.98104154784232 9.1680000218524 9.17158340251384 9.31433332906454 9.40262491085256 9.46949985375007 9.48637500219047 9.41308328109638 9.40737491815041 9.37100003737335 9.3920833474646 9.41020826498668 9.42587494415541 9.42245835438371 9.54833329468966 9.48750000571211 9.47237501293421 9.50562498594324 9.54233332226674 9.58029166112343 9.57491658752163 9.69229163850347 9.71087489898006 9.78133329128226 9.82979164272547 9.86591670041283 9.87379165862997 9.93429167941213 9.8821249542137
8.59391664187812 8.79587509366684 8.77637505650637 8.76875002774371 8.76779168956758 8.74874996370636 8.6994166256239 8.71787495911122 8.6730416311572 8.62170831983288 8.70933339123924 8.7510416743656 8.92491658435513 9.05070834731062 9.04708340298385 9.06941667470771 9.19083342716719 9.19420829137865 9.22787506390402 9.23183344774103 9.18049992520537 9.19120830588508 9.31670836102179 9.45458325037422 9.47395823709667 9.50808334994751 9.57645837652186 9.3820833635206 9.29779167302574 9.39570827037096 9.49249999721845 9.58070833484332 9.66745829768479 9.77537492786845 9.84062500546376 9.95058342938622 10.0769166884323 10.0869999788701 10.0212917104363 9.92295837650697 9.97575003902118 9.90741669138272 9.92125004902482 9.94429171085358 10.0439166501164 10.0868750077983 10.0858750964204 10.0860000327229
8.77179174618019 8.78858329448849 8.78529171599075 8.80804173652238 8.89516666607233 8.9073749272211 8.84287497859138 8.84483330665777 8.90508326080938 8.88441662707677 8.92012489431848 8.98095822598164 9.04354162778085 9.01912496611476 9.05920834839344 9.114749936775 9.10949997584491 9.18904170578268 9.28254169384794 9.3312500527051 9.34550002834294 9.32566669775406 9.37141662319967 9.40666658656361 9.47100000630599 9.4779999172315 9.50579167623073 9.5433749811103 9.63254169436793 9.65625004656613 9.72333339167138 9.7547917359819 9.67158342773716 9.80012501962483 9.95970833922426 10.0682917137941 10.0942916348577 10.1291666490336 10.116875000298 10.1587499740223 10.064041659236 9.96387497335672 10.1119167096913 10.1317500409981 10.1887916053335 10.262416711698 10.2944583396117 10.2461666924258
8.78629165577392 8.9011249653995 9.02941670548171 9.00991674264272 8.96320830285549 8.97770824679174 8.9926666400764 9.08195834034511 9.10504167500282 8.95866662481179 8.91508326865733 8.97695828881115 9.02070831755797 8.95091666902105 9.04154170925418 9.1112082839633 9.20833330748913 9.2670832836302 9.2913750456161 9.30120833190934 9.25133331263593 9.32116668385182 9.43904163960057 9.54841659994175 9.60308335814625 9.660333485653 9.68304168991745 9.71216677377621 9.75712504610419 9.75933334914346 9.73820837338766 9.70791672853132 9.63545845945676 9.8217916538318 9.90941664824883 10.0049582632879 10.1779167093337 10.1498333588243 10.1629583574832 10.1274167162677 10.1845000137885 10.1560417016347 10.1091250777245 10.0977500379086 10.2348751065632 10.3018750026822 10.1976249913375 10.126458350569
-1.7e+308 -1.7e+308 6.15755203614632 6.82797650247812 9.048970475172 9.14470831258222 9.14725006072937 9.11929178591041 9.24558338806188 9.22258329918259 9.12520839781306 9.05783333501313 9.0685833596314 9.15591668145498 9.18825001548976 9.30633336712102 9.39695841704088 9.52504164228837 9.55399996601045 9.61450003056476 9.66020835004747 9.75929168394456 9.79862496629357 9.80958335970839 9.84570825224121 9.87033326737583 9.78920836995045 9.68370844672124 9.86495829684039 9.87783327450355 9.86275003974636 9.78700006380677 9.85254156341155 9.79408330346147 9.87170838688811 10.0517083108425 10.1442916703721 10.1591250610848 10.0588333979249 10.1029583315055 10.3163332603872 10.3199582969149 10.0841250047088 10.1585833628972 10.4033750469486 10.3966665839156 10.3756667052706 10.2997083291411
-1.7e+308 -1.7e+308 -1.7e+308 -1.7e+308 7.75741551381846 9.27887493309875 9.27787493386616 9.27329162415117 9.3687083258604 9.43891663857115 9.33487497411746 9.3204583003729 9.48937492167655 9.55795839056373 9.4918749446515 9.47720823289516 9.56824988250931 9.73779175554712 9.80383336295684 9.85737503816684 9.94716664341589 9.97958321558933 9.96283312452336 9.97570833129187 10.043458369871 10.0353334241857 9.98037499127289 9.85270834403734 9.9070832952857 9.9686249208947 9.98899995349348 10.0494166761637 10.0522916888197 9.98499990130464 9.98174999654293 10.0002498750885 9.87245838282009 10.0311250264446 10.2603333232303 10.3532083618144 10.3202083706856 10.4665000041326 10.3267082845171 10.3912082662185 10.4986249655485 10.4564582606157 10.4285416205724 10.4554166545471
5.72342114398877 -1.7e+308 -1.7e+308 -1.7e+308 7.23464633400241 9.39178298786283 9.50933336963256 9.5653333235532 9.71279170860847 9.61800005162756 9.51174994915103 9.56874996330589 9.66987505896638 9.81191663568219 9.77074996630351 9.77766675098489 9.85149998714526 9.96533330654105 10.0110832918435 10.0169998668134 10.0002081965407 10.0459999168913 10.0799583687137 10.0902916279932 10.1638750638813 10.1245834516982 10.1268333743016 10.156083462139 10.138416800648 10.1463334262371 10.2353333868086 10.2115834181507 10.1573749730984 10.1139999106526 10.1425000640253 10.1721249558032 10.3226250211398 10.4903333646556 10.5633750284712 10.4665000090996 10.4749166468779 10.53737501055 10.385458342731 10.3752500017484 10.4957916674515 10.6474999586741 10.6414166813095 10.6155833527446
9.45591658477982 7.0607846720765 -1.7e+308 -1.7e+308 -1.7e+308 5.07773391809314 9.59431792298953 9.72370820492506 9.69766670589646 9.74658334068954 9.74204168779155 9.73191667130838 9.74137506447732 9.90608326966564 10.0677084426085 10.0689583774656 10.0157499791433 9.9736666791141 10.0836666530619 10.1758750385294 10.1642083500822 10.1755416858941 10.2418751306832 10.1757084578276 10.2149167110523 10.2741667106748 10.2607083829741 10.2051667682827 10.164833402882 10.1907084000607 10.2970833604534 10.2610000980397 10.255000119408 10.2038333776096 10.166041649878 10.3355000180503 10.6002916010718 10.5607083601256 10.5778750156363 10.5983333612482 10.5797499890129 10.5021248795092 10.5872083355983 10.5518333142002 10.6081666325529 10.5887500221531 10.5881666739782 10.6027915899952
9.60361906389396 6.05217065041264 -1.7e+308 -1.7e+308 -1.7e+308 4.87420828640461 7.85914924989144 9.89705032979449 9.96337501207987 9.88354164237778 9.85770833057662 9.87008331467708 9.91483335569501 10.1366250260423 10.236249965926 10.2528749058644 10.2887083105743 10.3189582824707 10.3925832162301 10.409791637212 10.4224167714516 10.3971667463581 10.280583407109 10.2477917652577 10.238500110805 10.2893751052519 10.3692084165911 10.2954167475303 10.2817500382662 10.2518749845525 10.2582500403126 10.2237083191673 10.2422917125126 10.2822916023433 10.4038749399285 10.5574583572646 10.8536666234334 10.7428749725223 10.7204166774948 10.7351667111119 10.7783749898275 10.7784583866596 10.7272500793139 10.6972083548705 10.6349583591024 10.7053750405709 10.7130833764871 10.7242083698511
9.80554165691137 5.57822933917244 -1.7e+308 9.13569675634305 9.95187505707145 9.97283331304788 9.9293750487268 10.0398333693544 10.1228750149409 9.93737502147754 10.0007500400146 10.1424167801936 10.2325832744439 10.3940416872501 10.3825833263497 10.3268333325783 10.3879165748755 10.4203332737088 10.512833263725 10.4529999072353 10.4373749407629 10.5151665819188 10.4125416260213 10.440833337605 10.3606249789397 10.4032500622173 10.3869167678058 10.424666783462 10.4736666654547 10.3890833072364 10.396333348006 10.2989583574235 10.3827083483338 10.5193333178759 10.5939999173085 10.729666630427 10.8919582888484 10.9247916291157 10.971124984324 10.9021665950616 10.981124860545 10.9111249571045 10.8388750652472 10.6952083085974 10.6238750293851 10.6688333054384 10.6711665640275 10.7890833169222
