Scripts_&_data/WorldClim_2.0_rasters/WC2.0_bio_08_16.asc
NCOLS 642 
NROWS 378 
XLLCORNER -19 
YLLCORNER 19 
CELLSIZE 0.166666666666667 
NODATA_value -1.7e+308 
[rows 273 to 293 of 378, columns 576 to 623 of 642]
6.10724999483985 4.58137500098868 4.45008336467436 1.11508335522376 3.51008331938647 6.62683331935356 4.82083333597829 1.19775000350395 5.68808334879577 5.9130416570988 1.47962497314438 7.79308339332541 12.6943750071029 11.7842083225648 8.10887500876561 11.6249583289027 14.822874955833 16.4664583057165 15.8417499313752 11.8060000259429 13.3487083955357 18.0937499751647 19.3103749603033 20.8397500018279 21.2347082793713 21.0878332952658 20.531875004371 18.8718749980132 18.8188333660364 16.3642500415444 11.7827500761099 7.00025004571459 6.45358333470843 3.43837502102057 8.00400001214196 5.96675003288935 3.07604165270459 3.68791665191141 4.42216667400984 2.79749996409131 3.57770833590378 3.19770834222436 2.67658332486947 4.04708333934347 4.88000002503395 5.24875001733502 5.52916666306555 5.8967083003372
1.4154166765511 0.922208329973122 1.14474999764934 4.62512502788256 2.49187498314617 1.99104165565222 2.49470832687803 5.79270833579358 5.38037497845168 4.93025002069771 3.49183332671722 3.98120836579862 1.67379167320905 2.42854165883424 3.94879171034942 9.39454165333882 13.8377916564544 14.5364583482345 12.6052083857358 12.2057917217414 14.7691249301036 15.381333415707 16.7567916909854 17.1703333506982 17.6024999668201 16.6152916401625 15.9252083947261 14.8968333477775 12.9400000448028 8.0204583213975 0.77166667021811 3.23666662350297 1.10958331900959 1.41629167612215 3.92500000415991 2.26045834086835 3.05804167315364 3.47558333476384 3.41183331857125 3.40712500363588 3.3843749811252 3.42637501160304 3.87720834463835 3.77216661473115 4.41400002315641 4.97779163718223 4.63591667885582 3.82416667665044
-1.59908330316345 1.39212498565515 1.6171666731437 4.2020000340223 4.56241663933421 4.49295833349849 1.96400001365691 -0.444375043424468 1.27358333580196 2.38820834000944 2.19083332678808 2.52762498183195 5.24166666502909 -1.46629166603088 -4.55075003486127 -1.61091669353967 5.06595836752482 9.03637495900815 2.7006666881886 3.35195831007635 9.30741669264777 9.11483331032408 11.733791658228 12.9895833383004 10.9177499761184 10.2095833149118 9.19649999216199 5.20950001272528 6.2732916631115 6.55133338509283 5.64770829398185 3.21362499023477 6.32524999983919 6.26774998093606 5.76875002627882 4.49554165701071 4.3095833286643 3.23441667854786 1.53741666674614 1.80970833947261 2.39041665444771 2.23704168697198 3.00266667455435 3.53054169068734 3.56879165023565 4.21758331855138 4.03324999163548 3.50304166972637
-2.45891666629662 -2.2487916747729 1.90720833775898 4.24504166725092 1.83712498471141 2.19875000727673 5.77504166789974 4.68045834700266 3.17133333906531 4.77191663101742 2.64404168818146 1.41008335866112 3.16320835822262 4.63054165180559 -0.576666670385748 -2.12695835639412 0.296583342676361 0.572291676265498 6.86862497326608 4.79641666003348 2.34979166369885 4.62741670487837 2.56112498107056 1.95004163923052 0.628625010450681 1.04483334161341 3.22541665887305 0.704791682461897 3.50424997811206 3.17016667934755 6.06029166094959 6.51754163970084 4.9415417406708 2.78154168277979 2.24679166575273 3.21916665881872 2.33837495744228 2.49375001092752 2.60633335262537 3.49470836172501 3.22533334046602 3.0031250094374 3.38566665848096 3.89912498245637 3.49241669972738 3.11349997172753 3.48137501378854 3.76950000971556
-1.3296666557532 -3.17658330430277 -4.89650002952355 -0.14483337290585 2.31129164124529 2.34625001810491 2.75370834581554 1.67670835368335 1.70924999037137 0.779083352225522 -1.03316662375194 1.60400000584195 2.40937499174227 1.29416663199663 3.96958330304672 -1.51291667685534 -2.72370836076637 -0.807833352902283 1.14795830007643 -0.632583352038637 -5.1868333684591 0.830624967813492 3.55170831612001 4.45758328718754 0.557166673058722 0.151416670375814 4.72616666927934 5.72841669677291 5.04962498322129 3.23550002804647 3.43483334042442 3.17829164637563 -1.5159999934646 1.15854165703058 0.966624988863865 1.60070829590162 2.19837500030796 3.76666663959622 4.77320835242669 4.88779165719946 4.42262499034405 5.06833331659436 5.67595829690496 5.07008332510789 4.72695832575361 4.21325001865625 4.43266664321224 4.6935833307604
-4.32874996967924 -3.45533332539101 -3.87516663374845 0.271875003973643 1.3357916790992 -0.255500015802682 -1.03066667386641 0.340499977270762 2.12525000547369 3.29645835204671 0.282500009479312 1.84658331237733 3.41533328592777 5.18654169949392 5.73079167678952 4.65541666125258 0.976374981924891 -2.9263750166477 -2.27625000888171 -2.15520832175389 -2.08595832825328 -3.22608335797364 -0.897291715800141 0.423999999028941 0.618083334993571 1.45087498007342 2.29741666093469 0.904458355469008 0.158749997848645 0.301416707535585 2.51370831967021 -4.40437496888141 -1.42016668633247 1.52212500137587 1.99287499890973 2.39325001835823 3.28324997921785 3.26104167848825 4.62287497644623 5.22050007308523 5.51737503210703 5.62329165016611 5.39616669093569 5.18329164075355 5.83779166700939 5.51858335360885 4.82050003856421 4.62812502061327
-0.440041695100566 -4.83370835365107 -5.64854167025381 -0.772249988784703 0.840958340559155 1.86345834098756 1.83779165521264 2.20412500202656 1.28154164304336 1.00279167232414 3.71112501625127 4.39391663666659 4.35933333945771 4.52562499791384 5.23316665738821 6.06508334136258 4.75325001217425 3.6933333730946 1.90191668023666 2.00308333958189 -4.01424999131511 -7.866416670188 -7.49016663432121 -8.13675003126264 -9.02029164721413 -7.46929170449342 -4.78870832597992 -4.32816665856323 -0.26920832041651 -0.415999973192811 -2.41979168976347 0.13212501257658 2.66104166954756 3.66108334933718 4.27491669605176 3.31483332440257 3.80408332496882 4.63020835071802 5.19833335777124 5.48745830977956 5.48225000997384 5.10979169731339 5.30374995991588 5.5062500089407 6.10866666957736 6.1431249997889 5.60595831942434 5.62558335376283
-0.38904164172709 4.13924999348819 -3.37558334576897 -3.9420417000462 1.83258332917467 0.583166644442827 1.91845832268397 0.312124980613589 -0.30199997096012 -0.672124991193414 1.0474583087489 1.28800000001987 1.62299996117751 3.19483335564534 4.7024166410168 5.94112498871982 6.03679169310878 5.76887501760696 4.88075001258403 4.04408335189025 3.05041669557492 -0.0919583160430193 -5.20716663946708 -4.97441667000142 -4.28170833030405 -0.571250016801059 -3.03900002346685 -0.733916696471473 -1.81687502225395 -2.82225003838539 0.579874997958541 0.596624967952569 0.062291666244467 3.53416671107213 4.85383337115248 5.29612495315572 5.23495832737535 5.28662502548347 4.91245833287636 4.71066667760412 5.41008335227768 5.66820832217733 5.87462498744329 6.03208331825833 6.08316667936742 5.96470833631853 5.72487499502798 5.5921667025735
-1.51920830675711 4.71491667674854 0.635708312736824 -3.03912500323107 0.206374974067633 0.652166642743395 1.01100001049538 0.55412499474672 0.538083309618135 0.281500011372069 2.20824998617172 -0.767250020677845 1.47558332482974 3.34087499976158 3.62695834288994 5.08220838196576 4.64529167069122 5.68725001208562 6.1537083798709 5.93058335812142 5.52325001048545 4.60616665581862 3.25491666918 1.01229161644975 3.15737498831004 3.28650002678235 1.94320833869278 3.20558332403501 3.54049998149276 3.91425000006954 2.3350000406305 2.14283330241839 1.81870835709075 4.00449999421835 4.5948750115931 4.60087499643366 4.61695833208971 4.93454167122642 4.19774998848637 4.06000002597769 3.84112501020233 3.71499998619159 4.66450004900495 5.49366665134827 5.54229167724649 5.38749995206793 5.32041670009494 5.2141666462024
3.81499999685912 1.29075001738966 7.04479166508342 1.28170831645063 -3.68366667193671 -0.482416664521831 3.82283333347489 -1.9894583504647 -2.66112501905688 0.293708312014739 1.24529166767995 1.17537502649551 2.74887502441804 3.41879164675872 3.44945830603441 3.72562503566345 4.78616668780645 4.55875000109275 4.28091668958465 4.65612501092255 4.31012498276929 4.77504170623918 4.3131249807775 1.89179165723423 2.18516668428977 3.14083332692583 4.95700000847379 5.32012501758679 4.48691666250428 4.51300001392762 3.70445833727717 3.47183337559303 2.44220833604535 3.29900001486142 3.84420835475127 4.83170830085874 4.48366667733838 3.43620831271013 3.30254166573286 3.752666665862 4.01487498233716 4.44808330262701 4.54100002845128 3.67091666658719 4.52041672170162 3.95458331828316 4.36066664506992 4.56470835705598
1.35187495519252 3.71208334310601 4.67637500834341 4.88891667236264 -3.01866663301674 -2.5604166512688 2.98070834142466 3.7294166876624 1.82375002590319 1.64737500747045 1.7106250350674 2.22866666565339 2.84999998907248 3.46283334990342 3.83837501207987 3.70924999564886 3.0019583341976 1.94558333357175 2.81045831243197 2.02362501310805 1.94466664393743 2.47487498323123 3.64600003386537 2.59079168736935 3.60920832306147 4.53608334933718 4.08108331759771 3.85837499300639 4.05920834218462 4.18837500736117 3.96237500011921 0.252833323553205 -1.67775000239878 3.23637500156959 3.82329168667396 3.96337500835458 3.38162501032154 3.81016667683919 4.84837499322991 5.24779165784518 5.58604167463879 5.848541669858 3.34083333859841 2.78683338811 2.73604167501132 2.61554163942734 4.21958330770334 3.38125003625949
2.61025000045386 4.23912503372412 4.33241663686931 4.46495828169553 3.52595833300923 -3.50533331538706 -1.39545833816131 2.72945836822813 -1.98554166825488 1.24237501124541 1.41887499764562 0.729333337396383 0.559124978880087 2.1061249996225 2.38075001041094 2.2337916692098 2.53554167846839 3.04812500874201 3.91758333767454 4.07508331040541 4.40800000820309 3.73804169512975 2.34729168564081 2.99808333689968 3.4661250213782 3.07358334213495 0.151750018975387 3.01983330895503 4.37220834568143 3.56316664690773 3.32341665029526 2.46025001133482 2.604083314538 4.0367499999702 1.63037499537071 2.49749998251597 1.61629165460666 3.99649999290705 4.93654167465866 4.43612498790026 4.30779170865814 4.73470833897591 2.85774998863538 6.20312500597599 4.34358333113293 4.15595833957195 5.03499999269843 4.21333332608144
3.40412495005876 1.2725416974475 2.68912502223005 3.57170834609618 9.89329163900887 2.84354166915485 -1.38779166884099 5.14754166679146 -0.35787497794566 -0.748166687170548 1.92091667403777 3.76745835319161 1.52666668655972 1.53345833998173 1.58299997448921 0.368041673519959 1.4538333589832 1.66554167494178 1.56916666092972 0.472083317426344 3.83612498144309 2.2790000140667 0.270708339599272 -0.584958340972662 0.567958352776865 1.70400005020201 -0.145999991334975 0.356958337128162 3.00704163933794 3.78845836097995 4.47745838512977 3.64150000363588 3.8773333132267 3.94962498918176 2.9850000217557 3.93016664435466 2.55041664590438 3.13208332657814 4.39383337553591 6.35279170066739 6.46279169397894 5.62837499938905 5.92520834303771 7.38229172959109 3.67066668688009 3.42804166550438 4.17474999278784 4.94799999442572
-2.3794583013126 0.822458379746725 6.55708335879414 6.67974996070067 5.36750000711375 6.72637498042119 5.89799998727782 4.60733334409694 1.82420831856628 0.753625011382003 4.23975002852967 2.66020835222056 3.56845834540824 3.17666667451461 2.49791666865349 -2.61220834342142 3.66487500273312 -0.429333343791465 -0.424041678663343 2.10320831742138 3.66091668357452 4.08504165709019 3.32270832390835 -1.28887499511863 -0.193583328276873 2.76637499635884 3.01825001556426 3.74754167255014 1.67666664991217 1.11995834659319 2.10279164952226 5.47983336976419 4.8992083123497 5.68162501851718 5.0517499987036 5.25625000086923 5.59233331028372 5.1965833477055 4.20445832485954 4.2907499819994 6.18950002174825 6.69975000701379 5.10545835861315 3.99925000977237 3.33437500024835 4.46983332559466 5.67870831675828 6.65041667611028
6.76433335531813 2.10566666326486 4.07208333979361 3.5759166572243 7.13820828994115 2.88883335608989 6.94699998913953 5.85199997356782 5.05016670158754 2.40424998787542 0.225499998778105 1.48849999019876 2.95204166695476 3.00816668942571 0.340166695105533 3.74000001822909 4.25579165946692 -0.14975002532204 2.56754163031777 4.1363750219025 5.37141665397212 6.19533329717039 7.97837499971501 4.41633333669354 3.71237501439328 5.09770834352821 5.34908335438619 6.57370834192261 6.21295835282731 4.62725001340732 1.34975000629978 3.13883333474708 5.91145830822643 5.88587498199195 6.02483332374444 6.27916666834305 5.86612499846766 5.64095833990723 5.67524999706075 6.62387500548114 6.00899998090851 4.33020834221194 3.18854166691502 3.02199996759494 4.19845831766724 6.32829164030651 6.84504166377398 6.77745835024689
-1.83520836522803 1.71599998759727 7.39262503746431 7.11433338622252 5.93829165950107 5.06958329762953 2.98433331925965 5.3969583332849 5.19495832469935 7.70550000329967 0.725583339730899 4.52291665666659 3.31895829892407 5.84233334064872 2.12450001155958 3.65212499032107 1.30470834734539 0.735124999657273 3.89658331389849 5.51374997982445 6.59570833250958 6.37554164781856 6.04474998141329 7.79820834945228 6.74949995236238 5.47520833644861 6.52066664582041 5.79458332717574 5.35445835829402 6.38108332265013 5.62349999411769 3.00887499555635 5.68137500586454 4.51645832229406 4.56633334296445 5.53491666625875 6.17020836534599 6.51425002701581 6.51954169417634 5.97662498087933 5.39820832634966 5.7212083664975 4.85654169431655 7.18404166808197 7.50604165778107 7.26491673383862 7.2361249854827 7.02720831350113
4.53341665642802 7.66750000424994 5.88383336916255 3.08587500274492 9.65620832925197 6.78479162293176 3.0140416737025 0.728250004351139 3.41875002942591 4.76620835376283 7.68829167137543 7.81908333033789 7.62258335548298 7.99312499072403 7.95812498071852 8.73783334343655 4.76229165665184 5.88425000589147 7.09920835030789 7.85712503494384 8.78083334698264 8.37616669254688 7.17241670781126 5.91516670103495 3.56737498411288 3.66262498497963 5.95920831764427 4.062875016282 3.91224998111526 5.10537499934435 6.67762497560276 2.9226666536803 0.262125006838081 4.16645831614733 4.77837497492631 4.86770831110577 5.01316666913529 4.46699999272823 3.35312501713633 2.73025000095367 5.7315833348548 7.38104176792937 7.78462497103707 8.76754167163745 8.7413749692884 8.18895828314514 7.23704169612999 6.84283328557542
2.00491665947484 4.19037497323006 6.30266668026646 3.15566665345492 5.5648749563843 4.35470834405472 7.19779170209464 1.58925003185868 -0.407083348681529 4.94854168450305 8.38320837794648 6.99191668683973 6.25912494468503 5.92337500563978 7.74250003681906 9.4035833455855 10.7503750262161 9.12229167365935 8.14616669993848 8.65279165717463 8.05958329533071 7.67237499984913 6.08195829942512 4.85608334257267 5.06962497004618 6.84516665463646 6.56062500526119 4.9484583378459 3.60945832853516 2.17420832502345 4.21249999944121 3.55562502518296 3.1571250098447 4.11804163952669 5.55420832911235 6.85154165601125 4.27550000386934 2.31445836027463 3.98870836695035 4.96979166691502 6.91366665352446 6.30258333828048 6.25279167585541 7.89254165196326 7.5740833330589 8.39674999006093 6.09300001322602 5.19741665459393
4.29354166255022 6.25387497991323 4.91537501523271 5.2496666732089 4.80845833626032 5.55516664983394 5.55795836572846 5.81016668718231 2.64791665466813 2.12466664984822 4.30666666664183 4.0703749358266 5.4332083761692 7.1155416383408 6.69133333066323 8.49937504518311 10.4305416264882 8.93720838252921 9.42179160817371 9.43350000632927 9.74133333517238 8.3598750019446 7.07150000015584 6.74933336597557 5.84370834327516 5.42024998289223 4.85774999298155 4.40437497446934 4.13995830916489 7.29533333587945 4.39379167789593 2.92066664248705 5.96933331293985 7.12329164838108 7.44449998242625 7.47145830622564 5.82845836561561 5.04908339182536 3.87133332838615 6.04245834231066 7.83541669203745 9.50416659067075 9.677500044927 9.55249999746836 5.34391663836626 4.82212500118961 6.93841663569522 5.33504160741965
0.07112502407593 4.82699997217666 6.91133331802363 6.28129167847025 6.36549997368517 5.02779166214168 4.37966663048913 3.47829162484656 6.23629167881639 7.14387494962042 4.47833334157864 9.38933327747509 2.60566663936091 0.966041661798954 1.49191665556282 2.06529165259174 6.65775005938485 7.09941671959435 7.36129164034112 7.23712504135134 7.00033335621023 9.11729169326524 9.90570836514235 8.91274999578794 6.47079171054065 8.21645833419946 8.1163333482109 8.66349995593191 8.57641657286634 7.82029167492874 6.3435833810945 6.43049996700332 7.68804168922361 8.21187503540811 8.95937500253785 7.65991666392074 8.11308329866733 6.76508330437355 5.15725000947714 7.96108332745886 9.24504167027771 9.72875010346373 9.71674999160071 8.74720834312029 7.8340416077505 5.25937501100513 4.99691664877658 6.77020832867129
2.85354164941236 4.98699998327841 4.705958346293 5.85662502242485 4.98658337527498 3.99175002650979 1.56549999614557 3.94137503316354 1.13329170147578 6.07254168204963 10.7388333524771 7.42108328696728 8.46033330975721 7.30266668181866 3.60870831242452 1.93583334113161 6.94341666359105 3.59820834512357 6.80987501840961 7.65629167004954 10.0209583627681 10.0087082445001 10.1841250111659 9.27833332695688 7.71424995176494 8.03749995584076 8.48704168695743 9.30570831956963 8.31837500204953 9.51204164512456 10.3665417246521 9.61541668574015 9.94324998619656 8.954666626174 9.28000005319094 9.80504168570042 10.1712916394075 10.1877917302772 9.33362499065697 7.72933333627104 8.91220826624582 8.88387494038519 9.19183334164942 8.6087500184658 8.10383332613856 7.94787502610901 6.97445838789766 6.89404173513564
