Scripts_&_data/WorldClim_2.0_rasters/WC2.0_bio_07_16.asc
NCOLS 642 
NROWS 378 
XLLCORNER -19 
YLLCORNER 19 
CELLSIZE 0.166666666666667 
NODATA_value -1.7e+308 
[rows 210 to 230 of 378, columns 528 to 575 of 642]
51.7357499599457 52.1052496433258 52.2832502126694 51.952999830246 51.5750000476837 51.4617502689362 50.7727496623993 50.8897498846054 50.6692506074905 50.5394996404648 50.5132501125336 50.5805002450943 50.332999587059 50.7790001630783 50.9712505340576 50.7722504138947 50.8002498149872 50.7717497348785 50.9197496175766 50.7502498626709 50.349750161171 49.9340000152588 49.8057502508163 50.4734997749329 50.5807498693466 51.003250002861 51.0627499818802 50.7747504711151 50.4245001077652 50.1027493476868 49.6712499856949 50.3947499990463 49.479749917984 48.9215000867844 48.8220001459122 47.5827502012253 48.6570000648499 49.6474992036819 49.9294998645782 49.8652499914169 49.5682499408722 49.2287501096725 48.6517498493195 48.195999622345 48.3214998245239 49.4495002031326 49.3394998311996 48.5642503499985
52.1765002012253 52.1860004663467 52.0417500734329 51.7462500333786 51.5005004405975 51.0355004072189 50.4812499284744 50.40524995327 50.2277500629425 50.5572497844696 50.3719997406006 50.7880001068115 50.7539995908737 51.0869995355606 50.2055000066757 49.8844995498657 49.2764998674393 49.9300001859665 50.2344996929169 50.2975002527237 50.2107501029968 50.2737504243851 50.538250207901 50.6177499294281 50.8762497901917 50.694000005722 50.3645002841949 50.7242503166199 50.3807502985001 50.0670001506805 50.0225002765656 50.5400002002716 49.6092497110367 47.1997499465942 43.7284998893738 42.1144998073578 43.0649998188019 47.2897498607635 47.8957498073578 46.4085003137589 43.7207496166229 43.4650001525879 43.493000626564 43.5209999084473 48.4004995822906 48.9232499599457 48.9012498855591 48.769749879837
51.8309998512268 52.0654995441437 51.680250287056 51.7617506980896 51.4007501602173 50.882249712944 50.5442506074905 50.65625 50.501749753952 50.4847497940063 50.5129997730255 51.1622503995895 51.1237504482269 50.4187498092651 50.0322499275208 49.8224999904633 50.1327500343323 50.4792495965958 50.4497500658035 50.4027493000031 50.0752494335175 50.1687495708466 50.5072499513626 50.2975000143051 50.3575001955032 50.5597500801086 50.4045000076294 50.4252501726151 50.0069999694824 50.3662492036819 50.0279997587204 50.3804997205734 47.0204999446869 42.5160000324249 41.1559998989105 41.2609993219376 41.3332495689392 41.5429997444153 43.3842496871948 42.9080002307892 42.2732496261597 42.8312501907349 43.2062505483627 44.1075001955032 44.8309999704361 44.3324999809265 45.3784999847412 45.2249999046326
51.1822501420975 51.3174992799759 51.5739996433258 51.1487501859665 50.9615000486374 50.573749423027 50.4927504062653 50.6035004854202 50.9210000038147 51.1392506361008 51.1869996786118 50.6000003814697 50.4752495288849 50.3075003623962 50.5975004434586 50.4005004167557 50.6304996013641 50.5725002288818 50.3070001602173 50.2287503480911 50.021250128746 50.372750043869 50.617750287056 50.752500295639 50.6797497272491 50.5852494239807 50.4482499361038 50.3274999856949 50.1372501850128 50.3717502355576 46.7572504281998 43.7197501659393 41.1685000658035 41.1332503557205 41.3525007963181 43.3652504682541 44.7020001411438 45.6499999761581 48.1649997234344 48.1792498826981 49.1462497711182 49.4475001096725 49.7284996509552 50.2942498922348 50.8957502841949 50.9322499036789 50.5594999790192 48.8057504892349
50.9852502346039 50.9057501554489 50.9587497711182 50.9682500362396 50.7717497348785 50.524249792099 50.7497502565384 50.8285000324249 51.0624997615814 51.1742497682571 50.8062499761581 50.5397500991821 50.6829996109009 50.8130000829697 50.5647498369217 50.2937499284744 49.9570000171661 50.3669992685318 50.2242497205734 50.5204994678497 50.5277497768402 50.3277499675751 50.1339997053146 49.8990000486374 50.3937500715256 50.3784997463226 50.3850002288818 50.3360006809235 49.1712499856949 48.2089998722076 43.3107497692108 41.2935001850128 41.3520002365112 41.3834997415543 42.68374979496 49.8462501764297 50.7494996786118 50.8449997901917 51.0015000104904 51.0537502765656 51.0365002155304 51.4067503213882 51.4710000753403 51.4324998855591 51.4712498188019 51.4194995164871 51.4612501859665 51.3037506341934
50.9464999437332 50.9177502393723 50.9387503862381 51.3915002346039 51.0275002717972 51.1822497844696 51.2362493276596 50.9080003499985 50.8217507600784 50.7699999809265 50.7940001487732 50.8442493677139 50.7465006113052 50.6160008907318 49.7684998512268 49.7344995737076 49.7230002880096 49.5164996385574 49.9824998378754 50.7580001354218 50.3474994897842 50.2055000066757 50.2437496185303 50.2019997835159 49.9694995880127 50.0042498111725 50.2219995260239 49.2462499141693 42.5592497587204 41.6190003156662 41.5767501592636 41.7617499828339 42.3120000362396 42.4587498903275 45.6915000677109 50.6457499265671 51.2112500667572 51.2402498722076 51.1890001296997 51.2402505874634 51.2855002880096 51.413499712944 51.4564999341965 51.5094997882843 51.6442494392395 51.6549993753433 51.7352491617203 51.6247497797012
51.1127501726151 50.8702501058578 50.9597505331039 51.0790004730225 51.2555006742477 51.337500333786 51.1840001344681 50.9279997348785 50.5320001840591 50.6177501678467 50.6057504415512 50.2012497186661 50.0065001249313 50.0532503128052 50.0287500619888 49.6717504262924 49.2659994363785 49.2777500152588 49.8932501077652 50.4402501583099 50.3477498292923 50.2495000362396 50.4037493467331 50.2477502822876 50.0877504348755 50.0590002536774 49.9177502393723 48.546749830246 42.2065001726151 41.5910000801086 41.5742502212524 42.5544996261597 46.9287502765656 50.22725045681 51.0472497940063 51.47350025177 51.6777501106262 51.5142502784729 51.4010000228882 51.4067497253418 51.2502491474152 51.5165002346039 51.5912500619888 51.8097499608994 51.8807495832443 51.710250377655 51.7300000190735 51.7667506933212
50.7557493448257 50.6602491140366 50.7604987621307 50.7459992170334 51.0669996738434 51.1402492523193 50.9147503376007 50.7330003976822 50.113750576973 49.6047497987747 49.3645005226135 49.2857505083084 49.5930000543594 49.8800002336502 49.9504995346069 49.2772507667542 49.2377496957779 49.3292499780655 49.9795000553131 50.1962496042252 50.0319998264313 49.9447504281998 50.3197501897812 50.1527502536774 50.001500248909 50.1017504930496 48.9172501564026 42.8825000524521 41.4787501096725 41.4109995365143 41.2284998297691 41.8874999284744 44.796749830246 47.0319999456406 47.5110001564026 48.7374995946884 51.3714995384216 51.6182500123978 51.4910000562668 51.4247505664825 51.3112504482269 51.5495001077652 51.6317503452301 51.8085001707077 51.5742502212524 51.610000371933 51.6329998970032 51.7819999456406
50.9689998626709 50.7677491903305 50.6989992856979 50.6894996166229 50.7012492418289 50.8284999132156 50.5527491569519 49.9719998836517 49.3459997177124 49.259999871254 49.3747498989105 49.2074992656708 49.1445000171661 49.6950001716614 49.7355002164841 49.3332496881485 49.373250246048 48.5344998836517 49.0237499475479 49.1645002365112 49.5952501296997 49.8097496032715 50.2077494859695 50.3802498579025 50.1279999017715 50.1279997825623 48.349999666214 42.9580002427101 41.5142497420311 41.2532500624657 43.0457502007484 44.4344999790192 42.0277504324913 44.7832498550415 45.6237497329712 47.4230000972748 50.9830003976822 51.2519997358322 51.3224997520447 51.3462499380112 51.1954995393753 51.3137496709824 51.6622494459152 51.8744996786118 52.0272501707077 52.0642496347427 52.0469995737076 52.324249625206
50.3052500486374 50.3157488107681 50.4317499399185 50.4190003871918 50.2180005311966 50.2255004644394 49.7562500238419 49.8382494449615 49.527999162674 49.3809998035431 49.5229994058609 49.3354996442795 49.2645001411438 49.0497499704361 49.4452497959137 48.9122499227524 48.7832499742508 48.6545000076294 48.8029992580414 48.6667501926422 48.9812496900558 48.646250128746 49.8345001935959 50.3280003070831 50.4194996356964 50.3557500839233 49.9329997301102 49.0420005321503 44.883000433445 42.2112501859665 45.8972497582436 50.5177496671677 48.993499815464 46.8369995951653 44.4837499260902 44.4207503795624 46.9870001673698 50.4902504682541 51.0210003852844 51.2642507553101 51.4267499446869 51.0469999313354 51.7074999809265 52.0399996042252 52.4117500782013 52.6629998683929 52.867249250412 53.0879995822906
49.9784996509552 49.7710000276566 50.0415005683899 50.297000169754 50.276750087738 50.1065002679825 50.0417500734329 50.1989996433258 49.7452503442764 49.5614998340607 49.6975001096725 49.3069996833801 48.6950002908707 48.154000222683 48.9209998846054 48.8080004453659 48.3947497606277 48.2245000600815 47.968500316143 47.5019997954369 47.8257504105568 48.3887503147125 48.5922498703003 49.6897503137589 49.8855001926422 50.0420002937317 49.8317500352859 49.6957503557205 48.8350005149841 45.0505001544952 42.094999730587 47.9522499442101 50.5817497968674 50.0189998149872 48.0622501373291 47.4132500290871 46.6102496385574 49.031750202179 50.4384999275208 50.9650002717972 51.4192496538162 51.6020001173019 50.9407497644424 51.8294998407364 52.3767493963242 52.9677505493164 53.2292501926422 53.5489990711212
50.0135003328323 49.8662499189377 49.6775009632111 49.8317507505417 50.0395003557205 50.0862500667572 49.7322504520416 49.6492507457733 48.9970000982285 49.319499194622 49.5422502756119 49.1092503070831 48.3192490339279 48.0055000185966 48.258499622345 47.9657493233681 48.3585002422333 48.4354991912842 47.8644995093346 47.0512499213219 46.8065003156662 46.5385002493858 47.4547497630119 49.1510001420975 48.8894997835159 49.2762498855591 49.4989997148514 49.4429998397827 49.2915000915527 49.1820003986359 43.2812499403954 48.4497501254082 49.2885001897812 49.2509999275208 49.2279999256134 48.6984997987747 47.9202499389648 47.9327499866486 47.3655000925064 49.392000079155 50.2552500963211 50.7332500219345 49.9282501935959 50.7439999580383 52.6920003890991 53.1249995231628 53.5274996757507 53.8399996757507
49.8504998683929 49.6699995994568 49.3877507448196 49.3812508583069 49.3024997711182 49.5817500352859 49.4817501306534 49.1472495794296 48.9852492213249 48.9212498664856 48.7454997897148 48.8635002970695 48.3612498044968 48.134750187397 48.1557501554489 48.9347501993179 48.9640002250671 49.0292497873306 48.5982496738434 47.8742499351501 47.1617501974106 46.7537499666214 46.2717504501343 46.5852499604225 47.5124998092651 48.34375 49.3097503185272 49.1110005378723 49.2229996919632 49.4642496109009 47.8980000019073 48.4284999370575 49.0177501440048 49.6009998321533 49.5097500085831 49.279749751091 48.1080000400543 48.1990000009537 49.1090000867844 50.0054997205734 49.5022501945496 49.5727499723434 48.6944999098778 48.7672498822212 51.5499997138977 52.6107498407364 53.5202498435974 53.6102508306503
49.8990005254745 49.7874997854233 49.6932491064072 49.6032489538193 49.3069994449615 49.350999712944 49.4629998207092 49.3442497253418 49.7082496881485 49.1604990959167 49.429500579834 49.6067497730255 49.3792505264282 48.4157499074936 48.2019995450974 48.1992494463921 48.4250009655952 48.2582505345345 47.8667492866516 47.7119997143745 47.8585003614426 47.636500120163 47.149749815464 44.996249973774 44.8532500863075 46.8384996652603 48.6177499294281 48.6832504272461 49.1055002212524 49.5684999227524 49.4512501955032 49.2840002775192 48.9522498846054 49.3074992895126 49.4580001831055 49.5740005970001 49.7912496328354 50.0027490854263 50.1099998950958 50.17325091362 50.1387505531311 50.2767510414124 49.7985004782677 49.5832501649857 51.0982496738434 52.1430003643036 52.8674999475479 53.5002498626709
50.0817502737045 49.8349997997284 49.6932502388954 49.5415002703667 49.4414993524551 49.2535002231598 49.0122502446175 48.7397498488426 48.419750392437 48.2499995231628 48.2674993276596 48.5172510743141 48.6557502150536 48.9660007357597 48.8850009441376 48.3359995484352 48.2182493209839 47.7357493638992 47.6647506952286 47.4707503318787 46.7779998779297 46.9442498683929 46.6795001626015 46.3419995307922 46.332499563694 46.0704999566078 46.2015001773834 48.0862500071526 48.628249168396 48.1117494702339 47.0947499871254 47.0552501678467 47.1400000452995 47.836000084877 48.7412496805191 49.2952498197556 49.5907499790192 49.4470001459122 49.4587513208389 49.6612491607666 49.7422491312027 49.8802497386932 49.850999712944 50.093249797821 50.6227496862411 50.1862495541573 49.2902498841286 50.3789991140366
48.8424994945526 48.7759991884232 48.7484998703003 48.6659995317459 48.6185003519058 48.595750272274 48.5807494521141 48.4732499718666 48.3497503399849 48.1872502565384 48.0299996733665 47.9842500090599 48.0995011925697 48.2687515616417 48.4297507405281 48.2862503528595 47.8924998044968 47.5972499251366 47.3657504320145 47.2689996957779 46.2759999036789 45.9607502818108 46.6229993104935 46.1887496709824 46.6717491149902 46.9124994277954 46.4347496032715 46.0384999513626 45.9499999284744 44.4752503037453 44.2109997272491 44.8852500915527 45.8160004019737 46.310750067234 46.9919998645782 47.585000038147 48.7804999947548 49.1997498273849 49.2967503070831 49.3734992742538 49.7819982767105 50.1169992685318 49.9967501163483 49.4012495279312 49.3395004868507 49.9917507171631 49.0960001945496 48.2749999761581
48.0064994096756 48.2349996566772 48.3322495222092 48.4810010790825 48.6032499670982 48.6189991831779 48.6934993863106 48.6864993572235 48.5512492656708 48.3287500739098 48.1442508101463 48.0697511434555 47.9362508058548 47.8005002737045 47.6869990825653 47.6479994058609 47.5172490477562 47.3784989118576 47.3654996156693 47.2254999279976 47.2269999980927 47.0207503437996 46.8042503595352 46.5179998874664 46.5202497839928 46.6134997010231 46.8235000371933 46.7147501707077 44.1049999594688 41.8349999785423 43.5965000987053 44.363500058651 45.1354999542236 44.8757497668266 45.3760001063347 46.2377499938011 47.1304998397827 47.7754998803139 48.3592499494553 48.6262497901917 48.8839995861053 49.4349999427795 49.724249958992 49.1655002832413 48.8067498803139 49.4922506213188 49.2099996209145 49.8177497386932
48.220999956131 48.1014996767044 48.2700006365776 48.4990009069443 48.3887504935265 48.4520006775856 48.3065005540848 48.4492501020432 48.4492498636246 48.4549993872643 48.3099999427795 48.0730004906654 47.8932510614395 47.7864995598793 47.6167498826981 47.5202503204346 47.303499341011 47.160749733448 47.2234996557236 47.077499628067 47.0097506642342 46.9404993057251 46.9225008487701 46.9144994020462 47.1799997091293 47.3852496743202 46.9939998984337 46.174499809742 45.4992501735687 44.1839998364449 43.9347499012947 44.0202500224113 44.13774985075 43.6175000667572 42.9487499594688 43.6679999828339 44.3522500395775 45.2327500581741 46.2870002985001 46.9735000133514 47.4272494912148 48.7492498159409 48.3559995889664 48.3912500143051 48.6924999952316 48.3452498316765 47.8572496175766 47.475999712944
47.2022495865822 47.6377503871918 47.8999994397163 47.6777504682541 47.3382503986359 47.8957509994507 47.8425009250641 47.9877501726151 47.9609999656677 47.8372505307198 47.9782502651215 47.8510006666183 47.7815012931824 47.7925009727478 47.5945000052452 47.3754993677139 47.1977498531342 47.0812505483627 46.9172502756119 46.8687496185303 46.829250395298 47.0272495150566 47.1685002446175 47.2635003328323 47.5625000596046 47.6254994869232 47.4257501363754 46.3430002331734 46.4994990229607 46.8124999403954 44.7584998607635 42.9292502403259 42.2394996881485 43.0037501454353 43.4544999599457 44.0382500886917 44.0055000782013 43.2909997701645 43.1832498908043 45.0322499871254 45.5567501783371 46.4674999117851 46.9065001010895 47.4494996070862 47.1897502541542 46.3959996700287 46.3154999613762 46.8522501587868
45.5785000920296 46.2622501850128 46.2384999990463 46.4975003004074 46.8230004310608 46.4074999690056 46.6240001320839 46.8612499833107 47.0364999771118 47.1725000739098 47.3937510251999 47.2837500572205 47.5694989562035 47.6347496509552 47.3579992651939 47.1572497487068 46.9165008664131 46.8145000338554 46.5837500691414 46.453249335289 46.5167499780655 46.4799998998642 46.6342489719391 46.4952499866486 46.9187503457069 47.2962501049042 47.7737502455711 47.7334999442101 46.6659999489784 46.6874999403954 44.2167500257492 42.2365000247955 41.2667499184608 41.6545000076294 43.1442499756813 43.6942497491837 45.565750002861 44.3362500667572 44.0505001544952 44.3972500562668 45.2585002779961 45.2227497696877 45.7924997806549 47.0077498555183 47.1337497830391 45.2167496085167 46.0119995474815 47.4717495441437
44.0867499113083 45.1577495336533 45.455249607563 44.6519998311996 44.5214996933937 44.4574993252754 45.0697501301765 45.5374997258186 45.7519999742508 45.6740008592606 46.5132501721382 46.0137500166893 46.8980000019073 46.8824996948242 46.826499581337 46.5594998002052 46.0622498393059 45.9724997282028 45.9027497172356 45.4030004143715 45.5094999074936 45.5384996533394 45.5074997544289 45.6592491865158 46.3322503566742 46.7622498869896 47.476499915123 48.1047503948212 47.1067500114441 46.5705000758171 43.7319999337196 41.8702501058578 41.6325001716614 40.9587500095367 40.6512500047684 43.1610000729561 43.9402500987053 43.8362500667572 45.1949999928474 46.1719998121262 46.7660000920296 47.16524964571 47.3139995932579 47.3972499966621 47.4230000972748 46.030749976635 47.3017499446869 46.832249879837
