Scripts_&_data/WorldClim_2.0_rasters/WC2.0_bio_03_16.asc
NCOLS 642 
NROWS 378 
XLLCORNER -19 
YLLCORNER 19 
CELLSIZE 0.166666666666667 
NODATA_value -1.7e+308 
[rows 231 to 251 of 378, columns 336 to 383 of 642]
-1.7e+308 -1.7e+308 -1.7e+308 -1.7e+308 -1.7e+308 -1.7e+308 -1.7e+308 -1.7e+308 -1.7e+308 -1.7e+308 -1.7e+308 -1.7e+308 -1.7e+308 -1.7e+308 -1.7e+308 -1.7e+308 -1.7e+308 15.860034122798 27.7632921151601 28.8579592101211 29.0770767172118 30.4420271688901 30.6792780037109 29.6381601758101 28.7595434478465 29.0492321325358 28.4730746045356 28.0301388764191 28.881259830556 26.765492181329 28.2873939401833 26.885951014497 23.4903062543004 25.8760621322904 25.0134864528449 28.2893110854408 29.6627332740581 29.8662387993469 30.2627823076632 28.6734294222122 28.6263592955032 28.0823858343089 27.8457934577626 27.9971420305375 28.3700314380169 28.9316038059072 28.1869641079399 27.8988161278773
-1.7e+308 -1.7e+308 -1.7e+308 -1.7e+308 -1.7e+308 -1.7e+308 -1.7e+308 -1.7e+308 -1.7e+308 -1.7e+308 -1.7e+308 -1.7e+308 -1.7e+308 -1.7e+308 -1.7e+308 -1.7e+308 -1.7e+308 -1.7e+308 -1.7e+308 17.61556667261 30.5945776298834 30.9403918749473 30.173624041431 29.8249317199413 29.7962154824716 29.9929668864785 29.0698485977394 28.9471957379482 28.7965006042087 29.3882294917068 29.1102163035567 28.9855990994695 27.7662549684524 26.5308352937836 26.5768556205567 24.8535953270741 25.7686488271041 27.8986145636237 29.6844912209262 30.0579479780534 29.5066070744794 28.8564153100786 28.8412303508379 28.8510320448942 29.1434932895797 29.2006425159812 29.0206453927986 28.3047813323169
-1.7e+308 -1.7e+308 -1.7e+308 -1.7e+308 -1.7e+308 -1.7e+308 -1.7e+308 -1.7e+308 -1.7e+308 -1.7e+308 -1.7e+308 -1.7e+308 -1.7e+308 -1.7e+308 -1.7e+308 -1.7e+308 -1.7e+308 -1.7e+308 -1.7e+308 -1.7e+308 -1.7e+308 -1.7e+308 15.780616059612 28.2117743006439 30.5629471539003 31.1627003052993 30.927027697627 30.4795789361027 31.1882031638559 30.6302082199078 29.9400535906791 30.1791965712947 30.2763160169189 29.0945387053592 28.4155571360917 27.2181811776536 23.6666473159626 24.656691768389 27.624761344994 27.7685275549447 29.8560140684486 30.2005328740899 29.2279048445793 29.014962813452 29.1676064303301 29.069713291169 29.0920872979323 28.9358550203441
-1.7e+308 -1.7e+308 -1.7e+308 -1.7e+308 -1.7e+308 -1.7e+308 -1.7e+308 -1.7e+308 -1.7e+308 -1.7e+308 -1.7e+308 -1.7e+308 -1.7e+308 -1.7e+308 -1.7e+308 -1.7e+308 -1.7e+308 -1.7e+308 -1.7e+308 -1.7e+308 -1.7e+308 -1.7e+308 -1.7e+308 -1.7e+308 21.5550379433698 31.9321732616524 31.8940663711792 31.9505605760511 30.3541075297051 30.1000059604864 32.2650099330997 31.2197405169647 28.0039673975727 28.5059657053895 28.2298675546509 29.0508876059149 27.269813013989 26.8792362347609 24.6487442127561 25.6958438545799 28.7570958847623 29.1417651429207 30.2669684626746 30.4967912427019 30.6673116902826 30.6282219725089 30.8663031615361 30.7000852777799
-1.7e+308 -1.7e+308 -1.7e+308 -1.7e+308 -1.7e+308 -1.7e+308 -1.7e+308 -1.7e+308 -1.7e+308 -1.7e+308 -1.7e+308 -1.7e+308 -1.7e+308 -1.7e+308 -1.7e+308 -1.7e+308 -1.7e+308 -1.7e+308 -1.7e+308 -1.7e+308 -1.7e+308 -1.7e+308 -1.7e+308 -1.7e+308 -1.7e+308 -1.7e+308 22.6514254036433 33.7960807339643 33.1322902289296 32.0916239444037 34.9888249357813 30.9015413215263 30.5491711171651 30.3544526121897 31.9623275187577 30.9470396401586 29.2934143074955 28.5932262032306 28.4113862645789 28.3608847738388 24.1382494375992 26.6665233501061 26.5911054933866 26.5156550973471 23.7366387919687 26.5102316075328 28.199308475137 29.6511535796282
-1.7e+308 -1.7e+308 -1.7e+308 -1.7e+308 -1.7e+308 -1.7e+308 -1.7e+308 -1.7e+308 -1.7e+308 -1.7e+308 -1.7e+308 -1.7e+308 -1.7e+308 -1.7e+308 -1.7e+308 -1.7e+308 -1.7e+308 -1.7e+308 -1.7e+308 -1.7e+308 -1.7e+308 -1.7e+308 -1.7e+308 -1.7e+308 -1.7e+308 -1.7e+308 -1.7e+308 32.7291333873968 35.0560287542421 35.8322821472813 35.8977480676395 35.2523410991229 32.2222356012699 31.4920110992095 34.2208290057937 33.3324406385292 33.0889508867829 32.8659937017239 31.4651589584268 30.9813956160568 27.5896326557724 26.6282447262814 28.1440009428974 26.515015573621 26.2672281938521 28.4225286947151 26.0009779523812 28.8175331781767
-1.7e+308 -1.7e+308 -1.7e+308 -1.7e+308 -1.7e+308 -1.7e+308 -1.7e+308 -1.7e+308 -1.7e+308 -1.7e+308 -1.7e+308 -1.7e+308 -1.7e+308 -1.7e+308 -1.7e+308 -1.7e+308 -1.7e+308 -1.7e+308 -1.7e+308 -1.7e+308 -1.7e+308 -1.7e+308 -1.7e+308 -1.7e+308 -1.7e+308 -1.7e+308 -1.7e+308 24.6300885416369 34.3134420839587 35.0618803802919 35.4168800944015 34.9686039019876 33.6365411151973 31.5680572100503 31.3972064309682 32.1897538844327 31.2348841867478 32.5329138158439 32.2049777600689 31.2504356193157 31.0626158675632 31.8545206278882 29.9091335321897 28.0744425843423 29.0639804698316 30.7673137362474 31.6802231026105 31.3082015668693
-1.7e+308 -1.7e+308 -1.7e+308 -1.7e+308 -1.7e+308 -1.7e+308 -1.7e+308 -1.7e+308 -1.7e+308 -1.7e+308 -1.7e+308 -1.7e+308 -1.7e+308 -1.7e+308 -1.7e+308 -1.7e+308 -1.7e+308 -1.7e+308 -1.7e+308 -1.7e+308 -1.7e+308 -1.7e+308 -1.7e+308 -1.7e+308 -1.7e+308 -1.7e+308 -1.7e+308 -1.7e+308 32.9605291936797 34.3249980818535 35.0897100227144 35.2083470811762 35.4982489909731 34.9925708088805 33.4809230158985 32.2490448767199 30.8877324794776 29.820854333947 32.2233786401377 30.4419921734917 31.01307249699 32.0461268784644 32.4308604916827 32.3843422720592 32.7367370576667 32.0770257147269 31.8233091858836 32.0907724304031
-1.7e+308 -1.7e+308 -1.7e+308 -1.7e+308 -1.7e+308 -1.7e+308 -1.7e+308 -1.7e+308 -1.7e+308 -1.7e+308 -1.7e+308 -1.7e+308 -1.7e+308 -1.7e+308 -1.7e+308 -1.7e+308 -1.7e+308 -1.7e+308 -1.7e+308 -1.7e+308 -1.7e+308 -1.7e+308 -1.7e+308 -1.7e+308 -1.7e+308 -1.7e+308 -1.7e+308 -1.7e+308 26.8095167044749 33.1363263289399 34.5873130720997 34.1575808329571 33.2713394692397 33.8201354547942 32.1015807188848 31.0199915385801 30.9723078192913 29.8830238756888 29.2142943732287 30.7545357861037 33.0093010916267 33.7238848817303 34.1289712585971 33.0990230840436 32.34381429993 31.8885778418948 31.5125233050344 31.5767428913378
-1.7e+308 -1.7e+308 -1.7e+308 -1.7e+308 -1.7e+308 -1.7e+308 -1.7e+308 -1.7e+308 -1.7e+308 -1.7e+308 -1.7e+308 -1.7e+308 -1.7e+308 -1.7e+308 -1.7e+308 -1.7e+308 -1.7e+308 -1.7e+308 -1.7e+308 -1.7e+308 -1.7e+308 -1.7e+308 -1.7e+308 -1.7e+308 -1.7e+308 -1.7e+308 -1.7e+308 -1.7e+308 16.5469008761273 34.1369811330025 33.8051127133942 31.0786310206588 30.1775634378972 30.5066213953808 30.6055519877457 30.27168764335 30.3313231070536 30.3403214991712 30.4525233138608 31.2447214404053 31.947648644035 32.1211346380794 31.9691153773909 33.2017838612217 32.305218823803 32.0286334965945 31.1086749501057 31.6566944147857
-1.7e+308 -1.7e+308 -1.7e+308 -1.7e+308 -1.7e+308 -1.7e+308 -1.7e+308 -1.7e+308 -1.7e+308 -1.7e+308 -1.7e+308 -1.7e+308 -1.7e+308 -1.7e+308 -1.7e+308 -1.7e+308 -1.7e+308 -1.7e+308 -1.7e+308 -1.7e+308 -1.7e+308 -1.7e+308 -1.7e+308 -1.7e+308 -1.7e+308 -1.7e+308 -1.7e+308 -1.7e+308 23.5875838989541 28.504207373487 27.8901050380469 30.1462659513763 30.7217055066072 31.4970247075966 33.0251811542648 33.9603999251247 33.5561412347784 32.5149977077416 30.9912738684977 30.4696035601736 30.9163075481364 32.406034426032 32.7463178218642 32.4306478569826 33.1381183712214 32.2964818309326 30.4856751898324 30.7814651887489
-1.7e+308 -1.7e+308 -1.7e+308 -1.7e+308 -1.7e+308 -1.7e+308 -1.7e+308 -1.7e+308 -1.7e+308 -1.7e+308 -1.7e+308 -1.7e+308 -1.7e+308 -1.7e+308 -1.7e+308 -1.7e+308 -1.7e+308 -1.7e+308 -1.7e+308 -1.7e+308 -1.7e+308 -1.7e+308 -1.7e+308 -1.7e+308 -1.7e+308 -1.7e+308 -1.7e+308 23.0121067297438 29.113364103396 27.8650831064913 29.8786676242461 31.0087839048173 32.127298125253 30.3402356328014 34.4123122822505 33.8459303987103 34.0160786718543 33.9772157205842 31.228539032592 29.8642069681677 27.8641945264698 33.082966398665 33.610943551197 33.817353252312 34.002735735583 33.0557756217223 32.1255364300095 30.7985947467027
-1.7e+308 -1.7e+308 -1.7e+308 -1.7e+308 -1.7e+308 -1.7e+308 -1.7e+308 -1.7e+308 -1.7e+308 -1.7e+308 -1.7e+308 -1.7e+308 -1.7e+308 -1.7e+308 -1.7e+308 -1.7e+308 -1.7e+308 -1.7e+308 -1.7e+308 -1.7e+308 -1.7e+308 -1.7e+308 -1.7e+308 -1.7e+308 -1.7e+308 -1.7e+308 18.9457026438936 27.5719120844263 28.8500380306178 28.799126208905 29.2563965054645 32.0932113083388 31.9282895301764 29.4490538769127 29.9852095174646 28.7481804515153 28.932419516869 34.1049250487278 32.4349535323582 31.0488139565091 27.7174944551076 27.711552516982 35.584454148484 34.4041211789442 33.3098372954637 32.7774588354369 31.9456999840799 30.8691767933423
-1.7e+308 -1.7e+308 -1.7e+308 -1.7e+308 -1.7e+308 -1.7e+308 -1.7e+308 -1.7e+308 -1.7e+308 -1.7e+308 -1.7e+308 -1.7e+308 -1.7e+308 -1.7e+308 -1.7e+308 -1.7e+308 -1.7e+308 -1.7e+308 -1.7e+308 -1.7e+308 -1.7e+308 -1.7e+308 -1.7e+308 -1.7e+308 17.6002702751984 30.107659788464 27.5979104209483 28.8423442299039 29.6438939044711 30.5585756932249 30.6336966967876 31.6827468856785 33.2846679299489 29.5376680512488 31.0997206047667 31.2494545698447 33.2159889018893 33.9292348198012 30.4016551385123 31.5229552639836 28.5332094655299 26.9779237694408 33.2044048450687 35.7889194095597 34.7094811659005 34.5616168838605 32.551859150735 32.1130649730908
29.8643658063212 27.324346660691 18.0997125194578 -1.7e+308 19.7909178588874 -1.7e+308 -1.7e+308 -1.7e+308 -1.7e+308 -1.7e+308 -1.7e+308 -1.7e+308 -1.7e+308 14.8488649223561 19.7739491148825 -1.7e+308 -1.7e+308 -1.7e+308 -1.7e+308 -1.7e+308 -1.7e+308 -1.7e+308 24.5617835863695 29.4420825214963 28.9696800696056 28.6759173179609 28.2858337130726 29.5829137751859 30.2164034861275 30.9266344208417 31.712898176147 30.6726128804937 30.4687359536277 31.2088125600321 31.7349790810168 31.9022823496618 29.986294298471 30.1543574204324 27.6493933883445 28.6024163657846 29.7497955177751 28.233803250386 31.4746471436478 37.1787616743014 37.0315449402 35.5500112717833 34.5513260013039 34.4301165112249
32.1690628280849 31.2960137593658 30.4644974639802 29.5015883063939 30.0302514377487 29.9166017327884 27.2955821757528 22.1057832971971 18.3868332730979 24.0010412349346 27.7597250257034 29.7332087632165 29.4205929149334 29.9629993416452 30.1084837380248 28.5835497676807 29.0910625623386 25.8039854023291 18.6146597055837 23.9944552320603 30.3469885837256 29.0857435029867 28.4293639461644 28.8781542299705 28.5320961162269 27.7460005087921 30.5800345068371 30.1567384182317 31.0108786010529 32.7602573357844 32.3800436062956 31.8129855164003 30.4162792027295 31.4644166100394 31.1742316380531 31.380905822567 29.3762492426417 31.7257774377892 30.9102495311726 30.8682658628135 31.4351596110578 31.4957608929885 32.0253760283628 32.7336064014539 35.3432076796565 35.7249119096497 34.633515690401 34.1893333969694
36.0646262327803 34.4495025642352 32.4753250121478 32.9202415146036 31.4575444398066 31.6600364944582 31.6015858440242 30.4114966289686 29.47659153527 29.552497417017 29.8470313375728 30.1303339367395 30.9468397992262 31.2468146396446 30.9549920657126 29.7868874111056 30.011834820995 29.7143486631409 29.3133554422304 29.4335687148281 28.8394905100946 29.8497028402968 28.6875396976232 28.1099627496835 28.6050649493052 29.9272187423567 29.9253295066361 30.195096679516 30.1535212310738 30.7177290541777 31.1224267736371 31.905305897646 32.4483673054995 30.3713241341676 29.6835672540982 31.0421543791336 32.301154504789 31.2661313578078 31.1807080648982 30.9001981048642 30.4514794025411 30.8126818925094 32.0542951620054 32.8799238930216 31.8663542955035 31.6406058436504 32.7522337416007 34.2078216212471
35.0827320628311 36.5127391523863 35.6501123810297 35.5549196029525 35.6333970443661 34.0187268312578 32.7119931458942 32.3728711681756 32.7193008706377 32.5242101923975 31.6616970796035 31.7130651203931 32.7125592187463 33.10138655963 32.5985766260707 31.2539592952777 30.3950725411499 31.0261326907307 30.2961839491939 30.5527900835659 28.9845564145157 29.4587867572522 29.568536977029 30.4187319192123 31.41029361544 30.9270480906218 32.0949578992477 32.0528380704897 33.4307320796664 32.8278689501986 32.3501481470955 32.4218942615422 31.799912622653 30.804620210893 31.0952126620297 31.5699503689415 31.3190359347393 31.1709260245208 31.1468503616546 30.5608855242034 29.9695452436211 30.9479602042653 28.5300380092951 28.0820848820537 30.5968897811916 30.2221390113511 31.5567505774696 32.2006640047535
33.8492355010553 34.5568059132577 34.6902502133383 35.4439947834121 36.2068422793132 35.0004078388705 33.8298705097145 32.8719329213007 33.109496641561 33.3754323329895 33.4224514314088 32.4936707036831 31.4666699082794 33.7190906250073 33.5379266128672 33.9743114783705 33.4051990773844 32.2628534708247 32.2221367548369 32.2466344298407 31.5236559598885 30.9889217691936 31.6217963295906 31.5217995110188 30.9753121874696 30.5711395764064 32.3461540025255 33.3680261894981 33.6899263806608 33.3039881815152 32.8427526620109 32.576220649477 30.5745766313776 31.5715966291512 31.4368413304188 30.9496716921538 31.5216036077405 30.6622378172852 32.3859940534362 31.7572842682498 32.0036128682442 32.1592012794932 29.362744142256 29.5117395435273 30.8982416029864 31.4963487145511 30.3922002446742 30.135221515563
34.6326019013289 35.2678078443911 35.1222503872786 35.5608411327782 34.6942448019351 33.8756469927571 33.194601191289 31.7147918439997 32.5804779205461 34.6306053992933 33.9475507396518 33.3974346280495 32.7492005016918 32.6552012242029 33.4237356514389 33.4148756109814 33.359448611238 33.2418934794138 32.8088442471677 32.7704679124824 32.2698225573331 31.6886370796734 31.6570540586676 31.3957793067277 31.1307436355749 30.2339912502757 31.8693444160072 32.2285045666363 31.963716180359 32.8625061543445 31.2109925183769 31.0041996921251 30.6442222772443 31.5197560271829 31.1505690119157 31.8764190279527 31.7882316278211 31.6641605772619 32.2655123341332 31.2740032133242 31.4281221521896 31.7061231418803 31.6155668942215 31.8094682874452 31.2635463505261 30.9428521445242 30.2248989598118 27.0472121383496
35.0470754744526 35.4622341636858 35.4526222980157 35.7457687083425 35.731438257377 33.9852284398374 34.1004413279569 33.1826514076288 32.8733769667486 33.673600296281 33.3132832236794 32.3530655230162 32.1137782975943 32.1662461905236 32.6135877403569 33.1541027788637 33.5230610017013 33.63824722552 32.9943185133825 32.1313070706649 32.120801510818 31.6151216184728 31.5151084461636 31.3003843710796 31.1500544215914 30.6856615948825 30.6417015244566 30.6604622799884 30.9823103758981 30.7693558142245 30.8190298911397 30.1172568605582 30.7001508863672 30.8634490887814 30.9071525847617 31.7702589481741 31.1500060163123 30.641834613305 31.1094125325096 30.7051427624709 31.2009286814473 32.2658307054161 31.9485090019145 31.8979314859986 31.5096749145812 30.929273698752 30.518767525923 28.9822553176226
