Scripts_&_data/WorldClim_2.0_rasters/WC2.0_bio_08_16.asc
NCOLS 642 
NROWS 378 
XLLCORNER -19 
YLLCORNER 19 
CELLSIZE 0.166666666666667 
NODATA_value -1.7e+308 
[rows 168 to 188 of 378, columns 144 to 191 of 642]
-1.7e+308 -1.7e+308 -1.7e+308 -1.7e+308 -1.7e+308 -1.7e+308 -1.7e+308 -1.7e+308 -1.7e+308 -1.7e+308 -1.7e+308 -1.7e+308 -1.7e+308 -1.7e+308 -1.7e+308 -1.7e+308 -1.7e+308 -1.7e+308 -1.7e+308 -1.7e+308 -1.7e+308 -1.7e+308 -1.7e+308 5.85077332208554 9.29941836744547 9.23058322568734 7.77291663720583 5.37941668803493 5.33137503328423 5.29650004704793 5.21212496391187 4.83466658989588 4.67799994318436 16.2505416373412 16.3968644837538 16.3442673881849 16.3478714625041 15.3646397689978 14.5063068966071 16.4876249432564 16.3089998761813 16.467416703701 16.5455000400543 16.460041731596 16.3504999876022 16.3212916453679 16.3191667099794 16.33304164807
-1.7e+308 -1.7e+308 -1.7e+308 -1.7e+308 -1.7e+308 -1.7e+308 -1.7e+308 -1.7e+308 -1.7e+308 -1.7e+308 -1.7e+308 -1.7e+308 -1.7e+308 5.16376612335444 5.68796870609124 5.57231848190228 4.94063070913156 7.35868755479654 -1.7e+308 -1.7e+308 -1.7e+308 9.11257832000653 9.51516667753458 9.34693919867277 9.25045835971832 10.2866665874608 9.19895826701152 12.9955000107487 12.9500416548302 11.5076250449444 7.38641670874009 5.24174998266002 10.0434998888522 16.3255833685398 16.3886666893959 16.3270833392938 16.3490833242734 16.3807083765666 16.459458231926 16.5236250360807 16.5945000151793 16.6132083535194 16.6302916308244 16.5982916255792 16.4548750221729 16.5028334259987 16.4684999883175 16.3132499158382
-1.7e+308 -1.7e+308 -1.7e+308 -1.7e+308 -1.7e+308 -1.7e+308 -1.7e+308 -1.7e+308 -1.7e+308 -1.7e+308 5.23798580964406 -1.7e+308 5.11433243254821 10.1361177141468 9.98416678607464 9.77558331936598 9.61741667489211 9.60495829830567 9.1583221356074 6.48028101027012 8.9699664140741 14.81099896878 13.6454167018334 13.56937499096 15.7587083478769 16.2870417535305 16.3736249109109 16.4824999570847 16.6162083645662 16.8517915209134 16.8764999310176 13.6537082719927 15.5591250009214 16.3767082889875 16.4296667476495 16.4977085192998 16.4790001511574 16.5483333965143 16.8152500987053 16.7253334720929 16.6892083187898 16.5486250420411 16.5877499481042 16.5451666414738 16.4538333117962 16.4526667098204 16.4706666370233 16.3392500181993
-1.7e+308 5.28492857515812 5.23215282956759 -1.7e+308 5.7743864133954 8.89468752841155 7.57001830513279 7.34293134013812 6.90622369448344 7.55965478221575 9.46316210677226 -1.7e+308 10.1068691536784 9.97808338453373 9.83154175678889 9.66770829260349 9.52370826154947 9.47591673086087 11.2343020786842 11.1582658688227 16.3412916560968 16.3465000987053 16.2321666677793 16.1629582643509 16.2580834229787 16.278708388408 16.3295832872391 16.3916249573231 16.5128750403722 15.6459999464763 16.9096667071184 16.9171250462532 16.6514583130678 16.6984166999658 16.7342916429043 16.6862500011921 16.6540832817554 16.815374960502 16.902291705211 16.8330417176088 16.9284583727519 16.8328333099683 16.9113333622615 16.7831250727177 16.5631249447664 16.6688333253066 16.4822500348091 16.1610833456119
5.33125002185504 -1.7e+308 -1.7e+308 8.90497165669997 10.1133011877537 10.0610000068943 9.07600004939983 7.44866668526083 8.52733327976117 8.70625002061327 7.87495831400156 8.56077896244824 10.0192425847054 10.2007450088859 10.1537916536132 9.63224991162618 11.2136666129033 14.1106666823228 16.2034999132156 16.3322915832202 16.3927916785081 16.4782500565052 16.345333357652 16.3111665944258 16.3486666878064 16.3819166322549 16.4893749952316 15.5834166848411 7.7546667062367 11.1728333864982 14.7574583838383 16.6984583834807 16.8759582837423 16.6834998627504 16.7264166673024 16.8409583667914 16.9494167367617 17.0392083227634 17.1007916927338 17.0620000064373 17.1255417068799 16.9498750368754 17.0911248823007 16.9404999911785 16.887499978145 16.9355416794618 16.8264166116714 15.7473749617736
-1.7e+308 -1.7e+308 9.6945189833641 10.1442916169763 10.0672915602724 9.99516659229994 7.69312500092201 6.27070831872213 6.16575005316796 6.13808337443819 6.17795833929752 6.23454169059793 16.1434167226156 16.1984582841396 16.3126667141914 14.6576250344515 15.9519167120258 16.382374972105 16.4117083052794 16.51891669631 16.4392500519753 16.6091250677903 16.76587515076 16.742875089248 16.631416708231 16.5633750557899 16.6169583499432 8.72633334994316 2.47975000056128 2.37245831886927 4.95795832015574 12.9197082966566 16.5640833179156 16.7642917136351 16.6403334438801 16.5244167149067 17.129458228747 17.2251665492853 17.2056666413943 17.2688749531905 17.3756667077541 17.272500038147 17.2021249731382 17.1578749318918 17.1350832382838 17.1098749637604 16.3845416605473 15.4696251054605
9.70254230002562 11.8009583751361 10.5256250699361 10.2167917812864 10.168166761597 8.99845835225036 6.39820823313979 5.9479582967421 5.83850000565872 6.11479169246741 6.11937501979992 6.1791250212118 13.0469166769957 16.2544169326623 16.2777502040068 16.2648334205151 16.3522083858649 15.5770000091288 16.4889999330044 16.4649583995342 16.5161249140898 16.5504583120346 16.6965832213561 16.8196666141351 16.9388748109341 16.9056249856949 16.7600416441758 7.9374583226939 2.54587500542402 2.41079168549428 2.36770835394661 4.03837495669722 14.7832916645954 16.886625011762 16.9586665928364 16.9977500240008 17.2642082671324 17.4136668244998 17.4036667346954 17.4767500062784 17.6754165589809 17.6180415252844 17.4642915626367 17.3965833485126 17.5200833777587 17.4103750685851 17.1933751702309 16.7139998724063
10.265000021706 10.7217501426737 11.5949583351612 10.7183749452233 10.2353750790159 9.58887503761798 6.41854162087354 6.26354167160268 6.19687505795931 6.14370843224848 6.15195838703464 6.16108329873532 13.1213750615716 16.3421667615573 16.3193333347638 16.3975416223208 16.5013749798139 8.33158331061714 15.8368334010399 16.6509166955948 16.7037500639757 16.6971666415532 16.7214166025321 16.7360417445501 16.9235415160656 17.0357914964358 17.0262083907922 17.0792917013168 12.5988333504647 10.8082499889036 12.4919167266538 9.56487500357131 15.5855001093199 16.713541696469 17.0114166637262 17.1769584318002 17.3620416621367 17.5039166510105 17.5545833408833 17.7380416095257 17.8353333572547 17.9755000273387 17.9023333787918 17.7731666763624 17.6367499232292 17.5481248696645 17.5467915932337 17.3552084068457
9.34408331910769 11.5800000354648 10.8014166966702 10.3132917458812 10.1274167125424 10.173208301266 8.21395834488794 6.24537503703808 6.20337501866743 6.16533339240899 6.1337500756296 5.8422916730245 8.61641665051381 16.5424165030321 16.5433749059836 16.5908332765102 13.2630417079975 5.92087506704653 5.89070837455802 13.4474583135258 16.8987917105357 16.8944998880227 16.9231665531794 16.9827081958453 17.0637916525205 17.0397915343444 17.0200000206629 17.1097916464011 17.1139166653156 17.2751249571641 17.2293333113194 17.245625068744 17.183083285888 17.2007915774981 17.0643749336402 17.1653333803018 17.3605832656225 17.3099583387375 17.6206666231155 17.6632499992847 17.8649166623751 18.0923750698566 18.1293334464232 17.9084584216277 17.6295416504145 17.569749891758 17.7476666172346 17.759333272775
9.76850003873309 8.11125000938773 6.62116664461792 7.70929179309557 9.70412507622192 9.876083344842 5.72287493664771 5.98920834840586 5.3039166694507 4.96550003206357 3.64004168612882 3.63037497550249 6.88837499637157 16.5604582925638 16.6613749066989 16.7495416005452 16.7640415032705 3.44966672888647 3.40608334828479 5.925375030604 16.9216250677903 16.9246249596278 17.0091248452663 17.0983749528726 17.1392500797907 17.0646249453227 17.068249831597 17.0370833377043 17.1474583645662 17.072208315134 17.1643750866254 17.2169167002042 17.2528332769871 17.2584583262603 17.2622915903727 17.2933749953906 17.4064583480358 17.5141666432222 17.5838333070278 17.6386666695277 17.8062916497389 18.1104167004426 18.1260833938917 18.0397082765897 17.2546665767829 16.5125417808692 17.3510418136915 17.9159167309602
7.50195829073588 6.69633332577844 6.59695832369228 6.30370832576106 5.39254162615786 4.44779166765511 3.88304167737563 3.9946666986992 3.74766664113849 3.71287507781138 3.69245836883783 3.66495832335204 9.28212505951524 16.6919167935848 16.7439584036668 16.8896250327428 15.0887083035583 3.45820834332456 3.39675004345675 3.32033334222312 5.8057083694924 6.62737502025751 16.9492083092531 17.0591666003068 16.2122083287686 11.5452499948345 12.3297916310063 15.8987083234824 16.9959167142709 17.0334584116936 17.0588334202766 17.1102500557899 17.183875143528 17.1740416288376 16.9175833165646 17.0860416094462 17.112750073274 17.1314166982969 17.574208299319 17.8255000511805 17.9764167467753 17.9922916293144 17.9451667467753 17.9103751083215 17.7237083812555 17.8111250897249 17.5930833518505 17.689916541179
6.95195826080938 6.69908333818118 6.38529166268806 3.94195834679219 3.80362497999643 3.73891666640217 3.87379167042673 3.892291663525 3.83304163254797 4.65845839865506 5.24862506613135 3.70366669849803 7.70670836449911 15.5502500624085 16.2775000035763 16.4977082908154 16.9193333784739 15.2539166891947 10.9792083868136 7.58516674224908 3.33033336202304 3.38541670682995 8.36083334086773 5.4547500096766 4.36012503008048 8.92979165900033 15.0884166713222 9.59120834843877 15.8586249902534 14.86754164317 16.7977082928022 16.8875416517258 16.9950417379538 17.125416636467 17.0844166676203 17.1260000069936 17.1605000048876 17.066166728735 17.3215415676435 17.7115415831407 17.8192916015784 17.8976665933927 17.8733750979106 17.7190833389759 17.2805416683356 17.4907499353091 17.7445416351159 17.8062916994095
6.87633332423866 6.81774993551274 6.46029162406921 4.97966666612774 4.14979169641932 4.204166630283 4.12962495163083 7.71629172811906 12.4676250486324 11.0396666737894 7.80941674361626 3.77850005341073 3.7187083857134 3.67837504297495 6.79595832806081 14.1695417216979 17.0003333985806 16.9877084195614 16.9566251635551 16.9839582641919 12.7916250165241 4.06370834234015 2.96324998583683 2.78754167289784 2.66099997167476 2.46891665093911 4.29095832848301 4.14704170155649 6.74512501340359 13.8120833107581 16.4684167206287 9.91149998890857 8.9885000033925 11.9912917523955 15.9409999288619 16.627249961098 16.0735417157412 16.0607083092133 16.9146249989669 17.4188333749771 17.649416744709 16.7639583249887 17.1001248906056 17.6354166269302 17.7859583894412 17.671333382527 17.7487917939822 17.841916680336
6.93200001244744 6.91437498355905 6.87320830797156 6.56258332977692 4.64958341543873 4.3109583525608 5.11412504253288 13.1907500674327 15.47299995025 15.5259166111549 12.6454583567878 4.72570834308863 4.68758334312588 3.82454164202015 7.06762497755699 12.8060000673092 17.0534583628178 17.039249976476 16.8914165596167 16.9425833324591 17.0218749741713 14.4071249238914 3.21254168076363 2.3120833269398 2.256125002789 4.03487502286832 6.82533333978305 1.84824998490512 4.05866665113717 13.5051666293293 15.2584999799728 10.498333342451 0.118333332104764 -0.348791668657214 0.627541665521373 8.38424997186909 13.6416666805744 15.3091666549444 15.7421666433414 16.8963749855757 16.3988333592812 16.87108339866 17.1712083717187 17.69437494874 17.8461666703224 17.6785000165304 17.8546666006247 18.0600415766239
6.91616668117543 5.90487504564226 5.9097917235146 5.6952916495502 4.12425004628797 4.1125000367562 12.1465834137052 15.543708384037 15.5724999010563 15.7723333239555 13.2526249972483 8.39083334431052 7.52224999728302 8.92516662180424 17.3288749456406 17.2995834251245 17.0950417419275 16.8570415973663 15.9029583033019 13.3187916980824 11.4297083994995 6.16312499697476 2.3673749758503 1.93970833284159 8.70187501609325 12.141833315293 11.9980417241653 3.82591665287813 2.10808333102614 11.953541615357 12.4851666366061 16.4099998970826 12.4096666867457 8.43766665225849 9.04808338405564 7.84241667878814 14.6405833760897 14.572250003616 14.9716249704361 15.7003333022197 16.8216666628917 17.3702084024747 17.6078750093778 17.908333281676 17.886791686217 17.6205417215824 17.215499997139 17.6729583541552
6.91525002444784 4.95808336945871 4.35100000165403 4.24991666711867 4.17687510078152 7.69308332540095 15.7494581838449 15.6569166382154 15.7144581178824 16.0935833851496 11.5193749442697 10.043041686217 4.80954165942967 3.74429164392253 6.99229173921049 10.9652084158734 8.12791665635693 5.44954167725518 2.79254167158312 2.33224996629482 1.97279167082161 1.7480416726321 1.68029166013002 2.53987500878672 14.4318750451008 14.490791713198 14.6972915927569 10.0223333810767 8.35324998820821 14.7482916762431 14.5245834117134 13.184458354488 10.4790000347421 11.2819166785727 15.4472500135501 15.1571250259876 15.2368332395951 15.6127083748579 15.3779583573341 15.5520833383004 16.6455417126417 17.7977083424727 17.8593333661556 17.8610416551431 17.8757083515326 17.1233748892943 17.0752500991027 16.8370416263739
7.06550000483791 6.13816670142114 5.74875001919766 12.6705832574517 14.1567915895333 15.6578332285086 15.7146665652593 15.6628749171893 15.8807499905427 16.0710834264755 16.4287498493989 7.90029162789384 3.65720834520956 3.22300001455005 2.64370833647748 2.50483333063312 2.30758333594228 2.22612500252823 1.90570832851032 1.77399999089539 1.06241667860498 0.553499996041258 1.088458343409 4.71791669043402 12.7105416047076 14.38733330369 14.1247916941841 14.69645832479 11.045624944071 12.9953749484072 12.1959999588629 7.75900000457963 12.9375416981056 15.0825833519921 15.7102499455214 15.1111250122388 15.4708750198285 15.5035832673311 15.3019166439772 15.6498332818349 17.2106249431769 17.7328749001026 17.7785832782586 17.8239166041215 17.8245416084925 16.9710000852744 16.883541683356 16.6451250910759
10.406416653345 11.9550833658626 15.3144999739404 15.7088334113359 15.6888332118591 15.7772499521573 15.7481665611267 15.6962082485358 15.7698332866033 15.8796250124772 16.060958335797 16.3272500187159 8.60504167961578 3.11333334515803 2.61391666143512 2.22354165650904 1.94383334182203 2.02187500583629 1.72704166981081 0.861874996451661 0.452875003723117 0.922541670962043 1.33287501707673 2.94787500239909 9.44679172895849 14.8703750520945 14.8802916655938 14.616375019153 14.4915000100931 14.6286249309778 14.5473750332991 14.7376250326633 15.8784166822831 16.2297500620286 15.8682499726613 15.5857916971048 15.6860416928927 15.4177499612172 15.8306667109331 17.1655832827091 17.2657499710719 17.2824582854907 17.4425832728545 17.599708288908 17.3482917348544 16.8272084395091 16.6747084458669 16.653416633606
17.7532501518726 17.3838332394759 17.2434999148051 17.0528332789739 15.9893333514531 15.604666630427 15.5723750094573 15.6482499241829 15.9523749748866 16.6125000119209 16.8335833251476 16.832124988238 16.2900833586852 10.2922500032 2.99062500421617 2.536583313408 2.14879167204102 2.03645835878948 1.90274998793999 0.965625004493631 1.19579164928291 1.58850001295408 4.32070836859445 13.0569165746371 14.6056667218606 14.8087083399296 14.2575000226498 14.3607083708048 14.8374999314547 14.5897500713666 14.868041669329 14.7027916610241 9.84099998457047 15.1725416736056 16.4441249569257 15.8138335247834 15.2754165877899 14.7472916990519 15.491791660587 16.2425416956345 16.638916661342 16.7987500031789 17.1948333879312 17.1854999562105 16.9575416843096 16.8119166493416 16.7078334490458 16.8716250658035
17.5027499596278 17.3721667130788 17.2484999497732 17.1523750027021 17.0261249442895 14.0054166251794 7.93833330599591 11.9964167000726 14.0785417013491 17.1389166116714 17.3299166063468 16.1819999913375 16.2817916472753 15.8388332923253 5.34920835727341 2.64458333665971 2.33316664335628 1.88308333170911 1.40500001632608 1.66770834041138 1.47470837179571 2.5549166581283 12.0961249557634 11.1074583344162 14.1373334117234 12.7736666152875 14.5224583645662 14.7591249893109 12.2130833944927 9.55929166823625 5.9710832866064 9.5605000705303 10.2104999998895 2.76699999514191 7.51108337263577 14.6329583281962 15.4111667076747 14.8384167402983 15.3238333314657 15.4807083457708 16.3119583527247 16.4917500019073 16.856541732947 16.7633334596952 17.0669999917348 16.9132916728655 16.5742500722408 16.3259167472521
16.8710000912348 17.075250039498 16.9410000940164 17.0825000007947 14.9876665769455 4.82966667894895 2.44862499965044 1.79879166915392 2.83549998677336 8.64766659990225 12.0616666430918 11.3950833561054 15.4971249898275 14.1858750335717 6.63804168021306 2.32229166602095 1.9994999828438 1.59745833681275 1.40275000198744 3.15558335060875 7.60258334316313 12.029750003169 15.7885416348775 11.3227917278806 4.18845832285782 1.05458334332798 3.98941664669352 4.47133336464564 1.4068750080963 0.555916661939894 0.222624996754651 2.22108332342759 11.1061666693228 11.8024583097237 5.63754171940188 0.550666659294317 7.43058333227721 10.478999926243 15.4561249564091 15.6175833344459 15.6170833806197 15.6969583928585 16.0635415812333 16.4452083706856 16.0168332457542 15.7324166397254 15.476958334446 14.7372500002384
