Scripts_&_data/WorldClim_2.0_rasters/WC2.0_bio_04_16.asc
NCOLS 642 
NROWS 378 
XLLCORNER -19 
YLLCORNER 19 
CELLSIZE 0.166666666666667 
NODATA_value -1.7e+308 
[rows 168 to 188 of 378, columns 144 to 191 of 642]
-1.7e+308 -1.7e+308 -1.7e+308 -1.7e+308 -1.7e+308 -1.7e+308 -1.7e+308 -1.7e+308 -1.7e+308 -1.7e+308 -1.7e+308 -1.7e+308 -1.7e+308 -1.7e+308 -1.7e+308 -1.7e+308 -1.7e+308 -1.7e+308 -1.7e+308 -1.7e+308 -1.7e+308 -1.7e+308 -1.7e+308 370.149185310262 595.283763219928 597.468079443308 602.389076782929 604.694397044967 600.943581341156 604.436152853996 608.380484908471 613.428739261365 612.446587693744 614.290606472756 613.528048287997 612.322578030076 618.296550077196 583.523241706199 552.909134906571 636.863419158285 637.382730842449 643.389631580418 650.656251076509 654.705823295962 656.642744980187 655.332909474401 654.886309334264 651.294306280472
-1.7e+308 -1.7e+308 -1.7e+308 -1.7e+308 -1.7e+308 -1.7e+308 -1.7e+308 -1.7e+308 -1.7e+308 -1.7e+308 -1.7e+308 -1.7e+308 -1.7e+308 284.014558519835 318.504091502624 318.958124430204 282.49164218733 422.826102235459 -1.7e+308 -1.7e+308 -1.7e+308 544.419971915821 580.34710295155 585.992812566527 593.926408007143 598.136070686482 599.944518839577 602.807231439611 604.786266544907 604.509409285777 608.184104772364 610.491562494715 613.819269402038 615.814840829601 616.62838330184 619.298242538915 624.306175517711 630.719300593419 632.120792682205 641.838373175698 643.668178093276 652.39187184775 654.852628000003 657.846480598118 658.106831399589 658.747972354269 659.018323100493 656.514442141371
-1.7e+308 -1.7e+308 -1.7e+308 -1.7e+308 -1.7e+308 -1.7e+308 -1.7e+308 -1.7e+308 -1.7e+308 -1.7e+308 279.565721747526 -1.7e+308 284.114815471487 568.881314866106 569.243579063776 568.610883854309 569.223531595575 569.993363434524 537.784766077851 359.286503857917 361.832225394591 587.569452315102 583.534457752964 589.42014868172 596.246183866947 599.068250626941 603.3223636099 603.206106643991 607.78958902744 612.334468959633 617.211949421324 614.31128887779 612.797302790746 619.970834909875 623.38934316067 625.146278301426 631.154399557542 637.497975748821 645.828775318495 649.334258545569 654.650689788011 653.235333573042 656.384138010772 658.82423517866 661.246618633767 661.445429551174 663.165842201449 663.78372273288
-1.7e+308 262.761599678525 266.119903333946 -1.7e+308 306.072573536807 482.091544275989 444.387853499345 416.450278880831 386.086437931634 423.430300863192 529.097521899151 -1.7e+308 568.702326326788 569.899249560722 569.786872742062 569.517631195691 570.072802852276 572.034957476483 504.193706200473 398.274970697316 582.002194525009 586.222636892808 588.622280915596 589.871038030344 594.896369753116 598.491621944485 604.966710824008 609.905091498367 615.309397363239 610.238944362468 622.392916577367 627.695561518842 624.678319365808 630.164761588824 634.424696411615 634.345274057051 637.52825927426 644.379613735264 653.125198270819 649.30138265807 659.899959570334 659.144000947416 667.870280407859 665.535529934622 661.252688797704 665.459439168654 656.910983196721 670.458845208476
261.768698474569 -1.7e+308 -1.7e+308 476.425200894043 546.476733181483 553.10146476104 555.801269365248 560.713209869893 560.283201005104 558.255517548532 559.835461740843 561.134104027769 494.895116307489 497.481049868991 571.262383201446 570.310093514525 572.16561126364 576.063214394985 578.760096982447 584.104951417785 586.934922089511 593.678941871289 593.264119048706 595.741508462903 601.57975771122 603.905185169028 611.161158714402 613.388757116032 618.019516252508 615.946878296736 621.107098161351 623.451218427864 629.900280392158 629.500224743808 632.683709726061 635.999404391977 642.842150333795 649.562527538416 653.666943712524 655.539294301007 661.980427255234 663.756363729908 674.938345619829 679.728587363781 678.744548861699 680.996636494914 677.073777992467 672.922763440012
-1.7e+308 -1.7e+308 508.022658808575 547.446588789089 550.16138487447 552.381841963525 555.088008177394 557.953814431032 556.979995448314 555.983607669709 559.266408784036 563.188279725446 565.755395201243 569.227227189974 575.152481580503 576.135700120871 579.5810035753 581.814885730787 585.713475990974 591.668615682652 592.027206140862 599.356534623302 605.827730990437 606.857878357946 610.17572131641 611.481249716073 615.025299079636 617.351595264085 625.442688438326 628.856554338397 624.384874992836 625.973162465354 629.387627359668 636.636991916841 639.467416958812 633.95204435883 649.794215473536 651.916034387255 652.336692100961 657.819997489123 668.026690637673 670.616994733003 677.48217075003 683.433926342621 682.668548423869 685.646338855808 675.319035723956 676.578838737641
457.579289053188 514.452139937851 540.172801157975 550.657168081708 553.335528921891 551.988154479419 554.585420121889 553.726721148119 555.068507540803 554.284924333041 557.214349062216 562.388246784114 564.441987851033 569.515891741704 572.849847134538 573.335032074489 577.530216569465 581.40457433797 587.742814472262 592.016901463839 596.503507920108 599.529689718441 606.987951426574 613.279382353641 619.279479296942 619.649141493205 619.684198515198 623.169944660666 628.413778920096 638.469939833215 643.04530621674 629.110142243404 631.083169763491 639.380299050087 649.650433198775 651.47445235282 655.125736978789 659.9489823851 660.046835567308 664.874131100426 673.557145063839 674.688048507364 674.137277196765 681.1905319387 689.5761296172 689.68254005666 686.535899488711 686.319586750668
534.496401948111 531.743616349178 522.927791147625 541.665093506148 554.457962842421 555.129428585297 554.689782443747 553.785990197602 554.491568885715 555.104461389117 556.648204125467 562.225375963579 565.07477484769 569.939742687136 571.404895076305 575.422606216455 579.951083760783 585.400705607877 592.65155420381 597.306062061982 602.472654079931 603.694984897594 605.964488129917 608.945637335178 616.619564241472 619.584986428239 624.172107181337 629.595653815549 638.06411107875 648.738616529452 643.338920570124 636.533060897231 631.517384488498 639.771012273543 649.293516145639 652.590265812189 659.138656361815 665.467088179701 667.199478545484 674.590603277911 680.453686395144 684.403753273662 679.1532690152 678.07400457332 681.219660690817 683.989230524732 685.464080564174 679.944233433522
530.24133102339 523.540698607519 530.947294640829 553.076994427794 556.281521723509 559.347098427537 558.6646672131 554.464922389739 556.14440593298 557.650985999737 558.711178496951 560.863751195607 567.867623604932 574.115633869529 576.851516460651 580.993016507039 579.634093342211 588.31690621095 595.683208679092 600.111623034511 606.127374066206 606.839461619098 606.880112595809 609.614871773495 614.346889627406 616.193635170813 622.427614129914 628.548349309371 630.074010122064 638.589561620034 638.444776970775 643.189479256299 644.798970088333 646.357088527584 645.567303676906 651.7277161139 663.47846558019 663.521555692072 672.770675918733 671.344017058443 680.074409382723 683.622910548809 689.367000873909 684.291657330746 681.822355658061 687.259517567742 688.947202461588 691.419614380455
539.92692281487 542.017811107964 556.537429349659 559.331396914625 561.335270555835 559.68456385475 557.005817229801 556.04151778642 556.567176175069 561.100185301796 560.031292460851 560.277033919404 568.950226864186 573.937323080657 579.513862439156 585.199534672989 587.945909418864 589.001707126355 593.546725411692 600.58133922795 601.103806698007 602.226300373795 605.788217160706 609.500048954503 612.183048635158 613.017092959393 617.369795413617 616.407410200637 619.57481001313 623.915905801062 632.687979454126 637.271222205225 642.683477750177 646.520324147213 646.441031954468 654.067196826332 662.093610584564 670.529218309764 675.886947126156 680.295430429042 677.487062214308 683.109346105159 685.932057543079 687.916043205914 688.021703500057 691.148639012266 693.752578498861 693.416046159732
543.661099398653 549.368690278972 557.480085489189 560.137199098204 561.723622298097 559.723376723422 559.657070567058 558.855215711725 559.962670048114 562.882095509799 568.564062778106 570.159572601467 570.049565385832 577.690976716685 586.231487158195 588.536377048324 585.865170110178 587.576300691402 588.092495792575 595.290121885847 597.516810660064 599.536487496337 601.966897162888 604.481347277135 607.951509210242 601.699040653146 603.901020912539 607.195058725181 615.999297455104 620.163034560725 626.842951526996 630.047396000885 636.0999568348 638.017338255808 640.098680779055 648.236152225277 650.490851778208 658.24600358856 673.659243338208 679.737862745396 680.457401382834 682.671245304109 685.352638985629 688.511432573157 687.609591038515 689.765339764266 695.774610449772 692.39060999698
545.454730222484 551.533135479378 557.855942780148 560.499141614553 563.057955889685 561.970193493959 560.879484946051 561.03480455941 562.056711192234 563.430828663823 565.096218238974 566.461264462362 569.872203477603 573.135895361831 583.03836007361 588.913871416339 591.288725658133 592.258848259748 589.832936558735 591.800537515047 592.986733994829 597.177132294302 600.367168257011 606.26847948545 607.999880329581 606.023733896579 608.363163843 608.781083839971 611.359004047244 612.569945593443 622.333589365853 625.991626904455 630.575727445468 639.618786955449 644.659333167407 650.878565461543 657.500631949887 664.421462707421 673.262943554818 677.327370104726 680.680959538682 686.003452192369 694.111050066867 691.036983597868 679.620957058611 690.070167426921 698.48198400147 696.324626633461
550.258893704788 552.00610264711 552.142733192129 554.906927443147 556.956089182759 559.913816453734 559.883725345926 563.676104433496 565.305995242062 567.17816011237 566.141857358964 570.039248055639 571.179732936671 574.915364349141 581.750630457609 588.643497569239 590.986684432529 592.504965696957 592.757604488404 594.199890434872 597.721007765323 598.394626693567 602.509660800146 597.969870269044 610.536776253972 607.436858441085 610.617670307963 614.228692589238 614.877665123386 619.638778630249 630.232780038371 618.688360432001 617.025322809019 621.894753573557 639.343601739626 646.505585474039 654.759332077063 663.051194151503 669.264915643466 675.706500952762 682.040200317389 684.962302907917 690.475736254518 691.179183759745 697.311901827267 699.213438693298 703.015198163498 704.361225507467
550.991906312743 551.304203949763 552.413155740711 557.934085633875 560.987581569758 560.803618920323 563.612397188366 564.247950529145 562.981135574476 570.706587177398 570.400715904077 573.957374774072 575.116828511287 578.825272668954 586.948127594217 587.512067918134 591.544604595891 593.099467085046 591.206798374102 594.479058719372 599.870832693179 602.561230466485 602.238694909039 598.619840942528 611.289326981733 614.83371310035 610.973288454959 604.35573623599 613.674205130624 618.757002965898 628.726788680804 642.325697669864 622.177208474261 621.129470198216 622.981447009419 628.555444920108 638.169664416148 652.054197428915 665.533743904223 671.847179763853 676.531915785983 686.205955781057 692.685237460411 691.033309180236 693.001141140684 692.923242661804 703.382247149732 709.494995065982
554.398818814256 557.787654150915 555.496033266479 558.314385813307 563.5899275587 566.345100809264 568.037792357973 568.509607141124 571.244243588807 571.45847299904 577.583185698585 583.938827451693 588.8671425475 590.050667494899 595.956080321049 596.772650311513 595.519565617937 592.071694281571 591.001487580473 591.589917813072 592.33579240336 593.497126980801 596.449275680128 603.175580313781 617.763894441116 626.207956443033 616.283919023879 613.360700779287 621.870112458838 619.802638445109 622.489197951167 645.730935520381 657.636186848513 657.257081004727 655.901390391231 647.299551484634 643.669030260026 644.701625443135 658.314313963483 673.224652115718 675.526061812982 678.228695568033 690.758997952282 693.169360656485 690.409870934725 699.70936070784 697.700897922992 705.3108159211
561.644643784839 562.549225589647 560.131676947548 562.795048837069 565.556413352093 568.282893354272 572.458871716318 573.282468092346 576.052089914821 580.118134041937 586.128677516064 589.366324820367 585.723099479287 580.077480303678 584.371980316504 583.916083006308 581.837700221371 579.130230854592 573.061278711285 573.45021505408 580.848593677509 584.013224525388 595.857263796181 610.384881994811 618.907049250344 621.141818045834 622.378480068701 612.783719013453 612.800291028381 617.615308449492 632.828627125067 644.146089333154 652.404731675333 654.014158913558 660.290871939315 660.261427061257 659.957508172753 671.061026680994 669.532602294168 674.286086808334 677.47190831594 671.152940430682 679.119226542748 686.300218083815 690.440013083785 701.749640392265 705.532577009257 697.856843483288
562.497515383154 564.443006501107 566.463038609485 566.824348969719 569.349420313158 567.393813276449 570.188930926776 576.260104628303 579.03757266573 580.381211143597 584.928788291741 583.867236921765 577.052134929604 574.762494511025 577.192742392695 580.927537146181 580.586808158063 580.509014909291 578.806142869725 586.50295089569 586.182241287221 595.072856826612 614.853496757023 619.808448523685 617.48135741033 620.050418233186 629.189844541574 624.070094900322 629.845956114823 622.002464813095 632.631706985348 650.553558747137 650.772101811197 658.356587738856 663.961141287967 666.839202670032 671.525529187111 668.776032975912 663.557845515817 669.952986649541 673.779269460899 669.108384180066 675.338638858824 684.036504127367 686.183138385939 696.63280916269 698.925635761764 697.137291788939
567.799575822973 567.927659783511 575.24656506607 572.541439095308 570.794614569125 570.92446860227 575.291241019926 578.153991179085 582.912527700601 584.486911917331 584.276695943804 582.009253716372 586.168308519849 575.613502866732 586.310663170793 591.09715572444 586.252806427438 591.569413259395 590.90605165032 603.194035224867 612.950164381445 608.705857887951 629.198562629428 627.474427034921 619.805304812584 630.289052518031 631.336003255262 618.777201088602 634.338636967676 636.088139101716 636.195001807611 640.78735391066 644.672576620055 657.994084344887 664.895247017464 670.933066742303 673.458084961179 670.695160649987 673.9469273374 674.180689431395 671.14049562165 674.086745959555 674.054687195645 680.39834294656 684.408704104456 693.763365670444 694.562468970539 697.354534621444
583.815112028528 572.285991462437 572.180860350174 573.26492814695 571.027099183101 575.333964684915 574.899146652783 579.689315401149 579.307607368663 587.118031902433 584.221656878928 590.264742410318 591.719502079484 588.721085313357 583.001111100042 598.120360224202 603.985469635325 607.231667707412 609.751647595652 608.509504459968 620.04145352927 619.741403094937 626.298259078814 627.921569672222 629.106562446559 631.831085343417 629.411071399735 628.692443744938 631.988796562599 640.458771285546 640.064577279538 647.628926258469 652.346914434575 657.695663837735 664.065559295094 670.856520915671 669.072482521875 663.129695121276 670.863884489977 663.11079287711 667.687922986825 670.81332070146 681.386178202438 696.434485296916 695.507630088112 698.186982765017 694.563776711598 696.76131059216
590.083356621592 587.3491879772 588.610140551739 580.261342298763 577.240332251639 579.603982739015 576.210213388886 571.811164073614 571.440411187275 585.024690352868 590.600337298988 591.247607992533 593.368791857939 599.218673581169 595.008712788482 605.148805735835 616.36913168534 616.14726146183 616.53171630814 623.119433150434 625.641079595702 625.151815473297 629.17486970177 633.31051186765 632.749917909768 633.374315522007 631.97943487614 631.649063216768 643.264648884101 652.898962134463 654.734019568118 659.998177216273 661.079852943659 657.218711403445 642.72432172034 650.972728783871 658.043477295486 658.340125218989 659.883967725997 663.800295669355 665.938580684443 681.754741874292 686.559566220661 688.264429881599 690.617053996303 693.196934419669 701.041332515016 699.02756787263
577.569846318776 585.081191075396 582.059176067429 580.726226354202 584.282187326759 583.871658829881 571.001879459936 576.604988858437 577.995566577527 581.333697952279 583.410605978933 583.70290015337 593.565215771683 600.128345602041 603.971144442533 616.769319219192 622.759411131431 625.691868387511 628.561080797797 628.102417676021 632.303109158042 639.411404865439 647.406344663516 638.191004663474 637.809242587462 644.269363736352 647.979844324815 642.481752814429 653.46896468444 664.710774627668 671.759557448341 669.713604098677 667.081641219122 671.755908069526 662.570239768775 654.682899521374 657.13447202049 646.58312309503 659.833502468043 660.391529694055 666.030845374694 671.374076383905 675.643482202959 689.568890939976 685.414330917424 678.536937195643 678.891816891483 679.67131582977
