Scripts_&_data/WorldClim_2.0_rasters/WC2.0_bio_13_16.asc
NCOLS 642 
NROWS 378 
XLLCORNER -19 
YLLCORNER 19 
CELLSIZE 0.166666666666667 
NODATA_value -1.7e+308 
[rows 210 to 239 of 378, columns 136 to 203 of 642]
76.0625 82.5625 85 82 86.625 85.625 86.75 87.9375 90.6875 96.125 101.6875 105.8125 110.125 116.625 121.9375 123.125 130.6875 132.6875 116.1875 95.5 98.4375 110.875 124 130.75 139.25 146.6875 153.8125 161.9375 166.9375 175.4375 191.875 198.6875 199.375 206.1875 191.3125 148.0625 158.4375 153.8125 142.4375 130.6875 114.5625 105.8125 119.375 115.5625 112.75 119.25 120.5625 132.6875 144.625 142.625 156.8125 163.375 164.5625 158.4375 165.1875 165 173.4375 174.6875 180.875 176.1875 194.625 192.875 173.0625 154.875 141.875 160 154.25 151.375
77.875 80.4375 81.4375 84.375 83.9375 83.3125 84.625 88.25 93.5 99.1875 106 112.1875 115.3125 117.1875 127.8125 133.1875 133.8125 118.0625 115.25 113.1875 118.5 127.1875 130 123.625 128.9375 132.0625 137.875 147.125 143.6875 163.125 169.875 180.125 190.0625 180.8125 160 160.375 149.25 136.875 119.25 104.25 96.1875 84.25 99.375 96.5625 97.125 97.3125 106.3125 114.8125 122.375 126 136.75 145.5 153.0625 155.125 151.1875 150.25 163.1875 164 164.5625 159.125 167.5 174 150.3125 142.5625 129.625 145 142.9375 147.1875
80.625 82.4375 81.875 83.6875 86.25 82.8125 83.625 88.375 93.375 99.75 107.8125 114.125 115.125 125.3125 137.3125 143.875 123.8125 123.1875 129.1875 134.6875 137.125 138.3125 125.0625 116.8125 111.75 105.625 88.4375 112.6875 116.6875 143.125 151.125 163.3125 159.25 167.3125 157.3125 142.875 128.1875 113.4375 100.75 85.4375 78.5 72.8125 68.3125 67.5625 74.6875 87.25 93.8125 103.0625 128 140.1875 146.8125 151.875 143.3125 149.3125 154.125 154.1875 155.0625 162.8125 171 171.0625 162.0625 152.4375 145.5625 137.375 141.375 139.125 146.625 146.4375
83.375 81.125 82.125 85.1875 87.6875 85.5 87 87.125 93.1875 99.9375 108.5 112.3125 115.875 127.125 135.4375 111 111.0625 121.6875 141 141.75 142.625 139.25 128.875 111.8125 95.4375 83.125 95.9375 103.6875 110.8125 137.5625 146.75 163.6875 151.8125 152.5 139.75 124.4375 110.25 99.875 86.625 75 65.375 73.9375 56.6875 54.1875 73.625 85.3125 84.375 103.75 130 133.25 142.5 132.6875 130 145 140.875 146.375 172.125 188.75 185 192.75 193.75 193.9375 189.8125 186.375 186.5625 181.6875 175.25 161
87 83.5625 85.5 88.4375 93.5 92.3125 86.625 88.25 94.625 100.75 108.4375 112.1875 121.625 129.8125 103.375 99.8125 122.25 140.875 155.0625 138.4375 144.9375 122.5 104.8125 97.1875 90.0625 86.75 92.75 110.4375 121.625 140 152.4375 157.5 158.375 151.6875 136.375 116 102.5 90.9375 80.25 69.1875 55 47.875 45.1875 40.875 77.625 78.0625 76.5625 98.6875 124.1875 126.9375 119.625 120.0625 126.0625 132.75 141.3125 159.375 185 218.9375 241.5 257.625 238 241.3125 211.4375 186.3125 170.625 182.5 182.1875 166.25
91.3125 87.5 86.375 89.875 94.625 90.3125 85 90.875 97.5625 102.9375 109.8125 119.5625 121 108.625 107.4375 111 120.125 128.125 154.4375 175.0625 125.4375 139.75 118.625 87.9375 69.125 56.9375 90.3125 119.625 125.375 139.5 154.5 160.75 153.375 147.25 131 115.5625 98.1875 84.25 72.8125 64.5 55.25 45.75 56.75 61.625 76.125 75.9375 78.1875 95.625 100.5625 112.75 109.5 111.625 122.1875 128.25 132.75 144.25 163.5625 180.5 207.6875 253.8125 278.3125 266.1875 224 190.25 168.5625 157.1875 160.125 156.375
93.1875 88.875 85.9375 88.6875 91.6875 86.875 86 93.4375 100.125 104.625 112.6875 118.5625 115.4375 104.8125 102.375 124.25 147.125 145.5 152.0625 151.25 164.125 141 106.4375 90.9375 67.5625 73.875 105.5 116.5 132.3125 143.25 155.25 164.8125 149.25 142.3125 131.0625 120.1875 104.75 95.625 83.6875 75.875 49.5 58.625 59.125 77.4375 75.0625 68.4375 77.8125 90.875 98.6875 105.75 107.9375 108.4375 108.0625 111.9375 118.5 128.75 137.3125 145.1875 149.4375 163.1875 208.8125 238.875 242.4375 190.625 166.4375 154.125 149.5625 143.4375
99.0625 88.4375 80.25 82.6875 91.1875 91.5625 88.6875 94.8125 100.8125 107.25 111.4375 115.3125 108.375 107.1875 121.5625 127.0625 124.3125 150.1875 172.375 169.875 158.875 116.3125 110.3125 98.1875 95.8125 100.125 112.5 123.9375 129.75 136.5625 145.75 150.75 146.875 138.25 129.375 121.875 114 103.375 96.3125 81.75 78.8125 73.5625 81.4375 68 64.8125 82.75 98 100.5 104.3125 103.0625 102.75 100.8125 97.9375 101 106.875 114.5625 113.9375 110.6875 127.75 93.5625 157.9375 188.3125 203.5 185.8125 174.6875 157.6875 146.3125 140.4375
92.3125 103.9375 81.1875 82.0625 91.9375 93.6875 92.5625 97.8125 103.6875 107.875 113.9375 114.8125 116.0625 110.1875 121.8125 110.9375 128.5 155.8125 150.8125 157.5625 147.0625 122.25 113.0625 112.0625 103.3125 111.1875 118.75 119.1875 122.75 126.625 126.875 126.6875 124.75 122.0625 118.9375 116.125 113.25 110.1875 107.5625 101.5 97.5625 96.375 90.3125 84.875 80.375 89.875 99.8125 101.3125 96.375 94.9375 94.3125 89.1875 84.8125 89.8125 85.1875 53 -1.7e+308 -1.7e+308 -1.7e+308 -1.7e+308 98.5 173.375 184.1875 181.4375 198.6875 176.1875 162.8125 155.3125
87.625 96.625 90.375 87.25 96.8125 103.625 96.5625 100.375 104.25 106 109.75 111.75 121.5 126.6875 115 131.8125 155.875 144.1875 156.4375 153.5 133 126.375 116.375 110.4375 113.8125 111.3125 110.625 108.8125 111.0625 112.6875 110.3125 110.0625 112.625 113.8125 113.875 113.25 111.75 109.25 109.125 109.375 103.4375 96.4375 92.3125 90.25 88.3125 88.125 89.8125 89.875 88.1875 86.4375 84.25 83.625 51.25 -1.7e+308 -1.7e+308 -1.7e+308 -1.7e+308 -1.7e+308 -1.7e+308 102.375 125.5 139.1875 177.75 184.875 181.6875 191 177.1875 170.8125
93.3125 88.125 86.125 95.8125 110.75 106.0625 101.875 102.75 106.375 107.5625 107.6875 118.1875 120.75 120.9375 159.4375 149.375 140.8125 152 143.625 142.1875 122.1875 124.0625 109.0625 117.9375 115.625 108.75 103.0625 99.6875 100.0625 99.875 101.375 103.5625 106.0625 108.6875 111.375 113.3125 111.1875 105.9375 103.25 102.3125 97.9375 92.125 86.9375 83.9375 81.75 80.1875 79.8125 78.125 76.4375 75.3125 76.625 69.3125 -1.7e+308 -1.7e+308 -1.7e+308 -1.7e+308 -1.7e+308 -1.7e+308 -1.7e+308 56.125 111.375 122.9375 133.5625 134.8125 -1.7e+308 171.8125 184 194.5
88.5 83.6875 102.3125 111.5 116.75 113.6875 109 108.125 109.375 108.4375 122.1875 135.375 110.3125 150.25 147.3125 159.375 157.5625 153.0625 138.6875 126.9375 112.875 107.8125 111.375 122.1875 120.5625 107.1875 95.625 91.875 92.8125 99.25 104.3125 103.75 103.1875 106.25 110.0625 115.1875 114.4375 103.875 98.6875 94.625 90.9375 85.4375 79.9375 76.5 75.125 73 72.125 70.4375 68.3125 71.125 71.25 71.0625 -1.7e+308 -1.7e+308 -1.7e+308 -1.7e+308 -1.7e+308 -1.7e+308 -1.7e+308 -1.7e+308 98.6875 115.625 125.6875 81.75 105.875 158.125 99.75 168.3125
107.3125 102.75 127.0625 129.5 117.875 117.9375 118.875 115.9375 117.6875 125.5625 138.1875 136.5 125.625 145.5625 156.5 154.8125 145.5625 139.125 135.125 130 120.6875 106.3125 104.5 108.0625 104.5625 92.125 80.125 82 94.75 107.75 115.125 117 121.8125 124.9375 116.5 113.5 115.3125 109.9375 100 87.9375 92.25 84.1875 76.25 72.5 71.75 70.4375 69.75 65.6875 62.75 66.4375 66.9375 66.125 69.5 -1.7e+308 -1.7e+308 -1.7e+308 -1.7e+308 -1.7e+308 -1.7e+308 -1.7e+308 58.0625 103.1875 56.875 -1.7e+308 124.3125 -1.7e+308 137.6875 123.9375
123.9375 137.1875 143.0625 133.375 126.3125 125.75 126.5625 124.5625 120.3125 114.9375 121.375 139 139.5625 142.5625 140.625 147.5 146.1875 129.3125 131.375 126.125 118.9375 107.125 95.0625 93.625 90.3125 80.6875 74.625 85.1875 104.0625 123.3125 140.5625 158.3125 181.9375 190.375 163.625 145.6875 138.6875 126.125 110.75 99.25 102 89.1875 84.125 75.25 74 70.8125 70.0625 65.875 64.125 65.4375 65.625 45.625 -1.7e+308 -1.7e+308 -1.7e+308 -1.7e+308 -1.7e+308 -1.7e+308 -1.7e+308 -1.7e+308 -1.7e+308 -1.7e+308 -1.7e+308 -1.7e+308 120.3125 -1.7e+308 116.3125 152.1875
164.0625 144.1875 140.5625 121.375 124.25 132.8125 135.5 130.4375 125.0625 122 118.8125 128.5625 130.8125 137 121.75 126.5 129 125.75 128.4375 121.0625 119.375 116.3125 100.4375 90.5625 85.8125 82.375 94.6875 103.125 120.5625 150.9375 184.5 205.875 241.9375 248.75 221.875 190.9375 175.375 165.125 152.1875 141.25 126.25 101.4375 90 83.8125 82 76.3125 73.9375 71.3125 71.1875 71.9375 71.1875 53.75 -1.7e+308 -1.7e+308 -1.7e+308 -1.7e+308 -1.7e+308 -1.7e+308 -1.7e+308 -1.7e+308 -1.7e+308 -1.7e+308 -1.7e+308 -1.7e+308 88.25 -1.7e+308 -1.7e+308 106.125
181.875 145.8125 120.6875 120.0625 129.3125 135.375 134.75 130.125 126.3125 120.8125 115.1875 118.8125 107.5625 110 109.0625 111.6875 125.3125 129.6875 125.3125 123.375 119.25 118.125 107.0625 98.125 94.625 95.9375 108.6875 117 139.125 158.3125 120 158.4375 207.8125 244.4375 235.8125 225.0625 206.875 192.6875 187.8125 179.375 144.625 108.8125 92.625 90.75 94.8125 96.625 94.125 84.5625 81.875 80.6875 79.25 74.3125 -1.7e+308 -1.7e+308 -1.7e+308 -1.7e+308 -1.7e+308 -1.7e+308 -1.7e+308 -1.7e+308 -1.7e+308 -1.7e+308 -1.7e+308 -1.7e+308 -1.7e+308 56.5 63.125 73.6875
138.6875 122.25 119.375 124.625 133.5625 134.3125 131.1875 125.9375 121.6875 120.6875 116.875 114.9375 107.3125 93.875 109.875 121.75 124 129.5 126.5 121.625 119.375 116 117.5 118.125 118.8125 124.6875 125.75 133.375 110.0625 -1.7e+308 -1.7e+308 -1.7e+308 -1.7e+308 -1.7e+308 107.625 185.3125 184.5625 166.375 179.5625 208.875 195.6875 190.1875 137.125 128.3125 128.25 137.5 137.8125 115.625 101.375 98.8125 88.25 85.1875 -1.7e+308 -1.7e+308 -1.7e+308 -1.7e+308 -1.7e+308 -1.7e+308 -1.7e+308 -1.7e+308 -1.7e+308 -1.7e+308 -1.7e+308 -1.7e+308 -1.7e+308 -1.7e+308 53.5625 -1.7e+308
120.5 114.8125 117 128.0625 134.4375 134.6875 127.5 120.625 116.8125 121 121.125 117.9375 112.5625 98.8125 98.9375 107.75 120.375 123.25 123.8125 121.3125 118.9375 118.25 116.25 121 124.6875 122.625 116.9375 81.25 -1.7e+308 -1.7e+308 -1.7e+308 -1.7e+308 -1.7e+308 -1.7e+308 -1.7e+308 -1.7e+308 97.125 120.8125 171.4375 226.6875 196.75 195.75 207.6875 207.3125 196.75 186.8125 183.9375 174.0625 141.9375 113.5625 102.0625 98.375 97.875 41 -1.7e+308 -1.7e+308 -1.7e+308 -1.7e+308 -1.7e+308 -1.7e+308 -1.7e+308 -1.7e+308 -1.7e+308 -1.7e+308 -1.7e+308 -1.7e+308 -1.7e+308 58.4375
105.9375 109.25 115.6875 126.75 133.8125 131.25 125.125 117.625 112.8125 110.8125 109.3125 105.0625 99 94.25 99.9375 114.25 117.75 119.9375 117.6875 117.3125 118.6875 118.5 120.375 117.9375 121.0625 117.3125 85.0625 -1.7e+308 -1.7e+308 -1.7e+308 -1.7e+308 -1.7e+308 -1.7e+308 -1.7e+308 -1.7e+308 -1.7e+308 -1.7e+308 -1.7e+308 -1.7e+308 131.5 171.125 162.625 164.625 136.5625 147.375 163.8125 161.375 187.5 202.8125 165 137.875 119.4375 106.0625 89.3125 90.3125 58.875 -1.7e+308 -1.7e+308 -1.7e+308 -1.7e+308 -1.7e+308 -1.7e+308 -1.7e+308 -1.7e+308 -1.7e+308 -1.7e+308 -1.7e+308 -1.7e+308
102.3125 104.125 110.5625 120.125 127.3125 124.8125 120.5625 115.75 109.75 105.5625 102.1875 99.8125 96 97.375 101.125 112.1875 116.25 119.1875 122.625 123.9375 128.625 133.25 93.3125 60.5625 -1.7e+308 -1.7e+308 -1.7e+308 -1.7e+308 -1.7e+308 -1.7e+308 -1.7e+308 -1.7e+308 -1.7e+308 -1.7e+308 -1.7e+308 -1.7e+308 -1.7e+308 -1.7e+308 -1.7e+308 68.125 138.375 134.1875 115.875 117.5 114.25 115.5 135.5625 196.9375 183.25 189.125 169.0625 144.0625 119.875 106.1875 105.1875 98.0625 87.125 -1.7e+308 -1.7e+308 -1.7e+308 -1.7e+308 -1.7e+308 -1.7e+308 -1.7e+308 -1.7e+308 -1.7e+308 -1.7e+308 -1.7e+308
94.75 90.5 90.875 111.25 116.1875 116.8125 113.75 108.75 102.8125 99.1875 97.625 100.1875 100.25 100.75 103.0625 107.8125 112.125 113.6875 116.875 117.9375 123.9375 -1.7e+308 -1.7e+308 -1.7e+308 -1.7e+308 -1.7e+308 -1.7e+308 -1.7e+308 -1.7e+308 -1.7e+308 -1.7e+308 -1.7e+308 -1.7e+308 -1.7e+308 -1.7e+308 -1.7e+308 -1.7e+308 -1.7e+308 -1.7e+308 -1.7e+308 125.6875 117.5 110.1875 109 109.5 121.625 137.375 133.1875 152.4375 148.875 137.25 139.5 132.1875 124.125 121.125 106.6875 94.5625 87.6875 72.625 45.5625 -1.7e+308 -1.7e+308 -1.7e+308 -1.7e+308 -1.7e+308 -1.7e+308 -1.7e+308 -1.7e+308
56.0625 -1.7e+308 -1.7e+308 -1.7e+308 -1.7e+308 95.8125 108.1875 85.125 98.8125 95.5625 96.4375 99.875 104.375 104.875 105.3125 105.625 106.625 109.4375 89.9375 -1.7e+308 -1.7e+308 -1.7e+308 -1.7e+308 -1.7e+308 -1.7e+308 -1.7e+308 -1.7e+308 -1.7e+308 -1.7e+308 -1.7e+308 -1.7e+308 -1.7e+308 -1.7e+308 -1.7e+308 -1.7e+308 -1.7e+308 -1.7e+308 -1.7e+308 -1.7e+308 -1.7e+308 83.75 110.4375 101.5 101.25 99.8125 109 118.625 115.125 105.625 113.625 124.6875 114.4375 124.3125 128.5625 126.5 110.5 98.75 85.9375 78.9375 77.125 -1.7e+308 -1.7e+308 -1.7e+308 -1.7e+308 -1.7e+308 -1.7e+308 -1.7e+308 -1.7e+308
-1.7e+308 -1.7e+308 -1.7e+308 -1.7e+308 -1.7e+308 -1.7e+308 -1.7e+308 -1.7e+308 -1.7e+308 -1.7e+308 88.3125 99.6875 107.9375 112.5 109.375 109.375 112.5 110.125 -1.7e+308 -1.7e+308 -1.7e+308 -1.7e+308 -1.7e+308 -1.7e+308 -1.7e+308 -1.7e+308 -1.7e+308 -1.7e+308 -1.7e+308 -1.7e+308 -1.7e+308 -1.7e+308 -1.7e+308 -1.7e+308 -1.7e+308 -1.7e+308 -1.7e+308 -1.7e+308 -1.7e+308 -1.7e+308 -1.7e+308 94.875 91.875 91.9375 91.9375 94.0625 93.4375 93.9375 92.9375 91 103.5625 102.5625 105.1875 110.6875 111.875 106.625 97 82.4375 75.5625 75.125 56.375 -1.7e+308 -1.7e+308 -1.7e+308 -1.7e+308 -1.7e+308 -1.7e+308 -1.7e+308
-1.7e+308 -1.7e+308 -1.7e+308 -1.7e+308 -1.7e+308 -1.7e+308 -1.7e+308 -1.7e+308 -1.7e+308 -1.7e+308 -1.7e+308 -1.7e+308 51.8125 75.0625 88.375 67.25 68.1875 -1.7e+308 -1.7e+308 -1.7e+308 -1.7e+308 -1.7e+308 -1.7e+308 -1.7e+308 -1.7e+308 -1.7e+308 -1.7e+308 -1.7e+308 -1.7e+308 -1.7e+308 -1.7e+308 -1.7e+308 -1.7e+308 -1.7e+308 -1.7e+308 -1.7e+308 -1.7e+308 -1.7e+308 -1.7e+308 -1.7e+308 -1.7e+308 82.6875 86.75 87.875 86.25 85.5 85.625 83.1875 84.4375 81 81.875 85 88.0625 92.6875 98.4375 100.625 92 88.125 78.375 75.125 74.3125 -1.7e+308 -1.7e+308 -1.7e+308 -1.7e+308 -1.7e+308 -1.7e+308 -1.7e+308
-1.7e+308 -1.7e+308 -1.7e+308 -1.7e+308 -1.7e+308 -1.7e+308 -1.7e+308 -1.7e+308 -1.7e+308 -1.7e+308 -1.7e+308 -1.7e+308 -1.7e+308 -1.7e+308 -1.7e+308 -1.7e+308 -1.7e+308 -1.7e+308 -1.7e+308 -1.7e+308 -1.7e+308 -1.7e+308 -1.7e+308 -1.7e+308 -1.7e+308 -1.7e+308 -1.7e+308 -1.7e+308 -1.7e+308 -1.7e+308 -1.7e+308 -1.7e+308 -1.7e+308 -1.7e+308 122.5625 -1.7e+308 -1.7e+308 -1.7e+308 -1.7e+308 -1.7e+308 -1.7e+308 41.125 62.375 84.75 87.125 82.875 78.0625 79.5625 72.875 72.25 71.5625 73.0625 76.8125 80.1875 86.25 92.1875 96 102.6875 87.5 80.8125 77 47.3125 -1.7e+308 -1.7e+308 -1.7e+308 -1.7e+308 -1.7e+308 -1.7e+308
-1.7e+308 -1.7e+308 -1.7e+308 -1.7e+308 -1.7e+308 -1.7e+308 -1.7e+308 -1.7e+308 -1.7e+308 -1.7e+308 -1.7e+308 -1.7e+308 -1.7e+308 -1.7e+308 -1.7e+308 -1.7e+308 -1.7e+308 -1.7e+308 -1.7e+308 -1.7e+308 -1.7e+308 -1.7e+308 -1.7e+308 -1.7e+308 -1.7e+308 -1.7e+308 -1.7e+308 -1.7e+308 -1.7e+308 -1.7e+308 -1.7e+308 -1.7e+308 -1.7e+308 70.25 119.6875 -1.7e+308 -1.7e+308 -1.7e+308 -1.7e+308 57 43.625 -1.7e+308 -1.7e+308 58.9375 89.375 78.5625 68.5625 66.1875 61.8125 59.1875 59.375 61.375 65.0625 72.0625 78.75 89.4375 94.375 100.4375 96.0625 93.5 82.1875 73.0625 -1.7e+308 -1.7e+308 -1.7e+308 -1.7e+308 -1.7e+308 -1.7e+308
-1.7e+308 -1.7e+308 -1.7e+308 -1.7e+308 -1.7e+308 -1.7e+308 -1.7e+308 -1.7e+308 -1.7e+308 -1.7e+308 -1.7e+308 -1.7e+308 -1.7e+308 -1.7e+308 -1.7e+308 -1.7e+308 -1.7e+308 -1.7e+308 -1.7e+308 -1.7e+308 -1.7e+308 -1.7e+308 -1.7e+308 -1.7e+308 -1.7e+308 -1.7e+308 -1.7e+308 -1.7e+308 -1.7e+308 -1.7e+308 58.875 114.1875 121.5 122.125 121.0625 -1.7e+308 -1.7e+308 -1.7e+308 -1.7e+308 -1.7e+308 -1.7e+308 -1.7e+308 -1.7e+308 -1.7e+308 40.5 76.875 70.875 62 53.375 49.3125 46.9375 53.0625 54.4375 65.875 75.125 90.875 96.625 99.125 102.125 96.3125 87.5 81.125 58.4375 -1.7e+308 -1.7e+308 -1.7e+308 -1.7e+308 -1.7e+308
-1.7e+308 -1.7e+308 -1.7e+308 -1.7e+308 -1.7e+308 -1.7e+308 -1.7e+308 -1.7e+308 -1.7e+308 -1.7e+308 -1.7e+308 -1.7e+308 -1.7e+308 -1.7e+308 -1.7e+308 -1.7e+308 -1.7e+308 -1.7e+308 -1.7e+308 -1.7e+308 -1.7e+308 -1.7e+308 -1.7e+308 -1.7e+308 -1.7e+308 -1.7e+308 -1.7e+308 -1.7e+308 -1.7e+308 62.625 117.75 126.625 119.3125 112.5625 108.6875 -1.7e+308 -1.7e+308 -1.7e+308 -1.7e+308 -1.7e+308 -1.7e+308 -1.7e+308 -1.7e+308 -1.7e+308 -1.7e+308 59.375 58.125 67.8125 57.75 48.75 38.6875 40.3125 51.5 60.1875 75.4375 87.625 96.8125 102.25 102.375 98.4375 94 87.1875 81.75 62.1875 -1.7e+308 -1.7e+308 -1.7e+308 -1.7e+308
-1.7e+308 -1.7e+308 -1.7e+308 -1.7e+308 -1.7e+308 -1.7e+308 -1.7e+308 -1.7e+308 -1.7e+308 -1.7e+308 -1.7e+308 -1.7e+308 -1.7e+308 -1.7e+308 -1.7e+308 -1.7e+308 -1.7e+308 -1.7e+308 -1.7e+308 -1.7e+308 -1.7e+308 -1.7e+308 -1.7e+308 -1.7e+308 -1.7e+308 -1.7e+308 -1.7e+308 -1.7e+308 -1.7e+308 67.5625 118.8125 124.75 121.0625 103.9375 98.4375 43.75 -1.7e+308 -1.7e+308 -1.7e+308 -1.7e+308 -1.7e+308 -1.7e+308 -1.7e+308 -1.7e+308 -1.7e+308 -1.7e+308 -1.7e+308 -1.7e+308 62.4375 47 29.8125 28.125 44.3125 67.4375 77.4375 88 97.625 100.8125 97.9375 98.625 94.75 89.8125 82.875 77.375 71.625 33.125 -1.7e+308 -1.7e+308
-1.7e+308 -1.7e+308 -1.7e+308 -1.7e+308 -1.7e+308 -1.7e+308 -1.7e+308 -1.7e+308 -1.7e+308 -1.7e+308 -1.7e+308 -1.7e+308 -1.7e+308 -1.7e+308 -1.7e+308 -1.7e+308 -1.7e+308 -1.7e+308 -1.7e+308 -1.7e+308 -1.7e+308 -1.7e+308 -1.7e+308 -1.7e+308 -1.7e+308 -1.7e+308 -1.7e+308 -1.7e+308 -1.7e+308 -1.7e+308 98.875 111.625 119.6875 106.5625 86.8125 -1.7e+308 -1.7e+308 -1.7e+308 -1.7e+308 -1.7e+308 -1.7e+308 -1.7e+308 -1.7e+308 -1.7e+308 -1.7e+308 -1.7e+308 -1.7e+308 -1.7e+308 -1.7e+308 49.75 34 30.125 49.125 83.25 92.1875 91.5625 98.1875 101 104.0625 99.875 94.9375 92.75 88.1875 79.5625 73.25 65.375 44.6875 -1.7e+308
