Scripts_&_data/WorldClim_2.0_rasters/WC2.0_bio_05_16.asc
NCOLS 642 
NROWS 378 
XLLCORNER -19 
YLLCORNER 19 
CELLSIZE 0.166666666666667 
NODATA_value -1.7e+308 
[rows 357 to 377 of 378, columns 0 to 47 of 642]
-1.7e+308 -1.7e+308 -1.7e+308 -1.7e+308 -1.7e+308 -1.7e+308 -1.7e+308 -1.7e+308 -1.7e+308 -1.7e+308 -1.7e+308 -1.7e+308 -1.7e+308 -1.7e+308 -1.7e+308 26.3644044399261 31.5172497034073 31.8375002145767 32.2952499389648 32.9662499427795 33.6692495346069 34.2262501716614 34.7002503871918 35.0127501487732 35.4215002059937 35.6544997692108 36.5604999065399 36.9345002174377 37.1687498092651 37.8182497024536 38.1335003376007 38.5362501144409 38.8515002727509 39.0427498817444 39.2284998893738 39.6290001869202 40.1884996891022 40.5012500286102 40.6832499504089 40.2582497596741 40.4440004825592 40.5927500724792 40.7180001735687 40.6127500534058 40.8770003318787 41.1554996967316 41.3345003128052 41.5597503185272
-1.7e+308 -1.7e+308 -1.7e+308 -1.7e+308 -1.7e+308 -1.7e+308 -1.7e+308 -1.7e+308 -1.7e+308 -1.7e+308 -1.7e+308 -1.7e+308 -1.7e+308 14.4485028982162 24.3272624015808 31.0088542699814 31.9932500123978 32.3359994888306 32.7312500476837 33.7342503070831 34.1675000190735 34.7347502708435 35.1432507038116 35.6824994087219 35.6347498893738 36.2912499904633 36.6924998760223 36.9202499389648 37.5229997634888 38.1637496948242 38.5042493343353 38.7794997692108 39.1462500095367 39.5647497177124 39.6149997711182 39.6774997711182 40.1917502880096 40.1242504119873 40.0255000591278 40.3115003108978 40.4427499771118 40.5950002670288 40.5822496414185 40.6732499599457 40.9557495117188 40.9564990997314 41.0972502231598 41.2572495937347
-1.7e+308 -1.7e+308 -1.7e+308 -1.7e+308 -1.7e+308 -1.7e+308 -1.7e+308 -1.7e+308 -1.7e+308 -1.7e+308 -1.7e+308 -1.7e+308 -1.7e+308 30.2218662500381 30.9400001764297 31.8715000152588 32.5624997615814 32.8970000743866 33.3402500152588 34.1142494678497 34.8385002613068 35.1834993362427 35.4867506027222 35.8840007781982 35.9722504615784 36.7959997653961 36.901750087738 37.325749874115 37.9002499580383 38.4647495746613 38.7074999809265 38.8822505474091 39.2444999217987 39.8462498188019 39.9902501106262 39.7725005149841 39.9609999656677 39.8605008125305 40.1327497959137 40.4860005378723 40.5885000228882 40.7357494831085 40.4010004997253 40.8157505989075 40.9365005493164 41.0020000934601 41.0899984836578 41.2729997634888
-1.7e+308 -1.7e+308 -1.7e+308 -1.7e+308 -1.7e+308 -1.7e+308 -1.7e+308 -1.7e+308 -1.7e+308 -1.7e+308 -1.7e+308 -1.7e+308 16.669562458992 30.894749879837 31.4807502031326 32.3517506122589 32.9472506046295 33.3792500495911 33.9477500915527 34.3944997787476 35.1805005073547 35.4362499713898 35.6677498817444 35.9895000457764 36.5307500362396 36.7840001583099 37.0535001754761 37.6020004749298 38.2162504196167 38.4565000534058 38.8352499008179 39.2064998149872 39.5874996185303 39.7417492866516 39.7612497806549 40.0077500343323 39.9527502059937 39.854749917984 40.4892499446869 40.6662492752075 40.9030001163483 40.2487494945526 40.7277500629425 40.8430001735687 40.8612506389618 40.9590005874634 41.0699989795685 41.2242505550385
-1.7e+308 -1.7e+308 -1.7e+308 -1.7e+308 -1.7e+308 -1.7e+308 -1.7e+308 -1.7e+308 -1.7e+308 -1.7e+308 -1.7e+308 -1.7e+308 30.2377682924271 31.2395000457764 32.0002496242523 33.0067503452301 33.5199999809265 33.8405003547668 34.4379994869232 35.1312503814697 35.5504999160767 35.7192497253418 35.9035000801086 36.0689997673035 36.6447496414185 37.1732497215271 37.4092502593994 37.8824999332428 38.4557497501373 38.501749753952 39.0512497425079 39.3235001564026 39.5659992694855 39.8537499904633 40.1284997463226 40.2314999103546 40.2597503662109 39.9310002326965 40.482750415802 40.5165004730225 40.4919998645782 40.6027498245239 40.8952507972717 40.922500371933 40.8294997215271 40.8982508182526 41.0035002231598 41.1049988269806
-1.7e+308 -1.7e+308 -1.7e+308 -1.7e+308 -1.7e+308 -1.7e+308 -1.7e+308 -1.7e+308 -1.7e+308 -1.7e+308 -1.7e+308 -1.7e+308 30.7685625553131 31.7299996614456 32.5335000753403 33.288250207901 33.8407506942749 34.3682498931885 34.9630000591278 35.4152500629425 35.6639995574951 35.8125 36.0897498130798 36.4597504138947 37.0435004234314 37.5564994812012 37.7915000915527 38.2427499294281 38.47625041008 38.5807502269745 39.0627503395081 39.5582497119904 39.7940006256104 40.2184998989105 40.3460006713867 40.3882503509521 40.180999994278 40.0812504291534 40.2759997844696 40.6212499141693 40.4125003814697 40.8390007019043 40.8627507686615 41.0415005683899 41.0840003490448 41.1867501735687 41.0879998207092 41.265499830246
-1.7e+308 -1.7e+308 -1.7e+308 -1.7e+308 -1.7e+308 -1.7e+308 -1.7e+308 -1.7e+308 -1.7e+308 -1.7e+308 -1.7e+308 -1.7e+308 31.1062395572662 32.1650000810623 32.7917497158051 33.4507491588593 34.0217497348785 34.7092504501343 35.2272493839264 35.4647500514984 35.6914999485016 36.1969995498657 36.3334999084473 36.7797501087189 37.3575003147125 37.7582497596741 38.1304993629456 38.3385007381439 38.5079996585846 38.9062504768372 39.3450002670288 39.7212498188019 40.1149997711182 40.3387503623962 40.5 40.6424992084503 39.8135004043579 40.3075001239777 40.3377497196198 40.5789997577667 40.6710000038147 41.0829999446869 41.319000005722 41.3327496051788 40.4502499103546 40.5897495746613 40.5864996910095 40.6434996128082
-1.7e+308 -1.7e+308 -1.7e+308 -1.7e+308 -1.7e+308 -1.7e+308 -1.7e+308 -1.7e+308 -1.7e+308 -1.7e+308 -1.7e+308 -1.7e+308 31.3160002231598 32.3592495918274 32.9424998760223 33.5547497272491 34.0724997520447 34.7052500247955 35.2705001831055 35.5247495174408 35.7384996414185 36.1722497940063 36.5867495536804 37.0965006351471 37.6207501888275 37.8502502441406 38.0437498092651 38.3537504673004 38.6190004348755 39.2640001773834 39.7062497138977 40.0727496147156 40.2097496986389 40.5127503871918 40.8105003833771 40.678750038147 39.7935001850128 40.4894993305206 40.5490002632141 40.5917491912842 41.2745006084442 42.1367499828339 41.6952500343323 40.484249830246 40.3152496814728 41.1094999313354 41.5189995765686 40.7792501449585
-1.7e+308 -1.7e+308 -1.7e+308 -1.7e+308 -1.7e+308 -1.7e+308 -1.7e+308 -1.7e+308 -1.7e+308 -1.7e+308 -1.7e+308 14.6361459493637 25.2458457946777 32.5642498731613 33.153249502182 33.7814998626709 34.2914998531342 34.8205003738403 35.2102501392365 35.4952499866486 35.8769996166229 36.4155004024506 36.8952498435974 37.2832505702972 37.6729996204376 37.9912497997284 38.375750541687 38.580249786377 38.969250202179 39.5677499771118 40.0207493305206 40.1937499046326 40.5157499313354 40.7977504730225 41.0807499885559 40.168000459671 40.2749993801117 40.6772496700287 41.0007495880127 41.1455001831055 42.3897500038147 42.093249797821 40.4889996051788 40.7655000686646 41.1814999580383 41.6257498264313 41.8620002269745 40.7972497940063
-1.7e+308 -1.7e+308 -1.7e+308 -1.7e+308 -1.7e+308 -1.7e+308 -1.7e+308 -1.7e+308 -1.7e+308 -1.7e+308 -1.7e+308 19.8062299489975 -1.7e+308 28.3982924222946 33.3590002059937 33.7527499198914 34.3329997062683 34.9167501926422 35.4347498416901 35.608749628067 36.1474995613098 36.5387499332428 37.0534996986389 37.4027500152588 37.8715000152588 38.2472496032715 38.4597508907318 38.7025003433228 39.4019999504089 39.8307502269745 40.1357502937317 40.5999999046326 40.8282494544983 41.0519998073578 41.3072504997253 39.50475025177 40.5842506885529 40.862500667572 41.5744996070862 41.8642501831055 41.9907495975494 40.7499995231628 40.6884996891022 40.6154992580414 40.9095001220703 41.1224999427795 41.1417496204376 41.0934994220734
-1.7e+308 -1.7e+308 -1.7e+308 -1.7e+308 -1.7e+308 -1.7e+308 -1.7e+308 -1.7e+308 -1.7e+308 -1.7e+308 -1.7e+308 -1.7e+308 -1.7e+308 -1.7e+308 33.2264847755432 33.8347771167755 34.7367506027222 35.1509997844696 35.5560004711151 35.8395001888275 36.378999710083 36.7299990653992 37.294499874115 37.6997499465942 38.0460000038147 38.453250169754 38.7767496109009 39.1159994602203 39.6697492599487 39.9662504196167 40.3527498245239 40.6755001544952 40.9402499198914 41.115749835968 41.1442501544952 40.3052499294281 40.8159999847412 41.1884999275208 42.0485005378723 41.8912498950958 40.9022498130798 40.8052499294281 40.9572496414185 40.9405002593994 41.1309998035431 41.0742492675781 41.2039997577667 41.1452493667603
-1.7e+308 -1.7e+308 -1.7e+308 -1.7e+308 -1.7e+308 -1.7e+308 -1.7e+308 -1.7e+308 -1.7e+308 -1.7e+308 -1.7e+308 -1.7e+308 -1.7e+308 -1.7e+308 18.178582072258 28.8630741834641 34.7742500305176 35.2875001430511 35.6064999103546 36.0044996738434 36.5225002765656 36.8887500762939 37.4417498111725 37.723249912262 37.9462504386902 38.5190002918243 39.0177507400513 39.4560005664825 39.7229998111725 40.1994998455048 40.5464997291565 40.8797504901886 41.260999917984 41.5962498188019 41.0149998664856 40.7317500114441 41.5885000228882 40.3645000457764 41.1922500133514 40.3965001106262 40.7140002250671 41.289999961853 41.4989995956421 41.4700002670288 41.2992498874664 41.2267496585846 41.3307502269745 41.1950001716614
-1.7e+308 -1.7e+308 -1.7e+308 -1.7e+308 -1.7e+308 -1.7e+308 -1.7e+308 -1.7e+308 -1.7e+308 -1.7e+308 -1.7e+308 -1.7e+308 -1.7e+308 -1.7e+308 -1.7e+308 -1.7e+308 34.6400692462921 35.3382503986359 35.7235000133514 36.1572496891022 36.7119998931885 37.1887502670288 37.5142500400543 37.7574999332428 38.1442499160767 38.7115006446838 39.279750585556 39.66375041008 40.0432500839233 40.361750125885 40.9705002307892 41.5710003376007 41.7980000972748 42.075749874115 41.3074996471405 40.7012503147125 39.78875041008 39.5655000209808 40.0639996528625 40.6155004501343 41.1979997158051 41.5687491893768 41.6264996528625 41.5732502937317 41.4640004634857 41.4370005130768 41.3662502765656 41.1827502250671
-1.7e+308 -1.7e+308 -1.7e+308 -1.7e+308 -1.7e+308 -1.7e+308 -1.7e+308 -1.7e+308 -1.7e+308 -1.7e+308 -1.7e+308 -1.7e+308 -1.7e+308 -1.7e+308 -1.7e+308 -1.7e+308 23.3005607128143 35.337249994278 35.8617498874664 36.4004998207092 37.0040004253387 37.4599997997284 37.8270001411438 38.037499666214 38.5989997386932 39.0132491588593 39.5432496070862 39.8759999275208 40.2982490062714 40.9512498378754 41.5627498626709 41.7647497653961 41.9774997234344 42.375 41.8872501850128 40.4260005950928 40.6259999275208 39.9287502765656 39.877249956131 40.5502495765686 41.1854996681213 41.5822484493256 41.7230002880096 41.6704998016357 41.5032498836517 41.4574999809265 41.1467499732971 41.2014999389648
-1.7e+308 -1.7e+308 -1.7e+308 -1.7e+308 -1.7e+308 -1.7e+308 -1.7e+308 -1.7e+308 -1.7e+308 -1.7e+308 -1.7e+308 -1.7e+308 -1.7e+308 -1.7e+308 -1.7e+308 -1.7e+308 20.9979319572449 35.4702501296997 36.0712497234344 36.7895002365112 37.2930002212524 37.5964987277985 37.9735000133514 38.4634997844696 38.9355001449585 39.2692503929138 39.6220004558563 40.375 41.0824995040894 41.4405000209808 41.689249753952 41.8885006904602 42.0525002479553 41.6029994487762 40.9210002422333 41.6350002288818 41.1007497310638 40.6955001354218 40.6262500286102 40.5475001335144 41.0020003318787 41.2990000247955 41.7340002059937 41.6387493610382 41.604499578476 41.5802490711212 41.1234993934631 41.4202501773834
-1.7e+308 -1.7e+308 -1.7e+308 -1.7e+308 -1.7e+308 -1.7e+308 -1.7e+308 -1.7e+308 -1.7e+308 -1.7e+308 -1.7e+308 -1.7e+308 -1.7e+308 -1.7e+308 -1.7e+308 -1.7e+308 29.7304445505142 35.7740001678467 36.4259996414185 36.9334995746613 37.4152507781982 37.7704999446869 38.2949995994568 38.7557499408722 38.8577499389648 39.3024997711182 40.1590001583099 40.8599998950958 41.2452502250671 41.5547490119934 41.7035000324249 41.9024994373322 40.978000164032 41.2310004234314 41.7309997081757 41.8062498569489 41.678249835968 41.1865003108978 41.1882493495941 40.8677501678467 41.0155000686646 41.2882499694824 41.7949998378754 41.820750951767 41.7575001716614 41.5332498550415 41.3485000133514 41.4895000457764
-1.7e+308 -1.7e+308 -1.7e+308 -1.7e+308 -1.7e+308 -1.7e+308 -1.7e+308 -1.7e+308 -1.7e+308 -1.7e+308 -1.7e+308 -1.7e+308 -1.7e+308 -1.7e+308 -1.7e+308 28.9841866493225 34.9820857048035 36.2577502727509 36.6184995174408 37.1007497310638 37.7229998111725 38.1992495059967 38.4157509803772 38.6564998626709 39.0582504272461 39.7792501449585 40.6762504577637 41.2112505435944 41.2847495079041 41.4889998435974 41.7309997081757 42.053249835968 42.3722498416901 41.6202499866486 41.5759999752045 41.9267501831055 41.7907500267029 41.4417500495911 41.3530004024506 41.1755003929138 41.6237499713898 41.9102499485016 42.0965008735657 41.9632503986359 41.9372498989105 41.6084997653961 41.4814999103546 41.7032496929169
-1.7e+308 -1.7e+308 -1.7e+308 -1.7e+308 -1.7e+308 -1.7e+308 -1.7e+308 -1.7e+308 -1.7e+308 -1.7e+308 -1.7e+308 -1.7e+308 -1.7e+308 -1.7e+308 -1.7e+308 25.0434012413025 35.5988211631775 36.3615002632141 36.8050000667572 37.4819993972778 37.9497497081757 38.2062499523163 38.436749458313 38.7947499752045 39.4874997138977 39.9750001430511 40.8632502555847 41.5004999637604 41.4310004711151 41.2972505092621 41.5669996738434 42.0572502613068 42.6644997596741 42.6610004901886 42.4420001506805 42.2830002307892 42.088499546051 41.4607501029968 41.8790001869202 41.7359998226166 42.1239993572235 42.3315000534058 42.1819999217987 42.073249578476 41.8550000190735 41.8270010948181 41.6969997882843 41.6802496910095
-1.7e+308 -1.7e+308 -1.7e+308 -1.7e+308 -1.7e+308 -1.7e+308 -1.7e+308 -1.7e+308 -1.7e+308 -1.7e+308 -1.7e+308 -1.7e+308 -1.7e+308 -1.7e+308 -1.7e+308 31.3975958824158 35.815277338028 36.5305004119873 37.0762495994568 37.5107502937317 37.9210000038147 38.1987497806549 38.5064995288849 38.7782497406006 39.4457497596741 40.2389996051788 40.9049999713898 41.1830003261566 41.1827499866486 41.28125 41.6572496891022 42.1407496929169 42.5587494373322 42.4382503032684 42.7619998455048 42.9992499351501 41.8459997177124 42.1409995555878 42.6792495250702 42.6647500991821 42.6452498435974 42.4192497730255 42.1899995803833 42.3507499694824 42.0579996109009 41.9325001239777 41.7439999580383 41.5332503318787
-1.7e+308 -1.7e+308 -1.7e+308 -1.7e+308 -1.7e+308 -1.7e+308 -1.7e+308 -1.7e+308 -1.7e+308 -1.7e+308 -1.7e+308 -1.7e+308 -1.7e+308 -1.7e+308 -1.7e+308 25.7344572544098 36.1080000400543 36.6529998779297 37.2157504558563 37.4242503643036 37.7712500095367 38.1184997558594 38.4412503242493 38.7205002307892 39.3309993743896 39.9867503643036 40.4370000362396 40.8570001125336 41.1744997501373 41.364000082016 41.6587500572205 41.982750415802 42.1309995651245 42.3315005302429 42.5597498416901 42.9355003833771 42.3292496204376 42.542750120163 42.2532501220703 42.1075000762939 42.3639998435974 42.2280004024506 42.2962498664856 42.206000328064 42.1742496490479 41.9167501926422 41.6594998836517 41.6027491092682
-1.7e+308 -1.7e+308 -1.7e+308 -1.7e+308 -1.7e+308 -1.7e+308 -1.7e+308 -1.7e+308 -1.7e+308 -1.7e+308 -1.7e+308 -1.7e+308 -1.7e+308 -1.7e+308 -1.7e+308 -1.7e+308 26.3580152988434 36.6322500705719 37.0744996070862 37.3285002708435 37.8717498779297 38.2534997463226 38.41375041008 38.8532497882843 39.2502496242523 39.8917498588562 40.3807504177094 40.6620004177094 40.9947502613068 41.2847502231598 41.6252493858337 41.808000087738 42.029500246048 42.4372501373291 42.6594994068146 42.4615004062653 42.098249912262 42.3045003414154 42.541499376297 41.9307503700256 41.9927496910095 42.2369999885559 42.2369999885559 42.3342502117157 42.1317498683929 41.5335001945496 41.4895002841949 41.529000043869
