Scripts_&_data/WorldClim_2.0_rasters/WC2.0_bio_04_16.asc
NCOLS 642 
NROWS 378 
XLLCORNER -19 
YLLCORNER 19 
CELLSIZE 0.166666666666667 
NODATA_value -1.7e+308 
[rows 252 to 272 of 378, columns 240 to 287 of 642]
651.403764162109 672.741915102071 713.377151190961 732.647245677113 730.150083015711 727.262778939558 759.801189825009 743.827813617928 719.074751540857 730.173738069727 370.048323809128 -1.7e+308 -1.7e+308 -1.7e+308 -1.7e+308 356.546439234807 -1.7e+308 -1.7e+308 -1.7e+308 -1.7e+308 -1.7e+308 -1.7e+308 -1.7e+308 -1.7e+308 535.171729932927 654.917332163822 326.915536118132 -1.7e+308 -1.7e+308 -1.7e+308 -1.7e+308 694.930228256871 709.412607928138 711.221712809871 710.754224828738 709.731362868187 702.571971381668 701.426142419907 696.14674633692 688.999941204912 687.786078544071 685.343612999437 688.899395799275 679.087789483135 678.939273740036 671.108998632637 669.363466900644 661.054838344429
672.741427147339 656.048292344682 698.021387537128 733.996038035162 733.934697300909 716.133129755228 774.767306433804 773.293318987017 778.306516473401 754.60052414363 711.306808044927 -1.7e+308 -1.7e+308 -1.7e+308 -1.7e+308 -1.7e+308 -1.7e+308 -1.7e+308 -1.7e+308 -1.7e+308 -1.7e+308 -1.7e+308 -1.7e+308 -1.7e+308 -1.7e+308 -1.7e+308 -1.7e+308 -1.7e+308 -1.7e+308 -1.7e+308 -1.7e+308 710.498726419988 725.560005877437 710.15771259193 695.342258724136 671.728380044089 689.699869088659 701.154143317985 696.180939974399 698.922106638919 708.903960271976 716.089180480925 719.843515021423 692.811255194812 678.879027917792 680.245642441313 664.677286606715 675.581387302931
676.961361355579 651.043333314458 660.708570830648 719.129262958217 761.386602819907 765.760993806205 769.390284189854 773.142358575594 777.889327737337 767.15529736163 740.69378154529 581.205238422 -1.7e+308 -1.7e+308 -1.7e+308 -1.7e+308 -1.7e+308 -1.7e+308 -1.7e+308 -1.7e+308 -1.7e+308 -1.7e+308 -1.7e+308 -1.7e+308 -1.7e+308 -1.7e+308 -1.7e+308 -1.7e+308 -1.7e+308 -1.7e+308 324.665790362858 704.422966188336 713.354733948925 609.670940754718 514.330741167014 561.760568677538 711.62278289496 699.023207545175 710.450606183713 705.472352119011 722.990546445078 732.753453062752 727.781834006648 712.280753639201 691.628343653517 690.644250181787 714.866312305696 714.017848956167
667.689797548273 667.153803014532 671.919784966622 706.981961509819 731.479465655731 754.963016930862 773.171464592595 770.089421344451 771.44832704988 752.924186309861 741.297357969173 722.534569352747 644.073397611502 -1.7e+308 -1.7e+308 -1.7e+308 -1.7e+308 -1.7e+308 -1.7e+308 -1.7e+308 -1.7e+308 -1.7e+308 -1.7e+308 -1.7e+308 -1.7e+308 -1.7e+308 -1.7e+308 -1.7e+308 -1.7e+308 -1.7e+308 -1.7e+308 385.550567990461 -1.7e+308 -1.7e+308 -1.7e+308 705.737681684932 696.316905637494 692.908220767459 703.59521454844 709.740880497657 698.310472981207 710.547166815149 731.982561569741 715.189615952579 699.101294257519 690.93363505202 691.986274791922 688.550627395011
664.312994782849 670.287624019877 686.260405324497 663.352001275273 690.552778676743 733.904434387887 762.915750431499 757.758060841915 749.325778808865 731.366670167315 706.230122224541 -1.7e+308 -1.7e+308 668.688010799853 -1.7e+308 -1.7e+308 -1.7e+308 364.120553285921 -1.7e+308 -1.7e+308 -1.7e+308 -1.7e+308 -1.7e+308 -1.7e+308 -1.7e+308 -1.7e+308 -1.7e+308 -1.7e+308 -1.7e+308 493.934216317542 630.479839785982 688.174425316578 542.486010426663 -1.7e+308 606.093175733321 712.668621313159 692.809549963258 722.762690552694 721.608737498177 721.248882053746 707.958847541526 711.501772714673 714.571026812274 717.39814432438 692.948375797782 693.341301641375 689.827006238322 691.273770565278
642.703435230055 656.82199652715 684.012059979191 683.5747507938 689.159345893141 687.569082563597 716.42523114624 726.348507378829 726.364268210169 707.966986765389 704.176589299414 588.716180654935 377.556582230039 433.597936012817 -1.7e+308 -1.7e+308 337.716537770697 -1.7e+308 -1.7e+308 -1.7e+308 -1.7e+308 -1.7e+308 -1.7e+308 -1.7e+308 -1.7e+308 -1.7e+308 -1.7e+308 -1.7e+308 -1.7e+308 -1.7e+308 469.963208875947 630.067852460294 673.536811182634 410.718196184807 -1.7e+308 712.37261568082 712.795167079908 726.367218706323 720.979897637503 707.423164341879 735.261949271906 735.211415802174 711.39718741426 691.000400263592 705.210952754592 708.64877151057 696.509640222235 697.203026313022
444.019503857137 651.45008914058 669.221355144719 689.795850804479 684.362879586855 685.401933548328 709.421950958788 711.47969629212 704.213682355293 647.541631686258 601.97781407365 671.261475112518 633.574786836924 701.957713593929 512.376096519127 -1.7e+308 -1.7e+308 -1.7e+308 -1.7e+308 -1.7e+308 304.511098940205 338.060740476664 -1.7e+308 -1.7e+308 -1.7e+308 -1.7e+308 -1.7e+308 -1.7e+308 -1.7e+308 -1.7e+308 -1.7e+308 -1.7e+308 -1.7e+308 -1.7e+308 -1.7e+308 442.031859692572 713.472770156862 735.14493776649 726.256069165493 748.294302250157 758.215144077951 743.321861571833 732.070078590556 739.107142182701 749.867882163531 749.71518741547 738.466147262478 732.851396276624
655.383696184491 661.385848475316 653.193888567634 672.988043291045 674.608171463191 669.195347922312 669.395468031179 660.964622626344 701.314280296022 697.292745259061 640.474613874121 503.386658966107 -1.7e+308 -1.7e+308 658.924139621977 614.993612284301 395.854064722091 -1.7e+308 -1.7e+308 -1.7e+308 -1.7e+308 302.593651964109 -1.7e+308 -1.7e+308 -1.7e+308 -1.7e+308 -1.7e+308 -1.7e+308 -1.7e+308 -1.7e+308 -1.7e+308 -1.7e+308 -1.7e+308 -1.7e+308 -1.7e+308 607.466873758209 726.881612475444 747.011568145351 731.731145540626 733.227020394999 745.058234982806 741.425801501519 746.205437327254 764.364418875113 759.336737490078 754.822435660183 753.344910032533 756.864071564799
636.297361111061 638.215229735223 636.596009860256 637.476663111584 675.156361760923 670.014166795765 676.426670799993 661.679376893436 687.627528785743 672.143006290729 700.655524807107 686.672066613463 677.626921123504 673.474298612766 -1.7e+308 620.78360074912 677.826902414233 690.454997384999 644.622121373122 -1.7e+308 -1.7e+308 -1.7e+308 -1.7e+308 -1.7e+308 -1.7e+308 -1.7e+308 -1.7e+308 331.683330626539 -1.7e+308 433.340998823749 397.216810868081 -1.7e+308 608.638724516733 403.310790903734 323.876466203552 683.790906654988 716.660710312855 713.499389979889 705.406000450734 709.707944260399 729.357979515252 740.730160488766 723.339965019485 737.804900213518 747.721040004753 770.40116759223 792.334031115903 777.607794816052
435.164483643554 571.934565773633 583.689111299701 630.811990289798 603.907396417869 563.515941933009 619.660128098859 677.479790526246 551.370216154127 679.890313670063 679.933252699542 689.037997529099 687.712823503918 674.050105988245 670.032087149627 670.60390269381 588.412587460191 498.740301121186 598.521031085801 -1.7e+308 -1.7e+308 -1.7e+308 -1.7e+308 -1.7e+308 -1.7e+308 -1.7e+308 -1.7e+308 -1.7e+308 -1.7e+308 314.655325858704 647.070224471044 -1.7e+308 424.921138582323 614.591735047649 514.146878698946 497.229431807516 622.552649356262 717.376897807853 711.011021175456 720.28203077533 719.43966887678 714.492608948088 722.185794590013 735.725130204569 742.104984727071 738.943222109285 748.994263838608 753.823730226866
-1.7e+308 -1.7e+308 366.411186082603 -1.7e+308 476.349494370424 656.982340289977 490.85190801139 -1.7e+308 -1.7e+308 -1.7e+308 328.275009810107 613.663331512972 658.997082656435 675.946819091093 676.813658122368 680.379899214686 673.767268396775 567.030981686918 530.682592638963 449.242521090475 -1.7e+308 -1.7e+308 -1.7e+308 -1.7e+308 -1.7e+308 -1.7e+308 -1.7e+308 -1.7e+308 -1.7e+308 459.544213400812 471.67138587393 -1.7e+308 581.742315381983 649.960876831235 622.036075427717 689.366580606397 709.431732849147 725.059266515416 724.40370238789 713.946773051155 724.558832963285 728.630528173343 726.862204627609 725.056321981804 723.937593779581 732.994955330258 732.145289722509 748.591353786905
-1.7e+308 -1.7e+308 611.304447821761 632.480521634871 644.856834656802 670.363175423645 673.401169709853 660.447115312061 656.629014260627 485.419653119505 -1.7e+308 308.887709568554 324.68927224473 654.338605429294 682.267052778494 699.793720756194 690.531579137913 654.504354923349 -1.7e+308 529.756650009563 638.03245221905 378.127733363889 -1.7e+308 -1.7e+308 -1.7e+308 -1.7e+308 -1.7e+308 -1.7e+308 -1.7e+308 -1.7e+308 -1.7e+308 -1.7e+308 -1.7e+308 -1.7e+308 -1.7e+308 553.027676961087 618.536539474039 712.843297129016 719.734122449358 727.387986701236 731.833547629261 724.261581967 721.380364548442 724.186351686506 735.330972738777 721.373290608358 733.473766947947 731.17860360891
-1.7e+308 543.970790585918 612.342031393903 630.128343684462 656.179663202403 671.916141118587 677.907283078892 665.799818616363 667.284081018025 670.904816597085 647.65915192729 579.120296940348 529.814213729226 -1.7e+308 392.159632203086 363.17755874144 626.2661814682 681.831872853893 -1.7e+308 -1.7e+308 -1.7e+308 -1.7e+308 537.403474078 -1.7e+308 -1.7e+308 -1.7e+308 -1.7e+308 -1.7e+308 -1.7e+308 -1.7e+308 -1.7e+308 -1.7e+308 -1.7e+308 -1.7e+308 -1.7e+308 -1.7e+308 -1.7e+308 437.709235419116 707.618043526232 727.654223503037 730.232987253292 713.258074620901 724.456728253043 720.084343683289 716.247248995251 717.373896924042 720.162352759273 724.896684865133
-1.7e+308 289.21331972085 599.672173510164 618.807674045767 643.399999438932 662.095560143225 679.743705233673 682.411741936601 679.393604731898 667.251529049745 672.903951757622 665.821083780813 643.102194887227 297.655286456337 342.81361686273 -1.7e+308 -1.7e+308 499.138482051361 492.941536150482 -1.7e+308 -1.7e+308 -1.7e+308 -1.7e+308 467.930153497756 -1.7e+308 -1.7e+308 -1.7e+308 -1.7e+308 -1.7e+308 -1.7e+308 -1.7e+308 -1.7e+308 -1.7e+308 -1.7e+308 588.016621341414 547.750572941932 295.64648646515 472.759695225498 675.906293803648 704.530946540725 715.040316920565 726.343817611161 729.298625108703 725.607671833406 720.841251518658 722.319061347952 727.700756694878 727.542984456436
-1.7e+308 -1.7e+308 -1.7e+308 552.046820180812 623.70458641192 639.010075923223 665.542266096312 673.384370701535 672.508582761655 657.809285635492 572.051180732016 660.833659832017 662.777190901783 480.398464142066 413.645087884083 -1.7e+308 -1.7e+308 -1.7e+308 -1.7e+308 289.239194799965 -1.7e+308 -1.7e+308 -1.7e+308 -1.7e+308 382.772296957149 -1.7e+308 -1.7e+308 -1.7e+308 -1.7e+308 -1.7e+308 534.184757651459 372.022606174845 291.211356172807 -1.7e+308 -1.7e+308 -1.7e+308 -1.7e+308 671.342748255482 675.045257701786 721.123631341219 732.955805180622 730.735360042277 725.81787134468 715.903338029905 727.389851890913 725.161609038239 745.29175715073 746.070843053713
-1.7e+308 -1.7e+308 -1.7e+308 -1.7e+308 607.745388028099 648.417352363863 655.163373745887 670.560772722877 671.009511381309 653.010972364708 485.154756000809 -1.7e+308 505.019228996204 648.670336409631 542.49367929761 -1.7e+308 -1.7e+308 -1.7e+308 -1.7e+308 -1.7e+308 426.509437261764 -1.7e+308 -1.7e+308 378.35542127039 -1.7e+308 293.319482724428 262.910065840539 -1.7e+308 -1.7e+308 -1.7e+308 -1.7e+308 -1.7e+308 -1.7e+308 -1.7e+308 -1.7e+308 -1.7e+308 -1.7e+308 583.623118183331 681.273147395241 700.290538514671 702.118038262984 720.678729748267 723.876220102004 711.662102945226 704.63042546391 733.064650671674 738.572747504925 734.418446236401
-1.7e+308 -1.7e+308 -1.7e+308 -1.7e+308 602.072983598596 620.928311473491 638.987026965674 646.921880161471 658.718912128332 654.910590297245 643.467651245824 -1.7e+308 -1.7e+308 -1.7e+308 -1.7e+308 -1.7e+308 -1.7e+308 -1.7e+308 -1.7e+308 -1.7e+308 -1.7e+308 -1.7e+308 -1.7e+308 -1.7e+308 -1.7e+308 -1.7e+308 -1.7e+308 -1.7e+308 -1.7e+308 -1.7e+308 -1.7e+308 -1.7e+308 -1.7e+308 -1.7e+308 -1.7e+308 -1.7e+308 -1.7e+308 -1.7e+308 -1.7e+308 663.85186192226 685.192289707075 694.681643111607 704.492151246406 712.783725042181 707.457959744774 710.221182129742 735.241307710413 731.802142314961
-1.7e+308 -1.7e+308 -1.7e+308 386.184018638284 606.79774528182 610.15126074054 606.505772364535 638.601689242218 641.734852792309 658.811665914363 649.776797122723 543.432590378551 -1.7e+308 -1.7e+308 -1.7e+308 -1.7e+308 -1.7e+308 -1.7e+308 -1.7e+308 -1.7e+308 -1.7e+308 -1.7e+308 -1.7e+308 -1.7e+308 262.014573821959 447.519530687437 475.901669795804 395.109498942823 -1.7e+308 -1.7e+308 -1.7e+308 -1.7e+308 -1.7e+308 -1.7e+308 -1.7e+308 357.011690602243 -1.7e+308 417.930248701927 606.69121435207 663.288541721417 674.296263416263 669.333345146705 658.077879256316 617.755372317528 678.054024522234 681.521730501345 697.728941836856 706.219197341596
-1.7e+308 -1.7e+308 -1.7e+308 -1.7e+308 583.516165128802 440.516325978936 -1.7e+308 570.246707125872 630.265076515366 644.628936562677 645.304472440021 632.587498346659 -1.7e+308 -1.7e+308 -1.7e+308 -1.7e+308 -1.7e+308 -1.7e+308 -1.7e+308 -1.7e+308 -1.7e+308 -1.7e+308 267.482612054801 -1.7e+308 -1.7e+308 -1.7e+308 -1.7e+308 396.678767604602 -1.7e+308 268.116189491127 -1.7e+308 -1.7e+308 -1.7e+308 -1.7e+308 -1.7e+308 -1.7e+308 363.383930355148 419.240392749423 -1.7e+308 -1.7e+308 -1.7e+308 -1.7e+308 456.546557724173 634.067364405984 654.789485228836 646.007180253673 647.739781828222 665.556652626284
-1.7e+308 -1.7e+308 -1.7e+308 -1.7e+308 373.541491351175 353.253445185827 -1.7e+308 -1.7e+308 606.345583042695 371.679924210886 -1.7e+308 629.705537774448 403.038003905289 -1.7e+308 -1.7e+308 -1.7e+308 -1.7e+308 -1.7e+308 -1.7e+308 -1.7e+308 339.425731251251 368.245622330204 -1.7e+308 -1.7e+308 -1.7e+308 -1.7e+308 -1.7e+308 -1.7e+308 -1.7e+308 -1.7e+308 -1.7e+308 -1.7e+308 -1.7e+308 -1.7e+308 -1.7e+308 -1.7e+308 335.209916502844 -1.7e+308 289.896048520825 493.949683126933 333.076221413364 448.86618439081 597.904402287978 496.81147522926 -1.7e+308 420.020373483319 621.859158513122 584.015569012045
-1.7e+308 -1.7e+308 -1.7e+308 -1.7e+308 -1.7e+308 -1.7e+308 -1.7e+308 -1.7e+308 554.99489756356 -1.7e+308 -1.7e+308 369.735560518941 398.34238008262 -1.7e+308 -1.7e+308 -1.7e+308 -1.7e+308 -1.7e+308 -1.7e+308 -1.7e+308 -1.7e+308 -1.7e+308 -1.7e+308 -1.7e+308 -1.7e+308 -1.7e+308 -1.7e+308 -1.7e+308 -1.7e+308 -1.7e+308 -1.7e+308 -1.7e+308 362.21759006092 -1.7e+308 -1.7e+308 -1.7e+308 -1.7e+308 -1.7e+308 -1.7e+308 -1.7e+308 -1.7e+308 -1.7e+308 294.929700514544 -1.7e+308 -1.7e+308 -1.7e+308 -1.7e+308 -1.7e+308
