Scripts_&_data/WorldClim_2.0_rasters/WC2.0_bio_16_16.asc
NCOLS 642 
NROWS 378 
XLLCORNER -19 
YLLCORNER 19 
CELLSIZE 0.166666666666667 
NODATA_value -1.7e+308 
[rows 261 to 289 of 378, columns 330 to 395 of 642]
175.6875 193.8125 180.5 194.5 181.4375 164.9375 167.5625 170.5 180 182.25 186.1875 186.875 172.9375 171.5 172.875 176.5 198.625 229 254.6875 285.5 295.0625 308.375 299.9375 284.1875 309.125 309.3125 324.3125 333.25 317.875 310.4375 309.8125 334.125 355.9375 381.375 375.0625 386.75 378.6875 342.75 307.25 286.625 256.75 223.5 191.8125 182.25 191.4375 197.3125 193.5 182.3125 187.5 188.75 181.8125 179.625 168.5625 143.9375 135.625 143.9375 129.3125 130.25 126 122.8125 132.125 145.125 154.25 144.3125 141.5 135.875
191.4375 185 188.125 206.1875 194.8125 179.375 169.125 163.875 173 188.3125 214.8125 191.0625 189.9375 202.625 226.5 225.75 230.4375 227.5 240.4375 257.5625 269.5625 252.875 263.125 280.5625 279.8125 277.25 286.0625 310.375 328.9375 334.0625 310.75 301 337 351.0625 365.125 380.375 396.875 368.375 341.4375 309.25 285.3125 262.875 242.6875 221.4375 210.375 213.375 193.6875 195.25 213.25 187.25 198.875 186.5625 177.8125 156.75 141 129.75 128 144.125 141.8125 120.1875 117.125 115.5 124.75 125.3125 127.5625 122.625
193.6875 201.625 210.4375 217.25 208.8125 201.6875 187.5 188.0625 205.125 207.875 206.625 199.4375 223.375 228.0625 237.625 231.75 238.5625 260.75 241.0625 231.8125 228.625 235.5625 241 244.5 248.5625 249.5625 263.4375 278.8125 285.5 294.5625 301.4375 289 288.375 304.75 304.3125 323.9375 359.125 371.4375 346.125 327 303.625 285.375 265.3125 247.6875 231.125 231.375 218.875 227.5625 198.375 195.75 198.5 192.75 186.5 173.6875 152.5 131.0625 124.125 121 116.75 113.75 113 114.5 117.6875 119.4375 121.625 122.75
230.8125 230.6875 229.75 234.75 233 229.375 214.25 209.3125 204.8125 206.5 215.8125 221.3125 228.3125 231.1875 241.1875 241.5625 247.3125 229.375 229.25 238.5625 255.625 269.5 268 257 240.5625 233.9375 248.3125 260.3125 270 278.1875 284.0625 296.6875 290.9375 307.1875 299.75 309.8125 329.5625 349.4375 351.4375 331.6875 320.1875 299.6875 283.875 264.8125 248.25 236.9375 240.6875 228.5 218.5 213.1875 208.3125 203.75 199.125 182.6875 153.0625 134.375 129.8125 123.625 118 117.6875 121.125 131.1875 138.75 138.625 137.375 132.5
247.125 251.3125 261 269.8125 293.8125 281 241.75 231.3125 233.4375 233.9375 237.6875 257.625 281 300.5625 289.5625 265.875 245.875 231.875 232 240.5625 258.375 281.8125 315.75 320.0625 262.5625 245.1875 248.0625 259.625 267.4375 275.5 293.625 303.75 304.3125 295.125 293.625 315.3125 343.125 363.0625 365.4375 347.5625 340.875 317.5 295.6875 283.6875 274.4375 265.25 263 260.5 251.625 241.3125 239.1875 219.625 201.875 188.5 159.75 141.5 132.625 129.5625 123.75 127.9375 141.9375 178.625 189.5 165.625 142.6875 140.75
310.8125 313.875 313.8125 324 337.125 313.125 282.125 261.3125 259.1875 254.1875 259.625 270.125 277.8125 291.625 280.375 264.25 253.0625 240.5625 236.625 243.5625 254.375 273.9375 310.75 328.8125 282.125 280.375 289.5625 302 313.4375 322.0625 338.1875 325.1875 326.875 332.0625 313.1875 311.4375 350.75 357.8125 356.125 352.125 349.125 334.0625 332.875 310 301.0625 304.1875 299 280.4375 273.25 278.5 258.9375 244 219.625 195.25 162.5625 147.1875 138.25 134.8125 133.875 140.375 162.125 174.5 177.6875 163.5 146.5 142.75
325.6875 340.75 350.75 323.8125 340.875 342.1875 316.8125 289 271.125 262.9375 258.4375 258.8125 259.125 259.8125 261.25 256 254.9375 250.625 243.5625 245.1875 251.625 258.4375 272.375 275.125 262.875 306 322.4375 339.9375 335.5 338.0625 322.5625 310.75 310.4375 305.8125 299.3125 300.25 322.4375 333.5 346.9375 360.375 359.5 361.25 363.6875 345.875 344.1875 343.9375 316.875 318.875 316.875 288.375 286.5 268.9375 249.5625 210.5625 183.1875 160.5625 151.625 148.3125 144.9375 146.75 151.625 156.0625 160.5 157.6875 145.3125 137.5625
328.0625 353.5 371.125 359.75 360.5 346.0625 314.125 288.875 272.125 257.3125 245 239.8125 244.8125 244.5 246.125 248.375 242.25 234.25 228 237.5625 240.5 238.625 242.5 236.9375 220.75 222.25 252.875 259.9375 259.75 290.6875 296.8125 293.5625 302.5 298.375 289.75 293.375 300.9375 321.9375 342.375 366.25 378.625 379.125 389.375 388.5625 393.375 406.4375 377.375 376.1875 361.6875 328.375 310.625 282.375 269.3125 221.25 216.375 193.875 168.625 161.0625 158.5 157.0625 158 159.625 160.5 157 154 145.9375
334.0625 359.625 382.5625 386.875 376.875 338.8125 308 286.875 266.8125 249.1875 231.875 209.6875 224.3125 226.375 219.375 223.875 217.0625 200.4375 199.625 218.0625 221.0625 220.5625 215.6875 209.625 198.125 197 199.4375 207.75 211.8125 212.8125 219.5625 226 230.5 237.4375 252.0625 261.25 272 286.125 321.375 364 387.5 398 402.375 414.8125 427.3125 439.5 430.375 419.9375 379.5 358.125 338.25 304.625 286.9375 271.0625 233.25 211.5 187.75 177.9375 173.375 172.875 170.8125 167.8125 164 169.5 173.4375 160.375
248.9375 381.9375 387.125 398.1875 369.0625 332.6875 299.6875 272.0625 246.8125 226.625 208.625 190.9375 191.3125 200.0625 192.5625 194.25 191.6875 181.25 178.8125 196.25 197.75 196.875 197.5 186 175.6875 174.8125 181 189.625 190.5 190.8125 193.9375 196.875 204.9375 216.8125 226.9375 234 243.25 258.0625 295.25 354.75 405.875 398.25 396.5 424.375 447 463.125 465 451.6875 425.9375 402 381.6875 339.75 298.4375 290.6875 244 220.6875 209.0625 200.75 195.875 189.5625 185.25 179.0625 172.875 173.0625 177.375 177.5625
-1.7e+308 381.5625 405.5 370.0625 359.625 310.125 276.25 243.375 218.9375 202.0625 189.6875 180.1875 169.5 177.25 179.75 175.1875 168.1875 163.6875 163 172.125 172.25 175.4375 175.5625 167.8125 160 161.6875 166.6875 172 172.9375 174.5625 176.875 184.5 192.1875 201.875 212.1875 217.6875 220.5625 228.6875 260.75 332.8125 412.25 418.4375 401.875 412.1875 427.5625 432.9375 475.625 477.3125 448.625 424.125 403.4375 384.1875 331.6875 310.1875 282.3125 250.4375 244.1875 234.0625 221.4375 212.5625 202.875 192.0625 184.0625 179.375 187.0625 193.375
181 419.9375 371.125 356.4375 333.5625 283.9375 248.4375 214.875 193.6875 184.25 175.1875 168.0625 162.4375 157.5625 160.0625 158.5625 151.875 148.25 149.1875 153.4375 153.5625 157.25 162.5 163.8125 163.6875 160.5625 158 154.6875 153.375 161.375 169.5625 177.875 187.6875 202.6875 214.625 216.5625 216.0625 223.1875 244.875 296.125 346.5 358.9375 352.8125 358.25 370.5625 374.0625 414.0625 421.25 431 438.0625 442.4375 408.75 380.3125 330.9375 312.625 293.125 287.875 265.4375 250.625 239.6875 220.9375 211.125 198.1875 187.8125 188.3125 190.9375
482.25 421.8125 354 332.625 297.4375 259.6875 219 190.75 177.375 166.75 161.5 156.375 151.1875 144.875 146.875 141.5 138.1875 133.5 132.1875 138.4375 141.875 147.25 154.5 165.5625 173.3125 177.5 175 158.25 144.9375 151.9375 166.5 183.0625 197.1875 221.625 234.375 235.0625 222.875 220.125 240.5 267.6875 289.0625 294.25 283.9375 292 332 336.125 351.875 364.9375 419.375 471 466.1875 427.5625 397.8125 371.0625 360.9375 336.875 321.875 300.3125 280.875 266.1875 245.6875 226.5625 213.0625 203 191.6875 185.0625
498.4375 439.4375 372.8125 327.25 282.125 235.75 184.5 159.125 155.875 153 148.0625 143.6875 133.8125 130.6875 131.1875 125.5 120.75 114.125 117.75 123.125 130.875 137.4375 143.5 152.625 155.875 152.6875 148.6875 141.5 135.3125 145.9375 160.1875 173.9375 186.0625 195.8125 197.4375 197.75 196.8125 199.0625 211.625 232.3125 249.8125 254.9375 247.125 246.4375 269.5 283.125 305.5 319.5 368.8125 449.1875 473.75 463.375 449.3125 442.6875 429.6875 379.75 357.25 350.1875 314.6875 293.5 270.1875 246 230.5625 217.3125 206.5 197.75
514.875 477.4375 393.375 332.5 251.625 199.4375 161.5 143.5 145.1875 142.9375 135.3125 129.9375 119.3125 119.875 117.125 109.1875 100.3125 98.6875 101.3125 104.4375 109.125 118.625 122 125.5 128.9375 130.6875 129.375 128 130.1875 138.75 145.625 152.625 161.625 167.375 171.75 175.6875 178.5625 184 192.1875 201 210.75 221.375 223.0625 224.5 233.375 246.5625 263.75 278.8125 318.75 382.375 400.25 431.5625 445.625 451.5 440.4375 414.25 388.0625 397.5625 375.3125 333.0625 298.9375 275.5625 254.0625 236.375 220.125 203.375
574.5625 483.4375 380.3125 308.6875 233.25 183.4375 153.875 143.3125 142.5 132.375 125.625 118.9375 109.5625 101.3125 96.5625 93.8125 89.4375 88.25 87.25 88.3125 90.9375 99.875 104.8125 111.875 115.75 119.3125 120.25 122.3125 124.5 126 135.0625 144.125 149.75 155.0625 160.625 165.25 169.8125 172.25 177 180.9375 187.6875 194.5 198.375 201 209.4375 232 240.1875 254.1875 272.9375 309.375 325.375 359 398.9375 431.75 438.25 427.25 437.25 435.6875 428.8125 400 328.8125 309.1875 282.8125 252.625 232 215.5625
546.75 510.0625 381.0625 338.1875 227.25 177.625 148.0625 134.6875 127.25 121.375 116.5625 109.8125 102 97.9375 92 88.625 85.6875 89.125 89.1875 88.6875 88.1875 90.625 94.5625 101.875 106.125 108.3125 110.1875 112.6875 115.125 118.75 125.625 129.875 134.1875 140.3125 144.4375 147.5625 154.25 159.25 162.5625 166.375 169.0625 174.8125 178.3125 180.1875 191.3125 206.3125 218.75 220.75 230.1875 245.375 300.5625 353.8125 378.375 403.0625 420.9375 441.0625 448.8125 470.375 491.25 505.5 450.375 355.3125 296 265.8125 243.5625 222.0625
582.5 507.25 383 302.75 221.375 175.75 146.75 127.9375 117.375 109.75 105.9375 102.0625 95.5625 92.125 86.3125 80.4375 79.25 80.25 81.4375 84.875 88.9375 92.5625 90.8125 87.9375 95.3125 98.375 101.625 104.0625 106.3125 111.375 113.5 114.625 119.8125 129.375 129.3125 131.75 142.25 144.5 144.9375 152.0625 153.625 157.625 161.6875 161.5 170.5625 176.3125 185.0625 187.625 193.625 201.6875 244.75 306.6875 345.875 365.5 396 394.5625 422.0625 489.0625 526.125 540.125 499.5625 420.625 341.875 294.8125 254.625 233.75
559.9375 494.25 331.875 257.6875 204.875 171.375 146.3125 126.4375 112.625 104.5 100.375 94.25 87.5 83.625 77.9375 73.3125 72.875 77.125 82.375 92.375 97.4375 95.4375 87.75 85.25 82.5625 88.5 91.875 95.1875 97.9375 99.8125 101 105.625 111 117.25 117.0625 121 123.25 127.25 133.625 137.625 141.0625 141.1875 147.25 147.9375 152.1875 155.1875 155.6875 158.8125 162.6875 166.875 194.5 257.9375 316.5625 310.0625 339.5625 394.4375 405.625 408 432.9375 428.125 458.3125 439.9375 335.1875 314.5625 270.4375 241.875
596.0625 582.9375 337.0625 262.5625 209.0625 184.875 151.9375 131 112.3125 99.125 94 88.6875 84.5 81.875 77.625 73.6875 74 76.3125 79.5625 87.25 82.9375 79.5625 79.125 80.25 80.125 78.0625 81.875 86.6875 90.125 91.8125 90.875 97.125 101.625 107.6875 111.6875 114.375 115.5625 120 122.5625 129.0625 127.6875 127.375 130.375 136.5 132.5 136.8125 137.125 138.4375 141.625 147.5625 168.125 200.6875 236.3125 266 315.75 374.25 397.1875 400.0625 381.375 378.6875 433.3125 384.5625 359.8125 314.625 267.0625 249.0625
622.9375 591.9375 444.875 300.3125 217.1875 181.25 154.1875 127.5625 110.25 99.1875 91.5625 89.25 83.125 78.3125 74.25 74.8125 71.1875 67.6875 66.5625 67.625 67.125 65 68.6875 69.9375 72.25 74.5625 74.9375 78.25 82.4375 84.375 83.75 87.3125 91.8125 97.4375 102.625 107.1875 107.4375 108.5 111.6875 117.25 116.3125 117 116.25 121.0625 123.75 122.625 127.625 129.625 132.1875 138.75 150.5625 172.875 208.25 239.0625 266.75 300.25 358.625 361.6875 380.25 405.375 425.625 394.375 337.5 315.0625 277.6875 252.25
571.625 567.75 451.8125 311.375 230.1875 177.25 143.25 118.875 104.875 99 91.9375 93.25 87.0625 84.125 84.9375 77.25 65.375 61.5625 58.75 58 57.625 59.4375 62.6875 65.6875 66.75 68.1875 70.9375 72.0625 75.25 78.6875 78.25 80.875 84.8125 91.0625 97.125 100.4375 100.0625 99.625 100.875 106.4375 106.875 105.25 106.9375 111.9375 110.6875 111.375 118.9375 121.875 125.5625 131.75 141.9375 158.75 185.0625 210.625 235.875 289.9375 303.9375 290.125 371.9375 383.3125 398.875 368.4375 343.375 302.8125 281.5 257.3125
451.125 457.9375 397.25 293.125 212 161.125 127.5625 110.8125 97.9375 86.625 78.8125 77.6875 75.25 71.0625 66.75 60.6875 56.4375 54.75 52.8125 52.5 52.875 55.625 57.5 59.3125 61.875 63.5625 66.75 68.375 69.1875 72 74.4375 75.8125 81.6875 87.875 92.125 94.6875 95.875 92.8125 94.5625 98.6875 98.375 93.9375 96.9375 103.1875 105.1875 103.3125 106.6875 111 118.6875 123.375 132.8125 147.9375 163.6875 181.6875 206 229.4375 240 271.8125 307.75 346.4375 367 353.625 335.3125 309.875 283.8125 259.75
418.75 423.125 337.5625 241.25 174.8125 135.625 109.5 90.875 78.1875 70.125 63.0625 58.5625 55.5 56.75 50.5625 50.4375 48.5625 47.9375 48 49.625 51.1875 53 55.6875 56.9375 58.5 60.75 61.9375 64 65.8125 66.3125 69.5625 72.125 76.9375 79.375 80.8125 86.25 89.5 89.375 90.5 90.375 89.9375 86.875 88.875 95.5625 97.625 99 96.4375 102.1875 107.625 113.6875 121.6875 134.0625 149.1875 160.8125 176.5 191.0625 215.3125 242.8125 279.9375 325.875 337.1875 334.5 317.375 298.125 277.3125 257.375
499.6875 414.375 287.4375 196.5625 143 110.8125 91.875 76.0625 65.0625 59.0625 54.5625 53.8125 50.9375 46.875 46.875 46.75 47.8125 47.1875 49.9375 52.8125 54.1875 53.625 54.125 55.4375 56.5625 57.875 59.625 60.9375 63.0625 64.4375 66.5625 69.3125 70.25 72.0625 76.5625 77 76.6875 78.25 81.0625 81.6875 80.25 79.6875 83.8125 87.125 91.875 92.75 90.375 95.6875 99.625 102.8125 111.0625 124.4375 136.125 143.3125 155.375 166.3125 195.0625 222.9375 265.0625 291.0625 327.375 314.8125 301.125 284.75 266.6875 249.8125
464.8125 370.6875 249.3125 205.125 116.625 86.625 71.75 60.9375 56.125 53.5 57 51.4375 47 45.0625 44.8125 44.125 47.4375 51.125 53.1875 53.375 55.0625 54.25 54.25 54.5625 54.6875 55.625 56 58.875 60.9375 63 64.6875 68.25 70.1875 71 72.3125 74.4375 72.6875 68.125 69.625 77.5625 75.375 74.3125 72.3125 81.875 85.125 86.1875 84.0625 85.75 90.5625 99.6875 105.6875 119 127.6875 131.375 140.3125 157.375 185 209.1875 254.8125 281.3125 299.9375 301.3125 289.25 276.375 259.5625 246.25
458.625 331.3125 308.125 217.125 98.75 84.375 63.125 56.0625 58.1875 54.75 51.75 47.875 45.125 43.4375 43.625 48 51.5 51.3125 51.625 51.875 54.1875 55.9375 55.875 55.875 56.5625 55.25 55.8125 56.9375 58.4375 60.1875 61.9375 65.9375 67.1875 69 69.375 69.625 69.4375 69.125 66.8125 69.75 70.875 70.3125 67.4375 68.25 77.5625 81.375 80.8125 80.5 82.75 92.9375 105.5625 114.875 116.875 121.25 133.9375 150.375 167.9375 189.1875 235.5625 264.0625 282.625 283.625 275.6875 263.4375 253.125 243.375
387.3125 348 271.3125 144.8125 86.5 64.6875 54.5625 53.6875 54.875 55.25 54.0625 50.3125 46.625 46.0625 45.625 46.3125 47.5625 48.125 49.3125 51 53.5625 55.375 57.9375 57.4375 57 56.375 57.5 56.6875 57.4375 58.3125 60.5625 63.4375 64.375 64 64.8125 64.5 64.4375 63.8125 63.1875 64 64.25 67.8125 65.5 64.5625 65.375 73.6875 77.0625 79.8125 81.625 85.375 94 102.4375 108.625 117 125.6875 140.5 156.5 176.0625 205.3125 239.25 258.125 264.875 263.875 258.25 246.375 240.6875
404 336.5625 203.375 116.0625 82.125 65.1875 54 46.8125 45.25 46.3125 47.3125 45.9375 45.1875 44.0625 44.3125 45.0625 45.4375 47.125 49.0625 51.6875 53.6875 55.4375 57.875 57.0625 57.3125 57.6875 57.8125 57.5625 57.9375 57.4375 58.125 60.3125 62 62.9375 61.1875 59.75 60.375 60.375 61.125 61.5625 61.75 64.875 68.9375 65.0625 64.5 73.4375 74.3125 77.4375 81.1875 82.3125 90.4375 96.625 103.8125 111.5625 120.0625 133.125 147.5625 164.4375 177 215.9375 241.75 248.625 254.5625 242.9375 236.125 234.125
