Scripts_&_data/WorldClim_2.0_rasters/WC2.0_bio_04_16.asc
NCOLS 642 
NROWS 378 
XLLCORNER -19 
YLLCORNER 19 
CELLSIZE 0.166666666666667 
NODATA_value -1.7e+308 
[rows 294 to 314 of 378, columns 432 to 479 of 642]
931.448828481214 964.352728645751 990.439460623593 1005.54467833071 991.745990183319 979.319843419319 977.927834215281 986.764811369671 989.461389698165 991.28813548343 999.772924832149 969.535997959691 956.912662391535 949.839572936535 928.877399259491 900.810138043623 961.166181149992 974.252315652215 969.722397349305 942.844423076132 897.136847932819 882.409385514711 954.394213836579 981.607952590935 986.055901267637 999.837541197372 970.090965446835 933.46354610814 955.784144609305 957.630249848118 961.625770851601 955.289678682008 938.843259627725 893.807870967548 822.931149525192 830.027774465979 843.900234428574 821.581536522425 816.037821369669 805.23495364202 813.037391503165 820.675428127112 843.073313858432 841.48673188682 843.624594536885 880.62177887922 926.993292879114 932.785408584493
928.64078299427 959.238440310065 983.737994491312 1001.76932874858 990.28136750409 977.871720242125 982.052461625889 985.811638943123 993.968851837866 989.654784953251 1000.33607960555 983.549917007031 976.676057824665 971.288804944901 962.571705900218 942.023776154973 967.825416990285 971.412376088799 960.550300392163 926.463576607127 918.392420232275 906.886882192992 933.652617914807 967.112724579037 975.733527088845 987.477507920732 989.946790542084 977.228192409576 968.543008722522 962.43663610919 966.333715846376 962.51672604237 951.699835229775 949.924394330968 892.919160176138 874.661319278017 822.301439406148 826.197991829866 837.350297549621 840.026486331671 824.113314745565 800.718672107661 842.135582921171 834.505385724476 843.362527131406 897.431267458308 921.829324717937 946.987028309711
920.422368780327 964.004237333238 984.37974941752 999.377649636647 1008.66958820489 991.851540633443 982.55577090832 993.861865217514 982.592201023352 916.489917725885 960.306149321744 1000.62320704226 980.921266101394 966.885029271244 962.825502063261 958.316036715199 960.974479141336 972.749194063857 962.479660925118 933.410439548656 933.396869865397 918.407700007939 929.536258383067 960.74139077025 963.027295793443 925.690765108234 938.169729056099 969.835272313882 973.207550168688 960.313400848627 963.308043344259 957.109156399263 944.260375053649 947.079007656021 935.764611241502 926.541130890075 886.828477138793 850.046230574024 834.373761753465 846.111714503087 843.994233768268 808.879438710978 821.988973862324 825.012525230823 815.232210570017 889.843505958782 934.505846922577 951.107273641575
954.775481473205 971.462402144928 958.497684821853 962.882075012423 987.856083920597 999.652504360951 994.645158607273 969.842146384186 913.546060361664 864.952029025444 922.179648970316 983.099896576201 942.242082874156 964.76158541223 971.126949020597 966.755470804943 963.60294402995 973.619636901507 965.614680329471 959.201759869026 948.322736705287 956.825359215143 938.202518351946 959.136218951188 957.912722124807 917.898121075658 868.618252569712 932.266413339044 970.881923553471 963.797757667826 968.149808518706 965.940050841197 945.212810829065 929.082047360779 923.404444384018 905.167281752515 844.556026633605 861.10582290233 850.134365985869 834.309428227823 825.177738059226 805.453181821586 818.783833128116 829.246022309306 791.551250145328 790.748269099229 904.708560135998 953.309772605218
954.610959992034 939.090481556674 925.128006514626 877.54185704472 931.167210018256 973.837355956889 976.96400453706 968.363990862216 932.389343898134 894.022377370288 913.297815573347 966.21039632811 968.653323026836 970.743316994244 921.74348616394 917.76065991846 919.10326904177 961.120975945168 958.634878031043 959.576281218751 954.761527067988 940.788563173864 910.170420871268 951.803180484831 965.840694235451 959.467231581653 943.459740947132 957.751055837774 970.603081151249 966.525053138328 970.384314305334 972.63999785564 966.60187392319 957.707616629766 948.929638440393 946.752368575505 925.113018675978 870.05232893132 827.364662673961 823.021152270941 820.805705119736 802.752265514209 788.34866905002 838.916810123103 881.927575453042 842.552694288059 865.224178606731 930.10380656921
949.374175470296 910.385263060125 907.173460247367 895.148700347796 889.6114934348 956.169289866641 974.844456052336 990.248439936972 951.880981783802 865.308823775032 858.379209826585 943.636990919845 959.599975795143 976.593309912831 928.781777147071 890.187386468415 887.197788661922 914.901782105882 899.916231091573 940.540766844902 940.873579448337 937.410429351694 933.974442582254 945.957606161374 966.667514919324 964.855704760708 950.970359618104 968.286472817656 969.036377811439 971.411798001822 973.625889705255 974.377108435913 972.645831730391 969.984079685153 960.612834744451 943.624307137515 936.499242460666 877.535483803585 825.77016859577 809.033733937322 839.249926101927 900.442509074081 800.24934005585 811.286921622255 895.934262195931 916.61804900604 909.49834969448 917.429042869708
963.663344805857 932.675821035165 887.560533475733 881.032070689003 872.205416182208 921.897574969537 967.144583802516 967.516843403212 954.877000614929 947.695151166444 910.418772328095 914.444894426141 958.778325729731 977.133023990102 956.619208064304 927.698491964793 877.145298372372 886.268228541349 879.657257045907 867.479790255112 900.302880398833 921.948055825965 952.05930141534 966.420412931488 964.645508514128 968.809806891389 964.18404136114 963.503923491888 957.87070739059 971.88583365465 971.642035594871 975.2214535893 976.765699644509 972.991692343296 965.625740610136 954.073071070961 927.775191700036 895.53557460949 852.011278720839 813.650268353788 817.097461458097 875.413538827575 871.944737359155 801.942366065191 849.755139431696 866.247620877034 915.462577919182 942.538358407109
967.801707372698 963.019695123376 919.903205710006 894.753261623545 863.926962927756 856.258770360211 877.406684034292 905.20611490597 920.530394373522 926.138355810303 917.694149010842 929.944956617201 952.291641719671 968.428295725499 974.513070398403 915.913488231149 857.593448190877 839.157104482961 858.385643029125 844.641948476682 867.464228693599 912.256921103076 936.820106305517 964.537972259803 977.308449351473 980.312427252833 972.484213151948 956.175992646046 949.903653145731 966.185672748146 969.400106465333 978.000481509106 980.490037339893 976.264063660148 966.885466874678 949.761424761864 929.442678967901 897.48272053505 901.539832706611 904.325255839415 823.536329637785 809.480257308687 846.836417882055 835.777954434714 830.991074272258 886.103339637472 936.13007522785 954.383257719738
935.119171852601 969.938943340401 959.428078006182 934.209427510068 870.153983106189 863.228910444949 846.238840553147 864.218572596153 885.072889455 902.601803067731 898.088737895558 887.310368481584 912.757564157619 950.446408132648 965.889702066886 939.901192671477 851.613577405832 848.587861611191 836.44781994311 832.805666544252 848.51931763944 879.615098175821 884.379012388404 866.987299063174 884.943362211623 970.230247811453 966.229514793671 952.984611300052 955.505499090348 961.740722046544 966.003508130309 975.305237753396 982.747708949294 979.287916251454 971.595540198894 966.58777100777 956.150786277225 878.976103909059 853.359417881924 949.394412280759 958.644441151757 924.59423447042 911.768980223709 941.400998993683 921.5063247509 938.922910496842 947.292669412296 968.952308449274
894.647725643915 920.702832551201 946.615513542294 950.58027801337 927.169911167249 884.371247859111 875.184252120538 861.754383216809 866.201631487441 881.329182251113 881.827223524059 883.166642681228 893.123865127757 921.884207085907 952.807755495666 952.581077556138 871.840863769813 848.883936494293 850.141827719966 829.377933013212 831.628739346416 840.972057760479 864.457916755016 907.187342801598 929.649302885727 973.865418402595 966.195020699882 962.917063029165 953.231583009868 958.822069752614 963.912801198812 971.229722610933 976.34893325074 979.899507943944 974.734839946469 965.417875464226 975.258515355313 976.018099909864 953.241099753431 953.480500196712 973.029608625571 953.454679495351 935.001078151149 971.352582501247 970.675174371844 956.894518167586 975.148608705078 971.020095063338
898.743656887134 895.233964237205 913.04414691915 935.586641249783 956.913225007969 917.096109492851 890.506121615325 884.613694137397 880.397684335977 871.676229686238 867.075193442183 881.753225113469 917.477744797192 877.60222148111 930.491956665489 917.218612461805 896.472203296194 894.809006997696 854.979303949914 838.307517477956 827.14663624558 829.644148128701 850.300475947132 890.832920743633 932.931800698776 960.862150194808 959.807699767924 962.875350939363 957.908133976472 953.126197625144 959.45271038188 964.155606613681 965.461210392784 964.987784706932 970.869170010168 970.481581888624 975.351021908775 985.984299784841 982.385069009948 963.258646900613 981.331167770883 956.035040376453 854.36274491269 972.120940010639 987.236861714371 982.353878689607 988.047986589003 994.956659110704
882.013704718862 889.847334483676 898.475372860549 918.265313923186 927.076121049196 952.675535648124 902.879235525913 888.555957683129 883.018246517868 887.960723615587 878.757139878688 867.812312749884 900.185515959123 919.933682675217 927.047207170508 889.826412040237 860.95382337609 894.714443650845 878.051401220285 848.112285377384 833.808269205071 828.700151723945 825.244436120729 843.356993353154 833.092285503493 932.88855409687 951.454011327537 956.42128076371 956.394295939283 948.153395021522 948.682592057546 951.417465391564 954.163894469653 952.812477173497 958.267697429406 960.332587948684 964.12274192187 973.944053441297 989.142937904498 976.778660122744 975.872730712351 958.616455857499 946.762473055493 961.311468584458 985.249018663748 1000.09018058933 1005.32524833816 1017.35165107751
864.245555602157 884.652313937099 907.604449212469 910.216662757299 914.535721539827 958.156219211937 946.217212082282 931.269827090944 913.062691096052 907.18906356338 893.556456572795 882.172572829242 903.988023645505 894.659437370594 904.823251585372 894.027447899275 870.479421152151 854.399776375899 889.198186766151 872.318257318842 870.275231585576 837.624587285247 816.118658961441 814.090033215317 802.02117788347 878.936165302215 915.509499020911 934.56045971152 943.340467033788 937.624308437557 935.368848398268 939.260120236548 945.106471769944 951.926926189263 949.068386111519 958.083806416186 959.197532225535 967.21994358681 992.081078518655 987.294313266204 980.327567799338 958.638109272256 955.307500792764 913.955155234092 949.816925124924 983.784949333512 1011.31516641342 1029.93695029751
886.810635228457 881.978616994374 876.212056957631 904.058464593395 902.002269410593 939.239057777224 946.298317293931 940.857810430819 911.757292792842 880.858153244707 850.348655409698 850.206620283622 876.706744872392 893.8057129025 884.752263874976 889.160844328496 900.679434328975 902.020215375656 868.029762474129 846.752040886067 832.668599212204 830.399990993815 815.114325600912 806.186651879478 811.475612757466 815.166441445592 828.691116054923 918.532181995698 941.161257682947 934.031345267818 937.336314292143 937.456486883254 939.914028611905 943.426704016353 945.066301668059 950.439642879677 954.836608644611 965.009986772508 982.333846481818 980.307097336947 988.568787325346 973.34437644511 919.493173083525 885.036877460539 889.00587472416 883.268114453401 1004.84867682141 1032.75202784259
880.853828795922 874.88023862365 864.019114569539 848.812091496755 866.695357678215 908.523818262325 914.02960280414 925.158921426243 911.416838086783 859.235356878354 842.092637566399 841.184498544016 841.150146731451 842.959421943405 851.770868710599 867.011970628141 865.297360181961 913.518461044699 887.823270280327 830.898248869094 820.090463400609 829.277121603631 826.845666009034 816.266977162515 806.092507689213 802.269634427975 802.790059012639 887.745061905942 924.353347831292 921.697912071952 923.407263854235 926.949234955207 930.295724440403 939.355688000316 939.415733409116 955.732497368286 955.33251814217 963.845200894159 966.927675265997 967.057141048833 980.058016328015 969.335470762035 899.040432192607 887.538507858986 907.59050640721 878.235369543577 967.015811923228 1024.46922801008
885.714761046768 882.197436743635 876.909312901837 858.808341360098 850.614093426431 873.926022013332 895.005003361364 880.479484606839 919.83292962008 913.548669100356 872.203133422093 846.940352886635 837.866652513392 829.919433883367 821.562235572658 843.421491975717 828.374141899497 834.561903564788 846.67704970219 903.780560239093 869.844790039263 819.080705679062 814.229605932975 816.256239167741 808.883723877417 805.996394702755 797.142322522839 886.156349339807 914.047246613122 913.525862875623 909.430954760274 914.922782326285 921.069887983387 929.382985574464 939.731259071094 945.046089011438 946.803116230345 951.092318099464 946.133976437393 959.809275273538 975.203762438983 942.655204869354 838.006283859091 837.699357385051 900.176603938084 914.353823155622 982.454234263473 1016.88175620897
878.138471133148 869.785795562943 875.892386644611 870.493821264376 857.908273390952 845.076958037418 874.810036568385 876.683350044236 894.727526444973 938.768515164259 933.171374716178 897.603271140068 861.816773038822 843.419017014362 831.903995872659 838.071421470922 843.415782166855 852.120593908039 858.824187104405 880.890453220881 843.785821378891 844.435429868937 814.312953540114 821.686850611484 811.706611275416 807.81824639292 789.887908357641 846.513319965072 890.909149521558 900.831786945426 906.070588764585 902.159667619844 908.817003389427 920.586965297083 936.410962045627 938.868722169791 939.69599415226 930.172785159463 937.290664545803 949.119403443323 964.200177933203 891.300961023714 812.008520184635 820.653320490659 875.580376242025 902.298836576964 985.6659642239 1014.79211532395
846.900757642294 869.219088877713 871.81758424717 865.6720959362 859.849505197667 849.886142275071 841.567455773546 860.730570281776 858.557400651723 904.413476280435 901.429498970054 923.075854635978 868.47379452667 860.914034149895 853.733698226838 845.65085847072 831.536911138767 819.811701718143 823.1779674979 832.117599331046 822.299078675594 817.43409725821 828.565686687241 828.510271540559 823.037647146031 810.877392177981 785.103184628227 782.374369848933 825.169433442326 872.329481150313 897.505476710595 896.235580312041 895.119658758844 901.015562263338 915.902032744706 908.448487170685 919.451382999775 923.05683236768 927.664254952133 940.410595095715 946.691425221674 902.516130747691 798.597910198207 829.739071981777 862.243290873264 848.562695477203 936.378250222178 1004.39766369875
841.534563429942 859.742199769657 857.879605335919 860.162393854497 859.512176036146 847.121566372467 843.905088577642 856.373257476265 864.127869675774 905.242891809111 900.111274299375 891.120744885875 878.012460293189 889.069613136146 862.818545142801 852.218242772478 823.635660014999 822.345833391137 820.818426895237 819.630576095715 818.501340648262 816.391123872056 811.333768258177 809.088342502984 793.6252488438 790.121778507492 792.20641140551 765.480553065282 775.910700956469 833.21116129828 872.847084361376 897.966920675624 891.623400697345 887.444483319256 897.885730613824 914.615173739176 910.745891595499 910.50853581928 914.006546022893 925.766564394048 935.62641267872 922.54515996003 873.774022284319 821.975777892587 872.590464102089 820.704520049463 864.994966034209 974.118465989487
864.780077310788 856.327452561259 845.449219611959 824.096878620209 850.657212623682 866.307163997785 852.804163693176 855.864754655213 864.169526702799 888.193862276748 862.84166813639 877.037497614472 891.468679990413 882.173017077542 883.188931965414 866.827256754802 840.606810823757 831.847482623373 829.167135617467 820.613277058813 811.158855160016 813.060780830505 812.194701212245 808.183139556093 803.950564510784 788.532115464219 771.986799296094 769.508774230085 767.763310725044 813.998377686919 855.784701418435 869.600566132381 883.457801701357 900.458756051424 903.59535202259 913.261398695117 914.257084843145 911.907144991323 916.796606668903 931.449977969723 931.453659078957 865.22152685635 837.193332040293 795.82968849562 809.461290703657 827.102112476602 812.128391062061 892.08863469023
846.812636016783 845.650554936572 820.961274680272 836.572819799517 879.886405312319 892.960288458104 890.290018347538 847.305868060017 850.810509815587 842.972460380778 847.288356816509 859.643131676187 863.905972067399 856.985519821662 846.878255483732 838.373282839305 861.964793785809 835.170068614111 823.163529474514 812.390130299707 808.241499137869 808.634849826832 793.839940865769 793.800352251235 794.900322565243 791.305445819117 784.408794863893 788.558632897301 774.949311772272 790.665507997166 835.387849516407 840.909145303247 853.809704108332 869.196144752806 888.458810065837 897.968779536778 904.973763194589 905.71864473521 912.244165652844 925.401454955609 924.708034991975 861.708975345014 771.996836005927 775.376309677552 781.294296768277 781.71564380824 787.161902120086 811.881322072245
