Scripts_&_data/WorldClim_2.0_rasters/WC2.0_bio_13_16.asc
NCOLS 642 
NROWS 378 
XLLCORNER -19 
YLLCORNER 19 
CELLSIZE 0.166666666666667 
NODATA_value -1.7e+308 
[rows 180 to 209 of 378, columns 204 to 271 of 642]
92 87.3125 82.8125 80.5 77.8125 77.0625 76.875 76.875 78.1875 78.0625 77.375 77.25 76.875 76.625 75.0625 74.4375 72.9375 71.375 70.6875 71.625 73.75 74.5625 74.6875 75.1875 75.8125 75.875 75.75 75.25 75.375 75.75 74.75 74.4375 75.375 75.75 75.4375 73.9375 72.9375 71.0625 70.8125 70.4375 69.75 69.6875 70 70.5 71.4375 73.5625 76.375 78.8125 81.0625 79.375 76.75 76.1875 78 79.9375 80.0625 80.25 80.625 80.375 79.5 79 79.125 79.375 79.4375 80.125 80.6875 80.5625 80.125 80.5625
91.0625 86.5 83 80.125 78.375 77.875 77.875 78.375 78.8125 78.8125 78.8125 78.875 79.1875 77.8125 77.0625 75 73.375 70.9375 69.8125 71.5625 73.9375 75.0625 75.1875 76.25 76.4375 76.8125 77.6875 78.125 77.5 76.875 76.3125 75.75 76.1875 76 74.8125 74.25 72.875 72 70.4375 70.625 70.5625 69.625 69.375 69.0625 69.75 71.5625 74.25 76.6875 78.5625 78.625 77.6875 77.25 78.25 79.4375 80 80.0625 80.25 80.125 79.625 79.4375 79.6875 79.875 80.1875 80.3125 80.75 81.5 82.1875 82.625
88.25 83.9375 81.3125 79.8125 79.3125 79.3125 79.625 79.3125 80.4375 81.125 81 81.0625 80.25 79.3125 77.875 75.8125 73.9375 73.125 71.8125 73.375 76.1875 77.0625 77.4375 77.375 77.1875 77 77.4375 77.625 77.0625 76.75 76.125 76.375 76.5 76.25 76.125 75.375 74.25 73.5 72.25 70.75 69.3125 68.625 67.6875 67.0625 67.75 69.1875 71.5625 74.0625 76 77.125 77.5 77.8125 78.125 78.9375 79.9375 80.125 80.4375 80.1875 80.0625 80.4375 80.9375 80.4375 80.125 81.125 81.6875 82.125 83.5 84.875
81.6875 79.9375 79.75 79.5625 79.4375 79.375 80.8125 81.6875 82 83.4375 83.6875 82.875 81.75 81.75 79.25 77.9375 76.375 77 75.875 76.5625 78.9375 80.0625 79.875 78.3125 77.4375 77.875 78.125 78 76.9375 76.5625 77.5625 77.8125 78.3125 78.625 77.3125 76.875 76.625 75.375 74.5625 73.5625 71.5625 69.1875 68.1875 66.9375 66.6875 68.5625 70.875 72.8125 74.6875 75.6875 77.1875 77.9375 78.5625 79.3125 80.5625 81.0625 80.875 81.1875 80.625 81.125 81.125 81.125 81.125 81.625 82.0625 83.125 84.625 85.125
75.3125 77.25 78.125 79 79.9375 79.9375 80.125 81.625 82.9375 84.8125 86.375 86.8125 85.25 83.125 80.9375 79.5625 78 77.8125 78.375 79.5 82.0625 83.5 81.75 79.5 78.875 78.5625 79.125 78.1875 78.4375 78.375 79.125 79.875 81.1875 82.8125 80.9375 79 78.125 76.9375 75.4375 74.0625 71.8125 69.625 69.1875 67.5 66.625 68.4375 70.5 72.75 74.625 76.6875 77.8125 78.3125 78.8125 80.1875 81.625 81.75 82.3125 82.0625 81.5625 80.9375 81 81.0625 82.1875 82.4375 81.875 82.8125 84.0625 84.4375
77.5 78.25 78.6875 79.1875 80.5625 81.8125 82.625 84 85.625 87.4375 89 88.5625 85.9375 82.8125 80.6875 79.25 78.3125 78.25 78.875 81.375 84.125 85.1875 83.6875 81.1875 79.0625 78.375 79.1875 80.625 80.4375 80.5625 81.625 82.6875 84.25 85.1875 85.5 83.4375 81.1875 80.375 78.5625 76.3125 73.4375 72.875 71.4375 69.75 69.125 70.625 72.6875 74.5625 75.625 77.6875 79.5625 79.8125 80.125 80.9375 81.875 83.0625 83.25 83 82.5 82.1875 81.375 81.625 81.3125 81.5625 81.9375 82.375 83.875 85.125
84.5 84.125 84.1875 82 83.1875 85.5625 86.375 86.9375 87.6875 88.9375 90.4375 88.375 86.0625 84.375 81.375 79.375 78.5 78.8125 79.6875 82.4375 85.4375 85.625 84.75 82.5 79.5 79.1875 79.5625 80.875 81.1875 82.375 83.375 85 85.9375 86.5625 87.5 88.0625 85.5 83.375 81.5 79.3125 77.0625 76.0625 74.875 73.375 73.75 74.1875 75.3125 76.875 77.5625 78.875 80.1875 82.3125 81.75 82.75 83.8125 84.9375 85.0625 84.625 84 83.5625 82.375 82.0625 81.25 81.625 82.5 83.5 84.875 85.8125
86.4375 85.1875 86.6875 92.125 93 89.25 89.4375 91.8125 92.0625 91.8125 91.6875 89.5 87.3125 85.1875 83.0625 80.625 80 81.8125 81.1875 82.5625 85.5 87 86.0625 85 81.875 83.125 84.125 83.5 83.75 85.3125 86.1875 87.3125 87.25 87.5 87.625 89.1875 89.5 88.5 85.4375 82.6875 80.125 77.375 77.5625 76.5 76.875 77.5625 78.25 78.0625 78.625 79.6875 81.4375 82.1875 82.6875 83.625 85.4375 86.5625 86.75 86.125 85.75 85.3125 84.3125 82.875 82.0625 82.4375 83.75 85.875 87 87.875
83.9375 81.4375 81.5 82.8125 85.0625 86.1875 88.9375 90.3125 92.875 94.75 92.3125 90.6875 88.9375 87 84.625 82.8125 81.9375 82.625 82.625 84.5 86.875 88.3125 88.6875 89.1875 87.75 88.125 90.875 90.4375 88.5625 89.3125 91.5 91.1875 88.9375 89 89.5625 89 88.5 87.5625 86.1875 82.8125 81.4375 80.625 79.375 78.6875 78.1875 78.625 79.8125 81.6875 82.75 83.75 84.125 83.4375 83.625 85.5 86.25 86.625 87.4375 87.0625 87.3125 86.75 86.0625 85.75 84.5 85.625 87.125 88.0625 89.75 90.1875
80.1875 78.5625 78.5625 79.875 81 82.5 84.1875 90.25 94.5625 92.4375 93.4375 93.25 88.0625 86.6875 86.0625 84.6875 84.125 83.875 85.3125 88.6875 89.8125 90.8125 92.8125 92.875 92.3125 91.6875 94.875 99.125 98.4375 96.125 96.9375 96.6875 95.3125 91.5625 91.75 90.625 88.1875 87.3125 86.1875 85.4375 85.4375 84.6875 83.25 81.125 81.1875 81.0625 81.75 82.25 84.25 86.875 87.3125 85.75 85.125 86.125 87.1875 87.75 88.4375 88.625 88.3125 87.6875 87.8125 87.8125 89 89.5625 89.5625 91.9375 92.875 93
76.6875 75.875 75.6875 76.375 77.4375 78.625 81.1875 87.1875 97.1875 96.0625 98.6875 103.8125 101.5 99.125 98.0625 91.25 88.1875 89 90.1875 90.9375 93 94.5 95.4375 97 96.125 94.625 96.9375 103.625 106 101.4375 99 99.25 97.75 95.9375 92.3125 91.0625 90.25 89.6875 89.375 89.9375 89.9375 89.3125 87.5 86.125 84.4375 83.3125 84.0625 85.0625 85.5625 87.9375 90.5625 89.1875 87.0625 87.875 88.25 88.9375 89.8125 90.5625 89.875 90.3125 90.6875 91.4375 92.9375 94.0625 94.6875 96.3125 96.3125 95.4375
74.6875 74.5 74.375 74.8125 75.375 76.5625 79.125 83.125 89 93.3125 98.5625 99.875 104.3125 114.6875 104.4375 99.3125 92.5 92.5 93.5 94.375 97.1875 98.5625 100 100.4375 98.4375 95.6875 95.6875 98.0625 96.5 98.0625 100 100.375 99.75 98 96.75 97.4375 97.5625 94.25 93.125 93.1875 92.875 91.9375 91.125 89 86.875 85.75 85.5625 86.5 88.625 90.25 92.3125 94.8125 91.5625 90.375 90.1875 90.5 90.5625 90.875 91.25 91.875 92.9375 95.125 96.4375 97.9375 99.6875 98.375 97.1875 97.25
76.5625 75 74 76.0625 76.625 76.6875 79.1875 80.875 86.625 88.125 92 89.5 94.0625 100.875 102.5 102.1875 97.25 95.75 96.6875 96.375 96.8125 99.5 101.875 103.375 104.0625 100.8125 98.8125 99.25 100.1875 106.8125 111.6875 109.5625 112 108.0625 103.1875 103.75 103.6875 100.25 98.75 99.25 97.375 97.5625 97 95.875 93.3125 91.25 88.75 88.5 90.875 93.5 94.5 96.1875 95.9375 94.875 93.125 92.8125 92.625 92.125 92.5 95 96.5 97.1875 97.875 98.1875 99 97.875 97.25 97.8125
77.125 78.1875 77.625 78 82.1875 85.3125 87.625 86.5 87.1875 88.625 88.5625 86.9375 85.25 89.375 101.25 104.25 103.1875 103.0625 99.5625 99 100.4375 102.875 109.375 121.125 121.75 116.875 122.875 113.5 124.375 132 148.1875 148.875 139.9375 121.5 111.8125 109.5 106.9375 102.5625 98.75 98.3125 99.9375 100.75 101.9375 99.5625 97.875 98.1875 94.875 94.3125 95.9375 97.625 98.6875 98 97.3125 97.8125 98.625 95.9375 96.5 96.5625 97.25 96.625 96.9375 96.75 96.6875 97.0625 97.5 97.5 97.875 98.4375
80.625 79.5 79.875 79.6875 82.1875 86 88.9375 88.25 88.5625 87 89.8125 91.0625 85.8125 86.25 93.875 100.25 100.0625 99.9375 106.4375 112 118.375 130 121.125 129 127.875 135.8125 140 145.6875 136.25 145.0625 171.0625 179.8125 155 126.1875 121.6875 123.3125 116.625 114.5625 110 105.8125 105.3125 104.25 103.25 103.875 107.5625 110.5625 105.4375 102.6875 103.375 103.4375 102.875 101.75 100.8125 100.5625 102.875 100.875 101.125 98.8125 98.375 96.5625 95.8125 96.0625 95.5625 94.625 95.0625 97.125 97.25 97.5625
84.5625 83.4375 83.9375 83.0625 83 83.9375 84.375 84.0625 84.1875 83.5625 91.0625 91.75 86.3125 85.4375 87.75 92.4375 102.25 104.5 112.625 124 129.875 126.375 120.125 124.8125 134.0625 139.9375 132.4375 119.5 129.9375 148.5625 154.3125 152 148.0625 148.5 134.4375 132.875 124 117.5625 111.375 109.625 112.75 116.5625 114.5625 111.1875 110.25 116.9375 121.6875 120.625 116.75 113.125 109.4375 106.9375 105.625 104.0625 103.1875 101.6875 100.5 99.6875 99.125 97.125 97.3125 96.6875 95.4375 94.75 94.75 96.125 96.9375 96.9375
85.625 87.125 85.6875 86.25 83.875 82.625 81.6875 83.375 80.125 79.75 84.0625 84.875 86.3125 88.5 89.375 90.6875 98.125 105.1875 112 118.375 117.25 108.75 107 117.4375 130.625 124.125 121.5625 139.0625 168.125 174.3125 175.375 161.375 131.6875 133.875 128.9375 122.4375 121.875 108.4375 101.0625 99.8125 104.9375 110.75 119.1875 126.3125 125 126.0625 129.25 131 135.8125 133.75 129.3125 120 113.9375 112 108.0625 105.4375 103.375 99.5625 98 98.8125 98.625 98.5625 97.625 96.875 96.0625 96.125 96.0625 96.0625
88.5 89.4375 83.875 84.1875 83.3125 82.0625 80.5 78.3125 77.375 76 77.5625 82.125 86.625 90.9375 88.375 90.125 94.625 100.25 105.5 98.75 99.6875 107.6875 121.5 108 112.4375 117.0625 112.125 111.6875 124.375 133.0625 138.125 109.875 105.3125 120.875 120.5625 116.6875 106.5 101.875 98.8125 96.375 99.125 103.625 108.4375 116.3125 128.5 136.75 144 143.875 145.9375 153.5 145.625 134.5625 127.8125 121 118.875 113.125 107.75 104.25 99.75 99 99.75 100.25 99.0625 98.5 96.625 95.625 95.125 94.5625
92.125 88.5 85.5625 84 82.6875 80.375 77.1875 74.75 73.9375 74.9375 79.125 83.625 87.6875 88.8125 88.6875 93.1875 96.25 93.875 89.1875 97.1875 108.375 109.8125 105.6875 106 127.6875 124.375 132.5 137.0625 130.3125 126 130.875 115.25 104.4375 100.625 103.75 107.25 103.375 93.875 107.3125 95.625 91.5625 97.125 108.5 111.625 107.4375 122.1875 139.9375 154.875 155.625 160.4375 154.9375 158.4375 150.625 137 128 121.125 117.875 110.625 104 102.0625 99.875 100.125 100.25 99.25 96.8125 95.0625 93.8125 93.0625
94.75 91.4375 90.25 85.9375 84 79.625 75.25 72.875 73.5625 77.5625 82.0625 89.375 95.4375 96.6875 92.625 90.3125 83.3125 83.9375 90 82.0625 90.875 88.0625 100 111.5625 102.875 94.4375 104.625 101.6875 102.875 109.0625 99.0625 101.625 92.0625 104.8125 105.6875 103.875 101.1875 89.8125 89.9375 96.6875 85.5625 86.75 87.6875 97 110.4375 112.6875 131.6875 146.9375 153.6875 165.4375 163 162.5625 163.25 161.6875 149.1875 136.75 125.0625 116.0625 109.625 105.25 103.0625 100.5 100.8125 98.625 97.1875 95.25 93.1875 92.4375
105.125 99.4375 93.375 87.5 83.0625 78.0625 75.75 74.375 75.9375 78.75 86.125 95.125 106 105.75 92.8125 83.875 74.625 78.625 76.1875 76.375 81.4375 97.375 87.6875 88.625 85.25 85 94.25 99.9375 94.375 86.625 82.4375 79.0625 82.1875 86.125 90.125 86.125 84.0625 82.875 91.4375 85.375 81.625 81.375 82.0625 84 93.9375 106.5 122.875 128.8125 142.875 162.9375 158.0625 161.625 167.6875 169.5625 166.3125 156.4375 143.0625 129.1875 119.3125 110.25 104.8125 102.25 100 98.3125 97.1875 95 92.9375 92
125 116.6875 99.875 87.1875 80.4375 76 73.375 72.5625 73.6875 76.4375 83.0625 92.8125 110.625 99.9375 89.75 77.5625 72.125 71.5 71.1875 75.75 76.0625 83.625 83.8125 88.6875 84.1875 91.6875 87.125 81.25 78 76.25 74.6875 73.75 76.625 78.8125 79.6875 81.5 82.1875 84.5 91.3125 81 79 77 77.6875 79.0625 82.8125 88.8125 97.6875 118.0625 138.4375 133.8125 151.625 150.375 163.0625 164.4375 163.9375 161.5625 159.9375 143.6875 133.25 117.25 108.5 103.0625 99.6875 98.3125 96.4375 95.8125 95.6875 93.6875
110.75 99.25 93.125 87.1875 79.75 76.6875 75.6875 74.25 70.5625 71.875 75.4375 79.75 81.4375 85.1875 79.6875 72.1875 68.875 67.625 67.0625 66.25 66.9375 67.25 70 72 75.75 78.6875 75.25 75.5 75.375 74.4375 72.3125 71.75 74.1875 76.9375 77.5 79.4375 79.8125 83.9375 81.75 74.5 72.4375 72.3125 73.375 75.9375 80.3125 86.5 94.3125 102.25 111.375 127.3125 125.0625 136.375 145.8125 150.875 163.375 161.5625 151.0625 151.5625 148.375 132.8125 119.75 110.0625 105.9375 102.1875 99.5625 95.875 93.1875 91.9375
101.0625 101.625 101.25 99.625 98.75 93.875 85.25 75.5 69.875 69.6875 69.875 68.6875 67.5 69.8125 69.375 66.75 65.0625 63.375 62.3125 61.9375 63.9375 62.1875 63.4375 65.0625 67.5625 68 69.4375 71 72.125 72.5 71.4375 72.75 79.5625 83.6875 79.25 77.0625 77.75 77.5625 77.3125 72.1875 69.125 67.9375 69.8125 74.625 79.4375 85 91.4375 98.8125 107.125 120 116.5625 116.9375 120.875 129.4375 143.375 146 153.0625 160.8125 145.9375 132.125 127.25 126.125 115.9375 106.0625 102 99.1875 96.75 92.75
138.375 148.1875 145.3125 131.6875 127.1875 110.875 92.3125 76.625 74 74 70.25 67.8125 64.9375 63.75 63.3125 63.875 62.625 60.6875 59.3125 59.625 61.625 61.5625 62.625 71.1875 66.4375 66.75 67.6875 68.5 70.0625 73.5 70.0625 69.5 72.875 74.5 74 74.375 74.375 74.625 73.3125 69.5625 66.875 65.4375 69.3125 75.125 80 84.1875 89.5 95.9375 101.25 107.4375 115.1875 132.375 128.375 115.875 125.8125 142.6875 154.875 154.3125 151.125 140.25 134.25 130.1875 124.5625 114.0625 105.125 100.625 97.8125 95.125
165.625 168.8125 165.875 158.8125 145.5 123.0625 94.8125 86.375 81.6875 78.1875 72.0625 68.6875 65.1875 63 62.75 61.8125 61.3125 59.1875 58.125 57.8125 61 60.75 61.8125 65.875 62.75 63.875 64.5625 63.25 64.5 64.3125 64.1875 65 66.5 67.625 69.25 70.8125 72.3125 72.8125 72 71.1875 69.0625 68.8125 71.875 75.625 79.5 83.375 87.8125 92.375 95.9375 99.625 112 125.3125 137.4375 126.375 122 119.5625 127.4375 139.625 144 144 137.5625 131.5 126.25 120.375 112.375 102.125 98.1875 96.4375
170.5 166.5625 160.1875 148.1875 149.25 139.625 112.8125 102.625 90.875 84.1875 76.875 71.8125 68.3125 66.25 64.9375 63.9375 62.5625 60.0625 59.125 59.3125 61.9375 61.125 61.625 63.8125 61.1875 63.25 63.125 61.25 60 59.8125 60.75 61.625 63.25 64.9375 66.9375 69.5625 71.4375 72.9375 73.375 74.875 73.75 73.0625 74.5625 77.3125 79.9375 83.6875 87.75 92.9375 98.9375 98.4375 96.375 98.375 109.5625 122.9375 130.375 134.4375 128.125 141.5625 141.75 141.875 133.1875 127.125 121.75 115.5 111.6875 104.5 98.0625 95.5625
146 141.4375 144.5 152.875 138.25 128.1875 110.1875 104.0625 97.25 86.875 80.4375 75.5 72.625 69.8125 67.5625 66.8125 65.1875 64 61.6875 60.75 61 59.4375 59.625 60.3125 60.5 60.625 61.5 60.0625 59.125 58.3125 58.5625 59.1875 60.25 62.625 66.25 68.8125 71.5 72.3125 74.25 75.5625 75.5625 76.1875 77.125 79.875 83.6875 87.5 89.6875 92.125 94.25 95.125 99.8125 100.8125 104.625 107.4375 112.0625 119.5625 117.6875 128.0625 122.8125 123.4375 125.1875 121.5 119.1875 117.25 111.1875 107.5625 100.5 95.0625
159.1875 140.9375 139.125 135.75 124.0625 112.1875 103.125 98.3125 94.25 87.4375 82.3125 78.375 75.625 72.3125 70.875 70.9375 72.3125 69.8125 65.5625 59.8125 58.375 58.25 58.125 57.9375 57.9375 58.6875 59.75 59.625 59 58 57.5625 57.625 59.3125 61.75 64 67.375 69.75 72.1875 73.9375 76.4375 77.4375 78.375 80.3125 82.5 86.875 88.5625 91.125 92.0625 94.625 94 95.875 97.0625 97.625 100.5 101.3125 101.875 104.8125 107.25 114.625 118.5625 120.9375 120 116.875 116.5 110.5 108.625 103.9375 97.5625
138.5625 129.1875 126 123.3125 116.5625 110.1875 103.1875 98.1875 92.5 87.3125 82.9375 80.3125 76.875 74.8125 72.75 72.625 72.6875 69.1875 64.0625 61.625 58 57.9375 57.5 58.0625 58.25 58.25 60 60.625 60.4375 59.0625 57.6875 57.3125 59.5625 61.8125 64.375 66.75 69 71.1875 73.375 76.6875 78.6875 82.0625 83.6875 86.125 94.75 98.4375 97.875 98.3125 97.5 93.4375 95.6875 96.6875 96.375 94.375 98.4375 97.0625 98.5 101.875 116.5625 123.5 122.9375 122.75 115.75 112.6875 109.75 102.5 101.625 100
