Scripts_&_data/WorldClim_2.0_rasters/WC2.0_bio_13_16.asc
NCOLS 642 
NROWS 378 
XLLCORNER -19 
YLLCORNER 19 
CELLSIZE 0.166666666666667 
NODATA_value -1.7e+308 
[rows 270 to 299 of 378, columns 408 to 475 of 642]
59.8125 58.125 78.625 104.0625 78.8125 64.9375 66.1875 99.875 99.3125 178.4375 247.1875 248.625 247.5625 244.3125 240.9375 231.5625 206.9375 190.1875 175.5 162.375 150.8125 138.75 123.375 112.3125 98.875 81.625 68.6875 59.4375 53.5 49.8125 49.8125 53.0625 57.25 60.375 61.125 60.4375 51.5625 46.6875 47.5625 45.875 46.4375 49.3125 49.125 50.75 51.6875 50.3125 49.9375 49.75 50.1875 50.3125 51.625 53.6875 58 61.5 64.875 67.0625 69.1875 67.9375 66.375 66.625 68.3125 70 69.8125 67.5 60.125 53.75 46.75 41.5
74.3125 78.1875 85.8125 64.75 61.1875 58.5 59.4375 60.1875 58.0625 66.375 158.625 219.1875 234.0625 234.375 231.5625 220.4375 205.4375 190.875 178.5 166.875 156.3125 145.875 131.125 113.6875 97.75 84.1875 72.875 63.5625 56.875 53.375 51.0625 51.4375 50.9375 48.75 44.5625 41.3125 41.625 40.3125 42.4375 46 47.8125 49.1875 49.375 49.75 49.1875 48.75 48.6875 48.6875 49.1875 49.6875 50.25 50.9375 53.3125 56.4375 62 64.3125 66.1875 68.625 67.5625 64.25 62.3125 62.375 63.375 64.625 65.1875 57.375 50.375 47.3125
54.4375 57.75 75.375 74.625 66.75 62.75 63.125 60.9375 56.5625 56.125 62.5 75.3125 97.75 110.5 155 159.25 165.9375 182.5625 174.5 166.75 158.375 148.8125 134.6875 116.875 98.5625 81 63.4375 48.125 42 40.5 38.8125 37.8125 38.75 39.1875 40.0625 37.4375 37.125 38.4375 42.4375 46.1875 48.1875 47.375 46.5 47.1875 47 46.9375 47.4375 49.5 49.625 49.1875 49.25 49.875 51.0625 53.6875 56.8125 61.1875 64.9375 67.8125 71.125 69.8125 63.5 60.1875 58.5625 58.6875 59.5 60.75 54.4375 49
52.875 54 56.5 57.8125 55.8125 55.875 56.125 58.5 58.625 56.75 54 55 52.8125 67.375 61.625 50.625 50.625 76.125 116.125 138.1875 138.6875 135.9375 123.1875 105.625 83 66.25 48.125 41.0625 39.125 37.875 36.375 35.875 37.875 36.9375 35.0625 35.6875 36.8125 37.3125 40.0625 42.6875 43.625 43.625 43.6875 45 45.8125 46.25 46.0625 46.9375 48.5 51.0625 51.75 51.375 52.5625 52.5 54.5625 57 60.5 62.875 67.9375 69.6875 67.0625 63 58.75 56.9375 56.6875 56.8125 58.5625 55.0625
53.4375 53.1875 52.9375 54.625 57.125 58.3125 57.9375 55.6875 54 53.9375 53.8125 52.4375 51.875 51.0625 49 47.0625 45.625 44.125 44.1875 51.4375 78 87.6875 92.75 77.5 57.625 50.4375 42.5625 39.4375 37.6875 36.625 35.125 35.3125 36.5625 37.5625 37.625 35.9375 34.6875 35.0625 36.1875 37.5 39.625 42.5 43.3125 44.25 45.375 45 45.0625 44.375 44.3125 44.6875 45.375 45.6875 47.375 49.0625 52.3125 57.75 57.1875 58.4375 60.1875 64.5 68.6875 66.8125 61.8125 58 55.8125 55 55.6875 55.9375
52.5625 52.5 52.75 53.75 56.4375 57.4375 57.125 56.3125 54.3125 52.125 50.8125 50.6875 50.875 49 49.1875 48.75 45.9375 46.25 43.625 41.4375 41.75 41.0625 42 42.3125 43.125 39.8125 37.8125 37.375 35.6875 34.625 35.4375 37.375 37.9375 37.5625 37.375 37.0625 36.625 36.125 35.8125 36.625 39.4375 41.5625 42.5625 43.375 43.5625 43.4375 43.375 43.125 43.125 43.125 43.25 43.625 45 47.3125 49.25 51.8125 54.4375 55.9375 57.75 59.1875 60.75 64.375 63.25 59.125 56.625 55.75 55.375 55.8125
51.9375 51.125 51.9375 53.9375 55.25 55.3125 55.0625 54.125 53.3125 52.625 50.75 48.25 47.375 47.625 47.4375 45.25 45.3125 44.1875 45.0625 40.375 42.4375 41.75 40 38.4375 37.3125 36.9375 36.625 34.6875 33.875 33.5 34.375 35.8125 36.25 36.5 37.125 36.75 37.0625 36.9375 36.125 37.1875 38 38.5625 40.4375 41.75 41.5 41.75 41.625 41.6875 42 42.25 43.3125 47.625 49.625 49.25 49.875 51.4375 54.4375 56.3125 57 58.1875 58.8125 59.4375 60 58.5625 57.125 56.875 56.9375 57.375
50.375 50.625 50.875 50.75 51.3125 52.0625 51.625 50.6875 50 49 48.3125 47.6875 45 43.6875 43.3125 40.1875 38.5625 39.25 40.3125 42.25 39.3125 36.25 35.25 35.25 35.6875 35.25 33.75 32.5625 31.875 31.625 31.9375 33.5 34.0625 34.3125 34.25 35.125 34.625 34.375 34.625 36.1875 36.8125 38.4375 39.9375 39.875 39.4375 40.25 40.5 40.8125 41.5625 43.5 44.9375 46.5 49.8125 50.5 50.9375 53.0625 55.5 57.5625 58.3125 59.1875 60.125 61.125 62.0625 61.625 58.3125 57.4375 58.75 59.0625
51.875 50.5 50 49.125 48.625 48.375 47.75 47.25 46.5625 46.3125 45.375 44.3125 43.375 40.875 38.5 36.6875 34.5625 34.6875 35.5625 35.0625 34.25 33.375 35.75 34.5625 32.625 32.3125 33.0625 31.875 31 30.8125 31.125 31.9375 32.0625 31.9375 32.25 33.1875 33.25 33.125 34.6875 36.5625 37.625 39.125 39.1875 39.1875 38.9375 38.8125 39.8125 40.125 41 42.375 43.625 44.6875 46.5625 48.9375 51 53.8125 56.6875 59.125 60.1875 60.6875 60.75 60.75 60.5625 60.9375 59.5625 57.8125 58 58.5625
49.9375 50.25 50 49.6875 48.25 47.4375 47.5 47.125 46.5625 43.9375 42.625 41.1875 39.4375 37.8125 37.1875 38.3125 36.375 34.5625 32.25 31.5625 31.1875 32.5 33.375 31.8125 32.375 34.375 33.875 31.375 30.5625 29.875 29.3125 29.625 29.6875 29.375 30.3125 33 34.8125 34.125 35.125 36.4375 37.3125 37.3125 37.625 37.75 38.3125 38.125 38.4375 39.1875 39.6875 40.8125 41.8125 42.6875 44.8125 47.375 49.1875 51.3125 54.3125 56.75 58.4375 59.625 59.875 59.25 59.25 58.75 59.25 60.375 59.625 58.625
49.125 48.5625 48.25 48.625 48.75 46.6875 46.25 45 44.375 42.3125 40.125 38.25 37.3125 37 38.875 39.5625 39.375 38.1875 35.9375 37.4375 37.375 39.4375 39.8125 38.3125 37.375 35.625 34.9375 32.375 30.75 30 29.8125 29.875 29.5 30.4375 31.5625 32.375 33.4375 33.4375 34.125 34.75 35.5 35.8125 36.3125 36.875 37.125 37.0625 37.125 38 38.8125 39.8125 40.6875 41.5 42.6875 44.25 45.9375 47.75 50.125 52.0625 53.875 55.25 56.25 56.8125 56.5625 56.5 56.875 57.875 58.625 59.5625
48.9375 48.25 48.1875 47.5625 47.625 46.5625 45.4375 44.25 43.4375 40.875 39.375 39.3125 38.6875 38.4375 39.25 38.75 38.8125 39.8125 40.4375 41.4375 40.375 39.25 37.8125 35.75 36.6875 35.0625 32.25 30.375 29.6875 29.125 28.9375 29.8125 29.9375 30.375 30.5625 30.9375 31.5625 32 32.4375 32.6875 33.6875 34.5 35.375 35.4375 36.0625 36.0625 36.375 37.125 37.8125 38.8125 39.6875 40.4375 42.0625 43.6875 44.875 46.4375 48.25 49.75 51.25 52.6875 54.125 54.625 55.625 55.875 56.1875 57.5 57.1875 57.9375
49.1875 48.6875 47.8125 47.75 47.0625 46.1875 44.75 44.125 43.0625 40.8125 38.9375 39.5625 39.875 39.9375 39.0625 38.625 36.3125 33.4375 37.625 38.3125 38.4375 37.75 36.5625 33.1875 32.125 29.875 27.625 27.875 27.6875 28.1875 28.0625 28.4375 28.5 28.625 28.625 29 29.6875 30.375 30.5625 31.0625 31.625 32.6875 33.4375 33.5 34.375 34.6875 35.625 36.0625 37.1875 38.5 39.75 40.4375 41.75 43.0625 44.125 45.1875 46.6875 48.375 49.9375 51.0625 52.4375 53.75 54.1875 54.875 55.1875 56.0625 57 57.8125
49.125 48.5 47.625 47.125 46.375 46.0625 44 42.0625 41.1875 39.75 39.0625 39.0625 39.0625 38.625 37.875 38.0625 37.4375 36.75 33.4375 30.0625 33.875 34.8125 33.4375 33.625 32.4375 32.25 31.375 30.375 28.375 27.75 27.25 26.625 26.75 26.8125 26.875 27.4375 27.875 28.5 28.875 29.25 30.1875 30.8125 31.6875 32.25 33.125 33.625 34.375 35.3125 36.25 37.8125 38.75 39.8125 41.0625 42.4375 43.5 45.0625 46.5625 47.5625 48.8125 50.125 51.375 52.5 52.875 53.6875 54.1875 54.875 55.3125 56.375
48.6875 48.25 47.5625 47.4375 46.625 45.0625 44.1875 41.4375 39.6875 38 37.0625 38.0625 38.3125 37.9375 37.25 36.5 36.5 36.5625 34.1875 30 30.9375 30.75 27.5 30.1875 31.75 31.125 30 30.125 28 26 25.3125 25.25 25.25 25.375 25.4375 25.6875 26.1875 26.5625 27.0625 27.75 28.4375 29.125 30 30.5625 31.3125 32.375 33.625 36.375 35.3125 36.8125 37.5 38.875 40.5625 42.1875 43.875 45.25 46.25 47.5625 48.4375 49.375 50.4375 51.25 51.8125 52.75 52.8125 53.75 54 54.125
47.6875 48.3125 48.125 48.3125 47.4375 45.4375 42.625 40.375 38.8125 37.375 34.875 33.375 33.75 36.5625 36.875 35.75 35.375 35.3125 34.25 31.875 30.25 30.5 29.6875 30 29.9375 28.6875 27.9375 27 25.6875 24.625 24.0625 24.125 23.9375 23.75 24.0625 24.0625 24.5625 25.0625 25.5625 26.3125 27.0625 27.8125 28.625 29.4375 30.1875 31.5 33.125 34.5 34.5 36.3125 37.1875 38.375 39.625 42.1875 45 46.3125 47.0625 47.625 48.75 49.1875 50 50.4375 50.875 51.875 52 52.125 52.625 52.5625
50.125 49.8125 49.625 49.5 49.3125 46.125 42.375 39.625 38.3125 36.3125 36.3125 35.9375 32.125 34.625 36.3125 33.875 32.25 31.75 30.1875 30.125 30.375 29.5 29.5 29.625 28.5 27.4375 26.5625 25.5 24.3125 23.125 22.8125 22.75 22.6875 22.6875 22.75 22.75 22.9375 23.5625 24.25 25 25.8125 26.75 27.5625 28.6875 29.375 30.4375 31.625 32.8125 34.125 35.3125 36.8125 37.875 39.4375 41.0625 43.4375 45.75 47.375 48 48.6875 49.4375 50.0625 50.125 50.1875 50.875 51.625 50.5625 50.5625 50.3125
51.9375 52 50.3125 48.8125 48.625 46 41.75 38.9375 37.0625 35.5 34.875 36.5 31.625 31.8125 34.5625 31.9375 30.75 27.6875 25.625 25.75 25.625 24.625 24.875 25.8125 26.5625 26.25 25.3125 24.1875 23.1875 22.1875 21.8125 21.5625 21.25 21.25 21.3125 21.25 21.625 22.1875 23 23.875 24.875 25.8125 26.6875 28.1875 28.625 29.75 30.8125 32.5625 33.625 34.5625 36.4375 37.3125 38.8125 40.625 42.3125 44.375 46.5625 48.0625 49.1875 49.9375 50.0625 50 50 50.0625 50.125 49.4375 49.3125 48.625
52.875 52.125 51.875 48.125 45.25 43 41.25 38.1875 36.5625 34.75 33.0625 33.25 34.5625 30.3125 31.1875 30.375 30.3125 27.4375 24.5 23.9375 23 22.5 22.125 22.0625 22.375 23.75 23.5625 22.75 22 21.125 20.8125 20.25 20.5625 20.8125 20.75 20.4375 20.75 21.5 22.125 22.875 23.8125 25 26.125 26.9375 28 29.0625 30.375 32.125 33.625 34.4375 35.8125 36.6875 38.4375 40.0625 41.5625 43.4375 45.375 47.0625 48 49.1875 49.6875 49.875 49.875 49.375 49 48.75 48.375 47.625
55 52.5625 50.5625 48.125 45.75 42 39.125 36.1875 34.6875 33.8125 33.75 32.625 32.75 35.9375 31.75 27.6875 27 27.9375 27 25.3125 24.0625 23.6875 22.4375 21.6875 21.5625 21.125 21 20.8125 20.3125 20.1875 20.0625 19.875 20 19.875 19.5625 19.8125 20.0625 20.75 21.3125 22.25 23.1875 24.1875 25.25 26.25 27.4375 28.5 30.125 31.3125 33.1875 34.875 35.5 36.25 37.6875 39.3125 41 42.6875 44.4375 45.75 46.9375 47.8125 48.625 49 48.9375 48.875 48.8125 48.0625 46.875 46.3125
59.625 54 50.4375 47.75 44.1875 40.3125 37.125 35.6875 34.5625 33.1875 33.0625 32.8125 33.6875 34.875 35.8125 34.9375 28.3125 25.75 25.5 26.3125 25.4375 24.25 23.875 22.5625 21.3125 20.5 20.75 20 20 20 19.6875 19.0625 19 19.0625 19.125 19 19.3125 20.125 20.8125 21.75 22.6875 23.6875 24.6875 25.6875 27 28.1875 30.125 30.9375 32.0625 34.6875 35.0625 35.6875 37.4375 38.8125 40.6875 42.3125 43.5625 44.875 46.0625 46.9375 47.3125 48 47.9375 47.5 47.3125 46.6875 45.5 44.375
61.3125 58.0625 52.625 48.0625 44.8125 43.1875 38.0625 35.125 34.25 35.5 36.9375 35.8125 33.5 32.1875 32.375 35.1875 33.8125 27.5 24.4375 23.625 23.625 23.25 22.3125 21.6875 21.3125 20 20.375 20.875 20.4375 20 19.1875 19.1875 19.4375 19.8125 19.875 19.8125 19.375 20 20.9375 21.4375 22.375 23.1875 24.3125 25.625 26.75 27.625 28.875 30.6875 31.4375 33.75 34.8125 35.5625 36.8125 38.4375 40 41.5 42.6875 44.0625 45.125 46 46.8125 46.8125 46.5 45.75 46 44.8125 44.3125 43.1875
62.5 61.6875 59.4375 50.75 46.5 45.5 41.75 42.125 39.6875 37.1875 37.625 35.5625 33.875 31.875 30.625 29.4375 29.25 28.6875 27.3125 26.0625 23.875 24.5625 23.25 21.9375 20.875 20 20 20.25 20.125 19.9375 19.375 19 19 19 19 19.375 19.8125 20 21 21.4375 22.0625 23.0625 24.125 25.0625 26.125 27.25 28.5 29.8125 30.875 32.1875 33.875 35 36.25 37.75 39.0625 40.4375 41.875 43.25 44.3125 45.375 46 45.75 45.0625 43.5 43.6875 42.4375 42.1875 41.3125
65.1875 62.375 62.4375 54.4375 51.125 52.25 47.125 45.9375 46.125 44 39.5625 37.375 35.625 32.875 30.375 28.5 27.8125 27.9375 27.625 27.9375 26.1875 25.25 24.8125 24.0625 22.0625 20.4375 20 20 19.9375 19.75 19.125 19 19 19 19 19.25 19.875 20 20.8125 21.375 22.1875 23 23.8125 24.9375 25.9375 27.1875 28.25 29.3125 30.3125 31.625 33.375 34.75 35.6875 37 38.3125 39.75 41 42.4375 43.4375 44.125 44.9375 44.3125 43.4375 42.9375 43.125 41.8125 40.6875 39.125
73.5 66 61.1875 57.25 55.25 55.5 53.5 47.75 45.375 47.625 45 41.5625 38.375 35.5 31.375 28.875 27.1875 26.375 26.375 27.3125 29.625 27 24.75 23.375 22.3125 20.9375 20.0625 20 20 20 19.125 19 19 19 19 19.8125 20 20.375 21.5 22.375 22.375 23.125 24 24.8125 25.9375 26.9375 28 29 30.1875 31.25 32.5625 33.75 34.9375 36.25 37.4375 38.875 40.0625 41.375 42.5 43.125 43.8125 43.8125 43.375 41.5 40 40.25 39.125 37.8125
69.3125 66.5625 63.125 59.125 56 59 56.8125 54.0625 48.4375 46.5625 45.5625 44.375 41.4375 38.1875 34.5 29.625 27.5 26.125 25.125 25 25.4375 25.75 26.5625 24.8125 22.625 21.1875 20.375 20 20 20 19.75 19.4375 19.5625 19.6875 19.875 19.9375 20 20.375 21 22.1875 22.5 23.0625 23.9375 25 26 26.625 27.75 28.75 29.75 30.75 31.875 33.125 34.3125 35.625 37 38.375 39.3125 40.375 41.375 42.25 41.75 40.75 40.875 40.75 39 37.4375 37.5625 36.25
81.1875 69.6875 65.75 65.375 61.625 62.125 60.25 55.8125 52 51.8125 50.1875 47.8125 44.0625 39.3125 34.0625 31.0625 28.3125 26.9375 26 25.0625 24.125 24.0625 24.25 24.1875 23.375 21.4375 21 20.5 20 20 20 19.9375 20.125 21.375 20.5 20.0625 20.375 20.875 21.4375 22.0625 22.6875 23.0625 24 24.875 25.8125 26.625 27.75 28.5625 29.4375 30.6875 31.625 32.875 33.8125 35.0625 36.25 37.375 38.375 39.4375 40.25 40.8125 41 40.875 39.125 38.6875 38.125 36.625 35.875 34.375
93.9375 85.5 75 71.3125 66.125 61.5 63.125 58.625 57.25 55.0625 54.3125 51.6875 46.5 41.25 37 33.3125 31.0625 29.1875 27 26.125 25.125 24.25 23.375 23 22.625 21.9375 21.6875 21.3125 20.5 20.3125 20.0625 20.5 21.6875 23.125 21.4375 21 21.375 21.625 21.9375 22.375 22.9375 23.5625 24 25 25.6875 26.5 27.5625 28.375 29.25 30.25 31.5 32.6875 33.625 34.5625 35.5625 36.6875 37.5625 38.4375 39 39.3125 38.9375 39 39 37.375 36.5 35.5625 34.375 33
95 92.5 83.5 79.375 77.8125 63 64.625 62.1875 61.1875 58.5625 57.5 55.25 51.25 45.4375 39.3125 36.3125 33.375 30.8125 28.625 27.25 25.8125 24.8125 23.875 23.125 23 23.1875 22.875 23.9375 21.9375 21 21 21 21.4375 22.4375 22.1875 21.25 21.5 22 22.8125 23.25 23.4375 23.9375 24.1875 25 25.9375 26.625 27.5625 28.5 29.1875 30.0625 31.125 32.3125 33.1875 34.0625 35.0625 35.875 36.625 37.25 37.75 38.25 38.125 37.6875 36.375 35.5 35.4375 34.0625 32.5625 31.625
94.125 93.8125 89.4375 86.5 80.5 71.0625 65.25 64.1875 61.4375 61.125 59.4375 56.0625 52.875 48.75 44.8125 39.25 36.5625 33.0625 31.5 28.5625 26.75 25.625 24.375 23.875 23.8125 24.625 24.1875 23.6875 23.125 21.5 21.6875 21.5 21.875 23.5625 24 22.25 22 22.1875 23.125 23.9375 24 24.0625 25 25.25 26.0625 27 27.6875 28.4375 29.1875 30 31 32 33 33.875 34.625 35.1875 35.9375 36.5625 36.8125 37.1875 37 36.1875 35.3125 34.3125 34.125 33.1875 31.0625 29.9375
