Scripts_&_data/WorldClim_2.0_rasters/WC2.0_bio_10_16.asc
NCOLS 642 
NROWS 378 
XLLCORNER -19 
YLLCORNER 19 
CELLSIZE 0.166666666666667 
NODATA_value -1.7e+308 
[rows 294 to 314 of 378, columns 192 to 239 of 642]
-1.7e+308 14.9355269869169 -1.7e+308 -1.7e+308 -1.7e+308 -1.7e+308 -1.7e+308 -1.7e+308 -1.7e+308 -1.7e+308 -1.7e+308 -1.7e+308 -1.7e+308 -1.7e+308 -1.7e+308 -1.7e+308 -1.7e+308 -1.7e+308 -1.7e+308 -1.7e+308 -1.7e+308 -1.7e+308 -1.7e+308 -1.7e+308 -1.7e+308 -1.7e+308 -1.7e+308 -1.7e+308 -1.7e+308 -1.7e+308 -1.7e+308 -1.7e+308 -1.7e+308 -1.7e+308 -1.7e+308 -1.7e+308 -1.7e+308 -1.7e+308 -1.7e+308 -1.7e+308 -1.7e+308 -1.7e+308 -1.7e+308 -1.7e+308 -1.7e+308 -1.7e+308 -1.7e+308 -1.7e+308
27.0873748660088 26.9795417189598 26.734833240509 25.0068748394648 24.9444583058357 19.9884584744771 13.2567452987035 -1.7e+308 -1.7e+308 -1.7e+308 -1.7e+308 -1.7e+308 -1.7e+308 -1.7e+308 -1.7e+308 -1.7e+308 -1.7e+308 -1.7e+308 -1.7e+308 -1.7e+308 -1.7e+308 -1.7e+308 -1.7e+308 -1.7e+308 -1.7e+308 -1.7e+308 -1.7e+308 -1.7e+308 -1.7e+308 -1.7e+308 -1.7e+308 -1.7e+308 -1.7e+308 -1.7e+308 -1.7e+308 -1.7e+308 -1.7e+308 -1.7e+308 -1.7e+308 -1.7e+308 -1.7e+308 -1.7e+308 -1.7e+308 -1.7e+308 -1.7e+308 -1.7e+308 -1.7e+308 -1.7e+308
27.7382500370344 27.3833749492963 27.2562083800634 26.9205833872159 26.5264998475711 26.4934583306313 26.6964582403501 26.8489026029905 13.4289683302244 -1.7e+308 -1.7e+308 -1.7e+308 -1.7e+308 -1.7e+308 -1.7e+308 -1.7e+308 -1.7e+308 -1.7e+308 -1.7e+308 -1.7e+308 -1.7e+308 -1.7e+308 -1.7e+308 -1.7e+308 -1.7e+308 -1.7e+308 -1.7e+308 -1.7e+308 -1.7e+308 -1.7e+308 -1.7e+308 -1.7e+308 -1.7e+308 -1.7e+308 -1.7e+308 -1.7e+308 -1.7e+308 -1.7e+308 -1.7e+308 -1.7e+308 -1.7e+308 -1.7e+308 -1.7e+308 -1.7e+308 -1.7e+308 12.433697005113 21.0652098457019 23.6090832750003
27.7976250251134 27.7116668025653 27.2312916318576 26.601041773955 26.4530833164851 26.475208123525 26.8173751632373 27.1006665627162 27.1202500661214 27.2193754911423 22.0153658588727 18.5036809245745 13.4491280515989 -1.7e+308 -1.7e+308 -1.7e+308 -1.7e+308 -1.7e+308 -1.7e+308 -1.7e+308 -1.7e+308 -1.7e+308 -1.7e+308 -1.7e+308 -1.7e+308 -1.7e+308 -1.7e+308 -1.7e+308 -1.7e+308 -1.7e+308 -1.7e+308 -1.7e+308 -1.7e+308 -1.7e+308 -1.7e+308 -1.7e+308 -1.7e+308 -1.7e+308 -1.7e+308 -1.7e+308 -1.7e+308 -1.7e+308 -1.7e+308 -1.7e+308 20.6334870656331 24.0737083355586 23.6573333144188 23.1450834373633
27.168875058492 27.3852082490921 27.0756249030431 26.9577917655309 26.9552918275197 26.8960417310397 27.0416667461395 27.2382499774297 27.1984166105588 27.1374581853549 27.1328334410985 27.0617915987968 27.1462083061536 25.2393769621849 -1.7e+308 -1.7e+308 -1.7e+308 -1.7e+308 -1.7e+308 -1.7e+308 -1.7e+308 -1.7e+308 -1.7e+308 -1.7e+308 -1.7e+308 -1.7e+308 -1.7e+308 -1.7e+308 -1.7e+308 -1.7e+308 -1.7e+308 -1.7e+308 -1.7e+308 -1.7e+308 -1.7e+308 -1.7e+308 -1.7e+308 -1.7e+308 -1.7e+308 -1.7e+308 -1.7e+308 -1.7e+308 -1.7e+308 24.1089043617249 24.989791671435 24.1480834285418 24.0185417334239 23.0577083627383
26.7425000071526 26.5657500624657 26.6998750170072 27.0940415859222 27.0338332851728 27.2262500921885 27.2128751476606 27.2272917032242 27.4245831569036 27.3449581662814 27.1512499252955 27.0698749621709 27.2052497466405 27.3249999880791 -1.7e+308 -1.7e+308 -1.7e+308 -1.7e+308 -1.7e+308 -1.7e+308 -1.7e+308 -1.7e+308 -1.7e+308 -1.7e+308 -1.7e+308 -1.7e+308 -1.7e+308 -1.7e+308 -1.7e+308 -1.7e+308 -1.7e+308 -1.7e+308 -1.7e+308 -1.7e+308 -1.7e+308 -1.7e+308 -1.7e+308 -1.7e+308 -1.7e+308 -1.7e+308 -1.7e+308 -1.7e+308 22.490451335907 25.9864999453227 25.114250044028 24.7127499977748 23.5705833335718 23.6687916417917
26.4720416665077 26.5364583333333 26.9434583981832 27.4887917836507 27.5929583907127 27.4621664881706 27.6049165725708 27.6252499024073 27.7561248540878 27.5776664415995 27.3124166528384 27.267791668574 27.421750108401 27.4909165501595 -1.7e+308 -1.7e+308 -1.7e+308 -1.7e+308 -1.7e+308 -1.7e+308 -1.7e+308 -1.7e+308 -1.7e+308 -1.7e+308 -1.7e+308 -1.7e+308 -1.7e+308 -1.7e+308 -1.7e+308 -1.7e+308 -1.7e+308 -1.7e+308 -1.7e+308 -1.7e+308 -1.7e+308 -1.7e+308 -1.7e+308 -1.7e+308 -1.7e+308 -1.7e+308 -1.7e+308 12.7833395799001 26.1095415949821 26.1195832689603 25.4289167523384 24.7510417501132 24.3984167575836 24.6395416061083
26.6975417733192 26.8036667704582 27.4501249988874 27.5364165902138 27.8435832262039 28.178874929746 28.2899583180745 27.9992084900538 27.9774582187335 27.8817916115125 27.718749721845 27.3000001509984 27.1228752334913 27.133249938488 23.3639925519625 -1.7e+308 -1.7e+308 -1.7e+308 -1.7e+308 -1.7e+308 -1.7e+308 -1.7e+308 -1.7e+308 -1.7e+308 -1.7e+308 -1.7e+308 -1.7e+308 -1.7e+308 -1.7e+308 -1.7e+308 -1.7e+308 -1.7e+308 -1.7e+308 -1.7e+308 -1.7e+308 -1.7e+308 -1.7e+308 -1.7e+308 -1.7e+308 -1.7e+308 -1.7e+308 12.8177546461423 26.0103333791097 26.1360000173251 25.8873750567436 25.3212499022484 25.2502083778381 25.2148749629656
27.4898750980695 27.405333340168 27.8031249841054 27.9764583309491 27.9835834701856 28.1228334307671 28.2152915994326 28.1658749977748 28.3484998941422 28.1524168848991 27.6814165512721 27.0039583444595 26.8217916289965 26.7878332734108 26.7737864851952 -1.7e+308 -1.7e+308 -1.7e+308 -1.7e+308 -1.7e+308 -1.7e+308 -1.7e+308 -1.7e+308 -1.7e+308 -1.7e+308 -1.7e+308 -1.7e+308 -1.7e+308 -1.7e+308 -1.7e+308 -1.7e+308 -1.7e+308 -1.7e+308 -1.7e+308 -1.7e+308 -1.7e+308 -1.7e+308 -1.7e+308 -1.7e+308 -1.7e+308 -1.7e+308 -1.7e+308 25.9494166374207 26.0076665679614 26.0109998782476 25.7295832633972 25.839041630427 25.7511248191198
28.2941249012947 28.2495417396228 28.5195831457774 28.6815832853317 28.9487915436427 28.934249997139 28.7092916170756 28.4438750545184 27.8152917424838 27.5939582784971 27.1987498203913 26.9094165364901 26.5842501123746 26.5470418930054 26.6882915099462 26.6899306575457 13.2961892286936 -1.7e+308 -1.7e+308 -1.7e+308 -1.7e+308 -1.7e+308 -1.7e+308 -1.7e+308 -1.7e+308 -1.7e+308 -1.7e+308 -1.7e+308 -1.7e+308 -1.7e+308 -1.7e+308 -1.7e+308 -1.7e+308 -1.7e+308 -1.7e+308 -1.7e+308 -1.7e+308 -1.7e+308 -1.7e+308 -1.7e+308 -1.7e+308 -1.7e+308 24.2239713271459 26.1078332662582 26.1592501799266 25.9923332532247 26.2797499895096 26.3947086135546
28.3248332540194 28.5972500244776 28.9664999445279 29.2148335178693 29.2794584035873 28.9690833091736 28.2830833594004 28.0658332308133 27.66729170084 27.3744583328565 27.1276664535205 26.8810416857402 26.5330000718435 26.2810416022936 26.2804581721624 26.3433330655098 26.5327916145325 26.620382408301 18.164024968942 13.1634130279223 13.1345988512039 13.0584166646004 -1.7e+308 -1.7e+308 -1.7e+308 -1.7e+308 -1.7e+308 -1.7e+308 -1.7e+308 -1.7e+308 -1.7e+308 -1.7e+308 -1.7e+308 -1.7e+308 -1.7e+308 -1.7e+308 -1.7e+308 -1.7e+308 -1.7e+308 -1.7e+308 -1.7e+308 -1.7e+308 -1.7e+308 26.107158044974 26.2555833657583 26.2499164938927 26.2697500387827 26.4397919774055
27.8606251080831 28.6800416310628 28.97333329916 29.2034166057905 29.307500064373 28.8186251521111 28.6562499205271 28.2732500036558 27.9744581977526 27.755916873614 27.3279167612394 27.1087917089462 26.8419167598089 26.425541639328 26.2674583991369 26.3120833039284 26.5360416968664 26.532208442688 26.4109585086505 26.2753334641457 26.221000234286 26.2237916787465 26.0599166154861 25.9681666294734 25.8133809367816 19.2638449470202 -1.7e+308 -1.7e+308 -1.7e+308 -1.7e+308 -1.7e+308 -1.7e+308 -1.7e+308 -1.7e+308 -1.7e+308 -1.7e+308 -1.7e+308 -1.7e+308 -1.7e+308 -1.7e+308 -1.7e+308 -1.7e+308 -1.7e+308 26.1176277796427 26.2809582948685 26.3431249459585 26.5024583935738 26.584541618824
27.7602498730024 28.2754584550858 29.2190418044726 29.3109585642815 29.4263748923937 29.2634584705035 29.1428332924843 28.6999999284744 28.1190832654635 27.8315417369207 27.5747501254082 27.3571248451869 26.832416554292 26.5555000503858 26.4205831885338 26.3989164034525 26.363333205382 26.4099167188009 26.3770416378975 26.2166250348091 26.082041879495 25.9725002646446 25.7957499027252 25.6790832678477 25.6050833463669 25.6075000166893 25.5619166096052 25.4612842599551 19.0890477697055 -1.7e+308 -1.7e+308 -1.7e+308 -1.7e+308 -1.7e+308 -1.7e+308 -1.7e+308 -1.7e+308 -1.7e+308 -1.7e+308 -1.7e+308 -1.7e+308 -1.7e+308 16.2827415664991 26.4348750511805 26.4039584596952 26.4671666026115 26.6570417284966 26.8320831855138
28.1081249316533 28.8412500818571 29.4756666024526 29.4871250391006 29.6049167712529 29.5930417776108 29.1477915644646 28.3822082479795 28.0886668562889 27.8867497841517 27.5512084563573 27.5160833795865 27.0097499688466 26.7637501955032 26.7438333829244 26.5033750136693 26.3206248680751 26.1229166189829 26.0511249105136 26.1270414789518 26.0514584183693 25.9353750745455 25.7268333435059 25.5822499195735 25.4032499392827 25.2455000678698 25.1042080918948 25.1412081519763 25.0749582052231 25.1402084628741 25.175427655379 14.3228894869487 -1.7e+308 -1.7e+308 -1.7e+308 -1.7e+308 -1.7e+308 -1.7e+308 -1.7e+308 -1.7e+308 -1.7e+308 -1.7e+308 26.662895321846 26.7357499599457 26.389291703701 26.6490416526794 26.9454166293144 27.0631663997968
28.2912499904633 28.7347500324249 29.295791387558 29.4417918125788 29.4372083147367 29.7146666844686 28.8726249535879 28.4101249575615 28.130833307902 27.7364998261134 27.6217082738876 27.5675832827886 27.1995415290197 26.7709581653277 26.9362501899401 26.4890417456627 26.2568751374881 26.0585417350133 25.9909166495005 25.8924999833107 25.8144167264303 25.868083457152 25.5698751409849 25.4830001195272 25.3299165566762 25.0625834067663 24.8689998586973 24.8437913457553 24.8590832352638 24.9521249334018 25.0748751560847 25.3174094160398 19.0420219302177 -1.7e+308 -1.7e+308 -1.7e+308 -1.7e+308 -1.7e+308 -1.7e+308 -1.7e+308 -1.7e+308 24.861509223779 27.0125001072884 26.5982500910759 26.6224999030431 26.9065832495689 27.110958079497 27.3082081079483
28.4782502452532 28.7336668372154 29.120291630427 29.2964582443237 29.0876249273618 29.1835835576057 28.8387500246366 28.3822082877159 27.9150832295418 27.7826248407364 27.7572081486384 27.5509167909622 27.4711668292681 27.1810416579247 27.0925416747729 26.7330416242282 26.2369582255681 26.0527497529983 26.0132917960485 25.9037082393964 25.5966251095136 25.5164581934611 25.3930415908496 25.2487083872159 25.5898749232292 25.3452916145325 24.8692918022474 24.7460001309713 24.722916662693 24.8036249081294 24.9791666269302 25.3769165277481 25.3602082331975 23.9244774580002 -1.7e+308 -1.7e+308 -1.7e+308 -1.7e+308 -1.7e+308 16.4319920539856 26.4081755280495 26.7164169748624 26.6132085124652 26.8519166111946 27.1035833557447 27.1708750923475 27.3349166711171 27.5780416727066
28.6617500782013 28.737916747729 28.857125222683 28.9929583867391 28.8957085410754 28.7292081912359 28.3774167497953 28.3533332546552 28.1549582282702 27.8573334813118 27.429625193278 27.3641666769981 27.4196247855822 27.5335831244787 27.2947502732277 26.9621669451396 26.41199974219 26.1279165943464 25.9616668621699 25.9987499515216 25.4462499419848 25.5244581699371 25.4269584019979 25.1976668636004 25.2679167787234 25.119333366553 24.9711666901906 24.8506249586741 24.7278332908948 24.7900834282239 24.7834583123525 24.8854167064031 25.2267500758171 25.3938749432564 25.7955833872159 24.5878108541171 19.5765233238538 21.1918853918711 26.3205485145251 26.9122914671898 26.7926667730014 26.7877501447996 26.9842082262039 27.2127080361048 27.3383333881696 27.4002918601036 27.5542916258176 28.122166732947
28.6973334153493 28.6945418914159 28.6843334635099 28.6690001090368 28.6484167178472 28.4971248904864 28.2735835313797 28.3540415366491 28.0441248218218 27.6198749144872 27.2942502101262 27.2895415822665 27.1135417819023 27.3242499232292 27.3455002506574 26.8978334665298 26.7461665868759 26.040333211422 25.9193750222524 25.9142499168714 25.651624917984 25.305250108242 25.1788332462311 25.330583413442 25.1767915487289 25.0341248909632 24.85258324941 24.7499166925748 24.8118332227071 24.728374838829 24.6035833756129 24.5709999005 24.8399166464805 25.3026664853096 25.5299166043599 25.8946665922801 26.474583307902 26.3768332203229 26.4453333616257 26.7461249629656 26.9370833039284 27.091458161672 27.2624582648277 27.4188747207324 27.5184583862623 27.6471248467763 27.9843332370122 28.3390000065168
28.6612082521121 28.6897497971853 28.6285833120346 28.6481248537699 28.6229166388512 28.4451667070389 28.2947499553363 28.3980419238408 27.7395001649857 27.3829166690509 27.4367500344912 27.0343748728434 26.8784167170525 27.1233749985695 27.4274998903275 27.2250001231829 27.1048334042231 26.1815833250682 25.6962915658951 25.6843332250913 25.6592083175977 25.2658334374428 25.2294582724571 25.3614166180293 25.2297500173251 25.0760003129641 24.8495836059252 24.677541722854 24.8494999011358 24.6427500247955 24.5225833058357 24.4414167006811 24.6528750856717 25.1707083582878 25.3996248642604 25.5054164330165 25.9356666207314 26.355583290259 26.5904166499774 27.2340001265208 27.4082083503405 27.3185000022252 27.4156247576078 27.5666664838791 27.7156250278155 27.9284167091052 28.2303750316302 28.4382917881012
28.6022498607635 28.6145414113998 28.5766251087189 28.5050002535184 28.4139583905538 28.3711249430974 28.2459583679835 28.3759165604909 27.7226666212082 27.4383333126704 27.3640831510226 26.8226250012716 26.8155001004537 26.9674167235692 27.0600416262945 27.3393332163493 26.9984583655993 26.7847084005674 25.7988750139872 25.2514167030652 25.3362499674161 25.3037499785423 25.1744583646456 25.2304167350133 25.212708234787 25.075333237648 24.9908334612846 24.5288332800071 24.5463333129883 24.516416678826 24.5732084910075 24.4604166348775 24.5072082877159 24.7888749043147 25.0509998003642 25.4130833745003 25.7055832743645 25.8927498261134 26.2350000341733 27.0303332010905 28.0386249224345 27.8424168427785 27.7121668060621 27.8703333338102 28.1004998683929 28.2500832279523 28.3340001503627 28.420916835467
28.6554581125577 28.6105417211851 28.5406664411227 28.4876249829928 28.4451251029968 28.3357083201408 28.1799166798592 28.3372083306313 27.8372082312902 27.6651667753855 27.5447915395101 27.0405834317207 27.0045832196871 26.8085415760676 27.00491664807 27.0780001282692 27.0089582403501 26.7806668082873 26.4766667286555 25.1872917215029 24.9488749305407 25.1503334442774 24.8725000222524 24.852458357811 24.9705834388733 25.581624964873 25.5856248040994 25.1109165946643 24.3408334553242 24.5086667935054 24.5553751985232 24.4685000479221 24.6264583865802 25.042166531086 25.052874982357 25.3172499338786 25.4221249818802 25.8541668057442 26.2534166177114 26.472708205382 27.0095834533374 27.5435000260671 27.8358332713445 28.0581667025884 28.2227498094241 28.3449584047 28.5302499930064 28.6471246878306
