Scripts_&_data/WorldClim_2.0_rasters/WC2.0_bio_03_16.asc
NCOLS 642 
NROWS 378 
XLLCORNER -19 
YLLCORNER 19 
CELLSIZE 0.166666666666667 
NODATA_value -1.7e+308 
[rows 231 to 251 of 378, columns 48 to 95 of 642]
-1.7e+308 -1.7e+308 -1.7e+308 -1.7e+308 -1.7e+308 -1.7e+308 -1.7e+308 -1.7e+308 -1.7e+308 -1.7e+308 -1.7e+308 -1.7e+308 -1.7e+308 -1.7e+308 -1.7e+308 22.0246354738399 43.525937736802 41.7753830337747 41.7902373452199 41.8794032399926 40.3805406443569 40.9069581742869 41.4376069959187 40.8531404173638 39.3111515863049 40.673901063944 40.5515869157919 39.7389369052117 40.5733463465281 42.2933954023514 43.2050156042127 43.6730737689306 42.0439902216132 41.036502482166 40.7641697627277 38.5904585899676 32.8899751791156 24.3070922423319 20.6808556033492 21.5174297354644 21.1856554209591 30.0697852027594 41.0128236025631 43.702428029621 43.1357577596537 31.4111557149761 -1.7e+308 -1.7e+308
-1.7e+308 -1.7e+308 -1.7e+308 -1.7e+308 -1.7e+308 -1.7e+308 -1.7e+308 -1.7e+308 -1.7e+308 -1.7e+308 -1.7e+308 -1.7e+308 37.0632637477103 43.5483937977109 42.7057631483033 43.5196776729326 44.6709282174692 42.3641808300272 42.4534893718561 44.2856271234722 45.1794044348295 44.0797362225556 42.2919728873999 39.7418135567163 41.6891011920064 39.5844406776962 41.3354910589371 41.3656058381361 39.147463170078 38.6780044845924 38.9507505069227 41.5931501854704 39.1636401616795 37.4560865616743 35.8125909308222 36.3229971641575 33.9829297708814 33.7110080521037 37.2462534024109 39.9671803540513 40.8325841234506 41.9467852709615 42.5157196338956 40.2267572571075 38.0639370667 40.5414123842947 38.8382106708125 39.6434553426758
-1.7e+308 -1.7e+308 -1.7e+308 -1.7e+308 -1.7e+308 -1.7e+308 -1.7e+308 -1.7e+308 -1.7e+308 -1.7e+308 31.3578428552434 42.4590464319713 42.5573131180168 42.8561341748126 43.4835261580338 45.1666711852215 44.7489306309463 43.1455506767719 42.7142764035552 44.2493215577584 45.3835491570553 43.931771306681 41.0335542024831 40.3495676828228 40.9818529564941 38.2071209688372 38.7479379068728 35.2384421754248 34.1939341569848 34.0176850705797 34.932051432439 36.0546473474558 34.8317260989804 33.9608575885508 33.8759172515008 34.0033035180163 33.2817682766009 33.4071242560847 36.0088323794199 33.3999549192441 35.8862040736828 38.0014510968803 38.0146608112009 37.8948323386699 37.7221368955582 38.455264154537 39.6311161449676 39.8059400052441
-1.7e+308 -1.7e+308 -1.7e+308 -1.7e+308 -1.7e+308 -1.7e+308 -1.7e+308 -1.7e+308 -1.7e+308 -1.7e+308 23.651404430962 41.5184848239593 42.6674803906207 43.6880468406301 45.4679006180084 46.1571786488244 45.5793292848115 44.641581632193 43.8313739598972 44.1337325802634 44.5470194280184 45.0897573116912 41.8935078419601 41.7421641030046 38.8791704606154 36.1927584493278 35.4092430705071 35.3238247230667 35.3580903816091 35.5229466224602 35.8522972511671 35.3837891963215 36.3206558009706 36.2061438657135 36.6596952209338 35.9656740912294 35.251267598426 34.6953114722596 35.4743161431451 35.9985959597033 36.7987171735008 37.7852451451572 38.4362241706641 39.9071790565841 40.1984124651298 40.6000828304182 39.8726218514726 39.7263679659552
-1.7e+308 -1.7e+308 -1.7e+308 -1.7e+308 -1.7e+308 -1.7e+308 -1.7e+308 -1.7e+308 -1.7e+308 -1.7e+308 -1.7e+308 33.8260104330984 41.4450647963306 42.4897538291191 44.6720565356961 45.2674714970972 44.9180746574444 44.6065268187284 43.394144316451 43.3684567217219 42.8430059944275 43.4605593384359 39.82931341826 37.741182547638 36.83439864212 37.9444278158676 38.3431217762792 36.6279859296827 35.934005973829 36.6881846758865 37.8768996035525 38.0499202955252 38.4637518384975 38.5151091780696 38.6987245889398 38.5203600792693 38.3577714460152 38.4617637903114 38.6391283460208 38.8919784829421 38.8547056527983 39.0909350146432 39.5382685409254 39.662344174513 39.467092714707 40.4051507191128 40.6210252381694 40.0293004798317
-1.7e+308 -1.7e+308 -1.7e+308 -1.7e+308 -1.7e+308 -1.7e+308 -1.7e+308 -1.7e+308 -1.7e+308 -1.7e+308 -1.7e+308 24.181175838798 37.6144241801889 40.5689964036552 43.4591471116007 42.2857587797962 41.9928356975354 43.0890624710009 41.4758295244132 42.7945373206005 43.4430471661023 43.8209347855871 39.9823864008314 36.8139834253941 37.9965925322584 39.8631045098236 39.1919059971393 37.7185550214619 36.7633679165579 38.3947801655478 38.6945688561284 39.2038851330048 38.7515351572844 39.6319420060977 39.3043137041285 39.3331962278215 38.9060850224522 39.139696079283 39.0286714469612 39.5674636745156 40.157819555856 40.0911590959614 39.3010113017152 39.1465262479981 40.1767266971001 40.455822161099 40.2549028850176 40.5036438316455
-1.7e+308 -1.7e+308 -1.7e+308 -1.7e+308 -1.7e+308 -1.7e+308 -1.7e+308 -1.7e+308 -1.7e+308 -1.7e+308 -1.7e+308 -1.7e+308 26.7900501239783 42.3027335756249 42.2386392664873 40.7132801623258 41.5548121545134 43.2286731214891 43.0258574023426 41.9833114268279 42.4708964153858 40.7080189057597 40.3574971913425 38.8954208800779 38.3976187580949 36.9414880049531 35.638537449369 34.3160473866906 37.5551382685573 39.0491769753862 40.578695112519 40.0631610062941 39.4063488990546 39.0804704017145 38.0505370084378 38.4979515386678 39.1152513575055 39.9453850639451 40.0949924088471 40.2199789159388 40.5902423653509 40.5549924470168 39.7438147811092 39.7392852720008 39.7290607262077 39.6888497370129 39.6434906232383 39.6534435500552
-1.7e+308 -1.7e+308 -1.7e+308 -1.7e+308 -1.7e+308 -1.7e+308 -1.7e+308 -1.7e+308 -1.7e+308 -1.7e+308 -1.7e+308 -1.7e+308 -1.7e+308 39.4970581542789 41.8694526225312 41.2237343821417 40.4325756522894 42.9873825096705 43.2515510964015 43.0749086184803 40.6572493708744 36.5355164464321 36.3672095837984 38.376459816333 35.5012366119995 34.1357367569573 35.212123178914 35.0799268555366 35.9557242402523 39.1008275890243 39.2949472087418 40.4508401884834 40.0678144186575 38.5400997346703 38.6388638226191 38.8153186709108 38.9054902433721 39.0472688879236 40.0590022407985 40.2376836424191 40.5180905786814 40.2912484738117 40.4832322620936 40.3436147466534 39.7911761734924 38.4590057635097 35.6830345019577 35.612225498328
-1.7e+308 -1.7e+308 -1.7e+308 -1.7e+308 -1.7e+308 -1.7e+308 -1.7e+308 -1.7e+308 -1.7e+308 -1.7e+308 -1.7e+308 -1.7e+308 -1.7e+308 41.5974383464595 44.3620385101259 43.4401391475196 40.7949032128252 39.0094181222549 40.9118473507891 41.8323711490119 40.2482690201937 37.5823239883443 36.79245511117 36.9327341949631 34.4542623792583 35.0339417190278 37.1200952852341 37.5311836400121 39.6942806404732 39.4923510244038 38.8799593492393 39.0814980083416 39.1972478953756 39.0659797681234 39.4397011768895 38.948735247627 39.1616506800909 39.6068753057592 39.6677031140814 39.7448621902467 40.24154175001 40.1925176931715 40.3849577571857 40.5278012532263 40.0394869579863 39.9018039545831 39.3539487194892 36.3956583297343
-1.7e+308 -1.7e+308 -1.7e+308 -1.7e+308 -1.7e+308 -1.7e+308 -1.7e+308 -1.7e+308 -1.7e+308 -1.7e+308 -1.7e+308 -1.7e+308 -1.7e+308 42.6542579372917 42.1331048084395 42.2115553673456 39.7230824859324 39.4396461701309 38.0123689513958 37.4169710607703 40.4654995041737 42.2143756572059 38.9323751700177 38.7263238551281 37.6057873032302 37.7229232852271 38.5019627612604 38.121679068943 37.9335983431528 38.6025936789443 38.9520075068275 39.3437283782795 39.1829940829765 39.2340813562195 39.372757354303 39.3997848660793 39.2221614848561 39.0757359385784 39.2299748981203 39.6613657428075 39.6346248983084 39.6974699640443 39.9043798398362 39.9760845519187 40.0867809843249 39.5694701843874 39.7926368186762 38.6055304411634
-1.7e+308 -1.7e+308 -1.7e+308 -1.7e+308 -1.7e+308 -1.7e+308 -1.7e+308 -1.7e+308 -1.7e+308 -1.7e+308 -1.7e+308 -1.7e+308 -1.7e+308 43.7228694483917 44.3502987865271 43.8592468317538 40.3266173430488 37.9843866053273 38.0063980823669 37.7057865737714 40.9592311270769 41.5437596704061 40.6499652262699 40.5436132449848 37.5539212901874 39.0477919563583 38.7868876475465 38.9977298925248 39.2518434630459 38.5572989338022 38.4046629211396 39.1818434907961 39.7294761602216 39.4289631214473 39.5905385921535 39.3616491114243 39.4219918424463 39.2100959925891 39.5038692890423 39.6249980297692 39.6133022542968 39.5038424855818 39.987833444364 40.0062033887291 40.2734736774078 39.9495737694605 40.1250508641678 40.351627461641
-1.7e+308 -1.7e+308 -1.7e+308 -1.7e+308 -1.7e+308 -1.7e+308 -1.7e+308 -1.7e+308 -1.7e+308 -1.7e+308 -1.7e+308 -1.7e+308 -1.7e+308 42.6308779964036 45.8527043831562 44.8877334205413 44.1952337577636 40.0257216035975 39.6136217736859 39.8433735815748 40.0770312945665 40.0314531877057 42.7514052444492 41.7293307361267 39.1535074378647 39.3977387284954 39.1724586307678 38.9524776406761 39.1168596785501 38.623596909469 38.2100603182617 39.4837682022246 39.6964907730352 39.7711474027041 40.4492806562668 40.2946897658888 39.7971605358598 39.5308190720551 39.7920276609056 39.6463044009373 39.7191739363549 39.6825605504078 39.7493296076509 39.7787302598109 39.5543200694804 39.7695571263368 39.8499152518793 40.2979612878069
-1.7e+308 -1.7e+308 -1.7e+308 -1.7e+308 -1.7e+308 -1.7e+308 -1.7e+308 -1.7e+308 -1.7e+308 -1.7e+308 -1.7e+308 -1.7e+308 -1.7e+308 35.4396682196753 46.5621804828324 45.0339631561088 44.4857931373285 41.9377575557795 42.3646943630071 38.2749905815804 39.1852795877577 41.1807855367181 41.2515346056805 40.145102446418 39.0286445533045 39.0908193660707 38.7035709096499 38.9628467748207 39.053036137301 39.2012974770839 39.1366909976734 39.4346415895846 39.4373396250569 39.3673155536466 39.9923522164428 40.0633595644255 40.0800783147061 40.3336918283355 40.1621117194599 40.1675853922624 40.0452142553196 40.094593138111 39.5048582878793 38.9172144151781 39.3666880106968 39.7227836847554 39.2364869084845 39.1533310546579
-1.7e+308 -1.7e+308 -1.7e+308 -1.7e+308 -1.7e+308 -1.7e+308 -1.7e+308 -1.7e+308 -1.7e+308 -1.7e+308 -1.7e+308 -1.7e+308 -1.7e+308 23.6158849385026 45.3487116100033 43.9892726770363 44.1625372795734 43.7513211272355 38.4832839649938 42.1764902063231 41.7211020758502 41.2236569809978 38.7374808640134 39.4833146943164 38.6317862565383 38.2792355778297 39.1034380537425 38.5431761748428 37.8866453489471 39.1604970878784 38.7651882465067 38.466857888483 38.9348301856323 39.7267457525049 39.640836518168 40.1416260372934 40.5892744643993 40.5981017035671 41.0122873515102 41.0015846265654 40.76980098281 40.6548502939938 40.1000087385178 39.4610763017724 39.2726757680661 36.9244576581088 38.419861439995 39.208987705534
-1.7e+308 -1.7e+308 -1.7e+308 -1.7e+308 -1.7e+308 -1.7e+308 -1.7e+308 -1.7e+308 -1.7e+308 -1.7e+308 -1.7e+308 -1.7e+308 -1.7e+308 -1.7e+308 45.186230714636 44.6782011223966 43.320617473023 40.2357340255059 39.3683795040173 41.517089820914 41.0182005861025 39.8969109347335 40.3897721776783 39.0899075559362 38.7401382970374 38.2483802254067 39.9384973034081 40.0433123598957 39.5542393322911 39.4453411088238 39.2000797536421 39.596752727704 40.1691064390996 40.0455485819924 40.2968023131724 40.2996335927715 40.4068961311114 40.7435894932288 40.3648181894131 40.273482349232 40.1903207575435 39.655174985948 38.1757620893867 36.8780091271282 37.1842805049964 37.0771249967892 38.4804753944649 38.6378832929718
-1.7e+308 -1.7e+308 -1.7e+308 -1.7e+308 -1.7e+308 -1.7e+308 -1.7e+308 -1.7e+308 -1.7e+308 -1.7e+308 -1.7e+308 -1.7e+308 -1.7e+308 -1.7e+308 46.2803522611255 43.846829626706 40.1682339137603 39.6774179705554 38.5257097857895 39.6435221216349 39.8486589355117 38.4744891639932 40.3862297031575 39.485947750413 39.4221650071001 39.8287510510907 40.1028678705209 39.6251308162679 39.6802263930849 39.4416763995043 39.524831195679 39.1000128637495 39.1867322439542 40.6465960263699 40.2866679406263 40.0977403145354 40.5108524564764 40.6241778085252 40.2721618752088 40.0732616711252 40.0012453841122 38.4612436762914 34.8347493189378 37.0041288441385 38.1513779002327 37.8422450949235 38.1026046116254 38.4513604429316
-1.7e+308 -1.7e+308 -1.7e+308 -1.7e+308 -1.7e+308 -1.7e+308 -1.7e+308 -1.7e+308 -1.7e+308 -1.7e+308 -1.7e+308 -1.7e+308 -1.7e+308 -1.7e+308 47.1764168088401 44.0346358491554 40.8873101941169 41.4511862989674 41.6290160008094 40.9655450406721 40.1670040759303 39.5152721211191 40.8506692009142 40.1347141458986 39.9006045498726 39.318496128429 39.084674307813 39.6293496629477 39.5653349445483 39.4502263883893 39.0123227938114 38.679813322282 39.4243079929618 39.907162634696 39.4970967038 38.6767834901286 39.1191270809837 39.1209244051877 39.2009486307026 38.495763551285 37.4251043393169 34.6087610689278 35.7698618768336 37.9795626760954 38.6889737476889 38.8789430302611 38.9026367557413 38.8310839220454
-1.7e+308 -1.7e+308 -1.7e+308 -1.7e+308 -1.7e+308 -1.7e+308 -1.7e+308 -1.7e+308 -1.7e+308 -1.7e+308 -1.7e+308 -1.7e+308 -1.7e+308 31.8241865378147 46.047474354387 46.0106335643126 40.3154011545881 42.2636654751914 43.8148115050348 43.3067229423362 41.844673452018 39.7713346079482 39.4556367555292 39.8522494962656 39.7803697799537 39.7129800495556 39.5653931409045 38.9499323057613 37.3407296001882 37.2193452321785 38.6643359833462 39.4593070046039 39.1651882093257 38.6911932572955 37.6921573885083 36.2969124670004 37.7721655519058 38.0418013463083 37.7400518274105 37.2174547441935 36.6056543954659 37.9603481130919 37.6972425905814 38.0962645809743 38.3800437826833 38.6202418529218 39.2104501285196 38.8451111864047
-1.7e+308 -1.7e+308 -1.7e+308 -1.7e+308 -1.7e+308 -1.7e+308 -1.7e+308 -1.7e+308 -1.7e+308 -1.7e+308 -1.7e+308 -1.7e+308 -1.7e+308 46.7180440896801 45.7803346924104 45.171028154187 43.4016357957262 44.4886115547701 44.287157170814 41.2408976966343 35.0561417631453 38.8724427732932 39.5773853411855 40.0259397097229 39.8319180584789 39.9822435042578 39.7144781864096 37.6131031595995 36.6322524754448 37.6643400547721 39.3568366051415 37.1648234876858 37.7353549005553 37.3564070081116 34.3289111251609 34.8724249611872 35.7339245188604 37.207803501618 35.7842027753017 37.5660497934996 37.4401808151116 37.952034098196 38.1791101416251 37.4507913627175 37.5047344102869 38.182749142998 38.6755762197759 39.0677909509703
-1.7e+308 -1.7e+308 -1.7e+308 -1.7e+308 -1.7e+308 -1.7e+308 -1.7e+308 -1.7e+308 -1.7e+308 -1.7e+308 -1.7e+308 -1.7e+308 -1.7e+308 46.408522719585 46.1860731577739 46.184968787794 43.6091240374604 43.4543637393121 39.8497599711946 39.1306016433828 39.4018422275372 42.3080971849259 40.5961821324702 38.9377700472674 38.7753202043105 37.9431681113433 37.6629020856464 37.464153785879 37.7354841774903 37.9394850395251 36.8201854581324 34.1418818162787 33.518646285422 33.9987157701924 33.469298332304 35.4422049519748 36.6474679453166 38.3843083628578 37.6441340433579 37.5700047249864 38.1886385646004 38.1441799994631 37.9526057484054 37.7121381763571 38.1985051396873 37.9360281240834 38.3107039528162 38.5546839547752
-1.7e+308 -1.7e+308 -1.7e+308 -1.7e+308 -1.7e+308 -1.7e+308 -1.7e+308 -1.7e+308 -1.7e+308 -1.7e+308 -1.7e+308 -1.7e+308 -1.7e+308 46.7840576056017 46.5215680135318 44.463948887364 40.8907755814732 39.4834124033034 40.0717101195334 41.1425139210226 40.5723563657647 40.0061359222981 39.7309420658203 38.4565240103077 38.662395141329 38.8713541716006 39.3373476997992 38.8374147812199 39.6285628289801 37.9462514187864 37.7592141252168 37.949157291594 38.9220769834982 40.252084426562 39.1823503983004 38.7184271324708 38.5853989650511 37.6751780626013 38.2294378110018 38.5126421962803 38.6135972528687 38.5214475660487 38.0735463719798 38.43381449506 38.6090872607824 38.4298013664201 38.7015105758691 38.6794115194501
