Scripts_&_data/WorldClim_2.0_rasters/WC2.0_bio_16_16.asc
NCOLS 642 
NROWS 378 
XLLCORNER -19 
YLLCORNER 19 
CELLSIZE 0.166666666666667 
NODATA_value -1.7e+308 
[rows 116 to 144 of 378, columns 528 to 593 of 642]
217.0625 215.8125 215.5 215.75 215 214 213.75 213.375 212.5 213.1875 213.6875 212.125 211.0625 210.9375 209.9375 210.0625 210.3125 210.5625 210.9375 211 210.9375 211.5625 212.125 212.625 212.9375 211.75 212.4375 213.9375 213.875 214.8125 213.5 214.3125 214.5625 215.125 214.875 214.9375 215.3125 215.3125 216.0625 215.5 215.75 215.6875 214.25 213 214.1875 215.3125 215.5625 214.125 213.3125 214 214.125 214.0625 214.9375 214.3125 213.875 214.125 214.5 214.5 214 214.375 215.1875 215.0625 215.5625 217.0625 218.1875 218.5625
217.8125 215.9375 215.875 215.6875 215.75 213.8125 214.1875 214.75 214.3125 214.8125 213.5625 213.0625 212.6875 212.125 211.8125 212.0625 212.625 212.3125 211.6875 211.625 210.6875 211.1875 212.125 211.6875 212.8125 212.6875 212.9375 214.9375 215.75 215.4375 214.875 216.1875 216.4375 216.625 216.3125 215.75 215.5625 216.5625 216.6875 216.9375 216.375 217.375 214.8125 214.4375 215.0625 215.1875 216 214.3125 214.5625 215.375 215.375 215.3125 214.6875 214.3125 215.3125 214.4375 212.875 213.0625 212 212.75 213.6875 214.75 215.375 217 216.875 218
218.5625 217.375 216 216.3125 216.5625 216.375 216 216 215.25 215.5625 214.5 212.8125 212 211.875 212.9375 213.6875 214.5 214.875 214.3125 212.5625 211.375 210.875 211.625 211.8125 212.9375 213.75 214.8125 215.1875 216.0625 215.6875 215.625 215.625 217.25 218 217.625 217.25 216.625 217.3125 216.9375 216.75 216.375 214.9375 215.4375 215.125 214.5625 214.5625 215.375 215.0625 214.8125 214.9375 214 213.4375 213.0625 214.875 214.6875 213.6875 213.375 213.875 214.125 213.25 213.25 215.75 215.8125 217.75 218.75 218.4375
219.25 219.1875 218.6875 218.375 219.6875 219.6875 219.75 218.0625 215.5 215.25 214.3125 214.5 213.8125 213.9375 213.4375 213.5 213.875 215 214.375 214.3125 212.4375 212.4375 212.5 212 212.9375 214.0625 216.125 216.8125 216.8125 216.875 216.1875 216.5625 217.25 218.1875 217.5625 218.125 219.3125 219 217.1875 216.875 216.375 215 216 216.4375 216 216.25 217 216.6875 216.9375 216.0625 216.25 217.25 216.875 217.1875 217.1875 216.9375 216.9375 216.6875 215.25 215.75 217.25 217.5625 217.5625 217.4375 218.6875 218.4375
220.5 219.25 218.3125 217.5625 218.625 219.25 219.3125 219.3125 217.4375 216.4375 216.6875 217.6875 216.4375 216.375 215.875 215.25 215.5 215.25 215.75 215.9375 215.5 215.5 214.75 214.625 214.4375 214.375 215.5625 216.75 218.375 218.9375 217.1875 217.5 219.3125 219.8125 219.625 220.3125 220.375 219.5 218.6875 219 218.25 216.5 217.625 217.8125 218.6875 219.75 219.8125 218.1875 217.625 216.875 218.4375 218.9375 219.375 219.5625 219.3125 219.125 219.0625 218.125 218.25 218.6875 218.1875 218.0625 217.625 216.75 216.8125 217.3125
219 217.875 217.5625 216.625 217.0625 217.875 218.625 219.875 220.375 219.125 217.25 217.1875 218.375 217.6875 216.1875 214.0625 215.0625 214.25 215.4375 215.9375 215.5 214.75 215.75 216.1875 216 216.125 215.5625 216.75 219 220.625 220 219.9375 220.3125 220.4375 220.4375 221.125 221.875 220.9375 219.75 219.9375 219.875 220.5 220.3125 219.875 220.5 220.875 220.625 219.8125 219.8125 219.9375 219.9375 220.9375 221 221.75 220.5 219.625 219.3125 219.375 219 218.5 218.4375 217.9375 217.375 216.9375 216.6875 217.1875
218.75 217.75 217.3125 216.5 216.875 217.625 216.8125 216.75 217.875 219.6875 219.75 219.0625 218.5625 217.8125 216.5 215.125 214.625 213.875 214.9375 216.4375 215.875 216 216.75 217.125 216.75 216.9375 216.9375 218.75 220.25 220.6875 220.9375 221.4375 221.3125 221.375 221.625 222.9375 222.875 222.5625 222.5 224.4375 224.125 223.25 222.5625 223.5625 223.375 222.875 222.5 222.25 222.1875 221.5 221.75 221.5625 221.0625 219.9375 219.8125 220.1875 219.1875 219.4375 218.5 216.625 216.1875 216.375 216.6875 215.6875 215.375 216.5625
217.875 218.9375 216.0625 216.6875 216.3125 217.1875 216.5 217.8125 217.5625 216.1875 215.875 215.25 215.9375 215.4375 215.9375 216.5 215.4375 214.875 215.1875 216.25 216.875 217.75 218.0625 218.1875 217.8125 218.75 219.3125 219.9375 219.3125 219.375 220.4375 220.8125 220.9375 221.9375 222.125 223.0625 223.875 223.125 223.25 224.1875 223.75 224.375 224.75 224.5 223.75 224.1875 224.25 223 221.6875 221.625 221.0625 220.1875 219.875 219.5625 218.4375 217.9375 217.3125 217.25 216.625 215.875 215.5 215.4375 214.875 215.125 215.6875 216.625
216.4375 214.8125 215.1875 214.5 214.8125 215.75 216.5625 215.875 216 215.375 214.625 214.6875 214.1875 213.8125 214.4375 214.5625 213.75 214.625 214.25 215.375 215.25 215.3125 215.8125 216.625 217.5625 218.1875 218.5 217.1875 217.6875 218.8125 221.5625 220.75 222.5 224.1875 222.4375 222.5 223.6875 222.9375 223.3125 223.125 222.875 222.875 222.5 221.8125 221.0625 221.1875 220.1875 220.25 220.9375 220.625 219.0625 218.25 218.1875 217.375 217.6875 217.1875 216.3125 215.8125 215.625 215.3125 215.375 215.6875 215.125 215.0625 215.1875 216.875
216.5625 216.125 215.25 214.6875 214.125 215.4375 215.8125 216.8125 215.1875 215.4375 215.375 216.8125 217.5 216.6875 217.125 216.6875 216.3125 215.6875 215.5625 214.75 214.4375 215 215.125 215.625 216.8125 216.875 217.4375 218.375 219 220.3125 221.125 222.0625 222.5625 223.9375 224.375 225.125 224 223.5 222.75 223.0625 221.75 222.875 222.6875 221.8125 220.875 220.1875 220.625 218.625 217.1875 216.9375 217 217.6875 217.125 216.5 215.75 215.125 214.875 215.625 215.625 215.5625 215.875 215.8125 215.75 216.4375 215.75 215.75
213.0625 214.1875 213.75 217.5625 215.9375 216.25 216.0625 215.875 216.8125 216.1875 216.3125 216.5625 216.1875 215.375 216.0625 216.125 216 216.1875 216.8125 215.9375 215.875 215.4375 216.5 217.625 218.3125 219.9375 220.625 222.1875 223.125 225.25 226.875 228 227.25 227.5625 228.3125 229.25 226.875 225.25 224.1875 223.6875 224.625 223.625 223.3125 222 220.9375 220.5 219.4375 218.9375 218.875 219.375 219.125 218.25 217.6875 217.3125 217.0625 217.3125 215.8125 216.5 217.5625 217.125 217.8125 218.25 217.5 218.0625 218.0625 219.4375
213.4375 212.6875 212.4375 212.5625 213.8125 215.5 216 217 217.0625 216.875 217.1875 218 217 215.875 216.125 217.3125 217.4375 219.125 218.5 218.25 218.3125 218.875 218.3125 220 220.5 222 222.9375 223.5 223.5 226.125 227.625 228.125 228.75 229.25 230.1875 230.3125 228.5 228.4375 228.0625 226.6875 226.25 227.0625 224.9375 223.9375 223.625 222.5 219.25 219.8125 217.625 218.125 219.0625 218.5 218.375 217.9375 217.8125 218.5 218.5625 218.625 218.6875 219.0625 218.8125 218.4375 218.375 218.8125 219.5 220.875
213 212.6875 212.6875 211.0625 212.125 214.125 215.8125 215.6875 216.375 216.875 216.375 216.625 215.4375 215.6875 216.0625 216.3125 217.75 219.4375 220.1875 219.375 220 221.0625 220.375 220.6875 220.9375 223.4375 224.8125 226.125 225.9375 227.125 227.5625 227.9375 228.875 229.8125 230.5 231.5625 231.4375 231 230.5 228.9375 228.3125 228.375 226.5 226 226.0625 225.1875 223.6875 221.4375 220.5 219.6875 218.75 217 216.875 216.9375 217.75 218.6875 218.4375 218.5625 218.625 219.375 219.5625 219.5625 218.625 219.25 220.5625 221.4375
213.0625 214.5625 212.4375 212.25 212.5 213.25 215.125 216.375 217.375 217.0625 217.0625 217.625 216.0625 216.8125 216.4375 216.6875 219 220.0625 219 220.0625 220.5 221.3125 221.4375 221.25 222.375 222.75 223.75 225.875 227.0625 228 228.6875 228.625 229 229.9375 232.0625 232.0625 231.9375 231.4375 231.3125 229.0625 227.5 228.875 228.8125 228.1875 226.9375 226.375 225.125 224.5 223.6875 223.4375 221.9375 219.5625 218.0625 216.0625 217.1875 216.1875 216.9375 217.6875 218.125 217.5625 217.875 218.5625 218.1875 219.125 220.125 220.8125
212.625 212.6875 213.25 212.75 212.25 213.25 215.375 216.4375 216.9375 217.0625 217.375 217.3125 216.125 216.25 216.5 217.375 218.1875 219.375 219.25 219.4375 219.8125 220.6875 220.8125 220.25 221.4375 221.875 223.9375 224.875 227 228 230.0625 230.625 230.875 229.125 230.75 232.125 232.3125 231.8125 231.0625 230 229.5625 227.625 228.75 229.3125 228.75 228.6875 227.625 227.25 225.1875 224.8125 223.3125 223.4375 223 220.0625 218.0625 217 215.8125 215.75 216.6875 217.5 217.6875 218.1875 218.3125 218.625 218.9375 219.25
212.875 213.0625 213.25 212.9375 212.3125 213.3125 213.5625 215.3125 216.1875 216.4375 216.5625 217.1875 215.9375 216.5 215.6875 216.1875 217.0625 217.0625 216.3125 216.4375 217.625 219.5625 220.3125 220.3125 221.1875 222.0625 222.125 224.5 227.25 228.5625 229.4375 230.0625 231.125 230.875 230.4375 229.75 229.9375 229.9375 230.5 230.0625 229.4375 229 229.5 229.6875 229.625 229 229.375 227.125 226.0625 224 225 224.6875 223.1875 221.5 221.9375 219.375 218 217.75 216.875 216.25 217.8125 218.1875 218.125 217.625 217.25 217.9375
211.5625 211.0625 212.3125 212.625 212.125 210.875 213.125 215.0625 215.75 215.0625 215.125 215.25 214.6875 215.6875 215.75 215.625 215.6875 216.8125 216.875 217.25 218.125 219.25 219.625 220.5 222.4375 222.5 222.6875 224.4375 225.625 226.375 228.125 229.9375 230.125 231.0625 229.9375 230.1875 229.6875 228.625 229.0625 229 229.5625 230.8125 231.8125 232.0625 231 229.75 229.1875 228.375 228 226.75 227.25 226.375 224.5 223.75 223.8125 221.8125 220.25 218.875 218.0625 216.4375 215.5625 216.375 216.8125 216.5625 216.5 216.0625
211.5 211.375 210.875 211 211.25 211.8125 212.125 212.8125 213.125 213.5625 213.25 213.25 213.8125 214.8125 214.75 215.25 216.4375 217.25 217.5 218.25 219.1875 219.6875 219.9375 220.3125 221.0625 221.3125 221.875 223.375 224.5 225.75 227.4375 228.1875 228.3125 229.6875 230.1875 230.125 229.8125 229.25 229.4375 229.875 230.6875 231.5625 231.75 231.4375 231.375 230.875 230.0625 229.5625 229.4375 228.0625 227.375 226.625 225.1875 224.6875 224.5 223 222 221.375 219.9375 217.5625 215.75 217.875 215.6875 215.3125 214.5625 215.4375
211.1875 210.3125 210.5 211.75 211.4375 211.875 211.1875 210.875 210.8125 211.1875 211.625 212.5 213.4375 214.125 214.75 215.25 217.125 216 216.25 217.1875 218 218.0625 218.8125 219.6875 220.0625 220 221.6875 222.9375 224 225.6875 226.375 227 227.3125 228.625 229.5 228.875 229.125 229.75 230.0625 230.3125 230.6875 231.1875 232.3125 231 231.125 230.3125 229.375 230.0625 229 227.9375 227.625 227 227.0625 225.4375 224.875 223.4375 222.4375 221.625 221.1875 219.75 218 215.4375 213.875 213.0625 213.0625 213.6875
211.6875 212.25 212.125 212.9375 212.4375 211.25 210.9375 211.125 210.9375 211.0625 210.4375 211.375 211.875 213.375 213.875 214.8125 216.1875 217.375 216 215.6875 216.0625 216.75 218.0625 219.0625 220.0625 220.5 220.5625 221.375 222.75 224.125 225.375 225.5 226.1875 226.5625 227.125 227.6875 228.5625 229.5625 230.625 230.8125 231.25 232 231.875 231.75 230.625 229.625 230 230.25 229.125 227.25 226.3125 226.125 225.4375 224.1875 224 223.25 222.75 222.0625 221.625 219.125 218.5 217.9375 216.5 215.1875 213.0625 211.6875
211.8125 213 212.4375 212.625 212.125 211.3125 212 211.8125 211 211 210.3125 210.0625 210.4375 210 212.3125 213.625 215.3125 215.375 214.9375 216.1875 216.125 216.625 217.875 218.125 218.9375 220.875 221.8125 221.875 221.75 222.0625 223.3125 223.6875 224.625 225.375 225.8125 226.1875 227.125 227.9375 229.5625 230.375 231.4375 230.9375 231.0625 231.1875 231.4375 230.1875 229.125 228.125 227.4375 226.75 225.5 224.8125 222.8125 222.6875 222 221.8125 221.5625 220.6875 218.9375 218.0625 218.0625 217.625 217.5 217 216.1875 216.5
209.5 210.1875 210.4375 210.75 211.5625 211.0625 211.375 211.125 209.75 209.8125 209.4375 209.4375 208.9375 209.25 211.4375 213.0625 214 214.25 213.875 214.9375 215.5625 217.125 217.3125 217.375 217.875 218.4375 219.5625 220.3125 220.3125 221.375 221.25 221.4375 223.125 223.875 224.375 226.0625 227.625 227.625 229 230 230.4375 231.9375 231.3125 231.5 230.0625 229.0625 227.25 227.1875 226.3125 225.6875 225 224.25 225.1875 225.125 223.5625 222.125 221.5625 220.5 218.4375 217.3125 216.75 215.1875 214.75 215.4375 215.3125 213.6875
209.5 208.5 210.25 211.5 211.875 211.3125 209.875 208.6875 208.9375 208.4375 208.4375 208.8125 208.9375 210 211.25 211.0625 210.9375 210.875 211.6875 212.3125 213.8125 214.9375 217.0625 216.5625 216.375 217.75 217.5625 218.4375 219.8125 220.625 220.8125 222.4375 222.75 224.125 224.6875 226.8125 226.75 227.1875 228.1875 229.5 230.375 231.1875 231.4375 230.875 230.5625 229.0625 227.9375 229.3125 227.75 226.3125 224.75 225 224.125 222.625 221.75 221.6875 220.75 219.875 219.8125 219.625 217.875 215.9375 214.875 213.8125 213.8125 214.5
209.75 209.6875 209.375 208.875 210.0625 210.1875 209.625 208.4375 207.375 206.875 206.25 206.6875 207 207.5625 208.25 209 210.5 210.8125 211.25 212.4375 212.9375 213.4375 213.4375 214.5625 215.625 215.75 216.375 217.1875 218.6875 219.1875 220.375 220.9375 221.75 222.9375 224.0625 224.875 225.4375 226.75 227.375 228.6875 229.5 230.9375 231.3125 231.1875 229.3125 228.8125 229.9375 227.8125 225.75 223.8125 223.4375 223 222.3125 220.75 221.625 220.8125 219.5625 218.75 219 217.875 216.0625 214.125 214.25 215 214.5 214.5625
209.8125 209.3125 208.8125 207.1875 206.625 206.4375 206.1875 206 205.5625 205.625 206.1875 206.6875 206.75 206.1875 205.875 207.875 209.25 209.0625 210.6875 211.1875 211.375 212.3125 213.3125 214.0625 214 215 215.5 215.75 216.375 217.5625 217.875 218.0625 218.6875 220.4375 221.9375 222.1875 222.75 224.75 225.375 227.25 227.8125 228.75 230.0625 230.4375 229.4375 228.9375 227.75 225.5 223.9375 223.6875 223.75 221.5 219.75 220.875 220.0625 219.625 218.5625 217.9375 218 216.5625 215.3125 214.125 212.0625 213.875 214.0625 213.3125
208.8125 208.1875 207.625 205.4375 204.9375 205.8125 204.1875 203.6875 204.0625 204.25 204.5625 205.5 205.25 205.75 205.625 206.125 207.25 207.8125 209.3125 211.0625 211.375 212.3125 211.875 212.0625 213.625 214.4375 215.3125 215.625 217.0625 217.9375 218.8125 217.8125 218.4375 218.375 218.9375 219.6875 220.6875 222.1875 223.375 224.875 225.875 226.5 227.625 227.875 229 229.4375 228.875 226.875 223.8125 222.375 220.75 219.5 218.625 219.0625 217.9375 217.75 218 216.625 215.8125 215.0625 214.625 211.9375 210.625 211.4375 211.5625 212.25
207.375 205.9375 205.0625 203.6875 203.4375 204.0625 203.625 202.4375 202 202.625 203.3125 203.1875 202.75 203.1875 204.3125 205 206.0625 206.5625 207.75 208.8125 209.375 209.6875 210.3125 211.5 213.0625 213.125 213.75 214.75 216.0625 216.0625 216.0625 216.5 216.5625 216.9375 217.1875 217.4375 218.125 220.25 221.125 221.75 222.625 222.5 224.375 226.3125 227 225.9375 224.875 223.875 222 221.0625 218.75 217.25 216.75 217.375 216.0625 216.5625 215.6875 214.25 213.25 212.3125 211.8125 210.625 210.375 210.3125 210.8125 210.1875
202.875 201.3125 201.75 201.4375 200.3125 201.125 201.75 201.875 200.9375 201.1875 200.9375 201.25 201.3125 202.25 203.25 203.375 204.4375 205.4375 205.625 206.5 207.875 207.5625 209.1875 210.5 211.25 213 213.4375 213.0625 213.6875 214 214.1875 214.1875 214.625 215.0625 215 214.9375 215.375 216.375 217.3125 218.4375 220.625 221.4375 222.1875 222.625 223.5 222.8125 221.125 219.875 219 218.8125 218 216.875 214.9375 215.125 215.1875 214.625 213.5 211.6875 210.9375 210.5625 210.25 210.1875 209.625 208.25 208.125 207.5
199.0625 198.5625 198.25 197.4375 196.5 196.4375 196.3125 195.8125 194.375 195.9375 196.875 197.75 198.75 200 201.25 202.1875 202 202.9375 204.0625 205.4375 206.6875 207.1875 208.9375 209.75 210.25 210.0625 210.9375 210.6875 210.6875 209.9375 210.9375 211.25 212.5625 212.5625 213.8125 214.5 213.5625 213.0625 214.75 216.8125 218.4375 218.375 218.375 220 221.25 220.3125 219.3125 218 216.125 215.75 215 215.1875 214.9375 213.5625 212 210.875 209.875 209.5 208.5625 208.5625 208.875 209.5 209 208 207.75 207.5
