Scripts_&_data/WorldClim_2.0_rasters/WC2.0_bio_07_16.asc
NCOLS 642 
NROWS 378 
XLLCORNER -19 
YLLCORNER 19 
CELLSIZE 0.166666666666667 
NODATA_value -1.7e+308 
[rows 252 to 272 of 378, columns 528 to 575 of 642]
39.1682501137257 39.0442502498627 38.430250197649 36.8649998903275 36.014250099659 36.6890000402927 34.3272500634193 34.6610001325607 35.7870001494884 36.0087501108646 35.5105000138283 35.8412497639656 36.6845000982285 35.2255001068115 34.5990000367165 32.9369998574257 32.9264999032021 32.5505000352859 32.9487500190735 33.0362498164177 31.8522500097752 32.1004999876022 33.594250023365 33.8179998993874 34.8737500309944 34.8262497782707 35.2162499427795 37.0795005559921 38.7072498202324 37.869250357151 34.9204999804497 34.3575001358986 34.2570003271103 34.708250105381 34.2807500362396 33.2420000433922 33.9082500934601 33.1929998993874 33.8575000166893 36.3467501401901 38.8889998793602 40.8312501311302 40.6610000133514 40.4165000915527 41.8230000138283 44.2337501049042 44.5292496681213 43.888000190258
36.3535001277924 35.903499931097 34.7317497730255 34.7655000090599 33.2569999694824 33.0505001246929 32.8735000193119 31.0752501487732 31.9949998259544 31.5457499027252 31.3460001945496 32.4935002326965 32.0102500319481 30.4472503364086 30.4724997580051 29.9157500565052 29.5425001978874 30.4442499876022 32.122750043869 32.4962499141693 34.7544998526573 33.060750067234 36.0342500209808 38.3985002040863 38.8465001583099 39.708250105381 40.3945000171661 38.7139999866486 39.2822499871254 35.9755003452301 35.0692502260208 34.3652499318123 34.2540002465248 34.6845000386238 35.8727499842644 36.0989999175072 35.9602500200272 37.3810002207756 36.8987499475479 38.4712498784065 41.1675001382828 43.4664996266365 44.0282496213913 44.5987500548363 46.8577500581741 47.4769999980927 47.4797500371933 47.4487501978874
32.6310001015663 30.960250377655 29.007500231266 27.9247499704361 27.3757497370243 27.2249998152256 27.449500232935 27.4112498760223 27.1407501399517 27.4202498495579 27.9297500550747 30.8275002241135 31.1175000369549 29.7267500162125 29.1400001049042 29.8557499945164 34.7920001149178 38.3102499246597 37.9287499785423 38.9372500181198 40.5677499771118 40.8390001058578 41.3717498779297 41.4019999504089 41.6194999217987 41.816750228405 39.3237502574921 37.4020000398159 37.4879999756813 35.697250187397 36.6377503871918 34.459500014782 33.417749941349 33.9345000386238 34.514999806881 35.6677502393723 39.4112501740456 38.7780000567436 39.7255001068115 40.4917499423027 42.0722500681877 43.6970002055168 44.1552500724792 46.1770002245903 48.5439997911453 47.5905002951622 45.4305002093315 47.2042496800423
32.8512498736382 33.0449999570847 32.0144998431206 32.2964997291565 31.1289998888969 30.7854999899864 29.4914999604225 29.5710000097752 29.8855000138283 29.9157503545284 29.639999806881 28.9692499041557 28.8374998867512 33.6932500004768 32.3449999094009 34.5357499718666 38.8179998993874 37.2967499494553 35.8402500450611 37.9207503199577 35.5567498505116 34.6474997848272 33.916249871254 32.4044998777099 31.8559999857098 34.9025002121925 34.0462499931455 32.4442499242723 35.0122501403093 34.7134999930859 36.2754999995232 36.3344999551773 36.2672500014305 35.7224999666214 35.2375000119209 37.0007500052452 40.2297502756119 41.7450000047684 43.1487498879433 44.038499712944 43.6409997344017 43.1995000839233 43.5540001988411 44.4670003652573 45.5275000929832 46.3060001134872 47.1417504549026 49.0145000815392
29.941750228405 29.8519998192787 29.7130002379417 29.8772503137589 29.5812498927116 29.9075000286102 30.250500023365 32.7715000510216 31.321750164032 31.6822502017021 34.787750005722 35.006500005722 34.1044998764992 37.6582500934601 38.6252500414848 38.7824996709824 32.3045001029968 30.1277500391006 33.1652499884367 34.6702498793602 34.8637500107288 34.4747501909733 33.0029999315739 32.0614997688681 33.4845002479851 37.2439999878407 37.8417502343655 34.1954999119043 34.6860001087189 37.6744997501373 36.0824999213219 33.5295000821352 32.7265000343323 34.2252500802279 34.7825000584126 35.2772499024868 38.5275000333786 42.240749835968 44.3949999809265 43.8594998717308 43.1965000629425 43.1345003247261 43.849249958992 44.5479995012283 45.6429998278618 46.863499879837 47.8474999666214 49.6404997706413
29.5130000114441 30.7557498812675 32.0524999499321 28.9945001006126 29.7412497401237 29.3135001063347 35.5135000944138 37.8002500534058 36.267000079155 37.2932500839233 37.9050000309944 36.8530000448227 35.2717497348785 35.9777500033379 32.623250246048 32.9114998579025 33.2175001204014 31.9717500191182 31.0499998186715 33.2065000087023 34.0517500936985 34.6399998664856 32.9987500756979 33.2140001356602 37.7302498817444 35.5682502090931 35.0172500610352 37.9782499670982 32.0832502841949 35.0530001223087 35.1460002958775 36.2264998555183 37.0024998188019 36.8772501051426 31.4392498135567 33.3382498025894 34.8992500305176 37.0672500729561 41.4679999947548 42.9080000519753 43.0649997591972 44.6797503829002 46.3235005736351 47.3242501020432 47.3857505917549 48.3862501978874 49.2567499279976 49.2037499547005
29.9129997491837 34.7247503995895 32.5935001373291 33.2260001301765 33.4157502055168 36.1472499966621 39.6782501935959 36.6819999217987 35.4962502717972 31.1057498455048 32.3072499632835 34.3722499608994 33.9387499094009 31.4212501943111 31.9572501182556 34.0900002717972 30.8170000761747 29.793499917374 29.1537498254329 30.8119999468327 31.4834999442101 32.40375007689 35.2372498959303 34.6152500510216 36.249499976635 37.6222501397133 36.4392501115799 36.6120001971722 34.41999989748 34.8024997860193 36.7397499084473 36.1470001935959 37.0152499079704 37.2842500805855 34.7617499828339 32.7437498867512 31.8844996988773 34.3862500190735 36.7785002589226 38.5872501134872 41.4242500066757 44.8019996881485 44.9187501072884 45.9045000076294 48.9829999804497 50.7332507371902 50.8025001883507 51.0862491726875
35.2372502088547 36.7757502198219 36.978749871254 37.5209998488426 38.0299999713898 37.6634999513626 35.5050001144409 37.6162496805191 36.2357499599457 36.4020001292229 36.6007500290871 34.8950001001358 31.7705001831055 35.5009998083115 31.2255003005266 32.3022500276566 32.3189999461174 31.9167501032352 32.0392500534654 30.8939999789 32.2782500996254 34.9717501997948 35.3817501068115 35.6687501966953 37.4980002641678 38.535749912262 38.0539998412132 37.7907500267029 36.803749859333 38.0114997625351 37.154500067234 37.2705000042915 35.7669998407364 36.0077498555183 34.8379999995232 35.8012499809265 33.5172499716282 35.0725000202656 35.538499891758 35.7549999952316 36.8154997825623 39.0374997854233 43.787750005722 46.0977499485016 48.100499689579 49.6104994416237 50.9422499537468 51.3335001468658
39.5352495610714 37.8109998703003 37.8522497415543 37.6587501764297 37.3422498703003 37.2402502894402 37.4912500977516 36.6992502212524 35.9175000786781 34.0724999904633 34.7634999752045 34.5219996571541 32.3649998903275 30.7917503714561 30.0720000565052 30.3027501702309 36.0622498393059 35.5035001635551 31.7940000295639 31.5037497673184 30.9884997698537 33.711249936372 37.6315002739429 37.7330003380775 38.5235003232956 34.9077501446009 34.2212500870228 37.9969998598099 38.7292503118515 38.5542499423027 38.8130002617836 38.1439998149872 38.1775001883507 37.0057497620583 35.6794998049736 35.2424999475479 33.7264999721665 30.9132499285042 31.1942499130964 33.069500207901 32.6555000543594 33.7047498822212 38.6660001277924 43.6315000653267 46.347750544548 47.9279998540878 49.9959998130798 51.0600000023842
38.6157501041889 38.2142496705055 37.0787498354912 37.4662501513958 37.8817498981953 37.6432501673698 37.6212498545647 36.355000436306 35.2677500247955 33.8872500658035 36.7090000510216 36.9159997701645 36.7587497830391 33.7717499136925 33.0840001106262 35.8257496953011 33.2932500243187 33.9885001778603 33.4942497760057 31.38874997315 34.0882499739528 35.9514998346567 35.7882499992847 36.7367503046989 37.467249751091 33.2980000376701 33.230750054121 34.6452501416206 35.9880002140999 38.3710001111031 39.697499871254 39.4332501292229 40.302000105381 39.0752499103546 37.7832499742508 34.866250038147 35.7517501115799 33.7664999514818 32.2232498526573 32.7997497916222 33.4555001854897 34.5464998483658 34.1290001869202 37.7389999032021 40.944749712944 45.3280000090599 48.0460000634193 49.2045005559921
38.46875 38.0977500677109 38.4037499427795 39.6292495727539 39.0419999063015 38.5137500166893 38.2035001516342 37.5477500557899 34.1297498941422 37.8187500238419 33.3884999752045 36.3070001602173 31.8557499647141 36.0074998736382 36.9687501192093 35.8547500967979 32.6322501003742 32.1379999220371 33.2097500860691 38.0592500567436 38.1834998726845 36.9412495493889 34.1599999070168 36.8285000324249 37.5395000874996 36.3482497632504 38.1527500152588 37.1379998922348 37.1665000915527 38.5214996933937 39.9777498245239 39.3395001292229 38.5440002083778 37.4385002851486 39.1624997258186 36.6207498908043 32.1034999266267 31.8252502456307 31.8939995765686 32.7662500739098 32.6474999189377 33.7382501363754 33.4087501168251 35.0517499446869 36.5192500352859 42.1082501411438 46.0385006666183 47.7365002036095
38.4070000648499 40.2527503967285 39.4837495982647 39.2232502996922 38.9077501296997 39.554499566555 38.0125001072884 37.3092500567436 36.6747499704361 35.121249973774 30.6690002083778 31.6652501225471 30.304999679327 36.1475002169609 34.3862497806549 32.3599998354912 33.250749707222 37.1537500023842 37.2997498512268 35.5097500681877 33.1270001679659 33.4170001000166 34.0290000140667 34.9510001838207 35.7935000360012 35.8424999713898 35.8855000734329 38.3649997711182 38.9352499246597 40.2172499299049 39.5527499318123 40.2319999933243 40.5005003213882 40.5242494344711 38.8082499504089 35.9530001878738 36.2497496008873 34.7497497498989 34.2820000350475 33.2884999513626 34.0037496685982 35.393000125885 36.3599999547005 37.5765001177788 36.9870002865791 41.2975000143051 43.2794998288155 46.7152506113052
40.7727499306202 42.0605000257492 39.8434996902943 39.8385001122952 39.7272501587868 38.4737502038479 37.4372501671314 38.9794998764992 36.6742501854897 38.2372499704361 35.2810000777245 31.0802499651909 34.0075000524521 37.1280000805855 36.6197499632835 37.5462499260902 35.8750000298023 35.5232498049736 31.9202501475811 31.8912499696016 31.7620002180338 33.4234997034073 35.335499972105 38.6142500042915 35.0814997851849 35.8672501146793 37.063000023365 39.5972498655319 39.0270000696182 38.1737497448921 39.4575003385544 38.2127497792244 38.6127502322197 39.9747499227524 39.7990002036095 36.4765001535416 37.1615000367165 37.1382501125336 35.3197500705719 32.5847500860691 34.2650001645088 33.7272496819496 34.5637499094009 38.2192497849464 38.9422500729561 42.8575002551079 44.3214998245239 47.5687497854233
42.8952499330044 43.5627501308918 41.8952494561672 40.8495005071163 39.5829996466637 38.2627497911453 37.0797502696514 38.9650001525879 38.4679998755455 36.5352498888969 33.0292500853539 34.9302499890327 37.5717498064041 31.7869999408722 32.2419999241829 37.4515001177788 32.8757500052452 33.5314999520779 32.8160001039505 34.2232502102852 35.8924999833107 36.9607501626015 36.2014998793602 41.5227499604225 39.702250123024 40.8577498793602 39.3540001511574 40.510250210762 41.2312500476837 40.4685005545616 39.4682502746582 39.9967501163483 39.5454998016357 38.913250207901 40.2352496385574 36.5542499423027 35.2730000019073 37.8230001330376 36.8150000572205 35.7712498307228 33.9602499008179 34.0547500252724 35.3475002646446 35.7330000400543 37.1994999051094 40.7495000958443 43.0887501239777 45.9484997987747
42.3909997940063 42.4062498807907 42.0597499907017 41.013749986887 40.3887496292591 38.8679999113083 37.1929997205734 38.8972498178482 38.1594999432564 39.546249806881 35.7674999833107 39.5739998221397 37.8162501454353 32.4600002169609 35.1949999332428 37.2922498583794 37.9692502617836 33.0192497372627 32.0335000157356 32.5330000072718 35.1450001597404 37.0344999432564 34.110749989748 38.7150001525879 38.4467502236366 36.5020002126694 34.5567497611046 35.1962501704693 37.4044999480247 36.7442495822906 39.3597499728203 40.1367503404617 40.5577502250671 39.2022497057915 39.3372503519058 37.6177498698235 35.0904999375343 36.5467500090599 37.7989998459816 37.7799998521805 35.3889998197556 32.6195001006126 33.1784999966621 35.7545000314713 34.382249891758 37.8730002045631 39.9470000267029 41.5969998836517
42.8592501580715 41.3655000030994 41.3737499713898 41.7260001301765 40.8447504341602 38.6227500736713 38.1377498209476 38.7772498726845 39.3087498545647 39.0957497954369 38.4162499904633 41.1715000271797 38.044499874115 34.0267497301102 37.2497498393059 38.9220002293587 35.695500254631 32.2289998531342 35.2160001993179 38.7824998497963 41.0845000743866 38.6362501978874 35.9149999916553 35.8292498886585 37.9715000391006 40.9214995503426 40.8152497410774 39.2804995775223 39.4527500271797 39.3140000700951 37.9840000271797 37.0327501893044 38.1307500004768 39.3150003552437 40.6355000734329 39.5249997973442 35.8839999139309 34.9244997799397 37.058000087738 34.605250030756 34.6355000138283 33.4605000019073 32.9072501063347 35.702250123024 32.8875002861023 36.4175002574921 38.8579998612404 42.2717499136925
41.6572501659393 43.0332496464252 42.8002499043941 43.1185004115105 41.2840005755424 38.6317503452301 38.6292496323586 39.1472499668598 40.4292505979538 39.3650002479553 38.602999985218 42.3709999322891 39.9042501449585 32.3290002346039 36.1525000929832 36.7022497653961 36.9547500610352 36.6824998259544 39.5852500796318 39.025999724865 37.5854998826981 35.0615001022816 35.1162498295307 38.5832499861717 37.5422502160072 34.5787498950958 32.7887497842312 33.7825002968311 34.2674999833107 34.0195002257824 35.838750064373 37.0687497854233 36.4170000851154 34.5250000059605 35.0864998996258 35.285000026226 35.6227497160435 35.811999976635 38.1657497882843 36.2100002169609 33.6032501161098 35.0940002202988 35.8437499403954 34.4937499165535 32.8844999074936 33.4169998764992 38.8302500844002 39.4130000472069
43.6697500050068 43.1117496788502 43.3314997255802 42.1977502405643 40.5790002644062 39.4989999234676 39.3119997084141 40.5967502295971 39.3704998493195 40.3045002818108 38.1815001070499 38.5250000357628 37.0927500128746 36.107250213623 36.7387498617172 34.4760000705719 32.1999999284744 34.7284998893738 33.2322500795126 32.1094997227192 32.9062497243285 34.1532501280308 36.9669997096062 34.0514998435974 32.3684996962547 32.1769999340177 34.6517502367496 36.9025000333786 37.0280000567436 37.857250213623 37.6097503304482 34.5905002951622 33.6602499186993 34.1839998662472 36.2339999079704 37.6547500491142 36.209999859333 34.8394999802113 38.9222500324249 38.1864998340607 33.2397502064705 34.4964997768402 34.1807498335838 33.1407498717308 33.5047498345375 33.991250038147 37.7920001745224 36.8917497992516
45.2705001235008 43.5240002274513 42.2090001702309 40.4512502551079 40.5244995653629 39.0900003612041 41.2162504196167 40.661999642849 38.6969998478889 38.468249797821 38.3617500662804 39.0915000140667 37.7365001440048 31.2475000619888 32.9752498567104 35.4109999537468 31.5364997982979 31.6997500956059 34.469499617815 36.917999625206 35.4955002069473 33.5482501685619 33.452000066638 33.79499989748 34.2082498669624 33.6287497282028 39.1742498278618 35.8355000019073 34.739000082016 34.7424998283386 32.9430001676083 33.1685001254082 34.1682499051094 34.8347498476505 34.1525000333786 33.8857497125864 36.6702501475811 34.5689999163151 32.8749998211861 37.3852499723434 33.6747498810291 35.0494999289513 34.3630000352859 32.9317500889301 33.297249764204 31.8837497830391 33.7540001869202 35.5684998631477
42.575000077486 41.4247493743896 41.1947502493858 40.4355003237724 40.1607494056225 39.4677498042583 40.2607504725456 38.710000038147 38.8865000605583 34.8504999876022 35.6829999685287 38.1892499923706 37.8397497534752 30.9657500982285 33.5724999308586 38.0772501826286 33.5550001263618 36.2332502901554 34.0512500107288 31.27275029663 31.5419999733567 33.376250192523 33.2682501375675 35.1292498111725 34.1012503877282 33.2557496502995 33.2055001556873 32.7649996876717 31.5535000860691 32.2042497619987 33.0509998202324 33.8377501368523 35.0659997165203 35.3215001225471 36.0467498898506 36.0737495422363 36.2042500078678 35.7385002374649 34.3045000582933 33.3679998070002 34.939000248909 32.6250000298023 35.0214999914169 32.2970001250505 32.0332497954369 33.6132500469685 32.3434999287128 32.7337498962879
42.1055001318455 40.1512498259544 40.4255005419254 39.6907505095005 39.3697499036789 39.2584998905659 36.6194999814034 39.279500067234 36.8870000243187 31.4005001187325 37.0864999294281 38.8967497944832 35.1252501606941 33.7705000042915 37.5304999947548 33.5867497622967 33.515999943018 30.5612501502037 30.4322500564158 32.2669997736812 36.5217497944832 37.3909996747971 33.9802502095699 34.2155000865459 32.3690002560616 34.2314999103546 36.3887497782707 33.9237501621246 35.6580002307892 34.1670001745224 34.5430001914501 32.1600000746548 31.5167499678209 33.9574999213219 34.9805000126362 35.1597501635551 33.7104999423027 34.3957498073578 35.778500020504 34.0477499812841 32.8079998195171 34.282999932766 34.8412498831749 35.0804999768734 34.7919997572899 32.6070001125336 33.8917501270771 33.5015001296997
