Scripts_&_data/WorldClim_2.0_rasters/WC2.0_bio_05_16.asc
NCOLS 642 
NROWS 378 
XLLCORNER -19 
YLLCORNER 19 
CELLSIZE 0.166666666666667 
NODATA_value -1.7e+308 
[rows 168 to 188 of 378, columns 240 to 287 of 642]
20.6994999647141 21.086500287056 21.1370000839233 21.4479999542236 21.4122498035431 21.2247503995895 21.1897501945496 21.1937501430511 21.0822503566742 20.9805001020432 20.8222497701645 21.0340001583099 21.0417499542236 21.0965002775192 21.1532504558563 21.2817496061325 21.3794996738434 21.4232498407364 21.3184996843338 21.2524998188019 21.1640005111694 21.0260001420975 20.9489997625351 20.9077497720718 20.8542497158051 20.8079999685287 20.7130001783371 20.7515000104904 20.7185000181198 20.5837502479553 20.5972502231598 20.5987503528595 20.5437499284744 20.4444998502731 20.3504997491837 20.043999671936 19.8997498750687 19.9960001707077 20.5595000982285 21.1532499790192 20.665500164032 20.6897504329681 20.7840000391006 21.0155001878738 21.0480002164841 21.0540000200272 21.1672506332397 21.2340000867844
21.065500497818 21.2082500457764 21.3304997682571 21.4184999465942 21.2515001296997 21.4145001173019 21.3972498178482 21.2187503576279 21.2477501630783 21.1842504739761 21.1632499694824 21.1387504339218 21.1770004034042 21.1625006198883 21.1795008182526 21.1045002937317 21.2012499570847 21.4394998550415 21.3307493925095 21.2944999933243 21.2254999876022 20.962749838829 20.887749671936 20.9110000133514 20.8652493953705 20.780749797821 20.8947497606277 20.6814999580383 20.3094999790192 20.3055002689362 20.5974998474121 20.6450003385544 20.5689998865128 20.4689997434616 20.3607497215271 20.1234999895096 20.2565001249313 20.4625000953674 20.6159999370575 20.8637497425079 21.0337500572205 21.2712496519089 21.1407502889633 21.171250462532 21.1830004453659 21.1404999494553 21.2355000972748 21.3717497587204
21.2077502012253 21.309249997139 21.4464997053146 21.5407501459122 21.5797502994537 21.4237496852875 21.2752499580383 21.2512497901917 21.2684999704361 21.2999997138977 21.3237496614456 21.2472501993179 21.1740005016327 20.9714996814728 21.0785001516342 21.0512499809265 21.15725004673 21.2285001277924 21.3907498121262 21.424499630928 21.2932499647141 21.0735001564026 20.9069999456406 20.9027500152588 21.0072498321533 20.9044997692108 20.7947497367859 20.4869998693466 19.841500043869 19.8992500305176 20.2962503433228 20.735750079155 20.7345002889633 20.7674999237061 20.8085000514984 20.5735002756119 20.7640000581741 20.8072497844696 20.83524954319 20.9937496185303 21.1467506885529 21.3489996194839 21.3747501373291 21.3362498283386 21.2754998207092 21.2717499732971 21.3132495880127 21.4564998149872
21.4429998397827 21.5747503042221 21.7777498960495 21.8249996900558 21.7484999895096 21.5785002708435 21.3914997577667 21.287499666214 21.4337496757507 21.5227500200272 21.2455002069473 21.1995000839233 21.2212500572205 21.090750336647 21.0862500667572 21.0382500886917 21.0254999399185 21.3379998207092 21.4292497634888 21.4039995670319 21.3877495527267 21.3122496604919 21.2477501630783 21.1910004615784 21.0230001211166 20.7572498321533 20.4520000219345 20.4282499551773 20.1787502765656 20.0479997396469 20.2919998168945 20.6452498435974 20.7779997587204 20.6834999322891 20.9997497797012 20.7450000047684 21.0895001888275 21.147500038147 21.0397502183914 21.1547496318817 21.2684996128082 21.2062505483627 21.3449999094009 21.4472497701645 21.3919999599457 21.4109996557236 21.3437501192093 21.46774995327
21.7584998607635 21.8617500066757 22.0742499828339 22.0419999361038 21.9094997644424 21.7414999008179 21.624499797821 21.4252498149872 21.5600004196167 21.6090000867844 21.4852499961853 21.425999879837 21.3324999809265 21.3507496118546 21.2507500648499 21.1672501564026 21.1874997615814 21.2742500305176 21.0989999771118 21.1305000782013 21.1087501049042 20.9717500209808 21.2302500009537 21.0895004272461 21.1157503128052 20.9844996929169 20.5445002317429 20.4207499027252 20.3040001392365 20.4417500495911 20.5899994373322 20.567999958992 20.6865001916885 20.8269999027252 20.9059997797012 20.8897500038147 20.9825003147125 21.0315001010895 21.2974996566772 21.4790000915527 21.4262498617172 21.287750005722 21.5737501382828 21.5875002145767 21.5289999246597 21.6570001840591 21.5767500400543 21.6304997205734
21.7982499599457 22.024749994278 22.1790001392365 22.3352499008179 22.0287500619888 21.8112499713898 21.6557503938675 21.7327500581741 21.6090000867844 21.5567500591278 21.548500418663 21.5590002536774 21.5302500724792 21.4064996242523 21.290749669075 21.3019994497299 21.2537497282028 21.2584999799728 21.1570004224777 21.0905005931854 21.0517501831055 20.8964998722076 20.9257497787476 21.00375020504 20.8434997797012 20.932249546051 20.9292498826981 20.5695000886917 20.7215001583099 20.8289997577667 21.0597500801086 20.807000041008 20.7070000171661 20.8215000629425 20.8832499980927 20.9029997587204 21.1272503137589 21.2402499914169 21.5079998970032 21.8087500333786 21.8092501163483 21.5617499351501 21.6737500429153 21.6750001907349 21.7179999351501 21.6377503871918 21.620250582695 21.7359999418259
21.985750079155 22.1182503700256 22.2694998979568 22.1680006980896 21.9847500324249 21.9229998588562 21.7427498102188 21.7307502031326 21.5987503528595 21.5615001916885 21.5455000400543 21.569500207901 21.5447504520416 21.5075000524521 21.4477498531342 21.3992499113083 21.3607496023178 21.2882497310638 21.1452499628067 21.0375001430511 21.0184998512268 21.0630003213882 21.0777502059937 21.080500125885 21.0317500829697 20.9785001277924 20.9119998216629 21.0737497806549 20.8264998197556 21.0597500801086 21.0204999446869 20.8632496595383 20.8952498435974 21.1310003995895 21.2047501802444 21.3002499341965 21.3830000162125 21.4712499380112 21.510999917984 21.8067501783371 21.9447495937347 21.9097501039505 21.6629999876022 21.6492502689362 21.7872499227524 21.9032498598099 21.9099998474121 21.8655000925064
22.0767503976822 22.2007499933243 22.443500161171 22.2760001420975 22.0192501544952 22.0080000162125 21.9739999771118 21.8702495098114 21.7599999904633 21.72250020504 21.6540004014969 21.6112505197525 21.5367500782013 21.5470002889633 21.4504998922348 21.3377496004105 21.1792505979538 21.1480005979538 21.1930000782013 21.1735005378723 21.2050000429153 21.1550002098083 20.973249912262 21.0790002346039 21.0995004177094 21.1077502965927 21.2157497406006 21.1630002260208 21.0332499742508 21.0825002193451 21.0322498083115 21.0367498397827 21.2467501163483 21.307000041008 21.2600001096725 21.3855000734329 21.53225004673 21.8892501592636 21.8550000190735 21.8669998645782 22.0642502307892 22.1295000314713 22.1564997434616 22.103749871254 21.9110000133514 22.0689997673035 22.0752500295639 21.9977498054504
22.343999505043 22.3952498435974 22.4952504634857 22.2450001239777 22.1630005836487 22.0240000486374 21.8927495479584 21.86649954319 21.8714998960495 21.7372500896454 21.5827504396439 21.5394999980927 21.5647503137589 21.4765000343323 21.4232496023178 21.4184997081757 21.3245000839233 21.1412502527237 21.2652499675751 21.3184998035431 21.2085002660751 21.1922500133514 21.19225025177 21.2037497758865 21.2404998540878 21.1747499704361 21.2697497606277 21.3244999647141 21.1782501935959 21.2502502202988 21.1174999475479 21.3909999132156 21.277250289917 21.3894997835159 21.3300000429153 21.4537501335144 21.491999745369 21.6427500247955 21.8432499170303 21.8174999952316 22.0187500715256 21.9839999675751 21.9647499322891 22.0414999723434 22.2647497653961 22.2400000095367 22.0472501516342 22.2912502288818
22.5417503118515 22.6595004796982 22.5342501401901 22.2057497501373 22.0507498979568 21.9919999837875 21.8080002069473 21.6467504501343 21.7234998941422 21.8322495222092 21.7357499599457 21.7009998559952 21.4770001173019 21.5490001440048 21.606250166893 21.5952503681183 21.5825002193451 21.5107500553131 21.4274998903275 21.339749455452 21.4404999017715 21.4039998054504 21.3472495079041 21.3662496805191 21.4504997730255 21.4802500009537 21.421249628067 21.6027504205704 21.4707498550415 21.6047505140305 21.6225001811981 21.6569999456406 21.599249958992 21.4417499303818 21.5654997825623 21.9180002212524 22.2434998750687 21.981250166893 21.6495002508163 21.7102499008179 21.8772504329681 22.1242495775223 21.809999704361 21.753250002861 21.8654998540878 22.0639998912811 22.1295001506805 22.5162501335144
22.3290001153946 22.4977501630783 22.2874997854233 22.0292500257492 21.7954998016357 21.8842496871948 21.8249998092651 21.7982499599457 21.7454999685287 21.6695003509521 21.7587500810623 21.6792503595352 21.7415001392365 21.8632497787476 21.8300000429153 21.8107498884201 21.7859997749329 21.6372501850128 21.5587502717972 21.4494998455048 21.435999751091 21.4514998197556 21.4132496118546 21.466500043869 21.4957501888275 21.5020000934601 21.5642504692078 21.6487506628036 21.5872503519058 21.720250248909 21.8197498321533 21.9827499389648 22.0740002393723 21.9522500038147 21.9220000505447 22.1655004024506 22.2247496843338 22.2292494773865 22.0637496709824 21.8769997358322 21.943249464035 22.2467498779297 21.9669997692108 21.8902494907379 22.1575002670288 22.1887502670288 22.4182499647141 22.587749838829
22.535749912262 22.6484999656677 22.2769999504089 22.230250120163 22.0420001745224 21.9995000362396 21.8209995031357 21.8084998130798 21.7909996509552 21.8172496557236 21.7892498970032 21.8297492265701 21.9042494297028 21.8849997520447 21.9217495918274 21.9987500905991 21.943749666214 21.7719999551773 21.6790007352829 21.5417501926422 21.4987502098083 21.5817502737045 21.5560003519058 21.6265004873276 21.5737501382828 21.6432504653931 21.7385001182556 21.7622500658035 21.7914997339249 21.7892497777939 21.9974999427795 22.0407502651215 22.0567502975464 22.0034998655319 21.9697502851486 21.8390002250671 22.0705001354218 22.1967499256134 22.3587499856949 22.2944997549057 22.2909997701645 22.1762499809265 21.9432498216629 21.9557501077652 22.1729999780655 22.2027502059937 22.2209998369217 22.3337498903275
22.7504998445511 22.8017500638962 22.5237499475479 22.2002500295639 22.0462501049042 21.8629996776581 21.8644998073578 21.872499704361 21.9037499427795 21.889999628067 21.9604997634888 21.9157495498657 21.931499838829 21.9877499341965 21.9217497110367 21.9569998979568 21.8917497396469 21.7134999036789 21.7262500524521 21.6135004758835 21.5507502555847 21.5247501134872 21.581000328064 21.6530003547668 21.6755000352859 21.7207497358322 21.8647495508194 21.9052498340607 21.8707503080368 21.9790000915527 22.0057500600815 21.9999997615814 22.0480002164841 22.0885002613068 22.0820001363754 22.1050004959106 22.0320000648499 21.9805001020432 21.9102494716644 21.9449996948242 21.9067496061325 21.8570001125336 21.9165000915527 21.9104995727539 22.066499710083 21.8689996004105 21.8700000047684 22.0087496042252
22.8247499465942 22.8589997291565 22.635250210762 22.4284999370575 22.1599999666214 22.0910000801086 21.9747500419617 21.994500041008 22.0175000429153 22.0615001916885 22.0515002012253 21.9697499275208 22.0137501955032 21.9909999370575 21.9099998474121 21.9829998016357 21.8572497367859 21.741250038147 21.6807503700256 21.6555004119873 21.6062505245209 21.5777504444122 21.6730002164841 21.6770002841949 21.7002506256104 21.7829998731613 21.8409996032715 21.9950001239777 22.007749915123 22.0595002174377 22.1030005216599 22.1005003452301 22.0195000171661 22.0437505245209 22.1490007638931 22.0677503347397 22.0705003738403 22.0870003700256 21.9674998521805 21.9302496910095 21.8409993648529 21.7612498998642 21.7797496318817 21.8219995498657 21.8889993429184 22.0277498960495 22.3662499189377 22.4267500638962
22.7512500286102 22.7675000429153 22.3109999895096 22.4972504377365 22.5999997854233 22.3319997787476 22.1765003204346 22.1625002622604 22.2182502746582 22.1542499065399 22.0752502679825 22.0387501716614 21.9714998006821 21.9097497463226 21.8127496242523 21.9534996747971 21.8529995679855 21.8287497758865 21.74624979496 21.7174994945526 21.6027500629425 21.605250120163 21.6472505331039 21.6272501945496 21.8032499551773 21.8857496976852 22.0800001621246 22.0622501373291 22.1290003061295 22.1700004339218 22.1697505712509 22.0665003061295 21.998250246048 22.1735002994537 22.1524999141693 22.0042500495911 22.0695003271103 22.0270001888275 21.959499835968 21.8824995756149 21.8127493858337 21.7952497005463 21.7887498140335 21.8244994878769 21.820249915123 21.9309996366501 22.1072503328323 22.2434998750687
22.5642499923706 22.648249745369 22.5127500295639 22.3332500457764 22.4454998970032 22.1664999723434 22.0985001325607 22.1732498407364 22.1104998588562 21.9937500953674 22.0569999217987 22.0422501564026 21.9942500591278 21.9894999265671 21.9302499294281 21.8677496910095 21.89774954319 21.8747496604919 21.7272498607635 21.662500500679 21.6819999217987 21.557000041008 21.5802500247955 21.7299997806549 22.0012503862381 22.2132501602173 22.2552499771118 22.1670000553131 22.2864998579025 22.1737500429153 22.1495002508163 22.1830004453659 22.2042504549026 22.2435002326965 22.1720005273819 22.0860005617142 21.9802500009537 21.9014998674393 21.8274993896484 21.7702497243881 21.7235004901886 21.7410004138947 21.6842502355576 21.4067500829697 21.5180000066757 21.6947499513626 21.8962497711182 22.055999994278
22.5075001716614 22.5620000362396 22.5090001821518 22.4595001935959 22.4192497730255 22.2200001478195 21.9889998435974 21.9212497472763 21.8379998207092 21.7510002851486 21.9172497987747 22.0620003938675 22.0645002126694 21.9032498598099 21.8799996376038 21.8957498073578 21.9204998016357 21.7924998998642 21.6345003843307 21.7300000190735 21.4079999923706 21.5099999904633 21.8000001907349 21.9277498722076 21.8257501125336 22.1472498178482 22.2897497415543 22.3499997854233 22.1974995136261 22.166500210762 22.21975004673 22.2325003147125 22.2692497968674 22.2352499961853 22.2030001878738 22.0155000686646 21.8617495298386 21.8099994659424 21.7502498626709 21.6592502593994 21.7062504291534 21.7262501716614 21.6517505645752 21.6127501726151 21.6660002470016 21.8104997873306 22.1369998455048 22.4214996099472
21.6450001001358 21.7194998264313 22.0120002031326 22.2950001955032 22.3370000123978 22.069000005722 22.023500084877 21.8412499427795 21.8232500553131 21.7012499570847 21.556499838829 21.7722500562668 21.920499920845 21.7367498874664 21.6087502241135 21.8129998445511 21.9004997014999 21.8887497186661 21.8134996891022 21.8197495937347 21.77274954319 21.7225003242493 21.9254999160767 21.8877500295639 21.8577500581741 21.9029998779297 22.138500213623 22.1495000123978 22.2207499742508 22.2382501363754 22.2212500572205 22.224750161171 22.2524999380112 22.2155004739761 22.1980006694794 22.0457500219345 21.8784996271133 21.8154993057251 21.7982496023178 21.6850001811981 21.6832505464554 21.712249994278 21.661500453949 21.7115004062653 21.789749622345 21.9509998559952 22.1382505893707 22.2842499017715
21.2117500305176 21.5372499227524 22.0144999027252 22.133000254631 22.1057498455048 21.9479998350143 21.801500082016 21.6360000371933 21.481999874115 21.4472501277924 21.4569998979568 21.5382500886917 21.6510002613068 21.5887500047684 21.5190001726151 21.4427500963211 21.6834999322891 21.7382500171661 21.8774996995926 21.8712493181229 21.7149996757507 21.7367498874664 21.7684997320175 21.8824996948242 21.8474998474121 21.886500120163 22.2350001335144 22.120000243187 22.1355001926422 22.2530000209808 22.1985002756119 22.289999961853 22.2854998111725 22.2000004053116 22.19600045681 22.1070004701614 21.923999786377 21.8459995985031 21.817999124527 21.7879996299744 21.7117500305176 21.7327502965927 21.7380003929138 21.7594997882843 21.8499993085861 22.0272499322891 22.1397503614426 22.2230000495911
21.1590001583099 21.1514999866486 21.6879998445511 22.0677500963211 22.0197501182556 22.2192497253418 21.7892500162125 21.6450001001358 21.4725000858307 21.3670002222061 21.4282500743866 21.6594996452332 21.6570001840591 21.5952500104904 21.5437500476837 21.5802500247955 21.6820005178452 21.7729998826981 21.7149999141693 21.6692500114441 21.7894997596741 21.6290000677109 21.6347500085831 21.7660001516342 21.7667500972748 21.7470000982285 21.8307499885559 21.9619998931885 21.9512503147125 22.1534999608994 22.2457499504089 22.2470000982285 22.1937503814697 22.25 22.0862504243851 22.0732500553131 21.9709998369217 21.9624997377396 21.9442496299744 21.8452497720718 21.7727500200272 21.7527500391006 21.821999669075 21.77649974823 21.8904997110367 22.0675001144409 22.147750377655 22.2944999933243
22.0742497444153 22.0089997053146 22.1090000867844 22.2527500391006 22.360249876976 22.3307499885559 21.9950003623962 21.9855002164841 21.8205001354218 21.7305001020432 21.6802498102188 21.2672498226166 20.9602499008179 21.155500292778 21.21774995327 21.4444997310638 21.4397500753403 21.4822499752045 21.6627498865128 21.6230000257492 21.6317499876022 21.6432499885559 21.4734997749329 21.5659999847412 21.5707499980927 21.5469998121262 21.9279999732971 21.8592495918274 21.8137501478195 21.9922498464584 21.9860001802444 22.0269999504089 21.9965000152588 22.2467497587204 22.0555002689362 21.9487496614456 21.9729996919632 21.9122498035431 21.8914997577667 21.7812496423721 21.8592494726181 21.8934993743896 21.9229997396469 21.8604995012283 21.942999958992 22.059500336647 22.1667503118515 22.2362501621246
