Scripts_&_data/WorldClim_2.0_rasters/WC2.0_bio_16_16.asc
NCOLS 642 
NROWS 378 
XLLCORNER -19 
YLLCORNER 19 
CELLSIZE 0.166666666666667 
NODATA_value -1.7e+308 
[rows 87 to 115 of 378, columns 396 to 461 of 642]
-1.7e+308 -1.7e+308 -1.7e+308 -1.7e+308 -1.7e+308 137.625 172.1875 174.4375 176.0625 175.5 172.3125 169.6875 166.9375 165.3125 164.5 163.125 161.5625 161 161.625 161.9375 162.875 163.75 165.125 167.25 168.0625 167.75 166.625 165.125 162.5625 161.0625 159.0625 160.125 161.75 165.1875 167.25 168.5625 168.75 167.6875 167.3125 167.4375 167.6875 167.25 167.6875 166.25 166.9375 166.375 166.25 165.6875 166 165.3125 163.5625 163.4375 163.875 163.75 162.1875 162.1875 162.3125 161.625 161.25 159.75 160.4375 160.4375 159.75 159.6875 160.6875 162.125
-1.7e+308 -1.7e+308 -1.7e+308 -1.7e+308 118.25 173.875 173.625 176.125 178.875 178.75 178.3125 176 171.125 167.4375 167.0625 165.0625 164.625 165 164.875 165.6875 166.25 167.4375 168.75 170.5625 172.375 171.125 170.75 168.125 166.625 164.125 163.125 165.5625 165.75 167.5 168.625 169.4375 169.1875 169.125 169.75 170.75 173.3125 171.25 170.0625 170.625 170.3125 169.375 167.5625 167.5 167.5 166.0625 165.875 165.25 164.4375 164.75 165.4375 165.8125 164.25 163.125 162.4375 162.25 162.25 161.9375 162.125 162.875 164.8125 165.0625
-1.7e+308 -1.7e+308 -1.7e+308 -1.7e+308 110.3125 176.3125 176.8125 179 179.625 181.375 184.125 182.8125 179.875 174.0625 171.625 170.3125 169.0625 170 170.375 170.875 170.875 171.625 172.75 174 174.8125 175.8125 174.8125 173.75 170.375 167.75 166.4375 167.125 168.0625 168.8125 169.875 170.375 171.75 171.375 170.9375 170.875 172.3125 171.75 172.3125 172 172.9375 171.875 171.0625 171.25 168.625 167.25 166.6875 167.0625 167 167.3125 169.1875 167.5625 166.1875 165.5 165.1875 165.875 166.125 166.875 166.25 166.9375 167.4375 167.625
-1.7e+308 -1.7e+308 88.125 111 178.25 179.6875 181.625 181.75 183.375 183.0625 183.125 182.1875 178.3125 175.0625 175.75 174.75 174.4375 175.8125 176.3125 176.125 176.4375 176.75 177.3125 178.5625 179.5 179.125 177.125 175.9375 173.5 172.1875 170.6875 170.5625 170.375 171.4375 171.875 172 172.375 173.25 172.9375 172.4375 171.9375 173.6875 175.3125 175.5 175.125 173.0625 172.625 172.75 171.8125 169.875 170.4375 171 169.25 169.9375 170.3125 170.9375 169.0625 168.0625 167.8125 168.1875 168.625 169.75 170.1875 169.4375 170 170.25
176.75 178.9375 180.6875 181.75 183.75 183.625 183.25 182.1875 182.6875 183.875 183.5625 180.4375 178.375 179 179.375 180.375 179.625 180.875 181.125 181.1875 181.375 183.75 183.625 183.8125 184.75 184.5 183.125 181.375 179.75 177.375 175.375 173.9375 173.1875 173.375 174.25 174.5625 174.3125 175.0625 176.875 177.375 176.125 177 177.875 177.375 175.875 174.9375 174.5625 174 174.5625 173.875 173.5625 172.75 172.4375 173.4375 172 172 171.875 172.4375 172.3125 172.0625 172.25 171.9375 172.5 172.9375 173.75 175
180.1875 181.5625 181.5625 183.0625 184.0625 184.8125 184.6875 184.5 184.75 185.4375 186.0625 184.8125 182.875 182.9375 181.375 182 184.375 184 184.25 184.25 184.9375 186 186.0625 186.8125 186.5 186.5 185.75 185.5 183.4375 181.0625 177.6875 176 175.8125 175.5625 176.3125 176.5625 176.4375 176.25 176.875 177.125 178.1875 177.875 177.9375 178 176.6875 176 175.75 175.8125 175.5 174.625 175.4375 175.5 175.875 175.1875 174.75 174.625 173.75 175.0625 174.375 174.75 174.875 174.5 174.9375 175.25 175.9375 177.125
180.5625 181.1875 181.75 183.875 185.5625 186.9375 186.75 185 185.5 186.5 187 186.5625 185.25 184.8125 185 184.875 185.25 186.0625 186.6875 186.25 186.8125 186.8125 187.75 187.625 188.5 188.125 188 186.9375 184.75 183.375 180.0625 178.8125 177.9375 177.5 178 178.9375 178.5 177.5 176.6875 177.125 178.375 178.1875 178.8125 180 178.75 178.4375 177.8125 176.9375 178.875 178.1875 176.875 176.4375 175.6875 175.5 175.25 175.0625 174.25 176.0625 175.4375 174.9375 175.4375 175.375 177.0625 178.125 179.625 180.625
183.9375 184.1875 184.75 186.625 188.5625 188.875 187.25 186.5 187.125 187.75 188.9375 189.4375 188.4375 188 187.75 187.0625 187.125 188.25 189.4375 189.4375 189.5 188.9375 188.5 188.9375 189.375 187.75 188 187 187.1875 185.1875 182.875 182.25 180.875 179.9375 179.125 179 178.9375 179.3125 178.625 180 181.625 182.6875 181 180.875 181 180.5625 179.6875 179.6875 178.125 177.3125 176.8125 176.125 175.375 175.4375 176.125 176.9375 177.125 176.5625 176.3125 176.75 178.1875 178.75 180.3125 182.8125 184.0625 185.375
186.25 186.6875 188.5625 189.625 189.9375 189.625 189.5625 189.125 188.5625 191.125 193.25 191.5 189.25 189.0625 190.1875 190.6875 190.625 190.75 190.9375 192 191.9375 192.375 192 190.125 189.3125 188.9375 188.3125 188.4375 187.75 186.25 184.6875 183.3125 182.375 181 181.75 183 182.6875 181.8125 181.125 181.5 182 183.125 183.4375 183.3125 181.125 179.8125 180.3125 180.125 179.25 177.4375 178.3125 178.9375 179.875 180.125 180 180.3125 180.6875 180 176.9375 178 178.6875 179.1875 182.125 183.125 184.9375 186.1875
187.0625 188 189.3125 190.625 189.1875 187.9375 188.5625 189.625 190.625 192.0625 194.375 195.5 194.5 193.1875 192.5 192 191.5 192.6875 192.375 191.5625 192.0625 192.4375 191.625 189.75 190.125 190.375 190.125 190.3125 190.4375 188.875 185.4375 184 183.625 183.6875 185.3125 185.6875 186.3125 186.1875 186.3125 185.75 184.75 183.75 185.1875 185 184.0625 184 182.25 181.375 181.3125 181.6875 183.1875 183.0625 182 181.9375 182.3125 182.5625 181.1875 180.25 179.3125 178.3125 179.3125 180.8125 182.25 183.875 185.1875 187.25
186.125 187.25 188.5625 188.875 187.75 187.9375 190.25 191.5 191.8125 190.75 191.25 192.5625 191.875 191.3125 191.4375 191.8125 191.5625 192.125 192.9375 192.3125 193.1875 192.8125 192.3125 190.8125 190.3125 191.25 191.0625 190.75 191.125 189.9375 186.0625 184.6875 185.25 188.75 189.1875 188.625 188.125 188.4375 189.0625 187.625 186.0625 186.75 185.8125 183.5 182.125 182.375 183.125 183 183.75 186.375 186.6875 186.375 186.125 184.875 184.25 183.875 184.0625 184.0625 182.75 182.9375 184.5 185 186.5 188.625 190.0625 191.875
187.8125 188.5 188 188.3125 188.5625 189.3125 190.0625 190.5 190.1875 191.9375 193.125 193.875 194.125 195.0625 194.4375 194.625 194.5 193.75 193.125 193.0625 193.5 193.625 193.125 191.25 190.9375 190.9375 190.3125 190.4375 189.625 188.0625 187.375 187.6875 189.25 190.125 189.625 190.375 190.125 189.375 187.875 187.875 187.4375 186 184.125 184.875 184.5 183.5 184.0625 185 186.9375 189 188.9375 188.5625 187.3125 187.4375 188.4375 187.125 187.3125 188.5625 187.375 187.0625 186.8125 187.875 189 191.5 193.1875 194.5625
190.1875 191.5 191.5 190.6875 191.75 191.875 193 193.1875 194.75 196.125 197.25 197.4375 197.625 199.1875 199.125 200.625 201.6875 200.375 197.5 195.0625 194.625 194.25 193.0625 191.875 191.0625 191.375 190.875 191.125 190.5 189.875 190.0625 190.9375 190.375 190.625 190.625 189.9375 188.5625 188.5 189.1875 186.9375 185.875 186 186.5 186.5 186.5 188.25 188.5625 189.3125 190.3125 190.25 190.5 189.25 189.75 189.1875 188.8125 190 190.375 192.3125 191.25 191.125 189.8125 191.5625 195.125 196.9375 198.3125 198.6875
190.25 191 191.5625 193.0625 194.25 194.0625 195.25 197.0625 197.4375 198 199.875 200.9375 201 200.625 202.75 204.25 205.625 205.5625 202.1875 199.875 198.125 196.625 194.75 194.125 194.125 194.875 195.25 194.8125 193.4375 193 194.375 193.6875 191.9375 190.3125 190.3125 189.5 189.875 188.5 188.9375 189.4375 189.6875 190.625 191.4375 191.4375 192.1875 192.5625 192.4375 192.625 192.0625 192.375 190.9375 190 190.125 190.5 191.8125 193.1875 195.25 195.9375 194.5 194.375 194.1875 196.9375 200.125 202.375 203.625 204.125
193.3125 195.125 196.625 194.0625 197.375 199.4375 199.875 199.4375 200.25 199.9375 200.0625 200.9375 202.25 203.9375 204.5625 204.625 205.375 204.9375 204.125 201.75 199.25 198.625 197.0625 197.25 200.1875 199.625 199.0625 197.75 195.75 194.3125 195.5625 194.8125 192.9375 192.0625 191.75 192.25 192.5625 192 190.8125 191.0625 191.25 191.9375 192.6875 194.4375 195.1875 196.6875 196.625 195.375 195.75 195.9375 194.25 193.75 194.8125 195 195 196.3125 196.4375 196.5 197.375 198.5 198.3125 199.5625 202.25 204.4375 206.4375 207.5625
194.3125 195.0625 196.125 195.25 196.125 198.5 199.6875 199.1875 198.5625 199.8125 200.375 203 204.1875 203.625 205.25 204 205.625 204.875 204.9375 203.875 203.1875 201.75 199.5625 200.125 201.5625 200.6875 198.875 199.25 198.375 197.8125 197.3125 195.6875 196.6875 195.4375 194.3125 193.1875 194.0625 193.4375 192.9375 191.625 192.1875 193.375 194.8125 196.375 198.8125 198.5 199.9375 199.9375 199.4375 199.3125 198.375 197 197.375 197.5625 197.9375 198.5625 198.625 200.8125 202.25 203.8125 205 205.6875 206.1875 206.0625 206.75 207.5
199.5 198.625 197.625 197.25 196.1875 197.25 198.0625 198.4375 199.875 201.9375 203.625 204.6875 203.3125 202.4375 205 206 206.9375 208.25 210 206.375 204.875 203.1875 202.8125 202.1875 202.875 202.3125 201.1875 200.75 201.6875 201.6875 199.9375 198.625 198.375 197.25 196.8125 195.9375 195.5 194.4375 193.3125 194.625 194.375 194 195.25 197.375 200 200.375 201.6875 202 201.125 200.9375 199.8125 200.8125 201.125 200.4375 201 201.4375 203.0625 206.0625 206.6875 207.3125 208.0625 209.75 210.75 210.6875 209.5625 209.9375
203.1875 203.25 202.625 201.625 200 198.3125 198.0625 199.1875 199.625 200.375 200.5625 200.875 201.4375 202.125 203.25 206 207.4375 208.0625 207.875 210.6875 209.0625 206.125 205.4375 205.1875 205.625 205.5 204.125 203.125 205.875 206.5 203.5625 201.125 200.25 198.625 196.8125 197.0625 196.25 194 196.25 198.625 196.9375 194.9375 197.1875 198.5 199.6875 201.125 202.4375 202.8125 203.1875 202.75 202.5 202.125 202 203.375 204.8125 203.375 204.625 206.9375 209.875 212.625 213.3125 214.1875 214.75 216.4375 214.8125 214.9375
203.9375 203.6875 205.125 204.125 204.125 202.75 202.125 199.8125 199.9375 198.3125 198.3125 199.9375 199.5625 201.25 202.4375 204.625 205.125 205.0625 207 209.6875 213.1875 212.8125 210.5 207.625 206.3125 204.5 203.25 202.25 203.6875 206.8125 207.9375 205.125 203.4375 201.375 199.125 197.25 196.6875 196.4375 196.1875 196.9375 197.625 197.25 197.625 198.625 200.125 200.9375 202.875 203.9375 206 204.4375 202.75 203.4375 203.75 205.375 206.5 206.5625 207 209.4375 211 214.375 215.875 215.5 217.1875 217.6875 217.375 219.6875
203.8125 205.625 205.8125 206.5625 205.4375 205.125 204.625 202.8125 202.4375 201.3125 198.875 199 201.875 202.25 203.1875 202.6875 203.25 205.1875 204.75 205.5 208 208.75 210.375 208.875 204.3125 203.375 202.375 201.0625 202 206.6875 210 207.3125 204.875 203.125 200.9375 198.875 199 197.125 196.75 195.75 198.125 201.3125 201.25 200.3125 200.125 201.5 204.3125 205.3125 206.25 206.25 206.75 206.75 205.625 205.125 206.75 207.8125 210.3125 212.8125 213.1875 215.1875 216.5625 216.875 217.8125 219.25 221.3125 222.1875
201.0625 203 205.5 204.9375 205.3125 205.25 205.0625 203.4375 201.5 200.0625 200 201.8125 202.8125 202.4375 203.25 203.5625 204.5 204.4375 205 204 204.6875 205.875 205.0625 204.125 203.5 201.9375 201.4375 201.125 200.75 202.8125 206.25 207.625 205.5625 205.5625 204.5 203.0625 200.9375 199.1875 197.4375 198.9375 199.8125 201.125 200.9375 200.9375 202 204.0625 205.4375 207.1875 207.0625 206.4375 206.8125 206.375 205.9375 205.1875 205.9375 207.375 208.1875 210.0625 211.625 213.75 215.625 217.125 219.625 221.0625 224.6875 224.875
203.3125 202.6875 203.8125 204.625 205.25 206.3125 205.5 204.875 202.125 202.1875 203.1875 203.125 202.0625 201.875 203.25 204 203.6875 203.625 204.1875 203.875 205.8125 207.0625 204.3125 203.9375 202.9375 201.875 201.6875 201.5 200.375 200.8125 203.1875 206.5 204.25 203.875 203.375 202.5625 200.9375 199.625 199.625 198.125 198.875 200.4375 200.3125 202.1875 204.75 205.875 206.75 208.375 208.125 208.625 208.375 208.25 207.0625 207.125 208.625 208.875 209.6875 209.625 210.6875 213 214.9375 217.875 220.375 222.0625 226.625 227.125
206.5625 204.375 204.375 203.0625 202.625 204.75 204 203.75 202.5 201.125 203 203.5625 203.375 201.875 202.5625 203.9375 204.125 204 203.8125 202.6875 202.5625 203 204.125 204.5625 203.6875 202.625 202.4375 201.75 200.8125 200.9375 200.75 202.9375 203.1875 202.625 203.25 203.125 202.875 200.6875 200.4375 199.625 197.75 198.625 199 200.1875 202.625 203.375 206.5625 208.4375 208.6875 207.9375 206.8125 208.0625 208 209.625 210.1875 210.4375 210.375 210.375 211.875 214.5625 217.1875 220.125 222.625 225.5625 228.1875 234.6875
207.1875 204.875 204.25 203.375 202 203.3125 203.6875 204 203.5 202.9375 203.25 203.3125 202.9375 202.375 201.25 202 202.75 203.4375 203.875 203.25 203.5 202.4375 202.9375 203.5625 202.625 202.3125 202.25 202 201.3125 200.875 200.875 201.3125 202.8125 202.9375 202.0625 202.9375 202.9375 200.75 199.3125 198.8125 198.625 198 198.0625 199.6875 202.4375 203.0625 205.0625 207.125 207.25 207.5625 207.6875 207.375 208 210 211.3125 212.0625 211.3125 211.75 214.9375 217.3125 219.875 221.125 225.75 232.0625 230.5625 238.4375
209.1875 207.25 203.9375 203.6875 203.1875 202.0625 203.3125 204.5625 204.6875 202.9375 200.5 201.3125 201 201 201.3125 201.4375 202.1875 202.25 201.75 202.375 203.25 202.5625 202.1875 202.25 204.25 203.125 202.125 201.4375 200.3125 200.5 200.5 201.5 202.875 203.4375 201.4375 202.125 203.625 202.375 201.75 201.25 201 199 198.25 199.5625 200.3125 201.5 203.625 203.9375 205.0625 205.875 205.875 207.4375 208.125 209.1875 209.5625 211.375 210.9375 213.5 216.875 218.625 219.9375 222.4375 226.5 229.125 233.0625 238.5625
207.6875 207.625 206.125 204.375 204.4375 202.5 202.3125 203.1875 203.875 203.375 203.4375 204.4375 203.1875 201.5625 201.1875 201.8125 202.9375 202.3125 201.625 202.125 203.125 202.4375 202 200.5625 202.375 202.5 201.25 201.375 201.9375 201.25 201.25 202.1875 202.9375 202.6875 202.625 202 202.4375 203.125 203.6875 203.3125 201.875 200.1875 200.3125 200.5625 200.5625 200.875 201.6875 202.1875 204 204.25 204.4375 205.8125 206.8125 208.375 209.3125 210.625 211.5 213.875 215.5625 217.6875 221.4375 223.8125 225.6875 228.25 235.8125 239
209.9375 209.6875 208.1875 206.375 205.1875 204.375 204.8125 205.0625 205 205.75 206.1875 204.3125 202.5625 201.875 201.0625 200.9375 201.0625 201.125 200.5625 201.5 201.5 200.875 200.5625 200.5 201.0625 201.8125 202 202.75 202.25 202.375 201.3125 200.9375 201.6875 202.5625 203.5625 202.75 202.75 203.9375 204 204.8125 203.5625 202.4375 203.0625 203.1875 202.625 203.125 204.3125 204.3125 206.5 207.625 207 207.6875 208.4375 207.625 209.625 212.3125 213.5625 215.5625 217.5 218.9375 221.375 223.375 225.875 228.25 235.0625 240.625
210.75 209.6875 208.8125 208.5 206.4375 205.25 207.1875 207.6875 206.375 206.625 206.3125 205.625 204.125 202.3125 202.375 202.3125 202.625 201.5625 200.5 200.375 201.125 199.75 199.8125 200.4375 201 201.625 202 203.125 203.0625 202.9375 201.75 200.5625 200.4375 201.8125 203.125 205.0625 206.0625 205.3125 204.375 204 205.1875 205.3125 204.8125 205.3125 205.125 205.875 207.5625 208.875 210.5 212.4375 213.1875 213.125 212.8125 212.9375 211 211.25 214.25 216.75 219.0625 220 221.75 223.75 226 229.0625 232.25 237.625
211.1875 210.75 209.0625 207.4375 207.4375 208.4375 209.0625 208.8125 208.375 206.25 205.75 204.6875 203.25 202.375 202.25 201.25 202.125 200.75 200.5625 199.5625 200.625 198.875 199.8125 201.1875 200.9375 201.9375 202.875 203.4375 202.75 201.125 201.5 202.0625 202.5 202.8125 203.25 206 206.375 207.4375 208.4375 208.3125 207 206.875 206.75 207.375 207.5625 207.75 209 210.4375 212 213.9375 213.8125 213.1875 213.375 213.125 212 210.3125 213.3125 216.25 218.3125 220.625 222.5625 225.375 227.9375 229.5625 232.125 234.25
