Scripts_&_data/WorldClim_2.0_rasters/WC2.0_bio_16_16.asc
NCOLS 642 
NROWS 378 
XLLCORNER -19 
YLLCORNER 19 
CELLSIZE 0.166666666666667 
NODATA_value -1.7e+308 
[rows 261 to 289 of 378, columns 528 to 593 of 642]
359.875 376.9375 402.4375 425.6875 442.8125 463.6875 445.6875 387.1875 312.875 311.5 304.625 280.8125 255 271 268.875 222.8125 263.25 255.25 254.9375 302.125 234.625 182.9375 167.5625 157.5625 125.0625 146.75 140.9375 109 87.5625 52.875 38.3125 39.75 39.5625 43.1875 50.4375 51.125 42.25 56.5 54.6875 48.6875 42.8125 41.125 42.0625 34 29.1875 23.875 21 19.1875 19.125 17.8125 17.375 16.6875 16.375 16.75 16.8125 16.875 16.6875 16.875 17.125 17.9375 18 18 18 18.1875 18.875 19.125
348.375 391.25 410.75 414.375 435.75 449.4375 444.4375 378.0625 325.625 330.25 297.625 279.375 300.9375 241.9375 196.625 211.75 276.4375 286.75 268.5625 162.4375 168 158.4375 164.0625 137.9375 126.375 110.9375 83.4375 84.125 74.3125 52.25 34.6875 37.625 43.4375 47.625 43.8125 39.3125 81.0625 59.125 56.4375 47.4375 43.625 39.8125 40.5 37.125 33.375 25.3125 21.3125 18.3125 17.875 17.0625 16.25 16.125 15.9375 15.625 15.8125 16 16 16 16.125 17 17.6875 18 18 17.9375 18.625 19.375
336.9375 350.9375 371.4375 389.0625 403.75 410.1875 417.8125 389.375 352.8125 313.5625 310.125 297.5625 310.625 217.625 238.625 266.625 249.5625 179.25 168.125 188.3125 228.3125 211.5 195.375 159.75 158.8125 129.25 107.0625 71.125 50.5625 37.1875 39.1875 34.5 34.0625 36 44.375 43.1875 36.6875 45.1875 47.8125 42.5 36.1875 33.4375 30.1875 27.5 28.625 24.4375 21.625 17.625 16.9375 16.25 16.125 15.5625 14.875 14.75 15 15.8125 16 16 16 16 17.1875 17.75 17.375 17.625 19 19.75
298.9375 314.25 364.5 333.1875 331.4375 408.125 411.5 358.0625 320.0625 303.9375 287.75 302.125 256.9375 200.1875 199.125 171.875 199.375 199.1875 250.3125 252.4375 244.3125 208.4375 174.3125 139.25 152.75 127.625 102.4375 76.375 68.75 53.625 42.375 39.1875 42.375 37.4375 39.6875 47.5 35.1875 32.375 38.25 43.875 32.5 33.5625 31.0625 24.5625 23.25 19.6875 18.4375 17.125 16.125 15.625 14.6875 15 14 14 14.3125 14.75 15.4375 15.25 15 15.375 16.0625 16.875 17.125 18.5 18.75 19.6875
253.5 275 302.875 291 351.875 406.9375 398.5 361 330.75 299.1875 293 269.75 230.25 266.8125 266.8125 171.125 254.6875 200.875 188.375 167.375 150.4375 144.8125 146.5 95.875 88.75 71.9375 81.375 70.25 54.5 56.9375 52.75 45.4375 40.25 39.1875 37.8125 49.625 44.375 30.875 31.8125 31.9375 33.6875 31.125 28.375 27 25.3125 20.0625 18.3125 17.4375 16.1875 14.875 14.25 13.625 14 13.5 13 13.25 14.625 14.5625 15 15.3125 16 16.25 17.8125 18.625 18.9375 19.1875
260.9375 285.6875 249.625 262.75 309.9375 336.5625 358.75 338.8125 333.5 300.5 281.5 245.6875 232.625 263.625 217.4375 185.875 158.4375 218.5625 241 227.8125 183.75 145 170.75 116.75 101.0625 109.6875 116.6875 97.6875 75.9375 69.3125 53.9375 46.875 42.6875 43.9375 39.625 43.375 47.6875 39.375 32.875 34.9375 37.625 38.9375 33 25.1875 28.25 22.875 19.375 18.75 15.375 14.375 13.5 13.75 14 13.5625 13.0625 13.5625 13.375 13.5 14.625 15.0625 16 16 17.0625 18.5 18.875 18.9375
237 284.9375 229.5 252.5625 325.375 377.25 371.5 349.75 323.5 296.0625 268.75 235.9375 223.625 238.375 183.625 150.375 194.125 236 203.9375 151.25 117.125 146.375 156.5 140.875 111.875 83.25 80.0625 76.375 69 64.9375 61.8125 61.5 49.875 45.3125 39.625 41.5625 45.9375 44.375 32.5 43.5625 35.9375 34.1875 32.3125 24 31.5 22.875 19.3125 16 16.0625 14.875 13.5625 13.125 14 13.375 12.9375 13 13 13.5625 13.9375 14.375 15.5625 16 16.625 19.375 19 19.0625
175.4375 238.4375 230.625 274.75 334.25 377.1875 355.5 328.875 303.5 283.3125 258.25 224.6875 218.125 251.25 196.375 190.0625 172.5625 164.375 132.6875 136.8125 158.8125 168.25 138.5625 103.625 108.1875 122.4375 125.4375 103.75 91.6875 84.625 69.125 55.875 57.4375 59.875 53.8125 52.9375 49 41.625 30.125 41.75 38.625 28.3125 24.1875 25.9375 33.125 27.5625 17.5 17.0625 16.0625 15.75 15.5 14.75 14.75 13.3125 12.9375 13.375 13.25 13.0625 13.9375 14 14.75 16 16.75 18.3125 19 19.6875
186.4375 205.3125 232.375 274.8125 342.4375 362 318.8125 312.125 307.0625 272.875 248.3125 222.25 217.625 193.625 184.5625 220.9375 246.5625 193.75 216.1875 211.5 178.8125 145.875 106.1875 146.8125 153.375 142.1875 108.625 89.625 84.875 71.375 67.1875 73.625 71.0625 63 53.3125 46.625 47.125 48.9375 36.1875 39.375 44.75 30.625 33.4375 32.3125 28.125 24.75 16.6875 18.125 20 20.8125 17.0625 20.6875 19.0625 17.9375 16.6875 15.8125 14.8125 14.3125 14.375 14.1875 15.0625 16.3125 16.8125 18.25 19.375 20.75
199.75 236.125 264.625 300.1875 298.1875 320.1875 295.75 316.5625 307.75 295.0625 258.5 220.375 202.6875 262.625 234.125 199.9375 274.5625 240.875 166.3125 113.6875 142.875 164.5 142.875 126.8125 115.0625 118.8125 74.625 94.375 92.375 83.6875 87.625 80.1875 72.9375 66.625 59.1875 56.4375 50.5 52.5625 54.8125 40.6875 45.875 28.0625 32.5625 39.3125 33.625 35.25 24.625 21 20.8125 29.0625 21.9375 25.3125 27.0625 25.75 33.375 21.9375 21.3125 19.9375 18.4375 17.5625 16.375 16.75 16.4375 17.625 17.9375 19.25
209.25 255.9375 257 284.8125 331.5 355.9375 328.875 335.125 324.1875 330.375 293.375 221.3125 211.3125 288.125 245.3125 137.875 217.4375 144.875 186.375 234.1875 218.375 150.9375 147.5625 122.125 131.25 127.375 108.4375 108.375 109.375 99.25 87.25 80.3125 70.4375 62.875 50.8125 50.4375 53.625 55.25 57 55.75 43.6875 44.5 27.125 48.125 46.625 37.75 38.6875 33.8125 29.75 31.25 30.6875 32 46.0625 40.5625 40.25 32 44.625 33.75 27.1875 23.6875 20.25 18 16.75 17.875 17.875 18.9375
223.3125 291.5 290.1875 333.3125 352.625 355.1875 408.625 342.375 353.9375 378.5 287.5625 234.9375 262.75 249.875 185.8125 247 223.25 267.5 272.875 209.3125 124.75 132.25 141.25 125.9375 141.4375 118.4375 98.9375 108.875 89.125 88.6875 83 92.25 94.375 80.6875 62.25 54.875 58.875 56.25 54.9375 60.3125 59.8125 33 27.5625 28.625 29.875 52.875 45.625 45.375 43.875 48.625 54.8125 54.6875 52.1875 43.4375 36.0625 31.6875 33.6875 24.8125 22.375 18.4375 15.0625 16.125 16.5625 17.8125 17.5625 18.3125
270.6875 297.125 330.875 391.625 472.875 404.1875 453.125 431.6875 438 432.9375 299.6875 326.3125 340.9375 281 266.125 290.875 305 293.375 208.6875 155.125 105.5 125.75 141.4375 164.3125 139.25 105.3125 92.9375 114.3125 99.3125 85.75 102.125 88.25 90 93.0625 83.875 61.9375 68.75 57.875 45.25 48.3125 49.5 43.25 33.8125 45 41.875 33.8125 29.375 38.375 35.375 40.375 42.25 53.8125 46.75 37.125 41.5 50.625 36.1875 34.9375 45.75 30.1875 21 23.0625 30.875 23.4375 18.875 18.3125
278.375 323.125 496.125 444.4375 562.5625 448.5 445.6875 486.8125 501.0625 429 353.3125 415.75 367.875 337.1875 327.9375 257.1875 253.8125 267.1875 161 125.75 144.375 149.9375 161.75 150.125 145.5625 124.5 107.125 103.9375 87.4375 108.6875 107.5 93.25 87.125 81.75 77.375 73.5 83.8125 96.9375 70.4375 53.125 48.5 51.5 61.0625 37.875 52.25 40.8125 38.875 40.375 46.75 50.75 50.75 43.625 51 52.375 50.3125 40.5625 42.0625 42.75 45.75 41.8125 47.125 43.4375 39.125 27.125 20.3125 20.3125
265.1875 366.5625 464.9375 395.1875 497.8125 556.4375 513.375 479.3125 501 449.375 368.0625 375.9375 385 348.9375 295 236.75 202.0625 187.875 156.5 228.625 186.6875 180.75 168.125 160.75 146.625 143.9375 140 136.625 121 106.625 104.375 96.75 112.25 106.5 93.9375 85.25 71.125 63.4375 63.125 63.1875 67.3125 58.25 56.8125 53.8125 32.0625 39.5 53.25 46.75 58.1875 50.6875 51 45.1875 44.875 45.875 53.625 59.5 55.8125 53.6875 53.6875 51.3125 42.625 61.3125 67.3125 53.4375 35.75 28.5625
339.9375 406.1875 537.5 450.0625 552.5625 598.9375 568.375 552.0625 497.375 442.4375 449 388.1875 423.125 330.5 301.8125 260.375 202.4375 193.1875 210.875 245.875 221.625 216.9375 199.125 187.625 177.25 162.5 152.25 145 139.8125 133.375 131.3125 111.625 101.9375 111.6875 112.625 96.3125 76.9375 76.0625 67.375 54.6875 56.9375 48.4375 57.1875 60.875 69.5 73 42.9375 50.125 60.8125 60.8125 49.5 44.875 52.75 51.25 42.6875 47 52.4375 46.375 53.4375 56.875 49.5 44.5 59.9375 58.25 50.1875 48.75
370.1875 421.75 490.0625 625 641.6875 618.375 578.3125 560.875 538.375 509.8125 456.5625 453.6875 406.4375 342.5 305.5625 287.375 223.875 237.8125 236.5 255.9375 231.125 212.1875 204.0625 190.1875 183.1875 175.375 162.0625 161.8125 160 157.625 145.1875 135.625 143.8125 115.375 133 111.8125 99.8125 79.5 84.9375 70.1875 56.875 48.75 52.3125 45.6875 49.5625 72.75 63.25 51.625 56.8125 64.1875 74.6875 58.375 52.4375 52.8125 51.75 55.1875 56.625 59.25 63.25 55.25 53.75 56.3125 46.6875 62.3125 60.1875 54
369.9375 425.6875 513.875 608 634.875 565.1875 586.6875 571.6875 527 517.125 492.9375 454.9375 415.1875 339.5 322.125 291.0625 253.3125 247.9375 257.5 238.9375 227.0625 214.875 211.8125 199.0625 201 189.25 167.4375 151.625 149.3125 153.0625 175.8125 168.8125 148.5 152.5625 144.1875 125.125 128.75 118.125 92.4375 89.125 60.4375 50.1875 46.375 56.625 44.6875 68.75 74.6875 63.5 71.8125 68.3125 67.25 56.5 56.1875 63.125 63.3125 62.125 57.4375 54.8125 62.125 56.5625 50.9375 44 40.0625 43.5625 53.0625 62.5
626.25 685.25 689.875 611.3125 574.125 626.6875 588.375 545.25 535.6875 517.375 477.6875 433.375 422.6875 355.25 309.25 292.1875 281.5625 279.6875 259.375 246.9375 246 234.4375 238.6875 218.25 208.25 192.5625 200.1875 201 196.0625 170.125 155.75 173.0625 179.4375 163.4375 160.75 150.125 99.8125 89.5625 119.3125 102.6875 92.5 53.125 47.4375 44.0625 41.8125 48.8125 51.4375 65.875 52.25 79.4375 75.75 58.4375 58.5 57.8125 59.6875 58.5625 61 61.3125 52.625 48.4375 46.9375 45.0625 41.5625 37.375 40.625 43.625
594.25 457.8125 466.4375 568.75 613.5 636.8125 561.8125 469.75 494 523.4375 453.8125 413.1875 403.75 369.9375 327.125 314.125 310.625 298.1875 287.375 283.4375 272.9375 261.4375 257.1875 251.125 241.25 225 232.3125 220.3125 215.875 215.25 225.375 220.4375 169.875 161.0625 190.375 179.0625 115.0625 89 85.25 118.375 83.0625 89.3125 63.1875 55.5625 49.875 36.625 41.8125 53.125 59.875 46.5625 70.0625 73.5 56.5625 60.5 58.25 62.6875 66.1875 67.25 61.75 58.9375 54.9375 47.3125 41.25 36.9375 34.6875 34.0625
335.0625 270.8125 338.8125 477.125 584.6875 575.9375 551.3125 452.8125 418.25 454.1875 414.4375 382.875 415.625 354.625 332.375 342.75 331.25 319.6875 311.6875 305.875 299.5 291.125 288.875 301.4375 285.5 266.1875 249.3125 232.125 227.75 218 206.375 194.25 170.5 153.9375 201.125 159.0625 143.8125 99.3125 97.0625 80 65.875 89.8125 74.75 43 48.6875 40.0625 41.125 50.4375 62.9375 46.75 60.5 74.75 63.5625 63.4375 60.1875 62.5625 62.6875 63.6875 58.1875 65.0625 55.4375 47.375 45.4375 38.8125 40.375 34.9375
307.875 238.3125 275.9375 298.5625 395.3125 532.9375 381.3125 425.1875 337.8125 450.8125 404.875 362.375 341.875 330.75 349.75 324.875 316.0625 316.375 328.4375 325.125 319.1875 332.6875 359.0625 379.4375 345.625 315.875 282.875 275.875 267.5 243.6875 239.0625 253.9375 252.9375 196.3125 175.5625 192.5 144.1875 125.5 118.75 78.9375 59.25 57.1875 63.5625 68 40.6875 42 36.125 44.25 49.375 60.125 43.6875 61.9375 82.5625 72.0625 58.1875 71.75 69.9375 64.5 60 57.1875 51.0625 47.75 45.75 43.9375 39 38.75
226.5 237.0625 321.75 269.625 305.5625 377.5 298.375 283.0625 347.375 423.25 407.375 329.0625 307.25 345.1875 303.8125 300.8125 299.875 320.5625 310.5 318.25 356.5 400.625 439.75 462.9375 428.5625 397.4375 360.375 327.5 286.5625 289.125 311.375 325.625 333.3125 306.0625 291.125 242.3125 201.375 153.125 118.1875 92.9375 97.9375 63.1875 76 87.5625 45.5625 46.125 49.25 38.625 40 42.3125 53.3125 43.3125 79.75 75.75 62.1875 58.75 63.3125 62 59.875 55.8125 51.5625 47.8125 45.125 44.125 44.9375 47.5
202.1875 213.375 268.625 259.375 248.9375 253.1875 224.0625 210.375 241.1875 225.375 265.5625 287.9375 336.0625 283.75 277.1875 304.5625 289.75 273.3125 286.1875 338.0625 391.25 452 498.9375 513.3125 515.3125 466.75 422.5625 378.875 350.5 328.1875 343.3125 345.875 358 325.125 304.5625 300.625 267.75 191.125 107.375 109.75 105 118.25 123.6875 81.8125 70.8125 57.6875 48.875 58.0625 60.1875 58.25 43.125 33.125 62 82.1875 76.75 63.375 73.9375 62.3125 61.1875 61.875 60.375 52.8125 50.0625 48.875 45.875 43.5625
199.3125 227.375 279 307.875 290.0625 287.9375 250.5 208.125 155.0625 156.0625 188.75 228.0625 273.875 260.5 267.875 267.8125 238.3125 232.25 270.625 326.5 397.625 466.5 535.875 581.1875 631.75 630.5625 519.125 386.25 320.625 358.6875 346.6875 328.5625 358.125 354.1875 365.0625 260.1875 218.75 187.875 125.6875 141.4375 145.0625 123.6875 109.125 89.5625 67.125 63.3125 57.1875 50.625 58.75 68.75 65.5625 66.125 45.125 65.8125 75.5 55.8125 71.8125 69.875 61.75 53.375 58.375 55.9375 54.3125 56.875 50.8125 47.5625
179.75 233.1875 364.875 389 317.625 307.75 268.0625 235.6875 194.25 171.6875 160.5 185.375 214.5625 239.4375 239.6875 221.125 214.3125 227.4375 261 298.75 355.3125 441.875 541.0625 596.625 657.1875 574.4375 511.25 363.5625 353.1875 382.625 373.8125 339.875 320.5625 320.0625 355.375 413.9375 326.5 273.1875 194.25 126.25 93 136.1875 85.8125 56.8125 52.875 46.9375 48.875 52.625 50 45.9375 51.6875 57.6875 60.5 56 56.5 59.9375 63.3125 64.8125 52.25 56.5 51.5625 52.5625 52 67.5625 42.25 54.375
168.125 232.125 401.625 377.625 400.1875 466.875 426 356.5 316.8125 276.875 245.5 263.6875 269.75 264.75 214.5625 211.5 207.3125 231.875 256.75 283.875 321.8125 378.125 480.125 550.8125 641.4375 566.3125 535.375 316.125 295.625 342.5 321.25 361.625 365.5 322.875 317 385.4375 375.3125 323.3125 229.9375 175.5 107.1875 130.5 89.8125 73.3125 68.625 64.875 70.1875 51.8125 56.875 49.1875 51.25 43.75 51.5 68.9375 55 55.25 56.5 64.5 69.5625 63.625 55.25 52.8125 60.375 46.1875 41.5 58.75
168.8125 253.5625 356.5 325.5 306.9375 305.125 310.125 375.8125 414.3125 394.125 343.8125 296.875 259.9375 236.625 211.4375 206.75 212.375 229.0625 246.75 264.1875 301.5 361.0625 454.9375 543.9375 602.375 534.375 446.5625 377.5 233.5 306.6875 323.0625 377.6875 364.3125 404.1875 380.5 365.0625 442.75 479.3125 257.625 255.375 140.125 108.625 99.3125 85.8125 79.3125 72.9375 67.0625 63.75 55.0625 54.375 61.6875 63 43.4375 65.1875 71.0625 59.75 58.25 44 69.6875 53.875 55.5 43.4375 55 47.3125 54.1875 55.5
224.875 262.125 261.25 285.8125 263.8125 271.875 253.5 232.625 266.4375 317.3125 306.5625 296.875 255.6875 231.3125 216.8125 209.875 220.1875 229.375 238.375 256 288 345 424.9375 529.8125 581.1875 593.0625 466.125 389.1875 246.0625 229.3125 226 291.625 396.3125 386.4375 449.6875 432.125 427.6875 476.9375 395.5 310 247.75 183.5625 113.5625 110.0625 89.5 85.25 74.625 72.5 78.1875 62.875 69.1875 83.1875 54.5625 53.75 73.8125 83 68.125 60.3125 43.1875 41.4375 41.1875 37.375 36.0625 31.75 44 38.9375
