Scripts_&_data/WorldClim_2.0_rasters/WC2.0_bio_08_16.asc
NCOLS 642 
NROWS 378 
XLLCORNER -19 
YLLCORNER 19 
CELLSIZE 0.166666666666667 
NODATA_value -1.7e+308 
[rows 84 to 104 of 378, columns 384 to 431 of 642]
4.98133331785599 4.86129164199034 4.76945832868417 4.77024997274081 4.6812499910593 4.57275001083811 4.5436666396757 4.40029165397088 4.62125001226862 4.87920023687184 -1.7e+308 -1.7e+308 -1.7e+308 -1.7e+308 -1.7e+308 -1.7e+308 -1.7e+308 -1.7e+308 -1.7e+308 -1.7e+308 -1.7e+308 -1.7e+308 -1.7e+308 -1.7e+308 -1.7e+308 -1.7e+308 2.68128997584184 3.80519373218219 4.62315054982901 4.61737497150898 4.6883332952857 5.1516249453028 5.54399998486042 5.45108335341016 6.74333329622944 8.17129164064924 8.75541665156682 8.70550000419219 8.80083335687717 8.89612498134375 9.05050004273653 9.14629173278809 9.14241666346788 9.22716672470172 9.21500004331271 9.21604169905186 9.04958334068457 8.99904164175192
5.50733331839244 5.43511803199848 4.41356123859684 3.3337083508571 2.96720833331347 2.65259259815017 -1.7e+308 -1.7e+308 -1.7e+308 -1.7e+308 -1.7e+308 -1.7e+308 -1.7e+308 -1.7e+308 -1.7e+308 -1.7e+308 -1.7e+308 -1.7e+308 -1.7e+308 -1.7e+308 -1.7e+308 -1.7e+308 3.38351439436277 5.07190035656094 4.90079165498416 4.75470833232005 4.54141666740179 4.41733336697022 4.3308333431681 4.42429166908066 4.55241666610042 4.45437501122554 6.30220830316345 8.78570835789045 8.86174997190635 8.94445833315452 8.93045837680499 8.97716667503119 9.05408329765002 9.11695831269026 9.21066662172476 9.25516664733489 9.35175003856421 9.39416670799256 9.30512151370446 9.28715563813845 9.23105760415395 9.27115000784397
5.49067109202345 4.35995039840539 -1.7e+308 -1.7e+308 -1.7e+308 -1.7e+308 -1.7e+308 -1.7e+308 -1.7e+308 -1.7e+308 -1.7e+308 -1.7e+308 -1.7e+308 -1.7e+308 -1.7e+308 -1.7e+308 -1.7e+308 4.04836291198929 4.1806215668718 4.93917324269811 4.7910943813622 4.94026282181342 4.96712504078945 5.09060600151618 5.06979312251012 4.84362502396107 4.70758328090111 4.63150001689792 4.55837498481075 4.56337504833937 4.54762504125635 7.99620833123724 9.2497499982516 9.26879170536995 9.10566662748655 9.30045827726523 9.32341664284468 9.33487493296464 9.46416660398245 9.53283333778381 9.46470838288466 9.50320835908254 9.36484476178885 9.39861202488343 9.50943234562874 9.51683336744706 9.65259229143461 9.79561296105385
-1.7e+308 -1.7e+308 -1.7e+308 -1.7e+308 -1.7e+308 -1.7e+308 -1.7e+308 -1.7e+308 -1.7e+308 -1.7e+308 -1.7e+308 -1.7e+308 -1.7e+308 -1.7e+308 -1.7e+308 -1.7e+308 -1.7e+308 4.09732268253962 5.08970833569765 4.81637505317728 4.48912501831849 4.38758335386713 4.48675000667572 4.62966667984923 4.75283337011933 4.91370837887128 4.92054169376691 4.84162503977617 5.63029168049494 8.40775003905097 8.86504164338112 9.52187497913837 9.53012498219808 9.43483332544565 9.50375002374252 9.51208340128263 9.45970833053191 9.49541659156482 9.46337494750817 9.46699998527765 9.45945833623409 9.51479164759318 9.53270834187667 9.83654164026181 9.9917083432277 10.063916631043 10.0235833600163 9.94333335508903
4.89808162177602 3.02483136331042 -1.7e+308 -1.7e+308 -1.7e+308 -1.7e+308 -1.7e+308 -1.7e+308 -1.7e+308 -1.7e+308 -1.7e+308 -1.7e+308 -1.7e+308 -1.7e+308 -1.7e+308 -1.7e+308 3.45903383940458 5.17025003582239 5.13054171701272 4.84629167368015 4.55658335859577 4.31908328831196 4.24820830424627 4.40970833972096 4.50850001846751 5.30062495420376 5.97799995541573 7.30299995839596 9.12262501815955 9.73316663006941 9.66324994713068 9.61129170904557 9.83762495219707 9.86062498142322 9.78591668605804 9.76716664185127 9.72891666988532 9.73204162468513 9.67362504949172 9.75300000359615 9.63720832268397 9.80258335421483 9.80904172112544 9.71983334670464 9.91979162395 9.9068749944369 9.83920832475026 9.97162505239248
5.9607083623608 5.9477083409826 5.93520834917823 5.31371693561475 -1.7e+308 -1.7e+308 -1.7e+308 -1.7e+308 -1.7e+308 -1.7e+308 -1.7e+308 -1.7e+308 -1.7e+308 -1.7e+308 -1.7e+308 -1.7e+308 3.23436177025239 5.2280416538318 5.15849997972449 4.91333335141341 4.73158334568143 4.47495834653576 4.14029164426029 4.1538333594799 4.24379168699185 4.99537503470977 6.36283332978686 7.92095830788215 9.60575005412102 9.8442916298906 9.87383333593607 9.92329163849354 9.9459582294027 9.98908324291309 10.0123333334923 9.96791672954957 9.87145832926035 9.91108334312836 9.91295830657084 9.93962499250968 9.94037500520547 9.91312497854233 9.93849999457598 10.0096249828736 9.96745833506187 9.95962502559026 10.1252083058159 10.1842500468095
5.99729170401891 5.95420837153991 5.9171250462532 5.95266668250163 4.8543601334095 -1.7e+308 -1.7e+308 -1.7e+308 -1.7e+308 -1.7e+308 -1.7e+308 -1.7e+308 -1.7e+308 -1.7e+308 2.76667708158493 3.53695641458035 5.51317961265643 5.3825833213826 5.2457916662097 4.99562506998579 4.75904164214929 4.50862498829762 4.34912503014008 4.37529167781273 4.53654166062673 4.73720834900935 4.68366669739286 4.97387499858936 9.46637499084076 9.48491673419873 9.52045834064484 9.73633333543937 9.81958331167698 9.9086248849829 9.981041662395 10.0822500760357 10.0330417056878 10.0793749392033 10.1532499815027 10.163499991099 10.1829166511695 10.2357082863649 10.2969582950075 10.1639166524013 10.2474583114187 10.2274166593949 10.3989167486628 10.4067500407497
5.94883336375157 5.88854169845581 5.9072499970595 5.86600004136562 5.89204161117474 5.94129166255395 5.77507463966807 5.77144503841798 5.77087506651878 5.75751394902666 5.60678983231385 5.54362501079838 5.62699999411901 5.56120840460062 5.48154169569413 5.52883329242468 5.52004167685906 5.40862493216991 5.28558329492807 5.17729160934687 4.99720834692319 4.74470835675796 4.54595836003621 4.58279165377219 4.83912500366569 4.87991665924589 4.92450002456705 4.75325000161926 8.00933334976435 9.05708331614733 9.18725002060334 9.40783335765203 9.60362503925959 9.32208334902922 9.58970836549998 9.83733334640662 9.72191669543584 9.55204163491726 9.48070834577084 9.62283332894246 9.82112499823173 10.200166605413 10.3881249601642 10.4847083042065 10.4500417560339 10.3820416505138 10.5036666840315 10.4403748785456
5.8591250355045 5.80720838159323 5.82045831034581 5.83183328310649 5.87783327202002 5.82862504571676 5.72333327929179 5.65154161552588 5.62183331946532 5.60191664348046 5.57079159468412 5.53362500791748 5.54941673949361 5.52404166882237 5.48399997750918 5.42904162655274 5.52512493481239 5.43658329546451 5.35862495750189 5.26112495611112 5.1202083354195 4.84699996188283 4.85187498480082 4.53675000493725 4.68608330686887 4.68495828906695 5.45941663285096 4.88670833533009 6.72804166624944 8.73029165714979 9.17079167316357 9.49191669623057 9.45487500975529 9.2899999866883 9.45879166324933 9.44895834724108 9.56845837583145 9.59645834068457 9.59208334734043 9.55804174890121 9.3978333423535 9.61449999113878 10.1112083345652 10.5260833029946 10.6420417378346 10.5172500212987 10.6945834259192 10.760999965171
5.73370838910341 5.76158332079649 5.75800000379483 5.86120832463105 5.88745832443237 5.77170826122165 5.73474994425972 5.65279167145491 5.58608329668641 5.56741670270761 5.61866666128238 5.6150416781505 5.53133335833748 5.54083332543572 6.21329170589646 5.58287500341733 5.52370829259356 5.24666664376855 5.21891664216916 5.35170837988456 5.2795000448823 5.05254168560107 4.82354160522421 4.75849999363224 4.8365416576465 4.88654165714979 4.72608330100775 5.58604164421558 6.68099999427795 9.14441666131218 9.1804166312019 9.32420834153891 9.51883342613776 9.60662503788869 9.68820831924677 9.85066672662894 9.77870830893517 9.82254173109929 9.7518750205636 9.53904161850611 9.74891665329536 10.039583320419 10.3457916975021 10.6324167425434 10.8569166089098 10.8040833299359 10.8825417036812 10.8959166581432
5.7870416889588 5.71820832292239 5.75291665643454 5.80874994148811 5.77841663857301 5.74220832188924 5.61512497688333 5.46470833197236 5.59462504213055 5.60837504764398 5.64008333534002 5.65895834192634 5.62945828338464 5.58674997463822 5.61266670624415 5.56829172745347 5.42241664851705 5.29579163591067 5.23020829508702 5.30304169406494 5.25820834438006 5.18445838987827 5.05058330173294 4.95908330753446 4.92587501431505 5.30879163742065 7.03295832996567 7.91545837000012 9.06833327189088 8.82891668130954 9.36008330186208 9.32562503715356 9.39620836079121 9.5158750017484 9.8036666760842 9.81883335113525 9.75537499537071 9.91045829405387 9.76658334086339 9.72083334128062 9.70491673052311 9.95708331714074 10.4318750351667 10.6994166746736 10.9142500286301 11.0760000000397 11.0607083464662 11.0172916824619
6.22666664173206 7.61574999491374 6.45491666346788 6.13049993415674 5.81670830150445 5.70412499085069 5.45866665740808 5.5274583188196 5.54233336200317 5.51691669970751 5.58887505779664 5.60450004165371 5.54983331511418 5.53333335866531 5.81833338116606 5.63183332234621 5.32262491434813 5.42770833149552 5.29145831242204 5.22595832745234 5.31741668532292 5.17241665224234 4.80816666285197 6.02124996980031 7.05091665436824 7.42799999316533 7.73258334149917 9.48762500286102 9.42420831446846 9.69675002992153 9.52845828980207 9.45008345196644 9.48808339238167 9.48812510569891 9.62754169354836 9.74645835409562 10.0692500323057 10.1691666344802 10.1852082932989 10.0569999764363 10.059374978145 10.2353333334128 10.7640000457565 10.9388333335519 11.0063750023643 11.0381249412894 11.0073333705465 10.7543750007947
6.22349998851617 6.8240000034372 7.11554174870253 8.9158334111174 8.63170833513141 6.04679160440961 5.77179166053732 6.76508328815301 5.78716663643718 5.73495834196607 5.72287497545282 5.63354169204831 6.24050001551708 5.61533337334792 5.51545836528142 5.45054174090425 5.48983341827989 6.17204173157613 5.54579172283411 5.45458335181077 5.37716668099165 5.23937499771515 4.95179161056876 4.66891666998466 8.62650001669923 9.63504166031877 9.71637508273125 9.87316671262185 9.98004166036844 9.90162503222624 9.94274997835358 9.98162499815226 9.8564166650176 9.84924997389317 9.87562498698632 10.2434999421239 10.2595833490292 10.10445830971 10.1936667263508 10.2919999832908 10.2404999832312 10.2524166653554 10.7719166874886 11.1033749058843 11.1544582024217 10.9802915478746 10.7854166924953 10.612333394587
10.0561249777675 9.89666664848725 9.11945834010839 10.269000031054 10.0518749977152 10.4202083138128 10.0583750146131 7.51158333942294 6.64616665368279 6.93725004419684 6.29437494898836 6.75404168913762 7.64904166013002 5.76791667565703 5.75445835043987 6.28487504770358 6.91208337744077 8.49058335026105 6.53679167727629 5.4858333170414 5.43470830221971 5.71812499811252 7.54966667791208 7.35341668004791 8.69483336309592 9.64887505521377 10.2763333792488 10.3347916652759 10.3436251009504 10.3238333314657 10.3206667006016 10.314750050505 10.1755416467786 10.2425416583816 10.327874938647 10.4181666399042 10.6725833192468 10.4394166891774 10.3618333488703 10.3312083656589 10.3775833298763 10.4602500498295 11.2931666697065 11.2906667515635 11.1859582836429 10.848749982814 10.4454167236884 10.4214584032695
10.3982917492588 9.32583337773879 9.39262501647075 10.0431666399042 10.9187083343665 10.9324582840006 10.8235000322262 10.8620834002892 11.1268334214886 10.8986249739925 9.31516660998265 7.32775001724561 6.26700000092387 5.82804168512424 7.09262501448393 6.4941250210007 6.47499997665485 8.02862504621347 8.60300001998742 9.61458333084981 9.48629171649615 7.07691667725643 9.8406666542093 9.63012502590815 10.2987083693345 10.3844583258033 10.202708311379 10.2354584112763 10.3037083695332 10.3882916818062 10.5099999954303 10.5732083941499 10.4827083796263 10.5663749873638 10.4959583605329 10.729333370924 10.7707916895548 10.7811250363787 10.9325833916664 10.9045833473404 10.9199166422089 11.2719999998808 12.1470833395918 11.4091666688522 11.1033333813151 10.968125000596 10.8491666465998 10.5723333408435
11.4722083757321 11.272916679581 11.2229999800523 11.0516250059009 11.0747083400687 10.8004166707397 10.6087083319823 10.7321667298675 10.950708322227 10.189583381017 10.3509165967504 8.01695833851894 5.89708332717419 5.59279169514775 5.97462504853805 5.62008332212766 5.68795832743247 5.91824998458227 5.87379167973995 7.76433333257834 7.31670832633972 7.24479166169961 9.38154167930285 9.89958337197701 9.92262502138814 9.97420833880703 10.0823749328653 9.82858331253131 9.6410000535349 9.64787494391203 9.90583333248893 10.2546666835745 10.5057083889842 10.735125032564 10.7282083307703 10.8706666653355 10.8822499563297 10.9134583051006 11.0629584516088 11.3530000001192 11.2465000872811 11.40854164958 11.7646665846308 11.3925416097045 11.281750018398 11.1011666928728 10.9899166673422 10.939500041306
11.2454166561365 11.4207083185514 11.5468333512545 11.4664999792973 11.3354999820391 11.2728332430124 11.2785416940848 11.1586666877071 11.111249965926 10.5573749591907 11.1512918074926 7.62650008002917 7.43558331082265 6.52400006353855 6.62483338763316 5.7536250030001 5.57274999469519 7.11820831894874 8.28650004168352 8.69741667682926 7.98154167830944 6.46812502046426 9.4120416790247 9.83579166481892 9.816708398362 9.96866664042075 10.0032500314216 9.7086250136296 9.45200007284681 9.33583337813616 9.47216669966777 9.72899998848637 10.1857499840359 10.4915416563551 10.652999997139 10.820999994874 10.979416663448 10.8507917573055 10.8729999959469 11.7868749226133 12.2779583161076 12.0766249895096 12.2578334013621 11.7194167673588 11.8955416753888 11.4667499413093 11.3094166318576 11.3544999932249
10.8855416923761 10.7063333839178 10.9330416967471 11.4560416738192 11.4263332833846 11.4223333497842 11.3367916395267 11.3018333440026 11.1853332743049 11.1681666846077 10.2075833852092 9.52283337960641 11.3301667248209 11.5776666526993 11.5534583628178 11.3718749880791 10.9691250038644 7.95720840618014 6.46725001807014 6.89374999826153 6.68995827312271 8.25658337026834 10.1674582784375 10.0452082852523 9.98045827945074 9.87912495682637 9.73495837052663 9.73637495438258 9.64245842024684 9.60462509219845 9.65912496919433 9.90441667164365 9.93991665417949 10.2291250154376 10.521958331267 10.7836666827401 11.0175833453735 10.5721249928077 11.4735833605131 11.5985000034173 12.1151667137941 12.108666708072 12.4929582650463 12.9084166238705 12.9705833295981 12.5145833442609 11.5037084047993 11.2843751658996
11.5654999514421 11.5812083532413 11.2794166356325 11.5352499534686 11.6969583233198 11.6479582935572 11.6668750047684 11.6430833439032 11.5229583531618 11.6745000481606 12.2557917485635 12.0567083607117 11.3228750353058 12.4707500934601 12.3391666412354 12.8387083262205 12.6765417183439 11.8582083148261 8.21841668337584 10.9464583309988 9.83812501778205 10.2050416469574 10.3747083991766 10.0268333231409 9.99537499745687 10.1184166322152 9.94037496298552 9.97350002949437 9.81874995554487 9.84562496592601 9.84691665197412 9.90104170764486 9.90829168756803 9.99195831765731 10.5557916959127 10.5062499841054 10.8813749924302 11.710416632394 12.0849583099286 11.8764583220084 12.0207498917977 12.6729999979337 12.485416730245 12.8568748831749 12.8311666299899 12.765958396097 12.9105832527081 12.7859165097276
12.3608750452598 12.3376666506131 12.3149583886067 12.3231666833162 11.7423749665419 11.7802916665872 11.9200000514587 11.718666707476 11.8022916391492 11.834416637818 12.0760834018389 12.0122083177169 12.2258750001589 12.5435833185911 12.7285416821639 13.0358750075102 13.507208387057 13.2041249722242 12.7825415879488 12.7003332575162 11.9400416836143 10.9884166717529 10.2855833917856 10.1411250159144 10.2480832388004 10.4136250515779 10.0476666564743 9.86616667235891 9.75774996106824 9.58895835032066 9.25912504394849 9.56716660037637 9.91250001639128 10.1807916338245 10.2631249924501 10.3134999424219 10.5997916013002 11.1898750116428 12.0626667141914 11.9161250169079 12.104333281517 12.2240000218153 12.385958318909 12.6100000093381 12.5453332811594 12.5847083677848 12.60399992764 12.6096666380763
12.7546249727408 12.4625416596731 12.6708750377099 12.7601667443911 11.8423332571983 11.9653333773216 12.5895416736603 12.7364166975021 12.7300000190735 12.0769166996082 12.2765833561619 11.8768749882778 11.9502917428811 12.1157500296831 12.2460833092531 12.5491666644812 13.1307083169619 13.4400833199422 13.4044166555007 13.0555833131075 12.4564166789254 11.2175833160679 11.367249948283 10.968000014623 10.7390833372871 10.5372500394781 10.2992083157102 10.0069999781748 9.85691662381093 9.61995825916529 9.59870827943087 9.42854167645176 9.78754169493914 10.1692500412464 10.0198749601841 10.0729583154122 10.533500008285 11.3883750215173 11.9292083233595 12.1290417090058 11.8505000074704 11.7204166799784 12.0995000600815 12.4898751129707 12.5706250568231 12.7021249681711 12.3212083478769 11.9053749367595
