Scripts_&_data/WorldClim_2.0_rasters/WC2.0_bio_07_16.asc
NCOLS 642 
NROWS 378 
XLLCORNER -19 
YLLCORNER 19 
CELLSIZE 0.166666666666667 
NODATA_value -1.7e+308 
[rows 126 to 146 of 378, columns 384 to 431 of 642]
38.4009996652603 38.3844997882843 38.2500004768372 38.422500371933 38.5437502861023 38.2417496442795 38.5707497596741 38.8875000476837 40.007000207901 39.8242501020432 39.7797503471375 40.1137498617172 39.409250497818 39.5185004472733 39.3965003490448 39.4689998626709 39.8835000991821 39.264750123024 39.3307498693466 39.2857497930527 39.2317496538162 39.02649974823 39.286249756813 39.2537499666214 39.4862499237061 38.9525003433228 38.741500377655 38.6975003480911 39.2047501802444 38.6687502861023 38.7479996681213 39.8202501535416 39.360249876976 39.1212500333786 40.0305000543594 40.4085004329681 41.0002499818802 41.1417495012283 40.3712499141693 40.7740001678467 40.064749956131 39.7919998168945 39.6499999761581 39.8599997758865 39.8312499523163 39.9157499074936 39.8560001850128 40.1884994506836
37.868999838829 38.0969998836517 38.1504994630814 38.6737500429153 38.6285001039505 38.7359998226166 39.3384997844696 40.4965000152588 40.2167505025864 39.5774999856949 39.3182498216629 39.6530001163483 39.8622502088547 39.923500418663 39.9172505140305 40.3599998950958 39.9410004615784 39.7987502813339 39.4154999256134 39.2557492256165 39.2457495927811 39.0442497730255 39.2722498178482 39.1144999265671 39.1439998149872 38.8637502193451 38.659500002861 38.6515004634857 38.4712498188019 38.6737502813339 38.6240000724792 39.3877501487732 39.6110001802444 39.2812496423721 40.044250369072 40.9930000305176 41.6167496442795 41.8075003623962 41.4434999227524 41.1752500534058 40.7895005941391 40.6005002260208 40.6597503423691 40.5929996967316 40.7037500143051 41.3777499198914 41.202499628067 41.4954997301102
37.9850002527237 37.8950010538101 38.2299997806549 38.489000082016 38.6690000295639 38.8275001049042 39.0785000324249 40.2839996814728 39.7215001583099 39.8877501487732 39.7319999933243 39.7750000953674 39.6762501001358 39.9644997119904 40.0357505083084 39.6189997196198 39.6775000095367 39.9085000753403 40.1772496700287 39.3777496814728 39.1092501878738 39.0752508640289 39.6182501316071 39.6334999799728 39.6437497138977 39.423999786377 39.2729997634888 39.3005001544952 38.8659998178482 38.8274998664856 39.1747499704361 39.349249958992 39.9150000810623 40.188000202179 40.7944999933243 41.6762502193451 41.9022499322891 41.0449998378754 41.3555005788803 41.2082499265671 40.6042500734329 41.0592501163483 40.7532503604889 40.8727499246597 41.5697499513626 42.1274998188019 42.2119998931885 41.4640003442764
37.4995000362396 37.7615003585815 38.0622501373291 38.2885003089905 38.6357500553131 38.9840004444122 39.3617497682571 39.6120004653931 39.8092501163483 40.5372499227524 39.7590001821518 40.0514998435974 40.3277499675751 39.5379998683929 39.6657507419586 39.8317503929138 39.6760003566742 39.8410004377365 39.8329998254776 40.1010003089905 40.0025000572205 39.6282502412796 39.4862502813339 39.1630005836487 39.0102497339249 39.0587494373322 39.1887495517731 39.9217501878738 39.2544994354248 39.286750793457 39.2667506933212 39.2860000133514 39.7047498226166 39.8692499399185 39.9142496585846 41.0799999237061 41.3379995822906 40.945500254631 40.8277500867844 41.2099997997284 41.7130001783371 41.4519999027252 41.2867503166199 41.1535001993179 41.0742497444153 41.361499786377 41.4820003509521 41.6157500743866
37.6159994602203 37.7837501764297 37.8872495889664 37.9997498989105 38.1522506475449 38.311000585556 39.1042506694794 39.372000336647 39.4367507696152 39.4739999771118 39.6395000219345 39.9992499351501 40.3832498788834 39.7422499656677 40.0649996995926 39.9225002527237 39.9184997081757 39.655749797821 39.677499294281 39.958750128746 39.6710000038147 39.5305000543594 39.3782505989075 39.3907505273819 38.929499745369 39.235499382019 39.4422495365143 40.3457500934601 39.5314997434616 39.4717501401901 39.338750243187 39.5132499933243 39.9720002412796 40.0965001583099 40.7509995698929 41.220999956131 41.7347497940063 42.6002501249313 41.950000166893 42.0279998779297 42.5764999389648 42.3997496366501 42.064749956131 41.8939998149872 42.0072500705719 42.2517502307892 42.6560001373291 42.7417497634888
38.4077498912811 38.0542503595352 38.3199996948242 38.8182501792908 39.2840001583099 39.4997503757477 39.5782502889633 39.7935000658035 40.3745001554489 40.0687500238419 39.6874998807907 39.9137502908707 40.0152499675751 40.3912496566772 39.9722501039505 39.8149996995926 39.7087498903275 39.6050000190735 39.6137495040894 39.5962493419647 39.514999628067 39.5005005598068 39.5600003004074 39.1064999103546 39.1297504901886 39.2037504911423 39.4354997873306 39.4165000915527 39.3789995908737 39.1529997587204 39.1292502880096 39.809500336647 39.9072501659393 39.8270002603531 40.4060000181198 41.4212498664856 41.4527497291565 41.5607498884201 41.1252501010895 41.2442498207092 41.3022500276566 41.0302500724792 40.8885003328323 41.1817499399185 41.5995001792908 41.3782501220703 42.1110002994537 42.513249874115
38.3572498559952 37.9379998445511 38.4065003395081 38.9887502193451 39.7292500734329 39.5995002985001 39.2214998006821 39.2962497472763 39.6027498245239 40.0432503223419 39.867250084877 39.5617500543594 39.6657503843307 39.926500082016 40.0767503976822 39.926500082016 39.599249958992 39.2512502670288 39.3387507200241 39.4432504177094 39.5685000419617 39.2740000486374 39.3404995203018 39.2212496995926 39.0260002613068 39.0265004634857 39.2330006361008 39.1177504062653 39.1325000524521 38.8480000495911 38.7947496175766 39.0982500314713 39.4972501993179 39.3900005817413 39.6045001745224 40.2157499790192 40.9350003004074 40.9299999475479 41.235999584198 41.31149995327 41.0064997673035 40.9892500638962 41.3784998655319 41.3942497968674 41.4072499275208 40.8995001316071 40.8927500247955 41.4767498970032
38.7190002202988 39.2095001935959 39.1899996995926 38.7307502031326 38.5597496032715 38.6240003108978 38.3727502822876 38.7460001707077 39.0229997634888 39.4022500514984 39.147750377655 39.1815000772476 39.1539999246597 39.4357500076294 39.685250043869 39.9237496852875 39.4702503681183 39.6877501010895 39.5717500448227 39.5065002441406 39.3647501468658 39.2264996767044 39.2454997301102 39.3374998569489 39.0364998579025 39.2155001163483 39.4237498044968 39.6964998245239 39.9612499475479 39.263500213623 38.9280002117157 39.2100006341934 39.8842500448227 39.9537498950958 40.6932498216629 41.347000002861 41.5127506256104 40.9500005245209 41.1407500505447 41.0652498006821 41.4395003318787 41.3565001487732 41.6009998321533 41.5112500190735 41.1407502889633 41.2322494983673 41.6717500686646 41.8315001726151
37.7039996385574 38.2349998950958 38.764249920845 38.8812497854233 38.3659999370575 38.5554996728897 38.9240000247955 39.0932502746582 39.1792511940002 39.4385004043579 39.1520004272461 39.3577498197556 39.2397499084473 39.3487501144409 39.5867501497269 40.1585003137589 39.7770005464554 39.7574996948242 39.4084997177124 39.5000003576279 39.32100045681 39.1219998598099 39.0299996137619 39.0887495279312 39.2784998416901 39.3265000581741 39.8357496261597 39.2810001373291 39.2312500476837 39.3642503023148 39.6537498235703 39.7912502288818 40.0389995574951 40.7002499103546 40.8694998025894 40.807000041008 40.779000043869 41.3734998703003 41.2420002222061 41.1017498970032 40.9657498598099 40.8860003948212 40.949000120163 40.9650002717972 41.7282495498657 42.3660001754761 42.2902498245239 42.0234996080399
37.4785000085831 37.8217502832413 38.5390000343323 38.9977499246597 38.8487498760223 39.0725003480911 38.8305003643036 39.0197497606277 39.2477498054504 39.625749707222 39.9190000295639 39.8394998311996 40.011749625206 40.2257498502731 40.0894998311996 39.9015003442764 39.7287499904633 40.0497497320175 39.9397497177124 39.5807501077652 39.5310001373291 39.2855000495911 39.2012490034103 39.3917495012283 39.6247495412827 39.1115002632141 39.3482497930527 39.9224998950958 39.6757500171661 39.1537504196167 39.5317498445511 39.840750336647 40.3655000925064 40.9434999227524 41.4087498188019 41.3504997491837 41.0184998512268 41.5105003118515 41.5225002765656 41.7049998044968 41.4347497224808 41.8744995594025 41.8080002069473 42.2380003929138 42.5592505931854 42.5534996986389 42.3692501783371 41.4220002889633
37.6700003147125 37.9132503271103 38.2449996471405 38.533750295639 38.6252503395081 38.8007501363754 39.0434999465942 39.0475002527237 39.2285003662109 39.8447501659393 40.3015002012253 40.0245000123978 39.8492503166199 40.2334994077682 40.2145003080368 39.658750295639 40.0717502832413 40.2765003442764 39.9832496643066 39.8247500658035 39.8299999237061 39.3097501993179 39.3637493848801 39.5492498874664 39.599249958992 39.2030000686646 39.459250330925 39.3869998455048 39.6632500886917 39.6055001020432 39.7800000905991 39.6352499723434 40.1007503271103 40.9780000448227 41.5617499351501 41.2027502059937 41.0742497444153 41.3522498607635 41.1970001459122 41.3345000743866 41.6940001249313 41.2105005979538 41.4964996576309 41.5762499570847 40.7425001859665 40.8372493982315 41.0135000944138 41.2915004491806
38.1940004825592 37.9730000495911 37.9965004920959 38.8209999799728 38.4745002985001 39.0509999990463 39.8652501106262 40.2992503643036 40.3292504549026 40.2524998188019 40.8427500724792 40.4037498235703 40.6372499465942 40.8917499780655 40.1532499790192 40.0414994955063 40.4854996204376 40.1459996700287 40.0510002374649 39.9645003080368 39.8902504444122 39.537250161171 39.7232495546341 39.6937494277954 39.9432499408722 40.0704997777939 39.8635001182556 39.8175002336502 39.3665000200272 40.0167497396469 40.048250079155 40.2077499628067 40.4540003538132 40.6600000858307 41.1997501850128 41.4052500724792 41.1184997558594 40.7542500495911 41.3879996538162 41.724750161171 41.782750248909 41.5815001726151 41.2407501935959 41.9229996204376 41.3012499809265 40.9484996795654 40.9060000181198 40.7302502393723
38.402250289917 38.2027500867844 38.1365000009537 38.7987498044968 39.4397501945496 39.8495000600815 39.9750001430511 40.0875002145767 40.2810000181198 41.0652496814728 41.4514998197556 41.1569999456406 41.168750166893 40.7117500305176 40.5817503929138 40.2432497739792 40.255499958992 40.2345002889633 40.0354995727539 40.1222499608994 40.1575003862381 39.6287497282028 39.7965000867844 40.1037497520447 40.2069998979568 40.0502499341965 40.0777497291565 40.1562502384186 40.286249756813 40.4404999017715 40.2482498884201 40.5137498378754 40.5032494068146 41.0120002031326 41.3002505302429 41.2045001983643 40.7550003528595 41.1480001211166 41.2984997034073 41.291999578476 41.1197500228882 41.0352495908737 40.9065008163452 41.0912498235703 41.3957501649857 40.504499912262 40.563249707222 40.6077500581741
39.1844997406006 38.7467497587204 39.0962505340576 39.5115000009537 39.2065001726151 39.2687497138977 39.4742500782013 40.112499833107 40.1472504138947 40.0215001106262 40.7724999189377 40.4397497177124 40.4349999427795 40.1577504873276 40.3287498950958 40.6737500429153 40.8807502985001 40.6012500524521 40.5902498960495 40.2214998006821 40.5072503089905 40.0557503700256 40.1267502307892 40.3780001401901 40.4375 40.2327500581741 40.361999630928 40.2724999189377 40.1329997777939 40.0692498683929 40.2360002994537 40.5880000591278 41.0100001096725 41.1372494697571 41.2175003290176 41.1347497701645 40.6784998178482 40.6549994945526 40.951000213623 40.710749745369 40.6219998598099 40.7595001459122 40.7057499885559 41.2225000858307 41.7617492675781 40.7497498989105 40.6272503137589 40.6964995861053
38.987499833107 38.6249997615814 39.569000005722 39.5907496213913 39.4614994525909 39.3655002117157 39.7632504701614 39.6662496328354 39.6614996194839 40.2564996480942 40.4922503232956 40.8309997320175 40.984499335289 41.0730001926422 41.4770003557205 41.1342498064041 40.9474999904633 40.8302501440048 40.8072496652603 41.0462498664856 40.7370001077652 40.7625004053116 40.5945007801056 40.448250412941 40.537250161171 40.8387496471405 40.5199996232986 39.7035002708435 40.1205002069473 40.4297503232956 40.5062502622604 40.9297497272491 40.8515000343323 40.7245001792908 40.714249253273 40.6037499904633 40.4637501239777 40.6092504262924 40.2902505397797 40.7084999084473 40.6137503385544 40.8320001363754 41.1529997587204 41.1697497367859 41.6295005083084 41.3804996013641 40.5667502880096 40.5440001487732
39.3589998483658 39.233749628067 39.358500123024 39.9679999351501 39.3069998025894 39.6577501296997 39.3000000715256 39.6024998426437 40.5360000133514 39.9805001020432 41.2249997854233 41.5885000228882 41.9369996786118 41.8990005254745 41.6485008001328 41.4465003013611 41.3195000886917 41.1659997701645 41.0724999904633 41.1749995946884 41.1442496776581 40.8152501583099 40.4657498598099 40.6862499713898 40.6349996328354 40.2790001630783 40.1005002260208 40.1887501478195 40.4370000362396 40.5582501888275 40.4097499847412 40.9604998826981 41.2427500486374 41.1250001192093 41.2520002126694 41.5759996175766 41.4862502813339 41.7100002765656 41.5459997653961 41.9430005550385 41.9282504320145 41.6329996585846 41.7379997968674 41.4192501306534 41.1317501068115 41.3357493877411 41.2702496051788 41.0112503767014
38.3694996833801 39.1064999103546 39.1762496232986 39.2812502384186 39.7019999027252 40.1447501182556 39.3102499246597 39.6570001840591 39.1557496786118 39.320999622345 40.3044992685318 40.4359999895096 41.1372498273849 41.7572495937347 41.6475001573563 41.4717501401901 41.327250123024 41.1482498645782 40.9632503986359 41.0742499828339 40.705500125885 40.4597500562668 40.6862498521805 40.1927503347397 39.9189999103546 40.0434997081757 40.0517500638962 39.9694998264313 40.2480005025864 40.3807499408722 40.5852501392365 40.5474996566772 40.692499756813 40.8170000314713 41.0310001373291 41.4027498960495 41.5327503681183 41.6132497787476 41.8359998464584 42.2002501487732 42.2945002317429 42.4787502288818 42.571750164032 42.5110005140305 42.2512496709824 42.1302493810654 42.2502499818802 41.9840000867844
38.4637500047684 38.5497498512268 39.2847499847412 40.3575000762939 40.2964998483658 40.2085001468658 39.3037502765656 38.9532498121262 39.2769995927811 39.8517500162125 39.9077500104904 39.5272504091263 40.8552498817444 40.9319999217987 40.7762500047684 40.8192498683929 40.6812491416931 40.4074995517731 40.5982496738434 40.3617497682571 40.1827496290207 40.2600001096725 40.0889995098114 39.9547500610352 39.8142501115799 39.8392503261566 40.1950002908707 40.002000451088 40.3187502622604 40.6474996805191 40.4999997615814 40.5715000629425 40.4867497682571 40.6187499761581 40.6829998493195 41.0407501459122 41.1647498607635 41.0355000495911 41.2822493314743 41.8082499504089 41.7142497301102 41.9077498912811 42.09750020504 41.9625000953674 42.0060002803802 41.923250079155 42.3039999008179 42.5667502880096
38.9402499198914 39.5717494487762 40.1385000944138 39.6790001392365 40.2102501392365 39.8669998645782 39.3289996385574 39.4927498102188 39.2557502985001 39.1072496175766 39.4012500047684 39.8082499504089 40.660749912262 40.2184998989105 40.4449994564056 40.3942499160767 40.9242496490479 40.3844997882843 40.6032502651215 40.9104999303818 40.5015000104904 40.1840000152588 40.1807501316071 40.3122502565384 40.1280003786087 39.8129999637604 39.6047496795654 39.9354999065399 40.3080005645752 40.6504998207092 40.6230001449585 40.8469995260239 41.1242495775223 40.8265001773834 40.8214993476868 40.806249499321 41.0359996557236 41.0580004453659 41.1347495317459 41.4192494153976 41.4192497730255 41.5270001888275 41.7327499389648 41.9967503547668 42.1370003223419 41.907750248909 42.2490001916885 42.2890000343323
38.7437500953674 39.3409997224808 39.939749956131 39.8372505903244 39.7544995546341 40.018749833107 40.299250125885 40.5862499475479 40.4947499036789 40.0069999694824 39.5182499885559 39.8792499303818 41.3320000171661 40.6532497406006 40.3442500829697 40.519499540329 41.0349996089935 40.8060003519058 40.9437500238419 40.8302495479584 40.8394995927811 40.5990000963211 40.335749745369 40.2102494239807 39.9682495594025 39.732999920845 39.8259994983673 40.6012496948242 40.339250087738 39.9369993209839 40.5507496595383 41.7687500715256 41.079500079155 41.245999455452 41.1592501401901 40.8387497663498 41.1539999246597 41.4484997987747 41.6427500247955 41.3095000982285 41.128250002861 41.5574996471405 41.5897500514984 41.6677500009537 41.7057498693466 41.5867500305176 41.6317496299744 41.4139996767044
39.3539997339249 38.7767499685287 38.6202502250671 38.5570001602173 39.5112500190735 40.1302500963211 40.1042497158051 40.4287499189377 40.3037499189377 39.8834998607635 39.4814997911453 39.2579996585846 40.0537495613098 39.9300000667572 40.3725004196167 40.2107499837875 40.7122502326965 41.1644997596741 41.2949997186661 41.1084998846054 41.1302503347397 40.9759999513626 40.8199995756149 40.8327494859695 40.3152496814728 39.8657504320145 40.1237496137619 40.4657498598099 40.2390003204346 40.3217499256134 40.7897497415543 40.6787499189377 40.899000287056 41.269500374794 41.510750412941 41.1639996767044 41.4147502183914 41.2822501659393 41.453999876976 41.2850000858307 41.4487504959106 41.3172497749329 41.2230006456375 41.2822502851486 41.1067497730255 41.2800000905991 40.9969997406006 41.1054999828339
