Scripts_&_data/WorldClim_2.0_rasters/WC2.0_bio_07_16.asc
NCOLS 642 
NROWS 378 
XLLCORNER -19 
YLLCORNER 19 
CELLSIZE 0.166666666666667 
NODATA_value -1.7e+308 
[rows 315 to 335 of 378, columns 240 to 287 of 642]
30.983500212431 30.9050005078316 31.0427498817444 30.8344995081425 30.6555004119873 30.2195004224777 30.1092500686646 30.2269997596741 30.429999679327 30.4787499308586 30.4839999377728 30.6535002589226 30.6712504029274 30.7285007834435 30.7365007400513 30.783500701189 30.776249974966 30.9094995260239 30.8507495522499 30.7624999880791 30.7039996385574 30.4145002067089 30.1837496161461 30.105999737978 30.0972497165203 29.9564997851849 30.2252493798733 30.0447495132685 30.1992496848106 30.7100003063679 30.5437497198582 30.2264999896288 30.0807499885559 30.2147498428822 31.219250202179 32.2197499275208 32.7687499523163 33.0097498297691 31.6845003068447 32.068749666214 31.8987499475479 31.4312496781349 31.3690001815557 31.350749835372 31.3749995678663 31.1667501330376 30.8837498724461 30.7937500029802
31.1149998605251 30.9962501823902 31.0725001096725 31.105000436306 31.1207504570484 30.6767499148846 30.3817504644394 30.480500638485 30.7440001964569 30.8087501227856 30.8409999608994 30.9382492303848 30.9517495036125 30.9469994902611 30.9014998078346 30.9067492485046 30.8922488391399 30.9387494921684 30.8727496862411 30.7530000209808 30.7317509055138 30.6047499775887 30.3589994907379 29.9930007457733 30.0492503345013 29.5994999110699 28.908499777317 28.8690001666546 30.826750099659 31.5360000133514 30.4474999457598 30.7472502738237 30.5424999445677 31.1582499742508 31.0177497565746 34.5207503437996 34.7337503135204 34.196249961853 32.4240001440048 31.2130001187325 30.944000184536 31.2540004551411 31.5535001158714 31.2977498173714 31.5012503415346 31.4312500655651 31.3462498188019 31.2634999155998
31.2389993071556 31.1997499465942 31.2189997434616 31.1485000550747 31.3787499368191 31.20999994874 30.836500108242 30.8025003373623 31.0332506000996 31.0340003669262 30.986499786377 31.002999573946 31.0884998142719 31.0987500548363 31.1447497904301 31.1317502558231 31.0737501084805 31.1097503304482 30.951999604702 30.7835003137589 30.7805008590221 30.765750169754 30.6870002448559 30.4830001890659 30.2032500207424 30.0905001163483 29.8607497513294 29.6497497260571 30.0585004091263 30.8210000693798 30.3970005810261 29.7707495987415 30.5047501027584 30.2917500436306 30.5865004658699 33.1769997775555 33.1225002110004 33.0835002660751 32.4710002541542 31.643250644207 31.3612501621246 31.8380001187325 31.5897497534752 31.4952496737242 31.5282500386238 31.7660002559423 31.8187499493361 31.7402504384518
31.3509995639324 31.5062497854233 31.5362501442432 31.5514996945858 31.5137510001659 31.4647497832775 31.1995003819466 31.0402500033379 31.2492495775223 31.220750451088 31.1665002703667 31.2222502529621 31.2940010428429 31.3512505292892 31.4430002570152 31.4585008323193 31.3930005133152 31.3985007107258 31.1907498240471 31.0224992632866 30.9182504415512 30.8992511928082 30.9045001864433 30.8187494575977 30.6209995746613 30.3942504227161 30.2490000724792 30.1567497551441 29.9324997663498 29.9505000114441 30.0187501013279 29.5599997639656 29.8964999914169 29.5067507922649 30.2187501490116 30.2717498838902 30.8234991580248 30.7619994133711 30.7385000288486 31.4414997696877 31.299250036478 31.5080000013113 32.0359997451305 32.2292502373457 32.0812502354383 32.1507500261068 32.2749999761581 31.7964999973774
31.6837496161461 31.6047492027283 31.3627496957779 31.7454999387264 31.7524994909763 31.7457506656647 31.6017503142357 31.3209999501705 31.4672496318817 31.4114999473095 31.4359990954399 31.5082499086857 31.5704994797707 31.6389997005463 31.7102492451668 31.6472493112087 31.6262491047382 31.6237499713898 31.4392503499985 31.3087503612041 31.2397494614124 31.1662495136261 31.1132507026196 31.020499765873 30.9032496213913 30.7067497372627 30.5827502906322 30.4982502162457 30.2107502222061 30.2169999182224 30.5577505528927 30.5017494559288 29.9092498719692 29.7217500209808 30.2240001857281 30.7234998345375 31.8082500696182 31.9362501204014 30.9972499608994 30.5852497220039 30.8132498711348 31.2327495217323 32.4870008081198 32.4935003370047 32.334749981761 32.2059997320175 31.7562502473593 31.5877499431372
31.8425001502037 31.7955001592636 31.6834999620914 31.8887496292591 31.9487500190735 31.8984989523888 31.8634999990463 31.5962500870228 31.4955002963543 31.5480004251003 31.6067499518394 31.6965001225471 31.769500285387 31.8540000617504 31.902999818325 31.8432500064373 31.8994998633862 31.8994996249676 31.7144996225834 31.7127495110035 31.6132506728172 31.4955000579357 31.3550001084805 31.2752503752708 31.1822506785393 31.0730002820492 30.951000213623 30.8219993412495 30.7427495419979 30.7865001857281 30.8845000863075 31.0497505962849 31.0885005295277 31.2510003447533 31.2489999234676 31.0585006773472 31.2642507851124 31.3102502822876 31.174500733614 31.6282500475645 31.1402498781681 31.1899995356798 31.4714999198914 32.1745003908873 32.2012500464916 31.7212500423193 31.4960004240274 31.5537497848272
32.1149988472462 32.0335003137589 32.0610002279282 32.1127504110336 32.1102499365807 31.9547494053841 32.0369992852211 31.9542504549026 31.689249932766 31.6380000412464 31.7527502179146 31.9220000207424 31.965499907732 32.0034999549389 32.0387503802776 32.0927503705025 32.2272502481937 32.2312504053116 32.0817501544952 32.1184997856617 32.067500025034 32.0362500548363 31.953499943018 31.6777502298355 31.511249512434 31.3815006911755 31.2575005590916 31.1322503387928 31.1559998393059 31.1925005018711 31.3322505950928 31.2634998857975 31.2722501605749 31.5337497591972 31.4490005970001 31.3094999790192 31.2577501535416 31.3757496774197 31.5470003783703 32.0549996942282 32.5359994918108 32.458000227809 32.3304993212223 32.2645005136728 32.2740000039339 31.7917500734329 31.6087496131659 31.6640000939369
32.2215004563332 32.0732504427433 32.1577499508858 32.1930000782013 32.3235012590885 32.1982510685921 32.1702506840229 32.177748888731 31.9179997742176 31.7047494053841 31.9169988036156 32.0064990818501 32.0612498521805 32.1377501785755 32.2439995110035 32.3017494380474 32.3682489991188 32.2912494242191 32.1525007784367 32.1895007789135 32.1485002636909 32.1797497272491 32.1624996066093 32.015999853611 31.8830008208752 31.7592501938343 31.6652494668961 31.5017497241497 31.5072495639324 31.539249330759 31.6012488901615 31.6437492668629 31.6067500710487 31.8457500338554 32.1905004829168 32.3580001145601 32.1229997128248 32.3124997913837 32.0565001815557 32.2227497845888 32.7597504109144 32.7939999997616 32.2552493661642 32.1805001348257 31.8852499127388 32.0404998213053 32.3957496583462 32.7727499306202
32.5892496705055 32.4417502582073 32.4267511665821 32.3370001614094 32.4402494430542 32.4579994082451 32.4339996576309 32.338750243187 31.99924954772 31.8097495436668 32.0132505297661 32.0967504382133 32.1687501072884 32.2659997344017 32.4664999842644 32.4269996881485 32.4349994957447 32.3369987905025 32.2237498760223 32.2347501218319 32.2825008332729 32.2262506186962 32.2587496638298 32.1867496669292 32.0989995002747 32.084750264883 31.9904999732971 31.8467502593994 31.7707503437996 31.8177503943443 31.8692497014999 31.9355002045631 32.0025004446507 32.1307497769594 32.448249399662 32.6737498342991 32.5060002058744 32.9845000356436 32.9839996099472 32.1135003566742 31.7399995625019 32.3834994286299 32.431249961257 32.5672497600317 32.3015004098415 32.7984995096922 32.8167499601841 32.3012498617172
32.8184995949268 32.6299997866154 32.5999997258186 32.5069990158081 32.4884996116161 32.614500015974 32.6182491779327 32.5024999380112 32.2217497229576 31.9592499136925 32.0830006599426 32.1870006322861 32.2412510514259 32.3937503695488 32.6127492189407 32.5735006630421 32.5619995594025 32.556250244379 32.470749527216 32.7577498853207 32.6667494773865 32.487250238657 32.3437504768372 32.3957503736019 32.2907492816448 32.1994997262955 32.1282503902912 32.0390006899834 32.0327507555485 32.0410007238388 32.086750626564 32.1162507236004 32.1070005595684 32.3104999512434 32.5904998928308 32.7692500054836 32.7252499461174 32.6055002957582 32.5807499438524 32.38549952209 32.2367498427629 32.3642496168613 33.1380004286766 32.7284997701645 32.1914997398853 33.1432501375675 31.9692498296499 31.6882500946522
32.7442495822906 32.6210007369518 32.5639993846416 32.5767507553101 32.5390001833439 32.5897501409054 32.4854994118214 32.5692492723465 32.3990005850792 32.1497491598129 32.2004997134209 32.27225035429 32.3537501394749 32.529749751091 32.8502500355244 32.7054989337921 32.8894997239113 32.8557505011559 32.9667500257492 33.1905003190041 33.033499866724 33.0142500400543 32.8687492012978 32.7927497327328 32.4580000638962 32.2979998290539 32.169999152422 32.0260003507137 32.1127496361732 32.1074997484684 32.2342500090599 32.2774996757507 32.3505003154278 32.6415002793074 32.7450000494719 32.9189995229244 32.8337496370077 32.5420000255108 32.1844993084669 32.4007502049208 32.6635006666183 33.273000061512 33.4034998863935 33.0997497141361 32.9124998748302 32.3885000944138 32.3882500678301 32.1700003147125
32.5072506070137 32.6072492897511 32.6515000760555 32.5387498438358 32.6712507903576 32.7255012691021 32.6992502212524 32.5924996733665 32.4637498259544 32.2422501146793 32.2992483377457 32.3682494461536 32.4187492132187 32.6474997401237 32.8837496936321 33.0844994187355 33.3472500145435 33.1312501430511 33.079249560833 33.2520006000996 33.2302498519421 33.2907497286797 33.2309998571873 33.1002494692802 32.8472503125668 32.4507500231266 32.2227496504784 32.086749792099 32.1297495365143 32.2494990229607 32.3629997968674 32.4767499268055 32.6302500367165 32.721750035882 32.7695006728172 33.0167506188154 32.9827498793602 32.9967496544123 32.5805002450943 32.5705001354218 32.1069997698069 31.8207497596741 32.6409998834133 33.0799996107817 32.6417500525713 32.6737497001886 32.3939995318651 31.9457496553659
32.5005007982254 32.6067498028278 32.629500836134 32.5505001544952 32.686251193285 32.8925004005432 32.8832499980927 32.5227490365505 32.5412501394749 32.2400002777576 32.365000128746 32.4487496316433 32.5687492787838 32.7342503666878 33.2387506067753 33.478499263525 33.3034999668598 33.0025001168251 32.9204998612404 33.0827499628067 33.3652502000332 33.4110004901886 33.3157498240471 33.2147497534752 32.9765002727509 32.6832504570484 32.3434998095036 32.1597496569157 32.2577497661114 32.3704997301102 32.5182492434978 32.6392500400543 32.8187504708767 32.865250647068 32.8787500709295 33.059500515461 33.2509998977184 33.5005002617836 32.9182496219873 32.2312503457069 32.3727497905493 32.6277493387461 32.3822502046824 32.5407499969006 32.8672498911619 32.6972497850657 32.7192500531673 32.5997496396303
32.623499751091 32.6017505228519 32.6555008292198 32.598750859499 32.6125000417233 32.9174996912479 32.8082503080368 32.4917500913143 32.3822501897812 32.1975002586842 32.4072502851486 32.5392507016659 32.6615002155304 32.770750194788 33.3132502436638 33.6467489898205 33.7462486922741 33.4032506346703 33.0072503387928 33.1895002424717 33.422749787569 33.479001313448 33.5045009255409 33.2992500662804 32.9722501337528 32.7612498700619 32.4842495322227 32.2889997363091 32.2962501049042 32.4030006974936 32.5645003020763 32.7757506966591 32.9619996398687 33.0992496013641 33.1762491166592 33.3174992799759 33.6662495136261 33.9229996502399 33.3242505937815 33.3372499346733 33.3787497580051 33.9249999523163 34.3534999638796 33.7074998021126 33.8890000134706 34.1782500296831 33.4792505502701 33.7140005081892
32.7300007045269 32.6317502260208 32.6512513160706 32.603500187397 32.7560006380081 32.8890000879765 32.85600066185 32.5139987766743 32.3290008306503 32.1984999477863 32.3950003087521 32.6172499358654 32.7094999551773 32.8662502467632 33.1162506341934 33.4974997639656 33.6135002076626 33.5822511315346 33.286250770092 33.3449998795986 33.5335004627705 33.7210001647472 33.7955001890659 33.4925009906292 33.0652495920658 32.7527500987053 32.5100003480911 32.3947508335114 32.4822497367859 32.5602503716946 32.7395014166832 32.9405003935099 33.0202495604753 33.1847502142191 33.4119995236397 33.4587507247925 33.7072500139475 33.7419996261597 33.5624997913837 33.787749633193 33.6485003829002 34.4895001351833 36.3030003160238 34.6977503448725 33.651750177145 34.049000158906 33.7827497720718 34.439249843359
32.7412506639957 32.6452507376671 32.6052510738373 32.7487495839596 32.8377502560616 32.931750357151 32.8319999277592 32.5174995660782 32.362250328064 32.20875030756 32.3694998919964 32.6454999446869 32.7357496619225 32.9045002758503 33.0132505297661 33.2502504885197 33.6007495224476 33.6225001811981 33.5570006072521 33.4075000286102 33.7009997069836 33.9272492229939 33.9199999570847 33.8150004148483 33.1399997770786 32.7382501363754 32.5687499642372 32.5732500851154 32.7052500247955 32.8367503881454 33.0067494958639 33.0857494771481 33.1184994727373 33.3847498744726 33.530499920249 33.5012499988079 33.6022497415543 33.7449997216463 34.1147499382496 33.8544990867376 33.9195000529289 36.0032497048378 36.1332500874996 34.4067504703999 33.9237504601479 33.6337501704693 33.8482491970062 34.3120000213385
32.7039999067783 32.6297501921654 32.5822499096394 32.6465001106262 32.8375006318092 32.9835002422333 32.9354999065399 32.5392500162125 32.4572501182556 32.2917502224445 32.4192505776882 32.6985012590885 32.8012506067753 32.963251054287 33.1532509028912 33.4567495584488 33.6039994359016 33.7367494702339 33.7719996571541 33.6500000953674 33.8302500545979 33.9440001249313 33.8282502293587 33.6340001821518 33.1262499988079 32.8109997808933 32.7039996981621 32.7777501642704 32.9052501320839 33.0262504965067 33.2007489949465 33.3194997906685 33.3322502672672 33.5864999741316 33.6387499272823 33.6180008351803 33.617500141263 33.103250682354 33.4264999181032 34.075749963522 35.3639999479055 35.9897500276566 35.7842494398355 34.7237498611212 34.011499658227 33.8297507911921 33.7324999421835 33.9009997844696
32.6419996917248 32.529749751091 32.4909993112087 32.5390001833439 32.8052505552769 32.8582502305508 32.6882501244545 32.5162490606308 32.6189996004105 32.4542499184608 32.4907509684563 32.7587509155273 32.896250218153 33.0427502095699 33.3504988849163 33.6482507288456 33.7902500927448 33.8885004222393 33.8500005602837 33.7797506451607 33.7514995038509 33.3629999160767 33.4177498221397 33.4637502729893 33.1564999222755 32.8809995055199 32.9124995172024 32.9707497656345 33.1049988716841 33.2677490860224 33.3852497190237 33.3837499320507 33.4987501204014 33.660499304533 33.7402499765158 33.7955003082752 34.0107500851154 33.6582504659891 33.6725000739098 34.0277502685785 34.4582500010729 35.4947501718998 36.0580001026392 34.9877501875162 34.5205003619194 34.054500490427 33.6509995162487 34.0032501667738
32.6642504632473 32.5109997093678 32.4939993321896 32.4747490286827 32.6097503304482 32.6990004181862 32.6914999186993 32.7014998495579 32.7159996032715 32.5817494988441 32.5822511017323 32.7800006568432 32.9017505645752 33.0232493877411 33.2477490305901 33.4169998168945 33.5139998495579 33.9140005707741 33.8870007693768 34.0117500722408 33.8047495782375 33.9677499830723 33.7612504661083 33.4697501063347 33.1887496709824 33.0070001780987 33.0580000579357 33.1664994806051 33.2872495353222 33.5364999175072 33.541750267148 33.4799994826317 33.6025005280972 33.6927499324083 33.7630000710487 33.8644998073578 34.1664997041225 34.2232491374016 34.4162504673004 34.1714998632669 34.0657496452332 34.1750004589558 34.8605001568794 35.5937497913837 35.3887492567301 34.2979996353388 33.9577505290508 33.8667497634888
32.7462503910065 32.5734996795654 32.5424985289574 32.5109989643097 32.6017508506775 32.7470006942749 32.8040006458759 32.7605001330376 32.7260004878044 32.6487491130829 32.6557503342628 32.8899990022182 32.9799996912479 33.074250638485 33.3424992859364 33.5389998555183 34.0029999017715 34.2739991545677 34.4387495815754 34.3274999856949 34.761750549078 34.879999756813 34.7852495610714 34.0707502365112 33.4604998826981 33.2912502884865 33.245750322938 33.3062498122454 33.3660003244877 33.4557503610849 33.5727496147156 33.5675002634525 33.7454997897148 33.7829992026091 33.9220003932714 34.0540005862713 34.3340000212193 34.5500001907349 34.7744998633862 34.2924998998642 34.3827495574951 34.7997503578663 34.5842497497797 34.5107498764992 35.3302499502897 34.8742506355047 34.4117505401373 34.1117495447397
32.5827497243881 32.5572485327721 32.5797488987446 32.5632500648499 32.6327507793903 32.7855008244514 32.8877498805523 32.7670003771782 32.7542501091957 32.6737485826015 32.792249083519 32.9277502000332 32.9757506847382 33.1352499127388 33.4650007486343 32.9612493515015 33.974499464035 34.3867502510548 34.5567501187325 34.3475000560284 34.204749494791 34.9834992587566 35.0334996283054 35.0272491574287 34.1577501744032 33.5754996538162 33.5267503261566 33.4295001029968 33.4132503569126 33.4835003316402 33.5980002135038 33.720000103116 33.9095004945993 33.763750359416 33.9197503179312 34.172749504447 34.3419994413853 34.3747501671314 34.4247504025698 34.4522500932217 34.5772497653961 34.182749569416 33.7485003769398 34.4435006827116 34.3269994407892 34.8957503437996 34.5604997873306 34.1204991936684
