Scripts_&_data/WorldClim_2.0_rasters/WC2.0_bio_10_16.asc
NCOLS 642 
NROWS 378 
XLLCORNER -19 
YLLCORNER 19 
CELLSIZE 0.166666666666667 
NODATA_value -1.7e+308 
[rows 273 to 293 of 378, columns 576 to 623 of 642]
6.10724999483985 4.58137500098868 4.45225003454834 1.15770835561367 3.52149998745881 6.62683331935356 4.835291673777 1.22766667802352 5.68808334879577 5.9130416570988 1.50862497945006 7.79308339332541 12.6943750071029 11.7842083225648 8.10887500876561 11.7888749912381 15.4869166289767 17.213333328565 16.6956665913264 11.8060000259429 13.7792083863169 19.659166653951 20.787249982357 22.1895833512147 22.5572499930859 22.4285833040873 21.8885833720366 20.2561666468779 20.1902083953222 17.6835416654746 12.2187500805206 7.00425004388671 6.45358333470843 3.45954167842865 8.00400001214196 5.97412503231317 3.09608331652513 3.68791665191141 4.42216667400984 2.79749996409131 3.57770833590378 3.19770834222436 2.67658332486947 4.04708333934347 4.88000002503395 5.24875001733502 5.52916666306555 5.8967083003372
1.4154166765511 0.930666670824091 1.14941666585704 4.62512502788256 2.493833316102 1.99483331944793 2.51808333784963 5.79270833579358 5.38583331601694 4.95562501872579 3.56216664860646 3.98662503242182 1.69304168016727 2.45504165130357 3.95979171339422 9.47274998559927 14.0735416362683 14.5364583482345 12.6052083857358 12.2057917217414 15.0780832966169 15.78662507236 18.0190000583728 18.4689583778381 18.9964583764474 17.836333250006 17.0663333882888 16.1449583818515 13.819333391885 8.19445831390719 0.894624992428968 3.27916663450499 1.15433333550269 1.4541666675068 3.92500000415991 2.26991667846839 3.06541666885217 3.47558333476384 3.41183331857125 3.40712500363588 3.3843749811252 3.42637501160304 3.87720834463835 3.77216661473115 4.41400002315641 4.97779163718223 4.63591667885582 3.82416667665044
-1.59291663579643 1.39212498565515 1.6171666731437 4.2020000340223 4.56241663933421 4.49295833349849 1.99200001948824 -0.386541695023577 1.29845832393039 2.38820834000944 2.19462498424885 2.56387498140975 5.24166666502909 -1.4196250004073 -4.35954171900327 -1.51491669363653 5.07041669530251 9.03858328874533 2.72691668426463 3.36058332072571 9.30741669264777 9.11749997929049 11.733791658228 13.3186666866144 11.0842083096504 10.5367083079182 9.35462500030796 5.40529169619549 6.2732916631115 6.55133338509283 5.65162496486058 3.24291667186966 6.32524999983919 6.26774998093606 5.76875002627882 4.49554165701071 4.3095833286643 3.23441667854786 1.53741666674614 1.80970833947261 2.39041665444771 2.23704168697198 3.00266667455435 3.53054169068734 3.56879165023565 4.21758331855138 4.03324999163548 3.50304166972637
-2.40216666801522 -2.2487916747729 1.91074999794364 4.24504166725092 1.83712498471141 2.19875000727673 5.77504166789974 4.68045834700266 3.17133333906531 4.77191663101742 2.64875002546857 1.47050001536263 3.18112502961109 4.63054165180559 -0.54833335786437 -2.06441669088478 0.305791674181819 0.59908334344315 6.86862497326608 4.79708332929294 2.39862499665469 4.63804169474558 2.59108331349368 1.97099996722924 0.709666696299489 1.08462501286219 3.23699999266925 0.717750008450821 3.50424997811206 3.17016667934755 6.06029166094959 6.51754163970084 4.9415417406708 2.78154168277979 2.24679166575273 3.21916665881872 2.33837495744228 2.49375001092752 2.60633335262537 3.49470836172501 3.22533334046602 3.0031250094374 3.38566665848096 3.89912498245637 3.49241669972738 3.11349997172753 3.48137501378854 3.76950000971556
-1.21220831938748 -3.11979164920437 -4.87545837236879 -0.14483337290585 2.31129164124529 2.34625001810491 2.75370834581554 1.67670835368335 1.7093749968335 0.786708347809811 -0.958833297714591 1.61808331889915 2.40937499174227 1.29416663199663 3.96958330304672 -1.45633335302894 -2.64683333365247 -0.785750026348978 1.14795830007643 -0.591166685024897 -4.94620836510633 0.834874966802696 3.55170831612001 4.45758328718754 0.578625021502376 0.187791670051714 4.72616666927934 5.72841669677291 5.04962498322129 3.2406666946287 3.43995833497805 3.20383331451255 -1.37770833199223 1.16129165266951 0.966624988863865 1.60070829590162 2.19837500030796 3.76666663959622 4.77320835242669 4.88779165719946 4.42262499034405 5.06833331659436 5.67595829690496 5.07008332510789 4.72695832575361 4.21325001865625 4.43266664321224 4.6935833307604
-4.26741663063876 -3.38149998267181 -3.82820831949357 0.331833333397905 1.3357916790992 -0.247083349774281 -1.0222916820397 0.340499977270762 2.12525000547369 3.29645835204671 0.317499987625827 1.84658331237733 3.41533328592777 5.18654169949392 5.73079167678952 4.65541666125258 0.976374981924891 -2.82779168283256 -2.18770835525356 -2.14308332760508 -2.01429166318849 -3.10591667906071 -0.886375035508536 0.442541677815219 0.683708333875984 1.458041649467 2.30283332786833 0.954875013791025 0.178208341123536 0.316500013694167 2.52524999544645 -4.20670834866663 -1.30808335371936 1.52212500137587 2.01312499741713 2.39325001835823 3.28324997921785 3.26104167848825 4.62287497644623 5.22050007308523 5.51737503210703 5.62329165016611 5.39616669093569 5.18329164075355 5.83779166700939 5.51858335360885 4.82050003856421 4.62812502061327
-0.343708356105102 -4.81541667925194 -5.64854167025381 -0.740999997632268 0.851541674385468 1.86345834098756 1.83779165521264 2.20412500202656 1.28154164304336 1.00279167232414 3.71112501625127 4.39391663666659 4.35933333945771 4.52562499791384 5.23316665738821 6.06508334136258 4.75325001217425 3.6933333730946 1.90191668023666 2.00308333958189 -3.82912497812261 -7.41379167989362 -7.07879166801771 -7.63175001430015 -8.45804165889664 -7.06491668438927 -4.51566664583515 -4.15824997176727 -0.256416659491758 -0.40137496838967 -2.36958334144826 0.145416670789321 2.66104166954756 3.66108334933718 4.27491669605176 3.31483332440257 3.80408332496882 4.63020835071802 5.19833335777124 5.48745830977956 5.48225000997384 5.10979169731339 5.30374995991588 5.5062500089407 6.10866666957736 6.1431249997889 5.60595831942434 5.62558335376283
-0.318874973182877 4.28858333639801 -3.3483333371211 -3.93637503761177 1.89787500398234 0.599124977986018 1.91845832268397 0.312124980613589 -0.30199997096012 -0.667041659510384 1.0474583087489 1.28800000001987 1.62299996117751 3.19483335564534 4.7024166410168 5.94112498871982 6.03679169310878 5.76887501760696 4.88075001258403 4.04408335189025 3.05041669557492 -0.0674999846766393 -4.96020831167698 -4.79391665314324 -4.10454164608382 -0.550041680845122 -2.96587503359964 -0.704916702272991 -1.79250001693921 -2.73191669024527 0.592291663090388 0.596624967952569 0.0737083383525411 3.53416671107213 4.85383337115248 5.29612495315572 5.23495832737535 5.28662502548347 4.91245833287636 4.71066667760412 5.41008335227768 5.66820832217733 5.87462498744329 6.03208331825833 6.08316667936742 5.96470833631853 5.72487499502798 5.5921667025735
-1.49624997253219 4.87391666742042 0.719874987766768 -3.01200000786533 0.249958307094251 0.682541649167736 1.01100001049538 0.557416656287387 0.540624971501529 0.281500011372069 2.20824998617172 -0.763916685168321 1.47558332482974 3.34087499976158 3.62695834288994 5.08220838196576 4.64529167069122 5.68725001208562 6.1537083798709 5.93058335812142 5.52325001048545 4.60616665581862 3.25491666918 1.07341662049294 3.33283332517991 3.33870835850636 1.94320833869278 3.20558332403501 3.54049998149276 3.91425000006954 2.3350000406305 2.14283330241839 1.81870835709075 4.00449999421835 4.5948750115931 4.60087499643366 4.62274999497148 4.93658333520094 4.19774998848637 4.06000002597769 3.84112501020233 3.71499998619159 4.66450004900495 5.49366665134827 5.54229167724649 5.38749995206793 5.32041670009494 5.2141666462024
3.93141666159499 1.39325002844756 7.11204167408869 1.41112500262291 -3.63741665907825 -0.424750007533779 3.8596250017484 -1.96225002082065 -2.61945833669354 0.301083310196797 1.24529166767995 1.17537502649551 2.74887502441804 3.41879164675872 3.44945830603441 3.72562503566345 4.78616668780645 4.55875000109275 4.28091668958465 4.65612501092255 4.31012498276929 4.77504170623918 4.3131249807775 1.94833332983156 2.23487500846386 3.14483332758149 4.95700000847379 5.32012501758679 4.48691666250428 4.51300001392762 3.70445833727717 3.47183337559303 2.44220833604535 3.29900001486142 3.84420835475127 4.83170830085874 4.48366667733838 3.43620831271013 3.30254166573286 3.752666665862 4.01487498233716 4.44808330262701 4.54100002845128 3.67091666658719 4.52041672170162 3.95458331828316 4.36066664506992 4.56470835705598
8.36154163035098 8.88454173055167 5.91829167911783 8.74908336577937 -2.97379164211452 -2.49749998919045 3.06191667293509 3.73029169564446 1.86387501532833 1.64737500747045 1.7106250350674 2.22866666565339 2.84999998907248 3.46283334990342 3.83837501207987 3.70924999564886 3.0019583341976 1.94558333357175 2.81045831243197 2.02362501310805 1.94466664393743 2.47487498323123 3.64600003386537 2.59079168736935 3.60920832306147 4.53608334933718 4.08108331759771 3.85837499300639 4.05920834218462 4.20183333878716 3.96237500011921 0.25404165747265 -1.62837500156214 3.23637500156959 3.82329168667396 3.96337500835458 3.38162501032154 3.81016667683919 4.84837499322991 5.24779165784518 5.58604167463879 5.848541669858 3.34083333859841 2.78683338811 2.73604167501132 2.61554163942734 4.21958330770334 3.38125003625949
2.77408332804528 4.49979169721094 9.66783329844475 12.9176666224375 3.68458332602556 -3.4930833101195 -1.3292083319587 2.81683336764885 -1.93866667469653 1.28920833052446 1.42041666309039 0.736166663467884 0.562041645248731 2.1061249996225 2.38075001041094 2.2337916692098 2.53554167846839 3.04812500874201 3.91758333767454 4.07508331040541 4.40800000820309 3.73804169512975 2.34729168564081 2.99808333689968 3.4661250213782 3.07358334213495 0.151750018975387 3.01983330895503 4.37220834568143 3.56316664690773 3.32341665029526 2.46025001133482 2.604083314538 4.0367499999702 1.63037499537071 2.49749998251597 1.61629165460666 3.99649999290705 4.93654167465866 4.43612498790026 4.30779170865814 4.73470833897591 2.85774998863538 6.20312500597599 4.34358333113293 4.15595833957195 5.03499999269843 4.21333332608144
3.46099994376224 1.32445836393163 2.87679166843494 3.77033335156739 10.0459582922049 3.04395832094209 -1.36733333673328 5.26637499135298 -0.267624968876286 -0.703791692236943 1.94750000412265 3.76745835319161 1.53604168941577 1.53979168335597 1.58299997448921 0.368041673519959 1.45541669055819 1.66554167494178 1.57137499315043 0.472083317426344 3.83612498144309 2.2790000140667 0.270708339599272 -0.575708339611689 0.568500020657666 1.70400005020201 -0.145999991334975 0.356958337128162 3.00704163933794 3.792541688929 4.47745838512977 3.64150000363588 3.8773333132267 3.94962498918176 2.9850000217557 3.93016664435466 2.55041664590438 3.13208332657814 4.39383337553591 6.35279170066739 6.46279169397894 5.62837499938905 5.92520834303771 7.38229172959109 3.67066668688009 3.42804166550438 4.17474999278784 4.94799999442572
11.9403750326019 13.2398334058622 9.3563333718339 6.81120829532544 5.6006666648124 6.9432916554797 5.99829166999552 4.72054168100779 1.87204166862648 0.791125017373512 4.27366669811696 2.7005833449463 3.59375000807146 3.17666667451461 2.49791666865349 -2.6025833475093 3.66487500273312 -0.413708334478239 -0.379500014241785 2.10320831742138 3.66091668357452 4.08504165709019 3.32270832390835 -1.27716666428993 -0.193583328276873 2.76637499635884 3.01825001556426 3.74754167255014 1.67666664991217 1.11995834659319 2.10279164952226 5.47983336976419 4.8992083123497 5.68162501851718 5.0517499987036 5.25625000086923 5.59233331028372 5.1965833477055 4.20445832485954 4.2907499819994 6.18950002174825 6.69975000701379 5.10545835861315 3.99925000977237 3.33437500024835 4.46983332559466 5.67870831675828 6.65041667611028
6.95083332752499 11.6690833157239 10.9767083002565 15.3321666022142 9.79095831028341 3.0254166830952 7.1763750022122 6.11224994626051 5.15025002602488 2.49208331014961 0.365875001608704 1.54124997416511 2.98241666393975 3.02075002466639 0.36341669348379 3.74000001822909 4.25579165946692 -0.149666690578064 2.56754163031777 4.1363750219025 5.37141665397212 6.19533329717039 7.97837499971501 4.41633333669354 3.71237501439328 5.09770834352821 5.34908335438619 6.58504168114935 6.21295835282731 4.62725001340732 1.35200000713424 3.13883333474708 5.91145830822643 5.88587498199195 6.02483332374444 6.27916666834305 5.86612499846766 5.64095833990723 5.67524999706075 6.62387500548114 6.00899998090851 4.33020834221194 3.18854166691502 3.02199996759494 4.19845831766724 6.32829164030651 6.84504166377398 6.77745835024689
9.92866661353037 11.3112499451187 7.52570837522702 7.28529168075571 14.070708339413 5.22779164020903 3.20966664893785 5.73183331654097 5.37287499375331 7.75266667366183 0.956541657370205 4.58708333555842 3.34737495984882 5.84233334064872 2.12816667975858 3.65212499032107 1.30470834734539 0.735124999657273 3.89658331389849 5.51374997982445 6.59570833250958 6.37554164781856 6.04474998141329 7.79820834945228 6.74949995236238 5.47520833644861 6.52066664582041 5.79458332717574 5.35445835829402 6.38108332265013 5.62349999411769 3.00887499555635 5.68137500586454 4.51645832229406 4.56633334296445 5.53491666625875 6.17020836534599 6.51425002701581 6.51954169417634 5.97662498087933 5.39820832634966 5.7212083664975 4.85654169431655 7.18404166808197 7.50604165778107 7.26491673383862 7.28258332480133 7.12116665408636
4.74041666614357 7.93762500568603 6.14291669094625 3.25900000124238 9.74491666680357 9.6105832743148 3.20529166003689 0.932208330991367 3.74054169815887 4.90987502535184 7.79487500886898 7.86158332457611 7.65525002626236 7.99312499072403 7.95812498071852 8.73783334343655 4.76229165665184 5.88425000589147 7.09920835030789 7.85712503494384 8.78083334698264 8.37616669254688 7.17241670781126 5.91516670103495 3.56737498411288 3.66262498497963 5.95920831764427 4.062875016282 3.91224998111526 5.10537499934435 6.67762497560276 2.9226666536803 0.262125006838081 4.16645831614733 4.77837497492631 4.86770831110577 5.01316666913529 4.46699999272823 3.35312501713633 2.73025000095367 5.7315833348548 7.38104176792937 7.78462497103707 8.76754167163745 8.7413749692884 8.18895828314514 7.23704169612999 7.11054162918435
7.23512501897834 4.39666665733481 6.60375002073124 3.33829166096014 5.79204163630493 4.57970835532372 7.49629171735917 1.80258334024499 -0.325958339031786 5.22691665830401 8.57562505391737 7.11845834964576 6.35129161186827 6.01574999354004 7.74250003681906 9.4035833455855 10.7503750262161 9.12229167365935 8.14616669993848 8.65279165717463 8.05958329533071 7.67237499984913 6.08195829942512 4.85608334257267 5.06962497004618 6.84516665463646 6.56062500526119 4.9484583378459 3.60945832853516 2.17420832502345 4.21249999944121 3.55562502518296 3.1571250098447 4.11804163952669 5.55420832911235 6.85154165601125 4.27550000386934 2.31445836027463 3.98870836695035 4.96979166691502 6.91366665352446 6.30258333828048 6.25279167585541 7.89254165196326 7.5740833330589 8.70620830838258 6.66887501114979 5.78416666027624
4.49179167191808 6.50304162455723 5.15450001461431 5.49641671846621 4.98358334315708 5.77437500380911 5.75333336183879 6.05100002444582 2.8833749894208 2.44362498509387 4.62600001351287 4.39358329675936 5.6958333812654 7.20858330923754 6.74599999759812 8.52179171009145 10.4305416264882 8.93720838252921 9.42179160817371 9.43350000632927 9.74133333517238 8.3598750019446 7.07150000015584 6.74933336597557 5.84370834327516 5.42024998289223 4.85774999298155 4.40437497446934 4.13995830916489 7.29533333587945 4.39379167789593 2.92066664248705 5.96933331293985 7.12329164838108 7.44449998242625 7.47145830622564 5.82845836561561 5.04908339182536 3.87133332838615 6.04245834231066 7.83541669203745 9.50416659067075 9.677500044927 9.55249999746836 5.64604165676671 5.27304166648537 7.46508331045819 5.95754159986973
6.72191669101206 6.73999999074537 7.18508329087247 6.55783332655361 6.57074995889949 5.29916664212942 4.68379163749826 3.77629162821298 6.48066668309426 7.36854164632193 4.75691665243357 9.65512497455347 2.96645833342336 1.33816663742376 1.85641666210722 2.39829164446564 6.71645838441327 7.13479171615715 7.36129164034112 7.23712504135134 7.00033335621023 9.11729169326524 9.90570836514235 8.91274999578794 6.47079171054065 8.21645833419946 8.1163333482109 8.66349995593191 8.57641657286634 7.82029167492874 6.3435833810945 6.43049996700332 7.68804168922361 8.21187503540811 8.95937500253785 7.65991666392074 8.11308329866733 6.76508330437355 5.15725000947714 7.96108332745886 9.24504167027771 9.72875010346373 9.78475000026326 8.85929168070046 8.06499995402798 5.88562499180747 5.58574996997292 7.44762499368517
2.9744166516078 5.23070831162234 4.91558334114961 6.1702500214451 5.27937501387593 4.29275004713175 1.86112499795854 4.24966672405329 1.50625002446274 6.36787499254569 11.0272916859637 7.67858330777866 8.81774997711182 7.6328750209262 3.90158329469462 2.33037501014769 7.02129165594427 3.82354169272973 6.89254168620876 7.71516667201649 10.0209583627681 10.0087082445001 10.1841250111659 9.27833332695688 7.71424995176494 8.03749995584076 8.48704168695743 9.30570831956963 8.31837500204953 9.51204164512456 10.3665417246521 9.61541668574015 9.94324998619656 8.954666626174 9.28000005319094 9.80504168570042 10.1712916394075 10.1877917302772 9.33362499065697 7.72933333627104 8.91220826624582 8.91545826942699 9.42624999846642 8.72308334725676 8.59504168077062 8.52283339221807 7.6680000294388 7.61579170908468
