Scripts_&_data/WorldClim_2.0_rasters/WC2.0_bio_03_16.asc
NCOLS 642 
NROWS 378 
XLLCORNER -19 
YLLCORNER 19 
CELLSIZE 0.166666666666667 
NODATA_value -1.7e+308 
[rows 210 to 230 of 378, columns 384 to 431 of 642]
24.390878517285 24.5335199666047 24.4112428522748 24.1960812549692 24.3531423298539 24.4447939196172 24.3223906725923 24.1765525272203 24.0042686466742 23.9873337511611 23.8852394327305 23.8143308506564 23.7470599783461 23.6963669694926 23.5346741863352 22.7595278043535 22.3819199073639 23.9199065847934 24.1753364244741 23.9243384178119 23.773867695676 23.7233946033229 23.5221438884848 23.4192132968908 23.2866595613002 23.3047010283579 23.4100960361511 23.3356800656555 23.2245424412746 23.0805924232728 22.919909877946 22.8944882370991 20.3335349963634 18.6816920302879 16.0555655823986 13.3460587092628 12.6687464954201 11.8415883494945 12.2871235570215 14.9871874929638 17.7248149401757 18.3541859290455 19.0939727585895 19.9304869633834 15.8373064315357 15.2561370686842 16.3065406741761 16.5336131209127
24.2875452788696 24.5439131556807 24.5967555200246 24.4167449574725 24.403840996595 24.4765045326447 24.317008909597 23.9873821293923 24.1432251079541 24.3425595782073 24.2502959702139 24.0699099878105 23.9036060569676 23.862150582009 23.7788839341314 23.7319250661444 23.1945765532252 22.3128613794209 23.3825680090091 23.8782236663942 23.794318050453 23.5208047228392 23.4291185092435 23.2257933446382 23.047285491409 23.1986039485472 23.3843203373058 23.4469258702671 23.4347619348568 23.2355359173344 22.2491878550774 18.2218223348076 12.6178224480399 11.9012267690697 10.7989433667359 10.6307650005357 10.4762810105671 10.4386208748414 10.351603501601 11.3062469663457 12.1570250734583 10.9768018273822 11.8166933625348 12.523868625535 11.5976144668392 12.0515126389132 13.2582045597 13.0439087285445
24.5379033584995 24.6749106297483 24.556749031817 24.3310794478173 24.348081734277 24.2131798513211 24.3523375674872 24.1246922732985 24.3070283976521 24.2524569695557 24.290870268151 24.3434022727192 24.2235911537094 23.984188047041 23.7604655372919 23.8912911801103 23.8909193229622 23.2207906364398 22.5804776596811 22.2243629724235 23.0367061790733 23.0446966510836 22.9056095075245 22.5520527084236 22.3296105757489 22.0075825056934 21.7024022145149 22.1580703880153 22.1175956716789 18.3870780772787 13.8298008727252 11.2552250932259 11.0599653054604 10.8070606235688 10.4928968316511 10.3302831265511 10.2462884437728 10.1841125523279 10.1979141504081 10.0100554137653 9.98634178907175 9.57061372163965 9.42866067474434 9.40102671976284 9.63187697999506 9.73966530478446 10.5127661605553 12.0406255317067
24.6923803916383 24.5987004284666 24.5634146790378 24.2961237480737 24.1562457719522 24.242771351012 24.4213270225188 24.4500970559482 24.3517802082436 24.1560532398553 24.399808503231 24.5458393150702 24.4821463335197 24.3087334660427 24.1008220431772 23.9942386421233 23.8331738981041 23.460484228793 22.7883933057763 22.5139040268317 22.5034614554898 22.1383351161232 21.4500620916312 19.6537317554606 17.9973880815748 16.9036247452865 16.1317012062287 14.7972218157888 14.7991524106486 12.1595611710835 11.0927669858457 11.0464201514947 10.9504293193016 10.5639261006107 10.4078406814542 10.2129179878813 10.0992381568725 9.85891306455843 9.4808195139269 9.00799410070111 9.11581492745124 8.907244160122 9.16488923917375 9.33437795251163 9.50680498039699 9.98628206627753 10.5178041554832 11.7864165748967
25.0222313336281 24.7434865563871 24.8449154934581 24.6505213780867 24.5452371683425 24.5856731135337 24.5377437895721 24.5218751125433 24.497384949679 24.3276728426175 24.3568200011019 24.2459302281723 24.2114575873926 23.6601421946432 22.7392577321004 22.2576097045911 21.9680495212276 22.6545610611343 23.5639024009738 23.9788600696261 22.5936114317357 21.6109331086819 20.9725148027847 19.3629514851307 16.9917350026183 14.8303664068623 13.4726987973475 12.8086398056773 12.5371612909979 11.2769834640615 10.94724418038 10.9392664268354 10.5977248945137 10.5148697140132 10.3403453386887 10.1391176276779 9.53449287819677 9.07967160296982 8.8848392461805 8.63932974615657 8.97110084695753 9.0472093185705 9.30365946290618 9.64232595119378 9.75149500182574 10.1826767626547 10.0938242923217 12.5444041591945
25.1883411237184 25.3213054222818 24.9564549335527 24.8175835780171 24.7160819996884 24.658834901085 24.9056050091476 24.7774639592342 24.5874217064345 24.5296726127395 24.5853972616265 24.5266224440676 24.3888887105732 23.9659926564232 22.8435089278534 21.9505848538429 22.524569281709 23.6412773633535 22.8044682352467 22.6894224248097 22.0769458819791 19.9162221654018 18.4157904830376 16.5488978442997 14.328531018473 13.2744728781294 11.0140643435121 10.9641225862725 10.5707920472684 10.7103833094317 10.7417089292776 10.5582440796708 10.2147555824189 10.4055971341693 10.2872720866968 9.64219049940303 9.19823384593098 8.99426204369852 8.85122747755316 8.88006975935884 8.91341009056503 8.94444571288462 9.32081801085488 9.5855538225237 9.80035567931189 10.4457278597828 11.6520662558669 13.2041491737222
25.4185812688269 25.3172927421319 24.8717786750596 24.534275983608 24.62992478664 24.9118899564907 25.1597738656802 25.2639027856163 24.7171747470985 24.5718416390398 24.5787441340947 24.6461007778513 24.3532118930333 23.9427636464729 23.430049166837 22.3674719952072 23.5900805449473 23.2979092335409 22.288301320949 20.9356156420495 19.2711472408146 17.6228914728891 15.9780156780451 13.4471241110496 12.9092065976612 11.130406631624 10.5864335291945 10.9411123395994 10.3647415954548 10.5728797582337 10.0647175048618 9.71384215454736 9.72433504595762 9.83208145473143 10.1643280565808 10.0980943720759 9.75345046504015 9.04025899579878 8.71245512786209 8.78793687861299 9.17789271679388 9.16700750495005 9.26503637563957 9.45439019713871 9.34286810865158 9.54055935566285 10.1699968042242 13.2319079921547
25.6937073905875 25.5038641837496 24.9635687195051 24.6280400866951 24.4726059235006 25.1030864910984 24.9410734755203 25.1804590568395 25.0319966294067 24.8619594716065 24.9113836344358 24.8702523360433 24.7343978040457 24.4590492208853 24.031008046835 22.2823642049272 21.1420313725513 19.6817418725428 19.0223520262568 17.6530911032301 17.2409003370749 15.806224846434 13.9487377463984 11.6447012025537 11.1011358003713 10.6766606208173 10.6413629250952 10.4420552603279 9.96209529136273 9.55239164941223 9.01384118160499 8.8106617270277 8.91409255001777 9.2397004441515 9.6924941168505 9.41446340589246 9.23973573034806 9.03482216017541 9.04126604526066 9.02684498828045 9.07931228432774 8.97493110653479 9.26365199138404 9.50604156889785 9.49648853543199 9.7273038804693 11.9856857977402 14.2254140352641
25.7342997364754 25.4878142637375 25.2828726781935 24.898954394563 24.5032743014101 24.385909901496 24.5535603152281 24.8994227798519 25.0721492836689 25.013900451246 24.9534133750598 25.0867641759754 25.078501681887 25.0482664325099 24.5506836691266 21.9358673410102 17.1043381691335 17.5716077410588 14.8237683450148 12.9836997529823 13.6152765740407 12.564780187167 12.1144309321228 11.3029240643339 11.2164922948224 10.976643870068 10.4731021249449 9.73416907631195 9.23802425335406 9.19469484588683 9.10961516166129 9.05092629419313 9.06002015316982 9.3366410433537 9.20372941326773 9.11758728861869 9.09555595808028 8.80885076302581 8.67788216779994 8.63799133831114 8.98717931509247 9.23002700300245 9.22755151873814 9.33725921352304 9.54274075852346 10.5073229126539 13.7534775304144 14.5146750614741
25.5548346391164 25.4041721723809 25.1588780830053 24.8540985286103 24.8339097349222 24.5374045945609 24.5133166892473 24.6409390871005 24.9303377794156 25.0266423815007 24.9409272061128 25.023661420064 25.0359112621374 24.5740497124173 22.788147148137 16.8722172165193 14.4268468865158 15.0332086943912 13.4717310317392 12.9802116075065 12.0551790826765 11.9622570407052 11.769470911762 11.478598095327 11.1735111820795 10.8124403302966 10.0031824570486 9.5033121553175 9.33814836088063 9.32475954185957 9.25374174321413 8.92695703593265 8.69392319075339 8.83986501141074 8.7366379339198 8.99096488870021 9.20798476800823 8.91555122823441 9.36248816722985 11.9047653558684 16.178608479191 15.6315020888889 15.2787993312263 14.2069320816127 14.6812274238469 14.9237600285136 14.1030294190204 13.7784191915259
25.5553516912085 25.6926553702216 25.4793621714045 25.3516623348364 25.1465091141012 24.8309046087653 24.8720355956576 24.9398956838393 25.1902119976909 25.200220648462 25.1236474816596 25.2263729893771 25.0863383818643 24.0621891875548 19.6399268458518 14.1217727637382 13.5582285775898 13.063383613811 13.3284187193098 11.9586269298796 11.7899260009703 11.4563621666223 11.3061895571931 11.2008758062243 11.0766088759288 10.8250165431456 10.5928365232625 9.60536219772925 9.67399895942026 9.50533969557105 9.34815272265543 8.72807323548168 8.28020011686213 8.44832634051007 8.59988149530793 9.00134275967315 8.87771932342469 12.0928763349822 19.9246012798618 21.8353460611455 21.5215767156899 21.9595434035046 22.5399973933077 22.7195665831818 22.9252684760092 22.6020089212457 21.1633728509258 19.8162318213688
26.8375531089604 26.5029312774193 26.0911768757092 25.6543697438466 25.4920411107437 25.2995060665414 25.2162739153781 25.2664252826907 25.286518658598 25.4144084783007 25.3627888075046 25.2836144124814 24.8925036735529 21.1288490146717 14.9798078094117 13.713777012939 13.2056935526941 13.0397216104094 12.2374219876587 12.0697270663228 11.322303154494 10.9353457844118 10.8672540357131 10.7955395329565 10.6750685833446 10.4876667359617 10.2902762913513 10.0334791136097 9.40844641142963 9.78400446261419 9.76298526224048 10.0494786617095 9.17819681318544 8.23518494043292 8.13977288561665 8.31509359316626 10.30875715194 17.1880047244932 22.6652272079049 21.6727965865163 21.6802722589552 21.6732061278446 22.9161737997548 23.4628100291679 23.8248955652396 23.7218628129872 23.7665584826377 23.696101747754
27.5216948323269 26.9125038618001 26.2709946256288 25.9703617882276 26.1184615715829 26.2267485073889 25.9982126859611 25.7334719432633 25.7639785225588 25.4785873678646 25.3415355675469 24.5260959409546 22.6070285897859 18.2796834240367 13.6306837675468 12.9854107502001 12.8582616748454 12.5607203906035 12.2431053494603 11.9958514186929 11.2777492637075 10.9521413910748 10.7233882068534 10.5945858407451 10.6771625715564 10.4703500106259 10.2146156217481 10.355785047978 9.90241363862988 10.3945209077465 14.1844459472697 11.3496646331985 8.38222108241124 9.24742878650094 9.3932690900094 10.0626116779418 16.8976676918803 20.7765655477716 23.513355139741 23.5469310434055 23.4415495151777 23.720669606143 23.8027520545706 23.694944850055 23.7084154787654 23.5727208042209 24.0300311143611 24.2619849761477
27.8068583143256 27.4020551250704 26.8594899078586 26.4063985664602 26.2904876491935 26.5677437048616 26.5029449098841 26.5178305807569 26.2923096229997 25.8925009803559 24.247267964619 22.1921346308458 19.1838672528871 15.2177059650309 13.3981175046563 12.9128448246176 12.6411261400277 12.2127344496649 11.9772163745715 11.8992048393542 11.3806713515019 11.2553921393457 10.8368708403884 10.6022639405677 10.6148079331158 10.4001065383465 10.1023868099131 10.0410196142296 10.0025720174595 8.69393076657004 9.79528545633781 9.58370660083413 8.66034823845113 9.54679214807492 8.599812273048 9.64602402402273 10.8900939234549 18.6148948210247 23.3835240914221 23.9067952600276 23.9232688427375 24.0816111449812 24.2425738973731 23.9356170960928 23.5097290870677 24.2190822119584 24.3982814066077 24.39351474601
28.1253317511386 27.7087021851674 27.5208257226319 26.8693356927103 26.4245740872477 26.4798633731247 26.2883192577975 26.3229231369326 26.2998766643008 25.8829119872398 21.9123768153386 16.9239882627012 15.2961651189686 14.3058476042095 13.3149101409569 12.7880655391274 12.5460219503671 12.0230896688208 11.356184301057 11.1120938019632 11.2162053791824 11.2747642890667 10.9289280989132 10.6242564786532 10.5673481123476 10.3716219151988 10.2142558971207 10.0624058962752 9.77449800110106 9.10442269949423 8.06185980940863 14.8224679575016 23.0578615399906 23.1478267048718 22.4660418734459 19.9506174001925 11.8552324439668 14.3845946790627 19.1239106879517 22.2031791492501 23.8376628219646 24.1751712212767 24.5175243197515 23.6470470176047 24.0122178794093 23.3421465179535 23.219295997965 24.0990678733098
28.1372580943572 27.938553864134 27.6511910879832 26.9447800878815 26.2489658452729 25.9035643516098 25.7560349078113 25.974001919563 25.9570655660478 26.0129005798304 23.628960320167 20.2697533986242 16.08313506916 14.3065808295892 14.1562377929023 13.6582521655612 13.0107244405399 12.0591122586832 11.5692913499662 11.2075024267678 11.2935862497794 11.5123168321782 11.1504171827503 10.7159749289941 10.5225212193823 10.3992030476201 10.2824966615424 10.1243002894443 9.76516205401961 9.34572424118538 8.70661073333924 16.4235062885756 23.5683246246041 23.6837809764645 24.021104578892 24.2617056755209 22.9291370919918 23.2044933886921 23.523749318802 23.9528932247008 24.731169655781 24.3566271150735 24.0261540789538 23.884598389411 24.0094369509764 23.1701186854787 23.5638693700248 23.7908097408869
27.6671882562639 27.4582260265275 27.2872324718538 27.0309990302794 26.4746931131895 26.1333242873461 25.8998639633675 25.8903175884962 25.4306980184823 24.8908256867498 24.0748236299421 24.2966796975784 21.8697333032619 17.3275364546255 14.1169024896439 13.3304243087777 13.0313917618449 12.1861743983252 11.9428879319674 11.7533520290268 11.4952927497925 11.548293623438 11.3838301072526 11.1579520510784 10.8277705596206 10.6251225193675 10.5755730755733 10.4088507509079 10.0988311500553 9.80672547278637 9.70813763917311 10.3366043499596 14.5817414327718 17.2686157848399 20.0790260645807 23.8247611185435 24.8627562678477 24.5810753489929 24.457486021737 24.6975480697321 24.3062314967502 24.3361252126507 24.5431065257549 24.6485180014514 25.0391795874239 24.9912061827057 24.6443175207367 24.0204181315847
27.6729229430565 27.3213424400951 27.0659880985348 26.7530489366956 26.5379427269564 26.2395936170257 26.0153479328206 25.8423557360096 25.2406738342374 25.1402151723974 24.4855920954118 23.7173673220246 23.625247393293 22.305661667839 16.716147911442 14.4449633668538 14.8862457716613 13.0532063422023 12.5451875255331 12.1171835563153 11.8967271716083 11.7594310601882 11.6054081185537 11.5186081130191 11.0490742159541 10.787183165954 10.826876070693 10.6990102562003 10.6987443587498 10.3312425825948 10.2071249233923 9.97147940989445 9.47443533016727 10.1019784129008 11.0280143487175 21.3695564608638 24.7237402392773 24.6426354635864 24.7139021570502 24.8304636898938 24.6159622347702 24.7764880418512 25.0592908755958 25.070602237918 25.1202011331124 25.2513590590411 25.2731006976092 24.8069921066009
27.8286612978077 27.587441621496 27.3738545847839 27.1487785191838 27.1494567348066 27.0621230026978 26.6201859839856 26.2899774693984 25.5183502735697 25.4553965579901 24.7368681663456 24.4424070497566 23.6604054670054 22.5319152647536 20.3393431881629 20.4328119418504 18.9236916262237 13.7753649016926 12.9570585688849 12.4888617927485 12.4454478546399 12.3173460762364 11.9601588988697 12.0331162724488 11.7135406461569 11.4121247989317 11.230476774365 11.0750528663737 11.032236701818 10.7302034800986 10.6121391938914 10.6857930391555 10.2837335945871 10.179933370269 10.8468392861928 14.6921148386944 24.1552278022416 24.7322815023254 24.7558467166476 24.5635227007079 24.6661448702929 25.3074951730797 25.7822706254531 26.2575904173269 25.8403419231273 25.6682620798709 25.6228635478284 25.3690048048645
27.1990997017372 27.0024232500018 27.2865468499914 27.4446945458278 27.960237125509 27.8440297188268 27.0602390498184 26.5682327734106 25.7156713394096 25.5944632264561 25.2229437968754 24.8042368610803 24.2093326571712 23.2320264995246 22.1466822936791 20.5887362591448 14.5092362111469 13.6668921603391 13.1591482797989 13.1472695814608 13.1091054771241 12.7931842988784 12.5543174892708 12.4220953413888 12.234133417022 11.9434427085666 11.6474374658665 11.5794851276638 11.4285611946256 11.22278663419 11.2135807319241 11.148876254786 11.2296732634334 10.7519265073867 11.222343831143 12.6451493324917 20.8214214580305 22.9445616426618 24.3743008868932 24.5723827237113 24.8008832912629 25.4501788893289 26.0487351548768 25.9874208342419 25.8214849426325 25.7381997484408 25.9043531827012 25.9113000536035
26.7723310745551 26.6629617902831 26.8070846141192 26.3888858287748 26.8556740328151 27.9174956938418 27.4114201674972 26.3232140056944 25.7892914425667 25.9759878676745 25.8325210639227 25.6729248792845 24.8395457438432 22.4099020205595 22.1659803615578 17.9506857534422 14.5418894615811 13.9230915465057 13.9181651084059 13.7526269961071 13.4706729820087 13.3521999751701 13.0749672014093 12.8652392954303 12.6562304994758 12.6517904982061 12.2285793519723 12.0330093862667 11.906759926635 11.7471537747242 11.7376630771778 11.7947019460038 11.7444144986921 11.5640843170047 11.6086884481683 12.1972214050723 14.1789687136583 19.9232020791844 24.3427183464074 24.5463418388092 24.618482529065 25.5403889501672 25.2818779028683 25.7624317767073 25.6743558671251 25.5886110531903 25.6807890516586 26.0694748643741
