Scripts_&_data/Land_cover_rasters/CL_barren_vegetation_16.asc
NCOLS 642 
NROWS 378 
XLLCORNER -19.0000644 
YLLCORNER 18.9999684 
CELLSIZE 0.1666666 
NODATA_value -2147483647 
[rows 287 to 327 of 378, columns 465 to 557 of 642]
300 152 342 299 65 290 364 236 393 396 352 345 314 350 202 203 14 0 0 0 0 0 0 0 0 0 0 0 0 0 0 0 0 0 0 0 0 3 23 0 2 0 0 0 1 1 0 0 0 31 26 2 0 1 6 0 51 93 14 52 32 47 75 24 73 46 1 0 29 0 0 0 0 0 0 0 0 0 0 0 0 0 0 0 0 0 0 0 0 0 0 0 0
173 75 210 340 62 124 171 142 386 267 246 300 390 257 310 291 113 14 0 0 0 0 0 0 0 1 1 0 16 29 8 0 2 7 7 9 2 10 63 5 26 5 0 0 0 0 2 26 20 1 0 4 0 1 0 13 8 0 9 135 121 56 169 69 12 6 0 0 0 0 0 0 0 0 0 0 9 0 0 0 0 0 0 0 0 0 0 0 0 0 0 0 0
306 143 35 145 106 62 220 218 139 359 262 284 385 346 397 400 391 320 114 0 4 0 0 0 0 0 0 32 15 15 0 0 4 0 3 29 109 182 196 132 7 0 0 0 0 26 5 24 10 22 8 4 0 0 11 21 9 33 153 262 209 213 153 54 4 20 0 0 0 0 0 0 0 0 0 0 0 0 0 0 0 0 3 0 0 0 0 0 0 0 0 0 0
313 341 216 149 93 87 85 183 100 354 355 311 366 377 399 400 400 257 27 14 10 0 4 6 5 0 0 0 0 0 0 0 2 3 83 87 235 271 156 18 0 0 0 0 0 0 0 0 0 1 9 19 51 4 1 148 85 19 189 333 196 96 178 107 22 0 0 0 0 0 0 0 0 0 0 0 0 0 0 0 0 0 0 0 0 0 0 0 0 0 0 0 0
400 399 372 208 57 4 73 257 223 75 183 392 399 371 391 384 272 197 3 117 97 144 192 262 88 0 0 0 0 0 0 3 0 3 94 125 264 109 4 3 0 0 3 0 14 0 0 0 0 0 3 39 9 3 0 8 8 74 354 377 371 108 155 62 0 0 0 0 0 0 0 0 0 0 0 0 0 0 0 0 0 0 0 0 0 0 0 0 0 0 0 0 0
395 370 315 328 208 15 66 119 164 113 199 297 355 394 390 346 241 289 217 158 231 264 195 150 46 0 15 16 115 84 108 60 52 0 21 224 82 4 0 0 25 8 0 0 0 0 0 2 7 21 30 0 19 53 46 56 123 266 394 397 279 223 106 8 0 0 4 0 0 0 0 0 0 0 0 0 0 0 0 0 0 0 0 0 0 0 0 0 0 0 4 0 0
379 250 269 389 238 80 197 369 365 354 316 363 377 395 400 400 356 346 346 125 139 288 118 160 245 20 18 25 24 77 74 63 70 95 117 31 0 0 2 0 5 26 52 0 0 0 2 4 6 16 15 2 29 88 120 187 356 400 400 244 138 179 16 6 0 0 0 0 0 0 0 0 0 0 0 0 0 0 0 0 0 0 0 0 0 0 0 0 0 0 0 0 0
399 371 360 360 335 367 389 386 381 393 371 361 389 400 400 399 380 385 352 245 243 97 194 310 268 281 361 259 82 105 25 60 110 124 7 1 4 6 0 0 0 27 3 0 0 0 0 3 6 13 5 13 34 78 270 338 367 333 265 198 320 99 13 0 0 1 0 5 0 0 0 0 0 0 0 0 0 16 18 0 0 0 0 0 0 0 0 0 0 0 0 0 0
400 400 394 382 313 389 393 256 362 357 375 383 393 400 400 399 396 337 296 339 272 253 395 400 389 395 371 352 274 281 47 79 4 0 0 0 38 131 59 3 9 1 44 5 16 10 0 0 27 105 34 52 26 159 375 394 387 400 286 378 199 1 26 5 4 0 0 0 0 0 0 0 0 0 0 0 0 19 0 0 0 0 0 0 0 0 0 0 0 0 3 0 0
400 400 400 399 373 393 336 378 378 365 399 356 332 400 385 376 348 363 394 400 400 392 398 371 374 366 389 294 266 136 161 77 2 10 43 161 212 277 135 119 14 136 42 74 40 0 0 44 17 2 8 54 198 371 392 395 400 400 398 370 275 89 117 0 4 0 0 0 0 0 0 0 0 1 0 0 0 3 0 0 0 0 0 0 0 0 0 0 0 0 0 0 0
400 400 394 380 326 398 391 381 380 400 400 392 388 350 398 397 399 399 393 396 383 370 397 395 389 262 305 299 384 262 374 270 182 171 196 314 372 316 377 305 129 1 191 209 32 2 17 12 6 1 23 184 359 243 326 391 391 390 373 273 221 114 101 17 3 0 3 0 0 0 0 0 1 2 0 0 0 37 0 0 0 0 0 0 0 0 0 0 0 0 0 0 0
400 400 400 400 399 399 400 393 388 392 387 398 400 334 400 400 400 398 400 390 400 400 400 400 398 394 400 400 400 400 396 400 398 391 381 357 371 319 325 170 151 73 93 59 13 8 0 13 38 236 347 365 245 223 389 380 381 383 383 243 6 0 11 17 8 29 99 140 0 0 0 0 0 8 0 0 35 0 0 0 0 0 0 0 0 0 0 0 0 0 0 0 0
400 400 400 400 400 400 399 400 399 398 351 398 400 400 400 400 400 400 400 400 400 400 400 400 400 400 400 400 400 400 400 400 400 400 394 397 400 352 316 305 321 88 349 295 68 24 6 42 215 363 388 303 201 334 394 364 268 253 182 218 33 38 16 10 48 258 243 142 1 0 0 0 0 0 0 14 15 0 0 0 0 0 0 0 0 0 0 0 0 0 0 0 0
400 400 400 400 400 400 399 400 400 398 388 396 400 400 400 399 396 400 400 400 400 400 400 400 400 400 400 400 400 400 400 400 400 400 400 400 377 276 293 225 111 269 294 241 278 295 261 331 309 283 305 210 363 371 327 340 250 132 150 284 102 100 24 3 39 78 258 72 0 0 0 0 0 0 20 12 0 0 0 0 0 0 0 0 0 0 0 0 0 0 0 0 0
400 400 400 400 400 400 400 398 400 395 400 400 400 400 400 400 400 400 399 400 400 400 400 400 400 400 400 400 400 400 400 400 400 400 307 235 317 374 389 363 316 242 276 295 351 343 306 150 229 355 157 333 333 368 247 258 242 284 262 325 285 133 16 28 53 131 276 80 0 0 0 0 0 0 29 0 0 0 0 0 0 0 0 0 0 0 0 0 0 0 0 0 0
400 400 400 400 399 390 400 400 398 388 400 400 400 400 400 398 400 398 400 400 400 400 400 400 400 400 400 400 400 400 400 400 396 302 167 319 398 400 399 391 354 252 250 276 395 395 377 386 343 274 124 253 239 331 303 258 344 300 241 350 310 128 33 30 12 123 165 7 0 0 0 0 0 5 35 0 0 0 0 0 0 0 0 0 0 0 0 0 0 0 0 0 0
400 400 400 400 400 400 400 397 400 400 400 400 400 400 400 387 391 378 400 366 381 400 400 400 400 400 400 400 400 400 400 400 400 239 286 321 400 400 400 400 368 361 400 393 400 382 390 290 394 150 118 290 337 377 334 335 316 326 319 386 301 143 13 0 0 161 43 6 0 0 0 0 0 20 0 0 0 0 0 0 0 0 0 0 0 0 0 0 0 0 0 0 0
400 400 400 400 400 400 400 400 400 386 400 400 400 400 400 400 391 391 400 329 207 395 400 400 400 400 400 400 400 400 400 400 400 400 340 400 400 400 400 400 400 400 400 400 400 360 353 336 317 13 212 315 395 365 388 370 311 358 357 282 205 133 78 55 7 110 11 0 0 0 0 0 0 16 0 0 0 0 0 0 0 0 0 0 0 0 0 0 0 0 0 0 0
400 400 400 400 400 400 400 400 400 400 400 400 400 400 400 400 399 369 393 377 180 325 400 400 400 400 400 400 400 400 400 400 400 400 267 400 400 400 400 400 400 400 400 398 400 345 388 400 339 250 388 400 399 399 394 373 319 263 175 250 233 122 42 34 107 14 1 0 0 0 0 0 0 23 13 0 0 0 0 0 0 0 0 0 0 0 0 0 0 0 0 0 0
400 400 400 400 400 400 400 400 400 400 400 400 399 400 400 400 343 400 351 396 392 400 400 400 400 400 400 400 400 400 400 400 400 339 384 400 400 400 400 400 400 400 400 400 400 400 396 395 365 384 286 220 150 300 264 240 202 167 160 88 165 100 214 183 12 4 0 0 0 0 0 0 0 4 26 0 0 0 0 0 0 0 0 0 0 0 0 0 0 0 0 0 0
400 400 400 400 400 400 400 400 400 400 400 400 400 400 400 400 400 400 395 400 400 400 400 400 400 400 400 400 400 400 400 400 400 339 400 400 400 400 400 400 400 400 400 400 400 400 399 369 369 340 327 286 278 164 144 300 316 189 171 298 329 258 113 15 4 5 0 0 0 0 0 0 0 10 5 0 0 0 0 0 0 0 0 0 0 0 0 0 0 0 0 0 0
400 400 400 400 400 400 400 400 400 400 400 400 400 400 400 400 400 400 400 400 400 400 400 400 400 400 400 400 400 398 386 376 384 376 400 400 400 400 400 400 400 400 400 400 400 400 377 341 347 394 396 262 94 31 20 24 30 25 0 0 3 1 18 40 7 0 0 0 0 0 0 0 0 17 6 0 0 0 0 0 0 0 0 0 0 0 0 0 0 0 0 0 0
400 400 400 400 400 400 400 400 400 400 400 400 400 400 400 400 400 400 400 400 400 400 400 400 400 400 400 400 400 400 400 400 400 400 400 400 400 400 400 400 400 400 400 400 400 399 321 351 400 392 363 138 26 5 0 8 53 159 278 176 131 190 182 2 10 0 0 0 0 0 0 0 0 8 12 0 0 0 0 0 0 0 0 0 0 0 0 0 0 0 0 0 0
400 400 400 400 400 400 400 400 400 400 400 400 400 400 400 400 400 400 400 400 400 400 400 400 400 400 400 400 400 400 400 400 400 400 400 400 400 400 400 400 400 400 400 400 400 400 400 398 378 160 234 119 36 3 18 0 0 83 186 225 304 192 108 16 0 0 0 0 0 0 0 0 1 12 0 0 0 0 0 0 0 0 0 0 0 0 0 0 0 0 0 0 0
400 400 400 400 400 400 400 400 400 400 400 400 400 400 400 400 400 400 400 400 400 400 400 400 400 400 400 400 400 400 400 400 400 400 400 400 400 400 400 400 400 400 400 400 400 400 400 400 360 182 74 40 26 13 0 0 0 0 1 1 137 121 16 17 0 0 0 0 0 0 0 0 0 48 0 0 0 0 0 0 0 0 0 0 0 0 0 0 0 0 3 0 2
400 400 400 400 400 400 400 400 400 395 398 400 400 400 400 400 400 400 400 400 400 400 400 400 400 400 400 400 400 400 400 400 400 400 400 400 400 400 400 400 400 400 400 400 400 400 400 400 326 343 255 176 1 40 6 38 36 7 3 31 82 77 31 29 1 30 46 3 0 0 0 0 0 24 0 0 0 0 0 0 0 0 0 0 0 0 0 0 0 0 0 0 0
400 400 400 400 400 400 400 400 399 400 400 400 400 400 400 400 400 400 400 400 400 400 400 400 400 400 400 400 400 400 400 400 400 395 392 400 400 400 387 400 400 400 400 400 400 400 397 399 201 257 187 102 0 277 97 58 17 22 58 40 34 71 67 69 23 10 3 0 0 0 39 2 0 51 0 0 0 0 0 0 0 0 0 6 17 0 5 0 0 13 5 0 0
400 400 400 400 400 400 400 400 400 400 400 400 400 389 366 400 400 400 400 400 400 400 400 400 400 400 400 400 400 400 400 400 395 392 386 348 267 246 391 400 400 400 400 400 400 398 400 339 221 209 104 31 58 233 182 272 135 162 86 33 37 25 2 5 3 2 0 0 0 16 79 0 0 33 0 0 0 0 0 0 0 2 92 237 162 54 6 0 21 31 0 0 3
400 400 400 400 400 400 400 400 400 398 400 400 400 388 377 400 400 400 400 400 400 400 400 400 400 400 400 400 400 398 387 395 376 360 288 295 363 399 400 400 400 400 400 400 400 400 400 179 293 229 95 11 84 85 229 340 355 333 280 131 109 173 42 34 145 75 51 8 12 178 157 0 0 18 11 0 0 0 0 1 0 179 398 391 291 196 10 3 12 17 0 0 0
400 400 400 400 400 400 400 400 400 391 400 400 400 399 399 400 400 400 400 400 400 400 400 400 400 400 400 400 397 344 390 338 365 393 372 400 400 400 400 400 400 400 400 400 400 400 374 207 201 289 221 221 139 120 328 290 313 347 334 140 200 241 284 251 346 313 154 188 213 379 151 10 0 22 0 0 0 1 44 102 113 372 340 241 235 246 65 0 0 0 0 0 0
398 399 400 400 400 400 400 400 400 387 400 400 400 400 400 400 400 400 400 400 400 400 400 400 400 399 400 400 400 395 400 400 400 400 400 400 400 400 400 400 400 400 400 400 400 400 220 317 305 125 218 297 94 134 386 181 322 299 393 260 146 212 319 366 358 371 237 279 355 400 206 4 25 25 0 93 78 26 16 102 310 398 339 348 400 396 191 10 37 18 14 42 1
340 302 388 398 400 400 400 400 400 398 400 400 400 400 400 400 400 400 400 400 400 400 400 400 400 400 400 400 400 400 400 400 400 400 400 400 400 400 400 397 398 400 400 400 400 396 284 343 333 275 263 110 72 216 373 259 341 400 366 338 327 321 288 385 337 350 274 366 400 325 114 24 9 0 12 195 322 300 313 400 400 400 400 400 323 157 55 100 142 15 0 5 0
395 400 378 377 400 400 400 400 400 397 398 400 400 399 358 355 391 398 400 400 400 400 400 400 400 400 400 400 400 400 400 400 400 400 400 400 400 400 400 398 381 400 400 400 400 335 329 376 331 313 304 45 48 320 400 350 390 388 384 391 370 388 400 400 397 400 400 400 238 36 22 5 0 6 44 263 394 400 400 400 400 400 400 296 156 222 154 19 49 17 0 1 32
389 400 398 371 400 400 400 400 400 400 399 400 400 389 225 132 251 400 400 400 400 400 400 400 400 400 400 400 400 400 400 400 400 400 400 400 400 400 400 400 400 383 400 400 400 373 379 336 105 266 124 0 149 298 400 366 307 157 16 24 109 344 400 397 399 396 395 318 69 23 0 0 0 131 237 393 400 395 400 400 400 400 376 318 297 274 175 79 180 42 81 0 3
52 378 368 316 388 400 400 400 400 400 363 394 395 400 400 395 400 400 395 398 400 400 400 400 400 400 400 400 400 400 400 400 400 400 400 400 400 400 400 400 400 400 400 400 400 389 373 240 257 214 33 2 140 289 387 230 0 0 0 7 14 14 64 61 102 61 35 52 0 0 1 0 121 383 400 387 400 400 400 400 400 400 388 385 337 202 147 70 220 242 53 45 91
190 215 208 189 226 384 366 400 395 335 359 398 373 391 400 396 385 400 400 386 389 400 400 400 400 400 400 400 400 400 400 400 400 400 400 400 400 400 400 400 400 400 400 400 388 383 141 74 1 0 2 0 2 264 365 112 0 0 0 2 6 5 10 19 5 7 9 0 0 0 6 189 398 398 397 400 400 400 400 400 400 400 382 397 244 128 176 117 129 100 99 10 0
400 350 200 209 265 152 269 355 341 218 343 243 400 370 400 400 400 400 400 400 400 399 400 399 400 400 400 400 400 400 400 400 400 400 400 400 400 400 400 400 400 400 400 400 186 344 163 192 120 54 2 3 0 175 219 1 0 0 0 0 0 0 0 0 2 0 0 0 92 231 205 394 390 370 400 400 399 400 387 367 400 397 226 196 138 353 305 94 32 1 0 0 0
400 399 308 163 225 202 176 150 305 227 350 218 335 393 398 398 400 400 400 400 400 400 395 399 400 400 400 400 400 400 400 400 400 400 400 400 400 400 400 400 400 400 400 400 292 146 184 50 86 34 5 0 1 34 69 0 0 0 0 0 0 0 0 0 0 0 0 53 315 364 400 400 371 397 352 290 360 352 286 400 391 390 129 109 339 400 360 149 24 1 0 0 0
358 400 390 392 338 367 373 392 397 391 400 399 391 398 380 373 265 400 400 400 400 400 400 400 400 400 400 400 400 400 400 400 400 400 400 400 400 400 400 400 400 400 400 397 306 201 291 104 26 139 40 3 2 15 112 0 0 0 0 0 0 0 11 0 5 36 68 332 400 400 400 400 400 395 280 373 400 397 400 400 306 216 285 329 380 321 245 19 21 3 0 0 0
400 400 398 400 389 397 400 400 400 400 400 400 400 394 392 395 350 296 400 400 400 400 400 397 400 393 400 400 400 400 400 400 400 400 400 400 400 400 400 400 400 400 400 400 396 188 165 40 15 0 3 0 0 33 114 0 0 0 0 0 0 0 163 46 216 284 335 400 400 400 400 400 388 400 400 400 400 400 400 355 308 333 335 377 321 264 151 39 0 0 0 0 0
400 400 400 400 400 393 381 400 397 400 400 400 400 380 398 399 400 295 385 393 400 400 389 388 400 400 400 400 400 400 400 400 400 400 400 400 400 400 400 396 400 400 400 326 208 170 144 119 24 0 0 11 0 83 90 7 0 0 1 0 0 77 346 110 400 400 400 400 400 400 400 337 347 337 218 200 258 323 364 343 399 367 359 378 224 175 125 5 16 0 0 0 0
