Scripts_&_data/Land_cover_rasters/CL_barren_vegetation_16.asc
NCOLS 642 
NROWS 378 
XLLCORNER -19.0000644 
YLLCORNER 18.9999684 
CELLSIZE 0.1666666 
NODATA_value -2147483647 
[rows 287 to 327 of 378, columns 372 to 464 of 642]
187 91 335 400 383 175 7 151 296 383 170 62 238 385 361 193 0 0 0 0 0 0 0 0 0 0 0 0 0 0 0 0 0 0 0 0 0 0 0 0 3 76 8 0 0 29 27 36 46 172 260 385 400 400 331 369 400 399 400 400 400 400 400 400 400 400 400 400 399 400 400 395 397 400 400 400 400 400 400 400 400 395 394 399 379 400 400 400 400 400 379 333 278
267 0 32 370 377 371 121 0 53 107 14 59 144 353 360 261 113 5 0 0 0 0 0 0 0 0 0 0 0 0 0 0 0 0 0 0 0 0 0 0 0 0 0 3 13 45 58 89 44 190 174 343 323 397 392 400 389 400 400 397 370 400 400 400 400 400 400 390 358 324 392 399 400 400 400 400 400 400 400 400 400 397 400 397 344 357 334 400 400 400 400 398 333
400 199 86 375 399 400 344 2 70 15 146 250 182 388 341 322 361 115 6 0 0 0 0 0 0 0 0 0 0 0 0 0 0 0 0 0 0 0 0 0 0 0 21 0 0 14 7 78 171 196 127 275 376 348 366 400 400 400 400 400 400 395 388 400 400 400 400 400 400 400 400 400 396 397 400 400 400 400 400 400 400 400 399 399 340 339 394 400 400 400 400 400 381
327 349 400 400 400 400 247 0 113 173 354 382 387 400 400 376 381 265 196 66 3 6 0 0 0 0 0 0 0 0 0 0 0 0 0 0 0 0 0 0 0 0 0 0 115 131 136 70 165 166 86 206 258 281 314 354 386 400 400 400 400 400 397 400 400 400 400 400 392 397 400 400 400 394 400 400 400 400 400 400 394 400 400 390 390 273 329 400 400 400 400 400 400
373 245 182 225 173 189 15 0 74 148 391 395 400 400 400 400 339 397 304 263 116 28 0 0 0 0 1 0 0 0 0 0 0 0 0 0 0 0 0 0 0 0 0 0 49 45 136 45 247 120 92 257 187 345 368 387 319 393 400 400 400 400 392 400 399 400 399 395 399 369 381 341 400 400 400 400 400 400 400 400 396 400 400 395 400 399 294 400 400 367 400 400 399
400 397 244 274 281 100 15 15 0 56 338 331 400 398 400 400 400 398 400 362 215 83 32 0 0 0 2 9 8 5 0 0 0 0 0 0 0 0 2 0 0 0 0 0 19 108 63 49 148 300 289 382 330 287 282 335 315 343 287 393 400 400 400 400 400 400 398 396 400 400 400 400 400 400 400 400 400 400 400 400 400 400 400 400 400 398 284 347 400 400 400 396 396
400 400 400 400 396 388 202 7 1 0 33 215 338 400 400 400 400 384 391 347 398 340 77 90 89 4 11 0 45 43 2 0 0 0 0 0 0 14 0 0 0 0 0 0 0 14 28 148 272 390 371 386 378 336 216 330 366 397 388 394 399 400 399 400 400 395 400 398 400 400 400 400 400 400 396 400 399 400 400 400 400 400 400 400 400 400 375 280 400 400 400 400 400
400 400 397 400 400 400 379 113 1 93 73 32 83 274 318 400 400 400 400 379 395 383 315 308 233 156 17 22 10 19 9 6 10 0 0 0 0 0 0 0 0 0 0 0 0 13 48 67 293 381 398 362 388 400 382 310 265 346 304 400 395 400 400 400 400 387 400 400 400 400 400 400 400 400 399 396 399 400 400 400 400 400 400 400 400 400 400 400 400 400 400 400 399
400 400 341 152 370 353 251 37 23 15 55 20 0 12 200 392 400 400 397 400 391 399 400 400 398 368 221 241 144 85 76 27 11 0 0 0 0 0 0 8 1 2 0 0 1 12 21 19 116 177 193 130 150 344 396 400 396 400 368 361 397 400 400 400 400 396 400 400 400 400 400 400 400 400 400 400 390 400 400 400 400 400 400 400 400 400 400 400 400 400 400 400 400
400 400 388 257 315 335 141 0 14 6 20 49 42 70 28 69 186 161 115 223 317 337 399 396 387 344 317 387 360 284 223 191 41 0 0 0 1 0 0 0 0 0 1 0 0 7 0 4 72 173 22 51 82 145 365 400 400 400 400 395 398 400 400 400 400 400 398 397 381 393 376 400 400 400 400 400 400 400 400 400 400 400 400 400 400 400 400 400 400 400 400 400 400
400 400 400 388 400 400 400 134 8 0 0 1 100 191 119 18 25 6 2 39 152 198 226 400 400 400 393 286 286 316 130 34 0 12 0 0 0 2 0 0 0 0 2 3 4 1 0 3 46 120 91 28 106 250 398 400 398 364 392 400 400 400 370 353 398 398 387 361 382 399 399 400 400 400 400 390 397 400 400 400 400 400 400 400 400 400 400 400 400 400 400 400 400
400 400 400 400 400 400 397 340 58 45 0 0 73 202 70 71 20 2 17 63 154 247 185 400 398 400 392 381 381 343 201 10 0 30 20 2 5 0 7 5 1 11 7 3 63 11 1 1 0 5 23 176 65 353 398 389 400 396 400 391 400 400 388 354 376 398 384 399 397 379 400 400 400 400 400 400 400 400 400 400 400 400 400 400 400 400 400 400 400 400 400 400 400
400 400 400 400 400 400 394 380 50 11 12 6 13 43 135 196 44 0 1 151 345 370 152 255 396 333 384 400 360 240 227 18 42 14 42 96 13 26 13 5 6 15 0 1 13 21 5 3 1 26 3 127 108 214 308 400 391 392 400 400 400 400 400 389 382 400 399 390 399 385 400 400 400 400 400 400 400 400 400 400 400 400 400 400 400 400 400 400 400 400 400 400 400
400 400 400 400 400 400 400 376 157 3 44 69 100 224 42 155 190 0 11 7 290 400 286 101 237 286 350 400 388 391 395 174 32 34 72 27 163 14 32 17 11 30 19 38 1 0 3 15 0 41 20 0 70 218 126 375 395 400 400 400 400 400 400 348 335 369 392 352 326 400 400 400 400 400 400 400 400 359 377 398 400 399 400 400 400 400 400 400 400 400 400 400 400
400 400 400 400 400 400 400 400 197 22 150 171 95 283 352 257 321 76 2 2 47 317 342 158 66 53 3 176 267 65 256 376 140 0 0 45 316 188 74 7 11 0 3 7 0 1 0 36 82 1 11 5 6 58 241 96 229 395 400 400 400 400 400 333 253 288 370 351 389 400 400 400 400 400 400 400 355 140 251 339 375 400 399 400 400 400 400 400 400 400 400 400 400
400 400 400 400 400 400 400 400 382 268 361 351 193 162 395 400 382 139 0 0 48 282 212 19 1 6 9 5 35 0 18 161 128 0 78 126 295 351 305 182 61 7 21 0 13 0 0 2 6 1 77 54 40 61 173 275 171 348 399 400 400 400 400 400 300 240 250 274 340 400 400 400 400 400 388 400 376 289 96 101 332 392 390 382 400 400 400 400 400 400 400 400 400
400 392 400 400 400 400 400 400 400 400 358 307 344 126 303 388 400 255 40 3 45 222 257 75 12 31 43 69 139 281 208 59 0 199 73 247 387 396 277 189 138 47 5 47 9 0 0 53 4 3 54 49 21 47 210 133 168 185 354 400 400 400 398 400 400 398 387 364 327 400 398 384 400 400 400 400 394 290 383 156 201 326 397 399 393 400 400 400 400 400 400 400 400
400 400 400 400 400 400 400 400 400 400 400 400 366 323 327 302 378 394 207 9 33 184 296 385 126 219 87 189 311 400 399 259 42 1 172 400 348 301 356 66 248 117 13 48 0 11 18 53 54 0 7 16 46 138 117 3 84 243 228 374 400 398 400 400 400 400 400 400 396 385 398 400 400 400 400 400 382 396 301 319 108 139 304 376 379 400 400 400 400 400 400 400 400
400 400 400 400 400 400 400 400 400 400 400 400 400 400 400 400 383 361 342 121 68 160 251 261 138 130 122 258 387 400 400 232 12 26 381 400 394 400 387 250 296 271 79 43 24 0 6 29 29 1 55 4 27 87 188 172 29 67 247 324 374 392 399 400 400 400 400 400 400 400 400 398 400 400 399 389 363 381 381 347 297 166 314 397 362 393 400 400 400 400 400 400 400
400 400 400 399 393 400 400 400 400 400 400 400 400 400 400 399 400 400 400 364 163 3 30 27 180 128 272 343 400 400 373 150 65 155 275 394 400 362 215 398 351 273 245 26 42 32 1 5 38 1 12 51 0 12 42 122 85 39 142 102 292 319 400 400 400 400 400 400 400 400 400 400 400 313 378 379 339 304 352 393 330 297 128 142 308 370 399 400 400 400 400 400 400
400 400 400 400 400 400 400 400 400 398 400 400 400 400 400 400 400 400 400 400 391 212 261 288 353 386 239 166 321 400 393 395 270 206 307 341 282 285 384 400 379 354 282 99 44 34 12 11 63 34 0 40 33 2 5 18 65 80 66 6 3 83 313 382 400 400 400 400 400 400 384 399 400 384 313 385 324 298 284 290 338 215 255 135 109 335 329 372 400 400 400 400 400
400 400 400 400 400 400 400 400 400 394 400 400 400 400 400 400 400 400 400 400 400 389 397 400 400 396 352 362 165 362 319 387 368 183 231 385 379 385 400 400 317 277 335 224 97 16 3 0 4 20 26 11 70 32 15 0 6 11 105 63 257 121 10 144 388 398 400 400 400 392 222 138 320 339 400 277 324 376 317 240 188 343 224 214 135 157 196 379 400 400 400 400 400
400 400 400 400 400 400 400 400 400 400 400 400 400 400 400 400 400 400 400 400 400 400 400 400 397 400 400 389 328 287 338 198 398 399 400 291 184 198 400 400 350 328 239 220 88 52 4 0 0 0 0 41 49 30 2 0 0 0 0 59 114 165 55 55 154 356 400 384 400 400 400 278 273 147 199 355 264 183 174 375 366 187 135 209 253 122 306 391 398 398 400 400 400
400 400 400 400 400 400 400 400 400 400 400 400 400 400 400 400 400 400 400 400 400 400 400 400 400 400 400 400 390 396 400 356 278 389 400 -2147483647 -2147483647 307 400 400 367 330 314 260 194 67 29 29 9 0 0 0 4 25 2 0 0 7 3 1 5 26 241 96 33 64 315 400 400 400 400 398 365 270 124 367 395 330 388 399 334 315 238 271 96 250 324 363 396 400 400 400 400
400 400 400 400 400 400 400 400 400 400 400 400 400 400 400 400 400 400 400 400 400 400 400 400 400 400 400 400 399 381 338 359 324 391 324 201 -2147483647 -2147483647 -2147483647 319 -2147483647 -2147483647 -2147483647 373 238 123 11 0 0 5 9 0 0 0 0 3 5 4 0 8 0 53 6 134 77 3 70 324 396 400 383 400 388 400 394 385 249 216 190 298 368 400 329 358 331 244 208 374 400 400 400 400 400
398 400 397 400 400 400 400 400 400 400 400 400 400 400 400 400 400 400 400 400 400 400 400 400 400 400 400 400 399 395 205 201 -2147483647 -2147483647 -2147483647 -2147483647 -2147483647 -2147483647 -2147483647 -2147483647 -2147483647 -2147483647 -2147483647 303 385 285 263 58 6 0 0 0 0 0 0 0 10 70 33 0 0 0 1 0 27 62 40 340 394 400 400 400 400 400 397 388 77 71 9 76 229 264 266 295 252 159 101 289 369 389 399 400 400
400 400 398 400 397 400 400 400 400 400 400 400 400 400 400 400 400 400 400 400 400 400 400 400 400 400 400 400 400 400 338 398 -2147483647 -2147483647 -2147483647 -2147483647 -2147483647 -2147483647 -2147483647 -2147483647 -2147483647 -2147483647 -2147483647 -2147483647 318 374 304 301 143 3 0 9 0 0 0 0 0 1 16 52 205 181 173 190 238 148 66 245 393 400 400 400 400 400 400 372 327 125 5 7 88 184 182 294 304 244 169 258 387 395 400 400 400
400 400 398 385 400 400 400 400 400 400 400 400 400 400 400 400 400 400 400 400 400 400 400 400 400 400 400 400 397 304 223 -2147483647 -2147483647 -2147483647 -2147483647 -2147483647 -2147483647 -2147483647 -2147483647 -2147483647 -2147483647 -2147483647 -2147483647 -2147483647 -2147483647 305 397 356 205 130 29 9 43 5 0 0 0 0 34 29 110 308 313 160 92 164 247 41 295 285 366 400 393 373 396 235 382 270 40 4 39 77 94 115 82 144 176 355 396 385 400 400 400
400 400 400 400 400 400 400 400 400 400 400 400 400 400 400 400 400 400 400 400 400 400 400 400 400 400 400 394 253 -2147483647 -2147483647 -2147483647 -2147483647 -2147483647 -2147483647 -2147483647 -2147483647 -2147483647 -2147483647 -2147483647 -2147483647 -2147483647 -2147483647 -2147483647 -2147483647 -2147483647 380 380 206 66 52 51 45 49 1 0 7 37 40 109 36 12 54 86 167 202 321 124 153 326 296 379 251 381 400 349 271 297 194 38 18 45 149 50 27 156 137 311 328 362 378 400 400
400 400 400 400 400 400 400 400 400 400 400 400 400 400 400 400 400 400 400 400 400 400 400 400 400 400 390 399 365 258 82 -2147483647 -2147483647 -2147483647 -2147483647 -2147483647 -2147483647 -2147483647 -2147483647 -2147483647 -2147483647 -2147483647 -2147483647 -2147483647 -2147483647 -2147483647 281 298 297 209 0 72 76 115 22 1 0 0 0 81 234 86 51 90 56 152 238 252 51 181 368 395 277 169 375 255 340 270 364 78 48 144 70 43 37 68 85 171 222 328 400 388 400
400 400 400 400 400 400 400 400 400 400 400 400 400 400 400 400 400 400 400 400 400 398 400 400 400 400 400 400 376 400 262 -2147483647 -2147483647 -2147483647 -2147483647 -2147483647 -2147483647 -2147483647 -2147483647 -2147483647 -2147483647 -2147483647 -2147483647 -2147483647 -2147483647 -2147483647 -2147483647 277 368 334 31 173 202 264 142 0 0 0 25 31 22 184 35 12 3 28 34 43 0 15 234 400 399 398 359 291 324 308 301 171 68 205 147 218 229 251 81 42 64 101 360 373 333
400 400 400 400 400 400 400 400 400 400 399 400 400 400 400 400 400 400 400 400 400 398 400 400 400 400 400 400 393 400 384 -2147483647 -2147483647 -2147483647 -2147483647 -2147483647 -2147483647 -2147483647 -2147483647 -2147483647 -2147483647 -2147483647 -2147483647 -2147483647 -2147483647 -2147483647 -2147483647 234 380 309 139 210 384 308 151 73 0 0 8 0 3 6 88 36 100 141 23 28 2 21 9 167 343 376 386 215 122 254 40 111 83 246 45 177 215 306 211 210 110 129 163 358 387
400 400 400 400 400 400 400 400 400 400 400 400 400 400 400 400 400 400 400 400 400 400 400 400 400 400 400 400 400 392 400 355 -2147483647 -2147483647 -2147483647 -2147483647 -2147483647 -2147483647 -2147483647 -2147483647 -2147483647 -2147483647 -2147483647 -2147483647 -2147483647 -2147483647 -2147483647 -2147483647 199 362 122 8 127 253 128 100 22 7 13 3 75 48 148 195 54 143 220 110 112 98 37 4 18 60 292 318 283 259 286 164 41 17 12 3 191 229 329 393 353 94 73 161 260
400 400 400 400 400 400 400 400 400 400 400 400 400 400 399 400 400 400 400 400 400 400 400 400 400 400 400 400 400 399 393 400 -2147483647 -2147483647 -2147483647 -2147483647 -2147483647 -2147483647 -2147483647 -2147483647 -2147483647 -2147483647 -2147483647 -2147483647 -2147483647 -2147483647 -2147483647 -2147483647 -2147483647 400 366 223 71 271 175 151 36 37 28 14 45 50 57 174 140 157 173 216 272 91 243 209 59 79 85 234 255 333 251 157 204 223 101 52 279 398 329 348 145 300 99 50 177
400 400 400 400 400 400 400 400 400 400 400 400 400 400 400 400 400 346 395 400 400 400 400 400 400 400 400 400 400 400 400 400 381 -2147483647 -2147483647 -2147483647 -2147483647 -2147483647 -2147483647 -2147483647 -2147483647 -2147483647 -2147483647 -2147483647 -2147483647 -2147483647 -2147483647 -2147483647 -2147483647 337 400 312 342 181 238 152 81 73 47 103 155 72 130 41 21 31 173 313 319 362 290 140 211 159 205 158 219 173 291 274 290 238 282 262 338 388 400 387 228 181 328 126 31
400 400 400 400 400 400 400 400 400 400 400 400 400 400 400 400 400 400 392 400 400 400 400 400 400 400 400 400 400 400 400 400 400 -2147483647 -2147483647 -2147483647 -2147483647 -2147483647 -2147483647 -2147483647 -2147483647 -2147483647 -2147483647 -2147483647 -2147483647 -2147483647 -2147483647 -2147483647 -2147483647 -2147483647 399 373 194 304 236 267 178 36 100 188 122 151 115 268 248 281 322 315 374 275 192 256 297 292 203 157 239 261 320 357 306 171 327 143 267 359 338 294 380 382 400 354 139
400 400 400 400 400 400 400 400 400 400 400 400 400 400 400 387 398 400 400 400 400 400 400 400 400 400 400 400 400 400 400 400 400 326 -2147483647 -2147483647 -2147483647 -2147483647 -2147483647 -2147483647 -2147483647 -2147483647 -2147483647 -2147483647 -2147483647 -2147483647 -2147483647 -2147483647 -2147483647 -2147483647 334 376 365 232 161 242 317 225 116 230 282 307 160 208 294 335 308 328 264 309 359 347 352 376 340 360 372 251 153 278 358 266 305 259 387 218 291 334 399 377 400 400 400
400 400 400 400 400 400 400 400 400 400 400 400 400 400 390 363 400 400 400 400 400 400 400 400 400 400 400 396 400 400 400 400 400 400 307 -2147483647 -2147483647 -2147483647 -2147483647 -2147483647 -2147483647 -2147483647 -2147483647 -2147483647 -2147483647 -2147483647 -2147483647 -2147483647 -2147483647 -2147483647 -2147483647 306 389 370 260 119 226 271 168 283 386 229 367 301 311 354 278 245 301 332 355 386 400 400 399 397 357 284 203 120 145 218 324 382 400 337 373 302 284 382 354 364 399
400 400 400 400 400 400 400 400 400 400 400 400 400 400 400 400 400 400 400 400 400 400 400 400 400 400 400 400 400 400 400 400 400 400 372 -2147483647 -2147483647 -2147483647 -2147483647 -2147483647 -2147483647 -2147483647 -2147483647 -2147483647 -2147483647 -2147483647 -2147483647 -2147483647 -2147483647 -2147483647 -2147483647 -2147483647 -2147483647 -2147483647 -2147483647 207 152 227 240 277 363 339 319 334 386 372 365 350 363 231 397 395 364 397 370 329 369 323 313 352 272 150 323 339 393 369 388 371 216 382 323 395 399
400 400 400 400 400 400 400 400 400 400 400 400 400 400 400 400 400 400 400 400 400 400 400 400 400 398 400 400 396 400 400 400 400 400 400 277 -2147483647 -2147483647 -2147483647 -2147483647 -2147483647 -2147483647 -2147483647 -2147483647 -2147483647 -2147483647 -2147483647 -2147483647 -2147483647 -2147483647 -2147483647 -2147483647 -2147483647 -2147483647 -2147483647 -2147483647 -2147483647 119 102 194 293 382 400 381 273 349 252 285 343 343 310 384 381 354 378 312 349 398 398 390 263 200 187 323 218 258 333 367 231 368 396 399 400
395 400 389 391 400 400 400 392 398 400 400 400 400 400 400 400 400 400 400 400 400 400 400 400 400 400 400 400 400 400 400 400 390 400 400 400 391 191 -2147483647 -2147483647 -2147483647 -2147483647 -2147483647 -2147483647 -2147483647 -2147483647 -2147483647 -2147483647 -2147483647 -2147483647 -2147483647 -2147483647 -2147483647 -2147483647 -2147483647 -2147483647 -2147483647 -2147483647 347 205 322 375 393 360 228 261 392 355 283 297 397 393 369 258 391 397 399 390 338 250 394 368 387 303 213 126 237 207 376 380 395 398 400
