Scripts_&_data/Land_cover_rasters/CL_barren_vegetation_16.asc
NCOLS 642 
NROWS 378 
XLLCORNER -19.0000644 
YLLCORNER 18.9999684 
CELLSIZE 0.1666666 
NODATA_value -2147483647 
[rows 246 to 286 of 378, columns 465 to 557 of 642]
392 344 279 132 174 72 5 8 74 127 49 180 378 323 331 219 212 242 155 35 180 185 397 400 373 327 339 363 246 200 186 158 136 250 337 252 83 64 2 0 0 0 0 0 0 1 9 2 14 8 7 3 0 0 1 0 0 0 0 0 0 6 0 0 0 0 0 0 0 0 0 0 0 0 0 0 2 0 0 0 0 0 0 0 0 0 0 0 0 0 0 0 0
399 370 289 191 94 57 5 13 55 164 185 48 365 290 369 217 237 304 325 107 201 119 342 400 391 355 398 400 391 372 291 168 153 126 290 281 73 0 0 0 0 0 0 0 0 0 0 0 0 0 8 12 2 0 9 0 0 0 0 0 0 0 0 0 0 1 0 0 0 0 0 0 0 0 0 0 0 0 0 0 0 0 0 0 0 0 0 0 0 0 0 0 0
370 330 195 126 114 35 5 73 96 80 187 62 281 313 333 312 213 280 169 247 327 197 293 399 400 393 399 400 302 338 400 398 372 379 364 215 48 3 4 1 0 0 0 0 0 0 0 0 0 0 0 0 0 1 1 0 0 0 0 0 0 0 0 0 0 0 0 0 0 0 0 2 1 0 0 0 0 0 0 0 0 0 0 0 0 0 0 0 0 0 0 0 0
375 262 197 151 23 3 0 7 49 297 256 84 155 168 275 274 225 219 76 208 346 370 201 302 400 400 400 400 283 114 95 313 400 396 360 240 82 58 46 6 0 0 0 0 0 0 0 0 0 0 0 0 0 0 0 0 0 0 0 0 0 0 0 0 0 0 0 0 9 30 4 1 0 0 0 0 0 0 0 0 0 0 0 0 0 0 0 0 0 0 0 0 0
370 370 338 325 144 30 0 1 32 120 128 51 51 125 112 77 113 184 258 325 355 372 400 276 400 349 398 400 400 397 360 277 373 389 155 43 12 67 67 35 0 0 0 0 0 0 0 0 0 0 0 0 0 0 0 0 0 0 0 0 0 0 0 0 0 0 0 1 0 0 0 0 0 0 0 0 0 0 0 0 0 0 0 0 0 0 0 0 0 0 0 0 0
400 384 400 381 357 316 48 13 12 45 22 4 19 150 134 123 121 192 191 263 171 368 393 285 400 284 400 400 400 391 400 400 385 165 0 0 0 0 7 24 5 0 0 0 0 0 0 0 0 0 0 0 0 0 0 0 0 0 0 0 0 0 0 0 0 0 0 0 0 0 0 2 0 0 0 0 0 0 0 0 0 0 0 0 0 0 0 0 0 0 0 0 0
400 400 400 400 400 367 165 43 7 16 5 7 2 37 94 165 191 102 176 285 125 336 386 338 282 318 400 400 395 397 400 400 387 158 0 0 0 28 34 21 6 0 0 0 0 1 0 0 0 0 0 0 0 0 1 0 0 0 0 0 0 0 0 0 0 0 0 0 0 0 0 0 0 0 0 0 0 0 0 1 1 1 2 0 0 0 0 2 1 0 6 2 9
400 400 400 400 400 390 319 151 14 52 68 9 0 0 98 246 151 206 226 235 78 101 374 363 253 235 382 400 391 352 269 316 181 35 12 4 81 200 138 42 46 13 1 0 0 2 15 0 0 0 0 0 0 0 0 0 0 0 0 0 0 0 0 0 0 0 0 2 2 0 1 0 0 0 0 0 0 2 0 0 0 5 1 5 0 0 0 0 0 7 7 2 155
399 400 395 400 391 373 331 357 354 306 284 130 141 109 118 328 271 351 310 277 255 241 385 397 399 320 227 369 400 400 288 122 209 233 260 286 219 247 292 98 9 2 5 56 26 1 0 0 0 0 0 0 0 0 0 0 0 0 0 2 14 13 1 25 21 9 12 2 0 2 2 1 0 2 42 39 12 5 0 1 0 9 18 53 38 9 74 47 23 2 0 40 129
400 400 400 400 400 400 400 368 347 338 343 343 336 286 232 299 331 373 375 397 397 399 400 400 400 400 272 292 349 391 312 26 114 363 327 285 181 131 17 6 5 2 13 7 20 7 0 0 0 0 0 0 0 0 0 0 0 0 0 0 13 9 14 43 36 4 14 3 8 8 14 2 1 1 8 1 4 0 0 0 0 0 3 7 0 1 9 3 100 202 195 290 314
400 400 400 400 400 400 397 397 382 392 269 356 362 398 393 314 378 386 319 398 395 398 395 400 399 400 382 184 35 95 232 307 291 273 312 237 140 93 133 23 0 15 46 5 15 9 0 0 0 0 0 0 0 0 0 0 0 0 0 0 1 0 2 0 0 0 3 0 0 0 0 0 0 0 1 5 1 3 0 0 41 88 102 120 130 41 23 101 295 384 221 290 400
400 400 400 400 400 400 400 400 397 394 388 343 347 376 396 374 394 398 379 385 378 391 399 399 399 282 342 310 356 94 16 252 391 108 36 72 224 211 133 12 0 4 0 1 9 24 0 0 0 0 0 0 0 0 0 0 0 0 0 0 0 0 0 0 0 0 0 0 0 1 1 1 5 5 17 1 0 0 0 22 21 1 141 183 189 69 94 278 249 115 293 198 359
400 400 400 400 400 400 400 400 400 400 378 219 371 399 400 390 400 393 400 395 374 396 386 364 387 394 400 400 400 390 306 102 134 276 132 197 190 100 29 25 0 0 0 0 6 4 0 0 0 0 0 0 0 0 0 0 0 0 0 0 0 0 0 0 0 0 0 0 0 7 2 0 0 0 0 0 0 2 43 54 23 12 77 53 75 294 174 289 330 274 329 276 304
399 400 400 400 395 278 356 227 211 388 392 275 210 361 361 249 233 365 400 393 394 342 267 301 400 400 400 400 397 400 399 394 119 32 52 102 60 64 11 8 0 0 0 0 0 0 0 0 0 0 0 0 0 0 0 0 0 0 0 0 0 0 0 0 0 0 0 0 0 0 0 0 0 0 0 0 0 7 25 66 53 56 2 16 158 181 276 384 400 400 380 378 398
380 393 380 400 400 397 400 394 176 366 398 400 398 396 400 355 241 159 346 390 400 399 396 386 398 400 400 399 379 395 317 307 341 5 104 32 108 21 18 2 0 3 0 0 1 0 0 0 0 0 0 0 0 0 0 0 0 0 0 0 0 0 0 0 0 0 0 0 0 0 0 0 0 0 2 0 0 1 3 13 34 57 26 0 110 341 400 400 313 289 391 400 400
362 393 323 400 392 396 380 380 349 207 400 400 390 382 383 395 190 93 110 326 352 398 335 236 259 373 338 384 272 115 136 190 292 134 15 0 35 55 16 10 2 0 9 0 0 0 0 0 0 0 0 0 0 0 0 0 0 0 0 0 0 0 0 0 0 0 0 0 0 0 0 0 0 0 3 2 48 22 56 98 194 212 61 215 296 338 368 385 260 178 285 350 392
79 185 210 344 368 337 248 268 94 65 263 368 341 381 245 220 223 263 130 210 319 386 347 220 186 201 298 240 27 23 26 38 41 24 0 1 7 22 1 1 2 5 4 0 0 0 0 0 0 0 0 0 0 0 0 0 0 0 0 0 0 0 0 0 0 0 0 0 0 0 0 0 0 0 1 1 1 61 84 145 124 169 347 361 301 154 318 332 332 400 398 398 400
0 0 8 60 183 391 294 133 48 33 35 150 333 323 272 281 87 159 128 112 35 154 378 168 322 205 112 51 14 8 0 0 0 0 0 0 0 0 0 10 26 1 7 3 0 0 0 0 0 0 0 0 0 1 5 0 0 0 0 0 0 0 0 0 0 0 0 0 0 0 0 0 0 0 0 0 13 5 53 130 266 329 301 184 218 219 322 253 303 345 400 400 400
0 0 0 0 19 79 244 85 37 0 0 56 118 319 261 99 174 18 21 6 19 0 135 81 154 66 8 2 12 14 0 0 1 13 1 0 0 0 0 0 10 39 11 5 12 0 0 0 0 0 1 1 1 2 0 0 0 0 0 0 0 0 0 0 0 0 0 0 0 0 0 0 0 0 0 0 0 65 89 196 212 106 114 49 136 272 399 270 316 366 400 400 400
0 0 0 0 0 1 37 58 14 0 0 0 9 179 149 70 51 1 0 0 0 0 0 12 5 4 0 0 1 7 0 2 12 1 22 42 6 9 4 0 2 83 29 129 136 9 12 0 0 17 19 36 1 31 0 0 0 22 0 2 0 0 0 0 0 0 0 0 0 0 0 0 0 0 0 0 2 45 111 53 128 169 219 305 342 306 359 400 400 385 390 400 400
0 0 0 0 0 1 2 14 37 0 0 0 0 0 0 0 5 2 1 0 0 0 0 2 0 0 0 0 0 1 8 2 5 3 35 63 13 27 39 20 0 2 52 96 162 28 190 9 48 124 13 0 59 87 74 109 2 84 1 16 0 0 0 0 0 0 0 1 0 0 0 0 0 0 0 0 8 55 59 70 99 55 94 228 332 248 385 400 394 336 380 390 377
0 0 0 0 1 0 10 7 2 0 0 0 0 0 0 0 0 0 0 1 3 0 0 28 12 0 0 0 0 0 6 5 0 15 222 179 146 92 247 159 63 85 83 384 290 165 112 209 204 61 34 14 74 68 297 85 4 90 30 109 2 0 0 0 0 0 0 0 0 0 0 0 0 0 0 0 0 1 19 78 62 229 361 398 385 278 368 391 388 361 327 267 368
2 0 0 0 0 0 0 0 8 1 0 0 0 0 0 0 1 1 0 4 22 129 82 35 42 0 0 0 0 0 0 0 0 13 73 110 139 125 198 331 282 345 313 389 400 400 378 345 316 351 399 332 80 131 200 94 0 36 5 25 9 2 0 0 0 0 0 0 0 0 0 0 0 0 0 0 0 10 39 81 259 394 390 311 228 333 380 366 237 132 182 199 143
13 0 0 0 0 0 0 0 0 0 5 16 0 0 0 8 0 0 0 0 0 1 1 3 0 0 0 0 0 0 0 0 0 1 0 2 111 105 394 328 299 400 400 400 353 209 317 398 386 355 387 400 395 400 400 332 88 72 94 110 316 136 0 0 0 0 0 0 0 0 0 0 0 0 0 0 1 56 88 71 173 191 207 270 308 378 267 124 106 201 353 327 304
5 1 1 0 0 0 0 0 0 2 0 19 22 83 0 42 70 1 0 0 0 0 0 0 2 0 0 0 0 0 0 0 0 0 0 0 0 68 271 141 242 366 247 276 378 118 41 383 315 92 149 302 398 400 400 400 374 262 363 303 159 171 0 0 1 0 0 0 0 0 0 0 0 0 0 1 0 86 256 68 176 353 380 305 216 220 222 271 159 332 227 188 191
13 0 2 2 0 0 0 0 0 0 11 18 47 25 0 6 30 0 0 0 0 0 0 0 6 0 0 0 0 0 0 0 0 0 0 0 0 48 44 187 250 187 264 47 147 256 285 137 90 7 3 102 368 307 281 320 388 319 353 121 65 8 0 0 0 0 0 0 0 0 0 0 0 0 0 0 48 225 339 245 376 322 114 103 208 135 252 167 129 107 75 17 87
4 6 0 0 0 0 0 0 0 0 3 1 5 23 58 9 3 0 0 0 0 0 0 0 2 0 0 2 0 0 0 0 0 0 0 0 0 0 7 0 3 14 12 90 79 45 34 29 60 107 102 68 22 13 131 19 23 50 16 13 0 28 0 0 0 0 0 0 0 0 0 0 0 11 1 35 145 317 248 301 161 80 196 357 327 230 283 185 270 267 144 255 170
8 0 5 21 0 0 0 2 0 0 0 0 3 23 133 2 2 0 1 0 0 0 0 0 8 0 0 0 0 0 0 0 0 0 0 0 0 0 0 0 0 0 0 0 0 0 0 0 33 175 95 5 9 13 30 30 44 14 0 0 0 2 0 0 0 0 0 0 0 0 0 0 3 7 55 64 313 291 177 119 119 304 325 368 369 309 191 221 334 320 115 238 302
14 0 0 54 24 0 0 0 0 10 0 0 2 8 76 11 0 0 0 0 0 0 0 0 0 1 0 0 0 0 0 0 0 0 0 0 0 0 0 0 0 0 0 0 0 0 0 0 0 24 18 0 1 3 0 40 55 5 0 0 0 0 0 0 0 0 0 0 0 0 12 11 34 108 80 174 252 156 356 280 141 288 205 252 286 283 274 202 271 133 101 111 170
7 2 3 0 0 0 0 0 3 22 2 0 2 14 6 36 0 0 0 0 0 1 0 0 0 0 0 0 0 0 0 0 0 0 0 0 0 0 0 0 0 0 2 0 0 0 0 0 0 0 0 0 0 0 0 0 0 0 0 0 1 0 0 0 0 0 0 0 0 0 4 15 241 296 321 218 204 251 314 271 335 290 178 254 193 246 182 245 147 88 26 24 24
0 0 2 1 7 0 0 0 0 0 0 0 1 0 0 0 2 0 0 0 0 0 0 0 0 0 0 0 0 0 0 0 0 0 0 0 0 0 0 0 0 0 1 5 3 0 0 0 0 0 0 0 0 2 0 2 0 0 0 0 0 0 0 0 0 0 0 0 0 0 19 209 241 182 226 89 204 249 203 224 240 252 100 115 36 40 47 6 17 28 8 15 2
0 0 26 79 45 9 2 0 0 0 0 0 0 0 5 41 19 0 0 3 18 0 0 0 0 0 0 0 0 0 0 0 0 0 0 0 0 0 0 0 0 0 0 10 0 0 0 0 0 0 0 8 2 2 0 7 2 0 0 0 0 0 0 0 0 0 2 22 81 108 75 51 152 154 88 214 170 93 29 50 58 89 42 87 48 23 15 19 19 17 7 0 0
11 33 6 17 5 1 0 0 0 0 0 0 0 0 0 0 20 4 0 0 0 0 0 0 0 0 0 0 0 0 0 0 0 0 0 0 0 0 0 0 0 1 50 0 0 0 2 6 3 2 0 17 90 3 0 0 14 4 0 0 0 0 0 0 0 0 0 24 56 85 54 191 74 30 12 22 16 16 17 0 2 17 4 9 6 5 10 0 1 1 0 1 0
12 17 2 1 0 3 0 3 0 0 0 0 0 0 0 0 4 1 1 0 7 1 0 0 0 0 0 0 0 0 0 0 0 0 0 0 0 0 0 0 0 0 21 1 1 1 5 25 0 14 3 136 6 5 19 90 37 0 0 0 0 0 0 10 25 0 7 9 30 77 108 82 9 7 6 2 4 0 0 0 0 0 0 0 0 5 0 0 4 0 0 0 11
203 187 46 0 0 0 0 0 0 0 0 0 0 0 0 0 0 0 8 1 0 0 0 0 0 0 0 0 0 0 0 0 0 0 0 0 0 0 2 21 6 1 1 0 5 13 21 5 1 24 47 66 34 6 188 182 31 1 0 0 0 0 39 7 76 4 4 5 0 21 24 5 0 1 0 0 0 0 0 0 0 0 0 0 0 1 0 0 0 0 0 0 0
190 176 278 273 207 65 0 0 2 0 0 0 0 0 2 2 0 0 7 0 0 0 0 0 0 0 0 0 0 0 0 0 0 0 0 0 0 1 7 22 34 21 19 5 0 0 30 61 16 3 3 43 13 2 6 1 0 0 1 0 3 44 50 0 1 0 0 0 0 0 0 0 0 0 0 0 0 0 0 0 0 0 0 0 0 0 0 0 0 0 0 0 0
327 267 385 395 374 381 307 128 36 0 0 0 0 0 0 2 0 0 0 0 0 0 0 0 0 0 0 0 0 0 0 0 0 0 0 0 1 0 3 4 86 38 24 5 0 0 0 15 44 15 30 8 3 0 10 20 2 2 0 0 0 1 3 0 9 11 1 0 20 0 0 0 0 0 0 0 0 0 0 0 0 0 0 0 0 0 0 0 0 0 0 0 0
375 400 396 400 285 369 396 356 108 11 0 0 0 0 21 21 13 0 0 0 0 0 0 0 0 0 0 0 0 0 0 0 0 0 0 3 20 4 0 1 9 2 3 21 22 13 108 42 0 100 154 89 6 19 36 24 4 0 1 8 19 70 1 2 9 4 2 0 0 0 0 0 0 0 0 0 0 0 0 0 0 0 0 0 0 0 0 0 0 0 0 0 0
361 378 380 400 259 282 400 391 119 51 0 0 12 0 49 66 1 0 0 0 0 0 0 0 0 0 0 0 0 0 0 0 0 0 0 0 0 0 3 22 12 28 21 14 0 0 2 28 8 0 5 5 2 0 0 0 1 0 2 62 182 232 71 20 5 27 0 1 0 62 30 7 0 0 0 0 0 0 0 0 0 0 0 0 0 0 0 0 0 0 0 0 0
350 318 343 305 343 386 308 329 351 141 127 205 48 5 0 28 20 20 11 2 3 2 0 0 0 0 0 1 0 0 0 0 0 0 0 0 0 0 3 39 3 1 0 0 0 0 0 0 0 0 0 0 0 0 0 1 1 1 0 18 44 23 42 8 5 5 3 0 0 0 0 2 2 21 2 0 0 0 0 0 0 0 0 0 0 3 0 0 0 0 0 0 0
359 383 323 272 338 366 313 95 391 386 346 173 86 202 96 16 3 6 0 0 1 0 0 0 0 0 0 0 0 0 0 0 0 0 0 0 0 1 0 0 0 0 0 3 1 1 0 0 1 0 1 3 3 0 0 3 10 35 113 49 84 65 72 84 36 0 0 0 0 0 0 4 0 0 0 0 0 0 0 0 0 0 0 0 0 0 4 0 0 0 0 0 0
