Scripts_&_data/Land_cover_rasters/CL_evergreen_needleleaf_forest_16.asc
NCOLS 642 
NROWS 378 
XLLCORNER -19.0000644 
YLLCORNER 18.9999684 
CELLSIZE 0.1666666 
NODATA_value -2147483647 
[rows 82 to 122 of 378, columns 368 to 459 of 642]
-2147483647 -2147483647 -2147483647 -2147483647 -2147483647 -2147483647 -2147483647 -2147483647 -2147483647 -2147483647 -2147483647 0 0 0 0 0 0 0 0 0 0 0 0 -2147483647 -2147483647 -2147483647 -2147483647 -2147483647 -2147483647 -2147483647 -2147483647 -2147483647 -2147483647 -2147483647 -2147483647 -2147483647 -2147483647 -2147483647 -2147483647 -2147483647 -2147483647 -2147483647 -2147483647 -2147483647 -2147483647 -2147483647 -2147483647 -2147483647 -2147483647 0 0 0 0 0 0 0 0 0 0 0 0 0 0 0 0 0 -2147483647 -2147483647 -2147483647 -2147483647 -2147483647 0 0 -2147483647 -2147483647 0 0 0 0 0 0 0 0 0 0 0 0 0 0 0 0 0
-2147483647 -2147483647 -2147483647 -2147483647 -2147483647 -2147483647 -2147483647 -2147483647 -2147483647 -2147483647 -2147483647 0 0 0 0 0 0 0 0 0 0 0 0 0 0 -2147483647 -2147483647 -2147483647 -2147483647 -2147483647 -2147483647 -2147483647 -2147483647 -2147483647 -2147483647 -2147483647 -2147483647 -2147483647 -2147483647 -2147483647 -2147483647 -2147483647 -2147483647 -2147483647 -2147483647 -2147483647 0 0 0 0 0 0 0 0 0 0 0 0 0 0 0 0 0 0 0 0 0 0 0 0 0 0 0 0 0 0 0 0 0 0 0 0 0 0 0 0 0 0 0 0 0 0
-2147483647 -2147483647 -2147483647 -2147483647 -2147483647 -2147483647 -2147483647 -2147483647 -2147483647 -2147483647 -2147483647 0 0 0 0 0 0 0 0 0 0 0 0 0 0 0 -2147483647 -2147483647 -2147483647 -2147483647 -2147483647 -2147483647 -2147483647 -2147483647 -2147483647 -2147483647 -2147483647 -2147483647 -2147483647 -2147483647 -2147483647 -2147483647 -2147483647 0 0 0 0 0 0 0 0 0 0 0 0 0 0 0 0 0 0 0 0 0 0 0 0 0 0 0 0 0 0 0 0 0 0 0 0 0 0 0 0 0 0 0 0 0 0 0 0 0
-2147483647 -2147483647 -2147483647 -2147483647 -2147483647 -2147483647 -2147483647 -2147483647 -2147483647 -2147483647 -2147483647 0 0 0 0 0 0 0 0 0 0 -2147483647 -2147483647 -2147483647 -2147483647 -2147483647 -2147483647 -2147483647 -2147483647 -2147483647 -2147483647 -2147483647 -2147483647 -2147483647 -2147483647 -2147483647 -2147483647 -2147483647 -2147483647 0 0 0 0 0 0 0 0 0 0 0 0 0 0 0 0 0 0 0 0 0 0 0 0 0 0 0 0 0 0 0 0 0 0 0 0 0 0 0 0 0 0 0 0 0 0 0 0 0 0 0 0 0
-2147483647 -2147483647 -2147483647 -2147483647 -2147483647 -2147483647 -2147483647 -2147483647 -2147483647 -2147483647 0 0 0 0 0 0 0 0 -2147483647 -2147483647 -2147483647 -2147483647 -2147483647 -2147483647 -2147483647 -2147483647 -2147483647 -2147483647 -2147483647 -2147483647 -2147483647 -2147483647 -2147483647 0 0 0 0 0 0 0 0 0 0 0 0 0 0 0 0 0 0 0 0 0 0 0 0 0 0 0 0 0 0 0 0 0 0 0 0 0 0 0 0 0 0 0 0 0 0 0 0 0 0 0 0 0 0 0 0 0 0 0
-2147483647 -2147483647 -2147483647 -2147483647 -2147483647 -2147483647 -2147483647 -2147483647 -2147483647 0 0 0 0 0 0 0 -2147483647 -2147483647 -2147483647 -2147483647 -2147483647 -2147483647 -2147483647 -2147483647 -2147483647 -2147483647 -2147483647 -2147483647 -2147483647 -2147483647 -2147483647 -2147483647 -2147483647 0 0 0 0 0 0 0 0 0 0 0 0 0 0 0 0 0 0 0 0 0 0 0 0 0 0 0 0 0 0 0 0 0 0 0 0 0 0 0 0 0 0 0 0 0 0 0 0 0 0 0 0 0 0 0 0 0 0 0
-2147483647 -2147483647 -2147483647 -2147483647 -2147483647 -2147483647 -2147483647 -2147483647 -2147483647 0 0 0 0 0 0 0 0 -2147483647 -2147483647 -2147483647 -2147483647 -2147483647 -2147483647 -2147483647 -2147483647 -2147483647 -2147483647 -2147483647 -2147483647 -2147483647 -2147483647 -2147483647 -2147483647 0 0 0 0 0 0 0 0 0 0 0 0 0 0 0 0 0 0 0 0 0 0 0 0 0 0 0 0 0 0 0 0 0 0 0 0 0 0 0 0 0 0 0 0 0 0 0 0 0 0 0 0 0 0 0 0 0 0 0
-2147483647 -2147483647 -2147483647 -2147483647 -2147483647 -2147483647 -2147483647 -2147483647 -2147483647 -2147483647 -2147483647 0 0 0 0 0 0 0 0 0 -2147483647 -2147483647 -2147483647 -2147483647 -2147483647 -2147483647 -2147483647 -2147483647 -2147483647 -2147483647 -2147483647 -2147483647 0 0 0 0 0 0 0 0 0 0 0 0 0 0 0 0 0 0 0 0 0 0 0 0 0 0 0 0 0 0 0 0 0 0 0 0 0 0 0 0 0 0 0 0 0 0 0 0 0 0 0 0 0 0 0 0 0 0 0 0
-2147483647 -2147483647 -2147483647 -2147483647 -2147483647 -2147483647 -2147483647 -2147483647 -2147483647 -2147483647 -2147483647 -2147483647 -2147483647 0 0 0 0 0 0 0 0 -2147483647 -2147483647 -2147483647 -2147483647 -2147483647 -2147483647 -2147483647 -2147483647 -2147483647 0 0 0 0 0 0 0 0 0 0 0 0 0 0 0 0 0 0 0 0 0 0 0 0 0 0 0 3 0 0 0 0 0 1 0 0 0 0 0 0 0 0 0 0 0 0 0 0 0 0 0 0 0 0 0 0 0 0 0 0 0 0
-2147483647 -2147483647 -2147483647 -2147483647 -2147483647 -2147483647 -2147483647 -2147483647 -2147483647 -2147483647 -2147483647 -2147483647 -2147483647 0 0 0 0 0 0 0 0 0 0 0 0 0 0 0 0 0 0 0 0 0 0 0 0 0 0 0 0 0 0 0 0 0 0 0 0 0 0 0 0 0 0 0 0 0 0 0 0 0 0 7 0 0 0 0 0 0 0 1 0 0 0 0 0 0 0 0 0 0 0 0 0 0 0 0 0 0 0 0
-2147483647 -2147483647 -2147483647 -2147483647 -2147483647 -2147483647 -2147483647 -2147483647 -2147483647 -2147483647 -2147483647 -2147483647 0 0 0 0 0 0 0 0 0 0 0 0 0 0 0 0 0 0 0 0 0 0 2 3 0 0 0 0 0 0 0 0 1 0 0 0 0 0 0 1 3 0 0 0 0 0 0 0 0 0 1 7 2 0 0 0 0 0 0 0 0 0 0 0 0 0 0 0 0 0 0 0 1 0 0 0 0 0 0 0
0 0 -2147483647 -2147483647 -2147483647 -2147483647 -2147483647 -2147483647 -2147483647 -2147483647 -2147483647 0 1 0 0 2 4 0 0 0 0 0 0 2 1 0 0 0 0 0 0 0 0 0 2 3 2 9 5 1 2 2 0 0 0 3 0 0 1 0 6 15 27 6 1 0 0 1 1 0 0 0 16 64 28 5 4 6 0 0 1 0 0 0 0 0 0 0 0 0 0 0 0 0 0 0 0 0 0 0 0 0
6 1 0 3 1 3 3 0 -2147483647 -2147483647 -2147483647 1 0 6 2 0 0 0 8 1 0 2 0 3 5 1 1 3 0 0 0 0 1 6 3 2 0 4 9 1 11 8 6 2 8 0 0 1 1 1 15 7 6 5 10 0 0 0 1 3 0 4 22 99 27 13 11 0 0 0 0 0 0 0 0 1 2 0 0 0 1 2 2 1 0 0 3 2 1 0 1 0
19 7 16 2 20 65 16 1 2 0 -2147483647 0 0 4 12 1 3 5 5 4 17 9 5 5 7 6 3 1 5 5 6 1 0 5 0 18 38 19 1 17 3 1 10 3 4 21 1 0 3 5 2 8 19 40 2 8 2 42 10 17 2 13 66 37 13 52 47 48 7 2 7 0 0 0 4 0 3 31 28 2 3 3 1 1 2 0 3 1 1 0 2 0
23 5 14 39 17 87 60 13 5 12 11 9 2 1 20 6 9 4 19 17 2 5 5 2 1 3 6 14 28 5 15 2 7 8 1 8 29 22 15 4 0 6 3 13 16 6 38 37 22 62 2 36 29 4 0 9 3 43 24 8 2 22 35 11 17 1 5 5 13 16 5 14 0 0 6 7 9 34 39 0 0 3 0 1 2 0 0 0 0 2 8 2
11 6 31 36 66 84 154 29 3 28 24 30 16 4 11 15 26 15 12 6 5 19 18 23 23 6 6 23 15 29 15 22 9 13 9 8 31 26 20 5 17 14 28 43 80 39 34 38 77 57 30 18 68 84 9 9 7 150 67 11 132 80 15 11 12 18 0 7 3 4 5 1 5 7 1 64 179 20 0 0 1 12 12 4 4 0 1 21 15 0 2 7
80 83 25 44 46 23 53 103 68 20 17 19 11 34 11 15 45 47 25 30 21 9 1 16 11 12 1 0 0 21 19 13 13 29 25 12 30 51 38 114 65 39 81 84 56 36 63 28 107 112 77 94 76 39 80 100 47 38 0 41 126 90 21 20 32 12 29 30 39 20 24 2 4 4 49 133 98 22 4 2 2 11 21 15 12 13 11 15 3 8 4 3
30 31 11 32 54 162 120 138 67 55 46 32 6 63 80 17 40 49 19 14 21 5 0 12 29 40 12 39 43 46 16 49 64 57 61 139 94 79 30 18 64 94 70 29 58 78 126 188 162 150 93 87 129 164 131 136 88 82 5 20 65 44 15 114 93 12 13 19 30 62 21 37 33 29 25 52 8 0 6 14 17 33 31 26 26 0 9 19 15 20 24 12
46 57 38 103 153 31 88 133 89 122 96 133 183 92 86 71 139 89 23 20 59 49 34 80 55 35 41 24 22 21 71 109 129 66 133 85 80 81 76 65 13 10 27 11 37 44 21 86 143 151 82 117 101 197 147 180 171 110 82 89 104 159 68 39 80 112 99 145 107 147 79 43 24 32 33 10 3 8 11 27 17 21 13 20 13 3 8 32 14 4 3 4
60 66 119 128 108 98 236 194 106 58 247 234 107 78 97 138 39 50 159 115 147 66 143 189 143 88 74 110 158 67 211 261 288 164 114 98 94 119 34 79 74 31 87 31 40 23 42 29 50 125 193 273 221 240 254 267 243 192 157 133 183 211 170 83 84 94 100 94 111 88 89 99 36 5 7 7 10 28 28 30 35 44 17 18 13 14 61 32 43 37 13 10
82 196 256 231 200 260 271 176 53 235 104 131 110 98 43 62 58 114 270 162 167 184 124 140 199 262 277 222 351 297 284 344 369 371 274 238 325 184 206 75 115 89 180 133 191 139 164 97 112 93 135 247 144 207 200 218 293 304 306 295 269 298 271 200 188 117 165 183 90 183 187 104 86 76 94 129 43 3 11 46 24 25 22 62 61 55 47 23 30 59 43 41
140 174 196 345 302 252 170 176 171 254 101 191 52 124 103 146 214 279 190 156 248 233 221 155 253 331 381 358 369 388 383 376 330 362 358 379 356 220 193 127 167 243 171 135 71 113 98 116 186 235 163 254 296 252 289 250 230 196 288 339 293 266 178 207 138 247 249 199 182 151 65 79 41 68 48 48 75 46 13 28 25 77 73 43 109 82 89 63 18 17 19 73
102 74 121 257 256 211 244 187 188 282 248 115 231 109 194 243 243 315 332 196 177 270 314 249 262 293 303 352 376 379 395 391 370 375 355 338 345 254 260 236 170 166 247 133 130 83 34 20 127 286 228 304 267 289 246 226 222 254 210 164 217 272 174 250 334 314 267 207 184 219 202 101 147 131 77 84 44 81 111 97 31 132 76 61 259 295 98 11 4 1 6 13
93 127 81 235 345 335 341 313 273 297 287 259 248 127 223 134 100 149 246 357 242 244 312 294 208 155 248 371 383 390 371 390 386 384 386 392 356 381 381 378 261 261 148 111 198 216 140 114 32 63 141 218 294 346 312 318 240 300 312 319 298 191 204 230 196 312 194 260 284 294 272 214 168 172 158 139 115 109 80 163 218 230 85 80 110 118 37 11 44 40 30 26
96 195 271 306 370 310 275 293 149 181 189 288 166 338 271 220 245 340 301 339 300 375 360 352 242 248 239 367 391 391 353 357 382 355 322 299 271 316 319 372 293 253 173 252 192 222 238 322 209 185 249 214 272 298 285 269 226 251 88 295 274 268 234 294 308 281 285 241 333 232 228 263 224 210 154 176 157 244 224 168 198 149 84 63 48 31 30 46 104 53 90 76
102 143 142 62 65 40 74 80 138 142 270 275 201 231 149 161 130 229 368 363 395 386 384 390 400 381 373 345 378 388 392 393 321 358 375 368 349 317 315 298 277 188 336 319 255 194 203 305 302 334 344 343 201 212 211 274 207 239 138 191 290 327 253 327 217 288 241 321 260 234 248 150 197 222 175 194 209 182 198 213 277 313 230 194 216 130 69 80 95 108 56 169
96 74 122 140 110 41 167 326 207 197 228 232 188 303 236 319 255 371 365 371 370 341 363 377 344 386 386 400 381 385 369 334 216 272 269 210 287 309 227 303 308 375 317 154 238 191 284 276 318 337 318 340 346 285 265 357 203 261 229 114 107 150 280 255 272 220 268 213 271 217 314 289 279 202 172 162 178 192 149 103 143 211 140 196 250 213 166 98 134 64 50 112
351 265 245 320 283 132 203 297 113 220 164 173 235 243 375 324 309 243 343 395 361 385 368 377 303 372 390 362 354 231 295 362 334 273 312 319 349 304 161 259 302 353 328 184 192 172 234 329 330 347 211 213 296 256 113 260 371 269 199 79 123 166 211 231 227 207 205 144 328 270 290 324 240 188 182 123 64 236 198 177 190 124 177 151 75 172 111 147 257 152 190 144
329 346 363 342 346 325 360 384 187 140 192 237 338 380 266 284 270 290 305 313 292 355 259 256 265 340 370 314 207 176 217 311 362 339 308 217 231 347 285 210 222 160 347 285 291 333 328 322 265 330 278 244 291 344 276 249 290 158 147 153 146 196 279 205 244 143 218 194 156 289 311 328 278 302 257 180 156 132 106 281 207 164 208 191 195 178 168 127 81 190 385 294
83 94 302 272 374 394 397 399 379 314 284 378 332 335 219 165 306 355 367 210 332 351 356 306 362 380 352 283 156 154 105 169 224 294 174 135 202 145 259 310 321 265 285 365 310 284 362 307 354 295 317 310 228 281 272 230 101 68 166 229 134 145 249 246 190 176 197 203 163 138 196 317 292 251 203 204 226 136 262 334 255 285 187 249 186 303 225 222 159 237 300 255
81 65 81 167 182 267 335 389 400 366 387 388 383 391 303 353 367 346 247 255 222 310 366 327 300 286 359 278 236 222 274 259 297 284 203 212 153 209 174 112 183 302 343 278 210 331 212 242 280 280 261 323 227 226 272 164 153 194 150 123 221 148 227 313 298 196 231 198 198 236 217 198 216 198 282 254 135 82 79 162 292 292 306 254 257 250 187 240 296 267 245 276
35 17 37 65 196 128 279 377 289 355 388 361 382 390 394 375 340 395 381 392 374 382 321 342 369 293 382 389 345 383 276 257 183 296 124 241 233 73 92 171 147 190 247 288 224 232 125 131 182 125 139 260 228 118 79 46 116 173 202 224 142 88 98 132 148 185 253 198 307 268 253 308 260 219 131 83 76 10 84 249 254 287 283 230 235 277 187 221 244 157 290 279
7 64 15 32 13 53 129 128 93 152 176 258 388 394 370 399 393 382 397 392 372 400 145 388 354 331 366 357 356 394 352 246 212 347 213 276 333 170 76 82 88 69 24 138 144 140 215 293 204 209 174 167 248 186 198 152 104 66 84 178 106 70 66 171 152 69 124 242 331 285 149 221 235 151 245 203 155 138 174 149 263 316 272 320 368 168 245 281 127 133 282 299
9 51 31 56 2 27 5 12 70 80 104 119 197 347 309 372 360 274 395 328 253 241 322 256 312 272 316 346 349 399 380 323 349 281 274 311 216 156 196 149 55 50 118 46 36 45 61 202 150 207 155 124 137 164 150 165 105 29 39 138 123 60 162 60 97 121 120 259 283 223 297 348 309 256 271 218 135 251 254 165 195 131 100 182 244 187 294 211 139 223 233 314
50 45 28 75 11 15 22 16 96 13 13 27 166 136 153 72 142 186 305 168 222 218 347 321 239 351 388 283 264 364 390 387 389 386 349 184 284 255 146 91 90 118 135 34 10 2 8 153 80 108 154 90 81 27 96 100 84 47 51 97 54 112 164 213 318 326 337 288 298 361 290 352 237 301 325 279 325 373 354 257 191 148 233 245 155 191 240 282 261 219 222 237
74 23 29 26 9 15 23 10 6 12 8 59 23 23 21 23 86 133 40 38 128 303 310 315 280 379 343 251 300 389 394 398 380 324 309 135 165 223 150 179 139 57 17 10 22 13 57 81 70 82 169 142 40 91 92 140 126 154 127 188 162 133 207 257 339 304 347 293 344 333 290 238 254 333 243 273 310 320 330 212 168 212 233 215 253 372 328 369 274 299 249 307
79 77 14 59 16 5 17 13 6 8 18 21 43 23 63 49 95 37 15 24 114 268 378 396 356 328 388 395 398 380 399 391 397 349 363 352 245 129 35 52 99 59 13 4 26 49 22 43 18 148 95 70 45 116 97 177 86 152 130 314 205 319 337 342 270 300 297 347 375 378 316 322 364 362 289 228 232 273 274 291 269 132 218 185 355 269 326 293 266 384 388 381
0 7 15 39 11 16 93 97 25 9 108 49 39 22 20 5 42 8 30 64 70 40 84 134 148 142 321 291 330 398 397 390 381 170 343 147 131 111 31 80 43 83 69 76 102 57 104 68 162 100 44 55 29 22 64 101 159 71 196 194 185 199 219 248 198 78 171 181 267 208 83 138 347 302 144 273 182 143 193 344 289 264 324 321 325 315 362 365 357 367 389 347
1 6 13 1 12 86 83 138 173 183 71 46 34 47 100 103 16 6 7 35 48 50 71 109 123 21 105 46 185 181 179 147 130 206 160 89 80 18 19 8 23 9 10 45 86 46 12 25 65 111 63 282 128 102 108 135 117 37 176 131 140 124 215 156 231 192 233 82 62 139 63 20 93 194 163 280 353 315 230 297 307 238 233 268 321 113 282 387 374 361 343 325
3 16 69 186 51 4 25 131 90 47 38 62 34 24 75 116 122 0 53 178 174 106 108 25 65 97 162 148 59 46 21 2 20 13 19 34 105 131 59 16 17 25 8 50 129 34 10 20 2 18 45 118 160 85 80 121 70 91 143 169 41 114 85 32 18 48 111 111 111 21 5 83 98 160 86 87 311 251 214 287 264 307 369 329 364 324 305 329 368 362 366 368
5 48 93 4 2 2 0 0 3 0 5 23 0 1 21 3 10 44 11 2 31 79 59 2 77 89 38 29 6 0 1 0 7 6 39 67 129 129 23 37 29 6 6 7 38 7 0 29 9 5 3 56 104 163 95 40 98 110 141 177 117 28 17 72 145 71 97 109 104 49 59 32 75 72 106 167 176 222 257 260 337 284 354 291 253 215 342 356 311 267 180 291
