Scripts_&_data/Land_cover_rasters/CL_evergreen_needleleaf_forest_16.asc
NCOLS 642 
NROWS 378 
XLLCORNER -19.0000644 
YLLCORNER 18.9999684 
CELLSIZE 0.1666666 
NODATA_value -2147483647 
[rows 82 to 122 of 378, columns 276 to 367 of 642]
4 3 1 1 1 1 6 5 4 5 41 60 30 76 22 1 3 4 3 0 0 1 11 7 0 0 11 3 0 0 0 0 0 0 1 0 0 0 0 0 0 0 0 0 0 0 0 0 0 0 0 0 0 0 0 0 0 0 0 0 0 0 0 0 0 0 0 0 0 0 0 1 -2147483647 -2147483647 -2147483647 -2147483647 -2147483647 -2147483647 -2147483647 -2147483647 -2147483647 -2147483647 -2147483647 -2147483647 -2147483647 -2147483647 -2147483647 -2147483647 -2147483647 -2147483647 -2147483647 -2147483647
0 0 0 4 0 0 0 5 2 0 1 10 7 12 13 45 30 26 4 3 0 2 4 9 0 12 0 0 3 0 1 0 4 0 0 0 1 4 0 0 0 0 0 0 0 0 0 0 0 0 0 0 0 0 0 0 2 0 0 0 0 0 0 0 0 0 0 0 0 0 0 0 0 0 1 -2147483647 -2147483647 -2147483647 -2147483647 -2147483647 -2147483647 -2147483647 -2147483647 -2147483647 -2147483647 -2147483647 -2147483647 -2147483647 -2147483647 -2147483647 -2147483647 -2147483647
0 0 0 0 0 5 1 6 5 4 5 3 7 6 0 21 20 54 31 21 3 7 0 2 1 4 2 0 0 0 0 1 0 2 4 11 0 12 34 34 7 4 0 0 0 3 0 0 0 0 1 3 0 0 0 0 2 0 0 0 0 0 0 0 0 0 0 0 0 0 0 0 0 0 0 0 0 0 0 -2147483647 -2147483647 -2147483647 -2147483647 -2147483647 -2147483647 -2147483647 -2147483647 -2147483647 -2147483647 -2147483647 -2147483647 -2147483647
0 0 1 4 0 0 4 7 11 8 4 3 2 4 1 4 17 24 67 13 16 7 16 9 1 1 17 0 0 0 0 11 2 0 1 0 0 6 15 18 19 8 0 2 0 0 0 5 0 0 0 0 0 1 0 0 2 1 0 0 0 0 0 0 0 0 0 0 0 0 0 0 0 0 0 0 0 0 0 0 0 0 -2147483647 -2147483647 -2147483647 -2147483647 -2147483647 -2147483647 -2147483647 -2147483647 -2147483647 -2147483647
1 0 0 10 0 0 0 3 1 8 4 1 2 2 1 1 4 0 4 66 67 18 4 9 1 4 0 0 0 0 0 0 0 0 0 0 0 1 0 2 13 22 7 0 0 0 3 2 1 0 0 8 11 2 0 0 0 2 0 0 0 0 0 0 0 0 0 0 0 0 0 0 0 0 0 0 0 0 0 0 0 0 0 0 -2147483647 -2147483647 -2147483647 -2147483647 -2147483647 -2147483647 -2147483647 -2147483647
2 0 0 0 3 0 0 11 1 7 1 3 1 3 0 2 0 0 1 2 3 43 27 13 5 1 2 16 5 6 6 1 4 10 0 0 1 0 0 3 0 0 0 5 0 0 0 0 0 0 0 0 0 3 0 0 2 0 0 0 0 0 0 0 0 3 0 0 0 0 0 0 0 0 0 0 0 0 0 0 0 0 0 0 -2147483647 -2147483647 -2147483647 -2147483647 -2147483647 -2147483647 -2147483647 -2147483647
3 1 1 0 0 0 0 2 3 1 2 0 1 4 3 7 2 0 0 0 1 0 9 2 3 0 18 43 7 1 12 41 143 62 19 5 5 13 13 2 1 0 0 4 0 0 0 0 0 2 0 0 0 0 0 0 3 0 0 0 0 0 0 0 0 0 0 0 0 0 0 0 0 0 0 0 0 0 0 0 0 0 0 0 0 -2147483647 -2147483647 -2147483647 -2147483647 -2147483647 -2147483647 -2147483647
1 5 3 0 0 6 0 1 0 3 6 0 3 0 0 6 7 1 4 0 0 3 5 5 2 0 1 13 35 45 94 77 16 -2147483647 4 55 28 3 0 0 6 0 1 3 9 3 0 2 6 0 2 0 0 0 0 0 0 0 0 0 0 0 0 0 0 0 0 0 6 0 0 0 0 0 0 0 0 0 0 0 0 0 0 0 0 0 -2147483647 -2147483647 -2147483647 -2147483647 -2147483647 -2147483647
0 1 4 0 5 1 4 0 0 0 3 4 2 10 0 11 7 0 0 14 73 66 24 10 16 5 9 11 14 3 32 77 51 -2147483647 -2147483647 -2147483647 0 7 12 7 4 29 12 1 5 6 0 0 0 0 0 2 0 4 1 0 0 0 0 0 0 0 0 0 2 0 0 0 0 0 0 0 0 0 0 0 0 0 0 0 0 0 0 0 0 0 -2147483647 -2147483647 -2147483647 -2147483647 -2147483647 -2147483647
3 0 1 3 2 0 9 0 2 0 0 0 2 0 22 7 0 4 40 126 158 14 21 13 17 90 70 24 54 6 0 3 65 42 37 -2147483647 -2147483647 -2147483647 0 -2147483647 -2147483647 0 33 53 10 7 1 0 0 2 0 0 0 4 0 1 0 0 0 0 0 0 0 0 0 0 0 0 0 0 0 0 0 0 0 0 0 0 0 0 0 0 0 0 -2147483647 -2147483647 -2147483647 -2147483647 -2147483647 -2147483647 -2147483647 -2147483647
3 1 3 1 0 4 6 3 1 4 0 0 5 4 7 2 6 17 11 50 165 162 7 1 4 9 36 102 37 9 6 1 20 70 146 45 11 -2147483647 -2147483647 -2147483647 -2147483647 -2147483647 -2147483647 -2147483647 -2147483647 32 -2147483647 0 0 2 2 1 7 4 2 10 1 0 0 0 0 0 0 0 0 0 0 0 0 0 0 0 0 0 0 0 0 0 0 0 0 0 0 -2147483647 -2147483647 -2147483647 -2147483647 -2147483647 -2147483647 -2147483647 -2147483647 -2147483647
10 17 10 3 1 0 1 0 1 3 1 4 8 59 45 20 20 70 110 65 294 256 79 109 88 15 33 88 15 8 58 48 149 137 168 121 29 54 7 -2147483647 -2147483647 -2147483647 -2147483647 -2147483647 -2147483647 -2147483647 -2147483647 -2147483647 -2147483647 -2147483647 0 0 0 1 2 0 0 0 2 12 9 0 0 0 0 0 0 0 0 0 0 0 0 0 0 0 0 0 0 0 0 -2147483647 -2147483647 -2147483647 -2147483647 -2147483647 -2147483647 -2147483647 -2147483647 -2147483647 0 0
8 14 6 3 1 0 2 1 0 0 0 0 0 6 10 28 60 33 44 75 235 321 162 10 14 79 79 42 5 10 15 24 89 128 96 179 83 59 69 65 20 -2147483647 -2147483647 -2147483647 -2147483647 -2147483647 -2147483647 -2147483647 -2147483647 -2147483647 -2147483647 -2147483647 -2147483647 -2147483647 -2147483647 -2147483647 -2147483647 -2147483647 -2147483647 -2147483647 0 0 0 0 0 0 0 0 0 0 0 0 0 0 0 0 0 0 -2147483647 -2147483647 -2147483647 -2147483647 -2147483647 -2147483647 -2147483647 -2147483647 -2147483647 -2147483647 -2147483647 1 6 2
3 3 2 6 32 7 2 0 0 1 1 0 4 4 0 0 11 1 10 13 43 83 19 0 0 1 58 30 16 2 35 63 60 85 142 47 24 11 6 4 4 1 7 3 0 -2147483647 -2147483647 -2147483647 -2147483647 -2147483647 -2147483647 -2147483647 -2147483647 -2147483647 -2147483647 -2147483647 -2147483647 -2147483647 -2147483647 -2147483647 -2147483647 -2147483647 -2147483647 -2147483647 -2147483647 0 0 0 0 0 0 -2147483647 -2147483647 -2147483647 -2147483647 -2147483647 -2147483647 -2147483647 -2147483647 -2147483647 -2147483647 -2147483647 -2147483647 -2147483647 -2147483647 -2147483647 2 13 8 14 47 47
10 10 9 13 2 8 1 0 2 0 8 4 2 4 0 5 3 4 3 0 4 13 11 5 2 0 8 35 16 9 0 10 8 7 0 0 8 11 1 10 3 4 1 2 13 0 -2147483647 -2147483647 -2147483647 -2147483647 -2147483647 -2147483647 -2147483647 -2147483647 -2147483647 -2147483647 -2147483647 -2147483647 -2147483647 -2147483647 -2147483647 -2147483647 -2147483647 -2147483647 -2147483647 -2147483647 -2147483647 -2147483647 -2147483647 -2147483647 -2147483647 -2147483647 -2147483647 -2147483647 -2147483647 -2147483647 -2147483647 -2147483647 -2147483647 -2147483647 -2147483647 -2147483647 5 1 40 18 6 22 15 19 16 1
15 26 28 6 0 6 2 5 0 1 2 9 7 0 2 35 23 0 10 8 44 39 40 37 29 61 13 0 0 0 1 0 5 10 3 0 7 4 0 0 4 8 9 0 6 6 0 -2147483647 -2147483647 -2147483647 -2147483647 -2147483647 -2147483647 -2147483647 -2147483647 -2147483647 -2147483647 -2147483647 -2147483647 -2147483647 -2147483647 -2147483647 -2147483647 -2147483647 -2147483647 -2147483647 -2147483647 -2147483647 -2147483647 -2147483647 -2147483647 -2147483647 -2147483647 -2147483647 -2147483647 -2147483647 -2147483647 -2147483647 -2147483647 -2147483647 4 5 3 6 16 31 50 29 41 57 35 17
30 7 28 7 1 12 14 5 5 13 4 1 1 7 22 14 17 10 3 5 7 28 1 7 4 12 28 41 19 0 0 0 0 5 16 0 0 0 1 5 7 0 1 7 10 8 -2147483647 -2147483647 -2147483647 -2147483647 -2147483647 -2147483647 -2147483647 -2147483647 -2147483647 -2147483647 -2147483647 -2147483647 -2147483647 -2147483647 -2147483647 -2147483647 -2147483647 -2147483647 -2147483647 -2147483647 -2147483647 -2147483647 -2147483647 -2147483647 -2147483647 -2147483647 -2147483647 -2147483647 -2147483647 -2147483647 -2147483647 170 74 46 70 55 17 40 24 63 38 92 66 25 32 77
17 7 23 26 25 6 23 4 0 5 3 5 9 7 43 25 21 19 88 55 70 126 65 64 47 23 71 37 30 43 15 3 0 4 9 2 0 10 13 39 12 47 39 9 3 -2147483647 -2147483647 -2147483647 -2147483647 -2147483647 -2147483647 -2147483647 -2147483647 -2147483647 -2147483647 -2147483647 -2147483647 -2147483647 -2147483647 -2147483647 -2147483647 -2147483647 -2147483647 -2147483647 -2147483647 -2147483647 -2147483647 -2147483647 -2147483647 -2147483647 -2147483647 -2147483647 -2147483647 -2147483647 -2147483647 -2147483647 130 106 116 65 77 108 43 62 97 53 198 207 226 135 113 43
33 10 9 32 22 24 27 15 11 2 12 2 2 2 1 17 68 49 217 279 179 271 83 77 113 48 62 100 76 52 18 4 5 2 11 11 31 17 19 4 18 39 31 22 9 -2147483647 -2147483647 -2147483647 -2147483647 -2147483647 -2147483647 -2147483647 -2147483647 -2147483647 -2147483647 -2147483647 -2147483647 -2147483647 -2147483647 -2147483647 -2147483647 -2147483647 -2147483647 -2147483647 -2147483647 -2147483647 -2147483647 -2147483647 -2147483647 -2147483647 -2147483647 -2147483647 -2147483647 -2147483647 -2147483647 -2147483647 -2147483647 127 105 145 110 106 83 64 87 125 130 157 111 88 45 16
52 43 37 44 24 33 33 56 34 24 3 11 0 1 30 13 70 129 388 384 159 38 12 9 33 11 18 1 2 14 69 25 35 38 44 39 34 22 11 7 14 13 5 45 35 8 -2147483647 -2147483647 -2147483647 -2147483647 -2147483647 35 62 -2147483647 -2147483647 -2147483647 -2147483647 -2147483647 -2147483647 128 232 237 177 -2147483647 -2147483647 -2147483647 -2147483647 -2147483647 -2147483647 -2147483647 -2147483647 -2147483647 -2147483647 -2147483647 -2147483647 -2147483647 -2147483647 -2147483647 -2147483647 159 203 207 196 129 70 100 206 149 134 110 110 70
75 67 87 100 48 52 12 27 18 26 24 15 16 29 25 52 125 298 341 280 249 94 77 86 104 86 72 46 7 43 72 28 102 61 71 38 21 57 68 30 68 69 51 35 33 52 17 -2147483647 -2147483647 -2147483647 -2147483647 -2147483647 -2147483647 -2147483647 -2147483647 -2147483647 -2147483647 -2147483647 190 351 365 344 221 267 204 -2147483647 -2147483647 -2147483647 -2147483647 -2147483647 -2147483647 -2147483647 -2147483647 -2147483647 -2147483647 -2147483647 -2147483647 -2147483647 -2147483647 -2147483647 46 217 174 137 97 143 151 106 93 108 112 121
34 76 73 103 47 23 65 44 84 87 99 102 88 56 63 89 150 120 130 269 200 219 153 94 140 169 185 233 204 131 100 95 125 88 117 59 55 70 66 34 39 96 65 64 36 19 16 -2147483647 -2147483647 -2147483647 -2147483647 -2147483647 -2147483647 -2147483647 -2147483647 -2147483647 -2147483647 60 318 354 236 200 153 144 314 338 54 74 109 119 74 -2147483647 -2147483647 -2147483647 -2147483647 -2147483647 -2147483647 -2147483647 -2147483647 -2147483647 5 97 69 147 169 159 115 112 107 56 98 176
4 14 54 32 32 23 20 22 48 58 89 56 87 70 131 152 105 120 94 87 180 171 245 167 196 168 148 167 108 141 201 185 136 113 120 65 28 41 32 28 26 95 123 81 32 14 6 -2147483647 -2147483647 -2147483647 -2147483647 -2147483647 -2147483647 -2147483647 -2147483647 -2147483647 -2147483647 -2147483647 -2147483647 234 286 193 192 199 175 118 112 167 224 180 195 214 68 55 20 -2147483647 5 63 4 12 27 109 195 203 292 128 154 198 46 77 97 87
0 2 2 0 1 1 86 84 41 82 82 113 40 103 137 109 42 45 48 6 235 333 314 248 131 70 98 67 67 12 160 195 165 137 105 92 40 6 83 79 66 56 41 232 160 57 46 15 -2147483647 -2147483647 -2147483647 -2147483647 -2147483647 -2147483647 -2147483647 -2147483647 -2147483647 -2147483647 -2147483647 -2147483647 -2147483647 247 212 114 -2147483647 119 116 81 141 264 183 124 139 154 157 71 94 135 120 61 75 105 98 64 139 154 47 100 54 79 18 66
0 0 4 12 46 0 7 7 23 64 88 30 20 53 13 0 0 107 88 185 249 305 334 312 176 198 214 222 228 183 172 197 172 180 169 74 65 75 160 158 94 137 241 157 101 174 125 102 22 43 93 111 80 0 -2147483647 -2147483647 -2147483647 -2147483647 -2147483647 -2147483647 -2147483647 -2147483647 -2147483647 -2147483647 -2147483647 -2147483647 132 105 121 139 135 146 248 252 134 130 157 113 188 154 77 75 150 254 192 151 53 11 1 20 21 72
14 17 32 61 47 68 30 12 4 28 68 76 21 103 62 74 45 123 146 209 216 296 206 107 123 129 181 124 133 202 197 142 164 178 71 81 193 197 152 268 168 146 191 47 140 210 111 150 209 215 122 134 124 69 21 -2147483647 -2147483647 -2147483647 -2147483647 -2147483647 -2147483647 -2147483647 -2147483647 -2147483647 -2147483647 -2147483647 22 92 108 182 245 144 120 100 78 145 141 70 103 115 52 32 71 94 98 80 62 49 75 117 75 80
18 38 16 24 53 73 134 107 140 122 98 135 193 168 187 238 199 143 109 236 261 113 62 20 29 134 172 164 120 267 318 196 222 107 106 172 36 55 25 25 113 164 178 179 77 85 46 170 168 139 142 89 68 67 73 28 18 38 -2147483647 -2147483647 -2147483647 -2147483647 -2147483647 -2147483647 -2147483647 -2147483647 61 298 197 101 39 44 36 63 80 46 66 29 48 83 83 34 48 99 15 129 132 81 61 122 97 43
6 4 2 9 67 78 72 117 118 59 33 67 98 191 220 172 270 279 325 272 184 126 165 5 14 110 220 236 323 324 196 214 258 183 124 136 78 13 1 54 170 159 162 29 3 0 6 70 39 64 24 26 25 44 44 72 26 86 121 82 74 48 91 88 74 134 157 133 176 92 161 122 71 129 88 139 214 109 57 76 34 50 76 54 85 50 56 68 20 29 56 290
7 8 2 4 9 108 174 65 147 168 58 20 48 65 118 196 327 359 309 295 160 17 33 180 63 153 211 216 172 201 256 231 226 197 255 62 62 59 119 159 161 114 124 43 23 1 0 0 22 106 76 28 43 68 107 93 66 66 120 88 69 121 192 165 61 118 143 224 82 145 187 89 74 165 84 69 125 80 27 11 49 102 50 32 98 64 101 216 68 59 62 216
0 4 2 11 6 24 42 22 75 177 233 166 21 2 0 2 12 102 198 183 228 115 229 134 46 91 181 308 276 325 262 187 268 285 91 37 67 93 49 22 11 39 135 170 41 3 6 2 0 44 72 111 120 89 161 122 90 117 131 107 55 152 129 111 203 215 298 236 166 206 125 178 117 101 27 35 63 14 27 56 28 47 25 26 50 28 55 59 22 59 85 56
3 2 1 6 9 13 0 10 31 87 123 156 132 34 0 0 0 0 52 287 300 252 327 347 265 290 182 209 152 156 199 149 117 94 227 229 141 80 1 0 3 0 25 170 230 280 92 5 135 245 264 268 235 183 97 63 41 45 84 106 88 107 134 184 212 239 340 265 343 262 170 58 43 41 6 50 33 11 25 7 24 3 31 83 97 91 28 18 8 23 46 50
79 8 5 16 21 11 0 3 6 44 135 218 182 212 120 56 49 15 40 211 222 259 79 201 355 296 249 156 190 115 50 18 80 148 240 211 211 119 70 102 215 120 199 290 340 316 132 63 98 102 59 215 136 97 89 43 56 56 118 136 131 121 211 245 326 304 108 75 199 272 104 31 52 46 25 44 29 29 35 39 53 3 30 25 126 46 44 57 11 5 19 26
24 59 11 69 12 1 13 13 18 34 28 126 87 101 48 0 11 64 32 63 85 72 47 180 319 217 237 304 229 56 50 121 54 80 192 76 142 144 200 174 29 77 237 275 224 88 144 134 204 155 44 178 247 205 72 53 38 54 106 111 103 113 180 259 262 251 142 211 137 104 24 51 42 13 11 56 58 25 11 15 62 0 7 14 17 16 55 68 154 13 12 11
35 218 114 28 6 3 11 3 14 14 2 176 81 3 0 8 46 68 135 113 204 137 102 47 152 181 217 227 272 294 293 214 251 173 137 219 201 247 205 231 157 197 185 125 74 13 0 1 6 26 57 75 135 74 124 48 51 41 92 109 121 193 188 198 190 175 159 136 128 110 86 86 50 19 4 6 13 32 12 54 29 16 11 4 18 8 33 8 9 8 18 23
94 88 82 64 45 25 9 10 59 48 29 29 65 0 5 35 16 77 188 227 272 103 94 96 126 59 50 274 371 337 251 295 308 226 280 238 259 193 241 223 15 5 4 15 13 10 11 8 0 0 1 9 74 44 58 74 50 126 193 230 307 179 164 280 250 286 325 286 209 163 120 22 34 37 53 12 10 13 0 0 11 21 6 2 0 9 14 61 6 13 28 64
110 72 31 21 28 25 44 172 166 39 44 133 97 3 0 0 1 1 24 203 106 143 84 121 174 188 289 305 251 296 266 314 297 305 351 250 322 275 254 50 38 10 16 9 25 7 7 34 125 1 0 0 0 22 78 89 55 166 153 32 75 234 282 279 123 141 104 182 194 54 15 8 18 19 17 4 11 10 2 3 2 5 7 4 17 21 83 55 28 121 86 91
65 101 66 58 56 14 19 17 40 26 129 218 158 11 0 0 2 1 44 32 55 32 167 183 280 285 218 137 301 327 183 121 37 219 324 222 148 102 97 133 21 138 34 12 9 5 20 16 1 3 0 4 1 10 44 207 222 189 52 2 24 116 237 161 79 40 39 175 196 19 13 17 14 21 0 15 15 0 1 2 5 1 17 25 14 21 27 34 2 27 62 116
37 19 61 54 95 31 3 8 2 0 2 56 80 81 9 25 48 2 4 8 86 79 49 21 58 149 239 299 282 304 238 222 203 301 147 194 65 55 144 157 38 9 3 0 6 4 1 1 17 0 0 0 4 4 6 30 84 72 49 48 39 52 87 110 129 78 11 0 51 44 10 0 3 3 1 0 0 0 0 7 5 0 1 0 0 5 34 49 37 17 12 1
16 54 107 115 134 89 94 123 109 17 40 34 53 27 1 0 2 6 8 40 149 109 165 48 34 106 240 328 295 341 253 203 223 202 71 4 20 0 37 126 59 12 13 28 67 21 0 0 0 4 0 0 0 16 16 14 49 11 34 42 94 180 153 200 121 178 211 205 137 124 2 1 1 0 17 36 11 3 9 11 0 0 2 8 13 1 33 35 11 0 0 3
80 51 68 162 84 57 145 148 67 32 3 4 10 0 25 13 10 17 92 221 176 77 136 67 58 212 186 289 302 378 220 44 202 100 34 4 8 17 80 166 191 51 84 198 104 0 0 0 0 0 0 0 0 0 4 10 3 78 55 26 81 59 58 33 38 189 70 141 113 63 4 10 7 0 30 14 5 1 15 60 0 0 0 9 9 49 10 15 14 3 0 0
77 42 43 38 36 62 80 47 40 62 139 141 47 37 4 6 32 145 235 102 66 23 19 0 7 40 55 282 381 334 343 223 200 140 5 82 131 111 93 27 149 227 154 104 48 32 0 0 0 0 0 0 0 0 0 44 16 2 16 70 62 31 16 47 103 82 62 53 6 11 0 8 0 2 18 24 4 3 1 20 5 0 0 2 2 10 0 9 7 0 4 6
