Scripts_&_data/Land_cover_rasters/CL_evergreen_needleleaf_forest_16.asc
NCOLS 642 
NROWS 378 
XLLCORNER -19.0000644 
YLLCORNER 18.9999684 
CELLSIZE 0.1666666 
NODATA_value -2147483647 
[rows 164 to 204 of 378, columns 184 to 275 of 642]
-2147483647 -2147483647 -2147483647 -2147483647 -2147483647 -2147483647 -2147483647 -2147483647 -2147483647 10 -2147483647 -2147483647 -2147483647 -2147483647 -2147483647 -2147483647 -2147483647 -2147483647 -2147483647 -2147483647 -2147483647 -2147483647 -2147483647 -2147483647 -2147483647 -2147483647 -2147483647 -2147483647 -2147483647 -2147483647 -2147483647 4 1 0 0 0 2 0 6 21 0 -2147483647 -2147483647 -2147483647 -2147483647 -2147483647 -2147483647 -2147483647 -2147483647 -2147483647 -2147483647 0 0 0 0 0 0 0 0 0 0 0 0 0 0 0 0 0 0 0 0 0 2 73 8 0 0 0 16 37 67 20 0 7 4 3 2 35 62 0 17 14
-2147483647 -2147483647 -2147483647 -2147483647 -2147483647 2 -2147483647 -2147483647 -2147483647 5 0 12 -2147483647 -2147483647 -2147483647 -2147483647 -2147483647 -2147483647 -2147483647 -2147483647 -2147483647 -2147483647 -2147483647 -2147483647 -2147483647 -2147483647 -2147483647 -2147483647 0 0 3 1 0 26 13 21 11 6 2 4 2 6 -2147483647 -2147483647 -2147483647 -2147483647 -2147483647 -2147483647 0 0 0 0 0 0 0 0 0 0 0 0 0 0 0 0 0 9 0 0 0 0 0 9 0 0 26 0 2 4 102 77 136 35 0 8 3 0 0 0 0 37 60 38
-2147483647 -2147483647 -2147483647 0 5 0 0 0 11 3 -2147483647 -2147483647 -2147483647 -2147483647 -2147483647 -2147483647 -2147483647 -2147483647 -2147483647 -2147483647 -2147483647 -2147483647 -2147483647 -2147483647 -2147483647 -2147483647 0 0 26 0 17 71 60 97 59 102 101 38 11 1 4 0 0 0 0 0 0 0 0 0 0 0 0 0 0 0 0 0 0 0 0 6 0 1 0 3 0 0 0 0 0 0 0 21 64 40 127 304 45 0 10 5 4 2 4 0 0 0 0 0 3 0
0 0 6 0 0 0 0 0 0 0 4 0 16 -2147483647 -2147483647 -2147483647 -2147483647 -2147483647 -2147483647 -2147483647 11 8 4 0 0 0 0 95 152 12 4 34 99 30 109 193 212 254 45 0 4 0 2 0 0 0 0 0 0 0 0 10 2 0 0 0 0 0 0 0 10 10 0 0 0 0 0 37 67 80 97 120 50 129 153 298 314 203 2 0 0 0 0 0 1 0 0 0 2 3 0 0
11 2 0 2 0 0 0 13 0 0 0 4 4 16 16 -2147483647 -2147483647 23 7 0 0 0 14 15 0 0 32 12 0 0 30 31 188 240 236 319 142 185 280 143 17 0 1 26 0 0 0 0 1 0 0 0 1 0 19 0 0 1 5 1 1 0 0 1 0 3 0 77 298 288 278 291 169 203 184 160 119 0 0 0 0 0 1 1 6 0 0 6 51 59 22 5
14 9 5 10 2 9 1 0 0 0 0 0 0 11 -2147483647 -2147483647 -2147483647 0 1 0 0 0 0 0 0 0 1 2 3 2 41 205 114 41 124 168 265 266 211 314 268 50 2 2 0 0 0 23 5 6 0 15 9 21 19 1 12 58 15 51 30 7 41 2 20 25 20 10 73 62 23 3 3 28 29 92 11 0 0 0 0 0 1 21 0 0 0 13 8 10 2 0
7 4 10 118 75 29 10 2 0 5 0 0 18 8 10 17 48 19 33 5 0 0 8 0 0 5 45 32 137 105 60 123 32 11 12 0 0 194 241 173 153 158 36 4 0 0 0 0 0 0 0 10 100 181 96 51 27 141 190 288 111 2 0 5 0 0 0 0 0 0 0 0 5 0 0 1 0 0 0 0 0 16 69 57 0 0 0 1 5 0 3 117
3 0 8 24 9 18 42 84 19 9 7 13 0 0 0 0 0 17 102 45 0 0 0 38 113 49 89 158 233 213 130 94 1 45 2 0 0 226 19 0 30 22 13 0 0 8 51 0 0 0 2 0 13 173 136 82 36 15 3 18 43 14 2 0 0 20 0 0 0 0 0 0 0 0 0 0 3 0 11 22 0 7 0 8 0 0 0 0 0 0 6 89
0 0 7 0 0 23 61 121 93 90 36 8 3 29 0 0 0 1 0 11 0 0 0 1 95 219 121 68 63 96 275 138 2 1 3 0 0 108 87 33 1 0 0 0 0 0 0 0 66 23 3 0 1 4 39 9 44 15 38 59 46 15 0 0 0 0 0 10 81 40 41 94 20 0 0 0 0 0 0 0 4 0 0 12 0 0 2 0 0 0 1 6
13 28 0 8 24 78 95 112 19 15 56 80 11 10 6 0 0 6 1 7 7 0 2 2 125 165 160 191 96 72 136 42 17 5 10 81 100 110 221 211 105 69 38 11 2 0 2 7 102 5 0 0 0 0 0 20 16 49 92 21 2 0 19 4 0 2 0 0 0 8 83 70 46 0 0 0 0 0 0 1 0 0 12 168 101 24 0 0 0 0 0 0
16 13 48 6 16 0 13 41 88 8 11 93 31 16 31 7 10 24 0 21 3 23 18 9 20 149 94 160 73 51 136 30 37 1 0 0 15 58 24 32 156 149 156 186 45 2 19 29 0 2 0 0 11 0 0 0 16 18 55 3 2 9 54 0 0 0 0 0 0 0 1 3 11 24 103 82 41 3 4 3 0 0 11 67 148 6 0 3 0 0 0 0
0 0 60 6 19 17 0 7 18 41 41 47 37 14 1 2 30 23 105 34 10 5 77 164 245 293 358 261 228 129 84 12 10 6 0 14 8 3 0 0 6 0 0 54 65 4 11 1 0 0 0 0 5 1 0 0 9 0 16 34 76 41 2 0 5 0 0 0 0 0 1 0 35 21 15 28 31 17 168 68 15 6 0 9 2 19 0 0 0 1 1 17
5 0 67 73 8 20 3 0 2 45 0 0 0 11 6 11 0 25 8 47 134 225 201 134 86 67 48 14 11 3 5 2 19 13 0 0 1 0 0 0 7 2 0 8 105 126 155 34 9 0 0 0 0 4 0 0 37 12 27 59 2 19 10 0 1 0 0 0 3 0 17 27 69 68 111 6 0 0 0 0 6 11 0 22 26 2 0 0 5 0 1 0
79 13 11 16 102 32 40 49 71 37 0 60 156 169 23 28 0 4 56 50 67 65 36 132 131 189 143 10 0 4 24 1 12 3 1 1 0 79 9 20 25 18 0 0 0 0 12 31 18 46 22 24 80 73 44 50 45 4 0 59 18 2 1 0 0 0 0 1 10 13 0 0 0 16 61 84 0 0 0 0 4 3 0 0 4 0 1 3 0 9 0 1
28 7 25 10 160 96 163 205 44 5 22 132 262 211 87 96 146 139 170 129 240 210 91 30 66 117 135 117 1 2 2 57 10 0 2 0 1 0 0 23 11 14 0 0 0 0 0 0 0 0 0 7 0 13 24 16 8 38 6 11 0 0 1 3 0 0 0 0 3 9 0 0 0 0 0 0 0 0 0 0 0 0 5 0 4 0 0 0 3 0 0 1
2 0 0 23 38 32 88 106 104 123 154 278 299 160 113 127 252 123 142 149 148 181 186 35 56 143 95 3 0 0 0 0 3 15 0 2 70 138 0 18 34 40 20 0 0 0 0 0 9 6 2 5 0 0 0 4 4 102 21 0 0 0 16 0 0 0 0 0 0 0 0 3 5 12 1 9 4 0 0 0 0 0 0 0 5 0 1 0 0 0 0 0
0 1 0 1 24 47 7 30 36 62 133 54 46 63 75 230 210 179 45 223 241 210 141 165 103 213 77 92 22 6 0 0 3 0 2 0 0 52 64 60 18 0 31 3 1 9 3 0 4 5 3 9 0 0 0 0 3 20 52 4 0 0 25 21 0 0 0 0 0 0 2 3 26 28 21 6 3 9 3 0 0 0 0 3 6 4 0 0 26 6 0 0
0 0 0 0 47 54 5 10 78 30 154 163 126 126 62 85 90 92 230 80 58 169 19 10 64 126 79 13 8 30 0 0 0 0 0 0 0 0 3 6 0 4 71 4 1 0 0 0 4 2 0 6 0 0 0 0 0 20 65 25 0 0 11 0 0 0 0 0 0 0 0 30 1 6 4 9 19 18 0 1 0 6 16 1 3 1 13 19 39 43 2 2
0 0 0 4 50 10 0 3 49 14 124 76 74 95 173 58 172 123 142 76 45 201 81 44 44 31 7 1 35 33 0 9 27 9 32 23 76 51 20 52 23 1 19 9 6 33 11 0 0 19 42 100 73 40 1 2 8 0 25 7 10 22 0 0 0 0 2 0 17 8 1 25 4 7 7 1 8 0 0 48 64 32 29 6 50 3 32 11 13 1 0 0
2 0 10 3 3 0 0 0 7 4 8 10 48 97 139 70 269 113 212 177 274 256 283 296 225 94 53 1 0 14 0 0 47 47 0 24 111 75 36 95 27 6 15 30 48 37 0 0 27 70 13 40 39 4 0 0 0 0 0 19 0 18 0 0 0 0 0 0 0 0 25 23 49 6 9 9 6 0 0 6 28 37 41 24 53 20 0 0 0 7 29 6
5 39 0 12 32 5 0 0 0 0 0 0 44 36 14 12 29 31 44 32 81 86 116 41 1 2 3 2 0 0 1 1 0 0 30 10 11 10 1 14 0 0 48 2 2 54 39 0 63 32 7 20 15 30 11 2 0 0 6 0 4 11 0 0 0 2 0 0 0 0 0 0 0 0 0 0 0 0 0 4 8 4 138 69 22 5 4 0 24 0 21 4
0 0 0 2 15 3 0 0 0 0 0 0 1 23 0 16 5 8 0 3 0 0 0 1 0 1 3 0 0 0 0 0 0 0 5 20 0 0 0 0 11 11 94 13 53 23 19 9 1 26 10 23 132 54 49 35 42 0 25 0 4 0 0 0 0 0 0 0 0 0 0 0 0 12 0 0 0 0 0 0 0 0 1 13 0 0 2 2 39 1 52 32
16 22 0 0 0 0 0 0 1 0 13 19 17 0 81 95 138 16 34 0 22 26 72 13 0 20 4 0 0 0 0 0 0 0 20 1 31 22 61 37 88 14 16 0 7 1 6 38 30 25 19 38 2 3 17 3 1 0 1 1 8 4 0 0 0 0 0 0 0 0 0 0 0 0 0 0 0 0 0 0 0 0 0 0 0 0 1 5 6 0 3 31
68 12 2 30 0 0 12 12 36 9 6 36 53 0 12 17 5 25 21 34 47 70 100 147 101 43 16 15 4 7 0 0 0 0 1 0 12 42 64 96 62 26 36 22 0 79 11 11 21 24 4 9 5 2 26 43 16 11 0 0 0 35 139 64 52 4 0 0 2 0 0 0 0 0 0 0 0 0 0 0 0 0 0 0 0 0 0 0 2 0 0 0
34 26 24 6 18 53 74 89 32 103 15 3 0 4 1 0 9 26 198 44 7 0 0 1 32 13 38 31 10 4 0 0 0 0 0 3 165 18 6 3 83 177 241 167 81 42 28 11 8 0 0 0 1 1 3 0 11 0 0 7 0 66 86 93 158 179 135 142 40 6 0 0 0 0 0 0 0 0 0 0 0 0 0 0 0 0 0 0 0 0 0 0
30 11 9 30 275 283 206 166 8 0 5 0 0 0 0 1 1 0 11 1 0 0 0 0 19 17 1 16 150 16 0 26 3 3 0 0 2 2 0 0 3 8 1 29 28 34 50 60 4 0 0 0 1 1 0 0 0 0 0 15 15 147 65 21 47 48 23 36 217 73 5 0 0 0 0 0 0 0 0 0 0 2 0 0 0 0 0 0 0 0 0 0
3 23 104 83 82 62 33 11 0 0 0 0 0 0 0 0 0 1 7 0 0 0 0 0 0 23 18 0 72 77 73 116 63 78 102 1 0 0 0 11 16 12 12 3 1 22 87 72 0 0 0 0 0 0 0 0 0 0 2 78 0 11 6 0 7 6 0 0 2 7 0 0 0 0 0 8 0 0 0 0 0 0 0 0 0 8 0 0 0 18 3 2
107 155 48 69 7 69 123 20 9 12 20 0 11 10 0 0 0 0 0 0 1 3 0 0 3 10 33 7 5 28 49 13 34 221 67 3 0 0 0 1 6 16 19 11 24 4 17 4 0 0 0 0 0 0 0 1 0 3 0 5 0 0 0 0 0 0 1 0 0 0 0 0 0 0 0 0 0 0 0 0 0 0 0 0 0 0 0 0 0 0 0 0
65 73 63 90 118 169 5 4 24 81 37 8 18 0 11 8 0 0 3 1 17 0 0 4 0 0 0 1 32 0 0 0 36 30 17 16 0 0 0 15 5 5 2 2 2 1 0 0 0 0 0 0 0 0 0 0 0 0 1 0 0 0 0 0 0 0 0 0 0 0 0 0 1 0 0 0 0 0 0 0 0 0 0 0 0 0 0 0 0 0 0 0
6 56 98 18 125 80 0 3 1 9 10 32 158 159 46 0 9 0 0 0 31 6 6 3 28 61 118 8 34 16 5 3 1 0 5 0 0 0 0 3 1 3 3 0 0 6 1 2 0 8 2 10 0 2 2 0 0 0 0 0 0 0 0 0 0 0 0 0 0 0 0 0 0 0 0 0 0 0 0 0 0 0 0 0 0 0 0 0 0 0 0 0
22 58 71 1 14 59 12 14 23 0 0 0 115 32 13 19 0 0 0 15 12 5 18 0 14 99 61 2 3 0 19 1 0 0 0 32 0 0 1 7 40 80 29 7 0 51 33 54 0 0 10 2 0 0 1 33 12 0 0 0 0 0 0 0 0 0 0 0 0 0 0 0 0 0 0 0 0 0 0 0 0 0 0 0 0 0 0 0 0 0 0 0
5 76 33 19 6 26 42 7 0 0 0 0 0 0 0 15 0 0 9 30 48 6 22 21 10 13 18 2 10 0 46 2 0 6 0 0 0 0 13 35 204 67 5 12 47 123 60 8 53 0 6 2 0 2 0 14 1 0 0 0 0 0 0 0 16 1 0 0 0 0 0 0 0 0 0 0 0 0 0 0 0 0 0 0 0 0 0 0 0 0 0 0
0 21 50 76 76 4 2 58 133 96 11 1 0 0 0 1 7 9 1 13 21 16 47 47 18 0 2 7 0 0 1 0 0 0 1 0 0 0 0 0 14 0 4 6 17 58 10 107 179 88 102 36 0 0 6 0 0 0 0 0 0 0 0 0 0 0 0 0 0 0 0 0 0 0 0 0 0 4 0 0 0 0 0 0 0 0 0 0 0 0 0 0
11 7 6 0 0 0 7 52 124 77 190 187 65 10 0 6 11 37 56 53 26 107 0 0 14 0 3 0 0 0 0 0 0 0 3 0 0 0 0 0 0 0 24 3 1 29 64 74 52 49 11 13 0 0 0 0 0 0 0 0 9 0 0 1 0 0 0 0 0 0 0 0 0 0 0 0 0 0 0 0 0 0 0 0 0 0 0 0 0 0 0 0
9 6 0 0 4 0 0 23 29 44 16 51 78 72 35 6 3 6 43 157 83 29 13 0 2 0 0 0 0 10 0 0 5 60 0 0 0 0 0 0 0 0 0 1 0 20 111 87 55 79 64 71 23 0 0 0 0 0 0 0 0 0 0 0 0 0 0 0 0 0 0 4 5 0 0 0 0 0 0 0 0 0 0 0 0 0 0 0 0 0 0 0
39 13 5 0 0 0 0 0 0 0 0 13 35 82 59 12 10 15 91 45 24 0 47 9 0 0 0 0 0 0 2 0 0 0 0 0 0 0 0 0 0 0 4 36 0 0 0 9 4 12 2 52 1 3 2 0 0 0 0 0 0 0 1 0 0 0 0 0 0 1 6 15 91 92 6 0 0 0 0 0 0 0 0 0 0 0 0 0 0 0 0 0
5 0 2 6 0 0 0 0 0 2 1 0 4 2 54 80 5 42 144 2 18 21 2 0 0 0 0 0 0 0 0 0 23 56 20 0 1 0 0 0 0 0 0 0 0 0 3 0 0 0 0 0 0 0 1 0 0 0 2 0 0 0 0 0 0 0 0 0 0 0 6 28 87 183 177 31 0 0 0 0 0 0 0 0 0 0 0 0 0 0 4 19
0 0 0 0 0 0 0 0 0 0 11 0 0 8 10 3 0 0 0 40 57 28 4 1 0 3 1 0 0 0 0 0 66 2 0 0 0 0 0 0 0 0 0 0 0 0 0 0 0 0 0 0 0 0 0 0 0 0 0 0 0 0 0 0 0 0 0 0 0 0 0 0 0 42 141 78 90 10 5 0 0 0 0 0 0 0 0 0 0 0 0 0
17 0 0 0 5 0 14 27 22 3 0 0 0 0 7 2 10 1 4 1 16 10 1 1 0 0 0 0 7 0 0 5 0 0 0 0 0 0 0 0 0 0 0 0 0 0 0 0 0 0 0 0 0 0 0 0 0 0 0 0 0 0 0 0 0 0 0 1 0 0 0 0 0 0 4 33 35 119 80 1 0 0 0 0 0 0 0 0 0 0 0 0
2 9 2 0 0 4 11 53 1 28 62 23 0 0 0 0 1 0 0 0 0 0 0 0 0 0 0 0 0 2 9 0 11 16 4 0 0 0 0 0 0 0 0 0 0 0 0 0 0 0 0 0 0 0 2 0 0 0 1 0 0 0 0 0 0 0 0 0 0 0 0 0 0 0 0 9 34 111 29 3 10 17 0 0 0 0 0 0 0 0 0 0
26 0 0 3 22 0 4 0 15 6 3 11 11 10 0 0 0 0 5 1 3 10 0 5 8 46 19 11 0 0 16 0 0 3 25 25 0 0 0 0 0 0 0 0 0 0 0 0 0 0 0 0 0 0 0 9 0 0 0 0 3 0 0 0 0 0 0 0 0 0 0 0 0 0 0 13 48 43 108 9 81 25 7 2 0 0 0 0 0 0 0 0
