Scripts_&_data/Land_cover_rasters/CL_grasslands_16.asc
NCOLS 642 
NROWS 378 
XLLCORNER -19.0000644 
YLLCORNER 18.9999684 
CELLSIZE 0.1666666 
NODATA_value -2147483647 
[rows 114 to 151 of 378, columns 170 to 254 of 642]
179 96 4 90 27 22 7 50 21 135 28 8 15 50 24 138 228 73 63 7 54 129 54 2 14 15 42 19 13 3 201 121 3 25 26 51 7 30 1 0 17 0 2 4 1 3 18 3 0 7 10 17 17 19 28 -2147483647 -2147483647 -2147483647 -2147483647 -2147483647 -2147483647 -2147483647 -2147483647 -2147483647 -2147483647 -2147483647 -2147483647 -2147483647 -2147483647 -2147483647 -2147483647 -2147483647 16 34 13 26 3 6 8 0 2 24 6 2 13
244 103 84 7 23 173 136 137 275 187 216 165 7 33 43 60 58 68 2 1 2 1 53 25 6 51 14 1 1 5 23 88 35 23 15 28 49 10 13 1 1 4 51 18 10 8 3 27 2 4 6 37 41 -2147483647 -2147483647 -2147483647 -2147483647 -2147483647 -2147483647 -2147483647 -2147483647 -2147483647 -2147483647 -2147483647 -2147483647 -2147483647 -2147483647 -2147483647 -2147483647 -2147483647 -2147483647 20 17 22 24 45 39 16 24 0 11 3 29 26 22
199 83 146 172 234 148 114 144 147 96 57 35 43 39 70 75 109 7 2 5 16 10 50 7 2 32 62 44 56 1 3 2 1 6 17 12 0 0 1 6 2 5 69 20 38 4 13 2 7 2 5 32 -2147483647 -2147483647 -2147483647 -2147483647 -2147483647 -2147483647 -2147483647 -2147483647 -2147483647 -2147483647 -2147483647 -2147483647 -2147483647 -2147483647 -2147483647 -2147483647 -2147483647 -2147483647 -2147483647 7 14 3 5 1 29 17 13 9 12 4 38 9 4
334 228 268 185 239 279 119 71 7 11 57 137 156 149 110 172 52 103 39 13 55 31 1 0 0 0 18 22 95 20 3 3 17 13 20 71 54 3 1 4 0 8 0 12 30 1 2 1 29 -2147483647 -2147483647 -2147483647 -2147483647 -2147483647 -2147483647 -2147483647 -2147483647 -2147483647 -2147483647 -2147483647 -2147483647 -2147483647 -2147483647 -2147483647 -2147483647 -2147483647 -2147483647 -2147483647 -2147483647 -2147483647 -2147483647 34 11 10 7 5 1 8 6 10 8 6 0 0 19
226 95 115 258 168 141 81 53 38 59 253 309 207 200 84 296 222 222 190 9 11 19 16 42 25 45 4 0 0 14 23 51 0 8 42 0 2 1 3 12 19 0 0 0 0 4 28 17 24 -2147483647 -2147483647 -2147483647 -2147483647 -2147483647 -2147483647 -2147483647 -2147483647 -2147483647 -2147483647 -2147483647 -2147483647 -2147483647 -2147483647 -2147483647 -2147483647 -2147483647 -2147483647 -2147483647 -2147483647 -2147483647 -2147483647 -2147483647 36 1 0 1 4 1 25 27 2 0 20 10 0
281 319 219 192 223 293 196 126 80 139 102 211 195 172 212 180 72 4 2 4 30 22 11 38 16 17 2 4 41 84 3 0 0 0 4 4 0 4 38 50 0 4 6 0 20 9 3 4 43 -2147483647 -2147483647 -2147483647 -2147483647 -2147483647 -2147483647 -2147483647 -2147483647 -2147483647 -2147483647 -2147483647 -2147483647 -2147483647 -2147483647 -2147483647 -2147483647 -2147483647 -2147483647 -2147483647 -2147483647 -2147483647 -2147483647 -2147483647 7 0 0 4 4 4 6 2 4 4 9 17 29
176 376 387 379 257 283 203 341 313 20 33 190 239 317 223 165 13 24 22 3 9 24 12 49 95 62 7 2 3 9 7 11 7 4 0 0 1 3 0 47 16 4 2 113 131 2 28 7 -2147483647 -2147483647 -2147483647 -2147483647 -2147483647 -2147483647 -2147483647 -2147483647 -2147483647 -2147483647 -2147483647 -2147483647 -2147483647 -2147483647 -2147483647 -2147483647 -2147483647 -2147483647 -2147483647 -2147483647 -2147483647 -2147483647 -2147483647 -2147483647 -2147483647 1 5 0 0 4 4 2 0 4 3 2 1
82 66 135 179 294 284 183 40 25 64 87 50 106 133 76 163 192 35 42 21 33 0 0 0 18 31 15 13 5 0 0 17 7 0 0 21 0 3 0 2 3 11 0 29 91 17 7 17 -2147483647 -2147483647 -2147483647 -2147483647 -2147483647 -2147483647 -2147483647 -2147483647 -2147483647 -2147483647 -2147483647 -2147483647 -2147483647 -2147483647 -2147483647 -2147483647 -2147483647 -2147483647 -2147483647 -2147483647 -2147483647 -2147483647 -2147483647 -2147483647 -2147483647 11 43 38 0 5 0 0 7 5 92 95 2
99 62 32 65 56 62 217 162 166 36 3 67 106 45 95 128 45 112 113 164 123 25 3 1 35 10 6 51 29 26 0 5 2 11 32 1 7 17 5 3 3 37 43 12 8 6 25 -2147483647 -2147483647 -2147483647 -2147483647 -2147483647 -2147483647 -2147483647 -2147483647 -2147483647 -2147483647 -2147483647 -2147483647 -2147483647 -2147483647 -2147483647 -2147483647 -2147483647 -2147483647 -2147483647 -2147483647 -2147483647 -2147483647 -2147483647 -2147483647 -2147483647 -2147483647 -2147483647 8 2 7 21 36 46 15 4 4 34 5
24 81 23 34 45 34 63 48 81 18 3 43 8 15 21 15 4 11 26 24 67 20 3 23 0 4 14 0 0 0 0 6 12 0 3 10 0 0 4 12 17 30 29 5 9 0 5 -2147483647 -2147483647 -2147483647 -2147483647 -2147483647 -2147483647 -2147483647 -2147483647 -2147483647 -2147483647 -2147483647 -2147483647 -2147483647 -2147483647 -2147483647 -2147483647 -2147483647 -2147483647 -2147483647 -2147483647 -2147483647 -2147483647 -2147483647 -2147483647 -2147483647 -2147483647 25 10 0 3 15 68 8 1 36 58 47 84
34 35 22 26 31 72 28 90 61 46 91 4 1 2 44 60 24 10 6 2 3 29 15 6 1 3 0 1 1 1 0 5 4 8 40 4 6 66 24 12 10 8 23 41 93 61 11 -2147483647 -2147483647 -2147483647 -2147483647 -2147483647 -2147483647 -2147483647 -2147483647 -2147483647 -2147483647 -2147483647 -2147483647 -2147483647 -2147483647 -2147483647 -2147483647 -2147483647 -2147483647 -2147483647 -2147483647 -2147483647 -2147483647 -2147483647 -2147483647 -2147483647 -2147483647 29 7 0 6 5 2 1 4 6 4 8 1
20 8 30 19 5 5 63 47 80 46 21 20 3 0 1 8 4 4 0 15 0 5 11 16 11 2 0 0 0 3 3 142 0 3 8 12 0 39 60 1 4 2 1 3 24 18 4 -2147483647 -2147483647 -2147483647 -2147483647 -2147483647 -2147483647 -2147483647 -2147483647 -2147483647 -2147483647 -2147483647 -2147483647 -2147483647 -2147483647 -2147483647 -2147483647 -2147483647 -2147483647 -2147483647 -2147483647 -2147483647 -2147483647 -2147483647 -2147483647 -2147483647 22 2 3 10 9 198 71 5 0 1 1 0 19
10 2 3 1 5 11 9 64 108 57 39 18 9 12 1 3 6 2 4 17 1 45 26 0 5 6 1 39 56 13 5 166 235 123 93 21 44 8 21 22 8 2 8 2 5 22 4 -2147483647 -2147483647 -2147483647 -2147483647 -2147483647 -2147483647 -2147483647 -2147483647 -2147483647 -2147483647 -2147483647 -2147483647 -2147483647 -2147483647 -2147483647 -2147483647 -2147483647 -2147483647 -2147483647 -2147483647 -2147483647 -2147483647 -2147483647 -2147483647 -2147483647 20 3 5 0 5 82 106 2 0 0 1 0 0
44 2 2 1 9 64 23 8 140 237 226 2 5 2 13 7 13 6 13 15 24 5 2 10 4 1 1 25 1 10 19 5 62 90 19 10 6 41 14 8 19 7 1 3 5 45 4 19 -2147483647 -2147483647 -2147483647 -2147483647 -2147483647 -2147483647 -2147483647 -2147483647 -2147483647 -2147483647 -2147483647 -2147483647 -2147483647 -2147483647 -2147483647 -2147483647 -2147483647 -2147483647 -2147483647 -2147483647 -2147483647 -2147483647 -2147483647 -2147483647 8 5 0 0 2 3 0 0 0 0 0 0 0
9 17 1 7 43 39 45 40 46 13 105 114 3 4 3 3 7 0 0 14 1 2 1 20 3 3 4 16 7 10 10 0 14 18 1 10 8 68 84 13 27 21 3 43 121 43 0 0 25 6 -2147483647 0 -2147483647 -2147483647 -2147483647 -2147483647 -2147483647 -2147483647 -2147483647 -2147483647 -2147483647 -2147483647 -2147483647 -2147483647 -2147483647 -2147483647 -2147483647 -2147483647 -2147483647 -2147483647 -2147483647 -2147483647 9 11 20 13 6 2 3 0 0 2 0 1 0
8 36 22 21 58 3 167 34 10 11 61 83 4 71 37 1 7 29 23 40 0 0 0 4 2 5 48 8 3 20 3 19 5 7 9 1 20 64 35 20 20 22 6 23 1 3 76 65 12 0 2 1 0 -2147483647 -2147483647 -2147483647 -2147483647 -2147483647 -2147483647 -2147483647 -2147483647 -2147483647 -2147483647 -2147483647 -2147483647 -2147483647 -2147483647 -2147483647 -2147483647 -2147483647 -2147483647 -2147483647 -2147483647 -2147483647 -2147483647 10 -2147483647 17 15 11 0 2 4 4 0
90 77 14 0 2 0 51 12 0 2 35 2 6 14 26 4 14 4 18 1 6 3 5 8 1 5 38 42 5 7 30 8 4 23 85 37 2 6 3 2 10 2 11 9 91 33 31 17 26 1 0 4 0 0 1 -2147483647 -2147483647 -2147483647 -2147483647 -2147483647 -2147483647 -2147483647 15 15 15 -2147483647 -2147483647 -2147483647 -2147483647 -2147483647 -2147483647 -2147483647 -2147483647 -2147483647 -2147483647 -2147483647 -2147483647 13 37 12 18 19 1 3 19
4 11 19 0 158 185 14 16 10 2 0 11 47 0 4 2 4 5 21 5 3 0 43 10 21 5 17 12 9 24 4 4 5 26 44 31 22 35 6 0 0 2 22 5 2 0 0 26 12 0 0 1 0 0 0 0 5 -2147483647 -2147483647 -2147483647 -2147483647 -2147483647 -2147483647 -2147483647 -2147483647 -2147483647 -2147483647 -2147483647 -2147483647 -2147483647 -2147483647 -2147483647 -2147483647 -2147483647 -2147483647 -2147483647 -2147483647 -2147483647 -2147483647 14 21 -2147483647 10 8 13
4 3 0 1 8 67 3 15 23 0 76 52 3 6 21 18 1 3 5 14 42 27 48 1 27 11 18 3 17 16 10 12 16 32 4 9 10 1 10 55 21 29 2 0 4 4 5 0 6 0 0 0 0 6 7 48 1 10 -2147483647 -2147483647 -2147483647 -2147483647 -2147483647 -2147483647 -2147483647 -2147483647 -2147483647 -2147483647 -2147483647 -2147483647 -2147483647 -2147483647 -2147483647 -2147483647 -2147483647 -2147483647 -2147483647 -2147483647 -2147483647 -2147483647 -2147483647 -2147483647 39 26 17
6 4 4 33 2 26 12 28 7 0 15 141 28 4 27 11 0 40 44 16 1 1 48 60 36 7 12 22 14 77 51 65 14 13 27 2 10 2 17 2 12 1 4 0 4 0 1 0 7 83 6 0 0 20 2 1 9 4 -2147483647 -2147483647 -2147483647 -2147483647 -2147483647 -2147483647 -2147483647 -2147483647 -2147483647 -2147483647 -2147483647 -2147483647 -2147483647 -2147483647 -2147483647 -2147483647 -2147483647 -2147483647 -2147483647 -2147483647 -2147483647 -2147483647 -2147483647 -2147483647 -2147483647 -2147483647 -2147483647
0 5 5 47 7 38 38 32 2 0 0 16 4 29 0 3 0 16 70 122 62 95 2 42 36 31 33 4 12 48 15 40 36 32 17 16 22 16 23 6 4 4 18 170 104 85 99 35 89 29 29 7 1 0 1 9 -2147483647 -2147483647 -2147483647 -2147483647 -2147483647 -2147483647 -2147483647 -2147483647 -2147483647 -2147483647 -2147483647 -2147483647 -2147483647 -2147483647 -2147483647 -2147483647 -2147483647 -2147483647 -2147483647 -2147483647 -2147483647 -2147483647 -2147483647 -2147483647 -2147483647 -2147483647 -2147483647 -2147483647 -2147483647
4 7 6 0 2 8 24 -2147483647 19 31 5 26 2 5 2 87 6 40 32 10 28 41 28 37 58 98 98 23 9 53 33 7 14 9 1 1 34 2 2 1 66 97 86 105 92 103 115 144 331 221 109 0 6 10 -2147483647 -2147483647 -2147483647 -2147483647 -2147483647 -2147483647 -2147483647 -2147483647 -2147483647 -2147483647 -2147483647 -2147483647 -2147483647 -2147483647 -2147483647 -2147483647 -2147483647 -2147483647 -2147483647 -2147483647 -2147483647 -2147483647 -2147483647 -2147483647 -2147483647 -2147483647 -2147483647 -2147483647 -2147483647 -2147483647 -2147483647
54 3 2 4 0 0 8 -2147483647 -2147483647 13 21 5 1 3 39 60 89 44 35 16 18 18 58 349 394 324 394 363 113 11 20 22 0 0 0 25 107 198 305 244 97 55 2 1 0 0 0 63 101 120 49 13 0 13 13 -2147483647 -2147483647 -2147483647 -2147483647 -2147483647 -2147483647 -2147483647 -2147483647 -2147483647 -2147483647 -2147483647 -2147483647 -2147483647 -2147483647 -2147483647 -2147483647 -2147483647 -2147483647 -2147483647 -2147483647 -2147483647 -2147483647 -2147483647 -2147483647 -2147483647 -2147483647 -2147483647 -2147483647 -2147483647 -2147483647
10 10 7 13 21 24 -2147483647 -2147483647 -2147483647 -2147483647 -2147483647 13 31 14 19 65 5 31 6 6 91 157 39 276 400 400 400 345 78 110 21 49 6 0 18 1 38 31 60 32 42 3 0 0 8 38 12 38 5 5 17 4 13 -2147483647 -2147483647 -2147483647 -2147483647 -2147483647 -2147483647 -2147483647 -2147483647 -2147483647 -2147483647 -2147483647 -2147483647 -2147483647 -2147483647 -2147483647 -2147483647 -2147483647 -2147483647 -2147483647 -2147483647 -2147483647 -2147483647 -2147483647 -2147483647 -2147483647 -2147483647 -2147483647 -2147483647 -2147483647 -2147483647 -2147483647 -2147483647
9 -2147483647 -2147483647 -2147483647 -2147483647 -2147483647 -2147483647 -2147483647 -2147483647 -2147483647 -2147483647 1 0 6 3 17 6 35 15 69 383 400 314 266 399 397 373 369 35 139 37 30 17 8 9 10 0 10 4 48 11 1 5 77 20 14 9 6 0 21 -2147483647 9 -2147483647 -2147483647 -2147483647 -2147483647 -2147483647 -2147483647 -2147483647 -2147483647 -2147483647 -2147483647 -2147483647 -2147483647 -2147483647 -2147483647 -2147483647 -2147483647 -2147483647 -2147483647 -2147483647 -2147483647 -2147483647 -2147483647 -2147483647 -2147483647 -2147483647 -2147483647 20 0 1 18 -2147483647 -2147483647 -2147483647
-2147483647 -2147483647 -2147483647 -2147483647 -2147483647 -2147483647 -2147483647 -2147483647 -2147483647 -2147483647 -2147483647 21 0 3 4 0 1 8 13 327 400 400 363 359 400 363 205 76 2 7 163 32 119 217 0 2 7 0 0 3 0 3 2 26 25 5 12 6 -2147483647 -2147483647 -2147483647 -2147483647 -2147483647 -2147483647 -2147483647 -2147483647 -2147483647 -2147483647 -2147483647 -2147483647 -2147483647 -2147483647 -2147483647 -2147483647 -2147483647 -2147483647 -2147483647 -2147483647 -2147483647 -2147483647 -2147483647 -2147483647 -2147483647 -2147483647 -2147483647 -2147483647 -2147483647 -2147483647 -2147483647 24 -2147483647 -2147483647 -2147483647 -2147483647 -2147483647
-2147483647 -2147483647 -2147483647 -2147483647 -2147483647 -2147483647 -2147483647 -2147483647 -2147483647 -2147483647 -2147483647 -2147483647 2 1 1 1 1 1 6 220 400 330 55 326 74 4 6 19 0 73 39 292 400 278 32 39 7 60 62 135 51 16 17 9 18 -2147483647 -2147483647 -2147483647 -2147483647 -2147483647 -2147483647 -2147483647 -2147483647 -2147483647 -2147483647 -2147483647 -2147483647 -2147483647 -2147483647 -2147483647 -2147483647 -2147483647 -2147483647 -2147483647 -2147483647 -2147483647 -2147483647 -2147483647 -2147483647 -2147483647 -2147483647 -2147483647 -2147483647 -2147483647 -2147483647 -2147483647 -2147483647 -2147483647 -2147483647 7 7 1 61 28 -2147483647
-2147483647 -2147483647 -2147483647 -2147483647 -2147483647 -2147483647 -2147483647 -2147483647 -2147483647 -2147483647 -2147483647 -2147483647 10 14 3 4 9 6 206 237 95 2 0 0 1 17 0 0 1 23 204 392 243 109 0 0 0 62 18 0 2 0 2 8 15 -2147483647 -2147483647 -2147483647 -2147483647 -2147483647 -2147483647 -2147483647 -2147483647 -2147483647 -2147483647 -2147483647 -2147483647 -2147483647 -2147483647 -2147483647 -2147483647 -2147483647 -2147483647 -2147483647 -2147483647 -2147483647 -2147483647 -2147483647 -2147483647 -2147483647 -2147483647 -2147483647 -2147483647 -2147483647 -2147483647 -2147483647 15 7 0 12 0 7 30 -2147483647 -2147483647
-2147483647 -2147483647 -2147483647 -2147483647 -2147483647 -2147483647 -2147483647 -2147483647 -2147483647 -2147483647 -2147483647 -2147483647 -2147483647 5 16 2 9 0 0 1 0 0 0 5 1 28 0 0 0 157 400 286 1 0 0 0 0 10 9 3 3 21 17 0 7 -2147483647 -2147483647 -2147483647 -2147483647 -2147483647 -2147483647 -2147483647 -2147483647 -2147483647 -2147483647 -2147483647 -2147483647 -2147483647 -2147483647 -2147483647 -2147483647 -2147483647 -2147483647 -2147483647 -2147483647 -2147483647 -2147483647 -2147483647 -2147483647 -2147483647 -2147483647 -2147483647 -2147483647 -2147483647 -2147483647 -2147483647 22 25 43 20 -2147483647 -2147483647 -2147483647 -2147483647 -2147483647
-2147483647 -2147483647 -2147483647 -2147483647 -2147483647 -2147483647 -2147483647 -2147483647 -2147483647 -2147483647 -2147483647 -2147483647 -2147483647 6 14 7 0 1 31 14 0 0 0 0 2 1 0 0 2 300 346 61 0 4 46 64 16 10 30 7 1 0 14 2 9 -2147483647 -2147483647 -2147483647 -2147483647 -2147483647 -2147483647 -2147483647 -2147483647 -2147483647 -2147483647 -2147483647 -2147483647 -2147483647 -2147483647 -2147483647 -2147483647 -2147483647 -2147483647 -2147483647 -2147483647 -2147483647 -2147483647 -2147483647 -2147483647 -2147483647 -2147483647 -2147483647 -2147483647 -2147483647 -2147483647 -2147483647 -2147483647 -2147483647 -2147483647 -2147483647 -2147483647 -2147483647 -2147483647 -2147483647 -2147483647
-2147483647 -2147483647 -2147483647 -2147483647 -2147483647 -2147483647 -2147483647 -2147483647 -2147483647 -2147483647 -2147483647 -2147483647 -2147483647 -2147483647 20 0 1 1 109 11 1 21 3 1 0 7 6 0 80 338 33 13 4 6 19 61 26 0 17 23 3 0 5 40 14 -2147483647 -2147483647 -2147483647 -2147483647 -2147483647 -2147483647 -2147483647 -2147483647 -2147483647 -2147483647 -2147483647 -2147483647 -2147483647 -2147483647 -2147483647 -2147483647 -2147483647 -2147483647 -2147483647 -2147483647 -2147483647 -2147483647 -2147483647 -2147483647 -2147483647 -2147483647 -2147483647 -2147483647 -2147483647 -2147483647 -2147483647 -2147483647 -2147483647 -2147483647 -2147483647 -2147483647 -2147483647 -2147483647 -2147483647 -2147483647
-2147483647 -2147483647 -2147483647 -2147483647 -2147483647 -2147483647 -2147483647 -2147483647 -2147483647 -2147483647 -2147483647 -2147483647 -2147483647 -2147483647 -2147483647 7 0 4 0 10 1 6 0 24 28 4 4 2 8 62 8 10 7 10 19 7 0 1 4 0 14 0 0 9 -2147483647 -2147483647 -2147483647 -2147483647 -2147483647 -2147483647 -2147483647 -2147483647 -2147483647 -2147483647 -2147483647 21 28 20 -2147483647 -2147483647 -2147483647 -2147483647 -2147483647 -2147483647 -2147483647 -2147483647 -2147483647 -2147483647 -2147483647 -2147483647 -2147483647 -2147483647 -2147483647 -2147483647 -2147483647 -2147483647 -2147483647 -2147483647 -2147483647 -2147483647 -2147483647 -2147483647 -2147483647 -2147483647 -2147483647
-2147483647 -2147483647 -2147483647 -2147483647 9 6 71 -2147483647 -2147483647 -2147483647 -2147483647 -2147483647 -2147483647 -2147483647 -2147483647 12 0 0 12 2 0 0 2 12 12 2 11 10 0 2 6 4 7 33 29 43 2 4 1 2 0 0 0 2 -2147483647 -2147483647 -2147483647 -2147483647 -2147483647 -2147483647 -2147483647 -2147483647 -2147483647 19 3 0 25 -2147483647 -2147483647 -2147483647 -2147483647 -2147483647 -2147483647 -2147483647 -2147483647 -2147483647 -2147483647 -2147483647 -2147483647 -2147483647 -2147483647 -2147483647 -2147483647 -2147483647 -2147483647 0 2 0 0 2 -2147483647 -2147483647 -2147483647 -2147483647 -2147483647
-2147483647 -2147483647 -2147483647 9 3 8 10 -2147483647 -2147483647 -2147483647 -2147483647 -2147483647 -2147483647 -2147483647 -2147483647 -2147483647 37 33 22 18 0 7 0 0 2 1 4 14 1 4 9 12 8 1 5 0 5 3 0 2 0 3 0 9 -2147483647 -2147483647 -2147483647 -2147483647 -2147483647 -2147483647 -2147483647 -2147483647 -2147483647 17 0 1 24 -2147483647 -2147483647 -2147483647 -2147483647 -2147483647 -2147483647 -2147483647 -2147483647 -2147483647 -2147483647 -2147483647 -2147483647 -2147483647 -2147483647 -2147483647 -2147483647 28 0 1 0 1 1 0 0 14 -2147483647 -2147483647 -2147483647
-2147483647 24 4 0 2 4 21 -2147483647 -2147483647 -2147483647 -2147483647 -2147483647 -2147483647 -2147483647 -2147483647 -2147483647 -2147483647 25 0 9 0 0 13 2 3 0 1 5 21 9 60 24 1 0 5 1 0 1 0 1 0 0 13 -2147483647 -2147483647 -2147483647 24 -2147483647 -2147483647 -2147483647 -2147483647 -2147483647 -2147483647 22 1 40 -2147483647 -2147483647 -2147483647 -2147483647 -2147483647 -2147483647 -2147483647 -2147483647 -2147483647 -2147483647 -2147483647 -2147483647 -2147483647 -2147483647 -2147483647 -2147483647 -2147483647 5 0 2 27 31 0 0 0 0 35 -2147483647 -2147483647
62 142 121 21 55 14 -2147483647 -2147483647 -2147483647 -2147483647 -2147483647 -2147483647 -2147483647 -2147483647 -2147483647 -2147483647 -2147483647 -2147483647 4 0 0 0 2 0 4 2 80 23 103 5 8 6 7 34 39 0 2 0 0 0 8 0 5 -2147483647 -2147483647 41 -2147483647 -2147483647 -2147483647 -2147483647 -2147483647 -2147483647 -2147483647 91 -2147483647 -2147483647 -2147483647 -2147483647 -2147483647 -2147483647 -2147483647 -2147483647 -2147483647 -2147483647 -2147483647 -2147483647 -2147483647 -2147483647 -2147483647 -2147483647 -2147483647 -2147483647 26 0 0 0 7 15 0 0 0 0 1 10 -2147483647
2 45 2 0 3 116 -2147483647 -2147483647 -2147483647 -2147483647 -2147483647 -2147483647 -2147483647 -2147483647 -2147483647 -2147483647 -2147483647 -2147483647 31 26 0 0 0 0 14 79 142 2 16 4 0 9 69 15 0 2 1 0 0 0 0 0 14 -2147483647 11 -2147483647 -2147483647 -2147483647 -2147483647 -2147483647 -2147483647 -2147483647 -2147483647 -2147483647 -2147483647 -2147483647 -2147483647 -2147483647 -2147483647 -2147483647 -2147483647 -2147483647 -2147483647 -2147483647 -2147483647 -2147483647 -2147483647 -2147483647 -2147483647 -2147483647 -2147483647 1 3 0 0 0 0 0 0 0 0 0 0 0 1
8 0 0 8 26 52 -2147483647 -2147483647 -2147483647 -2147483647 -2147483647 -2147483647 -2147483647 -2147483647 -2147483647 -2147483647 -2147483647 -2147483647 -2147483647 -2147483647 16 0 0 0 0 17 19 0 12 20 0 33 24 4 49 5 9 0 0 0 0 0 -2147483647 7 11 -2147483647 -2147483647 -2147483647 -2147483647 -2147483647 -2147483647 -2147483647 -2147483647 -2147483647 -2147483647 -2147483647 -2147483647 -2147483647 -2147483647 -2147483647 -2147483647 -2147483647 -2147483647 -2147483647 -2147483647 -2147483647 -2147483647 -2147483647 -2147483647 -2147483647 18 0 0 0 0 0 0 0 0 0 0 0 0 0 0
