Scripts_&_data/Land_cover_rasters/CL_grasslands_16.asc
NCOLS 642 
NROWS 378 
XLLCORNER -19.0000644 
YLLCORNER 18.9999684 
CELLSIZE 0.1666666 
NODATA_value -2147483647 
[rows 76 to 113 of 378, columns 255 to 339 of 642]
0 0 0 6 0 0 0 0 0 0 0 0 0 0 0 0 0 0 0 0 9 0 11 0 0 0 22 124 142 238 55 0 3 3 124 7 26 37 62 71 34 9 18 3 15 13 48 45 99 99 82 33 37 145 104 54 137 111 120 127 -2147483647 67 130 270 276 158 -2147483647 -2147483647 -2147483647 -2147483647 -2147483647 -2147483647 -2147483647 -2147483647 -2147483647 -2147483647 -2147483647 -2147483647 -2147483647 -2147483647 -2147483647 -2147483647 -2147483647 -2147483647 -2147483647
0 0 0 2 0 0 0 0 0 0 0 0 0 0 0 0 0 0 6 11 52 48 1 13 147 297 348 261 248 101 11 36 31 1 28 3 15 21 91 55 25 17 2 15 29 47 40 31 46 14 59 58 88 29 80 78 68 58 32 91 41 133 143 177 261 234 249 255 289 270 315 380 334 270 341 266 215 -2147483647 -2147483647 -2147483647 -2147483647 -2147483647 -2147483647 -2147483647 -2147483647
0 4 6 0 0 0 0 0 0 0 0 0 0 0 0 0 0 18 53 53 29 50 114 278 298 369 176 219 107 1 0 0 0 1 3 9 44 78 22 49 24 62 27 2 4 48 7 16 4 30 59 27 82 79 16 10 34 49 8 59 91 86 62 97 150 121 45 157 323 346 323 289 266 326 316 387 386 381 380 277 -2147483647 -2147483647 -2147483647 -2147483647 -2147483647
1 41 15 0 0 0 0 0 0 0 0 0 0 0 0 1 0 19 0 1 21 0 34 45 90 27 55 16 7 0 7 2 6 0 18 26 2 0 0 0 1 40 32 61 47 12 33 11 7 0 13 0 5 7 20 23 5 3 5 71 23 40 15 31 92 109 88 155 158 170 193 295 288 129 124 273 216 238 311 348 384 395 320 212 -2147483647
0 0 0 0 0 0 0 0 0 0 0 0 0 0 0 0 0 0 0 0 0 1 9 5 0 0 5 4 1 5 23 6 2 9 0 0 0 0 0 3 1 0 21 91 135 328 264 122 92 46 1 1 0 16 1 22 22 0 1 10 17 26 4 23 43 19 17 21 78 142 287 250 71 45 18 135 152 191 227 156 130 204 265 308 327
0 0 0 1 5 0 0 0 0 0 0 0 3 0 0 0 0 0 0 0 0 0 0 0 0 0 0 0 1 4 22 26 42 17 19 50 20 3 101 8 22 2 0 46 94 185 10 15 5 13 3 0 6 43 18 8 1 21 13 6 10 26 42 16 2 18 5 12 24 46 87 29 6 15 39 65 87 133 64 31 56 116 74 29 57
0 0 0 11 0 0 0 0 0 0 0 1 0 0 0 1 3 11 0 0 0 0 0 0 0 1 1 50 62 76 44 31 60 39 0 5 3 1 3 4 2 64 124 28 82 69 22 61 20 11 27 0 2 61 0 17 4 85 148 38 3 22 121 44 34 78 113 17 4 14 36 0 17 21 0 30 116 82 60 69 50 51 47 9 28
0 6 7 8 44 0 0 0 6 0 0 0 0 0 0 0 29 148 135 189 6 0 11 81 6 20 1 0 0 4 5 0 0 0 1 0 0 0 40 2 5 69 50 9 12 0 61 88 146 35 28 8 18 152 74 107 121 31 87 58 11 14 2 0 4 1 1 2 0 31 105 10 3 4 0 10 13 11 18 59 7 8 0 0 76
1 3 13 74 12 0 0 0 2 0 0 0 0 0 0 0 0 0 1 27 1 0 18 259 363 252 8 14 4 1 0 0 0 0 1 2 0 13 23 0 5 1 1 0 0 2 2 0 0 0 1 23 11 218 156 211 150 97 240 28 28 88 123 68 96 90 161 143 146 193 182 5 7 6 65 15 8 101 206 157 78 30 1 0 40
0 3 0 13 0 7 3 0 1 0 2 0 0 0 0 0 0 0 0 7 1 1 0 0 15 10 2 2 2 0 0 1 0 0 0 0 4 0 0 0 26 20 0 2 25 40 5 31 14 20 38 55 21 130 10 21 123 323 164 231 219 295 191 145 241 304 281 175 156 201 2 2 0 0 3 2 0 0 22 9 2 21 9 7 0
0 0 0 0 46 0 0 0 0 0 0 0 37 0 0 0 0 0 0 0 1 0 0 8 0 7 5 4 0 0 0 0 0 0 0 0 3 0 1 0 3 22 10 0 15 20 46 23 62 120 187 198 93 81 116 183 187 293 150 30 58 63 105 51 78 318 119 0 3 0 1 0 1 0 0 0 17 4 0 1 0 0 1 0 13
0 0 0 0 0 0 0 0 0 0 0 0 3 0 0 28 5 0 0 8 11 18 0 0 0 0 0 0 0 0 0 8 1 0 0 0 4 0 0 1 0 11 3 0 0 0 30 18 1 0 9 109 143 91 158 20 0 69 1 0 0 0 0 3 8 0 8 2 3 0 1 0 0 0 0 13 25 3 1 15 2 3 16 68 7
0 0 0 0 0 0 0 0 0 0 7 0 14 39 3 4 0 0 0 1 0 0 4 4 0 0 0 0 0 0 0 0 0 0 0 0 4 8 0 0 0 5 1 6 2 5 9 4 0 24 54 1 13 2 20 5 2 8 19 5 0 23 0 0 15 27 27 4 11 2 0 0 0 2 3 6 12 2 2 0 3 26 169 24 24
2 0 0 0 0 14 9 0 0 0 0 0 0 13 0 0 0 0 3 0 2 0 0 0 0 0 0 0 0 0 0 0 0 1 0 0 0 1 0 0 0 0 1 4 2 6 6 4 0 8 11 5 17 60 -2147483647 64 55 4 26 211 115 10 8 147 11 0 7 71 0 0 0 0 0 0 1 3 14 0 3 3 1 14 13 1 9
1 0 0 2 0 1 0 0 0 1 0 0 0 0 0 0 1 0 0 19 10 0 0 0 0 0 0 0 0 0 0 0 0 0 0 0 0 0 0 0 2 10 0 34 105 64 102 0 23 53 40 43 18 1 -2147483647 -2147483647 -2147483647 38 9 0 12 0 2 66 56 36 0 13 55 117 55 0 3 0 6 0 2 4 1 1 0 2 0 1 2
1 6 1 4 3 8 5 52 2 5 4 0 0 3 0 2 3 4 5 14 0 0 4 87 40 0 0 1 0 0 0 0 0 48 6 2 12 4 0 4 14 12 3 4 52 33 0 14 89 185 234 341 205 45 34 9 -2147483647 -2147483647 -2147483647 28 -2147483647 -2147483647 27 33 8 0 0 0 1 48 118 6 1 0 2 6 0 0 78 183 65 3 0 0 0
0 2 10 13 19 158 78 40 10 55 22 20 11 36 9 38 27 29 27 27 26 4 52 202 137 85 32 0 0 2 1 0 9 23 24 27 10 19 26 17 14 42 31 89 147 173 106 21 34 38 47 135 135 26 3 1 12 29 -2147483647 -2147483647 -2147483647 -2147483647 -2147483647 -2147483647 -2147483647 -2147483647 12 -2147483647 42 40 27 7 4 11 7 8 6 0 1 1 1 3 23 38 0
4 3 8 8 20 20 1 3 2 8 3 31 15 9 10 3 2 0 24 0 11 0 0 0 0 4 32 23 13 15 0 2 4 2 15 0 0 26 17 3 3 3 24 165 77 30 135 66 29 58 83 71 97 6 1 3 4 63 19 15 -2147483647 -2147483647 -2147483647 -2147483647 -2147483647 -2147483647 -2147483647 -2147483647 -2147483647 -2147483647 -2147483647 55 36 42 31 18 9 0 0 2 0 4 12 61 57
9 10 0 0 2 0 1 0 0 4 0 9 0 2 0 0 3 4 7 9 40 0 0 0 0 0 1 87 23 1 17 122 150 31 13 1 7 0 36 31 48 7 36 137 237 186 38 22 31 189 225 111 0 0 2 0 4 2 41 79 33 32 -2147483647 -2147483647 -2147483647 -2147483647 -2147483647 -2147483647 -2147483647 -2147483647 -2147483647 -2147483647 -2147483647 -2147483647 -2147483647 -2147483647 -2147483647 -2147483647 -2147483647 -2147483647 -2147483647 45 43 44 7
0 22 18 8 0 5 4 0 4 6 0 0 4 0 0 0 0 1 4 3 27 56 129 2 0 0 0 58 96 77 169 109 8 4 0 0 46 16 0 75 17 23 53 334 358 382 144 1 2 78 51 35 7 2 2 27 56 3 27 15 23 3 51 1 8 0 -2147483647 -2147483647 -2147483647 -2147483647 -2147483647 -2147483647 -2147483647 -2147483647 -2147483647 -2147483647 -2147483647 -2147483647 -2147483647 -2147483647 -2147483647 -2147483647 -2147483647 -2147483647 -2147483647
1 3 0 11 4 3 1 0 0 0 0 1 0 1 0 0 32 9 17 0 0 11 18 0 0 0 4 30 67 2 0 7 1 11 56 60 142 118 81 9 0 0 2 20 124 217 250 30 6 66 82 30 0 0 26 132 236 71 10 36 21 9 0 14 10 0 1 -2147483647 -2147483647 -2147483647 -2147483647 -2147483647 -2147483647 -2147483647 -2147483647 -2147483647 -2147483647 -2147483647 -2147483647 -2147483647 -2147483647 -2147483647 -2147483647 -2147483647 -2147483647
-2147483647 -2147483647 -2147483647 -2147483647 -2147483647 -2147483647 55 8 0 0 3 0 3 2 2 4 7 0 2 2 3 0 2 0 0 0 4 0 0 88 14 1 1 16 29 33 0 1 0 0 0 1 0 24 3 1 55 29 250 395 358 293 167 17 0 107 80 13 39 114 121 55 35 0 0 0 0 13 -2147483647 -2147483647 -2147483647 -2147483647 -2147483647 -2147483647 -2147483647 -2147483647 -2147483647 -2147483647 -2147483647 -2147483647 -2147483647 -2147483647 -2147483647 -2147483647 -2147483647
-2147483647 -2147483647 -2147483647 -2147483647 -2147483647 -2147483647 -2147483647 -2147483647 -2147483647 -2147483647 36 0 0 4 44 0 5 0 0 0 0 0 0 0 0 0 5 0 0 0 6 3 22 60 12 0 5 0 0 0 0 23 77 59 41 1 0 7 0 59 136 303 296 74 17 0 68 57 36 16 29 0 0 0 0 0 15 -2147483647 -2147483647 -2147483647 -2147483647 -2147483647 -2147483647 -2147483647 -2147483647 -2147483647 -2147483647 -2147483647 -2147483647 -2147483647 -2147483647 -2147483647 -2147483647 -2147483647 -2147483647
-2147483647 -2147483647 -2147483647 -2147483647 -2147483647 -2147483647 -2147483647 -2147483647 -2147483647 -2147483647 -2147483647 22 0 0 2 0 0 0 1 0 11 0 0 0 0 1 8 0 0 0 44 60 12 1 0 0 0 0 1 0 0 3 18 37 7 0 19 7 1 1 3 4 33 91 115 48 99 26 51 0 0 4 0 0 0 6 -2147483647 -2147483647 -2147483647 -2147483647 -2147483647 -2147483647 -2147483647 -2147483647 -2147483647 -2147483647 -2147483647 -2147483647 -2147483647 -2147483647 -2147483647 -2147483647 -2147483647 -2147483647 -2147483647
-2147483647 -2147483647 -2147483647 -2147483647 -2147483647 -2147483647 -2147483647 -2147483647 -2147483647 -2147483647 -2147483647 2 0 0 0 0 4 8 0 1 0 0 56 0 9 3 53 1 0 0 0 6 7 13 6 7 3 0 1 0 0 0 0 2 56 46 64 20 2 2 12 16 33 31 2 17 42 22 0 43 10 7 0 0 0 3 -2147483647 -2147483647 -2147483647 -2147483647 -2147483647 -2147483647 -2147483647 -2147483647 -2147483647 -2147483647 -2147483647 -2147483647 -2147483647 -2147483647 -2147483647 -2147483647 -2147483647 -2147483647 -2147483647
-2147483647 -2147483647 -2147483647 -2147483647 -2147483647 -2147483647 -2147483647 42 -2147483647 -2147483647 -2147483647 31 0 0 0 1 0 0 0 0 0 15 0 15 4 2 0 23 6 3 0 6 6 157 40 7 0 1 1 0 2 42 51 201 93 113 173 158 246 17 0 12 19 1 5 0 1 9 39 57 51 0 0 0 1 0 1 -2147483647 -2147483647 -2147483647 -2147483647 -2147483647 71 50 -2147483647 -2147483647 -2147483647 -2147483647 -2147483647 -2147483647 86 0 0 0 -2147483647
-2147483647 -2147483647 -2147483647 -2147483647 -2147483647 -2147483647 -2147483647 -2147483647 -2147483647 -2147483647 -2147483647 93 18 4 0 0 0 2 1 1 1 0 0 0 0 2 2 0 0 0 16 11 83 70 3 1 3 24 0 0 8 7 56 97 1 52 14 10 40 168 103 18 19 7 1 0 2 0 0 1 0 34 2 2 0 2 2 24 -2147483647 -2147483647 -2147483647 -2147483647 -2147483647 -2147483647 -2147483647 -2147483647 -2147483647 -2147483647 -2147483647 33 9 14 0 9 4
-2147483647 -2147483647 -2147483647 -2147483647 -2147483647 -2147483647 41 4 16 11 7 3 0 0 2 8 0 2 0 13 1 33 10 1 1 1 0 2 0 0 44 0 2 0 56 19 8 0 0 2 0 1 3 37 47 23 0 2 8 8 6 54 3 13 3 0 1 0 1 1 62 24 1 0 0 0 0 7 -2147483647 -2147483647 -2147483647 -2147483647 -2147483647 -2147483647 -2147483647 -2147483647 -2147483647 -2147483647 63 33 0 1 3 37 56
-2147483647 -2147483647 -2147483647 -2147483647 -2147483647 30 7 0 2 20 17 5 19 0 0 0 0 12 2 17 96 109 21 4 37 2 2 19 11 0 0 5 13 11 11 1 3 0 1 20 35 1 13 9 2 1 0 0 16 39 38 1 0 45 58 10 30 33 25 66 0 7 1 7 0 0 2 7 -2147483647 -2147483647 -2147483647 -2147483647 -2147483647 -2147483647 -2147483647 -2147483647 -2147483647 -2147483647 -2147483647 -2147483647 29 9 22 29 19
-2147483647 -2147483647 -2147483647 29 17 3 0 0 1 5 1 1 1 11 20 1 3 4 23 131 357 258 147 86 81 154 64 14 2 13 4 0 1 9 6 1 38 36 46 57 146 6 0 19 0 31 6 75 100 128 177 47 14 5 31 17 14 101 86 6 13 25 40 78 0 16 1 2 3 -2147483647 -2147483647 -2147483647 -2147483647 -2147483647 -2147483647 -2147483647 -2147483647 -2147483647 -2147483647 -2147483647 -2147483647 -2147483647 13 14 21
-2147483647 -2147483647 24 22 14 19 0 10 15 0 9 29 5 0 51 12 0 6 0 1 105 236 349 192 123 28 95 68 5 11 5 2 9 37 19 26 111 26 5 1 0 0 0 0 0 0 0 0 3 0 30 13 8 7 12 7 20 49 15 10 6 12 0 0 33 5 1 0 0 5 2 9 10 9 43 -2147483647 -2147483647 -2147483647 -2147483647 -2147483647 -2147483647 -2147483647 -2147483647 -2147483647 -2147483647
-2147483647 9 11 5 1 43 5 4 0 6 7 27 41 1 0 2 54 0 0 2 0 1 36 0 0 0 1 70 54 123 73 26 0 105 101 10 11 33 0 0 0 0 0 11 64 43 8 1 2 50 4 26 64 24 5 31 1 5 0 1 1 0 11 0 131 35 0 12 0 9 9 0 1 0 0 4 -2147483647 -2147483647 -2147483647 -2147483647 -2147483647 -2147483647 -2147483647 -2147483647 -2147483647
8 1 4 11 24 5 4 1 8 5 0 19 0 2 3 0 13 1 0 0 31 0 6 1 3 12 63 3 0 2 0 2 5 18 4 0 2 0 22 0 5 3 14 35 68 74 0 0 16 5 0 0 0 0 1 5 27 47 141 97 48 2 0 23 36 88 17 0 0 86 91 0 0 0 0 9 3 0 0 -2147483647 -2147483647 -2147483647 -2147483647 -2147483647 -2147483647
0 0 0 3 10 5 0 0 0 0 7 12 3 22 13 3 1 32 16 14 2 8 4 0 0 13 34 15 10 0 6 6 7 0 1 3 4 0 2 4 1 18 39 6 208 195 12 0 0 0 0 1 0 1 5 21 7 55 89 190 41 2 15 0 110 298 319 196 40 1 48 99 24 0 0 0 2 0 2 1 0 2 11 8 9
5 7 4 26 20 25 0 134 60 1 13 19 0 14 217 70 10 0 3 13 44 56 42 1 8 0 29 4 2 1 0 4 7 34 29 20 7 0 2 0 2 65 189 21 0 47 34 1 5 12 7 7 5 7 0 13 67 44 65 21 0 7 7 4 48 28 375 372 253 30 11 12 2 47 11 1 0 0 1 0 0 1 1 1 0
34 8 0 20 12 0 0 17 4 1 1 97 82 47 4 0 54 42 21 12 25 0 95 34 0 2 16 22 38 0 3 7 3 83 286 229 91 65 18 5 36 4 23 4 0 28 50 30 1 3 2 1 0 1 0 52 82 125 46 189 288 184 158 0 7 49 146 176 101 233 231 148 12 21 10 0 22 9 3 4 0 2 1 2 0
73 148 9 3 0 10 10 0 0 84 36 0 51 138 60 23 43 21 180 57 14 2 117 74 0 16 0 106 48 17 25 0 9 1 44 201 296 294 300 27 0 2 1 0 0 2 0 16 21 39 6 18 78 0 43 4 9 104 57 188 343 365 316 130 4 1 9 9 146 8 12 3 0 0 4 0 1 9 6 9 8 0 1 0 3
128 134 21 0 0 0 33 3 0 102 115 51 137 103 140 7 25 63 262 17 19 7 59 117 4 86 65 59 63 77 8 5 8 0 3 7 58 20 266 53 9 4 0 135 25 0 6 6 1 16 35 44 130 12 23 6 1 45 17 29 18 14 6 7 7 23 19 49 103 23 40 6 0 2 0 0 7 8 4 8 7 1 3 0 1
