Scripts_&_data/Land_cover_rasters/CL_grasslands_16.asc
NCOLS 642 
NROWS 378 
XLLCORNER -19.0000644 
YLLCORNER 18.9999684 
CELLSIZE 0.1666666 
NODATA_value -2147483647 
[rows 228 to 265 of 378, columns 255 to 339 of 642]
24 0 1 3 0 0 0 0 0 0 0 0 0 0 1 0 0 0 0 0 0 0 0 0 0 0 0 0 0 0 8 -2147483647 -2147483647 -2147483647 -2147483647 -2147483647 -2147483647 -2147483647 -2147483647 -2147483647 -2147483647 -2147483647 -2147483647 -2147483647 -2147483647 -2147483647 -2147483647 -2147483647 -2147483647 -2147483647 -2147483647 -2147483647 -2147483647 -2147483647 -2147483647 -2147483647 -2147483647 -2147483647 -2147483647 -2147483647 -2147483647 -2147483647 -2147483647 -2147483647 -2147483647 -2147483647 -2147483647 -2147483647 -2147483647 -2147483647 -2147483647 -2147483647 -2147483647 -2147483647 -2147483647 -2147483647 -2147483647 -2147483647 -2147483647 -2147483647 -2147483647 -2147483647 -2147483647 -2147483647 -2147483647
4 1 16 28 12 9 14 6 10 11 21 0 7 10 0 0 0 0 0 0 0 0 0 0 0 0 0 0 0 0 15 -2147483647 -2147483647 -2147483647 -2147483647 -2147483647 -2147483647 -2147483647 -2147483647 -2147483647 -2147483647 -2147483647 -2147483647 -2147483647 -2147483647 -2147483647 -2147483647 -2147483647 -2147483647 -2147483647 -2147483647 -2147483647 -2147483647 -2147483647 -2147483647 -2147483647 -2147483647 -2147483647 -2147483647 -2147483647 -2147483647 -2147483647 -2147483647 -2147483647 -2147483647 -2147483647 -2147483647 -2147483647 -2147483647 -2147483647 -2147483647 -2147483647 -2147483647 -2147483647 -2147483647 -2147483647 -2147483647 -2147483647 -2147483647 -2147483647 -2147483647 -2147483647 -2147483647 -2147483647 -2147483647
0 0 0 0 0 0 0 0 0 0 0 17 19 0 0 0 0 0 0 0 0 0 0 0 0 0 0 0 0 0 12 -2147483647 -2147483647 -2147483647 -2147483647 -2147483647 -2147483647 -2147483647 -2147483647 -2147483647 -2147483647 -2147483647 -2147483647 -2147483647 -2147483647 -2147483647 -2147483647 -2147483647 -2147483647 -2147483647 -2147483647 -2147483647 -2147483647 -2147483647 -2147483647 -2147483647 -2147483647 -2147483647 -2147483647 -2147483647 -2147483647 -2147483647 -2147483647 -2147483647 -2147483647 -2147483647 -2147483647 -2147483647 -2147483647 -2147483647 -2147483647 -2147483647 -2147483647 -2147483647 -2147483647 -2147483647 -2147483647 -2147483647 -2147483647 -2147483647 -2147483647 -2147483647 -2147483647 -2147483647 -2147483647
0 0 0 0 0 0 0 0 0 0 0 0 0 0 0 0 0 0 0 0 0 0 0 0 0 0 2 11 12 20 -2147483647 -2147483647 -2147483647 -2147483647 -2147483647 -2147483647 -2147483647 -2147483647 -2147483647 -2147483647 -2147483647 -2147483647 -2147483647 -2147483647 -2147483647 -2147483647 -2147483647 -2147483647 -2147483647 -2147483647 -2147483647 -2147483647 -2147483647 -2147483647 -2147483647 -2147483647 -2147483647 -2147483647 -2147483647 -2147483647 -2147483647 -2147483647 -2147483647 -2147483647 -2147483647 -2147483647 -2147483647 -2147483647 -2147483647 -2147483647 -2147483647 -2147483647 -2147483647 -2147483647 -2147483647 -2147483647 -2147483647 -2147483647 -2147483647 -2147483647 -2147483647 -2147483647 -2147483647 -2147483647 -2147483647
0 5 0 0 0 0 0 0 0 0 0 0 0 0 0 0 0 0 0 0 0 0 0 0 0 7 17 -2147483647 -2147483647 -2147483647 -2147483647 -2147483647 -2147483647 -2147483647 -2147483647 -2147483647 -2147483647 -2147483647 -2147483647 -2147483647 -2147483647 -2147483647 -2147483647 -2147483647 -2147483647 -2147483647 -2147483647 -2147483647 -2147483647 -2147483647 -2147483647 -2147483647 -2147483647 -2147483647 -2147483647 -2147483647 -2147483647 -2147483647 -2147483647 -2147483647 -2147483647 -2147483647 -2147483647 -2147483647 -2147483647 -2147483647 -2147483647 -2147483647 -2147483647 -2147483647 -2147483647 -2147483647 -2147483647 -2147483647 -2147483647 -2147483647 -2147483647 -2147483647 -2147483647 -2147483647 -2147483647 -2147483647 -2147483647 -2147483647 -2147483647
0 0 0 0 0 0 0 0 1 6 0 0 0 0 0 0 0 0 0 2 0 0 0 0 0 0 23 -2147483647 -2147483647 -2147483647 -2147483647 -2147483647 -2147483647 -2147483647 -2147483647 -2147483647 -2147483647 -2147483647 -2147483647 -2147483647 -2147483647 -2147483647 -2147483647 -2147483647 -2147483647 -2147483647 -2147483647 -2147483647 -2147483647 -2147483647 -2147483647 -2147483647 -2147483647 -2147483647 -2147483647 -2147483647 -2147483647 -2147483647 -2147483647 -2147483647 -2147483647 -2147483647 -2147483647 -2147483647 -2147483647 -2147483647 -2147483647 -2147483647 -2147483647 -2147483647 -2147483647 -2147483647 -2147483647 -2147483647 -2147483647 -2147483647 -2147483647 -2147483647 -2147483647 -2147483647 -2147483647 -2147483647 -2147483647 -2147483647 -2147483647
0 0 0 0 0 0 0 0 0 0 0 0 0 0 0 0 0 0 0 9 0 6 0 0 5 1 -2147483647 -2147483647 -2147483647 -2147483647 -2147483647 -2147483647 -2147483647 -2147483647 -2147483647 -2147483647 -2147483647 -2147483647 -2147483647 -2147483647 -2147483647 -2147483647 -2147483647 -2147483647 -2147483647 -2147483647 -2147483647 -2147483647 -2147483647 -2147483647 -2147483647 -2147483647 -2147483647 -2147483647 -2147483647 -2147483647 -2147483647 -2147483647 -2147483647 -2147483647 -2147483647 -2147483647 -2147483647 -2147483647 -2147483647 -2147483647 -2147483647 -2147483647 -2147483647 -2147483647 -2147483647 -2147483647 -2147483647 -2147483647 -2147483647 -2147483647 -2147483647 -2147483647 -2147483647 -2147483647 -2147483647 -2147483647 -2147483647 -2147483647 -2147483647
4 5 0 18 31 4 12 17 43 16 0 0 0 1 9 13 5 28 8 1 1 0 0 0 13 20 -2147483647 -2147483647 -2147483647 -2147483647 -2147483647 -2147483647 -2147483647 -2147483647 -2147483647 -2147483647 -2147483647 -2147483647 -2147483647 -2147483647 -2147483647 -2147483647 -2147483647 -2147483647 -2147483647 -2147483647 -2147483647 -2147483647 -2147483647 -2147483647 -2147483647 -2147483647 -2147483647 -2147483647 -2147483647 -2147483647 -2147483647 -2147483647 -2147483647 -2147483647 -2147483647 -2147483647 -2147483647 -2147483647 -2147483647 -2147483647 -2147483647 -2147483647 -2147483647 -2147483647 -2147483647 -2147483647 -2147483647 -2147483647 -2147483647 -2147483647 -2147483647 -2147483647 -2147483647 -2147483647 -2147483647 -2147483647 -2147483647 -2147483647 -2147483647
11 13 5 34 14 3 1 9 0 0 11 7 8 0 12 47 4 0 0 0 0 0 0 46 25 -2147483647 -2147483647 -2147483647 -2147483647 -2147483647 -2147483647 -2147483647 -2147483647 -2147483647 -2147483647 -2147483647 -2147483647 -2147483647 -2147483647 -2147483647 -2147483647 -2147483647 -2147483647 -2147483647 -2147483647 -2147483647 -2147483647 -2147483647 -2147483647 -2147483647 -2147483647 -2147483647 -2147483647 -2147483647 -2147483647 -2147483647 -2147483647 -2147483647 -2147483647 -2147483647 -2147483647 -2147483647 -2147483647 -2147483647 -2147483647 -2147483647 -2147483647 -2147483647 -2147483647 -2147483647 -2147483647 -2147483647 -2147483647 -2147483647 -2147483647 -2147483647 -2147483647 -2147483647 -2147483647 -2147483647 -2147483647 -2147483647 -2147483647 -2147483647 -2147483647
48 44 14 66 43 7 10 5 5 0 0 0 0 0 0 0 0 0 2 0 0 0 5 79 19 -2147483647 -2147483647 -2147483647 -2147483647 -2147483647 -2147483647 -2147483647 -2147483647 -2147483647 -2147483647 -2147483647 -2147483647 -2147483647 -2147483647 -2147483647 -2147483647 -2147483647 -2147483647 -2147483647 -2147483647 -2147483647 -2147483647 -2147483647 -2147483647 -2147483647 -2147483647 -2147483647 -2147483647 -2147483647 -2147483647 -2147483647 -2147483647 -2147483647 -2147483647 -2147483647 -2147483647 -2147483647 -2147483647 -2147483647 -2147483647 -2147483647 -2147483647 -2147483647 -2147483647 -2147483647 -2147483647 -2147483647 -2147483647 -2147483647 -2147483647 -2147483647 -2147483647 -2147483647 -2147483647 -2147483647 -2147483647 -2147483647 -2147483647 -2147483647 -2147483647
51 67 25 51 20 3 0 0 0 0 8 0 0 0 8 27 0 3 0 0 0 0 0 0 0 17 -2147483647 -2147483647 -2147483647 -2147483647 -2147483647 -2147483647 -2147483647 -2147483647 -2147483647 -2147483647 -2147483647 -2147483647 -2147483647 -2147483647 -2147483647 -2147483647 -2147483647 -2147483647 -2147483647 -2147483647 -2147483647 -2147483647 -2147483647 -2147483647 -2147483647 -2147483647 -2147483647 -2147483647 -2147483647 -2147483647 -2147483647 -2147483647 -2147483647 -2147483647 -2147483647 -2147483647 -2147483647 -2147483647 -2147483647 -2147483647 -2147483647 -2147483647 -2147483647 -2147483647 -2147483647 -2147483647 -2147483647 -2147483647 -2147483647 -2147483647 -2147483647 -2147483647 -2147483647 -2147483647 -2147483647 -2147483647 -2147483647 -2147483647 -2147483647
123 54 2 22 0 4 7 2 1 0 0 0 0 1 13 32 32 0 0 0 0 2 4 0 0 0 17 -2147483647 -2147483647 -2147483647 -2147483647 -2147483647 -2147483647 -2147483647 -2147483647 -2147483647 -2147483647 -2147483647 -2147483647 -2147483647 -2147483647 -2147483647 -2147483647 -2147483647 -2147483647 -2147483647 -2147483647 -2147483647 -2147483647 -2147483647 -2147483647 -2147483647 -2147483647 -2147483647 -2147483647 -2147483647 -2147483647 -2147483647 -2147483647 -2147483647 -2147483647 -2147483647 -2147483647 -2147483647 -2147483647 -2147483647 -2147483647 -2147483647 -2147483647 -2147483647 -2147483647 -2147483647 -2147483647 -2147483647 -2147483647 -2147483647 -2147483647 -2147483647 -2147483647 -2147483647 -2147483647 -2147483647 -2147483647 -2147483647 -2147483647
52 5 0 5 22 0 1 0 1 1 0 0 0 20 27 44 29 17 0 1 0 0 7 9 0 0 2 -2147483647 -2147483647 -2147483647 -2147483647 -2147483647 -2147483647 -2147483647 -2147483647 -2147483647 -2147483647 -2147483647 -2147483647 -2147483647 -2147483647 -2147483647 -2147483647 -2147483647 -2147483647 -2147483647 -2147483647 -2147483647 -2147483647 -2147483647 -2147483647 -2147483647 -2147483647 -2147483647 -2147483647 -2147483647 -2147483647 8 4 0 7 10 7 5 9 3 7 7 3 7 -2147483647 -2147483647 -2147483647 -2147483647 -2147483647 -2147483647 -2147483647 -2147483647 -2147483647 -2147483647 -2147483647 -2147483647 -2147483647 -2147483647 -2147483647
54 5 0 32 0 0 0 0 0 0 9 0 8 0 2 1 3 0 0 0 0 11 24 61 9 0 2 -2147483647 -2147483647 -2147483647 -2147483647 -2147483647 -2147483647 -2147483647 -2147483647 -2147483647 -2147483647 -2147483647 -2147483647 -2147483647 -2147483647 -2147483647 -2147483647 -2147483647 -2147483647 -2147483647 -2147483647 -2147483647 -2147483647 -2147483647 -2147483647 -2147483647 -2147483647 14 6 0 0 0 0 4 42 7 18 155 29 43 7 12 5 1 5 -2147483647 -2147483647 -2147483647 -2147483647 -2147483647 -2147483647 -2147483647 -2147483647 -2147483647 -2147483647 -2147483647 -2147483647 -2147483647 -2147483647
17 8 82 65 4 0 0 2 0 0 4 9 8 1 0 0 0 0 0 0 0 0 25 1 3 0 0 11 -2147483647 -2147483647 -2147483647 -2147483647 -2147483647 -2147483647 -2147483647 -2147483647 -2147483647 -2147483647 -2147483647 -2147483647 -2147483647 -2147483647 -2147483647 -2147483647 -2147483647 -2147483647 -2147483647 -2147483647 -2147483647 -2147483647 -2147483647 17 8 0 0 0 0 2 7 13 19 59 98 130 203 43 20 179 200 148 4 4 0 0 0 22 -2147483647 -2147483647 -2147483647 -2147483647 -2147483647 -2147483647 -2147483647 -2147483647 -2147483647
107 53 37 40 0 0 0 0 0 0 0 11 0 21 5 4 5 0 0 0 0 0 0 0 0 0 0 0 5 17 -2147483647 -2147483647 -2147483647 -2147483647 -2147483647 -2147483647 -2147483647 -2147483647 -2147483647 -2147483647 -2147483647 -2147483647 -2147483647 -2147483647 -2147483647 -2147483647 -2147483647 -2147483647 -2147483647 15 1 0 0 0 0 3 3 4 12 6 28 33 7 18 51 25 63 233 76 30 87 57 40 5 0 2 -2147483647 -2147483647 -2147483647 -2147483647 -2147483647 -2147483647 -2147483647 -2147483647 -2147483647
63 79 76 128 29 20 29 15 22 13 55 12 5 91 4 3 8 0 0 0 0 0 0 0 0 0 0 0 0 0 4 7 8 -2147483647 -2147483647 -2147483647 -2147483647 -2147483647 -2147483647 -2147483647 -2147483647 -2147483647 -2147483647 -2147483647 -2147483647 -2147483647 -2147483647 17 0 0 0 0 0 0 2 93 71 83 39 32 96 44 50 22 42 54 95 67 35 24 71 46 19 0 0 0 0 1 13 0 0 -2147483647 -2147483647 -2147483647 -2147483647
45 85 113 7 54 8 21 69 52 85 21 18 14 21 4 1 0 0 0 0 0 0 0 0 0 0 0 8 1 3 26 16 3 9 0 1 0 6 13 8 4 16 13 6 -2147483647 14 8 6 0 0 0 0 0 0 30 27 85 77 118 99 69 63 140 196 171 92 168 185 263 177 42 19 0 0 0 0 0 0 2 0 0 0 1 0 -2147483647
3 1 3 46 5 -2147483647 -2147483647 5 -2147483647 -2147483647 -2147483647 66 6 5 14 8 0 0 0 0 0 1 0 5 -2147483647 -2147483647 -2147483647 -2147483647 -2147483647 -2147483647 -2147483647 -2147483647 -2147483647 -2147483647 3 0 0 0 2 0 0 0 0 0 0 0 0 0 0 1 0 0 0 78 269 310 288 306 335 328 356 147 209 92 115 174 109 116 125 221 226 141 44 13 87 39 19 7 0 0 0 0 0 0 0
31 12 -2147483647 25 -2147483647 -2147483647 30 -2147483647 -2147483647 -2147483647 -2147483647 -2147483647 -2147483647 -2147483647 -2147483647 30 7 0 0 3 0 0 15 -2147483647 -2147483647 -2147483647 -2147483647 -2147483647 -2147483647 -2147483647 -2147483647 -2147483647 -2147483647 -2147483647 -2147483647 21 30 17 13 0 76 0 0 0 1 0 0 0 0 0 41 107 269 173 134 239 352 399 400 399 374 295 354 267 215 209 239 211 169 203 143 29 38 114 191 140 25 10 0 25 19 4 0 0 0
30 22 -2147483647 -2147483647 -2147483647 -2147483647 -2147483647 -2147483647 -2147483647 -2147483647 -2147483647 -2147483647 -2147483647 -2147483647 -2147483647 -2147483647 -2147483647 -2147483647 -2147483647 -2147483647 12 -2147483647 -2147483647 -2147483647 -2147483647 -2147483647 -2147483647 -2147483647 -2147483647 -2147483647 -2147483647 -2147483647 20 16 14 7 0 0 0 5 0 0 0 0 16 41 6 27 37 26 105 89 133 186 287 258 282 400 400 348 370 364 380 219 85 8 126 342 127 219 104 210 96 140 266 201 202 80 12 12 1 33 12 0 1
0 7 -2147483647 -2147483647 -2147483647 -2147483647 -2147483647 -2147483647 -2147483647 -2147483647 -2147483647 -2147483647 74 -2147483647 -2147483647 -2147483647 -2147483647 13 7 13 -2147483647 24 21 -2147483647 -2147483647 -2147483647 14 -2147483647 -2147483647 -2147483647 -2147483647 -2147483647 -2147483647 13 3 197 244 41 21 0 2 4 0 9 44 16 42 103 289 247 226 48 286 377 249 384 317 399 400 358 379 305 128 27 84 220 280 172 108 261 286 287 136 276 332 249 250 196 162 153 91 159 196 140 219
0 -2147483647 -2147483647 -2147483647 22 -2147483647 -2147483647 -2147483647 -2147483647 -2147483647 -2147483647 -2147483647 -2147483647 -2147483647 -2147483647 -2147483647 -2147483647 5 16 0 0 0 0 7 13 11 129 66 0 22 96 14 0 0 3 0 0 1 41 36 70 21 0 31 36 80 167 121 55 159 252 207 282 353 311 262 382 317 400 400 395 275 236 170 73 264 314 236 228 233 310 341 300 268 125 221 167 309 347 310 175 187 218 253 258
-2147483647 -2147483647 19 -2147483647 -2147483647 -2147483647 -2147483647 -2147483647 -2147483647 -2147483647 -2147483647 -2147483647 -2147483647 -2147483647 -2147483647 -2147483647 -2147483647 9 0 0 0 8 0 0 0 0 29 18 0 0 55 13 4 19 136 2 0 1 70 62 145 160 114 98 72 79 134 93 168 103 55 77 156 269 170 354 305 282 392 394 366 353 337 152 107 318 230 238 34 267 249 328 279 255 316 351 368 351 354 398 400 400 383 384 349
-2147483647 -2147483647 -2147483647 -2147483647 -2147483647 -2147483647 -2147483647 -2147483647 -2147483647 71 68 -2147483647 -2147483647 -2147483647 -2147483647 -2147483647 13 0 0 0 0 0 0 0 0 0 0 0 0 0 2 6 15 25 97 72 0 8 110 270 323 354 268 167 136 107 195 230 136 129 121 120 129 142 185 174 168 390 376 389 313 296 234 229 363 375 370 400 355 305 371 392 392 351 382 394 397 400 400 400 400 400 382 389 399
-2147483647 -2147483647 -2147483647 -2147483647 -2147483647 -2147483647 -2147483647 -2147483647 -2147483647 -2147483647 -2147483647 -2147483647 -2147483647 -2147483647 -2147483647 -2147483647 25 0 0 0 6 0 0 0 0 0 5 11 6 4 0 15 67 90 131 201 128 228 311 324 348 292 167 229 90 52 18 38 100 50 53 126 191 89 266 260 384 387 389 389 387 388 153 172 249 278 142 338 386 300 151 280 361 330 379 291 336 400 400 400 393 373 400 400 400
-2147483647 -2147483647 -2147483647 -2147483647 -2147483647 -2147483647 -2147483647 -2147483647 -2147483647 -2147483647 -2147483647 -2147483647 -2147483647 -2147483647 -2147483647 -2147483647 18 13 14 18 17 0 0 0 0 0 0 0 4 22 10 11 2 22 1 99 88 280 325 295 231 276 367 231 194 241 169 165 80 23 39 119 199 141 358 209 362 374 287 208 336 258 278 386 393 344 353 349 207 180 174 195 318 285 121 289 400 400 400 400 400 400 400 400 400
-2147483647 -2147483647 -2147483647 -2147483647 -2147483647 -2147483647 -2147483647 -2147483647 -2147483647 -2147483647 -2147483647 -2147483647 -2147483647 -2147483647 -2147483647 -2147483647 -2147483647 -2147483647 -2147483647 -2147483647 5 1 7 3 0 0 0 5 2 17 0 24 65 37 145 110 175 236 261 209 238 232 331 252 112 97 129 198 82 53 31 62 103 246 369 319 330 378 230 264 274 242 400 387 259 92 163 241 105 182 290 160 373 330 359 400 394 375 400 400 400 393 400 400 400
-2147483647 -2147483647 -2147483647 -2147483647 -2147483647 -2147483647 -2147483647 -2147483647 -2147483647 -2147483647 -2147483647 -2147483647 -2147483647 -2147483647 73 15 25 8 -2147483647 31 6 7 13 14 11 30 7 4 3 14 74 43 143 47 181 265 294 328 323 324 348 332 259 326 161 57 31 74 168 92 49 12 42 198 330 305 374 314 349 306 295 384 394 393 342 188 92 154 201 206 92 234 380 397 381 380 398 372 400 400 400 400 400 400 400
-2147483647 -2147483647 -2147483647 -2147483647 -2147483647 -2147483647 -2147483647 -2147483647 -2147483647 -2147483647 -2147483647 -2147483647 -2147483647 -2147483647 -2147483647 -2147483647 26 3 -2147483647 -2147483647 43 6 0 0 36 4 5 11 27 44 110 106 68 160 145 237 232 196 338 204 274 284 249 307 177 85 62 19 29 46 18 6 2 30 97 232 204 163 144 205 117 308 376 260 267 186 112 152 293 217 198 341 397 399 389 392 398 394 381 348 400 399 400 400 400
-2147483647 -2147483647 -2147483647 -2147483647 -2147483647 -2147483647 -2147483647 -2147483647 -2147483647 -2147483647 -2147483647 -2147483647 -2147483647 -2147483647 -2147483647 -2147483647 -2147483647 -2147483647 -2147483647 -2147483647 -2147483647 23 43 2 8 2 14 7 17 81 76 52 107 83 101 53 71 101 213 330 242 313 330 268 172 233 326 192 135 115 24 12 14 29 102 41 13 167 210 259 186 284 316 224 191 109 199 221 187 253 269 357 282 384 384 397 400 397 389 396 400 400 400 400 400
5 -2147483647 -2147483647 -2147483647 -2147483647 -2147483647 -2147483647 -2147483647 -2147483647 -2147483647 -2147483647 -2147483647 -2147483647 -2147483647 -2147483647 -2147483647 -2147483647 -2147483647 -2147483647 -2147483647 38 20 36 17 3 6 13 46 56 106 22 0 36 76 5 60 135 157 282 232 224 312 178 196 229 152 220 217 104 55 25 3 28 30 48 26 5 126 300 392 245 182 245 311 176 162 358 322 239 394 296 253 268 400 399 358 397 400 400 400 400 400 398 397 399
17 0 2 4 -2147483647 -2147483647 -2147483647 -2147483647 -2147483647 -2147483647 -2147483647 -2147483647 -2147483647 -2147483647 41 -2147483647 -2147483647 36 -2147483647 -2147483647 71 4 16 8 0 0 37 64 78 32 5 14 8 17 8 0 25 260 290 241 294 388 194 210 125 178 132 247 196 213 141 11 43 13 69 72 73 166 225 245 113 211 204 330 322 346 328 369 312 400 393 391 391 400 398 395 400 400 400 400 400 400 400 400 385
19 28 16 21 -2147483647 -2147483647 -2147483647 -2147483647 -2147483647 -2147483647 -2147483647 -2147483647 -2147483647 -2147483647 -2147483647 150 -2147483647 -2147483647 35 -2147483647 -2147483647 21 0 14 5 0 0 24 50 0 14 39 37 58 0 8 16 154 227 139 79 383 228 201 299 323 327 110 2 60 170 66 0 6 30 35 36 44 186 342 122 129 23 124 278 319 391 341 364 260 368 330 397 400 387 400 400 400 400 400 297 355 399 400 395
0 3 38 -2147483647 12 -2147483647 -2147483647 -2147483647 -2147483647 -2147483647 -2147483647 -2147483647 -2147483647 -2147483647 -2147483647 23 -2147483647 62 5 20 1 2 3 4 1 0 1 53 89 91 39 20 32 2 8 98 29 12 171 288 142 168 253 276 256 137 331 343 120 55 72 38 68 20 5 24 45 5 20 136 179 92 230 236 341 399 395 245 342 299 239 250 375 357 379 400 400 400 400 400 346 173 273 396 400
9 8 2 -2147483647 -2147483647 53 -2147483647 -2147483647 -2147483647 -2147483647 -2147483647 -2147483647 -2147483647 -2147483647 -2147483647 -2147483647 -2147483647 -2147483647 -2147483647 -2147483647 36 14 0 0 0 1 4 28 34 50 11 81 4 12 0 19 12 48 90 107 185 287 304 246 322 332 259 362 372 357 371 372 288 262 181 152 242 97 61 124 332 142 216 381 369 399 400 387 361 351 393 389 400 361 382 333 392 381 400 380 356 298 399 394 400
-2147483647 10 5 -2147483647 -2147483647 -2147483647 -2147483647 38 -2147483647 -2147483647 -2147483647 -2147483647 -2147483647 -2147483647 -2147483647 -2147483647 -2147483647 -2147483647 -2147483647 -2147483647 -2147483647 -2147483647 -2147483647 0 0 0 0 0 0 0 22 19 1 6 13 14 12 53 124 86 184 113 179 265 356 400 337 319 243 353 375 385 262 135 53 203 59 95 155 199 313 172 200 326 351 170 203 367 400 400 400 374 337 267 274 350 318 330 400 352 389 398 400 400 396
-2147483647 -2147483647 55 -2147483647 -2147483647 -2147483647 -2147483647 -2147483647 -2147483647 -2147483647 -2147483647 -2147483647 -2147483647 -2147483647 -2147483647 -2147483647 -2147483647 -2147483647 -2147483647 28 18 -2147483647 25 0 0 0 0 6 20 24 11 56 107 13 39 0 37 130 177 179 156 204 163 324 242 323 349 265 356 73 328 389 385 215 92 113 15 166 138 204 225 225 222 217 92 218 280 367 400 399 309 163 199 151 115 323 262 268 351 130 301 366 399 302 199
