Scripts_&_data/Land_cover_rasters/CL_grasslands_16.asc
NCOLS 642 
NROWS 378 
XLLCORNER -19.0000644 
YLLCORNER 18.9999684 
CELLSIZE 0.1666666 
NODATA_value -2147483647 
[rows 228 to 265 of 378, columns 510 to 594 of 642]
399 391 395 358 374 332 284 339 390 387 387 400 400 400 400 400 400 400 400 400 400 393 379 400 400 400 397 394 400 400 400 400 400 400 400 400 400 400 400 400 400 400 400 400 400 396 396 397 400 400 400 400 400 400 400 400 400 400 400 400 400 397 399 400 400 400 400 400 393 390 400 400 396 317 376 400 387 393 397 315 371 400 400 398 378
389 384 399 400 400 382 313 308 380 355 366 338 377 400 400 400 399 400 398 396 400 395 385 384 400 400 400 400 400 400 400 400 400 400 400 400 400 400 400 400 400 400 400 400 400 398 365 398 400 400 400 400 400 400 400 400 400 400 400 400 400 400 400 400 400 400 399 400 397 370 398 391 395 395 395 389 398 385 371 385 400 392 400 399 399
400 400 400 400 400 400 374 111 334 398 309 257 368 389 385 389 400 400 400 400 400 400 394 398 400 400 398 371 400 400 399 400 400 400 400 400 400 400 400 400 400 400 400 400 400 400 350 382 400 400 400 400 400 400 400 393 400 400 400 400 400 398 400 400 397 360 366 323 315 256 242 295 355 386 391 396 395 400 392 399 398 396 396 400 400
400 400 400 400 400 400 397 339 330 342 329 280 327 358 331 352 393 400 400 400 400 400 400 400 400 400 400 378 400 400 391 400 400 400 400 400 400 400 400 400 400 400 400 400 400 395 397 387 398 400 400 400 400 400 399 400 398 400 399 394 400 400 400 377 359 240 256 108 146 162 157 230 305 354 396 400 395 400 370 399 400 389 373 315 275
400 400 400 397 400 400 394 282 324 305 277 362 324 334 300 223 300 296 400 400 400 400 399 399 400 400 400 400 400 400 400 400 398 387 400 400 400 400 400 400 400 400 400 400 398 394 390 392 365 362 368 384 400 400 396 376 383 396 380 392 387 358 352 305 262 47 104 140 253 294 330 391 374 358 399 370 384 400 400 400 360 274 348 388 393
390 399 388 372 400 397 379 192 134 244 185 331 356 332 383 321 351 389 398 400 400 400 394 387 400 400 400 395 377 400 350 309 330 321 362 394 396 400 400 400 400 388 393 358 348 364 388 289 352 287 300 319 358 400 368 339 357 332 356 310 304 295 278 264 254 245 357 292 337 374 384 347 316 231 330 296 350 325 321 365 338 362 383 370 357
377 240 300 389 398 396 228 61 130 272 334 288 266 207 322 384 394 281 361 396 399 397 397 388 382 394 400 398 400 400 368 353 229 379 396 376 386 375 399 396 380 331 294 210 267 184 193 141 120 85 173 163 177 248 299 296 343 241 277 229 324 394 392 392 393 400 357 308 388 386 394 380 380 328 333 374 304 172 61 250 247 314 382 365 392
217 33 53 149 278 296 134 47 185 119 377 387 263 241 157 364 316 349 283 353 372 378 386 389 364 382 392 400 400 400 396 397 341 326 398 399 398 400 387 365 361 395 373 357 384 346 317 319 235 264 281 305 262 258 309 167 230 264 370 298 245 325 381 392 376 375 348 376 278 195 302 304 305 192 166 116 186 361 281 270 347 355 353 297 267
222 79 77 128 207 104 85 78 242 397 399 391 267 271 279 292 270 275 274 230 348 360 341 331 319 327 376 350 372 400 391 389 384 336 329 362 365 344 376 400 398 400 400 398 396 393 368 352 367 373 391 372 379 382 329 340 304 367 396 384 371 399 398 398 393 387 373 386 395 396 400 400 366 343 267 175 167 314 400 397 400 399 398 334 318
341 368 249 136 73 24 61 106 140 232 367 398 391 195 302 358 254 256 226 295 287 274 344 335 387 371 354 360 398 400 400 400 400 400 400 384 335 391 376 391 400 393 399 400 400 400 396 399 391 393 362 337 360 395 398 392 397 400 400 400 387 358 394 400 400 400 400 400 400 400 400 277 237 197 243 302 382 384 400 400 400 400 392 350 318
199 201 197 80 81 73 105 111 188 146 207 324 184 216 146 143 189 119 236 347 343 246 268 376 371 396 382 399 400 397 400 400 400 400 400 390 400 395 400 400 400 400 400 400 400 400 400 399 398 394 400 400 398 396 400 397 400 398 388 399 400 398 382 379 399 399 400 400 393 361 284 243 330 349 348 301 270 348 397 378 339 323 218 103 51
149 187 59 41 1 33 103 119 95 247 276 116 76 129 46 79 131 215 235 270 336 321 376 374 399 394 393 393 400 400 400 400 400 400 400 400 382 398 400 400 400 397 400 397 400 399 400 400 400 400 400 399 400 397 393 400 400 400 400 400 400 400 400 400 396 383 381 377 382 344 333 372 324 243 283 271 257 301 377 362 293 96 56 42 11
183 131 38 12 45 115 236 235 198 287 223 58 122 52 29 54 40 123 213 324 380 379 368 378 362 383 390 400 400 400 400 400 400 400 399 378 394 396 381 393 400 366 386 392 394 379 393 399 394 399 400 394 397 377 399 400 400 400 399 400 400 400 400 373 298 380 387 351 385 348 346 338 399 221 174 294 265 298 357 288 279 199 98 16 20
198 71 123 79 128 220 187 200 298 378 308 114 189 34 12 129 277 257 257 330 214 344 380 372 359 398 399 393 400 399 400 400 400 386 372 318 349 376 398 375 302 361 363 383 359 352 387 389 375 395 397 400 398 400 400 400 400 400 398 400 400 400 400 400 400 400 400 378 393 376 395 389 369 173 304 221 248 204 106 161 187 216 298 150 157
93 227 133 64 23 175 304 310 267 387 355 200 235 54 85 145 144 209 241 174 3 301 296 331 361 377 397 393 399 400 400 399 382 387 376 390 387 340 363 320 345 376 382 379 315 400 395 384 397 389 400 400 400 400 400 400 400 400 400 379 398 378 366 400 397 399 384 313 326 365 386 399 395 337 235 181 61 70 146 100 197 61 43 139 127
108 23 11 57 65 125 334 329 290 389 398 221 281 57 79 164 71 121 74 27 14 25 327 386 400 398 400 400 400 400 391 388 368 361 356 389 396 392 313 340 400 354 263 378 399 385 383 400 400 400 399 398 400 400 399 391 381 393 382 391 393 400 390 400 400 396 400 400 390 327 291 315 310 186 162 98 192 248 47 13 39 2 7 57 35
31 18 1 18 150 207 211 334 371 391 361 293 325 280 90 49 27 87 2 16 51 1 281 395 400 400 400 400 400 400 400 388 352 235 50 331 346 361 362 351 232 158 121 243 293 394 391 394 387 400 400 400 400 393 400 400 399 400 386 344 367 399 400 400 400 400 399 352 398 316 247 297 238 156 134 231 259 147 81 104 27 29 37 28 65
117 206 236 140 164 155 253 166 258 282 314 292 262 306 222 64 22 0 2 9 21 85 385 388 339 397 400 400 400 400 285 162 184 92 161 45 10 212 222 196 185 368 295 295 258 342 397 399 394 400 400 400 400 400 400 400 389 323 293 320 388 399 400 400 400 399 399 302 180 236 145 151 142 218 333 181 54 131 252 307 245 167 45 30 6
268 232 209 303 328 378 381 351 160 104 204 251 62 1 1 11 36 0 0 11 70 158 264 342 342 387 400 400 386 312 165 63 13 12 0 3 0 0 19 107 249 193 327 326 101 185 350 372 398 400 400 400 400 400 400 400 400 388 355 395 400 400 399 400 400 389 336 331 234 232 236 163 180 215 304 225 333 353 378 377 246 227 0 0 21
2 24 40 18 68 141 209 301 370 240 174 41 2 0 0 0 0 0 0 0 224 332 372 382 382 400 400 336 220 26 19 88 162 83 21 0 0 20 150 101 12 43 342 294 303 204 325 393 397 388 360 400 400 400 400 400 400 400 400 389 395 400 393 380 388 395 378 391 320 290 377 302 347 357 367 387 337 237 214 130 166 46 0 0 11
26 25 55 249 156 129 95 51 305 357 88 0 0 0 0 10 0 0 15 0 268 396 389 400 400 394 340 229 13 2 0 0 29 20 0 0 0 103 29 172 116 237 385 284 295 249 280 388 399 400 388 338 400 400 400 400 400 399 364 367 400 399 400 400 381 292 254 249 233 208 172 304 254 137 37 29 15 29 0 1 0 0 16 7 4
4 40 49 176 156 169 54 2 29 81 16 0 0 0 0 7 107 5 16 4 256 359 392 326 343 337 179 93 3 16 23 20 19 100 49 105 324 287 380 379 357 393 345 336 334 200 352 399 392 400 400 386 380 398 391 385 368 391 400 400 400 400 389 379 317 195 337 72 81 39 130 77 32 79 63 5 12 0 0 0 0 7 10 2 0
6 5 3 2 27 43 43 141 66 36 3 0 0 0 0 0 12 28 49 119 256 142 81 296 370 271 237 344 353 364 351 317 354 254 134 216 322 336 345 336 368 347 337 300 343 344 390 400 400 396 400 400 390 396 399 369 395 364 386 392 382 375 366 138 28 103 92 58 51 53 145 113 80 48 55 20 2 1 0 0 0 0 0 0 0
4 3 11 10 0 5 88 166 189 152 125 21 17 89 108 239 282 270 276 311 264 243 343 389 386 397 397 312 271 334 374 388 367 361 399 353 369 327 324 345 386 378 388 391 390 375 387 396 399 316 322 375 379 223 290 352 353 362 282 285 105 162 135 18 52 36 14 88 86 32 46 12 17 3 21 1 0 0 0 2 2 4 0 0 0
3 18 2 0 0 0 29 109 95 13 251 238 217 338 289 342 374 342 337 370 372 385 384 382 392 399 400 340 374 390 364 384 389 369 356 385 367 375 398 400 393 377 365 396 400 390 398 391 302 133 104 228 263 252 169 308 386 269 140 69 159 125 105 11 1 10 35 8 20 0 6 5 0 0 0 0 1 6 4 3 7 1 0 0 0
14 63 0 0 0 0 0 0 7 140 221 359 354 391 371 299 368 398 397 393 392 356 361 352 328 382 347 334 374 372 380 389 394 379 369 391 386 399 395 389 392 397 400 400 393 393 398 245 200 135 79 44 16 92 116 146 146 25 49 7 30 62 5 39 41 58 19 11 4 0 0 0 0 17 49 45 165 14 16 2 0 0 0 0 0
0 0 0 0 4 1 0 23 164 349 391 400 400 368 348 329 246 318 319 351 363 382 373 355 344 284 213 182 264 312 297 278 235 242 376 400 391 382 347 362 391 326 353 377 365 320 297 174 85 74 54 19 26 10 4 0 1 15 7 23 10 30 5 28 5 31 5 9 0 0 0 0 1 0 73 186 34 5 0 0 0 0 0 0 0
0 1 1 45 223 257 152 141 233 355 373 360 397 398 394 372 388 381 355 363 393 384 392 382 337 346 321 275 300 230 245 388 369 375 395 385 345 397 321 268 237 153 117 220 55 27 8 16 12 5 0 23 32 17 5 0 5 29 29 12 3 2 13 4 0 0 0 0 0 0 0 6 11 103 104 0 0 0 0 0 0 0 0 0 0
10 38 36 178 124 268 337 383 392 400 400 400 396 400 399 390 397 398 400 394 386 370 367 383 386 393 355 358 396 389 368 389 390 382 302 179 209 257 220 150 110 28 15 47 1 17 30 0 0 0 11 16 30 60 61 0 0 66 21 0 18 47 18 33 2 2 1 0 0 3 6 16 1 0 0 0 0 0 0 0 0 0 0 0 0
76 75 39 33 0 0 274 400 397 400 400 400 400 400 400 400 400 399 380 400 400 373 345 371 379 389 362 377 372 338 399 398 310 290 294 271 167 94 109 75 32 23 57 87 285 105 14 8 4 3 11 0 16 35 64 26 6 29 21 29 18 60 38 28 17 14 11 3 2 36 32 40 1 0 0 0 0 0 0 0 0 0 0 0 0
75 34 20 20 96 155 329 393 391 400 400 399 400 393 390 375 400 392 396 400 400 394 400 379 319 383 389 375 356 382 382 256 225 262 48 27 7 79 19 30 2 6 13 64 126 22 11 1 1 7 28 9 12 8 46 142 60 15 1 17 8 20 3 0 0 0 0 21 21 43 48 14 0 0 0 0 0 0 0 0 0 0 0 0 0
0 0 10 109 329 398 396 400 400 400 396 399 400 399 397 400 400 400 400 400 393 375 385 390 395 388 372 383 372 398 330 395 232 225 144 82 78 0 0 0 9 4 5 0 0 0 1 0 0 0 29 70 55 21 15 46 50 201 129 34 17 10 6 0 0 0 29 81 64 20 34 0 0 0 0 0 0 0 0 0 0 0 0 0 0
4 43 36 114 269 387 400 400 400 392 358 362 305 250 219 165 123 234 236 379 396 370 376 360 374 400 400 396 384 397 316 226 184 134 283 267 95 4 0 7 2 0 0 0 2 4 0 0 0 4 11 59 133 82 9 19 34 94 162 166 25 8 0 1 5 0 49 18 66 14 6 0 0 0 0 0 0 0 0 0 0 0 0 0 0
0 4 31 127 288 353 361 398 400 394 245 47 18 97 228 161 161 275 241 239 276 344 289 223 272 398 400 395 386 393 379 278 265 305 183 94 38 19 4 12 1 0 0 5 6 4 4 4 0 21 2 0 35 65 29 3 128 77 133 118 143 216 42 0 0 16 28 0 39 2 0 0 0 0 0 0 0 0 0 0 0 0 0 0 0
0 16 43 77 250 209 264 296 253 270 80 5 170 62 132 212 175 98 58 239 228 201 174 253 308 377 400 397 398 395 318 387 338 309 135 57 32 8 8 56 141 32 1 2 0 1 0 0 0 0 0 6 3 0 13 42 163 128 263 279 249 308 258 5 0 0 0 1 12 1 0 0 0 0 0 0 0 0 0 0 0 0 0 0 0
0 0 5 32 86 141 144 299 274 155 0 7 93 62 21 29 11 14 84 150 125 168 248 251 367 369 382 393 319 346 325 380 382 268 162 90 25 34 32 33 37 1 2 10 1 0 0 0 0 0 0 0 2 1 2 31 269 164 148 41 135 41 184 21 0 9 1 1 1 8 0 0 0 0 0 0 0 0 0 0 0 0 0 0 0
2 3 0 87 66 49 57 221 43 89 80 0 108 10 54 24 18 11 11 32 162 133 88 295 379 366 397 398 400 378 382 400 334 297 161 162 90 28 17 41 44 1 12 9 5 0 0 0 0 0 0 0 0 4 7 16 1 106 242 266 233 84 94 31 1 1 0 0 0 0 0 0 0 0 0 0 0 0 0 0 0 0 0 0 0
0 3 0 80 9 30 27 27 0 4 2 0 18 0 5 1 0 2 0 0 66 36 154 338 398 387 400 400 393 389 400 395 334 289 240 161 129 91 39 25 23 41 0 0 15 10 0 0 0 0 0 0 4 11 25 35 0 4 210 327 220 175 334 150 3 0 0 0 0 0 0 0 0 0 0 0 0 0 0 0 0 0 0 0 14
