Scripts_&_data/Land_cover_rasters/CL_urban_areas_16.asc
NCOLS 642 
NROWS 378 
XLLCORNER -19.0000644 
YLLCORNER 18.9999684 
CELLSIZE 0.1666666 
NODATA_value -2147483647 
[rows 200 to 239 of 378, columns 92 to 183 of 642]
0 0 0 5 0 -2147483647 -2147483647 0 0 10 13 0 0 0 0 0 0 0 0 0 0 0 0 0 0 0 0 0 0 0 0 0 4 7 0 53 123 47 14 0 1 6 1 1 10 0 1 0 0 0 0 40 0 0 0 0 0 2 32 29 28 8 0 0 0 0 18 21 282 27 21 0 0 6 22 17 81 75 59 8 16 8 10 17 26 7 9 4 0 14 7 11
0 0 0 0 0 5 0 0 0 6 0 0 0 0 9 0 0 0 0 0 0 0 12 0 1 0 0 0 0 0 28 12 0 0 3 0 0 0 27 9 0 0 2 1 0 0 1 0 0 0 0 1 1 0 0 0 3 0 0 5 0 0 3 7 0 2 13 11 20 69 7 0 6 8 9 24 17 38 3 1 10 61 54 29 11 1 14 151 11 2 3 0
0 0 0 0 0 0 0 0 0 0 0 0 0 0 0 0 0 0 3 0 0 0 0 0 0 0 0 0 0 0 0 0 0 0 0 0 0 0 10 0 0 29 0 0 0 1 61 0 0 0 0 0 1 0 0 0 0 3 2 0 48 0 1 21 0 0 29 3 15 3 3 0 3 9 4 20 30 6 0 0 8 17 46 2 13 2 9 44 2 74 175 237
0 0 0 0 9 0 0 0 0 0 0 44 37 0 4 0 0 16 0 0 0 0 0 28 0 0 0 0 0 1 1 0 0 0 0 0 0 0 19 0 0 6 0 0 0 0 0 0 0 0 0 0 14 0 0 0 0 0 0 0 4 25 0 10 0 30 45 26 37 46 0 1 25 41 26 4 3 16 9 4 28 3 2 4 4 8 8 37 9 40 149 264
2 0 0 0 0 0 0 0 0 0 0 0 0 0 0 0 0 0 0 0 0 0 3 49 0 0 0 0 0 0 0 0 1 131 3 1 2 0 16 0 0 0 13 18 1 5 0 0 0 3 0 0 0 0 0 0 0 0 0 4 0 0 4 0 3 30 6 0 18 15 0 3 11 10 16 7 5 7 0 4 5 0 10 15 0 19 1 0 19 12 34 0
-2147483647 37 4 0 1 10 0 0 0 0 0 0 0 2 0 0 0 0 0 0 0 3 0 0 0 0 0 0 10 0 0 1 1 2 0 0 8 12 0 0 0 0 0 23 0 0 0 0 0 0 0 0 0 0 3 0 0 2 0 0 10 5 1 7 11 113 79 33 0 0 0 1 1 34 15 52 32 29 17 39 4 8 8 34 3 0 2 10 9 7 15 25
-2147483647 -2147483647 -2147483647 0 0 13 0 0 0 1 0 0 0 0 0 0 0 0 0 0 0 0 0 0 0 0 0 0 0 20 13 0 0 0 0 0 0 0 8 4 0 0 0 0 0 0 0 0 3 0 0 0 3 1 0 0 0 0 18 4 0 0 43 47 0 3 3 190 80 16 9 43 5 27 45 17 11 13 19 6 16 7 1 26 0 5 10 0 17 0 1 0
-2147483647 -2147483647 -2147483647 -2147483647 -2147483647 -2147483647 -2147483647 0 0 0 0 0 0 0 2 0 0 0 85 7 0 1 0 0 0 25 98 11 1 0 0 0 9 0 0 0 0 0 0 9 0 0 0 1 0 0 0 1 2 0 0 5 27 0 0 9 0 0 0 0 6 0 26 15 3 0 9 14 10 27 46 77 114 215 66 17 20 18 42 63 48 0 0 1 0 0 8 0 14 2 0 0
-2147483647 -2147483647 -2147483647 -2147483647 -2147483647 -2147483647 -2147483647 -2147483647 -2147483647 2 0 4 143 38 0 0 0 0 0 0 0 14 0 0 0 0 0 0 0 0 0 0 0 0 30 0 0 0 0 0 2 0 0 0 0 0 0 0 0 0 0 11 63 3 11 0 0 26 37 0 0 0 0 0 0 0 7 40 22 21 5 6 7 65 28 18 0 0 10 29 9 0 0 0 0 3 9 0 8 18 53 10
-2147483647 -2147483647 -2147483647 -2147483647 -2147483647 -2147483647 -2147483647 -2147483647 -2147483647 -2147483647 0 0 0 0 0 0 14 0 0 0 0 0 0 0 0 0 0 0 0 0 0 0 0 0 0 2 57 0 0 0 20 6 0 0 0 0 0 0 0 0 6 21 1 4 24 2 3 0 0 0 0 2 14 13 8 39 6 7 0 2 0 42 5 13 6 0 3 0 8 15 10 1 0 0 0 7 0 0 0 0 1 0
-2147483647 -2147483647 -2147483647 -2147483647 -2147483647 -2147483647 -2147483647 -2147483647 -2147483647 0 0 0 0 0 0 0 0 0 0 0 5 0 0 0 0 0 0 0 0 0 0 0 0 2 2 0 0 0 0 0 12 13 6 0 0 0 0 6 0 0 3 2 1 0 1 0 3 0 0 0 11 0 2 34 3 0 73 6 1 0 0 0 1 0 0 0 0 0 3 16 0 1 0 0 0 0 0 0 0 0 7 0
-2147483647 -2147483647 -2147483647 -2147483647 -2147483647 -2147483647 -2147483647 -2147483647 -2147483647 -2147483647 8 0 0 7 0 0 0 0 0 0 0 0 0 0 1 12 0 0 0 0 0 0 15 0 0 0 2 6 0 0 0 0 3 0 0 0 0 1 48 0 16 62 0 0 0 18 0 8 0 0 0 11 4 2 18 3 0 32 1 7 0 1 0 0 0 0 0 0 0 0 0 0 0 0 0 0 0 0 7 4 0 10
-2147483647 -2147483647 -2147483647 -2147483647 -2147483647 -2147483647 -2147483647 -2147483647 -2147483647 -2147483647 -2147483647 9 0 0 0 0 0 0 0 0 0 0 0 6 25 0 0 0 0 0 0 0 0 0 0 0 0 0 0 0 0 18 14 0 0 0 2 0 2 0 0 6 0 2 0 0 0 1 2 2 5 85 3 0 4 0 0 0 0 0 0 0 0 0 0 0 0 0 0 0 0 0 0 0 0 0 0 0 7 4 11 2
-2147483647 -2147483647 -2147483647 -2147483647 -2147483647 -2147483647 -2147483647 -2147483647 -2147483647 -2147483647 -2147483647 -2147483647 0 1 0 0 0 0 0 3 0 0 0 0 0 0 0 0 0 0 0 0 0 0 0 1 0 29 0 0 0 0 0 0 0 4 6 0 0 0 0 2 0 0 0 0 0 4 1 12 17 12 2 21 1 0 0 0 0 0 0 0 0 0 0 4 0 0 0 0 0 0 0 0 3 0 0 0 6 12 9 1
-2147483647 -2147483647 -2147483647 -2147483647 -2147483647 -2147483647 -2147483647 -2147483647 -2147483647 -2147483647 -2147483647 -2147483647 -2147483647 -2147483647 -2147483647 15 0 0 0 14 0 0 0 0 0 0 0 0 0 0 0 0 0 4 0 0 0 3 6 0 0 0 3 0 0 0 0 0 0 0 28 7 0 36 0 25 4 0 108 51 0 0 2 27 5 5 12 12 2 11 2 0 0 0 11 5 19 0 2 0 0 11 4 5 1 0 1 2 4 4 0 4
-2147483647 -2147483647 -2147483647 -2147483647 -2147483647 -2147483647 -2147483647 -2147483647 -2147483647 -2147483647 -2147483647 -2147483647 -2147483647 -2147483647 -2147483647 23 0 0 0 0 0 0 0 0 0 0 0 0 0 0 0 0 0 0 0 0 0 0 0 0 0 2 33 0 0 0 43 0 0 0 37 0 5 2 2 1 13 0 4 5 9 29 0 0 3 0 0 0 0 0 0 30 0 0 7 40 0 0 3 7 0 0 1 0 1 0 3 0 80 23 3 0
-2147483647 -2147483647 -2147483647 -2147483647 -2147483647 -2147483647 -2147483647 -2147483647 -2147483647 -2147483647 -2147483647 -2147483647 -2147483647 -2147483647 -2147483647 0 7 0 0 0 0 0 0 0 0 0 0 0 0 26 0 0 0 0 0 0 0 0 0 1 59 6 1 4 0 0 0 0 5 5 101 42 31 9 21 0 5 4 61 3 0 11 9 1 0 0 0 0 0 0 0 0 20 25 29 38 22 15 36 0 0 7 14 23 0 0 0 17 37 0 0 2
-2147483647 -2147483647 -2147483647 -2147483647 -2147483647 -2147483647 -2147483647 -2147483647 -2147483647 -2147483647 -2147483647 -2147483647 -2147483647 -2147483647 -2147483647 0 0 0 0 0 0 0 1 2 0 0 0 0 0 19 0 0 0 0 0 0 0 0 0 0 147 55 0 3 0 1 0 7 0 3 180 341 103 32 4 0 9 18 0 3 17 0 0 0 0 21 6 2 3 0 0 21 30 22 116 106 170 151 99 113 138 39 6 7 0 0 0 0 2 2 80 12
-2147483647 -2147483647 -2147483647 -2147483647 -2147483647 -2147483647 -2147483647 -2147483647 -2147483647 -2147483647 -2147483647 -2147483647 -2147483647 -2147483647 -2147483647 -2147483647 5 0 0 0 0 0 5 2 0 0 0 0 0 0 0 0 0 0 0 7 0 0 0 0 1 24 0 0 4 0 8 45 0 29 109 51 32 42 6 1 2 80 18 5 8 2 9 0 0 0 0 0 2 1 54 5 11 6 89 194 336 358 111 140 40 70 71 166 13 8 20 8 0 25 92 72
-2147483647 -2147483647 -2147483647 -2147483647 -2147483647 -2147483647 -2147483647 -2147483647 -2147483647 -2147483647 -2147483647 -2147483647 -2147483647 -2147483647 -2147483647 0 0 0 0 0 0 0 0 0 0 0 0 0 0 0 0 0 0 0 0 0 0 0 0 0 0 2 0 0 0 0 3 31 112 19 97 2 4 1 3 7 0 8 11 7 0 0 0 0 0 0 0 4 8 40 1 2 9 40 27 54 165 195 10 3 13 6 10 24 35 21 12 139 93 36 72 1
-2147483647 -2147483647 -2147483647 -2147483647 -2147483647 -2147483647 -2147483647 -2147483647 -2147483647 -2147483647 -2147483647 -2147483647 -2147483647 -2147483647 -2147483647 0 0 0 0 0 0 0 0 0 0 0 6 0 0 0 0 9 0 0 0 0 1 0 0 0 0 0 1 0 0 0 2 1 0 3 88 0 1 0 2 56 128 39 0 0 23 0 0 0 0 0 2 23 23 26 4 8 19 2 9 24 27 12 9 9 4 1 3 3 4 2 19 6 12 59 10 9
-2147483647 -2147483647 -2147483647 -2147483647 -2147483647 -2147483647 -2147483647 -2147483647 -2147483647 -2147483647 -2147483647 -2147483647 -2147483647 -2147483647 -2147483647 0 0 0 3 0 0 0 0 0 0 0 0 0 0 0 1 12 0 0 0 0 0 0 0 0 5 0 4 1 0 24 0 0 0 0 16 34 45 4 0 3 70 0 6 0 0 0 5 1 10 12 85 283 192 7 1 0 22 10 2 10 5 1 11 7 45 19 24 0 5 11 34 17 11 16 7 18
-2147483647 -2147483647 -2147483647 -2147483647 -2147483647 -2147483647 -2147483647 -2147483647 -2147483647 -2147483647 -2147483647 -2147483647 -2147483647 -2147483647 -2147483647 0 0 5 121 0 7 0 0 0 8 1 0 0 0 0 2 0 0 0 0 0 15 0 0 0 0 0 0 0 0 0 0 0 0 0 0 128 2 0 0 0 1 0 0 0 0 19 0 0 0 11 34 68 98 0 0 29 0 37 6 13 3 0 0 0 0 2 6 0 22 48 17 7 30 5 16 63
-2147483647 -2147483647 -2147483647 -2147483647 -2147483647 -2147483647 -2147483647 -2147483647 -2147483647 -2147483647 -2147483647 -2147483647 -2147483647 -2147483647 -2147483647 1 0 1 75 0 0 0 0 0 0 0 0 0 0 0 0 0 0 0 0 0 0 0 0 0 0 2 0 0 0 1 0 0 0 7 22 4 7 0 0 0 0 0 1 0 0 5 0 0 0 10 1 3 10 13 19 5 15 0 11 15 0 0 0 0 0 0 0 27 20 39 10 47 4 11 0 12
-2147483647 -2147483647 -2147483647 -2147483647 -2147483647 -2147483647 -2147483647 -2147483647 -2147483647 -2147483647 -2147483647 -2147483647 -2147483647 -2147483647 -2147483647 2 0 0 0 0 0 0 4 2 0 0 0 0 0 0 0 0 0 0 2 5 0 0 2 0 0 1 8 5 0 0 0 0 12 0 86 0 0 0 0 0 0 0 24 0 8 5 0 0 0 0 15 10 19 0 0 0 0 6 0 7 0 0 0 0 0 0 0 0 0 0 57 80 9 48 61 1
-2147483647 -2147483647 -2147483647 -2147483647 -2147483647 -2147483647 -2147483647 -2147483647 -2147483647 -2147483647 -2147483647 -2147483647 -2147483647 -2147483647 0 0 0 0 0 0 0 0 0 1 0 0 1 0 0 0 14 0 0 0 7 0 0 16 0 0 0 0 0 0 0 0 0 0 0 13 69 3 8 0 0 0 0 0 0 0 0 0 0 0 0 0 9 51 12 0 0 16 2 18 -2147483647 112 8 7 5 0 1 0 0 0 0 0 0 3 11 39 42 5
-2147483647 -2147483647 -2147483647 -2147483647 -2147483647 -2147483647 -2147483647 -2147483647 -2147483647 -2147483647 -2147483647 -2147483647 -2147483647 -2147483647 3 0 0 0 0 0 0 0 0 0 0 20 2 0 0 0 0 0 0 0 0 0 0 0 0 0 0 0 0 0 0 0 9 1 0 22 48 0 1 0 0 0 1 8 0 0 0 0 0 0 0 0 7 8 0 0 0 2 42 -2147483647 -2147483647 -2147483647 -2147483647 -2147483647 -2147483647 0 1 12 0 0 0 0 0 0 0 0 0 0
-2147483647 -2147483647 -2147483647 -2147483647 -2147483647 -2147483647 -2147483647 -2147483647 -2147483647 -2147483647 -2147483647 -2147483647 -2147483647 -2147483647 0 0 0 0 0 0 0 0 0 0 0 0 0 0 9 1 26 0 0 0 8 0 0 0 0 0 19 0 0 0 0 0 44 0 1 9 57 39 16 0 0 0 0 15 10 26 0 0 0 0 0 0 0 0 0 0 11 -2147483647 -2147483647 -2147483647 -2147483647 -2147483647 -2147483647 -2147483647 -2147483647 -2147483647 -2147483647 50 63 0 3 0 0 0 0 3 0 0
-2147483647 -2147483647 -2147483647 -2147483647 -2147483647 -2147483647 -2147483647 -2147483647 -2147483647 -2147483647 -2147483647 -2147483647 -2147483647 -2147483647 0 0 0 0 0 0 0 0 0 0 0 0 0 0 0 0 0 0 0 2 31 14 0 0 0 0 0 0 0 3 0 0 0 3 49 7 79 112 32 0 9 0 9 22 0 0 0 0 0 0 0 0 0 1 11 34 26 -2147483647 -2147483647 -2147483647 -2147483647 -2147483647 -2147483647 -2147483647 -2147483647 -2147483647 -2147483647 -2147483647 -2147483647 58 8 17 32 65 147 27 3 0
-2147483647 -2147483647 -2147483647 -2147483647 -2147483647 -2147483647 -2147483647 -2147483647 -2147483647 -2147483647 -2147483647 -2147483647 -2147483647 2 0 8 0 0 0 0 0 0 0 0 0 0 0 0 0 0 24 0 0 0 0 0 0 0 0 0 0 1 0 1 7 25 23 45 50 72 3 4 12 9 4 6 11 4 0 0 0 0 0 0 7 120 28 -2147483647 -2147483647 -2147483647 -2147483647 -2147483647 -2147483647 -2147483647 -2147483647 -2147483647 -2147483647 -2147483647 -2147483647 -2147483647 -2147483647 -2147483647 -2147483647 -2147483647 50 27 34 26 64 120 15 0
-2147483647 -2147483647 -2147483647 -2147483647 -2147483647 -2147483647 -2147483647 -2147483647 -2147483647 -2147483647 -2147483647 -2147483647 -2147483647 18 0 0 0 0 0 0 0 0 0 0 0 0 0 0 0 9 208 3 0 0 0 14 1 0 0 0 0 1 10 6 58 179 49 28 0 0 7 34 43 24 60 6 0 0 0 0 16 0 0 38 89 -2147483647 -2147483647 -2147483647 -2147483647 -2147483647 -2147483647 -2147483647 -2147483647 -2147483647 -2147483647 -2147483647 -2147483647 -2147483647 -2147483647 -2147483647 -2147483647 -2147483647 -2147483647 -2147483647 18 21 0 4 5 1 14 30
3 4 -2147483647 -2147483647 2 0 -2147483647 -2147483647 -2147483647 -2147483647 -2147483647 -2147483647 26 11 0 0 0 0 6 0 0 0 0 0 0 0 0 0 0 11 4 0 0 0 0 0 1 0 0 0 3 49 39 35 -2147483647 -2147483647 -2147483647 -2147483647 -2147483647 -2147483647 39 95 91 146 116 10 2 2 8 0 0 0 46 -2147483647 -2147483647 -2147483647 -2147483647 -2147483647 -2147483647 -2147483647 -2147483647 -2147483647 -2147483647 -2147483647 -2147483647 -2147483647 -2147483647 -2147483647 -2147483647 -2147483647 -2147483647 -2147483647 -2147483647 -2147483647 15 1 0 1 11 2 0 0
0 0 0 19 77 0 4 0 2 4 33 0 0 0 0 0 0 0 1 50 0 0 29 0 0 0 0 0 0 0 0 0 0 0 0 13 33 0 8 22 37 74 -2147483647 -2147483647 -2147483647 -2147483647 -2147483647 -2147483647 -2147483647 -2147483647 -2147483647 -2147483647 -2147483647 -2147483647 137 63 21 0 20 0 0 9 -2147483647 -2147483647 -2147483647 -2147483647 -2147483647 -2147483647 -2147483647 -2147483647 -2147483647 -2147483647 -2147483647 -2147483647 -2147483647 -2147483647 -2147483647 -2147483647 -2147483647 -2147483647 -2147483647 -2147483647 -2147483647 -2147483647 -2147483647 16 0 0 0 3 1 0
0 0 0 0 1 0 1 2 0 2 0 0 0 0 0 0 0 0 0 0 0 4 4 0 0 0 1 0 0 0 0 2 0 0 0 11 0 0 1 13 29 -2147483647 -2147483647 -2147483647 -2147483647 -2147483647 -2147483647 -2147483647 -2147483647 -2147483647 -2147483647 -2147483647 -2147483647 -2147483647 -2147483647 -2147483647 -2147483647 -2147483647 71 -2147483647 -2147483647 -2147483647 -2147483647 -2147483647 -2147483647 -2147483647 -2147483647 -2147483647 -2147483647 -2147483647 -2147483647 -2147483647 -2147483647 -2147483647 -2147483647 -2147483647 -2147483647 -2147483647 -2147483647 -2147483647 -2147483647 -2147483647 -2147483647 -2147483647 -2147483647 6 0 0 0 0 0 0
0 0 0 0 0 23 9 0 0 0 0 1 10 0 0 0 0 0 0 0 0 0 0 0 0 0 0 0 0 0 0 0 0 0 0 2 0 0 0 5 -2147483647 -2147483647 -2147483647 -2147483647 -2147483647 -2147483647 -2147483647 -2147483647 -2147483647 -2147483647 -2147483647 -2147483647 -2147483647 -2147483647 -2147483647 -2147483647 -2147483647 -2147483647 -2147483647 -2147483647 -2147483647 -2147483647 -2147483647 -2147483647 -2147483647 -2147483647 -2147483647 -2147483647 -2147483647 -2147483647 -2147483647 -2147483647 -2147483647 -2147483647 -2147483647 -2147483647 -2147483647 -2147483647 0 -2147483647 -2147483647 -2147483647 -2147483647 -2147483647 -2147483647 -2147483647 22 0 0 0 0 2
0 0 0 0 9 0 0 0 0 0 0 11 25 0 0 0 0 0 0 0 0 0 0 0 0 0 0 0 0 0 0 0 0 0 0 0 0 5 38 216 -2147483647 -2147483647 -2147483647 -2147483647 -2147483647 -2147483647 -2147483647 -2147483647 -2147483647 -2147483647 -2147483647 -2147483647 -2147483647 -2147483647 -2147483647 -2147483647 -2147483647 -2147483647 -2147483647 -2147483647 -2147483647 -2147483647 -2147483647 -2147483647 -2147483647 -2147483647 -2147483647 -2147483647 -2147483647 -2147483647 -2147483647 -2147483647 -2147483647 -2147483647 -2147483647 -2147483647 -2147483647 -2147483647 15 -2147483647 -2147483647 -2147483647 -2147483647 -2147483647 -2147483647 -2147483647 -2147483647 2 20 0 0 0
0 0 0 0 0 0 0 0 0 0 0 0 0 0 0 0 0 0 0 1 0 0 0 0 0 0 0 0 0 0 3 15 0 0 4 0 5 4 16 37 -2147483647 -2147483647 -2147483647 -2147483647 -2147483647 -2147483647 -2147483647 -2147483647 -2147483647 -2147483647 -2147483647 -2147483647 -2147483647 -2147483647 -2147483647 -2147483647 -2147483647 -2147483647 -2147483647 -2147483647 -2147483647 -2147483647 -2147483647 -2147483647 -2147483647 -2147483647 -2147483647 -2147483647 -2147483647 -2147483647 -2147483647 -2147483647 -2147483647 -2147483647 -2147483647 0 0 0 5 -2147483647 -2147483647 -2147483647 -2147483647 -2147483647 -2147483647 -2147483647 -2147483647 -2147483647 -2147483647 1 0 0
10 0 0 0 0 0 0 22 0 0 0 0 0 0 0 0 0 0 0 0 0 0 1 0 0 0 0 0 0 0 3 0 0 0 0 0 0 0 2 0 18 -2147483647 -2147483647 -2147483647 -2147483647 -2147483647 -2147483647 -2147483647 -2147483647 -2147483647 -2147483647 -2147483647 -2147483647 -2147483647 -2147483647 -2147483647 -2147483647 -2147483647 -2147483647 -2147483647 -2147483647 -2147483647 -2147483647 -2147483647 -2147483647 -2147483647 -2147483647 -2147483647 -2147483647 -2147483647 -2147483647 -2147483647 -2147483647 -2147483647 0 0 0 0 0 -2147483647 -2147483647 -2147483647 -2147483647 -2147483647 -2147483647 -2147483647 -2147483647 -2147483647 -2147483647 3 0 3
0 0 0 0 0 0 0 0 0 0 2 0 0 0 0 0 0 0 0 0 0 0 0 0 0 0 0 0 0 0 0 0 0 0 2 8 15 5 1 11 21 -2147483647 -2147483647 -2147483647 -2147483647 -2147483647 -2147483647 -2147483647 -2147483647 -2147483647 -2147483647 -2147483647 -2147483647 -2147483647 -2147483647 -2147483647 -2147483647 -2147483647 -2147483647 -2147483647 -2147483647 -2147483647 -2147483647 -2147483647 -2147483647 -2147483647 -2147483647 -2147483647 -2147483647 -2147483647 -2147483647 -2147483647 -2147483647 -2147483647 0 0 2 0 0 -2147483647 -2147483647 -2147483647 -2147483647 -2147483647 -2147483647 -2147483647 -2147483647 -2147483647 -2147483647 -2147483647 -2147483647 -2147483647
0 0 0 0 0 0 0 0 0 0 0 4 15 0 0 0 0 0 0 5 0 0 0 0 0 0 0 0 0 0 0 0 0 3 0 16 0 0 28 12 20 -2147483647 -2147483647 -2147483647 -2147483647 -2147483647 -2147483647 -2147483647 -2147483647 -2147483647 -2147483647 -2147483647 -2147483647 -2147483647 -2147483647 -2147483647 -2147483647 -2147483647 -2147483647 -2147483647 -2147483647 -2147483647 -2147483647 -2147483647 -2147483647 -2147483647 -2147483647 -2147483647 -2147483647 -2147483647 -2147483647 -2147483647 -2147483647 -2147483647 0 0 0 0 0 -2147483647 -2147483647 -2147483647 -2147483647 -2147483647 -2147483647 -2147483647 -2147483647 -2147483647 -2147483647 -2147483647 -2147483647 -2147483647
