Scripts_&_data/Land_cover_rasters/CL_urban_areas_16.asc
NCOLS 642 
NROWS 378 
XLLCORNER -19.0000644 
YLLCORNER 18.9999684 
CELLSIZE 0.1666666 
NODATA_value -2147483647 
[rows 160 to 199 of 378, columns 184 to 275 of 642]
27 0 0 0 -2147483647 -2147483647 -2147483647 -2147483647 -2147483647 -2147483647 -2147483647 -2147483647 -2147483647 -2147483647 -2147483647 -2147483647 -2147483647 -2147483647 -2147483647 -2147483647 -2147483647 -2147483647 -2147483647 -2147483647 -2147483647 -2147483647 -2147483647 -2147483647 -2147483647 -2147483647 -2147483647 -2147483647 -2147483647 -2147483647 -2147483647 -2147483647 -2147483647 -2147483647 -2147483647 -2147483647 -2147483647 -2147483647 -2147483647 -2147483647 -2147483647 -2147483647 -2147483647 -2147483647 -2147483647 -2147483647 -2147483647 -2147483647 -2147483647 -2147483647 -2147483647 -2147483647 -2147483647 -2147483647 0 0 0 0 0 15 0 0 0 0 0 0 0 0 0 5 0 0 0 0 14 0 0 0 0 0 0 0 0 0 0 0 0 0
-2147483647 0 0 -2147483647 -2147483647 -2147483647 -2147483647 -2147483647 -2147483647 -2147483647 -2147483647 -2147483647 -2147483647 -2147483647 -2147483647 -2147483647 -2147483647 -2147483647 5 0 0 -2147483647 -2147483647 -2147483647 -2147483647 -2147483647 -2147483647 -2147483647 -2147483647 -2147483647 -2147483647 -2147483647 -2147483647 -2147483647 -2147483647 -2147483647 -2147483647 -2147483647 -2147483647 -2147483647 -2147483647 -2147483647 -2147483647 -2147483647 -2147483647 -2147483647 -2147483647 -2147483647 -2147483647 -2147483647 -2147483647 -2147483647 -2147483647 -2147483647 -2147483647 -2147483647 -2147483647 0 0 0 0 13 0 0 0 0 0 0 0 0 0 0 0 0 0 11 3 0 0 0 0 0 0 0 0 0 0 0 0 0 0 4
-2147483647 0 0 -2147483647 -2147483647 -2147483647 -2147483647 -2147483647 -2147483647 -2147483647 -2147483647 -2147483647 -2147483647 -2147483647 -2147483647 -2147483647 -2147483647 -2147483647 -2147483647 -2147483647 -2147483647 -2147483647 -2147483647 -2147483647 -2147483647 -2147483647 -2147483647 -2147483647 -2147483647 -2147483647 -2147483647 -2147483647 -2147483647 -2147483647 -2147483647 -2147483647 -2147483647 -2147483647 -2147483647 -2147483647 -2147483647 -2147483647 -2147483647 -2147483647 -2147483647 -2147483647 -2147483647 -2147483647 -2147483647 -2147483647 0 0 0 0 0 -2147483647 -2147483647 0 0 0 0 0 0 0 0 0 0 0 0 0 0 0 9 145 25 0 0 0 0 0 0 0 0 0 0 0 0 0 0 0 0 0
0 11 -2147483647 -2147483647 -2147483647 -2147483647 -2147483647 -2147483647 -2147483647 -2147483647 -2147483647 -2147483647 -2147483647 -2147483647 -2147483647 -2147483647 -2147483647 -2147483647 -2147483647 -2147483647 -2147483647 -2147483647 -2147483647 -2147483647 -2147483647 -2147483647 -2147483647 -2147483647 -2147483647 -2147483647 -2147483647 -2147483647 -2147483647 -2147483647 0 0 0 0 0 0 6 -2147483647 -2147483647 -2147483647 -2147483647 -2147483647 -2147483647 -2147483647 -2147483647 -2147483647 6 0 71 86 0 0 0 0 0 0 0 0 0 0 0 0 0 0 0 0 0 0 0 1 0 0 0 1 0 0 6 131 8 0 0 0 0 0 0 0 0 0
-2147483647 -2147483647 -2147483647 -2147483647 -2147483647 -2147483647 -2147483647 -2147483647 -2147483647 0 -2147483647 -2147483647 -2147483647 -2147483647 -2147483647 -2147483647 -2147483647 -2147483647 -2147483647 -2147483647 -2147483647 -2147483647 -2147483647 -2147483647 -2147483647 -2147483647 -2147483647 -2147483647 -2147483647 -2147483647 -2147483647 6 0 0 0 0 15 0 0 9 45 -2147483647 -2147483647 -2147483647 -2147483647 -2147483647 -2147483647 -2147483647 -2147483647 -2147483647 -2147483647 0 0 0 0 0 0 0 0 0 19 2 0 7 0 0 0 0 0 0 20 0 0 0 0 0 0 0 0 0 12 21 0 0 0 0 0 0 0 0 0 8
-2147483647 -2147483647 -2147483647 -2147483647 -2147483647 0 -2147483647 -2147483647 -2147483647 0 4 0 -2147483647 -2147483647 -2147483647 -2147483647 -2147483647 -2147483647 -2147483647 -2147483647 -2147483647 -2147483647 -2147483647 -2147483647 -2147483647 -2147483647 -2147483647 -2147483647 1 0 3 4 31 0 0 0 0 0 0 0 4 132 -2147483647 -2147483647 -2147483647 -2147483647 -2147483647 -2147483647 1 0 0 0 0 0 0 0 0 0 0 0 0 0 0 0 0 0 0 0 0 0 0 0 0 0 27 0 0 0 0 0 0 0 0 0 0 1 0 0 11 0 0 10
-2147483647 -2147483647 -2147483647 0 0 0 0 0 29 0 -2147483647 -2147483647 -2147483647 -2147483647 -2147483647 -2147483647 -2147483647 -2147483647 -2147483647 -2147483647 -2147483647 -2147483647 -2147483647 -2147483647 -2147483647 -2147483647 10 32 0 0 0 0 0 0 3 1 0 0 0 0 0 32 3 0 0 0 26 0 0 0 0 0 0 0 12 0 0 0 0 0 0 0 0 3 0 0 0 0 0 0 0 0 0 0 0 0 0 0 0 0 0 0 0 0 0 0 0 0 0 0 14 30
0 2 83 2 0 0 0 0 0 0 29 0 7 -2147483647 -2147483647 -2147483647 -2147483647 -2147483647 -2147483647 -2147483647 0 0 0 0 0 10 0 0 0 0 0 2 0 0 0 0 0 9 0 0 3 0 23 0 8 0 14 2 0 0 0 0 0 0 0 0 0 0 10 0 16 0 0 0 1 3 0 22 0 0 0 0 0 0 0 0 0 0 0 0 0 0 0 0 0 0 0 0 0 0 0 0
3 4 0 0 2 0 0 5 8 0 1 0 13 0 5 -2147483647 -2147483647 3 1 1 0 4 0 0 0 0 0 0 0 0 0 1 0 0 0 0 2 0 3 0 3 26 0 0 5 0 1 1 0 2 0 0 9 0 4 5 0 22 0 0 0 0 0 5 17 0 0 16 5 0 0 0 1 0 0 0 0 0 0 0 0 39 0 0 0 0 0 0 0 0 0 0
3 0 3 24 0 5 5 1 0 0 0 6 1 0 -2147483647 -2147483647 -2147483647 0 0 2 8 3 6 0 9 2 1 0 0 0 26 7 0 0 9 28 0 9 0 0 0 0 0 38 0 9 2 0 0 22 0 0 43 32 0 0 0 0 0 4 0 5 0 1 21 0 0 0 0 0 4 0 63 53 1 1 0 0 0 0 0 0 0 3 0 0 0 0 0 0 0 0
0 0 0 1 0 6 17 0 0 64 0 0 0 5 21 0 0 41 6 7 0 0 0 7 4 0 7 3 0 5 0 3 0 1 3 0 0 10 1 0 4 2 24 3 2 0 0 23 1 0 0 6 0 0 0 14 6 0 0 0 12 2 3 0 22 0 0 0 5 0 6 2 30 22 0 13 0 0 9 0 0 0 0 0 7 1 0 0 0 0 0 0
8 13 4 4 6 4 0 0 19 0 0 1 0 3 0 2 23 134 14 0 23 0 0 0 0 0 4 0 0 0 9 1 18 0 1 10 2 0 0 0 44 0 42 4 0 0 0 19 0 0 0 0 12 0 0 0 0 0 0 0 0 7 0 0 0 0 9 0 0 0 5 11 1 3 1 0 0 12 0 0 0 0 0 0 0 0 0 0 0 0 6 0
0 0 0 0 5 0 1 1 4 1 0 0 0 13 0 0 13 1 0 0 2 0 3 0 0 2 0 0 14 1 23 2 1 0 0 0 1 8 5 6 0 7 0 3 0 0 34 0 3 1 3 9 0 0 0 0 0 0 2 0 0 3 33 1 0 0 0 2 8 30 0 0 1 3 5 0 20 0 0 0 0 0 0 0 0 0 1 0 0 0 0 0
24 10 1 6 1 0 0 2 1 0 3 6 0 4 5 56 0 0 0 6 0 4 0 0 1 0 0 0 10 0 37 5 0 5 1 4 1 74 110 23 0 98 35 0 6 0 11 2 0 5 0 0 34 0 0 9 0 0 2 57 0 0 14 1 1 0 2 8 85 57 0 7 0 1 6 0 26 0 5 0 0 16 4 0 0 17 56 0 0 0 0 0
3 0 4 0 7 0 19 6 0 2 10 0 62 7 4 0 5 1 0 5 0 3 0 6 8 3 3 3 0 7 0 6 4 0 2 0 10 8 0 0 2 21 19 0 1 8 4 5 7 0 0 4 0 29 0 0 4 0 5 0 1 3 0 13 0 9 2 12 0 0 0 0 0 0 0 0 1 0 0 0 0 0 0 0 0 0 0 0 0 0 0 0
2 0 7 1 3 2 2 0 2 81 5 58 6 1 13 0 0 0 9 7 0 67 0 0 0 0 0 0 9 5 1 5 9 21 1 0 0 3 7 36 3 0 0 22 6 0 0 0 0 0 0 0 1 0 0 0 14 0 1 0 0 25 3 0 2 3 2 0 0 22 1 28 0 0 0 0 0 0 0 0 0 2 12 0 0 0 0 0 5 0 0 0
7 42 3 18 33 0 0 9 45 218 309 213 92 26 2 0 2 17 3 0 0 0 3 4 2 7 5 2 0 13 13 1 7 0 1 50 1 6 1 2 1 4 0 2 39 0 0 21 80 0 0 0 13 0 6 0 6 2 29 1 4 1 0 0 0 0 0 0 4 1 4 0 0 0 0 1 15 0 1 30 0 0 0 0 0 0 0 0 0 0 0 0
12 7 16 6 27 66 1 19 93 167 260 187 66 5 46 0 7 50 5 6 11 0 0 11 0 1 0 0 0 4 48 295 46 8 2 8 4 10 1 7 0 1 1 1 0 0 14 0 4 1 0 1 0 10 29 82 23 52 4 1 0 0 13 10 0 2 0 17 0 0 2 0 5 3 0 0 0 0 2 0 0 9 0 0 3 12 1 0 0 0 0 0
23 17 0 4 0 6 9 2 2 37 14 44 7 6 1 10 1 37 6 0 3 0 0 12 7 9 10 0 13 0 6 25 0 16 1 14 4 2 2 65 3 18 0 3 0 5 28 2 0 0 0 37 3 10 34 291 304 78 7 35 8 0 2 27 0 0 1 0 1 3 0 0 0 2 15 7 48 0 2 0 15 12 2 25 8 7 0 0 0 0 13 0
58 3 3 0 3 9 0 3 28 12 4 0 3 0 0 0 0 30 6 0 10 0 2 13 0 1 15 2 0 12 4 3 16 2 1 0 0 0 0 4 7 12 0 0 0 7 0 0 0 24 2 0 24 29 42 28 86 33 3 0 3 0 2 18 0 0 0 0 55 4 0 26 124 0 0 0 0 0 0 0 0 1 0 27 16 23 45 0 0 0 0 0
10 0 13 60 18 50 10 0 3 0 0 0 3 34 0 0 7 3 39 0 0 0 28 24 1 0 5 0 3 31 2 1 7 0 9 18 7 4 0 0 0 0 0 6 0 20 60 3 12 1 30 7 0 0 0 10 0 8 0 13 0 1 0 0 29 0 14 0 0 1 1 0 0 0 0 0 0 3 0 0 0 0 1 0 0 0 0 0 0 0 0 0
30 17 3 59 33 4 0 10 7 17 0 0 0 6 11 46 52 25 1 7 2 1 0 8 31 19 22 8 0 7 2 0 0 0 20 0 11 2 47 0 0 0 0 1 0 30 288 116 17 1 0 8 0 0 0 0 0 7 8 7 1 1 0 4 0 12 0 0 0 2 0 0 0 0 13 1 3 6 2 0 0 0 0 5 15 4 0 0 0 0 0 0
0 45 5 73 23 4 0 14 6 6 5 10 45 30 29 10 58 17 6 0 25 23 9 11 2 0 25 0 0 1 0 14 0 8 3 1 29 10 0 0 0 0 23 35 16 8 18 11 1 16 51 1 0 4 2 6 0 0 0 18 12 19 1 5 1 2 0 12 0 0 0 11 5 2 5 2 1 2 0 16 0 0 0 0 3 9 0 0 0 0 0 0
1 126 33 76 149 18 17 1 4 15 17 17 30 27 19 29 0 21 1 5 1 0 6 0 0 2 7 34 2 3 0 2 0 0 4 0 0 13 0 0 0 1 0 0 2 11 42 10 43 8 0 16 1 5 0 5 83 41 15 16 0 42 3 0 0 21 0 0 0 0 0 0 0 4 1 3 7 6 2 0 0 0 0 0 4 17 0 0 0 13 0 3
9 48 34 54 128 8 10 5 10 35 14 26 16 10 23 1 36 0 3 11 6 0 1 32 2 3 33 30 0 2 7 8 5 0 13 0 3 5 7 2 0 18 1 1 0 24 7 4 0 0 0 0 26 0 0 7 0 0 0 0 0 0 0 0 4 139 16 10 0 0 0 3 0 0 12 0 0 3 54 1 0 0 0 12 1 3 0 0 0 1 0 0
21 1 30 16 31 14 10 8 22 7 13 125 256 52 4 24 12 15 10 50 14 23 2 0 0 9 0 5 0 0 4 91 175 5 4 1 10 0 0 2 5 0 0 14 5 0 41 0 0 5 0 0 0 2 4 38 39 0 0 2 0 3 0 0 0 0 0 1 4 5 29 13 0 0 0 1 1 6 1 0 5 0 0 6 1 0 0 0 0 0 2 0
3 18 71 4 33 9 46 102 27 19 34 13 20 69 2 7 2 55 40 42 0 4 0 2 52 0 0 16 27 11 1 0 0 18 27 2 0 3 1 13 5 0 3 8 63 6 7 0 0 11 6 3 1 106 10 0 0 0 66 0 0 0 5 26 0 0 0 0 4 6 0 0 0 0 4 23 6 0 0 0 0 12 9 0 0 5 0 0 15 0 0 0
5 10 17 4 98 61 93 110 5 15 2 0 12 15 32 38 2 35 8 3 80 16 0 0 0 0 10 75 2 38 0 2 7 0 4 5 2 54 1 8 1 0 20 10 100 35 4 0 9 0 1 0 2 42 0 0 5 0 2 0 10 2 4 1 7 0 0 0 0 28 0 0 0 7 13 11 2 0 0 0 1 34 68 0 3 4 5 0 0 0 0 0
11 10 33 72 40 43 82 39 45 7 15 91 87 19 57 0 3 4 11 1 16 8 7 11 5 24 3 1 1 11 6 0 2 0 0 9 0 46 7 11 8 0 4 14 4 13 39 0 8 3 3 17 0 11 2 0 15 8 1 1 20 0 41 0 0 0 15 3 0 0 0 0 0 0 0 0 4 0 4 0 0 0 0 8 0 0 0 67 0 0 0 0
7 10 29 14 19 2 5 6 4 58 54 22 27 7 0 20 39 3 0 39 1 0 13 11 9 5 24 9 0 14 0 4 2 18 18 2 0 19 37 41 0 30 63 230 86 86 50 8 13 0 8 0 0 0 11 0 1 0 2 0 6 0 0 6 6 0 0 0 2 3 21 1 1 0 1 58 0 1 2 0 1 0 0 0 21 0 0 0 0 4 4 0
24 57 21 13 5 54 54 44 0 6 5 10 0 0 17 16 26 28 33 16 12 0 3 0 32 51 3 6 0 2 0 0 0 14 13 10 5 0 0 15 0 71 199 286 270 224 62 36 0 0 1 0 4 0 0 5 5 0 43 0 8 0 1 0 15 1 0 0 2 0 0 12 0 0 1 6 2 5 0 0 0 0 0 1 1 0 0 0 0 8 0 24
9 4 30 8 25 20 3 5 3 2 1 0 13 6 40 54 308 175 23 6 8 32 23 16 104 5 5 13 4 0 3 0 5 0 7 1 19 1 2 30 99 156 51 84 95 131 50 12 11 174 160 2 0 0 0 57 17 0 36 0 1 35 41 15 6 5 24 0 0 0 1 0 2 12 0 1 13 0 0 0 16 11 0 0 14 0 0 0 0 0 4 1
5 3 4 12 2 1 20 0 0 0 9 5 0 8 28 21 30 9 14 4 3 11 4 1 14 1 6 5 24 5 0 52 3 3 6 1 1 36 24 123 111 135 12 41 88 31 21 13 34 18 18 0 25 17 1 5 0 0 0 0 3 2 0 0 1 0 1 0 0 0 11 9 5 67 86 0 0 6 0 0 0 0 0 0 0 0 0 0 0 0 0 0
0 14 39 18 0 12 0 7 5 30 127 21 3 14 13 5 1 3 10 8 9 5 2 0 7 8 0 2 11 5 5 7 16 15 2 1 3 9 23 172 112 109 38 12 68 23 0 6 5 3 9 1 11 0 0 2 4 12 27 10 31 0 2 0 0 0 24 0 4 0 6 10 1 38 68 0 0 3 0 21 2 0 1 0 0 0 0 0 0 0 0 0
27 9 15 0 6 0 0 7 8 5 1 4 0 2 0 3 6 5 0 1 0 4 11 17 0 17 4 1 0 13 9 0 0 90 21 9 24 7 35 11 13 1 15 0 2 1 0 0 0 11 0 0 0 16 60 0 4 3 0 0 1 6 7 31 0 0 3 6 6 30 0 0 0 14 0 0 0 0 0 0 0 0 0 75 1 0 0 0 0 0 0 0
11 36 16 8 11 2 1 10 2 22 0 2 1 9 1 0 10 11 21 0 2 10 0 35 5 4 14 0 11 39 6 0 29 3 40 4 7 38 16 1 0 6 22 4 0 0 4 5 1 0 12 1 1 0 0 0 0 0 0 0 0 0 0 2 2 7 0 2 5 0 14 35 7 3 17 6 0 10 0 18 3 3 0 7 0 1 0 0 0 0 0 50
4 0 62 11 1 16 6 5 2 1 0 8 2 26 19 5 20 1 15 0 4 2 10 0 0 26 6 9 15 182 22 13 4 4 43 50 21 0 1 0 0 13 80 10 0 19 6 6 0 11 0 0 3 2 5 0 0 15 1 9 0 1 0 0 0 0 0 1 0 0 34 27 10 29 0 2 1 5 0 0 0 0 0 0 5 0 0 0 0 0 0 0
4 6 120 31 6 2 0 4 1 10 0 0 5 4 5 3 24 4 6 2 8 1 2 1 6 0 0 4 11 24 1 2 8 2 62 10 0 1 3 17 32 4 2 61 12 27 6 29 11 5 0 33 16 3 0 2 7 42 5 3 0 0 2 0 0 0 0 0 6 0 0 1 0 8 0 47 34 0 13 0 0 5 6 0 12 0 0 0 0 0 0 0
0 23 16 11 0 39 5 21 8 0 7 0 0 0 1 0 43 18 1 2 2 0 3 1 0 0 24 0 0 2 5 2 37 37 20 2 0 4 59 18 0 2 0 9 0 0 0 0 0 2 0 1 0 25 0 9 0 25 0 3 21 20 14 2 5 0 0 0 0 0 1 0 0 4 1 3 0 6 98 9 0 0 0 0 0 0 0 6 0 2 0 13
12 7 0 2 2 0 6 21 4 4 2 10 0 0 0 15 3 0 0 13 4 2 1 4 1 1 0 0 2 7 5 39 18 2 8 4 7 9 0 7 0 53 10 0 39 11 1 14 0 3 2 0 2 3 0 0 0 104 0 2 1 36 0 3 6 2 0 0 0 3 0 0 0 0 0 0 1 14 0 4 0 0 7 3 6 1 10 2 0 57 0 0
