Scripts_&_data/Land_cover_rasters/CL_urban_areas_16.asc
NCOLS 642 
NROWS 378 
XLLCORNER -19.0000644 
YLLCORNER 18.9999684 
CELLSIZE 0.1666666 
NODATA_value -2147483647 
[rows 160 to 199 of 378, columns 92 to 183 of 642]
0 0 0 0 0 0 0 0 0 0 0 2 18 -2147483647 -2147483647 -2147483647 -2147483647 -2147483647 -2147483647 -2147483647 -2147483647 -2147483647 -2147483647 -2147483647 -2147483647 -2147483647 -2147483647 -2147483647 -2147483647 -2147483647 -2147483647 -2147483647 -2147483647 -2147483647 -2147483647 -2147483647 -2147483647 -2147483647 -2147483647 -2147483647 -2147483647 -2147483647 -2147483647 -2147483647 -2147483647 -2147483647 -2147483647 -2147483647 -2147483647 -2147483647 -2147483647 -2147483647 -2147483647 -2147483647 -2147483647 -2147483647 -2147483647 -2147483647 -2147483647 -2147483647 -2147483647 -2147483647 -2147483647 -2147483647 -2147483647 -2147483647 -2147483647 -2147483647 -2147483647 -2147483647 -2147483647 -2147483647 -2147483647 -2147483647 0 0 0 0 5 1 -2147483647 -2147483647 0 0 0 0 8 -2147483647 -2147483647 0 0 0
11 0 0 0 0 0 0 0 0 0 0 8 115 -2147483647 -2147483647 -2147483647 -2147483647 -2147483647 -2147483647 -2147483647 -2147483647 -2147483647 -2147483647 -2147483647 -2147483647 -2147483647 -2147483647 -2147483647 -2147483647 -2147483647 -2147483647 -2147483647 -2147483647 -2147483647 -2147483647 -2147483647 -2147483647 -2147483647 -2147483647 -2147483647 -2147483647 -2147483647 -2147483647 -2147483647 -2147483647 -2147483647 -2147483647 -2147483647 -2147483647 -2147483647 -2147483647 -2147483647 -2147483647 -2147483647 -2147483647 -2147483647 -2147483647 -2147483647 -2147483647 -2147483647 -2147483647 -2147483647 -2147483647 -2147483647 -2147483647 -2147483647 -2147483647 -2147483647 -2147483647 -2147483647 -2147483647 -2147483647 -2147483647 -2147483647 0 0 0 0 6 -2147483647 -2147483647 -2147483647 -2147483647 0 0 13 -2147483647 -2147483647 -2147483647 -2147483647 -2147483647 -2147483647
-2147483647 -2147483647 0 0 22 0 0 0 0 0 1 39 214 210 -2147483647 -2147483647 -2147483647 -2147483647 -2147483647 -2147483647 -2147483647 -2147483647 -2147483647 -2147483647 -2147483647 -2147483647 -2147483647 -2147483647 -2147483647 -2147483647 -2147483647 -2147483647 -2147483647 -2147483647 -2147483647 -2147483647 -2147483647 -2147483647 -2147483647 -2147483647 -2147483647 -2147483647 -2147483647 -2147483647 -2147483647 -2147483647 -2147483647 -2147483647 -2147483647 -2147483647 -2147483647 -2147483647 -2147483647 -2147483647 -2147483647 -2147483647 -2147483647 -2147483647 -2147483647 -2147483647 -2147483647 -2147483647 -2147483647 -2147483647 -2147483647 -2147483647 -2147483647 -2147483647 -2147483647 -2147483647 -2147483647 -2147483647 -2147483647 -2147483647 0 0 0 0 2 0 18 0 -2147483647 -2147483647 -2147483647 -2147483647 0 -2147483647 -2147483647 0 -2147483647 -2147483647
-2147483647 0 0 0 0 4 0 0 0 0 0 0 25 17 -2147483647 -2147483647 -2147483647 -2147483647 -2147483647 -2147483647 -2147483647 -2147483647 -2147483647 -2147483647 -2147483647 -2147483647 -2147483647 -2147483647 -2147483647 -2147483647 -2147483647 -2147483647 -2147483647 -2147483647 -2147483647 -2147483647 -2147483647 -2147483647 -2147483647 -2147483647 -2147483647 -2147483647 -2147483647 -2147483647 -2147483647 -2147483647 -2147483647 -2147483647 -2147483647 -2147483647 -2147483647 -2147483647 -2147483647 -2147483647 -2147483647 -2147483647 -2147483647 -2147483647 -2147483647 -2147483647 -2147483647 -2147483647 -2147483647 -2147483647 -2147483647 -2147483647 -2147483647 -2147483647 -2147483647 -2147483647 -2147483647 -2147483647 -2147483647 -2147483647 0 0 0 0 42 0 0 0 -2147483647 -2147483647 -2147483647 -2147483647 -2147483647 -2147483647 -2147483647 0 0 0
8 0 0 0 0 1 0 0 0 0 0 4 44 25 214 68 -2147483647 -2147483647 -2147483647 -2147483647 -2147483647 -2147483647 -2147483647 -2147483647 -2147483647 -2147483647 -2147483647 -2147483647 -2147483647 -2147483647 -2147483647 -2147483647 -2147483647 -2147483647 -2147483647 -2147483647 -2147483647 -2147483647 -2147483647 -2147483647 -2147483647 -2147483647 -2147483647 -2147483647 -2147483647 -2147483647 -2147483647 -2147483647 -2147483647 -2147483647 -2147483647 -2147483647 -2147483647 -2147483647 -2147483647 -2147483647 -2147483647 -2147483647 -2147483647 -2147483647 -2147483647 -2147483647 -2147483647 -2147483647 -2147483647 -2147483647 -2147483647 -2147483647 -2147483647 -2147483647 -2147483647 -2147483647 -2147483647 -2147483647 -2147483647 0 0 0 0 10 0 0 -2147483647 -2147483647 -2147483647 -2147483647 -2147483647 -2147483647 -2147483647 -2147483647 -2147483647 -2147483647
-2147483647 1 0 0 0 2 0 0 0 0 0 0 0 2 0 0 0 0 0 -2147483647 -2147483647 -2147483647 -2147483647 -2147483647 -2147483647 -2147483647 -2147483647 -2147483647 -2147483647 -2147483647 -2147483647 -2147483647 -2147483647 -2147483647 -2147483647 -2147483647 -2147483647 -2147483647 -2147483647 -2147483647 -2147483647 -2147483647 -2147483647 -2147483647 -2147483647 -2147483647 -2147483647 -2147483647 -2147483647 -2147483647 -2147483647 -2147483647 -2147483647 -2147483647 -2147483647 -2147483647 -2147483647 -2147483647 -2147483647 -2147483647 -2147483647 -2147483647 -2147483647 -2147483647 -2147483647 -2147483647 -2147483647 -2147483647 -2147483647 -2147483647 -2147483647 -2147483647 -2147483647 -2147483647 -2147483647 0 6 0 0 0 3 4 28 -2147483647 -2147483647 -2147483647 -2147483647 -2147483647 0 -2147483647 -2147483647 -2147483647
-2147483647 -2147483647 1 0 0 1 0 0 0 0 0 0 0 0 0 0 0 0 0 16 -2147483647 -2147483647 -2147483647 -2147483647 -2147483647 -2147483647 -2147483647 -2147483647 -2147483647 -2147483647 -2147483647 -2147483647 -2147483647 -2147483647 -2147483647 -2147483647 -2147483647 -2147483647 -2147483647 -2147483647 -2147483647 -2147483647 -2147483647 -2147483647 -2147483647 -2147483647 -2147483647 -2147483647 -2147483647 -2147483647 -2147483647 -2147483647 -2147483647 -2147483647 -2147483647 -2147483647 -2147483647 -2147483647 -2147483647 -2147483647 -2147483647 -2147483647 -2147483647 -2147483647 -2147483647 -2147483647 -2147483647 -2147483647 -2147483647 -2147483647 -2147483647 -2147483647 -2147483647 -2147483647 -2147483647 0 10 0 0 13 19 1 40 8 0 0 0 0 -2147483647 -2147483647 -2147483647 -2147483647
-2147483647 -2147483647 -2147483647 -2147483647 -2147483647 21 0 0 0 0 0 0 8 6 0 2 0 0 0 0 12 -2147483647 -2147483647 -2147483647 -2147483647 -2147483647 -2147483647 -2147483647 -2147483647 -2147483647 -2147483647 -2147483647 -2147483647 -2147483647 -2147483647 -2147483647 -2147483647 -2147483647 -2147483647 -2147483647 -2147483647 -2147483647 -2147483647 -2147483647 -2147483647 -2147483647 -2147483647 -2147483647 -2147483647 -2147483647 -2147483647 -2147483647 -2147483647 -2147483647 -2147483647 -2147483647 -2147483647 -2147483647 -2147483647 -2147483647 -2147483647 -2147483647 -2147483647 -2147483647 -2147483647 -2147483647 -2147483647 -2147483647 -2147483647 -2147483647 -2147483647 -2147483647 -2147483647 -2147483647 -2147483647 -2147483647 0 0 0 0 0 32 7 0 0 0 2 -2147483647 -2147483647 -2147483647 -2147483647 -2147483647
-2147483647 -2147483647 -2147483647 -2147483647 2 0 0 0 12 2 11 33 58 8 1 54 0 0 0 9 0 -2147483647 -2147483647 -2147483647 -2147483647 -2147483647 -2147483647 -2147483647 -2147483647 -2147483647 -2147483647 -2147483647 -2147483647 -2147483647 -2147483647 -2147483647 -2147483647 -2147483647 -2147483647 -2147483647 -2147483647 -2147483647 -2147483647 -2147483647 -2147483647 -2147483647 -2147483647 -2147483647 -2147483647 -2147483647 -2147483647 -2147483647 -2147483647 -2147483647 -2147483647 -2147483647 -2147483647 -2147483647 -2147483647 -2147483647 -2147483647 -2147483647 -2147483647 -2147483647 -2147483647 -2147483647 -2147483647 -2147483647 -2147483647 -2147483647 -2147483647 -2147483647 -2147483647 -2147483647 -2147483647 -2147483647 0 0 9 19 4 12 0 8 4 38 86 7 0 10 36 0
-2147483647 -2147483647 -2147483647 -2147483647 12 78 26 77 37 0 30 169 272 129 39 2 4 0 0 89 60 0 -2147483647 -2147483647 -2147483647 -2147483647 -2147483647 -2147483647 -2147483647 -2147483647 -2147483647 -2147483647 -2147483647 -2147483647 -2147483647 -2147483647 -2147483647 -2147483647 -2147483647 -2147483647 -2147483647 -2147483647 -2147483647 -2147483647 -2147483647 -2147483647 -2147483647 -2147483647 -2147483647 -2147483647 -2147483647 -2147483647 -2147483647 -2147483647 -2147483647 -2147483647 -2147483647 -2147483647 -2147483647 -2147483647 -2147483647 -2147483647 -2147483647 -2147483647 -2147483647 -2147483647 -2147483647 -2147483647 -2147483647 -2147483647 -2147483647 -2147483647 -2147483647 6 0 0 1 0 9 24 47 70 63 23 8 0 11 0 1 0 2 0
-2147483647 -2147483647 -2147483647 -2147483647 46 45 110 142 174 111 1 43 20 79 28 102 1 6 57 0 28 54 -2147483647 -2147483647 -2147483647 -2147483647 -2147483647 -2147483647 -2147483647 -2147483647 -2147483647 -2147483647 -2147483647 -2147483647 -2147483647 -2147483647 -2147483647 -2147483647 -2147483647 -2147483647 -2147483647 -2147483647 -2147483647 -2147483647 -2147483647 -2147483647 -2147483647 -2147483647 -2147483647 -2147483647 -2147483647 -2147483647 -2147483647 -2147483647 -2147483647 -2147483647 -2147483647 -2147483647 -2147483647 -2147483647 -2147483647 -2147483647 -2147483647 -2147483647 -2147483647 16 0 0 6 13 70 -2147483647 -2147483647 109 0 0 2 3 32 8 66 343 349 86 7 0 11 0 2 0 74 5
-2147483647 -2147483647 -2147483647 111 280 164 142 67 299 156 4 0 22 247 78 4 1 0 0 0 0 2 2 -2147483647 -2147483647 -2147483647 -2147483647 -2147483647 -2147483647 -2147483647 -2147483647 -2147483647 -2147483647 -2147483647 -2147483647 -2147483647 -2147483647 -2147483647 -2147483647 -2147483647 -2147483647 -2147483647 -2147483647 -2147483647 -2147483647 -2147483647 -2147483647 -2147483647 -2147483647 -2147483647 -2147483647 -2147483647 -2147483647 -2147483647 -2147483647 -2147483647 -2147483647 -2147483647 -2147483647 1 2 0 1 -2147483647 7 37 11 0 0 3 7 0 12 5 3 0 12 0 0 8 35 104 81 44 19 6 4 0 0 8 5 8
2 5 0 37 106 19 21 7 2 15 2 0 1 84 19 11 3 0 59 0 0 0 0 0 -2147483647 -2147483647 -2147483647 -2147483647 -2147483647 -2147483647 -2147483647 -2147483647 -2147483647 -2147483647 -2147483647 -2147483647 -2147483647 -2147483647 -2147483647 -2147483647 -2147483647 -2147483647 -2147483647 -2147483647 -2147483647 -2147483647 -2147483647 -2147483647 -2147483647 -2147483647 -2147483647 -2147483647 -2147483647 -2147483647 -2147483647 11 41 16 5 1 7 106 24 35 0 0 31 0 0 11 3 44 3 66 43 2 2 9 5 8 5 7 2 0 87 3 5 1 4 0 5 9
0 0 0 12 14 0 0 26 100 28 0 0 2 28 107 29 0 17 0 0 0 0 0 2 -2147483647 -2147483647 -2147483647 -2147483647 -2147483647 -2147483647 -2147483647 -2147483647 -2147483647 -2147483647 -2147483647 -2147483647 -2147483647 -2147483647 -2147483647 -2147483647 -2147483647 -2147483647 -2147483647 -2147483647 -2147483647 -2147483647 -2147483647 -2147483647 -2147483647 -2147483647 -2147483647 -2147483647 -2147483647 -2147483647 2 11 8 0 34 0 13 41 22 38 21 1 28 1 0 6 5 81 11 63 183 169 25 3 19 0 18 4 7 1 0 5 0 0 6 3 0 0
0 0 0 1 0 0 0 0 14 28 2 0 20 96 153 93 0 1 18 0 0 16 1 -2147483647 -2147483647 0 0 0 0 0 -2147483647 -2147483647 -2147483647 -2147483647 -2147483647 -2147483647 -2147483647 -2147483647 -2147483647 -2147483647 -2147483647 -2147483647 -2147483647 -2147483647 -2147483647 -2147483647 -2147483647 -2147483647 -2147483647 -2147483647 56 -2147483647 -2147483647 -2147483647 0 0 16 40 3 3 1 18 3 14 8 4 4 19 6 5 33 3 11 3 21 14 2 33 1 28 30 8 22 0 0 28 1 0 13 6 0 0
0 0 0 0 0 21 7 55 0 59 29 11 48 23 32 33 5 0 0 0 4 12 6 2 15 0 0 3 0 6 3 0 -2147483647 -2147483647 -2147483647 -2147483647 -2147483647 -2147483647 -2147483647 -2147483647 -2147483647 -2147483647 -2147483647 -2147483647 -2147483647 -2147483647 -2147483647 -2147483647 -2147483647 -2147483647 53 11 21 -2147483647 -2147483647 -2147483647 21 3 9 18 20 4 4 73 3 44 5 0 5 13 5 38 1 6 9 1 3 10 0 8 0 20 7 2 0 3 1 0 0 0 0 2
0 0 0 0 0 0 0 15 21 286 223 109 21 40 36 119 0 14 3 0 84 0 8 1 0 0 0 0 0 71 8 0 -2147483647 -2147483647 -2147483647 -2147483647 -2147483647 -2147483647 -2147483647 -2147483647 -2147483647 -2147483647 -2147483647 -2147483647 -2147483647 -2147483647 -2147483647 -2147483647 -2147483647 -2147483647 105 36 -2147483647 -2147483647 -2147483647 11 18 39 57 18 5 11 7 8 1 43 15 1 7 11 8 18 12 0 0 1 5 37 10 0 17 17 70 4 1 13 1 0 3 5 16 3
0 0 0 0 0 0 0 0 43 131 206 126 63 78 25 0 2 30 2 0 1 1 0 0 0 0 8 0 0 0 0 0 -2147483647 -2147483647 -2147483647 -2147483647 -2147483647 -2147483647 -2147483647 -2147483647 -2147483647 -2147483647 -2147483647 -2147483647 -2147483647 -2147483647 -2147483647 -2147483647 -2147483647 156 179 189 -2147483647 106 3 33 11 13 25 11 20 57 17 1 45 12 9 4 2 27 21 7 5 14 0 5 0 7 43 102 309 104 26 24 5 31 90 17 0 2 0 0
0 0 0 0 0 0 0 0 38 8 32 2 27 0 2 0 74 25 7 0 8 1 35 0 3 0 15 3 1 0 0 0 -2147483647 -2147483647 -2147483647 -2147483647 -2147483647 -2147483647 -2147483647 -2147483647 -2147483647 -2147483647 -2147483647 -2147483647 -2147483647 -2147483647 -2147483647 -2147483647 -2147483647 177 189 93 39 85 49 42 1 64 35 31 9 21 78 104 50 32 92 56 50 69 150 2 20 52 72 90 39 18 18 21 49 65 0 46 83 150 11 9 21 0 19 33
0 0 0 0 0 13 0 0 0 0 7 0 0 8 3 0 0 88 2 36 4 4 0 2 2 0 1 0 40 28 0 -2147483647 -2147483647 -2147483647 -2147483647 -2147483647 -2147483647 -2147483647 -2147483647 -2147483647 -2147483647 -2147483647 -2147483647 -2147483647 -2147483647 -2147483647 -2147483647 196 200 139 42 22 196 63 42 72 11 22 29 32 9 18 18 22 20 16 27 57 12 6 21 11 59 146 62 22 3 7 56 2 12 46 6 15 55 13 0 5 0 7 0 115
0 0 0 2 0 0 0 0 39 33 0 0 0 0 0 5 0 13 31 74 64 8 7 6 0 7 0 36 0 12 -2147483647 -2147483647 -2147483647 -2147483647 -2147483647 -2147483647 -2147483647 -2147483647 -2147483647 -2147483647 -2147483647 -2147483647 -2147483647 -2147483647 -2147483647 -2147483647 81 208 296 271 31 24 25 27 32 40 50 156 42 55 16 45 30 40 24 31 26 139 40 28 35 55 97 80 40 39 14 16 14 8 7 2 5 10 43 32 27 1 33 0 0 19
0 18 7 14 0 0 0 0 1 0 0 0 0 5 56 0 2 16 9 98 82 69 59 0 34 14 3 0 -2147483647 -2147483647 -2147483647 -2147483647 -2147483647 -2147483647 -2147483647 -2147483647 -2147483647 -2147483647 -2147483647 -2147483647 -2147483647 -2147483647 -2147483647 -2147483647 -2147483647 0 7 2 24 95 76 59 63 109 42 74 62 63 48 11 6 42 4 30 79 36 33 18 94 75 53 11 41 18 107 10 12 4 30 2 1 24 7 20 8 1 4 19 29 7 25 3
14 1 61 57 42 18 38 10 0 0 1 46 0 0 4 0 0 71 63 233 322 362 274 130 75 97 47 -2147483647 -2147483647 -2147483647 -2147483647 -2147483647 -2147483647 -2147483647 -2147483647 -2147483647 -2147483647 -2147483647 -2147483647 -2147483647 -2147483647 -2147483647 -2147483647 19 3 23 7 43 54 60 105 70 134 41 72 58 24 39 20 38 18 75 175 206 326 313 255 260 97 35 26 8 17 8 2 6 12 1 7 4 5 90 0 12 16 2 32 0 3 0 38 42
-2147483647 0 64 -2147483647 -2147483647 18 131 42 0 2 0 0 0 2 12 12 86 65 47 228 310 351 261 127 73 89 26 -2147483647 -2147483647 -2147483647 -2147483647 -2147483647 -2147483647 -2147483647 -2147483647 -2147483647 -2147483647 -2147483647 -2147483647 -2147483647 -2147483647 -2147483647 -2147483647 51 41 15 7 50 26 6 11 13 6 21 190 107 68 5 124 57 30 215 223 176 190 196 197 137 95 31 21 13 24 13 1 22 31 9 63 30 3 4 10 5 7 3 21 24 8 22 3 3
-2147483647 -2147483647 -2147483647 -2147483647 3 0 0 5 10 0 0 0 3 10 0 35 10 83 70 9 57 38 10 19 17 31 0 4 15 0 -2147483647 -2147483647 -2147483647 -2147483647 -2147483647 -2147483647 -2147483647 -2147483647 -2147483647 -2147483647 15 99 6 17 59 31 43 138 325 68 51 92 65 37 68 33 58 66 88 78 206 231 317 182 221 142 24 34 4 3 8 15 1 4 2 16 2 16 98 68 9 6 23 6 25 3 2 0 7 2 2 1
0 0 0 23 6 0 0 0 0 0 0 9 0 1 9 0 2 0 0 2 52 25 0 10 0 0 0 23 11 -2147483647 -2147483647 -2147483647 -2147483647 -2147483647 -2147483647 -2147483647 -2147483647 27 23 5 12 18 14 26 250 39 123 100 216 70 34 58 49 128 66 50 82 80 46 60 72 112 160 297 155 16 16 35 4 22 3 5 7 18 23 3 16 17 14 8 5 6 2 19 1 9 2 8 47 7 5 16
0 0 0 0 0 0 13 0 0 0 2 0 2 113 45 48 12 6 0 12 33 38 0 0 13 30 -2147483647 -2147483647 -2147483647 -2147483647 -2147483647 -2147483647 9 31 11 12 6 0 7 13 39 111 57 65 8 8 96 110 282 108 115 5 14 38 108 96 209 159 202 94 85 84 222 373 255 17 1 21 1 26 64 6 8 5 12 0 7 13 3 1 33 4 1 18 17 10 57 41 59 24 16 65
15 2 0 0 0 0 0 1 0 14 104 32 3 0 13 -2147483647 -2147483647 -2147483647 -2147483647 -2147483647 -2147483647 -2147483647 -2147483647 -2147483647 -2147483647 -2147483647 -2147483647 -2147483647 -2147483647 -2147483647 -2147483647 -2147483647 0 0 3 50 0 9 4 46 187 181 17 20 1 11 8 125 165 66 0 17 11 27 25 82 36 0 116 59 76 29 57 118 300 124 6 10 9 10 14 39 4 13 31 8 8 8 0 0 7 0 2 15 15 6 11 28 6 24 21 20
9 -2147483647 -2147483647 -2147483647 -2147483647 -2147483647 -2147483647 -2147483647 -2147483647 -2147483647 -2147483647 -2147483647 -2147483647 -2147483647 -2147483647 -2147483647 -2147483647 -2147483647 -2147483647 -2147483647 -2147483647 -2147483647 -2147483647 -2147483647 -2147483647 -2147483647 -2147483647 -2147483647 -2147483647 -2147483647 -2147483647 -2147483647 0 0 0 0 42 88 67 125 231 20 75 13 6 0 27 54 21 17 9 4 14 31 93 162 17 28 11 0 0 17 31 18 48 69 8 7 10 15 5 9 44 69 79 3 0 0 11 10 41 0 3 0 16 5 35 0 7 0 37 0
21 -2147483647 -2147483647 -2147483647 -2147483647 -2147483647 -2147483647 -2147483647 -2147483647 -2147483647 -2147483647 -2147483647 -2147483647 -2147483647 -2147483647 -2147483647 -2147483647 -2147483647 -2147483647 -2147483647 -2147483647 -2147483647 -2147483647 -2147483647 -2147483647 -2147483647 -2147483647 -2147483647 -2147483647 -2147483647 -2147483647 1 0 0 1 1 9 65 127 206 194 79 85 135 48 139 49 132 209 102 20 52 4 0 0 0 1 3 4 0 0 0 0 1 0 39 142 173 49 22 58 10 0 11 42 7 4 0 1 6 0 3 3 13 0 0 10 5 12 18 2 6
-2147483647 -2147483647 -2147483647 -2147483647 -2147483647 -2147483647 -2147483647 -2147483647 -2147483647 -2147483647 -2147483647 -2147483647 -2147483647 -2147483647 -2147483647 -2147483647 -2147483647 -2147483647 -2147483647 -2147483647 -2147483647 -2147483647 -2147483647 -2147483647 -2147483647 -2147483647 -2147483647 -2147483647 -2147483647 -2147483647 -2147483647 0 0 0 0 0 0 0 60 8 5 49 51 6 7 57 30 0 0 1 0 0 4 7 5 0 0 0 0 0 3 1 5 4 2 10 6 20 2 5 0 22 14 118 61 47 32 20 10 1 0 0 22 10 1 0 2 35 28 13 4 1
-2147483647 -2147483647 -2147483647 -2147483647 -2147483647 -2147483647 -2147483647 -2147483647 -2147483647 -2147483647 -2147483647 -2147483647 -2147483647 -2147483647 -2147483647 -2147483647 -2147483647 -2147483647 -2147483647 -2147483647 -2147483647 -2147483647 -2147483647 -2147483647 -2147483647 -2147483647 -2147483647 -2147483647 -2147483647 -2147483647 0 0 5 7 0 0 1 2 0 2 1 9 15 0 0 2 9 0 4 0 11 1 0 1 0 0 4 0 0 0 0 0 2 3 11 2 3 0 2 2 42 205 200 284 246 196 83 18 1 7 4 4 5 89 1 22 4 9 19 13 25 1
-2147483647 -2147483647 -2147483647 -2147483647 -2147483647 -2147483647 -2147483647 -2147483647 -2147483647 -2147483647 -2147483647 -2147483647 -2147483647 -2147483647 -2147483647 -2147483647 -2147483647 -2147483647 -2147483647 -2147483647 -2147483647 -2147483647 -2147483647 -2147483647 -2147483647 -2147483647 -2147483647 -2147483647 9 0 0 0 0 0 0 35 7 0 0 1 0 37 6 2 0 0 9 0 0 5 4 0 0 0 3 0 0 1 7 0 0 11 4 28 17 8 1 5 18 110 43 91 143 216 87 70 123 27 0 21 26 35 5 10 3 8 20 105 1 5 0 53
-2147483647 -2147483647 -2147483647 -2147483647 -2147483647 -2147483647 -2147483647 -2147483647 -2147483647 -2147483647 -2147483647 -2147483647 -2147483647 -2147483647 -2147483647 -2147483647 -2147483647 -2147483647 -2147483647 -2147483647 -2147483647 -2147483647 -2147483647 -2147483647 1 0 0 0 0 0 0 0 0 0 0 0 0 0 0 0 9 12 8 0 0 0 0 0 0 0 50 18 0 0 0 0 15 2 18 1 10 74 70 2 6 18 19 9 9 8 18 4 81 116 13 13 20 30 9 23 1 134 49 30 4 0 12 20 74 2 1 14
-2147483647 -2147483647 -2147483647 -2147483647 -2147483647 -2147483647 -2147483647 -2147483647 -2147483647 -2147483647 -2147483647 0 21 0 -2147483647 -2147483647 -2147483647 -2147483647 -2147483647 -2147483647 -2147483647 -2147483647 -2147483647 17 0 0 0 0 0 0 0 0 0 0 0 0 0 0 0 1 5 29 9 24 2 0 0 0 4 0 0 0 1 1 0 4 63 75 105 10 8 14 12 5 2 16 10 3 4 7 21 41 254 132 16 6 3 7 16 5 23 0 3 3 4 12 12 101 88 29 23 5
-2147483647 -2147483647 -2147483647 -2147483647 -2147483647 -2147483647 -2147483647 -2147483647 -2147483647 -2147483647 -2147483647 0 0 0 0 -2147483647 -2147483647 -2147483647 -2147483647 -2147483647 -2147483647 -2147483647 -2147483647 47 0 18 0 6 177 0 0 0 0 0 20 0 1 0 27 18 0 13 28 1 0 0 0 0 0 0 0 0 0 0 8 5 0 44 89 28 0 27 94 33 67 75 34 67 87 14 23 64 186 223 69 3 29 0 10 0 8 5 0 6 0 1 16 99 283 38 12 2
-2147483647 -2147483647 -2147483647 -2147483647 -2147483647 -2147483647 -2147483647 -2147483647 -2147483647 -2147483647 -2147483647 -2147483647 0 0 0 0 0 0 0 40 35 5 0 0 0 0 0 0 40 2 1 0 0 0 0 0 51 15 0 5 4 0 0 0 2 15 76 0 1 0 0 0 0 0 19 1 1 23 153 63 0 1 170 210 146 44 41 55 4 5 40 20 113 117 33 21 26 84 11 18 6 0 0 4 4 20 5 2 54 11 38 0
-2147483647 -2147483647 -2147483647 -2147483647 -2147483647 -2147483647 -2147483647 -2147483647 -2147483647 -2147483647 -2147483647 -2147483647 0 0 0 8 0 0 0 6 5 0 0 6 0 0 0 0 15 2 17 5 9 12 138 105 52 41 1 0 0 0 13 0 0 15 4 0 0 0 0 0 0 0 13 0 0 5 75 56 0 13 83 10 41 0 4 0 2 5 2 73 156 64 23 9 41 111 17 1 26 0 20 4 5 2 10 11 3 0 4 1
-2147483647 -2147483647 -2147483647 -2147483647 -2147483647 -2147483647 -2147483647 -2147483647 -2147483647 -2147483647 -2147483647 -2147483647 -2147483647 0 0 0 3 0 0 0 0 0 0 0 0 0 0 0 0 0 0 0 57 55 212 389 378 276 45 34 2 0 0 0 0 0 0 6 36 0 0 0 0 0 0 2 0 0 40 0 0 0 0 0 0 0 4 5 14 1 8 87 88 38 57 38 138 212 62 10 5 0 32 1 10 4 1 2 0 6 0 2
-2147483647 2 0 1 -2147483647 -2147483647 -2147483647 -2147483647 -2147483647 -2147483647 -2147483647 -2147483647 -2147483647 0 0 0 0 0 5 0 0 0 0 0 0 0 0 0 0 0 7 0 0 54 86 243 351 142 14 0 5 0 0 0 3 0 0 1 0 21 0 0 8 8 0 4 6 35 81 59 0 1 0 0 12 0 10 0 80 34 39 42 9 0 16 87 203 290 121 61 58 6 45 8 0 0 28 9 0 10 97 24
