Scripts_&_data/Land_cover_rasters/CL_urban_areas_16.asc
NCOLS 642 
NROWS 378 
XLLCORNER -19.0000644 
YLLCORNER 18.9999684 
CELLSIZE 0.1666666 
NODATA_value -2147483647 
[rows 200 to 239 of 378, columns 184 to 275 of 642]
7 1 56 40 19 13 2 0 0 8 54 5 0 0 0 0 2 2 0 0 3 6 0 2 5 0 7 0 1 4 1 6 20 7 0 0 18 8 7 9 16 0 3 24 27 3 4 0 0 8 0 3 0 4 0 6 1 55 1 0 10 5 18 81 16 4 0 9 4 0 0 0 0 0 0 0 0 27 0 3 55 0 0 0 26 7 18 1 23 17 1 4
59 13 1 4 8 8 17 22 0 23 10 0 0 0 0 14 5 0 0 0 0 0 1 26 5 5 5 23 3 0 4 12 37 8 4 33 30 1 9 0 10 3 5 4 4 0 0 9 4 0 6 0 0 0 0 0 3 3 0 14 7 8 40 44 24 36 71 4 0 14 0 0 0 0 0 0 0 0 0 0 4 0 0 10 40 38 0 16 8 2 0 0
23 21 3 0 47 44 56 20 36 0 8 0 1 10 53 177 64 39 0 0 17 11 9 51 6 0 5 109 307 48 1 15 73 73 13 9 52 16 51 5 7 25 0 2 0 0 9 1 10 5 0 19 0 22 27 0 2 8 11 18 2 9 71 45 4 38 5 0 25 36 1 0 0 4 0 0 0 4 0 0 15 23 0 0 11 128 12 31 19 7 0 1
111 14 0 12 1 31 9 2 4 0 3 15 26 32 17 1 28 3 11 18 8 2 0 11 0 0 1 153 101 29 12 11 95 55 0 8 11 35 9 14 0 2 0 8 2 2 1 2 36 2 0 0 3 0 120 10 5 15 11 1 15 4 13 25 10 10 8 9 33 4 0 2 2 4 0 8 0 0 1 1 1 0 0 0 3 8 0 0 0 0 0 0
8 15 68 8 5 27 2 22 23 0 0 18 27 0 0 0 0 0 5 0 0 0 0 0 0 0 9 146 28 23 7 26 1 36 1 17 7 11 22 19 0 2 0 0 5 0 0 0 10 3 3 2 40 0 1 2 26 0 11 0 59 8 16 28 8 6 6 0 0 0 0 0 0 47 5 0 0 0 0 0 1 0 0 0 0 10 3 0 15 0 0 0
8 4 6 0 0 7 0 45 91 0 0 5 0 0 0 0 0 0 0 0 0 0 0 0 0 5 36 52 22 43 16 3 2 2 6 72 46 9 71 54 22 23 75 5 76 14 3 7 12 50 27 0 0 4 0 5 2 0 1 10 14 13 9 1 19 0 1 47 1 0 0 9 0 0 0 0 9 0 1 0 0 0 0 0 0 1 2 21 0 19 20 0
0 0 7 18 1 0 0 0 0 1 0 0 0 0 0 0 0 0 0 0 0 0 3 7 1 0 1 0 5 10 8 15 21 24 9 26 5 2 11 22 95 2 0 57 265 104 20 4 2 15 0 2 0 4 9 0 0 0 1 81 25 8 4 0 0 0 0 0 0 0 0 20 0 0 0 0 0 3 0 0 0 0 0 13 5 6 0 21 2 0 6 38
19 8 8 0 0 0 0 3 0 1 0 0 0 0 0 0 0 0 0 2 18 20 14 0 0 2 6 1 0 8 7 0 12 6 14 7 0 0 2 32 3 1 2 136 291 161 12 7 3 1 0 0 0 4 1 1 0 0 6 10 1 2 0 0 4 0 0 0 0 0 0 0 0 0 0 0 1 0 6 0 0 0 8 0 0 0 0 21 0 0 1 3
0 1 0 0 1 0 0 0 0 0 0 0 0 0 0 0 0 5 33 5 0 1 0 9 0 2 4 14 2 47 2 16 14 0 6 1 0 4 29 7 59 14 1 32 30 20 6 8 18 0 9 34 3 0 4 9 2 0 0 8 1 0 0 0 0 0 3 0 25 1 0 0 0 2 0 1 5 2 1 0 0 0 0 0 0 0 0 1 9 1 19 1
0 0 0 0 0 0 0 0 0 0 0 0 0 0 0 0 0 0 1 0 31 5 142 0 10 0 3 0 0 8 4 0 0 0 4 27 2 44 38 5 6 0 0 21 11 0 0 0 16 0 6 9 0 0 0 0 2 7 0 0 0 71 0 0 2 0 0 0 0 0 0 0 0 31 0 0 15 9 0 0 0 0 0 0 0 5 0 0 0 0 1 8
0 1 0 0 0 0 4 0 0 0 0 0 0 0 0 0 4 0 0 6 0 0 2 0 0 16 5 7 0 1 18 13 3 5 8 3 3 51 16 2 0 0 1 44 0 7 0 19 40 0 6 0 0 12 4 4 1 3 1 0 0 0 0 0 0 0 0 0 4 0 0 0 0 0 0 0 0 0 0 0 2 0 14 1 0 1 0 0 36 2 0 45
5 15 3 0 0 0 4 0 0 2 7 6 1 0 3 2 8 2 2 6 0 6 0 15 2 3 5 3 0 0 1 8 5 41 20 20 19 2 3 0 0 0 0 14 1 7 10 0 3 10 14 21 2 4 8 0 48 2 16 10 1 0 0 0 3 0 0 0 0 0 0 70 5 0 0 0 0 0 32 5 0 0 5 24 0 0 0 0 1 4 7 2
1 0 3 0 0 0 0 0 0 0 0 0 14 28 4 51 22 1 3 4 3 0 0 44 29 0 4 5 0 7 0 0 0 1 9 0 0 1 0 3 1 0 2 47 1 26 6 2 3 0 11 35 6 15 21 5 13 32 3 6 0 0 0 0 5 0 0 0 0 0 0 0 25 7 0 0 1 54 0 8 10 0 0 3 13 0 2 0 8 2 3 94
0 0 0 1 3 0 0 2 16 0 0 0 0 0 11 0 0 0 0 0 23 0 2 2 7 14 2 0 14 0 2 8 4 0 4 5 31 0 15 0 0 0 22 3 3 3 22 5 4 7 12 28 14 0 2 5 15 15 3 2 0 3 7 0 0 0 0 0 2 2 2 0 0 5 1 5 0 0 0 0 1 1 1 0 25 0 0 1 38 5 0 13
1 1 4 5 0 0 4 0 10 4 0 0 0 1 0 8 23 20 0 0 2 20 0 0 0 0 1 2 15 2 5 3 2 5 1 0 0 0 0 14 0 0 8 33 0 5 1 0 1 1 38 27 37 14 10 0 17 50 19 10 1 2 3 0 2 0 0 0 1 0 0 0 8 4 0 5 12 0 21 0 3 20 3 0 0 3 0 0 0 12 39 10
0 2 0 15 0 5 2 2 4 87 14 1 0 0 1 0 53 102 2 0 5 5 0 0 0 3 0 0 0 3 2 0 0 0 2 0 4 1 6 82 0 0 18 5 0 1 1 21 22 0 8 0 6 10 2 0 9 15 8 7 5 0 0 0 0 0 0 0 0 5 0 26 0 0 0 6 12 0 0 1 2 0 1 6 1 0 8 5 0 2 3 0
0 0 5 45 10 25 23 22 0 0 49 51 0 2 0 9 0 0 0 0 1 0 6 8 17 9 23 0 0 0 0 3 0 0 22 0 2 8 0 9 0 0 8 0 0 0 0 0 0 0 14 0 8 3 0 0 0 0 0 0 0 4 0 4 0 3 0 26 3 4 9 3 0 0 0 0 0 0 2 17 2 9 0 13 20 3 1 26 0 0 5 11
58 23 34 73 3 6 6 10 8 -2147483647 3 -2147483647 22 5 0 0 2 0 0 0 10 11 0 1 13 118 91 3 0 0 0 0 2 3 7 0 4 0 3 3 11 5 0 6 15 0 0 1 0 0 11 0 7 0 0 0 0 85 0 1 3 34 0 0 0 0 0 71 16 0 0 0 4 0 37 11 0 1 7 8 4 4 12 46 2 3 4 0 0 0 6 6
20 9 23 75 13 40 2 -2147483647 -2147483647 -2147483647 -2147483647 -2147483647 60 10 0 5 0 0 0 8 0 2 0 1 0 0 0 0 10 0 0 0 0 9 0 0 0 0 0 0 1 31 47 1 0 0 2 11 0 0 22 0 0 0 0 0 0 0 0 2 0 0 1 0 6 0 0 9 0 0 0 0 0 0 0 0 0 0 0 0 0 10 25 55 17 0 0 0 0 0 0 3
61 194 27 -2147483647 -2147483647 -2147483647 -2147483647 -2147483647 -2147483647 -2147483647 -2147483647 2 0 0 0 6 45 0 0 0 0 0 1 7 0 0 0 16 40 0 10 1 0 0 0 0 9 0 1 0 1 0 0 20 5 0 0 0 0 0 0 0 39 1 3 0 0 3 2 5 7 7 0 19 0 0 0 0 1 37 41 0 0 0 0 1 0 0 0 0 1 5 0 8 0 0 0 5 1 0 1 2
28 5 12 -2147483647 -2147483647 -2147483647 -2147483647 -2147483647 -2147483647 -2147483647 -2147483647 -2147483647 0 1 0 0 -2147483647 6 2 0 0 0 0 0 2 0 0 0 0 3 2 0 0 1 14 0 1 3 16 0 6 0 11 0 0 0 21 2 65 63 1 12 5 11 0 1 0 0 0 1 0 33 0 1 0 0 0 0 0 0 2 0 0 0 0 0 0 0 3 2 15 0 0 23 24 5 15 11 0 8 23 6
38 2 14 36 -2147483647 -2147483647 -2147483647 -2147483647 -2147483647 -2147483647 -2147483647 -2147483647 0 0 0 -2147483647 -2147483647 12 -2147483647 0 0 0 1 1 0 0 0 0 2 0 0 0 0 11 0 5 0 15 20 0 8 3 6 0 0 7 0 0 12 2 6 9 7 10 2 0 4 36 3 7 5 0 0 0 0 0 0 0 4 37 0 0 0 0 0 17 38 1 11 0 0 1 30 5 41 19 22 4 5 0 20 19
4 0 4 6 3 -2147483647 -2147483647 -2147483647 -2147483647 -2147483647 -2147483647 -2147483647 -2147483647 23 -2147483647 -2147483647 3 -2147483647 -2147483647 2 0 3 0 0 0 2 2 0 0 0 13 0 0 8 0 4 0 0 0 0 0 0 18 4 0 0 0 40 2 0 5 32 80 55 11 8 0 3 6 2 0 0 0 0 0 0 0 0 6 0 0 0 0 0 0 5 0 0 3 83 1 3 56 21 0 24 135 9 3 0 0 0
2 0 5 38 -2147483647 -2147483647 -2147483647 -2147483647 -2147483647 -2147483647 -2147483647 -2147483647 -2147483647 -2147483647 -2147483647 -2147483647 0 -2147483647 -2147483647 0 0 0 0 0 0 11 0 0 0 3 1 0 0 51 0 0 0 0 11 2 0 0 0 0 0 21 0 10 48 1 2 39 196 76 12 24 14 22 3 14 0 0 0 0 0 2 0 3 0 0 0 0 0 0 0 35 0 0 0 24 3 9 7 12 9 15 26 21 6 13 2 0
4 4 6 3 -2147483647 -2147483647 -2147483647 -2147483647 -2147483647 -2147483647 -2147483647 -2147483647 -2147483647 -2147483647 -2147483647 -2147483647 -2147483647 -2147483647 -2147483647 -2147483647 0 0 3 0 0 0 0 0 0 0 0 0 0 0 0 0 0 5 14 0 0 36 16 0 0 17 0 0 0 0 0 23 0 0 0 55 18 38 5 2 0 0 0 0 0 34 19 0 0 1 0 0 0 0 0 9 4 0 1 4 0 0 0 9 0 27 51 13 0 0 2 0
33 23 4 98 -2147483647 -2147483647 -2147483647 -2147483647 -2147483647 -2147483647 -2147483647 -2147483647 -2147483647 -2147483647 -2147483647 -2147483647 -2147483647 -2147483647 -2147483647 -2147483647 0 0 0 0 0 0 0 0 3 0 0 0 0 7 0 0 0 0 5 0 0 6 7 0 1 0 0 0 0 0 0 10 0 0 12 18 26 3 4 0 1 0 0 0 0 2 1 0 0 0 0 0 49 0 4 8 35 1 6 4 4 0 4 4 19 49 279 98 7 1 0 0
2 18 62 16 -2147483647 -2147483647 -2147483647 -2147483647 -2147483647 -2147483647 -2147483647 -2147483647 -2147483647 -2147483647 -2147483647 -2147483647 -2147483647 -2147483647 -2147483647 -2147483647 -2147483647 3 0 0 0 0 0 0 0 0 0 0 0 0 0 0 1 30 0 0 0 0 0 5 0 0 0 0 0 28 0 0 0 6 0 0 22 15 4 0 1 0 0 0 0 12 16 0 0 0 0 0 45 15 1 4 6 2 12 0 0 1 0 6 0 1 27 17 7 12 0 10
1 0 0 30 61 -2147483647 -2147483647 -2147483647 -2147483647 -2147483647 -2147483647 -2147483647 -2147483647 -2147483647 -2147483647 -2147483647 -2147483647 -2147483647 -2147483647 -2147483647 -2147483647 38 1 0 0 0 0 0 0 0 0 1 0 0 5 0 0 0 11 3 0 0 0 0 0 0 0 0 0 0 0 0 7 0 0 61 4 4 9 0 0 0 13 0 0 3 3 55 8 2 7 2 2 1 13 0 9 8 0 11 5 3 1 0 2 0 5 3 1 38 7 0
0 0 0 1 9 17 35 37 -2147483647 -2147483647 -2147483647 -2147483647 -2147483647 -2147483647 -2147483647 -2147483647 -2147483647 -2147483647 -2147483647 -2147483647 -2147483647 -2147483647 -2147483647 4 0 0 0 0 0 0 0 0 0 0 0 0 0 0 1 23 61 0 0 0 0 0 0 2 5 14 14 14 55 0 0 15 0 24 57 1 0 0 0 20 0 4 1 39 13 16 0 7 0 11 7 0 0 22 3 0 0 8 16 0 0 87 30 1 0 0 0 0
4 0 0 0 0 1 0 2 17 -2147483647 -2147483647 -2147483647 -2147483647 -2147483647 -2147483647 -2147483647 -2147483647 -2147483647 -2147483647 -2147483647 -2147483647 -2147483647 -2147483647 -2147483647 9 14 0 0 0 0 0 0 0 0 0 0 2 0 0 11 17 6 0 5 0 6 0 0 1 4 3 0 0 24 45 0 4 0 14 2 0 0 0 0 0 0 0 4 0 36 0 2 11 7 12 9 11 15 8 3 0 1 0 4 1 15 0 2 2 2 1 1
2 5 14 17 0 0 0 1 0 23 33 -2147483647 -2147483647 -2147483647 -2147483647 -2147483647 -2147483647 -2147483647 -2147483647 -2147483647 -2147483647 -2147483647 -2147483647 -2147483647 -2147483647 -2147483647 0 20 49 7 0 0 0 0 0 0 0 4 0 0 0 0 1 6 0 0 0 9 0 0 0 3 0 0 0 7 13 50 46 0 8 0 0 20 0 0 3 1 1 2 3 0 0 0 5 0 0 0 0 0 6 9 45 0 0 2 0 2 0 18 0 0
3 35 0 18 0 9 0 12 0 0 3 18 -2147483647 -2147483647 -2147483647 -2147483647 -2147483647 -2147483647 -2147483647 -2147483647 -2147483647 -2147483647 -2147483647 -2147483647 -2147483647 -2147483647 -2147483647 -2147483647 -2147483647 -2147483647 8 0 0 0 0 0 14 0 0 0 0 0 0 0 0 0 14 4 3 0 0 0 0 4 0 0 8 0 0 0 11 46 3 0 0 0 0 1 0 25 2 0 0 5 3 0 0 38 1 0 3 0 0 1 0 1 0 11 0 0 0 0
8 0 6 1 5 0 3 1 0 7 15 7 35 -2147483647 -2147483647 -2147483647 -2147483647 -2147483647 -2147483647 -2147483647 -2147483647 -2147483647 -2147483647 -2147483647 -2147483647 -2147483647 -2147483647 -2147483647 -2147483647 0 -2147483647 -2147483647 9 0 0 0 20 4 0 0 0 0 0 0 0 0 0 0 0 1 3 0 0 10 0 0 0 2 0 7 7 47 0 5 0 17 0 1 3 1 0 32 0 0 11 1 0 0 3 0 1 1 0 0 0 3 0 0 0 16 1 35
0 1 2 14 55 19 0 0 0 0 0 1 1 -2147483647 -2147483647 -2147483647 -2147483647 -2147483647 -2147483647 -2147483647 -2147483647 -2147483647 -2147483647 -2147483647 -2147483647 -2147483647 -2147483647 -2147483647 -2147483647 -2147483647 -2147483647 -2147483647 -2147483647 -2147483647 7 7 5 0 0 0 0 0 0 0 0 0 0 0 10 0 0 0 0 14 5 0 0 4 0 0 0 17 0 0 2 18 12 0 4 0 8 0 8 4 0 0 2 0 15 0 12 0 0 45 21 2 1 1 6 0 2 0
1 0 0 0 4 0 15 0 0 0 1 12 6 -2147483647 -2147483647 -2147483647 -2147483647 -2147483647 -2147483647 -2147483647 -2147483647 -2147483647 -2147483647 -2147483647 -2147483647 -2147483647 -2147483647 -2147483647 -2147483647 -2147483647 -2147483647 -2147483647 -2147483647 -2147483647 -2147483647 2 0 0 0 0 0 0 0 0 0 0 0 2 0 9 1 2 0 0 0 29 0 0 0 0 2 19 6 0 0 1 0 8 10 6 15 0 6 1 2 7 2 0 12 0 0 27 14 3 0 4 1 0 0 0 0 0
0 1 5 0 0 0 3 0 0 0 0 0 9 14 -2147483647 -2147483647 -2147483647 -2147483647 -2147483647 -2147483647 -2147483647 -2147483647 -2147483647 -2147483647 -2147483647 -2147483647 -2147483647 -2147483647 -2147483647 -2147483647 -2147483647 -2147483647 -2147483647 -2147483647 -2147483647 -2147483647 -2147483647 0 1 0 4 0 0 18 0 0 0 0 1 6 0 5 0 0 0 3 9 7 0 0 0 0 3 0 0 0 0 4 19 189 164 70 5 1 11 6 0 2 0 0 0 4 12 0 0 4 1 22 20 0 0 0
0 0 0 0 0 38 5 0 0 0 0 0 2 0 20 -2147483647 -2147483647 -2147483647 -2147483647 -2147483647 -2147483647 -2147483647 -2147483647 -2147483647 -2147483647 -2147483647 -2147483647 -2147483647 -2147483647 -2147483647 -2147483647 -2147483647 -2147483647 -2147483647 -2147483647 -2147483647 -2147483647 -2147483647 -2147483647 2 0 0 0 0 0 0 0 0 0 0 0 7 0 0 0 0 28 4 0 0 0 17 0 0 2 0 0 30 83 48 71 10 1 0 0 8 0 0 20 0 3 2 32 2 0 0 3 7 10 8 0 2
0 0 12 0 1 0 0 24 0 0 37 0 0 0 17 61 -2147483647 -2147483647 -2147483647 -2147483647 -2147483647 -2147483647 -2147483647 -2147483647 -2147483647 -2147483647 -2147483647 -2147483647 -2147483647 -2147483647 -2147483647 -2147483647 -2147483647 -2147483647 -2147483647 -2147483647 -2147483647 -2147483647 -2147483647 -2147483647 -2147483647 12 6 0 0 51 0 0 0 0 0 0 7 2 0 0 3 0 10 0 4 0 0 0 0 1 2 5 17 4 6 18 1 0 3 1 0 0 1 0 1 0 0 47 6 1 5 0 10 15 4 0
1 0 0 0 2 2 0 0 0 0 0 0 0 0 0 0 14 -2147483647 -2147483647 -2147483647 -2147483647 -2147483647 -2147483647 -2147483647 -2147483647 -2147483647 -2147483647 -2147483647 -2147483647 -2147483647 -2147483647 -2147483647 -2147483647 -2147483647 -2147483647 -2147483647 -2147483647 -2147483647 -2147483647 -2147483647 -2147483647 -2147483647 -2147483647 5 0 0 0 0 0 0 0 0 0 0 24 0 0 1 0 1 0 0 0 1 0 0 20 1 34 0 0 4 1 6 4 17 13 3 20 10 1 5 1 0 0 5 1 1 2 4 0 0
-2147483647 8 0 0 2 16 0 0 0 0 14 1 0 6 0 0 16 2 33 -2147483647 -2147483647 -2147483647 -2147483647 -2147483647 -2147483647 -2147483647 -2147483647 -2147483647 -2147483647 -2147483647 -2147483647 -2147483647 -2147483647 -2147483647 -2147483647 -2147483647 -2147483647 -2147483647 -2147483647 -2147483647 -2147483647 -2147483647 -2147483647 -2147483647 -2147483647 0 0 23 0 0 0 0 7 0 1 16 1 5 87 8 19 0 0 0 0 0 0 0 30 0 0 0 1 12 5 8 11 14 72 26 0 10 3 34 1 5 0 0 0 0 0 0
