Scripts_&_data/Maxent_result_files_2/B_alpinus_2.asc
NCOLS 594 
NROWS 330 
XLLCORNER -15 
YLLCORNER 23 
CELLSIZE 0.166666666666667 
NODATA_value -9999 
[rows 60 to 79 of 330, columns 440 to 483 of 594]
0.00291255887132138 0.00279789161868393 0.00296232127584517 0.00448556994087994 0.00365349783096462 0.00380707769654691 0.00518976841121912 0.00237915536854416 0.00191677340772003 0.00234093754552305 0.00274611520580947 0.0026360702700913 0.0021663520950824 0.00235811786260456 0.00251740429084748 0.00228765255305916 0.00257435871753842 0.00391017408110201 0.0030260359402746 0.00209632308688015 0.0020331411389634 0.00404173363931477 0.0037190301110968 0.0036353615578264 0.00318401558324695 0.00297107843216509 0.00253536314703524 0.00266302058007568 0.00336985122412443 0.00516605656594038 0.00658673020079732 0.0048698915168643 0.00562569866888225 0.00715922638773918 0.00892963828518987 0.0121754787862301 0.0153646271675825 0.018511360604316 0.0132997943554074 0.0125314491800964 0.0106898654717952 0.00629980065859854 0.00479284154716879 0.0150300178676844
0.00220460329437628 0.00238794458564371 0.00217423836002126 0.00242605376988649 0.00298310343641788 0.00428950439672917 0.00386269120499492 0.00260359428357333 0.00184165921527892 0.00203080328647047 0.00248938729055226 0.00205843050498515 0.00230028538499027 0.00237366030924022 0.00226314520696178 0.00248181640636176 0.002593206288293 0.00307257361710072 0.00338337509892881 0.00376500361599028 0.00408569723367691 0.00398527383804321 0.00379679636098444 0.00360735671129078 0.00254201979842037 0.00328993881121278 0.00276475090067834 0.00325534751173109 0.0037623533513397 0.00556341982446611 0.00581133575178683 0.00530452290549874 0.00419294580351561 0.00565179279074073 0.00644724778831005 0.00838594054803252 0.00957106570713222 0.0108771654777229 0.0121622631791979 0.0101906614378095 0.00773628419265151 0.00488574882037938 0.00352454597596079 0.011493417294696
0.0033661428373307 0.00240445019444451 0.00241027468582615 0.00243327514035627 0.00255691646598279 0.00240739034488797 0.002696941094473 0.00245253606699407 0.00204820018261671 0.00216058949008584 0.00236181679647416 0.000658855162328109 0.00183562997845002 0.00250151033978909 0.00231157212983817 0.00235060972627252 0.00261994937900454 0.00288435772527009 0.00335495946928859 0.00354923636186868 0.00339087166357785 0.00308027488645166 0.00266362803522497 0.00189325483515859 0.00520786307752132 0.00113547777291387 0.000351236935239285 0.00071393228136003 0.00166955643799156 0.00612530070357025 0.00562585364095867 0.00610384270548821 0.0108253609389067 0.00515258251689374 0.0115556006319821 0.0060424066381529 0.00765140862204134 0.00944219930097461 0.00789942401461303 0.00765947815962136 0.0063031634548679 0.0032268762588501 0.00493079537991434 0.0210181653499603
0.00213092545745894 0.00374592151492834 0.00211645133094862 0.00214582078624517 0.00209127811249346 0.00138998553156853 0.00453652448777575 0.00220062467269599 0.00202478338032961 0.0019348667585291 0.00205913467798382 0.00275255658198148 0.00228820514166728 0.00222200634889305 0.00215998982312158 0.00202527756337076 0.00253631696105003 0.00287138018757105 0.00306283524259925 0.00305953694041818 0.00301368285436183 0.00257013654336333 0.00213380081113428 0.00220248221885413 0.0024346845690161 0.00275485417805612 0.00307260344270617 0.00305513613857329 0.00459031315986067 0.00528182070702314 0.00530464793555438 0.00598303112201393 0.00478785780724138 0.00603470583446324 0.00816244683228433 0.0057535604108125 0.00625370817724615 0.00759270740672946 0.00948333232663572 0.0201913511380553 0.0163847306743264 0.00521701977122575 0.00608111168257892 0.0311827883124352
0.00242539981845766 0.00184952919371426 0.00204288095701486 0.00197010370902717 0.00201184562174603 0.00187960301991552 0.00168609372340143 0.0016201684018597 0.00173524465644732 0.00183706753887236 0.00201864773407578 0.00201956158271059 0.00197785875061527 0.00211072949459776 0.00206397977890447 0.00233684745617211 0.00229362217942253 0.00225984868593514 0.00237765903584659 0.00226608058437705 0.00188154551433399 0.00157235264778137 0.0017684618011117 0.00201295432634652 0.0025017452891916 0.00296610507648438 0.00299665848724544 0.00294116600416601 0.00246858012396842 0.00400239669252187 0.004545032302849 0.00552169552538544 0.00533292002510279 0.00616190992295742 0.00654648430645466 0.00822896580211818 0.00835964367724955 0.0143241870217025 0.0108701994176954 0.0150481509976089 0.028799451328814 0.0209205083083361 0.0511779831722379 0.0177141319029033
0.00274708331562579 0.0032599363476038 0.00292062982916832 0.00343918725848198 0.00265949799213558 0.00307934971060604 0.00142592371557839 0.00313763911835849 0.00163782354211435 0.00282582640647888 0.00368808817584068 0.0019666860694997 0.00217376118525863 0.0023130091954954 0.00209854100830853 0.00189179491717368 0.00236833991948515 0.00148129661101848 0.00140279766637832 0.00198489878093824 0.00134932710789144 0.001855517947115 0.00200509401038289 0.00247836075723171 0.00300754939671606 0.00297595821321011 0.00281172436662018 0.00222873465390876 0.00249997780192643 0.00254514599218965 0.00451864295173436 0.00645793078001589 0.00760803581215441 0.00920983296819031 0.00657649734057486 0.00621581831946969 0.00621904842555523 0.00599078554660082 0.00497306033503264 0.00911402674391866 0.0180929214693606 0.00735537218861282 0.0185613942332566 0.0113961067516357
0.00319817003328353 0.00197579849045724 0.00959918883163482 0.00592529191635549 0.00236188260605559 0.00236875506816432 0.0010641201515682 0.00142208610195667 0.00229722487274557 0.00200742734596133 0.00223528878996149 0.00252504209056497 0.00215060086920857 0.00187027211068198 0.00158949546748772 0.00132319054682739 0.00180219912435859 0.00158153264201246 0.0011692926636897 0.00140616530552506 0.00228863698430359 0.00322787605691701 0.00209658209932968 0.00233826094772667 0.00283096148632467 0.00303809260949492 0.00299301613122225 0.000218320320709608 0.00189178000437096 0.00881892503239214 0.00236726204166189 0.00272081135772169 0.00378620566334575 0.00575645971111953 0.0072378417942673 0.00875924387946725 0.00897380723617971 0.00839355331845582 0.0152588599361479 0.036484544724226 0.0336105835624039 0.319112495856825 0.313892591162585 0.0815551154315472
0.00482455543242395 0.00187219249783084 0.00216673286631703 0.000624862487893552 0.000521443618345074 0.000234385154180927 0.000517214584397152 0.00162585634971037 0.00176885332912207 0.00317836836911738 0.00408796644769609 0.00205133485142142 0.00193057721480727 0.00207605873001739 0.00329401704948395 0.000276679739181418 0.00167854528408498 0.00118183547165245 0.00312970520462841 0.00242889740038663 0.00150231037987396 0.00175970966229215 0.00178017260041088 0.00470062661916018 0.00593993393704295 0.00522604016587138 0.00063025591080077 0.000360744749195874 0.00506079203914851 0.00333643753547221 0.00720944278873503 0.0125995656475425 0.00987822329625487 0.0243056710809469 0.0275587480515242 0.0330342654138803 0.303248144994723 0.334571449458599 0.0545395534485579 0.0389998346567154 0.0587187174707651 0.0209945445880294 0.00504710515961051 0.00117943758959882
0.00463212851900607 0.00249418914318085 0.00226008286699653 0.00142126019927673 0.00270651683676988 0.00061693704337813 0.00735312141478062 0.00188137656077743 0.00263236643513665 0.00325181530788541 0.00188695958349854 0.00187821216532029 0.00270702488487586 0.000428204555646516 0.000364758387149777 0.000411837751744315 0.0019467010628432 0.00036788206489291 0.00213325374061242 0.00401701447553933 0.0010092913697008 0.000588203140068799 0.000533428770722821 0.000909993861569092 0.00267969174310565 0.000221316069655586 0.000191187204836751 0.00129190632724203 0.00164395064348355 0.00610889759846032 0.012505582999438 0.0185153083875775 0.0215391866047867 0.270497546344996 0.0363484908128157 0.0325543427839875 0.0877498339861631 0.0111329362727702 0.0213904364034533 0.00392443344462663 0.0013430348248221 0.00250936974189244 0.00126272007473744 0.00129296972299926
0.00319670982426032 0.00206888082902879 0.00234009985579178 0.00190089974785224 0.0100438084453344 0.000915025779977441 0.00265093566849828 0.00305646350607276 0.00281580955488607 0.0044772275025025 0.0207558921538293 0.000539278818177991 0.000786808389239013 0.000486235435528215 0.0012056450243108 0.000410121727327351 0.00243711189832538 0.00275509232887998 0.00172191675519571 0.00442979441722855 0.00056631609913893 0.000404224111116491 0.00100394939654507 0.00211019921116531 0.000871550070587546 0.00151001391932368 0.00394638024736196 0.00442077147308737 0.00697285560891032 0.0168054301291704 0.0152675247751176 0.0502506278455257 0.0220336396247148 0.0163156606256962 0.0238219570368528 0.0250187064055353 0.00197672490612604 0.00169829027727246 0.000286191499617416 0.000796588369939855 0.000115622288285522 0.000145341011375422 0.000653593975584954 0.000223949663632084
0.00336777318734676 0.00219808096298948 0.00325191622250713 0.00235417002113536 0.0036318326368928 0.00206775037804618 0.0021906906447839 0.00104664752143435 0.000508206280937884 0.000572922517312691 0.000189439383393619 0.000496879382990301 0.000309547744109295 0.00040953321440611 0.000417552661383525 0.00538908436428756 0.00197978651267476 0.00368367832852527 0.0024821586033795 0.00152301293855999 0.00019668294407893 0.0006967443972826 0.000504039955558255 0.00212675574002787 0.00472122058272362 0.00628101222682744 0.00766684669069946 0.0138688739389181 0.0313511043787003 0.10856736600399 0.0572364881634712 0.0171474384143949 0.0167996789969038 0.00910872434033081 0.00107459941373236 0.000360032374737784 0.000203613277699333 0.00193478644941933 0.0005541639013245 0.00115012698036026 0.000231005330397238 0.000350569348665886 0.000325244144187309 0.000412115617655218
0.000870410568313673 0.000177014454675373 0.000534599900129251 0.00374902351759374 0.00315888143377379 0.00392387346364558 0.000475869938964024 0.000326486199628562 0.000163995954790153 0.000190809777996037 0.000596681333263405 0.000194720800936921 0.000193603874686232 0.000406153016956523 0.00029660388463526 0.00152343180961907 0.00196327646262944 0.00157756552798674 0.000449585216119885 0.000236301467521116 0.000325063840136863 0.00368551549036056 0.000546750472858548 0.00280150406761095 0.00624070591293275 0.00812536091543734 0.0228147671557963 0.0427153689786792 0.0341209689155221 0.0344253428280354 0.0145311103202403 0.00473828983958811 0.00686623321380466 0.00131951121147722 0.00120843863596747 0.000899941063835286 0.000611503889376763 0.0016569887753576 0.00128485484747216 0.000694516378280241 0.00326351973926649 0.0035189701244235 0.0013192022612202 0.000904463337792549
0.00099233349901624 0.000920222332933918 0.00432123488280922 0.00297696588095278 0.000948083616094664 0.000730693020159379 0.000159846121096052 0.000295908594853245 0.000395960727473721 0.000269833937636577 0.000179407891846495 0.00213666636846028 0.000673968697083183 0.00210174698149785 0.00037354605155997 0.00305748922983184 0.00363936612848192 0.00133998767414596 0.00529606982599944 0.00615058629773557 0.00597060173749924 0.00346788163296878 0.00567179343197495 0.00797745743766427 0.018732204567641 0.034707554243505 0.0550857111811638 0.0717571675777435 0.0256218105554581 0.0156165705062449 0.00515922335907817 0.00420795812970027 0.00035474184260238 0.00182958476943895 0.000732024759054184 0.00105971628800035 0.00126163644599728 0.00117970712017268 0.00160733233788051 0.00163233033381403 0.0015283195709344 0.498313227301696 0.00414622911193874 9.83203663054155e-05
0.000130818774050567 0.000687234461656772 0.000783127587055787 0.000259991109487601 0.000212713082146365 0.0002489713660907 0.000170241003070259 0.000539352267514914 0.000406086712609977 0.000562895557959564 3.74540777556831e-05 0.00119797617662698 0.000135989308182616 0.00410600560717285 0.00755130285397172 0.00541608531493694 0.0102829703129828 0.0030504742753692 0.00579558592289686 0.0117905306629837 0.0188182098791003 0.0736994385719299 0.0682608403265476 0.0364567817188799 0.0377914004027844 0.063851160556078 0.0404708094894886 0.0367883834987879 0.0126081445254385 0.000582724419655278 0.00051184524782002 0.000214782230068522 0.00156580649781972 0.000959003885509446 0.000875440702657215 0.000528790773796573 0.000330551460501738 0.00102062720106915 0.000152246979632764 0.000667044768761116 0.000108738527590901 0.00148283680027816 4.1691121242593e-05 1.54121938220619e-05
5.35317823960213e-05 0.000623311116942204 0.000734760198974982 0.000399479328189045 0.0034818168496713 0.0014376339444425 0.00163457093876787 0.00173289842205122 0.0136838402599096 0.00180607806541957 0.0108116364572197 0.0116448540240526 0.00428776408080012 0.00742873144336045 0.0092688076198101 0.00330754779279232 0.0151962560601532 0.00910471305251121 0.0297552425414324 0.037964003905654 0.0850045621395111 0.0449750386178493 0.0207631448283792 0.0516613274812698 0.0239007461816072 0.00957081385422498 0.000620045489631593 0.000464364883373491 0.000719901226693764 0.00010719028650783 0.000193703526019817 0.000171691393188667 0.000511476161773317 0.000487608625553548 0.000741649884730577 0.000988289936503861 0.000695057635311969 0.000439473231381271 0.000142341139508062 5.83578192163259e-05 9.16839901037747e-05 0.000107307307553128 4.85602537992236e-05 5.9858794156753e-05
0.00217782796826214 0.000449641712475568 3.73509468545308e-06 0.00171453268267214 0.00266236445168033 0.000829646026249975 0.00343724152771756 0.064955735579133 0.0437160098925233 0.121662341058254 0.0516074664890766 0.0140820374712348 0.0293405659496784 0.0416435398161411 0.0196499286219478 0.0119330504443496 0.0159456451423466 0.0576627921313047 0.141889272630215 0.0976504363119602 0.0159304518252611 0.0180034331046045 0.0049910134403035 0.00357745479559526 0.000449835848849034 0.000479280710715102 0.000490208475093823 0.000472482148325071 0.00026260128361173 0.000564756893436424 0.000293548862100579 0.000492018202203326 0.000500626035500318 0.000466114139999263 0.00062211312178988 0.000744301095255651 0.000749978671956342 3.12509842842701e-05 0.000181691375473747 0.000115808816190111 4.3057362199761e-05 4.4335166876408e-05 4.62146922473039e-05 0.493192536014976
9.98965682811104e-05 0.000452051468892023 0.00070403081481345 0.00136789272073656 0.000366222561569884 0.00129199033835903 0.00120108946575783 0.00940527762286365 0.161942264437675 0.340848025679588 0.0770395264029503 0.158659829199314 0.195005455613136 0.159605002403259 0.13278688788414 0.156258171796799 0.0508190490305424 0.144395327568054 0.0950078539550304 0.0259995975531638 0.00711555690504611 0.00775300622917712 0.000755847271648236 0.000351634730395745 0.000337026540364604 0.000135823822347447 0.000107522082544165 0.000137338445711066 0.000278981571318582 0.000397619740397204 0.000184151700523216 0.000228660592256347 0.000579506365465932 0.000543113610183354 0.000813985463173594 0.000923919343040325 0.000325670336314943 0.000175556077738293 0.000243800814041606 4.34517132816836e-05 5.63671002964838e-05 2.04879346711095e-05 0.511270447188872 5.14788962391322e-05
5.66427965168259e-05 6.41424419882242e-05 0.00206406129291281 0.000641128109418787 0.00037619833892677 0.0415765017271042 0.11076622158289 0.0921673640608787 0.23224224448204 0.431819155812263 0.176533605996519 0.281540443003178 0.132088157534599 0.0511502601206303 0.0241514367982745 0.0293124170973897 0.0410654030740261 0.0278704456984997 0.105317755043507 0.0241880852729082 0.00455112338531762 0.00402818248840049 0.00147543958737515 0.000455692130481111 0.000326776362294368 0.000548899412387982 0.00010098244620167 0.000261197989311768 0.000474792953173164 0.000392211784492247 0.000668309663888067 0.0002037099795416 0.000207564654556336 0.000201788394770119 0.000193258873332525 3.61833670467604e-05 2.717857614698e-05 2.64127757873212e-05 5.9670742120943e-05 3.68601460650098e-05 5.02418615724309e-05 0.493152025842755 0.000103556937392568 0.493136294124906
4.75704622658668e-05 0.00317562578711659 0.000206918167532422 0.0264390792697668 0.0259476392529905 0.11502565741539 0.295376899838448 0.348399090766907 0.18720811009407 0.470202116668224 0.1752874776721 0.158023001253605 0.0625903610140085 0.078020241111517 0.0255351443774998 0.0326925514265895 0.0192563405260444 0.00795943897683173 0.0120400086510926 0.00385125039611012 0.00438631620490923 0.00080167151754722 0.000277574133747294 6.64838345983299e-05 8.10661268587864e-05 0.000487001862074976 0.000249069683195557 0.000656854406406637 0.000581460724060889 0.000301148965809261 0.000156864503514953 8.79427601830685e-05 9.69690372585319e-05 5.28781365574105e-05 0.000120703400170896 4.10673166697961e-05 7.90690862913834e-05 4.66857344690652e-05 4.9618728871792e-05 7.96854816655923e-06 0.0017493174484116 0.00728917868691497 0.00284497157772421 0.496439100593125
8.30108991067391e-05 0.00125064422609285 0.00317207244224846 0.213351826369762 0.0408314142376184 0.0369996871799231 0.0631818696856499 0.153636951744556 0.109928844869137 0.0210464082658291 0.0113562759477645 0.00337926368229091 0.0180919090285897 0.00218506930978037 0.00376537365373224 0.00819992087781429 0.00670152306556702 0.00575921235140413 0.00238909574691206 0.000842171462136321 0.00062168870063033 0.000354844125831733 5.09164230606984e-05 3.88563938031439e-05 0.000180988097417867 0.000550479930825531 8.52272187330527e-05 0.00038106779102236 0.000392539009044413 0.000460770836798474 4.97061515716268e-06 0.000313871493563056 0.000131978424906265 2.34260061915847e-05 6.77561873089871e-05 3.30848759404034e-05 8.87640766450204e-05 2.82984101886541e-05 4.5781792505295e-05 1.86615749043995e-05 2.27348197654464e-05 5.97821479459526e-05 0.000152279672511213 0.493126295113262
