Scripts_&_data/Maxent_result_files_2/B_alpinus_2.asc
NCOLS 594 
NROWS 330 
XLLCORNER -15 
YLLCORNER 23 
CELLSIZE 0.166666666666667 
NODATA_value -9999 
[rows 260 to 279 of 330, columns 352 to 395 of 594]
1.23749672731321e-09 1.5166473632533e-10 1.73235740197342e-09 1.20675658354941e-09 8.40509362109998e-10 8.7783933455654e-10 4.6254956531655e-10 5.99936766931819e-11 4.83652562444092e-11 1.99791883037648e-10 4.57675997100893e-10 7.70730745891513e-10 1.1248865172675e-10 7.52900641831644e-10 3.18018245082374e-07 5.66617712749462e-08 4.3193803533903e-08 7.49912589459445e-07 4.88005346588327e-07 1.75737449480406e-06 9.99390161449121e-07 1.00456470197852e-07 2.24811621507559e-07 1.73163824679357e-07 1.33193510365448e-07 1.19536473026649e-06 2.13874655368151e-06 1.14786609650697e-07 1.22800338344664e-06 6.22084068624407e-07 7.95594783387088e-09 3.83414066051913e-09 6.87953930822438e-08 4.53749376960744e-08 3.6818129488525e-07 2.05744215286963e-07 1.96458965751045e-07 5.06791553478436e-07 7.19042480812337e-07 4.57429373712515e-08 2.63347617712739e-08 9.7682599009552e-09 4.02593345327773e-08 2.13893445288882e-08
6.19138951218901e-10 1.9907467896374e-10 9.68521929323174e-12 3.94950960824758e-11 5.98406024732157e-10 7.72371233637159e-10 1.30732213943219e-10 4.5771915146986e-10 4.03553157557468e-10 8.9265691505247e-10 9.0020368936905e-11 8.74879557688502e-10 1.35484123919838e-10 5.47006095974467e-09 2.75853543896254e-08 8.90982551626784e-08 3.35354803815413e-08 5.05229799896423e-07 5.26651586685301e-07 7.17694561869209e-07 1.15105582726427e-06 4.37968404798372e-07 1.29253636299564e-06 1.2364549527355e-06 2.38760705262298e-07 2.03193929348977e-07 7.95466355762997e-07 4.37026641131322e-07 5.12617757431055e-07 8.21579555831953e-08 8.38542598580183e-08 9.56136616547809e-09 1.96664602902796e-07 6.55021698658942e-08 6.26280986515404e-08 3.24553088959512e-08 1.29519529967759e-07 8.82643777400105e-07 8.15350358407407e-07 1.52419415178073e-07 4.38364550214843e-08 3.82616147320824e-08 9.8405116577549e-08 3.3351728256914e-08
2.93036928056267e-11 4.80767876620547e-09 4.21539125827763e-10 1.23990473444024e-09 3.2095765711837e-09 7.18630088769601e-10 1.05879356393501e-09 1.54009294206503e-10 1.07234084945063e-09 1.47105372327871e-10 6.56491971895434e-11 1.35968536429942e-10 1.08401285725535e-09 1.66433266057808e-09 1.2038264918246e-08 1.21374740058577e-07 6.75140047978751e-08 2.32683229428599e-07 1.7436460097997e-07 1.51615086485535e-07 7.31087669225694e-07 2.36588000634974e-07 8.49394871327291e-08 6.81579526740084e-07 2.42121031734932e-07 8.33636328445575e-07 8.33090466934028e-07 6.10195540079461e-06 9.93121844983236e-08 9.37910008214082e-08 6.14416673783147e-07 1.11835944938132e-07 1.25775674653106e-08 1.57508731046807e-07 9.26801593581494e-08 2.73588886545717e-08 2.9063074036273e-08 1.98596038725185e-08 7.61477641608721e-08 1.47734273570066e-07 1.20461236929881e-07 1.51824156968683e-07 3.47934910771563e-07 2.8250808671304e-07
4.06423017462743e-10 1.0298747410431e-09 4.42111132148426e-09 1.21433283428729e-09 2.78167200384871e-10 1.62157836047783e-09 4.72584882338367e-10 2.02307809393787e-09 2.29050922673224e-10 1.04158216496231e-09 2.89385415630505e-10 1.49478540656389e-10 5.3441545189159e-09 2.54714216385565e-09 2.3193434517399e-08 3.84747937176577e-08 9.1280416736339e-08 2.84604191669313e-07 5.40463473075459e-07 2.28699893090045e-07 6.26279738769053e-07 1.43052625268814e-06 9.73739991672051e-07 6.63254394672741e-07 1.09736611766387e-06 3.96155619157845e-06 2.43034118996288e-06 2.6566111218651e-07 5.14944407603579e-07 8.08924454531734e-08 6.31948926410608e-08 8.87924202275236e-08 4.6654289542758e-09 1.23392147621804e-07 7.05146114166055e-07 2.78839052847424e-08 1.04542409629094e-07 4.19850586408366e-08 1.36961208518915e-07 5.97395357992969e-07 1.51599593189999e-07 4.70216356851516e-07 1.05961342340422e-06 7.32415781334872e-07
4.21305634823454e-10 3.92686105854523e-10 1.78747293633208e-09 8.90516699270094e-09 3.33573291211309e-09 1.31466230124389e-09 2.23674113675187e-09 1.7885503411641e-09 4.59151772158606e-10 1.18694354345195e-10 3.54831608539996e-11 3.99658195426866e-11 7.8091620947518e-10 1.37604759586907e-08 1.41532919939458e-08 8.72769221560432e-08 7.1672093837627e-08 9.31264777292995e-08 2.34933348075561e-07 2.04623418287309e-07 2.20840401943256e-07 1.48354851292609e-07 3.07416755906953e-07 3.91550638489946e-07 6.54877527561659e-07 4.78462425090864e-07 7.4510380064785e-07 1.02175720815278e-06 8.51854002394958e-06 5.11769450173283e-07 1.70479526898637e-06 2.61704499948667e-07 7.84026041422692e-08 6.78030531053864e-08 8.21489916535967e-07 1.1573999901815e-07 6.5606395607265e-07 3.05039768400128e-07 5.32825500365597e-07 2.27224768956091e-07 4.46171640267057e-07 5.24364846099523e-08 3.13692423703493e-07 2.95583600542493e-06
8.57903303952412e-11 8.54240678194174e-11 2.24465090958859e-10 2.49259725082496e-09 1.50738560522612e-09 5.20052308994323e-09 9.9019993315963e-10 2.38191695256518e-09 3.1854034521217e-09 6.3247773685049e-11 1.37468303407218e-10 4.37801239705493e-11 2.41285158519844e-10 2.41027163783158e-09 4.02229754281613e-08 2.84021116070399e-08 5.86198118490699e-08 2.06176121064772e-08 1.32753461057344e-07 2.39219697717452e-08 3.3323284243103e-09 4.94653400351375e-08 6.44767496726928e-08 1.13512189059417e-06 3.44690905929035e-08 1.31698781383749e-06 4.30381271746549e-06 9.31091192934996e-07 4.28096907123532e-07 8.45325073273173e-08 6.64731277366659e-07 2.46183670404854e-07 2.11850634646016e-07 2.05327150970547e-07 6.88119106140306e-09 1.48725898330149e-07 9.04586755567927e-07 8.22436602709864e-08 2.47492292881901e-08 1.15363334562968e-07 1.4455921941714e-07 2.6918864654002e-07 3.12121871970383e-07 4.48523766066744e-06
1.25032273423642e-10 9.38338406974992e-11 3.98047550476122e-10 1.16300242103407e-08 3.02068378088549e-09 7.13143810671113e-10 2.11553690121491e-09 1.43351309711548e-09 3.50331452736441e-10 4.75845918224138e-11 3.51703666190417e-11 5.17006992772906e-11 8.92189655488096e-12 3.07923220255191e-10 8.5822375872624e-10 1.04311986492966e-08 4.73127884426106e-08 6.7991441066173e-08 1.16847677977816e-08 2.85150636658571e-08 4.98196761844483e-08 4.77039650226274e-08 4.98582716668139e-08 6.05096101335967e-08 4.33519452225362e-08 5.30504446483171e-08 2.16835550925776e-07 8.8696927109666e-07 1.30291875166666e-07 3.97687460329532e-07 6.91657101814514e-08 3.46972822384828e-07 3.33742437408358e-07 9.22892403942832e-08 4.57566445288826e-08 8.28783438322489e-08 2.06360143417683e-09 7.73435506418174e-08 5.79759646401889e-08 9.82010048167226e-08 3.00802267905187e-07 4.12525526405361e-08 2.44108532587717e-07 1.03255448832273e-06
2.31277027529231e-09 1.13466035456256e-09 1.73338881026552e-09 1.01149907116849e-08 2.17021748349922e-09 1.40493159328514e-09 4.72737526902023e-10 1.87247439775717e-09 5.97319971262777e-11 4.2689729529144e-11 3.98586608163498e-11 2.62026844666252e-11 9.56074441837984e-11 4.83103435033883e-10 5.43394262919605e-10 8.43942937756026e-10 2.32658922683093e-08 2.00574012854116e-07 2.29187300015976e-07 3.83397607994773e-08 2.55718145658612e-08 2.03372911733446e-08 8.85967657016096e-09 1.38704698837699e-08 7.87242755428963e-09 2.3438315466251e-08 9.87670740082436e-08 2.74176929493386e-08 2.80745576342056e-08 2.2384866309455e-07 3.24245422089753e-07 8.06458947621991e-08 2.10366826292052e-07 1.47120755566998e-07 1.84376747625059e-07 7.77721964495548e-08 2.74549161138893e-07 1.27828646168116e-07 2.38896170490222e-07 2.48963955662429e-07 2.75242415437305e-07 5.13831389736819e-07 1.02849067660227e-06 5.20359038080898e-07
4.23451340658687e-10 1.54232601135007e-09 9.5597833982275e-09 4.26079826976178e-09 8.67427258910425e-09 2.35032588946638e-09 2.77576950313829e-10 3.72091735201252e-10 5.46430678483034e-11 5.68879798823474e-10 3.08527869918862e-11 3.37644245895774e-11 2.5494795163894e-11 3.03343872243289e-10 2.15627515842698e-11 4.06732358904094e-10 2.52237349895879e-09 2.418928924941e-08 3.48715388565068e-08 2.81498491805365e-07 1.32069155689418e-07 1.58467988731203e-09 1.30139419241004e-09 3.27626475948861e-09 6.02399993221425e-09 9.7785674224582e-09 4.09953093516435e-07 5.39049848440332e-06 6.92840288317731e-06 1.681313622659e-07 9.72938852261684e-08 9.43628578831124e-08 6.02266384430727e-08 1.07186756114208e-06 1.5546748832751e-08 3.64253385232161e-09 1.04034608316983e-07 3.0688452301586e-08 2.44526237036524e-08 3.13257021056224e-07 6.96104293096411e-07 6.52011059842916e-07 1.30194055203425e-08 1.88656232524842e-07
9.87423698362022e-11 4.63323035493346e-10 4.43497905067147e-11 2.17490637721696e-09 4.93469077822439e-09 3.09866563519279e-09 1.02724913020324e-09 5.4317041975338e-10 1.69861080756561e-10 4.1588621435551e-11 3.28912785896307e-11 3.05029779212873e-11 3.26523919014221e-11 1.01997887913541e-10 4.14897005640569e-11 8.49818326820184e-11 2.93918567262352e-10 7.3719828019847e-10 2.13911610646988e-09 5.3891954787666e-09 1.64849246808707e-08 7.64727019930689e-08 1.88789676114354e-09 1.30799048259078e-09 1.95302063410452e-10 1.59546809097577e-09 1.33944021163401e-07 1.18749081453595e-06 5.30034887095132e-06 3.04133235040638e-08 2.17295117566074e-08 8.43933088234827e-07 4.43296340923993e-07 3.28384385017699e-07 8.53440971415598e-07 7.83460323283691e-07 1.84630949573439e-07 8.8231882200418e-08 1.01460575718804e-08 8.91116307411011e-09 1.14679156837383e-08 1.85417381004527e-08 5.85962180776889e-08 4.35226935713295e-08
8.84706419235215e-11 7.34495131382573e-11 9.40336974952771e-10 1.6524733914558e-09 5.21266420028255e-09 9.72737457249906e-10 1.04365699415965e-09 8.2066486939425e-10 9.93663007431422e-10 1.66108249377572e-10 1.16915055414779e-10 3.59882013079016e-11 3.66166097442999e-11 3.40553696354107e-11 2.78908895978702e-11 4.07331934848543e-10 4.22115264964162e-10 2.20626705793592e-10 6.92561563653271e-10 8.72761185544135e-10 5.5672069176893e-10 8.25221985190083e-09 9.29730090692971e-09 8.36800935211102e-09 6.66375377100792e-09 2.18964700815505e-09 3.00759519511473e-09 5.51284029537413e-09 7.17658401261367e-08 1.07088004042133e-07 2.42272544026534e-08 8.61786408457022e-08 1.05161664820663e-08 1.11230789234806e-07 4.03073824906119e-07 5.95046742879468e-08 2.48454466666992e-07 8.9570685657403e-08 9.58264968597966e-08 6.0202684393218e-09 1.00319829920981e-07 2.46212734422713e-08 7.74230850320023e-08 5.644368837876e-08
3.45423545322632e-10 1.6811328440447e-09 3.31627258987055e-10 3.42569447253638e-09 1.38393354554012e-09 9.21277099052986e-10 6.14236894680431e-10 6.40514807859205e-10 2.71552768049688e-09 8.78794159664409e-10 2.24745377863655e-10 1.10452728074861e-09 4.60502858068423e-11 5.70468006166891e-11 1.07737845311817e-09 3.55707685528728e-11 6.42375952430996e-10 7.84612375070992e-11 1.18996035247676e-11 1.06511910402673e-11 2.31102748049494e-10 5.0804296325424e-10 1.11408351433084e-09 3.44220951742358e-10 3.63500562983177e-11 4.7014818704838e-10 1.76079728575473e-10 4.00450728132995e-10 3.63015262294653e-10 9.45481848368956e-10 1.30879615811708e-08 8.76915496828001e-07 1.83076498446733e-06 1.31909933897001e-06 1.95725716700679e-07 1.61518369001801e-07 8.59095315774994e-08 7.85036184502985e-07 8.72412511454534e-08 7.90525999216918e-08 4.76777321956057e-08 4.24624787997985e-08 1.13842208748771e-07 4.4021112721726e-08
2.92929935863384e-10 4.10215394985869e-10 2.50349898589519e-09 1.75107419675413e-09 3.4128310733017e-09 9.72851832425903e-10 6.30806662460515e-10 5.47615508494914e-10 5.7699671707212e-10 1.10856644974788e-09 1.4848417162483e-09 6.47365405725964e-10 4.11152702994855e-09 3.96297705762549e-10 3.15652304294645e-10 1.30745614335126e-10 7.01187508056478e-10 5.18092291290628e-10 8.16964718097779e-11 1.44325773554499e-11 1.80136827676591e-10 1.6878709541146e-11 1.38747568989572e-11 9.84522685598677e-11 6.79700296046803e-11 6.29218899206307e-11 9.11471231823668e-11 3.09666736697523e-11 3.42343375869802e-11 7.80058873051104e-10 1.88672802936551e-09 3.95209475145819e-09 2.13788655112346e-08 8.0127509083372e-07 1.33289957336968e-06 1.27567283688679e-06 4.54480964628967e-07 2.82219564413655e-06 9.59117805177101e-08 4.53854490434225e-08 7.70003432681854e-08 1.54562135812331e-07 7.17250160486849e-08 5.88156456426958e-08
7.92678700456406e-11 7.91794629861897e-11 7.45340122954019e-11 7.13088488257796e-10 3.79522098192808e-09 2.35703190298864e-09 1.93765402611845e-09 1.00501995614621e-09 6.45993514236665e-10 6.34922514564096e-10 5.50130319076914e-10 5.97983940142655e-10 1.30841546486238e-09 7.77116817562984e-09 1.02367982979246e-09 3.57493112890239e-10 1.0582936971204e-09 9.15873010765012e-10 8.11189859728501e-10 2.50996667894299e-11 1.45012668539835e-11 8.54096793290182e-12 1.05647357528937e-10 1.03894004510607e-11 1.01219477244285e-11 1.12857612144524e-11 1.8421919545375e-11 4.98819208161194e-11 4.59948956699208e-10 1.82211912225227e-11 4.27797519630957e-10 4.58093885047361e-10 2.63132626798779e-11 1.24669948808886e-09 2.88729399056109e-08 7.81328138854676e-09 1.73216738841298e-08 1.16043039228853e-06 5.49717515752057e-07 1.98580804244841e-08 2.47016286647472e-08 2.82320456035379e-07 6.33772358149543e-08 1.7333646686879e-07
1.13428022530115e-10 9.38939592742827e-11 8.80342132525413e-11 5.85996140500811e-11 8.1779163441098e-10 8.97417595790984e-10 1.93078030230609e-09 1.7824777542863e-09 8.96562690755331e-10 4.58189730601077e-10 3.05418177415362e-09 1.73708685213825e-09 1.72357876859763e-09 3.03731723105827e-09 2.38104124195004e-09 5.9104967586876e-10 9.70116509346752e-10 1.32330157942562e-10 8.22866497163233e-10 3.91194299176334e-11 2.97399660453834e-11 1.65854885381123e-11 1.79443881975772e-10 8.67130034443164e-11 6.96565694013884e-11 6.67414012944789e-11 2.84284928930845e-11 4.71351380149088e-10 9.73091462963538e-10 9.81232317620595e-11 3.910349821723e-11 1.30485844351824e-11 8.14492917555754e-12 5.86496495813549e-10 1.06600278604319e-09 1.64195278484769e-09 7.80709330516771e-10 1.4271006961053e-06 3.31258597372486e-06 4.06222248272581e-07 5.26892577701332e-07 1.77876567419855e-07 1.17084513928667e-07 1.77837798730485e-06
1.4836450956679e-10 1.03411557095257e-10 1.53917014689142e-09 1.00986483619891e-09 4.18503607324538e-09 1.47012438889149e-09 1.32662554275242e-09 3.85749614473241e-09 1.41810843068413e-09 1.16460401322627e-09 8.92375995320549e-10 5.35517598043711e-09 1.39248241937118e-08 6.69624264926227e-08 4.19145019914247e-08 2.09812511808849e-09 1.40556335459507e-09 1.20741013853731e-09 2.3765834855638e-10 1.23886956249208e-10 1.01297991106364e-09 6.75681066653056e-11 3.20535531450616e-10 8.89506246437577e-12 7.51634421369829e-11 6.61682708624767e-11 6.62166099729688e-11 1.39577449598249e-10 2.55832566242731e-10 3.37927719140652e-10 5.81795944754049e-11 7.33914040651484e-12 6.57878973520098e-11 1.22418242209932e-10 5.40513189761782e-11 1.72203551418448e-10 4.59832905086444e-10 1.16563836027872e-07 1.53190929208513e-06 4.57846291035402e-07 1.15533832467651e-07 1.03989271194038e-07 2.48196297158998e-07 2.43206601413526e-07
3.14013581803607e-10 2.34140962174223e-10 1.37784983422762e-10 3.44699113696834e-10 9.88651849276323e-10 1.6423597481996e-09 2.0027750236018e-09 2.89696011623874e-09 1.18155030204292e-09 3.451281593847e-10 6.27291375510097e-09 4.19751122748835e-09 3.2399249838555e-09 5.47418337326633e-09 1.65675367980178e-08 2.88674170234593e-08 2.19841045367986e-10 8.9059970509453e-11 1.93730198549957e-10 3.90774124170434e-10 3.01050723239271e-09 1.6662127566569e-09 6.2066549677553e-10 2.15339190923203e-11 2.18251205996722e-10 1.14473164281037e-10 9.48978673420697e-11 2.18949636199284e-11 9.22473653020006e-11 7.85861820062905e-11 4.98481145250196e-11 2.95690916196634e-11 3.0645341819735e-11 6.79855505225646e-11 1.30386179630904e-10 7.98706323301701e-11 2.63539512435074e-10 2.02538787963391e-09 1.63436231959135e-07 1.7677050010656e-06 9.53015776639088e-07 3.0464773549066e-06 1.14878455949041e-06 2.73935975303452e-07
2.49643561378576e-10 1.67660896277511e-10 1.42201894703931e-10 1.35466027284536e-10 5.84125625646692e-10 1.51793180247495e-09 8.72441696664339e-10 8.91927365298528e-10 1.17280440914413e-09 2.16800741803524e-09 1.74066567826259e-09 2.25118246266476e-09 2.18355482584087e-09 1.12195679635718e-08 3.11573340017191e-08 4.8364997151662e-08 1.56823647734505e-08 2.19204718820976e-09 1.93902280898328e-09 4.20332235684384e-10 7.53481244064602e-10 6.29438046129138e-10 6.72827227266026e-10 9.74777369933122e-11 2.63060351279876e-11 2.05818884158049e-10 1.88153270741509e-11 1.03655140026859e-10 2.47826537069784e-11 3.0359458280671e-10 7.34621297127092e-10 3.57898599645523e-11 5.8925753165795e-12 2.70499733723284e-11 2.53176035691638e-11 1.01865655910416e-09 3.74892417109862e-10 5.58519595017515e-09 2.70634012411453e-07 8.73802671508273e-07 1.64544068554928e-06 2.45240644423106e-06 1.13322752678391e-06 7.90771509018295e-07
2.12234674279443e-10 1.49734913357236e-10 1.50373424823158e-10 1.35183886307288e-10 3.98901089937453e-10 4.62091431785439e-10 1.40713632967859e-09 9.14584308286948e-10 4.75198658200782e-10 7.30514049251951e-10 3.11028170996153e-09 1.00820884973984e-10 2.14675680565435e-09 6.96106704500821e-09 1.3971217845965e-07 6.90068085673623e-08 2.21187355764485e-08 3.09203630477484e-09 1.43755042314453e-09 1.22031298399605e-09 1.06999213933534e-09 1.21209965397995e-09 8.66287308554092e-10 2.49173204291964e-10 1.63655480278635e-09 9.35726673922943e-10 2.41983977300464e-10 7.76186115380995e-11 3.38452599280004e-11 1.91509774705167e-10 6.23301410485055e-11 2.50833687154284e-11 4.75540606892366e-11 3.16716652903892e-12 3.77267994622343e-11 9.12440900613376e-11 2.03274275190068e-10 5.88950666013943e-10 2.61934698342348e-06 9.35196139562056e-07 3.91465482252329e-08 4.44354483342124e-07 1.50353734607034e-07 3.86812640936762e-06
2.49004572516753e-10 1.95631788546535e-10 1.68650260423675e-10 1.59701329938144e-10 1.48638246155741e-10 1.51280044047297e-10 2.85971161195775e-09 3.3111319130974e-09 1.18708270990808e-09 1.28468236049173e-09 2.82268967088939e-09 1.68357515706319e-09 1.33884681119412e-10 3.86163492294145e-09 7.28596121213343e-09 2.25789517083186e-09 1.31599418029538e-09 5.42786012802665e-09 4.19858580125165e-09 1.1911634123507e-09 9.37374278198178e-10 1.01661939977404e-09 1.07405794258497e-09 1.07677663452321e-09 1.27583499320849e-10 1.56613155777308e-10 9.97705029703866e-11 1.97479954611168e-10 3.90686616391633e-10 4.21201895584034e-10 1.54474366631518e-10 1.75287673265245e-11 1.03880359869635e-10 7.92940491045613e-11 1.38089761847482e-11 6.49973075361743e-11 1.72747871562962e-10 1.56970025866343e-10 3.09490664518464e-07 6.39839266121101e-06 2.893272695903e-06 3.37364267584128e-06 7.515909421274e-06 6.13945090676138e-06
