Scripts_&_data/Maxent_result_files_2/B_alpinus_2.asc
NCOLS 594 
NROWS 330 
XLLCORNER -15 
YLLCORNER 23 
CELLSIZE 0.166666666666667 
NODATA_value -9999 
[rows 140 to 159 of 330, columns 264 to 307 of 594]
0.000182389742962219 0.00036508049363988 0.000586817455405253 0.000596278634475311 0.00167903832625598 0.00192151733208448 0.00454146817792207 0.00473591533955187 0.0632008639164269 0.00372909364523366 0.00180217347224243 0.00274091600440443 0.00466650172602385 0.00289750946685672 0.000456184880022192 0.00123628175933845 0.000377702588411921 0.00470831675920635 0.0322126830928028 0.00341361511691503 0.00392959448508918 5.53607668237532e-05 0.00014245287140966 0.000850489553704392 0.00169353424571455 0.00331282304832712 0.00639325929805636 0.000629327971546445 1.30425341285378e-05 2.91785342448891e-06 7.80895411855997e-07 6.96987347170719e-07 7.67345581043077e-07 1.92151226290349e-06 1.03960453860186e-05 0.000128742351989786 0.000924305894295685 0.000418359567265725 7.44225573100721e-05 0.000107642499392568 0.000172776348154002 0.000529590371297672 6.11951253186582e-06 0.000600491399382008
0.00153533904231153 0.000818096885632258 3.55739785836029e-05 0.000366003087583522 0.00158090672339313 0.00462316398043186 0.000719375914195552 0.00192784985993057 0.00167752284032758 0.00468275560997426 0.00039873703262856 0.00313689314061776 0.00428773260209709 0.00210636788979173 0.000438969228343922 0.00131751438602805 0.00389071451500058 0.00633069348987192 0.00964396707713604 0.0121455701999366 0.0380317306844518 0.0030982861967459 0.00113522495084908 1.65026757293685e-05 1.94261931338535e-05 2.47772144702507e-06 2.84804074016876e-05 0.000163472657914099 5.98744565792231e-05 3.63326997824487e-05 3.5991373071198e-05 3.5394895227725e-05 2.76630000386469e-05 4.53783561439991e-05 1.28633224317776e-05 5.54159706098289e-05 7.32448760572879e-05 3.67793993568455e-05 0.000440368505223887 0.00225341763580218 0.00189803362300154 0.00234216591343284 0.00155487244774122 3.78550088747653e-06
2.7898360293932e-06 2.13264635213761e-06 2.08670639262887e-05 0.00034553912400952 0.00285845659382176 0.000645187797636027 0.000564388831844553 0.00209090723656118 0.00162429959746078 0.00197984556434676 0.000616665684356121 0.00120110705902334 0.00193981140328106 0.00203233534120955 0.0146131292684004 0.00230443082705278 0.00231119104428217 0.00120510224951431 0.0138012992334552 0.00495721744373441 0.00386720639653504 0.00371951159322634 0.00158700771280564 3.71333093927007e-05 4.35776756052664e-05 1.43153733915824e-05 1.14905349734018e-06 8.1921664655038e-06 8.46542556188767e-06 3.12700808192679e-06 2.85854694705989e-05 0.000225451136975607 0.00368919385364279 0.000549876029253937 1.64817484966662e-05 6.30453831136357e-06 0.000491161080572056 0.00316392383538187 0.00114094266343727 0.00667419320961926 0.00675513393944129 0.00264055263833143 0.000392447630292736 6.86912491005387e-05
1.40287897141267e-06 3.04956542562795e-06 3.66201489132578e-07 2.71827073190067e-05 0.00337273393524811 0.00362525148084387 0.00298752663657069 0.00323462379164994 0.000681166688445955 0.00194529674481601 0.00103322064387612 9.85207710186842e-05 0.00210032333270647 0.000110027911034649 0.00346376898232847 0.0225605606567115 0.000640550954267383 0.00268212179653347 0.00300016246037558 0.0014081709436141 6.88206524174007e-05 0.000109306179717805 4.53240760982965e-05 1.59809444536307e-05 6.50049527990859e-05 0.000442256705719046 0.000952306808903813 4.03397200749112e-05 9.55698946086159e-05 0.00011397597281757 4.80008624894612e-06 9.39579851433336e-06 1.28551579527514e-05 1.62566036499001e-05 2.8233168389491e-05 7.90553203267041e-06 0.000130479688988316 0.00059956418845104 0.000833796659429709 0.00325938101741485 0.0023554996936582 2.26402433860518e-06 7.84791390573414e-07 0.000639577749825548
6.72886880586532e-05 2.43666870592962e-06 1.4938176852719e-06 4.55212786207859e-06 4.19394715002852e-05 0.000488616626898874 0.00032393577921539 0.0178375960327685 0.00358922697487287 0.00222666059853509 0.000831866172211448 0.000590820582146989 0.000192279874045198 0.000157156004684111 0.00247663502814248 0.00442125651752576 0.00303574532736093 0.000109991774445461 1.70645547502013e-05 0.000251534091148642 0.000375485794211272 0.000238211178384518 0.0034182409523055 0.0162132603814825 6.65093048486387e-06 2.05188631958286e-05 0.000171533251841538 0.00115560030099005 8.81087446782391e-06 3.96456354645469e-06 8.68038190219522e-05 6.37133102208143e-06 2.54591478778821e-06 2.70648336968549e-06 7.19754885722068e-05 3.29676135152113e-05 2.65831699839403e-06 2.41486741723307e-06 4.28976022504912e-05 4.50651985062223e-05 5.65055529915259e-06 8.92193741606206e-05 0.00131797063077101 1.48085862726077e-05
0.000171465659286696 5.83822255426636e-06 6.03039548585649e-07 1.14000256998814e-06 3.41807492731938e-06 0.000743582045834046 5.95062402986457e-05 0.000134766933479114 0.00049868400383275 0.00169269478064962 0.000546683148422744 0.0012207527353894 1.49176967862097e-05 2.1355004942869e-05 0.000444920700829243 0.00144810517085716 0.0021114962088177 0.000525358706363477 7.48066820591475e-05 0.000101740365494152 1.35786124396242e-05 2.93843445834385e-06 1.68442672170421e-06 3.51652199254815e-05 0.00066134480148321 0.00261509884148836 0.00251336760702543 0.00247402056120336 4.07178494334914e-05 6.50374930863951e-06 1.27280021665621e-06 5.0680325599517e-07 7.57925443017893e-07 2.7457690253696e-06 5.15682216473579e-05 2.53673163498336e-06 4.32218550683316e-07 7.5999265531923e-07 8.64105395281811e-06 4.16732911077133e-05 2.44675062891497e-06 0.00087009854905773 0.00124066401804157 0.000338855903828517
0.00152225221390836 0.000244474419469043 1.38134756829666e-06 8.80707681294446e-07 3.10500375501066e-06 1.46765941553939e-05 0.000583762643509544 0.000865807387162931 3.97689234564069e-05 9.05052788588989e-05 1.62330169319547e-05 8.96790052593133e-05 9.70816382972473e-06 8.08269533791872e-05 6.59054550396832e-05 4.08122338676264e-05 7.56706213962843e-05 0.000700300488097128 0.000421044083486777 0.000232200398204441 7.1931547122972e-05 0.000267654234266956 2.48585497921283e-05 1.78464513198584e-05 1.04510359248966e-06 1.52844700916366e-05 0.000996235964703374 0.00074453894776525 6.92490481014829e-05 1.39866612380857e-06 6.01053806059682e-07 1.08013369946036e-06 2.87341465082136e-05 5.10496925267834e-06 7.51408657766461e-06 1.25628590108118e-05 1.93292635736197e-06 3.42569247003821e-06 4.79668971753444e-07 2.39614314135883e-06 9.11874617159914e-07 0.00100961579446448 0.0118509224907029 0.000839639802870806
4.09158491675443e-06 0.000152054187014983 1.87671043281323e-06 2.82910410811521e-06 2.49077715563928e-06 1.33943556017146e-05 1.15108204854497e-06 0.000150879865952014 7.48585158286019e-05 0.000325660218004487 0.000377135565577191 0.000275137848257145 7.93801976992636e-06 1.83162140314774e-06 3.12160786616333e-06 5.40431845260647e-06 1.47836427811354e-05 0.000177738145430339 0.000755277744610794 0.000904048403026536 0.000672186803421937 0.000640061864396557 5.05163556134391e-05 1.91809773220086e-05 2.88550990562575e-06 1.51784601701843e-06 1.6930830041062e-06 2.49045511488077e-05 0.000260596122097922 1.31687070376252e-05 4.90809258053559e-06 8.17786013271871e-06 3.58869234324821e-06 8.71340291519473e-07 1.58105974251477e-05 3.31728803125486e-05 2.77608683060038e-05 9.59377447384835e-07 3.43728711504898e-07 1.13651207426346e-05 0.000736680705449544 0.000948240127763711 0.000960075854663955 0.000997588978384556
2.8326878327789e-05 9.6980524904211e-05 0.000543465917871799 0.00203430048422888 0.000225494314685193 1.83991693247676e-05 2.91438060963101e-06 3.40613983344729e-05 0.000674508614611113 0.0011756528110709 0.000952799685182981 0.000113645467917678 3.54192899492123e-06 5.6435670833821e-05 0.000418579275719821 0.00116501432203222 0.000306291739980225 0.000383929374220315 1.29094616501568e-05 6.41567507884133e-05 1.61959246749444e-05 6.38732735847469e-05 3.19603111056388e-06 1.41572213453456e-06 2.19734260281657e-06 6.73703326981467e-05 2.02758728881758e-05 0.00104086641222239 0.00054656906722812 0.00148964651743881 0.0018397540319711 0.0132071127649397 2.6199422791251e-05 5.97103985677805e-07 3.91705332969394e-07 3.56173617788169e-07 1.26523531458478e-06 5.87226990274026e-06 0.000281019032991026 0.00108402328203283 0.000968073564217775 0.000875999811364636 0.000894424561261076 0.00338557158829644
3.65277213404625e-05 6.20555374553078e-05 8.4521946561722e-05 0.00111131985097472 0.00078116218210198 0.00106358985358384 0.000110321688430304 0.000151776574804785 0.000123075333613087 0.000604222560650669 0.00823318003094755 2.09032999174075e-05 5.58221691193683e-07 4.98994043645062e-06 0.000179812110218336 0.000660235458053649 0.000738525987253524 0.00022466334157798 0.000980741891544312 0.00243363105109893 0.00161760594928637 0.000597019443580393 0.000301073005175567 0.00119526594644412 0.00207311128615402 0.00300174737931229 0.00111117541291605 0.00179493083851412 1.77524063248669e-05 0.000338093778555049 0.000237453409658706 8.91960175031237e-07 9.24489497167169e-07 3.86178027685924e-06 2.88729841013691e-05 0.000776360585587099 0.00833120874594897 0.00123940637495252 0.00121173862821706 0.00110875341131305 0.000942796618801367 0.000804578200950345 0.00778743700357154 0.000630318236085259
2.69480061344529e-06 5.12063702665655e-06 2.12360800044609e-05 0.000475743595598033 0.000106742010547123 0.000420602086524013 0.000203937978949398 0.000488355587003753 0.00415372713468969 0.000451900032931007 0.000104919745558618 0.000445507503342046 6.18112485427647e-06 3.10908291803358e-05 3.99917917420112e-05 0.000481992180721136 0.00150849306955934 0.000398571826139005 0.000128866514132397 4.7879741422463e-05 3.70505753309658e-05 3.48217608461709e-05 0.000290085127198836 3.86461009497907e-05 6.50965606325826e-05 0.00103585554222718 0.000771603346220218 0.000116734551306763 4.29643200419605e-05 0.000183464881502005 8.08515889005879e-07 3.84804145789897e-06 1.58212004246039e-05 0.00011856017640639 0.000872079323744401 0.00195108514744788 0.00267023183405399 0.000492875726195052 0.00490994456340559 0.00213020184310153 0.000762448691239115 0.000783457663646914 0.00643900532450061 0.000688929489047041
6.32497803968457e-06 1.37057724518996e-05 3.74036643904674e-05 5.36087978812994e-06 3.17111421030969e-06 0.000261801214765001 0.000509123648225796 9.63310542027029e-06 0.000718821171903983 0.000187858053322998 0.000214701504773984 0.000666232621867857 1.61844519407262e-05 4.02935493062362e-06 2.28106166701547e-05 0.00101867687189952 0.00029214055864486 0.000124314181025964 2.89132709367479e-05 0.00286250821955036 0.000434738490002928 0.000249318697751733 0.000530955249269027 0.00104172382270917 0.00111660858235609 0.00100070263426915 7.10732814013682e-05 2.55456240286778e-06 0.000167147060437856 0.00193261181702837 2.51226385543646e-06 2.50234482718215e-06 2.52956561792583e-06 1.03237533579881e-05 0.00131778105860576 0.00122513430274012 0.00107808288871638 0.00113416542772029 0.0011079408930982 0.000967036250267483 0.000822790459437783 0.000791924223381102 0.000731674791018122 0.000688992043387771
1.22219917402022e-05 9.10398370059795e-06 1.43111555179321e-05 7.80708493060001e-06 2.95695411637098e-05 6.73094782177586e-06 9.78860717067986e-06 2.52566887308125e-05 2.97496880429904e-05 0.00091534306993708 0.00133616424864158 0.00512145275133662 0.000803086776068085 2.84700383303971e-05 6.32875650261155e-05 0.000300080169692762 8.67646833057734e-05 0.000521741472766735 0.00037473269549082 0.00145806852378882 0.00145026855752803 0.00121758272289298 0.00166949169943109 0.00650354201206937 0.000892277140519582 0.00192724071675912 0.000796252384316176 0.00248153217835352 0.000294636891976552 1.1778606999191e-05 3.4512993684066e-07 2.7959713947423e-07 2.58809925393066e-06 0.000444117411097977 0.000175752026189002 4.08541695918529e-05 0.000275080533174332 0.000719781265070196 0.00106568804267226 0.000895913372141877 0.000860128220620027 0.000725856115013812 0.000768797196087689 0.000693817801152363
1.09150908118916e-05 4.81794840350602e-05 1.98690777283517e-05 4.11420584040201e-05 0.000319500879049883 4.69215128008349e-06 2.43295646604746e-06 1.08658333772049e-05 0.00063210140215233 2.09362550407377e-06 4.09141012984726e-06 0.000235672803682974 9.56670794039383e-05 5.15254503625329e-05 6.8659553960515e-05 1.93055846598345e-05 6.73529652265303e-06 7.43647681511472e-07 5.38083545585932e-06 0.000642156251706183 0.00100263684580568 8.68420387178048e-05 0.000350622893165564 0.000304872338892892 0.00166375799453817 0.00186410713940859 0.00123670399771072 1.77205341396203e-06 9.96848573675546e-07 3.56695023673304e-07 3.24558972464306e-07 5.5603816333516e-07 2.93829699579362e-05 0.00165912689408287 0.0140013752039522 0.0069113883539103 0.00131931422656635 0.00143392054742435 0.00288861650205945 0.00145061615712621 0.000832643231137808 0.000800064179088622 0.000707092743255089 0.000707078429581998
4.90231476194536e-06 8.33685881337365e-06 8.43426498704503e-05 2.81486719405644e-06 1.71665298194679e-05 6.759761285835e-06 1.32134041571974e-05 0.000554035863024183 0.000387216871604323 8.32584350017651e-05 2.70817508416066e-05 1.83164861097485e-05 3.47669134478368e-06 7.68633004611274e-05 0.000968544802162796 0.00287631760002114 0.00128342457464896 0.000254480592593609 0.000789326956146397 0.000167665210483392 0.000419982611492742 0.000866346262046136 0.000765687131206505 0.000539190819108626 0.000271837956097443 0.000881702842389132 0.000551823980639277 0.000257002391299466 1.35186409179422e-05 3.18786679528671e-05 0.000292446954699699 0.00174852575873956 0.00190125571680255 0.00649577839067206 0.000886617276114521 0.000737968624162022 0.00117045628576307 0.000781949795782566 0.000874395729624666 0.000468906097376021 0.00201748152612709 0.000649109999744724 0.000658846375381472 0.00060871801401845
1.35468643902903e-05 0.000624359725043178 9.41190182857099e-06 5.75864208370858e-06 3.65944813239816e-06 1.88388393993488e-06 6.47195778891163e-07 1.70432321645597e-06 0.000107186787977298 0.000118323620938554 3.75045593500545e-05 1.8179553459774e-05 1.23503931667157e-06 0.000255924821613007 0.00058656351902755 0.000691930500033777 0.000361854154471075 0.00050189472240163 0.000125011154796084 2.9510339608052e-05 1.61306863313282e-06 0.00015012814255897 0.00011363815722234 4.14375915852361e-05 2.76121509971361e-05 0.000425604350171227 0.000501120831177104 0.000959007948404178 0.000298033526996733 0.00039750029463903 0.000141604281498076 7.16174094122835e-05 0.00023522728079115 0.00153238159837201 0.00103358730411856 0.00495444688713178 0.00116870904166717 0.0103603434108663 0.000646688611709578 0.000612940537712348 0.000607525605732917 0.000615239737135198 0.000620961892036576 0.000527351190294212
2.86484123457331e-06 2.26801310418523e-05 3.54962596347264e-06 1.74163856825893e-05 0.000173580302816845 5.57115676684816e-05 1.56326754704561e-05 4.43464964575924e-05 4.75596611900775e-06 1.37208442015591e-05 5.31274975123841e-05 1.77864415841222e-05 3.98669892907044e-06 1.75061428144829e-06 2.29094775360261e-06 0.000207735522235453 0.000868103982065804 2.97338469216868e-05 5.70317085873739e-05 3.91485428995253e-05 6.70096673900389e-05 7.19500151319607e-05 2.64786924410565e-05 0.00012110516413486 0.000639123868086244 0.000551130094390828 0.000603339291410521 3.12795862555504e-05 2.00333246834994e-05 0.000152540467888684 0.000692901831644122 0.00114167879655724 0.00100202441972215 0.000646648268980243 0.000517128317403603 0.00115009969158564 0.000688264111522585 0.00056040799765924 0.0117967476486228 0.000647620105360147 0.000635225834025732 0.000625999214435069 0.000554004135392461 0.000450555290979082
1.84348580534399e-05 1.03190748822368e-05 8.39522711174601e-06 4.56403660004323e-05 1.25631440717089e-05 1.14425808706686e-05 0.000205278545308829 0.000301028469266384 0.000455490827152971 3.47391685266984e-05 0.00024694225407984 0.000118090659952941 0.000403859463403933 0.000646841147748489 0.000124309169655135 0.000440631667152047 0.000351356335158926 0.00010097274907821 0.000119980134695652 0.000103519443041478 5.6998490262572e-05 2.55836430496537e-05 3.66439203325797e-05 0.00057456440772512 0.000583489888776967 0.000439638532407116 0.000138240137312096 2.17271770065253e-05 0.00015149008759181 0.00259640942094848 0.000415653824478568 0.000392744669943568 0.000503802878665738 0.000512298790727073 0.00048056768882816 0.000541004012484336 0.00051957944087917 0.00188888954580761 0.000292665796007441 0.00174948001003941 0.00101376665115822 0.00818862445594277 0.00195220767054707 0.000978548899001908
1.42677445186257e-06 3.26489170842104e-06 9.56806210217209e-07 1.88039239060744e-06 3.26121390605838e-06 0.000103835200206959 1.71339974467832e-05 8.43867743121063e-06 9.94573335219684e-05 2.0350715615558e-05 3.00738681386914e-06 0.000401256213081069 0.000671031372621655 0.00330910381162539 0.00194246924365871 0.000314808624534635 0.000832946246373467 0.000602845209596126 0.000620205793563855 0.00169455443974584 0.00067850538471248 0.000347235283697955 7.12216023316614e-05 0.000291554118666681 0.000914541108068079 0.000202400410853443 0.000230049145466182 0.000160481505645294 0.00307727314866497 0.000267851070020697 0.000213717444785289 0.000460096617905492 0.000448189544817978 0.000433849964053934 0.00059853004058823 0.000390129000879824 0.000468485341866653 0.000832201828779944 0.000873784031136893 0.00208080438897014 0.000450271319823514 0.000408536345548782 0.000910100717192108 0.000407974679455947
1.12689837737934e-06 6.86068522326444e-07 7.83852089414339e-07 4.76372241386969e-07 1.09390662738074e-06 3.03742690704323e-05 7.04341161082978e-06 6.50864366135151e-06 5.44328643847791e-05 1.33813257287008e-05 6.47301815809298e-06 0.000244189346994972 0.000354022886313032 0.00332969538867474 0.0017215369589394 0.000479140366462616 0.000646870568743907 0.000592723142472096 0.00153879697027151 0.00493572416016832 0.000670958840055391 0.000480283244542079 0.00241453266644385 0.000593366006796714 0.000677622322109528 0.000445791629317682 9.27474844957033e-05 0.000501870497828349 0.00036884075962007 0.000859048537677154 0.000411992982117226 0.00149581248115283 0.000328425520274322 0.000567104064975865 0.00527775610389654 0.000304277376199025 0.000429620958050236 0.000437883875429179 0.000427437017515331 0.000424877508271493 0.000430016867426275 0.000419744040573278 0.000428721851267255 0.000383594961704148
