Scripts_&_data/Maxent_result_files_2/B_alpinus_2.asc
NCOLS 594 
NROWS 330 
XLLCORNER -15 
YLLCORNER 23 
CELLSIZE 0.166666666666667 
NODATA_value -9999 
[rows 180 to 199 of 330, columns 484 to 527 of 594]
5.61091861861485e-10 8.10029066045104e-10 1.63431778110734e-09 2.01635966812219e-09 2.47795175489784e-09 4.41711864862526e-09 2.60265495821699e-09 1.22225094489892e-09 6.24537754845278e-10 6.8436509792491e-10 4.50481729696861e-10 3.8015103287492e-10 5.5199892434743e-10 5.31466670672387e-10 5.43681855091904e-10 4.30597602019134e-10 4.14368550583077e-10 3.38405603539371e-10 3.91187526815884e-10 3.39387973280481e-10 3.16919712695096e-10 2.54658483189729e-10 3.22361459748066e-10 3.47543949175133e-10 4.5054073805062e-10 6.91116397444347e-10 1.20276322235213e-09 2.13976457663634e-09 2.94884191509581e-09 3.61387363367882e-09 4.01673133643143e-09 5.24882707297891e-09 6.01784791998128e-09 6.01493372887063e-09 7.49527088172996e-09 1.92857019465364e-08 4.02148098155308e-08 4.2493535823418e-08 8.50139547647899e-08 3.70869429722198e-08 7.12176395079034e-08 8.03950704675316e-08 6.79281182525138e-08 3.05991170068687e-08
5.73407632487033e-10 5.84613024656733e-10 8.88681717103879e-10 1.55844102067704e-09 2.78306665491002e-09 3.30598346476307e-09 2.16317592727222e-09 9.35397459489451e-10 6.06565375704804e-10 3.9606914414847e-10 4.85454365595217e-10 3.42802097819117e-10 5.13480902242236e-10 2.99506619505507e-10 3.0849619525597e-10 3.52397788727643e-10 2.23380314245958e-10 3.55907447957549e-10 2.90009805059555e-10 2.9100597487286e-10 2.60515531369521e-10 2.88633783540604e-10 3.49439566171839e-10 3.82277764998662e-10 4.7301871308747e-10 6.22273266248641e-10 1.07163524720733e-09 1.94755374050004e-09 2.98211975113816e-09 3.77223249303782e-09 5.04707264870063e-09 5.08565707324493e-09 5.89350734880867e-09 6.83301782933299e-09 6.702927468627e-09 8.95435586789617e-09 1.14925410854561e-08 1.41818983778741e-08 2.06001101510367e-08 2.85576034264601e-08 6.1461339195823e-08 3.89081092899701e-08 2.8391771011993e-08 2.54395614129876e-08
5.00958619031877e-10 5.37280819834507e-10 6.95466706446268e-10 1.01387230833083e-09 1.54512246330896e-09 1.77841932291756e-09 1.64945509473213e-09 6.97726920684261e-10 4.89989560037429e-10 4.80610340414245e-10 3.05319747262445e-10 3.01334968089151e-10 2.66410515870064e-10 2.47701226196995e-10 2.32540042777174e-10 2.18516327255003e-10 2.39658481948624e-10 2.7160638182977e-10 2.70430255966403e-10 2.45258546804905e-10 2.70156430559609e-10 3.07056235993031e-10 3.77220177316673e-10 4.62948690493903e-10 5.40855327191281e-10 6.731475155064e-10 9.46944944679729e-10 1.39334749293951e-09 2.00768860425526e-09 2.87460817371965e-09 4.28848606626175e-09 3.27868862060043e-09 4.58712001716322e-09 8.30225028725096e-09 8.08123398199356e-09 8.74983500098736e-09 1.50450639724298e-08 2.24889295519226e-08 1.3332469905869e-08 1.63549438547683e-08 2.34624852879506e-08 1.05627950830467e-08 9.76253236029123e-09 6.86944960914815e-09
3.4642121393702e-10 4.36689151506187e-10 5.14748388358299e-10 7.03847946592617e-10 9.12544462217113e-10 7.38178174142234e-10 4.8423630660821e-10 3.59010632333678e-10 2.91224611093099e-10 3.08427527961896e-10 2.66100552703819e-10 2.67831268274676e-10 2.37348907194956e-10 2.26978469353156e-10 2.36110830886815e-10 2.362003148626e-10 2.58816634790549e-10 1.7829866472141e-10 2.94176749626729e-10 3.00116675955309e-10 3.4196231402106e-10 3.39669803395282e-10 3.72804964676732e-10 4.70262451202075e-10 5.56618595659586e-10 6.89199708414634e-10 8.13242362340816e-10 9.58002266404634e-10 1.36868201217055e-09 1.89287535645732e-09 2.19356391939485e-09 2.56312748803111e-09 3.28861984311146e-09 4.5768699719062e-09 6.37539295800238e-09 9.50257067477978e-09 1.07259829684736e-08 1.25931045813488e-08 7.16036862025149e-09 8.01653188275964e-09 7.15286602170906e-09 6.57466021625197e-09 6.57389001013087e-09 2.56140264554006e-09
2.65475996741316e-10 3.18212645122884e-10 3.80834619395642e-10 4.46968784206803e-10 4.9003602287101e-10 3.95853982926297e-10 2.47937048669655e-10 2.24378060575958e-10 2.47159648303352e-10 3.04289504704514e-10 2.77104250656635e-10 3.05027170188765e-10 2.52647225362779e-10 2.03115535502008e-10 2.37212172127244e-10 2.5062073527593e-10 2.56827625833012e-10 1.95898552934892e-10 2.71305755639162e-10 2.66417776728645e-10 3.27096538743632e-10 3.67244601395811e-10 3.59560325957631e-10 4.24760648876088e-10 4.96476915134991e-10 5.63400115449753e-10 6.50336640095617e-10 8.17538081676616e-10 1.13612917962413e-09 1.76675276630789e-09 2.25742321502409e-09 2.53158187746294e-09 2.98171098922495e-09 3.55055965739481e-09 4.31354337804279e-09 4.36423123195695e-09 3.67139473267386e-09 3.38970164159846e-09 3.5015392696458e-09 5.30386913277781e-09 4.8621779935587e-09 1.15854824400685e-08 1.04830395364353e-08 2.49319653811142e-09
2.27233620808676e-10 2.29263719120354e-10 2.63112787113329e-10 2.90016000104032e-10 3.01194558183226e-10 2.45426201583854e-10 2.13134332405218e-10 1.91089644108189e-10 2.40168718246281e-10 2.19146834012918e-10 2.46972386985789e-10 2.7230928623112e-10 2.15454865060138e-10 2.16763362814731e-10 2.1667267979808e-10 2.13791273573349e-10 2.32792840559881e-10 2.3062869392021e-10 2.89185420054849e-10 3.39275574301468e-10 3.47490536345418e-10 3.63121921420628e-10 3.59354845880233e-10 3.96334343122362e-10 4.46331549497359e-10 4.84835838143738e-10 6.12238548747257e-10 7.30684979188823e-10 1.06284253620359e-09 1.61712664370484e-09 2.36823233246142e-09 2.96957416434651e-09 2.65620980766101e-09 2.30626584496463e-09 1.71288015993198e-09 1.79761608931628e-09 1.69753129330985e-09 2.15761872812692e-09 2.3167339491259e-09 2.47634585059942e-09 3.15785754212428e-09 6.59630821076007e-09 7.17823687157448e-09 1.80919395020851e-09
1.80254688952886e-10 1.8600860851592e-10 2.12532791366016e-10 2.53363618973879e-10 2.57862819985633e-10 2.57427212879691e-10 2.72959066460743e-10 2.333171211788e-10 1.88662008238083e-10 1.91421778428236e-10 2.41212105844824e-10 2.38345865266609e-10 1.7709986810388e-10 2.27902929861301e-10 2.24725127395686e-10 2.08671535606442e-10 2.4097389639266e-10 2.69801792018853e-10 3.08949155147786e-10 3.33171346067473e-10 4.4961921963349e-10 4.46180081770109e-10 3.58363660968308e-10 4.2748882211896e-10 4.9714816707791e-10 5.41596678615974e-10 7.6152474326463e-10 8.87627049639406e-10 9.8909805901215e-10 1.27118490178546e-09 1.48450675085954e-09 1.73404293146717e-09 1.77327351691403e-09 1.28559171086451e-09 1.22004658598129e-09 1.44932282841737e-09 1.60716959740626e-09 1.64195549379187e-09 1.51855521490774e-09 1.57492975327855e-09 1.69924457837922e-09 2.28231024079761e-09 2.40078734670135e-09 1.49701905316491e-09
1.9109510640547e-10 1.5203488468174e-10 1.66610925056432e-10 1.96113592032532e-10 1.98637595261175e-10 2.15491968713621e-10 2.00476635292546e-10 1.64218361131674e-10 1.76044967492572e-10 1.85689219556195e-10 2.52107823506265e-10 1.76267400675556e-10 2.08717421124049e-10 2.53987164633429e-10 2.2501024377064e-10 2.04872840914305e-10 2.35655706060101e-10 2.91464119506202e-10 4.19041923382935e-10 3.66324970357823e-10 3.51711582080583e-10 3.74891317989068e-10 3.78446918247732e-10 4.16105239153808e-10 4.93709162441291e-10 5.94796945030396e-10 8.18997381024644e-10 9.66924140755054e-10 1.15504222852891e-09 1.18886436251131e-09 1.38564629770244e-09 1.21681459352985e-09 1.06850718273321e-09 9.39391187060323e-10 1.40384255331583e-09 1.89685346319024e-09 2.72088779285085e-09 2.35103930767977e-09 1.89677606954319e-09 1.66314527705325e-09 1.72763160444234e-09 1.63670104136315e-09 1.23136428831216e-09 9.93468218801752e-10
9.57509405097312e-11 1.11321662998876e-10 1.25658805583129e-10 1.40335021381333e-10 1.48737711036517e-10 1.50709122959114e-10 1.58162405394791e-10 1.82558168582148e-10 2.21446549986126e-10 2.41285280644377e-10 2.20991125399195e-10 1.688461703786e-10 2.21460783045302e-10 2.66488464628623e-10 2.29333951828892e-10 2.34347685701408e-10 2.60694010822959e-10 2.78884615401154e-10 3.09965264566614e-10 3.38672956345931e-10 3.78401610046097e-10 3.74015840520769e-10 4.15654577423652e-10 3.62052465785467e-10 3.98137367518814e-10 5.5721568470446e-10 6.55205567579031e-10 7.09465453052616e-10 8.07830313753755e-10 9.50818146439047e-10 1.01612102065829e-09 8.0283155678984e-10 7.71300479041059e-10 1.0630777147469e-09 1.35183039207121e-09 1.60383142322473e-09 1.55998060025198e-09 1.31093699229368e-09 1.3174090263135e-09 1.43830326537753e-09 1.58432901242733e-09 1.46275329626633e-09 1.07334103827128e-09 9.22481868670388e-10
6.78842981827188e-11 9.99618943176017e-11 1.14819465046878e-10 1.27387256299016e-10 1.32616551073994e-10 1.51758228206234e-10 1.71124814318802e-10 2.15474149634076e-10 2.17623286058455e-10 1.62459179442465e-10 1.52599943792353e-10 2.00881522527396e-10 2.39858299888596e-10 2.33672459160061e-10 2.20547835549922e-10 2.43046682779635e-10 2.85974188773963e-10 2.60118393491382e-10 2.69085576043437e-10 4.00101340947145e-10 4.24371493501496e-10 4.05806721559543e-10 3.82389242492565e-10 4.34552138717237e-10 4.3913022107489e-10 4.82695861059312e-10 5.60002066940513e-10 5.99067317974544e-10 6.04923156011239e-10 6.17096085342439e-10 6.37858710295092e-10 7.69351071738811e-10 9.12885911308336e-10 9.66837943039422e-10 8.7684924876541e-10 1.01745012415222e-09 9.83931724984899e-10 1.03982408239389e-09 1.21687504517354e-09 1.26897415908545e-09 1.41872356085315e-09 1.2085708545051e-09 8.92711238265065e-10 6.63685173485362e-10
1.64215196996054e-11 4.32702762509507e-11 9.71792313286812e-11 1.2705603236185e-10 1.49807033444915e-10 1.70811553790173e-10 2.02782302061166e-10 2.15604101239109e-10 1.62637581180292e-10 1.5958887544798e-10 1.90143079059624e-10 1.95237603861642e-10 2.01816485745354e-10 2.20004736650736e-10 2.42329190047741e-10 2.82508161308925e-10 3.06794634141738e-10 1.74967396127101e-10 1.83451998037043e-10 3.17121784387808e-10 1.77253656197252e-10 2.56563092992934e-10 4.15568113254494e-10 4.50189796552536e-10 4.75205197414397e-10 4.84922291210665e-10 4.40174974247753e-10 4.66611871363654e-10 4.89653373403343e-10 5.16978426734482e-10 6.60019028320136e-10 7.69271291112261e-10 7.16496562080948e-10 6.59184873352814e-10 7.68666874595425e-10 9.51421097461491e-10 1.28783497199692e-09 1.20559341398874e-09 1.1934231491928e-09 1.09937936532134e-09 9.93225535150799e-10 1.06497789476023e-09 1.13005222956986e-09 1.12341048685849e-09
5.32211386072845e-11 3.75209641134688e-11 2.21996865334972e-11 4.01050415099746e-11 7.04353797509327e-11 1.5212955339905e-10 1.65586244715854e-10 1.77155856651012e-10 1.60187296760483e-10 1.63583990797633e-10 1.82474835241919e-10 1.99804350842214e-10 2.36937747200017e-10 1.81222004069781e-10 2.32698627034011e-10 2.5870624531521e-10 3.27627391882857e-10 1.5145869003419e-10 1.87797710715643e-10 3.52443674245251e-10 3.64445973399796e-10 3.99249799887258e-10 4.19848944499535e-10 3.51646656238103e-10 4.23491541834409e-10 4.10675626838497e-10 3.87543841462445e-10 4.34152436223911e-10 4.93617302588234e-10 5.25093368786145e-10 5.71596203702285e-10 5.63840896194989e-10 6.04893046762811e-10 6.84859713384611e-10 9.98723581613348e-10 1.07421559425447e-09 1.25019175012397e-09 1.53062841290463e-09 1.45118106420483e-09 8.81976036648524e-10 9.26066545670068e-10 9.12504494188227e-10 8.45547265537761e-10 7.57691120956139e-10
7.33310301370693e-11 6.252646178595e-11 4.01586541798338e-11 6.40384079098055e-11 7.45493222709115e-11 6.55803966687074e-11 1.61880497895339e-10 1.54127655083158e-10 1.33290567472244e-10 1.55180512884101e-10 1.28595079029736e-10 1.36589506372076e-10 3.08457825948238e-10 3.09705516787773e-10 3.09875336501619e-10 3.0667748340818e-10 3.42236994299583e-10 3.79883635659439e-10 3.20066062542423e-10 3.30191773922905e-10 3.1226665697659e-10 3.50413298377816e-10 3.59967045060472e-10 3.71032549129069e-10 3.6237809419859e-10 3.49315321113153e-10 3.78751330298854e-10 3.98879362872862e-10 4.72796557460242e-10 5.37476996242958e-10 5.5330098280848e-10 6.68957511607005e-10 8.26741974879752e-10 8.93546159286274e-10 9.24431164950335e-10 7.60154816870085e-10 1.25442127796305e-09 1.38883148315117e-09 1.23266462592753e-09 9.01634977790167e-10 8.23554902051882e-10 8.84776263365694e-10 7.64979646294961e-10 6.95058610666877e-10
8.63480731361221e-11 4.81457873569013e-11 2.98640556728458e-11 3.79227316216202e-11 8.85264306305089e-11 3.5909275553081e-11 1.41256939478751e-10 1.39258482523275e-10 1.45007517105e-10 1.13240639088019e-10 9.56794532491756e-11 2.66883026789344e-10 2.71759337255872e-10 2.91389057327507e-10 3.31678384757339e-10 3.38053984805242e-10 3.13597192658221e-10 3.13325843048773e-10 3.28129490245743e-10 2.99216584842554e-10 3.30779137414083e-10 3.56542051438424e-10 3.75807851504817e-10 4.01380906289717e-10 3.99305266629568e-10 3.91644938702029e-10 3.85282639125961e-10 4.29252311473505e-10 5.67186886346605e-10 6.83706347093249e-10 9.05999542055724e-10 9.91621984525182e-10 9.24500775933979e-10 8.67641702928523e-10 8.83012185592946e-10 1.04739331652226e-09 9.18066933586203e-10 1.02181628713893e-09 8.71217553655157e-10 8.43325165256203e-10 9.66637592192399e-10 1.01110650962966e-09 8.86947482126033e-10 7.72413999428068e-10
2.36262343022986e-11 5.7552151933038e-11 5.74119640717186e-11 5.05855912713571e-11 8.43208836087683e-11 1.37456412918624e-10 1.41754963323137e-10 1.46063194872426e-10 1.6956840376281e-10 1.13161746639889e-10 1.51534051973101e-10 2.41071185236308e-10 2.63310262482719e-10 2.80249479178707e-10 2.9735617301796e-10 3.12701409210803e-10 3.15950410278987e-10 3.52916529333669e-10 3.28917260095096e-10 2.87943136001445e-10 2.64728117205237e-10 2.96091917650898e-10 3.25039295479002e-10 3.44634210058814e-10 4.00615030038409e-10 3.96621580023293e-10 3.9242987748267e-10 4.79657791263577e-10 6.51578224708516e-10 8.10952582863678e-10 7.63719587570932e-10 8.84432271863744e-10 9.56800472184938e-10 8.28977475553216e-10 7.28429172536238e-10 9.06322505933588e-10 8.88520979014373e-10 1.2889598610677e-09 1.22844145966639e-09 1.2178912767169e-09 1.00674248937338e-09 9.68139712842486e-10 8.85811912709755e-10 8.05863298314335e-10
1.85634698723902e-09 1.14303433385032e-10 3.71967345813573e-11 4.09329681261283e-11 1.13013398639339e-10 9.23429666066511e-11 1.01082964221177e-10 9.41779099150608e-11 1.70089520246108e-10 2.07338468616314e-10 1.81799431064888e-10 2.14595652359151e-10 2.35142127991139e-10 2.58543519926491e-10 2.84158196972584e-10 2.9720694794122e-10 2.97149982397826e-10 3.14680614899032e-10 3.2250412340673e-10 3.20260973296627e-10 3.50440476637459e-10 3.72096242706732e-10 3.60460938875207e-10 3.61200525045291e-10 3.91145382749869e-10 4.00015409685039e-10 4.92062346424404e-10 5.10345254944866e-10 5.71367342327989e-10 6.84027190445136e-10 7.73056918479398e-10 7.90232945746538e-10 7.77493036618893e-10 9.06112129772652e-10 8.15982958979333e-10 1.02932966594693e-09 1.25626402613932e-09 1.37167799341142e-09 1.3581558100384e-09 1.35549755864162e-09 1.2491543355253e-09 1.426114359937e-09 1.0517415383049e-09 8.96879093215119e-10
7.37677918749569e-11 1.16738196886956e-10 1.82230008860529e-10 1.99825844759971e-10 1.51058243691438e-10 3.38442718295084e-11 1.55205337470932e-10 1.5732426472681e-10 1.68629987751245e-10 1.02281783043168e-10 1.74386949325367e-10 1.8452487315912e-10 1.8149834968284e-10 1.79875214723069e-10 2.13505713109186e-10 2.15044371199014e-10 2.3487389810839e-10 2.8786760752908e-10 3.61168495111031e-10 3.96195043439462e-10 4.16323420182607e-10 4.31252467070209e-10 3.74319775175991e-10 3.57262019967664e-10 3.48212392253799e-10 3.99275723594883e-10 4.42846792569895e-10 4.36435676487434e-10 5.30041943669346e-10 5.7273664699764e-10 5.79670567102397e-10 7.21322290786475e-10 8.91745588482706e-10 1.15890269603014e-09 1.03539202767067e-09 1.07963438189529e-09 1.34756877878672e-09 1.49901870916125e-09 1.75216740005979e-09 2.33002486194067e-09 2.25254953578613e-09 1.76143969410347e-09 1.65183537959024e-09 1.25305139597742e-09
1.12960873988044e-09 4.93227836351196e-10 1.22608190267215e-10 1.12425280196504e-10 2.37743480457908e-10 2.39927866463319e-10 4.85570028629922e-11 7.93554666422835e-11 7.2043659926635e-11 5.32843769107672e-11 7.00891678029336e-11 9.55531653801245e-11 1.19038179313691e-10 1.23082954939235e-10 1.36519906490662e-10 2.24665142045666e-10 2.07486750003483e-10 2.33948682648588e-10 2.71660327566536e-10 3.03185343497603e-10 3.23712323613279e-10 3.33696315024667e-10 3.91539811683828e-10 4.15574907819405e-10 3.76246489519616e-10 3.68893837698891e-10 4.95266538891315e-10 4.76130868065638e-10 4.21804247086044e-10 5.64007351933071e-10 5.59038326741756e-10 6.31831365005553e-10 8.07610034403439e-10 9.83267312015812e-10 1.03242498994405e-09 1.29439721163749e-09 1.21452504719954e-09 1.2779123426121e-09 1.72520181473956e-09 2.50492795395019e-09 2.93996808009567e-09 3.33040374167481e-09 2.73246395510185e-09 1.53304624550543e-09
5.48099121644441e-11 5.05276431805868e-10 4.9581593275505e-09 2.18422224751436e-10 2.64486288426014e-10 2.33070474031649e-10 6.37960362315226e-10 4.02506774577205e-09 5.53026757721398e-10 7.15053682931455e-11 4.84081330576203e-11 9.01476782111388e-11 1.55335866391937e-10 1.66312408289571e-10 1.80575654429305e-10 2.66169197793431e-10 2.70225219978215e-10 1.79312187320591e-10 4.21181978182972e-11 2.39173125748948e-10 2.49839571253574e-10 2.99765445799238e-10 3.58155682889105e-10 3.90464138799729e-10 4.21870316458239e-10 4.4468059234859e-10 4.4927519482485e-10 8.66141491862038e-11 1.10186459956196e-10 2.32127528310144e-10 7.06374847503355e-10 2.9545944579823e-10 9.23798681995436e-10 9.12303932398828e-10 9.9304884315643e-10 8.06702116218361e-10 8.61695070852875e-10 9.06516783860667e-10 1.08846831547993e-09 1.55204401552922e-09 1.99371292808337e-09 2.41986839455421e-09 3.32548366621666e-09 4.17995092982792e-09
1.6125320856375e-09 1.02446351402108e-09 1.76557566344826e-09 2.6289447063732e-09 4.41100614922973e-09 3.99643104165293e-09 3.94733711273076e-09 5.0616667746084e-09 2.74165823377359e-10 2.61732269191128e-10 2.33705221841518e-10 9.68387925404102e-11 9.38852551257696e-11 1.89763948998944e-10 1.42845812955983e-10 1.42314682261002e-10 1.80502668367666e-10 1.88332283102e-10 1.5086674132192e-10 2.92056601125523e-10 2.63795973953762e-10 2.58848453782434e-10 2.67522504149298e-10 3.18168613677727e-10 4.0555635516526e-10 4.64125193833098e-10 4.95075691553382e-10 5.01557828602728e-10 4.32259450455774e-10 5.48820822121598e-10 4.95635743558154e-10 4.5180224006458e-10 5.60803592453141e-10 2.50996456951924e-10 9.28487886575624e-10 1.05735822319986e-09 1.30061270642301e-09 1.58612051270879e-09 1.01280221986855e-09 1.07210054278717e-08 2.03502016349333e-09 4.60902673360408e-08 1.08732536308054e-09 3.96169508309896e-09
