Scripts_&_data/Maxent_result_files_2/B_argillaceus_2.asc
NCOLS 594 
NROWS 330 
XLLCORNER -15 
YLLCORNER 23 
CELLSIZE 0.166666666666667 
NODATA_value -9999 
[rows 80 to 99 of 330, columns 322 to 367 of 594]
0.00255267980246572 0.0393305143341422 0.00524566863483603 0.00186489784864534 0.000688652561348135 -9999 0.0003746340458747 0.00421079182124231 0.000600901995494496 0.000857470709706831 0.0012301412592933 0.0034493533486966 0.000271631395844452 0.00116918249768787 3.74996003074557e-05 0.000430508983845357 0.000563886635973176 4.52218665088822e-05 0.00256619641877478 0.000630753740915679 0.000488253883486323 0.000693401449279918 0.000741511683008866 0.000352004233809566 0.000935480667612865 0.000638985603291076 0.00152568975754548 0.00287860665630433 0.000459726773715374 0.0009788931991352 0.000807864135913405 7.62099498729185e-05 0.000338282030133996 0.000564427784229338 5.66378608141349e-05 6.40287110400095e-05 3.00418047629591e-05 0.000351082257566304 0.000837691128617735 1.66815810615617e-05 8.11362042618669e-07 7.29032439039656e-05 2.65482154190977e-05 2.31218757335228e-05 9.69153072674089e-06 1.13327620539394e-05
7.09253394688858e-05 0.000253001327882885 0.00113132814876735 0.00127255318184325 0.000329890821240042 0.000143371908529844 0.000832081250337069 0.000809205684345216 0.000134125192084866 0.000332088628510974 0.00066753555147443 0.00220601944020018 0.00225023092207266 0.00144334096039529 0.00179735377482561 0.0014440206636209 0.000527309058816172 0.00398108343531731 0.0220891280681826 0.00316208354051923 0.00146849342054338 0.000684719356286223 0.00100529202900361 0.000886968694976531 0.000317559351969976 0.000130645271565299 0.000138791255824344 2.12785098739232e-05 1.13484138537956e-05 9.50479400216864e-06 7.41536636752471e-06 6.26718811815863e-06 9.60124094262937e-05 0.000190747405304137 8.31183328955376e-06 2.11954193275687e-05 1.02964949931561e-05 0.000132944805591251 0.000634314051058027 0.0010791727952892 0.000446549421030795 8.62474579719219e-06 0.000458205536551759 0.000126893140748052 4.03165229450053e-06 3.23222128395528e-07
0.00392520205350593 0.00131935351528227 0.0149489082337823 0.000280124179016639 0.000454311875000712 0.002533567622595 0.000460477813248872 0.000554426488088211 0.001870853949913 0.00049633119833743 0.000131812235736106 0.000192619435983943 0.000120595547605262 0.000171097338852633 0.000564903696795227 0.000377639493672177 0.000406942404872213 0.000437073081095218 0.000204681827744935 0.00111538850178476 0.000644543839734979 0.00117390817613341 0.000437752070865827 4.42754724701899e-05 2.31419670171817e-05 2.57465820600822e-05 1.73925169882239e-05 1.7710052293296e-05 4.80481171337033e-05 2.41021806459685e-06 2.09139958911919e-05 5.29324713909318e-06 2.57467797850075e-05 1.51740722799332e-05 5.48855862689379e-05 2.62078691122269e-06 5.0919452270648e-06 0.000580788293336809 6.43116497940355e-05 2.14044440839389e-06 1.52513808686194e-05 4.69732984686999e-06 2.83048177571743e-06 2.42675553323579e-06 7.18431408586184e-07 7.64197072413708e-06
0.00028933777509792 0.00382671719125938 0.000489144239145389 0.0005001262413316 0.00123589743125194 0.000771716497547459 0.000267721035925206 0.000282298370257195 0.00064766810828587 0.000223532884956512 0.000684978914796375 0.00114955124008702 0.0017561463653692 0.000455262319883332 0.000173781328339828 0.00019788528297795 8.00989159301935e-05 0.000489243003266893 0.00219234807300381 0.000662463344633579 0.000612528424244374 0.000285232729947893 0.00215619756490923 0.000463200958620291 0.000309096742421389 0.000127697394418647 0.00233870799533584 0.000311945094108523 0.000721716959378682 0.000423864029289689 0.000502133265399607 0.000315676593163516 1.54357356223045e-05 4.86075111894024e-05 0.000131725243431902 1.07058542880623e-05 9.26931490539573e-05 0.0020837990588916 0.00197291623917408 0.000197097751174624 4.99878297954837e-06 4.51687530528488e-05 1.99542704897304e-06 1.1177092970982e-05 9.97340407344893e-06 5.44132347787274e-06
0.00283786695217714 0.00147093987397966 0.00152804047684185 0.000204870475863572 0.000843149880529381 0.00108193088090047 0.000317413789980492 0.00015461211278307 0.000331717279914301 0.000175912429403979 5.08621888457128e-05 0.000481680846132804 0.000316139306232799 0.000692473281378625 0.00080698637466412 0.000961257758535794 5.33461017766967e-05 0.000314918245294393 0.000693972044427937 6.66106355311058e-05 0.000192986400634254 0.000497402332257479 0.00141095442231745 0.000329558119119611 0.000256938467191503 8.1080902418762e-05 0.00022617838531005 0.000396917164471233 0.00027484504844324 6.12315452997336e-05 0.000584358033665921 8.10344139608787e-05 1.10635273131265e-05 8.60031483853163e-05 0.000100096888490953 2.65366730673122e-05 0.000116290088340065 7.74593657837386e-07 0.000730783280960168 3.59960432419371e-05 2.69697728732865e-05 4.73707357969033e-05 1.75227077649609e-05 0.000134654978728577 7.56962124967231e-05 1.60262042953718e-05
8.18990822153864e-05 4.58911332316347e-05 0.000248464427932049 8.65898517076857e-05 0.000120955906542597 9.00423622624658e-05 1.36990223381872e-05 0.000148282742884476 0.000147636084147962 2.97569880785886e-05 0.000122925655159634 0.000194706921320176 0.000259142633512965 0.000108979923243169 2.99459108646261e-05 0.000279252855398227 0.000413900902276509 0.000807875661121216 0.000709567309968406 0.000351426402884736 0.000169967373585678 2.00978194015988e-06 1.00774707959772e-05 0.000252408848405139 9.70534469161066e-05 4.1251971993006e-06 1.80816724252963e-05 0.000342201657986152 0.000185663293466853 1.37786007101681e-05 0.000478375207239878 0.000293192466415348 0.000112539066549289 2.3780698347764e-05 3.23316583319411e-05 7.22980479395119e-06 4.55833038115472e-07 1.00384863719327e-06 6.96585403137107e-07 5.93755567450671e-06 8.56139584470839e-07 4.04213373501605e-06 3.5131342781991e-06 1.46135270892245e-05 3.23516048467809e-05 2.27982499737323e-05
9.5611749929958e-05 0.000304394821887399 0.000351145026541211 0.000157035406482464 0.000475858241770766 0.000126671299221925 8.97456477105152e-05 0.000310574423085486 8.94164796591212e-05 0.000128853552087094 9.47102875215933e-05 0.000208955318521475 4.22158695073449e-05 9.9647902243305e-05 4.34368682135755e-05 0.000232121788576478 6.33781350188656e-05 6.06403320261961e-05 0.0015803438363946 0.000476448379049543 0.000150996782394941 6.6318291828793e-06 1.46415751913764e-06 2.80882781531488e-06 3.2220675507233e-06 9.84178794851687e-06 1.58031179580576e-05 2.71798938172196e-05 8.50426915235403e-06 6.93801405198258e-06 0.000639386635521078 0.00618155831907643 0.00237497630805592 4.60256374367418e-05 6.72231016025648e-06 3.69306375551659e-06 2.6699867686375e-05 1.30638130144689e-05 1.98255473293329e-05 3.1826659459e-06 1.19872020380996e-06 9.39649296185507e-06 1.34130551971978e-06 2.50601659494976e-06 7.27957322624206e-05 1.25889648003863e-05
0.000124537793499258 0.000183919349547068 0.000300247546692844 3.65270610927837e-05 0.000114706633212336 7.46008638543572e-05 4.63898981251987e-05 0.000258091822797724 7.96915930550313e-05 2.68099844106473e-05 8.65287511260249e-05 4.13836890174935e-05 8.47843166411621e-05 0.000333362957098871 7.98835178102308e-05 3.87876974855317e-05 4.83059337057057e-05 0.000151359817391494 0.00236259268131107 0.000169063780867873 9.62192458246136e-05 0.000108294362144079 9.88115916698007e-05 0.00105575114430394 2.01713686806215e-05 0.000175773422142811 5.05948120377298e-06 1.97594424282244e-05 8.00442208443997e-06 7.15964714217421e-06 3.6923008721601e-05 0.000217823225909797 1.75370652556239e-05 5.40252618677073e-06 1.05901450055512e-05 1.60415845378736e-05 0.000135913780331975 8.76145896654634e-05 1.40877278177243e-05 1.42707149276333e-05 6.45391222775515e-07 3.45259153164079e-05 8.38012387909259e-06 1.37958079957201e-05 2.46658632070407e-06 5.42067666735591e-06
0.000165649683913216 0.0002150195883587 0.000311207184859086 5.41006015737366e-05 0.00014060847200611 0.000105580527178972 5.53662364836782e-05 8.57467930472922e-05 0.000145571040775394 0.000110113100527087 5.56175570181949e-05 0.000130270297631796 7.94114279415226e-05 5.11179565364728e-05 2.85283911580336e-05 3.84683452693935e-05 0.000102191804126051 0.000140747448858747 3.3493220098535e-05 0.000105069373148581 4.48880922826578e-05 0.000365513252472738 0.000130862849619007 0.000109439169136749 4.81970556165834e-05 8.45550939629902e-05 0.000229268204384425 7.18988552193878e-05 6.84618042310348e-06 3.22183674086318e-06 5.27985780749418e-06 4.28976939822689e-05 6.06785721704028e-06 2.95417905377349e-05 4.3212705344331e-05 2.74576867851373e-06 1.42055273954611e-05 4.7120842376458e-06 1.41478456338717e-05 1.68766255043806e-05 2.80748375587336e-05 2.25157772604234e-06 2.80531984799381e-05 6.18189800825064e-06 2.77353052280382e-06 1.78463570691179e-05
8.33055368275382e-05 0.000153016993863275 7.95963991549797e-05 0.000905619395780377 4.14485270084697e-05 4.20617523559486e-05 5.595027223535e-05 0.000507410839782096 0.000132891068642493 6.62311829728424e-05 0.000340781691920711 0.000122301094961585 2.52000404998398e-05 0.000123479683497862 9.49914217926562e-05 3.8621333987976e-05 0.000131048214825569 2.46871410126914e-05 4.36429945693817e-05 0.000227969397383276 0.000349586065658514 0.000345267410739325 0.0001444929982231 0.000209131914743921 5.58491834453889e-05 5.12523005728904e-05 3.90539409636403e-05 3.54843890818302e-05 5.75214089764131e-06 5.96283274880705e-06 1.28632503425763e-05 1.15567700404995e-06 1.73197624199872e-05 2.49199583471693e-05 6.29496803838947e-07 6.37182275514681e-06 7.55829425003185e-07 3.32485878367095e-06 6.1171942059346e-06 6.11035703794727e-06 1.89409269752416e-05 3.77648553531174e-06 2.52303451127034e-06 2.16833906630853e-05 1.13512785873127e-06 4.18510225141944e-06
0.00774710339028388 0.000362496258458123 0.000738545702797422 0.000312715837935684 0.000578236269939225 0.000108852021367056 4.12719832638686e-05 0.000121545842921478 0.000401637589675374 6.60349212921574e-05 0.000127994506874529 0.000416457570099738 0.000170618206175277 4.90438707856811e-05 9.15595440123651e-05 2.79667538507056e-05 0.000130636418543872 2.37249148995033e-05 3.75100393284811e-05 0.000184798988630064 0.000195508376054931 0.000274925942358095 9.93634006590582e-05 3.50464906297532e-05 0.000480514913215302 0.00042063039218192 4.36152938618761e-05 4.49294766440289e-05 2.70533555521979e-05 0.000265150140694459 0.000347403675550595 0.000597744507103926 0.000273174832000223 7.31218321504912e-05 2.34121384785624e-06 1.32591486262656e-06 8.48415746190767e-07 3.81609507154046e-06 1.9045459652145e-06 4.22695151769403e-07 2.96194385711601e-06 2.35406649058412e-06 2.65929100482509e-06 2.88849675014191e-06 5.23195427376777e-05 2.11023382212794e-06
0.00122883174626622 0.00172077356692171 0.000135390704599558 0.000242511597025441 0.000274277106291265 0.000103573201704421 0.000133493196153722 0.000146239036257612 4.23392148150015e-05 0.000121020932783722 0.000403733841085341 0.000158526324594277 7.18292287758326e-05 0.000188936175618437 0.000203231743580545 6.05786489586535e-05 0.000225242055239505 3.27528725392767e-05 0.000147298936281004 3.17695890771574e-05 4.94647613322741e-05 0.000121762140042847 3.32261276525969e-05 0.000384337636933196 5.6248650435009e-05 0.000787329315062379 0.00109403514652513 4.16552749584409e-05 4.46150839707116e-05 0.000114845261305163 4.51448395324405e-05 7.4560793246059e-05 0.000486691366677405 0.00457915987353772 8.65500090185378e-05 3.12597286864502e-06 4.01295797596291e-05 4.96060397949805e-06 5.24820204219623e-06 6.79231301319305e-05 1.87443462245085e-05 6.833166057163e-06 3.51569102633675e-05 1.81833642102447e-05 6.45721551943979e-06 6.10888182052349e-05
0.0036711479537189 0.00130893885507248 0.00153067924838979 0.00098475158738438 0.000266494075913215 0.000119416769848613 0.000201263258350082 4.42866085904825e-05 0.000506469932588516 0.000213969253309187 0.000306496083794627 0.000209214034293836 0.000112463990080869 0.000209556374829845 0.000207390260402462 0.000352985870995326 0.000167874872204266 0.000170747469746857 4.89743826619815e-05 4.66962145765137e-05 6.06416975642787e-05 7.87941292401229e-05 7.2581308268127e-05 9.56280373429763e-05 0.000188928246643627 7.25364157915465e-05 0.000223881531746883 0.000183876704613795 0.000903178768931534 0.000929748084308812 0.000322753231466777 0.000276820964791114 0.000106113270703645 5.01090570651286e-05 0.000254091447459359 0.00010167484269914 5.23700424764684e-05 0.000125836909137433 1.63058495331825e-05 6.50655444360382e-05 2.49970451591253e-05 0.000162339198232075 2.73978306438494e-05 2.63628791117299e-05 3.95905474039893e-06 1.17084679516211e-06
8.53155926051841e-05 6.13476525359147e-05 0.000309220525377896 0.000100105303863529 9.80270702712005e-05 0.000241816497145919 0.000309432607173221 0.000221131214857451 9.941725875251e-05 0.000543969659338472 4.67370404294343e-05 0.000158942463167477 0.000115364672819851 0.000204612986271968 0.00079303215170512 0.000232800255980692 0.000192886504009948 0.000205943202308845 5.0611718052096e-05 3.10620682284934e-05 6.30958777037449e-05 5.93206994381035e-05 0.000330260448390618 0.000304659741232172 0.00011362026896935 0.000510535090506892 6.38057177638984e-05 0.000360782591451425 0.000439959749928676 0.000454732668003999 0.000640924688923405 0.000355359527020482 0.00102019555342849 0.000822604788118042 0.000347743726160843 0.00013148360158084 0.000175558185765112 6.87667387865076e-05 0.000139304993717815 0.000435607717008679 0.000509548096306389 0.000129699375247583 1.7848433378731e-05 8.78063907059357e-06 8.15256755153371e-06 6.9568908585893e-06
7.39755343602155e-05 0.000269135062262649 0.00050553834735183 0.000230718377133599 0.000889710123010445 0.00019918915000986 0.000351172496448271 0.000476664461893961 0.000108109569555381 0.000135895022685872 0.000181087957753334 0.000236300101096276 0.000959121613414027 0.000517905774177052 0.00128720579959918 0.000359540421777638 0.000241170043227612 0.000822063691157382 0.000384810477407882 0.000235984674509382 0.000118202602607198 0.000556963944109157 0.000389651022851467 0.000180536081461469 0.000209365953560336 6.13201707892586e-05 0.00025288864671893 0.00041171138145728 0.000409143589786254 0.000280598604877014 0.000376941915601492 5.81773063458968e-05 0.000279651031814865 0.000256104610889452 0.000463003918412142 0.000433958041321603 0.000324092248592933 0.000298513699090108 0.00151913654990494 5.2366273575899e-05 0.000652667373651639 0.000236681911701453 6.12099672318678e-05 1.39713772497885e-06 1.77156206579987e-06 2.4466172069193e-06
0.00071276877715718 0.00173203026060946 6.91503656639725e-05 0.000299246460781433 0.000250683739977831 0.00011284261900073 0.000408276539383223 0.000378791942785028 8.00179572252091e-05 0.00012402626680994 8.08079804301087e-05 7.75113099734881e-05 0.00022636842331849 0.000548050305224024 0.000380645828408888 0.000374868039216381 0.000285156232530426 7.14040996172116e-05 0.00062364517361857 0.000300940207671374 0.000253003328907653 0.000400824009557255 7.41956250749354e-05 5.36145587830106e-05 0.000877855138969608 0.000404738014913164 0.000161301034677308 0.000379110517678782 0.000120619642984821 4.8620988127368e-05 0.00013428791280603 0.000283993665652815 2.6959838669427e-05 6.21530245553004e-05 0.000220011174678803 0.000350050791166723 7.54012943616544e-05 4.39137073499296e-05 0.000366673468761292 0.000362098397454247 3.27613082845346e-05 0.000131873648751935 0.00012022948867525 0.000136370300788258 0.000472601391811622 6.53456113013817e-05
0.000792679297592258 0.000168930192896966 0.000511210155673325 0.000550518848183257 0.000426951930421637 0.000123190216254443 0.000759866446605884 0.000430717115523294 0.00044756375864381 0.000473616799718002 0.00097333145677112 0.00133904074027669 0.00030216599261621 0.000215713967190823 0.00150011407968123 0.000583651918714168 0.000557516806293279 0.000447672444715863 0.00030064090169617 0.000339207432989497 0.000347343859903049 0.000282581974897766 0.000255370093873353 7.79945323301945e-05 7.88013405326637e-05 9.46494794334285e-05 0.0001028633218084 7.91909053077688e-05 0.000340122807392618 8.68694358359789e-05 3.50683667420526e-05 6.04780609137379e-05 0.000109763988530176 0.000204602917801822 3.79503880139964e-05 0.000288859778083861 0.000104454730535508 7.1081976784626e-05 0.000214976037386805 4.84139859509014e-05 0.000137298291519983 0.000247605361437309 0.000150769075116841 0.00022545485990122 9.86689101409866e-05 7.02296871168073e-05
0.00040005509617913 0.000532831635791808 0.00201762323267758 0.00161292878910899 0.000479522573004942 9.83610218099784e-05 0.00163403478509281 0.00133644899760839 0.00176556070800871 0.00760688479058444 0.00102816986909602 0.000419621507899137 0.000871365066268481 0.00154936444596387 0.000422422916744836 8.93338610694627e-05 0.000561877791915322 0.000549658258387353 0.000336166704801144 0.000331430033838842 0.000358945624611806 0.000319258343006368 5.33515487404657e-05 0.000218936394958291 4.66391094960272e-05 1.44273496516689e-05 7.85210959293181e-05 0.000305260618188186 0.000437971101928269 0.00016499803368788 0.000840031965344679 0.000246915881507448 0.00024248971567431 0.000830436394608114 0.00013811841745337 0.00023350448027486 3.73548053175909e-05 0.000239691053502611 0.000416797159778071 0.000603314065665472 0.00250736530086749 6.50402982500964e-05 0.000115111739751228 2.93952790297425e-05 2.17329153230139e-05 0.000116271639853949
0.000998928486660589 0.000417080799956504 0.00217469320050441 0.000226706379908137 0.000135650073752913 0.000107071640377399 0.000430807429435176 0.000572417372313794 0.000836939504370093 0.00158005567500368 0.000485687237232924 0.000496835575904697 0.000502918669371866 0.000259018984434078 0.000289314259498497 7.85532680311007e-05 0.00037602213487844 0.00038733595283702 0.000367571875540307 0.000601283764990512 0.000397831054579001 0.000329666551988339 9.83355006610509e-05 9.63183364547149e-05 4.29134734076797e-05 0.000118296682662655 0.000703088488080539 0.000663900916697457 0.000308194974422804 0.000136291254784737 0.00030527081398759 0.00026106243567483 0.000255928473416134 0.000396364219341194 0.000233762308562291 4.94520767006179e-05 4.04006374992605e-05 0.000211732468233095 0.000195181449817028 0.000335667344916146 0.000319789717468666 0.000401759592568851 0.00015555158395415 0.000217569286905928 0.000402146430315042 0.000223889055070003
0.0102417756570503 0.0022533685551025 0.00069744636566611 0.000424721807939932 0.000395716279308544 0.000122286446639919 0.000111249223846244 0.000164043346012477 0.000394122693978716 0.00010195465392826 0.000308390943246195 0.000522742105385987 0.000493743606057251 8.97278176125837e-05 0.000427705939364387 0.000424807093804702 0.000416264298837632 0.000403574998199474 0.000394144230813254 0.000401710047299275 0.000613038947631139 6.82848763062793e-05 0.000338795197603758 0.000596480412787059 0.000459843180578901 0.000349380343686789 0.00033436022567912 0.000317474748953828 0.000317359093605774 0.00105976316990564 0.000643905390461441 0.00030902294711268 0.000310617608192842 0.000273495324290707 0.000270311546773883 0.000259116056986386 4.53811978786689e-05 0.000234825793086202 0.000214724522447796 7.39632282237834e-05 0.000203023510039202 0.000180496542452602 0.000185211593998247 0.000192577787674963 0.00017626865846978 0.000460656851626051
