Scripts_&_data/Maxent_result_files_2/B_argillaceus_2.asc
NCOLS 594 
NROWS 330 
XLLCORNER -15 
YLLCORNER 23 
CELLSIZE 0.166666666666667 
NODATA_value -9999 
[rows 100 to 119 of 330, columns 230 to 275 of 594]
0.014113590400666 0.00669308000942692 0.021840335871093 0.187743772193789 0.126089544221759 0.0248935350002515 0.0151334721595049 0.0413126371800899 0.0719789307564497 0.060338681936264 0.00586695433594286 0.020304140355438 0.028009577607736 0.0380336698144674 0.0249227870255709 0.127764336019754 0.0742193222045898 0.0565760769881308 0.0182176234433427 0.0275734316557646 0.174119599163532 0.00290312335127965 0.0045182597823441 0.010549797816202 0.0520366981625557 0.0941714212298393 0.125552902370691 0.262563650682569 0.0816171451252861 0.150187827646732 0.423467135429382 0.116097500175238 0.0964458283036947 0.00841080023891018 0.00407127394573763 0.00479078935459256 0.00594889405183494 0.0033675889717415 0.00727327272761613 0.170021854713559 0.150298204272985 0.420556649565697 0.828571259975433 0.829608315229416 0.831947934627533 0.832431721687317
0.0104600374121219 0.00977931637316942 0.00861342842690647 0.0285775650292635 0.0494524304021457 0.0193004725151695 0.0444042989984155 0.183561539649963 0.0239383053034544 0.0325729995965958 0.080051108263433 0.0331492483615875 0.0184801512164995 0.0395102080889046 0.0044933764099884 0.0401148367673159 0.056679087691009 0.0261356804519892 0.0587369649469803 0.0858574822545052 0.102497334778309 0.0275843582116067 0.00323750044917688 0.00804865380050615 0.0185977991204709 0.0117422083159909 0.0961682289838791 0.106279358640313 0.285799004137516 0.526937367022038 0.157442439347506 0.021089519187808 0.00447516103740782 0.0578409556299448 0.0179028730839491 0.00197414793365169 0.00462725514080375 0.00221153313177638 0.00426913520786911 0.0785575419664383 0.385794442147017 0.616768133640289 0.834119153022766 0.833742904663086 0.829895436763763 0.826028645038605
0.00259909747401252 0.0128708844073117 0.0146694734226912 0.0269596191123128 0.0154575477354228 0.0345380738377571 0.0578427732922137 0.0443467969074845 0.0309501036070287 0.00542384686414152 0.0288198826834559 0.011944841966033 0.0079450037330389 0.096793538145721 0.0757261715829372 0.0146565132774413 0.0108120131435866 0.0201528211360889 0.0564786871662363 0.0196387704461813 0.129887109994888 0.00882833506911993 0.0175202970393002 0.0124836576171219 0.00912764254026115 0.0560733303427696 0.159374515712261 0.0113959314418025 0.0192783953156322 0.0182585977949202 0.00413509046193212 0.00741754527552985 0.0137307394761592 0.0171963929198682 0.0274569014087319 0.0478371052071452 0.017662029247731 0.0016019786358811 0.00461618350818753 0.0905850261449814 0.0722123764455318 0.065129267796874 0.521319830417633 0.581746035814285 0.81652255654335 0.811645233631134
0.00899981865659356 0.00953412274830043 0.0291252855211496 0.0795059596188366 0.0180493479569053 0.0104119216557592 0.101033734623343 0.042895488627255 0.00641405258793384 0.0288542902097106 0.00790271733421832 0.00824508341029286 0.00668552310671657 0.0236917729489505 0.0129238469526172 0.0212546278722584 0.363987189165142 0.032647130265832 0.0297736831940711 0.0524440738838166 0.00199896269477904 0.0204888897016644 0.00832479007076472 0.00256752405638349 0.0167906133458018 0.00863016715738922 0.00885365152498707 0.0123954188544303 0.00857355648186058 0.00309910264331847 0.0154987201094627 0.0481860424391925 0.112020378559828 0.0219846640713513 0.0246187379583716 0.0486737063154578 0.052302685007453 0.0189677063686195 0.0374485119245946 0.0453129736706614 0.0242378782480955 0.214565420150757 0.0365098910406232 0.38350036740303 0.801347160339355 0.800904428958893
0.0108580775702176 0.0105665376409888 0.0268689144822443 0.0514390096068382 0.0174100666772574 0.0133889767341316 0.0529323134571314 0.0284717312082648 0.025355738773942 0.00320962108962704 0.0072982037672773 0.00703235466498882 0.0393841566517949 0.0130042868666351 0.0222371532116085 0.0102236726786941 0.00692221992649138 0.0363082624040544 0.0617116920650005 0.0175620384514332 0.00633339285850525 0.0716645935550332 0.032812059353455 0.00550223620848556 0.0163507295073941 0.0114517321810126 0.0668051953427494 0.0321510432288051 0.0290592134930193 0.137062492826954 -9999 -9999 0.0262269664322957 0.000728043730487116 0.000318551181408111 0.0379522738978267 0.100971562415361 0.0391386244446039 0.0485021298751235 0.0183095729211345 0.00328480199968908 0.0143718812614679 0.0393193941563368 0.172630733251572 0.260779112577438 0.781662160158157
0.0129865682683885 0.00200316037517041 0.0520194387063384 0.054567950963974 0.0259782107546926 0.0230997866019607 0.010589015763253 0.0238782544620335 0.049911230057478 0.111254181712866 0.0521350245806389 0.0149486612994224 0.0303607020527124 0.0241782378405333 0.0157045094761997 0.0233388227410615 0.0276377545669675 0.0633486181767172 0.0438202692797872 -9999 -9999 -9999 -9999 -9999 -9999 -9999 -9999 -9999 -9999 -9999 -9999 0.088661764189601 0.0445153431035578 0.0585538579151034 0.0234624078031629 0.00609435845108237 0.0113900770782493 0.0089683216297999 0.0035932561790105 0.00257005558814853 0.00985539769753814 0.013972337404266 0.0022727734176442 0.00117198133957572 0.00753629195969552 0.176356638222933
0.0207976418547332 0.0661425851285458 0.230877573788166 0.349156560748816 0.188913067895919 0.029914288094021 0.0780274908989668 0.141907324735075 0.123268569343882 0.287248495221138 0.367499903589487 0.131971956416965 0.0856218986213207 -9999 -9999 -9999 -9999 -9999 -9999 -9999 -9999 -9999 -9999 -9999 -9999 -9999 -9999 -9999 -9999 -9999 -9999 -9999 -9999 -9999 0.00422740303911269 0.0234492093324661 0.00478202259400859 0.0100701716030017 0.0101978712948039 0.0124789320165291 0.00484078421723098 0.0207106784917414 0.0183688627555966 0.0219663093797863 0.00627007940784097 0.0318192883394659
0.0427925595082343 0.205185256898403 0.134468295052648 0.0448895160108805 0.151233559846878 0.191736120730639 0.379432544112206 0.164808564260602 -9999 -9999 -9999 -9999 -9999 -9999 -9999 -9999 -9999 -9999 -9999 -9999 -9999 -9999 -9999 -9999 -9999 -9999 -9999 -9999 -9999 -9999 -9999 -9999 -9999 -9999 -9999 -9999 -9999 -9999 -9999 -9999 0.0171801585238427 0.111739338934422 0.0654735956341028 0.0354629489593208 0.043251371011138 0.0201322343666106
0.101962469145656 -9999 -9999 -9999 -9999 -9999 -9999 -9999 -9999 -9999 -9999 -9999 -9999 -9999 -9999 -9999 -9999 -9999 -9999 -9999 -9999 -9999 -9999 -9999 -9999 -9999 -9999 -9999 -9999 -9999 -9999 -9999 -9999 -9999 0.432559794187546 0.00890583861619234 0.00932491002604365 0.0161557664163411 0.0232675709761679 -9999 -9999 0.332192990468092 0.679455984837841 0.0922802176326513 0.0160049796104431 0.0156920570880175
-9999 -9999 -9999 -9999 -9999 -9999 -9999 -9999 -9999 -9999 -9999 -9999 -9999 -9999 -9999 -9999 -9999 -9999 -9999 -9999 -9999 -9999 -9999 -9999 -9999 -9999 -9999 -9999 0.0291352243628353 -9999 -9999 0.0831030867993832 0.148791609704494 0.0483785897493362 0.0252979120239615 0.0323535596951842 0.00787756629288197 0.00180142990429886 0.00335712969535962 0.00781288133002818 0.0119491283316165 0.0760527290403843 0.0532885041087866 0.113343707472086 0.0489326173905283 0.00467041048686951
-9999 -9999 -9999 -9999 -9999 -9999 -9999 -9999 -9999 -9999 -9999 -9999 -9999 0.0500546233728528 0.107676364853978 0.0662074733525515 0.0118891124846414 -9999 -9999 -9999 -9999 -9999 -9999 -9999 -9999 -9999 -9999 -9999 0.0786194398300722 0.0071561680175364 0.00963002988137305 0.0332414142787456 0.00725698419846594 0.00969835883006454 0.00719915851950645 0.00619547823444009 0.00561937673483044 0.00745462537743151 0.00541911090258509 0.00511538852006197 0.029158635251224 0.0148717526346445 0.00445505543611944 0.00104791711783037 0.00474622901529074 0.00324182482436299
-9999 -9999 -9999 -9999 -9999 -9999 0.149233915656805 0.177937567234039 0.826258200407028 0.301855662465096 0.133885335177183 0.019277239125222 0.0574445705860853 0.00704671286512166 0.00314887923886999 0.00598594330949709 0.0106094662565738 0.0152781296521425 0.120016983896494 0.00660664199385792 0.0216131882742047 0.0529138676822185 0.0780849620699882 0.0129230821734706 0.165298974514008 0.00750759259681217 -9999 -9999 0.33161973580718 0.164168481528759 0.0371333198621869 0.0284457864239812 0.0113396184053272 0.00636910921894014 0.00226158712757751 0.00349765317514539 0.00635829693637788 0.00336759220808744 0.00100885372085031 0.00542495988775045 0.00522513322066516 0.00795871899463236 0.0209093159530312 0.0116206646431237 0.00519899944774807 0.00100393316242844
-9999 -9999 0.0258237121510319 0.055304943344551 0.12833649367094 0.041920948959887 0.0155913074500859 0.01549267238006 0.0164323500357568 0.0139886776916683 0.0143152480013669 0.0150097707286477 0.0169149372726679 0.00640473527523141 0.0059101716382429 0.00877692974172533 0.00878747282549739 0.0128795608412474 0.0074464759323746 0.00685805976390839 0.00207452376489528 0.00875327938701958 0.00623415373265743 0.00113089260994457 0.0408102532848716 0.0305407769978046 0.0533548347651958 0.00866557237459347 0.135891653597355 0.103631253540516 0.0245143461041152 0.00438935371348634 0.00637206093891981 0.00247145678731613 0.00726337949745357 0.0144189915154129 0.00903051467612386 0.00789300815667957 0.0016002144664526 0.00656492877751589 0.00545764341950417 0.00184507601370569 0.00111890865809983 0.00147071403916925 0.00392181281931698 0.000982379444758408
-9999 0.0362740174401551 0.0160472660325468 0.0158569789957255 0.0352612894028425 0.0596273627132177 0.0231610798276961 0.0327489108778536 0.0150483516044915 0.0141134029254317 0.0431087309494615 0.0168004524894059 0.0518379703164101 0.00765715823508799 0.00344981658760638 0.00877378392033279 0.00851336703635752 0.00799249415285885 0.00749439992941916 0.00728802476078272 0.00914564421400428 0.00956451841630042 0.00194373073754832 0.00302978942054324 0.0409150926396251 0.00769606465473771 0.0102175486274064 0.00814826667774469 0.0555967597290874 0.0187010422348976 0.0104072966845706 0.00894177607260644 0.0368311428464949 0.0110676627606153 0.00869024428538978 0.0099938707659021 0.00346355094798465 0.00160310890059918 0.00146065761800855 0.00169911687262356 0.00162928001082037 0.0140545673901215 0.00128820166282821 0.00545124341733754 0.00136897113407031 0.001938379148487
-9999 0.0308729235082865 0.0403583185747266 0.00840066284872592 0.00678402080666274 0.018306374642998 0.0682995568960905 0.0238900251686573 0.0162560033611953 0.00519675647956319 0.0104767109267414 0.00653537638659498 0.0117399885319173 0.10496841147542 0.0110800207126886 0.00892632897011936 0.00953420787118375 0.00867824554443359 0.00988246356137097 0.00854270462878048 0.00793472900986671 0.0229435896122488 0.150469110533595 0.599669373035431 0.753009015321732 0.750897634029388 0.028779389616102 0.0223476882092655 0.0101319508394226 0.00183952372753993 0.0107915281550959 0.0111014910973609 0.0210707022342831 0.00201200554147363 0.0094803468324244 0.0108242448419333 0.00200446349917911 0.00185372226405889 0.00189853103074711 0.00223822210100479 0.003232917340938 0.0102274851407856 0.00127336600562558 0.00419902063440532 0.000781002436997369 0.01006141633261
-9999 0.0532797525097698 0.150216874480248 0.0125206063035876 0.053886891156435 0.00421587583841756 0.0304096028208733 0.0175409755669534 0.0254420042037964 0.0166960288304836 0.0187019952572882 0.0172232055105269 0.0209067700430751 0.00970761170610785 0.009041927754879 0.00867133713327348 0.00953886448405683 0.00915003237314522 0.00771955517120659 0.0336511122062802 0.00858873901888728 0.0248676728205588 0.201539719849825 0.771574777364731 0.761238831281662 0.756761234998703 0.145262579619884 0.0118650326505303 0.0110201414907351 0.00981398695148528 0.0106601243605837 0.0114069136790931 0.0028900298231747 0.00378524761763401 0.00846347401384264 0.0353068919852376 0.0105978695210069 0.00172218823281582 0.0087575857527554 0.023885274771601 0.0013531516015064 0.00629146490246058 0.00259695142740384 0.00230440142090617 0.0067182736704126 0.000828239027759992
-9999 0.147319139167666 0.0180260681547225 0.00945363505743444 0.0122318583657034 0.00783113709185273 0.0197233534418046 0.0123206315096468 0.09916175827384 0.0112215196946636 0.00761469891294837 0.00472322143614292 0.0113659002818167 0.0254093134775758 0.0100684068631381 0.0323427410796285 0.00181244376581162 0.010133462632075 0.0104211680125445 0.0363233199343085 0.0365095656365156 0.00916095646098256 0.00622665123082697 0.102529358118773 0.769242841005325 0.763978612422943 0.359567552804947 0.013994011329487 0.00209444443462417 0.00187478245061357 0.0108211139217019 0.0114608215168118 0.0119555084966123 0.0123548863222823 0.0118268787162378 0.0114187363069504 0.0103533310350031 0.00833607562817633 0.0071885859593749 0.0506194684654474 0.00580385054927319 0.00560700797941536 0.00647924761287868 0.00113595653965604 0.00122237341711298 0.0008133637777064
-9999 -9999 0.0568680789321661 0.043437401340805 0.00753326534759253 0.0410133192315698 0.070256433814717 0.0562856547534466 0.00819224419537932 0.0065526959951967 0.00344231047201902 0.00632720073917881 0.00888074249960482 0.0366201156750321 0.0102442822884768 0.023537281434983 0.177431277930737 0.0134515397250652 0.0720222514122724 0.0101204416714609 0.0874549597501755 0.012969119194895 0.0305170336738229 0.0351541918702424 0.05002516573295 0.527523902058601 0.0408194180577993 0.0078368563670665 0.00275289076962508 0.0104802326532081 0.0107120523229241 0.0118497831979766 0.0124014667468145 0.0438486032187939 0.0590718792751431 0.00253446419956163 0.0111090546706691 0.0271666076034307 0.00778593434952199 0.0121429252438247 0.00802429545437917 0.00593117601238191 0.0050523973070085 0.00115687087527476 0.000833122385665774 0.00376137990970165
-9999 -9999 -9999 -9999 -9999 -9999 -9999 0.162431021034718 0.0177997890859842 0.0191029600799084 0.0172639442142099 0.0321167502552271 0.0202707152813673 0.0174693636596203 0.025648888386786 0.109835692495108 0.196893564611673 0.0226336924359202 0.0252024039626122 0.0112048413604498 0.0108369524590671 0.00768739227205515 0.0104941153433174 0.00131065484602004 0.0294853190891445 0.0475067814812064 0.0395656147506088 0.00494938557967544 0.00193679484073073 0.00919711429160088 0.0107663188595325 0.0126909024314955 0.012973215081729 0.0140481370734051 0.0429188845679164 0.0431677267886698 0.0106428436469287 0.0102916824631393 0.00211337326909415 0.00281589876394719 0.0125857561128214 0.0109592007473111 0.0098499292973429 0.00510914309415966 0.00143298526818398 0.159431570768356
-9999 -9999 -9999 -9999 -9999 -9999 -9999 0.0268524517770857 0.011486217166428 0.00217149205273017 0.00961015271022916 0.0126099799759686 0.00836311690509319 0.00823822477832437 0.0195732103598817 0.0139996321406215 0.0979970559477806 0.0112017004750669 0.0176603462547064 0.0409526722505689 0.0148953572846949 0.00756354574114084 0.0073614367749542 0.00135396473633591 0.00227384182508104 0.0556016517803073 0.0600189991295338 0.503569462895393 0.152831118553877 0.0075670228805393 0.00952407401055098 0.00462196350156625 0.0112154866568744 0.0132447389885783 0.0137165346182883 0.00818941618781537 0.011639821366407 0.0167143221013248 0.00891936353873462 0.0072286588139832 0.00580540031660348 0.00860087019391358 0.00631181984208524 0.00462257065810263 0.00457642863038927 0.00736650708131492
