Scripts_&_data/Maxent_result_files_2/B_argillaceus_2.asc
NCOLS 594 
NROWS 330 
XLLCORNER -15 
YLLCORNER 23 
CELLSIZE 0.166666666666667 
NODATA_value -9999 
[rows 260 to 279 of 330, columns 322 to 367 of 594]
6.80671455484116e-06 2.60585981095574e-06 2.38452055327798e-06 2.24865403879448e-06 2.22798958020576e-06 2.12385904205803e-06 2.10759907304237e-06 1.87255665196062e-06 1.55090526163804e-06 1.36135760726575e-06 1.16533962000176e-06 1.01731823178852e-06 1.00697955929263e-06 2.00054764150082e-06 5.83723274871772e-07 5.73709689888346e-07 6.53361661306917e-07 6.20246080984543e-07 5.72192934100713e-07 5.37866984018365e-07 5.82411442451303e-07 5.73119731939187e-07 5.56918146799035e-07 4.81580538291837e-07 3.8696493191992e-07 6.61944807234249e-07 2.61321547156967e-07 2.86724066000943e-07 3.08657003955659e-07 6.38293823840286e-07 3.60572028057504e-06 3.36585968341296e-07 2.77273094440034e-07 2.79161469762812e-07 5.08581336644553e-07 4.53095923091951e-07 4.68284123655849e-07 4.67318281494045e-07 7.63182310947741e-07 2.0830761286561e-06 8.67520105884978e-07 9.73194327116289e-06 1.34938751898517e-05 0.000216705919592641 0.007348348130472 0.00396941934013739
3.38115346494305e-06 3.30161158217379e-06 3.19599334943632e-06 3.24675772844785e-06 3.1009096460366e-06 2.63507894260329e-06 2.43644809643229e-06 2.30352970902459e-06 3.96572092995484e-06 1.72245749467947e-06 1.40751981234644e-06 1.17896400979589e-06 8.82609543850776e-07 5.2369378295225e-06 2.31107117087959e-06 2.67725727098878e-06 1.41414889185398e-06 6.12337251482131e-07 6.46929242975602e-07 5.29271846971824e-07 1.34804186273652e-06 1.19588566498408e-06 9.91862341293004e-07 4.40867258078015e-07 3.76040726735027e-07 2.76782680685983e-07 8.76890114520634e-07 2.68851890439237e-07 3.05015269219666e-07 2.76765144491264e-07 1.18161758564383e-06 3.9084601723971e-07 2.25904167905355e-07 1.87536083728901e-07 1.33666974022617e-07 2.78397804720498e-07 3.84356692961774e-07 1.00302088128501e-06 1.55292945578367e-06 2.62713741925324e-06 1.67027192219393e-06 3.10203275211141e-07 4.29310223744039e-06 0.00064016716205515 0.00102487593467231 0.00290959194826428
4.31209459748061e-06 4.57985922821535e-06 4.81555944134016e-06 4.28418236424477e-06 3.95352992654807e-06 3.72757474451646e-06 2.92280695930458e-06 2.48587731448424e-06 2.10626199077524e-06 1.85459409749456e-06 1.55750972794522e-06 1.2223896476371e-06 1.04497603956588e-06 8.72504935500729e-07 8.26301922529638e-07 9.32094690142549e-07 2.41314160120965e-06 9.54999097757536e-07 8.55922732512226e-07 6.1105311033316e-07 1.22026308480017e-06 6.90761726218625e-06 6.02893624090939e-06 7.7982318487102e-07 3.74076590503591e-07 2.77958368144482e-07 8.29814557619102e-06 1.39810161954301e-06 2.79839195371778e-07 2.83309461934778e-07 5.40358766443205e-07 4.27863553227326e-06 3.29421384037687e-07 2.63685537049696e-07 1.31872585740211e-07 3.30734664544252e-07 3.40647723362508e-07 2.14589801998955e-06 1.66491251549439e-05 4.39434216684687e-06 2.31102441148323e-06 1.96444605178314e-06 1.19616733059047e-05 5.66118745155109e-05 0.00039741537621012 0.00410652245627716
6.21628860244527e-06 6.19534293946344e-06 1.15408933687888e-05 5.31703744854894e-06 4.66883386707195e-06 3.96684692987037e-06 3.37989761192148e-06 2.79361814818913e-06 2.18905746578457e-06 2.0563020143527e-06 1.73779412762087e-06 1.51682974092182e-06 1.44190903483832e-06 1.2825550186335e-06 1.00979485182506e-06 1.19900571462495e-06 1.34634784103582e-06 1.23843967685389e-06 1.04759979535629e-06 6.97592352594256e-07 2.62280810261473e-06 3.64978988898201e-07 1.07823007624575e-06 3.16062967442576e-07 3.42335435732366e-07 2.71357247783044e-07 8.07584178801335e-06 2.04082029085839e-05 2.26621815500039e-06 2.77812505089514e-07 3.75272891517398e-07 8.12435729358185e-07 3.25001149371618e-06 8.4894413987513e-07 4.47114879875699e-07 1.45016319379465e-06 2.50273029678283e-07 6.29390014179609e-06 7.97708889876958e-06 1.23132418777816e-06 1.24941991306304e-06 1.26477175541595e-06 9.996771183296e-06 0.000129134463350056 0.000248681648190541 0.000491379846425843
6.47658748675894e-06 6.1954652210261e-06 1.58042354087562e-05 1.56377799612528e-05 5.20493842941505e-06 4.92556023345969e-06 4.07665997954609e-06 3.19588539241522e-06 2.65052157146783e-06 2.38505331253691e-06 2.24506561607996e-06 1.7262946585106e-06 3.15479687742481e-06 3.94391331610677e-06 1.45801532198675e-06 1.42834334724284e-06 3.34105787942462e-06 2.5803985749917e-06 9.62161510642545e-07 1.37471432140046e-06 1.43198315640802e-06 3.47918329168806e-07 2.71528816142563e-07 1.11172249717129e-06 2.81098665055879e-07 2.70360552434568e-07 3.10217922105949e-06 0.00293108753394335 3.39726329912304e-05 9.15807872525765e-07 3.7266711956363e-07 3.83449737739738e-07 9.91638248137861e-07 1.5156111237502e-05 3.61348110118342e-06 2.24525272187748e-06 1.92590649703561e-06 2.31661475709188e-06 7.69266722500106e-07 5.75335675989663e-07 5.77370710175273e-07 7.32370654077386e-07 1.34923318455549e-06 1.78951215019652e-06 0.000129830745208892 0.00196896094712429
7.25931827219028e-06 6.06869743933203e-06 6.11709333497856e-06 1.17304436992538e-05 9.73429409896198e-06 8.41894867988913e-06 4.28159537477768e-06 6.76869958624593e-06 3.12017268697673e-06 2.72904478606506e-06 2.3099838131202e-06 1.83692675364e-06 1.87240374316389e-06 1.53409330323484e-06 1.50382838342011e-06 1.31357664940879e-06 2.88633118543657e-06 9.66543518643448e-07 8.239927581144e-07 7.60050190251604e-07 6.02650794689907e-07 4.1862650590474e-07 2.34733187767233e-06 2.65471793881034e-07 3.09667395015367e-07 2.5457085968128e-07 2.68392586377786e-07 7.06228570379608e-06 1.40529207783402e-05 9.23527613749808e-07 3.07478131844618e-07 2.45173243484942e-07 3.20973931877688e-07 9.62687606715917e-06 1.04045780631168e-06 7.9856280592594e-06 1.34332737502518e-06 3.81227687284991e-07 7.72482434285848e-07 1.44054502584368e-06 6.33420351903169e-07 7.42026301736587e-07 9.32471652959066e-07 2.90093398689351e-06 4.12284401374308e-06 0.000328136785537936
6.55095282127149e-06 6.52193280075153e-06 6.87435322106467e-06 1.61958389072181e-05 1.97258563275682e-05 5.89158626098651e-06 5.01492590956332e-06 3.97723863443389e-06 3.23396750445681e-06 2.1494452312254e-06 1.69658546838036e-06 1.71050165818087e-06 1.93291958794362e-06 1.59101920189642e-06 1.20764631219572e-06 9.65183249945767e-07 9.44688292747742e-07 9.24100129395811e-07 8.51477366836662e-07 9.22908782285958e-07 7.63759516075879e-07 5.34817203856619e-07 3.51485905980553e-07 6.26093324740395e-07 6.1464147620427e-07 6.45398196752467e-07 5.91490243095905e-07 2.70841459126814e-07 2.28330922169562e-07 2.75769173896379e-07 2.70332586183031e-07 2.52756260721299e-07 4.56931806525063e-07 5.36575698333763e-05 8.18747041648749e-06 1.31799213249906e-06 3.7548398807985e-07 3.51758912131572e-07 4.35597056025472e-07 3.37338758527039e-07 3.83138738868638e-07 4.81890934622697e-07 5.63360434568949e-07 8.88621758576846e-07 2.4747491920607e-06 5.03714804835909e-06
8.79733674992167e-06 2.6972813429893e-05 6.73832746542757e-06 1.29431138027325e-05 1.9478372996673e-05 1.02605924665156e-05 8.79659693637791e-06 4.39916282175545e-06 3.23090516758384e-06 2.5482729029136e-06 2.70138053792834e-06 9.52948216763616e-06 1.84704306320782e-06 1.40295076676011e-06 1.1727108528703e-06 1.1215868198633e-06 9.04439161786286e-07 8.16517388102511e-07 7.11391399477179e-07 7.62566097023409e-07 7.66226352766353e-07 5.96861269741567e-07 4.22188843174354e-07 3.1751980742456e-07 2.47458028468372e-07 5.98842925114695e-07 2.22120216619714e-07 3.27766668704044e-06 2.05742569354683e-06 3.53480640371551e-06 3.31632913912472e-06 1.9818788075554e-06 2.13632049792523e-06 0.000159993888610188 0.00299145244011108 5.10355340566093e-06 9.50463933691026e-07 5.5743048505974e-07 2.75919259706825e-07 2.70174618322017e-07 3.32493178234472e-07 2.72189337380269e-07 3.6878261369111e-07 5.15885871266164e-07 1.76228229520348e-06 3.08215979885063e-06
9.0326267581986e-06 7.96386907495617e-06 6.31744205747964e-06 6.2308220549312e-06 1.14526740740195e-05 4.99829482123459e-06 8.91144497818797e-06 4.04281022383657e-06 3.86882190923643e-06 3.49735348663671e-06 3.01087787875076e-06 2.3057308794705e-06 1.91351766716252e-06 1.605443429753e-06 1.35301576165148e-06 1.08061068999632e-06 9.39835274493817e-07 7.82885535954847e-07 1.23644035738835e-06 6.14698726053575e-07 6.75999919508286e-07 6.00167226139092e-07 1.1873547975938e-06 7.49719475834354e-07 2.5537331609371e-07 2.05137104103414e-07 2.07122775464086e-07 1.92975694091047e-07 2.01487405320222e-06 1.6915004493967e-06 8.02369962116245e-07 1.70379065025372e-06 4.0387757934468e-06 1.92179673234705e-05 0.00562106296988532 2.89640114488066e-06 6.95857949040146e-07 3.44761681958516e-07 2.20979350729067e-07 2.1478734808511e-07 2.01866764371061e-07 2.49202855684416e-07 2.49841571076104e-07 3.1691497497377e-07 6.17560442606191e-07 1.19026709626269e-06
7.71079953665321e-06 7.50114063521323e-06 7.1262547862716e-06 5.18161496074754e-06 1.99481623638142e-05 2.3528126191863e-05 4.3236929059276e-06 3.92310739698587e-06 3.90439340662851e-06 8.19456740828173e-06 2.97597819098883e-06 4.74735036277707e-06 2.00162961618844e-06 1.4932544615931e-06 1.13836332502615e-06 1.0403056649011e-06 9.46169012649989e-07 7.9207919725377e-07 6.81701075677665e-07 5.28758533846485e-07 5.66347350172691e-07 5.57402080403335e-07 4.5743006040766e-07 3.3729994299847e-07 2.88464762832064e-07 2.56891652838931e-07 2.24289733097294e-07 1.75109261846274e-07 1.57291019675654e-07 1.81962608536423e-07 4.21745829726206e-07 2.18664654738632e-07 4.65487528344966e-07 2.03526736674009e-06 0.000549531790845548 1.45497878179413e-05 7.30147141325688e-07 1.36410143909416e-06 2.43673887467821e-07 1.67133433137678e-07 1.57196637928791e-07 1.64809719649384e-07 2.11092133639568e-07 3.11333150193605e-07 3.64020276322208e-07 6.65210134798144e-07
7.48946754356439e-06 7.06135920154338e-06 1.30015057635546e-05 1.06920806942412e-05 5.96458926338528e-06 4.84911840885616e-06 1.32906430280855e-05 3.66378587841609e-06 3.61988938948343e-06 3.39580506079074e-06 3.08484188735747e-06 2.57842343671655e-06 1.94307295942053e-06 1.5710280536041e-06 1.22409437608439e-06 1.14747329007514e-06 8.63796495309543e-07 7.58540699052901e-07 6.57284246585732e-07 5.27936211369706e-07 4.77536269727352e-07 4.57657803565326e-07 4.21309654541346e-07 3.39601496079922e-07 2.96236226660085e-07 2.68521186086446e-07 2.44614962952028e-07 1.84766606281528e-07 3.43317021467282e-07 3.06080186618374e-07 1.42897233601502e-07 1.31322309115944e-07 1.60896015444223e-07 1.41736213095101e-06 0.000503565915106163 1.17800097996223e-06 6.71070776547822e-07 3.98666128376135e-07 7.00840254808099e-07 2.53588981991015e-07 2.02920988812139e-07 1.36621894952782e-07 1.66245338562021e-07 2.11836284336187e-07 2.21615236029038e-07 2.69139903963378e-07
7.17282810001052e-06 6.80294060657616e-06 6.42088130007323e-06 6.32089822829585e-06 5.54456648842461e-06 1.32558011500805e-05 4.08665573559119e-06 3.47523623531742e-06 3.6189282354826e-06 3.4862780239564e-06 3.20456126701174e-06 2.6523301812631e-06 2.16075807202287e-06 1.56216716504787e-06 1.23751465253008e-06 9.84995000408162e-07 8.39185969425671e-07 7.21465929132137e-07 6.33221901580328e-07 5.18608401023357e-07 4.37255449980967e-07 4.13703953938693e-07 4.02808846899916e-07 3.23874618857189e-07 2.87188995429233e-07 2.66090971479116e-07 2.3136649360822e-07 1.75597856610921e-07 6.70850411665924e-07 3.85381458727352e-06 6.16743665204922e-07 7.11225154714779e-07 3.22910199201942e-07 2.02736211747379e-06 1.38573928438746e-06 8.59461981406184e-07 3.28272450644818e-07 3.71085077688349e-07 1.05564700305649e-06 6.46922888036805e-07 1.65157344156341e-07 1.3161075500534e-07 1.30970688871912e-07 1.7291892220328e-07 1.99596851757633e-07 2.38955745146541e-07
7.90253834566101e-06 7.05859779372986e-06 6.57363320897275e-06 6.40528123767581e-06 5.68348457363754e-06 4.71390728762344e-06 3.92657050269918e-06 3.62376770226547e-06 3.57764572527231e-06 3.43052324751625e-06 2.94664470175121e-06 2.27709228965978e-06 1.82155616812452e-06 1.36003743591573e-06 1.05670645211831e-06 8.73158111858174e-07 7.04053260847104e-07 6.16887948012845e-07 5.52031733036529e-07 4.74221531021612e-07 1.37526851631264e-06 3.83765714673245e-07 3.9709959622769e-07 3.33887000181221e-07 2.94786288890236e-07 2.48720783702083e-07 2.22842587049854e-07 1.81293700052265e-07 1.50368763129904e-07 1.48595089513037e-06 9.34018663656389e-07 2.81972805851183e-06 2.76340853986312e-06 1.3627778486125e-05 2.15898954821769e-06 1.05372049763464e-07 2.80315720146973e-07 3.0446041918708e-07 1.76910271676434e-07 1.88405171286377e-07 2.29411780594546e-07 1.45357562075787e-07 5.28181433878672e-07 3.00605643133167e-07 9.91276138506692e-08 1.65223439552165e-07
7.23906982784683e-06 6.86754851813021e-06 1.69037703926733e-05 6.20955534031964e-06 5.22770831139496e-06 5.00328660564264e-06 4.25987598191568e-06 3.50251389136247e-06 3.26745721395127e-06 3.06076697142998e-06 2.63753270246525e-06 2.17726181972466e-06 1.59804143322617e-06 1.38281221779835e-06 1.00016485475862e-06 7.48437133779589e-07 6.94928442612763e-07 6.55691113138346e-07 5.14398375628389e-07 1.34165100007522e-06 3.29567822632271e-07 3.31723384761062e-07 3.20688242538836e-07 3.06720643550307e-07 2.63924797394566e-07 2.24186351971412e-07 2.36019742061444e-07 2.15135072068051e-07 1.43626328608093e-07 3.69166379243779e-07 8.04586424152376e-08 8.29678137748147e-08 7.71732819870863e-08 2.57907419154435e-07 2.31003301528476e-06 7.72591946542889e-06 8.88169580548492e-06 2.87205119173128e-05 1.09392572156253e-07 4.51008544788412e-07 7.72706396645617e-08 1.82642094159746e-07 1.34736740164954e-07 3.85284409265552e-08 1.71252813032652e-06 6.91350112447253e-07
9.62535797839337e-06 1.51099544077438e-05 1.67633592718985e-05 1.35038838382839e-05 1.10935536517975e-05 8.88095468027927e-06 3.64388861271436e-06 2.97169794976071e-06 2.81067359537701e-06 2.56309966744084e-06 2.51101923254282e-06 1.8026912471214e-06 1.34086055254556e-06 9.74422624722138e-07 7.94588504504645e-07 7.47539363032956e-07 7.17212995482441e-07 5.46857621941399e-07 4.70415540121394e-07 3.67824502234271e-07 3.29033844082005e-07 2.58729362201393e-07 2.84747564904819e-07 2.64469416322299e-07 2.26392690194643e-07 1.70414741518243e-07 2.08464366124872e-07 1.8442331395363e-07 1.73257245350555e-07 1.45714256660767e-07 9.72575572077972e-08 8.71323106110822e-08 1.80900966029185e-07 1.15512720455513e-07 2.55925163372694e-07 1.52335012870708e-07 3.00669272803589e-06 2.6962494075633e-06 7.47061548622696e-08 3.01419265302805e-07 2.96122737530879e-07 6.5217594711342e-07 2.55593239906204e-08 5.83676574983372e-07 8.70226596560997e-08 4.30061019685013e-08
1.38969695617552e-05 1.5101680037477e-05 1.86146186024416e-05 2.09836447538692e-05 5.02978775784868e-06 8.81934109044913e-06 4.10256418490462e-06 2.6476468178771e-06 2.24239967110407e-06 2.1266330236358e-06 1.87668626949744e-06 1.63933950716455e-06 1.30036615360041e-06 9.93777030089404e-07 8.66862063730878e-07 7.49952801015752e-07 6.51298475418116e-07 5.25360336212088e-07 4.40893168729417e-07 3.41600784281582e-07 3.04588900945646e-07 6.89583012558614e-07 2.40792923023037e-07 2.26329892427657e-07 1.91148871664382e-07 1.45246919913689e-07 1.60037568264215e-07 1.94569115308241e-07 2.01047978976021e-07 1.58542404449236e-07 1.07500271795402e-07 8.02528388632595e-08 1.91375525204762e-07 4.96933983917813e-07 2.14714969501983e-06 3.43667424196337e-07 9.71060402088497e-08 6.05657421637318e-07 8.69445862861085e-08 2.34433424850522e-07 6.09742324186868e-08 5.71930092974071e-07 2.01821242384881e-08 2.78583518964481e-07 1.74908459960044e-06 6.32400320554893e-08
6.32152446087275e-06 4.67746706362959e-06 1.06038203319225e-05 2.1011238641222e-05 1.14411214782062e-05 3.64595307473792e-06 3.25348382830271e-06 2.56223064525329e-06 2.17748988688982e-06 1.90007204992071e-06 1.59792177782947e-06 1.4168649443036e-06 1.26837516063461e-06 1.05802245684572e-06 8.93246675559567e-07 6.86075776457073e-07 5.21274095888202e-07 4.56011812843826e-07 3.95125718455347e-07 3.28602995125493e-07 2.78495791405931e-07 2.24641549806393e-07 1.90675456934741e-07 2.24066756970842e-07 4.39744243863061e-07 1.68808444911406e-07 1.54921136896746e-07 1.53477480679953e-07 1.73921444712732e-07 1.62919956281371e-07 1.55136757129526e-07 1.17672525590251e-07 8.33954199919162e-08 2.19770501175276e-07 5.93848824337329e-07 2.01950927021244e-06 3.43614164677319e-08 4.8258605289675e-07 5.19636071061313e-08 1.53245095901866e-07 2.3678327121246e-08 4.67739063481076e-08 5.50958571210458e-08 8.45326723286632e-07 5.07919361902864e-08 1.35953537983013e-08
1.33928431750974e-05 4.32637450558104e-06 4.18985380292725e-06 1.01917081651526e-05 6.61179094370024e-06 3.37473020408652e-06 2.87828316913874e-06 2.45677372276987e-06 2.17072705481769e-06 1.91505117754787e-06 1.80625760322073e-06 1.52445964545223e-06 1.19381347758463e-06 9.82660276349634e-07 8.76740097055517e-07 6.33349208101208e-07 5.01064722868705e-07 4.1634870768803e-07 3.55603498292112e-07 2.94535612965774e-07 2.56471405180037e-07 2.36504751427447e-07 2.05824009213984e-07 1.97163935666822e-07 1.68692454494135e-07 1.55897655673698e-07 1.44090088127768e-07 1.41640979833824e-07 1.47620655965852e-07 1.56968083686593e-07 1.41460895264345e-07 1.04406999490436e-07 9.18275217642872e-08 9.17578017123333e-08 3.96307335392976e-07 8.40621089537308e-07 5.46383629895786e-08 2.84111595760805e-07 5.86469930397016e-08 1.01299528409982e-07 1.07846770802666e-07 7.57157058828284e-08 8.98178972974506e-08 2.25978925350034e-08 4.56803528159355e-07 1.56147545737895e-07
4.65982866444392e-06 4.29222236562055e-06 3.79334626359196e-06 3.82185269245383e-06 3.04846075778187e-06 2.89773995518772e-06 2.38246341268678e-06 2.11094123869771e-06 2.10107068596699e-06 1.98692008552825e-06 1.59030008717309e-06 1.31782176140405e-06 1.07811864609175e-06 8.91889959575565e-07 6.51793374117915e-07 4.70914531547351e-07 4.11404064948329e-07 3.18504002905229e-07 2.66976873319891e-07 2.37352747234354e-07 2.18761727666106e-07 2.03896514250346e-07 1.75615434372389e-07 1.83838943002002e-07 1.53540217695536e-07 1.39075813265777e-07 1.33423876036431e-07 1.31867335184666e-07 1.37727629478945e-07 1.4443972133904e-07 1.29746497634642e-07 1.00085752663404e-07 1.00629243249273e-07 9.0727804291646e-08 1.21184324974877e-07 1.62293527239399e-07 1.0509648333823e-07 1.12473597546625e-07 1.19015204802508e-07 2.18218831093964e-07 1.17877160477065e-07 8.10761804359572e-08 9.36634274140147e-08 3.90815859674376e-08 9.19566084434109e-07 2.68082450460838e-07
3.56237571850215e-06 3.57117194198509e-06 3.14530327614193e-06 2.84075397303241e-06 2.68940293608466e-06 2.24696764234977e-06 1.97445453977707e-06 1.99514075802654e-06 2.13167795664049e-06 1.84035626489276e-06 1.47239379089115e-06 1.17144584805828e-06 9.66261137591573e-07 7.00908526596322e-07 4.98289091410697e-07 3.76723311035221e-07 6.00306921683114e-07 2.92853637517965e-07 2.35827120320664e-07 2.05553943288805e-07 1.95014769843738e-07 1.90179589054651e-07 1.50212625271706e-07 1.50377240260013e-07 1.39087921269265e-07 1.35255186961558e-07 1.14997952493923e-07 3.64320268886331e-07 1.41811412746051e-07 1.43407750385904e-07 1.35771289322406e-07 1.13552180636134e-07 1.06812496269981e-07 1.01195896817785e-07 9.91593939403401e-08 9.42689599270352e-08 1.13737992535334e-07 2.80410935715736e-07 1.97255986267297e-07 8.96001960115633e-07 8.71376954592051e-08 9.97801389956976e-08 8.33691295554218e-08 7.93222648454162e-08 1.38476600142212e-07 1.17757583097955e-06
