Scripts_&_data/Maxent_result_files_2/B_argillaceus_2.asc
NCOLS 594 
NROWS 330 
XLLCORNER -15 
YLLCORNER 23 
CELLSIZE 0.166666666666667 
NODATA_value -9999 
[rows 180 to 199 of 330, columns 230 to 275 of 594]
0.182665374875069 0.121351805701852 0.0945395063608885 0.342072275280952 0.245992600172758 0.253795422613621 0.456468063592911 0.446511173248291 0.0851101793348789 0.0625454254448414 0.0828737769275904 0.0343883165158331 0.038267782330513 0.0268399972468615 0.0239364304579794 0.11540308073163 0.191849896320979 0.0967323176562786 0.316580882668495 0.135494084656239 0.135169777274132 0.039423094689846 0.203802175074816 0.21205570101738 0.226213909685612 0.146241155266762 0.138708915561438 0.144185317307711 0.132974514365196 0.155428710579872 0.143503092974424 0.247471179068089 0.1425148434937 0.20643762871623 0.1190106369555 0.129831756651402 0.245692980289459 0.230002737045288 0.0845961309969425 0.223105719685555 0.112793024629354 0.0992566838860512 0.102230110764503 0.0990286335349083 0.0474088979884982 0.035541676543653
0.0861183144152164 0.0691145699471235 0.0793052033521235 0.0912636522203684 0.0903611689805985 0.0930603876709938 0.192177958786488 0.143032379448414 0.149142501503229 0.126807390153408 0.0340951416641474 0.0311826112680137 0.0294064294546843 0.0276200886815786 0.0451307203620672 0.0733963903039694 0.175356008857489 0.269733774662018 0.121520732343197 0.305123209953308 0.160592697560787 0.0415704469710982 0.107981222122908 0.176508017629385 0.104317320138216 0.140569731593132 0.120995093137026 0.154245398193598 0.141828372329473 0.139168677479029 0.123334138840437 0.137306006997824 0.216310902684927 0.268306705355644 0.246089857816696 0.126334945857525 0.114152608066797 0.224079538881779 0.114427452534437 0.122028089314699 0.109713649004698 0.106993436813354 0.103267741948366 0.0991760402917862 0.0948962859809399 0.0926053136587143
0.169014611840248 0.49962645471096 0.147908318787813 0.12974352017045 0.0612307142466307 0.149813738837838 0.0757010940462351 0.672386336326599 0.189378096908331 0.168792178481817 0.117362685129046 0.0229304022155702 0.0222454369999468 0.0657026745378971 0.0565054949373007 0.0819118784740567 0.0574146542698145 0.172798632085323 0.140516968071461 0.111300839483738 0.101706483960152 0.066124632768333 0.140341499447823 0.127497494220734 0.105022491514683 0.125781758874655 0.136826023459435 0.132475178688765 0.143615932017565 0.136572340875864 0.141548050194979 0.127604049444199 0.134100175648928 0.193867286294699 0.141937384009361 0.12288263887167 0.120185242593288 0.109467390924692 0.115232762694359 0.0745104853063822 0.107137271761894 0.102553632855415 0.0994592718780041 0.0986984312534332 0.0950669534504414 0.0928268752992153
0.147121507674456 0.151568388193846 0.154036684334278 0.126865597069263 0.132716795057058 0.121767742186785 0.20593599230051 0.0540734272450209 0.195429256558418 0.0410422757267952 0.0411960234865546 0.0404990682378411 0.0421899786219001 0.012552677700296 0.020996062643826 0.0391552122309804 0.0236013953574002 0.074764858558774 0.0902627844363451 0.100354943796992 0.133660139143467 0.23566437959671 0.125167706608772 0.104968825981189 0.105550364498049 0.206507803499699 0.11466578245163 0.135158992558718 0.259704539179802 0.275803641974926 0.279835852980614 0.27847118973732 0.244192534685135 0.138042254000902 0.532207506895065 0.12225258871913 0.11989478468895 0.0918913085013628 0.110822836309671 0.105861274152994 0.101545378565788 0.0996241025626659 0.0967439413070679 0.0871603585779667 0.0950054824352264 0.0924830831587315
0.129903980344534 0.118303069472313 0.101820704340935 0.284669736027718 0.131341508775949 0.312829284369946 0.273399806022644 0.212855957448483 0.0983406201004982 0.0350147785618901 0.014870564173907 0.0459100440144539 0.0151780181098729 0.00230314030777663 0.0181078133173287 0.0209152136929333 0.0398626299574971 0.0547810355201364 0.158999835699797 0.20287346765399 0.24928702712059 0.122873489558697 0.134386572241783 0.120207552611828 0.11045181080699 0.221763205528259 0.133072642236948 0.137752886116505 0.351394334435463 0.240685456991196 0.269300906360149 0.151430936157703 0.319813194870949 0.271445237100124 0.473233327269554 0.125786475092173 0.050295745767653 0.0696239683777094 0.0895173698663712 0.103557436913252 0.100702265650034 0.0997218772768974 0.0984000958502293 0.0964859329164028 0.09367910400033 0.0907072812318802
0.206777220964432 0.1829485937953 0.121995835006237 0.2840460896492 0.147847387939692 0.115419262647629 0.241332472860813 0.260451486706734 0.0482551407068968 0.0620697610080242 0.024029104039073 0.11627423427999 0.0329839342273772 0.00388529914198443 0.0104767627082765 0.0451653957366943 0.119018875807524 0.0299861633218825 0.122060390561819 0.114271206408739 0.192266850918531 0.139104336500168 0.131994296610355 0.174567511677742 0.311751472949982 0.34970541447401 0.334671595692635 0.127761967480183 0.202030637860298 0.145562128722668 0.164201628416777 0.366720148921013 0.297654162347317 0.112297601625323 0.0863326817750931 0.056912337243557 0.086071615666151 0.113558146357536 0.0468744792044163 0.103422626852989 0.101896451413631 0.0971231289207935 0.0937108643352985 0.0938855819404125 0.0926593728363514 0.111606629079756
0.193520992994308 0.150716540962458 0.060181463137269 0.114621824026108 0.137682754546404 0.170230080932379 0.146931124478579 0.136765213310719 0.162053806334734 0.0605023335665464 0.0918139319866896 0.0140096836723387 0.0305357998237014 0.0219960736110806 0.0133165197446942 0.0492302786558867 0.102732833847404 0.0402507711201906 0.17912565767765 0.216985736042261 0.106098241731524 0.250597822666168 0.273559240996838 0.402592298388481 0.213337343983221 0.135840310901403 0.2401432082057 0.264698281884193 0.115643019229174 0.106101051717997 0.293131846189499 0.346035486459732 0.13597931009931 0.132637444138527 0.104492543637753 0.124780561029911 0.236343017220497 0.217860066145659 0.108059602230787 0.102572606503963 0.107901720702648 0.0981625616550446 0.154184548556805 0.0937921099364758 0.0937232792377472 0.134952092915773
0.319684746861458 0.375919628143311 0.170881615579128 0.156620305031538 0.156823843717575 0.158889181166887 0.165046122670174 0.11916625238955 0.234685838222504 0.26740440428257 0.0474116237834096 0.0151929301209748 0.042600136436522 0.0518966995179653 0.00821506902575493 0.0112940755207092 0.00426170696737245 0.0199574560858309 0.0751596545800567 0.17450006455183 0.239873032271862 0.11570620983839 0.197360926121473 0.153656852245331 0.253961808979511 0.127198115736246 0.125184410810471 0.110020787268877 0.217117395997047 0.112638718634844 0.110516052693129 0.231892602145672 0.0898252785205841 0.216128270328045 0.118226656317711 0.119863072782755 0.125180628150702 0.16066899895668 0.114094267785549 0.146273346990347 0.103645390272141 0.102492469549179 0.443281584978104 0.114908752415249 0.191120901703835 0.0949547536671162
0.0996857911348343 0.174445925652981 0.306640109419823 0.160350620746613 0.150199323892593 0.152649604529142 0.144551811367273 0.207176376879215 0.167131204903126 0.18667988628149 0.164544202387333 0.0297314771451056 0.0211272687651217 0.0231256957165897 0.0585896864533424 0.0125870011746883 0.0267138210125267 0.0144838811829686 0.119309134408832 0.164494347572327 0.107031789422035 0.215398573875427 0.294820012152195 0.220926642417908 0.106560172140598 0.152280443161726 0.244743584096432 0.289742398262024 0.128054266422987 0.121550621837378 0.121794235706329 0.124527893215418 0.120226874947548 0.124216061085463 0.124323503673077 0.117222537100315 0.120608036220074 0.125072854757309 0.055845133215189 0.142427599430084 0.148915857821703 0.107353258132935 0.137677442282438 0.724637538194656 0.644695264101028 0.035560336522758
0.150571274012327 0.164300865679979 0.106525944545865 0.154450671374798 0.136436391621828 0.159527234733105 0.0587216144427657 0.0529906449839473 0.134957974776626 0.0738552503287792 0.279888398945332 0.112972322106361 0.047563355974853 0.0115046207793057 0.0402904791757464 0.0125081860460341 0.0110889660194516 0.0329857209697366 0.130685785412788 0.159784881025553 0.12091178484261 0.118626979647888 0.11228466998291 0.240844786167145 0.116629831492901 0.129450527578592 0.124245630204678 0.113042783737183 0.117105178534985 0.121984262764454 0.178538528084755 0.118908791989088 0.118001466244459 0.116966157406569 0.12388648763299 0.0952504009008408 0.121785914152861 0.12007469534874 0.123293121904135 0.125443048030138 0.224889880418777 0.219564440846443 0.106384886056185 0.248843239247799 0.059723436832428 -9999
0.0671430520713329 0.110792466253042 0.28977220505476 0.257589164376259 0.142968050390482 0.31945445984602 0.297455635666847 0.129461235553026 0.354810127615929 0.187127232551575 0.247075074911118 0.32512893974781 0.210862028598785 0.0346971593331546 0.0230661131441593 0.0283832002431154 0.0151378099806607 0.0140877433121204 0.050920317042619 0.148940774798393 0.32044161260128 0.227227893471718 0.425766706466675 0.233415105938911 0.123884946852922 0.119693653285503 0.213915315270424 0.111048164963722 0.100363538390019 0.120394171029329 0.113364509493113 0.122611946612597 0.117771869897842 0.123930923640728 0.124352944642305 0.121703078597784 0.121828866750002 0.121830981224775 0.122250664234161 0.122004845738411 0.258678232133389 0.37794648706913 0.866672211885452 0.449013188481331 -9999 -9999
0.0677011009305716 0.435822415351868 0.125364685058594 0.154752352833748 0.166117635369301 0.328181926906109 0.315718579292297 0.184603951126337 0.19102788567543 0.260477583110332 0.236966088414192 0.150007613748312 0.136858053505421 0.190054877102375 0.119510295242071 0.0331166527699679 0.088447673805058 0.0809915911406279 0.0535838163457811 0.13577575571835 0.0960108053870499 0.0155378960072994 0.536996322870255 0.303991892561316 0.114043644070625 0.111146914213896 0.0953155178576708 0.121160066872835 0.103220622577293 0.108889000117779 0.122489684075117 0.120875541120768 0.127913111448288 0.1273765809834 0.125336584448814 0.123879116028547 0.120448782294989 0.122975727915764 0.120801319926977 0.126120734959841 0.125456012040377 0.122233474999666 0.799606883525848 -9999 -9999 -9999
0.303746272623539 0.296605645120144 0.105931293964386 0.162866836041212 0.173137463629246 0.155642496049404 0.182047116011381 0.155655683577061 0.338519930839539 0.376665803790092 0.289142745733261 0.221891395747662 0.00643210674170405 0.249227024614811 0.156635116040707 0.143693163990974 0.18858527764678 0.0925714865326881 0.0173603696748614 0.0559261156711727 0.151637936383486 0.0697064127773046 0.238971482217312 0.0236245263367891 0.111944451928139 0.112036005407572 0.113740365952253 0.11082701832056 0.274030418694019 0.320205056667328 0.117165976762772 0.0253839430166408 0.122791341692209 0.240132144093513 0.124440909177065 0.124479206651449 0.123271258175373 0.138416010141373 0.131496861577034 0.277632102370262 0.410976919531822 0.090042732283473 -9999 -9999 -9999 -9999
0.0337114714318886 0.0861918093636632 0.152634985744953 0.0558961259201169 0.246002553403378 0.320337507128716 0.0964847199618816 0.107534519582987 0.0894736479967833 0.101183813810349 0.130861627310514 0.0735026810318232 0.183785520493984 0.162318071722984 0.185478959977627 0.114482505992055 0.0816103413701057 0.0157660773023963 0.00928434429224581 0.040928596816957 0.100204390101135 0.0183205523528159 0.28801584392786 0.0678920668084174 0.199732057750225 0.0993040628731251 0.103501725941896 0.108432041108608 0.109779350459576 0.144941516723929 0.119893474876881 0.235170674324036 0.122845414280891 0.125859123468399 0.128083330392838 0.419810456037521 0.13718197196722 0.415732076764107 0.56827392578125 0.297905853390694 -9999 -9999 -9999 -9999 -9999 -9999
0.150682378560305 0.0327237270772457 0.0747589742764831 0.054119679145515 0.133571505174041 0.0313607744639739 0.0946138883009553 0.210154660046101 0.169824942946434 0.108190551027656 0.120631306618452 0.21858584061265 0.128649027645588 0.490859958529472 0.104770687222481 0.0819767572451383 0.0330087480600923 0.0549890932627022 0.0517800876870751 0.0447529212571681 0.0433199238497764 0.236830432713032 0.213242299854755 0.0986545197665691 0.100220876932144 0.0870483279228211 0.0991292625665665 0.10393263027072 0.103632323816419 0.110075617581606 0.117329421639442 0.704658353328705 0.12024152725935 0.442059025168419 0.4721909314394 0.615980005264282 0.311311836540699 0.396959576010704 -9999 -9999 -9999 -9999 -9999 -9999 -9999 -9999
0.183819429576397 0.36016161441803 0.176673430204391 0.175152514129877 0.110380651522428 0.0712378099560738 0.0846670798957348 0.08482994902879 0.137154736928642 0.0207269576378167 0.305290266871452 0.117437962815166 0.271608519554138 0.202652318775654 0.0863818458281457 0.0658678795211017 0.0452232264913619 0.0936082484200597 0.0896225869655609 0.0561256129294634 0.168463893979788 0.269064444303513 0.122461112588644 0.0867281846702099 0.0930817045271397 0.0976498521864414 0.099278674274683 0.325366967916489 0.288796243816614 0.475235006213188 0.343567879498005 0.850729876756668 0.263573471794288 0.28200004100807 0.296793342381716 0.296308453381062 0.4740936845541 0.149630145071205 -9999 -9999 -9999 -9999 -9999 -9999 -9999 -9999
0.0394747015088797 0.133829754032195 0.106238491646945 0.0913214707747102 0.10379785662517 0.0281191669870168 0.0595611084252596 0.155977001786232 0.302230522036552 0.221730238199234 0.30793351829052 0.122274195030332 0.136017113551497 0.181199737638235 0.16735663190484 0.161411911249161 0.294791999459267 0.197316844761372 0.0788308747112751 0.132101844251156 0.203077948093414 0.121391259878874 0.101319582015276 0.0214586837682873 0.298167656362057 0.0924894459545612 0.0442624116316438 0.0636895135045052 0.134235791862011 0.249188888072968 0.139303758740425 0.209626688435674 0.351259814202786 0.353029981255531 0.077516658231616 0.0819612935185432 0.184392762742937 0.320315677672625 -9999 -9999 -9999 -9999 -9999 -9999 -9999 -9999
0.351415291428566 0.427805849909782 0.21277616918087 0.198928076028824 0.151950264722109 0.0946893977001309 0.186862722784281 0.250901514291763 0.124019775539637 0.0940820455551147 0.0788134250789881 0.168290273845196 0.245605877041817 0.0547119377180934 0.320247751474381 0.308933281898499 0.289238101243973 0.193955348432064 0.270285204052925 0.130866207927465 0.121264657378197 0.115110167860985 0.099311275780201 0.097672588378191 0.0937479823827743 0.0926937110722065 0.0917214810848236 0.131590770930052 0.0424894396215677 0.171186404675245 0.113727268576622 0.150402826070786 0.117677490413189 0.275530496612191 0.157849757932127 0.478304286301136 0.150375829450786 0.110896676279663 -9999 -9999 -9999 -9999 -9999 -9999 -9999 -9999
0.134106881171465 0.284641389548779 0.233137883245945 0.25701340585947 0.145520558208227 0.320259903371334 0.221137675642967 0.226353521645069 0.152782937884331 0.400388140976429 0.260533256828785 0.143585626780987 0.30361755490303 0.358803734183311 0.157446387410164 0.222661060094833 0.0951111190486699 0.116894756257534 0.109341445565224 0.105136227607727 0.101748892664909 0.100997560471296 0.100885740667582 0.0992480464279652 0.0968652851879597 0.0960875056684017 0.093087936937809 0.120387340337038 0.102966056019068 0.334979489445686 0.133770940452814 0.281410205364227 0.568596303462982 0.316210235655308 0.307916212081909 0.17724178135395 0.0724231478758156 0.0907229866832495 -9999 -9999 -9999 -9999 -9999 -9999 -9999 -9999
0.189115752279758 0.361548458039761 0.163387147337198 0.177992311120033 0.162704708427191 0.563833922147751 0.146705727279186 0.128784860670567 0.125544891506433 0.408977249264717 0.219765298068523 0.313996648788452 0.292275705933571 0.12251767963171 0.189252293109894 0.219274608790874 0.201353676617146 0.21819644421339 0.109981218725443 0.184179143607616 0.0915234953165054 0.102536779642105 0.102756949514151 0.101971600949764 0.100444479286671 0.0921011872589588 0.379501697421074 0.251922324299812 0.288637599349022 0.356479117274284 0.112790402770042 0.400875699520111 0.710558831691742 0.341942019015551 0.00105060253699776 -9999 -9999 -9999 -9999 -9999 -9999 -9999 -9999 -9999 -9999 -9999
