Scripts_&_data/Maxent_result_files_2/B_barbutellus_3.asc
NCOLS 594 
NROWS 330 
XLLCORNER -15 
YLLCORNER 23 
CELLSIZE 0.166666666666667 
NODATA_value -9999 
[rows 260 to 279 of 330, columns 368 to 413 of 594]
0.00138391500222497 0.000834221910918132 0.000745673617348075 0.000604893907438964 0.00186531925573945 0.00154106581467204 0.000471062675933354 0.000615135600673966 0.00176606741151772 0.000932929496048018 0.000359230319736525 0.00148912648437545 0.00199601976200938 0.0014337693399284 0.00417694447096437 0.000583514393656515 7.35827576590964e-05 0.000221234569471562 0.000409974477952346 0.00026481756940484 8.26183837489225e-05 0.000238110466307262 0.000254990877147065 0.000584838830400258 2.88749507490138e-05 1.86100780581455e-06 1.4193348789604e-06 2.472474407611e-06 3.62710770396291e-07 3.13910363081149e-07 2.2767138156965e-07 1.93834891359934e-07 2.60461340761964e-07 2.7079505198202e-07 2.41477997242612e-07 1.97365491505508e-07 2.35781469104523e-07 3.11173590894498e-07 4.98316497754558e-07 3.5954785708725e-07 2.27259798446511e-07 2.21148635182189e-07 2.14088933336853e-07 2.4521679540257e-07 1.89728046606774e-07 1.83322336955172e-07
0.00041444085072726 0.000624791689915583 0.000510707555804402 0.000444391250493936 0.00392444157041609 0.00582132851704955 0.000941089447587728 0.000588353880448267 0.00169345396570861 0.000436230670311488 0.000436668016482145 0.000559830345446244 0.000919656525366008 0.000687411020044237 0.00177175732096657 0.00269053425872698 0.000306352980260272 0.000326754692650866 0.000345590317738242 0.000119663049918017 8.69696053996449e-05 4.00749766868103e-05 7.94656669313554e-05 4.354641368991e-05 1.92767224234558e-05 3.87653070674787e-06 3.19016715408793e-06 2.3547382326683e-06 2.77591496953278e-06 1.7753733150272e-07 1.86461058016008e-07 1.92035075219366e-07 2.58346832815448e-07 2.4043935828999e-07 2.16736174385446e-07 2.19131719347843e-07 2.65269451604766e-07 2.85668580080056e-07 2.87917722907594e-07 2.37423993887376e-07 1.79297473201778e-07 1.60167156959545e-07 1.62869765496509e-07 1.54196500057324e-07 1.46243260124024e-07 1.49739587884667e-07
0.000549323449376971 0.000730266975006089 0.000444594441796653 0.000924438139190897 0.000950562406796962 0.000126739607367199 0.000186428973393049 0.00210048172157258 0.00160292213549837 0.000853682454908267 0.000455911140306853 0.000478011002996936 0.00131890099146403 0.00176844227826223 0.00104946318315342 0.00105963256792165 0.00213504125131294 0.00022480884072138 0.000370723755622748 5.87385148719477e-05 5.62465888151564e-05 6.12611574752009e-05 1.81793014235154e-05 6.60986797811347e-05 1.16348173634151e-05 5.16890390684921e-06 7.16336538971518e-05 5.82540525101649e-05 9.03555673374967e-06 1.09625919542111e-06 1.84280214599042e-07 1.41858359148372e-07 1.52123470265053e-07 1.49859291909138e-07 8.80207478348716e-08 1.89825646357278e-07 1.94165167943794e-07 1.90223389950894e-07 1.65511232830262e-07 1.68545333734116e-07 1.39124758780085e-07 1.18604332532968e-07 1.3627249172421e-07 1.36742439293958e-07 1.3031832634125e-07 1.22459836460198e-07
0.000289875401358586 0.000416800534003414 0.000354537460952997 0.000262418694910593 0.00037754267686978 0.000545661948854104 0.00017672653630143 0.000560561998281628 0.000937301505473442 0.0014597459055949 0.000613118047476746 0.00125151488464326 0.000521559029584751 0.000392566371010616 0.000478046372882091 0.00107970199896954 0.00395170922856778 0.00041041267249966 0.000497822809848003 0.000361378121306188 0.000254680845682742 6.05488758992578e-05 3.23204254016218e-05 0.000312212569406256 3.47550581864198e-05 8.54105205263522e-06 4.55929011764056e-05 8.96483755695954e-05 1.48941609637632e-05 1.29934670578535e-06 3.7860581612037e-07 8.78539466397932e-08 1.35950780477678e-07 1.77006849955141e-07 3.09099369317778e-06 9.0946228032962e-07 2.49324658629924e-07 5.43629066118712e-07 2.06128639179681e-07 1.44656200606885e-07 1.14474257839614e-07 1.04336077055844e-07 1.07022866890905e-07 1.09282719706894e-07 1.07613823008279e-07 1.05757608748203e-07
0.000245786647428758 0.000306099958834238 0.000163540203357115 0.000181892713590059 4.15881946537411e-05 0.000239623032393865 0.000323374767322093 8.36636667372659e-05 0.00124160657869652 0.000756885472219437 0.0011747096083127 0.000990465155337006 0.00300108341034502 0.000932549120625481 0.000471105561882723 0.000166912706481526 0.00121588063775562 0.000552645469724666 0.000682898034574464 0.000491901335772127 0.000770173751516268 0.000294300599489361 0.000346355859801406 0.000135508986568311 8.00479577947044e-05 4.21480223167237e-05 1.73563393758513e-05 3.23589949402958e-05 0.000188347550329127 4.25319982468864e-06 2.21398545505735e-06 1.19722136138201e-07 5.78426592179326e-08 9.13830618953781e-08 7.06992473542556e-07 5.25890583791266e-07 6.68244612356261e-07 4.04765074213387e-07 5.14269407325685e-07 7.24203566271342e-07 6.10963259228825e-07 1.02988236549972e-07 8.78719325192456e-08 9.20738403076271e-08 9.09303893292801e-08 9.56868255741483e-08
0.000111045382800512 3.63650313374819e-05 1.09460509520432e-05 4.74431370093953e-05 9.3334775101539e-06 6.02913355578494e-06 7.67164769968076e-06 5.37314706889447e-05 8.9128556282958e-05 0.000186681871127803 0.000268653135572094 0.000771169201470912 0.00049837260885397 0.000897874403744936 0.00064353532216046 0.000209571603045333 0.000134403891934198 0.000247836279595504 0.00145988430595025 0.00103722869534977 0.000540200562682003 0.00064338352822233 7.25592253502327e-05 4.48517671429727e-05 2.50006385613233e-05 2.21829782162786e-05 3.54034554561622e-05 1.46103115696405e-05 4.78691900298145e-05 0.000132169284324846 6.47023176043149e-05 3.20902846624449e-06 2.70763112908412e-07 1.66203836471368e-07 3.10968003658374e-07 1.37168423619549e-07 1.37577438275027e-07 1.18605851551212e-07 1.46930125488609e-07 3.35221011171782e-07 2.8754765617478e-07 3.26235321779222e-07 3.27935994270945e-07 9.52803071441188e-08 8.38408577674699e-08 8.12210922407353e-08
6.85190196236363e-05 5.92233271163423e-05 1.26081776215869e-05 2.50241937465034e-06 3.94104256429273e-06 4.73438682092819e-05 4.94774478283944e-05 0.000104843906592578 3.9207913869177e-05 9.03850495888037e-06 8.57357666973257e-05 0.000116895126120653 0.00066717864247039 0.000688695997814648 0.000845532954554074 0.000268556633091066 0.000369493338803295 0.000924375659087673 0.000602602036087774 0.000185319739830447 0.00146465026773512 0.000595671232440509 0.000336866158613702 0.000367093131353613 0.000110243546191668 5.76558074612876e-05 2.34737763662451e-05 4.66965579221323e-05 3.17909124419202e-05 0.000121607898199727 0.000107146149503023 0.000130873773809981 2.53333370096698e-05 4.71623075952721e-06 1.76369800009013e-07 3.67601236472836e-07 3.22512555461785e-07 9.19639030261266e-08 1.01958043630113e-07 9.99235034049306e-08 1.1485136949263e-07 1.46767771846967e-07 4.28861688606119e-07 1.42191162311178e-07 1.00789347068364e-07 8.33584158366207e-08
2.33012845001213e-06 8.21178538217282e-06 4.85239532281412e-05 2.34741348776879e-06 1.96423515035349e-06 2.35687479062108e-06 1.14936512545682e-05 2.56322780842311e-05 1.59104590238712e-05 4.05848884383886e-06 1.04228653981409e-05 0.000129818565619644 9.29539040953387e-05 0.000467463509994559 0.000396672448550817 0.000609460120904259 0.000755226539331488 0.000434012127516326 0.000317843561060727 0.000152590298239375 0.000809309637406841 0.00105755471740849 0.00209930915152654 0.000366042490350082 0.000120946450260817 7.34216523596842e-05 0.000124444783909894 7.45130661925941e-05 4.72340867645471e-05 4.0362058291521e-05 5.26788975776071e-05 0.000137684034007179 0.000127652532273714 1.00363056333208e-05 9.91662952820605e-07 7.95256761776386e-07 7.94102869861035e-07 2.55789419378871e-07 9.72160924539445e-08 8.91371541245078e-08 8.37632691430556e-08 1.05190329990901e-07 5.58999874034072e-07 4.94887627322527e-07 2.05130581010238e-07 1.36805531436579e-07
2.9866805562051e-07 1.8056451253301e-06 1.79201771572934e-06 1.03327123724739e-05 5.69154376535153e-06 1.66029626598174e-06 3.43490673913038e-06 8.20091557898195e-06 6.50016215786309e-07 8.81021071563737e-07 2.4479276544298e-05 0.000122959486179752 0.0002695660063182 0.000517293807934038 0.000323570115142502 0.000294841022696346 0.000619606023246888 0.00126912160776556 0.00540964703541249 0.00278178893495351 0.000287892036431003 0.000599722153856419 0.000439591707254294 0.0019639803445898 0.000211146260244277 9.32100283762338e-05 0.000162486673571038 3.31530998266771e-05 3.05204100357059e-05 8.4078919599051e-06 1.48998940119327e-05 6.04206994765377e-06 1.09468525948841e-05 1.50660077849807e-05 9.56454959464281e-06 8.76293849074727e-06 2.61071701253002e-06 8.44221456191008e-06 5.10590774247532e-06 7.61358740408724e-07 1.59078637362864e-07 1.04059060290762e-07 1.20504398515298e-07 1.74100713890013e-07 2.5493048896319e-07 1.97173558724728e-07
4.29091465692366e-08 8.7945130911038e-08 2.39022077863638e-07 4.43110856451767e-07 1.30458394096422e-06 2.45990582925515e-06 4.48590542987404e-06 1.94283288692532e-06 1.20436864108342e-06 5.78780073823282e-07 6.17364148638444e-06 3.73977978597395e-05 0.000125909398047952 7.06933255969488e-06 1.85498862265376e-05 9.6863527505775e-05 0.000108762148738606 0.000125405786184274 0.00159757159417495 0.00149578400887549 0.00200367025099695 0.000955488131148741 0.00691565095912665 0.00386477543506771 0.00308305975049734 0.000275910084110365 0.000152479360872348 5.57958242893619e-05 2.63507255681361e-05 2.58897062828112e-06 2.05165386510942e-06 2.31256736960006e-06 2.98366076307843e-06 5.06023552873103e-06 7.56226647524727e-06 1.69815876290613e-05 1.44806321401347e-05 9.63132081892581e-06 1.20846747108772e-05 5.68652633035072e-06 6.05752548388239e-07 1.39607455862389e-07 1.32565693111708e-07 7.65954420001158e-08 9.95078943355487e-08 3.05261037780724e-07
1.4903510725528e-08 1.57377567755468e-08 8.31117040966944e-08 1.32690195719931e-07 1.69394006022117e-07 9.56812769459248e-07 4.2608309023251e-07 4.97124595710829e-07 3.7245798978347e-07 2.25560337341335e-07 5.68242002429997e-07 1.38070428874926e-05 8.65714404199025e-06 7.55285664126859e-06 2.89777017314918e-06 8.34979828141513e-06 6.43868738734454e-06 3.16793379170122e-05 0.000191004442604026 0.000443217631254811 0.000432611184078269 0.00105974754551426 0.0022058037808165 0.00170858995988965 0.000850773102138191 0.000560919796043891 0.000292600250577379 0.000174280166265817 8.36054766296002e-05 6.92424962238647e-06 1.36905357059902e-06 2.75893444907638e-06 2.73583785954656e-06 1.00721418618832e-06 1.68359057788336e-06 5.98201025212575e-06 0.000139871182773277 4.80904631160684e-05 2.97442204697518e-05 1.49130217703686e-06 1.36750940420427e-06 1.99246131371567e-07 1.12084752312835e-07 6.74934245603609e-08 4.89430579286854e-08 2.70733527552025e-07
1.27773371660922e-08 2.18246063887761e-08 2.84707664333084e-08 4.02431744594978e-08 5.45971462928563e-08 1.38959003859185e-07 1.9803561315257e-07 9.40523634529455e-08 1.75506002264569e-07 1.02578431704359e-07 9.48351153606808e-08 8.64900659536261e-08 1.34603020729429e-07 3.2236544029729e-07 1.77106014689343e-06 6.88497591909254e-05 4.78292447951389e-05 6.59067409287672e-05 0.000115155600724393 0.000158582011499675 0.000246356143179582 0.000713840979733504 0.00105209065368399 0.000935124262468889 0.000386153779982124 8.02800809651671e-05 0.000111737079669183 0.000110413250240526 0.000239592963225732 1.92377204825789e-05 5.45511531186094e-05 6.2524574445888e-05 1.22605361468686e-05 3.99411096339009e-06 4.04293704381331e-07 4.71428876913649e-07 3.61129069297306e-06 2.5346865982101e-06 3.64096273756331e-05 1.06995620924977e-05 1.77952503648271e-06 2.74211928852353e-07 1.08161803158424e-07 6.28735908336786e-08 4.04331147230153e-08 1.44896899512137e-07
1.09850117668842e-08 1.10419260623829e-08 2.23718081504565e-08 5.09366955281365e-08 1.42337470365739e-08 3.96971006733082e-08 4.93530360579086e-08 2.29999146283966e-08 2.18634517490379e-08 2.39989765060677e-08 6.97200821964117e-08 4.2271862410459e-08 3.65524013545837e-07 1.28951038647074e-07 2.310240887482e-07 6.08074981300888e-07 3.6942491078662e-06 3.18199658067897e-05 0.000494119960058015 0.00106472527550068 0.00103612445527688 0.0017004708526656 0.00159424057346769 0.000933277010335587 0.00312332345638424 0.00106213123726775 0.000913234701147303 6.74328785862599e-05 1.47746380207536e-05 2.19135025531614e-05 3.17089115242197e-05 0.00011927399061733 1.88723872440733e-05 5.98253174359797e-06 2.27856938437299e-06 4.68188465463371e-07 3.37077870238289e-07 3.33651400952206e-07 7.01820751203286e-07 3.51143491954531e-06 3.14497259772395e-06 2.63992179494466e-07 1.19936397224851e-07 7.70796208970914e-08 5.95008945891706e-08 5.04832919689946e-08
1.06571437230585e-08 8.20122116884647e-09 1.87900248360684e-08 2.69971566768668e-08 2.50800442858079e-08 2.50394374567975e-08 1.22695536064477e-08 3.30221358257887e-08 4.15676909115703e-08 5.11925674739899e-08 1.18017583616847e-07 1.06461380511291e-07 5.42577889461882e-07 2.02587507125429e-07 6.87571255042485e-08 1.31732810615404e-07 1.01547541930813e-06 7.09203945348236e-07 9.37491922741174e-06 1.76317158093298e-05 3.65710044206935e-05 0.000224838449139497 0.00188351941760629 0.00108433512505144 0.00242990478291176 0.00250274792779237 0.000716507426113822 0.000569702417124063 4.429988737229e-05 5.12713957505184e-05 6.21658173031392e-05 4.0885494433951e-05 1.59434953161508e-05 7.80326982408042e-06 1.02288634904468e-06 1.14507965687238e-06 1.61281676067659e-06 4.23956499560063e-06 6.93208381719046e-07 3.8175036647381e-07 5.61009366162324e-07 2.89809140774366e-07 5.87781076166749e-07 5.06125783461542e-07 1.67071800349916e-07 1.10709141032395e-07
1.28120699383061e-08 2.66512198310309e-08 1.28289203926713e-08 2.94285829816054e-08 4.5855440045095e-08 2.72799079992225e-08 1.03512568960795e-08 9.38966647767714e-09 1.04484790042214e-08 1.34912910620955e-08 3.34643472932328e-08 1.38633345336814e-07 3.79062156241616e-07 1.32838468225316e-07 2.25609453075037e-07 2.2877694831891e-07 1.20572364181726e-07 1.37430334490318e-07 4.90185293955392e-07 1.51161460166804e-06 8.33091962704202e-06 8.0333436062574e-05 0.000277671611183905 0.00108326439512894 0.000230867790560296 0.000364070197065303 0.000702231217292137 0.000650778019917198 0.000259324081707746 3.35931785684807e-05 1.72328540202216e-05 1.11554788588819e-05 1.9623922497658e-05 2.28558095329845e-06 2.11300302517259e-06 4.33871481817505e-06 9.37561384617425e-07 1.18649474956101e-06 2.90522394807979e-07 7.61697462081656e-07 4.57995778324616e-07 8.00861363448035e-07 1.03157994644221e-06 7.8491593058061e-06 6.49367361127418e-07 1.55750710284508e-07
8.70138068265192e-09 9.5107464237465e-09 2.95401081928937e-08 5.58555451224407e-08 1.56341353307887e-08 2.29102324889041e-08 1.33919678013683e-08 2.17501106347662e-08 7.4769957891796e-09 8.91389067003701e-09 1.04315243110165e-08 1.48455020010374e-07 7.0300380716759e-08 8.75662622412676e-08 1.40832326422924e-07 8.63110840576553e-08 1.44614255570552e-08 6.1714769605814e-08 4.28940889563023e-07 4.62278922697124e-07 2.52909846949478e-06 5.79393461975997e-05 0.00018924962496385 0.000335920738871209 0.000138864086056856 0.000333792055425874 0.000622671892051585 0.000686986785149202 0.00053084698447492 0.0003911078802048 9.13590158234001e-05 1.99984431105804e-05 6.0472417359847e-06 1.84001994227856e-05 4.6794206880918e-06 2.11097506728208e-06 1.92288049376543e-06 2.38269022787563e-06 5.2995121393451e-07 7.70265141625259e-07 4.98939810267274e-07 2.76141516728501e-06 3.37619474422013e-06 6.35732418672319e-06 2.10729592033942e-06 1.90586516701785e-07
2.08421318537155e-08 2.51489357117052e-08 2.16374844819178e-08 3.00742663328357e-08 1.89757027757587e-08 2.13295973106042e-08 1.17933714682827e-08 2.66505025381392e-08 9.54424694832312e-09 8.63295026576338e-09 1.06309587799558e-08 4.26729960700811e-08 4.72007851470835e-08 1.29674806714775e-07 1.12043844069376e-07 6.13863789133973e-08 2.42589275334382e-08 1.33228663101725e-08 4.55840921009809e-08 2.45027635337181e-07 5.49058933430047e-07 3.16795729418118e-06 7.65768544965795e-06 7.44438793844893e-05 0.000467178263352253 8.23266498628072e-05 0.000185532328032423 0.000943017955432879 0.0011676293623168 0.000490311673274846 0.000105683698757275 0.000575370146543719 3.54327305785773e-05 3.45340956755535e-05 2.07150220944641e-05 2.54840419984248e-06 2.51164426856576e-06 8.47212971777367e-07 4.48912961514836e-07 2.71973444387896e-07 4.19304658549891e-07 1.38991868556815e-06 7.32307129709397e-06 9.11521251936165e-06 8.57583213047519e-06 5.86474529296055e-07
7.3390481469815e-09 9.64426588589973e-09 1.01795531004534e-08 5.38057574717143e-08 6.24530916981669e-08 6.74089954966206e-08 5.88233080911493e-08 8.10496276315575e-08 7.1883814189988e-08 1.20035826745024e-07 2.36696285349502e-08 7.13413187414247e-09 2.76045514224776e-08 1.00661888779996e-07 1.26856541271536e-07 5.08408846577879e-08 4.70765184168442e-08 2.15527299007867e-08 2.37160861837893e-08 4.23305847263578e-08 3.04128952599569e-07 7.43004302421468e-06 1.33137310513121e-05 7.8757083997516e-06 4.59716045952518e-05 5.6514304378652e-05 9.54755494603887e-05 0.000135438213328598 0.000491029288241407 0.000537984560651239 0.000206183735008381 0.000122593436208263 9.40204833113967e-05 2.53187095665908e-05 1.70641259956028e-05 1.24790151573961e-05 6.39925274441566e-06 1.25722872628131e-06 7.78825657299365e-07 6.78364155426436e-07 3.67689943381322e-07 4.66248179220585e-07 1.64236544399898e-06 5.26425542943798e-06 5.61057217623784e-05 1.56703161962923e-05
2.74385510978803e-08 9.78511111027203e-09 1.49711020913657e-08 2.69453862111746e-08 1.16710678099707e-07 7.61289912443175e-08 3.5127057440576e-08 1.14765753167489e-07 9.2535117390824e-08 1.19487619087977e-07 4.86352917938859e-08 5.31211572063484e-08 2.11803283023393e-08 6.87230397034e-08 4.19280437480296e-08 3.61449144836712e-08 8.08559503795436e-09 2.02286632000614e-08 1.18094038104033e-08 2.09072806622856e-08 1.6553589681223e-07 7.81772487812305e-07 9.50395358813694e-05 1.85279190191068e-05 3.62546257015595e-07 2.27998593800294e-06 1.80410262146324e-05 5.22695529070916e-05 0.000186087553447578 5.47668070794316e-05 9.8489876381791e-05 8.31550141811022e-05 0.000118244311033777 6.54847944133508e-05 4.60525733842587e-05 1.36871365100433e-05 1.13239354760708e-05 5.44157614754681e-06 1.4903928825305e-06 1.87394164896659e-06 6.68929811453722e-07 2.79324351737387e-07 3.64226906057752e-07 8.29247303979486e-07 1.23171959927504e-05 4.33840332675572e-05
4.80331024954594e-08 9.95939940517943e-09 1.00097438671121e-08 2.65416681299868e-08 2.7108980560353e-08 5.54543580832956e-08 2.575252482373e-08 6.68719721819144e-08 4.23280400951853e-08 2.79828059834841e-08 5.98043372823653e-08 2.76000180154945e-08 7.18748204064923e-08 1.31062014352423e-08 5.9150761932969e-08 2.67059619418752e-08 8.43395584482209e-09 9.4529694627532e-09 1.03015936558926e-08 1.05100821379267e-08 1.80551262940476e-08 1.15509481624088e-07 2.73216324444547e-06 0.000172857806319371 3.61195562845751e-05 1.26511492453574e-05 3.04717521430575e-05 6.09684666414978e-05 0.000112636982885306 0.000250612384843407 0.000133969927173894 0.000450314595946111 9.82439937615709e-05 8.4209627675591e-05 4.08675882340503e-05 3.95058895946931e-05 2.51418244772594e-05 9.63842202708065e-06 4.57614322186828e-06 2.09964426503007e-06 1.97629641576214e-06 7.96235392019895e-07 2.75648545633445e-07 4.01075152023367e-07 7.73981617285813e-07 2.94021438094205e-06
