Scripts_&_data/Maxent_result_files_2/B_balteatus_2.asc
NCOLS 594 
NROWS 330 
XLLCORNER -15 
YLLCORNER 23 
CELLSIZE 0.166666666666667 
NODATA_value -9999 
[rows 180 to 199 of 330, columns 396 to 439 of 594]
9.57588452976665e-12 9.74927916175261e-12 1.05360054014625e-11 1.06516795383982e-11 8.83385586902818e-12 6.90124624114219e-12 5.66343638652711e-12 4.66974237056661e-12 4.02259336951261e-12 3.81238374203008e-12 3.53347351378375e-12 3.06390468551854e-12 2.96960234180688e-12 2.96520585862936e-12 2.77113887392488e-12 2.72732947337317e-12 2.65250044151344e-12 2.82579515342718e-12 3.60304008850676e-12 4.27774482503196e-12 4.8202219993243e-12 5.5676574461927e-12 6.45600239934652e-12 6.84113876658898e-12 6.52485843133377e-12 6.71704913912663e-12 7.72242270130619e-12 5.71116487435575e-12 7.7478690130306e-12 9.86436488048525e-12 9.41369204809916e-12 7.48581197029807e-12 1.32332145241776e-11 1.07594488873985e-11 1.49434131735404e-11 1.71074598931398e-11 2.05208627868103e-11 1.93217442046034e-11 1.70304881308425e-11 1.34338096202669e-11 1.4013923355094e-11 1.35149780255972e-11 1.2036271979099e-11 1.05430775221294e-11
9.03356278669776e-12 9.05874264489626e-12 9.71551727957376e-12 1.15814247081403e-11 8.46867020953823e-12 6.76976252833583e-12 5.52510259765881e-12 4.43495240531888e-12 3.73335806713726e-12 3.75977027289309e-12 3.2734259747258e-12 3.05653280463503e-12 2.88820078964136e-12 2.70232725085862e-12 2.69635425098613e-12 2.57364130007431e-12 2.47198927993963e-12 2.49035236876693e-12 3.35560468300855e-12 4.22762935770038e-12 3.77750053459636e-12 4.76719774766821e-12 5.07172082109264e-12 6.05103744888424e-12 8.63134008710631e-12 8.18636269883655e-12 7.11165570876915e-12 8.00814969892372e-12 7.11266601172156e-12 6.85670409339423e-12 6.02901062407568e-12 7.11272152287279e-12 1.06718744952161e-11 1.77461711992066e-11 1.61092139627783e-11 1.46252454591433e-11 1.32711841516198e-11 1.50798706854971e-11 1.4609180531977e-11 1.25885968316197e-11 1.23013599306887e-11 1.27564181440221e-11 1.46466727635186e-11 1.19318999125539e-11
1.03965613895696e-11 1.05030206754009e-11 1.06494368878884e-11 1.00857433515955e-11 8.61809512642253e-12 6.53184173415866e-12 5.1907700360232e-12 4.13022949175002e-12 3.67428309999696e-12 3.55728779766196e-12 2.98038260737599e-12 1.75415237890775e-15 2.65578670166633e-12 2.65881761052356e-12 1.55431223447522e-15 2.42748043888241e-12 2.29803953644137e-12 2.43054465443038e-12 2.39617214958798e-12 2.71126454620685e-12 3.03526093148321e-12 3.59831053842186e-12 4.75811612332677e-12 4.78621586808004e-12 6.69451161172674e-12 7.88129561613005e-12 6.38489261461928e-12 6.747047365252e-12 5.18000087268433e-12 4.96189755949672e-12 5.75725023210794e-12 7.56212870101081e-12 1.09994013897108e-11 9.85312942347605e-12 8.6686879896547e-12 9.12225850413506e-12 9.76158043286546e-12 8.77523609332798e-12 9.79860637073671e-12 1.14872666934218e-11 1.27464372390307e-11 1.26280541579149e-11 1.25184529409239e-11 7.36040117743642e-12
1.28627997142416e-11 1.13426601444644e-11 1.00514485623648e-11 7.41695593831082e-12 7.66584573597129e-12 7.4050210407961e-12 5.32720534351938e-12 4.03470590271127e-12 3.56488172315039e-12 3.03875813401078e-12 2.78481682158827e-12 3.43043371486829e-12 3.30753202604228e-12 2.41973108217053e-12 2.27806662422836e-12 2.07820427533534e-12 1.96525018480997e-12 2.00324201671265e-12 2.1514789949606e-12 2.51574316934011e-12 3.48107098702144e-12 3.45367068277369e-12 3.82468501314293e-12 3.71085384642811e-12 5.87367932070038e-12 5.33536548275038e-12 4.59003945962877e-12 3.74286157622805e-12 4.13239442664803e-12 6.86883883105338e-12 6.54147847001241e-12 8.28758173199162e-12 8.47452108487801e-12 7.70622454737691e-12 6.01391159094078e-12 5.46926948175042e-12 5.83225689965161e-12 5.96610538750042e-12 6.30142604762796e-12 7.36465333162073e-12 6.95469237754764e-12 7.87352405495767e-12 7.13832326582065e-12 5.43932676677628e-12
1.23163479415211e-11 9.71343006028746e-12 8.88096263196303e-12 7.23222592924344e-12 7.72466706044916e-08 3.63042929052426e-15 4.51656489985908e-12 3.95159460708783e-12 3.69545505307656e-12 4.20548040835911e-12 1.97960536851838e-12 8.81117401263509e-13 8.7074791821351e-14 2.8586133460351e-12 1.99579242021741e-12 1.88211668472604e-12 2.69277933284684e-12 1.88657978128504e-12 1.8960055747641e-12 1.94853022605912e-12 2.32038832592707e-12 2.62250221538807e-12 2.6475710512841e-12 2.8478108760055e-12 3.88908905080143e-12 4.29115631916943e-12 3.35840244503061e-12 3.41745520771042e-12 3.65236729749085e-12 3.63526986291163e-12 4.37813119091857e-12 5.02706765104222e-12 5.48250334020395e-12 4.83438844511852e-12 3.98859834049858e-12 3.59478002920355e-12 3.50321993636271e-12 4.21481738399621e-12 3.9131808904358e-12 4.1995740218681e-12 4.70298244792389e-12 5.73368019729514e-12 4.96915841807777e-12 4.70942174146671e-12
4.08439948529349e-13 6.73139322060479e-13 3.40549810573521e-13 1.65740754454191e-12 8.18201062458002e-12 5.93969318174459e-15 0 4.39733804924458e-12 3.15538706274765e-12 3.60418361822212e-12 3.06686898099429e-12 2.94073654316662e-12 2.48272513658776e-12 3.24326121514673e-12 2.03903560702656e-12 1.87985182975581e-12 2.00299776764723e-12 2.06974437588769e-12 1.80762071977369e-12 1.80963022344827e-12 1.95784499723572e-12 2.14590567537698e-12 2.28306262783917e-13 2.46626052913257e-12 2.50636178478203e-12 2.53302934183353e-12 2.85137469191454e-12 2.94246849108504e-12 3.1878055750667e-12 2.94108071230426e-12 3.11995984603186e-12 3.00875990788541e-12 3.22987192546975e-12 3.19053672370728e-12 3.19919646329936e-12 3.12253556344899e-12 3.00534042096956e-12 3.16193737859294e-12 3.42335049197118e-12 3.40281136601561e-12 1.37140299116822e-12 5.15482101448583e-12 4.53905801833798e-12 3.71771502472029e-12
-9999 -9999 -9999 -9999 2.42028619368284e-15 4.44089209850063e-16 2.7368884936152e-12 6.83453293959246e-14 2.51838550013872e-11 2.43671749444729e-13 8.03468402921226e-14 2.13129514037291e-13 1.08679731880557e-13 7.822187342299e-13 2.16086037951868e-12 2.32991403947835e-12 3.24309468169304e-12 1.90675253364248e-12 1.4432899320127e-15 1.76186842892889e-12 3.1158409186105e-13 9.53948031678919e-13 2.9630076170406e-12 2.05567785016569e-12 1.95061744534541e-12 2.13647988189791e-12 2.28685959058339e-12 2.4683810551096e-12 2.56037413493004e-12 2.67830202460573e-12 2.73570055497885e-12 2.55752086175676e-12 2.53512766335007e-12 2.5643487333582e-12 2.53905785285724e-12 2.47487585980366e-12 2.61819455005252e-12 3.08287839700938e-12 1.89355198187968e-12 6.34037267133181e-13 3.54143381287031e-12 4.06770173100313e-12 4.25356416755562e-12 3.63594709895665e-12
-9999 -9999 -9999 -9999 -9999 -9999 -9999 -9999 -9999 -9999 1.06914477271403e-14 1.62022617544721e-12 2.18958184916573e-13 3.44185790979168e-12 2.21066498440337e-12 1.98935312667459e-12 1.75837122640132e-13 1.60007562755027e-12 1.12909681604378e-13 3.0364599723498e-14 2.10989004045814e-12 1.91696658546903e-12 1.53276280556724e-12 1.7723600365116e-12 1.95093941002256e-12 1.8539503265913e-12 2.02287075978802e-12 1.95552463111426e-12 2.0303314585135e-12 1.99629202057849e-12 2.03010941390858e-12 2.05298000821585e-12 2.04323225005965e-12 2.02297067986024e-12 1.95695681881602e-12 2.04068983933325e-12 2.21770379837949e-12 2.470157411949e-12 3.21361826038924e-12 4.90715246215245e-12 4.5837333928489e-12 4.20885548635397e-12 3.68605146405798e-12 3.40872885473686e-12
-9999 -9999 -9999 -9999 -9999 -9999 -9999 -9999 -9999 -9999 -9999 -9999 2.36477504245158e-13 1.2712053631958e-13 2.0795143385044e-12 1.91257010229151e-12 1.4040657525527e-12 1.16469056621327e-12 6.11277695128365e-13 2.17603712826531e-14 6.25055562863963e-14 1.89226412317112e-13 1.14708242904271e-12 1.18948184635315e-12 1.4022671912528e-12 1.83216775084816e-12 2.0084156560074e-12 1.1007750266856e-12 3.6303182682218e-13 1.87960758069039e-12 1.65794045159373e-12 1.81449300029612e-12 1.70141678523805e-12 1.79105619224629e-12 2.11323181176226e-12 1.18161036510855e-13 4.06674693920195e-14 7.28150872930655e-13 2.38247199746411e-12 7.31270599629852e-13 3.23984172823089e-12 2.74241740427783e-12 2.95171664888017e-12 2.34623431794034e-13
-9999 -9999 -9999 -9999 -9999 -9999 -9999 -9999 -9999 -9999 -9999 -9999 2.41051623106614e-13 1.24378285448756e-13 2.22044604925031e-17 9.1882057517978e-14 7.5994766035592e-14 3.53594931112866e-13 1.53699275529107e-12 1.43395295637561e-12 1.05861985844058e-12 1.00196517749396e-12 9.19930798204405e-13 2.36699548850083e-14 6.10378414478419e-13 2.88191692732198e-13 5.95601346020658e-13 2.53081999801452e-12 2.27255991802622e-12 1.7313372957517e-12 1.57488466712152e-12 2.07134309704315e-12 3.820765925866e-12 3.27053939486177e-12 3.4967362338989e-12 3.95475874270801e-12 3.42489370197541e-12 3.39489547585003e-12 3.66637831206162e-12 3.74290598514904e-12 3.43844952510608e-12 3.16474624284524e-12 3.38302719171679e-12 3.13636894233582e-12
-9999 -9999 -9999 -9999 -9999 -9999 -9999 -9999 -9999 -9999 -9999 -9999 2.19713136573318e-13 1.26343380202343e-13 1.11022302462516e-17 7.88258347483861e-16 1.64075419917253e-12 1.27819976825094e-13 9.66571267468908e-13 1.01766373106216e-12 1.7696955012525e-14 9.11382080914791e-14 9.23727760948623e-13 9.66460245166445e-13 9.53259693403652e-13 1.14865894573768e-12 9.84679005000544e-13 1.4761747380021e-12 1.49552592532132e-12 1.42135192504611e-12 1.59825486178988e-12 2.63387089916023e-12 2.92288415693065e-12 2.79203327124833e-12 3.00788283169595e-12 3.21778159673158e-12 3.52521345448054e-12 3.07360803475376e-12 2.80571121891171e-12 2.8334334878366e-12 3.03680414148744e-12 3.09317016444766e-12 3.2488456369606e-12 3.1562641389371e-12
-9999 -9999 -9999 -9999 -9999 -9999 -9999 -9999 -9999 -9999 -9999 2.94497759512069e-13 4.34741131982719e-13 7.22755189030977e-14 1.58195678778839e-12 1.6932899526978e-12 1.13713483074207e-12 9.31799082337648e-13 8.77553585354463e-13 5.99698068981525e-13 6.02740080068997e-14 4.57300863843102e-14 4.22695212165536e-13 9.19642140218002e-13 2.19491091968393e-14 2.13717932240343e-14 2.2726265314077e-14 1.64928071200166e-12 1.18751675159956e-12 1.1740830530016e-12 1.12554410236498e-13 3.75854902756601e-13 6.77335965093562e-13 2.33225661006031e-12 2.43665088106582e-12 2.61861643480188e-12 2.53128629168486e-12 2.2683299683024e-12 2.22326601573286e-12 2.30300223336144e-12 2.50670595391966e-12 3.03483904673385e-12 3.19291260097998e-12 3.39078765065892e-12
-9999 -9999 -9999 -9999 -9999 -9999 -9999 -9999 -9999 -9999 -9999 2.13716488950411e-11 1.50834900125574e-13 9.99200722162641e-17 6.40709707511178e-14 3.83804099612917e-14 2.38808972596871e-14 5.81890091666537e-13 7.45692396719733e-13 7.93121124331719e-13 8.4000584266164e-13 7.67597096995587e-13 7.11175562884137e-13 1.19904086659517e-14 2.00839345154691e-14 2.36033415035308e-14 3.84803300335079e-14 1.85998993984526e-12 2.09721129351692e-14 1.31241684186989e-12 8.63531468553447e-14 2.74780198594726e-14 3.01536573488193e-14 5.78093128922319e-14 1.92872384729981e-12 2.71143107966054e-12 2.83200130013483e-12 3.77586850675016e-14 2.0463186700681e-12 1.03261843520386e-13 5.16142684148235e-14 2.61324295536269e-12 2.99409386173011e-12 3.37514460824195e-12
-9999 -9999 -9999 -9999 -9999 -9999 -9999 -9999 -9999 -9999 -9999 2.15394369007527e-13 8.87623308187813e-14 3.72257780156815e-14 1.38611344624451e-13 2.01727523574391e-14 1.81743509131138e-14 1.86184401229639e-14 1.52433621281034e-14 1.29340982368831e-14 2.54463117244086e-14 1.78967951569575e-14 1.15241149956091e-14 9.31477117660506e-15 1.02806652080289e-14 1.6242562850266e-14 2.02504679691629e-14 1.64017688319973e-12 1.64328550766868e-12 1.63354885174272e-12 2.9964919434633e-14 2.61124455391837e-14 5.49338352584527e-14 3.30624416733372e-14 2.06139549874251e-12 4.42978986825437e-14 4.92828000631107e-14 5.42454969831852e-14 2.42846853737433e-12 2.52764476016409e-13 4.84612350248881e-14 2.80302447919212e-12 2.97974978025195e-12 3.13896686421344e-12
-9999 -9999 -9999 -9999 -9999 -9999 -9999 -9999 -9999 -9999 -9999 1.81443748914489e-13 7.07212066686225e-14 2.62068144962768e-13 3.9558356590419e-13 2.03503880413791e-14 7.56983364880171e-13 6.52942144796498e-12 4.31695790226172e-12 1.07487574396714e-11 1.26920696175148e-13 9.86988268891764e-15 8.51541059887495e-15 3.35176331134335e-13 9.08162434143378e-15 4.21662704752634e-14 1.49324996812084e-14 2.50799381262823e-14 2.15050199869893e-14 3.22741833258533e-14 1.31806787706523e-12 1.49872336763224e-12 3.17634807345257e-14 3.92130772297605e-14 3.75699471533153e-14 1.39999123405232e-13 5.27577981301874e-14 5.71986902286881e-14 5.42899059041702e-14 4.27224922106006e-13 2.74100742103656e-12 2.92601498586009e-12 3.0283220375793e-12 3.21473958564411e-12
-9999 -9999 -9999 -9999 1.01048058809283e-12 -9999 -9999 -9999 3.21479509679534e-12 1.83475457049553e-13 1.85595983026587e-13 6.44884146083768e-13 1.43041134492705e-13 8.57869331127859e-14 9.75308722672707e-13 3.42614825399323e-14 4.40443237437194e-12 9.9938057829263e-12 7.38109573461543e-13 1.77082792873762e-12 5.60185231535115e-12 8.58824122929036e-13 8.21565038222616e-15 2.20645723914004e-13 1.03472785895065e-14 4.44089209850063e-17 1.48214773787458e-14 1.53876911213047e-14 1.765254609154e-14 2.03170813506404e-14 1.66533453693773e-16 2.46547227078508e-13 1.53266288549503e-13 3.49942297361849e-14 3.73034936274053e-14 4.16000567327046e-14 3.1371572006833e-13 2.4811264154323e-12 2.68092215094384e-12 2.81904499743746e-12 2.89205326353681e-12 2.99127389524756e-12 3.00371949535361e-12 3.07579517411227e-12
-9999 -9999 5.47810478090938e-09 2.35498287537439e-12 1.22608478925201e-11 1.10239262163248e-11 1.77485803831701e-12 3.71047637059974e-13 3.5349501104065e-14 2.78943534937071e-13 2.03936867393395e-13 1.39691591627411e-12 1.22213350550737e-12 8.80417960757995e-12 9.5812247025151e-13 3.20188320301895e-14 1.23225429859986e-11 1.33869360041672e-11 2.80719891776471e-13 4.23994173104347e-14 1.66866520601161e-12 4.62460070238535e-12 4.08426625853053e-12 8.45989944764369e-15 5.57665025269216e-14 2.69673172681451e-14 9.99200722162641e-17 1.20126131264442e-14 2.3786528302594e-13 1.7375545446896e-11 2.76334510829201e-14 2.90212298637016e-14 1.02029495963052e-13 3.33066907387547e-14 3.25420801416954e-12 2.73557843044614e-12 2.89828161470496e-12 2.868527637645e-12 2.90576451789093e-12 3.0249136528937e-13 3.07884828742999e-12 2.98800983955516e-12 2.95651281234655e-12 3.22589732704159e-12
-9999 8.11184452942371e-13 1.17164278279347e-11 8.61888338477002e-12 1.1784340170351e-11 2.25586327395888e-11 4.93671770129822e-13 2.48490117371603e-13 2.04125605307581e-13 1.88560278502337e-13 1.79878334449768e-13 1.791899961745e-14 7.50288720041681e-14 1.40221168010157e-14 1.39555034195382e-14 1.28896893158981e-14 2.89324120217316e-14 4.14668299697496e-14 4.71400696255841e-14 4.68625138694279e-14 4.16333634234434e-15 4.67959004879503e-13 1.2179146580138e-14 9.14823772291129e-15 1.01807451358127e-14 4.72288874675542e-14 9.79216707719388e-15 1.17350573702879e-14 1.60760293965723e-14 3.20488080518544e-13 2.00062189037453e-14 2.56794585595799e-14 2.97428748297079e-14 4.0512038168572e-14 2.67167399314872e-12 1.45816692054268e-13 3.22170068400851e-12 2.26877405751225e-12 3.37024852470336e-12 3.26573212916514e-12 1.6211587627879e-12 3.18624016060198e-12 2.72171174486857e-13 7.66942065411058e-14
1.16973097874506e-13 1.15234488617943e-12 4.07474054497925e-13 4.42934577904452e-13 2.62989630073207e-13 3.87778698041075e-13 2.11249906456601e-12 4.44544401290159e-13 1.82209802801481e-13 4.70704586419402e-12 1.00516261980488e-11 1.09557363181523e-11 1.43851597300682e-13 1.78079773149875e-14 1.738609256563e-14 3.11750625314744e-14 6.02629057766535e-14 4.84723372551343e-14 2.33701946683595e-14 4.0689673852512e-14 1.85629289717326e-14 1.11022302462516e-17 1.28674848554056e-14 9.75886038645513e-15 1.02251540567977e-14 1.23345778035855e-14 1.21014309684142e-14 1.29007915461443e-14 1.62314606200198e-14 1.4302559137036e-12 2.39142039504259e-14 2.73558953267639e-14 5.29909449653587e-14 3.76143560743003e-14 6.55953069639281e-13 9.19042619784705e-14 6.07403016772423e-14 6.55475673738692e-14 6.23834317536875e-14 6.35824726202827e-14 7.24531545870377e-14 6.49702514010642e-14 3.69809738387517e-12 9.52127265918534e-14
-9999 1.1711076552956e-12 4.12869738397603e-13 1.46962442215681e-12 3.84814402565325e-13 2.44804176929847e-13 3.71647157493271e-13 1.36132793926436e-10 9.52935286235856e-11 6.55132281757176e-11 1.29545152383059e-11 5.51036993812204e-13 7.30748794808278e-14 1.65090163761761e-14 5.36237720893951e-14 5.13145081981747e-14 2.76358935735743e-12 2.33713048913842e-12 1.41830991395864e-12 1.78115300286663e-12 1.15271125977756e-12 1.50213175231784e-14 1.3899992268307e-14 2.4846791291111e-14 3.50341977650714e-13 1.16129328375791e-14 4.56523707725864e-14 2.33476571409597e-12 1.34281474828413e-13 1.67976743625786e-13 2.24253948744035e-13 7.61884999533891e-12 3.9146463848283e-14 2.61874966156483e-12 8.12794276328077e-14 6.21058759975313e-14 7.38298311375729e-14 6.31428243025311e-13 7.13009651320817e-11 1.69152891693614e-10 7.33593519264275e-11 1.57962420921365e-11 6.87561119150359e-14 6.82842671295703e-13
