Scripts_&_data/Maxent_result_files_2/B_balteatus_2.asc
NCOLS 594 
NROWS 330 
XLLCORNER -15 
YLLCORNER 23 
CELLSIZE 0.166666666666667 
NODATA_value -9999 
[rows 160 to 179 of 330, columns 396 to 439 of 594]
6.53531007088759e-10 3.90798504668055e-15 6.2183591609255e-14 1.00358610310991e-12 6.62303545340137e-13 8.77076189453874e-15 1.20714549467493e-13 6.22053020205016e-10 1.15130127653629e-13 5.72430991496731e-14 1.0849099396637e-13 2.76789702269298e-13 2.94131385913943e-13 1.63913327355658e-13 3.3451019731956e-14 9.35918009759007e-15 7.96507304556826e-13 4.17443857259059e-15 3.01980662698043e-15 1.80189196896663e-14 3.08864045450719e-14 1.59205981731247e-14 1.12243547789603e-14 1.28630439633071e-13 1.43141054564921e-13 4.17110790351671e-14 1.70863323489812e-14 1.69661891202821e-09 2.40363284831346e-14 1.05459424526444e-09 3.21154214333319e-13 7.87259146761699e-13 1.25899290992493e-13 4.69091432364621e-13 7.998424145228e-12 1.37834188507213e-13 7.06993352750374e-12 2.79508416412e-11 8.12127254334882e-11 8.08678777275418e-09 8.28244822059787e-08 7.52581968299637e-08 5.7557969501687e-11 5.295763827462e-15
6.32827124036339e-16 2.32203145600351e-13 6.49313935952023e-13 2.30149233004795e-14 4.15834955358463e-10 3.75810493835615e-14 4.6491335226051e-10 5.68056979233234e-10 5.00475927367461e-10 4.66040095403741e-10 3.56378981880567e-10 3.24830140563392e-10 2.13273843030493e-14 4.29041269178754e-10 5.2376810666388e-10 1.54654067330284e-14 3.0009328355618e-14 1.14797060746241e-14 1.83186799063151e-15 2.66372963461103e-06 6.34714503178202e-14 3.58602036953926e-15 2.19158025061006e-14 4.81836792687318e-15 5.20694598549198e-15 7.04991620636974e-15 5.16253706450698e-15 1.0369483049999e-14 4.13113987463021e-14 6.79900580280446e-14 2.06279437975354e-14 7.14206471741363e-14 2.918887354042e-13 2.57172061424171e-13 4.75780526087988e-12 1.65589867151539e-08 8.31157365155377e-13 5.05484543111834e-14 3.04312131049755e-14 7.58482165963414e-13 1.07334955146143e-08 3.28002069949207e-11 2.17648308264984e-09 3.49098527863134e-13
1.70974345792274e-15 1.60919277902849e-11 1.71862524211974e-14 3.20965476419133e-14 3.071535692456e-10 3.20196980041487e-10 2.87852586211557e-10 3.39970307461357e-10 3.6393102938348e-06 4.22808454914048e-10 3.17430060015056e-10 2.49660625506465e-10 4.32098801184111e-14 2.47434606137631e-10 3.24507598570278e-10 2.9312902105616e-10 1.85939907915156e-10 2.12602423405039e-06 1.62068836129237e-10 1.18127729820117e-14 3.05311331771918e-15 4.78506123613442e-15 2.63747512718737e-10 2.78665979180914e-15 5.40678612992451e-15 2.68851607643228e-13 7.4718009557273e-15 7.03802705004364e-10 6.38378239159465e-15 2.84772205816353e-14 3.98459043537969e-14 1.77435843795593e-13 2.1493917756743e-14 3.11750625314744e-14 2.13096207346553e-13 8.54571968744722e-12 5.01443109257593e-11 2.24043006369357e-14 3.38273853373039e-13 7.37665484251693e-13 2.44363418389071e-11 2.57489918276121e-10 7.58404450351691e-13 2.90848258708065e-05
1.0591527654924e-14 2.97428748297079e-14 1.76447312316697e-10 1.81117010278342e-10 1.97515714894791e-10 1.88650062238338e-10 1.95348326403888e-10 1.8157048087275e-10 2.10226847041639e-10 1.98284977326324e-10 2.25110297069619e-10 2.25258822705854e-10 1.95732319241415e-14 1.58746416012434e-10 1.56408375140415e-10 1.80057568854863e-10 2.25376617368767e-10 1.67431224440406e-10 2.05124905949816e-10 2.43492104257115e-10 2.89086854454723e-10 2.57429277894516e-10 1.83741910575463e-14 1.75304215588312e-14 4.28768132110235e-14 4.88826434885681e-10 9.35806987456544e-14 7.97132603457262e-06 8.09899902698419e-10 6.44692332851804e-10 6.21892126684287e-10 1.28896893158981e-14 5.41102429529872e-10 6.04254302150054e-10 8.05817412796728e-10 1.52500234662511e-13 1.38604683286303e-12 4.30089297509539e-13 2.08754125097244e-12 8.41438030363406e-14 1.04705133452399e-13 1.55198076612351e-13 2.75005573868725e-12 3.89092851803108e-05
8.61311022504196e-14 3.88578058618805e-16 1.44639744625863e-10 1.87749471525223e-10 3.66343166913197e-10 1.28448596203867e-10 1.27432608909572e-10 1.26877841566397e-10 1.33532873647368e-10 1.43273060082549e-10 1.43264189400583e-10 1.39116818065332e-10 1.67385660887476e-10 1.67966163200362e-10 1.60411728344911e-10 1.35908251319705e-10 1.36888422819226e-10 1.54434509624934e-10 2.10009032386438e-10 2.72795119826696e-10 3.77191822220624e-10 2.89800605735024e-10 2.04113870250211e-10 2.32710395398072e-10 2.36506525475022e-10 3.5308807639356e-06 5.13514530897652e-10 8.09059774731224e-10 1.04327657624026e-13 7.84927678409986e-15 7.74460295893675e-10 7.71769981255943e-10 5.03536345952682e-10 5.89110937809778e-10 4.75671146915602e-10 4.86129791976708e-10 1.47651285642425e-09 3.20743431814208e-14 6.81010803305071e-13 4.12736511634648e-13 9.72100178131541e-13 8.57092175010621e-14 2.79796208093153e-05 3.47291613245204e-09
5.40900657597376e-14 1.22084020670599e-10 1.20909815493064e-10 1.40491163147516e-10 1.62371283085605e-10 1.23785437455837e-10 1.07042918973121e-10 1.04696928904247e-10 1.05761444046948e-10 1.03179831345557e-10 1.09000708459206e-10 1.08893050132508e-10 1.11084663689809e-10 1.16424814233795e-10 1.28794197529203e-10 1.2689328476867e-10 1.57102608699944e-10 1.51290779903945e-10 1.57120805255317e-10 1.79993642213105e-10 2.11878459221992e-10 2.57705901063332e-10 3.53479623349529e-10 2.95258484328542e-10 2.22070528632656e-10 2.3201103260817e-10 1.800781745942e-14 3.69166885949568e-10 5.42278710824462e-10 6.20619755586915e-10 8.62551086111552e-10 6.07573180655407e-10 8.86849770268539e-06 6.99090618727638e-10 5.89149273810818e-10 4.86582107939171e-10 3.46334072531818e-13 7.16227632757693e-10 6.84622458724249e-10 1.41242581944478e-05 2.36538124642749e-09 2.78091066840958e-09 1.95409720626927e-09 2.77066249942948e-09
1.90958360235527e-15 6.55031584528842e-16 1.05502706571059e-10 1.04339170636791e-10 1.00560804128236e-10 1.00624986121289e-10 9.50138967503733e-11 9.05153507702039e-11 2.55351295663786e-15 8.4670004341092e-11 7.89197818207299e-11 8.63387583649455e-11 9.54038070766217e-11 9.46333122975318e-11 9.38044308895769e-11 1.25480069219641e-06 9.96491111848741e-11 1.07737974097688e-10 1.4512608892403e-10 1.48030865343429e-10 1.86839477223089e-10 1.75019854165015e-10 2.55688559214207e-10 2.45523457120811e-10 2.68550781612475e-10 2.91588431178269e-10 2.27125729335143e-10 2.5414005344615e-10 3.65096408661003e-10 3.40732320136539e-10 5.05934838468392e-10 3.14885251206931e-10 4.24181600955365e-10 7.00701707767593e-10 7.27263005373402e-10 6.29497032278437e-10 5.33606492325589e-13 7.92632626200884e-13 5.69663416438715e-10 9.07543906691899e-10 1.09522984015342e-09 2.04190386821068e-09 2.51149963048647e-09 2.0559240421214e-09
9.93920834524431e-11 1.36557432028894e-15 2.44249065417534e-16 8.36495872569287e-11 7.96391508295358e-11 7.81491538148771e-11 7.67921060074173e-11 7.7268369480521e-11 7.33230254290618e-11 7.1462380457632e-11 6.8707783906774e-11 6.83779255439276e-11 5.6621374255883e-16 6.95826618546391e-11 7.02318869727492e-11 7.67530372591807e-11 8.24797008469602e-11 9.15154840797072e-11 1.16250653547922e-10 1.18127374548749e-10 1.2989055386825e-10 1.24922971966868e-10 1.20264376235468e-10 1.43840661603889e-10 2.2483892525571e-10 3.3213829464529e-10 2.47116616058918e-10 2.05453465351724e-10 2.11111783610107e-10 3.06397204433706e-06 2.37587727269783e-15 2.55078136390807e-10 3.88654586291892e-10 3.60104190910704e-10 4.84094786479261e-10 6.95547064388791e-10 5.67409208507286e-10 4.12406997440939e-10 4.57873428061362e-10 7.03063285367733e-10 8.84377249210644e-10 1.4293850214564e-09 1.68158512670047e-09 1.18893940248554e-09
8.0226258969418e-11 1.34336985979644e-15 1.99840144432528e-16 6.60745569369681e-11 6.23168516789008e-11 6.23219476025838e-11 6.16597439773159e-11 5.41294564726513e-11 5.55901991106111e-11 5.6876103826653e-11 5.35046229543923e-11 5.18398657334274e-11 5.02219821285621e-11 4.93991736405519e-11 5.15425924163537e-11 5.82620507394438e-11 6.03230132512067e-11 5.89898685454671e-11 5.83548986909932e-11 7.4309358666369e-11 9.19687548339709e-11 1.07887598854717e-10 8.27835910932606e-11 1.29820310057482e-10 1.8279499025553e-10 2.14030737577531e-10 2.07465089552272e-10 1.73627701105517e-10 2.13466111453897e-10 2.48450970907754e-10 2.66969346629509e-10 2.36810426823553e-10 2.49443588007381e-10 3.8025698145816e-10 3.84456910751396e-10 4.53587944981848e-10 5.19453724479035e-10 3.90565357832884e-13 3.13706838284133e-10 4.44134562460619e-10 7.3485477702917e-10 8.44550929191001e-10 1.1792892329332e-09 9.54992762647322e-10
5.58681323425958e-11 5.40520517233745e-11 6.66133814775094e-17 2.99760216648792e-16 4.81544248920329e-11 5.23466603397082e-11 5.18928011672415e-11 4.52064830014365e-11 4.54558946039185e-11 3.57549545526581e-11 3.40508510277004e-11 3.66079722091683e-11 3.45991568728721e-11 3.5165692580108e-11 3.9436631737999e-11 4.04638100803822e-11 4.33907909602738e-11 4.00014688040073e-11 4.77674566567998e-11 5.62408453141927e-11 7.37001570882967e-11 8.33554780754753e-11 5.56522383732272e-11 2.27595720048157e-15 9.40453825926113e-11 1.30931832043046e-10 1.81378589925174e-10 1.98390570638196e-10 2.29281771346734e-10 2.57034193928973e-10 3.01746461150998e-10 2.97638502733122e-10 2.65250243991488e-10 2.67182620472539e-10 4.07574418659351e-10 4.67753002997284e-10 4.34332436682894e-10 2.94973534487042e-10 3.15473724921134e-10 3.68786678972555e-10 4.69717664763891e-10 6.7517317292598e-10 7.85979348272292e-10 5.09643216517475e-10
3.71904396168077e-11 3.83438392148605e-11 3.7059033619613e-11 4.10329548117261e-11 3.27966431790117e-11 3.02725622347566e-11 2.79544387637998e-11 2.97759150669208e-11 2.44680609107206e-11 2.16144879772173e-11 2.46088815991641e-11 2.48300824345904e-11 2.52273757439525e-11 3.32163851979317e-11 3.05785397003433e-11 3.03857938810381e-11 3.09654080155042e-11 2.75562350715575e-11 3.03754243979881e-11 3.54386076040214e-11 5.48737277838995e-11 7.2575845333489e-11 5.40993916331445e-11 6.25585028224407e-11 8.63391025340832e-11 7.60072338401585e-11 1.0840488506858e-10 1.33575961402954e-10 1.47328449440209e-10 2.00525174243182e-10 1.94496052596804e-10 2.44498266077642e-10 2.56310150881234e-10 2.4851568580786e-10 2.59251020651163e-10 2.92195823092811e-10 2.77135214776791e-10 2.83546863766304e-10 2.35991215458142e-10 2.59384291823039e-10 2.97577318342235e-10 4.7940318381734e-10 4.45628967060685e-10 3.1052774795981e-10
2.6450730494787e-11 2.73144284967941e-11 2.86625168044452e-11 2.6851942891426e-11 3.12105563615717e-11 2.03595251768718e-11 1.89570248387838e-11 1.58932200733375e-11 1.55368495846631e-11 1.61833768608233e-11 1.9218482361083e-11 1.71834768636359e-11 1.65047087108405e-11 2.02399097481987e-11 2.59244292699634e-11 1.85321868961807e-11 1.84435799965854e-11 2.00074401490724e-11 2.67388333696772e-11 3.27313731673939e-11 4.01525257487378e-11 4.35355751449151e-11 4.26150115195867e-11 4.74894013002825e-11 5.16165332697938e-11 6.29980290156595e-11 5.47059619826484e-11 8.0807804891947e-11 8.50174930455694e-11 1.28000698929043e-10 1.07657938119843e-10 9.71798419513448e-11 1.33593003326382e-10 1.67433122921778e-10 1.42298650640527e-10 1.82517612135058e-10 1.68687608326223e-10 2.10576223125258e-10 2.25020002631027e-13 2.04312555762698e-10 2.30422547708997e-10 2.26604257580476e-10 3.63147767412642e-10 3.9755966296795e-10
1.96471061642001e-11 1.88042026394442e-11 1.81721304670646e-11 1.84756876464576e-11 1.83870141334808e-11 2.10372164133332e-11 1.26001875599968e-11 1.2081224909366e-11 1.1842182789934e-11 1.31429644945058e-11 1.31655464308267e-11 1.32301392063994e-11 1.139340843892e-11 1.43117295792194e-11 1.28449362257754e-11 1.3454015679315e-11 1.45386036543016e-11 1.62074464959971e-11 2.04198102871089e-11 2.38062902724323e-11 2.97034397078733e-11 2.32509345110543e-11 3.07060821214122e-11 3.8713243721844e-11 3.68684527352059e-11 4.09012934632358e-11 4.46108594509553e-11 4.98256436110012e-11 5.51195311615515e-11 5.65544611141888e-11 5.65243851724517e-11 8.91015039528043e-11 8.86848039449717e-11 8.41147040908652e-11 1.00680985770651e-10 1.37441624747936e-10 1.11860687379561e-10 1.37151423551529e-10 1.2124368176103e-10 9.93740201238324e-11 1.03628827741176e-10 1.46228529285253e-10 2.77976264229096e-10 2.80766965232715e-10
1.67081237734124e-11 1.56436419374018e-11 1.40418676686238e-11 1.34116384664651e-11 1.32017841103504e-11 1.24234067477857e-11 1.05597197652685e-11 1.02706843030376e-11 1.0349376911023e-11 9.95303839346207e-12 9.84495818201481e-12 1.07074127342344e-11 1.08355435735064e-11 1.19166787548863e-11 1.07254649606148e-11 9.9563357558452e-12 1.09179665308545e-11 1.12926668016655e-11 1.41570200007379e-11 1.72677983023561e-11 2.65948818523043e-11 2.23789875519742e-11 5.4847237862532e-13 6.07569550226117e-13 2.50723219963334e-11 4.01162991714443e-11 4.62983984483856e-11 5.19803866616542e-11 6.12341510830561e-11 4.97928809295445e-11 4.78315720364719e-11 4.77461070680363e-11 5.5540194665582e-11 7.17473747080533e-11 8.69901706224141e-11 9.59396895261477e-11 5.21804821573824e-15 7.47843786896851e-11 7.7136586007498e-11 7.33286875664874e-11 6.62289889596934e-11 8.88765505635547e-11 1.15386400434403e-10 9.54234691263878e-11
1.44547929181726e-11 1.31617383658522e-11 1.16458176435685e-11 1.05028652441774e-11 1.09865783137764e-11 1.04528385946878e-11 8.89693874128739e-12 8.70202798708419e-12 8.57741655480027e-12 8.08243472150139e-12 7.40445482705354e-12 6.99826863126418e-12 8.35145286259831e-12 1.05793929172648e-11 1.00406905012562e-11 1.19906196083264e-11 1.13986597938265e-11 9.22953935500459e-12 1.13644982313588e-11 9.03017660647265e-12 1.12924891659816e-11 1.79403270017531e-11 6.43929354282591e-16 1.57173829506974e-11 1.41541667275646e-11 1.66381686206307e-11 2.36610731008113e-11 2.51640597248581e-11 3.31338845249718e-11 4.68391880836805e-11 5.38772138014565e-11 4.03866162734801e-11 5.39250089026666e-11 6.54523990561984e-11 6.97210511546587e-11 5.66664271062223e-11 5.27085375345848e-11 2.88657986402541e-15 5.37580091553025e-11 6.2747107509864e-11 5.15962161884431e-11 5.50013923295012e-11 4.77838990597945e-11 4.71108818622667e-11
1.35839783865777e-11 1.17241771846466e-11 1.02089336984079e-11 9.09676778348967e-12 9.88716886141106e-12 9.38671362860077e-12 8.00771671194411e-12 7.35462801770837e-12 6.81956713322052e-12 5.99232885534207e-12 6.33777474945418e-12 6.84174938925253e-12 9.22383280865802e-12 8.87049322884081e-12 8.9546481341074e-12 8.59151638721301e-12 6.66415811423349e-12 6.92286228343164e-12 8.65881810696578e-12 9.17148579304694e-12 8.88551454636399e-12 1.24879440122072e-11 1.48553280787667e-11 1.35788047472829e-11 1.1260004040281e-11 1.19890430916314e-11 7.16912085252375e-12 1.88630000508283e-11 2.72082356644887e-11 3.5847147472623e-11 4.12352596512733e-11 3.99221100622071e-11 4.8748693970424e-11 5.00732788566438e-11 5.68471048012498e-11 4.445552814758e-11 5.57372259457622e-11 4.69010386083824e-11 4.53735937711031e-11 5.17862752680287e-11 3.58303609004906e-11 3.07686542910801e-11 2.86620949196958e-11 4.11982004067113e-11
1.22298060567516e-11 1.08434705659022e-11 9.28277454903537e-12 9.591138994125e-12 9.85936887687444e-12 1.76914038974019e-12 7.52785611624063e-12 6.44638786795326e-12 6.05197003622493e-12 5.36862776456815e-12 4.89422946614582e-12 4.66020555478508e-12 5.78487258096061e-12 6.63682442336722e-12 6.96390722865203e-12 6.14943651555677e-12 5.43196598812301e-12 6.03722627445791e-12 7.2449379828754e-12 8.36843927487507e-12 7.82225395568048e-12 1.04500186282053e-11 1.51282542049103e-11 1.25844779041984e-11 1.186950537857e-11 1.56921142746569e-11 1.72880931792463e-11 1.75746306396718e-11 2.61567878467872e-11 2.00228500446542e-11 1.90265359023556e-11 2.56705212642316e-11 2.73797762240235e-11 3.38953975997924e-11 4.74186578891533e-11 4.01181421416652e-11 6.15016401250834e-07 3.4924396707936e-11 4.4503811746921e-11 3.1521929511058e-11 2.4749136073865e-11 2.22227791724094e-11 2.4916402274755e-11 3.8515679534612e-11
1.09784958901571e-11 9.63904511763758e-12 9.91159376795281e-12 1.04393271804781e-11 9.0474960856568e-12 2.86914936253879e-13 9.60553858675439e-12 5.79595260674637e-12 5.65921753903353e-12 5.19186915681757e-12 4.31999991334919e-12 3.84718923385208e-12 4.046596391305e-12 4.57037740986266e-12 4.58050264384724e-12 4.6543546794453e-12 4.78297401684813e-12 4.67159644301773e-12 5.3219761930734e-12 5.94747584514721e-12 5.5783155872291e-12 6.0883520447419e-12 6.17430551130838e-12 8.34239344271737e-12 9.05105990156585e-12 1.17577059199903e-11 1.80956361006679e-11 1.56106683135704e-11 1.41622047422629e-11 2.1970147923156e-11 1.84776083322902e-11 2.27704299859965e-11 2.6090773985743e-11 3.04427261177409e-11 3.78412856605337e-11 3.7623404391951e-11 2.8524593798096e-11 6.5696337259169e-13 1.52546753007243e-11 2.69182454104566e-11 2.19906315379603e-11 1.99755989527262e-11 2.24194107723008e-11 3.39317129949279e-11
9.76260183804811e-12 9.24307297367477e-12 1.00453867446504e-11 1.02642339072645e-11 8.30728819067872e-12 7.2532424510996e-12 6.17523809864906e-12 5.24208454422137e-12 4.64204230610221e-12 4.47096804023772e-12 3.93743926352386e-12 3.63187258045627e-12 3.52717854923412e-12 3.72000208415102e-12 3.88336029999436e-12 3.69416719436799e-12 3.84793308327858e-12 3.93522991970485e-12 4.35170788293249e-12 4.68077798743138e-12 5.09944309001753e-12 4.84478013262901e-12 4.73935335421061e-12 4.82356377062843e-12 6.30557828174005e-12 9.62256940795214e-12 1.46877288109692e-11 1.55569002124878e-11 2.64988031517532e-13 1.35757960428862e-11 1.93651650270965e-11 2.09508188575569e-11 2.59330446006345e-11 2.56743182269759e-11 2.18490558978601e-11 2.52277643220111e-11 1.34793287642765e-11 6.99107438606461e-13 2.2339752270284e-11 1.58624446910949e-11 1.54242951744266e-11 1.79267711786224e-11 1.89932292116168e-11 2.45157116829375e-11
9.9067198888747e-12 9.17711462378179e-12 1.06679332034787e-11 1.0650813564439e-11 8.28933588437053e-12 6.79143408177652e-12 5.73379121959761e-12 5.07283104411727e-12 4.13423739686891e-12 3.9943159890754e-12 3.75125486229422e-12 3.33411076525181e-12 3.06542569106227e-12 3.16180415182998e-12 3.05581115966902e-12 3.09791081676281e-12 3.0320412847118e-12 3.53770346350757e-12 4.165801037459e-12 4.44491110584977e-12 4.5256909331215e-12 5.21028775679611e-12 5.84363668565402e-12 5.35471667006959e-12 5.16473530609574e-12 5.50935963516963e-12 6.33558761009567e-12 6.86073420297362e-12 8.98922047909423e-12 1.03224095937549e-11 1.22391430323887e-11 1.51730628061841e-11 1.65621849568254e-11 1.43183687129067e-11 1.40230382861262e-11 1.62516555768377e-11 2.00599759025977e-11 2.19710249993454e-11 1.80653048076351e-11 1.40829459205349e-11 1.25011334617398e-11 1.26379240406038e-11 1.27694965712521e-11 1.41372913375903e-11
