Scripts_&_data/Maxent_result_files_2/B_balteatus_2.asc
NCOLS 594 
NROWS 330 
XLLCORNER -15 
YLLCORNER 23 
CELLSIZE 0.166666666666667 
NODATA_value -9999 
[rows 300 to 319 of 330, columns 220 to 263 of 594]
1.48025702806365e-11 1.47606371569964e-11 1.59436686075765e-11 1.67749036883436e-11 1.68380975829052e-11 1.71304082030588e-11 1.78264736305778e-11 1.77534986711692e-11 1.76386349970414e-11 1.79414705314684e-11 1.71166192330929e-11 1.00835673144672e-11 9.80775460845962e-12 8.77974359880795e-12 5.97588645234737e-12 5.13273867852604e-12 3.57839313736008e-12 3.03018721226067e-12 2.18935980456081e-12 1.85368387306539e-12 1.59159352364213e-12 1.52221568683331e-12 1.39132039223e-12 1.34403599361121e-12 1.3782863739209e-12 1.33768551791036e-12 1.51306744911039e-12 1.72997172143141e-12 2.10742534534347e-12 2.310962532448e-12 2.89869239722407e-12 3.39569483642777e-12 4.19435597365236e-12 5.28126431476039e-12 6.14295281309296e-12 8.94997409517373e-12 9.35904687082711e-12 1.31436084238601e-11 1.93752902610811e-11 1.877200617173e-11 1.88849269555647e-11 1.86181403627472e-11 1.85174320321835e-11 1.88225657282715e-11
1.55034984850033e-11 1.63789981577622e-11 1.67646674320565e-11 1.6735746122265e-11 1.6740975272711e-11 1.68417724211167e-11 1.7049039957584e-11 1.78918324600374e-11 1.78845716014564e-11 1.78160930452975e-11 1.77089787278817e-11 1.3639855911407e-11 9.42659283964531e-12 1.0214529222452e-11 8.99254004593786e-12 6.13812334293584e-12 5.20928855607394e-12 4.07107680899799e-12 3.20971027534256e-12 2.60060861734246e-12 2.23288054712611e-12 1.86642923338809e-12 1.57311941251237e-12 1.60466084864197e-12 1.65422120446124e-12 1.79355419405169e-12 2.13613571276028e-12 2.32709407299581e-12 2.67228461581226e-12 3.16278114809165e-12 3.41539019288462e-12 4.40409930746455e-12 4.74841277409155e-12 6.13419315342867e-12 8.58800808245519e-12 8.94193608047544e-12 1.38565270368929e-11 1.78106196457861e-11 1.95842120298551e-11 1.95979676931302e-11 1.87806770135523e-11 1.86271220670164e-11 1.85341075820133e-11 1.88469573281225e-11
1.75401693169874e-11 1.79472325889662e-11 1.79769421571052e-11 1.81975212676377e-11 1.70939595811603e-11 1.67639124803998e-11 1.63630331506681e-11 1.69352865064809e-11 1.77542203161352e-11 1.77305281567897e-11 1.767463952973e-11 1.75318426443027e-11 1.51939905101983e-11 1.06460285032028e-11 1.01165076316079e-11 9.5098373620317e-12 5.66797719869783e-12 5.19796428122277e-12 4.16784384782432e-12 3.43074457731518e-12 3.04419822683144e-12 2.63501442887559e-12 2.34150476785544e-12 2.44482212252706e-12 2.32154295787268e-12 2.4030888390314e-12 2.60147459130167e-12 3.10546033333026e-12 3.02936564722245e-12 3.98830968251218e-12 4.52264892203402e-12 4.86353179951493e-12 6.78157530131784e-12 8.61094529014395e-12 8.69984084772568e-12 1.23243859562194e-11 1.48722256732015e-11 1.79373516040471e-11 1.97630134479709e-11 1.88075555129785e-11 1.88805859835384e-11 1.90464422011871e-11 1.92210580785002e-11 1.95003013736539e-11
1.86753057462852e-11 1.85482962322681e-11 1.85459203549954e-11 1.84322113128133e-11 1.79908754560643e-11 1.66947788926564e-11 1.66741953577798e-11 1.66491487263443e-11 1.73349001819645e-11 1.76454295619521e-11 1.75586101214265e-11 1.74986358736362e-11 1.57481472307097e-11 1.07432507334693e-11 1.02235553356422e-11 1.00049413198633e-11 9.00765018130301e-12 5.51815260152466e-12 5.15172349224713e-12 5.1615822727058e-12 4.52254900196181e-12 3.48466810962122e-12 2.98391311659429e-12 2.58723042989573e-12 2.71853650701814e-12 3.09178238566687e-12 3.04598568590109e-12 3.51794149366924e-12 4.45583570041208e-12 4.38247216294485e-12 5.76121372830585e-12 7.32053306862213e-12 8.67973470874972e-12 9.9864116975823e-12 1.2105882962743e-11 1.28820287770282e-11 1.85589876799952e-11 2.05626071725362e-11 1.94629090621845e-11 1.88916660093241e-11 1.88892901320514e-11 1.89818605278447e-11 1.93167926099136e-11 1.94089078142667e-11
1.8604873197603e-11 1.76779257898829e-11 1.77554193570018e-11 1.84991466589679e-11 1.83961401667432e-11 1.75762071563668e-11 1.66156532976913e-11 1.65874314284054e-11 1.67667324468823e-11 1.75197634177948e-11 1.75131131818773e-11 1.75494951903943e-11 1.74960823606796e-11 1.54530832574551e-11 9.60459489718346e-12 1.02479025265723e-11 9.96083215909493e-12 9.07766084523587e-12 5.91668936067435e-12 4.689326704721e-12 4.41180425525545e-12 4.5399017878367e-12 3.54493101539788e-12 3.55053764167224e-12 3.55535600959911e-12 3.67593733230365e-12 4.20441459425547e-12 4.46891412764217e-12 4.41597869382804e-12 6.11407591222246e-12 7.96025467764139e-12 8.02247157594138e-12 1.01897268400819e-11 9.45592493195591e-12 1.05535913341726e-11 1.797535453818e-11 2.06855310658227e-11 0 1.87628135250861e-11 1.88363324937768e-11 1.81639148166823e-11 1.89344318002327e-11 1.87390436501289e-11 1.94162019795385e-11
1.85275461639378e-11 1.78832060271361e-11 1.77626802155828e-11 1.86049509132147e-11 1.8396806300558e-11 1.83888348992411e-11 1.74412151388026e-11 1.67103553216918e-11 1.65110480843111e-11 1.66684999136635e-11 1.74135150743382e-11 1.74698699950682e-11 1.75227832244218e-11 1.63517865914287e-11 1.40493394695795e-11 8.51388959333121e-12 8.62577786975294e-12 8.56216209044192e-12 7.88017429087518e-12 7.09314829094865e-12 5.38710187569791e-12 4.42721415083724e-12 4.37373470774105e-12 4.36478631016257e-12 4.76297890017463e-12 5.14637221726844e-12 4.37152536392205e-12 4.70982142175558e-12 5.22940579728015e-12 8.47071301990354e-12 8.81874573366304e-12 1.25313648347003e-11 9.30112653563242e-12 9.96586146939649e-12 1.41585076995909e-11 1.77756254160499e-11 1.95997884588905e-11 0 1.87465376555451e-11 1.84731341335009e-11 1.74566694433054e-11 0 1.7410262120876e-11 1.90038873526532e-11
1.78142611773069e-11 1.76984205069175e-11 1.37326594540355e-11 1.77854064808969e-11 1.84868120811643e-11 1.83676740483918e-11 1.80332859756049e-11 1.74133929498055e-11 1.68238645237295e-11 1.6430656835098e-11 1.69146918693741e-11 1.73380865220452e-11 1.74051995038838e-11 1.74489200865935e-11 1.54020463050131e-11 1.39960487643975e-11 8.85052031662781e-12 8.05722155661215e-12 8.03098698654026e-12 8.00755017849042e-12 8.09670108736782e-12 6.21553919444295e-12 4.89410734161311e-12 4.97668573018473e-12 5.30215871208384e-12 5.19174703228487e-12 6.41408037793667e-12 8.02059529902977e-12 8.19575518562488e-12 8.6427864864902e-12 1.23009047392486e-11 1.09909858991841e-11 9.33612076536861e-12 1.30593091896003e-11 1.97597604945088e-11 2.08029593551373e-11 1.85689463805261e-11 0 1.86056725581807e-11 1.73967951155873e-11 1.87444726407193e-11 1.87812765339856e-11 6.5747551847295e-11 1.88624671437765e-11
1.82557191585886e-11 1.80475190347806e-11 1.75666703405852e-11 1.73426384364461e-11 1.84008031034466e-11 1.82713066898543e-11 1.82922899050197e-11 1.7670220842092e-11 1.7400614282792e-11 1.70497727047803e-11 1.64114610790023e-11 1.67824643071413e-11 1.72609815329849e-11 1.72642455886773e-11 1.72226899408656e-11 1.71299308071582e-11 1.4211576360168e-11 1.08977493695761e-11 9.87290249554462e-12 8.58033644135503e-12 8.51043679972463e-12 8.33579871795109e-12 7.86958276322025e-12 8.86660744825463e-12 8.39401881336244e-12 8.94535556739129e-12 9.49025302787732e-12 8.9947826964476e-12 9.06479336038046e-12 1.09707798401359e-11 1.15709775094786e-11 1.0618761425718e-11 1.48866252658308e-11 1.60438995422396e-11 1.92609150850842e-11 1.84920967427615e-11 0 1.84264492553154e-11 1.84108173151287e-11 1.74979697398214e-11 1.87197701784214e-11 1.87241777638292e-11 5.71661717962968e-11 5.3800186528008e-11
1.834865592798e-11 1.81044068625624e-11 1.81804793442097e-11 1.86858972739401e-11 1.74623870918822e-11 1.82910131485414e-11 1.8220480679787e-11 1.79944503742036e-11 1.73208225540122e-11 1.72848069190934e-11 1.71125336123623e-11 1.63241420381155e-11 1.70942482391467e-11 1.71382463776126e-11 1.71021530270821e-11 1.70803149401877e-11 1.71177516605781e-11 1.70866543136583e-11 1.59373958474873e-11 1.09695474925786e-11 9.13016329207039e-12 9.14491815606766e-12 9.35490573894526e-12 9.43108924289504e-12 9.45123979079199e-12 9.18608522582076e-12 8.38074054598792e-12 8.14217582245647e-12 1.09600550857181e-11 1.23745125257813e-11 1.17235110508318e-11 1.56390012051588e-11 1.68998370853046e-11 1.94295579625248e-11 1.85697568433341e-11 0 1.84813608861134e-11 1.84495529964579e-11 1.78996928390518e-11 1.81703541102252e-11 2.5379920387536e-11 3.81857101494631e-11 6.35992369879546e-11 9.52363188311267e-11
1.83489667904269e-11 1.80013559614167e-11 1.86674342650406e-11 1.86505366706058e-11 1.8651402644565e-11 1.82584725116897e-11 1.81567871848642e-11 1.81029524704002e-11 1.77083570029879e-11 1.72574954326876e-11 1.72583947133376e-11 1.68362879193751e-11 1.71266889559263e-11 1.71663905312869e-11 1.70973790680762e-11 1.70306546642962e-11 1.70966463208799e-11 1.70491176731957e-11 1.69956826390205e-11 1.60105040336589e-11 9.92075310790597e-12 9.8047014951419e-12 9.41219324701592e-12 9.38854549659141e-12 9.36154487263252e-12 1.26938348721239e-11 1.15579545933997e-11 1.21879728531837e-11 1.40648381830033e-11 1.29743216170652e-11 1.61054947156458e-11 1.60731428167082e-11 1.90287452461746e-11 1.82604820153642e-11 1.81984427527482e-11 1.8129453493998e-11 1.82335591070171e-11 1.85457760260022e-11 1.80456094511783e-11 1.87428406128731e-11 7.8193873598309e-11 8.6718077163539e-11 9.60621360235336e-11 9.61869695004225e-11
1.83110304696754e-11 1.7435641819219e-11 1.86513249289533e-11 1.86325399553766e-11 1.73613234899506e-11 1.8399781698264e-11 1.81895387640907e-11 1.80576442687652e-11 1.80345849365438e-11 1.73657976887398e-11 1.72906911011239e-11 1.72849512480866e-11 1.70412572941814e-11 1.70795599885309e-11 1.70225389339862e-11 1.70115810327331e-11 1.70266911680983e-11 1.69991021259364e-11 1.69245284453723e-11 1.70082059547383e-11 1.71250125191591e-11 1.74846359612957e-11 1.2428513773699e-11 1.11998299523464e-11 1.31582855722456e-11 1.43298484189813e-11 1.53991930318398e-11 1.69984470943518e-11 1.65220837011759e-11 1.61039070967206e-11 1.60799817905399e-11 1.860699372358e-11 1.82512005508784e-11 1.81956560929564e-11 1.82174053620088e-11 1.81732850990102e-11 1.82786341618169e-11 1.85764847948633e-11 1.89357751700925e-11 1.7838253096869e-11 3.81507936353387e-11 9.62328328135698e-11 9.62912860558163e-11 9.63383040009092e-11
1.83005943732439e-11 1.79761983076787e-11 1.76483050395859e-11 1.86538784419099e-11 1.81813342159387e-11 1.84854243023835e-11 1.83192683245181e-11 1.8043389005129e-11 1.80788051196146e-11 1.78382864035598e-11 1.73979941564539e-11 1.70379266251075e-11 1.73128511526954e-11 1.69281033635116e-11 1.73083103405247e-11 1.72499348138899e-11 1.6967571792037e-11 1.69523728388299e-11 1.69850689069051e-11 1.70055192150187e-11 1.70877867411434e-11 1.73246528234472e-11 1.77061476591689e-11 1.80491843693176e-11 1.82707737828025e-11 1.82784232194422e-11 1.80145898198703e-11 1.62741375930864e-11 1.60175206431745e-11 1.60541580029872e-11 1.60817026362281e-11 1.92152738165419e-11 1.83421944299766e-11 1.82176829177649e-11 1.81681891753271e-11 1.8136847579342e-11 1.76847980704053e-11 1.74734893221284e-11 1.78484338420049e-11 1.73207781450913e-11 1.85703785682279e-11 2.92966206849599e-11 5.16108378256774e-11 5.75498648736072e-11
1.82664439130065e-11 1.79631531871394e-11 1.86351045705635e-11 1.8672952073473e-11 1.77025616387994e-11 1.84643189626854e-11 1.84811055348177e-11 1.8230128517871e-11 1.81764936435513e-11 1.81387127540233e-11 1.65627622727982e-11 1.68791425281256e-11 1.71106018242995e-11 1.68159597357942e-11 1.69722347287404e-11 1.75861769591279e-11 1.7134249574724e-11 1.69329106292082e-11 1.77941439361007e-11 1.8258172751473e-11 1.81185511038962e-11 1.77697523362497e-11 1.74072423142491e-11 1.83011272802958e-11 1.7906598426265e-11 1.69192992949263e-11 1.63992375235011e-11 1.60576330010542e-11 1.60261026671549e-11 1.94880778181528e-11 1.92766136386524e-11 1.83597581582262e-11 1.82194925812951e-11 1.81882731098426e-11 1.81844317381774e-11 1.80415016259872e-11 1.71605174514866e-11 1.85455317769367e-11 4.2377923392678e-11 9.64176516404791e-11 7.40090988493591e-11 0 1.85213622216907e-11 1.80984227604597e-11
1.82532988723949e-11 1.75667702606574e-11 1.86605841889786e-11 1.86911597310768e-11 1.82024617600973e-11 1.84435133832039e-11 1.84200210640029e-11 1.83096537931249e-11 1.81667680898556e-11 1.80779502478856e-11 1.70395697551839e-11 1.69077307710097e-11 1.71863190345789e-11 1.73159486749341e-11 1.72403646914177e-11 1.72273861842598e-11 1.78716819121405e-11 1.74759984261641e-11 1.78196679634368e-11 1.80187198495219e-11 1.70174319080729e-11 1.76557879427719e-11 1.84376847123247e-11 1.73205561004863e-11 1.64582791839507e-11 1.60655599934501e-11 1.60602309229319e-11 1.60563118356549e-11 1.60476076871419e-11 1.9008161711298e-11 1.8362766862623e-11 1.83609349946323e-11 1.83220882910007e-11 1.83585480151294e-11 1.8187840122863e-11 1.79782189135835e-11 1.75326309026502e-11 2.27570962074708e-11 3.10913406131874e-11 9.62310342522699e-11 9.6395058601928e-11 9.72445235447594e-11 2.99899105549173e-11 0
1.74483538728509e-11 1.86187398831805e-11 1.86862858519987e-11 1.871655053165e-11 1.748798883483e-11 1.83532300468414e-11 1.83034920553382e-11 1.82646231472461e-11 1.81779480357136e-11 1.79020687163245e-11 1.76732295464888e-11 1.70638392305023e-11 1.78520975779861e-11 1.81139325761137e-11 1.81520021236281e-11 1.76900938342328e-11 1.77642567322778e-11 1.80310544273254e-11 1.80112591507964e-11 1.79611769901555e-11 1.7465218160595e-11 1.65583990963114e-11 1.65985780675726e-11 1.61883395577433e-11 1.60319313380342e-11 1.60178759145424e-11 1.60745194932588e-11 1.6118217871508e-11 1.6954315729123e-11 1.92940552423693e-11 1.84781301371117e-11 1.84501636191214e-11 1.84271042869e-11 1.83778992024486e-11 1.82785120372841e-11 1.7809531627222e-11 1.85968018762139e-11 1.85459869683768e-11 2.8017299591454e-11 9.74124114705432e-11 9.68782276622449e-11 9.77536718238525e-11 9.82968817453411e-11 0
1.86591297968164e-11 1.86181181582867e-11 2.8101154736504e-11 3.11166314936884e-11 1.85352955206497e-11 1.77130088374611e-11 1.8123547107507e-11 1.81825221545751e-11 1.82275416982236e-11 1.81513803987343e-11 1.79144366008188e-11 1.80034209762425e-11 1.79461223659416e-11 1.80840009633698e-11 1.81293313694653e-11 1.81596071513468e-11 1.81315185088238e-11 1.81984427527482e-11 1.89117166371489e-11 1.65529034923395e-11 1.64642521838232e-11 1.59995239279453e-11 1.60095714463182e-11 1.68782543497059e-11 1.85792381479644e-11 1.6834167393398e-11 1.60590873932165e-11 1.95287341853145e-11 1.90099491703677e-11 1.85271575858792e-11 1.85582438305687e-11 1.84959270121965e-11 1.8446311145226e-11 1.84074866460548e-11 1.84546045112199e-11 1.80649939451882e-11 1.73439929085362e-11 1.86119564205001e-11 2.0549162371708e-11 9.77906977617238e-11 9.76021707899122e-11 9.75450165086045e-11 9.75512337575424e-11 0
2.53545073825023e-11 5.74983727297251e-11 4.22086809948041e-11 9.54120116247736e-11 4.22711976533208e-11 1.80173986841226e-11 1.81592296755184e-11 1.81102577379022e-11 1.81763049056372e-11 1.82355242017707e-11 1.8172285898288e-11 1.81893167194858e-11 1.81158310574858e-11 1.81833437196133e-11 1.81692993983518e-11 1.81412440625195e-11 1.81111237118614e-11 1.80693793261355e-11 1.8136714352579e-11 1.80858661380512e-11 1.59549262690462e-11 1.59992574744194e-11 1.86851867312043e-11 1.90544469091947e-11 1.84026460736675e-11 1.84333992514496e-11 1.84917525736239e-11 1.84816495440998e-11 1.84250947832254e-11 1.83421500210557e-11 1.84349646659143e-11 1.84512516376856e-11 1.83875803472233e-11 1.83673742881751e-11 1.83020931743272e-11 1.8310064575644e-11 1.7756285330961e-11 1.75099934551781e-11 2.21922591414625e-11 7.92192533793923e-11 9.89022863606692e-11 7.74281638804553e-11 3.26326965449653e-11 8.76525407811357e-11
9.56617340897026e-11 9.53893408706108e-11 9.51288825490337e-11 9.55141077341182e-11 3.44620665337914e-11 1.8168633264537e-11 1.81791470765802e-11 1.81431758505823e-11 1.81567094692525e-11 1.82086457023445e-11 1.82701409556785e-11 1.82432402517918e-11 1.82040826857133e-11 1.818274419918e-11 1.8164036941215e-11 1.81442194602255e-11 1.80611636757533e-11 1.80737980137735e-11 1.8120616118722e-11 1.81684556288531e-11 1.91279325711946e-11 1.50154222389176e-11 1.96082261538777e-11 1.84909199063554e-11 1.83921988750058e-11 1.84058879248994e-11 1.84744552989002e-11 1.83807302711614e-11 1.81184733882844e-11 1.81508363894523e-11 1.82701298534482e-11 1.82583947960779e-11 1.82511561419574e-11 1.83915882523422e-11 1.8297574566617e-11 1.80761960955067e-11 1.73880909670743e-11 1.74368963712368e-11 1.99150029800421e-11 7.65734586849476e-11 9.76332570346017e-11 8.8226348449183e-11 9.79047065641225e-11 9.72331992699083e-11
9.52155354561057e-11 9.50892475870546e-11 9.53408907378162e-11 6.35469787901855e-11 1.76511583127592e-11 1.82178938601396e-11 1.81445414249026e-11 1.80517822911952e-11 1.80255366188931e-11 1.81093251505615e-11 1.82421744376882e-11 1.82105552859468e-11 1.8182066963135e-11 1.81942794164058e-11 1.81568537982457e-11 1.81816339761554e-11 1.81577530788957e-11 1.8215340347183e-11 1.82846737750708e-11 1.82866277675942e-11 1.83012049959075e-11 1.90738314032046e-11 1.89679272288856e-11 1.8407086965766e-11 1.84083304155536e-11 1.83460691083326e-11 1.82278858673612e-11 1.82229564771319e-11 1.81833548218435e-11 1.82270865067835e-11 1.82823978178703e-11 1.82425186068258e-11 1.81856973924255e-11 1.84625092991553e-11 1.86282989034225e-11 1.84894988208839e-11 1.84518622603491e-11 1.78048797927488e-11 1.73649428170108e-11 6.21401374800712e-11 9.71890457002189e-11 9.74662350827771e-11 9.77828484849397e-11 4.7012338466601e-11
9.49927803084449e-11 9.52557699385181e-11 8.62405480361872e-11 2.29079977209778e-11 1.79638748321054e-11 1.82192261277692e-11 1.8199020068721e-11 1.81045400893254e-11 1.80358505907918e-11 1.80481629641349e-11 1.81341053284712e-11 1.81631820694861e-11 1.81835213552972e-11 1.8209977969974e-11 1.8204793228449e-11 1.82370563095446e-11 1.82658110858824e-11 1.83096426908946e-11 1.83912884921256e-11 1.83541848386426e-11 1.86599846685453e-11 1.85716109157852e-11 1.81798021081647e-11 1.82169834772594e-11 1.83369319728399e-11 1.81137549404298e-11 1.81458403858414e-11 1.82290516015371e-11 1.8286261393996e-11 1.83159376554443e-11 1.82519332980746e-11 1.8230217335713e-11 1.85277904130032e-11 1.8535217805038e-11 1.85439996691628e-11 1.84360193777877e-11 1.85016224563128e-11 1.84967929861557e-11 1.80803039206978e-11 3.02775471361372e-11 7.88228482484499e-11 6.41857789140943e-11 2.21868523553326e-11 1.72865277647816e-11
