Scripts_&_data/Maxent_result_files_2/B_barbutellus_3.asc
NCOLS 594 
NROWS 330 
XLLCORNER -15 
YLLCORNER 23 
CELLSIZE 0.166666666666667 
NODATA_value -9999 
[rows 40 to 59 of 330, columns 230 to 275 of 594]
-9999 -9999 -9999 -9999 -9999 -9999 -9999 -9999 -9999 -9999 -9999 -9999 -9999 -9999 -9999 -9999 -9999 -9999 -9999 -9999 -9999 -9999 -9999 -9999 -9999 -9999 -9999 -9999 -9999 -9999 -9999 -9999 -9999 -9999 -9999 -9999 -9999 -9999 -9999 -9999 -9999 -9999 -9999 -9999 -9999 -9999
-9999 -9999 -9999 -9999 -9999 -9999 -9999 -9999 -9999 -9999 -9999 -9999 -9999 0.0881738342344761 0.0419396832585335 0.35992326438427 -9999 -9999 -9999 -9999 -9999 -9999 -9999 -9999 -9999 0.163224238157272 -9999 -9999 -9999 -9999 -9999 -9999 -9999 -9999 -9999 -9999 -9999 -9999 -9999 -9999 -9999 -9999 -9999 -9999 -9999 -9999
-9999 -9999 -9999 -9999 -9999 -9999 -9999 -9999 0.0827558554708958 0.202935321629047 -9999 -9999 0.332969808578491 0.0857324101030827 0.165652438998222 -9999 -9999 -9999 -9999 0.178275635838509 -9999 -9999 -9999 -9999 0.0559094961732626 0.0431145673617721 0.0329363544471562 0.0320096490904689 0.117531172372401 0.0113813426112756 0.0348725533112884 -9999 -9999 -9999 -9999 -9999 -9999 -9999 -9999 -9999 -9999 -9999 -9999 -9999 -9999 -9999
-9999 -9999 -9999 -9999 -9999 -9999 0.185799553990364 0.0750067804008722 0.0402665425091982 0.0177212383598089 0.0347988301888108 0.0456815205514431 0.0495093666017056 0.0545717857778072 -9999 -9999 -9999 0.0449720066040754 0.0215359585359693 0.0336334064602852 -9999 -9999 -9999 0.0329349268227816 0.0291064326651394 0.0298685376532376 0.0210677612572908 0.0376149533316493 0.0823319181799889 -9999 -9999 -9999 0.0234162964858115 0.0157059138640761 0.0226649858057499 0.0470203623175621 -9999 -9999 -9999 -9999 -9999 -9999 -9999 -9999 -9999 -9999
0.132695479691029 -9999 0.0626052718609571 0.0380789378657937 -9999 0.0950067691504955 0.0322035958990455 0.0568516753613949 0.0347076674923301 0.0182721844874322 0.0379384074360132 0.0494617255404592 -9999 -9999 -9999 0.0456951005384326 0.0290035594254732 0.0283009330742061 0.0215754713863134 0.0131079697981477 -9999 -9999 0.0204500855877995 0.0251489064656198 0.0171309942379594 0.0129848582670093 0.025457021407783 0.0140651777386665 0.0201005514711142 -9999 -9999 0.00963076786138117 0.0111402481794357 0.0106066460022703 0.029421369265765 0.0420120190829039 0.038380272500217 0.0422917230054736 0.0450549744069576 0.0268264664337039 0.029990248568356 0.216882652044296 -9999 -9999 -9999 -9999
0.0246115289628506 0.073411725461483 0.0439065236598253 0.0310428893193603 0.027795956749469 0.0713477402925491 0.0193187340162694 0.00852455534040928 0.0031273600878194 0.00628319191746414 0.0142027606256306 -9999 -9999 0.0130178200080991 0.00582196891773492 0.0029832030646503 0.00708962744101882 0.0131432715803385 0.0150435181334615 0.00800260622054338 0.0139763279817998 0.0143923074007034 0.0134346693754196 0.00274433072190732 0.00296273953281343 0.00364363782573491 0.0033874582266435 0.00691809467971325 0.00983178894966841 0.0138264262117445 0.00499279429204762 0.00378523145336658 0.00369323554914445 0.0109759110026062 0.006084064533934 0.0084316904656589 0.029750725068152 0.0103393374942243 0.0284497482702136 0.0439092257991433 0.0355016821995378 0.0446784345433116 0.0499616295099258 0.055897674523294 0.0665682140737772 0.148829638957977
0.0968437671661377 0.0839184783399105 0.0177348282188177 0.00845085871405899 0.00283605135045946 0.00167455008486286 0.00349442195147276 0.00403106056619436 0.00359940787311643 0.0033237602096051 -9999 -9999 0.0165172600187361 0.00806514874566346 0.0179883663542569 0.0136545615270734 0.0153736954089254 0.00534835599828512 0.00437722099013627 0.0119747047778219 0.00747716319747269 0.00167733860434964 0.000701611232943833 0.000618729047710076 0.000693536747712642 0.000663119897944853 0.00126328632468358 0.000942928058793768 0.001862473343499 0.00102483911905438 0.000746688857907429 0.00149501364212483 0.0032064349623397 0.00330747556872666 0.0027569069294259 0.00341626445297152 0.00581211345270276 0.0106367423199117 0.0213680502958596 0.0121720290742815 0.043195042386651 0.0458225971087813 0.0380283644422889 0.181183499470353 -9999 -9999
0.0384837064892054 0.00888329362496734 0.00232514146482572 0.00624609799124301 0.00139337949221954 0.000920026126550511 0.00924317655153573 0.00829340671189129 0.0186966756358743 0.00628764180000871 0.0134493044577539 0.0174921940080822 0.0144233004655689 0.00864062102045864 0.00591746531426907 0.00834540640935302 0.00760117857716978 0.00758917483035475 0.00495077912928537 0.00779193667694926 0.00433331874664873 0.00064744915580377 0.000543727987678722 0.000460709290928207 0.000387024084920995 0.000365909899119288 0.000378841473138891 0.000798866577679291 0.000692988984519616 0.000475114930304699 0.000515267343143933 0.00157538839848712 0.00965753803029656 0.00365854583214968 0.00542130905669183 -9999 -9999 -9999 0.0335020501166582 0.0227880595251918 -9999 -9999 -9999 -9999 -9999 -9999
0.00591515391133726 0.00209039832698181 0.000728644261835143 0.000808803207473829 0.00128396187210456 0.000479058275232092 0.00596705279313028 0.00491409762762487 0.0073780455160886 0.0165736578404903 0.0109103679656982 0.0065162206068635 0.00167715784627944 0.000497744508902542 0.00230083228088915 0.00331894136033952 0.00470948724541813 0.00330739656928927 0.00117764814058319 0.000477807369315997 0.000433721634908579 0.000303062460443471 0.00118463017861359 0.00023865287512308 0.000199231482110918 0.00026044097612612 0.000417207402642816 0.000680063787149265 0.000825472635915503 0.000345417222706601 0.000903634808491916 0.000552474832511507 0.00208433625521138 0.00271380872000009 0.00797535427846014 0.00431041971314698 0.0323665713891387 0.0169744526967406 -9999 -9999 -9999 -9999 -9999 -9999 -9999 -9999
0.00060404667747207 0.00111172733595595 0.00164691098034382 0.000424459608620964 0.00137658570311032 0.00212640325771645 0.000428482671850361 0.000826273713028058 0.000397237041033804 0.000298536832269747 0.000663394969888032 0.000169004437339026 8.26661191240419e-05 8.05672563728876e-05 9.27338624023832e-05 0.000213304297358263 0.000350529985735193 0.000223998773435596 0.000336061236157548 0.000155868168076267 0.00015601177510689 0.000464683215250261 0.00131669574184343 0.000156087309733266 0.00026709622470662 0.000314314158458728 0.000261730310739949 0.000349833531072363 0.000287351095175836 0.000269563544134144 0.000480145344045013 0.000382026421721093 0.00102157422224991 0.00260361123364419 0.000768382410751656 0.000806119141634554 0.0370169643312693 0.0165245542302728 0.0139567802660167 0.0257177656516433 0.0193767019547522 0.137700951099396 0.0471163883805275 0.0520945210009813 0.0265783362090588 0.0291169108822942
0.000476378836901858 0.000281061671557836 0.000729446485638618 0.000282534674624912 0.000451623924891464 0.00090831435227301 0.000193802516150754 0.00010554006730672 0.000127777329907985 0.000145894770685118 0.00017102014971897 0.000596747436793521 0.000102805455389898 6.21915158262709e-05 5.86539041250944e-05 0.000492232217220589 0.000108937911863904 0.000190325209405273 0.000425839482340962 0.000185938220238313 0.000139816998853348 0.000237405418010894 0.000534379057353362 0.00016339721478289 0.000362624958506785 0.000132996152387932 0.000212359457509592 0.00025051976845134 0.00048485973093193 0.000158058044326026 0.00134587421780452 0.00669568772427738 0.00598264238797128 0.00340362095739692 0.0112376479431987 0.0248469471931458 0.00755188199691474 0.00528269996866584 0.0194566428661346 0.0352439453825355 0.00901477392762899 0.0162939311005175 0.0674950767308474 0.0761127345263958 0.0133137616328895 0.139953616261482
0.000275914804660715 9.54012793954462e-05 0.00010685457746149 0.000130047512357123 0.000191924323735293 7.95901480159955e-05 6.51394613669254e-05 7.01229229889577e-05 0.000114507076068548 8.39038802951109e-05 0.000297220479114912 0.000734910077881068 0.000256681651808321 0.000166015684953891 0.000249323777097743 0.000856618979014456 0.000139867388497805 0.000148483295924962 0.000212409962841775 0.000193651160225272 8.81460226082709e-05 9.93573899904732e-05 9.35387652134523e-05 0.00133895401377231 0.00119752979371697 0.00488493347074836 0.00258302552392706 0.000748416272108443 0.00101033254759386 0.00364030604250729 0.000926034152507782 0.0017806718009524 0.00307032116688788 0.00377687674481422 0.0148200874216855 0.0351459326222539 0.0419738661497831 0.00864178328774869 0.00367675422457978 0.00269816825166345 0.00165804259013385 0.0207115941331722 0.00655724164098501 0.00871614129282534 0.0134480576962233 0.00170436333282851
0.0001636051107198 5.91392308706418e-05 8.26896037324332e-05 6.47756049147574e-05 0.000155921027908334 8.0111853822018e-05 6.04229953751201e-05 6.68124463118147e-05 7.44298464269377e-05 0.000118929319432937 6.73370388540207e-05 6.13249918387737e-05 5.76293452468235e-05 5.02774324559141e-05 0.00283092083409429 6.11278806900373e-05 9.09519199922215e-05 0.000101242720847949 0.000213998662366066 0.000363117505912669 0.00312047868501395 0.00876055131666362 0.00719306915998459 0.0119109244085848 0.00227273378986865 0.00080260616960004 0.000348224156186916 0.000303843790607061 0.000179569010651903 0.00149493052740581 0.000596913520712405 0.00142699144780636 0.00238244619686157 0.00191136772045866 0.00107021163566969 0.000639950338518247 0.00265576282981783 0.00479413201101124 0.067535562440753 0.0245304784737527 0.0122364338953048 0.0076244171243161 0.00954492031596601 0.0609368458390236 0.0973985627293587 0.0481117215007544
5.50522639969131e-05 7.24799858289771e-05 6.43335788481636e-05 6.73430946335429e-05 0.000138792907091556 5.89796592976199e-05 5.91589778196067e-05 6.57594559015706e-05 6.7822945129592e-05 8.31008565000957e-05 7.56370773160597e-05 6.76683477649931e-05 7.74231710238382e-05 0.000116680176870432 0.00271483806427568 0.000113966577191604 7.72943665651837e-05 0.000152435314521426 0.000136678195849527 0.000914679717971012 0.0016841821372509 0.00476583286654204 0.00175269563915208 0.00101132124545984 0.00189643534831703 0.000203618477098644 0.000875677319709212 0.00449678897857666 0.00263770136516541 0.0023465447477065 0.00289404988288879 0.00202337411465123 0.00282377954572439 0.00253469705348834 0.00161881539970636 0.00295396221335977 0.00163621449610218 0.0203628867864609 0.00191220794804394 0.0199941330589354 0.0202800364233553 0.0115230551920831 0.016576692275703 0.0306272929534316 0.0268865827471018 0.0101084547117352
4.96484275572584e-05 6.57316497381544e-05 0.000193181052600266 0.000190303235285683 8.37192761537153e-05 7.5993513019057e-05 7.83211911766557e-05 9.0900055874954e-05 8.20615452539641e-05 7.73842108173994e-05 8.01585189037723e-05 0.000170618999982253 0.000663714663824066 0.000915216701105237 0.00190206745173782 0.00295281312428415 0.00586652797646821 0.000907631550217047 0.00127592056524009 0.000706266041379422 0.00129140390199609 0.00230638578068465 0.00055119588796515 0.00195213756524026 0.00291786259040236 0.00385430944152176 0.0074146622326225 0.0031709143309854 0.00290180221199989 0.000701358896913007 0.000760412128875032 0.000932361523155123 0.00145723498426378 0.000744914088863879 0.00176464245887473 0.00278623375343159 0.00418862311635166 0.00388246502261609 0.000667395326308906 0.00258191392058507 0.00523246601223946 0.00360451168380678 0.00192522972356528 0.00341991672758013 0.0133324144408107 0.0746581181883812
0.000219924499106128 8.23647889774293e-05 0.000226646027294919 0.000171807080914732 7.54842862079386e-05 0.000107018942799186 0.000113565698848106 0.000135621063964209 0.00017861375308712 9.84610327577684e-05 8.55792786751408e-05 0.000207690452225506 0.00330597818829119 0.00225095662754029 0.00152530481573194 0.0099540626630187 0.018058374710381 0.00101842589210719 0.001924401614815 0.00251518143340945 0.0203149737790227 0.00599778117612004 0.00204150937497616 0.00172232112381607 0.000886727264150977 0.000646876136306673 0.000809880526503548 0.00182198898401111 0.00221397005952895 0.00439982772804797 0.00257306239800528 0.000807912021991797 0.00450367906596512 0.00247377177001908 0.00227207918651402 0.00483808617573231 0.00390592822805047 0.00954541554674506 0.00496121000032872 0.00373182203620672 0.00571387331001461 0.00415977593511343 0.00613729956094176 0.00291078627342358 0.0039152339566499 0.00380409359931946
0.000392908917274326 8.33604353829287e-05 9.37929344217991e-05 9.41493533900939e-05 7.4207866055076e-05 9.16949429665692e-05 7.43497497751378e-05 0.000110706456325715 0.000117499669431709 0.000121107841550838 0.000140522649599006 0.00111291888169944 0.000211521866731346 0.00236260357778519 0.00490887695923448 0.0021217814530246 0.00115553489886224 0.00949800619855523 0.01067079519853 0.0117065952159464 0.0048915138002485 0.0139408907853067 0.0126919838599861 0.0150040058419108 0.00372672462835908 0.00132394048850983 0.00429706235881895 0.00352691649459302 0.00232381368987262 0.00494443387724459 0.0106183448340744 0.00320166943129152 0.000510445877443999 0.00309809097088873 0.0024627527454868 0.00342840570956469 0.0108804241288453 0.00610132538713515 0.0043176640290767 0.00587338884361088 0.00389423533342779 0.00436992570757866 0.00409974963404238 0.0051669170614332 0.010716889007017 0.0125891639385372
0.00653576059266925 0.00364189299289137 0.00658708368428051 0.00552507964894175 0.00850315461866558 0.00696587255224586 0.00413378339726478 0.000339775366592221 0.00105910122510977 0.00049357102252543 0.000952996517298743 0.0082401140127331 0.00718045202083886 0.0120528829284012 0.00577883622609079 0.00554268604610115 0.00394986290484667 0.0023840339272283 0.00220995378913358 0.00148994972114451 0.0011308905435726 0.00055544349597767 0.00510141621343792 0.00578679009340703 0.00905329342931509 0.0171668094582856 0.010231595672667 0.00106568258488551 0.00233381175203249 0.00488246404565871 0.00128165585920215 0.00143509688787162 0.00311847069533542 0.0064705467550084 0.00548052527010441 0.010116851888597 0.00098907396895811 0.0112456599250436 0.00894189039245248 0.0155211581848562 0.0143492354080081 0.0107585752848536 0.00726245830301195 0.00650474275462329 0.00791544453240931 0.00963712874799967
0.00310434598941356 0.00518674640916288 0.0109958243090659 0.0153177722357213 0.00482573173940182 0.00289216216187924 0.00243190905312076 0.0098595772869885 0.00525209419429302 0.00373641869518906 0.0067176281940192 0.00793531583622098 0.00195984543533996 0.0043521856656298 0.00174824063433334 0.00531982018146664 0.00272283689118922 0.00124846175312996 0.00134090147912502 0.000947969674598426 0.000469327715109102 0.00321067796321586 0.00433743593748659 0.00120323649025522 0.00556643391028047 0.0183618955314159 0.0184845964424312 0.0163846011273563 0.017503163870424 0.0272665852680802 0.0198171012103558 0.0312380280345678 0.00275908189360052 0.003890336654149 0.0134570252150297 0.00274200495332479 0.0155751027166843 0.00897782617248595 0.0095917000900954 0.00634655789472163 0.00797904771752656 0.00934528498910367 0.00555472269188613 0.00615737109910697 0.00574785037897527 0.00939419753849506
0.00403799609048292 0.00187544856453314 0.00532556152902544 0.00258274238440208 0.0297737717628479 0.00296943453140557 0.00163873779820278 0.00290494200307876 0.00689802847336978 0.000581318361219019 0.000873394098016433 0.000966613521450199 0.00421972984913737 0.00161036957288161 0.00143938749097288 0.00111666489392519 0.000383300503017381 0.000794712622882798 0.000484682578826323 0.000626715424004942 0.000251732222386636 0.000493098239530809 0.000460025711799972 0.000134182994588627 0.000489258560992312 0.0011773775331676 0.000565435094176792 0.00123628186993301 0.000738933909451589 0.000417882524197921 0.00420141611248255 0.00373442289419472 0.00312468277988955 0.0040956714656204 0.00289015497546643 0.00759512283839285 0.00291825248859823 0.00413939212448895 0.00330127493944019 0.0160038848407567 0.0116588562726974 0.00362398053985089 0.00425348242279142 0.00157491018762812 0.00177042618161067 0.00464584289584309
