Scripts_&_data/Maxent_result_files_2/B_barbutellus_3.asc
NCOLS 594 
NROWS 330 
XLLCORNER -15 
YLLCORNER 23 
CELLSIZE 0.166666666666667 
NODATA_value -9999 
[rows 60 to 79 of 330, columns 460 to 505 of 594]
0.000151643551362213 8.93015312612988e-05 9.03156054846477e-05 9.38979115744587e-05 9.57412230491173e-05 9.73970287304837e-05 9.88605832390022e-05 0.000102588943991577 0.000107975365972379 0.000114241368282819 0.000118882209062576 0.000168145261704922 0.00019893412681995 0.000135946890077321 0.000152811117732199 0.000159125647769542 0.000154073744488414 0.000149825769767631 0.000150915278209141 0.000145751480886247 0.00014519023388857 0.0001495156880992 0.000133202836877899 0.00032752733095549 0.00038445970567409 0.000352275789191481 0.000226249299885239 0.000177434723445913 0.000195339730271371 0.000125374555500457 4.86880162497982e-05 4.18056941271061e-05 3.74816419935087e-05 3.30567694618367e-05 5.63955250981962e-05 2.78623489066376e-05 2.67894842181704e-05 2.57056562986691e-05 2.50961511483183e-05 2.49166136200074e-05 2.40388835663907e-05 2.26545463192451e-05 2.24558370973682e-05 2.20302707020892e-05 2.1868768362765e-05 2.09668825846165e-05
9.25973748962861e-05 9.55760951910634e-05 0.00015324359992519 9.87610430456698e-05 0.000123995480680605 0.000163128034910187 0.000105322383751627 0.000110507848876296 0.000162999486929039 0.00019050335540669 0.00012158864774392 0.000122393337369431 0.00017716204165481 0.000133945522975409 0.000150122889317572 0.000163546876137843 0.000158336294407491 0.000156631445861422 0.000152133105439134 0.000146363196108723 0.000146369094727561 0.000149228123336798 0.000140208493394312 0.000255171499156859 0.000346848949266132 0.000255721772555262 0.000210768090983038 0.000181588207487948 0.000133333409030456 5.72399094380671e-05 0.000107392299833009 8.89828486833721e-05 7.22865548596019e-05 6.50782279990381e-05 3.05039679005858e-05 5.35769406269537e-05 2.89813093331759e-05 2.84900772385299e-05 2.80567819572752e-05 2.73821613518521e-05 2.64105608948739e-05 2.5255018590542e-05 2.36956831031421e-05 2.33239204135316e-05 2.25197679355915e-05 2.2106776941655e-05
9.71371504419949e-05 9.9265525204828e-05 0.000101218448253348 0.000346300906676333 0.000390837539453059 0.0001483033036493 5.2601273637265e-05 0.000102464285009773 8.95304910955019e-05 0.000224347614857834 0.000126178534264909 0.000129569039563648 0.00019940098063671 0.000133931996242609 0.000237480474606855 0.00016385650014854 0.000161717926675919 0.000159513967082603 0.000155130725033814 0.000154065958486171 0.000151812779222382 0.000183508356712991 0.0001449428149499 0.000449169700732455 0.000264693841745611 0.000179922800089116 0.000188141546459519 0.000336277410679031 0.000227494804130401 0.000129140957869822 0.000155245036148699 0.000102101363881957 3.91098041291116e-05 6.29867699899478e-05 7.39234601496719e-05 0.000133489350264426 0.000180335037293844 8.30976932775229e-05 6.76104202284478e-05 2.89021994831273e-05 2.78003037237795e-05 2.69252908765338e-05 2.5970303795475e-05 2.49266367063683e-05 2.43292313825805e-05 4.40121315477882e-05
0.000103237569419434 0.000104041216400219 0.000104931605164893 0.000108083162194816 0.000177753549360204 0.000115384708624333 0.000190376205136999 0.00017448829166824 0.000128408821183257 0.000132177348859841 0.000133871836442268 0.000136395478330087 0.00013853616110282 0.000175524590304121 0.000250355692696758 0.000166632756736362 0.000164310832769843 0.000162243239174131 0.000154281318100402 0.000268387491814792 0.000303383635764476 0.000152158687706105 0.00014621676018578 0.000292234003427438 0.000377029742230661 0.00023964361025719 0.00034699283860391 0.000181980861816555 0.000124445293477038 0.000113532351679169 0.000163682559650624 0.000345271341211628 8.72169068315998e-05 3.97791573050199e-05 6.55299176287372e-05 3.32926643750398e-05 6.1881476722192e-05 9.5481858443236e-05 1.34040001739777e-05 2.94080178719014e-05 2.36011234846956e-05 5.93433553149225e-05 2.73484492936404e-05 2.6234686083626e-05 2.55602865763649e-05 2.48815974373429e-05
0.00010514165260247 0.000104481304151705 0.000109670383972116 0.000115538737009047 0.00012001436916762 0.000123861599422526 0.000126509132678621 0.000129017276049126 0.000164038591901772 0.000137060599809047 0.000142790830432205 0.000141421754960902 0.000154683793516597 0.000162465372704901 0.000172360248689074 0.000169349584757583 0.000166987735428847 0.000156001100549474 0.000152015191997634 0.00027124931657454 0.000306091437232681 0.000117718609180883 0.000225924141705036 0.000129295037913835 0.0002145163321984 0.000207657323335297 0.000176052173628705 0.00019437889859546 0.00016085713650682 0.000115536263183458 5.80942833039444e-05 9.63906946708448e-05 4.6597216714872e-05 4.32749604442506e-05 3.97676174543449e-05 3.76103389498894e-05 3.3521651130286e-05 7.45095853744715e-06 7.81041633217683e-06 1.25740434668842e-05 8.34037323329539e-06 9.94747468212154e-05 2.82996008536429e-05 2.73929406830575e-05 2.62648818534217e-05 2.53235151831177e-05
0.000225133323692717 0.000240288428904023 0.000118920156819513 0.000122603519412223 0.000126685327995801 0.000127676609554328 0.000130900507065235 0.000133617829851573 0.000134578996949131 0.000221552893344779 0.000141311482730089 0.000155380123760551 0.00018030108185485 0.00022106864489615 0.000178550941927824 0.000178213106119074 0.000174613459967077 0.000169259688846068 0.000161559658590704 0.000150566000957042 0.000230769380868878 9.76268314843765e-05 0.000281023469869979 0.000234181981068104 0.000269118184223771 0.00020896467831335 0.000199467437050771 0.000152485308353789 6.77685933624161e-05 5.71392298297724e-05 4.8137938574655e-05 4.4194941619935e-05 4.10224443839979e-05 3.81533352992847e-05 3.6603225817089e-05 3.48534800650668e-05 3.5428678165772e-05 3.56115908289212e-05 3.55535947164753e-05 3.72351641999558e-05 3.17654683385626e-05 3.09727076455602e-05 8.49376639962429e-05 6.31670916391158e-06 2.78752817393979e-05 9.71110744103498e-06
0.00020268526423024 0.000176984322752105 0.000124613274238072 0.000205549303791486 0.000133206843747757 0.000136761533212848 0.00013939612545073 8.76513453476946e-05 0.000810049183201045 0.000113877981857513 0.000151030575216282 0.000160544194659451 0.000172343642771011 0.000182441118522547 0.000178691754263127 0.000173511783214053 0.000172952136927051 0.000168337835202692 0.000300852955842856 0.000278540831641294 0.000141827034894959 0.000245782926504035 0.000213449999500881 0.00038018407067284 0.00025174150505336 6.9228950451361e-05 8.65651883941609e-05 6.72975347697502e-05 5.48718999198172e-05 4.59639659311506e-05 4.36919675848912e-05 4.20749511249596e-05 4.06285033022868e-05 3.9852233385318e-05 3.97708909076755e-05 4.12854780734051e-05 3.99132421080139e-05 6.09810424066382e-05 3.6413581983652e-05 5.79628926061559e-05 2.18560810026247e-05 7.92066286521731e-05 1.43946685966512e-05 4.98181543662213e-05 7.74794611061225e-05 1.04915053952936e-05
0.00012257195339771 0.000389180328056682 0.006079081306234 0.000138797656109091 0.000327640333853196 0.00251066751079634 0.000402769791253377 0.000357217210694216 0.00212330346694216 0.000398614339064807 0.000172276054945542 0.000186259417387191 0.000179763292544521 0.000355760895763524 0.000504372510476969 0.000595952625735663 0.000263683374214452 0.00017500289795862 0.000408341447473504 0.000413085008040071 0.000200047098041978 0.000218851924000774 0.000217416488158051 0.0001922507515701 0.000191380477190251 0.000152018362859963 5.84121251449687e-05 5.22631968124188e-05 7.47430971387075e-05 3.49920637745527e-05 1.61001591550303e-05 4.65500092104776e-05 3.03184455333394e-05 4.6572145583923e-05 3.08181699438137e-05 9.24973448945821e-06 1.17151173981256e-05 1.02874268122832e-05 3.14974542561686e-05 3.73611386748962e-05 2.79924411188404e-05 3.1705647779745e-05 3.73718983610161e-05 3.62170648259053e-05 0.000151044906669995 -9999
8.09724413556978e-05 0.000258685129665537 0.000607249111635611 0.00184476867434569 0.00360534968785942 0.000101232176893973 8.46902161356411e-05 0.000215878222661559 0.00172137243207544 0.000168130089150509 0.000325160112697631 0.000452572567155585 0.000275231808336685 0.000303831452038139 0.00025401236343896 0.000290944222069811 0.000211561965988949 0.000423385406611487 0.000170926233113278 0.000270634149637772 0.000692063075257465 0.000337165928067407 0.000136960948293563 3.70761710655643e-05 3.94215201595216e-05 2.59910031672916e-05 2.56617787272262e-05 1.93844738987536e-05 4.47087599241058e-05 3.41401069817948e-05 2.89989822704229e-05 2.11308374673536e-05 1.80110519977461e-05 2.1442087017931e-05 7.9303108213935e-05 1.39959487114538e-05 1.2718604989459e-05 1.99565948605596e-05 4.3134655970789e-05 3.93998107028892e-05 0.000100863206171198 0.000161940129328286 3.46535472999676e-05 3.46017674019095e-05 3.74087083400809e-05 -9999
0.000933708465890959 0.00184227525023744 0.00193470729282126 0.000739706752938218 0.00580248064361513 0.00391053583007306 0.00016059770132415 0.000168936209229287 0.000174165829957928 0.000318127997161355 0.000335311546223238 0.000957783363992348 0.000591108677326702 0.000392622780054808 0.000257665144454222 0.00233929044334218 0.00135993945877999 0.000302462461695541 3.03636354146875e-05 6.44879204628523e-05 1.68012463518608e-05 2.37242558114303e-05 0.000176909899164457 3.57569490006426e-05 2.36461262375087e-05 0.000307704832812306 0.00108954757160973 4.75254078082799e-05 5.36589968760381e-05 3.8645624408673e-05 1.80674607690889e-05 0.000165817722881911 1.3779038681605e-05 9.27446690184297e-06 9.68846463820228e-06 6.12604577327147e-05 1.64149476404418e-05 1.32416910219035e-05 5.11416290464695e-05 1.83219371137966e-05 1.19210513275902e-05 3.80471254175063e-05 3.65235768185812e-05 3.52116689100512e-05 3.46613640431315e-05 3.32287184392044e-05
0.000408183013496455 0.000232636911823647 0.000485011532146018 0.0090633294545114 0.000223620895121712 0.00016635762876831 0.00017150178537122 0.000315839846734889 0.000514723733067513 0.000842714347527362 0.000931188478716649 0.000986872229259461 0.00033467036410002 0.00171057929401286 0.000242229434661567 0.000171703203523066 0.000132808298440068 0.000117168770884746 4.43148145677696e-05 0.000163831077588839 5.30850709765218e-05 0.000589706105529331 0.000187553077557823 0.000159288106442546 0.000296868040459231 0.000537407631054521 0.000393240475386847 0.000103132742697198 0.000141382508445531 6.00370336542255e-05 4.4597969554161e-05 6.25797052862254e-06 3.08051718093338e-05 6.38242563582025e-06 2.60070049989736e-05 2.62889614532469e-05 4.13581226894166e-05 0.000551438541151583 6.99178426657454e-05 0.000917818234302103 1.12145760567728e-05 1.26993836147449e-05 1.78207545104669e-05 2.75484965641226e-05 3.58053774107248e-05 3.58076833435916e-05
0.000498465145938098 0.00108658050885424 0.00589920091442764 0.00937989000231028 0.000383286479336675 0.000173541787080467 0.000364307753625326 0.000353165212436579 0.000336663229973055 0.000343978221644647 0.000514088262571022 0.00344919838244095 0.00830761883407831 0.000136268846836174 5.03060166010982e-05 6.99903932400048e-05 9.48345084907487e-05 0.000630712235579267 0.00041665279713925 0.000787746693822555 0.000916678458452225 0.000507088619633578 0.000596324815705884 0.00102771226956975 0.00016985605834634 0.00014693488337798 0.000340938195586205 0.000179128892705194 5.1743676795013e-05 4.15779052673315e-05 4.30957707067137e-05 6.18622780166334e-05 0.000103512304121978 2.09872263440047e-05 6.19042843027273e-05 1.97860179468989e-05 8.48672916617943e-05 6.11931165622082e-05 6.92907233315054e-05 2.35979318858881e-05 0.000736522641091142 0.000385565614851657 1.54018864577665e-05 1.32806298097421e-05 7.28183760656975e-05 2.67589283794223e-05
0.00353955271421 0.00590177562553436 0.0114706527907401 0.00143556352704763 0.000318339437944815 0.0004069258866366 0.000544646507478319 0.00089233172184322 0.00100535308592953 0.00134199315798469 0.00665539084002376 0.00426778898108751 0.000167531595070614 0.000756502448348328 0.00149336569011211 0.00271166959428228 0.0012961549218744 0.000840422947658226 0.000505874142982066 0.000249113699101144 0.000256534728396218 5.42635745659936e-05 4.89276832013275e-05 0.000331155951425899 0.000183056521927938 0.00173290327657014 0.00180165244964883 0.000803470131359063 0.000850923880352639 8.60226618897286e-05 0.000600264579406939 6.85394777519832e-06 7.52692353671591e-06 0.000105758265999611 0.000419649067043792 5.08453995280433e-05 6.72287513225456e-05 2.30285586440004e-05 1.92439048078086e-05 2.14373596463702e-05 2.99372627523553e-05 0.000200989987206412 0.00122277711343486 0.00175429066293873 4.18834966694703e-05 6.17237128608394e-05
0.00180798126384616 0.000682487635640428 0.000548446597531438 0.000538708060048521 0.00047512628370896 0.00079914836678654 0.000803186430130154 0.00230851008091122 0.00991833270527422 0.0020434450765606 0.00906892074272037 0.000282924050407019 0.00194397494196892 0.000299087812163634 0.000489221661700867 0.000117893003698555 0.00254677811171859 0.00111267801257782 0.000116190679364081 0.000253992444777396 0.000236003716418054 0.000219649916834896 0.000221559329656884 4.99695024700486e-05 0.000121531822878751 0.00024507606831321 0.000495556203532033 0.000162128887313884 8.53361141707865e-05 1.39905476089552e-05 4.40088685536466e-05 8.09231240054942e-05 1.05752361832856e-05 3.96747220293037e-05 0.000124909355508862 0.000726393167860806 5.31425388544449e-05 3.19244669299223e-05 6.72870235575829e-05 4.74076461614459e-05 4.58042455647956e-05 3.77747817765339e-05 4.41069227235857e-05 0.00270293860230595 0.000815926818177104 4.17434463088284e-05
0.000814133606036194 0.000581916092778556 0.000567598265479319 0.00608755485154688 0.0125803904607892 0.0115633816458285 0.00368431535316631 0.00227015659911558 0.00377812781371176 0.000465917523251846 0.00179270634544082 0.000453992736584041 0.00153331783949397 0.000567130403942429 0.000203309637436178 0.000409213383682072 0.000502242699440103 0.00134116520057432 0.000417860975721851 0.000178904613130726 5.95020454056794e-05 0.000151073095912579 6.51945418212563e-05 0.000267233724298421 0.00156612430000678 0.00242621934739873 7.21598791642464e-05 0.000261169837904163 5.77282442463911e-05 5.16394494297856e-05 3.30691050294263e-05 1.33915570131649e-05 1.1911092678929e-05 7.81364600697998e-05 0.00032819174521137 0.00024595969443908 0.000514843972632661 5.40787556019495e-05 2.79002364550252e-05 4.1817362580332e-05 4.1541170412529e-05 5.13269671500893e-05 0.000243001680064481 0.000809664689586498 0.00243200901895761 0.00029301717368071
0.00811800165101886 0.0174613041803241 0.0190330658107996 0.00167112788767554 0.00771285896189511 0.000543654218199663 0.00113398213288747 0.000325162489025388 0.000848951729130931 0.0007227901587612 0.000465762287785765 0.00047526984999422 0.000296573269588407 0.000492712722916622 0.000776808249065652 0.00144823929294944 0.000444730019080453 0.000649164685455617 0.00116844664444216 0.000122339524386916 6.37594053841894e-05 0.000100969460254419 0.000139919846333214 0.000207993172807619 0.000238752592849778 0.000999614596366882 4.22801810600504e-05 7.88293322329992e-05 1.85091966159234e-05 1.73781013472762e-05 3.19294154905947e-05 4.09379271332e-05 2.72464835688879e-05 1.62691982495744e-05 0.00105082846130244 0.000118269164886442 7.0563675944868e-05 0.000196882346062921 0.000364686192187946 6.48263900075108e-05 4.6573399049521e-05 5.21952650160529e-05 5.24583274454926e-05 4.90301394165726e-05 6.53180995868752e-05 0.000336012099432992
0.0108199115842581 0.00394560962449759 0.00365920236799866 0.000707597618747968 8.90137136593694e-05 4.45101899458677e-05 4.93859964080912e-05 0.00020869637683063 0.000712311881943606 0.00292447074316442 0.000689458067063242 0.00148173766792752 0.000423952615528833 0.00124135904479772 0.00122880668495782 0.000942901324015111 0.00061697992059635 0.000529399105289485 0.00145254057715647 9.96401613519993e-05 0.000124777025121148 8.73023071108037e-05 0.000337037819554098 0.00029121428669896 4.92480172397336e-05 0.000130453527890495 0.000394911720650271 6.092489547882e-05 2.51957373166078e-05 9.47015892961645e-05 9.39637986448361e-05 5.44472844921984e-05 0.000123515283485176 0.000300842865544837 0.00364444565493613 0.00100880074023735 0.00124505573767237 0.00188000780763105 0.0011327693820931 3.80761549422459e-05 6.35021506241173e-05 2.51221384132805e-05 3.16687452141196e-05 0.000123102948055021 9.6533732721582e-05 4.77049545224872e-05
0.00179947720607743 0.000961380655644462 0.000734104431467131 0.000297726385178976 0.00015061375379446 0.000141075514329714 5.01309637911618e-05 0.000205973418269423 0.000968626377289183 0.00281086557079107 0.00112574646482244 0.000822237046668306 0.000173992246709531 0.000101195567185641 6.09376560532837e-05 1.99325427274744e-05 5.92590584346908e-05 0.000237441398348892 0.00178153729066253 0.000175879966991488 0.000183623495104257 9.59272958425572e-05 0.00133111300528981 0.000151695468230173 0.00189616050338373 0.00242812766227871 0.00018522134196246 9.15043396162218e-05 0.000299404544057325 0.000140162028401392 4.19258335568884e-05 3.33712562678556e-05 2.33686337651307e-05 3.04368160868762e-05 0.000189977960690157 0.000103750252674217 0.000768300323397853 0.000497707304020878 0.000188279173016781 8.29006981803104e-05 0.000256189038191223 2.2326986322696e-05 6.71220792355598e-05 7.59190568714985e-05 4.55104654975003e-05 2.54516779023106e-05
0.000756974899559282 0.000536784851283301 0.000540057895705104 5.237874966042e-05 7.16199768248771e-05 9.87460311080213e-05 0.000150270687299781 0.00135135729797184 0.000619115713925567 0.000430553653859533 0.000822663871804252 0.000954248252674006 0.0011647511535557 0.000351456788484938 0.000306928418285679 4.28092340371222e-05 7.55176319216844e-05 6.40718680188002e-05 3.79474960027437e-05 3.74526104678807e-05 5.57484594537527e-05 0.000174593795964029 0.000474332098383456 0.000289327067730483 0.000806376436958089 6.64750345094944e-05 1.76161798890462e-05 1.57713103135393e-05 2.99414765322581e-05 3.48208493960556e-05 3.38669803568337e-05 6.33226638456108e-05 5.94790555624058e-05 2.03188841624069e-05 2.01971283786406e-05 2.46533191329945e-05 5.24515263350622e-05 3.78658725821879e-05 2.3226414941746e-05 1.07612497117771e-05 6.06948896347603e-05 9.28186816963716e-05 3.25846011946851e-05 2.83513249996759e-05 2.02891329990962e-05 1.30452888924992e-05
0.000395454812678508 0.000335342105972813 3.82733986043604e-05 2.17113194139529e-05 7.93161034380319e-05 0.000238909545441857 0.000152730186528061 0.000659148304839619 0.00134410650935024 0.000156215664173942 0.00118941284890752 0.000903584694606252 0.000458354927832261 5.99446962041839e-05 4.31900306921307e-05 1.99279687876697e-05 6.68496817525011e-05 2.32835749102378e-05 3.56472082330583e-05 9.9891737136204e-06 1.53861862145277e-05 4.09642110753339e-05 9.12403225811431e-05 3.3340912341373e-05 3.60717018338619e-05 0.000195858985898667 5.47183246453642e-05 2.70434267349628e-05 5.95875058024831e-06 6.41219189674302e-06 1.4242360884964e-05 1.50660932604296e-05 1.24804483675689e-05 3.11828376652556e-05 1.93307210565763e-05 9.96296525954676e-06 1.33239111164585e-05 7.02595907569048e-06 1.04403218415428e-05 2.09870088383468e-05 0.000126069080397428 0.00016701678323443 1.31486694044725e-05 2.20021080622246e-05 7.99575964265387e-06 6.17603725459048e-06
