Scripts_&_data/Maxent_result_files_2/B_barbutellus_3.asc
NCOLS 594 
NROWS 330 
XLLCORNER -15 
YLLCORNER 23 
CELLSIZE 0.166666666666667 
NODATA_value -9999 
[rows 140 to 159 of 330, columns 506 to 551 of 594]
0.00119699418428354 0.00118305003852583 0.00156697035417892 0.00105563072720543 0.000709541933611035 0.000947804481256753 0.000935276900418103 0.000682325017987751 0.000913568411488086 0.000690929879783653 0.000617076802882366 0.000971323196426965 0.000704240045160986 0.000998367881402373 0.000479746234486811 0.00111220658291131 0.00077654529013671 0.000799495354294777 0.000608209584606811 0.000842747077695094 0.000668483105255291 0.000937901038560085 0.000981807595235296 0.00101579337497242 0.00105654385115486 0.00107153223943897 0.00146638228325173 0.00140333491144702 0.00186461887205951 0.00129326001624577 0.00124373185681179 0.000845972142997198 0.000805200278409757 0.000210572690775734 0.00106705764774233 0.000763231230666861 0.00156851951032877 0.0008438735967502 0.000525803409982473 0.000874580425443128 0.00100163416936994 0.000372679762949701 0.000250651194073725 0.000861873960820958 0.000814811390591785 0.000929454932338558
0.00112849900033325 0.000295873668801505 0.00103383433888666 0.000999836402479559 0.000925049086799845 0.000887680737650953 0.0011833124095574 0.000649758279905654 0.000634239710052498 0.000865240325219929 0.000645720557076856 0.000768106887699105 0.0004674786090618 0.000679066454176791 0.000694078509695828 0.00070957473362796 0.000739900695043616 0.000763275209465064 0.000764883717056364 0.000772529843379743 0.000799236376769841 0.00082868101017084 0.000887075511855073 0.0009246854839148 0.00100661309843417 0.001049388377578 0.00105423955537844 0.00100917982344981 0.00100339240743779 0.000958868992165662 0.00176369498367421 0.00127418651827611 0.000538249786768574 0.000823685759678483 0.00077489034156315 0.000990792363882065 0.00110274110338651 0.000767616013763472 0.000487527952645905 0.000317309080855921 0.000740354842855595 0.000643662737275008 0.00018642590730451 0.000495254987617955 0.000527409318601713 0.00107335906941444
0.000955495936796069 0.000923206354491413 0.000903367268620059 0.000697990864864551 0.000637949153315276 0.0006138152704807 0.000826192784006707 0.000618087715702131 0.000606710356078111 0.000607757244142704 0.000617101363604888 0.00086654158658348 0.000640400731936097 0.000641172600444406 0.000674584854277782 0.000703346225782298 0.000711409898940474 0.000712472302257083 0.00072751336847432 0.000757162255467847 0.00075215233664494 0.000774819741491228 0.000844227714696899 0.0009327103063697 0.00100240918982308 0.00105331813683733 0.00105588144797366 0.00106546273746062 0.00103972275974229 0.000999838850111701 0.000953539650072344 0.00174615948344581 0.00130153317004442 0.000845790788298473 0.00119240676867776 0.00102427918463945 0.000645470365998335 0.000997188629116863 0.00057890257157851 0.000519260979490355 0.00124725021305494 0.000456489417410921 0.000612645974615589 0.000828055871534161 0.000691412729793228 0.000770388983073644
0.000857942900620401 0.000625305838184431 0.00055045867611625 0.00262354433616565 0.000820294112781994 0.00058893385285046 0.000816942122764885 0.00060785302775912 0.000596053418121301 0.000593115034280345 0.000895506754750386 0.00026669052822399 0.00020892357606499 0.000935295238741674 0.000890604147571139 0.00100777785410173 0.000864446957712062 0.000970788043923676 0.00101158931502141 0.000745022806222551 0.00113540918100625 0.00112510754843242 0.000851320583024062 0.000925441650906578 0.00101651940203737 0.00107693275203928 0.00112072078918573 0.00179164534201846 0.00110659729980398 0.00105540996300988 0.00100029439490754 0.000940833214554004 0.00099089062132407 0.000558528913825285 0.000594714970793575 0.000729820868582465 0.00105539198266342 0.000474425908760168 0.0005553238093853 0.000880922892247327 0.000851341662928462 0.000805453676730394 0.000767425372032449 0.000542465670150705 0.000523543819144834 0.00071928339311853
0.000587454251945019 0.000575459434185177 0.000578234807471745 0.00058163815701846 0.000584999160491861 0.000785729481140152 0.000808236753800884 0.000414613931206986 0.0001815502788304 0.000818517885636538 0.000846900392207317 0.000632100406801328 0.000616787327453494 0.000833543558837846 0.000947475823340937 0.00111434347345494 0.000473458861233667 0.000536401569843292 0.000729487399803475 0.00110091132228263 0.00154300656868145 0.000305780598864658 0.000372005859389901 0.00117029453977011 0.00139667998300865 0.00147681392845698 0.00216200822615065 0.00158592994557694 0.000981485232478008 0.0010284371994203 0.000970163234160282 0.000917455751914531 0.000854566189809702 0.00114461460325401 0.000754490049439482 0.00101349436154123 0.000979739919421263 0.000726640954962932 0.00045311696594581 0.000471956873661838 0.00050397357554175 0.000567816037801094 0.00049662860983517 0.000816724257310852 0.000758014956954867 0.000478707494039554
0.00054738241888117 0.000548153350246139 0.00054602125310339 0.000560659312759526 0.000757702827104367 0.000738386993180029 0.000795231721713208 0.000454960434581153 0.000806296823429875 0.00042500311974436 0.000681351576349698 0.000935183209367096 0.000485496129840612 0.000509980661445297 0.000478675990598276 0.00260731693124399 0.000525957316858694 0.000979502772679552 0.00111211400362663 0.00111131384037435 0.000659293631906621 0.00128455230151303 0.000730249119806103 0.000723694293992594 0.00148353248368949 0.0013927279273048 0.00156047086347826 0.00158986754831858 0.001077461685054 0.00101297886867542 0.000936244009062648 0.00133478227071464 0.00124098638771102 0.000855596148176119 0.000634305129642598 0.000999801731086336 0.000453199181356467 0.000433463891386054 0.000422895463998429 0.000424897106131539 0.000410632026614621 0.000444144968059845 0.000449741378542967 0.000389921801979654 0.000285575065936428 0.000570868002250791
0.000520253641298041 0.000755709083750844 0.00073780398524832 0.000717458984581754 0.000726710926392116 0.000548059699940495 0.000824307725997642 0.00039830461028032 0.000414472474949434 0.000440845670527779 0.000478845200268552 0.000498288962990046 0.000452872950700112 0.000828391819959506 0.000561263703275472 0.000936472113244236 0.000512159397476353 0.000518994076992385 0.000667262956267223 0.00110571507248096 0.00115387219702825 0.000703393394360319 0.000981379361473955 0.00134868068853393 0.00131078216363676 0.00156143348431215 0.000848712428705767 0.00103284275683109 0.0015832656994462 0.00148073258460499 0.00130584844737314 0.000703143412829377 0.00062167840951588 0.00083464625349734 0.000164987468087929 0.000133360996187548 0.000599783495999873 0.000418478180654347 0.00045548754860647 0.000402184936683625 0.000468478226684965 0.000458489672746509 0.000425555516267195 0.000404687275295146 0.000520242226775736 0.000426651096495334
0.000422464040457271 0.000949691160349175 0.000696687531308271 0.000766666993149556 0.000785797525895759 0.00055174836597871 0.000422125414479524 0.00155264239292592 0.00057234167761635 0.000726971737458371 0.00044677950500045 0.0011483196169138 0.000491393386619166 0.00047458988847211 0.000687420496251434 0.000551150084356777 0.000734374320018105 0.000545604937360622 0.00054819167999085 0.000637437152909115 0.000621351273730397 0.000614644287270494 0.000334363221554668 0.000310370420265826 0.000253427023926633 0.00143800456426106 0.000789657988934778 0.000898046229849569 0.000737858208594844 0.000714892777614296 0.000785437456215732 0.000717099773464724 0.00345033199992031 0.000510555299115367 0.00253717135637999 0.000553363814833574 0.000248125204234384 0.000540099176578224 0.000527856734697707 0.000486039571114816 0.000430217903340235 0.000700020007207058 0.000384137945366092 0.000390523902024142 0.000678518618224189 0.000406172007205896
0.000597622490022331 0.000712615138036199 0.000732210249407217 0.000759521970758215 0.000384077327908017 0.00169541194336489 0.00274875012692064 0.000497056019958109 0.000484543511993252 0.000449998900876381 0.000485562803805806 0.00180866476148367 0.000460432432009839 0.000493279768852517 0.000560133505496196 0.000515062469639815 0.000630156954866834 0.00122708051931113 0.00141402155859396 0.00355874362867326 0.000574699425487779 0.000712264719186351 0.000166307303243229 0.000229141827549029 0.000202058037939423 0.0007216228521429 0.000742579958750866 0.000699556097970344 0.00067096876737196 0.000935762593871914 0.000633470606408082 0.00127636767574586 0.00139495643088594 0.00151522301603109 0.000703447786509059 0.00239304625429213 0.00255323856836185 0.000102214550497592 0.000402301056601573 0.000785002679913305 0.000777467226726003 0.000381293069222011 0.000460647442378104 0.000618669370305724 0.000390515508479439 0.000424828790710308
0.00059868851385545 0.000760927397641353 0.000808162431349047 0.00085671525739599 0.00115938175003976 0.0017289561626967 0.0013234943151474 0.000641715619713068 0.000464994175126776 0.000703906215494499 0.000487711650202982 0.00286795211723074 0.000776235439116135 0.000515550631098449 0.00075426213152241 0.000983981636818498 0.00278162197209895 0.000519698116113432 0.000527550998958759 0.000535296200541779 0.00053990468441043 0.00058253881870769 0.000599620502907783 0.000675942122325068 0.000693556582700694 0.00281962227309123 0.00378987826406956 0.0011858441575896 0.000613821763545275 0.00063086538866628 0.00230707090813667 0.00341800126479939 0.00219735914142802 0.000778595780138858 0.000442695742822252 0.000393444756628014 0.000387298475834541 0.000375027806148864 0.000122320362424944 9.95103866443969e-05 9.32015358557692e-05 0.000286715914262459 0.000413023872533813 0.000386475949198939 0.000484056861023419 0.000466621914529242
0.00118962920387276 0.00123071087291464 0.00088709604460746 0.00088547557243146 0.00190276801586151 0.00195187706267461 0.00150086364592426 0.000978695310186595 0.000561247646692209 0.000500754406675696 0.000537249646731652 0.0029367362963967 0.00305307821836323 0.00212326690088958 0.00128518827841617 0.00142285975744016 0.00175717223901302 0.000517164726625197 0.000531702666194178 0.000542912946548313 0.000582909616059624 0.000598425237694755 0.000735903810709715 0.00065466383821331 0.000667485262965783 0.000664442437118851 0.000653057362069376 0.000627884286222979 0.000631420643185265 0.000749486038694158 0.000561546010430902 0.000539386476157233 0.000491388019872829 0.000455269168014638 0.000435189891140908 0.000407455675303936 0.000387454679002985 0.000375267540221103 0.0011713404674083 0.000595551708829589 0.000386000858270563 0.000111236304292106 0.000135185871840804 0.000572626321809366 0.00215126910479739 0.000532296480378136
0.000477921435958706 0.00102234537480399 0.00101884885225445 0.000844419279019348 0.00103412989992648 0.000954507099231705 0.00111454112338834 0.00100873605697416 0.000651848662528209 0.000492802675580606 0.000525025199749507 0.0027803480043076 0.000503747569746338 0.000955858390079811 0.000545187105308287 0.000533852737862617 0.000549309587222524 0.000562337451265194 0.000585658533964306 0.000600028791814111 0.000625632100855 0.000633293788996525 0.000645712047116831 0.000819834158755839 0.000662307185120881 0.00126565497484989 0.00418990876059979 0.000637207861291245 0.000619060327881016 0.000592001536278985 0.000568058542557992 0.000529947399627417 0.000481204423704185 0.000463310568011366 0.000426375085953623 0.00223384399432689 0.000389783945865929 0.000387521553784609 0.00169312292709947 0.000407391056069173 0.00206958428025246 0.000376360869267955 0.00043681894603651 0.000146141508594155 0.00124785950756632 0.00157725080498494
0.00063319040928036 0.000824204715900123 0.00127556481165811 0.000900334885227494 0.000866869240417145 0.000947166656260379 0.00209138231584802 0.000798263674369082 0.00098119739559479 0.00101466788328253 0.000586045187083073 0.00080246843281202 0.00320851425640285 0.000963365496136248 0.0033252184279263 0.000556547290761955 0.000573620837531052 0.000562602706486359 0.000582869647769257 0.00059197329392191 0.000595979482750408 0.000615317648043856 0.000641043673385866 0.000661093037342653 0.000675065297400579 0.000717374606756493 0.000666283152531832 0.000620205860468559 0.00059898232575506 0.000571176427183673 0.000551628004177473 0.000515573701704852 0.000484408557531424 0.00112253679544665 0.000450083333998919 0.00185339151648805 0.000396347997593693 0.000391891325125471 0.000386253342730925 0.000374232514877804 0.000376107078045607 0.000903225690126419 0.000381499115610495 0.000574409603723325 0.000153349293395877 0.000755794940050691
0.000914315250702202 0.000885657730395906 0.000881752229179256 0.000864154958981089 0.000915135961258784 0.00093782672774978 0.00113757948274724 0.00089646897977218 0.00096169630123768 0.000715724358451553 0.00102925138780847 0.000492007593857124 0.00291697214124724 0.000527021181187592 0.000535737312748097 0.00237907852279022 0.00195550228236243 0.000590869094594382 0.000592981459340081 0.000589027750538662 0.000621639477321878 0.000619747771997936 0.000640385775477625 0.000663311581593007 0.000676252745324746 0.000667326437542215 0.000635236367816105 0.000622500616009347 0.00195156534900889 0.00057813951279968 0.000551529199583456 0.000532146714976989 0.000498942509875633 0.000469946654629894 0.00250467634759843 0.000441493935068138 0.000415579549735412 0.000403308169916272 0.000494738106499426 0.000397641549352556 0.00039069902850315 0.000948894588509575 0.000951865466777235 0.000963868084363639 0.000156600800619344 0.0030779693974182
0.000935276542440988 0.000965377932880074 0.000828620386891998 0.000864812801592052 0.000886787727358751 0.000969189964234829 0.00109294175636023 0.00109209503862075 0.00073525522602722 0.000797103950753808 0.000492742529604584 0.000517491091159172 0.000585123006021604 0.00154482958605513 0.000537914803135209 0.00138426257763058 0.000596286047948524 0.000603694398887456 0.000594052922679111 0.000614426104584709 0.000635662564309314 0.000653211789904162 0.000673013972118497 0.000667272502323613 0.000659649603767321 0.000653554213931784 0.000674877502024174 0.000640798127278686 0.000603295848122798 0.000601458398159593 0.000570892484392971 0.000552412687102333 0.00185380202019587 0.00158200711593963 0.00110823161085136 0.000458148223697208 0.000446753774303943 0.000426160241477191 0.000122749484489759 0.000463541219869512 0.000396529008867219 0.000404621264897287 0.000401104910997674 0.000415609279298224 0.000487903351313435 0.000390865111694438
0.000636962239514105 0.000665544517687522 0.000463220063829795 0.000923191467882134 0.000780047648004256 0.00100831094314344 0.000992295169271529 0.000523406683350913 0.000573735279613175 0.00141575076850131 0.000515337850083597 0.000706316938158125 0.000509306258754805 0.00155810660216957 0.000661585526540875 0.00281038694083691 0.00346544785425067 0.000608336832374334 0.000619282299885526 0.000633790221763775 0.00077489527175203 0.000676581991137937 0.000703602534485981 0.000716256292071193 0.000716174067929387 0.000715994992060587 0.000698711653240025 0.000682706019142643 0.000655040657147765 0.000624706418602727 0.000607855594716966 0.000573298419476487 0.000549554624012671 0.00320761932525784 0.00117600100929849 0.000478430977091193 0.00100556116667576 0.000470695679541677 0.000448773440439254 0.000416706810938194 0.000419126386987045 0.000418778505991213 0.000430638174293563 0.000444184284424409 0.00149232363910414 0.000327343255048618
0.000659573645680211 0.000644247684977017 0.000456279146601446 0.000709204509621486 0.000460712821222842 0.000685542469727807 0.000506619311636314 0.000600412208586931 0.000738122512120753 0.000475244020344689 0.000488790450617671 0.000526420335518196 0.00053189727186691 0.000531003606738523 0.000642454731860198 0.00190429441863671 0.00322768146870658 0.00178635758347809 0.000619098107563332 0.000639146764297038 0.000656968785915524 0.000669581582769752 0.000704255228629336 0.000728568132035434 0.000691777444444597 0.00067198479664512 0.000652245455421507 0.000679696898441762 0.000650661333929747 0.000640911207301542 0.000607782858423889 0.000589309105998836 0.000563648363458924 0.000535168542410247 0.000516281669843011 0.000500615310738795 0.000512814676039852 0.000476638608961366 0.00040594629572297 0.000438206028775312 0.000433967751450837 0.000437625427730381 0.000447214371524751 0.00105501289945096 0.000506415302515961 0.000456778568332084
0.000612654440919869 0.000495139710255898 0.00055148086103145 0.000516823792713694 0.000492131357896142 0.000542191381100565 0.000549008682719432 0.00051111931388732 0.000521655668853782 0.000507360536721535 0.000679846911225468 0.000546483392827213 0.000621478987159207 0.000927018717629835 0.00205477649578825 0.00363707132637501 0.0032710102153942 0.0006552343867952 0.00363257436547428 0.00118202897720039 0.000653329241322354 0.000682691863039508 0.000727723643649369 0.000726290891179815 0.000715268205385655 0.000811211584368721 0.000695012899814174 0.000691749836551025 0.000669075176119804 0.000635093339951709 0.000605839362833649 0.000583739698049612 0.000562966297729872 0.000539077646681108 0.000516255889669992 0.00132253197371028 0.00107804214349017 0.000536076319986023 0.000486090569756925 0.000457873148843646 0.000459353323094547 0.000458186530158855 0.000460265707806684 0.00045573903771583 0.000452472342294641 0.00045792146702297
0.000596535074873827 0.00210418264614418 0.00283816503360868 0.000939556478988379 0.000553076632786542 0.000515505144721828 0.00119711707811803 0.000632524068350904 0.000606691668508574 0.000526393845211715 0.000543216065852903 0.000548043247545138 0.000555989518761635 0.00296848219586536 0.00336928460747004 0.00239098245510831 0.000591161896591075 0.0034299306338653 0.00268823446240276 0.000674731767503545 0.00164306054357439 0.000721908186096698 0.00204128462355584 0.00305639555444941 0.000798656197730452 0.000762823323020712 0.00424133259803057 0.000691739341709763 0.000651497754734009 0.000608636849210598 0.000602498071384616 0.000599363024230115 0.000570608151610941 0.000543853922863491 0.000517097802367061 0.00051406784914434 0.00169140464277007 0.000517764876713045 0.000494552968302742 0.000478541196207516 0.000472383905434981 0.000474387264694087 0.000466120772762224 0.000472318183165044 0.000469163036905229 0.000470513562322594
0.00330096031539142 0.000521355762612075 0.0012358242762275 0.000522219866979867 0.000607002543983981 0.000561182937235571 0.000552781895385124 0.002976542734541 0.00144169419072568 0.00308554548537359 0.00281511703506112 0.000526097227702849 0.00290396824711934 0.0028796736500226 0.000579330322216265 0.00365045503713191 0.000619601373909973 0.00120297501562163 0.000665328878676519 0.00123217960936017 0.000706349842948839 0.00135642749373801 0.00416017053648829 0.00159865505993366 0.00092744620051235 0.000817020382964984 0.000731262780027464 0.000721867487300187 0.000668207829585299 0.000652509485371411 0.00132779250270687 0.000609172065742314 0.000598391925450414 0.000567235244670883 0.000545711803715676 0.000553285863134079 0.000534847797825932 0.000541718103340827 0.000530763732967898 0.000519596828962676 0.00050096967315767 0.000503707761527039 0.000495869395672344 0.00049173531588167 0.000499295027111657 0.000499211522401311
