Scripts_&_data/Maxent_result_files_2/B_balteatus_2.asc
NCOLS 594 
NROWS 330 
XLLCORNER -15 
YLLCORNER 23 
CELLSIZE 0.166666666666667 
NODATA_value -9999 
[rows 280 to 299 of 330, columns 264 to 307 of 594]
-9999 -9999 -9999 -9999 -9999 -9999 1.11022302462516e-17 0 3.33066907387547e-17 0 6.66133814775094e-17 4.44089209850063e-17 2.22044604925031e-17 0 0 0 0 0 -9999 -9999 -9999 -9999 -9999 -9999 -9999 -9999 -9999 -9999 -9999 -9999 -9999 0 0 0 0 1.4432899320127e-15 1.01030295240889e-15 5.21804821573824e-16 0 0 1.00339736519572e-12 3.38984396108799e-13 6.66133814775094e-16 2.14972484258169e-13
-9999 -9999 -9999 -9999 5.55111512312578e-17 0 0 2.22044604925031e-17 0 0 0 0 6.66133814775094e-17 0 0 0 5.55111512312578e-17 0 0 0 0 -9999 -9999 7.105427357601e-15 3.01980662698043e-15 -9999 2.25207075210676e-11 7.40829619871874e-13 0 0 8.88178419700125e-17 1.10245146345278e-14 7.60502771868232e-15 1.5665246877461e-14 4.32986979603811e-16 1.55431223447522e-16 1.88737914186277e-16 6.05848704537948e-14 0 6.89495041061861e-09 2.23354668094089e-13 9.7302166324198e-13 2.38872255309275e-12 1.26219035223585e-12
-9999 -9999 -9999 0 0 0 0 0 1.11022302462516e-17 2.22044604925031e-17 0 6.66133814775094e-17 0 0 0 6.66133814775094e-17 5.55111512312578e-17 0 0 0 0 1.2179146580138e-14 9.50350909079134e-15 8.77076189453874e-15 7.4718009557273e-15 7.30526750203353e-15 7.90478793533111e-15 8.1379347705024e-15 9.35918009759007e-15 7.58282325818982e-15 8.8928864272475e-15 1.15130127653629e-14 1.20348175869367e-14 2.04503081135954e-14 4.86918216857646e-10 1.24344978758018e-15 1.10023101740353e-14 6.60027588139656e-14 1.44106948596345e-14 1.57516126142454e-08 3.75621755921429e-13 4.78506123613442e-15 2.10510497922201e-12 3.32892602372681e-12
4.76285677564192e-15 5.88418203051333e-15 0 0 0 0 0 0 0 0 0 0 0 0 8.88178419700125e-17 0 0 6.66133814775094e-17 0 0 0 5.7109872386718e-14 4.74731365329717e-14 4.55746551608627e-14 3.66595642731227e-14 2.56239474083486e-14 2.00839345154691e-14 1.42441614059408e-14 1.78412840057263e-14 1.36113342819044e-14 1.44995127016045e-14 1.33892896769794e-14 1.48769885299771e-15 3.82582854285829e-14 1.12565512466745e-13 2.89546164822241e-14 2.98749913696383e-13 1.12065912105663e-13 1.84130488634082e-13 8.52176107457581e-12 3.10171888173727e-12 2.03648209406992e-12 9.55568957294872e-13 2.10871320405204e-12
3.75255382323303e-15 3.85247389544929e-15 3.30846461338297e-15 2.77555756156289e-15 2.36477504245158e-15 0 0 0 0 0 0 2.22044604925031e-17 0 0 0 0 0 0 0 0 0 2.05369055095161e-13 1.88649096344307e-13 1.76325620770967e-13 1.31317179352664e-13 7.2908346027134e-14 5.90416604495658e-14 5.63549207299729e-14 5.19473353222111e-14 2.77888823063677e-14 2.2770674235062e-14 2.38364883387021e-14 2.21489493412719e-14 1.90392146492968e-13 9.88098491916389e-16 2.86659584958215e-14 5.83610937354706e-13 1.69864122767649e-13 7.89301957127009e-13 1.27241994718474e-11 2.07611705604904e-15 2.78902456685159e-12 2.06640260458357e-12 1.70091718487697e-12
6.08402217494586e-15 5.88418203051333e-15 5.35127497869325e-15 3.44169137633799e-15 3.06421554796543e-15 3.67483821150927e-15 1.11022302462516e-17 0 0 0 0 0 0 0 0 0 0 0 0 0 0 3.60678154009975e-13 5.23647791794701e-13 3.8880010322373e-13 3.0133673334376e-13 2.01161309831832e-13 8.44768699437282e-14 5.71764857681956e-14 6.43374242770278e-14 7.69495578367696e-14 7.73159314348959e-14 3.51052520386474e-14 3.39173134022985e-14 1.20936594072418e-13 1.63580260448271e-13 5.00743890796684e-13 1.78801418115881e-13 2.35322872299548e-13 4.42257341859431e-13 2.39235133148163e-08 2.13276063476542e-12 1.36090028135527e-12 4.19559942343994e-12 6.77204958776656e-12
1.09356967925578e-14 9.59232693276135e-15 7.66053886991358e-15 6.96109836439973e-15 7.72715225139109e-15 7.33857419277228e-15 0 0 0 0 0 0 0 0 0 8.89432971717952e-13 4.31654711974261e-13 2.83129075739907e-13 4.02411437505634e-13 1.11022302462516e-17 0 0 7.65709717853724e-13 4.32620606005685e-13 1.79944947831245e-13 2.40019115693713e-13 1.67543756646182e-13 3.28637117519293e-13 1.97575289462293e-13 1.13664633261124e-13 2.48123743773476e-13 1.28719257475041e-13 7.82152120848423e-14 6.75015598972095e-14 1.16906484493029e-13 1.7874590696465e-13 3.43003403457942e-13 2.79654077672831e-13 1.29920518787685e-12 1.91159310602984e-12 5.84088333255295e-14 5.69873037647994e-12 8.15616463256674e-12 1.2507772595427e-12
1.33892896769794e-14 1.14241949233929e-14 1.2667644710973e-14 1.28785870856518e-14 1.4210854715202e-14 1.4388490399142e-14 1.81854531433601e-14 2.93987056920741e-14 5.6576965334898e-14 1.45072842627769e-13 0 1.11022302462516e-17 0 0 4.67326177755467e-13 2.25663931985309e-13 3.17090798063191e-13 7.28517246528781e-13 6.52722320637622e-13 2.97761815204467e-13 2.0407009415635e-13 0 1.02456931827533e-12 8.27216073417958e-13 3.08864045450719e-13 7.78710429472085e-13 8.36963831574167e-13 7.4229511426438e-13 6.35591579367656e-13 3.64697161359118e-13 3.57380791626838e-13 1.19926291120009e-13 9.7222230266425e-14 1.01341157687784e-13 2.12448947323196e-12 3.24351656644239e-13 5.73807668047266e-13 5.05506747572326e-13 1.32645006090115e-12 1.22423182702391e-12 4.14662748582373e-12 3.28035376639946e-12 2.43707276581517e-12 3.15718562404754e-12
2.57016630200724e-14 2.58904009342586e-14 2.75668377014426e-14 3.12194714524594e-14 3.78030939884866e-14 4.68181049484429e-14 6.57029985973168e-14 1.10167430733554e-13 1.81266113230549e-13 3.39195338483478e-13 5.18096676671576e-13 1.19549925514661e-12 1.58562052376965e-13 0 0 4.03888034128386e-13 1.47881706880071e-14 1.79833925528783e-13 3.77187170386151e-13 2.25497398531616e-13 7.60613794170695e-14 3.28415072914368e-13 8.31934521272615e-13 6.1212146462708e-13 3.6125546998278e-13 5.58375568004976e-13 4.29700719450921e-13 8.92907969785028e-13 3.13760128989315e-13 5.1361137565209e-13 7.59103890857204e-13 2.60957921938143e-13 1.8401946633162e-13 4.47808456982557e-13 2.46813680604419e-13 1.83719706114971e-13 1.17504894703302e-12 2.05790939844519e-13 1.04150021940086e-13 5.96467319979865e-13 1.65859992407036e-11 4.79901340888489e-11 1.70194969228987e-12 3.90479870659988e-12
6.49480469405717e-14 5.68545210910543e-14 6.72351063712995e-14 8.65196803090384e-14 9.74997860225813e-14 1.40742972831731e-13 2.12696527057687e-13 2.79964940119726e-13 4.64461802351934e-13 6.13487038947369e-13 8.85924666960136e-13 3.37685435169988e-13 6.13820105854757e-13 0 0 5.15698594938385e-13 1.85851334322251e-14 6.14952533339874e-14 3.45312667349162e-13 3.70059538568057e-13 -9999 -9999 2.68651767498795e-13 8.59756710269721e-13 7.78288544722727e-13 1.52999835023593e-13 1.31528121727342e-13 4.66227056961088e-13 1.13876685858827e-12 1.05295772101499e-12 1.06800124299866e-12 2.58426613441998e-13 7.32858218555066e-14 2.26585417095748e-13 8.58757509547559e-13 4.37161418176402e-12 1.04720676574743e-12 1.4906964551642e-13 7.62678808996498e-13 7.56328333295642e-13 8.40731928519744e-12 2.5103097378576e-11 3.51920714791731e-12 4.71446215399851e-12
1.37678757283766e-13 1.37756472895489e-13 1.64168678651322e-13 1.98985272703567e-13 2.69095856708645e-13 3.65629748699803e-13 4.76252370873453e-13 5.44986278327997e-13 8.09718958549865e-13 1.66067160023431e-13 0 0 0 0 0 1.00041086525948e-12 2.4873436643702e-13 3.47943895917524e-14 1.96835880927893e-12 3.33144622999271e-12 -9999 -9999 1.22568621918617e-14 1.32605038061229e-12 1.47082346302341e-12 2.83273404733109e-13 2.53819187889803e-13 2.1852519793697e-13 1.57921453691756e-12 1.5158763133627e-12 1.16180398634924e-12 9.50739487137753e-13 8.1779027993889e-14 6.87117029940509e-14 5.23903143090365e-13 6.51956266750631e-12 6.3092864266423e-13 6.06514838352723e-13 7.82829356893444e-13 1.48960843660007e-12 4.44089209850063e-17 3.2700175900402e-12 4.36224389943618e-12 4.36718439189576e-12
2.92788016054146e-13 3.50075524124804e-13 3.51396689524108e-13 4.36561897743104e-13 5.3099746821772e-13 6.56830145828735e-13 9.71545066619228e-13 2.05463424052255e-12 0 0 0 0 0 0 1.01193498025509e-12 1.74195102786712e-12 1.79393166988007e-12 8.73623395847289e-13 4.18698409276885e-13 3.05888647744723e-13 4.95923302423762e-12 -9999 -9999 9.18687348416824e-13 2.86938250937396e-12 2.84272605455271e-13 1.56824553343426e-12 1.46657130883909e-12 3.1996627569697e-13 5.19273513077678e-13 2.89923640650613e-13 4.43833858554399e-13 3.59356988610671e-13 1.49658063719471e-13 1.07195363696633e-12 -9999 1.61950453048121e-12 1.44263490042817e-12 8.2777118493027e-13 1.20956578086862e-12 2.44870790311325e-12 2.67307287415974e-12 3.75881548109192e-12 3.36447536497531e-12
6.78190836822523e-13 8.12938605321278e-13 9.16455800137328e-13 1.11654019363527e-12 1.17100773522338e-12 1.54602997071152e-12 2.57367460676505e-12 2.57278642834535e-12 2.94941848721919e-13 0 0 0 0 0 2.67533772912998e-12 3.14799297740365e-12 4.05805389291913e-12 3.49132944776898e-12 1.1986411863063e-12 5.84299275629974e-13 6.94521107291735e-12 2.86293211360089e-13 -9999 1.47992729182533e-14 2.02361460921452e-12 1.2430945162123e-12 1.56064050571558e-13 1.29525279390919e-12 3.08975067753181e-13 2.63711275039213e-13 2.51532128459075e-13 1.50923717967544e-13 7.16420256452466e-12 5.57572876758172e-12 -9999 -9999 3.25642846021879e-12 1.36756383994907e-11 6.24150731098894e-12 1.05092601287993e-12 2.58282284448796e-12 2.80191425616749e-12 1.55212509511671e-12 2.61697330472543e-12
1.86465287654869e-12 2.07875938684765e-12 2.47306619627352e-12 2.48652209933198e-12 2.9431568293603e-12 3.25244275956038e-12 4.25217638877484e-12 5.34895461257179e-12 6.94461155248405e-12 0 0 0 0 0 5.62483393196089e-12 7.31869009840125e-12 6.54876153305395e-12 6.05705485767771e-12 8.50783887784701e-12 1.23773546967243e-11 8.45670200533277e-12 1.24672494550282e-12 -9999 -9999 4.83613149526718e-14 4.95926966159743e-11 4.87428097883935e-11 4.30981916821338e-12 3.37330163802108e-13 7.80053799331881e-13 3.40760752948199e-13 7.42217398652656e-13 7.3340211681483e-11 9.07120489834767e-11 -9999 2.24542606730438e-12 2.03855154978783e-11 9.382350452114e-12 3.09351433358529e-12 9.82869341470405e-13 2.36139996445672e-12 3.44456685397176e-12 1.21913590334088e-12 0
3.62059271452608e-12 4.71435113169605e-12 4.65175675756768e-12 5.25232080050841e-12 5.47986100940534e-12 5.75703928973326e-12 5.56018564523697e-12 6.05079319981883e-12 9.73972014151059e-12 1.12623244064025e-11 0 0 0 9.31504873236122e-12 1.09580011731225e-11 1.23985155475737e-11 1.20563226069237e-11 1.22055365814333e-11 1.24080967722762e-11 9.70892255480749e-12 1.11060050045353e-12 1.3494094730504e-12 -9999 -9999 -9999 7.48023865071446e-13 9.43860545277175e-11 3.91012999756413e-11 6.90808521497388e-12 2.25982565993377e-12 3.36675132217579e-13 9.09738950838346e-13 4.10195544198189e-11 7.00358881999818e-11 -9999 1.98600469403232e-11 2.66994093500728e-11 3.26831561814345e-11 4.46153114452841e-12 1.56876733825584e-12 2.0951906876121e-12 3.1337710204582e-12 0 0
4.14485112898433e-12 5.89148729801536e-12 8.16027245775786e-12 1.20812471138265e-11 1.3450407454485e-11 1.32228561433578e-11 1.21458954005504e-11 1.08090092432178e-11 1.18841714247253e-11 0 0 0 9.50413081568513e-12 1.35011668511709e-11 1.86031301474543e-11 1.30394695041502e-11 1.2345691136062e-11 1.26463950422817e-11 1.02532315970905e-11 1.22682974890154e-12 9.58599866152099e-13 3.64204222336184e-12 2.46080933408166e-13 -9999 -9999 9.29256671611256e-15 1.01218255998958e-11 6.68409771975575e-12 4.62294647007866e-12 3.4882874366815e-12 1.33802191548682e-11 9.41682620769768e-11 5.39404076960182e-11 8.80240325074055e-13 -9999 1.26750054896263e-11 8.07222066967484e-12 1.51708978712861e-11 2.79702927485914e-12 1.24110388632914e-11 2.70451439021713e-12 2.56749066451789e-12 2.06630268451136e-12 0
7.10417280558318e-12 8.42541592049883e-12 9.93343185484718e-12 1.45341849666636e-11 1.76314296496116e-11 1.76460290823854e-11 1.77468928441726e-11 1.66223035336088e-11 1.64358304743928e-11 0 0 0 1.64117053280677e-11 1.85400028662741e-11 1.83003168174878e-11 1.48635659336094e-11 1.03174468968348e-11 6.59765575505844e-12 6.93091140036017e-12 1.33624222797835e-12 2.63669752698092e-11 1.1326906079745e-11 2.1742829758864e-12 -9999 -9999 1.84963155902551e-14 3.73590047786365e-12 7.41761096989535e-12 5.26988452875798e-12 9.79083480956433e-13 1.84867676722433e-12 4.35258384889892e-11 6.68644029033771e-11 -9999 -9999 3.97028521170739e-11 1.14074083512605e-11 1.8968937531838e-12 9.39448518977315e-13 1.93237648105082e-12 4.83475481871665e-12 1.57983737203438e-11 0 0
0 1.06486819362317e-11 1.05378594739136e-11 1.49237067148533e-11 1.82409087834401e-11 1.83186799063151e-11 1.82164394679774e-11 1.83164150513448e-11 1.83547399501549e-11 0 0 0 1.82568071771527e-11 1.86231252641278e-11 1.85011672648727e-11 1.6025614169024e-11 1.02403086010838e-11 6.658951168248e-12 8.42228509156939e-12 1.34474653634697e-11 1.35530242584281e-10 1.35095024056398e-10 3.37515460024918e-11 1.70680136690748e-12 -9999 -9999 1.31561428418081e-14 4.45792291969838e-12 7.91992027515676e-12 2.39397390799923e-12 9.76119185480684e-13 6.71041000543937e-12 7.54440954153779e-13 -9999 2.60780286254203e-13 7.98611177188491e-12 1.59976920599547e-11 7.91161580693256e-12 7.69990737836679e-12 4.52866633082749e-12 1.48469458949307e-11 1.87951876284842e-12 9.73625624567376e-12 1.11022302462516e-17
1.80507719882428e-11 1.32977850952898e-11 1.37496014573912e-11 1.61223256966991e-11 1.82056592024082e-11 1.83114856611155e-11 1.83734361058896e-11 1.83616677418286e-11 1.8200418949732e-11 0 0 1.85299331434408e-11 1.84739890052299e-11 1.85552684328627e-11 1.8026569126306e-11 1.79949277701041e-11 1.8295098769272e-11 1.51637813416983e-11 1.6520285139876e-11 1.63096092187232e-11 5.7508420248098e-11 2.27122953777581e-10 1.21233023619993e-11 5.08156849932106e-12 4.19578816135413e-12 -9999 -9999 -9999 5.79215564400215e-12 8.16268164172129e-11 3.52115003821041e-12 1.55519819244887e-11 4.04181133006887e-12 -9999 1.67987845856032e-13 4.05488975729895e-12 7.30032700957395e-12 2.5611701648387e-11 1.13045683924895e-11 7.82596210058273e-13 3.63220564736366e-12 1.92602600534997e-12 1.50276457944187e-12 1.48698831026195e-12
1.67352798285947e-11 1.83799975239651e-11 1.89449456122759e-11 1.94427363098271e-11 1.90979454472995e-11 1.90813587153116e-11 1.92254323572172e-11 1.91633708901406e-11 1.91662463677744e-11 0 0 0 1.92887705807721e-11 1.91680893379953e-11 1.82248438562738e-11 1.72152514466006e-11 1.79197434668765e-11 1.11230136212725e-11 1.69938951799509e-11 1.61704649670469e-11 1.69155800477938e-11 1.48952739031927e-11 1.05120034898931e-10 7.738960583481e-11 2.38711272970704e-12 2.18935980456081e-13 -9999 -9999 5.00710584105946e-15 1.56708535037353e-11 6.54884591000382e-11 4.08712619304197e-11 1.6198153929281e-14 -9999 -9999 -9999 -9999 1.23905330440266e-12 4.6754045079922e-12 2.75153455575605e-11 2.69185118639825e-11 1.24525056932612e-11 1.58653090664984e-12 1.19179333069042e-11
