Scripts_&_data/Maxent_result_files_2/B_bohemicus_3.asc
NCOLS 594 
NROWS 330 
XLLCORNER -15 
YLLCORNER 23 
CELLSIZE 0.166666666666667 
NODATA_value -9999 
[rows 180 to 199 of 330, columns 405 to 449 of 594]
1.87893188922317e-05 1.67919890373014e-05 1.32983225284988e-05 1.13567100925138e-05 1.17148309072945e-05 9.34828090066731e-06 8.14349664324254e-06 7.9701749200467e-06 7.91108914199867e-06 8.77956122167234e-06 9.68179224400956e-06 1.00187672160246e-05 1.27504831198166e-05 1.13403380510135e-05 1.24592731481243e-05 8.75739542607334e-06 9.06740824575536e-06 1.2936320672452e-05 9.22739086490765e-06 8.88325587311556e-06 1.21842247153836e-05 1.12972823444579e-05 9.41342436817649e-06 1.00493092531906e-05 9.9295386007725e-06 1.18196453968267e-05 1.33650119096274e-05 1.49865272760508e-05 1.35010821395554e-05 1.56323153532867e-05 1.48880153574282e-05 1.53433280502213e-05 1.55421831550484e-05 1.67274633895431e-05 1.9079167941527e-05 1.46278215652274e-05 1.42558375046065e-05 1.50387595567736e-05 1.23634985357057e-05 1.60016894369619e-05 1.50304039379989e-05 1.4561350508302e-05 6.17888763372321e-05 1.57979538016662e-05 1.63642687766696e-05
2.23679680857458e-05 1.65236188422568e-05 1.66182824159478e-05 1.51282271872333e-05 1.12779203846003e-05 9.93565554381348e-06 1.20217419407709e-05 9.90123235169449e-06 1.00331713383639e-05 8.76641279319301e-06 1.08238267785055e-05 9.7406399618194e-06 1.17862979095662e-05 9.99056478576676e-06 1.02325240277423e-05 1.14301094527036e-05 1.029918180393e-05 9.87452931440203e-06 9.91265214906889e-06 8.55499315548513e-06 8.54957588671823e-06 7.52678270146134e-06 8.07000419627002e-06 9.5226117537095e-06 1.23631920359912e-05 1.138629208981e-05 1.03280333405564e-05 1.01975519555708e-05 1.31704125124088e-05 1.30748754600063e-05 1.19797514798847e-05 1.22125584766764e-05 1.56660171342082e-05 1.81441354470735e-05 1.38714692184294e-05 1.10952303657541e-05 1.05858295228245e-05 1.23028462439834e-05 1.02686469290347e-05 9.32084381020104e-06 1.18546136491204e-05 1.58365149218298e-05 1.12191099560732e-05 1.13801741008501e-05 1.53740857058438e-05
1.99744370547705e-05 1.35377083552157e-05 6.74072003675974e-05 1.49477888953697e-05 1.21571750241856e-05 5.9851340665773e-05 1.29689262848842e-05 8.07784288099356e-06 8.27022840894642e-06 8.23365044197999e-06 8.89400030246179e-06 7.16270915290806e-06 7.04878134456521e-06 9.17487150218221e-06 7.99383597041015e-06 9.89467221188534e-06 1.03379235497414e-05 8.50098022056045e-06 8.16628166830924e-06 7.39720612727979e-06 7.13818667463784e-06 7.67433402870665e-06 8.28343427201617e-06 9.68777103480534e-06 8.74800552992383e-06 8.19916303953505e-06 8.3657094364753e-06 8.68184824867058e-06 8.45344679873961e-06 9.24099663279776e-06 1.05945835457533e-05 1.28263374790549e-05 1.45487673762545e-05 1.42719512950862e-05 1.06640638023237e-05 1.36384982397431e-05 1.36285120788671e-05 1.10195258457679e-05 1.05274828456459e-05 1.3266942505652e-05 1.49764015986875e-05 1.24973791116645e-05 1.38015157972404e-05 1.64268398293643e-05 1.48777155118296e-05
1.07171368199488e-05 9.44727257774503e-06 1.27860923612388e-05 1.20992233860306e-05 1.16581253678305e-05 1.0836028468475e-05 8.6201679550868e-06 6.73360511882493e-06 7.08174727606092e-06 7.17812415587105e-06 6.98534236107662e-06 6.75048593166139e-06 6.3862851675367e-06 6.61721812775795e-06 6.51418713459861e-06 8.99323567864485e-06 8.31506004033144e-06 6.95054684456409e-06 6.21944604972668e-06 6.67395738673804e-06 8.1857936720553e-06 8.43938992147741e-06 9.40603531489614e-06 9.0231775175198e-06 8.47917935971054e-06 7.07546350895427e-06 6.65191505504481e-06 7.04823987689451e-06 6.8750370928683e-06 7.40204445719428e-06 8.35244809422875e-06 7.95070382082486e-06 9.85783731266565e-06 9.21883920455002e-06 1.08493919469765e-05 1.06357531421963e-05 1.05329212601646e-05 1.06849961412081e-05 1.01880728834658e-05 8.4340440480446e-06 6.09950077432586e-06 8.60113177623134e-06 1.38658690048032e-05 1.72834696968494e-05 1.46520260386751e-05
1.23872076073894e-05 9.14629110866372e-06 9.58610335146659e-06 1.06949983546656e-05 1.31047382410543e-05 1.03933451100602e-05 7.49314910990506e-06 7.23843858168038e-06 5.76924235247134e-06 5.36651732545579e-06 5.4120782579048e-06 5.04948951629558e-06 5.17667695021373e-06 5.21395170380856e-06 5.44003662525938e-06 6.73141967126867e-06 7.22387549103587e-06 6.12077697041968e-06 6.18368667346658e-06 6.45096706648474e-06 6.3941385860744e-06 6.94747509442095e-06 7.42350816835824e-06 7.66069292694738e-06 7.10332733433461e-06 6.09140154210763e-06 5.49546414276847e-06 5.33310339960735e-06 5.95901342421712e-06 5.75933649997751e-06 5.96010097524413e-06 6.48302323043026e-06 7.02789848219254e-06 6.60038144815189e-06 7.60689322305552e-06 9.23009361031291e-06 6.12529458976496e-06 8.34524839774531e-06 9.66976854215318e-06 1.06823958958557e-05 7.96425174485194e-06 9.76180572251906e-06 1.43093922361004e-05 1.50787921484152e-05 1.06514220078679e-05
1.15672781703324e-05 1.30319457184669e-05 1.13521769435465e-05 1.06126228274661e-05 1.17962616286604e-05 8.74882757671003e-06 6.1752017472827e-06 5.4312908105203e-06 6.099413803895e-06 4.98652580063208e-06 4.31887983722845e-06 4.13312325235893e-06 4.40970884483249e-06 4.36500690739194e-06 4.8819229050423e-06 4.95322997267067e-06 5.0522737637948e-06 5.49265193967585e-06 5.62610243832751e-06 5.97082512285851e-06 5.68488985663862e-06 5.85942129873729e-06 5.72559747524792e-06 5.96641459651437e-06 5.79684945023473e-06 5.73596271351562e-06 5.49861401850649e-06 5.26642127169907e-06 5.50260006093595e-06 5.63958174097934e-06 5.41802628504229e-06 5.9872747215195e-06 7.02766444646841e-06 5.97857454067707e-06 5.28891732756165e-06 4.86326948703208e-06 5.50772580254488e-06 5.48589712252578e-06 8.42678543904185e-06 8.24483040560153e-06 9.02279730325972e-06 6.57567879898124e-06 1.20782380690798e-05 1.07477695109992e-05 1.0617399630064e-05
3.88716973247938e-05 5.72574999750941e-05 3.4394949216221e-05 2.2726228553438e-05 8.50014057505177e-06 8.16766271327651e-06 8.87198079908558e-06 7.62522807917776e-06 4.47284252231839e-06 7.81620560701413e-06 3.84659900873885e-06 3.89950862427213e-06 4.09143069646234e-06 5.15837457442103e-06 4.39905425082543e-06 4.22061521021533e-06 4.47705460828729e-06 4.73464922379208e-06 5.032987019149e-06 5.22066402481869e-06 5.37219673333311e-06 5.46749865861784e-06 5.24019769727602e-06 5.24021604633162e-06 5.34876294295827e-06 5.32186086275033e-06 5.16365225848858e-06 5.27907238847547e-06 5.91568204981741e-06 6.48637244466954e-06 6.00552937157772e-06 5.98890073888469e-06 6.44557944724511e-06 5.87855813591887e-06 5.83972168897162e-06 5.98915946738998e-06 6.09023627475835e-06 6.79806312291475e-06 6.38041472029727e-06 6.23112714492891e-06 6.39497757219942e-06 8.46668144731666e-06 1.02363664609584e-05 7.59975214350561e-06 1.1392290070944e-05
-9999 3.43202678777743e-05 5.89544284594012e-05 4.80340475405683e-05 9.2490211045515e-06 8.52263779052009e-06 7.21613009773137e-06 4.65657955146526e-06 5.2475219263215e-06 3.86739302484784e-06 6.37269140497665e-06 4.16479703062578e-06 3.84789013878617e-06 3.4818047652152e-06 3.95698175452708e-06 4.24168561039551e-06 4.06828378345381e-06 4.32887736678822e-06 4.22393986809766e-06 4.35159786320583e-06 4.33775412602699e-06 4.47185657321825e-06 4.50629265742464e-06 4.55821341347473e-06 4.51415176030423e-06 4.40541189163923e-06 4.62066086583945e-06 4.90373868160532e-06 5.26718606579379e-06 6.216242559276e-06 7.58330165808729e-06 7.04187941664713e-06 6.44731387637876e-06 5.77703669932816e-06 5.53847530682106e-06 5.48743166746135e-06 5.8149704045718e-06 6.77209652621968e-06 6.53762594993168e-06 7.42426996112044e-06 7.5659968842956e-06 8.08127197160502e-06 9.1516059001151e-06 8.95672960723459e-06 1.03134826531459e-05
-9999 -9999 -9999 2.8610348545044e-05 1.01798109881202e-05 7.11500576926483e-06 5.99697016241407e-06 5.20186606536299e-06 4.41922020399943e-06 3.24320753861684e-06 6.36541052472239e-06 2.65356140971562e-06 2.70773203965291e-06 2.8577998136825e-06 2.97935523576598e-06 3.38378439437292e-06 4.08950666042074e-06 4.39536338490143e-06 4.67170672209249e-06 4.50016704007794e-06 4.26346339281736e-06 4.00105623157287e-06 4.22339383021608e-06 4.43638994056528e-06 4.10339243899216e-06 4.59091288576019e-06 4.5484318434319e-06 7.89716762028547e-06 4.67576626306254e-06 5.11560344875761e-06 5.96443899212318e-06 6.23710652689624e-06 5.42519519513007e-06 5.71150185351144e-06 5.46360818134417e-06 6.36580211903492e-06 6.18653918991186e-06 6.02237182647514e-06 6.05518939664762e-06 6.3463289052379e-06 6.36640172615444e-06 7.23740347439161e-06 6.53058862098987e-06 5.88509701628936e-06 6.0866183730468e-06
-9999 -9999 -9999 3.18248993607995e-05 1.00645150723722e-05 8.71491581619921e-06 3.23858718047632e-06 2.5923654845883e-06 2.44846470422999e-06 3.09445763946314e-06 2.99036377668926e-06 2.66015421175325e-06 2.58144539202476e-06 2.42754523469557e-06 3.16529560677736e-06 3.07500554299622e-06 3.8126324170662e-06 5.05725034827265e-06 5.38408451120631e-06 4.98103493100643e-06 4.13595057580096e-06 3.83436204174359e-06 4.57315948096948e-06 6.67720255478343e-06 6.54347711588343e-06 6.81563606121927e-06 7.54843790673476e-06 6.81928099766083e-06 6.66607329549151e-06 7.16275822014723e-06 7.16401445970405e-06 6.45592649561877e-06 6.15746607763867e-06 6.37058080883435e-06 6.13134627656109e-06 6.26108487722377e-06 6.11125012710545e-06 6.21704648438026e-06 6.11825334999594e-06 5.93917036439962e-06 6.28732116183528e-06 7.54220775434078e-06 8.25522283776081e-06 6.09914554843272e-06 5.86761102567834e-06
-9999 -9999 -9999 3.04192821204197e-05 1.02954405974742e-05 1.48831144542783e-05 1.49863355090929e-05 3.06429590750668e-06 2.2307519543574e-06 2.35659946383748e-06 2.45824471676315e-06 2.60039336126283e-06 2.25536683728933e-06 2.4276125373035e-06 2.82308332657522e-06 2.55715791581679e-06 2.9280582566571e-06 3.62153025434964e-06 3.6585830457625e-06 3.72968809188023e-06 3.6174807974021e-06 3.86773199352319e-06 6.16897837062425e-06 6.10414065249643e-06 6.05587538302643e-06 6.36350721379131e-06 6.81318765600736e-06 7.26819271221757e-06 6.63144307964103e-06 6.28416985364311e-06 6.14904247413506e-06 6.4718711655587e-06 6.47961408049014e-06 6.50738504646142e-06 6.39840716303297e-06 6.80507878314529e-06 6.43276614482602e-06 6.87402935000137e-06 6.57088173738885e-06 6.37677590020758e-06 6.37507016563177e-06 5.95335884554515e-06 1.11238692170446e-05 1.13345099180151e-05 6.31976097338338e-06
-9999 -9999 3.67092759915977e-05 1.62855720191146e-05 1.1195297543054e-05 3.2046553087639e-06 3.00525466059298e-06 2.47850733217092e-06 2.22003336034504e-06 2.14283285799866e-06 2.24235030259479e-06 2.10077144515708e-06 2.1107579073032e-06 2.30969981771523e-06 2.43569753592965e-06 2.48210878908139e-06 3.82641302394404e-06 4.11913051721058e-06 3.77230737740319e-06 3.20863232445845e-06 3.21573928658836e-06 3.20773312978417e-06 3.94454767729258e-06 4.67338685439245e-06 5.41778701972362e-06 5.66535059078888e-06 6.07494810083153e-06 5.92037081332819e-06 5.45727334611001e-06 5.3533248774329e-06 5.50731738258037e-06 6.34662667380326e-06 6.58493991068099e-06 6.92313747094886e-06 7.29604184925847e-06 7.6456872648123e-06 6.91882414685097e-06 6.48249035748449e-06 6.77708026159962e-06 6.48589907541464e-06 6.17627590600023e-06 5.80126868499065e-06 2.3407936851072e-06 9.74261092778761e-06 5.66247613278392e-06
-9999 -9999 4.38110047980445e-05 1.69468919466453e-05 8.54249074109248e-06 2.89783282596545e-06 2.76608531066813e-06 2.56035251027242e-06 2.11126784392945e-06 1.93392642700019e-06 2.08804174803845e-06 2.22844856807569e-06 2.09912244599764e-06 1.97219939650495e-06 2.04965726311457e-06 3.21841897630293e-06 5.21107349413796e-06 4.30418501764507e-06 4.07984491630486e-06 4.09710430631094e-06 3.43596750553843e-06 3.17103570068866e-06 5.0819095577026e-06 4.65507782791974e-06 4.7375910980918e-06 4.71045002541359e-06 5.72890680814453e-06 6.0070390418332e-06 8.87295473148697e-06 5.15688957420934e-06 5.47890281268337e-06 1.36422455398133e-05 6.18263136402675e-06 6.73493991598662e-06 7.37313630452263e-06 7.59215295147442e-06 7.65884255997662e-06 1.4809080721534e-05 1.89527170732617e-05 1.26060070670064e-05 6.11416462561465e-06 6.56764941595611e-06 9.79126670586084e-07 6.86956473145983e-06 5.06634955854679e-06
-9999 -9999 2.30818103773345e-05 8.40862808217935e-06 2.60850255244804e-06 2.97942006000085e-06 3.82078127358909e-06 1.67264125821021e-06 6.24879240262999e-07 2.98279176149663e-06 1.18932281338857e-06 1.757655769552e-06 1.7854263035133e-06 3.14353027306424e-06 1.3805107812459e-06 5.82767987111765e-07 1.41463511909024e-06 6.16377526512224e-06 3.90323259580327e-06 3.84492627745203e-06 3.91688488434738e-06 4.49588021638192e-06 6.83159933032584e-06 3.16723487685522e-06 4.84979627799476e-06 4.59995656001411e-06 7.90345109180635e-06 8.059364699875e-06 1.05222290585516e-05 5.41016486295121e-06 5.50232814475748e-06 1.01529094990838e-05 6.52508547318575e-06 6.83448511153983e-06 7.18398664503184e-06 7.35055868972267e-06 1.26927524888742e-05 2.027402024396e-05 1.77022489879164e-05 5.105371855052e-07 4.55312320468693e-07 3.93143795918149e-07 4.84094387047662e-06 2.34842570989713e-06 7.20652556651657e-07
-9999 -9999 1.44860625368892e-05 3.69134262427906e-06 7.17597905008915e-07 8.90000814024461e-07 1.60179143904315e-06 1.65054702705447e-07 6.09808905593923e-08 2.09603617662424e-07 7.82229378160082e-08 2.41387384392056e-07 1.17103021466392e-06 1.91293754028266e-06 1.44208252947919e-06 1.50303979467026e-06 2.75355135670452e-07 2.13604938608114e-06 3.66909221156675e-06 6.64674419112998e-06 3.16941545861482e-06 3.01029768934313e-06 3.89951057968574e-06 5.80463738515391e-06 5.45088723811205e-06 1.0052347306555e-05 4.69179965421063e-06 4.64838585685357e-06 4.11193186664605e-06 6.71316420266521e-06 5.65712946354324e-06 6.15176859355415e-06 6.63246801195783e-06 6.93068923283136e-06 7.29931948626472e-06 7.33671336092812e-06 2.52003332207096e-05 4.13768815633375e-05 1.16883505825172e-06 1.05109375780899e-07 1.96032355503917e-07 2.66834033482155e-06 7.5735261589216e-06 1.29231158894072e-06 8.28058279012112e-07
4.09682124882238e-06 8.29646687634522e-06 2.96136297038174e-05 1.2379103782223e-05 2.37656531680841e-06 4.27829824900527e-07 1.35649297590135e-06 1.90249041764901e-07 7.95065773218084e-08 6.408405312186e-07 4.29613915287064e-07 5.29231277468512e-08 1.43426145982062e-07 1.39560595471266e-06 1.29537350517239e-06 4.51907317255973e-07 6.60393109797042e-07 3.66501946018616e-06 3.66153465165553e-06 3.40735164172656e-06 2.26403179794943e-06 1.48525662098109e-06 1.21022790153802e-06 1.55740107175006e-06 5.32560075043875e-06 5.55721817363519e-06 6.4696261233621e-06 4.30564463158589e-06 5.42720517842099e-06 5.18773276780848e-06 6.38493906990334e-06 5.84796744078631e-06 6.35434103060106e-06 6.32545065855084e-06 6.80784651194699e-06 6.91360705786792e-06 2.75379713457369e-05 6.32690081658893e-07 1.27459996335233e-07 1.32137495612028e-07 1.0967463950351e-07 5.01642030314997e-07 1.82535028443453e-06 8.50236588121334e-06 6.44100532554148e-06
1.51563887129669e-06 7.08630813051059e-07 7.37584326770957e-07 7.55716951061913e-07 4.3890853476114e-07 4.74851198362103e-07 1.06613832713265e-06 3.14027904124714e-07 8.63026883735074e-08 4.3053368301571e-07 8.92158639089757e-06 1.21959326193632e-07 4.43853418907736e-08 9.21166117606731e-08 4.86225908957749e-07 2.51030890296988e-07 1.99631567454617e-07 1.04815756571952e-06 1.07699693217e-06 3.10591092045343e-07 1.95766673272146e-07 7.74185477325773e-07 9.30894384509884e-07 7.12263769742094e-07 6.58132321404992e-06 4.65673367671116e-06 4.12744668665255e-06 4.58425965916831e-06 4.80926655654912e-06 5.12856272507634e-06 5.41082144991378e-06 5.57148136977048e-06 5.97251935232634e-06 6.00355674578168e-06 6.7375050548435e-06 8.38979999571166e-06 2.06259755032079e-05 4.19250636696233e-07 1.45542110630004e-07 1.4612534080527e-07 1.86710563099268e-07 1.92557023126483e-07 1.20575902656128e-05 8.8836085069488e-06 4.46345918589941e-06
1.77746894678421e-06 1.67458089208594e-06 2.14520291592635e-06 9.69876577983086e-07 4.08167251180203e-06 2.83382395309673e-06 2.20984241536826e-06 6.82185586242667e-07 1.45404326872267e-06 6.98555313647375e-06 4.80808836300639e-06 7.16506116305027e-07 9.67153676256771e-08 2.90645819234214e-07 1.18175331635939e-06 6.28776152211685e-07 3.3152250580315e-07 1.92211370517725e-06 1.6016917527395e-06 5.99088409103388e-07 3.18803674304036e-07 1.6530692505512e-06 2.1345794152694e-06 3.58384108949394e-06 4.63120136373618e-06 3.52945980921504e-06 4.34094731645018e-06 4.44025492924993e-06 5.03989878097855e-06 6.13713881421063e-06 6.45191537387291e-06 5.84945730679465e-06 5.84759588946326e-06 6.13994400282536e-06 7.65809350014024e-06 1.41050795718911e-05 2.67684407845081e-05 3.53687556753357e-07 1.06907985397697e-07 1.34267236617802e-07 4.96811145467291e-07 1.83305177259285e-07 6.5083931076515e-06 7.184750847955e-06 8.20930929421593e-06
1.92692773737235e-07 9.12431783461898e-08 1.07587825581845e-07 4.50860513012685e-07 2.60948647223813e-06 1.34266055624721e-06 4.37389473972871e-06 1.07869150951956e-05 1.01952362001612e-05 1.9869187894983e-06 5.56302563836653e-07 1.28979480109592e-06 4.91243013129861e-06 1.7993001904415e-06 2.44065597598819e-06 9.28188103443972e-07 1.40421790320033e-06 9.99326493911212e-07 1.86855223773819e-06 8.47565877393208e-07 1.97135401691639e-07 1.11255697561319e-06 4.87511640585581e-06 2.71248234184895e-06 5.2182783065291e-06 3.13805443283854e-06 3.9293776580962e-06 6.7385622742222e-06 8.62433576003241e-06 5.12743633862556e-06 5.13660002070537e-06 1.01060798442632e-05 1.32342560391407e-05 6.51052050670842e-06 1.13188235445705e-05 1.65401141202892e-05 1.57229515934887e-05 2.9734817417193e-07 9.49684132223183e-08 1.92542222521297e-07 1.72186920011086e-07 2.34310082305456e-06 6.02410373176099e-06 6.31751322544005e-06 3.69295171367412e-06
7.32603123054787e-08 4.5668044368341e-08 1.49099840029976e-07 5.56236476256799e-07 2.23607291900407e-06 5.5911209074111e-06 4.51714322480257e-06 4.73456186682597e-06 4.22704549691844e-06 3.91285950627207e-06 3.35346061319797e-06 2.80253115647611e-06 4.44417547669218e-06 3.46923013694322e-06 1.45699124800558e-06 8.41821724861802e-07 1.56088387370801e-06 3.61386813096942e-07 1.93429441708304e-07 7.90461155020239e-07 1.1076954535838e-06 3.23510460020771e-07 3.37655507109957e-07 3.34280873630632e-06 2.80914129007215e-06 3.65883063295769e-06 5.09799142491829e-06 2.12023984431653e-06 1.27719924307712e-06 5.86260486556967e-07 2.38730977741852e-07 6.48526392410531e-07 8.41313564592383e-07 4.93463314796827e-06 5.74259715904191e-06 1.26964423543541e-05 1.00171598205634e-05 2.32811790112919e-07 8.28459258528369e-08 8.83927022243824e-08 8.76622689816031e-07 4.2063492401212e-06 5.07298245793208e-06 4.39631623976311e-06 5.07441841079981e-07
