Scripts_&_data/Maxent_result_files_2/B_bohemicus_3.asc
NCOLS 594 
NROWS 330 
XLLCORNER -15 
YLLCORNER 23 
CELLSIZE 0.166666666666667 
NODATA_value -9999 
[rows 120 to 139 of 330, columns 270 to 314 of 594]
0.0543774470686913 0.0500522430986166 0.0304972225800157 0.0235037840902805 0.0180630963295698 0.0145332016050816 0.0368197068572044 0.0611352007836103 0.0502109501510859 0.014820103906095 0.00766805885359645 0.00929641285911203 0.00687531898729503 0.00655406140722334 0.00967996316030622 0.0140057755634189 0.0114100683480501 0.0103272304870188 0.0098989431746304 0.061764032766223 0.0573055673390627 0.0242142688483 0.0111332563683391 0.0141071174293756 0.0636184684932232 0.0323878344148397 0.0121556395664811 0.0211861193180084 0.0130704924464226 0.131476697325706 0.206657089293003 0.0183930432423949 0.0320716405287385 0.026051758415997 0.0189603690057993 0.0224836116656661 0.0128932763822377 0.0238800307735801 0.0926761277019978 0.0567166015505791 0.00901523530483246 0.00708382460288703 0.00438075736165047 0.0077371381688863 0.0160705582238734
0.0506337985396385 0.0239552399143577 0.0229821378365159 0.0382781587541103 0.0276594668626785 0.0694852225482464 0.0708501920104027 0.0343948822468519 0.0362459912896156 0.0270593963563442 0.012853327114135 0.0155698226764798 0.0054312523920089 0.00415890174917877 0.00728234057314694 0.00617073592729867 0.0194909419864416 0.0500878624618053 0.0663754262030125 0.0321790378540754 0.0636519573628902 0.0148926854133606 0.018403703533113 0.0239094788208604 0.0309698985889554 0.0499620210379362 0.00997038853820413 0.0732688196003437 0.0244248490780592 0.0118007935583591 0.0316356286406517 0.0312724262475967 0.0261364908888936 0.0181127544492483 0.0254059689119458 0.0218395391479135 0.0346285682171583 0.00690394653938711 0.0119865450076759 0.0231205865740776 0.0161505846306682 0.00876560676842928 0.0110047818161547 0.0113571567460895 0.00477906460873783
0.0450404196977615 0.0523571353405714 0.0143189349211752 0.0233341731131077 0.0118400075472891 0.0269652409479022 0.0594992619007826 0.0175360642373562 0.0166388129815459 0.00906271412968635 0.0073409415781498 0.0119112034328282 0.00778132891282439 0.0058128060773015 0.00504993502981961 0.0139981046319008 0.0168943463824689 0.0679267499595881 0.0607360433787107 0.0171965839341283 0.0771985575556755 0.00969021525233984 0.0212681021541357 0.00922676818445325 0.0538104772567749 0.0225079299882054 0.167857453227043 0.344449093937874 0.0280537700280547 0.0299810335040092 0.0246668623760343 0.0290798218920827 0.0189513776451349 0.0175807567313313 0.014288015011698 0.0138752699829638 0.020156241953373 0.0204324066638947 0.0131922874599695 0.0174876885488629 0.00952349379658699 0.0137969017960131 0.0154722813516855 0.00918911024928093 0.00896261325106025
0.018498408421874 0.0220070328563452 0.0601556930691004 0.119148630648851 0.0269948596134782 0.020559043623507 0.0221222557127476 0.01553208027035 0.0260219624266028 0.00957730300724506 0.017070833966136 0.00503138275817037 0.0128840337507427 0.0101150409318507 0.00686123366467655 0.00754503924399614 0.0094537409953773 0.0475006807595491 0.0395273208618164 0.0258877832442522 0.079882488399744 0.0258491070941091 0.0254601888358593 0.016768747381866 0.0191627100110054 0.0148712702095509 0.0374142780900002 0.0312040027230978 0.0181140514090657 0.0167886355891824 0.0176593106240034 0.0200404491275549 0.0191688694059849 0.0207029556855559 0.0219639120623469 0.016765153221786 0.0184413312003016 0.0167085770517588 0.00655518579296768 0.0114457339048386 0.0100998713634908 0.00735957864671946 0.0288112571462989 0.0120087595656514 0.00423109848052263
0.0111687315162271 0.0691229417920113 0.0504815917462111 0.0215630130842328 0.00685102986171842 0.0197610865347087 0.0514564651995897 0.0181723969057202 0.0139262431301177 0.019702011719346 0.0109047489240766 0.0123174818232656 0.0125311152078211 0.00999387493357062 0.00800383472815156 0.0844760566949844 0.075629074126482 0.0569470375776291 0.124820624291897 0.12863702699542 0.0434261899441481 0.0224856726825237 0.0229621367529035 0.012635010574013 0.0231034323573113 0.0200562361627817 0.0111632524058223 0.0247739696875215 0.0169679865241051 0.0160243414342403 0.0125463208183646 0.0166741656139493 0.0333325389772654 0.0169494004920125 0.0124956490471959 0.0399358373135328 0.0168791877105832 0.0135664397850633 0.0122562520205975 0.0166933575645089 0.0115292569622397 0.0122705346904695 0.00968183288350701 0.017665334045887 0.0255860013887286
0.0233180589973927 0.0885236278176308 0.00425024708642815 0.0235599188134074 0.0498235363513231 0.0160841260105371 0.0237100591883063 0.0164764950051904 0.0129258195869625 0.0200373591855168 0.0102406770922244 0.0157317538745701 0.0110363482497632 0.00983988773077726 0.00906426822766662 0.0658896051347256 0.0629099182784557 0.0607710044831038 0.325605580210686 0.0550714008510113 0.0102806055452675 0.0254814963787794 0.0239486487582326 0.0108501918613911 0.0385134566575289 0.0169802794232965 0.0167439647018909 0.0180082514882088 0.0190392509102821 0.042410122603178 0.0162710268050432 0.013639085739851 0.0163537649437785 0.00709472545422614 0.0149558071047068 0.0177772196009755 0.0180618492886424 0.0676079422235489 0.0142417436465621 0.0116889494471252 0.0188685508444905 0.020595077984035 0.011772867385298 0.0088868441991508 0.0372228909283876
0.0380849359557033 0.0310561833903193 0.0294923568144441 0.0392361652106047 0.0416283279657364 0.0247351959347725 0.0266193438321352 0.015541566349566 0.0170856680721045 0.0494082301855087 0.0159245864488184 0.0213872987776995 0.0832419328391552 0.0179906472563744 0.0172010535374284 0.0460905499756336 0.068943065404892 0.073223152384162 0.0598826341331005 0.0677450135350227 0.0147102277725935 0.0229252334684134 0.0111207626760006 0.0148543988354504 0.0233930148184299 0.028700334392488 0.0206070490181446 0.0180669266730547 0.0281633811071515 0.028482392989099 0.0160737527534366 0.0163404066115618 0.0133483958430588 0.0100317813456058 0.0452743969857693 0.0870772235095501 0.0344170812517405 0.0676069095730782 0.0232767518609762 0.0247537951916456 0.00854878546670079 0.0120734918862581 0.0197392411530018 0.0095564441755414 0.0647051457315683
0.0148433422669768 0.0500710554420948 0.0325389988720417 0.0464451160281897 0.0578099031001329 0.0470439594238996 0.0216104848310351 0.024272620305419 0.0174556577578187 0.0505750730633736 0.0163019653409719 0.0551414731889963 0.013549499027431 0.021408555842936 0.0304257664829493 0.0112750079948455 0.0207827469334006 0.0351438580080867 0.0103121142834425 0.0256933555006981 0.0307770594954491 0.0195076122879982 0.0333719985559583 0.023546788841486 0.0184155151247978 0.023654799349606 0.022329980134964 0.0191639190539718 0.0222480872645974 0.0242186222225428 0.0108095992356539 0.0310298688709736 0.0304620675742626 0.0135330870747566 0.0144804202020168 0.0404509373009205 0.0163111437112093 0.016929435916245 0.056558583676815 0.0376361599192023 0.183526234328747 0.0245684062596411 0.190967854857445 0.0158655615523458 0.0103136303834617
0.0217713030055165 0.043989684060216 0.0584847211837769 0.0446518547832966 0.0352788552641869 0.0204485204070807 0.0305573152378201 0.0178977150470018 0.0231486178934574 0.0511159855872393 0.156145697832108 0.0493278451263905 0.0148728323169053 0.0242408206686378 0.0118007828481495 0.00927094025537372 0.0114196166861802 0.0336993874981999 0.0120372255332768 0.0220433030277491 0.015691704582423 0.0104965540580451 0.0138512133620679 0.0311731325462461 0.0207529472187161 0.0303696924820542 0.0219595562666655 0.0183492420241237 0.039857679978013 0.0172865418717265 0.0145278748124838 0.0292045770213008 0.0152344415895641 0.0264619356021285 0.0211797155439854 0.0214457396417856 0.049317629635334 0.0588437385857105 0.0574762530624866 0.051999244093895 0.0137654173187912 0.0121838713996112 0.0101715698838234 0.0139332794584334 0.0168820109218359
0.024392575584352 0.0344403326511383 0.0866505220532417 0.308719378709793 0.0440638620406389 0.0168978396803141 0.0261829892173409 0.0244441356509924 0.0621083460748196 0.11569649875164 0.139707410335541 0.0366268828511238 0.0227261072024703 0.0164078149944544 0.012843356654048 0.0120189012959599 0.0166115714237094 0.0189463356509805 0.0120663781650364 0.0353558139875531 0.0269683159887791 0.0328159151598811 0.025116553157568 0.0146953566931188 0.0258432073518634 0.0214480245485902 0.0210079472512007 0.0165903460234404 0.0270707447081804 0.0185669597238302 0.00553106628358364 0.0162849204614758 0.0136757991276681 0.0123076329007745 0.0111949594691396 0.0158824240788817 0.0112985241226852 0.032910281419754 0.020172319188714 0.0146652527153492 0.0319713559001684 0.0110149301588535 0.0148402614519 0.0116516344249248 0.0136190026067197
0.0323597773909569 0.04367979131639 0.0251549551263452 0.049143373221159 0.0527486447244883 0.0448329281061888 0.106095293909311 0.37597354054451 0.143292949348688 0.0787193395197392 0.0384240761399269 0.0646391645073891 0.0404069740325212 0.0438591541722417 0.0417745064944029 0.0157563740387559 0.0488269332796335 0.0345527170225978 0.0212717782706022 0.0240524319931865 0.0307126194238663 0.029944097623229 0.0264972481876612 0.0222510291263461 0.0224222078919411 0.0467202182859182 0.0419181570410728 0.0202230842784047 0.0208353923633695 0.0161535525694489 0.035394337400794 0.0162325385957956 0.0100743407383561 0.0129994374699891 0.0124102072790265 0.0427665282040834 0.029598618298769 0.0168703489005566 0.0401606917381287 0.0230882244184613 0.0284395564347506 0.0899906978011131 0.0817387767136097 0.00997052500024438 0.0247424861416221
0.341267186403275 0.0427432950586081 0.0772608824074268 0.156167414784431 0.0433425862342119 0.0939480978995562 0.186769020557404 0.210842701792717 0.0338371049612761 0.0509589038789272 0.0169744247570634 0.042954333499074 0.0216377789154649 0.048962764441967 0.0104057698976248 0.0218210151419044 0.0228747019544244 0.0174429217353463 0.0172629039734602 0.0405388092622161 0.0287500385195017 0.0259309828281403 0.0290417730808258 0.00877884579822421 0.0256690178066492 0.0196898913010955 0.0983479864895344 0.0872275702655315 0.0202078931033611 0.01790373288095 0.0356016524136066 0.0291137732565403 0.0308145359158516 0.0146806007251143 0.0105935713276267 0.016056577116251 0.0252861261367798 0.0153963055461645 0.0121635054238141 0.0127648757770658 0.0254233011044562 0.0270667191594839 0.0199923580512404 0.0204370336607099 0.0413697816431522
0.0499387413263321 0.0826026558876038 0.053708216547966 0.194894601404667 0.069554827734828 0.0458624921739101 0.0827175043523312 0.0566557109355926 0.0765216834843159 0.0708959750831127 0.062675904110074 0.0161640668287873 0.0204348891973495 0.01224844167009 0.0117742658592761 0.0204468505457044 0.0512489952147007 0.0183168144896626 0.018321300111711 0.0407169256359339 0.0184331282973289 0.0302245028316975 0.0126749378629029 0.0256421577185392 0.024248755723238 0.0220648661255837 0.0229908335022628 0.040427315607667 0.0473944269120693 0.0964087463915348 0.0737442322075367 0.0346728060394526 0.0529492244124413 0.0148055398836732 0.0325743235647678 0.0560302264988422 0.0580217633396387 0.0325124491006136 0.0431263241916895 0.023589127138257 0.0250777818262577 0.0245848767459393 0.0540086958557367 0.129033371806145 0.318297025561333
0.0637045547366142 0.0212242318317294 0.195747911930084 0.0365163322538137 0.185510262846947 0.0137927269563079 0.0511828798800707 0.0523667063564062 0.0386625647544861 0.0246248504146934 0.0278223415836692 0.0166066784411669 0.126238795369864 0.159116286039352 0.0523892540484667 0.0247932236641645 0.0396156242117286 0.0288418523967266 0.03141950070858 0.030660898797214 0.0117215574719012 0.0118459134362638 0.0280044555664062 0.0257857341319323 0.0544169239699841 0.0227016596123576 0.0423114512115717 0.0370352577418089 0.0785265631973743 0.0192959187552333 0.0369389366358519 0.0310896517708898 0.0367963444441557 0.0352108132094145 0.0313606552779675 0.0259887238964438 0.0689748108386993 0.0324849897995591 0.023856982961297 0.034219029545784 0.0157527858391404 0.0854677483439445 0.154412750899792 0.295875105261803 0.764410591125488
0.0270727496594191 0.0515905771404505 0.0550399735569954 0.0461871232837439 0.0393073175102472 0.0335620522499085 0.0345920365303755 0.0613881208002567 0.0429609049111605 0.0442723609507084 0.0681879971176386 0.121744292229414 0.0217566078528762 0.052587403357029 0.0924686141312122 0.0218934984877706 0.026635667309165 0.0341642137616873 0.0356963826343417 0.0314300352707505 0.0681620828807354 0.0284959103912115 0.0256882900372148 0.0251307217404246 0.0541106432676315 0.0219824239611626 0.0517364196479321 0.0502524625509977 0.0334309857338667 0.0169112969189882 0.0735908813774586 0.0294567808508873 0.0583904400467873 0.0512300349771976 0.0275989327579737 0.0580678224563599 0.0293305464088917 0.0157418774440885 0.0713206335902214 0.0997383244335651 0.0209331018850207 0.0665166065096855 0.0992922656238079 0.144207519292831 0.144822834432125
0.155058166384697 0.103448066115379 0.131636041402817 0.0449418999254704 0.0420593488961458 0.0366899631917477 0.0270790496841073 0.0384615764021874 0.0729683622717857 0.0360415522009134 0.046341535449028 0.0324220854789019 0.0159446195699275 0.0317912282422185 0.0476387847214937 0.0183504979126155 0.0862180940806866 0.0721274472773075 0.0261931819841266 0.0405939873307943 0.0189686542376876 0.0253863628953695 0.0217546474188566 0.0156213873997331 0.033503831923008 0.0886916592717171 0.0482931710779667 0.0517572581768036 0.0491871751844883 0.032928779348731 0.0420948579907417 0.0311465220525861 0.035487075522542 0.0133849285542965 0.0490174923092127 0.0288393570110202 0.0367679718881846 0.0180057538673282 0.0347470507025719 0.0128757574595511 0.082724467664957 0.0240643283352256 0.0117210824973881 0.0314778733998537 0.0232268719002604
0.105414118617773 0.256209442019463 0.0469604752957821 0.131500443816185 0.0574696898460388 0.0481964901089668 0.0101801556535065 0.0565756119787693 0.0366164427250624 0.085213265568018 0.0246438138186932 0.0195697911083698 0.0214332919567823 0.041622406244278 0.0610344391316175 0.0550477743148804 0.0587485183030367 0.0279371649026871 0.0736916959285736 0.06895831823349 0.0506485234946012 0.0422370817512274 0.0143145250156522 0.0259010395035148 0.048079002648592 0.0515872642397881 0.0748536646366119 0.0521519660949707 0.0182187965139747 0.0458127103745937 0.0449757978320122 0.0509073249995708 0.0476462837308645 0.0133366839028895 0.0343726124614477 0.038797540217638 0.0213929779827595 0.0193780332803726 0.0204141920432448 0.0180725801736116 0.0359698932617903 0.0136805906891823 0.0147080976516008 0.0155141932889819 0.0254456162452698
0.0691151656210423 0.0888406783342361 0.0506796684116125 0.0822256661951542 0.0786245755851269 0.0345096757635474 0.0579143412411213 0.0505751460790634 0.0349001601338387 0.0359472814947367 0.0409507039934397 0.0339105617254972 0.0179571885615587 0.0369284439831972 0.0932929426431656 0.0625018931925297 0.185775814950466 0.0546644814312458 0.0321817647665739 0.084235655516386 0.0568311475217342 0.0220690134912729 0.0241103453561664 0.0184397427365184 0.0178656922653317 0.022241866029799 0.0219826055690646 0.0193126453086734 0.0233842886984348 0.0214507799595594 0.0468125205487013 0.00674078986048698 0.012581944745034 0.0153491316363215 0.0207877641543746 0.0170167045667768 0.0599962498992681 0.0192012468352914 0.083269277215004 0.0535189520567656 0.0338442713022232 0.0136749375611544 0.0129922912456095 0.0130062173120677 0.0408229533582926
0.0355648636817932 0.0490986943244934 0.0162880387157202 0.0514969453215599 0.0241529330611229 0.0415071073919535 0.0187876446172595 0.0521371353417635 0.0194807363674045 0.0787150584161282 0.0373195424675941 0.0365133214741945 0.0381664074957371 0.034437620639801 0.0768418900668621 0.0576707072556019 0.038605422526598 0.0409492664039135 0.0396156303584576 0.0404655624181032 0.0773580878973007 0.0235915720462799 0.0541808355599642 0.00956165306270123 0.0126363579183817 0.00722799287177622 0.0206560166552663 0.036883382126689 0.0197369381785393 0.0258914779871702 0.0208242135122418 0.0095635631121695 0.0158353969454765 0.0215917587280273 0.0179926643148065 0.017994286864996 0.0217251868918538 0.00955100599676371 0.0234666841104627 0.0257295152172446 0.0216785438358784 0.0166601024568081 0.0288526376709342 0.0313336778432131 0.0601816203445196
0.0545544397085905 0.0436719238758087 0.0607003543525934 0.116246348619461 0.0536624930799007 0.0494063418358564 0.0419509496539831 0.0663849353790283 0.0162994045764208 0.03821185156703 0.0235133348032832 0.0284594357013702 0.0502288326621056 0.0309867892414331 0.0268696490675211 0.0360873624682426 0.0322698714211583 0.0250083023682237 0.0111420500092208 0.0393768597394228 0.051948344707489 0.0278574679046869 0.00993361044675112 0.0100230826996267 0.024013445712626 0.0225690189749002 0.019504844583571 0.0165387876331806 0.0146041943691671 0.0150088966824114 0.0193187974393368 0.0219303198158741 0.0182217890396714 0.025706023350358 0.0180359434336424 0.0660448767244816 0.0392933368682861 0.0382040165364742 0.0100589066743851 0.0078834930434823 0.00775375943630934 0.00706364321522415 0.00696388990618288 0.00565950912423432 0.0121284165419638
