Scripts_&_data/Maxent_result_files_2/B_bohemicus_3.asc
NCOLS 594 
NROWS 330 
XLLCORNER -15 
YLLCORNER 23 
CELLSIZE 0.166666666666667 
NODATA_value -9999 
[rows 160 to 179 of 330, columns 405 to 449 of 594]
0.000118764684521011 9.14103842660552e-05 0.000198838423966663 0.000184807767800521 9.237341946573e-05 0.000193584349472076 0.000202985074429307 8.14740840723971e-05 0.000147809939517174 0.000121102025150321 7.21986179996748e-05 0.000177758440258913 0.000177011101914104 0.000112326981616206 7.14908606823883e-05 9.23422452615341e-05 0.000110559427048429 0.000125081890291767 4.4399989383237e-05 0.000111659496178618 3.31507404553122e-05 9.32151870074449e-05 0.000187661305244546 0.000172842780011706 0.000119316514974344 0.00022084472439019 0.000344481279898901 0.000155453557090368 9.33931194595061e-05 9.8433827952249e-05 7.24432713468559e-05 5.04398998600664e-05 5.22648635524092e-05 9.95973732642597e-05 0.000848061358556151 0.00245898894499987 0.00251236429903656 0.000217815084033646 0.000129965933592757 5.45142414921429e-05 1.65850724897609e-05 1.7350793677906e-05 1.65393361839961e-05 1.57901964485063e-05 1.79342569936125e-05
4.05808097639238e-05 3.50903417711379e-05 3.38921825459693e-05 9.90928339888342e-05 3.66142976417905e-05 3.68807421182282e-05 8.01501992100384e-05 5.06022941408446e-05 6.42989418338402e-05 0.000111885432124836 5.03087258039159e-05 4.92575805765227e-05 8.14770810393384e-05 0.00010667281167116 8.55929731187644e-05 9.07323446881492e-05 0.000111720347194932 9.17816440050956e-05 0.000103633658363833 0.000145852889545495 0.000142737891292199 0.000199121613695752 0.000162460051069502 9.36273721890757e-05 0.000120661558321444 0.000290937800309621 9.6619596297387e-05 0.000283977048820816 0.00030274547461886 0.000136473158636363 0.000177644232462626 4.459660158318e-05 5.81722350034397e-05 3.2193067818298e-05 9.41460479225498e-05 3.00423679618689e-05 2.69308677161462e-05 4.77923826110782e-05 5.01135400554631e-05 1.45713828260341e-05 1.639266301936e-05 2.1826455667906e-05 2.09997204365209e-05 2.12517213185492e-05 2.61551730545762e-05
3.99209673560108e-05 3.45433018082986e-05 3.08548236716888e-05 7.37592863515601e-05 3.07480566334561e-05 3.2606383865641e-05 2.83820335425844e-05 2.1877517883695e-05 5.03891798871337e-05 2.14392877751379e-05 4.9184555427928e-05 9.99243547994411e-05 0.000102444109506905 1.87988768630021e-05 7.15214519004803e-05 0.000108490644197445 8.08244856671081e-05 0.000111502559229848 3.27414480125299e-05 0.000112047486982192 0.000112609921779949 0.000136623456637608 0.000147495912824525 0.000253047043224797 0.000168716961343307 0.000199298105144408 0.000291074687265791 0.000140810846642125 0.000148209039616631 0.000138538507599151 0.000257818189857062 0.00016154508703039 7.14726465957938e-05 0.000261465873336419 9.14859290787717e-05 0.000109655189226032 3.13239563183743e-05 2.02018404706905e-05 1.57243292960629e-05 1.42324999615084e-05 1.50818068959779e-05 1.51369608374807e-05 1.61411366661923e-05 1.86113641575503e-05 2.33355662203394e-05
3.03170827464783e-05 3.11302757836529e-05 3.00734040138195e-05 7.13920620910358e-05 2.44905962972553e-05 2.38333834204241e-05 2.53262220212491e-05 2.67572677330463e-05 2.2639417238679e-05 2.42207795054128e-05 2.4468816445733e-05 2.38274842558894e-05 1.95980243915983e-05 4.95178277560626e-05 4.95255586429266e-05 5.00028107126127e-05 2.72567131105461e-05 8.29797700134804e-05 8.01555857833591e-05 3.65744861483108e-05 3.71585272660013e-05 4.21468555941828e-05 0.000108917741090409 3.83369964765734e-05 4.38736558862729e-05 5.69578904105583e-05 0.000413834018399939 0.000284117111004889 0.00018467927511665 0.000152250816609012 0.000176931188616436 0.000156705988774775 0.000129280584224034 0.000131791717649321 0.000100061896773695 8.91801248144475e-05 2.57533835792856e-05 1.76462659510435e-05 1.50184419453581e-05 1.38887770390284e-05 1.55791730321653e-05 1.46989061249769e-05 1.50703077906655e-05 1.66489729053865e-05 1.83305855898652e-05
2.73490631116147e-05 2.6586894182401e-05 2.57032861554762e-05 2.66197586825001e-05 2.53158621490002e-05 2.37303143876488e-05 2.21157873966149e-05 2.17017903196393e-05 2.31259743486589e-05 2.46104478719644e-05 2.56621565313253e-05 2.6337969393353e-05 2.25052506721113e-05 1.84890464879572e-05 1.96288352526608e-05 1.96365613192029e-05 5.25912993907696e-05 3.06571912005893e-05 4.33990691817598e-05 0.000141333188366843 0.000151575281051919 5.06106354805524e-05 4.57235310022952e-05 3.92469737562351e-05 4.70992667032988e-05 4.75572513096267e-05 5.17342767125228e-05 7.26926537026884e-05 0.000204335627495311 0.000117425428106799 0.000123136675756541 4.43358354459633e-05 0.000163604756380664 8.81248577570659e-05 3.2815281792864e-05 3.15005610900698e-05 2.08494961043471e-05 1.51244268636219e-05 4.29782094215625e-05 1.3730907903664e-05 1.6576841881033e-05 1.67331982993346e-05 1.57543155637541e-05 1.65142795594875e-05 1.81527168024331e-05
2.51349330028461e-05 2.48263645517e-05 2.43539775510726e-05 2.42160913330736e-05 2.35031509873807e-05 2.28430090828624e-05 2.25600590965769e-05 2.43525654695986e-05 2.27551823627437e-05 2.27872232244408e-05 2.22027529162006e-05 2.16861420994974e-05 2.28435067583632e-05 2.56341270869598e-05 2.42471397541522e-05 1.95249599528324e-05 2.04337989998749e-05 7.17191298463149e-05 3.44783989930875e-05 4.67989912067424e-05 5.58559386263369e-05 6.51665912300814e-05 4.89594218379352e-05 0.000136658153496683 5.23302842339035e-05 5.06039436004357e-05 5.24237797435489e-05 0.000271227436314803 5.92027616221458e-05 5.91909589275019e-05 0.000140030321199447 6.63441856886493e-05 6.24989355856087e-05 4.49274039056036e-05 3.51759226759896e-05 2.9639568310813e-05 2.26690760428028e-05 3.70858646419947e-05 1.31535672608152e-05 1.18911405479594e-05 1.47939613270864e-05 1.38450024223857e-05 1.24250894714351e-05 1.1748364477171e-05 1.08000160253141e-05
2.46014040385489e-05 2.29646164370934e-05 2.35587403039972e-05 2.41041677327303e-05 2.32010301260743e-05 2.23220360567211e-05 4.98101047924138e-05 2.16469808947295e-05 2.14076583688438e-05 2.20427483327512e-05 2.15316600588267e-05 2.27070382607053e-05 2.09308998819324e-05 2.40803117776522e-05 2.45406138674298e-05 2.48875699071505e-05 2.50041438448534e-05 2.58385069173528e-05 3.29423372022575e-05 4.0007726965996e-05 4.81234328617575e-05 5.53678935830248e-05 4.57849237136543e-05 5.70265921851387e-05 7.17790735507151e-05 6.35875931038754e-05 5.30349570908584e-05 0.000588392399367876 0.00186256095767021 6.95988353982102e-05 6.79195713018999e-05 6.70475350489141e-05 5.9778508511954e-05 6.01462426857324e-05 4.30942236562259e-05 0.000172462472255575 2.39695473283064e-05 1.56885360411252e-05 1.36858123823913e-05 1.1408887894504e-05 1.36417650082876e-05 1.20172122478834e-05 9.87335411082313e-06 9.01336611605075e-06 8.15830151168484e-06
2.52420039032586e-05 2.35670933761867e-05 2.28283949581964e-05 6.12629872193793e-05 2.39206539845327e-05 2.10967639759474e-05 2.1080216174596e-05 2.1250273402984e-05 2.14084331673803e-05 2.19008328713244e-05 2.18611453419726e-05 2.10790594792343e-05 1.80599783561775e-05 1.7713659144647e-05 1.94350658603071e-05 2.76506611044169e-05 3.40304139172076e-05 2.93687195153325e-05 3.21683683068841e-05 3.9249837573152e-05 9.75719794951146e-05 0.00015313423864427 5.58565723622451e-05 7.40965788281756e-05 6.9997226819396e-05 6.68645305268001e-05 7.80724669311894e-05 7.06560800608713e-05 6.47048105747672e-05 6.82862944813678e-05 7.29380961274728e-05 6.91224624461029e-05 7.83546835009474e-05 6.6274221171625e-05 4.20144289819291e-05 3.32093162796809e-05 2.37095021475398e-05 4.5398646943795e-05 5.22334941706504e-05 1.19261400413961e-05 1.3378732592173e-05 1.18816430131119e-05 2.2491988602269e-05 9.34463496378157e-06 7.42616214211012e-06
2.53904654528014e-05 2.3923693515826e-05 2.12501204259752e-05 2.04620377189713e-05 1.97544852198916e-05 1.94983490473533e-05 2.00505537577556e-05 1.91553375771036e-05 1.81527026143158e-05 1.76169881342503e-05 1.88985727618274e-05 2.01152061890753e-05 1.86248446880199e-05 1.61139952979283e-05 2.15341229704791e-05 2.43356438659248e-05 3.2144087163033e-05 3.35728525897139e-05 2.93487164526596e-05 3.75577101294766e-05 4.29048674050136e-05 5.5982005505939e-05 6.45424330286914e-05 7.20255102351075e-05 7.63188087148592e-05 7.45629353332333e-05 7.38002796424553e-05 8.37000385217834e-05 0.00037931671977276 6.61661717458628e-05 8.25042057840619e-05 9.00481038115686e-05 7.78070650994778e-05 6.5518722840352e-05 4.93100626044907e-05 3.80281126126647e-05 2.36929578932177e-05 7.29543175111758e-05 2.39598514781392e-05 1.80280109816522e-05 1.415340125277e-05 1.01430643553613e-05 8.50598016768345e-06 7.38285509669367e-06 6.12996154814027e-06
2.48371191446495e-05 2.26493092668534e-05 2.03266638891364e-05 1.84153598638659e-05 1.7655100873526e-05 2.11738726648036e-05 1.99839862034423e-05 1.92141419574909e-05 1.61100589139096e-05 1.72873749761493e-05 1.81249060915434e-05 1.96571958440472e-05 1.84132264621439e-05 1.44737984555832e-05 6.42251812678296e-05 2.22030838813225e-05 2.61963532466325e-05 4.38919190855813e-05 4.74413389383699e-05 5.21315432706615e-05 5.02341037645238e-05 6.35428186797071e-05 7.19667230441701e-05 7.30294461391168e-05 8.14048547908897e-05 0.000100889256282244 9.3667614783044e-05 9.49008011957631e-05 7.75010677898536e-05 8.9260695676785e-05 7.83914067142177e-05 8.15685893030604e-05 9.05464388779365e-05 7.62496900279075e-05 5.69064410228748e-05 4.11454549976042e-05 3.68001816241303e-05 3.38223537255544e-05 2.54874551501416e-05 2.63654017544468e-05 1.64409633725882e-05 1.1764222790589e-05 9.11630354494264e-06 6.79358099660021e-06 5.57948692403443e-06
2.31475552936899e-05 2.2776698187954e-05 2.01313176148687e-05 1.93851995391015e-05 2.22480140109838e-05 1.99833364604274e-05 1.82956663593359e-05 1.77516888470564e-05 1.47319477036945e-05 1.56808085193916e-05 1.6002931897674e-05 1.81523882929469e-05 1.84787321813928e-05 1.56045867697685e-05 2.12626067877864e-05 2.49313476160751e-05 2.6292989605281e-05 3.4274554309377e-05 4.35217154517886e-05 4.01094855988049e-05 4.97357992571779e-05 5.55951406568056e-05 7.23542219930096e-05 7.70008569816127e-05 7.01182831107872e-05 7.23692257452058e-05 8.24887567432597e-05 7.36184290872188e-05 7.05093054421013e-05 7.24662255379371e-05 6.79484790452989e-05 8.14755338069517e-05 9.04632001038408e-05 6.87401417962974e-05 4.61825928141479e-05 4.41791369667044e-05 5.00678785101627e-05 5.28182124980958e-05 3.87948879506439e-05 2.77565151918679e-05 1.9452368360362e-05 1.37714654101728e-05 9.85885048976343e-06 8.36193603390711e-06 6.52471894682094e-06
1.68781595675682e-05 2.04454298000201e-05 1.76575872501417e-05 1.64109744218877e-05 1.82537828550267e-05 1.98474570424878e-05 1.42136225804279e-05 1.23276483463997e-05 1.35159226374526e-05 1.44574542900955e-05 1.53070604028471e-05 1.68843759638548e-05 1.6843569210323e-05 1.5555060144834e-05 1.94970675693185e-05 2.30943732276501e-05 2.81649945463869e-05 2.95014770017588e-05 3.61743932444369e-05 3.56856637154124e-05 4.22183840782964e-05 4.65441275082412e-05 4.03761221605237e-05 5.85730242164573e-05 6.1655895478907e-05 5.65809903491754e-05 5.54983729671221e-05 6.41666701994836e-05 7.86896816862281e-05 0.000360754440771416 7.08747440512525e-05 7.05495600413997e-05 8.24295781058026e-05 7.36740112188272e-05 5.62534969503758e-05 6.46500109724002e-05 6.44767282210523e-05 5.19751627507503e-05 4.39568008005153e-05 2.95911057037301e-05 2.1798372745252e-05 1.68176324223168e-05 1.30926273868681e-05 8.96292999641446e-06 7.09272135281935e-06
1.9467757010716e-05 1.9261643410573e-05 1.7156471767521e-05 1.41228698339546e-05 1.38106137455907e-05 1.26469929455197e-05 1.23233362501196e-05 1.1775338634834e-05 1.27009827338043e-05 1.34933497974998e-05 1.45402355883562e-05 1.49261127262434e-05 1.22962218028988e-05 1.46437581861392e-05 1.78838439751416e-05 1.62355244356149e-05 1.94779869161721e-05 2.01976103198831e-05 2.58884665527148e-05 2.75005766525283e-05 3.26046225382015e-05 3.69748444427387e-05 4.34078630860313e-05 4.24788489908678e-05 4.38544764620019e-05 4.61915602500085e-05 5.41721226909431e-05 4.69827640699805e-05 6.22398820269154e-05 6.24801348749315e-05 6.22480238234857e-05 6.34546318906359e-05 6.05801677011186e-05 6.70190540404292e-05 6.17783956840867e-05 5.93057444348233e-05 8.4765125575359e-05 7.672612046008e-05 4.45099225544254e-05 3.01821788525558e-05 2.28901410082472e-05 1.98510813788744e-05 1.47890144035046e-05 1.38168203193345e-05 8.10962537798332e-06
1.63863815942022e-05 1.61868611940008e-05 1.47406221913116e-05 1.44066601933446e-05 1.63741146934626e-05 1.30286573494232e-05 1.15453917260311e-05 1.12945298496925e-05 1.06470527498459e-05 1.14846700853377e-05 1.27003060242714e-05 1.52805132529465e-05 1.28985780975199e-05 1.90812902474136e-05 1.28834920815279e-05 1.42526233503304e-05 2.23154654122482e-05 2.11783204576932e-05 2.52922880463302e-05 2.94977298835875e-05 2.8630703491217e-05 2.70836235358729e-05 3.35119617375312e-05 3.70266576283029e-05 4.39602359620039e-05 4.36974743934115e-05 3.90567487556837e-05 8.58060702739749e-05 4.57660791653325e-05 4.95254469569772e-05 5.01144500958617e-05 4.83696321680327e-05 5.2360813060659e-05 4.97840761454427e-05 5.0224517872266e-05 5.27614934981102e-05 9.48411747231148e-05 7.06188911863137e-05 4.34441470133606e-05 3.3256097958656e-05 2.53442037319473e-05 1.96249418877414e-05 1.66108017765509e-05 1.20241603781324e-05 9.55921091190248e-06
1.90274447049887e-05 1.58570585881535e-05 1.52058670209954e-05 1.63203833835723e-05 1.70771936609526e-05 1.50592883073841e-05 1.5131663349166e-05 1.24547343602899e-05 1.02014910680737e-05 1.25160104289535e-05 8.65335600792605e-06 9.69932898442494e-06 1.22647891203087e-05 1.32643489905604e-05 1.15160038149043e-05 1.05068336779368e-05 1.18913327241899e-05 1.54306892909517e-05 1.87274784366309e-05 2.6145114134124e-05 3.59634748747339e-05 3.29880644130753e-05 3.36609704390867e-05 4.20085814766935e-05 4.45782232418423e-05 4.0241615351988e-05 2.59734301835124e-05 2.83020332062733e-05 7.57413421524689e-05 3.9086610195227e-05 4.73478436106234e-05 4.55572826467687e-05 4.4081088162784e-05 3.9777903657523e-05 4.25433472628356e-05 5.82407159527065e-05 9.50222005485557e-05 6.22652212769026e-05 5.84472174523398e-05 3.63383316653199e-05 2.64406683527341e-05 1.93600901184254e-05 1.40792257298017e-05 1.00060562999715e-05 1.03312325336447e-05
1.67255525411747e-05 1.56331722791947e-05 1.98785476641206e-05 2.82136211353645e-05 2.10707236874441e-05 2.03338187930058e-05 1.62672999977076e-05 1.33185221329768e-05 1.09266861272772e-05 9.45928522924078e-06 8.88329800545762e-06 8.87068372321664e-06 1.08587365957646e-05 1.14444844257378e-05 1.05953685761051e-05 1.08828345673828e-05 1.17008835331944e-05 1.20158640584123e-05 1.52172231537406e-05 2.1519666097447e-05 2.63945972619695e-05 2.87766173642012e-05 3.87574466003571e-05 3.93921633076388e-05 3.40774806318223e-05 3.32480904035037e-05 2.84050558548188e-05 2.26285073040344e-05 1.8256355815538e-05 2.78064255326171e-05 3.04742015941883e-05 3.23260421282612e-05 3.27244228174095e-05 3.83709950256161e-05 4.54271759736002e-05 6.88667383656139e-05 8.46067578095244e-05 5.79724717681529e-05 5.50845314137405e-05 4.20659349401831e-05 2.74655156317749e-05 1.87142844879418e-05 1.41245687245828e-05 1.38917283948103e-05 1.15690366328636e-05
1.9087438522547e-05 1.49438885728159e-05 1.50280409798143e-05 1.89394589142466e-05 1.74311994669551e-05 1.93835565369227e-05 1.63535860338015e-05 1.28829613458947e-05 1.12745557089511e-05 1.03905883861444e-05 1.03963983747235e-05 8.68142892613832e-06 1.02653916655981e-05 1.37316296786594e-05 1.22788659609796e-05 1.36522764478286e-05 1.74091002918431e-05 1.88575045285688e-05 2.07909626624314e-05 2.23228127651964e-05 1.83675531843619e-05 1.80028051545378e-05 2.31691281442181e-05 2.33015638514189e-05 2.37333653785754e-05 2.35936176068208e-05 2.06977977541101e-05 4.31719408879871e-05 1.76905525222537e-05 2.41604059738165e-05 2.35410579080053e-05 2.24235550376761e-05 2.43474718445213e-05 3.06844895021641e-05 5.97639009356499e-05 7.6443412763183e-05 6.04531160206534e-05 4.7339787670353e-05 4.88456989842234e-05 3.37426237820182e-05 2.40830565417127e-05 1.88553976840922e-05 1.83814534466364e-05 1.34006144890009e-05 1.20655879982223e-05
1.91850170267571e-05 1.48175520280347e-05 1.32763340388919e-05 1.52167403030035e-05 1.47635026223725e-05 1.57614103954984e-05 1.62505368280108e-05 1.37254579840373e-05 1.06726526610146e-05 9.52014297581627e-06 8.83806942511001e-06 7.46395294299873e-06 9.10867524908099e-06 9.39093006309122e-06 1.15874780476588e-05 1.15045481834386e-05 1.21478828532418e-05 1.53657938426477e-05 1.41956872539595e-05 1.8089829791279e-05 1.98689070202818e-05 2.0128453070356e-05 2.24976076424355e-05 2.53123735092231e-05 2.806138163578e-05 2.85227552012657e-05 2.38749375057523e-05 1.85448507181718e-05 1.73214080859907e-05 1.79789055437141e-05 2.23205107431568e-05 2.25134089305357e-05 2.5574976552889e-05 3.69931443856331e-05 5.8232303490513e-05 8.31196095532505e-05 4.71391022074386e-05 3.79706538296887e-05 3.43162986609968e-05 2.5547364657541e-05 2.52656126576767e-05 1.815391724449e-05 1.47743559864466e-05 1.44809719131445e-05 1.36936783292185e-05
1.90211388144235e-05 1.54882969582104e-05 1.31095735468989e-05 1.45286932365707e-05 1.59837173669075e-05 1.57224182657956e-05 1.36822791318991e-05 1.20082006560551e-05 9.5097163466562e-06 9.63125480666349e-06 9.96795270111761e-06 1.00368707080634e-05 8.54028230605763e-06 7.87441545071488e-06 7.84561084401503e-06 1.22745985663641e-05 1.35453411530762e-05 1.68235500495939e-05 1.33977061523183e-05 2.36843621678418e-05 1.97367373402813e-05 1.99595314370526e-05 1.88657668331871e-05 1.91645765880821e-05 2.04012861104275e-05 2.02498892576841e-05 1.92944692571473e-05 1.46090482758154e-05 1.31270163365116e-05 2.20361773244804e-05 1.66216718753276e-05 1.76086114151985e-05 2.76684027994634e-05 3.55945123374113e-05 4.24790052420576e-05 5.64362249861006e-05 3.93146183341742e-05 3.36252553097438e-05 3.4822128873202e-05 2.42110434555798e-05 2.1694157840102e-05 1.70348928804742e-05 1.19259347684419e-05 1.29537098928267e-05 1.76330556314497e-05
1.97582994587719e-05 1.97090621441021e-05 1.59589351824252e-05 1.27008835988818e-05 1.20243343189941e-05 1.06058129404119e-05 9.11094812181545e-06 8.48216027407034e-06 1.04838168681454e-05 1.21775025945681e-05 8.95662983566581e-06 1.0165861567657e-05 1.21495674193284e-05 1.08131947854417e-05 9.96739445326966e-06 9.0032878688362e-06 9.54258257479523e-06 9.89457862488052e-06 9.87469447863987e-06 1.20515670460009e-05 1.43148548886529e-05 1.29485845718591e-05 1.5255277230608e-05 1.65002259564062e-05 1.47221810948395e-05 1.48891870594525e-05 1.22194197501813e-05 1.5665376031393e-05 1.848893271017e-05 1.85816924386017e-05 1.71751823472732e-05 1.69557210938365e-05 2.17329646147846e-05 2.45145030021376e-05 2.34853637266497e-05 2.06764117137936e-05 1.857509068941e-05 1.86579901310324e-05 1.80736831680406e-05 1.86606357601704e-05 1.84931741387118e-05 1.74093269379227e-05 1.46068315189041e-05 1.55840464685753e-05 1.96416996914195e-05
