Scripts_&_data/Maxent_result_files_2/B_bohemicus_3.asc
NCOLS 594 
NROWS 330 
XLLCORNER -15 
YLLCORNER 23 
CELLSIZE 0.166666666666667 
NODATA_value -9999 
[rows 180 to 199 of 330, columns 225 to 269 of 594]
0.006585847819224 0.00666605173610151 0.00308343444485217 0.00850796462036669 0.00856763874180615 0.00441798500251025 0.0370561389252543 0.0469615202397108 0.0344023643061519 0.0533092051744461 0.137649307399988 0.285415594279766 0.16563980281353 0.260050842165947 0.202243322879076 0.346692630648613 0.0868125531822443 0.0992031913250685 0.0458479756489396 0.0121366764418781 0.0172018223442137 0.0188543972559273 0.00186089997878298 0.00138096227310598 0.00472192200832069 0.00469246869906783 0.00329415928572416 0.0043216077843681 0.0243239041417837 0.00224195374175906 0.00660097198560834 0.00488558625802398 0.00636453004553914 0.0080260687507689 0.0106748851947486 0.00720609715208411 0.00552398725412786 0.00855185305699706 0.00980111267417669 0.0156795486807823 0.0192016739398241 0.00629265801981091 0.0114786471240222 0.00571563763078302 0.0051491585560143
0.00874909944832325 0.0103751408401877 0.0149067463353276 0.0093273957259953 0.00327852657064796 0.00669932630844414 0.0467907276004553 0.0511102855205536 0.0391719006001949 0.0257876459509134 0.0237554954364896 0.0882830008864403 0.126370653510094 0.507079592347145 0.492649671435356 0.253699147701263 0.147583659738302 0.0812216680496931 0.042671487480402 0.0203739199787378 0.0201096501201391 0.00500714068766683 0.00324871086049825 0.00603870316408575 0.00125840164255351 0.00497744586318731 0.00085525261820294 0.000692136993166059 0.00264413382392377 0.000789481017272919 0.00474789920262992 0.00734546133317053 0.0133847870863974 0.00571438386105001 0.00983710931614041 0.00874352036044002 0.00181774342199787 0.0101320823654532 0.0081332883797586 0.00887562753632665 0.0153202794492245 0.0171463410370052 0.0149814859032631 0.00272797010838985 0.0133735870942473
0.00879672602750361 0.00150799311231822 0.00320735035929829 0.00156759559758939 0.00105606524739414 0.00154242621501908 0.0146383242681623 0.0105785602703691 0.0187352558597922 0.0391967611387372 0.101174203306437 0.0545644048601389 0.388828602433205 0.395932680368423 0.40490420460701 0.289853477478027 0.13703321442008 0.147839206457138 0.165438111126423 0.090768276527524 0.0200579365715384 0.00549365137703717 0.00770068694837391 0.00354625065810978 0.00140540172578767 0.00093847552780062 0.00446239216253161 0.00299263477791101 0.00237901583313942 0.00060263717896305 0.00458075171336532 0.00446668826043606 0.00713573484681547 0.00600584354251623 0.00783596159890294 0.00507367420941591 0.00329693311359733 0.010549992043525 0.0104098672047257 0.0151411021128297 0.0121044492349029 0.0129269373603165 0.0169193646870553 0.0151584228500724 0.0044724732870236
0.00142040157224983 0.00133122811093926 0.00128568523796275 0.0019238170934841 0.00396698145195842 0.00399281724821776 0.00515540959313512 0.00515575909521431 0.0089191360399127 0.015418385528028 0.0195585122331977 0.0413885593414307 0.065220807492733 0.160291996598244 0.224014811217785 0.20827771872282 0.237133398652077 0.275961323082447 0.125654485821724 0.0385780043900013 0.0182163262739778 0.013769715372473 0.0155368277803063 0.00200142897665501 0.00102161992108449 0.00148662340361625 0.00138638544594869 0.00296449742745608 0.000444065421470441 0.00263821962289512 0.0012234385299962 0.00439230401534587 0.00429342552088201 0.00315275329630822 0.00291825006715953 0.00240795062854886 0.00243137504439801 0.00472672297619283 0.00789460460655391 0.117183338105679 0.00714911064133048 0.0121835662052035 0.00385467996820807 0.0125283803790808 0.0113461130298674
0.00368652590550482 0.00444551124237478 0.00483480882830918 0.00572500927373767 0.00222431282745674 0.00329043874517083 0.00427796391304582 0.0024715174571611 0.00782334604300559 0.00622792583890259 0.00796180791221559 0.0128489358350635 0.0255730550736189 0.051065931096673 0.0554582193493843 0.27748761177063 0.404410439729691 0.146363824605942 0.141574876755476 0.0365833859890699 0.0647702133283019 0.0095693745650351 0.0175671745091677 0.00387534920591861 0.00286172865889966 0.00260257397312671 0.00445640967227519 0.0022405770723708 0.00260577057488263 0.00275895390659571 0.00957610011100769 0.00278280202765018 0.00360404562670737 0.00208838600665331 0.00802616463042796 0.00365555644966662 0.00148614413337782 0.00201702351914719 0.00262916532810777 0.028872749581933 0.0068087319843471 0.0122357251122594 0.00454069392289966 0.0016006420715712 0.00939852427691221
0.00575679072644561 0.00577516513876617 0.0061162690166384 0.00481061185710132 0.00468743187375367 0.00255861273035407 0.00345734944567084 0.00711706918664277 0.0106210988014936 0.00646281763911247 0.00712567795999348 0.0123137039132416 0.0300827890634537 0.0379034582525492 0.0999181099236011 0.154898303747177 0.398369938135147 0.156003685295582 0.143902398645878 0.0970493726432324 0.0664949040859938 0.044173115119338 0.0166951703839004 0.00198918685782701 0.000816377834416926 0.00118984907167032 0.00337639884091914 0.000465600535972044 0.000367309787543491 0.000754842767491937 0.000906492560170591 0.000971609499538317 0.00319111186545342 0.00198494124924764 0.00159803854767233 0.001801480690483 0.0020949344150722 0.0163465011864901 0.012204509600997 0.0154569814912975 0.0029407309833914 0.00974984387867153 0.0093368886038661 0.011464781453833 0.007804059330374
0.0119510271586478 0.0156281536445022 0.00966743850149214 0.0083929025568068 0.00719226780347526 0.00299129912164062 0.00336705101653934 0.00819360688328743 0.00454463791102171 0.00260330587625504 0.020239264331758 0.00360303393099457 0.00900935558602214 0.00558811789378524 0.0130325650796294 0.0267787337303162 0.0528616044670343 0.0639925926923752 0.0725161548703909 0.034808156453073 0.0503437038511038 0.0326608866453171 0.00898614884354174 0.00628791097551584 0.00150831794599071 0.000741159927565604 0.00284157656133175 0.000883107562549412 0.0020859437296167 0.00124477135250345 0.000796513247769326 0.00235107890330255 0.00215155149344355 0.00550793663132936 0.00100151946535334 0.0021378671284765 0.00247397136408836 0.00441798805259168 0.00880477149039507 0.00112369781709276 0.00510419446509331 0.00390315954573452 0.0179459030739963 0.00431868266314268 0.00589098203927279
0.0661926571279764 0.372711965441704 0.0456489648669958 0.0815031781792641 0.00708557264879346 0.00704251923598349 0.016177302505821 0.00994785847142339 0.0125005516223609 0.0129130568355322 0.0147227528505027 0.0184251124039292 0.00617360095493495 0.0147444507107139 0.00881187375634909 0.0284954968839884 0.0793561615049839 0.0670231189578772 0.0888233069330454 0.0396863076835871 0.0535665540024638 0.139931260794401 0.0569503722712398 0.0136490478180349 0.00219641332514584 0.00187262471299618 0.00221752820070833 0.00158701780019328 0.000539077550638467 0.00121044064871967 0.00490741650573909 0.00417590925935656 0.00128670266130939 0.0018584733363241 0.0054261980112642 0.00133008642587811 0.00487488377839327 0.00262168755289167 0.0034059587167576 0.00536744548007846 0.00684158513322473 0.00701894303783774 0.00862976843491197 0.0042727857362479 0.00666067069396377
0.011711522936821 0.172659642994404 0.708750766515732 0.510351622104645 0.19131780564785 0.00955582158640027 0.00458411988802254 0.00763630336150527 0.00703422171063721 0.0099874809384346 0.0112663477659225 0.0138816042803228 0.01644501760602 0.0197019066661596 0.0166651831939816 0.0150796178728342 0.0205205147154629 0.0465342160314322 0.140934666246176 0.0270962230861187 0.0688154846429825 0.104510364681482 0.0456244386732578 0.0195117197930813 0.00292673327494413 0.000930509460158646 0.00547005846165121 0.000973412161692977 0.00224465822102502 0.000909529434284195 0.000713444402208552 0.00258875908330083 0.00147216338664293 0.000713802548125386 0.00449886033311486 0.00527368914335966 0.00692503731697798 0.00589292370714247 0.00699426322244108 0.00707798800431192 0.00540981930680573 0.00711971982382238 0.0087060434743762 0.00290285744704306 0.0406043160706758
0.0103379415348172 0.127722163498402 0.041923513635993 0.127332753688097 0.114811277389526 0.0198267245665193 0.00626746057532728 0.00152019166853279 0.00514566390775144 0.0095195822417736 0.00695199654437602 0.00745607679709792 0.0086583468131721 0.00513598374091089 0.00199913622345775 0.00845850696787238 0.0358388306573033 0.0322933722287416 0.153873205929995 0.0562326651066542 0.0548390612006187 0.0250436428934336 0.0593202736228704 0.0308052761480212 0.00508394702337682 0.0010927016264759 0.000913322356063873 0.00246201036497951 0.00177648595999926 0.000963433814467862 0.00601334217935801 0.00466795298270881 0.00516498703509569 0.00355277503840625 0.00270665721036494 0.00384288842324167 0.00359297243412584 0.00358723055105656 0.00313068656250834 0.00631143050268292 0.00105020088958554 0.00724181244149804 0.00639634793624282 0.00724087012931704 0.00684694820083678
0.00169421525206417 0.00410786846186966 0.00501257933210582 0.0161940564401448 0.0550012152642012 0.0143716676160693 0.00168207291280851 0.00191174992360175 0.00253246049396694 0.00138342096470296 0.00246852128766477 0.00608851164579391 0.00236382955918089 0.00543365860357881 0.0017065598629415 0.00466908202506602 0.00938111850991845 0.0108628982678056 0.0146924476139247 0.0150117577984929 0.0554509364068508 0.0142443214543164 0.0542180731892586 0.0093822531402111 0.00469357036054134 0.00248348445165902 0.00125838271924295 0.00804084106348455 0.00754811270162463 0.0042563262861222 0.00196049566147849 0.00147316907532513 0.000655792927136645 0.000683791536721401 0.00418091502506286 0.000884415896143764 0.00352330647874624 0.00278465650044382 0.00490504754707217 0.00567506379447877 0.00555802611634135 0.00638069747947156 0.00628553992137313 0.00610779314301908 0.00538159986026585
0.00381386207882315 0.00228756234282628 0.00391645117197186 0.00796889821067453 0.0212835638783872 0.00412471168674529 0.00316356103867292 0.0010016628773883 0.00736437565647066 0.0022792758885771 0.0065740124322474 0.00749195087701082 0.00146493187639862 0.00162716967752203 0.0080538097769022 0.00816848874092102 0.0021756733302027 0.00391628632787615 0.00531155071221292 0.0114273092709482 0.0153546195942909 0.0134918857365847 0.0130023805424571 0.0112118650227785 0.0258317878469825 0.0085322433616966 0.00133116083452478 0.0011913581402041 0.00152033447520807 0.0026958447881043 0.00250874422490597 0.00120621127425693 0.00450147837400436 0.00141018676804379 0.00453727308195084 0.00499006658792496 0.00229927803156897 0.00302988877519965 0.00338853471912444 0.00531229437328875 0.00503923306241631 0.00342043037526309 0.0049041592516005 0.00438519841991365 0.00370994764380157
0.003003119234927 0.00191852706484497 0.00349427801556885 0.0040959061589092 0.00254844914888963 0.00219364479416981 0.00247537971008569 0.00282001765444875 0.00183461895212531 0.0133466543629766 0.00247508333995938 0.0021840973990038 0.00305806752294302 0.00694038891233504 0.0059910184238106 0.00674603772349656 0.00553009691648185 0.00414816280826926 0.00601031575351954 0.0133970045484602 0.0104162497445941 0.00382165375631303 0.0671504829078913 0.0635663293302059 0.0192031568847597 0.00648059016093612 0.00192199010634795 0.00123675159411505 0.000575102047878317 0.00148945489199832 0.00154161982936785 0.00327316971961409 0.00269135534763336 0.00441415626555681 0.00655464632436633 0.00348884093109518 0.000820169536746107 0.00296634151600301 0.00571808398235589 0.00398802310228348 0.00417905754875392 0.00285882301395759 0.00346165185328573 0.00323277958668768 0.00409355950541794
0.0390837445855141 0.00627435981296003 0.00371615055482835 0.0042655210243538 0.00844693291001022 0.0370265182107687 0.064375514537096 0.0989053227007389 0.0248569943010807 0.0173981510102749 0.00545638101175427 0.00386843285523355 0.0136662154458463 0.0300708219408989 0.0365526784211397 0.0151980467140675 0.0100435800850391 0.00820698253810406 0.047402410581708 0.00724905352108181 0.00879900259897113 0.0220126369968057 0.0654646798968315 0.157918199896812 0.0342612775042653 0.0164973743259907 0.00187862241873518 0.000535558533738367 0.0014195368043147 0.00409253013785929 0.00140537791885436 0.00174778640503064 0.0023446993669495 0.00997070614248514 0.00133127793087624 0.00262071962933987 0.00447599571198225 0.00364850754849613 0.0034292038762942 0.00214938655262813 0.00682270261459053 0.00306160417385399 0.0046766200568527 0.00439513395540416 0.0531746286898851
0.00773529191501439 0.00651787384413183 0.00873129707761109 0.0124443085864186 0.0229760965332389 0.231307634711266 0.468619254231453 0.298233908414841 0.525378578901291 0.151639371365309 0.0221005436964333 0.0894070848822594 0.278384467959404 0.300060757994652 0.296178144216537 0.268984977900982 0.120736964792013 0.0360060600563884 0.181020557880402 0.053055914118886 0.0471848519518971 0.0221232661046088 0.0133772035129368 0.0387072144076228 0.0223426373675466 0.00942438151687384 0.00168314361944795 0.000627721659839153 0.000706411473220214 0.000813891115831211 0.00117103852098808 0.00134376499336213 0.00185723062604666 0.0155871670693159 0.00233910367824137 0.00212441607145593 0.00860736318863928 0.00258058179169893 0.00705282846465707 0.00684267273172736 0.0093273853417486 0.0133111200295389 0.00754045755602419 -9999 -9999
0.190681353211403 0.165601027011871 0.108958020806313 0.236395996809006 0.0725820168852806 0.0821312762796879 0.1542350679636 0.372426095604897 0.119905835390091 0.0810595955699682 0.0458544485270977 0.0576145619153976 0.0680125553160906 0.0807211723178625 0.0384486561641097 0.111964738368988 0.150682324916124 0.136391238868237 0.147041061520576 0.0660017635673285 0.0473931379616261 0.0245182555168867 0.0209430424496532 0.0129270490258932 0.00507696648128331 0.0039561394136399 0.00238821317907423 0.00174066312611103 0.00104660644428805 0.000969543406972662 0.000749760534381494 0.0008613251731731 0.00559443500824273 0.0179432330653071 0.018056152202189 0.0107782029546797 0.0116938370279968 0.03016651943326 0.0127148918807507 0.00791786895133555 0.0181238437071443 0.0121385970152915 0 -9999 -9999
0.0674698363989592 0.0372521694749594 0.0801986888051033 0.0381062142550945 0.0505713019520044 0.0548974849283695 0.0977712906897068 0.0961552865803242 0.121780377626419 0.092797839269042 0.0165262253955007 0.011775569897145 0.00553786307573318 0.00824939934536815 0.00365769690833986 0.0195478385314345 0.0550903728231788 0.0631838124245405 0.0421085923910141 0.0276371758431196 0.0139757287688553 0.00623344937339425 0.00230652192840353 0.000844282424077392 0.000990919698961079 0.00273119509220123 0.00111285542952828 0.00104871922521852 0.00036394770431798 0.00189708633115515 0.000971498852595687 0.00070134507259354 0.00491809938102961 0.00563290286809206 0.000700051913736388 0.00149714175495319 0.00672949507134035 0.0507907774299383 0.0232175467535853 0.0053251011762768 0.00269184142816812 0.000943211338017136 0.00249473610892892 -9999 -9999
0.026951976493001 0.00649397601373494 0.00189278364414349 0.00585336342919618 0.00624978351406753 0.0043371144682169 0.00507132243365049 0.00313191160093993 0.00705103734508157 0.00318862763233483 0.00118428353453055 0.00430832905694842 0.00442563679534942 0.00445015167351812 0.00165435308590531 0.00231283699395135 0.00394450458697975 0.00431143804453313 0.00258098669582978 0.00256077183876187 0.00121151037164964 0.0016703704604879 0.00106326269451529 0.00116886568139307 0.000428252344136126 0.00137239729519933 0.00131151193054393 0.00106419757357799 0.000679828121792525 0.000985005358234048 0.000963089853757992 0.000895608990686014 0.0046192773617804 0.00130422341171652 0.00133166697924025 0.000413584051420912 0.000209744859603234 0.00110247401171364 0.00396878586616367 0.0116316270083189 0.00907590398564935 0.000148799510175845 0 -9999 -9999
0.0121755443513393 0.00374394026584923 0.00158569598570466 0 0.000932817824650556 0.000618535850662738 0.00165291649173014 0.00179134091595188 0.000729868921916932 0.000972072780132294 0.00186279508052394 0.00247864129487425 0.000976641097804531 0.00198489262256771 0.0045269270427525 0.000876106810756028 0.00147901598247699 0.00200412432895973 0.000595058308681473 0.000179542190744542 0.000794725015293807 0.00880478555336595 0.000939697830472142 0.000651507911970839 0.0010291279759258 0.00103230348322541 0.00110311831231229 0.00116073412355036 0.00117768852505833 0.00110638582264073 0.0010629121446982 0.000628348215832375 0.0126282355748117 0.000735949631780386 0.00286137661896646 0.000306612557324115 0.000434403299004771 0.000502791773760691 0.0172555140219629 0.00117300585261546 0.00367501762229949 0.000640945046325214 0.0161009344272315 -9999 -9999
0.0039368333760649 0.00126696021761745 0.00109200908918865 0.00120272224885412 0.000766281934920698 0.000568848749389872 0.00179178813705221 0.0012629276374355 0.00084804649814032 0.00171310264850035 0.00936529892496765 0.000651326309889555 0.000922840129351243 0.000725298436009325 0.0165930905379355 0.000780345342354849 0.000581225674250163 0.000492236658465117 0.00135981889907271 0.000774289667606354 0.000484403254813515 0.000439169799210504 0.000638439093017951 0.000722041231347248 0.000499861588468775 0.00139309849473648 0.00123133020242676 0.00132096897577867 0.00133638514671475 0.00118152803042904 0.000728474822244607 0.00572584522888064 0.0144171204417944 0.00537293641828001 0.00148842025082558 0.0025362855521962 0.000553499336820096 0.00310617350041866 0.000624402461852336 0.25235258936882 -9999 -9999 -9999 -9999 -9999
