Scripts_&_data/Maxent_result_files_2/B_brodmannicus_3.asc
NCOLS 594 
NROWS 330 
XLLCORNER -15 
YLLCORNER 23 
CELLSIZE 0.166666666666667 
NODATA_value -9999 
[rows 80 to 99 of 330, columns 405 to 449 of 594]
3.90184983075414e-05 3.84013143872153e-05 3.92432576688861e-05 0.000366649272837094 5.74358603557812e-06 3.46342700341395e-07 0.000105571795029391 0.00020853624882875 0.000118564054537273 8.90948365963595e-06 0.00454301201752969 0.000124996470617589 7.32350523406922e-06 4.3301028458842e-06 1.08813160226706e-07 5.03962251485746e-06 7.24158609273218e-06 8.9571686146428e-06 6.85242204312431e-06 2.10924382905375e-05 3.73228480356147e-05 2.18103314693963e-05 3.989066634702e-06 2.48562272645358e-05 8.90961622146413e-08 2.17318573533021e-05 0.00032297944437687 0.00010662636745451 1.56492309358214e-05 1.91692734019533e-07 2.14272589559528e-05 5.19845984570111e-06 5.51990660069279e-08 5.05797714711598e-07 4.1220737734271e-08 3.66446127664233e-08 1.90890349189843e-06 1.81069748697027e-06 9.58613365353855e-09 3.03649772626091e-07 1.20002722228341e-05 1.4188979266061e-05 5.03514078169509e-05 2.55828688120463e-06 4.96383642079046e-08
1.38595035092948e-05 0.000262223453762545 3.74833590910839e-05 6.42350918099055e-05 2.75467422852671e-05 6.42533456407524e-07 5.75664390680686e-06 2.21817093006393e-05 9.32028683564567e-05 4.55781669643329e-05 0.000488324787238526 8.5227819067768e-05 9.79509759645225e-05 4.244782146543e-05 7.5800201912557e-06 6.18231247955237e-06 8.05447585094043e-05 1.96525948695125e-05 7.64297798241387e-05 6.40157655652729e-05 3.37365778413368e-07 4.43807700989396e-06 1.07264764608317e-05 3.31028787655896e-05 6.62688999639727e-06 0.000249132764497517 0.00233112463938596 0.000564411540199217 3.057322027189e-05 2.82088480414444e-06 4.17943104569218e-06 1.58750944412311e-07 4.90750336590295e-08 2.587840861068e-06 5.26120249233486e-06 4.42985326287726e-05 5.25604673526914e-06 2.19010844304535e-07 2.4344510018981e-08 3.24679409580142e-08 0.000109187253814369 3.29841671868447e-05 0.000104816876642744 5.68985873794503e-07 2.36724113822362e-07
0.000111809281611386 3.74572424519215e-05 2.06897138127715e-05 0.000166086950230238 8.54065423482098e-05 1.47897891793036e-05 2.77747687082996e-07 0.000279949331161333 0.000173955967511574 4.63216720993254e-05 0.000214294013130711 0.00186503318473115 0.00321225990919629 9.02656824109727e-05 1.30294263669839e-05 2.14332379000481e-07 7.99059805842717e-06 9.77515090312409e-06 6.28246479053018e-06 5.9905747818334e-06 1.04931642841422e-07 4.55317348517781e-06 5.93123454528666e-06 9.48247542820191e-08 0.000434137989191186 5.05255010693872e-05 0.000237000111997077 0.000315786768965154 5.39045950887385e-05 4.84229786117396e-06 1.26077804163405e-07 1.2652984995043e-05 6.05669786102325e-07 0.000285215780877479 7.63384563470027e-05 6.05973987504171e-06 4.79443261042434e-05 7.93739409976624e-08 3.15449415033697e-08 1.99319131710673e-07 5.72152915495394e-05 0.000401356791522289 2.16397195696993e-06 1.7725270882174e-07 8.38456361784701e-08
0.000418524585984414 0.000174956412320171 3.73423657038074e-05 2.27443998364052e-06 1.52953122025679e-05 2.60652380710269e-06 7.53808477460538e-07 3.59326492514356e-05 0.000271109567711392 0.000289637471360038 0.00283088792130002 0.000352271659903636 4.10696635299246e-05 3.70032612067916e-05 0.000115895247768094 6.94789601993762e-05 9.30135763894668e-06 1.06489735486548e-05 7.1663756500584e-06 3.06617797662945e-07 9.07856145886399e-06 1.03975763776631e-07 1.72700404959869e-05 7.56546985940076e-05 0.000108173738874484 0.000146465715920385 1.42544398741506e-05 1.02576968117329e-06 5.6806146631061e-08 7.46096253445572e-08 1.05963974028622e-07 3.63177511799595e-06 3.20042740426629e-05 6.76626387189572e-05 8.27142898951472e-08 5.82691228934173e-08 5.76145788997451e-06 1.25452045529606e-07 7.09482951610774e-08 3.00044021961376e-08 6.89831310909383e-06 1.3362422347174e-06 4.14682802096777e-08 1.70475337432086e-06 3.45856234751363e-07
0.000888120077615895 0.000269624984866823 0.00129104366060346 3.39455676225953e-05 2.29188934468993e-05 0.00011901422324172 1.66447870869391e-05 6.39213482145351e-06 2.55247006265336e-05 0.000951474306930322 0.000116084575347486 1.73325558534998e-05 1.97029735033993e-05 2.93487022728911e-07 0.000119875143218451 0.00018345831890656 0.000165056477271719 7.52219542532462e-07 5.04076795209585e-05 9.06458343933991e-05 6.07344666263998e-05 1.30850793755855e-07 2.07484026493177e-07 8.71514841378485e-06 6.53472545536715e-05 1.36221068569586e-07 1.03764088699165e-07 2.55716018016106e-07 1.52003350017971e-08 1.09347580323771e-07 7.4168409835984e-08 0.000149076773482193 0.00010433542120154 0.000121663823028939 1.57070854754693e-05 1.59058834436898e-07 2.09830782238463e-07 3.16629781536903e-05 4.02814434452559e-07 2.16672267206341e-05 0.000192969152127276 3.86405975794091e-07 2.74747917194951e-08 3.84486139703988e-08 9.64519324355706e-06
0.000179071781360562 0.000704920193766156 6.11934386597568e-05 2.79835834888331e-05 3.65643951596439e-05 1.70505319829317e-05 5.25133818681134e-05 1.04664710781854e-05 0.00062040274933679 0.000237164497957565 0.00122062647060375 0.000313571131482604 2.51182531201266e-05 1.23854487554809e-05 0.000137632671510346 0.000501965208286492 0.000165375786673394 1.42488118332063e-06 5.73851258023339e-07 1.64492687423357e-06 0.00258281743263069 6.45542408459265e-05 1.1250131102214e-05 0.0001925365593479 1.77048802470381e-05 4.57987294222306e-07 1.43640192740158e-07 1.53973647343264e-05 2.96696299839638e-07 6.18623758583681e-06 3.83046071362969e-05 0.000419509978792121 0.000355478862229575 0.000843134579918114 8.4626062877402e-06 0.00220312585006468 1.33238210182074e-05 2.39360487547247e-06 6.51118633920866e-07 2.60318220148381e-05 0.000500308705545649 2.2026474031378e-07 4.10622214341849e-07 1.08303059165316e-07 2.27115831918923e-08
5.48396770966519e-05 0.000194534820184344 0.000180744339832017 0.00418903518439038 0.00833557564183138 6.80787784811399e-06 1.75840415768125e-06 1.06731670259652e-06 0.000156827870569032 4.47005668320344e-05 5.73315583096701e-05 0.000215580036092433 3.03724405966932e-05 2.85102050611386e-05 5.30054972069927e-07 9.74631894479216e-06 0.000168864192482943 9.85320922819444e-07 2.06537642270632e-05 5.95493677337799e-05 1.11609354547681e-05 1.85490409080558e-05 5.97691413506407e-07 2.69721907975029e-07 1.60022700002038e-07 4.34667984239301e-07 8.87367228030733e-08 2.67124041286593e-07 1.021780470154e-05 0.000147586672392208 0.000536931568785803 0.00109997470572125 7.70451329401567e-05 0.000308431589564862 6.72700914377877e-05 0.00656004276825115 6.88598672422547e-06 0.000713242474466824 9.95659674263294e-06 1.10369113402786e-05 3.92162838598886e-05 5.96952375764293e-07 1.41921412821766e-07 1.30994441974508e-05 1.20257582854055e-06
0.000406148303500231 0.0574571532197297 0.00255568091670284 0.000107778272149517 8.69669412040253e-08 1.21651181979043e-06 2.31249428902514e-06 1.03741149587222e-05 5.5182949280641e-06 1.54486583319624e-05 0.000350923450605478 5.6868110641517e-05 0.000142826815590524 2.20420772336638e-05 1.4098532068374e-05 2.30349829621446e-05 1.2578183542189e-05 1.85100747785327e-05 2.53341848292621e-05 1.30771804549568e-05 7.50632897506876e-05 1.49926768756359e-05 4.34350601385969e-07 9.80241764807488e-06 1.57733519245085e-05 7.27580179393783e-07 3.54650521294797e-07 4.62258859912357e-07 0.000158256317445193 0.0168467136565596 0.0020708242605906 0.00159537213330623 0.000293260323132927 2.5425490298403e-05 2.00795792959507e-07 2.0720861791057e-06 0.00013783055105705 1.42774562965631e-06 0.000148408626397867 8.54662997840983e-05 1.14256953642755e-07 2.97964408235707e-07 3.76915263586852e-05 1.47986046613369e-05 1.33624046489977e-06
3.07184258698801e-06 5.70269902368636e-05 7.78630646891543e-06 8.67080138959864e-06 4.73422113600463e-06 9.60421661488908e-06 1.55517554683016e-05 1.47609773125668e-06 1.60221994935483e-05 2.2780490490959e-05 1.75111696421482e-05 2.87452070075744e-06 2.45459091541278e-06 1.84057923661385e-05 2.6231543324684e-05 1.60926860985455e-05 8.13883784616109e-06 4.22536675692697e-06 9.03369731872772e-06 1.59943102971738e-05 8.36373974379967e-06 1.77806228293775e-05 5.35473402123898e-05 1.26667442346129e-07 2.36992005966385e-05 4.77473468755818e-05 1.14942892182057e-05 4.26198719778448e-06 0.0446505833417177 0.00155894719391654 0.00849382502492517 0.00150306300347438 0.000272843216225738 7.96207855424669e-07 0.00100480461405823 6.64904886149564e-07 0.000516492947826919 0.000365482895861646 0.000177729932320148 4.73453248407196e-05 1.80418660694626e-06 5.2852081452448e-07 7.09916965409008e-06 2.47309434255882e-06 1.71491235092525e-06
1.36237785594795e-05 3.58379360977379e-06 1.11593952819566e-06 7.77242525629163e-07 5.86827273849622e-06 1.25757283171879e-05 1.74537384342699e-05 2.9842817792769e-05 3.90537885152753e-05 1.19956778775077e-05 9.27513450506012e-06 3.7726489108536e-05 1.88376352103781e-06 2.08732622474228e-06 2.14447226217218e-05 0.000214905800848397 4.49866424351297e-06 7.9669722922282e-06 3.08885309863172e-05 1.24238766606055e-05 3.6060630668544e-05 2.5127723652929e-07 7.80759688290278e-07 3.18161831046382e-05 4.24532254328369e-05 5.2805858721694e-06 3.49400994394955e-05 0.000712844353620312 1.5436150382464e-06 7.52732448745519e-05 4.490240821724e-05 0.00112507652520435 0.000133190858559828 0.00623830815020483 0.00527516329602804 8.35952710076526e-05 8.06525945898917e-06 2.28196617045429e-05 9.82463779752862e-05 5.02245562886472e-05 1.69419657651826e-06 1.13559369760985e-06 1.37203989772905e-06 6.28597221641325e-07 1.61010035029108e-06
0.000210954469616809 4.04983769612954e-05 2.09812421886113e-05 2.25021774173939e-05 1.08017273415473e-05 1.18974266551164e-05 1.77584432627498e-05 8.06436184575432e-05 4.63158398673613e-06 3.43554819599579e-06 2.39686088141511e-06 1.76211281675442e-05 1.06350178710968e-05 1.71811313059322e-05 4.11088264988813e-06 0.00115190119740589 0.00260073720596665 0.000517411342542573 0.00643943271425087 2.79590870377433e-05 8.61826710206515e-05 1.53326139006538e-05 1.71228056160544e-05 3.67229607491026e-05 1.46721500129843e-05 6.83825397129745e-07 4.33209190305206e-05 2.15721491827026e-05 1.91042791419793e-07 5.0339137558475e-06 0.00162229918205412 0.00331238087092061 0.00751747722388245 0.00945386243984103 0.000129253567912713 0.00121775254883687 7.91173547440849e-05 7.37529191745523e-06 0.000352350632674359 4.64049310131554e-06 4.32515596215932e-06 8.58640573596858e-05 3.12540449849408e-06 3.48856121712426e-07 1.7207128962915e-06
6.13833766005545e-07 6.13246701846037e-06 3.14171539077979e-05 7.3270125126812e-06 0.000535252127156127 0.00043009576355626 0.00767320097365882 2.99364356123988e-05 1.74585226458746e-05 1.12135708491223e-05 7.50879305996932e-05 9.11549576585458e-06 2.74804642987903e-06 1.78160024233875e-05 4.03916261646486e-05 0.000266714685731273 0.000226570929817171 0.000209453922957437 6.50215897498363e-05 0.000183499599893366 2.33300962548699e-05 2.0249484165602e-05 2.64178588171848e-07 2.84426072084898e-05 1.63219595037845e-05 1.98574082105552e-05 3.93728766767687e-07 2.80824960197101e-07 3.68348574653066e-07 2.98757951544548e-07 3.66020204545237e-07 0.000915087856265018 0.0115174218313769 0.00236472488031723 0.0196447879076004 0.00210481167014223 0.000627526635798858 7.03743804990609e-06 4.03056610731589e-07 1.69112641008162e-05 9.53159230926426e-06 3.38656690123118e-06 6.57403650620836e-05 8.70997242830018e-07 1.13751523187489e-06
4.78008022043452e-06 6.25988549773915e-08 2.11276259960869e-05 3.93292776607268e-05 0.000291710349847563 0.000453604907670524 0.000185567676271603 0.000327156380080851 0.00214625762018841 3.02873954012739e-05 0.000605102621921105 3.55825412833965e-05 0.000152074592551799 0.000288338410973665 8.5876828831033e-05 0.00040542078204453 0.000353738705962314 0.000174308715395455 2.74034464823103e-05 7.66973912130986e-05 0.000349446649255114 8.11033591769927e-06 1.71154885606484e-05 2.96661592202874e-07 5.38234914027047e-07 5.25897270904352e-06 5.92253389868347e-06 4.58766710949021e-06 2.43500412600017e-07 3.6043103676775e-06 1.29203439882986e-05 3.23209467296692e-05 0.000206744771639933 0.00222168160762521 0.00114769385918407 0.00180745356556145 0.000425320611975621 3.57117993153855e-06 9.1532850638032e-05 0.000494519448329811 9.91930181722944e-06 1.619996902118e-05 7.0314595435228e-05 0.000101923985857866 1.54149627975553e-06
1.83451018989089e-06 3.20308134398317e-06 4.55074326666249e-06 1.03539464817004e-05 2.54294809110434e-05 2.15241895602958e-05 0.000164702966685581 0.000177901845017914 1.6094471334327e-05 4.93743721889928e-06 3.61454695443797e-05 6.83057882255866e-06 7.91539819147147e-06 3.5285699109977e-05 4.74399374581935e-05 0.00196672376478091 0.035075530060567 0.000339813023310853 8.04521482869802e-05 2.60623933154291e-05 2.45354925576091e-05 4.37722706418953e-06 3.71229756455094e-06 1.15155666051692e-05 0.000305192441010149 2.53042933763936e-05 0.000104449753416702 1.79078105702501e-05 1.34557051978845e-05 6.45093391540286e-06 8.16696388937999e-05 0.00513953747868072 0.0109736196231097 0.00791472331620753 0.00142086684209062 0.00216109697066713 0.000213508615706814 9.46662557907985e-05 0.000228199161210796 4.5662850880035e-05 1.88830108287519e-06 9.49479734117631e-05 4.37521504320415e-05 3.19898558700515e-05 3.55458560008515e-06
6.63961781128819e-06 1.4149344656289e-05 1.69753034697351e-05 1.80202232279214e-05 3.17924589182894e-05 2.57167498801891e-05 3.13536938392645e-05 4.78002878480765e-05 0.000226391991964192 1.419947051986e-05 1.11120703948586e-05 6.21065087216266e-05 5.21380570717156e-05 2.80471374338731e-05 1.93014739284791e-05 6.27277767890178e-05 0.000159074862460784 3.57866942067631e-05 7.97019407400512e-05 2.27573669640435e-05 4.98869920411038e-05 5.68383924774984e-06 1.20405559159487e-05 5.78421243517369e-05 2.45693046370121e-06 8.09751510360002e-06 8.12164367971491e-06 5.3671554510748e-07 2.88328859369358e-05 3.35033170358656e-05 0.000408712823991664 0.000630691456899513 0.00792811120627448 0.0368956569582224 0.00184697332879296 0.00882179582840763 0.000776459167536814 0.000589724793826463 3.91143846576902e-05 4.8244978286327e-05 1.61305546859669e-06 1.7614840235447e-05 1.76777231207792e-06 1.63716362353572e-06 2.69210677181775e-06
1.26243220616828e-05 2.95825889793377e-06 7.16689674256088e-06 2.4628262384141e-05 7.52187014543271e-06 1.17415315056824e-05 2.4941302131265e-06 6.23530449992416e-06 1.81805943741953e-05 5.98375941102125e-06 1.45316569333254e-07 0.00062228890019469 2.19647689931435e-05 9.67161406146833e-06 1.15210110244846e-05 1.2400707098803e-05 6.2490625483802e-06 2.34204650715331e-06 1.11143110189005e-05 4.13248018240608e-06 3.31122438703702e-06 2.30464961987309e-05 2.84979591924639e-05 0.000160970867000287 1.66152786960083e-05 2.09872880077455e-05 3.43116315889347e-05 1.97096112060535e-05 2.6965450751959e-05 0.000192760565914796 0.00147580907942029 0.000287746485992102 0.00119789437885629 0.00120050324549084 0.00159169614926213 0.000125710257452738 0.000100509247749869 0.00016644908591843 0.000264996013356722 1.97034231077531e-05 1.60054552153177e-05 9.02109033662502e-06 4.40991360846965e-05 2.9037098443041e-06 8.9702254691959e-07
9.93848155550481e-08 1.60368655591547e-05 3.30820978803326e-06 7.96878305449056e-06 3.96179403427954e-06 1.49022898473294e-05 1.59121499049175e-05 6.10643407552569e-06 1.26073668115012e-05 8.97197115714565e-06 9.27747223555819e-07 2.44503454471801e-06 3.43923331381113e-05 1.15719521782798e-05 6.57819547456029e-06 0.000103351941106666 4.83287488577844e-05 3.7702933764372e-06 3.98940749164467e-06 5.86049019943857e-06 4.2707109406237e-06 4.15632384846987e-06 4.47298534140828e-06 4.57885116702528e-05 9.70850597045159e-06 4.78712711284857e-06 0.000192225807040813 2.96800163596345e-05 0.000239904520276468 1.21784065640895e-05 0.00125178782036528 0.000187974091022625 4.85576550090627e-05 0.00048758472839836 0.0158536430681124 0.00246031962014968 0.01053566771443 0.000162628343969118 0.000161138675866823 1.20172182875411e-05 2.16607721121864e-05 0.000522784750734218 9.56083043419653e-06 8.73230510762824e-06 5.37173085533027e-06
2.83325030122628e-06 6.58713062987593e-06 5.64348269106452e-06 5.73498958970076e-06 1.03085605470898e-05 6.77515103945092e-06 1.90461123289465e-06 7.0408796746424e-05 4.42829556692725e-06 5.17410306160038e-06 1.42877179868495e-05 2.40231815194503e-05 1.97153021950669e-05 7.6886892485406e-05 8.77997784498596e-07 1.15309074885772e-05 6.38091859215706e-05 2.59358906530949e-05 4.78662036655919e-06 6.71847632496281e-06 3.65361746844428e-05 4.1100988346443e-05 8.58891016231045e-07 0.000109610954314121 8.93456444828189e-06 2.78863901257864e-05 3.3444959035478e-05 4.43755207470531e-05 4.03585624098923e-05 0.000151343333345721 0.00027563131552597 0.000838884591939859 0.000219396755346679 0.00031480460675084 0.000397786749090301 0.00395816712698434 0.000208143863710575 0.00031257259688573 0.000671224010875449 0.000217473871006746 0.00042100647276726 0.000932889158946182 6.64666540615144e-05 5.1557568951921e-06 3.25527513100887e-07
2.87301040525767e-06 2.11824536102689e-06 6.51412962806575e-06 1.23555315406643e-05 7.64682809976103e-06 2.28260533804869e-05 9.90418189120712e-06 1.88087486220345e-06 5.18424695770126e-06 3.15731561517651e-06 1.79659545894717e-06 1.25606493271979e-06 1.0735973969056e-06 1.39277695324624e-06 4.05688279347949e-07 3.54527237267366e-06 0.000157161392955629 5.94336406578577e-06 2.54415047091783e-06 1.30528855606826e-05 2.41444887535636e-05 1.64433991812984e-05 2.68978187112356e-07 7.7186747006408e-06 1.60613308755053e-06 1.23562283306455e-05 1.74562347410756e-05 1.29972537251888e-05 1.72373093022316e-05 2.21989134169598e-05 3.44104574338644e-05 0.000300447968402295 0.000160082002730633 0.00121431660809321 0.00126497171077062 0.00106251799734309 0.000156002371295472 0.000303227664699079 0.00061829256315491 0.000498458969673266 0.00036818329875814 0.000629174616551609 9.41457462431572e-05 1.47156180627883e-05 1.09938709667023e-06
1.73450930126218e-05 2.07210136845548e-05 3.56186870108743e-05 3.45033346025758e-05 3.00355818624642e-05 2.06287248983084e-05 3.19998576638669e-05 2.52921965173902e-05 2.01496426425196e-06 2.25139461521584e-06 5.57571404620205e-06 2.05602263538829e-06 2.65262852092718e-06 1.70547927865528e-05 2.54018915061271e-06 8.35647584705668e-05 1.01728533754231e-05 5.29750483896585e-05 6.43590256501625e-06 1.52040023923661e-05 2.02947928755748e-05 9.3181364263728e-06 2.0426537496232e-06 5.45326052492356e-07 2.00720794434339e-06 8.39475771923226e-06 2.65853046414355e-05 4.80499467284679e-06 8.74019239612833e-06 1.48690326944534e-05 7.81027433356396e-06 2.02192371700605e-05 0.000140313782321755 0.000108455413919728 0.00036487512588792 0.00872432787436992 0.0010123400905286 0.00130597660463536 0.000252617556907353 6.13528155245513e-06 9.75355105898856e-06 4.77507155143275e-06 2.39358163071302e-05 5.14405018992026e-07 7.6107822621907e-07
