Scripts_&_data/Maxent_result_files_2/B_brodmannicus_3.asc
NCOLS 594 
NROWS 330 
XLLCORNER -15 
YLLCORNER 23 
CELLSIZE 0.166666666666667 
NODATA_value -9999 
[rows 180 to 199 of 330, columns 180 to 224 of 594]
0.000166621607753525 0.000252337547629744 3.82753364285615e-05 1.53288049907552e-05 1.93044862863645e-05 1.44218493556059e-05 1.03392068235508e-05 0.000218989590291585 1.33608255580953e-05 8.19541926322387e-07 0.000528930544933104 0.000599251287871994 0.000428621327182555 0.00011015202489375 1.38458323781343e-05 2.67422118312766e-05 7.28554918595137e-05 5.96707818004916e-05 6.06436371811014e-05 4.77008737476581e-05 0.000104914095390995 0.00021268823659284 1.84506195267886e-05 6.85903898822726e-07 1.18764727083942e-06 3.44041876360279e-05 8.32515362617414e-05 3.82082121888061e-06 3.44693188902845e-07 1.27085841583607e-07 1.59699224699938e-07 4.34485071765245e-07 9.82323988463207e-07 3.74048018194628e-06 4.72439647239753e-05 0.000103288102542365 4.40142302693403e-05 0.000236503598262061 5.3174644807541e-05 0.000293666937250237 0.000113308386755762 1.13714044637447e-05 4.5485715935456e-05 0.000133121644273615 0.000114948005284532
0.000634197952266202 5.00593799128923e-05 6.85222771774074e-05 0.000648548982770691 0.00200071499908177 6.44239470003138e-05 1.01760043464072e-05 5.59030268151295e-06 2.96739671554747e-06 3.86354641848108e-06 0.00147410232627863 9.42806696002663e-05 5.54092246369819e-06 8.3375400484087e-06 7.9669560483353e-05 6.21480287719578e-05 2.67478871784022e-05 5.50624678268719e-05 9.21851837688337e-05 9.56684436403066e-05 4.89437168047502e-06 9.38471799507568e-06 1.5792555125671e-05 1.88563293368471e-07 3.23950174738741e-06 1.00136194941314e-05 1.85358866993113e-05 3.74319667827194e-05 1.41153245557746e-05 3.22382395893328e-05 3.66510062875136e-05 9.63977227684154e-05 8.5342022828172e-05 2.77645796522563e-05 1.98261032693381e-05 2.03854267049053e-05 2.45995645371977e-05 0.000187800453977616 2.86532274399676e-05 2.80779519442831e-05 7.79581415372377e-05 7.13398162986323e-05 9.31134268228107e-05 0.000116088962317917 7.05515918298261e-05
0.06008462732716 0.000786717514727542 0.000137196769381798 0.000141056190862954 0.00047338329123221 9.07465126053886e-05 1.76587063311473e-05 3.53164698761566e-05 4.86510323682854e-06 2.41571227810322e-06 6.24496106396144e-06 1.12552968701829e-06 4.81262341423871e-05 6.43510868229669e-05 4.52023736229989e-05 1.29083500937099e-05 1.3966896516493e-05 0.00010523287826345 6.17632129205958e-05 9.57458128283406e-05 2.42353206605372e-06 6.59389914801523e-05 0.000175444248270651 9.12547473186365e-07 0.000312140655324811 7.44840872243913e-05 1.06146576459576e-06 5.86921384538641e-05 8.98254418302713e-05 2.42617591723615e-05 9.93747530401379e-05 6.09418234631676e-05 8.57863813621407e-05 0.000297111028821462 1.72437165625539e-05 0.000124811956015947 3.3253324022553e-05 0.000256264225663472 0.000267742557889505 3.50609160761906e-05 2.3457914426217e-05 6.13113532097032e-05 0.000142030615711519 0.000342831707530422 0.000460515207487333
3.20379178826991e-05 2.86835668149243e-05 7.48037195680506e-05 0.000868050423716227 0.000216548376915415 7.54430475395362e-05 1.15039223833713e-05 1.73280235726825e-05 1.40623898784331e-05 2.14062695567119e-06 3.16192393370329e-05 1.60503958682057e-05 4.66231806854012e-05 3.15987781147609e-06 1.63166215187971e-05 2.10883269616602e-05 4.03547954554995e-06 7.11296738664657e-06 2.40647789667037e-05 1.54570352912664e-06 7.33211634196262e-07 0.000353896449314561 0.000124148991278616 4.85808485450434e-05 0.000510978950853769 5.05607568072719e-05 5.00526045186689e-05 5.01361716487736e-05 7.11352904573914e-05 0.000131229497139884 0.000119436627983305 0.000118484145195907 4.71670372974131e-05 1.98953491469922e-05 0.000114960580788193 0.000124946706398532 0.00015535079746769 0.000247499986653565 5.04116884172845e-05 4.62341493630447e-05 0.000249508770957618 0.000158593609808122 0.000165980673409649 0.0002457157617755 3.96215632235908e-05
8.66940539790306e-05 8.79867616075947e-06 7.36607662436217e-05 1.39838032053641e-05 3.03867446085015e-05 1.8715392257096e-05 6.49675584869502e-06 3.55939498167812e-06 1.44045651926161e-05 1.05850308870004e-05 4.98464040759927e-05 1.91293991761654e-05 6.55721126960884e-06 0.000143302801416212 8.62950733324652e-06 4.54872979105403e-06 6.05523506758132e-07 4.42724849250009e-06 1.91386993780185e-05 1.84752973332536e-05 9.47077217801962e-05 8.60504156208197e-07 0.000219842146930205 4.85730730375167e-05 4.69439369723545e-05 2.02476896660642e-05 2.09242773230756e-05 2.71835344349824e-05 3.71593408871718e-05 0.00014252078788104 2.76114981126341e-05 5.95661911475531e-06 5.25761103219224e-05 0.000168696966738935 4.48292556086471e-05 3.1053802603509e-05 0.00011102213377967 0.000188996747510828 0.000218796714216296 4.66988922198652e-05 0.00030163889623509 0.000319279144878237 0.000369784433860332 0.000111393488396061 2.78298169803293e-05
2.23986818007282e-05 4.37739497655132e-06 3.02793069861251e-05 1.02436546578932e-05 2.38203633298184e-06 1.62139122706018e-05 1.23121679005966e-05 1.24475179844818e-05 8.38746036918581e-06 1.0442089621554e-05 1.48776634830483e-05 1.05580777635339e-05 1.14236169309834e-05 8.88138914433512e-05 2.06057689440264e-06 1.08387145295596e-06 3.99556915517962e-06 4.12636380502818e-05 0.00169693844682115 5.5259979119171e-05 3.21262778612663e-05 0.000200198280572295 0.000193650584560601 3.59423326838026e-05 9.39427084709621e-06 0.000165737811585132 0.000237200174160535 5.66934165135535e-05 2.1711843081107e-05 0.000168139577772308 3.57115976697742e-05 2.90652021668336e-05 0.000156670823525928 0.000159065048865159 0.00015709307308498 0.000168736051591623 0.000121255328576808 4.22188109268973e-05 0.000229658691796431 0.000251079943427612 0.000285186781820812 0.00012980493993382 7.74678568632226e-05 7.41037570492153e-05 3.94812032933345e-06
6.04671762108211e-05 1.38469748215297e-05 1.88378708800729e-05 1.0847599570829e-05 1.3435952783758e-05 3.96059812324268e-06 3.55513575539534e-06 1.5078024547921e-06 3.9311888238247e-06 6.6960418630857e-06 2.00653415106444e-05 1.71393114300145e-05 2.49988294143577e-05 6.56449400426862e-07 1.76675935082971e-06 2.14261675779426e-06 0.00582102530825068 0.00152073822409875 0.0121232958335895 0.000149593124046987 0.000184782493715829 0.000238456755369043 0.000203457055727085 5.19787355329981e-05 0.000166942544046833 3.3071487142422e-05 0.000188527193790833 4.67641375223593e-05 5.78745029059746e-05 0.000134951312065823 4.22893619287379e-05 0.00017051274357982 0.000172656449558417 3.73327169882032e-05 5.54319022100458e-05 5.87847107411221e-05 0.000203007250433984 9.4823389378007e-05 0.000245749382611393 4.73774849183428e-05 7.38859817147386e-05 2.10778963321445e-05 9.64806557021802e-05 1.41345307795859e-05 9.55858081397309e-06
0.000251151922529402 4.82601893571077e-06 1.2388228173954e-05 8.46738634541211e-06 1.96605367082325e-05 4.55681694958798e-05 5.52994199779278e-05 9.67156337168262e-06 5.13406893164481e-06 1.48020178160069e-06 9.11796984546243e-06 2.38382243153978e-05 3.84053179118382e-05 3.52031609054393e-05 0.000901653579785489 0.0192838084200048 0.00053006251757779 4.92169937899689e-05 2.45848682624228e-05 0.000143223015174954 8.02306599780422e-05 5.66322311215117e-05 1.55499337324727e-05 3.69223071789548e-05 0.000201864596215273 1.20423641750023e-05 7.28575039083523e-05 0.000238685422345952 0.000107198321316559 4.33747915963067e-05 4.92018768568414e-05 3.78273643889315e-05 0.000116465858195625 5.66219585834915e-05 3.56087088704271e-05 0.000200626656987879 6.12903395506237e-05 0.000143450875407325 4.81528372745288e-05 9.55445048944625e-06 0.000276390298540719 7.42298900831884e-05 9.09554559711978e-05 0.000130404283027019 1.97649358497642e-05
4.01833645941596e-05 5.95312040054252e-05 5.46234745977925e-05 1.68600342468905e-05 0.000362169869913487 0.00161169962957501 9.81012207248e-05 4.19885114826712e-05 5.02376431654739e-05 8.06356566696032e-07 2.25730691099102e-06 1.31882823183105e-05 4.32846658156905e-05 0.00011320949072342 3.74909943583468e-06 4.73591144896091e-05 7.39849353522004e-05 0.000102091137250682 7.14213749461123e-05 1.56340885887118e-05 8.75822586863251e-05 0.000169809194358095 0.000106434899498709 4.16771214872824e-05 0.000152584285558532 3.66009161737679e-05 8.3645437814539e-05 0.00046288734765767 0.000102057838074643 0.000189466739311683 3.62684535105684e-06 3.95928803371248e-05 3.85208268703252e-05 3.70432796870546e-05 4.23809126885999e-05 5.22773098012408e-05 4.39820642043287e-05 5.37604853519724e-05 0.000102302327155712 2.05373298356903e-05 0.000103629921068205 6.89602682996337e-05 1.49955007993086e-06 6.76260130316742e-07 2.68828703253732e-06
1.72328620690498e-05 0.000350658825191097 0.000143555507255488 4.27747044380755e-05 1.77044235595503e-05 0.000231886552319338 0.000342873372392205 0.000576753773884775 0.000125514081173606 0.000466172058440861 2.72889849213698e-05 1.22408853588496e-05 6.83701840964446e-06 3.00208089125675e-06 1.80743020046226e-06 8.03861248535043e-06 6.09462238742253e-05 8.4816140406474e-05 4.49963677041865e-05 5.69756344816597e-05 5.25533221662044e-05 6.53458815804697e-05 1.23643348807434e-05 2.82401887318429e-05 4.91112732262877e-05 0.000114452799931541 8.6202231631205e-05 0.000161500979447737 6.49115960158042e-05 3.44615429227702e-05 8.92450503926057e-05 1.02017423596834e-05 3.19993435795141e-05 0.000171167447342668 0.00012133247656152 5.20744836450149e-05 4.57248894335294e-05 4.68616916634801e-05 0.000100325503046861 7.04628086850789e-05 0.00023169594992396 9.30336023770906e-05 4.71622807332039e-06 1.04845129746955e-06 1.70698995254348e-06
2.54731640935812e-05 8.25205271270946e-06 4.96314771549322e-05 7.21898573374347e-05 7.06329806092754e-06 9.05360362402075e-07 1.0993666374759e-05 3.20814410315506e-05 7.69412334946651e-06 1.43492609407048e-05 5.81690188681705e-05 7.41239080753076e-05 2.87442753119649e-05 4.12152993356507e-07 3.69938071060005e-05 2.7929413010952e-05 4.52606902570096e-06 1.01554201937804e-06 2.58666534705299e-05 6.99039296869763e-07 2.45550962274521e-06 4.87098946102549e-06 2.40875585053146e-05 5.10460814262537e-07 1.64199262570719e-05 3.97621164275108e-05 0.000188918998401277 0.000194994802086512 7.19070313294878e-05 0.000128930935738936 7.15561715913804e-07 2.30293376084489e-05 3.52915889507699e-05 3.27062605492756e-05 3.50520518779263e-05 0.000202172331455586 3.4093892301712e-05 5.16032590610394e-05 4.71135988277638e-05 9.77373841450913e-06 8.82064770035829e-07 1.56141619429562e-06 1.76527823114725e-07 1.69747234952666e-06 1.587845933404e-07
4.86773685119957e-06 3.46762115221999e-06 4.62415914853409e-05 5.08319223627041e-05 0.000619938147428911 0.000695997312868712 0.000501335052103968 7.68789232779454e-05 2.15779725351695e-05 1.45762569776053e-05 1.05233800915983e-05 2.29028680166721e-05 4.96515492436345e-06 9.13188702238443e-06 2.10150956235111e-05 8.71332333787222e-06 6.45273197079632e-05 1.98935038753234e-05 1.39395345198912e-06 2.30773969853715e-06 0.000239516480087332 0.000142353933597406 2.62311227341883e-05 1.24879152181734e-05 0.000145658477140387 0.000166705438880399 0.00017734558846314 3.39594823003608e-05 3.9635736669652e-05 0.000157623819745822 1.87159641377832e-05 0.000107511213423095 2.96668472188344e-05 3.04744565582382e-05 0.000113129946066692 0.000174622535450908 4.38905713648907e-06 2.07592387397426e-05 2.88411882237938e-05 3.59231573674457e-06 1.44350114905656e-07 2.14011675236936e-07 1.94674751508028e-07 2.10889675433812e-07 1.98167446063824e-07
1.6015638521516e-05 1.63718243591404e-05 2.93583521137064e-06 7.09790223183404e-06 7.42505954804073e-05 1.20084976105161e-06 4.6677489198288e-06 0.000146584624826573 0.000415158058240195 5.89999162002641e-05 6.00278276010613e-05 3.06795349416689e-05 2.92493422975326e-06 2.52108208997015e-05 6.1979251216826e-05 3.78279795278047e-05 1.69853464271341e-05 1.44394979709972e-05 7.85926043135987e-05 1.66079008508291e-05 0.000225610368624984 0.000214090844747261 2.20859106790927e-06 4.305301936256e-05 0.000171190176797609 0.000170625602640939 0.000161989150456066 0.000149185251757444 0.000135502354032724 0.000120959103787754 2.04826032323524e-05 0.000112496356132397 2.39415009239963e-05 6.43422753455525e-05 0.000164223430920174 0.000172726571145176 0.000201699216813722 0.000230561388480055 5.33614333562582e-05 1.30610378846541e-05 3.70493751784551e-06 5.72942919827568e-06 2.93453814910194e-06 2.07878321123456e-07 2.44281299999205e-07
2.86601392839314e-06 1.22566612006381e-06 3.67735767454747e-06 5.24530236241105e-06 2.64875305617807e-05 6.26245076432497e-05 8.29411741506192e-05 6.74023186377326e-05 3.53104941865467e-05 2.12365103831047e-05 5.50179922340632e-06 8.95302852541135e-05 7.07599880058751e-05 2.30158082259457e-07 1.14537893891598e-07 3.12642143764919e-06 8.71008898233327e-06 2.67062606297941e-05 9.42454913097635e-06 3.74338046967182e-05 4.55476091301143e-06 1.35645387505434e-05 0.000169179122030982 2.4016883806155e-07 2.98496601914167e-05 0.000171612817348432 0.000165377883513429 0.000152651382438762 0.000127988280746649 0.000116006649295741 2.11856294903612e-05 0.000116520557116928 2.40281786481944e-05 0.000121180850192104 0.000143502195851397 0.000159233380509249 0.000176529728423702 6.80817412558099e-05 8.12978718386148e-05 6.92099401476298e-05 8.99364379222334e-05 1.13508465624079e-05 2.18647603533739e-06 5.48885653917086e-07 2.03083210559285e-07
4.39815973649615e-06 3.8853011987805e-06 3.87544487097102e-06 2.18912167838425e-05 3.81575956716063e-06 3.42554494423553e-06 9.79991209826281e-07 1.39737206383828e-06 8.43083755586171e-07 4.68971889347358e-05 8.76588600873252e-07 7.78015821140343e-05 0.000426119405983627 1.54126352570616e-06 2.47510821869135e-06 1.55394589858027e-06 4.1816820910423e-07 3.54441539684558e-05 1.93476254487734e-05 4.96666620932729e-06 3.33023264857957e-05 7.25668209504704e-06 3.3523872252772e-05 1.54635877230858e-06 0.000110832788811877 0.000270604816751074 0.000104502479518942 2.86800963472444e-05 0.000129172771539743 0.000121589495370245 2.18807641626739e-05 0.000117980486834313 0.00011477958805699 0.000125401987929763 0.000136921802140932 0.000150506839372611 0.000165719820870436 5.47219018699252e-05 0.000177480320508039 3.74809173308677e-05 6.70735192443317e-05 0.000147295838996797 1.48148618130506e-05 4.21103294445668e-07 1.6262457667171e-07
5.77685734097777e-06 1.7286210123757e-06 5.91016230089281e-06 6.55379214720142e-06 4.38581537771654e-06 1.4659457125088e-06 1.45025716156155e-06 1.62342336798016e-06 7.7499635570133e-07 8.89886614885427e-07 5.49902588686813e-08 1.08132527314453e-05 1.32659933749224e-06 1.00938016740493e-06 2.26423417779564e-06 2.27135867277184e-05 6.18345383731622e-06 3.57150928014249e-06 3.76599006601808e-07 2.42319496635446e-05 0.000170928008628835 0.000117744541239517 0.000187187508618081 4.81438958672697e-05 3.22046116764341e-05 1.35001427679526e-05 0.000180720066373397 0.000154848988177037 0.000133337959778146 0.000118261297734534 0.000114587144821598 7.0849018015906e-05 3.16345488556635e-05 0.000114692659303728 5.75845851982226e-06 0.000146281294291839 0.000149203995101743 6.85873793941027e-05 0.000111069449781098 1.76231408914873e-05 2.25060514358333e-07 3.42931434302862e-06 4.27580072965839e-06 1.03981330958902e-05 1.97862864725895e-06
2.98244539464143e-05 4.41677902216497e-06 1.30342181261511e-06 2.38749022329898e-06 1.63680429445812e-06 6.27379641713333e-06 1.27570610679584e-06 3.14026848506899e-06 1.11118959094103e-06 4.24757073524962e-07 1.87465829315503e-07 5.34395264828458e-07 2.2478550114613e-07 7.611686004938e-07 3.16426482855903e-06 5.83840456780393e-06 3.42590671236209e-06 8.20325130812538e-07 2.14995620551051e-07 7.4757661458591e-06 2.59355685159335e-05 3.32202459857323e-06 9.10936906279858e-06 6.32762701116008e-05 9.93052772855663e-05 6.37081163972653e-05 1.78966160802929e-05 1.74903437557106e-05 5.89289527539449e-06 9.77431723114819e-06 2.13858898473696e-05 1.7165831141952e-05 7.786209892231e-05 2.00649564895627e-05 3.75431637678503e-05 0.000182150735975029 0.000130394230245656 0.000129941332647832 0.000111002670132621 1.58182423732001e-05 5.85429379518221e-07 6.24001221172232e-07 1.60051032035424e-06 6.88127598795774e-06 2.32705916003439e-06
8.85269198533933e-06 1.81323507113973e-05 2.9395600954274e-06 7.11551052461346e-06 4.12881501233642e-05 0.00168190485564992 1.95212223275121e-05 1.48507514465823e-06 4.37052740061006e-06 1.06280666102521e-05 1.47941986796241e-05 6.40181810229734e-07 6.06445280482149e-06 3.16729793155446e-05 6.95198565608735e-05 3.68247359772145e-07 5.7565408867255e-06 5.56572674081934e-06 4.81059051575805e-06 4.09222274582177e-06 2.76499287807042e-05 2.25024960229803e-05 1.7879421828515e-06 6.50207188690466e-07 2.99528956838602e-06 1.80281393539872e-05 5.96476510509092e-05 1.84232578106958e-05 2.07030469678848e-06 3.05885947426532e-05 3.70693027967661e-05 3.12519200061701e-05 3.08124508896057e-05 3.02671525460596e-05 0.000111315244600974 0.000169217910638508 8.01560568002291e-06 3.34653238596161e-05 3.57984751180318e-06 1.68718391172717e-05 5.28154242074308e-07 1.09998535571254e-06 1.08031645886797e-05 0.000273731250672427 0.000165065396777209
1.13787467938664e-05 1.70139292947624e-05 2.76740456556013e-05 1.30976056514243e-05 0.000119632870519126 9.38744981795025e-05 2.13120602097661e-05 0.00013512341574824 1.05273541251449e-05 1.80007069956467e-06 1.75850128606214e-05 0.000211610157202813 8.93984473293585e-06 1.47056459695705e-05 3.77331203708309e-05 2.47809281987088e-05 0.000403489280688518 0.000350577981771494 7.60755756118669e-05 1.74013763927228e-06 0.000249282756522007 0.000227117416034162 7.96454150266967e-06 4.34798799721081e-06 2.82740075655541e-06 2.09397583960103e-06 0.000321146060377941 6.60924740031987e-05 5.33229119128009e-05 0.00015750446302718 3.70178021327661e-05 4.00421877955637e-05 3.68281002693038e-05 1.91808173688912e-05 3.42444838473455e-05 3.42948248061248e-05 1.86088415454755e-06 3.39353906591011e-06 1.40126447043087e-05 6.03163895487313e-06 1.43565934513923e-06 2.40242015570047e-06 2.75170013111392e-05 4.53965092788167e-06 1.94786080243148e-06
6.44245499188401e-05 2.78883934257124e-06 0.000174007450550562 0.000244056494557299 6.83393035160407e-05 5.90454824767051e-07 5.17297735598277e-06 1.00762766948037e-05 9.78271050371404e-06 6.90179556244175e-06 4.91027589593074e-06 2.54172528855179e-05 0.000730970581935253 2.82690217865422e-06 2.06477644284497e-06 5.01093523070928e-06 3.96852820858662e-06 2.59988829810709e-05 4.8725679417938e-06 6.16457359914335e-06 0.000453374402786721 1.03091665010879e-05 2.90989987064449e-05 0.000247046353979385 0.000657535712707613 6.5437987035466e-05 0.000479100114307585 5.58975008829066e-05 8.91083357821287e-06 2.42394114198241e-06 1.15955808963619e-05 3.16219432349385e-05 0.000190158968655396 4.7872221483658e-05 4.21972988739583e-05 3.69234384045569e-05 0.000155736440549958 2.68716988518714e-05 2.71713424288222e-05 7.5306236491457e-05 2.33521280612603e-07 1.26394789730089e-06 1.67114651405953e-07 3.54688930548352e-06 1.89888501784807e-05
