Scripts_&_data/Maxent_result_files_2/B_brodmannicus_3.asc
NCOLS 594 
NROWS 330 
XLLCORNER -15 
YLLCORNER 23 
CELLSIZE 0.166666666666667 
NODATA_value -9999 
[rows 160 to 179 of 330, columns 225 to 269 of 594]
0.000393161634019634 7.17442788641165e-05 5.86187321971465e-05 0.000431981031579198 0.000618578897410771 0.000112381485837432 2.7688955493943e-05 1.30529064279905e-05 3.25838488122177e-05 2.35279568741475e-05 5.14369912950841e-05 0.00085517085462925 0.000195882081391119 2.34095973839388e-05 1.30724950306971e-05 0.000112958171790467 1.12727531780821e-05 3.58550596927909e-05 2.60809937888684e-06 2.29738012423764e-05 3.40350613185159e-05 3.82211866114979e-05 4.61734424334281e-05 2.52901135878503e-05 2.11598896490583e-05 4.40843663232826e-05 5.14828631758002e-05 4.05194834754097e-05 4.89163913432122e-05 2.88040081088958e-05 2.9621132212776e-05 2.48735402152866e-05 2.53796567882714e-05 2.44156321418609e-05 2.59111201352913e-05 3.16813302404406e-05 6.41453881014775e-05 2.86002088685233e-05 0.00208554009441286 0.000157676009899888 4.68197816484994e-05 5.96172980819487e-05 0.000112155634771938 5.30048836004715e-05 5.13899256851413e-05
0.000651750742690638 0.000351726541339303 0.00113431294084876 7.2446345390631e-05 0.000114818514487069 4.34048584793345e-05 0.000112216715911018 0.000307344385782926 2.85204489356539e-05 2.36909222506632e-05 5.31734236259851e-05 0.000362762139320694 8.09651191559624e-05 6.07005074780176e-05 9.41328166845778e-05 0.000435438641625296 0.000562907151834224 5.5921118229918e-05 1.68305878435637e-05 1.20788866665e-05 8.97947962990031e-06 2.6508092162969e-05 5.54828775793936e-05 1.91643839907774e-05 5.68874651660778e-06 3.91206964578394e-05 2.60727241328196e-05 9.22133624738919e-06 3.66629029172616e-05 8.45269600459053e-06 2.82698531896108e-05 1.14576291873503e-05 4.83652236875187e-05 4.59435726611446e-05 5.81592767517236e-05 1.20210709104729e-05 1.52671204757926e-05 4.08554478589451e-05 4.91934658167104e-05 3.52919797006579e-05 5.10748728359767e-05 6.18684858687324e-05 0.00142525805131299 0.000134226004877291 5.32911729561825e-05
0.000314049553344375 0.000971179637417663 0.00159782143309712 0.000163818590488063 3.97451946525962e-05 0.00123860263847746 0.00201831016747747 0.000597944032051601 1.92375718542692e-05 5.19721127659523e-05 8.39098050334996e-05 5.17472109862638e-05 1.5892055006006e-05 0.00054154410463525 0.000864696915959939 0.000593663607287454 0.000141624702519039 4.63009887691213e-06 7.93713274496177e-06 2.45649591005259e-06 5.42122434699088e-07 1.42304514552549e-05 3.18508460802946e-05 2.99249204219754e-06 4.68052911571704e-05 0.000297291676361056 4.29315100843319e-05 2.35587797419834e-05 2.54527882198374e-05 2.83785293081151e-05 4.25611924759872e-05 8.42254741467485e-05 4.19201787593693e-05 1.44998594489132e-05 1.67595946923171e-05 8.32344390204298e-05 4.14298854991557e-05 0.000202509286600616 0.00084278743743198 0.000271365069784224 8.68359790921147e-05 0.000149051041046278 5.48976164988169e-05 3.30654674286279e-05 1.55507842332536e-05
0.000498365196835948 0.000364646123489365 0.000101371940218087 6.47472252012449e-05 0.000278738853467075 0.000934233743464574 0.00105378810840193 0.00136599782854319 0.000141784391598776 0.000440255816829449 0.000320990217369399 0.00180084084640839 0.00123582676023943 0.00162470744398888 0.000437369440987823 0.0027667685659253 0.000407490377983777 0.000270443078625249 0.000164117638087191 6.35656063252554e-05 4.54794882195353e-06 8.76158110849623e-06 7.46346791553609e-06 1.88966427778325e-05 0.000941379886353388 1.38540875082693e-05 4.78779626379655e-05 4.92361013399112e-05 1.27199743066964e-05 6.49336994649197e-06 1.04379594250581e-05 9.31995135104557e-05 0.000259341301261884 0.00104996865411522 0.000103690755531716 3.23155423437527e-05 0.000787849132393603 5.34692258909675e-05 3.94293318463523e-05 2.60804228766176e-05 1.06190788531912e-05 2.5581714550249e-05 1.01703145398258e-05 3.88946755959352e-05 2.7654868913396e-05
2.23142066241522e-05 6.88006429735433e-06 1.87002117890245e-05 1.79449202998394e-05 5.21030911851739e-05 0.000485185145953437 0.000741066886985209 0.00093541707683471 0.00179026318946853 0.000708145256794523 0.00145991262397729 0.000168518119141936 0.00083717906527454 0.000324032136632013 0.00228563728160225 0.00261163443501573 0.00213729283132125 0.000683236813347321 0.000117322792812047 0.000416101677546976 0.00101885961194057 0.00138103058852721 0.000549611891256063 0.00178190721489955 0.0013842763582943 0.00234367240045685 0.0021129151864443 0.00323424030211754 0.000944216758944094 0.000103025814860302 0.000657637246695231 0.00168330949964002 4.88817148323051e-05 6.6416781243106e-05 0.000906822190154344 0.00208198614418507 0.00177274260495324 0.00157944497477729 0.000624093422084115 0.000769133436551783 0.00062698792644369 8.38295462333161e-06 2.41269295727875e-05 0.000889291586645413 6.77019093677345e-05
3.5976957872208e-05 0.000175984148131647 6.69565053840415e-05 2.60772361702521e-05 1.97113016981665e-05 3.08491322802418e-05 0.000896329309398425 0.00114896357117686 0.00174403568671551 0.000748439576273086 1.1830183011341e-05 0.000309456668037456 0.00334077126753982 0.000637287192512304 0.000718789115489926 0.00129527373355813 0.000100593939350802 0.00085249746334739 0.000283183790452313 0.000234916749741387 0.0006395857402822 0.000765112592489459 0.000404550886742072 0.000180241446651053 0.000279451322739988 0.000516029342998081 0.00185659303970169 0.00155171962687746 0.00124822227226105 0.00137435483047739 0.0010475428076461 7.79791075444791e-05 3.175059616074e-05 0.000431291153836355 0.00064389028120786 0.00141249708540272 0.00067300572845852 0.00152089148468804 0.00170719001907855 0.000223435542602601 2.39298273519539e-05 0.000118132960125195 7.95687604622231e-05 0.000761845413217088 0.00140920182311675
3.9087631563639e-05 8.59882633772457e-06 9.70073317970721e-06 2.37994981276302e-05 2.97499600526496e-05 1.82184994582779e-05 5.41627370951314e-06 7.34085241688831e-05 5.44917236040554e-05 2.09453663069237e-05 7.36155837907093e-06 3.33914097037091e-06 0.000256610664450818 0.000538777788278821 8.1485728269115e-05 6.07816218778368e-05 6.36556575024372e-05 0.000563565001357347 0.000458988476384548 3.32976765553994e-05 2.70299180252787e-06 4.05379564465402e-06 5.76396739664364e-06 1.27829485052189e-05 4.93976759076586e-05 5.66276080777861e-06 2.54988739925022e-06 2.18922326244986e-06 6.94298660081083e-06 4.56478939130367e-06 8.1493881532424e-05 1.28084488595248e-05 2.67008495518084e-06 6.26894607054229e-06 7.03087164424687e-05 3.33925840921845e-06 4.94442703409259e-06 5.62875115889483e-05 1.91216916869075e-05 2.61703364144994e-06 3.94561310727681e-05 0.00186921743734274 0.00162305638950784 0.00134738640044816 0.000240678803606897
9.22002721154058e-05 8.88148398661137e-06 1.90105101923521e-05 1.70388935884946e-05 6.42952036631339e-06 2.64770250516078e-05 7.17310433596685e-06 1.55339436010982e-05 4.18933623109297e-05 4.40631022684101e-05 0.0006960092625377 9.44137481484475e-06 1.37591748843979e-05 7.98473410284828e-05 1.50167798262935e-05 1.48177725471044e-05 0.000120680983627608 0.00295429360121489 0.000256115824959124 2.99543013909442e-05 0.000364377207733924 0.00117459548055194 0.000924758843029849 0.000616273152991198 0.00118599290435668 0.000304984443391731 0.00101630985882366 0.00137333102757111 0.00249472948489711 0.000651267141074641 0.000957323610782623 0.000465086895565037 0.00257851273636334 0.000663052535674069 2.4677580297805e-05 1.76232620624717e-05 0.000787631628918461 0.000597622944042087 0.00201964954903815 8.62332235556096e-05 9.51586076553212e-05 0.000407552522665355 0.000595534142121323 1.42128685755694e-05 1.81547314795694e-05
4.28284951055957e-05 0.000462233613507124 7.34451438802353e-05 3.15724203574064e-05 8.99155775471172e-05 9.87994875103482e-06 1.04527752522454e-06 5.60867095807938e-06 9.29107442928512e-06 0.000463328245405137 0.00255751918884926 0.000722883571143029 7.38875200795519e-05 0.00164759825856891 0.000474544998724014 4.23647765387614e-05 0.000178575987956719 0.00142473268206231 0.00111619157250971 0.00171151374524925 0.00191936474584509 0.00139614361105487 0.00154899766494054 0.00159386179293506 0.00182124676066451 0.00151135095802601 0.00199725506536197 0.000860086551983841 0.00030054664821364 0.000724823694326915 0.00137317936460022 0.0023170443600975 0.000991538606467657 0.000762719556223601 0.00028828812064603 0.000461297053698217 0.000409086620129528 0.000716551562072709 0.00171934755053371 0.000314236893609632 0.00221097219910007 0.000200996882631443 0.000879059929866344 0.00166960673523135 0.000592408772354247
4.8438053782518e-06 3.90194967505586e-06 0.000354632225207752 6.34388148796461e-05 0.000836831913329661 2.12750888138657e-05 9.08552372948179e-05 0.000302443604232394 0.000639762711944058 0.000118034693150548 0.000908528588479385 0.000126922682193253 0.000140251686707415 0.000250598885759246 0.000228061637244537 0.00113953251639032 0.000361856463132426 0.000332058384447009 0.00112444275728194 0.00200779157748912 0.000656614579202142 0.00175277312519029 0.0016812968038721 0.00173960248648655 0.000867174746235833 0.000928920120350085 0.000990861050377134 0.00195136513211764 0.000392681887933577 0.00235606372007169 0.00235610279487446 0.00244849218288437 0.0023366552835796 0.00217833749484271 0.00208045231702272 0.00211607851670124 0.00196663354581688 0.000533814361733675 0.000136452305378043 0.00217434530786704 0.000698545548948459 0.00075685472402256 0.00205908559728414 0.00123010573952342 0.000293159198918147
4.82964959572785e-05 2.04699067063663e-05 4.53129509537575e-05 2.1429444153398e-05 0.000279264526761835 0.00109517399396282 0.00180260603374336 0.000575529791240115 0.000356065864252741 2.04237699783505e-06 0.000125756168290536 0.00017277146998822 0.000406172680959571 0.000596505404973868 0.000166786392037466 0.001453074143501 0.00378317975555547 0.00292395892902277 0.000386154713578435 0.00221886707149679 0.00189947067701723 0.00168492333614267 0.0015870860137511 0.00168475192622282 0.00178766236058436 0.000873639798373915 0.00197074785537552 0.00112228579091607 0.000107348307756183 0.0010744128463557 0.00233109538676217 0.000609943733434193 0.000230721697971603 0.00140444618882611 0.00033900401685969 0.0018672825593967 0.00190017524291761 0.00211635382438544 0.00234435796446633 0.00130334327695891 0.00226695609162562 0.00205735533672851 0.00166939410410123 0.00127245050534839 0.00026531871080806
1.8925513462642e-05 8.30948270801102e-05 3.79485171725591e-05 2.04751497021483e-05 6.27675473651834e-05 1.79621931799545e-05 0.000230034380547295 4.84296889908364e-05 1.56216563283351e-05 6.53629010002987e-05 3.75310406070639e-05 0.00200628649326973 3.41214901368403e-05 0.000232385579147376 5.74038683112121e-06 0.000435387740617443 0.0012928275478771 0.00255267253960483 8.78288215517387e-05 0.000695540966989938 0.00204018531949259 0.000438597335596569 0.00114883229980478 0.00166346222686116 0.00176473003812134 0.00111473382858094 0.000388534948979213 0.000151444226685271 0.000420225923880935 0.000189035246512503 0.000440196268027648 0.000300648450502194 0.000354034321208019 0.000176460355760355 2.55292287306474e-05 2.77238386047429e-05 0.000472122308201506 0.000382884087593993 0.00225641526340041 0.00203147619613446 0.00103449481830467 0.00162346231809352 0.00100389861618169 0.00116895077953814 0.00041522700630594
7.73446174364367e-05 0.000201575970061363 0.000163834426241749 6.98854515869485e-05 9.49857163287104e-05 1.06860781102891e-05 8.50255423765489e-06 7.72245031839702e-05 2.85242980339717e-05 0.000546447178930976 0.000154414210373943 0.000157200790818024 0.000371685357640672 0.000699958670884371 0.000337622293591267 0.000464589334296761 0.00281662269844674 0.00160772234667093 0.000583587368601002 0.000109564205831703 0.00159990302636288 0.000250391947338358 3.99209998249717e-05 0.00147858484706376 0.000635219214018434 0.00169307488831691 0.001056920242263 0.000854628896922804 0.000962089843233116 0.0021621474326821 0.000900402740808204 0.000733264001610223 0.00200694293598644 0.00015438109767274 0.000726399540144484 2.95635443876563e-05 0.000152539328018975 0.000342924152937485 0.00208080432785209 0.00244259181199595 0.00276273836498149 0.00212595532066189 0.00144571107666707 0.00126703306596028 0.000922562126652338
1.94393400926529e-05 5.2576676904259e-05 0.000226113183713039 0.000115748467880827 0.000365606215172987 6.22578859208356e-05 1.01167588787643e-05 1.12461413022569e-05 2.19379976300615e-05 1.01911516009912e-05 1.13138178527095e-05 4.36364067581962e-05 3.82197158842246e-05 5.4941798703112e-05 0.000760267027362715 0.000162122604160686 0.000149869626238797 7.97794067011637e-05 0.00171370442258194 2.82435457108932e-05 0.000291292676774901 0.000894110120134428 0.000640501246380154 0.000464324743370526 0.000379972699738573 0.00155743917275686 0.00102241538988892 0.0004979064775398 0.000503575247421395 0.00204404906835407 0.000341515612672083 0.00233201899100095 0.00057394570321776 1.73368746231972e-05 0.0002214557644038 0.000515308653848479 0.000266802795522381 0.000493284495314583 0.00194579696108121 0.000589708414918277 0.000193947923435189 0.00189319639466703 0.000806154881138355 0.000383528580960046 0.000222859831774258
4.09821281219802e-06 3.65586226195091e-05 0.000269144887120376 0.000651526746878517 0.000396901290840823 0.000256361791390802 0.000617324755471316 0.000241324384645691 2.89563811267324e-05 6.73459252869435e-05 0.000105643496283392 2.10244116577329e-05 2.35473602417935e-06 0.000102625026863734 2.05429876587004e-05 0.000914324780751485 0.000279139186022803 0.000220522792369593 0.00108971326408209 0.00109806577966083 0.000217126451752847 0.000141914961022849 7.41257839308673e-05 0.000944520748453215 0.00055582848508493 0.000507764093345031 8.90274920038792e-05 0.000615414227650035 0.000236927591049607 0.000821779141551815 0.000273747463006657 8.23481162569806e-05 8.9722690427152e-05 0.000265505175866565 0.000101051911588002 0.000921571390790632 0.000634819327387959 0.000942972616758198 0.000255314555670338 8.45672127070429e-05 0.000107098148669138 5.99319035075041e-05 0.000533465938133304 0.00019094259614576 0.000822165294084698
1.25292688462064e-06 9.63053669522651e-06 1.53391200434783e-05 3.56954155250833e-05 0.000243639002572138 0.000755722262940139 0.000666460556455561 9.67344168881112e-05 7.72028208425368e-05 7.37172902203431e-05 7.14696145727833e-05 4.88713081907122e-05 0.000100575265332736 5.75967245595166e-05 0.000250215482446947 0.000330015414510854 0.000294808783655753 9.27183666362907e-05 3.56599066435592e-05 0.00014166139126246 0.000369530002171814 2.35935973648793e-05 0.000460137257505266 0.000214454243541695 9.03191352335853e-05 0.000275784882614971 0.000731170219660271 0.00110731368768029 0.00131190683241584 0.000481341904378496 0.000128076782129938 0.000263838476166711 0.000155032597785976 0.000156836772612223 9.438859644888e-05 0.000102912756256046 3.51925045492862e-05 7.05292749671571e-05 0.00011171961295986 1.28705508132043e-05 0.000326627804179225 2.35538507013189e-05 0.000107861094693362 0.000264855323075608 0.000266992729666526
1.77835959988215e-05 8.66300998296765e-06 1.00237419917715e-06 2.08454750108e-06 3.13518372081489e-05 0.000167088031000162 0.000817693434039768 0.000684463415277747 0.000282987918922117 0.000215094475231581 0.00034521370061098 3.26977904779757e-05 5.66420701191284e-06 1.17038971914063e-05 7.5176232291696e-06 7.51459293951484e-05 0.000749435546458699 0.000684774332330562 0.000635764592152555 0.000115013120421281 9.51417150645284e-05 1.59008070824029e-05 7.30632932572917e-05 4.6297883045554e-05 3.11678070033849e-05 0.000104509316611257 5.02395630007868e-05 0.000505105214324431 0.000288946916589339 6.07591503353433e-05 0.000573924522177549 0.000338509892571892 0.00100957543472759 0.000958148586505558 0.000593066211149562 0.000713646006624913 0.000102713229171059 2.60724507143095e-05 7.73499250271925e-05 6.65179276779782e-05 0.00012160543351456 0.000427947416392271 0.000283776423020754 0.00160847722290782 0.000476956901366066
0.000328776162859867 0.000111326386695509 1.94589381919741e-05 3.02044534436163e-05 1.2526069435026e-06 1.33456857071224e-05 2.10527985693432e-05 0.00035916726686267 0.000184522366656914 0.00017588167331013 0.000392833874243514 0.00121149536856819 0.000161698346050942 3.08440124346721e-05 2.56775017462019e-06 5.51500655703308e-06 0.000140731366991531 0.000394207061617635 9.15383554229265e-05 3.78042827264835e-05 8.15529521105418e-06 2.87739902304907e-06 4.6267178966275e-06 2.15230612241157e-05 0.000203177685534683 0.000363957770969137 0.000583811604883522 3.43335796742394e-05 0.000125410024838857 4.46511394216031e-05 0.000192531828452047 0.00012447068588699 0.00024239890822173 0.000660210860223742 0.00038611630370724 8.49285356025575e-05 0.000366042387031484 0.000149447895500998 4.41263411175896e-05 0.00011019847818261 5.33170058005794e-06 5.84192752853596e-05 5.27863004890605e-05 0.000811814040025638 0.000283811532744949
0.000102877177164373 8.04005617169423e-05 0.000380090400722111 0.000230336099230044 4.24951722663991e-06 0.000103323645953424 1.01067193398308e-05 8.04383381520779e-06 7.71788865701062e-06 0.00102210486600143 0.00622641738446532 0.00088056174521256 0.000366405629412903 0.000384011527729022 6.33237959278388e-05 1.0174028751142e-06 1.68574931493914e-06 5.92158431209633e-06 2.81679907402577e-05 1.67489570674917e-06 5.2471893064876e-05 1.99129205157078e-05 6.04750937668541e-05 1.05127798519788e-05 3.80339395348983e-05 0.000278712406907289 0.000139428902093641 0.000105351581032664 8.42167417431483e-05 0.000230818206910044 9.77023155655843e-05 0.000140129258193156 0.000623349095621961 0.000363976765765983 7.07445765101511e-05 0.000485457328977645 0.000560473704172182 0.000220471731881844 3.42124261180743e-05 4.39041807112517e-05 0.000177799719040195 0.000510311050311429 0.000518731511692749 0.000295903024743893 2.50309710111196e-05
0.000169369303375788 0.000252443217846121 0.000239697456731847 0.000197120059965528 4.51968604799902e-06 0.000168057936571131 7.3399618440817e-05 3.53003047081302e-05 5.12730900297242e-06 8.79245230436254e-06 2.75494784568786e-05 0.00121908085711144 0.000174408366409518 0.000239840695434324 8.83219789090672e-05 4.76383179301654e-05 4.78048323075297e-05 1.18026769808321e-05 8.25472977066255e-06 5.58625284154957e-06 1.81450290250851e-06 3.87830713634685e-05 4.07714115340241e-06 3.06617262140207e-05 0.000199500818052911 0.000189897888867563 0.000208302021019335 0.00024544914431317 5.0777139335878e-05 0.000218895333091496 0.000425078898024367 7.82140779392648e-05 9.28449698392342e-05 0.0004188093898847 4.20717579459051e-05 0.00036666162450274 0.000230428811528327 7.93998273707075e-05 0.000317761149381113 5.53041160628709e-05 2.57349695516496e-05 0.000420556635799585 0.000105484748200979 0.000420724514697213 0.000356452455525869
