Scripts_&_data/Maxent_result_files_2/B_brodmannicus_3.asc
NCOLS 594 
NROWS 330 
XLLCORNER -15 
YLLCORNER 23 
CELLSIZE 0.166666666666667 
NODATA_value -9999 
[rows 220 to 239 of 330, columns 360 to 404 of 594]
5.20454996873809e-05 4.97906584751462e-05 8.97786785273524e-05 4.72452467921158e-06 5.55960520361998e-06 1.72759669359479e-05 1.34836751098932e-06 2.37066764952054e-07 5.02712738089661e-06 3.50994095645873e-06 2.86279597657368e-05 0.00532144370081369 0.000221812032093283 0.00424106279097032 0.283442132174969 0.00807176351190719 0.150484248623252 0.0546635680133477 0.218525454588234 0.131945228204131 0.000695333878320525 7.46795959494229e-07 3.11973669253618e-06 5.34687259690081e-08 7.07433189806039e-10 -9999 -9999 -9999 -9999 -9999 -9999 -9999 -9999 -9999 -9999 -9999 -9999 -9999 -9999 -9999 -9999 -9999 -9999 -9999 -9999
2.67496533611356e-06 1.93143307049226e-05 7.11802338748679e-07 1.38504689761731e-07 6.92125137458088e-07 2.02445150532249e-08 6.9872945462901e-08 1.40890364241919e-07 3.09958224686824e-07 2.85756138074245e-07 2.50819293903248e-06 9.1508443189614e-08 2.6998355384833e-05 0.000674247691358687 1.82801880731498e-06 1.63496866745216e-07 0.00466855457343627 0.00543534619864658 0.0650281751528382 0.998321443796158 0.892913436889648 0.00072004340828471 0.000461597374965095 2.02178338767345e-06 7.90833587505091e-10 -9999 -9999 -9999 -9999 -9999 -9999 -9999 -9999 -9999 -9999 -9999 -9999 -9999 -9999 -9999 -9999 -9999 -9999 -9999 -9999
1.67896765987607e-05 9.26432813774802e-07 8.24876481857473e-06 3.30693585887332e-05 1.21075640902468e-05 1.05771435108259e-05 1.77567364580966e-05 1.84257243529551e-07 1.58244090053827e-09 2.01425798679322e-06 1.14315659971442e-06 1.44679040391393e-06 9.53387229618574e-07 4.22403719764208e-06 2.9508096924924e-06 0.000112833289824721 0.000136670056951971 2.23182766986296e-06 6.43474238195552e-06 0.00376795272313757 0.567664268612862 0.274555438011885 0.00396030895108197 0.00024114563324531 9.27310845222351e-08 1.63127444885447e-10 -9999 -9999 -9999 -9999 -9999 -9999 -9999 -9999 -9999 -9999 -9999 -9999 -9999 -9999 -9999 -9999 -9999 -9999 -9999
1.23369464107514e-05 0.0122525979531929 7.95930486845009e-05 8.45547314469286e-05 0.000159112091377622 0.000221379635426544 1.10525222474234e-06 6.81472469454825e-08 8.38927241009202e-09 9.00028496175764e-11 1.93762083045002e-09 8.81624114823509e-09 3.80480129624772e-09 1.14992170230366e-09 2.12004964916801e-07 2.14201476189668e-07 9.42972086193095e-08 5.02900367627124e-06 5.76262122159221e-05 9.81479785922001e-07 0.00356993748573586 0.0104555325495312 0.000517150075516071 1.19250096111356e-05 6.92013516490064e-08 3.36150995927653e-11 3.76576547722607e-13 -9999 -9999 -9999 -9999 -9999 -9999 -9999 -9999 -9999 -9999 -9999 -9999 -9999 -9999 -9999 -9999 -9999 -9999
0.184369808249176 0.773704260587692 0.458832899853587 0.0634588087443262 0.0161836003651842 0.00550660341978073 8.17815451687576e-05 2.00203359209672e-06 3.96412063607965e-07 6.27429082800113e-08 1.87258941353186e-08 8.02133026667207e-11 4.60952020997496e-10 1.75630388010717e-10 5.19060694426088e-10 1.21964496280214e-09 8.22375540998621e-09 1.02031676396663e-07 1.37581787928998e-07 6.58612609005793e-08 6.92663403634164e-08 9.74829032185376e-07 4.23183802631399e-06 8.70440674349826e-07 4.40525727007923e-11 1.54165569199449e-13 1.34237065907428e-13 9.45099554172657e-13 -9999 -9999 -9999 -9999 -9999 -9999 -9999 -9999 -9999 -9999 -9999 -9999 -9999 -9999 -9999 -9999 -9999
0.0799606749322265 0.0924376580864191 0.793706831336021 0.967656189203262 0.277310818061233 0.142658979445696 0.172160750906914 0.0018296128284419 0.00525734951661434 3.04462390060545e-06 2.10359420993456e-09 5.80981041053974e-11 1.56276533935795e-08 9.75944226544456e-09 1.08818449806591e-09 7.87997948004104e-09 7.0301445775911e-10 6.80992562340776e-10 1.65362412651859e-10 6.74906852626833e-10 1.74903260763415e-09 2.08470540830064e-10 2.05138826259166e-08 3.44962092224677e-10 3.45040107596617e-11 1.79245507325732e-13 8.1823436914874e-14 4.25215418431435e-15 8.1423756626009e-14 7.70371544334125e-12 1.42756917398401e-12 3.97033184107443e-11 -9999 -9999 -9999 -9999 -9999 -9999 -9999 -9999 -9999 -9999 -9999 -9999 -9999
0.349629652313888 0.162910044565797 0.250652255117893 0.253078339062631 0.203448840230703 0.999668276309967 0.560418055951595 0.173021480999887 0.327606461569667 2.46714184014785e-05 2.46977183449015e-07 1.84963489302525e-07 1.67874945722346e-08 1.29412185634337e-08 6.6686267619076e-11 3.53583488599263e-08 1.67915366278137e-08 3.73140716103393e-09 7.43074946019107e-10 6.52988552118927e-11 2.23421170453264e-11 1.44008138747154e-12 7.88991094680114e-13 6.84252654536976e-13 9.13569220273303e-13 6.57918164392868e-14 5.6621374255883e-15 3.67483821150927e-13 -9999 -9999 -9999 -9999 -9999 -9999 -9999 -9999 -9999 -9999 -9999 -9999 -9999 -9999 -9999 -9999 -9999
0.999518299102783 0.150326834060252 0.227335770986974 0.977390915155411 0.995769625902176 0.8711421251297 0.266229486465454 0.00544742732276973 2.84105908733401e-05 9.94172146084882e-07 8.37182133806014e-07 3.58957156079143e-06 4.60497174392671e-08 2.1548190343168e-08 1.30115575092127e-08 2.80222178794531e-11 6.79506007017494e-11 4.27600954644447e-11 4.7843840000894e-12 3.92210597333076e-10 6.25054119574031e-11 5.84217563215361e-11 2.11735073918362e-12 5.46618306174196e-13 1.17272858091155e-12 1.3221646000261e-13 2.34019692513243e-11 -9999 -9999 -9999 -9999 -9999 -9999 -9999 -9999 -9999 -9999 -9999 -9999 -9999 -9999 -9999 -9999 -9999 -9999
0.914090251922607 0.530024570226669 0.997573721408844 0.992505764961243 0.885184454917908 0.999907976388931 0.995994144678116 0.509512793272734 0.0790998204611242 2.77868160493355e-05 0.000211543061374186 1.32349998704928e-07 7.7143338270691e-07 2.36049420210271e-07 2.09930097194722e-08 2.96238095165435e-09 4.18118872858031e-12 8.81852035838904e-11 2.60793497908196e-11 1.41826217436858e-11 4.34190682296887e-09 4.67140205406835e-09 5.57917756438542e-10 2.83673085021974e-13 1.47715173426377e-13 1.44995127016045e-14 3.54113460776517e-10 -9999 -9999 -9999 -9999 -9999 -9999 -9999 -9999 -9999 -9999 -9999 -9999 -9999 -9999 -9999 -9999 -9999 -9999
0.000739539368805708 0.00025963771440729 0.00633378086931771 0.482270957529545 0.993117195367813 0.842347991466522 0.612379598617554 0.476625110954046 0.00997190563939512 0.039206288009882 7.1597028554482e-05 0.000436539971769889 2.68803282605035e-05 5.13893770914819e-07 2.18055538148132e-07 3.81297590834606e-08 7.12384553569478e-09 4.27194948304788e-09 1.88061251016336e-09 1.02126618273246e-10 1.11520015444455e-11 6.42240705062136e-12 1.20167098494051e-11 2.31657137916841e-11 5.04407626777947e-13 1.69898539681412e-12 -9999 -9999 -9999 -9999 -9999 -9999 -9999 -9999 -9999 -9999 -9999 -9999 -9999 -9999 -9999 -9999 -9999 -9999 -9999
3.97324654500153e-05 0.0268082418479025 0.131009702384472 0.689173522591591 0.994850122928619 0.874662095308304 0.151627922058105 0.615055871009827 0.0164651698694797 0.0480535127222538 0.0243246431113221 0.000116581276263616 2.39125202043056e-05 1.03689792620987e-06 4.68930883645857e-07 1.29352195565868e-07 2.86935026516666e-08 4.46044309265758e-09 1.49726609222078e-08 2.50579047511579e-09 1.27393244842011e-09 1.20848275830809e-10 2.95976354536265e-11 2.50016340963555e-11 4.15354928229306e-10 9.43130018526972e-11 -9999 -9999 -9999 -9999 -9999 -9999 -9999 -9999 -9999 -9999 -9999 -9999 -9999 -9999 -9999 -9999 -9999 -9999 -9999
2.00113283388426e-08 1.87744663801226e-05 0.000134907705438536 0.00140303458902054 0.766561341285706 0.666594603657722 0.655244502425194 0.0670138848945498 0.00724276114488021 3.38484411849582e-05 0.010043816245161 0.000116140199632131 0.000179567341575648 2.05145348686209e-07 3.54323719317762e-05 5.96385945499378e-05 6.75864120012193e-05 2.46728504780691e-05 1.77731525219382e-07 9.47267691175924e-08 5.80072629485784e-08 3.74168418471044e-10 8.2821480784645e-10 4.90487417348362e-10 1.4556801986032e-09 6.08874728413866e-11 -9999 -9999 -9999 -9999 -9999 -9999 -9999 -9999 -9999 -9999 -9999 -9999 -9999 -9999 -9999 -9999 -9999 -9999 -9999
8.93096145944128e-06 1.30372682033419e-06 5.71033116116837e-06 0.000282311444061634 0.00277494495676365 0.179621949791908 0.97704439163208 0.0484884474426508 0.000563143897716145 1.90956019830324e-05 3.22027815609083e-06 9.35090895495705e-05 2.78083294344533e-05 6.8491526659642e-05 0.000267795952493088 0.00028710054524197 0.000868006636255814 0.000130270527156284 2.17002580201964e-05 7.90922580740094e-07 2.54154402745677e-07 1.32820641407516e-07 1.13007376933982e-07 4.62453992544631e-08 8.03633318779973e-09 -9999 -9999 -9999 -9999 -9999 -9999 -9999 -9999 -9999 -9999 -9999 -9999 -9999 -9999 -9999 -9999 -9999 -9999 -9999 -9999
2.1551867483538e-06 2.46946517677316e-05 3.13610998432523e-05 1.7398013194736e-05 2.62720593468657e-05 0.0057284681359306 0.930200177431107 0.245673307031393 0.000189696807908035 5.07375258791853e-05 1.65164635696158e-05 0.000190875167504601 0.000132465674499827 6.92179012791172e-06 7.57550385859673e-05 0.000585867080735625 0.00115337826910036 0.00185137763055536 6.88492904153293e-05 4.2593646677247e-06 1.05035759614402e-06 3.73574150147604e-07 4.97051918468827e-07 8.80894077459615e-08 -9999 -9999 -9999 -9999 -9999 -9999 -9999 -9999 -9999 -9999 -9999 -9999 -9999 -9999 -9999 -9999 -9999 -9999 -9999 -9999 -9999
2.17319059231613e-05 2.01829374873341e-05 1.89794275456734e-05 5.10715936241635e-07 1.28820754255798e-05 1.95382958260382e-05 0.000219735167843282 0.00478557971073315 6.63402424535775e-05 0.000273724687303911 0.000678239015178406 0.0220995937474072 0.0319004951044917 0.015327466186136 0.00237530145896017 0.00263715722503548 0.00564305655716453 0.0101347123738378 0.0523434730246663 0.0032627071152092 0.000114185952367052 9.67671867635467e-08 4.78334541638148e-06 -9999 -9999 -9999 -9999 -9999 -9999 -9999 -9999 -9999 -9999 -9999 -9999 -9999 -9999 -9999 -9999 -9999 -9999 -9999 -9999 -9999 -9999
7.99087236373452e-05 7.77626297860934e-06 7.714927141933e-06 5.30838721942928e-05 0.0053139393334277 0.00145907498663291 0.000437546542889322 1.67977220598914e-05 0.00219311260152608 0.00365816214180086 0.0350543332286179 0.163659319281578 0.0290929448790848 0.00242836841498502 0.000208501621409596 0.00099369148065307 0.00600872192590032 0.000606552362842194 0.00278856849181466 0.0546596598811448 0.0136029293527827 8.39586669344472e-06 4.50596345347165e-08 -9999 -9999 -9999 -9999 -9999 -9999 -9999 -9999 -9999 -9999 -9999 -9999 -9999 -9999 -9999 -9999 -9999 -9999 -9999 -9999 -9999 -9999
1.58093529989856e-05 4.21049755772174e-06 1.07978410142096e-05 6.30198439466767e-05 0.00011511350321598 0.00826417757198214 0.00806441954337061 0.000502018074621446 0.00120385785703547 0.0255804692395031 0.00229350550216623 0.0031926317315083 0.00110017824918032 0.000714244715345558 0.000150137747914414 0.000471882854981232 0.000689235818845191 0.000882379089853202 0.000310576886113267 0.00104930772213265 0.118356910720468 0.00109748619393031 9.73777169233081e-08 -9999 -9999 -9999 -9999 -9999 -9999 -9999 -9999 -9999 -9999 -9999 -9999 -9999 -9999 -9999 -9999 -9999 -9999 -9999 -9999 -9999 -9999
0.000168767172181106 0.000192918568791356 1.02830177393542e-05 0.000173163951330935 2.29721821114026e-05 0.000190366066090064 0.00044590210163733 0.00159921140875667 0.00406955438666046 0.00215163019602187 0.0013014407682931 0.000317115340294549 0.000443741432172828 0.000982098554959521 0.000180627257304877 0.000743025170231704 0.00153078433140763 0.0551795866340399 0.0102830273332074 0.00290220766328275 0.0103641031775624 0.000103275134580727 3.38914728281736e-08 -9999 -9999 -9999 -9999 -9999 -9999 -9999 -9999 -9999 -9999 -9999 -9999 -9999 -9999 -9999 -9999 -9999 -9999 -9999 -9999 -9999 -9999
1.79590384824735e-05 1.97004441626625e-07 1.92301255230731e-07 0.000432148207255523 6.45770705091309e-05 6.73316267219004e-07 3.39521035073176e-05 7.19447856681654e-05 0.000253669303492643 7.12296691744996e-05 9.34817719098646e-05 0.000155619646830019 0.000437825664994307 0.00369548641610891 0.0409690385684371 0.0118960347957909 0.0608086356893182 0.0572446754202247 0.00870966122020036 0.00328716517051362 0.0050474661111366 0.013408711377997 1.2100230422718e-05 -9999 -9999 -9999 -9999 -9999 -9999 -9999 -9999 -9999 -9999 -9999 -9999 -9999 -9999 -9999 -9999 -9999 -9999 -9999 -9999 -9999 -9999
9.46963268522172e-07 4.5533062531522e-08 1.19775179037163e-06 3.52709002104934e-07 9.15182190155406e-06 1.74545633626622e-05 1.13935160328538e-07 0.000111473329653933 2.64763004167889e-05 4.27281770498666e-05 4.45414417299617e-05 0.000150215540998033 0.000270044828721439 0.00134006152802613 0.00082975281693507 0.0288124405778944 0.00686249393038452 0.00879109553061426 0.00247744859952945 0.0093429361237213 0.00364234107546508 0.10652269423008 0.000365941488135491 -9999 -9999 -9999 -9999 -9999 -9999 -9999 -9999 -9999 -9999 -9999 -9999 -9999 -9999 -9999 -9999 -9999 -9999 -9999 -9999 -9999 -9999
