Scripts_&_data/Maxent_result_files_2/B_campestris_2.asc
NCOLS 594 
NROWS 330 
XLLCORNER -15 
YLLCORNER 23 
CELLSIZE 0.166666666666667 
NODATA_value -9999 
[rows 252 to 272 of 330, columns 92 to 137 of 594]
0.000606218699977035 9.75402385847701e-05 0.000292053027078509 0.000261599419536651 0.000311466183484299 0.000293754549056757 0.000235282453650143 0.000278050379711203 0.000394389490247704 0.000789855243056081 0.00142218345426954 0.00194634301587939 0.00208520092419349 0.00139916561893187 0.00058616069436539 0.000930794887244701 0.000900825089775026 0.00135815924732015 0.000648910537711345 0.000363246037886711 0.000224761361096171 0.000168435899104225 0.000172770272547496 0.000395020274299895 0.000284967263723956 0.000271184129087487 0.00314128660829738 0.00458535738289356 0.00752630757633597 0.0035215386073105 0.0026926018006634 0.00442179329693317 0.00426733390195295 0.00446104251313955 0.00505319030489773 0.00379767476115376 0.00368108680122532 0.00340027476195246 0.00364640273037367 0.00270383904571645 0.00324660097248852 0.00316164839314297 0.0031109627452679 0.00269829406752251 0.000724569091107696 0.000506420677265851
0.000316154072061181 0.000259642173659813 0.000471229256800143 0.000281676737722591 5.00767614539654e-05 0.000197666669555474 0.000508018962864298 0.000295113787433365 0.000357434905163245 0.00069109589967411 0.000590986243332736 0.000261964281526161 0.000226624130300479 0.000165234291125671 0.000140040069163661 0.000157821419634274 0.000171333061007317 0.00018116676073987 0.000243657999453717 0.000153289476293139 0.000131004013019265 7.02514073964267e-05 1.66038707448024e-05 1.97986228840819e-05 1.64406131261785e-05 4.68649123376963e-05 7.02054485373083e-05 0.00041768349983613 0.000702277667005546 0.00300844360608608 0.00395025470061228 0.00348962766584009 0.00319826164050028 0.00413440780248493 0.00222921375534497 0.00181629775906913 0.00134897416864987 0.00294379934784956 0.00124652052472811 0.00118980582337826 0.00112935353536159 0.0014415776648093 0.003023201005999 0.00216755305300467 0.00106094567163382 0.000636658490111586
0.000208369306710665 7.22891058103414e-05 0.000148561024980154 0.0003437395535002 0.000234124275084469 0.000120639052511251 0.000250658061850118 0.000350740937574301 0.000880821610917337 0.000428948950138874 0.00033383977424819 0.000262447782006348 0.000145478526246734 0.000259782821012777 0.000135575088461337 0.000123641696154664 0.000101857631852909 0.000148615467333002 9.67180727457162e-05 9.08842885110062e-05 0.000149432617035927 2.74054581950622e-05 1.3273573472361e-05 8.64546580032766e-06 1.84489389084774e-05 1.08237906601971e-05 6.04369485017742e-06 1.27727690369284e-05 2.93591770514468e-05 7.24204670405015e-05 0.000290420566307148 0.00108297624683473 0.00308703664923087 0.0134149914141744 0.0169714896474034 0.00421804683282971 0.00451610499294475 0.00114431074762251 0.000989193642453756 0.00100934294750914 0.000612956113764085 0.000921070839103777 0.00171209033287596 0.00182760289753787 0.00160041861818172 0.00078128967579687
0.000371725144213997 0.000192774879178614 0.0001098251726944 0.000155470202298602 0.000401571175461868 0.00167465884733247 0.00109908849117346 0.00113694215251599 0.000820288438990246 0.000694358628243208 0.000320238912536297 0.000277518764778506 0.000269737531198189 0.000283754157135263 0.000412297616276192 0.000583730451762676 0.000328345003799768 0.000131460272677941 0.000466569548007101 0.000307657772646053 0.000145580341268214 8.64293215272482e-05 4.81018185382709e-05 1.76270355723318e-05 1.88450920404648e-05 5.40397807640147e-06 1.67511072504567e-05 8.54046365930117e-06 1.4659285648122e-05 2.32711191983981e-05 0.00017049549096555 0.000274888132116757 0.00223010980407707 0.00545773769263178 0.00370541914599016 0.0303943855687976 0.0125294581055641 0.00303849327610806 0.00280598452081904 0.00530367186293006 0.00990498797036707 0.00241748554981314 0.00156649108685087 0.00242998445755802 0.00303115934948437 0.00269958396675065
0.00100841627863701 0.000304479817350511 0.00034973195506609 0.000626913977612276 0.000859208204201423 0.0019531236437615 0.00261843825574033 0.00136222399014514 0.000681320662260987 0.000441866146866232 0.000335431170969969 0.000363618702976964 0.000360660909063881 0.000297297999350121 0.000180210811595316 0.000202091041501262 0.000386936268478166 0.000407360977260396 0.000295122248644475 0.000272774199402193 0.000162901632211288 0.000269585878413636 0.000204237158686738 4.43833974713925e-05 1.56167093109616e-05 3.02530294902681e-05 1.874986094208e-05 1.01500821870104e-05 2.08574728048916e-05 2.51139184911153e-05 5.66105926736782e-05 0.000667387232533656 0.000797619554214179 0.00172880684840493 0.00161290929536335 0.00423258104128763 0.00483734726440161 0.0172208059579134 0.000819423727807589 0.00136098830553237 0.000791667835437693 0.00369729999219999 0.00264621074893512 0.00164155727834441 0.00291004299069755 0.00401378076057881
0.000435965845099417 0.00058885432081297 0.000488552651950158 0.000492631598899607 0.00267000051680952 0.00321189532987773 0.00325951549457386 0.0022076690394897 0.00186779298819602 0.000903514464152977 0.000300433711527148 0.000271749375679065 0.000232632305414882 0.000276822844170965 0.000387617806700291 0.000209134751275997 0.000736849375243764 0.00019834447739413 0.000324029553303262 0.00047244998277165 0.000556553767819423 0.000311045515263686 0.000310766800976126 0.000398103808402084 0.000269649893743917 0.000264512572903186 2.87994305836037e-05 0.00011883309980476 8.52740173286293e-05 7.17084188181616e-05 4.07877793804801e-05 1.45518473573247e-05 0.000104129680221376 0.000692590390099213 0.000607234469498508 0.00130321700125933 0.00153772328631021 0.000425621549948119 0.000387350009987131 0.000511643837671727 0.00103921476984397 0.00139868806581944 0.0017685017810436 0.000700440809305292 0.000992370225139894 0.00115158917033114
0.00141493636183441 0.000612631233525462 0.000398625362140592 0.000909214008424897 0.0030249792675022 0.00197999232914299 0.00122324198018759 0.00184979138430208 0.00118989081529435 0.000855616707121953 0.000544019718654454 0.000549004472850356 0.00029646533948835 0.00010817106867762 0.000651607786130626 0.000681913521839306 0.000278097709815484 0.000389952561818063 0.0012523417652119 0.000667690476984717 0.000546286407916341 0.000646949220390525 0.00047671241190983 0.000550810112326872 0.000531367253279313 0.000254751893953653 0.000317161593557103 0.000136118061345769 7.24075003745384e-05 2.21895112645143e-05 6.42866046405288e-06 1.21255154112987e-05 2.48082297275687e-05 1.55398712195165e-05 0.000169233294946025 0.000178216307540424 7.52306057620444e-05 0.000101760848883714 0.000100916203700763 0.000828714796807617 0.000498181534931064 0.000735912029631436 0.000527278875233605 0.000496290043520276 0.000426991752465256 0.000652341012028046
0.0011208895186428 0.000647014664718881 0.000249586193240248 0.000677120630280115 0.00103058859531302 0.000754312578646932 0.000742687252932228 0.00155111869680695 0.000732154712022748 0.000297158490866423 0.000564527981623542 0.000326004075759556 0.000273751151689794 0.000186971606672159 0.000218061658961233 0.000392875203397125 0.00058995456492994 0.00224264603457414 0.0019967409549281 0.000966371924732812 0.000965864775935188 0.000996337956166826 0.000495100050466135 0.000607131683500484 0.000128519503050484 0.000104652676600381 5.92508296904271e-05 8.10394150221327e-06 7.34348701598719e-06 1.58750563969079e-05 2.19302158484425e-05 7.65206789310469e-06 5.80801809633158e-06 9.09157946011874e-06 2.59102940134426e-06 2.80524878064625e-06 5.34414393769112e-06 3.64370483794119e-06 4.8090410587065e-06 6.34787947433324e-06 9.79636301963183e-06 1.1152903277889e-05 2.81732518033095e-05 8.6939456014079e-05 0.000276588062843075 0.000413658191973809
0.000446357003238518 0.000400061422988074 0.000557654775911942 0.000161252905309084 0.000157723049414926 0.000520245381630957 0.000382104028540198 0.000454989723220933 0.00022326018588501 0.000323930596641731 0.000396083947271109 0.000377371379727265 0.000175240786120412 0.000698881740390789 0.00094635880086571 0.00121398448827676 0.00195891088224016 0.00358259952627122 0.00136956108617596 0.00112976233649533 0.00122783355182037 0.000791283964645118 0.000601593608735129 8.99656386536662e-05 2.21288793454732e-05 1.15671766479863e-05 9.25346436133623e-06 7.86746924177351e-06 1.26018632045088e-05 6.16149491179385e-06 7.9545427524863e-06 8.37083398437244e-06 6.75015143087876e-06 4.44297233741509e-06 3.85925310411039e-06 1.97093201705911e-06 4.27733014873866e-06 2.87918533672382e-06 2.66158938018179e-06 3.05329593572878e-06 5.81959833994006e-06 8.51336511686895e-06 1.16156306262383e-05 1.23628140954679e-05 2.3083947280611e-05 3.89297342735517e-05
0.000232175090786768 0.000121828533156076 0.000113730454722827 0.000133778444433119 0.000246532615710748 0.00018947938515339 0.000196651375881629 0.000212576244666707 0.000432329752948135 0.000709681209991686 0.000710118998540565 0.000530886673368514 0.000466547656105831 0.000965357542736456 0.00181768037145957 0.00184247965808026 0.00161814239108935 0.000705824163742363 0.000154233647845103 0.000206722371513024 0.000850969029124826 0.000443899164383765 3.08114232666412e-05 1.15511116973721e-05 5.81209692995799e-06 6.02847417212615e-06 6.5815010316328e-06 1.21465441111468e-05 1.97587648017361e-05 6.43292190716238e-06 5.31457781676181e-06 4.29410496849414e-06 3.51326920622341e-06 2.71870857488921e-06 2.30648261094757e-06 2.29181037099124e-06 2.89958357484466e-06 4.10989447630072e-06 3.81721326618845e-06 3.85806020517521e-06 4.82111412338781e-06 5.7606812049471e-06 7.67732386179887e-06 7.30275843920936e-06 1.52173279502676e-05 1.74936023086047e-05
0.000235840771347284 9.9769288317475e-05 0.000113230912938889 0.000130584295038716 0.000378493301104754 0.000636310590198263 0.000695346319116652 0.000756625403300859 0.000650702170969453 0.000605033818283118 0.000988341620541178 0.00155481088440865 0.00131071044597775 0.00072448150604032 0.000771152976085432 0.000641583980177529 0.000514842482516542 0.000138303097446624 0.000115563787949213 0.000226808622028329 0.000303001570136985 3.20634164381772e-05 9.41868986501504e-06 5.04672913734794e-06 6.88291655137618e-06 6.00812483071422e-06 6.75493099606683e-06 5.86005655804911e-06 7.91847103300824e-06 5.9376569026881e-06 4.70896917477148e-06 3.88001604960664e-06 2.83817723811808e-06 2.59446581338807e-06 2.17453363262621e-06 5.27099624605398e-06 2.19625500932352e-06 2.44663173845083e-06 3.07420992555763e-06 3.10628881550201e-06 3.82209907741071e-06 4.91825959443304e-06 5.44041104149073e-06 5.8224078998137e-06 4.79822145962316e-06 5.30482636804663e-06
0.000346536216966342 0.000358881676947931 0.000357938419620041 0.000792163526057266 0.000307920992054278 0.000432585774979088 0.000566995629924349 0.00058847654145211 0.000849694435601123 0.000999485165812075 0.00208323881379329 0.000364366111170966 0.000157249392213998 0.000168896115428652 0.000262175357784145 0.000104702673161228 8.09013901744038e-05 8.73414224770386e-05 0.000133470591754303 3.89002147130668e-05 2.33450241921673e-05 1.00105769547554e-05 7.36285318794216e-06 7.56547467517521e-06 8.37586627540077e-06 1.21943274280056e-05 1.06109415014544e-05 9.09632827870155e-06 7.52519641764593e-06 5.46479504350827e-06 4.2159416125287e-06 3.47310787276456e-06 2.43976587483985e-06 5.34236561406942e-06 5.02681704119823e-06 2.01310339491556e-06 2.42891634201214e-06 3.10637771292477e-06 3.67548400106443e-06 2.99797437719462e-06 3.07159822057201e-06 4.38919000771421e-06 4.49678245502128e-06 3.52557300118406e-06 2.88292631012155e-06 2.95262909162375e-06
0.000416174369456712 0.000410484365420416 0.000461632621590979 0.000315490930370288 0.000362063495413167 0.000436692358925939 0.00042177112045465 0.000787025692989118 0.00103208801301662 0.000607018201844767 0.000703857524786144 0.000110513135587098 5.27116160810692e-05 0.000205118359372136 5.90309245126264e-05 6.69533008476719e-05 5.91303655710362e-05 2.19817234210495e-05 1.92406591850158e-05 2.77995948636089e-05 2.49130741394765e-05 1.8106607012669e-05 3.07096904634818e-05 4.30853839134215e-05 9.77621299398379e-06 7.00707597616201e-06 8.89574387201719e-06 7.33585360421785e-06 6.31689839565297e-06 5.02759359619631e-06 4.14266809229957e-06 3.32816273385106e-06 4.13195716362225e-06 6.59887928122771e-06 1.05402736380711e-05 1.83776617603826e-06 2.30708932917878e-06 3.09277726842083e-06 3.62004142573369e-06 3.28003162906043e-06 3.06162801564369e-06 3.93253912136515e-06 4.01367483107151e-06 3.91658639955494e-06 3.78841168355848e-06 9.82935667934726e-06
0.000478109244431835 0.00050520818476798 0.000443019550584722 0.000773798653972335 0.00133151558111422 0.00109562055731658 0.00142460969509557 0.000321435216028476 9.13267096620984e-05 0.000149977184628369 0.000132609165302711 7.3508885998308e-05 4.61418660052004e-05 3.41920416758512e-05 4.11847900068096e-05 7.04509892784699e-05 7.27457494576811e-05 3.67228449249524e-05 2.348037351112e-05 1.46045700375907e-05 2.7924475580221e-05 2.78713802799757e-05 2.32059855079569e-05 1.79636877874145e-05 8.25425258881296e-06 9.40105026074889e-06 7.60744618446552e-06 6.42583062244739e-06 5.71132587197098e-06 4.87661346824098e-06 4.21754812691688e-06 3.41721955976482e-06 2.63677749217095e-06 2.41056911676196e-06 3.81987742912315e-06 2.0684264029569e-06 2.493446970675e-06 2.82212849072039e-06 3.1133734779587e-06 3.24778756066735e-06 3.13417093025237e-06 3.27847925234437e-06 3.80429621884559e-06 3.67207714759843e-06 2.46050020251687e-06 1.94802276212158e-06
0.00040673176117707 0.000439571299648378 0.000381409852707293 0.000990312686190009 0.00124246644263621 0.000402640286483802 0.000697023252723739 0.000641263989382423 0.000114942011714447 8.09615477919579e-05 0.000121327697161178 0.000114224623393966 5.42116245924262e-05 4.39734874817077e-05 3.97114349652838e-05 3.74767901121231e-05 3.80512876290595e-05 3.41597650731273e-05 2.90313897494343e-05 3.01404450510745e-05 2.71127586074726e-05 2.26566363835445e-05 1.90557726909901e-05 1.47223908697924e-05 1.18083710049177e-05 9.47741114032397e-06 7.45449312944402e-06 5.86457034046362e-06 5.22292302775895e-06 4.49777278959118e-06 3.74328569421323e-06 2.82020885435941e-06 2.62776215436134e-06 5.35433358095361e-06 4.66928038918013e-06 2.29780347922315e-06 2.45959009816943e-06 2.72830678227365e-06 3.38960727788162e-06 3.46443799514873e-06 2.82713117769617e-06 3.02050854941172e-06 3.03543558004549e-06 2.7271403581608e-06 2.37180701390116e-06 1.87102653228521e-06
0.000599235290428624 0.000389653550519142 0.000371855420235079 0.000350245458685094 0.000151933697634377 0.00018239139317302 6.49884111226129e-05 0.000113222558320558 8.29246628200053e-05 9.31808843233739e-05 5.38775969289418e-05 5.38885085006768e-05 4.54310010354675e-05 4.56685043900507e-05 3.86869448448124e-05 3.34381571519771e-05 3.11823584524973e-05 2.86674840481282e-05 2.50697177307302e-05 2.79448543096805e-05 2.10522466659313e-05 1.65757864124316e-05 1.46433666714074e-05 1.17486190220006e-05 9.87232757552192e-06 7.93714340261431e-06 6.15149879195087e-06 5.01846101315095e-06 3.84095949925722e-06 2.89451310493405e-06 2.82931613639903e-06 2.58752993431699e-06 4.02007736113319e-06 4.07314997517005e-06 3.5894252135904e-06 2.10947133609807e-06 2.21724600777407e-06 2.41274520362822e-06 3.29842673352232e-06 4.12316228732834e-06 2.45348101657328e-06 2.56779431424547e-06 2.5544427700197e-06 2.49129943483695e-06 2.20232925869368e-06 1.93854894092738e-06
0.000214922115628724 0.000117226762995415 0.00015300314007618 0.000108350546543079 0.000104592436582607 5.64114259759663e-05 4.09850125834055e-05 6.99406349667697e-05 5.75661742914235e-05 6.259294677875e-05 3.51009605765284e-05 3.73020509869093e-05 3.51863336618408e-05 2.78286475349887e-05 2.43682200107287e-05 2.18737148770742e-05 2.02497520604084e-05 1.93023457086383e-05 1.94119776097068e-05 1.86105856755603e-05 1.49688202554898e-05 1.35935330490611e-05 1.03368715599572e-05 8.87101949729185e-06 7.21175034641419e-06 6.05338054242566e-06 5.09362486127429e-06 4.37392860703767e-06 3.0832157108307e-06 2.1621764375368e-06 2.03925643234015e-06 2.21281317465127e-06 1.91817967873931e-06 1.96202005184887e-06 2.9210287124215e-06 1.77126945004602e-06 2.02230113188762e-06 2.12774623662426e-06 2.19359395288166e-06 2.53236171658955e-06 1.94466340275312e-06 2.01966211648141e-06 2.08960552470216e-06 1.90056177160614e-06 1.83757481124758e-06 1.69264931599855e-06
5.40649357390066e-05 7.40124526600994e-05 5.73626663026516e-05 9.4415955391014e-05 5.30884213731042e-05 0.000117740155474166 3.56450749677606e-05 3.82811008421413e-05 5.24043342920777e-05 3.61445695489238e-05 2.006186282415e-05 3.57661261659814e-05 2.77879565146577e-05 1.7318908658126e-05 1.56775757204741e-05 1.45209468882967e-05 1.4256062036111e-05 1.48886329043307e-05 1.71606705862359e-05 1.48800518218195e-05 1.0250660420752e-05 8.81678150790321e-06 7.3877533736777e-06 6.11320741654708e-06 5.68785626455792e-06 4.94066656528958e-06 4.24828610903205e-06 3.31830046320647e-06 2.67210971003351e-06 2.2171883529154e-06 1.95923033032841e-06 1.85419477674031e-06 1.58812696327004e-06 1.56140438889452e-06 6.44146426225234e-06 1.55371866839005e-06 1.79391425234598e-06 1.79978560481686e-06 1.71781247502167e-06 1.56288006536442e-06 1.5913443661475e-06 1.66342402394548e-06 1.49923356644877e-06 1.46807926597603e-06 1.39276282453693e-06 1.33891286964172e-06
3.61121745299897e-05 3.66873324310291e-05 5.03557671436283e-05 3.46966847246222e-05 4.12459381550434e-05 2.89047021851729e-05 1.50234811599148e-05 1.90236429716606e-05 2.7497488872541e-05 2.87666393433028e-05 2.31254800382885e-05 1.40226420398903e-05 1.49768942719675e-05 1.31036049879185e-05 1.1213116908948e-05 1.0724546837082e-05 1.13937700234601e-05 1.92198186141468e-05 1.47279180055193e-05 1.02110725265447e-05 8.76332969710347e-06 9.23216637147561e-06 5.88810614772228e-06 4.70451979595055e-06 4.28147190518757e-06 4.03119450425038e-06 3.26635593523861e-06 2.274656323209e-06 2.09832120248166e-06 1.99443705497515e-06 1.72166356264825e-06 1.40448532022219e-06 1.31016605990908e-06 2.40655962500114e-06 1.28609866720808e-06 1.31403155165799e-06 1.51272835893224e-06 1.48239850688014e-06 1.38169929329024e-06 1.21048768875198e-06 1.1438202967895e-06 1.26062446383912e-06 1.23346146096992e-06 1.23503374851452e-06 1.16616965968319e-06 1.06861152531224e-06
2.51888525781396e-05 2.52162470587791e-05 2.67309404534899e-05 2.31454192089586e-05 2.15180803934345e-05 2.02176543098176e-05 1.48239523923621e-05 1.53981620542254e-05 1.44431499165876e-05 1.43001620017458e-05 1.20844354569272e-05 9.98796250542e-06 9.96542115672128e-06 9.09753607629682e-06 8.64434045979578e-06 8.94045832637857e-06 9.65688162750666e-06 9.71475910773734e-06 9.15072448606224e-06 7.56512284851851e-06 1.02132438428271e-05 4.72067701480228e-06 4.33142034239609e-06 3.2628567652182e-06 4.8419964855384e-06 5.04561755860777e-06 2.55412317642367e-06 2.31323328137023e-06 1.92570079917687e-06 1.68531379500791e-06 1.27006566259524e-06 1.09636340752672e-06 1.09820274261097e-06 1.16329320221098e-06 1.19322760880891e-06 1.18916528322188e-06 1.2137201579776e-06 1.17690612526644e-06 1.20368129756798e-06 1.05701334476294e-06 9.85045486601166e-07 1.00875462081262e-06 1.00328904721891e-06 1.04602258730324e-06 1.04341721467449e-06 9.58687242302858e-07
1.98152932625817e-05 1.79128281160956e-05 1.69917739412995e-05 1.56699908757219e-05 1.66034724998099e-05 1.57016508183005e-05 1.36946451448239e-05 1.5895781166364e-05 1.01595360320061e-05 8.46985576572479e-06 7.41718787367063e-06 6.01413378831239e-06 6.04545475084706e-06 5.88758879871421e-06 5.8943570820702e-06 5.85935011372385e-06 7.33019122662881e-06 5.64029889460471e-06 5.72439321899765e-06 8.79464489571546e-06 5.05454269728034e-06 5.28818262068853e-06 3.02354195582666e-06 2.75680575612114e-06 2.50080140062892e-06 2.51010277452224e-06 2.23619527730534e-06 1.8421134171831e-06 1.59305909477325e-06 1.41184248150239e-06 1.08246349057595e-06 1.15616128795182e-06 9.47020464536763e-07 9.76353310733202e-07 9.98278125052821e-07 1.01514573245254e-06 9.8183753962644e-07 1.00540917813419e-06 1.07607693280443e-06 1.02911962045482e-06 8.47998072117662e-07 8.31021812786048e-07 8.11094115249489e-07 7.93159408374322e-07 8.07605711372617e-07 7.664381492134e-07
