Scripts_&_data/Maxent_result_files_2/B_campestris_2.asc
NCOLS 594 
NROWS 330 
XLLCORNER -15 
YLLCORNER 23 
CELLSIZE 0.166666666666667 
NODATA_value -9999 
[rows 231 to 251 of 330, columns 414 to 459 of 594]
1.01235118108889e-05 4.43374262886209e-06 5.16765388738349e-06 5.30157296907419e-06 7.2490197226216e-06 6.22635844820252e-06 1.09850024500702e-05 1.46504447002371e-05 6.31799664461141e-06 2.05210915964926e-05 1.19605571057946e-05 1.14649470560835e-05 1.45163616480204e-05 6.16743711816525e-06 1.44616902389316e-05 1.27828069480529e-05 9.40071982995505e-06 1.34558330501022e-05 1.29096339151147e-05 1.19823609793457e-05 1.33901030721972e-05 1.19090345151562e-05 1.26700695091131e-05 1.11447149720334e-05 1.75272700744245e-05 7.40275463613216e-06 7.07376891568856e-06 6.51714025252659e-06 6.03145967943419e-06 5.62981016400954e-06 5.03889002629876e-06 4.81279873838503e-06 4.92769676156968e-06 4.82537971038255e-06 7.25415902707027e-06 2.92989220156414e-06 2.88602147975325e-06 3.06856520069232e-06 8.58651820863088e-06 8.75765272212448e-06 7.8127471397238e-06 2.61678689525979e-06 3.18559347647351e-06 3.67102201153102e-06 4.05337191295985e-06 4.08559886295734e-06
6.4900772827059e-06 6.67662068281061e-06 6.95619958150928e-06 7.70473986904108e-06 6.07192316692817e-06 1.82382658294955e-05 8.38448911508749e-06 8.67850135364279e-06 5.0069274834641e-06 1.31331597003737e-05 1.3694089591354e-05 5.90494183825285e-06 4.6801117321138e-06 7.49672336723961e-06 1.40410617177622e-05 1.1041504262721e-05 1.16550018219641e-05 1.13674659587559e-05 1.06209764226151e-05 1.12916325406331e-05 1.18041297355376e-05 1.10238937168106e-05 9.93615126390068e-06 1.0843577047126e-05 9.79500850917248e-06 1.06460938695818e-05 8.86572727267776e-06 6.25303069909933e-06 5.81219735522609e-06 5.54014906128941e-06 4.84302438508166e-06 4.67810488089526e-06 4.59156852912201e-06 6.91401131689418e-06 6.92636900794241e-06 1.14124160290885e-05 4.35726601040187e-06 7.40664072509389e-06 8.29353259632626e-06 3.37695275334227e-06 3.27272715026083e-06 4.98717377013236e-06 4.25482734272009e-06 3.7733038936949e-06 3.99962770529783e-06 3.25799115330483e-06
6.52821481708088e-06 6.92155614387957e-06 7.11620873516949e-06 9.01812263691681e-06 1.1777746340158e-05 1.235516970155e-05 1.70148707638873e-05 3.26523890180397e-05 1.36009878588084e-05 1.08952195432721e-05 1.33774299456491e-05 1.59940500907396e-05 9.39797034789081e-06 8.09180960459344e-06 7.00241309914418e-06 2.46999286446226e-05 1.1037910894629e-05 8.22668073396926e-06 5.74632390453189e-06 8.91676454557455e-06 9.49135642258625e-06 8.56002238833753e-06 8.23322970973095e-06 9.070902365238e-06 9.37078405058855e-06 9.6536083447063e-06 1.37682431613939e-05 5.37925268417894e-06 5.2198118510205e-06 5.04224539099596e-06 4.93513050514593e-06 4.60078530295505e-06 4.42491890453311e-06 4.35491853068015e-06 4.37069505778709e-06 6.67622056198525e-06 3.08991910742407e-06 4.29987131838061e-06 3.9199452999128e-06 2.86244222138521e-06 3.28877659967475e-06 8.36305111988622e-06 3.58672481866051e-06 3.79591052706019e-06 3.41467990097044e-06 3.86438109103437e-06
9.30136020542704e-06 7.41867027045373e-06 8.85711003775214e-06 1.39374521495483e-05 1.74474731920782e-05 1.41727719892515e-05 1.07857874581896e-05 1.65395657404588e-05 2.66875967099622e-05 1.69148488566861e-05 3.31751923113188e-05 2.39785686972027e-05 1.88136148153717e-05 6.36000403574144e-05 1.00133281193848e-05 1.95085725863464e-05 1.16948634513392e-05 9.03135096450569e-06 9.02994850093819e-06 8.96568353709881e-06 8.7409053094234e-06 7.80449388457782e-06 7.0513441642106e-06 1.19228100857072e-05 1.3168988562029e-05 5.10508040179047e-06 5.39667520342846e-06 5.19233767590777e-06 5.16685385036908e-06 5.03849742017337e-06 4.94377661652834e-06 4.50910225708867e-06 4.33456553992073e-06 4.22326837679066e-06 4.11401912288056e-06 4.12954540252031e-06 4.21750777377383e-06 4.89779627059761e-06 5.59476344506038e-06 4.15400014048828e-06 2.72155256197948e-06 4.97349543593373e-06 1.00968326933071e-05 5.02441449725666e-06 3.4968780539657e-06 5.49502889271025e-06
7.487718221455e-06 7.44553481126786e-06 8.70095034315454e-06 1.39537450650096e-05 1.6238580155914e-05 1.68159993791051e-05 2.1549430266532e-05 1.53508583480289e-05 2.57847941611544e-05 4.16974054132879e-05 4.61228424683213e-05 2.56222194366273e-05 2.06561284812778e-05 1.09637935111095e-05 2.99248981718847e-05 1.31457573843363e-05 1.5458150755876e-05 2.82384155070758e-05 2.41993378949701e-05 8.69939751737547e-06 7.0217679876805e-06 1.14633289058474e-05 1.30493310280144e-05 1.21825567703127e-05 7.06833363892656e-06 5.05886964674573e-06 3.24340914517052e-06 3.00555204262309e-06 5.02946609231003e-06 5.08248413098045e-06 4.9687528303366e-06 7.78642140630836e-06 6.51820232633327e-06 7.26097601955189e-06 6.61083442992094e-06 5.66400301522663e-06 9.0152300799673e-06 7.96683427779499e-06 6.12249508549212e-06 4.68133094955192e-06 5.26226668853269e-06 4.66638562102162e-06 6.48565979872728e-06 6.63293619709293e-06 4.80622745726578e-06 4.55958301017745e-06
7.81606213422492e-06 9.13805170057458e-06 1.34292409256886e-05 1.65181463671615e-05 1.69850953625428e-05 1.93879644484696e-05 1.5169389462244e-05 2.00767592104967e-05 2.76196101367532e-05 3.3926859669009e-05 3.93283793528099e-05 4.17422623286257e-05 3.52782823028974e-05 4.30829669312516e-05 7.75864484239719e-05 0.000150311161269201 0.000223916091636056 8.80371870152885e-05 7.35628327674931e-05 2.49878878094023e-05 2.48475962507655e-05 8.53226529216045e-06 9.88987699201971e-06 1.10184387494883e-05 1.1573412780308e-05 1.06196903061573e-05 5.2947221206523e-06 6.50898546155076e-06 8.87709816197457e-06 1.23456073197303e-05 5.02819286793965e-06 5.12367680585157e-06 7.30553781522758e-06 4.51487875352541e-06 3.94203347582334e-06 5.3659970035369e-06 7.12615766360614e-06 6.13062582033308e-06 4.22838917302215e-06 2.56722135532073e-06 3.07156495296113e-06 4.59146560842783e-06 2.80130460623695e-06 5.74880021986246e-06 6.14692726230714e-06 2.83511240581902e-06
9.45278154631524e-06 8.23334898996109e-06 1.21318024412176e-05 1.52859293848451e-05 1.60338813202543e-05 1.37861038638221e-05 6.19534736188143e-06 6.43602324998938e-06 8.62455385686189e-06 1.06774807363763e-05 2.20389937567234e-05 2.02691090635199e-05 5.29441853359458e-05 0.000112581871871953 4.79871782772534e-05 7.06843928128364e-05 0.000320687453495339 0.00161048814188689 0.00100813193130307 0.000180148983781692 0.000113570212488412 3.31232636199275e-05 2.54662811130402e-05 5.85188026889227e-06 1.67452363257325e-05 7.9729020171726e-06 8.877491018211e-06 1.05394626871202e-05 8.62015806433192e-06 1.34784445435798e-05 4.45175379581997e-06 8.4888432866137e-06 2.93830846089804e-06 3.99229916183685e-06 2.76548359465778e-06 4.88167810317464e-06 1.0658701171451e-05 4.36224328268509e-06 4.03266874400288e-06 2.62432719750905e-06 3.99687525032277e-06 3.05171942613924e-06 2.85466478544549e-06 3.04749088968492e-06 6.65690879486647e-06 5.75804938307556e-06
1.01747375538253e-05 1.37887391701952e-05 1.53701136696327e-05 1.69286530308455e-05 6.09831549809314e-06 5.20290116128308e-06 5.21266371151796e-06 3.95691957919553e-06 3.94169170476744e-06 4.20511739207541e-06 6.28448972292972e-06 1.34876212769086e-05 5.03259174365667e-05 5.24381483046454e-05 0.000102688907645643 0.000287944611045532 0.000442283466691151 0.000928803317947313 0.00218132297741249 0.00354174335952848 0.0005951814702712 0.000137652338162297 3.89140023798973e-05 5.25963429026888e-05 5.66778824577341e-05 8.23030391075008e-06 1.65190578172769e-05 4.92508994511809e-06 5.50221069488543e-06 6.70254005399329e-06 7.32137068553129e-06 1.035982634221e-05 6.58574483622942e-06 5.902381371925e-06 5.17866944846901e-06 3.02983969504567e-06 3.06832423007108e-06 4.53656650165613e-06 2.52473017212651e-06 2.21641009261475e-06 2.46990021537385e-06 6.95046277314759e-06 4.19505946069876e-06 2.55141606828602e-06 1.99430828331515e-06 6.75507321830082e-06
1.58597651989112e-05 1.64534111263492e-05 1.76521609773772e-05 1.87162454039935e-05 1.28333836528327e-05 6.82776349094638e-06 3.14386408035716e-06 3.14245518211465e-06 3.88934632269411e-06 5.34536046643552e-06 1.9173829787178e-05 1.92036326097877e-05 2.35255060033523e-05 0.00018414006990497 0.000572182339965366 0.000567215878982097 0.000778789416654035 0.00130714567494579 0.0012723102059681 0.00237610455369577 0.00271117946831509 0.00742516170721501 0.000303451596118975 6.7535464768298e-05 5.56083803530782e-05 3.59282014869677e-05 2.60548919868597e-05 1.61308293172624e-05 4.72738772259618e-05 1.19957992410491e-05 5.94388727677142e-06 6.19073094867417e-06 4.6978431100797e-06 5.83515948164859e-06 4.01174347643973e-06 3.16364209425046e-06 4.2026169012388e-06 5.8672242744251e-06 2.48690899411486e-06 3.85601492212118e-06 3.55098821387401e-06 2.87597949863994e-06 4.25362272835628e-06 3.18808371275736e-06 3.5707889310288e-06 2.71059644774141e-06
1.73809783518664e-05 1.85628150120465e-05 1.81490304839826e-05 2.02163655103504e-05 2.14024798879109e-05 1.1030156315428e-05 5.5833494457147e-06 5.483643531079e-06 5.08470035356368e-06 4.41924224219292e-06 8.18342357433721e-06 2.91148524866003e-05 7.84496605774621e-05 0.000118676378042437 0.000485057395417243 0.000253978939144872 0.00040259696834255 0.000660593408974819 0.00147216649493203 0.00161397089250386 0.00302162385778502 0.00783994575031102 0.00512013921979815 0.00494646932929754 0.000508470769273117 7.48176740671624e-05 0.00241987597473781 2.40822174419009e-05 4.2663266776799e-05 5.2578923987312e-05 2.08349482818448e-05 1.12287089450547e-05 5.22145304557853e-06 5.22009048609107e-06 3.95677836877439e-06 3.41855434271565e-06 6.99569397966116e-06 5.88528394018795e-06 6.30393649316829e-06 3.26927854530368e-06 3.77170672436478e-06 3.58350079068259e-06 2.46961523657774e-06 3.39299430152096e-06 5.3727901899947e-06 7.01854784210809e-06
1.22423488392087e-05 1.29481094973016e-05 1.93989766557934e-05 9.33326114136435e-06 8.75190648912394e-06 6.82103072904283e-06 5.94930124862003e-06 8.41753675331347e-06 1.03365540780942e-05 4.4063198765798e-05 4.83041192637756e-05 0.00016623590454401 0.000415348800015636 0.000104861574072856 9.13781417693826e-05 0.000100117260444677 0.000281292491126806 0.000329193004290573 0.000888738286448643 0.00128491416107863 0.00250315556768328 0.00252927201800048 0.00499998321756721 0.010595509968698 0.0164122552610934 0.0136039690580219 0.000540547122363932 3.85610159355565e-05 9.20375394343864e-05 4.62081310615758e-05 2.37650142025814e-05 1.44349919992237e-05 1.39631327328971e-05 4.98019410315465e-06 3.7376431237135e-06 2.91578269866477e-06 3.24113337910603e-06 5.06637425132794e-06 6.54811941558364e-06 2.81772299786098e-06 3.61758765734521e-06 5.57191933125978e-06 4.10321048320839e-06 2.19570026729343e-06 7.22702538951125e-06 8.87828205122787e-06
6.09535596254318e-06 5.56133996383323e-06 6.59186711118309e-06 6.56130605420913e-06 7.79414107228149e-06 6.84900626310991e-06 5.09033259277203e-06 8.41201541334158e-05 7.50284612877294e-05 9.79784799710615e-05 0.000256589026685106 0.000890484364936128 0.000289202360727359 4.7932936649886e-05 0.000178166773548583 0.000221816217526793 0.000361760467058048 0.000531556669739075 0.00113774342171382 0.00209980749059469 0.00144080232130364 0.00118097926024348 0.00404916489496827 0.00364545884076506 0.00928020353894681 0.0141793978400528 0.0141573197208345 0.00755057148635387 0.00116653926670551 0.000465951045043766 4.73157919259393e-05 5.30719671587576e-06 1.92611505099194e-05 5.50375748389342e-06 1.1371572054486e-05 6.88162268716042e-06 6.55578912756027e-06 1.57946335548331e-05 1.39674026058856e-05 6.38872834315407e-06 4.21563325971874e-06 2.98060722343507e-06 4.70736314355236e-06 2.43969453208592e-06 2.26677626642413e-06 5.19274806265457e-06
2.91386571007024e-05 2.14873966342566e-05 8.58295740044923e-06 2.1103546600898e-05 1.47463129223979e-05 5.90714048485097e-06 6.58185537076861e-06 8.53486408232129e-05 0.000131861356749141 0.00042288713157177 0.00614591503981501 0.00750034991651773 0.00436039690393955 0.00054688460950274 0.00149119758862071 0.000549987994600087 0.00233468618243933 0.0056683998554945 0.00426863902248442 0.00282101671909913 0.00260469098575413 0.00158124856534414 0.00168985583004542 0.00527066548820585 0.00485540557419881 0.0127374484436586 0.0110650163143873 0.0130050358828157 0.0083737506531179 0.000902508577564731 0.000179715645208489 1.70580480698845e-05 2.86635712200223e-05 3.2626768506816e-05 6.82973568473244e-06 1.2067186207787e-05 1.32337071136135e-05 1.29777301026479e-05 2.61386011061404e-05 1.64115737788961e-05 5.5964609714465e-06 5.88791139080058e-06 5.46535492276234e-06 2.78946803291547e-06 2.91163765950841e-06 3.5252557381682e-06
0.000134998522844398 3.89367203297297e-05 1.74686419995851e-05 5.57669890440593e-05 5.4988940109979e-05 8.52961044984113e-05 0.000159265599722858 0.000132860133453505 0.000550939347158419 0.00401242807274684 0.00556648627389222 0.000827885922626592 0.000441428876365535 0.000504111999180168 0.000414821598678827 0.000399618489609566 0.000583565534907393 0.0019299128849525 0.00452943323180079 0.00613171909935772 0.00830444148741663 0.00643859861884266 0.00465908454498276 0.00322563869995065 0.00216403414378874 0.00389570124680176 0.0106172141619027 0.00877332515083253 0.0108485260047019 0.00692990671377629 0.00157136209309101 0.000176651588844834 1.85734596470866e-05 2.57370770100351e-06 1.80604973536447e-06 3.30154225594015e-06 1.29514098944128e-05 7.40049763408024e-06 4.6600534915342e-06 3.91559846093514e-06 1.1951273950217e-05 7.52517692035326e-06 1.035951133872e-05 2.16447281673027e-05 1.17063349080126e-05 2.09672052164933e-06
0.000300280694500543 0.000209825382444251 0.000280141178700433 0.000201546914831852 0.000314073494882905 0.000234641722636297 0.000216053625263157 0.00141676810162608 0.00793210761621594 0.00717450371012092 0.00106201675080229 0.000126335423556156 9.75588478468126e-05 5.29511251443182e-05 0.000130862955847988 0.000214013369986787 6.2439981593343e-05 5.25769974046852e-05 0.000186222360207466 0.000379588348732796 0.000701927050249651 0.00508653651922941 0.00578189245425165 0.00727579635567963 0.00680603892542422 0.00964979310519993 0.00878643221221864 0.00960417664609849 0.00707167163491249 0.00885376939550042 0.0109415258746594 0.00904623861424625 0.00155857855570503 0.000399865780491382 5.69055679079611e-05 6.48257187094714e-06 1.46477102873632e-06 4.36882960457297e-06 4.32243242585173e-06 3.45151517535669e-06 7.10160295511741e-06 4.39791332951245e-06 2.49608791591527e-06 9.20301690712222e-06 7.39029571832361e-06 1.28524966953592e-06
0.000934629094263073 0.000447313171025598 0.000523864801652962 0.000799355654453393 0.000874088813725393 0.00121244327601744 0.00453092051902786 0.00786244766786695 0.000988456001505256 0.000586718588601798 0.000128646761004347 5.17446416779421e-05 3.7927498397039e-05 3.5875006869901e-05 2.86209901787515e-05 3.07001086184755e-05 2.44737310822529e-05 3.34715303324629e-05 5.01966091178474e-05 5.32056385054602e-05 0.000107732933247462 0.000552691194752697 0.00284220395842567 0.00406882016686723 0.00467529448214918 0.00486588368657976 0.00628946421202272 0.0051211183774285 0.00508288629353046 0.00518226674757898 0.00566623685881495 0.00969023392535746 0.00892421025782824 0.00872075241059065 0.00191350600216538 0.00019848576921504 1.45803672694456e-05 1.91756824960976e-06 1.71057080819992e-06 2.43571019495903e-06 3.05239516364964e-06 8.73377882726345e-07 1.27111935341873e-06 1.22130161344103e-06 1.88445118283198e-06 9.05060979050631e-07
0.0100244499626569 0.0168721410213038 0.0106659337412566 0.0296143302693963 0.0345661640167236 0.0188554331660271 0.00591987236402929 0.00144952434347942 0.00024871905479813 7.65633385526598e-05 2.5089627433772e-05 3.07289636111818e-05 2.99993705084489e-05 3.10155460283568e-05 4.00488590457826e-05 5.11204721988179e-05 9.54744529735763e-05 0.000161227594799129 0.000195970752247376 0.000270633159379941 0.00020408325799508 7.10629396053264e-05 7.06711667589843e-05 0.000390469205740374 0.00224016183638014 0.00511428529862314 0.00391781380167231 0.00380852066446096 0.00306204747175798 0.00195889128372073 0.00170973064959981 0.0017788989818655 0.00331750267650932 0.00261337909614667 0.00399744599126279 0.000410734501201659 2.75101651823206e-05 4.76770003388083e-06 1.0160697684114e-06 1.31446279283409e-06 6.40837299670238e-07 5.18946565364331e-07 9.32870504755101e-07 6.87441568913982e-07 9.07875970312944e-07 5.33273566105663e-07
0.0119701543822885 0.00729185186792165 0.00658391970209777 0.00647180662490428 0.013525625737384 0.00252678933902644 0.000155240812091506 7.09165649823262e-05 6.36840482911793e-05 5.30793036887189e-05 7.85722306318348e-05 4.47409367552609e-05 4.07354512390157e-05 2.3534346564702e-05 2.61034324466891e-05 4.15658025303856e-05 0.000140540786014753 0.000876564771169797 0.000310738403641153 0.000138749573670793 0.000529664510395378 0.000192673873971216 3.48082157870522e-05 9.01885498024058e-05 0.000524635089095682 0.000840059245820157 0.00207271995022893 0.00324879725230858 0.00451371405506507 0.00392237136838958 0.00336924002040178 0.00202157117892057 0.000554100595763884 0.000434506719466299 0.00031001135794213 0.000649426653399132 0.000158094339712989 4.65763680495002e-06 2.84816832163415e-06 1.1877210511102e-06 1.22292335049679e-06 7.21405213255366e-07 5.8305371339884e-06 4.28731840997898e-06 5.59170973701839e-07 6.04587260966127e-07
0.003014013718348 0.00328280950780027 0.00273122605867684 0.00172168279532343 0.000920756816049106 0.000323537927761208 0.000122703353554243 6.23116979113547e-05 6.10980019700946e-05 0.000161493701671134 0.000172026611835463 5.92095660977066e-05 6.00025274252403e-05 3.06296557937458e-05 1.93462830793578e-05 5.94565844949102e-06 1.15337109036773e-05 3.47636124388373e-05 0.000183646888035582 0.00103741765196901 0.000695145028294064 0.000291813565127086 0.000215279380063293 0.000156148818496149 0.000260131312097656 0.000314051638997626 0.00109586058242712 0.00166096017928794 0.00648425533436239 0.00422192180994898 0.00570520254550502 0.00245407765032724 0.000607296990347095 0.0136160051071784 0.000122583292977652 5.70427004277008e-05 0.00030313511233544 6.69367880618665e-05 9.00947122772777e-06 3.33843055386751e-06 1.46657930883976e-06 2.1371956108851e-06 2.6215583091016e-06 3.07094586560197e-06 7.5837118203026e-07 5.0131557856048e-07
0.00064091350795934 0.000186072859651176 0.000168519566796022 3.50380967574893e-05 8.03566312242765e-05 9.3757671493222e-05 5.99338246502157e-05 7.01668479450746e-05 0.000167938789309119 0.000200868818501476 0.000107130945980316 3.37023984684492e-05 1.25793685128883e-05 1.3045383093413e-05 3.80932974621828e-06 3.26986131540252e-06 3.67772258869081e-06 4.67945839091044e-06 2.78648722087382e-06 6.81951553360705e-06 1.32582388687297e-05 2.19379155169008e-05 7.85591400926933e-05 1.4352035623233e-05 4.90827347675804e-05 0.000371942530910019 0.000194503663806245 0.000515940951299854 0.00449688551016152 0.00434150891378522 0.00798020353540778 0.00333607714856043 0.00231199153931811 0.0836129782604985 0.000524586933170212 2.58947026850365e-05 2.10683236218756e-05 2.46121641794161e-05 4.67656382170389e-05 8.88903211944125e-06 1.88752820236004e-06 1.22444529893073e-06 1.5910905972305e-06 1.5491387188149e-06 8.63930108607747e-07 7.04806126350377e-07
5.20065937962499e-05 9.10430604562862e-05 4.82653345898143e-05 1.63646147484542e-05 1.82866047907737e-05 1.38789657739835e-05 9.87084531516302e-06 3.86170068850333e-05 0.00011438238871051 0.000128689888151712 0.000103042727459979 6.6098578281526e-05 4.48315568064572e-05 3.58141227252418e-06 3.23291085351229e-06 3.12395951596045e-06 2.57952723927701e-06 2.28687476351297e-06 1.72327219729596e-06 3.33711228677203e-06 2.72422166176511e-06 5.8970558029614e-06 8.29319026252051e-06 6.59458421523595e-06 8.27323028715909e-06 1.06861870790453e-05 1.66718411492184e-05 8.369922543352e-05 0.000138901456375606 0.000173785137303639 0.000837507838150486 0.00281805759295821 0.00220010378398001 0.000346335153153632 0.000105623661511345 1.15500939500635e-05 2.81251644082658e-05 1.34778695155546e-05 1.15338918476482e-05 1.75364888036711e-05 9.65780218393775e-06 6.58509040931676e-06 3.7010381561231e-06 1.41613826940556e-06 1.26308717938173e-06 1.00785833296868e-06
