Scripts_&_data/Maxent_result_files_2/B_campestris_2.asc
NCOLS 594 
NROWS 330 
XLLCORNER -15 
YLLCORNER 23 
CELLSIZE 0.166666666666667 
NODATA_value -9999 
[rows 231 to 251 of 330, columns 276 to 321 of 594]
0.0456401318311691 0.0597329214215279 0.0568671278655529 0.0358575602993369 0.0260963058099151 0.0155124295502901 0.0274207088164985 0.0375235749408603 0.0386417463421822 0.0308919962495565 0.0316126259043813 0.0279358807951212 0.0168129264377058 0.0321994852274656 0.0332036849111319 0.0588425535708666 0.0782818630337715 0.0191921490244567 0.0878242898732424 0.147720222175121 0.148267770558596 0.13206634670496 0.0722014557570219 0.10902651771903 0.15298774689436 0.140859217941761 0.166541501879692 0.101605204492807 0.172661874443293 0.0794069666415453 0.0489419538527727 0.11590326577425 0.0912314750254154 0.0261898464523256 0.0288289876654744 0.0310269762761891 0.1315683580935 0.0376107714138925 0.0314210380427539 0.0261066956445575 0.0124433676712215 0.00956469287630171 0.00632851242553443 0.0063927291193977 0.0025836257787887 0.00737798693589866
0.0293885705992579 0.0447568407282233 0.0475273286923766 0.0478557553142309 0.029462418332696 0.0242141467519104 0.0235672819428146 0.0244532051496208 0.040733265131712 0.0376791043207049 0.0387712318450213 0.0260134575888515 0.0215775152668357 0.0198487001471221 0.016222411673516 0.040189509652555 0.0296998338773847 0.0489065304398537 0.0887620117515326 0.102630198001862 0.0707807675004005 0.0810687232762575 0.0923761121928692 0.0915764689445496 0.123782029002905 0.146920939534903 0.158616341650486 0.0982238680124283 0.325705632567406 0.0826641231775284 0.0697785824537277 0.228330980241299 0.0957071162760258 0.0335167195647955 0.0349905212409794 0.0382050792686641 0.0320234201848507 0.0262653245590627 0.0255408778786659 0.0203901361208409 0.0249850234948099 0.0271584397181869 0.0121032592374831 0.00592017763992772 0.012976558925584 0.00751341311261058
0.0377982480451465 0.0465301852673292 0.0356368781998754 0.047630681283772 0.0415652360767126 0.0367450347170234 0.0286066018976271 0.0161910854279995 0.0273799045011401 0.0453234739601612 0.0325460977852344 0.053467683494091 0.0349177768453956 0.02139628008008 0.0211674619466066 0.0486630506813526 0.020067897811532 0.0119088598992676 0.0417502978816628 0.0760123137384653 0.109566783905029 0.137145619094372 0.13078488484025 0.0936444230377674 0.105185434222221 0.138344446569681 0.0963706135749817 0.171459876745939 0.360317902266979 0.0540359057486057 0.0771435875445604 0.312799066305161 0.159344977885485 0.118421661108732 0.154359677433968 0.0372435961849987 0.527363502979279 0.0300726306624711 0.032346167974174 0.0286768331192434 0.0185523814056069 0.025101637467742 0.0208857333287597 0.0141593771986663 0.00734525688458234 0.000789667235221714
0.0700821973383427 0.101589798927307 0.0647776611149311 0.0521459609270096 0.0585262913256884 0.0467363895848393 0.0371547365561128 0.0433367235586047 0.039538461342454 0.0423520905897021 0.0228909317404032 0.022724599391222 0.0176496820524335 0.0123985405545682 0.0142184672411531 0.0283591907471418 0.0449870754033327 0.0419688373804092 0.0236099511384964 0.0313361190259457 0.0455548573285341 0.119799929112196 0.108367861062288 0.138896510004997 0.0996819637715816 0.0651027403771877 0.0563437003642321 0.0685254819691181 0.0770509134978056 0.0852775767445564 0.240401484072208 0.0522788569331169 0.308792981505394 0.166444634646177 0.229655581712723 0.0440628990530968 0.0395566281862557 0.0402351580560207 0.0282846678979695 0.0139069221913815 0.00985182411968708 0.00595480593619868 0.00976021266542375 0.00379612123360857 0.0148418609052897 0.00258488917024806
0.0845185749232769 0.139659807085991 0.0356257064267993 0.0604894261807203 0.0598845981061459 0.0534204129129648 0.0558656323701143 0.0437938079237938 0.0381941420957446 0.0306575108319521 0.0279474098235369 0.00880999718792736 0.0088069154182449 0.0055816002888605 0.00509952681604773 0.00860616653226316 0.0361681826412678 0.0742945935577154 0.0415335042402148 0.0508477795869112 0.0356435958296061 0.0206520646810532 0.0271367134526372 0.0498782183974981 0.0348758868873119 0.0474227096885443 0.346098478138447 0.305105589330196 0.0297231321688741 0.464318764209747 0.113678943365812 0.17490706294775 0.0478524247184396 0.053675364330411 0.036567628197372 0.0382393853738904 0.0386856963858008 0.176344212889671 0.123435302078724 0.241697461903095 0.0138511868659407 0.00830312804318964 0.00181463251356035 0.000998661230551079 0.000699752767104656 0.000832297094166279
0.211896555125713 0.0856992918998003 0.0575212620198727 0.0656984757632017 0.0823424618691206 0.077307190746069 0.0336183985695243 0.0443731769919395 0.0191354637034237 0.0289182249456644 0.022137938067317 0.0111926909070462 0.00833987554069609 0.0068071523681283 0.00373064095620066 0.00396511142607778 0.011474941810593 0.0392655720934272 0.0493735380470753 0.0367309790104628 0.0471166580915451 0.0719657383859158 0.0856813687831163 0.0899276070296764 0.0175788403954357 0.0431997491046786 0.12122792378068 0.131030374765396 0.0268496862147003 0.298893442749977 0.110870650410652 0.0363274824805558 0.0576782111078501 0.0461470257490873 0.0422422279603779 0.0413751934655011 0.0393051099963486 0.0388414841145277 0.0110590716823936 0.00714833554811776 0.0459427565336227 0.0106864508707076 0.00114804016193375 0.000735139290918596 0.00106810212600976 0.00122884319280274
0.111616585403681 0.279229100048542 0.164911708980799 0.0657448347657919 0.0882963210344315 0.0921464346349239 0.0759498953819275 0.0205890252254903 0.0218505073338747 0.0267731949687004 0.0182126335799694 0.0172378145158291 0.0142262550070882 0.0109654683154076 0.00718592579942197 0.00282863073516637 0.0131085499189794 0.0322163408622146 0.0619202595204115 0.030225315131247 0.0510800991207361 0.0657272234559059 0.0844558879733086 0.0732186987996101 0.0917768195271492 0.0128245901316404 0.124609965085983 0.168691559135914 0.021864344086498 0.0802503231912851 0.042390045709908 0.0507496802136302 0.0496986070647836 0.0460136527195573 0.0340426107868552 0.0504288118332624 0.0525213085114956 0.169571474194527 0.0126308868639171 0.0204984419047832 0.0198702625930309 0.0104670729488134 0.00148885485832579 0.00806749963667244 0.00344588949810714 0.000666938250651583
0.079068249464035 0.0852096542716026 0.116912853717804 0.104059065133333 0.093194229900837 0.096807799488306 0.074046004191041 0.0664921272546053 0.0553752508014441 0.0224507866427302 0.0267701033502817 0.0223701236769557 0.0144576177000999 0.0179629307240248 0.0165484751574695 0.0114205476362258 0.0122961448505521 0.0128313933499157 0.0194235518574715 0.0339329455047846 0.298195001482964 0.0830584090203047 0.0845680207014084 0.073345072939992 0.064200896024704 0.060146601125598 0.0793312691152096 0.0631627760827541 0.0473299369215965 0.111562910676003 0.0462551148608327 0.0217225357424468 0.0355574618093669 0.0432125184684992 0.0259760553948581 0.0180282387882471 0.0329954069107771 0.0317016001790762 0.0252715250477195 0.0104975843103603 0.0261465164832771 0.00807576240040362 0.00417574173770845 0.0121703068260103 0.0232143575325608 0.00594493905082345
0.107290785759687 0.0969015352427959 0.0858097493648529 0.0540232054889202 0.0481001272797585 0.0407868929207325 0.0793962139636278 0.081351026520133 0.0368439808487892 0.0351989476010203 0.0297377424314618 0.0224473370239139 0.0198332413099706 0.0163782711140811 0.0271062722429633 0.0126316334120929 0.00967597062699497 0.0124782136641443 0.0225837979465723 0.0626196585595608 0.522396439313889 0.048247454315424 0.0325836533680558 0.0453224487602711 0.0909240156412125 0.150513454526663 0.0925030283629894 0.0230254385620356 0.067010897397995 0.0966609694063663 0.0491698134690523 0.051888582110405 0.0517697643488646 0.018922501988709 0.0253271985799074 0.0540004655718803 0.0111497775651515 0.0790586993098259 0.0666849099099636 0.0206031773239374 0.173589720577002 0.0143101604655385 0.0703311081975699 0.117538452520967 0.0167669815011323 0.00172285176813602
0.0412548886612058 0.140432566404343 0.0211043082177639 0.0595092084258795 0.044611731171608 0.0510464519262314 0.0674400061368942 0.067649893835187 0.472693407535553 0.32627400867641 0.0303450345993042 0.0220340143889189 0.0177392147481442 0.0187142209149897 0.0132637809496373 0.0111169293988496 0.0115661199903116 0.0129070600029081 0.0108823683578521 0.00609885093290359 0.0289627829566598 0.0832938738167286 0.0846581522375345 0.0504739617928863 0.0432772089727223 0.0311891197226942 0.0293046807870269 0.0198080459609628 0.0263300219550729 0.0214694113470614 0.0197414504364133 0.0283823021687567 0.0413952607661486 0.022759210318327 0.0169736171141267 0.0173024349845946 0.111732008494437 0.0165885177440941 0.0075473542092368 0.00818317038938403 0.00320730992825702 0.0124874093569815 0.00665215407498181 0.00302993456134573 0.000928162259515375 0.000313170115987305
0.0578078325837851 0.0405560350045562 0.0304280554875731 0.0319349562749267 0.0876201465725899 0.0653283052146435 0.0714596025645733 0.0489940909668803 0.0647520489990711 0.0393597641959786 0.0284987762570381 0.0332297651097178 0.0237905886024237 0.0180349379777908 0.0188619057647884 0.0100772485136986 0.021364059811458 0.0134694061474875 0.0110218472545967 0.0113917293958366 0.0172691879794002 0.0243485512211919 0.0500231176614761 0.0303860195912421 0.332622149586678 0.064532083645463 0.0165511278435588 0.0149427353870124 0.0105659232474864 0.0196931475773454 0.036328062787652 0.0559818565845489 0.13388437256217 0.00997785066720098 0.000601689956238261 0.000532022804691223 0.0143427482806146 0.0737113261595368 0.00493305176496506 0.00200586630962789 0.0009011285379529 0.000936085282592103 0.000240499291248852 0.000499751076858956 0.000142501759182778 0.000239798558322946
0.0176979497075081 0.0192861220799386 0.0323858816176653 0.0224553767591715 0.030616294965148 0.0912246763706207 0.0307850612327456 0.046251742169261 0.0362521927803755 0.0298093184828758 0.0180455106310546 0.0214469112455845 0.0197807056829333 0.0179110365919769 0.00908800051547587 0.00665943867061287 0.00730946047697216 0.00912836035713553 0.0195657234638929 0.0252493401989341 0.048713418468833 0.0362407511100173 0.00934202540665865 0.0199602677486837 0.0190153907984495 0.0135984879918396 0.00563226097729057 0.00364128402434289 0.00386303244158626 0.00573340570554137 0.0149877628311515 0.0260444724932313 0.0458790525794029 0.0102314118295908 0.000205314908089349 0.00386539173778146 0.00454599421937019 0.00217290559085086 0.000902530303574167 0.000352673653105739 0.000352118209411856 0.000192465051804902 5.24548421708459e-05 0.000152603129754425 0.000344728339405265 0.000547676142014097
0.0281704207882285 0.00812617926858366 0.0245483782142401 0.0221138969063759 0.0312886219471693 0.0706853229552507 0.0852238766849041 0.0466220561414957 0.0154237437061965 0.0218991793692112 0.0271551312878728 0.0259242964908481 0.0283499654382467 0.0162109781987965 0.0128287671133876 0.00943837058730423 0.00946769127622247 0.0210655237548053 0.0740524601191282 0.0754832789301872 0.100744656473398 0.0747080534696579 0.0290922606363893 0.0193130807951093 0.0104700036346912 0.00332786773797125 0.00156476695556194 0.00171081523294561 0.00175665323040448 0.00137115086836275 0.00173108894668985 0.00423431738745421 0.00752511257305741 0.0554757833480835 0.00176491090096533 0.000279199321084889 0.000447805806470569 0.00045266724191606 0.000367563471081667 0.000197520869551227 0.000110828431570553 4.67918095637288e-05 3.42126172654389e-05 6.81579072988825e-05 0.00019364547697478 0.000168714773462852
0.00759050729684532 0.00576311491895467 0.0221643697470427 0.0299433836713433 0.0176947980187833 0.0563539952039719 0.0221983091905713 0.0193035678938031 0.0192545245401561 0.0237062057480216 0.0292615480720997 0.0284935712814331 0.0230784773826599 0.0260783441364765 0.0097885949537158 0.00690014068968594 0.0146647634916008 0.0174283216707408 0.0649727679789066 0.0662103686481714 0.0441922266036272 0.0567254543304443 0.00662930491380394 0.0070136705879122 0.000857214498682879 0.000479494451428764 0.000549913163558813 0.000922875560354441 0.000484941107424675 0.000477292132563889 0.000787493970710784 0.00228852994041517 0.00190809995983727 0.0170554519630969 0.00114202568074688 0.000286325912020402 0.000366752428817563 0.000337296833458822 0.000154376480350038 0.000100503047360689 4.07156722758373e-05 1.41941796300671e-05 9.92766638319154e-06 1.72447997556446e-05 1.22384382166274e-05 1.241278487214e-05
0.000733489656704478 0.000953063688939437 0.00638378974981606 0.00536914928816259 0.00738554410636425 0.0375795708969235 0.0291543992236257 0.0168681634124368 0.0159546836279333 0.0068263053894043 0.00663295187987387 0.00820491807535291 0.0301962185651064 0.0171672165393829 0.0221131606027484 0.0130149884149432 0.0577053822577 0.0499907303601503 0.0486491041257977 0.0544896678999066 0.0170114158652723 0.00619196998886764 0.000947245067800395 0.000963971504825167 0.000434425071580336 0.00168754533515312 0.00185100500821136 0.000489117715915199 0.000463730890623992 0.000485246127209393 0.000343073867406929 0.00142006443056744 0.0135113311931491 0.00423815022222698 0.000285081108449958 0.00024334807676496 0.000470153923379257 0.000170711601822404 0.00354429939980037 2.2078355505073e-05 1.47533377230502e-05 3.35629561959649e-05 1.05503483155189e-05 1.41234095053733e-05 1.05068174661938e-05 1.01426499668378e-05
0.000936033175094053 0.000436187350715045 0.00111101951333694 0.0020247341832146 0.00466610947623849 0.0203124022111297 0.236098630726337 0.0357736446894705 0.020114288199693 0.011255554202944 0.0145332789979875 0.017443904094398 0.00356377754360437 0.0126051552128047 0.0125865284353495 0.0174305681139231 0.0321881283074617 0.0337300339713693 0.0315586807206273 0.0340608837082982 0.00563559643924236 0.00254331948235631 0.00146770997089334 0.00134993841202231 0.00035977500883746 0.00072957589654834 0.000621852740005124 0.000698571207612986 0.000785319384885952 0.00381643795408308 0.0172891118563712 0.0108628639718518 0.0188181892037392 0.000369787248928333 7.44316672353307e-05 0.000127432265799143 0.0001258222378965 7.64364298447617e-05 6.28462323220447e-05 3.04564389807638e-05 9.56094875164126e-06 7.66975189208097e-06 2.36906830650696e-05 9.26883122929212e-06 1.25263822610577e-05 2.94271104621657e-06
-9999 -9999 -9999 0.0010469286411535 0.00154642854467966 0.00563419342506677 0.00963545674458146 0.020373694691807 0.0744345843791962 0.0176486508455127 0.0198937128297985 0.128095863759518 0.014487075060606 0.000734994711820036 0.00435171029530466 0.0305482902564108 0.0306462669745088 0.011733166873455 0.00942284937482327 0.00236146891256794 0.00107951724203303 -9999 -9999 0.112601552158594 0.000311600127315614 0.000430569703166839 0.000320996255322825 0.000752442103112116 -9999 -9999 -9999 0.00350386333884671 0.00314326586667448 8.08676443739387e-05 0.000100860721431673 4.66344416963693e-05 0.000140690585612901 9.21670882235048e-05 3.83280403184472e-05 2.61107701135188e-05 8.49456694140827e-06 6.17976597823144e-06 4.74003712042759e-05 1.12889052161336e-05 6.45307153490648e-06 4.26061152438706e-06
-9999 -9999 -9999 -9999 -9999 0.161837158352137 0.00829755812883377 0.0192614061757922 0.0136239616665989 0.0106164532713592 0.00744394678622484 0.00427523402031511 0.00482142958790064 0.000424274109536782 0.000264448907546466 0.000466728419996798 0.00649372367188334 0.00683460333384573 0.00186236575245857 0.017367803864181 -9999 -9999 -9999 -9999 -9999 -9999 0.341841426491737 -9999 -9999 -9999 -9999 0.00771575104445219 0.000681062831426971 0.000110862507062848 9.6748661599122e-05 9.97059303699643e-05 8.25498304038774e-05 8.17925258161267e-05 2.27686426569562e-05 1.11682707483851e-05 2.92178991685432e-06 9.19945002806344e-06 6.9436511580534e-06 1.43564958307252e-05 1.97673784612107e-06 1.60643322431042e-06
-9999 -9999 -9999 -9999 -9999 -9999 -9999 0.00025928242248483 0.00308227576315403 0.0191248486749828 0.0197678975760937 0.0184843175578862 0.0110036527272314 0.00543699699919671 0.00130928487051278 0.000831292546354234 0.000741771212778986 0.000759551808005199 0.130138420313597 -9999 -9999 -9999 -9999 -9999 -9999 -9999 -9999 -9999 -9999 0.0310887758620083 0.00288311110343784 0.00029329370445339 0.000164249370573089 0.000107508724613581 5.7542951162759e-05 0.00017317693127552 6.50031765871972e-05 3.32280761085713e-05 1.90478620424983e-05 1.64988814049138e-05 2.79219837011624e-06 2.13010616221254e-06 1.66052051895349e-06 1.51331865708926e-05 1.74638640544345e-06 1.59333155238528e-06
-9999 -9999 -9999 -9999 -9999 -9999 -9999 -9999 0.00165289434953593 0.0118634086102247 0.00712306280620396 0.00148219530819915 0.00105309427017346 0.000885144266067073 0.000693981244694442 0.000503137741179671 0.00097437103104312 -9999 -9999 -9999 -9999 -9999 -9999 -9999 -9999 -9999 -9999 -9999 -9999 0.0108220505062491 0.0011385754449293 0.000322102392965462 0.000234307146456558 8.24610877316445e-05 0.00019448991806712 4.86949857076979e-05 0.00156451379989448 0.000905070586304646 7.8820485327924e-06 1.16377304721027e-05 7.50455245679404e-06 3.45340592389221e-06 2.73703234597633e-05 1.42407145176549e-05 2.38766311326799e-06 3.33610979055265e-06
-9999 -9999 -9999 -9999 -9999 -9999 -9999 -9999 -9999 0.703786021471024 0.00084097737853881 0.421732267737389 -9999 -9999 -9999 -9999 -9999 -9999 -9999 -9999 -9999 -9999 -9999 -9999 -9999 -9999 -9999 -9999 -9999 -9999 0.000843773735687137 0.00040402010345133 0.000115523011481855 6.34729793091537e-05 8.12553311334341e-05 4.61560882740741e-05 2.94322561330773e-05 1.2205124880893e-05 0.000109519044963236 5.78423299884889e-05 2.23813207867352e-05 8.80762697761384e-06 4.54103857919108e-05 4.33494932394751e-06 1.20348064172049e-06 1.20178941358517e-06
