Scripts_&_data/Maxent_result_files_2/B_campestris_2.asc
NCOLS 594 
NROWS 330 
XLLCORNER -15 
YLLCORNER 23 
CELLSIZE 0.166666666666667 
NODATA_value -9999 
[rows 294 to 314 of 330, columns 184 to 229 of 594]
7.3608673005765e-06 8.58955170883746e-06 1.63437519063336e-05 1.76927431539298e-05 1.98215913769673e-05 2.17582342429523e-05 2.03946759256723e-05 1.91110606010625e-05 1.9248116586823e-05 2.15687630088723e-05 2.52487036505045e-05 1.44765423669924e-05 1.35930723786259e-05 2.31789704457697e-05 2.73028314040857e-05 2.84188354953585e-05 2.39689469481164e-05 1.67192581784548e-05 1.10564466240248e-05 8.6381507344413e-06 6.96579436407774e-06 7.18576968097295e-06 7.83868928238007e-06 8.02308477432234e-06 7.32841888293478e-06 5.39916811135299e-06 4.24992487921827e-06 4.57799741298004e-06 4.68455190798522e-06 4.48430696735613e-06 4.52924898013407e-06 4.51752930814564e-06 4.52099388326133e-06 4.59591589105912e-06 4.73549751518476e-06 4.50313023634408e-06 4.60607884349429e-06 5.0657301130741e-06 5.49252583255111e-06 5.76727901204777e-06 5.03377740983524e-06 4.59201689579913e-06 4.35318124516471e-06 4.18919496212311e-06 4.17467972795293e-06 3.64408973325681e-06
6.51069581181218e-06 7.82061337645246e-06 1.597887655862e-05 5.42510983450484e-05 5.3998639305064e-05 2.06272052537315e-05 3.17559428822278e-05 2.16130822309424e-05 3.21133807346996e-05 2.32199964784741e-05 2.13781315324013e-05 1.51864586200645e-05 1.05834901091839e-05 1.71697319046871e-05 2.48939906441592e-05 2.86718677898534e-05 2.60674977425879e-05 1.91525934496894e-05 1.38499699119166e-05 8.68932521598254e-06 6.63381481444958e-06 6.72779414117031e-06 9.02010134495868e-06 1.02992382608136e-05 7.85388305075685e-06 6.47602699359595e-06 6.04760066948984e-06 5.45126021052056e-06 5.77770601353222e-06 5.38696949661244e-06 5.09705907347779e-06 5.1582087536417e-06 5.15240683114371e-06 4.93936954910623e-06 4.92116233203888e-06 4.51792126909822e-06 4.59934188370426e-06 4.88352180241236e-06 4.87662830721547e-06 5.56033789109733e-06 5.66407218798304e-06 5.86015166845755e-06 4.82585508621014e-06 4.01097831854713e-06 3.96034675986812e-06 3.47256626582748e-06
7.30474162651262e-06 1.37959923563358e-05 4.71240416118235e-05 4.7197567528201e-05 5.53377810319944e-05 2.38270580211974e-05 3.21300392215562e-05 5.27069677445979e-05 5.02621206123877e-05 2.81987127664252e-05 1.78830990080314e-05 1.74326278624903e-05 1.08386398892435e-05 1.09587528754673e-05 3.29797618633165e-05 1.68337168020116e-05 1.80525987843794e-05 1.68837527098731e-05 1.45293359992138e-05 1.16444998980114e-05 8.40389525365026e-06 8.07667358344588e-06 7.79601889462356e-06 9.09273740035133e-06 1.06568900605453e-05 9.25183998106149e-06 8.93522754950027e-06 6.37194480646031e-06 6.61023226484758e-06 6.66704552827468e-06 6.35022142887465e-06 5.91477562181808e-06 5.8123163540813e-06 5.53847373510052e-06 5.11348330007877e-06 4.64130887678493e-06 4.59843534486026e-06 4.84620632619226e-06 4.73687991870975e-06 4.81985448459454e-06 5.45868319079545e-06 5.98358361401097e-06 5.56656768537778e-06 5.01692947523225e-06 4.00116644243553e-06 3.26134972397085e-06
1.71615827639471e-05 2.46830501282602e-05 2.89377031094773e-05 3.13729790150319e-05 2.73703977200057e-05 2.25427336317807e-05 2.32927411389028e-05 2.35699313407167e-05 2.05850652037043e-05 1.78685043010773e-05 1.80151745098556e-05 1.91168097444461e-05 1.7086838488467e-05 1.48757054148518e-05 1.34884559088277e-05 1.28306266788059e-05 1.30680698362085e-05 1.30862115383934e-05 1.32529030906881e-05 1.20290265613221e-05 9.85484076636567e-06 9.09558654029752e-06 9.33483579501626e-06 8.48132934834212e-06 7.16411232133396e-06 7.10150620761851e-06 8.82271992850292e-06 1.11078920781438e-05 9.84546007885001e-06 7.29984896565838e-06 6.82742502817746e-06 6.66885580358212e-06 6.42061697817553e-06 6.0076832426148e-06 5.16085907804609e-06 4.52614828532205e-06 4.51459038117719e-06 4.67253922238342e-06 4.62900277682365e-06 4.78415263955867e-06 5.03439214014634e-06 5.42911503202959e-06 5.67095140695528e-06 5.6773355737505e-06 4.96806592025223e-06 3.19693446328984e-06
1.84052590839201e-05 2.37711426052556e-05 2.66814274027638e-05 4.3776662187156e-05 2.55931999618042e-05 2.32072011613127e-05 1.89617367141182e-05 1.79821841356898e-05 1.34050202404978e-05 1.3432373100386e-05 1.50188669977069e-05 9.76749340679817e-06 1.55793437897955e-05 1.67928378232318e-05 1.4904453712461e-05 1.22998763004034e-05 1.31059920818188e-05 1.47540543707692e-05 1.51524280454396e-05 1.42521720249533e-05 1.364543619502e-05 1.1336483805735e-05 1.08339879830055e-05 1.07974958723389e-05 1.05146724081351e-05 9.12540646709203e-06 9.15551740945375e-06 1.11273036964121e-05 1.03700300087439e-05 1.32307797457543e-05 7.3930398855282e-06 6.64848961946518e-06 6.26815160558181e-06 6.31268088113757e-06 4.83285562893343e-06 4.45954173358132e-06 4.32881351741798e-06 4.38150772481549e-06 4.34143624090666e-06 4.52985362926483e-06 4.68824262327416e-06 5.06393829766694e-06 5.51265717092519e-06 5.52678667133932e-06 4.74207331535581e-06 3.78243970260428e-06
1.71331037563505e-05 2.08309765866943e-05 2.20156019622664e-05 5.87068594541051e-05 4.33195069490466e-05 2.19527322769864e-05 1.77407532191864e-05 1.74200194919649e-05 1.38165259158995e-05 1.24925539466858e-05 7.84944365364026e-06 7.03914889186308e-06 7.25841271673744e-06 7.0344584742088e-06 1.39438582323237e-05 1.40585839403684e-05 1.43132741413865e-05 1.41836930197314e-05 1.39423076802814e-05 1.44966359812315e-05 1.41129177904986e-05 1.31525426240842e-05 1.28625792740422e-05 1.19087085522551e-05 1.12941780571418e-05 9.83446806230859e-06 9.1144299062762e-06 1.05344677081121e-05 1.19140136348506e-05 1.03898892007237e-05 7.25497885127879e-06 6.43104376081283e-06 5.51651300497724e-06 4.89547638551357e-06 4.48622151054678e-06 4.21623913666735e-06 4.17634965970137e-06 4.08092366512847e-06 3.92681056098354e-06 4.10193608502141e-06 4.42401932048142e-06 4.7061836710327e-06 5.12632644245059e-06 5.00452728147138e-06 4.55455939913918e-06 3.94358668529549e-06
1.53330039438515e-05 1.67891987757685e-05 1.71556579516618e-05 1.8402845807941e-05 1.85019730906788e-05 1.66797089264037e-05 1.56415518745234e-05 1.64371998153001e-05 1.56020853296468e-05 3.21528385256897e-05 1.86600485221788e-05 2.18197322510605e-05 7.98129591430552e-06 9.04638609426911e-06 1.58378962623829e-05 1.93429081264185e-05 1.50021179138093e-05 1.30802430135191e-05 1.44199026976821e-05 1.36775284204305e-05 1.28217493511329e-05 1.19603720236228e-05 1.17583345172534e-05 1.10732495954835e-05 1.10672508981224e-05 1.06709462556864e-05 1.00513271149794e-05 8.43505745820039e-06 7.95361171412878e-06 8.43193459445501e-06 6.58281253436144e-06 5.80850363860463e-06 5.32194680715747e-06 4.92858410723329e-06 4.39061095391935e-06 4.57784219349833e-06 3.90460191965758e-06 3.79031069144276e-06 3.81292854854109e-06 4.07334356111733e-06 4.24264812863839e-06 4.50834008631773e-06 4.31314368256608e-06 4.37345846933113e-06 4.35880810698563e-06 4.09869792861173e-06
1.43646955734766e-05 1.25726793385184e-05 1.3912269184857e-05 1.51155991261476e-05 2.71359562475482e-05 2.70929884436555e-05 2.62639362063055e-05 2.91498399974444e-05 4.43079703018157e-05 4.4582300051843e-05 2.46314009473281e-05 2.03590882620119e-05 2.75792971024202e-05 2.73748806193908e-05 1.88356510420817e-05 1.65483582463821e-05 1.34329513571174e-05 1.27918836142271e-05 1.27091408103297e-05 1.28023399042831e-05 1.2873501066224e-05 1.25681123563481e-05 1.20026271247298e-05 1.10901606262814e-05 1.09441046561187e-05 1.05786743688441e-05 9.55378988578559e-06 8.53996380101307e-06 7.2899960457562e-06 6.33824656119941e-06 5.82056899247618e-06 5.33613138316014e-06 4.90279036853281e-06 4.43654497530588e-06 4.06859184920449e-06 3.79540780386378e-06 3.6293571696433e-06 3.42104739843307e-06 3.6696208212561e-06 3.84309252865478e-06 3.99405660402863e-06 4.45250758218663e-06 4.65298494134458e-06 4.10996567268285e-06 4.00484770466392e-06 3.93291470288659e-06
1.1599013794239e-05 1.14610574655671e-05 1.23654338608503e-05 1.3506202606095e-05 1.34935509663592e-05 2.61438031202488e-05 3.48551589013368e-05 4.62208511635254e-05 5.79400785227335e-05 6.18136410139414e-05 5.15592780175211e-05 4.31348415986577e-05 2.81712489140773e-05 2.43806968455829e-05 2.77710714271961e-05 1.04852676713563e-05 7.01967671830062e-06 1.27323919514311e-05 1.32764162003696e-05 1.29599982983564e-05 1.26858294834165e-05 1.21746489753605e-05 1.16891513812334e-05 1.05778639181153e-05 1.03221355630012e-05 9.82425551683264e-06 9.01835817899155e-06 8.108053776823e-06 7.17703039754269e-06 6.56151322573351e-06 5.9433060982883e-06 4.92710277342212e-06 4.36398305510011e-06 3.93033838292922e-06 3.71252060915594e-06 3.63958555738009e-06 3.35778544382492e-06 3.19523683316447e-06 3.26724254762212e-06 3.53337150045263e-06 3.6861383108544e-06 4.2678586993361e-06 4.57599380467855e-06 4.57757065817077e-06 3.92827153348208e-06 3.80262953854071e-06
1.10798743321538e-05 1.14075457418039e-05 1.13238403173455e-05 1.98597282292212e-05 1.40587183864227e-05 2.30840619224182e-05 3.27618550500119e-05 3.91675349874276e-05 6.20626804447966e-05 7.21800968676689e-05 5.22879485288286e-05 5.13976145612105e-05 2.93023786980484e-05 2.28109692216094e-05 2.46712183070485e-05 1.02119968971692e-05 6.99569786206666e-06 1.25962067045293e-05 1.22256010513411e-05 1.24602957157549e-05 1.16998404109836e-05 1.11523327518626e-05 1.03274049592983e-05 9.99517620812185e-06 9.68496041764411e-06 9.02692711406416e-06 8.51385801183824e-06 7.61774942361626e-06 6.73812323270795e-06 6.39615348063671e-06 5.73182644814096e-06 4.72556103829902e-06 4.00395054782621e-06 3.60213743846316e-06 3.46405808500094e-06 3.39907674202777e-06 3.25600708777074e-06 3.03794329994389e-06 3.02565471201888e-06 3.34371887333873e-06 3.57315725949547e-06 4.14321226287484e-06 4.36227239504205e-06 4.49960652986192e-06 4.32130540275466e-06 3.68115025537463e-06
9.85866463452112e-06 1.0335018873775e-05 1.12574833565304e-05 1.2382692113988e-05 1.30229479850641e-05 1.13858835675273e-05 3.75548887859622e-05 3.73632029095461e-05 4.44694114776212e-05 6.45957244159945e-05 4.88600186599797e-05 4.87459465603024e-05 2.97203899208398e-05 1.29952556335411e-05 1.63732919531867e-05 5.90974876217842e-06 6.00885273911445e-06 1.0817542931818e-05 1.09636889419562e-05 1.08855266489627e-05 1.09351601963681e-05 1.02518728112955e-05 9.68996717460868e-06 9.12839022930711e-06 8.73907548566422e-06 8.34203959243496e-06 7.8399028552667e-06 7.02984922327232e-06 6.26974346005227e-06 5.84147798008416e-06 5.01541556445773e-06 4.24886906955635e-06 3.6704152066136e-06 3.47495574146706e-06 3.32252802763833e-06 3.92206224262282e-06 3.21517784414027e-06 3.19176876786287e-06 3.22071690135317e-06 3.30854921770651e-06 3.50300197311526e-06 3.96282285635152e-06 4.22677302935881e-06 4.35771129616569e-06 4.40208848999646e-06 3.67342387619374e-06
9.23913630686002e-06 9.12449477254995e-06 9.78398056759033e-06 1.0909958780303e-05 1.08315451257113e-05 1.0660235807336e-05 1.20301522770205e-05 3.37119088953841e-05 2.9555644937318e-05 4.83601002997602e-05 4.90472673391196e-05 4.20998091613001e-05 2.33359858611948e-05 2.46233472353197e-05 1.45967344678866e-05 8.54987207503655e-06 8.20445367821776e-06 8.4759415130975e-06 9.09771968053974e-06 9.967335967076e-06 9.6069490894024e-06 9.30761490849363e-06 8.70474806902166e-06 8.19919000605296e-06 7.78783902433133e-06 7.6404161973187e-06 7.26264433410506e-06 6.61569399653672e-06 5.62935262848896e-06 5.23235459013449e-06 4.48153268166607e-06 3.97473783095847e-06 3.56287307994307e-06 3.34762448801484e-06 3.22415761360162e-06 3.19334131546611e-06 3.13434468210971e-06 3.23879670247607e-06 3.34385084954647e-06 3.39080167606198e-06 3.48953205246971e-06 3.81975684149438e-06 4.02873552332039e-06 4.21553866658542e-06 4.30902227321894e-06 4.2224690190551e-06
8.96639754728312e-06 7.96241727130109e-06 8.94610874411228e-06 9.30124482465544e-06 9.56570287371505e-06 1.00251150797703e-05 1.00328225244084e-05 1.15539969556266e-05 2.52280784025061e-05 2.96022562906728e-05 3.20264214224153e-05 2.39473746887597e-05 1.60426733145869e-05 2.34556833220267e-05 1.39635721097875e-05 4.8383274418029e-06 8.58317634993e-06 8.72405070140303e-06 8.43167280777379e-06 8.34751398883782e-06 8.21054719040148e-06 8.67216893993827e-06 7.83837256790321e-06 7.54772281652549e-06 7.15968246254306e-06 7.0315417758593e-06 6.71405787215917e-06 6.1154629122484e-06 5.35437752375856e-06 4.86349154300569e-06 4.34294838100868e-06 3.86958820683958e-06 3.5333592180109e-06 3.26281079026103e-06 3.12019538171171e-06 3.01390950454561e-06 3.21958687834467e-06 3.29105715053402e-06 3.95630498246646e-06 3.58785812295537e-06 3.52537219328042e-06 3.74219222862848e-06 3.86203820710307e-06 3.97399253699859e-06 4.15694028674807e-06 4.21555496927795e-06
8.63780206827869e-06 8.52560803537017e-06 9.27656041085356e-06 9.03558502045598e-06 9.14993746619075e-06 9.75964641156679e-06 1.06990253584627e-05 1.08983189761602e-05 1.05504839893911e-05 1.12981335746554e-05 2.76131175951377e-05 2.223390247309e-05 1.25222865108299e-05 1.04912748383867e-05 5.08546781361474e-06 8.71658367600503e-06 8.74541210009738e-06 8.42374444687266e-06 7.91454868931396e-06 7.42048732149669e-06 7.35544614371975e-06 8.13815686342423e-06 7.58626610490865e-06 7.16177341928415e-06 6.50155171797451e-06 6.55230595043577e-06 6.24820595476194e-06 5.49576045614231e-06 4.90672613295828e-06 4.55018352738534e-06 4.23807721574576e-06 3.97519136470237e-06 3.59449649351973e-06 3.34794036547237e-06 3.08534252155823e-06 3.0585625012236e-06 3.13375421967521e-06 3.19597936737637e-06 3.44292688794212e-06 3.53393775469613e-06 3.42390439840301e-06 3.58562481750369e-06 3.67468933006876e-06 3.8467546062293e-06 3.94013423203887e-06 3.99945681408553e-06
7.4879845783471e-06 7.66577442732341e-06 8.79506694673182e-06 9.57486099650851e-06 9.84243936272833e-06 9.96640350194866e-06 8.97112430493507e-06 9.1790816043158e-06 9.36422901531841e-06 1.03598422015239e-05 4.71087219011679e-06 7.7920147759869e-06 1.09418044189624e-05 1.02185292860213e-05 4.10329139128862e-06 7.39211436666665e-06 7.33789364062432e-06 6.83714475258057e-06 6.50630076961534e-06 6.84218680362392e-06 7.00239713182782e-06 7.61195268523807e-06 6.86931685436321e-06 6.35491824141354e-06 6.2108297697705e-06 6.0743988115064e-06 5.63244185514122e-06 4.86543895874547e-06 4.5276449583298e-06 4.28228227349337e-06 4.15814208452048e-06 3.88843736800482e-06 3.53318619943366e-06 3.2356383513843e-06 3.14144741935252e-06 3.21449658855499e-06 3.11546784388383e-06 3.23835014768292e-06 3.45891393749298e-06 3.4943296242318e-06 3.39177590547024e-06 3.36268374070414e-06 3.58755020783974e-06 3.69739289283189e-06 3.78964454341713e-06 3.78990540070845e-06
5.86330479563912e-06 6.65331698996852e-06 7.44155487382159e-06 7.78610040583772e-06 8.96511046448722e-06 9.03830438119257e-06 8.81645214008131e-06 8.86941421640586e-06 8.86646649860268e-06 7.88816897170363e-06 1.18615305439107e-05 6.41490775024067e-06 5.56748067879198e-06 7.74748730805186e-06 6.78730595495836e-06 6.12431957449644e-06 6.44808339984593e-06 5.83672735103846e-06 5.23027098324746e-06 5.03834418452698e-06 5.64107041896023e-06 6.74271549314653e-06 6.46070982952551e-06 5.89579677239271e-06 5.7362802095895e-06 5.7179218543979e-06 5.3834608223724e-06 4.79666595936124e-06 4.34790213148517e-06 4.05532285299159e-06 3.94963522012404e-06 3.69850562265128e-06 3.3078296127087e-06 3.16091411463049e-06 3.39431903313425e-06 3.3382363554324e-06 3.23421471648544e-06 3.29436458201826e-06 3.46084252669243e-06 3.30807384898435e-06 3.26296079578015e-06 3.35346261266523e-06 3.53448976397885e-06 3.55601807768835e-06 3.70480469769063e-06 3.66015905228778e-06
5.76993165850581e-06 6.17979698631643e-06 7.09210300442464e-06 7.5595372038606e-06 8.55609213772368e-06 9.19878062859425e-06 8.87058062630786e-06 8.90365213308542e-06 8.42182619180676e-06 8.81358735682625e-06 8.15020204640859e-06 8.34375426848055e-06 5.32402507076313e-06 5.03909546978321e-06 5.93799994987876e-06 6.32124194339667e-06 6.5028043024995e-06 6.26285564635509e-06 6.26828899044085e-06 5.62120487757056e-06 4.98660513414961e-06 5.99624374331142e-06 5.92419799545496e-06 5.55447315093716e-06 5.39615760715151e-06 5.45292859897018e-06 5.21228721481748e-06 4.91359697889493e-06 4.59086320176993e-06 3.9517989137039e-06 3.72841111015987e-06 3.473157958922e-06 3.2059177328847e-06 3.35122240215924e-06 3.44686781090786e-06 3.31879285084824e-06 3.21074741123084e-06 3.41520505173776e-06 3.45751535917316e-06 3.20626619298991e-06 3.38648800948249e-06 3.38080182586964e-06 3.46494855705259e-06 3.49248061297658e-06 3.6422280544457e-06 3.85306063606095e-06
4.71447083043586e-06 6.12370256476424e-06 6.89978081140907e-06 7.44235939578175e-06 7.83230345291486e-06 7.84137927780648e-06 8.81402086747585e-06 7.9712045078395e-06 7.382635766362e-06 7.21883454843919e-06 7.02683461781817e-06 6.40752977005832e-06 5.43742286822635e-06 6.20529353341226e-06 6.91922706437253e-06 8.11811922289962e-06 7.83481676762676e-06 7.57631316901097e-06 7.20845400792314e-06 6.60404739960541e-06 6.01266457351812e-06 5.8986371101355e-06 5.491060710483e-06 5.19068697428793e-06 5.13284617795762e-06 5.06151783952191e-06 4.91731052250088e-06 4.68794566472752e-06 4.28424603455824e-06 3.94271401944479e-06 3.66154924051898e-06 3.3835272446936e-06 3.36976750787699e-06 3.41587108181329e-06 3.35054781430699e-06 3.25744224340951e-06 3.20112981171405e-06 3.30965102790515e-06 3.33027501113747e-06 3.17621478131969e-06 3.45775519576819e-06 3.38432467543726e-06 3.40156743163789e-06 3.55148306709907e-06 3.75584436653753e-06 4.35862521328545e-06
5.31781608117399e-06 5.71057595948332e-06 7.09513138872353e-06 7.53094211631833e-06 7.86951370059796e-06 6.10847513371482e-06 6.82275206713712e-06 6.25154203817146e-06 5.99840214476899e-06 5.99428200303009e-06 6.03704039008335e-06 5.67892411140747e-06 5.88872841831289e-06 6.13109012306268e-06 7.30650918967513e-06 8.60493233858506e-06 8.45391256234507e-06 8.10575859304663e-06 7.50517929191119e-06 6.93240193641031e-06 6.31820591365795e-06 5.86847969827886e-06 5.44077878714688e-06 5.21362589722685e-06 5.01550479725665e-06 4.81987726743682e-06 4.57851794521957e-06 4.46893018590799e-06 4.17009564444015e-06 3.80581761589838e-06 3.57216916881953e-06 3.49396750323194e-06 3.32948728356541e-06 3.26794830982635e-06 3.23214419353235e-06 3.17853523341682e-06 3.14094239541873e-06 3.24295361480154e-06 3.17023094567048e-06 3.29970631867127e-06 3.49533371490907e-06 3.38166929054751e-06 3.40020254867568e-06 3.5027673234822e-06 3.58286820301146e-06 3.70292418949703e-06
5.68829547660243e-06 6.04367257892591e-06 7.30317902934985e-06 7.22079438446599e-06 5.77289574152928e-06 5.63228319663267e-06 4.98609163628316e-06 5.00922895412259e-06 3.38676347553246e-06 3.42923043490373e-06 5.811960028268e-06 5.11542592676051e-06 3.70045039517208e-06 5.78122324839114e-06 5.58250882818356e-06 6.23697274590995e-06 6.44013819055544e-06 5.93101623280745e-06 5.87231172062275e-06 5.73238659740127e-06 5.39336178633221e-06 5.4147861931142e-06 5.35926988334268e-06 5.16239676073837e-06 4.82713812459679e-06 4.49674969331682e-06 4.68784172369396e-06 4.4535437751847e-06 4.1889728180422e-06 3.89109861487213e-06 3.69369223278682e-06 3.49359964246787e-06 3.22672909760513e-06 3.23845170697723e-06 3.10654585575776e-06 3.08669037707432e-06 3.07912016239698e-06 3.22357434043852e-06 3.12591926814321e-06 3.35547265706282e-06 3.52885018344296e-06 3.383636453691e-06 3.40986993307979e-06 3.48762106341383e-06 3.32520477712706e-06 3.62214838389718e-06
5.24172388338684e-06 6.29362695576674e-06 6.52470965292196e-06 6.23855386834293e-06 5.36925253129539e-06 4.97002831991722e-06 4.35884141438692e-06 4.86906726280267e-06 3.13184460765115e-06 5.16369059369026e-06 4.76079648592531e-06 4.71858662649538e-06 4.92575388761907e-06 5.72186519320894e-06 5.56309469459393e-06 5.41089926002769e-06 5.60116108374586e-06 5.75467901171578e-06 5.77249178377315e-06 5.84723676411159e-06 5.63101156672019e-06 5.60983308162122e-06 5.4266592400154e-06 5.13274070215175e-06 4.85724365262286e-06 4.78582844323228e-06 4.58854919997975e-06 4.37584672852154e-06 4.12355659022978e-06 3.97207205935501e-06 3.78295713119314e-06 3.56262333696122e-06 3.2969063568089e-06 3.3586750035397e-06 3.24598231173923e-06 3.22240232151216e-06 3.31944634552883e-06 3.13436955252655e-06 3.23402733926059e-06 3.49612268450983e-06 3.64565392203531e-06 3.31494450591663e-06 3.2759936743787e-06 3.39562785143244e-06 3.36995912277871e-06 3.23313359729127e-06
