Scripts_&_data/Maxent_result_files_2/B_consobrinus_2.asc
NCOLS 594 
NROWS 330 
XLLCORNER -15 
YLLCORNER 23 
CELLSIZE 0.166666666666667 
NODATA_value -9999 
[rows 120 to 139 of 330, columns 220 to 263 of 594]
-9999 -9999 -9999 -9999 -9999 -9999 -9999 -9999 -9999 -9999 -9999 -9999 -9999 -9999 -9999 -9999 0.000897451323180576 0.000271733380213846 0.00204732775746379 0.0065072066616267 0.000257111347309547 0.000253322017488244 0.000120080914527421 0.000548601356422296 0.000603471626527607 0.0070180369541049 0.000947007660579402 0.000186559071619286 0.000307844114695399 0.000364522261952516 0.000890339678153396 0.000192461183303294 0.000378577841547667 0.000107970996214135 0.000254688709901529 0.00065120761282742 0.0194583074189723 0.000696474778851552 0.00010371547443242 0.000362389240325089 0.000232465906093915 0.000137238697061548 0.000298018991634308 7.16236866992403e-05
-9999 -9999 -9999 -9999 -9999 -9999 -9999 -9999 -9999 -9999 -9999 -9999 -9999 -9999 -9999 -9999 0.000686150301407906 0.000566901889396831 0.00132805900793755 0.000880227895686403 0.000170157185098674 0.000944355187311885 0.000501081212860299 0.000314492111647269 0.0174844341585413 0.00820114471716806 0.00368046131070938 0.00342616076814011 0.000399036522867391 0.000340920918097254 0.000542929272342008 0.000110151250919444 7.44589366149739e-05 0.000108524800089071 0.000491388577938778 0.00020341353783806 0.0111641600495204 0.000726681407325458 0.000149367475057716 0.000102533142796879 0.000449695126168592 0.00047156509681372 0.000187000367259316 0.000242268440342741
-9999 0.00242284229971119 0.00426445103948936 0.00304397604195401 0.000125004815345164 0.00777729600667953 -9999 -9999 -9999 -9999 -9999 -9999 -9999 -9999 -9999 -9999 0.000550165899039712 0.000567809622589266 0.0013807330346026 0.00107739115774166 0.00244984288146952 0.000133411003025685 0.000132408814097118 0.000261598366705584 0.00324462854769081 0.0126724125177134 0.00569236431620084 0.00453242549556307 0.00191858565085568 0.000552122377848718 0.00260632575955242 0.000237185040168697 0.000138391861764831 0.000141772083225078 0.000635932916338788 0.000601727255707374 9.12172350581386e-05 5.0009743749202e-05 6.3447506440184e-05 0.000124656323805539 5.23215422588708e-05 6.95889618405943e-05 8.61353917116503e-05 0.000170933402375795
0.00271977449010592 0.000689415950910188 0.0040133294678526 0.00248761639231816 0.0150815096101724 0.00226566115743481 0.00411113557638601 0.00549054268049076 -9999 -9999 -9999 -9999 -9999 -9999 -9999 -9999 0.000462643367791316 0.000215588755781937 0.00186287555407034 0.00340452347882092 0.00158553446235601 0.00454891524859704 0.000393027181416983 0.000137536796536608 0.000399536293843994 0.00476485115941614 0.000883537279150914 0.000987184857513057 0.00706092790933326 0.000727444891526829 0.00410085603361949 0.000823459187813569 0.0017689371627057 0.000626380770700052 0.00064406753735966 4.97535282647732e-05 0.00017186736313306 5.77204943786214e-05 0.000100209436501686 5.00594998871118e-05 0.0001105288383485 0.000110065341868903 0.000290535140811699 0.0008043938629271
0.00442366477218457 0.00651730842655525 0.00612437564413995 0.00452808339614421 0.000157392768596765 0.000216587159341231 0.00030129241827126 0.00738992236438207 0.0438712907023728 -9999 -9999 -9999 -9999 -9999 -9999 -9999 0.0244640716351569 0.00397613371023908 0.000312463389127515 0.0010246041638311 0.00512310062185861 0.00322993473195003 0.0010636915001669 0.00263964647892863 0.00143154030665755 0.00325830228393897 0.000954777844890486 0.00388730283593759 0.00177882393036271 0.000814014604839031 0.000353345289659046 0.000551693593479285 0.00121107330051018 0.000551944049948361 0.000608606085006613 0.00011558259047888 0.000109049429738661 2.3458411290056e-05 2.99593050635982e-05 4.44909535434412e-05 0.000336684598630654 4.50487087827689e-05 0.000123109820560785 0.000814373580942629
0.0049700367031619 0.00556169908959419 0.0247056304011494 0.00805138796567917 0.00444562073098496 0.000352322616345191 0.000331756463992861 0.000244198326277001 0.0157397739239968 0.00544713839190081 -9999 -9999 -9999 -9999 -9999 0.199988540261984 0.0249095684848726 0.0291314155561849 0.0217165099456906 0.000247849507532294 0.0192714167758822 0.00190319164539687 0.000173209974673227 0.00118263447075151 0.00203982140228618 0.00310677304514684 0.000984559516655281 0.00233347815810703 0.000372870023784344 0.000194409558483954 0.000515845585323405 0.00148108246794436 0.00665564124938101 0.000204014839800948 0.000875564790476346 8.7469173251975e-05 5.2231589242524e-05 1.80159814177183e-05 3.43331299752503e-05 3.97388064811821e-05 9.9349934566817e-05 3.20034524317947e-05 5.38237424024146e-05 0.00597148230590392
0.000466287329982151 0.000474153213872341 0.000762553306412883 0.000605711861135205 0.000280531864768818 0.000368991608411307 0.000406075244245585 0.000147170930515284 0.00010891632531751 8.16274275857509e-05 0.0183227870613337 0.00696059656412352 0.0238289577711839 0.0133387257690629 0.168972822121077 0.00507942959516186 0.0198003145167604 0.00288958623423241 0.00136608402826823 0.000606405893631745 0.00039634390413994 0.00181818246637704 0.00198029543098528 0.0011008702829713 0.000728534924564883 0.00125864964502398 0.00645073830964975 0.00350941534852609 0.000391407329152571 0.0258642869070172 0.00196791380294599 0.000391379460415919 6.32311746812775e-05 0.000210390105712577 0.000255445051880088 7.59838410726132e-05 4.11608470730962e-05 6.85746084172934e-05 9.26837731640262e-05 0.000222902093810262 6.77447558720345e-05 0.000858119294571225 8.13428202040001e-05 0.000453764695885184
0.00020285333315968 0.000769847178162308 0.00431649327510968 0.000606628844252555 0.000206434187297788 0.000526816048659384 0.000966434249130543 0.000182803779017604 0.000106343825768818 3.96081533822867e-05 0.000319765194717547 0.000175953596954059 0.00101490498575467 0.000828828958037775 6.09152216384246e-05 0.000824511350947432 0.00389270183804911 0.0606390573084354 0.00676998841954628 0.000652885973613593 0.000120211075700993 0.00425529119675048 0.00128449928306509 0.000994878746860195 0.00151376481080661 0.0220318603795022 0.00119690454448573 0.000354800532659283 0.000405204345224774 0.000172916373276166 0.000777412861225457 0.00112821208895184 6.39420430161408e-05 0.000242274346624072 7.36441666546739e-05 4.98891591984796e-05 3.76820703729575e-05 0.000803341019491199 0.00106763052754104 0.000239983202482108 0.000323468066198984 0.000336610532758641 0.00122492252849042 0.000699047412490472
0.00111675282678334 0.000524779500119621 0.00264353797974763 0.000881038018269464 0.000447381195772323 0.000817838062357623 0.000922125051147304 0.000495353143196553 0.000197763324104017 3.22034253923076e-05 4.56747971563365e-06 2.41480450422493e-05 6.32657596439046e-05 3.58166267800275e-05 5.25929136350634e-05 7.59403165375261e-05 0.00096735287370393 0.000106303076501035 0.00129144839593209 0.00170198287232779 0.0047051677829586 0.000680777256275178 0.00264982830849476 0.000403066349463188 0.000486408482538536 8.65009755362744e-05 0.000254851278077695 0.000538340066850651 0.00198787363478914 0.000153473171121732 9.96038576399627e-05 8.65021303712687e-05 6.9763200696904e-05 4.51996797159016e-05 3.99592702853724e-05 0.000390031743214259 4.01424091775127e-05 0.000218377321743901 0.00259143065195531 1.54203292595412e-05 0.000179691140874638 5.75562080030068e-05 0.0141090453136712 0.000248773644852918
0.000402419618330896 0.000374669542543415 0.000169781224557497 0.000127219955070912 0.000177350938789456 0.000301705740639591 0.000210283365640862 9.24175875395283e-05 7.33922813125787e-05 2.62734343614235e-05 2.65380330035203e-05 2.86366398945304e-05 1.58796865196043e-05 3.0030694986749e-06 1.98200862170927e-05 3.17166380992107e-05 4.04505399939081e-05 0.000318632390144558 6.79232288369747e-05 0.000302101879788097 0.000390542443710729 0.000461274285044055 0.000237927837224561 0.000779612992482726 0.000380479979867232 0.000219469665047889 0.000198663253104314 6.61397104522621e-05 0.000107149759725189 0.000245929397624423 9.11690311442337e-05 7.12343242925129e-05 4.17067659692294e-05 0.000149993726810749 0.00097464270253198 0.000200640768976967 0.00281421161344042 0.00136205524108846 0.000412079474563143 8.61730115502724e-05 7.56964412175876e-05 7.87074788604514e-05 8.08158598374575e-05 3.31002391476432e-05
9.63976632516683e-05 0.000136754077302415 0.000200516451844379 0.000104529855211 9.88534898227256e-05 0.00103563339580433 0.000148727745797572 8.60464413149575e-05 7.45186039032397e-05 0.000132737696731056 3.084124128655e-05 2.32516936200855e-05 8.05554292403476e-06 6.15133204081575e-06 2.95607903914141e-05 3.5394043516046e-06 3.17964826311412e-05 2.50744421314009e-05 3.33887555258761e-05 0.000116224889825389 0.000364097927013063 0.000142127417439042 0.000511085121252108 0.000411867756338324 0.000617993422201835 0.000351635280094342 0.00032246443151962 0.00117975758330431 8.53420571857555e-05 6.27965428671606e-05 8.34031893126475e-05 0.0100141269853339 0.00865602627163753 0.000454727740361704 0.00333696152811171 0.0109390439058188 0.000693280219275039 0.00217942214512732 0.0132598202093504 0.00357530792825855 0.00299471956095658 0.00242266757413745 0.000697951157053467 0.000542975817006663
0.000163653004232089 0.00312840097758453 0.000219648901136793 0.000273607547342181 0.000237230576090042 0.000170208912718728 0.000315789537853561 0.000126240576340741 0.000114217680709316 8.14714396248917e-05 5.04140709071899e-05 3.75055193593488e-05 4.66219900947529e-05 6.84344520960334e-06 3.12000236397436e-05 3.48968525340276e-05 1.61370358031654e-05 2.3118651603804e-05 1.42276326010382e-05 5.57637530585353e-05 5.08372150374026e-05 6.92586229526171e-05 8.76365422755043e-05 0.000237373065465363 0.000121403948151055 0.000223526133322594 0.000122017175945643 0.000369943126133876 3.86548445952428e-05 0.00148386973087327 0.000355319328523385 0.00148882596113253 0.00348195002616194 0.00252935704338597 0.00766459969017888 0.000491295163374161 0.00052722847322002 0.000188923697533028 0.00129347233450972 0.0435348333325237 0.00647324379533529 0.00185565281426534 0.00049949194653891 0.000102160575988819
9.36717680455557e-05 0.000829476676456264 0.000299926301067899 0.000184860666138975 0.000181121123099892 0.00012927594951222 0.000305987899264437 0.000138167590944605 3.78371086862117e-05 0.000239630963446302 0.000106999454649059 2.58921564478709e-05 4.43925625155606e-05 3.68269842517255e-05 4.33634264917604e-05 6.15318851041824e-05 6.1540023290263e-05 0.000103757693068474 3.73438749305066e-05 6.25552233265547e-05 4.05861141057784e-05 6.59653753803724e-05 5.90842243571976e-05 6.46535066353038e-05 5.2903588553721e-05 0.000234477101098385 0.000108088404503803 0.000159041106144286 0.000470539030829153 0.00923610197478418 0.000551019999342806 0.000835793250735151 0.000127535036233439 0.034614781383425 0.000351578999804592 8.11944051156477e-05 0.000134838510484769 0.000102935771803914 6.41239277217709e-05 0.00290366332919803 0.000169887462561746 0.000528193562786328 0.000226375466445461 6.10487883932365e-05
0.000408122542285128 0.0003324434714159 0.000419394889468094 0.000597834606196557 0.000258065155242093 5.99905234853759e-05 0.000118568291475718 0.00125232569407672 0.000192255510773975 0.000115511827300452 0.000488802922214393 7.11249248656176e-05 4.07811890240084e-05 7.79585126109428e-06 3.40565456417252e-05 2.50433834952601e-05 7.77650093932492e-05 8.8599984155735e-05 4.86473458984449e-05 4.60643410712502e-05 6.56208793543556e-05 0.000982558426039759 1.52149487028019e-05 5.69970039721035e-05 0.00018676896679608 0.00218230417594896 0.0123681267024949 0.00113794005228556 0.000658087078060987 0.000723348914717015 0.00424725029733963 0.0600439015775919 0.0051509987875761 0.000648844597162679 8.14525502581986e-05 8.98622065447996e-05 0.000106548318470345 5.55004400866199e-05 5.94367928020256e-05 6.59856907545442e-05 0.000268362409769907 0.00014443489817495 6.002440127304e-05 6.09752558375476e-05
0.000366638236300787 0.00105744755346677 0.00015265662326378 0.000106182547977107 5.74438609997951e-05 0.000105380105857766 0.000105325272931944 5.59991044010277e-05 0.000106311615262378 0.000151489959625906 9.36976359028563e-05 5.52013932679785e-05 4.08676770854766e-05 1.81421951449878e-05 3.94141119417935e-05 5.10386924048589e-05 2.92842805679872e-05 4.71181640492091e-05 4.76222831331086e-05 5.54225741119296e-05 0.000701609054522123 0.00137848917729571 5.18069357842377e-05 2.88607150961351e-05 0.00339854896432048 0.0016595589579083 0.0379248683108017 0.00741891094949096 0.0376409193966538 0.00119950835273528 0.000796856346685759 0.000306634706234377 0.00340524273269693 0.000252623301618493 0.00081991380211548 0.000112742339362271 0.000262721345370665 0.00195556537073571 5.59417732503897e-05 7.60882853974021e-05 0.000275275159219746 0.000519585060260574 0.000192777089999097 0.000317993242492776
0.000156149037556474 0.000155839143033631 0.000200064132604894 0.000187861368704034 0.000109103434566404 7.93023215858502e-05 4.89764933821579e-05 9.12928764690957e-05 6.86290492343256e-05 6.22584343434318e-05 6.43431824218443e-05 6.04345557975172e-05 4.11520673281873e-05 2.83288962790951e-05 3.41740535733215e-05 4.5096552258761e-05 4.22227181659185e-05 0.000278899307159008 4.01484522152495e-05 3.73351751750683e-05 4.60008754120222e-05 9.13347792381836e-05 5.59535159747826e-05 6.41650624517376e-05 0.00086417470380411 0.00172088999825064 0.0585392542183399 0.00334116441663355 0.0015033036351042 0.000835740324263479 0.00142940032492334 0.00352679418865591 0.000142220265115611 0.000162555570522671 3.72866634807734e-05 6.46009385983137e-05 4.48520738679292e-05 0.000558519204605545 0.00028868509693698 6.91453575016654e-05 5.89427174418233e-05 0.0050363549758913 0.000822880362798539 0.00019192323110957
6.1862935299617e-05 7.37718277317834e-05 7.75529578189937e-05 0.000489809741498048 0.00252588903531432 0.000382045063088299 8.60400766404146e-05 0.000107152821409784 7.06504995468538e-05 7.2257673488707e-05 5.62976893520029e-05 4.25211891532773e-05 5.04047963393539e-05 1.94318914463865e-05 1.16717377562137e-05 1.30741839205584e-05 3.70542749433045e-05 3.39424930020371e-05 0.000163291070228122 4.79940061761774e-05 0.000191519509128946 6.64839387684468e-05 0.0013911627348044 0.0489942952524871 0.00563173987029586 0.00388171253580367 0.0449418728239834 0.000180653848428847 5.80978099518292e-05 9.20843912132541e-05 0.00114405919639466 6.42282144435069e-05 0.000199178305047099 0.00090231852591387 0.000103570335279812 0.00048314449940392 0.000158175380334991 7.2973190756298e-05 0.000176637482354636 0.0008626002220808 0.00102552304160781 0.000514591714772905 0.00235434299975168 0.000684436663141241
0.000167590231683246 0.000250163941303183 0.000129817488460571 0.00628928386431653 0.00366340404143557 0.0240307749947533 0.000828008408200276 6.65503956728819e-05 0.000135339602731399 7.10427636636424e-05 0.00022888965205814 0.000214517515741253 4.34286793659422e-05 4.01137600725687e-05 0.000201662510352696 0.000192591432788802 0.000608172907607241 6.8486931741063e-05 5.79504468604886e-05 6.25392912652956e-05 7.5848860650396e-05 0.000216172547529625 0.000251840831608274 0.00237068868009374 0.0128068597870879 0.00791971631115302 0.0020661471382482 0.000268649918507435 0.000219038257917248 0.000182685760992607 0.00012113376825843 0.000585313217142192 0.00112086641713063 0.000118362351145151 8.22297786712056e-05 5.07144309501162e-05 5.53616142354496e-05 0.000274925623239142 0.00164758848404745 0.000795606763858814 0.000200103308088728 0.00338065570103936 9.00748155828524e-05 0.000337786336712087
7.86861701627117e-05 2.5104960556277e-05 7.79829749513183e-06 1.4634519105583e-05 0.000143935039636744 0.000129168526655121 7.93620268936479e-05 4.71610126512645e-05 3.69610361261374e-05 6.63340902797849e-05 0.000137384359913995 0.0270796320401132 0.000258710137759743 0.00303772261975336 0.000823217475415638 0.000746510124008637 0.000283839765597804 4.54115033938884e-05 0.000392296799918768 0.000658592252921153 7.33650638630623e-05 9.28635288431678e-05 0.000775986216031299 0.00158964595757425 0.00443581252184231 0.00328611577278934 0.00512608515273314 0.00385702332132496 0.0122922864393331 0.0295837404672056 0.00718222688738024 0.002256922897908 0.00517966679399251 3.18445711619209e-05 0.000425612944673048 8.08659217401142e-05 6.0547610565298e-05 9.72783490112761e-05 0.000750789641460869 0.000574263059024815 0.00327377560315654 0.00318291519652121 0.000438903368124266 0.000812851482260157
6.24057602635175e-05 7.38442799689487e-05 0.000100602941938632 3.65282567780456e-05 7.97396610834333e-06 6.88908593141635e-06 6.60625956767635e-06 5.64919180834345e-06 2.12559510873178e-05 5.56615600716404e-06 0.000234139318854432 0.00183646515652072 5.27722735828018e-05 4.37187097031e-05 0.00173582596430037 0.000378633790288618 5.49224570335682e-05 5.33461212705366e-05 0.002810608484765 0.0342827595304698 7.80681330607047e-05 0.0406828538992822 0.00205428123078235 0.00424454223248176 0.00637588888639584 0.00243365606002044 0.000716227861930152 0.00279826425539795 0.0019759659838428 0.000222817685050813 0.0148956850607647 0.0171644838992506 0.00317051646707114 3.94658174737827e-05 0.000144439118503215 9.18941013402286e-05 0.000133166894374881 0.000224746530511766 0.00373331289447378 0.000316272939380724 0.00015664104703319 0.000195322196668712 0.000385242308766465 0.000233003620087402
