Scripts_&_data/Maxent_result_files_2/B_confusus_3.asc
NCOLS 594 
NROWS 330 
XLLCORNER -15 
YLLCORNER 23 
CELLSIZE 0.166666666666667 
NODATA_value -9999 
[rows 100 to 119 of 330, columns 138 to 183 of 594]
8.38795151139493e-05 0.000125058764751884 0.000142990586755332 0.000156299095397117 6.17065474216361e-05 3.23855533679307e-05 3.79855889150349e-05 2.90116626729287e-05 2.09964553050668e-05 1.98788237412373e-05 5.85040945225046e-05 0.000310818871366791 0.00179838928161189 0.0404024101793766 0.00183936815883499 0.000101653569436166 0.000100646071223309 4.79365745377436e-05 4.203793596389e-05 0.00467950149904937 0.00440744283841923 0.00254409380140714 0.00283542287070304 0.00108477841422427 0.00104158991016448 0.00188434548326768 0.0046887002652511 0.00418095560744405 0.00416365631390363 0.000770311104133725 0.00117268952308223 0.00144804823212326 0.00137120159924962 0.00464751883409917 0.00598616061033681 0.00384021636564285 0.0046481394674629 0.00455147492466494 0.0111086828168482 0.0116846018470824 0.00837928778491914 0.00798433036543429 0.00801827264949679 0.00720882313326001 0.00720332569908351 0.00524996295571327
9.78730959104723e-05 9.32668010136695e-05 0.000104743728843459 8.72837357746903e-05 0.000142537651845487 0.000192026871081907 0.00107257324561942 0.000256651435483946 9.63487789704232e-05 5.18933138664579e-05 7.91617288996349e-05 0.000139523795587593 0.000642381518264301 0.00907601348590106 0.160645941644907 0.00377957883756608 0.00123658113298006 0.0021888351184316 0.000994390458799899 0.00582396094687283 0.00473333986010402 0.00369172972859815 0.00478494169656187 0.00241269898833707 0.00490852298680693 0.00458291328977793 0.00449725526850671 0.0825542373582721 0.00162344815908 0.00343499308219179 0.00122925437462982 0.00399252667557448 0.00125564073678106 0.00332556038629264 0.00635301098227501 0.00350307390326634 0.00521889007650316 0.00494656100636348 0.0754356130957603 0.213819269835949 0.0083574112970382 0.00435506778303534 0.00614390324335545 0.0056632797466591 0.00875669510569423 0.00918863350525498
0.000134508789415122 2.52826574978826e-05 3.21752429044864e-05 9.97878743874026e-05 2.77746391930123e-05 8.01101798515447e-06 5.82419625061448e-05 0.000592166808201 0.000439825860667042 0.00207063990819734 0.00939216315746307 0.0047587440116331 0.0060712986625731 0.00853803500067443 0.00837003337219358 0.0876435946673155 0.106672606617212 0.161603882908821 0.156091863662004 0.504009059071541 0.279842185974121 0.00315562965115532 0.00407264002133161 0.0066044031875208 0.00411806656047702 0.00537887217942625 0.00197980413795449 0.00243623645510525 0.00825301837176085 0.00222067543072626 0.00243945737602189 0.00625330375041813 0.00395196505123749 0.00285103450296447 0.00564944630023092 0.115619143098593 0.00499962759204209 0.00677358775865287 0.0998055651783943 0.264482744038105 0.00701358118094504 0.0141541397199035 0.164100720733404 0.00676239542663097 0.00750742142554373 0.00382813684409484
2.3160484215623e-05 5.22024690326361e-05 4.07555023684836e-05 4.14281788835069e-05 0.000158474748241133 0.000511925463797525 0.000440533322398551 4.3897650539293e-05 0.000214667886029929 0.00292091471492313 0.0112099776975811 0.00702172932215035 0.105649669468403 0.00648315246216953 0.00609658909961581 0.0540415560826659 0.0933984879404306 0.180868296697736 0.0192346609197557 0.913381850719452 0.24145645648241 0.116964695602655 0.318031778931618 0.399540612101555 0.07559754550457 0.00258145107654855 0.00244483733549714 0.00248578119790182 0.00478885506745428 0.00658252264838666 0.0062580332858488 0.00294612193247303 0.0049430177314207 0.00593941491097212 0.00639181234873831 0.00319642635295168 0.00839445870369673 0.00691755097359419 0.00659649600274861 0.00782770747318864 0.0111177504528314 0.0862707505002618 0.14260570704937 0.00379844811977819 0.0840533062815666 0.00824388889595866
2.76832504823687e-05 4.28964159709722e-05 8.95848632353591e-05 9.26458153116982e-05 0.00010066295217257 0.00102805381466169 0.00305132420908194 0.000757078712922521 0.000303447840997251 0.000327441642002668 0.00413526700576767 0.00524511493276805 0.00719661468174309 0.00792543590068817 0.00881770097184926 0.0362765867263079 0.222215166687965 0.131473550200462 0.00986615852452815 0.0163901699706912 0.100052471458912 0.00333586265332997 0.119128245487809 0.589984306693077 0.760493749380112 0.00337849858915433 0.0030301394930575 0.0029613271355629 0.00482752698007971 0.00301703148870729 0.0039785249857232 0.00376101302681491 0.00378025695681572 0.00388849038863555 0.00368053956190124 0.00405809264630079 0.00671654366888106 0.189232890307903 0.293632134795189 0.0112872875295579 0.00549528868868947 0.130161825567484 0.150448010116816 0.00631242673844099 0.00593735515139997 0.389818581938744
1.041972072926e-05 2.86184539618262e-05 3.80559895347687e-05 5.27584259543801e-05 9.28376397496322e-05 4.22155649175693e-05 3.91266921724309e-05 0.000677582672506105 0.000696882810734678 0.00031089321419131 0.000478735484648496 0.00103147730405908 0.00882864664308727 0.00722939802799374 0.349928759038448 0.203047990053892 0.00724126235581934 0.00652828840538859 0.00943140825256705 0.24708037674427 0.00496635971358046 0.00212974473251961 0.00626923677045852 0.240596127510071 0.405578911304474 0.00257684783427976 0.00320397578179836 0.00595916141755879 0.00467110556783155 0.00442233615322038 0.00347922212677076 0.0042874903883785 0.00361143130576238 0.00458223811583594 0.00591711569577455 0.00634715901687741 0.00685977765824646 0.00376346919219941 0.184782151132822 0.188013027608395 0.00548893276136368 0.00499002349097282 0.00541659207083285 0.131436044722795 0.845640915632248 0.555095848441124
8.94666796966703e-06 1.07024193198413e-05 1.80469070755862e-05 0.000112968888970499 0.00206399349262938 0.000576422382437158 0.00102580339589622 0.000544402669765987 0.000386144554067869 0.00193405548925512 0.00969298807904124 0.0040686973487027 0.00617976817302406 0.0141181047074497 0.340179160237312 0.312520699203014 0.00869565254542977 0.33629462569952 0.652953577041626 0.458572709560394 0.616410928964615 0.232127578556538 0.20683434009552 0.00915673584677279 0.00553392320871353 0.00363716407446191 0.0028491779230535 0.0043098439113237 0.00385230460669845 0.00415342045016587 0.0635702320374548 0.00258609065203927 0.00434938399121165 0.00324522567680106 0.00514016419183463 0.00539319498930126 0.00543781536398455 0.00672606106381863 0.00789371416904032 0.00399929663399234 0.00342808925779536 0.133836636692286 0.00727933919988573 0.00482417017919943 0.00554373133927584 0.00383488623192534
1.59946468102135e-05 0.000100444973941194 1.00455174901981e-05 6.5968282706308e-05 0.0004743725512526 0.000118904351984384 0.0026715294981841 0.00770414043217897 0.00925809410400689 0.00430301449960098 0.00995245487429202 0.0162640822120011 0.00486081537092105 0.277859428524971 0.188158521801233 0.00784391770139337 0.0105073323240504 0.219440887868404 0.987735462188721 0.537652987241745 0.337763302028179 0.0107297524809837 0.0032942519930657 0.00313730907510035 0.00439881952479482 0.00436262983130291 0.0039742894936353 0.00396879524923861 0.00366402625804767 0.00854674451984465 0.220705035328865 0.00371513998834416 0.169133008271456 0.00559525156859308 0.00388318123295903 0.00592847915831953 0.00431363882962614 0.00169468508102 0.00677549124229699 0.00463825651677325 0.00545560682658106 0.00458807919640094 0.00624597005080432 0.00663797799497843 0.00444970382377505 0.00726691288873553
4.89424079205492e-05 4.31376422966423e-05 1.65929280683486e-05 8.62253835293814e-05 0.00068729525373783 0.0013335716619622 0.00155131782812532 0.000766574815497734 0.00957926260307431 0.00970727070234716 0.0152702460996807 0.010776187852025 0.0140044592320919 0.388529905676842 0.307873509824276 0.0174897757358849 0.78969674706459 0.966288822889328 0.287317951023579 0.257877101004124 0.216626017540693 0.00636888856533915 0.00453569914679974 0.00578117116820067 0.0121643456164747 0.124412970989943 0.00429210007423535 0.00422678223112598 0.00669189435429871 0.0843983569182456 0.205628705024719 0.379299548268318 0.0047258548438549 0.00446449879091233 0.000960599762038328 0.00186839928210247 0.00318613136187196 0.00356275348458439 0.0033239554555621 0.00314231482916512 0.00420921632321551 0.0040987370768562 0.00623233641963452 0.00264092985307798 0.00365736095118336 0.101222258247435
1.02890551488599e-05 7.1020232326191e-06 2.51917332889207e-05 2.1118971812939e-05 0.000732634737505577 0.0012544586090371 0.00414636583300307 0.00127666514017619 0.0018874200177379 0.00621315373573452 0.0103391451761127 0.013714525802061 0.154801537841558 0.924738782644272 0.0100697671063244 0.00122721396619454 0.225870490074158 0.595423659682274 0.249198418110609 0.182130482047796 0.0955535136163235 0.00807634890079498 0.00699275408405811 0.00566199157619849 0.165211948752403 0.00343578225001693 0.00632432032143697 0.0859643511474133 0.00598514409502968 0.00593506728764623 0.404654055833817 0.396454238891602 0.00807645204477012 0.00360170766944066 0.00527891169767827 0.00391083555296063 0.00310341520234942 0.00700809434056282 0.00737121663987637 0.00715289239306003 0.00389092400437221 0.00395190694835037 0.106820955872536 0.0048239431809634 0.00436638253740966 0.00478941932087764
0.000964179431321099 0.00125903901935089 0.00181528027460445 0.00218699120450765 0.00137857387890108 0.00134286200045608 0.121661379933357 0.256873233616352 0.0108095492701977 0.0128877587616444 0.0101057993480936 0.0252774363849312 0.0166684525087476 0.0159793641418219 0.00544110933551565 0.00179891836596653 0.218971851468086 0.607437780499458 0.853666520118713 0.810777020454407 0.500284805893898 0.0105924245668575 0.0122458662837744 0.0083603908540681 0.146051894687116 0.00715816508745775 0.0103960033738986 0.383622252941132 0.009856076259166 0.0120911587262526 0.118113691359758 0.368125587701797 0.0739895831793547 0.166815603524446 0.212881104648113 0.0838968519121408 0.00364167058141902 0.00575748346745968 0.00341843244968913 0.00486523180734366 0.00538781879004091 0.00623461205977946 0.00290680230828002 0.090867742523551 0.00481512518599629 0.00381305030314252
0.0044494261033833 0.0154080713633448 0.00262619665591046 0.00150833297229838 0.00520923390286043 0.00439424103824422 0.385898025333881 0.4329972833395 0.02330143135041 0.0104843620443717 0.0114308333722875 0.0317211872432381 0.530653324723244 0.842872589826584 0.05476433634758 -9999 0.982928782701492 0.446946555376053 0.347047527134418 0.216271223127842 0.784921419620514 0.0110663093393669 0.0115621238248423 0.0202306280378252 0.00976161768194288 0.00788249280303717 0.00547857325291261 0.00507351947017014 0.26522873044014 0.00838628972414881 0.254010409116745 0.65630509853363 0.589586466550827 0.161274529248476 0.688684743642807 0.651662248373032 0.199501141905785 0.0110492643434554 0.263770642876625 0.142677618935704 0.00457929273834452 0.00489236700814217 0.619573333859444 0.438104316592216 0.568233799934387 0.459188857674599
0.00417219531955197 0.000474339369975496 0.00213532662310172 0.00464485003612936 0.0305717645213008 0.0250936257652938 0.0250147971790284 0.385869884490967 0.0335035131312907 0.998521053791046 0.477827176451683 0.575654596090317 0.0265309277921915 0.936659222841263 0.365781669318676 -9999 -9999 0.99994210600853 0.979453849792481 0.1963353715837 0.218520569056273 0.0141048768069595 0.012544161779806 0.00868185926228762 0.010736038419418 0.0083980301162228 0.00696454932913184 0.00284126256010495 0.384398123621941 0.011112741404213 0.216962396353483 0.00380899634910747 0.000412893458997132 0.00732480634469539 0.00044342061955831 0.00231951992027462 0.559391832351685 0.101672850176692 0.216255660355091 0.0117468091193587 0.00794809012440965 0.673302167654037 0.882540237903595 0.706040251255035 0.523771581053734 0.593003970384598
0.000609623227501288 0.000659110468404833 0.00527392609510571 0.00190539091126993 0.00532116287504323 0.0315033547114581 0.0199281106702983 0.021816849661991 0.0206645676866174 0.201947586238384 0.136345040798187 0.641334202885628 0.309974391758442 0.086586731672287 -9999 -9999 -9999 -9999 -9999 0.182661698013544 0.343907779455185 0.00901093871798366 0.00952167923096567 0.0112975442316383 0.010486595868133 0.010192766203545 0.00737852312158793 0.00718758441507816 0.223514311015606 0.560753282904625 0.73644962310791 0.153043493628502 0.00032520620370633 0.000316091719287215 0.000309962382016238 0.00306121043395251 0.690253245830536 0.709106397628784 0.0111819939920679 0.0084894732106477 0.263239364326 0.538477629423141 0.610720473527908 0.547943857312202 0.745098102092743 0.469108057022095
0.000520112872618483 0.00480787085834891 0.00656880214810371 0.0212660569697618 0.0350681917741895 0.0311881897505373 0.0358197824563831 0.0197185765486211 0.00722530731000006 -9999 -9999 -9999 -9999 -9999 -9999 -9999 -9999 -9999 -9999 0.00892170632723719 0.013956645457074 0.0102281344123185 0.0110138655407354 0.272150987386704 0.00943278847262263 0.0103801982942969 0.190683092921972 0.655158454179764 0.000904211337910965 0.000366256579582114 0.179669250547886 0.410263833403587 0.000364669773261994 0.000363258174911607 0.000797838784637861 0.000918174523394555 0.352722948789597 0.718842768669128 0.0122879925183952 0.00734354159794748 0.00734245727071539 0.361214609444141 0.00706281578168273 0.0111791578587145 0.204557866603136 0.00627836906351149
0.00764670534990728 0.0159140747506171 0.0150766001781449 0.0293009273242205 0.0354489647783339 0.0331179817207158 0.0156369424890727 0.00369743764749728 -9999 -9999 -9999 -9999 -9999 -9999 -9999 -9999 -9999 -9999 -9999 0.111854905635118 0.364149186015129 0.0126449722563848 0.238034890592098 0.258328282833099 0.246036675572395 0.164475560188293 0.658091729879379 0.0377097302116454 0.00037496545992326 0.000360896989877801 0.0443691458553076 0.0310249642468989 0.000294269646474277 0.0510570965707302 0.407876893877983 0.862381219863892 0.587560966610909 0.372203034162521 0.0199126232881099 0.00720381574938074 0.00942558234091848 0.596828231215477 0.0102775848470628 0.237639398872852 0.308961045742035 0.350322540104389
0.0232340142130852 0.0232035195454955 0.0458533796481788 0.0500154228881001 0.0414169855415821 0.0149453913792968 -9999 -9999 -9999 -9999 -9999 -9999 -9999 -9999 -9999 -9999 -9999 -9999 -9999 -9999 0.0130120512680151 0.371970991790295 0.307469716668129 0.29684222638607 0.313838103413582 0.828604525327682 0.660534662008285 0.351090393960476 0.000339947966858745 0.109748981706798 0.838864070177078 0.0517075965180993 0.45322282910347 0.51231352686882 0.528125020861626 0.622570276260376 0.658062165975571 0.478700292110443 0.321915733814239 0.0702668089419603 0.000305962392303627 0.291040227562189 0.870687747001648 0.825619268417358 0.558993598818779 0.236014251410961
0.0193025245098397 0.0346512887626886 0.573599652945995 0.0447829054668546 0.000349458939308533 -9999 -9999 -9999 -9999 -9999 -9999 -9999 -9999 -9999 -9999 -9999 -9999 -9999 -9999 -9999 0.269061425328255 0.19942557066679 0.313134747743607 0.0591998426243663 0.366955907642841 0.502563509345055 0.390434092283249 0.274511274695396 0.658764046430588 0.768534886837006 0.918549120426178 0.879699790477753 0.572496223449707 0.57047091126442 0.208268396556377 0.701315802335739 0.717999529838562 0.355368530750275 0.572115251421928 0.0120354559738189 0.363576586544514 0.323338785767555 0.89681658744812 0.876391780376434 0.882998311519623 0.326824434101582
0.0509159427136183 0.0533545562066138 0.00058115079664276 -9999 -9999 -9999 -9999 -9999 -9999 -9999 -9999 -9999 -9999 -9999 -9999 -9999 -9999 -9999 -9999 -9999 -9999 0.102802218683064 0.14647303968668 0.00818355947267264 0.276797412335873 0.903198260068893 0.810471975803375 0.418335527181625 0.741997760534286 0.745787692070007 0.959410774707794 0.60996732711792 0.601729503273964 0.467831820249557 0.713869118690491 0.25856372565031 0.596225905418396 0.519330778717995 0.000356283101427834 0.261532414704561 0.818220371007919 0.663375043869019 0.507512199878693 0.19484710842371 0.566431546211243 0.320179297029972
-9999 -9999 -9999 -9999 -9999 -9999 -9999 -9999 -9999 -9999 -9999 -9999 -9999 -9999 -9999 -9999 -9999 -9999 -9999 -9999 -9999 0.111580148711801 0.0634212197735906 0.280085852742195 0.446695563197136 0.330379351973534 0.0118685523048043 0.362805788218975 0.686394053697586 0.660412365198135 0.365878462791443 0.286900785565376 0.527842751145363 0.600337702035904 0.571762335300446 0.210975761711597 0.00838935468345881 0.207616238296032 0.00415752191329375 0.0254674157127738 0.184105701744556 0.223221170902252 0.00952462332788855 0.0111773441778496 0.00793914147652686 0.142008071020246
