Scripts_&_data/Maxent_result_files_2/B_confusus_2.asc
NCOLS 594 
NROWS 330 
XLLCORNER -15 
YLLCORNER 23 
CELLSIZE 0.166666666666667 
NODATA_value -9999 
[rows 160 to 179 of 330, columns 276 to 321 of 594]
0.656240230798721 0.860475772619247 0.674587833881378 0.850455629825592 0.788386142253876 0.796078509092331 0.749759298563003 0.809072726964951 0.658455049991608 0.637882083654404 0.616668254137039 0.462015697360039 0.676707261800766 0.434809955954552 0.746549665927887 0.496670678257942 0.498553004860878 0.45289833843708 0.457456400990486 0.528342166543007 0.490097364783287 0.485809180140495 0.484458413720131 0.47741032242775 0.467919334769249 0.460637536644936 0.451210224628449 0.444320893287659 0.478009042143822 0.473711866140366 0.431685924530029 0.431547117233276 0.488330864906311 0.43232439160347 0.435911211371422 0.438147050142288 0.43871274292469 0.439222183823586 0.441649076342583 0.261269710958004 0.220642388612032 0.460745534300804 0.565736189484596 0.581731843948364 0.430716255307198 0.428901848196983
0.659901291131973 0.595247149467468 0.600439703464508 0.780316442251205 0.823822027444839 0.949519276618958 0.80427211523056 0.756063425540924 0.725956922769546 0.530415746569634 0.617469602823257 0.51336000263691 0.50715756714344 0.505879858136177 0.498222893476486 0.493454873561859 0.49676199555397 0.496516907215118 0.494713485240936 0.512791541218758 0.554109972715378 0.442646822333336 0.637487691640854 0.361649499833584 0.286908128857613 0.547626161575317 0.642199456691742 0.570692038536072 0.580504935979843 0.493204843997955 0.525210934877396 0.437516012787819 0.571059373021126 0.435950201749802 0.437665283679962 0.440540051460266 0.439703062176704 0.440767645835876 0.445701718330383 0.449122941493988 0.452614942193031 0.382030974328518 0.582518899440765 0.441580227017403 0.436208087205887 0.431563165783882
0.755588859319687 0.739711159467697 0.54123527109623 0.862065088748932 0.620740306377411 0.765932089090347 0.546955019235611 0.764830029010773 0.787607461214066 0.633070582151413 0.576720416545868 0.516076305508614 0.512415304780006 0.50678103864193 0.553362008929253 0.496153926849365 0.53240424990654 0.581984639167786 0.610580736398697 0.500740259885788 0.498618233203888 0.497627419233322 0.948930925130844 0.733181613683701 0.267216324806213 0.55613973736763 0.45809428691864 0.453239461779594 0.441001823544502 0.435419777035713 0.469117584824562 0.567313235998154 0.438707062602043 0.509384909272194 0.443970254063606 0.443084472417831 0.448141086101532 0.449080628156662 0.449770283699036 0.455300536751747 0.502378842234611 0.461629331111908 0.453071415424347 0.445661890506744 0.441224750876427 0.451470145583153
0.764180964231491 0.736165153980255 0.649399274587631 0.585886198282242 0.577930670976639 0.562415957450867 0.549914807081223 0.802668339014053 0.795035809278488 0.641958850622177 0.568248984217644 0.598203182220459 0.512244188785553 0.507055079936981 0.512822300195694 0.486009782552719 0.610199123620987 0.500820150971413 0.50300187766552 0.504022064805031 0.690781164169312 0.685455787181854 0.640573287010193 0.551919957995415 0.628763389587402 0.602564895153046 0.557260438799858 0.46030261516571 0.462192815542221 0.570235911011696 0.568201607465744 0.493377709388733 0.439689439535141 0.42424621284008 0.446725985407829 0.470953527092934 0.249809082597494 0.450264513492584 0.4515639513731 0.456619355082512 0.117039342224598 0.461719179153442 0.453221794962883 0.300683854520321 0.312118850648403 0.439851379394531
0.749854785203934 0.780784487724304 0.873680186271667 0.635402137041092 0.590951466560364 0.574244248867035 0.558791023492813 0.543386113643646 0.606233602762222 0.666797983646393 0.566864791512489 0.522857278585434 0.516988256573677 0.559208461642265 0.654150056838989 0.502376210689545 0.501846626400948 0.503574931621552 0.564073610305786 0.511905711889267 0.60745370388031 0.736596888303757 0.709375721216202 0.495695969462395 0.488244500756264 0.465315362811089 0.535296335816383 0.478193426132202 0.562265384197235 0.603586649894714 0.410753470659256 0.432269817590713 0.435523128509521 0.401189428567886 0.332851141691208 0.197985910996795 0.325635577738285 0.393824452161789 0.453659772872925 0.457262533903122 0.604576480388641 0.461578768491745 0.457051953673363 0.50412700176239 0.446425729990006 0.383150678873062
0.684804850816727 0.698462241888046 0.775889414548874 0.60039998292923 0.70345407128334 0.63017480969429 0.678924334049225 0.507252153754234 0.530941081047058 0.66755707859993 0.561146494746208 0.517445847392082 0.519025665521622 0.636951118707657 0.597933882474899 0.516338115930557 0.503798538446426 0.558963638544083 0.75183482170105 0.730459517240524 0.823321270942688 0.520174163579941 0.485235217213631 0.3119494125247 0.769683396816254 0.544953355193138 0.491830649971962 0.602769196033478 0.469904845952988 0.455202862620354 0.432700061798096 0.375697487592697 0.432705074548721 0.500299030542374 0.25519487708807 0.313093937933445 0.335248050093651 0.503266993165016 0.456412345170975 0.461941939592361 0.466655281186104 0.552677857875824 0.255661302059889 0.212717658281326 0.40087089240551 0.449098801612854
0.735853278636932 0.583164370059967 0.81425256729126 0.834528213739395 0.218754667043686 0.583833140134811 0.560315251350403 0.540679746866226 0.522640562057495 0.585508513450623 0.719191259145737 0.686743915081024 0.522065001726151 0.496302053332329 0.687274581193924 0.507085832953453 0.518351283669472 0.67848813533783 0.677259004116058 0.517028176784515 0.518829423189163 0.518836498260498 0.708555823564529 0.848277205228806 0.508777624368668 0.506660321354866 0.642929035425186 0.43459335565567 0.662984639406204 0.380149856209755 0.442994013428688 0.519867751002312 0.438082951307297 0.447947785258293 0.269487021118403 0.553236052393913 0.395080053806305 0.458893889188767 0.463012650609016 0.467425552010536 0.46595695912838 0.529148560762405 0.336141681671143 0.39545716047287 0.511116588115692 0.45292347073555
0.162183343619108 0.284784857928753 0.291926005482674 0.688065332174301 0.795307940244675 0.569641673564911 0.543554389476776 0.526908776164055 0.442856860160828 0.481974831223488 0.468504777550697 0.541881814599037 0.390897834300995 0.456131508946419 0.487212178111076 0.493588444590569 0.481332695484161 0.580373191833496 0.712189120054245 0.767265492677689 0.517028266191483 0.52052905857563 0.69471293091774 0.514818033576012 0.767325645685196 0.462549251317978 0.772485661506653 0.621280694007874 0.579069751501083 0.403984761238098 0.243383396416903 0.108750336058438 0.416053387522697 0.556623882055283 0.0482235616073012 0.364385077357292 0.466483613848686 0.491423314809799 0.544148916006088 0.469653254747391 0.47286014854908 0.566256022453308 0.563867563009262 0.462268987298012 0.456795337796211 0.458935388922691
0.244131237268448 0.133432188630104 0.0133633909281343 0.0773769468069077 0.551062512397766 0.546857506036758 0.485411676764488 0.514362040162087 0.429195269942284 0.462897059321404 0.440778675675392 0.427603349089622 0.422663006186485 0.454758352041244 0.464572203159332 0.463002744317055 0.41076962351799 0.5023278683424 0.579064905643463 0.512309709191322 0.52003153860569 0.596133953332901 0.636557310819626 0.738953042030335 0.758661204576492 0.653092455863953 0.522088241577148 0.516828522086143 0.537214788794518 0.523204258084297 0.938208305835724 0.852044719457626 0.751426321268082 0.56068919301033 0.149328228831291 0.0106717029877473 0.272265930473804 0.514365255832672 0.583076798915863 0.485850796103477 0.637426090240478 0.582298296689987 0.469657236337662 0.471220469474792 0.468651109933853 0.467625513672829
0.635272878408432 0.751750272512436 0.0910801988095045 0.438841294310987 0.733902311325073 0.517351192235947 0.453991216421127 0.50278312265873 0.485714620351791 0.460278803110123 0.544713479280472 0.593238830566406 0.428851187229156 0.524076461791992 0.439913353323936 0.449320861697197 0.78190912604332 0.781520074605942 0.47892854809761 0.488400828838348 0.505231875181198 0.710396409034729 0.757889670133591 0.511124920845032 0.596347945928574 0.581917881965637 0.521617531776428 0.599210208654404 0.700449705123901 0.787243545055389 0.782017832994461 0.607279509305954 0.226524056680501 0.310944565571845 0.586509019136429 0.473849123716354 0.476339796185493 0.481824812293053 0.481794419884682 0.806278926134109 0.679129415750504 0.473980414867401 0.477842819690704 0.476130643486977 0.47470620572567 0.473517891764641
0.551607459783554 0.413565176725388 0.602248851954937 0.628450047969818 0.534968250989914 0.114391293562949 0.0502942813560367 0.228844593465328 0.443840736150742 0.43326161801815 0.0485849242657423 0.404407548904419 0.371179002523422 0.46888784468174 0.397937858104706 0.43137095272541 0.60929314494133 0.554491466283798 0.442881593108177 0.456054022908211 0.57655063867569 0.905811154842377 0.596248161792755 0.480763113498688 0.492888939380646 0.496835806965828 0.493732839822769 0.503479045629501 0.496504428982735 0.664809995889664 0.580173152685165 0.267573242634535 0.187954630795866 0.519888493418694 0.458946079015732 0.464267498254776 0.412752261757851 0.472717276215553 0.474204531311989 0.287481960654259 0.250817620754242 0.475629475712776 0.468329980969429 0.461335447430611 0.468120157718658 0.471641144156456
0.802491211891174 0.743866902589798 0.820082205533981 0.508388966321945 0.0635191644541919 0.496745383739471 0.0812609212473035 0.00267873164120829 0.00117235801080824 0.0402474300935864 0.0122549199382775 0.0373644907027483 0.407317367196083 0.37497406899929 0.380938655138016 0.42293464243412 0.570578160881996 0.512574025988579 0.429311543703079 0.427002009749413 0.760554963350296 0.728737968206406 0.451320043206215 0.457645723223686 0.404495993256569 0.458076798915863 0.628990632295608 0.75500892996788 0.559899860620499 0.463131448626518 0.465697464346886 0.413553005456924 0.545988190174103 0.693677264451981 0.706950306892395 0.750264608860016 0.757499462366104 0.459236663579941 0.460463184118271 0.216373278200626 0.408773609995842 0.474418413639069 0.509460717439651 0.389396765828133 0.463565576076508 0.459264245629311
0.609421056509018 0.551888194680214 0.72190905213356 0.371853458881378 0.429371988773346 0.528102615475655 0.409936000406742 0.330723910033703 0.0809975707903504 0.00556203213345725 0.000252692016192668 0.00034921857190966 0.0109155250480399 0.203598470985889 0.309502485394478 0.478689953684807 0.414303678274155 0.399801462888718 0.407233065366745 0.571902471780777 0.673666280508041 0.413883578777313 0.558113247156143 0.584298920631409 0.594749796390533 0.514621666073799 0.685175842046738 0.445722642540932 0.443406715989113 0.446450361609459 0.435827744007111 0.440927475690842 0.435658976435661 0.436532518267632 0.450457653403282 0.143185874819756 0.344366488605738 0.925753462314606 0.46296973824501 0.0903732299804687 0.448786813020706 0.456068056821823 0.446041738986969 0.512524208426476 0.445268523693085 0.427484485507011
0.743266046047211 0.653722822666168 0.63484445810318 0.650759768486023 0.612575536966324 0.56388840675354 0.612996226549149 0.312363658845425 0.364063197374344 0.349436524137855 0.0513178395107389 0.00846471310360357 0.00954361871117726 0.156142822280526 0.956092810630798 0.580214181542397 0.259252937138081 0.393672159314156 0.398098513484001 0.45361892580986 0.384193998575211 0.47892881333828 0.470101469755173 0.389829662442207 0.569867867231369 0.396598926186562 0.407217648625374 0.421374574303627 0.425006899237633 0.374826601147652 0.370198822021484 0.359637752175331 0.179520753026009 0.412382942438126 0.410558789968491 0.429097771644592 0.562196362018585 0.737587386369705 0.259027111064643 0.476115384697914 0.53678580224514 0.103797904402018 0.598574754595756 0.222288390621543 0.609872111678123 0.334529995918274
0.867020112276077 0.688571548461914 0.741029065847397 0.633170700073242 0.463267186284065 0.589776057004929 0.502436691522598 0.632738101482391 0.646014833450317 0.202099185436964 0.493982544541359 0.570417866110802 0.430043789744377 0.527549785375595 0.412451082468033 0.21317278444767 0.0867555569857359 0.119199432432652 0.0972260367125273 0.0408860610798001 0.51183340549469 0.429347193241119 0.366016480326653 0.371374943852425 0.37633641064167 0.393066534399986 0.402767884731293 0.397902676463127 0.409378385543823 0.533457073569298 0.240737122297287 0.465329900383949 0.350194436311722 0.380502223968506 0.418696257472038 0.411861547827721 0.374770301580429 0.559111121296883 0.528690013289452 0.252307143807411 0.243532783165574 0.428995984792709 0.336594119109213 0.418487296998501 0.532593289017677 0.189345579221845
0.496278348565102 0.53835429251194 0.568555814027786 0.599028646945953 0.718431597948074 0.577316761016846 0.670644724369049 0.405910658836365 0.559585100412369 0.139182411879301 0.398982745409012 0.405875831842422 0.516266578435898 0.400185489654541 0.50458887219429 0.392160075902939 0.409870406985283 0.238671927154064 0.0402225960977376 0.0224889060016721 0.153578018397093 0.345231550931931 0.342514771223068 0.348422130942345 0.354870936274528 0.590279248356819 0.375709687173367 0.430953672528267 0.398705613613129 0.414482745528221 0.395450133085251 0.398054257035255 0.399141547083855 0.404974803328514 0.421583211421967 0.406120735406876 0.40978237092495 0.405321937799454 0.399562028050423 0.716426777839661 0.421589180827141 0.411816549301147 0.377987390756607 0.400251427292824 0.404518672823906 0.614081484079361
0.521059986948967 0.48865721821785 0.516145223379135 0.524817544221878 0.621230518817902 0.537525454163551 0.484212973713875 0.912981271743774 0.478413879871368 0.450075247883797 0.430115845799446 0.416456720232964 0.410224035382271 0.481399396061897 0.416525059938431 0.41590690612793 0.419946789741516 0.60689597427845 0.309098634123802 0.390765929222107 0.0506211388856173 0.264764107763767 0.552635654807091 0.271411244571209 0.308394412696362 0.129342782124877 0.35130101442337 0.484341302514076 0.48733192384243 0.686702942848206 0.33948819488287 0.382479056715965 0.388051626086235 0.38482323884964 0.398053628206253 0.405240517854691 0.40858661532402 0.402637609839439 0.330658918619156 0.571015393733978 0.585545003414154 0.557248783111572 0.442081406712532 0.373116421699524 0.451965817809105 0.143244010210037
0.407184284925461 0.399374884366989 0.400938791036606 0.422240394353867 0.466424331068993 0.486921089887619 0.465533116459847 0.536344903707504 0.444461581110954 0.440456232428551 0.427332943677902 0.423487591743469 0.42468264400959 0.419369938969612 0.391996386647224 0.472026073932648 0.420263621211052 0.40520786345005 0.256437852978706 0.363861328363419 0.371759256720543 0.411914765834808 0.84179013967514 0.729786837100983 0.0780499050393701 0.249676220118999 0.372892025113106 0.360752514004707 0.39022108912468 0.346034616231918 0.460895931720734 0.381549373269081 0.318376889824867 0.335146117210388 0.385168060660362 0.384716644883156 0.422253751754761 0.351491749286652 0.379105511307716 0.380856955051422 0.259901611506939 0.697233158349991 0.679421532154083 0.163855049014091 0.431393080949783 0.333914911746979
0.371461966633797 0.336942380666733 0.330133554339409 0.374216192960739 0.403671795129776 0.439362654089928 0.427600368857384 0.430357778072357 0.423099619150162 0.426060745120049 0.430060070753098 0.42191064953804 0.417044687271118 0.33346911072731 0.424458253383636 0.49065460562706 0.428074467182159 0.428248265385628 0.404265594482422 0.374973240494728 0.36381670832634 0.342777413129807 0.326353794336319 0.336330419778824 0.184823948144913 0.0797087151557207 0.360905170440674 0.374508315324783 0.375967299938202 0.375314694643021 0.384221881628036 0.383378478884697 0.383124095201492 0.384687408804893 0.387618312239647 0.372064220905304 0.384685045480728 0.649692565202713 0.316030776500702 0.369155144691467 0.422559261322021 0.365493178367615 0.651232585310936 0.643569898605347 0.344954922795296 0.316501948237419
0.359469789266586 0.337906891107559 0.353889986872673 0.380403357744217 0.391632422804832 0.39376395046711 0.390883305668831 0.394680854678154 0.405309852957726 0.410578167438507 0.385601627826691 0.406752184033394 0.395121946930885 0.332995712757111 0.882439571619034 0.741196846961975 0.386553534865379 0.380399733781815 0.348205903172493 0.327484500408173 0.34484189748764 0.321721294522285 0.316767621040344 0.323700144886971 0.0557611087337136 0.129671133309603 0.349219995737076 0.373753023147583 0.374014887213707 0.364683637022972 0.358937585353851 0.377874040603638 0.388506460189819 0.450049567222595 0.348740917444229 0.35269658267498 0.354970142245293 0.171987567842007 0.332262533903122 0.42474752664566 0.236051090061665 0.0277086853515357 0.520657774806023 0.480402800440788 0.519088226556778 0.699820327758789
