Scripts_&_data/Maxent_result_files_2/B_confusus_3.asc
NCOLS 594 
NROWS 330 
XLLCORNER -15 
YLLCORNER 23 
CELLSIZE 0.166666666666667 
NODATA_value -9999 
[rows 140 to 159 of 330, columns 322 to 367 of 594]
0.454190883040428 0.460325187444687 0.459194043278694 0.414094957709312 0.32238153219223 0.367827996611595 0.364304599165916 0.390784958004951 0.249826434254646 0.191149570047855 0.0790308615192771 0.132604695856571 0.0853183634579182 0.454979085922241 0.144549814611673 0.047544729989022 0.0323209890630096 0.0882809836417437 0.256073953211308 0.499008029699326 0.480229446291924 0.0769136302173138 0.164687503874302 0.242416812479496 0.0103769103996456 0.00793690029240679 0.0266964873764664 0.245210872590542 0.354394635558128 0.411027359962463 0.264116118848324 0.238144086301327 0.137984210252762 0.0140892462572083 0.104546225443482 0.245035310089588 0.244079118967056 0.330356228351593 0.236873637139797 0.2321837708354 0.228682854771614 0.247561018168926 0.231765304505825 0.22383528649807 0.223997014760971 0.310002887248993
0.37342127263546 0.361386686563492 0.348484602570534 0.331118592619896 0.320688885450363 0.312927150726318 0.301959547400475 0.295630434155464 0.296530386805534 0.282384552061558 0.289932850003242 0.412312409281731 0.384955024719238 0.138333673775196 0.122861706092954 0.0564704030752182 0.0782159719616175 0.405124831199646 0.281838274002075 0.301668989658356 0.392633706331253 0.104168550297618 0.064130899310112 0.0310519414488226 0.0100409042846877 0.0117811941017862 0.0203899941174313 0.0992338698357344 0.269321325421333 0.275663693249226 0.357946997880936 0.147745037078857 0.148902345448732 0.0290644781198353 0.0564680002629757 0.33241448700428 0.248564371466637 0.243624779582024 0.239034304022789 0.235165180265903 0.229573661088943 0.225362911820412 0.23803391456604 0.239576198160648 0.228231401741505 0.298749144375324
0.36553527712822 0.413342812657356 0.345559963583946 0.337248393893242 0.321489980816841 0.386090418696403 0.41807664334774 0.292441245913506 0.302861021459103 0.354243138432503 0.213185074925423 0.279428404569626 0.370903640985489 0.319200712442398 0.126864276081324 0.0860382314771414 0.392519861459732 0.326785875856876 0.284882302582264 0.352282246947288 0.0539303066208959 0.00993452138500288 0.03503891332075 0.0767296880483627 0.00749216560507193 0.00718823780771345 0.0568272709846497 0.202547608315945 0.264991940557957 0.26993546038866 0.355865952372551 0.0515498079359531 0.04573262212798 0.0308797359932214 0.281818777322769 0.327213987708092 0.323088574409485 0.331114938855171 0.568403023481369 0.693566000461578 0.43299663066864 0.291178734600544 0.253569668531418 0.262534259259701 0.168518255650997 0.0643961548805237
0.394170337915421 0.36110505759716 0.366922071576118 0.330348932743073 0.33209370970726 0.436836069822311 0.427232471108437 0.266071467101574 0.290184165537357 0.35594117641449 0.104478790611029 0.148183061927557 0.196504373848438 0.229314991831779 0.0894176248461008 0.355841085314751 0.26116209179163 0.211018221080303 0.361849656701088 0.366530391573906 0.0871734883636236 0.0403590575791895 0.0388655290007591 0.0389271883293986 0.00876360693946481 0.110974403470755 0.321504962444305 0.251019789278507 0.261450961232185 0.260935914516449 0.26524708122015 0.0852746482938528 0.126547674834728 0.304100675880909 0.248298279941082 0.326312531530857 0.28554655611515 0.254684862494469 0.263118125498295 0.211871983110905 0.275466479361057 0.130903650447726 0.168934404850006 0.189878582209349 0.123892977461219 0.0547219559550285
0.359246051311493 0.371215608716011 0.342104354500771 0.364695629477501 0.310972651839256 0.294672192633152 0.302067866921425 0.309943419694901 0.298208899796009 0.103707059472799 0.214145936071873 0.350057581067085 0.487105143070221 0.387000226974487 0.051415066421032 0.038933993736282 0.368642595410347 0.280157423019409 0.379505929350853 0.0961693398654461 0.0383270066231489 0.00940880499547347 0.00980382303823717 0.00954907538252883 0.0500464990735054 0.354779532551765 0.256073820590973 0.257112687826157 0.263959524035454 0.263444060087204 0.3516881108284 0.272990909218788 0.258058670163155 0.247349624335766 0.283268837630749 0.237338823080063 0.234164065122604 0.228744761645794 0.225805561244488 0.217515099048614 0.219062152504921 0.108999946527183 0.204281798750162 0.0874251687899232 0.0844231301918626 0.129813759028912
0.357761204242706 0.34705658853054 0.330123850703239 0.31050224006176 0.302826225757599 0.36541913151741 0.405377575755119 0.371143195033073 0.364958736300468 0.307434982061386 0.276088567078114 0.288855159282684 0.369105392694473 0.29549236446619 0.325385493040085 0.432247191667557 0.27735832631588 0.35706595480442 0.371285235881805 0.0472916383296251 0.0133026946801692 0.0193722331663594 0.0234061133116484 0.0589626209810376 0.355240002274513 0.358897638320923 0.262921324372292 0.330435967445374 0.252381762862205 0.257275420427322 0.303716762363911 0.146536663547158 0.145317258313298 0.125113028474152 0.17294460721314 0.232990907132626 0.228522373735905 0.292069339752197 0.217267709970474 0.211300295591354 0.374830910563469 0.164852268993855 0.174616378545761 0.197871720790863 0.0673555010929704 0.113953243941069
0.320254787802696 0.32720713019371 0.316177451610565 0.293533650040627 0.298257301747799 0.295806121826172 0.377486252784729 0.387019383907318 0.307318530976772 0.28495737016201 0.280825170874596 0.284887236356735 0.294121944904327 0.282182946801186 0.282988539338112 0.277255477011204 0.279381816089153 0.388891664147377 0.429442501068115 0.0496298019774258 0.0110414670896716 0.0148784506949596 0.146499591320753 0.342968726158142 0.28787237405777 0.262133298814297 0.245752392709255 0.277927249670029 0.338789251446724 0.356572368741035 0.295727628469467 0.255910821259022 0.322293165326118 0.20248712003231 0.11692280266434 0.155460835248232 0.220501686632633 0.3462796241045 0.283350096642971 0.315015390515327 0.150721764191985 0.0988847840577364 0.120224682986736 0.0610202739015222 0.0646227343007922 0.298885737359524
0.296624058485031 0.297308450937271 0.303108930587769 0.286133055388927 0.289583283662796 0.28711986541748 0.28800672441721 0.29746228903532 0.290866039693356 0.278488232195377 0.274184058606625 0.277593125402927 0.204197666794062 0.274621516466141 0.312887565791607 0.276030758023262 0.277935317158699 0.319119493663311 0.131343404948711 0.0241130947135389 0.0370813968591392 0.287725061178207 0.295204439759254 0.280801625549793 0.376817631721497 0.263610845804214 0.238691519200802 0.23946895301342 0.219658333063126 0.370267140865326 0.324563738703728 0.4191046833992 0.237740334868431 0.308683559298515 0.315492671728134 0.307462127506733 0.224860323965549 0.219070585072041 0.281067001819611 0.0390155382920057 0.060994709841907 0.119799355044961 0.135694912075996 0.157388180494308 0.167416695505381 0.126866433769464
0.283917164802551 0.290390215814114 0.276199482381344 0.276944296061993 0.285165427625179 0.284948544204235 0.286083333194256 0.284604287147522 0.284258528053761 0.276428711414337 0.257954621315002 0.267343625426292 0.27213152050972 0.271431918442249 0.265203961730003 0.394372248649597 0.236438025534153 0.276104831695557 0.0859357887879014 0.0129007884301245 0.228223626315594 0.274677914381027 0.279959703981876 0.278008046746254 0.504743629693985 0.343633061647415 0.254213897883892 0.241625535488129 0.254895354807377 0.272089441120625 0.288057765364647 0.212892019748688 0.218767747282982 0.237820418179035 0.38004347383976 0.230779357254505 0.291367249190807 0.678563433885574 0.515328422188759 0.178476499021053 0.302015851438045 0.129840162396431 0.206872041523457 0.261564256250858 0.115488826856017 0.12671111561358
0.27132140994072 0.293578371405602 0.283254194259644 0.28549585044384 0.281985765695572 0.286352890729904 0.333249834179878 0.447635641694069 0.0615307481959462 0.0638386350125074 0.28104535639286 0.265616646409035 0.269346106052399 0.267221346497536 0.266086594760418 0.153013615310192 0.332886905968189 0.0614657826721668 0.000836188302855589 0.0738872211426496 0.273414097726345 0.274911437928677 0.275227417051792 0.273114529252052 0.267763586342335 0.261030359566212 0.265681453049183 0.324666509032249 0.24909326583147 0.259483353793621 0.225112421810627 0.259545680880547 0.242700992524624 0.232550865411758 0.224902130663395 0.225191903114319 0.291445867717266 0.258464242517948 0.0662732305005193 0.00451524995733052 0.0112666206492577 0.240626007318497 0.212675524502993 0.129137567430735 0.101713788509369 0.427983567118645
0.267603068053722 0.280916267633438 0.289116698503494 0.275626792013645 0.359388449788094 0.300850000977516 0.168421031534672 0.050827039219439 0.0694547461345792 0.068820826895535 0.360937386751175 0.267549373209476 0.265224738419056 0.41749025285244 0.270271278917789 0.401763600111008 0.272450961172581 0.064162620715797 0.0484499976038933 0.346066012978554 0.269632202386856 0.274569357931614 0.271226994693279 0.270826800167561 0.266492275893688 0.338514104485512 0.196659746021032 0.260838024318218 0.256782993674278 0.244622893631458 0.243011832237244 0.254632784426212 0.237094071507454 0.233344946801662 0.235727623105049 0.24036758095026 0.222246773540974 0.333565285801887 0.340007281303406 0.243082924187183 0.131297131627798 0.152286157011986 0.0823014032095671 0.380096107721329 0.282254110276699 0.26836609095335
0.285480612516403 0.363284409046173 0.41440900862217 0.296152773499489 0.335364346206188 0.179585033655167 0.424853745102882 0.437528166174889 0.257933881878853 0.258957535028458 0.259382906556129 0.365197655558586 0.267847290635109 0.273578569293022 0.277022206783295 0.277417127788067 0.394522453844547 0.0646462535485625 0.0640065247192979 0.204397916793823 0.271271912753582 0.272252476215363 0.270063154399395 0.265988440811634 0.283843497931957 0.330646687746048 0.252630807459354 0.247697252035141 0.245779570937157 0.242265096306801 0.241051283478737 0.238500970602036 0.238946628570557 0.235989293456078 0.271401561796665 0.240373845398426 0.217390877008438 0.211853934824467 0.204918809235096 0.408171796798706 0.340718761086464 0.163275425136089 0.120706751942635 0.417967745661736 0.379117508232594 0.33766006976366
0.298745055496693 0.444955530762672 0.311175252497196 0.294579158723354 0.352517004311085 0.999976193904877 0.0154186070896685 0.492086350917816 0.262554034590721 0.339496782422066 0.460902580618858 0.264160199463367 0.269892628490925 0.277901954948902 0.278789775073528 0.279787804186344 0.258986085653305 0.0181322258431464 0.244915421307087 0.255929702520371 0.264773112535477 0.265067248046398 0.26274601817131 0.356032791733742 0.574091857671738 0.287240162491798 0.248033295571804 0.249133060872555 0.248065933585167 0.244694030284882 0.328729073703289 0.272714304924011 0.260323964059353 0.205524884164333 0.237162838876247 0.296229554712772 0.218462941050529 0.223723977804184 0.220535397529602 0.241673064231873 0.516879972815514 0.327252669632435 0.241564366221428 0.17310186624527 0.427316385507584 0.17745464220643
0.435870191454887 0.225831672549248 0.404512107372284 0.313866403698921 0.616451859474182 0.352008146047592 0.636989033222198 0.278141975402832 0.383971408009529 0.262518914043903 0.261387328803539 0.264092680811882 0.271254447102547 0.277724562585354 0.279616692662239 0.274826841056347 0.3904964864254 0.346162080764771 0.265008915960789 0.262794524431229 0.259982867538929 0.260363827645779 0.258203926682472 0.342703279852867 0.237811733782291 0.242844890058041 0.248904258012772 0.247655193507671 0.464488381147385 0.467213368415832 0.410245236754417 0.403678300976753 0.303133888542652 0.335625699162483 0.338039845228195 0.246352903544903 0.227517549693584 0.238926501572132 0.216010808944702 0.189316983520985 0.226525723934174 0.252969816327095 0.276095709204674 0.159600748866796 0.383696722984314 0.139936021715403
0.328753355145454 0.419747063517571 0.285579393804073 0.325278100371361 0.149434563517571 0.216856701672077 0.280918426811695 0.280584461987019 0.274059735238552 0.268394802510738 0.265789741277695 0.268304245173931 0.271973498165607 0.276826433837414 0.280531947314739 0.279540665447712 0.277073292434216 0.271664842963219 0.266681003570557 0.261558286845684 0.257640714943409 0.256051224470139 0.371843072772026 0.310526522994041 0.23682636320591 0.244165198504925 0.24889382570982 0.413054871559143 0.271694545447826 0.251242126524448 0.260019275546074 0.252706798911095 0.245403490960598 0.245110832154751 0.242151150107384 0.239767424762249 0.235732825100422 0.227847565710545 0.217352794110775 0.210470803081989 0.195121228694916 0.337577685713768 0.173226252198219 0.163416934013367 0.150865595787764 0.105845605581999
0.34769526720047 0.351214557886124 0.359910276532173 0.482424998283386 0.535669237375259 0.38784247636795 0.416604793071747 0.284803493320942 0.278979130089283 0.275311353802681 0.272826458513737 0.134120811522007 0.275004521012306 0.27732245773077 0.281800125539303 0.286530576646328 0.284158876538277 0.274998691678047 0.270574769377708 0.261297297477722 0.257217825949192 0.281464484333992 0.243563498556614 0.240590853989124 0.237058371305466 0.238001604378223 0.241716793179512 0.352219688892364 0.297153291106224 0.253670571744442 0.256102547049522 0.253768309950829 0.249377237260342 0.246800465881824 0.245794512331486 0.240041106939316 0.235508109629154 0.232852967083454 0.228872984647751 0.217430940270424 0.209477776288986 0.204005841910839 0.20875937640667 0.190948760509491 0.172194693237543 0.11304101832211
0.347262486815453 0.34672184586525 0.418112531304359 0.628906515240669 0.308122871816158 0.0378946938551962 0.13853746727109 0.291350887715817 0.286569225788116 0.282161997258663 0.278631141781807 0.277526497840881 0.278016103804111 0.28069673627615 0.284904791414738 0.287145774066448 0.251589508354664 0.370960685610771 0.272278763353825 0.263063041865826 0.254439154267311 0.299363030493259 0.32658403813839 0.238292522728443 0.233504757285118 0.235455711185932 0.241691067814827 0.248240178823471 0.221410170197487 0.258287015557289 0.260830034315586 0.259518142044544 0.256532041728497 0.250477510690689 0.247611685097218 0.246820689737797 0.244562341272831 0.228407131135464 0.224326378107071 0.222612446546555 0.213156110048294 0.162392238527536 0.143214477971196 0.208917088806629 0.157313723117113 0.107077486813068
0.336162379384041 0.334634405374527 0.814733380079269 2.28477542181693e-05 0.49918692111969 0.407532101869583 0.301498398184776 0.296592819690704 0.292275078594685 0.288287159800529 0.284643113613129 0.286019551753998 0.282547977566719 0.284534892439842 0.28828679472208 0.283928354084492 0.286614817380905 0.39846825003624 0.270362888276577 0.263885280489922 0.252784679830074 0.249795961380005 0.32054199129343 0.239877484738827 0.284967800974846 0.241004699468613 0.246667325496674 0.550993371009827 0.24233034402132 0.257759031653404 0.260554823279381 0.260256254673004 0.258334638178349 0.255127215385437 0.251211695373058 0.25063600987196 0.25005089789629 0.259226171672344 0.246074309945107 0.236820295453072 0.239986197650433 0.213800558447838 0.103037322312593 0.108875297009945 0.068463559448719 0.00184043742483482
0.32759020626545 0.36405276954174 0.41623802036047 0.00486662304465426 0.3710673391819 0.313915944099426 0.307670098543167 0.300318363308907 0.293680748343468 0.290844003856182 0.271183758974075 0.292233270406723 0.286824831366539 0.287529954314232 0.290762038528919 0.289113914966583 0.290552109479904 0.477400854229927 0.272658675909042 0.262614418566227 0.212586541473866 0.380776262283325 0.28544989824295 0.262812127172947 0.34294154047966 0.401645648479462 0.522362992167473 0.319869491457939 0.255400668084621 0.257682493329048 0.258806400001049 0.259483832120895 0.258938917517662 0.260152864456177 0.256100070476532 0.238108965754509 0.47047393321991 0.37225675880909 0.246862009167671 0.240910220146179 0.233525474369526 0.226592339575291 0.168897458165884 0.00398546533106128 1.32449834679971e-06 2.89946054188306e-06
0.325120523571968 0.321574836969376 0.524914339184761 0.468140265345573 0.31004458963871 0.307233482599258 0.302243041992187 0.297988757491112 0.294919273257256 0.292989477515221 0.164365564286709 0.298201343417168 0.29120772331953 0.294956651329994 0.299741524457932 0.289279793202877 0.335637420415878 0.399126747250557 0.279269608855247 0.132048890180886 0.128436265513301 0.396541182696819 0.380235716700554 0.298651643097401 0.253998136520386 0.25222275108099 0.2500692486763 0.253440557420254 0.257216662168503 0.259518904983997 0.260151347517967 0.262555767595768 0.263068968057632 0.26141822040081 0.233016343414783 0.256804855167866 0.289931632578373 0.736283451318741 0.250305685400963 0.242998334765434 0.179421181231737 0.227399069070816 0.170280878990889 2.65715727887361e-06 1.92725178385089e-06 0.0390547705814242
