Scripts_&_data/Maxent_result_files_2/B_consobrinus_2.asc
NCOLS 594 
NROWS 330 
XLLCORNER -15 
YLLCORNER 23 
CELLSIZE 0.166666666666667 
NODATA_value -9999 
[rows 120 to 139 of 330, columns 484 to 527 of 594]
4.93635817622184e-07 1.71693461465949e-06 2.34494595170442e-06 2.92657194504997e-06 2.28990897102044e-06 1.51447346286915e-05 3.42855118482532e-06 1.42204148918523e-05 1.12829144027771e-06 1.07366255787111e-06 1.33616941273562e-06 3.78204214497302e-06 2.09179922037173e-06 8.47606456033656e-07 6.97833238960666e-07 3.73909531337091e-07 9.95032472795865e-06 5.76772260008074e-07 4.15304491206969e-06 2.92038194038557e-07 6.12805838717811e-07 2.08723601380356e-06 1.83577708062987e-05 1.44663127391587e-06 7.8494221154024e-07 8.4336895964654e-07 4.92276344898901e-07 1.13407948312272e-06 1.88349655316777e-07 7.57652566063527e-07 7.02410509378915e-07 3.97179130429137e-07 3.30217811739253e-07 3.18225622097934e-07 1.56566974691685e-06 1.69156653899716e-06 1.42106191385327e-06 1.74971075886932e-06 3.50163617017785e-06 1.90318650881149e-06 4.36517528097369e-06 2.81243745470228e-07 1.22369757509233e-05 3.16620674575052e-05
2.31490375013355e-07 3.86726628014422e-06 4.10295103780989e-06 2.10597562387838e-06 8.76745846423166e-07 9.63186931834947e-07 2.29724500562245e-06 7.94217720900825e-07 4.64642586639474e-07 3.81777677660455e-07 2.51013828799218e-06 6.63359271302344e-07 6.02986397046923e-07 2.56933460207609e-07 1.16774928193841e-07 1.19344416682488e-06 9.65085208293193e-07 7.79694833337175e-06 9.64719657414736e-07 4.00140425769191e-06 9.06508611597801e-07 5.60048062392404e-07 2.96276975872978e-06 5.17029336325692e-05 1.06328095658359e-05 2.91985335517664e-06 1.93122023506298e-07 1.17899804280563e-06 3.31293960786905e-06 1.10589403959915e-06 2.28999095985838e-07 1.29586918933278e-06 2.16332819835685e-07 6.84892332536435e-06 1.20674415881039e-06 1.29992991970695e-07 1.50686454181148e-07 2.42823284468674e-07 3.72790713165649e-07 4.81130285789888e-07 5.32969372568637e-07 4.91531614976726e-07 3.56649345856219e-07 4.39313948707998e-07
1.03172652177186e-07 9.26398136114059e-07 1.08190564492849e-06 9.58164146103169e-07 7.45111063027437e-07 5.24559895320742e-07 1.14610539270199e-06 1.6200079351214e-06 6.29219440440032e-07 4.34193896614588e-07 3.40561333819878e-05 3.58965018865121e-07 4.49153568815586e-07 1.56176572374545e-07 1.34963878586358e-06 1.30424404213292e-06 1.85854732924762e-06 4.19489087843949e-07 3.81167688461304e-06 3.20164043687843e-07 1.34944768133138e-06 1.73569552697206e-07 2.32209251824322e-05 4.85774545286866e-06 1.73870262487608e-07 5.99463028427838e-07 1.59382395705787e-06 4.34546647298806e-07 3.29520109010328e-07 1.38130662628244e-05 7.61352504141666e-07 4.50843947774615e-07 1.45064580114873e-06 5.70251718168269e-07 9.14183729583407e-07 2.77478758764493e-06 2.2885443009546e-07 3.83301568418482e-07 1.13581300424936e-06 4.57773941253681e-07 3.80740704875038e-06 1.24950967507198e-06 3.02391372775102e-07 3.62739127912626e-07
9.2305965141426e-07 4.71896258646964e-07 6.20481714186383e-07 1.62064887798685e-06 5.02868992917627e-06 8.62869457562976e-07 2.58007505649083e-07 2.36807496676317e-06 2.35342662091575e-07 1.06013197547217e-06 8.18993019313652e-07 4.89828840111173e-07 2.71432076659472e-06 1.4374595216804e-06 1.12552511876141e-06 7.14125785128417e-07 1.19297377809691e-07 6.6920289998329e-08 1.07942263716243e-07 1.68228899022349e-07 3.95436283018302e-07 1.13972204072166e-06 4.67879422073381e-05 1.09195651153415e-06 3.13864063006264e-07 1.87440344712186e-07 1.27546661232714e-07 3.63315848215251e-06 6.58708226062288e-06 6.75833983165841e-07 3.36294797920189e-06 4.74718218903547e-06 1.6696880151823e-07 8.65048977238825e-07 4.78669728449788e-06 4.23871850907531e-07 8.85071450906771e-08 5.14870792023281e-07 7.70532954308401e-07 2.94623183242138e-05 5.22727556717673e-07 8.66122867004826e-07 1.16268094277894e-06 1.4203329588236e-06
1.40348866140005e-07 1.90972121472122e-07 1.20586433483005e-07 1.87233001900378e-06 1.42132483786916e-06 1.69545600764431e-06 2.7902296894089e-07 1.10876858239184e-07 5.95495936217549e-07 2.43167636615471e-07 3.87588837658104e-07 1.0102385282762e-07 9.72991827374869e-07 4.62764637054747e-07 4.90784507967135e-07 2.02477129540579e-07 1.59089878315477e-07 6.38558674714851e-07 9.02852751227812e-08 1.00699352134637e-07 7.99353339742126e-07 4.9479545669584e-07 1.82020251191517e-06 2.45727822953956e-06 1.48156067598659e-06 3.65030533411304e-07 7.27620827256636e-07 4.70468915259037e-07 1.1017259003987e-07 2.2214853884206e-07 1.23186636469264e-07 3.04772428705302e-07 9.94367501727655e-07 3.60131644216999e-07 7.69777175813058e-07 2.47390895535826e-07 1.11070861525953e-06 9.89479547364169e-07 6.21612332463162e-07 2.53921785509092e-07 1.33100135923936e-07 4.63984309784227e-07 2.85644910713589e-07 4.35392713660221e-08
2.10664550470696e-07 2.46596025132995e-06 2.42739535771808e-07 2.17013081105222e-07 8.10119064931225e-07 1.02983920384769e-06 7.29289341228068e-07 3.68472862311009e-07 2.18934232942836e-07 1.17339968130903e-07 2.2880394671132e-07 2.43826224377575e-07 1.49090071288605e-07 3.11186246926276e-07 5.21628957395048e-07 8.36790931180165e-07 4.60662199652795e-07 1.71163174655931e-07 1.12271383623241e-07 6.85894965712919e-08 1.21005601627644e-07 1.13994686445906e-07 3.00654662499511e-08 2.62466667289019e-08 1.11034744176841e-08 5.1233299558362e-08 1.93684660487747e-07 2.29670574638519e-06 3.03058131057021e-07 1.00515380874189e-06 8.97847604153235e-08 4.07855147388503e-07 1.85013214659691e-07 3.01177010231246e-07 1.3617068486127e-07 2.02577239161172e-07 1.06123982407391e-06 2.89533578756718e-07 3.56893591438867e-06 9.64931156044457e-07 4.86126061662873e-06 1.63767539674842e-06 8.16237907330653e-07 5.21875282444295e-07
3.50014291914391e-06 3.70736750487932e-07 2.31847926457363e-07 5.63852231283413e-07 1.23040951760522e-07 8.76561777829465e-08 7.20300268819418e-07 2.97016528305605e-07 1.94494435279413e-07 1.67273458895334e-07 4.49655412582128e-07 1.17386330876768e-06 6.84698519048954e-07 1.70192923276691e-07 2.82158374087516e-07 4.58414381898642e-08 8.27693563687504e-09 3.88941068718562e-07 1.62688053484406e-07 6.39171121030735e-08 3.35715251109647e-07 7.31888074034792e-08 3.67989298477589e-08 4.10117104721053e-09 5.89823969665559e-09 2.21605832428917e-07 4.61920031202823e-07 1.27774558950078e-06 2.14298875778063e-07 3.38162599144987e-08 4.68463262182084e-08 1.60865802090182e-07 1.51072480311099e-06 3.85570515823996e-06 8.25234181878187e-07 2.09440728893284e-07 6.4712463199168e-08 2.03307637225425e-06 3.98131261256651e-06 1.66518892235068e-06 2.54570076019256e-07 1.29701229056867e-07 1.06924816400955e-07 3.75055610659647e-06
1.71417632055526e-07 7.88635203807786e-09 3.60089938977737e-09 8.33969204805385e-09 5.1765776543089e-08 2.83582313442832e-07 7.89185066207843e-07 4.1300428778035e-07 2.95040841962191e-06 5.91820339828075e-06 1.02510544552903e-07 1.00378595574435e-06 1.31277439152644e-07 3.83644962032026e-07 3.18916879371578e-07 1.13911616461682e-07 8.26562931433017e-09 4.24602708548605e-09 8.97813640654554e-08 9.92794438214872e-08 4.46942014287188e-08 1.48990583570541e-07 9.22493994526263e-09 7.08439823471352e-09 1.84209668629975e-09 3.88023305708529e-09 5.44481665309959e-09 2.66227477840886e-09 2.74446764203518e-09 7.1144615088059e-09 2.56368750894964e-08 3.38794568643941e-07 6.98670007248659e-07 7.20299419465498e-07 5.35618797492532e-07 1.61327961371027e-06 2.03128394171692e-07 4.15123337149659e-08 2.08431766479666e-07 3.57852796950553e-08 1.66787091471221e-07 2.64534915916936e-07 1.21885824355683e-07 2.08223240327765e-07
1.66425623282507e-09 4.93989878891377e-08 3.87595388118278e-08 4.88473994364469e-08 7.92512448999361e-08 3.02724670009358e-07 1.67552956642503e-07 4.36899671329982e-08 1.01756487891347e-07 2.44853186848193e-07 8.07110384082321e-09 1.73543042569779e-07 4.15249129193107e-08 3.87954601255291e-07 4.0601851944988e-07 3.38637288443966e-07 1.58688129303641e-08 9.01748725690155e-09 2.58963109178723e-08 1.62903633038614e-07 1.53018125692572e-07 4.75638074481921e-09 1.07729246634491e-09 2.5711091589109e-09 5.83993925440396e-09 1.95876240782766e-09 1.46751215623908e-09 2.59473665886745e-09 7.83553399941184e-10 5.91075954847753e-09 2.58053807211667e-09 3.92153485850866e-07 4.25554731242617e-07 5.32475514247732e-07 6.26755852606298e-07 1.62946247383999e-07 1.37773751407444e-08 7.28991412790592e-09 2.56560480638157e-09 4.15277651155677e-09 3.16043544223987e-08 1.21932157703952e-08 2.54477817374088e-08 8.32244337889421e-09
1.75219933451487e-08 2.6926178842146e-09 9.45458850099001e-09 2.83647457965941e-08 3.53666454366852e-07 3.54557546655698e-09 2.67991547842072e-09 1.23857901712654e-08 1.44769044085891e-08 3.81800447923908e-09 2.64371064595537e-08 2.68961034222137e-08 3.13869341961315e-08 9.17993431270858e-09 2.38079796988089e-09 2.33276603589516e-09 4.4006510768746e-09 4.71823061731769e-09 1.92811653310088e-09 3.96499815202844e-09 1.91567329776987e-09 6.3352497703395e-08 6.49049811118907e-08 2.40329484091362e-09 1.46493188690755e-09 1.2746473321279e-09 1.26737299543933e-09 1.89826091512302e-09 6.25094975226226e-08 1.20341951959091e-09 1.12807152508054e-09 1.3692557631062e-07 1.94230149774821e-07 7.11013168341879e-09 1.23391482431678e-07 5.64981200601444e-08 1.60843901531038e-09 3.10131892389265e-09 1.80363418644802e-09 3.17725221576914e-08 3.65473639685199e-08 9.66891523512814e-09 8.78862812525583e-09 1.2224417367257e-08
8.2727202747046e-07 7.75162908528415e-08 4.72560151787427e-08 4.62301186210379e-07 2.6244325079805e-08 1.3388747891474e-07 5.85826530685729e-07 8.34265256366429e-07 6.03109413601643e-06 5.18150522155203e-08 6.09621294667129e-08 2.12473261651525e-08 4.66416595346075e-09 2.16182538537169e-09 5.44680860414815e-09 1.22649890910154e-08 8.43264568173296e-09 2.79221316068501e-09 3.81921512193628e-09 2.40802433548737e-09 1.26368381314634e-09 1.14925718386338e-08 1.47438858899562e-09 1.43932842311401e-09 9.3975981441119e-10 1.21717869117077e-09 1.34415666375176e-09 8.58662407843269e-10 8.23333590194153e-10 3.19663973069595e-09 1.01162708210367e-09 1.32612986147862e-09 2.03571587364948e-09 1.73426867311477e-09 1.97898617493308e-09 7.61386986791734e-10 8.44613312622755e-10 1.9534443618241e-09 2.4624433603293e-09 1.33016687664522e-09 4.18936501045408e-09 7.47504184106518e-09 1.33840470484259e-08 7.59014259221758e-09
2.3177477326275e-08 6.4908307173539e-09 5.56184940436744e-08 5.13699683901692e-09 5.26965509006772e-09 7.89507017540103e-09 3.52568413353183e-09 2.21774769659788e-09 2.58858604551548e-09 2.5077531939921e-09 2.30692558389478e-09 3.56860440087203e-09 3.51190866387796e-09 4.29994191364358e-09 2.84642174275263e-09 1.86911914834553e-09 9.00272311143979e-09 2.86444412633813e-09 1.27294553786683e-09 3.68723750421296e-09 1.04382135157621e-09 1.06038222646987e-10 7.08060505782981e-09 1.40972372042469e-07 2.08870557405483e-08 1.48054408732889e-09 8.82305783989068e-10 8.90448637047569e-10 8.65389448989617e-10 1.02708615168368e-08 1.01736720159451e-09 1.65911732130652e-09 1.40601119635875e-09 1.3606870297167e-09 1.12694537035551e-09 3.09850427537839e-09 1.11922736856229e-08 3.05840496261922e-09 2.37219440757386e-09 6.97773094859855e-10 1.24374082144385e-09 2.89763605332283e-09 1.5564246370614e-07 5.32266063446585e-09
1.97060389117709e-09 4.90981020617731e-08 3.03123403044836e-08 4.28196743618159e-09 7.19952550687353e-08 1.86995803286294e-09 1.45419781771849e-09 1.76963785847306e-09 1.49559725715065e-09 2.97633784285267e-10 1.4173241580373e-09 9.31105270662869e-10 2.25861483960088e-09 1.60609056054639e-09 3.6392088231807e-10 7.10066505593687e-10 2.24932075187922e-09 5.05040043119465e-10 6.98736879467532e-10 5.24036669613537e-10 2.14171016477138e-09 3.76023867598718e-10 2.35991483021891e-09 2.30418150115597e-09 2.39644055710642e-09 1.08022121247942e-09 9.83712911128975e-10 9.89250059646452e-10 1.00439752070969e-09 1.56903448012002e-09 6.05257899355394e-10 1.03168880105642e-09 2.65146972155961e-09 1.24231372966577e-09 1.23853932665341e-09 5.24952914471299e-10 4.46166001921711e-09 4.14144135651995e-09 9.40822741934966e-10 1.28075050565002e-09 2.87099358731169e-09 1.75055802076329e-09 8.31372493070859e-10 2.06912829092687e-09
9.06349574947285e-08 6.98966489853792e-07 1.67011532714589e-08 9.07909170067001e-10 8.46010850263923e-10 1.31726233254525e-09 1.62502613587634e-09 1.43090684856517e-09 2.43482578543563e-10 4.28493440729483e-10 4.00140743872512e-09 1.0188701660141e-09 2.52067178241333e-10 5.56773960269652e-10 5.01301689048717e-10 3.46165807130205e-10 1.18877635513215e-09 1.64324198692611e-10 2.32557995083482e-10 1.26813778367207e-09 1.26970286506989e-09 8.32875879375194e-11 8.49836024108264e-08 1.58583697396075e-08 9.4308351128447e-10 9.58784818205771e-10 8.60490678711301e-10 1.40814481186524e-09 5.44241118838329e-10 1.58026584040627e-09 9.1432700299876e-10 7.86572085242909e-10 5.80228920465942e-10 4.68816019338902e-10 8.0279276559736e-10 1.07117187342354e-09 8.40710667748823e-10 2.09289097163889e-09 9.82795012038906e-10 7.85114295798195e-10 1.57472068718079e-09 7.15844150622758e-10 1.73274879999852e-09 1.75958495551853e-09
1.78133493045074e-07 1.10026050492706e-09 1.44896784570747e-09 9.07959396556635e-10 4.98181351726856e-10 3.65224021026123e-09 1.2594002285482e-09 8.98260454906819e-10 1.034499896857e-09 8.01656208082591e-10 6.87034218405103e-10 4.72163297349226e-10 4.00412802914474e-10 2.02698334783591e-09 4.32095648150721e-10 4.72443029142511e-10 3.69140407130431e-10 2.4486698224635e-10 2.80848971856429e-09 7.45114447919804e-10 3.38508920894043e-10 2.71884692537583e-10 2.85890827678159e-09 2.54994486637017e-09 1.49565605456203e-09 4.52027681951961e-10 8.35505620244703e-10 5.45476241953224e-10 5.95247939827459e-10 7.82556119904854e-10 7.35821992225993e-10 1.11339527597565e-09 1.98795235828442e-10 3.44809480967712e-10 3.99371891113276e-10 9.57010382052203e-10 1.07762097034669e-07 1.62942510484321e-08 1.2062612686492e-09 1.25624541880143e-09 8.04306155011147e-10 5.81461823134788e-10 9.49911749259513e-10 7.59386220572367e-10
9.07660346882722e-10 9.08919717268475e-10 1.26750577811308e-09 2.27621588244631e-10 7.6505398682869e-10 3.7187387613713e-10 9.34054034118503e-10 8.09341749175019e-10 8.84623785335492e-10 2.28339225305518e-10 2.59836785421186e-10 7.30875338028625e-10 2.9927363920379e-10 2.72954450153406e-09 4.16237744271797e-10 5.86712378680687e-10 1.36274966866523e-09 3.84321474644622e-10 1.06683178957567e-09 8.40812397484569e-10 7.65652619083568e-10 8.01261024196975e-10 6.23901563745477e-10 9.25790950567773e-09 8.29918789246875e-10 7.39955419160054e-10 2.30357041219875e-09 6.90441037676237e-10 1.09347018106831e-09 8.04366162565628e-10 2.57286780769306e-10 6.25845486545984e-10 6.92687807113401e-10 2.71092692738506e-10 6.84812861972972e-10 8.5109267411454e-10 8.02590860438102e-10 8.96873575406687e-10 1.00330567187612e-09 9.68208102580803e-10 1.01903608884513e-09 5.58094326308378e-10 1.04405872836111e-09 7.54989259998951e-10
8.81468564806198e-10 1.35277452573135e-09 3.63368235500872e-10 1.65108500205235e-09 3.50376216928794e-10 3.8549223813078e-10 6.64639210334883e-10 7.895833431526e-10 5.54466605962034e-10 5.8452677142995e-10 3.62990504321203e-10 3.51767193151886e-10 4.48451664691873e-10 3.8837089100241e-10 1.14509827175979e-09 2.08489048247884e-10 5.57984447535631e-10 2.42376607673123e-10 7.92507359737016e-10 7.95897980854221e-10 9.70138647193863e-10 9.38897637414726e-10 6.60069932045815e-10 7.6566716300519e-10 7.51247342112293e-10 8.96743101996833e-10 3.0753982804832e-09 7.82410469746253e-10 5.36032551679e-10 5.49807244176748e-10 5.65534541419055e-10 5.55169976657055e-10 5.46109291121866e-10 6.57191012720659e-10 5.85137382991263e-10 6.21508211562372e-10 6.6826298938949e-10 6.80010059372904e-10 7.60146412481788e-10 6.0011265956561e-10 8.19875833890649e-10 8.94566232201299e-10 9.00764873801307e-10 8.94935936468499e-10
1.23035401866645e-09 7.85390941171471e-10 3.4778770974242e-10 6.18006312791408e-10 1.04200481576555e-10 7.57411455776236e-10 1.62150703975072e-10 6.53975429365516e-11 5.66244640065605e-10 3.32136629310753e-10 3.50145035188376e-10 5.08783137842528e-10 8.02425859092182e-10 2.17006609348758e-09 4.96722685205953e-10 2.97902935653127e-10 5.20074872056853e-10 2.28445007355305e-10 1.14103300141721e-09 1.06446390590875e-09 1.68304359338123e-10 1.5257990093609e-09 7.61433815998913e-10 7.94829502215322e-10 6.98181712444068e-10 8.15929313002783e-10 7.30708893392773e-10 3.18961601575296e-10 4.67798710879208e-10 4.78217621058263e-10 5.61364743578707e-10 5.6966545924908e-10 2.83464973716008e-10 7.50379369751641e-10 3.07920222653024e-10 4.65155969298081e-10 5.17745379902124e-10 5.33279131964548e-10 5.44203049290815e-10 5.96569837973959e-10 6.60639021266007e-10 6.75762534818602e-10 7.83595643927271e-10 8.20258638789539e-10
7.41364436507297e-10 6.16736084424474e-10 3.82591280878586e-10 3.16356707497079e-10 7.00021662858319e-10 2.79367329270031e-10 7.00278146581468e-10 2.48327480800725e-10 4.82564754822334e-10 2.29492380654506e-10 4.25497082012782e-10 5.39371924901388e-10 7.40291639100832e-10 3.727963271416e-10 3.63937091574229e-10 3.70378472336341e-10 9.17355602592096e-10 5.66162527970704e-10 9.84736892029048e-10 2.38278674569159e-10 2.42327657939967e-10 1.2211234357018e-09 1.00111970935401e-09 1.22732988216967e-09 1.1378578945731e-08 2.62302612963339e-10 1.5657540819447e-10 4.93505369902891e-10 3.47190109994955e-10 5.46116629696058e-10 3.0267170991749e-10 7.25938098522505e-10 3.31672000974947e-10 6.44698672225275e-10 5.37256317212353e-10 2.35688735195083e-10 1.52077928028405e-10 7.79810627182798e-10 9.25228726966765e-10 6.27304741485091e-10 4.74608818912259e-10 2.49166542953816e-10 6.62923171912411e-10 7.05418523594403e-10
8.39740699198899e-10 3.62301577627733e-10 5.0518319527626e-10 6.14598960613222e-10 1.95307281458668e-10 3.9139609331329e-10 6.23715190606333e-10 1.93693527883454e-10 5.13383136002687e-10 8.60180260353616e-11 2.18491924552922e-10 5.00275554315976e-10 3.70971131591347e-10 3.64974050981459e-10 8.8996532365826e-11 6.16401163444635e-10 6.60216126213697e-10 6.47451903201812e-10 8.53888593166374e-10 7.60235063790304e-10 4.10476863610398e-10 9.73615599253463e-10 4.76289330197943e-10 3.09893233296776e-10 4.88832718748e-10 2.7291295889853e-10 3.70078523381778e-10 3.39793615466988e-10 4.62114224664134e-10 4.3846112296464e-10 3.08357950284943e-10 2.98357449857178e-10 2.06812722503003e-10 2.89364399108649e-10 2.88032464546006e-10 3.8878568142664e-10 2.85073886718834e-10 3.63076346765467e-10 3.897811740039e-10 4.10116041127395e-10 4.28951407727141e-10 4.69587946305694e-10 5.39312972058781e-10 6.36949448740154e-10
