Scripts_&_data/Maxent_result_files_2/B_confusus_2.asc
NCOLS 594 
NROWS 330 
XLLCORNER -15 
YLLCORNER 23 
CELLSIZE 0.166666666666667 
NODATA_value -9999 
[rows 120 to 139 of 330, columns 230 to 275 of 594]
-9999 -9999 -9999 -9999 -9999 -9999 0.142012818157673 0.103267894685268 0.142164674773812 0.113495806232095 0.320030158758163 0.348581248521805 0.545294922590256 0.27615981400013 0.125722873955965 0.396233054995537 0.260677444934845 0.49470719397068 0.429353687167168 0.412508550286293 0.303438892960548 0.328626546263695 0.376004666090012 0.339108629524708 0.329932597279549 0.0269824058748782 0.250541363749653 0.0166536256438121 0.00504609621275449 0.722597593069077 0.199981997907162 0.0679695755243301 0.0729655792936683 0.0750052684918046 0.0769117621704936 0.0905797779560089 0.167769151926041 0.163759984821081 0.150757004320622 0.362933859229088 0.256337606906891 0.245266192406416 0.131268841028214 0.291300269961357 0.402330812811852 0.225932689011097
-9999 -9999 -9999 -9999 -9999 -9999 0.323090940713882 0.125117089599371 0.269778044521809 0.246141640841961 0.407004338502884 0.279721526801586 0.248947900533676 0.314369663596153 0.468818786740303 0.406550219655037 0.435787212848663 0.404533916711807 0.182829691469669 0.340929737687111 0.374276483058929 0.0871511142700911 0.120228021964431 0.100522667914629 0.316434621810913 0.425725272297859 0.437459433078766 0.648792779445648 0.522452363371849 0.369368860125542 0.272739781439304 0.274621245265007 0.337451907992363 0.31028948277235 0.279456239938736 0.148720582015812 0.0863427314907312 0.396892866492271 0.307974798977375 0.31167151927948 0.304749208688736 0.326926669478416 0.249087228998542 0.351893398910761 0.100377030856907 0.151724298298359
-9999 -9999 -9999 -9999 -9999 -9999 0.0572001252323389 0.354086065292358 0.428145888447762 0.312958797812462 0.202755568921566 0.362301948666573 0.327972337603569 0.333000642061234 0.381364020705223 0.414749911427498 0.340154895186424 0.457584539055824 0.242415456473827 0.412495225667953 0.290450759232044 0.109910472482443 0.0797956546768546 0.0870412975549698 0.306960466504097 0.31978168040514 0.145955087244511 0.676537299156189 0.455357277393341 0.361358833312988 0.704071027040482 0.313892830908299 0.522509987652302 0.415599021315575 0.308101232349873 0.100059812515974 0.131091725081205 0.117621409893036 0.649155169725418 0.710460704565048 0.363919407129288 0.315326367877424 0.351379018556327 0.0135841779891052 0.0728448299691081 0.574745338410139
-9999 -9999 -9999 -9999 -9999 -9999 0.135685361176729 0.426706400513649 0.307352769374847 0.312349939346313 0.188273324072361 0.322092792391777 0.326802207529545 0.500046274065971 0.377192607522011 0.387510743737221 0.375262635946274 0.357399785518646 0.429967576265335 0.423247337341309 0.175978347659111 0.331759718060493 0.270448306202889 0.322627115249634 0.320103281736374 0.221487228572369 0.304090601205826 0.543950390815735 0.553750115633011 0.592232745885849 0.414346051216125 0.373184938728809 0.579460118710995 0.13858607262373 0.0779624681919813 0.120021246373653 0.100134366564453 0.0858346607536078 0.321043975651264 0.424434185028076 0.177438990026712 0.244621017761529 0.189682984328829 0.155004456825554 0.00794151664013043 0.0804933646460995
-9999 -9999 -9999 -9999 -9999 -9999 0.0348947763442993 0.417075869441032 0.381497168540955 0.252314674854279 0.186257053911686 0.24913505166769 0.28246153742075 0.188932690769434 0.0966208882629871 0.174008257687092 0.186276450753212 0.138716056197882 0.372651517391205 0.427443879842758 0.505511060357094 0.436001253128052 0.350945156812668 0.371382540464401 0.366497659683228 0.217436102032661 0.383312448859215 0.631552878022194 0.826304167509079 0.647446721792221 0.417501580715179 0.461196610331535 0.383908669650555 0.135913146287203 0.114290203899145 0.324985420703888 0.169618335366249 0.27660463154316 0.333766357600689 0.392572423815727 0.34737653862685 0.0391987924114801 0.174643335491419 0.0114504589524586 0.00346371023260872 0.0182428147367318
-9999 -9999 -9999 -9999 -9999 0.318492144346237 0.382773704826832 0.138569913059473 0.177956276386976 0.45018522143364 0.244191694259644 0.081037151440978 0.0700693219900131 0.0659066502004862 0.221513597667217 0.183382222801447 0.162652979791164 0.345970845222473 0.445405414700508 0.606964194774628 0.502330163121223 0.124125488847494 0.43690033853054 0.448134458065033 0.760789892077446 0.486928355693817 0.518630158901215 0.629598078131676 0.748445856571198 0.365612044930458 0.404726335406303 0.398849725723267 0.410660541057587 0.350256383419037 0.380557277798653 0.387730306386948 0.407712325453758 0.420802775025368 0.73478416800499 0.401724678277969 0.129897508770227 0.313494851067662 0.0785804502316751 0.109215615084395 0.102217446477152 0.0136985294753686
0.836751434206963 0.299653355777264 0.10044773593545 0.773967507481575 0.76943364739418 0.497658158838749 0.577060368657112 0.436522081494331 0.127145433425903 0.332070350646973 0.353347471356392 0.211778619885445 0.167303508520126 0.0867443144321442 0.0498876713216305 0.0812395844608545 0.217934258282185 0.283436970412731 0.415527081489563 0.288209652900696 0.424149265885353 0.177808877080679 0.450497516989708 0.428586611151695 0.418038511276245 0.59507001042366 0.656411916017532 0.431320467591286 0.630181469768286 0.652020969241857 0.520699188113213 0.249175988137722 0.485932436585426 0.41144140958786 0.313505965471268 0.25180386453867 0.312277440726757 0.17741616666317 0.3379508882761 0.375713580846787 0.0478400425985456 0.407895769923925 0.244549702573568 0.222698502242565 0.138017316907644 0.0136823589680716
0.743944036960602 0.472247475385666 0.548018270730972 0.628947937488556 0.244675512611866 0.362582916021347 0.432863906025887 0.167377206683159 0.576865085959435 0.51019052863121 0.566883671283722 0.288643546402454 0.29578842818737 0.245945426821709 0.220715326070786 0.283323948085308 0.240810167789459 0.376044398546219 0.497012940049171 0.465060183405876 0.344155932962894 0.192198478803039 0.509846594929695 0.541450816392899 0.593710035085678 0.675793761014938 0.728261923789978 0.303284882009029 0.357971024140716 0.28803042024374 0.307182225584984 0.265460774302483 0.391585946083069 0.113354398310184 0.0642568645998836 0.0171904728515074 0.0717790484428406 0.0192997768055648 0.211286601424217 0.241507251560688 0.413599440455437 0.270077611505985 0.141256303992122 0.116529001668096 0.0560214588418603 0.0514199801720679
0.873265069723129 0.800581121444702 0.696635991334915 0.779582262039185 0.716346788406372 0.607094067335129 0.592156583070755 0.582732051610947 0.456914186477661 0.122380591928959 0.49554885327816 0.344384908676147 0.325920471549034 0.382353277504444 0.103951828926802 0.431167393922806 0.287829984724522 0.414444404840469 0.10979816429317 0.0464370432309806 0.598399895429611 0.618736052513123 0.687179470062256 0.73454230427742 0.703601831197739 0.424033191800118 0.38669947385788 0.461090737581253 0.243213799409568 0.114967055711895 0.104467174783349 0.0794971253722906 0.376305839419365 0.0534167451784015 0.0557713183574379 0.0786354384385049 0.0175220436416566 0.0685920842923224 0.0897811643779278 0.110812353342772 0.630625057220459 0.460484051704407 0.0683413764461875 0.114991894364357 0.241714792698622 0.227275594836101
0.877579951286316 0.835672318935394 0.910814213752747 0.696379029750824 0.895585739612579 0.856034737825394 0.813157802820206 0.661481034755707 0.639168924093246 0.498969250917435 0.16001432724297 0.145936188474298 0.360583226382732 0.443998473882675 0.408386242389679 0.370648631453514 0.409703543782234 0.430454280972481 0.468388903141022 0.354422114789486 0.620321983098984 0.742480093240738 0.610734575986862 0.51914381980896 0.117240200191736 0.422130697965622 0.43296106159687 0.515045419335365 0.517597240209579 0.148456707410514 0.0937354739755392 0.0760222170501947 0.0816010399721563 0.0782605592161417 0.0855537690222263 0.0560229850932956 0.0527975181117654 0.0426714744418859 0.114860347285867 0.283906206488609 0.566393291950226 0.805349612236023 0.52350158393383 0.529804486036301 0.290005911886692 0.258111184835434
0.916514700651169 0.894965159893036 0.875488257408142 0.84049728512764 0.889977395534515 0.707756698131561 0.894424480199814 0.884617578983307 0.580234864354134 0.545288500189781 0.507833936810493 0.528118371963501 0.322320911288261 0.437224999070168 0.337663316726685 0.426326677203178 0.472890156507492 0.564671343564987 0.491406041383743 0.585790595412254 0.702909874916077 0.332433764636517 0.476765540242195 0.337077276408672 0.366608995199203 0.328554986417294 0.329323200881481 0.399589481949806 0.32279966622591 0.163274748623371 0.110311223194003 0.0330786675214767 0.046177979465574 0.175741773843765 0.00797837283462286 0.0204523216001689 0.150393155962229 0.0459640512242913 0.102291005477309 0.0625762874260545 0.34954941868782 0.116734199970961 0.566553243994713 0.472939717769623 0.404683384299278 0.298586256802082
0.840029263496399 0.909164381027222 0.808352702856064 0.846509116888046 0.918990790843964 0.935331475734711 0.889710587263107 0.891074132919311 0.834213984012604 0.682935231924057 0.760995715856552 0.634975868463516 0.567510205507278 0.451639553904533 0.518533650040627 0.503938272595406 0.552708506584167 0.326667642593384 0.171495850384235 0.527354618906975 0.644514828920364 0.364464569091797 0.45995574593544 0.410199505090714 0.421964508295059 0.294461959600449 0.390513861179352 0.462480771541595 0.605124780535698 0.367430435121059 0.0194751475006342 0.125164922792464 0.0741509191691875 0.0400896163657308 0.0483448252081871 0.0492349807173014 0.00925978816812858 0.0799753203988075 0.0582904327660799 0.203984113037586 0.390381343662739 0.101595089584589 0.0873510589823127 0.105853110551834 0.219396386295557 0.0730614151805639
0.787987923622131 0.906260657310486 0.866036307811737 0.904251855611801 0.828374588489532 0.942610496282578 0.73721119761467 0.622172552347183 0.831762862205505 0.735200369358063 0.827742028236389 0.651457160711288 0.717747092247009 0.717637652158737 0.798590308427811 0.727718544006348 0.586609917879105 0.488122242689133 0.404150915145874 0.724996203184128 0.771445792913437 0.563480174541473 0.477749103307724 0.453564736247063 0.865697658061981 0.643417376279831 0.509128433465958 0.476693150401115 0.688766264915466 0.326300390064716 0.0922309262678027 0.0729136692360044 0.0582999158650637 0.0860869089141488 0.25658860206604 0.234507757425308 0.0733270488679409 0.0756184630095959 0.0533446131274104 0.087225342169404 0.0938487265259027 0.322691614925861 0.135852357745171 0.0463898167945445 0.069990224018693 0.0775519356131554
0.904417788982391 0.718034118413925 0.905235463380814 0.843106162548065 0.902641957998276 0.909070932865143 0.920647531747818 0.597510492801666 0.684418934583664 0.758243584632874 0.640137469768524 0.641058737039566 0.701552712917328 0.757479178905487 0.370514592528343 0.537183287739754 0.364276543259621 0.53507884144783 0.275849650800228 0.751125359535217 0.398642736673355 0.347396984696388 0.0800877165049314 0.203601072728634 0.596638685464859 0.698118245601654 0.571707981824875 0.537339866161346 0.699755752086639 0.627526301145554 0.277866581082344 0.0898533754050732 0.131881299242377 0.0210147870704532 0.0932935032993555 0.0508569083642215 0.0958497246727347 0.0203029799740762 0.253464752435684 0.279054428637028 0.342874851822853 0.133501420915127 0.296098630130291 0.418398064374924 0.295883274078369 0.0989096691599116
0.667312324047089 0.835137951374054 0.883925586938858 0.904420989751816 0.929284304380417 0.766432273387909 0.909071081876755 0.701517033576965 0.684662967920303 0.649987304210663 0.555551970005035 0.395829904079437 0.762559551000595 0.790866595506668 0.585288447141647 0.504654702544212 0.375932025909424 0.504319816827774 0.496871331334114 0.304867053031921 0.775070667266846 0.11989563703537 0.115547181665897 0.486094763875008 0.458452409505844 0.60905744433403 0.0265322240593378 0.0433122012764215 0.700546199083328 0.57381227016449 0.30488590747118 0.101823595166206 0.0622445203363895 0.23081731647253 0.231427890062332 0.115932703763247 0.117154039628804 0.316228932142258 0.55947479903698 0.181512513756752 0.350907734036446 0.0939941436052322 0.088671518675983 0.0773027591407299 0.105642279982567 0.428590715117753
0.808163583278656 0.767320370674133 0.849729192256927 0.919548290967941 0.882099378108978 0.899517565965652 0.775860613584518 0.640466552972794 0.737769448757172 0.811054289340973 0.79792355298996 0.68635887503624 0.843375742435455 0.756134414672852 0.630126804113388 0.56907103061676 0.172306351363659 0.402549180388451 0.458764046430588 0.347774904966354 0.354990428686142 0.25980060249567 0.229027306288481 0.522659972310066 0.765967792272568 0.793064206838608 0.409831535816193 0.580012339353561 0.518447777628899 0.674582326412201 0.346446433663368 0.243483377993107 0.271237571537495 0.25391281247139 0.30441684871912 0.684240002930164 0.319330081343651 0.529560622572899 0.561961835622787 0.165915647149086 0.354073518514633 0.29428004026413 0.222767110168934 0.338267210125923 0.449266302585602 0.139834299311042
0.853708684444427 0.895293390750885 0.781882905960083 0.892548668384552 0.839261418581009 0.785951340198517 0.784296721220016 0.78985161781311 0.782462102174759 0.753801321983337 0.781172263622284 0.728482615947723 0.621033445000648 0.182140625268221 0.13838394805789 0.236131959408522 0.617094320058823 0.494508340954781 0.80867338180542 0.639308601617813 0.398388934135437 0.747899258136749 0.399481907486916 0.4224583953619 0.603151744604111 0.629104572534561 0.822438877820969 0.633067381381988 0.471730199456215 0.105007596313953 0.41792508661747 0.287603248655796 0.268871988356113 0.0994676537811756 0.431551146507263 0.383401826024055 0.426644089818001 0.781920254230499 0.496086755394936 0.558879885077477 0.627064317464828 0.948722243309021 0.482656863331795 0.380726620554924 0.467603233456612 0.718927484750748
0.795991641283035 0.836784100532532 0.816198176145554 0.793456846475601 0.81387305855751 0.645237302780151 0.277529145777225 0.566301381587982 0.884361827373505 0.682964688539505 0.658279597759247 0.793448060750961 0.744969612360001 0.49652025103569 0.243732649087906 0.112434350699186 0.555406299233437 0.437475323677063 0.562503153085709 0.785954368114471 0.786832857131958 0.464605790376663 0.61404767036438 0.47509782910347 0.603056418895721 0.554022914171219 0.670916557312012 0.394907313585281 0.193574838340282 0.0753806047141552 0.377500462532043 0.399541473388672 0.548835635185242 0.434317496418953 0.130797582864761 0.514363861083984 0.426975584030151 0.626204782724381 0.65014500617981 0.548577216267586 0.695153146982193 0.483035153150558 0.600647431612015 0.413308298587799 0.710267746448517 0.767177355289459
0.282762172818184 0.796902102231979 0.781129515171051 0.99951229095459 0.543913659453392 0.427349779009819 0.619865387678146 0.769414758682251 0.622829151153564 0.662336474657059 0.857281774282455 0.651218348741531 0.846568858623505 0.643228906393051 0.552711796760559 0.508186864852905 0.53171381354332 0.461399677395821 0.451302525401115 0.3287652567029 0.250774304568768 0.0838390521705151 0.540833532810211 0.439416217803955 0.433083000779152 0.641920053958893 0.762709683179855 0.453584784269333 0.324106886982918 0.0531894721090794 0.181683533638716 0.32336114346981 0.0912471778690815 0.459587210416794 0.628838729858398 0.469882532954216 0.585295185446739 0.655612087249756 0.606819543242455 0.454860153794289 0.488494747877121 0.347783681750298 0.308959047496319 0.284939309954643 0.419322815537453 0.432729706168175
0.723656105995178 0.704329341650009 0.793232637643814 0.795399039983749 0.373630782961845 0.600401532649994 0.792858529090881 0.422946900129318 0.523116877675056 0.508698895573616 0.514909106492996 0.971434146165848 0.761927646398544 0.480667620897293 0.555415639281273 0.530156734585762 0.806722205877304 0.639181220531464 0.350389766693115 0.291395223140717 0.372525574266911 0.171048204600811 0.408682230114937 0.437462231516838 0.393991082906723 0.560041680932045 0.376640260219574 0.251485176384449 0.281774896383286 0.0694564322009683 0.0739291689358652 0.0537191236391664 0.294196511805058 0.349557957053184 0.35655552893877 0.454888206720352 0.75613266825676 0.510108116269112 0.699649006128311 0.399181282520294 0.654771667718887 0.406000289320946 0.081806793063879 0.223291249573231 0.235929302871227 0.375713622570038
