Scripts_&_data/Maxent_result_files_2/B_confusus_3.asc
NCOLS 594 
NROWS 330 
XLLCORNER -15 
YLLCORNER 23 
CELLSIZE 0.166666666666667 
NODATA_value -9999 
[rows 300 to 319 of 330, columns 138 to 183 of 594]
5.96571547717417e-10 5.55980350647189e-10 5.33756816523123e-10 5.82491421763365e-10 5.88771031928559e-10 6.40028430254347e-10 6.44716879882878e-10 7.62112395413794e-10 8.47305758888695e-10 8.97288743306746e-10 9.10369479800721e-10 1.06382248565851e-09 1.20698844252587e-09 1.16812778339082e-09 1.371265700989e-09 1.64444995398583e-09 1.55107278132505e-09 1.67672653539341e-09 1.98210957647049e-09 2.26396147384733e-09 2.50740879170763e-09 2.91591355505716e-09 3.19110048385696e-09 3.1512949694168e-09 2.54097470842041e-09 2.2374531338798e-09 2.13451737396397e-09 1.66902567322325e-09 2.43541758981891e-09 3.3765927942575e-09 3.30676983573142e-09 3.74726255580882e-09 4.49911494726507e-09 4.56482139865599e-09 4.21535275574314e-09 4.19557157904649e-09 5.07576166652868e-09 5.9184876111118e-09 5.94310629598027e-09 6.67635546847123e-09 8.03194722953648e-09 7.91121611554146e-09 8.22540360267965e-09 9.32073936921185e-09 1.21047833867571e-08 1.4236076739671e-08
4.54953164030769e-10 4.66580862834576e-10 4.5084460609246e-10 4.68096317263189e-10 2.62136345963171e-10 4.58030069427906e-10 3.95487875781697e-10 4.09568745585176e-10 4.17011158937441e-10 5.62532342929245e-10 7.59461527000127e-10 7.16707959647067e-10 7.90739407285912e-10 8.89494711220351e-10 9.00307228768327e-10 9.50988043868506e-10 1.25875678769205e-09 1.45147573960003e-09 1.88871985828953e-09 2.19690953207063e-09 2.28372906141416e-09 2.47574979406195e-09 2.64878007305569e-09 2.71854385669457e-09 2.55494166934156e-09 1.96674576624645e-09 1.7709605781846e-09 1.4731645792132e-09 1.78763126523762e-09 2.31359411628773e-09 2.75769728164121e-09 2.6239351247348e-09 3.01038889372052e-09 3.39431004414692e-09 3.27181162163015e-09 3.20762459926627e-09 2.71332960544157e-09 2.72183465765963e-09 3.25383351373887e-09 4.51047673655225e-09 5.00927963553721e-09 4.63914818782385e-09 5.88140816049076e-09 8.4346625128795e-09 9.86870478669744e-09 1.26891615326308e-08
3.81071241228881e-10 3.77986164590283e-10 4.02575883740042e-10 4.47435166694987e-10 5.16294662578076e-10 4.63015092933006e-10 4.36049685248463e-10 4.22445589620679e-10 4.698343936127e-10 5.94651294871795e-10 6.36879027293702e-10 6.43660724719553e-10 6.13763306844817e-10 6.59484811205147e-10 7.80849918058379e-10 1.07744433375245e-09 1.34228819170801e-09 1.52605483805246e-09 1.53232581068252e-09 1.64427189641714e-09 1.67900028325008e-09 1.96045983891224e-09 2.22683252948386e-09 2.2759218620827e-09 2.22819993567214e-09 1.9420344443688e-09 1.55940956814149e-09 1.45689645902891e-09 1.34303531629243e-09 1.63124693752792e-09 1.76419185926591e-09 1.85355885085059e-09 1.86466362350757e-09 1.63544848774677e-09 1.80283969974937e-09 1.80562370610815e-09 2.77406918658407e-08 1.199944144048e-09 1.35846007776053e-09 1.74370967664927e-09 2.40915645211004e-09 3.20771099682204e-09 4.13188824266442e-09 6.39522298451212e-09 9.96973127387335e-09 1.28849224734218e-08
3.36556849056535e-10 3.66171759580425e-10 3.81803677562686e-10 4.04865618808259e-10 4.26118196283909e-10 5.07553654660597e-10 4.90489215909662e-10 4.23329771237491e-10 4.13460432557855e-10 5.13535514112817e-10 5.89879078916056e-10 5.26206223039338e-10 4.69115690737709e-10 6.08782757538506e-10 8.40666136703305e-10 1.04904019915253e-09 1.25824710650591e-09 1.19107107510175e-09 1.28178038183435e-09 1.54656749629112e-09 1.71350118538527e-09 1.86282862468801e-09 1.78617370893974e-09 1.80796252413629e-09 1.77739000184474e-09 1.79100212438499e-09 1.51890745536676e-09 1.39465687887252e-09 1.42707550221388e-09 1.44635956544903e-09 1.23561672005223e-09 1.34852091715487e-09 1.43012803821563e-09 1.10940052699959e-09 9.12234054961658e-10 8.44575887004595e-10 9.12058628621537e-10 2.29051608013897e-08 3.60547803612832e-08 1.87224346026582e-09 2.82265768536405e-09 3.39531118775938e-09 4.1163929598298e-09 7.52808668735838e-09 8.90831101107992e-09 9.84027378470032e-09
3.02865832413346e-10 3.10109227186217e-10 3.48071338418521e-10 3.94820232063609e-10 3.67582653204579e-10 3.88638765613791e-10 4.47221248922602e-10 4.78664430314524e-10 5.26853660698379e-10 5.33270716474021e-10 5.54976753441849e-10 4.72225070158316e-10 4.98886509880947e-10 6.55518772596508e-10 8.95178597914992e-10 9.92690951662212e-10 1.07557891482202e-09 9.93882254274325e-10 1.20626694188886e-09 1.70661969001173e-09 1.89545811268843e-09 1.84295170235771e-09 1.66102909204824e-09 1.60046015329485e-09 1.61262548870056e-09 1.65353690739778e-09 1.50857087932721e-09 1.5614787685081e-09 1.52866956870668e-09 1.50287124967008e-09 1.65274927077519e-09 1.53256149992842e-09 1.33778673694351e-09 1.48964288682052e-09 1.49995118547963e-09 1.32617947734559e-09 1.41947403831111e-09 1.50383234753804e-09 1.60059816511904e-09 1.77072168039416e-09 2.22293640161908e-09 3.09178120883047e-09 4.9698151038946e-09 7.1734900020104e-09 6.88447442387385e-09 8.78548899185816e-09
2.69290789667309e-10 2.52360765617965e-10 2.76871026105852e-10 2.8910969174234e-10 3.11082881676583e-10 3.5650039587054e-10 3.8209645447651e-10 3.83010334559231e-10 4.10770961689622e-10 4.66182659142333e-10 5.11553888138394e-10 4.73235639564251e-10 5.64769098154727e-10 7.05154146185549e-10 8.42163672132301e-10 9.84167936035618e-10 9.75721270446428e-10 1.17096115026527e-09 1.37268671984714e-09 1.59712812974888e-09 1.58956747764449e-09 1.58701622954283e-09 1.53380511624945e-09 1.52667289921027e-09 1.53417771819875e-09 1.49905446944487e-09 1.49812335870081e-09 1.57844697312726e-09 1.65190677803295e-09 1.76264679518923e-09 1.86778482680339e-09 1.45236420667771e-09 1.50606475068926e-09 1.52495636118744e-09 1.5023957300464e-09 1.40458560338175e-09 1.51058684449978e-09 1.28935053744783e-09 8.30978181598496e-08 1.55127449774639e-09 2.75412900263561e-09 3.12773400512611e-09 4.34155444928308e-09 5.82825312456237e-09 6.58926403440674e-09 8.60454733020433e-09
2.557099199052e-10 2.31213559409582e-10 2.43427833446219e-10 2.26792362667538e-10 2.59007915115461e-10 2.96636792906924e-10 3.32879401820918e-10 3.67723029803813e-10 3.91903465235544e-10 4.35531810616396e-10 5.22430754212877e-10 4.68147043353184e-10 5.34105493166237e-10 7.59157114949005e-10 6.91344437253605e-10 9.73572644724641e-10 9.59771606634519e-10 9.23372966976643e-10 1.11976490302368e-09 1.16234752933764e-09 1.20230990718895e-09 1.32118811446702e-09 1.50004698662443e-09 1.51754153687733e-09 1.57313538862169e-09 1.62263332770252e-09 1.51634576006643e-09 1.59601607485627e-09 1.7437913557572e-09 1.8207084062638e-09 1.90784611442396e-09 1.61527612396739e-09 1.6851721351685e-09 1.85464138491298e-09 1.71665035519908e-09 1.74413831155462e-09 1.74741334735273e-09 2.80927767160044e-08 4.80257392521111e-08 2.35302961559825e-09 2.41171491666137e-09 3.24581933552892e-09 4.18722216899425e-09 5.60071480304458e-09 6.36296640932343e-09 8.1295129517045e-09
2.814768196302e-10 2.19955897939883e-10 1.74253866891405e-10 1.63963254085075e-10 2.06384076495425e-10 2.46011988558337e-10 3.26462490374269e-10 3.66234020887646e-10 3.70324160225977e-10 3.91114463038633e-10 3.95772981054421e-10 4.59676774422491e-10 5.74757641480517e-10 6.40826813835815e-10 6.31251284577416e-10 8.31480062579715e-10 7.92940080263094e-10 7.05247915622209e-10 9.16649167681527e-10 1.01842165811661e-09 1.23514728445073e-09 1.34900005610561e-09 1.34313050681456e-09 1.44608423013892e-09 1.54305100918961e-09 1.64469546870549e-09 1.54456200052167e-09 1.59525699316987e-09 1.80850233677532e-09 1.8584910943531e-09 1.90848837844371e-09 1.60362362278121e-09 1.64022521120799e-09 1.88052453609089e-09 1.62430634498278e-09 1.46638973186342e-09 1.53435482097564e-09 1.66445167648632e-09 1.70196723381366e-09 2.0472782025216e-09 2.49146215880458e-09 3.26973522701834e-09 4.12044566244774e-09 5.8649259448984e-09 6.27843367295711e-09 8.42740538464781e-09
1.86173287897162e-10 1.78466341704819e-10 1.62566593520097e-10 1.78489567570495e-10 1.96859639700619e-10 2.27424290510925e-10 3.02843261579255e-10 3.46472062151548e-10 3.62882435211986e-10 3.77014808261578e-10 4.2300197788947e-10 4.06229350158327e-10 5.56446200228322e-10 5.69254887672344e-10 6.31947849605297e-10 7.60448026770888e-10 6.72349165231623e-10 6.73557221109178e-10 9.2506708959661e-10 1.02443759031345e-09 1.18640145485571e-09 1.27191615018063e-09 1.27278811934417e-09 1.39054078251988e-09 1.45230567571986e-09 1.39274128896361e-09 1.4335252540576e-09 1.32269538655194e-09 1.11394556912003e-09 1.38097544510885e-09 1.40012152982649e-09 1.57490908092583e-09 1.49434865592823e-09 1.41077366455633e-09 1.65350800829245e-09 1.78758322588735e-09 1.64403012314907e-09 1.61035916823593e-09 1.75334410323913e-09 2.32143566591958e-09 3.02586847800157e-09 3.50062440146459e-09 4.31267930256496e-09 4.78643031875947e-09 5.67941000895189e-09 6.99552541449933e-09
5.65165914068189e-11 1.42716782836061e-10 1.76623715653079e-10 1.95160643201575e-10 2.14014106436622e-10 2.36674380094115e-10 2.71019429121111e-10 3.02778668803683e-10 3.09952796762047e-10 3.65681407377139e-10 4.58248494705771e-10 4.68180172408239e-10 5.53801349223448e-10 5.84170978257248e-10 6.43612119155534e-10 7.17188319843132e-10 6.85544798706417e-10 7.09205416615788e-10 9.66507440747222e-10 9.90388127064534e-10 1.05833438679426e-09 1.08255254760437e-09 1.22025299864603e-09 1.09802490433353e-09 1.09635397427255e-09 1.38365051638445e-09 1.62902960010314e-09 2.00027197028163e-09 1.78016298368888e-09 1.21887088200268e-09 1.13175502303164e-09 1.84196780050883e-09 3.47834163694216e-08 1.62211580834182e-09 1.51858804420257e-09 1.56065224077295e-09 1.51384054181136e-09 1.46870139383637e-09 1.61608838533667e-09 2.08658124112304e-09 2.75342273425849e-09 3.68923835925017e-09 4.298721367757e-09 4.33730503734964e-09 5.30927080077959e-09 5.96748160885951e-09
1.33990252226823e-10 3.6357914456886e-10 3.49587103709581e-10 4.60600957374879e-10 2.6841709965808e-10 3.66409735885753e-10 3.93533228226772e-10 4.36949376680928e-10 2.65898236762041e-10 3.52528606306635e-10 5.06127462163164e-10 5.40122824244094e-10 6.1491806091496e-10 5.46512946009159e-10 5.84420278837428e-10 6.42168063169635e-10 5.84134374204126e-10 6.37948138759725e-10 8.9475653552995e-10 9.1867541351931e-10 1.04556809876755e-09 1.12139905139585e-09 1.14708165188659e-09 1.79866368466008e-09 1.65797500173426e-09 2.59556055537402e-09 1.67104949877483e-09 1.75936739621463e-09 1.60750053268544e-09 1.54559623988249e-09 1.65779672212096e-09 1.66396023626447e-09 1.605703681129e-09 1.84900674771171e-09 1.7353953052357e-09 1.4751142973779e-09 1.38326844423275e-09 1.43581011524674e-09 1.70706345725691e-09 2.07680552755107e-09 2.53392870019908e-09 2.48023690474497e-09 2.56642146423403e-09 3.57071344714299e-09 3.90782780579357e-09 4.40449209326843e-09
3.76795838974431e-10 4.13464040782685e-10 1.19608416504491e-09 1.16540622707717e-09 4.3101895386144e-10 7.80672715361419e-10 7.80318665238866e-10 4.09530354072984e-10 2.75324718579384e-10 3.77970199583189e-10 4.61777338589542e-10 5.01344754599842e-10 5.24815968461212e-10 5.0313907484778e-10 5.26571974912571e-10 5.36146504970247e-10 5.91505067149001e-10 5.56604740076239e-10 6.76705780300324e-10 8.75126060506659e-10 1.06634552299312e-09 1.29007921012558e-09 2.81007693780921e-09 2.97514878289107e-09 2.36048303126069e-09 2.04775800760615e-09 1.45812655283351e-09 1.33468615048926e-09 1.6455399709514e-09 3.78563500103013e-08 2.94007426515641e-08 1.59480508798993e-09 1.66956449776379e-09 1.51746747389936e-09 1.40335129072966e-09 1.50251219244169e-09 1.71699807705039e-09 1.82833589379427e-09 1.94904884454061e-09 2.06587478235321e-09 3.47945379841619e-08 2.14579560786632e-09 2.54783629749511e-09 3.2278684503062e-09 3.09340830728644e-09 3.72712332108449e-09
3.43343098396787e-10 1.60507107604957e-09 1.72940943787836e-09 6.46858866470978e-10 2.06616879161459e-10 5.72371483542611e-10 9.1107412725222e-10 2.49941822794142e-10 4.08244549277015e-10 5.81669235000248e-10 5.56538715112964e-10 4.15634293648992e-10 4.58966464833566e-10 4.60389271150774e-10 4.93326091088875e-10 4.47175430018376e-10 5.020087900931e-10 4.68388272611975e-10 6.34790264797402e-10 8.79165173994778e-10 1.15655877097609e-09 2.06741760377938e-09 3.30868560327602e-09 2.50513866317803e-09 1.93576430440601e-09 1.61316493496599e-09 1.47541261430462e-09 1.78932567651557e-09 1.94140395981535e-09 1.54151040820949e-09 1.53635159039212e-09 1.60953120831309e-09 1.77063279593881e-09 1.94156237753873e-09 1.86468918084159e-09 1.34353097536177e-09 1.35814978152737e-09 1.2928512260757e-09 1.13475523422224e-09 1.61235281792571e-09 2.35746152599248e-09 2.43147720846437e-09 2.19442816140614e-09 3.00006099962502e-09 3.82726514924769e-09 3.71214785577223e-09
1.42076215237097e-09 3.54876902308732e-09 1.71914930069406e-09 2.88106216661532e-10 2.49573883781551e-10 2.19427476189082e-10 2.66385169478411e-10 2.68427391425519e-10 5.79680070611488e-10 6.66940358495793e-10 4.7073968056921e-10 3.94607602149932e-10 4.17538270625073e-10 4.09622091801509e-10 4.182067359082e-10 4.39552272357702e-10 4.3414202233194e-10 4.96196073118682e-10 6.58884347082278e-10 8.58748305798684e-10 1.45169765097819e-09 2.58037443634507e-09 2.55988540365237e-09 2.34396934084558e-09 1.89834491459706e-09 1.76566246068433e-09 2.14379929364128e-09 2.2748813166551e-09 2.0178928861192e-09 1.98219192171223e-09 1.81456254466639e-09 1.61563074030369e-09 1.7040661770551e-09 1.86225523890471e-09 1.93071461040972e-09 1.90260677213061e-09 1.86290608494843e-09 1.95993677953865e-09 2.15378828105628e-09 2.22528180326975e-09 2.21383389398255e-09 2.11616111300827e-09 2.85512190556503e-09 3.68290361540957e-09 4.0040776916328e-09 4.18533702140067e-09
2.27350765991119e-09 2.53674357075795e-09 1.95802107860743e-10 5.69235891756392e-10 5.99222316211012e-10 1.19117252728174e-09 1.0610801681743e-09 6.83183731808867e-10 6.36111419094476e-10 6.21574192116725e-10 4.01758337709168e-10 3.3256661868819e-10 3.64551444587136e-10 3.52456175356508e-10 4.2519086029813e-10 5.50051892922454e-10 5.41715428070688e-10 5.78684589136458e-10 7.57339790879996e-10 7.06615999046534e-10 2.02518398717544e-09 3.11551811016386e-09 2.78162179956354e-09 2.05383503537604e-09 2.10762559627042e-09 2.24564495887591e-09 2.0860820959534e-09 2.00697826135965e-09 2.00016387896795e-09 2.09100535775164e-09 2.08359025588578e-09 2.05074053294396e-09 1.98190793776476e-09 1.99956006197155e-09 2.04753017873927e-09 2.08821746561227e-09 2.11585325926578e-09 2.21945082312658e-09 2.2453552683821e-09 2.84823059581996e-09 2.39525488332504e-09 2.54514092024039e-09 3.30664522429913e-09 3.72923936176051e-09 4.35025864220506e-09 4.55593538450927e-09
5.12860600654363e-09 3.40862424952348e-09 1.35811167867317e-09 3.87018426195596e-09 2.95945200567971e-09 2.61915101829047e-09 1.6512144096481e-09 1.34974253995779e-09 1.0193123678448e-09 6.74434252889711e-10 4.70865813007038e-10 2.7698998650294e-10 3.07109193631305e-10 3.0824012231534e-10 4.45738679299978e-10 6.62489130220933e-10 6.27573526479352e-10 6.32734686867309e-10 7.78153630420775e-10 8.37820957055868e-10 2.30782098986637e-09 3.38151870948877e-09 2.61139514456943e-09 1.90215480033729e-09 2.07167296650823e-09 2.03388821340411e-09 1.73517744617158e-09 1.90824414048052e-09 2.00972548602962e-09 2.04726103847364e-09 2.02309566876835e-09 2.09990115296321e-09 2.16955545750963e-09 2.31547765405793e-09 2.40964600495275e-09 2.61329925477227e-09 2.6806524555667e-09 2.48922528145457e-09 2.48260477730966e-09 2.53227435687009e-09 2.31993285693122e-09 2.61559166547798e-09 3.26950757578714e-09 3.49322883952397e-09 4.00698431102242e-09 3.92306065410963e-09
4.99104151341356e-09 1.12543255159636e-08 7.07230735086384e-09 6.12225349305717e-09 6.32302592507017e-09 5.65654211248656e-09 3.56441057780543e-09 2.69162580002202e-09 1.92900599937929e-09 1.21780691086926e-09 7.51641870966324e-10 5.00666286207263e-10 3.36864480754429e-10 2.87526802367211e-10 4.71854300077013e-10 7.52969209205645e-10 8.24528301190952e-10 7.44425732168708e-10 7.6477717492196e-10 9.21627418826176e-10 1.17686036471554e-09 1.92002058696517e-09 2.42498712221817e-09 1.82290049721701e-09 2.00289150820154e-09 1.9325488431754e-09 1.96541115604631e-09 1.8296344550528e-09 1.87611040036728e-09 1.96758338510961e-09 2.03644110463586e-09 2.11649927583935e-09 2.24288859707045e-09 2.39273714175425e-09 2.46618659938136e-09 2.56823898814318e-09 2.56918006869e-09 2.30973908887933e-09 2.33262394955247e-09 2.19269294943203e-09 1.92973316215372e-09 2.31990192611775e-09 2.48555090953673e-09 3.07120712195186e-09 3.20091707584069e-09 4.37807673447921e-09
6.7876297804581e-09 2.49991680689732e-09 1.44732259510505e-09 4.01391088145076e-09 6.01645638864667e-09 9.04779825505742e-09 1.14482225699319e-08 9.93394144721549e-09 6.08929137113634e-09 2.48311045059069e-09 1.91091291679157e-09 9.36415567309723e-10 3.34491967457495e-10 3.30905447487595e-10 9.34073052238915e-10 8.56401394244699e-10 7.87758336340261e-10 7.51713080671124e-10 7.05075609008787e-10 8.27640767031568e-10 1.2915327807228e-09 1.83827253419366e-09 2.05481546222686e-09 1.95664482394164e-09 2.05822164867087e-09 1.93297604589304e-09 1.9863960476485e-09 1.8892575170959e-09 1.96607466973475e-09 2.09733250766675e-09 2.21178302339808e-09 2.31108022719084e-09 2.41902363695701e-09 2.52028069525068e-09 2.54681444822324e-09 2.559596024021e-09 2.34462469439478e-09 2.10690308533046e-09 1.88122870614649e-09 1.79010948286873e-09 1.82402888349031e-09 1.88028332903656e-09 2.4222504335647e-09 2.84556639362776e-09 1.4176890883455e-09 2.34841994739554e-09
2.99768777578535e-09 9.02548036307849e-10 1.60508877300458e-09 1.86391043710543e-09 2.05006185360901e-09 1.83048584068146e-09 2.03969916512392e-09 6.56673427856802e-09 1.06089530382825e-08 6.73179755272812e-09 3.95383537021843e-09 1.17275563704666e-09 3.35846306320775e-10 3.63029439842677e-10 1.18471116250518e-09 7.7763405714748e-10 8.17156053933843e-10 6.28397689439453e-10 6.57176457696806e-10 7.56494400455665e-10 6.18104656346929e-10 1.60056624620708e-09 2.09314297006102e-09 2.17621428655335e-09 2.1318045440033e-09 2.13047706143499e-09 2.18886272440599e-09 2.04130515824019e-09 2.14542313914379e-09 2.33097562363227e-09 2.46676034043602e-09 2.56639149931459e-09 2.64707948893772e-09 2.68588082885657e-09 2.54703843571846e-09 2.3044246177939e-09 2.07172905497544e-09 1.81667832999111e-09 1.6911972267053e-09 1.22064232055408e-09 1.83189873270706e-09 2.02700783935583e-09 2.64756677692546e-09 3.15760797509057e-09 1.36118002425079e-09 2.9542925883419e-09
3.67952665003557e-09 1.69191481935727e-09 1.39606379789825e-09 1.39881360938787e-09 1.56042739840601e-09 1.6013628867384e-09 1.61411751742335e-09 1.76697412257454e-09 2.483196825942e-09 9.1551371594889e-09 4.68640762862904e-09 1.56050999899904e-09 5.46452971761369e-10 5.19798748488398e-10 1.12287212861162e-09 7.94707422091534e-10 6.48098652522577e-10 5.68968017145011e-10 6.47912157258901e-10 8.03813560157352e-10 1.03100397108591e-09 1.87709531251912e-09 2.39587250039364e-09 2.1922129334051e-09 2.11125964488801e-09 2.1515925263671e-09 2.01183698589347e-09 2.0595680050306e-09 2.14108651919176e-09 2.28536722879369e-09 2.39158193249267e-09 2.41363673492145e-09 2.41656080701702e-09 2.31044010590153e-09 2.24591588660061e-09 2.04436048090173e-09 1.7776413896442e-09 1.71290356343334e-09 1.48385657094963e-09 1.40961970984677e-09 1.97043044103395e-09 2.63799591060376e-09 2.73985508725261e-09 3.02108553729141e-09 2.79973945138678e-09 2.88001378301317e-09
