Scripts_&_data/Maxent_result_files_2/B_consobrinus_2.asc
NCOLS 594 
NROWS 330 
XLLCORNER -15 
YLLCORNER 23 
CELLSIZE 0.166666666666667 
NODATA_value -9999 
[rows 240 to 259 of 330, columns 440 to 483 of 594]
0.100688453083304 9.29001320315592e-13 4.05708799888771e-13 2.57061039121709e-13 3.38251648912546e-13 4.00002253542198e-13 4.74320582810606e-13 1.52589052504482e-13 5.21527265817667e-13 9.85012071907931e-13 1.12740927704635e-12 7.02479185932248e-11 4.68123317887148e-12 3.11173309341939e-13 2.45947706645211e-13 1.60549351591044e-13 2.34079422511968e-13 2.48812082048744e-13 1.6084356069257e-12 1.05376929404599e-11 1.06156194945584e-12 1.61515245622468e-13 5.35571587079175e-14 2.47768472405596e-13 6.68931576797149e-13 1.28186350423221e-13 2.08466577333866e-13 3.23086002396167e-13 1.80666592797252e-13 2.92299517923311e-13 2.59214871789482e-13 1.66711089377713e-13 2.04991579266789e-13 3.19300141882195e-13 2.88435941797616e-13 4.50772752458306e-13 3.74422715054834e-13 3.43136630220897e-13 2.40396591522085e-13 2.62900812231237e-13 8.95061802452801e-14 2.67430522171708e-13 6.1881610946557e-13 2.69217981241354e-13
1.53713608508355e-09 9.35521882183821e-11 3.04996250477529e-11 2.0350610085984e-12 5.18263210125269e-13 4.75952610656805e-13 7.86715137479632e-13 9.10194142278442e-13 6.38367136929219e-13 1.21302967670545e-12 1.28030919199773e-12 5.09992048591812e-13 2.49900100612876e-13 2.46561659977829e-12 2.70827804627061e-13 1.72883929394629e-13 2.69706479372189e-13 4.94748686463709e-13 1.25994770172611e-12 1.43129952334675e-13 8.34221580703343e-14 6.19282403135912e-14 5.71653835379493e-14 7.48845430109668e-14 2.16980877709716e-12 8.42748093532464e-13 1.07042152919234e-12 6.97519819681247e-13 6.30850927052506e-13 7.0100591997857e-13 9.79716308080469e-13 4.09705602777422e-13 3.70747876843325e-13 4.75930406196312e-13 4.28845847721959e-13 2.89235302375346e-13 3.51141338228445e-13 5.17375031705569e-13 1.57251989207907e-13 2.27051710766091e-13 2.16537898722891e-13 9.83435555212964e-14 1.30118138486068e-13 6.83697543024664e-13
2.79504752853654e-07 1.79834768054832e-07 2.26302062311667e-08 5.43294731425448e-10 1.99321337213121e-11 2.58734145219819e-12 2.38873365532299e-12 3.73525654850937e-12 8.37752089921651e-13 7.66720020806133e-13 1.62079238918977e-12 1.90092386276319e-13 1.07380770941745e-13 3.41959793814794e-13 7.84183828983487e-13 3.20099502459925e-13 5.59985391390683e-13 2.5726532015824e-12 1.47047929388577e-12 2.91671131691373e-12 1.19571019752129e-13 1.61304303247789e-13 6.84896583891259e-14 7.12097047994575e-14 1.62436730732907e-13 4.19941859064465e-13 2.88136181580967e-13 3.59434704222394e-13 2.71460631751097e-13 4.77284878286355e-14 1.45761180903037e-13 2.55850896024867e-13 4.38993286167033e-13 4.11204403860665e-13 2.65543143029845e-13 1.1323164628152e-13 1.16662235427611e-13 1.3345990979019e-13 1.25832677611015e-13 1.17550413847312e-13 3.67056385286446e-12 3.85547149761578e-13 2.4455992786443e-13 6.52811138479592e-14
2.03449892177687e-07 4.07565588744774e-07 5.98300934839813e-07 1.35594726557997e-09 9.22942833270213e-12 1.84008808190583e-11 1.57514667975533e-11 0.100006381922663 7.50244311120696e-13 7.2606365364436e-13 2.60325094814107e-13 9.45943323671372e-13 2.22044604925031e-13 1.68243197151696e-13 7.53286322208169e-14 6.61581900374131e-14 5.96633853433559e-14 3.03435054860302e-13 1.30160326961004e-12 1.99916749821227e-12 9.02200536501141e-13 1.40887301824932e-13 9.11715147822179e-14 7.01105840050786e-14 1.56186175104267e-13 5.58175727860544e-13 3.57724960764472e-13 3.24018589736852e-13 2.98416846788996e-13 2.47479814419194e-13 1.38944411531838e-13 2.53974619113251e-13 2.76934031262499e-13 1.64224189802553e-13 2.05802042074765e-13 3.35287353436797e-14 4.82835993409481e-14 4.19886347913234e-14 5.26578780579712e-14 6.0462745921086e-14 9.43445321865965e-13 1.10885745030487e-11 1.66089364483923e-13 5.6488147492928e-14
8.97018615497736e-08 4.56530866443927e-07 2.56578429347343e-07 2.43731102766986e-07 3.58888090357112e-09 2.78503209383274e-10 2.30580665672164e-11 1.49238843505373e-11 1.24124044376117e-12 7.69559083124705e-11 6.70408173419901e-13 9.87132597884965e-13 9.50828304979723e-13 1.15107923193136e-13 7.59725615750995e-14 5.68656233213005e-14 7.22866211333439e-14 5.48017187185224e-13 1.76723080613783e-12 5.79103431874728e-13 5.03641572890956e-13 8.10262967831932e-13 2.80708789546225e-13 3.16835446767527e-13 3.10880210463438e-12 2.83040257897937e-13 3.40250050356872e-13 3.65218966180691e-13 1.04429798142291e-12 1.0255241100765e-12 2.31825669771979e-13 1.98452365651747e-13 1.62725388719309e-13 1.41786582474879e-13 2.04036787465611e-13 9.58344514856435e-14 7.06656955173912e-14 3.42170736189473e-14 3.56714657812063e-14 2.67563748934663e-14 4.10227407598995e-14 7.38964445190504e-14 3.32067706665384e-14 1.90847337933064e-14
4.2372587483186e-08 7.63200156739252e-08 2.36077717197247e-07 3.16413276335581e-07 3.68121917193598e-07 6.26301760675574e-07 4.861777925802e-08 1.41316238710942e-09 1.91277915728705e-10 6.0538352109063e-12 1.03334008016986e-12 1.05460085109144e-12 9.29833987584061e-13 1.72462044645272e-13 9.78772618509538e-14 9.17488307550229e-14 2.12407869071285e-13 1.59181556824706e-12 1.95222726873112e-12 1.85385040651909e-13 2.37487807197567e-13 2.57993626462394e-13 5.57187629368627e-13 4.33397762122922e-13 3.39552719275105e-11 4.41324754518746e-13 9.00690633187651e-13 1.08371089879711e-12 1.29056765274527e-12 1.4010903548467e-12 1.377253866508e-12 1.24017462965753e-12 4.20874446405151e-13 9.12581121781386e-13 2.55129251058861e-13 1.58217883239331e-13 1.05127018201756e-13 3.512745649914e-14 3.72368802459277e-14 2.78999046088302e-14 3.78141962187328e-14 4.44533299059913e-14 1.87072579649339e-14 1.43995926293883e-14
9.96074859482832e-08 8.08403073748742e-07 2.895051989249e-08 5.27916258485917e-08 2.02337344745729e-07 4.15042720280923e-07 6.40117078631874e-07 4.55738005467055e-07 6.04551989691338e-08 2.10411557066692e-09 2.68845279371988e-11 1.20277121595791e-12 1.98009985075132e-09 7.61113394531776e-13 4.31821245427955e-13 2.72286637681418e-12 1.98970284692734e-11 5.8404392433431e-13 6.32371932596243e-13 2.03670413867485e-13 2.34812169708221e-13 2.53841392350296e-13 3.23319149231338e-13 3.03235214715869e-13 1.85951254394467e-13 6.80289158339065e-13 1.34494637649141e-12 6.41919850608019e-13 1.99258387567625e-12 2.5997537456135e-12 2.74387179644009e-12 2.35030883644072e-12 2.84443579801064e-12 2.65362176676831e-12 2.19884110919111e-12 3.69082542306387e-13 6.15729689457112e-13 3.60511620556281e-13 7.57394147399282e-14 4.70512517836141e-14 0.0588963254033499 6.92557122761173e-14 3.50164341966774e-14 3.19540272020191e-10
2.88875405929367e-08 1.66328241366642e-06 3.44759615189538e-08 8.97593954718445e-10 4.09810840817926e-10 9.12126927321566e-09 1.33600204454964e-08 1.33426192316932e-07 4.09897175401852e-07 7.43758393761951e-09 5.84047032958779e-11 1.89765869684777e-11 1.41719359580961e-09 6.61282140157482e-13 4.3328673982046e-13 8.28237478600613e-13 2.58595845847864e-09 5.00322006047327e-13 4.47186732088767e-13 1.36768374403573e-13 1.86139992308654e-13 2.16360263038951e-13 3.37840866393435e-13 2.70850009087553e-13 3.03480574004311e-12 1.03739239420975e-12 7.01960711779748e-13 3.31230598504817e-12 3.70875552491157e-12 4.03359567968664e-12 5.2297055574968e-12 6.01361183072413e-12 7.84990961122389e-12 3.02681213426581e-12 9.29212262690271e-12 2.22487583911857e-12 3.23798765577976e-12 5.75373082511987e-13 1.31517019497096e-13 1.69553260320754e-13 3.80695475143966e-14 4.37205827097387e-14 4.47308856621476e-14 3.11572989630804e-13
4.55660238540823e-08 1.30601254326734e-06 4.94892475799702e-07 1.31830787197806e-07 3.7870368063686e-09 2.54591581150265e-10 2.87882351290847e-10 1.21877127279291e-09 1.11621804466111e-08 4.48078115944384e-08 4.08523770367708e-10 1.00532693281252e-11 7.41972039364214e-12 3.8600123097865e-12 1.05397912619765e-12 3.13205017477003e-13 2.29793961636915e-13 5.93868042109147e-07 9.05020502983689e-13 1.57085455754213e-13 4.77429207279556e-13 1.93300930817486e-13 3.69171360148357e-13 1.04301012271435e-12 7.0849992539479e-13 4.38259084578618e-10 3.21349613585653e-12 8.46765990658582e-12 4.93454166416996e-12 1.1932355103994e-11 1.20602527964309e-11 1.31958777238594e-11 2.27615815084903e-11 2.17984963413187e-11 1.86520465739193e-11 1.09571351991633e-11 1.27293731111422e-12 1.303945840192e-12 9.73121583314196e-13 3.15136805539851e-13 4.0109027210633e-13 2.38831177057364e-13 2.16249240736488e-13 2.56894505668015e-13
4.93368037535191e-09 2.8654245798343e-08 2.80141104647136e-08 4.41227764724772e-07 1.19054828351395e-07 2.67238950968363e-09 2.89864798830308e-10 0.000544518114806625 2.74376834397128e-07 9.68949087631898e-10 1.32847973399741e-08 6.30883323360365e-10 3.29348659455775e-11 1.93887683686e-11 2.34449126779168e-12 2.12391659815125e-11 5.18374232427732e-13 6.69918565066041e-12 2.50377496513465e-13 2.02793337678031e-13 3.15147907770097e-13 2.75313105646546e-13 5.93358695510915e-13 7.80997488902813e-13 5.83666448505937e-13 8.111046279069e-11 2.07571737576018e-12 1.32752031589689e-11 2.3914437097261e-11 3.02602609636438e-11 2.69432254285107e-11 3.00127922514548e-11 3.10748982101927e-11 3.81692677464685e-11 2.11844874975498e-11 5.57162094239061e-12 1.46017642421725e-12 5.16864329114242e-13 1.00952579629165e-13 2.26163532346391e-13 4.67870187037533e-13 7.65076890729688e-13 5.89805981832114e-13 4.93860508044008e-13
8.79146644372497e-11 2.84279955131694e-10 1.84257031854429e-10 2.09965794750744e-09 5.87503721893867e-08 7.56205291541079e-07 1.85768046501167e-09 0.43148784761372 5.17499709751235e-11 4.87644480351435e-11 5.59579560466261e-10 1.52221435456568e-10 6.93804147466892e-10 3.44485218128909e-11 6.53950227302857e-12 6.25621776606522e-13 2.31367147662809e-12 3.400169035217e-13 1.69926295257028e-12 1.05212505374652e-12 3.62065932790756e-13 6.02728977838751e-13 2.84193779620523e-12 3.90900645186321e-12 3.89543952650229e-13 2.6691981958038e-13 3.40272254817364e-13 2.00482963563786e-12 7.6062711684699e-12 6.03653793618264e-12 7.38251682008695e-12 6.23848639413893e-11 3.55757090453324e-11 2.59710586369977e-11 3.67925689914728e-12 1.14228626557633e-12 6.25655083297261e-13 4.91717777606482e-13 3.47810669154569e-13 6.70436151040121e-11 1.10116915585934e-11 2.59722243711735e-12 8.38829006255537e-13 1.84647852563558e-12
1.3096446149774e-11 7.16569581449278e-11 1.89700766206613e-10 1.82181891794642e-10 9.81135983568748e-10 5.25424579178591e-08 2.57170934658824e-08 5.86701888183327e-09 2.19651774546747e-10 2.51570153597669e-10 5.23207588365437e-11 2.51075271684442e-11 1.07104769497823e-11 2.3325807951835e-11 2.88309598417413e-11 1.55863433271008e-11 1.90124582744033e-12 4.55674387112026e-12 3.26104698800123e-12 1.97156735382009e-12 1.88858928495961e-12 5.90383297804919e-13 1.48262513377517e-12 1.28057564552364e-12 1.19045884261482e-12 5.45308243005138e-13 2.51075316093363e-10 1.41605616121865e-11 5.91948712269641e-13 1.19010357124694e-12 1.03734798528876e-12 3.54801743540634e-12 3.12919690159674e-12 3.97571975341293e-12 6.51330100964742e-12 5.37587752091895e-12 1.3948731059088e-12 9.84967662986946e-13 2.17623696840974e-12 2.47143416842732e-12 1.26370136577236e-11 1.41427203281808e-11 1.03876685031423e-11 1.38439326669015e-10
2.31869856648359e-11 7.97288124410045e-11 4.79957518173535e-11 2.75267886262753e-10 8.96781404691183e-10 2.33758188805666e-08 1.52407022890877e-08 6.39832135052032e-09 1.49635068780185e-09 1.61271043186417e-09 4.19813428464977e-10 1.21719123669095e-10 6.4758887141636e-11 5.2175597176074e-11 6.77895295453368e-11 6.15337003573302e-11 1.74330549995716e-11 5.20933296499493e-12 8.25706170104468e-12 2.43804976207684e-11 2.97610713850816e-11 2.8624003167721e-11 1.03696384812224e-11 6.29163388055076e-12 1.63602464908763e-12 3.69737573890916e-13 1.59861013315776e-13 2.04805061798652e-12 1.1842860025979e-12 5.84077231025049e-13 6.0945692936798e-13 9.16755560353977e-13 1.45236045412389e-12 3.22348814307816e-12 9.86186687867985e-12 4.60463889240259e-12 6.15332229614296e-12 2.08132289181151e-11 1.69582903275511e-11 2.23398632925864e-11 3.08249281655293e-10 4.54366566593478e-10 3.1608652140136e-09 1.69489058432504e-07
3.6121851065829e-10 2.01418726142322e-09 2.19179148164272e-09 4.25282740135202e-09 6.66261471549134e-09 3.08232511403439e-08 5.84096308098303e-08 4.76230783030829e-08 9.43330841218781e-09 5.74182399443401e-05 2.15633055966613e-08 1.0389707572056e-08 1.53003821834474e-09 1.60610567068176e-09 3.92449062136535e-10 1.41696498978661e-10 1.49167336260803e-09 1.28602795079757e-11 1.04378472531863e-10 5.63576518786135e-11 1.57377222365085e-11 2.17836859661702e-12 1.58001278727227e-11 5.31906740874888e-12 2.30915286891786e-12 3.92667010018499e-12 1.18484111411021e-12 5.29642996127677e-13 8.86202222716292e-13 3.48210349443434e-13 3.38440386826733e-13 1.0471512545962e-12 3.08510994528888e-12 6.49522657880652e-12 2.45159781364634e-11 2.8377167282656e-11 2.75161871066132e-10 2.39855713068948e-10 2.73791360694275e-09 7.93156560430219e-09 2.43855596826492e-09 3.86350784697953e-10 1.99361209762827e-08 1.38329590559927e-08
4.25805086745612e-09 6.93037292998078e-08 1.05257174354279e-07 5.3540576199218e-07 1.67914057724872e-07 2.35973651729893e-08 6.21095214148326e-09 1.69671603655885e-08 1.51889284372153e-08 1.17036396007908e-07 2.45035847168396e-10 2.81106027344435e-10 6.98080178107574e-09 4.52422750374382e-09 6.36291601630035e-09 5.57473966988908e-10 1.9796830841301e-11 5.51680923166487e-12 6.78814782162362e-11 2.95255042637166e-11 5.67034197374028e-12 2.83086887264972e-12 2.08086547992536e-11 3.19669068993278e-11 1.04126707256569e-12 1.51380130652967e-11 1.76364478576829e-12 1.25124355321304e-12 8.23097145996599e-13 1.26135768496738e-12 1.00250918677602e-12 2.03553063293782e-11 4.11504941233432e-11 2.93784174765221e-10 4.95013929846522e-10 4.93658193212454e-09 1.87284354691286e-08 8.22485111129367e-09 4.17246446726693e-08 6.97941888172515e-08 4.45176306373973e-08 1.80534309279778e-08 1.24174451510139e-07 1.97153225633961e-08
1.44595280193727e-09 9.97759432963541e-08 6.59905593614063e-08 1.21294673749439e-08 5.31713692852875e-08 4.03178518348923e-09 1.38805370308859e-08 1.79617166584656e-08 1.25498806002877e-07 1.64900504617815e-07 4.7202026520754e-08 1.38841282915081e-10 1.76995751388631e-11 5.15340881079851e-11 3.7362770655136e-10 2.37846704553846e-09 1.37891664753198e-10 2.16637929817409e-11 7.54780682399314e-12 2.07970418664161e-11 1.43838385646689e-11 6.02252137049675e-11 1.28291155476745e-11 1.15588427718194e-11 2.19542162227526e-12 4.532341169039e-12 5.6112003932185e-12 2.58880694659069e-12 3.20107274021098e-12 3.39619332656582e-11 1.4582668406149e-11 4.45053305320187e-10 7.19534142046285e-08 8.26591084801542e-08 8.60415114822821e-08 5.29863944054298e-08 1.61213343230493e-07 5.59181856707447e-08 1.74917072714997e-08 1.01054673962153e-08 5.66715696592723e-09 8.47133243553344e-09 9.2380829319616e-09 5.17798962262894e-08
4.74353889501344e-13 3.41237038625764e-12 2.75540701366594e-12 3.1025271240992e-11 4.1888570390114e-11 8.94206764190386e-10 3.09807623999347e-11 1.08073976434753e-09 3.06867556254531e-08 1.3327664261098e-08 4.00296882863138e-08 1.02644042121458e-07 5.32097849115232e-09 7.21433874933952e-06 6.8504091288446e-13 4.0066283624185e-12 6.44068132160669e-12 1.18207332810982e-11 6.87046419756143e-11 2.02367456125785e-11 1.23032140031398e-11 1.12120646100777e-11 9.74375025108998e-12 1.24065424600417e-11 1.97688199143897e-11 1.14040998866471e-11 8.38784597334552e-12 1.02042818639347e-12 3.30918625834897e-12 2.39183783889985e-11 2.7279845049577e-12 3.34435701354607e-11 6.89476253867838e-11 2.57269960890483e-10 1.62450474183728e-09 1.41597128355819e-08 4.12793085269314e-09 1.26609165373992e-09 2.30889943830803e-09 3.74205032072084e-08 4.61932414541621e-08 4.56000827542269e-08 2.72074930918187e-08 5.00111270174131e-08
7.87037102156773e-14 6.65134614052931e-14 3.56202844997711e-12 2.31714647469516e-13 7.7321482550019e-13 8.21520629301631e-13 3.77586850675016e-12 2.33031260954419e-11 9.77104774868565e-10 5.95025059446641e-08 8.48454115853769e-09 1.80024380957988e-08 3.55810614305341e-10 8.13594636106529e-11 1.45393697081886e-12 2.64734900667918e-12 5.34335908852768e-12 2.44818831873772e-11 9.9632879724254e-11 2.18309481603285e-11 1.00592645324582e-11 1.08345998839354e-11 7.82093279028118e-12 7.54880602471531e-12 9.21140941301246e-12 1.1406886546439e-11 2.01995531412535e-11 3.47588180460434e-11 6.79949430093529e-12 1.11744280495429e-11 2.97223801126734e-11 1.08276621002545e-10 3.51973328260868e-10 1.75510728173123e-10 2.21944063127921e-10 5.11130660019177e-10 1.41687345189823e-09 9.06868047323428e-09 3.29581954838787e-08 7.80588765403323e-08 9.86440441552716e-09 7.31721748747915e-09 2.27341756420252e-08 1.11008847336613e-08
1.84185999785313e-14 1.78634884662188e-14 2.68007838144513e-14 6.14841511037412e-14 1.35202959938852e-13 2.78121969898848e-13 3.39073213950769e-13 6.85240753028893e-13 2.83353340790882e-12 6.07567662846975e-10 1.86704293692053e-08 2.89766038941153e-09 5.19678633459364e-11 8.90052476165693e-12 3.68602925959749e-12 1.9996782008036e-12 4.21055412758165e-12 6.00176575105138e-12 5.67610958235321e-11 1.04407360534964e-10 7.05191793848314e-11 4.27365587363227e-11 2.93691737596191e-11 1.47629131141969e-11 1.02368558074772e-11 3.06206837663581e-11 3.97088473214069e-11 3.26013327445196e-11 3.60279361899529e-11 2.76963452172652e-11 5.66575675264858e-11 1.15873677319911e-10 1.99233951558853e-10 1.40265676851214e-10 5.79478209861151e-10 1.22810623226499e-08 2.1368621994089e-08 5.52133755382656e-09 5.5468767468092e-09 9.92827107193506e-09 2.23904941143438e-08 6.4914585373721e-09 2.03906024953682e-08 9.60868473676157e-09
4.69846384021366e-14 1.5976109324356e-14 9.44799793956008e-15 2.43027820090447e-14 1.80633286106513e-14 8.34158297990939e-12 9.10493902495091e-14 1.85684800868557e-13 2.66509037061269e-13 6.38078478942816e-13 1.99266048106495e-11 4.45869994258885e-09 3.93019028432917e-10 8.64105453857178e-12 1.18203224985791e-12 2.17493800747093e-12 6.70771216348953e-12 1.84980919470945e-11 3.22936677399355e-11 1.04676245449298e-10 5.48138501255124e-10 1.12528560913816e-09 2.91207485902945e-09 4.0651468635744e-09 3.12471982732987e-09 1.15892840879539e-09 3.60565383106248e-09 1.17911790442626e-08 8.65940128491616e-09 7.47583819293851e-09 6.1057912059681e-10 2.29192581580051e-09 7.36676786239343e-10 2.93774704562821e-09 9.62308380758614e-09 6.18670036311997e-09 1.78440731857243e-08 3.02149080422254e-08 1.66499442899593e-08 5.71195194476459e-09 1.23811113361683e-08 1.23635409021716e-08 9.86913410994106e-09 2.00760245872011e-08
