Scripts_&_data/Maxent_result_files_2/B_confusus_2.asc
NCOLS 594 
NROWS 330 
XLLCORNER -15 
YLLCORNER 23 
CELLSIZE 0.166666666666667 
NODATA_value -9999 
[rows 140 to 159 of 330, columns 414 to 459 of 594]
0.0879450645297766 0.414005407691002 0.234757140278816 0.215043903887272 0.222302861511707 0.229120863974094 0.324267798662186 0.201882380247116 0.281734789907932 0.314887517690659 0.187813644111156 0.0737762873992324 0.144010803848505 0.191328018903732 0.127275116741657 0.05732696428895 0.0118505393154919 0.0168711884878576 0.00748118353076279 0.00222599741173326 0.000335746557902894 0.00095415693212999 0.00088730849311105 0.0001574172412802 0.000193408086761337 0.000526217970764264 0.000500557639315957 0.000554254939925158 0.000607102154754102 4.94844750392076e-05 0.000667384326516185 0.00050885942291643 0.0113366564270109 0.121610199660063 0.0873991601169109 0.0893625788390636 0.0103670013137162 0.103538274765015 0.0918083816766739 0.081165074557066 0.00622079628519714 0.10675121024251 0.0549288641661406 0.00889328839257359 0.0766654804348946 0.00442182833794504
0.236444087326527 0.268098938465118 0.305679620802403 0.124631556123495 0.224453209340572 0.209906005859375 0.205657795071602 0.200725981593132 0.273299045860767 0.16793907135725 0.314044596254826 0.14582993388176 0.180943142622709 0.22657486051321 0.264966031908989 0.116042486578226 0.116407402604818 0.0208464857656509 0.00503653076011687 0.00199467344937148 0.00170112393025192 0.00129974801166099 0.000201095187003375 0.000790985539060785 0.000623753041145392 9.95134699223854e-05 9.00781903510506e-05 0.000393050158891128 0.000411715968948556 0.000339411999084405 0.00105694415979087 0.0172562588006258 0.00599796471651644 0.109901989251375 0.0950126476585865 0.0776671629399061 0.0994735568761826 0.0764994997531176 0.0748074736446142 0.0527231059968472 0.0496200360357761 0.0296462560072541 0.0609576936811209 0.0181498819962144 0.0755256570875645 0.0724208433181047
0.31352166980505 0.222390422224998 0.0971637211740017 0.0861438490450382 0.233573879301548 0.228332206606865 0.142344492673874 0.21504258364439 0.202854254841804 0.193176826834679 0.330951336026192 0.252432328462601 0.285092006623745 0.189959984272718 0.210843646526337 0.213522849977016 0.0432931305840611 0.00973801299696788 0.000387783233600203 0.000371223569345602 0.0012075369260856 0.0010226115497062 0.000236362409032154 0.00107934710613335 0.000456568739537033 0.000106480879185256 0.000101745351003046 0.000367026709136553 0.00077610290463781 0.000567117650643922 0.0350772177800536 0.0660240199416876 0.0475137088447809 0.072888095676899 0.03084397893399 0.0354274716228247 0.0708257291465998 0.097743359953165 0.015340312756598 0.0133052743040025 0.0811174102127552 0.0768105942755938 0.0591551341116428 0.0546062409877777 0.058683455735445 0.0537632761523128
0.368130952119827 0.328221806883812 0.317878304421902 0.335728721320629 0.24882677346468 0.226063574850559 0.221334372460842 0.286343476176262 0.203994138538837 0.18997413739562 0.247331920266151 0.296821786463261 0.184051483869553 0.0628099216148257 0.126349078118801 0.0157609818736091 0.0216478292830288 0.00259912424517097 0.00224739994482661 0.00196207769040484 0.00151251375391439 0.000262508905052528 0.00103899145906325 0.00118639922293369 0.000944931238336721 0.000580730720685096 6.37381527667458e-05 9.46735538946086e-05 0.00222128453897312 0.0349862970411777 0.0753570515662432 0.0609580185264349 0.0435971159487963 0.0287266327999532 0.0350507089868188 0.058221822232008 0.0472130941227078 0.0373221293091774 0.0323121801018715 0.0393723962828517 0.0333255711942911 0.0555024823173881 0.0586548738181591 0.0578648742288351 0.0567300442606211 0.0458072885870934
0.230966451764107 0.233746691048145 0.248955774307251 0.251756367087364 0.24304111301899 0.228011138737202 0.213194327056408 0.214327800273895 0.19435348212719 0.195604613423347 0.197928564250469 0.333413429558277 0.0839578606188297 0.19534368366003 0.0248177270404994 0.0157803715206683 0.00260772402398288 0.00214487672856194 0.000342935192929872 0.00169495784502942 0.000893393258593278 0.00114693427713064 0.000821256648487179 0.000701461774588097 0.00519925715634599 0.00641540607903153 0.00179673718521371 0.000547985326556955 0.0114838518202305 0.0429253736510873 0.0642668105661869 0.0584234774112701 0.0609516557306051 0.057884600572288 0.0829869356006384 0.0552138321101665 0.0175212955102324 0.0651743955910206 0.0731055680662394 0.0304343117401004 0.0366917906329036 0.0646375205367804 0.00125946788466536 0.0296415054239333 0.0247110415250063 0.00761344830971211
0.176571563631296 0.230741350352764 0.231529119610786 0.231723292171955 0.229263736307621 0.219647867977619 0.224561816453934 0.217397134006023 0.201122318208218 0.194102436304092 0.314704728126526 0.199823175370693 0.126136229932308 0.122292651236057 0.0464912906289101 0.0209383870474994 0.00302689030067995 0.00164986272720853 0.000384630032294808 0.00150246367193176 0.00196030346705811 0.00125631805130979 0.00111142214009305 0.000875050986360293 4.09842354656576e-05 0.00303019223501906 0.000599270533712115 0.00443582229781896 0.0765937831252813 0.0357056442648172 0.0540060814470053 0.005576923629269 0.0564238782972097 0.057506662234664 0.0533341813832521 0.0625494852662087 0.0835759576410055 0.0398749560117722 0.0664268925786018 0.108532471209764 0.0675941679626703 0.025323786213994 0.00569624635390937 0.0191965290345252 0.0300167648121715 0.00618117554113269
0.226669427752495 0.220217548310757 0.225174640119076 0.221840627491474 0.234024147689342 0.324785347282886 0.401001983880997 0.229908584058285 0.207173523306847 0.186209608614445 0.177991850674152 0.236557210981846 0.133841305226088 0.0655139684677124 0.270383924245834 0.0301852025091648 0.00260496494593099 0.00475483185728081 0.00219074436608935 0.00193101170079899 0.00171342016619747 0.00110649850103073 0.000592273233633023 0.00117959369090386 0.000984713993238984 0.000118073868452484 0.000475801283391775 0.017732732091099 0.0273806856013834 0.0482834734022617 0.00237145723076537 0.00101741192484042 0.0349356865510344 0.0305544894188642 0.0523740503937006 0.0548572700470686 0.0188390151597559 0.0570914022624493 0.0603188015520573 0.0643841952085495 0.0484365575015545 0.0305290134623647 0.0340020766481757 0.036629861779511 0.0104809707030654 0.0304542301222682
0.210492327809334 0.163313623517752 0.146826066821814 0.229336962103844 0.293569990992546 0.242167781293392 0.365105356276035 0.293191431462765 0.211071360111237 0.185241832584143 0.179770431667566 0.180181521177292 0.11795810982585 0.192234405875206 0.0421991244889796 0.00206604319391772 0.0020051257997693 0.00260830568440724 0.000368792635708814 0.00231546172872186 0.0012509781816334 0.000982586656027706 0.00093793040359742 0.000260754506234662 0.000221200470150507 0.00552324139280245 0.0846021495759487 0.0415818691253662 0.0233891134150326 0.062994821369648 0.00181012417888269 0.00997576643712819 0.0505593881011009 0.0274346759542823 0.0480036349967122 0.0689565718173981 0.0290835934691131 0.0390590852126479 0.0226472545415163 0.0206259900704026 0.0352527791634202 0.0683688681572676 0.0320293206721544 0.00631827127654105 0.00459126671776175 0.00220087548950687
0.0934507112950087 0.0943451855331659 0.140674282610416 0.172788570076227 0.273192551732063 0.263389034569263 0.374900335073471 0.223473240435123 0.199955525994301 0.186738129705191 0.190476401150227 0.272856704890728 0.0398454084061086 0.0785420536994934 0.0159149672836065 0.00225203995942138 0.0035402744601015 0.00036560231446856 0.00196219731369638 0.00237246002652682 0.00126060250113369 0.00385775220929645 0.00103010365673981 0.000863336781912949 0.0144306922564283 0.0610721003264189 0.0813057672232389 0.016786281671375 0.0084353250451386 0.0462865205481648 0.0152251911815256 0.0251632900908589 0.0439672337844968 0.0265512743033469 0.0810552466660738 0.0570486260578036 0.0606057390570641 0.115225248038769 0.039950774051249 0.010853606229648 0.0257355371490121 0.035664583556354 0.00798340565524995 0.00120340460271109 0.000585981938274926 0.00303948068176396
0.0352267193607986 0.0444944713264704 0.0806673523038626 0.104631451517344 0.191711691766977 0.236827002465725 0.262415836751461 0.210972069203854 0.197711271047592 0.195979070663452 0.198746029287577 0.186630613356829 0.192365008592606 0.0907662205398083 0.0196516365278512 0.00342605337500572 0.00508634347352199 0.00199371741618961 0.00228607854369329 0.0126516322954558 0.00337027563073207 0.00132425642732414 0.00113947860299959 0.00133889717399143 0.0309160127304494 0.26451141089201 0.0912427492439747 0.0138013552408665 0.0249349790625274 0.0423038251698017 0.00857416545040906 0.00998623641207814 0.00885118367150426 0.0147861237637699 0.0171814355067909 0.0287574360147119 0.0137513745576143 0.0360870506614447 0.0296997562050819 0.0173485945910215 0.00467084773117676 0.0126104707829654 0.0028509040363133 0.00173631966754328 0.000295845835353248 0.000128448962357197
0.103322276473045 0.0448252456262708 0.0870827130973339 0.121775273233652 0.126506218314171 0.100563410669565 0.0472613785415888 0.180687683075666 0.164107592403889 0.215926280617714 0.204353511333466 0.19326648414135 0.336853604018688 0.177359370142221 0.175485070049763 0.0880136583000422 0.0186845271848142 0.000702289604487305 0.00433864110382274 0.00165250986683532 0.000305021986423526 0.00167205263569485 0.00217038474147557 0.0125153507338837 0.12826202660799 0.137957771122456 0.0291007249616086 0.0323168829083443 0.0251411498524249 0.0272219541482627 0.00698710232973099 0.0218104648403823 0.021676663774997 0.00883790915831923 0.0106407608836889 0.0277300455607474 0.00990471132099629 0.00608948357403278 0.0025933574535884 0.000638790181619697 0.000197776148206685 0.000288838817323267 0.00173925073177088 0.000424557511178136 0.00105736341647571 8.76174371853722e-05
0.079143038392067 0.166991754621267 0.0941683381795883 0.0424568234011531 0.12540692538023 0.084748388081789 0.0639476992189884 0.0883023861795664 0.141202633827925 0.211902362108231 0.185839143395424 0.122966429591179 0.327218748629093 0.117885084450245 0.0993609093129635 0.233976747095585 0.0701690262183547 0.0188451688503847 0.0111308940802701 0.00223605436331127 0.00211320976522984 0.00221824039326748 0.016905000153929 0.13502841591835 0.0993628561496735 0.140376856178045 0.0973839197307825 0.00374237238429487 0.0170747200958431 0.027211250923574 0.00900596980936825 0.000941421338939108 0.00447501593735069 0.00143984925816767 0.000607280619442463 0.00566771144513041 0.0248657383956015 0.0110842566005886 0.00100792740704492 0.000545078918003128 0.000823740660416661 0.00145376594009576 0.000524553477953305 0.000118032268898105 0.000858905495988438 9.44420458530715e-06
0.104278215020895 0.0858155805617571 0.0516979683190584 0.0239599210675806 0.0243020778987557 0.0729404088109732 0.117429769039154 0.0919283833354712 0.0988372333347797 0.192883790284395 0.202522834390402 0.19515373185277 0.320668621361256 0.0841401966288686 0.301154075562954 0.285330334305763 0.204950552433729 0.117167465016246 0.0554764572530985 0.00580477621406317 0.0303527933545411 0.030915691703558 0.0804496960714459 0.156043592095375 0.085713317617774 0.0628732115030289 0.0601129170507193 0.0130265233106911 0.0369278891012073 0.0110103083308786 0.00434488733299077 0.00236773499054834 0.000940565239579882 0.000577442935900763 0.000231963988289863 0.034646232612431 0.00112542865899741 0.000355946013860375 0.000387077790401236 0.000389096706840064 9.56901504110874e-05 0.000259965144368834 0.000159974209600477 0.000176546765146668 0.000251877046775917 0.000867726622527698
0.0452053403481841 0.0764511901885271 0.0227906745392829 0.00787025633035228 0.00903018688550219 0.0720496006309986 0.169180727005005 0.189286974072456 0.186945604532957 0.18387168943882 0.158316430449486 0.162889706343412 0.0854232270270586 0.0940720070153475 0.253960943222046 0.106623707711697 0.0763137593865395 0.303711470961571 0.303408974409103 0.0416559053584933 0.0121896079741418 0.0549283183179796 0.0353883599862456 0.0783551890403032 0.0752249613404274 0.162313380092382 0.0168877749703825 0.0140197469387203 0.0155204067006707 0.00870385428424925 0.000333939821393869 0.0032600735721644 0.000949636718723923 0.00305438182549551 0.00134098833514145 0.00215397624415345 0.00622955284779891 0.000774653852568008 0.000343125673271061 0.000281885057574982 0.000147283114711172 0.000165301603465196 6.17254478783025e-05 7.14935890513857e-05 8.97317574953149e-05 0.000187391582380769
0.219618679583073 0.186268424242735 0.0440062444657087 0.00274254096875666 0.0374792573973537 0.075314561277628 0.0976007647812367 0.16145266070962 0.187907918542624 0.189010051637888 0.0905972633510828 0.100685351341963 0.130576854199171 0.106502463668585 0.17148155644536 0.170491735637188 0.294204506278038 0.292077112197876 0.208795039355755 0.0458256936632097 0.00182778935995884 0.0579602122306824 0.107082598656416 0.158026120066643 0.0108829401666299 0.0673596363514662 0.00516221857396886 0.00741167389787734 0.000686352673437796 0.000243939195843268 7.03089463598872e-05 0.000114816733355383 0.00022275932269622 0.000212289097203211 8.24576252114184e-05 0.0001457888410755 0.00176574831421021 0.000410402053239523 8.02690908130899e-05 2.2349650802056e-05 3.78913405221226e-05 1.24509497867464e-05 6.76811240434283e-06 5.76040776865128e-06 6.39107877877798e-06 7.43224420340916e-06
0.131962511688471 0.11314234957099 0.123558159172535 0.163474121689796 0.022994068916887 0.0408716799691319 0.0802148666232824 0.083077896758914 0.19745970889926 0.169272722303867 0.191928591579199 0.183073223382235 0.0857076827436686 0.079274333268404 0.078485956415534 0.176714383065701 0.190513135492802 0.204548860341311 0.206446380913258 0.324940156936646 0.186961499601603 0.0647567646577954 0.241689872741699 0.200826328992844 0.0316445466130972 0.00508511398220435 0.00396735808462836 0.000616697018085688 9.12416113237669e-05 9.93395358737104e-06 0.000122141884821758 1.72246511318974e-05 4.58275715232048e-05 5.79406255852177e-05 9.68605454132465e-07 2.24895606624642e-05 0.000115492105621229 1.14929575043554e-05 1.03107625546883e-05 8.95554843465263e-06 1.13185177104569e-05 1.36764350509022e-06 8.29909712853905e-06 8.19102358931012e-06 1.17734933332558e-06 1.00585166500355e-06
0.0474726509302855 0.186929119378328 0.213905699551105 0.0159302441868931 0.00389441590232309 0.0359666605480015 0.0837438881397247 0.0449937224388123 0.0908486928790808 0.099441122636199 0.186973868310452 0.0955327685922384 0.142133294790983 0.110559939593077 0.100799053162336 0.13592659085989 0.170290921628475 0.289260086417198 0.225082305073738 0.116591645032167 0.306293295323849 0.159534502029419 0.212446537613869 0.131712853163481 0.0390994345769286 0.00482792789698578 3.40482787834162e-05 4.05177482207364e-05 0.000203015431497988 8.19078091769399e-06 7.58957501147961e-06 1.10139542861099e-05 7.24749501297417e-06 7.19928326184949e-06 1.16464451719311e-06 7.96277349137675e-06 1.30393291342124e-06 1.38880895937943e-06 8.80791020803073e-06 1.4096339197911e-06 1.02629681211219e-05 1.54245140377984e-06 1.4207562028079e-06 1.3038472543192e-06 1.19485763996341e-06 1.1041574027093e-06
0.124485444277525 0.101374992355704 0.106893102452159 0.00811637664446607 0.00613980744965374 0.020354745874647 0.00104261961387238 0.0102805358939804 0.0172191867604852 0.0533038940280676 0.0362305191345513 0.0232449114788324 0.0941162530332804 0.101068143546581 0.182267642021179 0.0731838155537844 0.104682972282171 0.180009672045708 0.15474314764142 0.0732995986938477 0.164088699221611 0.194931219518185 0.187034544348717 0.157149031758308 0.0917715810239315 0.00397522122366354 0.000385410196531666 9.60676672349336e-05 4.03233020428218e-05 1.18124932861896e-05 1.51496654340333e-06 1.36027006742978e-06 9.50553398340048e-06 9.9474879895034e-06 9.05019428119047e-06 8.74772849952521e-06 1.43012098589024e-06 1.40467787649312e-06 1.3972555656161e-06 1.44724687503039e-06 1.02357620927584e-05 1.50058181529467e-06 9.46068127936073e-06 8.79134770030987e-06 1.29354794242698e-06 1.1203468795129e-06
0.0246003628242761 0.0202837824821472 0.00361814094358124 4.19481526360954e-05 1.44069986650397e-05 2.49985646244566e-06 2.07020445101236e-05 4.63485482580239e-05 4.64686901491262e-05 0.000397274177191775 0.000518972646568727 0.0123230968834832 0.0384211285971105 0.0653812196105719 0.0490364311262965 0.141543094813824 0.0391800296492875 0.0772233035415411 0.142477700859308 0.169963319599628 0.147040908783674 0.192374066263437 0.203835005313158 0.156088951975107 0.00501635540276766 0.000427352403494297 3.68435032605419e-05 0.000197574203110662 1.28273781703214e-05 1.1703864186785e-05 9.62971569999915e-06 9.43061850393612e-06 1.51312641409884e-06 1.55440040201515e-06 1.62941982657649e-06 1.53027463404287e-06 1.4665725971641e-06 1.52782654573302e-06 1.52328530712564e-06 1.58556923962605e-06 1.00374534100389e-05 9.52166984324876e-06 1.0048067966828e-05 1.12644244172344e-05 8.16680159414496e-06 8.38816655148733e-06
0.000219705235855372 1.32087241199841e-05 1.44424982635449e-05 2.33747380918858e-06 0.000339124141839875 5.39208472041253e-05 8.13770983910445e-05 3.56196768738215e-05 2.85039415874877e-06 1.95838552158989e-05 2.33938230199016e-05 0.00039029059355471 0.000817265146088175 0.000861554094171879 0.00254697682976257 0.0103394923382439 0.00392513011174742 0.00902956997742876 0.00463791697693523 0.0305863284505904 0.0909479454159737 0.0175476521719247 0.0864921219646931 0.205595794320106 0.00463114214944653 0.000140153928046516 9.54776599371598e-05 1.5927992230047e-05 0.000378692727508678 0.000115840599539752 1.59328688113192e-05 1.69598146114724e-06 1.58927319411362e-06 9.30612228846606e-06 1.36358849485152e-06 1.02469557056395e-05 0.000192729478004594 1.66105623761181e-06 1.66605175599965e-06 1.70985243904687e-06 9.56192256245103e-06 1.41036376470893e-06 1.34321627726086e-06 1.32270270765122e-06 1.27641913680865e-06 7.64020429990797e-06
