Scripts_&_data/Maxent_result_files_2/B_confusus_3.asc
NCOLS 594 
NROWS 330 
XLLCORNER -15 
YLLCORNER 23 
CELLSIZE 0.166666666666667 
NODATA_value -9999 
[rows 200 to 219 of 330, columns 184 to 229 of 594]
0.441883623600006 0.179083247110248 0.046806560899131 0.298617568612099 0.51888090968132 0.628656435012817 0.0609374416060746 0.170672561973333 0.174671084433794 0.186675772070885 0.104412201046944 0.222954022884369 0.219691152870655 0.0385940558277071 0.0646323379129171 0.210982652753592 0.0801958967000246 0.0348190626129508 0.0152995866723359 0.0476395999547094 0.0711557291448116 0.0939964942634106 0.0592395534738898 0.0977137640118599 0.0771886572241783 0.169511589407921 0.0844723209738731 0.08636274933815 0.113691823929548 0.11155192181468 0.130814885348082 0.144325070083141 0.0738714028149843 0.0709317337721586 0.0635984353721142 0.031257566716522 0.0381411356385797 0.00125734092907805 0.00420333056972595 0.0309184281155467 0.0243898139859084 0.0762704897671938 0.0561943404376507 0.0854661539196968 0.072766475751996 0.0492629708722234
0.0912074545398354 0.20511923879385 0.074836768489331 0.159760572388768 0.6016506254673 0.358504275977612 0.572783651947975 0.172285808995366 0.241831681132317 0.154444194957614 0.585673072934151 0.558110526204109 0.477729642391205 0.506004738807678 0.0838645201176405 0.256133833527565 0.348471847176552 0.100911544263363 0.0411416036076844 0.04979800414294 0.0784974746406078 0.0471399560105056 0.141074153780937 0.0699031163007021 0.128651856631041 0.101408740133047 0.108622466027737 0.0399817872792482 0.136087045818567 0.118947426229715 0.0874196402728558 0.087166890501976 0.107923647016287 0.0817006886005402 0.0694572292268276 0.0581981395371258 0.040359641762916 0.00265397285584186 0.00227497035666602 0.0384713419247419 0.0290359750390053 0.0296741982921958 0.0482697062194347 0.0451631717383862 0.0544415019452572 0.0587405286729336
0.0268175015226007 0.0257233490236104 0.0136665724916384 0.191458086669445 0.256151930987835 0.454280012845993 0.365897959470749 0.534646928310394 0.444714710116386 0.46534284055233 0.515279334783554 0.466392262279987 0.481804022192955 0.0829468134790659 0.427349969744682 0.496634492278099 0.367033858597279 0.522368514537811 0.282318595051765 0.0522022761404514 0.041539697535336 0.0367333575151861 0.121788363158703 0.20254365876317 0.142331404238939 0.122802986949682 0.138066528737545 0.114116129279137 0.155401010811329 0.0834711860865354 0.0974989712238312 0.0943894639611244 0.0922478526830673 0.0679576694965363 0.0765333123505116 0.0747869128827006 0.0536270631942898 0.124339390639216 0.108694671653211 0.101194630563259 0.0783453784883022 0.0251022962853312 0.0316348450258374 0.0451603330671787 0.045789348334074 0.0507481373846531
0.0102256196551025 0.00449040129315108 0.018040574900806 0.0435114655643702 0.193862256407738 0.699382573366165 0.578319799900055 0.478080788254738 0.431368955969811 0.630551543831825 0.291565565764904 0.382806088030338 0.666156935691834 0.154846846684813 0.029452379187569 0.200253419578075 0.742103117704392 0.619664597511292 0.712015235424042 0.617703968286514 0.532164925336838 0.0903812123462558 0.0442190294386819 0.153790200129151 0.465611371397972 0.414132884144783 0.188191342353821 0.396168625354767 0.152683461457491 0.0765638164244592 0.158536224067211 0.131779059022665 0.0542766392230988 0.0706843759864569 0.0727194536477327 0.0893937971442938 0.040217413182836 0.120773521624506 0.078535981848836 0.166152768582106 0.0748941760510206 0.0427340425550938 0.0315238285809755 0.0569630980491638 0.0485318450257182 0.0356805481016636
0.00650819181464612 0.00151370835374109 0.000740854282048531 0.00854271720163524 0.0394150532782078 0.281867019832134 0.426075845956802 0.67252077460289 0.495406806468964 0.699486422538757 0.561018249392509 0.498500788211823 0.276890987157822 0.2258649289608 0.0722532417625189 0.0509219194762409 0.156342322379351 0.714500558376312 0.695726519823074 0.516185468435287 0.558086341619492 0.622781997919083 0.563217380642891 0.284192995727062 0.236107852309942 0.108375756815076 0.101498530805111 0.0891657624393702 0.104583255946636 0.10496508218348 0.12417736761272 0.0157352865440771 0.0475631815381348 0.020551140489988 0.117321938276291 0.0439538777107373 0.0583931165281683 0.0542001919820905 0.115315460413694 0.0704951457679272 0.103710819780827 0.0660483825951815 0.0599405277520418 0.00343181079952046 0.0110550099983811 0.0390346365049481
3.78812158032815e-05 9.32275067953015e-06 0.00238993737148121 0.0056421099929139 0.0199070384725928 0.0369286371394992 0.0279287269338965 0.318683470785618 0.347446696460247 0.550205099582672 0.607830107212067 0.341025058925152 0.198917425423861 0.40487302839756 0.290981315076351 0.25360492169857 0.148335513845086 0.521925762295723 0.107201727759093 0.106302964687347 0.254868443310261 0.279427695274353 0.599312222003937 0.863013207912445 0.407965615391731 0.245273074507713 0.065682867448777 0.139128632470965 0.0994386272504926 0.114143592864275 0.0317260165698826 0.0284386416664347 0.0648545758798718 0.0352442937903106 0.0750764474272728 0.04128208742477 0.0556867171544582 0.205276314169168 0.147167305834591 0.0990014664828777 0.0293342679855414 0.087299844995141 0.108189039677382 0.0409776894375682 0.0427081856876612 0.0675889268517494
-9999 -9999 0.000431696142186411 0.00188820580951869 0.000922560147591867 0.00547909166198224 0.0527149520814419 0.098387735337019 0.16358545422554 0.246800225973129 0.638002234697342 0.663443315029144 0.184972512722015 0.000897119613364339 0.399026542901993 0.360230541229248 0.15654818713665 0.194744695350528 0.098206543084234 0.0537626825273037 0.394430841505527 0.238487437367439 0.16525165066123 0.27151855379343 0.870430034399033 0.566888520121574 0.221158183738589 0.0913651193492115 0.390443316102028 0.45491886138916 0.37099956125021 0.0466864731628448 0.0446791687980294 0.0614753488451242 0.0243459965568036 0.0664772864431143 0.0362031868193299 0.0927525114268064 0.202099733799696 0.0748786320909858 0.124515737220645 0.0490363431628793 0.0716151487082243 0.0279824044555426 0.0683212034404278 0.0385202551260591
-9999 -9999 -9999 -9999 -9999 -9999 0.000664392288308591 0.0122235832270235 0.0744817845523357 0.0150672328658402 0.125372731685638 0.156477914750576 0.0113594918511808 0.261809350550175 0.260856034606695 0.196206096559763 0.252735958993435 0.403592702746391 0.242817147821188 0.464079234004021 0.51932290494442 0.374496512115002 0.442970439791679 0.261701659858227 0.445862537622452 0.772832459211349 0.436648392677307 0.529625037312508 0.619528728723526 0.376284286379814 0.436219401657581 0.527211219072342 0.0586105834692717 0.0362173385219648 0.0711321664974093 0.0595614875666797 0.0301366176456213 0.00297443997988012 0.0408381879329681 0.269145914167166 0.122828855644912 0.150308376550674 0.125674641691148 0.10166026391089 0.066080180183053 0.0502842180430889
-9999 -9999 -9999 -9999 -9999 0.000171097974453005 -9999 -9999 0.01681407103315 0.097865828871727 0.0242068283259869 0.00643089623190463 0.00185667915502563 0.00473580992547795 0.351267910003662 0.489733895659447 0.557391494512558 0.172195045277476 0.185624192655087 0.543307557702065 0.700296753644943 0.646686011552811 0.686171019077301 0.611332637071609 0.399174392223358 0.685784161090851 0.770124787092209 0.72452991604805 0.747570890188217 0.173890230059624 0.293084256350994 0.259970370307565 0.0357863411307335 0.0620723139494658 0.0715871680527926 0.0356357966549695 0.0532706249505281 0.0154906028183177 0.0712144121527672 0.0807109197601676 0.11988867148757 0.208340160548687 0.277847555279732 0.0612428258173168 0.0102372231893241 0.105207815393805
-9999 -9999 -9999 -9999 -9999 -9999 -9999 -9999 -9999 -9999 0.0023482755641453 0.00382609711959958 0.00616255935747176 0.00084109254530631 0.0967712938785553 0.277986165881157 0.695693224668503 0.626982647180557 0.572226530313492 0.605927613377571 0.459422841668129 0.528289172053337 0.599042311310768 0.688128924369812 0.211002163589001 0.745419746637344 0.839675891399384 0.55095631480217 0.316064812242985 0.198380406945944 0.129875791445374 0.173078498244286 0.198517023772001 0.0273219949332997 0.0320235190331005 0.0479172766208649 0.0740975808352232 0.042241115309298 0.0604619789868593 0.0240182377630845 0.0911156062036753 0.0763601262122393 0.176776986569166 0.389729794859886 0.388369074463844 0.251739932596683
-9999 -9999 -9999 -9999 -9999 -9999 -9999 -9999 -9999 -9999 -9999 0.000680442291195504 0.000905137383961119 0.00223932715598494 0.123409597575665 0.366919174790382 0.0860180713236332 0.717318457365036 0.664000326395035 0.507076227664948 0.596972963213921 0.56545090675354 0.406092339754105 0.0942741913720965 0.197120193392038 0.372838535904884 0.56538610458374 0.533532175421715 0.345071741938591 0.373509806394577 0.0907237374223769 0.269166399538517 0.256050509214401 0.128543735481799 0.0634896656731144 0.0480681598186493 0.0334937801584601 0.0265806250274181 0.0149439273867756 0.0384312185342424 0.0599821295239963 0.137833632156253 0.0962688502855599 0.0280991151928902 0.01400136211887 0.0169543483527377
-9999 -9999 -9999 -9999 -9999 -9999 -9999 -9999 -9999 -9999 -9999 -9999 -9999 0.000438423150626477 0.00843624537810683 0.0421959390863776 0.0218842967413366 0.227651600539684 0.517263004183769 0.226870605349541 0.570379033684731 0.221561249345541 0.155027517676353 0.0499130416661501 0.263646736741066 0.259900838136673 0.395443910360336 0.592304772138596 0.265214464068413 0.0867398411035538 0.123046434670687 0.0857411988079548 0.0951316013932228 0.0581766774412245 0.0805887219496071 0.0514223051257432 0.0529787642066367 0.077395284594968 0.0334954637801275 0.106576513731852 0.154363746568561 0.245266310870647 0.0363281568512321 0.09357585683465 0.137799548357725 0.0872664514929056
-9999 -9999 -9999 -9999 -9999 -9999 -9999 -9999 -9999 -9999 -9999 -9999 -9999 -9999 -9999 0.0118771594017744 0.10808290541172 0.632614690065384 0.155442845821381 0.385324198007584 0.0335090437904 0.307613562047482 0.307552100718021 0.143738604336977 0.0838592488318682 0.27151814699173 0.528748667240143 0.119982215389609 0.064702495932579 0.0468896649777889 0.082969743013382 0.027630880381912 0.0494387064129114 0.0918158497661352 0.132045487314463 0.158831351995468 0.182994943857193 0.0364698175340891 0.0483504315023311 0.219970547780395 0.378866393864155 0.239182786643505 0.0839353892952204 0.0485842257738113 0.0167171865003183 0.058867034688592
-9999 -9999 -9999 -9999 -9999 -9999 -9999 -9999 -9999 -9999 -9999 -9999 -9999 -9999 -9999 -9999 -9999 0.00351243282202631 0.0213070629164577 0.15267307087779 0.0292535902932286 7.00042851804028e-05 0.0985792987048626 0.68983541727066 0.177195504307747 0.113041901960969 0.349456632137299 0.267113482952118 0.0226849972270429 0.0275047734379768 0.0542996108531952 0.117626580968499 0.0472099425271153 0.0913395702838898 0.0859774120151997 0.0620364123024046 0.119727440178394 0.196753369271755 0.33230074942112 0.595114389061928 0.349910669028759 0.261014252901077 0.0149949462385848 0.0273880666587502 0.00545023758895695 0.0144343823892996
-9999 -9999 -9999 -9999 -9999 -9999 -9999 -9999 -9999 -9999 -9999 -9999 -9999 -9999 -9999 -9999 -9999 -9999 -9999 0.0102540659252554 0.00370191014371812 0.0188774486072361 0.00362413797993213 0.0472223052754998 0.0700685247778892 0.273085297644138 0.215364211797714 0.221044215559959 0.0267098430544138 0.0245410113595426 0.0366658702492714 0.29847404807806 0.0520593925379217 0.0468329715076834 0.128337187133729 0.0583218382671475 0.0785044524818659 0.0684302501380444 0.192078819870949 0.169030338525772 0.445467904210091 0.145108614116907 0.00728552448563278 0.0739270858466625 0.0404059741646051 0.447209331393242
-9999 -9999 -9999 -9999 -9999 -9999 -9999 -9999 -9999 -9999 -9999 -9999 -9999 -9999 -9999 -9999 -9999 -9999 -9999 -9999 -9999 0.00318131846142933 0.000144273448677268 0.00292093963362277 0.0635092858225107 0.52155237197876 0.327950724959373 0.423231136798859 0.0762446399778128 0.295887759327888 0.382252705097198 0.137341976165771 0.12755851149559 0.00494611235335469 0.0128201615065336 0.0440649002790451 0.0174037064425647 0.0410549312829971 0.109987864643335 0.280818636715412 0.317528069764376 0.1117456369102 0.497144341468811 0.214052778482437 0.00571445702807978 0.3431535333395
2.63253039065603e-05 0.000631098357553128 0.000481119556934573 -9999 -9999 -9999 -9999 -9999 -9999 -9999 -9999 -9999 -9999 -9999 -9999 -9999 -9999 -9999 -9999 -9999 -9999 0.00555328736081719 0.000638966550468467 0.000499075459083542 0.00114517565234564 0.0602351259440184 0.326425091922283 0.917904102802277 0.495292633771896 0.610099473595619 0.393568940460682 0.238094632327557 0.0665502604097128 0.0812839820981026 0.00805449667386711 0.0296956727281213 0.0903901137411594 0.0204782839864492 0.0256204864010215 0.0307758951559663 0.0174759838730097 0.0260544694960117 0.207370832562447 0.247793398797512 0.0164800049737096 0.491038200259209
0.0105775634292513 0.0252360419370234 0.011495570326224 -9999 -9999 -9999 -9999 -9999 -9999 -9999 -9999 -9999 -9999 -9999 -9999 -9999 -9999 -9999 -9999 -9999 -9999 -9999 -9999 -9999 0.0762658201158047 0.0246645781211555 0.669642215967178 0.690145182609558 0.353487810492516 0.0881412347778678 0.227571008354425 0.0577384015545249 0.00820538259577006 0.175649173557758 0.00201958582911175 0.0508217327296734 0.000182861736175255 0.00329984980635345 0.00067394842626527 0.00311230506049469 0.00213797082687961 0.102307387418114 0.0441294273361564 0.152929153293371 0.0895890537649393 0.666951107978821
0.00274886731058359 -9999 -9999 -9999 -9999 -9999 -9999 -9999 -9999 -9999 -9999 -9999 -9999 -9999 -9999 -9999 -9999 -9999 -9999 -9999 -9999 -9999 -9999 0.00456861897837371 0.0743134506046772 0.339448162913322 0.124989635497332 0.609264999628067 0.11819963902235 0.195485039055347 0.346321932971478 0.0860003957524896 0.158389155752957 0.00178732154308818 0.0992179514840245 0.065022249519825 0.00907004419714212 0.000644313407246955 2.68212412265711e-05 0.0607909623533487 0.0109838579781353 0.00365086528472602 0.00174984713084996 0.439880234003067 0.324614232778549 0.00124563611170743
0.00278899782570079 0.00425499791745096 -9999 -9999 -9999 -9999 -9999 -9999 -9999 -9999 -9999 -9999 -9999 -9999 -9999 -9999 -9999 -9999 -9999 -9999 -9999 -9999 -9999 0.0264221974648535 0.0339599208906293 0.299501058459282 0.754724013805389 0.847287398576736 0.402580121159554 0.296593903005123 0.212398232705891 0.102401390299201 0.00522135343635455 0.0587554327212274 0.0443290259689093 0.00400705612264574 0.010597903560847 0.00165578726446256 0.0320572323165834 0.0243310858495533 0.0251652799081057 0.0894961815327406 0.016398511081934 0.0604869075119495 0.0684897121042013 0.000997778345481493
