Scripts_&_data/Maxent_result_files_2/B_confusus_2.asc
NCOLS 594 
NROWS 330 
XLLCORNER -15 
YLLCORNER 23 
CELLSIZE 0.166666666666667 
NODATA_value -9999 
[rows 60 to 79 of 330, columns 184 to 229 of 594]
0.000708317989483476 0.000112713510316098 0.000208849887712859 0.00102357279974967 0.000524885758932214 0.000198000594900805 9.79291227849899e-05 2.31006346893992e-05 5.73310515392222e-05 0.000104334704428766 0.000101023281240487 6.14324886782924e-05 3.4501678601373e-05 2.72271740186625e-05 4.77619581261024e-05 1.99154976598948e-05 4.01258570263963e-05 4.40961688127572e-05 4.12033790780697e-05 1.64796136687073e-05 1.74424589658884e-05 3.33810072561391e-06 7.12404386149501e-06 1.42519039627587e-05 8.22659094410483e-06 7.05510426541878e-06 4.73870949235788e-06 7.09861369614373e-06 4.35076846088123e-06 7.33427390287034e-06 4.89356314119505e-06 1.06192375255887e-05 9.74480425384172e-06 5.27557026543946e-06 7.76631030703356e-06 8.92455826715377e-06 1.04406926425327e-05 1.12236216295969e-05 9.48235665418906e-06 8.28367378744588e-06 1.02280337159755e-05 1.20273176548835e-05 1.11513657884643e-05 1.63192758236619e-05 1.01144849168122e-05 9.22760215189555e-06
0.000768619670998305 0.000264567659905879 0.000283218404183572 0.000216451656160643 0.0001197004061396 8.85290523910953e-05 5.77487502141594e-05 1.57725105509599e-05 3.26339863477187e-05 7.97931595116097e-05 7.88394259416236e-05 3.40229776611523e-05 0.000125997900704533 5.06956820117921e-05 3.65674495697021e-05 2.38198087799901e-05 2.9147136319807e-05 1.6029110497584e-05 1.40453731546586e-05 1.73774869608678e-05 1.01204650036379e-05 6.78792966937181e-06 7.53129413624265e-06 1.13055136353069e-05 4.92041596089621e-06 1.46861708003598e-06 6.48024865768093e-06 5.23898610254037e-06 9.08650831661362e-06 1.02881069665273e-05 6.43123210011254e-06 4.81686639091095e-06 9.07969759964544e-06 5.31503400793554e-06 4.28198598001472e-06 3.9588907839061e-06 4.41812343865422e-06 4.6016169790164e-06 6.69203621441738e-06 8.69724512995163e-06 9.22640256248997e-06 7.2912047698992e-06 8.27877280471512e-06 1.17218313562262e-05 1.00588383475042e-05 9.48862460745659e-06
9.80825241640559e-05 9.08269637875492e-05 0.000263009862828767 0.000231915863059839 0.000110772519701641 5.52961415451136e-05 4.71729401851917e-05 1.05101806184393e-05 2.73558339813462e-05 2.87898271835729e-05 4.15420922763587e-05 5.08270252794318e-05 5.13939334268798e-05 7.56799638566008e-05 4.93734898554976e-05 6.72681815558462e-05 4.91473184411007e-05 1.08980343043186e-05 1.05958459926114e-05 6.32647788734175e-06 6.91143087578894e-06 9.66513354114795e-06 3.06656833117813e-06 6.04190795456816e-06 6.26469438884669e-06 5.39665229553066e-06 5.0551881543015e-06 5.84957701903477e-06 2.45159802716444e-06 1.0093375942688e-05 1.30072474576082e-05 6.58805466855483e-06 5.13947486524557e-06 8.17873692540161e-06 1.52001454353012e-05 1.04126446331065e-05 1.37297408400627e-05 7.08179844650658e-06 1.01298146546469e-05 1.26947275134626e-05 1.20939446446755e-05 1.33869699766365e-05 9.90327707768302e-06 1.29746094216898e-05 1.43862349204937e-05 9.8293354199086e-06
0.000100277763340273 8.35030694361194e-05 9.21939099498559e-05 7.20010899158297e-05 2.50689864287779e-05 0.000149329555461009 4.98304067150457e-05 2.3281926587515e-05 2.20826466375001e-05 2.80935753835365e-05 3.91791340462078e-05 4.07325491778465e-05 2.79213533758593e-05 3.08853096157691e-05 1.44048539823416e-05 2.50265973136266e-05 2.35146671911934e-06 1.80460930550907e-05 1.02637492773283e-05 1.78571107483094e-06 3.57737735043884e-06 6.79848812978889e-06 7.34577754428756e-06 8.29822373589195e-06 8.00140784349424e-06 7.59821374458625e-06 7.0714668254368e-06 7.53545565430613e-06 5.84469971727231e-06 1.23363781767694e-05 1.25668994542139e-05 9.95250757114263e-06 8.53800019058326e-06 1.44966280458902e-05 1.74099679270512e-05 8.02792436616073e-06 1.4118742114988e-05 8.3086627796547e-06 1.70413453133733e-05 1.00575006172221e-05 1.57041987222328e-05 5.70871809486562e-06 1.54927604853583e-05 1.27758734379313e-05 1.97526335341536e-05 1.19397469575233e-05
0.000158495243158541 0.000167613877238182 5.83691780775553e-05 0.000107198486739435 0.000106405745464144 5.75878865674895e-05 4.24693203513016e-05 3.56095482857199e-05 1.51771232140163e-05 3.42095389214592e-05 3.49847889538069e-05 3.5400307024247e-05 5.69469608763029e-05 2.56337465771139e-05 6.29140882210777e-05 4.79596327068066e-05 5.26321539382479e-06 7.60945573574645e-06 1.0321389299861e-05 6.91426401999706e-06 1.67784990310338e-06 1.79307651251293e-06 1.10847715291129e-06 7.89961243299331e-06 5.27319332945808e-06 3.21073283373607e-06 5.64980102240042e-06 7.13507969294369e-06 7.42991104516477e-06 1.18272697591237e-05 2.47625759129733e-05 2.25772814701486e-05 4.47902191353933e-06 2.1528303705054e-05 2.50801178708571e-05 2.56463258210715e-05 2.79133098274542e-05 2.6546052095e-05 2.72504512849991e-05 2.43837918333156e-05 3.82663003165362e-05 1.74035489635571e-05 2.12951166531639e-05 7.59193911790135e-06 2.11590979915854e-05 1.73544758354183e-05
5.1973344579892e-05 1.81341100415011e-05 2.5098873902607e-05 7.80056735948165e-05 4.54546618584573e-05 2.32840297940129e-05 4.60365495882797e-05 6.25025954832381e-05 2.09864590033249e-05 2.28622884833385e-05 2.15043985008379e-05 1.86107552281101e-05 1.75833198227338e-05 1.3363496088914e-05 2.10311914997874e-05 1.42827381296229e-05 6.87348857582037e-06 6.56775090988049e-06 5.32394908532297e-06 6.39324065332403e-06 7.35650971819268e-06 4.69267376388416e-06 5.92066872968644e-06 1.01853540058983e-05 7.36355379444831e-06 1.0301319662176e-05 1.1087688369571e-05 5.5270244786243e-06 5.67278007679306e-06 1.07565350845107e-05 2.13574069675815e-05 9.98268827970605e-05 6.50736606075952e-05 3.50463003996992e-05 1.04168262396342e-05 1.02262157724908e-05 2.5815177059485e-05 6.64188285099954e-06 2.02283438738959e-05 2.73490562904044e-05 2.86234115719708e-05 2.97313219562056e-05 1.90796421975392e-05 2.25210395910835e-05 1.53704660306175e-05 1.63817879183625e-05
5.88559154039103e-05 0.000158932580598048 1.46157972039873e-05 4.55592678008543e-05 2.83080903955124e-05 5.11047775262341e-06 1.52725242173801e-05 3.3352791069774e-05 3.42718368756323e-05 5.80372580543553e-05 1.9694874004017e-05 1.38210375325798e-05 9.00069115914448e-06 1.11784789623925e-05 9.16558726089534e-06 8.11844209920309e-06 6.69209101715751e-06 6.15403911297108e-06 3.17214846177194e-06 4.58778188772158e-06 3.03382123831852e-06 3.50049272412889e-06 7.5298289004877e-06 2.33617443882395e-05 1.16552674001014e-05 1.62301495834072e-05 3.84519539124994e-06 2.55945034837168e-06 5.20599503488484e-06 7.30284660903635e-06 7.59735841029396e-06 6.27672566224646e-06 2.58490392752719e-05 3.96496653593204e-05 4.60539962659823e-05 7.13397206709487e-05 4.81126055092318e-05 3.59776303412218e-05 2.49598028631226e-05 2.23327076810165e-05 2.69646297965664e-05 2.51453718192352e-05 4.02614965878456e-05 2.60825458099134e-05 2.93479002266395e-05 1.65338435863305e-05
2.204117013207e-05 2.66587403075391e-05 1.45949629541064e-05 2.83928095996089e-05 6.19617545453366e-05 2.73663141797442e-05 2.82625223917421e-05 1.98064770529527e-05 6.88298342765847e-06 1.31679661990347e-05 1.35653491724952e-05 3.12785628011625e-06 1.48588056390508e-05 1.01498633057417e-05 8.26606249120232e-06 1.33617633423455e-05 9.08889758761688e-06 6.22015981548429e-06 5.27407667618718e-06 3.12685841379334e-06 3.85078666340633e-06 5.47272169910684e-06 4.65294701825769e-06 5.41392597597223e-06 5.03986849480498e-06 2.07133650064861e-05 8.45777334461673e-06 1.07780258076673e-05 5.23004496244539e-06 1.20879775181493e-05 1.0706224520618e-05 1.01120157296464e-05 2.68784863692417e-05 3.19314897296863e-05 2.72939019851037e-05 3.49364241628791e-05 0.000137140985316364 0.000119242490472971 8.60802187162335e-05 2.93101908027893e-05 6.87920007294451e-05 0.000314677297137678 0.000217474576129462 2.15097879390669e-05 1.07905403638142e-05 2.47326241378687e-05
3.22666726788157e-05 3.14227872422634e-05 1.36527715085322e-05 4.56759624398728e-06 1.74110077978185e-05 3.01568215490988e-05 1.75207386973852e-05 1.60665315888764e-05 1.82743443019717e-05 1.30000910985473e-05 2.47975342517748e-06 1.43199004355665e-05 9.84642261983026e-06 8.23461506342937e-06 1.10970067339622e-05 7.81605307338396e-06 9.57755667059246e-06 8.83962633224655e-06 5.32880584955819e-06 9.37661219495567e-06 9.5363203740817e-06 8.56938889342018e-06 5.56025968307949e-06 8.76521669397334e-06 1.04558498719598e-05 2.39101420447696e-05 3.78736065158591e-05 0.000136732893406588 0.000223299440040137 6.65517387460568e-05 3.35290121256548e-05 2.03661286832357e-05 5.34373127266008e-05 3.798460957114e-05 2.64079209046031e-05 7.80828148663204e-06 4.30383304774296e-05 0.000103231886350841 5.16423455337645e-05 6.9445497047127e-05 0.000130983796952933 0.000156285738921724 5.25168712556479e-05 4.42031398051768e-05 5.47940565411409e-05 5.71162203186759e-06
3.34493041918904e-05 2.15088142340392e-05 1.73086441463965e-05 1.42437265139961e-05 1.45134687727477e-05 1.60477072995491e-05 1.31674408976323e-05 1.26159674209703e-05 4.5991296133252e-06 2.485268048531e-05 1.11794165150059e-05 7.64720005008712e-06 1.24733389270659e-05 1.14526898983058e-05 5.01697272738966e-06 1.56542649136782e-06 6.22949480089119e-06 4.54850330129375e-06 8.09033061273112e-06 2.70296453663832e-06 1.90582168784204e-06 9.94541754835154e-06 1.15042909101248e-05 2.97403150398168e-05 1.21688820513555e-05 3.96701920180931e-05 8.50020008329011e-05 5.94117454056686e-05 6.58192207993125e-05 0.000172360408032546 0.000358001262065954 0.000258839064190397 0.000152445814819657 0.000125292459051707 9.12860701646423e-05 1.49437755226245e-05 0.000202133805578342 3.02984784411819e-05 5.67336182029976e-05 0.00013947501374787 8.39389417706116e-05 7.02150132383395e-05 0.000129039532475872 1.62811659265572e-05 1.76642275846461e-05 4.40034833445679e-05
1.39256161901358e-05 1.94079753555343e-05 2.09346496376384e-05 2.46894791416707e-05 2.02737314339174e-05 2.25110829887853e-05 2.05691642577221e-05 1.81929428435978e-05 3.44959376548104e-06 3.40683070021441e-06 8.25600712346386e-06 1.68484471487318e-05 1.23132272619841e-05 2.58268484003565e-06 6.14760473922615e-06 6.0635703960088e-06 6.91867025466308e-06 6.8710209859546e-06 3.29064911284149e-06 1.08701806766476e-05 2.56800144882163e-06 9.96953430103531e-06 1.16094231429997e-05 1.69506584597912e-05 8.8429891729902e-05 8.95241941179847e-05 8.24021033622557e-05 0.000129517142522673 0.000350548479036661 0.000757903134945082 0.00118448819121113 0.000609290900320048 0.000312779593878076 0.00100091147760395 0.000264949466145481 0.000496232278237585 0.000133811699561193 0.000171068280178588 5.95533080286259e-05 5.5942188919289e-05 3.66895069191742e-05 9.48177470490919e-05 3.72229021650128e-05 6.96670049364911e-05 4.71798126000067e-05 2.50756648256356e-05
2.34140411976114e-05 2.08023086315734e-05 1.68853242485056e-05 1.63314197152431e-05 1.04541010500725e-05 8.27504561584647e-06 1.88723887504239e-05 1.81959097744766e-05 1.19076928626782e-05 1.94696674270745e-05 3.23257394825305e-06 1.63403208716773e-05 3.19154201179117e-05 1.14942060918111e-05 1.74972701074694e-06 1.52631502601253e-06 5.25791381278395e-06 1.44393173286517e-05 1.02637375903214e-05 6.71468878863379e-06 3.237430973968e-06 2.7761694173023e-05 8.32671299576759e-05 0.000102704624441685 0.000490547126537422 0.000563182539917762 0.000300954053454916 0.00011729136294889 0.000202132862614235 0.00086655384657206 0.000942580652190372 0.00144591413263697 0.00129704092396423 0.000714580304338597 0.000444543924095342 0.000735326262656599 0.000355491193477064 0.000240437947286409 0.000161613513955672 5.55887435439217e-05 1.75623783434276e-05 5.69036464185046e-05 4.65916300072422e-05 7.39920630621782e-05 6.64091328872018e-05 3.79975254645615e-05
2.53749908551981e-05 1.76346664829907e-05 1.66695660709593e-05 1.33468224021271e-05 1.66611223448854e-05 1.2761571269948e-05 1.63713294341505e-05 2.00959706717185e-05 2.7012970758733e-05 2.58183621099306e-05 2.43886619500699e-05 9.98787498929232e-06 8.36939624377919e-06 1.88746880667168e-05 1.41407237208568e-06 8.51960925274398e-06 1.45886511859317e-05 1.30773198748102e-05 2.7908124309306e-06 1.67767780794748e-05 4.48662442977366e-05 7.02139851455286e-05 0.000296245449862909 0.000297640956705436 0.000355845362355467 0.00113356316724094 0.00292785358324181 0.000982448106515221 0.0019288161653094 0.00126120713393902 0.00256050542229787 0.00142095674818847 0.00117446104704868 0.00121502156835049 0.000820116812246852 0.00100671220134245 0.00062115117762005 0.00161477017682046 0.000673321090289392 0.000225453585153446 9.92390092505957e-05 6.22493797891366e-05 3.02075633726417e-05 3.87255372288564e-05 0.000144648603964015 0.000127138037532859
1.68182438756048e-05 6.81276650311702e-06 1.59333635338044e-05 4.86508973835953e-06 2.38366905932708e-05 1.95453963215186e-05 9.23878159255764e-06 1.58954395033106e-05 9.57934980760911e-06 9.32370503505808e-06 8.55226378462248e-06 4.00999543330727e-06 1.00605503973839e-05 8.94161672704286e-06 3.31685363335055e-06 1.60048565021498e-05 8.21937072714718e-06 1.09983802303759e-05 2.2776826244808e-05 4.11516210192531e-06 2.04417787017519e-05 6.66841920974548e-05 2.80616291092883e-05 0.000223662606003927 0.000229851137191872 0.00119942390592769 0.0010657725535566 0.00133569753379561 0.00214075490657706 0.00119589336391073 0.00331213815952651 0.00394212120445445 0.00111813996336423 0.00124773565476062 0.00222370530827902 0.00171789995511062 0.00128469346673228 0.000723988865502179 0.000325908968079602 0.000327161690802313 -9999 -9999 -9999 -9999 0.000295948662096634 -9999
2.21358981434605e-05 1.75401046817569e-05 1.43024860221885e-05 1.42791214102544e-05 1.93477801531117e-05 2.07519566629344e-05 1.89024083056211e-05 1.63629112876151e-05 9.25449297710656e-06 1.46475938436197e-05 7.16727126928163e-06 1.14039940626753e-05 1.16420932954497e-05 1.49524780113097e-05 9.74634704107302e-06 2.7679983162443e-06 1.53420394553905e-05 2.09979056990051e-05 1.89329485920098e-05 2.69897959469745e-05 2.2388588308786e-05 1.58781527261453e-05 7.25337928088265e-05 3.45772869877692e-05 3.32713640091242e-05 6.85553941366379e-05 0.000276952277999953 0.000332954120676732 0.000370311995357042 0.0015690112428274 0.00107081066526007 0.00291086443467066 0.00839352048933506 0.00098237564379815 0.00276891113026068 0.00206116839544848 0.00226681625354104 0.000356099977216218 0.000310965196695179 0.000122928458222304 -9999 -9999 -9999 -9999 -9999 -9999
5.1035428805335e-05 2.0098505410715e-05 1.52085590571005e-05 1.51211199636236e-05 1.97157144384619e-05 1.37411564423928e-05 2.05993735789889e-05 1.52721569179448e-05 1.22899830103051e-05 1.06324787338963e-05 1.63145496571815e-05 8.54729756838424e-06 1.03424217854808e-05 1.26702332181594e-05 1.32692710280935e-05 1.03097875125968e-05 1.5194232810245e-05 1.63646184773825e-05 3.29544841406459e-05 2.41007094246015e-05 3.71632557289558e-05 2.10913421142322e-05 2.42399712078623e-05 4.83826422168931e-05 6.49249685011455e-05 8.58627739944495e-05 0.000452198259881698 0.000382058299146593 8.97959302164964e-05 0.000125927012049942 0.000600747058342677 0.00203523878590204 0.00460909893736243 0.00169259135145694 0.00114813888794743 0.000295229464245494 0.000157110184954945 -9999 -9999 -9999 -9999 -9999 -9999 -9999 -9999 -9999
3.23481714076479e-05 2.71951244940283e-05 2.601498738386e-05 2.12489371733682e-05 2.08731197290035e-05 3.55578283233626e-05 1.98235362404375e-05 3.80934080567386e-05 9.62274982612143e-06 1.3484655346474e-05 1.26168307133412e-05 1.35711090251789e-05 8.56099089787676e-06 1.4252050414143e-05 6.06271586320872e-06 1.84278034339513e-05 5.77203530156112e-05 1.71726889220736e-05 3.38280325195228e-05 5.20588718245563e-05 0.000126642957002332 7.69178111113433e-05 0.000180881149935885 0.000226326133270049 0.000147358378671925 0.000770223280414939 0.000213574449298903 0.00142806540825404 0.000878773856675252 0.000814140817965381 0.000570275056816172 0.000142295733166975 0.00137533074885141 0.000121435133587511 0.000355121257598512 0.000252668604662176 -9999 -9999 -9999 -9999 -9999 -9999 -9999 -9999 -9999 -9999
2.51412576744769e-05 5.40406691470707e-05 0.000168347767976229 6.33892929727153e-05 1.87685437140317e-05 2.60776522509332e-05 1.68650329669617e-05 1.4310626193037e-05 1.94742465282616e-05 4.58803342553438e-05 4.55382437394292e-05 5.50320211004873e-05 6.16022682152106e-05 1.54042997792203e-05 6.8146002490721e-06 0.000191641490528127 0.000109468596929219 6.06459238042589e-05 8.47556320877629e-05 0.000181437701394316 0.000291897847637301 0.000302356878091814 0.000532861991086975 0.0005909284343943 0.000496063524042256 0.00158309617254417 0.00094785775145283 0.00164884699624963 0.00404108081711456 0.00147608579718508 0.0030495148152113 0.00394127972540446 0.00133732576505281 0.0016172999778064 0.000362621276872233 -9999 -9999 -9999 -9999 -9999 -9999 -9999 -9999 -9999 -9999 -9999
3.87152567782323e-05 3.21940708545299e-05 1.88804292974964e-05 1.77680454271467e-05 1.66781733469179e-05 2.04041373763175e-05 1.85076731668232e-05 1.30633115759338e-05 1.8110976270691e-05 2.97986427085561e-05 5.02731048982241e-05 0.000603483350278111 0.000297681926895166 0.000136348394153174 0.000129282989473722 0.000722845006384887 0.00148672044451814 0.00101237689668778 0.00104644080420258 0.000226099473366048 0.000294631146243773 7.2417635601596e-05 5.80883899601758e-05 0.000340404482267331 0.000973643468751106 0.00134853384515736 0.00261485920636915 0.00187839748687111 0.00405269140610471 0.00463789331261069 0.00266479721758515 0.00541772306896746 0.000597344980633352 0.000107462655432755 -9999 -9999 -9999 -9999 -9999 -9999 -9999 -9999 -9999 -9999 -9999 -9999
3.64060372703534e-05 9.90542219369672e-05 6.03482418682688e-05 5.83261107749422e-05 4.61070503661176e-05 2.20646786146972e-05 3.23465090787067e-05 3.51499887528917e-05 2.2323320945361e-05 2.25553862946981e-05 3.24964710671338e-05 6.97185283570434e-05 0.000251960726018297 0.000462560247251531 0.000199504772899672 0.00153472505626269 0.00410719989449717 0.00138621543883346 0.00217740825610235 0.00397514610085636 0.00253315874724649 0.00204244717024267 0.000435706661664881 0.000443363244994543 0.000570302135020029 0.000984285332378931 0.00198252371046692 0.00370870233164169 0.00595956745091826 0.00607556425966322 0.00773278747219592 0.00843327532056719 0.000852267723530531 -9999 -9999 -9999 -9999 -9999 -9999 -9999 -9999 -9999 -9999 -9999 -9999 -9999
