Scripts_&_data/Maxent_result_files_2/B_consobrinus_2.asc
NCOLS 594 
NROWS 330 
XLLCORNER -15 
YLLCORNER 23 
CELLSIZE 0.166666666666667 
NODATA_value -9999 
[rows 140 to 159 of 330, columns 176 to 219 of 594]
-9999 -9999 -9999 -9999 -9999 -9999 -9999 -9999 -9999 -9999 -9999 -9999 -9999 -9999 -9999 0.000276092125764771 0.000156367893487186 7.26912181676198e-05 3.6649601739358e-05 3.8932987024809e-05 0.000180627859657934 0.000190377448598156 0.00102409094688483 0.00244950736600764 0.000155018142042951 -9999 -9999 -9999 -9999 -9999 -9999 -9999 -9999 -9999 -9999 0.00019330809706446 8.44505999733514e-05 5.35507759406029e-05 7.36311786465382e-05 0.00128661658382043 9.38045584703673e-05 7.39512646329321e-05 0.000151804898814589 0.000118670008214394
-9999 -9999 -9999 -9999 -9999 -9999 -9999 -9999 -9999 -9999 -9999 -9999 6.57551355047303e-05 3.30244201094843e-05 0.000104743827052456 6.84723397468945e-05 3.56956184961899e-05 0.000816908139677253 0.000832911072211573 0.00231918891950045 0.00261253784410655 0.00211305369739421 0.000628391243003534 0.0008638316229721 0.00102993906666849 0.00829477617580779 -9999 -9999 -9999 -9999 -9999 -9999 0.000179858655894805 0.000276987154345454 5.57528324447776e-05 8.49286872291355e-05 0.000125553823193059 8.19592506936528e-05 6.02752589407562e-05 6.77390577282333e-05 6.7358700521758e-05 6.08628053408333e-05 6.25258953314001e-05 4.18848797781424e-05
-9999 -9999 -9999 -9999 -9999 -9999 -9999 -9999 -9999 -9999 2.0506514104679e-05 2.72149355578843e-05 0.000858637718192767 4.73467663674398e-05 0.00303484871401452 0.00135684682973078 0.00174036777461879 0.00232212686387356 0.000623104618606884 0.00626924383541336 0.0047114310786128 0.000999076592563597 0.00195725459780078 0.000677732826443389 0.000969347724822001 3.88598499456272e-05 2.12212821127933e-06 5.27813928857812e-06 4.11537993516564e-06 5.10765961166948e-06 4.03066424620735e-05 0.000220126111841346 8.14339732386315e-05 6.16453765959424e-05 7.01846604506451e-05 7.81538874557786e-05 9.13397725671006e-05 6.9099558771224e-05 3.24083402105213e-05 3.26470193320882e-05 2.87709264123914e-05 5.07784219283547e-06 1.7535813834002e-05 0.00012063915800411
-9999 -9999 -9999 -9999 0.000130764140726569 0.000128545442099437 0.000262642413428571 2.81821421971751e-05 2.04416952059305e-05 1.26665052421648e-05 3.04509811773102e-05 0.00109637913992628 0.00260078621213324 0.00125477723777294 0.00209640136454254 0.00108659632487615 0.00288889749208465 0.000824122326042698 0.00644078787881881 0.0179580847732723 0.0109243338229135 0.139647377383517 0.00093585563750338 7.53957713954811e-05 0.000401521363942492 4.40028345057186e-05 8.1849865554684e-05 3.2839789838035e-06 2.86215383925592e-06 6.35306612335462e-06 0.000125400773134554 1.04551548866905e-05 5.53683286332873e-05 6.86549714696616e-05 6.51536213750914e-05 0.00147841615377047 0.00149304106889758 0.000192120377792904 5.22918001175543e-05 7.69962414811642e-05 2.22687910850228e-06 9.25227606818346e-06 7.81489591520357e-06 5.7554603108656e-05
-9999 6.94096306341763e-05 0.000171647298139987 8.86993126316682e-06 1.16528936775495e-05 6.60418463965806e-06 0.00023174446023404 0.00050565896963235 4.07630886002153e-05 3.61800837822557e-05 0.000669420189660741 0.000759091964573599 0.000117579793004552 0.000205026104288208 0.0114725361927412 0.00147157256978971 0.00495236108545214 0.00845167456427589 0.136812155600637 0.00873262928798795 0.00161885622834461 0.0147501472034492 0.0815991540439427 0.00293862765247468 0.000264481389575832 2.42093555910428e-05 7.5575179842835e-05 0.000178580740043799 2.87963410027237e-06 3.51960470825863e-05 3.96546036768197e-05 0.00013588046213493 0.000689094323759365 0.000113230651451457 0.000327372500014178 6.98755182584221e-05 0.00019747567816405 7.53710548007547e-05 0.000342060112994047 0.000151010264041995 0.000381554882272894 7.82540152467703e-05 0.000460826241638967 8.87753151589621e-05
-9999 7.14109898751758e-06 3.0493817041588e-05 9.08939055822566e-06 5.90897551380198e-06 8.58549277172882e-06 9.95634901106435e-06 3.0382090301373e-05 1.0925254078975e-05 2.71949460689203e-05 0.00015908941760302 0.00054865949350642 0.000286633579440831 0.000262868637764768 0.000942297225265298 0.00861602695008514 0.00171025543095311 0.000529762877704343 0.00134248709090559 0.00370063036410986 0.00855804160237312 0.112256505025516 0.00508384291315451 0.00504643380409107 0.0149933837354183 0.000347480594359695 8.9201814373574e-05 4.93984064200648e-05 3.20096929087299e-05 1.74333742208099e-05 7.0172488181619e-05 0.0144353453069925 0.0039043322474754 0.00154559097355169 0.000263164327407139 0.00165775973291602 0.00977668713878757 0.000574016435157887 0.000806194304459495 8.7745797622496e-05 0.000176900719327477 0.000531072332523763 0.000808474388941249 0.000171164096534282
0.0001424657926691 9.48608352643987e-05 4.93299240791445e-05 3.96983782726457e-05 8.14909729983659e-06 1.03719555587412e-05 0.00013590672723971 1.07893548056626e-05 1.5827854297612e-05 0.000330462628608075 0.000231603304033479 0.000499226953819853 0.00491591118334327 0.000664895078776695 0.000712657460098853 0.000577604328532289 0.000275730180669598 0.000227230945721812 0.000159275458744057 1.35157141877729e-05 1.03734960870239e-05 0.00238907553457958 0.0494997824076563 0.00160396499268245 0.00120962878645514 0.00103226341161644 2.62772033064351e-05 0.000129362458433169 1.85283517166401e-05 1.37386375378079e-05 3.33763354643968e-05 0.000239503472749913 3.90558499523519e-05 7.11204109382302e-05 5.46747632914402e-05 0.00044495387730602 0.00317507705767639 0.00259162932634354 0.00170006958287559 0.000654839364827953 0.00013284672554249 0.00016012854885048 0.000252880199968786 0.000365346585749649
3.04151903894878e-06 0.00117249909840123 0.000101116073408869 0.000222656624373485 8.45709843655396e-07 8.20905969142194e-06 1.39040223773534e-05 0.0018122259149095 0.00353673859499395 0.00196384561859304 0.000339378727941231 0.00213835655304138 0.0206783648114651 0.00316981480573304 0.000441812107844508 0.000416437261942804 5.00099207478399e-05 0.000307843698465149 0.000120166217743645 1.02656430625681e-05 5.83245783670749e-06 0.00305470129969763 0.000129870918055275 8.80065051721557e-06 0.000125482971478985 8.41504699536699e-05 7.46964410837769e-05 1.98658372210225e-06 2.86456140922153e-06 0.00014238426619867 0.000566248635732336 1.9355473398619e-05 2.86103394691706e-05 0.000186365061276039 0.000102534564938161 0.000200802359759411 0.000254551060319974 0.00127972406044137 0.000513443043018924 0.000210160423011985 7.20102846571535e-05 3.63289033284531e-05 1.42768739330834e-05 2.33941855323216e-05
3.18365716781566e-06 1.89327599935396e-05 3.3125587914995e-05 3.65232949130156e-05 1.15992912469443e-06 6.29292461240549e-06 5.13858151158786e-06 4.61847861828346e-05 0.000578992627197294 0.00320089048473164 0.000689440363930771 0.000892986846156418 0.000144947952876051 0.000451459155365796 0.129101911135427 0.000362923320835762 4.3197829601993e-05 3.46995145814599e-05 7.32164175159089e-05 8.41520656986727e-06 9.85964665345396e-07 0.000105840747348429 0.000190434989540433 2.97220686647393e-05 2.01480975479007e-05 7.6538487949751e-07 3.9626903973855e-06 8.19694168955332e-06 1.1528082170198e-05 1.51905680348619e-05 3.82835380989599e-05 1.55688503222007e-05 0.000353574010141111 0.000223225184367837 0.000107296059642581 1.41472687337996e-05 6.47581477853709e-05 2.87582190600877e-05 0.00012863600768469 4.69750123478163e-05 1.62083260651147e-05 2.20092327510746e-05 1.59037194980671e-05 2.02115187275531e-05
7.31774273390329e-06 4.40441519444334e-05 2.24044074474183e-05 1.96058942646626e-05 9.16323686320886e-05 3.51439142578514e-06 2.5663881902338e-05 0.000114359897474969 0.000900563223331119 0.000560368315927917 0.00109219517325982 0.000911533223552396 0.00026314635864092 0.000135937837794131 0.00103315136573203 5.65036256415019e-05 5.74956047183162e-05 5.86728167940254e-05 0.000271166247918431 5.50015194918041e-05 0.000159840163865699 0.00706628955929389 0.961515563726425 0.00199371071622604 9.50777054150365e-05 0.00274671790049228 6.22694341662955e-05 6.97891493240732e-05 3.39159891909357e-05 1.3987767739998e-05 1.32136540054728e-05 0.000107855937173595 0.000367536887301867 9.42992167489942e-05 1.44531825503336e-05 1.26943738990581e-05 1.09286864482749e-05 1.98319555617665e-06 1.49415954683318e-06 2.49801111723569e-05 2.97231665761899e-05 1.87593397964037e-05 2.15979361672725e-05 4.06344887181276e-05
2.39240339483304e-05 5.80784631104336e-05 5.38720336678011e-06 2.7466607057447e-05 4.06744424253702e-05 2.40209977513395e-05 0.000153921653691214 3.78924845493178e-05 5.06430440730954e-05 0.00028768800797252 0.000103785749332541 0.000286301834876213 0.00011433148379183 4.23810142816228e-05 0.000305920334722032 4.62841926268887e-05 4.24221893144616e-05 1.89912534292569e-05 5.03631197146248e-07 6.1135511838506e-07 1.57042483385772e-05 1.62794064734295e-05 3.52721754328544e-05 3.60248397975771e-05 0.000167783393345644 0.00177569169924269 0.000420230884761419 0.000404583515410195 3.30016317310555e-05 3.07455573887561e-05 7.81949013669236e-05 0.000163884375005807 9.64574181794298e-07 6.52833879062342e-06 6.46188071794507e-06 2.42220833525097e-06 7.63781323126267e-05 2.15767349962537e-06 4.91085520526457e-07 2.69836395760947e-07 1.35610586512458e-05 1.37302837447839e-05 1.30824866174106e-05 8.77265107339653e-06
3.87697181849944e-05 3.82419653718102e-05 0.000109548714458663 4.97068773541054e-05 5.96777580994967e-05 6.60993993201076e-05 7.74783447923255e-05 0.000370841096287222 0.00158406752016162 0.000965888807695592 0.00049314560133098 0.00164354726439342 0.00124118760376237 0.000129616322959814 0.000137918135396831 3.315098358182e-05 3.82641600891076e-05 4.09093625783896e-05 4.81887467068676e-06 2.69096551083758e-05 1.76230341118355e-05 9.54341068077902e-06 4.71139830293676e-07 2.50518219047091e-07 2.21185465483331e-05 4.54012162720563e-07 6.05635589823184e-07 3.88702796897178e-05 5.57248108807973e-05 3.86481255547522e-05 5.75570645680812e-05 2.3777743265907e-05 9.66884101405441e-07 3.29995756557233e-06 4.5558561155401e-06 4.73714167126271e-06 4.15385297157567e-05 1.54391858022018e-05 2.62850016458094e-06 1.80741902775505e-06 1.62358982203958e-05 1.83211832530672e-06 1.27011135582666e-05 2.24347510879852e-05
3.01574592664888e-07 2.27447879240228e-05 3.93439278242758e-05 4.41001162613475e-05 0.000157627521002723 0.000848085516190622 0.000418436110271614 0.000131047544335416 0.000166862521464495 9.52999482672356e-05 5.01399542654157e-05 4.62055253713567e-05 6.6809496685849e-05 1.73916673796293e-05 1.23428721317764e-05 3.00304982463473e-05 9.41823477189963e-05 4.06806785876013e-05 1.46800020899285e-06 7.45495717188183e-06 1.92380483076016e-05 8.28404688679729e-07 1.04674335302035e-05 2.09985527724887e-06 1.05522746611797e-05 3.37930564731082e-07 4.62828745451116e-07 9.51523090523265e-06 0.000330204324768602 8.355955734487e-05 0.000283967899213167 3.45956240488166e-05 9.33124141153652e-06 6.40019547271109e-07 7.45650478672921e-07 1.41872239001195e-06 2.31915450946696e-06 1.86804524477724e-05 2.04599408103467e-06 1.87973176553058e-06 8.02343181591891e-05 1.04698668953573e-05 1.90050806333275e-05 0.000113432096600263
1.9833701602634e-06 3.6517387787216e-05 4.1557385107005e-05 7.42077208467418e-05 0.000129620834682009 0.000289896229514852 0.00010360293335907 0.000208316542455389 0.000260072181845317 0.00210978360992158 0.000326569088065298 5.49637698151417e-05 2.14393549502478e-06 1.27379023149632e-05 6.10889196354769e-05 0.00577405586593617 6.37394756278775e-05 1.81941904265792e-05 2.07674509098643e-05 1.25493568225887e-05 5.43271875053097e-07 0.000331775573910464 0.000113439687547068 4.79212215560576e-06 2.86674011251153e-05 2.89722487698318e-05 8.83817547259191e-07 1.38418135894325e-06 1.76511565388449e-06 5.48774049580203e-07 3.94243883977463e-05 6.80617348734813e-05 1.27633873739041e-05 1.96379515108536e-05 9.73961011775382e-06 3.9387166334004e-06 3.88414475999355e-05 4.0753374094471e-05 8.78442344079744e-05 0.000143775260717771 1.68081668200815e-05 2.06433240846349e-05 1.69408736969689e-06 3.4041997584211e-05
0.000320646665204549 0.00161202539839016 0.000204131484249936 0.000278425265787519 0.0021548942069785 0.00107603196956916 0.000215888682032528 3.98425755777421e-05 4.55791773242287e-05 0.000139298115203446 0.00011867974680142 0.000175075407605618 1.56195738324261e-05 3.16510993063623e-06 1.98775790904215e-05 7.4037410599459e-05 3.21866420373684e-05 4.1210601541275e-07 1.28985961753147e-05 7.53605065040297e-07 1.94380861080479e-06 8.58922366675508e-08 1.57034811637535e-06 0.000168443478910718 8.72212381324289e-06 1.6303244355953e-05 2.4262011635412e-06 2.23312950109467e-07 1.03567081710665e-06 1.35997319955505e-06 4.98097547108056e-07 2.531369679315e-07 2.79568723471346e-07 2.44563140472387e-07 5.81779329833498e-07 1.32040506943376e-05 2.932151079027e-06 2.56056629786672e-05 4.43652350201162e-05 0.857615487277508 0.823888778686523 0.0007789030723798 2.56090602207104e-05 3.84887558047664e-05
0.00104046510532498 0.00072313725661407 9.75289054312101e-05 0.000290697432501474 0.000240952263334648 0.000553057363140397 0.000535410312295426 4.77061484496444e-05 7.47859781540683e-05 0.000354982850444685 5.39993864242416e-05 2.38306331628579e-05 3.24349183988826e-06 6.85389781340806e-07 1.07623416859548e-06 2.81105718040742e-06 1.83249401311869e-05 1.90696579893124e-05 2.7687134722898e-06 1.27155471349671e-05 2.51452370486183e-05 9.24142808671036e-05 2.44865954694973e-06 1.35673455990193e-05 2.57471354676131e-05 1.87257387788797e-05 7.20763793337076e-06 5.06832715807537e-07 7.92140108585304e-07 1.71814100746737e-07 1.22269492364158e-06 1.15737824681883e-06 1.93014722535634e-05 5.11019898958853e-06 1.22244368796598e-05 3.26695394491594e-05 3.59653799165693e-06 4.0034478634543e-06 7.03284599236076e-06 4.67741948927181e-05 0.000246081586763602 0.000242413962996579 3.2248492789233e-05 3.02114651650198e-06
0.00240392780884751 0.000839636312139191 0.000116173738666703 0.00101160490448819 0.00175169951398857 0.0010792924251291 0.0014990935956089 0.00131285838114503 0.000229670287853878 0.000783250005042646 5.16532006273662e-05 9.74364131252514e-05 3.5909790420996e-05 5.12223936126599e-05 3.34376558638327e-06 2.12566745543263e-06 2.49624535208048e-05 3.43382687998384e-06 1.43732518293915e-05 2.81372224913978e-06 1.22873096727316e-06 1.76655782828106e-05 3.03407988767157e-05 3.39507264181638e-05 1.57707594058754e-05 2.806551797363e-06 0.000105615300013817 1.81195619892716e-05 9.36203688525206e-06 3.21955067219548e-05 5.95841072713377e-05 3.41575238851366e-06 2.49433241829689e-05 3.48113462340538e-05 8.64085779543888e-06 2.40953163137547e-05 5.40565369605561e-06 6.2775462686071e-06 5.99732279820131e-06 3.31576373718834e-06 1.53426771803189e-05 1.77600267600386e-05 4.74255813514901e-05 2.71029573023496e-05
0.000146191960226361 0.000119319332816492 0.00504937783116475 0.000149112940184415 0.000121863308633507 0.00149043788405834 0.000111075408722172 4.49269938328611e-05 0.000134783158156182 0.000118715555782412 8.06451169268141e-05 2.99087289621247e-05 3.59012715764662e-05 2.25108616103253e-05 3.41526740343934e-06 3.611605026832e-06 3.47361201621377e-06 3.56105291637876e-06 3.37104559957613e-06 4.76668665497781e-06 3.66812991831056e-06 8.18486169029686e-07 5.02136319022739e-06 6.3139084258701e-06 4.41223593727891e-07 5.27573374449197e-06 0.000679778260405328 3.05982334547594e-05 1.60961928071579e-05 5.64756609751083e-06 0.000274880748033057 1.99141563835381e-05 5.07699244160276e-05 3.25550924351048e-05 3.94343204095371e-06 2.23073370680948e-05 3.7338447278823e-06 1.36894074922456e-06 2.4947390743657e-06 4.7385414809753e-07 3.2595822820447e-06 2.10053455218406e-05 0.000235704938776748 2.32410799802074e-05
0.0855572112024199 0.000939647010196554 0.000634958447922429 0.000613266041182214 0.000293850571029008 0.0178037387220586 0.00018921149627612 6.54730561926109e-05 0.000169035837151732 6.60625917140778e-05 5.63987522067322e-05 0.00028937562054816 4.08638792697147e-05 5.02672995407849e-05 4.12050418253651e-06 2.48596394650469e-05 5.58163770726594e-05 3.53081637205155e-05 8.68921493245689e-05 4.14813490761556e-05 8.46269854815063e-05 3.27968548059165e-05 3.3319358776196e-05 5.06452744863495e-05 6.19654219718768e-05 2.20404800202023e-05 3.85941672377044e-05 6.11484721932176e-05 4.15432003947669e-05 4.81733716187205e-05 6.11283308558197e-05 4.90794871071953e-06 7.27419219315184e-07 3.56042442278937e-05 0.000355942973025147 0.000503848690868836 4.16833274454742e-05 2.77760296473528e-05 1.66076340513688e-05 1.62462896382554e-05 2.5674693973643e-05 3.01441235832645e-06 6.70135164455132e-05 0.000171756307649351
0.00321260172640905 0.00179189918769598 0.0407499067718163 0.0162115928274943 0.010208231152501 0.00281743604282383 0.0908952325309656 0.00443395673064515 0.00149507357564289 0.000132475539790278 0.000479898907877885 4.29866958106651e-05 3.15014975986738e-06 3.2636506969197e-05 4.73382426913194e-06 3.11506066120737e-06 4.25241624576245e-05 0.000117328929991345 5.89954404266457e-06 0.000104313020437985 0.000191317596727458 8.30819559214602e-05 5.75740779930056e-05 0.000132963093017224 8.30183072821455e-05 6.88855499219598e-05 7.20904759564434e-05 4.73597730128894e-05 5.84476872007578e-05 6.32261262455525e-05 8.83141649867802e-06 1.05202347130406e-06 9.48587908213061e-05 7.31453839822316e-05 7.29588955021399e-05 3.42422869641479e-05 7.33152207687215e-05 6.23286114528554e-05 6.26877818632465e-06 4.43224012715016e-06 1.85200511033656e-06 5.33218086096188e-06 3.84832367992249e-06 2.83751645186792e-05
