Scripts_&_data/Maxent_result_files_2/B_cryptarum_2.asc
NCOLS 594 
NROWS 330 
XLLCORNER -15 
YLLCORNER 23 
CELLSIZE 0.166666666666667 
NODATA_value -9999 
[rows 182 to 207 of 330, columns 236 to 294 of 594]
0.156068789213896 0.746270962059498 0.583531112596393 0.432434700056911 0.21566473133862 0.228163452073932 0.135914866812527 0.157605919986963 0.0749157918617129 0.0315115410834551 0.0364608193747699 0.0664947969315108 0.0431677432206925 0.0173846310004592 0.0284695264883339 0.0457974729128182 0.0370138497615699 0.0289753604971338 0.0123620941798436 0.0089627979490615 0.0446849954430945 0.012312429308804 0.056427926546894 0.0133215224832384 0.0506884346948937 0.0361681719950866 0.0147720972021489 0.0496075816452503 0.0559341518615838 0.0117076380978688 0.0104775446918211 0.0335712311149109 0.00862482263473794 0.0118997930781916 0.0055734241315804 0.00429010813095374 0.00369713834743379 0.00347166569135879 0.00292985189216779 0.00263949242944363 0.00225311008489371 0.0155673422603286 0.0074948986475647 0.00319678199248301 0.00502445536258165 0.00173746047025816 0.0016065170814727 0.00164348124289972 0.00161846988694379 0.00173062208841657 0.00164483125645347 0.00148901078314339 0 0 0.00126001687713142 0 0.00422704946395243 0.00144045641303396 0.00632618162261949
0.253436677157879 0.230178941786289 0.291832908987999 0.197463560849428 0.171571879461408 0.162565939128399 0.175103458762169 0.057586429733783 0.0560438090935349 0.0338492076843977 0.0387127684429288 0.0638995529152453 0.0206425078678876 0.0190309468423948 0.0296903274953365 0.0250157734699314 0.00725465713567246 0 0.8 0.0237746516388142 0.0269888124341378 0.0429654534265865 0.0424307896522805 0.0416305672377348 0.0411710079351906 0.0336137173348106 0.0410950955818407 0.0469058899150696 0.0892388112843037 0.0391961583809461 0.00933659468646511 0.0149573506438173 0.00707489065771369 0.00600313198174263 0.00461453999032528 0.00393922277398815 0.0031857643109106 0.00880083205120172 0.00257720908093688 0.00225226940801804 0.00192133086802642 0.00171625729267362 0.001533431466396 0.00309338509105146 0.00362668969519291 0.00135037670474958 0.00129839292421821 0.00133579728308177 0.00610125760795199 0.00161180491595587 0.00151190376459454 0.00136798290823208 0.00138304199654158 0.00414175907499157 0.00124331280735532 0.00114337629047441 0.000950831781369743 0.00157740536082134 0.0073697990683911
0.139024127274752 0.178547330200672 0.209018521010876 0.145876191928983 0.14413643963635 0.147407917119563 0.146488615311682 0.0472544093616307 0.0579510072246194 0.0520828981883824 0.00979165337048471 0.0289201103150845 0.0290789575083181 0.0284583414671943 0.048011924669845 0.0311610146862222 0.0291014611342689 0.00624875082685321 0.0198767964961007 0.0556257050600834 0.0331611546687782 0.043251822295133 0.050408034567954 0.0540681127458811 0.0375604754895903 0.0208681641415751 0.0326849056931678 0.0257725146977464 0.0570970345725073 0.031271118845325 0.0165278892498463 0.0149451018776745 0.00956241408639471 0.00518671111512958 0.00423295144792064 0.00358114679602295 0.00319115498377869 0.00266979195739623 0.00207339187008984 0.00179323372522049 0.00168342956803826 0.00155794721704297 0.00148984857451069 0.00134225184260686 0.00395816919508434 0.00411859281011857 0.0010438882968856 0.00104275903108828 0.00120602679480726 0.00130069682400062 0.00127387161942352 0.00115684930904081 0.00122963326384706 0.00124033291663181 0.00126213562075463 0.00115967834681214 0.00221553823226941 0.00237614451709369 0.00168630040712969
0.12592008933425 0.176154268532991 0.106592511385679 0.0895122081041336 0.139838960394263 0.149726218916476 0.065710224956274 0.0454036079347134 0.0476143083535135 0.0822799602523446 0.0271578424610198 0.028019554913044 0.0269797643180937 0.0171528930753993 0.0288925800210563 0.0393212201190181 0.0138554159093474 0.0234203392697964 0.0246899433375802 0.0409109625965357 0.0316795803781133 0.0328254119493067 0.0284283033979591 0.0236312669621839 0.0282665599137545 0.0352019142330391 0.154335160320625 0.0913634480210021 0.0357894731685519 0.0145653099287301 0.0245217148214579 0.00605333195599087 0.0129757570102811 0.0046057069886956 0.00413006321650755 0.00297351998660815 0.00232869811816272 0.00217709638945962 0.00182106964844024 0 0.00297714865096168 0.00114412144762355 0.00114891496809832 0.0010679893104907 0.00187572868617281 0.00855386923212791 0.00420086286540027 0.000801192417497987 0.000939483546289921 0.00103923088174724 0.00100495004915047 0.000947604615771525 0.00105150100223455 0.00106312794619043 0.00104365128279369 0.00443242980609284 0.00301899788457192 0.00160096585358929 0.000938756204391211
0.0503423759248108 0.0663503820076585 0.0770099747634958 0.0581692390143871 0.054719203710556 0.0775779288262129 0.146383962780237 0.0961251094937325 0.0537602914497256 0.090763245895505 0.0171587928198278 0.00984493023715913 0.0526056541129947 0.0283736728219083 0.0158899979294802 0.0508263664902188 0.0271918586542597 0.0283739291859092 0 0.0186855285901402 0.0327814756979933 0.0392080514575355 0.025814279622864 0.0124579030321911 0.026865175855346 0.0315816419955809 0 0.0399019096337725 0.0087921911450394 0.0229487976728706 0.0246000820567133 0.0432195916189812 0.0179164831148228 0.0037445407735504 0.0180472726060543 0.00284959470627655 0.00431148885108996 0.0016824906752845 0.00155671297166009 0.0050936652252858 0.00224465818156698 0.00231706202803252 0.000932354733549801 0.00176503425109331 0.000714166883130929 0.0105432891473697 0.00761296960554318 0.000725958936573079 0.00079849829817249 0.000864725018504942 0.000840957863852054 0.000854925622115843 0.00081659946590662 0.000817485619154468 0.00229112725501182 0.00248819130519413 0.00353316888953561 0.000640842582140522 0.000662067211604267
0.0278396459434589 0.0596929157152772 0.126490558683872 0.10850224904716 0.0107760554004926 0.109810720384121 0.204596668109298 0.290749993920326 0.0441841388586909 0.0663770051673055 0.0333451631478965 0.0379645536304452 0.0158674538135529 0.0235131109599024 0.0274121856695274 0.0246910400688648 0.028101215447532 0.0180906970192154 0.0272986733616563 0.00926253275792988 0.0213853031775216 0.0203125282714609 0.0231499523797538 0.0200631751096807 0.012712053967698 0.0257012519985437 0.012519879755564 0.0196220682933927 0.00425090675998945 0.00495711940566252 0.0258028436597669 0.0311064707115293 0.0167848905402934 0.0276338536757976 0.00331992566698318 0.00285791914448055 0.0126054702766851 0 0.00288436972726913 0.00116361908476392 0.00153981219539965 0.00169450895159571 0.00182684771145887 0.00230435427647535 0.00139207438617177 0.00602686336407798 0.00123383811549047 0.000649385971104266 0.000689510858069298 0.00531556628557155 0.00958865224383771 0.00608332775882445 0.00976907492737108 0.00911604852881282 0.00651956817100299 0.00200311238747872 0.000458507631194038 0.000524928953922199 0.000517018392171664
0.0703757673618384 0.138771659880877 0.029371522769361 0.111171749979258 0.077718198671937 0.0316455764696002 0.0807829344645143 0.115237217769027 0.121982361748815 0.0835674135014415 0.172788518667221 0.0495119217783213 0.0247635427862406 0.0350770232267678 0.0255849824286997 0.0826530253514648 0.0261344015278155 0.0342129673284944 0.0169937322672922 0.0193200994915969 0.0325342484749854 0.0295823667460354 0.0124127201674128 0.00523417951153533 0.00536543602447637 0.00587229006941925 0.00493605816900526 0.00557078837900917 0.0054673725473549 0.00415314707770449 0.00488577666583296 0.0054026955347581 0.00893778761383146 0.028448127862066 0.024732400290668 0.00275208293323885 0.00468359386595694 0.00613244343793866 0.0661227438730192 0.0211303394753486 -9999 -9999 -9999 -9999 -9999 -9999 -9999 0.00735330825075217 0.00227650254964828 0.016063657682389 0.0458097193797585 0.00275740856169868 0 0.00167277069970169 0.00044603397918479 0.000398630375097753 0.000380190806425418 0.000393109685806081 0.000430438355190788
0.0448049374856055 0.0545974294655025 0.0399720149580389 0.0356296666897833 0.0977176357060671 0.125972677022219 0.101549193635583 0.105021851696074 0.128612131997943 0.081665463000536 0.0395118292421103 0.0934830568730831 0.0798296438530088 0.0422091077081859 0.0207375168334693 0 0 0.0270004180754768 0.0169872890306578 0.0105177974321123 0.00831636663715471 0.0257511071453337 0.00502916102868767 0.0194108848605538 0.0174578100442886 0.0181397106760414 0.0173731114540715 0.0154220746073406 0.00500684603775881 0.00781920580120641 0.00479353947666823 0.00418104721138661 0.00447559920594358 0.00425156237542978 0.0317851721309125 0.02868216484203 0.00422674513483798 0.0178244141701725 0.0494919375516479 -9999 -9999 -9999 -9999 -9999 -9999 -9999 0.404999098462726 0.00392497666648497 0.00193587130599449 0.00096387812378842 0.0127822057587949 0.00259636916889576 0.000478889252119075 0.000508114948897287 0.000455652999799838 0.000431886958920558 0.000334236659484111 0.000345349689983909 0.000399088228780731
0.0684640214894898 0.0376951606012881 0.0818627923727036 0.0427852732260362 0.0755327370017767 0.0970823095063679 0.0903511360287666 0.0130043769488111 0.0246628673747182 0.10585378613323 0.0311592994257808 0.0639693342149258 0.0140876091085374 0.0354496525600553 0.0514576829096768 0.0361429116688669 0.0165197988506407 0.0242993264953839 0.00808822902654356 0.0245472948619863 0.0203943999600597 0.0111828345237882 0 0.00493221295873809 0.00927091640805884 0.0198520417383406 0.0154156214062823 0.00480541808283306 0.00481605334080086 0.0042763632885908 0.00437635768321343 0.00421512631728547 0.00396582099547231 0.0035798885521217 0.00575686970353217 0.0281749683585076 0.0135332173566866 0.0102938964817874 -9999 -9999 -9999 -9999 -9999 -9999 -9999 -9999 0.00833126914076274 0.00065887967588556 0.000381467130596691 0.00102432900200089 0.000968071996203435 0.000502065531958351 0.000446338501445354 0.00179442739485296 0.000416666447241454 1 0 0.000819118772733207 0.000932033845820535
0.0828030243515968 0.0499581477924949 0.0494219696542132 0.0898914420977235 0.0833837179467082 0.0382129261015507 0.0578904213383794 0.0568938545882702 0.0641747152432799 0.0104701783624478 0.0401380224153399 0.0429667277261615 0.0100912768859416 0.0257341361604631 0.0161607680376619 0.0151883637532592 0.0196899327711435 0.0307055370911257 0.005448677446293 0.00493046577030327 0.0131754080510291 0.00657139102513611 0 0.015392603755754 0.00476313294821011 0.0138594908959931 0.0176322615065146 0.0187400491791777 0.00456371962227422 0.0040079870759655 0.0141041179071181 0.00379075522396306 0.00329747341529583 0.00288840009307023 0.00254262648977601 0.00207549732649568 0.0341930205570492 -9999 -9999 -9999 -9999 -9999 -9999 -9999 -9999 -9999 -9999 -9999 -9999 -9999 -9999 -9999 -9999 -9999 0.00139802251939634 -9999 0.00117934608512373 0 0
0.0456830963143148 0.0458913079695776 0.0873522471636534 0.0967112093232572 0.0718214172869921 0.0671024907380342 0.0249716107733548 0.0703225862234831 0.0629172725602984 0.0629458291456103 0.0524494602985214 0.153329536318779 0.101348887383938 0.0102188743534498 0.0489329462870955 0.0451830981299281 0.0204039470292628 0 0.0177891418832587 0.0183111529535381 0.00537630343314959 0.00417485888774536 0.0135624268787069 0.014076577949163 0.00334172502971342 0 0.014093593043799 0.0143535356153734 0.00347676937635697 0.00347471306758962 0.0124568068102235 0.0165339035185752 0.00285913904526751 0.00428938154926755 0.003119202110042 0.00398357013854933 -9999 -9999 -9999 -9999 -9999 -9999 -9999 -9999 -9999 -9999 -9999 -9999 -9999 -9999 -9999 -9999 -9999 -9999 -9999 -9999 0 0 0
0.0429094514809549 0.077240601927042 0.105884535610676 0.147267820686102 0.0820015076547861 0.0433778289705515 0.0728517195209861 0.169091232120991 0.0446305903606117 0.0480864360928535 0.0801993247121573 0.100215325132012 0.0874023511772975 0.0535508967936039 0.0389966985210776 0.0403916518203914 0.0168295546900481 0 0.0121479999972507 0.00268140190146369 0.00300108183682823 0.00332151051161418 0.00494436735170893 0 0.014064670643711 0.0106881104729837 0.00315468060107378 0.00312883735887226 0.0122467474575387 0.00962633101298707 0.0030238396760069 0.00673144322790904 0.0058508482406296 0.00715232552029201 -9999 -9999 -9999 -9999 -9999 -9999 -9999 -9999 -9999 -9999 -9999 -9999 -9999 -9999 -9999 -9999 -9999 -9999 -9999 0.00652319951914252 0.00208129408023993 0.00153322119442976 0.00207554278444153 0.00299721964001947 0.000867391793963179
0.0679752871859819 0.654637396335602 0.682886582612991 0.32123920514714 0.140241960738786 0.0876992911100388 0.130359319597483 0.111439129710197 0.0859123922884464 0.0125064737163484 0.0210425986908376 0.0194985923590139 0.0353422116488218 0.0308890736661851 0.0110536870197393 0.0418995927087963 0.0141560991178267 0.0103362479872885 0.00966856230224948 0.00662925936412648 0.00221726574318382 0.00245801872997617 0.00661437254748307 0.00234935158287044 0.0115008772234432 0.00573544713242597 0.00236350527293325 0.00898024069956591 0.00770395364770593 0.00726811225242727 0.0194338988512754 0.00804614090615132 -9999 -9999 -9999 -9999 -9999 -9999 -9999 -9999 -9999 -9999 -9999 -9999 -9999 -9999 -9999 -9999 -9999 -9999 -9999 0.0038320141393625 0.00312091169827227 0.00197845658688323 0.00284831400728081 0.0027012189017146 0.0101761892793711 0.00493527114217613 0.00246766475447657
0.0828481815755367 0.0517294605262578 0.0505894239060581 0.058428046782501 0.0850778214633465 0.175782057642937 0.318014365807176 0.13236388117075 0.0250269743613899 0.0209697888232768 0.0157251108903438 0.0309524096082896 0.0370483850128949 0.0366914404556155 0.0467364883050323 0.0353805677965283 0.0206775151513284 0.00700745336725959 0.00171607207466877 0.00705221600874211 0.00707384815978003 0.018733701686142 0.0383805737365037 0.0178182321134955 0.00941364372244493 0.00592010602393884 0.0127525954274461 0 0 0.00735816514061298 0.00618128466317103 0.00707000037793433 -9999 -9999 -9999 -9999 -9999 -9999 -9999 -9999 -9999 -9999 -9999 -9999 -9999 -9999 -9999 -9999 -9999 0.022549124196279 0.0115213165649209 0.00459311123390549 0.00592817467182911 0.00600134273155177 0.00318947363466577 0.00648812290382921 0.00383584109933111 0.00634306456786362 0.00784943094622577
0.0416888507083058 0.0844213277101517 0.137983372434974 0.108996970346197 0.170776940137148 0.0274036369286478 0.0382378318347037 0.0997691787779331 0.0536437692120671 0.0679431885480881 0.0852992400527 0.054945139400661 0.0276799663901329 0.029183707665652 0.0272469765506685 0.016967937652953 0.00240124869360443 0 0.00617491871889797 0.00129746157704176 0.00189044791200104 0.0403091685846448 0.0127563210669905 0.00735236157197505 0.00769300966057926 0.0139100616077485 0.0367195999482647 0.0153522002976388 0.00604087266110582 0.00216075438187318 0.00134316922777939 0.00305475644570573 -9999 -9999 -9999 -9999 -9999 -9999 -9999 -9999 -9999 -9999 -9999 -9999 -9999 -9999 -9999 -9999 -9999 -9999 -9999 -9999 -9999 0.00450678213092033 0 0.00740049025951208 0.00328793627111068 0.00313710524205817 0.00381793631986511
0.0592264641076326 0.102653494849801 0.0858145456761122 0.0472393305040896 0.0510948030278087 0.0831639867275953 0.0729268230497837 0.0600133665837348 0.0601674098521471 0.0367929577827454 0.031782410480082 0.0229699047282338 0.0234462308697402 0.00961381576489657 0.0174738909001462 0.0152797957707662 0.00210265894602344 0.00698594834393589 0.00138549111079556 0.00116576382129097 0.00101764761229788 0.0141216469928622 0.00553510828176513 0.0055257871048525 0.00364927276968956 0.0030521115017109 0.00493844969532802 0.0101761790851015 0.00916093908846918 0.00870790660786724 0.00332854986523357 0.00433924922542387 -9999 -9999 -9999 -9999 -9999 -9999 -9999 -9999 -9999 -9999 -9999 -9999 -9999 -9999 -9999 -9999 -9999 -9999 -9999 -9999 -9999 -9999 -9999 0.0107833078596892 0.00404031524431048 0.00987430413370021 0.0179186745663173
0.0301950965076685 0.0489756142022088 0.0814097886905074 0.0726654544472694 0.053820421511773 0.0525225328281522 0.0500821836292744 0.02596852935676 0.0114735469374864 0.0154796432063449 0.108535965532064 0.0146945349435555 0.0114776784888818 0.00252099872959661 0.00224523806182333 0.00210849247887381 0.00195441581745399 0.00176969985895994 0.00142173258682305 0.0012301089065204 0.00420945091536851 0.010719459457323 0.0042145413615799 0.00246459851344021 0.00477944862795994 0.00596603862941265 0.00490547683330078 0.0241873712784582 0.0252689192176604 0.00242467686181698 0.00138637890428983 0.00358794598433133 -9999 -9999 -9999 -9999 -9999 -9999 -9999 -9999 -9999 -9999 -9999 -9999 -9999 -9999 -9999 -9999 -9999 -9999 -9999 -9999 -9999 -9999 -9999 -9999 0.00435561171079826 0.00294386084424332 0.0956813052296639
0.0126037379246554 0.018271335256577 0.0165367984664044 0.0346575178205967 0.0154177493066527 0.0191372241388308 0.0163404752864153 0.0188110016781138 0.011317256372422 0.0105168446069001 0.0122578694485128 0.0140324376989156 0.0099519453389803 0.00909144047473092 0.00939032372552901 0.0019424052499744 0.00185409934492782 0.00167991208581952 0.00133214838347158 0.00220883797483111 0.00609290694119409 0.0129656025674194 0.00390367049840279 0.00309515825319373 0.00189816648421584 0.00194085093979197 0.0054946770073002 0.0468981534429268 0.0185685494623613 -9999 -9999 -9999 -9999 -9999 -9999 -9999 -9999 -9999 -9999 -9999 -9999 -9999 -9999 -9999 -9999 -9999 -9999 -9999 -9999 -9999 -9999 -9999 -9999 -9999 -9999 0.0102241206025321 0.00362207478028722 0.0110739417839795 0.0149620663956739
0.0126633136533201 0.00300142955511546 0.00826993753144052 0.0113990477024345 0.0042796260167961 0.00413337476074957 0.00232469622851568 0.0116259487243951 0.00217029541836382 0.0100880274549127 0.014924746286124 0.00674079808813985 0.00181753595152259 0.00167647837361073 0.00685393414460123 0.00157521067326343 0.00340398158878088 0.00494833830744028 0.00691142927607871 0.00595127958513331 0.00318667842693685 0.00697557427920401 0.00618739100173116 0.00126896146102808 0.00128245466776207 0.00130265208217679 0.0431370291781675 0.210531543754041 -9999 -9999 -9999 -9999 -9999 -9999 -9999 -9999 -9999 -9999 -9999 -9999 -9999 -9999 -9999 -9999 -9999 -9999 -9999 -9999 -9999 -9999 -9999 -9999 -9999 -9999 -9999 0.193674396477581 0.0126005656318739 0.010789221257437 0.0281017221976072
0.0234644747863058 0.00576899600127945 0.00739056505190092 0.00740545493899845 0.00464233220118331 0.00158123772725958 0.00584027578588575 0.00522826700471342 0.00614748757288908 0.0149544452986447 0.13934169949498 0.0265170748345554 0.0081871889764443 0.00523502203213866 0.00158503392603961 0.00146356993882364 0.00141141112003424 0.0042146981919359 0.00443469781821477 0.000937716592989091 0.00480457901285263 0.00645738786552101 0.0107594668399543 0.00317873665044317 0.00400039269588888 0.00578148212246106 0.0483006714959629 -9999 -9999 -9999 -9999 -9999 -9999 -9999 -9999 -9999 -9999 -9999 -9999 -9999 -9999 -9999 -9999 -9999 -9999 -9999 -9999 -9999 -9999 -9999 -9999 -9999 -9999 -9999 -9999 -9999 0.0608425020311188 0.231303145154379 -9999
0.00669544456832227 0.00571785145366448 0.0074608762661228 0.00175768802491802 0.00111161899244507 0.00359209008820471 0.00128324108154629 0.00640086859930307 0.00201002348330803 0.00367083096280112 0.00865767210634658 0.00788587213028222 0.00569371730962303 0.00662496720178751 0.00143139480228456 0 0.00605017639682046 0.9 0.00714896392601076 0.00870677473722026 0.00950835729017854 0.00753768007270992 0.00734180863946676 0.00559483640099643 0.00423971937925671 0.0132578499767231 -9999 -9999 -9999 -9999 -9999 -9999 -9999 -9999 -9999 -9999 -9999 -9999 -9999 -9999 -9999 -9999 -9999 -9999 -9999 -9999 -9999 -9999 -9999 -9999 -9999 -9999 -9999 -9999 -9999 -9999 -9999 -9999 -9999
0.00934219492628472 0.00395382566930493 0.00114293644469399 0.00546497050381731 0.00416993702601758 0.00487988409950049 0.00419767855964892 0.00114813069221782 0.00395331118415925 0.00103720485049053 0.00323981529109005 0.00562280877493322 0.0113302711863071 0.00899556205549743 0.0147414628881961 0.00647974727908149 0.0186232089996338 0.0272857538424432 0.0127626920351759 0.00407348842600186 0.00382100442802766 0.00262217753333971 0.00100035699915679 0.00330306145151553 0.000976054043167096 0.0126521903512185 -9999 -9999 -9999 -9999 -9999 -9999 -9999 -9999 -9999 -9999 -9999 -9999 -9999 -9999 -9999 -9999 -9999 -9999 -9999 -9999 -9999 -9999 -9999 -9999 -9999 -9999 -9999 -9999 -9999 -9999 -9999 -9999 -9999
0.00125417502681557 0.00634010129433591 0.00351780890778173 0.000924148173362482 0.0011392659062949 0.00572446025544195 0.00686464228201658 0.00108182563189985 0.00103681284149388 0.0159377313932055 0.0155126395635307 0.00963454153388739 0.00216231970116496 0.00270827790518524 0.00345022283727303 0.00339742602336628 0.00332170920246426 0.00741999069432495 0.00327405140669725 0.00293072571639641 0.00273439277480065 0.00256681968567136 0.00121165039490734 0.00440355729515431 0.00107758425970133 0.00839636496966705 -9999 -9999 -9999 -9999 -9999 -9999 -9999 -9999 -9999 -9999 -9999 -9999 -9999 -9999 -9999 -9999 -9999 -9999 -9999 -9999 -9999 -9999 -9999 -9999 -9999 -9999 -9999 -9999 -9999 -9999 -9999 -9999 -9999
0.00829485345166176 0.0105715063866228 0.00634160898625851 0.00593664314365014 0.00386849899950903 0.0060535031137988 0.000970335917327247 0.00493386189918965 0.0063130508409813 0.0130040177609771 0.00125106606847112 0.0047519873107376 0.00574339948652778 0.00805021410196787 0.00852876659919275 0.00942317065055249 0.00294752210547813 0.00452891173536045 0.0079737246138393 0.00403443468967453 0.00223688195374052 0.0020789876471099 0.00697245248302352 0.00401544060587185 0.00259769762051292 0.112608024675865 -9999 -9999 -9999 -9999 -9999 -9999 -9999 -9999 -9999 -9999 -9999 -9999 -9999 -9999 -9999 -9999 -9999 -9999 -9999 -9999 -9999 -9999 -9999 -9999 -9999 -9999 -9999 -9999 -9999 -9999 -9999 -9999 -9999
0.00127230867592516 0.00112066393849091 0.00100345562163966 0.000991184053918914 0.00421590195037425 0.00943762878887355 0.00966117037460208 0.00245131081392174 0.00117612614708378 0.00526214846468065 0.00340454272227362 0.0078722522361204 0.00498227993957698 0.0128837034004391 0.00751441803622583 0.00723318693453621 0.00611982948175864 0.00998449939797865 0.00293674879012542 0.00260822879354237 0.010611695915577 0.0137325312418398 0.00250221883652557 0.00202441560195439 0.00151326965624321 0.050195778068155 -9999 -9999 -9999 -9999 -9999 -9999 -9999 -9999 -9999 -9999 -9999 -9999 -9999 -9999 -9999 -9999 -9999 -9999 -9999 -9999 -9999 -9999 -9999 -9999 -9999 -9999 -9999 -9999 -9999 -9999 -9999 -9999 -9999
0.00302427503493163 0.0136283999134321 0.00616927247683634 0.00121154096332248 0.00386107651647762 0.00120344202723572 0.00117388111407308 0.00409655830917473 0.00244061270495877 0.00575737049803138 0.00630946900928393 0.00747492309455993 0.00548669679119484 0.003789267009779 0.00846840248450462 0.00489536642580788 0.00668374018423492 0.0109051889376133 0.00337417448063206 0.0107889585837256 0.00533221790756215 0.00837994901230559 0.0293550030328333 0.160096086191516 0.0291232822274626 -9999 -9999 -9999 -9999 -9999 -9999 -9999 -9999 -9999 -9999 -9999 -9999 -9999 -9999 -9999 -9999 -9999 -9999 -9999 -9999 -9999 -9999 -9999 -9999 -9999 -9999 -9999 -9999 -9999 -9999 -9999 -9999 -9999 -9999
