Scripts_&_data/Maxent_result_files_2/B_cryptarum_2.asc
NCOLS 594 
NROWS 330 
XLLCORNER -15 
YLLCORNER 23 
CELLSIZE 0.166666666666667 
NODATA_value -9999 
[rows 208 to 233 of 330, columns 177 to 235 of 594]
-9999 -9999 -9999 -9999 -9999 -9999 -9999 -9999 -9999 -9999 -9999 -9999 0.00183542999802739 -9999 -9999 0.144378988444805 0.00760457692085765 0.00041956922323152 0.000767851908585726 0.000509255028464395 0.0102942189398163 0.118337681144476 0.190914393780986 0.175568136945367 0.117735037021339 0.195306085376069 0.200128975138068 0.298084021359682 0.310760278999805 0.295378619432449 0.223002806305885 0.0968981839716434 0.406808018684387 0.252325442433357 0.15771686155349 0.149670182168484 0.102316657826304 0.0787425036542118 0.0830372501164675 0.0552327330224216 0.0304044365417212 0.012777257990092 0.0246001372637693 0.0161957218573662 0.0260017299879109 0.0221079100854695 0.0580455286428332 0.0285413112491369 0.12601827532053 0.106297106249258 0.127342839166522 0.0547975852154195 0.0320329201407731 0.0206356485839933 0.0339481484144926 0.00843849843240605 0.00691884358857351 0.00781807834282517 0.00921962758002337
-9999 -9999 -9999 -9999 -9999 -9999 -9999 -9999 -9999 -9999 -9999 -9999 -9999 -9999 -9999 -9999 -9999 0.0082986976049142 0.000451145934493979 0.000612700606507133 0.000994441578632177 0.021247050006059 0.124537118338048 0.29318432547152 0.183752273768187 0.257463231682777 0.251613785326481 0.327497887221398 0.400124836713076 0.34660584628582 0.297708812355995 0.163380586146377 0.158736105822027 0.250075123086572 0.136591953411698 0.0727430615574121 0.112672493979335 0.0541461264714599 0.0512817519775126 0.106085484474897 0.0559242313727737 0.04770413832739 0.0302921910741134 0.0067912408063421 0.0140949499647832 0.0212747116282117 0.0496664760961721 0.0554161813110113 0.0588617047294974 0.0867855157703161 0.0567732253693976 0.201432799547911 0.109577272459865 0.0933225143700838 0.0312879148870707 0.0250142839737236 0.0205386688467115 0.0126616168301553 0.00855976883322001
-9999 -9999 -9999 -9999 -9999 -9999 -9999 -9999 -9999 -9999 -9999 -9999 -9999 -9999 -9999 -9999 -9999 -9999 0.00102630977053195 0.000335240585900465 0.00153455265772209 0.0132927449081762 0.300975168123841 0.0796483190264553 0.36774667352438 0.428444987162948 0.188606631755829 0.213570381700993 0.231412527710199 0.225988868810236 0.140663872659206 0.150074234697968 0.201097585260868 0.604213988780975 0.311833040416241 0.0946115434169769 0.101061927899718 0.041025516949594 0.062408410012722 0.0526278227102011 0.0299108524806798 0.0600170997728128 0.0248262814769987 0.01739349772688 0.0177574515430024 0.0243791418615729 0.0720863772556186 0.0762098728679121 0.107579277642071 0.0341119820252061 0.0563361039967276 0.045406246818311 0.0517342066392302 0.0309960432816297 0.0447700660675764 0.041808863170445 0.0346471347846091 0.0394109111279249 0.0702203755266964
-9999 -9999 -9999 -9999 -9999 -9999 -9999 -9999 -9999 -9999 -9999 -9999 -9999 -9999 -9999 -9999 -9999 -9999 -9999 -9999 0.0257778397659422 0.00302502901395201 0.00583605844858539 0.092956530675292 0.172600273229182 0.291030234843492 0.346360015869141 0.222060393542051 0.132479214089108 0.0296492291614413 0.0758355611469597 0.178808650374413 0.186489816009998 0.42359569221735 0.43450281471014 0.0485105718951672 0.0156590546976076 0.0230698629122344 0.0331668576865923 0.0275203126599081 0.0785016730427742 0.0522187402355485 0.0449437703180593 0.0514717494137585 0.0600013150542509 0.0541235452517867 0.0675320185720921 0.0568514975719154 0.0221277593984269 0.0356086295680143 0.0500832965029986 0.0595025778748095 0.194304204726359 0.143193716742098 0.102017167955637 0.0710953136906028 0.0972512133419514 0.093370022252202 0.109926450345665
-9999 -9999 -9999 -9999 -9999 -9999 -9999 -9999 -9999 -9999 -9999 -9999 -9999 -9999 -9999 -9999 -9999 -9999 -9999 -9999 -9999 -9999 0.0592901922238525 0.00880222551604675 0.454455041326582 0.13142135492526 0.316604216396809 0.0368656789883971 0.047912475746125 0.0563977343961597 0.150175699953252 0.14100918364129 0.12930111894384 0.6248664021492 0.199945932067931 0.0218377932236763 0.0110260109024239 0.0134371443433338 0.0142617967194383 0.0247938131389674 0.0504365229979157 0.0289708799755317 0.0173209014516033 0.0354831845179433 0.0478948030155152 0.0397821100370493 0.117668992653489 0.16512411236763 0.019765551330056 0.0233816870022565 0.0862608321127482 0.263402225414757 0.148102760966867 0.0886276185512543 0.0550851549953222 0.0492713512852788 0.0159726337296888 0.0138307253480889 0.0769243042916059
-9999 -9999 -9999 -9999 -9999 -9999 -9999 -9999 -9999 -9999 -9999 -9999 -9999 -9999 -9999 -9999 -9999 -9999 -9999 -9999 -9999 -9999 -9999 -9999 0.0534890466369689 0.0156228595471475 0.172825557633769 0.0180962819140404 0.00114309951941323 0.021092626828613 0.152640062151477 0.287076706596417 0.207504503172822 0.111347639322048 0.0317129188450053 0.0455203806981444 0.0224608229589649 0.00661407076295291 0.0319583986885846 0.0263597879558802 0.0157583280000836 0.0203179225092754 0.0174314187373966 0.0175317498855293 0.0131986704654992 0.0605709427967668 0.108973903767765 0.0687522381544113 0.0392399847507477 0.0337524474889506 0.040011234767735 0.0767657159623923 0.0595100641716272 0.167177966982126 0.107424195669591 0.0333024933002889 0.00935639705858193 0.0146691667789128 0.0101258128328482
-9999 -9999 -9999 -9999 -9999 -9999 -9999 -9999 -9999 -9999 -9999 -9999 -9999 -9999 -9999 -9999 -9999 -9999 -9999 -9999 -9999 -9999 -9999 -9999 -9999 -9999 0.0741415107389912 0.00835654654656537 0.00091791174345417 0.000694664003231083 0.0381515002263768 0.0565943953581154 0.0521251630969346 0.0526802404318005 0.042749084206298 0.0281033648876473 0.0165678565943381 0.0277091573923826 0.0644779926165938 0.0734445330221206 0.0348988713580184 0.0579134276136756 0.0533958526328206 0.00314464983075595 0.00704452850623056 0.0291747322306037 0.0569014107401017 0.0424752309918404 0.038742604246363 0.0277041175577324 0.0285210371075664 0.0315263373428024 0.22042353018187 0.218187772948295 0.267930899560452 0.26845529768616 0.0285945556126535 0.00666330535532325 0.00809982863738696
0.0075780269689858 0.00391907914007992 -9999 -9999 -9999 -9999 -9999 -9999 -9999 -9999 -9999 -9999 -9999 -9999 -9999 -9999 -9999 -9999 -9999 -9999 -9999 -9999 -9999 -9999 -9999 -9999 -9999 -9999 0.00171419335665632 4.24235523098559e-05 0.00324018869141582 0.0130353057161301 0.0279911496676505 0.152776327729225 0.0524961368180811 0.0898433143272996 0.106742716580629 0.27981558535248 0.281160742556676 0.0339857400860637 0.305786153998633 0.0291988080818555 0.0120991050622251 0.00701387618973968 0.00444706077842056 0.00965670694131404 0.0432962533086538 0.0985951840586495 0.0922264167573303 0.0228649138938636 0.0183645595854614 0.0334945934533607 0.0878997487947345 0.692998811602592 0.574818307161331 0.54480028450489 0.203789494931698 0.0307922500185668 0.0279546234291047
0.00207126611494459 0.00519696793053299 0.00413496459077578 0.00352614101994954 8.27219650346933e-05 -9999 0.000101357718745021 0.000139568317911198 0.000225460750806405 0.000201079796318027 -9999 -9999 -9999 -9999 -9999 -9999 -9999 -9999 -9999 -9999 -9999 -9999 -9999 -9999 -9999 -9999 -9999 -9999 0.0166549775749445 0.000752764849676169 0.00216582040358162 0.000177003608649784 0.00338642502028961 0.0164033180568367 0.229108572378755 0.142104285955429 0.440204907843145 0.310598244363791 0.109835828095675 0.0331033066348027 0.0246379839722067 0.0237195541150868 0.00412775394142955 0.00447391690686345 0.00303022615644295 0.00326317603403368 0.0043474369624164 0.00703121911501512 0.00980578910475742 0.0125241707468376 0.03230985107366 0.0265026524313726 0.0614195043221116 0.256792333349586 0.147994037158787 0.220805701613426 0.183931641280651 0.241901089251041 0.189097031950951
0.00417567158583552 0.00338738550199196 0.00452281151392526 0.00252098722648952 0.00506378432437486 0.00302703283857682 0.000124759336404168 0.000158325072627008 0.000376042696437651 0.000349376993563055 -9999 -9999 -9999 -9999 -9999 -9999 -9999 -9999 -9999 -9999 -9999 -9999 -9999 -9999 -9999 -9999 -9999 -9999 -9999 -9999 -9999 0.00052170606868458 0.00329059574869461 0.126596637256443 0.455734428390861 0.239982091635466 0.201039837347344 0.247818794287741 0.0881203133612871 0.110455269447993 0.282426204043441 0.0753610282830778 0.0137175575830042 0.00871695935056778 0.000886798116174425 0.00197610381949129 0.00331876808479237 0.0154171147378236 0.0620706765912473 0.0254637648904463 0.0578011404722929 0.0355907783843577 0.0826756540685892 0.977795153856277 0.166218833252788 0.215312521904707 0.17846941947937 0.357230380177498 0.229480244219303
0.00764872668078169 0.0141963121946901 0.00858746772792074 0.00502706061815843 0.00335758670080395 0.00401593991773552 0.000681874687916206 0.00120566897448953 -9999 -9999 -9999 -9999 -9999 -9999 -9999 -9999 -9999 -9999 -9999 -9999 -9999 -9999 -9999 -9999 -9999 -9999 -9999 -9999 -9999 -9999 0.00439738052664325 0.00253017540962901 0.0431072629988194 0.0189975582063198 0.325265446817502 0.0643059080233797 0.322010084986687 0.316538197547197 0.12165114954114 0.0755320958793163 0.0312033532129135 0.0335011173039675 0.0059861212677788 0.0021081208521764 0.00172214458068041 0.00520650615613576 0.00152671608602759 0.00232946722487668 0.00393756179546472 0.0233495089545613 0.0468096254393458 0.0161339534446597 0.0107912571380439 0.043181748688221 0.0440112726762891 0.0400063149631023 0.0403868167370092 0.223224650323391 0.242928510904312
0.0154158809804358 0.0162217053184577 0.0165764129720628 0.0119068235857412 0.0059038084000349 0.00152120492903123 0.0104705501667922 0.00542518789879978 0 -9999 -9999 -9999 -9999 -9999 -9999 -9999 -9999 -9999 -9999 -9999 -9999 -9999 -9999 -9999 -9999 -9999 -9999 -9999 -9999 -9999 0.000594402635033475 0.00357540452678222 0.0162419041618705 0.0848210299387574 0.196748993475921 0.142776670865715 0.312494293600321 0.201129686832428 0.0667431524023414 0.0365835723816417 0.0533474685624242 0.00700994293074473 0.0152957742539002 0.00560638569004368 0.00777573093073443 0.00261203066038433 0.000763829893730872 0.00203203928540461 0.00500649090390652 0.00199164630175801 0.00882157470186939 0.010285249480512 0.00265699147748819 0.0014438455587424 0.0470692074857652 0.0149263845116366 0.0168325911508873 0.0122128939721733 0.022089767397847
0.0327101876959205 0.0211992243101122 0.00789948819947313 0.00779261676361784 0.0208858863450587 0.00861090540420264 0.0020443113429792 0.00783394084573956 0.0150770118838409 0.0131806346791564 0.0386502954002935 0.00512251362469641 -9999 -9999 -9999 -9999 -9999 -9999 -9999 -9999 -9999 -9999 -9999 -9999 -9999 -9999 -9999 -9999 -9999 -9999 0.00116327295836527 0.000798506608771277 0.00149425491035799 0.0209072067402303 0.0240013274829835 0.13842612830922 0.120578311849385 0.0890458881855011 0.103248941525817 0.0486384680494666 0.0150370755116455 0.00669033468802809 0.00853433423129815 0.0172481543500908 0.0164241584250703 0.0094351282576099 0.0113714303501183 0.000956520353793167 0.00178822044108529 0.00246484376148146 0.0027874193910975 0.00364494598998135 0.00145911615727528 0.00406096718870685 0.020436414971482 0.0249839715223061 0.0137001831550151 0.0337909719237359 0.0069493098242674
0.0434416275471449 0.0242653981782496 0.0287419610191137 0.029400372505188 0.0300199058838189 0.0191228608135134 0.0153748784214258 0.0118336579325842 0.00570011144445743 0.00740602555160876 0.0027265771549196 0.0501006785780191 0.297238009091234 0.502590572548797 0.0331901927216677 -9999 -9999 -9999 -9999 -9999 -9999 -9999 -9999 -9999 -9999 -9999 -9999 -9999 -9999 -9999 0.00589407022489468 0.00187500260362867 0.000320367584117776 0.00956900076998863 0.0105110061122105 0.0815375042147934 0.0161872939621389 0.197349991346709 0.0629205872261082 0.101663375273347 0.0566468519740738 0.0148488552520575 0.0225714457557871 0.0403164137795102 0.0216567363007925 0.0220197528949939 0.0128444486530498 0.00408929944969714 0.00105042993382085 0.000560002505608281 0.00196870777654112 0.00271451557055116 0.00134066646569408 0.00158812131057857 0.00490402300056303 0.00377206065720657 0.0024756234911365 0.0093954214011319 0.00542377755700727
0.123608667496592 0.0368366226553917 0.0320284653455019 0.0442031005397439 0.0324996230192482 0.0362387243658304 0.0146575048565865 0.0173258867580444 0.00754182565469819 0.0101437745674048 0.00369667308917769 0.00444817059189546 0.00768439638036398 0.00999319173097974 0.0566271063231397 0.129760355083272 0.0662358868634328 -9999 -9999 -9999 -9999 -9999 -9999 -9999 -9999 -9999 -9999 -9999 -9999 -9999 0.00177187078525094 0.011754112233757 0.00358902817824855 0.000543264397492749 0.00376374560000841 0.147179054445587 0.160838023759425 0.0306237915394377 0.0852319440236897 0.200545106997015 0.113087521644775 0.0173233606852591 0.00765325724398735 0.0652810371902888 0.0140685115009546 0.00166974192252383 0.00312271263101138 0.00134699466289021 0.000738123537030333 0 0.00129791013696376 0.00133125603252111 0.00245559656323167 0.00117209852032829 0.00130735296115745 0.00191898886696436 0.00501206209883094 0.00765476666856557 0.011613730044337
0.0675314509309828 0.0440777294337749 0.0196667944081128 0.0378648925572634 0.0167965310625732 0.0387451321817934 0.0175153276883066 0.0285510752350092 0.0086937019135803 0.00916271323803812 0.00611042970904236 0.0179095939733088 0.0293028100772062 0.0095610008265794 0.0155875025913701 0.0106965061277151 0.0305676626390778 0.0887602545670234 0.0564520719810389 -9999 -9999 -9999 -9999 -9999 -9999 -9999 -9999 -9999 -9999 0.00288059449158027 0.00650823242613114 0.0136596143944189 0.00810249529313296 0.00406993689248338 0.00424949696171097 0.130002828140277 0.221322111785412 0.0652616611747362 0.0478562421811148 0.0570736949972343 0.119668950140476 0.0276599086821079 0.00639120795884658 0.0347720263678639 0.00649038089322858 0.00178189157159068 0.00106719804516615 0.00108267666164465 0.000685572571410376 0.00162635259421222 0.00814178807795543 0.000613844101144423 0.000823542467315619 0.00151759455516185 0.00405500609776936 0.0103280421381346 -9999 0.0526315864917251 -9999
-9999 -9999 0.0382386278201011 0.054524181317538 0.0130266494816169 0.0201940949074924 0.090372097119689 0.12059837654233 0.0220056459307671 0.00645876901689917 0.013491048803553 0.00655360626551555 0.0125783214345574 0.00807903142995201 0.0253196822130121 0.0108858832667465 0.0741358218365349 0.0342167890426936 0.0762054150080076 0.0708234313409775 0.00875457633155747 -9999 -9999 -9999 -9999 -9999 -9999 -9999 -9999 0.00633160277584466 0.00172659144300269 0.00285779335827101 0.000847170758788707 0.00106925358559238 0.0422840722952969 0.372945163026452 0.0986986293573864 0.144724011048675 0.137285997718573 0.0798694855999202 0.0478769992565503 0.0346278482087655 0.00906027869568788 0.0229245726729033 0.242434104345739 0.00701583819463849 0.00279289364116266 0.000634941557200364 0.00114069049104728 0.00117236782754598 -9999 0.00473588611348532 0.00160481324128341 0.00126419346006514 0.00201313971774653 0.00354985441081226 -9999 -9999 -9999
-9999 -9999 -9999 0.00645920282695442 0.00396669075125828 0.0294584237039089 0.0586782341822982 0.0557879904285073 0.0402007120661437 0.0138672284781933 0.00912996490951628 0.0168461154855322 0.00657435221037304 0.00971049692016095 -9999 -9999 -9999 0.0103190964655369 0.042149032051384 0.254365892880014 0.176928866538219 0.162999862639117 0.00913762914969993 -9999 -9999 -9999 -9999 -9999 -9999 -9999 0.00576853004749864 0.00277335278951796 0.00137873433668574 0.0352656319009839 0.0278576370212249 0.0230762314749882 0.113616776838899 0.353618256002665 0.189883150532842 0.0718953793868422 0.0517397794959834 0.0209706304158317 0.0124365816322324 0.0256630586556696 0.0876819112774683 0.0199883370631142 0.00478563845390454 0.000887663927278481 0 -9999 0.00999290135224024 0.00129622247309271 0.00195431796619232 0.00630724715301767 0.00745970113202929 0.00235985325998627 -9999 -9999 -9999
-9999 -9999 -9999 0.00587131407810375 0.0165766064543277 0.0480059893801808 0.0402239271439612 0.0603727472946048 0.0403815245255828 0.00408113033045083 0.00871091021690518 0.00863224851782434 0.00828629110474139 -9999 -9999 -9999 -9999 -9999 -9999 -9999 0.0180428300138374 0.0182803009796771 0.040344173910853 0.0193901530292351 -9999 -9999 -9999 -9999 -9999 -9999 0.0088751362356561 0.00310379705042578 0.146938632614911 0.0251564088510349 0.00923369050142355 0.00958631429821253 0.100010978337377 0.415630070865154 0.193877023085952 0.110485118627548 0.0197044134030875 0.00879317380458815 0.0183237342622306 0.0151970740756951 0.00205621090583001 0.0103227859886829 0.00796863839495927 0.00237694334500702 0.00929411618854057 -9999 -9999 -9999 -9999 -9999 0.0207754776312076 -9999 -9999 -9999 0.0274817443219945
-9999 -9999 -9999 -9999 0.00898287047166377 0.0129320136737078 0.0269444311968982 0.0356473952531815 0.0396711546927691 0.00630328804254532 0.0027499403920956 0.00557970604568254 0.0230770256370306 -9999 -9999 -9999 -9999 -9999 -9999 -9999 -9999 0.10031235825445 0.0770340870425571 0.00853828583058203 -9999 -9999 -9999 -9999 -9999 -9999 -9999 -9999 0.00944999729545088 0.0365015168208629 0.0589328431757167 0.214241115376353 0.0113359479699284 0.0946882851421833 0.255599453672767 0.13804348660633 0.09691829867661 0.0196747037582099 0.00636885188869201 0.00232254572911188 0.0128958776258514 0.00460818227215896 0.0467212177230977 0.269884292036295 -9999 -9999 -9999 -9999 -9999 0.00681837827277567 -9999 -9999 0.00854440134753531 -9999 -9999
-9999 -9999 -9999 -9999 -9999 -9999 -9999 -9999 0.0113390481099486 0.029652155470103 0.0446409294381738 0.0299063350306824 0.0011570748997201 -9999 -9999 -9999 -9999 -9999 -9999 -9999 -9999 0.0145640518875496 0.0750527366195456 -9999 -9999 -9999 -9999 -9999 -9999 -9999 -9999 -9999 -9999 0.00307729581027161 0.0250197603018023 0.0100483737653121 0.0127283940790221 0.256526895612478 0.269791265577078 0.307824041694403 0.122585560381413 0.0148426549043506 0.023424856364727 0.0113054569694214 0.00319777527365659 0.00139696002806886 0.00214260126340378 0.00427366224612342 0.00223764046677388 -9999 -9999 -9999 -9999 -9999 -9999 -9999 -9999 -9999 -9999
-9999 -9999 -9999 -9999 -9999 -9999 -9999 -9999 0.00671641104854643 0.0429581516422331 0.0169868485652842 0.00960167298326269 -9999 -9999 -9999 -9999 -9999 -9999 -9999 -9999 -9999 -9999 -9999 -9999 -9999 -9999 -9999 -9999 -9999 -9999 -9999 0.00115594909730135 -9999 0.00041823032083812 0.0100131062441505 0.00776236189994961 0.00174594352138229 0.0333661596290767 0.0995286364108324 0.124673993699253 0.328983560204506 0.011868340568617 0.00691783085931093 0.00356453432468697 0.00240025707180394 0.00105223507839582 0.00158816435491644 0.000997509968226495 0.00252604247471027 0.00309225924429484 -9999 -9999 -9999 -9999 -9999 -9999 -9999 -9999 -9999
-9999 -9999 -9999 -9999 -9999 -9999 -9999 -9999 0.0352292298339307 0.00996835483238101 0.0037436091908603 0.00747460620113998 0.0261006138753146 0.0164977104752325 -9999 -9999 -9999 -9999 -9999 -9999 -9999 -9999 -9999 -9999 -9999 -9999 -9999 -9999 -9999 -9999 -9999 -9999 -9999 -9999 0.000603652603081173 0.00157900963713473 0.00501667640637606 0.0201496115652844 0.0281028323573992 0.0694250186905265 0.454739898443222 0.273992440849543 0.0196490519680083 0.00312528705399018 0.000878138307234622 0.000570458277303487 0.00066929185325364 0.00353589606238529 0.0016061950132098 0 0.00902054955772861 -9999 -9999 -9999 -9999 -9999 -9999 -9999 -9999
-9999 -9999 -9999 -9999 -9999 -9999 -9999 -9999 -9999 0.00922466309275478 0.00913309358002152 0.0915783470496535 0.218863042443991 0.0129000520566478 0.0109753006299798 0 -9999 -9999 -9999 -9999 -9999 -9999 -9999 -9999 -9999 -9999 -9999 -9999 -9999 -9999 -9999 -9999 -9999 -9999 -9999 0.000615099731078317 0.0107202834857162 0.00815088505623862 0.0241317534819245 0.0305790635757148 0.168230041116476 0.156583949178457 0.0351627871394157 0.00294463265745435 0.0032594844509731 0.00273211060921312 0.00118936859280439 0.00162594556122713 0.00277255532018899 0.00149184082169995 0.0370255047106184 0.0261572042480111 -9999 -9999 -9999 -9999 -9999 -9999 -9999
-9999 -9999 -9999 -9999 -9999 -9999 -9999 -9999 -9999 0.0254222582560033 0.0101570934872143 0.0346945122815669 0.302389240264893 0.0277810873929411 0.00445168625192309 0.00755427903204691 -9999 -9999 -9999 -9999 -9999 -9999 -9999 -9999 -9999 -9999 -9999 -9999 -9999 -9999 -9999 -9999 -9999 -9999 -9999 -9999 0.00166888145377015 0.000749667893160222 0.00326012566583813 0.0030543667904567 0.0113330041291192 0.00537501583457924 0.166265857405961 0.0266159616410732 0.00416386306169443 0.00199306314898422 0.00153619783231989 0.00704342054668814 0.00414345348835923 0.00297157639033685 -9999 -9999 0.0056196039848146 -9999 -9999 -9999 -9999 -9999 -9999
-9999 -9999 -9999 -9999 -9999 -9999 -9999 -9999 -9999 -9999 0.0147773028351367 0.0149652510415763 0.0542851749807596 0.0138303579529747 0.00600184558425099 0.0140652323578252 -9999 -9999 -9999 -9999 -9999 -9999 -9999 -9999 -9999 -9999 -9999 -9999 -9999 -9999 -9999 -9999 -9999 -9999 -9999 -9999 -9999 0.00185287023814453 0.00112275025057187 0 0.00711160124046728 0.00216847286301345 0.0194535588379949 0.0385366700589657 0.0500010496005416 0.00433761228341609 0.00541522457206156 0.00752892888849601 0.0120921551715583 0.0092962634167634 0.070091774687171 -9999 -9999 -9999 -9999 -9999 -9999 -9999 -9999
