Scripts_&_data/Maxent_result_files_2/B_cryptarum_2.asc
NCOLS 594 
NROWS 330 
XLLCORNER -15 
YLLCORNER 23 
CELLSIZE 0.166666666666667 
NODATA_value -9999 
[rows 78 to 103 of 330, columns 177 to 235 of 594]
0.134939271397889 0.0848276486620307 0.0108521060626975 0.00893310933654448 0.0533181578852236 0.0257599266682519 0.0246283208980458 0.0292112315133621 0.0487904320762027 0.165362108312547 0.104883060231805 0.0817860415787436 0.0410740065253776 0.0616244247183204 0.1220439709723 0.110585506306961 0.152430162578821 0.0396978564676829 0.0364663599637424 0.0207891802536324 0.0346717145566799 0.0268539765727837 0.0220887786806998 0.0305234149189346 0.0177019982575096 0.0280092071792751 0.0202827798329963 0.0255409572040662 0.0568246793933213 0.0772695900290273 0.0413311304917443 0.0311508258313552 0.0352225637587253 0.0403401733372448 0.0311009539293082 0.063541064504534 0.0443745240569115 0.0391956392908469 0.0568847751710564 0.0220073059230344 0.172177739054314 -9999 -9999 -9999 -9999 -9999 -9999 -9999 -9999 -9999 -9999 -9999 -9999 -9999 -9999 -9999 -9999 -9999 -9999
0.0735124308615923 0.0841829275712371 0.0552768993657082 0.0230466214719718 0.014480644185096 0.0183462785906158 0.01850654182781 0.0319518904929282 0.0222453032623191 0.0345512954832429 0.0684302133569872 0.0781563021242619 0.0940088778734207 0.147811869904399 0.142285423912108 0.11320578805171 0.091901746019721 0.0748557772720233 0.0408075650222599 0.0261090192181655 0.0233520571983675 0.0294995335832937 0.0282367822132073 0.0476872833289235 0.0359872513101436 0.0441115399811679 0.0548654092413926 0.0467138828615134 0.0431056980265566 0.0288459463237814 0.01923126418842 0.0340544686827343 0.0284038411162328 0.025488835410215 0.0524185370537452 0.0774446521885693 0.0735708413296379 0.0799613049952313 0.151012407056987 0.0442494024755433 -9999 -9999 -9999 -9999 -9999 -9999 -9999 -9999 -9999 -9999 -9999 -9999 -9999 -9999 -9999 -9999 -9999 -9999 -9999
0.26714670881629 0.0264403161476366 0.0180159424568956 0.00893974034079292 0.0174745640522367 0.019883405987639 0.0346117181975077 0.0819787199220627 0.0443386132945307 0.019054281883291 0.0483862218874492 0.0734452093020082 0.0538236383697949 0.130656003579497 0.109076727181673 0.083818179302034 0.139354588557035 0.0829579370096326 0.032368787870837 0.0792931583462178 0.0598549840069609 0.0382119851672542 0.0341141811283569 0.0491219488787465 0.0685905308404472 0.0778501886776212 0.0609739411445844 0.0584608794470114 0.0667027317442262 0.0229267428856474 0.0261267404433966 0.0542226899709931 0.0334704460925423 0.0185024639591575 0.0625804376555607 0.0767673963448033 0.0291576804431884 0.0803410518215969 0.0335142567724688 0.0195374534494476 0.102485196350608 -9999 -9999 -9999 -9999 -9999 -9999 -9999 -9999 -9999 -9999 -9999 -9999 -9999 -9999 -9999 -9999 -9999 -9999
0.034303413448421 0.0246834530203067 0.0292692419363251 0.0169578848057427 0.0224682395870332 0.0379839128348976 0.0143281007221617 0.0285938024637289 0.0197470905612136 0.0370867022909806 0.0322437221242581 0.0181773537452198 0.0479419961309759 0.0301272218724989 0.0245659647509456 0.0399353393528145 0.0311825280892663 0.0461192808346823 0.0320805673634823 0.0757897846633568 0.0484438145140302 0.0967114388942718 0.0216943175240885 0.0719681123737246 0.0634792601456866 0.0891966805094853 0.0836651530815288 0.0530430966959102 0.0760451220448886 0.0300871354585979 0.0405377090908587 0.0356295708334073 0.0270292914123274 0.0181482789514121 0.0558534788433462 0.10606255561579 0.0400053499266505 0.107052340451628 0.176171194482595 0.0864410954527557 0.0883521426469088 0.048580852948362 -9999 -9999 -9999 -9999 -9999 -9999 -9999 -9999 -9999 -9999 -9999 -9999 -9999 -9999 -9999 0.0620880472008149 0.0496481196954846
0.0462117132473298 0.0191811518976465 0.0268487281631678 0.0310180110922374 0.0410424891233561 0.0333192150108516 0.0284148130922404 0.0669763056808733 0.0493380616229842 0.0366893909056671 0.0235934826312587 0.0181835561583284 0.0124135058241477 0.018853346162723 0.0284841328088078 0.020295599027304 0.0230799004988512 0.0240566082531586 0.0244024589308538 0.0411814396255068 0.0283527727873661 0.0508622140274383 0.0409904501866549 0.0305316537385806 0.0553429363062605 0.0869316535419784 0.0626605449127965 0.0794094676060922 0.0706929525778833 0.0549523137186043 0.0522036834387109 0.0467018078779802 0.0597561063244939 0.0833985639270395 0.0613037260482088 0.0718353351578116 0.119088138220832 0.135399128962308 0.126367546222173 0.0848147304612212 -9999 -9999 -9999 -9999 -9999 -9999 -9999 -9999 -9999 -9999 -9999 -9999 -9999 -9999 -9999 -9999 0.123032671771944 0.0557556074112654 0.0326925542671233
0.120756055228412 0.025804822758073 0.0252461810836394 0.0353041083482997 0.0702479682222474 0.14360903496854 0.0353744977968745 0.0792818962574529 0.130405024296488 0.0347357750870287 0.0246307771769352 0.0342136892490089 0.0207758275326341 0.0213851449021604 0.0145609211657303 0.039215861635239 0.0182675467047375 0.0286527924006805 0.0337996894493699 0.0315453876159154 0.0526580061297864 0.0388571944237027 0.0442263137563898 0.0452706815092824 0.0446162538137287 0.0720991531488835 0.0832676797173917 0.0498837173567154 0.0770995067432523 0.0928342236438766 0.063599821284879 0.0851945514325052 0.0708725717384368 0.0716098167467862 0.114010164327919 0.140854706056416 0.114683727361262 0.122640367504209 0.146103958552703 -9999 -9999 -9999 -9999 -9999 -9999 -9999 -9999 -9999 -9999 -9999 -9999 -9999 -9999 -9999 -9999 0.0546513151377439 0.080868861079216 0.0607617134926841 0.0374816071474925
0.0239534615553762 0.0175389496233493 0.0410069362027571 0.0657546208240092 0.0779557226924226 0.224108456564136 0.122331825079164 0.0691126281628385 0.0566890842514113 0.0699108125409111 0.0591661654529162 0.0470575434737839 0.0630189206218347 0.0400192418368533 0.02160687467549 0.0229618905024836 0.0246135691413656 0.0502152049681172 0.0185290328270366 0.0611538778524846 0.0721223066328093 0.0664214748190716 0.114230609405786 0.0835015585646033 0.0787761920364574 0.109895176859573 0.0915229639271274 0.10966850965051 0.113403658079915 0.110790705494583 0.0993675623554736 0.08784111936111 0.0379193953203185 0.111178435920738 0.349024310708046 0.122126760846004 0.0837651990354061 0.0867939420044422 -9999 -9999 -9999 -9999 -9999 -9999 -9999 -9999 -9999 -9999 -9999 -9999 -9999 -9999 0.0910579840461651 0.101565738208592 0.0628188835224137 0.0628454446792603 0.0543786756694317 0.0737780075520277 0.0829549062997103
0.0580564809672069 0.0647433384554461 0.073853839293588 0.0963009581086226 0.0823861403972842 0.0697643926599994 0.105487443992752 0.111138499516528 0.0528167657379527 0.0951483604498208 0.102086747786962 0.0884066977305338 0.074134078877978 0.0633711895556189 0.0562322993500857 0.0494935070397332 0.100947785237804 0.0300774925504811 0.0322898100945167 0.0493077002000064 0.038916091946885 0.0442717480938882 0.10512551991269 0.104356966237538 0.11816109274514 0.117712444951758 0.082145596225746 0.086866596643813 0.103588487999514 0.129680776037276 0.11406402955763 0.1303142352961 0.120803962880746 0.0692780113779008 0.423813188076019 0.230386828770861 -9999 -9999 -9999 -9999 -9999 -9999 -9999 -9999 -9999 -9999 -9999 -9999 -9999 0.200457127392292 0.0917668534442782 0.0814749190583825 0.0596073431894183 0.0519837956642732 0.0692959132604301 0.0544887758558616 0.105068377312273 0.0502438999712467 0.05271688522771
0.0515786977717653 0.119944707164541 0.0751303334720433 0.0884680079761893 0.0416671149749163 0.0409253666497534 0.076862389978487 0.105730231711641 0.114689034037292 0.132029426691588 0.19762150477618 0.1232290599728 0.115071337507106 0.0913620025385171 0.115418111626059 0.11906234996859 0.062947365141008 0.13526218701154 0.112083987798542 0.113248403510079 0.126160442875698 0.128058228967711 0.131647010054439 0.130888484790921 0.117187880631536 0.121919880062342 0.155996302189305 0.111083388421684 0.121091330889612 0.118148798495531 0.111404169688467 0.0984638125519268 -9999 -9999 -9999 -9999 -9999 -9999 -9999 -9999 -9999 -9999 -9999 -9999 -9999 -9999 -9999 -9999 0.0825643615564331 0.086220021918416 0.0544309770688415 0.0729473061859608 0.0773639591876417 0.0619841433828697 0.0592083168914542 0.0563801481155679 0.0397685718839057 0.0747934815706685 0.0550650552613661
0.196082055568695 0.12225550680887 0.132225267469802 0.082405498647131 0.129921496240422 0.144092343165539 0.126313351560384 0.1317199036479 0.134811272891238 0.0511879313504323 0.128026907006279 0.165595694910735 0.0975401249248534 0.105542463739403 0.117166077462025 0.119099105126224 0.169176536565647 0.173125122208148 0.148879396915436 0.163975542923436 0.18029764406383 0.171147503284737 0.135524996556342 0.142042133258656 0.153463968029246 0.158931182557717 0.126886370871216 0.123129350342788 0.199751305161044 -9999 -9999 -9999 -9999 -9999 -9999 -9999 -9999 -9999 -9999 -9999 -9999 -9999 -9999 -9999 -9999 -9999 -9999 0.081640737503767 0.0854782221838832 0.0772354671731591 0.0695752379018813 0.0582377987913787 0.0829630494117737 0.0591438462841325 0.0451984256971627 0.096932066231966 0.054393770173192 0.036500063596759 0.0520180003717542
0.274558882787824 0.352842968702316 0.0974291449063458 0.149990771710873 0.110019709460903 0.106633492698893 0.102731134044006 0.11845219777897 0.136304521863349 0.127024000696838 0.124172969907522 0.141971057560295 0.127894957410172 0.159117158874869 0.0939592235488817 0.127811185643077 0.108253821567632 0.164459092076868 0.134017824241892 0.148450711090118 0.170333682978526 0.222124043246731 0.170593016594648 0.142886892706156 0.129462497890927 0.249478124361485 0.229519287869334 -9999 -9999 -9999 -9999 -9999 -9999 -9999 -9999 -9999 -9999 -9999 -9999 -9999 0.169572550919838 -9999 -9999 0.183813694934361 0.209289981517941 0.115403762063943 0.0725077186711132 0.0546845503151417 0.0593540755100548 0.0717543559148908 0.0745366094633937 0.0540726665407419 0.0977578519377857 0.0779605099465698 0.133315102476627 0.134945791959763 0.0746243253350258 0.0633733603404835 0.0951741115190089
0.179903292562813 0.25689851809293 0.092038794932887 0.140286837751046 0.168142685526982 0.149426197214052 0.150780538935214 0.135533814528026 0.239223947515711 0.160145940212533 0.0517860031042574 0.0553514110967458 0.110076025221497 0.163034624652937 0.130765421548858 0.182850450766273 0.123611803725362 0.149598598480225 0.140561779914424 0.173974755429663 0.203912810701877 0.189354938548058 0.200488765677437 0.23004908496514 -9999 -9999 -9999 -9999 -9999 -9999 -9999 -9999 -9999 -9999 -9999 -9999 -9999 -9999 -9999 -9999 -9999 -9999 0.240897756628692 0.138859191350639 0.0832981751300395 0.0700491970404983 0.0960454227402806 0.0834846384823322 0.0776909872540273 0.0833252107724547 0.125665994081646 0.0646813169121742 0.0705365562811494 0.0798477747710422 0.162273595202714 0.290991609543562 0.0771301695145667 0.0977790161967278 0.066306103207171
0.305551855266094 0.119458658620715 0.267563163116574 0.142426481063012 0.225513340951875 0.135986398509704 0.185435201507062 0.144223614921793 0.16723772813566 0.113898781011812 0.102273944066837 0.158831014903262 0.126813281700015 0.163663783483207 0.17475981740281 0.190542104421183 0.214019062370062 0.17730609853752 0.186500147683546 0.162260205671191 0.138432263256982 0.208575082570314 0.264374465541914 0.253438542573713 -9999 -9999 -9999 -9999 -9999 -9999 -9999 -9999 -9999 -9999 -9999 -9999 -9999 -9999 -9999 -9999 -9999 0.134762384695932 0.128769210726023 0.121897179633379 0.11377500128001 0.089251159131527 0.0787660196656361 0.0941102892160416 0.0953933719545603 0.0965715253725648 0.0834831980988383 0.0928171691484749 0.0821256756782532 0.0646653366391547 0.0753443793626502 0.0850225202739239 0.129919319599867 0.0805362897925079 0.0801952242618427
0.308695667982101 0.173802443430759 0.209589438745752 0.149434888805263 0.131069512548856 0.215478280256502 0.207236276241019 0.144349610432982 0.172451545717195 0.184847356798127 0.140445794351399 0.205274569545873 0.14500918770209 0.127217650506645 0.181075602537021 0.208353092521429 0.263090444542468 0.209293288551271 0.219016710761935 0.216588781028986 0.221628979849629 0.256925010751002 -9999 -9999 -9999 -9999 -9999 -9999 -9999 -9999 -9999 -9999 -9999 -9999 -9999 -9999 -9999 -9999 -9999 -9999 0.109529296099208 0.14333185935393 0.157356214895844 0.118363593891263 0.142549357842654 0.0516204013372771 0.130588739551604 0.120598579570651 0.17439353838563 0.218959246575832 0.219856204837561 0.128890605084598 0.0941482812981121 0.0957482698373497 0.0871554620563984 0.077167971432209 0.0756228504702449 0.090594737615902 0.0913494001608342
0.151417572190985 0.121140053542331 0.167470828257501 0.188212218508124 0.215796416252851 0.20790175977163 0.144466097326949 0.0949111972935498 0.145804102299735 0.163678690418601 0.14235230172053 0.249615703267045 0.164068509964272 0.201184823084623 0.162064875895157 0.177585324971005 0.252217008173466 0.161065857112408 0.196130929607898 0.167445375397801 0.271817755233496 -9999 -9999 -9999 -9999 -9999 -9999 -9999 -9999 -9999 -9999 -9999 -9999 -9999 -9999 -9999 -9999 -9999 -9999 -9999 0.165528280287981 0.164305350370705 0.141186723858118 0.124814043939114 0.11661764010787 0.118764511495829 0.11429720595479 0.116002495959401 0.11655580624938 0.114798706956208 0.098326584789902 0.103912870772183 0.104229384288192 0.0731810020050034 0.093862121924758 0.0944815423339605 0.0747759955236688 0.0935351445572451 0.0864494682522491
0.155257295491174 0.197740836860612 0.148681823420338 0.134575239312835 0.20198794445605 0.216938597429544 0.170333748171106 0.165065993042663 0.131742197368294 0.1748101439327 0.173501433804631 0.138125178590417 0.194495828449726 0.243939663516358 0.199491802230477 0.14917434793897 0.190565227065235 0.168746495060623 -9999 -9999 -9999 -9999 -9999 -9999 -9999 -9999 -9999 -9999 -9999 -9999 -9999 -9999 -9999 -9999 -9999 -9999 -9999 -9999 -9999 -9999 0.17331668427214 0.122415926121175 0.144368229061365 0.144733297452331 0.0765633134171367 0.148661760054529 0.162862476147711 0.137527988478541 0.0879708515596576 0.0723236314952374 0.119668463617563 0.110779830813408 0.110149101167917 0.0884123114636168 0.0987180517986417 0.0786813466344029 0.0808083564275876 0.0757503832923248 0.115048086130992
0.102515699737705 0.130727322795428 0.137221914157271 0.176440103701316 0.0919712107279338 0.171260028565302 0.128444774681702 0.136798116099089 0.205289716878906 0.173719067918137 0.200607597408816 0.208692034939304 0.220383648248389 0.22544744387269 0.171378279710189 0.202232005726546 0.208868338074535 0.278657332062721 -9999 -9999 -9999 -9999 -9999 -9999 -9999 -9999 -9999 -9999 -9999 -9999 -9999 -9999 -9999 -9999 -9999 -9999 -9999 -9999 -9999 -9999 -9999 0.18509671241045 0.160082818381488 0.160063727758825 0.0935799649218097 0.0768800559453666 0.0642725821584463 0.0565351183293387 0.102240357920527 0.120575724169612 0.088724845694378 0.10047697245609 0.0949045833898708 0.0946130931610241 0.107630847021937 0.145938284322619 0.0823857425246388 0.0802882563322782 0.0928753634449095
0.110401374055073 0.136345565901138 0.138935665041208 0.137477514799684 0.141340930527076 0.199094518786296 0.215728837810457 0.212402666918933 0.189545194432139 0.122189094102941 0.183073311066255 0.183026384329423 0.205982875777408 0.249042929057032 0.23704399112612 0.328907619416714 0.263064474612474 0.265945730009116 -9999 -9999 -9999 -9999 -9999 -9999 -9999 -9999 -9999 -9999 -9999 -9999 -9999 -9999 -9999 -9999 -9999 -9999 -9999 -9999 -9999 -9999 -9999 0.152144408877939 0.14326364188455 0.104074485832825 0.0936056739417836 0.0897126775234938 0.120117373391986 0.0700352153740823 0.113239573314786 0.0778485984774306 0.0745837255846709 0.136596454074606 0.0997105418005958 0.126475643995218 0.0960783228743821 0.101462718425319 0.122718891454861 0.256845429446548 0.113382496789563
0.0989300049142912 0.0893707874463871 0.111369055928662 0.112955153454095 0.169458705466241 0.168878405122086 0.161773482756689 0.158346563298255 0.169705232221168 0.137350748549216 0.142083647940308 0.16524651851505 0.385820418596268 0.624872495979071 0.24333915989846 0.287769837677479 0.180756652355194 -9999 -9999 -9999 -9999 -9999 -9999 -9999 -9999 -9999 -9999 -9999 -9999 -9999 -9999 -9999 -9999 -9999 -9999 -9999 -9999 -9999 -9999 -9999 -9999 -9999 0.142866423772648 0.133399065211415 0.128807430109009 0.123075164947659 0.131119342893362 0.0845369055867195 0.118138232594356 0.118423801474273 0.144779409468174 0.101189550152048 0.10898170506116 0.101681186025962 0.110400261566974 0.122916758712381 0.215128329093568 0.169517528882716 0.0926615064032376
0.128393611963838 0.0896914846729487 0.177954359725118 0.14044536058791 0.148291414836422 0.171164447115734 0.156601907638833 0.175503920391202 0.175315420329571 0.108475213349084 0.0990879565943033 0.284246584773064 0.223096833005548 0.453023543953896 0.231585664302111 0.199430806934834 0.183691363595426 -9999 -9999 -9999 -9999 -9999 -9999 -9999 -9999 -9999 -9999 -9999 -9999 -9999 -9999 -9999 -9999 -9999 -9999 -9999 -9999 -9999 -9999 -9999 -9999 -9999 0.177323868870735 0.225085532385856 0.251437354972586 0.153625441621989 0.136441162973642 0.114969289419241 0.108667448535562 0.109396210336126 0.108384076505899 0.318590332940221 0.253809113078751 0.105320150172338 0.0829669122584164 0.380542587861419 0.0997634287225082 0.124890872091055 0.107094470597804
0.092550793569535 0.139403469544777 0.150393783347681 0.203798652486876 0.126570321200416 0.0804326587123796 0.130955700622872 0.166642714105546 0.159640202671289 0.188091115560383 0.107827527038171 0.125393438473111 0.247838561888784 0.247982132621109 0.169359019584954 0.211117967171595 -9999 -9999 -9999 -9999 -9999 -9999 -9999 -9999 -9999 -9999 -9999 -9999 -9999 -9999 -9999 -9999 -9999 -9999 -9999 -9999 -9999 -9999 -9999 -9999 -9999 -9999 -9999 0.290456019341946 0.2510114595294 0.137533935904503 0.140184317762032 0.16027113229502 0.173337623546831 0.134619882749394 0.139255408942699 0.132594114169478 0.128272611065768 0.135435876250267 0.176261609885842 0.844343305751681 0.274108773469925 0.204773933114484 0.254871359933168
0.0621157104149461 0.082862157560885 0.135707407165319 0.130674009537324 0.164971978962421 0.152899050372071 0.156015476631001 0.177103595435619 0.120315016247332 0.139566420204937 0.224812846258283 0.197203728370368 0.260229458659887 0.297530600428581 0.172354924166575 0.163731195358559 -9999 -9999 -9999 -9999 -9999 -9999 -9999 -9999 -9999 -9999 -9999 -9999 -9999 -9999 -9999 -9999 -9999 -9999 -9999 -9999 -9999 -9999 -9999 -9999 -9999 -9999 0.213528087735176 0.349234843254089 0.421771365404129 0.147432421892881 0.133277541166171 0.237694476125762 0.126714539155364 0.134267331287265 0.161774771870114 0.278889666870236 0.172405000030994 0.260152041004039 0.368170795030892 0.315230889618397 0.205814805626869 0.309766110405326 0.190211340039968
0.154909653170034 0.171056935377419 0.16129740732722 0.204706021817401 0.1517946138978 0.120048606069759 0.141396576969419 0.13910616482608 0.231628439575434 0.214066129829735 0.195186487585306 0.19032844491303 0.241488009318709 0.430604363232851 0.454999507218599 0.138995375670493 -9999 -9999 -9999 -9999 -9999 -9999 -9999 -9999 -9999 -9999 -9999 -9999 -9999 -9999 -9999 -9999 -9999 -9999 -9999 -9999 -9999 -9999 -9999 -9999 -9999 -9999 0.210649684816599 0.223702477663755 0.198247961699963 0.185199595056474 0.229762998968363 0.136839012987912 0.105010096915066 0.129442943632603 0.118672316335142 0.0990233877208084 0.162279881536961 0.101247334247455 0.126025036349893 0.130169939808547 0.198327014036477 0.242404975509271 0.222291795164347
0.547878456115723 0.160418422333896 0.20341329080984 0.142335817497224 0.131768932170235 0.140494332183152 0.234348301636055 0.262802272802219 0.179227964906022 0.160537612671033 0.186277479957789 0.194678306113929 0.200748536083847 0.188695366773754 0.225912922341377 0.168217785935849 -9999 -9999 -9999 -9999 -9999 -9999 -9999 -9999 -9999 -9999 -9999 -9999 -9999 -9999 -9999 -9999 -9999 -9999 -9999 -9999 -9999 -9999 -9999 -9999 -9999 0.482688709162176 0.24078188855201 0.13339912975207 0.175087571516633 0.167309323325753 0.574213270097971 0.276061120536178 0.167784060351551 0.195516301691532 0.149715336039662 0.165467742271721 0.188493933156133 0.130335718020797 0.161892822384834 0.113229825906456 0.154418374225497 0.286050866916776 0.199117028247565
0.580120399594307 0.777249675989151 0.437217826209962 0.229665809124708 0.163225816143677 0.230621289927512 0.176888131070882 0.195624742936343 0.192591114062816 0.175339478813112 0.183251716010273 0.206247892137617 0.261709443479776 0.164873531088233 0.21569707468152 0.14419864602387 -9999 -9999 -9999 -9999 -9999 -9999 -9999 -9999 -9999 -9999 -9999 -9999 -9999 -9999 -9999 -9999 -9999 -9999 -9999 -9999 -9999 -9999 -9999 -9999 -9999 0.19060946921818 0.186070911213756 0.214947552233934 0.148454077681527 0.141576768830419 0.298670723149553 0.467017632722855 0.175194404646754 0.279102577269077 0.268007002025843 0.228943310678005 0.201630941778421 0.181956802681088 0.16788433752954 0.152145700156689 0.152380108879879 0.135426011541858 0.10133503540419
0.154958865465596 0.266230654413812 0.600071549415588 0.197783052921295 0.208204152807593 0.263753469288349 0.233055915031582 0.195783011615276 0.19099161401391 0.225742229726166 0.220046893041581 0.157271363493055 0.206604002416134 0.156842461461201 0.235080723604187 0.281864163652062 0.384697142243385 -9999 -9999 -9999 -9999 -9999 -9999 -9999 -9999 -9999 -9999 -9999 -9999 -9999 -9999 -9999 -9999 -9999 -9999 -9999 -9999 -9999 -9999 -9999 -9999 0.172851461544633 0.173732518777251 0.161796134337783 0.172254780307412 0.219569804519415 0.156700643384829 0.199836760759354 0.200780956447124 0.205227837711573 0.278530478104949 0.206848548352718 0.34295409694314 0.198952169716358 0.144755671545863 0.123413328360766 0.307479656487703 0.204704255936667 0.144853898463771
