Scripts_&_data/Maxent_result_files_2/B_cryptarum_2.asc
NCOLS 594 
NROWS 330 
XLLCORNER -15 
YLLCORNER 23 
CELLSIZE 0.166666666666667 
NODATA_value -9999 
[rows 52 to 77 of 330, columns 295 to 353 of 594]
0.0215774311612023 0.0353324155621806 -9999 -9999 -9999 -9999 -9999 -9999 -9999 -9999 -9999 -9999 -9999 -9999 -9999 -9999 -9999 -9999 -9999 -9999 -9999 -9999 -9999 -9999 -9999 -9999 -9999 -9999 -9999 -9999 -9999 -9999 -9999 -9999 -9999 -9999 -9999 -9999 -9999 -9999 -9999 -9999 -9999 -9999 -9999 -9999 -9999 -9999 -9999 -9999 -9999 -9999 -9999 -9999 -9999 -9999 -9999 -9999 -9999
0.00323634898226999 0.0021148032266467 0.00421831557760015 0.00420437932448294 0 0.00781456978072867 0.0185884727265204 0.710073850149683 0.0915934556189086 0.0527668498231662 0.610113383447651 0.486626831752834 0.0461057974025607 -9999 -9999 -9999 -9999 -9999 -9999 -9999 -9999 -9999 -9999 -9999 -9999 -9999 -9999 -9999 -9999 -9999 -9999 -9999 -9999 -9999 -9999 -9999 -9999 -9999 -9999 -9999 -9999 -9999 -9999 -9999 -9999 -9999 -9999 -9999 -9999 -9999 -9999 -9999 -9999 -9999 -9999 -9999 -9999 -9999 -9999
0.00359899101856627 0.00443209528698389 0.0594405651092529 0.00191932688755969 0.0227813494080721 0.0827819345793387 0.0264693417795058 0.00622722202881363 0.00523905642357363 0.0317632221874646 0.0239591690783811 0.789234276198476 0.822969583919439 0 0.717885097695489 0.68669914028967 -9999 -9999 -9999 -9999 -9999 -9999 -9999 -9999 -9999 -9999 -9999 -9999 -9999 -9999 -9999 -9999 -9999 -9999 -9999 -9999 -9999 -9999 -9999 -9999 -9999 -9999 -9999 -9999 -9999 -9999 -9999 -9999 -9999 -9999 -9999 -9999 -9999 -9999 -9999 -9999 -9999 -9999 -9999
0.00964419689680653 0.00426546602575399 0.00664217624944285 0.00135444253368178 0.00137829746792022 0.00121634728142226 0.00127429513989341 0.0178425021655755 0.161781734774127 0.00359691784822189 0.00318120723877655 0.00661689988389753 0.00250499034249287 0.00219228587907594 0.0226970836619728 0.115325777678959 0.685880682291736 0.870372179709375 0.500880971301808 0.11708795502785 -9999 -9999 -9999 -9999 -9999 -9999 -9999 -9999 -9999 -9999 -9999 -9999 -9999 -9999 -9999 -9999 -9999 -9999 -9999 -9999 -9999 -9999 -9999 -9999 -9999 -9999 -9999 -9999 -9999 -9999 -9999 -9999 -9999 -9999 -9999 -9999 -9999 -9999 -9999
0.0959903496783227 0.331085379421711 0.0397152125835419 0.0578338302671909 0.010226485835301 0.00119928544397112 0.0956415375109373 0.286025295168929 0.0425623717834242 0.0532659917604178 0.0636868871748447 0.00379221949469866 0.00259209033679326 0.0015099631503972 0.00344906772717195 0.0017993626116322 0.0034369047538803 0.00200831318732071 0.00465472695606763 0.0179428226445225 0.0330220670731023 0.506401112665822 0.00922402938595042 -9999 -9999 -9999 -9999 -9999 -9999 -9999 -9999 -9999 -9999 -9999 -9999 -9999 -9999 -9999 -9999 -9999 -9999 -9999 -9999 -9999 -9999 -9999 -9999 -9999 -9999 -9999 -9999 -9999 -9999 -9999 -9999 0.0120432292547775 0.0681373260471545 0.0339400822878815 -9999
0.600976883620024 0.265538140386343 0.542249415442348 0.0685310097411275 0.117558536957949 0.0473830160917714 0.0255627448143059 0.266554067283869 0.0943782903254032 0.0597029820084572 0.0882597911171615 0.0257465810107533 0.00921181111480109 0 0.0282820788270328 0.0811501249670982 0.0512239234056324 0.00431476431613191 0.0140251509787049 0.0865210639312863 0.0500877473270521 0.00339952238764454 0.0100804857560433 0.00282576136663124 0.039394694069107 -9999 -9999 -9999 -9999 -9999 -9999 -9999 -9999 -9999 -9999 -9999 -9999 -9999 -9999 -9999 -9999 -9999 -9999 -9999 -9999 -9999 -9999 -9999 -9999 -9999 -9999 -9999 -9999 -9999 -9999 -9999 -9999 -9999 0.00979510902470793
0.181932812172454 0.277708093894989 0.327919662855049 0.258510365907568 0.407797005772591 0.304607596248388 0.283876472245902 0.10633404366672 0.0448498629964888 0.0428770065307617 0.0696308240294456 0.0653014533221722 0.0101045946913018 0 0 0.0222780107811559 0 0.0462020959472284 0.0686152863316238 0.0700476422905922 0.0842353077605367 0.0030437211757544 0.0910818574950099 0.090527730435133 0.089326574280858 0.380512302741408 0.0363513775984757 0.0200528126795689 0.022082391549263 -9999 -9999 -9999 -9999 -9999 -9999 -9999 -9999 -9999 -9999 -9999 -9999 -9999 -9999 -9999 -9999 -9999 -9999 -9999 -9999 -9999 -9999 -9999 -9999 -9999 -9999 -9999 -9999 -9999 -9999
0.511777148582041 0.743692504987121 0.556501035392284 0.398968338221312 0.482208135724068 0.137181737367064 0.0687887610853068 0.519571547210216 0.0492233281955123 0.32287712097168 0.0493198692798614 0.0421701921150088 0.567321347072721 0.0577799796440078 0.122068039700389 0 0.061279608309269 0.060260372236371 0.0867941245436668 0.0931162863969803 0.0140632717084372 0.00410036166681493 0.00250933128106681 0.00275439927683294 0.00417369839169623 0.0123422283417312 0.00483788664514577 0.0907150771468878 0.0833091073669493 0.00867691048733832 0.01007069797447 0.0467543196980872 -9999 -9999 -9999 -9999 -9999 -9999 -9999 -9999 -9999 -9999 -9999 -9999 -9999 -9999 -9999 -9999 -9999 -9999 -9999 -9999 -9999 -9999 -9999 -9999 -9999 -9999 -9999
0.263747821707693 0.254723993556945 0.0256432128701135 0.0225771196378446 0.0430950498178333 0.176920193496505 0.0941887959780615 0.527304246649146 0.188400150926042 0.389577676355839 0.082372000257601 0.479257661104202 0.0478764427825809 0.00456645806296108 0.00236267488736246 0.00259969351338896 0.0109162091946928 0.116134815383703 0.0636911816895008 0.0732258800417185 0.0877179010771215 0.0735354717820883 0.0673002570867538 0.0878147020936012 0.0941715657711029 0.133430104888976 0.074713462498039 0.0649057105183601 0.072973944619298 0.0922067102044821 0.0833954650908709 0.0750784005969763 0.0856397043913603 0.101542317867279 0.114965383894742 0.054633024555369 -9999 -9999 -9999 -9999 -9999 -9999 -9999 -9999 -9999 -9999 -9999 -9999 -9999 -9999 -9999 -9999 -9999 -9999 -9999 -9999 -9999 -9999 -9999
0.105465901723665 0.400149889461682 0.181634711974232 0.0423468475025402 0.0922150691714364 0.187553874010109 0.750144064426422 0.43052064999938 0.506739645451307 0.493597117066383 0.375644232891057 0.372282504662871 0.407366515696049 0.32288349740897 0.0352710305664844 0.0442539544776082 0.0584763303399086 0.0504919189959765 0.0531460586935282 0.0540691491216421 0.0722600553184748 0.0652798134833574 0.0704418532550335 0.0748507428914309 0.0822007782757282 0.0812046356499195 0.0719622753560543 0.0693384326994419 0.0697102058678865 0.0906138021498919 0.0939245630055666 0.101514708995819 0.10534506291151 0.113423750549555 0.119552372768521 0.112571991980076 0.295729286782444 0.058700616798758 0.0332511253487249 -9999 -9999 -9999 -9999 -9999 -9999 -9999 -9999 -9999 -9999 -9999 -9999 -9999 -9999 -9999 -9999 -9999 -9999 -9999 -9999
0.133829513280216 0.233106243706862 0.0781395784717574 0.449473729729652 0.391531024873257 0.474834954738617 0.442455376312137 0.424336359649897 0.203804658540031 0.190985248611906 0.210066544731045 0.622670063376427 0.173043598979712 0.44891495257616 0.203304047472876 0.448744012415409 0.488074676692486 0.532268792390823 0.48784601688385 0.346035022288561 0.0457863219082355 0.0504802859388292 0.0509120635688305 0.0659286376088858 0.0557457875460386 0.0668628491461277 0.0667362738400698 0.0637128464877605 0.0706504069268703 0.0824558284133673 0.0856186140328646 0.0844523724168539 0.088522195443511 0.090629343688488 0.0959612295031547 0.122341080009937 0.103836052492261 0.0968543473631144 0.161927482485771 0.0787229876965284 0.0039459262206357 -9999 -9999 -9999 -9999 -9999 -9999 -9999 -9999 -9999 -9999 -9999 -9999 -9999 -9999 -9999 -9999 -9999 -9999
0.236968177556992 0.208978615701199 0.381872006505728 0.419141008704901 0.477755671739578 0.526300624012947 0.465373440086842 0.384554471075535 0.564519448578358 0.321507984027266 0.289222055429298 0 0.0774952137842774 0.11296169997114 0.347938460111618 0.122695064218715 0.211814037337899 0.298175899684429 0.279377236776054 0.0151076391171955 0.240918498858809 0.452239111810923 0.302215844005515 0.465273680537939 0.0420266354456544 0.0473375834524632 0.0480873243883252 0.050237619318068 0.0590819839388132 0.0556148063391447 0.0605968087911606 0.0606843236833811 0.064229579269886 0.0728839408606291 0.0949131734669209 0.0836503088474274 0.087124078720808 0.108326539769769 0.108629224076867 0.151380605623126 0.00287469257793873 -9999 -9999 -9999 -9999 -9999 -9999 -9999 -9999 -9999 -9999 -9999 -9999 -9999 -9999 -9999 -9999 -9999 0.00459054049773641
0.15801889738068 0.0997632710961625 0.222336308192462 0.336359256878495 0.290727980807424 0.459892484545708 0.314768312871456 0.522670814394951 0.458129131793976 0.435963418334723 0.433537782728672 0.544241738319397 0.226159246265888 0.240229757455932 0.329794553667307 0.358499617688358 0.25885256305337 0.161710793431848 0.00559006736376659 0.109866420831531 0.112960542930523 0.0865425305557437 0.39121106043458 0.373724882304668 0.188931361585855 0.0454095765948296 0.466238088160753 0.0315439572557807 0.0481275774538517 0.0404635079205036 0.0427355950698256 0.0936002388596535 0.0403701964765787 0.0464155096560717 0.0598789885640144 0.0598630651831627 0.0684630634263158 0.0697021432220936 0.0676222205162048 0.114346554875374 0.0508152946364135 0.00782514438324505 -9999 -9999 -9999 -9999 -9999 -9999 -9999 -9999 -9999 -9999 -9999 -9999 -9999 -9999 -9999 -9999 0.105346845815075
0.349212894332595 0.197313131461851 0.339891617000103 0.110221907959658 0.341677711904049 0.42716196924448 0.398299145698547 0.407440793514252 0.451318781077862 0.513475820422173 0.47782291918993 0.352600404061377 0.182182483468205 0.366545696556568 0.244016184657812 0.381301720440388 0.417767599225044 0.16567957221996 0.260225984826684 0.289267048798502 0.243893438111991 0.172211690619588 0.41619650349021 0.49660834427923 0.442958602309227 0.257090660929692 0.525882604252547 0.505206317454576 0.530543380603194 0.412781517952681 0.429878657311201 0.263062684983015 0.471441389620304 0.106958260573447 0.12371639162302 0.0988533321768045 0.0521269818767905 0.0406222230754793 0.0410085275769234 0.0388027540408075 0.0571212693612324 0.0431973517799634 0.00455399433748981 -9999 -9999 -9999 -9999 -9999 -9999 -9999 -9999 -9999 -9999 -9999 -9999 -9999 -9999 -9999 -9999
0.0554802083403956 0.110349572263658 0.248322585225105 0.154368667397648 0.145538454856069 0.0580146163387496 0.115771520405542 0.446839011460543 0.199322353629395 0.425423588603735 0.320948880910873 0.302467957139015 0.513781823217869 0.301337736845016 0.188114503957331 0.252199969440699 0.222660866752267 0.378501334786415 0.516399024054408 0.553873564302921 0.372626258805394 0.24019567309957 0.480599775165319 0.476663027331233 0.258398421667516 0.103272110596299 0.0765808802098036 0.0471781097352505 0.354928567633033 0.0663093492388725 0.0475865362212062 0.0443809483200312 0.0500187261030078 0.0479988377541304 0.0538744580000639 0.0548711527138948 0.0462934322655201 0.0435082856565714 0.04093629848212 0.0485864582698923 0.150631671252548 0.0888228376856953 0.105985503923148 -9999 -9999 -9999 -9999 -9999 -9999 -9999 -9999 -9999 -9999 -9999 -9999 -9999 -9999 -9999 -9999
0.133200947567821 0.254974985867739 0.302257919311523 0.204127954319119 0.229684615880251 0.289450576406671 0.107034833516673 0.271581985370722 0.356391707854345 0.198217584617669 0.131358661898412 0.430433863028884 0.255150148179382 0.163474044110626 0 0.500034836588725 0.0407485179774994 0.253217750042677 0.577084608376026 0.444086517393589 0.489827827364206 0.427513159811497 0.421322900056839 0.466974809393287 0.419207409024239 0.51461422778666 0.597666093334556 0.0730799574404955 0.0672424927353859 0.638912466913462 0.125786041095853 0.170822500810027 0.0617756448686123 0.307655341923237 0.0697588327340782 0.0444423553533852 0.067904781922698 0.0284343837061897 0.0332112400257688 0.0227189360357443 0.170414170212462 -9999 -9999 -9999 -9999 -9999 -9999 -9999 -9999 -9999 -9999 -9999 -9999 -9999 -9999 -9999 -9999 -9999 -9999
-9999 -9999 0.0992088619642487 -9999 0.0555034532095306 0.286696487826111 0.442195697873831 0.559372467547655 0.189898693701252 0.0926120354585009 0.0982088288784052 0.129259358067065 0.0828768162109282 0.0972442747326568 0.21048817532137 0.175656131282449 0.195029381662607 0.137439328059554 0.148557021096349 0.0459234277135693 0.266627910360694 0.29140573553741 0.421912566572428 0.415617451816797 0.486281258240342 0.449749737232923 0.405145767331123 0.444670620560646 0.558772487938404 0.641099737584591 0.0810914060100913 0.303691213577986 0.168898857757449 0.141718034539372 0.0187575536605436 0.0742066871374845 0.130805948935449 0.0407982238451953 0.136422835268331 0.0126789306341379 -9999 -9999 -9999 -9999 -9999 -9999 -9999 -9999 -9999 -9999 -9999 -9999 -9999 -9999 -9999 -9999 -9999 -9999 -9999
-9999 -9999 -9999 -9999 -9999 -9999 -9999 0.104246626980603 0.0216342748608442 0.186347743072812 0.282010490633547 0.279337718943134 0.196904836613976 0.349073501955718 0.66319183409214 0.505763562396169 0.414941180954533 0.38228440664243 0.532595911342651 0.101374216396562 0.0552497240503726 0.301596360653639 0.0239854531318997 0.0453870937999795 0.0154460630200219 0.0176564550067269 0.322902799025178 0.340996509045362 0.504184563457966 0.59413415491581 0.144581032171845 0.398624476231635 0.311923153139651 0.560090977698565 0.0536023141816258 0.0964225139468908 0.0283106454397604 0.0223648468410829 -9999 -9999 -9999 -9999 -9999 -9999 -9999 -9999 -9999 0.0312866079406552 0 0 0.0208038675365975 -9999 -9999 -9999 -9999 -9999 -9999 -9999 -9999
-9999 -9999 -9999 -9999 -9999 -9999 -9999 -9999 -9999 -9999 -9999 -9999 -9999 -9999 -9999 -9999 -9999 0.0630762780550867 0.062453105300665 0.239130735921572 0.713841453194618 0.347148266108707 0.236677806994703 0.111164648289559 0.266041730562574 0.262249742151471 0.437825849279761 0.236238425970078 0.441902236733586 0.268737102299929 0.365150322578847 0.35768613780383 0.0263361676396926 0.0101872080587825 0.0452511106850579 -9999 -9999 -9999 -9999 -9999 -9999 -9999 -9999 -9999 -9999 -9999 0.0178599469565654 0.0400934198299292 0.0375616407261249 0.0488558410294862 0.0371878934281995 0.0323480570634274 0.0254984907561977 0.0451522471696194 0.0896703196472724 0.0414676624679874 0 -9999 -9999
0.31339767742902 0.111908485836012 -9999 -9999 -9999 -9999 -9999 -9999 -9999 -9999 -9999 -9999 -9999 -9999 -9999 -9999 -9999 -9999 -9999 -9999 -9999 -9999 0.00329687318953802 0.0350659749470651 0.10275859432295 0.109876682236792 0.126209491863848 0.10697028785944 -9999 -9999 -9999 -9999 -9999 -9999 -9999 -9999 -9999 -9999 -9999 -9999 -9999 -9999 -9999 0.117204123130068 0.0818429120934246 0.108551351597998 0.0728459679282452 0.0886514201996148 0.0377116249779192 0 0.0291255872330645 0.0310056026239183 0.0287605845792058 0.0305733731860528 0.0323433639539871 0.0578231550361043 0.0649066065932857 0.104007556700526 0.127637964103087
0.269436875730753 0.290218931436539 0.606783024594188 -9999 -9999 -9999 -9999 -9999 -9999 -9999 -9999 -9999 -9999 -9999 -9999 -9999 -9999 -9999 -9999 -9999 -9999 -9999 -9999 -9999 -9999 -9999 -9999 -9999 -9999 -9999 -9999 -9999 -9999 -9999 -9999 -9999 -9999 -9999 -9999 0.0650074001803875 0.0210417027623407 0.195710943018195 0.160819725279545 0.340127079062222 0.0900466058403254 0.0848383685108275 0.0599535364195901 0.25047558741644 0.459571908414364 0.0954828223520891 0.0992833203985356 0.0812691423136584 0.0250059168022782 0.0212859859666512 0.0112819672453529 0.0186173991508307 0.084002204114222 0.036480028364349 0.0498155748937279
0.288668182492256 0.327668676897883 0.291945210122503 0.186332633369602 -9999 -9999 -9999 -9999 -9999 -9999 -9999 -9999 -9999 -9999 -9999 -9999 -9999 -9999 -9999 -9999 -9999 -9999 -9999 -9999 -9999 -9999 -9999 -9999 -9999 -9999 -9999 -9999 -9999 -9999 -9999 -9999 -9999 0.207851235898865 0.822186478972435 0.214596226357935 0.229085242636756 0.328427322261983 0.143379643915846 0.0416792292147875 0.0401170018129051 0.0124618156347424 0.012627902953318 0.117012674461903 0.269039369560778 0.120468474319205 0.303891958296299 0.328751134872437 0.332990530133247 0.0477229434465538 0.0132024657845712 0.00451517191460565 0.0215907663421376 0.039823939447626 0.0161156455841149
0.208730213250965 0.20528996695939 0.139763895826945 -9999 -9999 -9999 -9999 -9999 -9999 -9999 -9999 -9999 -9999 -9999 -9999 -9999 -9999 -9999 -9999 -9999 -9999 -9999 -9999 -9999 -9999 -9999 -9999 -9999 -9999 -9999 -9999 -9999 -9999 -9999 0.0971840799669735 0.0481243452988565 0.0872272612527013 0.0937209954776335 0.069966543186456 0.0771520418515866 0.122520473599436 0.0820094804163669 0.0449480027288574 0.0709001654759049 0.0216943067032914 0.0671286185839288 0.139798180852085 0.137027745041996 0.0860014399513602 0.111325108259916 0.144437454268336 0.39557029157877 0.282796656340361 0.302192877978086 0.0854687537997961 0.000720422984360525 0.00853895380313661 0.0198424373511472 0.000287584961925635
0.16048461725004 0.143575311917812 -9999 -9999 -9999 -9999 -9999 -9999 -9999 -9999 -9999 -9999 -9999 -9999 -9999 -9999 -9999 -9999 -9999 -9999 -9999 -9999 -9999 -9999 -9999 -9999 -9999 -9999 -9999 -9999 -9999 -9999 -9999 0.0322795650625483 0.0451976648489279 0.0313185154071107 0.0248486713608436 0.0770423926413178 0.0561533358748647 0.0708983086849912 0.124170733522624 0.0406086183676962 0.0605317426661713 0.0338858085218817 0.0235829439156078 0.014678470452418 0.00702181543809223 0.01355865346668 0.0248830524188248 0.210520410910249 0.309742530435324 0.278032839298248 0.27848706766963 0.173980221152306 0.0526937044225633 0.0165104239862556 0.00839720065113463 0.0125412894532765 0.0249203342464625
0.0877191339772253 0.328488688380457 -9999 -9999 -9999 -9999 -9999 -9999 -9999 -9999 -9999 -9999 -9999 -9999 -9999 -9999 -9999 -9999 -9999 -9999 -9999 -9999 -9999 -9999 -9999 -9999 -9999 -9999 -9999 -9999 -9999 -9999 -9999 -9999 0.0670268838788612 0.0549585479358289 0.0388790798807991 0.0186016484396532 0.0199127100812873 0.0161428354662178 0.0280781128891629 0.0257281389859208 0.0471843345323577 0.0431222417624667 0.0359748063545339 0.0250112659181468 0.0170563786174171 0.114245011727326 0.178026730380952 0.0656603767725756 0.0415045954527159 0.165720792859793 0.0661524258553982 0.0268276983406395 0.000564709465592883 1.65043143596222e-09 2.66628828948789e-07 6.13055458620337e-09 6.54811047463566e-06
0.0704982296832668 0.0704512129064824 0.14020604469697 -9999 -9999 -9999 -9999 -9999 0.138401136421549 0.21116188505257 -9999 -9999 -9999 -9999 -9999 -9999 0.122280906415199 0.047751668014098 0.0898415934541845 0.09007314546034 -9999 -9999 -9999 -9999 -9999 -9999 -9999 -9999 -9999 -9999 -9999 -9999 -9999 -9999 -9999 -9999 0.0231953815673478 0.00725863677216694 0.0131134039256723 0.0176142596756108 0.0691421475028619 0.13293590657413 0.059691997263144 0.0741999196994584 0.0550515017414 0.0235925713768665 0.0200676142754673 0.0108453243767144 0.081872101733461 0.0797078711912036 0.0857518730685115 0.0359566500294022 0.0327166941482574 3.81751259254215e-05 3.39564629570077e-07 2.53169344044402e-08 1.46097059362527e-06 8.01737898292743e-11 2.77075917765046e-11
