Scripts_&_data/Maxent_result_files_2/B_cullumanus_2.asc
NCOLS 594 
NROWS 330 
XLLCORNER -15 
YLLCORNER 23 
CELLSIZE 0.166666666666667 
NODATA_value -9999 
[rows 168 to 188 of 330, columns 368 to 413 of 594]
0.0792582809925079 0.0735503192991018 0.0706216767430305 0.0713357105851173 0.0600958600640297 0.0516419684514403 0.0433196252211928 0.033603242225945 0.0325600069016218 0.0310916922986507 0.0319360634312034 0.0329843861982226 0.0291521850973368 0.027067865151912 0.0259045810438693 0.0251594631001353 0.0234294990077615 0.0221365572884679 0.021120139863342 0.0201910034753382 0.0187677334994078 0.032739270105958 0.0171160801313818 0.0167764522135258 0.01637699669227 0.0159328747540712 0.0263251420110464 0.0270121036097407 0.0145045747049153 0.023370061814785 0.0153340906836092 0.0120486862957478 0.0116046610288322 0.0119110529311001 0.0118108011316508 0.0114472768735141 0.0118479092605412 0.0117907760664821 0.0113848908804357 0.01155522800982 0.0114457611460239 0.0113139344379306 0.0113412254489958 0.0119021054822952 0.0119155772961676 0.0115280463825911
0.0741182588040829 0.068147162720561 0.0649221643805504 0.0568627752363682 0.0516066679731011 0.0457195265218616 0.0347051709890366 0.0318069938570261 0.0285953406244516 0.0260970822535455 0.0259409612044692 0.0241815984249115 0.0234126168303192 0.0209933372214437 0.0408553393557668 0.0208656197413802 0.0202309908345342 0.0186534064821899 0.0175064329989254 0.0319471282884479 0.0163893850520253 0.02862867154181 0.0151760430075228 0.0146530141122639 0.0249542661011219 0.0127699873410165 0.0172122034244239 0.0117585237137973 0.0116150380577892 0.0107830522581935 0.015007929969579 0.0185361368581653 0.00947604817338288 0.010325663164258 0.0107071381527931 0.0102291327901185 0.0101523423101753 0.00892697717063129 0.00866369223222136 0.00919298948720098 0.00913666780106723 0.00927232513204217 0.00939983003772795 0.0095166209153831 0.00993719836696982 0.00963006555102766
0.0680372949689627 0.0609325118362904 0.0566220782697201 0.0501077316701412 0.043447838164866 0.0417348712682724 0.034626716375351 0.0303466930985451 0.0264846776612103 0.0243395587429404 0.0217081539332867 0.0203684909269214 0.0185801807790995 0.0176743824034929 0.0174876713193953 0.0167022181674838 0.0169733550399542 0.0164239665493369 0.0160574156790972 0.0191644144244492 0.0276406231336296 0.013198984740302 0.0127942622173578 0.0119789234828204 0.0216629612259567 0.0112853428348899 0.0102431334555149 0.00907146977260709 0.00889004045166075 0.00855549140833318 0.00825365660712123 0.00876940111629665 0.0079542491119355 0.0077440220862627 0.00735148859675974 0.00763492719270289 0.00686196468304843 0.00646005501039326 0.00700156965758651 0.00721318949945271 0.00737330785486847 0.00855993600562215 0.00809138067997992 0.00810307858046144 0.00821528481319547 0.00781147654633969
0.0579711437225342 0.0562867168337107 0.050855846889317 0.0414648404344916 0.0409733954817057 0.0399737268686295 0.0334280544891953 0.0298871744424105 0.0250838766805828 0.0214253515936434 0.00677774283103645 0.0060481958091259 0.014802014734596 0.0150462943129241 0.0137209055945277 0.0141285599209368 0.0138900442048907 0.0125452420674264 0.0120782371144742 0.0241409688256681 0.00694569328334183 0.0112547529861331 0.0193548190407455 0.0164168723858893 0.0186504634097219 0.00933441650122404 0.0161913103424013 0.00772973094135523 0.00715625702869147 0.00706152596976608 0.00708979442715645 0.00719617486465722 0.00675359470769763 0.00610793477389962 0.0059213942848146 0.00574112578760833 0.00568146097939462 0.00577170015312731 0.00619581930804998 0.00590783632360399 0.0057856822386384 0.00642497688531876 0.00735133539419621 0.0062708999728784 0.00648610258940607 0.00661150952801108
0.0475186515599489 0.0160536841955036 0.0171633203048259 0.0369719516485929 0.0357242783531547 0.0352454161271453 0.0303575066849589 0.0242843397893012 0.0204054658301175 0.0181090944446623 0.0156068967655301 0.015195073466748 0.0137699970975518 0.0134335910901427 0.0112917497754097 0.0106532688718289 0.0109637748450041 0.0113666180986911 0.0105313563719392 0.010504203941673 0.0110649216454476 0.0101981613319367 0.00894006574526429 0.00896665244363248 0.047854689694941 0.00221562659717165 0.0136141488328576 0.00667570647783577 0.00578529960475862 0.00564762125723064 0.00522711984813213 0.00514632642734796 0.00505714726168662 0.00553354253061116 0.00476248804479837 0.00486856235656887 0.00472459178417921 0.00486977966502309 0.00486415217164904 0.00499683632515371 0.00467596421949565 0.00546181632671505 0.0051398839103058 0.00531958548817784 0.00560396942310035 0.00591715059708804
0.0468168240040541 0.0153696400579065 0.0121967457700521 0.0302900960668921 0.0319153066724539 0.035920337215066 0.0250470598228276 0.0240855291485786 0.0206708136945963 0.0177656536921859 0.00581783170346171 0.00668507849331945 0.0142998673953116 0.0110594753641635 0.00982956425286829 0.0096253520809114 0.00994697222486138 0.00972548662684858 0.00884220697917044 0.00874456092715263 0.00873872451484203 0.00798156498931348 0.00777618093416095 0.00713014756329358 0.00645439571235329 0.00587102447170764 0.00510754596907645 0.00476667648181319 0.00486390856094658 0.00481602491345257 0.00471869120374322 0.00420842247549444 0.00426922445185482 0.00392403216101229 0.00393234477378428 0.00419592096004635 0.00386702015530318 0.00418047506827861 0.00413540222216398 0.00446270797401667 0.00451578069478273 0.0046821988420561 0.00456951723899692 0.00445119154173881 0.00473228273913264 0.00484056530985981
0.0405517015606165 0.0376950122416019 0.0329557755962014 0.0280539959669113 0.0260483367368579 0.0258838327601552 0.0236749038100243 0.0172902300953865 0.0156239805743098 0.0140979342162609 0.0133714609779418 0.0108380206394941 0.00848308354616165 0.0081819417886436 0.00988954822532833 0.00905565884895623 0.00801010052673519 0.007965900702402 0.00787188904359937 0.00788973337039351 0.007826983416453 0.00834075007587671 0.00701751173473895 0.0060807263944298 0.00560384052805603 0.00502366574946791 0.00450284455437213 0.00446536559611559 0.00415396895259619 0.00409323323983699 0.00375899244099855 0.00397994825616479 0.00356380015145987 0.00346159753389657 0.00346685361582786 0.0035941849462688 0.00349021523725241 0.00330887327436358 0.00338413029676303 0.00329444849630818 0.00367628603707999 0.00432995916344225 0.00428025485016406 0.00483924234285951 0.00484532150439918 0.00429634596221149
0.0362693781033158 0.0300875971093774 0.0276787001639605 0.0240776358172297 0.0214491027407348 0.00719098699046299 0.0059190722531639 0.0163501218892634 0.0139092678204179 0.0123183140996844 0.0111623979639262 0.0107250944245607 0.00911750677041709 0.00849850154481828 0.00900275749154389 0.00804308173246682 0.00757041848264635 0.00729299196973443 0.00735727744176984 0.00729940412566066 0.00720343790017068 0.00685407775454223 0.0065176653675735 0.00510061755776405 0.00467881779186428 0.00478756816592067 0.00463818244170397 0.00444403444416821 0.00448045511730015 0.00391247363295406 0.00349763865815476 0.00331859956495464 0.0032220117864199 0.00336625034688041 0.00334628032287583 0.00297032792586833 0.00286941105732694 0.00276067630620673 0.00301684598671272 0.0028172334539704 0.00300769695313647 0.00339680359466001 0.00347942889202386 0.00377143733203411 0.0033155313343741 0.00355589134851471
0.0337681213393807 0.0296863259747624 0.025942989718169 0.0223337805829942 0.0189785811118782 0.00511648474493995 0.000512329318735283 0.00347515764296986 0.0131424874532968 0.0115755627863109 0.0114172331057489 0.0101780661381781 0.00942496755160391 0.00861801928840578 0.00876229205168784 0.00828729323111474 0.00770279923453927 0.00701448353938758 0.0066769233904779 0.00641838926821947 0.00627041519619524 0.00548618824686855 0.00527308410964906 0.00522592305205762 0.00484433525707573 0.00441888652276248 0.0042045975336805 0.00382351058069617 0.0035053351894021 0.00352233482990414 0.00321527509950101 0.00314804578665644 0.00304751858348027 0.00118856650369707 0.00296398834325373 0.00272364688571543 0.00261298912810162 0.00237461940851063 0.00248276377096772 0.00235971413785592 0.00250621279701591 0.00295468509430066 0.00290573699166998 0.00284598604775965 0.00292178322561085 0.00322642396204174
0.0310656016692519 0.0281716836616397 0.0263469749130309 0.0220852999016643 0.0185276977717876 0.0164398573338985 0.00163760795257986 0.000420913212292362 0.000850083128898404 0.0107467904221267 0.010669827228412 0.00953253740444779 0.00805702419020236 0.00878456896170974 0.00745256445370615 0.00739800459705293 0.00725050130859017 0.00664559220895171 0.00660544284619391 0.00620617312379181 0.00591464187018573 0.00549499674234539 0.00574769519735128 0.00499714175239205 0.00460534277372062 0.00395569284446537 0.00333899985998869 0.00330045553855598 0.00328508415259421 0.00310837613651529 0.0030035694479011 0.00298963260138407 0.00330775612965226 0.00061054052785039 0.000989252250292338 0.00255235170479864 0.0025900101987645 0.00232763245003298 0.00225453246384859 0.00214841607958078 0.00207790493732318 0.00235219392925501 0.00227350062923506 0.0022576215560548 0.00252394789131358 0.00273020550375804
0.0303849101066589 0.0265037335455418 0.0228988358750939 0.00628063166514039 0.0180275618098676 0.0155302830971777 0.0142872685566545 0.0121883507817984 0.0111255845054984 0.0102293633855879 0.0107238315977156 0.00845528291538358 0.00800947844982147 0.0068679983029142 0.00628391380887479 0.00564607509877533 0.00524503085762262 0.00622912154067308 0.00636631683446467 0.00634257316123694 0.00653886396903545 0.00565567258745432 0.00479112924076617 0.00428356898482889 0.00405609959270805 0.00385102129075676 0.00308636064874008 0.00359517417382449 0.00324980324367061 0.00305176744004712 0.00310688316822052 0.00306522807804868 0.00317432476440445 0.00305609246715903 0.0027010056306608 0.00242569942492992 0.0022260420024395 0.00204533718060702 0.00203554367180914 0.00206461685011163 0.00188911145087332 0.00187877450371161 0.00197156994836405 0.00202150176046416 0.00224198376527056 0.00249715874670073
0.05746157951653 0.0230976100079715 0.0212225097231567 0.00739475195296109 0.017589757964015 0.015595124848187 0.0131369456648827 0.0114667882677168 0.0111045138444751 0.0117265773005784 0.0111469189170748 0.00957160657271743 0.0074671667534858 0.00711986133828759 0.00644455323927104 0.00532927468884736 0.00513279754668474 0.005105353705585 0.00490844412706792 0.00512349687051028 0.00529083686415106 0.00501224568579346 0.00543008188251406 0.00491469190455973 0.00412883129902184 0.00361745019908994 0.00342868780717254 0.00329333026893437 0.00319652612088248 0.00325648959260434 0.00370017716195434 0.00341428217943758 0.00305609729839489 0.00304413449484855 0.00267545408569276 0.00225164539879188 0.00203127642162144 0.00180652195122093 0.00169848354998976 0.00170334983267821 0.00178515083389357 0.00189786312403157 0.00197260959539562 0.00212420247262344 0.00212460947223008 0.00226900572888553
0.0219760859385133 0.0298374950885773 0.0211194991134107 0.0188275865279138 0.0171603189781308 0.0157332316040993 0.0129205677192658 0.0105377322994173 0.0106173849198967 0.0107819879893214 0.0102327357511967 0.00895776124671102 0.00758489649742842 0.00639846506528556 0.00491495439782739 0.00440080305561423 0.00415542405098677 0.00440403397660702 0.00430591402109712 0.00473856539465487 0.00486289279069752 0.00417819258291274 0.00436246856115758 0.00421561328694224 0.00333033049246296 0.00354465801501647 0.00338920032372698 0.00342971050413325 0.00350912066642195 0.00360333409626037 0.00358214895240962 0.00362989774439484 0.00329931266605854 0.00272721957881004 0.0023244873736985 0.00206831651739776 0.00178911999100819 0.0017781114205718 0.00175725800218061 0.00174183777417056 0.00185018185293302 0.00181428929790854 0.00193594649317674 0.00198940013069659 0.001955506647937 0.00205821679555811
0.273317956924438 0.0239604633301497 0.0170177057851106 0.0354290064424276 0.0169225415214896 0.0147267512045801 0.0131604073569179 0.0118621145840734 0.0118132069706917 0.0116455788258463 0.0107172280550003 0.0084546941332519 0.00631678090430796 0.00669099735096097 0.00494243139401078 0.00382798418868333 0.0038472733576782 0.00389358910033479 0.00391047049779445 0.00386577541939914 0.00422023090068251 0.00384619932156056 0.00339640848105773 0.00357981128618121 0.00311109300237149 0.00298295022221282 0.00325254090130329 0.002996278507635 0.00299562502186745 0.00352302730316296 0.00371257332153618 0.00381539498921484 0.00292240016860887 0.00294474737020209 0.00232216555159539 0.00221049268729985 0.00193835364188999 0.00158060543471947 0.00164154635276645 0.00153001202270389 0.00152524875011295 0.00168861654819921 0.00181497879093513 0.0015500147244893 0.00166640104725957 0.00166612390894443
0.0264826668426394 0.00971078097354621 0.0299214725382626 0.019988286588341 0.0320252686738968 0.0160900945775211 0.0143160726409405 0.0126071956474334 0.0124984022695571 0.0121780283749104 0.0107384615112096 0.00765684503130615 0.00602066852152348 0.00562443241942674 0.00562734215054661 0.00427322604227811 0.00443784496746957 0.00360736544243991 0.00344632419291884 0.00387950924923643 0.00419882447458804 0.00381921938387677 0.00376972338417545 0.00337426085025072 0.0031771999434568 0.00315281137591228 0.0030219825450331 0.00283197708195075 0.00289994082413614 0.00328112010611221 0.00312957817222923 0.00355647321557626 0.0030760740977712 0.00295601399848238 0.00248926908243448 0.00202783719869331 0.00173845203826204 0.00159697173512541 0.0016707438393496 0.00209593708859757 0.0014096993021667 0.001585729297949 0.00198578221024945 0.00139854238950647 0.00174224016955122 0.00181254460476339
0.0268797153607011 0.0250809744931757 0.0123350326437503 0.00235263918875717 0.0077674547675997 0.0383310006000102 0.030895066820085 0.0155123037286103 0.0158508718945086 0.0138618701603264 0.0113398108165711 0.00830289346631616 0.00706745511852205 0.00591706554405391 0.00542946883942932 0.00474187235813588 0.00419091758085415 0.00366933230543509 0.00380498567828909 0.0039280972792767 0.00373046740423888 0.00355994293931872 0.00339444386772811 0.00306059395661578 0.0031515262555331 0.00317444056272507 0.00311732017435133 0.00318074969109148 0.00348710882244632 0.00322830950608477 0.00330597992287949 0.00328430446097627 0.00356359002180398 0.00344950271537527 0.00270321880234405 0.00211459284182638 0.00210124307777733 0.00194238789845258 0.00191074790200219 0.00054204464177019 0.000540440827171551 0.00147390039055608 0.00144526683725417 0.00150592064019293 0.00161623322055675 0.00161958088865504
0.0282413639128208 0.0260312244296074 0.0236508343368769 0.0404829422011972 0.00172258839593269 0.00255257786775474 0.038686415925622 0.0161338595673442 0.0146585673559457 0.0130556511227041 0.0101086928974837 0.00879584127105773 0.00757394938264042 0.00683335801586509 0.0051865931134671 0.00480762049555779 0.00420707920566201 0.00418625040911138 0.00398750870954245 0.0042521703755483 0.00416352757019922 0.00335216001840308 0.00345136015675962 0.0039788065594621 0.00375726264901459 0.0032111783628352 0.00348704589996487 0.00375447859987617 0.00377569374395534 0.00392382594291121 0.00362895603757352 0.00353018051246181 0.00668333272915334 0.00436248821206391 0.00267520936904475 0.00226300499634817 0.00212382827885449 0.000678759555739816 0.000683877321716864 0.000554718095372664 0.00032028542336775 0.000443404004909098 0.00129282336565666 0.00147444269387051 0.00058350597973913 0.00162315706256777
0.0287628557533026 0.0264871118590236 0.0233323135413229 0.0213449985720217 0.0521929476410151 0.00437488368479535 0.00226120882725809 0.0012517766765086 0.0132305687759072 0.0129996003583074 0.00940563147887588 0.00936059528030455 0.00913304933346808 0.00728446501307189 0.00607915986329317 0.00542065347544849 0.00540524509269744 0.00461327971424907 0.0042799936956726 0.00395505446940661 0.00446067531593144 0.00452901751268655 0.00415717354044318 0.00356841211905703 0.00364670522976667 0.00406135088996962 0.00444178797770292 0.000240378429589327 0.000975165527779609 2.01230267521169e-05 4.85264765302418e-05 0.00145544195838738 0.00368583961389959 0.00633057758677751 0.00158855970657896 0.00250268467934802 0.000901729613542557 0.00218085324158892 0.00173423661617562 0.00179925718693994 0.00157708841725253 0.00053687678228016 0.00145429648109712 0.00158236196730286 0.00171372431213968 0.00171629183460027
0.00821104366332293 0.00845029402989894 0.017318292427808 0.00807573271449655 0.0201029708608985 0.0102062516845763 0.024152712803334 0.005060546961613 0.000496414261579048 0.0141689693555236 0.00987491775304079 0.0103681961540133 0.00870461505837739 0.00734072579070926 0.0065181175712496 0.00553996791131794 0.00561212871689349 0.00492703451309353 0.00440808156272396 0.00440873686457053 0.00443764345254749 0.00409551139455289 0.00415502998512238 0.00396416606381536 0.00081545036227908 0.00046408401321969 3.76270901369935e-06 -9999 -9999 -9999 -9999 -9999 3.47223785865935e-06 0.000200352983483754 0.00179023859964218 2.78313395938312e-05 6.861706356176e-06 8.73036586199305e-05 7.31753165382543e-05 0.000659684803395066 0.000427624382427894 0.000523966677428689 0.0015902214916423 0.00164117977838032 0.0006583103488083 0.00171748671564274
0.00356240182591137 0.00227724158467026 0.00782564275432378 0.00251623052172363 0.0183153560385108 0.00917076291516423 0.00185294586844975 0.0105442165862769 0.00711654243059456 0.0049114253022708 0.0270737323909998 0.0203685116022825 0.00981964524835348 0.00786569025367498 0.00696392683312297 0.00651069078594446 0.00642941428814083 0.00516723743639886 0.00559552982449532 0.00199410151399206 0.00415815856540576 0.00453030028147623 0.000590750812261831 1.61554998157953e-05 -9999 -9999 -9999 -9999 -9999 -9999 -9999 -9999 -9999 -9999 -9999 -9999 -9999 -9999 6.21723595941148e-05 7.71527567849262e-05 0.000193955978829763 0.00223676178138703 0.00156533429981209 0.00154669638141058 0.000439292801456759 0.00144163994700648
0.0224975046701729 0.010455602966249 0.00873123507481068 0.0152337118983269 0.00284021182451397 0.00604363350430503 0.00761466139229014 0.0136584995314479 0.0143029415979981 0.0261038568802178 0.00321600320457947 0.0187904560007155 0.0201725938357413 0.0160454193595797 0.0133645104244351 0.0134320964571089 0.0102890964131802 0.00465305647812784 0.00272398545057513 0.00218111497815698 0.000578753781155683 2.00072145162267e-05 -9999 -9999 -9999 -9999 -9999 -9999 -9999 -9999 -9999 -9999 -9999 -9999 -9999 -9999 -9999 -9999 -9999 -9999 9.52497441176092e-05 0.000620433429139666 0.00160967077827081 0.00157412234111689 0.000472025302588008 0.000427644494629931
