Scripts_&_data/Maxent_result_files_2/B_cullumanus_2.asc
NCOLS 594 
NROWS 330 
XLLCORNER -15 
YLLCORNER 23 
CELLSIZE 0.166666666666667 
NODATA_value -9999 
[rows 84 to 104 of 330, columns 414 to 459 of 594]
3.48964478629199e-06 2.14086934189339e-06 1.61311845625622e-07 5.9493004753719e-07 7.70853888543144e-07 1.44547263175809e-05 8.99125442401782e-06 3.83447842722262e-07 7.0430222738338e-07 1.61094173591891e-06 1.27327607117422e-05 4.01433989649647e-07 4.09853474714339e-08 1.66243119270604e-08 7.39892328849301e-08 1.14836253626294e-06 8.0901645316267e-08 1.01931609519657e-07 2.79521115231773e-07 9.51015341810191e-08 1.59608075189777e-07 1.26487310714296e-07 1.25159489954285e-06 1.06886029835884e-06 4.75640068646754e-06 8.82032594340387e-07 1.53489159657738e-06 8.54679405248859e-08 2.14760844325923e-06 1.05052085856983e-06 7.71208869707607e-06 1.96869752471684e-05 4.13280333688704e-06 8.74118497620202e-06 4.09644510090956e-07 6.42244612159004e-07 2.48617368925341e-07 8.02856678694397e-08 4.20615841045802e-09 4.47814152870762e-08 2.57019940352876e-07 6.96549465328822e-08 4.14628220535285e-08 3.15647992188417e-09 1.2323819653659e-08 4.9445235461576e-09
3.89087079213368e-06 1.72360777384029e-05 7.30710763434672e-06 9.9053327282661e-07 2.70377065048066e-07 3.82053616021949e-05 1.43365012377217e-05 1.42401243792278e-06 2.75282008521671e-07 1.90218622209137e-07 1.80909828202402e-06 0.000145754569348355 1.09192628130472e-06 3.64615733587925e-06 0.000126586009537277 6.8666989054833e-07 1.11818059966851e-07 3.23248718570035e-08 4.19266328544055e-07 7.26761257618946e-08 2.80185317613757e-08 2.80614711840599e-06 1.16560422867451e-05 3.39820700673954e-05 1.90303747785947e-05 1.0070039270893e-06 3.12169911467208e-05 3.7180861980346e-07 2.4685917745515e-07 1.80185968957858e-05 3.28006158682115e-05 4.71356762318464e-05 1.13860306338864e-07 1.05183279970333e-06 1.32448588319178e-08 1.95961294968683e-09 1.94394682573318e-09 1.20701005967838e-08 2.25870344650048e-10 2.12282143419174e-08 1.06513454500856e-07 2.14754487526392e-09 6.20127779793478e-08 1.12590034495597e-07 2.93428920716821e-08 5.68300924097542e-09
8.63880263213268e-08 6.22104908254428e-07 1.48851914033798e-05 6.31081137525413e-07 1.23329870858058e-06 1.56386743199732e-07 7.08241609537197e-07 5.56286378525783e-06 1.76209890234702e-06 1.51915385115942e-07 1.74776206716132e-06 1.1104596882916e-06 5.28209496675203e-07 1.43616556136372e-07 5.10700397415853e-08 2.83178775650761e-08 1.74286985377137e-07 1.49763135448566e-08 3.1921244536548e-07 5.89235905179564e-08 4.52475704226796e-07 2.07707791155087e-05 2.33382287547101e-05 1.44942482165789e-05 3.84850978889517e-05 3.2000619256678e-06 9.77872278440373e-06 1.38673898142372e-07 2.04227837969029e-05 1.04108283665028e-05 4.73839452752145e-05 3.53500655734251e-06 1.24026149284084e-07 1.54912666028295e-09 3.83041734774991e-08 2.09545232277009e-09 8.97170693292537e-10 4.52866166789079e-10 4.01762926927063e-08 9.58082642377178e-07 4.9960789691994e-07 4.92433974041973e-08 5.93674083448903e-08 1.1381413589362e-10 2.22000131611111e-09 6.00562497510282e-09
7.21499139899606e-07 3.10934739289337e-06 1.8540969613845e-06 3.77781842217928e-06 3.67544283630394e-07 1.251748335096e-07 5.45753587610776e-07 4.48243994544129e-07 2.18349300751264e-07 1.7243794848687e-07 1.04434499381689e-07 2.29737282131381e-07 3.43890148535309e-07 8.95685672408497e-08 1.87343257085359e-07 7.71807253663326e-08 1.21924858442757e-07 7.46514148386446e-08 5.09871219578351e-08 1.55235869785386e-06 0.000100331623002603 7.08814911405398e-06 8.81224040014672e-06 4.96501977096386e-06 4.05323606500474e-07 1.09957118210602e-07 5.53991575469315e-07 8.81302542499185e-08 6.27395427343913e-07 6.63194132926037e-06 1.92625125691848e-05 4.13488427994935e-06 2.24471470577914e-07 2.6043315071167e-07 2.45593079095663e-08 6.24711993246763e-10 9.88287573999713e-10 5.07513586711639e-11 6.92774948518604e-11 1.98408914853232e-09 1.21022219468081e-08 1.7471048940898e-09 1.08256098529935e-09 1.0558389718085e-10 2.22019089779479e-09 3.75024344800856e-08
6.61738718221727e-07 7.93587819281072e-07 2.11848284026317e-08 1.57370147246816e-08 8.31825266667252e-08 2.88784155533239e-07 1.50077790728176e-06 1.4577309856989e-07 8.11083623042386e-08 3.11187445145578e-08 6.90748045650835e-08 8.97370497909833e-09 6.82920285988153e-08 4.58359139354769e-07 2.2456216441924e-09 3.87868718032536e-08 3.00878605230537e-07 1.99349745155786e-08 1.24534977929969e-07 8.10309927828712e-05 3.3292325284151e-06 2.58688634289683e-05 2.15992203045801e-05 1.34464570223258e-05 5.65126703988561e-08 2.23618330714714e-06 1.7468507572671e-07 8.00136351131187e-07 2.12404730007165e-05 9.29997781042857e-06 7.57088361950764e-05 2.04438992568612e-05 9.96837005695639e-07 3.22996518420382e-10 6.04195804498886e-11 1.79219394880192e-10 3.09561337230591e-08 2.56873189385942e-10 7.85854492590943e-11 2.08571571125304e-10 1.36872480016592e-10 2.8661425455212e-10 6.43962771995632e-11 3.45566069093195e-09 7.46122590378207e-09 9.22027787453317e-11
7.05872515993633e-08 1.50342655325098e-08 2.68316047247197e-07 4.0577145310472e-09 2.93719453869912e-08 1.36127321574975e-06 1.05920527914805e-05 2.00469379727508e-06 9.98002586904967e-08 1.63275303943777e-07 8.08227680337836e-09 2.16045056733449e-08 5.70613752914895e-09 1.64145582193242e-07 3.9811933847389e-07 4.6246413880624e-07 1.11854201456651e-06 1.57431624447923e-07 1.08885074681098e-06 1.72652274899043e-07 4.58696020322336e-07 1.22861034865807e-06 1.98145265684957e-05 8.15249115078132e-06 4.93057234507432e-05 3.19803395100848e-05 3.78539838408187e-07 2.54977412383894e-07 6.06933129576603e-07 6.35150706074228e-06 2.70289921218136e-06 3.37047456753226e-06 3.57206671430799e-07 1.26569754677064e-11 3.87668119827822e-11 1.80702608432171e-10 2.65425503798156e-09 1.75144884151379e-09 1.12009472252872e-08 1.03448383192983e-10 2.41069608719613e-11 1.69656622084347e-11 9.29702204111038e-11 4.57259907715724e-10 1.85358284277015e-10 4.19259071904321e-12
2.544496542356e-08 2.35297241690802e-09 1.30933200614969e-08 6.48152517213063e-08 3.28901848423158e-08 3.19138311688505e-07 3.52959216201043e-06 1.04525577967252e-05 1.51854137158125e-06 3.06618937429448e-05 1.02963511849907e-07 2.32708314062968e-07 1.18061669218683e-08 3.33210626202174e-08 1.47097011315989e-07 1.8866244320126e-07 3.94321625019067e-08 5.96483475523435e-07 2.0449197403849e-06 7.19870260512678e-08 2.83232283493362e-07 2.60863994805405e-07 2.22294520291655e-05 2.14161208845098e-05 2.56011185456373e-05 5.39034442113007e-06 1.85499158561697e-05 4.98243547530919e-08 1.2861674492104e-08 7.18488096538295e-06 2.04785545108166e-06 9.66983424710577e-07 7.52546731419557e-06 1.91848081865231e-10 2.76064171522705e-11 2.84782508686021e-10 4.11564671232156e-11 5.06628961005617e-11 1.01340318359178e-09 2.19995133221573e-11 6.86950496486816e-11 7.22416571008466e-12 1.18923093594958e-11 7.66282592934431e-12 7.20160597822428e-12 1.16278653372603e-11
1.59183560666243e-08 6.50790873324425e-07 8.26783783658414e-09 2.96458383397535e-09 7.95989555157917e-08 5.19396867915134e-07 3.38103941146528e-06 8.81022432608347e-07 8.80927668589493e-07 3.96203109076509e-07 6.59285993265257e-07 1.56262751893621e-07 3.45928857381494e-07 8.01164753649886e-08 1.88527295930108e-07 2.33536434124382e-07 4.96683255635233e-08 5.46350692909314e-08 1.148092905634e-07 3.09041317536618e-08 2.43483706086067e-08 1.0963725072255e-08 1.83888780718178e-06 6.12654077514208e-06 9.99554254761392e-06 8.4561958726681e-05 1.84655508689957e-05 2.0765761331587e-06 1.79361104857279e-09 3.34811411928371e-10 4.38568538951856e-07 6.64821642892832e-07 5.0006476413067e-07 2.88163827599774e-07 5.78087955283024e-10 1.01582409151035e-10 2.20718110455209e-11 1.66210600838212e-11 4.64206562078573e-11 1.4412249171869e-12 1.85520487860913e-12 5.30342436633191e-12 5.03619368430464e-12 3.4488967237678e-12 5.24702503668095e-13 1.71815695004796e-10
1.44774052412977e-08 2.85527787147188e-07 1.63029494903988e-08 3.43911925160256e-07 1.38097120903069e-06 2.34061845283406e-07 2.63627081587003e-07 1.48019651096121e-06 3.07779979236145e-07 3.29828420242428e-08 2.76680222177639e-08 8.93069877605512e-08 7.46827358844015e-09 6.26659310332123e-08 6.75738806021897e-09 2.73430033614908e-08 5.63321066460176e-09 5.35672011192645e-09 5.09416754335135e-09 3.61214444577485e-08 3.48861320942362e-09 5.1532021294598e-08 7.10725224339903e-08 2.2539693710355e-07 1.42800372815444e-07 5.53904218492107e-08 9.00596269204357e-07 1.50962284360956e-06 5.55806071023124e-07 1.48527029131262e-07 2.36084627516231e-06 2.68807321512909e-07 1.11826154212125e-06 1.65194900194621e-06 1.41760197891472e-07 5.64358448862379e-11 1.69406710881503e-12 2.38876363134466e-11 2.23745799665664e-11 5.077327447367e-12 9.80170389297541e-12 1.14058418265728e-10 3.56238594179104e-11 1.73147662874129e-10 9.08885189332409e-12 1.09778852674935e-13
8.19104317706376e-10 1.18033679830098e-08 4.08556692033102e-08 2.70864097817736e-10 3.09720021851589e-09 1.49982216068878e-07 4.41299919060612e-06 1.36223038794014e-05 7.83235137968852e-08 2.51821952534925e-07 2.95763108781877e-08 2.82959542463601e-08 2.65674726662724e-10 1.91567078866584e-09 5.27666343952404e-10 1.46702884185057e-07 4.80004092251463e-08 7.13297089616205e-08 4.76300396234919e-08 1.97241741384246e-08 8.82185363648702e-09 6.54752947970572e-08 6.98480416305713e-07 6.66417834231936e-06 9.95827676675276e-07 1.02692457559783e-06 1.87500701906984e-06 2.00237431957628e-07 1.05333144662101e-07 2.72811072588031e-06 4.34410668548324e-09 1.25023304320404e-07 2.75293340690208e-07 9.99583227301315e-07 2.80086107640187e-08 7.9965034593954e-11 2.40771513837501e-11 1.01661012941179e-11 8.18296541638119e-12 6.19636564280768e-12 2.06078487607897e-12 1.16470944000469e-11 1.09645259538382e-10 8.90671536524223e-11 1.17119980380664e-11 6.73752165170072e-12
1.13766516762759e-08 5.35991248162837e-08 8.83407671126157e-08 3.47450371251945e-08 4.30926785366381e-09 2.37155959204038e-08 2.87275650268093e-08 4.28719781231379e-08 1.76632906079277e-08 1.09468275688585e-07 1.60015069861075e-08 3.10248484791664e-08 1.33976369998123e-09 2.25221343796989e-09 2.33562192919479e-09 7.99342148027904e-11 1.66081226549153e-09 4.31780227128087e-09 1.62749835386222e-08 9.58033884446152e-09 2.25398592124115e-08 5.17443504510773e-06 1.63797355443585e-06 2.11629127297996e-06 2.43899078640197e-05 4.83916025084685e-07 4.4862465934159e-06 1.35762699948749e-07 8.69250242585551e-07 1.34260098407779e-06 1.8195243417729e-06 1.59301516033938e-07 3.72298861150977e-07 3.64604528124701e-08 6.60908883176603e-11 1.02557207171117e-10 1.14515064097986e-12 6.11586226106908e-11 3.7345682102341e-12 2.12746487093796e-12 8.86170470337788e-11 1.33552058301234e-12 1.28414501254781e-11 2.34573804824834e-11 9.48739975470403e-12 2.03531635989407e-12
9.61393084586426e-08 2.11590415188923e-09 2.14661218800316e-08 2.48502117772276e-09 5.43951016451771e-09 7.43876316100511e-10 4.30932600714584e-09 1.26556202184602e-09 4.66557747991203e-10 8.20655454703001e-10 1.28944049881952e-09 4.20653201160803e-10 1.04454489724404e-08 5.832689442542e-09 1.53688298309973e-08 1.07750522948535e-09 2.07167616395054e-09 4.28151327613868e-08 2.76501308515975e-09 2.17893968312843e-08 4.28072177793837e-07 5.15543766332893e-07 4.61435375942454e-07 1.59947247667658e-06 5.43122684570907e-07 1.70218709745207e-06 1.29649231206397e-07 1.47255194815621e-08 8.94685611929624e-08 4.80641599387432e-07 2.47492376459491e-07 2.54412101663437e-07 2.55369958146456e-07 2.40522461392167e-08 3.08730041531646e-11 2.6697977162371e-12 6.34963415180323e-11 6.51036335952426e-11 3.57835983066934e-13 6.00988148136139e-12 1.13030473869458e-11 1.03904329584736e-11 1.33443256444821e-12 3.06799030624916e-13 8.7670093407155e-12 6.68132216219419e-14
4.54304830377339e-07 8.31313141791412e-07 5.88552071634219e-08 1.99602204542515e-08 5.22773436761881e-09 5.87499866533392e-09 7.28317972265025e-08 1.16418399587204e-08 5.24791832212657e-10 2.43478170958156e-10 3.27328786298153e-10 1.16352288914712e-09 4.49019488257818e-10 4.17179862877148e-09 2.18046446009978e-08 4.53539685807414e-09 3.17559945006707e-10 4.98554229000359e-07 3.63835858108175e-09 5.7652807716746e-08 4.18716097350114e-09 2.37092751751433e-06 6.85823749235759e-08 1.47223227831006e-08 9.14157145082139e-07 7.74647548880125e-06 7.11561633270907e-07 5.24606036176323e-06 8.97979096636803e-08 8.54470914246619e-08 6.14774137019936e-07 1.2401017073671e-06 1.50563926695213e-05 2.02392446058131e-07 2.12360917739574e-10 1.92340088300824e-10 3.04102076853496e-11 8.40084668496388e-12 2.01749728034883e-11 6.93682888908143e-12 6.21273033019065e-12 1.5035861444801e-12 2.64093191759685e-12 8.82882655872663e-13 5.88782911314922e-11 5.05508968018375e-12
3.70456957359266e-06 6.71597848889149e-08 1.95819993598079e-07 1.75624003562191e-08 2.50714877680913e-07 6.59491372623222e-10 2.92468477214314e-09 2.91364179672016e-08 7.69329842054134e-09 4.99594359215649e-09 1.17696772550246e-08 4.86697607771092e-09 1.20281987370241e-08 1.93588930441635e-09 1.16557543949902e-08 2.79118117507693e-10 2.85704768732131e-08 1.51848178586711e-08 2.15135130487987e-08 2.74197140215371e-08 1.85909639960347e-07 1.21860041624178e-07 5.37710938786073e-07 5.37185995796996e-08 5.55182540862287e-07 8.62799902201505e-07 2.59428743909496e-06 3.31575720124988e-07 1.25968529512965e-06 7.28756463648228e-06 3.13221343972714e-06 3.78983137807154e-05 1.46889051279686e-05 2.21134270561585e-08 6.80388301255164e-11 3.06246139558652e-12 4.747080506462e-12 2.04985917129363e-11 1.66725855343941e-11 5.32318633617024e-13 2.11552997342324e-13 3.53461704349911e-13 1.09195985587007e-12 4.38451386308714e-11 1.06329722804333e-11 3.14070991436211e-13
2.10205720030388e-07 2.84854596621642e-07 4.51934493161943e-09 3.34414740343902e-09 1.91722480002987e-08 6.19121631739716e-10 1.88340270046439e-09 5.25401936402048e-08 7.11113268270225e-10 2.26173024753251e-10 9.08183950265595e-10 3.85904949107285e-09 7.73911490448143e-10 5.05136399375772e-10 9.64409417880674e-09 1.3529126707823e-10 3.48619477730239e-10 9.91857784793382e-10 2.71173985488815e-09 4.75636510177679e-09 4.24026166401248e-09 3.44735587853862e-09 8.49325607288343e-08 2.28639026933486e-08 1.87789190331245e-07 1.61322044633927e-07 2.34415078126382e-06 7.46993283118336e-08 8.17559453456518e-06 6.80054833992472e-06 6.46786376819364e-05 2.40182414898982e-06 1.27117912342101e-05 3.39434393259452e-08 4.00892152807586e-10 3.71325858949945e-11 7.18568871072023e-11 3.87370135968013e-12 2.45391373887571e-11 5.32345278969615e-12 1.81319403935731e-12 2.0488610807945e-12 1.9293455721936e-13 8.50208792257945e-14 1.50170986756848e-12 1.58016932871874e-12
1.75744904185038e-09 4.37883860726629e-08 3.95822455923067e-09 1.20175391860045e-09 1.03483192459564e-08 3.64521024476261e-10 1.3621991532542e-07 1.9248466198718e-08 2.91292797438558e-08 7.19444037677874e-09 3.06344332123842e-09 3.78541543666344e-09 9.15505116161341e-10 4.67554128746883e-10 7.75139551434378e-09 7.40412136046586e-09 4.55220852124683e-09 4.22174453951207e-08 7.46413521546252e-08 5.30857815150831e-08 2.66527360848201e-08 1.24052332362012e-07 1.64599346375027e-09 1.51599743869468e-08 1.04590088478851e-08 7.10962146266425e-08 1.21718327550369e-06 1.66809908627164e-06 1.09338386181435e-05 1.04217808094553e-06 1.10994932276398e-06 6.99229534151247e-07 9.95477332166317e-07 8.42042876536553e-09 5.90019177959533e-10 1.54166794885668e-09 2.89437795952807e-10 2.64392241433598e-10 1.65764402204616e-11 1.2411471850271e-11 9.51559941952951e-12 6.98821767119995e-09 1.71060832165892e-11 1.71256786529739e-11 1.99247285337378e-11 6.46815934146616e-14
1.28227062123898e-07 6.29607684876632e-09 1.32419827214569e-08 4.8003527819418e-10 1.32212478853866e-08 2.04503564971148e-08 7.82899922446845e-08 6.81032545912785e-08 5.59116523746184e-07 1.73351528864885e-07 3.68731175037773e-08 7.29964729218047e-08 1.49703156537839e-09 1.6701897531668e-08 7.21410156301339e-07 2.52595773519992e-07 4.99218920779754e-07 4.90750176773691e-07 7.54547731296462e-08 3.85541986114291e-09 7.34937478208408e-08 7.62153535949217e-08 6.05765145622605e-07 4.66797067666391e-10 2.15527474756172e-09 8.71816779879353e-09 1.73610886888831e-08 8.41934948780931e-07 2.37578038331243e-07 5.08127821807758e-07 1.92388087061346e-06 3.71989881159607e-05 1.54906709681768e-10 1.21970789024317e-10 1.18600906873212e-11 9.02451680051541e-10 3.40010675170532e-10 2.07478678682094e-10 5.65590515533287e-09 1.44436191895636e-09 1.89511460968461e-09 1.11698488236556e-09 1.50656798147963e-10 4.05724454033418e-11 3.24088311742798e-11 3.85909093569836e-10
1.6121811241554e-08 1.95689826565371e-08 6.32354869356533e-08 4.9866033524637e-10 4.61962224029833e-10 1.78259160321659e-07 4.40013292468677e-10 3.70853820541583e-08 9.56624173431564e-08 2.31869266453799e-08 7.90263766647925e-09 2.5203852593858e-07 1.01017091214128e-07 1.99199642905157e-06 7.28611003406598e-06 1.09571150062049e-06 2.85125111822993e-06 2.03456834968474e-07 2.41520841737231e-07 3.77963344955212e-08 1.8686156115777e-06 2.42362320879153e-08 1.07794389525573e-08 5.20089268318813e-09 1.40476176690996e-07 3.37746949419238e-07 6.70743560471365e-08 5.31802247274449e-06 1.503779256673e-09 2.57536407666237e-06 2.58046259347111e-06 8.84060476025184e-07 6.74109115639254e-08 1.15711962234144e-10 5.19577092461532e-10 1.26545351974983e-10 6.20477869084368e-10 1.16848042353013e-10 5.00901796707254e-09 3.28595683996014e-09 9.08311204028678e-11 2.29622532099683e-10 3.85846521400168e-10 1.89966816721565e-09 1.36393043748129e-08 5.97860561057928e-10
2.9326810668806e-08 1.11078103959272e-07 6.73281024266004e-08 2.14160997080715e-07 1.07138479887858e-07 3.2910873093428e-08 1.13364522213999e-09 4.62973759329799e-09 3.3661581477773e-08 2.23195779003316e-07 1.08492635286783e-07 1.65058695822395e-08 1.24078213815659e-06 1.71740589385294e-06 3.9414015805761e-06 1.47801865635344e-06 9.9232101720137e-07 1.5598751866186e-06 2.52816807488898e-06 1.05077575551782e-07 5.12653477113822e-08 2.92359447984225e-07 3.01089216447892e-08 1.9132098993957e-08 6.17048228068739e-09 1.23097219528745e-07 2.61298053383374e-07 8.06213505955e-08 3.4692358730215e-08 6.05239612316844e-08 5.08117991560031e-07 2.29989364962657e-06 3.56595558503869e-07 3.33019576137517e-08 1.31990581797581e-09 3.12296557059e-08 2.59434306260076e-08 2.75993847997924e-08 8.41692214814671e-09 2.03011142896337e-08 1.39193434556262e-11 4.93693530501105e-11 1.91095750334824e-10 2.4942991450061e-09 1.39534291898613e-08 5.65120235052063e-09
6.61150910341579e-07 1.3628092430884e-06 7.79652034299527e-07 1.15384278110975e-06 6.36890410354862e-07 3.21378334833256e-07 1.00681282284576e-06 5.32060414171198e-08 2.84916760207032e-07 4.15132228381854e-07 2.0857460456547e-07 3.39214241353858e-06 8.33847343422178e-06 8.37938334043997e-06 8.57633482009845e-06 2.55783766389683e-08 1.57338568029797e-07 3.60975886719572e-06 7.01140120931143e-06 3.93374052300999e-06 1.78616350914318e-06 2.44329413989774e-07 1.8453311791955e-07 5.39806383148544e-08 1.62859582486519e-09 3.49722144150633e-06 4.67666126624522e-07 1.44842880267504e-07 5.05675223916313e-10 8.33962898738605e-11 1.1597436959998e-06 2.85014492673596e-08 4.55697009460465e-08 3.75543285358049e-10 2.84744006151527e-11 5.92912486885311e-09 8.25236188828349e-08 3.4299594486864e-08 4.38540639358109e-09 4.29525878198334e-09 2.18814444341575e-10 2.68032585015732e-10 1.73788539115094e-11 4.51186425998173e-09 9.93657778280976e-10 5.689310134116e-10
1.70678171065308e-06 4.30325422628997e-08 5.7837498845803e-08 2.23964435741575e-07 7.88994581557567e-08 2.71728847196506e-06 3.88016601284846e-06 2.53534862437732e-08 2.19923981736869e-07 1.72491850802814e-08 3.88647527826969e-08 1.28257583609237e-07 1.96385911466201e-07 1.16576070830376e-05 1.88177074555984e-07 2.94012515333897e-08 8.13479829053776e-09 6.93251638494985e-06 6.67590673852914e-06 2.08371919505623e-06 3.31156228940976e-06 1.98812938023707e-06 6.74833463110147e-08 6.56161143419709e-08 2.58382866102913e-08 2.20900093217402e-08 6.11891202595416e-08 2.16175943812402e-09 2.03360117634332e-09 4.39435613452943e-09 1.57207292986739e-06 1.79190060567436e-08 1.02234037302473e-07 7.14417369707121e-10 7.66803406215821e-08 6.95874446954292e-10 6.19205735463701e-08 5.58304386832908e-08 3.8433291738027e-08 9.87047084066717e-09 3.66344510283056e-11 2.07347472525043e-11 6.11293904384524e-11 1.28369770369119e-10 1.40261391390339e-10 1.0673492090163e-10
