Scripts_&_data/Maxent_result_files_2/B_cullumanus_2.asc
NCOLS 594 
NROWS 330 
XLLCORNER -15 
YLLCORNER 23 
CELLSIZE 0.166666666666667 
NODATA_value -9999 
[rows 294 to 314 of 330, columns 230 to 275 of 594]
5.47460854427584e-11 3.59147156459017e-11 3.63194696539892e-11 2.32640795516659e-11 2.16980100553599e-11 1.72372116580277e-11 1.11730180663017e-11 1.15317422277883e-11 8.679656993138e-12 8.00244315257714e-12 1.01763597548654e-11 1.03099973003395e-11 1.1112755160525e-11 1.18630438805667e-11 1.30313093649193e-11 1.52787449358982e-11 2.05097161476431e-11 4.11327971683306e-11 1.1034895219808e-11 1.4590695318617e-11 1.27623911438945e-11 2.22096452340281e-11 3.70688479911507e-11 3.04382852256424e-11 4.16928713775633e-11 3.28382210312839e-11 5.03686758968058e-11 7.81097853064239e-11 1.23685728325995e-10 1.82565651485334e-10 2.5120996394179e-10 2.83270817913461e-10 2.30095387188101e-10 2.46114850721568e-10 2.67417921140378e-10 3.57380114390793e-10 3.04280189933337e-10 2.68147171134103e-10 2.82151491060034e-10 3.14384518418365e-10 3.41956096772122e-10 3.82120302067079e-10 3.27155358359477e-10 4.13346556982219e-10 8.92552742826069e-10 1.51531995506993e-08
6.2221505725546e-11 4.08342248903182e-11 3.8851244443805e-11 3.28703064766955e-11 2.71253020045492e-11 1.71437530838148e-11 1.16125109528298e-11 1.16807119532325e-11 1.18237863944159e-11 1.27726940135631e-11 1.20029319816695e-11 1.11412212788764e-11 1.10046971535382e-11 1.19576570867252e-11 1.42455047758006e-11 1.71219594058414e-11 2.09949280183253e-11 3.06973557684387e-11 2.05328087865553e-11 2.09717243571106e-11 2.08526196310288e-11 1.982654040944e-11 1.64620095333134e-11 1.62462820973985e-11 3.826311489874e-11 6.81833256521713e-11 9.69160751651543e-11 1.35300526338256e-10 2.09131079120795e-10 2.50712983707047e-10 3.42516537354953e-10 4.26460988744992e-10 5.29092747392212e-10 4.63318983179306e-10 3.36898997588264e-10 2.61906529797073e-10 2.56872478843206e-10 2.64365107582876e-10 3.19995019371078e-10 3.54263318680381e-10 4.40007652535712e-10 5.46246581301091e-10 4.82802786638814e-10 5.87286408393339e-10 8.5770430091614e-09 1.73773266887167e-09
5.82653258973664e-11 5.93470050880285e-11 4.784456164586e-11 4.03173272545132e-11 2.66414779126478e-11 1.76410108743141e-11 1.53157819759997e-11 1.58115298631856e-11 1.22691967696653e-11 1.06263109422855e-11 1.438930086195e-11 1.36956113117037e-11 1.36379574300349e-11 1.43122624862713e-11 1.51262669056962e-11 1.70983338598774e-11 2.20674589712644e-11 1.28247079622668e-11 1.23002719121246e-11 1.80046533237999e-11 2.13234208068513e-11 2.3610335908586e-11 2.8777069616126e-11 3.3973013291444e-11 5.7999260949515e-11 7.18604398208811e-11 1.64141944480889e-10 2.29795849016057e-10 2.72277145274558e-10 4.4544299360183e-10 7.33625427074003e-10 8.65129623495164e-10 6.61260768364258e-10 5.49768797153405e-10 4.56210680344071e-10 4.1195661326654e-10 4.35901181816689e-10 3.65158070447791e-10 3.33512994998841e-10 3.74188602325631e-10 3.9348129199368e-10 4.16658851865037e-10 3.97700017362723e-10 5.67879832047424e-10 8.99791962050145e-09 7.08354674916478e-10
5.18715626007804e-11 6.70783428802224e-11 4.78446615659323e-11 4.18554413350591e-11 2.5628654753973e-11 2.07810546548615e-11 1.61527791142646e-11 1.52724166646578e-11 1.29315336216962e-11 1.14053211319742e-11 1.20512599899314e-11 1.53619450493636e-11 1.70317093761696e-11 1.77249881438968e-11 1.83812742804434e-11 1.67939551154461e-11 1.46155754165989e-11 2.05968686550762e-11 3.43197248398042e-11 4.42686998169961e-11 4.90663398799995e-11 4.15711243206829e-11 5.77249803512814e-11 7.49543538347552e-11 9.98393701046041e-11 1.8945538471371e-10 2.29636476500872e-10 3.25139515311434e-10 4.38133695990217e-10 6.38305908129411e-10 8.96857155208153e-10 8.28387836104838e-10 5.24893373210489e-10 2.79982115269917e-10 5.09781561408573e-10 5.51051415609294e-10 4.76243500191487e-10 3.30991378749701e-10 2.50646914334851e-10 2.71635292037331e-10 2.55787779845917e-10 2.85178380909912e-10 2.94270363632165e-10 1.02824614378605e-09 3.86695987564245e-08 6.60122112527972e-10
4.39717151579089e-11 5.81779180386377e-11 5.22077159281764e-11 3.73224007255146e-11 2.88820634075648e-11 2.24899210365948e-11 1.84443349482422e-11 1.43462242085945e-11 1.38022926421399e-11 1.31818556070584e-11 1.22684862269296e-11 1.24514398791575e-11 1.40245814961304e-11 1.3603063120371e-11 1.2165668472619e-11 1.31546440407249e-11 1.5653345286637e-11 1.92300508849996e-11 2.32285746193384e-11 4.1630687785954e-11 5.63688429267017e-11 7.46434691833997e-11 9.53802592462694e-11 8.87470097410414e-11 1.21752818937892e-10 1.80950610051411e-10 2.09444694920791e-10 2.45038989099555e-10 2.68961908300724e-10 3.73711461776338e-10 5.77129466439175e-10 5.25600685197247e-10 2.92421575842638e-10 2.19967688508405e-10 2.66647914859419e-10 5.21854637280939e-10 4.63495186675544e-10 3.26230420455431e-10 2.10993045257624e-10 2.08487915820399e-10 1.86505177968144e-10 2.02740146892921e-10 2.35632802159103e-10 7.66274788066568e-10 2.64251124315606e-09 2.78603273784483e-10
5.25451349098205e-11 5.32946464737449e-11 5.48771472708154e-11 3.61322749498072e-11 3.27839089209192e-11 2.10127470978705e-11 2.17807438751549e-11 1.70717440184376e-11 1.27956201190216e-11 1.39445899272062e-11 1.41070488623996e-11 1.52371115724748e-11 1.52203916137239e-11 1.50466195059096e-11 1.65277347363713e-11 1.56141877205584e-11 1.64903202204414e-11 1.91427762530338e-11 2.06306527417155e-11 2.87649903896181e-11 4.02347377637113e-11 5.71847791341895e-11 6.46343645271941e-11 8.05370437007014e-11 1.1013208123245e-10 1.22188581475058e-10 2.30659269462308e-10 2.34050101521888e-10 3.0235698389447e-10 4.12248402081872e-10 6.17917350620445e-10 2.51601461886963e-10 1.6793634260992e-10 2.93133739504015e-10 4.44679137956427e-10 4.79027362221274e-10 3.97332022838981e-10 3.18764181717057e-10 2.1426874718955e-10 1.87243254234915e-10 1.84962811733413e-10 1.64757651965886e-10 1.9132503359387e-10 3.76593189965746e-10 2.54333923921379e-09 2.39751529740317e-10
5.97598304175051e-11 4.04899669348424e-11 4.55753101924472e-11 4.44932424237265e-11 3.09224090777604e-11 2.58428944910349e-11 1.86160420412307e-11 1.95888416598677e-11 1.55312207539282e-11 1.38676292671391e-11 1.40627620659473e-11 1.59244284425597e-11 1.55951251912256e-11 1.62390101365872e-11 1.67688196661686e-11 1.45197964762644e-11 1.64369406974174e-11 1.82622805766641e-11 2.22985407916099e-11 2.94685276180928e-11 4.28972413146766e-11 5.447925444102e-11 6.15441031470709e-11 8.20913448329463e-11 8.77712347246984e-11 1.57380186660561e-10 1.52302970235496e-10 1.94297677946764e-10 2.64540289673931e-10 3.01231650734479e-10 5.37376687592683e-10 2.55817333982833e-10 4.22176049674761e-10 5.18079068534405e-10 4.52859727495536e-10 4.2750188944396e-10 3.99332467093672e-10 3.32383653933732e-10 2.7803596092113e-10 2.01172156710783e-10 1.88688320523767e-10 1.53721435580678e-10 1.52622192661767e-10 1.65615954283993e-10 6.45027760093342e-09 4.20575796411526e-10
6.18783801975553e-11 4.88387219554909e-11 3.60532603771446e-11 4.13916345642917e-11 3.72781361335228e-11 2.38821296072445e-11 2.10152673041364e-11 1.86067272700541e-11 1.70200076254901e-11 1.58283164353179e-11 1.64299907012833e-11 1.5512591211575e-11 1.38352884704318e-11 1.51721191166132e-11 1.57907464881646e-11 1.75048864292648e-11 2.0655022137106e-11 2.06423655946253e-11 2.35424013617092e-11 2.9148883307073e-11 3.01025537829958e-11 3.90076748679746e-11 4.77921591190977e-11 6.84973411324563e-11 1.02109265487371e-10 9.89345161350741e-11 1.73546921278245e-10 2.15037587736333e-10 1.84371995448629e-10 2.69212874215441e-10 3.57911422721457e-10 3.30440763640638e-10 3.91204657557154e-10 4.42332326322514e-10 4.83501005899001e-10 3.88573739851239e-10 3.73639241768586e-10 3.50094797596512e-10 2.57623933297424e-10 2.92048285555069e-10 2.5599350417238e-10 1.59006663391636e-10 1.29197663678582e-10 1.42968692440348e-10 2.45632292283915e-09 3.08825753858599e-10
6.21266815770127e-11 5.14272624485557e-11 4.30541047258259e-11 3.47189166305384e-11 3.76670250545885e-11 3.75061759427808e-11 2.27789898055164e-11 2.14961826117133e-11 1.72580061352789e-11 1.53485668619169e-11 1.63021596222279e-11 1.79995907068076e-11 1.91944016236789e-11 2.36040631484968e-11 1.99207206286189e-11 2.0263368760709e-11 2.13244089053433e-11 2.54672172239623e-11 2.15075290910249e-11 2.44723352693654e-11 2.65411359556822e-11 3.22152526877062e-11 5.6541216153505e-11 7.79277087303854e-11 8.74998629107893e-11 1.52443013767822e-10 2.30172203519174e-10 2.59954724413092e-10 2.1107042780244e-10 2.44229825252518e-10 2.71632627502072e-10 2.85948753564469e-10 3.49012352351963e-10 3.26813842654872e-10 4.49321713169581e-10 4.38573211081206e-10 3.24081350644434e-10 2.93589741406919e-10 2.40383468685934e-10 1.87519266781067e-10 1.55400448065279e-10 1.497360013758e-10 1.28375177155249e-10 1.15135212475082e-10 3.70462742704802e-09 1.76562309217587e-10
5.76890424319743e-11 5.85226311855536e-11 4.87603735166431e-11 3.93457155745125e-11 3.98054034178585e-11 4.24702273349453e-11 3.68322039534519e-11 2.13764006495865e-11 2.00464422839275e-11 2.08136063939435e-11 2.03991046276997e-11 1.80508941127755e-11 2.00066407884947e-11 2.37319608409337e-11 2.02201699828208e-11 2.37950548154231e-11 2.09016914887172e-11 2.41786035637404e-11 2.92166180138054e-11 2.44644415836603e-11 3.0949531826252e-11 4.48929005081311e-11 6.01921068543732e-11 7.1902861442652e-11 8.87893758516611e-11 1.39067302118434e-10 1.59470514571325e-10 2.02869387955218e-10 1.58157154039884e-10 1.07055131426392e-10 1.27197774535404e-10 2.83960444047437e-10 3.19524950942451e-10 3.17119841497515e-10 3.29535809751036e-10 3.71951558442163e-10 3.44623385384324e-10 2.62335297929184e-10 2.24180285446351e-10 1.79914372289147e-10 1.4300033379655e-10 1.56661916772549e-10 1.5812899878398e-10 1.4441688955813e-10 7.59971352515265e-10 3.68230412828297e-10
5.78125103345428e-11 6.40150821240582e-11 6.04114314128879e-11 4.84482121088092e-11 3.19529624981385e-11 4.08491351855389e-11 3.95819932386132e-11 3.42945005726847e-11 2.17556417325682e-11 1.72131309206236e-11 1.81873294202717e-11 2.17700857341185e-11 1.86481496911028e-11 2.40532815887207e-11 3.03315927929759e-11 3.48751472145636e-11 3.16425330382231e-11 2.80421907916661e-11 2.50963694270467e-11 3.34278382752018e-11 4.37495040195301e-11 4.45250836200728e-11 2.60255150763555e-11 2.1376289627284e-11 3.83680642812578e-11 7.39435290775248e-11 1.77095571540775e-10 2.28322072359788e-10 8.1877671309627e-11 1.03200148426907e-10 1.01537322994005e-10 1.16311704712047e-10 2.52505083508936e-10 4.23720936115757e-10 2.67013955390638e-10 3.67803398848565e-10 3.6791768520672e-10 2.6105425598999e-10 2.25306184820084e-10 1.63291291599421e-10 1.66507541088379e-10 2.75001887928283e-10 2.49545994979172e-10 1.96392968554449e-10 2.90132984304137e-10 6.67055854997045e-10
5.57450308136254e-11 6.25216767247139e-11 6.53345710865949e-11 5.55229417997793e-11 4.37954672527496e-11 2.81247247713168e-11 2.98987723468258e-11 2.98998270586992e-11 2.72925348987485e-11 2.54295917656577e-11 2.0485591001318e-11 1.857453080234e-11 2.43045028547328e-11 2.71096367576718e-11 3.14820614022437e-11 4.48718062706632e-11 2.73668088190959e-11 2.73855604859818e-11 3.7008218711776e-11 5.95624993771082e-11 4.59241755734752e-11 5.127507307634e-11 2.36532682329482e-11 3.20940496401079e-11 7.49759920815052e-11 1.8702935866699e-10 2.33138897076657e-10 1.83076198645438e-10 7.87585441308636e-11 9.16394071737159e-11 1.21777421480118e-10 1.84199888675352e-10 2.32682895173753e-10 3.62017116284363e-10 3.77498043935276e-10 2.76620037986675e-10 3.56674290102887e-10 2.39691555492527e-10 2.11105621872321e-10 1.5641803408073e-10 1.66215086139232e-10 2.30139718393474e-10 2.81145695613105e-10 2.15259898794784e-10 1.91354387890641e-10 2.41780551135662e-10
6.45129283327606e-11 5.65350544157184e-11 6.05195782377166e-11 6.04632455214471e-11 4.75859018855829e-11 3.74955066995142e-11 2.69159361465654e-11 2.7053470574856e-11 2.6177338074973e-11 2.47151743515417e-11 2.79521183976783e-11 2.70798827806118e-11 2.56222598693512e-11 2.34868013926359e-11 2.72956657276779e-11 3.35891536806798e-11 4.03705957552347e-11 5.61289459355407e-11 6.94422075397938e-11 5.7519555785035e-11 6.86220080758915e-11 6.17347839515503e-11 4.54966841978433e-11 6.23194384985481e-11 1.42574163586318e-10 2.60062527068783e-10 9.42199207543126e-11 1.18364029688678e-10 7.47485850993712e-11 8.95574170378666e-11 1.13830711523377e-10 1.36747779766466e-10 2.28060570428568e-11 2.85094226004645e-10 3.78643927323452e-10 3.9196461631974e-10 3.17790560533382e-10 2.28879115660163e-10 2.48194653718059e-10 2.15451056995164e-10 1.59215973738469e-10 1.87109905347427e-10 2.32547614498202e-10 1.96201832558529e-10 2.49545750730107e-10 2.7334574603799e-10
6.70141941938596e-11 6.41413255841883e-11 5.12167086519355e-11 5.48402323552466e-11 5.23305510036209e-11 3.64647978479127e-11 3.7384140227914e-11 3.01389246892825e-11 2.48643106104396e-11 2.19772533505136e-11 2.69984146150648e-11 3.7926373153141e-11 3.60783514175012e-11 3.64954400033923e-11 4.80455342177777e-11 5.75599568009011e-11 6.32057628457972e-11 5.15663400868505e-11 6.78794243036407e-11 6.19678530711099e-11 5.89878701440227e-11 5.1920057142496e-11 6.75663969218476e-11 9.97013027692617e-11 1.58546664685844e-10 1.25290888774998e-10 1.25320098742776e-10 6.38118557994005e-11 7.0387151662743e-11 8.40169600557772e-11 1.0706450170872e-10 1.176995834129e-10 2.70801936430587e-11 4.72901384718227e-11 3.27988636250609e-10 4.87458196030133e-10 4.69407657188725e-10 2.92691937353595e-10 2.46091791389347e-10 3.52342921505766e-10 1.90987992088054e-10 1.8695855974471e-10 2.07444161848258e-10 2.58822741017184e-10 3.04809921747307e-10 3.21975746064851e-10
5.93828541894936e-11 6.61269261570396e-11 5.289452209567e-11 5.36752420288167e-11 4.75469663641093e-11 4.15272261022892e-11 4.46954029342805e-11 3.43762129872971e-11 3.58198803951382e-11 3.10453329710469e-11 3.21289217453113e-11 3.80413034406502e-11 3.35843797216739e-11 4.49252968159897e-11 5.53971646333196e-11 5.38292410645624e-11 4.13219347628058e-11 4.75993133797203e-11 6.43267439315309e-11 6.73583633314934e-11 5.72679348387339e-11 7.49082018636216e-11 7.47340633822091e-11 1.57818769164209e-10 1.2942843463648e-10 1.82098236489736e-10 1.33345967601173e-10 8.65023053187031e-11 7.86099296767873e-11 8.85402973160865e-11 1.10878806136583e-10 8.78910610957462e-11 2.06694994453471e-11 6.06220629251197e-12 2.38223007986704e-10 3.17910198166516e-10 4.71819561198572e-10 4.71309724581204e-10 2.60310872857161e-10 2.18011597663548e-10 2.40506170534616e-10 1.89338089651159e-10 1.92715088331852e-10 2.36375519158116e-10 4.09325284778106e-10 4.7712684914103e-10
5.4534032845055e-11 6.85202783401451e-11 7.00778990392337e-11 6.31446783749823e-11 5.23648346906214e-11 3.96769839206002e-11 4.23560075901719e-11 3.54393403512177e-11 3.44767325799467e-11 4.90573359712698e-11 3.55860896306126e-11 3.31249250251631e-11 3.85693477156224e-11 5.04380648358449e-11 5.41110045659821e-11 5.3624715778966e-11 5.62729529640649e-11 7.01030011818204e-11 7.83231479672963e-11 6.57702003969973e-11 8.31322566341441e-11 8.156942898907e-11 1.15252851706771e-10 1.15539766643025e-10 9.00284957694453e-11 6.45856479408735e-11 7.37370275949445e-11 1.83502968376104e-10 1.62561653027637e-10 1.13566045456537e-10 1.02868380480459e-11 8.23648926839837e-12 6.2919780496884e-12 5.61565238754724e-12 4.3971271068699e-11 2.51628906600132e-10 3.93418408961566e-10 6.1732424727623e-10 5.30802912734885e-10 3.04002267803583e-10 1.98845517829227e-10 1.84270310121803e-10 1.85376214378863e-10 2.72606648366036e-10 3.50025208817328e-10 6.02779381964069e-10
5.88465720596787e-11 7.11206538106524e-11 6.06742656117376e-11 4.11623179985554e-11 3.69786756770907e-11 2.81781820099525e-11 3.49544837519034e-11 3.57108231874292e-11 3.01584424100554e-11 4.52362924896477e-11 6.22984441811525e-11 5.17523912613171e-11 5.65017144182889e-11 5.97606408803131e-11 7.38479499773348e-11 7.31543603471607e-11 8.43970449082576e-11 9.3845775595014e-11 8.39853964151871e-11 8.17400924724154e-11 7.93108911878448e-11 8.16035461426168e-11 1.25464261202524e-10 1.11617481923787e-10 1.06931286047995e-10 8.44808556443866e-11 9.34148758346964e-11 2.30912233778469e-10 3.01337887975706e-10 2.19956786118303e-10 1.18593557196789e-10 6.6728511605163e-12 6.08149086644971e-12 6.16122708407829e-12 4.99219554583874e-12 1.35505495713062e-11 1.27246646552948e-10 3.79049258647513e-10 5.77087400088772e-10 5.09811015625417e-10 4.12403333704958e-10 3.03664760004096e-10 3.34002359103636e-10 3.69821118173519e-10 4.40624448039273e-10 5.40554512262759e-10
6.81644962696737e-11 6.50806741830934e-11 4.84519313559417e-11 3.27700866442626e-11 2.02090455481141e-11 2.07917461025886e-11 3.45655282174562e-11 3.61984109353841e-11 3.50878104349306e-11 3.76265241186502e-11 5.71993008513516e-11 8.49092907095894e-11 8.48551673371389e-11 9.14742503965726e-11 9.55040491135151e-11 1.03377739701926e-10 9.98493843162862e-11 8.29465274243546e-11 7.15616788049545e-11 8.16455458796383e-11 8.04887489991302e-11 1.16519605075638e-10 1.33240218858077e-10 1.16478926504016e-10 7.98852206607137e-11 7.1690331449048e-11 7.98291655002004e-11 1.0116738557997e-10 1.32709265798781e-10 2.03010308563734e-10 2.45163356282774e-10 2.60776678029373e-10 4.79520756435647e-11 3.05176661719031e-11 2.20070406342643e-11 1.80138459704438e-11 1.80876980060418e-11 5.24990162453776e-11 2.12676587452165e-10 3.93904686646351e-10 7.48801309846669e-10 2.38837294386229e-10 1.74242420492021e-10 2.66292343731323e-10 4.93253904387814e-10 6.89818369092876e-10
8.02539590338824e-11 5.40516853497763e-11 4.27608615183317e-11 2.79180567552828e-11 2.04465444575419e-11 2.58699284216846e-11 3.15675152684491e-11 4.59161819676979e-11 3.80207310080038e-11 4.06592759460978e-11 4.47759607169473e-11 7.79330711075943e-11 9.62943058624433e-11 8.95737706230193e-11 9.0058782653557e-11 8.91088647314575e-11 8.65512106429378e-11 8.46325676207016e-11 7.78324849015632e-11 8.33390800814016e-11 9.41124067566079e-11 1.11865217089502e-10 1.0227602098567e-10 1.25200982914464e-10 1.17359377771464e-10 8.53211723494951e-11 8.73857652905485e-11 6.56107612684309e-11 2.96084934348073e-11 2.70953259828843e-12 6.15156814376405e-12 2.70623112808011e-10 6.05139516274278e-10 2.99769864486876e-10 2.42858344545738e-10 2.01201633132086e-10 2.05927408458706e-10 2.34168406887392e-10 2.94275115386711e-10 2.93228941128376e-10 2.07091599424558e-10 1.93905524970006e-10 1.87966531228767e-11 1.57637236597452e-12 1.60262214610185e-10 8.62824345304602e-10
6.70419941783962e-11 4.57441307055717e-11 3.00625524474185e-11 1.78117742777317e-11 1.95028548866105e-11 4.05542488479682e-11 3.52960993765805e-11 4.02936795040887e-11 3.75096398386177e-11 4.23206580890678e-11 4.14015821625924e-11 5.65819502362785e-11 8.31342661378187e-11 8.07273803360431e-11 7.68828889441409e-11 7.99388000238821e-11 8.46642755902849e-11 8.58429993755294e-11 8.38063840546965e-11 1.23150312170139e-10 1.18773524349081e-10 1.2086992517979e-10 1.32836319721719e-10 1.50640788731948e-10 1.30493105210405e-10 8.7103779744524e-11 9.96306592782048e-11 6.85027701230467e-11 5.88499360354433e-11 3.00959257515387e-12 2.36975994383215e-12 1.60618185418571e-12 2.1101859148942e-10 3.68027019970185e-10 6.37107855361307e-10 9.37481214879909e-10 9.12487341242496e-10 1.11418283488263e-09 6.70877642328094e-10 3.33204286384614e-10 4.97561325474294e-11 4.47763603972362e-11 8.10688183250363e-12 1.43844935962534e-12 1.18684173600059e-11 8.98602214860489e-10
3.66621177860793e-11 3.33465366431085e-11 1.98564054088024e-11 2.23545515432022e-11 2.78459366676032e-11 3.86774612337604e-11 4.7565529293081e-11 4.2515746478955e-11 4.72741290558076e-11 4.84144502266304e-11 4.47579306950274e-11 4.32366586977651e-11 6.36469210668622e-11 7.15022485664463e-11 7.42968797595722e-11 7.8113759904852e-11 8.68660698927215e-11 9.39973654467963e-11 9.74470393266813e-11 1.50470236270905e-10 1.72607550474879e-10 1.58071611355837e-10 1.46337686413034e-10 1.3669066989408e-10 1.29801480674985e-10 1.13004372526149e-10 1.36020816832172e-10 1.07280861971759e-10 6.9815608849666e-11 2.56252796759782e-12 2.41546782575597e-12 1.87844184651453e-12 1.54625201531644e-12 3.45363737608295e-12 6.3062433053318e-11 2.89679169540591e-11 1.85451987100294e-10 4.16927969926206e-10 9.32522048469053e-10 4.4169418123019e-10 1.50092538397928e-10 7.29361016027497e-13 6.82698342302501e-13 4.0965009162619e-13 1.10220721438736e-12 7.97000421215444e-10
