Scripts_&_data/Maxent_result_files_2/B_cullumanus_2.asc
NCOLS 594 
NROWS 330 
XLLCORNER -15 
YLLCORNER 23 
CELLSIZE 0.166666666666667 
NODATA_value -9999 
[rows 147 to 167 of 330, columns 414 to 459 of 594]
0.00287485882872716 0.00419258098409045 0.00517017156234942 0.00402010057296138 0.00434965652239043 0.00730693289078772 0.00324408976302948 0.000884682850301033 0.00479627885506488 0.00332835981535027 0.00329082092939643 0.00665708695887588 0.00530905450868886 0.00174675546295475 0.000103944338695783 1.26823487386574e-05 1.91055157461761e-05 2.95005166126572e-05 7.18839501772095e-05 1.91094244790246e-06 6.1396657730306e-06 5.29836722673593e-07 1.48335166647584e-06 1.45963567419471e-06 1.63487468697099e-05 2.78494306176214e-06 0.00467624420416541 0.022356497310102 0.00402290986530716 0.00379348105052486 0.000467468968417961 0.000677518197335303 9.42472138376615e-05 0.000206943178454821 0.000136794465424828 8.31549341455684e-05 0.000591896994956187 0.000499922340532066 0.00256805614626501 0.00277334318088833 0.000814326641557273 0.000149783754659438 0.000654307488366612 0.00815308511373587 0.010582421493018 0.000555612586231291
0.0160600968869403 0.0197057299781591 0.00774336023605429 0.00515250554308295 0.00537947261473164 0.00503111692378297 0.00247741722560022 0.00485318857536185 0.00356255705555668 0.00305060206446797 0.003902000207745 0.00240322589379502 1.59019768219082e-05 0.00033051362115657 1.74654393976237e-06 4.94839970155425e-06 1.46802070249308e-05 1.14124371807023e-05 1.68782189234662e-05 5.48186205321599e-05 6.07331120088261e-06 2.21792771112339e-06 4.62034379862253e-06 2.69511795192301e-07 5.17950950737145e-05 0.00178412888562889 0.0123472884879448 0.107954983506352 0.00513624204322696 0.0002268909209306 0.00162012716173194 0.000268225707714009 0.000101549099917975 0.000358524869079702 5.51045555994278e-05 0.000194268019686206 0.000431384164585324 0.000146307353497832 0.00139259328716435 0.00958039230899885 0.00238002829282777 0.000783467561268481 0.00135293826460838 0.00896494366461411 0.0114406990120187 0.00873824119917117
0.110166151076555 0.0702922542579472 0.0199327318230644 0.012757177487947 0.00406256818387192 0.00474609456141479 0.00503344555618241 0.00369073618930997 0.00316266656009248 0.00347753249370726 0.00418171412602533 0.00349566074874019 0.000674240940134041 0.000168381186358602 4.33163146681181e-05 7.97509124996765e-06 1.03704717698605e-05 1.1009725876221e-05 2.34296885609497e-06 4.19897340151465e-05 6.55416827428645e-06 6.46342019576807e-06 5.5836134305487e-06 1.57788473599041e-05 0.00197815683568479 0.0266990260686725 0.187970958650112 0.0301712131826207 0.0027006209580577 0.000253385936775885 0.00570129101688508 0.00321555887639988 0.00324380792008014 0.00163110670255264 0.0018254042166518 0.000309872001844269 2.95143295090838e-05 0.000487555982090271 0.0020028507540701 0.0128295048256405 0.0126942125614732 0.00856184663134627 0.00815423852181993 0.00163286500610411 0.0128998174564913 0.0187822286039591
0.00877293024677783 0.080570325255394 0.0230402681976557 0.00600754211773165 0.00423756361124106 0.010429051774554 0.0890177603811026 0.00397507844027132 0.00585680372314528 0.00464507306460291 0.00397994486993412 0.00330248746176949 0.00150543153722538 0.0034350743619143 0.00381892017321661 0.00033971455604842 4.30956123402382e-05 4.48362637630595e-06 1.24832437652378e-06 8.97332940041906e-06 6.15102637224751e-06 1.5300293024012e-05 6.75444745226628e-05 8.97880936321371e-05 0.00223984044278041 0.0498625646345317 0.0574263602495193 0.013410815608222 0.00322759500850225 0.00112724783175509 0.00812859197030775 0.001101307999852 0.000868608506061719 0.00571100030501839 0.00499861219723243 0.00134270604612539 0.00854567992500961 0.0114885766874067 0.0118025927105919 0.0105318675749004 0.022622103895992 0.0162810086272657 0.00781565323704854 0.0150069575756788 0.0109373179730028 0.0266366515308619
0.0143647923367098 0.00265061420504935 0.0160503997001797 0.0821185512468219 0.00371666946157347 0.0124515798757784 0.0317719322629273 0.0267243915703148 0.00516525062848814 0.00368984523229301 0.00573179196217097 0.00694669798249379 0.00167409071145812 0.00030419177692238 0.0156274385517463 0.0017875226403703 0.000317823248224158 8.25076108448286e-06 4.41915060962472e-06 1.81868328331447e-05 1.06317380145882e-05 4.0304803473834e-06 4.96918590243922e-05 0.0249037437606603 0.00273066222434863 0.0124532625311986 0.222602764517069 0.0211249566404149 0.0116308166470844 0.0016337602508429 0.0088019635353703 0.00639049457386136 0.00526589870860335 0.00626327070058323 0.00774063608841971 0.00890803718939424 0.00710415990906768 0.0131497080554254 0.0128233861876652 0.0152889266377315 0.0133599622407928 0.0110738948686048 0.0109358533285558 0.0236275978386402 0.0100555841112509 0.0481743533164263
0.00511194373830222 0.0106660001096316 0.0290394839365035 0.0595913149416447 0.065763920545578 0.0136998726520687 0.00266886392055312 0.0130926781566814 0.00842200664337724 0.00189382597382064 0.00296618090360425 0.00305989333573962 0.0027551689723623 0.000455974987926311 0.00133147230080795 0.00478735635115299 0.00591981165343896 0.000586867231686483 0.000655755994739593 3.25442631892159e-06 0.000182467654474294 0.000111177900492976 0.00343955871358048 0.00315376551443478 0.00269289228599519 0.0129885447677225 0.0853352167643607 0.0160872159758583 0.000714828002674039 0.0102946120023262 0.00996938165044412 0.00708306046435609 0.0074091880931519 0.0105186979053542 0.0169073623139411 0.00257188473478891 0.0138132306281477 0.00999078908935189 0.0216105358675122 0.0185354112181813 0.0375315962359309 0.0201093435287476 0.0194871491752565 0.016891563963145 0.0161656929180026 0.00934592408593744
0.0430314102210104 0.0153305809712037 0.0618927611038089 0.0632703693583608 0.0592294421046972 0.014396315254271 0.00152480820179335 0.00108441911506816 0.00117834685006528 0.00124199383899395 0.00172993916858104 0.00250243767004577 0.02312773889862 0.00194003900978714 0.00116848716788809 0.00548680376814445 0.000939818743790965 0.00830501680029556 0.00855001658201218 0.000579208812723664 0.000171658982492318 0.000678079380304553 0.000337364891811376 0.01237283522496 0.00522194845834747 0.00100802331471641 0.0521277375053614 0.022939507314004 0.0138467064476572 0.0119747770135291 0.0155150321312249 0.00911474660970271 0.00900586834177375 0.0092841035919264 0.0117292495910078 0.000160559738833399 0.00766458283178508 0.00179912437452003 0.0261036817915738 0.0177555927541107 0.0240437195636332 0.0210167115554214 0.0261797767132521 0.0276448212563992 0.0246719780378044 0.0144347167573869
0.00109646182936558 0.00128006458180607 0.0365199611522257 0.0629657089710236 0.051061269454658 0.00771921585546806 0.00355681231012568 0.00102343521139119 0.00098983518910245 0.0012028473229293 0.00611637669207994 0.00600189133838285 0.00459307885612361 0.00817968148039654 0.00253834347604425 0.00283741251187166 0.00380694136838429 0.00352567118243314 0.0123401528981049 0.000673182101218117 3.6478109198379e-06 0.00177902574141626 0.00533699427032843 0.00216654489777284 0.0396980591583997 0.00829297027667053 0.037912920024246 0.0175152386073023 0.01686528804712 0.0235444779507816 0.0384074419736862 0.0270850507542491 0.0167248342186213 0.0198015038855374 0.0252271245233715 0.0128084221854806 0.00265138480463065 0.0273352207615972 0.0396762637421489 0.0448689017444849 0.0360454143956304 0.0441505987197161 0.0597121842205524 0.0793106183409691 0.047097585350275 0.037548653408885
0.00192453866475262 0.00542327753501013 0.00300626726238988 0.00165065781256999 0.0355315777473152 0.0214882108848542 0.00457560031500179 0.0045143239927711 0.000957937326165847 0.00122992587021145 0.00117985687538749 0.00119138872069016 0.00745155376498587 0.0128437522100285 0.0133040634915233 0.00237591767436243 0.00654615489766002 0.0227447943761945 0.00847308344382327 0.0155300280312076 0.00386931591201574 0.000890710955900431 0.0284623533021659 0.00315727158740629 0.0388841944746673 0.0287310907617211 0.0259226922877133 0.0264902900904417 0.0140665433835238 0.0655726619064808 0.0340677976608276 0.0435369165614247 0.0359358690679073 0.0337351948022842 0.0286933443509042 0.0393350228667259 0.0344312543049455 0.0513050146400928 0.0452146930620074 0.0534773830324411 0.0553473517298698 0.0320876559242606 0.0526938300579786 0.0142308068927377 0.025374520290643 0.020214216504246
0.0175297482637689 0.000990388959326083 0.00086551253516518 0.0272074361797422 0.0260704264510423 0.0198735590092838 0.00412911355379038 0.0181248048553243 0.00410436628444586 0.00209605095369625 0.000868284427451727 0.00386376974493032 0.00166765603062231 0.00285560651827836 0.00548405814624857 0.00257443306254572 0.00490394449443556 0.00347504759993171 0.00593364588567056 0.0110511678736657 0.00821489976369776 0.00851426428416744 0.00438993898860645 0.00347514940076508 0.0285883011762053 0.0249078749679029 0.0785005293786526 0.0864824268966913 0.0555444326251745 0.069048198312521 0.0592388119548559 0.0472566682845354 0.0560540266335011 0.0521838998422027 0.0280943593010306 0.0499809661880136 0.028749024681747 0.0281675226986408 0.0472115699201822 0.0259565946646035 0.0502688540145755 0.0317117943428457 0.0314446491189301 0.0244730864651501 0.0204655409790576 0.017583336122334
0.000940132347750477 0.00145538159777061 0.00148772031898261 0.0198949788231403 0.0123454630142078 0.00421612656209618 0.000209367446223041 0.03131631789729 0.025973741337657 0.0117500836029649 0.0294379464816302 0.0372118350118399 0.00382786941627273 0.00267545525857713 0.00124463627580553 0.00882908729836345 0.0107539276999887 0.00175053200509865 0.0072598856408149 0.0340534883085638 0.012491248222068 0.00324612747062929 0.00475928185915109 0.00299686042417306 0.00421354471473023 0.0276537902653217 0.0359119940549135 0.0780248709022999 0.0369469402357936 0.0883721511811018 0.0350678874179721 0.030894479341805 0.0527757775038481 0.0519259236752987 0.0575659900903702 0.0523590827360749 0.0269488683901727 0.0238635273650289 0.0218957431614399 0.0229662517085671 0.0451194487512112 0.0250010438263416 0.0414880370721221 0.0410822294652462 0.0207289846614003 0.0159199270419776
0.0065570769016631 0.00974113241536543 0.0165358675643802 0.0476708803325891 0.0601182822138071 0.0373168049380183 0.0751314055174589 0.0636634480208158 0.0648318640887737 0.0401517502963543 0.0329690955579281 0.0242367019876838 0.0219369614729658 0.00816186323645525 0.0198820817982778 0.00177411776821828 0.0473054954782128 0.00816550074960105 0.00284445331781171 0.00341850621480262 0.00437212517717853 0.00230437520804117 0.00252836969302734 0.00242347543535288 0.0342854636721313 0.0486578511074185 0.0728893037885427 0.065807543694973 0.0757367830723524 0.0563266638666391 0.0542452223598957 0.0550641283392906 0.0289297192357481 0.0268590416759253 0.0274497439153492 0.0237803064286709 0.0216577739454806 0.0229862167499959 0.0234561345539987 0.0249214684590697 0.0465484516695142 0.0354019356891513 0.0298395963385701 0.0293048275634646 0.0339620230719447 0.0261874693445861
0.0241800052113831 0.0144654720555991 0.0552409365773201 0.0320844737812877 0.0282242326065898 0.0514851780608296 0.0496369177475572 0.0616254556924105 0.0443758750334382 0.0955622021108866 0.0798172518610954 0.0330501592718065 0.0280612462200224 0.0322692496702075 0.0291918703354895 0.0314245600719005 0.0375359249301255 0.0339229105971754 0.0365825745277107 0.0577686922624707 0.0103134561446495 0.0729138823226094 0.0140208286466077 0.00155474674975267 0.0335684174671769 0.0548661157488823 0.0819258317351341 0.0963306337594986 0.0259905783459544 0.0347239976748824 0.0515622369945049 0.0315709369257092 0.027643858641386 0.0435284689068794 0.0207947027869523 0.0384352741762996 0.0254874206148088 0.0250076612457633 0.0239146432839334 0.0257678747177124 0.0402062874287367 0.0185378066264093 0.0168257785029709 0.0166423563845456 0.0154280172660947 0.0266007022932172
0.0286561581306159 0.0475931499153376 0.0371735719963908 0.0379055915400386 0.0496658436954021 0.0570968974381685 0.0667251907289028 0.0716255106031895 0.0766365133225918 0.0496836103498936 0.074047826603055 0.0404458897188306 0.0803901366889477 0.0413956444710493 0.0386553730815649 0.0867079008370638 0.0444369433447719 0.0624940801411867 0.0325656632892787 0.0258252948522568 0.0344395104795694 0.0474532900378108 0.010159412084613 0.00986700404901058 0.0332923227921128 0.110125377774239 0.172789263725281 0.116271138563752 0.0302282147109509 0.0352208014577627 0.0440877920016646 0.028158500418067 0.0265047152526677 0.0244384691119194 0.0226670702919364 0.02369020646438 0.0231924327090383 0.0212840489111841 0.0204152662307024 0.0225726009346545 0.0343707898631692 0.0167179994285107 0.0287598103284836 0.0153951921034604 0.0158150042407215 0.0137523408979177
0.0279422293417156 0.0406108619645238 0.0417555920779705 0.028062014747411 0.0233011171221733 0.0397745897993445 0.0453947691246867 0.0446081789210439 0.0510524954646826 0.0632542833685875 0.0796939980238676 0.0777592450380325 0.0610929314047098 0.0812391463667154 0.0673253152519464 0.0716346591711044 0.0404661420732737 0.0326956197619438 0.0488725122064352 0.0474972793832421 0.0704750094562769 0.0423864094540477 0.0253901278832927 0.021833411604166 0.043155924975872 0.0726235069334507 0.0410100549459457 0.0368527485057712 0.0533567484468222 0.0452181622385979 0.0238250899128616 0.0246737986803055 0.0286760533228517 0.0266871458850801 0.0268737180158496 0.030131589435041 0.0241911674849689 0.020441211014986 0.0188040719367564 0.0175755158998072 0.0163701188750565 0.000415285899362061 0.0128379498142749 0.0141764353495091 0.013550454704091 0.0110112886875868
0.0204667126759887 0.0320690207183361 0.0214127402752638 0.0199301266111434 0.0202013925649226 0.0357532350346446 0.0365407863631845 0.0631957691162825 0.0522598437964916 0.0320515185594559 0.04813611805439 0.0571839284151793 0.0612148463726044 0.0658774629235268 0.0556822370737791 0.0601652294397354 0.0620178107172251 0.0404489181935787 0.0316916215233505 0.0590534802526236 0.0735193997621536 0.0547459531575441 0.0468308616429567 0.0357567207887769 0.0648228108882904 0.0914784211665392 0.0827478218823671 0.0411723459139466 0.028662203066051 0.0238332848064601 0.0218709954991937 0.023281186260283 0.0234034527093172 0.0238205973990262 0.0246848766691983 0.025693513546139 0.0232149243354797 0.022135794069618 0.018412555847317 0.0159295224584639 0.0154806826263666 0.0162181693129241 0.0136383014731109 0.0118598556611687 0.0103996849153191 0.0108202838338912
0.0221058201044798 0.0229147657752037 0.0228875896893442 0.0199639733880758 0.0325063705444336 0.0324828531593084 0.0380807098001242 0.027248649019748 0.0544806830585003 0.0628889340907335 0.0338318152353168 0.0292717520147562 0.0273315795697272 0.0431963510811329 0.0231709587387741 0.0237935479730368 0.0252126608043909 0.0400888331234455 0.0337875194847584 0.0680609371513128 0.082729410380125 0.0694378860294819 0.0708317920565605 0.0792152468115091 0.0893904723227024 0.0894450537860394 0.0842277344316244 0.0331242777407169 0.0240939797833562 0.0212840178050101 0.020586937200278 0.0232122419402003 0.0227296085096896 0.0233328476548195 0.0218812649138272 0.0214788129553199 0.0220432537607849 0.0205385836772621 0.0170144501142204 0.0144672099500895 0.0149285848252475 0.0195308255031705 0.0123445858713239 0.0100351348984987 0.00954031553119421 0.00822540088556707
0.0213122140616179 0.0228222836740315 0.0244853242300451 0.0208687013946474 0.0176763826981187 0.018520549684763 0.0191700012423098 0.0384053951129317 0.0282612536102533 0.0327320961281657 0.0613281905651093 0.0524059373885393 0.0287985799834132 0.0272972515784204 0.0225726457312703 0.0226004216820002 0.018298969976604 0.0182002552784979 0.0294689295813441 0.0547009129077196 0.048005255497992 0.0511665914207697 0.0193666787585244 0.0667896397411823 0.0740770842880011 0.0384816590696573 0.037602211907506 0.0260247270576656 0.0199177523143589 0.0334209440276027 0.0196511222049594 0.0239384340122342 0.0237823669798672 0.0224761818535626 0.0219902112148702 0.0215526213869452 0.0185933507047594 0.0157053691335022 0.0154336451552808 0.0139116547070444 0.0113311830442399 0.0109851874876767 0.0102046762593091 0.00866488213650882 0.00826798481866717 0.00731526894960552
0.018621033616364 0.0187978254631162 0.0188989408314228 0.0203190747648478 0.022729410789907 0.0206832362338901 0.0181519038975239 0.0190114594064653 0.035305242985487 0.0225484527647495 0.0241111648268998 0.0244010740891099 0.0260668586008251 0.0231715296395123 0.0487546969205141 0.0243185380473733 0.0212038652971387 0.0173919523134828 0.0240954269655049 0.0186900309287012 0.0163659805431962 0.0503969512879848 0.0321509758010507 0.0325222712010145 0.0278440041467547 0.0335940485820174 0.0319121357053518 0.0260388562455773 0.0341018348932266 0.0172313055023551 0.016051238309592 0.0204018062911928 0.0194542985409498 0.0172837856225669 0.0164321331307292 0.0150835198350251 0.0134914492256939 0.0126428989693522 0.0115183811634779 0.00974243138916791 0.00875589060597122 0.0085947634652257 0.00990602076053619 0.00742439653258771 0.00695124112535268 0.00644527152180672
0.0171739025041461 0.0169548670761287 0.0180664993822575 0.0170370686799288 0.0198705894872546 0.0192787546664476 0.0197470168583095 0.02063740612939 0.0172878687269986 0.0182534881867468 0.0210164953023195 0.0186436616815627 0.0201794777996838 0.0155425996519625 0.0175106812268496 0.0220458306372166 0.0221770296804607 0.0206219590269029 0.0270166895352304 0.027012740354985 0.0141360701993108 0.0196794426999986 0.0205763379111886 0.0290915429592133 0.0288188872858882 0.0282131114043295 0.0428105285391212 0.0231705719605088 0.0179750359617174 0.0164321935735643 0.0145722161978483 0.0177042015828192 0.0159021302126348 0.0132204639725387 0.0121385877486318 0.0113030942156911 0.00916547253727913 0.00955704832449555 0.00897200806066394 0.00784156671725214 0.00739802913740277 0.00663091612514108 0.00635579305235297 0.00602900974918157 0.00574430823326111 0.00533227997366339
0.0153219372034073 0.0154052415862679 0.0157134750857949 0.014379629585892 0.0141820104327053 0.0153295362368226 0.0193293341435492 0.021447429805994 0.0177126916125417 0.0159640345722437 0.0159575455822051 0.0286502646282315 0.0261996757239103 0.0133459809236228 0.014831880480051 0.0139178055338562 0.0170801611617208 0.0180912199430168 0.0156432992778718 0.0122881662100554 0.0128257089294493 0.0158936322666705 0.0183138502761722 0.0203784833662212 0.021440199483186 0.0203657332807779 0.0164076790213585 0.016306347027421 0.0298140486702323 0.0232119073159993 0.0118213478010148 0.0158143764361739 0.0150060237385333 0.0160882333293557 0.0118399736471474 0.0095904943998903 0.00760568920522928 0.00668855595868081 0.0067372698802501 0.00591186275705695 0.00528592010959983 0.00535293472930789 0.00496744010597467 0.00507616777904332 0.00477725418750197 0.00400359763298184
