Scripts_&_data/Maxent_result_files_2/B_distinguendus_2.asc
NCOLS 594 
NROWS 330 
XLLCORNER -15 
YLLCORNER 23 
CELLSIZE 0.166666666666667 
NODATA_value -9999 
[rows 40 to 59 of 330, columns 230 to 275 of 594]
-9999 -9999 -9999 -9999 -9999 -9999 -9999 -9999 -9999 -9999 -9999 -9999 -9999 -9999 -9999 -9999 -9999 -9999 -9999 -9999 -9999 -9999 -9999 -9999 -9999 -9999 -9999 -9999 -9999 -9999 -9999 -9999 -9999 -9999 -9999 -9999 -9999 -9999 -9999 -9999 -9999 -9999 -9999 -9999 -9999 -9999
-9999 -9999 -9999 -9999 -9999 -9999 -9999 -9999 -9999 -9999 -9999 -9999 -9999 0.445607191324234 0.457466888427734 0.921938818693161 -9999 -9999 -9999 -9999 -9999 -9999 -9999 -9999 -9999 0.6356734842062 -9999 -9999 -9999 -9999 -9999 -9999 -9999 -9999 -9999 -9999 -9999 -9999 -9999 -9999 -9999 -9999 -9999 -9999 -9999 -9999
-9999 -9999 -9999 -9999 -9999 -9999 -9999 -9999 0.459958377480507 0.907940363883972 -9999 -9999 0.802643704414368 0.356055651605129 0.851849281787872 -9999 -9999 -9999 -9999 0.470535807311535 -9999 -9999 -9999 -9999 0.551851531863213 0.255829983949661 0.0747975535690784 0.128244964778423 0.0182673887815326 0.0704323142766952 0.17286141961813 -9999 -9999 -9999 -9999 -9999 -9999 -9999 -9999 -9999 -9999 -9999 -9999 -9999 -9999 -9999
-9999 -9999 -9999 -9999 -9999 -9999 0.935809326171875 0.750069919228554 0.0698853719979525 0.0124342594761401 0.0470105051994324 0.177262660115957 0.210027515888214 0.567072531580925 -9999 -9999 -9999 0.0638948432169855 0.0294818344060332 0.116494211927056 -9999 -9999 -9999 0.537876316905022 0.183483736217022 0.113209964334965 0.089653037302196 0.306596994400024 0.293400776386261 -9999 -9999 -9999 0.0706492986530066 0.0335148113779724 0.0285041283816099 0.432123091816902 -9999 -9999 -9999 -9999 -9999 -9999 -9999 -9999 -9999 -9999
0.796811521053314 -9999 0.360067644715309 0.130674407631159 -9999 0.490879411995411 0.0987762130796909 0.394469630718231 0.140799576416612 0.130434769764543 0.190633751451969 0.550999149680138 -9999 -9999 -9999 0.426168309152126 0.232978856563568 0.111755446344614 0.200431132316589 0.135833089798689 -9999 -9999 0.189838629215956 0.356117618083954 0.0980295307934284 0.0256465965416282 0.110446587949991 0.104898853227496 0.0722063749097288 -9999 -9999 0.0207925209775567 0.0282829655800015 0.0147852205904201 0.125385933741927 0.1144202016294 0.060764941200614 0.0923379298299551 0.123675788193941 0.0441043646074831 0.053906687349081 0.390158316493034 -9999 -9999 -9999 -9999
0.04936269717291 0.333103667199612 0.484304970502853 0.0746119916439056 0.0572455016896129 0.267309162020683 0.206834342330694 0.124647502973676 0.074269594065845 0.0996232287958264 0.554109725356102 -9999 -9999 0.108507564663887 0.138652912154794 0.079790298640728 0.104526583477855 0.0806420333683491 0.25935121551156 0.536318942904472 0.488820043206215 0.299240448325872 0.240171075612307 0.0702799413353205 0.0763280676677823 0.111851632222533 0.172117247059941 0.393388789892197 0.0852120656520128 0.0512798875570297 0.103205850720406 0.0932406546548009 0.0420194088481367 0.125432194396853 0.117726698331535 0.258984608203173 0.0854462411254644 0.0126675109844655 0.0231214836239815 0.117816255241632 0.168313348293304 0.121318933367729 0.124472880363464 0.142886390537024 0.293022924661636 0.429011386632919
0.545344504714012 0.189607655256987 0.0724095867946744 0.0636351028457284 0.0583312399685383 0.0480243471451104 0.0566471684724092 0.0972533779218793 0.136267204582691 0.162262728065252 -9999 -9999 0.369433388113976 0.0733563598245382 0.0369533004239202 0.0597800858318806 0.0537925783544779 0.0263127556070685 0.0269921169616282 0.0594839453697205 0.0934571046382189 0.0958620069548488 0.0500611020252109 0.0454657254740596 0.0498025323264301 0.0704995419830084 0.107256804779172 0.108176289871335 0.0363554620649666 0.0488754794001579 0.0218063170323148 0.0440623767673969 0.0402889482211322 0.0384483434259891 0.046603427734226 0.176982759684324 0.141218764334917 0.112365052290261 0.0114395671524107 0.0334965554066002 0.161662802100182 0.184337995201349 0.270389012992382 0.404120482504368 -9999 -9999
0.23485954105854 0.206917259097099 0.0517171949148178 0.0907745042815804 0.0478766825050116 0.0433323410339653 0.0509984448552132 0.0238631752319634 0.184667767584324 0.272694404423237 0.608041977882385 0.436063128709793 0.0219354204833508 0.025185755174607 0.0442045193165541 0.0132632374763489 0.0135819649323821 0.00847673078533262 0.00908964201807976 0.0345142448320985 0.051301715709269 0.0499375179409981 0.0455667783506215 0.0418201325461268 0.0496928034350276 0.037201751768589 0.043682686239481 0.0721125330775976 0.0436631434597075 0.0432722012512386 0.0658741869032383 0.103313836455345 0.385859972238541 0.170570968836546 0.137672739475966 -9999 -9999 -9999 0.212809418141842 0.373115999996662 -9999 -9999 -9999 -9999 -9999 -9999
0.333935263752937 0.150133969634771 0.0409028171561658 0.0422682007774711 0.0484788046218455 0.0334410776384175 0.0275034519843757 0.00727116580819711 0.0129420786630362 0.239244627952576 0.229958043992519 0.144156857579947 0.0548911460675299 0.0281086326576769 0.0360262541100383 0.00391302036587149 0.0225278832949698 0.0297634698450565 0.094868204370141 0.0765882264822721 0.0932808483019471 0.0573789870366454 0.0285414670594037 0.0416648526675999 0.0259239006787539 0.0301876153796911 0.0407767860218883 0.0683025192469358 0.0408387022092938 0.0351855333894491 0.0562923869118094 0.0467249565757811 0.118043728545308 0.14308262988925 0.159587655961514 0.263363546878099 0.393916641175747 0.39982832223177 -9999 -9999 -9999 -9999 -9999 -9999 -9999 -9999
0.125092735141516 0.129625878855586 0.102461024560034 0.0496879671700299 0.0304548378102481 0.0188560701906681 0.0486678820103407 0.0519525994546711 0.0364845110103488 0.0584332514554262 0.0485904891043901 0.0419741235673428 0.00846461555920541 0.0102459331275895 0.0232056580949575 0.0379507339559495 0.0392027953639627 0.0340316206216812 0.0294414097443223 0.0192221615463495 0.0184719717130065 0.036814749892801 0.0380190239287913 0.0173997847829014 0.023238160694018 0.0489705366082489 0.0297066045925021 0.0370038923807442 0.0324598076753318 0.0372106550261378 0.0570523396134377 0.0380914424546063 0.0808367067947984 0.11573937498033 0.0950101930648088 0.0976996526122093 0.19945230782032 0.237209914624691 0.458773705363274 0.310777734220028 0.523599994182587 0.602930855751038 0.612160813808441 0.360168093442917 0.466905674338341 0.251297464966774
0.0354603067040443 0.0552813876420259 0.065488532371819 0.0305967633612454 0.042593718226999 0.0157982581295073 0.0159212628379464 0.012922874209471 0.0139301139395684 0.014222138072364 0.0196820777840912 0.0240709109697491 0.0157462701899931 0.0100304826628417 0.00888372708577663 0.0206986088305712 0.0230119889136404 0.016567007265985 0.0260560824070126 0.0177167505491525 0.0146656683413312 0.0207790805958211 0.0249126329086721 0.0243451618589461 0.0311753474641591 0.0178264721762389 0.0424055776558816 0.0421940227039158 0.0338749947026372 0.0346034144051373 0.0633102856576443 0.192737769335508 0.166686718538403 0.261256073415279 0.244350683689117 0.218587911128998 0.123618049547076 0.155449219793081 0.177354692667723 0.413048103451729 0.307520814239979 0.170191586762667 0.499309498071671 0.276295945048332 0.257325069606304 0.396101735532284
0.0167193692643195 0.016308160033077 0.0193942287471145 0.0129519262583926 0.0158422566950321 0.0152023067465052 0.00625345133012161 0.00651619943091646 0.00688176119001582 0.0130082614952698 0.00491450409172103 0.0173621353693306 0.0110239734407514 0.0111457539955154 0.0119397579459473 0.0258844005875289 0.00914409777615219 0.0158143964130431 0.0128337073372677 0.0127381565049291 0.0131314014783129 0.0106448670849204 0.00942580858245492 0.0154011950828135 0.0314626495353878 0.0559062637388706 0.0299295872449875 0.00527787860482931 0.0449668204411864 0.108979906141758 0.143876402825117 0.347894994914532 0.229881574213505 0.269179847091436 0.0353825107216835 0.176740700006485 0.252008263766766 0.272368077933788 0.278470478951931 0.303200533986092 0.122580207139254 0.911314461380243 0.132931948453188 0.119029756635427 0.0540547799319029 0.903801690042019
0.00817705015651882 0.00588477682322264 0.0134657895890996 0.00799727230332792 0.00847933128243312 0.00624418271472678 0.00348242387990467 0.00497627494623885 0.013654247042723 0.0111857019132003 0.00850862324004993 0.00440508319297805 0.00425291446154006 0.00342121662106365 0.0185230144299567 0.0070380461984314 0.00844757885206491 0.00939756878651679 0.0243858811445534 0.0285080679692328 0.0383477043360472 0.0535799173638225 0.0668572749942541 0.0976386036723852 0.0728165481239557 0.0776781570166349 0.0755295895040035 0.0701564930379391 0.0291390812024474 0.0448915220797062 0.0200977597851306 0.178590447455645 0.168408086150885 0.336750842630863 0.177814494818449 0.01726240653079 0.248556070029736 0.396747726202011 0.223891150951386 0.0467906897887588 0.0474999224767089 0.0662177830934525 0.09254747685045 0.309520895779133 0.316461443901062 0.449473060667515
0.00435332679189742 0.00531709580682218 0.00514457972021773 0.00523061666171998 0.00580234953667969 0.00412900129449554 0.00385058132233098 0.00413127230713144 0.00413759422372095 0.0050714410492219 0.00477101760916412 0.00262384238303639 0.00843302316498011 0.00873489963123575 0.0372035697102547 0.0101241607917473 0.00688103844877332 0.020414745202288 0.0215755192097276 0.0399739518761635 0.0528186965733767 0.0568056546151638 0.104644939303398 0.0836896706372499 0.101468243822455 0.0137126282788813 0.0122758201789111 0.0165570725686848 0.019788823928684 0.0455112168565392 0.199388581328094 0.32193311303854 0.255725981295109 0.334070591628551 0.227562700212002 0.228958735615015 0.185102273523808 0.292386358976364 0.0934904415160418 0.0258565510623157 0.0441931435838342 0.0815643522888422 0.293882735073566 0.312125536799431 0.250191901624203 0.14976356588304
0.00351538464892656 0.00558283427963033 0.00673477498348802 0.00723459265427664 0.00518850851804018 0.00466310625197366 0.0075562730897218 0.00463370336219668 0.00408730829367414 0.00398265134426765 0.00447589984396473 0.0098682644078508 0.013584376918152 0.0156454706564546 0.0313923787325621 0.0587854646146297 0.0465165052562952 0.102201139554381 0.0709712414070964 0.0530594125390053 0.0802209477871656 0.210401698946953 0.08838144056499 0.0664351884275675 0.018683295417577 0.0175977274775505 0.0220829296857119 0.0351316867396235 0.023119406029582 0.0955892998725176 0.214786773920059 0.250709840655327 0.14583578556776 0.246555162966251 0.282520714402199 0.360098995268345 0.225813727080822 0.0692629236727953 0.0245161126367748 0.163808682560921 0.27161457836628 0.354273577034473 0.174924346059561 0.233512963354588 0.254012855887413 0.328354442119598
0.0107692494057119 0.00439478143816814 0.0093988954089582 0.00841660918667913 0.00472035746788606 0.00552776746917516 0.00510907981079072 0.00730810918612406 0.00524267167784274 0.00423425805056468 0.00420927848899737 0.013517777225934 0.0366680158302188 0.0466596744954586 0.0225597757846117 0.0927717234939337 0.108069179952145 0.117196349799633 0.0534777885302901 0.0729016859084368 0.117026203125715 0.282229682803154 0.0924527160823345 0.161981856822968 0.129916068911552 0.0192925419192761 0.205909135937691 0.20175454467535 0.310760940611362 0.234065638482571 0.197208930552006 0.293403808772564 0.166385896503925 0.117237637937069 0.241010128706694 0.320667257905006 0.282862481474876 0.172835794091225 0.360322684049606 0.18162491992116 0.144934685900807 0.226979414373636 0.266649580746889 0.280538928508759 0.147099226713181 0.110623108968139
0.0125660941004753 0.0102511122589931 0.00749854322057217 0.0113529922906309 0.00446363649098203 0.00468476687092334 0.00558273481437936 0.00374095788574778 0.00335787416552193 0.00454579727374949 0.00975603223778307 0.0121140120085329 0.0124960247194394 0.0173038280103356 0.03033651355654 0.00866341022774577 0.0247233046218753 0.0567768268287182 0.0720047947019339 0.0979875821620226 0.0603593241423368 0.187880998849869 0.304428155720234 0.252292287349701 0.227463495731354 0.224427537620068 0.214311353117228 0.257080924510956 0.255587387084961 0.228386083245277 0.287272949516773 0.260098424553871 0.105975149944425 0.262281386554241 0.22995737940073 0.245663709193468 0.190662218630314 0.314892317354679 0.193202958256006 0.178495358675718 0.315825062990189 0.342063680291176 0.245160861313343 0.507974350452423 0.326405984163284 0.311897227168083
0.0436592131853104 0.0463811479508877 0.0491726394742727 0.0448298215866089 0.0234564302489161 0.0198507614433765 0.014896990917623 0.00852625698316842 0.00824484325712547 0.0103936346014962 0.0122681516455486 0.0388748189434409 0.0434982594102621 0.0511340405791998 0.0561328779906034 0.0284080201759934 0.104546263068914 0.135423755645752 0.127818140387535 0.0880947083234787 0.200260570645332 0.154087589681149 0.167473442107439 0.249087437987328 0.270638662576675 0.308534130454063 0.256951262056828 0.247022590041161 0.192391100525856 0.288970956206322 0.254508663713932 0.301984822750092 0.212773056328297 0.1690280854702 0.335429322719574 0.214691533148289 0.144475729763508 0.448483121395111 0.226791938394308 0.186701020598412 0.44538160264492 0.244108337163925 0.381346255540848 0.171816463768482 0.409066379070282 0.453778320550919
0.105343747884035 0.101338537782431 0.0665145099163055 0.0650549802929163 0.0782525606453419 0.0399930719286203 0.0516911301761866 0.0345898507162929 0.0189011701848358 0.0469009444117546 0.0460426948964596 0.0493122562766075 0.0497313346713781 0.0792555227875709 0.0892394058406353 0.106635245680809 0.0944122768938541 0.0264183121733367 0.165582101792097 0.206119799613953 0.204297430813313 0.257397389411926 0.254427821934223 0.284557980298996 0.273239730298519 0.218695265054703 0.28995501101017 0.255624286830425 0.227427594363689 0.240647108852863 0.126013474166393 0.327906432747841 0.274165613949299 0.244883985817432 0.381572435796261 0.354141539335251 0.359735202789307 0.334626469016075 0.366329881548882 0.20197873711586 0.328168958425522 0.162996658682823 0.222480560839176 0.158755602687597 0.511932036280632 0.200317342579365
0.181543891131878 0.152920980751514 0.131103268265724 0.101205035671592 0.15737134963274 0.088751258701086 0.0543663289397955 0.0640877913683653 0.0512106608599424 0.0272881148383021 0.0673766441643238 0.0837374854832888 0.0903561040759087 0.110392840951681 0.11488094329834 0.1038370244205 0.0593227345496416 0.0190795178990811 0.00509781930595636 0.0254945883527398 0.0175468725152314 0.15864537730813 0.164318113774061 0.0680660316720605 0.0442775974050164 0.246886217594147 0.136301708966494 0.111529060453176 0.0768992153927684 0.144932712614536 0.323153334856033 0.186872404813766 0.318245989084244 0.324361918866634 0.13293287307024 0.422216653823853 0.414912006258965 0.443505428731441 0.380389097332954 0.329031863808632 0.158557820320129 0.330151921510696 0.132793398201466 0.243435417115688 0.289494028687477 0.394866746664047
