Scripts_&_data/Maxent_result_files_2/B_distinguendus_2.asc
NCOLS 594 
NROWS 330 
XLLCORNER -15 
YLLCORNER 23 
CELLSIZE 0.166666666666667 
NODATA_value -9999 
[rows 60 to 79 of 330, columns 184 to 229 of 594]
0.195142440497875 0.0746642604470253 0.120307054743171 0.297054387629032 0.315239042043686 0.107888378202915 0.00486936261877418 0.00875205316115171 0.00614456371404231 0.00744232248980552 0.00777954309014603 0.0236330569721758 0.0119721026625484 0.014116247696802 0.00196400762943085 0.00388863335829228 0.00226537030830514 0.0047580090817064 0.0395568408071995 0.0725890239700675 0.0573563516139984 0.0432564979419112 0.0771268274635077 0.0470070792362094 0.0285602747928351 0.0240552226547152 0.0348466968163848 0.0753333069384098 0.132468980550766 0.155863182246685 0.0689199514687061 0.0733686132356524 0.155064835399389 0.120046205073595 0.110231520235538 0.119121818989515 0.0654443062841892 0.0650043807923794 0.064939733967185 0.0847650788724423 0.174713757634163 0.148699053376913 0.212677294015884 0.113835303485394 0.265405035018921 0.228978009521961
0.163869422674179 0.134727989137173 0.0394165869802237 0.00720363073050976 0.013522190740332 0.0739835944026709 0.0301797234453261 0.0179914734326303 0.0866618815809488 0.107016883045435 0.0807751271873713 0.0365672206506133 0.00735941766761243 0.00479816906736232 0.0260629624128342 0.0621832236647606 0.0230576154775918 0.0783117536455393 0.0376049693673849 0.0457485571503639 0.0840057037770748 0.0622281718067825 0.0317172077018768 0.0400554682128131 0.0719734989106655 0.024990957416594 0.0379905672743917 0.04147191606462 0.0921366646885872 0.104215306788683 0.184681199491024 0.144140843302011 0.099665916711092 0.111100947111845 0.0833237111568451 0.0836440231651068 0.0683410543948412 0.0894521325826645 0.0962157730013132 0.0731154860928655 0.0838275087997317 0.268264526128769 0.236058513820171 0.285954430699348 0.237967681884766 0.274061585962772
0.114097109436989 0.106083390489221 0.0212856678757817 0.0145953648723662 0.00580417120363563 0.0272330706939101 0.025181196257472 0.0350800384767354 0.0395014626905322 0.100982623919845 0.0337845725938678 0.0137441167375073 0.0686475878581405 0.0416567362844944 0.0256123039871454 0.00459253855515271 0.0477198285982013 0.011520092561841 0.0577036220580339 0.0543033635243773 0.0374390849843621 0.0427148886956275 0.0596094439737499 0.0285575028508902 0.0281118637416512 0.0236770173534751 0.0227288369555026 0.022714641969651 0.0395423743873835 0.115881557762623 0.0933113232254982 0.210220937430859 0.0934585630893707 0.247627899050713 0.123188283666968 0.0883142046630383 0.122913818061352 0.211147383600473 0.146968508884311 0.100548242032528 0.202176064997911 0.247584219276905 0.220984148979187 0.265421279519796 0.145933594554663 0.286715829372406
0.128797601908445 0.0155168735887855 0.0108476992463693 0.0225593301467597 0.0921168483793735 0.110743498802185 0.0677865842357278 0.0204523098655045 0.0167554746381938 0.00634016963886097 0.00408940796041861 0.00489462487166747 0.00305596764665097 0.00772546672960743 0.0143672007601708 0.0409620186313987 0.0431735816411674 0.126206245645881 0.0798651192337275 0.0562871003523469 0.0796514719724655 0.0681719288229942 0.0713040295988321 0.0498660568147898 0.062932089343667 0.0445255236700177 0.0582068480551243 0.0564131300896406 0.062827723287046 0.186102131009102 0.194405867159367 0.189230844378471 0.128465209901333 0.0960622690618038 0.107042035460472 0.363846954703331 0.433834826946259 0.157960071414709 0.271748635172844 0.41281690299511 0.361079865694046 0.234817303717136 0.324479284882545 0.209969993680716 0.28229725509882 0.252997571229935
0.030343470769003 0.0126810690388083 0.0156828221399337 0.00894604187924415 0.00652208182727918 0.096520010009408 0.0219112128950655 0.050448682717979 0.0702678618952632 0.00396494879387319 0.00350734231760725 0.00523542297305539 0.00422993279644288 0.0103408759227023 0.00556462371023372 0.0114058375824243 0.00983006795868278 0.0167732829228044 0.0196453597396612 0.0793069072067738 0.0464940717443824 0.039323953166604 0.107467954605818 0.118470925092697 0.0991534937173128 0.108095557242632 0.07050989754498 0.119456858187914 0.129033205658197 0.293147559463978 0.293114964663982 0.313061492145062 0.0911030888557434 0.129122638329864 0.257103519141674 0.449024403095245 0.169384830072522 0.162736193835735 0.309157341718674 0.475563123822212 0.419139078259468 0.415330192446709 0.349534383416176 0.153761368617415 0.333331380784512 0.346005614101887
0.0379909401759505 0.124004714377224 0.0936068285256624 0.00469860912999138 0.0079981472576037 0.00950308045139536 0.00310764531604946 0.00442286570323631 0.0372234430164099 0.0596644734963775 0.0580121615901589 0.0208796726539731 0.0130043630255386 0.0988867335021496 0.0470553478226066 0.0457028107717633 0.076729391887784 0.0561818599700928 0.0800011154264212 0.0482316242530942 0.0476690037176013 0.100063665211201 0.0604973871260881 0.0422600861638784 0.131975181400776 0.110653083771467 0.0946624990552664 0.154224243760109 0.16921122148633 0.251708190143108 0.314392219483852 0.175448100268841 0.308251482248306 0.327919402718544 0.254844373464584 0.214886779338121 0.533775645494461 0.273449817299843 0.306487599015236 0.513915446400642 0.425552982091904 0.502184221148491 0.512932586669922 0.533471688628197 0.379000517725945 0.470732590556145
0.00603778435615823 0.0123659993289039 0.0205240896902978 0.0243064040318131 0.0646067822352052 0.0462800547480583 0.0219655201770365 0.0508674224838614 0.0380949249491096 0.0170755707193166 0.0689078569412231 0.224988652020693 0.236713074147701 0.238731092214584 0.16102367118001 0.181851969659328 0.195943933725357 0.189431948959827 0.0999452725052834 0.138320646435022 0.132401057332754 0.170282806456089 0.154867122322321 0.205022540688515 0.295082394778728 0.187324670702219 0.160978155583143 0.0855833504348993 0.129013033211231 0.380017989873886 0.103816539049149 0.139006133377552 0.230844338983297 0.453486961126328 0.368598955869675 0.380672892928123 0.19036400988698 0.376604726910591 0.4743742197752 0.446512848138809 0.406235253810883 0.424948564171791 0.370281027257442 0.521109187602997 0.295159749686718 0.45107017159462
0.0260649859905243 0.00737417511409149 0.0369371479377151 0.015811280766502 0.0078719953307882 0.0405611336231232 0.00515441161114723 0.0306648828089237 0.0394119387492537 0.123545732721686 0.0818599443882704 0.0694061296060681 0.118672803416848 0.115300232544541 0.197780590504408 0.176731334626675 0.202241750061512 0.116816725581884 0.0552891552448273 0.227148373425007 0.0902165420353413 0.0609853077679873 0.0977116383612156 0.239400915801525 0.30454323887825 0.252579481899738 0.265917558968067 0.238496063649654 0.175493122637272 0.275810989737511 0.256797032058239 0.249616564810276 0.328057877719402 0.404241147637367 0.556430560350418 0.478454884886742 0.357437813282013 0.324598278105259 0.316691648960114 0.287222509086132 0.280954048037529 0.317288361489773 0.413555380702019 0.472147953510284 0.301704798638821 0.465444692969322
0.0226156671531498 0.00593076966470107 0.0522139069624245 0.104051721841097 0.114253224059939 0.0619257852435112 0.131447855010629 0.111780657246709 0.0660456284880638 0.162819584459066 0.104015063121915 0.132514499127865 0.134250628203154 0.0839464224874973 0.0431898987852037 0.061917769163847 0.0428574215620756 0.0844860874116421 0.108858292549849 0.197576984018087 0.167356190085411 0.187158259749413 0.176830667257309 0.175028032064438 0.189909611642361 0.268891426920891 0.219201730191708 0.170361828058958 0.221263945102692 0.349324454367161 0.397482243180275 0.292277401685715 0.44468175470829 0.453261381387711 0.296839335560799 0.155128562450409 0.308424732089043 0.269659270346165 0.241622067987919 0.261388500034809 0.216772282123566 0.234101201593876 0.353666520118713 0.392733347415924 0.419666016101837 0.301591108739376
0.016965361777693 0.0082926269620657 0.0472210908308625 0.111593783646822 0.149652386456728 0.153857386112213 0.269090811908245 0.228090341389179 0.0571791322901845 0.0867390312254429 0.271195204555988 0.189021810889244 0.117466315627098 0.22026451677084 0.136265300214291 0.0769946739077568 0.096889104694128 0.140290684252977 0.124891410768032 0.110027287900448 0.103949658945203 0.168216742575169 0.224112366139889 0.183823969960213 0.121058231592178 0.211791446805 0.198962654173374 0.230048803985119 0.246909441053867 0.234663207828999 0.255234156548977 0.25576691031456 0.324106927216053 0.341314704716206 0.30856828391552 0.222399719059467 0.236811992526054 0.258136291801929 0.239821696281433 0.265491238236427 0.27240259796381 0.309390147030354 0.329502087831497 0.342733144760132 0.410722672939301 0.398591642081738
0.034261177573353 0.0241383767686784 0.0495674278587103 0.0527070971205831 0.0811663206666708 0.1390062071383 0.188082300871611 0.193985682725906 0.18013349622488 0.240460975468159 0.0881587702780962 0.117771036922932 0.124056446552277 0.0843373082578182 0.185342375934124 0.179134625196457 0.161823157966137 0.243937262892723 0.0511502465233207 0.180667538195848 0.0821063160896301 0.14735142365098 0.161886087059975 0.210647347569466 0.174499706923962 0.167724740505219 0.198794091492891 0.20245862454176 0.172268941998482 0.190229042619467 0.199282124638557 0.320858530700207 0.333807358145714 0.253361932933331 0.394851094484329 0.467428678274155 0.413849486410618 0.237669931352139 0.193875189125538 0.25562758743763 0.219694216549397 0.340218621492386 0.37094144821167 0.604429244995117 0.33294622451067 0.271547940373421
0.005034215352498 0.0250818100757897 0.106402780488133 0.106430345401168 0.0515062756836414 0.0556041275151074 0.0698984757065773 0.111650376394391 0.282309865951538 0.295751604437828 0.0952873062342405 0.121938624978065 0.0383616261184216 0.0772180765867233 0.0310861255973577 0.0664271254092455 0.174547916650772 0.169220380485058 0.195805852115154 0.209563457965851 0.0566969012841582 0.107399065792561 0.143624742329121 0.20631165355444 0.155034191161394 0.13952706605196 0.181979044526815 0.206325474381447 0.222134926915169 0.204631066322327 0.288970781862736 0.285900245606899 0.550980827212334 0.52299157679081 0.496890875697136 0.54776354432106 0.538314989209175 0.401692870259285 0.312279522418976 0.33048295378685 0.201669166982174 0.303081271052361 0.457822534441948 0.406029391288757 0.338766972720623 0.31681192368269
0.0612408231012523 0.104428899101913 0.102466557919979 0.192940630018711 0.23719836473465 0.172492299228907 0.157245725393295 0.198236437141895 0.200643281638622 0.201154567301273 0.214190991222858 0.23143649995327 0.0262737226672471 0.0478284670040011 0.0490473657846451 0.100735818222165 0.181820118427277 0.242109322547913 0.193168996274471 0.274609994888306 0.183921538293362 0.216481584310532 0.1385009534657 0.172291357070208 0.220898900926113 0.177454893290997 0.164288371801376 0.17746868878603 0.196088314056396 0.192832837998867 0.231029675900936 0.264398303627968 0.335495394468308 0.406471237540245 0.625406229496002 0.392256557941437 0.655913281440735 0.499977180361748 0.593723863363266 0.613772970438003 0.64323525428772 0.64585953950882 0.420046100020409 0.501649349927902 0.596330758929253 0.566513806581497
0.0869563901796937 0.0587227586656809 0.22439106926322 0.120668136328459 0.209526105970144 0.221590630710125 0.19414831995964 0.245693448185921 0.179595761746168 0.204879014194012 0.242983689904213 0.12581536732614 0.345790329575539 0.199474549293518 0.0609146401286125 0.0462407436221838 0.113832136243582 0.322983679175377 0.292652897536755 0.224368558824062 0.263942521810532 0.229644258320332 0.300249695777893 0.180252719670534 0.279346181452274 0.201154327392578 0.263784942030907 0.25684886276722 0.28629262894392 0.324445369839668 0.319797541201115 0.467839935421944 0.38236583173275 0.392664320766926 0.485345643758774 0.594036868214607 0.647535759210587 0.824238777160645 0.706035351753235 0.821895599365234 -9999 -9999 -9999 -9999 0.761296999454498 -9999
0.160142443329096 0.21377344429493 0.179647998511791 0.204204446077347 0.224858294427395 0.188649526238441 0.226070259511471 0.130361546576023 0.147314310073853 0.228558376431465 0.274545934796333 0.244814185798168 0.205783341825008 0.16258147880435 0.329711320996284 0.309055344760418 0.263891835510731 0.343402594327927 0.356520456075668 0.295901910960674 0.388718596100807 0.325078427791595 0.258370219171047 0.210244669020176 0.323066321015358 0.451648870110512 0.330583947896957 0.384496688842773 0.332038116455078 0.262881152331829 0.304031792283058 0.324243196845055 0.521259236335754 0.511291566491127 0.628491309285164 0.783864784240723 0.785019445419312 0.80815087556839 0.811768937110901 0.922072221338749 -9999 -9999 -9999 -9999 -9999 -9999
0.254514291137457 0.334335787594318 0.52871715426445 0.357923719286919 0.244021390378475 0.294794934988022 0.161603605747223 0.287994064390659 0.205893886089325 0.347974875569344 0.308249989151955 0.348855075240135 0.31567245721817 0.355911667644978 0.345585751533508 0.383814564347267 0.333630229532719 0.381267133355141 0.301579441130161 0.303489956259727 0.348592400550842 0.404999071359634 0.400023010373116 0.333429709076881 0.354274225234985 0.532755687832832 0.317097800970078 0.26938461214304 0.380366995930672 0.390142554044724 0.280870707333088 0.301007391512394 0.644671928882599 0.498768329620361 0.776693218946457 0.713149869441986 0.767470359802246 -9999 -9999 -9999 -9999 -9999 -9999 -9999 -9999 -9999
0.387964518368244 0.288788549602032 0.350191342830658 0.183344399929047 0.301748153567314 0.264032624661922 0.14135045260191 0.226808328926563 0.27001793384552 0.20991096496582 0.383762726187706 0.391229900717735 0.36048866212368 0.243448649346828 0.205393241345882 0.311823110282421 0.282793805003166 0.424237391352653 0.362388917803764 0.374208325147629 0.33241902589798 0.352012771368027 0.464350438117981 0.451219722628593 0.556704953312874 0.381202432513237 0.257613809406757 0.304012797772884 0.311833201348782 0.294930110871792 0.328044947981834 0.229255437850952 0.336646291613579 0.731534439325333 0.954190909862518 0.919100260734558 -9999 -9999 -9999 -9999 -9999 -9999 -9999 -9999 -9999 -9999
0.188524742424488 0.274446161091328 0.239564892649651 0.265763956308365 0.238344015181065 0.289462335407734 0.401604700088501 0.364381834864616 0.246599268913269 0.297732217609882 0.327616742253304 0.313932019472122 0.310550397634506 0.209347434341908 0.242329582571983 0.256154610216618 0.357888408005238 0.410255852341652 0.374157562851906 0.360503581166267 0.414267438650131 0.489104920625687 0.463077533245087 0.47015722990036 0.394512465596199 0.367804747819901 0.319084674119949 0.338052614033222 0.290491001307964 0.400075632333755 0.449048084020615 0.406777107715607 0.570878529548645 0.531744611263275 0.806394219398499 -9999 -9999 -9999 -9999 -9999 -9999 -9999 -9999 -9999 -9999 -9999
0.31816251128912 0.392851004004478 0.340595488250256 0.232223723828793 0.44232185781002 0.288607503473759 0.3975864559412 0.374881002306938 0.219390575587749 0.357890997827053 0.402616631984711 0.261986431479454 0.314663970470428 0.329696248471737 0.357358860969543 0.272549431025982 0.215666602551937 0.248786802589893 0.233421252667904 0.353378756344318 0.474060487747192 0.698770922422409 0.562436854839325 0.483969432115555 0.410390645265579 0.385204783082008 0.389133885502815 0.366243177652359 0.412310096621513 0.648079061508179 0.465176782011986 0.463732787966728 0.705484330654144 0.686929434537888 -9999 -9999 -9999 -9999 -9999 -9999 -9999 -9999 -9999 -9999 -9999 -9999
0.45935380756855 0.237708462774754 0.217435984313488 0.301469406485558 0.340351668000221 0.432957294583321 0.377601763606071 0.45154877603054 0.503209385275841 0.553735166788101 0.423076152801514 0.379847106337547 0.266443172097206 0.182468372583389 0.404931044578552 0.314421236515045 0.257494716346264 0.356134380400181 0.280997675657272 0.281166744232178 0.335844212770462 0.342826795578003 0.472448146343231 0.52272461950779 0.818437641859055 0.431229510903358 0.381744197010994 0.452566084265709 0.678815394639969 0.742097097635269 0.698052030801773 0.921587145328522 0.905101984739304 -9999 -9999 -9999 -9999 -9999 -9999 -9999 -9999 -9999 -9999 -9999 -9999 -9999
