Scripts_&_data/Maxent_result_files_2/B_distinguendus_2.asc
NCOLS 594 
NROWS 330 
XLLCORNER -15 
YLLCORNER 23 
CELLSIZE 0.166666666666667 
NODATA_value -9999 
[rows 200 to 219 of 330, columns 414 to 459 of 594]
0.000344828989182133 9.11436247406527e-05 0.000235992245143279 0.000274798995087622 0.000261013711860869 0.000256084142893087 0.000260965912457323 0.000283390330878319 0.000192117456754204 0.000218677205702988 0.000242177876498317 0.000211461571598193 0.000355176701850723 0.000320313217525836 0.000348924746504053 0.000469835645344574 0.00061117948644096 0.00067027199693257 0.000574988200241933 0.000733229350589681 0.00064158024470089 0.000698874487716239 0.000725050907931291 0.00080353974190075 0.000796235917368904 0.000484430219512433 0.000303569085372146 0.000429886353958864 0.000234443450608524 0.000212706463935319 0.000234755810015486 0.000266234390437603 0.000179972809564788 0.000204139776906231 0.000207088699244196 0.000494111062289448 0.000275316357874544 6.79554043927055e-05 0.000229007733651088 0.000199461992815486 0.000272791212773882 0.000296646495189634 0.000380090073304018 0.000320024877146352 0.000328032198012806 0.00030730592297914
0.00027225279918639 0.000280481565278023 0.00012204151826154 0.00019697801253642 0.000214902828884078 0.000160668545140652 0.000221717608656036 0.000237082927924348 0.000184573509613983 0.000266487759290612 0.000234390691184672 0.00024032604706008 0.000430692001827992 0.000348225090419874 0.000442132135503925 0.000432988924148958 0.000426508659438696 0.000449811200087424 0.000466555388993584 0.000514667433162686 0.000528830476105213 0.000571747255889932 0.000812373028020374 0.000663802173221484 0.000649695051833987 0.000315583284827881 0.000302475500211585 0.000160880429939425 0.0002005807342357 0.00019031742522202 0.000185935793706449 0.000264615947526181 0.000314525885914918 0.000174911585781956 0.000362880314060021 0.000391794931783807 0.000363737536099507 0.000302374233433511 0.000191717600318952 0.000210225237242412 0.000225189138291171 0.000231942324171541 0.000299770911806263 0.000217130982855451 0.000242284547130112 0.000249649623583537
7.76478427724214e-05 0.000122429623661446 0.000117476793093374 0.00017233051949006 0.000154259255941724 0.000146838266664417 0.000198803217062959 0.00019516787288012 0.000226675292287837 0.000250741648051189 0.00025914199759427 0.000233400961951702 0.000206690578488633 0.000268189134294516 0.000298343862959882 0.000327367660065647 0.000329853723087581 0.000336724847147707 0.000340765180590097 0.00040749545005383 0.000429693986370694 0.000444669462740421 0.000959954898280557 0.000480580242583528 0.000538145460450323 0.000584050927136559 0.000164396765103447 0.000140724975608464 0.000199454186076764 0.000210738625537488 0.000184403455568827 0.000254567102820147 0.000329841165512335 0.000269202770141419 0.000342651442042552 0.000317512534093112 0.000190382265282096 0.000172630714951083 0.000208344335624133 0.000176849503623089 0.000166994691790023 0.000204611424487666 0.00016149221737578 0.000135311201302102 0.000151664974328014 0.000160927311662817
8.79028086274047e-05 0.00013632949157909 0.000232715392485261 0.000146347242116462 0.000167384827000205 0.000154253607615829 0.000158660433953628 0.000151972816820489 0.000183268974433304 0.000178484770003706 0.000234586079386645 0.000179372312049964 0.000177112346500508 0.000197670183115406 0.00033899760019267 0.000250996028626105 0.000276903837220743 0.000313205647398718 0.000327089722122764 0.000312428683901089 0.000339005774003454 0.000426104188954923 0.000833745788258966 0.000422299919591751 0.000419955686811591 0.000568881279468769 0.000366102164844051 0.000172033093986101 0.000282521541521419 0.000246223867725348 0.000156064725524629 0.000189563530875603 0.000199247247292078 0.000176568389724707 0.000195919931866229 0.000190155002201209 0.000150536051478412 0.000203110836446285 0.000154345737610129 0.000161292725169915 0.000170807858739863 0.000127812658320181 0.000108957254087727 0.000100449859564833 8.51910848723492e-05 6.40790679426573e-05
0.000243991892784834 0.000228257827257039 0.000102831808908377 0.000148465634993045 0.000173206791077973 0.000166742059809621 0.000173147612440516 0.000167019889340736 0.000157038359611761 0.000150915507401805 0.000203865260482416 0.000153086840145988 0.000164150673299446 0.000175766075335559 0.000195450155297294 0.000221173273530439 0.000233072552146041 0.000248694590118248 0.000247016339199035 0.000222095772187458 0.000417231239407556 0.000398996115836781 0.000325676317879697 0.000345905121503165 0.000343164061632706 0.000372833332221489 0.000187343706056708 0.000186010785546387 0.000205365272267954 0.000233067625231342 0.000156092715042178 0.000207091650372604 0.000235527326731244 0.000124042846437078 0.000120964749658015 0.000134995500047808 0.000200124247567146 0.000177017809983226 0.000129505286713538 0.000128497227706248 0.000116031157995167 9.40937254199525e-05 8.32905830975505e-05 7.80819316787529e-05 7.30361259229539e-05 6.38953142697574e-05
0.000210314087598817 0.000239500810857862 0.000182209716149373 0.000144837955303956 0.000125370437672245 0.000124665208932129 0.000141220871955738 0.000132055295762257 0.000146230561949778 0.000153587861859705 0.000133079987062956 0.000148333856850513 0.000148459508091037 0.000158331977945636 0.000177100268774666 0.000196033641623217 0.000203862728449167 0.000215055961598409 0.000197919182028272 0.000190195626419154 0.000131093313757447 0.000267774188614567 0.000285824055026751 0.000279599951318232 0.000284079699849826 0.00028420666931197 0.000155160150461597 0.000168902338191401 0.000169350983196637 7.0507809141418e-05 0.000245442043524235 0.000242278292716946 8.20852837932762e-05 6.64387116557918e-05 0.000156569377941196 6.24128837444005e-05 7.88384924817365e-05 0.000102376111135527 0.000103039746500144 9.69177510341979e-05 8.14309296401916e-05 7.60104026994668e-05 8.19572284854075e-05 7.36181750653486e-05 7.5903959441348e-05 9.23935233004158e-05
0.000108478757101693 0.000104811159508245 0.000107335327265901 0.000105102439556504 7.97832037278567e-05 8.74498533448786e-05 9.35232281335629e-05 0.000125662105347146 0.000111103501512844 0.000150993902207119 0.000192600289665279 0.000126336162429652 0.000133872732840246 0.000149915850488469 0.000167013147438411 0.000182812575803837 0.000203310474535101 0.000193539476094884 0.000152711217742763 0.000150231179213733 0.000145018522016471 0.000188804395656916 0.000173389056726592 0.000196808737746323 0.0002473718363035 0.000232376896383357 0.00028887197986478 0.000162245686078677 0.000152983789666905 0.000107955703060725 0.000172280627157306 9.7384442051407e-05 0.000116223908844404 0.000191856557648862 6.34230531431967e-05 1.3038698125456e-05 9.56150372076081e-05 9.27525688894093e-05 7.08397155904095e-05 7.01661554558086e-05 5.07734694110695e-05 4.21383624143346e-05 5.51941500816611e-05 6.03668655458023e-05 6.89150630023505e-05 6.86277207023522e-05
6.78477012115764e-05 8.56189588375855e-05 6.29940819635522e-05 5.76451574488601e-05 6.19843811364262e-05 9.0721119340742e-05 9.71002824371681e-05 0.000117646217768197 0.000110059730650391 0.000151578946315567 0.00013864705870219 0.00010666173784557 0.000124364729163062 0.000140876244222454 0.000162714151156251 0.000163207299192436 0.000155297158562462 0.000146194606713834 0.000124085915194883 0.000116247024561744 7.90550802776124e-05 6.268072866078e-05 7.08251308424224e-05 8.02665452283691e-05 0.000166582697784179 0.000162409720724099 9.33115505176829e-05 9.86556948191719e-05 0.00011115365959995 0.000128592786131776 9.64041970291873e-05 4.29753142270783e-05 0.000141113318386488 4.89312045829138e-05 9.82411702352692e-05 6.06049110501772e-05 7.35354224161711e-05 4.88668096295441e-05 4.57629997981712e-05 3.51626348674472e-05 3.16663048579358e-05 2.87063036012114e-05 2.91472891603917e-05 4.18704622006771e-05 5.35597918315034e-05 5.52410644559131e-05
3.55550155290985e-05 3.65885899554996e-05 3.57402701411047e-05 3.64106525012176e-05 5.54637397726765e-05 7.23237304555369e-05 8.76104772032704e-05 0.000108807575816172 8.45260385176516e-05 8.42183007989661e-05 8.93612839718116e-05 9.23335564948502e-05 9.1639393758669e-05 9.71196413956932e-05 0.000122057677617704 0.000121383352234261 0.000115737715168507 0.000112882453868224 0.00011233161585551 0.000104505039053038 0.000103204705919779 6.43252486952406e-05 4.49688174740004e-05 5.62353786335734e-05 0.000120672878983896 0.00012809229810955 0.000128566472449165 0.000117612198664574 5.03550921166607e-05 3.87630038858333e-05 5.78619905354572e-05 6.73664804708096e-05 8.49421790917404e-05 7.6465266647574e-05 4.52766239504854e-05 4.7577921031916e-05 5.74933541429345e-05 4.53357712103752e-05 4.63135143036197e-05 3.30740537265228e-05 3.11148499349656e-05 3.96902023112489e-05 4.20096102061507e-05 3.83049508855038e-05 4.3461523773658e-05 4.00771598833671e-05
3.7932655413897e-05 3.251199323131e-05 2.30741730320005e-05 1.72703359567095e-05 2.77041252047638e-05 5.92789091570012e-05 7.47571266401792e-05 6.90967768605333e-05 6.99271856319683e-05 6.87902811478125e-05 6.46817898996232e-05 5.85124195822573e-05 6.90746521286201e-05 7.16427683073562e-05 7.95398313130136e-05 8.40621814859333e-05 0.00010531449370319 9.7913502031588e-05 0.000102825005160412 9.29681094930857e-05 9.70299064647406e-05 9.40812200497021e-05 5.86547690545558e-05 5.63645104193711e-05 9.72489706327906e-05 8.40368104036315e-05 8.06621959782206e-05 0.00010403624492028 6.77445124892984e-05 0.000150949009184842 5.04026022099424e-05 3.51359146407049e-05 3.3843466280814e-05 4.37543470070523e-05 0.000134903942489473 0.000179539933014894 7.12257455234067e-05 4.37656700341904e-05 6.621470056416e-05 2.37743382513145e-05 2.18644463075179e-05 2.45262516727962e-05 3.5330167520442e-05 2.64494378825475e-05 2.27248034661898e-05 2.76155018582358e-05
3.42428876138001e-05 2.2155039550853e-05 1.28269254673796e-05 3.01725660392549e-05 3.31611784986308e-05 5.27186864019313e-05 4.90930533487699e-05 4.29000579970307e-05 5.52239076569094e-05 4.8910484474618e-05 4.23692613367166e-05 4.9553182998352e-05 4.79632836686505e-05 5.08451177665847e-05 4.88307115119824e-05 4.9129305898532e-05 5.9336043705116e-05 8.20507450043806e-05 7.77350542193744e-05 8.24059065053007e-05 9.05837996469927e-05 8.43152150991955e-05 7.3905384488171e-05 6.42107742351072e-05 6.88316340529127e-05 6.78780663292855e-05 7.00095304637216e-05 7.87217835750198e-05 4.56120757007739e-05 0.000271296301070834 0.000183438715248485 2.70825184998102e-05 9.52524738750071e-05 9.29673688006005e-05 0.00014331752927319 0.000141635978434351 2.18260373912926e-05 1.65948203630251e-05 1.97646746983082e-05 1.57012172849136e-05 1.31364149183355e-05 1.30636330823108e-05 1.79565765620282e-05 1.65800135846439e-05 1.58301076453427e-05 1.44895581343008e-05
1.86821722309105e-05 1.23122888680882e-05 1.54622637182911e-05 2.11208069231361e-05 2.30836555147107e-05 2.47040356498474e-05 3.02212954920833e-05 3.22524207149399e-05 3.39298892868101e-05 3.48827987636469e-05 3.27548636505526e-05 3.44240764206916e-05 3.68258171874913e-05 3.53044200892327e-05 3.46801608884562e-05 3.67030945199076e-05 4.2519059843471e-05 4.1422609865549e-05 4.54305400126032e-05 4.87221243020031e-05 5.96683791627584e-05 6.67953100673913e-05 7.24056792023475e-05 6.62710519463872e-05 5.79267450120824e-05 7.75618167608627e-05 4.881712329734e-05 5.35557902367145e-05 4.35924900557438e-05 8.35286247820477e-05 0.00013591945207736 6.62570986605715e-05 0.000103723218126106 5.17396094437572e-05 8.8972037201529e-05 3.10870715566125e-05 1.35918592604867e-05 1.42440278523281e-05 1.05141385802199e-05 9.99362223410571e-06 9.7883449825531e-06 1.21133277389163e-05 1.19835863870321e-05 1.07999655597268e-05 1.0230320390292e-05 7.68774233392833e-06
9.41104624416766e-06 8.55878919310271e-06 1.45258690963601e-05 1.68354330753573e-05 1.80318765160337e-05 2.22195617425314e-05 2.62488018961449e-05 2.43793082063348e-05 2.3313923020396e-05 2.38240601447615e-05 2.26676831971417e-05 2.26569435653801e-05 2.14104597944242e-05 2.16746318074001e-05 2.45128424012364e-05 2.53858149335429e-05 2.8932192526554e-05 2.87936722088489e-05 2.98653330901288e-05 3.09375736833317e-05 3.37980449330644e-05 4.41438417510653e-05 4.5506274636864e-05 4.42006348748691e-05 3.30782364926563e-05 4.27693106757943e-05 2.78275008895434e-05 2.94250492515857e-05 3.23160296375136e-05 7.14235198756796e-05 6.05484930019884e-05 4.85792201288859e-05 9.03870102774817e-05 4.00277846893005e-05 3.21099313623563e-05 1.67214455359499e-05 1.47335144674798e-05 1.16110584485796e-05 1.16391717028819e-05 1.10166802414824e-05 9.53768974341074e-06 9.74245079987668e-06 8.77297177339642e-06 7.93374548493375e-06 6.10743454672047e-06 6.23096378831178e-06
9.43456345794402e-06 8.31190668577619e-06 1.25138209568831e-05 1.53446982039895e-05 1.87937839655206e-05 1.91835679743235e-05 2.23861818540172e-05 1.96872885680932e-05 2.08079596177413e-05 1.80631607008763e-05 1.85685118594847e-05 1.88747597121619e-05 1.62496490020203e-05 1.45545502164168e-05 1.68493932051206e-05 1.89543158285232e-05 1.76856542111636e-05 1.97036334611767e-05 2.42811554926448e-05 3.71825952242943e-05 3.70110499716247e-05 2.22182411562244e-05 3.77053373085801e-05 2.58933355780755e-05 2.085147998514e-05 2.99142239327921e-05 2.85075185274764e-05 0.000112198422539223 9.90578504570294e-05 0.000126635760898353 0.000153871884685941 8.77218473760877e-05 7.75141958911263e-05 8.44989672714291e-05 1.85544678060978e-05 1.32887528025094e-05 1.46216117173026e-05 1.13791492140081e-05 7.45287758263657e-06 8.32408926498829e-06 8.17507988131183e-06 7.014262746452e-06 6.69989054813414e-06 6.98524703466319e-06 5.40984523240695e-06 4.65445680788434e-06
7.34145110072859e-06 8.87690855506662e-06 1.10312372498811e-05 1.16199555350249e-05 1.51792787846716e-05 1.49069430790405e-05 1.70016026231679e-05 1.46426091532703e-05 1.72033707031005e-05 1.64788056281395e-05 1.57831807428011e-05 1.38768748456641e-05 1.39804941454713e-05 1.37980080353373e-05 1.43501689080949e-05 1.63557028827199e-05 1.80262308276724e-05 1.90320723959303e-05 2.47563227731007e-05 0.000149814102042001 0.000138710683313548 8.74816396390088e-05 1.83916020887409e-05 1.81442545908794e-05 1.83459824029342e-05 2.30789048600855e-05 1.9584029678299e-05 2.23680219278322e-05 2.60638054442097e-05 6.31047477327229e-05 7.83959525506361e-05 5.18289558385732e-05 4.54108940175502e-05 5.89050606322417e-05 2.22773236146168e-05 6.38705892015423e-06 1.17107046207821e-05 1.06241400089857e-05 1.35925876293186e-05 7.70227914017596e-06 6.94807463332836e-06 7.70325603980382e-06 6.42644433810347e-06 5.8962482626157e-06 4.114560636026e-06 4.07588331086117e-06
8.48081262461164e-06 9.86567333711719e-06 1.15944841127202e-05 1.15070852643839e-05 1.5109982678041e-05 1.38007871100854e-05 1.52101298453999e-05 1.62232481443425e-05 1.7316631237918e-05 1.57412717726402e-05 1.35105015942827e-05 1.17915081318642e-05 1.18724986123198e-05 1.23528698622977e-05 1.19383442324761e-05 1.39157228204567e-05 1.64226169317772e-05 1.63120894740132e-05 3.6934904892405e-05 0.000103594139000052 0.000108398531301646 0.000117762067020521 2.06481824534421e-05 1.2565993665703e-05 1.29693626604421e-05 1.3817540866512e-05 1.45063893342012e-05 9.86383715826378e-06 1.5206814123303e-05 3.00080211218301e-05 4.93931168421113e-05 4.67613474029349e-05 4.84125764160126e-05 2.72470283107396e-05 3.11407581193635e-05 3.21290154261078e-05 4.45256541297567e-05 5.92386780908782e-06 1.18848737884036e-05 1.30597546331046e-05 8.25421401486892e-06 7.73362851305137e-06 6.76490549267328e-06 4.67832635422383e-06 4.46654059373941e-06 3.3004729800723e-06
1.54210924165454e-05 6.55427222113758e-06 8.61785806023363e-06 1.1827052139779e-05 1.02480092209589e-05 9.74242761913047e-06 1.18120310617087e-05 1.29351696159574e-05 1.4164439085107e-05 1.44006850405276e-05 1.16468710984918e-05 1.07338400312074e-05 1.1138801096422e-05 1.12331727677883e-05 1.16049567395748e-05 1.25362115340977e-05 1.47392785947886e-05 1.36797156301327e-05 5.9686679742299e-05 8.42167297378182e-05 8.93004491445026e-05 6.40476477201446e-05 5.86402216868009e-05 1.70704496213148e-05 7.39446638817753e-06 8.07481566198476e-06 8.19310397446316e-06 1.29094290286957e-05 9.99820215383807e-06 1.68422210435892e-05 1.34762417474121e-05 1.18121466130106e-05 1.26978592788873e-05 2.15354563010806e-05 3.28642920294442e-05 4.91247239665427e-05 4.49207580459188e-05 2.08174015369877e-05 1.56676169126513e-05 5.97821550627486e-06 5.42142428230363e-06 8.7931959569687e-06 4.78853787058142e-06 6.08666532571078e-06 3.49672567381276e-06 2.65244375441398e-06
1.8068173494612e-05 6.39141111946628e-06 7.27898230934443e-06 7.51120878135225e-06 7.9438462194048e-06 8.79037762615553e-06 8.80764426938185e-06 9.52095081174775e-06 1.25432117556556e-05 1.26822290667405e-05 1.08447518414323e-05 9.98040200101968e-06 9.53909841427958e-06 1.03178446352103e-05 1.09981003788562e-05 1.11463101120535e-05 1.22082462894468e-05 1.13534936417636e-05 1.99967499156628e-05 6.56025356875034e-05 8.1998274072248e-05 8.09738246971392e-05 0.000104682529672573 1.33566783915739e-05 9.39149274472584e-06 4.94012632543672e-06 7.47210584677305e-06 5.59076821673443e-06 4.15315306270259e-06 6.70706407390753e-06 7.5800077979693e-06 7.47711503663595e-06 6.97215479021907e-06 7.19943016065372e-06 1.95760496694675e-05 9.66470137200304e-06 1.90654362882015e-05 3.81952677798836e-05 1.83909668066917e-05 1.26048263382472e-05 1.39533382480295e-05 1.01866316981614e-05 4.1921550234747e-06 4.37828379062921e-06 2.73702170829893e-06 2.14124966362306e-06
2.15962665606639e-05 8.52692377293351e-06 1.08190028868194e-05 7.52514769715162e-06 7.70846167483796e-06 6.9023964272219e-06 9.54664196797239e-06 8.67834540940748e-06 9.27684359339764e-06 1.12859127057163e-05 9.46037496305507e-06 9.03594218470971e-06 7.81680943191532e-06 8.42449423998914e-06 9.67834564562509e-06 1.00003864190512e-05 1.06622033172243e-05 9.6966983846869e-06 6.59787955328284e-06 1.16098868375047e-05 2.4522292187612e-05 1.29509579892328e-05 5.95602269868323e-06 5.03562353060261e-06 4.75316264214598e-06 4.76296735314463e-06 5.50423446838977e-06 4.44488531456955e-06 3.05762474965832e-06 2.59733520522332e-06 2.62207862249397e-06 2.70923676168877e-06 2.58508559340953e-06 2.97738656627189e-06 5.92921346083131e-06 7.0569939566667e-06 1.64412799676938e-05 1.88869670637359e-05 3.88476572879881e-05 3.43868647632917e-05 2.53799650181463e-05 1.58748088324501e-05 5.78645111204423e-06 2.75493186165932e-06 2.04543065365215e-06 1.73782221395413e-06
-9999 2.13991959299165e-05 1.46676970416593e-05 1.15813676075049e-05 1.02983693977876e-05 1.18152710456343e-05 1.19932023153524e-05 1.14106849878226e-05 8.69525961206819e-06 7.90439119100483e-06 8.49648936309677e-06 6.57848645460035e-06 6.01128375592452e-06 6.85616835198744e-06 8.68954572297298e-06 8.95679959285189e-06 8.72317652920174e-06 6.75311223403696e-06 5.78858326889531e-06 4.48305032705321e-06 4.68218640321538e-06 4.76888347975546e-06 4.58462674259863e-06 3.37806759489467e-06 2.89897765242131e-06 3.03734079807327e-06 3.18758309276745e-06 2.02644199589486e-06 1.83399303068654e-06 2.16803104251539e-06 2.19752824932584e-06 1.79855169335497e-06 1.99599868153655e-06 2.04420063312227e-06 3.20485635256773e-06 2.93060453202543e-06 2.66785429516858e-06 9.36463729885872e-06 1.08427832913094e-05 4.07309021284163e-05 6.1629095216631e-05 3.49308713339269e-05 1.86774638450515e-05 4.21183218008991e-06 1.88697943315219e-06 1.54835004479992e-06
