Scripts_&_data/Maxent_result_files_2/B_distinguendus_2.asc
NCOLS 594 
NROWS 330 
XLLCORNER -15 
YLLCORNER 23 
CELLSIZE 0.166666666666667 
NODATA_value -9999 
[rows 240 to 259 of 330, columns 368 to 413 of 594]
0.00330074300291017 0.00312619924079627 0.00473559212405235 0.00170938420342281 0.0018920696049463 0.000623344557243399 0.00127283108886331 0.00749448467977345 0.01556366821751 0.00899998536333442 0.0135843463242054 0.0112533205188811 0.0171586938202381 0.0679722420871258 0.0194658034481108 0.000113700623478508 -9999 -9999 -9999 -9999 -9999 -9999 -9999 -9999 -9999 -9999 -9999 -9999 -9999 -9999 -9999 -9999 -9999 -9999 -9999 -9999 -9999 -9999 -9999 -9999 -9999 -9999 -9999 -9999 -9999 5.52202107328981e-07
0.00267725201556459 0.00322475268039852 0.00301178793888539 0.00140676672453992 0.0019453376531601 0.00176509081502445 0.00564126069657505 0.0142756782472134 0.00629863741341978 0.00656413519755006 0.00859686187468469 0.00189591348753311 0.00836682026274502 0.0247597702778876 0.0160445963032544 0.000581914710346609 -9999 -9999 -9999 -9999 -9999 -9999 -9999 -9999 -9999 -9999 -9999 -9999 -9999 -9999 -9999 -9999 -9999 -9999 -9999 -9999 -9999 -9999 -9999 -9999 -9999 -9999 -9999 -9999 -9999 1.17300702484613e-06
0.00202717882348225 0.00207584891468286 0.000598369684303179 0.000388368996209465 0.000445542979286984 0.000352241127984598 0.000764382144552656 0.000554261526849587 0.000163058258476667 0.000661803691764362 0.00091886559384875 0.000568738277070224 0.00853654318489134 0.0965419419109821 0.0328282097354531 0.00186325492104515 0.000170500432795961 -9999 -9999 -9999 -9999 -9999 -9999 -9999 -9999 -9999 -9999 -9999 -9999 -9999 -9999 -9999 -9999 -9999 -9999 -9999 -9999 -9999 -9999 -9999 -9999 -9999 -9999 -9999 -9999 2.5907536013392e-06
0.000924596402910538 0.000696519453777 0.000290329042763915 0.000154098818893544 0.000248033102252521 0.000300678041821811 0.000262963051500265 0.000182690633664606 0.000562944037665147 0.000340585609956179 0.00084941694221925 0.000368138654448558 0.00179005289683118 0.0106564193964005 0.0750141557306051 0.00650344011373818 0.000330005772411823 0.000346065785561223 3.19693798473963e-06 5.04619858475053e-05 1.89063079233165e-05 1.57863266394997e-05 -9999 -9999 -9999 -9999 -9999 -9999 -9999 -9999 -9999 -9999 -9999 -9999 -9999 -9999 -9999 -9999 -9999 -9999 -9999 -9999 -9999 -9999 -9999 1.95751007140643e-05
0.000307379527657758 0.00038958962977631 0.000873789278557524 0.000451397529104725 0.000353362379246391 0.0002649737012689 0.00020417918349267 0.000178985569800716 0.000139754058545805 0.000195070078189019 0.000659343056031503 0.000474245364603121 0.000256548890320119 0.00127397947944701 0.00458501710090786 0.0489049095660448 0.00166885643266141 0.0005281550984364 5.4825091319799e-05 2.84991792014466e-06 5.74529027289827e-05 0.000148700660793111 3.91928381588968e-06 3.81858665718937e-06 -9999 -9999 -9999 -9999 -9999 -9999 -9999 -9999 -9999 -9999 -9999 -9999 -9999 -9999 -9999 -9999 -9999 -9999 -9999 -9999 -9999 -9999
0.000132341923381318 0.000384357979055494 0.00130621035350487 0.00178702062112279 0.000517159450100735 0.00030533670069417 0.000160898829926737 0.000121816558385035 9.94875343167223e-05 0.00011518121973495 0.000216336015728302 0.000851292727747932 0.00164186125039123 0.000982171320356429 0.000749373395228758 0.00981018464080989 0.0247705299407244 0.00112297660962213 0.00012954169724253 0.000105141724998248 5.72912975258077e-05 8.85129864400369e-05 8.64251896928181e-05 9.38429702728172e-06 -9999 -9999 -9999 -9999 -9999 -9999 -9999 -9999 -9999 -9999 -9999 -9999 -9999 -9999 -9999 -9999 -9999 -9999 -9999 -9999 -9999 -9999
0.000213868198625278 0.000242431512742769 0.000912760151550174 0.00232010910985991 0.00256470472086221 0.00188779698801227 0.000331765531154815 0.000144635634569568 0.00014393158708117 0.000176881938386941 0.000146564685564954 0.000236507842055289 0.00131503090960905 0.00435271456371993 0.000547576989629306 0.000215237363227061 0.000973088084720075 0.0187788380309939 0.00510324183851481 0.000884127907920629 0.0134820563253015 0.0121943088248372 0.0487724740058184 0.00751872989349067 0.0515605129301548 9.30594138480956e-05 -9999 -9999 -9999 -9999 -9999 -9999 -9999 -9999 -9999 -9999 -9999 -9999 -9999 -9999 -9999 -9999 -9999 -9999 -9999 -9999
9.99257619696436e-05 0.000245363845169777 0.00100119181734044 0.00214736449997872 0.002113557246048 0.00235190459061414 0.00246218043612316 0.000369088535080664 0.000444032189261634 0.00105529893189669 0.000493425672175363 0.000385282041679602 0.0013768864562735 0.00452354005537927 0.00330803658580407 0.000494898069882765 0.00029786510640406 0.000685386668192223 0.00177201207261533 0.00936155165545642 0.00603515109978616 0.00873450338840485 0.0161960249766707 0.0340617215260863 0.0340800853446126 0.0711379315704107 0.000599821659852751 2.75242975931178e-05 -9999 -9999 -9999 -9999 -9999 -9999 -9999 -9999 -9999 -9999 -9999 1.04285767747569e-05 3.0690658468302e-05 4.96748742989439e-05 9.50054225086205e-06 0.000206791279197205 6.27937086392194e-05 0.000100967670186947
0.000221646980935475 0.000229487298202002 0.000445095768372994 0.00107562765479088 0.000533395995444153 0.0015307306079194 0.00219539469107986 0.000212571621523239 0.000189977611444192 0.000287718826439232 0.000677527356310748 0.000315774115733802 0.000553382223006338 0.00051336927281227 0.00107397437095642 0.00162350953323767 0.00177291479194537 0.000843619360239245 0.000200248554028803 0.000272728230629582 0.000450973864644766 0.000721181067638099 0.000946510810172185 0.00248873617965728 0.00511470419587567 0.0188998899422586 0.0903897941112518 0.0462747771292925 0.0024836552911438 0.00145647503668442 0.000369788682291983 8.60441075928975e-05 4.60260917861888e-05 -9999 6.23931680365786e-06 1.41251193213066e-06 6.0749139379368e-06 3.04541693729732e-07 1.14073373993051e-05 2.1534667484957e-05 1.69622550743043e-05 0.000131602636247408 8.66101545398124e-05 0.000338439871848095 0.00281490627676249 0.00216018196661025
0.000168729376309784 0.000220387152512558 0.000505765169509686 0.000355696410406381 0.000511327804997563 0.00164104653522372 0.00200482662185095 0.000314094536588527 0.000180746564728906 0.000144006701884791 0.000237398513854714 0.000351140872226097 0.000280116009525955 0.000706224216264673 0.00118561777053401 0.000782887928653508 0.00123487241216935 0.00062288667249959 0.000248009599454235 0.000238735895982245 0.00024959481525002 0.000220460554555757 0.000367463743896224 0.000941161374794319 0.000519173359498382 0.00220098184654489 0.0112724851816893 0.00211667005205527 0.0677775241434574 0.00462086836341769 0.00471558847930282 0.0275579689070582 0.0288719695061445 0.0074082578998059 0.000332795023132348 3.11815335408028e-05 3.18045427093239e-05 2.93814880024001e-05 1.19863679060472e-05 7.2791051366039e-05 0.000129766259487951 0.000215863218181767 0.000628453739045654 0.00144658654462546 0.00701763075776398 0.00566551559604704
0.000469667451397981 0.000358726023114286 0.000401238322956488 0.00105467674147803 0.000789388988050632 0.000453781450050883 0.000262555795779917 0.000222731183021097 0.000142298343416769 9.081707430596e-05 9.36172153160442e-05 0.000176834240846802 0.000492955741356127 0.000337113281420898 0.000746691282256506 0.000710383054683916 0.000303234211605741 0.00113018487463705 0.000214565618080087 0.000151346065831603 9.6697582557681e-05 7.47559488445404e-05 6.58178449157276e-05 0.000132223308537505 0.000310450776305515 0.000695687150437152 0.00195688874227926 0.00177921493304893 0.0188765676692128 0.0447853475809097 0.0218838890083134 0.0245854454115033 0.0158570845611393 0.00635449185501784 0.111943331360817 0.0279799029231071 0.0020440888532903 0.00036980650620535 7.62290835155e-05 0.00030286422734207 0.000443708684179001 0.000658779157674871 0.00135190718865488 0.00205886259791441 0.0011703430704074 0.000877024454530329
0.000196597765170736 0.000659431744134054 0.000562974083004519 0.000658219290198758 0.000383605746901594 0.000205158977041719 0.000102155184322328 0.000172363460296765 0.000123522400826914 9.36844808165915e-05 4.00654383156507e-05 8.63785237015691e-05 0.000153380730262143 0.000806410805671476 0.000401393583160825 0.00032134439679794 0.000280087670398643 0.000419360045634676 0.000132270792528288 0.000152459495802759 6.55885323794791e-05 3.98013666199404e-05 3.62994789611548e-05 3.28729859575105e-05 2.21999586756283e-05 0.000358937417331617 0.00120513273286633 0.00151134512270801 0.000931403381400742 0.00145836609881371 0.000807365187210962 0.00051085113955196 0.00124088992015459 0.000651130574988201 0.00677075067069381 0.0173913095146418 0.0170127993449569 0.0477260502055287 0.00776891275309026 0.00178536667954177 0.00120718146208674 0.00144179339404218 0.00387955197365955 0.00762203340418637 0.00060739160689991 0.000214925623004092
0.00020079019232071 0.000444665472605266 0.000731500415713526 0.000268693201360293 0.000171398349630181 0.000151171800098382 0.000148009364056634 0.000268082002003212 8.69804332978674e-05 9.93176450720057e-05 9.57433545409003e-05 0.000137413421180099 0.000128899768606061 0.000151098018977791 0.000266567809740081 0.000161231181118637 0.000205174845905276 0.000180348385038087 8.1480671724421e-05 5.51000149243919e-05 4.05966766265919e-05 1.7510609245619e-05 1.76092819401674e-05 2.87845013190235e-05 2.14817449432303e-05 2.41400845425233e-05 3.20076057050755e-05 0.000271421626166557 0.000793489374336787 0.00108415317954496 0.00136116982903332 0.00122952538658865 0.000972651079064235 0.000674463080940768 0.000842661800561473 0.00294532421976328 0.00067715362238232 0.00302216034615412 0.00502460387069732 0.00446527013555169 0.0022981995716691 0.00544511331245303 0.00298999388469383 0.0005278347976855 8.68841814735788e-05 8.10210036661374e-06
0.000391527854662854 0.00135503351339139 0.000485567186842673 0.000314494232588913 0.000282032062386861 0.000289585324208019 0.000171537169080693 0.000171390987088671 0.000178272328048479 0.000151496878243051 0.000135660161322448 6.93502048306982e-05 0.000175733712239889 9.73673213593429e-05 0.000367729303252418 0.000337749968457501 0.000113254979805788 7.87867091275984e-05 7.81443857704289e-05 9.13850566576002e-05 6.96550854627276e-05 3.66355979167565e-05 2.16040855775645e-05 3.11203627916257e-05 2.79513577879698e-05 2.3567850848849e-05 7.44388225939474e-06 2.59195962257763e-05 3.06479177311303e-05 5.92633323293512e-05 0.0601404770277441 0.000157649374159519 0.000157688134640921 0.000542226697143633 0.00223125740885735 0.000816171130281873 0.0035354244755581 0.000968183652730659 0.000609314092434943 0.00136902336962521 0.0024018177529797 0.0010561233444605 0.000125937072880333 4.52940743343788e-05 6.19697348156478e-05 2.15421602661081e-05
0.000129027536604553 0.000132871167443227 0.0004020357853733 0.000422611206886359 0.000188490116852336 0.000232424627029104 0.000282448860525619 0.000228789796528872 0.000153593208960956 9.32239277972258e-05 0.000100672108965227 0.000108453191569424 0.000149234174750745 0.000182307545037474 0.000721206210437231 0.000502283973037265 0.000443709061073605 0.000246519527718192 0.000195008694572607 0.000129827760611079 6.87649837345816e-05 7.10633943526773e-05 4.51034335128497e-05 3.50792546669254e-05 2.99688022096234e-05 1.9565898401197e-05 5.47946023061741e-06 6.35791016065923e-06 2.12459888189187e-06 1.42003677687796e-06 1.07459688905021e-06 4.56789451845907e-06 6.65822736891641e-06 3.86429975151259e-05 0.000101493697729893 0.0001225875075761 0.000248135770380031 0.000125614299395238 0.00140268405084498 0.0011875819589477 4.89403276333178e-05 1.6144391665307e-06 8.33911514064312e-07 5.06452286330727e-07 2.32795823080778e-06 6.30631213880406e-06
0.000234865590755362 5.33697324499371e-05 0.000155237570288591 0.00023787314130459 0.000250069332832936 0.000346296779753175 0.000384817166195717 0.000263435566739645 8.0091390736925e-05 0.000105489804445824 0.000110382008824672 0.000134083803277463 0.000139860021590721 0.000275197315204423 0.000160033527208725 0.000312648781982716 0.000144748823004193 0.000425384291156661 0.000327406887663528 0.000348154280800372 0.000453673923038878 0.000105887587778852 4.28278108302038e-05 1.53547477111715e-05 2.71502609336949e-06 2.33959503361802e-06 1.25452155543826e-06 5.33753882336896e-07 6.9811387959362e-07 4.42187151605822e-07 2.98596438952359e-07 4.04069133352891e-07 3.36435460468465e-07 1.49755289271525e-06 2.78132828270827e-06 6.30906193919145e-06 9.69888994859502e-06 2.53394821811526e-05 3.27331506923656e-05 5.21864743063816e-06 5.77123255141032e-07 1.99836142300569e-07 1.52738058911694e-07 1.91275342142916e-07 2.41600392669739e-07 1.04051827634066e-06
2.97109651910432e-05 0.000126068702957127 0.000327597820432857 0.000419269646226894 0.000418576218362432 0.000359532557195052 0.000326374004362151 0.000174610927933827 0.000360279701999389 0.000415261686430313 0.000200744562607724 0.000233411332010292 0.000145632166095311 0.000239500998577569 0.000216482654650463 0.000189575455442537 0.000124427169794217 0.000168482547451276 0.000248514110717224 0.000134284147861763 0.000228174215590116 0.000113224781307508 0.000229178601875901 7.49541617551586e-05 1.03186064052352e-05 4.01557635427707e-06 2.04855038532514e-06 8.75490286489367e-07 1.22394008528204e-07 1.43039934918932e-07 5.55116866252092e-08 1.24296917380917e-07 4.68408531517639e-08 3.70524936954553e-08 6.37050656671079e-08 1.00007925318835e-07 1.83835259903731e-07 5.37900489927523e-08 6.77478404043086e-08 7.40874207316722e-08 8.42306397519366e-08 7.62703656675967e-08 7.10116175639541e-08 7.12041839268096e-08 6.82191707124247e-08 9.46413392544088e-08
0.000149491371121258 7.91845213825582e-05 0.000135482381301699 0.000106431218955549 0.000352803494024556 0.000502928197965957 0.00018168364331359 0.000522770336829126 0.00123222482507117 0.000234324487973936 0.000240098481299356 0.000269975206174422 0.000192243739729747 0.00021597644299618 0.00017567149043316 6.73125006869668e-05 6.6763116956281e-05 5.57294399186503e-05 6.11523861152818e-05 4.14965684285562e-05 8.78046401339816e-05 2.57603436693898e-05 1.17367616212505e-05 7.17118202828715e-06 1.84125769493448e-06 2.44050377204985e-06 9.57259449307912e-07 5.28075529082628e-08 1.80377530356601e-08 1.92181472069564e-08 2.28157728487943e-08 1.66741310980711e-08 2.36223781868716e-08 2.58217051518628e-08 3.20325882707806e-08 3.60299576840362e-08 2.666352053593e-08 2.43837028235383e-08 3.59496159285655e-08 4.24828853429204e-08 3.67160180037018e-08 3.89579838167009e-08 5.09769717105257e-08 5.90948858958384e-08 4.73752789886817e-08 5.34374701821605e-08
4.92885699713952e-05 0.000453030760399997 9.96713057247689e-05 0.000158373909653164 0.000182562901318306 0.000127873416204238 0.000138013021933148 0.000183265831583412 0.000201413023023633 0.000440467242151499 0.000266120901505929 0.000312237680191174 0.000206740562134655 0.00022365792610799 0.000141464036278194 7.91312737419503e-05 7.56252691644477e-05 0.000260047443589428 6.28233181487303e-05 7.12680059223203e-05 3.2250203366857e-05 4.55894811238977e-05 2.07147646960948e-05 7.332577453667e-07 9.05402314899106e-08 3.66922000338832e-08 6.03616842731469e-08 4.04708058621139e-08 2.10451275073353e-08 1.68007533773995e-08 1.29696737238838e-08 9.92293197610294e-09 1.09180437579681e-08 2.1224696655775e-08 1.93305480622463e-08 2.19431273595916e-08 2.08485928632207e-08 1.93932490288873e-08 1.89339937395339e-08 3.5505258311197e-08 3.79232868219503e-08 4.87714931107774e-08 6.69376142070632e-08 4.77112934049728e-08 3.7270932040645e-08 2.38545171726834e-08
1.11530605408916e-05 1.53729277826642e-05 4.30948814027943e-05 2.98168784865993e-05 8.41219114590785e-05 0.000348687822406646 0.000169133442250313 0.000255655075307004 0.000146041997868451 0.00011043467966374 0.000141781907223049 0.000280816515441984 0.00339135676622391 0.0010955250239931 0.000164345639495878 0.000231043080566451 3.65645620149735e-05 9.60158700763714e-05 9.34119110752363e-05 5.19696568517247e-05 9.07677851500921e-05 9.91295575659024e-05 0.000147839389319415 2.82337187400117e-05 1.5825091459476e-07 2.60278825381377e-08 2.44872481736103e-08 3.4736932796875e-08 1.34798192052976e-08 1.33933481305526e-08 1.0393873350889e-08 9.15468963968991e-09 1.23236244098379e-08 3.74983489148661e-08 2.29386406536136e-08 7.29422076517494e-08 1.99399446731974e-08 2.06996871421339e-08 2.82578211718842e-08 2.59993040985229e-08 1.66462200690276e-08 1.56750404545214e-08 1.40121430680651e-08 1.50099426887706e-08 1.2055325504523e-08 1.43618867798345e-08
