Scripts_&_data/Maxent_result_files_2/B_flavidus_3.asc
NCOLS 594 
NROWS 330 
XLLCORNER -15 
YLLCORNER 23 
CELLSIZE 0.166666666666667 
NODATA_value -9999 
[rows 60 to 79 of 330, columns 528 to 571 of 594]
7.91576508774483e-05 -9999 -9999 -9999 -9999 -9999 -9999 -9999 -9999 -9999 -9999 1.67916238373977e-05 5.12651431360256e-06 4.12943818574041e-06 4.0782827233854e-06 4.73868076488193e-06 4.59501972035481e-06 4.50963113026726e-06 3.51655389742023e-06 2.12744745013982e-06 3.84793214649459e-06 3.62633342468888e-06 3.53567939594956e-06 3.1646409279884e-06 2.70200275941379e-06 -9999 -9999 1.5944621026831e-07 1.50632534257067e-07 3.74604602193518e-07 2.78322055713431e-07 2.53185390930444e-07 5.28289850187935e-07 7.35344997904175e-07 2.52681778641906e-06 2.67863233576193e-06 2.68955830518003e-06 2.717737794522e-06 2.74268119728749e-06 2.73334507453482e-06 2.65595097440618e-06 2.65587754140206e-06 2.53855743014286e-06 2.2908945463751e-06
0.00203166276332922 -9999 -9999 -9999 -9999 -9999 -9999 -9999 -9999 -9999 -9999 5.60742471058528e-06 5.86604731337426e-06 5.65310605451508e-06 4.434798844688e-06 4.06381845282633e-06 3.84347442666799e-06 4.09552717539619e-06 4.33068299666717e-06 4.20678207095904e-06 3.87439607729689e-06 3.59005046458583e-06 3.59673102972025e-06 3.10650318953165e-06 6.48131866598511e-06 -9999 -9999 2.30707149455611e-05 5.58124303680074e-06 5.69203133515828e-08 7.78226738495924e-08 1.18240894464439e-07 2.29253467975976e-07 2.40877006407736e-07 1.5423130432568e-06 3.04400122997928e-06 3.02752600392919e-06 2.944988102771e-06 2.92424864468677e-06 2.93380981476465e-06 3.02345654297209e-06 3.12813665768186e-06 2.98671080175561e-06 2.93235210541143e-06
-9999 -9999 -9999 -9999 -9999 -9999 -9999 -9999 -9999 0.000180388354647221 6.09148237065149e-06 7.1892590036926e-06 5.11006201764364e-06 5.68506741808195e-06 5.45287158876251e-06 5.16078723374891e-06 4.95923336846227e-06 4.7984325899364e-06 3.74783261026801e-06 4.21984065279712e-06 4.06181630732139e-06 3.72076431113255e-06 3.52596015649187e-06 3.4801117774319e-06 3.38011667623261e-06 2.93610374638709e-06 1.97043004990238e-06 4.49426036108758e-07 -9999 -9999 -9999 -9999 -9999 3.26450175747173e-07 -9999 1.53162857197131e-07 5.38263286931073e-07 1.07195489005285e-06 2.67417792503277e-06 2.710290315866e-06 2.72407057450019e-06 2.83231686263319e-06 2.65001725942016e-06 2.7970754204687e-06
-9999 -9999 -9999 -9999 -9999 -9999 -9999 7.83909707350317e-06 9.12012431579789e-06 8.10728932157945e-06 7.45589745193564e-06 5.89127629291308e-06 5.67464075585944e-06 5.87485207328431e-06 5.38790605685291e-06 4.33121138391224e-06 4.03250726845883e-06 4.65452986418979e-06 3.75467007796004e-06 3.66475370418007e-06 3.81753826423914e-06 3.52768393190317e-06 3.93034000248926e-06 3.5041136791425e-06 2.96402894537362e-06 9.05871631329269e-07 3.60825586043223e-07 1.83552927190966e-07 1.24325761285959e-07 2.13145743621634e-07 3.53265905659317e-06 3.28034048893144e-06 2.89476105578279e-06 2.88143664839424e-06 2.07945303221102e-07 1.73936862135626e-07 1.91814948513613e-07 1.47739568723271e-07 1.81764866147294e-07 2.78234254014187e-07 3.47145331580645e-07 2.42385771908049e-06 2.30849019973167e-06 2.29899966185387e-06
-9999 -9999 -9999 -9999 -9999 -9999 4.2252737679771e-06 9.01164870819038e-06 8.55152825733896e-06 8.04230345481383e-06 5.77946918186578e-06 7.07328431109877e-06 5.41585421103274e-06 5.27907802487793e-06 6.14468882997876e-06 4.98479571846566e-06 4.7046461584821e-06 5.32328459190712e-06 5.24334532497894e-06 4.27757498125958e-06 4.67869081097749e-06 4.26945402642875e-06 3.98459169294041e-06 3.56622824990716e-06 5.82336007522999e-06 3.34659917022861e-06 4.83220753444424e-07 2.49595240353617e-07 1.33096898935481e-07 9.16422577823539e-08 7.97853276957028e-07 3.34786322718772e-06 3.180238385736e-06 2.93202583153684e-06 2.98938895817447e-06 2.21930574796358e-06 4.39556011033737e-07 2.67502020634414e-07 2.18000613161351e-07 1.4874100356943e-07 1.80284775774808e-07 2.15958881399914e-07 2.20834049557972e-07 2.31627396984901e-07
-9999 -9999 -9999 -9999 -9999 -9999 9.2415982616334e-06 8.93332040732275e-06 6.86619959199275e-06 6.55846779701319e-06 7.6746525819904e-06 7.82862425067199e-06 7.4060433924994e-06 6.2054522456001e-06 6.98765315065852e-06 6.40407592118475e-06 6.21567914652621e-06 5.05765191649576e-06 5.75160210215531e-06 4.75005632353254e-06 5.62180504110055e-06 5.54782773659612e-06 4.60056957217736e-06 4.66377302058563e-06 4.17329405671962e-06 4.73700880058159e-06 4.42507815564541e-06 3.18854042827832e-06 3.65252119138848e-07 1.09313051332993e-07 1.50837764523182e-07 9.71511098579736e-07 3.30182543715196e-06 2.91204408864321e-06 2.77769402966532e-06 2.73876003665796e-06 2.57528426960141e-06 2.46183140942824e-06 2.4398293041239e-06 8.62937824708254e-07 3.18150687927954e-07 1.46717215154801e-07 1.97084450892504e-07 1.58900892011093e-07
-9999 -9999 -9999 -9999 6.52883159062867e-05 8.07297388883965e-06 9.13126951505028e-06 8.87965174768413e-06 8.40545763018952e-06 6.63902086283086e-06 7.86717999242681e-06 7.91580288239668e-06 7.9004403348848e-06 7.84732003226152e-06 7.43044354424294e-06 6.98816876337771e-06 7.137036674143e-06 6.7853492483505e-06 5.24944797288818e-06 6.34723834703754e-06 5.95703735778441e-06 5.72772267465327e-06 4.73315908894323e-06 4.71504444560233e-06 4.54389015059897e-06 4.62881203063814e-06 3.99690074323056e-06 3.92129638568939e-06 1.34080802182135e-06 5.3395977915871e-07 1.37866264752207e-06 3.60456752412919e-07 3.09768514692443e-06 2.89920099074692e-06 2.79183274410899e-06 2.5728234163136e-06 2.49404005892018e-06 1.85736189881602e-06 2.22176794545392e-06 1.90833844027072e-06 1.74352907712505e-06 9.74752871589768e-06 6.81777238741299e-06 2.13737221412824e-06
-9999 0.000915725098457187 8.33672108994099e-06 1.00297693607088e-05 1.11401562319369e-05 9.54540538927739e-06 8.73433835922865e-06 8.47547862969922e-06 8.88735008673924e-06 8.76832212722833e-06 8.24879701454284e-06 7.30503453648668e-06 6.82969308031245e-06 7.53746315660386e-06 7.24363257371685e-06 5.59620794217119e-06 5.72933057271241e-06 5.55665800694438e-06 5.5301411493458e-06 5.41949279463383e-06 5.40401790811718e-06 4.47781860052343e-06 4.55871060826008e-06 4.35797847041508e-06 4.9373962533128e-06 6.4781108007228e-06 4.06978723932472e-06 1.53388099319862e-06 2.98918562754436e-06 2.91737344753074e-06 1.25931902779097e-06 9.20762403056052e-07 1.60864520519777e-06 1.24412060830137e-06 1.92636356253217e-06 1.64577865964244e-06 1.73833341052809e-06 1.82454551105327e-06 2.44908616957584e-06 2.12119604514616e-06 1.86265575432554e-06 5.90033350079677e-06 2.0433642243689e-06 2.794438580489e-06
1.35490776830838e-05 1.46217072765076e-05 5.93985282575371e-06 1.18553683456479e-05 1.1109009147181e-05 1.00800485140606e-05 9.27943622988092e-06 9.16170572005104e-06 8.62199583882006e-06 8.09784586499607e-06 6.56970515353628e-06 7.75323782099546e-06 7.93894812632923e-06 7.82367049244614e-06 7.45918823222835e-06 6.78410401001583e-06 4.14769539629489e-06 5.79403499373354e-06 5.54722014263209e-06 4.53348169872081e-06 4.87391886667687e-06 4.66258363778227e-06 4.49581352334194e-06 5.14568940096494e-06 4.95311269878007e-06 4.93413307832702e-06 3.89731910797053e-06 5.1647000644417e-06 6.11470066526065e-06 1.03349068244718e-05 4.64691711197229e-06 2.21209464168481e-06 5.75261053674669e-06 6.44456286247319e-07 9.61116808850804e-07 1.96682628628153e-06 2.42092405190464e-06 2.38200258032561e-06 2.29182304823938e-06 1.79987272675985e-06 2.38061808814916e-06 2.31352491447678e-06 2.15539359805783e-06 2.10431144098688e-06
1.60950616617583e-05 1.55416421595334e-05 9.59210013281586e-06 1.22020840632731e-05 3.77859480560794e-05 6.31924236718317e-05 8.84773411644613e-06 8.59544508925447e-06 6.80539615705023e-06 6.20358718503855e-06 6.87668160898047e-06 6.56788440239753e-06 6.83107212652301e-06 7.59088330751778e-06 2.89392901802188e-06 7.52580108412948e-06 6.82506916392933e-06 6.67751633596225e-06 6.530536024274e-06 6.46504805412729e-06 5.01055209541912e-06 5.31334994926524e-06 5.20592592975211e-06 5.04522541858732e-06 4.50900540158727e-06 3.72733584824703e-06 4.28687886147028e-06 3.38596795348423e-06 1.89672003429564e-05 2.14546544333172e-05 1.33630466422674e-05 3.29829131130444e-06 1.32267455669299e-05 1.36004540927326e-05 1.15311199916035e-05 1.36478775527582e-06 2.01410939796309e-06 1.56466713558956e-06 2.2906280515822e-06 1.32858570219829e-06 2.47214337050217e-06 2.5741549593894e-06 2.4594984231241e-06 2.42005153207048e-06
1.48243387918079e-05 1.54082591215854e-05 1.45489417591627e-05 1.28920334816929e-05 8.17345547353021e-05 1.17667091477536e-05 7.98428951488406e-06 8.94071930896967e-06 9.04919425798179e-06 9.32930158570322e-06 7.20886257239428e-06 6.85819695268597e-06 7.86931919233291e-06 9.43423281635214e-06 8.81759355062517e-06 7.68641197161912e-06 7.81476736346764e-06 8.01352010409984e-06 6.2839134527648e-06 5.3976994992877e-06 6.5037000639423e-06 6.18582590039551e-06 6.18427820437972e-06 5.43363290887999e-06 3.75252127312598e-06 1.92639009851669e-06 3.77728720256654e-06 4.29544477400512e-06 3.70179199176146e-06 6.75853598794962e-06 8.16358201997103e-06 2.70131156091535e-06 2.75538440046574e-06 2.61628613014153e-06 1.06649443275542e-06 2.21074715773817e-06 1.25031455133762e-06 1.53861745892936e-06 1.75956888605056e-06 5.23396007623411e-07 6.19995006079233e-07 7.04172090182364e-07 2.58194257316546e-06 1.2296713051585e-06
0.00010131262317512 1.44346162523457e-05 1.14371676038338e-05 3.44432051004207e-05 1.13529774421028e-05 1.19378662568836e-05 1.24674950536585e-05 1.14375205901629e-05 1.07544136739746e-05 1.02616135135514e-05 1.00094250633731e-05 9.44450059627844e-06 6.98825337421827e-06 6.6757415598917e-06 8.81709264202168e-06 8.32447160663552e-06 8.98079981458411e-06 6.62392477805973e-06 6.95110202501015e-06 6.37548862063575e-06 5.06875324655098e-06 5.66536643331617e-06 1.27571138586746e-05 5.12763303430752e-06 5.05358092390829e-06 4.68666886883629e-06 2.40004341220956e-06 2.01909342785189e-06 1.03872281429274e-05 8.72037925636615e-06 4.25658264215922e-06 8.67171011765811e-06 1.56536476941804e-05 3.77559573883079e-06 1.56192532536625e-06 2.37355217292956e-06 1.75430600718451e-06 9.39382118247956e-07 1.43648482103798e-06 1.21735696739789e-06 1.96515916989215e-06 1.28284219883534e-06 9.09941396726177e-06 1.14473240585555e-06
1.39319827989537e-05 9.80752506815064e-06 9.18858562989344e-06 1.54631989753629e-05 2.2059837913857e-05 8.68804270934831e-06 1.06975726394731e-05 1.07593116965954e-05 1.0109002428238e-05 7.48522369632409e-06 6.86055180670886e-06 8.54337107368819e-06 9.09886493001277e-06 9.7820319309494e-06 9.9218166664361e-06 9.835351091525e-06 9.19700527949319e-06 8.16965680993098e-06 7.70493527202376e-06 7.25886266280673e-06 7.14373398741364e-06 1.23307971565567e-05 6.83752142981442e-06 5.30628706285619e-06 4.45128211344903e-06 4.49809201316098e-06 3.67474393673239e-06 5.22345088791454e-06 6.34077197982918e-06 2.54324121560234e-06 1.21613081499605e-06 5.22141707185231e-05 1.0424226206196e-05 2.99143428256543e-05 2.25834713580286e-05 1.88589433568476e-06 2.04361300865097e-06 1.74239017510791e-06 1.68294328817264e-06 1.79713003491955e-06 1.52006669146276e-06 3.53502418157792e-06 1.39786260354713e-06 2.251847659962e-06
1.02337478112724e-05 8.93918109592384e-06 9.08278661594375e-06 1.21655566004963e-05 1.14670098285141e-05 8.98041380561487e-06 5.79159204608604e-05 7.34903148740251e-06 2.26191978725088e-05 8.41597983473053e-06 9.75898477719728e-06 9.23070474903032e-06 9.26689828373295e-06 1.06368512317601e-05 5.17066085836682e-06 9.34308047699783e-06 7.51036035965269e-06 6.20492661314032e-06 6.14893422539176e-06 6.47621460483361e-06 5.38245445674823e-06 6.52609627885825e-06 1.97370811172659e-05 2.91758274447274e-05 5.95262253285655e-06 2.43380604950993e-05 4.35257081221607e-06 1.10437050142131e-05 1.34988454904339e-05 2.64826776013027e-05 2.10799270296769e-05 8.51691902678198e-05 6.88327957949486e-06 1.72621909193538e-06 1.85108228475839e-05 2.10020654589527e-05 2.91691352278689e-05 2.78904902795585e-05 1.25623362806637e-06 1.4222286824328e-05 1.78830258562579e-06 6.75370934566377e-07 6.60844358921775e-06 3.90744584809477e-06
1.47312239543451e-06 1.97795611054374e-06 1.19201864287044e-06 6.18434962192715e-05 0.000202297562103126 5.46089979352682e-05 1.03543128462391e-05 8.92612865046605e-06 8.79631006531767e-06 1.05927398714178e-05 1.00732957635907e-05 1.03632868072467e-05 1.09539069618303e-05 1.07513400077419e-05 8.35031572163913e-06 7.01908927820405e-06 6.6426844872014e-06 6.26165399786327e-06 5.14297100930872e-06 5.5977372075855e-06 5.89588012108733e-06 4.93730616636379e-06 2.02193719914812e-06 2.45855216943647e-05 4.48425899135185e-05 3.16758363082537e-06 6.63216214425999e-06 2.43966475630963e-05 2.79985001681915e-05 4.65515419453277e-06 3.89718942224171e-05 3.29684228669747e-05 2.42753631849446e-06 7.9259544030208e-07 6.21737626793628e-07 4.28162263094167e-06 9.29939258326185e-06 6.38281064686552e-06 6.04822554343132e-06 9.99012737308291e-06 6.66551098216228e-06 5.40620774369671e-07 2.24540801817552e-06 5.43821228795593e-06
8.98463172392949e-06 2.55453985449794e-05 9.15378579064985e-05 0.000128679246750174 8.74042940812503e-05 1.67971657494159e-05 9.61708187792176e-06 8.1777265564309e-05 1.12495253928424e-05 1.84871387931329e-05 8.43021058182236e-06 7.71513916913991e-06 1.05062849901638e-05 9.14656666791691e-06 8.30394322942629e-06 6.19991994867952e-06 1.48676812234183e-05 4.59089905488597e-05 1.75414870060231e-05 4.07506365286525e-05 9.94786753956145e-06 5.45039863336649e-06 5.87445118492846e-06 3.34036839052421e-05 9.28873865085889e-06 3.21781302665691e-06 1.01280031768569e-05 3.4035166117552e-06 1.88317704399199e-05 3.39277165925633e-05 5.01813469835133e-05 1.75807259030769e-05 1.46695532498464e-05 1.95150653720444e-05 8.38031195748989e-07 7.49542187739038e-07 1.18489643757824e-06 3.15860153995429e-06 3.63981330191443e-06 2.19773627441189e-07 1.06991169256387e-06 3.56797979385037e-06 1.7073336631146e-06 1.18886492022185e-05
6.52775710649589e-05 1.20932028957021e-05 4.26513013949803e-05 1.04624474778547e-05 2.02340784119515e-05 2.57411157284393e-05 4.86138773918787e-05 4.65332751992231e-05 0.000164539475584036 7.75916631938101e-05 8.17834619669666e-06 1.23890621617773e-05 9.82350139233645e-06 9.15603121215414e-06 8.509419705649e-06 6.17589784435157e-06 5.73943040015346e-05 2.37954734431889e-05 8.21706058011351e-05 6.12100369489665e-05 5.65144702002862e-05 1.75186307625363e-05 8.92299576438216e-06 1.75877007490777e-05 9.92927188357973e-06 3.59585724101219e-06 1.39581429812408e-05 1.61052769107717e-05 1.35793234928738e-05 0.000101566425551347 5.89514087548593e-05 3.09424912472434e-06 4.76085273588556e-06 1.76041883797051e-06 1.37693763016089e-05 2.00810284947228e-05 1.66878376491431e-05 2.64233331696007e-06 2.44436758246591e-06 1.96813424014897e-06 1.49663243937059e-05 4.22187254492945e-06 1.89809610311453e-06 8.40591632045307e-06
3.55979170787446e-05 1.00062726283823e-05 6.08505192101205e-06 5.00479907202811e-06 9.63919398739854e-06 3.01189097299925e-05 7.67193995162785e-05 5.26554109409605e-05 9.82575384351758e-06 1.01834374883869e-05 8.85554820273526e-06 1.72154556361548e-06 1.87396217831592e-05 3.67821241951671e-05 8.8657701585948e-06 6.82770073756611e-06 4.17858315806541e-06 6.92593211543135e-06 6.53818056613131e-05 0.000134714130099223 6.36241475457489e-05 2.38008782154298e-05 5.71490253423845e-05 1.92577214937373e-05 1.23546202358549e-05 1.52393172207277e-05 3.64755507490933e-05 4.07162922642534e-05 4.1197959404049e-06 0.000105811009253998 1.8092146369153e-05 8.70509071527748e-06 2.65071935170447e-06 2.28511492715855e-06 1.96607030779061e-06 3.24978967343181e-06 2.31195836456477e-06 2.09585068589702e-05 1.97864353385868e-05 3.86217105469155e-06 8.08219998413851e-06 3.42754093464181e-06 2.71705260687094e-06 9.03190830061629e-06
3.06873474570368e-06 3.04461363997977e-06 6.14813775619005e-06 4.86677783563261e-06 6.94632474314005e-06 1.20477010910447e-05 1.43880651968353e-05 3.22492636971705e-05 4.12227625537276e-05 6.29868678408752e-05 4.67800184533962e-05 3.62482346959792e-05 0.000107968896845767 7.16344133024904e-06 2.77597674338548e-06 1.00555941235925e-05 9.30255489260956e-06 6.65186526844774e-06 6.9747444087942e-06 5.55911310355928e-06 4.65957341006851e-05 5.44834502881342e-06 4.58141338770535e-06 1.74002857681321e-06 1.83811116800658e-06 1.54305267403565e-06 2.13114836509543e-05 6.11004984456542e-05 3.72166776191563e-05 1.55116078395801e-05 2.70928130497006e-05 3.090379380144e-06 3.10033468988724e-06 3.72699837477564e-06 3.35661871976312e-06 1.00088221015038e-05 4.82617420528575e-06 1.2174691355693e-05 1.59375728320921e-05 9.75639804730033e-06 5.98168198781002e-06 2.81660132647743e-05 1.80805644194759e-05 2.00845772713953e-05
2.17423707026931e-05 4.55836971613444e-06 6.03647722639877e-05 2.28630644000249e-05 2.60522707440369e-06 1.9871112500458e-06 6.59783361000033e-06 6.21231074229289e-06 5.81328571712669e-06 2.35119865105271e-05 9.67750061707795e-06 5.38454664381627e-06 8.71742500672124e-06 4.71464209074179e-06 2.97915534351878e-06 1.77941682477645e-06 9.6988041790036e-06 7.4811971022215e-06 3.37989783447679e-06 4.85061393720176e-06 4.46959152740067e-06 4.11107134290489e-06 5.35864230933103e-05 4.37673708259534e-05 1.48585841340587e-05 4.46064647802835e-05 7.44170887112539e-05 8.39322366900097e-06 4.58703664907301e-06 7.41043861605561e-05 1.85399210450576e-05 3.49175211730168e-06 4.07433852055439e-06 4.06397808191405e-06 4.90029671921244e-06 5.7745516535479e-06 2.36070945584199e-05 3.50248912689421e-06 2.66795116981022e-06 1.11655024203738e-05 9.67239950284693e-06 1.40058115280617e-05 5.58972743428532e-06 1.29435445257675e-05
