Scripts_&_data/Maxent_result_files_2/B_flavidus_3.asc
NCOLS 594 
NROWS 330 
XLLCORNER -15 
YLLCORNER 23 
CELLSIZE 0.166666666666667 
NODATA_value -9999 
[rows 140 to 159 of 330, columns 484 to 527 of 594]
1.03417044962084e-06 2.6886103011825e-06 5.6083078094904e-07 4.97357364126483e-07 6.04703633821924e-07 1.27290205919062e-06 4.52867030820148e-07 4.78511803059245e-07 7.99045584154445e-07 1.00743513333779e-06 5.81398351950924e-07 5.29192424170155e-07 6.37464283514966e-07 2.00656469805383e-06 6.67587637825928e-07 6.23619918305174e-07 5.46728871197999e-07 5.34885561664922e-07 4.8139338308939e-07 5.36918603233349e-07 1.3321199172367e-05 7.1748815826389e-07 5.79665998234891e-07 9.10613582483233e-07 8.44135218391884e-07 5.66047059968877e-07 1.03449468068617e-05 4.35949518373668e-07 4.13166920443242e-07 9.19083069924609e-06 3.98598982787046e-07 8.79025947113643e-06 6.61514052646694e-07 4.10982189225084e-07 7.91062698519696e-06 3.83811875426243e-07 2.58830951731515e-06 5.8333442678471e-07 7.73710088882717e-06 7.92089470150748e-06 6.67541729493237e-07 8.35151675864232e-06 2.53262496008322e-07 9.05641011360592e-06
2.58699456734401e-06 1.03402172095812e-06 6.06075372633352e-07 1.42740961396326e-06 1.23912506533319e-06 9.89110212845645e-07 2.04510493793109e-06 1.93103745963485e-06 7.57972510023741e-07 6.75131312388722e-07 5.39694229906296e-07 5.04902910358762e-07 8.60632594790189e-07 6.08332020846092e-07 5.04340178120177e-07 4.76991702191842e-07 5.06829650803731e-07 4.51272899082422e-07 5.02301668559024e-07 4.18517965317111e-07 4.615575822986e-07 5.56462232315091e-07 1.52263529017427e-06 3.23990652661976e-07 7.93616590943902e-07 5.49971814445271e-07 4.2866613819692e-07 3.94639068779234e-07 2.87775674112645e-07 3.02544226193913e-07 7.39163547220922e-06 3.11342896930356e-07 6.77502577933753e-06 2.96278829181595e-07 4.87859271347535e-07 6.01152272799998e-06 6.0288192582858e-06 6.10962841930407e-06 6.42357916423864e-06 6.22943601878978e-06 6.30681779129061e-06 6.21233357697148e-06 6.38508848009867e-06 6.4925963306206e-06
4.30280955090456e-06 1.90463906664107e-06 4.74894579739482e-06 1.34992626744657e-06 2.72060399773011e-06 1.45363870751591e-06 2.10435323522162e-06 7.02565606258698e-07 1.40509878351347e-06 6.91932786223148e-07 4.5859087043354e-07 1.0189920118564e-05 4.77055700043305e-07 5.25136353579647e-07 5.47049437704672e-07 4.68150148158486e-07 1.05628560566617e-05 1.01228759639249e-05 4.58528463609387e-07 9.8886439272583e-07 5.39137268606993e-07 2.08504448626634e-06 1.4362139596158e-06 4.64638000452489e-07 4.10473115686205e-07 2.13394529607891e-06 9.07799037338508e-06 8.50903616254062e-06 3.91475391681162e-07 7.65861961606884e-06 6.6733216882775e-06 6.21713117607836e-06 5.64398242054454e-06 2.5988286153078e-07 5.72132748414278e-06 5.42233558372684e-06 4.94778149296993e-06 5.01818510288965e-06 5.10937865876304e-06 5.08037686932639e-06 5.08206931230104e-06 5.18222512189137e-06 5.47335954672601e-06 5.58834775171713e-06
2.91561526484241e-06 6.55766070445374e-07 1.45193859277803e-06 2.88114142609208e-06 1.37748301367591e-06 9.36449907562587e-07 1.05146537801026e-06 7.62274258780948e-07 7.55746997149753e-07 5.67455366662362e-07 5.35021611602904e-07 5.29448357822204e-07 4.96441451236507e-07 5.03949451435837e-07 1.04697782878471e-05 6.46914666035947e-07 1.26518585319424e-06 4.84916336995767e-07 9.20332472825747e-06 4.27659195911811e-07 3.87045535743535e-07 1.71347627142548e-06 4.00862583005424e-07 8.83224048885411e-06 9.37903011144492e-08 2.24660401260124e-07 3.96855477802216e-07 8.50074446598903e-06 3.80008198286319e-07 7.38116131209221e-06 6.38133341150926e-06 5.72613146393453e-06 4.11367694852505e-07 1.53982712024492e-06 1.02848015262058e-06 3.69217154061463e-07 2.03531895925924e-07 5.52380170992794e-07 6.40032498966381e-07 2.16663058383304e-07 2.01872357352695e-07 4.72458305609269e-06 3.76247831590515e-07 3.13104888771676e-07
3.24511340632494e-07 1.25579696850231e-06 6.82048573863447e-07 7.25250024879998e-07 6.21496594122028e-07 4.63293770669448e-07 6.35327027931343e-07 4.56585488484151e-07 4.65087260381747e-07 6.15219952249113e-07 4.96342866396216e-07 4.9828099450977e-07 4.91554956849605e-07 1.04294912209868e-05 4.49633073917877e-07 5.19301906465319e-07 5.48928430610385e-07 4.95086802676514e-07 9.85416363993297e-06 9.44913571042649e-06 9.10233104290947e-06 4.00513092702059e-07 8.99458704370915e-06 8.5653198188429e-06 9.45550499106274e-06 9.64286663640568e-06 9.3240025674568e-06 3.8688439741863e-07 4.00394717303687e-07 1.95392366816316e-06 1.05789534989853e-06 2.92568236370805e-07 2.82979093502167e-07 9.34025855048315e-07 9.33751457443677e-07 2.23712400193588e-07 4.15347865234672e-07 4.47642303313955e-07 2.08280830116259e-07 1.25909857773276e-06 4.10936764095871e-06 3.38372254293784e-07 4.62839601389486e-07 3.47639285913637e-07
4.83098754766598e-07 8.98420695960578e-07 4.0641061926916e-07 2.86921942282969e-07 2.42581826478405e-06 2.37585405387097e-06 1.63527701190214e-06 9.31824469418974e-07 4.87989953223966e-07 1.65574061177232e-06 1.54146697806112e-06 4.89344766330113e-07 1.20495332833759e-06 4.70050524503662e-07 1.08888674495544e-05 1.18993558646086e-05 1.39793081106898e-05 1.76475741063831e-06 1.14879882031071e-05 1.11367343599511e-05 9.49701651621338e-06 8.73209384302243e-06 8.47878579263162e-06 8.13885977356543e-06 9.0992566183945e-06 8.98818076903174e-06 4.14003902915461e-07 1.014681524103e-06 5.11859245710955e-07 1.46849518642966e-06 7.42336229930807e-07 2.03399320530817e-06 8.97150574208361e-07 5.88444766391749e-07 1.18939221794845e-06 1.15455093580019e-06 1.4157761916489e-06 4.82221250885928e-07 1.78587267725128e-06 5.9368293899853e-07 4.23298388063653e-07 2.56996403735776e-07 1.19623302263783e-06 5.35235538157153e-07
3.34085800812733e-07 3.58462845806429e-07 5.04644182808267e-07 2.45180731557326e-06 4.6955958690198e-07 5.15013522328633e-07 6.22235781529978e-06 2.77803698667256e-07 2.03409451571268e-07 6.10055652516817e-07 3.89688783819508e-07 4.57560347100205e-07 5.39391500398167e-07 8.57378916496732e-07 1.28616987360108e-05 1.40179934132512e-05 1.27495895159924e-05 4.39911693528305e-07 1.44193843709117e-05 1.29735140544152e-05 1.08744177644726e-05 1.01837545364969e-05 9.79475309241806e-06 7.07174657832432e-07 4.32000229544371e-07 4.69490623056235e-07 4.94672109818683e-07 9.64791020134914e-06 9.06650930299069e-07 2.59988750946905e-06 2.53812225671224e-06 2.23584713391345e-06 1.61435785610564e-06 2.35999462352421e-06 2.42643392989184e-07 5.11624749055528e-07 2.00931688917327e-06 1.41161077618079e-06 1.69265304055255e-06 1.6771762559431e-06 1.05007914126265e-06 3.55580230781971e-07 3.54711807892816e-07 1.17352489319433e-06
4.77220563910308e-07 3.25214505925153e-07 3.05359331576049e-07 3.0702745058564e-07 4.81620131631555e-07 3.36296184466622e-07 5.91485137928505e-06 5.66356757059072e-06 3.81837439200616e-07 4.10679586160256e-07 5.44783111489089e-07 5.55082210840219e-07 6.61952279978895e-07 3.69502351860174e-07 1.43544799603434e-06 8.94182604815885e-07 4.62320629246449e-07 2.25177212540562e-06 6.21242303489034e-07 1.2791928499567e-06 4.7096517711287e-07 8.78650794444713e-07 1.25031195317149e-06 4.41647868743011e-07 5.87260691009561e-07 7.03306170479756e-07 8.52371172588295e-07 1.68220060120516e-06 3.16908998677645e-06 1.42521758014214e-06 1.70861780816045e-06 1.24935034016005e-06 2.69226744680218e-06 1.65119463106933e-06 1.70213247452367e-06 2.56627375913032e-06 1.24108277207435e-06 2.52388191211983e-06 9.4508471513155e-07 1.58536658200203e-06 1.76595542545899e-06 1.25380190750812e-06 2.14037424125513e-06 1.94825202425308e-06
2.86687068695723e-07 3.58047959703178e-07 9.08281116374088e-07 2.25516702412332e-07 2.39383211686484e-07 2.33080966771659e-07 2.55513498126358e-07 2.57174031859098e-07 7.31321030706944e-06 9.30221809468668e-06 1.03229162794261e-05 1.09154082664653e-05 1.1142543991105e-05 4.99082844285237e-07 4.24444224189635e-07 9.17940500810843e-07 2.08211335910313e-06 1.65915018644713e-05 1.1401832782143e-06 5.65220422277246e-07 5.39950692057811e-07 1.48640988421045e-06 1.19952155743785e-05 8.49686541126715e-07 6.06331268127036e-07 8.08925955064765e-07 3.57916376403367e-06 1.84583658250359e-06 1.31491129999883e-06 4.08457201547252e-06 3.92879011714697e-06 3.59267226490712e-06 2.95898583332344e-06 7.36381671884168e-07 2.77685006296879e-06 2.75193876978497e-06 2.67930121345961e-06 2.34853455992612e-06 2.4003530652239e-06 1.59262168908381e-06 1.47095076618031e-06 7.81618407752482e-07 2.35266573256343e-07 2.47067132164158e-07
4.13666089116305e-07 2.32476512569413e-06 2.08776866095217e-07 2.19481644037067e-07 4.67372180327219e-06 2.00625842494695e-07 2.40486855918043e-07 7.22571671204486e-06 8.46147216345683e-06 4.82089682496412e-07 1.30056809645507e-05 4.48095197647103e-07 5.49250025816406e-07 5.12729104096277e-07 4.47407129833266e-07 2.32607259226247e-06 0.000133666537750798 1.63248035384145e-06 7.39673724370338e-07 1.56741912560321e-07 1.60255225564176e-06 1.44715340025803e-06 5.35019097517298e-06 1.56843363222636e-06 9.3233402810311e-07 7.01951733272921e-07 1.00156502149673e-06 7.00971171942122e-05 7.65375108137789e-05 4.37685959963963e-05 3.96731562340991e-06 1.66054622857681e-06 2.84533643359897e-06 9.48386147303637e-07 2.07781718544187e-06 1.83690128232605e-06 1.3578386424129e-06 6.80600823399491e-07 1.03348165974015e-06 3.13788380046365e-07 2.95220591628453e-07 2.75438354968571e-07 2.43442829883644e-07 2.34035027368851e-07
2.95873278532977e-07 3.29936694842825e-06 1.89243552550789e-07 3.88470168718458e-06 1.72850864765817e-07 5.46828543668276e-07 3.44612340774653e-07 5.56340401891564e-07 9.00594730327553e-06 1.13111226413776e-05 1.33249097468258e-05 7.58533844580356e-07 9.98944001570079e-06 5.13145401670467e-07 1.41683407556381e-05 2.11392987126136e-07 1.10384187500534e-06 1.30259314679027e-06 1.32573210225306e-06 6.90291226335127e-07 1.17754521000712e-07 1.47575584867443e-05 1.37360511801576e-06 7.14822291758566e-07 9.18932798210648e-07 8.23795804527627e-07 1.66677550528238e-06 8.45551280627133e-06 5.965280818232e-06 3.56582820369988e-06 5.43475304299879e-06 4.43887017996802e-06 2.69862042923119e-06 1.0076941178272e-06 8.73752169971986e-07 7.50987790820723e-07 7.91599737515192e-07 1.73849039650786e-06 1.5514896193225e-06 3.22068325853131e-07 3.2708932771186e-07 3.15343862511419e-07 3.0904469046078e-07 2.73870833267242e-07
4.47075800791286e-07 5.57661734656989e-07 1.3569466045249e-07 1.51014668847704e-07 2.85795293009095e-07 1.02241219247512e-06 2.58155491494882e-07 2.78985134483101e-07 8.23247497491186e-06 1.09561886845522e-05 1.20843513243929e-05 8.71106884705597e-06 5.94351803440141e-07 1.04916160279078e-05 7.83988399477575e-07 1.53183506295895e-05 1.00778847030858e-06 4.16457604069942e-06 2.5874244798052e-06 1.41315308415102e-06 1.21334588304434e-06 5.01232212080094e-07 7.27162205771403e-07 1.08077527527506e-06 1.28167464572559e-06 7.79885722435036e-07 1.82536562658431e-06 1.25851257409826e-06 1.2819872754033e-06 1.16032968611179e-07 2.64114484206379e-06 4.3343718078348e-06 2.57314975961043e-06 9.09785729286128e-07 3.41267012349267e-07 7.9391253738903e-07 3.85574206784867e-07 3.78911772414003e-07 4.05334781017341e-07 4.04276954724114e-07 4.0759292592174e-07 3.83949347082524e-07 3.59064973531886e-07 2.98717842273089e-07
4.22826444890223e-07 1.86462141804622e-07 6.72072026919324e-08 1.31715617046613e-07 3.67185590233188e-07 9.23117491025138e-07 1.93554042514643e-06 5.79523140742388e-07 3.47691544311246e-07 3.01202901009656e-07 4.90713942236098e-07 3.29840393964442e-07 4.39386264683428e-07 5.0686677653955e-07 1.83084609587381e-06 1.16026847861717e-06 9.12681866643839e-06 4.00541905576368e-07 1.2358454134942e-06 1.40554460681397e-07 9.8011322519076e-07 1.93790576293873e-06 9.13948170079282e-06 3.40715799740376e-07 4.03185957664753e-07 5.55480226616112e-07 4.76063285959061e-07 4.9387114435806e-07 3.01420708223032e-06 1.72175923429663e-07 7.85483398135778e-07 7.9315765908472e-07 1.62993082115648e-06 1.65680185916228e-06 1.1220298067216e-06 8.92444662581315e-07 1.0693212940116e-06 4.12742019362255e-07 4.2307281747922e-07 3.66378274352375e-07 3.79169474873375e-07 3.40067498827423e-07 3.30834534734148e-07 3.13448615740786e-07
9.65759091942076e-07 2.13387776948348e-07 1.0738494599094e-07 1.85759177584455e-07 1.56378825877379e-07 3.34417143066368e-07 3.23055689560592e-06 5.19905841500634e-07 4.33748513717358e-07 3.06767869917568e-07 2.67626594729897e-07 3.71428856963396e-06 1.24852637300998e-06 4.10450755294889e-07 7.74366082360034e-06 7.94919005986383e-07 5.6497794997945e-07 4.49463601914779e-07 5.72818394017904e-07 3.10531618108456e-07 4.55556530232215e-07 5.37850994497546e-07 4.13856251912925e-07 2.96086356987857e-07 3.45699243797792e-07 2.78930143715606e-07 4.14125881054161e-07 5.95736456199258e-07 4.59297180774865e-06 4.87414425809352e-07 5.32047048884543e-07 1.25053429169686e-06 4.98177979237901e-06 2.7608343447727e-06 1.36089351169266e-06 4.40989168526418e-07 4.1360269419366e-07 8.13850749781242e-07 1.24910480443496e-06 4.19663422557282e-07 4.19775954629831e-07 4.03470561538555e-07 3.52379939927427e-07 3.36967277381195e-07
3.63928269520031e-07 1.54703614663187e-07 1.78066501455021e-07 1.14114322268266e-06 3.24740489950903e-06 3.77367528813233e-06 1.11760092688096e-06 6.88988642871813e-07 1.76400107766428e-06 3.10529474323307e-07 4.32167973007935e-07 7.75047006817964e-07 3.61806893622862e-07 7.5699703394605e-07 1.77019269248513e-06 2.62199375381522e-06 2.0623609326087e-06 1.34940580782672e-06 2.05080242720035e-06 6.17418729875752e-07 5.90037134684529e-07 3.7357112537828e-07 2.87269904697407e-07 3.98542657698009e-07 8.43486042212405e-07 2.21368958097656e-07 2.07311532218757e-07 5.45445074950912e-07 5.74474075121234e-07 2.35319747465823e-07 1.46568249239643e-06 1.27361286331729e-06 4.59432507132762e-06 3.37934627744341e-06 4.40411931120765e-06 2.05024122161834e-06 3.27421566279629e-06 1.2374680473326e-06 5.38692114959716e-07 4.93779168930786e-07 4.80799277313704e-07 4.55219970307841e-07 3.89201989581256e-07 3.73772615058776e-07
1.60992671339733e-06 2.35893544923149e-06 2.4207600734516e-06 2.87808750299989e-06 3.25289571987408e-06 5.19809219376999e-06 1.83578013790431e-06 4.82716617522527e-07 7.63717427110233e-07 2.60937180184273e-06 8.45964346241068e-07 2.11216826945249e-06 1.72211699643876e-06 1.27300440114775e-06 4.69399586577879e-07 4.81993992821339e-06 3.29747987437568e-06 2.1688891018945e-06 1.49062938858968e-06 1.90601689885606e-06 9.17537563482895e-07 2.40317448918503e-07 1.07661643369283e-06 7.93648570895922e-07 2.07549289161779e-06 1.66927189615418e-07 6.98080563965586e-07 5.30425942590895e-07 4.05104150091873e-07 1.81211308725171e-06 1.94478417725463e-06 4.248339456836e-06 2.69961951453457e-06 2.94800650647575e-06 3.8585132889013e-06 2.09127234122031e-06 3.38251073440654e-06 1.52759208753572e-06 1.41279440086794e-06 5.69138489925347e-07 5.06370876518503e-07 4.91074720332385e-07 5.73932990288739e-07 5.7106022035569e-07
7.79993392197031e-07 4.80566182270437e-07 3.7480567375292e-07 3.26315256620191e-06 2.31411252534786e-06 4.52506549750709e-06 4.93528825865619e-06 6.04212656565295e-06 3.50053760728164e-06 7.30869031928538e-06 7.34914976007195e-06 7.73390886954495e-07 5.13164463626925e-06 3.62681079812965e-06 2.40674097981008e-06 3.37283911741038e-06 6.47860553917301e-06 3.78516417350872e-06 3.94154437665106e-06 2.46235228718028e-06 2.10546903643971e-06 2.39541675672861e-06 9.10251633901016e-07 7.89752560781398e-07 1.93267811061659e-06 1.47585333198919e-06 2.2268436645545e-06 1.04366916739984e-06 2.88504196681583e-06 1.96335781855739e-06 1.3729606486601e-06 1.56285850024807e-06 3.14709642079691e-06 3.51451272732062e-06 3.51833248322109e-06 2.99847253050212e-06 3.50597890877991e-06 1.81514621431234e-06 1.42936693687812e-06 2.1285342981292e-06 4.72301473009029e-07 4.94887382040954e-07 6.44473423228042e-07 7.48521177229566e-07
1.1416277115206e-06 2.59874049534092e-06 2.79036493902041e-06 3.53553987647581e-06 1.47735364245394e-06 2.94976480627041e-06 6.70102652031712e-06 4.60372292300226e-06 7.60183484951327e-06 3.37812477532173e-06 5.77200242574127e-06 3.08092565864948e-06 6.74574274963646e-06 2.16083508232101e-06 4.44403474886279e-06 9.41908349805232e-06 2.21119149747206e-05 2.94362852061303e-06 3.64400190352443e-06 3.01682214742804e-06 2.39193614788302e-06 2.01111609586802e-06 2.78088784297914e-06 2.10969815975792e-06 2.6533584892019e-06 2.70960494995753e-06 2.25205149582131e-06 2.54197364866204e-06 2.72728735880579e-06 2.99466959878814e-06 2.36694254298619e-06 2.42951585303075e-06 2.94984682353006e-06 3.71691569592825e-06 1.63732354622192e-06 2.70751207936959e-06 1.89714674695418e-06 1.29095990355488e-06 1.53148442657569e-06 3.30803733412655e-06 1.65405100016613e-06 1.43872248502541e-06 6.39303547134151e-07 8.05222574806752e-07
1.4657786693073e-06 3.96241534900144e-06 3.32305017162193e-06 1.88391476402261e-06 5.41049575186747e-07 1.77378451626797e-06 7.62428782633551e-06 6.62133581376123e-06 7.91617856751303e-06 4.86361623643905e-06 4.66935075509323e-06 2.85235107286841e-06 4.20579515647557e-06 5.82781366958995e-06 5.08913814493139e-06 1.83692586063211e-06 6.9836427379899e-07 2.36751407385327e-06 5.17643795583389e-07 1.90692922960034e-06 2.86129131424895e-06 2.98755953097585e-06 2.8407174865297e-06 7.98018320946614e-07 1.09560395264996e-06 8.44474741790169e-07 2.89110258538949e-06 2.36788533756194e-06 1.65537718426201e-06 2.6750552071575e-06 2.77808577556771e-06 2.92885301028667e-06 2.84415376624603e-06 3.48435383136225e-06 2.98112956101937e-06 1.26881338233797e-06 1.09879277836455e-06 1.04291082183572e-06 4.65015948658554e-07 1.35655792397049e-06 2.30778167341628e-06 7.92485760858774e-07 1.81558425093042e-06 9.67211189539796e-07
3.67274646687621e-06 4.0599347702619e-06 4.13198440470941e-06 2.79192525750593e-06 1.51727656932943e-06 7.17228052782293e-07 2.12875625383857e-06 6.67253280204339e-06 8.84920520494159e-07 2.24702778202079e-06 2.11466703066154e-06 1.89121010542026e-06 7.91938208843934e-07 8.40128652312977e-07 8.3381104907243e-07 4.92002151832871e-06 2.35379495880927e-06 5.971290077178e-07 5.27361471691634e-07 5.03136129448301e-07 1.1241608635526e-06 4.10660423144638e-07 1.02814064234513e-06 3.56373428311851e-07 7.82551776035145e-07 3.3601483636625e-07 2.76502836324966e-06 2.63792495716064e-06 2.75017830311253e-06 1.12568626577936e-06 1.59625715856482e-06 8.72365849335921e-07 1.15346099875957e-06 3.73071680792592e-07 8.87962874240866e-07 1.18239676906162e-06 4.68121077712436e-07 1.41847165175957e-06 5.34822288056347e-07 1.53774655509142e-06 7.88678233032414e-07 1.6765004431929e-06 9.24830716564351e-07 2.62985782627512e-06
