Scripts_&_data/Maxent_result_files_2/B_flavidus_3.asc
NCOLS 594 
NROWS 330 
XLLCORNER -15 
YLLCORNER 23 
CELLSIZE 0.166666666666667 
NODATA_value -9999 
[rows 180 to 199 of 330, columns 440 to 483 of 594]
1.39400529786116e-08 9.88165503867933e-09 8.22192678384681e-09 8.09712198401868e-09 6.49989649881277e-09 6.38761661342357e-09 6.29763849957499e-09 1.03295526243663e-08 8.5726770349126e-09 8.58456496999338e-09 9.1431699655864e-09 1.02429644210922e-08 1.05419025842046e-08 1.20054301722128e-08 1.28314938896423e-08 1.36787684401618e-08 1.47534002237215e-08 1.7694451293071e-08 1.63469620062529e-08 1.4040796203485e-08 1.41196416003631e-08 1.68292345614773e-08 1.77090732078611e-08 5.00911502276935e-09 1.49675327132393e-08 1.64495834287237e-08 1.57834909031429e-08 5.62580388940859e-09 5.24366072784943e-09 8.71457712658952e-09 1.11739981933923e-08 1.09492097610797e-08 1.13483164865258e-08 1.12850547462351e-08 1.10481273796204e-08 1.1215539807985e-08 1.17655705178521e-08 1.24352910524372e-08 1.20500103562016e-08 1.34316238353804e-08 1.60282174199722e-08 1.94162653066599e-08 2.32062776550634e-08 3.23028407023251e-08
1.36128492256304e-08 9.88831552195535e-09 7.84553049193448e-09 7.38816992029712e-09 7.90939976846872e-09 6.81724776629977e-09 5.51613630328518e-09 1.17527900522774e-08 1.42503007727335e-08 1.00023274218763e-08 1.05796746807663e-08 1.03056777223109e-08 1.08271645760105e-08 1.14170400022928e-08 9.77001758384333e-09 1.16443585218562e-08 1.49412829886231e-08 1.66497843956392e-08 1.4557524641301e-08 1.49323697185011e-08 1.42503101763225e-08 1.81190510151197e-08 1.5772185013585e-08 1.42622187060404e-08 1.25864487166005e-08 1.03502026171931e-08 1.15861374605508e-08 1.26240100040143e-08 1.00747336251317e-08 1.02170089055775e-08 1.1567846769367e-08 9.61023878254252e-09 9.23122015494826e-09 9.3788643962256e-09 9.67637818760636e-09 8.84481440310836e-09 7.93000167753633e-09 8.29342651220699e-09 9.09734866327838e-09 1.08363342299356e-08 1.32824339749149e-08 1.62446879281575e-08 2.13601719756262e-08 2.66444221019846e-08
1.02489223219315e-08 7.69617779505794e-09 6.27295564381569e-09 6.04795992176221e-09 5.502421285275e-09 5.4879980115885e-09 8.3372436954221e-09 1.16599008781471e-08 1.08203019100195e-08 1.16146297912678e-08 1.14542886398006e-08 1.12435906585162e-08 1.12414065167599e-08 9.91151996032613e-09 1.15278945056474e-08 1.43747365899394e-08 1.90102986241669e-08 1.42787920820453e-08 1.05670683869796e-08 1.36837338238216e-08 2.1570257979775e-08 1.3961761646808e-08 1.4504069700827e-08 1.19103244156094e-08 9.56047885303235e-09 8.99982789404063e-09 1.07265107573973e-08 1.16393695237527e-08 9.83640101592798e-09 9.3785449073458e-09 8.76224848234131e-09 9.34403874275347e-09 8.7336599063903e-09 8.86272641942298e-09 8.29416961778406e-09 7.84421284594217e-09 7.28130146177008e-09 7.40541736821143e-09 7.74718655893736e-09 7.57111041638225e-09 8.7162298156862e-09 1.24586718497355e-08 1.36899693803372e-08 2.06432548055524e-08
1.30452698976491e-08 7.81438378449906e-09 6.63433830094817e-09 8.72290328857162e-09 4.32341945577619e-09 7.66687452413706e-09 1.75076014241604e-08 1.17282148770492e-08 1.32740394342967e-08 1.22031287297375e-08 8.79838081280226e-09 9.58787295113339e-09 8.34210820421788e-09 5.20512325463685e-09 2.30576517434855e-08 2.11126556126651e-08 1.04702516878774e-08 1.45397427542271e-08 1.13280147928663e-08 1.19647106222587e-08 6.30958612024557e-09 1.4462849740049e-08 1.24077001228962e-08 1.11532497792943e-08 7.91117059639746e-09 8.87179339992272e-09 1.05263635474806e-08 7.99576578280892e-09 4.33388925857869e-09 6.45909669083622e-09 6.94375142940018e-09 8.08808234831204e-09 6.6521867791991e-09 6.64573265307666e-09 6.70868028906924e-09 6.53335735512073e-09 6.5493861445276e-09 7.45574750826705e-09 7.55565416898918e-09 7.27588486126862e-09 8.3090295976973e-09 8.31032636039453e-09 1.0180935472448e-08 1.34204378943181e-08
1.0410674178285e-08 3.94424984895281e-09 7.25124925660126e-09 7.99565672560121e-09 7.42319344881892e-09 1.40551544514089e-08 1.19535114695424e-08 8.09577629379277e-09 8.67149700933823e-09 1.13423887837527e-08 1.24455238337262e-08 9.94843256663103e-09 8.19078829206177e-09 1.11044654249604e-08 1.82049371022508e-08 2.16404407060722e-08 2.13470522480996e-08 1.13720104333304e-08 1.08169060153429e-08 1.43795046314565e-08 9.69588028754131e-09 1.28555376899264e-08 9.49612155576318e-09 4.58824827020976e-09 2.29134455853597e-09 7.65458030294042e-09 6.64658332816259e-09 7.2296235220648e-09 6.05454416602314e-09 6.36810357779183e-09 6.45175914915086e-09 6.20640543402828e-09 5.63441036049994e-09 5.51598590137203e-09 5.78463064115908e-09 5.17727287707714e-09 4.22604192751308e-09 4.56896782630167e-09 4.5245298840868e-09 5.71570554219747e-09 6.95151058938137e-09 5.95509076495304e-09 7.1688634140088e-09 6.9960474413655e-09
1.33716716366195e-08 7.87526845957842e-09 4.94319444266367e-09 7.69049346427408e-09 1.08347726346381e-08 2.0049489457552e-08 1.38625989909436e-08 1.13084714259415e-08 1.17416058320607e-08 1.25701122843935e-08 1.19663517317292e-08 1.07414803718342e-08 9.94168849466348e-09 1.71392494419109e-08 1.76252681449718e-08 8.33968626379189e-09 7.03892254483307e-09 1.12538528385109e-08 6.55611520627986e-09 1.22400575564008e-08 9.1949118541379e-09 8.83611208646329e-09 9.0890978632352e-09 4.73118918487003e-09 5.94493341221636e-09 2.58277474962654e-09 5.00633848821153e-09 5.86907644706258e-09 4.25079289545494e-09 3.87673361190721e-09 5.03069139679013e-09 4.89637254075248e-09 4.17086307713532e-09 3.97511270566753e-09 4.12984526576565e-09 2.13890203326628e-09 4.14206006160711e-09 1.90205529104759e-09 4.32837828912014e-09 4.63682796603138e-09 5.5677853327829e-09 6.34467054450027e-09 6.51985448962833e-09 6.05063839032027e-09
1.29481853239355e-08 1.1335928373768e-08 9.89302146869875e-09 1.21147288423273e-08 1.41717997781399e-08 8.37190464730853e-09 1.67908716819376e-08 1.48161913182676e-08 1.28820063505231e-08 1.08064269643826e-08 1.27410062167321e-08 9.80677040685052e-09 1.04540930800923e-08 1.56625453606729e-08 1.41531551145491e-08 1.65740983715246e-08 1.46850689719535e-08 1.58075947886971e-08 1.40673018900195e-08 4.03666886583665e-09 9.93008992811184e-09 7.48615793799701e-09 2.15905635592151e-09 6.3395539373623e-09 5.78254792937827e-09 5.47858545196789e-09 4.8008729103266e-09 3.92718008113135e-09 3.56360281283941e-09 1.97472390661702e-09 4.11862327576173e-09 3.78262975386789e-09 3.62853461721713e-09 4.11444370795877e-09 1.94400808783968e-09 1.24412152802122e-09 1.13764984099873e-09 9.28414356504703e-10 2.02562386864003e-09 2.00675012163032e-09 1.63551737708545e-09 4.12548495365428e-09 4.38473310993004e-09 4.24150279343394e-09
1.60310507868466e-08 1.27308211417265e-08 1.09708416018428e-08 1.23942768603946e-08 1.1197320237688e-08 1.17315022696296e-08 1.45126844319776e-08 1.68963681490553e-08 1.05528827454293e-08 5.66327675866063e-09 9.96851438062052e-09 1.19062565473449e-08 9.94765905204531e-09 1.61249888774861e-08 1.61987829816468e-08 1.29304798979213e-08 1.47334264011256e-08 1.32482367631859e-08 2.80709542277435e-09 4.26863203673022e-09 5.11461506480515e-09 2.51187277644505e-09 2.13439035334773e-09 2.09332493561476e-09 4.58319519003325e-09 4.66425282841243e-09 3.99760193836585e-09 4.18167562798999e-09 3.75595790025329e-09 3.02431567567041e-09 3.69562112023658e-09 3.84344467363462e-09 3.40755915706481e-09 3.35257464012528e-09 2.33419166217885e-09 1.94433741329547e-09 1.69305607311543e-09 1.23676402452588e-09 1.16252526494165e-09 1.2122760462141e-09 1.30643506013328e-09 2.36108254059175e-09 3.45437167759144e-09 3.76666300372364e-09
6.37085930677017e-09 1.64729201168612e-08 1.46522604937971e-08 1.77642211940388e-08 1.71433350182326e-08 1.18489268174926e-08 1.37946376099762e-08 1.22061415752661e-08 1.07360156764713e-08 5.36501374437393e-09 2.03687257060992e-08 6.11478504719543e-08 9.02459111884468e-09 1.58177247300273e-08 1.78432667308215e-08 9.6722578279973e-09 7.4837963381924e-09 4.06885741766061e-09 1.82994650543833e-09 2.56534017362142e-09 5.00864353325525e-09 2.53062850674723e-09 2.66317722319442e-09 4.08512692562368e-09 1.97984502126047e-09 1.79032814129343e-09 3.36941583523043e-09 3.1313728610094e-09 3.41590142838299e-09 2.45755972239081e-09 3.09301079193247e-09 3.44328928703064e-09 4.00232618158469e-09 3.31921209406616e-09 2.27000316321835e-09 2.19422787717249e-09 1.81520500852628e-09 9.83320247449626e-10 6.67494370887312e-10 8.10642197812683e-10 9.0425275045547e-10 5.57371848675103e-10 1.29035171436698e-09 1.35246918109289e-09
1.48246040554412e-08 1.64881959530128e-08 1.77428198799845e-08 1.75685700209982e-08 1.66425756287225e-08 1.50596310755091e-08 1.83332521053181e-08 1.18861137043957e-08 1.25613413892722e-08 1.40124059022639e-08 1.92415945843294e-08 3.26599572386677e-08 2.71296262566167e-08 5.4103199798039e-08 2.37659550261782e-08 1.67886006319229e-08 1.45847280919043e-08 8.98228984524963e-09 2.68193616204115e-09 3.19074856536261e-09 2.94651406607116e-09 1.86120354683794e-09 2.49947090802394e-09 1.70809676403039e-09 1.30518316154848e-09 2.03393587527856e-09 2.02242758096105e-09 2.12745444594376e-09 2.40991583355665e-09 2.24573468710076e-09 1.96373332039812e-09 1.85799519103469e-09 1.81443070568221e-09 1.97461581530334e-09 2.51890517333209e-09 2.16303499556147e-09 1.37433801006281e-09 1.02916106747841e-09 7.10271497172954e-10 5.79809478207238e-10 1.00195910457401e-09 8.86878304129368e-10 1.03107764548582e-09 8.62850069172083e-10
1.24208271556903e-08 1.18578771579614e-08 1.22849305506101e-08 1.42719039697425e-08 1.62559767091786e-08 1.63361075888879e-08 8.05226367806e-09 1.11979502337434e-08 1.94605854875185e-08 9.10121055186508e-09 7.61100323876107e-09 5.52862741143301e-09 5.12883248093843e-09 5.81298718049794e-09 1.02884407104931e-08 2.50725010975117e-08 9.92439096458853e-09 5.75461210905459e-09 5.74473191239377e-09 5.79674660494689e-09 4.4941091958961e-09 4.13328329340601e-09 2.24953714544895e-09 1.89201901923397e-09 1.71225117417961e-09 1.22138721359022e-09 2.11383061055059e-09 1.96584919454068e-09 1.66190901040864e-09 1.52638026662544e-09 1.35152502522828e-09 1.0250092330466e-09 7.19325443654384e-10 8.58082260801751e-10 8.78279615701416e-10 1.09691500327358e-09 6.49714482214847e-10 6.3065541677787e-10 1.061235177513e-09 1.12496852944233e-09 1.26382894150012e-09 1.21986272194619e-09 1.04338143680494e-09 6.70670141644791e-10
1.11998671448177e-08 1.05744194400792e-08 1.18897248380101e-08 1.1855849291198e-08 1.22027671523028e-08 7.18022827861375e-09 5.34647146555045e-09 2.30364470832356e-09 4.72670180773349e-09 8.35173644686549e-09 3.71533556142722e-09 2.40187694178218e-09 2.84495743629876e-09 4.9250886036134e-09 6.4075727945756e-09 1.31380102352807e-09 4.14620702215984e-09 5.16331375433054e-09 4.71462142659362e-09 1.66338814944211e-09 2.16522270113373e-09 2.31300236741561e-09 2.08403926338363e-09 1.09005428017284e-09 8.39436853361519e-10 9.20011611338367e-10 5.99213134666598e-10 1.4936458292425e-09 1.20174296069919e-09 1.07881067412663e-09 9.03883345948486e-10 6.93494928150074e-10 6.75127209692761e-10 6.68391642033583e-10 2.9815330204741e-10 2.70038813532381e-10 4.08142042385151e-10 5.54321777368472e-10 8.28095170213317e-10 8.60194282470417e-10 8.55476789407561e-10 9.08112118835902e-10 6.83200340745316e-10 5.72673841681137e-10
9.85612793602542e-09 1.11672108671357e-08 9.62347453947743e-09 1.23725261591545e-08 1.01467669488819e-08 6.31495129521653e-09 3.79075993928169e-09 2.02800274351489e-09 2.67246222929174e-09 3.59464844557067e-09 4.16194579910822e-09 3.76841667870664e-09 2.23669630594614e-09 1.9747187995911e-09 4.03501306811549e-09 5.16631678548762e-09 6.23621285722464e-09 6.15549068383459e-09 6.42226410940694e-09 2.6091287130825e-09 7.56100528853665e-09 5.30437045398458e-09 4.60603560847872e-09 1.4769868994513e-09 8.584875144102e-10 1.09395248415467e-09 1.39046927305486e-09 8.53123738320249e-10 9.84844039653154e-10 7.7479231919142e-10 6.83996814743182e-10 6.16174378187395e-10 4.83429474229524e-10 3.8697779425334e-10 4.06425693100232e-10 2.62519395111127e-10 3.21826054694441e-10 5.53944068393264e-10 5.36622868363423e-10 4.03721689412606e-10 4.74213390777578e-10 5.84878590004223e-10 5.5322434411309e-10 4.18084766806714e-10
7.17891333046339e-09 9.41959643618873e-09 1.91504669122544e-08 1.19862676450921e-08 3.13498407233936e-09 3.33305568700482e-09 2.23976466262599e-09 1.87505144744193e-09 1.46976203430071e-09 9.99891880404391e-10 1.74371329597633e-09 4.48466405122971e-09 3.3741871074966e-09 3.10252774582409e-09 1.48569754276906e-09 1.57681367962681e-09 4.88257401176639e-09 1.68157596736052e-09 1.02992292028148e-08 7.67920033117875e-09 1.37674264211185e-09 4.86925300080543e-09 1.64032235572265e-09 3.79023452623528e-09 2.29411379892852e-09 2.29561708531278e-09 1.08205140403328e-09 1.4042299767425e-09 5.02391213075271e-09 1.63700758504248e-09 3.00146840714888e-10 4.94060969913335e-10 3.14395731670913e-10 6.10174089032967e-10 5.00242292034159e-10 3.01460456597624e-10 3.55321327916158e-10 9.56930212847595e-10 3.97298294263493e-10 3.44610562308389e-10 3.72427000350228e-10 3.75919051442963e-10 3.5900982187087e-10 2.07629724524594e-10
6.82627695480775e-09 1.30984985635685e-08 2.36441130452292e-08 2.85308073832979e-09 5.31730731667679e-09 4.40989403882597e-09 2.48888522014212e-09 7.14466305007377e-09 1.34787048189366e-09 1.11321478701853e-09 1.86951506497834e-09 3.44546076114227e-09 3.73568576073069e-09 3.52563817029861e-09 2.14964509526183e-09 2.39033655091703e-09 1.05072789358118e-09 1.74839778210867e-09 1.49025108919787e-09 2.7167331939637e-09 1.94248425122723e-09 4.07691115311692e-09 2.21148719337094e-09 7.97222199366843e-09 9.03865137180659e-09 6.27160163801932e-09 6.73952325058735e-09 1.74555557785894e-09 2.83230281450386e-09 1.90910569686231e-08 7.20666049058849e-10 2.814619537439e-10 3.20279480714447e-10 2.46658826696944e-10 2.3694013417952e-10 3.12426562398826e-10 3.39697625584279e-10 4.9249903044668e-10 7.26263116312964e-10 4.46147363497573e-10 4.79242190376539e-10 9.23350795822841e-10 4.15124445929393e-10 2.17944728930775e-10
2.78996210578697e-09 1.82733509768163e-08 3.09239278628581e-09 4.69448604434319e-09 4.70328128665543e-09 4.65890785950052e-09 2.20465434797035e-09 1.86343493968621e-09 6.17237229105783e-09 2.5997502595132e-09 2.36875097314737e-09 3.19538679960374e-09 3.72126044423382e-09 3.61367908929822e-09 3.22650367534649e-09 2.46977231999068e-09 2.97171415253317e-09 2.24947191984626e-09 2.45727627135039e-09 1.44780931687905e-09 2.07579307520689e-08 3.14415682045599e-08 9.39963225032869e-09 1.15770647624025e-08 2.52165418324068e-08 6.85227776742181e-09 5.13653314326845e-09 1.87005120277917e-09 1.6025616722537e-09 9.52599599202131e-10 6.20522078165209e-10 2.82004430918192e-10 3.9812414476259e-10 3.55622231662522e-10 4.46586168045826e-10 3.49857642856222e-10 3.39511685432115e-10 2.48760023691119e-10 6.60649301931215e-10 5.35715194427411e-10 6.00982263954108e-10 8.17738776692778e-10 1.14894836977797e-09 9.41422007016968e-10
3.17890258560993e-09 1.0527064620014e-08 3.15828249108918e-09 5.24594996331729e-09 4.58475052367291e-09 1.8716603378266e-09 2.01420941037256e-09 4.47817741777712e-09 5.62628316158609e-09 2.4835026590786e-09 2.80218709347579e-09 3.71758577255576e-09 4.0786336530374e-09 3.69787533927024e-09 3.51783772112313e-09 3.41311139351319e-09 3.35868602929779e-09 1.75547106850971e-09 2.92143844671244e-09 1.06754097783934e-09 3.25283143753907e-09 3.55581388777892e-09 6.01998367821821e-09 9.43788646123878e-09 7.01999466334868e-09 3.13423316189443e-09 2.18270385099473e-09 3.72924129354857e-09 2.89131683040011e-09 5.67639657500507e-10 5.51830547923515e-10 6.44748310296706e-10 6.08053807304998e-10 1.01590453827072e-09 1.5223073024373e-09 1.9980652243845e-09 1.21177736733813e-09 4.88620610639146e-10 9.49913492309662e-10 5.1701963599271e-09 8.3067733802622e-10 1.32652885342921e-09 2.38336617108814e-10 3.19227511091924e-10
5.54066241775786e-09 1.28450073799691e-08 2.95684234874471e-09 4.80626629606462e-09 4.81843035471385e-09 3.43848580719452e-09 2.73799020122922e-09 2.62992904120907e-09 3.41835110218014e-09 3.13257300099679e-09 4.01860463794534e-09 4.12766312241075e-09 4.50649455530083e-09 3.95178905154836e-09 3.5910859064181e-09 3.62640730777741e-09 3.75098044846922e-09 3.45511436128376e-09 2.45103846108208e-09 1.74880875336569e-09 1.34563529208265e-09 2.43252203935285e-09 6.32647529918984e-09 7.60698957158468e-09 2.14949859467239e-08 6.20745790325117e-09 3.39594400378118e-09 2.80681471398481e-09 2.86313729391807e-09 3.11072134717705e-10 3.56503848664147e-10 9.895042674124e-10 4.03458289000014e-10 1.05156896523795e-09 9.20908782564567e-10 7.63287821836656e-10 1.33507395139176e-09 2.09010986296221e-09 1.38883928801903e-09 2.03112912045e-09 1.28411342670276e-09 4.99098851136637e-10 1.43191636325923e-10 1.14593623479209e-10
8.91100585542759e-09 6.09524180017473e-09 3.23438392735298e-09 4.82292111803062e-09 4.11661162935673e-09 4.14386641667264e-09 1.32970360278151e-09 2.79127787550237e-09 2.88991605090771e-09 1.51519510271925e-09 4.05319722229791e-09 4.29709899885111e-09 3.90229875080195e-09 4.35478282323487e-09 3.8107599076298e-09 3.3119898823486e-09 3.6649257295629e-09 2.65630304419062e-09 1.8885049302142e-09 1.88007072132734e-09 1.355765433253e-09 3.19830808503951e-09 7.7815140442361e-09 2.04212128651626e-08 1.77366033637938e-08 3.50578804875212e-09 3.905496681611e-09 2.42368441982777e-09 6.52500209419316e-10 9.95920546031925e-10 2.65486976847029e-10 2.35151997873828e-10 2.33090902135302e-10 6.01787675247323e-10 4.10088174529477e-10 1.08937826537314e-09 6.88249248703698e-09 2.438202180155e-08 1.46978041626333e-08 2.06902551980193e-08 1.89092304814231e-08 7.17838537500626e-09 8.82590577289122e-09 2.84713058684716e-09
5.86320587636635e-09 4.23989572340133e-09 3.4656099434649e-09 4.74977189801606e-09 5.30318444713629e-09 1.29847295138319e-09 1.6387844636867e-09 2.18503356519406e-09 1.753041523056e-09 1.89111478698933e-09 3.95560627586278e-09 4.14253440439438e-09 3.46966838593588e-09 4.12759889600878e-09 4.0330321526838e-09 3.19319645170069e-09 2.93086377389784e-09 2.11375182912477e-09 1.71560408102067e-09 1.09814096704852e-09 1.8899409481854e-09 4.38752889575511e-09 8.55122709308986e-09 2.04846753892873e-08 4.03680999738754e-09 4.90984012335716e-09 1.48014297485233e-09 7.85023424043629e-10 2.15616136056695e-10 2.97263880177923e-10 2.81761936005154e-10 2.04103633993924e-10 1.91612470334945e-10 2.5258416469498e-10 2.57891463739668e-10 2.02580185959533e-10 5.45796663420361e-10 1.67552527408077e-09 2.29923020622635e-09 6.27989005241858e-10 5.88498494380474e-10 2.61113376476274e-09 8.27822421722857e-10 8.74781769244493e-10
