Scripts_&_data/Maxent_result_files_2/B_flavidus_3.asc
NCOLS 594 
NROWS 330 
XLLCORNER -15 
YLLCORNER 23 
CELLSIZE 0.166666666666667 
NODATA_value -9999 
[rows 80 to 99 of 330, columns 176 to 219 of 594]
0.222141918540001 0.459214536845684 0.756438410282135 0.692345556616783 0.657254803180695 0.772489386796951 0.844085502624512 0.706054753065109 0.686935949325562 0.738032346963882 0.551176780462265 0.928815048933029 0.649288159608841 0.794320940971375 0.830108660459518 0.884725540876389 0.857657027244568 0.851663708686829 0.787771570682526 0.853598946332932 0.811606532335281 0.904568070173264 0.849657964706421 0.855872809886932 0.865923875570297 0.811191356182098 0.603419503569603 0.423929749429226 0.805934530496597 0.710665771365166 0.755826830863953 0.765913820266724 0.83566415309906 0.757295840978622 0.492446899414062 0.693330842256546 0.825947386026382 0.789730477333069 0.825576961040497 0.789545655250549 0.685864323377609 0.931791317462921 -9999 -9999
0.708095508813858 0.732068574428558 0.749400717020035 0.754714071750641 0.878937482833862 0.869080400466919 0.842180097103119 0.772036129236221 0.694585716724396 0.571328058838844 0.817233616113663 0.821782058477402 0.286906154453754 0.517038422822952 0.741514039039612 0.810499227046967 0.737654167413712 0.707468515634537 0.811090075969696 0.789901864528656 0.783181834220886 0.791481781005859 0.655128958821297 0.636142134666443 0.893630450963974 0.74865283370018 0.801119178533554 0.724995255470276 0.583174702525139 0.596224150061607 0.625455403327942 0.787102508544922 0.772096574306488 0.629930758476257 0.773768264055252 0.897420924901962 0.845380252599716 0.892084234952927 0.92850182056427 0.867310523986816 0.894659727811813 0.872509628534317 0.622206270694733 -9999
0.705222094058991 0.697481280565262 0.774011844396591 0.825885891914368 0.878693199157715 0.631982254981995 0.724263894557953 0.598658865690231 0.729601496458054 0.726471483707428 0.717184919118881 0.694288355112076 0.750878030061722 0.582665184140205 0.656892919540405 0.740115821361542 0.794152343273163 0.659955811500549 0.762615877389908 0.704505056142807 0.827874398231506 0.84441152215004 0.8744569003582 0.825263857841492 0.709816551208496 0.870043140649795 0.647120079398155 0.770653203129768 0.726314741373062 0.719728043675423 0.795670902729034 0.849427300691605 0.792213261127472 0.840737843513489 0.836126720905304 0.900090032815933 0.831118595600128 0.909645760059357 0.831722992658615 0.875635015964508 0.754420506954193 -9999 -9999 -9999
0.767434406280518 0.442660823464394 0.538030076026917 0.81554217338562 0.770276576280594 0.725921332836151 0.853408598899841 0.831338036060333 0.753312921524048 0.72272567152977 0.770693075656891 0.738534021377564 0.728181368112564 0.767905336618423 0.582709696888924 0.776972240209579 0.761400330066681 0.742234969139099 0.651503175497055 0.648389995098114 0.718938839435577 0.841290485858917 0.803892302513123 0.802741545438767 0.678852653503418 0.845817399024963 0.860612428188324 0.660015007853508 0.737510269880295 0.699637362360954 0.586901971697807 0.686052358150482 0.74020614027977 0.74603413939476 0.605761176347733 0.461101841926575 0.707992550730705 0.849406331777573 0.910862100124359 0.731089767813683 -9999 -9999 -9999 -9999
0.819268983602524 0.72656301856041 0.844360911846161 0.708608949184418 0.826240295171738 0.729378890991211 0.635843935608864 0.629375746846199 0.629654985666275 0.720257019996643 0.798885351419449 0.754741609096527 0.723371779918671 0.450748433172703 0.824354684352875 0.758364695310593 0.696332055330277 0.273519060015678 0.698381772637367 0.736275053024292 0.910243606567383 0.855860179662704 0.810218477249146 0.606327944993973 0.721902093291283 0.546646983921528 0.64760704934597 0.647746300697327 0.574017211794853 0.534952145814896 0.285030283033848 0.778320705890655 0.327508506178856 0.744915628433228 0.741107553243637 0.999988353252411 0.761213701963425 0.92276873588562 0.79214751124382 -9999 -9999 -9999 -9999 -9999
0.73611912727356 0.772831332683563 0.743148815631866 0.553197783231735 0.502802175283432 0.6027263879776 0.419985441863537 0.675864964723587 0.753645384311676 0.752469122409821 0.701285523176193 0.348103474080563 0.522213734686375 0.48753442466259 0.612544178962708 0.687648701667786 0.212802342325449 0.396674039959908 0.774388259649277 0.816618424654007 0.900367331504822 0.873342251777649 0.88350722193718 0.737319070100784 0.232244358211756 0.286870355904102 0.742141634225845 0.747459065914154 0.788956338167191 0.793056428432465 0.534944880008698 0.74501366019249 0.66825977563858 0.681133770942688 0.739873838424683 0.999512928724289 0.71594363451004 -9999 -9999 -9999 -9999 -9999 -9999 -9999
0.701180177927017 0.767408764362335 0.838844758272171 0.678585147857666 0.804202395677567 0.765407603979111 0.682403516769409 0.730411183834076 0.822991842031479 0.789325058460236 0.726296103000641 0.613525852560997 0.632639613747597 0.324179749190807 0.2645372569561 0.096683881804347 0.312316507101059 0.693744140863419 0.104789029434323 0.725917875766754 0.806266993284225 0.0908881174400449 0.793117570877075 0.6474425137043 0.525248020887375 0.578428715467453 0.585523623228073 0.769087260961533 0.775881880521774 0.622369131445885 0.432451048493385 0.355370764434338 0.738092035055161 -9999 -9999 -9999 -9999 -9999 -9999 -9999 -9999 -9999 -9999 -9999
0.590132504701614 0.828297972679138 0.798013257980347 0.591640934348106 0.68049441576004 0.663058680295944 0.662803018093109 0.709280300140381 0.694767504930496 0.729712921380997 0.781679952144623 0.769636601209641 0.110326065868139 0.257095605134964 0.269384096562862 0.0977375958114862 0.218848730623722 0.142861548066139 0.142261778190732 0.431746432185173 0.310391916334629 0.146743520349264 0.139620900899172 0.666955250501633 0.120226120948792 0.404100102186203 0.790756261348724 0.778113132715225 0.737721842527389 0.905758965015411 -9999 -9999 -9999 -9999 -9999 -9999 -9999 -9999 -9999 -9999 -9999 -9999 -9999 -9999
0.510529464483261 0.878594070672989 0.874810129404068 0.596303197741509 0.669163674116135 0.706320881843567 0.232024531811476 0.288946557044983 0.288256029784679 0.55904056429863 0.730784428119659 0.684315311908722 0.438079211115837 0.22148352265358 0.131543637812138 0.217823435366154 0.0940728856250644 0.083169474080205 0.127553609013557 0.364158648252487 0.307202033698559 0.329090896248817 0.841594845056534 0.746840447187424 0.390551264584064 0.685170978307724 0.387958124279976 0.434932300448418 -9999 -9999 -9999 -9999 -9999 -9999 -9999 -9999 -9999 -9999 -9999 -9999 -9999 0.218279840052128 -9999 -9999
0.370331034064293 0.646202963590622 0.845584350824356 0.362131890654564 0.671333688497543 0.698337745666504 0.628925597667694 0.449074301123619 0.596189826726913 0.204770993441343 0.642032319307327 0.604167854785919 0.0400748433545232 0.223666082322597 0.220969697833061 0.090992633998394 0.529576361179352 0.213500902056694 0.106146522238851 0.109653777629137 0.122152813524008 0.170692476630211 0.611736169457436 0.323820219933987 0.510715532302856 -9999 -9999 -9999 -9999 -9999 -9999 -9999 -9999 -9999 -9999 -9999 -9999 -9999 -9999 -9999 -9999 -9999 -9999 0.669353380799294
0.231863389164209 0.544018551707268 0.683025330305099 0.548499390482903 0.695583492517471 0.622363126277924 0.410733392834663 0.383979454636574 0.669692701101303 0.129821864515543 0.200034286081791 0.215466862916946 0.131786844134331 0.0922989152371883 0.126250217109919 0.14240089058876 0.28427327722311 0.168034661561251 0.361624595522881 0.334338326752186 0.0934012174606323 0.103669616580009 0.365005752444267 0.0592612884938717 0.572328424453735 -9999 -9999 -9999 -9999 -9999 -9999 -9999 -9999 -9999 -9999 -9999 -9999 -9999 -9999 -9999 -9999 -9999 0.0293176250532269 0.199036554992199
0.75704899430275 0.642751705646515 0.647454443573952 0.719424694776535 0.695035141706467 0.716051024198532 0.668208974599838 0.128323722630739 0.305233779549599 0.129680874943733 0.144432638585567 0.111861491203308 0.21934817507863 0.512696930766106 0.0716392960399389 0.142101866006851 0.170204597711563 0.176029693335295 0.179518520832062 0.175538913905621 0.176427073776722 0.466630873084068 0.455920571088791 -9999 -9999 -9999 -9999 -9999 -9999 -9999 -9999 -9999 -9999 -9999 -9999 -9999 -9999 -9999 -9999 -9999 -9999 0.0502602826803923 0.0766254365444183 0.20745934844017
0.617378041148186 0.642491036653519 0.704988032579422 0.625955247879028 0.537392997741699 0.762489748001099 0.140117005258799 0.099566600471735 0.151506275683641 0.0982013873755932 0.107388920709491 0.098546276986599 0.408228176832199 0.203389376401901 0.234096619486809 0.120535262674093 0.133281730115414 0.219231975078583 0.519986268877983 0.137678726762533 0.308090575039387 0.676927256584168 -9999 -9999 -9999 -9999 -9999 -9999 -9999 -9999 -9999 -9999 -9999 -9999 -9999 -9999 -9999 -9999 -9999 -9999 -9999 0.139745745062828 0.0974157900782302 0.269811999797821
0.467147186398506 0.340594117343426 0.711289197206497 0.356937469542027 0.597038948535919 0.611209440231323 0.584791630506516 0.11367060393095 0.117944143712521 0.171535500884056 0.0812443308532238 0.0968794651329517 0.0570997413247824 0.103875871747732 0.104963494092226 0.106772131472826 0.594496738910675 0.11963275000453 0.0423012303188443 -9999 -9999 -9999 -9999 -9999 -9999 -9999 -9999 -9999 -9999 -9999 -9999 -9999 -9999 -9999 -9999 -9999 -9999 -9999 -9999 -9999 -9999 0.522194862365723 0.30028770416975 0.203375548124313
0.410664883255959 0.350698569417 0.773020499944687 0.457616314291954 0.530987080931663 0.287594527006149 0.10592103600502 0.381947168707848 0.241923572123051 0.141345399618149 0.13017209097743 0.158316929638386 0.172889141738415 0.17365285307169 0.153809358179569 0.277520762383938 0.490675002336502 0.466091731190681 0.712395137548447 -9999 -9999 -9999 -9999 -9999 -9999 -9999 -9999 -9999 -9999 -9999 -9999 -9999 -9999 -9999 -9999 -9999 -9999 -9999 -9999 -9999 -9999 -9999 0.251324793696403 0.0570979476367938
0.688825985789299 0.727594891190529 0.748364302515984 0.734925955533981 0.567845550179481 0.282511880993843 0.122519609332085 0.130886285007 0.317853425443172 0.585513374209404 0.589077168703079 0.124955916032195 0.125794321298599 0.148798059672117 0.128222091495991 0.114900330454111 0.15371757298708 0.296559907495975 0.528561276197433 -9999 -9999 -9999 -9999 -9999 -9999 -9999 -9999 -9999 -9999 -9999 -9999 -9999 -9999 -9999 -9999 -9999 -9999 -9999 -9999 -9999 -9999 -9999 0.143672303855419 0.485497990250587
0.796688503026962 0.743598359823227 0.637198430299759 0.772675615549087 0.802927112579346 0.535210460424423 0.0793722683563828 0.0811398236081004 0.0927980665117502 0.121734633296728 0.225656349956989 0.178155902028084 0.0845283485949039 0.639441102743149 0.10992105267942 0.147267359495163 0.717440265417099 0.394620615243912 -9999 -9999 -9999 -9999 -9999 -9999 -9999 -9999 -9999 -9999 -9999 -9999 -9999 -9999 -9999 -9999 -9999 -9999 -9999 -9999 -9999 -9999 -9999 -9999 -9999 0.201879841834307
0.743057388067246 0.831987917423248 0.842674815654755 0.0919869743287563 0.21044949144125 0.708542615175247 0.483700838685036 0.227013847231865 0.119204268441536 0.253411066532135 0.427599763870239 0.287599102407694 0.158663152903318 0.570855398476124 0.524035248160362 0.420652862638235 0.194189980381634 0.421237996220589 -9999 -9999 -9999 -9999 -9999 -9999 -9999 -9999 -9999 -9999 -9999 -9999 -9999 -9999 -9999 -9999 -9999 -9999 -9999 -9999 -9999 -9999 -9999 -9999 -9999 0.154082565009594
0.876659202575684 0.892418313026428 0.73841532766819 0.650097790360451 0.534832072257996 0.166792938485742 0.243057307600975 0.706113195419312 0.0770078103989363 0.321021188795567 0.0998511143028736 0.67980894446373 0.751914966106415 0.176698296517134 0.19301747828722 0.378211015462875 0.057275820709765 -9999 -9999 -9999 -9999 -9999 -9999 -9999 -9999 -9999 -9999 -9999 -9999 -9999 -9999 -9999 -9999 -9999 -9999 -9999 -9999 -9999 -9999 -9999 -9999 -9999 -9999 -9999
0.922833913564682 0.906342071294785 0.72617803812027 0.767099463939667 0.0752965100109577 0.0928172148764133 0.0795862967148423 0.0765491606667638 0.159582795016468 0.0625220024223381 0.127540570870042 0.139282105863094 0.196106138173491 0.126078203693032 0.219149569422007 0.70549236536026 0.69258246421814 -9999 -9999 -9999 -9999 -9999 -9999 -9999 -9999 -9999 -9999 -9999 -9999 -9999 -9999 -9999 -9999 -9999 -9999 -9999 -9999 -9999 -9999 -9999 -9999 -9999 -9999 0.184289248287678
