Scripts_&_data/Maxent_result_files_2/B_fragrans_2.asc
NCOLS 594 
NROWS 330 
XLLCORNER -15 
YLLCORNER 23 
CELLSIZE 0.166666666666667 
NODATA_value -9999 
[rows 168 to 188 of 330, columns 506 to 551 of 594]
0.00301102618686855 0.00307143152458593 0.00294511548709124 0.00287633310072124 0.00277143259299919 0.00305828780401498 0.00304603913100436 0.00291413419181481 0.00300261947559193 0.00364258956396952 0.00403451535385102 0.00404215899761766 0.00402280933922157 0.00483221046160907 0.00642268841620535 0.00716117303818464 0.0163678601384163 0.00681651660706848 0.0136063076090068 0.00612626830115914 0.00867370942141861 0.00904647912830114 0.113214944209903 0.0266918488778174 0.00946677420288324 0.00631146302912384 0.00590637202840298 0.00538959442637861 0.00378854770679027 0.00326488041318953 0.00307010365650058 0.00310753959929571 0.00358948704088107 0.00347837049048394 0.00216117361560464 0.00161911406903528 0.00195333279552869 0.00195273539284244 0.00157917818869464 0.00195768742705695 0.00294127169763669 0.00390511977020651 0.0175249048508704 0.00660864643286914 0.00634665142279118 0.00685526959132403
0.00291792397620156 0.00293771254364401 0.00300062950700521 0.00294125792570412 0.00310871177352965 0.00341134446207434 0.0031980543746613 0.00342040956020355 0.00345605553593487 0.0034656424773857 0.00394444207195193 0.0110787314828485 0.00418072938919067 0.00452397007029504 0.00554332695901394 0.00664325067773461 0.014421412628144 0.00770489845890552 0.0073060029419139 0.0122896508779377 0.0129884628113359 0.0194175565149635 0.0592964358627796 0.00999083071947098 0.0186545087955892 0.00770452674478292 0.00738093585241586 0.00580211526248604 0.00489265811629593 0.00359306405298412 0.00308651411905885 0.00283178616082296 0.00232985894544981 0.00220388628658839 0.00584698580205441 0.00223087192862295 0.00221802746527828 0.0026393871055916 0.00284713553264737 0.0085939597338438 0.00385326937539503 0.00306121384492144 0.0105793573893607 0.00506618763320148 0.00650962560903281 0.00605177823454142
0.00320559563115239 0.0033089030534029 0.00322933476418257 0.00316548852715641 0.00366091795731336 0.00360014352481812 0.00367877427488565 0.00432142897043377 0.00477265142835677 0.00425732829608023 0.00402558299247175 0.00417841591406614 0.00459351572208107 0.00429396510589868 0.00467329462990165 0.00586058206390589 0.00592501282226294 0.00703481978271157 0.0070797897875309 0.0187106898054481 0.0257713800296187 0.0171539951115847 0.0115551590919495 0.0107402882073075 0.0102931770961732 0.0102728188503534 0.0272476660087705 0.0237008901312947 0.0170070041902363 0.00331706096185371 0.00335876171011478 0.0041523726657033 0.00337827894836664 0.00361996600404382 0.00298297413391992 0.0035679952125065 0.00507814495358616 0.00472889468073845 0.00441561858169734 0.00397180226864293 0.00543368004728109 0.00529343166854233 0.00389935659477487 0.00329439461929724 0.00519953998737037 0.00539353529457003
0.00343670987058431 0.00360851825680584 0.0031499091302976 0.00338397645391524 0.0041276247240603 0.00394182468298823 0.003891108953394 0.00501789008267224 0.00551879000850022 0.00446909482125193 0.00433190185576677 0.00495019028894603 0.00567872794345021 0.00526589071378112 0.00558419423177838 0.0052849002648145 0.00576835642568767 0.00632361727766693 0.00817937226966023 0.0237061327323318 0.00962115586735308 0.00848365956917405 0.0100927070248872 0.0105558802373707 0.025439478456974 0.00947673371993005 0.0104310058522969 0.00691210841760039 0.0044843525858596 0.00490215823519975 0.0051921010017395 0.00465327531564981 0.0055405744118616 0.00363460595253855 0.00792944421991706 0.115950249321759 0.0147096926735685 0.00555926356464624 0.00441307139117271 0.00338018430629745 0.00568500238005072 0.00643536478746682 0.00819346439093351 0.00431070167105645 0.00442932186415419 0.00581118240952492
0.00364761971868575 0.00361217164900154 0.00366429991554469 0.00394058253150433 0.0044679724611342 0.00480986060574651 0.00431455355137587 0.00466602798551321 0.00484493330586702 0.00550356660969555 0.00512361403089017 0.00495460145175457 0.00504302219487727 0.00588354854844511 0.00534321207087487 0.00498657447751611 0.00583781159948558 0.00724437879398465 0.00785113666206598 0.00773828285746276 0.00683887694031 0.0077048466540873 0.00997179159894586 0.00946269310079515 0.0159713230095804 0.00680115795694292 0.00832446864806116 0.0156654554419219 0.0047062445897609 0.00442898599430919 0.00553365002851933 0.00627386858686805 0.0221508098766208 0.00593747068196535 0.00495229330845177 0.00304288087645546 0.0340561528690159 0.0188794089481235 0.00275523476302624 0.0439857788383961 0.0248105054721236 0.00912226499058306 0.00635836266446859 0.00336946010356769 0.00414109511766583 0.00684368873480707
0.00350600280798972 0.00354675289709121 0.00387618953827769 0.00401268596760929 0.00416718085762113 0.00451355883851647 0.00396295718383044 0.00458208359777927 0.00662061544135213 0.0075415703933686 0.00616387072950602 0.00648853415623307 0.00595944412052631 0.00556807746179402 0.00604718616232276 0.00621172324754298 0.00691223833709955 0.00872228005900979 0.00988858612254262 0.0115894891321659 0.00950975702144206 0.00865593072958291 0.0133750549517572 0.0135931714437902 0.00530513615813106 0.00437265418004245 0.00462129493243992 0.00668680551461875 0.00707287695258856 0.00598691417835653 0.00502286576665938 0.00504229422658682 0.0147709428332746 0.00416944222524762 0.00298044903902337 0.00304775725817308 0.00337072010152042 0.00492561005521566 0.00329766768263653 0.0408938161097467 0.0229204086586833 0.0244786631315947 0.00699462539050728 0.00298068062402308 0.00280558715458028 0.00551035106182098
0.00379474959336221 0.00364428791217506 0.00362814471591264 0.00335056534968317 0.00373304777313024 0.00412682108581066 0.00407163118943572 0.00533360727131367 0.00659285518340766 0.00751103986985981 0.0083030704408884 0.00816311063244939 0.00805180920287967 0.00666494793258607 0.00745225641876459 0.00702191670425236 0.0075204900931567 0.00645451610907912 0.00779943400993943 0.0109756534919143 0.00847804183140397 0.0142769247293472 0.0354446996003389 0.00583058877382427 0.00403221761807799 0.00363179583800957 0.00690626446157694 0.00655188802629709 0.00794525784440339 0.00788493598811328 0.00661209211684763 0.00765856485813856 0.00553408220876008 0.00720374640077353 0.00666960873641074 0.0032220077002421 0.00295789545634761 0.00164735322468914 0.00353530407883227 0.00366346214432269 0.00691923145204783 0.00521210669539869 0.00457618099171668 0.00176999418181367 0.0018181519350037 0.00394016851205379
0.00353708278853446 0.00362934290897101 0.00382973707746714 0.00321184785570949 0.00352017565164715 0.00402437134180218 0.00439543894026428 0.0057366045191884 0.00701118763536215 0.00697553339414299 0.00617374163120985 0.00705355922691524 0.00552934864535928 0.00807938622310856 0.00585995954461396 0.00577128403820097 0.00576529232785106 0.00609876979142427 0.00716162016615272 0.00746849216520786 0.00826591090299189 0.00925893667154014 0.0106938839890063 0.00679591777734458 0.00391227956861258 0.00281014392385259 0.0030462606693618 0.00426295993383974 0.006227489374578 0.00386765499133617 0.0055809743469581 0.0040080358972773 0.0025049637304619 0.00337589521659538 0.00332720072474331 0.00156984821078368 0.00253905754070729 0.00280291800154373 0.00397132865618914 0.00381353450939059 0.00397686725482345 0.00260689003625885 0.00371354335220531 0.00131027013412677 0.0013830397190759 0.00294356573140249
0.00353448842652142 0.00326692112721503 0.00330906871240586 0.00356646289583296 0.00369694996625185 0.004708112613298 0.00491482298821211 0.00547586632892489 0.00604998348280787 0.00621816981583834 0.00547479130327702 0.00498965140432119 0.00492841377854347 0.00502752414904535 0.00570200234651566 0.00659053362905979 0.0070561015047133 0.00721253659576178 0.00697846282273531 0.0073216435033828 0.00834102807566523 0.0114819009788334 0.00700597851537168 0.00297981090843678 0.00394911826588213 0.00472655144985765 0.00478834128007293 0.00342603258322924 0.00381958156358451 0.00566458459943533 0.00423105123918504 0.00207251041429117 0.00161920272512361 0.00195610137889162 0.00131339835352264 0.00343439222779125 0.00354551856871694 0.00130712197278626 0.00120826433121692 0.0016330620390363 0.00153425057651475 0.00156115829013288 0.00173187480540946 0.00113016942632385 0.0014912506507244 0.00236318887327798
0.00302038453519344 0.00300389199983329 0.0031681219348684 0.00344088443089277 0.00404458646662533 0.00521202911622822 0.00574593003839254 0.00689013027586043 0.00592058748006821 0.00572738717310131 0.00578466388396919 0.00557285184040666 0.00669583790004253 0.00694984700530767 0.00710558341816068 0.00732367923483253 0.00769025655463338 0.0097060359083116 0.00840193461626768 0.00664286268875003 0.00473892488516867 0.00456777869258076 0.00340064321644604 0.00286768338410184 0.00342327894177288 0.00454300858546048 0.00377650312148035 0.00515926568768918 0.0037922567455098 0.00430416529998183 0.00328054379206151 0.00256867341231555 0.00123306107125245 0.000931433672667481 0.00155059025855735 0.00382844833657146 0.00728347981348634 0.00565081858076155 0.00259090459439903 0.00121824549860321 0.00118769000400789 0.00141914744745009 0.00118668442009948 0.00160316541441716 0.00229352819733322 0.00204066322767176
0.0025954250479117 0.00264023470226675 0.00325676049105823 0.00349880326539278 0.00464762253686786 0.00578738977201283 0.00597173641435802 0.00669702114537358 0.00793887246400118 0.00675852615386248 0.00589556507766247 0.00733099333010614 0.00813078754581511 0.00788380140438676 0.00811348059214652 0.00817682812921703 0.00855123270303011 0.013467900454998 0.0105280533432961 0.00909862285479903 0.00525071914307773 0.00338559625670314 0.00330593239050359 0.0036073440220207 0.00388079835101962 0.00251445601461455 0.00232136840932071 0.00244070171611384 0.00296486155129969 0.00360287360381335 0.00245694235200062 0.00171914261300117 0.00180333900498226 0.000877644596039318 0.00100587598572019 0.00172392222448252 0.00357947964221239 0.00255091303260997 0.00198458323720843 0.0012093867175281 0.000937898445408791 0.00110339350940194 0.00112788799742702 0.00259024923434481 0.00515889986418188 0.00313758093398064
0.00283182098064572 0.00306483178865165 0.00352537424769253 0.00436494648456573 0.00554438149556518 0.0065947541501373 0.00681464080698788 0.00711630103178322 0.0118596008978784 0.00824687364511192 0.00700161722488701 0.00813415138982236 0.00901866010390222 0.00933552486822009 0.0114153827540576 0.0086702243424952 0.00855734772048891 0.0106789323501289 0.0109534355811775 0.00895159323699772 0.00609126663766801 0.00517280665226281 0.00478462367318571 0.00554713532328606 0.00377214767504483 0.00225231976946816 0.00163046607631259 0.00195927517488599 0.00203583696857095 0.00158013682812452 0.00169058371102437 0.00176521411631256 0.00291759690735489 0.0025349231204018 0.00196374848019332 0.00146459694951773 0.00125520899891853 0.00229813812766224 0.00195862725377083 0.00111861722543836 0.00108607864822261 0.00143890019389801 0.00162846358143725 0.00315693686716259 0.00627594632096589 0.00426129901316017
0.0032234646845609 0.00317856869660318 0.00382718176115304 0.00477127369958907 0.00571531199384481 0.00690641035325825 0.00771207590587437 0.00898418291471898 0.00954972333274782 0.00968075832352042 0.00900276070460677 0.00865318230353296 0.00904848617501557 0.0121505571529269 0.012247462477535 0.010716091748327 0.0117436732165515 0.00875767832621932 0.00987482969649136 0.00946141327731311 0.00896669719368219 0.00723897232674062 0.00662894509732723 0.00492055113427341 0.00263618285534903 0.00172135279281065 0.0013124160352163 0.00124449342256412 0.00235403386177495 0.00152677372097969 0.00143897582311183 0.00274952494073659 0.00291889710351825 0.00219500064849854 0.00253754938021302 0.0021051524206996 0.00161744591314346 0.00187649929430336 0.00132972869323567 0.00113551129470579 0.00186882825801149 0.00182306637289003 0.00307917620521039 0.00319616805063561 0.00503322917502373 0.00429583315271884
0.00336891149636358 0.00364779692608863 0.00393406369257718 0.00437841559760273 0.0055632364237681 0.00688621262088418 0.0083632786758244 0.00901949820108712 0.00962550779804587 0.00941611989401281 0.00954244048334658 0.00908653899095952 0.00850413353182375 0.0089791473466903 0.0092266270890832 0.00814733924344182 0.00880355550907552 0.00852236393839121 0.00972489807754755 0.00708814784884453 0.00662040179595351 0.00659474330022931 0.00673908493481576 0.00430740679148585 0.0036682412493974 0.00291331964544952 0.00187739481916651 0.00149501875275746 0.00126472819247283 0.00149941546842456 0.00207117070676759 0.00348633751273155 0.00324180517345667 0.00302661422174424 0.00394146491307765 0.00199075294658542 0.00146338156191632 0.0014878342684824 0.00167485206620768 0.00292447495739907 0.00235166049096733 0.00216334057040513 0.00254272469319403 0.0031178709003143 0.00418481600936502 0.00654244218021631
0.00323710998054594 0.00334623537492007 0.00355248192790896 0.00406475439667702 0.00489069090690464 0.00593096604570746 0.00648909844458103 0.00784046021290124 0.0089096742682159 0.00810516737401485 0.00927445273846388 0.00978376460261643 0.00887542772106826 0.00865484578534961 0.0101203456055373 0.00963930394500494 0.00750906663015485 0.0078422995749861 0.00716953855007887 0.00522575699724257 0.00489858379587531 0.00442649198230356 0.00437397146597505 0.00274940682575107 0.00218500589253381 0.00189299916382879 0.00198194837430492 0.00161618173588067 0.00121170824277215 0.00139411400305107 0.00156106855720282 0.00227381895529106 0.00264548198319972 0.00254382770508528 0.00341224237345159 0.00238012955524027 0.00214324722765014 0.00165427869651467 0.00233833908569068 0.00314703988842666 0.00286965796258301 0.00256605797912925 0.00293279504403472 0.00404917155392468 0.0046667842194438 0.0054624896729365
0.00331552440766245 0.00356468041427434 0.00359265771694481 0.00390433487482369 0.00461202785372734 0.00482272908557206 0.00561648905277252 0.00657407674007118 0.00740810218267143 0.00774537995457649 0.00784621778875589 0.00791308898478746 0.00858593019656837 0.00968473255634308 0.00897539402358234 0.00908609493635595 0.00656775957904756 0.00678679533302784 0.0057396047282964 0.00497858237940818 0.00458135134540498 0.00318143330514431 0.00295429660473019 0.00296174401883036 0.00273652777541429 0.00197248882614076 0.00225643054582179 0.00213433785829693 0.00203992465976626 0.00168727324344218 0.00223696789471433 0.00339332080911845 0.00625605499371886 0.00352226535324007 0.00267344838939607 0.00258383057080209 0.00226724047679454 0.00202470947988331 0.00280912851449102 0.00329743921756744 0.00324276692699641 0.0027808147482574 0.00371449417434633 0.00469250080641359 0.00542056569829583 0.00702290185727179
0.00306840261910111 0.00333238481543958 0.00348743633367121 0.0037032418884337 0.00383257549256086 0.00451418797019869 0.00501230214722455 0.00610097674652934 0.0064374343957752 0.00668558166362345 0.0070074419490993 0.00762255666777492 0.00808512838557363 0.00734736495651305 0.00672390083782375 0.00630618850700557 0.00575465764850378 0.00621634144335985 0.00543291394133121 0.00640528216026723 0.00536034486722201 0.00321889400947839 0.00259717458393425 0.0026428445475176 0.00226848620222881 0.00185213650111109 0.00217320201918483 0.00205183979123831 0.00163841509493068 0.0017389592831023 0.00236092713894323 0.00321070195641369 0.00316935690352693 0.00281098056584597 0.00259008596185595 0.00287538564298302 0.00232990989461541 0.00253682574257255 0.00322729791514575 0.00328645505942404 0.00324217570014298 0.00346178764011711 0.00504471217282116 0.0054099680390209 0.00571098742075264 0.0057721967343241
0.00297593006398529 0.00297925220802426 0.00289946456905454 0.00300126201473176 0.00341183796990663 0.00365616695489734 0.00454135129693896 0.00547208040952682 0.00637458651326597 0.00697731645777822 0.00648534339852631 0.00659387772902846 0.00568806529045105 0.00546248140744865 0.0050052139442414 0.00515960853081197 0.00484258467331529 0.00501974099315703 0.00509910522960126 0.00654439055360854 0.00550106675364077 0.00309888091869652 0.00260244878008962 0.00248796785017476 0.00202572148991749 0.00211355007486418 0.00207494848873466 0.0020320977200754 0.00205988053930923 0.00199047655332834 0.00237097893841565 0.00257528013316914 0.00278973556123674 0.00260271825827658 0.00251733750337735 0.0028597651515156 0.00254614977166057 0.00298341049347073 0.00305200861766934 0.00313152051530778 0.00311259247828275 0.00470972238108516 0.00565843908116221 0.00578373847529292 0.00586323766037822 0.00586609370075166
0.00258683259598911 0.00279734584037215 0.00281019401736557 0.00292973124887794 0.00329512304160744 0.00377864737529308 0.00411954985465854 0.00460376548580825 0.00488723677117378 0.00514930016361177 0.00527393007650971 0.00491016721352935 0.00470804306678474 0.00490534326527268 0.00477191440295428 0.00440651006065309 0.00408788532949984 0.00407100105658174 0.00420393226668239 0.00442992229945958 0.00421315552666783 0.00321984414476901 0.00277633578516543 0.00233924689237028 0.00217009870102629 0.00223346137208864 0.00219312006374821 0.00210854735923931 0.00239877854473889 0.00214823696296662 0.00245431110961363 0.00249955232720822 0.00245882191229612 0.00474426788277924 0.0027059716754593 0.00239680181257427 0.00265679776202887 0.00281465200241655 0.00331007326021791 0.00373402191326022 0.00492232735268772 0.00586628466844559 0.00614220160059631 0.00557464021258056 0.00616785828024149 0.00810723258182406
0.00250432339962572 0.00254495001863688 0.00263993463013321 0.00295416051521897 0.00345191813539714 0.00356029511895031 0.00402692982461303 0.00413600816391408 0.00447567307855934 0.00438582445494831 0.00435320609249175 0.00414272928610444 0.0047757803928107 0.00532621126621962 0.00582781913690269 0.00517628770321608 0.00460548382252455 0.00423129261471331 0.00428034497890621 0.00404813152272254 0.00337085858918726 0.00311570730991662 0.00262262105243281 0.00255104204406962 0.00261121846269816 0.00227818191051483 0.00219484004192054 0.00223757061176002 0.00213484407868236 0.00202170270495117 0.00225194393424317 0.00255909016123042 0.00439164536073804 0.00479975126218051 0.00608778465539217 0.0044141081161797 0.00433599685784429 0.00447713804896921 0.00868696081452072 0.00843733088113368 0.0108576451428235 0.0130523190367967 0.00689642708748579 0.00672789830714464 0.00731663522310555 0.00788550265133381
0.00239401110447943 0.00220487378537655 0.00227817957056686 0.00269610118120909 0.00287130686920136 0.00307954964227974 0.00323948140721768 0.00354718435555697 0.00366120527032763 0.00348180080763996 0.00365784354507923 0.0040535144507885 0.00456936636473984 0.00481726506259292 0.00478550049010664 0.0042520119342953 0.00411104781087488 0.0042697377037257 0.00415449249558151 0.00373693320434541 0.00347446985542774 0.00313140081707388 0.00291931824758649 0.00271900079678744 0.00252473244909197 0.00244166088523343 0.00243729281937703 0.00213192311348394 0.00210880289087072 0.00249923751689494 0.00410718036582693 0.00562499535735697 0.00655467340257019 0.006525933672674 0.00624390644952655 0.00141274439520203 9.64235306292416e-05 0.000197231130905462 0.000989283865513357 0.00724066006951034 0.0114227206911892 0.0101490501780063 0.00991842718794942 0.0105897818226367 0.010093214828521 0.00996907381340861
