Scripts_&_data/Maxent_result_files_2/B_fragrans_2.asc
NCOLS 594 
NROWS 330 
XLLCORNER -15 
YLLCORNER 23 
CELLSIZE 0.166666666666667 
NODATA_value -9999 
[rows 105 to 125 of 330, columns 460 to 505 of 594]
6.23125682295722e-05 5.52104243297435e-05 5.85312014209194e-05 5.7632273683339e-05 1.54854469599286e-05 7.73635992743493e-06 1.25172266706386e-05 2.38359527941157e-05 1.54520792531088e-05 1.45813337780964e-05 7.80593678797459e-06 1.42999043351799e-05 1.15497574768142e-05 1.8148715822619e-06 2.83090051400592e-10 3.44590343037687e-08 3.5587438977136e-06 4.45941273427008e-06 2.55092179315852e-05 1.72469756758886e-05 9.64894832911067e-07 1.05114616185564e-05 0.000290302276198418 2.65240587467019e-06 4.55103562480019e-07 2.34549952693897e-05 4.82807125024465e-05 4.81807873859985e-06 3.27507960075302e-05 0.000145895099610627 1.39913758892884e-05 8.8039547915697e-06 5.45011438413123e-07 3.90234697480452e-06 2.90512169853763e-06 1.26543727745343e-05 1.11986657600482e-06 4.80190953226156e-05 0.000188511768874378 3.49652406967493e-05 2.19402072353603e-05 8.78297625428459e-07 1.53725986097308e-06 4.89258310413243e-06 5.52631256141467e-05 6.86066159232723e-05
3.62201592218891e-07 5.05988267036628e-06 5.10907983425568e-05 3.83534516913642e-05 5.87266454658675e-05 6.31514834367408e-05 2.31499719505202e-06 1.81037229083358e-05 7.56429116254287e-06 2.0701319192018e-05 6.32007232472809e-06 2.62250987181911e-07 1.06287363779045e-05 8.85576997444737e-07 7.73964184741516e-08 8.1315071520649e-08 2.30022370685257e-06 2.98083167465935e-06 3.74411640251537e-06 2.29095434503779e-05 1.50143047204065e-05 1.42994910738548e-05 0.00020482713453589 8.95866683344737e-06 4.5487472563055e-07 3.54558046380626e-05 0.000531205666402457 6.01417563416362e-05 1.55332612528092e-07 2.97329089439247e-06 6.08313154771167e-05 3.91336493592576e-06 8.08634284226173e-06 4.33784082609634e-07 3.03310791025524e-06 1.16044650972924e-06 1.15537297347146e-06 9.95494368982719e-07 4.16770458055993e-06 0.176639366149902 5.71854155566598e-06 1.21653370523944e-06 1.47714324015169e-05 4.54475580231595e-06 1.03721191611061e-06 0.000271513615530239
1.96851881812954e-06 9.61430953339004e-06 1.1916797110767e-06 2.51646367455116e-07 3.16505320796523e-07 1.67114540658986e-06 7.25465920368151e-05 9.99077410597238e-06 2.49067376217882e-06 1.12632753631603e-06 7.89934306766327e-06 2.39769791228417e-05 1.66054300200336e-05 1.92508264490243e-05 8.05636556378886e-05 3.7312935717182e-05 1.45013753799939e-05 3.34574181266589e-06 8.64673440237329e-07 2.45409624994863e-06 1.68588292263294e-05 1.22698521839104e-05 3.12845004850737e-05 4.29854451500233e-05 1.86041229881084e-05 0.000135088563894215 7.26219940247685e-05 4.25408483550882e-06 2.11082153199982e-05 7.96257648119081e-06 2.76785765151999e-06 3.12916474882741e-06 1.72654369436032e-05 1.84151001974775e-05 3.39002230775876e-07 3.46593056954614e-07 4.76102648505616e-07 9.90645712235505e-06 0.000298546389967669 9.66796619934485e-06 1.26209928916765e-06 5.9843283208183e-06 9.34023960774688e-07 1.95611064299772e-06 4.52431251085628e-07 2.15782752182037e-06
4.99819481944996e-06 1.3150069457879e-05 2.2078817800697e-06 6.80758361477629e-06 1.71477483222882e-06 1.47493593885883e-05 7.61083199876111e-06 1.78064568570058e-06 3.9456665610782e-06 3.1390908284834e-05 3.43124437193199e-06 1.1877076451583e-05 1.29541199979877e-05 7.86966622627006e-05 2.72995375098617e-05 4.11817528629399e-05 2.96501787033776e-05 9.2177742885724e-06 3.41630137701276e-07 3.66503459474643e-06 0.000135788868293574 2.90827251700598e-05 2.53542253272343e-06 6.59545546977114e-07 4.3917048515163e-05 7.60096349722517e-05 7.02054359038584e-05 4.45879772144053e-06 2.68939219232323e-06 5.81779216730638e-05 9.44035568595236e-07 5.81139407870523e-05 8.21034960329925e-07 4.73064582751093e-07 8.28570502563464e-06 2.15460973475579e-05 5.21922584511003e-06 9.77711749960974e-07 2.30521318206334e-06 1.04675743988203e-06 5.79277696601821e-06 4.07179074457531e-07 3.93533599662987e-06 2.02184780478287e-05 0.000302144797274195 0.000328748700758297
1.48170999409558e-05 7.53713329970651e-06 2.28594089094258e-05 4.40548888036574e-06 3.1785054122313e-05 6.93355024594666e-07 8.68697584301969e-06 3.24094922234508e-05 1.63325961693772e-05 8.53217043186305e-05 4.01913025598333e-05 4.15686363908208e-06 8.89622180935135e-06 1.9109894731173e-05 3.44157451536375e-05 2.9911833667029e-05 1.05678747672755e-05 4.80177495546741e-05 4.975969667953e-05 6.75032541841425e-07 4.7684221022859e-07 1.20793711440026e-06 9.70403904054784e-07 2.43912538288038e-06 5.42477818710196e-07 1.13805631585251e-12 1.18632409893626e-05 5.34143722319413e-06 1.16634297864238e-06 3.37371159186972e-07 5.72929279059053e-05 1.16638057845453e-06 9.34153967315776e-06 5.17406523364627e-05 5.6595401026982e-06 1.63488943101697e-05 8.28146594606949e-06 1.52555726060655e-06 5.17994678716605e-05 1.48011919828051e-05 2.7208806267276e-06 2.86594717705424e-05 2.07560582050625e-06 7.26326361277785e-07 0.000544287809952948 3.6047036976683e-06
6.05960799475724e-06 3.19015391312405e-06 6.31098832855059e-06 8.70590789769921e-07 2.23401312017257e-06 5.45242739462992e-05 7.39533404612303e-05 1.82618759197339e-05 1.44821019574692e-05 3.6756699750462e-05 7.52396332245553e-05 7.18323305591184e-05 2.3455042210685e-07 2.63777412961019e-06 1.75773231814169e-06 7.92071211890288e-06 5.45305534615181e-05 7.63323423825568e-05 8.17105991245626e-05 7.84410172855132e-05 3.41139437068705e-05 2.95179795557488e-05 7.55846852371178e-05 7.13078766011677e-05 7.37885012414008e-07 2.70101718113924e-07 9.65446147217497e-06 0 5.14301079657109e-07 1.44416970904171e-06 3.44583142464217e-05 3.02279927621996e-07 9.36125630124351e-08 5.55111512312578e-17 2.68122968272166e-11 2.94780995779842e-07 1.2676779401577e-05 0.000258269466144156 6.65531535008257e-05 3.63338512306965e-06 1.83969860216848e-05 1.34905406703467e-05 7.63454298109423e-06 6.97037724606275e-06 2.27682470139712e-06 8.10355511930538e-05
8.21220429543246e-06 4.78783237667813e-05 1.08716971567446e-05 8.41099792125988e-07 1.22813428902191e-05 7.74259825448098e-05 8.20398298856162e-05 1.94685684697049e-05 1.99450033150583e-05 7.8066381638564e-05 8.27871664114355e-05 2.0072637244084e-05 9.29168442951323e-06 3.26878732266778e-05 1.3094105557343e-05 4.4597634424548e-06 1.26429313070275e-05 7.00423593957833e-06 1.40201946805973e-05 0.000133486568302033 0.000199343408525854 0.000270105682999877 4.19748443164281e-05 3.57558063797114e-05 8.17316780285182e-05 8.12057809525868e-05 5.61623519843124e-05 1.33591676217293e-05 1.37817727676293e-05 8.10018670733825e-06 4.29558689375442e-05 9.01537922651796e-06 8.75295150670752e-07 2.31322841330872e-06 6.52306862320984e-06 3.81329703764699e-06 1.25969294032302e-05 9.90970544183511e-06 3.53799202219562e-06 6.99749338384237e-06 4.98292708890347e-06 4.99862721712319e-06 3.1461522206655e-05 5.07296051182493e-05 1.50140190697812e-06 1.86807809086531e-05
4.53908387783031e-06 9.84343854725012e-05 4.24724692948075e-05 9.78277243120829e-05 5.1254174695714e-05 9.63456696808862e-05 8.63132877839234e-05 8.86805754362285e-05 9.01185353086476e-05 8.89306635144749e-05 0.000124518528264161 0.000145152065488219 2.05047225790622e-05 2.18093739311476e-06 7.57670976341274e-06 3.98120409499825e-05 6.26568682491779e-05 2.62903858356367e-05 9.49948802599465e-05 5.11626953311861e-05 8.43220409478818e-05 2.92438016032293e-05 3.30224996076822e-06 1.17815142846034e-06 5.48154774397958e-06 7.93919769421336e-05 5.94192561720774e-05 5.28277708333746e-07 9.44906587108107e-06 9.09430254631971e-06 3.64687445539857e-06 2.52384148485163e-05 1.78148784604204e-06 3.44407513530598e-06 2.87458679686381e-06 0.000680067769917514 6.33275985482129e-06 8.27710933082315e-07 2.18317698454928e-06 2.89451033275157e-05 4.85452207579229e-06 8.05442767175535e-06 6.63698480103392e-06 6.50160058910387e-06 0.000187723294190789 0.000110428235969096
0.000130895364418393 0.000109572439396288 0.000102633732058166 2.65191156813671e-05 7.93204768797295e-05 8.86967534825089e-05 9.49436438986595e-05 0.000104933662805706 9.05224775124225e-05 8.91885981218366e-05 0.000159468141646357 0.000164975754887564 0.000154605327406898 2.4361239479731e-05 8.24272980821661e-06 8.52226049801175e-06 5.8579966690786e-06 4.30287748827141e-06 1.92135208969546e-06 7.19331758091801e-05 1.58132313572423e-05 2.62555510957441e-05 3.60660619628583e-05 8.56677068590273e-06 1.39355303081956e-05 4.88696187348481e-06 4.53614850357553e-05 4.97381860731227e-07 2.18070901823353e-05 0.000121362493018751 2.01057860744314e-05 3.89740218398327e-07 4.23773966772956e-05 0.00229808465538213 0.0766393661499023 0.000295327258413014 0.000933667627396062 5.68871316363184e-06 6.45332939477328e-06 5.90843336478741e-06 6.01377630431443e-06 9.94933913123219e-06 1.7195523614788e-06 5.54765880224295e-05 1.0430198051381e-05 6.18788129713721e-05
9.01798587619851e-05 1.92451264069859e-05 2.88799719328381e-05 9.47674167832702e-06 8.63025840772025e-05 8.66713837240241e-05 9.33180763240671e-05 0.000171641799204281 6.38458687262755e-05 9.31247292555781e-05 9.8570588261282e-05 0.000100468818300214 0.00017218801931449 0.000163031364536437 0.000141456129676953 1.14064112807455e-05 0.000146115190364071 5.46954196806837e-05 6.14510208905017e-06 9.56271134100461e-06 3.63347469027886e-06 6.07176192296777e-05 2.06950561953967e-06 2.07337247616124e-05 4.23358125317463e-05 2.90596463173642e-05 5.13539049734391e-05 9.07253039713396e-05 1.71723092953213e-06 3.05374817726189e-06 4.19059396123966e-06 2.67761576878911e-05 1.02910026788416e-05 0.000108761817812031 0.000317665626744201 1.14413103973199e-06 8.89232260729012e-06 7.84344231448131e-06 6.204493694284e-06 2.77528228194157e-06 2.19084415508775e-05 0.000150026905248524 1.52047653017462e-05 2.87300033505744e-05 3.1662185233472e-05 5.62492283506799e-05
0.000111869017928257 0.00012833924847655 0.000160368467732042 2.49379385877546e-05 6.91071562414436e-05 9.10811096673569e-05 9.5667985988257e-05 9.14432360787032e-05 9.76274021923018e-05 0.000100679073057108 9.08244580386963e-05 8.55499065437471e-05 1.60137565544005e-05 3.81427625598008e-05 4.69506349418225e-05 5.45443165037796e-05 9.37303166665515e-05 1.75298165672189e-06 1.48985658142919e-05 5.21586142895103e-05 0.000112621256539569 5.42430327413967e-05 3.28480028219946e-06 1.83088341028093e-06 1.67147120868627e-06 0.000111895618374547 8.23346654669876e-05 9.24142634630698e-05 2.94975615560134e-06 3.06811544305674e-05 4.01313241951584e-05 1.5639877846918e-06 1.68479198225935e-07 1.93838119233458e-06 1.75006475693351e-06 6.67749849867505e-06 9.85377440976265e-07 2.18644174809768e-06 2.80253265650288e-05 8.71364077985603e-06 1.67818764907679e-05 3.7228054714511e-06 4.80828620652574e-06 0.00010954969247905 6.25229136858252e-05 5.36841426082901e-05
8.48808916089183e-05 0.000100989005568408 0.000161377699259901 0.0001551491808641 1.41195604527411e-05 1.37732063940632e-06 0.000115496207217802 0.000105819017062458 0.000176519943488529 9.94452512259159e-05 0.000102876271512287 6.84536170410866e-05 9.89996174666885e-05 8.00375884409732e-05 8.79584569702274e-05 7.93827367715494e-05 0.000125154555644258 7.14341368279747e-06 4.88204611315268e-06 2.48190401947568e-05 0.000133789066330792 4.98225754881787e-05 2.43406679425462e-06 3.69379518079249e-06 1.12020817688574e-06 3.61541521486375e-06 6.73814991785093e-05 1.49525221004865e-07 1.19419247601726e-07 2.15756179896331e-05 3.88376533578594e-05 8.15718407061183e-06 2.49697581844455e-07 6.368847380811e-07 1.26666623253557e-06 2.19765029427776e-06 0.000344543050309021 3.18496718847427e-06 1.86931915211019e-05 8.61188371015231e-06 6.39372978716857e-07 2.23405563024581e-06 5.51275421230457e-05 5.20082020784685e-05 1.99933368890015e-05 2.15018492781383e-05
0.000223633278801572 0.000143698607280385 0.000109573607824132 0.00018887106962211 0.000111431555342278 0.000126089860259526 0.000223726396507118 0.000176394153095316 4.2551660811796e-06 3.67680045201269e-05 0.000158858009490359 0.000116138194971427 6.50509980005154e-05 9.85005757684121e-05 0.0001401948999046 1.60852710975323e-06 0.000113605097885738 1.39336940172541e-05 1.02613024495213e-05 3.3392296643342e-06 1.18928331298562e-06 1.20008563778695e-06 1.07887778710847e-05 2.89715484541375e-05 4.64243031274236e-05 1.18563287330176e-05 2.40953079821971e-07 8.72368843829463e-13 3.08923458613997e-07 3.75923727613525e-07 5.34727913418465e-05 6.32810615608381e-06 3.08409503624318e-07 1.73040895279364e-07 3.80397802075549e-06 8.12292089968913e-07 4.57494053829333e-07 1.62494823841008e-07 1.33912622242605e-05 9.91497990412427e-05 1.50603557103057e-06 3.13180681246195e-05 9.44247352094862e-06 1.1643533409611e-05 1.16883518536115e-06 7.11388444347705e-06
0.000188707352208439 0.000114447697342257 0.000213048290606821 0.00011804357109213 0.000126008415736578 0.000140999853829271 0.000231135261492454 2.3460189186153e-05 0.000211680908978451 1.30071917169516e-05 0.000117317127387651 0.000129528245633992 0.000175181051963591 0.000195238398919173 9.72400496266346e-05 8.99073367691017e-05 0.000143702144487179 0.000137987263315154 7.52539790767059e-06 3.66478616342647e-05 4.98353786304584e-07 3.06246594277582e-05 8.78516208331348e-06 1.72213633959473e-05 2.30883396795667e-06 1.52853129680608e-05 2.3509083612594e-06 1.99831277395424e-06 5.68385597921051e-06 5.05815804163756e-07 7.64806126096751e-08 4.55012438016489e-07 1.2243020380831e-06 7.19574337049167e-07 5.76347680407707e-06 1.98632525104436e-05 4.74542432349345e-06 2.14397428810464e-07 1.24893990459896e-05 2.51003451985476e-05 8.58173819324293e-05 8.78417875355808e-05 8.06085597105266e-05 1.27861072968471e-05 9.22933504803325e-06 1.77860707140098e-05
0.00017836466904555 0.000173702706888434 0.000188828181853751 0.000196250846784096 0.000135669162682461 0.000153806129492295 0.000223747086056392 0.000303222042566631 0.000617060039076023 0.000940831220941618 0.000843893026467413 0.00165134319104254 0.00058168523828499 0.00019889721806976 0.000195998889466864 0.000105320998000025 4.5073237924953e-05 2.54316042628489e-05 5.1739802938755e-05 9.9458044178391e-05 7.20589376669523e-05 9.93150630677064e-06 7.3895009336411e-05 3.64089523665623e-06 1.08696692620924e-05 3.53114191140591e-06 1.30110205418532e-05 8.20522525373235e-06 2.28149084250617e-05 1.08743922680787e-05 6.14381785207785e-06 2.47267701740661e-06 4.20383898014354e-06 1.46855930225342e-06 3.69715170840057e-05 1.89669488036559e-06 2.34866139258161e-06 3.0719116466571e-05 7.14504395371574e-07 1.91050014393568e-05 6.72583730192855e-05 0.000510232747183181 0.000349514695699327 2.65065326857439e-05 2.77844579841258e-05 0.000169051012198906
0.000347203107958194 0.000174986488127615 0.000433863789658062 0.000540071725845337 0.000188326500210678 0.000239845451142173 0.000223770043521654 0.000191498556523584 0.000136729523819668 0.00023367047397187 0.000216955152427545 0.000219877518247813 0.000226060477143619 0.00118273085099645 0.000204327741812449 0.000197178878261184 0.000103035735492085 0.000156218631855154 0.00010682734873626 1.50557761486425e-05 1.11275266988287e-05 9.17969048828127e-06 6.39644264083472e-05 9.45728586884798e-05 0.00016719796549296 0.00041511811723467 7.55026639126299e-05 6.02794495762282e-05 7.58711670641787e-05 5.03480670808187e-06 4.70218800217026e-06 4.40565228018386e-05 2.35599239658768e-05 8.18710353103214e-06 6.94390273707768e-06 1.61325173735349e-06 1.51960615163205e-05 4.27547576293819e-06 1.40024373649794e-05 7.98702437236898e-06 1.26545479413043e-06 9.67373940896632e-07 2.72975502824124e-06 4.10358362046281e-05 9.13317471713526e-05 3.0240927183911e-05
0.000174569328373764 0.000216113986971322 0.00030796932260273 0.000219336725422181 0.000242345741571626 0.000266650306730298 0.000232669222168624 0.000740683369804174 0.00227709116879851 0.000257204363879282 0.000209870243998012 0.000234557378280442 0.000220069064744166 0.00021075988188386 0.000368809030624107 0.00116188770043664 0.000143943616421893 0.000170846604305552 7.91979551877375e-05 7.56878062247779e-05 4.19432391481678e-05 0.00010904366899922 0.00013692967913812 0.00044215485395398 0.000794401695020497 7.61063754907809e-05 8.22263427835423e-05 0.000187311974150361 0.00041063939279411 0.000103370027136407 6.71118967147777e-05 0.000187123193609295 0.000762390732415952 0.000924895011121407 1.36359054295099e-05 6.13495536526898e-05 0.000157623867562506 0.00104050646768883 0.00011293427815815 2.74484960315347e-05 4.67377460445784e-06 6.19635798049245e-07 1.40115995216794e-05 2.3828159189776e-06 9.5543623501726e-05 2.61167549979291e-05
0.000402890439727344 0.000217472954682307 0.000248539794120006 0.000231198981782654 0.000225132985360688 0.000246802270703483 0.000697758933529258 0.000566216593142599 0.00144250739831477 0.0171290803700686 0.00346778186503798 0.00169318728148937 0.00271963207051158 0.0019641510094516 0.000827517174184322 0.00192025520373136 0.00183758831117302 0.000117067535029491 0.000131289483215369 5.49164915355504e-05 0.000123930812333128 0.000137217150040669 0.000129824760369956 0.00146489356411621 0.00181208100402728 0.000169295704108663 0.000163707717001671 0.00011378003957816 0.000477887666784227 0.000223068227933254 4.12133891586564e-05 5.621295781566e-06 0.00100426857243292 0.000829035509377718 4.6977192232589e-05 2.41480622712231e-05 1.49692860219153e-05 1.03394155021919e-05 6.60630566017062e-05 7.69751673942665e-05 5.27046240961226e-06 9.52043830693583e-05 0.000146456990478327 3.31142849972821e-05 6.92985822752235e-05 8.69266747940856e-05
0.000966684828745201 0.0019901750376448 0.000257493775279727 0.000111104906500259 0.000242358486866578 0.000460449885576963 0.00123793403035961 0.000781115831341595 0.00109812059090473 0.000247150138602592 0.000677136651938781 0.00211562309414148 0.00429665828123689 0.000957484316313639 0.000332607701420784 0.000355052435770631 0.000330100650899112 0.000358487301855348 0.0006652127194684 0.000749003072269261 0.00018622008501552 1.9031651452428e-05 2.25794924970657e-05 6.03481126745464e-05 7.68192835039372e-05 4.67711258806958e-05 1.10660594216938e-05 9.96921316656074e-06 3.07218767375161e-05 1.08905888382083e-05 8.25611698019202e-05 2.1397916702881e-05 0.00178454003762454 0.000271773029817268 1.57408743632459e-05 0.000127937768775155 0.000143184214175562 6.00096500420477e-05 6.87636327256769e-05 0.000162533704133239 2.5146572443191e-05 7.34805244974268e-05 2.10055156912858e-05 8.49079448350665e-07 6.63325575260387e-05 3.2003690739657e-05
0.000178373729977466 0.000235280318884179 2.93270202746498e-05 3.44942644167845e-05 0.000251782281702617 0.000742954437737353 0.000375147565500811 0.00025570709767635 0.00022769629576942 0.000316233509511221 0.000394052057527006 0.000313373096287251 0.000243715727992821 0.000233637303608702 0.000180760236617061 0.000186858626329922 0.000155698515663971 0.000136492308411107 0.000147355481385603 0.000260456296382472 0.000443586165783927 0.00219480532687157 0.00359997083432972 0.000357577995319502 0.0013413796084933 0.00159279488725588 0.000273875869606854 0.000243813282577321 8.86359546711901e-05 0.000384695759566966 0.000617246038746089 0.00492103369906545 0.000532285164808854 0.000144432781962678 7.9241083699344e-05 0.000117068081726757 2.32524162669279e-05 6.1555727643281e-05 2.89561562923923e-06 2.47635227300647e-06 3.96720227106018e-06 6.00218560700139e-06 8.32436874588893e-05 3.57913610514515e-05 8.75013938639313e-05 9.9387934551487e-05
5.78749042402626e-05 0.00024431169294985 0.000312258338090032 0.00010880604093586 0.000279126342502423 0.000272034169756807 0.000922900543082505 0.00144419894786552 0.00201701897894964 0.000655999549780972 0.00149464994901791 0.00193661985686049 0.00214927786728367 0.00121015306212939 0.000427454890450463 0.000191678488772595 0.000196729476556357 0.00018740872546914 0.000439020249177702 0.000552318277186714 0.000203401092585409 0.00028238953455002 0.00021535951673286 5.35271816731187e-05 3.1296261303515e-05 1.27454216650058e-05 0.000348447833675891 2.01096570904724e-05 0.000121482050599298 4.99520968332945e-05 0.000182138988748193 0.00041758703882806 0.000143147543531086 6.2501571028406e-05 0.000111805297910905 9.95041762962501e-05 0.000125753225620429 2.60809376982252e-05 0.000111596579336037 6.54090857210576e-06 0.000226821028627455 0.000615515600657091 0.00159169179387391 0.00160112372832373 0.00106972694047727 0.00175608904100955
