Scripts_&_data/Maxent_result_files_2/B_fragrans_3.asc
NCOLS 594 
NROWS 330 
XLLCORNER -15 
YLLCORNER 23 
CELLSIZE 0.166666666666667 
NODATA_value -9999 
[rows 273 to 293 of 330, columns 184 to 229 of 594]
-9999 -9999 -9999 -9999 -9999 -9999 -9999 -9999 -9999 -9999 -9999 -9999 -9999 -9999 -9999 -9999 -9999 -9999 -9999 -9999 -9999 -9999 -9999 -9999 -9999 -9999 -9999 -9999 1.41313138101395e-05 7.86772778155864e-05 0.000358257725747535 0.000577220822742674 0.000169723096223606 2.83504932212963e-05 2.20440924294962e-05 4.35127573382488e-05 1.23881827448713e-05 6.28758341463254e-06 3.68039618479088e-06 1.59125036276464e-06 1.0210501130814e-06 7.4066097468517e-07 4.45208327093383e-07 2.49599493962194e-07 6.87883785133181e-07 -9999
-9999 -9999 -9999 -9999 -9999 -9999 -9999 -9999 -9999 -9999 -9999 -9999 -9999 -9999 -9999 -9999 -9999 -9999 -9999 -9999 -9999 -9999 -9999 -9999 -9999 -9999 -9999 6.13222401852909e-06 4.13330861192662e-05 7.86694248745334e-05 3.66500500604161e-05 0.000196752736519556 3.05006897178828e-05 6.87481031604875e-06 3.81871839181258e-06 2.65667976862005e-06 1.4420539187654e-06 9.00130213921102e-07 6.64509370551514e-07 5.72293615874742e-07 4.02440907976143e-07 3.24076152580233e-07 2.61270039914052e-07 1.84376241207929e-07 1.69934609051126e-07 -9999
-9999 -9999 -9999 -9999 -9999 -9999 -9999 -9999 -9999 -9999 -9999 -9999 -9999 -9999 -9999 -9999 -9999 -9999 -9999 -9999 -9999 -9999 -9999 -9999 -9999 -9999 2.24013307930093e-06 6.81713270296314e-06 5.95349679315405e-06 7.44651788409101e-06 1.02838297834751e-05 7.72584610331251e-06 3.4821712830535e-06 1.99293314437909e-06 1.42108011544906e-06 1.012638450959e-06 5.7183092749824e-07 3.94746404808188e-07 2.93073686208345e-07 2.76498223072963e-07 3.16539664879656e-07 2.7019498016756e-07 2.53004256478562e-07 2.34683117383838e-07 2.15919608947956e-07 2.08545797519832e-07
-9999 -9999 -9999 -9999 -9999 -9999 -9999 -9999 -9999 -9999 -9999 -9999 -9999 -9999 -9999 -9999 -9999 -9999 -9999 -9999 -9999 -9999 -9999 -9999 -9999 -9999 1.07422571247184e-06 1.82641148001039e-06 2.01384801528093e-06 2.59124207673267e-06 3.00958923560302e-06 1.94365856032164e-06 1.25710067209184e-06 8.95576150838906e-07 6.80194115432187e-07 5.00170091299879e-07 3.50513724001189e-07 2.62055561961461e-07 2.36519741925179e-07 2.33710244579299e-07 1.99126909450342e-07 1.97022428061189e-07 2.19566776493707e-07 2.52379473053566e-07 2.72314363947146e-07 2.99973012296562e-07
-9999 -9999 -9999 -9999 -9999 -9999 -9999 -9999 -9999 -9999 -9999 -9999 -9999 -9999 -9999 -9999 -9999 -9999 -9999 -9999 -9999 -9999 -9999 -9999 -9999 -9999 5.58201248068713e-07 1.08082933252263e-06 6.74057158533969e-07 1.14451765966805e-06 1.16183264111669e-06 8.51817632252505e-07 6.45016907441232e-07 5.0585815003501e-07 4.6214811959544e-07 4.0027350216576e-07 3.18095568729859e-07 2.65774575680666e-07 2.28947009262015e-07 2.06766127597291e-07 1.90961374535448e-07 1.80001201144364e-07 1.82884182109433e-07 2.52123109589775e-07 2.98631088924139e-07 3.15422130192644e-07
-9999 -9999 -9999 -9999 -9999 -9999 -9999 -9999 -9999 -9999 -9999 -9999 -9999 -9999 -9999 -9999 -9999 -9999 -9999 -9999 -9999 -9999 -9999 -9999 -9999 -9999 3.34523892853156e-07 4.2877669130803e-07 4.75936765198526e-07 5.86718271478048e-07 5.27804558103639e-07 4.50688096975682e-07 3.94848213147725e-07 3.30778959245492e-07 3.44822463915762e-07 3.32588135876222e-07 2.82079517432976e-07 2.43287376378021e-07 2.12633969631781e-07 2.12538462918133e-07 2.04095217704037e-07 1.94505910933174e-07 1.99301727832335e-07 2.22149042627962e-07 2.63899637964471e-07 2.76331602400148e-07
-9999 -9999 -9999 -9999 -9999 -9999 -9999 -9999 -9999 -9999 -9999 -9999 -9999 -9999 -9999 -9999 -9999 -9999 -9999 -9999 -9999 -9999 -9999 -9999 -9999 -9999 5.09972858253605e-07 3.05411920464849e-07 3.50126440551435e-07 3.862655237441e-07 3.16300670277769e-07 2.86634807267205e-07 2.82054895173189e-07 2.90218537379872e-07 2.9657298998842e-07 2.84663908445282e-07 2.60231690774049e-07 2.22639523705936e-07 2.01560240675747e-07 1.86289154502361e-07 2.19780527466185e-07 2.09289748465125e-07 2.17577337746633e-07 2.40881177226981e-07 2.70017812376011e-07 2.69990779955265e-07
7.79169539555369e-07 9.07115879300591e-07 2.76778138754707e-06 -9999 -9999 -9999 -9999 -9999 -9999 -9999 -9999 -9999 -9999 -9999 -9999 -9999 -9999 -9999 -9999 -9999 -9999 -9999 -9999 -9999 -9999 -9999 -9999 2.87590548353478e-07 2.52329287420139e-07 2.90180280160257e-07 2.87423952904931e-07 2.45082019745269e-07 2.01519403475459e-07 2.44654442482783e-07 2.66297762330225e-07 2.75977705754826e-07 2.57774186884774e-07 2.30557878211357e-07 2.05447236112377e-07 1.81135069787786e-07 2.00967794761198e-07 2.51581550791968e-07 2.13703372509144e-07 2.35814961424552e-07 2.72975295523281e-07 2.67635387807275e-07
7.23446675721107e-07 6.47629452643628e-07 6.2225871566568e-07 6.8270523776448e-07 6.77977091179116e-07 4.78238577983348e-07 5.49622992807031e-07 6.80089426907671e-07 6.86038272590395e-07 2.12796619507571e-06 -9999 -9999 -9999 -9999 -9999 -9999 -9999 -9999 -9999 -9999 -9999 -9999 -9999 -9999 -9999 -9999 -9999 2.15493412625278e-07 2.64931641424937e-07 2.60737613899664e-07 2.46430060180103e-07 2.15076541287829e-07 1.89932040761676e-07 2.18769721183065e-07 2.48975382355354e-07 2.66247604585601e-07 2.41386543819999e-07 2.26125243241171e-07 2.14828132705236e-07 3.16230961061592e-07 2.32469851546568e-07 1.99270650291794e-07 2.72831123204753e-07 3.36369643960666e-07 2.61727669226275e-07 2.66286146377581e-07
8.10100468129349e-07 7.34133559276984e-07 7.59318382392848e-07 7.07739737748625e-07 6.59042685668965e-07 6.24705252150193e-07 6.36766702655223e-07 6.53280146423185e-07 6.23712870151394e-07 5.50409085420256e-07 5.58744974199499e-07 5.43450797607647e-07 1.1639424045029e-06 -9999 -9999 -9999 -9999 -9999 -9999 -9999 -9999 -9999 -9999 -9999 -9999 -9999 -9999 1.71938526349891e-07 3.7661968992353e-07 3.22324591728318e-07 2.41035727022165e-07 1.77233770326524e-07 1.94070109937883e-07 2.20390824701155e-07 2.53885324497105e-07 2.61603444151604e-07 2.36112377027808e-07 2.23066954596618e-07 2.56882018945248e-07 3.07475043292982e-07 1.56699703790508e-07 2.99728154651291e-07 2.64276109618322e-07 4.16899305655249e-07 4.5034292561752e-07 3.7628059033068e-07
9.24794302648024e-07 9.577422886764e-07 8.30960641451384e-07 7.43189696805757e-07 7.09054194913961e-07 6.88606499110733e-07 6.87203488425325e-07 7.09527878228755e-07 7.17784474346672e-07 6.83791944311451e-07 6.86131426164138e-07 5.74243574646971e-07 5.18661617832095e-07 5.1922542034788e-07 3.85684963433164e-07 -9999 -9999 -9999 -9999 -9999 -9999 -9999 -9999 -9999 -9999 -9999 2.4333101880103e-07 1.96493048676416e-07 2.77966763384541e-07 2.10184574189753e-07 1.6449664990148e-07 1.5971095015388e-07 1.59200649019198e-07 1.95422602899953e-07 2.31848509368859e-07 2.31537252215475e-07 2.0862805669708e-07 2.20298814745945e-07 1.59161833490629e-07 1.44117611533545e-07 1.95987119777641e-07 2.77043212015826e-07 2.47013140430852e-07 3.41189761776661e-07 5.90750041595811e-07 6.09362063386243e-07
1.07490975622682e-06 1.0001546890237e-06 8.9856648486375e-07 8.54554597395918e-07 8.2151484761539e-07 7.35857870992618e-07 7.2447040224688e-07 7.2689964838446e-07 7.38206918526885e-07 7.53387408281014e-07 7.55515106476423e-07 6.9273776546197e-07 5.98321118872036e-07 5.35682743674215e-07 4.93897464082238e-07 3.96644518474432e-07 1.0136050178744e-06 -9999 -9999 -9999 -9999 -9999 -9999 -9999 -9999 3.10859767971294e-07 1.56767355541376e-07 2.27904555494263e-07 2.23441322955153e-07 1.91263702564726e-07 1.64079691877816e-07 1.47157738261683e-07 1.35532881229139e-07 1.75895148668559e-07 2.11082307988164e-07 1.87484277880401e-07 2.04781717183522e-07 2.21399522981613e-07 3.4259657120117e-07 2.21287234225542e-07 4.33757877082996e-07 4.31837215231212e-07 3.77878408031052e-07 5.09005870164003e-07 3.36075301987648e-07 6.63557973012985e-07
1.87176836874414e-06 1.14850456114368e-06 9.47383629323895e-07 9.57690125602539e-07 1.01889010082346e-06 8.75478603035162e-07 8.04384476538189e-07 7.97601994406705e-07 6.94944072776593e-07 6.91227147342488e-07 7.70245694781124e-07 6.90267194869421e-07 6.56915694818849e-07 6.09187421218849e-07 5.22981022044178e-07 4.07886562392434e-07 3.62485601002049e-07 4.52553573282444e-07 -9999 -9999 -9999 -9999 -9999 -9999 1.64893583054493e-07 1.67465282707724e-07 1.90220504858729e-07 1.9015416112822e-07 1.69008222883349e-07 1.6411022070173e-07 1.65136615759565e-07 1.40130495029922e-07 1.1056413535826e-07 1.4266173509192e-07 1.92318812519687e-07 1.92468459303541e-07 2.09137907791757e-07 2.35410492255284e-07 2.81012300007433e-07 2.86490945100581e-07 2.9761300446296e-07 3.24140477481194e-07 3.47775663200878e-07 3.74831071781045e-07 4.15683648213872e-07 5.68149324919887e-07
1.37525659553717e-06 1.37073441877078e-06 1.17437353424066e-06 1.0216401165053e-06 1.30161410183405e-06 1.10165825972786e-06 9.27146633245002e-07 8.67397039883144e-07 8.29403340674162e-07 8.03275838023865e-07 7.12682028591871e-07 7.26957124541627e-07 7.07207602701487e-07 6.58084548632587e-07 5.95784263168753e-07 5.31629422795277e-07 4.09044034554995e-07 3.4162263577997e-07 2.26891241350557e-07 2.57052994179219e-07 7.03760269260556e-07 5.65883906489262e-07 1.90999869520425e-07 1.34387071026865e-07 1.67363592051828e-07 1.77648009636044e-07 1.6478220601357e-07 1.50544449351031e-07 1.60053333342347e-07 1.75102688526607e-07 1.67026531805448e-07 9.43466092362399e-08 9.88969127035944e-08 1.2384243963659e-07 1.68899419072943e-07 1.99463997851979e-07 2.30788517363578e-07 2.46393109915033e-07 2.72884663310435e-07 2.96986700565327e-07 3.10653309654185e-07 3.51183382818476e-07 3.92310180608035e-07 4.76585727504641e-07 5.26911577836131e-07 5.81492664863958e-07
1.70400961394535e-06 2.30906356506466e-06 1.51997073132293e-06 1.23401203637741e-06 1.25770794738855e-06 1.77005432675514e-06 1.21525392131616e-06 1.01412712965043e-06 9.25617415248325e-07 8.50774117111541e-07 8.19090367087938e-07 7.81423834439465e-07 7.08638421187402e-07 6.8226655862702e-07 6.93723525913015e-07 6.87549886890793e-07 5.74023043498073e-07 4.36796977609788e-07 3.11491836768596e-07 2.17896971221876e-07 1.51883035925948e-07 1.77596415884551e-07 2.00137637129671e-07 1.74200594749152e-07 1.81860869652439e-07 1.63580377599004e-07 1.61920494790024e-07 1.61601547166157e-07 1.71141130778096e-07 1.81325544268418e-07 1.44278288605193e-07 7.86967814470074e-08 1.15382841592293e-07 1.44913583532968e-07 1.8186576360435e-07 2.22033157282198e-07 2.70020136472482e-07 2.92162834014675e-07 3.33864737989131e-07 3.44892035641919e-07 3.89744121243041e-07 4.34637023438711e-07 4.89559205441026e-07 5.46598402451082e-07 5.67090357428413e-07 6.38995561175193e-07
1.11019062245532e-06 1.81930193292601e-06 3.12355235223549e-06 1.74952463964928e-06 1.50221223051972e-06 1.64821412766969e-06 1.51532416765576e-06 1.20843059221443e-06 1.0648494544796e-06 8.95059164918166e-07 8.36764541389812e-07 9.48818995993861e-07 7.89447799576237e-07 7.95364937999921e-07 8.77811309862864e-07 8.74415550811136e-07 7.16972703074248e-07 5.39843085078928e-07 4.17934786156593e-07 3.42548748299976e-07 2.54823491019351e-07 2.08670532497734e-07 1.91415098704795e-07 1.3847829425373e-07 1.31211515874696e-07 1.57964517422116e-07 1.73674194137163e-07 1.79274827338816e-07 1.86893788978182e-07 1.89979732656553e-07 1.52677197196027e-07 1.17082749095943e-07 1.28811242960936e-07 1.54318053224856e-07 1.78416557172767e-07 2.48678402847702e-07 3.04559736363785e-07 3.44659277118353e-07 3.54767141175216e-07 4.19018344821609e-07 4.86136569755047e-07 5.37592058158509e-07 5.80883906486918e-07 5.37268143041558e-07 5.48932271726699e-07 6.05982711121555e-07
1.5273785578529e-06 1.45028035589689e-06 2.54087229905053e-06 2.89833800337647e-06 2.27042549454382e-06 2.05086074487326e-06 1.85576759292871e-06 1.55824856449271e-06 1.2159242643861e-06 1.08416365733888e-06 9.72340313865061e-07 1.24749014034364e-06 1.20540472394737e-06 1.02048316463765e-06 1.08347659804053e-06 1.03260814796613e-06 9.26474438500691e-07 6.57999625630623e-07 4.70277678132902e-07 4.10764842229128e-07 3.57738645817562e-07 3.23940660251765e-07 2.68090797916898e-07 1.62468038578112e-07 9.01601938441132e-08 1.30721241209386e-07 1.93443496510071e-07 1.98826728148305e-07 1.98439423382268e-07 1.87068510326682e-07 1.85341734582067e-07 1.82799774295361e-07 1.55282810698765e-07 1.61583607072302e-07 2.07343293823214e-07 2.83726903926862e-07 3.45436699511481e-07 4.07101483546057e-07 4.25015867122625e-07 4.79357871085995e-07 5.30570416401588e-07 6.2461568823835e-07 6.36015055732742e-07 5.66527277179318e-07 6.28335320485007e-07 6.55210032007858e-07
3.00394834482631e-06 1.99373971625505e-06 1.93534689785224e-06 5.28412729750016e-06 3.7256603093283e-06 2.86153786674959e-06 2.54510183594903e-06 2.23551537459343e-06 1.49585198272462e-06 8.90567013556165e-07 8.4502701014344e-07 9.85983943024848e-07 1.59063206979226e-06 1.36018097336432e-06 1.17649541948595e-06 1.34627483774352e-06 1.01803242884557e-06 6.3676243726718e-07 5.16856093568663e-07 4.47727822816546e-07 4.71421166636787e-07 4.00547971146636e-07 3.36456485960923e-07 2.87194547787806e-07 2.0625772210181e-07 2.05233241956648e-07 2.15927753544065e-07 2.21701775604544e-07 2.39431104276377e-07 2.50999446826938e-07 2.54851041248116e-07 2.39988335337671e-07 2.21179744386291e-07 2.79318511253734e-07 3.21016980375788e-07 3.58593727955991e-07 4.15293485822588e-07 4.52951507945443e-07 5.17184567172535e-07 6.06388861434937e-07 7.17606600275644e-07 8.16394446800928e-07 8.70841532929489e-07 7.75956470455696e-07 7.50115999181844e-07 6.63180146354136e-07
2.12670619461619e-06 2.31052460861747e-06 2.21805339037928e-06 6.8792335582657e-06 5.14270055873567e-06 3.67241329399803e-06 4.91412192502594e-06 2.12044405003553e-06 1.7463009299945e-06 1.09363837381693e-06 7.44370226968272e-07 6.96233498587162e-07 1.04359435226797e-06 1.60919198393117e-06 1.16133778220728e-06 1.19259470423572e-06 8.67854813435542e-07 6.31837343334496e-07 5.51872052056979e-07 4.46407667809012e-07 3.62046922042225e-07 3.45062896833781e-07 4.21809656359073e-07 4.20085306096496e-07 3.51708896495495e-07 3.00108497874874e-07 3.20459483482694e-07 2.92492486853035e-07 3.03913876287254e-07 3.10826703575628e-07 2.95652284876269e-07 3.34330860685128e-07 3.62561411382245e-07 4.03064261078612e-07 5.27686270679339e-07 5.5645099799051e-07 5.67996364786438e-07 6.55955433614963e-07 7.77514176242278e-07 8.79958370347822e-07 8.9432286642932e-07 9.04593350981031e-07 8.90063253322637e-07 7.66069249991119e-07 7.68931048078514e-07 6.2833900802417e-07
2.3612716496757e-06 2.64761998209906e-06 2.71037333519075e-06 3.25946069779093e-06 4.39379431611542e-06 4.75453743717935e-06 3.47996889331625e-06 1.93829305601412e-06 1.40294826493914e-06 9.90057903038632e-07 7.23644428290982e-07 6.69181039114619e-07 9.24153487247281e-07 1.24695513576967e-06 1.16305671440387e-06 1.16258601323693e-06 1.04218692769109e-06 6.76759931650395e-07 4.97693749856865e-07 3.90372830949559e-07 2.55821441097481e-07 2.06937559177334e-07 2.47978254197534e-07 4.37399566699526e-07 4.37155880383955e-07 3.8777301405446e-07 2.08922138611456e-07 4.16586006757313e-07 3.89173752335381e-07 3.60877919458602e-07 4.07756890474786e-07 4.74606491707164e-07 5.25069147094825e-07 5.75751737130759e-07 7.37238095105397e-07 7.82432427470781e-07 8.7417653027444e-07 8.59565928479355e-07 1.01783385879628e-06 1.13208400165377e-06 1.26553692965103e-06 1.24857486447638e-06 1.14495034893025e-06 1.00425254352388e-06 9.03092992565746e-07 6.84236595027699e-07
2.59747745019467e-06 2.42597933706179e-06 2.36120286700725e-06 2.37400526970077e-06 2.75567276730726e-06 2.72878795612996e-06 2.27608128966494e-06 1.78601617975005e-06 1.33683209497804e-06 1.22470404022579e-06 8.24443954883236e-07 6.38393064988918e-07 9.38835239239211e-07 1.4621249185609e-06 1.41722469777505e-06 1.10977341662988e-06 8.77096487172935e-07 6.9964561006941e-07 4.58654360180333e-07 3.99413299945195e-07 4.45941780213843e-07 4.98219719347048e-07 5.53273096493001e-07 5.29049043862528e-07 4.23544586425351e-07 4.00858184690378e-07 2.42316144483112e-07 3.48786471882079e-07 5.29225788881149e-07 5.81387974918357e-07 5.91395490978641e-07 6.74145930901204e-07 7.82687710909613e-07 8.43152416329929e-07 9.22201787290078e-07 1.17885403518869e-06 1.25060508970876e-06 1.25117315725731e-06 1.20882734933048e-06 1.29175025946893e-06 1.39971431494246e-06 1.42620312040265e-06 1.19203837343207e-06 1.19676568317573e-06 1.23552671347227e-06 9.59228441033133e-07
