Scripts_&_data/Maxent_result_files_2/B_fragrans_2.asc
NCOLS 594 
NROWS 330 
XLLCORNER -15 
YLLCORNER 23 
CELLSIZE 0.166666666666667 
NODATA_value -9999 
[rows 84 to 104 of 330, columns 276 to 321 of 594]
0.000534407619522881 0.000100231689884822 6.44689329647008e-05 7.81124209652262e-05 0.000184116145737789 2.04596877215302e-05 1.19058511323211e-05 5.05368016860075e-05 1.30787242145658e-05 4.14265186805207e-05 0.000285268445486553 8.53762372571509e-05 9.02933964033181e-05 0.000233501616269294 0.000366973841619256 0.000274070647537883 0.000316525078687846 9.49564276595538e-05 8.30607832995156e-05 2.49738712734926e-05 0.000266749778596997 0.000233593744084704 0.00162194413021606 0.000264357986020514 0.000326985544114677 0.000346413819161762 0.000148958771817764 0.00029211019581854 0.000170864286999572 0.0115292270809634 0.000320653469661558 0.000175806874933393 0.105337087344378 0.00244405882464207 -9999 -9999 -9999 -9999 -9999 -9999 -9999 -9999 0.000569762095433524 1.46721117965432e-05 6.39759631212655e-05 0.000129611124793882
0.00203361891908571 4.88723971216132e-05 1.21682663229983e-05 9.75132345324425e-06 6.3206470875099e-06 3.87259011140895e-05 4.02263782874002e-05 1.30260701544316e-05 1.98689410582986e-05 0.000358400933038183 0.000509153587245248 6.48806085962406e-05 0.000222664042422005 4.06822758804992e-05 0.00123873614356853 2.76703217424568e-05 3.48835428944483e-05 5.85827648038162e-05 8.85685217724586e-05 0.000166172705059253 0.012550489307614 0.0065377767663449 0.000935900766489795 0.000678519975107927 0.00810126846357093 0.000133540243266295 0.000405326719635468 7.78187233161365e-06 0.000165156152543133 0.00238722729212822 0.00166438360319336 0.00155244927158454 0.000608435151865194 0.000188309160276834 9.00651615581949e-05 0.000137686243415802 0.000165816051211454 9.11984937148058e-05 0.000846337505155981 4.83947510387606e-05 6.53724996325544e-05 5.35050810012816e-05 4.69219635489737e-05 0.00427001335206161 4.28632745638424e-05 0.000103804658706896
0.000215309685636023 3.8234632226164e-05 8.54362620529514e-05 3.0320448320964e-05 3.54918206042498e-05 4.83170433938085e-05 1.60514808158929e-05 3.5747522081131e-05 1.27948904695252e-05 0.000194805860223823 2.55987381066802e-05 0.00146826125641479 0.000122444182422954 6.94935753197345e-05 4.33912521117463e-05 1.42954321002975e-05 0.000126978833625913 6.43114361906783e-05 4.35424980253174e-05 0.00159716424272816 0.000232424454480906 0.145652801916003 0.12016974799335 0 0.0660285429079522 0.0460156124721912 0.0647268419276489 0.183683190328884 0.0393888057902203 0.00511615429980802 4.83009399979473e-05 2.4626761518165e-05 0.000463201670021296 0.000406123734482966 0.00018529606745874 8.14878657538709e-05 0.000174459148476325 9.55241407384455e-05 6.34213344445689e-05 0.00031858216327143 0.000144064940800914 0.000119863969895595 1.79467942036382e-05 3.53675958338906e-06 4.35222750599151e-05 9.85103708444512e-05
0.00046398226621065 4.85217766358681e-05 4.56861907736084e-05 2.2305520999355e-06 4.03187600357846e-05 2.7121237361627e-05 3.27497122248221e-05 4.62784923115578e-05 6.0165082895125e-05 3.05779876728085e-06 1.25660838543706e-05 3.24507711976563e-05 9.66876095377822e-05 7.97447668391404e-05 0.000152257318916738 0.0828262384980917 0.00122274947061669 0.00164573316380938 0.000889287689915363 1.36038904857472e-05 3.43553639551408e-05 0.00413900809671759 0.000304153256297468 0.000355434227208207 0.00102734373795101 0.000771039759643344 2.7292108556709e-05 3.7017235082748e-05 8.31525680230483e-06 8.52750516543543e-05 1.27544349314945e-05 2.70189697869405e-05 0.000466008644076699 0.000236442159842909 4.47002959901965e-05 4.21624286587985e-05 0.000277554867169161 0.00012590969390367 0.000167004083596112 0.201456384729031 0.000246504880089449 8.89997085191663e-06 5.3822140969606e-06 3.5302471107812e-05 3.42454067968956e-05 2.97850069472361e-05
1.2651728729729e-05 1.22116596357191e-05 2.44162998974673e-05 0.000228049215991177 0.000137292954514123 7.32178214377655e-05 9.4747152899366e-06 0.000104741043733991 0.000187951933309405 0.000266050374944971 4.63479504015596e-05 7.24348566670585e-05 0.000109230596745202 2.2506023073654e-05 0.000338271701461634 0.00350063702176091 0.0145037183063891 0.0017246023637199 5.34197607437337e-05 5.55627486222843e-06 9.40408394338732e-06 1.97860370769742e-06 0.00137629673119415 1.53780267947767e-05 8.22187382256034e-05 1.50743539485632e-05 1.42982823135185e-05 1.14645119500878e-05 1.17242316199917e-07 3.04858925367357e-06 7.43357293681357e-05 0.000117723528755764 0.00189010478570872 0.000624390877915548 0.000357455413406793 6.18998858655573e-05 0.000440929797128264 0.0147252724040303 7.29205800070076e-05 0.000110240465183153 4.07616609408024e-05 2.79814978958015e-05 2.64021480635757e-05 3.65256387795276e-05 1.52261222477468e-05 2.2299847165641e-05
5.58527732920089e-06 3.97067921642513e-06 9.30034986779127e-06 6.72763510983998e-05 3.68719663349282e-05 3.05272568851933e-05 5.81750865332742e-05 5.22919353316276e-05 5.18979694021926e-05 1.76616252841932e-05 4.46896277718878e-05 3.72827587602154e-05 6.703061109814e-06 1.9714354948519e-05 1.66264501716529e-05 8.55524605248958e-05 8.9040538928109e-06 0.000131169609085191 2.72026617381016e-05 5.6271031097066e-06 7.03047064120055e-06 3.43511944023156e-06 4.95879284018286e-05 7.71596173899547e-05 6.86058729115757e-06 6.14462516750791e-05 9.14359816729049e-05 3.3626613513027e-06 2.92089241418991e-05 6.53304874438376e-05 7.5019983675273e-05 0.000330272032597578 8.26185170781035e-05 0.000444435880464267 0.000179887467795936 0.000186666509166855 3.86700412526864e-05 2.28362557017192e-05 4.26500321665912e-05 8.89371573167708e-05 4.31505848140779e-06 4.14780442948848e-06 1.17316725893657e-05 0.000172656652955439 3.71016862105833e-05 1.74921843031584e-05
1.69458501652842e-05 8.82639893030612e-06 0.000147914316883657 2.14218383635112e-06 3.46508828364733e-05 0.000192887427090849 0.000371894288849584 0.000379519143280049 6.90064849223959e-05 1.75001220771187e-05 3.89456747484473e-05 0.000222300535789377 3.90433709981153e-05 3.48767440183528e-05 1.7576021968857e-05 7.43590843796937e-06 4.62043523880129e-05 0.00015828593023085 1.28075163225105e-05 7.53175745114021e-06 2.74803731578066e-06 0.000166443729472121 4.74801889367882e-05 5.24004144153878e-05 1.11521174716245e-05 3.52379820014903e-05 0.000349435095561568 6.85803379267824e-05 1.05400115516963e-05 1.61061960266218e-05 0.000113449342892169 3.87009630163915e-06 0.000733411867057809 0.000630090653631987 0.000159982709038786 1.56469660232972e-05 1.5262327476917e-05 7.17859309673941e-05 1.16889820602983e-05 8.72790577496341e-06 1.97127274853548e-06 4.89959631877479e-06 0.000151779296356891 1.29505137552499e-05 9.112060503913e-06 5.45754372951346e-05
1.31533399788886e-05 3.23465915869292e-05 2.62889521558729e-05 1.03037040896981e-05 3.60112162502091e-05 2.51036911155023e-05 7.14266430288379e-06 7.51896289713727e-05 5.28826800002546e-06 1.13136771927702e-05 2.05764083602844e-05 3.2441666412808e-06 1.03827524583266e-05 1.71821335385403e-05 1.99910327864927e-05 1.8440060052427e-05 9.777302184375e-05 3.62737271359492e-05 2.30025425253189e-05 5.3750181086798e-05 4.32497428846546e-05 0.000139101290758004 0.0243632775760489 0.00405207987815953 0.000618915433918155 0.000479201521258177 0.000174933033815727 0.000548873806838046 0.000120615726700635 0.000249125190749122 6.43493548068363e-05 7.52720335893575e-05 2.14534765452301e-05 0.0026049200185817 0.00079997697138775 0.000116081317861472 2.15007754761132e-05 4.23849767559048e-05 8.70276855817309e-05 3.30282660861769e-05 8.72023276158318e-06 5.92072911331343e-05 4.31871088096614e-05 3.48092850837145e-05 0.00216858244966782 0.0143096705432986
7.75353482822538e-05 1.8621657732365e-05 2.24170898871057e-05 3.70772561825161e-06 2.33024529190384e-06 1.26537748339151e-05 1.9106625578913e-06 8.10683171439397e-06 7.18572270314022e-06 1.44430636964898e-05 1.20448251124117e-05 4.62693623219934e-06 1.66174522685636e-05 1.58986736209954e-05 1.76266943611836e-05 2.29285312173033e-05 0.00189607929048029 0.000108575193399529 0.000447638715123155 0.000613821140650461 0.000468985555464696 0.000267815535433746 0.000486476622246834 0.000286467501607535 0.00121043003382502 0.029351592758303 0.00529667489976298 0.000385679451735299 0.000152609385560254 0.00196544990353006 0.000827512895962324 0.000281738020645406 1.63956984391755e-05 4.42855092515515e-05 3.20064588304358e-05 6.33392757984907e-06 2.34309501120356e-06 6.73653409710262e-05 1.40653515511069e-05 1.62206729573011e-05 7.94773373762325e-06 4.35813958351572e-06 7.5473344396948e-06 1.07654374936761e-05 1.39173843262341e-05 7.96955330770288e-05
3.98058914811372e-05 4.22565109713391e-06 5.07990274619674e-06 7.73945246526075e-06 1.62792076849771e-05 1.50873616730274e-05 1.13021034681915e-05 8.80111446454057e-06 2.01346591800267e-05 6.01531507045117e-06 9.6060580306423e-06 1.87412104690754e-06 6.46312769482238e-06 9.33621635610393e-06 1.64671522661308e-05 0.000363000690961668 0.000340462177231082 0.000350788355915699 0.000907199639210221 0.000451834118495431 0.000451441750355075 0.000655913598719759 0.000426700603890728 0.000627644106915226 0.000180018292530804 0.00216249015065841 0.000394381953216194 0.0229445056909753 0.178855471313 0.000400624098009283 0.000775599657208681 0.000477217079605907 0.00252107731674005 1.94767369863458e-05 2.61900352762523e-05 0.00646051435123809 6.27544952978676e-05 0.000301179985658384 2.04679288423382e-05 5.06595909783858e-06 1.60329208121923e-05 8.30955392984833e-05 0.000187459062362905 3.32475274262833e-05 4.71790548203899e-05 0.000987087356265681
1.01034075366879e-05 9.85832208795223e-06 2.21879782856149e-05 6.56019985854517e-05 7.79123697404183e-06 2.64588520835218e-06 2.44174670349651e-06 3.061292095482e-05 0.000515557534174438 2.89871044969914e-05 4.94150760084189e-06 2.75812326890446e-05 3.46528915542876e-05 6.9527245068457e-05 3.58394859809152e-05 0.000120347268966725 0.000661578128342055 0.000215398127329536 0.00330336835585547 0.000189324978093042 0.00383933209477618 0 0.00549260942829189 0.00066488652077431 0.000228443949771018 0.000346309652215426 0.00154749479697784 0.00129754657713356 0.0373444915941945 0.000790407794242631 0.000381716122534581 2.75000468434428e-05 1.92702324099514e-05 5.32012350831224e-06 6.66960716556919e-05 0.00431524790457929 0.000297509179443844 1.8034356253338e-05 2.12434324311062e-05 8.18950511529692e-05 0.00042731766588987 0.000649932460159541 0.00107093639181579 3.30548250303764e-05 1.93270799996981e-05 0.00216694118570686
0.00059490200801573 5.29522960277973e-05 1.65015815639435e-05 7.73664783734196e-06 2.99531819198506e-05 1.67614134042315e-06 1.01664265514501e-05 6.98360451778512e-06 4.32018285962954e-06 6.62257107681974e-06 0.00013030745103606 2.38745119759187e-05 0.000146548131571933 0.00169852899877482 0.000120449030146119 0.000102851398878556 0.00396510192142161 0.00145922708118746 0.000342357942162397 0.000371457794032648 0.00176373961815239 0.000840420826330568 0.0065992441407741 0.00893674042599275 0.000826406639391974 0.000442021544669069 0.0195884789385218 0.216227528452873 0.00126500177164499 0.00241791253210977 0.000547358549233012 0.00307228976831627 0.000143905500590336 0.000296605823859863 0.00119712699714922 0.0011819557291689 0.000784465034604975 0.00182960995054907 0.000651014765026048 0.000286196716479026 6.33522369753337e-05 0.000767829589312929 0.001673196057751 0.000197067802314155 0.000236129380757077 0.00124196401160964
0.00432550631244041 0.000621510180644691 5.46375711110159e-05 5.57686302758986e-06 7.72841164078386e-06 8.26658884293119e-06 6.16060296207976e-06 4.0153671727694e-05 2.57305381232698e-05 3.61623251421861e-05 0.000781481165904774 0.000185538954529474 0.00206196461669444 0.000330908503448979 0.000159573136519175 0.000225685367331607 0.00135943939680013 0.00121513741413211 0.000777844992926391 0.000595896366463389 0.000298857071356984 0.0024613427127871 0.247481682896614 0.245242992043495 0.0189575957881061 0.000267727097635029 0.224786568433046 0.225926722586155 0.0415502414602088 0.000452832423132887 0.000875128006543269 0.00435799575922147 0.00198559941549974 0.000631093794536541 0.00251033631910531 0.00278595290701072 0.000485794327687472 6.58706159811118e-05 0.000132917862356408 4.8352263365814e-05 0.000186611578101292 5.18797452059516e-05 4.02551274191865e-05 3.87208042525344e-05 0.000174496091494802 0.000226916631800123
0.00160780267719938 3.90940662782668e-05 6.08109041877469e-05 9.41642847309687e-06 1.10687545202937e-05 8.08942252618072e-06 3.03968573149405e-05 0.000423090699242068 2.49369082354178e-05 6.8911981452402e-05 0.000588045569272011 0.000192071262663851 0.000409513921193183 0.00116616382140637 0.00206303475424652 5.38664044597681e-05 4.50137273674045e-05 0.0018646602292909 0.00103270526742564 4.27196654982254e-05 2.35361240130794e-05 0.00518274264174662 0.25284511744976 0.247335903346539 0.243121136724949 0.238920086622238 0.23454382121563 0.230559535324574 0.22936774790287 0.016044953558594 0.000291016204115668 0.00595194239140255 0.00193690144915308 0.00214138965820928 0.00409632686101471 0.00444373177330255 0.000452494987985119 0.000963193527433415 0.00137441364352847 0.00322358813889324 0.00124900100876109 4.40019141706216e-05 0.000251012718995347 0.000120479143242846 5.09395347308983e-05 0.000413865468002417
0.0100518866145748 0.00275056120233651 0.000936747645289493 1.67609663717982e-05 1.3298862668587e-05 6.19117395818103e-06 5.58130491159492e-06 2.46437080193118e-05 4.78884717949768e-05 5.95902730083253e-05 0.00019192860458549 0.000149442016845569 0.00014467830551439 0.000337426956684794 0.000933126645395532 0.000312607492605399 5.05816935401526e-05 2.43655203348681e-05 0.000111664595897309 8.97550505214895e-05 0.00266302645076624 0.00220431972708411 0.00201888563140008 0.00460570417599423 0.0391549993313674 0.241730651259422 0.238923381268978 0.2332569912076 0.229464986920357 0.229046160727739 0.0135135617577106 0.000119686402022046 0.000106625046793019 0.00235123173624743 0.00513908663070879 0.000974404386943428 0.0051071719965419 0.0030476333843004 0.00431627985581997 0.00158851149133575 0.000101265794364735 0.000273928263050038 0.000361870814234189 0.000266045989037933 0.000761125552162412 0.0012975223310276
0.16936728656292 0.33177735209465 0.325856399536133 0.00460454891986335 0.000286612635363781 1.2783602433708e-05 5.57788137671711e-06 2.35416311355152e-05 6.20625154394983e-06 1.05173371801381e-05 2.84002046726073e-05 2.45078373978913e-05 9.17020763154142e-05 2.14947714596292e-05 5.93139007785126e-06 2.32416121001222e-05 5.00326128985762e-05 6.46849941404071e-05 0.000160818525910145 0.000348532604402862 0.00365304776350454 0.00472361303400248 0.00503287881147116 0.00313996596378274 0.000918023129156609 0.000936119230436283 0.0145672237458911 0.238074567914009 0.235891124606133 0.234439177811146 0.228542049974203 0.272643101960421 0.00207123679483652 0.00311377173638903 0.00393343778323469 0.00375014522885019 0.00104574051802581 0.000103972454598988 0.000359073455911574 7.64542104722099e-05 7.03219903517294e-06 4.67154853765805e-05 2.51251127110663e-05 0.000695444250364696 0.00107153525924503 0.00049430513167863
0.335002374649048 0.327073007822037 0.335104733705521 0.0618706897701486 0.110023979982361 0.010011794668551 0.00630415234849978 0.000967396661410191 5.77736477168855e-05 1.14166832080542e-05 6.2683824208043e-06 4.5007877918124e-05 0.000200009092350228 0.000234189578350297 7.77618115535006e-05 0.000104733201624185 4.09663451137021e-05 3.09716180623809e-05 0.00161381810351736 0.000893941248380514 0.00339579220162705 0.0028046281368006 0.00316859022397681 0.000156787022279981 0.000240926990318258 0.0026865987572819 0.0152873528888449 0.000718978921669911 0.243453933298588 0.238460965454578 0.230564396828413 0.223245204240084 0.000760854627981011 0.00583131478633732 0.00729028439964168 0.0067610206065976 0.00180833243430707 0.00063829115826024 0.00167718975724972 0.00184330361182781 0.00090485971891 0.000527873050313321 0.000115518952952698 0.000850450135282443 0.000981400599266635 0.00646015062519751
0.330509269237518 0.326482200622559 0.326029485464096 0.323764571547508 0.320361545681953 0.321127608418465 0.323613828420639 0.317395681142807 0.375419050455093 0.00101206735639613 0.000165684795047127 7.87175838355414e-05 0.000203967920060677 0.000480257974959386 0.000133860025380272 0.000382613600231996 0.000455708208028227 0.00220220567139653 0.00344577778014354 0.000439199862317896 0.000371157157483992 0.000348637061635726 0.00174313225422225 0.000809942170926636 3.25898851755824e-05 0.000126223642114787 0.00130599164403975 0.00110908163793791 0.0792484174482524 0.238337602466345 0.00650521430272183 0.00190274300955972 0.000163910585975913 0.0013534355396132 0.00235605835914612 0.00167880729422905 0.0018293635164631 0.000410172804893705 0.00394877652515788 5.32686437288432e-05 0.000925078961331649 0.00402030546705491 0.0015779100904183 0.0026366389400664 0.00220344832632691 0.00275650611147284
0.333703097701073 0.328297811746597 0.325136983394623 0.320963889360428 0.316934797167778 0.31215243935585 0.315077868103981 0.317809250950813 0.315076798200607 0.0484587952203583 0.000472714011921105 0.0003202263365921 0.000980738371828827 0.000228919332130317 0.00246213102946062 0.0013216586704857 0.000887978769793873 0.00313909170329549 0.00224552433957824 0.00752075108612189 0.00527992673778499 0.00309559753950452 0.0025734466342783 0.0010652650234988 0.00293082612915896 0.00834846768302668 0.0427461006678641 0.0123407985913306 0.00147249843709308 0.000768141786214838 0.00105835465374895 0.0034546986425994 0.00074569825482973 0.0019907793306203 0.000477805297123268 0.000606219604378566 0.0025906765061669 0.000151909604722011 0.00017164791391906 0.00108545329233354 0.0012074896924664 0.00114893890115464 0.00329575746059163 0.00168441783171147 0.00354154634405859 0.00275469990710917
0.343654945492744 0.334730365872383 0.335453522205353 0.330804315209389 0.325083884596825 0.317394644021988 0.314803704619408 0.317517927289009 0.313652966916561 0.30744226872921 0.033577972510011 0.000638330083393157 8.72620860321471e-05 7.45143516581947e-05 0.000633637289865874 0.000152123835414386 0.0017627752621359 0.00349864380550571 0.00630471960775481 0.00244042005506344 0.00633846734417602 0.00139969942101743 0.000737509466443953 0.000167511942696685 0.00152534220542293 0.00361532450515369 0.00574538254877552 0.00335410414845683 0.00345919861574657 0.00228463473904412 0.00253198612044798 0.00345104101143079 0.00260396476951428 0.00301070259884 0.00116809437112504 0.000555929115136422 0.00133185117013174 0.00300489065703005 0.000259642047837261 0.000827121258589614 0.000526970885402989 0.00481932425173 0.00183291758294217 0.00070892799012654 0.000707975455316046 0.00296044033602811
0.353595200181007 0.347140967845917 0.343919238448143 0.339625418186188 0.3358249604702 0.331719553470612 0.326389136910439 0.320812484622002 0.318787513673305 0.0320116195678111 0.00884279380395583 0.00201776612556586 0.00129478229792495 0.00295571739051136 0.00404290443702309 0.00919629551935941 0.00058845604156943 0.00283588846650673 0.00532254549179925 0.00447553401172627 0.0044019513828232 0.0014204629289452 0.00541673155967146 0.00307987125706859 0.00441124567723521 0.000167250825325027 0.00209748682436507 0.000643785135879871 0.0030285165532597 0.0010868691257213 0.00206303376588721 9.83754934501868e-05 0.000950789761236592 0.00128133702964988 0.00616145018720999 0.000789077392255422 0.000816388071689289 0.00198245801548182 0.001340193109354 0.00302569477498764 0.00244908536988078 0.0024828921246808 0.00332472358131781 0.00074487310484983 0.00226416673322092 0.00150295743078459
