Scripts_&_data/Maxent_result_files_2/B_fragrans_3.asc
NCOLS 594 
NROWS 330 
XLLCORNER -15 
YLLCORNER 23 
CELLSIZE 0.166666666666667 
NODATA_value -9999 
[rows 252 to 272 of 330, columns 506 to 551 of 594]
0.0431273094378412 0.062150995247066 0.0284194900654256 0.00477888629538938 0.00562567384913564 0.000543301853758749 0.000274645992612932 0.000493803974677576 0.000152958414400928 0.000662361639842857 8.7277393322438e-05 0.000799219839973375 0.00119939935975708 0.00348428112920374 0.0409427628852427 0.0337403417564929 0.00513536899816245 0.000838527595624328 0.000935689749894664 0.00135363179433625 0.00204171945806593 0.00269057904370129 0.0069092791294679 0.0183782224543393 0.0433908335864544 0.0662124484777451 0.0391329573467374 0.0405817909166217 0.0963661093264818 0.123946317844093 0.0284730070736259 0.151011618971825 0.130503491684794 0.000207877476350404 0.000486457276565488 0.000581191253149882 9.86019047559239e-05 0.000158747689602023 3.22821505960746e-05 6.4699934773671e-05 2.27072518157456e-06 4.94019972663295e-07 7.72108363467083e-08 3.69295257374169e-08 7.57710278662671e-06 7.18326050019868e-07
0.0616244118660688 0.0161755692213774 0.00259756299783476 0.000401874376984779 0.000301045294327196 0.000257274538307684 0.000326956044591498 6.24085823801579e-05 0.000478609542187769 0.000171687191323144 0.000201140669378219 0.00119232238794211 0.00405091306893155 0.00570766397868283 0.0559210219071247 0.00942823992809281 0.00838984600268304 0.00267061395570636 0.00382420831592754 0.0104937425814569 0.0140090628527105 0.0487402325496078 0.0240857535041869 0.0490989115089178 0.113639979436994 0.322322711348534 0.107664603367448 0.112053973320872 0.0757821179926395 0.0535333056002855 0.0670458640903235 0.0300606222823262 0.183767163194716 0.0202050722204149 0.00884157391265035 0.00134299851488322 0.00277511616004631 0.00172842335887253 0.000661171479441691 0.001278888721572 3.25549807826064e-05 4.6288691078189e-05 5.03226165449178e-06 7.31595195091472e-08 2.03054095715416e-07 1.08077607698931e-06
0.0390297050587833 0.0189888733904809 0.00528180752880871 0.00262554287328385 0.000541689360397868 0.000630837729841005 0.000217127360156155 0.000352836253296118 0.00044095668126829 0.00224586714757606 0.00441125931683928 0.0954362897202373 0.0189857383200433 0.00734940871770959 0.0566211117899911 0.0304827939893585 0.0237989290617406 0.0204992150829639 0.0817983726039529 0.0283308025449514 0.0530435750260949 0.171180178970098 0.0644821917638183 0.364685831591487 0.312521000765264 0.142801629356109 0.0929021931253374 0.0239777598530054 0.22786780577153 0.199238415807486 0.14425995349884 0.173421509005129 0.196914122253656 0.0844438247382641 0.201446226425469 0.0822836505249143 0.00549422490876168 0.00779575267806649 0.000546598354412708 0.000106802021036856 0.000263718623864406 6.94179680635898e-06 2.04769761353418e-05 9.01159541655261e-08 2.13255124004164e-08 2.24445539043216e-08
0.008636828023009 0.0203329747077078 0.0110617120750248 0.00212842877372168 0.00119707666744944 0.0012884276220575 0.000942702312022448 0.00397412973688915 0.00995843354612589 0.0146080951206386 0.0166157778352499 0.0174433880689321 0.00155959322842802 0.017523299994453 0.00752751396912572 0.0268660189001821 0.00582176396336251 0.0093267673128139 0.0399195017758757 0.0146764612291008 0.0157060797791928 0.0406474981456995 0.03000835660132 0.0990630823125684 0.024003515682125 0.0124848212581128 0.0449094983992836 0.104665333344019 0.0397417261032388 0.0388382160570473 0.21565261837095 0.321036840975285 0.138985992968082 0.186712699383497 0.00237002777867019 0.00141534270369448 0.0096486568916589 0.0141084915027022 0.0287869110703468 0.000151366758655058 0.000154847097292077 0.000120047085692931 0.000344756270897051 1.65007369787418e-05 6.31547336809035e-06 2.86905352808731e-08
0.0359781474806368 0.0151938589522615 0.00838280667085201 0.00360861201770604 0.0125726943835616 0.212150693032891 0.0337520763976499 0.0114632029086351 0.00444989382049243 0.00132017386952157 0.00337180842652742 0.00153753644449353 0.00564012869083391 0.00610955693081836 0.117275819089264 0.0156551226013107 0.0215600509400247 0.104322158172727 0.109834866411984 0.00450085294369273 0.0644300121814012 0.0687146475538611 0.00802244616534153 0.0496720089836288 0.0237624845467508 0.0788656946271658 0.0243421580060385 0.0842501582577825 0.0923209893982857 0.324624130129814 0.0421900257468224 0.000465472384530585 0.103133919835091 0.122145434468985 0.00636204038746655 0.000992730670259334 0.000660774376592599 0.0141165319364518 0.000825524181709625 0.00977683695964515 0.00208980825846083 0.0051374756381847 0.00768663737690076 0.00116337593863136 8.52889665111434e-05 2.09302538110023e-06
0.0169805906247348 0.0573705300688744 0.0249728265684098 0.0179463773034513 0.0293154651299119 0.00424818988121842 0.437877431185916 0.156786641408689 0.000692266872994196 0.000505718242423114 0.013676426299935 0.00345383716396515 0.00231561866250161 0.00767134900124802 0.022252372186631 0.0288596496335231 0.0178784898278536 0.0156055648105394 0.0382015221519396 0.0130962604896922 0.0441638797521591 0.00075967830634811 0.000571199059814442 0.0137160437385319 0.0385029643774033 0.0205786800943315 0.037027695402503 0.0339301202446222 0.0283152416348457 0.0209125252440572 0.00643899685237557 0.00907127433456481 0.086886678263545 0.0440755169838667 0.0311136267147958 0.00330790848238394 0.00106106903403997 0.000339908758178353 8.70035008119885e-05 0.00237114746705629 0.00323565133148804 0.000101741811340617 0.000855109107214957 0.000179784354804724 8.9789371304505e-05 5.15534532752326e-06
0.00448400484747253 0.0117991797626019 0.0332139674574137 0.00505918688722886 0.000499166986492128 0.00161166601565128 0.00680448055791203 0.00144610456982264 0.000119087522588002 0.00104855106122677 0.00257404658113956 0.00754825300828088 0.0190397329453845 0.0162722599692643 0.0108912198338658 0.0287188171641901 0.00516077456486528 0.0110573969548568 0.00536049251677468 0.00943830440737656 0.00610857190240495 0.00151029265216494 0.0293372415413614 0.0302608965197578 0.0401920827105641 0.0211358280153945 0.119346029311419 0.0430312948301435 0.0649573747068644 0.0614339390769601 0.123573191836476 0.0275861984118819 0.0239808427169919 0.0397717064246535 0.0412381062284112 0.00656787403859198 0.00128370391321369 0.000154840770119335 5.31882393261185e-05 8.37137728012749e-05 0.00017941350088222 0.00163887297094334 3.1453239671464e-05 0.000953296523948666 0.00152849286969285 6.14923552348046e-05
0.0183740544132888 0.00266863195283804 0.00293056202935986 0.0049948752799537 0.000465769705078856 0.000296287465971545 0.00192065620976791 0.00569904739459162 0.00014516326912144 0.00124380253109848 0.00139034841049579 0.00288747434969991 0.00868315019179136 0.0146351403556764 0.0435818191239377 0.347680202143965 0.0113862206228077 0.0221163634036202 0.00982150007039309 0.00230588405102026 0.00223850905604195 0.000605834711677744 0.00342493868811289 0.00404090453521349 0.0148222017101943 0.00961004847849836 0.0427747286856174 0.0255176521837711 0.00583110115076124 0.00231496407482155 0.00231163312309945 0.0120919806882739 0.0129233283922076 0.0507886804640293 0.0503438036888838 0.0213429670780897 0.00364755871705711 0.000203321384469746 0.00024955671360658 0.00028726054551953 0.00112888301664498 0.00343281905225012 0.000119591319980827 2.42496690816552e-05 1.41542907783787e-05 0.000202290319248277
0.00288854783575516 0.00297112966072746 0.000374850731896004 0.000114021592708013 1.18943722583253e-05 0.000154606163232529 9.19193436175192e-05 0.000303628947403922 0.000214459068229189 0.000559913518009125 0.000660147547023371 0.00238331754808314 0.000587304375949316 0.0363176688733802 0.0738641724165063 0.00864106022854685 0.00206190561075346 0.155872939481924 0.00395907115889713 0.000760278927918989 0.000536098135853535 0.00059551708361596 0.000987059206090635 0.00170223520035506 0.000808296808516218 0.00594835130032152 0.00658186158379976 0.000731577547299267 0.0114659708939143 0.0046238796589023 0.00212714494278998 0.00714343327563256 0.00980008845799602 0.0272129276301712 0.0354158780537546 0.0255180025473237 0.00261190371820703 0.00072037399513647 0.000518296415975783 0.00103975271485979 0.00216877306665992 0.00168219119659625 0.00343017732375301 0.00280222179717384 3.77713889292863e-05 3.78000618468377e-06
0.00422822327818722 0.00645491473842412 0.00170038092364848 0.000986745089903707 0.000291431292771449 0.000198350431310246 3.11872567522187e-05 0.000285979124237201 0.000117771970099056 7.24764311144099e-05 4.56057334304205e-05 0.000140950139439155 0.000312699093410629 0.0239471784028865 0.000435733395715943 0.000582684002438327 0.000255841211946972 0.00233625281598506 0.000878230039961636 0.000843050132243661 0.00144089165623882 0.000388270580151584 0.000507330759137403 0.000648138306132751 0.000309229607773887 0.000642309800979035 0.00188217723222124 0.00447904630291305 0.00161888115387114 0.016634890093701 0.00743538524384348 0.0152660645835567 0.00820691877743229 0.0297636987641454 0.0207706118933856 0.0160030946135521 0.00502560494933277 0.00117536272737198 0.00164413007732946 0.00248884769971482 0.00201790024584625 0.00182012262448552 0.00191067919658963 0.00332115818746388 0.00346506880887318 0.000294040819244401
0.0243110409472138 0.0280155304819345 0.0115236532990821 0.00454581760859583 0.00167445194892935 0.00125073917224654 0.000175996179018512 7.04643406493233e-05 0.000513063470134512 0.000327505362838565 0.000213149485171016 9.9844730004861e-05 0.000261363514437107 0.0012530320622318 0.00103856498099049 0.000755851303983945 0.000579463065332675 0.000237975294839998 0.000277486916820635 0.000290354202661547 0.00127583451048849 0.000229755742657289 0.000526495606754906 0.000710597521538148 0.000443335429228853 0.00068357521240614 0.0030767557857871 0.00160361652031042 0.0120681849773973 0.00385754772601672 0.0291483767330647 0.00944746582536027 0.0224384438246489 0.00649534951007809 0.00345517433888745 0.0186342279659584 0.00660404323134571 0.00721064594108611 0.0005334684450645 0.00121914480987471 0.000422509829513729 0.000579111754632322 0.000346652463667851 0.000450030970932858 0.00110141332261264 0.00266974391561234
0.00748139638453722 0.0161396824056283 0.0389888344332576 0.0130977482534945 0.0457266357727349 0.00792226534686051 0.00179249517750577 0.00363032959867269 0.000884326431696536 0.00042430893636265 0.035286720257136 0.00284281684071175 0.00152322390567861 0.000745897493015946 0.000877475117886206 0.000852665318780055 0.000315982600022835 0.000295182612171629 0.000468907808681251 0.000399948839185527 0.000453586920230009 0.000151168806587521 0.000168427951393824 0.000393931043436169 0.000781605897827831 0.00155582723818952 0.0403563623140826 0.0124613429725741 0.0206260486380415 0.00154821561197025 0.00631354334527714 0.0224290546961129 0.0273192613618448 0.0132591348607093 0.0540294751524925 0.026736212009564 0.00985175613313913 0.00548203608486801 0.00123568139679264 0.00105075799510814 6.21827128270525e-05 6.25624397798674e-05 8.18623779650807e-05 3.28267909935676e-05 1.70540423482635e-05 0.000336162334315304
0.0237376660108566 0.0190785218495876 0.00869188964716159 0.0237229912774637 0.071893144864589 0.371459056437016 0.280078431591392 0.250820248399395 0.00747033551086247 0.00341123514081119 0.0260422007064335 0.0110730135700578 0.000503544725052052 0.000413420197310188 0.00100366555489018 0.00332022775455698 0.000392364638901199 0.000393191285184002 0.000374076848129334 0.000176353354254388 0.000163283597794361 0.000146123208469362 0.00033598434747546 0.000500337184348609 0.00115004679610138 0.227895624359189 0.00512893633858766 0.0108240672387183 0.0102676291950047 0.00510053406760562 0.0186495611444116 0.0151722259121016 0.0284897448960692 0.0168002094142139 0.0123727222904563 0.00478422207161202 0.0152350590098649 0.0230123165529221 0.0120202684774995 0.00142260036664084 0.000398146867519245 9.05544909073797e-05 5.11357523919287e-05 7.02075679555492e-05 0.000161822688551183 0.000462192998566024
0.0166845541622024 0.0469908372033387 0.0289901512325741 0.0813566903816536 0.00891982392058708 0.0085149754100712 0.0187203930516262 0.0736587284132838 0.0186014965642244 0.0294072825461626 0.0214916031342 0.050750978681026 0.0138622404468151 0.00082711918730638 0.0053936683190841 0.000356028815440368 0.000214628104185977 0.00295192514986411 0.000276482730623684 0.000162664811250579 0.000180924150663486 0.000166001663092175 3.87025930194795e-05 6.3862502520351e-05 0.000102541609385298 0.00732983843317925 0.000798322055197787 0.000302261467913922 0.000950533825380262 0.00471003360580653 0.00285412694502156 0.0162789960362716 0.00519501733233483 0.0207434157840908 0.0145507915876806 0.010052144137444 0.00240448732402001 0.00687572790775448 0.0131044220877811 0.0104751580394804 0.000540739815915003 5.9514740519262e-05 0.000245394679222954 0.000137122720298066 0.000286653081639088 0.00093056612458895
0.0633566748350859 0.0453268117737025 0.063702278258279 0.00480826094135409 0.00237769167506485 0.00126491781466029 0.0042921919557557 0.00841733908164315 0.00685237480211072 0.014403162477538 0.00129993472801289 0.000194125568486925 0.000607964335904398 0.000144714900943654 4.32914181288879e-05 9.29150592583028e-05 0.000259796166210435 0.000310160316803376 0.00015009378294053 0.000174117292226583 0.000122566854952311 0.000117010696340003 7.14968769742086e-05 8.33043550301227e-05 3.68919486390951e-05 0.000126271306749004 0.000106531163874024 4.73830347800686e-05 0.00021882541004743 0.000938621157547459 0.00429909620434046 0.0401304438710213 0.010301296277612 0.0410034844651818 0.0108145846286789 0.00651796085585374 0.00438481045321737 0.0146295838057995 0.00247621427606646 0.0056988408206962 0.00862805577926338 0.0010738743992988 0.00025841015012702 0.000109862021963636 0.000342669858400768 0.000802335545449751
0.0835317596793175 0.0409124241443351 0.0137598155240994 0.00893097835651133 0.00610448633087799 0.00049213247134503 0.00048303542416761 0.00047774703198229 0.00282737237866968 0.000579442893649684 6.28486842515485e-05 6.21462034359865e-05 0.000126197009376483 0.000112578007792763 3.7093495276963e-05 3.05078394660541e-05 0.000142312273601419 0.000266388364616432 0.000171781816789007 0.00014212433998182 9.55546354816761e-05 8.28564671792265e-05 7.09210185959819e-05 7.41911313525634e-05 8.37368955217244e-05 5.40840881058102e-05 2.67722063199471e-05 0.000117165283472787 0.000263560287567088 0.000267327708570519 0.000533332375925966 0.00384583334089257 0.00381500830699224 0.0214597002486698 0.0278120380826294 0.00417978709447198 0.00407068049307782 0.000127506633631669 0.000168638824957767 0.00539180810992548 0.00695027620531619 0.00690410146489739 0.00733095654286444 0.000121940506051033 5.49801237866632e-05 0.000898009048250969
0.0832731695845723 0.0301989610306919 0.0157218891661614 0.0149448974290863 0.00214423575835099 0.00028383250207753 0.000145049741990988 8.25996179457888e-05 0.000177378717989995 4.68161616538509e-05 8.15062804804256e-05 7.68677869018575e-05 2.97497481483333e-05 2.7540061006448e-05 5.53670767885706e-05 0.000162901827388851 3.2859250995898e-05 0.00025778479375731 0.000194954338257958 0.000117737511573068 7.49012525375292e-05 7.52196402572736e-05 9.64200619819167e-05 7.76540359765931e-05 6.67172443627351e-05 2.66557376107812e-05 4.69275086743437e-05 2.22769187530503e-05 4.48926076842326e-05 2.5274038284806e-05 2.18875538507746e-05 0.000218839119133918 0.000453803575121015 0.000232347006158307 0.00015398561567963 0.00248763730904034 0.000374664701576144 0.000919024880934671 0.000588329124096276 0.00537705357783125 0.00424313162220642 0.00903683896176517 0.00650964400265366 0.000984309754858259 5.65914776643695e-05 5.53599149952788e-05
0.0364609078504145 0.0592530701775104 0.0221740370092448 0.00119379652342104 0.000392385762006597 0.000142294408783528 3.53812538747889e-05 7.15989009677287e-05 5.6709559362389e-05 1.53184278005369e-05 1.73520662102078e-05 5.17499800935184e-05 4.54869604084251e-05 2.45687804323325e-05 2.1507216715122e-05 0.000104133335571532 0.000183550330621074 0.000202369889302645 0.000168750665034167 0.000141272729888442 0.000117832232808723 0.000145526204050839 8.58472033542057e-05 0.000101007062312419 4.1294353604826e-05 4.18746391460445e-05 2.66609726168099e-05 2.59496200214926e-05 1.65362376606026e-05 3.16028982922489e-05 5.40582087751318e-06 1.53701394850714e-05 2.09435987329698e-05 1.01153271321763e-05 4.69249712351516e-06 0.0001027167513314 3.86402163395361e-05 1.6226984947143e-05 3.54693036287101e-05 0.000559315416444406 0.0100176333915442 0.00905846436508 0.0118472848786041 0.00710292893927544 0.000469855591654778 5.20644252674174e-05
0.0232600911607733 0.0114709160552593 0.00851272054715082 0.00296988398695248 0.00038831508209114 0.000195022390016675 2.74512130062021e-05 0.000265762982235174 0.000208522496541264 4.07774899258584e-05 2.31829196479794e-05 0.000140767760422023 0.000257345549835009 0.000217067928497272 1.99285543487804e-05 0.00010731872098404 0.000233785722411994 0.000277100817038445 0.000236565626801166 0.000143747733091004 0.000193970729742432 0.00025425393905607 7.21887239706121e-05 3.68526690635917e-05 2.54658476478653e-05 2.3143578437157e-05 3.263668334057e-05 1.70635560721166e-05 1.58111820041995e-05 9.76648391315393e-06 8.19021418578814e-06 8.8348748960243e-06 3.73550564347624e-06 3.6365425600593e-06 9.69860416262236e-06 3.69562692867476e-05 8.45290437709423e-05 0.000551605274307576 0.00050494435173718 0.00491543809184805 0.00616269481251948 0.0210674383677542 0.00209684082283275 0.00115469565207604 0.0012178397300886 0.000410472172370646
0.0408308564219624 0.0966450133826584 0.242668475070968 0.00767955972260097 0.000870499319989904 0.0001858066986415 2.63529066756973e-05 6.2306033760251e-05 0.000140200434816506 1.98894975540043e-05 1.20554654316152e-05 0.000162681681649701 0.000229654619397479 0.000121173511797679 0.000306124027338228 0.00019184333159501 9.29154156438017e-05 0.000185524870721565 0.000349908596035675 0.000254018179475679 0.000142936487827683 0.000176795035076793 7.8079936793074e-05 4.75504889891454e-05 5.73373232782615e-05 2.99803668667664e-05 2.0035575005295e-05 1.81924635853647e-05 1.49890168927413e-05 1.07236599546923e-05 8.37341956412274e-06 9.211898986905e-06 8.70732711746314e-06 2.97628951386741e-06 6.0656823222871e-06 5.4796062670448e-06 2.01691107804436e-05 3.52322617459322e-05 0.000721880911078188 0.000430471174740887 4.81901802231732e-05 0.00108829749333381 0.00113854563678615 0.00190933277335716 0.00208177895401604 0.000622588663827628
0.0504549043253064 0.0482045339420438 0.130068204272538 0.00258775741531281 0.000604111414259023 0.000300181688999146 2.58535321819409e-05 1.93739915005153e-05 1.55993159808077e-05 1.54588365546715e-05 5.85152851755311e-06 3.63529760988968e-05 0.000305350631606416 0.000125945372701608 0.000156657357729273 0.00044275255240791 0.000547641381126596 0.000316344072416541 0.000281104809255339 0.000228917940694373 0.000116318611708266 0.0002350113923967 0.000123568312392308 8.31451427529828e-05 6.15287346363402e-05 2.81879970202681e-05 2.53335083016282e-05 2.12216750128391e-05 1.88035729081548e-05 3.13618079417211e-05 1.8092988261742e-05 1.14611156618594e-05 8.55135701840481e-06 1.0104679813594e-05 5.81861325770205e-06 5.22583673188137e-06 5.35360518085781e-06 7.03891249571598e-06 8.63736628673451e-06 6.12652621754251e-06 2.2893665568402e-06 0.000109884892799528 0.0202559570549056 0.00451164866099134 0.00189006434520707 0.00277429389534518
