Scripts_&_data/Maxent_result_files_2/B_fragrans_3.asc
NCOLS 594 
NROWS 330 
XLLCORNER -15 
YLLCORNER 23 
CELLSIZE 0.166666666666667 
NODATA_value -9999 
[rows 105 to 125 of 330, columns 276 to 321 of 594]
0.809916585683823 0.806155395507812 0.805066567659378 0.796561080217361 0.775672274827957 0.763389009237289 0.737783086299896 0.722693926095963 0.704270136356354 0.29878603219986 0.00505895508686081 0.0044751044435543 0.010629161214456 0.00501071684848284 0.00768004292040132 0.002794254336618 0.00329298821675366 0.00291859030930937 0.0120431933086365 0.00784167035599239 0.00829732000129297 0.00708902252081316 0.00244722260977142 0.00537355917622335 0.0010472449513756 0.000757780257593055 0.00167410824903982 0.00138729164768847 0.00418219257408055 0.00685923823039047 0.0131625624955632 0.00789430191507563 0.00532015393255278 0.0043474959093146 0.00872402649838477 0.00573262290563434 0.00125314568867907 0.00539581149350852 0.003481892673517 0.00259063468547538 0.0169579170818906 0.00339069926994853 0.0028239590668818 0.00380346046877094 0.00330477440729737 0.00425313535670284
0.751100522279739 0.798639452457428 0.788693857192993 0.702082580327988 0.00271416816976853 0.0914833296090364 0.0263351739384234 0.644640684127808 0.630092614889145 0.0611585089936852 0.00392143927747384 0.018359132099431 0.0175546869111713 0.0114676481462084 0.0114159466931596 0.0123024717555381 0.0109106613090262 0.00482125080307014 0.00987540052738041 0.0060119133500848 0.00470548925222829 0.00119253220036626 0.00134288732990058 0.00291177562166922 0.000398326063293553 0.00160619458029032 0.00592560215154663 0.000863535620374023 0.00608455108013004 0.00518252969486639 0.00701879765838385 0.00706208745832555 0.00705053319688886 0.00812413648236543 0.00408380514709279 0.010969784174813 0.00894174933200702 0.00391033547639381 0.0854646272957325 0.177628430724144 0.0366829629056156 0.0853368904441595 0.00538005706039257 0.00476485744002275 0.00458117729867809 0.00313504313817248
0.0884230136871338 0.729417759180069 0.689715135097504 0.00501065331045538 0.0209387285867706 0.0322832096833736 0.0270408312324435 0.00572115902323276 0.00483585400506854 0.0208811619551852 0.0123471096623689 0.0124724297085777 0.0125623024301603 0.0112608333583921 0.0175581375602633 0.0151427408098243 0.00917649305192754 0.0131005295028444 0.00721086887351703 0.0064011952286819 0.00649189763935283 0.00565211538341828 0.00158961015563577 0.00235231910337461 0.00357648860444897 0.00626191980263684 0.00861765479057794 0.0050170716131106 0.00739904916263185 0.0137694322620519 0.0110457814473193 0.00398503772448748 0.00894087255001068 0.00812052636174485 0.00732150441617705 0.00206268914917018 0.00856018181657419 0.00714037235593423 0.0110034046228975 0.0405414605513215 0.100071433931589 0.0506873965263367 0.000979427620768547 0.00297694718465209 0.00508209115942009 0.00323954276391305
0.064941481500864 0.0347684426233172 0.156169488281012 0.0253683011978865 0.0219034770969301 0.0193833554163575 0.0141622515046038 0.0182250334881246 0.0122710340889171 0.0164359478396364 0.0142958501004614 0.0131006977753714 0.0405351444147527 0.0292853341903537 0.0123161441530101 0.0111782847438008 0.0066209924116265 0.00344301037712285 0.00968826525495388 0.017166243493557 0.00950302716810256 0.00921416023629718 0.00854545285692438 0.00698340754024684 0.00611711515812203 0.00633777668117546 0.00488227374662529 0.00819366798968986 0.00648085905995686 0.00841539113316685 0.00977054389659315 0.00605318691232242 0.01145633670385 0.00736751051153988 0.00287598469149088 0.00796127221547067 0.00999658594373614 0.00609938079724088 0.00381899211497512 0.003570393769769 0.00827805718872696 0.0119382523349486 0.000938017926819157 0.00182143804922816 0.000219477252721845 0.000806597738119308
0.0164479420986027 0.0307495119050145 0.0202113433275372 0.00441272173193283 0.0144926734035835 0.016050485917367 0.0151463751099072 0.0220303809270263 0.0141978342086077 0.0205528604332358 0.039174186589662 0.0196911227074452 0.0183718474465422 0.0160945260431617 0.00657765239011496 0.0111600958509371 0.0102168117417023 0.0121443094569258 0.0140797527390532 0.0132405951851979 0.0081101079354994 0.00754517516470514 0.00687771675293334 0.00867563924985006 0.00761202214926016 0.00700750527903438 0.00804268784122542 0.00522369333775714 0.00698521038866602 0.0150817479239777 0.00550111497286707 0.00592763676540926 0.00720495920395479 0.00785074037557934 0.00599368994007818 0.00797269503236748 0.00464618988626171 0.00626623790594749 0.00436551529855933 0.00420945841178764 0.00109631284431089 0.00636852307361551 0.00639258944429457 0.0148993095848709 0.00760406921617687 0.00801285891793668
0.0391700571402907 0.0231819942360744 0.0158873725682497 0.0214048561872914 0.0196472422918305 0.0151677648769692 0.014938429556787 0.0180181557545438 0.0201083719031885 0.0165623369626701 0.04157670205459 0.0163213394582272 0.0192988105118275 0.0134389858576469 0.0127824824070558 0.00772841073485324 0.00278800317901187 0.0171726692933589 0.0222076065372676 0.0134251508046873 0.0103980353684165 0.00615403955744114 0.0107568460516632 0.0162402734160423 0.00879334093187936 0.00862394728756044 0.00111484925764671 0.00678083719685674 0.00923871162813157 0.00746547075686976 0.00778562152991071 0.00983807618031278 0.0135422204853967 0.00963451880961657 0.0129142945806962 0.00709317298606038 0.00599947500450071 0.0055332596268272 0.00533955445862375 0.00745053438586183 0.00604172504972667 0.00714310077601112 0.00659608819987625 0.00833059125579894 0.00137256723828614 0.00778718406800181
0.0178794017992914 0.0179965243209153 0.0168397236615419 0.0153126168763265 0.0160974586615339 0.0161572499200702 0.0143862574012019 0.0151178457308561 0.0147349986480549 0.0174340097000822 0.0141424348112196 0.00241097257603542 0.016990657732822 0.0165048732189462 0.0161045277956873 0.013831068680156 0.0130784855689853 0.0148677276913077 0.0153375849593431 0.011005203530658 0.00859307112987153 0.0152686120476574 0.00847746625076979 0.00725330545683391 0.00906756673939526 0.00873354151844978 0.0248276736703701 0.0140050433488796 0.00826246985816397 0.00582325102295727 0.0052461905987002 0.00707871171180159 0.00812517463928089 0.0053056399920024 0.0073609720915556 0.00869678611925337 0.0102749977027997 0.00657053905306384 0.00612580687156878 0.00592837586009409 0.006037093908526 0.00740940719842911 0.00673931045457721 0.00545795255166013 0.0132905270438641 0.00891743539832532
0.0204074483830482 0.0176394735230133 0.0172960008494556 0.0266805503983051 0.0234025978948921 0.017878696648404 0.0220853870734572 0.0126176372170448 0.0127779129892588 0.003052094267332 0.0147750817006454 0.0171089315903373 0.0152210271218792 0.0181184311513789 0.0157529043033719 0.016721678012982 0.014264085132163 0.0111382222967222 0.013556408835575 0.0136683631222695 0.0131635132012889 0.0109008160536177 0.0124736688099802 0.00844674743711948 0.00465141658787616 0.00889982640510425 0.0058130887162406 0.00988125640433282 0.00793794507626444 0.0122951659490354 0.00603410948242526 0.00860495927045122 0.0189161418122239 0.0122387016832363 0.00567243395926198 0.00828095458564349 0.0122780589095782 0.00944473849376664 0.00895948256365955 0.0163618022575974 0.0519588345661759 0.0154355422127992 0.0147218854865059 0.0177326876204461 0.0146497291978449 0.0630646662786603
0.0287829426117241 0.0240454804617912 0.021595412120223 0.0169944962020963 0.0168891239911318 0.0228173447307199 0.0169295221101493 0.0117615750175901 0.0142169972416013 0.0156423434906173 0.0136046137893572 0.0138334941584617 0.0114305185095873 0.0160239866119809 0.0113437099556904 0.0116764565755147 0.00192276092711836 0.0019538835142157 0.0101333356346004 0.00950617580674589 0.00823142740409821 0.0102813381236047 0.0101434089243412 0.0101324457093142 0.00912485402077436 0.00493693268072093 0.00871376818977296 0.00921354509191588 0.00742425991920754 0.0114936042082263 0.0109107020805823 0.00554620497860014 0.0121633508126251 0.0166771695716307 0.020852110395208 0.0342472048243508 0.0168781895830762 0.0211684731533751 0.0111095008905977 0.00809672889299691 0.034145063534379 0.00627648423396749 0.0159314594697207 0.0025452337868046 0.00972287596669048 0.00547265240456909
0.0319174502976239 0.0166461480082944 0.0265682661440223 0.0167450617067516 0.0182982988422737 0.00290470496984199 0.0182650252245367 0.0119285800028592 0.013448837492615 0.0289797987788916 0.0154539384297095 0.0162590168183669 0.0153072920977138 0.0205340443179011 0.0087498925277032 0.00925640251371078 0.00909834115882404 0.0119933614740148 0.00586935430183075 0.00872984109446406 0.00846937102032825 0.00837836958817206 0.00867480646702461 0.014042908558622 0.00875901913968846 0.00811549953068607 0.0163104634266347 0.012244207249023 0.0102909751294646 0.015978212011396 0.0131744093261659 0.00955394256161526 0.0121040125959553 0.00551546863862313 0.00648424489772879 0.0108758754096925 0.0078409465146251 0.0100109915714711 0.0162562480662018 0.00185810590337496 0.00172465421346715 0.00735668137203902 0.0105575752910227 0.0258024206385016 0.00618673120625317 0.00839889280032366
0.0178638798417524 0.028445403277874 0.0270460865460336 0.0245429554022849 0.017126645334065 0.0178664575330913 0.0166121599730104 0.0127689662273042 0.0129250141326338 0.0169482558383606 0.0125485384836793 0.0100470566481818 0.0123821193701588 0.0125828454387374 0.0134544102242216 0.0119614113937132 0.0091457778820768 0.0095758724201005 0.0152303093578666 0.00876429972122423 0.0174037999939173 0.0125373721064534 0.0203888253774494 0.0112967029213905 0.0112057575723156 0.00921946674934588 0.00869736681925133 0.0115731065045111 0.00859413591679186 0.00850711703533307 0.0105655488558114 0.00980198265751824 0.0287871330976486 0.00803962134523317 0.0112858003703877 0.0110960675170645 0.00893299145391211 0.00342678298475221 0.00238535502576269 0.0178984250698704 0.0237773425295018 0.0112581500725355 0.00597642613574862 0.0809148801490664 0.00498531435150653 0.00178672550537158
0.0299703676253557 0.0576061513274908 0.133634198457003 0.0247067326214164 0.0239291256759316 0.0158685286529362 0.0145884153200313 0.00725490195909515 0.0114567039825488 0.00899342189077288 0.0101455734984484 0.0129448314430192 0.0101039692584891 0.0123747564328369 0.0121042737620883 0.0168517724145204 0.0236382537987083 0.0195211462909356 0.00418791990960017 0.0138309005880728 0.010802337329369 0.0140693365596235 0.011771966679953 0.0198627108009532 0.0333945231046528 0.0219897639937699 0.00995656936429441 0.00867093167616986 0.00893997887033038 0.00876880934229121 0.00856011919095181 0.00817243020283058 0.00872450530296192 0.00787347701843828 0.00802196379518136 0.0166395419277251 0.0127892261371017 0.0201930571813136 0.00235411739849951 0.00204222110332921 0.00265093930065632 0.00253250909045164 0.00276353889057646 0.324149762094021 0.299167047441006 0.0305731422267854
0.206623058021069 0.0754722513258457 0.166446043550968 0.00672098712529987 0.0548402232874651 0.0144610902527347 0.01263422742486 0.011309027147945 0.00970059375395067 0.0086116319464054 0.00875640973099507 0.00917803658521734 0.016692952287849 0.0292429984547198 0.0112261194386519 0.0116757653537206 0.0119128773221746 0.0914645865559578 0.0161210915073752 0.00997551424661651 0.0381004336290061 0.0131898019928485 0.0141329000005499 0.0185028119129129 0.0289067918958608 0.00434428149892483 0.0130903828889132 0.0179239058867097 0.00930722065968439 0.0132206371752545 0.00999879755545408 0.0168544544605538 0.0144517675740644 0.00833055234979838 0.00827166130184196 0.00729974470450543 0.0156031802529469 0.011061881436035 0.0179592109052464 0.00458684433251619 0.0852248977869749 0.363142520189285 0.466122987866402 0.0811859467998147 0.314084784686565 0.301242525875568
0.707382518053055 0.613219064474106 0.588313356041908 0.404606372117996 0.0457718915306032 0.014282739488408 0.01482850946486 0.0115030383458361 0.0100208759889938 0.0105501566198654 0.0104209678480402 0.0114187536702957 0.00973820977960713 0.0244942875579 0.0142555454047397 0.0127366291009821 0.0129423956386745 0.0230626067146659 0.0182470826432109 0.0178481657523662 0.0160932075232267 0.00970616268459707 0.0132112576859072 0.0204408701742068 0.0185507338959724 0.0160329411737621 0.0108151918509975 0.0157659522257745 0.0117249904200435 0.0115383567521349 0.0103111690492369 0.00915930576156825 0.00934357194928452 0.00956111219711602 0.0148981264326721 0.00995560926385224 0.0101863174233586 0.00881903120898642 0.00850869172718376 0.0086920348345302 0.0120164634194225 0.0070026106084697 0.00249388694646768 0.0229992444161326 0.0764033421874046 0.0719177648425102
0.106353106349707 0.335248498618603 0.00650040851905942 0.0254797833040357 0.0475616464391351 0.0169186596525833 0.0231786537915468 0.0113099199021235 0.0102810033713467 0.0111441811081022 0.0121108091203496 0.0115183590911329 0.0101434414915275 0.019960556156002 0.0186033869395033 0.0168930774438195 0.0150407693814486 0.0193510631099343 0.0192281836178154 0.0205339852720499 0.0160932012367994 0.0132957909139805 0.0110324044129811 0.0131778927752748 0.0169520908035338 0.0197658197022974 0.0127108587184921 0.0114064970170148 0.0129665395594202 0.0116310144774616 0.0126372708356939 0.0250091179739684 0.00945933319162577 0.0189370339736342 0.0167888174299151 0.0566915597766638 0.19216401129961 0.0829552613198757 0.02658461490646 0.00980124693596736 0.00914922192459926 0.00913410997018218 0.0335527022529277 0.0149709936231375 0.00422135852277279 0.0184392324648798
0.0829853139817715 0.0950596150010824 0.0228647506330162 0.0239651956129819 0.0203534624772146 0.0153020684141666 0.0202476609265432 0.016455145389773 0.012322786625009 0.0163109967019409 0.0116174061084166 0.00874078114866279 0.0103302929550409 0.00432409475324675 0.008434707892593 0.0115513986907899 0.0129887862480246 0.0151675178669393 0.018761275568977 0.00644127245177515 0.0185217804275453 0.0136311334325001 0.0123234859551303 0.0254638444632292 0.0212959602940828 0.0180249641416594 0.0134004771127366 0.0172194903250784 0.0128628824371845 0.0120843684533611 0.013316077447962 0.00947396196424961 0.0137224668869749 0.0183345521334559 0.034107069671154 0.111207134276628 0.0457025111652911 0.11758356243372 0.00322423856123351 0.0115549917332828 0.0124381836736575 0.00900689053814858 0.0156107583083212 0.0282626585103571 0.00218094893498346 0.0191832654643804
0.0387872882187366 0.0425798181444407 0.0271859724540263 0.0230210954323411 0.0217889347113669 0.0179346130229533 0.0136785262497142 0.0132979449583218 0.0154916863422841 0.0200345111545175 0.0131278290180489 0.0180590876378119 0.0218273054808378 0.0185801833868027 0.0179362360620871 0.0174760170979425 0.0189089304069057 0.0122123275185004 0.0111971595790237 0.0306345454417169 0.0058894800778944 0.0293354857712984 0.0178613652475178 0.0123942492064089 0.0132273739669472 0.0175673461519182 0.0235842731781304 0.0354154757689685 0.0189795743208379 0.0143025594064966 0.0266403524205089 0.0187428831704892 0.0318705542013049 0.245347441732883 0.173540122807026 0.0308230587281287 0.0110716283321381 0.012568590673618 0.0744754321873188 0.0825391680002212 0.036027829349041 0.0675848048180342 0.0368493850342929 0.0253844571765512 0.00183034550864249 0.0147221343126148
0.0349579787347466 0.042289462685585 0.0263613905757666 0.0196824765764177 0.0201247501885518 0.0214590432588011 0.0154249682091177 0.0165682836435735 0.0210011883405969 0.0144089978653938 0.0126265799626708 0.0234093707054853 0.0180744361598045 0.0141722988104448 0.0187058292329311 0.0105787531472743 0.0107735530938953 0.0110898367827758 0.0134986519347876 0.00419125543621703 0.0346833689138293 0.00443457478249911 0.0194653771352023 0.0135448036482558 0.0178713528439403 0.0128788859350607 0.0236481331288815 0.0137216513743624 0.0127626188565046 0.0124659209046513 0.0116448039654642 0.0109093682025559 0.0104808213887736 0.00983882268192247 0.00904713878408074 0.0149407241726294 0.0107735205907375 0.0270581976976246 0.033826363645494 0.0192566137295216 0.0267260019201785 0.0282305272296071 0.0180476569570601 0.0421807367354631 0.00885231849970296 0.00835284353233874
0.0364061750471592 0.0306706598959863 0.023404616676271 0.0188937109895051 0.0047886517830193 0.0170552084920928 0.0187166655901819 0.0132742368616164 0.0117356719449162 0.00998620824539103 0.0102365679864306 0.0303475894965231 0.00274910787120461 0.01890172297135 0.0268178582191467 0.0195959070464596 0.0126761191175319 0.012160970910918 0.0129917690646835 0.00836990121752024 0.015476457355544 0.0187529934570193 0.0147030882071704 0.0132311030989513 0.0181347164791077 0.0174613358918577 0.0184379471000284 0.0175257358700037 0.0121889388770796 0.0130383253097534 0.0184807188343257 0.0161440738942474 0.0200170165393502 0.0100584187312052 0.00878687660442665 0.00813525452977046 0.0539691945537925 0.0792282346636057 0.120034375041723 0.0565994441509247 0.0982861243188381 0.0317582191899419 0.0124794902047142 0.00465347661229316 0.00825548078864813 0.00980007508187555
0.0373689707368612 0.0305181616451591 0.0237461232114583 0.0277476868126541 0.0275275662075728 0.016545542422682 0.0137111372314394 0.0122190574882552 0.00955406165448949 0.0271362312603742 0.0177306330995634 0.0257407556287944 0.00481533117126673 0.0341716181486845 0.0309881946071982 0.0168964270269498 0.0123948781285435 0.0120313997962512 0.0130205191904679 0.0144495013402775 0.0136341455974616 0.0161331156501546 0.0138107095379382 0.0179862149991095 0.0167750729247928 0.0114232852705754 0.0273011081852019 0.0239029738586396 0.012259956728667 0.0486601609736681 0.0259162825997919 0.0118587956996635 0.0296044956892729 0.0131067017093301 0.0290722443722188 0.016394264716655 0.00987292339559644 0.00341835475410335 0.0205953996628523 0.171688230335712 0.002455006269156 0.0526360025629401 0.040538262296468 0.0152952792355791 0.00843120416393504 0.01309634600766
0.0377109952270985 0.0264218182303011 0.0206273220246658 0.0216133210109547 0.0194125726120546 0.0165165582671761 0.0125843474175781 0.0116571825928986 0.0109230044297874 0.0222469691885635 0.0195939091034234 0.0212479488225654 0.0274543169885874 0.00476110618328676 0.0182178813498467 0.013390065508429 0.0196185372304171 0.0113278406439349 0.0143185835913755 0.0127691197907552 0.013096059137024 0.0407993447035551 0.0149815248325467 0.0188285538926721 0.0467133611440659 0.0124572197906673 0.045719457231462 0.0379980964120477 0.0126942096976563 0.0183441900648177 0.0139062680536881 0.0194331299280748 0.0570875426288694 0.036025548260659 0.028286394989118 0.0175275787711143 0.0119831126881763 0.00906806861748919 0.0149322503246367 0.009921804536134 0.0174241058528423 0.0263381556142122 0.0239574276376516 0.0159329739399254 0.0088011839077808 0.00812517065787688
