Scripts_&_data/Maxent_result_files_2/B_fragrans_2.asc
NCOLS 594 
NROWS 330 
XLLCORNER -15 
YLLCORNER 23 
CELLSIZE 0.166666666666667 
NODATA_value -9999 
[rows 210 to 230 of 330, columns 276 to 321 of 594]
-9999 -9999 -9999 -9999 -9999 -9999 -9999 -9999 -9999 -9999 -9999 -9999 -9999 -9999 -9999 -9999 -9999 -9999 -9999 -9999 -9999 -9999 -9999 -9999 -9999 -9999 -9999 -9999 -9999 -9999 -9999 -9999 -9999 -9999 -9999 -9999 -9999 -9999 -9999 -9999 -9999 -9999 -9999 -9999 -9999 -9999
-9999 -9999 -9999 -9999 -9999 -9999 -9999 -9999 -9999 -9999 -9999 -9999 -9999 -9999 -9999 -9999 -9999 -9999 -9999 -9999 -9999 -9999 -9999 -9999 -9999 -9999 -9999 -9999 -9999 -9999 -9999 -9999 -9999 -9999 -9999 -9999 -9999 -9999 -9999 -9999 -9999 -9999 -9999 -9999 -9999 -9999
-9999 -9999 -9999 -9999 -9999 -9999 -9999 -9999 -9999 -9999 -9999 -9999 -9999 -9999 -9999 -9999 -9999 -9999 -9999 -9999 -9999 -9999 -9999 -9999 -9999 -9999 -9999 -9999 -9999 -9999 -9999 -9999 -9999 -9999 -9999 -9999 -9999 -9999 -9999 -9999 -9999 -9999 -9999 -9999 -9999 -9999
-9999 -9999 -9999 -9999 -9999 -9999 -9999 -9999 -9999 -9999 -9999 -9999 -9999 -9999 -9999 -9999 -9999 -9999 -9999 -9999 -9999 -9999 -9999 -9999 -9999 -9999 -9999 -9999 -9999 -9999 -9999 -9999 -9999 -9999 -9999 -9999 -9999 -9999 -9999 -9999 -9999 -9999 -9999 -9999 -9999 -9999
-9999 -9999 -9999 -9999 -9999 -9999 -9999 -9999 -9999 -9999 -9999 -9999 -9999 -9999 -9999 -9999 -9999 -9999 -9999 -9999 -9999 -9999 -9999 -9999 -9999 -9999 -9999 -9999 -9999 -9999 -9999 -9999 -9999 -9999 -9999 -9999 -9999 -9999 -9999 -9999 -9999 -9999 -9999 -9999 -9999 -9999
-9999 -9999 -9999 -9999 -9999 -9999 -9999 -9999 -9999 -9999 -9999 -9999 -9999 -9999 -9999 -9999 -9999 -9999 -9999 -9999 -9999 -9999 -9999 -9999 -9999 -9999 -9999 -9999 -9999 -9999 -9999 -9999 -9999 -9999 -9999 -9999 -9999 -9999 -9999 -9999 -9999 -9999 -9999 -9999 -9999 -9999
-9999 -9999 -9999 -9999 -9999 -9999 -9999 -9999 -9999 -9999 -9999 -9999 0.000178411653996591 0.00500646417494863 0.0433875419199467 0.0217395684681833 0.00250994659454591 0.00163505027012434 0.00293835285701789 0.00018544536542322 0.0018087311880663 6.98917202498706e-05 0.000176831930730259 0.00106272204429843 0.000306792479750584 -9999 -9999 -9999 -9999 -9999 -9999 -9999 -9999 -9999 -9999 -9999 -9999 -9999 -9999 -9999 -9999 -9999 -9999 -9999 -9999 -9999
-9999 -9999 -9999 -9999 -9999 -9999 -9999 -9999 5.70304136260802e-05 0.00345082750864094 0.00633328416151926 0.0203093005344272 0.0179470433387905 0.0555620118975639 0.0180023159366101 0.0106110210693615 0.0195277401366184 0.0075179462592132 0.00521848720216214 0.0116153570686373 0.0277838214972462 0.259650439396501 0.0753596014808863 0.0122119233012199 0.00384344613994472 6.30029838248447e-05 -9999 -9999 -9999 -9999 -9999 -9999 -9999 -9999 -9999 -9999 -9999 -9999 -9999 -9999 -9999 -9999 -9999 -9999 -9999 -9999
-9999 -9999 -9999 -9999 -9999 -9999 2.08786477344347e-05 0.000730110896984115 0.000957228784682229 0.00326824810472317 0.010796280298382 0.0266211573034525 0.0109126836061478 0.0163962603915934 0.00912390230230112 0.00846352507874532 0.0285717480903259 0.0157047668303676 0.0281482309861479 0.0081972637437462 0.000705163644306594 2.64788244501823e-05 0.00591003951327919 0.0115398307674241 0.00365550370755706 0.0064359340120177 0.00335776855354197 0.00153712520259432 0.00126407465431839 0.00389907800126821 5.67835268586836e-05 -9999 -9999 -9999 -9999 -9999 -9999 -9999 -9999 -9999 -9999 -9999 -9999 -9999 -9999 -9999
-9999 -9999 -9999 -9999 3.11200588726024e-05 0.0009853346622549 0.000916805185261183 0.000921799935167655 0.00429991049459204 0.00722201386815868 0.0173866801953409 0.0268368497490883 0.0110858721795466 0.0268405016334878 0.00701691071735711 0.00304815665732849 0.0193847688613459 0.0264151977258734 0.000450564826285782 0.000155164995893475 0.000526861529806411 0.000934395663125542 0.000293287423045285 0.00485744003312785 0.000255307943883487 0.00250405403056623 0.0118194688344374 0.000136983452637007 0.00578320553977392 0.00342038040980697 0.000983465794706717 -9999 -9999 -9999 -9999 -9999 -9999 -9999 -9999 -9999 -9999 -9999 -9999 -9999 -9999 -9999
-9999 -9999 3.27232086419826e-05 0.000247457257137285 0.0012961718486622 0.00061901998706162 0.00286433298606426 0.00955526856705546 0.0163131440058351 8.05699598065646e-05 0.000184652710228828 0.00116409793715239 0.00126485942587369 0.00102386946709885 0.00025382230392097 0.00409482448599476 0.00333123475143657 0.000664396953652613 0.000516303775293636 3.11577516127204e-05 2.06613779337061e-05 0.00103130253572914 0.00450367514276878 0.00027794034949693 0.00678703199546369 0.00177263056116921 0.0109684970186208 0.000295205289185674 0.0105125110596418 0.0139956416096538 0.00260084819747135 0.00251147622475401 0.000116211259137344 0.000279158320336137 0.000144564401853131 0.000854502187576145 -9999 -9999 -9999 -9999 -9999 -9999 -9999 -9999 -9999 -9999
1.1695175692239e-05 6.07149052711975e-05 0.000793806588626467 0.0175551962573081 0.185523484181613 0.00483353079134758 0.113664349564351 0.0878542915219441 0.133257288011892 0.000735829704720037 3.83858621262334e-05 2.39917488570995e-05 0.000421996620252696 0.000382257913588713 0.000501637566708268 0.000134482048349582 4.6712447105135e-05 0.000153924715585041 0.0072573233862447 0.0435074826017172 5.68021784410289e-05 0.215334351575223 0.238363953214139 0.00279291009846468 0.0156017148293472 0.126437070994871 0.0416131649166346 0.0785736542195082 0.0826883047819138 0.0263580068014562 0.0229594820179045 0.0135824658442289 0.00113536547287367 0.00109955265652388 0.00158557606773684 0.00145179190585623 0.000757308346510399 0.000495959744148422 0.0632306951550845 -9999 1.81826502284821e-05 -9999 -9999 -9999 -9999 -9999
2.14999676700245e-05 8.5327893793874e-05 0.014805064490065 0.0312841776758432 0.0220711695030332 0.0851257778181391 0.0363157592849348 0.0244070384651423 4.730764416081e-05 0.0309000398021453 0.0594148222086375 0.0104617612259797 0.0973177502328678 0.0389186467166837 0.0382254311400406 0.478263382613659 0.00348538885082237 0.027198451464173 0.00791672062660062 0.00101690442620566 0.0146499384834129 0.169956248253585 0.00892389787003083 0.241109934449196 0.00447081275247578 0.358224937319756 0.0699397970223799 0.157019650191069 0.0882888972759247 0.0636073768138885 0.0100282179191709 0.0115399763919413 0.173370547564991 0.00977169021389273 0.0148643122520298 0.0170297901611775 0.00213367356627714 0.00156323591654655 0.000864143166108988 0.00122380483226152 0.000785494469892001 0.000458571799390484 0.000339264569629449 3.74599983842927e-05 -9999 6.10161656368291e-05
0.00415481913951226 0.000631058858925826 0.0798622282221913 0.0127243439652375 0.000614662371907571 0.00125524134637128 0.0198920367954997 0.0895776560006198 0.00502446061277984 0.000231403721480206 0.00278496473890507 0.369061764329672 0.532746887207031 0.510045117139816 0.588671427965164 0.548011535406113 0.292468425631523 0.482203415036201 0.122542505618185 0.0338356267144945 0.108609216287732 0.257637052237987 0.0699871651129797 0.0907850428615347 0.0301331600021513 0.239023353159428 0.168674193322659 0.218071955442429 0.0876920476555824 0.00387202512529007 0.00250140172389933 0.0667660858482122 0.297618621308357 0.00814890385736362 0.00399560835794546 0.00353470597037813 0.0125774439889938 0.00534336564596742 0.0024522012565285 0.00313275300431997 0.00568102847319096 0.00410778622608632 0.00392172339052195 0.0036224850688825 0.00302256926661357 0.00615129801444709
0.0278078833947866 0.0176270723080961 0.0021741800097517 7.76644561426565e-05 2.70798825293239e-05 0.000290240113657347 0.00034458751681079 0.000355807413063758 0.00210891453461954 0.00784869156038894 0.0359908915286212 0.0205602728483427 0.528540515899658 0.526676678657532 0.57232780456543 0.653988671302795 0.473540979623795 0.512217110395431 0.294175243377686 0.21930359005928 0.184241749346256 0.271960857510567 0.509352666139603 0.332073047757149 0.293500423431396 0.202007608115673 0.227043457329273 0.172654105722904 0.00855518504977226 0.0174452949097031 0.17833249643445 0.100103030988248 0.108507174998522 0.0131140194833279 0.0196931648999453 0.0139647829346359 0.0256412802264094 0.145364014059305 0.136943531036377 0.0691739313304424 0.00586962854600017 0.0045209990424155 0.00621909221775413 0.00404194554043329 0.00460843327825523 0.00745892115247664
5.43803521806829e-05 0.000259306377216717 0.00234828898755963 0.578392654657364 0.178064256161451 0.0281644837714531 8.03635035573347e-05 0.0626052498002537 0.580808687210083 0.130101077217842 0.598825824260712 0.107576094381511 0.513231295347214 0.361467236280441 0.561825788021088 0.519369518756866 0.302287462353706 0.185858230292797 0.165702076256275 0.199775975942612 0.454821985960007 0.284944753348827 0.286400604248047 0.218726389110088 0.279323783516884 0.340201187133789 0.0828384903259575 0.297253689914942 0.273763927817345 0.158546346053481 0.0209498669486493 0.00641942964549766 0.072644541675254 0.0356553250869638 0.00737021973554874 0.00150086003110346 0.0145930557959602 0.00731164743408473 0.00300474598964953 0.0129559333460533 0.000373088091231288 0.000737730293715344 0.015052584433834 0.186564894020557 0.466606956720352 0.551514059305191
0.00262382628534397 0.015372769096745 0.15928205527598 0.0306662278479536 0.241412151046097 0.549013656377792 0.433942422270775 0.460396125912666 0.47571747303009 0.489822888374329 0.481160658597946 0.545867538452148 0.609823554754257 0.413323438167572 0.321473082900047 0.443881574273109 0.30465627014637 0.295638290047646 0.192053106427193 0.202636423707008 0.474946856498833 0.507258641719818 0.369436004757881 0.367245069146156 0.318813675642014 0.227024881541729 0.309810307621956 0.249306988716125 0.258919277787209 0.233378507196903 0.247039906680584 0.127142012864351 0.263692286610603 0.290610198676586 0.233994789421558 0.0130918545465234 0.0894642262401248 0.0131988795733965 0.0165805487615839 0.01816389983288 0.0435318933348754 0.196775933355093 0.495734298229218 0.287147280573845 0.4070716381073 0.585925990343094
0.0139595812608578 0.0958246185477492 0.293059100117534 0.467398291826248 0.368675477802753 0.338112115859985 0.202525363862514 0.286136242747307 0.485513699054718 0.407509753108025 0.676198303699493 0.597123527526855 0.442563205957413 0.577166485786438 0.456350389122963 0.460435539484024 0.485620820522308 0.473560118675232 0.195958805084229 0.21939052939415 0.524944692850113 0.342841374874115 0.381767544150352 0.243170982599258 0.379273223876953 0.262330339848995 0.296026934683323 0.288986048102379 0.285670182108879 0.297097216546535 0.405378767848015 0.530096155405045 0.468884521722794 0.543765193223953 0.493581652641296 0.514613574743271 0.464206027984619 0.586986690759659 0.562551879882813 0.545887380838394 0.39225389957428 0.312714689970017 0.591408950090408 0.26334078758955 0.536210042238235 0.460942929983139
0.14222154893796 0.276846167817712 0.21543674916029 0.135172560244609 0.364730384945869 0.498208224773407 0.451202350854874 0.320024192333221 0.248887346684933 0.508810752630234 0.545371323823929 0.340911918878555 0.589058125019074 0.648916697502136 0.508291381597519 0.544529682397842 0.391884797811508 0.279192692041397 0.296706229448318 0.475546938180923 0.537904840707779 0.514046150445938 0.381024086475372 0.485171908140183 0.434992611408234 0.535319519042969 0.518823131918907 0.460176640748978 0.346909675002098 0.466386961936951 0.550801718235016 0.5195132791996 0.548267251253128 0.544436883926392 0.533367627859116 0.53195007443428 0.490598833560944 0.589636796712875 0.592949891090393 0.582656902074814 0.484290862083435 0.575877422094345 0.498992031812668 0.246440684236586 0.191425048559904 0.133558500185609
0.488217306137085 0.454978635907173 0.21481166575104 0.29882179768756 0.348127446696162 0.408495807647705 0.349871447682381 0.394764560461044 0.285886019468307 0.435859197378159 0.354113855957985 0.586702978610992 0.553844636678696 0.53421323299408 0.476587474346161 0.52672101855278 0.525758415460587 0.210741572082043 0.236368879675865 0.25986268222332 0.30503491461277 0.242257019877434 0.433161097764969 0.515828287601471 0.406219917535782 0.3622185587883 0.406820300221443 0.518051511049271 0.498242825269699 0.584543216228485 0.395377305150032 0.492875936627388 0.545256155729294 0.548001933097839 0.47878765463829 0.563669693470001 0.589296042919159 0.500433361530304 0.502639955282211 0.483510732650757 0.501918977499008 0.453111666440964 0.531916326284409 0.393177217245102 0.359426182508469 0.360299569368362
0.591653925180435 0.479829461872578 0.463425637036562 0.257921762752812 0.377930354699492 0.428356301784515 0.421557146310806 0.281198520958424 0.336875545978546 0.575561743974686 0.332488512992859 0.450359565019608 0.49849836230278 0.374449083209038 0.22075777053833 0.377141806483269 0.271521088480949 0.293729484081268 0.569764333963394 0.541748929023743 0.421955507993698 0.428232365846634 0.472479486465454 0.307978427410126 0.298478877544403 0.328254345059395 0.354127851128578 0.507971554994583 0.327864242345095 0.00251007493134239 0.1122717410326 0.548593652248383 0.510720664262772 0.492918545007706 0.521720391511917 0.533629196882248 0.493543273210525 0.504979652166367 0.498194372653961 0.429944348335266 0.445148450136185 0.379295533895493 0.382306802272797 0.381461414694786 0.10949500054121 0.0899403151124716
