Scripts_&_data/Maxent_result_files_2/B_fragrans_3.asc
NCOLS 594 
NROWS 330 
XLLCORNER -15 
YLLCORNER 23 
CELLSIZE 0.166666666666667 
NODATA_value -9999 
[rows 84 to 104 of 330, columns 460 to 505 of 594]
4.13574840933961e-06 7.82745774063898e-07 4.7619427681056e-07 3.34430515280815e-06 1.6816733360514e-06 2.17236675370547e-07 5.51925500158479e-07 1.32655419888827e-06 1.23878388018639e-06 5.30834158896098e-07 3.57076712056426e-06 5.50599011148734e-06 6.33859658005775e-07 1.03796903623277e-06 7.11217135540565e-07 5.51356577327411e-07 2.09169427982658e-06 4.6367905000011e-06 3.15201112073282e-05 1.47345647405928e-05 1.61173075071019e-05 1.26718121634894e-05 5.23826945936889e-05 1.04719602887826e-05 9.80421402800857e-06 0.00588701036817838 2.41411417505333e-06 1.86781852384854e-06 3.23225606280175e-06 1.00263433921555e-05 4.7117050542056e-06 5.73854505070415e-07 3.88843692178398e-06 2.78980498080728e-06 3.13327059586754e-06 1.77047304532607e-05 1.30800999045277e-06 1.08612872011804e-06 4.24958844291723e-06 1.2269069564752e-06 1.09207836914038e-05 4.43365623645775e-06 7.6827856965167e-06 8.40861629676226e-06 9.25380131491238e-06 7.34294035495964e-06
3.22356419459879e-06 1.0776091849074e-06 3.87633285880984e-07 4.00361824226536e-07 5.30098330431272e-07 5.27210342227136e-07 1.97273064479475e-06 5.35500492215846e-07 5.2997072771177e-06 2.65525490306118e-06 8.24733450883741e-06 2.56132692466604e-07 6.71938897367497e-07 4.68790066534552e-06 6.41445600080282e-07 9.3646457379748e-07 1.97585038677062e-06 1.32014898852617e-05 0.0191293634889462 2.77606589747847e-05 7.07071779288526e-05 0.0303048826375743 2.51154505576778e-05 9.93720521336172e-06 8.32868269355913e-06 4.81367022509005e-06 3.51045212880763e-06 4.28098334523952e-06 1.24179954390513e-06 2.0157473452187e-06 1.7034568504215e-06 1.22736033318915e-06 1.5577867516825e-06 2.04874422120582e-06 7.72139101599123e-06 5.66456503872104e-06 1.1546625721337e-05 1.07191249668404e-05 1.09052345884209e-05 6.7938458137462e-06 6.82808951466996e-05 2.18152762499813e-05 1.6338710565833e-05 0.0584492353356836 1.75300081409091e-05 1.32959475834582e-05
1.7929764888347e-07 1.92633366841166e-06 2.1654466719867e-06 1.61672473026897e-06 2.56404952414524e-07 8.16672085568459e-07 1.08223138568064e-05 1.46294360234833e-05 1.74182164336401e-06 1.07988120333857e-05 2.27871347306063e-05 1.16142313459022e-05 1.27019344631663e-05 1.2915562270166e-05 1.13695889130128e-06 2.996563944202e-07 4.46264392817142e-07 6.77381456481996e-07 2.47843466922859e-06 3.31714137615791e-06 2.84936357957122e-05 0.378199166802415 0.00279499975858926 8.8027732857654e-06 0.0141383603629322 3.14887671049036e-07 8.37273079346002e-07 1.49402879872085e-06 3.559895224714e-07 4.70891555759412e-07 1.58371976171079e-06 5.72268766119155e-07 3.79199737432501e-07 1.0217861049e-05 1.1256936514048e-06 2.67166059977342e-06 0.000457397789341485 2.12192654345245e-05 9.90560446822997e-06 8.02972271216618e-06 6.58432356885896e-06 3.12624847424559e-05 3.76376320918581e-06 1.08646082805919e-06 3.92263421758798e-05 2.45263642173477e-06
2.33027953318032e-06 2.91747798194519e-06 5.96093783117313e-06 2.70350473208225e-06 4.30797797867921e-07 6.28105638500465e-08 4.25336558227407e-06 2.59177714356795e-07 5.38157065821387e-07 1.59509836819005e-06 5.91005841998893e-07 2.88344740972946e-07 1.58116633087957e-05 5.39578212599423e-06 7.25392089295784e-07 4.30892507408132e-07 2.46586167573781e-07 3.78336266351198e-06 2.77844131062466e-06 1.0558197730326e-06 0.668206830464692 0.00124479763808267 1.71146887282703e-05 9.49660933891039e-07 7.03605058696155e-06 2.5312570927416e-06 4.93312807723356e-06 2.13446974868248e-06 4.42450653337367e-07 3.39168378149513e-07 6.8880874705135e-07 5.35143957538509e-06 4.62900880104922e-07 2.84947897171151e-06 1.85314688323501e-06 3.15066479339432e-07 1.28877563235763e-06 2.60688507710549e-06 6.36712759183311e-07 8.68681221244394e-07 1.02088646594112e-06 6.28992237250436e-07 1.37399581068287e-07 1.79368794928081e-06 1.7248171372275e-07 3.44649850048118e-07
5.31999639907799e-07 1.6225382816204e-07 6.05764867397385e-06 6.89497594381638e-06 1.65722216223241e-06 7.14399631656093e-06 1.03863881367738e-06 8.10320134081444e-07 3.37203798279617e-06 2.97176722927617e-06 9.67998403045289e-07 1.56772397428284e-06 3.97165061989391e-06 3.89183920523895e-07 5.86184929562972e-07 5.74614319281963e-07 3.51446785060716e-06 3.95373555974743e-06 6.48599771544411e-06 0.323800606412266 0.000168473341864228 2.38642343447282e-05 5.49643297242941e-07 3.90318431655601e-06 5.04705505885994e-06 2.13190343074654e-06 5.20221480881933e-07 1.41452308564105e-06 6.92870507990051e-07 1.55364653731116e-07 8.28055622847934e-08 1.09218096189245e-07 4.16425015581368e-08 3.87763168386845e-06 3.35218388962666e-06 2.22197767985044e-07 1.72244924667719e-07 6.66508442992431e-08 4.31927233202067e-08 6.00105993271427e-06 2.20928822187716e-06 7.66787191430751e-07 2.65798565912689e-07 5.88600312401155e-07 2.0390634791756e-07 2.31903269520828e-07
2.48134577446324e-06 7.41510482960006e-07 1.72787376662153e-07 1.72033854828335e-07 8.80248412871154e-07 5.05027415398374e-07 1.47286030259819e-06 2.36616669291312e-07 4.37014540843883e-07 2.58394300212128e-07 1.33377308753069e-07 1.13957371968842e-06 6.46675453808143e-07 1.91785385865728e-06 0.638085910955329 0.691775386127847 0.692414400743655 0.589713620465864 0.000182467801602115 0.162665338467195 6.68686334961421e-06 9.50471325200652e-07 4.58861724074167e-06 3.95894486610038e-06 1.14907334259895e-06 5.68308117867566e-06 1.52838245514042e-06 8.71363636401057e-07 4.24162228163105e-07 9.98508080329863e-08 1.1775246789858e-07 2.45102908646988e-07 1.70993552418564e-06 1.25170588082257e-06 1.65615036066269e-06 9.30916885799604e-07 3.84683784271367e-08 9.80565057040472e-08 1.10432071176447e-07 6.93996729250745e-07 2.79439212669264e-07 2.52045161386327e-07 6.64063827748862e-07 9.76376409611568e-08 1.65259721898181e-06 9.61598421145293e-07
5.36200091560968e-07 1.11925133602364e-06 2.61171393700632e-07 4.53549727108538e-07 2.41881525469001e-06 2.33249547165748e-07 2.70845960614885e-07 1.79199521810336e-07 7.70120144744091e-07 3.34210900829746e-06 1.06106503239278e-07 2.12681449629493e-07 7.04871598355972e-07 2.70345631880886e-07 9.11888876720113e-07 3.11690960046462e-05 6.5317886267735e-06 0.000136735427042822 0.168387267501938 3.42333292397967e-06 7.03117005258491e-06 1.3961265018736e-06 4.02198851562341e-06 5.20412856275243e-07 1.02036800142535e-07 3.61966730921814e-07 2.76930326847946e-07 1.99503251847588e-06 2.97977810383987e-06 2.80684560005628e-07 1.23075067404166e-07 1.0458241080924e-07 1.28229377382993e-07 7.88867264622794e-08 4.96164663110754e-07 3.57424433805598e-07 2.22606403885717e-06 1.62977173961965e-06 1.81547110889024e-07 2.17511299294149e-07 3.32005328051999e-07 1.81996982318022e-07 5.74616589266164e-07 2.8322200793518e-07 6.01155925625818e-06 4.6447389917148e-05
3.97140173606925e-06 1.63639795813797e-06 7.69517940701903e-07 1.66660229150573e-07 1.84150311666187e-06 5.84601511888216e-07 1.80183356387476e-06 1.13496925413514e-07 2.79388518054091e-07 1.89833984587384e-07 1.28938340182572e-07 8.52937001472043e-08 5.92132607835083e-08 5.71208561050973e-07 5.46582011029528e-07 2.39923308398282e-06 2.28762240643832e-06 2.67153150363963e-06 0.000154407527179501 1.46087759283375e-05 3.62413881465073e-06 1.3528175452393e-05 3.33252565241082e-06 3.88072755663771e-07 1.78553716857488e-06 1.51497066471773e-06 1.13276690447694e-06 1.67942209869931e-06 6.18471071787141e-06 5.1311061272763e-06 3.12460157412264e-06 1.92142354433766e-06 7.55459343859677e-08 4.23244451686067e-07 1.51946797233293e-07 4.98633691448092e-08 1.90264813770824e-07 1.18006006022409e-07 1.55197585660627e-07 1.87853564803664e-07 7.86321305779047e-07 2.10071802457801e-06 6.31684427162327e-05 1.48516976331337e-05 1.03359941743264e-05 1.63042194238017e-05
1.66079716712453e-07 4.3086640465928e-06 1.73429679040105e-07 1.67672055151336e-07 1.54395908891214e-07 3.71746806138162e-07 1.10633615524325e-07 1.27827468151764e-05 6.35125247172574e-08 4.57889255978117e-07 3.21418503734794e-07 6.45994566927932e-07 1.79468014083195e-07 4.36332915798587e-08 1.24024859349259e-07 4.15279630820997e-06 2.20977973413028e-05 2.19503123120024e-06 0.000108477819429709 0.000110896097612567 0.00758027138566604 1.54216130660245e-05 1.327095994057e-05 1.43692449810828e-05 2.06429742881653e-06 1.18401785627054e-06 2.18585386526637e-06 2.37687600190828e-06 9.3518119693714e-07 1.27115546039169e-06 2.10554170089194e-06 5.83631177053512e-08 2.41863575778378e-07 1.66502518487155e-06 5.01846632072755e-07 2.72407503032479e-07 4.42163617608848e-08 3.12838207516819e-07 1.01070297586769e-07 1.54399714047404e-07 1.33754912844397e-06 1.22221931075917e-06 2.23022973159459e-05 0.000119197597189213 2.5441264033077e-05 1.73425410224581e-05
3.01124575374789e-07 1.77378214860635e-07 1.48948162770335e-07 2.12432016288844e-06 1.95968248917211e-06 2.23797695416694e-06 2.50083229402787e-07 1.48106851178831e-06 8.64141059264689e-08 1.09078048349254e-07 2.2215895666422e-07 1.05574339959169e-07 4.66730154013995e-07 5.081297216325e-08 3.51105128926221e-07 9.18868360955116e-08 4.76061735055211e-07 6.01867078509066e-08 1.07292994847574e-06 1.15929684650906e-06 3.06154740039588e-06 2.23143186103947e-05 5.41341179889354e-06 7.15694485107221e-06 0.000133305061704903 1.55036194655622e-05 2.98390836590556e-06 2.07214547742751e-06 5.73045812124473e-07 5.17917357578668e-07 5.34371320659588e-07 8.45300194174392e-07 4.76185734132883e-07 5.04394846434497e-07 3.47439541770189e-07 3.92190243392321e-08 5.78055261102328e-08 1.28314126157658e-07 9.22492217614312e-08 5.96945487485456e-08 5.29945490557182e-07 1.06375527549885e-06 8.48283153331852e-07 1.05166646072741e-06 2.56339975550191e-05 8.51023623397396e-05
4.44980088534219e-06 1.57630285768651e-07 2.30604735618201e-07 4.12658727422244e-07 1.06699179558412e-06 8.34758324130824e-07 8.39688760156942e-07 1.16504294400688e-06 3.02364624560347e-07 9.07445718345556e-08 9.43835523181669e-08 1.02950361383636e-06 7.38326407123679e-07 6.13427027729152e-08 9.76517598894056e-08 5.48587139270751e-08 2.76395211940006e-08 8.69000228553851e-08 1.73916661150297e-07 7.2811097081571e-07 1.44987523226225e-06 1.919475053902e-07 2.11417126139146e-07 5.51566328632624e-07 1.47695323721164e-06 4.0360080038937e-06 0.000106667292396878 0.0102011013844731 0.0337483982020785 6.26392584877067e-06 6.72081400754365e-07 7.49074703376706e-07 2.51561666897437e-07 3.87559066529208e-06 2.49684999708011e-06 1.79874495931376e-07 1.01082797964169e-06 7.56305453408768e-07 1.51144237847678e-07 1.18983600860822e-07 3.42282699283825e-07 2.54573578462036e-07 2.06591389597666e-06 3.13503715766217e-05 2.80022951295589e-06 9.00022753711482e-06
1.27851922576694e-06 2.14778099433266e-06 2.27020143619416e-06 3.44882017253578e-06 4.66005507067102e-06 2.0447047373251e-06 3.24257116824933e-06 8.79410615106657e-08 3.16261639110582e-07 4.58574179307281e-07 1.11767102684013e-07 4.89979659468176e-07 3.16193387939201e-07 2.97128571058458e-06 2.5486032981803e-07 4.32135561778679e-08 1.33610024621866e-07 5.42248836554737e-07 4.89786539359383e-07 1.60581146502192e-07 2.61643737609063e-07 2.54900385071588e-06 3.1409978813457e-07 1.08807472539718e-06 3.76606334315799e-06 1.37383127685187e-07 3.77972723233366e-06 1.98351453407852e-05 7.34081504702999e-06 0.000156524868509678 0.602667229702547 0.677343564298712 9.89903659046831e-05 2.17420042645244e-05 7.65361749410776e-07 2.10409692545932e-06 1.42908683378185e-06 6.55805990390501e-07 3.83659143177173e-07 2.69619923187747e-07 1.17711790448283e-07 8.02992837589667e-07 1.25992041422052e-06 1.50913545079456e-06 1.26224348839798e-07 6.31570841014284e-07
4.24611154858923e-07 8.23079915812652e-07 3.33043242772835e-07 3.76586463546325e-07 4.00770051419697e-06 2.72357985460214e-06 3.93768933870664e-07 1.31356532517835e-07 2.49706578092646e-07 2.54884995676274e-07 8.63786909122144e-07 8.90322362057105e-08 3.05953708212847e-07 1.59728553450478e-07 3.7263710483959e-06 1.73527668709816e-06 1.59585618695335e-06 1.09482909405045e-07 1.49188910991693e-07 6.39882623149068e-06 3.74124257485065e-06 1.51630630291777e-06 3.99419006889001e-06 5.89033496556368e-07 6.26688424909538e-07 2.65550690015104e-06 1.41590118190038e-06 4.4652500586273e-06 2.28703660442031e-06 1.16586829623344e-05 0.00121174423748016 1.26205389452849e-05 0.000638504611060853 3.24921022752278e-05 1.68863442731038e-06 7.81924647670351e-06 4.48694002400663e-06 7.83230740375451e-07 3.40002973296949e-06 3.49373985386592e-07 8.00450047344636e-07 1.45468777346114e-06 1.60808834448467e-07 2.54838268221036e-07 7.04745320101452e-08 2.21730534100129e-07
1.3509229814801e-07 6.02953393125105e-07 1.01551485668372e-06 6.11715813580993e-07 2.41314090310141e-07 2.63627314547321e-06 1.94476609083338e-07 2.29783217986501e-07 2.40762681724682e-06 2.65737898308416e-07 8.2645651477975e-08 7.09047573299593e-07 1.39738041007309e-06 2.3173174358293e-06 1.46685565294291e-07 5.39355757533944e-07 6.96446283643404e-08 1.8478721573123e-06 3.22052151857655e-07 1.16885688650203e-07 2.83872646353878e-06 8.88159755074724e-08 4.25603352749437e-07 4.99552213537591e-06 8.41536471618554e-08 1.76329812462406e-07 1.53484456063557e-06 2.37772754649868e-06 3.14222853758928e-07 1.26324769703756e-05 8.01228403601861e-07 3.09065642577488e-06 1.46204086726165e-06 2.49484216965357e-05 2.74752349753271e-05 1.61209197457879e-06 7.89406158474559e-07 6.0822548255679e-06 1.08772324751705e-06 1.9978785453123e-06 6.25005298904302e-07 4.6719543078666e-07 1.29223034242898e-05 1.01386906222745e-06 6.06866670196382e-06 8.71251128060635e-06
1.11961380781622e-05 1.58287880520636e-06 1.42921958472542e-06 5.00281931230528e-06 7.66258171702727e-07 2.20527236572954e-06 3.32618613574365e-07 1.09921713932426e-05 1.15244133451764e-06 4.78990259555889e-07 1.00254051396131e-06 3.54802120903219e-06 3.41505498835382e-06 6.20221888969486e-07 1.37846154122379e-06 5.68748780604977e-07 8.15739662348713e-06 6.53241219126244e-06 5.65361296311906e-07 2.08671603119104e-07 1.18463774632094e-06 3.40136807334135e-06 1.20833894080574e-06 1.27838262387048e-07 8.02705152269656e-07 1.93104524256471e-06 7.50440352145221e-06 3.40955453204117e-07 5.76728881351851e-07 6.47637414807889e-07 1.21347118032133e-05 2.61001030006369e-06 2.92803256840557e-06 1.46266266298767e-06 2.46102562826422e-06 1.68290665612858e-05 6.72251318860617e-06 2.38409772279624e-06 5.63424085919806e-07 4.94486947726358e-06 5.08372568118753e-06 1.49589127156347e-06 2.07852359351834e-06 6.1396237793776e-07 5.23617543706223e-06 6.11701260027075e-06
4.53734626126856e-07 1.58618264892718e-06 4.52536131927417e-06 7.57788871652565e-06 1.69133997730553e-06 2.25053580749091e-07 6.05581124724086e-07 1.12093272268687e-06 3.03791442068935e-07 6.93468518797591e-07 1.53065690682297e-06 1.01776080219107e-06 5.97632943524218e-06 8.33541784595049e-07 1.85453276183578e-06 7.11316398394057e-07 9.89089338132576e-07 1.04430858358873e-05 7.31231904582685e-06 1.84910440010899e-06 2.17536971208743e-06 8.58155739758004e-07 1.094429775228e-06 3.3825355432171e-07 2.49841513477733e-06 6.27497683391987e-07 1.42214646750016e-06 2.24662142198628e-06 7.85959297266992e-07 7.35362325987587e-06 5.56621387581835e-07 5.8096613935632e-06 0.000245629464416197 4.16047470480407e-05 2.13163136311145e-06 5.66914587238898e-06 2.28326487899722e-05 2.33817204502884e-05 2.06871931425212e-05 3.09577637267466e-06 4.37739834282524e-06 1.47135261556741e-05 3.69016922978638e-06 1.64623729412838e-06 1.65384257297951e-06 1.45366400907676e-06
1.32532163394927e-05 1.73167684747177e-06 2.23874808279456e-06 6.0982613334204e-06 4.06469650613417e-06 5.76889078729437e-06 1.48552471642915e-05 3.92781492131178e-06 1.81478984396799e-06 3.65692074377755e-07 3.92137179439089e-07 3.76288854930795e-07 1.51722229604356e-06 2.38222079196326e-07 3.44288385978331e-07 4.22911375352886e-07 1.198121164947e-06 7.38993191984338e-07 4.40349941532858e-07 3.26000558139583e-06 2.16303460276457e-07 2.54141845044131e-06 1.70730445287148e-05 1.48267400490454e-05 6.84220171592642e-05 3.11165830837457e-06 1.93950960327705e-05 7.4694295516764e-06 7.88766725899892e-06 8.26121415733461e-06 8.99477734619403e-06 4.20013364808014e-06 1.70539075378784e-05 1.57971333040408e-05 1.12027011322624e-05 2.4111975662322e-06 2.87880004634644e-05 0.000729212473379448 1.67239989877999e-05 2.14488738663476e-06 2.30628939505095e-05 2.42775718930943e-05 2.20800348955663e-05 8.61457097656171e-07 5.07711029342772e-06 1.49219544539392e-05
1.69604403367885e-05 1.26386432981462e-05 9.97462676650685e-06 2.97474590027491e-06 6.21229049500016e-06 6.80912632411434e-07 1.27030798495298e-05 8.28033940933892e-06 3.5464994754264e-07 4.11324897331422e-07 5.00504324052464e-07 3.96889204823392e-07 1.96360803794704e-07 5.98104993021487e-07 9.9810140183898e-06 1.61938715436127e-06 1.30984217823205e-06 1.79100214303674e-05 4.59697438124351e-06 8.00185231128125e-05 0.000157362289724006 0.000130151259190825 2.1728363974205e-05 8.28575429778766e-06 0.000258833161205985 3.51273715637035e-05 1.11481938802172e-05 2.64119483219361e-05 1.5730932771163e-05 1.20673477381317e-05 2.57115479117553e-06 1.78968743133057e-06 3.31978410154088e-06 8.29873761517774e-05 0.000112617836475692 3.05830984530075e-05 1.78892091302174e-05 1.27114484939739e-05 6.25825763336252e-06 0.00017074604966183 5.28364052115649e-05 1.45884958556053e-05 5.25543402545736e-05 3.88977734132823e-05 1.59350931312474e-05 5.39267322210435e-06
2.74450957569172e-06 3.98591168845996e-05 2.93166800247491e-05 1.07993530576778e-05 2.94474008057932e-06 3.32614007169108e-06 1.09546913976688e-06 1.1216629493882e-06 2.12184906936974e-06 4.16023599081328e-07 1.00678435885904e-05 2.08812042731266e-06 4.95514236559247e-06 6.31859253578115e-06 6.04999354965052e-06 1.58565612153438e-05 0.000235755503626933 2.85657582196563e-05 6.29090258126297e-06 1.04037043136884e-05 0.000109533216732416 6.19705263545711e-05 0.000150233247836695 1.72395556631955e-05 1.5629855562338e-05 0.0002879654517983 5.26053313024022e-05 6.604665403529e-05 1.03342912108673e-05 5.78642481630087e-07 5.06505453324868e-06 1.1095666455585e-05 1.10918034044172e-06 0.000123001639349241 7.095366138401e-05 8.97141233870968e-06 6.42276878579651e-05 1.77087188852454e-05 8.86904814727529e-06 7.81808523584004e-05 1.2693830890953e-05 1.15709671419495e-05 1.61649684855547e-05 9.48805778534734e-05 4.97013132587654e-06 6.06670047091029e-05
3.58882017849282e-05 8.02039947984667e-06 1.31317416503407e-05 6.04649334491114e-05 6.488427052318e-05 5.77147128790756e-06 1.67087861391302e-06 1.6084004182515e-06 1.29413904194076e-06 1.29431848507888e-06 1.21688560383859e-06 1.24659507136471e-05 0.697138446198278 5.17537798884859e-05 3.34119350654305e-05 0.000185747903651645 0.000322666716510867 6.50230925771211e-05 2.91089451550874e-05 0.000263870034723368 0.000181929968039185 0.000117845476734146 5.60972732841947e-05 3.17407276185122e-05 2.08147175783324e-05 0.000347264354877552 4.47151924504396e-05 7.50177978602551e-05 6.30148880418346e-05 0.000126102536910366 1.95802155005254e-05 3.35622134857161e-06 3.88476587858122e-06 2.72047341752568e-05 1.84793369413683e-05 2.80469805872485e-05 7.61506227149766e-05 7.54849098939303e-05 3.11496654774146e-05 4.50402198907796e-05 3.78052439032217e-05 1.96436164870306e-05 2.78223737979033e-05 2.17555200947572e-05 7.54457453581381e-05 2.0202339504749e-05
2.05424548141764e-05 1.8228957719657e-05 2.19364388499343e-05 7.26332783642647e-05 7.78788170009648e-05 5.83882762839494e-05 7.2302747980757e-05 0.000110725865624772 5.92647806286095e-05 4.62008069002096e-06 8.79935929205544e-06 1.65912168313298e-05 6.60594658583591e-06 9.94690765807604e-06 0.02450394452826 5.20375849646371e-05 0.000375112320944027 4.69573152713565e-05 4.07585186394499e-05 0.000120884758257489 2.13850504415802e-05 3.13967482156841e-05 5.0032667729738e-05 5.11423855527937e-05 4.85572446535798e-06 0.000229346351579807 3.50558215018282e-05 6.39960402054385e-05 0.000148490892297559 5.54803211741728e-05 5.6931083210543e-05 0.000382460169385013 1.33858120818786e-05 9.30052830909744e-06 3.69248688400603e-05 2.23719140080902e-05 2.37853283636014e-05 0.000102493310782847 2.23735661336377e-05 1.53366716773462e-05 2.06232844249143e-05 1.95237924003777e-05 2.41120906451897e-05 6.57511520500975e-05 3.84571200299888e-05 0.000255304729853378
