Scripts_&_data/Maxent_result_files_2/B_gerstaeckeri_2.asc
NCOLS 594 
NROWS 330 
XLLCORNER -15 
YLLCORNER 23 
CELLSIZE 0.166666666666667 
NODATA_value -9999 
[rows 60 to 79 of 330, columns 308 to 351 of 594]
4.88187601455081e-11 1.90162274815719e-09 8.17520817708584e-10 2.90735879815429e-11 5.14011055940955e-13 5.30242516560975e-14 4.42312853010662e-14 8.19899703685678e-13 5.22026866178749e-14 8.8928864272475e-14 1.08890674255235e-13 1.09845466056413e-13 2.00373051484348e-13 1.58869584154786e-12 1.25488508473381e-13 5.92526028242446e-14 6.90447699014385e-14 8.77631300966186e-14 2.48479015141356e-13 1.48148160405981e-13 1.64057656348859e-13 1.18237641899555e-12 2.40790498651222e-10 -9999 -9999 -9999 -9999 -9999 -9999 -9999 -9999 -9999 -9999 -9999 -9999 -9999 -9999 -9999 -9999 -9999 -9999 -9999 -9999 -9999
2.33747465827605e-12 4.72399896978004e-14 4.31321645066873e-14 4.0423220326602e-14 1.39677158728091e-13 7.66053886991358e-14 6.2272409451225e-14 4.01789712611844e-14 4.51305659510126e-14 3.59712259978551e-14 4.15556478117196e-14 4.73954209212479e-14 4.56190640818477e-14 3.3451019731956e-14 3.02202707302968e-14 3.0320190802513e-14 5.63549207299729e-14 6.06958927562573e-14 7.33635374672303e-14 7.74158515071122e-14 1.20525811553307e-13 1.31639144029805e-13 1.37700961744258e-13 1.00731645247265e-12 1.92011621047428e-09 2.95348347592039e-06 -9999 -9999 -9999 -9999 -9999 -9999 -9999 -9999 -9999 -9999 -9999 -9999 -9999 -9999 -9999 -9999 -9999 -9999
1.28060895221438e-12 2.277644739479e-12 8.15669753961856e-13 4.74476014034053e-13 2.20856666288682e-13 1.06957775969363e-12 2.1816992656909e-13 6.5847327590518e-14 1.43318690248861e-13 4.15334433512271e-14 3.11417558407356e-14 5.6887827781793e-14 3.52495810318487e-14 2.88546964100078e-14 3.65929508916452e-14 3.32400773572772e-14 4.70734562441066e-14 5.07593966858622e-14 4.85278484063656e-14 5.39124300757976e-14 5.80202552669107e-14 6.46371844936766e-14 9.20818976624105e-14 1.02240438337731e-13 1.35702560299933e-13 3.55326879031281e-13 1.83064674530442e-13 1.06181577557152e-06 -9999 -9999 -9999 -9999 -9999 -9999 -9999 -9999 -9999 -9999 -9999 -9999 -9999 -9999 -9999 -9999
4.84032813830026e-11 6.34056140924599e-12 1.4202738984892e-11 3.44304584842803e-12 5.19877474403074e-12 1.81854531433601e-12 1.19400389575475e-10 2.87314616542744e-13 1.73294711913741e-13 8.85680417894719e-13 1.27620136680662e-13 2.64233079860787e-15 1.28230759344206e-14 1.29229960066368e-14 1.42219569454483e-14 2.09277040141842e-14 3.53161944133262e-14 2.23376872554581e-14 2.2815083156047e-14 2.67119659724813e-14 3.59823282281013e-14 4.26214619153598e-14 4.67070826459803e-14 4.98934227266545e-14 6.70130617663745e-14 6.41930952838266e-14 2.05568895239594e-13 5.12628373083857e-10 -9999 -9999 -9999 -9999 -9999 -9999 -9999 -9999 -9999 -9999 -9999 -9999 -9999 -9999 -9999 -9999
1.23518972827696e-12 6.91069423908175e-12 2.33623453915754e-11 1.01708974575843e-11 4.59399296381946e-10 5.21047659796103e-08 7.70206143307917e-10 1.83063997294397e-10 1.77822534475069e-11 2.04362082811826e-12 1.25217614055373e-12 3.06865644006393e-14 2.91988655476416e-15 1.86617388209243e-13 3.28626015289046e-15 1.2445600106048e-14 2.93098878501041e-15 4.19664303308309e-15 7.0832228971085e-15 2.8643754035329e-15 4.01900734914307e-15 2.15272244474818e-14 2.17048601314218e-14 2.95874436062604e-14 3.28626015289046e-14 3.79918319026729e-14 7.64721619361808e-14 1.01996189272313e-13 1.99066337103204e-06 -9999 -9999 -9999 -9999 -9999 -9999 -9999 -9999 -9999 -9999 -9999 -9999 -9999 -9999 -9999
6.46471765008982e-12 1.39023126344284e-11 2.37611041953301e-12 4.16884304854648e-12 3.51566331602271e-11 1.08308495505582e-10 3.93021615252565e-11 2.18782736371992e-10 5.63316060464558e-13 4.70345984382448e-13 2.66415112193386e-11 1.3600720549789e-11 1.60511159918997e-11 5.93105897728208e-11 5.11335418451608e-13 1.36402000805447e-13 2.96440649805163e-13 2.79367640132477e-12 8.9207530251656e-13 7.51132489540396e-13 1.85962356624714e-14 8.36664071357518e-14 4.93161067538495e-14 1.64757096854373e-14 3.74145159298678e-15 1.99062988315291e-14 2.56239474083486e-14 4.05231403988182e-14 3.8791192480403e-14 1.53843026318157e-08 -9999 -9999 -9999 -9999 -9999 -9999 -9999 -9999 -9999 -9999 -9999 -9999 -9999 -9999
1.26890720153483e-12 1.07351905143105e-11 1.12314935130087e-11 2.3151147665601e-12 4.23028279072923e-13 7.34201588414862e-13 2.96329627502701e-13 4.33289737422626e-11 1.29427579764751e-12 7.80697728686164e-13 1.84096071720319e-12 2.34945396471176e-13 1.51878509768721e-14 7.53841433720481e-15 2.93098878501041e-15 5.60174129304869e-13 3.13193915246757e-14 1.16351372980716e-14 1.01252339845814e-14 1.32227562232856e-14 1.21014309684142e-14 1.55875312657372e-14 1.69309011255336e-14 1.21236354289067e-14 1.45661260830821e-14 1.89515070303514e-14 2.94875235340442e-14 3.37840866393435e-14 4.05453448593107e-13 1.42332457926386e-06 -9999 -9999 -9999 -9999 -9999 -9999 -9999 -9999 -9999 -9999 -9999 -9999 -9999 -9999
1.09325898334234e-09 8.44217071858111e-06 8.91672427627555e-07 3.85279113723769e-08 3.94622112764864e-12 7.20667969744682e-13 2.20534701611541e-13 1.9195756095769e-13 3.13959969133748e-13 1.20853327345571e-12 1.58544732897781e-11 3.286149130588e-13 9.9289465538277e-13 7.10764780365025e-13 2.24043006369357e-14 1.92290627865077e-14 7.10886904897734e-13 2.35478303522996e-14 5.38125100035813e-14 1.55986334959834e-14 1.3266054921246e-13 2.29150032282632e-13 7.30637772505816e-14 2.40474307133809e-14 1.44884104713583e-14 2.647881913731e-14 2.1271873151818e-14 5.85453907575584e-13 -9999 -9999 -9999 -9999 -9999 -9999 -9999 -9999 -9999 -9999 -9999 -9999 -9999 -9999 -9999 -9999
8.23844548136776e-11 6.53407439266118e-11 7.15547066043598e-11 1.06835318369747e-11 1.53969059724091e-12 1.07313047337243e-12 1.83364545769393e-11 5.42477174292344e-13 1.3837819778928e-13 7.11730674396449e-13 1.12143627717387e-13 1.41975320389065e-13 1.65312208366686e-13 5.17219600482122e-13 2.45687914457449e-12 1.26276766820865e-12 8.80417960757995e-13 3.34288152714635e-14 5.6665783176868e-13 1.53566048766152e-13 5.08659780962262e-13 3.31251692742285e-12 2.5157653738006e-14 6.36268815412677e-14 3.65818486613989e-14 5.1986193128073e-13 7.01587615559163e-08 -9999 -9999 -9999 -9999 -9999 -9999 -9999 -9999 -9999 -9999 -9999 -9999 -9999 -9999 -9999 -9999 -9999
5.12628940219084e-07 3.56020142366909e-08 3.61138394522342e-08 1.14351239777211e-07 3.14293609993133e-07 1.3754318173298e-08 1.2886708178339e-08 7.46885820968046e-09 4.58805216041469e-12 2.46800913039635e-11 2.29129962647789e-07 3.15407504203336e-07 1.88881029705712e-09 2.36517583296347e-11 3.63989949292431e-12 1.663948978603e-11 4.81603645852147e-13 3.92463839204993e-14 5.85487214266323e-13 1.0635936575909e-13 6.5838445806321e-13 2.86548562655753e-14 1.81199499849072e-13 8.67919069946765e-12 1.22663596169303e-08 -9999 -9999 -9999 -9999 -9999 -9999 -9999 -9999 -9999 3.27287255004194e-05 1.49114222267599e-06 2.39073710872617e-06 1.18518372254073e-06 -9999 -9999 -9999 -9999 -9999 -9999
-9999 -9999 -9999 -9999 1.6724648401123e-05 4.19664697464128e-05 1.02211330391677e-06 7.59439170938681e-07 5.09712498319992e-08 1.21112518791655e-08 1.21222650806274e-09 8.39623797155298e-09 2.07114067007907e-09 7.73797359521211e-11 6.10209660578676e-12 1.17322707104961e-10 5.14027709286324e-12 1.57891588692394e-11 1.18843364038668e-09 1.95297110705539e-09 4.24712708113617e-07 1.11850661937751e-05 -9999 -9999 -9999 -9999 -9999 -9999 -9999 -9999 -9999 -9999 -9999 2.99529788194697e-08 5.28232524388272e-10 1.26822419233008e-10 4.74616297485575e-08 2.73541617135109e-09 5.53135103276148e-09 2.10981908943531e-08 3.68972814523971e-09 7.91005372313691e-11 4.26185601254403e-09 9.86867548817827e-06
-9999 -9999 -9999 -9999 -9999 -9999 -9999 -9999 -9999 4.17309345834838e-06 0.000103069755323304 5.33527465734096e-05 9.34815631183028e-05 1.25740532652685e-05 2.68226038826924e-05 -9999 -9999 -9999 -9999 -9999 -9999 -9999 -9999 -9999 -9999 -9999 -9999 -9999 -9999 -9999 1.26512565486792e-05 1.63987341927907e-07 3.92992124620406e-08 7.61103775559491e-09 8.56366508594775e-08 1.51686211236068e-07 7.46932519835042e-08 1.03042901056227e-07 5.09766868717065e-09 1.24106546040004e-08 3.16754959484022e-08 1.13294428283339e-09 5.60841233898657e-07 1.45174240673285e-07
-9999 -9999 -9999 -9999 -9999 -9999 -9999 -9999 -9999 -9999 -9999 -9999 -9999 -9999 -9999 -9999 -9999 -9999 -9999 -9999 -9999 -9999 -9999 -9999 -9999 -9999 1.93654520197484e-08 2.08197870055216e-10 4.24136047849633e-07 1.42690899984643e-08 2.94113211452007e-08 1.0742731593183e-09 2.56327714609483e-10 2.05652881390961e-09 7.50685208772417e-08 2.86753235267945e-08 1.31857315344153e-07 5.50626922724007e-08 2.74305734548896e-07 4.37600086922174e-07 3.10947230897085e-07 5.47013984864009e-07 5.91740859312573e-08 1.35613595164674e-07
-9999 -9999 -9999 -9999 -9999 -9999 -9999 -9999 -9999 -9999 -9999 -9999 -9999 -9999 -9999 -9999 -9999 -9999 -9999 -9999 -9999 -9999 -9999 -9999 2.74375520033843e-05 1.51407835964346e-06 5.67988341915182e-09 5.61383966424245e-08 6.52328619787923e-08 7.17367443447969e-08 2.15996035723975e-08 1.37441346304001e-08 3.47032707348482e-08 6.4431417901023e-08 1.10109472351017e-07 4.31266325096047e-08 1.80583643050181e-07 1.6724207917429e-07 2.99356676947138e-07 3.32485383613967e-07 2.0779833567186e-07 8.85245061477136e-08 6.90104322353946e-08 1.02499768361852e-07
-9999 -9999 -9999 -9999 -9999 -9999 -9999 -9999 -9999 -9999 -9999 -9999 -9999 -9999 -9999 -9999 -9999 -9999 -9999 -9999 -9999 5.46521870887773e-06 1.60038466934242e-07 3.77710425270017e-08 8.09899715592532e-07 7.84731324950938e-06 1.97070819163425e-07 4.42132807632056e-07 2.15927394631166e-08 1.20810584458564e-07 8.48367100336755e-07 4.60132334123564e-08 6.41343387619564e-08 3.54211082131961e-08 1.33918979139391e-07 4.84326263838764e-07 9.02851260065063e-07 1.77655427362478e-06 5.16917867665612e-07 1.31675453244329e-06 4.78328524211591e-07 9.04232425598117e-06 2.85279963577523e-05 1.93895491407137e-07
-9999 -9999 -9999 -9999 -9999 -9999 -9999 -9999 -9999 -9999 -9999 -9999 -9999 -9999 -9999 -9999 -9999 -9999 -9999 -9999 0.000594156470833695 1.68987151105693e-07 4.21991258714449e-08 7.08947189620446e-08 2.09153352925817e-07 4.4162582970575e-07 1.46558752056603e-07 1.11163277960458e-06 2.00866066468741e-07 1.71827188666374e-07 4.65783509107087e-07 5.20062852227277e-08 1.08853842828438e-08 2.98495887773864e-07 4.17217298831485e-07 9.59120938781588e-08 2.41634770470345e-07 4.74968872710146e-07 1.54598706680886e-07 3.10391440683233e-07 2.40736617911352e-06 5.3269973914194e-07 1.41782589651029e-06 1.49698510321095e-07
-9999 -9999 -9999 -9999 -9999 -9999 -9999 -9999 -9999 -9999 -9999 -9999 -9999 -9999 -9999 -9999 -9999 -9999 -9999 -9999 -9999 0.000730858168390114 3.16918565290702e-07 3.92671151039359e-08 5.61603008653044e-08 1.04284577362446e-07 8.05630472999752e-08 7.22206810466197e-08 4.80875012209836e-07 5.37861594451794e-07 9.54914812412167e-07 4.77657428943346e-07 6.02901047219717e-07 3.86103511571534e-06 2.1846630741118e-07 1.5926660338339e-07 1.59766764218361e-07 5.11054436891367e-07 2.25603747927572e-07 1.22028260600704e-06 1.13461585207197e-06 7.92901285251446e-06 1.96852590690355e-06 3.09266301234956e-08
-9999 -9999 -9999 2.58770297136834e-05 4.36727941910409e-07 1.09004097144094e-05 0.000911385448125657 -9999 -9999 -9999 -9999 -9999 -9999 -9999 -9999 -9999 -9999 -9999 -9999 -9999 -9999 -9999 -9999 3.86296548953169e-06 1.30299067913064e-07 2.62766543612791e-07 6.54189490800761e-08 4.23098840296454e-07 2.83376792953316e-07 4.18100814014721e-07 8.25575052800787e-06 5.70118266640662e-07 1.25997496269736e-07 1.11520589318737e-07 1.51111491075717e-07 1.9138702010979e-07 2.51152401220533e-07 2.33385337062852e-06 5.69457820631669e-06 1.52639355306405e-06 1.10797246399841e-07 2.82612405195781e-06 3.92360960188576e-07 3.94840008266506e-07
-9999 -9999 0.000435466929411632 4.82929186107484e-07 2.37056453022966e-07 1.17695755819103e-07 6.18537892727033e-07 1.32832070249833e-06 2.96574457706811e-05 -9999 -9999 -9999 -9999 -9999 -9999 -9999 -9999 -9999 -9999 -9999 -9999 -9999 -9999 -9999 0.000699060557235498 7.08747857558478e-07 8.5262796587493e-07 2.33635008572985e-07 2.32407459455075e-07 1.20236666012463e-07 1.00395187574431e-07 2.01851336267822e-07 1.12498898475755e-06 4.79284475518593e-07 1.80231853685875e-07 3.66712270594149e-07 9.22698083749562e-07 9.01368641048617e-07 6.19351089503617e-07 1.83437180183432e-06 2.29499509146081e-05 3.49211233940938e-07 2.71343918600842e-07 4.09026893208875e-06
-9999 0.00952005216386169 6.04378645685522e-07 1.43962005771936e-07 1.61985492552752e-07 7.25630332842897e-07 2.5355219129608e-06 1.79271490935662e-05 1.20449569540604e-07 1.89126152994046e-07 0.000198320360323123 3.45566446412704e-05 8.87432397576049e-05 0.000819314731052145 0.000615957164700376 -9999 -9999 -9999 -9999 -9999 -9999 -9999 -9999 -9999 2.17938916335925e-05 6.06438451100644e-07 1.92417696212033e-05 8.09809523438787e-07 1.28686283966672e-06 7.24525053508174e-07 2.43380738440546e-07 8.20485959773798e-07 1.25969245194923e-06 4.44425648140623e-06 4.40204340645955e-07 6.97632874357978e-07 5.33906819422114e-07 5.44450078132641e-08 1.75909739863478e-07 2.32310671943736e-07 8.43533673922092e-07 3.78245351249085e-06 1.58817633121089e-05 1.35123616587407e-05
