Scripts_&_data/Maxent_result_files_2/B_gerstaeckeri_2.asc
NCOLS 594 
NROWS 330 
XLLCORNER -15 
YLLCORNER 23 
CELLSIZE 0.166666666666667 
NODATA_value -9999 
[rows 100 to 119 of 330, columns 528 to 571 of 594]
2.43644381336949e-09 6.14607328142114e-08 5.64463303875939e-08 1.04242630749596e-08 3.29154762335193e-09 1.7258755558025e-08 2.82593837219736e-11 4.49236203792225e-12 1.53729029506167e-11 1.12347908753918e-11 2.30699570558102e-11 7.54161177951573e-11 5.01153230025864e-11 1.52696031374688e-09 3.44743298352768e-08 1.57721237181718e-09 1.20671529435512e-09 2.39926211120789e-09 1.71262167891761e-07 5.63898233774118e-08 1.4184504315562e-08 1.79016912404961e-11 8.21337442502568e-12 9.6401056026707e-10 9.08163100277193e-10 9.87056801848851e-09 2.56887044969289e-10 3.67351128849336e-08 1.34000299079062e-08 5.76671898122605e-08 6.40854015410142e-09 1.74740888425617e-11 5.51877432641845e-12 9.15070941243101e-10 2.41273702128453e-09 2.52821492630062e-09 8.81725527035471e-09 2.5506353504845e-07 7.4588579312973e-09 2.97638539370482e-09 8.17750230863723e-09 1.28612497873881e-08 6.75454803200637e-11 3.68183705745651e-11
2.06161443472297e-10 1.7478563041351e-11 2.07644742511448e-09 4.2004102973614e-09 3.07522463049992e-10 3.9244119065529e-10 1.03818283969659e-09 7.48192802157988e-09 2.8342979330187e-08 2.01684580369843e-08 2.21531074828807e-07 2.46411580864248e-06 1.82101063062046e-07 4.15545128307215e-09 4.36925362556906e-10 1.58087568924437e-08 1.93022581251867e-09 2.24923254465992e-09 3.98037747206814e-10 2.3549667660383e-09 1.76677603325182e-08 2.45086784200765e-10 2.23679452737713e-10 1.73717706886123e-12 1.38311873065788e-10 3.13968884224636e-10 2.31922481219726e-11 1.15289644497807e-10 6.44270503613598e-10 5.68186353522293e-10 6.93414659025393e-11 4.75920636233695e-11 9.51638767787699e-13 2.05402550523814e-10 8.93614016117539e-10 4.37947889064816e-10 4.92636228477394e-09 2.0436405900881e-10 1.93167881690215e-10 4.47389392199682e-10 2.22169952435181e-09 1.35585376259684e-10 1.70178970915202e-10 5.46762635167397e-12
2.52184381155374e-09 2.45525069164643e-08 6.50403989221893e-08 5.93961132784315e-06 2.16500377403506e-08 2.34029538574987e-06 6.78177621082909e-07 1.49787157361914e-06 8.03647013647435e-07 2.34816975763774e-07 2.11917171222265e-07 3.14729907158195e-07 6.67987243851975e-07 1.56757093261461e-06 4.17633666627282e-07 1.50481469618491e-07 1.53627996848371e-06 2.11948335437917e-08 1.3805873333439e-09 1.94387101970506e-09 7.86051146395295e-10 6.0034437421308e-10 1.0582031029216e-09 2.94211645046616e-09 7.43513484113834e-10 2.06334974661715e-09 6.73135897910626e-08 4.88884688176761e-08 1.99794907507211e-08 9.1208197106063e-09 1.62299299333313e-08 1.27514155090491e-07 3.13721604250361e-11 6.82487033554224e-10 1.96913957695166e-08 5.14962072983849e-10 1.04984215765214e-09 6.39872966834432e-09 4.02870361515539e-09 8.7732310305455e-11 2.97528457426921e-10 1.11191744700534e-10 2.20027057573624e-08 3.90596397448206e-09
7.01911825329304e-08 1.53181803608238e-07 2.68648245782543e-07 4.44325912951626e-08 2.45094445849858e-09 3.31771530082126e-07 2.46053840413651e-07 5.12721753720413e-08 4.29311779104324e-07 2.6884646584513e-07 1.69004152823504e-06 1.02438357014734e-06 2.74635036179305e-07 4.917106073421e-08 6.11114007842417e-08 2.43498635810191e-08 1.41879174717641e-06 7.02028088461759e-07 2.36916922002894e-07 7.03231992638109e-09 1.16026892205134e-08 5.34771724902683e-08 6.74890939800221e-09 1.05961652785425e-09 5.75000602687226e-09 2.44742664468056e-08 2.6833502086987e-09 2.28062034146603e-08 1.8945994428865e-08 1.38567044505322e-09 2.27803839125684e-09 1.63644787720685e-09 7.73039531276609e-09 1.86658683953844e-08 6.93506234661356e-09 1.85399064989156e-09 8.860356449647e-08 3.76895307230285e-07 2.4819379804697e-07 5.93412892246903e-07 3.1838735091716e-07 5.9256025086718e-09 3.99010703944214e-07 9.86420209514449e-08
2.40671794360381e-07 3.06927862947504e-07 3.91343807848443e-07 8.30347080693627e-07 5.47508698223176e-07 9.95592967845127e-07 3.66109477170085e-06 2.75370623392668e-07 3.98268418599912e-07 3.72516994895378e-07 7.46067111734305e-07 1.42515078183081e-07 5.2921382369675e-07 7.37062765665542e-07 6.76043622971356e-08 2.54062159421586e-08 4.94679265328202e-09 2.3082544986508e-09 5.16035847386576e-10 4.19020179664997e-09 1.25162017416969e-09 1.31636389832934e-07 2.57392321345584e-08 1.44131303647654e-07 7.75549026998945e-08 7.03209999119991e-09 6.44429814067316e-08 1.00846455319825e-07 4.33863478477292e-10 1.278360195478e-10 5.1360684261148e-09 1.54241120986498e-09 8.40576896976586e-10 3.28768174129301e-08 2.25434919287615e-08 4.35728043646222e-09 1.02048754668793e-08 1.27628309809502e-08 3.94306542972345e-09 1.01005252939324e-08 1.39889309136443e-08 7.48696206143151e-09 2.6915149820006e-08 2.43350798068143e-07
1.88511164367355e-06 3.95180610439638e-06 6.11937747763136e-07 3.13301013177281e-07 4.07764884668982e-07 4.35503033457962e-07 2.85365631675916e-06 4.63911925319138e-07 2.20360571323575e-07 4.64125937371662e-07 4.75695974944124e-08 1.07879376542996e-09 1.51651841484579e-07 7.86654530404718e-08 3.43220137533073e-08 3.34981367866582e-08 1.0568906595454e-07 1.93883424315366e-08 2.28732317975044e-08 1.58121098992048e-08 1.1610904981918e-08 3.86783693961945e-10 3.10788395019301e-11 5.70017966161629e-10 3.85828651472409e-08 4.20628130437528e-08 2.2622832661634e-07 2.90605401853661e-08 2.31065173539324e-07 5.09885520916242e-08 5.26074541706834e-09 3.94375437862138e-09 1.48674848843289e-07 8.25716508501273e-09 1.26727629057299e-08 4.13726477521692e-09 2.69160198018703e-08 1.8162560766477e-08 7.67603815399198e-08 3.00379584727839e-07 1.0240809575901e-07 6.59199622377038e-07 8.65298901953082e-07 3.60269515364831e-07
4.65346359657115e-07 1.89647699802009e-06 1.82850856100814e-07 2.8673549867797e-08 1.78646455961662e-07 6.01341541006661e-07 2.16353022008953e-07 5.01026634136537e-07 1.89896852731408e-06 1.02983530636536e-07 1.01045621980766e-08 8.02857153536785e-08 1.69689169515763e-07 2.40196347922605e-08 1.03767635972751e-07 2.49093146775792e-08 1.20686940674464e-07 3.14930799882873e-08 3.71489210060361e-08 1.22814841418961e-07 2.19150742997165e-08 4.2500603469886e-08 1.47339607181607e-10 2.62036414788724e-10 1.16331552169058e-09 3.52522356861229e-09 9.96268523234534e-10 1.04899888775378e-10 3.0962333807949e-10 9.53205340215035e-09 3.82075819982397e-07 2.79802471192525e-09 6.80513978501551e-10 5.43397493668607e-09 1.96590779433237e-08 6.7754053145741e-09 2.3246546765332e-07 2.75571314101164e-08 2.91621766290717e-08 2.33608784649952e-08 1.34050633149307e-08 1.82063681797295e-08 1.13656446210086e-07 4.66915977104243e-08
6.76626428774973e-08 4.06897683102869e-07 3.77211198365757e-07 1.02430749713278e-06 8.09913700727805e-07 2.79497595845335e-07 2.56871841086692e-07 5.14636580106753e-07 1.1366640870758e-07 4.11501320796148e-09 1.09946216353407e-08 8.51766794873754e-09 4.46934668163479e-09 6.85449349058231e-08 5.65203525093594e-08 1.35484856778056e-08 6.92131812085606e-08 1.32070194780454e-09 3.38751404704851e-10 1.63792508556249e-08 4.40389699152277e-09 3.78460046190909e-08 2.40783131211231e-09 2.59260057866584e-11 2.50646947641542e-11 2.73084340696172e-09 8.35549740507702e-11 2.37696873295334e-10 2.83221480934515e-07 1.63987416701428e-07 2.30899814046559e-08 5.19721369274251e-09 2.55958174655291e-09 1.74262957397531e-09 6.7126830427533e-09 2.43312702208343e-09 1.41040049306262e-08 5.24143368596519e-08 7.95140612575018e-08 7.07544603462118e-08 1.99737138828482e-08 3.16660633159493e-07 3.56969924841799e-08 8.16891663202313e-09
2.25521689944941e-07 3.35257438210945e-07 8.80305356609767e-07 3.12581480610419e-07 2.28882128849861e-07 3.16074633044394e-07 3.03045850991168e-07 4.53118756471582e-07 7.8622631285441e-07 2.0486532730235e-07 1.85805825170249e-09 2.27654549656009e-09 4.77107176766189e-08 1.42465530705849e-08 2.9769365594845e-08 4.20966886016672e-08 1.07846799834999e-07 1.66403754553457e-07 3.29582075297985e-08 1.06291817125737e-08 1.64366675825534e-10 1.31416348914115e-08 3.21002699421591e-08 5.87620605507766e-08 7.69513224807561e-08 2.13772782031718e-08 2.95765180569063e-08 9.94969091339115e-08 5.41479560922653e-07 8.24418091127654e-08 2.53189315699842e-06 1.18931647197229e-08 2.7279745573594e-08 5.10816390297819e-09 4.19424805997437e-10 4.69881875631017e-09 2.56569032686116e-10 6.47467901515597e-10 8.30430163523133e-09 8.99907519169574e-08 4.92719960609733e-08 2.33067712684942e-08 1.04338766926393e-07 2.31642725667669e-07
1.61416885831045e-06 3.98774742293995e-07 8.0860575164543e-07 1.22289248931651e-06 4.47309026352372e-07 4.34687588724003e-07 4.68522851626574e-07 1.14896417073851e-06 2.30195108796849e-07 8.12413929462963e-08 4.42713062986932e-08 2.47215045146021e-07 2.53722401444278e-07 1.75767320143017e-08 3.69664923338675e-08 3.16983814752092e-09 1.14967259379206e-08 5.13258727075083e-08 2.42678982087519e-07 1.41117034913041e-07 8.86379700748563e-09 6.27058202140596e-08 8.82892751619124e-07 5.05046482501825e-07 1.98812259322168e-08 9.30317278857729e-07 1.83493538341573e-07 1.04368017450618e-08 8.84957040536705e-08 6.95898320035582e-07 3.72803239798714e-06 4.71119962064392e-07 2.18684057387009e-06 2.37770922311142e-06 6.65821548295753e-07 9.05409711982053e-08 2.01499064655941e-08 5.86189206730481e-08 5.51161590811589e-09 1.82570689566397e-08 7.90169685238595e-10 4.83207862611579e-10 4.31093780672853e-09 7.31129474185188e-08
2.57341484370954e-06 8.34981357655806e-07 3.4447790864256e-07 1.07103831437083e-07 5.4791041890212e-07 1.03752466209528e-06 5.91009809847165e-07 4.17217291825978e-07 1.0980386978332e-06 4.00881483830773e-07 2.01104555319631e-07 1.70779735852999e-07 1.15057593919055e-07 2.36462178193619e-07 2.60921839800865e-08 2.12694967793858e-07 2.26904568911834e-08 2.21848297732308e-08 9.1696379400652e-08 1.50541752486077e-07 1.82154871852802e-08 3.89302891479204e-08 1.68955833412809e-07 2.06022037119169e-07 8.50373673033644e-08 2.54214033867939e-07 1.82002882032073e-07 1.53384046819305e-07 1.75004631841613e-07 6.24404319715666e-07 5.11441737227614e-07 2.18286104791687e-07 2.81290146908475e-07 3.38401825450418e-07 1.305591438161e-06 4.56293487118842e-06 2.61348148349327e-06 4.98429525741528e-07 4.11771657882198e-09 3.27766580543454e-09 7.0828323428529e-09 2.50084103536885e-08 1.52666648989275e-08 3.71449049296757e-10
2.49273327312949e-06 9.15783567556616e-07 2.8709190821985e-06 4.12892929713138e-07 4.54095273827448e-07 9.20147558503004e-07 7.26942541895426e-07 3.23934224022437e-07 1.90250086840038e-07 2.79164778937968e-07 9.39026335244897e-08 1.7505601852541e-07 2.40768030090877e-07 4.82662066891848e-07 5.55735610485719e-07 2.17144664516056e-07 2.01700533253302e-07 6.82221297010344e-08 5.72984266811183e-08 1.06568547009189e-07 1.44960035530772e-07 8.33564265056985e-08 1.21594765489785e-07 5.25930381467532e-08 1.24280075897154e-07 8.15318393021514e-08 3.75181437206606e-07 3.13292763021167e-07 5.37061304872744e-08 5.71242893876445e-08 1.70104989172248e-07 9.55949190140082e-08 1.41803084474645e-07 1.18448957453499e-07 8.34566031171491e-08 8.1863557721551e-08 1.35693273817239e-07 6.07165841937096e-08 1.11951810799482e-07 1.50986033753409e-07 5.30518472818819e-08 1.24998270623067e-09 2.56588078229036e-08 5.72135209986335e-08
2.06999009861875e-06 7.46816181163012e-07 9.73254892500108e-07 3.59110758019199e-07 2.83897554709256e-07 1.08282258910464e-06 5.32526124619181e-07 2.01029823543308e-07 7.96061873220566e-07 2.47799999808507e-07 8.70685230136559e-07 5.24642015031773e-07 8.60413688630324e-08 1.51490696365109e-07 2.02785189906685e-07 1.36432313246893e-07 1.7957653692946e-07 1.40188354991189e-07 4.48460103319448e-07 3.06581591447141e-07 3.56647848898106e-07 1.12045527911331e-07 9.97241510036773e-08 2.40112614557919e-07 2.53688972016164e-06 8.31170593462716e-07 3.44142232115985e-06 1.94745774333427e-06 6.72384777411494e-08 3.08730091502785e-07 4.95914751708071e-07 4.79244966267167e-07 9.39214244244369e-07 9.570543031856e-07 1.80910264568901e-07 4.0360810111828e-07 1.08332431225655e-07 3.65876571484236e-08 3.32679592873753e-08 3.16049404647245e-08 9.40563900098113e-08 7.37603133571518e-08 1.67494561829074e-06 1.39107263941174e-07
2.76516855768349e-07 2.88321705621541e-07 3.79756592749914e-07 2.61367893461539e-07 6.0559678711769e-07 8.82812549618528e-08 8.19269110774457e-07 4.81719115796864e-07 1.44996775892636e-06 3.77438290000143e-07 2.83549836410657e-07 8.31527318112535e-09 1.0124407510137e-07 8.54837978181422e-07 2.86684791306335e-07 4.25755067312572e-08 9.12507977623989e-08 2.89422598931388e-07 5.15219881513929e-07 4.56322926467578e-07 4.41092662484266e-07 6.41133014589457e-07 1.74561377441762e-06 8.24275702271393e-07 3.7152862564227e-07 1.73156835323596e-06 2.12338172449478e-06 2.72571377664121e-06 3.97166787191594e-07 6.60509084493555e-07 7.83941848503389e-07 1.44177691261405e-06 3.66057462652947e-07 7.46600046119816e-08 1.55522168068245e-06 9.85078679849316e-08 6.11490565471939e-07 1.47950799345153e-06 3.71721484482279e-07 6.75858832233089e-08 2.22818947437364e-07 2.77590385922011e-07 2.11493737967139e-08 1.00774119826674e-08
3.05416748891396e-08 2.38474607305861e-07 2.98545549259899e-07 2.05768030170361e-07 2.355665112308e-07 3.0066660627881e-07 8.1655901835731e-07 7.87377412247992e-07 1.39686193278976e-07 3.91685339051762e-08 5.06256936372296e-10 8.24017904244023e-08 1.33646852340519e-07 1.04238356446462e-07 8.18415145653617e-08 1.62599526820628e-07 1.77883577245908e-07 3.63550315629624e-07 3.85093089638744e-07 2.60583451616725e-07 1.309146596018e-07 8.05612965781854e-08 1.02896990838985e-05 2.16604348191041e-07 7.2508416408823e-07 4.7978919197611e-07 1.66818537949975e-07 3.32858913232315e-07 2.25133003617373e-07 1.80297086527226e-07 7.35543346785938e-08 1.2247593282888e-07 5.05587302424004e-07 1.54994623091653e-07 7.03221382347685e-08 1.34121377526331e-07 6.64589161836204e-07 3.14273028889644e-07 2.06012561088098e-07 6.21951822488143e-08 1.08411667465447e-06 2.2476300682861e-07 2.77332461777746e-06 3.12415204284378e-06
1.21191849036251e-06 1.30129794388978e-06 3.23210945407659e-07 3.08391386250051e-07 1.9374736285549e-06 9.6416087762563e-07 2.71656764905259e-07 3.84605170467012e-07 2.31668989414402e-07 2.68626478661105e-07 1.11646620504224e-08 1.80197756027844e-07 2.21884674145301e-07 1.36016120277915e-07 3.28095292179142e-07 6.57785009927636e-07 3.28214219980083e-07 2.24477157395597e-07 1.79009381966466e-06 5.06662159338589e-08 2.10848834014676e-07 9.28819540035875e-07 1.16558844069914e-06 1.03880370403431e-06 7.26396103978288e-07 1.72247515202173e-06 2.27007987163574e-06 1.93580602001475e-06 4.3209174691583e-07 3.2807531473722e-07 1.4913404926542e-07 3.30014422700309e-07 8.10497475001171e-07 2.67642717322047e-07 4.36512334633932e-07 2.50439881011033e-07 3.87907763865769e-07 6.28034522054399e-08 1.41412824228304e-07 8.99196421855208e-07 1.11140661509523e-06 5.09682138094547e-07 1.68635289632402e-07 1.45125004067381e-06
4.041111648867e-07 6.00455550703316e-07 4.00962351609913e-07 3.05782805742894e-07 2.63877285944236e-07 3.97034984933597e-07 2.51942667306437e-07 6.26914428925041e-08 6.98340399729602e-07 1.47454290519988e-06 1.46661784476976e-06 1.42828711844345e-06 1.51343896570566e-07 1.65954182695938e-07 3.47876290129889e-07 2.57281242710405e-07 3.92309257657431e-07 9.20296767903395e-08 6.2978798165414e-08 4.68040713741402e-08 1.94563712707652e-07 9.84358417355225e-07 5.18112535985438e-06 3.26715483424778e-05 4.24588196779041e-07 2.9768682594522e-06 3.24066287582525e-07 2.53128307825534e-07 3.44922879058629e-07 9.39582737724542e-08 4.35806962340024e-07 4.03656449066148e-07 8.32231400349492e-08 4.27343555831072e-07 3.70463117871367e-07 9.14479136326918e-07 1.35987833627116e-07 1.42465914487744e-07 1.04686965514134e-06 1.95546362675714e-06 7.6089863865203e-08 9.86284989012987e-08 8.68814024279629e-08 2.15292542238288e-08
3.84369853811961e-07 2.4240932918751e-07 6.49694131737988e-07 1.9440053221631e-07 1.68764965380319e-07 1.2309933292709e-07 2.05142540365966e-07 3.42743178038951e-07 1.97335179541458e-07 5.35097139486851e-07 4.02231376313011e-06 9.18325510923523e-07 2.06097910071534e-07 9.21972911083202e-07 1.41123022361356e-06 2.65240223384922e-07 7.25935573253622e-07 1.49355934542239e-07 3.90575867770249e-07 1.29846426044633e-07 2.48447671538088e-06 9.58797294714486e-07 2.30359607844566e-07 1.42402781548867e-06 2.04017347300578e-06 9.28395690991124e-07 4.24824895439713e-07 4.08141277574714e-07 1.23681439951895e-06 5.139005732957e-07 6.43430599800432e-08 1.37925726462207e-07 3.37436609409991e-07 7.04584954291931e-07 6.23274501343474e-07 2.57196909636548e-07 6.75890304391302e-08 1.43299533283958e-07 2.09957993746457e-07 1.51023702543718e-07 9.46413754698838e-08 1.06189879893748e-06 9.08133597832261e-07 7.59682999440514e-07
2.89310529932862e-07 4.89447487761474e-08 1.54599218959994e-07 2.12543480015981e-07 2.32279923650935e-07 1.29565783453245e-06 7.0014343211966e-08 3.7719154661886e-07 3.63829015803674e-07 1.59072753291856e-07 1.1910294366313e-07 1.07229482360083e-07 1.8558751088138e-07 5.0432358387198e-07 2.21552301016281e-07 3.0724822392969e-07 5.12266686070184e-08 1.89380017512342e-07 1.50017352773535e-07 8.77779998731398e-07 1.2636904635599e-06 1.51210042176331e-06 1.27793263793308e-06 7.96300951755313e-07 7.89817210034016e-07 7.88652738847873e-07 1.02462545790161e-06 9.98777637661874e-07 9.30032448209772e-07 8.94735450174267e-07 5.12716247680345e-07 2.02816872807432e-07 3.8816168341782e-07 6.04112989677219e-07 4.79621084359394e-07 2.936268739262e-07 1.98048600452694e-06 4.59167074406963e-07 1.86466325295953e-06 5.48982056614022e-07 6.62987927313452e-07 3.33691245835155e-07 3.30914128454651e-07 3.36928480670906e-07
4.82549641023233e-08 1.54080486369779e-07 4.12795378235131e-07 1.88723828398185e-07 2.6269571447024e-07 2.80624540449637e-07 2.68752427690089e-07 1.24317503047422e-07 1.04834871450521e-07 1.89761985769366e-07 2.4664201652147e-07 3.20234293194055e-08 8.21918363813623e-08 2.47613630710575e-07 6.88978241747407e-07 4.54674845506986e-07 7.37925426896879e-07 2.12586138026438e-07 1.1250817346653e-07 4.9809449773619e-07 1.0066894226668e-06 8.50096775550924e-07 7.7183148299298e-07 5.92268878563118e-07 1.77856046157387e-07 7.70912916614463e-07 5.21863552549462e-07 5.2389463576219e-07 8.28048603196407e-07 8.8514779434945e-07 1.66554890534965e-07 2.67342365367629e-07 1.07835970712955e-06 8.70734218061386e-07 1.18207445041207e-06 2.9822957978709e-07 4.32649603610002e-07 7.67353319774955e-08 1.49239067113172e-06 2.93239418791558e-07 3.08413570415667e-07 3.46483131785647e-07 6.21263045719189e-07 1.0656528356634e-06
