Scripts_&_data/Maxent_result_files_2/B_gerstaeckeri_2.asc
NCOLS 594 
NROWS 330 
XLLCORNER -15 
YLLCORNER 23 
CELLSIZE 0.166666666666667 
NODATA_value -9999 
[rows 160 to 179 of 330, columns 484 to 527 of 594]
1.3517135188934e-10 2.30782737364876e-10 1.32758426474311e-10 6.88517509672693e-10 1.22862864326834e-10 1.18532650361658e-10 2.48624110188445e-10 1.60289703732275e-10 3.24660154316092e-10 2.22616614031779e-10 1.26076704631828e-10 9.76038916356003e-11 1.05046371601247e-10 1.02954289538104e-10 9.88547244062943e-11 2.517879793551e-10 2.93270507878418e-10 1.39581468605599e-10 1.65320279688075e-10 1.86759219200638e-10 2.52973952896696e-10 8.66158622603308e-10 2.09100925463446e-10 2.2865040971709e-10 2.70976696636893e-10 2.62896582281513e-10 2.03199446158209e-10 1.15056397742563e-10 2.23576190894192e-10 1.91690807671563e-10 1.9974959464264e-10 1.54739510094259e-10 1.5626293592419e-10 3.73170683243274e-10 1.39620537353835e-09 5.78182257626736e-10 6.05087502325574e-10 3.4047087371647e-10 3.77329867351506e-10 6.92143631297881e-10 9.13052333739728e-10 7.7159898470569e-10 6.28612828457165e-10 1.39212299465896e-09
8.56314463781871e-11 2.95317714726906e-10 2.96464297555588e-10 2.0985446713695e-10 1.03975672516299e-10 8.78186512398571e-10 4.96418783857422e-10 2.09159412012383e-10 1.28153510026152e-10 1.2653124104034e-10 8.04446176339013e-11 8.58307314111073e-11 2.26907270750587e-10 9.11452913143762e-11 9.35712840544056e-11 1.15191445271279e-10 1.54752455294727e-10 3.43559325433063e-10 4.07532629864704e-10 1.64296265481312e-10 1.39424571887758e-10 2.56768395434648e-10 1.30289912192438e-10 2.18586948541599e-10 1.94463511959952e-10 1.25469357126207e-10 1.16271903216614e-10 2.74604494698849e-10 4.7323691632073e-10 1.75175285388462e-10 2.35513475388416e-10 1.75653591671931e-10 3.07817071831806e-10 2.79282441617568e-10 4.81449313749494e-10 4.75049655168647e-10 2.55540444360491e-10 3.27470106586958e-10 8.16409650994387e-10 1.11507628686169e-09 9.92938220534256e-10 1.06497385354842e-09 1.88757232066905e-09 2.91438644328679e-08
1.42802114577734e-10 1.34509214877454e-10 9.95993953978314e-11 6.49669607000192e-10 8.95686114166239e-10 1.30048839475094e-09 1.16512982595296e-09 3.11098258265474e-10 7.45922590361658e-10 1.98407157370184e-10 1.19692356026491e-10 1.02095831788773e-10 1.02953789937743e-10 1.0049155951819e-10 1.17784981767954e-10 1.27144683670366e-10 1.51157386607537e-10 1.74719172463256e-10 1.59142921063449e-10 1.36953670626383e-10 1.4077853327521e-10 1.25041532683667e-10 1.1829918156181e-10 2.98305991019987e-10 2.33388153247915e-10 1.33555588810452e-10 1.50085111005893e-10 1.69184544152046e-10 1.34758049163963e-10 1.92927773756679e-10 1.44524281431302e-10 1.66446856297853e-10 2.00332228583733e-10 2.30177543691923e-10 3.91722321246846e-11 5.17813347755691e-11 3.19188697694983e-10 1.53685635329026e-09 4.66160380296898e-09 9.22765863720087e-11 6.71783447758756e-09 9.64020951954581e-09 6.90650340251508e-09 1.18962353856666e-08
1.3749681393449e-10 9.59648249754252e-11 8.83269235529838e-11 1.38806133254121e-10 6.90732349095669e-10 8.50197456880863e-10 1.23481906921796e-09 1.91593485521224e-10 3.34083405384433e-10 3.17088777457286e-10 1.83851378565691e-10 1.39953626465683e-10 1.01532438012697e-10 1.03241837301482e-10 1.07959574613403e-10 1.2205432220469e-10 1.32673982911058e-10 1.44379652677884e-10 1.25092791680714e-10 1.15631759722845e-10 9.47499079195779e-11 1.89383175808189e-11 2.23452811809466e-11 1.56465618239565e-11 1.05646247305913e-10 1.07609621213811e-10 1.06896025364733e-10 9.8740959852961e-11 9.61335566707078e-11 2.00591721011278e-10 2.29635643833603e-10 2.98566849021853e-10 5.25071841561697e-10 2.68343858245146e-10 3.05963621105576e-10 2.1369978009389e-10 5.64116497958622e-10 4.7146602177861e-10 4.31241431453344e-10 6.48282660886679e-10 4.49519488299188e-10 1.40254320379896e-09 1.75145237202301e-09 1.09912529078215e-09
2.15878981357776e-11 4.79351558446695e-11 6.85162482305657e-11 7.78924591493535e-11 1.31347976939367e-10 1.52911147077717e-09 2.71452738065392e-10 2.73031219855113e-10 3.55888440939367e-10 2.09946560136842e-10 1.53557566662244e-10 1.25298915687466e-10 1.00112007572761e-10 8.6159113177331e-11 8.51705705962047e-11 9.34441746203163e-11 9.50028167245876e-11 1.90189664017737e-10 1.5642931394666e-11 1.98046690158549e-11 2.92616708641447e-11 3.21785820212028e-11 2.2332857785301e-11 1.76433312404356e-11 9.96264182262507e-11 9.8653274438476e-11 9.81219328011207e-11 1.19710730217548e-10 3.09089698280474e-10 1.36911326720224e-10 1.57237078912686e-10 2.64338295696831e-10 1.71409964000446e-10 1.90618243411933e-10 4.02683653089042e-10 1.6488947984783e-10 2.5368016576266e-10 3.47126671851328e-10 5.73433600603579e-10 7.41345296262352e-10 7.05728842032016e-10 1.32787674189672e-09 1.33729813889261e-09 1.91444081698577e-09
1.53742574227067e-11 2.59251620171597e-11 4.78477479859407e-11 7.38113681286734e-11 1.78587500343497e-10 1.27094967883323e-10 1.98400340600813e-10 2.45804165910357e-10 1.48923962051128e-10 3.39736061505391e-10 1.2973951912798e-10 1.34389366301946e-10 1.19939291831628e-10 9.12871001013116e-11 8.73342953511269e-11 9.30712951152657e-11 1.0659243487865e-10 1.13760179054623e-10 3.4908120838395e-11 4.07172318084292e-10 1.0935120586808e-10 1.22861421036902e-10 5.69084557255906e-11 9.89245828586505e-09 1.04081965268676e-10 1.21278631581845e-10 1.1160905533103e-10 1.09875486486999e-10 1.14801634865103e-10 1.36438993436627e-10 1.61744662108276e-10 4.79460782187857e-10 5.84782655632665e-10 2.96758195794666e-10 1.41576850243297e-10 1.66897407005706e-10 2.36549801968522e-10 2.7566628979514e-10 8.18987999640086e-10 8.33065827432478e-10 1.25371326653578e-09 1.19864157821503e-08 5.40872568954853e-09 3.60522619535786e-09
3.61752960920114e-11 3.8198011420576e-11 4.68108329876316e-11 7.28717419740121e-11 9.46373424071112e-11 1.39109535002291e-10 1.64869351504393e-10 2.33591490594876e-10 2.25609175785735e-10 3.05909741982191e-10 1.4178392904185e-10 1.21960153087741e-10 1.22822152448521e-10 1.33191735418592e-10 1.29233146406449e-10 1.08910325202771e-10 1.12272546815007e-10 9.02932173474369e-11 1.89271931461121e-11 2.91577140210109e-10 3.87267551360537e-11 1.23230980975109e-11 6.73374245252489e-11 1.25787380511611e-10 8.42279579416072e-11 8.34099900259844e-11 7.84654785590533e-11 2.16174178557793e-10 1.33279653979912e-10 1.47417422713403e-10 1.64133950875112e-10 1.49676737670745e-10 1.66718194805071e-10 1.68268343703204e-10 1.63263103036826e-10 1.91962579165761e-10 4.638949002711e-10 5.71421621131663e-10 3.98375898935655e-10 9.25256893324899e-10 6.55622323098015e-09 7.07564453694687e-09 5.3533012467355e-10 8.5414313399923e-10
3.47911033315995e-11 4.30011914964723e-11 5.99299054826474e-11 8.71048122519369e-11 1.12731601831229e-10 1.51908374768084e-10 1.98630456527127e-10 2.21347506990099e-10 2.07104200455888e-10 1.4126410041726e-10 1.31971555905608e-10 1.47952927687101e-10 1.71883363098146e-10 1.65436342403069e-10 1.58459811938627e-10 1.46845335891044e-10 1.43495992865894e-10 1.05358421986779e-10 1.31471056263877e-11 9.26202226025907e-11 8.3427509345313e-11 9.27358190239147e-12 6.86112722192433e-11 8.20942647195011e-11 1.08152953259832e-10 9.1245822009256e-11 7.1819949987173e-11 8.76425709783746e-11 9.54974321842883e-11 9.07404484884467e-11 1.01535946317455e-10 1.31599320329912e-10 1.88622995000998e-10 2.26020557825279e-10 1.80634907032129e-10 2.69693312127117e-10 3.59359153545569e-10 7.63722884933316e-10 5.47893819202727e-10 1.04708103298989e-09 1.63802379438138e-09 5.33671939972891e-10 7.66035179733393e-10 2.09577476484313e-09
1.53445256501072e-11 1.26123445021165e-11 1.75214953657132e-11 4.59765781002375e-11 1.085509460097e-10 1.68138125644646e-10 2.00583749609962e-10 1.78400239025933e-10 1.65447544553388e-10 1.61842939050416e-10 1.66395497380734e-10 1.79054993054706e-10 2.0311023973818e-10 1.88594073691206e-10 1.79736969752042e-10 2.1974838615435e-10 2.04616401600077e-10 1.42438438821557e-10 1.39240408092434e-10 1.00879471442994e-10 8.9214113874192e-11 1.10385478535591e-11 7.33916261097534e-11 8.48984327284086e-11 8.94981089238911e-11 8.22711565540146e-11 8.09707079163502e-11 9.52334211490324e-11 1.02994057726846e-10 9.60143853312445e-11 1.08555053834891e-10 1.5243117879038e-10 1.93372451384732e-10 2.21465001892795e-10 2.12369621888087e-10 2.68881039655611e-10 5.05399921912897e-10 6.00450511534234e-10 9.68527691380672e-10 4.31096003339349e-10 5.1027375658208e-10 2.695942358244e-10 5.77927139477907e-10 7.39848315944869e-10
2.73381206561396e-11 1.99339988959935e-11 1.25506605108683e-11 5.48205592032502e-11 1.16558551699342e-10 2.15416484650177e-10 3.32182814588577e-10 2.34644248475746e-10 2.35120323210936e-10 2.88751345056681e-10 2.15413209492255e-10 2.82649914584709e-10 2.45801667908552e-10 2.26927665547549e-10 2.56012944177542e-10 2.20828255681482e-10 1.76170444898816e-10 1.87687176911311e-10 2.29391738937323e-10 1.50021617351115e-10 1.00455421758738e-10 8.27453994212135e-11 7.06036451525449e-11 7.00504987349859e-11 8.16215539600762e-11 8.07314437523132e-11 9.79734404715771e-11 1.10761144700433e-10 1.03958452957187e-10 1.30827559896574e-10 1.33244448807801e-10 1.28114274744462e-10 1.64985725081834e-10 3.89379495313591e-10 2.48356635257352e-10 2.84672796446728e-10 3.01408786818058e-10 4.18146306468969e-10 4.32255131688208e-10 5.31964272632024e-10 5.6462540198865e-10 5.75472058894633e-10 4.81156259279913e-10 8.82655548650746e-10
3.23854942863022e-11 2.97107560776055e-11 1.87297288789523e-11 3.39959838058235e-11 8.15971956669159e-11 2.25876584103446e-10 3.85109144573903e-10 3.25567894865486e-10 2.86917900549355e-10 3.70597863508237e-10 3.16930170995988e-10 4.30179580845902e-10 3.96407606739757e-10 4.38121017243276e-10 3.32084748588812e-10 2.01162253521403e-10 2.15456030794314e-10 2.19978280036059e-10 1.75961190063134e-10 1.19527121533736e-10 9.034610837233e-11 7.17686687856656e-11 7.25263737955117e-11 7.58497376018852e-11 9.1896668052982e-11 9.98847449196205e-11 1.4248726643018e-10 1.35946642831897e-10 1.36990874199938e-10 2.23125162790438e-10 2.81138090585387e-10 2.13172435259423e-10 1.82844495100198e-10 2.14548101507006e-10 2.82622347747008e-10 2.28870500329492e-10 2.05440964240466e-10 2.95770963276709e-10 3.45510597909993e-10 4.50071302449118e-10 5.01837393862559e-10 1.39614618754891e-09 1.77665865352949e-09 1.0512714809785e-09
2.84285928131567e-11 3.42118444685013e-11 2.35812702698013e-11 2.97236901758424e-11 7.99168065057643e-11 2.23271512389545e-10 2.97944013905038e-10 3.33558558551772e-10 4.15879397586139e-10 5.49771461688664e-10 3.80501374852571e-10 5.25587140476347e-10 4.89097851108511e-10 3.68909958137209e-10 3.0145619334121e-10 2.44745168576088e-10 2.37657560298032e-10 1.7781579542131e-10 1.52188228685901e-10 1.14551657048878e-10 1.14438380993676e-10 7.37323979649318e-11 7.54364015698172e-11 9.69022972974187e-11 8.54413761963713e-11 1.12377873673353e-10 1.98060001732614e-10 1.6811620984214e-10 1.57917223742032e-10 2.66179878138928e-10 3.88326815148332e-10 2.58178500800454e-10 2.37934405511453e-10 3.14534653877985e-10 4.72679728691361e-10 3.6805697378739e-10 3.56953666624804e-10 3.23247328903875e-10 3.24971061171908e-10 3.75263298213468e-10 6.85189871507674e-10 1.17862520854217e-09 1.09142875848178e-09 6.32918406573424e-10
2.02580840991118e-11 3.74274944370256e-11 2.56534571363431e-11 3.95624644156101e-11 7.03802238710693e-11 1.57304724801577e-10 2.29206698065809e-10 2.78276024445745e-10 4.85043227804738e-10 2.90341628517154e-10 3.17937987048822e-10 3.31997473956847e-10 3.06706726682648e-10 4.28007052022394e-10 2.82563983322603e-10 1.63826074928153e-10 1.18420384609408e-10 1.22984522565872e-10 1.26766841468395e-10 1.22249732559254e-10 1.01731978396913e-10 6.39973851690456e-11 7.70271735284211e-11 1.00277997017173e-10 1.16454390575171e-10 1.37938038768937e-10 1.90622939655327e-10 2.46673137471731e-10 1.98574101606397e-10 2.35400410275588e-10 2.52636511710591e-10 3.69859187721033e-10 3.11593284507694e-10 2.97703173224306e-10 3.01976665895154e-10 4.34724078957061e-10 3.66021613018575e-10 2.72753186703056e-10 3.32275862380271e-10 5.94067550707678e-10 7.4702317665043e-10 7.22631843252941e-10 5.18197107446383e-10 6.43131248256878e-10
1.58935087313239e-11 3.46038531162662e-11 2.95377944325992e-11 3.14311354721042e-11 7.25767668185995e-11 1.57361923491806e-10 3.53941498332233e-10 3.8890742848352e-10 3.12363246379732e-10 2.09875061774056e-10 2.7388317169752e-10 2.8458901901729e-10 1.6661761970127e-10 1.76678360830351e-10 2.31796293270747e-10 1.54422086229289e-10 1.01532227070322e-10 1.32364508242944e-10 1.07753250766507e-10 1.03289499175929e-10 9.75837188832429e-11 9.69485158819339e-11 7.79203812584228e-11 9.05695296538056e-11 1.2073378963251e-10 1.1778209518809e-10 1.23318200095923e-10 1.54314627742735e-10 1.14365150682971e-10 1.4878064336088e-10 4.39369440830006e-10 8.15321110625433e-10 5.10251318974753e-10 5.81274861577441e-10 4.45444969798814e-10 3.17572745878181e-10 3.97458821410623e-10 4.56758819655789e-10 4.53569160008271e-10 9.07755715040537e-10 1.29138656435046e-09 1.87083822877909e-09 1.16867945321175e-09 9.70576397030243e-10
1.38837497054567e-11 2.0291457403232e-11 4.2927195131881e-11 5.04849495541748e-11 4.88805107501378e-11 1.24739696349963e-10 2.27647511952256e-10 3.17404813543476e-10 3.39328654064275e-10 2.729413584035e-10 2.20472995415832e-10 2.50812726143579e-10 1.79634374042337e-10 1.21962140386955e-10 1.2301688556704e-10 1.31374422451813e-10 8.76285044526526e-11 7.7444428647766e-11 6.98093138851164e-11 6.72781497179642e-11 7.60572715918784e-11 9.68034208348456e-11 7.62593765912811e-11 9.16223652502879e-11 1.03283548380517e-10 6.72016109426465e-11 7.0584083022851e-11 9.26508092469192e-11 7.48972883712895e-11 1.66214308983115e-10 3.18034720780958e-10 4.69868999264378e-10 7.70157548846129e-10 8.12706724140355e-10 7.1096786236069e-10 3.93391208497462e-10 5.02889074827095e-10 5.61965174394885e-10 6.4040414082811e-10 4.3744630140452e-10 5.77080794261775e-10 1.38152905782007e-09 8.56186721520658e-10 3.56822205116458e-09
1.53974832883819e-11 1.67076241730513e-11 2.56789478569885e-11 5.00489094612533e-11 6.509585093184e-11 1.27787924686373e-10 2.3076444088943e-10 5.13286013692493e-10 4.27209079223445e-10 2.51995546651784e-10 1.40735012532645e-10 1.64473301644819e-10 1.76895198489291e-10 1.3848912017167e-10 8.22710233272517e-11 9.16036690945532e-11 1.04930408806325e-10 6.57938481474218e-11 8.45996606102517e-12 6.57020216010551e-11 6.16265705133401e-11 5.71220626355284e-11 5.1056092686963e-11 7.38354377638473e-11 8.63492721769887e-11 5.48552314683093e-11 5.64498447985784e-11 6.01856231519093e-11 6.49262754670588e-11 1.21786025708559e-10 2.31541519291056e-10 3.48414153084065e-10 2.5696508254569e-10 3.67004782120262e-10 1.94644111939368e-10 1.71240932544947e-10 2.26192153895965e-10 2.30223917707661e-10 2.68395694558166e-10 3.43716044515219e-10 5.07100395008564e-10 5.88929172096186e-10 9.06825203816908e-10 1.4500077027968e-09
1.57565738234666e-11 2.12783790587423e-11 3.34246963440421e-11 6.28434193572502e-11 8.38223157550999e-11 1.38569478114192e-10 3.02593861079004e-10 7.21331494535349e-10 3.17005044436769e-10 1.80554848849823e-10 1.16539466965548e-10 8.95000851208749e-11 1.17697918078363e-10 1.17800080801089e-10 7.21481097087917e-11 7.0020522713321e-11 6.60390298001801e-11 7.60104201802392e-12 5.79872705408491e-11 6.0710847460399e-11 4.68630578787099e-11 3.51373929952103e-11 3.34154259817865e-11 3.83841181061939e-11 4.41204628387482e-11 4.81273909613833e-11 4.16151890725303e-11 5.30771204765301e-11 5.05518849003295e-11 7.07888192508221e-11 1.02076458396994e-10 1.33998834250804e-10 1.17613985217702e-10 1.02399910772988e-10 1.08138331622598e-10 1.32498600979858e-10 1.65805291718613e-10 3.59959639872898e-10 5.33714694661569e-10 5.51707446394545e-10 5.29628796375192e-10 5.89618920354695e-10 9.11459485664068e-10 2.90266375380099e-09
1.80299108976101e-11 2.74737455008278e-11 6.59957755111407e-11 1.31871202846412e-10 1.49722578779432e-10 2.40879372004343e-10 2.66023769679435e-10 2.44768216806079e-10 2.30167851444918e-10 1.57953161661339e-10 1.18765131063014e-10 9.42146916038666e-11 6.50572928861948e-11 5.53275092407546e-11 5.6791615854479e-11 6.11962591712256e-11 5.88971982296016e-11 7.21627868571772e-11 6.93288759734401e-11 5.23518228767728e-11 3.98910238175176e-11 2.95719115861459e-11 2.74891664986399e-11 2.74353650908665e-11 2.58101984229597e-11 2.81687118075524e-11 3.36658367849907e-11 5.85509973838327e-11 8.59320503643346e-11 1.34290767395129e-10 9.76654979112368e-11 9.31215105026695e-11 1.10294984256853e-10 1.31860644625448e-10 1.80060832910556e-10 2.31160768304761e-10 3.3691187617535e-10 4.3019796613919e-10 5.32345689752134e-10 1.09213771359862e-09 1.13054318129358e-09 6.04523597846907e-10 2.34137609300689e-10 2.25948348919758e-10
2.50717446803606e-11 3.72496700151714e-11 8.58096260714092e-11 2.01502614594062e-10 2.59055876750125e-10 2.97213043065625e-10 2.14580986312995e-10 1.59783219988441e-10 1.51519041757808e-10 1.05777919756633e-10 5.63900481864721e-11 7.29641458363517e-11 4.41241487791899e-11 3.28427951501453e-11 5.69003288930503e-11 6.94754365149208e-11 5.34317146083652e-11 7.17457093735163e-11 5.51247714142278e-11 3.58352680862595e-11 3.05308556214356e-11 2.69571365230092e-11 1.88696058778248e-11 1.74265935015683e-11 1.8089241216046e-11 2.36662356378758e-11 4.50101844684525e-11 5.81249937070538e-11 7.40599137571962e-11 1.12373943483846e-10 1.76345327229654e-10 1.36608124812199e-10 9.97203541963643e-11 2.09823858288161e-10 3.76679176739003e-10 3.78587716731715e-10 4.46241943397041e-10 5.477947762067e-10 7.18429737922577e-10 2.44611279009987e-09 2.33239138003327e-09 1.69017655426984e-09 4.34020153150527e-10 1.27006538619412e-10
3.18342907590363e-11 5.15212206231297e-11 1.14906750781074e-10 1.59894020246298e-10 2.14496120864993e-10 2.27100083183274e-10 1.71344838317822e-10 1.06529940424593e-10 6.0425908721129e-11 6.30019481029365e-11 3.6033531713997e-11 2.0861734562061e-11 2.53609133693544e-11 3.95787291829208e-11 4.17035406208299e-11 2.94471891315595e-11 2.80915402051107e-11 2.6104840511465e-11 2.59144594672023e-11 2.56767052064788e-11 2.11759831891811e-11 1.48528411791915e-11 1.43818734699153e-11 1.73653647017602e-11 2.22651119763384e-11 3.33423177956149e-11 6.39652331102525e-11 9.45798328544356e-11 1.18860099540541e-10 1.3263664611074e-10 1.69004887862201e-10 1.94663685171292e-10 1.34263711260019e-10 2.17572382332776e-10 3.65700469906471e-10 5.1640934861652e-10 1.41954776822217e-09 9.61572321767079e-10 9.88275894453494e-10 1.90250316611795e-09 3.94220277533108e-09 2.62246608873085e-09 8.21057599686981e-10 4.42746161954943e-10
