Scripts_&_data/Maxent_result_files_2/B_gerstaeckeri_2.asc
NCOLS 594 
NROWS 330 
XLLCORNER -15 
YLLCORNER 23 
CELLSIZE 0.166666666666667 
NODATA_value -9999 
[rows 80 to 99 of 330, columns 440 to 483 of 594]
8.70553893417281e-09 2.48804604696673e-09 4.2217626616825e-09 4.56441184848444e-10 1.96765326254678e-09 2.06325521334705e-08 1.14082636049062e-07 7.01052001228497e-08 1.00826522686504e-09 7.27604099193257e-10 1.47761177737848e-09 1.0035819508758e-09 4.2724212390155e-09 4.72580557575597e-08 4.32083085977197e-09 1.00634567345992e-10 7.92588217279899e-14 5.82478509869588e-13 2.02571293073106e-13 6.13956663286785e-12 5.06651498533017e-11 3.15847348275611e-13 1.25384480575974e-11 5.10591569025109e-14 9.60675983208148e-14 9.75697300731326e-13 6.74552746993129e-11 2.57856180851945e-11 6.87221168860219e-11 4.27847313133611e-11 1.40858436026292e-11 8.86135609334815e-12 1.84843251815892e-11 3.29301030888018e-12 5.33586508311146e-12 1.58891788615279e-12 3.90906196301444e-12 1.83711712509194e-11 7.14298620252407e-11 3.34400507284727e-11 4.8802073493448e-13 8.10462807976364e-16 1.72861724934137e-14 7.24843518540297e-12
7.1852395255867e-09 8.62032509818533e-09 4.37425849986184e-09 1.11667188829045e-09 6.33144647821382e-12 2.05139872093696e-06 2.78665390274213e-07 3.55031891530189e-07 9.54858958568394e-10 1.78896074287671e-08 9.77464553741925e-10 2.3484265321283e-08 1.71928908443419e-08 1.04779317777748e-08 4.5122332537062e-10 5.09689734862206e-11 1.79933357102868e-10 2.10592210336813e-11 1.50528978171138e-10 1.56443169530007e-10 1.49156909046155e-10 4.84663198463409e-11 5.75058778373716e-11 2.64646082825948e-12 2.41356934438386e-12 4.67459404518422e-13 2.16915374551263e-13 1.0076615097887e-10 7.27318205662186e-12 7.67821362046561e-12 7.64698304678291e-11 1.40719880192819e-11 2.68651767498795e-13 1.27332588917284e-12 8.16312573093114e-12 1.63563607102901e-12 9.35408417390704e-12 1.54892076942303e-10 7.96415711157294e-11 6.01987348858302e-12 5.05102626391363e-12 8.71525074330748e-15 1.53876911213047e-14 1.86739512741951e-14
1.25138006734637e-08 7.79149541552115e-09 1.30851765867135e-08 5.67869296030921e-09 6.17986827267103e-09 2.2260055412282e-07 3.00234772652175e-06 5.72611809079859e-08 7.36257422806474e-09 2.07400655538592e-09 5.96648008110989e-08 2.21507175934832e-09 9.95464058961559e-09 4.18989478667697e-09 1.87935487172552e-09 2.29936969464717e-10 7.94864207787072e-10 8.60653115442034e-10 2.24486540467694e-11 5.99315597149541e-11 6.86655288184568e-11 9.84594739072975e-11 2.50722997918729e-11 1.58821266138531e-09 2.10096515740332e-09 6.53803644556916e-10 3.92100729662559e-10 6.81597456253513e-10 2.77450440400173e-10 8.46346548399879e-11 6.17994544427347e-13 1.32560629140244e-14 3.62831986677747e-13 3.54938300972663e-14 2.53763676738572e-13 3.49374973396266e-12 3.68638453096537e-13 7.78214492846985e-11 1.67406675188886e-09 6.18225803883377e-10 2.43095477081567e-10 1.1323888493564e-10 7.68821228902539e-11 4.0504510856465e-11
1.2285048633931e-08 3.79683351425797e-09 1.0448169532884e-07 9.34581334544049e-09 2.75667683125036e-09 7.54501137123498e-09 6.37775056100409e-09 6.5883302147185e-10 4.9377851807364e-10 7.57820616259508e-09 3.02419602804527e-08 5.97348721598223e-09 2.11263784133386e-08 1.57638685993611e-08 1.80123529425202e-09 6.34756625039756e-09 3.67061814277037e-10 1.41592456648354e-09 4.57848725599064e-10 2.80963725618477e-09 2.44853359809838e-11 2.97757585254743e-10 9.87794046558577e-10 1.80581914976941e-09 1.99614300644413e-09 6.64929933336111e-10 7.59957330398464e-10 5.6826510164143e-10 9.74065506031962e-10 3.43713407735535e-09 1.9687554475567e-09 2.89688206756011e-10 3.95163357591599e-10 4.06284672571644e-11 4.09597555872665e-10 6.61356580611283e-10 3.71616515337792e-11 1.04684150237233e-11 6.83383905020207e-10 8.42310898807597e-10 5.22374632438982e-10 4.70529759599714e-10 3.13191028666893e-11 1.93692173411364e-11
2.07107284988517e-08 6.41738973072847e-09 1.72234658091242e-08 9.45728585444172e-09 3.97294765486222e-07 7.61666939474992e-07 1.14285673147307e-09 1.99597494088266e-10 5.49361833801498e-10 9.28940441236037e-09 2.97288131889672e-09 3.43692575621724e-08 3.54334770591436e-07 9.98371234572915e-09 5.17672137378966e-09 1.38532919580214e-09 1.09447020335551e-09 1.12166598231767e-10 1.50033208079492e-10 2.28915886246739e-09 4.24439816626432e-11 3.25864057959535e-10 1.17676379751686e-09 1.23205311508556e-09 3.12629355736505e-10 1.91460614029637e-10 2.42228156421831e-09 2.22755924816909e-10 5.91459814458517e-10 2.217965699991e-10 1.50504553264597e-10 7.59103535585837e-10 3.05929048760589e-10 6.19541440372018e-10 3.98159374359608e-09 2.90113999490416e-10 1.95464378016652e-10 1.25343531109934e-09 1.10450964596609e-08 5.41555760236179e-09 3.47910711351318e-10 1.50453050018484e-10 5.50215428773981e-12 1.49713164088183e-10
3.2928985447267e-07 6.34384304531999e-08 1.20336305253765e-08 4.18703505200568e-10 4.99825458799563e-09 2.40298930975769e-06 2.93147561780671e-09 2.1808187589123e-09 1.55603980478425e-08 6.09614207114362e-08 5.61731676995691e-07 1.55420335379297e-08 1.54138723562625e-08 6.00136573769561e-09 5.25340996260226e-09 3.33555385534368e-09 8.46613491534143e-09 6.22025764229761e-09 4.68117411500657e-10 7.49690987067453e-10 8.47211190091457e-11 1.48439427416491e-10 3.37484318269077e-10 6.77266642767904e-10 7.38588619153546e-09 1.24905252807395e-10 1.84731165919771e-09 4.63266458528011e-10 2.15003925774226e-10 4.27254109869324e-10 9.23310461420357e-10 5.50466805471217e-10 2.55661392056794e-10 1.59594004678354e-09 5.37097799568898e-10 3.08815195637635e-10 6.39642361299764e-10 5.79653286481019e-09 1.11476436970293e-09 1.9946950868821e-09 2.06501482580279e-13 1.1055859561182e-09 8.05960043148701e-10 4.95525942501018e-10
6.68537531778313e-08 7.55143267805458e-08 4.72611853319371e-08 8.36367768375368e-09 4.67350568245095e-09 5.98957331310324e-07 4.86111909614451e-09 1.38424520845781e-08 9.16689686381034e-09 3.02886853986717e-07 3.96487196518969e-08 8.91072279296523e-09 7.51647537544642e-09 4.69408374392799e-09 6.06645789158478e-09 5.40503769519418e-09 5.79341934203725e-08 1.47734633215713e-07 7.74749230325611e-09 1.15093138353117e-09 1.09775005752155e-09 1.08541326704348e-08 1.18229240841927e-08 1.94571057043902e-09 2.79535669056585e-09 1.60329360898714e-10 3.59526862725446e-09 1.28906955110253e-09 3.81903253465765e-10 3.62588432611943e-09 7.94599142039942e-10 2.07907956406572e-09 1.71682161820286e-09 2.93091864111972e-09 1.28745399896601e-09 6.3701103281133e-10 1.71538803162008e-09 2.7781160927276e-09 6.72248055555436e-08 1.96231558557969e-08 2.07084136283342e-08 1.53080000453443e-08 8.5304440178291e-10 4.72191207245842e-09
7.063647333716e-09 4.48935105645809e-08 1.3297140909474e-07 4.87594935361102e-07 1.03663261130649e-07 4.53182409376751e-09 2.82512290228354e-09 2.74737258498803e-09 1.07007738670006e-08 3.05667472622062e-07 4.49432926541427e-08 2.7454920303871e-08 2.17794392631809e-08 1.2387699960259e-07 6.58700247124777e-08 8.63155284247519e-08 3.05532196787084e-07 9.67281264085962e-08 8.3926681604396e-09 1.05690953988713e-08 3.8990124684446e-09 1.1687813865624e-07 7.5882125338822e-07 1.54614601388658e-07 2.43276341849175e-08 7.27583040482926e-09 4.8695080967498e-09 1.05891583279671e-09 1.98975829146519e-08 3.75429145660355e-08 1.09988388397042e-09 7.74865749342268e-10 9.66872293339804e-10 3.54657488932375e-09 1.07636529689259e-09 2.08229233855661e-09 7.27532997180091e-09 1.30121964425634e-08 7.54219455778582e-09 2.97092443979352e-09 1.75535352364697e-08 2.06244515910115e-09 9.10843743762158e-09 8.75610495221224e-09
1.65335347712681e-07 4.95553475932109e-07 1.68682211139082e-06 6.44663844551196e-07 4.95669166933332e-08 1.26988791704363e-09 3.251420355177e-09 2.21531624378102e-08 3.10660412061736e-08 6.39156518045247e-08 2.87213380856244e-09 5.17781114983684e-08 1.06702210889154e-07 3.12699429905194e-07 3.42850519601257e-06 1.19453682145831e-06 1.29971406193086e-07 6.12127636134829e-08 4.13085592398943e-08 4.79143775766744e-08 7.14188302941565e-09 1.6930584634256e-08 5.00644647627446e-08 2.23148733824452e-08 2.18739229351783e-07 9.2485517555474e-08 1.11893501486549e-07 1.93788141533702e-08 1.28949759137242e-07 7.06576310793849e-09 8.17906640193655e-09 4.07691596038262e-09 2.39486070863215e-08 1.7913506078493e-08 5.5670515752837e-09 5.3990109361024e-08 6.09247202576491e-08 1.15031200120796e-09 4.80068996888683e-08 5.94550675359074e-10 1.45062434175891e-08 1.68157743507535e-08 9.36397947293166e-08 3.43963377780199e-09
1.25174958176544e-07 5.40260500003775e-07 4.64128083743631e-08 5.86315837214357e-08 9.69983684262488e-08 1.66482756469577e-09 8.59608518810617e-09 4.16964348604054e-08 7.58347563190043e-08 1.29986105434909e-07 1.13926745037851e-08 2.52001995937334e-09 4.43056918930651e-09 2.90638748179362e-08 2.49789283701674e-09 1.39551397915216e-07 4.0755967134487e-07 2.42852333132149e-08 1.05030969776987e-07 1.06104709629573e-07 2.69481304027153e-07 9.46185295114255e-08 6.19498686793563e-09 2.94305626535873e-09 4.31529688116328e-07 2.73214679868961e-07 1.10586344592711e-07 6.92216976627691e-08 2.97875514476686e-07 1.03206780877052e-07 7.69334119743448e-09 3.60590091008639e-08 5.04824825275918e-09 1.54474797953164e-08 1.71830037754006e-08 7.12592340690321e-09 4.29541843205428e-09 1.32714594869299e-09 7.28740771060998e-09 2.77353388145052e-08 1.22012260317383e-07 1.31591305563283e-07 9.60931526239328e-08 2.17849594474906e-08
6.89691061817044e-08 4.90133502673018e-09 5.13062661999797e-07 2.4369610285957e-06 1.5035942502184e-08 9.64113342494244e-09 1.39212514738141e-08 3.19085140532138e-08 1.81293373646696e-07 4.53850822890178e-07 2.97738615540055e-07 1.08486310246292e-07 9.38727517940663e-10 2.45037983237495e-09 8.95610163809124e-10 2.00931537408522e-08 9.45841306387862e-09 1.91621645528883e-07 8.45888333378397e-08 5.25273778695379e-07 2.00702913133455e-07 1.43200118485343e-07 3.82075662486159e-07 5.83205798876385e-08 3.52785636925645e-08 3.037844636955e-08 9.00656049740434e-08 1.03780956162147e-08 5.01663287133525e-08 1.07353789169373e-07 1.69422213036619e-08 5.87128070050902e-08 1.85559962062598e-08 2.68813333370588e-08 2.66513341173891e-08 8.39769116467437e-09 3.48388221604878e-09 7.89450196103658e-08 4.67111122781638e-08 1.46542502443836e-07 3.62255836106051e-08 1.1062547458085e-07 2.97495686973903e-08 1.0421215617118e-07
8.93193670803427e-08 5.22364731470049e-09 4.75080204975775e-07 1.08079073246614e-08 3.8406163471727e-08 2.14302383616527e-08 3.9249616168302e-08 3.6722674445766e-08 1.55579231941871e-08 8.70311268608148e-09 1.80183413238666e-06 1.66445120852732e-07 2.98000485399186e-09 2.57995954711099e-08 9.4843171982717e-09 3.26138357986672e-08 1.53990101470214e-07 4.54865592858233e-08 9.46469435048058e-08 2.39753258135522e-06 6.40266645035581e-07 2.64718702291944e-07 9.13963692505959e-09 5.94455928926152e-10 2.68309213735662e-09 2.47711348988489e-08 7.29486295814041e-08 1.21565466582041e-09 1.03809479901074e-09 4.18788959066774e-09 1.34311767707729e-08 2.87583545088843e-08 8.74582886112307e-09 1.98637390314005e-08 6.55646970160184e-08 1.47263738614623e-07 5.5796289122334e-08 8.22372783204628e-09 7.51914115637575e-08 3.19813566118654e-07 1.40701410855648e-08 1.31354694676844e-08 4.52066404466045e-07 5.37961499524897e-07
1.9929370870253e-07 2.63000097255883e-09 1.20901338163115e-08 6.24062457266206e-10 3.88080008018044e-08 2.52987691462536e-08 2.66768752754665e-08 1.90923175258373e-07 1.98305113441322e-09 6.19152547121082e-08 9.01962788901756e-09 2.72383930299824e-08 1.69481411238515e-08 2.61348625851809e-07 1.04632490138812e-07 1.59868833060628e-08 2.05243372519703e-07 8.12172712905124e-07 1.89946154427467e-07 4.11342140349547e-09 1.15244676690551e-08 3.93047914215572e-09 2.95029725094764e-09 8.29691445547454e-09 8.69241556511469e-09 2.13896913958678e-08 1.25656139937647e-09 1.19378791185731e-08 1.05515156612057e-09 4.01966149254918e-09 8.39334889368715e-09 1.06954545220361e-09 1.20172695128318e-09 1.218294198857e-09 1.80716464792674e-08 3.26266990191559e-07 5.30892412808903e-08 4.80460312646258e-09 2.36976866174743e-07 2.62414680163303e-07 2.284522645013e-06 8.12952872242256e-08 3.38342911243572e-08 6.32437658798501e-08
3.50295433770853e-09 6.03207994664956e-10 2.65113986319676e-10 1.19334564452345e-09 3.81182780895273e-09 3.67056978145541e-08 4.66771558071954e-09 1.06926681142649e-07 6.90861755581196e-09 7.82311158076254e-09 1.61332111892065e-08 1.43009554642859e-08 1.31630325750365e-07 1.02990085810717e-06 4.09662638212183e-07 6.3880779936909e-07 6.55168306806786e-07 1.11314914530425e-06 1.1814213774386e-06 1.74833889032833e-08 7.36136255286013e-09 5.37754774043719e-10 1.94568914313464e-09 1.15520374377454e-09 6.19500839516007e-09 4.90263551977677e-09 1.59735241700432e-09 1.09125788738673e-08 3.72541375526225e-10 2.76995038017702e-10 5.13808939839322e-10 6.23096241270105e-11 2.11144657313866e-11 1.54052337553168e-10 8.63354477909084e-09 5.91484228262829e-10 2.66277481175692e-09 7.42218619897983e-11 9.37311543935948e-09 1.68071216166688e-08 1.01957477782744e-07 3.15501312098121e-07 1.0239242631549e-08 3.97351942127422e-08
1.1982117287257e-08 5.12226738802468e-09 1.96348383108003e-09 1.17268337807008e-07 1.12081962444499e-07 5.51199808018765e-10 4.50033588839105e-08 6.07316209544351e-09 5.42384497403958e-07 5.10948118592758e-08 1.91253216064169e-07 1.36129029038035e-07 8.77412530631005e-08 4.53465457272984e-07 7.93812107957592e-07 3.69200156402627e-07 2.8316994238331e-08 3.89668424904954e-07 1.60446318595575e-06 8.83594642897556e-08 1.82454158337286e-08 3.28750351830109e-08 5.6731526809628e-09 1.21848521272838e-09 1.85056935331218e-09 1.00937703750859e-09 5.62939805881513e-10 6.51768439219325e-10 8.61620108594252e-11 3.41387829116968e-10 4.43020464757637e-10 5.54216261772211e-10 1.51585873853222e-09 1.57630908326212e-10 7.81358977519631e-11 2.55833798590288e-11 1.95790206269919e-10 7.40930738984957e-10 1.58427817531503e-09 8.91042617467974e-10 6.00798611971598e-09 6.81741487817966e-08 3.65597663254391e-08 3.67870726902808e-07
1.29477121801891e-08 2.762840833892e-09 8.71192218365735e-10 8.84526640820837e-10 1.31972563310878e-07 3.93448971180987e-08 4.75363817753482e-08 4.56357531763985e-09 6.51477466084849e-08 9.45091494730654e-08 2.88349618648986e-07 3.55823106872322e-06 5.24981514926637e-09 4.26986136670138e-07 2.32188169846381e-07 1.29434926110505e-08 6.05439903100802e-08 7.81451314768589e-08 8.24210960148619e-08 2.46578000240305e-09 2.42173687436953e-08 2.33048584874496e-09 6.7738900488834e-09 2.5731237467852e-06 1.3265103560034e-07 2.52198414041338e-08 7.51264633835902e-09 2.61266010048722e-08 8.9220697496728e-10 1.06491448215174e-08 1.59141307909394e-09 1.23315816114022e-08 8.47875559761846e-09 1.75733476104334e-08 7.74453988716672e-09 5.57397905609491e-11 2.6275803755027e-11 8.06629596450392e-10 7.09408576327064e-10 2.31258317162641e-08 5.18278295480457e-07 1.03584422888048e-06 1.1635791029585e-07 1.01320966172658e-08
5.10326252367577e-09 1.70892135997747e-08 9.39989841519662e-10 1.01030430688098e-09 2.60765733450796e-08 4.90237652472914e-08 9.07764345159379e-07 6.36076999960267e-09 1.41251056295921e-08 5.93325942488399e-08 2.3963768880364e-08 9.29459352483342e-08 8.40943327196086e-09 3.22496985893928e-08 5.37015893753434e-08 4.24018119504765e-09 6.48385576340615e-09 2.8231721116434e-08 3.88219756164432e-07 1.51209957999221e-08 5.47175526000032e-09 8.9857521423653e-11 2.76530743859027e-09 6.56585830149936e-10 1.17891777184909e-07 1.51629754019389e-07 8.13451372927432e-09 1.19747799454117e-09 1.01083408310387e-10 4.73084182939232e-09 5.8763053978339e-09 1.71899124934427e-09 1.52746595594166e-08 1.83598436453991e-09 4.85895254809243e-08 8.58843007822685e-10 3.34403393864591e-10 6.80959055809893e-10 2.99970798200988e-09 1.16685500251013e-07 6.05347762427932e-07 3.19941583892813e-08 2.34202436355524e-07 2.4345354621147e-10
5.66759709164089e-09 7.04902880510616e-10 1.40353418887074e-09 9.23327913016081e-09 2.56237027196349e-07 6.01994399858086e-06 2.10100730093643e-06 5.4530233772887e-09 1.48586346671031e-08 3.58975168923692e-08 9.48925919952437e-08 2.7567744700363e-07 7.47852505145197e-08 1.46421781899164e-07 3.82776325413836e-08 3.5726396496738e-08 1.78847446075103e-08 1.43506093319701e-07 4.12885583145339e-07 2.6694408383765e-08 2.75009471528698e-08 2.7196951579711e-09 1.29488567646163e-09 1.41916504103889e-09 2.77864191655652e-09 2.23587909076173e-08 9.02749971776195e-08 2.61773841270241e-08 1.82965409969427e-06 1.38958400119904e-08 1.7700889531902e-09 5.07125785809137e-09 3.74887081933117e-08 4.72049707322952e-08 4.5492079325804e-08 4.49026497095772e-09 6.47258435737541e-10 4.50708360633101e-09 5.72965250800195e-09 8.02489885654012e-10 3.11011879583489e-09 1.44927044809506e-09 2.92261850276532e-09 7.3598360073035e-09
4.30232952597365e-09 7.0893907411218e-10 3.81368108981484e-08 8.08152378528604e-07 2.59548028491707e-07 5.60074908140251e-07 2.80069364535507e-06 2.95176599829361e-09 5.92901940899004e-07 3.91140172517623e-07 1.47543569077868e-06 8.72491739967174e-08 2.22079466682956e-07 8.09187967742986e-08 2.02889958700325e-07 5.38097142133154e-07 2.80714968381446e-08 2.14224921690764e-08 1.89447907583684e-08 4.17202873692624e-08 2.4632099837163e-06 7.67413882218904e-08 3.21680346138109e-07 8.5181540032675e-08 2.40707099585791e-07 1.67898189840088e-07 7.26659080996228e-07 3.34344129200304e-06 1.71431882058926e-06 1.00590865315109e-07 1.39195047177409e-07 2.07024847287407e-07 5.26301833780884e-08 1.36669173567139e-07 1.25833220165905e-07 5.48495999508347e-08 2.65791343823096e-08 1.44849323149288e-06 3.04459538935653e-07 1.74126859597834e-09 1.31636878064612e-09 1.81768939344629e-08 3.97161429854798e-08 4.96830092622247e-09
1.7395319232838e-07 7.45538261126555e-09 1.28183737180265e-08 1.04229116448806e-09 8.13470075078371e-08 2.21420595192257e-08 1.04313417126356e-08 5.19544322008514e-09 3.28822003510254e-06 2.89745603367919e-05 4.56809998183871e-06 5.72390767104025e-06 1.67988670298769e-06 2.7533363251564e-06 2.38122262956608e-06 5.52747716255908e-06 1.82745750265667e-06 5.93361616552102e-07 4.26515682061535e-07 1.90250743270504e-08 1.40550703187081e-08 7.4551743367568e-08 1.01730468813344e-06 1.56538510509563e-06 3.92986713393384e-07 1.84790169255322e-07 3.82475282578731e-07 6.02159615770148e-07 1.19187201708115e-07 1.08128299236565e-07 1.66654139155398e-07 1.35411871360347e-07 6.94784468606713e-06 2.62126608308044e-08 2.26467604558245e-08 1.40138404547407e-08 3.33489868942216e-08 8.6367887208727e-08 2.16963994326136e-07 5.50043606328821e-08 2.30341102858134e-09 1.26731479754838e-09 6.94871064021996e-09 1.07766944923426e-08
