Scripts_&_data/Maxent_result_files_2/B_haematurus_3.asc
NCOLS 594 
NROWS 330 
XLLCORNER -15 
YLLCORNER 23 
CELLSIZE 0.166666666666667 
NODATA_value -9999 
[rows 80 to 99 of 330, columns 495 to 539 of 594]
6.0364909737487e-09 7.55695583887217e-09 4.52722281885087e-09 3.6655526725049e-09 2.47441178657937e-10 9.89071047285961e-11 2.94979929371664e-10 1.34808164631295e-11 1.13774545340561e-11 5.85481452208825e-09 1.74544761755158e-08 7.59248885984221e-11 3.37224088653443e-09 6.12635164820574e-11 3.44465567181373e-11 2.81675094360168e-10 3.04758551727957e-11 1.54084189851744e-11 1.44058986961682e-11 1.08734254933296e-10 2.99873181841548e-10 5.37057287530729e-11 4.25786184088395e-11 1.7625723103265e-11 3.95797616903337e-11 2.36157760014066e-11 1.30479438364972e-10 1.23141274954719e-11 1.20731435959698e-10 1.51769186107487e-10 2.03667971376831e-11 3.54462015295098e-12 4.95459229199469e-12 7.29065696702946e-12 1.58748791889707e-11 2.28868368701285e-11 3.33655769679808e-11 3.59283380824138e-11 3.62243568474696e-12 4.96387375648055e-12 4.32861524402028e-12 3.69424490997972e-12 4.75183226100739e-12 4.85012030537746e-12 3.57286422669745e-12
1.04206981932364e-08 9.63110549090374e-09 8.23764884083644e-09 1.57046198268063e-10 7.11330461200532e-09 2.01414181999482e-09 3.20092964356533e-09 1.65245983563267e-10 2.78568225153819e-09 6.27386698148769e-11 3.4338654142374e-10 1.89666564898161e-08 5.63958569843592e-09 1.99586802640539e-10 1.92612403804304e-10 2.11511996806024e-09 6.65757005080536e-11 1.47836798358725e-10 1.10416353837905e-10 1.21536558594926e-10 7.97092392090804e-11 1.34819710950751e-11 1.63916435980127e-11 1.44752176911567e-10 1.70234837337802e-10 3.03764835507536e-10 8.20448065042001e-10 6.74043942883173e-09 2.39622710118681e-08 2.13106817747999e-09 4.12053613452201e-11 3.40014683075651e-12 4.21259693794695e-12 3.94763111088992e-12 1.72881819970883e-11 1.93316807006738e-11 6.63701649195048e-11 9.7488683792335e-12 4.32607283329389e-12 9.33435551075945e-12 2.80529488527748e-11 2.32902586105865e-11 2.29665175766058e-12 5.70646863096158e-12 7.17077508483044e-12
1.80766213109251e-09 5.97376044186859e-09 8.83000799145606e-09 4.73830261693564e-09 3.81307373231721e-08 5.14072909796326e-09 1.32473709779646e-10 6.14048146774238e-09 1.91545261873927e-09 3.34582443972664e-09 1.43271718044957e-08 6.30671537216188e-10 7.62963209277601e-09 1.31482089660295e-09 1.84716358653247e-08 3.43809034575315e-09 3.93607280102515e-10 2.60770416371514e-10 1.10008002707218e-10 2.10502137942825e-10 1.48050733894678e-09 1.28665087473223e-09 2.64790128490233e-08 7.50512885172583e-10 1.65087751247128e-09 1.41256739416562e-08 8.91340953268482e-09 1.61362689876654e-10 1.38252461034938e-08 8.44636471875049e-11 4.456147673082e-11 3.43659434243193e-11 7.31575910961624e-12 9.0795693186152e-11 3.07760039675031e-11 3.38844285963091e-11 3.13683301556011e-11 5.70806735211704e-12 3.87802012724592e-12 3.66724206557478e-11 4.43227669455482e-08 8.48900361116733e-10 9.91193793709044e-12 1.10540243625223e-11 1.78636994085934e-11
3.39764846257751e-09 7.19813312288764e-09 1.57415120938253e-09 2.05887531801174e-08 9.86484344212002e-09 3.30310979679282e-09 3.53318343471187e-08 2.28173531180431e-08 7.63352507870962e-09 1.2370776270032e-08 2.14898193018342e-08 6.14751359151455e-08 1.35356789110475e-09 4.587275146406e-08 2.29958405029151e-07 1.43302717248162e-07 1.18866012321917e-07 1.85379736228342e-08 2.29557953090875e-07 3.15639656189859e-08 1.73650647354862e-06 2.56912888829675e-07 1.74739587244233e-08 2.04136482162554e-09 3.89031473702062e-11 7.08699898765985e-10 1.7671670349273e-09 1.1879402461723e-09 4.53727166949136e-11 7.47631734299148e-11 4.32548941109445e-10 4.73586059257514e-11 5.59446378112227e-11 6.9872012620209e-10 2.56355847660927e-10 3.57596918743042e-10 7.18325177118118e-11 5.12901943139354e-12 2.72816214064164e-12 5.74762459848444e-12 8.01918531578849e-12 1.46808676326771e-11 5.93999960329938e-11 9.4389274174489e-12 2.10572559389277e-11
6.00527961691633e-08 4.10673539619211e-10 8.3390543359485e-10 3.30918097368738e-09 2.3837735951826e-08 1.09151336502578e-07 4.81471110092002e-08 5.42727816466026e-08 2.71851241251397e-07 5.76941815211285e-07 1.70457867341156e-06 8.52732455314253e-07 4.28125034659388e-06 2.52878189712646e-06 9.271124401522e-08 5.27021392713323e-06 2.02335645980156e-06 2.05921478766413e-06 4.34259704817919e-07 6.43652615650581e-07 4.18767268861586e-08 2.69291746679556e-09 2.06068931696279e-08 1.35406628132273e-09 1.23539284135887e-08 6.32374114184486e-09 4.07793310230886e-10 1.84344217668553e-10 1.33921191913799e-09 3.29850913249885e-10 1.66598090878267e-10 5.27920606119281e-09 1.68560454483213e-10 6.122693241295e-10 4.503153183677e-10 1.52891654892073e-10 9.33699784155806e-12 3.38480687922527e-11 6.88662349368485e-11 2.94583246684965e-11 3.9926839612292e-12 3.10349745902272e-11 7.50107198577155e-11 4.35799174525187e-12 1.01959329867896e-11
1.83764675298903e-07 5.42498845845785e-07 3.12657842300723e-06 7.68573014120477e-08 5.81985198699897e-08 2.48525219603835e-06 7.66648939531933e-07 1.09537629526812e-06 1.97110698607617e-07 5.99766001840862e-07 9.13265409252517e-07 2.22674884930996e-07 2.02411314553785e-07 7.27977631242993e-07 2.80030617005878e-07 6.00076890577839e-07 4.59935899854713e-07 4.64298753968251e-06 3.5863456595564e-07 3.11532302177397e-08 2.39058514317492e-08 2.67744344917276e-08 1.16256089910394e-07 5.87174034194504e-07 5.95315502671667e-08 4.79356587756996e-10 7.4894652701829e-10 1.37855105108997e-09 1.37388759258172e-09 9.92414419531684e-09 1.93729653430452e-09 1.26209047657255e-08 1.12240165717203e-08 1.82049516572746e-09 5.6771514489462e-09 1.80502331748045e-08 2.40890584812803e-08 4.25293913863811e-08 9.72723168679579e-10 2.42350034485028e-09 1.05023534313631e-10 3.81464526633124e-11 3.97680000041589e-11 7.12265357805109e-11 2.63691402047073e-11
2.74377815117077e-06 2.02911710971421e-06 1.2995660551951e-05 4.15006264375961e-07 1.15221811824995e-07 5.31122816482821e-07 1.50478332550108e-07 2.42031809705168e-07 1.26359083765237e-06 8.99657455022407e-07 3.39027935325475e-07 1.22153025827743e-07 5.41311582935577e-07 1.23006073948773e-07 1.71623334566107e-07 3.58430747837701e-07 8.68090069161553e-07 2.97716378483415e-07 2.97075465383045e-07 5.04657671385189e-07 6.4656937652785e-07 3.29802477239127e-07 3.13595531054034e-07 2.34314733233987e-06 8.6039577666952e-07 3.16090016383441e-08 3.80295172242029e-08 3.47705256142916e-08 5.46793047817573e-07 5.06611429473836e-09 1.80454282627807e-09 8.74433936370878e-10 1.82582998720093e-09 1.15136429013063e-07 9.81851600023731e-08 1.44499773746531e-07 1.5416971077542e-08 3.19309192420292e-08 2.95431811991875e-07 9.18749735845381e-08 1.29000062187856e-08 2.95789226445464e-10 9.44919142931155e-11 3.85443942318986e-09 2.0387387777987e-09
1.64799605428811e-07 6.94653901689435e-07 7.16553701067824e-06 2.72675791279653e-06 1.58574260638034e-06 2.56220982919331e-07 1.85621424364513e-07 2.80747585179597e-07 1.781053001082e-07 9.41378704055751e-07 5.95622356058811e-07 1.00780882235085e-06 2.83479294438393e-07 4.36036819451147e-07 1.23987110178803e-07 9.18415136652584e-07 1.0526065295835e-06 7.17471260713864e-07 1.71621019262602e-06 2.04455147070348e-06 7.46388968408951e-08 1.0814956983296e-07 3.62860596325731e-07 8.88589141823104e-07 3.78993788174853e-07 7.47086480714643e-06 1.43457846775163e-06 2.07900349664669e-06 6.25262998710241e-07 6.16194552094385e-07 2.6475994374664e-07 7.1508345644844e-08 1.0009900988095e-07 6.84945297280137e-07 1.24280987812142e-07 6.21476760187534e-07 8.77728365367147e-07 2.76500510310029e-07 1.82665103665158e-07 1.73301462496056e-06 1.28474798657408e-06 3.6022279417125e-07 1.5020227372986e-08 2.06464466634415e-08 6.24020690676019e-09
6.97663857351927e-07 1.98497796866093e-07 3.88983844601398e-07 4.48858990864665e-07 2.036937290395e-07 4.07953830938723e-08 2.70797928525468e-07 3.67927608602159e-08 1.92610706606366e-08 2.19284134317377e-07 5.10915675100421e-08 1.28826408563043e-07 5.30536468801301e-07 1.25545009677097e-07 7.18814263223067e-07 1.46702692518375e-06 8.69527579538953e-07 3.31908447606111e-06 1.38321781548711e-06 4.22019979140487e-07 1.33594632245604e-07 3.30897858802359e-07 1.18056802193678e-05 3.62862373322059e-06 9.75438794625916e-07 4.00040869976692e-06 2.79706226535836e-07 1.17211753831725e-06 7.03017268222084e-07 5.30385080992346e-06 3.09198732395544e-07 1.12629807972553e-05 3.70981790638325e-06 4.28650110961826e-06 3.13629993087261e-07 4.0310930501164e-06 5.74035747149537e-06 2.2212280327949e-06 4.38007957370701e-07 8.95602846640031e-07 4.01481828005146e-08 2.46947500892603e-08 1.12220266501595e-07 2.78182955426587e-07 1.1686162793012e-07
1.47542277204593e-06 1.83419002439678e-06 2.0258050483335e-06 2.14693431388469e-07 2.18288537112699e-07 1.58958601303993e-07 1.74885632731048e-07 3.21519759793887e-07 5.54457079715576e-07 1.50230726774225e-06 5.72093052397804e-07 4.361890368898e-08 5.01178394785029e-08 1.45240485238674e-07 9.01062044533774e-07 2.97704573526403e-07 4.3228432176079e-07 1.00845177257725e-06 1.35932622384871e-06 3.35171206415907e-06 6.01643819919673e-07 6.73458743705169e-07 8.28097915928083e-06 1.51166900081989e-06 1.00441565251685e-06 1.36065969940091e-06 2.06905272989388e-05 6.68647692236846e-07 3.14119011335379e-07 1.66011837166025e-08 5.70355748408247e-07 5.79658119477244e-06 3.97329711887551e-07 5.27550089657325e-07 4.81453126610631e-07 7.36803900025507e-07 1.30956424726492e-06 2.42683856015447e-06 5.57318406890772e-07 3.4274728371031e-07 2.75734322485732e-07 7.79416657437082e-08 2.93657180350237e-08 1.46456942040629e-07 3.29560666756379e-08
4.33407831224031e-06 3.98373745156277e-06 4.43490799284518e-07 8.6581962790433e-07 1.88302913173288e-07 1.56709277234768e-06 5.49053609688599e-07 1.16720022731442e-06 1.90379712989852e-06 9.60986883455917e-06 3.87802179346863e-07 5.98630631287733e-07 8.9024383242986e-08 1.32521852691525e-06 9.97732203700252e-07 3.1425042891442e-06 9.02967085636419e-07 1.9314188620001e-06 1.42501298405762e-07 3.49173882909781e-06 4.35110238754532e-06 1.13055874066958e-06 1.41100598796129e-06 9.74157281063981e-07 5.83432267120543e-07 1.07169389309547e-06 1.86578066063703e-06 1.2995328155796e-07 1.66164282404679e-06 2.20514795898907e-06 2.50426477066412e-07 9.06534691580418e-07 4.69226038148918e-06 3.09622688376976e-07 6.26145351247942e-06 5.16736175768529e-06 4.30988898756368e-06 4.48322671786627e-07 4.13419857281383e-07 3.90880643408309e-06 1.14794386441019e-07 1.98284793739845e-07 1.28010944333568e-07 5.57720404970041e-07 7.77551952779731e-07
6.29843281103604e-06 3.42335204095434e-06 2.95111968853234e-06 6.19364207068429e-06 1.04376128433614e-06 1.80849799562566e-06 4.12146723647311e-06 1.25044884242698e-06 1.14780013291238e-05 1.07490374261943e-05 1.3021309382566e-05 5.9705474996008e-06 1.06388286269521e-06 4.42060410676959e-07 2.00614898631102e-06 2.54880020236214e-06 7.82941274479754e-07 1.67692885923998e-06 9.74974598833001e-08 3.75740776803468e-07 8.39667193304194e-06 2.84134480637022e-06 2.30032112824574e-06 5.61686943001405e-06 2.24180453756162e-06 1.69409429531697e-05 7.76081350295499e-06 7.27390802239825e-06 6.29629550985555e-06 4.77686931844801e-05 2.48890607110752e-06 1.49978485808333e-06 5.80445992000023e-06 4.85038108877234e-06 8.45330829406521e-06 5.13721132620049e-06 6.79103071661302e-06 7.43458050465051e-06 6.32401589939491e-07 1.75671413700229e-06 1.6555092319237e-07 1.78914119430829e-07 6.38544278785957e-08 5.90323995552922e-07 4.69735211083844e-07
4.90714318175378e-06 3.69343478041628e-06 4.10544739892771e-07 9.40927151305004e-07 1.6452696485203e-06 4.37595542734925e-06 3.68074327070644e-06 1.82838635737426e-05 1.88993629706147e-06 2.5361013086922e-06 1.92483233547591e-06 2.25819699437579e-06 2.01665978067922e-06 9.00340472043126e-07 8.59182337364928e-07 1.88917684624812e-06 1.27024368481443e-06 2.37903934987571e-06 4.75962051993406e-07 7.26135321116317e-07 2.09809655018489e-06 6.20084604747717e-06 2.97086269540614e-06 2.19841334967441e-06 1.34704805674346e-06 3.60792888898231e-07 5.61334891813203e-06 7.0175393716454e-06 6.22910499714635e-06 9.52482150751166e-06 9.28459221540834e-06 6.12861812783194e-06 1.37990099489116e-06 1.26211114235275e-06 5.30687598256918e-06 4.98036700378179e-06 5.28200843632476e-06 1.96439211322286e-05 9.44945807646036e-07 1.40146246963013e-06 2.30777089171852e-07 1.31468322672745e-08 1.48818689638119e-06 9.14989888656237e-07 9.32446563695066e-07
6.65206459871115e-06 4.9097251803687e-06 1.54461566523878e-06 2.66374677266867e-06 5.92632321740893e-06 7.3315272175023e-06 1.1483158516512e-06 3.93520241459555e-06 1.84396756708338e-06 2.31326368123064e-06 8.14155839634623e-06 3.51006398773279e-06 1.10492384692407e-05 1.48008541458466e-06 3.54818923256062e-06 1.10023912839097e-05 2.30565885317446e-07 1.9344075326444e-06 8.62177816429721e-07 8.90609435799661e-07 5.65033375892199e-06 9.4661474008717e-06 6.90120244826176e-06 1.93549027756035e-06 1.87576347059348e-06 2.68030610186543e-06 2.01148772873694e-06 9.78179282355995e-06 9.54593181177188e-06 1.33032569010538e-05 1.15629843094212e-05 1.05951712271235e-05 1.3164964502721e-05 3.87118357139116e-06 9.80892099278208e-07 2.02639371877922e-06 2.31073701684181e-06 7.60485628461538e-06 9.05234903711971e-06 6.13478883337848e-06 1.78565412589649e-07 1.277398325783e-07 2.60820578148468e-06 4.99774370332773e-08 2.21535858457855e-07
5.94384382566204e-06 1.20426107343974e-06 2.86276797396567e-06 7.28074360267783e-06 9.59553042321204e-06 5.31120491586989e-07 4.28010832820291e-06 6.67617507588147e-06 1.25707746747139e-05 2.50433892006186e-06 1.05864827219193e-05 1.41975569931674e-05 1.70900265402452e-05 1.69644406184943e-06 7.76785975631356e-07 2.196089451445e-06 5.27627586421886e-07 8.00345553670923e-06 2.4303126480163e-06 1.3762038065579e-06 8.50218955292803e-06 7.95414790673021e-06 1.35290409389199e-05 7.8739328159827e-06 8.56103842039602e-07 6.13455829068243e-07 2.78630811578751e-07 9.64609618847589e-07 6.26650539743423e-06 1.70578138522615e-05 1.6304097948705e-05 2.96711472856259e-05 9.7887810852626e-06 6.52119340429635e-06 9.74012606036467e-07 1.34077441913405e-06 1.6905755764185e-07 3.55381421854872e-06 1.42652018411127e-06 5.48271214029228e-06 7.72503552752823e-06 6.81474791974779e-07 4.34282657124641e-07 2.14293621638717e-06 2.77482300532483e-06
4.30538293585414e-05 4.56949010185781e-05 1.89891920854279e-05 2.93704459863875e-06 1.61983194857385e-06 5.76302156787278e-06 3.24741244526194e-06 5.84012291255931e-06 6.71933194098528e-06 1.73359326254285e-06 1.88850453355371e-06 3.66442499171171e-06 5.43990964843033e-06 4.21726800823308e-06 3.6722234312947e-06 1.96018344240656e-06 3.56169532267359e-07 2.82621704172925e-07 7.18115481959103e-06 3.27715549133245e-06 9.14781996641523e-07 2.12406295929668e-06 1.01949745726415e-05 8.60977600041224e-06 3.21259150268816e-06 1.97080914574599e-06 2.78444737844552e-07 2.63691887880668e-07 9.8799911114611e-07 3.59615584670792e-06 9.8224100383959e-06 1.23273237250032e-05 3.43158095347462e-05 2.60517876540689e-05 1.05916556549346e-05 2.92480953945073e-07 2.5354883774753e-06 2.7660508834515e-07 5.21907732036198e-06 4.59563009940212e-06 4.98905137646943e-06 5.91318972453792e-07 1.60798765307391e-06 3.39650666347779e-07 3.13967645979574e-06
7.39564649848035e-05 2.7357951967133e-05 2.85391798570345e-05 1.592375861037e-05 4.92973861128121e-06 2.41656936168511e-06 4.71293762984715e-06 1.40036114260056e-06 3.84164581390678e-07 2.03610234734697e-06 6.05811933951372e-07 8.75064382910296e-07 7.73585514934894e-07 1.01942211472306e-06 9.08733699134245e-07 1.4612598192798e-06 3.28846885366829e-07 2.88075055010495e-07 9.70773901372013e-06 2.46566734176668e-06 1.16751599144038e-07 3.10000138767919e-06 1.06882585669155e-05 9.73056133943828e-06 9.9024609994558e-06 6.95505835892618e-06 9.52198450221431e-07 8.01555678719979e-08 2.58431275490523e-08 1.93848633145421e-07 8.33608562516019e-06 1.60648246037454e-05 1.52058816865974e-05 1.87441061143545e-05 1.81625313189215e-05 2.17332051306585e-05 1.71073618275841e-06 2.07906599314356e-06 3.19998168407665e-07 1.36685569486872e-05 9.06311230153278e-07 2.49541684524957e-06 1.88222260248949e-06 5.59236484320991e-07 1.07780535216762e-06
4.56951440355624e-05 0.00022763675369788 0.000156806418817723 1.82149866759573e-05 5.78010054596234e-05 1.04047766399162e-05 7.53210545099137e-06 6.98297326380271e-06 2.63724585352065e-06 5.84370478691198e-06 1.22884432585124e-05 8.43611205709749e-06 2.75570331496056e-06 8.03270258984412e-06 1.17293262889007e-06 1.20723652941024e-06 2.32522949659142e-06 1.55827515300189e-06 1.0454710857033e-07 2.71202296175943e-06 5.3436948178387e-06 6.24879982069615e-07 7.96460965801771e-07 2.73573235745062e-06 1.86975487167729e-05 7.08993871967323e-06 6.53472613976191e-06 1.02822434655536e-07 6.18861326628917e-08 2.93956956340935e-06 7.20233431366069e-06 6.67985874542865e-06 7.16844230055358e-06 6.93268367513156e-06 2.52449332492688e-05 2.73642935553653e-05 1.74812708024774e-06 2.41502546316497e-07 1.45977228527272e-08 2.69681031994651e-07 1.03788705416719e-06 5.48177039760844e-08 4.45346357125231e-07 3.0700179422638e-06 1.37449580162041e-08
8.09596422186587e-05 0.000110821439375286 0.000291794965596637 5.92804800362501e-05 0.000210594558302546 0.000222825192395248 7.20339879990206e-05 4.34652544754499e-05 2.46156978391809e-06 1.5247734438617e-06 2.142290975371e-06 3.65422537242921e-06 9.95594473351957e-06 7.82632218943036e-06 4.59159669503606e-06 2.66333553327058e-06 5.0217997454638e-06 1.40775248951286e-06 7.99040546439755e-07 4.3056344480874e-07 7.10562314054641e-07 7.60327461080124e-07 4.69795278945639e-07 9.9806752814402e-06 3.59544696948433e-06 7.24800527223124e-06 1.96347787948525e-06 4.51641716026074e-08 3.57585258115023e-07 1.40778210607095e-05 3.15432855018116e-06 3.81065368060263e-07 2.2132530403951e-06 5.07071088122757e-06 1.08522564005398e-05 3.3186637210747e-06 1.4776529781102e-06 1.54395496281268e-06 5.78077197133098e-06 1.35701619399242e-06 3.96361239296539e-07 3.20382834928523e-08 4.81523267694683e-06 1.37783712617079e-07 6.97029345353428e-10
0.000188485751277767 0.000209453188290354 0.00011979036644334 6.56370686556329e-05 5.09857766701316e-05 0.000287567629129626 0.000268139824765967 0.000155727055243915 5.78416019152428e-06 3.48351868524333e-05 4.3329684785931e-06 1.07499391788224e-06 1.01705539279351e-07 3.2751261542785e-07 2.47050247281777e-07 3.25481241958414e-07 3.95021260146677e-07 7.90972827680036e-08 4.94324240918331e-07 5.93323663622414e-07 2.88629699412013e-06 2.26883968821312e-06 1.19867951980268e-05 3.0833883829473e-05 3.11183359968936e-07 2.46388498226224e-06 3.4216205847315e-06 6.68022357430686e-08 3.33395566656236e-06 1.93959088505835e-06 5.49542683074833e-06 1.30748909157319e-06 4.42702571490372e-06 3.28690990158975e-06 3.41726940860099e-06 5.97777044504255e-06 1.24354118611336e-06 1.95413154813195e-07 1.66322693985421e-05 1.40839309779039e-06 2.15913611611995e-07 2.54333930627126e-07 1.0122691573855e-09 1.61322464720115e-08 3.56881280083599e-08
