Scripts_&_data/Maxent_result_files_2/B_handlirschianus_3.asc
NCOLS 594 
NROWS 330 
XLLCORNER -15 
YLLCORNER 23 
CELLSIZE 0.166666666666667 
NODATA_value -9999 
[rows 140 to 159 of 330, columns 180 to 224 of 594]
-9999 -9999 -9999 -9999 -9999 -9999 -9999 -9999 -9999 -9999 -9999 0.0054084281087853 0.0850258812308311 0.0447516482323408 0.0594861347228289 0.0549552564509213 0.0514510740526021 0.029953702352941 0.031692839320749 0.0257041297852993 0.0824573752470315 -9999 -9999 -9999 -9999 -9999 -9999 -9999 -9999 -9999 -9999 0.0958426697179675 0.0355095913633704 0.0393219013698399 0.101509298104793 0.0142002809792757 0.0773358577862382 0.103676853515208 0.0552344590425491 0.0549723106436431 0.0609867678955197 0.0663711691275239 0.0129456822760403 0.0163136268034577 0.00999130518175662
-9999 -9999 -9999 -9999 -9999 -9999 -9999 -9999 0.164128847047687 0.0451159034855664 0.063763759098947 0.0528688339516521 0.0444624258205295 0.0334361894056201 0.0369208609685302 0.0296389278955758 0.0335169326514006 0.0378690620884299 0.0524386452510953 0.0618377516046166 0.0143781992606819 0.00756311505683698 -9999 -9999 -9999 -9999 -9999 -9999 0.178643414750695 0.0922883873339742 0.0214968796819448 0.0931227644905448 0.0651187745854259 0.0948407483287156 0.0219978898763657 0.0367271962575614 0.0245064062997699 0.0529586062766612 0.0835556024685502 0.0408023218624294 0.0289060486480594 0.0298230255953968 0.0108164990786463 0.0539244383573532 0.0409611713141203
-9999 -9999 -9999 -9999 -9999 -9999 0.0192315382184461 0.0717253079637885 0.0296641538850963 0.056293267570436 0.0511685468256474 0.0507015930488706 0.0305955868214369 0.0295814523473382 0.0427655637264252 0.0295970634557307 0.0277223898097873 0.00976534439250827 0.0257505600340664 0.0467121688649058 0.0448275106027722 0.0449656321201473 0.0120148658752441 0.00563418283127248 0.00919959507882595 0.0500678078271449 0.00523113934323192 0.102336492389441 0.0632393734529614 0.0803357217460871 0.060976773686707 0.0833768620155752 0.103040381800383 0.0536918677389622 0.0815826060250402 0.018386794347316 0.0323040970601141 0.0104613864328712 0.0239472042769194 0.0767125131562352 0.118392080254853 0.0571614239364862 0.0534176014363766 0.093031750805676 0.0466182686388493
0.00123412374086911 0.0433517220430076 0.143123880587518 0.0944519351236522 0.0781845383346081 0.0798044989816844 0.0638650114648044 0.0282034841366112 0.037885032966733 0.0403184812515974 0.0476124312728643 0.0668637365102768 0.0317955952137709 0.0569614632986486 0.0201498524285853 0.0194824079982936 0.0187264315783978 0.0134806734509766 0.0588796857744455 0.0461152262985706 0.0718204970471561 0.00955711508868262 0.0421507731080055 0.00254123762715608 0.012859723251313 0.00690271321218461 0.0165187192615122 0.0130011218599975 0.0176047088578343 0.0388895549811423 0.0667258181609213 0.0239354440476745 0.0542747095227242 0.0269604647532105 0.0214673745445907 0.0373869095928967 0.00310408789664507 0.0146695828996599 0.0598600070923567 0.0648244429379702 0.395260579884052 0.0690949505195022 0.0408166804816574 0.0193608635570854 0.0166781429201365
0.0571402187459171 0.0845403834246099 0.0470065866596997 0.0384667018428445 0.0465841248631477 0.0536764287389815 0.0367038822732866 0.0390310031361878 0.0447194153442979 0.133074186742306 0.0551774794235826 0.0511828415095806 0.0219479777850211 0.0190295425243676 0.00705329296179116 0.0187468117102981 0.0281811584718525 0.0257549926638603 0.00386528525268659 0.0204165451228619 0.068109530583024 0.0656915812753141 0.0169742132071406 0.0118142079561949 0.00368209545267746 0.0178826136514544 0.0261051705107093 0.0167081178165972 0.0143883870041464 0.0563283330760896 0.112875156849623 0.0483257111161947 0.0756760194897652 0.0774391299113631 0.0617489948868752 0.171819009631872 0.0262900940142572 0.0100066638318822 0.00707951603690162 0.0179701136890799 0.0226432059891522 0.00578936812235042 0.0296946957707405 0.11517919190228 0.0294367973227054
0.0606436777859926 0.0735038695856929 0.0668607611209154 0.057103621866554 0.0981760524213314 0.0999389093369246 0.0835250744596124 0.0399592069908977 0.0626915684901178 0.0533654436469078 0.138066279143095 0.024072484113276 0.0318079199641943 0.0342582631856203 0.0281491866335273 0.0549227233044803 0.00796288715209812 0.0162991133984178 0.0129087680950761 0.0110552275087684 0.0183336542686448 0.0355815041810274 0.0495155286975205 0.0128078531939536 0.0173665604786947 0.0478386679664254 0.0099846598925069 0.0197206693701446 0.0418651601299644 0.0291947953402996 0.0487921543419361 0.0358581453561783 0.0159040126483887 0.0423055302351713 0.0119461951777339 0.0544740247540176 0.014624001388438 0.00227638715296052 0.0163766464916989 0.0135751443915069 0.135544937103987 0.075176403298974 0.0380934754386544 0.0333992397878319 0.0262519858777523
0.0563698469661176 0.0248341996222734 0.0550722741521895 0.0710399767383933 0.0845525328069925 0.0571288047358394 0.0450520150363445 0.184623281657696 0.0496181629598141 0.0588067337870598 0.0353274429216981 0.0293081738054752 0.0520849077962339 0.0713307114318013 0.0666432604193687 0.0126225573942065 0.0110979397781193 0.0208013698458672 0.0185308631975204 0.013560019666329 0.0298411976546049 0.023728415556252 0.0121183982584625 0.0491449936293066 0.0260716105811298 0.00448789645452052 0.0343464673962444 0.00665491328109056 0.0689485630020499 0.0581050884909928 0.0798408480361104 0.0443866929039359 0.198744533210993 0.0213451178744435 0.00549537048209459 0.058654666133225 0.0515457011759281 0.010286361258477 0.0149416434112936 0.017271665437147 0.0404595302417874 0.0186235921224579 0.0487868894822896 0.028219766356051 0.068977870233357
0.0266320673748851 0.0779255186207592 0.0646406464278698 0.0232016164809465 0.0973989304155111 0.0790619179606438 0.0359787402674556 0.0262366387993097 0.0384019704535603 0.018078135419637 0.0274447308853269 0.0394540321081877 0.0778665976598859 0.030069528426975 0.0238517469959334 0.0579164418391883 0.0125936496537179 0.00785639316309244 0.0428355883806944 0.0112470386084169 0.0391958043910563 0.0369085900485516 0.0145070241764188 0.0099967110902071 0.00708482610061765 0.0562297729309648 0.0253290784545243 0.0789014742709696 0.0212547226808965 0.0310177808627486 0.029950852971524 0.0157362611033022 0.0599020034074783 0.0283417946659029 0.0352556234225631 0.0226631503552198 0.0181762834079564 0.021452304860577 0.00650372945237905 0.018793620262295 0.0194809948792681 0.0144993286579847 0.011100680520758 0.00901405340991914 0.0118204024620354
0.0127822754438967 0.0690543929114938 0.0917327489703894 0.0493004763498902 0.0390459133312106 0.0199880364350975 0.0238381339237094 0.058398318476975 0.042728278785944 0.0382844421081245 0.0170455857878551 0.0277344630099833 0.0457521677948535 0.0247121434658766 0.0135648821713403 0.021861113794148 0.00945345452055335 0.0280389695428312 0.0168583915103227 0.0158859731629491 0.00936703155748546 0.00888269157148898 0.00450497514684685 0.0179214474745095 0.034130309196189 0.0493373872712255 0.0181068111211061 0.0218810332007706 0.0306889019906521 0.0653826682828367 0.0440541797317564 0.0362866093404591 0.0421276875771582 0.0101017844863236 0.0260319337248802 0.0322442713659257 0.0249733376316726 0.0219475532183424 0.0205968473106623 0.01409640989732 0.013995183352381 0.0306849168147892 0.0225908778607845 0.0223361329175532 0.0286885941401124
0.0688197016716003 0.0653030595742166 0.0196801289916039 0.0394106620922685 0.0249001283198595 0.0470919951796532 0.0332430455833673 0.0338498704135418 0.0358258800581098 0.0380561174824834 0.0236400125082582 0.0435273140668869 0.0401839308906347 0.0355482880491763 0.0332255977671593 0.0340240038000047 0.0152728260261938 0.010865463456139 0.0231204109441023 0.00929703491274267 0.0190628612879664 0.0237577297491953 0.041088027972728 0.0369436719920486 0.0588922447524965 0.00916455066762865 0.0149743434973061 0.063115228805691 0.0280030106194317 0.0386560098268092 0.0325628879014403 0.0416049340739846 0.0519681056961417 0.00689330748282373 0.00562866297550499 0.0307227064855397 0.0174525572918355 0.0147638369351625 0.0114623233675957 0.0156892315950245 0.00635820748284459 0.00473813887219876 0.0238069453276694 0.0073850620072335 0.082713221386075
0.0318336023017764 0.131910236179829 0.0299013441428542 0.0569905661046505 0.0368485348299146 0.0371591107919812 0.0296106819994748 0.0190888335928321 0.0323623511008918 0.0583993375301361 0.0190149245318025 0.0424774931743741 0.0401056033559144 0.00518218040815555 0.00803117393516004 0.00650229905731976 0.022066717222333 0.010038073756732 0.0142678519245237 0.0355284402146935 0.0135221723467112 0.00606257084291428 0.00651716294232756 0.00997735536657274 0.0245380071224645 0.0350807121023536 0.0461146551184356 0.0310363719705492 0.0105699151288718 0.00664621638134122 0.0107225993648171 0.0107998454477638 0.0341663599945605 0.0189594129100442 0.00353573235915974 0.003475047275424 0.0191010185051709 0.0179904924705625 0.0140373389236629 0.0050497570540756 0.00645809995476157 0.015554208913818 0.0223638201132417 0.00850241002626717 0.00692818956449628
0.0298317187465727 0.0393005247227848 0.0288812608458102 0.0176102603785694 0.00951686450280249 0.00834023774368688 0.00651807221292984 0.00843008849769831 0.0106390478555113 0.01875429013744 0.0207267943769693 0.042446393892169 0.0350636946968734 0.0392245472408831 0.0200301120057702 0.0115101192612201 0.00802792570320889 0.0106517603853717 0.00294334140489809 0.0191561670973897 0.0154817951377481 0.004258584510535 0.00495391967706382 0.0287786099128425 0.0354078056290746 0.0250699419062585 0.0502171008847654 0.0166784775443375 0.0064825979527086 0.00909648253582418 0.00938586392439902 0.00871390928514302 0.0381075724028051 0.0251259989105165 0.00541343714576215 0.00421154794748873 0.0175074727274477 0.0187105677323416 0.0178759242873639 0.0105739648919553 0.00909788040444255 0.0159833425655961 0.00947429332882166 0.00486643430776894 0.0108863418921828
0.0144854871090502 0.00914243767037988 0.0135792947839946 0.0211364555172622 0.0399160497821867 0.0184869209304452 0.0449926572851837 0.0594929135404527 0.0235171611886472 0.00910351130878553 0.00714682351099327 0.0230035504791886 0.011077617155388 0.0360869894269854 0.00672026234678924 0.0352696439251304 0.0321123534813523 0.00304871601983905 0.0195778466993943 0.0108510375255719 0.00200286036124453 0.002159404149279 0.00465595026034862 0.00970159885473549 0.0508224230259657 0.0405634690076113 0.0234121952205896 0.0162889085710049 0.00664783257525414 0.00726676820777357 0.00533472308889031 0.00577716659754515 0.0126667391508818 0.0171714362455532 0.0115444239228964 0.00980957283172756 0.00378031223081052 0.0108833961654454 0.0151921507436782 0.0154827274382114 0.0212510672397912 0.0170698811300099 0.0256434174720198 0.0388944494538009 0.0191140444949269
0.0343428891152143 0.0352247193455696 0.029387039784342 0.0212781266774982 0.0180709796026349 0.0181560437195003 0.0173664015717804 0.0193404444959015 0.00687880553305149 0.00959385582245886 0.0295637520961463 0.0176026200176238 0.0264252591878176 0.0172205572482198 0.0268099847249687 0.0159505398478359 0.00717908153310418 0.0175978314131498 0.0518148830160499 0.0141991453710943 0.0465032791718841 0.00816797914449125 0.0011416913184803 0.00433340157615021 0.00739823989570141 0.00544236861169338 0.0342582655139267 0.0217011946253479 0.0324133615475148 0.010932479321491 0.00806308665778488 0.00402215800713748 0.0182345873210579 0.0104997467016801 0.00437841650564224 0.00328195596812293 0.00633220558520406 0.0179337207227945 0.00964101394638419 0.0152303160168231 0.0134749790653586 0.00787163444329053 0.0231563822366297 0.0158246178179979 0.0102621287573129
0.0305137800052762 0.0187497118487954 0.0214530081488192 0.0532046909444034 0.0428107406012714 0.0650392942130566 0.0210464688017964 0.0174848502967507 0.0197400668635964 0.00440739174373448 0.0293155298102647 0.0163157497998327 0.0143468668335117 0.00809427686035633 0.00958489463664591 0.00923178442753851 0.00603926866315305 0.00138502669287845 0.00815554233267903 0.0213608422316611 0.0101919779088348 0.0349201426375657 0.0128992034588009 0.00771174211986363 0.00623584818094969 0.0106199120171368 0.0159255855251104 0.00728696710430086 0.00535989357158542 0.00505734491162002 0.00464985214639455 0.028093770891428 0.0401628147345036 0.0260272951796651 0.021351334406063 0.0474221580589983 0.0225994647452353 0.0180790038313717 0.0247999156825244 0.0291158481035382 0.011513746669516 0.0101542751304805 0.0093285103328526 0.0155327775515616 0.00737621830776334
0.0188237151131034 0.0179541997611523 0.0136919521726668 0.0393289112485945 0.029801847692579 0.0176582334563136 0.0303627191111445 0.0193799651227891 0.0073646220844239 0.0081494677811861 0.00237280147266574 0.0127890830393881 0.0299791187979281 0.0225865948013961 0.0292616396676749 0.0266759838908911 0.0210025057196617 0.0109682800481096 0.00912248212844133 0.0166433822363615 0.0369309484958649 0.137487735599279 0.0102749221026897 0.00487032125238329 0.00568478354252875 0.00837478521279991 0.00630766353569925 0.00352687285630964 0.0175700367428362 0.00246577340876684 0.0363217821344733 0.023643605504185 0.0426030614413321 0.0474927798844874 0.0402455203235149 0.083044845983386 0.0132173216785304 0.00408273424836807 0.0194804586470127 0.0236964948941022 0.0206687065772712 0.0114120195619762 0.0234964327886701 0.0482369482517242 0.0100534118246287
0.0113395477179438 0.0152484155260026 0.0250264580827206 0.0184994381852448 0.0217429560609162 0.00865386419463903 0.0366500657051802 0.017247823253274 0.0374185174703598 0.0307953324168921 0.0160175075288862 0.00652930357027799 0.0215805311687291 0.0130570045672357 0.0217069940175861 0.0171570387203246 0.00876781214028597 0.0292996184900403 0.0240533569827676 0.0247208239510655 0.0117517590057105 0.00874098297208548 0.0840165929868817 0.0477248811163008 0.00851214560680091 0.0405981429852545 0.0372643992770463 0.0183569811284542 0.0347156971693039 0.0278048675972968 0.0229370559565723 0.0450983457267284 0.0471360938157886 0.0301178243476897 0.0451694793999195 0.0510915437713265 0.0111842976883054 0.0195160743780434 0.00803734200308099 0.0308723381720483 0.0147211000788957 0.00838524028658867 0.0203949030488729 0.0305336895398796 0.0216136081144214
0.0350815476849675 0.0151958827860653 0.0352685950696468 0.054281812440604 0.0294105843640864 0.0232988099567592 0.0262545214034617 0.0407068192027509 0.0256254519335926 0.0379917753394693 0.0118776207789779 0.0131943266838789 0.00755441992077976 0.0118827101308852 0.0271247657947242 0.0377682994585484 0.045955247990787 0.00605426002293825 0.0255963500589132 0.00559536200016737 0.0061851208563894 0.013057880429551 0.023774391412735 0.0404482178390026 0.0244254553690553 0.0558415156789124 0.0496621173881067 0.0480406130198389 0.0493356761522591 0.0460528925992548 0.0144473817199469 0.0236357115209103 0.0129528163000941 0.00785484155640006 0.00955637483857572 0.00580914611928165 0.0455172419082373 0.0287076975218952 0.0327955124899745 0.0226680099032819 0.0137211845256388 0.00700993556529284 0.0287125970702618 0.0287141665816307 0.00982387578114867
0.0359079895541072 0.013143834611401 0.0690842537209392 0.0399740831926465 0.107254840433598 0.0465542620979249 0.0389095627702773 0.03320502480492 0.0263387995772064 0.0257476270664483 0.032523987442255 0.0190083466470242 0.027815290633589 0.0140526352915913 0.0202171547804028 0.0289725994691253 0.0130677757086232 0.0320286032743752 0.0361237741075456 0.0304141225293279 0.0413238979876041 0.0145325573626906 0.0505831112153828 0.0497113819234073 0.0558129518292844 0.0373025994747877 0.0417029143311083 0.0334358085878193 0.00696887546218932 0.039087562635541 0.0244073189096525 0.0395776813849807 0.0328642197418958 0.0419818686321378 0.0596855896525085 0.0554190146736801 0.0434602728579193 0.0411553047131747 0.0173125497996807 0.0220361162908375 0.0188360523898154 0.0205763598904014 0.0356149114668369 0.0105078574968502 0.0346776668448001
0.0185479056090117 0.0211762903258204 0.0663013617508113 0.0217609835322946 0.013425497431308 0.0216093334369361 0.0382403671741486 0.036910021211952 0.0163750342559069 0.0279032161459327 0.0294269148726016 0.018654307583347 0.0219165298622102 0.0203484979458153 0.0349667342379689 0.0181613466702402 0.00917846840457059 0.0287929680198431 0.0431749698705971 0.0236453426536173 0.0387403015978634 0.0460156109184027 0.0418483818881214 0.033605480613187 0.0362308430485427 0.0340340416878462 0.0531104300171137 0.0115531929302961 0.0304191714152694 0.108886218070984 0.0429458897560835 0.0439653841778636 0.0405928497202694 0.0409522178582847 0.00752071695169434 0.0309295257553458 0.0573606471996754 0.0438385682180524 0.0380562916398048 0.0292158212512732 0.00356819466687739 0.0351384395733476 0.0379355352371931 0.00407910901121795 0.00915416630450636
