Scripts_&_data/Maxent_result_files_2/B_handlirschianus_3.asc
NCOLS 594 
NROWS 330 
XLLCORNER -15 
YLLCORNER 23 
CELLSIZE 0.166666666666667 
NODATA_value -9999 
[rows 140 to 159 of 330, columns 225 to 269 of 594]
0.0115745054092258 0.013661986682564 0.0314968964084983 0.0122078739106655 0.0175781237892807 0.0376422212459147 0.0233774642925709 0.0663049276918173 0.0328766593709588 0.0471305496990681 0.0172263279557228 0.0789324727840722 0.0324622080661356 0.0267837747000158 0.0245082511566579 0.0534045018255711 0.0680700797587633 0.0609699653461575 0.0565558949485421 0.0295957698486745 0.0755412373691797 0.0712736652232707 0.0148581545799971 0.0248027578927577 0.0854008841328323 0.0368256621062756 0.088434686139226 0.0224148535169661 0.0245618000626564 0.0432873951271176 0.0348474434576929 0.0370953249745071 0.0641105089336634 0.0349821063689888 0.0412907717749476 0.27988354191184 0.103412876278162 0.0420020467601716 0.0616035453975201 0.0493469718843699 0.0139904882176779 0.051736337156035 0.0512473334558308 0.0621705362107605 0.0486116733402014
0.040916888602078 0.304592940211296 0.00657316548749805 0.0139582224190235 0.00892500691115856 0.0191418198868632 0.0176424729637802 0.00569429905153811 0.0213365497998893 0.0654110595583916 0.0487225484568626 0.0483601153828204 0.0413810107856989 0.0363138543441892 0.0443406442180276 0.0322906130924821 0.0613249603658915 0.0651322270743549 0.0713114936836064 0.075915393140167 0.0483090275898576 0.0660655081272125 0.0561853244900703 0.0963001566007733 0.0259924187324941 0.0306144773960114 0.123545296490192 0.128929764404893 0.0659962177276611 0.0349282200448215 0.0307477331720293 0.0176798710599542 0.054660476744175 0.0383385477587581 0.0196879443945363 0.0111149380914867 0.0392427375540137 0.0354735001921654 0.0251479895785451 0.0643388580530882 0.0560596476309001 0.0279947359114885 0.0452535590156913 0.0419538291171193 0.00954201989807188
0.0497909677214921 0.0742213159799576 0.0251571007072926 0.0177021306939423 0.00969715332612395 0.00565642185974866 0.0691805832087994 0.213453447073698 0.0871967360377312 0.0334162205457687 0.0508548188954592 0.0329991826787591 0.0169882775051519 0.0389759724959731 0.0850813817232847 0.0701396325603127 0.0446052708197385 0.0777495040558279 0.0429159922525287 0.0428954998031259 0.0804513135924935 0.0774678435176611 0.0529287073761225 0.036655804887414 0.0222648534923792 0.0436891490127891 0.0535882975906134 0.0477753528393805 0.0273341193795204 0.0293942639604211 0.0356072789058089 0.0598787291906774 0.024816074129194 0.0141879761591554 0.0172096547670662 0.0156399404630065 0.0155002448242158 0.0450298701412976 0.0171116821933538 0.0491106329485774 0.0550098666921258 0.00445212587947026 0.0446003013290465 0.0022208409733139 0.048512771865353
0.0241423373110592 0.0190911795012653 0.205047665536404 0.0271369449794292 0.0234382668510079 0.0162018996896222 0.0217235474847257 0.0243274871259928 0.0240069524385035 0.0245219443924725 0.0207034529186785 0.0176098430296406 0.0476189373061061 0.0427398657426238 0.0777061823755503 0.0150621595792472 0.0656407378613949 0.0804496084339917 0.0913940188474953 0.0587348120287061 0.055873479694128 0.0494552280753851 0.0434762550517917 0.0466775215230882 0.0663451828993857 0.0257148781791329 0.0601397022604942 0.0755347072146833 0.0786216919310391 0.0481311729177833 0.0577587453648448 0.018842702312395 0.00412377784959972 0.0238131862832233 0.0593885964713991 0.0272579189389944 0.0281607881188393 0.0104256680235267 0.0149264726787806 0.015139564871788 0.0531271185725927 0.00922117962036282 0.0140894358046353 0.00849403426982462 0.00676888562738895
0.0678512629121542 0.0184937126003206 0.0467426013201475 0.0159101840807125 0.00587065892759711 0.0212469630874693 0.0155245894799009 0.03064198307693 0.060915063880384 0.0335310771130025 0.062705036252737 0.0860313721001148 0.0482709998264909 0.095410378370434 0.0273381112143397 0.041878107143566 0.0851286603137851 0.0420563374180347 0.0847597012296319 0.0536656185984612 0.0689445145428181 0.0453335152938962 0.0885541167110205 0.129462534189224 0.0634629465639591 0.0429049868136644 0.069558029435575 0.0512590163387358 0.0193268016446382 0.0655931902118027 0.0181204882350357 0.0201714544789866 0.00480548699852079 0.0726650878787041 0.0336568495258689 0.0150174612179399 0.0275033424608409 0.0305028900504112 0.0226645656861365 0.0306896313093603 0.0524993740022182 0.00777129279449582 0.0081010386813432 0.026395748089999 0.0460527552291751
0.0756664454936981 0.0202964981552213 0.0476120752282441 0.0290790715254843 0.0334998557344079 0.0520438656210899 0.025433595944196 0.0648834228515625 0.050340988766402 0.0118620118126273 0.0288364832289517 0.052177570015192 0.0874658270739019 0.053693672362715 0.0826677114702761 0.0779710767790675 0.0961581962183118 0.0616647075861692 0.0650308649986982 0.0624044505879283 0.0792836831882596 0.0752894846722484 0.0431432390585542 0.0541861567646265 0.0347199663519859 0.0279861568473279 0.0561802092008293 0.0383522816002369 0.00925289602018893 0.0133337671402842 0.0195085788145661 0.025582059007138 0.00811881832778454 0.0105917505687103 0.00865574351046234 0.0167248732876033 0.0271492295898497 0.0352054512128234 0.0203153009992093 0.036841131048277 0.0272397233173251 0.0157506362535059 0.0303328749723732 0.0319965612143278 0.0470519789028913
0.057705254945904 0.0344185461290181 0.0516828743740916 0.0186717748641968 0.0329190084710717 0.0188325718045235 0.0397500845603645 0.0458154795691371 0.0847020037472248 0.0132364959456027 0.0483182196505368 0.0503896286711097 0.0377074736170471 0.0936839673668146 0.0411187238991261 0.0766106023453176 0.05359977632761 0.0442371575161815 0.0549496956169605 0.109102195687592 0.0655202623456717 0.0115999116096646 0.046910704113543 0.0406656712293625 0.0506643765605986 0.0426559990271926 0.0307452790439129 0.0486441425979137 0.036361126601696 0.0420985979959369 0.040544746350497 0.0503613909706473 0.0111864373553544 0.0181035200599581 0.0286477905698121 0.0144524328410625 0.0265279876999557 0.0269511750899255 0.0172123133670539 0.0189763165079057 0.0414575303439051 0.0555555660277605 0.0841796949505806 0.0217362221330404 0.00461658507119864
0.0486577484756708 0.0159724931232631 0.00218852560501546 0.00992704113014042 0.0476573877036571 0.0844144869595766 0.0569108908995986 0.014972220081836 0.0194315643049777 0.0100652914028615 0.0194075137376785 0.0469464712776244 0.0279056224040687 0.0382517598569393 0.0388510068878531 0.0618420548737049 0.0434637762606144 0.0316017632372677 0.0593810349702835 0.0810149691998959 0.0625256016850471 0.0215855601243675 0.00964778452180326 0.0217207261361182 0.0174846902489662 0.0689983179792762 0.0358054459095001 0.0578848370350897 0.0475444705225527 0.0151602955069393 0.0166816939134151 0.0299947704188526 0.035649873316288 0.0260473445057869 0.0150934129487723 0.0449063522741199 0.0101004477823153 0.0138052510097623 0.0282135052606463 0.0288049828261137 0.0371330472175032 0.0450715165585279 0.0355837678536773 0.0658372607082129 0.0182227688841522
0.0314717997564003 0.05045619700104 0.0163915194803849 0.0295506086200476 0.0347008236683905 0.110186254233122 0.0305510975420475 0.0482004273682833 0.0338656360283494 0.0436953440308571 0.0218729077838361 0.0714008113369346 0.0529715349897742 0.0108569339383394 0.0156015345826745 0.0670156382024288 0.0496542830020189 0.0694647394120693 0.0467568954452872 0.0917769164778292 0.0128693411126733 0.00361809821333736 0.00992780793458223 0.00989374327473342 0.010005021141842 0.0234892345033586 0.0446225782856345 0.0170125855598599 0.0296643895562738 0.060339879244566 0.0297367616556585 0.0241088783368468 0.0279736576601863 0.0151627557352185 0.013815449224785 0.02558873295784 0.0293312229216099 0.0119203347712755 0.0165611328789964 0.0323552284389734 0.0262914678547531 0.0502180757466704 0.00688043120317161 0.0203767722006887 0.0255151864141226
0.0671830860897899 0.0156802407465875 0.0181599629111588 0.0584173456765711 0.0535192385315895 0.0277410937473178 0.0368698790669441 0.0302916491404176 0.0503710137680173 0.0429422618821263 0.0256973332725465 0.0301588687114418 0.0714455212466419 0.0137515555368736 0.0332614875864238 0.0391891825012863 0.0877130361273885 0.0599760450422764 0.085318910330534 0.0985222291201353 0.0549934113398194 0.0690605623647571 0.0142647658707574 0.00785740008577704 0.00965246534906328 0.0130400150548667 0.0426653129979968 0.00730983023531735 0.00850626546889544 0.00769895166158676 0.0157175285741687 0.0394484791904688 0.0290055631659925 0.0246480050496757 0.0227786245755851 0.0299380509182811 0.02545867851004 0.0224126421846449 0.0292265692725778 0.0341768374666572 0.0175476618576795 0.0377051517367363 0.00637947716750205 0.0257476499769837 0.01527223684825
0.0193935020826757 0.0116013894788921 0.0408681853674352 0.0237472534179687 0.0188371445983648 0.0628315627574921 0.038334490172565 0.0283632904291153 0.0213238482363522 0.0292681505903602 0.0282560729421675 0.0347730603069067 0.0569815290160477 0.0618509250693023 0.0510551055893302 0.0172037976793945 0.0538920868188143 0.03822768535465 0.0341009581461549 0.0268552345223725 0.0481863563880324 0.046744769345969 0.0104567559203133 0.0441443024203181 0.0550319967791438 0.0652025127783418 0.238075293600559 0.0611581262201071 0.00873517314903438 0.0086959136184305 0.022850591596216 0.0199994062073529 0.0132885778089985 0.0237008538097143 0.0444854896515608 0.0273879945278168 0.0278874175623059 0.0229135558009148 0.025066820345819 0.0467636283487082 0.0250965686514974 0.0252924039959908 0.0486706733703613 0.0366433889605105 0.046786882262677
0.00985497999936342 0.0712687501683831 0.00979675184935331 0.0254480277188122 0.0228116539306939 0.0116760160773993 0.04697351064533 0.141395597904921 0.0882845569401979 0.030549138225615 0.0302775498479605 0.0442531602457166 0.0377259812317789 0.0453481610864401 0.0311303842812777 0.0525485439226031 0.054627250880003 0.0770199257880449 0.0452918922528625 0.0495047617703676 0.113936174660921 0.0402379598468542 0.131465578079224 0.0427131455391645 0.0359451499767601 0.120218182727695 0.0317995855584741 0.0338872326537967 0.0563917328603566 0.113141912966967 0.027375752478838 0.169842914491892 0.0366492910776287 0.00915517786052078 0.0537246514111757 0.0308474872261286 0.0325297248549759 0.0278528917580843 0.043397586978972 0.025569970626384 0.0236979901790619 0.0272603498771787 0.0215179496444762 0.0195976397255436 0.0453366097062826
0.0223261628299952 0.0239793470595032 0.0585875631310046 0.0725013631395996 0.0785866267979145 0.0412612434476614 0.0340003462508321 0.0496619772166014 0.0735077988356352 0.0227832911536098 0.0579871113412082 0.0199320584535599 0.0120610783807933 0.200453564524651 0.0798907615244389 0.0329720398411155 0.0319853683933616 0.0390488150529563 0.0331285450607538 0.30039998292923 0.0462951989844441 0.0436299553140998 0.0421515389345586 0.0652397453784943 0.0350158751010895 0.137160523235798 0.0326773174107075 0.0279617813415825 0.0189580942736939 0.03812639368698 0.0355641460046172 0.0430203901603818 0.0299523185007274 0.0279198918491602 0.0313355913385749 0.0435016532428563 0.0313533411361277 0.0258574080653489 0.0293810452334583 0.0243215447291732 0.0229857053607702 0.0260955690406263 0.0177163782995194 0.0031391903758049 0.0231533014215529
0.0159143982920796 0.014492989750579 0.054860530141741 0.0309076756238937 0.0450568350031972 0.0168912204913795 0.00828111469745636 0.0155882241204381 0.0614276344887912 0.0310113321058452 0.0271357082761824 0.0245852017775178 0.0377669612877071 0.0708829008042812 0.073181080725044 0.133083353936672 0.0627475515007973 0.118252200633287 0.00280795215512626 0.0226533409208059 0.0492178525775671 0.0335747009143233 0.0277642979286611 0.0306780026294291 0.0719599582254887 0.0319149071350694 0.0348704348318279 0.0469190357252955 0.0482501585735008 0.0631167389452457 0.081969160400331 0.0209817909635603 0.189340499788523 0.174815655499697 0.0785696882754564 0.044143483042717 0.0312581018544733 0.017136146267876 0.0357891769148409 0.0256092119030654 0.0263099497184157 0.024678941257298 0.0290853142738342 0.0492883811704814 0.0140687115723267
0.0164986366871744 0.00904264482669532 0.0393187046051025 0.0467310610227287 0.071652708016336 0.0182654949836433 0.00842558201402426 0.00955309318378568 0.0404148150235415 0.0211835366673768 0.0142104553990066 0.0482814720831811 0.0403870937414467 0.0786684482358396 0.0520964758470654 0.0608241274952889 0.0607987223193049 0.0572877164930105 0.054751393944025 0.0429688449949026 0.0583040869794786 0.0515501131303608 0.00626491676084697 0.0520056498702616 0.0577847760170698 0.0377956857904792 0.056639336887747 0.0117409188067541 0.03419145392254 0.0931770566850901 0.0161630027927458 0.0337638551369309 0.00467429901473224 0.0413694491609931 0.0566385872662067 0.0312492555938661 0.0210712990956381 0.0259280068334192 0.00665026754140854 0.0220516841392964 0.0240104146301746 0.0364327454008162 0.0214434044901282 0.0185316194780171 0.0212988132378086
0.00517761011142284 0.00900570759549737 0.0153926050290465 0.0550422271713614 0.05435622157529 0.0503400083631277 0.0518800754100084 0.0640323423431255 0.0238697565626353 0.0436279405839741 0.016025582770817 0.0204024787992239 0.0358602314256132 0.00937817175872624 0.0466458965092897 0.0428349551744759 0.0660144274123013 0.0521328262984753 0.064610402751714 0.0350771355442703 0.0305312148295343 0.0363085699267685 0.0161824299953878 0.00818602726794779 0.0235133435577154 0.0401059258729219 0.0284069205634296 0.00935139609500766 0.0273882229463197 0.0290631704032421 0.0190250216284767 0.0114719862351194 0.0183766013011336 0.0237196698784828 0.0194954023929313 0.00632244641892612 0.0158043525181711 0.0186242076568305 0.00308187851915136 0.0102718427311629 0.0145035511464812 0.0236953061074018 0.0208546193316579 0.02089076731354 0.0213705650065094
0.0352545060217381 0.0347725089173764 0.00881461328826845 0.0398435284383595 0.0531841271556914 0.0468086062464863 0.0379646041430533 0.0902736455202103 0.0367481753230095 0.0396625943481922 0.0127670187968761 0.0541166908107698 0.0557168805971742 0.124001290276647 0.0815439676865935 0.0419341983273625 0.037657830491662 0.0572297723032534 0.0232541509903967 0.0139528029132634 0.00461251593078487 0.00595380763988942 0.0584821589291096 0.0159983846824616 0.0358902513049543 0.0392782820388675 0.0555481813848019 0.00708998423069715 0.0147013964131474 0.0549720091745257 0.070707599259913 0.132531758397818 0.0652019295841455 0.0183844734914601 0.0448642430827022 0.0247853216715157 0.0660473229363561 0.0619841115549207 0.0577238935977221 0.0340124482288957 0.0274589225649834 0.00487401795107871 0.0137073682621121 0.0407642573933117 0.033614410739392
0.0254767881240696 0.010447093192488 0.0419019702356309 0.00855179028585553 0.00742626840947196 0.0372870442457497 0.0310938121750951 0.0278132954612374 0.0329665802419186 0.0405472699552774 0.0311818200629205 0.0472872415557504 0.047563655115664 0.0703160848468542 0.0582866527140141 0.06301677422598 0.0499838302843273 0.0551171442493796 0.0427552117034793 0.0299071768298745 0.0276525580324233 0.0674537532031536 0.0315934373997152 0.0419430525973439 0.0254479529336095 0.0553298179060221 0.031198794208467 0.017105372576043 0.00185225863824598 0.0177645494695753 0.0169208014151081 0.0183992085047066 0.0538024542853236 0.0790957469493151 0.0249169423244894 0.0246621598489583 0.0218725107610226 0.0363361887168139 0.019230846920982 0.0245321763679385 0.0228858430869877 0.0212565791793168 0.0042958349455148 0.0117682599462569 0.0157949131331407
0.0393595048226416 0.00364322578534484 0.0260241290554404 0.0241153459064662 0.00516702090390027 0.0182928812690079 0.0158938474487513 0.122134351357818 0.0287494868040085 0.0314531682059169 0.0349510832689702 0.0528298487886786 0.0593585300259292 0.0515034002251923 0.0479405626654625 0.02618642821908 0.0279585313983262 0.0320094833150506 0.124427785724401 0.0121074344962835 0.0397990375757217 0.0240226504392922 0.0247252560220659 0.0330764457583427 0.049080818425864 0.0168020506389439 0.0500450871884823 0.00649399551330134 0.00735767933074385 0.0482852222397923 0.0282085879705846 0.0120021781418473 0.022618880495429 0.103168807178736 0.0529771471396089 0.0417160114273429 0.0404357379302382 0.034573507681489 0.0865152098238468 0.0931124523282051 0.0319418732076883 0.0513705650344491 0.0417288031429052 0.0183407402597368 0.0100034786621109
0.0308020276017487 0.0365599834360182 0.00313776522525586 0.0248563729925081 0.0175537821371108 0.0186257508117706 0.0229483904317021 0.0897064933553338 0.0253616956993937 0.0358695003204048 0.0216352417133749 0.0308223214466125 0.0556449582800269 0.0120925195980817 0.0829502135515213 0.0388962909579277 0.0577787920832634 0.0470139175653458 0.0476479280740023 0.0441836508456618 0.0644078778102994 0.044051589909941 0.0319266711361706 0.0531223368365318 0.0343366137240082 0.0507471352815628 0.0805052526295185 0.0296089310664684 0.0133276792708784 0.0308483874425292 0.0737123299390078 0.109867260977626 0.072659819200635 0.119662773236632 0.0314063027035445 0.025016915332526 0.0132198289502412 0.0360888857394457 0.134560015797615 0.0654500734061003 0.105629861727357 0.0701924085617065 0.113683870434761 0.0456399612128735 0.0121292388532311
