Scripts_&_data/Maxent_result_files_2/B_haematurus_3.asc
NCOLS 594 
NROWS 330 
XLLCORNER -15 
YLLCORNER 23 
CELLSIZE 0.166666666666667 
NODATA_value -9999 
[rows 160 to 179 of 330, columns 495 to 539 of 594]
9.64082897553453e-05 9.50218285652227e-05 9.49625544308219e-05 9.07836869373568e-05 0.00019472487620078 0.000196215455434867 0.000106691771361511 0.000114251793638687 0.000120638047155808 0.00043975726730423 0.000343661819351837 0.00036062262224732 0.000178992837390979 0.000194694639867521 0.000287361883238191 0.000280281314189779 9.36027656280203e-05 0.000231146333680954 0.000305478344671428 0.000230644729890628 0.000303098336735275 0.00038336184079526 0.000283366957592079 0.000493231685686624 0.000242983301723143 0.000354235641862033 0.000408914714353159 0.000489139076671563 0.00025330205935461 0.000445991978631355 0.000491436880838592 0.000184930306932074 0.000902493004105054 0.000747832874185406 0.00109742483473383 0.000804703883477487 0.000836983855697326 0.000353279246337479 0.000175605365802767 8.04205510576139e-05 0.000178147678889218 0.000151989296864485 0.000172166911215754 0.0001707199280645 0.000172906146326568
0.000100363182536967 0.00021748388899141 9.78062853391748e-05 9.71393308645929e-05 0.000106690805660037 0.000122822896264552 0.000317801654455252 0.000264634541235864 0.000112595795326342 0.000102329183391703 0.000190434387332061 0.000104316213037237 0.000224679172242759 0.000310070610430557 0.000102597491422785 9.92533519820427e-05 0.000274214379896875 0.000340487625362584 0.000426806972245686 0.000159175619955931 0.000352352035406511 0.000283625552401645 0.000230819610442268 0.000318620959296823 0.000235323670494836 0.000495803078229073 0.000464628243935294 0.000289562653779285 0.000442616210784763 0.00047023967053974 0.00064469902717974 0.000673867901787162 0.00108818743610755 0.00075179080304224 0.000854585875640623 0.000192621739188326 0.000789765492663719 0.000211599041722366 0.000193662877427414 0.000178163515738561 0.000183832817492657 0.000173607451142743 0.000191633819849812 0.000170798234466929 0.000152703824642231
0.000120048909411707 0.000119867862667888 0.000112166129292746 0.000118603231749148 0.000120550345309312 0.000128557976677257 0.000127605502711958 0.000119110826926772 0.000111991862286231 0.000117788482748438 0.000111121309601003 0.000106722019336303 0.000202246996559552 0.000194110183292651 0.000113155123472097 0.000115769565309165 0.000118246305646608 0.00010251775602228 0.000164601504548045 0.000453054498939309 0.000495868697180413 0.00049484959745314 0.000491179726668633 0.000333429627062287 0.000214319135193364 0.000505110244557727 0.000439611042384058 0.000633079359249677 0.000364291692676488 0.000653680271352641 0.000747667254472617 0.00064715062326286 0.000653477650485002 0.0006181986478623 0.000905965993297286 0.000872926850570366 0.000542878636042587 0.000204308080719784 0.000178888650407316 0.000177521511795931 0.00019823670227197 0.000256725796498358 0.000256117001117673 0.000213837188857724 0.000214024338856689
0.000142864110239316 0.000123161869123578 0.000123831094424531 0.000125208019380807 0.000130143654860149 0.000133238409398473 0.000130570603141678 0.000119099062249006 0.000113648125625332 0.000101368543801073 6.43141162072425e-05 7.8961261351651e-05 8.33100937597919e-05 0.000111050314080785 0.000112523011921439 0.000108527135307668 0.000103018325535231 9.97266894046334e-05 0.000291970447869971 0.000465405121212825 0.000414141242799815 0.000378796170116402 0.00026918635412585 0.000216949522655341 0.000127285355665663 0.000261140056682052 0.0004572062054649 0.000422274001175538 0.000252989932778291 0.000556954140483867 0.000500289467163384 0.000364384360727854 0.000826525370939635 0.000809796765679494 0.00117965167155489 0.000799722343799658 0.000210891334427288 0.000218587848212337 0.000208317029319005 0.000209999495928059 0.000209052485297434 0.000199246632109862 0.000202534084019135 0.000201199914954486 0.000194797531003132
0.000128244343068218 0.000122840436233673 0.000116340836939344 0.000117991379374871 0.000121885261614807 0.000122130666932208 0.000235305713795242 9.98240806438844e-05 0.000138586967659649 7.13577994247316e-05 4.801848281204e-05 0.000124759473146696 0.000130428242664493 0.000121334025971009 0.00011985676628683 0.000115997485772823 0.000127305738533323 0.00027556454660953 0.000128882456556312 0.000131250297636143 0.000313616079802159 0.000135820832110767 0.000138346026324143 0.000238799137878232 0.000116863993389416 0.000145033630178659 0.000158595514949411 0.00044629804615397 0.000357069012534339 0.000227448060832103 0.000766677761566825 0.000643903185846284 0.000438046088675037 0.000761519564548507 0.000734369209385477 0.000183142895912169 0.000404277330380864 0.000202929965234944 0.000226523016317515 0.000252426322549582 0.000226872789062327 0.000258211726031732 0.000299203953909455 0.000289856862582383 0.000274526739667635
0.000119605753206997 0.00013121096562827 0.000114145227053086 0.00011177958749613 0.000126538818221889 0.000144009444557014 0.000149095123924781 7.99471621576231e-05 0.000315799185045762 2.81376023849589e-05 0.000153133051207988 0.00135808028571773 0.00466807400807738 0.000139641224996012 6.20007586803695e-05 0.000134460069602937 0.000127444216923323 0.000127685922234377 0.000135548601429036 0.000143867430415412 0.000317748059751466 0.00035238540294813 0.000499122648034245 0.000114064014633186 0.000126173244825623 0.000144639893187559 0.000144466013080091 0.000317460786754964 0.000445569472503848 0.00115892256144434 0.000863635569112375 0.000721091183368117 0.000666563732374925 0.000673173366521951 0.000761379770119674 0.000328257121145725 0.000203661053819815 0.000215683216811158 0.000220615575017291 0.000245731974064256 0.000539417800609954 0.000593406397092622 0.000336446511937538 0.000387945788679644 0.000449630682851421
0.000101951592478144 0.000113248017805745 0.000130976385662507 0.00014782034450036 0.00013417017107713 0.000152455742500024 0.00014473240407824 0.000174488241100335 0.000291154035221552 8.97259918929194e-05 0.000130023732526752 0.000120251271800953 0.000252592268952867 0.000133152457783581 0.000126553131121909 0.000119438865840493 0.000264584350952646 0.000141675023951393 0.000142696838338452 0.000145792814146262 0.00013298071535246 0.000139516467061185 0.000140372143141576 0.000135312989186787 0.000147127696254756 0.000420850071532186 0.000332431657443522 0.000195541854191106 0.000804580200929195 0.000846784925670363 0.000715220411075279 0.000582353526260704 0.000364975104457699 0.00045948943879921 0.000183016487790155 0.000505334662739188 0.00017231657911907 0.000160874082939699 0.000171613820930361 0.00022541531798197 0.000275200826945365 0.000280558701706468 0.000248374363218318 0.000297226326802047 0.00036816214924329
0.000118641719745938 0.000124833810878044 0.000133484917751048 0.000153241603766219 0.000167692069589975 0.000180664038271061 0.000149706282900297 0.000133726947024115 0.000153224805035279 0.000145435781996639 0.000119339199954993 0.000128250851412304 0.000144028887370951 0.000161425923579372 0.000138682656324818 0.000121040905651171 0.000127281988534378 0.000131251092352613 0.000122634576473502 0.000125076433869253 0.000143123143607227 0.000170452873135218 0.000174677120594424 0.000151255846503773 0.000195230258395895 0.00021446566497616 0.000410636401647935 0.00024333810324606 0.000931252678856254 0.000638524211535696 0.000602187526237685 0.000308301952463808 0.000295477526378818 0.000683060142182512 0.000502379496174399 0.00023043543624226 0.00020727531882585 0.000194741968880408 0.000194052244842169 0.00025145692852675 0.000191542570610181 0.000200814489653567 0.000157261825370369 0.000145204527871101 0.00015595658987877
0.000101143402025627 0.000112046174399438 0.000118055285565788 0.000123710314073833 0.000164874467736809 0.000177478130353848 0.000172087111059227 0.000172817294878769 0.000163024847643101 0.000153357466115267 0.000157778611901449 0.000141651881858706 0.000150780068724998 0.000146590563053905 0.000138129537845089 0.000134636923212383 0.000147609942177951 0.000151690081838751 0.000140517973522947 0.000147589507469092 0.000171018437686143 0.000187005195039092 0.000185189153125975 0.000177837657247437 0.000207274011336267 0.000275960919680074 0.000288519232708495 0.000449155838578008 0.000214949480505311 0.000302976541570388 0.000171063337620581 0.000260258502385113 0.00028683783057204 0.000973295776930172 0.000691366883984301 0.000338298938731896 0.000228815739319543 0.000229596335339011 0.000239258178407908 0.000159261516455444 0.000135530385523452 0.000137464071667637 0.000155117931353743 0.000213174029340735 0.00021034692581452
0.000124304323799151 0.000110492516250815 0.000121994748042198 0.000129701622427092 0.000141365972740459 0.000147070846287534 0.000162861281933147 0.00019888028036803 0.00019337554294907 0.000161624832981033 0.00014514951617457 0.000142028064510669 0.000148176803304523 0.000155248621740611 0.000154441605991451 0.000170887257991126 0.00017714734240144 0.00016352914935851 0.000184555485975579 0.000183278702024836 0.000172372126689879 0.000191883436127682 0.000381925697729457 0.000221839592268225 0.000234275166803855 0.000234310782616376 0.000269025895249797 0.000343957190125366 0.000293016626528697 0.000287944899173453 0.000368858885485679 0.000305549362019519 0.000447050950606354 0.00165082697640173 0.00034412638633512 0.000774381592054851 0.000297488129945123 0.000329080408846494 0.000280301934617455 0.000251814580042264 0.000189282251812983 0.000148464523590519 0.000151565893611405 0.000129074312098965 0.000131411430993467
0.000133007787189854 0.000134707514007459 0.000142814182254369 0.000134218175116985 0.000110439831769327 0.000130881491168111 0.000157173958359635 0.000162112983889529 0.00014311366394395 0.000131574167244253 0.000124067313481646 0.000131813593907282 0.000146616757047013 0.000179423255030997 0.000184343320506741 0.000226422546256799 0.000216757438101922 0.000210122814314673 0.000266323216783348 0.000297357925956021 0.000234238744451432 0.00020453599972825 0.000229871018382255 0.000266365382049116 0.000220363990229089 0.000204358826158568 0.000249994719706592 0.000258192363253329 0.000286444776065764 0.00029073694604449 0.00101460532168858 0.00106094600632787 0.000496016553370282 0.000459895327367121 0.000468241663475055 0.000452775683515938 0.000487056728889002 0.000922826859459747 0.00186917018145323 0.000951480178628117 0.000183149785152636 0.000195980491480441 0.000300267831335077 0.000261384846817236 0.000304464735381771
0.00012648766842176 0.000113111736936844 0.000102745912226965 9.82869652943919e-05 0.000109042900112399 0.000129936938355968 0.000129044735695061 0.000134844978128967 0.00013610819241876 0.000139260233845562 0.0001273322812267 0.000125399088392442 0.000150025776747498 0.000163023360073566 0.00020198162746965 0.000268773141215206 0.000240680658680503 0.000227127758989809 0.000292097212877707 0.000335869445552817 0.00026808828151843 0.000258408364243223 0.000302330680278828 0.000355982764449436 0.000307960836653365 0.000314195325699984 0.000289618572787731 0.000272354617118253 0.000289809856985812 0.000415696354320971 0.00202599447220564 0.000483036747027654 0.000324530827492708 0.000417691896291217 0.000483245580107905 0.00157430382096209 0.000411657738004578 0.00052647077900474 0.000355773456976749 0.000252300465581357 0.000312568167282734 0.000388142978772521 0.00035681797307916 0.000530576193705201 0.000331478055886691
8.3477553926059e-05 7.73594380007125e-05 0.000101766283478355 9.76431798335398e-05 7.61599691031733e-05 8.12282101833261e-05 9.57750175075489e-05 0.000110440132812073 0.000122801103316306 0.000129220733469992 0.000101190575151122 0.000113534826232353 0.000149123256414896 0.000177856406662613 0.000192070597768179 0.000222249285434373 0.000252569852091256 0.000238363361495431 0.000262617926273379 0.00026045310041809 0.000352515726262936 0.000312294908871991 0.000302207974891644 0.000285984369838843 0.000337682590179611 0.000306129968521418 0.000264841270472971 0.000295315193579881 0.000403692222607788 0.000431378629582468 0.000384914007008774 0.0003120845376543 0.000367948874918511 0.000491931924625533 0.000452955034415936 0.000466516018059337 0.000293149694334716 0.000396305023605237 0.000548891752259806 0.000262863385432865 0.000296457650983939 0.000425145233748481 0.000504375829041237 0.00245724640553817 0.000594566542713437
7.28565117242397e-05 5.91775803513883e-05 6.4520034538873e-05 9.16792667339905e-05 8.02551634478732e-05 7.25682075426448e-05 9.04334923689021e-05 9.93298623143346e-05 0.000107682736233983 0.000111055562047113 0.000120069451440941 0.000118767109233886 0.000134309393979493 0.000163535690080607 0.00015162945164775 0.000144235616971855 0.000162444735542522 0.000141115976293804 0.000171700020655408 0.000358868424518732 0.000497680395346833 0.000369516494538402 0.000415521551622078 0.000338688266492682 0.000266806890067528 0.000323571910121245 0.000357074865314644 0.000368508471729001 0.000540274249215145 0.000560606191720581 0.000637006303441012 0.000475563164218329 0.000437365048856009 0.000793481721484568 0.000793756853090599 0.000234370901671355 0.00018845993145078 0.000231438435366726 0.000427678839332657 0.000489375180768548 0.000456627501262119 0.000387572887848364 0.000402602618851233 0.000853984346031211 0.000382323849771637
7.90680769569008e-05 7.0012830383348e-05 5.26896043993474e-05 6.45941776383552e-05 7.67358742450597e-05 6.37192140857223e-05 6.62917494082649e-05 6.7788848082273e-05 6.91742638991855e-05 8.37251498523983e-05 0.000111416694744548 0.000104547776027175 0.000136791821933002 0.000154820960597135 0.000113084871736646 0.000105699713458307 0.000123025944412802 0.000100767059666396 0.000173522292607231 0.000249617535519064 0.000287389268487459 0.000374324013682781 0.00039220625985763 0.000360044754052069 0.000271785205040942 0.000359577813651413 0.00039495822857134 0.000453457137336954 0.000333096969552571 0.00038576479346375 0.000580442440696061 0.000394999184936751 0.000843399278528523 0.0014367182564456 0.000269737753114896 0.000187311561603565 0.00017279827479797 0.000415999148390256 0.000392335325886961 0.000565741585887736 0.00057889432500815 0.000500170142913703 0.00061933772667544 0.000444612564751878 0.000666178205574397
6.97696858878771e-05 7.30443775864842e-05 6.61086419313506e-05 4.72692097901017e-05 5.50560062947625e-05 7.02361861840473e-05 6.19827954324137e-05 4.90757069201209e-05 7.79011868871748e-05 8.48692166982801e-05 8.56402213685215e-05 9.49418430536753e-05 0.000131083852284064 0.000142643013532506 0.000108905463275732 0.000106159352981194 0.000103016213870433 0.0001007137412671 0.000138687195794773 0.000220726962288609 0.000265198313354631 0.000220330453157658 0.000284098053816706 0.000195086028907099 0.000235119254284655 0.000252843648922862 0.000250614689866779 0.00028744485025527 0.000329965559649281 0.000427200322883436 0.000455900071392534 0.00054952806676738 0.000650133517046925 0.000711598465568386 0.000373414560453966 0.000192529949345044 0.000137289970007259 0.000153050743028871 0.000271280036758981 0.000463756830140483 0.000278839533712016 0.000452200938889291 0.000306660501519218 0.000185804559077951 0.000268565702572232
4.98171934850689e-05 6.11977180597023e-05 6.2932074888522e-05 4.76540397357894e-05 5.12081709530321e-05 5.55270882614423e-05 5.96537990531942e-05 6.35533215245232e-05 7.19207534530142e-05 7.28185366824619e-05 7.27803753761691e-05 7.75977578086895e-05 9.33694171180832e-05 0.000106257437801105 0.00010665260906535 9.83864627414732e-05 0.000106566184331314 9.28171233681496e-05 0.000110735739144729 0.000135230846353807 0.000163420319586294 0.000142055320611689 0.000134202183653542 0.000142646004496783 0.000175929468969116 0.000199074857300729 0.000369845727982465 0.000461277296562912 0.000452753579156706 0.000434318084444385 0.000432723750418518 0.000555348085617879 0.000888576295983512 0.000371503336646128 0.000132451955141732 0.00023527105076937 0.000339962798898341 0.000372965253336588 0.000245779920805944 0.000307339295977727 0.000568578868842451 0.000402046163799241 0.00015973769404809 0.000118166541869869 0.000168602952908259
6.44724163066712e-05 5.49654449969239e-05 5.19058778991166e-05 5.32284723703924e-05 5.82559327085619e-05 5.86058582484839e-05 7.80397363996599e-05 8.72800981596811e-05 7.92247556091752e-05 9.18858564546099e-05 8.87862146555563e-05 8.75037014338886e-05 9.22308918234194e-05 8.46633984110667e-05 8.52798679261468e-05 9.6666085482866e-05 0.000128294296700915 0.000157429990031233 0.000156657504885516 0.000122766284403042 0.000119475462815899 0.000136017570366675 0.00015439856069861 0.000181240853635245 0.000227729787366115 0.000319544783269521 0.000378685438772663 0.000452932061307365 0.000629151640168857 0.000642749331018422 0.00048085209200508 0.000263670364802238 0.000248553853089106 0.000168904369638767 0.000139603683965106 0.000214810542820487 0.000352666685648728 0.000286238266562577 0.000516952351608779 0.000366456808842486 0.000442879118782002 0.000312937772832811 0.000253281033656094 8.83065191374044e-05 6.22469458903652e-05
7.78078517214453e-05 5.79485546950309e-05 5.30573414835089e-05 6.35628844975145e-05 7.16818235559913e-05 6.69788923914894e-05 8.22486579636461e-05 8.17052572529065e-05 8.0883161535894e-05 9.08693848032272e-05 9.69690161582548e-05 9.12871242690016e-05 9.53783364820993e-05 7.35720680495433e-05 8.47359557155869e-05 0.000138411132320471 0.000128827849403024 0.000140189179182926 0.000166040346994123 0.000188895954852342 0.000157642241538269 0.000120870674800244 0.000213089201133698 0.000316769382698112 0.00032234784848697 0.000393355832056841 0.000455517601949396 0.000541727185191121 0.000701235690212343 0.000867185782408342 0.000812678912188858 0.000385390152951004 0.000182391580892727 0.000205664468012401 0.000236590607528342 0.000272326364938635 0.000156376694212668 0.000157699461851735 0.000196601562493015 0.000287914760338026 0.000406711859977804 0.000253669385710964 0.000164146016686573 0.000169662231564871 6.19464153714944e-05
4.91561795570306e-05 4.98383973535965e-05 5.88401701861585e-05 6.19925471255556e-05 6.0873082929902e-05 6.88815568537393e-05 6.94970635777281e-05 7.64941186389478e-05 8.71798105436028e-05 9.29164847548236e-05 8.78313538123621e-05 8.55606944242027e-05 9.27427288843319e-05 9.70786961261183e-05 0.000123535798593366 0.000165365718930843 0.000168219960687566 0.000184779051778605 0.000208071408633259 0.000256036177233909 0.000213164299566415 0.000155127658399579 0.000206765929760877 0.000287731097705546 0.000356142291275319 0.000595430677640252 0.000568837116588838 0.000645529576286208 0.000693428779777605 0.00101301309769042 0.000859188110916875 0.000524674074404174 0.000407393344357843 0.000426520677137887 0.000530294478085125 0.000296490356413415 0.00015242594126903 0.00010440725764056 0.000150045492591744 0.00018493371680961 0.000131632769262069 0.000156417397738551 0.00017413568093616 0.000376982534362469 0.000294752665286069
