Scripts_&_data/Maxent_result_files_2/B_handlirschianus_3.asc
NCOLS 594 
NROWS 330 
XLLCORNER -15 
YLLCORNER 23 
CELLSIZE 0.166666666666667 
NODATA_value -9999 
[rows 160 to 179 of 330, columns 315 to 359 of 594]
0.0152928733499721 0.0269458540482447 0.0293235844932497 0.0138609495421406 0.00283543170662597 0.00252003191271797 0.00243780127493665 0.00235998545540497 0.00226028927136213 0.00231423344230279 0.0268248008564115 0.00142260869033635 0.00158263258635998 0.00142791756079532 0.00155451128957793 0.00130175482481718 0.00320017570047639 0.00315103148459457 0.00152315354207531 0.000949696765746921 0.000884828018024564 0.000796886649914086 0.000794897193554789 0.000836477329721674 0.00105651682242751 0.00419688519323245 0.00261288633046206 0.000893018547503743 0.00255019265168812 0.00226019574038219 0.00094067370519042 0.0010053786856588 0.000956522289197892 0.000866400392260402 0.000785732359508984 0.000726031183148734 0.00067367404117249 0.000661028811009601 0.000565460324287415 0.000514233278227039 0.00046820894931443 0.000389082285983022 0.000308089824102353 0.000301792958634906 0.000168345018755645
0.00307916535530239 0.00287661604816094 0.0151120774447918 0.00260715142358094 0.00239781397394836 0.00236967606469989 0.00223595753777772 0.00271685501793399 0.00177911633509211 0.00190400305436924 0.00995019758120179 0.00498538052779622 0.00117662892444059 0.0175558739341795 0.00119332877220586 0.00216549908509478 0.00447654329473153 0.00105448183021508 0.000978353468235582 0.00116153529379517 0.0010005047370214 0.000864662369713187 0.000816368713276461 0.000850924392580055 0.00436201693955809 0.0278158264234662 0.00829766949173063 0.00121281283791177 0.00576645409455523 0.00104317071381956 0.000984208640875295 0.000953430501976982 0.000925512821413577 0.000841076707001776 0.000773096992634237 0.00071857440052554 0.000648121032281779 0.0005646944133332 0.000533387769246474 0.00062746045878157 0.000435365186422132 0.000347057539329398 0.000287031494372059 0.000577418936882168 0.000329611750203185
0.00313030678080395 0.00252046609530225 0.00269171843538061 0.00266379053937271 0.00255448772804812 0.00254220844944939 0.00265806410461664 0.00474973556702025 0.0106028001697268 0.00522415513405576 0.00169410025700927 0.0014493212220259 0.00778374562505633 0.0104448947822675 0.0015847506118007 0.00164213525713421 0.00119911294314079 0.00194485452084336 0.00245949350646697 0.00107314445776865 0.00105351919191889 0.000953799579292536 0.000906883389689028 0.000887900165980682 0.000827808276517317 0.000740238721482456 0.00348564950982109 0.00350429771933705 0.000834728870540857 0.000892265018774197 0.000897449807962403 0.000903882499551401 0.000890328519744799 0.000772054918343201 0.000710845200228505 0.00068088119442109 0.000595221028197557 0.000554977668798529 0.000969239027472213 0.00037945738149574 0.000387554890767206 0.000313191425811965 0.00103714372380637 0.000431398888758849 0.00149693919811398
0.00312728477874771 0.00329048854182474 0.00335426267702132 0.0027531684958376 0.00942287039943039 0.00790487019112334 0.00237998423399404 0.00534149505547248 0.00198810246074572 0.00183737390907481 0.00170281996252015 0.0016501730075106 0.00149767202092335 0.0019472262240015 0.00115288582746871 0.00123574168537743 0.00169122257793788 0.00128862564743031 0.00177101212902926 0.00113366753212176 0.00102432214189321 0.000972913432633504 0.000952879042597488 0.000915055006043986 0.000843242311384529 0.000709928289870732 0.0122109260875732 0.00238204129273072 0.000737443583784625 0.000809285067953169 0.000859096896601841 0.000854875665390864 0.000787553552072495 0.000626927663688548 0.000687045257654972 0.000654885816038586 0.000587568170158193 0.000550933904014528 0.000476913937018253 0.000430545472772792 0.000416956980188843 0.000332105105917435 0.00169968153350055 0.0169940943829715 0.00611601958516985
0.00325121167115867 0.00315369521849789 0.00301440154435113 0.00294190556742251 0.0025053320103325 0.00265688461950049 0.00321654744911939 0.00519053023308516 0.00214917216217145 0.00208131830440834 0.00178432270768099 0.00170348456595093 0.00158325044903904 0.00142232154612429 0.00265033024188597 0.00151288746856153 0.00213517949305242 0.00117517559556291 0.0012613458558917 0.00120116866310127 0.00110335274366662 0.000953328353352845 0.00105087760020979 0.000977713067550212 0.000902146002044901 0.000765500700799748 0.000606775065534748 0.000637277227360755 0.000722717848839238 0.00115308138774708 0.00118402137886733 0.00155726797529496 0.00140531489741988 0.000755835787276737 0.000685624949983321 0.00064119680901058 0.000590672876569442 0.000529332834412344 0.000521938205929473 0.000481966519146226 0.000421711182571016 0.00185991651960649 0.00219495928613469 0.00150469532818533 0.00192310378188267
0.00332602332346141 0.00327461464330554 0.00262632494559512 0.0112027324561495 0.00671857875713613 0.00439801840111613 0.00272034823428839 0.00233777886023745 0.00224393188254908 0.00202049531508237 0.00184749588370323 0.00180296202888712 0.00154886546079069 0.00160067792749032 0.00155351196881384 0.0072656569245737 0.00364227873506024 0.00139238539850339 0.00139245724421926 0.00123973496374674 0.00132571347639896 0.00213697315193713 0.00109282472985797 0.00106603898457251 0.000936086283763871 0.000830131612019613 0.00292728610802442 0.000703710090601817 0.00153696843772195 0.000694003319949843 0.000843868200900033 0.00089387214393355 0.000789295270806178 0.000692433351650834 0.00065438897581771 0.000576485297642648 0.00054243684571702 0.000531232642242685 0.000488629360916093 0.00563267960678786 0.00853007021360099 0.00545958441216499 0.0192001302726567 0.00447798308450729 0.0125978351570666
0.00353440432809293 0.00345315681770444 0.00319525296799839 0.0205565191456117 0.00541246436769143 0.00257592555135489 0.00283191725611687 0.00250342783983797 0.00226040097186342 0.00203211315674707 0.00191023936495185 0.00181620330549777 0.00987433770205826 0.00167727208463475 0.00172897771699354 0.00256253376137465 0.00147156922030263 0.00140199982561171 0.00149825415574014 0.00145143691916019 0.00122697938932106 0.00133057823986746 0.00127689180080779 0.00123434581328183 0.0011322142847348 0.000942274107364938 0.000809070945251733 0.000841457070782781 0.00621300975326449 0.00121835461468436 0.000766184559324756 0.00535582902375609 0.000661513090017252 0.000790907995542511 0.00051040829566773 0.0854884408414364 0.117020184546709 0.000856185494922102 0.000829497640370391 0.0218687925487757 0.00659837205894291 0.0163272003643215 0.0160384388640523 0.0701590217649937 0.0442941589280963
0.00359902067575604 0.00361727131530643 0.00326946056447923 0.0029418078251183 0.00324288752162829 0.00298686490859836 0.00287121009314433 0.00248676714254543 0.00226506185717881 0.00222983665298671 0.00219084128038958 0.001970969454851 0.00177189600653946 0.00245307752629742 0.001661586179398 0.0303840705193579 0.00338882745127194 0.00432142443023622 0.00112281608162448 0.00224590636789799 0.00308211834635586 0.0014973058598116 0.00158268831437454 0.00138705307617784 0.00121866075787693 0.0011487967800349 0.000933012686436996 0.000831752008525655 0.00226072130026296 0.00054106957395561 0.000977425498422235 0.00123434235574678 0.000707293226150796 0.000480997015256435 0.0278076366521418 0.0339014202356338 0.00559934100601822 0.00257811052724719 0.00368613036116585 0.100470366701484 0.0956567794084549 0.0870092839002609 0.064666360989213 0.0506518140435219 0.0424354793503881
0.0037970470264554 0.0172272344585508 0.00333251068368554 0.00365445164497942 0.0035955419531092 0.00329528970178217 0.00294755254872143 0.00251885937759653 0.00205953620607033 0.00224440960446373 0.00207999707199633 0.00187674184562638 0.00187350669875741 0.00192303730873391 0.00186468333704397 0.00175569035345688 0.00175278205424547 0.00104522740002722 0.00204497614176944 0.00917793001863174 0.0322542247362435 0.0112138589844108 0.00183509765192866 0.00265802063513547 0.00166999462526292 0.00120860688039102 0.000996363157173619 0.000893803697545081 0.00244976049289107 0.00989942857995629 0.0124832914676517 0.0761281706392765 0.0075562980491668 0.0347606373950839 0.0797850023955107 0.0182380812242627 0.1130052190274 0.00946888742037117 0.0903053134679794 0.105143252387643 0.0151712370105088 0.0757379651069641 0.0598465636372566 0.0485844207927585 0.0997657857835293
0.0205343254376203 0.0162152672652155 0.003868716978468 0.00394564475864172 0.0037706854287535 0.00342713335994631 0.0031344325048849 0.00279793271329254 0.00191077427007258 0.00212825089693069 0.00198666518554091 0.00199852315708995 0.00206236754311249 0.00198831800371408 0.00195512220961973 0.00207627711351961 0.00209009652025998 0.00193531779805198 0.00359433998819441 0.00213888639118522 0.00267313321819529 0.00223756602499634 0.0684322925284505 0.107373052090406 0.0176401849836111 0.0254543118644506 0.0564600128680468 0.044984726794064 0.00256698710145429 0.0568052528426051 0.095422351360321 0.067372140660882 0.00204985155723989 0.0768074486404657 0.100787162035704 0.071851497143507 0.10431352108717 0.114968363940716 0.090983822196722 0.0791793964803219 0.0928832456469536 0.0627009224146605 0.0585244482383132 0.0808818973600864 0.0653689105063677
0.00277715536067262 0.0103885708376765 0.00398550918325782 0.0036804708885029 0.00347510862629861 0.00334789003245532 0.00313447557855397 0.00294916514540091 0.00255394603591412 0.00208953759865835 0.0021351705188863 0.00215106260729954 0.00208678154740483 0.00206673649372533 0.00210505465511233 0.00215210734168068 0.00469478585291654 0.00214079089928418 0.00221362945158035 0.00207352146971971 0.00198124669259414 0.00189291115384549 0.00753432391211391 0.0733524756506085 0.0122838064096868 0.0157445868477225 0.0192575948312879 0.048409410379827 0.0334542714059353 0.091564953327179 0.0361271971836686 0.0133439034223557 0.058127548545599 0.0833938412368298 0.336403638124466 0.0809662349522114 0.107681443914771 0.199462919682264 0.0777820095419884 0.112702526524663 0.153351220488548 0.0588966388255358 0.103786889463663 0.119679245725274 0.144430326670408
0.0262884326279163 0.00358554888516664 0.00371710483450443 0.00808544391766191 0.00444459435530007 0.00322160888463259 0.00316455652937293 0.00284504808951169 0.00255968075944111 0.00231043548556045 0.00231783799827099 0.0021501399576664 0.00193939050659537 0.00210421725641936 0.00197938634082675 0.00350442460039631 0.00197636901866645 0.00269202780909836 0.00260139042511582 0.0019247705116868 0.00330454682698473 0.0032198263797909 0.00186964109307155 0.00159969677915797 0.00290361441439018 0.0132447369862348 0.00473967362195253 0.0029072436853312 0.00390014526201412 0.00850309608504176 0.00302668886724859 0.00207227448699996 0.0665294043719769 0.0514941971749067 0.0791817709803581 0.0247762208804488 0.0411013014614582 0.0893736332654953 0.16648713350296 0.118372202664614 0.181937190890312 0.214800080657005 0.252944499254227 0.106439171731472 0.144523891061544
0.0883643332868815 0.00391892225015908 0.00361372530460358 0.00328209318686277 0.00266929680947214 0.00320760917384177 0.00295589256566018 0.00303296952042729 0.00413191886618733 0.00258307576877996 0.0023857714375481 0.00210998422699049 0.00242307642474771 0.00204262816114351 0.00178470236714929 0.00201070160837844 0.00200297507690266 0.00416233965661377 0.00575036790687591 0.00492256169673055 0.00402390067465603 0.00170084771234542 0.00163943227380514 0.0151813306845725 0.00219430542783812 0.00174012929201126 0.0146226366050541 0.00684365513734519 0.00247992152580991 0.02006153203547 0.0330492410808802 0.00149009221349843 0.0132599852047861 0.0499327396973968 0.0975056875497103 0.186496060341597 0.168856824189425 0.0416407419368625 0.111497070640326 0.258342429995537 0.336130629479885 0.0906291432678699 0.299806509912014 0.25728518217802 0.247410015761852
0.00279134979937226 0.00417971711140126 0.000994894956238568 0.0184360202867538 0.0956481706351042 0.0220640901243314 0.0328197148628533 0.00294806908350438 0.00244343923404813 0.00246116663329303 0.00209531096043065 0.00218566902913153 0.00186747290426865 0.00183916481910273 0.00174644708167762 0.00197436687303707 0.00190113849239424 0.00183973086532205 0.00195270612603053 0.0046452822862193 0.00160341828595847 0.00145247376058251 0.00141407225746661 0.00126024091150612 0.00122228261316195 0.00729110429529101 0.00951013709418476 0.0630835881456733 0.026852410659194 0.0875086072832346 0.0185952093452215 0.0897662501782179 0.0787421397864819 0.0741064749658108 0.0687621641904116 0.264887867867947 0.303413319587708 0.191852713376284 0.0284429403021932 0.150620041042566 0.308565263450146 0.247453579306602 0.260302236676216 0.189057203009725 0.102329353988171
0.00397785591485444 0.0118873560102656 0.00297720011149067 0.00839005649322644 0.0149248607340269 0.0102805913236807 0.00505123976618052 0.00814566928893328 0.0321918810717762 0.00141312254709192 0.00328192993765697 0.00117854186100885 0.00196473706746474 0.00160725724417716 0.00160719888517633 0.0015868213493377 0.00155832255259156 0.00485310347285122 0.00145183542044833 0.00753215022850782 0.00130689547513612 0.0013144243217539 0.00114057665341534 0.00105085285031237 0.00109023356926627 0.00414590123109519 0.00524413855746388 0.12335346788168 0.0705540729686618 0.0116489072330296 0.117888172715902 0.104990766569972 0.083414651080966 0.0796995770186186 0.121551686897874 0.0680521607398987 0.019728653691709 0.0510702690109611 0.12068909406662 0.183951476216316 0.0994415178894997 0.140229234099388 0.0736735876183957 0.179774926230311 0.0400353915058076
0.0244391617830843 0.00318431607447565 0.00317255242262036 0.00296288162935525 0.00349491885863245 0.0067325167125091 0.00783521661069244 0.0106495024636388 0.0250108115375042 0.0141282995697111 0.0102944518905133 0.00168647204409353 0.0165474322158843 0.0104259117506444 0.00156408585608006 0.00143951483769342 0.00139488388667814 0.00218596524791792 0.00137793870526366 0.00119962488533929 0.0123488296288997 0.00199999692849815 0.00141907904762775 0.00128348548896611 0.00356964949751273 0.000802576076239347 0.00582146227825433 0.0622249197214842 0.074280795827508 0.0212961135432124 0.104270728304982 0.100511112809181 0.0856684613972902 0.0808826938271523 0.204352901130915 0.0404585689306259 0.115863357484341 0.0327842684462667 0.254754942655563 0.302520179748535 0.120184501633048 0.0568445019773208 0.0439189448603429 0.0494492494239239 0.176348205283284
0.0156996671110392 0.0390104653313756 0.0164843326434493 0.00873220497742295 0.0033481638180092 0.0110116814263165 0.0272796378765634 0.0174663378857076 0.00388220711611211 0.00210156077519059 0.0477002124884166 0.0146473453612998 0.00220389087917283 0.0061116135912016 0.0402854042127728 0.0012954726757016 0.00189845338463783 0.00112243272014894 0.00324110599467531 0.00467914161272347 0.0113841456361115 0.00515061859041452 0.00308914626948535 0.000965169246774167 0.00194313981337473 0.00227668938459828 0.00350499144988135 0.102877686172724 0.137951412051916 0.142800549417734 0.126723923534155 0.21145187318325 0.182892036437988 0.0823314256966114 0.199341254681349 0.00143450306495652 0.00156023142917547 0.247384628653526 0.237335829436779 0.0817834099754691 0.262061581015587 0.101650776294991 0.0119184794661123 0.0172400726005435 0.00565641227876768
0.0027046813396737 0.00538039314560592 0.031102131982334 0.0343119056429714 0.050131862796843 0.00928541293833405 0.00289283522870392 0.00408056795422453 0.0039075099863112 0.00301252919016406 0.00233400815632194 0.00222696408163756 0.00310813304968178 0.00294707324355841 0.00782471883576363 0.0193330688169226 0.01173858451657 0.00135742235579528 0.0049599131802097 0.00205518600996584 0.00191373553825542 0.00472769956104457 0.00105860720505007 0.00201475790236145 0.0083361413795501 0.0400112288072705 0.0167596522718668 0.00109128444455564 0.0445833791047335 0.0967824853956699 0.130752617865801 0.119121785461903 0.111596588045359 0.0113857033196837 0.188613471388817 0.157127187401056 0.199627252668142 0.0887797117233276 0.0846204474568367 0.205709641426802 0.235183668136597 0.259952047467232 0.0343304981128313 0.0828344726935029 0.0556759748607874
0.00282936502480879 0.00794711355119944 0.00643034228123724 0.0130096708002384 0.007914318391704 0.00331871515372768 0.00268147806636989 0.00437496264930815 0.014161186106503 0.00288201742805541 0.00316671459004283 0.0027085573412478 0.00255638770759106 0.0307051417417824 0.033546719327569 0.047354045137763 0.0510826571844518 0.0049865449545905 0.00120009954553097 0.0255887918174267 0.0124895738437772 0.0037289580097422 0.00548636512830853 0.00106772495200858 0.00334555873414502 0.0106057541910559 0.0074959720717743 0.0387976463884115 0.110756581276655 0.114434446394444 0.141464683413506 0.203058993071318 0.265683726966381 0.317808310687542 0.198615074902773 0.273884242773056 0.360404402017593 0.293118390440941 0.232016821205616 0.298009191453457 0.265085960924625 0.216013902425766 0.0517900727689266 0.00327576216077432 0.0368920173496008
0.00415316803846508 0.0140211984147754 0.0301691788745529 0.0437778205930954 0.0083634638460353 0.0135616784449667 0.009969602082856 0.00867265005945228 0.0144110983121209 0.00841014415491372 0.002225606655702 0.00694889214355499 0.0048338667023927 0.00301051751011983 0.0668856622651219 0.082068483158946 0.00292077882913873 0.0118657928425819 0.0115047155879438 0.00911359947640449 0.0040606458671391 0.0021400390425697 0.00504359258338809 0.00114641932304949 0.00231908321147785 0.0118749807588756 0.005514393793419 0.0563972495496273 0.142154024541378 0.156581244617701 0.383290219306946 0.102369560673833 0.070277452096343 0.0690943118184805 0.167012459784746 0.217773412168026 0.17676493152976 0.224541655182838 0.322885257005692 0.0794628493487835 0.067478945478797 0.0523261487483978 0.169032578915358 0.0363811951130629 0.125109492987394
