Scripts_&_data/Maxent_result_files_2/B_haematurus_3.asc
NCOLS 594 
NROWS 330 
XLLCORNER -15 
YLLCORNER 23 
CELLSIZE 0.166666666666667 
NODATA_value -9999 
[rows 280 to 299 of 330, columns 45 to 89 of 594]
8.56882861022257e-07 9.38125402338841e-07 1.48806572290994e-06 1.26541561163984e-06 1.09308396076813e-06 4.65392654049879e-06 1.30954553155815e-06 3.95630268670288e-06 6.06861762406652e-06 7.63559240302136e-06 5.18040887689253e-06 1.96417996402021e-06 6.12115518960898e-06 1.0568914376563e-05 6.25007295838032e-06 3.16402451971953e-05 6.18048715296027e-05 9.32769526116317e-05 8.14171175079537e-05 0.00073146236827597 6.52426209853729e-05 5.69701294807601e-05 5.0548774197523e-05 4.16170115386194e-05 9.16698849323439e-05 5.76889256990398e-05 4.08020911891072e-05 7.71323233493604e-05 0.000123605713088182 0.000131194459754624 0.000105968450225191 8.47681947561796e-05 5.64700572795118e-05 5.62706707569305e-05 5.44835307664471e-05 4.8971660908137e-05 5.65244583413005e-05 5.25922514498234e-05 5.54391584955738e-05 5.46431207112619e-05 5.55792703380575e-05 5.64008070796262e-05 5.53815536477487e-05 5.63196299481206e-05 5.76475675188703e-05
9.88713680438735e-07 1.42586322851024e-06 3.08361415193303e-06 2.35992921526762e-06 1.09468336518148e-05 7.79015813066053e-06 2.01877244430104e-06 1.72912770275424e-06 6.34559992234163e-06 1.54838216442243e-05 4.37388081551138e-06 1.44747469615236e-05 3.31657296399612e-06 2.93923903882387e-05 4.45927114014921e-05 9.74819940893212e-05 9.55475799855776e-05 9.17340054002125e-05 7.82746648837929e-05 7.44521828892175e-05 6.39136917016003e-05 5.7901414220396e-05 5.39942428076756e-05 4.59145672721206e-05 7.40862375096185e-05 7.65645707360818e-05 4.18225839894149e-05 7.85311032814207e-05 0.000336696413432946 5.25414276125957e-05 5.58039118914166e-05 5.91313084441936e-05 5.73615738176159e-05 5.0941587323905e-05 5.29148792338674e-05 5.67662051253137e-05 5.60856842639623e-05 5.42109424713999e-05 5.79154535444104e-05 5.86716862017056e-05 5.87041660764953e-05 5.87012502364814e-05 5.8574165632308e-05 6.02260302912327e-05 5.8664027164923e-05
1.80320462553674e-05 2.17703367927369e-06 6.48131362357418e-06 6.2813610475132e-05 0.00112983483522839 2.54631347289092e-05 2.16936488987018e-06 2.78703096975308e-06 2.37353417539055e-05 1.00316046740545e-05 6.26802127499104e-06 1.54333010527807e-05 1.62978207299602e-05 7.97176384367049e-05 8.34615915664472e-05 9.31013968511252e-05 9.4033053755993e-05 8.83361324667931e-05 7.90797677836963e-05 7.16091473805136e-05 6.37221512079123e-05 5.67634468097822e-05 5.25935221958207e-05 4.51903297289391e-05 9.66544810580672e-05 7.50111121305963e-05 5.11426895172917e-05 4.93803883728106e-05 9.6087681777135e-05 5.47626912521082e-05 5.31659292391851e-05 5.78883182242862e-05 5.88676084589679e-05 5.11312353410176e-05 5.03772320371354e-05 5.3170854698692e-05 5.32512631252757e-05 5.50096070583095e-05 5.66112825254095e-05 5.62040231670835e-05 5.85413008593605e-05 6.10336463068961e-05 6.14318663792801e-05 5.94901952354121e-05 5.74356270590215e-05
1.17272674058366e-06 2.7647080502069e-06 2.00721645987612e-06 2.77557213360424e-05 0.000292997951032703 6.49591162328988e-05 4.75490189273842e-05 4.09912440773041e-05 3.96185576391872e-05 2.59324739090516e-05 6.10256696745637e-05 5.79175097300322e-05 8.45196405862225e-05 9.00330807780847e-05 9.04276374058099e-05 8.70729472808307e-05 8.21336081571644e-05 7.15488766218186e-05 6.91760105837602e-05 6.57903894534684e-05 5.99277460423764e-05 5.43944497621851e-05 6.32303219390451e-05 4.73065629194025e-05 4.67904699689825e-05 4.7111284766288e-05 4.72867601274629e-05 4.76260878713219e-05 4.87425564642763e-05 0.000114611602111836 5.29300676134881e-05 5.82929746087757e-05 5.92122072703205e-05 5.68458530324278e-05 5.76849297431181e-05 5.73345096199773e-05 5.42871275683865e-05 5.25867455507978e-05 5.39716147613944e-05 5.53319803657359e-05 5.89278441111674e-05 5.81044118007412e-05 5.75174928599154e-05 6.00792151089991e-05 6.02880831138464e-05
7.33679123288145e-07 1.91659501956876e-06 1.18553782926245e-06 1.10373140281839e-06 1.89989897836362e-06 8.86729127529406e-06 9.48782299587947e-06 7.58036684516128e-06 4.39482986621442e-05 3.44137519732612e-05 3.77376239157456e-05 1.84424787676107e-05 6.47998525892035e-05 6.8755900610995e-05 8.00805522885639e-05 7.72511179093272e-05 7.81379267209559e-05 7.51983163354453e-05 6.70632274704985e-05 7.78658846684266e-05 5.90759944316233e-05 5.59460821023094e-05 5.37596628419124e-05 4.56365349236876e-05 4.33273269663914e-05 4.41231024524313e-05 4.5260155275173e-05 4.66510367914452e-05 4.96024034873699e-05 4.97260278280009e-05 5.51107281353325e-05 5.3964415928931e-05 5.27143893123139e-05 5.55915719814948e-05 5.64810559808393e-05 5.37697975232732e-05 5.37854173671803e-05 5.43729349374189e-05 5.53784837393323e-05 5.68911220398149e-05 5.85959034651751e-05 5.99048978983774e-05 6.24519285338465e-05 6.27453782726661e-05 5.91374391660793e-05
6.77132909776557e-07 8.26160742128934e-07 9.64379598111797e-07 3.86263564047251e-06 4.97890665315026e-05 6.80952926188638e-06 3.81590888309802e-06 2.09394564789633e-06 8.53089257361717e-05 0.000261834244156489 0.000304740695719374 6.05979459578521e-05 6.5115327379317e-05 7.33412141926237e-05 6.86736528223264e-05 7.22345761460019e-05 7.20527523299097e-05 6.75954224789166e-05 6.03458038312965e-05 5.69309939237428e-05 5.20075051099411e-05 4.82323035612353e-05 4.67231922812061e-05 4.47886479378212e-05 4.41578218669747e-05 4.37151622463716e-05 4.72362136861193e-05 4.89261090478976e-05 5.03393981489353e-05 5.4018129594624e-05 5.55985099708778e-05 5.13023862367845e-05 4.94466343297972e-05 5.01132832141593e-05 5.17175310960738e-05 5.19090688612778e-05 5.24388293342781e-05 5.31760500962264e-05 5.37143632755033e-05 5.33211787114851e-05 5.42500518349698e-05 5.86813112022355e-05 5.90613884924096e-05 5.62717375942157e-05 5.52172305106069e-05
8.39964463439369e-07 4.80266412982155e-06 1.24020170529926e-06 2.71832173055486e-06 2.08519592888479e-05 5.84188530012852e-06 6.2222031445458e-06 6.64630014171053e-06 4.50823234132258e-05 9.11643011932028e-05 0.000168815402139444 0.000271761105250334 5.91282449022401e-05 6.14827795288875e-05 6.4364104764536e-05 6.20228427578695e-05 6.13614762187353e-05 8.75753159562009e-05 5.57521218070178e-05 5.30857387275319e-05 5.28417856912711e-05 4.91081773361657e-05 4.5839074482501e-05 4.19285403040703e-05 4.24052544985898e-05 4.59658540421515e-05 4.80733786389464e-05 4.94361116579967e-05 5.13827257236699e-05 5.2981927365181e-05 5.06172940731631e-05 5.04680758240283e-05 5.14268218466896e-05 5.17903336003656e-05 5.22902319062268e-05 5.49041602425859e-05 5.73667497519637e-05 5.72723882214632e-05 5.76923303015064e-05 5.84032168262638e-05 5.97047710471088e-05 5.88648777920753e-05 5.74580135435099e-05 5.729000968131e-05 5.74007674003951e-05
1.94856762858464e-06 3.99642137978162e-06 1.22946851206507e-05 1.55744870880881e-05 2.65807137566298e-05 3.58612497620925e-05 3.26540481182747e-05 4.06319225476182e-05 4.18101712966745e-05 4.54777838967857e-05 4.6190552166081e-05 0.000217125413109898 8.93208223715192e-05 5.44785823876737e-05 5.37207019078778e-05 5.27116886587464e-05 8.21647157863481e-05 5.6757890888548e-05 5.58920764888171e-05 5.38842952664709e-05 5.34579334271257e-05 4.89288049720926e-05 4.25009906393825e-05 3.7689540113206e-05 3.77408588974504e-05 4.37525663983251e-05 2.55233892403339e-05 4.36701122453087e-05 4.93507555802353e-05 5.57811586986645e-05 5.50547692910186e-05 5.80130548769375e-05 5.34168484591646e-05 5.16798230819404e-05 5.45031640285742e-05 5.79706922508194e-05 6.02459818765055e-05 5.91148958847043e-05 6.02509211603319e-05 6.04245200520381e-05 5.80016931053251e-05 5.78010953176999e-05 5.8466817245062e-05 6.12846908552456e-05 6.25146203674376e-05
1.6298770742651e-05 4.78564533295867e-05 3.19517193020147e-05 3.74460745661054e-05 2.50635704560409e-05 3.62764738383703e-05 3.72184375009965e-05 4.02359240979422e-05 4.30395808507456e-05 4.48615926870843e-05 4.71500710773398e-05 0.000120384001456841 5.14250916239689e-05 5.32565240064287e-05 5.2322774354252e-05 5.69227253436111e-05 5.56436540136929e-05 5.26234678545734e-05 5.14855295477901e-05 4.87312605400803e-05 4.87638233607868e-05 4.68873058707686e-05 3.83239987058914e-05 3.73460668924963e-05 3.44299993230379e-05 3.30581894559145e-05 1.02039502849038e-05 2.41852963426936e-05 3.23624626616947e-05 4.60020090031321e-05 5.16992036864394e-05 5.64762312933453e-05 5.437101044663e-05 5.40738952622633e-05 5.58087136596441e-05 5.59988829991198e-05 5.61452974579879e-05 5.78526854951633e-05 5.7791348262981e-05 5.81952966967947e-05 5.88562808843562e-05 6.03091255470645e-05 6.46471178697539e-05 6.47563818347407e-05 6.09909258855623e-05
3.25760567648103e-05 5.65437454497442e-05 3.19975693855668e-05 3.734214897122e-05 3.60560456101666e-05 3.57120587068493e-05 3.59272418791079e-05 3.80167657567654e-05 4.26185002652346e-05 4.63569722342072e-05 4.27174958531396e-05 4.36041313150781e-05 5.17494012456154e-05 5.35691378900083e-05 5.16866990437848e-05 4.84479851365904e-05 5.26507034010137e-05 5.0886327153421e-05 4.55138400866417e-05 3.592851007852e-05 4.5682769814448e-05 2.8690640192508e-05 2.65928165390505e-05 2.61774916907598e-05 2.51155483056209e-05 2.45729550442775e-05 2.68632023107784e-05 3.292572864666e-05 2.72620693976933e-05 3.71432806787197e-05 4.20639940784895e-05 4.82659048429923e-05 5.18284634381416e-05 5.64897940421361e-05 5.06344691530103e-05 5.24534232681617e-05 5.32663892954588e-05 4.74334074169747e-05 4.8557448280917e-05 5.241264225333e-05 5.41560402780306e-05 5.64559541089693e-05 5.94958193687489e-05 6.07243691774784e-05 5.99219232753967e-05
4.24307860157569e-05 3.91320138078299e-05 3.75253554011579e-05 3.58623459760565e-05 3.64476736649522e-05 3.07576845443691e-05 2.50967412739556e-05 3.94538803448086e-05 4.51400155725423e-05 4.62555330159375e-05 4.58597261967952e-05 4.52431035228074e-05 4.6108820970403e-05 4.78020467198803e-05 4.84391674035578e-05 4.95500446049846e-05 4.81870612929924e-05 4.05066286475631e-05 3.30145800035098e-05 3.16426867357222e-05 3.16900262077979e-05 2.93989472083922e-05 2.72227593086427e-05 2.29071590183594e-05 1.85824314939964e-05 1.61758167450898e-05 2.17864801015821e-05 2.86311737909273e-05 3.25788807458594e-05 4.00337214159663e-05 3.28113538216712e-05 3.59069799742429e-05 5.4992396144371e-05 5.7566889518057e-05 5.77357734073303e-05 5.10638599735103e-05 5.0210617337143e-05 5.04362998981378e-05 4.95438689540606e-05 5.14217954332707e-05 5.4402595742431e-05 5.67601038710563e-05 5.58122452275711e-05 5.70702952245483e-05 5.95787560087047e-05
4.19197902374435e-05 4.02153787945281e-05 3.80508539819857e-05 3.72466778571834e-05 3.6495584572549e-05 3.53133767930558e-05 3.62810287697357e-05 4.01337716539274e-05 4.29437423008494e-05 4.164720303379e-05 4.15945569329779e-05 4.1656123175926e-05 4.4253031592234e-05 4.40651299868477e-05 3.99685011871043e-05 4.07976453061565e-05 4.03337970055873e-05 3.36341738147894e-05 3.5594869950728e-05 3.54362638972816e-05 3.61826265361742e-05 3.45380745784496e-05 2.66622371782432e-05 1.92207498912467e-05 1.58056863256206e-05 1.41101686949696e-05 1.39941274483135e-05 1.98378962522838e-05 2.05896668376226e-05 2.98225756523607e-05 4.22298657213105e-05 4.39365650890977e-05 4.78048736113124e-05 5.79001656660694e-05 5.55231661564903e-05 5.98975453613093e-05 5.60279419005383e-05 5.30739305759198e-05 5.29156846823753e-05 5.70851223528734e-05 5.87456739594927e-05 5.79404204472667e-05 5.7613116405264e-05 5.98312686634017e-05 6.90508786647115e-05
4.4308203359833e-05 4.20243946791743e-05 3.80800727725727e-05 3.47710872119933e-05 3.40858704475977e-05 3.82261745471624e-05 4.07494413593668e-05 4.17388389905682e-05 4.36910117059597e-05 4.14991365687456e-05 4.27526825660607e-05 4.21837979956763e-05 4.06070597819053e-05 3.79542809241684e-05 3.80524452339159e-05 3.93462283682311e-05 3.43983781931456e-05 3.66863254384953e-05 3.98870548451669e-05 3.81790336177801e-05 3.69915558621869e-05 3.22960542689543e-05 2.47648004005896e-05 2.14610704460938e-05 1.85781093932746e-05 1.62681945766963e-05 1.64519109603134e-05 1.71676762874995e-05 2.58648414273921e-05 3.64103098036139e-05 4.06039802328451e-05 4.87493181935861e-05 4.62824391433969e-05 4.6277431465569e-05 4.6177511831047e-05 5.39846208994277e-05 5.3541359193332e-05 0.000455318862805143 5.95820067246677e-05 5.81675007197191e-05 5.85172814680845e-05 6.27216435532318e-05 6.26040779025061e-05 7.38535425625741e-05 7.77366742113372e-05
4.68460071715526e-05 4.4904258538736e-05 4.24993439082755e-05 3.81804844437283e-05 3.69714838598156e-05 4.39167148215347e-05 4.44485256593907e-05 4.48448874522001e-05 4.30240123023395e-05 4.12540401157457e-05 4.12757026424515e-05 3.96096476833918e-05 3.9958910929272e-05 3.97772006181185e-05 4.24227655457798e-05 3.96455136069562e-05 3.97283780330326e-05 4.07155523134861e-05 3.98422898797435e-05 3.85478424504981e-05 3.45025764545426e-05 2.97212022815074e-05 2.10252313991077e-05 1.74278524355032e-05 2.0371589835122e-05 1.89347707419074e-05 2.40223095715919e-05 2.49945099312754e-05 2.47790940193227e-05 3.13898432068527e-05 4.30190681072418e-05 4.54169652584824e-05 4.53014759841608e-05 4.21513475885149e-05 4.12850253269426e-05 4.58044216429698e-05 4.98867882924969e-05 0.000253446528222412 9.2354477965273e-05 5.84912340855226e-05 5.98691085542669e-05 6.54439594654832e-05 6.9256119968486e-05 7.76577791839372e-05 8.13863702205708e-05
4.56821071566083e-05 4.58935010101413e-05 4.55791638160008e-05 4.39907786130789e-05 4.58576696473756e-05 4.57777949122828e-05 4.57923761132406e-05 3.89218888813048e-05 4.00646387788584e-05 4.19203659475897e-05 4.32123622886138e-05 4.22411210820428e-05 4.16702847360284e-05 4.71219056635164e-05 4.36777847426129e-05 4.03769452532288e-05 4.40657926446875e-05 4.20413360188832e-05 4.34423880506074e-05 4.01174842409091e-05 3.56329903297592e-05 3.37801739078714e-05 2.70829518740356e-05 2.62644068243389e-05 2.80402725366002e-05 2.61678183051117e-05 2.58753932939726e-05 2.50453345870483e-05 3.05032803225913e-05 3.30604245391442e-05 4.32580742199207e-05 4.58639053249499e-05 4.1471438271401e-05 4.39152601757087e-05 4.8980373685481e-05 4.86417942738626e-05 5.08123062900268e-05 5.91487021665671e-05 6.66543801344233e-05 7.05579896020936e-05 6.94602003932232e-05 7.10297070327215e-05 7.61692361265887e-05 7.80006022978341e-05 8.16864256194094e-05
5.18261205797899e-05 5.05668765981682e-05 5.0524904509075e-05 4.96672730150749e-05 5.006667906855e-05 4.47066395281581e-05 4.1197306200047e-05 4.17638349972549e-05 4.49762897915207e-05 4.79153373817098e-05 4.34108653280418e-05 4.4146854270366e-05 5.04794343214598e-05 4.73022480946383e-05 4.22011131377076e-05 4.54424882263993e-05 5.08260567585239e-05 5.10358911924413e-05 4.75698741865926e-05 3.99156493585906e-05 3.79264374714694e-05 3.17661955705262e-05 2.81620063105947e-05 2.73773529443133e-05 2.76011284768174e-05 2.93586835141468e-05 3.10433430058765e-05 3.43767220329028e-05 3.39999602147145e-05 2.97417645924725e-05 3.42087863828056e-05 4.10451362768072e-05 4.78035955893574e-05 4.31425431088428e-05 4.38434622992645e-05 5.15816458573681e-05 5.90183508393238e-05 5.99434357354767e-05 6.13473112025531e-05 6.27031033218373e-05 6.87060066411505e-05 7.36623718694318e-05 7.80933711212128e-05 7.76497559854761e-05 7.73892788856756e-05
5.8828425790125e-05 5.66051410714863e-05 5.31770954694366e-05 4.78051006211899e-05 4.27071734520723e-05 4.11865350542939e-05 4.36017484389595e-05 4.55518385933829e-05 4.56123507319717e-05 4.24435604145401e-05 4.69452452307451e-05 5.0826440747187e-05 4.95425892950152e-05 4.865604423685e-05 4.96026616019662e-05 5.1636390890053e-05 5.25879066117341e-05 5.08274850290036e-05 4.20699318055995e-05 3.90786375646712e-05 3.71538262697868e-05 2.98108112474438e-05 3.04249690088909e-05 3.61269863788039e-05 3.5920395021094e-05 3.56001773980097e-05 3.47455525115947e-05 3.33581205268274e-05 3.15950293952483e-05 2.79357775980316e-05 3.7614749999193e-05 3.95703595131636e-05 4.12671532103559e-05 4.25919586632517e-05 4.34927529568085e-05 4.78239020594629e-05 5.84329089178937e-05 6.17069454165176e-05 6.19235925114481e-05 6.31651404546574e-05 6.47880380711285e-05 6.91870711307274e-05 7.3763687396422e-05 7.87708951975219e-05 7.85810771049e-05
5.80566360440571e-05 5.40815661224769e-05 5.00947009641095e-05 4.68447744424338e-05 4.57990034192335e-05 4.71791960080736e-05 4.78362728244974e-05 4.95555945235537e-05 4.37455701103318e-05 4.16881699493388e-05 4.98690345921204e-05 5.3338995348895e-05 5.51668315893039e-05 5.11476362589747e-05 5.05888832776691e-05 5.22176007507369e-05 5.46349108844879e-05 5.40345756235183e-05 5.15382895173389e-05 4.9103434139397e-05 5.04358713442343e-05 4.13627260059002e-05 4.1098268229689e-05 3.95280027078115e-05 3.73498865883448e-05 3.4974081791006e-05 3.37546047376236e-05 3.19122986184084e-05 2.8936966737092e-05 3.63346825906774e-05 3.64353476470569e-05 3.55466414475814e-05 3.68675062418333e-05 4.18637828261126e-05 4.20367199694738e-05 5.46499903066433e-05 5.57597391889431e-05 5.64021325772046e-05 5.96881847741315e-05 6.31468083156506e-05 6.30382910458138e-05 6.24732074356871e-05 6.41271504719043e-05 7.57505993533414e-05 8.19054479507031e-05
5.63753721507965e-05 5.48320951565984e-05 5.36493065737886e-05 5.09492256242083e-05 5.17237058375031e-05 5.22451256983914e-05 5.37982472451404e-05 4.48036558736931e-05 4.38679824583232e-05 4.86962127979496e-05 4.63589547507581e-05 5.29541555806645e-05 5.51000241102884e-05 5.4259864919004e-05 6.30591035587713e-05 6.30413662292995e-05 5.902838674956e-05 5.32833269971889e-05 5.25930436197086e-05 5.20679910550825e-05 5.35230627065175e-05 4.82844641737756e-05 4.09573038268718e-05 3.87757085263729e-05 3.72537446310162e-05 3.67705413736985e-05 3.98267884520465e-05 3.15925382892601e-05 3.81834635845735e-05 3.72807629901217e-05 3.66871925507439e-05 3.63610839485773e-05 3.65905350918183e-05 4.98377145049744e-05 4.93836680107052e-05 4.86444558191579e-05 5.17264536028961e-05 5.76300499233184e-05 5.6309457977477e-05 5.75658898014808e-05 6.28559180768207e-05 6.35760468867375e-05 6.51656333502615e-05 7.19525844033342e-05 8.21957837615628e-05
5.73919249291066e-05 5.9778423201351e-05 5.9465484082466e-05 6.07745043453178e-05 6.18603353359504e-05 5.9371694442234e-05 5.11428841491579e-05 4.64739694507443e-05 4.88718049382442e-05 4.8655373211659e-05 4.47143545898143e-05 5.54426171220257e-05 5.81770327698905e-05 6.40042340819491e-05 6.4631259010639e-05 6.14032418525312e-05 5.58052717678947e-05 5.44157190233818e-05 5.40329852810828e-05 5.40833894774551e-05 5.40061864739982e-05 4.9720282186172e-05 4.15318421801203e-05 4.88748279167339e-05 4.90276102937059e-05 5.10907595526078e-05 4.47165235527791e-05 3.9934796950547e-05 3.90081628211192e-05 3.81555293643032e-05 3.74709772586357e-05 3.67678720067488e-05 4.23525516453083e-05 4.68075853859773e-05 5.60095657419879e-05 4.87376122691785e-05 4.4320054257696e-05 5.27661566593451e-05 5.70692307519494e-05 5.64181265872321e-05 5.83581586397486e-05 6.76578427373897e-05 7.49557955714408e-05 7.11940530891297e-05 7.26787944586249e-05
