Scripts_&_data/Maxent_result_files_2/B_handlirschianus_3.asc
NCOLS 594 
NROWS 330 
XLLCORNER -15 
YLLCORNER 23 
CELLSIZE 0.166666666666667 
NODATA_value -9999 
[rows 240 to 259 of 330, columns 450 to 494 of 594]
0.000204406530276202 1.09708224795058e-05 1.47099140182516e-05 3.49147240079617e-06 6.51942830209862e-07 9.42711298890231e-07 3.19964329862366e-06 1.99898877539795e-06 1.15398481109863e-05 5.46668672589679e-06 8.8527666336824e-06 3.90306812603214e-07 1.11203131609727e-06 1.34061677039554e-06 1.02949948217912e-05 1.70902084015712e-06 2.15879225099469e-06 3.38336208520751e-06 5.56962687916496e-06 1.36585713919501e-05 1.3167977429962e-05 4.0323936489095e-05 2.28852074788399e-05 3.86389995797876e-06 6.85418053137932e-06 1.89183005369742e-05 7.96093533168118e-05 9.38940964601898e-05 2.1924445643573e-05 0.000323962530635313 3.01307662255113e-05 7.06961281717877e-06 1.22645573421565e-06 1.56126420676195e-06 1.89946380122485e-06 2.11385505893835e-06 4.28508955883311e-05 9.58005427235786e-05 8.47952697717647e-05 0.0108204748994922 0.00631421422007179 0.000139586911632383 9.48254538845727e-05 0.000341155801913828 2.39313214549952e-05
3.43131203927149e-05 5.95343016409622e-06 3.07250613553745e-06 5.82898226746398e-06 3.61194853546465e-06 1.01925012833348e-05 1.31492815409917e-05 4.19469549016727e-06 5.48569461907844e-06 2.51634794175004e-06 2.52314972328804e-06 2.6258924179956e-06 1.79085554776748e-06 2.31767172174102e-06 2.2387121586398e-05 1.49942031847372e-05 2.33491481865578e-05 0.000101548059214451 0.000104770303427415 1.86800750313409e-05 2.56605597540815e-05 2.30422963140131e-05 4.25364059689626e-06 2.11847366736073e-05 1.18499026140473e-05 1.4164192697752e-05 1.74430176411278e-05 6.35997955200196e-05 1.65205054901918e-05 9.27977634392896e-06 6.0871162355447e-05 7.29318077272723e-06 3.06238309368823e-06 1.85556675210696e-06 6.5571841530998e-07 1.07464005214553e-06 2.37634029869316e-06 5.10941529051623e-06 9.11459483381449e-05 0.0125114990109068 0.000138070905707011 0.000108052977435813 7.89813175829934e-06 1.06314364643367e-05 1.3533285606826e-06
7.06409003503161e-05 6.72282554035064e-06 2.14725351099787e-06 5.83783174421537e-06 1.3918394375112e-05 4.10063842576358e-06 1.06384666532566e-05 4.91698373376037e-06 4.47296650127882e-06 4.32378546935119e-06 2.21899860211039e-06 2.205340662087e-06 2.5214083393621e-06 1.52856855493155e-06 8.29883302255752e-07 4.70311306351223e-05 3.92489918283778e-05 0.000102631492165273 9.4241140962481e-05 7.64229106607672e-05 1.544352080316e-05 1.6957093177794e-05 2.42447126489465e-05 2.03301418359558e-05 1.7947684999875e-05 7.25464713107193e-06 3.05354516443312e-06 1.08249585601961e-06 5.27679323957253e-06 4.8449695742292e-05 3.01836601722116e-05 0.000194743369577255 1.30622651745793e-05 5.14815855954254e-06 5.13089074805073e-06 7.57206493862128e-07 3.28419341307784e-06 4.596589352035e-07 4.44330081276312e-05 1.93395866009194e-05 4.81632020766787e-06 1.19258442659032e-06 2.44929602786215e-06 7.16341487994043e-07 5.75082658400561e-06
6.12999762694244e-05 0.000266031047469539 8.34275250447547e-06 4.96504084139815e-06 2.40399898245869e-06 2.50329152322593e-06 2.34475671163636e-06 4.53917398793857e-06 6.94989118178668e-05 0.000130470900979418 2.65327236688151e-06 6.44994566623147e-07 1.0797290903497e-05 2.7984108498913e-06 5.90478839415098e-06 7.20668665691315e-06 3.35544857202996e-05 3.64250670014221e-05 2.1178520256071e-05 1.69788724027953e-05 4.29809011002757e-05 2.28812414125201e-05 2.50878801770327e-05 9.89350150661039e-05 2.18726425517346e-05 5.44874737613554e-06 1.53583065670704e-06 5.6820321493456e-07 6.14261820963691e-07 8.98829321949179e-07 1.86337584409557e-05 7.62345120733698e-05 2.17839875825909e-05 5.58307123091906e-06 2.11423320273241e-07 1.16716050619914e-06 4.4260432714438e-07 4.01999257646501e-06 8.25041514112001e-06 2.12003694421981e-06 4.4735492451764e-06 5.50877950900031e-06 2.13521363434666e-06 1.61013162562895e-06 1.01922122651699e-06
6.73069415928484e-06 3.65049633206382e-05 2.34720807324784e-05 2.99753889696497e-06 2.93855237600837e-06 1.00974626633388e-06 7.86008878606026e-07 1.68697862875433e-05 7.64826257466211e-05 9.72470708013873e-05 9.66522185649188e-06 5.41073018277549e-06 8.65067811544051e-06 4.75776547217421e-06 2.24839999178883e-06 2.1728598483195e-05 4.75115845836815e-05 1.78133908386835e-05 1.28419850427219e-05 1.32057692106446e-05 1.51775565648715e-05 3.90266447181764e-05 8.82997585021528e-05 9.43119366481948e-05 2.57633355197129e-05 2.03631472244226e-05 2.88482068945273e-06 5.37482691875812e-07 5.4637288713355e-07 3.76282518443904e-07 2.74453426829524e-07 6.12472137717646e-07 2.51534208928206e-07 2.2186824804038e-07 4.42975457026762e-07 1.94266439734747e-06 1.82625191058605e-06 6.78357552530429e-07 3.76083834652263e-06 1.55226139817444e-06 1.21640299290959e-06 2.13330559262204e-06 3.88135566069536e-06 1.97646812880592e-06 2.01838926354725e-06
2.32127484911193e-05 2.55730884332062e-05 1.75645990046158e-05 3.95776615587096e-06 3.67047112490582e-06 3.50496476224649e-06 7.95066487291329e-07 3.99591206473815e-05 0.000180666762682336 4.66822765724961e-05 3.30940167392879e-05 6.13177421348254e-05 7.83199546265934e-06 2.10371275434218e-06 1.07320412511602e-05 5.53834539549825e-05 1.35115525020657e-05 1.50894981449712e-05 1.65536797183341e-05 1.75834811775744e-05 1.81828205956247e-05 1.79149469324513e-05 3.09186621199053e-05 1.65648606438529e-05 1.20410539478866e-05 2.20456584977158e-05 1.88368950632123e-06 7.29805256582949e-07 7.20509644791534e-07 8.2055289709615e-07 3.03521521161088e-07 3.1804147657688e-07 2.91895871100678e-06 2.58475133989577e-06 2.31699290651477e-06 2.27392834162288e-07 9.29190269594038e-07 1.98773946813446e-07 1.04896187735903e-06 1.41912084927753e-07 5.62491291411504e-07 1.48271588251703e-07 1.60682523073774e-06 2.93639703699e-06 1.43792264708509e-06
4.18825219511199e-05 4.66410989481303e-05 4.78362072915406e-06 8.45335203244479e-06 7.5093361282863e-06 1.19410019816968e-05 2.21710381346218e-06 1.33542134578279e-06 1.0187869610212e-05 2.85864051596918e-05 1.59382050893719e-05 3.44833782398246e-05 4.04391641795065e-05 3.66807080672604e-05 5.2730429769221e-05 1.13608163087253e-05 1.80050297520107e-05 3.06979263248186e-05 2.27489579599061e-05 2.54196569900444e-05 2.61483587211453e-05 2.55007871774571e-05 2.80999784311398e-05 2.76516692220286e-05 2.64117466782787e-05 2.62187905115119e-05 1.69925862366749e-05 1.34913875379561e-05 2.09203376098088e-06 9.91638158609476e-07 9.93108541391674e-07 6.4297502522237e-07 3.06643079994728e-07 3.93670623344278e-07 2.57779797574464e-07 1.93061266529071e-07 1.52808420119666e-06 1.63130782434573e-06 1.849736134929e-07 2.15185891372371e-07 1.25562950817892e-06 3.9706031609299e-07 6.56184236547119e-07 1.12786371815332e-06 1.4209318351277e-06
0.000332835675053467 1.67873638674432e-05 2.63964165900799e-06 4.61188301974502e-06 1.79497607522006e-06 1.04453830266249e-05 2.35564625230555e-06 1.7029949002545e-06 2.08293478808907e-05 1.33265773010094e-05 1.84393624252821e-05 3.6504128328807e-05 3.19520560965736e-05 2.21164107680583e-05 8.15781492231493e-05 1.73570825281244e-05 3.59067827198301e-05 3.01111614508964e-05 3.23912090059664e-05 3.487828094344e-05 3.8776450145328e-05 4.09569603447069e-05 4.44315362983949e-05 6.66145501677651e-05 4.66806368022765e-05 5.22378529493994e-05 3.22867768653201e-05 5.51662873605197e-05 2.03124253648213e-06 2.41127108394634e-06 3.40042339330715e-06 5.57976799009374e-07 6.5611499197038e-07 4.89619294263832e-07 1.46434584893385e-06 6.0453210700695e-07 2.44121620496252e-07 2.02156221495997e-07 8.90992435498283e-07 4.02828019130386e-07 6.06262200619767e-07 3.63635153632913e-07 3.1074897683947e-07 1.68011925527622e-07 1.69449974363189e-07
0.00204504428258758 1.88644385319181e-05 6.71832614445034e-06 4.00397895184978e-06 4.92807644021376e-06 1.71668207865627e-06 2.15041538769167e-06 8.69173213786656e-06 1.36995282989716e-05 2.0562416420733e-05 1.30662582387586e-05 1.85434524783812e-05 5.7777325729691e-05 2.02918667952856e-05 0.000363367851462471 2.55503286022085e-05 3.52087526328093e-05 4.64433805340114e-05 9.05572722390557e-06 5.44044261336585e-05 5.60370677593403e-05 5.87894385778664e-05 6.81494463291354e-05 6.74238627997314e-05 6.40443971957394e-05 5.51632682134429e-05 5.63567682119293e-05 2.78162970779872e-05 2.31957187974641e-05 3.23251916112266e-06 1.70090009356416e-05 2.75869757423441e-06 2.31307726440422e-06 2.31504566238216e-06 4.02710250573257e-06 1.07545013968702e-06 1.14250354062984e-06 1.08952624022773e-06 1.55862743517199e-06 2.63042130140834e-06 3.96724334066345e-06 2.02869559909891e-06 3.97905693232392e-06 3.32312189185058e-05 2.4501565874524e-05
0.000714702935531974 0.000449090232991978 7.57590904781891e-05 8.22113710120531e-06 4.50537037863796e-06 2.21468049540485e-06 3.59140394685653e-06 4.4400266057576e-05 2.38954690284676e-05 2.89885913530297e-06 6.6099001803277e-05 0.000108580517776602 7.36501743723972e-05 5.30511296205183e-05 5.06673591944562e-05 0.000266120598993425 3.83411237430131e-05 6.26631312910853e-05 7.26492656693556e-05 7.96188034276835e-05 7.9354317285063e-05 8.3552246786045e-05 8.37721534867608e-05 8.84056707239011e-05 7.54329019142075e-05 5.1268533454174e-05 3.42183832148568e-05 2.41137580802464e-05 2.43720409252357e-05 0.000101132337996657 2.02465552424647e-05 2.13050247625635e-05 1.69513450636427e-05 1.46944216378619e-05 1.43585872864782e-05 1.7261888712794e-05 1.50642507047993e-05 5.15842385912069e-05 1.93302118268734e-05 2.78998320453194e-06 5.11555006910136e-07 2.79941634145908e-06 2.33370657538812e-05 0.000671767768008635 0.000209611736257109
3.13701413858558e-05 0.000256498086253032 0.000490569122988838 3.47337962222305e-05 7.0947327853621e-06 2.92419731094951e-06 1.09591210620152e-05 9.78044418146418e-05 2.63195802254868e-05 2.38736083075786e-05 3.71622871382371e-05 6.62317287543623e-05 3.77693822712133e-05 4.34802077159291e-05 4.02197825665085e-05 0.000442924772711262 2.73529744660661e-05 4.55920133243359e-05 6.55282194324647e-05 9.69586518865806e-05 0.000350580773912945 0.000115696025256007 9.83377832076582e-05 8.9484221490177e-05 5.10467802025683e-05 3.59058731942197e-05 2.9428575119661e-05 2.71773867995706e-05 4.85677850699195e-05 0.000439490505417428 5.76371385801244e-05 3.49928679914346e-05 0.000332753347424308 2.41377126549369e-05 6.83725086326081e-05 6.18205669148164e-05 5.49279476297571e-05 0.000162679336091243 0.00013556298755919 6.42586414109525e-05 8.97463418445543e-06 6.54592284105249e-05 0.000801829389110509 0.000244434127520154 0.000175139002472946
0.000122149247105385 5.16626941452603e-05 0.000536045097431526 0.000168135765999011 6.01402415282504e-05 6.74268991849525e-05 2.57857315511423e-05 4.02568741426634e-05 3.81085874368692e-05 3.44712275853531e-05 3.50409306552946e-05 0.000171059220320546 8.8554284678577e-06 6.33204096239792e-05 3.92680388210387e-05 3.31809748046585e-05 0.000170795515806699 5.59333817655605e-05 0.00015533682213642 0.000235169034573657 0.00020431589649319 6.15271165472664e-05 5.72896708474047e-05 6.13061128782899e-05 6.88249623651438e-05 6.42999246271647e-05 8.56374638335322e-05 0.000230482907108631 0.000507788580100943 0.00141184974828974 0.00032490296493104 0.000583605774439633 0.000416151602519221 0.000151284494703052 0.00278698318342663 0.00107337782671806 0.000150672547339248 0.000458589903371376 0.000891493182041358 0.00134379104868003 0.000436638758952768 0.000126239185890853 0.000375826869830576 0.00220859556509367 0.000818187060212949
0.00089920118693243 0.000430451993889491 0.000374255628640618 5.95657199635391e-05 0.000337063714363151 0.000321613047571256 0.000324525419221811 1.77699837045631e-05 5.56871116678237e-05 7.69491545447032e-05 8.42258320313483e-05 8.76323010583713e-05 7.13293535576032e-05 6.74231104174417e-05 5.25761344001174e-05 3.64641973406132e-05 0.000100584820979821 4.51029665476277e-05 0.000200998405932351 4.46254386566425e-05 4.8059127075506e-05 5.22119958597744e-05 5.59728326959608e-05 6.758567548526e-05 8.6736622528738e-05 0.000225075271523512 0.00593336349353422 0.00162110256046617 0.0053578029154778 0.00297534562555484 0.00404226825539808 0.00396495042341485 0.00669207000892129 0.000644684227358994 0.000599959714418219 0.00141727410762087 0.00121526963416727 0.00105074614257319 0.00162159571627853 0.00101391025673365 0.00112045194505299 0.00187814843393426 0.000682376002077945 0.00151590749810566 0.000135616129182381
0.0031592376169101 0.00287842715724764 0.00247544667718103 0.00144631256692946 0.000617559441880111 1.65712089479575e-05 3.15002472410342e-05 3.36734444399411e-05 0.000119117377837541 0.00010714742577087 1.55933670020536e-05 1.00712456936547e-05 9.2141436784754e-05 7.49445149138439e-05 6.51820853193041e-05 5.15158788882752e-05 5.70579982394404e-05 4.65604576152301e-05 9.45702510833701e-05 0.000448831799278193 4.46514241133511e-05 5.50050583373318e-05 0.000158846498135712 0.000650152252566016 0.00382396894108012 0.00373917702199833 0.00995737986527274 0.00989119336431941 0.00291975258910497 0.00270221530718118 0.00523638309241505 0.00221662670282967 0.00203671928193216 0.00684383125044405 0.00219732658006251 0.00321916915127076 0.00220516964909621 0.00293736136518419 0.00320168571779504 0.00897771784802899 0.00286676141549833 0.000908627221360803 0.000306394103972707 0.000355426123314828 0.000433257336771931
0.000175114498784978 9.35465420312198e-05 0.0115506065278169 0.00100069599978738 0.00188030661855123 0.000844932038034329 0.000367164544003984 1.0855237273788e-05 1.73502474880238e-05 9.76733669124208e-05 6.84779448511197e-05 6.07557376605672e-05 0.000102199310253992 0.000124227848749392 0.000134252606884 7.09491394293993e-05 7.10290462203056e-05 6.67770049799121e-05 6.58908728210284e-05 7.24354591641663e-05 0.000177547712604309 0.000123223198929123 0.00272463539832017 0.00702898681176975 0.00390273258262823 0.0101097766368184 0.0133932997472584 0.011907168943435 0.0131192985223606 0.00339319954509847 0.0024968192949018 0.00680564493231941 0.000565272261155769 0.000363256897617248 0.0287061530165374 0.0337118729017675 0.024154310580343 0.00939076291397214 0.0215594233945012 0.0110195387387648 0.00506114341551438 0.0227504290174693 0.0109796454198658 0.00191408775572199 0.0279857335612178
0.00287414688555145 0.000377861490727582 0.000161648133107661 0.00226422339549828 0.00141426569244203 0.000891873454950343 0.00193554335665453 3.2009128163446e-05 6.067647396234e-05 1.99039723145611e-05 0.000169850564632812 9.74466519155226e-05 6.60771362238521e-05 0.000103370168370975 0.00016904354255588 9.23410363847799e-05 0.000102413544656055 9.05685422124991e-05 0.000153118513062944 0.000634562719329068 0.00149383334639879 0.00693235601954143 0.0255830792026245 0.0185868488995766 0.0142353293806082 0.00432676257332787 0.00412922425894067 0.013404204021208 0.0112719626398757 0.00877912642899901 0.0242635596077889 0.0283268147613853 0.0275594505481422 0.0041002954589203 0.00746367390966043 0.00940453114453703 0.0187526316847652 0.0130785448942333 0.00591227028053254 0.0438807253725827 0.0170583328232169 0.034190259128809 0.00845068269409239 0.0318150626961142 0.0221171762794256
0.00372075138816399 0.00394903879960111 0.000434720676488531 8.17377112226403e-05 1.95548475794283e-05 0.000106356590511147 0.000347559726771163 0.000188283094291286 0.000108183479490487 7.62668058085336e-05 2.29973260442939e-05 0.000356875122719646 0.000778251417198028 0.00101998850258553 0.000127907810819838 0.000117409184050077 0.000110117289903133 0.000115906977231928 0.000225594457626377 0.000148721928579487 0.000796763522883737 0.00131297346932939 0.00849102985278023 0.00674871344899657 0.00664537083175674 0.00227325718151405 0.00175602132221684 0.00113696865937527 0.00119057574447652 0.000380090409817058 0.00376367158023641 0.00479515914339572 0.00547418085625395 0.0069873150321655 0.0181756530422717 0.00588639250490814 0.00571852192515507 0.00561829652870074 0.00826486053410918 0.0285736724734306 0.0378175619058311 0.0136223863810301 0.00669132235925645 0.0127110655419528 0.0291469448246062
0.000303771656583862 0.00282557335270468 0.000473542163286567 8.41829075938216e-05 4.21788256508293e-05 2.09527147464139e-05 1.14584008979235e-05 7.94821381116306e-05 0.000111409069594925 5.58432884119275e-05 0.000214747355465805 0.000159086008454867 0.000551668202092159 0.000800504744290009 0.000465267891659593 0.00011365314971018 0.000125455130075447 0.000143318013205884 0.00179134926061693 0.0016576915362748 0.00244124878264529 0.00361023982184392 0.000606891167077706 0.00749401574103103 0.00484071060154747 0.00433239205958671 0.00134242695203284 0.00169311816280242 0.000377733821733273 0.000373123635654338 0.000224576990149217 0.00368845322227571 0.00392388797481544 0.0033000914612785 0.00620692661032081 0.0350946324877441 0.0800661005079746 0.00549196143401787 0.00548778976080939 0.0118129745125771 0.021031586220488 0.0349854089319706 0.0114570433041081 0.0545252685435116 0.0189885693136603
0.000923923066834931 0.00240475132515385 0.000364262680379301 0.000192316570971762 0.000171790333407618 0.000174935448106273 1.00653234791692e-05 0.00012035956595895 9.15215033949313e-05 0.000593691928334472 0.000823175788444175 0.00193054565528197 0.00112341954349091 0.0027801719836468 0.00215728458292404 0.000853663010085803 0.00402590944406853 0.00193814709606457 0.00357242999349694 0.00619471068239363 0.001969003754607 0.0016239077098362 0.001452969276761 0.00145383701004107 0.00125921751014175 0.00183825041058299 0.00237866627285257 0.00445346966735087 0.0188292504521087 0.00339219698216766 0.00326020977809094 0.00198475541983498 0.00117474453290924 0.00308480343956035 0.0039465373265557 0.0332355551421642 0.0334927150979638 0.0548828540369868 0.0104828077601269 0.0038439120806288 0.0170145567972213 0.0317789408378303 0.019220229703933 0.0143551752436906 0.0749238193035126
2.12298133215549e-05 0.000718140398554112 0.000532575647541478 0.000258856886280334 4.99137635479041e-05 2.19973058921963e-05 2.58564852475107e-05 0.000178919864237059 7.5016334015654e-05 0.000100841028540244 0.000221728364549278 0.00097168532644325 0.000929241419560256 0.00103428571247974 0.00127154120005741 0.00877683738194719 0.00163725358916054 0.00151832587079497 0.00135464515025134 0.0132681477281039 0.00809150876630156 0.0092658481647959 0.00162958924629493 0.00688392409938388 0.00198926078446675 0.00586105438414961 0.00174222769273911 0.00179653586237691 0.0030596072494518 0.0139205101877451 0.00303364605642855 0.00248676182818599 0.00298478788463399 0.00315398517996073 0.00302901818067767 0.0039951832848601 0.00515360061544925 0.00305254659615457 0.00528554480988532 0.0943996645510197 0.013066602521576 0.00535566711332649 0.00363776388112456 0.00570634776959196 0.0144627726636827
