Scripts_&_data/Maxent_result_files_2/B_haematurus_3.asc
NCOLS 594 
NROWS 330 
XLLCORNER -15 
YLLCORNER 23 
CELLSIZE 0.166666666666667 
NODATA_value -9999 
[rows 40 to 59 of 330, columns 540 to 584 of 594]
1.57164590230963e-09 6.89204839865454e-09 3.38414656830821e-07 2.60146239128289e-06 -9999 -9999 -9999 -9999 -9999 -9999 -9999 -9999 -9999 -9999 -9999 -9999 -9999 -9999 -9999 3.12142772642687e-06 2.25118812480218e-11 2.63224997354428e-12 6.45266506893449e-11 5.18970422191956e-11 7.3602379746518e-11 2.12318912451437e-09 4.28601952373597e-08 4.21600154787427e-10 2.35128583270239e-12 1.98122629413433e-12 2.49601450619252e-12 2.39741004826044e-11 2.48285059178954e-11 3.86644050109908e-12 2.0996315797106e-12 2.02383665381944e-12 2.50062193174472e-12 1.75179870609554e-12 1.6069479080727e-12 1.66280322844159e-12 2.96548341438552e-12 2.34440244994971e-12 3.6552094684339e-12 9.31541365156718e-09 -9999
1.8450052596819e-11 1.76019532283078e-11 1.79935621957839e-11 1.5176526702021e-11 1.56907598025668e-11 1.49129708582052e-11 1.34595445899777e-11 1.97040717075936e-11 3.32530658564423e-10 3.43847184058887e-10 1.26700350211451e-10 8.9692331339819e-11 2.4562574196807e-11 3.89863696881321e-11 3.26129123706664e-11 2.10420181279147e-10 2.95886983803229e-09 -9999 -9999 -9999 3.99215973723166e-08 5.27643484460327e-12 2.16340279024507e-12 2.25230945005706e-12 3.08824299466437e-11 3.07759928652729e-11 6.31556029695446e-11 5.71807046156891e-12 6.33021413065649e-12 3.14039905191521e-12 1.09442788165381e-11 1.6094725552307e-11 1.13240194998809e-11 1.93767224487829e-12 1.85507165184617e-12 1.84070536590752e-12 1.84594561858376e-12 1.73078218423939e-12 1.64018798542998e-12 1.50813805888106e-12 1.48469014860098e-12 1.47366563396645e-12 4.8051229661894e-12 3.01492930621095e-09 -9999
1.58304813702159e-11 1.5083922999537e-11 1.40950140448126e-11 1.19829701716867e-11 1.10626063865027e-11 1.0047396248325e-11 8.48972003808513e-12 7.82649500763455e-12 8.23627832602369e-12 1.01819441766793e-11 6.91332546765011e-12 6.29672980423379e-12 5.46481748742167e-12 4.79872808156756e-12 3.71684905076108e-12 3.34251515354822e-12 3.32268657032841e-12 1.5266155006799e-11 1.72360269168337e-08 1.14315507637741e-07 2.3027836837386e-07 5.8734006547212e-11 1.69944291972257e-10 1.64715006079064e-09 5.05122721428108e-11 2.11684003659229e-12 2.00408578621136e-12 1.94139149201078e-12 1.75553460657341e-11 1.12109099781321e-11 8.18199952234977e-12 6.63226140673601e-12 1.73995262642279e-12 1.76096914827895e-12 1.74218417470229e-12 1.81182846503702e-12 1.76587633404779e-12 1.64244173816996e-12 1.509803393418e-12 1.37214684059472e-12 1.36259892258295e-12 1.333566590489e-12 1.3307577262367e-12 7.73558506139693e-10 2.22144177053352e-08
1.31983313167439e-11 1.2181311515036e-11 1.07139630500797e-11 9.69107016857151e-12 1.64772221422638e-09 3.78375292209299e-09 7.41751104982313e-12 6.55668852544977e-12 5.95560267768747e-12 5.51746426324939e-12 6.09690076203151e-12 6.8071770442657e-12 4.5546899585247e-12 3.79402065320278e-12 5.56589219158354e-12 1.99762761887712e-11 2.02934002935251e-11 5.89915893911552e-12 2.8024915721403e-12 3.2150726525515e-12 2.17286189041488e-12 2.02207139921029e-12 1.91101579005704e-12 1.90810700573252e-12 1.93369764645013e-12 1.91584526021416e-12 1.85398363328204e-12 6.19834183979151e-12 2.08680850377618e-12 1.76346715008435e-12 1.6590839813091e-12 1.59595670012891e-12 1.59211532846371e-12 1.51055834507474e-12 1.51089141198213e-12 1.78168590991845e-12 1.57002189027367e-12 1.45357059722073e-12 1.44078082797705e-12 1.31427091432101e-12 1.29767308010287e-12 1.36972655440104e-12 1.37497790930752e-12 4.5951353833118e-12 -9999
1.10313425061292e-11 1.02492236919716e-11 1.03934416628704e-11 8.27740098685581e-12 7.35138616647646e-12 7.09384773145416e-12 6.07994765644548e-12 6.70933308910549e-12 6.33668673089005e-12 5.16889864243808e-12 9.33695343263707e-12 5.73302516571061e-12 4.06088496163193e-12 3.5644043272498e-12 3.47962769708943e-12 3.25567350856204e-12 2.90769630595378e-12 2.8744562285965e-12 2.50790499478626e-12 2.23719931469191e-12 1.9913959370399e-12 1.86288762193954e-12 1.84793291779783e-12 1.81399339993504e-12 1.81372694640913e-12 1.76486603109538e-12 1.78650427784532e-12 1.98628891112662e-12 1.66759939190797e-12 1.64348534781311e-12 1.62321267538346e-12 1.59229296414765e-12 1.52762247296323e-12 1.51119117219878e-12 1.50780499197367e-12 1.50691681355397e-12 1.43156597687266e-12 1.445377151299e-12 1.36587408050559e-12 1.29347643706978e-12 9.54636369954187e-13 7.12996328644522e-13 6.3365312996666e-12 9.44206934860858e-11 1.09590392316505e-10
9.08547681532923e-12 8.68031202472253e-12 7.81280595774092e-12 8.05341349163768e-12 6.98275881561017e-12 7.32467420050398e-12 5.55809842595068e-12 6.47838449552296e-12 4.95331553551637e-12 4.09596800921008e-12 3.78184150662264e-12 3.5953684474066e-12 3.28779226066445e-12 3.012168292571e-12 3.04053449085018e-12 2.58276733333673e-12 2.40003572571368e-12 2.33901786828028e-12 2.19592122263634e-12 2.08428829751028e-12 2.4264923403905e-12 1.82638348888986e-12 1.76976211463398e-12 1.80722103948483e-12 1.70103930940968e-12 1.58104640490819e-12 1.61752833349738e-12 1.7228884985343e-12 1.62009294868426e-12 1.73990821750181e-12 1.66494595887912e-12 2.57974752670975e-12 2.26934027125481e-12 2.07223127546285e-12 1.83283388466293e-12 1.52928780750017e-12 1.43053346945976e-12 7.08810787841685e-13 1.3522183373027e-12 1.2857270803579e-12 7.6136874582744e-13 2.95691249263541e-12 1.31582300610944e-11 6.40239372629026e-10 4.44581149672274e-11
8.0224049625599e-12 7.57767182335556e-12 6.96162016922131e-12 6.51754206160149e-12 6.12843109593086e-12 5.17267340072181e-12 8.70267191643848e-12 4.03936883941469e-12 3.95690147314554e-12 3.56213947227957e-12 3.20388160446328e-12 1.61152757804928e-11 3.58595375615778e-12 2.88452595142985e-12 2.68389754864984e-12 2.32169838909613e-12 2.4085622385428e-12 2.41905384612551e-12 2.12228012941296e-12 2.2820856315775e-12 2.36656250152123e-12 1.70686798028896e-12 1.71536118642734e-12 1.98611127544268e-12 1.50928158859642e-12 1.44997347462095e-12 1.64862568041713e-12 1.72412084609164e-12 1.70906622187772e-12 2.36529684727316e-12 1.82540649262819e-12 1.86779480770838e-12 1.84727788621331e-12 1.88727922179055e-12 1.57469592920734e-12 1.43377532069167e-12 9.56623669168266e-13 4.28942437125102e-12 3.51066842263492e-11 1.36982314380418e-11 1.1743583883117e-11 4.88964424505411e-12 7.98561217152383e-13 1.12225118087395e-11 1.14113488658418e-09
7.21526172142717e-12 6.62913057780656e-12 9.93212179167813e-12 1.39539457766347e-10 1.29578792140705e-11 4.89807083781102e-12 3.98954203006951e-12 3.71900288342886e-12 3.56548124358369e-12 3.14926973388197e-12 2.74068545635942e-12 2.66133781678946e-12 2.61003441082153e-12 2.34209318605849e-12 2.15693019001151e-12 2.78225220640138e-12 2.80286904796867e-12 2.81290546411128e-12 1.77551306990154e-12 1.77114989341476e-12 1.71432867901444e-12 1.55382373634438e-12 1.54759538517624e-12 1.75465197926883e-12 1.49692480633234e-12 8.1326056999842e-13 1.93197680076196e-12 1.7089663018055e-12 1.59894320006515e-12 1.63059565849721e-12 1.63148383691691e-12 1.69217972967317e-12 1.80252479609067e-12 1.82772685874966e-12 1.46903600395376e-12 1.42688083570874e-12 2.74453793025486e-12 1.87370119419938e-12 1.134381477641e-12 6.95576929388153e-13 7.15449921528943e-13 1.06726849580241e-12 2.22074580946696e-12 1.51564105710378e-10 7.93514776109561e-10
9.00371999179583e-12 7.28593851917481e-12 5.80294701180151e-12 5.72013547639472e-12 4.56258364422979e-12 4.03305167040457e-12 3.51387807739911e-12 3.29849481062183e-12 3.05706571168685e-12 2.78969070066637e-12 2.53912446623872e-12 2.39578357152936e-12 2.25303109502306e-12 2.0559443036916e-12 1.96832550258819e-12 1.85027548837979e-12 1.85895743243236e-12 1.87702076104301e-12 1.77713399551749e-12 1.52984291901248e-12 1.59561253099127e-12 1.45904399673213e-12 1.50465195858374e-12 1.87531101758509e-12 1.21290755217274e-12 1.64781521760915e-12 1.64663838120305e-12 1.53568269212201e-12 1.57057700178598e-12 1.67722502553147e-12 1.68328684324592e-12 1.69116942672076e-12 2.88211676746641e-12 2.22827312157392e-12 1.55110368993405e-12 1.48345780104364e-12 1.47871714872849e-12 1.4139800441626e-12 1.4077627952247e-12 6.52100595743832e-13 9.92994575454986e-13 1.32985844558675e-12 1.85667037300163e-12 8.56215098821167e-13 1.66348601560173e-11
6.21691587099349e-12 5.68990410343417e-12 5.28949106737286e-12 4.85061990573854e-12 4.07587297246437e-12 3.49662521159644e-12 3.15438786202549e-12 3.03952418789777e-12 2.53072007794231e-12 2.19106954801873e-12 2.09459116717881e-12 1.93730587128016e-12 1.90232274377422e-12 1.80019332773895e-12 1.71247460656332e-12 1.73664416180941e-12 1.70063962912081e-12 1.69114722226027e-12 1.64448454853527e-12 2.19234630449705e-12 1.77378112198312e-12 1.64634972321664e-12 1.62441171625005e-12 1.63548063980556e-12 1.55563339987452e-12 1.51535450854112e-12 1.50004453303154e-12 1.48191459103941e-12 1.52052814783588e-12 1.69295688579041e-12 1.70102820717943e-12 1.69986247300358e-12 1.72666325681803e-12 1.77482473162627e-12 1.64844804473319e-12 1.50111034713518e-12 1.90701898716839e-12 1.49714685093727e-12 1.44380063460403e-12 1.42658107549209e-12 1.38512534775259e-12 1.39909195340238e-12 1.92360571915628e-12 1.69201319621948e-12 1.60714774821713e-12
5.70975489111447e-12 5.31877875076248e-12 4.75701700253239e-12 3.88155063646423e-12 3.54221096898755e-12 3.11281000975328e-12 2.66976440954636e-12 2.49692488907272e-12 2.41739961381882e-12 2.05043759748946e-12 1.85778059602626e-12 1.70212732797381e-12 1.65847335864555e-12 1.58031365771194e-12 1.56342716550739e-12 1.59258162213405e-12 1.59089408313662e-12 1.60114144165391e-12 1.64177560435519e-12 1.73880909670743e-12 1.765254609154e-12 1.62762026079122e-12 1.57380775078764e-12 1.52627910310343e-12 1.46727074934461e-12 1.43334233371206e-12 1.48755452400451e-12 1.49812384719894e-12 1.50957024658283e-12 1.6679657655061e-12 1.70621294870443e-12 1.67577063336921e-12 1.59765534135659e-12 1.67411640106252e-12 1.57343027495926e-12 1.54848356359594e-12 1.55438995008694e-12 1.59667834509492e-12 2.01875183236666e-12 1.67486025048902e-12 1.73067116193693e-12 1.63363766958469e-12 1.50315315750049e-12 1.500155555334e-12 1.51503254386398e-12
4.91762186527467e-12 4.52882176205094e-12 3.99053012856143e-12 3.62720964375285e-12 3.46989104116346e-12 2.97409874505661e-12 2.65634181317864e-12 2.39727127038236e-12 2.03190797520847e-12 1.78822512353349e-12 1.62405644488217e-12 1.48662193666382e-12 1.45831124953588e-12 1.3615553129398e-12 1.39611655569638e-12 1.55220281072843e-12 1.52395873698197e-12 1.58055790677736e-12 1.64124269730337e-12 1.68319802540395e-12 1.73143721582392e-12 1.75867098661797e-12 1.64462887752848e-12 1.57932555922002e-12 1.46311851523251e-12 1.42971190442154e-12 1.52798884656136e-12 1.5678458531454e-12 1.51115786550804e-12 1.53046464390627e-12 1.67338365386627e-12 1.66169300541696e-12 1.7440826560744e-12 1.74594783075577e-12 1.63424829224823e-12 1.56127333283962e-12 1.60716995267762e-12 1.60543800475921e-12 1.57572843662024e-12 1.71526126635513e-12 1.67851288424004e-12 1.56544777141221e-12 1.52428070165911e-12 1.47605261346939e-12 1.43779432804081e-12
5.24685850322726e-12 1.47212575463129e-11 6.04787825597697e-08 -9999 -9999 -9999 4.37874077663381e-08 4.23368451407669e-11 5.18034504182197e-12 1.79913861586556e-12 1.62199143005637e-12 1.3926415576293e-12 1.38007383299055e-12 1.4255263636187e-12 1.47133416561473e-12 1.49280587891099e-12 1.52563517374915e-12 1.52851065138293e-12 1.61638480378201e-12 1.65060187740096e-12 1.69598779464764e-12 1.75676140301562e-12 1.74567027499961e-12 1.69256830773179e-12 1.6506351840917e-12 1.74146252973628e-12 1.77126091571722e-12 1.77653447508419e-12 1.77000636369939e-12 1.71733738341118e-12 1.67427183228597e-12 1.65474300928281e-12 1.71737069010192e-12 1.82560633277262e-12 1.75401915214479e-12 1.69657621285069e-12 1.6418977288879e-12 1.67340585832676e-12 1.69256830773179e-12 1.61635149709127e-12 1.54644075323063e-12 1.48281387168936e-12 1.49984469288711e-12 1.56233914694326e-12 1.65345515057425e-12
-9999 -9999 -9999 -9999 -9999 -9999 -9999 -9999 -9999 -9999 -9999 1.74738035152444e-10 3.82041065449812e-12 1.67754699020861e-12 1.39983580282887e-12 1.53717039097501e-12 7.65487673248799e-13 1.20208287768264e-12 1.66622271535743e-12 1.91292537365939e-12 1.75220948861465e-12 1.8241852473011e-12 1.85941262387246e-12 1.81592518799789e-12 1.82364123801904e-12 1.87575510679494e-12 1.83714154999848e-12 1.80190307119688e-12 1.71997971420979e-12 1.67404978768104e-12 1.73701053540753e-12 1.80732095955705e-12 1.89418480900372e-12 2.82218692859715e-12 1.72614145199645e-12 1.6583179274221e-12 1.66784364097339e-12 1.8623991238087e-12 2.40965025710693e-12 1.71790359715374e-12 1.67714730991975e-12 1.62885260834855e-12 1.70412572941814e-12 1.7507328919919e-12 1.79242176656658e-12
-9999 -9999 -9999 -9999 3.26955064195999e-06 1.09379070911686e-07 1.2446764063867e-09 2.20423679309079e-11 1.99144922774508e-11 8.81330919355605e-10 -9999 -9999 -9999 -9999 -9999 6.42439406117745e-08 5.08681985422754e-12 1.73449032914164e-12 1.80463421983745e-12 1.81120674014323e-12 1.82663884018552e-12 1.77646786170271e-12 1.76734182844029e-12 1.75595094020764e-12 1.7335466395707e-12 1.71000991144865e-12 1.72711844825812e-12 1.68800529110058e-12 1.75167658156283e-12 1.77273751233997e-12 1.77120540456599e-12 1.76274550511835e-12 1.72901692963023e-12 1.69614322587108e-12 1.89498416958145e-12 1.87141413476866e-12 1.8080537067533e-12 1.85540471875356e-12 1.9154233754648e-12 1.82941439774709e-12 1.66545666147044e-12 1.64053215456761e-12 1.71049840957949e-12 1.71702652096428e-12 1.67863500877274e-12
1.73460468211317e-11 6.67613742066919e-12 1.42542644354648e-11 5.2362114644211e-12 3.50166562412824e-12 2.98074898097411e-12 2.59263721602565e-12 2.37224684340731e-12 2.02670102922298e-12 1.14125375816343e-11 -9999 -9999 -9999 -9999 -9999 -9999 1.55667939538695e-08 1.85914617034655e-12 1.87072579649339e-12 1.84321446994318e-12 1.79042336512225e-12 1.72932779207713e-12 1.7676304864267e-12 1.78772552317241e-12 1.80646608782808e-12 1.78708159381813e-12 1.79921633147728e-12 1.8244739052875e-12 1.9059420708345e-12 1.86063386919955e-12 1.80838677366069e-12 1.79332104721652e-12 1.83607573589484e-12 1.75642833610823e-12 1.82941439774709e-12 1.85442772249189e-12 1.85935711272123e-12 2.0567103575786e-12 1.76937353657536e-12 1.83731918568242e-12 1.75278680458746e-12 1.79314341153258e-12 1.6916357203911e-12 1.63191682389652e-12 1.63098423655583e-12
5.20243848001201e-12 4.704880929296e-12 4.19233536774755e-12 3.68060026900707e-12 3.24925641947971e-12 2.8686941710987e-12 2.67964539446552e-12 2.41997533123595e-12 2.09549044782875e-12 1.91149318595762e-12 1.7508772209851e-12 3.90956600426762e-11 -9999 -9999 -9999 -9999 -9999 1.46447187709953e-11 1.9134804851717e-12 1.91985316533305e-12 1.80918613423842e-12 1.81586967684666e-12 1.86554105496839e-12 1.86282100855806e-12 1.86273219071609e-12 1.96392901941067e-12 2.01485494955023e-12 1.96996863266463e-12 2.19909646048677e-12 2.19319007399577e-12 1.93394189551555e-12 1.77767800479955e-12 1.87181381505752e-12 2.09936512618469e-12 1.96341831681934e-12 1.90966131796699e-12 1.83127957242846e-12 1.93439708695564e-12 1.92944549226581e-12 1.90466531435618e-12 2.45405917809194e-12 1.72997172143141e-12 2.12660999920899e-12 1.61917146357382e-12 1.67493796610074e-12
4.810019049728e-12 4.26738644421221e-12 3.92302856866422e-12 3.68018948648796e-12 3.30121485703216e-12 2.90769630595378e-12 2.62571075992923e-12 2.46636044920479e-12 2.25593987934758e-12 2.0193846594907e-12 1.84189330454387e-12 1.6226242571804e-12 5.29742916199893e-13 -9999 -9999 -9999 -9999 -9999 8.09993183636948e-12 2.19878559803988e-12 2.10211847928576e-12 1.82162063211422e-12 1.81473724936154e-12 2.15114592805321e-12 1.94655402907529e-12 1.92982296809419e-12 1.81372694640913e-12 1.87746485025286e-12 1.97402094670451e-12 1.94393390273717e-12 1.90925053544788e-12 1.87612148039307e-12 1.95908844702331e-12 2.65875099714208e-12 2.09866568567918e-12 2.16934248342682e-12 1.93881577459365e-12 1.80782055991813e-12 1.9642731885483e-12 1.97782901167898e-12 2.10290673763325e-12 1.84032789007915e-12 1.7199353052888e-12 1.71831437967285e-12 1.72796221775684e-12
4.42056391491974e-12 5.71045433161998e-12 3.83620912813853e-12 3.45451445227241e-12 3.26250138016349e-12 3.0118796345846e-12 2.7436830585259e-12 2.51899612280226e-12 2.49555931475243e-12 2.17673656877082e-12 2.08753014874219e-12 1.98004945772823e-12 8.66871352478427e-11 -9999 -9999 -9999 -9999 -9999 2.02396267834359e-07 2.72132316680995e-12 1.85523818529987e-12 1.83468795711406e-12 9.92672610777845e-13 1.3608114635133e-12 1.4110046464566e-12 2.18394191620064e-12 1.86101134502792e-12 1.92357241246555e-12 1.88331572559264e-12 1.88884463625527e-12 1.84893211852e-12 1.857813902717e-12 1.77617920371631e-12 1.84741111297626e-12 2.23345786309892e-12 2.50469645024509e-12 2.06153982773571e-12 1.93050020413921e-12 1.82756032529596e-12 2.0990542637378e-12 1.90967242019724e-12 1.94311233769895e-12 1.95207183750767e-12 1.9983348309438e-12 1.99945615619868e-12
4.36094493849737e-12 3.98535648926668e-12 4.03465039156004e-12 6.43214370654732e-12 4.85741447064925e-12 3.10362846533963e-12 3.13172821009289e-12 2.95911073422417e-12 2.38845609956684e-12 2.29639640636492e-12 2.07147632380611e-12 2.05871986125317e-12 2.69383404472023e-12 -9999 -9999 9.94770321671723e-10 1.33820288183983e-11 1.53493218135736e-11 6.72687905378666e-11 1.62022395500117e-11 1.84375847922524e-12 1.08222319994411e-12 1.06713526903945e-12 1.98304705989472e-12 1.96745952862898e-12 1.91213711531191e-12 1.91031634955152e-12 1.95317095830205e-12 1.97585281469515e-12 2.00192085131334e-12 2.02561301065884e-12 1.93730587128016e-12 1.95594651586362e-12 1.86377580035924e-12 3.32261995694694e-12 2.18566276188881e-12 2.31679120332728e-12 2.01670902200135e-12 2.05323535951152e-12 2.03276284693743e-12 2.01119121356896e-12 1.99988914317828e-12 1.95092830779231e-12 2.17862394791268e-12 1.95503613298342e-12
