Scripts_&_data/Maxent_result_files_2/B_humilis_3.asc
NCOLS 594 
NROWS 330 
XLLCORNER -15 
YLLCORNER 23 
CELLSIZE 0.166666666666667 
NODATA_value -9999 
[rows 273 to 293 of 330, columns 46 to 91 of 594]
0.000436624675785424 0.000468555530824233 0.00102841999178054 0.000660264436737634 0.00108907811809331 0.00230439190054312 0.0116271852981299 0.0609737068414688 0.0660759519785643 0.00492784660309553 0.029117339476943 0.0170600716024637 0.000136793882085295 0.000100639518694867 0.000172556522894962 5.94245524572767e-05 9.7001546814468e-06 3.25767703219793e-06 6.58972379117273e-06 2.85184692639939e-06 2.23812321211714e-06 1.04065979035228e-06 6.54192669435894e-07 3.19504438417439e-07 2.3336907691851e-07 2.02071169952411e-07 3.10006199855106e-07 3.79639531356002e-07 2.66080585642481e-07 1.28382896358303e-07 1.20743349030228e-07 1.65381016470345e-07 2.71230574988568e-07 5.11809673298114e-07 6.0438031989074e-07 1.81154435374697e-07 2.09432534303833e-07 9.6624043733895e-07 2.22944249816948e-07 3.89544545909004e-07 1.4755202496497e-07 1.38014826134292e-07 1.19677473353619e-07 1.16413287110095e-07 5.52200159598115e-08 5.79860002902777e-08
0.000971372332423925 0.000349596529849805 0.000977618925389834 0.000993619344080798 0.0031796092633158 0.0182344467379153 0.0199913945049047 0.0245240275748074 0.0148264429531991 0.000380230761581402 0.00061778118829352 0.000187301540583373 0.000138588924043925 4.00639279353188e-05 1.73384507507479e-05 3.70176048434256e-06 5.54938794340432e-06 4.73732232664226e-06 1.3439148661698e-06 5.91897389046192e-07 4.62334647799434e-07 2.76059634063408e-07 1.96571200417051e-07 1.68368473718594e-07 1.46084480112663e-07 1.08763135564516e-07 9.98154114695282e-08 6.31113848070797e-08 8.23075018918651e-08 1.3012253777811e-07 2.32530379928875e-07 2.35380396873541e-07 8.60954272874359e-07 4.62895271668984e-07 3.15736175104941e-07 1.5809900949515e-07 1.14145442664526e-07 1.19185248093068e-07 7.14175655502913e-08 1.00800622937491e-07 1.03984102672872e-07 6.40479706270902e-08 7.45748591213236e-08 8.65189458409965e-08 4.32270294781212e-08 3.01320121520732e-08
0.000653366779442877 0.00095627741975477 0.0035218580334913 0.00502523863688111 0.0248029708862305 0.000457271967798079 0.0161443311255425 0.0147098194342107 0.0293361261487007 0.000486768607440435 0.000243493647293835 0.000115350488212573 3.94769438578746e-05 2.97482186316644e-05 1.51364848039126e-05 0.000945773790590465 1.11033509132552e-05 1.69163411328777e-06 1.77432962423785e-06 1.00092037766952e-06 3.64517347384297e-07 1.5059096534209e-07 2.27064286462131e-07 8.40759304510108e-08 5.22315252826644e-08 3.38406241140454e-08 2.9803224788072e-08 3.55647009619986e-08 7.46665828832427e-08 9.38308091558149e-08 9.74227957861729e-08 1.54662824025653e-07 5.09908638501866e-07 5.09362571343708e-07 2.36462843117291e-07 1.40900497602736e-07 1.74029469701686e-07 8.70891669557672e-08 1.18870215293221e-07 6.01067626559981e-08 5.74877560888254e-08 4.58678426684678e-08 5.34530414819656e-08 8.68172594925554e-08 4.18860181761183e-08 4.45085025613246e-08
0.000952074011729564 0.00170233564276714 0.00566924825543538 0.014906629989855 0.011680379929021 0.00132634203182533 0.0051278454484418 0.0131531969178468 0.02619902882725 0.000536440597008614 0.00059997103584899 0.000116984895430117 3.86264632662003e-05 1.34149120461835e-05 2.0752866583984e-06 8.98298909213224e-07 3.85774150146734e-07 1.49066336181392e-06 2.85324892812522e-07 2.39324518414019e-07 1.76230277004752e-07 1.02026394577237e-07 3.07853370618005e-07 5.15942799816926e-08 3.75026819154911e-08 1.6616089759669e-08 2.91011269748509e-08 1.47828666308136e-08 2.49763256077173e-08 1.93685648186559e-08 2.69096754990095e-08 4.04512181861882e-08 9.93045606856313e-08 2.77728272046751e-08 5.48833314351072e-08 3.2957943363332e-08 2.42496663305225e-08 6.19924374056779e-08 3.34730166140496e-08 4.73938806089258e-08 4.60806403701497e-08 4.07255183465516e-08 3.50627793466174e-08 4.99381637597551e-08 2.94370538278521e-08 2.62472304668471e-08
0.00119099722360261 0.00295494900783524 0.00777237002039328 0.00307662377308588 0.00515335174277425 0.00906728715635836 0.000680617568801622 0.047513317130506 0.000188713290219689 0.000157389880439596 7.90826266655831e-05 3.29891418416994e-05 1.03923007279128e-05 1.42352273773128e-06 1.65508574119233e-06 2.20589859201148e-07 9.40572628227443e-08 1.62015888116596e-07 3.61586293839977e-07 4.05325429886361e-08 7.19159937379033e-08 1.33429244231209e-07 2.05743461412222e-07 7.99860866651514e-08 5.57676330115164e-08 2.70585514661192e-08 5.90195170069308e-08 1.21090823257397e-08 1.08107740426355e-08 1.29902937073822e-08 1.34322128420017e-08 1.67187774069433e-08 2.2759970597086e-08 2.98615888572051e-08 3.33413765485346e-08 1.6608706232546e-08 2.99444608220512e-08 6.0024557890781e-08 6.44832619745017e-08 4.8641727001808e-08 4.51403149970275e-08 2.40059924050406e-08 2.6321561841236e-08 2.42620653678749e-08 2.18725297429501e-08 2.03545082344547e-08
0.0169905013870448 0.0285056671127677 0.00989981703460216 0.00129726287335075 0.00020854796222034 0.000724561952638947 0.0346536859869957 0.000164820999407711 6.26185999004991e-05 0.000100982606334876 0.000127989640124526 1.97803869018687e-06 8.62633864773255e-07 7.58534306255498e-07 1.42452124030079e-07 1.25831137964827e-07 4.6722321211945e-08 1.68389336496766e-07 1.59910587749224e-07 5.81112950981399e-08 7.63526097014022e-08 1.09613855736601e-07 1.10986284018733e-07 6.28166731742041e-08 2.6077402148772e-08 1.07894003287257e-08 8.80126029834116e-09 7.6284347438893e-08 8.67475398180773e-09 1.13553943248412e-08 2.92497963960692e-08 2.3642403579327e-08 1.14351617952479e-08 8.94741374324326e-09 2.2870300886435e-08 2.92703719151355e-08 2.90657205637146e-08 4.08786503980352e-08 4.22199471272755e-08 2.0981954218513e-08 2.02890145462042e-08 1.39047644953649e-08 1.75293232373974e-08 1.70711490721231e-08 1.57415428025942e-08 1.35087630526165e-08
0.03574294205755 0.000301532934454052 8.24618723204607e-05 0.000318119712904874 0.000263804225351594 0.00011819968228175 2.22404916475849e-05 5.88597227121346e-06 6.77729911049418e-06 8.13378340747128e-07 1.44175692774473e-06 3.56817083341232e-06 3.93158748213107e-07 4.83097939762978e-07 2.47605097580816e-07 9.02237860422872e-08 4.3390832971113e-08 6.70574993644202e-08 1.58717822373866e-07 1.56676024376523e-08 1.59703304358771e-08 2.52234580111477e-08 8.71509974520457e-08 4.54135622329765e-08 3.41406841686265e-08 1.39027324319585e-08 7.65565144611458e-09 1.39666220144719e-08 5.25902423831326e-09 8.75688067614178e-09 1.05834528030258e-08 7.867169538045e-09 5.70122697940434e-09 8.37904982065041e-09 1.36956366691976e-08 1.1440939584606e-08 1.40748727450735e-08 1.53112735268301e-08 2.22434789809434e-08 1.40368001444457e-08 2.06877975750253e-08 1.06085463080774e-08 1.20912799883577e-08 1.07676192406814e-08 1.02714369676349e-08 8.77633575813164e-09
4.22556137303021e-05 5.86476281598136e-05 1.21992437560392e-05 6.53542121502593e-06 6.24701204141598e-06 1.49967314359012e-06 2.09680532786694e-06 3.89679908975316e-06 1.55056162293166e-06 3.18547935864721e-06 2.89303911377159e-06 0.000104519809428893 2.25544190013416e-07 1.50766011586256e-07 7.00165956324383e-08 5.6545065230118e-08 2.41088752850338e-08 1.26773888720066e-08 9.87542181474232e-08 8.15198436532327e-09 6.98914163210773e-09 1.243080576252e-08 1.68466726124805e-08 2.42217724988336e-08 1.67721314170421e-08 5.77089573905454e-09 5.61719150082851e-09 5.60425027495981e-09 5.06075682471518e-09 5.21879325310337e-09 5.96983515954719e-09 5.7621385218809e-09 5.33652575462895e-09 7.07172490566066e-09 1.26965975955073e-08 9.49275187345222e-09 9.69881487344892e-09 1.01241163008581e-08 9.16679088192041e-09 9.73428370132368e-09 1.02380233957255e-08 9.22722876994797e-09 8.35761038153748e-09 9.002770906541e-09 6.5960628403694e-09 6.36981069002118e-09
2.77811560333019e-06 9.45223600712364e-07 4.19879113955357e-07 3.0983248792138e-07 6.45829096113104e-07 2.54300668356411e-07 5.48690476664948e-07 2.21906878282718e-06 2.34602072358703e-06 1.6166947567342e-06 2.04955700997544e-05 2.69253969753525e-07 6.78247578211888e-08 5.04497070563659e-08 1.90874132943719e-08 1.45221170755327e-08 1.51088319855219e-08 9.11519661972449e-09 8.583684762975e-09 5.42021096894274e-09 4.82389240774594e-09 5.65813258468495e-09 8.56678862293236e-09 1.07245437086512e-08 1.01750608161311e-08 4.82594049167062e-09 5.37415729695567e-09 2.60259349627034e-08 2.51559008068725e-09 2.69623328108537e-09 3.93158392508752e-09 4.6598632397199e-09 5.58311150644641e-09 7.04936889972529e-09 6.93602162371576e-09 8.15722652758311e-09 8.59217067494811e-09 8.27208205267382e-09 7.24368168780742e-09 7.59998879384938e-09 7.70002063221753e-09 7.47171404746894e-09 7.35444131150231e-09 7.00904099204536e-09 6.77530289650008e-09 6.30792956757276e-09
1.48415285917691e-06 6.42910558601439e-07 1.05967073902424e-05 3.3783688105915e-07 3.51291386990749e-07 4.80345320008624e-07 1.28098120454334e-06 9.8809902033814e-07 1.4259670954031e-07 9.96762634986048e-08 1.90650299658479e-07 4.55514507224919e-08 4.27068261643626e-08 4.63712595433208e-08 1.2045161723595e-08 9.05250367999599e-09 8.24412749178549e-09 7.27364438679601e-09 6.19469217033597e-09 4.62572360415692e-09 4.46165642209451e-09 4.84692089797178e-09 5.43056407620313e-09 9.37352621077636e-09 6.36461351399831e-09 5.57109524068622e-09 3.69631276697646e-09 9.28167642744171e-09 2.54670784460842e-09 2.20582195842312e-09 3.03729429385058e-09 3.98468811280139e-09 5.23297675192325e-09 5.70858507131788e-09 6.41771351617137e-09 7.28143905170953e-09 7.07673061262071e-09 6.3360313995453e-09 5.95068840869573e-09 6.47989240043501e-09 6.36083052896197e-09 6.31176748644435e-09 5.98257688944059e-09 5.49410461569977e-09 5.90761231045178e-09 5.77482519581452e-09
2.84830383266987e-06 9.3561873077963e-07 4.21946883288893e-07 5.75755795761967e-07 3.05121273413977e-07 4.52185352251e-07 4.16229934419032e-07 1.23014734965121e-07 7.06990755827697e-08 6.21843442294434e-08 2.62542407480915e-08 1.34550789843146e-08 1.49854839315289e-08 1.10148977938707e-08 7.69630664754217e-09 6.36870980397219e-09 4.50069105317752e-09 4.37438713030147e-09 4.79625823501806e-09 6.30598986361974e-09 5.75785350509506e-09 6.3087991164501e-09 4.81779647287794e-09 4.54742455913149e-09 4.21478898449124e-09 3.7285564413736e-09 3.095236844608e-09 2.44527915693737e-09 3.26397202599082e-09 1.8855723316058e-09 2.5240613266142e-09 3.23226841958402e-09 3.74260930025017e-09 4.91873189956138e-09 5.4227308310395e-09 5.07768810331655e-09 4.9550598957282e-09 5.06365062102887e-09 5.3521697074288e-09 5.80427119700744e-09 5.22161417437772e-09 5.07442197150709e-09 5.03815885677383e-09 5.11588209572977e-09 4.54477909750395e-09 4.16675787207055e-09
1.24799321447044e-06 3.44018313580552e-07 2.30193621597596e-07 1.88298302417067e-07 1.39516920816263e-07 1.16406594785623e-07 6.18093486504101e-08 1.29316062158491e-07 2.78999013114678e-08 2.04072482801188e-08 2.43372029862243e-08 1.17587383274831e-08 1.44486095088325e-08 5.84995135666233e-09 5.5412101240826e-09 7.42858441427074e-09 7.69448144088969e-09 4.61506750593088e-09 6.29147988151502e-09 5.26468535433366e-09 5.1588840421779e-09 4.17508239092257e-09 3.09530017172932e-09 2.90770167943322e-09 2.85906687214066e-09 2.67517860086386e-09 2.44929313497622e-09 2.38118476048044e-09 2.15033710837531e-09 2.04185495178422e-09 2.08616486307989e-09 2.67113893226423e-09 3.13377669369785e-09 3.84667692143736e-09 3.76763640286271e-09 4.00136719314048e-09 4.19623376046729e-09 4.30004641893689e-09 4.44356081930053e-09 4.4137347221529e-09 4.30473635626427e-09 4.67498530998256e-09 4.54186229736919e-09 3.93018168010073e-09 3.28890108480806e-09 3.17687325335214e-09
6.53498826408416e-07 1.661258294261e-07 9.49549075368594e-08 8.95574001402721e-08 8.19091874659783e-08 6.89938284281766e-08 5.20746404997219e-08 6.85785185750021e-08 3.67941905055069e-08 4.98288138084391e-08 1.20100883349572e-08 1.06115030873433e-08 8.83545840935085e-09 4.20724958205554e-09 6.04645880031285e-09 8.69727371233253e-09 6.17606358277456e-09 4.27688769955026e-09 2.98396545250768e-09 2.6304189715276e-09 2.90542498948554e-09 2.80596669233191e-09 2.19416623759017e-09 2.31129015926257e-09 2.19128463152529e-09 2.24068764653751e-09 2.14654755081867e-09 2.08799465495346e-09 2.1114282322543e-09 1.92211279115284e-09 1.69395093507774e-09 2.32647134890129e-09 2.57720004226414e-09 2.80410674680098e-09 2.91971462562657e-09 3.01307260253125e-09 3.08113733415993e-09 3.04395078032371e-09 3.02085598757884e-09 2.97075495314658e-09 3.18896976603256e-09 3.17583739306571e-09 2.81310655880773e-09 2.75904695756779e-09 2.76480081051744e-09 2.68314057638719e-09
4.98620503808223e-07 3.82881524152445e-08 1.22018860126971e-08 1.00623282373036e-08 4.18673929414304e-08 4.55705714830223e-08 1.59759884765798e-08 5.46496095044091e-09 3.64607675162887e-09 1.47346235102042e-08 1.27510237257766e-08 7.35213473435081e-09 3.72053867714328e-09 3.92656176462225e-09 4.51102519782864e-09 4.06233559013813e-09 3.84169900335962e-09 2.27513651251954e-09 1.94093813243867e-09 1.86993819317749e-09 2.15537231396112e-09 2.14700898171216e-09 1.67560048058846e-09 1.66646648702695e-09 1.7542994057429e-09 1.6730211549465e-09 1.65371757399058e-09 1.72844900614422e-09 1.64841988947728e-09 1.39809460675266e-09 1.23967147658277e-09 1.88735259643025e-09 2.12609001515318e-09 2.26756557974994e-09 2.49624918513547e-09 2.60128654172576e-09 2.652199582176e-09 2.79474797748591e-09 2.90560262516948e-09 2.87285816247262e-09 2.64322245202564e-09 2.42469155864455e-09 2.28898351384288e-09 2.26855983997964e-09 2.30319352478858e-09 2.4153278044281e-09
1.27496348700795e-08 6.93763203551967e-09 5.98647668104135e-09 1.26472277095502e-08 7.66232648441445e-09 1.18808774152157e-08 5.92130698917614e-09 5.052981222331e-09 2.90704500471861e-09 1.89556942364888e-09 1.44505331367561e-08 8.15931827657934e-09 2.41002620082753e-09 2.65445176950152e-09 2.44868244569929e-09 2.78695773126003e-09 1.64837286042996e-09 1.45725512767925e-09 1.32798151364355e-09 1.33756657971773e-09 1.39215805550208e-09 1.35343886098482e-09 1.0536428063368e-09 1.06660544840764e-09 2.9656232580777e-09 1.62900632982854e-09 9.90929494015802e-10 1.19505358942007e-09 1.35696673897456e-09 1.34732552892203e-09 1.42649512202553e-09 1.15917814236255e-09 1.54502316496163e-09 1.83288851873797e-09 2.20394198446883e-09 2.43126144772177e-09 2.37382524748142e-09 2.47763226601805e-09 2.37730044538864e-09 2.12836320789833e-09 2.08188259964714e-09 2.01709817737594e-09 2.01391441301268e-09 2.12130280008438e-09 2.09278624430098e-09 2.09042776422308e-09
1.08559765621408e-08 4.13809877475302e-09 2.52917327081548e-09 3.97140420549391e-09 2.1781736081472e-09 8.94707719023558e-10 9.27370724657095e-10 1.36261172345442e-09 1.36877857936923e-09 1.08377024021777e-09 5.9397331608757e-09 1.34573929777559e-09 1.63198196068137e-09 2.06654281464935e-09 1.90631620489157e-09 1.42014942028368e-09 1.22559024040569e-09 1.14983076393571e-09 8.71014238512657e-10 8.69536298520046e-10 9.90608439721541e-10 9.15959608160932e-10 7.76662434365249e-10 6.47922138163892e-10 6.59412346948329e-10 1.16110223657984e-09 1.22379344436041e-09 1.85796927842929e-09 7.32100302602845e-10 8.82433570659202e-10 1.10065535574577e-09 9.31132937420642e-10 1.01075480207768e-09 1.39855089731356e-09 1.58193509403048e-09 1.76679010310821e-09 1.8911134880284e-09 1.84552885196254e-09 1.83258224151217e-09 1.85024906507181e-09 1.87736107770675e-09 1.94169224032592e-09 1.80760032497673e-09 1.66201963303081e-09 1.6130331625952e-09 1.60212276778537e-09
3.2223365420414e-09 2.81707283056321e-09 1.41873857106845e-09 1.22498724497433e-09 9.88301440685291e-10 8.32355173674415e-10 7.1091739162199e-10 8.02645250264078e-10 8.55401127708433e-10 1.0285426732537e-09 1.10651648954629e-09 1.04976691783776e-09 1.46618537311127e-09 1.54793388107421e-09 1.32921231799088e-09 1.25080327206817e-09 1.15551761492583e-09 8.5838745000899e-10 5.59338420025313e-10 6.34895414020065e-10 5.29858135145389e-10 4.82665629686352e-10 4.37594360747084e-10 3.94789756441583e-10 3.82393405828907e-10 4.42658121269091e-10 5.8796001400907e-10 1.5763175209571e-09 1.29735423515243e-09 1.21692582677468e-09 5.32031874111993e-10 5.96829508037189e-10 7.70726282794953e-10 7.61605933874421e-10 1.11980710260084e-09 1.24846958327041e-09 1.06077210348943e-09 1.12269148422328e-09 1.26221568752527e-09 1.29672474979969e-09 1.32339248448687e-09 1.35694980807344e-09 1.36418025764584e-09 1.3695602985031e-09 1.37639948327717e-09 1.28540184052284e-09
1.58508167702465e-09 1.50808736609775e-09 1.11492030052673e-09 1.03192231426519e-09 1.48352692352915e-09 1.61333363335459e-09 7.8681468007602e-10 8.20082912689202e-10 9.52214362914816e-10 9.92689463963359e-10 8.31984559024335e-10 9.17228115682178e-10 1.03982663590685e-09 1.22795023038691e-09 1.33158561954616e-09 1.06949636924369e-09 6.80588263524129e-10 4.38906677668882e-10 4.12053846599036e-10 4.90789020535232e-10 4.60141036384698e-10 4.38992786566672e-10 3.38914252218103e-10 2.54955678791191e-10 2.26177976347941e-10 3.25338778139894e-10 4.16358203469969e-10 4.54712334452267e-10 5.64077795583984e-10 1.58408394179688e-09 1.09662348091177e-09 6.91976231870228e-10 9.44784805945176e-10 8.48994352597998e-10 6.56033050105975e-10 8.5884865885788e-10 9.45941702745756e-10 9.42023747896314e-10 9.65618640602628e-10 1.03108052096346e-09 1.08120061792505e-09 1.02392048173527e-09 1.02962913750559e-09 1.08264793796664e-09 9.83920211972134e-10 8.12592049204142e-10
1.34614355218332e-09 1.41437475065231e-09 1.18774027280111e-09 1.00519027546042e-09 1.07802663462664e-09 9.88066373164287e-10 1.45320454558728e-09 1.54736362611985e-09 1.66687991187686e-09 1.40561489114788e-09 1.17369807206558e-09 9.94049209612769e-10 9.85485781868079e-10 9.74620451010821e-10 8.64669580380451e-10 7.69556973700958e-10 5.71657199355258e-10 4.47401182768203e-10 4.84357043362138e-10 5.26896293262524e-10 4.69683969495094e-10 3.54820028913849e-10 2.39114972266918e-10 1.80374726266308e-10 1.87201432133577e-10 1.84431969696419e-10 2.57413523829797e-10 7.851731376185e-10 1.14808678119971e-09 5.75186975826369e-10 5.46055201056106e-10 1.09312457974298e-09 8.18566903149076e-10 7.55521467610265e-10 7.00473778980637e-10 5.51384748970207e-10 7.00927427210729e-10 8.14485190403502e-10 9.58788715088588e-10 1.01608418345833e-09 9.51330914045201e-10 8.94570451048793e-10 8.68709726375982e-10 9.64795154878573e-10 8.95597873640241e-10 6.92718260530967e-10
1.65850170263937e-09 2.33354294776333e-09 2.7711240857542e-09 2.025017031837e-09 2.40168698262266e-09 2.18333597867826e-09 1.80192805121493e-09 1.68714133774728e-09 1.40252224278825e-09 1.25703129016941e-09 1.07363774537461e-09 7.89898579878212e-10 7.28037641284374e-10 7.23557747051018e-10 6.84766510161694e-10 5.41454625579974e-10 5.30352817218471e-10 4.62707139270435e-10 4.79990147628229e-10 4.5833368211845e-10 3.98075616914184e-10 2.359685891129e-10 2.15044437812395e-10 1.78671222261784e-10 1.99671257306022e-10 2.25252205776627e-10 1.84333981412266e-10 2.91104595984137e-10 4.25860591235505e-10 4.71983530037079e-10 5.99772442821944e-10 5.5433972967478e-10 5.18306697561144e-10 4.96554553031103e-10 5.46418710278829e-10 4.23125579018802e-10 8.9482189435941e-10 6.45338860127964e-10 8.29446855643567e-10 8.82311890215703e-10 8.71217964437676e-10 8.63459692634905e-10 9.86365422672719e-10 9.8845739371356e-10 6.60534338337016e-10 7.3275606693457e-10
1.56280455243518e-09 1.51785159996365e-09 1.82548383076409e-09 1.75952606928931e-09 2.29240398885722e-09 1.74602350355713e-09 1.2945598260039e-09 1.2298903673269e-09 1.19261878150922e-09 1.06414623779472e-09 8.93603013807365e-10 6.94188984073918e-10 6.51720921673871e-10 6.60763377346996e-10 5.6098344858313e-10 5.21022780475278e-10 4.99415708787865e-10 4.57649840246432e-10 3.91128229804139e-10 3.51433815382052e-10 3.14922865563005e-10 5.57319446148341e-10 2.78236433892687e-10 1.79310455372672e-10 1.58228341540223e-10 1.86829995918458e-10 1.981166342091e-10 2.09185468946771e-10 2.88050872043755e-10 4.24313806313137e-10 4.76970707374846e-10 4.92301222010383e-10 4.34697988715982e-10 4.08573719301586e-10 4.4700925183605e-10 4.59430804511385e-10 8.76912853442491e-10 7.30905902468493e-10 6.21172635550948e-10 6.77069289523047e-10 7.56763496312374e-10 8.02533450805498e-10 8.89689544258943e-10 6.41659336775291e-10 4.92838203580703e-10 7.28157611984415e-10
