Scripts_&_data/Maxent_result_files_2/B_humilis_3.asc
NCOLS 594 
NROWS 330 
XLLCORNER -15 
YLLCORNER 23 
CELLSIZE 0.166666666666667 
NODATA_value -9999 
[rows 147 to 167 of 330, columns 368 to 413 of 594]
0.0231754462234676 0.0222617382183671 0.0218429427593946 0.0316087426617742 0.014929588790983 0.0285026017576456 0.0512577027082443 0.0539414651691914 0.0101642723660916 0.0134061023592949 0.00963769936934114 0.00637078087311238 0.00615016026422381 0.00754371099174023 0.00758329862728715 0.0069664878770709 0.0216558743268251 0.0359194174408913 0.0296373909339309 0.0317010699771345 0.022847468778491 0.0104971102904528 0.0178052959963679 0.0166944645810872 0.0087924434337765 0.00437684895005077 0.00864844569005072 0.00691027825232595 0.00355896831024438 0.0132694497704506 0.0217736529186368 0.00453906334005296 0.00358694095630199 0.00387802823679522 0.00349899893626571 0.00326558640226722 0.00301377988653258 0.00748944992665201 0.00212871467228979 0.00586324187461287 0.00715954073239118 0.00609632283449173 0.00222418213961646 0.00425698279868811 0.00250040626851842 0.000969064049422741
0.0287436651065946 0.0230981070548296 0.0354646576568484 0.0398871030658483 0.0249270035885274 0.0214880608953536 0.0241991207003593 0.0585331201553345 0.0139121713116765 0.0146769704297185 0.00982376397587359 0.00683487774804234 0.0188742073252797 0.0241769876331091 0.0180312310345471 0.0222860120236874 0.0156280988827348 0.0289848255924881 0.0126325962133706 0.0112049706745893 0.00736769849900156 0.0105285772122443 0.0119331493973732 0.0286788665456697 0.0250975316390395 0.0262495228089392 0.00795069329906255 0.00897755278274417 0.00745042962953448 0.00406630910001695 0.00517132751701865 0.0186934356577694 0.00403607949847355 0.00721537203062326 0.00692775878123939 0.00714318235404789 0.00750180582981557 0.00273569846758619 0.00214775562053546 0.00190213058376685 0.00153168533579446 0.00332357968436554 0.00199506409699097 0.0038597687613219 0.00438435599207878 0.00315703072119504
0.0190565782599151 0.0642353273928165 0.0211116809397936 0.0282920414581895 0.0192351523786783 0.019762116856873 0.0141924215015024 0.0143402207177132 0.0163997041992843 0.014354214258492 0.0137235823553056 0.00719662643969059 0.0412447306327522 0.0309906819835305 0.014873097743839 0.0107704330701381 0.00940486351028085 0.0166907850652933 0.023188360966742 0.0081018524710089 0.00986944390460849 0.0179702538996935 0.0350796615704894 0.0141061876434833 0.00626600349787623 0.00508178384043276 0.0112247942946851 0.0231109986081719 0.00616134349256754 0.00917720436118543 0.0120980014558882 0.0112122832797468 0.0200455655343831 0.00999525142833591 0.0239058624021709 0.023106893338263 0.00600200104527175 0.00382672448176891 0.00198284467915073 0.0016776017670054 0.00139740870217793 0.00131096661207266 0.00116799139068462 0.00263798420783132 0.00461012679152191 0.00506475148722529
0.0170919738709927 0.020059369597584 0.0258355984464288 0.0200159255415201 0.0216842728666961 0.0196430161595345 0.0109337660484016 0.016823314409703 0.0294791620224714 0.0103030654601753 0.00720548871904612 0.00413230021949857 0.0262690158560872 0.0297125902026892 0.00337842141743749 0.003349783224985 0.00340684158727527 0.0038573939120397 0.00878400737419724 0.0135883046779782 0.0252756915055215 0.00585808812174946 0.0037393705919385 0.00379114693496376 0.00641662874259055 0.00344063238007948 0.00651353553403169 0.00950703532435 0.00815709338057786 0.00329771798569709 0.0116994321346283 0.00398551475955173 0.0199746986851096 0.0129966758191586 0.0522107100114226 0.0117946464568377 0.00531494689639658 0.00387670688796788 0.00170366311213002 0.00141771885682829 0.00383172668516636 0.00111561301164329 0.00416060341522098 0.0042199783725664 0.000900940346764401 0.00311314917635173
0.0167500181123614 0.0134794750250876 0.013584129139781 0.0041411035344936 0.00817910479381681 0.014631288126111 0.00885822037234902 0.00633898037485778 0.013383796159178 0.0112022587563843 0.0035724151879549 0.0225288362242281 0.0510475970804691 0.0115722658112645 0.00324090353678912 0.00329718044959009 0.00349170984700322 0.0035401648376137 0.00339300890918821 0.0158368628937751 0.00357529578031972 0.00337221182417125 0.0141296972520649 0.00327770023141056 0.00301579323131591 0.00289126838324592 0.0123905580025166 0.00311825658427551 0.0029529356630519 0.00285313704516739 0.00861352956853807 0.00374999784398824 0.0126478796359152 0.0062974089756608 0.00391852940665558 0.0325632769614458 0.0081022513564676 0.00913943122141063 0.00246477974578738 0.00421775935683399 0.00392151118721813 0.00255243058782071 0.00419603600166738 0.000859669389319606 0.00371212807949632 0.00197415116708726
0.0138329678215086 0.00787363727577031 0.00654243936296552 0.00426877271384001 0.00716669117100537 0.00382048636674881 0.0073371319565922 0.0095026642549783 0.0140133244916797 0.0129766766913235 0.0141395072452724 0.0262271596118808 0.0116221575066447 0.00284376419149339 0.00287581364391372 0.00278480942361057 0.00711670513264835 0.00300906839547679 0.00309402314014733 0.00309050924843177 0.00303011063951999 0.00299910680623725 0.00284684364451095 0.00287258882308379 0.00275482620345429 0.00273868058575317 0.00274704588809982 0.0139482652302831 0.0114634834695607 0.0114060671534389 0.0146632445044816 0.0130413183476776 0.0109641441144049 0.00913530341349542 0.00903518553823233 0.00627362970262766 0.00208745623240247 0.00718962855171412 0.0084473604336381 0.00627681142650545 0.0049022126942873 0.00437923474237323 0.00196533679263666 0.00379550874931738 0.00188375776051544 0.00327266433741897
0.00775110395625234 0.00990931028500199 0.01625169031322 0.013044176902622 0.0198043958283961 0.0114019793923944 0.013506249897182 0.0232426255941391 0.0167144528590143 0.00798425390385091 0.0057089728070423 0.0136118105147034 0.00240218660328537 0.00243012002902105 0.00705518764443696 0.00236679841764271 0.00720365094020963 0.0107094924431294 0.00257785035064444 0.00994004155509174 0.00250233041588217 0.00688225633930415 0.0023039763327688 0.00872695157304406 0.00206674853106961 0.00723886508494616 0.00235062788706273 0.00398972434923053 0.00408040201291442 0.00252675340743735 0.00825495575554669 0.0121494515798986 0.00235206396318972 0.00553916327189654 0.00755106857977808 0.00368057219311595 0.00449268110096455 0.00167148905456997 0.00129590812139213 0.00331390534993261 0.00576919128652662 0.00294179940829054 0.003771598264575 0.0033599479473196 0.00313837496796623 0.00237126083811745
0.00613376291003078 0.0137356780003756 0.0241897569969296 0.0233620656654239 0.0263483117334545 0.0309962031431496 0.0135664944536984 0.0136108910199255 0.00842236713506281 0.0241974830627441 0.020551245007664 0.00701737895142287 0.000611764444192886 0.00191153160994872 0.00613815824035555 0.00731647515203804 0.00808215523138642 0.00202012015506625 0.00209339612629265 0.00360427990090102 0.00668238871730864 0.0051897925324738 0.00711495587602258 0.0022141354973428 0.00346796392695978 0.00186355516198091 0.00185501107480377 0.00785233562346548 0.0102204359136522 0.0100592824630439 0.00740592838265002 0.00690925042144954 0.00766181566286832 0.0087194595951587 0.00312251253053546 0.00173032639431767 0.00162401791894808 0.00141396958497353 0.00401181026827544 0.00167760079493746 0.00266594542190433 0.00319012261461467 0.00321283073863015 0.00368443452753127 0.00351205364568159 0.00314549272879958
0.00391742351930588 0.0211309661157429 0.0226750602014363 0.0250403239391744 0.0204305333085358 0.00968785616569221 0.0204038405790925 0.0285907845944166 0.0834253553301096 0.0186430334113538 0.00389357525855303 0.00582317654043436 0.00425481807906181 0.00691240453161299 0.00980720338411629 0.00298897720640525 0.00553156803362072 0.00506382619496435 0.0054921742528677 0.00688304002396762 0.0120067174080759 0.0105668962001801 0.0109125406946987 0.0130684380885214 0.00350703808944672 0.00692436583340168 0.00898515763692558 0.00666837897151709 0.00827032960951328 0.00827645612880588 0.00900058397091925 0.012085231160745 0.00802634968422353 0.00390354166738689 0.00656052811536938 0.00700992261990905 0.0041866367449984 0.00470977774821222 0.00402569180587307 0.00440433277981356 0.00353196369251236 0.00179708833456971 0.000669333874247968 0.00255322394659743 0.00301577377831563 0.00299259022576734
0.0134163582697511 0.010652440181002 0.00367137498687953 0.0156680844724178 0.010112180467695 0.0306645074859262 0.0108724471181631 0.0149383576586843 0.0160623648203909 0.00721802599728107 0.00192078263498843 0.00232983055757359 0.00767476602923125 0.00859955428168178 0.00686512591782957 0.00389773570932448 0.00597039295826107 0.00569331026636064 0.00621294998563826 0.00841368171386421 0.0079084038734436 0.0114507371559739 0.0297818355262279 0.0155358582735062 0.0117704542819411 0.00939724426716566 0.0088325107935816 0.00764297205023468 0.00872297426685691 0.00812329733744264 0.0114485637750477 0.00723049889784306 0.00636117374524474 0.00643077320419252 0.00540327539201826 0.00115716867148876 0.00168126183561981 0.00419612139230594 0.00441415075911209 0.0031899613677524 0.00283436264144257 0.00201484040590003 0.00189956135000102 0.00291760697728023 0.000563621334731579 0.00240124277770519
0.0118860953953117 0.0118669574148953 0.0176377717405558 0.0159015287645161 0.0152770034968853 0.0169714905321598 0.0168694591149688 0.014286918239668 0.0134635955095291 0.0113187768962234 0.0111252426635474 0.00894333058968186 0.00822396939620376 0.0161512950435281 0.0105706164613366 0.00656768854241818 0.00559304505586624 0.00636735907755792 0.00720466794446111 0.00787137597799301 0.00957856201566756 0.0121968446765095 0.0158442303538322 0.0249993197619915 0.0376988453790545 0.0212200027890503 0.0152061994653195 0.0137507119216025 0.0119192276615649 0.0259359396062791 0.00693613644689322 0.0125934640411288 0.00785303856246173 0.00488104503601789 0.00629937765188515 0.00791840627789497 0.00530341484118253 0.00208962080068886 0.00263177797896788 0.00253534038783982 0.0026610296452418 0.00212741330033168 0.00203189750318415 0.00167900373926386 0.00176814403967001 0.00219866161351092
0.00452965530566871 0.00868453988805413 0.00861504725180566 0.00705540599301457 0.00368066981900483 0.0103096689563245 0.0107534264679998 0.0113549830392003 0.0104194609448314 0.0106491412036121 0.0126363858580589 0.0180424002930522 0.00766938668675721 0.00797846927307546 0.00687110947910696 0.00599696091376245 0.01311757536605 0.0079268401954323 0.019024839438498 0.011066563706845 0.0171948957256973 0.0500005209818482 0.0342505982145667 0.0409539500251412 0.0247621166519821 0.0503924015909433 0.0509884091094136 0.0249007043428719 0.0334989752620459 0.0361443255096674 0.00882217539474368 0.00957061136141419 0.00613884171471 0.00614397637546063 0.011885154619813 0.0105953944846988 0.00848168844822794 0.00442223371937871 0.00276796078542247 0.00241883143316954 0.00193393033696339 0.00249650892801583 0.00212734505767003 0.0019557559164241 0.0017033587093465 0.00161211225786246
0.00117855982971378 0.00661296951584518 0.00623594855424017 0.00704322014935315 0.0109450957737863 0.00776807893998921 0.0080445246770978 0.0078472051769495 0.00796417151577771 0.00779022527858615 0.00461312704719603 0.00898990388959646 0.0066149998921901 0.0160151621792465 0.0110263360664248 0.0370894446969032 0.012551403651014 0.0358948802575469 0.016377073712647 0.024902924336493 0.0293559620156884 0.0180695152841508 0.0188007855787873 0.0244696845300496 0.0219724445603788 0.0250324946828187 0.0410493932664394 0.0233540972694755 0.0257604998536408 0.0351192122325301 0.031990085914731 0.0143232346512377 0.0140900976955891 0.00471048383042216 0.00641288971528411 0.00400006105192006 0.00387596634682268 0.00218228593003005 0.00451661550905555 0.00628526797518134 0.00980139151215553 0.00587856548372656 0.0030137169524096 0.00381270133657381 0.00373658025637269 0.00424167307792231
0.00442661223933101 0.00516887241974473 0.00639344062656164 0.00535657303407788 0.00553327300585806 0.00561079611070454 0.00588069062214345 0.00770464949309826 0.00744818737730384 0.00845974637195468 0.00876975283026695 0.00588089551310986 0.00837356564588845 0.0170217690058053 0.034977625310421 0.0311742437072098 0.0350856168195605 0.0254629706032574 0.0254566796123981 0.0173361205495894 0.0133512064814568 0.0145725289359689 0.0154516111128032 0.0164409227669239 0.0158898602239788 0.0197458347305655 0.0292312539182603 0.0138122831471264 0.0135631985962391 0.0211985343135893 0.00658355529885739 0.0042495830450207 0.00580041348002851 0.0114458855241537 0.0127874067984521 0.0107285210397094 0.0126940891612321 0.0142547987867147 0.0117362194694579 0.00794201628305018 0.00877618188969791 0.0110998332034796 0.00707109065260738 0.00803482851479203 0.00313201264943928 0.00699905946385115
0.00948099298402667 0.0038698484422639 0.0036981824436225 0.00492812651209533 0.00821485156193376 0.00720345850568265 0.00750582043547183 0.0073879869421944 0.00846746037714183 0.0137480873148888 0.0188261291943491 0.00843122489750385 0.0164539649151266 0.024818710424006 0.0199295953847468 0.03112519569695 0.0132597520016134 0.0121386828832328 0.0127555426210165 0.0113435784354806 0.0117408802267164 0.0109409525990486 0.0116956811863929 0.0118633746169508 0.0159066203981638 0.0113774819299579 0.0103430394548923 0.0145015057642013 0.0371626019477844 0.0046549383783713 0.00383971101837233 0.0120338172186166 0.00902645499445498 0.0115298669785261 0.00925510372035205 0.00970726548694074 0.00929384841583669 0.00878481161780655 0.00815502619370818 0.00760434386320412 0.0106930155307055 0.00793725252151489 0.00812684088014066 0.0113372910767794 0.00819134218618274 0.0093195672146976
0.00804325672797859 0.0082504456397146 0.00774905981961638 0.00533177061006427 0.0104202872607857 0.0062385679455474 0.00620733483228833 0.0135481836274266 0.0285133803263307 0.0370859721675515 0.0199385171756148 0.0203994313254952 0.0165166488848627 0.0152282581664622 0.0129717953503132 0.013819543318823 0.0107712808530778 0.0101056304760277 0.0140629723668098 0.0108912236057222 0.00956821851432323 0.00899333776906133 0.00880707427859306 0.00856563663110137 0.00822975309565663 0.00829866677522659 0.0171608810313046 0.0159912062808871 0.00801260117441416 0.00164638193091378 0.0091652890201658 0.00848367512226105 0.00695208455435932 0.00706010907888413 0.00756062911823392 0.00777554055675864 0.00927771772257984 0.0078975205309689 0.00711321518756449 0.00636059725657105 0.00773263284936547 0.00671184626407921 0.00702855982817709 0.00660119457170367 0.00592165882699192 0.0068208399694413
0.0275703520514071 0.00674583185464144 0.0131831549108028 0.008109853672795 0.0321299945935607 0.0319896930828691 0.0188874793238938 0.0201269297860563 0.0269044185057282 0.015794135350734 0.0195691000670195 0.0155841610394418 0.0141177725046873 0.01260478165932 0.0130289839580655 0.0112007889896631 0.00876658335328102 0.0084669825155288 0.00838227444328368 0.00788084119558334 0.00753717245534062 0.0128621048294008 0.00701420730911195 0.00695046079345047 0.0067746858112514 0.00797174321487546 0.00707901669666171 0.0102001654915512 0.00396225468721241 0.00318102905293927 0.0062275274656713 0.00602729306556284 0.00574486586265266 0.0055444855010137 0.00590607326012105 0.00532679532188922 0.00567483913619071 0.00529282144270837 0.00549721943680197 0.00568922967649996 0.00745285300072283 0.00527507034130394 0.00513392530847341 0.00551659022457898 0.00569395718630403 0.0052359136287123
0.0326765805482864 0.017510237544775 0.0183529243804514 0.0230341233313084 0.0256938902661204 0.024475487228483 0.0147161995992064 0.029165561683476 0.0131685510277748 0.0140305777080357 0.0143563593737781 0.0151582669466734 0.0122681243810803 0.0119590538088232 0.00884325159713626 0.0078743361402303 0.00790608027018607 0.00678408411331475 0.00667682462371886 0.00881255427375436 0.00817922840360552 0.0119624583050609 0.00602495253551751 0.00658029068727046 0.00486557646654546 0.00523755375761539 0.00631824224255979 0.00476387743838131 0.00216373166185804 0.00846452009864151 0.00484359308611602 0.000379098106964193 0.00471418602392077 0.00413282783702016 0.00412906187120825 0.00406781318597496 0.00416961777955294 0.00446208149660379 0.00460201485548168 0.00444631741847843 0.00469244965352118 0.0046342700952664 0.00464903793763369 0.00468860927503556 0.00431896685622632 0.00447318835649639
0.0296059776097536 0.018642024230212 0.0123349891975522 0.0242216251790524 0.0227226369082928 0.0162061405368149 0.0117713930550963 0.0121127262245864 0.0119470607489347 0.0120304855052382 0.0125152518041432 0.0115264754276723 0.00987998461350799 0.00829777219332755 0.00938648856244981 0.00724292118102312 0.00659401109442115 0.00610381839796901 0.00670526777394116 0.00625491389073432 0.00483263118658215 0.00610816262196749 0.00464412472210825 0.00497904056683183 0.0042037267005071 0.00407427467871457 0.00478863550815731 0.00386286173015833 0.00134607035433874 0.00379076728131622 0.00359244553837925 0.00365149694262072 0.00359012082917616 0.00341936752665788 0.00311891315504909 0.00305083583807573 0.00314675539266318 0.00317365374648944 0.00353420155588537 0.00364748436259106 0.00388541021384299 0.00389846707694232 0.00393089051358402 0.00393552272580564 0.00422922889702022 0.00414695728104562
0.000709344201868589 0.013708464615047 0.0145466306246817 0.0121768053621054 0.013876925688237 0.0102105188183486 0.00982329435646534 0.0102036778815091 0.00968930418603122 0.00992493056692183 0.00957736941054463 0.00832887394353747 0.00787963266484439 0.00715235457755625 0.00637944731861353 0.00601096055470407 0.00549385112244636 0.00507261662278324 0.00489323434885591 0.00426885141059756 0.00407150925602764 0.00403462012764066 0.00461375911254436 0.00364261752692983 0.00328963048523292 0.0035694818594493 0.00285798999248073 0.00315780012169853 0.00221183486282825 0.00260680776555091 0.00283705773763359 0.00282006239285693 0.00263383814599365 0.00275024930015206 0.00253140367567539 0.00260868932818994 0.00357394177699462 0.00252281539142132 0.00277214010711759 0.00289618286769837 0.00331043200567365 0.00308394028106704 0.00284225557697937 0.00338830773252994 0.00314311728579923 0.00351116885431111
0.0163164743222296 0.0130902634002268 0.0117835332639515 0.0163675430230796 0.0128260956145823 0.00999291916377842 0.00868672365322709 0.00849609966389835 0.0080132048111409 0.00764576666988432 0.00904109543189406 0.00814557508565486 0.00608828477561474 0.00598475001752377 0.00532640034798533 0.00486524128355086 0.00482402963098139 0.00456798544619232 0.00424744002521038 0.00400869166478515 0.00382873436901718 0.00370136485435069 0.00344634025823325 0.00341180406976491 0.00315643140347674 0.00285297679947689 0.00258443937636912 0.00265498863300309 0.00271130159962922 0.00163313622470014 0.00230813905945979 0.00209607259603217 0.0022235548007302 0.00216320599429309 0.00225979069946334 0.00236179664498195 0.00216020686784759 0.00223629910033196 0.00227694344939664 0.00244350072462112 0.00412998903775588 0.00228617823449895 0.00255038026953116 0.00259296458680183 0.0026693781488575 0.00297135154251009
