Scripts_&_data/Maxent_result_files_2/B_humilis_3.asc
NCOLS 594 
NROWS 330 
XLLCORNER -15 
YLLCORNER 23 
CELLSIZE 0.166666666666667 
NODATA_value -9999 
[rows 63 to 83 of 330, columns 414 to 459 of 594]
6.19271953837597e-05 5.82206248509465e-05 7.26545793440891e-05 6.06623103521997e-05 6.30077676760266e-05 6.36363714875188e-05 6.56732576317154e-05 5.94840446865419e-05 5.13544719069614e-05 4.92454839331913e-05 4.53920418294729e-05 4.24755626227125e-05 4.06073555495823e-05 4.01375337787613e-05 3.911994608643e-05 3.70911120626261e-05 3.31834454300406e-05 3.02674619888421e-05 2.45201534653461e-05 3.3418909242755e-05 3.20718057992053e-05 2.50519668043125e-05 2.53158144005283e-05 2.47401098022237e-05 3.24843320413493e-05 2.22301559460902e-05 2.24882207021437e-05 4.26897876423027e-05 2.02737171093759e-05 1.97911765553727e-05 1.84677986453607e-05 2.10168275316391e-05 2.876316284528e-05 1.8941694906971e-05 1.83911412932503e-05 1.89727951692475e-05 1.97149946870923e-05 2.83219465018192e-05 2.18352078263706e-05 2.22989311623678e-05 2.3155910503192e-05 2.40771593325917e-05 2.63409695435257e-05 2.84297872894967e-05 2.76687785117247e-05 2.86567300463503e-05
0.00018914572065114 0.000176778066088445 0.000111578342330176 6.87567158820457e-05 6.4311232563341e-05 9.25675938560744e-05 8.38268671941478e-05 5.189233161218e-05 4.90053229441401e-05 4.88332207169151e-05 4.6402835232584e-05 4.47887907284894e-05 4.27755871896807e-05 4.38398779806448e-05 3.95558363379678e-05 5.62677436391823e-05 3.54725588294968e-05 3.2634587114444e-05 3.25835563671717e-05 3.11455788505555e-05 2.96829794933728e-05 2.80665757600218e-05 4.14814588111767e-05 4.87474036162894e-05 5.07740370267129e-05 3.86351513043337e-05 2.79921312539955e-05 2.62570856193634e-05 2.20596073631896e-05 2.10483402042883e-05 1.75636515450606e-05 1.89445729120052e-05 1.75796041276044e-05 1.77734654243977e-05 1.92149454051105e-05 2.0536225520118e-05 2.19183632452769e-05 2.18151136323286e-05 2.2664625203106e-05 2.49485911808733e-05 2.68323549789784e-05 2.76796379694133e-05 2.7008933830075e-05 2.75567971584678e-05 2.84827055111236e-05 2.92434498987859e-05
0.000296534890367184 0.000139472913360805 0.000107198009209242 0.000100969360937597 0.00010610856297717 8.85225657839328e-05 9.23552579479292e-05 5.37763673492009e-05 5.00242756970692e-05 5.14270983330789e-05 6.51245756671415e-05 0.000176542931876611 0.000178695046633948 8.50410309794825e-05 0.000129080366241396 6.00509278228856e-05 4.39793800978805e-05 3.64057179467636e-05 4.86495893710526e-05 8.26451790999272e-05 0.000117951831634855 5.96992731516366e-05 8.29873712064e-05 4.17401991398947e-05 2.58011072219233e-05 2.62508198829892e-05 3.63432506674144e-05 8.29013542897883e-05 6.1841477327107e-05 3.66893965292547e-05 4.75894723422243e-05 3.15543055876333e-05 1.77503696249914e-05 3.23671176374774e-05 1.98607993297628e-05 2.54740270975162e-05 3.4711494390649e-05 2.56505818470032e-05 2.79825824691216e-05 2.94826081699284e-05 2.84046693195705e-05 2.69110379122139e-05 5.17333617608529e-05 7.48982609366067e-05 7.92560140325804e-05 5.11676338646794e-05
0.000418817932950333 0.000491767993662506 0.000348126739845611 0.000343546322255861 0.000124801471611136 0.00016047041863203 7.66630000725854e-05 8.82020085555268e-05 0.000137812954199035 0.000255137007479789 0.000244311468850356 0.000332783184421714 0.000341543505783193 0.000611287209903821 0.000265879389189649 5.53343730643974e-05 0.000120912036072696 5.49568709175219e-05 4.24229590862524e-05 0.000183830384776229 0.00027711959410226 2.89444841655495e-05 5.73212093513575e-05 3.65268326277146e-05 5.23024096764857e-05 8.2233406828891e-05 0.000174749323923606 0.000145073333987966 0.000199426723702345 0.000104328904126305 0.000493321089015808 0.000217764766421169 0.000118276053399313 0.000131267538381508 3.9918911170389e-05 6.34161118796328e-05 3.02808232845564e-05 3.22898598824395e-05 3.08367541947518e-05 3.00459986647184e-05 9.44828869251069e-05 0.000163368746871129 5.13975328431115e-05 0.000103831743035698 0.000123418032671907 9.94849811831955e-05
0.00236893460387364 0.00606794101186097 0.000693072975263931 0.000668184846290387 0.000329644240264315 0.000523771738517098 0.000199339602113469 0.000463800958823413 0.000408673388301395 0.000464107577863615 0.000866383701213636 0.00280928111169487 0.00260534825501964 0.00195306749665178 0.00149475083453581 0.000989664037479088 0.000598655342764687 0.000340640752983745 0.000119668604020262 0.000186520795250544 0.000260561731556663 0.000454388245998416 0.000350446224911138 0.00034884225751739 0.000656811881344765 0.000675322706229053 0.000426533789141104 0.000224208441068185 0.00018263046440552 0.00012154920186731 0.00018887500918936 2.12869323149789e-05 5.73986015297123e-05 4.87893519675708e-05 8.53581717819907e-05 5.46725103049539e-05 4.54508233815432e-05 8.8842634431785e-05 0.00013598417317553 0.000240754870173987 0.000197449948609574 0.000216584410372889 0.000299355412425939 0.000140894797732471 4.86285400256747e-05 4.13785222917795e-05
0.00904383878223598 0.00465164976194501 0.00106665487110149 0.000404581287875772 0.000213595512468601 0.000730710930656642 0.000282965041697025 0.000565190019551665 0.000449513584317174 0.00320981335826218 0.00192660577595234 0.002276048110798 0.00315809526946396 0.004687929013744 0.00598822308238596 0.00218877826118842 0.00480722298379987 0.00222216474357992 0.0023432535934262 0.00202903123572469 0.00301343684550375 0.00285661941161379 0.00162998622399755 0.000409466098062694 0.000372984498972073 0.000212604989064857 5.9304979913577e-05 0.000224764571612468 0.000675751420203596 0.000260677978803869 0.00101990617113188 0.000167945672001224 0.000678257264371496 0.000242317234369693 0.000305441940145101 0.000156334511484602 0.000486421861569397 0.00107936499989592 0.000545354542555287 0.000255530515278224 0.000256023975089192 8.00579746282892e-05 0.000137855478533311 6.96277722454397e-05 0.000328134685696568 0.000174028849869501
0.00224785632453859 0.0039591307984665 0.000700913270702586 0.00163279955158941 0.003096609772183 0.00259994452353567 0.00042266801756341 0.00470840609632432 0.00312150048557669 0.00488913136068732 0.00609704982489347 0.00417098333127797 0.00686013179365545 0.00350449145771563 0.00354032494360581 0.00225138810346834 0.000524033102556132 0.00255040062475018 0.00113986027427018 0.000492037905496545 0.000218987764674239 0.000422404285927769 0.000455827341647819 0.00127579452237114 0.00190112897544168 0.00111199949751608 0.00252206271979958 0.00299331981223077 0.000827738482621498 0.000509284844156355 0.00160270190681331 0.00203558347420767 0.000549024304200429 0.00275664493674412 0.00251804639119655 0.000723302943515591 0.00186829030863009 0.000112755374357221 0.000111826027568895 0.000111826375723467 9.31089274672559e-05 0.000167551395861665 0.000255288710468449 0.000515466141223442 0.000322302745189518 0.000404952812823467
0.0096881901845336 0.00556190679781139 0.00328866856871173 0.00926096462644637 0.00835107062011957 0.00465730368159711 0.00468622636981308 0.00334700086386874 0.00186815075576305 0.000256510000326671 0.000725615001283586 0.000412236661941279 0.000594076720881276 0.00394192291423678 0.000613777915714309 0.00124788893008372 0.00136463145609014 0.000591149344108999 0.00105902624200098 0.000425283191725612 0.00112587097974028 0.00364086946938187 0.0026987228076905 0.00255087242694572 0.00234227218898013 0.00573376445099711 0.00166221057297662 0.000479856810125057 0.00283009015256539 0.00310988429700956 0.00254081091843545 0.00179985233698972 0.00229932040674612 0.00153290814487264 0.00160139429499395 0.000851869411417283 0.000116299860383151 8.68014223669888e-05 0.000237919492064975 9.75074526650133e-05 0.000307800425798632 0.00247708315728232 0.00228888804558665 0.00078329291427508 0.00138721974217333 0.0021437190240249
0.0103415692225099 0.0146647685207427 0.00468100209254771 0.00775809856131673 0.00345409410074353 0.0165077770128846 0.0155780119821429 0.00102549322764389 0.00276696175569668 0.00346411779755726 0.00573653012979776 0.00744589501991868 0.00391675762366503 0.00163811323582195 0.00413988195359707 0.0102143527939916 0.00261746343458071 0.00287316684843972 0.000697093611233868 0.000437545386375859 0.000198415727936663 0.000750986556522548 0.00303735275520012 0.00165291773155332 0.00259637115523219 0.000854025353328325 0.00179353612475097 0.00279343783622608 0.0031851441715844 0.00503477032762021 0.00524055750574917 0.00255525396205485 0.000880620745010674 0.000112660741797299 0.000754947285167873 0.000318450851773377 0.00132534562144428 0.000169572752929525 0.000621917322860099 0.00276278019882739 0.00113686386903282 0.00196895016124472 0.00186027999152429 0.00117877319571562 0.00175000768504106 0.00067456622782629
0.0127237160690129 0.00942412856966257 0.00696932710707188 0.0140479141380638 0.0215509341098368 0.0274682790972292 0.00841490568127483 0.00656213981565088 0.00474693779833615 0.00470578989479691 0.00374212175374851 0.00422151054954156 0.00196707201539539 0.00581419770605862 0.00867699547670782 0.00146217898582108 0.00996141526848078 0.000354397561750375 0.000338091791491024 0.000154495074093575 0.000781110947718844 0.000112802717194427 0.000229318138735835 0.000676632620161399 0.0027920720516704 0.00206575994961895 0.00502744952682406 0.00221642513060942 0.00284569000359625 0.00442888156976551 0.00406460308004171 0.00224785058526322 0.000349734936025925 6.56030177196953e-05 0.00013366795174079 0.000157804091577418 0.000602817675098777 0.00172875198768452 0.00064567950903438 0.00131928796763532 0.000137891923805 0.000819582105032168 0.00162134087295271 0.00143750321585685 0.00146241671754979 0.00127060449449345
0.00947332298383117 0.00636067541781813 0.0104356398805976 0.0171670637093484 0.0229535770602524 0.00281147060450166 0.000510760489851236 0.0062372854212299 0.00556493392214179 0.00631626977119595 0.008680623723194 0.00863387389108539 0.00144931698450819 0.00172637142823078 0.00705288022290915 0.00227717033121735 0.00699586148839444 0.000191024648665916 0.000216053392068716 0.000165606518567074 0.000219776268932037 0.000350988881837111 0.00163795708795078 0.011813563015312 0.00262285235803574 0.00635355529375374 0.00206760377623141 0.00296307679964229 0.00647520425263792 0.00030662444914924 0.000355317747744266 0.000338574673514813 0.00100409184233285 0.00128292499575764 0.0013606867461931 0.000829616954433732 0.00186718410113826 0.00269027575850487 0.00107315584900789 0.000952815430355258 0.000378773536067456 0.000430751359090209 0.000759565952466801 0.00153411845676601 0.000209291813371237 7.86344908192405e-05
0.004349115351215 0.00105449074180797 0.00204855265328661 0.000739702611463144 0.00079441464622505 0.00135232115862891 0.00410817337688059 0.00725403078831732 0.0130382645409554 0.00281780125806108 0.0150113493669778 0.00663479759823531 0.00510810811538249 0.000452618941199034 0.00354724400676787 0.00834612711332738 0.00934255486354232 0.00209846900543198 0.000759375919005834 0.000226352486060932 6.33836134511512e-05 8.17067058960674e-05 0.00126542696962133 0.00532302111387253 0.0051663551479578 0.00270503644132987 0.00369004877284169 0.00269735710462555 0.00614155470393598 0.00107881339499727 0.00395187528338283 0.00528601726982743 0.00639516373630613 0.00137716251774691 0.00161936318036169 0.00453229870181531 0.00326667164918035 0.0016606024117209 0.000739516218891367 0.000399135971383657 6.33321467830683e-05 0.000119751139209257 0.000218829948425991 0.000229371705790982 0.000128600218158681 7.02393580468197e-05
0.00446151217911392 8.37552961570509e-05 0.00111134817707352 0.000426672949106433 0.00247326918179169 0.00132717244559899 0.00564000881277025 0.00707253948785365 0.00613561670761555 0.0010615082050208 0.000686633249279112 0.000826722069177777 0.000804321910254657 0.000381535012274981 0.000813081947853789 0.010506912926212 0.00126547759282403 0.00041739248263184 0.000982934946659952 0.000175001085881377 0.00234802116174251 0.00617439437191933 0.00378877837210894 0.00474886796437204 0.0109464539214969 0.00587282327469438 0.00684424440842122 0.00241750216810033 0.00101050152443349 0.00421259226277471 0.00269772942410782 0.00129750300548039 0.00281691795680672 0.000696884209173732 0.00156954647100065 0.000637341753463261 0.000131234239415789 0.000219794743316015 0.000472031241224613 0.000385776786424685 0.000230002184980549 7.85963171438198e-05 3.48724895047781e-05 5.88728241382341e-05 7.40409676836862e-05 0.000197350083908532
0.000354011509625707 0.00256579684792086 0.000303617330791894 0.00682106139138341 0.00582879390567541 0.0051677011186257 0.0114780843723565 0.030772021971643 0.00106330929556862 0.000667297843028791 0.000463284392026253 0.000548431521747261 0.000404319699737243 0.000272183123161085 0.00421571810729802 0.0101510285399854 0.00299223230686039 0.000596852230955847 0.00111906775564421 0.00315796744544059 0.00593068997841328 0.00475219844374806 0.00549450174439698 0.00442369973752648 0.00335242275614291 0.0059899315237999 0.00471676860470325 0.00177871179766953 0.00355016824323684 0.00287443167762831 0.00229002239648253 0.00407478378619999 0.0020994545891881 0.00158468576846644 0.000271274186889059 0.000274282819736982 0.000112002521200338 0.000219668427416764 0.00014753308314539 0.000115148233999207 0.000134073702065507 0.000196379790941137 8.98509571925388e-05 7.75752198023838e-05 9.96336706521106e-05 0.000307836881984258
0.000469081819755957 0.000740304932696745 0.00638888368848711 0.006402796972543 0.0527788927778602 0.00740789454430342 0.00776631869375706 0.00417116652242839 0.00724288374185562 0.000874927313998342 0.000798940972890705 0.00207085666479543 0.00552435424178839 0.0195558899082243 0.00406896176282316 0.00505492088850588 0.000598973076557741 0.00602237340062857 0.00289315977133811 0.00231755866261665 0.0100135700777173 0.00606632034759969 0.00763759089168161 0.0119435859378427 0.00664140053559095 0.00410200443584472 0.00387012311257422 0.00362433309201151 0.00358177265152335 0.0037694951868616 0.0028497243183665 0.000577331876411336 0.000665825608302839 0.000747269718704047 0.000506271569247474 0.000349714353433228 0.000145901253017655 0.000220223351061577 0.000124821591452928 7.69426202168688e-05 5.90381561778486e-05 5.69144095607044e-05 9.24978248804109e-05 6.99925774824806e-05 0.000121708325968939 0.000134884236103971
0.000647824927000329 0.00365290008485317 0.00399685197044164 0.00572571754455566 0.00763373970985413 0.00416857555974275 0.00266945024486631 0.00749119035899639 0.00933266524225473 0.0126577448099852 0.00206492758588865 0.00472914942074567 0.00533041376620531 0.000803319219266996 0.00662960803601891 0.00314006481785327 0.00403635606635362 0.0121360849123448 0.0052104803500697 0.00300860026618466 0.00184223892865703 0.00190901664318517 0.00131342258537188 0.00197259990964085 0.00478578314650804 0.00160355707630515 0.00322610187577084 0.00509172943420708 0.00142524367547594 0.00121594972151797 0.000925655156606808 0.000522391564300051 0.000531399974715896 0.000258776094415225 0.000450827660461073 0.000252361007369473 0.000232427134505997 0.000387578498339281 0.00140425166464411 0.000262935510181705 0.000110518610563304 0.000468628348608036 0.000584619687288068 0.00197917524492368 0.000526004914718214 0.000945666062762029
0.00904554417356849 0.00448936682660133 0.00579421846196055 0.00102133479667827 0.00358486182522029 0.00874019390903413 0.0211965369991958 0.00868819723837078 0.00702821342274547 0.0099006031639874 0.00457432421389967 0.00280178159009665 0.0014442520448938 0.00340673064347357 0.00193027032073587 0.0105770139489323 0.0144906268455088 0.0027678468846716 0.00651727318763733 0.00684538129717112 0.00567390713840723 0.00242672512540594 0.00108237129170448 0.00340558619936928 0.00137801661039703 0.00139609903562814 0.00291245293337852 0.000729288478032686 0.00149455914506689 0.000976500258548185 0.00102111804590095 0.000824737318907864 0.000672247823968064 0.000421839602859109 0.000473092661559349 0.000955846981378272 0.00258737471885979 0.00324037224054337 0.00410718123894185 0.00242372920038179 0.00114300637505949 0.00214501834707335 0.00101752432528883 0.00262779723852873 0.00322627202840522 0.00153475568513386
0.0014335403626319 0.00268783099018037 0.00224031512625515 0.0022256784606725 0.00489485117141157 0.00873937043361366 0.00266751926392317 0.00414631124585867 0.00307128699496388 0.00270064296200871 0.00540757239796221 0.00163249036995694 0.00223583753686398 0.00348357310285792 0.000349598072352819 0.00901438700966537 0.00197651102207601 0.00785388285294175 0.00850388100370765 0.00724463285878301 0.0162407813593745 0.00460609442088753 0.000708043080521747 0.00604931185953319 0.00506513607688248 0.00309392909985036 0.00101989278919064 0.000949057261459529 0.00127350482507609 0.000347729446366429 0.00113207765389234 0.00100161418667994 0.000977509416406974 0.00052913996623829 0.000758417481847573 0.00373433877248317 0.00187041580211371 0.00186402883846313 0.000935853118426166 0.00684188904706389 0.00217094520921819 7.70994698541472e-05 8.5364697042678e-05 0.000167717358999653 0.000109690024328302 0.000554741598898545
0.00503274756483734 0.00250549010233954 0.0012489662389271 0.00379845502320677 0.00119990364764817 0.00320678160060197 0.00385029157623649 0.00301193960476667 0.00461576899979264 0.00144474079133943 0.000730013934662566 0.000950722629204392 0.000652171313413419 0.000594871566863731 0.00290871110046282 0.00319681984838098 0.00558019657619298 0.00565105569548905 0.00435405727475882 0.00470962834078819 0.0025213353568688 0.000978245743317529 0.00064339492819272 0.0081215113401413 0.00167203696910292 0.00107815253431909 0.000437949413026217 0.00051888948364649 0.00110975414863788 0.000649227117537521 0.000583323581668083 0.000737501173716737 0.000634192556026392 0.000713409312447766 0.00101006929180585 0.000278229403193109 0.000877162732649595 0.00042059298575623 0.00146053328062408 0.0024299748474732 0.000212306033063214 3.91831836168421e-05 4.5419543494063e-05 8.28672738862224e-05 0.00308307277737185 0.000884066650178283
0.00378539164084941 0.00271914243930951 0.00201155781978741 0.00176056978525594 0.00174991196254268 0.00267965265084058 0.00881640892475843 0.000941212091129273 0.000702674788772128 0.00040485398931196 0.0014986680704169 0.00180317657068372 0.00605646360199899 0.00455507596489042 0.0222363666631281 0.00366587251191959 0.00513796934392303 0.00534013684373349 0.00245271269232035 0.00329179976833984 0.00180774908512831 0.00352676415350288 0.00112200864823535 0.00177780502126552 0.000849461377947591 0.000599942961707711 0.00196427975315601 0.000464961631223559 0.00250195503467694 0.00362719298573211 0.000810922303935513 0.000964539199776482 0.000930690232780762 0.0022747601615265 0.00396182597614825 0.000349479386932217 0.00150792598724365 0.000801958091324195 0.000518291976186447 0.00055450996151194 0.000223379678209312 0.000294433442468289 2.23160753193952e-05 3.63967197699822e-05 4.60537734397803e-05 0.000105563339457149
0.00188838354079053 0.00194118788931519 0.00100801649386995 0.00151930938009173 0.000805304117966443 0.001091092947172 0.000807834343868308 0.000535954756196588 0.000606336470809765 0.00300507398787886 0.00512934601865709 0.00084770226967521 0.00148868517717347 0.00151875690789893 0.00102331796661019 0.000861630489816889 0.00173807918909006 0.00184897463768721 0.000730128603754565 0.000781182810897008 0.00103407638962381 0.00489574340172112 0.00287485157605261 0.00417520210612565 0.000614700859296136 0.00547209968790412 0.00469438382424414 0.000227908686065348 0.000742025030194782 0.00124932051985525 0.00105920817004517 0.00213035081396811 0.00135635643382557 0.00233577479375526 0.000832683913176879 0.00101080340100452 0.000503294420195743 0.00170643182937056 0.000344966968987137 0.00100274410797283 0.00104102224577218 0.00114024035283364 0.000169082141655963 4.86426906718407e-05 5.42964960914105e-05 2.28171930757526e-05
