Scripts_&_data/Maxent_result_files_2/B_humilis_3.asc
NCOLS 594 
NROWS 330 
XLLCORNER -15 
YLLCORNER 23 
CELLSIZE 0.166666666666667 
NODATA_value -9999 
[rows 147 to 167 of 330, columns 92 to 137 of 594]
-9999 -9999 -9999 -9999 -9999 -9999 -9999 -9999 -9999 -9999 -9999 -9999 -9999 -9999 -9999 -9999 -9999 -9999 -9999 -9999 -9999 -9999 -9999 -9999 -9999 -9999 -9999 -9999 -9999 -9999 -9999 -9999 -9999 -9999 -9999 0.88443369269371 0.522550955414772 0.695383954048157 0.689050763845444 -9999 0.638167369365692 0.782842528820038 0.684132486581802 0.533930164575577 0.570916718244553 0.651894932985306
-9999 -9999 -9999 -9999 -9999 -9999 -9999 -9999 -9999 -9999 -9999 -9999 -9999 -9999 -9999 -9999 -9999 -9999 -9999 -9999 -9999 -9999 -9999 -9999 -9999 -9999 -9999 -9999 -9999 -9999 -9999 0.979757696390152 0.897232592105865 0.970439845323563 0.850239980220795 0.795785695314407 0.85906520485878 0.962874072790146 0.675707548856735 0.750169533491135 0.812774693965912 0.82998383641243 0.782243329286575 0.528681179881096 0.379608651995659 0.441255733370781
-9999 -9999 -9999 -9999 -9999 -9999 -9999 -9999 -9999 -9999 -9999 -9999 -9999 -9999 -9999 -9999 -9999 -9999 -9999 -9999 -9999 -9999 -9999 -9999 -9999 -9999 -9999 -9999 -9999 -9999 0.924403578042984 0.959118270874023 0.976743191480637 0.953268837928772 0.803978979587555 0.562077480554581 0.666077136993408 0.692884749174118 0.53096233010292 0.465757894515991 0.430370023846626 0.331110313534737 0.595831191539764 0.475336521863937 0.277463582158089 0.456125158071518
-9999 0.925628161430359 0.935713481903076 0.836678850650787 0.534980934858322 0.494967955350876 -9999 -9999 -9999 -9999 -9999 -9999 -9999 -9999 -9999 -9999 -9999 -9999 -9999 -9999 -9999 -9999 -9999 -9999 -9999 -9999 0.999495810270309 -9999 -9999 -9999 0.46498309969902 0.937374633550644 0.894274616241455 0.798447984457016 0.66317777633667 0.812700510025024 0.734667772054672 0.472722017765045 0.591100883483887 0.430798754096031 0.382908019423485 0.388751676678658 0.412225219607353 0.497172650694847 0.446121618151665 0.498690328001976
0.938941466808319 0.722899037599564 0.392097136378288 0.731254774332047 0.4411656498909 0.917475354671478 0.898833721876144 0.762529498338699 -9999 -9999 -9999 -9999 -9999 -9999 -9999 -9999 -9999 -9999 -9999 -9999 -9999 -9999 -9999 -9999 -9999 -9999 0.942771577835083 0.831149572134018 0.892634272575378 -9999 -9999 -9999 0.674019169807434 0.819875240325928 0.76712349653244 0.661199361085892 0.696573251485825 0.485880136489868 0.398616534471512 0.638764292001724 0.387730967998505 0.568656092882156 0.44129526913166 0.328459814190865 0.383055567741394 0.384173682332039
0.772869545221329 0.839242565631866 0.731181478500366 0.695704364776611 0.430200237035751 0.98009232878685 0.950907075405121 0.94352964758873 -9999 -9999 -9999 -9999 -9999 -9999 -9999 -9999 -9999 -9999 -9999 -9999 -9999 -9999 -9999 -9999 -9999 -9999 0.998521947860718 0.935549682378769 -9999 -9999 -9999 0.531372526288033 0.58045871257782 0.850665044784546 0.87869421839714 0.617084527015686 0.633230024576187 0.428891783952713 0.422567692399025 0.392224204540253 0.320442935824394 0.595425534248352 0.461392974853516 0.387382936477661 0.557159477472305 0.39634345471859
0.796312379837036 0.929642349481583 0.957227599620819 0.727041548490524 0.413717100024223 0.413101753592491 0.434108090400696 0.901828235387802 -9999 -9999 -9999 -9999 -9999 -9999 -9999 -9999 -9999 -9999 -9999 -9999 -9999 -9999 -9999 -9999 -9999 0.999998992681503 0.999982142448425 0.999463576078415 -9999 0.922351092100143 0.580059194564819 0.64458891749382 0.705852419137955 0.953841865062714 0.831516194343567 0.623292744159698 0.72601335644722 0.695104455947876 0.574193668365478 0.554815202951431 0.49472858607769 0.601378774642944 0.584148979187012 0.309384459257126 0.330571168661118 0.53116996884346
0.71766904592514 0.686190128326416 0.782286107540131 0.709134709835052 0.545629614591599 0.399418869614601 0.484033048152924 0.865842950344086 -9999 -9999 -9999 -9999 -9999 -9999 -9999 -9999 -9999 -9999 -9999 -9999 -9999 -9999 -9999 -9999 -9999 0.999687784910202 0.99940670132637 0.99345566034317 0.996170020103455 0.974858683347702 0.800231456756592 0.779119086265564 0.973526650667191 0.848327648639679 0.64477761387825 0.624398231506348 0.716091650724411 0.625451105833054 0.676228559017181 0.726045256853104 0.504565951228142 0.494228428602219 0.760791152715683 0.529611605405808 0.491695132851601 0.553025764226913
0.667192298173904 0.390082359313965 0.520991417765617 0.359802067279816 0.822675102949142 0.949761629104614 0.890539997816086 -9999 -9999 -9999 -9999 -9999 -9999 -9999 -9999 -9999 -9999 -9999 -9999 -9999 -9999 -9999 -9999 0.633892059326172 0.999966675043106 0.999294692277908 0.996893936395645 0.770108246803284 0.971464395523071 0.951039236783981 0.899647521972656 0.836010217666626 0.991538935899735 0.922752004861832 0.815540194511414 0.602971881628036 0.648626798391342 0.591408580541611 0.428505659103394 0.449949237704277 0.423501726984978 0.394711780548096 0.40318039059639 0.475730654597282 0.375627142190933 0.355778735876083
0.372281736135483 0.688202637434006 0.632562148571014 0.806802260875702 0.69262124300003 0.729967725276947 -9999 -9999 -9999 -9999 -9999 -9999 -9999 -9999 -9999 -9999 -9999 -9999 -9999 -9999 -9999 -9999 0.053475669523209 0.999760693311691 0.998937851190567 0.998944354057312 0.858752179145813 0.738266539573669 0.690337616205215 0.640973824262619 0.744466018676758 0.723637062311173 0.81391196846962 0.859258240461349 0.437683510780334 0.728246653079987 0.403783974051476 0.468972021341324 0.439359185099602 0.493383494019508 0.465864768624306 0.441836026310921 0.41787201166153 0.670166462659836 0.435291132330894 0.462365716695786
0.927194511890411 0.856418913602829 0.830826115608215 0.456007978320122 -9999 -9999 -9999 -9999 -9999 -9999 -9999 -9999 -9999 -9999 -9999 -9999 -9999 -9999 -9999 -9999 -9999 0.69826066493988 0.689655429124832 0.684688806533813 0.609822845458984 0.835063427686691 0.839773947000504 0.674163836240768 0.748322927951813 0.744896805286407 0.684231525659561 0.752386736869812 0.572111767530441 0.657286489009857 0.740497636795044 0.416283792257309 0.25785456597805 0.50034870505333 0.421875023841858 0.560048067569733 0.801910418272018 0.810689145326614 0.479549741744995 0.397447016835213 0.611693304777145 0.742123460769653
0.986581289768219 0.985882532596588 0.931461095809937 -9999 -9999 -9999 -9999 -9999 -9999 -9999 -9999 -9999 -9999 -9999 -9999 -9999 -9999 -9999 -9999 0.728098744153976 0.698287224769592 0.718780493736267 0.548119422793388 0.740567296743393 0.502711716294289 0.507969081401825 0.615215456485748 0.60126581788063 0.921776962280273 0.593072980642319 0.565999495983124 0.5236806422472 0.516520330309868 0.497669747471809 0.517944443225861 0.526641374826431 0.420195254683495 0.646332186460495 0.844572150707245 0.81023668050766 0.606934779882431 0.676558929681778 0.866442763805389 0.743980997800827 0.607575404644012 0.484019583463669
0.656733389943838 0.991101288795471 0.0703135064337403 -9999 -9999 -9999 -9999 -9999 -9999 -9999 -9999 -9999 -9999 -9999 -9999 -9999 -9999 -9999 -9999 0.978713458776474 0.888772934675217 0.773156291246414 0.475950336456299 0.571294015645981 0.66342202425003 0.384823742508888 0.419892084598541 0.470170265436172 0.566013026237488 0.511469006538391 0.883501273393631 0.94071324467659 0.692897742986679 0.487671557068825 0.638282579183578 0.616726034879684 0.439174219965935 0.778832864761352 0.980431747436523 0.949733603000641 0.929721540212631 0.884686845541 0.904178583621979 0.864377772808075 0.795806789398193 0.844896185398102
0.984955668449402 0.990130591392517 0.8501236140728 0.98582398891449 0.990147012472153 0.528304135799408 -9999 -9999 -9999 -9999 -9999 -9999 -9999 -9999 -9999 -9999 0.944943898916245 0.85266375541687 0.489179500937462 0.473746713995934 0.572807267308235 0.445251700282097 0.432677063345909 0.152618318714667 0.665840864181519 0.693803703784943 0.796736407279968 0.649132680892944 0.670223277807236 0.986883121728897 0.639314597845077 0.786088520288467 0.526978093385696 0.517581886053085 0.774583745002747 0.596416038274765 0.729246068000794 0.789072847366333 0.702994751930237 0.802124065160751 0.861914891004562 0.934325659275055 0.879218655824661 0.826850724220276 0.956890213489533 0.847085160017014
0.994718116521835 0.971634149551392 0.964738166332245 0.955836707353592 0.622270625829697 -9999 -9999 -9999 -9999 -9999 -9999 -9999 -9999 0.642588263750076 0.898038953542709 0.567664733529091 0.535829323530197 0.534991613030434 0.470257145166397 0.434938302636147 0.831774282455444 0.412192216515541 0.599864035844803 0.657477289438248 0.790696489810944 0.522294229269028 0.534246206283569 0.744214153289795 0.539022952318192 0.96651782989502 0.899441665410995 0.778836017847061 0.635288238525391 0.553442353010178 0.495192313194275 0.531175667047501 0.759996420145035 0.813966435194015 0.719993257522583 0.79507023692131 0.807962191104889 0.912735843658447 0.87864431142807 0.907825952768326 0.955044156312942 0.915279006958008
0.998167479038239 0.996044105291367 -9999 -9999 -9999 -9999 -9999 -9999 0.597756111621857 0.970032793283462 0.739945667982101 0.669972705841064 0.543703109025955 0.246620999276638 0.508629328012466 0.496217224001884 0.535989966988563 0.660100841522217 0.502812081575394 0.499726268649101 0.341665664315224 0.351437327265739 0.558971667289734 0.61767835021019 0.849209153652191 0.644987571239471 0.621150004863739 0.322620779275894 0.357776692509651 0.453181317448616 0.692434704303741 0.675306814908981 0.797491770982742 0.689840692281723 0.734181714057922 0.75359280705452 0.818541365861893 0.731736046075821 0.741857260465622 0.121925942599773 0.80503768324852 0.718488359451294 0.85059809088707 0.779019069671631 0.929373842477798 0.72652473449707
-9999 -9999 -9999 -9999 -9999 -9999 -9999 -9999 0.889950311183929 0.796893155574799 0.601611918210983 0.711915224790573 0.381612449884415 0.535473239421844 0.44742149412632 0.567524492740631 0.764597922563553 0.733141779899597 0.388337996602058 0.413199386000633 0.243356697261333 0.394541761279106 0.379925760626793 0.633831590414047 0.770025289058685 0.593118637800217 0.379260605573654 0.419884267449379 0.365328884124756 0.436571061611176 0.430062994360924 0.620519375801086 0.508279824256897 0.56727981865406 0.826950389146805 0.8783471763134 0.880845552682877 0.443672421574593 0.546713262796402 0.677076625823975 0.777611863613129 0.803210818767548 0.722400832176209 0.720269072055817 0.663459640741348 0.816477769613266
-9999 -9999 -9999 -9999 -9999 -9999 -9999 -9999 0.401735335588455 0.390525749325752 0.249939660727978 0.205496114492416 0.606081372499466 0.75425283908844 0.62685067653656 0.684275072813034 0.762055021524429 0.451628220081329 0.519376686215401 0.418089026212692 0.425314527750015 0.355446466803551 0.472310000658035 0.532384797930717 0.483631110191345 0.453933653235435 0.405256882309914 0.37286584675312 0.422083133459091 0.570320028066635 0.66401681303978 0.845386350154877 0.591857105493546 0.903256499767303 0.944937992095947 0.880484175682068 0.811142557859421 0.681153774261475 0.68062145113945 0.691129809617996 0.650943499803543 0.755830574035645 0.711678743362427 0.754675328731537 0.872086292505264 0.601505625247955
-9999 -9999 -9999 -9999 -9999 -9999 -9999 0.445608600974083 0.514950293302536 0.366365027427673 0.441374376416206 0.288703149557114 0.469164225459099 0.64654940366745 0.696714335680008 0.794863110780716 0.749653023481369 0.586114686727524 0.600496017932892 0.857565277814865 0.534978973865509 0.750348597764969 0.580644243955612 0.689776700735092 0.836639624834061 0.650582498311996 0.529667666554451 0.738148039579391 0.505226096510887 0.438685449957848 0.467951607704163 0.722514563798904 0.937403190135956 0.934291869401932 0.880762481689453 0.813473302125931 0.932393908500671 0.735612142086029 0.690619605779648 0.893342685699463 0.626498305797577 0.703196161985397 0.732745444774628 0.876088333129883 0.788416814804077 0.659988069534302
-9999 -9999 -9999 -9999 -9999 -9999 -9999 0.527300378680229 0.466253849864006 0.367786985635757 0.285962490737438 0.187589910626411 0.45806337594986 0.193884736299515 0.616278028488159 0.436466181278229 0.454263752698898 0.530257198214531 0.559716665744782 0.392370650172234 0.818200761079788 0.560467624664307 0.546197319030762 0.488037925958633 0.478326514363289 0.712249159812927 0.649444425106049 0.676248502731323 0.663288867473602 0.725409412384033 0.872038209438324 0.739270496368408 0.940466487407684 0.826878976821899 0.828972375392914 0.781420195102692 0.941263031959534 0.924293226003647 0.776550024747849 0.658235061168671 0.752460759878159 0.502469235658646 0.518748825788498 0.675291049480438 0.628702020645142 0.628811484575272
-9999 -9999 -9999 -9999 -9999 -9999 0.459881031513214 0.445940935611725 0.471998503804207 0.517596286535263 0.409590378403664 0.189485660195351 0.289001724123955 0.392852273583412 0.192982812225819 0.362967213988304 0.369847646355629 0.432316422462463 0.473401436209679 0.398064440488815 0.640375798940659 0.66833570599556 0.872145020961761 0.922136431932449 0.95700991153717 0.876716411113739 0.867983567714691 0.819256043434143 0.804217982292175 0.853148037195206 0.935438495874405 0.880624133348465 0.880543810129166 0.55632763504982 0.66459886431694 0.586312484741211 0.638192564249039 0.702140641212463 0.679502248764038 0.625345915555954 0.581735742092133 0.655484658479691 0.616995257139206 0.542053782939911 0.55650160908699 0.688828217983246
