Scripts_&_data/Maxent_result_files_2/B_hypnorum_3.asc
NCOLS 594 
NROWS 330 
XLLCORNER -15 
YLLCORNER 23 
CELLSIZE 0.166666666666667 
NODATA_value -9999 
[rows 220 to 239 of 330, columns 276 to 321 of 594]
-9999 -9999 0.545231148600578 0.0189626527018845 0.0359803320840001 0.0188212723471224 0.0267566937953234 0.0724582701921463 0.124582808464766 0.195807037502527 0.0671860985457897 0.0664694562554359 0.0350910812616348 0.501697182655334 0.491071274876595 0.604274213314056 0.539690360426903 0.466024649143219 0.507562711834908 0.814825862646103 0.807112979888916 0.54948653280735 0.0594654843211174 0.0267255492508411 0.337267154455185 0.00425254681613296 0.00212909132242203 0.0085842149797827 0.16368753015995 0.121148087829351 0.0551788367331028 0.0324886970221996 0.188435199856758 0.0155428030528128 0.0113389239180833 0.0233151065185666 -9999 -9999 -9999 -9999 -9999 -9999 -9999 -9999 -9999 -9999
0.019164691248443 0.129795368760824 0.0305548503994942 0.0639643751084805 0.145677091181278 0.188465550541878 0.239610683917999 0.251842476427555 0.307186907529831 0.06356918849051 0.0721200406551361 0.188043214380741 0.0875554852187634 0.125227418541908 0.589026468992233 0.666197353601456 0.814453846216202 0.710412567853928 0.986145949363708 0.0466974781826138 0.356920421123505 0.0237608656287193 0.0141235462389886 0.0736821245402098 0.149006404727697 0.147565369307995 0.107093871384859 0.0533089879900217 0.0875872749835253 0.0841022647917271 0.110857181996107 0.146850780397654 0.0411256184801459 0.0164449339732528 0.0262650985270739 0.0451676279306412 0.0528973512351513 0.342545995116234 0.0319380257744342 -9999 0.0343806233024225 -9999 -9999 -9999 -9999 -9999
0.0143552640918642 0.0236821056343615 0.0488217480480671 0.222941841185093 0.276255506277084 0.236833922564983 0.212351389229298 0.351100543141365 0.695127660036087 0.164603637158871 0.0776530329138041 0.0463869830593467 0.0992161951959133 0.0404087986797094 0.202779118716717 0.123284290730953 0.669004172086716 0.367970287799835 0.333482828736305 0.404778715968132 0.428287094831467 0.0840072251856327 0.0561157483607531 0.0341391896829009 0.192169624567032 0.148905278742313 0.228938242793083 0.145749966055155 0.2756795540452 0.184120239317417 0.105817741900682 0.114030938595533 0.0819916851818561 0.0587256513535976 0.0847232721745968 0.141562231630087 0.127522300928831 0.139299207180738 0.087382385134697 0.0435072062537074 0.0557384971529245 0.0387803247198463 0.145764187723398 0.139745647087693 -9999 0.100287324562669
0.142453344911337 0.114322658628225 0.254914778470993 0.50186850130558 0.349135491251945 0.394333070516586 0.305909465253353 0.343412747979164 0.436066836118698 0.842774498462677 0.487828171253204 0.221815024316311 0.0402039088308811 0.0376007415354252 0.02799116615206 0.0409192373976111 0.182665183395147 0.0914031594991684 0.255975970625877 0.387519362568855 0.828849971294403 0.159941080957651 0.0286923123523593 0.14147104844451 0.208321583271027 0.106131246685982 0.0452193815261126 0.0442522287368774 0.0070979303214699 0.725261455774307 0.0741973832249641 0.0426432905718684 0.00257700128713623 0.00698476890102029 0.119778895378113 0.164016170799732 0.208425590395927 0.166991803050041 0.215203489363194 0.202697716653347 0.139403825998306 0.207165649533272 0.249652445316315 0.239519876241684 0.0893539756536484 0.112432911992073
0.234545606374741 0.451513686776161 0.512106084823608 0.645742192864418 0.689937353134155 0.865397208929062 0.886709666252136 0.867992717027664 0.646557039022446 0.310181629657745 0.373538544774055 0.331078645586967 0.0344221852719784 0.0304973049089313 0.0859311129897833 0.0220451990142465 0.00521780282724649 0.00638396316207945 0.0089297867147252 0.0175605418160558 0.0123446149751544 0.00931925158947706 0.0046472773887217 0.264623668789864 0.083785630390048 0.101442687958479 0.0392213432118297 0.0193170499056578 0.00334192339796573 0.00705607961863279 0.0042955040698871 0.0634228385984898 0.0582830294966698 0.0336319021880627 0.0335351681336761 0.0600364977493882 0.382670956850052 0.455532360076904 0.210842745006084 0.416038748621941 0.37347132563591 0.462134656310081 0.271210680902004 0.400744768977165 0.530344888567924 0.446442571282387
0.674005472660065 0.346200306713581 0.497649481892586 0.00664012250490487 0.145279886573553 0.274210557341576 0.631634384393692 0.173025284707546 0.0266324050724506 0.909627747535706 0.0496666058897972 0.20380471944809 0.0290062995627522 0.00806398303247988 0.0237953037023544 0.00270379467401654 0.00149943266878836 0.00355404287111014 0.00484550078399479 0.00754649289883673 0.0393492100760341 0.0132595629896969 0.0571812961250544 0.0686281148344278 0.0364031994715333 0.0401624005287886 0.00330380544764921 0.0020051023340784 0.0190623858943582 0.00392818339169025 0.0437187120318413 0.0805616546422243 0.0655892670154572 0.179142783582211 0.011664408724755 0.0288813693448901 0.0965416342020035 0.291769941151142 0.298175464570522 0.319978673756123 0.296990452706814 0.441552698612213 0.290022495388985 0.0742111392319202 0.0439260303974152 0.0756866697221994
0.0702594973146915 0.0322906376793981 0.0119260599836707 0.0164805995300412 0.00966755687259138 0.0605302385985851 0.0183074669912457 0.024874584004283 0.00945162842981517 0.0265524225309491 0.0249260318465531 0.0163318680599332 0.0431340418756008 0.0085360602941364 0.0021510626305826 0.000633578331326134 0.00227991174324416 0.0040141545701772 0.00227742388960905 0.0078041491098702 0.0583858039230108 0.0354262197390199 0.0618467599153519 0.0670498080551624 0.0539494691416621 0.0271795880049467 0.00149082068819553 0.00970521606504917 0.020076534897089 0.0287347102537751 0.0107642000541091 0.0120773995295167 0.018211093172431 0.0985296346247196 0.0541626684367657 0.138421551138163 0.0941640675067902 0.115260664373636 0.17421468347311 0.028176574036479 0.180650151520967 0.0624004051089287 0.0911536656320095 0.0245297390967608 0.0597560677677393 0.0414627742022276
0.0117951525375247 0.00915970364585519 0.00172808356001042 0.00527859125286341 0.00502230178099126 0.00402671624906361 0.00438019253779203 0.00663579853717238 0.0140821774955839 0.0216941328719258 0.0324617706239223 0.072501952201128 0.0137733668554574 0.0145038153044879 0.000862391726695932 0.00223478147527203 0.00653911610133946 0.00942808138206601 0.00296581479487941 0.00739869419485331 0.0414424235001206 0.035869056917727 0.05424111969769 0.102843135595322 0.0386642685160041 0.0557257868349552 0.0329324563965201 0.012619313923642 0.0199213456362486 0.022976360656321 0.0117180900648236 0.0160418695770204 0.0100727295037359 0.0201266752555966 0.0145084680989385 0.0147148318588734 0.0213656844571233 0.0299924680963159 0.0306343419477344 0.041317629814148 0.095450247079134 0.0253863360732794 0.0660782255232334 0.0637587729841471 0.0401675298810005 0.012622578535229
0.27072219401598 0.176379439979792 0.0157451398670673 0.106098684668541 0.00192167035420425 0.00757785812020302 0.00561997718177736 0.00571263816673309 0.00581324314698577 0.0726895464584231 0.945826584100723 0.921957033872604 0.00936258221045136 0.00872831894084811 0.000909630520618521 0.0135249855928123 0.00467856377363205 0.00294391402276233 0.00301207939046435 0.004383698804304 0.0138301732949913 0.0187959839589894 0.0151491541415453 0.0233400389552116 0.0280723365023732 0.0171958791092038 0.00104632106376812 0.00403825482353568 0.00409337147139013 0.00386730693280697 0.00437806828413159 0.00734147848561406 0.00805598413571715 0.00801436947658658 0.0059656934812665 0.00670442911796272 0.0098849636502564 0.0133393661119044 0.0160277987830341 0.00930692600086331 0.0112029913812876 0.011683976650238 0.0163318094797432 0.0256971763446927 0.0503225270658731 0.0707838471978903
0.0133434427902102 0.014270534645766 0.0189058100804687 0.0147279262542725 0.00950480913743377 0.00420322408899665 0.00509938600007445 0.0039336386253126 0.00693553893361241 0.00501806843094528 0.00321156783029437 0.00531662632711232 0.00339832957834005 0.00275950103532523 0.00086913769482635 0.00250264812493697 0.00420883963815868 0.00284701753407717 0.00315365545684472 0.00164697597501799 0.00197197151719593 0.00771088786423206 0.0198831505142152 0.0158729219809175 0.021746842097491 0.0545145101845264 0.0146095245145261 0.00826438311487436 0.00889033898711205 0.00941129699349403 0.0400693459436297 0.03442453276366 0.0092372618149966 0.00731224091723561 0.00376764715183526 0.0130225715227425 0.0490074574947357 0.00559407793916762 0.007032914692536 0.00844302554614842 0.011465379782021 0.0140611570328474 0.00754712838679552 0.0071144669316709 0.00452658790163696 0.0050050457008183
0.0157092272303998 0.0266130374744534 0.0313448315486312 0.0265054035931826 0.00799312107264996 0.00483587824273854 0.00741031798534095 0.00359014194691554 0.00516050640726462 0.00333582351449877 0.00358353608753532 0.00169107330730185 0.00158844066318125 0.00307879402535036 0.00129767450271174 0.00225108845625073 0.00207369746640325 0.00167313150595874 0.00557196084409952 0.0057026285212487 0.0022947053425014 0.00214148982195184 0.00835900017991662 0.0147822248283774 0.0167130839079618 0.0222428156062961 0.0186465127859265 0.0114800478331745 0.0600366581231356 0.374086147546768 0.0946303479373455 0.00955252181738615 0.00466870560776442 0.00387459204066545 0.00459667537361383 0.0051549065625295 0.00450286597479135 0.00588177461177111 0.0106808471493423 0.0108792367391288 0.00746696582064033 0.0075860945507884 0.00631991354748607 0.00452113966457546 0.000750065041938797 0.000550055573694408
0.0145819161087275 0.01114791193977 0.0113755570258945 0.052511153742671 0.016793146263808 0.00583399725146592 0.00452706054784358 0.00545272098388523 0.00572042062412947 0.00348119889385998 0.00269381540128961 0.00228780551115051 0.00100973623339087 0.00117519150371663 0.00158876320929267 0.00374402651796117 0.00522825233638287 0.00370967646595091 0.0049543317174539 0.0117526793852448 0.0287738283164799 0.0162076627835631 0.00528244493762031 0.0172487612813711 0.017031949898228 0.0115280729252845 0.0214514383114874 0.00767586519941688 0.0317479979246855 0.0340727783739567 0.0116239542141557 0.00535546282771975 0.00977056757546961 0.00476224112790078 0.00537134874612093 0.00597136374562979 0.00637386599555612 0.00823051338084042 0.00756591982208192 0.00564884128980339 0.0028403087053448 0.00224312754580751 0.00162066236371174 0.00168393144849688 0.000394969680928625 0.00168697327608243
0.0231069468893111 0.0146015816368163 0.0130991147831082 0.00859958473592997 0.0195081120356917 0.00922427223995328 0.00556978862732649 0.00452199887949973 0.00505701799411327 0.00309075760887936 0.0029325484065339 0.00171082321321592 0.00136813948047347 0.0011586315697059 0.000766518278396688 0.00122070208308287 0.00238936929963529 0.00329818613827229 0.00357396495528519 0.00723758214153349 0.00883890371769667 0.0208399634808302 0.00866549517959356 0.00647897117305547 0.00983956155832857 0.0269453521817923 0.0157749106176198 0.00698906006291509 0.0101715474389493 0.00598580387886614 0.0061679080594331 0.00342897297814488 0.00684655690565705 0.00655224923975766 0.00692681055516005 0.00764709590002894 0.00643068524077535 0.00512845928315073 0.00531895300373435 0.00416013000067323 0.00515965512022376 0.00660417159087956 0.00322796993423253 0.00139299661386758 0.00293490008916706 0.00152472363552079
0.0627026796340942 0.036240809969604 0.0185412300750613 0.013540449179709 0.00993654518388212 0.0092351587023586 0.00886030211113393 0.005632951320149 0.00542817017994821 0.00668802238069475 0.00215758773847483 0.00249287146725692 0.00365006686188281 0.00135108726390172 0.00111323877936229 0.00346435707760975 0.000922528782393783 0.00053444120567292 0.00211644174414687 0.00541401375085115 0.00734657291322947 0.0191802209243178 0.0134623055811971 0.00588110103271902 0.00697176561225206 0.0101727499160916 0.00606839410029352 0.00371919895987958 0.0036356734810397 0.00246499745408073 0.0032960704760626 0.00563406192231923 0.00842126295901835 0.00967118092812598 0.0142636810429394 0.00825153347104788 0.0074409713037312 0.00675566075369716 0.00670655146241188 0.0054648254532367 0.00360804826486856 0.00824183998629451 0.0068494426086545 0.00323772316332906 0.00144222914241254 5.24761653650785e-05
0.0611322682350874 0.0390997467562556 0.0378546550869942 0.0292122058570385 0.0237955891527236 0.0117331943940371 0.0100765905342996 0.0104359591845423 0.0122446577064693 0.0127330085262656 0.00345337470062077 0.00247620705049485 0.000880199848324992 0.000780354288872331 0.000723297617514618 0.00239660865627229 0.00291581556666642 0.00153409773483872 0.00134057561226655 0.00107809494365938 0.00349788258317858 0.00755670128855854 0.00647215705830604 0.0104459557216614 0.00592396894935518 0.00341167796868831 0.00367096997797489 0.00752975151408464 0.00648307790979743 0.00896960785612464 0.0071485374122858 0.0145757802762091 0.0108722056262195 0.0110503471922129 0.0109884649980813 0.0129957320168614 0.0122827852144837 0.00987585070542991 0.00604131217114627 0.00264219327364117 0.00183125112671405 0.00110982331680134 0.00215179823571816 0.000700849370332435 0.000219485267007258 5.81109954509884e-05
0.0450970713049173 0.0673140250146389 0.0590107850730419 0.0477184094488621 0.0404035408049822 0.0143097853288054 0.012156699411571 0.0108953916467726 0.0111414473038167 0.00673024840652943 0.0049163744552061 0.00175789205823094 0.000897298824565951 0.000842135478160344 0.000280708553327713 0.0008370099181775 0.00246522044762969 0.00433069099672139 0.00243790702661499 0.00227473600534722 0.00156491778034251 0.000554657238535583 0.000840313383378088 0.00183544452884234 0.000717391193029471 0.00191704395692796 0.0854285547509789 0.0882401190698147 0.00534648005850613 0.00612006934825331 0.0108375143725425 0.0111527890432626 0.0132008405402303 0.0162544658407569 0.0192487524822354 0.0114738167263567 0.0102228050120175 0.00579482873436063 0.00264437490841374 0.00230916838627309 0.00284295214805752 0.00132051823893562 7.32907716155751e-05 2.05657061997044e-05 1.02510596207139e-05 1.69103460393671e-05
0.184841291606426 0.0535770237445831 0.0178741717711091 0.0141680684871972 0.0397851556539536 0.0338019942864776 0.014627321716398 0.00922487657517195 0.006437027011998 0.00602005240507424 0.00360135440714657 0.0019271117518656 0.000754928334208671 0.000874171107716393 0.000791304570157081 0.00177120998851024 0.000682672175753396 0.00195269823889248 0.0029187710955739 0.00210506671573967 0.00167645070469007 0.00316357112023979 0.00772303291596472 0.00436774492263794 0.00212812121026218 0.00105203218990937 0.0450672531500459 0.0382747501134872 0.00568753443658352 0.00638994164764881 0.00672923540696502 0.0120760314166546 0.0219686700031161 0.0191518291831017 0.0138915125280619 0.0119334534741938 0.0124212854541838 0.0103727325797081 0.00207830213475972 0.000346065856865607 0.00223459014669061 0.00083654714981094 2.14658353797859e-05 1.03384231351811e-05 1.36978363116214e-05 4.4005785639456e-05
0.0316960057243705 0.0605610840022564 0.114418847113848 0.0362114168703556 0.0403581140562892 0.0274077605456114 0.0195501712150872 0.0111516677308828 0.00704144819173962 0.00542377100791782 0.00353680930566043 0.00280863591469824 0.00221453354461119 0.00123393780377228 0.000354894492193125 0.00136166750162374 0.00104732525069267 0.00249716772232205 0.00644452206324786 0.00121678745781537 0.00168321126257069 0.00160224317805842 0.00673997746780515 0.00317571823252365 0.00626105605624616 0.000591440437710844 0.0166143551468849 0.00437879974488169 0.00494174510240555 0.0065889451187104 0.0153172723017633 0.0224789342842996 0.0197541150264442 0.0205246736295521 0.0131096591241658 0.00466219915542752 0.00694568050093949 0.00146143879974261 0.00258806070778519 0.0013341243728064 0.00149465323192999 0.000862885211245157 3.02760126942303e-05 0.000380446344752272 0.000101910396733729 9.96204148577817e-06
0.0226620598696172 0.0416491471230984 0.0373108400031924 0.0800547771155834 0.0578636433929205 0.0425372388213873 0.0240207435563207 0.0195236983709037 0.0219568237662315 0.00648408001288772 0.00453685699030757 0.00405976371839642 0.0026399863883853 0.00206378143047914 0.0019360457547009 0.00109598070848733 0.00139978245133534 0.000791193507029675 0.00072893838660093 0.00166548136039637 0.00128877605311573 0.00176966132130474 0.00365770633798093 0.00476467811968178 0.00284790309378877 0.00257889635395259 0.00462925096508116 0.00505630727857351 0.00856894836761057 0.0166663311421871 0.0169180666096508 0.00878149322234094 0.0135120190680027 0.0169777343980968 0.00892601287923753 0.00149460347020067 0.00244225402711891 0.00231073899776675 0.000560360905365087 0.00221245997818187 0.00559310540556908 0.000388018501689658 0.000212236229708651 0.00166907812235877 0.00194311153609306 0.000436028707190417
0.0440143205225468 0.0230520340614021 0.0174425945617259 0.0290613029152155 0.0277252545580268 0.0047438345849514 0.0230017094872892 0.0433717895299196 0.0518692038953304 0.0110487225465477 0.00336523827863857 0.00303579600295052 0.00313501318451017 0.00223044940503314 0.00176261382875964 0.000574559110100381 0.0014100475149462 0.00131285324459895 0.00109770980197936 0.00321776199853048 0.00312642233911902 0.00608465108089149 0.0014283396420069 0.00298248747130856 0.00535590085200965 0.00856303325854242 0.00872530397027731 0.00639533228240907 0.0435335271060467 0.0276250865310431 0.0533999100327492 0.0125515262596309 0.0314419183880091 0.00556603176519275 0.0133569374680519 0.00603842870332301 0.000824349810136482 0.00256703293416649 0.00548069956712425 0.00425292556174099 0.00147740615066141 0.00130542933475226 0.00293423703406006 0.0014259758987464 0.000985160307027399 0.0002311135729542
