Scripts_&_data/Maxent_result_files_2/B_hyperboreus_2.asc
NCOLS 594 
NROWS 330 
XLLCORNER -15 
YLLCORNER 23 
CELLSIZE 0.166666666666667 
NODATA_value -9999 
[rows 60 to 79 of 330, columns 176 to 219 of 594]
-9999 -9999 -9999 -9999 0.0599079005420208 0.0308048928156495 0.175831054896116 0.0363320969045162 0.241383904218674 0.0138426646590233 0.527921590209007 0.233635096624494 0.273049633949995 0.821638554334641 0.748210972547531 0.556628647446632 0.763561248779297 0.94556131362915 0.952147018909454 0.891419780254364 0.744626343250275 0.707596653699875 0.816940629482269 0.665321308374405 0.884921371936798 0.896787118911743 0.873300701379776 0.459201747179031 0.888202375173569 0.15578519962728 0.404098454117775 0.275153264030814 0.11227051448077 0.120423148572445 0.114121823012829 0.0931104090064764 0.089115939475596 0.0687155499123037 0.239483007788658 0.0352027787943371 0.0650142396916635 0.0742508923518471 0.056268736027414 0.05768276808667
-9999 -9999 -9999 0.0122454663738608 0.109918372705579 0.343134967982769 -9999 0.248293688893318 0.186295615881681 0.211332331597805 0.397839392721653 0.655888402462006 0.783346021175385 0.876455575227737 0.831924474239349 0.864925336837769 0.950746846199036 0.837875247001648 0.949761474132538 0.727198779582977 0.893317168951035 0.940182554721832 0.879044491052628 0.818425458669662 0.933865660429001 0.669466590881348 0.68653621673584 0.70038565993309 0.711645314097405 0.453086300194263 0.131941921636462 0.111029358580709 0.264478999376297 0.0606950638815761 0.0839500263333321 0.107973903603852 0.110295290965587 0.0649424453848042 0.0754652303643525 0.054817844752688 0.043440103973262 0.0239115081203636 0.0215759094891837 0.0157312009643647
-9999 -9999 -9999 -9999 -9999 0.084558760933578 0.116530081629753 0.208603718876839 0.218824630975723 0.209356947243214 0.826237678527832 0.645499435067177 0.631540670990944 0.821502619981766 0.694092071056366 0.637946277856827 0.697178155183792 0.838656258583069 0.966559392213821 0.992659729719162 0.977077549695969 0.949776554107666 0.832929718494415 0.867683565616608 0.939388382434845 0.687913608551025 0.277317085117102 0.0902485324069858 0.184535810910165 0.21280141659081 0.248496227711439 0.133529662713408 0.099475864879787 0.127541004959494 0.0777020318433642 0.0880992544814944 0.0120003779011313 0.125135368620977 0.0746575633296743 0.0586023775162175 0.0043068551174656 0.0646815108368173 0.00580002260940091 0.0371551625488792
-9999 -9999 0.109708063676953 0.16026107929647 0.407227165997028 0.208648955821991 0.0803676754236221 0.0164559280499816 0.238834798336029 0.67793897986412 0.893886679410934 0.790419405698776 0.812194842100143 0.81465145945549 0.991645246744156 0.713069200515747 0.756522309780121 0.832910853624344 0.889209759235382 0.705791938304901 0.691971370577812 0.835781002044678 0.619771122932434 0.75053454041481 0.278667537868023 0.498420332372189 0.551737666130066 0.311314076185226 0.171111594513059 0.0792994149029255 0.0849707946181297 0.10706756208092 0.102100402675569 0.109466273710132 0.108429658412933 0.122823482751846 0.172472828626633 0.157078555086628 0.0813681908417493 0.0814102093689144 0.00268793797076796 0.00186038587025905 0.00182203688618756 0.0048929390788544
0.00431967419281136 0.0187344506382942 0.0392360931262374 0.514862224459648 0.0502589888870716 0.108846789970994 0.0167166142025962 0.137857165187597 0.713597989082336 0.880341356992722 0.0771068799309433 0.0648194368928671 0.744684198498726 0.959202301502228 0.954606860876083 0.891931706666946 0.61356737613678 0.881476783752441 0.857313239574432 0.687428271770477 0.939286553859711 0.833643901348114 0.943294703960419 0.822423547506332 0.131824480369687 0.29003539532423 0.437862801551819 0.217041572183371 0.0759340215474367 0.286796823143959 0.0300269403960556 0.0734809143352322 0.0311735776020214 0.0509335945826024 0.0310731536796084 0.0469379430869594 0.0592482768814079 0.128685120190494 0.0812779305502772 0.0802644693409093 0.0185977194283623 0.00264062334081245 0.001732466374051 0.00165506477314921
0.0423492868430912 0.107144037820399 0.259319303184748 0.128482150286436 0.19023098424077 0.263140298426151 0.160915446281433 0.698480066657066 0.776153612136841 0.50314549356699 0.837207573652268 0.763199755549431 0.616001832485199 0.733196973800659 0.901382219791412 0.597217899560928 0.715687018632889 0.857396447658539 0.819885456562042 0.792268812656403 0.541408914327622 0.405992797017097 0.460253006219864 0.296444402635098 0.251005987823009 0.143941677361727 0.0985211599618196 0.20312597155571 0.0935836520045996 0.0435162277892232 0.109270579367876 0.096131182089448 0.00224560855422169 0.00110900960607978 0.00153113504920839 0.00430288064962951 0.0545206479728222 0.211540854163468 0.0317165943793952 0.0417943881824613 0.00111902763601392 0.00236587770559709 0.00157510474527953 0.000607457746991713
0.202971158921719 0.442695318162441 0.230156127363443 0.409814949333668 0.452834638953209 0.221889834105968 0.378840433061123 0.840983486175537 0.827003413438797 0.980838167667389 0.640085202455521 0.818377381563187 0.918049651384354 0.675312212109566 0.736424759030342 0.597131204605102 0.880127370357513 0.93954393863678 0.782419991493225 0.236801419407129 0.259471114724874 0.223126422986388 0.170245473086834 0.0852933480404317 0.0558269291184843 0.0564161791466177 0.0753992263227701 0.00135556802124484 0.0229634368326515 0.0193938897922635 0.0248368832282722 0.0102774452854646 0.00113186774688074 0.0312391035608016 0.00204063695491641 0.000270727637052914 0.000425279805904211 0.00180382599573932 0.00577982137328945 0.0105670011136681 0.0019356332974894 0.00165032370459812 0.00548352770274505 0.000646455139258251
0.00351980424020439 0.314232155680656 0.648575723171234 0.509558416903019 0.761280059814453 0.863079196214676 0.561502006649971 0.556962835788727 0.895780497789383 0.740587562322617 0.492635652422905 0.69974627494812 0.819059157371521 0.794138383865356 0.783668369054794 0.623409980535507 0.682409918308258 0.530809706449509 0.316340257972479 0.147243670001626 0.200597148761153 0.226899407058954 0.143955832347274 0.0854968238156289 0.12203903645277 0.123303658887744 0.0281237485818565 0.00113412874634378 0.00267976272152737 0.00284158306894824 0.000338034216838423 0.000468844199713203 0.0524577275849879 0.00110100290330593 0.0467117577791214 0.00327870710752904 0.0177849525003694 0.00178501386581047 0.00175849874067353 0.0135678835213184 0.0572929895017296 0.00196141299347801 0.00344539953584899 0.00322975345625309
0.127544728666544 0.298739805072546 0.708085495233536 0.755375891923904 0.764314168691635 0.793786871433258 0.711640572547913 0.891435992717743 0.79352046251297 0.804999250173569 0.549144268035889 0.262086711078882 0.736231553554535 0.80045325756073 0.456790781021118 0.406109493970871 0.573461419343948 0.71321068406105 0.276121508330107 0.244593435525894 0.0376270131208003 0.183737199753523 0.191786232963204 0.177729537338018 0.148747623339295 0.107434350810945 0.108012107387185 0.00114223048076383 0.00291978048335295 0.000750788468576502 0.000470182421850041 0.000894596186117269 0.000701377482619137 0.00154317914857529 0.000433737316052429 0.000944169017020613 0.000539832988579292 0.00102184471761575 0.00124950432073092 0.000231232206078857 0.0019362683116924 0.00308396143373102 0.00151059928466566 0.000151598684533383
0.0670162368565798 0.258333294093609 0.443049111962318 0.717079359292984 0.848879677057266 0.546164894104004 0.746696853637695 0.840696972608566 0.802624642848969 0.743672966957092 0.686467087268829 0.53843340575695 0.329318550229073 0.218369019031525 0.24558265209198 0.19202901981771 0.104535991046578 0.217027404159307 0.120571701321751 0.261941187828779 0.0747425118461251 0.00796862650895491 0.142943345010281 0.132320906594396 0.0715372214093804 0.137835682556033 0.0733875659294426 0.0117209442716558 0.000359919662150787 0.0122093420475721 0.00151652481290512 0.0200158973690122 0.00584153243107721 0.000992973519896623 0.000785812839967548 0.000759376115456689 0.000544090040057199 0.000396602372347843 0.000654243902681628 0.000517130405205535 0.000771880096726818 0.00191452224971727 0.000974479957585572 0.000621517536637839
0.209434477984905 0.406277297437191 0.708028611540794 0.735841229557991 0.718399494886398 0.399262434244156 0.195044448971748 0.347853335738182 0.55537782907486 0.656035926938057 0.778384798765183 0.796031510829926 0.288177455961704 0.233969782665372 0.189872880466282 0.140684536704794 0.0266299128299579 0.000632965570912347 0.00240737732383423 0.267015592008829 0.212359059602022 0.00701573055121116 0.0486899367533624 0.084921714477241 0.054399449378252 0.00103986798567348 0.00574489688588073 0.0306344880606048 0.0109640595124802 0.0540450502419844 0.0404074466088787 0.00162350939208409 0.00240288261702517 0.00202478453284129 0.0011111267231172 0.00154002553899772 0.0194493774091825 0.000408284794502833 0.000302877704052662 0.000294877628039103 0.000438969093374908 0.000420011191727099 0.000547262590862374 0.000518017634021817
0.577883043885231 0.39103786200285 0.661420826613903 0.944710290431976 0.694504225254059 0.649951267242432 0.809772402048111 0.372195367515087 0.703283888101578 0.658294814825058 0.439343591034412 0.48752401471138 0.462333089113235 0.331846676766872 0.22327465005219 0.188461023569107 0.181056682020426 0.00682854756014422 0.041296123014763 0.0504751552827656 0.00357060476089828 0.00376391714671627 0.0279296031221747 0.0182229136349633 0.0473830095957965 0.0471061059623025 0.007618363131769 0.0660233845934272 0.00820678443997167 0.00898397620767355 0.0206746800104156 0.00128198611200787 0.0029855401662644 0.000917217521055136 0.0011763913105824 0.0404349341988564 0.000702251317125047 0.000602265844281646 0.000845014079823159 0.00589399200980552 0.000365540994789626 0.00108743834862253 0.000727298884885386 0.000397796128527261
0.67598060965538 0.406944210827351 0.692465427517891 0.887985223531723 0.814502799510956 0.795250988006592 0.44783646017313 0.306674649566412 0.351661363244057 0.483711060881615 0.449447427690029 0.274297001957893 0.202558651473373 0.157913542632014 0.16863773278892 0.168655297067016 0.0719614567235112 0.0575644285650924 0.0551763299037702 0.00227022310646134 0.00204463067930192 0.002218224236276 0.0251477458514273 0.0358195867855102 0.000791470169679087 0.0134175347920973 0.00703833311563358 0.00119807014707476 0.0544721560552716 0.00129467754159123 0.00173822429351276 0.000721474705278524 0.000886127166450024 0.0136517151142471 0.000204677566398459 0.000908540933960467 0.00030130569434732 0.000495167305052746 0.000574022206274094 0.000493644424568629 0.000448473311189446 0.000301315516480827 0.000596796879835892 0.000707617240186664
0.51204177737236 0.495498915016651 0.568937230110169 0.43868278414011 0.611686584353447 0.908509987592697 0.626598238945007 0.333640174567699 0.416185048222542 0.124622491747141 0.377268807590008 0.0760044584050775 0.213354036025703 0.159981467947364 0.0790436166338623 0.00952252902789041 0.0814505353569984 0.018215140979737 0.0208366333274171 0.00250417793513407 0.00236811925715301 0.00196840112039354 0.0513253973796964 0.0231884418055415 0.19523448497057 0.0292084868415259 0.00159464137686882 0.000444114326091949 0.00157753421372036 0.00153439316782169 0.0503468105569482 0.00209897128079319 0.00127936290227808 0.00597421763523016 0.000914455687234295 0.000696082814829424 0.000721174779391731 0.000330545402539428 0.000333276340006705 0.000482618353635189 0.000329545279873855 0.000338940712390468 0.000349836532768677 0.000494235794030828
0.458028772473335 0.448143818974495 0.667391011118889 0.706338602304459 0.363376048207283 0.160447466745973 0.193730066716671 0.346412049233913 0.492859381437302 0.296904274076223 0.224552343785763 0.204505538009107 0.167506005987525 0.130360822426155 0.00270104939263547 0.0443996447545942 0.0443671396351419 0.0447855647478718 0.100335189327598 0.0752707889769226 0.00252793525723973 0.00151257499364874 0.000908248426276259 0.00147000810793543 0.00354620117577724 0.0186011797748506 0.00169738666154444 0.00129714164577308 0.00240874328883365 0.00330781054799445 0.00132503243512474 0.000415799126494676 0.000911806736257859 0.00293826449487824 0.00161016811180161 0.00190833874366945 0.0529559290967882 0.0107979972846806 0.00852712747291662 0.000355786782165524 0.00027200260437894 0.000329390405750019 0.000357770066329977 0.000373694101290312
0.598814326524735 0.692031928896904 0.570465494692326 0.120301532000303 0.16851538605988 0.574122193455696 0.269603027403355 0.226436626911163 0.606130832433701 0.282373883575201 0.00269089128123596 0.00385361037915573 0.00131544260511873 0.00273275978397578 0.0028855707614639 0.00424443686497398 0.00572584188776091 0.00482159382663667 0.00185289337241556 0.00408512107678689 0.00150978719975683 0.00170108520105714 0.00179777105950052 0.00398101303144358 0.00211923932947684 0.00245604181254748 0.00148454207519535 0.00337441129959188 0.00382221445324831 0.00202049763756804 0.00148136966381571 0.0608984812162816 0.00177329887155793 0.001767930117785 0.00123722791176988 0.00184904971392825 0.00274597842362709 0.00234639320260612 0.00798151261697058 0.000540516134788049 0.000911988314328482 0.000713800644734874 0.00077232136100065 0.000488499341008719
0.585016521811485 0.407509215921164 0.592881661653519 0.218741936981678 0.721668368577957 0.424704453349113 0.450459042191505 0.437181544303894 0.271759866178036 0.0911350649781525 0.0036900474660797 0.00942856925685192 0.00268278132280102 0.00625506383366883 0.010364888724871 0.0124921605922282 0.212413527071476 0.275564104318619 0.00439121918461751 0.00336297099565854 0.0035193844436435 0.00125837602608954 0.00165617337443109 0.00146288947253197 0.00130670589860529 0.000855844677425921 0.0177046238910407 0.00175106293754652 0.00101548742932209 0.00099294580577407 0.00195673206908396 0.00330650382966269 0.00322209142614156 0.00112627401977079 0.000418770649412181 0.000983137077855645 0.00119497769119334 0.00210582340951078 0.00191548167786095 0.0038430628257629 0.000512996828911128 0.00144414042879362 0.00109298230672721 0.00442358353175223
0.348258745670319 0.456654238700867 0.56062522828579 0.482769864797592 0.419645701348782 0.530765968561173 0.395706602185965 0.25392197445035 0.155232979170978 0.00264240169599361 0.00256039136438631 0.00336985983885825 0.0063991358038038 0.00371806510956958 0.0171559127513319 0.00702716070227325 0.00607258684467524 0.00320546086295508 0.00342282870551571 0.0013560417064582 0.000965110113520495 0.00180009700343362 0.00621530571952462 0.00204411100130528 0.00187198375933804 0.00362978514749557 0.00162506720153033 0.00136843580185086 0.00141402951776399 0.00168029302512878 0.00122922582086176 0.00220370246097445 0.00166104627714958 0.00186752281006193 0.00187127925746609 0.000749953250306135 0.000536712379016535 0.000889699540493893 0.000684722985897679 0.00045381965355773 0.000872277076996397 0.00036849229118161 0.00114706068998203 -9999
0.317847060412168 0.385903550684452 0.442341695725918 0.517491769790649 0.503753817081451 0.368386134505272 0.332774868607521 0.24727293625474 0.0983080174773932 0.00190573918516748 0.0020974817503884 0.155077676614746 0.00285316614899784 0.0260878486558795 0.0173756042262539 0.00477782847301569 0.00379823676194064 0.00127180250710808 0.0110394642921165 0.00163918606194784 0.00146625704073813 0.00123965987586416 0.00301057614851743 0.0010207806211838 0.000713391626049997 0.00236493986158166 0.000677403149165912 0.001233950725873 0.00113564315543044 0.00365690751059446 0.00119585715583526 0.00123687679006252 0.000924430431041401 0.000732130840333411 0.000806794098753016 0.00124154196528252 0.000599787681130692 0.000522011356224539 0.000613540792255662 0.00159493178362027 0.00161357554607093 0.00119534594705328 -9999 -9999
0.377184942364693 0.423146910965443 0.362605421245098 0.385587882995605 0.25371038466692 0.156748394295573 0.150845073908567 0.194743594527245 0.103840712830424 0.0593303875997663 0.11377771012485 0.0051077795913443 0.00189144313335419 0.00208965526835527 0.000964774677777314 0.00297936627903255 0.008216096193064 0.00894127218052745 0.00195024104323238 0.00510264608892612 0.00237060883082449 0.0020493491756497 0.00159393179346807 0.000912632946347003 0.000769858080457198 0.000788694831135217 0.000419661746855127 0.00031924164359225 0.000648091358016245 0.000352090499836777 0.00129507551318966 0.00216202931769658 0.00069491210160777 0.00109273277630564 0.00122989697738376 0.000712752069739508 0.00089059529309452 0.000790060090002953 0.000501836195326177 0.000519986082144897 0.000537148109287955 -9999 -9999 -9999
