Scripts_&_data/Maxent_result_files_2/B_hyperboreus_2.asc
NCOLS 594 
NROWS 330 
XLLCORNER -15 
YLLCORNER 23 
CELLSIZE 0.166666666666667 
NODATA_value -9999 
[rows 60 to 79 of 330, columns 352 to 395 of 594]
-9999 -9999 -9999 0.194432519376278 0.177766732871532 0.0259721459820867 0.0368422960862517 0.0374458851292729 0.0433182785287499 0.0473276602104306 0.0516228318214417 0.0524537846446037 0.057139746658504 0.0685973975807428 0.161937150359154 0.10004376731813 0.114316965639591 0.103978967200965 -9999 -9999 -9999 -9999 -9999 -9999 -9999 -9999 -9999 -9999 -9999 -9999 -9999 -9999 -9999 -9999 -9999 0.30681479126215 0.0833061844110489 0.0342720432206988 0.0217000441625714 0.00547349547268823 0.00946000698022544 0.00950567554682493 0.00919398674741387 0.00868723848834634
-9999 -9999 -9999 0.0959545873105526 0.0300435402896255 0.0389326196163893 0.0447381570935249 0.0361352501437068 0.0335735541768372 0.0973661929368973 0.35836995318532 0.327794362604618 0.107789615401998 -9999 -9999 -9999 -9999 -9999 -9999 -9999 -9999 -9999 -9999 -9999 -9999 -9999 -9999 -9999 -9999 -9999 -9999 0.0312289799097925 0.058478800021112 0.0268197065219283 0.0168750021606684 0.0170185522176325 0.0156567090656608 0.0121542762033641 0.00927150952629745 0.00838132812641561 0.00849594930186868 0.00493452178779989 0.00460753466468304 0.0065321956994012
-9999 -9999 0.0970046610571444 0.0336571596562862 0.0312583765946329 0.0270873688161373 0.058724451623857 0.00989989653462544 0.0536856587976217 0.219621569663286 -9999 -9999 -9999 -9999 -9999 -9999 -9999 -9999 -9999 -9999 -9999 -9999 -9999 -9999 -9999 0.0785330188460648 0.403373147547245 0.102585496753454 0.109352777525783 0.0951600015163422 0.0204712618142366 0.0457701438106596 0.0179745019879192 0.00642949981847778 0.00984437358565629 0.00894153011031449 0.0519600086845458 0.0752237407490611 0.0392319913604297 0.00875162945594639 0.00890382588841021 0.00665630369912833 0.00574862188659608 0.00282217354397289
-9999 0.206896452605724 0.0285584194585681 0.0291056740097702 0.0295177939347923 0.0309947852045298 0.0395678080618381 0.0681321700103581 -9999 -9999 -9999 -9999 -9999 -9999 -9999 -9999 -9999 -9999 -9999 -9999 -9999 -9999 -9999 -9999 -9999 0.612691882252693 0.020200980361551 0.0230343629606068 0.0278393108397722 0.0279894946143031 0.0252111949957907 0.0306980613619089 0.0171870681457221 0.0166405953932554 0.0150404637213796 0.100112742930651 0.0100821201573126 0.0325233960524201 0.00504726021317765 0.00710168703226373 0.00478164978558198 0.0162657230626792 0.0387284158263356 0.0040312604047358
-9999 0.170779931172729 0.262637840211391 0.0517137618735433 0.0178342765197158 0.0161243711598217 0.051164623349905 0.0561833266168833 0.0828857215121388 -9999 -9999 -9999 -9999 -9999 -9999 -9999 -9999 -9999 -9999 -9999 -9999 -9999 -9999 -9999 -9999 0.0114521780982614 0.0126286160200834 0.157300179079175 0.0269184023607522 0.0246741715818644 0.0224311059340835 0.0192043298855424 0.0180736227892339 0.0146433264482766 0.0109707165043801 0.00791150215081871 0.0057967210537754 0.0159821997396648 0.0084013088257052 0.00904796144459397 0.00153059122094419 0.00374791068024933 0.0163666547741741 0.0357685983646661
-9999 -9999 -9999 0.1317991158925 0.0800345357507467 0.0241483778692782 0.0358030215837061 0.0614286907017231 0.0463182222098112 0.0219378098845482 0.0467149846255779 0.117297884821892 -9999 -9999 -9999 -9999 -9999 -9999 -9999 -9999 -9999 -9999 -9999 -9999 0.0979719460010529 0.00708147533005103 0.0129208823433146 0.0613375766202807 0.166838873177767 0.126535522937775 0.0222860103473067 0.0200694127008319 0.0184136143885553 0.0147735159378499 0.0116487643215805 0.0358246040530503 0.0726688683964312 0.00997701840242371 0.0158223890233785 0.00998769174329936 0.00567760932026431 0.00439766953932121 0.00632153215119615 0.00659245538990945
-9999 -9999 -9999 -9999 -9999 0.0490683405660093 0.0198451321106404 0.0280227486975491 0.0198955392464995 0.0216112510301173 0.0268470617011189 0.0615475859493017 0.173420701175928 -9999 -9999 -9999 -9999 -9999 -9999 -9999 -9999 -9999 0.0874925121665001 0.172613159567118 0.0130329614505172 0.00841160344425589 0.0162158108316362 0.024102411326021 0.0204193067038432 0.0552464943379164 0.0257965761236846 0.016465538693592 0.0778372741304338 0.0303675762377679 0.0152879205765203 0.0302988744340837 0.0350626325700432 0.0556081699207425 0.0266444721492007 0.0264357183594257 0.0188314070226625 0.00723932002438232 0.00929094858001918 0.006422527320683
-9999 -9999 -9999 -9999 -9999 0.0271901934873313 0.0164753646589816 0.0263628317508847 0.0307749370113015 0.0116840539500117 0.0146385163068771 0.015471532009542 0.012850507022813 0.00611395095475018 0.0373849792405963 0.0540574602782726 0.0486231360584497 0.0160853612236679 0.00421032230369747 0.00368033210979775 0.0254039050079882 0.0131452888250351 0.00761147940065712 0.00911784661002457 0.0163197066169232 0.0121062602847815 0.0113310515414923 0.0176623260602355 0.0193014021962881 0.026509000081569 0.0421508415602148 0.0635393587872386 0.0201925329864025 0.0122266800608486 0.0136396410409361 0.0107669163960963 0.0549093838315457 0.0247221398487454 0.0204634058172815 0.0360264445625944 0.0201129280671012 0.0157948049207334 0.0235000275773928 0.0171674763201736
-9999 -9999 -9999 -9999 0.113444465771317 0.0395634610205889 0.018198576150462 0.0341760022565722 0.0137733040261082 0.0160266188671812 0.0195382894948125 0.0230907914694399 0.0162710569333285 0.0115517376107164 0.00932531068101525 0.0150075912941247 0.0195711472071707 0.0138638908741996 0.00642811792204157 0.00976622200105339 0.0222130632027984 0.0262707025744021 0.0230259674601257 0.0127653843257576 0.0193703184835613 0.0252057324163616 0.0283712118864059 0.0298490298911929 0.029925852548331 0.0183597531286068 0.0245341758127324 0.0655296495184302 0.0464904024265707 0.0413144759833813 0.0195502030255739 0.033279709238559 0.0250457012210973 0.02092431767378 0.0175837706687162 0.0149364748998778 0.0131810997147113 0.0206914251670241 0.0209254636720289 0.0284145309822634
-9999 -9999 -9999 0.0355613645166159 0.00489032159093767 0.0115690573002212 0.0174249354749918 0.0313896920066327 0.0219716966617852 0.0134768469491974 0.0107342075090855 0.00918608041247353 0.0219520109705627 0.0168466804549098 0.0144334514625371 0.0183847071137279 0.00882565400097519 0.0107235439121723 0.00917765886406414 0.00864915724378079 0.00341215289081447 0.00644603527034633 0.00816336970310658 0.0061956602265127 0.0117399834562093 0.0127115957671776 0.0212574592675082 0.0184205307392403 0.0165319524472579 0.0115637672599405 0.0149610432330519 0.0130863103317097 0.00521844904287718 0.0175041335169226 0.000693807324933005 0.00768196750432253 0.0216929096961394 0.0194999419589294 0.0189287280081771 0.00173082774708746 0.0133275358937681 0.0057720193231944 0.019709480018355 0.0223634191788733
-9999 -9999 -9999 0.0296296238899231 0.0176951769273728 0.0318431838415563 0.0321116532199085 0.0120145640335977 0.0247524094302207 0.0149018144700676 0.0138332680799067 0.0167464555706829 0.00997161063714884 0.00788251621415839 0.00724897384061478 0.0310667349025607 0.0161340140970424 0.00658667524694465 0.00779159697704017 0.00225012446753681 0.00455346513190307 0.00593684354098514 0.00364632895216346 0.00664936678949743 0.0136327287880704 0.0228608102537692 0.00518119838670827 0.00871332397509832 0.00928276648046449 0.00773929581628181 0.0152932175435126 0.0110042468179017 0.00783905448624864 0.00190991312265396 0.00754506494413363 0.00525101238017669 0.00404362956469413 0.0143037808695226 0.019123772875173 0.0107078133471077 0.00597342833061703 0.0319121007283684 0.00996712649357505 0.0120690463110805
0.00320454094326124 0.00515558728948236 -9999 0.00884554244112223 0.00977482569869608 0.011575652693864 0.0098896301467903 0.00941951139830053 0.00947282932465896 0.00998859799001366 0.00845912769436836 0.0165487020742148 0.00129747452956508 0.0111028617597185 0.0121927089057863 0.00405543851666152 0.00284080829587765 0.0108663233695552 0.00847213554661721 0.00625344748841599 0.00786325747612864 0.00454042453784496 0.00559272498358041 0.000730938244669233 0.00169419872690924 0.000481896888231859 0.00905386677477509 0.00383563973300625 0.00545025942847133 0.00796463540755212 0.0117939454736188 0.0119942091638222 0.00727222992572933 0.00159565241774544 0.00589833598933183 0.00569730114075355 0.00671157734468579 0.00538851337623782 0.00854602587060072 0.0083057455427479 0.00120594237750993 0.00220869690965628 0.00144290345378977 0.0149395052474574
0.00478661892702803 0.00519195435044821 0.00324825798161328 0.00319778802804649 0.000484101189067587 0.0111391992715653 0.00691293100826442 0.0114002694608644 0.00459565766650485 0.00692082945315633 0.00871339522418566 0.00777383224922232 0.0113677743822336 0.008410081313923 0.00584103210130706 0.00324680679477751 0.000625061190294218 0.00260898923734203 0.00822146786376834 0.00617516769561917 0.00516698601422831 0.00666211296338588 0.00713298987830058 0.00118287188015529 0.000347913780569797 0.00034962391400768 0.0010156787262531 0.00611270803492516 0.00673517500981688 0.0039600991512998 0.000319658570333559 0.0131585617084056 0.0042780186602613 0.0100442096590996 0.00283577636510017 0.000159011172854662 0.00628611787687987 0.00682473597116768 0.00557579600717872 0.000173205668852461 0.0085950433742255 0.00526725279632956 0.000705888663287624 0.000227884980449744
0.000827588710853888 0.00646826973534189 0.00217750754891313 0.00671131894923747 0.0070397624745965 0.000434578252497886 0.00421341483961442 0.00784500977024436 0.00873259094078094 0.000351896262009177 0.00352998223315808 0.00147093836749264 0.00307906760426704 0.00239320913678966 0.00234329964296194 0.00373238918255083 0.00227573020019918 0.00325044020719361 0.00166622694887337 6.75670398663897e-05 0.000267100806104281 0.00032703613051126 0.00191780296736397 0.00477669973042794 0.00304583797988016 8.92250908236747e-05 0.0030784897506237 4.96437335641531e-05 0.00360637116245925 0.00304895505105378 0.00339347015833482 0.00787608831888065 0.00543097922345623 0.00323170151241357 0.000867832194489893 0.00244710489496356 0.000580888779950328 0.00202366852681735 0.00239590150886215 9.5721583966224e-05 0.0031809952808544 0.00368305549491197 0.00245408301707357 0.00285239845106844
0.000135088137176353 0.000115342452772893 0.00105893866566475 0.00263130226521753 0.00104116873990279 0.0163197854533792 0.000743221263110172 0.00237169314059429 0.00197492269799113 0.00208748442382785 0.00313285235315561 0.000725119647177053 0.00116774108828395 0.00101722018880537 0.00417287846794352 0.00317698327708058 0.00272873452922795 9.50544028000877e-05 0.000189111881445569 4.2726593954967e-05 0.00268479334699805 0.00447332827898208 0.00358449526247568 0.00258782052333117 7.65215845149214e-05 0.00369251227530185 0.00342507986351848 0.00189772640587762 0.00267864657507744 0.00249857519811485 0.00019722135621123 0.00525579756940715 0.00134333181485999 7.57282803533599e-05 0.000237703281891299 0.00353574265027419 0.000872417647042312 0.00277565584983677 0.000498066822910914 0.00208107956314052 6.56936613495418e-05 0.0015239517975715 0.00158435091725551 0.000150111258153629
0.000147716541141563 0.00013701888065043 0.000106435533757576 0.00187126571545377 0.000248393883293829 0.000115581115460373 0.000200377580313216 0.00328328280011192 0.00603001313284039 7.80794718593825e-05 7.66595117966062e-05 0.000994923234429734 0.000932130019646138 0.00401062027667649 0.0045557097386336 0.00720471467939205 0.00273658541991608 0.00335464167874306 0.000343257259009988 0.000149861736554158 0.00408779726130888 9.3670393391676e-05 0.00113953168329317 0.000190431283817816 0.000308208958722389 0.000993828111677431 0.00299447837751359 0.00334611861035228 0.00106599858409027 0.000180423583333322 0.000683232540359313 0.000394398381467909 0.000410833119167364 0.000550597098481376 0.0021078206540551 0.000186411260438035 0.000135578072149656 0.000408149999202578 0.000247167304405593 5.13676768150617e-05 0.00155062479898334 2.39858673126037e-05 2.49939184584491e-05 4.24296826167847e-05
4.77822530854155e-05 7.88306401773298e-05 8.29084795441304e-05 0.000216104845458176 0.00311293947743252 0.001749857183313 0.00233562156208791 0.0026979319867678 0.0045748017844744 0.00846145658288151 0.00176964742131531 0.000892409852531273 0.00286584095738363 7.41962366191729e-05 0.00055972498957999 7.63846488325726e-05 0.000229751780807419 0.00633764255326241 0.00679819046054035 0.0029301842674613 4.1388967815692e-05 0.000443622944294475 6.79073073456493e-05 0.000124049511032354 2.82129987681401e-05 0.000101712204013893 0.000124116173719813 0.000370152152027003 0.000648769252438797 8.62938880345609e-05 0.000381957788704312 0.00100989028287586 0.00013149819769751 0.000106332128302711 7.44969242532534e-05 0.000215520451820339 0.000129903627021122 0.00514488271437585 0.000687380171439145 0.000243875338856014 0.000252872346936783 3.25178690559369e-05 5.16171333401871e-05 0.00156676226179115
0.00036489357771643 8.16503495229881e-05 0.00011137002184114 0.00339678554446436 0.00168177957530133 0.00378218201221898 0.00214659169796505 0.00113632183056325 0.000156321684107752 0.000710537258873956 0.00131770495972887 0.00629925577668473 5.16505479936313e-05 0.00098357520182617 0.000195829911535839 6.06256979608588e-05 0.000126726341841277 6.50861981739581e-05 0.00158556540554855 0.00350107573904097 0.000215665592622827 0.000172971091160434 0.000405325530300615 9.52570871959324e-05 1.34299100409407e-05 0.000458729543970549 0.000645985753362766 0.000391409810617915 0.000411833770704106 0.000376311559375608 0.00050490646444814 0.000253988509393821 6.44104821276414e-05 0.00021078307308926 0.000315045338902564 0.000303028994585475 7.02302749687078e-05 0.00331350301275961 0.00373732373700477 0.000134312024965766 0.000460825091431616 0.000183278854683522 6.86238968228281e-05 3.0558309481421e-05
6.53669118037214e-05 0.00164818306220695 6.82611937008915e-05 0.00462300130166113 0.000147922707037651 0.00190752782218624 6.1781390240867e-05 0.000102398807757709 0.00281267962418497 6.1490886264437e-05 0.00021393383258328 0.0107156649697572 0.00358900257851928 0.000776533337193541 0.00237955396878533 0.00176078018266708 0.00266469910857268 9.06114102690481e-05 7.56444994294725e-05 9.9273359955987e-05 0.000105354229526711 5.79594474857004e-05 0.00019501136002873 3.71674534108024e-05 5.79487906179565e-05 0.000246386414892186 0.00036618537560571 0.000311750730179483 0.000230812287554727 0.000189978102025634 0.000239284199415124 0.000102896369116934 0.000693042522470932 0.00024706901585887 0.000304831408720929 0.000250328287984303 6.39372885416378e-05 1.30997707856295e-05 9.00884156180837e-05 6.83892843198919e-05 0.000415127801898052 0.000121876428488576 0.000147278484655544 7.80796878643741e-05
5.65561130315473e-05 5.10501962708076e-05 0.0017904276275658 3.78717237651927e-05 6.88389174683834e-05 0.0012651554934564 4.71556674824569e-05 0.000140418978662638 4.59998171663756e-05 4.14974210343644e-05 3.84456304800551e-05 5.96339552885183e-05 4.69308145511604e-05 4.10801366797386e-05 0.00105779222358251 0.00106507964519551 0.00158735201403033 0.000202804528089473 0.000426584243905381 0.000316616808777326 0.000186262540773896 8.81347506037855e-05 5.28791024862585e-05 5.61380958060909e-05 5.16213662194787e-05 2.82144836774023e-05 0.000183174406538456 0.000164588486109096 0.000166574070044589 0.000327778262726497 0.000435237766942009 0.000100496188133548 0.000319878182926914 0.000112292854737461 9.04891290701926e-05 0.000133597995591117 0.000116603283458971 0.000248878501588479 0.000515568260016153 0.000250803203380201 0.000326977626536973 2.17073100429843e-05 0.000110762326312397 9.73932512351894e-05
