Scripts_&_data/Maxent_result_files_2/B_hypnorum_3.asc
NCOLS 594 
NROWS 330 
XLLCORNER -15 
YLLCORNER 23 
CELLSIZE 0.166666666666667 
NODATA_value -9999 
[rows 220 to 239 of 330, columns 506 to 551 of 594]
0.000127149099444068 0.000140196178472252 0.0014526974176988 0.0101975884288549 0.00783463404513896 0.00905720074661076 0.00887813931331038 0.00740762329660356 0.0134472263045609 0.021629124879837 0.0158863032236695 0.000938909698743373 0.000165408061729977 0.00085683298893855 0.000503298808689578 7.80537357059075e-05 1.96741817489965e-05 6.65040955937002e-05 0.00311191151849926 0.0123966098763049 0.0356011379510164 0.0391959888860583 0.0530546201393008 0.0291470004245639 0.0423323076218367 0.00707095954567194 0.00327342436648905 0.00102381313336082 0.00146520968992263 0.00129089762922376 0.000579294221824966 0.00014800800854573 6.37243954770383e-05 8.9621935148898e-05 3.02710817322804e-05 2.96535455163394e-05 2.51881579060864e-05 2.46663867528696e-05 2.29101753120631e-05 8.6279995230143e-06 1.29614158822733e-05 9.35318579422528e-06 6.46226561684671e-06 3.97207970195268e-06 5.76039550992391e-06 7.08608813511091e-06
2.60453843111463e-05 5.02210392369307e-05 0.000550052520702593 0.00437967178877443 0.0624471850693226 0.00286500805523247 0.00489041935652494 0.0138579598627985 0.0140846084803343 0.0034416135167703 0.000394734576912015 0.00015971639950294 2.6815820729098e-05 0.000134965998211101 0.000741572025253845 2.56235958772777e-05 3.73971976216581e-05 1.9305178579998e-05 0.000138743580282608 0.000142873806180432 0.000685964118747506 0.000606762140523642 0.0026905607781373 0.0227734567597508 0.0225293820723891 0.0187619168311358 0.00783236511051655 0.00183665174990892 0.00134690570412204 0.000680283675319515 0.00036201069742674 0.000176962000114145 0.000128999419030151 7.85109217758873e-05 5.24760333064478e-05 4.79548329167301e-05 3.6904870194121e-05 4.8220878079519e-05 5.19560493557947e-05 0.000614712372771464 5.57705719984369e-05 9.03693977534204e-06 1.50904942302077e-06 7.71292814505387e-07 1.81483059407128e-06 3.94041020967961e-06
1.24271528648023e-05 0.000139140113515168 5.52671059267595e-05 0.00010191303663305 0.00580576080828905 0.0121551350690424 0.0111376387067139 0.000468018717947416 2.09232654924563e-05 7.84940766607178e-06 2.26744608482932e-05 6.3793013708846e-06 1.76635097496103e-05 2.06665868150324e-05 8.6120893882935e-06 1.2550511674192e-05 1.77987561556847e-05 3.26012303460743e-05 5.72035701623008e-05 8.29173164220265e-05 5.48900923604378e-05 0.00204723031056346 0.00106475625070743 0.0025284725939855 0.018004007358104 0.0457449585199356 0.0247511439025402 0.0104099278803915 0.00105327128549106 0.000556446373229846 0.000405480001063552 0.000380062849581009 0.000227424764307216 0.000130582842757576 4.41040473560861e-05 3.80487643269589e-05 4.0059690218186e-05 0.000147312491026241 0.000231084685219685 2.68573907760583e-05 3.00408805173902e-06 7.10455125840781e-07 5.00163103112072e-07 1.19121846324788e-06 7.83847312959551e-06 1.20030331572707e-05
5.36191257651808e-06 3.30347887029347e-05 0.00122994765406474 0.00572192827239633 0.0161917452700436 0.00492448592558503 0.00024152688565664 1.99238613163288e-06 1.77599365116521e-06 4.1123330174031e-06 3.06978774631261e-06 1.69875054183422e-06 1.06175217062798e-06 2.05849515850787e-06 4.41652773517376e-06 4.55002853954056e-06 2.47841353488099e-05 0.000136553167459397 0.000528421591479855 0.000139816281898675 0.000239381411256545 0.000972500258103537 0.000284548182389699 0.00303556735161692 0.00235355745535344 0.0190882286988199 0.0179035996086895 0.00301663437858224 0.00108485026867129 0.00152159824501723 0.000705369532806799 2.92934010303725e-05 1.8164445077673e-05 1.19930625260167e-05 1.90826806374389e-05 4.5312025667954e-05 2.23791897042247e-05 9.45803592458105e-06 5.98385472585505e-06 2.45330691654999e-06 1.48250191784882e-06 3.42958521457604e-06 2.31673713415148e-05 5.54454243683722e-05 3.3757479286578e-05 7.13715680831228e-06
6.31347359103529e-06 0.000123369268112583 0.00192005367716774 0.00127376596792601 8.86077203176683e-05 7.75035005062819e-07 6.67636706452868e-07 6.25346453908549e-07 2.69501018976825e-06 1.00590773069675e-05 0.800003998942429 4.99459526945856e-06 1.81593514483325e-06 3.56739609479462e-06 1.98721995769091e-05 5.99602732691551e-06 2.60618449175354e-05 3.37098144029824e-05 7.00272099379617e-05 0.000456056803523097 0.0217399142216891 0.000940828073362354 0.000366252413368784 0.00917358766309917 0.0105156279169023 0.0194826992228627 0.0147523857653141 0.00381378035526723 0.00123600661172532 0.000434481659613084 0.000775338025414385 0.00122635752195492 9.49025648878887e-05 3.66942709661089e-05 2.47356906129426e-05 1.14976592271887e-05 1.90070386906882e-05 1.28558345977581e-05 9.19363671982865e-06 7.45526920127304e-06 7.22840654816537e-06 1.28822886836133e-05 1.89770242286613e-05 1.62991034130755e-05 1.0771175834634e-05 3.15960405714577e-05
8.22787997378782e-07 4.51922364845814e-06 8.95018848723339e-07 3.04401626181061e-06 6.97276543348835e-07 2.70983170480576e-07 1.2805324544729e-06 2.05917584969129e-05 1.87921334315e-05 2.87305125509008e-05 1.1122199324376e-05 4.46804878857066e-05 8.71692236366073e-06 2.55064600263921e-05 0.00015199838639095 2.48518315430601e-05 4.2340950074049e-06 1.9836128285533e-05 5.21902085893089e-05 0.000116281562441145 0.00235968661727384 0.00203362668398768 0.00841219094581902 0.00893379561603069 0.015400499291718 0.0243152809329331 0.00407728215213865 0.000908375903964043 0.000864522487972863 0.000364964295295067 0.000172272071358748 0.000297781356493942 0.00029490986125893 6.13920790783595e-05 0.000143905773074948 6.16679202721571e-05 5.32608341018204e-05 2.25239833525848e-05 2.38316048353227e-05 1.46477818020685e-05 1.68348468832846e-05 2.44703507632948e-05 1.28565079421605e-05 1.49723514823563e-05 2.83275433048402e-05 3.83856408461725e-05
1.07838257292769e-05 1.87300881556496e-05 5.02987965031565e-05 6.8509689370444e-07 9.62173901797314e-07 1.51878622247636e-06 1.88127958764994e-05 1.80456354712533e-06 2.33651641821098e-06 1.04207955899938e-06 4.20888505914263e-06 2.63032677310093e-06 1.42649797396643e-06 8.03053269748943e-06 1.90556821848986e-05 4.35781563510318e-05 0.000209888373683498 0.000459249367122538 0.0166203607805073 0.0826341148465872 0.0139975937083364 0.0116559896152467 0.0172554734162986 0.0146882481873035 0.0130355692468584 0.00636578635312617 0.00153894309187308 0.000424289397778921 0.000282698857336072 0.000149467593291774 0.000123785447431146 3.72981503460323e-05 2.91028676656424e-05 5.1759181314992e-05 5.35825030056003e-05 7.36774076358415e-05 3.80141312234628e-05 4.38857390690828e-05 3.10919833282242e-05 2.52700192504562e-05 2.0810343676203e-05 1.86787682196155e-05 1.27715618418733e-05 4.82788663248357e-05 3.14261299308782e-05 1.55220145870771e-05
9.78328713472365e-06 1.08975045122861e-05 4.90483525936725e-06 3.85725741125498e-06 2.58929915617045e-05 9.77674095338443e-05 3.27585473314684e-05 9.02044163467508e-05 4.94778596475953e-05 1.29682574424805e-05 2.87370309706603e-05 0.000538817566120997 0.00398533099796623 0.00240683365846053 0.000209422546322458 0.00461437578778714 0.00298640120308846 0.0897679097950459 0.0817702770233154 0.0659900277853012 0.0280459994450212 0.0275208488106728 0.0128352875821292 0.00769492327235639 0.00403085288126022 0.00285526094958186 0.00163820724701509 0.000640015809040051 0.000260013914885349 0.000311791926651495 0.00019441370604909 4.68902928332682e-05 7.57890109525761e-05 0.000480176433484303 0.000132704648058279 6.41186770735658e-05 5.45128095836844e-05 3.80604711608612e-05 7.63096333685098e-05 4.82285316138586e-05 6.78785544550919e-05 3.26289583426842e-05 2.80783794096351e-05 2.70475021352468e-05 1.63638429057755e-05 1.33377004772228e-05
2.31077024182014e-05 0.000115039774391334 0.000153212525037816 9.80715507466812e-05 0.000997484696563333 0.000832875116611831 0.00025758862902876 0.00110959251469467 0.0013019940815866 0.000802036549430341 0.00127772018313408 0.00896927430294454 0.0218593504279852 0.0357075514271855 0.047084785066545 0.0204530216753483 0.0362336123362184 0.0423496071249247 0.0174609336536378 0.0197653443086892 0.0177809242159128 0.0497738588601351 0.00928668007254601 0.0032841631793417 0.00137607420329005 0.000436997733777389 0.000199976966177928 0.000140708302569692 0.000456464465241879 0.00136564282584004 0.00135539535840508 0.000428731104329927 0.000275972281815484 0.000218914636570844 0.000293532056821277 9.39548607675533e-05 2.76592237696605e-05 6.27862614237529e-05 7.024128744888e-05 5.83189734243206e-05 2.86193877855112e-05 3.10364337565261e-05 2.48391754894328e-05 8.01512579755581e-06 4.93560609697852e-06 6.75820642186409e-06
0.00139433089643717 0.00289895408786833 0.00344127489952371 0.00558217901270837 0.0145654811523855 0.0134544132277369 0.0275487767532468 0.0661657482385635 0.0348155634477735 0.029214596375823 0.0368781726807356 0.0817464396357536 0.0315554104745388 0.112818384170532 0.104612074419856 0.0728345703333616 0.0295542448759079 0.0199618124403059 0.0129483160097152 0.0563408084213734 0.0296723120845854 0.00340145648224279 0.00177799841621891 0.000623495141917374 0.000226220527110854 0.000207820982177509 0.000111565029146732 0.000498624274041504 0.000440273444837658 0.000677144361543469 0.00077527450339403 0.000817142394953407 0.000753447544411756 0.00056796353237587 0.000395653755549574 0.000240614212816581 0.00011824386256194 9.78913671133341e-05 4.59605845662736e-05 1.92436105635352e-05 1.19870805065148e-05 1.0603371470097e-05 3.8020069752065e-06 2.11981887474622e-06 1.53731670735624e-06 1.3292666139364e-06
0.0277066271752119 0.0240717221982777 0.102818369865417 0.151472321897745 0.131237671524286 0.158836365491152 0.174526353925467 0.190920792520046 0.149438848346472 0.115850270166993 0.141119280457497 0.123138110339642 0.118189035356045 0.131186749786139 0.0387487005442381 0.00763294296339154 0.00816936946939677 0.0038744761608541 0.00125195130240172 0.000636187396594323 0.000331282473052852 0.000788981659570709 0.000351011953898706 0.000186315599421505 0.00071925788797671 0.00124962330446579 0.00057222271716455 0.00147913808468729 0.00262771395500749 0.0008429506313405 0.000425384027766995 0.000490554001589771 0.000391676406434271 0.000313480255863396 0.000124123078967386 9.11154196728603e-05 6.51553768875601e-05 4.80778840483254e-05 1.96979236079642e-05 9.98575229118614e-06 5.94909672884114e-06 2.6168533196369e-06 2.10925853849631e-06 1.91676320753231e-06 1.17379989852395e-06 1.31318191947116e-06
0.00508804328273982 0.00841782325878739 0.0129221076145768 0.0280625865794718 0.0686169717460871 0.0536405516788363 0.0623278331011534 0.0871972978115082 0.081746980547905 0.105315466225147 0.121641629934311 0.0253682035021484 0.0544940147548914 0.0568402796983719 0.00282335337251425 0.0243752751499414 0.0392392225563526 0.00611320806201547 0.0334562370553613 0.0554473552852869 0.042123693972826 0.0389758002012968 0.0465756485238671 0.0132990153506398 0.0312327828258276 0.0338184470310807 0.0104636119212955 0.00589296873658895 0.000862227815377992 0.000308338951435871 0.000251805076550227 0.000300458510173485 0.000177096244078712 0.000137145271401096 6.46054789285699e-05 3.2460117699884e-05 1.32321537876123e-05 6.02635892050785e-06 4.16988969504928e-06 9.14169451675661e-06 6.56269312884206e-06 1.47700579660182e-06 1.22082738371887e-06 8.39858373780089e-07 6.58864632896439e-07 4.44753094086536e-07
0.0496128041297197 0.0427764127030969 0.0560767278075218 0.0415239848196507 0.0396408969536424 0.0134354374371469 0.0408813891932368 0.039314872585237 0.00488984789699316 0.0107476215809584 0.0224501273594797 0.00542312220204622 0.00250980849377811 0.00746883223764598 0.0784570708870888 0.103062973916531 0.100073273479939 0.0835481066256762 0.0787728406488895 0.0833916414529085 0.0384472103789449 0.0270415903069079 0.0264428371563554 0.0238106651231647 0.0185984240379184 0.0126690448727459 0.00970029053278267 0.00122877784597222 0.000830610805132892 0.00403808301780373 0.00309625397785567 0.00135939738247544 0.000578699030302232 0.00036027207497682 5.96287185999245e-05 1.82455503590972e-05 5.13559955379606e-06 3.43419871455808e-06 2.87887975218837e-06 4.70011077702281e-07 2.39755965054655e-06 1.20754451344851e-06 1.11528236210745e-06 6.09679107732575e-07 6.7612511411852e-07 3.21745997311496e-07
0.0043217136990279 0.0510195460170507 0.0508212644606829 0.0460715513676405 0.0029434911091812 0.00112135012750514 0.00453217937611043 0.0018065573007334 0.00164384910021909 0.0738692261278629 0.00358068898785859 0.00417590853758156 0.0519037108868361 0.0602926835417747 0.0388824116438627 0.0542595360428095 0.0511000214144588 0.104500423744321 0.135655103623867 0.118930352479219 0.0294085262343287 0.0266158888116479 0.0402311043813825 0.0245220450684428 0.000627989540225826 0.0017813977698097 0.0125872510951012 0.00927307435777038 0.00604067612439394 0.000414008863299387 0.000147210141403775 0.000191646070379647 0.00495315763400868 0.00075609281193465 0.000100997532717884 4.78249207844783e-05 1.35203248646576e-05 4.69855517906126e-06 2.23785420843114e-06 1.9830014949207e-06 9.30373615659619e-07 5.3946918558978e-07 4.46174996504567e-07 3.57421755659004e-07 2.45536677923042e-07 2.43357690621337e-07
0.00421149565372616 0.00521397236734629 0.00324381303507835 0.00153801122214645 0.000692994614655618 0.00183973800158128 0.00273177470080554 0.0303544139489532 0.0298263011500239 0.0125967972911894 0.0178293061442673 0.0660466052591801 0.0419170536100864 0.0318804245442152 0.0463436387479305 0.0463307043537498 0.0378160454332829 0.0654291462153196 0.0313901210203767 0.0310056606307626 0.1229721583426 0.0392541820183396 0.0630857534706593 0.0148650338873267 0.00246677516261116 0.00798321487382054 0.0102842479478568 0.00620210595661774 0.00274795991717838 0.000622772723727394 0.000285969142714748 0.000131822830371675 0.000691549411567394 0.00128073502710322 0.00108648612658726 6.39087783383729e-05 3.18274486062364e-05 1.23532009524752e-05 5.78140760580936e-06 1.19000129004121e-06 8.71956735082335e-07 6.82061746104523e-07 1.36940412254205e-07 9.73361199196887e-08 1.01125420659542e-07 1.13592687256414e-07
0.000577263071318157 0.00112807896803133 0.000401378452079371 0.000654133062926121 0.00173870212165639 0.0009870182024315 0.00374835850670934 0.00366279543377459 0.00327586457133293 0.00252173658227548 0.0315374843776226 0.00625498467124999 0.0357356926426291 0.0291158063337207 0.0407165672630072 0.0359564376994967 0.0424573294818401 0.0297787453047931 0.0166709891986102 0.0219626732170582 0.0420337354764342 0.0879849217832089 0.0545802753418684 0.00688031876925379 0.00480923452414572 0.0106110092019662 0.0116355457575992 0.00221151189762168 0.00199513843399473 0.000933028355939314 0.00135129843838513 0.000534905463428004 0.000296549146878533 9.3925598775968e-05 0.000565395361627452 0.000193752134146052 5.4319225364452e-05 1.28968571061705e-05 1.17024330052118e-05 8.01096443296956e-06 1.12483515977146e-06 4.39324493406446e-07 2.03699984790973e-07 1.18275106508747e-07 8.79130936048966e-08 6.31107658577435e-08
0.000217918780981563 0.00061231377767399 0.000649580359458923 0.000438693142496049 0.000844581221463159 0.00101756099611521 0.0016655538813211 0.00259623180609196 0.00371325104497373 0.00272047041216865 0.0293012319132686 0.0409994624555111 0.0410867849364877 0.0422178030014038 0.0182816028129309 0.0182444434147328 0.0333204666152596 0.0183460840955377 0.0271368125453591 0.0148098458535969 0.0417410155758262 0.0320419080555439 0.00707596032880247 0.0311072055250406 0.0232327339239419 0.00595683316932991 0.00218676531221718 0.00162969830562361 0.000896574754733592 0.00053194149149931 0.000327403823030181 0.000437816126213875 0.000333771507575875 0.000153156513806607 0.000578862894326448 0.000857794863259187 0.00031983923909138 4.76967562008213e-05 3.69917939678999e-05 4.35605532629779e-05 4.95320751383588e-06 1.28096825520174e-06 3.74166582339797e-07 2.25714920087938e-07 1.08787005670408e-07 5.63433541822533e-08
1.22019159334741e-05 0.000123066612286493 8.70064886839828e-05 0.000508645405352581 0.000629605184076354 0.000777272402774543 0.00149413768667728 0.00418981469701976 0.00208159390604123 0.00136253242380917 0.00299708286765963 0.0227194246836007 0.0220941044390202 0.0160229041241109 0.0363611558452249 0.0733505874872208 0.0656894350424409 0.0236521363258362 0.052621509693563 0.0613228049129248 0.0447091015055776 0.0439106890931725 0.0273000744171441 0.0354230038821697 0.00983066456392407 0.00767333193216473 0.00648104262072593 0.00194870156701654 0.000429957455344265 0.000345107238536002 0.000136549032504263 0.000147157416722621 0.000308167159892037 0.000293874019553186 9.58063733378367e-05 0.000559887651616009 0.000393367423384916 6.35754211543826e-05 2.14539461239838e-05 1.72079615140319e-05 1.37971781441593e-05 2.85744970085489e-06 2.80655975757327e-06 5.68161864578087e-07 2.11668445793123e-07 1.33568355487057e-07
1.63661160968331e-05 9.78119674073241e-06 3.30517774273176e-05 5.31504911123193e-05 0.000250190508086234 0.000756602635374293 0.00151539181824774 0.000605858059134334 0.00204327191459015 0.00134031002526171 0.0178458831273019 0.00461979238316417 0.00150969346868806 0.00801029454451054 0.0553368654102087 0.0401432417333126 0.0438660327345133 0.0229838715866208 0.0256874724291265 0.0291583637706935 0.0349284267053008 0.0210706144571304 0.0112085467204452 0.0107817308977246 0.00289458949118853 0.00224594133906066 0.00201315436279401 0.00123912878043484 0.000312869051413145 0.000265874486285611 0.000358191182021983 0.00048203831538558 0.000160299585695611 0.000103112727629195 0.00281116197293159 0.00142282597225858 0.000553528843374806 9.59314621468366e-05 1.15395980742505e-05 6.13263213722348e-06 7.66540400150007e-06 3.42840033056291e-06 3.13097449691213e-06 2.25018132482546e-06 6.33121011617277e-07 2.54172951841269e-07
4.76127615911537e-06 3.48071813505157e-06 3.86952995086176e-06 7.46379091651761e-06 0.000365681634866633 0.000434507837053388 0.000758085935376584 0.00105217220261693 0.0176926266402006 0.0137809337116778 0.0211395480670035 0.00219447097624652 0.00623843399807811 0.0180545757524669 0.0382385054603219 0.0189799159299582 0.0179957381915301 0.0516574215143919 0.0388214401900768 0.0496662324294448 0.0474963890388608 0.031836530379951 0.0246618065051734 0.019254257157445 0.011554110608995 0.00213007712736726 0.00132249117013998 0.000499624763324391 0.000502287655399414 0.000156037299893796 9.67136984399986e-05 6.75490394314693e-05 0.000193854958706652 0.000264058565153391 6.75990203490073e-05 0.000581199019507039 7.3504848023731e-05 3.8240763842623e-05 1.78802329742211e-05 1.50446173961427e-05 8.32322143651254e-06 5.48967613838158e-06 4.76773638524719e-06 3.4414567295471e-06 2.00660143292453e-06 3.5779812463943e-07
