Scripts_&_data/Maxent_result_files_2/B_hypnorum_3.asc
NCOLS 594 
NROWS 330 
XLLCORNER -15 
YLLCORNER 23 
CELLSIZE 0.166666666666667 
NODATA_value -9999 
[rows 160 to 179 of 330, columns 138 to 183 of 594]
0.85489593744278 0.755364030599594 0.732017785310745 0.666594237089157 0.602587622404098 0.737680548429489 0.603122180700302 0.442076572775841 0.793422776460648 0.590908190608025 0.798437416553497 0.477582517266273 0.44077168405056 0.68033339381218 0.533506554365158 0.249916844069958 0.289334605634212 0.243994884192944 0.289271837472916 0.320579990744591 0.18059184551239 0.39798529446125 0.393831107020378 0.808455002307892 0.36955458521843 0.72263645529747 0.999999219179153 0.422782772779465 0.437776708602905 0.413674694299698 0.400001466274261 0.356198340654373 0.312730598449707 0.39300465285778 0.442500045895576 0.41044017970562 0.441426381468773 0.312811669707298 0.552328115701675 0.213172173500061 0.378389722108841 0.407406017184258 0.442429849505425 0.307160952687264 0.442544874548912 0.796069067716598
0.609567153453827 0.751248353719711 0.427503135800362 0.55471273958683 0.643581122159958 0.738637453317642 0.677077281475067 0.316963917016983 0.349490675330162 0.370180317759514 0.552908039093018 0.455168464779854 0.502341374754906 0.394599971175194 0.231274215877056 0.365096274018288 0.327788746356964 0.431796568632126 0.582106375694275 0.376584926247597 0.256636010110378 0.408285003900528 0.395026716589928 0.265026821196079 0.540290683507919 0.412140119075775 0.586460515856743 0.495819461345673 0.456950506567955 0.517969062924385 0.555434370040894 0.406121206283569 0.442993208765984 0.946681237220764 0.864570927619934 0.779321002960205 0.461779436469078 0.581606644392014 0.470744547247887 0.500483337044716 0.554185646772385 0.776213485002518 0.53737558722496 0.563271650671959 0.462867471575737 0.348305377364159
0.61165843307972 0.411538800597191 0.38921902179718 0.386608105897903 0.520513951778412 0.351483383774757 0.566917687654495 0.324449640512466 0.422813168168068 0.425841847062111 0.504200300574303 0.628572410345077 0.305439040064812 0.432349357008934 0.476215779781342 0.392514187097549 0.685556274652481 0.630183771252632 0.63766256570816 0.453175923228264 0.398542767763138 0.51316519677639 0.21107447296381 0.478926712274551 0.707453674077988 0.339998340606689 0.494101172685623 0.492783957719803 0.727857381105423 0.971470195055008 0.585303074121475 0.58856772184372 0.719278258085251 0.507554081082344 0.535382670164108 0.744604641199112 0.522232258319855 0.685711753368378 0.635592514276505 0.939252805709839 0.918219727277756 0.79143790602684 0.360370466113091 0.645401567220688 0.448111873865128 0.510766071081161
0.460781890153885 0.486533406376839 0.349884754419327 0.527908661961556 0.498188838362694 0.461354464292526 0.566093197464943 0.574529558420181 0.539927610754967 0.445103484392166 0.581561821699143 0.395882123708725 0.475666651129723 0.432414582371712 0.499546468257904 0.857166111469269 0.991496628522873 0.684174531698227 0.392637696862221 0.449081215262413 0.551227551698685 0.514132648706436 0.469200187921524 0.4665303170681 0.475148984789848 0.450037416815758 0.963561505079269 0.795835399627686 0.989302271604538 0.994163995981216 0.524183970689774 0.581302872300148 0.521978867053986 0.436562559008598 0.839195090532303 0.443115344643593 0.701923727989197 0.611552810668945 0.561964553594589 0.822164541482925 0.564538937807083 0.567833656072617 0.999967354536057 0.902527129650116 0.513663616776466 0.694462949037552
0.47753267288208 0.553037768602371 0.619320583343506 0.568789720535278 0.554780849814415 0.412548297643662 0.380410087108612 0.434896373748779 0.734650152921677 0.674914932250977 0.676734560728073 0.314418032765388 0.492184376716614 0.304992976784706 0.486947643756866 0.558161753416061 0.999435579776764 0.716122108697891 0.894124925136566 0.534907454252243 0.747988432645798 0.386778610944748 0.496294870972633 0.494049224257469 0.685713881254196 0.854765999317169 0.772485899925232 0.971916323900223 1 0.998729467391968 0.959947437047958 0.75633242726326 0.588823992013931 0.966627961397171 0.918691879510879 0.506377810239792 0.736416792869568 0.348918423056602 0.460780444741249 0.428266564011574 0.815049135684967 0.367710709571838 0.435371351242065 0.476778575778008 0.555784514546394 0.581475627422333
0.604178383946419 0.449708431959152 0.454225814342499 0.548484861850739 0.380093321204185 0.264871022105217 0.378584808111191 0.326082119345665 0.437891134619713 0.389588883519173 0.350787651538849 0.360695230960846 0.460332489013672 0.3623375415802 0.287308706343174 0.263810537755489 0.492042112350464 0.611770677566528 0.912403750419617 0.93430050611496 0.728879469633102 0.62926931977272 0.488853335380554 0.52194756269455 0.472380337119102 0.567650836706161 0.999999994039536 0.889493024349213 0.828925877809525 0.794203972816467 0.498916548490524 0.757133460044861 0.854462617635727 0.464330369234085 0.586554858088493 0.523819282650948 0.312829995155334 0.41441984474659 0.392949441075325 0.283685217797756 0.208153599500656 0.404553750157356 0.2456099614501 0.214700967073441 0.365851286053658 0.349034479260445
0.406540581583977 0.5642971098423 0.651443195343018 0.905400508642197 0.437897369265556 0.346395620703697 0.402424961328506 0.427286359667778 0.442962047457695 0.374943923950195 0.338177368044853 0.339438170194626 0.406160163879395 0.320404148101807 0.29542538523674 0.224409209191799 0.32481392621994 0.438443949818611 0.424753370881081 0.365724062919617 0.449809902906418 0.539936858415604 0.627873075008392 0.948041385412216 0.875505942106247 0.690587908029556 0.560449421405792 0.999966371059418 0.995766186714172 0.848465889692307 0.285416686534882 0.487349516153336 0.497574347257614 0.475067907571793 0.332693257927895 0.329267236590385 0.419039735198021 0.303324674069881 0.279392610490322 0.27827629595995 0.265133571624756 0.215492951869965 0.20901764780283 0.133646332472563 0.222496822476387 0.147090232372284
0.544044449925423 0.969293659925461 0.953849095106125 0.997460508346558 0.489594095945358 0.939470189809799 0.59155150949955 0.37607473731041 0.182630711048841 0.245418655872345 0.428956934809685 0.373880404233932 0.309814417362213 0.620290368795395 0.284665766358376 0.349656754732132 0.323489910364151 0.336029332876205 0.403584444522858 0.398794367909431 0.441183659434319 0.357710656523705 0.736125349998474 0.690443414449692 0.806498330831528 0.523736277222633 0.548884370923042 0.848654681444168 0.660554277896881 0.629727751016617 0.582963746786118 0.528532919287682 0.49306712448597 0.364218455553055 0.526641285419464 0.566099286079407 0.495187839865684 0.464872717857361 1 0.976613914966583 0.241298416256905 0.182907329499722 0.168477110564709 0.0741354342550039 0.172621993720531 0.160151702910662
0.263666301965714 0.475240209698677 0.712736666202545 0.693921446800232 0.575204980373383 0.542376565933228 0.728721213340759 0.393307733535767 0.125257711857557 0.48945968747139 0.456191053986549 0.416201564669609 0.254742911458015 0.311270105838776 0.282340145111084 0.443940848112106 0.341763457655907 0.701856327056885 0.282650178670883 0.425450086593628 0.27608108818531 0.670109754800796 0.540752464532852 0.520955848693848 0.51509128510952 0.621815222501755 0.470391884446144 0.568422529101372 0.68223574757576 0.44523940384388 0.419422388076782 0.414528757333755 0.606084960699081 0.480786472558975 0.436283177137375 0.473362636566162 0.540977600216866 0.383055421710014 0.330791687965393 0.253409919142723 0.291476218402386 0.253960093855858 0.251443359255791 0.2257996737957 0.161064741015434 0.190775813162327
0.252074706554413 0.155854614824057 0.292544735968113 0.400939691066742 0.563419499993324 0.438202050328255 0.354666945338249 0.385914817452431 0.381127914786339 0.461327546834946 0.442311605811119 0.957721018791199 0.409468334913254 0.346980538964272 0.308450943231583 0.2546795129776 0.323347491025925 0.19727353900671 0.610023063421249 0.41527159512043 0.466187015175819 0.654735028743744 0.290149158239365 0.575179070234299 0.988788610696793 0.532356807589531 0.358589443564415 0.717716282606125 0.393630823493004 0.590256214141846 0.518471437692642 0.624599629640579 0.996009832620621 0.6751125395298 0.65633225440979 0.926354759931564 0.611569714546204 0.470627975463867 0.322202605009079 0.33326900601387 0.355756601691246 0.286640450358391 0.311033645272255 0.308727017045021 0.291112565994263 0.221042075753212
0.254011334478855 0.20579632371664 0.522558069229126 0.418710340559483 0.521749129891396 0.27567854821682 0.274088458716869 0.371930062770844 0.40538227558136 0.468347445130348 0.532558500766754 0.294592091441155 0.213743998110294 0.308410662412643 0.321060356497765 0.323152095079422 0.325517672300339 0.462889492511749 0.808159327507019 0.464043352007866 0.603155565261841 0.494859507679939 0.577645254135132 0.486139443516731 0.642342275381088 0.326519814133644 0.510868942737579 0.413289934396744 0.363538885116577 0.547547852993011 0.535619604587555 0.482379627227783 0.447627714276314 0.474594244360924 0.387576526403427 0.523129311203957 0.344760224223137 0.456080469489098 0.531044799089432 0.529628276824951 0.338480442762375 0.421687713265419 0.246269270777702 0.337696686387062 0.405901315808296 0.419242140650749
0.328992247581482 0.283625639975071 0.999710583686829 0.496135637164116 0.584416043758392 0.401038226485252 0.423234218358994 0.262821599841118 0.521547642350197 0.421532288193703 0.602748560905457 0.625447952747345 0.378262093663216 0.42684953212738 0.260654002428055 0.298087023198605 0.32578507065773 0.683126950263977 0.999999994039536 0.860683304071426 0.45168813765049 0.49631615281105 0.474252411723137 0.891859179735184 0.511662259697914 0.465949863195419 0.465599575638771 0.449410888552666 0.53879591524601 0.521813115477562 0.470475563406944 0.560139727592468 0.33439140021801 0.442833790183067 0.436882272362709 0.482287043333054 0.460692539811134 0.375416538119316 0.519554060697555 0.522713881731033 0.568095082044601 0.383740246295929 0.509582078456879 0.481242778897285 0.333149781823158 0.685723131895065
0.333531314134598 0.195026046037674 0.470183874666691 0.310391236841679 0.462396565079689 0.485445523262024 0.455511385202408 0.63380725979805 0.461337181925774 0.608525454998016 0.760695385932922 0.616868156194687 0.515098944306374 0.690067720413208 0.594435167312622 0.389548116922379 0.31683207154274 0.378667908906937 0.964012616872787 0.439626753330231 0.547161316871643 0.290005034208298 0.422413155436516 0.295824861526489 0.983690029382706 0.605512547492981 0.43229233622551 0.50686782002449 0.495713210105896 0.577464354038238 0.608412474393845 0.595957314968109 0.382317528128624 0.483629393577576 0.430999192595482 0.554328095912933 0.493052902817726 0.482221019268036 0.531450566649437 0.440166735649109 0.529148286581039 0.36087384223938 0.529623910784721 0.528536987304687 0.616233444213867 0.369231134653091
0.222971080243587 0.2952557310462 0.583443149924278 0.324895386397839 0.382440304756165 0.304981544613838 0.35508151948452 0.608452039957047 0.524406599998474 0.686494904756546 0.809723478555679 0.47313050031662 0.532378998398781 0.513267561793327 0.435817408561707 0.30924044251442 0.373684379458427 0.418171498179436 0.362622284889221 0.276803383231163 0.371003168821335 0.351730728149414 0.374911037087441 0.404403331875801 0.976530814170837 0.532712423801422 0.488894173502922 0.457783782482147 0.390595445036888 0.61866090297699 0.690234732627869 0.845486932992935 0.701052331924438 0.659771502017975 0.647243475914001 0.477266076207161 0.460792478919029 0.324471971392632 0.446258175373077 0.351245206594467 0.251620076596737 0.531098166108131 0.629194474220276 0.606103444099426 0.436700576543808 0.417719578742981
0.261744448542595 0.385126352310181 0.567978468537331 0.561929017305374 0.568182680010796 0.349609211087227 0.945380735397339 0.991348242759705 0.481287357211113 0.773972153663635 0.787819427251816 0.38636981844902 0.481771966814995 0.376612123847008 0.445129150152206 0.392166608572006 0.378902742266655 0.39426237642765 0.290380169451237 0.399538505077362 0.288463518023491 0.370309472084045 0.273832699656486 0.487942710518837 0.458867615461349 0.511805775761604 0.32570276260376 0.464401558041573 0.413062334060669 0.635112994909287 0.637518948316574 0.452350908517838 0.684544497728348 0.553886032104492 0.552577030658722 0.510156148672104 0.593973886966705 0.405293476581573 0.687219738960266 0.574788421392441 0.345331263542175 0.596779149770737 0.653631669282913 0.386589324474335 0.440208813548088 0.35847222507
0.320252855122089 0.735861617326736 0.793536072969437 0.716585159301758 0.609260052442551 0.743533790111542 0.986960965394974 1 0.726844650506973 0.483519673347473 0.544039514660835 0.427724057435989 0.651203900575638 0.522309848666191 0.286061172187328 0.283288283646107 0.580454194545746 0.473927864432335 0.284144866466522 0.302417901158333 0.932928287982941 0.506865531206131 0.485470774769783 0.445922711491585 0.316109386086464 0.450011774897575 0.453483211994171 0.333957469463348 0.436460465192795 0.497044968605041 0.398798620700836 0.464603015780449 0.423347878456116 0.549232795834541 0.449083971977234 0.516864934563637 0.568463081121445 0.666666513681412 0.600409430265427 0.458608812093735 0.495580059289932 0.736870163679123 0.593156123161316 0.546226847171783 0.529132044315338 0.403897619247437
0.340385255217552 0.895889037847519 0.931073635816574 0.830976128578186 0.520571795105934 0.367575696110725 0.65666229724884 0.666097038984299 0.41905210018158 0.371094590425491 0.534521731734276 0.517528501152992 0.483224576711655 0.543918800354004 0.586266481876373 0.50000696182251 0.506751817464828 0.504716742038727 0.359721571207047 0.584906858205795 0.533384263515472 0.558657211065292 0.571560686826706 0.513933378458023 0.794702607393265 0.713254725933075 0.57728705406189 0.537429305911064 0.510837706923485 0.348343467712402 0.352129966020584 0.432990804314613 0.619041121006012 0.467270210385323 0.401160877943039 0.357127672433853 0.430316126346588 0.514323383569717 0.585191029310226 0.709148389101028 0.663088947534561 0.575158041715622 0.635939228534699 0.689464193582535 0.450276571512222 0.438451480865479
0.58430689573288 0.860320073366165 0.980655533075333 0.663706082105637 0.365985459089279 0.44871578514576 0.419250774383545 0.549341109395027 0.484331727027893 0.557644063234329 0.565880191326141 0.861725521087646 0.823671317100525 0.65561985373497 0.543026712536812 0.547602981328964 0.59781511425972 0.99917985200882 0.558244091272354 0.546001067757606 0.58707834482193 0.418562904000282 0.874851644039154 0.580596131086349 0.563780587911606 0.600833481550217 0.602808159589767 0.599157583713531 0.63080061674118 0.615734320878982 0.380840766429901 0.620697194337845 0.682626813650131 0.32168682217598 0.318419672548771 0.30575031042099 0.338016408681869 0.637891566753387 0.583681839704514 0.436569210886955 0.551395034790039 0.579959273338318 0.626063042879105 0.566516488790512 0.483346685767174 0.332946610450745
0.35313982963562 0.442663034796715 0.715012544393539 0.558194893598557 0.432811027765274 0.57907954454422 0.678476142883301 0.548656910657883 0.458473202586174 0.257115902006626 0.576785814762115 0.584115248918533 0.746014130115509 0.539338853955269 0.597084057331085 0.539019006490707 0.569509136676788 0.791201800107956 0.553614419698715 0.938442212343216 0.999932980537415 0.99365690946579 0.644824784994125 0.68610662817955 0.555450174212456 0.446978560090065 0.787683337926865 0.759142071008682 0.854547506570816 0.686870467662811 0.792742347717285 0.378996199369431 0.574455389380455 0.388680869340897 0.486380916833878 0.516634127497673 0.750961512327194 0.999527043104172 0.772672206163406 0.570272997021675 0.337824609875679 0.453809577226639 0.682652902603149 0.549420094490051 0.462488684058189 0.600325328111649
0.435052648186684 0.616125249862671 0.96049667596817 0.649787229299545 0.607697594165802 0.528853076696396 0.519445750117302 0.619466727972031 0.593896281719208 0.57582773566246 0.668575018644333 0.569070792198181 0.543454039096832 0.593134671449661 0.615863960981369 0.637691807746887 0.693350249528885 0.756664472818375 0.621462953090668 0.757554984092712 0.997714549303055 0.923417276144028 0.975272083282471 0.650573253631592 0.416635340452194 0.5674536049366 0.548761343955994 0.801972705125809 0.604238718748093 0.655811139941216 0.617565762996674 0.532494044303894 0.70303401350975 0.678286641836166 0.630835139751434 0.643637406826019 0.619934087991714 0.525308227539062 0.57274771630764 0.498472228646278 0.505979949235916 0.499144402146339 0.450772452354431 0.435424739122391 0.33873356282711 0.509392327070236
