Scripts_&_data/Maxent_result_files_2/B_hyperboreus_2.asc
NCOLS 594 
NROWS 330 
XLLCORNER -15 
YLLCORNER 23 
CELLSIZE 0.166666666666667 
NODATA_value -9999 
[rows 220 to 239 of 330, columns 220 to 263 of 594]
3.28999731351587e-06 5.22496229660163e-07 1.86971782838441e-06 3.50302363898436e-06 2.00996092103445e-08 9.01837293731944e-09 1.67458252930963e-08 1.71555530603662e-07 6.59106599187886e-08 7.13999954826683e-08 6.89905887085729e-08 3.51177667994307e-06 5.62000524126916e-06 2.06732410017452e-06 1.26206425903774e-05 6.36291996691796e-07 9.05795077876803e-07 5.86538459179664e-07 2.55994982687469e-06 6.50496636023234e-07 3.78175246096291e-07 9.21823691513168e-07 4.94250464422308e-07 7.87781986133496e-07 2.78002656770582e-06 2.05490692479771e-06 1.04729923267044e-07 8.78455665320743e-08 5.16800864325262e-08 4.24989605285475e-08 4.2877968897681e-08 4.71803981771934e-08 4.1327201971697e-08 4.52785919535792e-08 6.08109785416033e-08 7.49123164167642e-08 9.5490824436606e-08 1.14605326029249e-07 3.36748950580112e-07 3.04040584342413e-07 1.30974963308272e-07 9.57071511487051e-08 4.09104891119227e-07 8.27088233847917e-06
6.29041937827424e-06 6.95644339430146e-06 9.12326238022842e-07 4.79166364186767e-06 7.61185281694665e-08 7.28029088126192e-09 1.26850695614245e-08 3.65605830388027e-08 2.24852487384908e-07 2.03771652773632e-08 9.952068225072e-09 4.18653977152239e-08 8.23077197154021e-07 2.30820032420809e-07 4.36961045124917e-09 5.32809077968821e-08 1.94786151230808e-07 2.11708205188899e-07 9.01830964461503e-08 5.52626067795714e-08 2.66475919108444e-08 1.32892406412566e-08 1.05653817624729e-06 5.51772580958954e-08 3.50459032227857e-07 7.68288907071479e-07 4.01617775924734e-08 4.06202978919801e-08 3.47253264365577e-08 4.23510512437275e-08 9.48219438523523e-08 9.4486674750982e-08 4.35364304829378e-08 9.05012729313093e-08 9.56694544473891e-08 9.24759927189989e-08 7.8320018737088e-08 8.18699640636744e-08 8.39580958000852e-06 1.00992801094435e-05 2.12852664205343e-06 6.41059793804466e-08 9.11696424354957e-08 3.76886423403278e-08
6.37441860817489e-05 1.7642218125502e-06 1.53285214077314e-08 4.64071201911054e-07 5.32132945152419e-08 4.48365582439436e-09 2.36858598290368e-09 2.05477180936775e-08 4.88201163406643e-07 1.56470119672125e-07 3.06503270208758e-08 1.22889309950303e-08 1.78169174636089e-08 3.7035916011785e-08 4.84742062223376e-07 4.27554626147852e-09 -9999 -9999 5.78629680836329e-09 -9999 -9999 -9999 5.95028446923607e-05 1.97501507037678e-08 1.65269773821919e-07 6.03405579280292e-08 1.30485406035774e-08 6.20511200200013e-08 3.3380804420613e-08 4.51902518405767e-08 7.65293973081782e-08 5.745424810355e-08 5.89776870785208e-08 8.94341265711418e-08 7.23068719166164e-07 -9999 -9999 -9999 -9999 -9999 -9999 -9999 -9999 -9999
1.95498051482446e-05 1.52727124813623e-06 1.87667648865464e-08 9.54064884872707e-09 4.69498498967269e-09 6.74564992753091e-09 4.0645716792298e-09 1.32576302158682e-08 1.67617525859143e-08 7.24631038728774e-08 7.31040828538809e-08 1.91292609308391e-08 4.69555826043688e-06 -9999 3.02109577461351e-06 -9999 -9999 7.0236557064618e-06 -9999 -9999 -9999 -9999 -9999 -9999 -9999 -9999 1.29632849565908e-08 5.20333744535861e-08 6.12351038431491e-08 3.62558817634806e-08 2.24499207113205e-08 7.44844698585823e-08 8.57348280480785e-08 2.80285022347115e-07 -9999 -9999 -9999 -9999 -9999 -9999 -9999 -9999 -9999 -9999
1.19530912044752e-05 8.47825494929566e-05 4.50457517242597e-07 1.40244648116905e-09 8.43527775407082e-09 1.44870812013309e-09 5.38493042379073e-09 -9999 9.56930392548294e-07 2.5085096766464e-08 5.65681929109996e-07 5.94399259390421e-07 1.80522425963225e-07 -9999 -9999 -9999 -9999 -9999 -9999 -9999 -9999 -9999 -9999 -9999 -9999 -9999 -9999 -9999 -9999 -9999 -9999 8.85255698968024e-07 -9999 -9999 -9999 -9999 -9999 -9999 -9999 -9999 -9999 -9999 -9999 2.93848492447069e-05
6.24210460671293e-05 3.66660861800483e-05 3.90175175084551e-06 1.65682138342227e-08 1.39663957399172e-08 1.83130492992234e-08 -9999 2.20965702055764e-05 6.57170631745974e-07 1.19066817050317e-07 1.18224960208302e-06 4.46771386108935e-08 4.4889585160135e-09 -9999 -9999 -9999 -9999 -9999 -9999 -9999 -9999 -9999 -9999 0.000146300478263583 -9999 -9999 -9999 -9999 4.16159307633279e-05 3.68998245070529e-08 1.00968948579805e-06 -9999 2.88150030200995e-05 4.36776174908005e-06 -9999 -9999 -9999 2.46334693287942e-07 -9999 -9999 -9999 -9999 -9999 -9999
7.75264101946505e-06 6.6506884432993e-08 2.42798345340134e-07 9.76101586758204e-07 2.86331762322511e-07 5.08818615063689e-07 -9999 -9999 -9999 -9999 -9999 1.38132611260389e-06 -9999 -9999 -9999 4.2987871320399e-07 -9999 -9999 -9999 -9999 -9999 -9999 -9999 -9999 -9999 -9999 -9999 -9999 2.0870618711033e-08 3.06434551067269e-08 3.64313513911974e-08 6.74044615789349e-08 4.07641692956595e-08 3.16988462700785e-08 2.83287491575912e-08 1.51398061420949e-08 1.04678736434494e-07 7.61327875742346e-08 1.21238168615534e-08 4.93444477278615e-08 7.64797239094506e-08 1.12690310527519e-07 6.65314381032012e-08 4.54392636850542e-08
7.40406122923254e-07 9.37534716527466e-07 1.8857267878758e-06 8.27596838917088e-06 1.6988780396332e-05 -9999 -9999 -9999 -9999 -9999 3.1354042624443e-07 -9999 -9999 2.43484219453194e-09 -9999 -9999 -9999 -9999 -9999 -9999 -9999 -9999 -9999 -9999 -9999 -9999 -9999 -9999 2.8805411311783e-08 3.01348958453573e-08 3.46321821331763e-08 3.50748666222422e-08 4.8403250541007e-08 4.31810579404335e-08 8.26099526785029e-08 3.55106185456755e-08 6.63473203599274e-08 8.55885238570941e-08 1.05315860476907e-08 8.08159725251834e-08 7.35640589666353e-08 1.11414704040413e-07 1.8818334023285e-07 8.39217894732514e-08
8.45275981742333e-07 1.51204398566307e-06 2.98978486061863e-06 2.17509855071629e-07 7.4943204024791e-07 2.48182567941235e-08 -9999 -9999 -9999 -9999 -9999 -9999 -9999 -9999 -9999 -9999 -9999 -9999 -9999 -9999 2.34084403807344e-06 3.95567167910116e-09 -9999 -9999 -9999 -9999 -9999 1.1525341392371e-08 3.11587117995948e-08 2.74402779387728e-08 4.49534836355348e-08 1.9306226894944e-08 2.13205395560578e-08 2.65652930320215e-08 9.37492415920005e-09 9.48391128852144e-08 7.15691781172367e-08 1.08984873969931e-07 9.12095337590735e-08 1.33521971634742e-07 2.2530287062672e-07 8.44541903188834e-08 1.07444999519757e-07 2.62513709998302e-05
1.40960658401301e-07 1.2865571139109e-06 3.77871878565195e-08 1.23668168557911e-06 1.2633701418352e-08 1.73176998239377e-06 1.34606660850967e-07 -9999 -9999 -9999 -9999 -9999 -9999 -9999 -9999 -9999 -9999 -9999 -9999 -9999 -9999 -9999 -9999 -9999 -9999 -9999 -9999 1.45754800562337e-08 2.83422710301018e-08 2.79799433511307e-08 7.26769266101712e-08 4.05269633452221e-07 3.13184143951872e-08 2.14001409371001e-08 7.14391672262948e-08 6.8805264907823e-08 9.74826868338496e-08 1.33388095058251e-07 5.70951331657632e-08 9.21677031029411e-08 5.32293229582592e-07 4.73781200893697e-07 9.87188857237698e-07 6.82025485616577e-06
5.90928734833796e-09 7.99601728163069e-09 1.86647047373256e-08 1.6609244357646e-08 2.72181738258936e-09 7.07221925466683e-10 5.99711161841654e-09 5.11651969237192e-07 -9999 -9999 -9999 -9999 -9999 -9999 -9999 -9999 -9999 -9999 -9999 -9999 -9999 -9999 -9999 -9999 -9999 -9999 -9999 1.69959769602546e-07 2.7281708370186e-08 6.46188359176847e-07 1.00560958060214e-05 3.92728292766264e-06 2.68683594928376e-08 6.14814389399143e-08 6.56871623094801e-08 8.12727970811444e-08 5.22092915899997e-08 4.55970386448179e-08 3.53309080103337e-08 1.08933523834676e-07 4.8172824687498e-06 9.28592758064894e-07 1.4716461653741e-06 4.53144697232233e-06
1.20685949234201e-08 2.72718729821264e-09 5.10278620469151e-09 5.2379870107977e-09 4.73645647147691e-09 1.55703370419147e-08 1.81762993656243e-08 9.58246941318297e-07 1.04478866251867e-06 -9999 -9999 -9999 -9999 -9999 -9999 -9999 -9999 -9999 -9999 -9999 -9999 -9999 -9999 -9999 -9999 -9999 -9999 -9999 -9999 -9999 -9999 1.78499391811915e-07 8.5829554952177e-08 1.76231307802421e-07 5.97184506845316e-08 6.34139977973014e-08 9.4327754429635e-08 6.66426907769413e-08 4.57835743317148e-08 1.21024959576221e-07 4.0454087306685e-07 1.01699006984646e-06 2.68706402728469e-07 1.54283385882081e-05
4.64318566439914e-07 9.34966600807385e-09 4.45240369018052e-09 3.78364765074579e-09 2.24683119998126e-08 1.4453872387854e-08 1.23764174353447e-08 -9999 -9999 3.88552144903187e-09 -9999 -9999 -9999 -9999 -9999 -9999 -9999 -9999 -9999 -9999 -9999 -9999 -9999 -9999 -9999 2.67883313327388e-06 8.04065828252654e-08 5.48382532716829e-09 9.93707246355058e-07 -9999 8.30164801213229e-07 5.1191184597954e-07 7.5407384414472e-08 2.2977873770369e-08 1.51219725519347e-08 6.01283605428105e-07 3.26145515199272e-06 3.347424707556e-06 4.70698695798077e-08 5.50833489953995e-07 4.08460181873238e-06 3.64600009703508e-05 5.21160848165891e-05 0.000117048954120946
2.86477443456334e-07 3.1686073695969e-07 6.25679310140015e-08 4.11521639320789e-08 5.22421640836157e-08 2.08648544264278e-07 7.03685979597246e-08 1.42655864199259e-07 -9999 -9999 -9999 -9999 -9999 -9999 -9999 -9999 -9999 -9999 -9999 -9999 -9999 -9999 -9999 -9999 -9999 -9999 -9999 4.25560737760122e-09 1.79046693027374e-09 -9999 -9999 7.53794832109023e-09 3.52985935148098e-08 3.10617724874618e-09 2.3771274347828e-07 3.58115329355257e-06 7.07186302406626e-07 1.13908943645269e-06 2.31013052101048e-06 3.92729449686158e-05 3.8512396415058e-05 0.000143064126859827 9.030175275484e-05 5.94587732507534e-05
3.59079163203546e-07 1.97283256975211e-07 2.8364948168047e-08 1.91006114813597e-08 1.41197947778338e-08 7.55246287509337e-08 5.00275004600148e-07 6.46194454612115e-09 1.94539696463103e-08 1.08047188973615e-09 5.21186178836786e-07 -9999 -9999 -9999 -9999 -9999 -9999 -9999 -9999 -9999 -9999 -9999 -9999 -9999 -9999 -9999 -9999 -9999 -9999 -9999 -9999 -9999 1.88993442007401e-09 5.60550235961799e-07 1.54072892577517e-06 2.53879895850684e-07 3.1793239596567e-09 5.06813188416722e-07 3.58614335733698e-06 5.43585174899164e-06 1.20029264714105e-05 1.11658187005759e-05 1.63988736495924e-05 7.83350034851082e-05
7.01861213947552e-07 7.32289268690067e-07 2.15267651100248e-06 2.35372391443889e-06 3.5917883212111e-08 2.63306791592477e-08 2.64668250760103e-08 1.8578316289819e-06 -9999 -9999 4.91431874083403e-09 2.02181477115815e-08 -9999 -9999 -9999 -9999 -9999 -9999 -9999 -9999 -9999 -9999 -9999 -9999 -9999 -9999 -9999 -9999 -9999 -9999 -9999 6.10615628615641e-08 8.89694104722061e-08 1.64075881636805e-07 8.92488590364948e-08 1.9303679876792e-09 4.9977839311488e-09 1.28195478199533e-07 1.26123577478543e-06 2.62565375925838e-06 3.18177581615231e-07 2.19770686085141e-06 3.49203893890149e-06 7.07835928519529e-06
3.33007379005323e-08 1.1704125119083e-07 2.45286895417252e-07 1.48625987947071e-05 3.45367865106638e-07 4.17270839889738e-06 1.52474334602637e-08 1.50075341265321e-08 1.09608508158665e-08 2.9563646575248e-08 -9999 6.68065761599834e-08 3.48160181573576e-08 6.07633329874346e-08 1.87833539833093e-09 -9999 -9999 -9999 -9999 -9999 -9999 -9999 -9999 -9999 -9999 0.000228971622482277 -9999 -9999 1.40111013124944e-08 -9999 -9999 1.84591749663454e-09 1.23479925173697e-09 3.13083908132228e-08 4.91491901799535e-07 5.46769866272001e-08 2.97268953897145e-09 4.43503833991166e-08 1.3589908753886e-09 3.66308853616548e-07 2.40933078177186e-07 1.05510794354835e-06 1.0506487027051e-07 1.43924623512426e-06
9.11097252975779e-08 8.76717818232287e-08 3.2048245124372e-07 1.38316342090938e-07 6.7014536122656e-05 5.28136779829325e-06 1.87573685028752e-08 1.43081262615752e-08 4.16763369370798e-09 2.34216340211368e-08 1.33666699153601e-08 1.33108546962468e-08 3.54102229593867e-07 2.22786275472231e-06 1.33654755152257e-08 -9999 -9999 -9999 -9999 -9999 -9999 -9999 -9999 -9999 -9999 -9999 2.78298731148929e-07 -9999 -9999 2.39227732845571e-08 -9999 -9999 2.57782841539544e-07 1.2955486661248e-08 9.81987110182381e-08 1.0134003611828e-07 1.32916745054779e-08 7.90934444716562e-08 1.39617708541095e-06 1.88907923490689e-06 9.64126652958086e-08 2.43112100928311e-07 3.50478520156905e-06 7.25383911408528e-06
3.23722888353473e-06 1.22433478644268e-07 3.77604646288887e-06 -9999 -9999 -9999 -9999 1.9546802918935e-06 1.95180464346301e-07 2.34251779973604e-08 8.31129738365632e-09 1.53840391536875e-08 1.40822234984128e-08 4.28031847743426e-07 -9999 5.88438630266808e-07 -9999 -9999 -9999 -9999 -9999 -9999 -9999 -9999 -9999 -9999 1.37578900464064e-05 -9999 1.64662128211424e-06 4.33709936853433e-09 2.54193397331015e-08 3.65843905170138e-09 5.16433712016706e-08 1.65233297044765e-09 4.56144738647524e-09 5.12556203036141e-09 4.24118888897596e-09 4.0754791652553e-09 2.52526379695972e-08 2.23280009292726e-07 2.49144386600619e-05 1.07336542488623e-06 4.9146460375793e-07 1.38682027476023e-05
2.10214868623382e-08 4.13324542614113e-07 6.86202211230835e-07 7.81355031609365e-07 1.34537944640467e-07 5.30066994386402e-06 -9999 -9999 -9999 4.76583188468993e-09 1.73487319354848e-07 3.49623150430745e-08 8.58397319891679e-09 2.51478486146262e-08 -9999 -9999 2.99192548924854e-07 -9999 -9999 -9999 -9999 -9999 -9999 -9999 -9999 -9999 -9999 -9999 -9999 -9999 -9999 8.7788207481232e-08 1.82201769782786e-08 6.13191608600516e-10 3.39743877475485e-10 5.5723734515567e-10 3.13034785870414e-09 3.15364654868144e-07 3.03320897510062e-08 4.14916539126509e-08 8.12566034846807e-07 1.1824070674038e-05 1.34502937186198e-05 9.74941868125967e-07
