Scripts_&_data/Maxent_result_files_2/B_hyperboreus_2.asc
NCOLS 594 
NROWS 330 
XLLCORNER -15 
YLLCORNER 23 
CELLSIZE 0.166666666666667 
NODATA_value -9999 
[rows 40 to 59 of 330, columns 528 to 571 of 594]
-9999 -9999 -9999 0.000607106994721107 0.000207033308106475 0.00012821052732761 0.000137638239539228 0.000102374997368315 0.000110501621747972 0.000127715487178648 9.2104337636556e-05 0.000103733021751395 0.000149741636414547 0.00018214007577626 0.00253473696066067 0.0205060288310051 -9999 -9999 -9999 -9999 -9999 -9999 -9999 -9999 -9999 -9999 -9999 -9999 -9999 -9999 -9999 0.0182274616323411 9.16595668059017e-06 1.63595293827257e-06 9.33002888814372e-06 1.13426007828821e-05 1.19089294912555e-05 1.94878065940429e-05 3.41603174092597e-05 1.61438504619582e-05 1.94674145745921e-06 1.28755164894301e-06 2.62143549889515e-06 8.68381398504425e-06
-9999 -9999 -9999 -9999 2.04540276627085e-05 0.000194798855227418 0.000129590063806972 7.1200950696948e-05 7.314373178815e-05 2.65771515842061e-05 2.76474179372599e-05 2.79919209788204e-05 2.20876230741851e-05 1.44867630524459e-05 2.22527150981477e-05 1.65454202033288e-05 1.73721931787441e-05 1.73669131072529e-05 2.03117537694197e-05 4.59698498161742e-05 7.30702126020333e-05 5.91062456805957e-05 3.87602352020622e-05 2.84641861981072e-05 1.68435996783955e-05 1.47951156804993e-05 1.23688566645797e-05 8.6837965113773e-06 6.56996036923374e-05 -9999 -9999 -9999 8.53475828989758e-05 5.95398522591495e-06 1.31909813205766e-06 1.53686565056432e-06 4.18918684772507e-06 7.22142597169295e-06 9.99638889425114e-06 6.52545908224056e-06 6.29458730827537e-06 5.2006258442816e-06 5.3092420273515e-06 8.62531343273076e-06
-9999 -9999 -9999 -9999 -9999 0.0150140344165266 0.000156276294001145 8.35364437079988e-05 2.94843074698292e-05 5.70802093534439e-05 1.71109377788525e-05 2.40028760345012e-05 1.66842892667773e-05 1.62892275056947e-05 1.50975191445468e-05 1.23072297355975e-05 1.1247283987359e-05 1.06526891840986e-05 8.27385763386701e-06 7.76244514781865e-06 9.34845222673175e-06 1.95802559119329e-05 6.68334052988939e-06 5.45601707244714e-06 5.26515511865e-06 5.02738038221651e-06 2.87590631842249e-06 2.40895589627144e-06 2.95267016667822e-06 6.65230184040411e-06 0.000883048382820561 0.00303522936301306 0.00461046095006168 9.01546836757916e-06 1.00689389228137e-05 6.78249225529726e-05 8.85700610524509e-06 1.35186104728291e-06 1.29320137887134e-06 1.31346336900151e-06 8.30473994710701e-06 7.57138914195821e-06 7.19904390962256e-06 7.19252349199451e-06
-9999 -9999 -9999 -9999 -9999 -9999 -9999 0.000634597515454516 0.000103177044002223 1.45766921832546e-05 8.59226700413274e-05 1.93233719983255e-05 1.31966112348891e-05 1.22855430618074e-05 1.06096359104413e-05 9.3936084113011e-06 7.89225199696375e-05 7.49194270611042e-05 7.14527752734284e-06 6.09079540936364e-06 5.50677611954598e-06 5.04314234603953e-06 5.81912369170823e-06 9.3111016894909e-06 4.06309372920077e-06 3.00528748766737e-06 1.05083703829223e-05 1.2101634206374e-05 1.13556251335467e-05 8.93201557801149e-06 1.99054068161786e-06 3.77023505393481e-06 1.37106569013667e-06 1.30293488211919e-06 1.24091740758558e-06 1.26871138945717e-06 1.30362341508317e-06 1.31330795056783e-06 1.27704879844259e-06 6.00920822080298e-06 1.79403321851623e-06 1.29033469988826e-06 1.18431110820438e-06 1.14379429589917e-06
-9999 -9999 -9999 -9999 -9999 -9999 -9999 -9999 0.000113960799353663 4.36991019341804e-05 4.60689483588794e-05 4.64905388071202e-05 1.10879855128587e-05 1.04504278851891e-05 1.37715543587547e-05 8.21675757833873e-06 6.99138370237051e-06 7.32649507426686e-06 5.6376023167104e-06 8.00804757545848e-06 8.09538506700846e-06 4.6299600171551e-06 1.79616013838313e-05 8.62423181615668e-06 3.51764026618184e-06 3.00652906730647e-06 2.93768720212029e-06 2.59301946812229e-06 2.20734150389035e-06 2.53040310553843e-06 1.84628098338635e-06 1.64403462861173e-06 1.39973577120145e-06 1.23441746779918e-06 1.24385957462891e-06 1.23961710016829e-06 1.25532104391368e-06 1.24131491077151e-06 1.27276431385326e-06 1.72728079235185e-06 1.1992850460274e-06 1.18779980482486e-06 1.16391576341357e-06 1.14900995527023e-06
-9999 -9999 -9999 -9999 -9999 -9999 -9999 0.00541412408929318 4.30282253546466e-05 1.00698176538572e-05 9.67260129982606e-06 9.23867175970372e-06 8.95906282494252e-06 8.73486972068349e-06 7.67955330047698e-06 9.38042585403309e-06 6.85364673245203e-06 9.24235910133575e-06 5.15915010055323e-06 1.10253749653566e-05 5.32315808641215e-06 3.65484345934419e-06 3.3419725582462e-06 3.16757867722117e-06 2.80760178839046e-06 2.51942013278494e-06 2.60520725419156e-06 2.03703748411499e-06 1.84737132542523e-06 1.94418267369656e-06 1.66794143012794e-06 1.55770311494052e-06 2.58747347174904e-06 1.29297233399939e-06 1.22226381336077e-06 1.27980667343763e-06 1.19922318617682e-06 1.08051797553799e-06 1.12104861784701e-06 1.23623364629566e-06 1.17929819651863e-06 1.3854471689001e-06 1.26993757874061e-06 4.41355159637169e-06
-9999 -9999 -9999 -9999 -9999 -9999 5.94289718719665e-05 1.52596467160038e-05 8.85526299043704e-06 9.52344578308839e-06 8.30641736229154e-06 8.0762956486069e-06 7.86453842920309e-06 7.38048311177408e-06 6.73234403620881e-06 6.34861860362434e-06 5.84951421842561e-06 4.7810391265557e-06 1.76238978838228e-05 3.68147664175922e-06 3.51581967947823e-06 3.17781343142087e-06 2.87191763277406e-06 1.56561062794935e-05 5.09016977048304e-06 2.53662336717753e-06 2.24304084781579e-06 1.8992138620888e-06 2.10653077772349e-06 2.1809564572095e-06 1.58141750716823e-06 2.18676795213923e-06 2.7660587079481e-06 1.17645757455875e-06 1.20153510181353e-06 2.03897002961639e-06 1.04370385685115e-06 1.03157956772293e-06 1.41532321720206e-06 1.40230684451126e-06 1.31275582759827e-06 3.69075219737169e-06 1.53610924655823e-06 1.66149573601615e-06
-9999 -9999 -9999 -9999 -9999 6.98833928254317e-05 1.04875628494483e-05 3.3761497161322e-05 3.34325779022038e-05 7.45747529435903e-06 7.4233456643924e-06 7.55771293370344e-06 7.23381990610505e-06 6.52384499062464e-06 2.32563997315083e-05 4.17422806094692e-05 2.36660993323312e-05 5.09792326965908e-06 3.83611748020485e-06 3.58046106612164e-06 3.33934927425616e-06 2.77624435511825e-06 2.41297407228558e-06 2.38342319107687e-06 2.30929689450932e-06 1.97297266311125e-06 1.7713139868647e-06 5.16177128702111e-06 5.58094380949115e-06 5.79990287405963e-06 1.40685548331021e-06 1.34175095070077e-06 1.28981773173109e-06 1.17735231270899e-06 1.16307643622804e-06 1.9105804199171e-06 1.12681790653824e-06 6.76981603930926e-07 1.87771462663022e-06 1.32031774171537e-06 1.25862137991817e-06 1.33899055754227e-06 1.34707135543977e-06 1.48196635336717e-06
-9999 -9999 -9999 -9999 0.00223517009289935 7.5832337824977e-05 1.03787559737611e-05 9.41226758186531e-06 9.06601853785105e-06 8.26068260266766e-06 7.37143495825876e-06 1.69903181586051e-05 1.64559783343066e-05 1.24494685678656e-05 5.73118095417158e-06 6.01404705093955e-06 4.49258718617784e-06 3.9239832972271e-06 3.33456238763574e-06 3.05747182096638e-06 2.88470045575195e-06 2.55013943615268e-06 2.2699892269884e-06 2.10482448892435e-06 1.97401143964271e-06 1.74610728151947e-06 1.61380732208727e-06 1.56602333163391e-06 1.73865651333927e-06 1.98149443519924e-06 1.84740252962001e-06 1.26520230310234e-06 1.36331823625824e-06 1.16268849978951e-06 1.14075260597701e-06 1.86766683043516e-06 6.46717188601542e-07 1.280407624904e-06 1.3213652266586e-06 1.24990693848304e-06 1.32037872475621e-06 1.43875894309531e-06 1.49031121736698e-06 1.53716996464937e-06
-9999 -9999 -9999 0.00150348251336254 9.10356799067813e-05 1.50613136611355e-05 1.33656598563903e-05 2.89302271539782e-05 9.50929809278023e-06 7.80950188072893e-06 7.03730570421612e-06 6.62321448317016e-06 6.29002504410892e-06 5.67643813838004e-06 5.3592394806401e-06 4.75361015332965e-06 3.84645140343309e-06 3.26899174183382e-06 2.93333874878954e-06 2.83730906289748e-06 2.35396073549055e-06 1.95253981587484e-06 1.86305818772325e-06 1.6869177954959e-06 1.62148977551624e-06 1.50898225967921e-06 1.39751076915218e-06 1.42437994270495e-06 1.41323872639987e-06 1.39481348924164e-06 1.36759644107087e-06 3.60206325922263e-06 1.9457347491425e-06 1.47296713919332e-06 1.355247351853e-06 1.31257473015012e-06 1.22418911985278e-06 1.20152225520087e-06 1.19641136677728e-06 1.22449823010129e-06 1.33139501343749e-06 1.57562883771334e-06 1.62086887485202e-06 1.68286227903991e-06
-9999 -9999 -9999 -9999 0.0160124189220369 9.06872461200692e-05 4.38712243521877e-05 3.2285488123307e-05 8.19423382836248e-06 7.05582774571667e-06 6.36135765716972e-06 6.13613306086336e-06 5.6604453448017e-06 5.2595220722651e-06 5.00799004612418e-06 3.66842909897969e-06 3.34866530806721e-06 2.90125755100235e-06 2.44529580015751e-06 2.24735423728362e-06 2.41543760637342e-06 1.89895245910066e-06 1.65648142456121e-06 1.46933136022653e-06 1.43215245032025e-06 1.32993929753411e-06 1.32021352214906e-06 1.33233971553182e-06 1.29893413429727e-06 1.30611551014681e-06 1.35727459422696e-06 1.50129965561518e-06 1.53573941759078e-06 1.37116819445282e-06 1.29125581054268e-06 1.27897270942867e-06 1.22085391183191e-06 1.17153471705933e-06 1.24334970053042e-06 1.2914669099473e-06 1.34695078344293e-06 1.57184530849008e-06 1.66761124091863e-06 1.6854629819818e-06
-9999 -9999 -9999 -9999 -9999 0.0058879547053948 3.75053406060033e-05 8.37108559608168e-06 7.38030491902464e-06 6.51766421242428e-06 5.71169356362589e-06 5.33779074203267e-06 4.85789854565155e-06 4.5275764591679e-06 3.93912703771093e-06 3.51113018268734e-06 3.21360442967489e-06 2.78733211303006e-06 2.44234343540484e-06 2.18388489372501e-06 1.85528579379479e-06 1.62308980975467e-06 1.47460509651864e-06 1.32681429079184e-06 1.33158785473597e-06 1.26447313704148e-06 1.25722984591903e-06 1.4530344444097e-06 1.3087316190763e-06 1.39434470725064e-06 1.48191921027774e-06 1.51268149863881e-06 1.55237285639487e-06 1.58672676775495e-06 1.44449736865226e-06 1.37039838108421e-06 1.27024143665722e-06 1.2576274613707e-06 1.36388287188538e-06 1.42116682582127e-06 1.39869857491703e-06 1.45242403561952e-06 1.75754202302869e-06 1.66322132599817e-06
-9999 -9999 -9999 -9999 -9999 9.81537437837687e-05 1.98790860167719e-05 7.93087172041851e-06 6.8708811909346e-06 7.09608219722213e-06 7.29251183884116e-06 5.35439238547042e-06 6.23494756837317e-06 1.56093185637474e-05 0.00445182708790526 -9999 -9999 -9999 0.00305950214387849 9.99905356593445e-06 3.95756810007697e-06 1.63017423062684e-06 1.60267780415779e-06 1.26281094026126e-06 1.26022137862947e-06 1.31088467156815e-06 1.33181467134591e-06 1.33503378521027e-06 1.39947863857515e-06 1.38944108982741e-06 1.50045697182577e-06 1.50673960490622e-06 1.54098221401e-06 1.62091188826707e-06 1.62953137703425e-06 1.5939675847676e-06 1.54270945529333e-06 1.71599769771547e-06 1.75286945420794e-06 1.81040472000404e-06 1.82710411706921e-06 1.76088952343889e-06 1.72258868360586e-06 1.72599146708308e-06
-9999 -9999 -9999 -9999 -9999 -9999 -9999 -9999 -9999 -9999 -9999 -9999 -9999 -9999 -9999 -9999 -9999 -9999 -9999 -9999 -9999 -9999 -9999 3.61386311169554e-06 5.5755180937922e-06 2.25811944289944e-06 1.30882133788646e-06 1.53084716743024e-06 7.63860703045793e-07 8.18555835735424e-07 1.60006201781471e-06 2.14860614846657e-06 1.70429277659423e-06 1.86004466513623e-06 1.90058366342782e-06 1.88609707265641e-06 1.89567580264338e-06 2.0073343051763e-06 1.96673321681828e-06 1.93157630974383e-06 1.84145025059479e-06 1.81541752795056e-06 1.88965133247621e-06 2.03783238532651e-06
-9999 -9999 -9999 -9999 -9999 -9999 -9999 -9999 -9999 -9999 -9999 -9999 -9999 -9999 -9999 -9999 0.0593325830996037 0.00687658102251589 0.000491579454683233 1.59423990112373e-05 1.52582353507569e-05 6.1638391980523e-05 -9999 -9999 -9999 -9999 -9999 0.00304956756299362 7.52092047378028e-06 1.73602432482767e-06 1.83836591816089e-06 1.84665332767509e-06 1.89517723185872e-06 1.87546899326207e-06 1.85372559542429e-06 1.86506388786256e-06 1.85923713331704e-06 1.86103750081656e-06 1.90070962844402e-06 1.87321324460754e-06 1.95859354903405e-06 1.96474285587556e-06 1.97526072156506e-06 1.9630761443068e-06
-9999 -9999 -9999 -9999 -9999 -9999 -9999 -9999 -9999 0.105409641563892 0.0091234338004142 3.30618355292245e-05 3.50880558016797e-05 1.44199154533453e-05 2.32881312285826e-05 1.23673111147582e-05 4.06413430482644e-06 3.41597187230036e-06 2.93042068051363e-06 2.65196955808733e-06 2.17286003874051e-06 6.11361007258893e-06 -9999 -9999 -9999 -9999 -9999 -9999 0.000371106510283425 1.97368499357253e-06 2.01404344579714e-06 1.98521138941032e-06 1.89291013157344e-06 1.83255016850126e-06 1.85798913037161e-06 1.91468362231717e-06 1.97833694244309e-06 1.98859232227733e-06 2.04634227998213e-06 2.11956924829337e-06 2.25695317226382e-06 2.1741578819956e-06 2.10568598220107e-06 2.08904071428151e-06
8.54006095323712e-05 0.000171375918580452 0.037285016104579 -9999 -9999 -9999 -9999 -9999 -9999 1.13523186655584e-05 7.158304663335e-06 6.79655845488014e-06 6.4905226281553e-06 5.77701003976472e-06 5.20883193644295e-06 4.54895277357537e-06 3.9154911632977e-06 3.35050079911525e-06 3.07211808490138e-06 2.75746558315859e-06 2.36865504064099e-06 2.12431178852057e-06 1.96004300789809e-06 1.16364859309215e-05 -9999 -9999 -9999 -9999 -9999 2.40210157471665e-05 2.11610911549087e-06 2.15380939039278e-06 2.01422414818353e-06 2.00712416074111e-06 2.11114511330379e-06 2.14274934648984e-06 2.16194090398858e-06 2.43344687191893e-06 2.5711915014881e-06 2.34465042012744e-06 3.13729427432463e-06 3.55326309602333e-06 2.54255371032741e-06 2.20508445920586e-06
1.82448645773547e-05 6.44615884084487e-05 0.00540614435449243 -9999 -9999 -9999 -9999 -9999 0.00501826743129641 8.45544594767489e-06 6.98776646004262e-06 6.62585525788018e-06 6.0757715004911e-06 5.33757524863176e-06 4.93244563699591e-06 4.60663356989244e-06 3.99790382061838e-06 3.43958454323001e-06 3.10094616509105e-06 2.90919076633145e-06 2.66450286403597e-06 2.34609788947182e-06 2.12938254833261e-06 2.45126052789146e-06 2.13578348962074e-06 -9999 -9999 -9999 -9999 -9999 9.04056215063065e-06 3.2539049271918e-06 2.9156934800767e-06 2.14552331385676e-06 2.10445776360757e-06 2.97291404933731e-06 2.30385983570613e-06 2.28640910506783e-06 2.24513218824995e-06 2.36357060430237e-06 2.61609036158461e-06 2.62300549138672e-06 2.68790843733768e-06 2.44937938589374e-06
0.000485378937446512 -9999 -9999 -9999 -9999 -9999 -9999 -9999 -9999 0.0115379865746945 2.13257595760297e-05 8.23159017500075e-06 6.06444290269792e-06 1.61435515565245e-05 4.86880658741029e-06 4.35688787661093e-06 4.06491002422627e-06 3.74376791683062e-06 3.32578647999071e-06 3.00647702431434e-06 3.2464476532823e-06 2.68400357015253e-06 2.60250926373828e-06 2.3960430041825e-06 1.45443381484256e-05 -9999 -9999 -9999 -9999 -9999 0.00168024279992096 6.74300972889341e-06 2.22113738459484e-06 2.2020969396408e-06 1.28731005801797e-06 1.21393703551576e-06 1.25328018896198e-06 3.5777946663984e-06 2.40730028906455e-06 2.5395716335197e-06 2.48133560489805e-06 2.50997956641186e-06 2.46233267944262e-06 2.51026406203891e-06
-9999 -9999 -9999 -9999 -9999 -9999 -9999 -9999 -9999 -9999 -9999 2.8190125749461e-05 5.66501555567811e-06 5.16412315505477e-06 5.11642342644336e-06 1.88787428669457e-05 1.45427772963558e-05 4.05907971980923e-06 4.37626635516608e-06 4.46643259692792e-06 3.04492889995345e-06 2.90316386895029e-06 2.61493762536702e-06 2.57553587061921e-06 6.32409712579829e-06 -9999 -9999 5.30945424543461e-05 8.92336577180686e-06 3.48380461048237e-06 4.50469234749562e-06 8.77375807988301e-06 2.23279138538146e-06 2.17380948015489e-06 2.04328200368309e-06 2.60569087799922e-06 2.66741440668739e-06 2.62906111743177e-06 2.71064461117021e-06 2.76886556491718e-06 2.84591108652421e-06 3.13022637214999e-06 3.43230274495454e-06 2.81946399240951e-06
