Scripts_&_data/Maxent_result_files_2/B_hypnorum_3.asc
NCOLS 594 
NROWS 330 
XLLCORNER -15 
YLLCORNER 23 
CELLSIZE 0.166666666666667 
NODATA_value -9999 
[rows 220 to 239 of 330, columns 230 to 275 of 594]
0.00724832583218813 0.148809108883142 0.0814317673444748 0.077568855881691 0.155339542776346 0.0813405148684978 0.024640678986907 0.0329891348257661 0.0550810825079679 0.028967466019094 0.00850496659986675 0.037326973490417 0.0170346731320024 0.00492678720038384 0.0319304831326008 0.0258764069527388 0.00968716032803059 0.00743876849301159 0.00120550307910889 0.000932351103983819 0.00713411527685821 0.000984467339003459 0.000911736662965268 0.00087826939416118 0.000941182882525027 0.00676051210612059 0.00960616837255657 0.0112676628865302 0.0114556690678 0.00247823426034302 0.00363892924506217 0.00668092845007777 0.00689433112274855 0.34063499122858 -9999 -9999 -9999 -9999 -9999 -9999 -9999 -9999 -9999 -9999 -9999 -9999
0.00182013442972675 0.00369637903058901 0.0200571480207145 0.0108959653414786 0.00140629423549399 0.00538472516927868 0.0520797654986382 0.0582459598779678 0.0118953905068338 0.0107757463818416 0.000818334054201841 0.00318166252691299 0.00663368618115783 0.00283069817814976 0.00374145180103369 0.00650939233601093 0.0334826070815325 0.00171768530854024 0.000492175429826602 0.000576787887257524 0.00420571397989988 0.00475113154388964 0.00068397608702071 0.0042688506655395 0.00107070457888767 0.00100778479245491 0.00738933845423162 0.00692878584377468 0.607896947860718 0.416551688313484 0.125808125734329 0.0109366745804437 0.0550127211725339 0.0633648809278384 0.0960781746543944 0.0220404747873545 0.00866431901231408 0.0108354743104428 0.0110799774993211 0.00390615109354258 0.00841812272556126 0.00714740077964962 0.00425226399675012 0.00483046346344054 0.0312481580360327 -9999
0.00120500760385767 0.00117065777885728 0.00183408343000337 0.00343619406921789 0.0428032804280519 0.000512075438746251 -9999 -9999 0.000333615587442182 -9999 -9999 -9999 0.150121555477381 0.00182180320261978 0.0141608575358987 0.00427005673991516 0.000519934616750106 0.00226891955826432 0.000352609064429998 0.00359033831628039 0.00470427591353655 0.00312226277310401 0.0033747480600141 0.00485547622665763 0.0285533856600523 -9999 -9999 -9999 -9999 -9999 -9999 -9999 -9999 -9999 -9999 0.354084220528603 0.0102850616443902 0.0485042240470648 0.0050192971713841 0.00390708994818851 0.00494990366278216 0.00992464949376881 0.00751586207188666 0.0133879290893674 0.0401779644191265 0.0222641224041581
0.00281014196225442 0.00173272337997332 0.093164112046361 -9999 0.200858092308044 -9999 -9999 0.451611810922623 -9999 -9999 -9999 -9999 -9999 -9999 -9999 -9999 0.00020011592132505 0.00178491249680519 0.00163360979640856 0.000968170759733766 0.00255932935979217 0.00163046131492592 0.000996275198122021 0.00300574258435518 -9999 -9999 -9999 -9999 -9999 -9999 -9999 -9999 -9999 -9999 -9999 -9999 0.984535163640976 0.779617714881897 0.043710870668292 0.060922918561846 0.00281363857793622 0.00378003743244335 0.0147648393700365 0.0114926643669605 0.0177839179057628 0.141164737939835
0.000929600765812211 0.00462873438373208 0.0121131280437112 -9999 -9999 -9999 -9999 -9999 -9999 -9999 -9999 -9999 -9999 -9999 -9999 -9999 -9999 -9999 -9999 -9999 -9999 0.0171406075358391 -9999 -9999 -9999 -9999 -9999 -9999 -9999 -9999 -9999 -9999 -9999 0.327242036163807 0.0163732741959393 0.00480918498942629 0.00380076006986201 0.00797906895168126 0.0220309296622872 0.0848832070827484 0.23222531080246 0.0376994652673602 0.0610726200044155 0.0480993125587702 0.0703229635953903 0.185738231241703
0.0258620084263384 0.055933104082942 0.0049878740683198 -9999 -9999 -9999 -9999 -9999 -9999 -9999 -9999 -9999 -9999 0.0315603582188487 -9999 -9999 -9999 -9999 0.0493675855919719 0.0005951872037258 0.151312312483788 -9999 0.153164228051901 0.110472378134727 -9999 -9999 -9999 0.0157087383791804 -9999 -9999 -9999 -9999 -9999 -9999 0.521680417656899 0.0113568723201752 0.00485507941339165 0.00609473078511655 0.0347642980515957 0.0222326961811632 0.00108061925275251 0.00197727986669634 0.00887063946574926 0.0113661914132535 0.0610996846109629 0.22146048694849
-9999 0.087482475489378 -9999 -9999 -9999 0.0720219794660807 -9999 -9999 -9999 -9999 -9999 -9999 -9999 -9999 -9999 -9999 -9999 -9999 0.000933731949771754 0.000719463865971193 0.00330150235677138 0.000920048868283629 0.000275112023882684 0.000949011853663251 0.001546143804444 0.000278988800710067 0.00122323281830177 0.000999126140959561 0.000867304584244266 0.000913457293063402 0.000972891721175984 0.000909150726511143 0.000574313814286143 0.00265095843642484 0.031213325727731 0.0387438425794244 0.00563988867215812 0.0128444051835686 0.00333783532259986 0.00307765029720031 0.000862365067587234 0.00446744384244084 0.00209365097107366 0.110194069892168 0.00625120720360428 0.0195924698375165
0.00948464167304337 -9999 -9999 0.000860104340245016 -9999 -9999 -9999 -9999 -9999 -9999 -9999 -9999 -9999 -9999 -9999 -9999 -9999 -9999 0.000464480643859133 0.00520832936745137 0.0147560364566743 0.000472557621105807 0.000570258808875224 0.00632464238442481 0.00482500132638961 0.00232904010917991 0.00110136417788453 0.00112165126483887 0.00114952468429692 0.000819566837162711 0.00136724741896614 0.001437892584363 0.00802893843501806 0.00410911138169467 0.271150679886341 0.395202168822289 0.0409503161907196 0.0147513683885336 0.0161145474761724 0.00925030438229442 0.00189330714056268 0.00436359969899058 0.00256433039903641 0.0263592734932899 0.0107652015984058 0.0050537290982902
-9999 -9999 -9999 -9999 -9999 -9999 -9999 -9999 -9999 -9999 0.0019548752810806 8.56227125041187e-05 -9999 -9999 -9999 -9999 -9999 3.78811567316006e-05 0.00356730044586584 0.00131725511164404 0.00133334525744431 0.00186800398514606 0.00720497244037688 0.00729751493781805 0.00116126675857231 0.00112296012230217 0.000467047394340625 0.000545993995910976 0.000828066839312669 0.000648639688733965 0.00138031903770752 0.00493802463170141 0.00441711014136672 0.0520516704767942 0.110521138459444 0.158632688969374 0.194212900102139 0.053946141898632 0.203579327464104 0.0882838115096092 0.0172929912805557 0.0577941413968801 0.0144780623260885 0.0254255442880094 0.0201577248983085 0.00589399263262749
-9999 -9999 -9999 -9999 -9999 -9999 -9999 -9999 -9999 -9999 -9999 -9999 -9999 -9999 -9999 -9999 -9999 1.498647183098e-05 2.07097615657403e-05 0.000559091803734191 0.0106605262029916 0.0507637176662683 0.00838740393519402 0.00779231055639684 0.00385634041158482 0.00140353546012193 0.00022198022234079 0.00142611729097553 0.000244537120670429 0.00161862064851448 0.0199673131108284 0.0167431376874447 0.0297453500330448 0.000665644623222761 0.00363328594248742 0.0253861766308546 0.0247003715485334 0.0113549762405455 0.194870273768902 0.0717844299972057 0.0157187277451158 0.00335480918874964 0.00504304082132876 0.0225105696357787 0.00966438674367964 0.014973754901439
-9999 -9999 -9999 -9999 -9999 -9999 -9999 -9999 -9999 -9999 -9999 -9999 -9999 -9999 -9999 -9999 -9999 6.27229561359854e-05 0.000113856145253521 0.0124607508070767 0.391832906007767 0.0646677307784557 0.00016557053750148 0.00286658054683357 0.000114430629218987 0.0002223720177426 0.000169499101139081 0.000737288231903221 0.000186944117012899 0.00265504806302488 0.00263909185305238 0.00290803358075209 0.000796227809041738 0.000709097820799798 0.0017165980883874 0.021461065299809 0.0297708797268569 0.0534731570631266 0.040412800386548 0.00980060272850096 0.00503495023585856 0.0165189089253545 0.00767517578788102 0.0114427551627159 0.00940703111700714 0.0188987211324275
-9999 -9999 -9999 -9999 -9999 -9999 -9999 -9999 -9999 -9999 -9999 -9999 -9999 -9999 -9999 -9999 -9999 -9999 -9999 -9999 -9999 2.13074805742508e-05 0.00122273571323603 0.0078666768502444 0.000405460053298157 0.000100877638124075 0.00176557630766183 0.000220133968286973 0.000163726376922568 0.000432111076952424 0.0010733216360677 0.0844466898590326 0.00897446209564805 0.0263391677290201 0.114450169727206 0.00351447511930019 0.107768839597702 0.00859730774536729 0.132862626761198 0.191128070652485 0.0904938347637653 0.0299940899014473 0.0792632725089788 0.0317189214751124 0.0242742624133825 0.0226577922701836
-9999 -9999 -9999 -9999 -9999 -9999 -9999 -9999 -9999 -9999 -9999 -9999 -9999 -9999 -9999 0.00202866668114439 0.000234752662072424 4.49002850473335e-05 0.0192075879778713 -9999 0.000132697881417698 0.000224533995060483 0.00294172632275149 4.05146172397508e-05 1.19095421723614e-05 0.000113631341992004 0.00168154052225873 0.000316724315780448 0.000387230253545567 0.000138718473317567 0.00546488470863551 0.0191592835821211 0.147475861012936 0.011864073947072 0.0398647734895349 0.00698358044028282 0.0709066223353148 0.00148403170169331 0.0156882341019809 0.014578069653362 0.0314727991819382 0.0288479048758745 0.00887651992961764 0.00778719231020659 0.0140629219822586 0.0236804971471429
-9999 -9999 -9999 -9999 -9999 -9999 -9999 -9999 -9999 -9999 -9999 -9999 -9999 -9999 -9999 -9999 -9999 0.000131673583746306 2.68619726739416e-05 -9999 -9999 4.87625858340834e-06 6.33049016869336e-06 5.86964823128255e-06 2.21661671275797e-05 0.00241500085685402 2.9925394392194e-05 0.000581363290257286 0.000951961445389315 0.00148902451037429 0.0128586892038584 0.0116803461220115 0.0178707380779088 0.0226655441336334 0.00485850388649851 0.0989566095173359 0.0210527735762298 0.00788049199618399 0.0526624426245689 0.030636858381331 0.0259772996418178 0.021958991419524 0.0296897919848561 0.0216191875748336 0.016385577339679 0.0866670168936253
0.0462812585756183 -9999 -9999 -9999 -9999 -9999 -9999 -9999 -9999 -9999 -9999 -9999 -9999 -9999 -9999 -9999 -9999 -9999 -9999 -9999 -9999 -9999 4.28148214268731e-06 0.000172121876676101 0.00108428011590149 1.318639215242e-05 4.3454827300593e-05 5.34389054337225e-05 0.000823475894867443 0.000207438463257859 0.000797118982882239 0.000653123177471571 0.00149297134485096 0.0033982849563472 0.00425187954679132 0.00171228487743065 0.0153693081345409 0.247269232571125 0.272432833909988 0.157536386698484 0.0279136341065168 0.0532295145094395 0.0221143163740635 0.0235146246850491 0.110986231267452 0.106542735546827
0.000366329900862183 0.00232669493416324 -9999 -9999 -9999 -9999 -9999 -9999 -9999 -9999 -9999 -9999 -9999 -9999 -9999 -9999 -9999 -9999 -9999 -9999 -9999 0.000224447151413187 7.48074618286409e-06 1.39895844995408e-05 4.44860468178376e-06 1.80284589532675e-05 3.84860283020316e-06 5.34225301862534e-06 0.000167109286121558 0.000200117789790966 7.10444539890887e-06 0.000255508544069016 0.000275284751842264 0.000659447372891009 0.0010188453074079 0.00120623894617893 0.0479851167649031 0.0377570059150457 0.0289256513118744 0.0590972941368818 0.0888859927654266 0.0847656987607479 0.026451800391078 0.124228864908218 0.0268380368128419 0.0308492891490459
-9999 0.000437720023910515 0.000156171004709904 0.00977907460182905 0.000121076749201166 -9999 -9999 -9999 -9999 -9999 -9999 -9999 -9999 -9999 -9999 0.0033135289180791 -9999 -9999 2.4254687514258e-05 -9999 -9999 9.79790827386751e-06 2.79615998266536e-06 0.000103644139744574 0.000455248388607288 4.83588532915746e-06 9.30488812400654e-06 1.96860447431391e-05 4.13527234741196e-05 3.9951780672709e-05 8.77464149198204e-06 4.78604466479737e-05 1.39220252549421e-05 0.000492343441874255 0.00114260626141913 0.00469840632285923 0.00734360441565514 0.0073656627908349 0.0374982500448823 0.0392601076513529 0.0394977912306786 0.0220928877592087 0.0188353077508509 0.101740891113877 0.0615691617131233 0.0396784717217088
1.35318561888198e-05 2.22371269956056e-05 0.000364998534496408 0.00382124196039513 2.09008916499442e-05 -9999 -9999 -9999 -9999 -9999 -9999 -9999 -9999 -9999 -9999 -9999 1.55820079271507e-05 -9999 -9999 7.73274030507309e-05 -9999 -9999 0.063536312058568 0.00262844110839069 0.000147706577263307 3.81921947337105e-05 0.000562839064514264 0.00271422221558169 0.0042276591877453 5.20378545843414e-05 2.64038603745576e-06 6.13315091868571e-05 0.000769437281996943 0.00152153123635799 0.00158538478426635 0.00225607899483293 0.00480945627205074 0.00941437035799026 0.0487255271524191 0.0139269501902163 0.0096011602319777 0.0628499712795019 0.0259917084127665 0.0404280461370945 0.0709058325737715 0.0356008933857083
2.76885959920037e-05 4.34192568263825e-05 9.09803697140887e-05 0.000957484787795693 -9999 0.000582587704411708 -9999 -9999 -9999 -9999 -9999 -9999 -9999 -9999 -9999 -9999 0.000580722188169602 -9999 7.88908548202016e-05 4.73362345474015e-05 8.04087701453682e-06 2.13766379602021e-05 7.17951860451649e-06 8.97892539342138e-07 3.7375715919552e-06 2.35881378330305e-05 1.00531356338252e-05 5.27270500469967e-06 2.22058833969641e-05 6.30764863672084e-05 0.00041906697297236 2.22344661324314e-05 2.84381150777335e-05 0.00144793902290985 0.000114338141429471 9.96471015241696e-05 0.0111407903488725 0.0114089646842331 0.0112497568130493 0.0170849673449993 0.0293884813785553 0.0414440881460905 0.0415387373417616 0.0760714646428823 0.00938185676932335 0.0322271833196282
4.47182827883807e-05 5.71536542565809e-05 0.80002121294965 3.04748213807215e-05 -9999 -9999 7.89225407061167e-05 -9999 -9999 -9999 -9999 -9999 -9999 -9999 -9999 -9999 -9999 -9999 -9999 -9999 -9999 0.00259578792611137 0.000316572694282513 2.42863592347931e-06 5.60315771025444e-07 1.10438684828296e-06 8.3238491015436e-06 1.75280056623706e-05 2.91384892079805e-05 5.65028326491301e-05 8.36054926367069e-05 0.004595189797692 0.000415205011086073 0.000147572123023565 0.000963331648381427 0.00177134205005132 0.0117162773851305 0.0092812545131892 0.0143833093345165 0.0106917781289667 0.0209930025041103 0.0534397900104523 0.0299084670841694 0.0841512445360422 0.00409947249572724 0.00196903826436028
