Scripts_&_data/Maxent_result_files_2/B_inexspectatus_3.asc
NCOLS 594 
NROWS 330 
XLLCORNER -15 
YLLCORNER 23 
CELLSIZE 0.166666666666667 
NODATA_value -9999 
[rows 160 to 179 of 330, columns 540 to 584 of 594]
2.58681964737661e-15 2.04281036531029e-15 1.62092561595273e-15 1.88737914186277e-15 1.93178806284777e-15 1.50990331349021e-15 1.13242748511766e-15 6.21724893790088e-16 3.99680288865056e-16 3.66373598126302e-16 3.10862446895044e-16 2.22044604925031e-16 2.1094237467878e-16 1.4432899320127e-16 9.99200722162641e-17 1.11022302462516e-16 1.77635683940025e-16 9.76996261670138e-16 1.15463194561016e-15 1.11022302462516e-16 1.33226762955019e-16 2.1094237467878e-16 3.44169137633799e-16 3.5527136788005e-16 3.44169137633799e-16 6.77236045021345e-16 1.53210777398272e-15 2.17603712826531e-15 9.29256671611256e-15 2.96429547574917e-15 1.63313806922361e-14 9.50350909079134e-15 1.16573417585641e-14 8.65973959207622e-16 2.05391259555654e-15 1.29896093881143e-14 4.32298641328543e-13 2.61235477694299e-14 3.14859249783694e-14 1.74626979543291e-13 4.75175454539567e-14 8.93396467915864e-14 5.95523630408934e-13 9.44726519236383e-12 1.48602041782908e-10
2.00950367457153e-15 2.40918396343659e-15 3.11972669919669e-15 2.96429547574917e-15 2.53130849614536e-15 3.1863400806742e-15 1.73194791841524e-15 1.37667655053519e-15 1.0769163338864e-15 1.0769163338864e-15 6.99440505513849e-16 6.66133814775094e-16 5.6621374255883e-16 4.55191440096314e-16 2.88657986402541e-16 2.55351295663786e-16 1.4432899320127e-16 8.88178419700125e-17 1.06581410364015e-15 1.11022302462516e-16 9.99200722162641e-17 1.33226762955019e-16 2.22044604925031e-16 2.88657986402541e-16 1.83186799063151e-15 3.21964677141295e-16 1.16573417585641e-14 1.01352259918031e-13 6.51589893152504e-14 4.68514116391816e-14 8.32667268468867e-16 1.50435219836709e-14 1.94289029309402e-15 2.60902410786912e-15 2.37587727269783e-15 2.78665979180914e-15 2.78843614864854e-13 5.10591569025109e-14 3.12860848339369e-14 4.57078819238177e-14 4.2854608750531e-14 3.49653639375447e-13 2.21267448807794e-13 5.21049869917078e-13 3.418022531676e-10
9.34807786734382e-15 1.58317803311547e-14 1.73638881051374e-14 2.75179878883591e-13 5.82911496849192e-13 1.99174010617753e-14 9.49240686054509e-15 3.76365605347928e-15 1.98729921407903e-15 2.34257058195908e-15 2.33146835171283e-15 1.66533453693773e-15 2.04281036531029e-15 9.32587340685132e-16 5.55111512312578e-16 6.77236045021345e-16 3.33066907387547e-16 2.22044604925031e-16 1.33226762955019e-16 1.55431223447522e-16 9.99200722162641e-17 1.55431223447522e-16 2.55351295663786e-16 2.88657986402541e-16 4.19664303308309e-15 8.10462807976364e-16 2.07611705604904e-15 2.05391259555654e-15 3.33066907387547e-16 1.51767487466259e-14 1.66933133982639e-13 1.96065386148803e-14 1.0680345496894e-14 6.25721696678738e-14 2.16382467499443e-14 1.98093763614793e-12 2.07918127159701e-12 1.90603088867647e-13 7.63078489285363e-13 4.31110702692195e-13 7.36832816983224e-13 8.70670202601787e-13 6.57340848420063e-13 1.1776135622199e-13 2.93033375342588e-12
1.08690834110803e-14 1.94733118519252e-14 4.03121980241394e-14 1.12264197937861e-11 1.59092738982736e-12 2.78554956878452e-14 1.48769885299771e-14 8.81517081552374e-15 6.06181771445335e-15 8.65973959207622e-15 1.41997524849558e-14 2.50910403565285e-15 3.97459842815806e-15 2.62012633811537e-15 1.57651669496772e-15 1.89848137210902e-15 2.28705943072782e-15 8.43769498715119e-16 4.21884749357559e-16 2.99760216648792e-16 1.55431223447522e-16 2.1094237467878e-16 8.88178419700125e-16 3.35287353436797e-15 1.67643676718399e-15 5.51780843238703e-15 7.60502771868232e-15 1.68864922045486e-14 2.17603712826531e-15 8.01581023779363e-15 2.18536300167216e-13 3.43725048423948e-14 4.93938223655732e-14 5.69433389330243e-14 8.08131339624651e-13 2.29741781154758e-12 1.93756122257582e-13 6.81377176903197e-13 7.19713177943504e-13 8.61022364517794e-13 7.36977145976425e-13 4.99900121297969e-13 3.20585780144711e-12 1.73392655788973e-10 1.06765078999871e-09
4.64739358108091e-14 1.43662859386495e-14 2.1049828546893e-14 1.99285032920216e-14 7.18425319234939e-14 8.96394070082351e-14 7.29638571783653e-14 4.82502926502093e-14 2.4535928844216e-14 8.11573031000989e-15 7.68274333040608e-15 3.54161144855425e-15 2.66453525910038e-15 5.55111512312578e-15 3.5527136788005e-15 2.08721928629529e-15 9.76996261670138e-16 8.10462807976364e-16 3.88578058618805e-16 2.55351295663786e-16 3.44169137633799e-16 2.33146835171283e-16 1.4432899320127e-16 1.33226762955019e-16 1.77635683940025e-16 6.77236045021345e-16 2.55351295663786e-16 1.89848137210902e-15 1.70530256582424e-14 9.86988268891764e-15 1.6153745008296e-14 5.304645611659e-14 2.02637906454584e-13 1.13353770814228e-14 4.40758540776187e-15 1.79546377765405e-12 1.5217826998537e-13 1.77891035235689e-13 7.51732009973694e-14 1.40998324127395e-14 1.95732319241415e-14 2.37021513527225e-13 1.16628928736873e-13 1.53466128693935e-13 1.07530540027767e-11
2.0460300120817e-13 4.84834394853806e-14 6.53699316899292e-14 4.84390305643956e-14 7.77933273354847e-14 2.34556818412557e-13 3.67805785828068e-13 5.00632868494222e-13 2.35389485681026e-13 3.34843264226947e-14 1.77191594730175e-14 1.52544643583497e-14 1.06248343456627e-14 6.98330282489223e-15 5.61772850460329e-15 3.43058914609173e-15 1.77635683940025e-15 1.67643676718399e-15 1.58761892521397e-15 1.11022302462516e-15 6.55031584528842e-16 3.66373598126302e-16 1.99840144432528e-16 2.1094237467878e-16 2.33146835171283e-16 4.21884749357559e-16 7.43849426498855e-16 1.12132525487141e-15 1.88737914186277e-15 6.16173778666962e-15 1.37556632751057e-14 4.71511718558304e-14 1.20459198171829e-14 3.49609230454462e-14 4.20774526332934e-15 5.79647441156794e-14 3.21520587931445e-14 9.11903885736365e-13 2.30604424444891e-13 4.32542890393961e-14 4.56079618516014e-14 1.14286358154914e-13 2.56794585595799e-14 2.45636844198316e-13 7.21644966006352e-14
2.73514544346654e-13 2.46136444559397e-14 5.04041253179821e-15 5.90083537588271e-14 3.12350145748042e-13 1.47581946663422e-13 1.50768286744096e-13 6.8800520836021e-14 1.09312559004593e-13 4.00457444982294e-14 6.62692123398756e-14 9.87987469613927e-14 2.08888462083223e-13 7.65831842386433e-14 2.1094237467878e-14 8.29336599394992e-15 5.06261699229071e-15 1.06470388061553e-14 5.90638649100583e-15 2.87547763377916e-15 1.36557432028894e-15 9.88098491916389e-16 7.43849426498855e-16 3.88578058618805e-16 2.55351295663786e-16 2.22044604925031e-16 8.77076189453874e-16 6.47260023356466e-15 6.68354260824344e-15 2.1094237467878e-15 2.4757973449141e-15 2.4535928844216e-15 2.69784194983913e-15 2.99760216648792e-15 1.99840144432528e-15 7.105427357601e-16 7.89368570508486e-15 7.90478793533111e-15 1.46105350040671e-14 3.3628655415896e-14 1.30340183090993e-13 1.45983225507962e-13 7.05768776754212e-14 1.33593136553145e-13 8.38806801795045e-13
2.51909604287448e-14 3.37729844090973e-14 3.90243393155743e-14 1.34114941374719e-14 1.70530256582424e-14 1.48436818392383e-14 9.48019440727421e-14 1.08879572024989e-13 3.52273765713562e-14 6.73794353645007e-14 2.07212025316039e-13 4.02222699591448e-13 1.8668400159072e-13 4.16444656536896e-13 2.13151718497784e-13 2.5024426975051e-14 6.88338275267597e-15 1.32893696047631e-14 1.31339383813156e-14 8.94839757847876e-15 5.35127497869325e-15 2.55351295663786e-15 2.69784194983913e-15 6.99440505513849e-16 2.88657986402541e-16 2.1094237467878e-16 3.77475828372553e-16 8.88178419700125e-16 1.34336985979644e-15 5.99520433297585e-16 2.91988655476416e-15 5.96189764223709e-15 4.21884749357559e-15 1.99840144432528e-15 2.05391259555654e-15 3.9190872769268e-15 1.80744308408975e-14 9.62563362350011e-15 1.00919272938427e-14 2.93176594112765e-13 3.32400773572772e-14 3.0142555118573e-13 3.37896377544666e-13 2.72004641033163e-14 3.57713858534225e-14
9.86988268891764e-15 4.00790511889682e-15 1.54321000422897e-14 1.62758695410048e-14 3.8746783559418e-15 1.07913677993565e-14 6.11621864265999e-14 9.58233492553973e-14 8.03745958677382e-13 2.24664731263147e-13 1.43762779458712e-13 2.5471846853975e-13 1.34592337275308e-13 1.63724589441472e-13 4.91728879836728e-13 6.22391027604863e-14 1.20237153566904e-14 1.62314606200198e-14 5.8875126995872e-14 2.2948309919002e-14 1.14575016141316e-14 5.28466159721575e-15 2.05391259555654e-15 9.65894031423886e-16 1.24344978758018e-15 1.48769885299771e-15 1.27675647831893e-15 1.80966353013901e-15 1.01030295240889e-15 2.02060590481778e-15 3.65263375101676e-15 2.77555756156289e-15 2.54241072639161e-15 1.66533453693773e-15 1.68753899743024e-15 8.68194405256872e-15 3.67927910360777e-14 7.73825448163734e-15 1.45883305435746e-14 3.2897018442668e-13 1.40810696436233e-12 8.65540972228018e-13 4.96158669704982e-14 6.65467680960319e-14 3.97837318644179e-13
9.6034291630076e-15 2.3347990207867e-14 3.3406610810971e-14 7.43294314986542e-14 7.35744798419091e-14 2.44304576568766e-13 1.99362748531939e-13 4.51971793324901e-14 1.54765089632747e-13 1.82898141076748e-13 4.05631084277047e-13 1.76181291777766e-13 5.64659430324355e-14 5.09814412907872e-14 4.52637927139676e-14 1.73416836446449e-14 2.97095681389692e-14 3.08864045450719e-14 1.34103839144473e-13 1.01918473660589e-14 3.47499806707674e-15 2.72004641033163e-15 2.26485497023532e-15 3.574918139293e-15 1.57651669496772e-15 1.75415237890775e-15 1.49880108324396e-15 1.90958360235527e-15 1.46549439250521e-15 9.88098491916389e-16 1.46549439250521e-15 1.68753899743024e-15 1.85407245112401e-15 2.8643754035329e-15 4.14113188185183e-15 5.37347943918576e-15 1.63646873829748e-14 1.59650070941098e-14 1.58206781009085e-14 3.79030140607028e-14 5.75905989563807e-13 9.5501384578256e-14 1.9346746427118e-13 1.60538249360798e-13 8.58602078324111e-13
6.31050767196939e-14 3.03701508386212e-13 1.91580085129317e-12 1.73899783462161e-12 9.25781673544179e-13 3.51252360530907e-13 1.18667298210084e-12 7.55484563796927e-13 1.19659837594099e-13 1.93067783982315e-14 1.52522439123004e-13 1.80211401357155e-13 1.7054135881267e-13 2.21589413484935e-13 2.32658337040448e-13 6.231681837221e-14 3.25628413122558e-14 1.31006316905768e-14 1.37667655053519e-14 1.29007915461443e-14 7.63833440942108e-15 5.25135490647699e-15 2.76445533131664e-15 3.75255382323303e-15 7.01660951563099e-15 1.44884104713583e-14 5.08482145278322e-15 3.15303338993544e-15 2.8421709430404e-15 2.16493489801906e-15 3.39728245535298e-15 5.26245713672324e-15 4.08562073062058e-15 4.06341627012807e-15 4.54081217071689e-15 4.25215418431435e-15 9.99200722162641e-15 2.39586128714109e-14 3.99236199655206e-14 4.73732164607554e-14 1.01341157687784e-13 1.93078886212561e-13 8.1503692683782e-13 6.78905820450382e-12 1.09962039473999e-12
2.3001600624184e-13 8.80212791543045e-11 4.65469449650868e-09 4.77491379768935e-12 1.16375797887258e-12 3.13904457982517e-13 1.71178626828805e-12 2.28512764266497e-12 4.34823288486541e-12 1.12532205776006e-13 8.70525873608585e-14 1.92879046068128e-13 4.97135665966653e-13 6.49003073505128e-13 3.04301028819509e-13 2.03903560702656e-13 1.22624133069849e-13 4.2899017671516e-14 5.14810416518685e-14 9.41247080277208e-14 3.61932706027801e-14 1.46438416948058e-14 8.53761505936745e-15 1.17350573702879e-14 1.18460796727504e-14 6.49924558615567e-14 1.41331391034782e-14 6.49480469405717e-15 4.9960036108132e-15 2.66453525910038e-15 4.70734562441066e-15 9.45910016980633e-15 1.59872115546023e-14 8.5265128291212e-15 8.4821039081362e-15 8.59312621059871e-15 7.32747196252603e-15 3.68149954965702e-14 7.42406136566842e-14 1.48558942925092e-13 3.04378744431233e-13 1.4378165325013e-12 1.00554342630232e-11 5.17227038976387e-11 2.54778975694592e-11
1.13981046823142e-12 1.49458223575039e-13 4.90312346279609e-11 2.73616684864919e-12 3.12128101143117e-13 1.03886088620442e-10 2.2553230394351e-10 9.12582232004411e-12 1.50677248456077e-12 3.9013237085328e-14 6.48037179473704e-14 3.85780296596749e-13 6.44961861695492e-13 2.93112201177337e-12 1.80297998753076e-12 2.0673462941545e-13 3.55115936656603e-13 1.01574304522956e-13 1.35191857708605e-13 6.84008405471559e-14 1.99029681624552e-13 2.15971684980332e-13 3.67483821150927e-14 2.31037411424495e-14 1.22346577313692e-14 1.28674848554056e-14 1.3899992268307e-14 2.60347299274599e-14 8.1601392309949e-15 7.53841433720481e-15 1.12798659301916e-14 1.32449606837781e-14 1.77746706242488e-14 2.96318525272454e-14 2.2726265314077e-14 1.7430501486615e-14 1.54209978120434e-14 1.15241149956091e-14 1.4432899320127e-14 2.97450952757572e-13 1.70385927589223e-13 1.60671476123753e-13 3.21440651873672e-12 8.87715456698857e-12 3.7538872010856e-11
1.22535315227879e-13 1.26976207326379e-13 4.08117983852208e-13 3.0708324771922e-12 6.01863003879544e-13 2.17681317415952e-11 2.29205432411561e-11 1.67395985961605e-11 3.86249920936166e-12 4.31432667369336e-14 1.77080572427712e-14 2.39275266267214e-13 1.04483088847473e-13 7.51509965368768e-14 4.27435864480685e-14 1.06470388061553e-14 4.69291272509054e-14 6.68354260824344e-14 1.22257759471722e-13 6.66167121465833e-13 3.62043728330264e-13 3.51618734129033e-13 6.96376289965883e-13 3.1668001554408e-13 6.38822328369315e-14 1.43662859386495e-14 1.17461596005342e-14 3.94240196044393e-14 7.7937656328686e-15 9.5368157815301e-15 6.71795952200682e-14 5.24469356832924e-14 4.04343225568482e-14 5.88085136143945e-14 3.94684285254243e-14 3.01980662698043e-14 3.32622818177697e-14 4.2543746303636e-14 5.26134691369862e-14 1.50424117606462e-13 3.57081031410189e-13 2.7121638268568e-13 2.19546603119625e-13 5.73532332737159e-12 9.20302500873049e-11
7.62713225910261e-12 2.57460719410574e-13 3.58846286019343e-13 2.4624746686186e-14 8.86957174373038e-13 8.64863736182997e-13 5.70217206785628e-12 1.30453425839505e-12 7.17448322973269e-13 5.07371922253697e-15 2.74225087082414e-15 7.6083583877562e-14 2.45459208514376e-13 2.11053396981242e-14 9.62563362350011e-15 1.19904086659517e-15 7.99360577730113e-16 1.19904086659517e-15 1.16573417585641e-14 1.0991207943789e-14 2.27862173574067e-13 1.87783122385099e-13 1.21491705584731e-13 2.0833557101696e-12 1.58066892907982e-12 1.44406708812994e-13 1.31339383813156e-14 8.06021915877864e-15 5.40678612992451e-15 4.74065231514942e-15 1.17794662912729e-14 3.7159164634204e-14 2.0256019084286e-13 7.05557834379533e-13 2.2216672945774e-13 8.09019518044352e-14 1.0325074129014e-13 9.36806188178707e-14 4.05231403988182e-14 3.07420755518706e-14 4.32365254710021e-13 1.72960534783329e-12 1.37959643708996e-12 1.15515375043174e-12 9.74331726411037e-14
4.12470058108738e-13 1.50435219836709e-14 1.91568982899071e-13 2.54396503862608e-13 9.94004878407395e-13 7.42494954408812e-13 7.36677385759776e-13 5.5166982093624e-14 1.63591362678517e-13 6.32827124036339e-16 4.21884749357559e-16 1.76192394008012e-14 3.33733041202322e-14 5.07371922253697e-15 1.95399252334028e-15 1.72084568816899e-15 1.56541446472147e-15 1.16573417585641e-15 2.8643754035329e-15 1.08246744900953e-14 2.01616501271928e-14 4.20219414820622e-14 2.48656650825296e-13 6.51112497251916e-13 8.73423555702857e-13 1.5946577391901e-12 3.43913786338135e-13 2.21045404202869e-14 9.57012247226885e-15 5.95079541199084e-15 1.97175609173428e-14 3.67705865755852e-14 6.3460348087574e-14 2.96007662825559e-13 4.955147403507e-13 1.56730184386333e-13 2.84006151929361e-13 5.27022869789562e-14 3.1863400806742e-15 5.44009282066327e-16 2.56461518688411e-15 2.32036612146658e-15 5.77315972805081e-16 7.7715611723761e-17 6.66133814775094e-17
2.24265050974282e-15 3.22897264481981e-13 5.21649390350376e-13 2.97539770599542e-15 1.53210777398272e-15 5.76205749780456e-15 2.39808173319034e-15 1.82076576038526e-15 2.4757973449141e-15 1.4432899320127e-16 5.32907051820075e-16 4.65183447317941e-15 3.30846461338297e-15 6.99440505513849e-16 7.105427357601e-16 6.10622663543836e-16 2.8643754035329e-15 4.40758540776187e-15 1.41442413337245e-14 1.53543844305659e-14 2.1582735598713e-14 2.45137243837235e-14 2.88324919495153e-14 2.15460982389004e-13 1.98219218816575e-13 6.04749583743569e-13 2.2268520361024e-12 8.88278339772341e-13 5.74096326033668e-14 1.64979141459298e-14 2.26041407813682e-14 1.01463282220493e-13 6.79900580280446e-14 4.86388707088281e-14 6.14730488734949e-14 1.35580435767224e-13 6.50257625522954e-14 3.96349619791181e-15 4.65183447317941e-15 6.21724893790088e-16 9.99200722162641e-17 4.44089209850063e-17 1.11022302462516e-17 1.11022302462516e-17 1.11022302462516e-17
3.08642000845794e-15 3.32434080263511e-13 5.76270142715885e-12 1.88848936488739e-12 4.53193038651989e-14 4.44089209850063e-16 2.77555756156289e-16 4.88498130835069e-16 1.22124532708767e-16 5.44009282066327e-16 4.40758540776187e-15 1.59872115546023e-15 4.9960036108132e-16 3.99680288865056e-16 6.77236045021345e-16 2.88657986402541e-16 2.88657986402541e-16 2.66453525910038e-16 2.77555756156289e-16 1.14352971536391e-15 3.530509218308e-15 5.11812814352197e-15 9.54791801177635e-16 1.45328193923433e-14 2.13595807707634e-13 2.69029243327168e-13 7.2810646400967e-13 1.3437695400853e-12 4.25315338503651e-13 4.84279283341493e-14 8.07132138902489e-15 1.24122934153092e-14 4.4531045517715e-14 1.68420832835636e-14 6.66244837077556e-14 1.28363986107161e-13 1.75093273213633e-13 3.72701869366665e-14 1.09801057135428e-13 1.71196390397199e-14 1.99840144432528e-16 6.66133814775094e-17 3.33066907387547e-17 0 0
1.11022302462516e-16 1.0547118733939e-15 5.55111512312578e-14 1.30562227695918e-14 3.33066907387547e-15 1.66533453693773e-16 2.22044604925031e-17 3.33066907387547e-17 3.33066907387547e-17 2.43138842392909e-15 1.02784447619797e-13 6.78346268045971e-15 8.42659275690494e-15 4.32986979603811e-15 3.77475828372553e-16 1.55431223447522e-16 1.88737914186277e-16 1.99840144432528e-16 5.21804821573824e-16 5.16253706450698e-15 1.37667655053519e-15 4.46309655899313e-15 1.62980740014973e-14 1.71196390397199e-14 5.70987701564718e-14 7.91700038860199e-14 2.57882604159931e-13 2.46409559423455e-12 3.06595859811409e-12 5.62072610676978e-13 1.93844940099552e-14 1.72084568816899e-15 6.77236045021345e-15 3.557154570899e-14 2.77111666946439e-14 4.51749748719976e-14 6.93001211971023e-14 1.14641629522794e-13 4.78783679369599e-13 3.28426175144614e-13 6.70574706873595e-15 3.66373598126302e-16 4.44089209850063e-17 1.11022302462516e-17 0
1.49880108324396e-15 1.66533453693773e-16 4.44089209850063e-17 1.46549439250521e-15 4.32986979603811e-16 2.22044604925031e-17 1.11022302462516e-17 4.44089209850063e-17 8.88178419700125e-17 1.765254609154e-15 5.67879077095768e-14 6.80566714095221e-15 2.22155627227494e-14 9.62563362350011e-15 8.99280649946377e-16 3.44169137633799e-16 1.99840144432528e-16 2.66453525910038e-16 9.99200722162641e-17 8.88178419700125e-17 4.10782519111308e-16 4.44089209850063e-16 3.65263375101676e-15 1.23234755733392e-14 2.39475106411646e-14 7.07989222803462e-14 2.27051710766091e-13 4.20530277267517e-13 8.44513348141618e-13 6.76059208615243e-13 7.56394946677119e-14 4.6074255521944e-15 7.73825448163734e-15 5.3179682879545e-15 9.72555369571637e-15 1.76747505520325e-14 6.63247234911068e-14 1.81010761934886e-13 3.15303338993544e-13 7.46180894850568e-14 7.50510764646606e-15 2.1094237467878e-15 5.55111512312578e-17 0 0
