Scripts_&_data/Maxent_result_files_2/B_inexspectatus_3.asc
NCOLS 594 
NROWS 330 
XLLCORNER -15 
YLLCORNER 23 
CELLSIZE 0.166666666666667 
NODATA_value -9999 
[rows 80 to 99 of 330, columns 405 to 449 of 594]
1.28784094499679e-09 9.06769825892439e-10 1.82419888083984e-09 5.21221279470296e-09 2.83855561278301e-10 2.10164841085714e-09 6.53178999776571e-10 6.09323558276031e-10 5.10414543963833e-10 1.63317193102586e-10 1.74928660445772e-10 2.49692821974179e-10 1.3630340189863e-10 1.30009336629655e-12 3.95576904566042e-12 8.38018543447561e-13 8.90232332295682e-13 2.07825978648657e-12 9.60753698819872e-13 6.96187552051697e-13 1.27270416427905e-12 1.04048991644845e-12 6.35458352604701e-13 6.51447784605352e-12 1.41736955505678e-11 3.95766308614043e-11 2.09683714835762e-11 1.27248322989715e-11 6.07558447995871e-13 4.596767411158e-13 2.58526533514214e-13 4.81668038787575e-12 2.19239071341804e-12 5.86741766284149e-13 1.21281873433077e-12 3.56736862272555e-13 6.57329746189816e-13 1.25233157177718e-13 4.0556447089557e-14 5.93514126734362e-13 7.3250405741021e-12 7.2025718722557e-13 2.93455482136551e-11 4.09672296086683e-15 3.45212747276946e-13
8.90080620319367e-10 1.5211353654454e-08 3.13520227557262e-09 1.97800950063609e-09 1.4859453223437e-09 3.15464909750318e-10 3.26583760035248e-11 1.62100211031913e-10 1.35800000133912e-09 1.10774243111678e-09 5.79927506016986e-10 1.66835179005176e-10 1.33496491638851e-10 1.07496511692062e-10 5.14795983619365e-12 4.23889812140033e-12 2.53883247758324e-11 1.19858456493205e-11 9.24523790857279e-12 6.20599127643118e-12 1.41655132068763e-11 1.71471725707306e-12 9.39726074733471e-13 1.00617292275729e-12 8.81954509424077e-12 1.17952869693738e-11 2.64416932793665e-11 2.26849317108702e-11 5.34716715350214e-13 3.61843888185831e-13 2.09832151654155e-13 3.65967256499289e-12 7.58548779344892e-13 3.18778337060621e-13 1.28046462322118e-12 1.39797173837053e-11 3.43878259201347e-12 8.214651181504e-12 8.29647461841887e-13 2.22044604925031e-17 1.20588306007363e-10 8.47888426136478e-13 1.50486545447137e-10 1.3443690605186e-13 2.53806975436532e-11
1.16866809229954e-08 3.51111115737268e-09 2.82864287548534e-10 3.45510915433778e-09 7.48213746515347e-10 5.44952949432798e-10 3.60239760244241e-10 1.08919187002954e-09 1.68862573923789e-09 5.07395956361734e-09 9.17937093003474e-10 7.21248993862389e-10 3.27571691993711e-10 5.86375170641418e-11 5.23811105601624e-11 7.3151440460606e-11 1.32599042856896e-11 1.36315625454131e-11 4.33972857649678e-12 8.15246758989474e-12 9.98576776822802e-12 2.28940200130978e-12 2.98782110164098e-12 3.88422627395357e-12 1.63436597588884e-11 7.43068939712543e-12 1.18298593143606e-11 2.70743094610282e-11 5.32694999222372e-12 9.32387500540699e-13 8.52498072134722e-12 4.02315070147097e-11 7.44072581326805e-12 1.03129005335489e-10 3.26983551346416e-11 2.38304931343691e-12 2.50895415554453e-11 5.5507598517579e-12 2.86781709490924e-13 8.39903702143374e-12 4.09193789963069e-12 2.66883272148633e-09 8.35299385215649e-11 1.18111298519352e-11 1.08519415675801e-11
2.79095705435495e-09 1.00064174723968e-09 1.81546606636829e-09 9.03845032151906e-10 9.01057328750454e-10 6.61195087570121e-10 2.62829746855431e-10 1.13433336057511e-09 9.39148847578508e-10 7.05761515895631e-10 2.27209762115876e-10 2.48655573908962e-10 1.21483711978954e-10 8.21039458642758e-11 2.96993984960636e-11 4.70471328561928e-11 8.55940873734085e-12 5.894040810972e-12 2.47574183376287e-11 2.6991031631951e-11 1.1071232819404e-11 4.65898430945799e-12 2.82325940403894e-11 6.54147291889728e-11 2.6957847065745e-11 1.35926603306302e-11 6.49353903980909e-12 1.34002253737719e-11 8.01536614858378e-13 2.95726776400329e-12 7.58477725071316e-12 1.67578950716063e-11 7.44215800096981e-13 3.87199272644523e-11 7.27209403805773e-12 1.10393916230578e-12 1.68957736690345e-11 4.27014756887445e-11 3.70935504534486e-12 1.20942145187541e-12 4.34230429391391e-13 2.11406003813863e-11 1.50734980053358e-13 3.27515792264421e-15 1.43775658045797e-11
4.19662693484923e-10 1.741757471585e-09 2.03544697763292e-09 1.78795123151332e-10 1.65054037104539e-10 5.46063358974891e-09 3.56210667629142e-09 2.52574017256535e-10 2.1821364382113e-09 2.48936485869322e-09 6.7677230486396e-11 4.59909998973274e-11 3.6954883597673e-11 2.53418619422519e-11 4.59153715048899e-11 1.26856625204397e-10 3.8720952000304e-10 1.73321357266332e-10 1.13432485626674e-11 1.53366652710929e-11 3.04223646274693e-11 2.64303912089758e-11 4.48163506305832e-11 9.29533117144388e-12 1.24325438832784e-11 2.16925366558485e-12 5.94427840283629e-12 1.98605132339935e-11 4.76814143723914e-12 2.60342858382501e-12 2.81604295437887e-11 3.97032651200391e-10 1.82807369242255e-10 1.10609177372822e-10 4.3071735067457e-11 8.57989235214518e-12 3.60936391885502e-11 1.31814670289998e-10 5.29328803011708e-12 9.45985512146308e-12 7.12321446272313e-10 1.64670499458452e-12 1.68087765928249e-14 1.13065112827826e-13 4.98799890280566e-12
1.21036328737389e-09 4.35966943657107e-09 1.1208944328267e-09 7.72996128217684e-09 1.44993415052141e-09 1.41323746039035e-09 1.44730838980145e-08 8.81766146765273e-09 2.18463129808555e-09 1.12147825470643e-09 2.27715818423846e-09 5.04530628386846e-10 1.95452187767842e-10 1.09045106277961e-11 4.46989556479593e-11 1.36749944701364e-10 5.45309530863847e-10 5.48358358720691e-11 1.01669228591561e-11 8.98831342688311e-11 8.74723404820088e-11 6.67605559723228e-10 2.69176447798003e-10 7.77954367592315e-12 3.6733471819872e-11 4.23912571712037e-11 1.72172387458147e-11 1.16459508703315e-11 3.59471119537602e-11 9.28424004342787e-12 7.191314210786e-12 6.82304990284877e-11 5.06793718102472e-11 3.62001495446407e-10 4.71390293466101e-10 7.1568195814109e-11 2.12026529666787e-10 2.14772655215967e-10 1.11133324764978e-14 7.4495964952348e-14 6.26007192749967e-09 2.8033708687758e-11 1.86664794732394e-11 3.41979666806935e-11 4.72388794747758e-11
9.94514937069368e-10 1.88184071658881e-09 9.3547900537061e-10 4.08591067646569e-09 1.50868994519548e-08 4.58843116835084e-09 1.26476647488438e-08 1.17429651225187e-08 1.01954668041415e-08 1.21605705505345e-09 6.0745158902975e-10 5.6121475244808e-10 5.88364357234639e-11 7.53056172975164e-11 2.02878114308191e-10 5.66291458170554e-12 4.9191606343868e-11 6.92657042833389e-12 1.49840218011121e-10 8.47619752164519e-12 2.73766564973243e-12 2.10732209460218e-11 1.35532696177165e-11 6.69883926107673e-11 4.9793669187892e-11 2.69978706057827e-11 4.30534496942414e-12 1.47460932353738e-11 1.61218483007985e-11 7.99242450000293e-11 5.16474185641158e-10 2.72422118197113e-10 2.0297497016486e-11 6.0082228081626e-11 3.86236531646489e-10 1.77585590677154e-10 6.23929241605481e-11 1.3384041652742e-10 4.76763073464781e-13 3.93685084532081e-14 1.3736966009148e-10 6.46106501633881e-11 1.39240330376822e-10 1.47540202277696e-11 9.74641478634908e-12
1.15962632829536e-09 1.57614567619646e-08 4.00281998658159e-09 8.35253810560488e-10 5.52024703726062e-10 9.31241501689328e-09 8.82801755031082e-09 1.5468755276693e-09 3.72996761477395e-08 1.12670937024717e-09 2.51993470534728e-09 5.69024605212576e-10 6.55567367058296e-10 8.15822520650045e-11 3.80656062226592e-11 3.50126483361635e-11 1.50505496954167e-11 1.99405825185295e-11 3.08141512306293e-11 3.25394600153572e-11 3.87986498484594e-10 3.1696767432976e-11 2.48675546821175e-10 1.12688636200176e-11 1.70362834950311e-11 8.56865689513597e-11 9.30844845647982e-11 3.86143195196809e-10 1.61269486653737e-10 7.33532967700512e-10 2.89483637061494e-10 6.80660960927781e-10 1.4211620769089e-10 3.62978203050091e-11 7.50656758974344e-11 5.03390562567318e-10 1.20026488747982e-10 1.14629672420818e-10 8.17990342127928e-11 2.81170309257561e-11 1.97897254139434e-13 4.20668722078688e-11 6.25892448979926e-11 2.33618902001354e-11 8.28792590112926e-12
1.06766340213227e-09 3.73290041100205e-09 1.55894519515698e-10 1.03505004567239e-10 4.06553013476696e-11 6.89694634736782e-11 2.39135787838407e-09 1.0791338600491e-09 5.84101222944611e-10 6.16265949382466e-10 2.38515796002758e-10 1.01555674980602e-10 5.13428966009144e-11 1.84903226063682e-10 1.1518971332336e-10 1.10718878509886e-11 4.65761096357653e-11 2.46100140266492e-11 1.77737269346778e-11 1.67008629148313e-11 3.98012178770557e-11 6.20573592513551e-11 2.68428634875306e-10 1.2529637327674e-10 7.29916438402256e-10 1.05371315006764e-09 5.90706350500625e-10 1.03138250162615e-09 7.24888904457543e-10 1.72858660718589e-10 2.89494950234115e-10 1.27737788124804e-09 4.14858147834707e-10 1.23405841101487e-10 6.41377728705095e-10 2.95715008036268e-10 1.26888277662829e-10 3.25788623856127e-09 3.9188436939952e-10 1.48880907602233e-13 7.72604202836646e-14 2.57448062868093e-11 3.17216859446745e-09 5.522766688415e-11 1.78098535918991e-11
2.61900414688654e-09 1.21317647039376e-09 2.01220484719045e-10 9.53997991715028e-11 1.26763632923854e-10 1.17220710915689e-10 6.01179128700835e-10 8.65521743165232e-10 2.20056040056704e-09 2.37709956163457e-09 2.14555195832133e-10 2.67398092557158e-10 1.51594836683699e-10 5.29400945303848e-10 8.68738676551572e-09 8.25098602774688e-09 5.29163183271564e-09 2.1637606484326e-09 3.63396994718101e-09 2.82531087414384e-10 3.12011994019201e-10 7.97248378425763e-11 8.64704641223568e-11 4.24718016311942e-10 4.66979654945021e-10 1.11330137331223e-09 4.71835159832068e-10 3.69638919472948e-10 2.08189276929005e-10 1.76874248580816e-10 6.70983824058169e-11 7.16341685969013e-10 1.2296820228741e-10 3.00688196563925e-10 6.12517581100036e-10 9.62289248285231e-11 2.48949338921278e-10 1.90294968671623e-10 1.34857458533588e-11 3.55353968473082e-11 1.97175609173428e-14 2.34563024559264e-10 2.05794326024744e-10 3.43269190850037e-11 1.07937103699385e-11
5.85757076176918e-10 2.78530176700542e-10 6.35878660837363e-10 1.53391634949429e-09 3.40268789811304e-09 1.30716221180549e-09 4.04734545877972e-10 7.12165360017281e-10 5.41923184105286e-10 4.18402156254771e-09 6.67736543835673e-10 1.95857893237061e-09 1.68027330937903e-09 2.08859982642196e-09 2.77827341244041e-08 2.315987235324e-08 1.94437826950278e-08 1.1323844228972e-08 1.46599289152505e-08 1.19987052515924e-09 1.47291379093417e-10 2.67592903391289e-10 7.43826111815338e-11 7.98328403384119e-11 4.53637238884141e-11 3.13210213320758e-10 1.26408139511369e-10 2.22520113446478e-11 1.64588898066143e-11 3.44809436558791e-10 5.92030502399865e-10 4.31974911396793e-10 7.19857529141166e-10 5.95115945412061e-10 6.91335000357895e-10 4.23239399083286e-10 2.44799736037749e-10 1.01553221387718e-10 1.18191536557788e-09 8.51313242122842e-11 9.40522104642127e-11 1.71632807965949e-10 4.36599789654934e-10 3.63307928186174e-10 3.22643467498551e-11
2.45242326446515e-10 2.32535102284714e-11 6.31132094364162e-09 6.20609367230074e-09 1.02118743461332e-09 6.7936474557051e-09 1.03993962219384e-08 7.1869812323655e-10 1.95573444106145e-09 6.52589049465746e-10 1.80130780291776e-09 9.86600212637967e-10 1.21727926627457e-09 2.07649142325295e-10 4.64728194815578e-09 1.220408542002e-08 9.50491068074655e-09 5.33359890697582e-09 9.55526228141323e-09 3.87931490264393e-09 1.06667415789019e-08 7.64514468398758e-09 4.82741702167999e-10 3.07502334706555e-10 4.30745772384e-11 5.85009929388036e-11 8.2732887207726e-11 2.62805777140329e-11 1.29925403768993e-11 7.19996506859388e-11 4.30661839523339e-11 3.17975890062883e-10 8.4781817122348e-10 3.07691183643044e-10 4.11623235496705e-10 4.02190514225964e-10 2.96483659845137e-10 4.79353001736627e-11 5.22237697531125e-11 4.92551621711357e-10 7.36351324359674e-10 2.30268326628646e-10 9.04571739734905e-10 2.33304744412521e-09 1.08769071527348e-10
7.58768976538704e-09 2.31141242812427e-09 6.66116295455765e-10 9.40383682035417e-10 3.80550259082568e-09 2.92637665211259e-09 1.03968983755642e-08 9.97075205733111e-09 1.86844147709309e-08 1.08179012636711e-08 4.69367438249435e-09 1.09067485931646e-08 4.62785111343678e-09 5.45010081509645e-09 1.00943216785332e-08 1.11788476586661e-08 2.08047025163083e-09 1.08283489952399e-09 2.14183624169806e-09 1.16164555752363e-08 1.14324666844468e-08 1.5936105879355e-09 1.81827419787339e-10 9.73626401723493e-11 5.74426839428099e-11 2.76942579979789e-11 2.34392283360307e-11 1.11588516205074e-11 6.50758225084758e-11 6.71116495709612e-12 7.34028504645323e-11 1.49884071820594e-10 1.59565571866693e-10 1.39724809500308e-10 1.37786038134635e-10 8.65473626099345e-10 2.89339496806207e-10 4.93558194314403e-10 5.22951015824447e-11 4.07866629359432e-10 5.93324001041395e-10 7.03915592481508e-11 2.42738291689193e-09 3.76819176972631e-09 3.82770815043898e-11
1.20052908725299e-09 4.25996371511417e-10 1.10286313415031e-09 2.05988670565205e-10 1.02325403705805e-10 1.13115750099979e-10 7.67584984462388e-10 4.37052372070923e-10 5.54580170675223e-10 1.99303151759977e-10 2.56698557965507e-09 1.31081464571636e-09 5.49364909119277e-10 3.33421049658611e-09 4.8209035208302e-09 1.16806227024036e-08 2.17640247934803e-08 2.29208522162239e-09 9.13266587909689e-09 6.66745992861095e-09 2.27661488549913e-09 1.32509886396903e-09 5.75765413124429e-10 4.44366765606219e-10 1.29792454561795e-09 1.69394742677298e-10 3.89141496803802e-11 2.82137646578917e-11 2.1192791965774e-11 1.08004249987914e-10 1.98844829490952e-10 6.75961131513247e-10 1.89157134400375e-10 6.2997282945787e-10 2.90235901978519e-10 1.18005039073665e-10 2.65927391218668e-11 7.78213049557053e-12 2.72872291429138e-10 6.70206001807117e-11 2.42984732334861e-10 3.50993678566169e-10 5.62290380923258e-10 2.6923402396406e-10 1.40468858766951e-11
1.71917562408197e-09 6.8476225800751e-10 2.8615934066778e-10 1.2391451198468e-09 1.42743656894595e-09 5.31212784871116e-10 3.62033958367647e-10 2.52852461191111e-10 1.01134168817296e-09 1.29323782793733e-09 7.83660580871981e-10 7.88377518823324e-10 8.45877357047442e-10 3.88101784043471e-10 1.24603347639862e-09 1.36740669343105e-08 3.44935322527107e-09 8.06251297946758e-09 6.35239805202303e-09 5.98100891036069e-10 2.02507773883198e-09 4.33252322906696e-10 2.80815148911984e-10 5.70254954368465e-11 5.38657340953819e-11 6.23058937776477e-11 3.22600168800591e-11 8.45183034670072e-11 1.53991042139978e-11 1.24093180176033e-11 1.91556104311985e-10 3.07799341570103e-10 8.04664745945871e-10 7.84201747983104e-10 9.05701003084403e-10 8.30566060372462e-11 1.74420422549559e-10 2.00339400624472e-10 3.61585934527398e-09 1.98499018333465e-09 3.26378535309146e-10 3.40830030864936e-10 3.77017475017283e-09 6.9363992327709e-11 9.20376663771094e-11
6.66543047422863e-09 4.68664329567048e-10 5.64547116832514e-09 1.39269684562571e-08 1.2190086495778e-09 6.39548325409578e-10 3.14173353999081e-10 1.33127590062898e-09 1.89958696550363e-09 3.79531160943358e-09 1.25904031644808e-10 2.24733320841608e-10 1.89838200714831e-10 4.04779654239462e-10 3.37501193659051e-10 1.01310901889917e-09 2.62164578934687e-10 1.20560317284912e-10 4.63126315075613e-11 1.80393922022404e-10 1.6933846547218e-10 3.60224927664632e-10 9.81445524850244e-10 1.52881087789325e-09 9.22361742539124e-11 3.95903976269096e-11 4.69504879418992e-11 4.28455493306501e-11 1.47598933075699e-11 1.51184842422936e-11 5.33267019431349e-10 3.03878811003244e-11 5.18248333136739e-11 6.17528250757005e-11 2.7252343715034e-10 1.75457293138948e-10 4.35589786462742e-11 8.17455325652361e-11 7.92509391445151e-11 1.45199854362232e-09 1.49103972502118e-09 1.69583103115656e-09 3.16519455090258e-10 2.58158827648458e-11 4.57912041618158e-11
2.36251517238273e-09 1.06027597812641e-09 4.16857208751509e-09 4.61377724914058e-09 1.26395416355507e-10 3.14794434963517e-10 6.871237656636e-09 1.12028000875952e-08 1.69385656612064e-09 4.29332523976811e-09 7.12051347884213e-09 1.01011766950876e-08 2.46655944557972e-09 3.52034468242834e-10 4.40376390908881e-10 2.06527817070423e-10 7.5664248200269e-10 2.38752984049739e-10 1.17914056296797e-10 3.51626283645601e-11 4.06237354866334e-10 2.94074653517384e-10 1.83975989997975e-10 1.17550809086708e-09 2.59927210866096e-09 6.98537039323099e-10 1.79741888040041e-11 3.31863203584248e-11 3.32656113766205e-10 2.21472618022744e-11 1.95963167914925e-10 6.77359057732474e-11 1.04162656278106e-10 4.23507340308049e-11 1.79179437953536e-10 1.09528497382883e-10 1.45187362132759e-10 6.5077321309559e-11 1.35181343896562e-10 4.2901317276467e-09 4.90256268914635e-10 1.77333161488491e-09 3.62244784168908e-09 1.0333865985146e-10 3.17485882028734e-10
3.16718600235077e-09 1.12486128189815e-09 1.45062694079101e-09 3.35625178760068e-09 2.15560522764946e-09 1.68969540581543e-09 8.12916944870068e-10 8.73383712018949e-09 3.55621558867369e-09 1.56118540317607e-09 4.2475789663321e-09 2.82309049581819e-08 2.50210069330237e-09 2.48784216227982e-08 4.79662731756036e-10 1.79728398830292e-10 4.59833765509288e-09 8.43659020421939e-10 1.31793898017207e-10 5.2348858581297e-10 1.8052943584479e-10 1.31912070155948e-10 4.53186266291539e-11 1.01936670215963e-10 8.94235019366363e-11 4.6745571857798e-10 1.66089297870542e-10 5.38354028023491e-11 4.20215529040036e-11 3.29098304163722e-11 3.29222804573703e-10 7.75148389919877e-11 4.54728477095045e-11 4.47939463299463e-11 8.86528406240927e-11 9.80595271649065e-11 5.1375292908773e-11 4.83387019301063e-10 1.40649449864583e-09 7.07053404713776e-10 4.28881785641266e-10 3.45945152080418e-08 1.21249259521505e-09 3.98371668985931e-11 1.09869779940652e-11
6.29375368488283e-09 3.08411731708702e-09 5.19119921493783e-09 1.6790158929858e-09 1.42423980387107e-09 8.91192539764773e-09 1.08553240840692e-09 7.48809547701512e-10 1.45225296233065e-09 7.71626207374254e-11 5.49583500930595e-10 1.55122359402071e-10 8.18363432575353e-10 2.14714468427246e-10 9.51115097791444e-10 4.59041082923051e-10 2.69726422308381e-09 7.71595598525465e-10 1.11910980482577e-10 1.06400543931073e-10 1.29268801218885e-09 2.04755656874056e-11 8.39464497914832e-11 8.81782091788352e-11 3.27734728244877e-11 1.44861544981723e-10 5.92378146535566e-11 3.54730467222453e-10 5.65958935272448e-10 4.22874291139408e-10 7.16706127779077e-10 1.42302436501041e-10 3.23628235321394e-11 2.15793849456247e-10 1.22751830922141e-10 3.80463216487215e-10 2.79051781681972e-11 5.24166976489937e-10 1.26810206779737e-09 1.84114501422528e-11 3.66312524757717e-10 1.52360207783531e-09 8.82593254036834e-10 7.83169358253843e-09 1.58722934795463e-10
7.51647796226607e-09 2.19742662954658e-08 1.34472218582538e-08 1.19216820859691e-08 7.23352099329944e-09 1.62955668514542e-08 1.69783094028375e-08 2.40856428135316e-08 6.23890267004157e-08 7.04357894232288e-10 2.16468842850759e-11 6.90892232313445e-11 3.57476825918468e-11 5.08399955467809e-10 2.5899162814369e-10 4.52959141306053e-09 6.53280588513994e-09 2.2905321528377e-09 1.66356021180647e-09 5.4255543391335e-10 2.3999510156969e-10 3.51237261497772e-11 7.30270177662362e-11 1.70566216706192e-10 1.62043156670677e-11 8.82731998608222e-11 4.32744934331097e-09 1.67402126605154e-09 2.2321928527802e-09 1.08627206119039e-09 4.90068452485559e-10 1.55825718994862e-10 1.77647641042e-10 1.55087820363775e-10 1.14419029806356e-10 3.46342353685358e-09 5.45505252080858e-10 5.50274181776445e-10 3.05132275002507e-10 7.68175345555733e-10 3.29776961294215e-10 2.23913665386988e-11 8.00152477609117e-10 2.65005765331949e-08 6.92491064491207e-11
