Scripts_&_data/Maxent_result_files_2/B_inexspectatus_3.asc
NCOLS 594 
NROWS 330 
XLLCORNER -15 
YLLCORNER 23 
CELLSIZE 0.166666666666667 
NODATA_value -9999 
[rows 60 to 79 of 330, columns 270 to 314 of 594]
1.06010500378062e-10 1.0126535054944e-09 2.44282327699352e-10 1.95579308304161e-10 2.0132846501042e-10 3.18306492275156e-10 1.63889346538326e-11 1.05792907767466e-10 1.90595003113359e-09 1.16164744490277e-11 1.24270593815368e-12 1.94289029309402e-15 1.17794662912729e-13 3.64085996906738e-09 3.12983933214994e-08 1.17571785640536e-09 9.93293763906777e-08 5.56901739501292e-08 7.13295543630643e-08 5.66471961507276e-05 1.00211515907667e-07 1.25441909659685e-07 1.5871690514091e-07 1.28487993065196e-06 4.60711620076104e-08 1.13400720469503e-07 1.4950488782528e-07 2.18544430052869e-07 3.48397166671788e-09 3.65134799285016e-08 9.77132038737505e-07 5.19250963664231e-06 7.43144878967428e-11 7.41628980449605e-15 2.22044604925031e-17 1.04360964314765e-15 0 0 3.33066907387547e-17 3.75721675993645e-13 1.06137321154165e-14 4.44089209850063e-17 0 0 0
3.79837736819155e-09 1.08211838933947e-08 9.69932413275032e-09 3.43362560606408e-11 3.66037911092576e-10 1.68917990706063e-11 2.8305815691354e-09 1.95494339605418e-09 3.90559504737098e-09 1.22823262671545e-10 2.20522805571832e-09 8.94354902358785e-09 1.05746021494824e-08 1.44232975674008e-08 3.88469034717787e-11 3.00003355491185e-11 1.49977892327513e-09 4.05374859013818e-08 6.04308993328306e-06 5.5179294436658e-06 4.57220108196488e-07 3.54635376387247e-07 8.09342708742999e-06 3.39081915656791e-08 4.06202723679527e-09 8.14616565826043e-05 0.000166630438801008 7.76784387811702e-05 6.40560591091965e-07 9.05306475593726e-06 1.00003826390527e-05 1.39747737826212e-09 4.42978986825437e-15 1.53210777398272e-15 1.11022302462516e-16 0 0 0 0 0 0 0 0 0 0
5.87836335164127e-11 4.11687539614292e-10 2.09623580826879e-07 9.23776575234569e-09 1.20141901982507e-09 7.29484532779878e-09 1.42725217977535e-08 1.33472410346336e-08 1.52478109027854e-09 2.99520029889422e-09 1.99877153939099e-08 1.4005937949424e-07 1.19415439703285e-07 8.4364021657457e-09 1.18184280584188e-08 1.94370443296066e-08 7.64433218281013e-08 1.53560507332173e-07 1.81277815620717e-06 4.38445059935955e-07 5.66571878302113e-10 5.42014932936041e-10 1.3654777308858e-09 6.76218632200687e-09 5.03677999308394e-09 3.96286780612876e-08 3.81206791468136e-05 1.10453343071804e-07 1.2593934006766e-09 2.00987871901148e-09 8.68495175776474e-10 3.21631610233908e-14 9.99200722162641e-17 2.85660384236053e-14 7.76112507594462e-13 2.02060590481778e-15 0 0 0 2.22044604925031e-17 0 0 0 0 0
8.4352651530395e-10 5.46594214334561e-11 1.41186784485825e-10 1.27217000267521e-09 2.87437440515959e-10 3.50369888657553e-10 1.59974020697007e-09 3.13901664661387e-09 2.12250769182631e-09 5.74943881392897e-10 1.60926256764782e-09 9.7508992547013e-09 6.69125985841568e-08 1.77407841439603e-07 1.77481390883916e-07 3.28550222006285e-07 2.58386344542671e-09 1.78882286760995e-10 2.03715300184371e-08 1.30385169327951e-10 2.49812415198392e-10 1.60792948955546e-09 1.24484644814515e-10 1.37478994854945e-10 1.32717381529091e-10 6.41598255635145e-09 2.0711199422152e-10 2.25882412774325e-10 3.35809158258371e-13 5.14892128933297e-11 1.90571780578352e-11 3.83603371290064e-11 2.53908005731773e-13 0 0 1.11022302462516e-17 1.55431223447522e-16 3.33844063504785e-14 1.25122134875255e-14 5.55111512312578e-17 1.04360964314765e-15 1.11022302462516e-17 4.44089209850063e-17 0 4.44089209850063e-17
3.23580384709032e-11 5.15690823377213e-12 2.76302314361487e-12 2.9219848762807e-12 1.78912407111653e-10 9.78497172177129e-11 1.46100687103967e-11 9.9422692301232e-13 5.45222755832242e-12 1.04239558096353e-09 1.9198935896636e-08 3.06473359690251e-08 6.37884567389335e-10 9.14747509961345e-09 8.02942635713677e-09 7.4839637009827e-08 5.6247215773908e-10 3.29893899975175e-09 7.83360654121878e-10 4.55140235500195e-09 1.22922131251535e-08 8.27020985028071e-10 1.65565314902416e-08 1.25678945028795e-10 4.68950989152006e-11 6.04232844869657e-09 1.38245096481526e-09 1.49715955188867e-09 1.42156286742079e-12 2.73978950637854e-10 2.64585464648803e-11 2.75266553995124e-10 1.19159504485822e-10 3.89022147828655e-14 6.66133814775094e-16 5.55111512312578e-17 0 1.11022302462516e-17 1.11022302462516e-17 9.99200722162641e-17 6.66133814775094e-16 1.99840144432528e-16 6.76514400055339e-13 8.24673773713869e-11 1.84929849211812e-13
5.18011000760765e-10 4.17839651767338e-11 2.91409785191377e-11 1.31031485661737e-10 4.84289797153537e-10 6.31738616974076e-10 1.66264486622936e-09 1.03487318714457e-10 6.7728855857041e-11 6.00941263417809e-10 1.5502982719795e-08 5.79185448934538e-08 5.19522874720124e-09 1.04469967410203e-07 2.54960292721762e-05 -9999 0.000147395742685319 8.46164653522941e-07 2.82354511993432e-09 5.04255846411894e-08 1.92206400939643e-07 1.87773876669794e-08 5.12177522615787e-09 4.67585858920927e-10 9.47544330109906e-08 5.08002090393589e-09 1.60422441997099e-10 1.17276231947905e-08 1.12868821622314e-08 3.1164793856675e-09 1.01055180889986e-09 1.70492997497718e-10 3.51073681237324e-10 2.08207007190708e-11 2.31789032412166e-11 4.50639525695351e-13 2.04503081135954e-14 1.4210854715202e-15 1.11022302462516e-17 3.33066907387547e-17 0 0 1.2490009027033e-14 1.30340183090993e-14 1.86517468137026e-15
7.79856179633498e-11 3.82930842590667e-10 2.33401211691131e-09 2.59836308025285e-10 7.38550081091915e-09 4.44051032277848e-08 5.48358768948098e-08 2.39536071866553e-08 3.30494354106037e-10 1.45123927652868e-08 1.77830039027604e-08 2.16469931091368e-08 4.66094198792177e-09 1.76586708477977e-08 1.46213813279061e-09 -9999 -9999 -9999 3.59890336742996e-07 2.0844409065468e-08 5.38937949823293e-10 2.99219500288217e-09 1.3214566108033e-10 3.34052097095139e-10 2.13163954931872e-08 1.9456961908304e-08 1.34690200326304e-08 3.69149655288226e-10 1.45254935857153e-09 5.03650406935563e-09 2.05474101289127e-08 1.86536594948272e-08 5.01720331946842e-11 3.00412694720364e-11 2.81158429871198e-12 2.06660926149738e-09 5.04395858413886e-11 9.0840779343182e-12 0 1.4432899320127e-16 1.55431223447522e-16 1.11022302462516e-17 0 0 0
1.0781992854092e-09 2.1201962585593e-08 2.48396803348427e-08 2.08465300577387e-10 4.01579847153499e-10 7.81193688625947e-09 8.27065417263739e-09 9.64720414664555e-10 1.35886892849157e-08 4.42744681028451e-08 8.75918761322758e-07 5.35190316108824e-07 3.75772459537682e-07 9.79437182335729e-07 6.37625322874591e-08 2.98583415214715e-08 2.04765662126905e-05 -9999 -9999 -9999 0.0189085760467606 -9999 -9999 1.18169163454418e-08 1.42515769951945e-07 1.83733372405293e-08 3.5628985317615e-10 9.84940717874139e-10 6.82250289596453e-10 2.71663136430789e-10 1.23767623261273e-08 3.6655608648406e-07 2.16106895711832e-09 5.22669352243099e-11 3.95561361443697e-13 1.76779768601421e-10 1.09004361092957e-11 1.21014309684142e-14 3.06310532494081e-14 1.62805474590577e-07 4.5401676529444e-09 1.39330214032896e-11 1.11022302462516e-17 0 0
1.92393737608043e-09 6.3739702738097e-09 7.30126410553034e-08 2.25989680524563e-08 1.14349438029571e-08 5.32297940392112e-08 1.02550989844463e-07 2.59562036086791e-08 1.50190190506549e-08 4.1086058810702e-08 2.04882752097291e-08 6.89208448090284e-09 1.3335304938078e-07 2.58560426291687e-08 2.85477433914494e-09 6.9267420688135e-10 2.01905575591965e-09 1.79941340272549e-08 5.77024803993798e-07 -9999 -9999 -9999 -9999 -9999 -9999 -9999 -9999 0.00155308132851157 -9999 0.0130997563627943 3.77676154461604e-08 7.40407177346469e-08 2.94522647603657e-08 2.58842955958016e-09 1.15771356501426e-08 5.44012612735401e-11 7.02067892710545e-10 6.23943119393289e-12 1.60094160150948e-14 2.18713935851156e-15 1.77635683940025e-16 0 0 0 1.22124532708767e-16
1.30914127316473e-09 1.50431820333807e-09 2.8137345076118e-08 2.61009982038818e-07 2.07031978582961e-07 5.40593460662819e-08 4.35406169008168e-08 6.85322661730936e-08 9.38923653270862e-09 2.75100144553342e-08 1.77208015816888e-08 4.64919102216577e-08 4.05647271661813e-08 7.27814474910105e-08 4.81937484364536e-09 1.05887338897048e-09 3.05233730513166e-09 4.19689256681011e-09 2.55850490904486e-08 2.36118742447111e-08 4.64319758641807e-08 -9999 -9999 -9999 -9999 -9999 -9999 -9999 -9999 -9999 -9999 -9999 0.00621977871742274 0.000243830590130845 1.15767609932815e-06 3.03952928260021e-07 4.29903251075725e-07 3.33367634275383e-08 3.24413420571545e-09 3.8359686538314e-10 1.54779242755865e-09 1.01971711075066e-09 1.00485654574989e-08 8.06197775204964e-11 1.33457389583924e-10
8.84431301528821e-09 2.17588200790431e-08 2.5936650149827e-08 6.37685541182709e-07 3.15424439822909e-07 3.38543087209375e-06 4.38738331465238e-07 1.92605741577978e-08 2.17717471162615e-08 4.74472062750309e-09 3.02213956704378e-07 7.72699647555442e-07 1.33405736346681e-08 1.97825433811971e-10 5.02214247966037e-10 1.86273776403567e-09 3.8357971243741e-10 5.35112619770572e-09 1.73728538221951e-09 5.88686371205682e-08 1.19910110318866e-07 5.92429000745298e-08 1.5899928482721e-07 -9999 -9999 -9999 -9999 -9999 -9999 -9999 -9999 -9999 -9999 -9999 -9999 -9999 -9999 -9999 -9999 -9999 -9999 -9999 0.00314776140085087 0.00138394139473306 3.90651781134732e-07
4.23857281495188e-09 2.26861168739489e-09 6.52792766508981e-09 1.95282870874003e-08 1.16621362798108e-05 2.90793384870591e-06 2.39013512519648e-06 9.21443764512198e-08 8.45764769330515e-10 6.08568218041228e-10 1.47216696055885e-08 1.79755159090966e-08 1.32051850121329e-08 1.76203830415389e-09 3.38539141164773e-10 6.20022033714918e-10 2.80522917561754e-08 3.28300203134013e-08 7.8552839788415e-10 6.79627372157654e-09 6.24390086301219e-09 6.51525960959631e-09 1.12290345910537e-09 2.27980122446958e-08 1.27928179161074e-09 1.76677411922732e-08 8.22295937841222e-07 -9999 -9999 -9999 -9999 -9999 -9999 -9999 -9999 -9999 -9999 -9999 -9999 -9999 -9999 -9999 -9999 -9999 -9999
1.05432828023666e-09 2.28760455023291e-11 2.82016321406786e-10 2.32048258386186e-10 3.4597357867483e-09 1.30500177775161e-07 8.00406019363376e-07 2.72156630576337e-07 1.98953837071691e-08 1.83773970485745e-09 1.12821642472838e-08 2.43603576866036e-08 1.47107481751618e-09 1.25677090956344e-10 1.87437165788396e-10 8.19009385866209e-09 1.74285505361027e-08 2.49958393572225e-07 7.06010579776262e-08 2.96053409565289e-09 1.29900216361278e-08 4.48298103083999e-09 3.99562597452885e-09 5.5837439116857e-10 1.45984388355558e-08 1.69579475350901e-08 8.92854012946032e-10 9.94785198660253e-10 -9999 -9999 -9999 -9999 -9999 -9999 -9999 -9999 -9999 -9999 -9999 -9999 -9999 -9999 -9999 -9999 -9999
9.62951274274815e-11 1.07902509149937e-10 3.62105634366117e-10 1.15010923007475e-10 5.5925247544053e-09 2.9383550037565e-10 1.13194265072281e-10 8.34463118604134e-09 4.06508684491769e-09 2.05182998880282e-07 3.40364501018042e-06 1.08854044457152e-06 2.3671385200208e-06 3.52023028393766e-08 5.7830589650365e-09 3.89157561730968e-10 8.20890518671291e-08 3.15295319852638e-09 3.60772551832866e-09 2.52924620136596e-08 7.42225698679988e-09 1.97186589501186e-08 1.15914402376571e-07 3.9031152110347e-08 5.14181353050702e-10 1.42465794716884e-10 1.07945760108308e-09 2.13427401307698e-09 1.32945793340777e-07 -9999 -9999 -9999 -9999 -9999 -9999 -9999 -9999 -9999 -9999 -9999 -9999 -9999 -9999 -9999 -9999
2.62906008074992e-10 1.16397180782712e-10 6.90351001919609e-09 4.1854466004132e-09 1.52305053680024e-08 3.19070126653109e-08 2.57847232454367e-10 1.55673718360561e-10 7.5793825660142e-10 1.58875479439047e-10 1.19490157546309e-08 5.01179073797431e-09 7.74879896991987e-07 3.76537061153037e-07 5.64221162013823e-09 1.50831489298398e-08 1.29252855085582e-09 3.5408093146394e-08 7.31287768118705e-09 4.2657935406254e-09 1.64185490203472e-08 4.12950522665767e-08 1.18633788348532e-09 1.76861603140566e-10 8.27961954552592e-10 1.00099829536404e-09 1.44747682728763e-09 7.02772885774472e-08 -9999 -9999 -9999 -9999 -9999 -9999 -9999 -9999 -9999 -9999 -9999 -9999 -9999 -9999 -9999 -9999 -9999
2.70108557742788e-10 1.40152567329466e-10 9.65678814690563e-10 8.85284665574915e-09 4.50710651023201e-09 8.3492975866406e-10 1.18114751312959e-10 2.03763207418106e-09 2.53953886808489e-09 2.68037991801862e-10 2.81514789257642e-10 5.63557089883204e-10 8.83494433168153e-10 4.6549076393454e-08 2.11972832508955e-08 2.51032248943517e-07 4.65427810181218e-08 7.44529454754783e-08 9.46000902057875e-09 2.29410373586703e-08 9.35576205396416e-10 2.42054353227772e-09 1.30765761441332e-08 9.62002399962358e-10 6.61211152497287e-10 1.87761295400435e-09 3.62498229433683e-08 -9999 -9999 -9999 -9999 -9999 -9999 -9999 -9999 -9999 -9999 -9999 -9999 -9999 -9999 -9999 -9999 -9999 -9999
2.08267134649276e-09 4.51059912753848e-09 1.96066555213648e-09 2.79010301529325e-09 3.77914310956129e-10 7.66727070722339e-09 3.61422907824149e-08 9.4155459429146e-09 4.15688687915861e-09 5.40358424672149e-10 3.08895486966776e-10 1.23926989670231e-08 1.42531509927935e-09 1.40130569148411e-08 1.34704866261437e-08 3.91484189510294e-10 2.40052055344719e-08 2.89302072742359e-08 3.47440948678113e-08 1.71380669655719e-09 2.18479103364366e-08 8.61585615297145e-08 4.90132886499239e-09 1.12823007603069e-09 1.3895073647241e-09 3.08968691742351e-09 9.36086019809323e-09 -9999 -9999 -9999 -9999 -9999 -9999 -9999 -9999 -9999 -9999 -9999 -9999 -9999 -9999 -9999 -9999 -9999 -9999
7.0261675710892e-08 7.81660027038278e-08 4.2193308646965e-08 1.34161380005438e-08 1.86543552982421e-07 3.59586135978418e-08 4.37619085857932e-08 1.69204988165195e-07 6.03536546961436e-08 6.23058184401337e-07 5.28298772506375e-09 7.19975745688828e-11 1.4246299251397e-08 1.39648928865199e-08 3.64101626626478e-10 7.51521045394554e-10 2.83054490957113e-10 1.71573011353843e-10 3.72831826522813e-09 2.42914827142116e-08 6.41960648528617e-08 8.9687540305583e-08 2.93634662140718e-09 2.27632592775251e-09 4.826773492006e-09 4.20831809400113e-09 4.04800383213555e-09 8.09379610000605e-09 -9999 -9999 -9999 -9999 -9999 0.000807130571774906 1.8056199194838e-05 -9999 -9999 -9999 -9999 -9999 -9999 2.41093516162749e-05 7.15733106460004e-07 1.06456526729914e-05 0.283100944384932
1.92013356881127e-08 3.81931560822224e-08 3.63426395089128e-08 1.98300768250448e-08 3.46170458631612e-08 1.60145684491297e-09 6.11451567045229e-08 3.30930102210303e-08 8.75781571707535e-09 2.14198514481012e-09 4.83524180139305e-08 2.47215278137425e-08 5.81181835990208e-09 1.69846118280859e-08 3.81181031183786e-09 2.15273598946908e-10 2.40167297160809e-10 2.02979999475161e-10 4.34381497438352e-10 7.69167829428596e-10 1.36185206445205e-09 8.43324399202317e-10 4.76348763323031e-08 3.0432445119466e-09 3.57343951096212e-09 1.85522052165155e-09 6.90225657740129e-09 2.60040855515342e-09 1.00874656040473e-06 -9999 -9999 -9999 -9999 -9999 -9999 -9999 -9999 -9999 -9999 -9999 0.00352216195315123 1.51273733090984e-05 2.10663096170238e-05 1.42614835220156e-06 2.15187913598092e-06
1.52745672776788e-09 9.74169332979002e-09 3.46244158899722e-09 2.29207639979023e-08 3.05548285561841e-07 2.11188704191123e-08 3.57706835707461e-08 2.42623265922504e-09 2.58064255520551e-09 1.37118386311919e-08 7.31371013751314e-09 6.69621786908436e-09 1.67288703445401e-08 2.0324849692166e-09 2.64463228094591e-08 1.1850254111323e-09 6.58270182807286e-10 1.40850223706579e-09 5.50458323367309e-10 4.09684464131033e-10 7.18561787849126e-10 1.06143998923613e-08 5.87661411755036e-09 2.04252338376065e-09 7.13723415923795e-09 2.18710726196392e-09 1.35749457230716e-09 2.47169238409839e-09 1.26415963952464e-07 -9999 -9999 -9999 -9999 -9999 -9999 -9999 -9999 -9999 -9999 0.118815909139812 8.15850296911558e-05 1.14776491318969e-06 2.069502076818e-07 3.67199726081235e-07 2.78869578810292e-06
