Scripts_&_data/Maxent_result_files_2/B_inexspectatus_3.asc
NCOLS 594 
NROWS 330 
XLLCORNER -15 
YLLCORNER 23 
CELLSIZE 0.166666666666667 
NODATA_value -9999 
[rows 260 to 279 of 330, columns 450 to 494 of 594]
0 0 0 0 0 0 0 0 0 0 0 0 0 0 0 0 0 6.21724893790088e-16 3.89660925748103e-10 1.4126650316193e-08 2.10764938834984e-10 2.47678744180746e-10 1.17122960441307e-08 3.95317932833095e-09 9.80860594967936e-09 1.55241806076845e-09 2.18539255580907e-09 2.06972687877283e-09 2.56150688437984e-09 5.63926386698554e-09 1.05482869439122e-08 1.04808074552487e-08 1.75681459824162e-08 5.52283889732053e-09 3.7479304548782e-09 3.80544397104998e-09 1.53347620157618e-09 1.06780930764216e-09 1.30066443171373e-09 2.53315000087184e-09 3.50289732775622e-09 2.19060107831126e-09 8.7610736998478e-09 1.17927702159015e-08 6.93491053471718e-09
0 0 2.88657986402541e-16 0 0 0 0 0 0 0 0 0 0 0 0 0 2.22044604925031e-17 6.29605145796575e-11 1.83408843668076e-14 7.55506768257419e-14 2.6576563172398e-11 1.16506529423965e-08 4.08951988939421e-09 6.30537455581504e-09 1.09178604934534e-08 5.00277311799024e-09 1.20087701671601e-08 1.69845994713036e-08 1.7047839451223e-08 1.35512904897439e-08 8.75345363970936e-09 8.08897522297514e-09 1.20931694436166e-08 5.6830254946405e-09 8.47863053099473e-09 4.34520588399323e-09 2.43853921499948e-09 1.43942826547061e-09 1.92216880190443e-09 1.28327638515557e-09 7.56587337225056e-10 8.38423341864569e-10 4.61565186071766e-10 1.84104075318103e-09 1.13455176364852e-09
3.2763791679713e-13 2.22155627227494e-14 3.33066907387547e-17 1.55431223447522e-16 0 0 0 0 0 0 0 0 1.4432899320127e-15 6.43929354282591e-16 0 0 0 1.11022302462516e-17 3.11528580709819e-14 6.07134931218667e-10 3.34329757323282e-08 8.76971529839565e-09 6.21634400621574e-09 6.91940900132693e-09 9.16199109912697e-09 1.01616123737713e-08 4.83348815416562e-09 5.08233911622469e-09 4.33077850248154e-09 1.95460433394246e-09 2.3691515194102e-09 2.6555669663253e-09 2.928046782813e-09 4.80589954499067e-09 3.02475611224651e-09 4.04247126883917e-09 3.29829571432683e-09 4.5436870710347e-09 3.1536462552495e-09 2.38049071565882e-09 8.67759797351653e-10 9.02259034152309e-10 3.61893972566918e-09 3.81269892324454e-09 1.69169634967048e-09
9.2574836685344e-13 1.85851334322251e-14 3.3495428652941e-14 1.80270565142138e-10 1.05116138016115e-11 0 6.66133814775094e-17 0 0 0 0 0 0 0 0 9.5368157815301e-15 5.69299496433473e-11 7.94015522220803e-09 1.41193024605357e-08 1.22860656426305e-08 1.87797725481609e-08 3.85914087353001e-09 9.65585423839954e-09 1.51502044021257e-08 2.62298184283694e-09 1.00744572684164e-09 1.19586140989725e-09 1.48184814419139e-09 2.10543082967973e-09 6.00084255619748e-09 2.00434704389352e-09 1.84199827613085e-09 2.47267605280044e-09 7.07573923897087e-09 1.1618262951707e-08 1.11627073029474e-08 1.10718513801622e-08 6.26407631321158e-09 5.2118443893967e-09 4.77565395007318e-09 3.05003238221246e-09 1.27256321036384e-09 3.59429795926403e-09 6.94096125020138e-09 3.20894646410608e-09
3.33066907387547e-17 0 7.7715611723761e-16 5.35245514576843e-11 3.33066907387547e-17 4.01900734914307e-15 1.15463194561016e-15 0 0 0 0 0 0 0 0 1.97479810282175e-12 4.85433915287103e-11 1.44165140936181e-08 1.64520718382022e-08 8.06894440152917e-11 3.55918627903407e-12 8.96949314821427e-10 1.14717803811892e-08 1.1118001719268e-08 4.04420401611816e-09 5.54961360199613e-09 4.48431634048063e-09 3.04608958057173e-09 2.26919367740663e-09 4.41413411378377e-09 1.51209835763666e-09 4.61930986794812e-09 7.286726377842e-09 1.63607346559402e-08 8.36433466933073e-09 1.25182265442447e-08 1.24232770737365e-08 2.2598734994439e-09 1.61824301070368e-08 9.9206820203257e-09 1.02278689850799e-08 7.30755604916311e-09 4.56282766014837e-09 8.06266914343823e-09 2.07863993795243e-09
3.22819548870257e-13 8.88178419700125e-17 1.88737914186277e-16 1.59022794932184e-12 3.03634895004734e-13 8.40705283167154e-12 1.52232004779762e-11 5.07385577996899e-11 2.38364883387021e-14 0 0 0 0 0 0 0 1.09401376846563e-13 4.1870089617646e-10 5.1834346814772e-10 3.41363604050571e-12 6.34912711294788e-10 1.56480132074144e-08 7.39328712695553e-09 1.23259721318547e-09 7.97616854786298e-09 1.13737288476301e-08 8.13126702636779e-09 2.13148752981063e-08 2.32747568995606e-09 3.51494043870915e-09 7.97903777494113e-09 9.11375374057499e-09 1.24966497705437e-08 2.4894899808281e-09 2.88076992260855e-09 1.06565790636282e-08 1.2419451023149e-09 1.14207532320165e-12 1.27924772885812e-08 6.22202289690677e-13 2.8199664825479e-15 8.72261685103126e-10 6.16533382125084e-09 3.24320987843407e-09 1.21663160657093e-09
1.92654781017154e-12 8.11573031000989e-14 1.11022302462516e-15 1.33792976697578e-13 6.31694696551222e-13 7.74573738482331e-12 6.45932196619015e-12 6.15494322175891e-12 3.33066907387547e-17 0 0 0 0 0 0 0 0 1.33226762955019e-16 6.89704641176903e-09 1.03070921353421e-08 3.44913431149507e-11 4.01012556494607e-14 1.19111609464539e-11 3.34405059199128e-11 4.34513092173461e-11 3.50064421894558e-13 4.02588027359485e-09 2.2978269842433e-09 2.18578684041404e-09 1.71229011969309e-08 4.32157681862222e-09 9.15481169760923e-09 4.5198166320759e-10 7.8695938654505e-13 8.21754886359827e-12 9.06842013703724e-09 2.21046514425893e-12 8.38773495104306e-14 1.69864122767649e-15 4.74065231514942e-15 7.65094150256829e-09 3.2739023492212e-09 8.53841684023138e-09 1.06529989496451e-08 2.07402898189102e-09
0 0 1.0493828028757e-12 1.94986249368867e-12 3.9807046547935e-13 3.69708708092276e-12 1.91693327877829e-12 7.7715611723761e-17 0 0 0 0 0 0 2.22044604925031e-17 0 0 0 1.88737914186277e-16 0 0 3.33066907387547e-17 7.72167885187969e-12 8.83737527601625e-14 5.77315972805081e-14 5.05151476204446e-15 1.41112680096533e-08 2.83340061413284e-09 1.75426340121021e-12 1.16254783577574e-12 1.3667673659512e-10 9.32991850444154e-10 4.21540580219926e-13 1.18793863634892e-15 4.44089209850063e-16 1.38686506723218e-10 5.75539615965681e-14 0 2.1094237467878e-15 1.33726874018691e-10 5.57207633367085e-09 8.17152550069977e-09 3.49370430363649e-09 8.33868231131518e-09 8.3913443194028e-09
0 1.11022302462516e-15 3.25039994919507e-13 1.19027010470063e-13 6.48786580015326e-12 4.06836564437185e-11 2.39652742095586e-13 0 4.9960036108132e-16 0 0 1.55431223447522e-16 3.90465437760668e-13 9.99200722162641e-17 0 0 0 7.26085858104852e-15 0 1.11022302462516e-17 2.22044604925031e-17 3.33066907387547e-17 0 0 0 0 1.39025568834938e-11 1.83668646958068e-10 5.51577628016275e-10 1.95951699311081e-11 3.21964677141295e-16 1.11022302462516e-17 1.11022302462516e-17 0 0 0 0 0 1.48669965227555e-13 1.16393255700231e-08 3.93459883563097e-09 1.06443697744929e-08 8.76221438739222e-09 4.70373987537798e-09 3.37120564686266e-08
2.92752377895056e-11 6.32179864012983e-12 3.59201002275711e-11 1.21472831793312e-12 1.83607684611786e-11 4.29518642874882e-12 3.40207861881936e-12 1.80244708047894e-13 2.1218582446636e-13 6.95854485144309e-13 0 0 1.22124532708767e-16 0 0 1.55431223447522e-16 0 0 0 0 0 0 0 0 0 3.41948691584548e-15 4.66293670342566e-16 3.77697872977478e-14 0 0 0 0 0 0 0 0 0 0 1.54466439639123e-12 2.06358918841687e-10 3.44169137633799e-16 3.9088659753439e-09 1.34484769986898e-08 2.6429947119766e-11 4.48746062531313e-10
5.90275361922465e-10 2.66537680815304e-11 6.0782712196783e-12 2.08330686035652e-11 1.84383619483697e-12 1.35550459745559e-12 5.99008620483232e-12 1.37985178838562e-12 2.77120548730636e-12 4.29323243622548e-14 0 0 0 0 8.31557045444242e-15 2.76445533131664e-15 1.04360964314765e-15 7.40518757424979e-15 1.11022302462516e-16 0 4.2632564145606e-15 0 0 0 8.88178419700125e-17 0 3.33066907387547e-17 0 0 0 0 0 0 0 0 0 0 0 0 0 0 2.11498036861713e-09 2.01161309831832e-13 0 4.71919503475249e-11
2.73804137140843e-09 3.19137050119878e-11 2.63644772680038e-11 1.6465551144762e-11 2.10689243829165e-12 6.88027412820702e-13 3.02168290389204e-12 1.87705406773375e-12 2.31548114015823e-13 2.51243470472673e-14 1.20770060618725e-13 1.49880108324396e-15 3.33066907387547e-17 2.94841928649703e-13 1.58972834896076e-13 9.1926466438963e-14 1.31761268562514e-13 8.81539286012867e-13 5.62472290965843e-13 7.69884156426315e-13 2.30824248603767e-12 0 0 0 9.2370555648813e-15 2.22044604925031e-17 0 0 0 0 0 0 0 0 0 0 0 0 0 1.45439216225896e-15 4.44111414310555e-13 4.02494704232481e-12 1.11022302462516e-16 0 1.22124532708767e-16
2.45158782163912e-11 2.59533239344023e-10 1.35633504427801e-11 1.26110233367172e-13 1.0153211604802e-12 5.89739368450637e-13 1.51194612385552e-12 5.8830718074887e-13 1.26310073511604e-12 4.77384798358571e-13 3.46633832748466e-13 2.17414974912344e-13 1.07880371302826e-13 1.36923805627021e-13 3.15503179137977e-13 8.62754312436209e-14 5.97499827392767e-13 2.3046009545169e-13 4.04121180963557e-15 1.77635683940025e-16 0 0 0 0 0 0 0 0 5.55111512312578e-17 0 0 0 0 0 0 0 0 0 2.22044604925031e-17 0 0 0 0 0 1.38888900380607e-13
2.51078857704812e-10 1.33943489633026e-10 1.13258660228155e-09 5.19999032722041e-10 3.03945757451629e-13 8.10329581213409e-13 2.46681564064488e-12 8.93829454895467e-13 4.3390846471425e-13 3.56026319536795e-13 3.91253696108151e-13 9.40136857252583e-14 2.71654920780406e-12 3.14237524889904e-13 2.57160959193925e-13 1.5194290270415e-12 2.4980018054066e-15 1.22124532708767e-16 1.55431223447522e-16 1.33959510151271e-13 2.34812169708221e-14 1.28985711000951e-13 2.4757973449141e-15 0 0 0 3.1641356201817e-15 1.66866520601161e-13 1.48703271918293e-13 3.14959169855911e-13 5.77315972805081e-16 0 0 0 0 0 0 0 0 0 0 0 0 2.74225087082414e-14 0
1.22268408730974e-09 6.26172114159829e-11 1.55760515596626e-11 4.88082685379254e-11 5.33592681151163e-10 1.1595613358395e-12 7.40174588287346e-13 3.60145246958155e-13 8.20432610737498e-13 1.78901338188098e-13 1.15907283770866e-13 9.46243083888021e-14 9.86655201984377e-14 6.15618667154649e-14 7.88813458996174e-14 1.3908874052504e-13 6.44484465794903e-14 5.13367126586672e-14 7.85371767619836e-14 1.13242748511766e-13 1.74993353141417e-13 3.50730555709333e-13 3.35353966818275e-13 2.26799690139501e-12 1.82998061148965e-12 4.52279325102722e-12 4.1133763062362e-14 7.32081062437828e-14 3.36397576461422e-15 2.86992651865603e-14 0 0 0 0 0 0 0 0 0 0 0 1.96620497661115e-14 8.99946783761152e-14 0 0
8.22999901561872e-10 6.62101817816563e-11 1.15729203997716e-11 2.68501887390471e-12 2.67219579797029e-12 1.78720371835084e-12 7.36022354175248e-13 1.80788717329961e-13 9.68114477473137e-14 7.71605002114484e-14 1.15840670389389e-13 1.14619425062301e-13 7.50510764646606e-14 6.48037179473704e-14 5.41122702202301e-14 3.62931906749964e-14 2.63677968348475e-14 5.69433389330243e-14 9.57789403344123e-14 9.51239087498834e-14 1.18527410108982e-13 1.73305814143987e-13 3.24418270025717e-13 4.72011318919385e-13 4.31787938737216e-13 5.4634075041804e-13 7.22977233635902e-13 3.90498744451406e-13 1.28941302079966e-13 3.33788552353553e-13 4.21884749357559e-16 7.04991620636974e-15 0 2.61080046470852e-13 1.80966353013901e-15 0 0 0 0 0 2.58904009342586e-14 7.31170679557636e-13 8.32667268468867e-16 0 7.72715225139109e-15
4.65803617899496e-11 6.41688874258861e-09 5.37091704444492e-11 1.82155956984786e-11 2.26716423412654e-12 6.35291819151007e-13 7.27273796741201e-13 2.19790852185042e-13 1.18272058813318e-13 8.96394070082351e-14 9.23927601093055e-14 9.51128065196372e-14 6.66910970892332e-14 4.63185045873615e-14 2.57238674805649e-14 2.12940776123105e-14 3.3806291099836e-14 4.26880752968373e-14 4.67736960274578e-14 5.91637849822746e-14 8.33333402283643e-14 1.39144251676271e-13 2.0389245847241e-13 2.19968487868982e-13 2.1870283362091e-13 2.32758257112664e-13 3.19755333322291e-13 4.95697927149763e-12 4.74597028343737e-12 9.99200722162641e-17 0 0 1.55431223447522e-16 4.66293670342566e-16 0 1.55431223447522e-16 3.33066907387547e-16 6.66133814775094e-17 3.84692278032617e-14 1.82076576038526e-15 1.88737914186277e-16 2.93098878501041e-15 0 2.12696527057687e-13 2.12984074821065e-12
1.04930863997765e-10 1.0157494845231e-10 7.32577443152138e-11 7.1510353194526e-12 1.01921804329663e-12 4.46931380793103e-13 2.06601402652495e-13 8.17013123821653e-14 1.05793152016531e-13 8.62643290133747e-14 7.90589815835574e-14 6.78901379558283e-14 4.85500528668581e-14 2.89990254032091e-14 2.03836947321179e-14 1.2267964422108e-14 1.25011112572793e-14 1.77968750847413e-14 3.00870439673417e-14 5.82645043323282e-14 6.07958128284736e-14 1.00053298979219e-13 1.3052892100518e-13 1.54665169560531e-13 1.738609256563e-13 8.86790640919344e-12 7.45807859914294e-12 2.67315058977147e-12 3.1247227028075e-12 3.77586850675016e-13 6.7124084068837e-14 1.12132525487141e-15 0 2.46469511466785e-15 1.05537800720867e-13 2.44249065417534e-14 2.61901611509074e-14 1.52100554373646e-15 0 0 6.21458440264178e-13 0 1.9240165016754e-13 2.50821585723315e-13 4.50558479414553e-12
8.63938920403484e-12 1.22211130104688e-12 2.02260430626211e-12 8.41571257126361e-13 6.19249096445174e-13 2.55706567031666e-13 1.25566224085105e-13 1.93511873192165e-13 2.18502993476477e-13 7.93920484909449e-14 1.45572442988851e-13 5.99298388692659e-14 2.9787283750693e-14 1.84297022087776e-14 1.2712053631958e-14 1.14575016141316e-14 1.52766688188422e-14 2.73669975570101e-14 4.1133763062362e-14 6.47926157171241e-14 8.09574629556664e-14 9.15267861500979e-14 1.25877086532e-13 2.05191419411221e-13 1.32786004414243e-12 7.63867857855871e-12 6.5801475379601e-12 4.75752770512372e-13 1.12776454841423e-13 2.00317540333117e-13 2.74202882621921e-13 2.36818009646811e-11 9.08728647885937e-12 2.52290410784894e-12 2.05790939844519e-12 1.47919454462908e-12 1.54375401351103e-12 3.48876483258209e-13 2.88309376372808e-12 2.56572540990874e-13 5.88418203051333e-16 0 1.33226762955019e-16 2.22044604925031e-17 4.87035967111638e-12
1.84227078037225e-12 3.19744231092045e-13 2.88924439928451e-13 5.10180786505998e-13 1.9586554600437e-13 2.07145411934562e-13 1.92538207599569e-12 4.06764621985189e-12 9.37694366598407e-14 1.38200562105339e-13 2.44052555942176e-12 1.15429887870278e-12 3.10973469197506e-14 1.82520665248376e-14 1.52433621281034e-14 1.05249142734465e-14 1.85851334322251e-14 4.00679489587219e-14 8.15680856192103e-14 9.47686373820034e-14 8.96394070082351e-14 1.06126218923919e-13 1.42774680966795e-13 1.71918035363205e-13 1.12840736754549e-11 8.93747298391645e-12 3.50440787499906e-12 3.63731267327694e-13 3.29403171406284e-13 1.4738210651899e-13 1.25932597683232e-13 6.18457507428616e-12 3.52922135959943e-12 3.8246072975312e-13 1.55222501518892e-12 4.10849132492785e-13 3.33111316308532e-13 1.57055479732549e-12 1.37667655053519e-15 2.36696884314824e-11 0 0 3.11972669919669e-15 1.24122934153093e-13 5.84331694142293e-11
