Scripts_&_data/Maxent_result_files_2/B_jonellus_2.asc
NCOLS 594 
NROWS 330 
XLLCORNER -15 
YLLCORNER 23 
CELLSIZE 0.166666666666667 
NODATA_value -9999 
[rows 60 to 79 of 330, columns 450 to 494 of 594]
0.0141605967655778 0.0132091663777828 0.0121190817095339 0.0126302428543568 0.0122820418328047 0.0119188130833209 0.0122703909873962 0.0215403000824153 0.012693577632308 0.0184114627540112 0.0221895260736346 0.0142012366093695 0.0139975391328335 0.0140828017145395 0.013868997618556 0.0132446923293173 0.0124003704171628 0.0127172621432692 0.0140930583700538 0.0157843229360878 0.0166268166154623 0.0156911598518491 0.0154088041745126 0.0170950517058372 0.0192464359104633 0.0227377871051431 0.0251846686005592 0.0272666066884995 0.0255954075604677 0.0240314682014287 0.0222715176641941 0.0181683488190174 0.0152828378602862 0.0320777341723442 0.036784035526216 0.0462112635374069 0.0599634408950806 0.057895484380424 0.0534053284674883 0.0177886227145791 0.0107362588867545 0.00790419052354991 0.00640201005153358 0.00460206789430231 0.00368639330845326
0.0139269975014031 0.0128162253648043 0.0131471756845713 0.0130053015425801 0.0124494743533432 0.0127855136990547 0.0128190115094185 0.0134669562801719 0.0138377297669649 0.0141013789921999 0.0143225812353194 0.0141829807311296 0.0143585056066513 0.0144861853681505 0.0143018063157797 0.0142634484916925 0.0133221915923059 0.0142788836732507 0.0162086450494826 0.016446918528527 0.0159210837446153 0.0151532283984125 0.0153601460158825 0.0156412729993463 0.0168835083022714 0.0200561120174825 0.0211942658759654 0.0236507501453161 0.0259497755207121 0.0225451532751322 0.0196014128625393 0.015844763815403 0.0130237164907157 0.0217012444511056 0.0336887506768107 0.0622810596600175 0.0618667803704739 0.0318653739988804 0.0202111488208175 0.0131969335488975 0.0163538591004908 0.0115302982740104 0.00589312009979039 0.00446901083923876 0.00316896229051054
0.0134983234107494 0.014438271895051 0.00725019460078329 0.0136674812994897 0.0132100902497768 0.0131618714891374 0.0135754095390439 0.0140665674582124 0.0142503932118416 0.0140131290070713 0.0136732814833522 0.0134278288111091 0.0128501986153424 0.0284472009167075 0.0250122468918562 0.0212595713324845 0.00886812629178166 0.00924404300749302 0.014578998927027 0.0158954004757106 0.0164544688537717 0.0167244602926075 0.0195216028951108 0.0154118581674993 0.0302280517295003 0.0170135125517845 0.0196681682951748 0.0225836679339409 0.0212120843119919 0.0217363435775042 0.0194568566977978 0.0160113342106342 0.0156439048238099 0.0464678985998035 0.064694356918335 0.0670482378453016 0.0658777482807636 0.0407280312851071 0.0368171757087111 0.0211717078462243 0.0245200049132109 0.0124115533195436 0.00443374863825738 0.00366223573219031 0.00495535633526742
0.0135898326523602 0.0143793698400259 0.0139509074389935 0.0137905761599541 0.0137366911396384 0.0134601235389709 0.014364876318723 0.0149899793788791 0.014386990480125 0.0142151183448732 0.0142643593251705 0.0134369891136885 0.0125866011716425 0.0127723838202655 0.0134221352636814 0.01411950616166 0.0147979963570833 0.0157582558691502 0.0164318943396211 0.0169598182663321 0.0164849967695773 0.0173695527948439 0.0160410344600678 0.0142190861515701 0.016347885504365 0.0174111743457615 0.0187506952323019 0.0216971163637936 0.0244089219719172 0.0305768638849258 0.0328342074528336 0.018335083220154 0.0189899019896984 0.0357777567580342 0.043495112285018 0.023816154897213 0.0331108272075653 0.0252504430711269 0.0124711069278419 0.010938262520358 0.0227371488697827 0.0330219659954309 0.00865244306623936 0.00489341947250068 0.00389585697557777
0.0140566189773381 0.013679151237011 0.0137111010961235 0.0144376626238227 0.0147544829174876 0.014827432949096 0.0140903104096651 0.0137700834311545 0.0141442647203803 0.0139381432905793 0.0128675400279462 0.0119410814717412 0.0126624739728868 0.0135297193191946 0.0149181729182601 0.0156853343360126 0.0152925036847591 0.0150086509995162 0.0155375629663467 0.0163456256501377 0.0170176463201642 0.0136612366419286 0.0181370351463556 0.0192392921075225 0.0203276729211211 0.0222771227359772 0.0228150597773492 0.0283540649339557 0.0244469469413161 0.0263140028342605 0.0382030326873064 0.0883335765451193 0.0920038990676403 0.0250173633918166 0.0157085792161524 0.0214997845701873 0.0400221055373549 0.0325355840846896 0.0263711139559746 0.0144571994431317 0.0116382932290435 0.00922728613950312 0.0061723327729851 0.00566252388525754 0.00476964241825044
0.0128158427774906 0.0151961678639054 0.0158752308227122 0.0161385356448591 0.0150106146931648 0.0138914255425334 0.0148895570077002 0.0220795284025371 0.024163981154561 0.0135989123024046 0.0137842236086726 0.0154456235468388 0.0142592565156519 0.0153082433156669 0.0160899992100894 0.0157127322629094 0.0155143881216645 0.0139925902709365 0.0140266133472323 0.0141984953545034 0.0114031963516027 0.0129829661920667 0.015304902382195 0.0188593476079404 0.0223726841621101 0.0222112065181136 0.0224735680967569 0.0219881415367126 0.0196141511201859 0.0236860081553459 0.054707857966423 0.0676797095686197 0.0316457966342568 0.0218413503840566 0.0352590728551149 0.059513508155942 0.0872859362512827 0.0185667202807963 0.011727811768651 0.00611586244776845 0.00431072132196277 0.00398964970372617 0.00358192934654653 0.00330338669009507 0.00321338449139148
0.0172481412068009 0.0177402305416763 0.01606908692047 0.0149698281660676 0.0309161832556129 0.0429280268028378 0.0138695296831429 0.0210930053144693 0.0345064176246524 0.0250280255451798 0.0151003574952483 0.0149436544626951 0.0150021265260875 0.0154534965753555 0.0166509233415127 0.0169499853625894 0.0167999512515962 0.012401925213635 0.0249853425659239 0.0137095676735044 0.013695693667978 0.0149289111606777 0.017849846277386 0.0223251468501985 0.0246085125952959 0.0268851574510336 0.0286296444013715 0.0275069434195757 0.0328918887302279 0.0446258772164583 0.137803176045418 0.133840850740671 0.153296387195587 0.0840390343219042 0.0525775477290154 0.0212598547339439 0.0121381710283458 0.00624067992903292 0.00422528707422316 0.00313257733359933 0.00338019107002765 0.00340661166701466 0.00350784505717456 0.00376811183523387 0.00431700085755438
0.0147368120960891 0.0282524174079299 0.0364837396889925 0.0476139755919576 0.0542628172785044 0.035501392558217 0.0568005103617907 0.0392846470698714 0.0131237581372261 0.0124917994253337 0.0144913791678846 0.018631059024483 0.0530534632503986 0.0143830481916666 0.0190571353770792 0.0497824298217893 0.0210857521742582 0.0153784996829927 0.051788742095232 0.0221695061773062 0.0164937188848853 0.02123017385602 0.0293683968484402 0.0454844240099192 0.0744859520345926 0.105684067308903 0.113116910308599 0.173981812596321 0.130812688916922 0.0713392067700624 0.0677016455680132 0.0508600298315287 0.0235800174996257 0.0108792421407998 0.0240472649224103 0.00507909047883004 0.00361726209521294 0.00307553571183234 0.00188773501431569 0.00272100486326963 0.00272208291571587 0.00464591137133539 0.00312301565427333 0.00446536685340107 0.00276512196287513
0.0644839707762003 0.0502326834946871 0.0629092656075954 0.0393834406509995 0.0342875408008695 0.0223921716213226 0.0454099016264081 0.025592471472919 0.0562492743134499 0.0550892751663923 0.0164388781413436 0.016858169157058 0.0235904947854578 0.0388944793492556 0.0428085936233401 0.0129643563181162 0.00825057080946863 0.0114047000184655 0.0534535212442279 0.018413239903748 0.0321008646860719 0.0949025444686413 0.119916640967131 0.142525900900364 0.16219762340188 0.136505747586489 0.113922723382711 0.0384621504694223 0.0349472869187593 0.0608062051236629 0.0573899939656258 0.0380328165367246 0.0216113324277103 0.00945215215906501 0.00477043420542031 0.00947544639930129 0.008994769025594 0.0040416068630293 0.0264880678034388 0.00301008197711781 0.00338272075168788 0.00251770426984876 0.00239345456939191 0.00377437758725137 0.0201173014007509
0.0887530963867903 0.0107375124935061 0.00900324962567538 0.0059588011354208 0.0124022088479251 0.0155909260734916 0.0725227665156126 0.0672580849379301 0.0631692733615637 0.0654678426682949 0.0346677834168077 0.0335750890895724 0.0454417191445827 0.0418723238632083 0.0487294662743807 0.0493071213364601 0.017000777926296 0.0247172387316823 0.0285396583378315 0.0680809412151575 0.1052903868258 0.0978675786405802 0.0747722063213587 0.0410626357421279 0.0308750929310918 0.111702520400286 0.0384232183918357 0.050705860555172 0.0195456122048199 0.0185290666297078 0.012682428676635 0.014553586486727 0.0105585811194032 0.0251815209165215 0.0149641398340464 0.0156242991797626 0.023321196064353 0.00306968126678839 0.000660787674132735 0.00108211797196418 0.00464505525305867 0.0147311802022159 0.00408279222901911 0.0022266183164902 0.00271932908799499
0.00894757276400924 0.0142587000504136 0.0383589372038841 0.0257158014923334 0.0364440318197012 0.120509574562311 0.0615116387605667 0.0592916060239077 0.0610351525247097 0.068268321081996 0.011500711273402 0.0198882231488824 0.0289982849732041 0.0552014704793692 0.0215023289434612 0.0206033421680331 0.0223553416319191 0.0336257690563798 0.0799649212509394 0.0946690231561661 0.0677468966692686 0.0675458047538996 0.0942675709724426 0.0401427755132318 0.0108057781122625 0.042023266479373 0.0180116728879511 0.0257211240939796 0.0117215454112738 0.0259944021701813 0.0168396418914199 0.0182399678044021 0.0262595850974321 0.0171945243142545 0.0131557697895914 0.0135257243644446 0.00450121841859072 0.00397338645998388 0.00387104845140129 0.00640186695381999 0.00635751257650554 0.00836536376737058 0.00478312356863171 0.00282661450328305 0.00246474866289645
0.235394116956741 0.0163755881600082 0.0262318487279117 0.0726703975349665 0.045928299985826 0.0820983856916428 0.0929008316248655 0.0698319986462593 0.0674652148038149 0.0340323507785797 0.0364475259557366 0.0845338813960552 0.0445938488468528 0.0609971176832914 0.033643126860261 0.0308858947828412 0.0482287432998419 0.0604630883783102 0.0537708681076765 0.0803631439805031 0.051084578409791 0.115319988131523 0.10513704046607 0.0109465367626399 0.00689174528233707 0.0277388488873839 0.016377857979387 0.0405869657173753 0.0331067817285657 0.0322915280237794 0.0188715270720422 0.0174184273462743 0.0287053796462715 0.0179993226192892 0.00229637035517953 0.00460975966416299 0.0109299210831523 0.00966033958829939 0.00798920863308012 0.00823967787437141 0.00211974664125592 0.00605945501010865 0.00345832427265123 0.0017533864476718 0.00333089695777744
0.0139127323403955 0.0873874504119158 0.056485429033637 0.0836982849985361 0.0236448772251606 0.082576297223568 0.0759305231273174 0.0744138333946466 0.0762353576719761 0.163022584468126 0.096313015371561 0.067452060058713 0.0775152336806059 0.0593974564224482 0.0425484236329794 0.0683162376284599 0.0973734054714441 0.103750217333436 0.082883594930172 0.0619078166782856 0.0726402465254068 0.0498230258002877 0.0225840901955962 0.0366193829104304 0.0562294516712427 0.0567820213735104 0.0376701770350337 0.0354025047272444 0.0262371435761452 0.0317453836090863 0.00383244386175647 0.00301049252739176 0.003104431880638 0.00527656921185553 0.00310283686267212 0.00786218892317265 0.0117820694576949 0.0177509321831167 0.0169656366575509 0.00852011162787676 0.0113902662880719 0.00136002782383002 0.00282490036915988 0.0101692675612867 0.00936874388717115
0.1164166636765 0.102802097797394 0.0905063971877098 0.124436580389738 0.098259549587965 0.0878947634249926 0.0924452073872089 0.116609469056129 0.0696596801280975 0.0356921460479498 0.0811047546565533 0.118430545926094 0.144304605573416 0.0797540131956339 0.0861946295946836 0.0878435533493757 0.0805474724620581 0.0840728875249624 0.0885145954787731 0.0378579698503017 0.0403214728459716 0.0129825209733099 0.0460069971159101 0.0297272399067879 0.0296518868766725 0.0271530890837312 0.0104046904481947 0.0247777932323515 0.00988682806491852 0.00848632392007858 0.00440594016108662 0.00211651921854354 0.00512246384751052 0.00312962766038254 0.00274586112936959 0.00685617490671575 0.00575134744867682 0.00239500371972099 0.0043915557442233 0.00581953476648778 0.00550872178282589 0.00275385406566784 0.000927703775232658 0.00226670383708552 0.00479276485275477
0.182275454699993 0.122565581649542 0.144385322928429 0.114046466350555 0.0269353032112122 0.0432827496901155 0.0926390796899796 0.0875791296362877 0.0618229553103447 0.122274997830391 0.115293008834124 0.0900426708161831 0.0774460040032864 0.146313904970884 0.107501705735922 0.0745634205639362 0.0458569698035717 0.0467691732570529 0.0434391904622316 0.0174147505313158 0.0391091696918011 0.0354766542091966 0.0422427758574486 0.0380646780133247 0.0190821408294141 0.019487351551652 0.0217166543006897 0.0165141752921045 0.00503550921566784 0.00398377720266581 0.00278888838365674 0.00331846621120349 0.00270544118247926 0.00412971072364599 0.00750926756300032 0.0124906868673861 0.00323662052396685 0.0077635477297008 0.00266121362801641 0.00844129752367735 0.00120995634060819 0.00108583932742476 0.00124926913995296 0.00716439695097506 0.0077149891294539
0.131037803739309 0.0808480784296989 0.126621028780937 0.108336714655161 0.10701667740941 0.0420655105262995 0.0387746768072248 0.083339923620224 0.121141492575407 0.117342218011618 0.113871537894011 0.124021977931261 0.0850742384791374 0.0791398223489523 0.0275578027591109 0.0228309655562043 0.0196057070977986 0.0217537342570722 0.0313814645633101 0.0311902698129416 0.0363775813952088 0.0299762098118663 0.0273766634054482 0.0324748869985342 0.03709029648453 0.0382559910416603 0.0474063454195857 0.0420983479358256 0.0108774136286229 0.00296599683351815 0.00266057517146692 0.002523410145659 0.00320417614420876 0.00509694225620478 0.00762533179949969 0.0116527259815484 0.00970369670540094 0.00471680590417236 0.00196209116838872 0.000771287307725288 0.00121170456404798 0.00107066401396878 0.00174811036558822 0.00178588654380292 0.0138433658983558
0.132127990573645 0.103597620874643 0.1352743498981 0.133368876576424 0.111058900505304 0.1421127140522 0.0530348222702742 0.119864369183779 0.101249436661601 0.105698664486408 0.0842572901397944 0.0800678957253695 0.0553937884047627 0.0307803195901215 0.0223612761124969 0.0183216542936862 0.0255182201042771 0.0280326370149851 0.0536542065441608 0.0432998899370432 0.0477863302454352 0.0420347400009632 0.0292705466970801 0.0416443761438131 0.0433732921257615 0.0287465797737241 0.0312873987480998 0.0256585404276848 0.00839363867416978 0.0026314027258195 0.00294587408425286 0.00401259881909937 0.00564356383401901 0.0162816660478711 0.00286375874420628 0.00509614280890673 0.0144947563298047 0.00366813065484166 0.00174918005941436 0.00278060712153092 0.00121979655814357 0.00092843750026077 0.00125826540170237 0.00247359193162993 0.0204598372802138
0.0895047392696142 0.0857730109244585 0.137970717996359 0.090968694165349 0.0539875969290733 0.0517434142529964 0.09032844863832 0.0781693287193775 0.0901540905237198 0.0951645120978355 0.0534349750727415 0.124753317981958 0.0338098329491913 0.0182706973515451 0.0149858369491994 0.0226809125393629 0.0128166753333062 0.0218707285821438 0.028241787198931 0.0399378936737776 0.0417678730562329 0.0331985678523779 0.012285082321614 0.0147456435486674 0.0168405991047621 0.00289411211851984 0.00763556240126491 0.00439225716982037 0.0100854003336281 0.00336748019326478 0.0042931501287967 0.00621111092623323 0.0111537651624531 0.00630290003027767 0.0144146208651364 0.00490649731364101 0.00340678548673168 0.00305850674631074 0.0018353657796979 0.00179435206810012 0.000954083763645031 0.0025257223052904 0.00250477644149214 0.00126692110789008 0.00202548891538754
0.10441366173327 0.171212530136108 0.239920046925545 0.0860876597464085 0.0526780985295773 0.154269596934319 0.147459851950407 0.118502862751484 0.102258267998695 0.0687642835080624 0.103810900449753 0.0737487949430942 0.0273750834167004 0.0118330485653132 0.0165397048927844 0.0140381990931928 0.0195929168723524 0.0342911967076361 0.039645404741168 0.0580541368573904 0.0531306780874729 0.032286062091589 0.0308623936027288 0.0178957206197083 0.0183784357272089 0.00570045385975391 0.00576679350342602 0.00434656476136297 0.00108901243656874 0.000933127157622948 0.00121264897461515 0.00300229277927429 0.0021313417411875 0.00400045939022675 0.010928967082873 0.00624789192806929 0.00169852173421532 0.00142148556769826 0.000312089337967336 0.000292544229887426 0.000318911741487682 0.00117562771774828 0.00276035579154268 0.00426102869678289 0.00227314185467549
0.153560016304255 0.154114530980587 0.177399709820747 0.0974082171916962 0.127558094263077 0.137446891516447 0.117763118445873 0.112128710001707 0.12847483754158 0.0672275669872761 0.0539480186998844 0.0240423009730876 0.0105535056442022 0.00660085468553007 0.0142663217615336 0.0168451808393002 0.0182830258272588 0.036724878847599 0.0480454619973898 0.0357163241133094 0.0253793665207922 0.0212709097191691 0.0256035855039954 0.00502563894260675 0.0107702141627669 0.00360850989818573 0.0096634303452447 0.0035123510286212 0.00784872604999691 0.00159231357974932 0.000720958414603956 0.00288471537642181 0.00441334322094917 0.00432961874175817 0.00567922904156148 0.007871288433671 0.0030120545940008 0.0031163880135864 0.00106239171582274 0.00118829823331907 0.00062983462412376 0.00131747724954039 0.00112303476780653 0.00155604261090048 0.00229308458510786
