Scripts_&_data/Maxent_result_files_2/B_jonellus_2.asc
NCOLS 594 
NROWS 330 
XLLCORNER -15 
YLLCORNER 23 
CELLSIZE 0.166666666666667 
NODATA_value -9999 
[rows 280 to 299 of 330, columns 360 to 404 of 594]
5.90176230108597e-10 6.00571647968451e-10 4.62576588144969e-10 5.67225311165487e-10 5.19144172095309e-10 5.78278613883043e-10 1.62267104197866e-09 1.1619318174283e-09 2.01048978576424e-09 1.88354495334053e-09 1.06915637454463e-09 6.25034302093042e-10 2.67471924608742e-09 1.40409909255013e-09 1.67839103726308e-09 1.38746562017289e-09 1.00469518260482e-09 5.91043025632842e-10 5.03330765955212e-10 8.4708463576888e-10 1.01696421284103e-09 6.73296725040018e-09 8.75406491740449e-10 2.06584227502304e-10 2.80080025838458e-10 3.15543158269094e-10 2.86212498146199e-10 3.74810638081868e-10 6.54819198864232e-10 1.06254482767909e-08 7.34203283059287e-07 1.05165176364608e-05 1.13340545794927e-05 2.30187557463069e-05 4.13489401580591e-05 7.05733558788779e-05 9.90150318102678e-05 6.5448531677248e-05 3.77406761799648e-05 1.79488521098392e-05 5.26149262441322e-05 0.000100294126605149 5.48465357496752e-05 0.000111367010686081 1.81914901531854e-05
4.98749885835537e-10 4.69959848814483e-10 3.7555463183736e-10 3.73430952826936e-10 5.19331722070859e-10 5.80898862345691e-10 9.37199318151727e-10 3.29411714572458e-09 2.67031251555139e-09 1.49074319555353e-09 1.36732095645797e-09 1.24171842807996e-09 1.38878767375061e-09 2.08374035803871e-09 1.67188870525692e-09 1.00634243160869e-09 7.45354367115425e-10 5.40424083261826e-10 4.7671117053838e-10 3.95263644037414e-10 6.40007735697168e-10 8.54503012792662e-10 3.55885654279575e-10 2.9693283387644e-10 2.20327345257232e-10 1.88325288696944e-10 1.53276003000968e-10 2.95090607504989e-10 2.96255775467102e-10 1.67183585864095e-09 1.8776040988655e-07 4.56218372164585e-06 3.81567793965587e-06 7.73179046120731e-07 1.48778662605764e-05 4.73965303172008e-05 4.14940801420016e-05 6.10405435509165e-05 0.000192840243835235 5.03675724758068e-05 4.39847726738662e-05 4.96983788252692e-05 2.9185649327701e-05 2.57536768913269e-05 4.76791314213187e-05
5.72194336356802e-10 5.04161312697704e-10 4.38497949062366e-10 3.87395993062256e-10 5.37799782485138e-10 5.66724889239367e-10 6.65783428388522e-10 8.8845366619239e-10 1.00198076502522e-09 2.01845178349203e-09 1.23814682950751e-09 1.14560640973593e-09 7.93569276957839e-10 1.13013547409224e-09 9.53034218209581e-10 6.34645502817222e-10 5.58471613398837e-10 4.96373397940175e-10 4.54280479900149e-10 3.95439581080126e-10 1.01189842061089e-09 3.43125772239716e-10 6.5223801914982e-10 2.81130718704503e-10 2.56938237352955e-10 2.76731992876478e-10 4.5831338724156e-10 1.20203014208897e-10 1.78976644615858e-10 5.78721615074329e-10 4.33280974432293e-09 1.71357393607963e-08 5.32886735848948e-09 1.67186337884928e-08 9.86062827905698e-06 3.4730964944174e-05 5.49835263882414e-05 2.14202581446443e-05 0.00030477362597594 0.000201780672796303 0.000495158642297611 6.4633204965503e-05 9.37673190492205e-05 3.74167640984524e-05 5.67929747376184e-05
6.06478922637876e-10 5.48247791609668e-10 4.87579998598164e-10 4.65665628279766e-10 4.41441649901009e-10 4.09118772193295e-10 4.27028457039569e-10 6.29584306910402e-10 6.2475062900802e-10 6.29245222594221e-10 6.07194805546385e-10 5.45254319472832e-10 5.11108055878395e-10 5.6480302657036e-10 7.39734262733549e-10 1.41375625650753e-09 5.67325653122452e-10 5.08042441449419e-10 5.53936307934322e-10 3.87050902439512e-10 5.48369483155398e-10 1.42130133218288e-09 4.68395755515161e-10 3.75737163604839e-10 4.35674241128226e-10 3.01288183290893e-10 2.18547102637245e-10 1.00160280069872e-10 9.71721481057841e-11 2.10999318017713e-10 6.79149547710978e-10 1.90123435883649e-09 3.62906072970404e-09 3.18024344636569e-09 7.64589193069653e-09 1.41964836075204e-05 0.000163622295076493 2.51525204475911e-05 4.22950459324056e-05 0.000107341185866972 0.000310122077644337 0.000164514686912298 4.22938439442078e-05 0.000122405964066274 7.37486308935331e-05
5.45700717946573e-10 5.82143044880468e-10 5.49893863777129e-10 4.7510482215074e-10 4.36538227788219e-10 4.16765355559789e-10 4.53607473804851e-10 5.94554305788364e-10 5.95178073492519e-10 5.46072798091046e-10 5.82778536539763e-10 4.94037255549529e-10 4.85621931556324e-10 4.14386736036221e-10 6.55670062688074e-10 7.7227838568561e-10 1.35121555056017e-09 5.57807733336801e-10 6.96480395578902e-10 4.28269608665488e-10 4.91150287107445e-10 9.13074871267128e-10 5.80087966550735e-10 2.84808931994007e-10 3.27796212395981e-10 2.17211226782865e-10 1.91505278301918e-10 1.21303322941912e-10 1.80841930319531e-10 2.51678666796096e-10 3.54578133521244e-10 5.59867663341151e-10 2.67719796331889e-09 2.38340939207049e-09 3.31909218331816e-08 1.2982000134798e-05 1.20880422855407e-05 1.4164194726618e-05 2.56858680586447e-05 1.11263455664812e-05 8.58059567690361e-05 1.36941855544137e-05 1.1759360859287e-05 0.000212251039192779 1.83148544692813e-05
5.5571665047438e-10 5.97447424866004e-10 5.93256288539123e-10 5.33100397159814e-10 5.06967912095035e-10 4.89351703603091e-10 4.36443092777239e-10 5.30640731355447e-10 6.33164698449207e-10 6.08287586967293e-10 5.88293680436891e-10 5.72585512337298e-10 4.76887496159151e-10 5.52581025381471e-10 6.4530394361384e-10 6.35092523015857e-10 1.02706682048037e-09 4.17899459481674e-10 5.57223511776783e-10 1.29250242730805e-09 2.67364252959368e-10 2.52475718109935e-10 2.17802176294413e-10 5.11609665743151e-10 1.28168744506496e-09 7.68682306695467e-10 1.69408731487408e-10 1.48564793800432e-10 1.35690780833642e-10 1.81093950946121e-10 4.60949300951086e-10 5.73587544128173e-10 1.2089018341932e-09 2.47425684385405e-09 1.22865060792066e-08 2.72706248551913e-06 1.67083652513611e-07 5.24434747717351e-07 1.25780123880759e-06 2.12022750474716e-05 4.29817263466248e-05 0.000327857163210865 4.52806795692595e-05 0.000101794825604884 0.000246173436607933
6.65819877010421e-10 6.27962348787037e-10 6.10118711108498e-10 5.68696734148943e-10 5.60557933404482e-10 5.13713083183376e-10 4.51633264120233e-10 4.76712380681477e-10 6.18826712095455e-10 6.29322549627886e-10 6.0019559322555e-10 5.85481030324075e-10 5.75149849968426e-10 5.73385361413159e-10 6.47889675242652e-10 6.5223397793801e-10 5.17839082725402e-10 6.62481025592854e-10 4.14243461754893e-10 4.07796596491039e-10 4.83226081371413e-10 3.41429640116075e-10 2.4710363755176e-10 -9999 -9999 3.30548299842803e-10 1.68151503832092e-10 1.65295166443258e-10 1.74614522840955e-10 1.00821756499059e-09 1.70316380998514e-09 3.48801165728219e-10 7.15717474175648e-10 1.32487055770625e-09 1.98486126423703e-09 2.26038996409272e-09 2.72581781590731e-09 1.7410556063524e-08 4.19014019037434e-08 1.15193607257424e-06 1.76027583620453e-05 5.01727166920318e-05 8.45419815959758e-05 3.36618201799865e-05 2.82100607364555e-05
7.64283536458521e-10 6.54655063492271e-10 6.36285280020132e-10 6.034250543685e-10 5.75905345634453e-10 5.25862897671203e-10 4.447324619683e-10 4.86884799144605e-10 6.04045291563438e-10 6.20827922404032e-10 6.03615157857007e-10 5.96281279907629e-10 6.00837846143065e-10 5.92222715312118e-10 5.87722048805972e-10 6.11499051395015e-10 5.25311760757319e-10 4.36003422255027e-10 5.0230140047347e-10 4.14964629324999e-10 4.57491589056502e-10 2.43312869852019e-10 2.98692615086082e-10 2.04139497750333e-07 -9999 -9999 -9999 2.99485247712283e-10 -9999 -9999 -9999 2.28216179287699e-10 2.94013269286353e-10 1.56005164342332e-09 1.29461370512729e-09 1.18718562758247e-08 1.78746108581151e-08 8.37126902242247e-09 1.03790028349593e-08 5.79665547206787e-07 9.62748695201299e-06 1.06126244190818e-05 3.2366798404837e-05 9.62195688316569e-06 8.49789292090008e-07
8.98412189087594e-10 6.56415399813426e-10 6.12527917276395e-10 6.19009832281137e-10 5.85694359678257e-10 5.69734226463225e-10 5.51428003259247e-10 5.95218752064142e-10 5.86574899763548e-10 5.7180742363272e-10 6.4147263056924e-10 6.26192275809956e-10 5.64582869344577e-10 5.63221880245379e-10 5.2403590355965e-10 4.71066163854061e-10 4.58930338176344e-10 4.10419309648802e-10 5.06219355322912e-10 2.23799477838682e-09 -9999 -9999 -9999 -9999 -9999 -9999 -9999 -9999 -9999 -9999 -9999 2.67992735780709e-09 1.55694257486516e-10 2.36404296138915e-10 5.74737424319238e-10 1.74187304580187e-09 2.67283043475786e-09 6.02447941311368e-08 4.26229685324131e-08 4.34784890046558e-07 8.15523744677193e-05 2.94686211418593e-05 2.24146254367952e-05 3.38383938469633e-05 8.69588691898571e-07
8.81192119273067e-10 7.66810159813502e-10 6.60903454186013e-10 6.29747121116964e-10 6.50826781356528e-10 6.0106754018463e-10 6.14961948031123e-10 6.62791221905934e-10 6.02976624186624e-10 5.66653124423055e-10 5.68293012648269e-10 5.99574057069674e-10 5.85673942676834e-10 5.61876967175579e-10 5.39356026507676e-10 4.72673344908969e-10 3.90357113300155e-10 3.90430299201938e-10 3.01852709494455e-10 2.65990929282367e-10 -9999 -9999 -9999 -9999 -9999 -9999 -9999 -9999 -9999 -9999 -9999 -9999 2.94225621644273e-10 1.43857148415805e-10 2.32746866224431e-10 3.32266880676002e-10 1.15901991337708e-09 1.86320737727286e-09 2.041856195234e-08 1.62562705519065e-08 2.0033271482589e-06 0.000120364490430802 3.86513100238517e-05 4.96850097988499e-05 1.1215408994758e-05
8.55232462626532e-10 7.97928878526477e-10 7.59004126216212e-10 7.04202107737473e-10 7.06853930942941e-10 6.96281188261594e-10 7.17426995588966e-10 6.99563240669221e-10 6.90571588801703e-10 6.82310530297769e-10 6.83799283862641e-10 6.72923505806722e-10 6.56971077539481e-10 6.44220243817273e-10 5.61903212847881e-10 5.18798659587816e-10 3.81952247607842e-10 9.40169868623997e-09 5.47091619451656e-08 -9999 -9999 -9999 -9999 -9999 -9999 -9999 -9999 -9999 -9999 -9999 -9999 -9999 -9999 4.47822834370726e-10 1.33471589336409e-10 1.27595367604982e-10 3.0565314723674e-10 1.11515523482097e-09 2.50729939033079e-09 1.11482309606004e-08 2.05106926554066e-08 2.10502754498521e-06 0.000158405657930416 1.07787829620065e-05 1.12104351046582e-05
8.79966022271361e-10 8.78322770070383e-10 8.36385460889488e-10 7.51139328514228e-10 7.73356889638421e-10 7.48219874946443e-10 7.89440979254152e-10 7.81330067312069e-10 7.75633668403941e-10 7.72796526771202e-10 8.083553382221e-10 7.17587533838326e-10 6.45647735275645e-10 6.1875300438885e-10 6.05286820665185e-10 4.28630497761873e-10 5.32307931067066e-10 -9999 -9999 -9999 -9999 -9999 -9999 -9999 -9999 -9999 -9999 -9999 -9999 -9999 -9999 -9999 -9999 -9999 3.43600292662671e-10 1.41937595010688e-10 2.10660655586281e-10 6.92765789178651e-10 2.65371267182957e-09 2.60419454889416e-09 2.92576393112753e-09 7.11091907579231e-09 3.31484395701409e-06 2.61680807852827e-05 1.61168661918509e-06
8.83975970200623e-10 8.86364337482348e-10 8.37704228207059e-10 7.95445320722621e-10 7.99630583969702e-10 8.1809099494734e-10 8.47746828291918e-10 8.43048264531632e-10 8.37380742524374e-10 8.77135208909863e-10 8.27350699061924e-10 8.05625344213468e-10 7.15832226827473e-10 6.09425931941132e-10 5.12032560795461e-10 4.50002246576986e-10 2.78842460232909e-10 3.60490359785359e-10 2.30837742787315e-07 -9999 -9999 -9999 -9999 -9999 -9999 -9999 -9999 -9999 -9999 -9999 -9999 -9999 -9999 -9999 9.37642619103229e-10 3.53516915740926e-10 2.11984718667679e-10 3.37532735095181e-10 9.14549083574911e-08 1.49379838165764e-08 4.41309565557546e-09 1.72430743017316e-09 1.72386801500224e-08 8.55755110933387e-06 9.28030033264804e-06
9.39824040813164e-10 9.04392805090026e-10 9.34466748425677e-10 8.23376467007364e-10 8.40170455429501e-10 9.00587460161972e-10 9.33376009815134e-10 9.52116330221742e-10 9.47535350181994e-10 8.18353584897125e-10 9.31647103907807e-10 8.51996795336873e-10 8.01272781458806e-10 7.05694636060628e-10 5.25164545184254e-10 4.53450221815643e-10 3.39000716387261e-10 2.6463492508455e-10 4.50429538112473e-10 -9999 -9999 -9999 -9999 -9999 -9999 -9999 -9999 -9999 -9999 -9999 -9999 -9999 -9999 -9999 -9999 1.06191394566579e-09 1.54996560031151e-10 2.30228192066306e-10 5.23712535560605e-09 7.90675430684118e-09 7.32948323145521e-09 1.48733676486046e-09 9.51036193130861e-09 4.41718412957925e-06 6.32007056537987e-06
1.14693876618333e-09 1.09378111012859e-09 1.13080022012824e-09 1.04086684826754e-09 1.03703852172288e-09 1.011055172917e-09 9.87939285934658e-10 9.95478310894526e-10 9.05953212448907e-10 8.75086547669213e-10 8.72454275491208e-10 8.13588640902196e-10 7.57676332785451e-10 6.91003876340801e-10 5.47007861229076e-10 4.02359323636858e-10 2.83382528554199e-10 2.50859022443706e-10 2.49635734306253e-10 -9999 -9999 -9999 -9999 -9999 -9999 -9999 -9999 -9999 -9999 -9999 -9999 -9999 -9999 -9999 -9999 5.3447004488838e-09 2.20971785314106e-10 2.69454225598764e-10 3.05775584852341e-09 4.06044728951116e-09 9.28354437768064e-10 1.48443540792798e-09 4.47089507638054e-09 2.95610567135896e-07 4.67279146505462e-06
1.12373248484232e-09 1.26738813888139e-09 1.26848421766468e-09 1.12520354145218e-09 1.05603025213341e-09 1.04230770681113e-09 9.99145088886877e-10 9.27764787217455e-10 9.98241656002818e-10 9.53395129510426e-10 8.71387728640372e-10 8.08639999405614e-10 7.43828088012322e-10 6.38873243197224e-10 5.51220136202346e-10 4.19161050313477e-10 4.01068089850298e-10 2.89644386253229e-10 2.56437615586691e-10 1.23415166974894e-09 -9999 -9999 -9999 -9999 -9999 -9999 -9999 -9999 -9999 -9999 -9999 -9999 -9999 -9999 -9999 -9999 1.6288387572061e-08 1.94076943405008e-10 6.8216455040293e-09 7.87227611986907e-09 4.37589283697193e-09 1.90680200518045e-09 5.89903932368685e-09 8.88518916219994e-09 2.97016465644617e-08
1.01059685064797e-09 1.11116810197487e-09 1.27941720551306e-09 1.18821760208831e-09 9.67857349820633e-10 9.84828574246421e-10 9.70717806136889e-10 1.04479781493083e-09 9.8315632302004e-10 9.28411136857932e-10 8.7113429803054e-10 7.50710948960176e-10 6.85870260586086e-10 5.98738736368176e-10 5.20029108663778e-10 4.09062239636881e-10 4.00930910693376e-10 2.65657040809941e-10 2.03635508455591e-10 2.26155771887449e-10 -9999 -9999 -9999 -9999 -9999 -9999 -9999 -9999 -9999 -9999 -9999 -9999 -9999 -9999 -9999 -9999 -9999 1.87913506977111e-10 1.69969016639016e-10 1.10473751258056e-09 1.06594536419813e-08 1.09432474193483e-09 5.4789027426061e-09 4.79177802992226e-09 3.0700379016757e-09
7.6130923787332e-10 8.01621791168827e-10 1.1583222825351e-09 1.03256919681272e-09 9.29674848215711e-10 1.1859479842613e-09 8.75573535896734e-10 1.04191434369127e-09 9.72664837561865e-10 8.68027305589436e-10 8.05755417943033e-10 7.31218419147694e-10 6.18752848957627e-10 5.62887914057342e-10 4.82772277710097e-10 4.21220724966531e-10 3.72675357240837e-10 3.51415041510705e-10 2.94296531588856e-10 2.5288128258083e-10 2.18450901812162e-10 -9999 -9999 -9999 -9999 -9999 -9999 -9999 -9999 -9999 -9999 -9999 -9999 -9999 -9999 -9999 -9999 7.9757643822731e-10 1.3720555802621e-10 2.34426922318676e-10 2.19921469923889e-10 1.82604303899936e-09 7.98992261241693e-10 1.14782356952503e-09 5.47560349284382e-09
8.41903158299573e-10 7.80536724143133e-10 7.71735408910956e-10 8.55867476889927e-10 7.0762935511226e-10 7.78286024516461e-10 8.03705013652234e-10 9.28954113632585e-10 8.99508723062326e-10 8.05778233026189e-10 7.46611006352538e-10 6.75835365449018e-10 5.72079195126918e-10 5.10922193441843e-10 4.65695793039345e-10 4.16345757869863e-10 3.91592003268215e-10 4.01332411748001e-10 3.42745665182775e-10 2.39567665705209e-10 2.00348815315721e-10 -9999 -9999 -9999 -9999 -9999 -9999 -9999 -9999 -9999 -9999 -9999 -9999 -9999 -9999 -9999 -9999 -9999 2.0957674484734e-10 2.81692036363523e-10 2.5830173999708e-09 3.92918775293794e-10 9.47367206904914e-10 9.13969333549147e-10 1.19217534733096e-09
7.74329156350007e-10 9.70190250360048e-10 7.32133087488762e-10 5.06941033595609e-10 6.11155703822419e-10 8.06595268354471e-10 8.15798262276957e-10 8.08759825776662e-10 7.76642561373109e-10 7.09952852062656e-10 6.52520326660522e-10 6.11846395770499e-10 5.2877344725033e-10 4.70188366019642e-10 4.32793667570763e-10 3.91368892849187e-10 4.09491274222518e-10 3.72403441417646e-10 3.60822749456702e-10 2.77943612569942e-10 2.53601595279207e-10 7.62540712795357e-09 -9999 -9999 -9999 -9999 -9999 -9999 -9999 -9999 -9999 -9999 -9999 -9999 -9999 -9999 -9999 -9999 5.32219901483444e-10 5.54095802574039e-10 3.50123063874719e-10 3.6241382783686e-09 6.21292621794112e-09 1.04537569711738e-09 4.4169193857968e-10
