Scripts_&_data/Maxent_result_files_2/B_jonellus_3.asc
NCOLS 594 
NROWS 330 
XLLCORNER -15 
YLLCORNER 23 
CELLSIZE 0.166666666666667 
NODATA_value -9999 
[rows 280 to 299 of 330, columns 135 to 179 of 594]
0 0 0 0 0 0 0 0 0 0 0 2.22044604925031e-17 3.33066907387547e-17 5.55111512312578e-17 1.11022302462516e-16 2.1094237467878e-16 5.77315972805081e-16 1.34336985979644e-15 2.36477504245158e-15 2.57571741713036e-15 3.5527136788005e-15 4.52970994047064e-15 4.50750547997814e-15 4.07451850037432e-15 4.56301663120939e-15 4.25215418431435e-15 3.76365605347928e-15 4.46309655899313e-15 4.81836792687318e-15 5.00710584105946e-15 4.71844785465692e-15 4.91828799908944e-15 6.32827124036339e-15 8.04911692853238e-15 4.80726569662693e-15 1.02140518265514e-15 2.22044604925031e-16 2.33146835171283e-16 5.77315972805081e-16 9.10382880192628e-16 5.77315972805081e-16 2.22044604925031e-16 2.1094237467878e-16 2.1094237467878e-16 2.22044604925031e-16
0 0 0 0 0 0 0 0 0 0 2.22044604925031e-17 2.22044604925031e-17 4.44089209850063e-17 6.66133814775094e-17 1.4432899320127e-16 2.77555756156289e-16 6.77236045021345e-16 1.4432899320127e-15 2.8421709430404e-15 2.8199664825479e-15 3.63042929052426e-15 4.52970994047064e-15 4.15223411209809e-15 3.43058914609173e-15 5.79536418854332e-15 5.61772850460329e-15 4.14113188185183e-15 4.49640324973188e-15 3.8746783559418e-15 4.37427871702312e-15 5.92859095149834e-15 6.62803145701218e-15 1.02917674382752e-14 2.56905607898261e-14 1.60982338570648e-15 2.24265050974282e-15 2.33146835171283e-16 1.55431223447522e-16 3.21964677141295e-16 6.21724893790088e-16 1.55431223447522e-16 1.4432899320127e-16 9.99200722162641e-17 1.33226762955019e-16 1.4432899320127e-16
0 0 0 0 0 0 0 0 0 0 1.11022302462516e-17 2.22044604925031e-17 3.33066907387547e-17 7.7715611723761e-17 1.66533453693773e-16 3.21964677141295e-16 5.99520433297585e-16 1.49880108324396e-15 3.1863400806742e-15 4.38538094726937e-15 4.78506123613442e-15 5.82867087928207e-15 5.37347943918576e-15 4.44089209850063e-15 4.90718576884319e-15 5.7065463465733e-15 5.49560397189452e-15 7.49400541621981e-15 6.75015598972095e-15 4.71844785465692e-15 8.08242361927114e-15 1.38333788868294e-14 1.43218770176645e-14 1.45106149318508e-14 6.4170890823334e-15 3.33066907387547e-16 2.22044604925031e-16 1.22124532708767e-16 1.11022302462516e-16 6.66133814775094e-17 6.66133814775094e-17 9.99200722162641e-17 9.99200722162641e-17 9.99200722162641e-17 8.88178419700125e-17
0 0 0 0 0 0 0 0 0 0 1.11022302462516e-17 2.22044604925031e-17 3.33066907387547e-17 9.99200722162641e-17 1.77635683940025e-16 3.66373598126302e-16 7.54951656745106e-16 1.31006316905768e-15 2.80886425230165e-15 4.71844785465692e-15 5.07371922253697e-15 4.65183447317941e-15 4.57411886145565e-15 4.69624339416441e-15 4.2632564145606e-15 5.340172748447e-15 5.17363929475323e-15 7.26085858104852e-15 8.54871728961371e-15 8.35997937542743e-15 8.43769498715119e-15 7.89368570508486e-15 7.89368570508486e-15 8.65973959207622e-15 2.06501482580279e-15 1.99840144432528e-16 1.55431223447522e-16 8.88178419700125e-17 5.55111512312578e-17 7.7715611723761e-17 1.4432899320127e-16 1.11022302462516e-16 9.99200722162641e-17 1.77635683940025e-16 7.7715611723761e-17
0 0 0 0 0 0 0 0 0 0 2.22044604925031e-17 2.22044604925031e-17 4.44089209850063e-17 1.11022302462516e-16 1.66533453693773e-16 4.44089209850063e-16 8.43769498715119e-16 1.16573417585641e-15 2.24265050974282e-15 4.07451850037432e-15 4.04121180963557e-15 4.15223411209809e-15 4.38538094726937e-15 4.88498130835069e-15 4.9737991503207e-15 4.06341627012807e-15 4.57411886145565e-15 6.23945339839338e-15 7.28306304154103e-15 6.59472476627343e-15 5.82867087928207e-15 5.41788836017076e-15 4.66293670342566e-15 3.09752223870419e-15 2.17603712826531e-15 4.44089209850063e-16 2.1094237467878e-16 1.22124532708767e-16 5.55111512312578e-17 1.4432899320127e-16 1.55431223447522e-16 2.44249065417534e-16 2.44249065417534e-16 2.1094237467878e-16 9.99200722162641e-17
0 0 0 0 0 0 0 0 0 0 2.22044604925031e-17 2.22044604925031e-17 4.44089209850063e-17 5.55111512312578e-17 1.4432899320127e-16 3.66373598126302e-16 6.66133814775094e-16 1.56541446472147e-15 1.37667655053519e-15 2.16493489801906e-15 2.58681964737661e-15 3.84137166520304e-15 4.11892742135933e-15 3.63042929052426e-15 3.33066907387547e-15 3.31956684362922e-15 3.78586051397178e-15 4.09672296086683e-15 4.65183447317941e-15 4.49640324973188e-15 3.96349619791181e-15 3.48610029732299e-15 3.01980662698043e-15 2.20934381900406e-15 1.93178806284777e-15 9.10382880192628e-16 3.66373598126302e-16 3.10862446895044e-16 1.77635683940025e-16 1.88737914186277e-16 2.22044604925031e-16 3.88578058618805e-16 1.55431223447522e-16 1.4432899320127e-16 1.33226762955019e-16
0 0 0 0 0 0 0 0 0 1.11022302462516e-17 2.22044604925031e-17 2.22044604925031e-17 2.22044604925031e-17 5.55111512312578e-17 5.55111512312578e-17 1.77635683940025e-16 3.99680288865056e-16 9.10382880192628e-16 1.15463194561016e-15 1.4432899320127e-15 2.27595720048157e-15 3.1863400806742e-15 3.25295346215171e-15 3.35287353436797e-15 2.70894418008538e-15 2.67563748934663e-15 3.56381590904675e-15 3.65263375101676e-15 3.75255382323303e-15 3.47499806707674e-15 3.19744231092045e-15 2.8199664825479e-15 2.30926389122033e-15 1.65423230669148e-15 1.31006316905768e-15 9.32587340685132e-16 6.21724893790088e-16 4.55191440096314e-16 3.99680288865056e-16 4.44089209850063e-16 2.99760216648792e-16 3.10862446895044e-16 3.21964677141295e-16 3.5527136788005e-16 3.33066907387547e-16
0 0 0 0 0 0 0 0 1.11022302462516e-17 2.22044604925031e-17 3.33066907387547e-17 3.33066907387547e-17 3.33066907387547e-17 1.11022302462516e-16 1.11022302462516e-16 1.22124532708767e-16 1.99840144432528e-16 3.88578058618805e-16 7.88258347483861e-16 1.57651669496772e-15 2.05391259555654e-15 2.8199664825479e-15 3.08642000845794e-15 3.5527136788005e-15 3.38618022510673e-15 3.25295346215171e-15 2.95319324550292e-15 2.8643754035329e-15 3.03090885722668e-15 3.41948691584548e-15 3.07531777821168e-15 2.44249065417534e-15 2.06501482580279e-15 1.64313007644523e-15 1.54321000422897e-15 1.36557432028894e-15 1.0547118733939e-15 7.7715611723761e-16 7.32747196252603e-16 6.10622663543836e-16 3.33066907387547e-16 5.55111512312578e-16 6.43929354282591e-16 8.88178419700125e-16 5.55111512312578e-16
0 0 0 0 0 0 1.11022302462516e-17 1.11022302462516e-17 2.22044604925031e-17 2.22044604925031e-17 3.33066907387547e-17 4.44089209850063e-17 5.55111512312578e-17 1.22124532708767e-16 1.4432899320127e-16 1.4432899320127e-16 2.1094237467878e-16 3.44169137633799e-16 7.88258347483861e-16 1.64313007644523e-15 2.66453525910038e-15 3.25295346215171e-15 5.73985303731206e-15 4.2410519540681e-15 2.99760216648792e-15 2.30926389122033e-15 2.99760216648792e-15 2.8421709430404e-15 2.30926389122033e-15 2.37587727269783e-15 2.53130849614536e-15 2.39808173319034e-15 2.39808173319034e-15 1.7430501486615e-15 1.60982338570648e-15 1.64313007644523e-15 1.31006316905768e-15 1.02140518265514e-15 9.32587340685132e-16 7.32747196252603e-16 3.88578058618805e-16 1.26565424807268e-15 1.01030295240889e-15 5.6621374255883e-16 1.02140518265514e-15
0 0 0 0 0 1.11022302462516e-17 2.22044604925031e-17 2.22044604925031e-17 2.22044604925031e-17 3.33066907387547e-17 4.44089209850063e-17 7.7715611723761e-17 7.7715611723761e-17 1.4432899320127e-16 2.1094237467878e-16 1.99840144432528e-16 2.77555756156289e-16 3.21964677141295e-16 7.7715611723761e-16 1.68753899743024e-15 2.25375273998907e-15 4.39648317751562e-15 5.80646641878957e-15 4.36317648677686e-15 3.40838468559923e-15 3.04201108747293e-15 2.80886425230165e-15 2.25375273998907e-15 2.25375273998907e-15 2.4980018054066e-15 2.72004641033163e-15 2.4757973449141e-15 1.90958360235527e-15 1.69864122767649e-15 1.66533453693773e-15 1.54321000422897e-15 2.04281036531029e-15 2.06501482580279e-15 1.86517468137026e-15 1.4432899320127e-15 5.44009282066327e-16 1.09912079437891e-15 1.18793863634892e-15 8.77076189453874e-16 2.62012633811537e-15
0 1.11022302462516e-17 1.11022302462516e-17 2.22044604925031e-17 2.22044604925031e-17 2.22044604925031e-17 3.33066907387547e-17 3.33066907387547e-17 5.55111512312578e-17 5.55111512312578e-17 1.22124532708767e-16 1.4432899320127e-16 1.77635683940025e-16 1.99840144432528e-16 2.33146835171283e-16 2.66453525910038e-16 3.33066907387547e-16 1.0325074129014e-15 1.83186799063151e-15 2.02060590481778e-15 3.15303338993544e-15 2.02060590481778e-15 3.49720252756924e-15 3.5527136788005e-15 4.05231403988182e-15 2.89768209427166e-15 2.77555756156289e-15 3.01980662698043e-15 3.38618022510673e-15 2.99760216648792e-15 2.44249065417534e-15 2.07611705604904e-15 1.70974345792274e-15 1.64313007644523e-15 1.66533453693773e-15 2.44249065417534e-15 2.1094237467878e-15 1.31006316905768e-15 1.79856129989275e-15 1.53210777398272e-15 7.105427357601e-16 1.13242748511766e-15 1.0547118733939e-15 9.88098491916389e-16 2.22044604925031e-15
0 1.11022302462516e-17 2.22044604925031e-17 2.22044604925031e-17 3.33066907387547e-17 3.33066907387547e-17 3.33066907387547e-17 3.33066907387547e-17 5.55111512312578e-17 1.66533453693773e-16 1.66533453693773e-16 1.4432899320127e-16 1.88737914186277e-16 2.44249065417534e-16 3.21964677141295e-16 4.77395900588817e-16 9.54791801177635e-16 1.40998324127395e-15 2.20934381900406e-15 2.57571741713036e-15 2.03170813506404e-15 3.10862446895044e-15 3.70814490224802e-15 3.54161144855425e-15 4.37427871702312e-15 3.88578058618805e-15 3.2085445411667e-15 3.29736238313671e-15 3.09752223870419e-15 2.85327317328665e-15 2.52020626589911e-15 2.27595720048157e-15 2.05391259555654e-15 2.06501482580279e-15 1.90958360235527e-15 1.86517468137026e-15 1.64313007644523e-15 1.32116539930394e-15 1.19904086659517e-15 8.77076189453874e-16 5.32907051820075e-16 8.65973959207622e-16 1.06581410364015e-15 1.06581410364015e-15 2.39808173319034e-15
2.22044604925031e-17 2.22044604925031e-17 3.33066907387547e-17 3.33066907387547e-17 3.33066907387547e-17 3.33066907387547e-17 2.22044604925031e-17 3.33066907387547e-17 5.55111512312578e-17 1.22124532708767e-16 1.77635683940025e-16 2.1094237467878e-16 2.55351295663786e-16 5.99520433297585e-16 4.66293670342566e-16 5.99520433297585e-16 7.54951656745106e-16 8.54871728961371e-16 1.36557432028894e-15 1.95399252334028e-15 3.36397576461422e-15 2.19824158875781e-15 2.95319324550292e-15 3.48610029732299e-15 5.98410210272959e-15 3.56381590904675e-15 3.07531777821168e-15 2.91988655476416e-15 2.8643754035329e-15 2.50910403565285e-15 2.38697950294409e-15 2.53130849614536e-15 2.33146835171283e-15 2.1316282072803e-15 1.98729921407903e-15 1.95399252334028e-15 1.84297022087776e-15 1.60982338570648e-15 1.37667655053519e-15 7.99360577730113e-16 7.66053886991358e-16 5.32907051820075e-16 1.08801856413265e-15 1.11022302462516e-15 1.65423230669148e-15
2.22044604925031e-17 2.22044604925031e-17 2.22044604925031e-17 2.22044604925031e-17 3.33066907387547e-17 2.22044604925031e-17 3.33066907387547e-17 3.33066907387547e-17 3.33066907387547e-17 7.7715611723761e-17 2.1094237467878e-16 3.21964677141295e-16 3.99680288865056e-16 5.21804821573824e-16 4.77395900588817e-16 7.7715611723761e-16 8.54871728961371e-16 9.88098491916389e-16 1.16573417585641e-15 1.75415237890775e-15 2.85327317328665e-15 2.19824158875781e-15 3.63042929052426e-15 3.9190872769268e-15 3.8968828164343e-15 3.63042929052426e-15 2.8199664825479e-15 2.35367281220533e-15 2.18713935851156e-15 2.03170813506404e-15 2.57571741713036e-15 2.60902410786912e-15 2.29816166097407e-15 1.96509475358653e-15 1.68753899743024e-15 2.4980018054066e-15 2.44249065417534e-15 2.12052597703405e-15 1.17683640610267e-15 1.04360964314765e-15 1.64313007644523e-15 6.99440505513849e-16 7.21644966006352e-16 1.7874590696465e-15 9.54791801177635e-16
2.22044604925031e-17 2.22044604925031e-17 2.22044604925031e-17 2.22044604925031e-17 3.33066907387547e-17 3.33066907387547e-17 5.55111512312578e-17 7.7715611723761e-17 5.55111512312578e-17 1.22124532708767e-16 2.99760216648792e-16 3.77475828372553e-16 4.88498130835069e-16 7.32747196252603e-16 7.43849426498855e-16 7.88258347483861e-16 8.88178419700125e-16 9.88098491916389e-16 1.18793863634892e-15 1.80966353013901e-15 1.95399252334028e-15 2.16493489801906e-15 2.52020626589911e-15 2.27595720048157e-15 2.27595720048157e-15 3.73034936274053e-15 3.66373598126302e-15 2.68673971959288e-15 2.06501482580279e-15 2.1316282072803e-15 2.1316282072803e-15 2.00950367457153e-15 1.83186799063151e-15 1.69864122767649e-15 1.49880108324396e-15 1.49880108324396e-15 2.78665979180914e-15 2.20934381900406e-15 3.03090885722668e-15 1.68753899743024e-15 7.7715611723761e-16 2.27595720048157e-15 6.10622663543836e-16 1.13242748511766e-15 3.34177130412172e-15
2.22044604925031e-17 3.33066907387547e-17 6.66133814775094e-17 5.55111512312578e-17 9.99200722162641e-17 7.7715611723761e-17 8.88178419700125e-17 9.99200722162641e-17 9.99200722162641e-17 1.4432899320127e-16 3.66373598126302e-16 4.10782519111308e-16 5.44009282066327e-16 7.88258347483861e-16 8.54871728961371e-16 1.06581410364015e-15 6.55031584528842e-16 9.76996261670138e-16 7.66053886991358e-16 9.65894031423886e-16 1.37667655053519e-15 1.31006316905768e-15 8.65973959207622e-16 7.21644966006352e-16 1.4432899320127e-15 2.42028619368284e-15 1.68753899743024e-15 1.01030295240889e-15 7.99360577730113e-16 9.76996261670138e-16 9.54791801177635e-16 1.14352971536391e-15 1.0769163338864e-15 1.11022302462516e-15 1.17683640610267e-15 1.24344978758018e-15 1.21014309684142e-15 2.19824158875781e-15 1.3988810110277e-15 1.13242748511766e-15 1.65423230669148e-15 1.57651669496772e-15 1.14352971536391e-15 1.15463194561016e-15 3.24185123190546e-15
3.33066907387547e-17 5.55111512312578e-17 5.55111512312578e-17 6.66133814775094e-17 7.7715611723761e-17 7.7715611723761e-17 8.88178419700125e-17 8.88178419700125e-17 9.99200722162641e-17 2.22044604925031e-16 3.44169137633799e-16 4.77395900588817e-16 5.32907051820075e-16 1.11022302462516e-15 5.6621374255883e-16 6.10622663543836e-16 5.99520433297585e-16 7.21644966006352e-16 6.66133814775094e-16 6.99440505513849e-16 6.43929354282591e-16 7.66053886991358e-16 9.54791801177635e-16 6.10622663543836e-16 3.33066907387547e-16 2.77555756156289e-16 2.66453525910038e-16 2.1094237467878e-16 3.88578058618805e-16 4.21884749357559e-16 3.66373598126302e-16 5.6621374255883e-16 5.32907051820075e-16 5.77315972805081e-16 7.21644966006352e-16 7.66053886991358e-16 1.06581410364015e-15 1.52100554373646e-15 1.64313007644523e-15 2.89768209427166e-15 8.21565038222616e-16 1.21014309684142e-15 1.62092561595273e-15 1.68753899743024e-15 1.63202784619898e-15
3.33066907387547e-17 6.66133814775094e-17 3.33066907387547e-17 2.22044604925031e-17 3.33066907387547e-17 3.33066907387547e-17 5.55111512312578e-17 7.7715611723761e-17 5.55111512312578e-17 8.88178419700125e-17 8.88178419700125e-17 1.55431223447522e-16 1.77635683940025e-16 1.99840144432528e-16 3.10862446895044e-16 3.88578058618805e-16 4.9960036108132e-16 4.9960036108132e-16 4.77395900588817e-16 4.66293670342566e-16 5.32907051820075e-16 6.32827124036339e-16 8.10462807976364e-16 6.43929354282591e-16 3.21964677141295e-16 2.99760216648792e-16 1.77635683940025e-16 1.33226762955019e-16 8.88178419700125e-17 8.88178419700125e-17 6.66133814775094e-17 8.88178419700125e-17 3.10862446895044e-16 4.66293670342566e-16 4.9960036108132e-16 4.55191440096314e-16 4.32986979603811e-16 5.21804821573824e-16 1.58761892521397e-15 1.26565424807268e-15 9.43689570931383e-16 1.21014309684142e-15 1.01030295240889e-15 9.2148511043888e-16 8.99280649946377e-16
1.11022302462516e-17 1.11022302462516e-17 2.22044604925031e-17 3.33066907387547e-17 4.44089209850063e-17 4.44089209850063e-17 5.55111512312578e-17 5.55111512312578e-17 7.7715611723761e-17 1.11022302462516e-16 1.55431223447522e-16 1.55431223447522e-16 1.88737914186277e-16 1.77635683940025e-16 1.55431223447522e-16 1.77635683940025e-16 1.77635683940025e-16 2.1094237467878e-16 2.99760216648792e-16 3.77475828372553e-16 4.77395900588817e-16 5.44009282066327e-16 6.21724893790088e-16 5.10702591327572e-16 2.77555756156289e-16 2.1094237467878e-16 2.77555756156289e-16 2.1094237467878e-16 1.77635683940025e-16 1.4432899320127e-16 7.7715611723761e-17 1.55431223447522e-16 2.1094237467878e-16 2.44249065417534e-16 2.99760216648792e-16 3.77475828372553e-16 2.99760216648792e-16 4.32986979603811e-16 2.22044604925031e-15 1.55431223447522e-15 7.99360577730113e-16 6.55031584528842e-16 8.10462807976364e-16 4.9960036108132e-16 4.32986979603811e-16
2.22044604925031e-17 2.22044604925031e-17 3.33066907387547e-17 4.44089209850063e-17 4.44089209850063e-17 3.33066907387547e-17 3.33066907387547e-17 4.44089209850063e-17 5.55111512312578e-17 5.55111512312578e-17 8.88178419700125e-17 8.88178419700125e-17 1.22124532708767e-16 7.7715611723761e-17 8.88178419700125e-17 1.4432899320127e-16 1.4432899320127e-16 2.1094237467878e-16 2.66453525910038e-16 2.66453525910038e-16 2.66453525910038e-16 2.66453525910038e-16 2.77555756156289e-16 2.55351295663786e-16 2.66453525910038e-16 2.44249065417534e-16 2.22044604925031e-16 1.55431223447522e-16 1.33226762955019e-16 1.11022302462516e-16 8.88178419700125e-17 9.99200722162641e-17 1.88737914186277e-16 3.10862446895044e-16 2.99760216648792e-16 3.77475828372553e-16 3.88578058618805e-16 3.77475828372553e-16 1.01030295240889e-15 1.12132525487141e-15 7.54951656745106e-16 6.77236045021345e-16 6.55031584528842e-16 6.10622663543836e-16 6.43929354282591e-16
