Scripts_&_data/Maxent_result_files_2/B_jonellus_2.asc
NCOLS 594 
NROWS 330 
XLLCORNER -15 
YLLCORNER 23 
CELLSIZE 0.166666666666667 
NODATA_value -9999 
[rows 220 to 239 of 330, columns 495 to 539 of 594]
7.09688997631019e-06 1.88741973033757e-05 3.68663824701798e-05 4.34736441093264e-05 4.47638900368474e-05 8.89470313268248e-05 8.17780477518681e-05 0.000102284643799067 4.96486532938434e-05 6.94570169798681e-05 0.0001192054925923 0.000162142780027352 0.000108376952266553 0.0036226493306458 0.0249713090248406 0.0131661275401711 0.0160613576881588 0.0165722593665123 0.012584261642769 0.0197408555075526 0.0195361576043069 0.0117932541295886 0.00417469798121601 0.00165205842349678 0.00154866848606616 0.000693371510715224 0.000718414722359739 0.000479492815793492 0.000562045845435932 0.0123023063875735 0.065162080898881 0.149122708290815 0.0705049775540829 0.0949038319289684 0.151624382287264 0.147126569598913 0.0266893189400434 0.0133991088718176 0.00367640004260465 0.00938706272281706 0.00388130464125425 0.00203181313117966 0.00061840696434956 0.000351566506287782 0.000476632712525316
3.65170490113087e-05 2.9190812165325e-05 4.13791036407929e-05 4.62633381175692e-05 6.35019332548836e-05 7.26531747204717e-05 5.269862813293e-05 3.10610397718847e-05 7.1174455115397e-06 3.44826621585526e-05 3.80262221369776e-05 6.40581642073812e-05 0.000225286046770634 0.00128561325836927 0.0131123633123934 0.0126016285270452 0.00707093328237534 0.00838105268776417 0.0153437801636755 0.0127803489100188 0.00342047717422247 0.00130007311236113 0.00050585235003382 0.00030605155043304 0.000199690701265354 0.000166178303334164 7.94141096776002e-05 7.38047503546113e-05 0.000275806027639192 0.000769528828095645 0.000887538451934233 0.00188377365702763 0.00330371430609375 0.00603360184468329 0.0558075774461031 0.126118184626102 0.0969220153987408 0.0168601441197097 0.00476443255320191 0.00825956903863698 0.0021699437929783 0.0015508707088884 0.00111259538971353 0.000963049157871865 0.000721763007459231
7.23392167856218e-05 4.54115863249172e-05 4.13650044720271e-05 2.94741708785296e-05 4.50317805871237e-06 9.36594360609888e-06 1.47041266245651e-05 2.9400618359432e-06 6.2637654991704e-06 1.19580507998762e-05 3.04090437566629e-05 6.129192042863e-05 0.000194434919103514 0.00051718064059969 0.000757290067849681 0.00457155136391521 0.0299333836883307 0.0135152756236494 0.00078146556916181 0.000172889518580632 0.000176038581412286 0.000111921498682932 1.67215560168188e-05 3.94369219975488e-05 3.47686667737435e-05 2.20281553083623e-05 3.18830123433145e-05 3.62027799383213e-05 4.91548084028182e-05 0.000106684498678078 0.000221706744196126 0.000556250469526276 0.00128823551349342 0.00233173592714593 0.0142955281771719 0.0223887687548995 0.119410745054483 0.0785856015980244 0.0560517746955156 0.00499424666631967 0.00254915438126773 0.00209512764122337 0.00156184345833026 0.00139836506568827 0.000732546747894958
4.32638382790174e-06 7.58143909479259e-05 2.76157625194173e-05 4.99108452913788e-06 9.87371804512804e-06 5.05250704918581e-06 5.4766540415585e-06 5.06534274791193e-06 3.96233480159935e-06 5.01459395536585e-06 1.73696289493819e-05 7.00015156326117e-05 0.000563601640169509 0.00537377344444394 0.0144138389267027 0.0345858422107995 0.00542882420122623 0.000660354259889573 0.00010705434542615 4.41864050117147e-05 1.84309702945029e-05 1.45964060948245e-05 2.17150104617758e-05 2.57364470144239e-05 2.59696488228656e-05 1.78190086899122e-05 1.29034668134409e-05 3.18994070767076e-05 5.62215135687438e-05 0.000199717013310874 0.00030377975635929 0.00028321057325229 0.000531310896622017 0.00156120249885134 0.00427483911626041 0.00637734141200781 0.0529355317354202 0.0951286911964417 0.0162062338553369 0.00661065285094082 0.0076680070720613 0.00622641607187688 0.000288692105095834 0.000222599246626487 0.000177227051608497
2.45043995164451e-05 4.73287420390989e-05 4.32819647357974e-06 6.00197226958699e-06 3.98801292931239e-06 3.45241448940214e-06 7.4907986117978e-06 1.1632921268756e-05 3.71047533462843e-06 1.207879249705e-05 4.70684867650561e-06 0.000159133537090383 0.00049960300384555 0.00349252474261448 0.00160529552376829 0.00033054263330996 2.04645632948086e-05 1.14062646503044e-05 1.9443209612291e-05 1.29861848108703e-05 2.30379646382062e-05 2.30863732440412e-05 1.54575115402622e-05 1.14623012905213e-05 1.63128149097247e-05 2.27699333890996e-05 1.60525233923181e-05 3.20875300076295e-05 0.000105367041396676 0.000129198415379506 0.000828471663407981 0.00107779756654054 0.00255328074563295 0.00196769926697016 0.0489738993346691 0.0610167685896158 0.0385076444596052 0.0771801203489304 0.022516514454037 0.00531602315604687 0.002556513028685 0.00411103337537497 0.0059825642965734 0.000529694245778955 0.000363299180753529
6.92148973030271e-05 1.86196502909297e-05 4.9364487836101e-06 5.02539195395002e-06 4.34907544786256e-06 3.97402967564631e-06 5.82311852213024e-06 2.3322764900513e-05 5.80816479214263e-06 1.19409455692221e-05 1.23742484447575e-05 5.87706519581843e-05 0.000144618232297944 1.69839340742328e-05 1.68399732956459e-05 6.98177902904717e-06 7.98742046299594e-06 2.10671811146312e-05 3.21787727443734e-05 2.35947103192302e-05 4.04460367917636e-05 3.85624405225826e-05 2.90287691314006e-05 2.77694195119693e-05 4.7499959327979e-05 4.6230390034907e-05 9.29986383198411e-05 9.55013911152491e-05 0.000297428482735995 0.000422785965201911 0.000767818893655203 0.00434276172891259 0.00272760590305552 0.0414074707776308 0.0476714864373207 0.0710937790572643 0.0849416524171829 0.0444488581269979 0.00432390205096453 0.0079363658092916 0.00193936888244934 0.00144869663054124 0.00180749109131284 0.00182459253119305 0.000263609833200462
0.000151002472557593 1.84196956070082e-05 1.64008931278659e-05 5.35145118192304e-06 4.79279727869653e-06 4.69364791797489e-06 4.13076875247498e-06 1.90224929610849e-05 1.78999093805032e-05 2.73183548415545e-05 3.47144272382138e-05 6.35965825495077e-05 3.90497235457588e-05 1.23117496968916e-05 4.39188643213129e-05 2.36974740801088e-05 4.34714042967244e-05 7.345101384999e-05 6.09514447205584e-05 6.6971844080399e-05 7.2338494919677e-05 7.59192227633321e-05 7.41743733669864e-05 4.26088088715915e-05 0.000105350412923144 0.00013898242104915 0.000304178700753255 0.000700969120953232 0.00398156910669059 0.0212074249982834 0.0246459387242794 0.0155268772505224 0.0549506150186062 0.072963548079133 0.0804241731762886 0.0388048768043518 0.0515450704842806 0.0120832393877208 0.00226657881867141 0.0019184956967365 0.00197398771997541 0.00107211672293488 0.000476125735440291 0.000135689724265831 0.000132621215016115
0.000341155630303547 0.000233464865596034 4.93931769597111e-05 1.89736241736682e-05 3.75674913811963e-05 4.33883864388918e-05 5.18514527357183e-05 6.61781403323403e-05 9.63621263508685e-05 0.000123539134801831 6.81112669553841e-05 9.21878778171958e-05 0.000118916898645693 9.86723480309593e-05 9.52089099882869e-05 0.00039395410567522 0.000622213739552535 0.000120892078484758 0.000279652341851033 0.000292971369344741 0.000344899705669377 0.000360879104118794 0.00317164122825488 0.0188786366023123 0.0106966843828559 0.000547487632138655 0.017923601064831 0.0152076287195086 0.0987669982016087 0.0944663934409618 0.0955304376780987 0.062950211763382 0.05535878688097 0.0368587261065841 0.0263910636305809 0.0224905481562018 0.0225135355256498 0.0115596427582204 0.00239055507117882 0.000965514004928991 0.00126762986183166 0.00097259254544042 0.000369207389303483 0.000256989154149778 0.000480031847837381
6.41793507384136e-05 0.00094302156358026 0.000844480656087398 0.00023426918342011 8.56504229886923e-05 0.000156121315376367 0.000171728956047446 0.000196876411791891 0.000365274198702537 0.000576607379480265 0.000519089627778158 0.000604314566589892 0.00109615775872953 0.00255017826566473 0.00119047313928604 0.00557944541797042 0.00272633974673226 0.000972371763782576 0.00398680767975748 0.0113011154346168 0.00510354076977819 0.00291790567571297 0.0118042771238834 0.02287876913324 0.0899457603693008 0.0724374037235975 0.0508727643638849 0.0482459105551243 0.0452316900715232 0.0295219287276268 0.0189515412785113 0.0651010245084763 0.0803537961095571 0.0248529816046357 0.011233909567818 0.00487767052836716 0.00133818740141578 0.000779085102840327 0.000487462762976065 0.00151642942801118 0.00139520133379847 0.00117358540010173 0.00122705732937902 0.00106817113701254 0.000944376343977638
0.00048054818471428 0.0040559976361692 0.00380292269401252 0.00807358589954674 0.00159640740603209 0.00236110458499752 0.0117338581942022 0.00481685157865286 0.000875918337260373 0.00110344658605754 0.00239345524460077 0.00473361460026354 0.0194355752319098 0.0100866163149476 0.0101494936272502 0.0398514706641436 0.023804678581655 0.0719693176448345 0.106275641918182 0.0728314232081175 0.055577601864934 0.0654838096350431 0.129087199270725 0.0311049457639456 0.148036369681358 0.116869400441647 0.0882323574274778 0.0206767124123871 0.0262782863341272 0.00886625926941633 0.0531682472676039 0.0393437802791595 0.0122776812408119 0.00575059459079057 0.00293025436112657 0.00057368915877305 0.000554399035172537 0.000593575574748684 0.00131131252855994 0.000931038588169031 0.000922124917269684 0.000801423398661427 0.000727547823044006 0.000641552988963667 0.000533654117316473
0.00349014413077384 0.00510384885128587 0.00363059951923788 0.00450895086396486 0.038787891343236 0.0153738100081682 0.0115799752995372 0.00884033478796482 0.0326702123507857 0.00832003294490278 0.0107470731250942 0.0167372957803309 0.0150882917456329 0.059213462844491 0.20481963455677 0.0724278017878532 0.0952402554452419 0.141862673312426 0.198239587247372 0.122206702828407 0.0327699145302176 0.0416577028110623 0.0480631701648235 0.0496941883116961 0.214451503753662 0.062939877808094 0.0096701510483399 0.00396586889401078 0.00378981058020145 0.00217111152596772 0.00147903650067747 0.000611195032251999 0.00170780102489516 0.00105722987209447 0.000654955374193378 0.00308140089036897 0.00824674628674984 0.00145519970683381 0.00149652335094288 0.00147919053561054 0.0011290368711343 0.000622370133351069 0.000689929201325867 0.000531598645466147 0.000365395822882419
0.00361108824145049 0.00160516182077117 0.00477078182157129 0.00186748810810968 0.00411616750061512 0.0087169511243701 0.00244577650446445 0.00285403316374868 0.00442251618951559 0.0066134752240032 0.00595735015813261 0.00608083729166538 0.00516724707558751 0.00929022869095206 0.0104128293227404 0.0307341804727912 0.025489398278296 0.0724679078906774 0.170333986729383 0.158491137623787 0.0657125543802977 0.197763072699308 0.0111601279582828 0.147830887138844 0.0896144881844521 0.0108530291821808 0.0365000991150737 0.109032176434994 0.00404146543005481 0.0164044786244631 0.0786415487527847 0.0259839697740972 0.00343321540858597 0.00524030941305682 0.00447267533745617 0.00409484810661525 0.00301277816761285 0.00210209005745128 0.00172837566933595 0.00108737218397437 0.000572818974615075 0.000474078845581971 0.000557900201965822 0.000343925996276084 0.000221958931069821
0.00555265848524869 0.00475076690781862 0.0220298042520881 0.0216931818984449 0.037433572486043 0.0210688360966742 0.00746646570041776 0.025695163756609 0.00682133680675179 0.0186666935682297 0.0489884026348591 0.0688753660768271 0.0285049272701144 0.12294033318758 0.0682039305567741 0.0572876028716564 0.0256934290751815 0.101165322214365 0.0963036291301251 0.0146734382025898 0.015707634948194 0.0131951014511287 0.0061315648490563 0.00258255293592811 0.0165984683670104 0.181447498500347 0.0258090962655842 0.0268295446410775 0.0269731901586056 0.0182437594048679 0.0118290387559682 0.0060687905875966 0.00313447740627453 0.00269028339534998 0.00328263402916491 0.00277799469185993 0.00169198286021128 0.001343342079781 0.0010755972849438 0.000840770227659959 0.000637516338611022 0.0005928141559707 0.000370560902229045 0.000386329233879223 0.000444661737856222
0.038166194036603 0.0514544846490026 0.0442378342151642 0.041873087733984 0.035849604383111 0.0127230724319816 0.0225512712262571 0.012590450886637 0.0147779445629567 0.0854163005948067 0.0122435485478491 0.00768581381998956 0.111165382713079 0.129161056131124 0.112829257547855 0.0132938150316477 0.00503207910805941 0.0170862277969718 0.0035490752896294 0.00386738397646695 0.00716020059771836 0.00515109957195818 0.0118553024251014 0.157201900333166 0.18089358061552 0.0296677583828568 0.0211451162584126 0.031043476331979 0.0211914744228125 0.0167464409023523 0.0120313846040517 0.00514827368315309 0.0034018925158307 0.00154017276363447 0.00294820731505752 0.00215986396651715 0.00183218625898007 0.00138029794325121 0.0014143125677947 0.00104903200117406 0.000820039324753452 0.000370483105871244 0.000303617329700501 0.000307865483046044 0.000365149926801678
0.038930974341929 0.0113816848490387 0.0217192187905312 0.0243544593453407 0.0939189929515123 0.0728751808404922 0.136037664115429 0.00453951768577099 0.015494282823056 0.0294679490849376 0.00390618937090039 0.00740971844643354 0.0172321862541139 0.00669924034737051 0.0148970331996679 0.00117176131461747 0.0055382797960192 0.0156243039295077 0.0819184504449368 0.0967243373394013 0.0344913514330983 0.0442989140748978 0.229976208508015 0.0777056202292442 0.0254592668265104 0.0209243533667177 0.0144977005431429 0.00467518605291843 0.0167795117013156 0.00704926829785109 0.00546517565380782 0.00534957838244736 0.00278235132573172 0.00332237284164876 0.0039310734369792 0.0025338517210912 0.00165524483891204 0.00110714434413239 0.00071318018308375 0.000777400538208894 0.000821240530058276 0.000522953989275265 0.000365367285485263 0.000431826326530427 0.000397731921111699
0.0179923744872212 0.00178568160627037 0.00407954787369817 0.010604510968551 0.0038563665933907 0.00281154996482655 0.00178270291071385 0.000541712582344189 0.00163599415682256 0.00261419441085309 0.00142870502313599 0.00549452125560492 0.0143773087766021 0.00333961789729074 0.00497638243250549 0.00861400086432695 0.00772535968571901 0.0228159522637725 0.0169532970990986 0.0246512767858803 0.0128917566500604 0.134243343025446 0.0198022889904678 0.0240330232307315 0.0192373046651483 0.0188050914555788 0.0230793465860188 0.0218615464866161 0.0148857766762376 0.00305987267638557 0.0035275814589113 0.0044712730217725 0.00321392308687791 0.00458806732203811 0.00269556650309823 0.00177099890133832 0.00160487549728714 0.00122215133742429 0.000943862438725773 0.000729723158292472 0.00050114010591642 0.000467523550469195 0.000349939731677296 0.000375701356097125 0.000279609077915666
0.00799294351600111 0.00294726000865921 0.00173704063054174 0.000529776558687445 0.000269421389384661 0.000552452454576269 0.000277334134443663 0.000163579058425967 0.000470019844942726 0.000555397270363755 0.000856426908285357 0.00151604497805238 0.00994434677995741 0.00580049941781908 0.00545063361059874 0.0117647163104266 0.00305981584824622 0.00457570536527783 0.0141486168839037 0.0274072598665953 0.00441607595421374 0.131443118304014 0.147273122519255 0.0669516757130623 0.0364169290289283 0.00947962147183716 0.011530602350831 0.0183609383180737 0.00418428926495835 0.00648978182580322 0.00370240185875446 0.00443689599633217 0.00480731555726379 0.00334622894297354 0.00247130244970322 0.00147136111045256 0.00102942346129566 0.000804871377476957 0.000800112438446376 0.000672123574622674 0.000630083082796773 0.000509324099402875 0.000351776490424527 0.000315683176449966 0.000393783373147016
0.00740777661558241 0.000207955068617593 1.35423816573166e-05 1.44184649798262e-05 9.91284276096849e-05 0.000218054911965737 0.000164785856031813 0.000236555787705583 0.000490114386775531 0.000495150453934912 0.000419433889328502 0.00141811791690998 0.00192756286123767 0.00166396315325983 0.00372901083901525 0.00862563154660165 0.00349894247483462 0.00490584727376699 0.0173328042961657 0.0112359208054841 0.00163107813568786 0.00512513366993517 0.0112314150668681 0.0200524065643549 0.00796465654857457 0.0206671075895429 0.0197461913339794 0.0161244728602469 0.00841484481934458 0.00785482032224536 0.00904038017615676 0.0053315065568313 0.00339194734115154 0.00296395155601203 0.00244000871898606 0.00107576524897013 0.000743004656396806 0.000780452095204964 0.00120361688896082 0.000615518685663119 0.000630907356389798 0.000321226470623515 0.000259093808199395 0.000264817012430285 0.000314381947828224
0.000162724241090473 1.96771519313188e-05 6.63966688989603e-06 2.15328172089357e-05 0.000245795253431424 0.000237028414267115 0.000417959058540873 0.000173243039171211 3.51270005012339e-05 0.000138307236557012 0.00063511659973301 0.000500130523869302 0.00027176859730389 0.00053810945537407 0.00114933149889112 0.00367484440794215 0.00999730578623712 0.0051428955513984 0.00317268095677719 0.012550137611106 0.00513019713107496 0.0645661387592554 0.00766599376220256 0.00205198177136481 0.00541868519503623 0.015852010063827 0.019462525844574 0.0164222489111125 0.00559047383721918 0.00522850963752717 0.00661533470265567 0.00850166212767363 0.00352821012493223 0.00143680174951442 0.00196240011136979 0.00145576428039931 0.00115838678902946 0.000845418522658292 0.000957200989068951 0.000510838265836355 0.000451559416615055 0.000404782556506689 0.000399310449574841 0.000222594795559417 0.000252511099097319
1.26801180613256e-06 2.27018894634057e-06 3.58252361820632e-06 9.51972062466666e-05 0.000261840569146443 0.000143459657192579 0.000231564058049116 1.15470322498368e-05 1.51480769545742e-05 0.000231276332488051 4.74339967695414e-05 5.2294613669801e-05 0.000105347769203945 0.000174296568729915 0.0002964170256746 0.00274448897689581 0.00741466355975717 0.00705872739199549 0.012618417898193 0.0999792940914631 0.075659541785717 0.0805241238325834 0.00144635828328319 0.00405198920052499 0.0149004148319364 0.0154986254870892 0.00469850229565054 0.0046255371067673 0.00878873094916344 0.0048425578745082 0.00335840000770986 0.00236277151852846 0.00226575712440535 0.0018350659054704 0.00209409749368206 0.00147939302260056 0.00125048718473408 0.00130807019158965 0.000679447709262604 0.000670383012766251 0.000321653193168459 0.000235074871307006 0.000185188116847712 0.000219173080404289 0.000303768683079397
