Scripts_&_data/Maxent_result_files_2/B_jonellus_3.asc
NCOLS 594 
NROWS 330 
XLLCORNER -15 
YLLCORNER 23 
CELLSIZE 0.166666666666667 
NODATA_value -9999 
[rows 200 to 219 of 330, columns 495 to 539 of 594]
3.66340071877858e-06 3.17091767101374e-06 1.79712299654966e-06 1.3894680193971e-06 1.27131151543836e-06 1.50360082784573e-06 1.91361999668516e-06 2.82584630895144e-06 3.57572566827002e-06 3.53820955751871e-06 3.86452516067948e-06 3.78124474309516e-06 3.7767574440295e-06 4.18973552314128e-06 4.94979776703985e-06 5.22797849953349e-06 6.12499086400931e-06 6.58642313737801e-06 7.19945767286845e-06 8.40050356600841e-06 9.22739504858328e-06 1.01498792446364e-05 1.21283213502466e-05 1.33206061946112e-05 1.48894160247437e-05 1.33653084333218e-06 3.30010599824959e-07 1.86874896712652e-06 2.1573203139269e-05 0.000107235816176399 0.000161758720059879 6.4519976513111e-05 3.03097473079106e-05 3.06704667309532e-05 5.51086859559291e-05 7.64796364819631e-05 6.94523456331808e-05 6.7335613493924e-05 6.78967098792782e-05 6.4891664442257e-05 6.40679794742027e-05 0.000155975269444752 0.000180820359673817 5.10426424398247e-06 3.48911864421098e-05
4.6925227252359e-06 2.45575706614431e-07 1.90667527704136e-06 1.26405245168826e-06 1.16061023618386e-06 1.02814525462236e-06 9.96625226434844e-07 1.07133981828156e-06 1.37209349873046e-06 2.17220822378295e-06 2.8466929620663e-06 3.20263861794956e-06 3.24448807305089e-06 3.88741358392508e-06 4.24318043314997e-06 4.41382353528752e-06 4.73358090857801e-06 5.40084868134727e-06 6.63951957449171e-06 7.62623394621187e-06 8.5697704435006e-06 9.48818196775392e-06 9.28181389099336e-06 1.10699769720668e-05 1.26596579320903e-05 1.49392807998083e-05 1.58780703714001e-05 1.81010429514572e-05 2.04236932404456e-05 0.000222570414916845 0.000406944051792379 0.000139991545438534 0.000100304965599207 3.68852797691943e-05 2.28320448513841e-05 1.25948587083258e-05 3.84363134799059e-05 5.21126687090145e-05 7.24704779713647e-05 8.80347568454454e-05 7.44833239878062e-05 5.54073931198218e-05 4.89559504785575e-05 3.97834299292299e-05 3.35854878358077e-05
4.75584552077635e-06 7.3259493774458e-06 3.00532503842987e-06 1.72491607486336e-06 2.95772754270729e-06 9.31328204956117e-07 9.36292391884308e-07 7.33012029741076e-07 5.79787896981543e-07 1.18129724455684e-06 1.9213169878185e-06 2.08646492296793e-06 2.02218347453709e-06 2.15491917856525e-06 2.60007655015215e-06 2.92152785732469e-06 3.10004147650034e-06 3.77614410353999e-06 4.45764819687611e-06 5.71884638702613e-06 6.58563906199561e-06 7.34670363726764e-06 8.13888718766975e-06 9.22652566259785e-06 1.11916378955357e-05 1.22303583793837e-05 1.38929009608546e-05 1.48716950207017e-05 1.65475992162101e-05 1.94740940060001e-05 2.00465212401468e-05 2.04898085030436e-05 1.93450473489065e-05 2.06758995773271e-05 2.35807546232536e-05 2.33921622566413e-05 2.1848811138625e-05 2.35749476814817e-05 9.54356866714079e-05 0.000138924625935033 9.89804531855043e-05 6.78268865158316e-05 6.12274681770941e-05 5.07062579345075e-05 4.36748467109282e-05
1.45390009492985e-05 6.36824222510768e-06 1.14726097763196e-05 8.34246288832219e-06 2.61901798239705e-06 5.32657021494742e-06 1.01042764129033e-06 7.42879115023243e-07 6.25082412852862e-07 7.9496757052766e-07 1.08613054976558e-06 9.79379424848048e-07 9.76650966322268e-07 1.7023437123953e-06 1.60398972184339e-06 2.14647035932103e-06 2.47952682457253e-06 8.82669014572457e-06 2.86469496586506e-06 3.91718886021408e-06 4.40740043359256e-06 5.58068618374818e-06 6.83794069118449e-06 8.07864157650329e-06 9.33142778194451e-06 1.13656586108846e-05 1.20021657039615e-05 1.23665750379587e-05 1.46233699979348e-05 1.72175652551232e-05 1.71180793586245e-05 1.7477143137512e-05 1.77038979018107e-05 1.71372590102692e-05 1.83804363587114e-05 2.57149397839385e-05 0.000455000213696621 1.21864282391471e-05 1.78997098373657e-05 5.01932534461957e-05 8.42369750898797e-05 9.55634252022719e-05 8.46056431328179e-05 7.04756464983802e-05 6.90904515067814e-05
4.7028642143232e-06 3.92657006159425e-05 5.59229192731436e-06 9.93268731690478e-06 1.67186231010419e-05 1.54568122525234e-05 5.61906053917483e-06 2.71046802708952e-06 1.27582910636193e-06 1.03824610562242e-06 9.88345533414758e-07 8.55783980568958e-07 5.76854400691218e-08 1.29277022153929e-07 8.6124044855751e-07 1.06536666351076e-06 1.28699688843881e-06 6.68092450268887e-06 1.38732297727984e-05 3.11811012352337e-06 3.89215242648788e-06 3.75431558268247e-06 4.60552560070937e-06 5.82536727051774e-06 6.94634052251786e-06 9.65802350947342e-06 1.1068851699747e-05 1.10146864699345e-05 1.36387455768272e-05 1.50900109474605e-05 1.39263714117988e-05 1.4865236607875e-05 1.47264418046689e-05 1.37284800530324e-05 1.38896976295655e-05 1.32836859393137e-05 6.8505662966345e-05 8.07605872978456e-05 4.46809777713497e-05 2.20664808693982e-05 4.09508549637394e-05 8.84039385709912e-05 0.000132775969541399 0.000110561391920783 0.000117445006617345
8.25682445793063e-06 3.91091365600005e-05 3.50173349943361e-05 9.90675784123596e-05 4.51319021976815e-06 1.64071218023309e-05 7.1777423909225e-05 4.9862021660374e-05 3.12634731471917e-06 3.57378846729262e-06 5.04878051970081e-06 7.80491123464344e-07 1.17174827778399e-06 9.67662064255137e-08 3.24621216805099e-06 6.26312117901762e-07 7.78240169552191e-07 1.1141668721848e-06 1.34790351467018e-06 1.80011402335367e-06 2.57204295621705e-06 3.19469996838961e-06 3.64619130550636e-06 4.21770776029007e-06 5.30400834577449e-06 7.16341019142419e-06 8.23363661766052e-06 9.91000724752666e-06 1.30038430143031e-05 1.35466316351085e-05 1.44922309118556e-05 1.42944064464245e-05 1.25181096791493e-05 1.08899673705309e-05 9.3267848569667e-06 1.1017741599062e-05 2.88595477286435e-05 0.006952980090864 5.33238580828765e-05 2.0883364504698e-05 5.90597226619138e-05 9.16088174562901e-05 0.00016156717974809 0.000138461709866533 0.000113458385749254
8.88441347157709e-08 6.94071245277428e-07 2.17271532108043e-06 2.09788377105724e-05 4.03749456836522e-06 7.97379177583935e-06 2.76007644970377e-05 3.52049838738822e-06 4.24125996687508e-06 1.63905580734536e-06 1.1941928022452e-06 1.21675225273066e-06 1.36096576852651e-06 8.81928301623702e-06 1.87161061262486e-06 5.54924616835706e-07 4.28615651060227e-07 8.74274357443028e-07 1.641744933778e-07 9.76555980969351e-07 1.30494038899087e-06 3.01673807143743e-06 3.09464018073413e-06 3.14697190333391e-06 3.4375089853711e-06 4.53793566066452e-06 5.55134627120424e-06 7.16907172773062e-06 1.03648813364998e-05 1.24564097859547e-05 1.2379423742459e-05 1.18866636512394e-05 1.15483801891969e-05 1.26728292343614e-05 9.12664909265004e-06 7.55990936340822e-06 1.06415076970734e-05 0.0050510136410594 0.000106928749664803 1.72496599589067e-05 7.22521395800868e-05 0.000141552794957533 0.000230909129459178 0.000288049134542234 7.57736128434772e-05
1.20054912031264e-05 1.51507393582051e-06 1.02621899316091e-06 9.18345691047762e-07 2.50023634293939e-06 3.96119023662322e-06 1.17354494250321e-05 2.88125132783534e-06 4.15701076406094e-07 5.6730650044301e-07 9.41708071877656e-07 1.09605072964314e-06 9.15140427082406e-07 1.79642006514769e-06 1.82092179557003e-06 1.58923926392163e-06 5.59930020926913e-07 5.27466760047446e-07 1.50717533919931e-07 7.40504543728093e-07 7.84027014333333e-07 1.48066475503583e-05 1.59600971869622e-06 2.27107415184946e-06 2.39192725075554e-06 2.98636881552738e-06 4.05770197176025e-06 5.29429159996653e-06 6.06286118909338e-06 8.61411658661382e-06 1.09081529444666e-05 1.19127334528457e-05 1.21765312542266e-05 1.40685078349634e-05 1.55067424657318e-05 1.22216910313e-05 5.46792944078334e-05 2.88809799712908e-05 8.83658911334351e-05 5.08265800817753e-05 1.24743431115348e-05 2.07704371860018e-05 6.12035486483364e-05 0.000112234833432012 0.000131898433028255
1.1023668236021e-06 9.55674504155013e-07 7.0933753704594e-06 7.41681908777991e-07 1.8359549244451e-06 4.1699322324007e-07 5.39927094678205e-07 6.99545601889895e-07 1.19915062555265e-06 8.12206854661213e-08 1.34102115012524e-07 2.95255895110813e-07 6.3161866705741e-07 4.99777406730573e-06 2.63525952959753e-05 5.0746241527122e-06 1.96777262999603e-06 5.81717463887799e-07 4.70743030689391e-07 5.79498819774926e-07 6.64121571958276e-07 8.87785438408173e-07 1.42359027108796e-06 6.55240028208937e-06 1.51225587160297e-05 2.41270462311149e-06 3.4462974554117e-06 4.90944014472916e-06 7.78596754571481e-06 1.2680488089245e-05 1.33358564653463e-05 1.37290716338612e-05 1.10293858597288e-05 1.232578320014e-05 1.21440378279658e-05 4.35827187175164e-05 9.71279958321247e-05 5.49652797417366e-05 7.8112534902175e-05 0.000252647227898706 0.000274390667618718 0.000145409416290931 3.87632169804419e-05 1.99389739464095e-05 7.05141312209889e-05
4.46606475890121e-07 2.02511714633147e-06 1.59800679284672e-06 5.26159192304476e-06 8.44556774381999e-07 9.53502322431632e-07 1.42085863785724e-07 1.37765464955919e-06 8.19683350528067e-07 8.70125814955713e-08 3.95011232612319e-08 8.51104553944992e-08 1.73431323702289e-07 5.42284382163416e-06 1.46565351315076e-05 1.82830478934193e-05 9.29152868138772e-06 1.98897042764656e-06 1.90874407053343e-06 4.41165610709504e-06 5.79317946858282e-07 2.4696612945263e-05 8.10895446647919e-06 2.24077921302523e-05 2.01643922991934e-05 5.62248455025838e-05 2.12733750686311e-05 2.42727421209565e-05 1.49353971210076e-05 1.90289558304357e-05 2.11263809433149e-05 1.91602484846953e-05 0.000112705854189699 0.000117416590728681 0.000459623642382212 0.000447901588631794 0.000331582871149294 9.91929202427855e-05 9.51441827055533e-05 0.000385834249027539 9.38885270443279e-05 8.75437595823314e-05 5.61088594622561e-05 0.000419139419682324 2.83432134892792e-05
1.92007290067409e-07 3.8725172188947e-07 3.11574248001989e-07 1.65249826089564e-07 6.06683185111478e-07 3.70031644081337e-07 2.59005132363654e-07 1.36883797807741e-07 1.43280969844284e-07 4.09063909501128e-07 8.99712651047935e-08 7.29601406845859e-08 2.07294051079998e-07 1.02818543155081e-06 1.04215439023392e-05 2.36738866988162e-05 4.94671852720785e-05 2.21027963561937e-05 7.27994403860066e-05 1.68483123275109e-06 6.57478607024586e-07 3.17782256388455e-05 6.16545261436841e-05 0.000314450170117198 9.90060303593054e-05 0.000118772131099831 0.000730068481061608 0.000207829283317551 0.000338848342653364 7.33031774871051e-05 0.000112056565922103 0.00133067763526924 0.000269603851484135 0.000209175243071513 0.00111035985755734 0.000201767464750446 0.000366418134944979 0.000324522989103571 0.000920074578607455 0.000829630455700681 0.000898518919711933 0.000891260849311948 0.00094674383290112 0.000582722498802468 0.000375448918202892
2.27643620576146e-07 3.58061771521534e-07 1.43756206583134e-07 2.90948744208208e-07 5.27955056384144e-07 4.4854287963858e-07 8.80615576193122e-07 8.34687122974742e-08 8.49938992075749e-07 4.11600959893121e-07 1.00289084628002e-06 5.90938674349672e-07 4.82502168352994e-07 1.27784836081446e-06 1.93080330518569e-05 0.000125400814067689 0.000136095202105935 0.000183243815627065 2.55423222370155e-05 2.37795776229177e-05 1.35576008233329e-05 2.29449395192205e-05 1.38013284868066e-05 0.000314135660300963 0.000443485370487906 9.57741831371095e-05 0.00100301684578881 0.0015671533124987 0.00323392269201577 0.0145821218378842 0.0124123732559383 0.0113118122331798 0.012165636010468 0.00584633436519653 0.0290800830349326 0.0119456174783409 0.00839306525886059 0.00200855497387238 0.00143787265114952 0.0023356607183814 0.00147450954536907 0.0018034630571492 0.0072946730768308 0.0014005147269927 0.000767162180272862
1.69312090125828e-08 6.72645688037932e-09 6.05556824240239e-08 1.66746533736273e-07 7.90746372381079e-08 1.35438209447614e-07 1.51805153869589e-07 1.98229172809761e-07 2.34970536538981e-07 1.1547580900384e-07 2.8842453332345e-07 7.53541310416495e-07 8.91192610197322e-07 1.64823169654937e-06 2.96508521273609e-06 3.84241709525668e-06 2.92519056529272e-05 0.000326203775330214 0.0010991601011483 0.00106029323069379 5.63695319215185e-05 0.00113980726746377 0.00137690075207502 0.000327459126128815 0.00183013675268739 0.00143588774953969 0.00715827425010502 0.0051737556932494 0.0886792134493589 0.0916084796190262 0.000728067694581114 0.00371631846064702 0.000863986535114236 0.00395030545769259 0.0104135761968791 0.018395446613431 0.0353492487221956 0.0450680881738663 0.0283349165692925 0.0191707406193018 0.0524836072698236 0.060184851847589 0.0477965161204338 0.0212899631354958 0.00910421158187091
2.38885835912583e-07 4.53728280547239e-07 8.35080972150237e-09 5.32990025448044e-08 5.76954844433431e-07 8.76554505424565e-08 6.104996955969e-07 5.19677182353462e-07 8.95464069117224e-08 1.75777777222663e-07 3.87463945372701e-07 3.35590662103868e-07 2.96598074669419e-06 6.45627687845263e-06 1.42555233878738e-05 8.91458573732962e-06 0.000414416094281478 0.00264852736145258 0.0227434799075127 0.0101939686574042 0.00129074279102497 0.000799803473637439 0.000947640149388462 0.0009789343632292 0.000967445853166282 0.000861525483196601 0.0212427265010774 0.0082716635428369 0.00391203977633268 0.00814962885342538 0.007809585519135 0.000789448307477869 0.00632511302828789 0.0047475695842877 0.00260219033807516 0.000832394199096598 0.000388941235723905 0.014708756050095 0.00285985580412671 0.0498090388253331 0.00559448660351336 0.0107646634802222 0.00450228739064187 0.00731852469034493 0.00104995314613916
3.3682541413782e-07 2.1095535309712e-07 6.92379890310235e-08 1.22153574722006e-07 4.18658293099838e-07 2.13205406396355e-07 2.1245979571205e-07 2.74136109368328e-07 2.97962811046659e-07 1.47961878838032e-07 1.01582138825052e-06 6.13696779794282e-07 4.66112064714252e-06 7.82376653205574e-06 0.000105257394716318 8.16458956251154e-05 0.000319250947359251 0.0046545107383281 0.00971835413947702 0.00393053141888231 0.0134146010503173 0.00247662705369294 0.0021831268677488 0.00530904596671462 0.00749279013834894 0.0056204441934824 0.0449308080598712 0.00147470814408734 0.0352473728358746 0.00209536374313757 0.00063817649934208 0.000961434081546031 0.000821644006646238 0.000415166812308598 0.000325579978380119 0.000266969748190604 0.000292817149602342 0.000333667646918912 0.000375022568914574 0.000921051402110606 0.00117717218236066 0.00015081190285855 0.000156041456284584 0.000328417643322609 0.000601695403747726
1.46381608523427e-07 7.0943551655489e-08 8.04443385682418e-08 5.50575366631278e-08 1.84847749018502e-07 1.22009687686386e-07 1.61615204596899e-07 5.30779621499278e-07 5.2742594291999e-07 2.1445711411161e-07 2.93530863615388e-07 7.84840489131966e-07 1.938180875527e-06 1.31887097268191e-05 0.000229708350161673 0.000815131052513607 0.0161625738721341 0.119902569800615 0.054623556137085 0.00382610763190314 0.00294613759033382 0.00223679327173159 0.00311095878714696 0.00315224374644458 0.00303725787671283 0.00204929124447517 0.00167576678213663 0.0519630972295999 0.00643561650067568 0.000770150977768935 0.00218770175706595 0.00169574416941032 0.00935927126556635 0.000688071717740968 0.00206923311343417 0.000329148174205329 0.000551186958909966 0.000330149913497735 0.000282043440529378 0.000541467122093309 0.000563268158293795 0.000417090980045032 0.000629272618971299 0.000325819587305887 0.00134109779610299
8.23755536671911e-08 1.21581939183102e-07 4.39527665818673e-08 7.02305602118258e-08 1.07011758831987e-07 1.26395249999689e-07 2.2327462403382e-07 3.35736512724338e-07 1.29698300952441e-06 3.80962204360458e-07 3.64911416994573e-07 7.79519967863962e-07 2.17534706052902e-06 8.66970988226967e-06 0.000782273271761369 0.00553604159504175 0.00268754159333184 0.00244486590381712 0.00256302336929366 0.00344488309929147 0.00410485884640366 0.00483981817960739 0.001165047113318 0.000942741174367257 0.00253855198388919 0.00350610790774226 0.0164220727980137 0.00854469784535468 0.0105502581223845 0.0197151189669967 0.00177542603923939 0.000186041862616548 0.00376557492418215 0.00266816195799038 0.00224830660736188 0.00315894412342459 0.0221386579796672 0.00945718502625823 0.00101733336632606 0.00569116112310439 0.00138561555650085 0.000129449382438906 0.000685866179992445 0.000216142486897297 0.00270202503306791
1.61498847361941e-07 3.9885569114162e-08 4.69740962572018e-08 6.23696725376988e-08 9.24065611584979e-08 8.89569307993554e-08 9.87254755280276e-08 7.27992470306305e-08 1.45647907601187e-07 1.63350676452012e-07 8.04498309037172e-07 1.10473874173067e-06 8.90118985807931e-06 0.000459294530446641 0.00299233208643273 0.0156810583546758 0.0011876562202815 0.00310620276723057 0.00178543294896372 0.000138124268778483 0.000406614840903785 0.00045280076446943 0.00242207151604816 0.00387959759682417 0.12284971177578 0.0203060789965093 0.00392912128008902 0.0156224786303937 0.0392267590388656 0.00457005684729666 0.0325676880776882 0.00164749553659931 0.00142239022534341 0.000452558431425132 0.00217684749513865 0.00455322992056608 0.0233168529346585 0.00968174394220114 0.0160335133783519 0.0219370648264885 0.00304507496766746 0.00414407798089087 0.000892104874947108 0.00177456720266491 0.000127911030540417
4.57551386112698e-08 2.33966106222283e-07 4.12616867340176e-08 4.20960180491647e-08 7.18263140520037e-08 9.33102993094792e-08 6.89438294010358e-08 6.35359397982427e-08 9.59860248173072e-08 1.02059914564023e-07 1.1465296651636e-06 5.50618935335478e-07 4.86868044049515e-06 3.04456400499475e-05 0.000207216608396266 0.00207944099092856 0.0176852048374712 0.00149043041747063 0.00482196481898427 0.000681821088073775 0.00374843601603061 0.00208189692348242 0.00684218318201602 0.0186907039955258 0.00477689558174461 0.00854837570805103 0.0144248131662607 0.00321808711159974 0.00373508643824607 0.0204896265640855 0.0111249635461718 0.0278749953955412 0.0395709512755275 0.0212765854783356 0.00928487931378186 0.00424280281877145 0.000792505743447691 0.0136379062663764 0.0102427109610289 0.00409518928499892 0.0234932960011065 0.00129590560973156 0.000896557817759458 0.000688655699195806 0.000272341867093928
3.22743048286611e-08 3.5864577752065e-09 3.35819245300684e-08 3.82120402431241e-08 4.60741576002732e-08 6.04703470408197e-08 1.86564486526208e-07 3.43054203266746e-08 8.82499097798473e-08 5.54248099859933e-07 2.00804532113352e-07 1.24890793529175e-06 1.79719516211208e-06 8.27417832169886e-06 0.00158897661021911 0.000276702766132075 0.000771990118664689 0.00419693919830024 0.00370767929125577 0.00321687505347654 0.00239691209280863 0.0106452722568065 0.0139575554057956 0.00402067898539826 0.00224190360167995 0.00113609476247802 0.000550272077089176 5.48317171706003e-05 6.82240100786657e-06 0.0032389470259659 0.0501228544861078 0.00160821401514113 0.100129057466984 0.0096731336787343 0.00959311919286847 0.00449908918235451 0.00332428378751501 0.00102875373559073 8.68306113261497e-05 0.000102144595803111 0.000176270621886943 0.000379886745940894 0.000335113712935708 7.35891229851404e-05 6.27412200628896e-05
