Scripts_&_data/Maxent_result_files_2/B_jonellus_3.asc
NCOLS 594 
NROWS 330 
XLLCORNER -15 
YLLCORNER 23 
CELLSIZE 0.166666666666667 
NODATA_value -9999 
[rows 100 to 119 of 330, columns 315 to 359 of 594]
0.0106043516658247 0.0186478328891099 0.0687508635222912 0.114309264719486 0.0218070212751627 0.0322894252836704 0.00428789507132024 0.00605516443029046 0.0221868856810033 0.0513800870627165 0.062859907746315 0.0878925524652004 0.0450145900249481 0.0270819494500756 0.0700056925415993 0.0568351559340954 0.0272771054878831 0.0620641827583313 0.0418502178043127 0.0405979286879301 0.0418789584189653 0.0322058638557792 0.0637308564037085 0.0291360717266798 0.0359065072610974 0.109243585914373 0.0894680127501488 0.0594446372240782 0.0298965994268656 0.0853583618998528 0.0152015363797545 0.0331933768466115 0.0228279583156109 0.0255248751491308 0.0238088713958859 0.026827728189528 0.0267715942114592 0.131285843998194 0.0285163404420018 0.0301695788279176 0.0304181661456823 0.0276237057521939 0.0464676879346371 0.0280818592756987 0.034366069175303
0.0338680233806372 0.0336494117975235 0.127219405770302 0.0372256452217698 0.0322300635278225 0.0216056508943439 0.0066949559841305 0.0318279029801488 0.00220624005887657 0.0108597777318209 0.0503422100096941 0.161862371861935 0.0389293832704425 0.214553298056126 0.0436028439551592 0.0331420302391052 0.0473463367670774 0.0735958971083164 0.0351076053455472 0.0338359523564577 0.0451145511120558 0.0329133657738566 0.0460631754249334 0.0968446210026741 0.0301097128540277 0.0492011204361916 0.0191564410924911 0.0987839698791504 0.00658405171707273 0.0182835901156068 0.0191197351552546 0.0612844787538052 0.0253038693219423 0.0213544566184282 0.0215331997722387 0.0179699813947082 0.0214189229533076 0.0512485586106777 0.0281483545899391 0.0303227387368679 0.028501458093524 0.0251965835690498 0.0233777778223157 0.0194901332259178 0.0277603927999735
0.0478251218795776 0.070854689925909 0.0538156662136316 0.039113899692893 0.0261335713788867 0.0206953590735793 0.0190605645999312 0.00701456763781607 0.00660952795296907 0.00626420895569027 0.00971162309870124 0.081692673265934 0.0426545793190598 0.0501512348651886 0.0494399849325418 0.037382360547781 0.0970896042883396 0.0376822961494327 0.0709249034523964 0.0386857597157359 0.0360443465411663 0.0558302242308855 0.0358183640986681 0.0372906796634197 0.0330311927944422 0.015375795122236 0.0295575931668282 0.0234641572460532 0.0416123103350401 0.0658120483160019 0.0325833097100258 0.030464830622077 0.0247636584565043 0.0188040743581951 0.0182427643798292 0.00549884594511241 0.0225738245993853 0.0224127657711506 0.0232214892283082 0.0243922067806125 0.0328016044571996 0.00705158798955381 0.0179819272831082 0.0208142463117838 0.0120028369128704
0.0267244817689061 0.0195032437331975 0.0493566736578941 0.0341511618345976 0.0101806617807597 0.00511034622322768 0.0220463446341455 0.00397302771452814 0.00208681864314713 0.00196490620728582 0.0267838617786765 0.0245918927714229 0.0438861690461636 0.0299346618354321 0.046186662837863 0.0446175836026669 0.0675500746816397 0.0687669657170773 0.0346777932718396 0.0778095684945583 0.0470450062304735 0.0423440512269735 0.0372365763410926 0.0491605684161186 0.0146312680095434 0.00915805329568684 0.00919676315970719 0.0210458867251873 0.0383873026818037 0.0330899506807327 0.0281079351902008 0.0330407071858645 0.0115012790076435 0.0111575927585363 0.0124859038740396 0.0179458827711642 0.0190808618441224 0.00906633948907256 0.0095411348156631 0.0206093337386847 0.00945780407637358 0.0212635710835457 0.0205450242385268 0.0123665228486061 0.0186958746053278
0.0335239628329873 0.0342678785324097 0.0301309689879417 0.035356330871582 0.0178004492074251 0.00861752540804446 0.0125928790308535 0.0250613663345575 0.000291163207293721 0.00512536803726107 0.00726323630660772 0.0142691764049232 0.017387508507818 0.00794734498485923 0.0605684608221054 0.0275089168921113 0.00869134538806975 0.0315576268360019 0.00817236662842333 0.0316188538447022 0.0761900536715984 0.0379086498171091 0.0591015547513962 0.0281554823741317 0.0236033298075199 0.022004522010684 0.0132058054208755 0.0278878254815936 0.0177594311535358 0.0197172373533249 0.0218017876148224 0.0434157148003578 0.0283125488087535 0.0184221897274256 0.016287874430418 0.00736892051063478 0.0120676101185381 0.0151930594816804 0.0278339361771941 0.0262938100844622 0.0252825623378158 0.0229923222213984 0.0139082356356084 0.00418713879771531 0.00593346422538161
0.014665265288204 0.00501096004154533 0.0217686055228114 0.0181463222019374 0.0245244402438402 0.0140996761620045 0.00204661817988381 0.018084660731256 0.00194744300097227 0.000398513027903391 0.00117767709889449 0.0304848361760378 0.0258657399564981 0.0177696839906275 0.0117471874691546 0.06914516761899 0.0266276553273201 0.047816326841712 0.0264190871268511 0.0795369774103165 0.0208747643977404 0.096306511759758 0.0481739781796932 0.0272254867479205 0.026492608524859 0.0323296489194036 0.0751412000507116 0.0283001201227307 0.0275119632482529 0.0199123384431005 0.0275632996112108 0.0150658427737653 0.0229145517572761 0.00798816299065947 0.0135164787992835 0.00725540993735194 0.0125363347120583 0.0211405815556645 0.00892827790230513 0.0140594245865941 0.018195301387459 0.0167713363654912 0.0245751895010471 0.03250140119344 0.0180798914283514
0.00304132881574333 0.0013349931628909 0.00819170363247395 0.0152653891593218 0.0285861477255821 0.0533287737518549 0.0126716839149594 0.00429028077051044 0.00247051218757406 0.00368973426520824 0.0127908800728619 0.0225126998499036 0.00907991244457662 0.0496266085654497 0.0228691570460796 0.00588660635985434 0.0144171400927007 0.0205474758520722 0.0407452289015055 0.0236347708851099 0.014094603061676 0.0525825567543507 0.0243097903206944 0.0261091329157352 0.00785065768286586 0.0222345419228077 0.0243166556581855 0.054120709002018 0.0220388712361455 0.0186516187153757 0.0299282379448414 0.0268119169399142 0.0136661788448691 0.0223950913175941 0.0203628331422806 0.0192671434022486 0.0181009203195572 0.016686412319541 0.0174195713363588 0.00555368843488395 0.0169821364805102 0.0123257257975638 0.0182502598501742 0.0218584284186363 0.0169668736867607
0.0116288061253726 0.00319243497215211 0.00300311141181737 0.000885612063575536 0.018172106333077 0.0163734333589673 0.0114393829368055 0.00857961173169315 0.00672419830225408 0.00867229918949306 0.00315695612225682 0.0171352220699191 0.00884458539076149 0.00843893964774907 0.0133801721036434 0.00863103838637471 0.00826799543574452 0.013626214582473 0.0103430664632469 0.00857618362642825 0.0089418969117105 0.0151058254763484 0.0207833422347903 0.0134090009145439 0.0143030137754977 0.0368126284331083 0.0248754497617483 0.0413502376526594 0.0357953976839781 0.0103389240801334 0.0227649534121156 0.0190329728648067 0.0186134591698647 0.0439924608916044 0.00881649255752564 0.0152743912301958 0.0158424858003855 0.0177243255078793 0.0178655662573874 0.0147515283897519 0.0180134990252554 0.0239962106570601 0.00846691355109215 0.0129109639674425 0.0107439612969756
0.0256366716697812 0.0129272109828889 0.0107189862057567 0.00545540805906057 0.00650727152824402 0.00594279998913407 0.0167804567143321 0.00288082103943452 0.00288887023925781 0.00953953531570733 0.00668009417131543 0.00449651996605098 0.00343449008651078 0.00456237243488431 0.021511303819716 0.0140358950942755 0.0109950835816562 0.00770570258609951 0.0333401929587126 0.0325517265126109 0.020771961286664 0.00674629034474492 0.00594151224941015 0.0255167746916413 0.0166582237929106 0.0200764189474285 0.0225672103464603 0.0226159203797579 0.00720918723382056 0.00728374444879591 0.0199449867010117 0.0140529519878328 0.0170900237746537 0.0142781915143132 0.0278204388916492 0.0213295131921768 0.0183888952247798 0.0246292212978005 0.020048775523901 0.0146573741920292 0.021429679915309 0.0863563016057014 0.0310909939929843 0.0144875045865774 0.00745267397724092
0.0144435395486653 0.0213620646856725 0.00495511135086417 0.00109785117674619 0.00384905678220093 0.00362738305702806 0.00333895889343694 0.00575827793218195 0.00557555092964321 0.0111099803820252 0.00531934346072376 0.00423255905043334 0.0051106141647324 0.00462663318030536 0.00415445826947689 0.0209665022790432 0.01266825851053 0.0200078703463078 0.0210053754970431 0.0177475849166512 0.0167545728385448 0.0206341657787561 0.0194581336341798 0.0192283517681062 0.0192838406190276 0.0167231817729771 0.00688700382597744 0.00863160523585975 0.0204649643972516 0.0167715843766928 0.0198233881033957 0.00581109779886901 0.01711919400841 0.02004060652107 0.0177712373435497 0.0180580464191735 0.0314385352656245 0.016162177734077 0.0231831353157759 0.00925558470189571 0.00692930249497294 0.0277504509314895 0.0174127247184515 0.0173664609901607 0.0153350020758808
0.0267124347388744 0.00761711248196661 0.00359773153904825 0.00881996103562415 0.016036014072597 0.019964377488941 0.0185006678104401 0.00604025507345796 0.0067530270665884 0.00573861349839717 0.0120123376138508 0.00865818904712796 0.00101075993152335 0.00127751345280558 0.00525500245857984 0.00201353173470125 0.00973338391631842 0.00397174647077918 0.00457391478121281 0.00705904271453619 0.0100573381409049 0.00666841110214591 0.00860098116099834 0.00843976768665016 0.00650847032666206 0.028401893004775 0.00455493996851146 0.000886197650106624 0.000593075715005398 0.0104510554112494 0.0173143132589757 0.0195263706147671 0.0226198865100741 0.0181754942052066 0.0194727309048176 0.0198831383138895 0.0150627959519625 0.0121221747249365 0.0138876939192414 0.0129583410918713 0.0147555944509804 0.0175370397977531 0.0163196312263608 0.0147925612516701 0.0146262617781758
0.0267712427303195 0.0179302241653204 0.0165205462835729 0.00974693950265646 0.0176503562368453 0.00547932256013155 0.0096010291017592 0.00733187161386013 0.0123289730399847 0.00303849565098062 0.00680255871266127 0.0111001563258469 0.0092364895157516 0.00282385507598519 0.00444878942798823 0.0342460030689836 0.00399724782910198 0.00355547580402344 0.00299910167232156 0.0107772742398083 0.010893948469311 0.0179177680984139 0.00416491306386888 0.00422128536738455 0.0032898458186537 0.00175759607227519 0.0015450932609383 0.0026599521166645 0.00660474798642099 0.0110871775075793 0.00908888811245561 0.0052212204085663 0.0392782682552934 0.0170660176314414 0.0177746335975826 0.0151107122190297 0.0135615193285048 0.0122883534058928 0.0112930879928172 0.0112098314799368 0.0117188303731382 0.0119029060937464 0.0130728342570364 0.0136956294067204 0.0125715688802302
0.0641336798667908 0.034549162723124 0.0275379955768585 0.0231500657275319 0.0187454253435135 0.0189072494395077 0.0176160938106477 0.00516223921440542 0.0174169268459082 0.00939761404879391 0.00453771594911814 0.00626351307146251 0.00452821080107242 0.0147481724619865 0.0204969550482929 0.0124998248647898 0.00662261266261339 0.0130984899587929 0.00785315958783031 0.0139461888000369 0.0140767539851367 0.0135658829472959 0.0120955437421799 0.00738536478020251 0.0193936710245907 0.0127105925232172 0.010920468531549 0.00552697614766657 0.0153185099363327 0.0162101115100086 0.0422654137015343 0.0131586916744709 0.0151419337838888 0.0138217942789197 0.0133883167989552 0.011782154161483 0.0193154013715684 0.0101134233176708 0.0159419030882418 0.0110173989087343 0.0114754884503782 0.0160214485600591 0.0103403664659709 0.0105239086784422 0.0107021613977849
0.0248043604195118 0.0566640639677644 0.548974764347076 0.0281767068430781 0.00250892961048521 0.00713410144671798 0.00709222997538745 0.00805918709374964 0.00700987987220287 0.00395752447657287 0.0146571178920567 0.00268529531313106 0.00378091507591307 0.00552620668895543 0.00842642649076879 0.00558457756415009 0.00667625521309674 0.00822704173624516 0.00938738365657628 0.00984191996976733 0.0118895160965621 0.0115259402431548 0.0123775691725314 0.0131731345318258 0.0183106724172831 0.0124219818040729 0.0138324720785022 0.0138283660635352 0.00557246482931077 0.0130371262319386 0.00542180617339909 0.0147131577134132 0.0129361754283309 0.0115441869013011 0.0179776600562036 0.0100603707600385 0.00948934084735811 0.010010830219835 0.0101270685903728 0.00976213114336133 0.00977665199898183 0.0107925767078996 0.0151365502737463 0.0102402252145112 0.0107769600115716
0.00317056393250823 0.00482053300365806 0.00858198266942054 0.0018246304243803 0.00962749803438783 0.00986041622236371 0.0335798431187868 0.00398113667033613 0.00373126117046922 0.00317292110994458 0.0026921249111183 0.00347566821146756 0.00488322505261749 0.00317856210749596 0.00701816971413791 0.00872307792305946 0.00592600232921541 0.00335473152808845 0.00631791092455387 0.00939634079113603 0.00357456374913454 0.00488201098050922 0.00270207782741636 0.00334097638260573 0.010733525827527 0.0116592640988529 0.0239230548962951 0.0228870069608092 0.0139895888976753 0.0153126731514931 0.00435289947781712 0.00456739035435021 0.0109666541684419 0.0100467872340232 0.00921713155694306 0.00995504357852042 0.0097201899625361 0.0100233029574156 0.00939851477742195 0.00926460227929056 0.00302858110517263 0.0165698180906475 0.00920465840026736 0.00990400724112988 0.0091190917417407
0.00361381485126913 0.00163995941402391 0.00311435998883098 0.00351016881177202 0.00587907782755792 0.00603730012662709 0.00402013396378607 0.0206300240010023 0.0109957955777645 0.00507011055015028 0.00588536881841719 0.00485723258461803 0.0071371007245034 0.00387574650812894 0.00753009556792676 0.0082519565243274 0.00407430669292808 0.00440619585569948 0.00996097722090781 0.00350088386330754 0.00730358851142228 0.00726059428416193 0.00375136681832373 0.0177426177076995 0.0172603765502572 0.00416250119451433 0.00694498824886978 0.020616490393877 0.0153245521709323 0.0168927039019763 0.0122117675840855 0.00990045694634318 0.00717068784870207 0.0157085035927594 0.00854388256557286 0.0143972717225552 0.00941681289114058 0.0101641261018813 0.00961834564805031 0.00934325866401195 0.0056521185208112 0.0135217716917396 0.0132817224599421 0.0158577661961317 0.0100270268507302
0.00164235235424712 0.00116061795561109 0.000960863698855974 0.000411253871425288 0.00091128246858716 0.000825304421596229 0.0010718234552769 0.00472545803058892 0.0060718776891008 0.00336593312676996 0.00416762738022953 0.0030159205198288 0.00541504500433803 0.0032620090059936 0.00788407004438341 0.0030768784461543 0.00359352144878358 0.0143044683150947 0.0090944794472307 0.0100754261482507 0.0107974131125957 0.0115635064430535 0.00530307102017105 0.0102844938170165 0.00960152833722532 0.00600034184753895 0.00454030127730221 0.00393188793677837 0.0140829775482416 0.0113740974105895 0.0216233726590872 0.0112479557748884 0.0101977053098381 0.00920706032775342 0.00879108062945306 0.012699219584465 0.0104715486057103 0.00769969318062067 0.00741872624494135 0.0133890861645341 0.00779201611876488 0.00813655238598585 0.0122793031856418 0.00365596555639058 0.0027711215429008
0.0196813679300249 0.00725645758211613 0.00139486442203633 0.00257573394337669 0.00529772557783872 0.000854264281224459 0.00079646534868516 0.000738496749545448 0.000812511792173609 0.0124317542649806 0.00603747610002756 0.00414424033369869 0.00261144078103825 0.0102500570937991 0.00268851567525417 0.0119410957209766 0.0035205626161769 0.00382549418136477 0.00470341402105987 0.00560786570422351 0.00553313316777349 0.00432011822704226 0.00629779906012118 0.00531921149231493 0.0202689258381724 0.00378082399256527 0.00600041984580457 0.0106162372045219 0.0142154146917164 0.0279325621202588 0.00403772962745279 0.0133415444754064 0.00424639494158328 0.00534606324508786 0.00280067825224251 0.00228794758440927 0.00891211852431297 0.00575534231029451 0.00598856648430228 0.00593344417866319 0.00632954728789628 0.00708016203716397 0.0116630924865603 0.00615454334765673 0.0025551519007422
0.00927275191061199 0.0109940068796277 0.00546580418013036 0.0192838525399566 0.00107626209210139 0.00466393369715661 0.0343565341085196 0.0125431291293353 0.00927568473853171 0.00309813250787556 0.00361152982804924 0.012368400208652 0.00495815554168075 0.00371896075084806 0.00271613331278786 0.00439546599518508 0.00302618455607444 0.0088942043017596 0.00533726401627064 0.00303313960321248 0.00519245252944529 0.00359871860127896 0.00571691673249006 0.00599009818397462 0.00729683474637568 0.00632537486962974 0.00646254867315292 0.00674822074361145 0.00378065234981477 0.0168065149337053 0.0165463492274284 0.00754369152709842 0.00516848624683917 0.00356652776245028 0.00532125160098076 0.00538487881422043 0.010473474022001 0.00674324058927596 0.00170165845192969 0.00583532324526459 0.00650410894304514 0.00218853579135612 0.00403308069799095 0.00415283893235028 0.00601740565616637
0.00912097133696079 0.0104251666925848 0.00928293503820896 0.014628638420254 0.00311366363894194 0.0261617006734014 0.00445658845128491 0.0731251120567322 0.117926017940044 0.00940697891637683 0.00403503482230008 0.00303088643122464 0.00483553260564804 0.00499000116251409 0.00460738660767674 0.00528995022177696 0.00386517713777721 0.00483561372384429 0.00520861302502453 0.00177135505946353 0.00556440688669682 0.00231338153826073 0.0027569301892072 0.00904652974568307 0.00620022336952388 0.00363950619939715 0.00473310006782413 0.00347348095383495 0.00799978636205196 0.00251461951993406 0.00591124375350773 0.00573720894753933 0.00292203126009554 0.00367728366982192 0.00561136982869357 0.00549589511938393 0.00190747899468988 0.00631067934446037 0.00463336575776339 0.00327733787707984 0.0028562372783199 0.00218334939563647 0.00743857421912253 0.00574201862327754 0.00629641134291887
