Scripts_&_data/Maxent_result_files_2/B_jonellus_2.asc
NCOLS 594 
NROWS 330 
XLLCORNER -15 
YLLCORNER 23 
CELLSIZE 0.166666666666667 
NODATA_value -9999 
[rows 100 to 119 of 330, columns 360 to 404 of 594]
0.0414084082469344 0.0428928224369884 0.0530876416712999 0.0422136722132564 0.044087584875524 0.041936026699841 0.0362884188070893 0.0339157909154892 0.0274999557062984 0.074703985825181 0.0593542713671923 0.0564032476395369 0.0591524112969637 0.0411902764812112 0.0381304759532213 0.0334658786654472 0.0511333774775267 0.0340672506019473 0.0547698438167572 0.0510999921709299 0.044104752317071 0.044798768311739 0.0596636679023504 0.0675565034151077 0.0537403166294098 0.0741516958922148 0.0697129543870687 0.0425201624631882 0.0437145467847586 0.0296447267755866 0.0353790184482932 0.0390976255759597 0.0337669657543302 0.0371884949505329 0.0858099967241287 0.0650542858988047 0.0799523808062077 0.101181407272816 0.0872560180723667 0.0794310465455055 0.0569381266832352 0.0631827943027019 0.106191497296095 0.124301406741142 0.117559884488583
0.0380586046725512 0.0419410429894924 0.0434283167123795 0.0546528447419405 0.040094567835331 0.0392545610666275 0.0367600889876485 0.0308128824457526 0.0319185996428132 0.0310289209708571 0.0273839993402362 0.0388820992782712 0.0360738929361105 0.0365248681977391 0.0367205761373043 0.0364225141704082 0.0389531826600432 0.0348540805280209 0.0351691097021103 0.0359570246189833 0.0402619788423181 0.0338367035612464 0.0408083777874708 0.0473657499998808 0.0569844413548708 0.0379993194714189 0.0322743523865938 0.0491725590080023 0.0463449489325285 0.0388584710657597 0.0406049035489559 0.0365324826911092 0.0449140850454569 0.0392279384657741 0.048913186788559 0.0505852926522493 0.0773527912795544 0.0702249456197023 0.0859029337763786 0.0825199782848358 0.0894742108881474 0.0758243888616562 0.0579939022660255 0.0897964246571064 0.0941305048763752
0.0580345783382654 0.0628578133881092 0.0488652352243662 0.0509241919964552 0.0373193975538015 0.0371722783893347 0.0342673044651747 0.030222742818296 0.0424256309866905 0.0436423979699612 0.0292656166478992 0.0376871678978205 0.0337629003450274 0.0347470635548234 0.0458136264234781 0.0417635407298803 0.0394571335986257 0.0338497577235103 0.041422875598073 0.0383765492588282 0.0400852702558041 0.0463333506137133 0.0688698582351208 0.0654812857508659 0.0551875691860914 0.0610427260398865 0.0446951873600483 0.0407565828412771 0.0376555753871799 0.0401990368962288 0.0359120573848486 0.0444543614983559 0.0498382862657309 0.0373287241905928 0.0371514774858952 0.0416545446962118 0.0419547140598297 0.0483099475502968 0.0619074422866106 0.0801887460052967 0.062899949029088 0.0369965186342597 0.0518325701355934 0.0624680023640394 0.0732184775173664
0.0357480948790908 0.0385043976828456 0.0504188612103462 0.0460889611393213 0.0422616299241781 0.0414003867655992 0.0288812398910522 0.100577054545283 0.0210609309375286 0.0287773819640279 0.0316764293238521 0.0368367720395327 0.0368084555491805 0.0355946350842714 0.0366200257092714 0.0406407052651048 0.0299923997372389 0.0315780885517597 0.0410986844450235 0.0360031688585877 0.0520427111536264 0.0594950020313263 0.0625994842499495 0.0509425226598978 0.0446941446512938 0.0836690366268158 0.051145850867033 0.0303484050557017 0.0412856582552195 0.040007921308279 0.0392705196514726 0.0716644994914532 0.0698720581829548 0.0604776054620743 0.0448421191424131 0.0709405317902565 0.0508082631975412 0.0858851052820682 0.09392014965415 0.110931877791882 0.103306080400944 0.117212661355734 0.104768382012844 0.109059720486403 0.132671649008989
0.0399209450930357 0.0553218226879835 0.0472718693315983 0.029529326967895 0.0290670804679394 0.0342204982414842 0.034977638348937 0.0452078249305487 0.0315589899197221 0.0424640823155642 0.0275959147140384 0.0331474168226123 0.0353837873786688 0.0365125734359026 0.0345622196793556 0.0319318678230047 0.0336729645729065 0.0417343072593212 0.0367884555831552 0.0533248670399189 0.0840487249195576 0.105891225486994 0.0458673574030399 0.0429588306695223 0.0441396631300449 0.0345885954797268 0.0417479787021875 0.0553386993706226 0.0577569782733917 0.058993811160326 0.0690454959869385 0.045949786901474 0.057454289868474 0.0831880331039429 0.0758400425314903 0.0575827717781067 0.0747958041727543 0.099491485953331 0.0976161479949951 0.0971622467041016 0.065983309596777 0.0859874002635479 0.104704660922289 0.10162470638752 0.156265999376774
0.0557629022747278 0.04203898049891 0.040579204633832 0.0484206471592188 0.0429902371019125 0.0324370730668306 0.0307510936632752 0.029512463323772 0.0367199990898371 0.0270887516438961 0.0341056700795889 0.0395381473004818 0.0413415465503931 0.0322596063837409 0.0327440828084946 0.0383168140426278 0.0364716595038772 0.0331254068762064 0.0326603356748819 0.0442119959741831 0.0431264106184244 0.0304222509264946 0.0643226258456707 0.0469538737088442 0.0380062911659479 0.0290423814207315 0.0347949732095003 0.0385330524295568 0.0406390881165862 0.0365484727546573 0.0529988344758749 0.0503686886280775 0.0559761252254248 0.0842567048966885 0.102925258129835 0.085766527056694 0.0844331301748753 0.0869521141052246 0.0582438752055168 0.0654711402952671 0.0794761400669813 0.0910652823746204 0.072414730861783 0.0770583234727383 0.0827992089092731
0.0409971879795194 0.0525544174015522 0.0399034600704908 0.0388902386650443 0.0372515616938472 0.0353797053918242 0.0320081625133753 0.0319598799571395 0.0312844483181834 0.0341987203806639 0.0392899928614497 0.0297735502943397 0.040514849871397 0.0430081386119127 0.036827902123332 0.0364601828157902 0.0418280065059662 0.0453521367162466 0.0331880919635296 0.0183113927952945 0.026591114513576 0.0445589102804661 0.0815980993211269 0.0673918973654509 0.0652427542954683 0.0283413564786315 0.031727229245007 0.0310546196997166 0.0570778269320726 0.0344451723620296 0.0615397214889526 0.106531345099211 0.0575511671602726 0.0710113178938627 0.0439442288130522 0.0830896615982056 0.0707623712718487 0.0723665159195662 0.0390393359586596 0.0682917028665543 0.0865625269711018 0.080615346133709 0.0870545506477356 0.0817434828728437 0.0434542879462242
0.0139754823409021 0.0461532223969698 0.042698946967721 0.041481701284647 0.0389870719984174 0.036530670709908 0.0350089175626636 0.0369912685826421 0.0269658992066979 0.0309481520205736 0.0293175427243114 0.0392936944961548 0.0305956967175007 0.0139780181460083 0.0270140783861279 0.0314612695947289 0.0322134785354137 0.0333625484257936 0.0341437695547938 0.0344332220032811 0.0346706902608275 0.0329194746911526 0.0432133596390486 0.0303594551980495 0.0417457001283765 0.0285646334290504 0.0333074329420924 0.0354231514036655 0.0340116979554296 0.0329714126884937 0.0498881187289953 0.0462222829461098 0.0506346687674522 0.0441343940794468 0.0530386555939913 0.043010375648737 0.0405866460874677 0.0451250556856394 0.0446165684610605 0.033942099288106 0.0256829932332039 0.0263775050640106 0.02804632242769 0.0265552854165435 0.0327212953940034
0.0371188387274742 0.0469294238835573 0.0424133341759443 0.0388224063441157 0.040702873468399 0.0347111906856298 0.0309733564034104 0.0359406851232052 0.0382220294326544 0.0271752847358584 0.0380259877070785 0.0300494672730565 0.0298260677605867 0.0351957624778152 0.0343130555003881 0.0310669884085655 0.0324560433626175 0.0462810166180134 0.0446679163724184 0.0525010887533426 0.0348183741793036 0.0427324824035168 0.0433566864579916 0.0308306783437729 0.0298698782920837 0.0289660323411226 0.0289330219849944 0.0316666565835476 0.028667064756155 0.0532091461122036 0.0436460997909307 0.0689674586057663 0.0283481605350971 0.0375499675050378 0.0282375738024712 0.0285422716289759 0.0332698833197355 0.035179278627038 0.0255657851696014 0.0263547871261835 0.0281218253076077 0.0276756847277284 0.026419373229146 0.0258401921018958 0.0302484683692455
0.0395623631775379 0.0330783868208528 0.0411095151677728 0.0414466317743063 0.0440462939441204 0.0405976509675384 0.0361886905506253 0.0328778069466352 0.0309670072048903 0.0290497614070773 0.0308252984657884 0.0318144522607327 0.0319978266954422 0.0395686939358711 0.0298593793064356 0.0346649805083871 0.0319594074040651 0.0323915846645832 0.0332596592605114 0.0341110708191991 0.052471636980772 0.0476841509342194 0.0331779604777694 0.0337839530780911 0.033078514225781 0.03135727327317 0.037561852298677 0.0348638331517577 0.0370160978287458 0.0378676678985357 0.0358791388571262 0.0531862650066614 0.0268599597737193 0.0269195152446628 0.0327718444168568 0.0335736507549882 0.0332212993875146 0.0256223779171705 0.0263209067285061 0.0265408914536238 0.0259372930973768 0.0263938872143626 0.0319850508123636 0.0308170203119516 0.0305161004886031
0.0410088451579213 0.0465780477970839 0.0362594645470381 0.0436397038400173 0.0426559053361416 0.0352492609992623 0.0331256015226245 0.0347497733309865 0.0315195355564356 0.0292731339111924 0.0327831165865064 0.0303407898172736 0.0405900595709682 0.0191434202715755 0.0415371984243393 0.0287939485162497 0.0396485712379217 0.0359782334417105 0.0334369029849768 0.0336282253265381 0.0344055885449052 0.034976975992322 0.0355244591832161 0.0360982157289982 0.0427275601774454 0.0322160560637712 0.0312668213620782 0.035819348692894 0.0301110809668899 0.0361743964254856 0.028807370737195 0.0276273669674993 0.0261828806251287 0.0286488745361567 0.0308814324438572 0.0266035696491599 0.0272057553753257 0.0262650225311518 0.0333963911980391 0.0276225872337818 0.0275746930390596 0.0284677755087614 0.0277856506407261 0.027157248929143 0.0308799147605896
0.0410830073058605 0.0395755307748914 0.0411679606884718 0.041358114220202 0.0341624833643436 0.0395222973078489 0.0327820058912039 0.0321955705061555 0.0306208180263638 0.0329160893335938 0.0270442588254809 0.0281841389834881 0.0284441640600562 0.0282592220231891 0.0280516725033522 0.0294833218678832 0.0401551187038422 0.0290360813960433 0.0314741695299745 0.0333627017214894 0.0459542237222195 0.0342401877045631 0.0348259737715125 0.047517728433013 0.0395120730623603 0.0332685329020023 0.0382742797955871 0.0299005227163434 0.0283382216468453 0.0300501668825746 0.0286773608997464 0.028182134218514 0.0326083242893219 0.0307501915842295 0.0283197548240423 0.0297569928690791 0.026036280952394 0.0258471928536892 0.0270210925489664 0.0287190536037087 0.0252019915729761 0.0245766507461667 0.02509387396276 0.0324238311499357 0.0303339894860983
0.0402552876621485 0.0390745406970382 0.0372087499126792 0.0365731351077557 0.0352818034589291 0.0333908455446362 0.0330367751419544 0.0317279506474733 0.0305561430752277 0.0329035852104425 0.0296791389584541 0.0261863946914673 0.0277713909745216 0.0274116950109601 0.0271803943440318 0.0338867537677288 0.028785564750433 0.0308050405234098 0.0285035232082009 0.0358809068799019 0.0370224643498659 0.0392386853694916 0.0325740613043308 0.0382513765245676 0.0359130941331387 0.0315186223015189 0.0369342673569918 0.0364829959347844 0.0330338833853602 0.0335724513977766 0.0282878760248423 0.0294851256534457 0.0331791419535875 0.0245229378342628 0.028555827960372 0.037283742800355 0.0243058066815138 0.0244946766644716 0.0247962180525064 0.0266699649393559 0.0265538608655334 0.033950599655509 0.0333659786731005 0.0318009933456779 0.0276676669716835
0.0381209431216121 0.0386473324149847 0.0382488209754229 0.0348899370059371 0.0357301058247685 0.044682876765728 0.0299199171364307 0.0256657665595412 0.0306160759180784 0.0290197042748332 0.0207392340525985 0.0290104480460286 0.0276989880949259 0.0238187236711383 0.0258083593100309 0.0264097616076469 0.029689403809607 0.0313662210479379 0.0327550992369652 0.0487114844843745 0.0296909749507904 0.032161545753479 0.0320403467863798 0.0363268790766597 0.0331892700865865 0.0371580014005303 0.0357772320508957 0.0308198792859912 0.0305477445945144 0.033942692913115 0.0311311114579439 0.0261056125164032 0.0253231033682823 0.0288951193913817 0.0255649875849485 0.0246008902788162 0.030425732024014 0.0263549787923694 0.0252372827380896 0.0250005504116416 0.0344192391261458 0.0184806257486343 0.0275216015055776 0.0294764172285795 0.0319758614525199
0.0377062533050776 0.039013016037643 0.0388287365436554 0.0410818306729197 0.0428199637681246 0.0396371865645051 0.0330386877059936 0.0319518508389592 0.0302205383777618 0.0166631397791207 0.01173708839342 0.0245501281693578 0.0250784227624536 0.0248484300449491 0.0255157643929124 0.0240164067596197 0.02933952473104 0.0270401883870363 0.0318915424868464 0.032225107960403 0.0326523153111339 0.0298642566427588 0.030228166282177 0.0292387025430799 0.0338138731196523 0.0352153761312366 0.0346452260389924 0.035306704044342 0.0283754210919142 0.0331326043233275 0.031956666521728 0.0278603076934814 0.0286223767325282 0.0257908510044217 0.0237612668424845 0.0341354802250862 0.0291652712970972 0.0253932438790798 0.0403821047395468 0.0267639242112637 0.0343821872025728 0.0291249888017774 0.0290216052904725 0.0272561153396964 0.0320122571662068
0.0434060249477625 0.0426356852054596 0.0357207719236612 0.0374464835971594 0.0309887519106269 0.035588569380343 0.0300616916269064 0.0269364366307855 0.0301367549225688 0.0241794846951962 0.0250132385641336 0.0213913575746119 0.0202166764065623 0.0247273882851005 0.0257088968530297 0.025279607437551 0.0234121872112155 0.0223125359043479 0.0229114038869739 0.0242573250085115 0.0294841947034001 0.0285322654992342 0.035853367485106 0.0314264252781868 0.0213809167966247 0.0297706829383969 0.0366508612409234 0.0299711655825377 0.0299208164215088 0.0301855452358723 0.0288042897358537 0.0505090523511171 0.0196131615899503 0.0225256389006972 0.026578819565475 0.0280873414129019 0.0258017975836992 0.0268503002822399 0.0263858629390597 0.0281279465183616 0.0296621665358543 0.0302272271364927 0.0391685811802745 0.0321218619123101 0.0304547067731619
0.0421484038233757 0.0361859660595655 0.0326975928619504 0.0359035162255168 0.0358448466286063 0.0357980558648705 0.0295282877981663 0.0290558144450188 0.0304118791595101 0.029449999704957 0.025149055570364 0.0179452114738524 0.0208512851968408 0.020416503585875 0.0203300273045897 0.0169266262091696 0.0227593751624227 0.0262976802885532 0.0140030436217785 0.011420252872631 0.0154167237691581 0.0189558188430965 0.0226972326636314 0.017382247094065 0.020828421972692 0.0141267362982035 0.0240576518699527 0.628027305006981 0.179209056124091 0.0602263666689396 0.036281256750226 0.0234602067619562 0.0211703449487686 0.0270897340029478 0.0282372450456023 0.0282258778810501 0.0247978065162897 0.0255565509200096 0.0271338267251849 0.0273214627057314 0.0301241392269731 0.0293294986709952 0.0413311757147312 0.0308411188423634 0.0290056016296148
0.042203295044601 0.0352816725149751 0.0529325861483812 0.0326291022822261 0.0330169009044766 0.0373345514759421 0.0314159519970417 0.0352038010954857 0.0269851721823215 0.023769932705909 0.0222931819036603 0.0195403668098152 0.013192247133702 0.0186765911057591 0.0140815305523574 0.0102991687133908 0.0125900293700397 0.0122623265720904 0.010378530016169 0.0106540670618415 0.0106301084160805 0.0160187005531043 0.0242376033216715 0.0213309025391936 0.0140508158132434 0.0184777116402984 0.0284462299197912 0.024712879396975 0.0198686460964382 0.021059924736619 0.0272233193740249 0.0184224657714367 0.0105646870564669 0.00984583296813071 0.0147952424362302 0.00977769340388477 0.0116609966848046 0.0118375725112855 0.0176041721366346 0.0186397093348205 0.0236250886693597 0.0238206967711449 0.0238932618871331 0.030987998470664 0.0265843698754907
0.0376718103885651 0.0410429487004876 0.0326500326395035 0.0328291343525052 0.0301665376871824 0.0312143156304955 0.0306501934304833 0.0276181414723396 0.0278103787451983 0.0252619361504912 0.0259417401626706 0.0232485675252974 0.0143384824506938 0.0133040595799685 0.0129744904115796 0.0116289572790265 0.0162564359605312 0.0167435016483068 0.01552908802405 0.0161993989720941 0.0508928695693612 0.0277753638103604 0.0195571577176452 0.0209661110304296 0.026901944540441 0.0269364891573787 0.0235963597893715 0.0267954211682081 0.0276518987491727 0.0196394965983927 0.0121877068653703 0.0135239263065159 0.0168859663419425 0.0130361149087548 0.0151670816354454 0.0100735285785049 0.00916070537641644 0.00904181622900069 0.00957781183533371 0.0092219855170697 0.0105824844911695 0.00993870375677943 0.0140530128963292 0.0193564034067094 0.0208114337176085
0.0380700208246708 0.0370581496506929 0.0348664512857795 0.0210828896611929 0.0267390839755535 0.0202202167361975 0.0299245312809944 0.0353336086496711 0.0274072548374534 0.0240898841992021 0.0227439950220287 0.0220179181545973 0.020784623362124 0.0186983953230083 0.0163044010289013 0.0229327762499452 0.0170678908936679 0.0215574036352336 0.0181584079749882 0.0238427989184856 0.0174910110421479 0.0191452556289732 0.0247995296493173 0.0237229494377971 0.0255433723330498 0.0291671404615045 0.0208159522153437 0.0195555134676397 0.0116981295868754 0.0108782986178994 0.00963180474936962 0.0123383805155754 0.0250104617327452 0.0171511047519743 0.0146034866571426 0.0121805985458195 0.0104506364557892 0.00969765367917716 0.0103831800632179 0.0104277668520808 0.0198963813483715 0.0101759993005544 0.00874666492454708 0.0101946901530027 0.0085029567591846
