Scripts_&_data/Maxent_result_files_2/B_jonellus_3.asc
NCOLS 594 
NROWS 330 
XLLCORNER -15 
YLLCORNER 23 
CELLSIZE 0.166666666666667 
NODATA_value -9999 
[rows 140 to 159 of 330, columns 450 to 494 of 594]
0.000637707475107163 0.0001660164387431 0.000326054119796026 0.00042898649990093 0.000443308791727759 0.000146073484211229 5.16438867634861e-05 0.000194543181714835 0.000184917354636127 0.000195916472875979 0.000193627143744379 7.2790320700733e-05 1.90533336876797e-06 2.00242370738124e-06 0.000365075084846467 0.000393626165896421 0.000274137681117281 0.000250493716157507 0.000339852043543942 0.000302486091095488 0.000633138325065374 0.000315191717527341 0.000244152764207683 0.000283264280005824 0.000131096641416661 0.000223965740588028 2.06900169814617e-06 0.00025845626660157 6.89118078298634e-05 0.000256452470785007 0.000163677026284859 0.000130683689349098 6.60287423670525e-05 0.000404106498172041 0.000425865995930508 6.51854599709623e-05 0.000299918216478545 0.000259579045814462 0.000220534735126421 0.000206830739261932 0.000279938810854219 0.000194373617705423 0.000252115215698723 0.000253769982373342 0.000252851341792848
0.000197262954316102 0.00012739127741952 0.000109714324207744 0.000587840616935864 0.000667497111135162 0.000370352243771777 5.48566385987215e-05 0.000301667911116965 7.68435049394611e-05 6.65352590658586e-05 0.000361210614209995 0.000253435368358623 0.000127696102026675 3.99796872443403e-06 0.000280070352891926 3.5116271192237e-05 0.000565585288859438 6.52263755910099e-05 0.000282974480069242 0.000213130294287112 0.000140752263541799 6.77114041536697e-05 5.95526311371941e-05 0.000109002028329996 0.000150283501716331 2.58841455433867e-05 0.000216556583472993 0.000442413371638395 0.000249906531826127 5.11228186951485e-05 0.000103869155282155 0.000270566569815855 0.000181608421553392 0.000381789548555389 0.000263997752335854 0.000166179335064953 0.000493228563573211 0.00015831597847864 0.000238328194245696 0.000270161703519989 0.000249986145354342 0.000253273358976003 0.000257956131827086 0.000287777528865263 0.000241187367646489
7.18959719961276e-05 0.000187205460679252 0.00122101318556815 0.000628286416758783 0.000224023594637401 0.00011410999322834 4.88811219838681e-05 4.13386422223994e-05 4.78588584883255e-05 7.5242149978294e-05 0.000232701546337921 0.000118283573101507 0.000266440217092168 5.42743606274598e-05 9.95526101178257e-05 0.000248275448393542 0.000560412727645598 0.000324831930629443 0.000254159135511145 0.000207316853629891 0.000236621723161079 0.000277658164850436 5.91063804677106e-05 0.000269210639817175 0.000306562834884971 0.000282987946411595 0.000259059542440809 0.000325345170858782 0.000214182482159231 0.000436311740486417 0.000161474668129813 0.000256239622831345 0.000255563754762989 0.000272937862609979 1.11712396119401e-05 0.000342609451035969 0.000329178206447978 0.000409606838366017 0.000225448000128381 0.000333068154577632 0.000258797020069323 0.000256530070328154 0.000284571960219182 0.000274703120521735 0.000190737919911044
9.05457338376436e-05 0.000121064797349391 0.000469664743286557 0.000319351034704596 0.000639118521939963 0.000119718283895054 4.44508899818175e-05 4.16215167206246e-05 3.83449802029645e-05 0.000830829690676183 8.75951707712375e-05 0.000127949439774966 9.06348304852145e-05 0.000201557163381949 0.000205123287742026 6.48699464363745e-05 0.000218626098649111 0.000231868363334797 0.00023943213163875 0.000268650295038242 0.000302514323266223 0.000108962004014757 0.000221142272494035 0.000284699510666542 0.000115939298848389 0.000266111608652864 0.000253184715984389 7.9093928434304e-06 0.000127681761659915 0.00024199987819884 0.000411265093134716 0.000304623745614663 0.000272013159701601 0.000280973334156442 0.000641928805271164 0.000319258362287655 0.000397003133548424 0.00022603266115766 0.000297230643627699 0.000287170654337388 0.000287549813219812 0.000269828399177641 0.000275122141465545 0.000297647473053075 0.000299878598889336
0.000323867177939974 7.43703167245258e-05 0.000310992159938905 0.00022623568365816 0.000133136180375004 5.38860953383846e-05 6.41118687781272e-05 0.000239231581508648 0.000224104564404115 6.23202665792633e-06 0.00022343910386553 6.93643640261143e-05 6.63474373141071e-05 4.48079272246105e-05 0.000146380559453974 0.000133146331063472 0.000164928156300448 5.03304023368401e-05 0.000242713806801476 0.000205124054627959 8.30337157822214e-05 4.82855006339378e-05 0.000215430394746363 0.000281950167845935 5.46804778423393e-05 0.000326371272967663 0.000405713552027009 0.000210239279840607 1.16974067623232e-05 0.000123506126692519 0.000233636064513121 0.000196704154222971 0.000277666468173265 0.000107328598460299 0.000278623728081584 0.000892936102172826 0.000271761331532616 0.000527356003294699 0.000284003170963842 0.00032586218585493 0.000297897882410325 0.000315871908969712 0.000327051678323187 0.000441834372759331 0.00034715495276032
9.98862669803202e-05 0.000589551844677771 7.26511025277432e-05 0.000129411907255417 5.94368810197921e-05 0.000246727395278867 7.78959627496079e-05 0.000249583304685075 0.00026446353585925 0.00013149506157788 0.00022795749391662 0.000138787552714348 0.000202150746190455 8.61351290950552e-05 7.69511476391926e-05 0.000215643123374321 0.000281764721148647 0.000277799856849015 0.000251985766226426 0.000276498289895244 0.000262092849879991 0.00023596536484547 0.000147727524017682 0.00020987008465454 0.000354035169584677 0.00044111902534496 0.0002612907832372 0.00016433098790003 0.000566480081761256 0.000633755383023526 0.000153888869681396 0.0002791840757709 0.000304569434956647 0.000293721548223402 0.000279458826116752 0.000314665377663914 0.000306021275173407 0.000293942719872575 0.000292852992424741 0.000303128249652218 0.000333179521840066 0.000325904058991 0.00033381185203325 0.000347516484907828 0.000364417835953645
0.00048429113230668 0.000186217182636028 9.89055981335696e-05 5.64309397304896e-05 9.21128870686516e-05 6.39446898276219e-05 0.000129512217245065 0.000110940765080159 0.000242970083490945 0.000246289311326109 0.00023560389818158 0.000136025731626432 0.000255174869380426 0.000347937527112663 0.000257836264790967 0.000412474510085303 0.000267731894564349 0.000256621665903367 0.000275784234690946 0.000186568416393129 0.00026914376358036 0.000262709520757198 0.000238314520538552 0.000667557097040117 0.000117678935930599 0.000297585930093192 0.000292431830894202 0.000297953526023775 0.000219054325134493 0.000303012863150798 0.000548189046094194 0.000261138478526846 0.000312399755057413 0.000335069450375158 0.000328758521936834 0.000328636645281222 0.000300919046276249 0.000277455848117825 0.000324778101639822 0.000341466969985049 7.64257863920648e-05 0.000135137348115677 0.000312629841209855 9.13714495254681e-05 0.000121046090862365
0.000287992517405655 0.000211282360396581 0.000324662393541075 0.00029237708367873 0.000220509769860655 5.12774768139934e-05 0.000225730915553868 0.000248151157575194 0.000323590861808043 0.0013828376220772 0.00038668909255648 0.000298509473213926 0.00016438638267573 0.000227984820958227 0.000733396442956291 0.000302087748423219 4.44393408542965e-05 0.000324743592500454 0.000143254632712342 0.000265952273912262 0.000250553496880457 0.000176397089671809 0.000300013316154946 0.000148476957110688 0.000364128484216053 0.000213713617995381 0.000283008003316354 0.000274372907006182 0.000228197501564864 0.000298457840108313 0.000650156132178381 0.000265932928596158 0.000350474216975272 0.000975018223107327 0.0003406154923141 0.000367637797899079 0.000362737420073245 0.000368157948832959 0.000371337807155214 0.000400018748769071 8.35049548186362e-05 7.6191412154003e-05 0.000395663359086029 0.000171289598802105 0.000133638739498565
0.000824352802010253 0.000122664262744365 0.00108500475762412 0.000479148331214674 0.000294560767360963 0.000257793649507221 0.000450905623438302 0.00027155367861269 0.000274250900838524 0.000331853149691597 0.000275745459657628 0.000225803423381876 0.000184643371176207 0.000252608259324916 0.000801054315525107 0.000435573217691854 0.000583312127855606 0.000186848928569816 0.000320119690150023 0.000248889659997076 0.000212999375071377 0.00124594084336422 0.000476451936992817 0.000323628231126349 0.000739399378653616 0.000252469994302373 0.000208070884400513 0.000143652033148101 0.000308560839039274 0.000295797135913745 0.000893913069739938 0.000219123710121494 0.000417676006327383 0.000471495390229393 0.000426510628312826 0.000390820381289814 0.000422017725941259 0.000183194260171149 0.000184858323336812 0.000159907465422293 0.000344964620308019 0.000203975710610393 9.27193301322404e-05 9.98551389784552e-05 0.00010037389874924
0.00060585884784814 0.000882815202930942 0.000686382167623378 0.000781027681659907 0.00036350587324705 0.000294781537377276 0.000294874206883833 0.000257666769903153 0.000215253562782891 0.00016179240992642 0.000211147943628021 0.000181365557364188 0.000242368411272764 0.000302243708574679 0.000350335819530301 0.000203384659835137 0.000261192754260264 0.00021317137288861 7.62295938329771e-05 2.18644046071859e-05 0.000635655591031536 0.000207840473012766 0.000641501808422618 0.00051239485910628 0.000531295037944801 0.000203529522696044 0.000170629576314241 0.000924876105273142 0.000808156694984064 0.000234239730343688 0.000210389148560353 0.000240920277428813 0.000420279693207704 0.000358975122799166 0.000393475449527614 0.000855905118805822 0.000390598898229655 0.000331731261394452 9.65431005170103e-05 0.000137541664662422 0.00021667438413715 0.000104435421235394 0.000111137427666108 0.000182005186798051 0.000130586671002675
0.000364813671330921 0.000414011446991935 0.00038198232796276 0.000614047815906815 0.000213695380080026 0.000233643742103595 0.000313092958822381 0.000268911584862508 0.0003121133078821 0.000140012428164482 0.000290944086736999 0.000320282383472659 0.000287108842167072 0.000242925804923289 0.000169084947992815 0.000221710276673548 0.000259000057121739 0.00016429486204288 0.00154097743798047 0.000278671419073362 0.00030902432044968 0.000241416190692689 0.000332472420996055 0.000153853667143267 0.000193973581190221 0.000738545093918219 0.000490775279467925 0.000225479229993653 0.000179918084904784 0.000226145943452138 0.000188749867811566 0.000258194719208404 0.000405933464935515 0.000441779954417143 0.000438681498053484 9.59565444645705e-05 0.000447780553076882 9.65498824371025e-05 0.000202372772764647 0.000455596833489835 0.000558470646501519 0.000633854151237756 0.000137814306799555 0.000158212687529158 0.000158442062820541
0.000655663062934764 0.00042878539825324 0.000369094277266413 0.000331316606025212 0.000362444689380936 0.000374143075896427 0.00030706047109561 0.000172125342942309 0.000333025321015157 0.000263466099568177 0.000425217137672007 0.000195875004283153 0.000486387070850469 0.000174355672061211 0.000175437572761439 0.000259954697685316 0.000432534897117876 0.000434295937884599 0.000302096312225331 0.00049815381935332 0.000184844462637557 0.00023162150173448 0.000262716837460175 0.000263957798597403 0.000263189253746532 0.000641772960079834 0.000489014334743843 0.000227152931620367 4.00089662434766e-05 0.000112456727583776 0.000315567798679695 0.000730281096184626 0.000346274442563299 0.000295502789958846 1.19675951737008e-05 0.000635397918813396 0.000212644842395093 0.000280944768746849 0.00047306330234278 0.000548685566172935 0.000565279941656627 0.000574805779615417 0.000155882231047144 0.00018195796146756 0.00019085860621999
0.00107843406149186 0.000636947149178013 0.000343620276544243 0.000342981441644952 0.000427107571158558 0.000281506661849562 0.000218450441025198 0.000220085642649792 0.000265802061767317 0.000364710846042726 0.000360845707473345 0.000172295981610659 0.000129089877009392 0.000109430617158068 0.000760620279470459 0.000240148641751148 0.000963027024408802 0.00119731355807744 0.000685170071665198 0.000260441268619616 0.000247423045220785 0.000652471932698972 0.000808436929946765 0.000659201364032924 0.000643466311157681 0.000142567416332895 0.00013339733632165 4.14382244343869e-05 0.000154565688717412 0.000272677645261865 0.000238562197773717 0.000262618929264136 0.000308526879234705 0.000127948254521471 0.000552921887720004 0.000814887692104094 0.000416578903968912 0.000259675272536697 0.000530994136352092 0.000589710153872147 0.000552043886273168 0.000587233246187679 0.000705039242166094 0.000691901735262945 0.000713805039413273
0.000808828673325479 0.000255895283044083 0.000347144677652977 0.000321134175464977 0.000246782021713443 0.000256432038440835 0.000720426818588749 0.000598119426285848 0.000468663198989816 0.000250070964102633 0.000253333551518153 4.70442366349744e-05 0.000125082508748164 0.000825312093365938 0.000998349639121443 5.23636244906811e-06 6.25633290837868e-05 0.00112232370884158 0.000108579408697551 0.000289366208016872 4.7374023051816e-05 0.000656731802155264 0.00261274976073764 0.0036267509451136 0.00204969904734753 0.000250373664312065 0.00052603939693654 4.86294620714034e-05 0.000206592897302471 0.000396561391244177 0.000253017917566467 0.000526044066646136 0.000422614891431294 0.000472879697917961 0.000513991150364745 0.000497367419302463 0.000233453046530485 0.000611020224459935 0.000442300726717804 0.000572741095675155 0.0003501685539959 0.000643308469443582 0.00073319363000337 0.000741055811522529 0.000867878639837727
0.000905969669111073 0.000471037742681801 0.00105457252357155 0.000806807389017195 0.00146080905105919 0.000353516457835212 0.000138787397008855 0.00130283070029691 0.00012762262558681 0.000319529288390186 0.00045111796061974 0.000255617906805128 0.000311319944739807 0.000249962240923196 0.000218320277053863 0.000217499338032212 5.44621549124713e-05 5.51894387172069e-05 5.60911175853107e-05 0.000165430807101075 0.00032755696302047 0.000385734380688518 5.65762977203121e-05 0.000206809568044264 4.9846748879645e-05 4.93559922688291e-05 4.77367173516541e-05 0.000457333694794215 5.34724742465187e-05 0.00125645621446893 0.000369498496002052 0.000421014238963835 0.000574830325786024 0.000550923036644235 0.000573319284012541 0.000580451577843633 0.000564001385646407 0.000584984224406071 0.000328042535693385 0.000457612366881222 0.000752539379755035 0.000834308925550431 0.00106598883867264 0.000675413256976753 0.000971612159628421
0.00085987695492804 0.000427143429988064 0.000456290211877786 0.000375052285380661 0.000467830058187246 7.65453569329111e-05 0.00031526951934211 9.41713111387799e-05 6.37720007944154e-05 5.9050951313111e-05 6.29065765679115e-05 6.70097655529389e-05 0.000218039707397111 0.000388107683102135 0.000213628633355256 6.61811089230468e-05 6.50806046905927e-05 6.56622669339413e-05 6.23160871327855e-05 5.96112153289141e-05 5.91649531997973e-05 5.79090788960457e-05 5.99170649365988e-05 5.74511966988211e-05 6.04331180511508e-05 5.44514867215184e-05 5.70742777199484e-05 6.01768701017136e-05 5.60892742214492e-05 0.000341164552082773 0.000365987526311073 0.000561286823358387 0.00067063708556816 0.000535649151424877 0.000518425842165016 0.000429507967783138 0.00041990171012003 0.000327201136678923 0.00047004061343614 0.00117569819558412 0.000921852799365297 0.000921442898106761 0.00101230883446988 0.00107154613069724 0.00106077538512181
9.23139406950213e-05 9.57637807005085e-05 0.000302180850121658 9.9908033007523e-05 0.000450815577642061 9.44820239965338e-05 7.8054496407276e-05 7.61216699174838e-05 7.09910400473746e-05 6.9422796877916e-05 0.000173023490060586 7.62218580348417e-05 0.000149466827861033 0.000182614308141638 7.54424669139553e-05 7.20241314411396e-05 6.70842713589082e-05 6.65515261061955e-05 7.09010731952731e-05 6.67003165290225e-05 6.66634921799414e-05 7.06948503648164e-05 7.12619839760009e-05 6.92525180056691e-05 6.68375589157222e-05 6.01825591729721e-05 6.31169979897095e-05 0.000265127637248952 0.000363597761315759 0.000349727900174912 7.41044939786661e-05 0.000599772049463354 0.000757841195445508 0.000625293483608402 0.000691810360876843 0.000730593575281091 0.000706769889802672 0.000731628932408057 0.000649563007755205 0.000423318651155569 0.000490052890381776 0.000573169181006961 0.00107119896565564 0.000812702978146262 0.000848517750273459
0.000107539590680972 0.000107116225990467 0.000110119730743463 0.000113585467988742 0.00050442447536625 0.0001048383237503 0.000431653557461686 0.000277997287048493 8.19727669295389e-05 7.98442080849782e-05 7.86936860095011e-05 8.57017006637761e-05 8.81483851117082e-05 0.000201100708363811 0.000598335635731928 0.00031429400696652 0.000303385959705338 7.7742914436385e-05 7.99889636255102e-05 0.00047280622238759 0.000334472388203721 0.000652960804291069 7.96849319158355e-05 7.64266100304667e-05 7.11888318619458e-05 6.6078956660931e-05 7.17812315997435e-05 7.32797700038645e-05 7.37419504730497e-05 0.000338460455532186 0.000412302045151591 0.000624836681527086 0.000437643117038533 0.000586325488984585 0.000705505374935456 0.00051384977705311 0.000504960538819432 0.00245746824657544 0.000628931628307328 0.000689835316734388 0.000662401260342449 0.00093297827988863 0.000691188650671393 0.00103301862836815 0.0021100515499711
0.000121237994608236 0.000124066184071125 0.000120585071272217 0.000121805506205419 0.000272246397798881 0.000580407603411004 0.000614235765533522 0.000580029137199745 0.000272963539464399 0.000572460817056708 0.000358930685615633 0.000214840826811269 9.05532619071892e-05 0.000565037771593779 0.000678735799738206 8.8530082575744e-05 8.49014624691336e-05 8.63295863382518e-05 0.000379730889108032 0.000396214656939264 8.56663573358674e-05 8.65216294187121e-05 8.52112028951524e-05 8.15451392554678e-05 7.37927919544745e-05 6.62931506667519e-05 6.90731500071706e-05 7.14533285645302e-05 7.530025250162e-05 0.00164719133172184 0.000581177946878597 0.00171561086317524 0.00137140333536081 0.00118530582403764 0.00061669661954511 0.00120534213492647 0.000479678803822026 0.00055959461024031 9.63641541602556e-05 0.000257839680125471 0.00288943432969972 0.00189106444595382 0.00349605779629201 0.00200094062602147 0.00108587132999673
0.00101057389983907 0.000133584822469857 0.000145400065230206 0.000136460230714874 0.000284461479168385 0.000118513269990217 0.000115005260886392 0.000109825676190667 0.0001063178802724 0.000240196665981784 9.81265387963504e-05 0.000406072454643436 9.89345913694706e-05 8.87442434759578e-05 9.65530300163664e-05 9.5494874403812e-05 9.01382180018118e-05 8.64640420331852e-05 8.02116530394414e-05 8.0467317457078e-05 7.77659348386805e-05 8.16161107650259e-05 8.01737907750066e-05 7.59464201109949e-05 6.74304956191918e-05 6.54353098070715e-05 6.96885599609232e-05 6.83361951814732e-05 6.97657531418372e-05 7.83476221840829e-05 0.000186598938307725 8.23905844299588e-05 0.000221717065142002 0.000616012766840868 0.00133293880498968 0.00118211865192279 0.00135620852233842 0.00105594341293909 0.000581768501433544 0.0001014173249132 0.000545386498561129 0.00233361150603741 0.000122396194637986 0.000545011085341685 0.000559236886329018
