Scripts_&_data/Maxent_result_files_2/B_lapidarius_3.asc
NCOLS 594 
NROWS 330 
XLLCORNER -15 
YLLCORNER 23 
CELLSIZE 0.166666666666667 
NODATA_value -9999 
[rows 40 to 59 of 330, columns 506 to 551 of 594]
1.49243919000952e-08 2.17975979932561e-08 5.84049428820066e-09 2.76762250894791e-09 1.35277007373702e-09 4.71020511483289e-10 3.9085058523014e-10 5.32324015978247e-09 5.56217690794725e-09 3.91065495541909e-09 2.41455503369181e-09 4.05340742082316e-09 6.25848598501122e-09 1.49285821371414e-08 2.78071764503451e-09 1.95279803438808e-10 3.65312020633723e-09 -9999 -9999 -9999 -9999 -9999 -9999 -9999 -9999 5.3517729137198e-10 1.5681387299793e-10 7.43942178971224e-09 4.38181733120047e-09 1.83231053441091e-08 1.539899650016e-08 9.86759630672296e-09 4.39573967003781e-08 2.35050631847145e-08 4.41704176568081e-09 3.05398991651273e-09 8.84095516795469e-09 2.48936332769567e-08 -9999 -9999 -9999 -9999 -9999 -9999 -9999 -9999
6.17344920517127e-08 1.40431842376998e-08 1.01216157455397e-08 8.92399438789937e-09 7.53413120779811e-09 6.71046486155902e-09 1.07591467735091e-08 8.99439671631086e-09 2.71849638355803e-09 2.35152107785908e-09 3.5147553867354e-09 1.54374313998673e-08 2.0898985142459e-08 2.45078872973536e-08 3.35323126599008e-08 3.27807704980643e-08 2.07528330298246e-08 5.7801682440406e-09 2.67459964176098e-09 1.15825526281199e-08 -9999 -9999 -9999 -9999 -9999 -9999 9.88222548237161e-10 4.96509944269974e-11 3.11457500901113e-09 3.67055591254939e-08 2.87218982597537e-08 4.08333280521589e-08 3.88960772479408e-08 3.7278202347224e-08 3.51895949712855e-08 3.09832190126258e-08 3.00410573972343e-08 1.46288985258813e-08 1.42719911000455e-08 2.43041512471009e-08 2.16803955455092e-08 2.26145954407286e-08 3.65043166805634e-09 2.69833361210559e-09 4.44845140723515e-09 6.49797071705649e-09
3.70660242277054e-08 6.22627728041891e-08 3.20825499944277e-08 1.19005372334335e-08 1.01678493180657e-08 2.40704057574703e-08 1.3811895205329e-08 1.54715701583541e-08 3.71603670057397e-08 1.87043138755172e-08 2.49353346859493e-08 1.26315920390141e-08 3.29219969952277e-08 4.07776502786561e-08 3.21185500418153e-08 1.88401356959744e-08 3.65682611302986e-08 3.46153812280647e-08 1.09608548126694e-08 4.9752690856053e-10 -9999 -9999 -9999 -9999 -9999 -9999 -9999 3.37228736602135e-08 3.75620534676102e-11 1.34276280761014e-08 3.99460115652062e-08 4.08942621987762e-08 2.22494591417544e-08 3.82734533399542e-08 1.92495766215828e-08 1.82566801454342e-08 1.5205224690451e-08 1.21569295408186e-08 1.17609729621826e-08 2.0180104343126e-08 1.12971945021023e-08 1.04175368775827e-08 1.74588864032543e-08 1.68572235059727e-08 1.46833852410211e-08 8.53481632034914e-09
8.91973424899106e-08 5.60213252676078e-08 8.12181698783832e-08 6.52707105253114e-08 5.57755357455392e-08 2.56161674982991e-08 3.78796013666971e-08 2.23819772715572e-08 3.5826631039626e-08 4.7982534212565e-08 3.49723392911727e-08 1.94836279332478e-08 2.61663120504352e-08 1.86907480159704e-08 4.06196566160588e-08 3.79822735041557e-08 3.67961650482584e-08 3.52833062766678e-08 2.00774449066188e-08 7.54913442868599e-10 1.15865172123364e-08 -9999 -9999 -9999 -9999 -9999 -9999 -9999 -9999 1.47347356538319e-10 3.07732745952194e-09 1.99096777953045e-08 2.29947641150474e-08 3.33952776543356e-08 1.67748111401522e-08 1.57199563255439e-08 1.36715157195155e-08 1.20074022613714e-08 1.66357041475607e-09 1.21336337643996e-09 1.02361730536238e-08 9.15364689602072e-09 8.80203704367588e-09 7.82203746219068e-09 1.43106042571617e-08 1.39117157682556e-08
5.08564348411511e-08 4.66994289016753e-08 4.53276141954007e-08 8.09424228087607e-08 7.67834237969112e-08 7.62346141769399e-08 2.14612537074999e-08 4.22794744547872e-08 4.72548085106439e-08 3.81993303655292e-08 1.35744892215683e-08 4.21428828500936e-09 9.68269825429857e-09 2.72059792916224e-08 2.16176043954519e-08 4.03450122199445e-08 4.31156373270625e-08 4.32443953091166e-08 4.48175293765729e-08 3.54937339519523e-09 -9999 -9999 -9999 -9999 -9999 -9999 -9999 -9999 -9999 -9999 5.98573834942329e-10 3.6188516450153e-08 3.6675433046085e-08 3.44594222045913e-08 1.87712199561929e-08 1.65684280739598e-08 2.74696914992489e-08 1.22189119267091e-08 9.9203003145476e-09 1.50783124652776e-08 7.28339667466216e-09 1.1996847693041e-08 1.16170358999135e-08 6.51789684447124e-09 1.16571383546038e-08 1.25226760738784e-08
5.59789960163926e-08 5.28294070267776e-08 8.74163615272039e-08 4.72186465039215e-08 8.21857357280464e-08 7.99040592802669e-08 2.06614053865906e-08 3.69023776869426e-08 2.32729100657636e-08 3.50711822250105e-08 5.62127599135209e-08 5.22601460772876e-08 5.71990267594913e-08 3.29422292999482e-08 5.23564458898562e-08 5.37669915257055e-08 2.69779357076061e-08 2.55078122624042e-08 2.66818118266343e-08 2.45193965131563e-10 -9999 -9999 -9999 -9999 -9999 -9999 -9999 -9999 -9999 1.13534991741382e-08 3.38074872985317e-08 2.00456445220709e-08 1.75744990560389e-08 1.73196353037142e-08 1.60526118508919e-08 1.58168083186361e-08 1.35735959805316e-08 1.98620498048641e-08 9.0063715929567e-09 1.36374221693103e-08 6.4802333610281e-09 1.07083059308621e-08 1.00213517151282e-08 5.89452581190031e-09 5.66818085800946e-09 6.16786210994036e-09
6.29347161940075e-08 5.75684507619911e-08 5.43713858380812e-08 9.63635333306456e-08 9.56724901968187e-08 7.40387104514184e-08 1.05220100521386e-08 7.76755633147275e-09 5.57048971394636e-09 5.09408439874903e-09 9.11501151223959e-09 5.32599970348713e-08 5.50255914166797e-08 5.93629281731012e-08 6.84910210324574e-08 5.59311582826183e-08 2.90435975713876e-08 9.39548605582985e-09 1.19956125033127e-09 -9999 -9999 -9999 -9999 -9999 -9999 -9999 -9999 -9999 1.68044016035651e-08 4.17768776905803e-08 2.0014518042899e-08 3.66502312942885e-08 1.87684312091818e-08 1.60729010989513e-08 1.40498793821386e-08 1.27306725605791e-08 1.08519594643752e-08 9.39502020624872e-09 8.35974175439347e-09 7.23515956035925e-09 1.24265954082325e-08 5.63221554950033e-09 5.26695292935031e-09 5.17302533031838e-09 5.56410545415886e-09 5.60180978270708e-09
8.39859660928255e-08 7.66108792404907e-08 6.64574205444524e-08 7.24060076784383e-08 4.51605054685444e-08 3.72942787763009e-12 1.27885926293203e-09 1.16204823541466e-11 3.11301213695714e-09 1.28501504992329e-09 1.95409621817078e-10 1.64379795331016e-09 3.34014759850732e-08 3.28019682971359e-08 6.14087958261678e-08 5.91431072116677e-08 5.72972857160181e-08 6.08439144400563e-08 3.57442169196531e-09 -9999 -9999 -9999 -9999 -9999 -9999 -9999 -9999 1.26794416521747e-08 2.74759242469003e-08 5.05772160153128e-08 4.85588905529966e-08 2.17558984605404e-08 2.15630146849222e-08 2.01614327011157e-08 1.6039941796997e-08 1.33190268369887e-08 2.1297146046706e-08 3.79854298016014e-09 1.36537590789132e-08 1.27271747585311e-08 6.61563082093863e-09 6.62446764110314e-09 5.96096535465662e-09 5.12913524985947e-09 5.15981800619514e-09 5.48466888572463e-09
9.93756792411205e-08 9.39761569007658e-08 1.56390594696632e-07 1.57875458839385e-07 3.65233919108476e-08 2.05292170818439e-08 1.64233419308601e-08 1.61947614429891e-08 6.80347278514404e-09 4.96908119096418e-09 7.40272732002722e-10 1.63856342938473e-09 2.62864066513657e-08 6.57926801039821e-08 8.16680970849859e-08 3.86832649468261e-08 6.65694800616734e-08 7.49800784127785e-08 8.24097998730622e-09 1.29378643354272e-08 -9999 -9999 -9999 -9999 -9999 -9999 1.727744902702e-09 1.1817905565259e-08 3.53793922158729e-08 3.43891359833037e-08 3.21447272355613e-08 2.78270809728198e-08 2.4662059949776e-08 3.93258236197624e-08 3.54326544105277e-08 2.68564273930849e-08 1.261142388298e-08 1.85587766488027e-08 9.09119223235777e-09 8.84382310717413e-09 6.90540287173747e-09 6.31611559720469e-09 6.04630581158006e-09 5.19569685053511e-09 4.753788773737e-09 4.67530787418013e-09
2.24466624842989e-07 2.17890971399015e-07 2.13162962481306e-07 1.36799698502443e-07 4.84881792495173e-09 1.9032732057056e-09 3.90864727251028e-09 2.906309761741e-08 4.99936727571537e-08 6.22533535832304e-09 2.0809051415327e-08 7.64290932764311e-09 3.83757351452019e-09 4.59792463658459e-08 8.69987718310483e-08 4.32021010521311e-08 4.04818135901763e-08 7.72496849599236e-08 8.73261006617554e-08 2.00749808998424e-09 -9999 -9999 -9999 -9999 -9999 9.07800715710394e-09 1.02269833157642e-08 7.34464836504856e-08 6.48918843992874e-08 7.01839318217878e-08 6.56616882643846e-08 3.14929537559294e-08 2.71953422004145e-08 2.22054123533155e-08 1.84024276261852e-08 1.56868180889447e-08 1.48998172910808e-08 1.25119955063369e-08 9.88567375737048e-09 7.5801741328263e-09 6.13271197158483e-09 5.75408302116998e-09 4.52415411800189e-09 3.77874374013487e-09 3.80425462243039e-09 3.66328376522063e-09
9.64106435574763e-08 2.67887462257477e-07 2.388081359328e-07 7.36038169080189e-08 4.58418883297895e-08 9.50686178669002e-08 1.7112750931858e-07 9.12730528490613e-08 8.17843213596348e-08 1.49526181836279e-07 1.29855794384071e-07 1.22409856473382e-07 1.07862564746597e-07 9.67483353875309e-08 8.98393681225684e-08 9.223827870386e-08 8.07286363979642e-08 9.02059722918125e-08 1.4174059081995e-08 -9999 -9999 -9999 -9999 -9999 -9999 -9999 6.24153859707377e-09 2.0076048157236e-09 5.12613661740602e-08 8.57456440073179e-08 4.26959941179916e-08 3.29641058005592e-08 2.89994737556754e-08 2.51933200079435e-08 1.97918867961278e-08 1.6248727208179e-08 2.30331780537441e-08 1.02293177928203e-08 8.48241261675042e-09 7.13980926603242e-09 5.7781594287043e-09 5.01185571932794e-09 7.81997063770135e-09 3.81079616751379e-09 3.47320476823398e-09 3.18785003949884e-09
1.86164606930106e-07 1.99628032149235e-07 2.5704336792387e-07 2.42039174125352e-07 2.19283282731908e-07 2.09882803048345e-07 1.69951018236247e-07 9.15230218723195e-08 8.76928917037389e-08 7.76365630450471e-08 7.23484482101355e-08 1.18134533977354e-07 3.33040468980528e-08 2.74369850394862e-08 6.10679341761511e-08 9.26717588889403e-08 9.23095886840031e-08 8.67738791043848e-08 4.5739127041422e-09 2.08408082791323e-08 -9999 -9999 -9999 -9999 -9999 -9999 -9999 8.56444951624624e-09 8.78755963995559e-08 4.45417468242226e-08 4.14896336398129e-08 3.47684648627222e-08 2.59095079613303e-08 2.27513587525152e-08 1.91806618365931e-08 1.55322255945833e-08 1.31600675468135e-08 1.07787068603926e-08 9.12974092992513e-09 7.66692641596123e-09 5.87269788354661e-09 5.10740707504453e-09 4.15743228732168e-09 3.54818996406436e-09 3.08989742681121e-09 2.87681396482498e-09
1.74537959196641e-07 3.12542650959813e-07 2.86761008538861e-07 1.55310919147666e-07 9.59758402530042e-08 4.31781821852439e-08 4.09911966592347e-08 3.33961877263533e-08 2.86907958280125e-08 1.23336036139676e-07 7.03271133772887e-08 1.29627533418386e-07 1.18793321490784e-07 1.14341460744072e-07 6.14595460746159e-08 1.07878440758213e-07 5.59594555582521e-08 3.37222662016856e-09 1.92201576876272e-10 -9999 -9999 -9999 -9999 -9999 -9999 -9999 -9999 2.58001652264639e-09 9.22208535314439e-08 4.42752416507375e-08 4.07144272962512e-08 6.09669616125075e-08 4.83840228326926e-08 2.33274796812566e-08 4.00051726412443e-08 2.7823747750233e-08 1.4953245122129e-07 -9999 -9999 -9999 1.1725881146063e-07 6.07180212774949e-09 4.21995739463554e-09 3.65408358016239e-09 5.28183572434671e-09 2.42172584208333e-09
3.73152469634874e-07 3.5467917101073e-07 3.23040246996698e-07 3.05171777981172e-07 6.0403644397411e-08 2.03617486249641e-07 1.37862106086573e-07 1.25960393759783e-07 1.22190087026297e-07 1.08342419480323e-07 1.05170914110886e-07 8.79568161415989e-08 8.18608096864182e-08 1.37300103908444e-07 7.26860552191511e-08 1.28250074205027e-07 1.33295727167138e-07 6.8995025337415e-08 1.6074575825975e-08 -9999 -9999 -9999 -9999 -9999 -9999 -9999 -9999 -9999 -9999 -9999 -9999 -9999 -9999 -9999 -9999 -9999 -9999 -9999 -9999 -9999 -9999 -9999 -9999 -9999 -9999 6.39352826237172e-10
3.66347519076271e-07 4.42377015019702e-07 3.89584125315423e-07 1.95244092537905e-07 1.80023696927378e-07 1.60701658735718e-07 1.48374810926555e-07 1.34130488937956e-07 2.20837205944235e-07 1.14482113389158e-07 1.202585899307e-07 1.10855803470145e-07 1.06262542232116e-07 1.0016765958909e-07 9.98017645414961e-08 1.79551551227064e-07 7.03317513561785e-08 7.55809622887682e-08 2.59791526957542e-08 1.19539934728685e-08 -9999 -9999 -9999 -9999 -9999 -9999 -9999 -9999 -9999 -9999 -9999 -9999 -9999 -9999 -9999 -9999 -9999 -9999 1.44207827723619e-07 1.16126644655878e-07 2.65184360248583e-08 7.95123551444732e-09 5.95981378692656e-09 1.84403256997534e-08 -9999 -9999
5.60075316258235e-07 5.25809166873614e-07 2.80662765561601e-07 7.1559193770554e-08 1.29840732654429e-07 3.69527246135704e-07 2.11028789820489e-07 2.92521400169221e-07 2.7370329007681e-07 2.70781433542311e-07 1.47481459933374e-07 1.26719335469261e-07 2.17910925925935e-07 1.13258119860404e-07 1.17197454052587e-07 1.11178360917563e-07 1.12148588904404e-07 1.45314605859426e-07 2.68438116179937e-08 5.33458463181091e-08 6.64720898768678e-08 1.12796922469016e-07 -9999 -9999 -9999 -9999 -9999 -9999 -9999 -9999 -9999 1.50898783068953e-07 2.23974745949818e-07 3.80716272285753e-08 5.29633700452337e-08 5.49313138975549e-08 2.85229348584437e-08 3.75720803802437e-08 1.65114532935107e-08 1.38542796124241e-08 1.10013463894276e-08 9.94863027514725e-09 8.48842394152172e-09 6.30723949734957e-09 -9999 -9999
1.59592621784554e-07 4.86858660764256e-07 5.64181844708855e-07 4.57219309168977e-07 4.62376689114308e-07 4.66748458904931e-07 2.34593400350036e-07 3.7857707582134e-07 1.8679641264896e-07 1.87098521919893e-07 3.28325057807888e-07 2.7679331289221e-07 1.32049169465631e-07 1.22677633029866e-07 1.20982106999179e-07 2.38071709546261e-07 1.35150066249423e-07 1.26614933471103e-07 1.1441977498805e-07 1.7951251116699e-07 1.03643965410072e-07 1.818162374434e-07 1.22983691852596e-07 1.81619460359883e-08 5.61656488873297e-08 -9999 -9999 -9999 -9999 -9999 -9999 1.34569197207668e-07 5.85157964749783e-08 5.08728245307566e-08 4.4473463134409e-08 4.00681527956692e-08 3.6100039180198e-08 2.84763659763598e-08 2.21786744525332e-08 1.824686748364e-08 1.56833469988626e-08 1.34377557525767e-08 1.13030594328656e-08 9.97700280169767e-09 8.71662735324463e-09 8.10973740383858e-09
7.34660044088287e-07 4.40581054306222e-07 6.99590576402898e-07 3.2133891991748e-07 1.7897128508082e-07 5.73524926750224e-07 2.86255025372384e-07 5.01983279121987e-07 3.14026246428512e-07 3.87829398107442e-07 3.38607114969136e-07 8.7513151747487e-08 2.81469446861138e-07 1.41712388312953e-07 1.37917268183685e-07 1.35391187860989e-07 2.48690648518846e-07 1.38914419522962e-07 1.21427620314307e-07 1.20981536433362e-07 1.12721430944873e-07 1.07324608578097e-07 1.15913609199936e-07 2.18335387458524e-07 5.88539061041615e-08 -9999 -9999 -9999 -9999 -9999 7.23233818611391e-08 9.17958290713727e-08 7.16670019329513e-08 5.9570322985536e-08 5.37773437336853e-08 4.82615215346982e-08 4.08791445138945e-08 3.46463841172095e-08 2.98569342138677e-08 2.30904336095961e-08 1.85545956821187e-08 1.75207084618378e-08 1.52476994585982e-08 1.31640092604357e-08 1.26453049364983e-08 1.3671967025175e-08
1.04850318933813e-06 5.46734929685044e-07 9.78151618369338e-07 4.33306443170522e-07 7.13108970273879e-07 6.17325399332458e-07 6.20551504937339e-07 5.58406264872247e-07 5.78821889973824e-07 3.99982045706793e-08 1.577952812859e-08 8.12893379276147e-08 2.63985906912012e-07 1.61087450223363e-07 1.37748248718594e-07 2.66946960891801e-07 2.72067903139828e-07 1.49280196559687e-07 1.39449618430376e-07 1.23081036917938e-07 1.17230052509854e-07 1.1645079638356e-07 1.08658259811989e-07 -9999 -9999 -9999 -9999 -9999 -9999 -9999 -9999 1.6246631622252e-07 1.73843875472812e-07 1.44108707900159e-07 1.16976092812138e-07 9.68311752558293e-08 4.79548931231477e-08 4.10189334054678e-08 3.50659083103722e-08 3.13091121917353e-08 2.73884085633114e-08 2.23391288134422e-08 3.4926467806784e-08 2.08914105126468e-08 2.04665376202229e-08 1.99596003280789e-08
6.06994399277028e-07 5.91669213889645e-07 1.01503473928233e-06 5.27426995233782e-07 8.39767135119018e-07 4.3761587775748e-07 2.49640794436345e-07 2.81323350748153e-07 5.81041098257629e-07 5.1039911763695e-08 1.50591873193662e-08 4.08708624277665e-08 1.09897885458565e-08 1.06612138139894e-07 1.02081070885163e-07 2.43078699924126e-07 2.2166437112503e-07 1.51751708798997e-07 1.41991982083312e-07 1.31809010639472e-07 1.2440990655449e-07 2.434651158012e-07 -9999 -9999 -9999 -9999 -9999 -9999 -9999 -9999 -9999 -9999 -9999 1.36665360273014e-07 6.90123984625757e-08 6.33066826516426e-08 5.5128923559522e-08 9.89562863651372e-08 9.82252648995541e-08 4.14272553150852e-08 6.74254267529761e-08 5.75844379291368e-08 3.03379750654642e-08 2.78914178419853e-08 2.91608668767651e-08 3.08132376947157e-08
