Scripts_&_data/Maxent_result_files_2/B_lapidarius_3.asc
NCOLS 594 
NROWS 330 
XLLCORNER -15 
YLLCORNER 23 
CELLSIZE 0.166666666666667 
NODATA_value -9999 
[rows 120 to 139 of 330, columns 414 to 459 of 594]
0.00548967686481774 0.0048713541822508 0.00228136231889948 0.00244322420330718 0.00391011342871934 0.00452133982907981 0.00390463916119188 0.00772864199243486 0.00535999047569931 0.00553918764926493 0.00937780039384961 0.0171972828917205 0.000642391248402419 4.5896430936665e-06 0.00108016401063651 0.00267697954550385 0.000703197298571467 0.00190357866231352 0.000713017833186313 0.00193406090838835 0.000653554132441059 0.00178011249518022 0.000720460436423309 0.000795978933456354 0.000859216728713363 0.000877392871188931 0.000912502818391658 0.000841340748593211 0.000841661027516238 0.00162261943914928 0.00105378443840891 0.000918506583548151 0.000945251155644655 0.00076767832506448 0.000481060153106228 4.33070690402104e-06 3.07402061501705e-05 0.000445830175885931 0.000446018729417119 0.000281625211937353 0.000179299290903145 0.000180709404958179 0.000181088117824402 0.000238050082407426 0.000149486661393894 0.000393864673969802
0.0024977037566714 0.0026401107548736 0.00690675002988428 0.00809169677086174 0.00254185784142464 0.00754723553545773 0.00345547676552087 0.0110174192115664 0.00305633514653891 0.00226432860363275 0.00217087413184345 0.00339495972730219 0.00291551694972441 0.00163979638600722 0.00112697607255541 0.00171816279762425 0.00208208655240014 0.00356042087078094 0.000864143311628141 0.00154187960433774 0.00118553850334138 0.00114088586415164 0.00139173541101627 0.00197889656992629 0.000862937848432921 0.0024897972936742 0.000901647927821614 0.000887827039696276 0.001008693134645 0.00103389750584029 0.000987608009018004 0.000843947284738533 0.00110458863782696 0.00122924094903283 0.000618213709094562 0.000856563841807656 0.00133613370126113 0.00020506227738224 0.000365026091458276 0.000777921531698667 0.000277847818506416 0.00025129354398814 0.000423268757003825 0.000663711366360076 0.000350370691739954 0.000176786192605505
0.00560999759472907 0.00545204340014607 0.00362719688564539 0.00709276595152915 0.00256225543562323 0.00214697947958484 0.00200367087963969 0.00313381833257154 0.00417381557635963 0.00225670938380063 0.00230084313079715 0.0013321473961696 0.00321999416919425 0.00314843256492168 0.000815092938137241 0.00214115099515766 0.00175513490103185 0.00180321516818367 0.00160521984798834 0.00162926767370664 0.00178153644083068 0.00120855305576697 0.000752179327537306 0.00110616213642061 0.000731724323122762 0.00182151180924848 0.000841600637068041 0.000985994425718673 0.00116903998423368 0.00116086997441016 0.00182799266185611 0.00091490134363994 0.0024844569968991 0.00177100873552263 0.000453382861451246 0.000733631147886626 0.0021324007306248 0.000663187543977983 0.00036027244059369 0.000307101954240352 0.000303302086831536 0.00119570213719271 0.00031199902005028 0.000275606914510718 0.000428716362512205 0.000456706363183912
0.00652493955567479 0.00241934700170532 0.00749177285470068 0.00302608187776059 0.00610674167983234 0.00726498160511255 0.00192568424390629 0.00699855806306005 0.00659558563493192 0.00282604566309601 0.00244062928250059 0.00291895096888766 0.00119191242265515 0.00146270784898661 0.00176919124787673 0.00176687820930965 0.00157559824874625 0.000175810193468351 0.00148448481922969 0.00155619542347267 0.00121517624356784 0.000950707236188464 0.00135856511769816 0.000881193450186402 0.00150660561048426 0.00203276686370373 0.000886948060360737 0.00102953697205521 0.00216096806107089 0.0011851804680191 0.00095320597756654 0.0022226917790249 0.000882981927134097 0.000959057779982686 0.00197640386177227 0.000728119327686727 0.000404062471352518 0.000937068366329186 0.00116085354238749 0.000794528581900522 0.000582487185602076 0.000723958818707615 0.000224629993317649 0.000196088381198933 0.000168339918673155 0.000252715082024224
0.00693685268051922 0.00660095650237054 0.00268878212664276 0.00343781178817153 0.00231688661733642 0.004306027921848 0.00438668334390968 0.00267548785777763 0.00598389990627766 0.00440966542810202 0.00237181779230013 0.00150436872499995 0.0029755349853076 0.00148875142331235 0.00228311390383169 0.00216517177177593 0.0020739450934343 0.00167590344208293 0.00213506038999185 0.0016572582477238 0.00167801961069927 0.00209675140213221 0.000919750781031325 0.00230412716045976 0.000981733505614102 0.00102838981547393 0.00112331958953291 0.00119033679366112 0.00584629508666694 0.00208017085678875 0.00109481985564344 0.00259119335096329 0.00413019889965653 0.000692238414194435 0.00058192586293444 0.00158539884723723 0.00016222528538492 0.000511747159180231 0.00044652304641204 0.000463002668402623 0.000216038362123072 0.000394063771818764 0.000153645184036577 0.000254198550828733 0.000141951438126853 0.000193381869030418
0.00177098118583672 0.0131473780144006 0.00307474280707538 0.00345603534951806 0.00233500441536307 0.0043942557182163 0.00574427845422179 0.00199670949950814 0.00218884033383802 0.00671340115368366 0.00217161787441 0.00289135058410466 0.00150249049183913 0.00346380043774843 0.00125916192191653 0.00265889948932454 0.00137182357138954 0.00241643523331732 0.00264616913627833 0.00251077482244 0.00350871866103262 0.00187990482663736 0.000783409993164241 0.00200862010242417 0.00329334931448102 0.00126491265255027 0.00174426919547841 0.00127531890175305 0.001349407073576 0.00120882064802572 0.00108565780101344 0.000936882686801255 0.00153671897714958 0.00164216224802658 0.000588444343884476 0.00153705600532703 0.00132132698781788 0.000489965904853307 0.000943152073887177 0.000989045866299421 0.000775176027673297 0.000696962824440561 0.000243344259797595 0.000299813320452813 2.00720558268586e-05 0.000275882678397466
0.00208923862082884 0.00103678203304298 0.00409975317306817 0.00628959371242672 0.00273958552861586 0.00519319544546306 0.00624644865747541 0.00383937442675233 0.0029304365394637 0.0071523514110595 0.00225306161446497 0.0029468069318682 0.00177707121474668 0.00129894941928796 0.00139965214184485 0.00139592033228837 0.00280847025569528 0.00233879500301555 0.00293856703210622 0.00324427173472941 0.00160535510513 0.00314597722608596 0.00159049069625326 0.00148982002283446 0.00189270016271621 0.00383216121699661 0.00125030007329769 0.00331544314976782 0.00198482275009155 0.0033035131287761 0.00273168775020167 0.00313466570805758 0.00235910981427878 0.00174071232322603 0.0013193532882724 6.01732670588717e-06 0.000361510110087693 0.000526412323233671 0.000740891598979943 1.49923720044187e-06 0.000141166188041097 0.000468208763049915 0.000362243867130019 0.000357312368578278 0.00134210253600031 0.000152657271246426
0.00456205382943153 0.00336326328106225 0.00478965034708381 0.00672788836527616 0.00667060243431479 0.00362002099864185 0.00614687039051205 0.00427100802771747 0.00366560926195234 0.00195889867609367 0.00377981953788549 0.00277438201010227 0.00328113315626979 0.00379554810933769 0.00129250612226315 0.00174428209429607 0.00329450131393969 0.00343322613043711 0.00311233632965013 0.00140803707181476 0.00239264718256891 0.00155116491951048 0.00407268849667162 0.00750489612109959 0.00350218033418059 0.00142004012595862 0.00352044911123812 0.00314980272669345 0.00168048024643213 0.00352900826837867 0.00108310016221367 0.00126190285664052 0.00207462743856013 0.00126150333671831 0.000706163491122425 0.000281289996928535 0.000540460212505423 0.000939124310389161 0.00183503616135567 5.21372641171247e-08 0.000155565286695492 0.00171983519103378 0.000546472857240587 0.00437199000734836 0.000633617871790193 0.000989917578408495
0.00297820838168263 0.00255685721058398 0.000935460862820037 0.00215744404122233 0.00216914236079901 0.00685716462321579 0.00612619125749916 0.00582534279674292 0.00643237845506519 0.00502140722237527 0.00335212633945048 0.00611352680716664 0.00700095319189131 0.00459501598961651 0.00351865256670862 0.00132873161346652 0.00168841545237228 0.00377276015933603 0.00139307911740616 0.00143176974961534 0.00171393440105021 0.00106252009281889 0.0065528409788385 0.00420435322448611 0.0032967796898447 0.00414286721497774 0.00155306794913486 0.00358488063793629 0.00129178711795248 0.00124892846797593 0.0010509503481444 0.00110354911303148 0.0011277990648523 0.00101318933302537 0.000778921079472639 0.00350285323802382 0.000553361157653853 0.000419424290885217 0.00124210941139609 0.000531123063410632 0.00057864106784109 0.000436163028643932 0.00045851923932787 0.000317280509625562 0.000868820626055822 0.000524998913169839
0.0055081439204514 0.00441793154459447 0.00161599493585527 0.00290658957092091 0.0049996446352452 0.00760804829187691 0.00635506606195122 0.00442425911314785 0.0067716385005042 0.00720731460023671 0.00708066090010107 0.00650086202658713 0.00590736512094736 0.00580846115481108 0.00221326372120529 0.00168446552706882 0.00208926656050608 0.00157539256033488 0.00131715448806062 0.00187020319281146 0.00110271932207979 0.00111378485453315 0.00195096549578011 0.00424401613418013 0.00417738861870021 0.00488827920053154 0.00506176289636642 0.00232244220096618 0.000993876566644758 0.00129249706515111 0.00812651310116053 0.00251085113268346 0.00104577604215592 0.000887642847374082 0.0018420398584567 0.00197506056865677 0.000990502163767815 0.00108074576710351 0.000346446064941119 0.000285004831675906 0.000240032601868734 0.00125363973202184 0.000566139502916485 0.000392728151928168 0.000741574927815236 0.00083438380388543
0.0132588915526867 0.00378555136267096 0.00199116319417954 0.00575021100230515 0.0150989776011556 0.0037527522072196 0.00790703888051212 0.00696504837833345 0.00809032772667706 0.00688087497837842 0.00605356092564762 0.00687390028033406 0.00557496333494782 0.00571972709149122 0.00180189760867506 0.00179463442182168 0.00207566060125828 0.000696431976393797 0.00112660542945378 0.00137105784961022 0.00300612716237083 0.00109655911801383 0.000966078485362232 0.00393098620697856 0.0052146946080029 0.00357064263662323 0.00343687470303848 0.00496262789238244 0.00460242205299437 0.00417418840806931 0.00439985871780664 0.00374998804181814 0.00308602754957974 0.000890270300442353 0.000785936345346272 0.00228643079753965 0.000558885806822218 0.00126422556932084 0.00131310019060038 0.000882805112632923 0.00115019379882142 0.00102227797615342 0.000558849723893218 0.000382411846658215 0.000172153536550468 0.000108583531255135
0.00534337135031819 0.00614662845619023 0.00566070165950805 0.00877239690162241 0.00790082621388137 0.00813099234364927 0.00835265871137381 0.00564218466170132 0.00766838393174112 0.00692876856774092 0.00774761415086687 0.00687535582110286 0.00750188957899809 0.00460658590309322 0.00553813104052097 0.00595915461890399 0.00853831390850246 0.00437661777250469 0.00139166196458973 0.00272447818424553 0.000958826532587409 0.000860371941234916 0.000877114804461598 0.00132906343205832 0.00415953712072223 0.00436056056059897 0.00405892508570105 0.00483807923737913 0.000460918997123372 0.00162214056472294 0.00347406258806586 0.00416569497901946 0.00199634783202782 0.00359241128899157 0.00299850252922624 0.000755807908717543 0.000840662396512926 0.00100610517838504 0.000675258215051144 0.000237598502280889 0.000371815348626114 0.00150119436439127 0.000694184293388389 0.000548409143812023 0.00046738448436372 0.000178402738674777
0.00543606586288661 0.00193973552668467 0.00730821161996573 0.00437736466992646 0.00201553589431569 0.00477169712539762 0.00225263327592984 0.00531371319666505 0.0054292430402711 0.00540345681365579 0.00825910400599241 0.00553206568583846 0.00758527824655175 0.00757064078934491 0.00599586341995746 0.00678362820763141 0.00474449251778424 0.00486247735098004 0.00382339931093156 0.00114001193433069 0.00245627060066909 0.00104980019968934 0.00103219184093177 0.00337513766717166 0.0033835121197626 0.00439970633015037 0.00317916814237833 0.000674919108860195 0.00402536673936993 0.00337160993367434 0.0020712515572086 0.00415318317245692 0.00142067310516723 0.000829933644854464 0.0022689581150189 0.00183500599814579 0.000890601478749886 0.000450864512822591 0.000714019447332248 0.000936859886860475 0.000110150204636739 0.000338584583369084 0.000632132534519769 0.000849751109490171 0.000442856561858207 0.000193454966210993
0.000919295125640929 0.00232251146808267 0.00302917440421879 0.00443632954265922 0.00106327148969285 0.00118685431079939 0.00525968750007451 0.00428970935754478 0.00283432743744925 0.00734359559137374 0.00480670288670808 0.00652233327273279 0.00656968457624316 0.00723424102179706 0.00733943311497569 0.000986483076121658 0.00378619050607085 0.00185519764199853 0.00739741711877286 0.00386668834835291 0.00163892026757821 0.00195282942149788 0.00137202950427309 0.00442582115065306 0.00445863013155758 0.00428178131114691 0.00429383115842938 0.000646954230614938 0.00458315799478441 0.00834744367748499 0.00306629441911355 0.0031920941430144 0.00138561792555265 0.00124295580899343 0.00320202549919486 0.00126620319788344 0.0006102846149588 0.000486624453333206 0.000773181853583083 0.00013684364821529 0.00116503572498914 0.000104153872598545 0.000210153917578282 0.00016089689815999 0.000233592850418063 2.06743316994107e-05
0.0018735911580734 0.000747992005199194 0.000634205114329234 0.000626931505394168 0.00273971036076546 0.00389099414460361 0.00688532229978591 0.00822592526674271 0.00486812884919345 0.00722313299775124 0.00426754371728748 0.00656466819345951 0.00386115431319922 0.00365843256004155 0.0040038232691586 0.00277136446675286 0.00615766728296876 0.0039056298090145 0.00417781500145793 0.00122639905312099 0.00113727837451734 0.0016386071452871 0.00264086346141994 0.00457666893489659 0.000645901268580928 0.00328762865392491 0.00342398232314736 0.00426010112278163 0.00141908842488192 0.00282528409734368 0.00347724134335294 0.00148325386107899 0.00136073941830546 0.000894071318907663 0.00130493520991877 0.000865356402937323 0.000710728974081576 0.00214378765085712 0.000168633743305691 0.000218633123586187 0.000844614751986228 0.000770671613281593 0.000582215486792848 0.000240628360188566 0.000177833075576928 0.000127232839076896
0.00396531654987484 0.0049064208753407 0.00518603643868118 0.0045179090462625 0.000534693842928391 0.0023961550090462 0.000695637712487951 0.0047254397533834 0.00404554811539128 0.00888695078901947 0.00204578265547752 0.00601036266889423 0.00562923336401582 0.00203137099742889 0.0063934252364561 0.00610185847617686 0.00238082825671881 0.00169998519704677 0.00171419540420175 0.00152315998566337 0.00130556736257859 0.00115509799798019 0.000410326114797499 0.0066215789411217 0.00367565882625058 0.00363471204182133 0.00456122029572725 0.00335482311202213 0.00397112912032753 0.00302254100097343 0.00296813268214464 0.000574812141712755 0.00149960871203803 0.00145186460576952 0.00295156763168052 0.00123884767526761 0.000863520312123001 0.000820079198456369 0.000172798796120333 0.00251258375355974 0.00101738162338734 0.000341873618890531 0.000212479160836665 5.05375255670515e-05 0.000202456891565816 6.54960022075102e-05
0.0019422635436058 0.00274236893747002 0.000575522097642533 0.000576090533286333 0.000632672631763853 0.00465537456329912 0.0049614743096754 0.00428532203659415 0.00385300030466169 0.00474611159879714 0.00385959984268993 0.00582335037179291 0.0060206989524886 0.00534656995441765 0.00492064827121794 0.00220264452509582 0.00428879335522652 0.00263006844324991 0.00236352977808565 0.000668561036582105 0.00187537071760744 0.0022256949567236 0.00304354588733986 0.00114018389140256 0.00388584963511676 0.00386513671837747 0.00366919522639364 0.00381187826860696 0.0034014186472632 0.00246428024256602 0.00057846523122862 0.00222247774945572 0.00243046872783452 0.000439801743777934 0.000210509134922177 0.00116330672171898 0.00105622023693286 0.000673884150455706 0.00272512460360304 0.00065246366430074 0.000823651382233948 0.000294543597556185 0.0003202027946827 0.000104160934279207 4.73701430303564e-09 1.27998137031682e-05
0.00179642587900162 0.002006651670672 0.000506529421545565 0.000551699294010177 0.000487388868350536 0.00042030879703816 0.000475789642950986 0.00508543511386961 0.0033177673118189 0.00374556231545284 0.00771884499117732 0.00302350902929902 0.00122777510550804 0.00376060759881511 0.00393756926059723 0.00328237356152385 0.00243613015627488 0.00168637848692015 0.00191319443983957 0.000823965831659734 0.000337605409731623 0.00478225680999458 0.0019189064973034 0.0035261205281131 0.00407844055444002 0.000828185229329392 0.00121395343448967 0.00239449715008959 0.00192878467496485 0.000981053258874454 0.00111200638639275 0.0010893706814386 0.00245828462066129 0.00131904085865244 0.000951602758141235 0.00250090375775471 0.000558552041184157 0.000295398157322779 0.00127372632268816 0.000717754816287197 0.000358505817712285 0.000305994022346567 0.00018721790984273 6.47945274977246e-05 6.72433454607102e-07 9.49848050524338e-07
0.00134831226314418 0.00145541422534734 0.00103095846716315 0.00209864035714418 0.000459162997140083 0.000346207988332026 0.000530179968336597 0.00051472164777806 0.00058304406265961 0.000706542661646381 0.00272104588802904 0.00647280840203166 2.51321923542491e-05 0.00688820034265518 0.00414452666882426 0.00494496412575245 0.00433580011595041 0.00179751028772444 0.00307014560094103 0.00300423288717866 0.000908718869322911 0.00152064035646617 0.00131062251748517 0.00329074134351686 0.00343721688259393 0.0013528513838537 0.000514969052164815 0.00314894851762801 0.00213367355754599 0.00247036746004596 0.00101438798592426 0.0015392680419609 0.00102362116449513 0.000788643292617053 0.00118159166304395 0.00448717596009374 0.0016970319673419 0.00145781987230293 0.000456979472073726 0.00084012623410672 0.000284543039742857 0.000141810255445307 0.000216763337812154 0.000300575623987243 1.03013990610634e-05 7.05447946529603e-05
0.00083733408828266 0.00105140744126402 0.00143043620628305 0.00173780736513436 0.000243809954554308 0.000372766892542131 0.00120798301068135 0.00052136639424134 0.00433611343614757 0.00513737115543336 0.00730271795764565 0.000105831523796951 2.86027195102179e-05 0.00759285651147366 0.0038893293007277 0.00497107126284391 0.00431681503541768 0.00227257487131283 0.00115734816645272 0.00218478990718722 0.000935736153041944 0.000638055225135759 0.00134533676318824 0.00295329664368182 0.00305228718789294 0.000244508971081814 0.00055848418851383 0.000839339493541047 0.000884871324524283 0.00130406019743532 0.00180085499305278 0.00190467915963382 0.00159446054603904 0.00324482903815806 0.00487558029126376 0.00420767904724926 0.00298477453179657 0.00072949742898345 0.000541683204937726 0.000268972048070282 8.77742149896221e-05 9.70504253928084e-05 0.000103733833384467 1.82163738600138e-05 1.61356041644467e-05 8.52937148010824e-05
