Scripts_&_data/Maxent_result_files_2/B_laesus_3.asc
NCOLS 594 
NROWS 330 
XLLCORNER -15 
YLLCORNER 23 
CELLSIZE 0.166666666666667 
NODATA_value -9999 
[rows 147 to 167 of 330, columns 368 to 413 of 594]
0.0473111864179373 0.00844733816338703 0.00799561105668545 0.0125091902329586 0.0560647245496511 0.0212765377829783 0.00757982524228282 0.00604078485921491 0.0380887566250749 0.0330231205909513 0.0236381875001825 0.00932194732013159 0.0488712332211435 0.0462527599185705 0.0547515274956822 0.0579319037497044 0.538768956065178 0.545808154344559 0.571896447241306 0.394800539314747 0.0590301525779068 0.129797629266977 0.371969413757324 0.353288242220879 0.0398582244291902 0.0459796557202935 0.0431052604690194 0.037426776252687 0.0374495461583138 0.126515704765916 0.236369830369949 0.0318425133824348 0.0330795248970389 0.0375418722629547 0.0360383337363601 0.0340180609375238 0.0342963011935353 0.0589098479598761 0.0355887096375227 0.0459399811923504 0.0617397338151932 0.0575306221842766 0.0414184976369143 0.060134931281209 0.0468145133927464 0.0354832852259278
0.00150246364064515 0.000507254811236635 0.00770729368086904 0.00855716420628596 0.0360844286158681 0.0339815367828123 0.0292504507349804 0.00754507472738624 0.0394539095228538 0.0385030913399532 0.0527874213643372 0.0549842244945467 0.401704512536526 0.387998378276825 0.62172911465168 0.189728124439716 0.327886029332876 0.242169827967882 0.163260108605027 0.123707713186741 0.296412027999759 0.0959162447601557 0.400032816827297 0.279844621568918 0.202262833341956 0.190735050663352 0.0310217946767807 0.0295676985755563 0.0305458130314946 0.0402855141088366 0.0778690416365862 0.0573543174192309 0.0385243337601423 0.0369925107806921 0.0350051568821073 0.0325247021391988 0.0419611977413297 0.0394519442692399 0.0386064598336816 0.0425819806754589 0.0380185114219785 0.0450083922594786 0.0317450758069754 0.0443309167400002 0.0526297491043806 0.0448855506256223
0.174020152539015 0.26204676553607 0.0125917648954783 0.00884788142284378 0.0232089785858989 0.0366354694124311 0.0379922814667225 0.0365863488987088 0.0720324596390128 0.0509929824620485 0.0667440878227353 0.0813862379640341 0.678224736452103 0.397843888401985 0.280732288956642 0.0713341049849987 0.0467831445857882 0.132301497459412 0.372803737595677 0.251826438400894 0.547777900099754 0.165943943522871 0.311494875699282 0.0824300743639469 0.0131134963128716 0.0294052266515791 0.0433470254763961 0.0457200398202986 0.0132027595303953 0.0185451009776443 0.0237251982092857 0.0268585904501379 0.108377296291292 0.021613993588835 0.0110788584919646 0.00447712104069069 0.00841891895979643 0.0280796845443547 0.0360074928030372 0.0369830967858434 0.0345744017511606 0.0376330194994807 0.0351435950025916 0.0390224129892886 0.0610418502241373 0.181578998267651
0.0165960345882922 0.00347687093308195 0.00940094821853563 0.00372849960112944 0.0283734630793333 0.019133391417563 0.0496814042329788 0.0328200014308095 0.108564233593643 0.0363904444500804 0.049865785613656 0.0586948171257973 0.413195736706257 0.262394654750824 0.0673406990244985 0.0605996744707227 0.0557820843532681 0.0662040086463094 0.153796653449535 0.0802878936752677 0.291104842722416 0.0374062487855554 0.0384729439392686 0.0358863443136215 0.0336752729490399 0.0290873058140278 0.0222079090774059 0.0359900848940015 0.0162031538784504 0.0250363936647773 0.0375306671485305 0.0304576629772782 0.0630647622048855 0.0204808513168246 0.020443035569042 0.0351274469867349 0.0362289363518357 0.0310817819088697 0.0316501803696156 0.0277763178572059 0.0366275366395712 0.0273132793605328 0.0408996583893895 0.0486382050439715 0.0268310081213713 0.0382655621506274
0.0463584926910698 0.0393392711877823 0.0385404837317765 0.0447935648262501 0.0393381793051958 0.01660937955603 0.0363622162491083 0.0335341575089842 0.046046123560518 0.0752405365929008 0.0600711487233639 0.259844746440649 0.299808612465858 0.15213917195797 0.0626055855304003 0.063291952572763 0.0669840734452009 0.0654242653399706 0.0576056107878685 0.10080816783011 0.050338027626276 0.0441862480714917 0.0638461386784911 0.034436984360218 0.0275287243537605 0.0244022035039961 0.041792319715023 0.0282186297699809 0.0243033549748361 0.0218715217895806 0.0358169733546674 0.033800863660872 0.0483421536162496 0.0357773408293724 0.0223777202889323 0.274917010962963 0.0661333414725959 0.0878997772932053 0.0419107314199209 0.0454958021640778 0.0426665315404534 0.0352607256732881 0.0478611312806606 0.0242951396852732 0.0431593153625727 0.0279741181060672
0.037084174901247 0.0370368475094438 0.0341994110494852 0.0422609325498342 0.0343912445008755 0.0385862469673157 0.0340678870677948 0.0284597536548972 0.0834380345419049 0.101134119927883 0.655101156234741 0.348836366832256 0.33859311491251 0.057467744499445 0.0563018802553415 0.0526219002902508 0.067758210375905 0.0544054567813873 0.0536809202283621 0.050589707493782 0.0448429109528661 0.0404181998223066 0.0351973716169596 0.0312292613089085 0.02751754373312 0.0272531439550221 0.0277757509611547 0.0756437715142965 0.0392112772911787 0.0398659395053983 0.0620999351143837 0.0569157714024186 0.0530154542997479 0.0488904414698482 0.0453869365155697 0.0431158749386668 0.0308625906705856 0.0576695460826159 0.261049368977547 0.111547929048538 0.0765032380819321 0.0538652777671814 0.0280109860934317 0.0495819386094809 0.0284663322381675 0.0379306051880121
0.0391411220654845 0.0411928126588464 0.068824202939868 0.0616533655673265 0.0692777168005705 0.169579201191664 0.11185576505959 0.349929304420948 0.0604567332193255 0.118520764261484 0.580307570099831 0.354425005614758 0.0525086497887969 0.0498789336532354 0.0617512725293636 0.0450317859649658 0.0578788893297315 0.07681346219033 0.0452189795672894 0.0665952602401376 0.0394940366968513 0.0442860724404454 0.0286913356743753 0.0392431925982237 0.0232331264764071 0.0331566609442234 0.0280097101815045 0.0276170796714723 0.0267587349750102 0.0277709940448403 0.0410238871350884 0.0615914639085531 0.0286885837092996 0.0353435386903584 0.0443433301523328 0.035756478831172 0.037743656616658 0.0328057864680886 0.0268973168917 0.033899050578475 0.175149964541197 0.364784057438374 0.119771977514029 0.0508354792371392 0.0364573353901505 0.0297187454998493
0.0400381257757545 0.0780303245410323 0.160220237076282 0.173448965698481 0.189274168759584 0.291106668114662 0.279520922899246 0.0571819586679339 0.0470724832266569 0.340734273195267 0.261565473675728 0.282820659130812 0.121377106755972 0.0374908115714788 0.0478942038491368 0.0498077061027288 0.0577527653425932 0.0369145527482033 0.0390899453312159 0.038836532458663 0.0473031662404537 0.0438183819875121 0.0460076667368412 0.0331348957493901 0.0303222787566483 0.0229722541756928 0.0248731246218085 0.0432812880724669 0.0841708451509476 0.060463722795248 0.040815456584096 0.0404749280773103 0.0441181760281324 0.0532328516244888 0.0300410999916494 0.031351119466126 0.0330881973728538 0.0313057439401746 0.0403456682339311 0.0253608241677284 0.0320287490263581 0.0369835751131177 0.0784755550324917 0.125453769043088 0.0531301831826568 0.0401807175949216
0.0739651896059513 0.308429883420467 0.240518631786108 0.121614563465118 0.0784852718934417 0.124562210589647 0.630583176016808 0.061951379943639 0.490819927304983 0.773819962143898 0.052173856832087 0.0569350406527519 0.0457772569730878 0.0508842319250107 0.16398519128561 0.0598819352686405 0.0394632276147604 0.0388905410654843 0.0432921024039388 0.0482157971709967 0.255161802470684 0.208847480267286 0.212226398289204 0.270947110652924 0.0368917055428028 0.0477856084704399 0.0637451155111194 0.0400653833523393 0.101615061238408 0.0556574910879135 0.117648111283779 0.220151247084141 0.082277512550354 0.0352693044580519 0.0467718303203583 0.0762816045433283 0.0372720277868211 0.0413844887167215 0.0384855665266514 0.0547186434268951 0.0440250143408775 0.0300959079526365 0.0218653679825366 0.0297908240929246 0.0521858975291252 0.039144180342555
0.125834764912724 0.0551334296353161 0.0597983220592141 0.251048459112644 0.103327615559101 0.109138390421867 0.0402475010603666 0.0474870685022324 0.271450337022543 0.0713459877297282 0.0434019291773438 0.030137669108808 0.0843708828091621 0.213590660691261 0.0629404503852129 0.0331559462472796 0.100425123050809 0.0442180359736085 0.0613426906988025 0.194039276987314 0.167598128318787 0.233169484138489 0.264661069214344 0.311624406278133 0.258789041638374 0.195222949236631 0.184990669041872 0.0974593970924616 0.192120906710625 0.178135860711336 0.199826268851757 0.151128473877907 0.102891828119755 0.122739000618458 0.0450147144496441 0.0253652299754322 0.0229048416018486 0.0434559529647231 0.129823986440897 0.0323262403719127 0.0306413368321955 0.0248762805014849 0.0235454333014786 0.0788171835243702 0.0170771441422403 0.0303354705683887
0.126674575544894 0.144444135017693 0.467534683644772 0.321415886282921 0.101451177895069 0.109113305062056 0.121561221405864 0.0975612979382277 0.283856831490993 0.27837081849575 0.310348473489285 0.252905793488026 0.215889734774828 0.2448595225811 0.206066310405731 0.157959807664156 0.101315167173743 0.159164948761463 0.158234959095716 0.161660166829824 0.177683071047068 0.201530089974403 0.232518030703068 0.273760148882866 0.241876308619976 0.271477322280407 0.25537733733654 0.210502069443464 0.200922319293022 0.195626431703567 0.180553881824017 0.204940289258957 0.202171623706818 0.0638994432985783 0.175936406850815 0.174361103028059 0.165674994140863 0.0230230072513223 0.0268408133648336 0.02681920286268 0.0485402932390571 0.0233339656144381 0.0232592809014022 0.0204435439780354 0.0212134356610477 0.028634793870151
0.166452429816127 0.18551928922534 0.100311748310924 0.0666462268680334 0.0442776469513774 0.0771778602153063 0.0738162718713284 0.178755277395248 0.172173476964235 0.311051461100578 0.318864695727825 0.302689675986767 0.210901770740747 0.228341229259968 0.18900908306241 0.171601085364819 0.168012324720621 0.14458038136363 0.130918119847775 0.147342055290937 0.158125838637352 0.173993439972401 0.160052359104156 0.179795829206705 0.192119570076466 0.204602774977684 0.207399651408195 0.109836594760418 0.253724783658981 0.188860112428665 0.175911552459002 0.175775055587292 0.160859079658985 0.157612988352776 0.1490977473557 0.155041076987982 0.140237708389759 0.129278446733952 0.0968604821711779 0.0383212031796575 0.0243414208292961 0.0250708308536559 0.0627021057531238 0.0285935475490987 0.0215916899964213 0.0321096446365118
0.0402341429144144 0.198058723658323 0.080371281504631 0.157091754674911 0.261846524477005 0.11661941818893 0.120127597078681 0.146728277951479 0.192318215966225 0.238346876204014 0.0502251366153359 0.510256850719452 0.203276823461056 0.223482219874859 0.186897937208414 0.186124341189861 0.154127275198698 0.133889797329903 0.0582358181476593 0.13738425001502 0.131557342410088 0.0641688087955117 0.0675643123686314 0.227807077765465 0.0919180445373058 0.27409163415432 0.209903219342232 0.287538012862205 0.225410631299019 0.181587656587362 0.173951036483049 0.159979378432035 0.152252820879221 0.138965564593673 0.163300810009241 0.169920045137405 0.147831530869007 0.114461287483573 0.133913300186396 0.121607289463282 0.121982464939356 0.123717664927244 0.117046073079109 0.100459084287286 0.0773189142346382 0.0700828518718481
0.0590753544121981 0.149955862015486 0.220133736729622 0.15667741894722 0.0857061352580786 0.0713252600282431 0.156451622396708 0.24578400850296 0.251148068904877 0.266944217681885 0.275467136502266 0.211473174393177 0.234739629924297 0.205381375551224 0.209244190901518 0.154180750995874 0.147910417616367 0.11996733918786 0.132755322009325 0.148228240758181 0.0459980484098196 0.0534730730578303 0.0645666344091296 0.0727950250729918 0.0746956219896674 0.211502343416214 0.148943376541138 0.0737178813666105 0.0785269917920232 0.153201292455196 0.505195853114128 0.148764997720718 0.168257949501276 0.142103327810764 0.210456471145153 0.0723661886528134 0.201283375173807 0.172183330357075 0.179395136237144 0.311400245130062 0.348430421948433 0.182367493957281 0.118806819617748 0.0960582915693522 0.0900647632777691 0.0727781001478434
0.264465749263763 0.0559994077309966 0.0461440999060869 0.174170994758606 0.19160076379776 0.186912532150745 0.199204439669847 0.212464249134064 0.22957579344511 0.245304107666016 0.246808603405952 0.230444866418838 0.219075411558151 0.187867655605078 0.248715473711491 0.162134114652872 0.126087866723537 0.0610070174559951 0.0644230866804719 0.0516977459192276 0.0508499175310135 0.0471360247582197 0.056190131418407 0.0599974926561117 0.164997431635857 0.0668960081413388 0.065597209148109 0.16705022752285 0.129989223927259 0.145049258321524 0.150413041561842 0.180358891934156 0.0660357356071472 0.179517244547606 0.0673974562436342 0.0719436375424266 0.0672835722565651 0.0628403518348932 0.0547424560412765 0.0534342680126429 0.140875755995512 0.0573734225705266 0.0581167317926884 0.107371518015862 0.102334842085838 0.0957670524716377
0.238196106255054 0.222838562726974 0.188313706219196 0.162793596833944 0.181484726071358 0.181947556138039 0.186487036198378 0.206869935244322 0.211093167960644 0.246416047215462 0.338838802278042 0.318936848640442 0.108945408090949 0.103930180892348 0.0918749216943979 0.238612361252308 0.0733498398214579 0.0649382289499044 0.154513855278492 0.161380703747272 0.0480940371751785 0.0457905940711498 0.0464971356093884 0.0486266553401947 0.0529110804200172 0.0554685512557626 0.123289252817631 0.125427462160587 0.124008372426033 0.128677656501532 0.168806006014347 0.182615655660629 0.0623856045305729 0.0624491820111871 0.0579225495457649 0.0611901048570871 0.19837161898613 0.0625016322359443 0.0548177719116211 0.0496836138889194 0.154047210514545 0.0488634914159775 0.0521203571930528 0.0461286010220647 0.0360391110181808 0.114884874224663
0.241303980350494 0.188593531399965 0.151815886795521 0.13920750617981 0.19836048707366 0.196745527535677 0.306605051457882 0.300056764483452 0.248120549321175 0.116459572315216 0.324233117699623 0.118033695593476 0.108899612724781 0.100514826178551 0.267815589904785 0.232912723720074 0.0748787235468626 0.068196764215827 0.0624989651143551 0.0529157739132643 0.0523810004815459 0.113848708570004 0.0507863432168961 0.0530640250071883 0.0531350588425994 0.158479645103216 0.110734147578478 0.105348414555192 0.13361292257905 0.122438105195761 0.0529268385842443 0.0530082995072007 0.0542621951550245 0.0530446020886302 0.0522961346432567 0.0497953526675701 0.0518848534673452 0.0492643918842077 0.0507054727524519 0.0489376105368137 0.128650043904781 0.0402332101017237 0.0394098781049252 0.0415822496637702 0.0441721234470606 0.0377843076363206
0.264730122685432 0.306413514912128 0.204521653056145 0.192465381324291 0.22434591203928 0.241262069344521 0.115093958750367 0.235271482169628 0.108938835933805 0.120966088399291 0.122438080608845 0.337446868419647 0.109695313498378 0.301677823066711 0.0917170774191618 0.0818914050236344 0.0802133869379759 0.0715261425822973 0.0669286055490375 0.161778165400028 0.113129329681396 0.113410211354494 0.0574652664363384 0.0746368024498224 0.0568855674937367 0.0571976939216256 0.162746885418892 0.0595007214695215 0.131423658877611 0.111829264461994 0.0533497607335448 0.130514723062515 0.084413487650454 0.0482458950951695 0.0469034738838673 0.0454399885609746 0.0450786493718624 0.044889841042459 0.0436045490205288 0.0425017585977912 0.0442830001935363 0.0425392206758261 0.040009936504066 0.0370005486533046 0.0370152587071061 0.0393258590251207
0.312672439217567 0.304456281661987 0.128867026045918 0.245381461083889 0.246878938376904 0.314556942880154 0.114542396739125 0.122343135997653 0.113894987106323 0.114648133143783 0.123403471335769 0.123932432383299 0.114857885986567 0.106917461380363 0.252627713978291 0.0905457582324743 0.084032897464931 0.0771905278787017 0.20872033983469 0.194079298526049 0.0678504329174757 0.174207346886396 0.0641086993739009 0.17817390859127 0.0629421707242727 0.062361597456038 0.188179121166468 0.0621115855872631 0.124478755146265 0.0580638788640499 0.0559965241700411 0.0602248873561621 0.0604010695591569 0.0501562476158142 0.0468717686831951 0.045388943143189 0.044430747628212 0.0423235511407256 0.0416145466268063 0.040867861174047 0.0403493287041783 0.0395542792975903 0.0389900960028172 0.0385172890499234 0.0414890561252832 0.0391376556828618
0.212573319673538 0.183063065633178 0.46545247733593 0.16990851983428 0.393898116052151 0.12717371955514 0.120498922467232 0.119552954658866 0.115321253240108 0.122635848075151 0.119143299385905 0.112829802930355 0.114313402026892 0.114162997156382 0.104922630265355 0.0960147429257631 0.0889306647703052 0.0827191539108753 0.0768814949318767 0.0718160286545753 0.0704731341451406 0.0690747795626521 0.212288868427277 0.0667091254144907 0.0675262503325939 0.0686641402542591 0.0655509287491441 0.0672626914456487 0.141439275443554 0.136700868606567 0.0598321890458465 0.0571207726374269 0.0527543680742383 0.0501300521194935 0.0491067653521895 0.046899338811636 0.119531597197056 0.0423641134053469 0.0395858358591795 0.0402100941166282 0.0405455874279141 0.0394171621650457 0.038234562985599 0.117822720110416 0.03717669416219 0.0367834445089102
0.501525044441223 0.210423909127712 0.206622356548905 0.834085899591446 0.463244760036469 0.158162994682789 0.132485377043486 0.119923269376159 0.116751667484641 0.11960246488452 0.331079804897308 0.340632145106792 0.105885004252195 0.105751543492079 0.100238239765167 0.0927562817931175 0.0888279790058732 0.083349247649312 0.0788954747840762 0.0749021783471107 0.0715559193864465 0.0707920391112566 0.0703380078077316 0.0704890487715602 0.0693021619692445 0.0688998930156231 0.0683372242376208 0.0671652236953378 0.0677833631634712 0.13553327023983 0.122142072021961 0.056681714951992 0.0529847513884306 0.0512216499075294 0.0485803524032235 0.0478235950693488 0.0454525312408805 0.0431723840534687 0.0411373734474182 0.039845872297883 0.0885146409273148 0.0389347411692142 0.0365244464948773 0.0361936891451478 0.0364180587232113 0.0368872690945864
