Scripts_&_data/Maxent_result_files_2/B_lapponicus_2.asc
NCOLS 594 
NROWS 330 
XLLCORNER -15 
YLLCORNER 23 
CELLSIZE 0.166666666666667 
NODATA_value -9999 
[rows 260 to 279 of 330, columns 440 to 483 of 594]
7.87425680215392e-13 2.31237251568928e-13 8.98059404619289e-14 9.27924403981706e-14 6.5580874064608e-14 5.16753306811779e-13 9.52404821674691e-13 7.74935671188359e-14 1.34003919072256e-13 1.46298528846955e-11 8.69390115454394e-12 1.43880521275008e-08 2.48557100235303e-07 4.81196194002109e-11 6.42195385758271e-10 2.50556908554245e-11 2.50746756691456e-11 1.28335163607218e-08 1.79214286744056e-08 1.30991552160786e-08 4.36700952732849e-08 8.99555320899026e-08 1.37267759470205e-07 1.90295240827254e-06 2.8522488037197e-06 4.28846752811296e-06 1.52112778778246e-05 7.44611763366265e-05 6.50297748507e-05 6.90949505042227e-05 3.47443704413308e-05 5.18331352395762e-05 0.000113258329292876 0.000135137779216166 6.1228060076246e-06 2.18187142309034e-06 5.05999596498441e-06 1.70554972100945e-06 1.32388231577352e-06 1.44289936088171e-07 1.28367489082848e-07 1.57239475129245e-07 1.49099514601403e-07 3.2124133895195e-07
1.1489753592997e-11 8.97115715048358e-13 3.5118574714943e-13 4.33153513057505e-13 5.55810952818092e-13 4.36550795512858e-13 6.21724893790088e-14 9.54669676644926e-13 6.81743550501324e-13 4.13069578542036e-13 2.5373925183203e-12 2.95999891264387e-12 2.44687381467656e-11 1.32688782183976e-10 9.36357325009851e-11 8.18508169020404e-09 1.60794610959414e-10 1.11713827077864e-10 1.19943943666101e-11 3.39838823748551e-11 5.71300928786655e-10 1.16300258312663e-10 2.13684647754064e-10 4.36816942617213e-09 3.36392161237597e-08 3.37808184425192e-08 8.41666631004045e-06 4.5740558016405e-05 1.65781754617456e-06 1.61761831662943e-07 4.60875534979976e-07 1.31348849777169e-05 7.05098163962248e-05 3.47972314102662e-05 5.89219399671492e-07 1.02678285429647e-06 1.62954270308546e-06 1.96490052530862e-06 1.97424290035997e-06 3.79137361505855e-07 4.48871247726856e-08 2.34078888752265e-06 3.44703848895733e-06 4.22377452196088e-06
1.07242695834842e-09 3.31360494598698e-12 3.5145220067534e-13 2.69383404472023e-12 2.66332511600353e-12 7.31681382148963e-13 1.46560541480767e-13 9.0525364981886e-13 3.78346243223859e-12 4.0778491694482e-14 5.31463761888062e-14 3.0900837444392e-13 9.89408555085447e-13 5.09730035958e-12 5.01795272001004e-12 1.50179424451835e-11 7.24703408394589e-11 3.06652325754442e-10 8.65261418070418e-11 1.58210244904922e-08 2.94596519623269e-08 4.85310888143076e-09 2.25523411057083e-10 3.71946151656033e-10 1.18938967563764e-09 4.86880840089299e-09 1.12131051666076e-08 2.90635547406382e-08 2.799273628451e-08 2.84512453561092e-06 9.92193099591532e-07 2.67986798974107e-07 3.70167148844303e-07 3.20661273178757e-07 7.73107012719265e-07 4.01853294533794e-06 3.81516401830595e-06 2.90226371362223e-06 2.42439264184213e-06 2.79289442914887e-06 3.03881688523688e-06 3.02468633890385e-06 2.03636245714733e-06 3.58967490683426e-06
2.80985268386047e-10 4.62269547085725e-09 3.51224183070542e-10 7.4990502696437e-11 3.85678045056181e-11 1.9242374360573e-11 1.61436419787719e-12 4.68614036464032e-13 8.01270161332468e-13 4.36428670980149e-14 2.65565347490337e-14 1.21380683282268e-13 3.23885362973897e-13 8.48765502325932e-14 2.76911826802007e-13 9.35274080404724e-13 2.25625074179447e-12 3.24342996904647e-11 1.25451601107329e-08 5.90024493263286e-08 9.65930846419383e-09 5.01719905621201e-09 9.10770869833044e-09 4.08967267162552e-08 6.55791062342814e-08 3.45836056681037e-07 1.2662255173268e-06 1.26618514286747e-05 1.84687161919328e-07 4.25332790143784e-07 1.02846152003622e-06 1.46224429187214e-07 9.13360759113857e-07 2.37776239373488e-06 2.08353230846114e-06 1.4088642274146e-06 1.75928212229337e-06 1.70886814885307e-06 3.93201480619609e-07 5.2965604027122e-07 1.35729069370427e-06 5.32543936060392e-07 2.45161427301355e-06 2.11584037970169e-06
1.15871756634078e-12 5.36991029420619e-10 4.50429151754861e-09 1.06369379970772e-10 5.36693578467862e-11 2.84063228495057e-10 2.05707451073067e-11 3.63389318636109e-12 3.26828564212178e-12 7.961409309587e-14 6.5785155101139e-13 4.71922501077415e-13 3.55415696873251e-13 9.34474719826994e-14 1.27223787060871e-12 1.10181863632874e-12 2.5644930623514e-12 1.57604929107436e-11 1.93135019088686e-10 1.06472000105384e-08 5.2545972351048e-09 1.43995526613594e-08 1.07416381212033e-07 4.47364783440207e-07 3.24126386885837e-07 1.18328890152952e-06 7.26114817553025e-06 2.22687931454857e-06 1.30361236188037e-06 1.08013307453803e-07 6.21504128162087e-08 7.91493235396956e-08 7.16610356903402e-06 1.47737141560356e-06 3.01555405712861e-07 4.27039526584849e-07 6.52738026474253e-07 5.22950949743972e-07 3.41022280281322e-07 1.69882049760872e-08 1.8926664324681e-07 3.16599619054614e-07 5.2442422884269e-07 4.80420985695673e-06
2.7610136399403e-13 6.06018568660716e-12 3.27449634074384e-10 2.74117548215713e-08 1.88013582480551e-10 2.06538819380597e-10 4.65260163728942e-11 7.5461636939167e-12 6.58616716719962e-11 5.06542141565092e-11 3.5207392556913e-13 1.82686088479045e-12 4.3719472486714e-13 8.5353946133182e-14 3.72146757854352e-13 1.2436718321851e-13 3.82838205581493e-13 2.19378959442906e-12 4.70035121935553e-12 4.24706936286157e-12 4.5944266613418e-09 6.88940815507522e-10 1.1234106551683e-07 2.74973697145242e-08 6.94240851473182e-08 9.35837755378088e-07 1.23638853892771e-06 1.47929672493774e-05 5.02976604366268e-08 6.69893938720634e-07 5.05665707351e-07 9.92112873063888e-06 1.75869449776656e-06 1.20197080377693e-06 1.84530597380217e-06 2.75030936336407e-07 1.36070815415223e-07 4.9558107662051e-08 3.67720829785867e-08 4.48829169386045e-08 4.82095117604331e-08 1.143943165971e-07 4.62442535535956e-06 1.43283163822616e-07
1.12188036638372e-13 3.70338204547238e-12 5.5143223320897e-12 8.15579936919164e-11 1.2700183571468e-09 5.80740988631589e-10 2.80484457881869e-10 5.49842149588642e-10 2.21713536419088e-11 3.22394888563338e-11 4.9059645235161e-13 2.23154827949656e-13 2.07411865460472e-13 7.96029908656237e-14 9.81659198373563e-14 7.70161712182471e-14 1.41142653120596e-13 1.52999835023593e-13 1.23792087691754e-12 2.90139023917391e-11 5.31924060354072e-11 1.24016041880282e-10 6.28214613662692e-09 1.21057142088432e-10 1.6533855395906e-10 4.74260328786613e-09 6.36480442040011e-07 8.02539003075253e-07 1.68685713106242e-05 4.20169358221756e-06 1.39750083292256e-06 2.36836014266828e-07 2.12181332059913e-07 6.76720794956509e-08 1.03450562960461e-07 7.46876764878834e-08 1.45584223787409e-08 4.42757361440727e-08 5.49837153585031e-08 8.48116968654722e-08 1.69468705735198e-07 1.28360229609825e-06 8.52875130519237e-09 3.24939648965739e-08
1.05970787700471e-13 3.02413649677646e-13 1.02553521230675e-12 4.95812280121299e-12 1.11892961562887e-10 4.00977615555576e-09 5.88368095577607e-08 1.72131585429725e-08 1.13863081185883e-09 3.81681077854523e-09 2.01927701226623e-09 1.47888368218219e-12 2.35145236615608e-14 1.89404048001052e-14 8.78297434780961e-14 7.85038700712448e-14 1.05337960576435e-13 5.21249710061511e-13 8.54283310758319e-13 6.48254228075018e-11 4.42380576615164e-12 7.7046147239912e-12 2.64878119438094e-12 1.55064849849396e-12 2.06287209536526e-12 9.7627905759623e-12 3.04322707478377e-08 7.18508626817993e-08 6.55732359078343e-08 2.62656335792144e-08 3.27410674572093e-08 2.05814257014936e-07 1.5993898614397e-07 4.93324679951002e-07 3.49474561289753e-08 1.25276341123026e-07 6.77130856274744e-08 8.27560626248669e-08 3.41218799349008e-07 1.82432967221757e-07 3.73531328534682e-08 5.22883499343152e-06 2.82533511608563e-07 3.54449724682127e-08
1.76625380987616e-13 7.93609622462554e-13 4.47304415729377e-12 1.94178562118452e-11 4.61430227360893e-11 2.78917766660669e-10 4.53798428168284e-08 4.44487810113969e-08 1.49508203151072e-08 1.41719802115858e-08 9.9414396714792e-09 4.11650435960809e-10 4.5546899585247e-13 5.56443779942128e-14 4.57966997657877e-14 5.45674616603264e-14 2.57338594877865e-13 4.54214443834644e-13 6.64601707001111e-13 1.04632968955798e-12 1.96829219589745e-12 2.02614591771066e-12 4.82291984127414e-13 5.3446136405455e-13 1.63192792612676e-12 2.13734252518805e-11 1.37799622379475e-08 8.60008730896311e-12 7.9980588818529e-11 1.50590762082459e-11 8.75582717441148e-11 2.87929968756373e-10 8.96978713527119e-11 3.80758147233706e-10 3.74721986418081e-07 2.32390014787143e-08 3.83147414595442e-07 1.38734174015553e-07 4.49759193088539e-07 2.35688981433668e-06 8.92131737373347e-07 4.87507051616376e-08 5.79804071421108e-09 4.88692990074924e-08
7.2819528185164e-14 2.95447000198124e-12 1.39288680589544e-10 1.33086430764706e-10 1.67012959018109e-11 3.16399506594678e-10 7.2310799126285e-09 4.98527370496049e-09 2.56817234145501e-10 1.13606191121107e-10 1.66616864749614e-10 4.99625418814986e-10 9.79405445633574e-13 8.64752713880534e-14 5.23692200715686e-14 4.79061235125755e-14 4.02566868729082e-14 2.38475905689484e-13 2.24531504500192e-13 4.86144458022864e-13 2.39281927605361e-12 1.16324727628125e-12 3.14359649422613e-13 3.57410767648503e-12 3.65594221563015e-12 9.46909217702796e-13 7.02804481278463e-12 5.49715606368295e-11 9.86171921901757e-11 1.30172439494203e-10 6.38349373360825e-12 7.48659467753043e-11 5.17025817714512e-09 1.36450438503743e-08 1.71190652054065e-07 2.70506825472694e-06 3.29098929796601e-06 9.04711614566622e-06 9.24573492966374e-07 5.30528545539255e-09 6.04223576061713e-08 2.60888759839872e-06 8.79409078891058e-10 3.12846970551561e-11
2.04392058833491e-14 1.53976831285263e-13 1.00052521823102e-11 3.52051721108637e-12 5.1524118305224e-12 2.70525046808245e-11 3.68083563628829e-11 3.27790727894239e-10 2.1384999993046e-09 4.16279011261622e-11 2.99830160699344e-12 6.94285740010514e-12 1.85236270766609e-12 1.12365672322312e-13 1.90958360235527e-14 1.19237952844742e-14 2.41362485553509e-14 6.86783963033122e-14 2.15161222172355e-14 1.0715872633682e-13 2.13917772384775e-13 2.51854093136217e-13 6.49513776096455e-13 5.35982369598287e-13 1.31639144029805e-13 2.76800804499544e-13 8.39106562011693e-14 2.53908005731773e-14 2.45925502184718e-13 2.53359555557608e-12 1.36941569195415e-12 1.65318141398529e-09 2.51157700859039e-08 4.76227114631911e-07 4.23761991896754e-07 2.13877989097e-08 1.12049059453057e-06 1.63333218949902e-08 2.42518882753728e-10 4.19071888302369e-08 1.59186486143881e-06 7.39362712920411e-06 3.28922666881226e-11 8.0281170600216e-11
1.12798659301916e-14 1.58983937126322e-14 1.29030119921936e-13 3.45035111593006e-13 1.96976213118205e-11 3.89749710283382e-10 5.43682987519389e-11 3.86236709282173e-11 1.47186050014625e-09 1.38464273380379e-09 2.24844587393136e-12 4.66053862169247e-12 5.88507020893303e-13 2.66009436700188e-14 1.64757096854373e-14 6.13953332617712e-15 1.07469588783715e-14 1.0902390101819e-14 1.61126667563849e-13 2.15771844835899e-13 8.07798272717264e-14 3.36863870131765e-13 3.11117798190708e-13 4.76285677564192e-15 3.81916720471054e-15 5.45119505090952e-15 4.04121180963557e-15 9.14823772291129e-15 8.57092175010621e-15 3.76920716860241e-14 6.3860028376439e-14 3.67543773194257e-11 9.78505165782906e-11 3.69206787809162e-08 2.06598917884548e-07 1.67633587011551e-07 1.35792792121947e-07 5.59461255100757e-11 4.52097248526684e-12 6.47187969882168e-11 2.7619936560086e-08 1.84501619315824e-08 2.18512639094115e-09 8.84732509476294e-11
1.41109346429857e-14 1.43551837084033e-14 2.82107670557252e-14 7.52509166090931e-14 5.70088420914772e-13 2.78425060784571e-12 3.98771571319401e-11 2.38313802025658e-10 2.39834374582415e-11 1.13004394730609e-10 1.55165214010822e-11 2.24640306356605e-12 8.55825410539523e-12 2.05235828332206e-13 6.43929354282591e-15 4.05231403988182e-15 1.42219569454483e-14 2.2403190413911e-13 5.45230527393414e-14 3.73034936274053e-15 3.38618022510673e-15 3.19744231092045e-15 2.18713935851156e-15 2.70894418008538e-15 2.44249065417534e-15 7.21644966006352e-15 1.20681242776755e-14 1.41109346429857e-14 2.43360886997834e-13 5.09337017007283e-13 3.85318443818505e-12 5.29000176996419e-12 5.073675923839e-11 2.01070897709599e-09 1.95820215598275e-10 6.10835226844131e-10 1.68111413678673e-11 3.19251292069111e-12 1.46592737948481e-12 1.29993127373496e-11 7.03751723563073e-11 3.39517891578822e-10 1.34340316648718e-12 9.30491239614639e-12
1.02584607475364e-14 2.85771406538515e-14 6.23501250629488e-14 1.64068758579106e-13 2.76459966030984e-12 1.89577242792893e-12 1.7254087048002e-12 1.82628134837159e-11 2.82457390810009e-11 1.79711467929167e-11 3.056621622477e-12 1.18288712158687e-12 5.13646902788878e-12 4.82440754012714e-12 5.53113110868253e-14 2.63122856836162e-15 5.58442181386454e-15 5.57331958361829e-15 1.84297022087776e-15 2.93098878501041e-15 2.14273043752655e-15 3.06421554796543e-15 9.88098491916389e-16 2.64233079860787e-15 3.03090885722668e-15 7.1187500338965e-14 2.36854980073531e-13 6.87672141452822e-14 4.40980585381112e-14 1.35558231306732e-14 2.94320123828129e-13 6.0462745921086e-14 1.87327930945003e-13 1.66741065399378e-12 2.57182608542905e-11 7.08177960717649e-12 1.37301281455393e-12 2.10576001080653e-13 2.79676282133323e-13 2.26818563930919e-13 9.50950429512432e-13 1.62549973481418e-12 1.62934756797739e-08 1.97734717488629e-11
2.65343302885412e-15 5.05151476204446e-15 1.12798659301916e-14 1.61426427780498e-14 5.64770452626817e-14 8.41582359356607e-13 1.35763844610892e-11 3.17590065357365e-11 4.50607329227637e-12 6.8554495413764e-12 3.14941073220609e-11 1.06594733040311e-12 3.76032538440541e-14 1.97608596153032e-13 4.25104396128972e-14 5.85087533977458e-15 4.91828799908944e-15 2.1316282072803e-15 1.83186799063151e-15 1.36557432028894e-15 1.27675647831893e-15 9.2148511043888e-16 1.0325074129014e-15 8.77076189453874e-16 1.19904086659517e-15 1.50990331349021e-15 1.23234755733392e-15 1.14352971536391e-15 1.86517468137026e-15 2.76445533131664e-15 4.40758540776187e-15 6.13953332617712e-15 1.0680345496894e-14 6.47482067961391e-14 1.72339920112563e-13 8.30224777814692e-14 3.08686409766779e-13 9.00057806063614e-14 1.35025324254912e-13 3.02879943347989e-13 5.9624527537494e-13 7.26677606976978e-12 1.67731761813172e-10 2.03037575641218e-10
1.3988810110277e-15 2.48689957516035e-15 4.98490138056695e-15 1.62980740014973e-14 3.51607631898787e-14 5.89206461398817e-13 7.69044827819698e-12 1.19044107904642e-11 9.41946520782721e-13 7.16648962395539e-14 4.12784251224707e-12 1.42426515026273e-11 3.41615624677161e-14 1.48103751484996e-14 1.04916075827077e-14 6.82787160144471e-15 3.76365605347928e-15 1.06581410364015e-15 6.88338275267597e-16 6.10622663543836e-16 8.21565038222616e-16 9.32587340685132e-16 7.32747196252603e-16 7.43849426498855e-16 7.7715611723761e-16 6.99440505513849e-16 6.21724893790088e-16 1.15463194561016e-15 1.85407245112401e-15 1.88737914186277e-15 2.42028619368284e-15 4.15223411209809e-15 8.77076189453874e-15 1.63424829224823e-14 1.64757096854373e-14 1.80633286106513e-14 2.00728322852228e-14 2.30926389122033e-14 5.05484543111834e-14 1.17450493775095e-13 6.82087719638957e-13 3.50452999953177e-12 2.70314770567381e-11 1.88187465610667e-11
9.65894031423886e-16 1.4432899320127e-15 3.47499806707674e-15 8.31557045444242e-15 4.31654711974261e-14 1.77358128183869e-13 5.42033085082494e-13 5.20855580887769e-12 9.85056480828916e-12 4.15556478117196e-13 1.966649065821e-13 5.35493871467452e-12 1.35425004543777e-13 6.15618667154649e-14 9.27036225562006e-15 2.54241072639161e-15 1.48769885299771e-15 7.66053886991358e-16 6.99440505513849e-16 6.10622663543836e-16 6.32827124036339e-16 7.105427357601e-16 5.99520433297585e-16 5.21804821573824e-16 3.99680288865056e-16 3.88578058618805e-16 5.88418203051333e-16 7.43849426498855e-16 8.21565038222616e-16 1.06581410364015e-15 1.50990331349021e-15 3.14193115968919e-15 5.28466159721575e-15 6.31716901011714e-15 6.78346268045971e-15 7.41628980449605e-15 1.11466391672366e-14 1.16906484493029e-14 3.26960680752109e-14 3.33166827459763e-13 1.39493971929028e-12 1.72118985730663e-11 7.93213272842763e-12 2.81022982662193e-12
5.32907051820075e-16 8.88178419700125e-16 2.18713935851156e-15 8.30446822419617e-15 2.23376872554581e-14 8.43880521017582e-14 8.28670465580217e-14 6.40598685208715e-14 4.14759337985515e-12 1.25463417433025e-11 5.49682521722161e-13 6.01296790136985e-13 2.44149145345318e-13 2.1094237467878e-14 4.98490138056695e-15 2.17603712826531e-15 9.76996261670138e-16 4.44089209850063e-16 5.44009282066327e-16 4.77395900588817e-16 4.9960036108132e-16 4.77395900588817e-16 4.10782519111308e-16 3.33066907387547e-16 2.88657986402541e-16 2.22044604925031e-16 2.33146835171283e-16 3.10862446895044e-16 4.77395900588817e-16 1.01030295240889e-15 1.21014309684142e-15 2.1094237467878e-15 2.99760216648792e-15 3.8968828164343e-15 4.64073224293315e-15 6.12843109593086e-15 1.25122134875255e-14 1.14797060746241e-14 8.29336599394992e-15 2.66231481305113e-14 1.54898316395702e-13 5.1689763580498e-13 6.77669032000949e-13 4.25837143325225e-13
3.66373598126302e-16 5.32907051820075e-16 1.12132525487141e-15 2.66453525910038e-15 5.02931030155196e-15 1.34214861446935e-13 5.20627985167721e-13 9.08162434143378e-15 6.08402217494586e-15 2.36144437337771e-14 1.93178806284777e-14 8.38218383591993e-15 8.20454815197991e-15 3.44169137633799e-15 3.07531777821168e-15 1.4210854715202e-15 3.88578058618805e-16 7.54951656745106e-16 4.44089209850063e-16 4.10782519111308e-16 6.21724893790088e-16 3.88578058618805e-16 2.77555756156289e-16 2.1094237467878e-16 1.66533453693773e-16 1.66533453693773e-16 2.33146835171283e-16 3.44169137633799e-16 5.55111512312578e-16 9.2148511043888e-16 1.26565424807268e-15 1.48769885299771e-15 2.33146835171283e-15 2.93098878501041e-15 2.97539770599542e-15 3.03090885722668e-15 7.0832228971085e-15 5.57331958361829e-15 4.22994972382185e-15 9.01501095995627e-15 1.73749903353837e-14 9.04831765069503e-15 2.00728322852228e-14 1.29718458197203e-13
2.88657986402541e-16 3.44169137633799e-16 5.77315972805081e-16 1.79856129989275e-15 1.3988810110277e-15 1.59872115546023e-15 5.28466159721575e-15 5.50670620214078e-15 2.70894418008538e-15 7.061018436616e-15 1.2312373343093e-14 2.28705943072782e-15 1.96509475358653e-15 2.87547763377916e-15 1.08801856413265e-15 1.0547118733939e-15 5.44009282066327e-16 1.02140518265514e-15 1.53210777398272e-15 5.10702591327572e-16 8.77076189453874e-16 2.33146835171283e-16 2.55351295663786e-16 1.88737914186277e-16 1.77635683940025e-16 1.4432899320127e-16 2.22044604925031e-16 4.55191440096314e-16 8.77076189453874e-16 1.02140518265514e-15 9.76996261670138e-16 1.35447209004269e-15 1.87627691161651e-15 2.17603712826531e-15 1.54321000422897e-15 3.67483821150927e-15 4.9737991503207e-15 7.21644966006352e-15 8.60422844084496e-15 5.14033260401447e-15 6.80566714095221e-15 6.63913368725844e-15 1.34781075189494e-14 2.22044604925031e-14
