Scripts_&_data/Maxent_result_files_2/B_lapponicus_2.asc
NCOLS 594 
NROWS 330 
XLLCORNER -15 
YLLCORNER 23 
CELLSIZE 0.166666666666667 
NODATA_value -9999 
[rows 300 to 319 of 330, columns 88 to 131 of 594]
6.66133814775094e-17 5.55111512312578e-17 5.55111512312578e-17 3.33066907387547e-17 5.55111512312578e-17 5.55111512312578e-17 5.55111512312578e-17 4.44089209850063e-17 5.55111512312578e-17 4.44089209850063e-17 4.44089209850063e-17 4.44089209850063e-17 3.33066907387547e-17 4.44089209850063e-17 6.66133814775094e-17 6.66133814775094e-17 1.22124532708767e-16 1.99840144432528e-16 1.22124532708767e-16 9.99200722162641e-17 1.11022302462516e-16 1.55431223447522e-16 6.55031584528842e-16 3.99680288865056e-16 7.21644966006352e-16 4.44089209850063e-16 2.66453525910038e-16 2.33146835171283e-16 2.55351295663786e-16 3.66373598126302e-16 4.88498130835069e-16 6.43929354282591e-16 6.21724893790088e-16 6.43929354282591e-16 4.9960036108132e-16 4.77395900588817e-16 3.66373598126302e-16 3.5527136788005e-16 4.32986979603811e-16 3.33066907387547e-16 3.66373598126302e-16 3.5527136788005e-16 3.99680288865056e-16 4.10782519111308e-16
4.44089209850063e-17 5.55111512312578e-17 5.55111512312578e-17 4.44089209850063e-17 4.44089209850063e-17 4.44089209850063e-17 3.33066907387547e-17 5.55111512312578e-17 4.44089209850063e-17 3.33066907387547e-17 6.66133814775094e-17 7.7715611723761e-17 7.7715611723761e-17 6.66133814775094e-17 6.66133814775094e-17 6.66133814775094e-17 8.88178419700125e-17 1.11022302462516e-16 1.11022302462516e-16 8.88178419700125e-17 8.88178419700125e-17 6.66133814775094e-17 7.7715611723761e-17 9.99200722162641e-17 2.55351295663786e-16 2.1094237467878e-16 2.1094237467878e-16 2.44249065417534e-16 2.66453525910038e-16 2.88657986402541e-16 3.99680288865056e-16 4.9960036108132e-16 6.10622663543836e-16 5.44009282066327e-16 3.99680288865056e-16 4.32986979603811e-16 3.44169137633799e-16 4.21884749357559e-16 4.44089209850063e-16 3.5527136788005e-16 3.44169137633799e-16 3.10862446895044e-16 3.5527136788005e-16 3.77475828372553e-16
3.33066907387547e-17 4.44089209850063e-17 4.44089209850063e-17 3.33066907387547e-17 3.33066907387547e-17 3.33066907387547e-17 3.33066907387547e-17 4.44089209850063e-17 5.55111512312578e-17 4.44089209850063e-17 4.44089209850063e-17 6.66133814775094e-17 7.7715611723761e-17 5.55111512312578e-17 5.55111512312578e-17 6.66133814775094e-17 6.66133814775094e-17 9.99200722162641e-17 1.11022302462516e-16 7.7715611723761e-17 7.7715611723761e-17 9.99200722162641e-17 1.11022302462516e-16 1.22124532708767e-16 1.4432899320127e-16 1.66533453693773e-16 1.99840144432528e-16 2.44249065417534e-16 2.55351295663786e-16 2.66453525910038e-16 2.77555756156289e-16 3.5527136788005e-16 4.55191440096314e-16 5.10702591327572e-16 4.9960036108132e-16 4.77395900588817e-16 4.32986979603811e-16 3.66373598126302e-16 3.33066907387547e-16 3.5527136788005e-16 3.44169137633799e-16 3.10862446895044e-16 3.33066907387547e-16 3.33066907387547e-16
2.22044604925031e-17 3.33066907387547e-17 3.33066907387547e-17 3.33066907387547e-17 3.33066907387547e-17 3.33066907387547e-17 3.33066907387547e-17 4.44089209850063e-17 4.44089209850063e-17 6.66133814775094e-17 7.7715611723761e-17 7.7715611723761e-17 6.66133814775094e-17 5.55111512312578e-17 4.44089209850063e-17 5.55111512312578e-17 5.55111512312578e-17 7.7715611723761e-17 7.7715611723761e-17 5.55111512312578e-17 6.66133814775094e-17 9.99200722162641e-17 6.66133814775094e-17 7.7715611723761e-17 1.22124532708767e-16 1.4432899320127e-16 1.77635683940025e-16 1.99840144432528e-16 2.55351295663786e-16 2.77555756156289e-16 3.10862446895044e-16 2.99760216648792e-16 3.33066907387547e-16 4.9960036108132e-16 5.10702591327572e-16 5.32907051820075e-16 3.88578058618805e-16 3.21964677141295e-16 3.77475828372553e-16 3.33066907387547e-16 2.88657986402541e-16 2.88657986402541e-16 3.44169137633799e-16 2.55351295663786e-16
1.11022302462516e-17 2.22044604925031e-17 3.33066907387547e-17 3.33066907387547e-17 3.33066907387547e-17 3.33066907387547e-17 3.33066907387547e-17 3.33066907387547e-17 3.33066907387547e-17 3.33066907387547e-17 4.44089209850063e-17 4.44089209850063e-17 4.44089209850063e-17 3.33066907387547e-17 3.33066907387547e-17 4.44089209850063e-17 3.33066907387547e-17 3.33066907387547e-17 4.44089209850063e-17 5.55111512312578e-17 6.66133814775094e-17 7.7715611723761e-17 7.7715611723761e-17 4.44089209850063e-17 6.66133814775094e-17 1.22124532708767e-16 1.4432899320127e-16 1.99840144432528e-16 2.33146835171283e-16 2.99760216648792e-16 3.33066907387547e-16 3.33066907387547e-16 3.21964677141295e-16 2.88657986402541e-16 2.88657986402541e-16 2.77555756156289e-16 2.66453525910038e-16 2.88657986402541e-16 3.10862446895044e-16 2.55351295663786e-16 2.88657986402541e-16 2.99760216648792e-16 2.88657986402541e-16 1.99840144432528e-16
1.11022302462516e-17 2.22044604925031e-17 3.33066907387547e-17 3.33066907387547e-17 2.22044604925031e-17 2.22044604925031e-17 2.22044604925031e-17 3.33066907387547e-17 3.33066907387547e-17 3.33066907387547e-17 3.33066907387547e-17 3.33066907387547e-17 3.33066907387547e-17 3.33066907387547e-17 2.22044604925031e-17 3.33066907387547e-17 3.33066907387547e-17 4.44089209850063e-17 4.44089209850063e-17 5.55111512312578e-17 5.55111512312578e-17 4.44089209850063e-17 4.44089209850063e-17 4.44089209850063e-17 5.55111512312578e-17 1.11022302462516e-16 1.33226762955019e-16 1.66533453693773e-16 1.99840144432528e-16 2.33146835171283e-16 2.99760216648792e-16 3.33066907387547e-16 2.99760216648792e-16 2.66453525910038e-16 2.77555756156289e-16 2.66453525910038e-16 2.44249065417534e-16 3.10862446895044e-16 2.1094237467878e-16 1.77635683940025e-16 2.99760216648792e-16 3.21964677141295e-16 2.22044604925031e-16 3.10862446895044e-16
1.11022302462516e-17 1.11022302462516e-17 2.22044604925031e-17 2.22044604925031e-17 2.22044604925031e-17 2.22044604925031e-17 2.22044604925031e-17 2.22044604925031e-17 2.22044604925031e-17 3.33066907387547e-17 3.33066907387547e-17 2.22044604925031e-17 2.22044604925031e-17 2.22044604925031e-17 3.33066907387547e-17 3.33066907387547e-17 3.33066907387547e-17 3.33066907387547e-17 3.33066907387547e-17 3.33066907387547e-17 3.33066907387547e-17 3.33066907387547e-17 3.33066907387547e-17 4.44089209850063e-17 5.55111512312578e-17 7.7715611723761e-17 1.22124532708767e-16 1.55431223447522e-16 1.99840144432528e-16 1.99840144432528e-16 2.33146835171283e-16 2.1094237467878e-16 2.44249065417534e-16 2.44249065417534e-16 3.88578058618805e-16 2.33146835171283e-16 2.66453525910038e-16 3.88578058618805e-16 1.4432899320127e-16 1.66533453693773e-16 2.33146835171283e-16 2.55351295663786e-16 2.66453525910038e-16 2.88657986402541e-16
1.11022302462516e-17 1.11022302462516e-17 1.11022302462516e-17 1.11022302462516e-17 2.22044604925031e-17 1.11022302462516e-17 2.22044604925031e-17 2.22044604925031e-17 2.22044604925031e-17 2.22044604925031e-17 2.22044604925031e-17 2.22044604925031e-17 2.22044604925031e-17 1.11022302462516e-17 1.11022302462516e-17 2.22044604925031e-17 2.22044604925031e-17 2.22044604925031e-17 2.22044604925031e-17 2.22044604925031e-17 2.22044604925031e-17 3.33066907387547e-17 3.33066907387547e-17 3.33066907387547e-17 4.44089209850063e-17 4.44089209850063e-17 6.66133814775094e-17 8.88178419700125e-17 9.99200722162641e-17 1.11022302462516e-16 1.66533453693773e-16 2.33146835171283e-16 3.44169137633799e-16 3.10862446895044e-16 4.55191440096314e-16 3.21964677141295e-16 6.99440505513849e-16 9.65894031423886e-16 3.21964677141295e-16 1.4432899320127e-16 1.88737914186277e-16 2.44249065417534e-16 2.88657986402541e-16 2.44249065417534e-16
1.11022302462516e-17 1.11022302462516e-17 1.11022302462516e-17 1.11022302462516e-17 1.11022302462516e-17 1.11022302462516e-17 1.11022302462516e-17 1.11022302462516e-17 1.11022302462516e-17 1.11022302462516e-17 1.11022302462516e-17 1.11022302462516e-17 1.11022302462516e-17 1.11022302462516e-17 1.11022302462516e-17 1.11022302462516e-17 1.11022302462516e-17 1.11022302462516e-17 2.22044604925031e-17 2.22044604925031e-17 2.22044604925031e-17 2.22044604925031e-17 2.22044604925031e-17 3.33066907387547e-17 3.33066907387547e-17 3.33066907387547e-17 4.44089209850063e-17 5.55111512312578e-17 6.66133814775094e-17 6.66133814775094e-17 2.1094237467878e-16 2.22044604925031e-16 6.43929354282591e-16 2.66453525910038e-16 4.44089209850063e-16 8.88178419700125e-16 1.90958360235527e-15 1.37667655053519e-15 3.77475828372553e-16 2.22044604925031e-16 1.55431223447522e-16 1.77635683940025e-16 2.66453525910038e-16 2.22044604925031e-16
1.11022302462516e-17 1.11022302462516e-17 1.11022302462516e-17 1.11022302462516e-17 1.11022302462516e-17 1.11022302462516e-17 1.11022302462516e-17 1.11022302462516e-17 1.11022302462516e-17 1.11022302462516e-17 1.11022302462516e-17 1.11022302462516e-17 1.11022302462516e-17 1.11022302462516e-17 1.11022302462516e-17 1.11022302462516e-17 1.11022302462516e-17 1.11022302462516e-17 1.11022302462516e-17 2.22044604925031e-17 2.22044604925031e-17 2.22044604925031e-17 2.22044604925031e-17 6.66133814775094e-17 3.33066907387547e-17 3.33066907387547e-17 3.33066907387547e-17 5.55111512312578e-17 5.55111512312578e-17 6.66133814775094e-17 1.66533453693773e-16 2.88657986402541e-16 3.21964677141295e-16 2.55351295663786e-16 8.99280649946377e-16 1.85407245112401e-15 2.28705943072782e-15 1.01030295240889e-15 4.88498130835069e-16 2.22044604925031e-16 2.66453525910038e-16 1.11022302462516e-16 1.55431223447522e-16 1.88737914186277e-16
2.22044604925031e-17 2.22044604925031e-17 2.22044604925031e-17 2.22044604925031e-17 2.22044604925031e-17 1.11022302462516e-17 1.11022302462516e-17 1.11022302462516e-17 1.11022302462516e-17 1.11022302462516e-17 1.11022302462516e-17 1.11022302462516e-17 1.11022302462516e-17 1.11022302462516e-17 1.11022302462516e-17 1.11022302462516e-17 1.11022302462516e-17 2.22044604925031e-17 1.11022302462516e-17 2.22044604925031e-17 2.22044604925031e-17 2.22044604925031e-17 2.22044604925031e-17 5.55111512312578e-17 5.55111512312578e-17 3.33066907387547e-17 4.44089209850063e-17 4.44089209850063e-17 5.55111512312578e-17 2.44249065417534e-16 6.32827124036339e-16 3.5527136788005e-16 2.44249065417534e-16 2.44249065417534e-16 1.70974345792274e-15 1.22124532708767e-15 2.53130849614536e-15 4.40758540776187e-15 2.1094237467878e-15 4.21884749357559e-16 5.44009282066327e-16 3.44169137633799e-16 1.88737914186277e-16 1.88737914186277e-16
2.22044604925031e-17 2.22044604925031e-17 2.22044604925031e-17 2.22044604925031e-17 2.22044604925031e-17 1.11022302462516e-17 1.11022302462516e-17 1.11022302462516e-17 1.11022302462516e-17 1.11022302462516e-17 1.11022302462516e-17 1.11022302462516e-17 1.11022302462516e-17 1.11022302462516e-17 2.22044604925031e-17 2.22044604925031e-17 1.11022302462516e-17 2.22044604925031e-17 2.22044604925031e-17 2.22044604925031e-17 3.33066907387547e-17 2.22044604925031e-17 2.22044604925031e-17 7.7715611723761e-17 8.88178419700125e-17 3.33066907387547e-17 3.33066907387547e-17 7.7715611723761e-17 1.66533453693773e-16 4.66293670342566e-16 1.28785870856518e-15 4.66293670342566e-16 2.66453525910038e-16 2.66453525910038e-16 4.66293670342566e-16 6.88338275267597e-16 9.65894031423886e-16 1.43218770176645e-15 1.89848137210902e-15 2.90878432451791e-15 1.52100554373646e-15 1.33226762955019e-15 1.21014309684142e-15 1.34336985979644e-15
2.22044604925031e-17 2.22044604925031e-17 2.22044604925031e-17 2.22044604925031e-17 2.22044604925031e-17 2.22044604925031e-17 2.22044604925031e-17 1.11022302462516e-17 1.11022302462516e-17 1.11022302462516e-17 1.11022302462516e-17 1.11022302462516e-17 1.11022302462516e-17 1.11022302462516e-17 2.22044604925031e-17 2.22044604925031e-17 2.22044604925031e-17 2.22044604925031e-17 2.22044604925031e-17 2.22044604925031e-17 3.33066907387547e-17 3.33066907387547e-17 3.33066907387547e-17 7.7715611723761e-17 2.55351295663786e-16 6.66133814775094e-17 6.66133814775094e-17 2.1094237467878e-16 2.88657986402541e-16 6.88338275267597e-16 6.3948846218409e-15 5.88418203051333e-16 2.77555756156289e-16 3.33066907387547e-16 6.10622663543836e-16 1.24344978758018e-15 1.0769163338864e-15 1.22124532708767e-15 1.29896093881143e-15 1.765254609154e-15 4.9515946898282e-15 2.37587727269783e-15 2.05391259555654e-15 1.99840144432528e-15
2.22044604925031e-17 2.22044604925031e-17 2.22044604925031e-17 2.22044604925031e-17 2.22044604925031e-17 2.22044604925031e-17 1.11022302462516e-17 1.11022302462516e-17 1.11022302462516e-17 1.11022302462516e-17 1.11022302462516e-17 1.11022302462516e-17 1.11022302462516e-17 1.11022302462516e-17 2.22044604925031e-17 2.22044604925031e-17 2.22044604925031e-17 2.22044604925031e-17 2.22044604925031e-17 2.22044604925031e-17 2.22044604925031e-17 4.44089209850063e-17 5.55111512312578e-17 7.7715611723761e-17 2.1094237467878e-16 1.22124532708767e-16 1.22124532708767e-16 1.99840144432528e-16 1.17683640610267e-15 1.0325074129014e-14 1.20681242776755e-14 1.29896093881143e-15 5.10702591327572e-16 6.43929354282591e-16 6.32827124036339e-16 1.37667655053519e-15 1.67643676718399e-15 1.85407245112401e-15 1.50990331349021e-15 1.40998324127395e-15 4.15223411209809e-15 7.12763181809351e-15 4.91828799908944e-15 3.78586051397178e-15
2.22044604925031e-17 2.22044604925031e-17 2.22044604925031e-17 2.22044604925031e-17 2.22044604925031e-17 2.22044604925031e-17 1.11022302462516e-17 1.11022302462516e-17 1.11022302462516e-17 1.11022302462516e-17 1.11022302462516e-17 1.11022302462516e-17 1.11022302462516e-17 1.11022302462516e-17 2.22044604925031e-17 2.22044604925031e-17 2.22044604925031e-17 2.22044604925031e-17 2.22044604925031e-17 3.33066907387547e-17 3.33066907387547e-17 5.55111512312578e-17 6.66133814775094e-17 6.66133814775094e-17 1.66533453693773e-16 3.5527136788005e-16 4.55191440096314e-16 7.32747196252603e-16 8.10462807976364e-15 3.25628413122558e-14 6.36157793110215e-15 1.01030295240889e-15 9.43689570931383e-16 8.77076189453874e-16 7.99360577730113e-16 1.765254609154e-15 3.11972669919669e-15 2.42028619368284e-15 3.96349619791181e-15 1.64313007644523e-15 2.23154827949656e-15 3.75255382323303e-15 6.30606677987089e-15 1.02140518265514e-14
2.22044604925031e-17 2.22044604925031e-17 2.22044604925031e-17 2.22044604925031e-17 2.22044604925031e-17 2.22044604925031e-17 2.22044604925031e-17 2.22044604925031e-17 2.22044604925031e-17 1.11022302462516e-17 1.11022302462516e-17 1.11022302462516e-17 1.11022302462516e-17 1.11022302462516e-17 1.11022302462516e-17 2.22044604925031e-17 2.22044604925031e-17 2.22044604925031e-17 3.33066907387547e-17 3.33066907387547e-17 4.44089209850063e-17 8.88178419700125e-17 8.88178419700125e-17 8.88178419700125e-17 2.1094237467878e-16 6.21724893790088e-16 1.79856129989275e-15 3.27515792264421e-15 3.69704267200177e-15 3.95239396766556e-15 1.40998324127395e-15 9.76996261670138e-16 1.0325074129014e-15 1.55431223447522e-15 1.24344978758018e-15 1.11022302462516e-15 3.65263375101676e-15 2.73114864057789e-15 3.24185123190546e-15 2.25375273998907e-15 3.2085445411667e-15 4.27435864480685e-15 7.0832228971085e-15 1.06026298851702e-14
2.22044604925031e-17 2.22044604925031e-17 2.22044604925031e-17 2.22044604925031e-17 2.22044604925031e-17 2.22044604925031e-17 2.22044604925031e-17 2.22044604925031e-17 2.22044604925031e-17 1.11022302462516e-17 1.11022302462516e-17 1.11022302462516e-17 1.11022302462516e-17 1.11022302462516e-17 1.11022302462516e-17 2.22044604925031e-17 2.22044604925031e-17 2.22044604925031e-17 3.33066907387547e-17 4.44089209850063e-17 4.44089209850063e-17 6.66133814775094e-17 8.88178419700125e-17 9.99200722162641e-17 2.44249065417534e-16 6.43929354282591e-16 1.17683640610267e-15 2.18713935851156e-15 2.73114864057789e-15 1.53210777398272e-15 1.0769163338864e-15 1.06581410364015e-15 1.50990331349021e-15 2.1538326677728e-15 2.05391259555654e-15 8.77076189453874e-16 1.43218770176645e-14 7.69384556065233e-15 1.56874513379535e-14 2.36477504245158e-15 3.25295346215171e-15 4.96269692007445e-15 6.25055562863963e-15 1.03361763592602e-14
2.22044604925031e-17 2.22044604925031e-17 2.22044604925031e-17 2.22044604925031e-17 2.22044604925031e-17 2.22044604925031e-17 2.22044604925031e-17 2.22044604925031e-17 2.22044604925031e-17 1.11022302462516e-17 1.11022302462516e-17 2.22044604925031e-17 2.22044604925031e-17 1.11022302462516e-17 1.11022302462516e-17 2.22044604925031e-17 2.22044604925031e-17 3.33066907387547e-17 3.33066907387547e-17 7.7715611723761e-17 6.66133814775094e-17 7.7715611723761e-17 9.99200722162641e-17 1.55431223447522e-16 2.22044604925031e-16 5.99520433297585e-16 9.76996261670138e-16 1.29896093881143e-15 1.08801856413265e-15 1.37667655053519e-15 1.32116539930394e-15 1.62092561595273e-15 2.1094237467878e-15 2.76445533131664e-15 6.86117829218347e-15 1.32116539930394e-15 2.50910403565285e-15 8.30446822419617e-15 4.70734562441066e-15 3.15303338993544e-15 3.47499806707674e-15 4.2410519540681e-15 5.50670620214078e-15 6.61692922676593e-15
2.22044604925031e-17 2.22044604925031e-17 2.22044604925031e-17 2.22044604925031e-17 3.33066907387547e-17 2.22044604925031e-17 2.22044604925031e-17 2.22044604925031e-17 2.22044604925031e-17 2.22044604925031e-17 2.22044604925031e-17 3.33066907387547e-17 4.44089209850063e-17 3.33066907387547e-17 2.22044604925031e-17 2.22044604925031e-17 2.22044604925031e-17 4.44089209850063e-17 1.77635683940025e-16 8.88178419700125e-17 9.99200722162641e-17 9.99200722162641e-17 1.55431223447522e-16 2.1094237467878e-16 2.55351295663786e-16 6.43929354282591e-16 8.54871728961371e-16 9.43689570931383e-16 1.25455201782643e-15 1.93178806284777e-15 1.69864122767649e-15 1.87627691161651e-15 2.65343302885412e-15 3.76365605347928e-15 1.47437617670221e-14 2.43138842392909e-15 1.86517468137026e-15 3.45279360658424e-15 3.98570065840431e-15 3.31956684362922e-15 3.49720252756924e-15 3.77475828372553e-15 5.14033260401447e-15 6.10622663543836e-15
2.22044604925031e-17 2.22044604925031e-17 2.22044604925031e-17 3.33066907387547e-17 3.33066907387547e-17 3.33066907387547e-17 3.33066907387547e-17 3.33066907387547e-17 3.33066907387547e-17 3.33066907387547e-17 3.33066907387547e-17 3.33066907387547e-17 4.44089209850063e-17 4.44089209850063e-17 3.33066907387547e-17 3.33066907387547e-17 3.33066907387547e-17 6.66133814775094e-17 5.21804821573824e-16 3.66373598126302e-16 1.88737914186277e-16 1.4432899320127e-16 1.88737914186277e-16 2.33146835171283e-16 3.10862446895044e-16 6.43929354282591e-16 8.65973959207622e-16 8.65973959207622e-16 2.17603712826531e-15 2.19824158875781e-15 1.60982338570648e-15 2.34257058195908e-15 3.51940698806175e-15 4.77395900588817e-15 2.72448730243013e-14 6.52811138479592e-15 2.4757973449141e-15 3.26405569239796e-15 6.70574706873595e-15 4.84057238736568e-15 4.48530101948563e-15 4.09672296086683e-15 5.18474152499948e-15 5.92859095149834e-15
