Scripts_&_data/Maxent_result_files_2/B_laesus_3.asc
NCOLS 594 
NROWS 330 
XLLCORNER -15 
YLLCORNER 23 
CELLSIZE 0.166666666666667 
NODATA_value -9999 
[rows 231 to 251 of 330, columns 506 to 551 of 594]
0.577923476696014 0.521425381302834 0.429627820849419 0.226099118590355 0.100916072912514 0.214655484259129 0.224948008358479 0.219225932657719 0.269684059917927 0.141321764886379 0.136289780959487 0.572230944037437 0.333491459488869 0.687892127037048 0.858255666494369 0.527015736699104 0.209635108709335 0.555507576465607 0.151314487308264 0.0997188452631235 0.0101460894919001 0.00116630374395754 0.00117136532571749 0.0286560831125826 0.00551310801529326 0.000296073135905317 0.000399632365588332 0.00113833803043235 0.00107519517769106 0.00075601882126648 0.000308323391800513 0.00114162538666278 0.00299503883579746 0.00352934522088617 0.00134779868531041 0.000588076750864275 0.00147827047039755 0.00467094004852697 0.0125028988812119 0.0726430643349886 0.0233879388310015 0.00336217884905636 0.00321691652061418 0.00204557461547665 0.00049406369071221 0.000158416020167351
0.394051164388657 0.184918434917927 0.237171120941639 0.44722284078598 0.267489717900753 0.699214592576027 0.462824380397797 0.500712722539902 0.904288005828857 0.809024441242218 0.513307482004166 0.995539510250092 0.793355414271355 0.996248745918274 0.146572386100888 0.0191481845919043 0.0515813048928976 0.0940959323197603 0.0496850069612265 0.0197330177761614 0.00370667626266368 0.000115508017688626 0.000273200185074529 0.00508605065988377 0.000740479660453275 0.00055894519755384 0.00100998771376908 0.000522716880368534 0.000414000615273835 0.000102208964472084 0.000141242795689323 0.000252141129021766 0.000719366050907411 0.00569632793776691 0.0040090937865898 0.000466410555236507 0.000523827799770515 0.0177784397266805 0.0113614865578711 0.010362951841671 0.0135750386863947 0.0144014878664166 0.00917998360237107 0.00414108852855861 0.0030513549252646 0.000253998916014098
0.451766136288643 0.238490030169487 0.338522712886333 0.340939293801785 0.701772165298462 0.675900393724442 0.956158095598221 0.609870818257332 0.461676019430161 0.611113223433495 0.781325298547745 0.686528134346008 0.169899623095989 0.265222764015198 0.180200923979282 0.0537687819451094 0.00481606078974437 0.0286526097916067 0.0233885851688683 0.0102441114839166 0.000620005025848514 0.000392944374470972 0.0019010658346815 0.00748174082254991 0.0460947785526514 0.00960231827339158 0.000234651931714325 0.000403947983431863 0.000354588089248864 0.000488181802211329 0.000773981085512787 0.000211338472217903 1.68252526350443e-05 0.000241123193700332 0.00146602151216939 0.000689353985944763 0.000695939981960691 0.00248180686030537 0.00573998199542984 0.00531325717456639 0.0010218263763818 0.0031322994211223 0.0021624142274959 0.00089859802974388 0.000382417226501275 0.000413354931515642
0.423883843421936 0.610979655385017 0.440712307393551 0.601888808608055 0.343072739243507 0.632262057065964 0.483495411276817 0.448386836051941 0.470122382044792 0.696999806165695 0.530117750167847 0.169177232682705 0.136958990246058 0.160022353380918 0.0043850977672264 0.000649293873721035 3.28485731643013e-05 0.00836813799105585 0.000338816847215639 0.000574667229739134 0.00062608010484837 0.000239470212909509 0.000797088591207284 0.00943245002999902 0.016298926435411 0.00115384243545122 0.000256622126107686 0.000144987212479464 0.0003160445667163 0.000599022585083731 0.00114204305864405 0.000536560718319379 0.000112973189970944 4.82250115965144e-05 0.000119298011304636 0.00215987635310739 0.00145685320603661 0.000784000632120296 0.000214288746064994 0.00104847601323854 0.00334043728653342 0.00371292060008273 0.000194775131240021 8.76483671163442e-05 8.51828344821115e-05 8.83975407305115e-05
0.562947335839272 0.538762757182121 0.420319551229477 0.568768763542175 0.623538061976433 0.614238238334656 0.804144334793091 0.317608581483364 0.78422349691391 0.490453308820724 0.23274799734354 0.636434337496757 0.0706441979855299 0.0675791040062904 0.0348787442781031 0.0225951020140201 0.0227825342211872 0.000174025590422389 5.68311866572913e-05 0.000331356559763662 0.000746746295772027 0.00060001116071362 0.00116482970188372 0.000847097985388245 0.000549603664694587 0.000398914013203466 0.000255422044938314 0.000258085347377346 0.000195533081932808 0.000224137345139752 0.000494553361932049 0.00167988050234271 0.00153792349738069 0.000834158816724084 7.50450237319456e-05 0.000562069003353827 0.000645819287456106 0.00318831886397675 0.00316907912492752 0.000530652832821943 0.000551034740055911 0.000428618732985342 0.00023622795342817 6.97204905918625e-05 3.11344930651103e-05 6.63996674120426e-05
0.452720181643963 0.416544359922409 0.496314033865929 0.328676901012659 0.458318984508514 0.33644827157259 0.391780672967434 0.766716527938843 0.713787710666656 0.611190861463547 0.31266140639782 0.103990861773491 0.0333278456702828 0.0276191406883299 0.258364100754261 0.206067480146885 0.029097965080291 8.60699869008386e-05 4.8575061642353e-06 0.000388731226121308 0.00185149863245897 0.00121467877179384 0.00144746759906411 0.00041515705997881 0.000211410603333206 0.000295757313142531 0.000279716221484705 0.000307895406149328 0.000331205028487602 0.000466169534774963 0.000516810633416753 0.0017346432665363 0.00278886052547023 0.00263291593873873 6.03176238655578e-05 2.18527845099459e-06 5.45404977856379e-05 0.000669192100758664 0.0009652299573645 0.00107754766358994 0.000427498976932839 0.00020231851231074 0.0001025686326102 0.000107569169631461 5.94617560636834e-05 5.17738396411005e-05
0.205398804694414 0.112840643525124 0.197363619506359 0.53653946518898 0.312156800925732 0.538814347237349 0.36964408904314 0.601999741792679 0.273568028211594 0.523929665982723 0.272823379188776 0.117551657930017 0.171748372167349 0.14385127350688 0.098926417529583 0.0496683394536376 0.0129045569803566 0.000981207855511457 0.00176251052180305 0.00531048534903675 0.00173300754395314 0.000777582841692492 0.000724029632692691 0.000356010600808077 0.000142426313323085 0.000153795178812288 0.000213724283094052 0.000550287748046685 0.000479332869872451 0.00109107029857114 0.00037819680001121 0.000211976274658809 0.000700618546397891 0.00138428080535959 0.000793701485963538 1.35103725483532e-05 0.000184421831909276 0.000435008567001205 0.00099577565852087 0.00221608149586245 0.000987923052161932 0.00226018717512488 0.000995189676177688 0.000121089545973518 5.04759738760185e-05 0.000257990569298272
0.0602840443141758 0.0390262022148818 0.12847233209759 0.179938786476851 0.248817533254623 0.467697912454605 0.347985517978668 0.312803477048874 0.499176414310932 0.417834712564945 0.164682862907648 0.521331152319908 0.236490334570408 0.139850822463632 0.0183954499661922 0.022182853333652 0.0100920539349318 0.00648456551134586 0.00341007134411484 0.0178475987166166 0.0404043174348772 0.00403842956293374 0.000493362991255708 0.00073564310441725 0.000566113037348259 0.000363341066258727 0.000247977120670839 0.000432149353582645 0.000553808637778275 0.000419364938716171 0.000267849415831733 0.000288178261689609 0.00021768100632471 0.000209367275238037 4.27612267799304e-06 3.28637530856213e-05 0.000101196136029102 0.000534624220745172 0.00251866996986792 0.00198048118618317 0.00116214261506684 0.00304044099757448 0.00306687245611101 0.000132021186072961 0.000136642917277641 0.000301841501277522
0.0745921595022082 0.0241983094485477 0.0324214813997969 0.0350761064328253 0.651851804554462 0.359246161580086 0.158707559853792 0.509923206269741 0.13247028440237 0.169450632482767 0.094508009031415 0.440349985659122 0.185359341651201 0.0991229869425297 0.0808885931968689 0.0558634435757995 0.0114186340942979 0.0136012188158929 0.00283828430692665 0.00207259865710512 0.00177381596586201 0.000494933171285083 0.000341962507081917 0.00061547026707558 0.000396768425707705 0.000509743453585543 0.000630069542967249 0.000634689992875792 0.000468562770402059 0.000436440460907761 0.000358693648013286 0.000267090526176617 0.000190315871441271 0.000198148811250576 0.000532505199953448 0.000317582055868115 0.00155453380721156 0.00120513607398607 0.00237637552199885 0.000814589860965498 0.00218831227393821 0.00099364960915409 0.00535648947115988 0.000536516528518405 0.000161812405349337 0.00032917885837378
0.00600353999761865 0.0128495206590742 0.0445766564225778 0.0613397867418826 0.103771369531751 0.0765918405726552 0.477601662278175 0.512254446744919 0.280626863241196 0.159550798684359 0.366799840331078 0.312821988761425 0.549131739139557 0.54136446416378 0.0838061410933733 0.0617776934057474 0.0147703954018652 0.00144529250683263 0.000552341077127494 0.00175912801641971 0.00152500248368597 0.000306266405095812 0.000298102559827385 0.000297414285887498 0.000274116372020217 0.000246249552219524 0.000291436983388849 0.000375784606148954 0.000421195292437915 0.000444381514535053 0.000312075181136606 0.000297975981084164 0.000193648156346171 0.000134522061125608 0.000762263018987142 0.000653110223356634 0.000164466736168833 0.000992608665546868 0.00234443588415161 0.00210004787659273 0.00188078823848627 0.00077053643472027 0.00223398169619031 0.00102480100176763 0.000147000876677339 0.000148503315722337
0.00065093965822598 0.0128156290273182 0.0170101876952685 0.0578823036514223 0.418246330320835 0.0833126410841942 0.239714920520782 0.259845970571041 0.327179174125195 0.368087655305862 0.292981124669313 0.219697151333094 0.0938075747340918 0.129865181446075 0.0570811958983541 0.0557116780430078 0.0272645971737802 0.0167934095486999 0.00585194488521665 0.00259477124782279 0.00135609628632665 0.00316172377206385 0.000661272168508731 0.000632042894721963 0.000877662672428414 0.000603641927591525 0.000463187704008305 0.000279457946453476 0.00025097235411522 0.00026602960715536 0.000278229849936906 0.000257111209793948 0.000313870985701215 0.000140780683068442 0.000340928469813662 0.0021566063631326 0.00022122710943222 0.000151310469664168 0.00293398620560765 0.00748878233134747 0.00215200645616278 0.00153287542052567 0.00618883591378108 0.00135506371152587 0.000179733192999265 6.41006790829124e-05
0.00149961272982182 0.00816755621344782 0.0093345551926177 0.00839335964992642 0.0404297298751771 0.0896361028775573 0.172803006321192 0.226905643194914 0.251949886977673 0.244385187327862 0.239423801004887 0.096591018140316 0.173005694895983 0.181028083711863 0.103023261576891 0.0307091915979981 0.00516964092385024 0.00348963172291405 0.00723452377133071 0.00269899168633856 0.000737995508825406 0.00120630696765147 0.00072987845633179 0.000683783082058653 0.000506188063445734 0.00036449029976211 0.000397706202056725 0.000335257752158213 0.000275081535073696 0.000241565807300503 0.000215355709224241 0.000164201764710015 0.00142318228026852 0.000157232362471404 0.000112618163620937 0.000315807304286864 0.000395820940320846 0.00117816238198429 0.000827253490570001 0.0027919499843847 0.00296169008361176 0.00538255136925727 0.00594898428535089 0.0192217824514955 0.00173148409230635 0.000473885529208928
0.0138371812412515 0.022485500248149 0.0072471123887226 0.0537012604996562 0.102784452494234 0.260019654966891 0.200245490670204 0.220236306637526 0.236454408615828 0.185704312473536 0.2048066444695 0.235514483600855 0.379241999983788 0.168468171358109 0.078203059732914 0.0155138495378196 0.010621900530532 0.00243844313081354 0.000738056271802634 0.00045701435446972 0.00108024776272941 0.00066751819831552 0.00066195510153193 0.00105824357015081 0.0014391267177416 0.0033514391980134 0.00431276665185578 0.000723675356130116 0.000493438064586371 0.000269581117026974 0.00036348087596707 0.000307805938791716 0.00110286179115064 0.00107224433595547 0.000451956917459029 0.000167848661658354 0.000296962390711997 0.000958581228042021 0.00259845581604168 0.00119367443257943 0.00191875968012027 0.00496478218119592 0.00140806397539563 0.0109214385505766 0.00299434713087976 0.000114241967457929
0.00408565128745977 0.0134356168506201 0.0675793217960745 0.0935802114196122 0.0951292931102216 0.161706321220845 0.263448479026556 0.153888228535652 0.217584046721458 0.139219225943089 0.15724925249815 0.217802730947733 0.235776627063751 0.124966521561146 0.0810573548078537 0.0231397728435695 0.00156678893836215 0.00143882494303398 0.00255869940156117 0.000995083307498135 0.00119021775608417 0.00138201543013565 0.000964806420961395 0.000544696622819174 0.00032622515791445 0.000487158376927255 0.000431744005618384 0.00119804051500978 0.00100765580427833 0.000885350198950618 0.000720090231334325 9.03572285096743e-05 0.000279859509828384 0.000589387326908764 0.000209743108280236 0.000202993518905714 0.000369303159823175 0.000124227611740935 0.000312908290652558 0.0012327850330621 0.00109022710530553 0.0026336338953115 0.000697318121092394 0.00444029294885695 0.00745045044459403 0.00666225063614547
0.0131697583885398 0.0232500469079241 0.0859383546747267 0.0770993324927986 0.0785364660667256 0.117634823732078 0.102375375945121 0.102228447422385 0.140042543411255 0.662690371274948 0.500713661313057 0.364141520857811 0.127071467787027 0.0784030146896839 0.0200109364464879 0.0226288658566773 0.00616157347103581 0.00593199094291776 0.00271430199500173 0.00447311475872994 0.00135332652134821 0.00283762131002732 0.00079425405128859 0.000460462224145886 0.00125486095494125 0.000371070805704221 0.000559012872690801 0.00216222277376801 0.000784337881486863 0.000318464207521174 0.00039583276702615 0.000128072660845646 0.000238903940407909 0.000170633734160219 0.000313781037402805 0.000225334963397472 0.00248444406024646 0.000166664432981634 9.87380924925674e-05 0.000678505297400989 0.00019543850721675 0.000861547526437789 0.00328765120357275 0.015491025429219 0.00965705213602632 0.00850821328349411
0.00544945867732167 0.0114601672597928 0.0290094222524203 0.0385907509364188 0.204756101593375 0.0724009001627564 0.115564605407417 0.178206516429782 0.748842999339104 0.20264612659812 0.387805795669556 0.21954931654036 0.0859101448208094 0.0423054404556751 0.00738072948297486 0.010084369010292 0.00759366415441036 0.00599431246519089 0.00364662224892527 0.000753374429768883 0.00142647692118771 0.00214460454881191 0.0018383142654784 0.00129902859916911 0.00577683227602392 0.00160678878310137 0.000743811792926863 0.000626118120271713 0.000208812106393452 0.000162786880173371 0.000271672949747881 0.00022730149612471 0.000283520781522384 0.000230324904987356 0.000224839981092373 0.000104532099430799 0.000198921462833823 0.00119972024840536 0.000148007009374851 0.000466718873940408 0.000346234101743903 0.000597732015012298 0.00119474999373779 0.00166268481116276 0.00488600329263136 0.00473316644784063
0.00798908608558122 0.0562326790299267 0.0396418922813609 0.199109443090856 0.210414980724454 0.10811247061938 0.142192949168384 0.162364871427417 0.206426845490932 0.127387325838208 0.158158141374588 0.0426005972549319 0.037246829085052 0.0164275594055653 0.0268466073088348 0.00452748043462634 0.00435072806430981 0.000730085212853737 0.000311472533212509 0.00159257415798493 0.0136109801474959 0.00387263882439584 0.00187514692079276 0.00166663333075121 0.00638436153531075 0.00300626817042939 0.000334140264385496 0.000563851672632154 0.000886465408257209 0.000632939324714243 0.000627016226644628 0.000695148343220353 0.000861385943426285 0.00160345085314475 0.00025016024519573 8.29244370834203e-05 5.81032598347519e-05 2.93554567633691e-05 6.51818524602277e-05 7.44595658034086e-05 0.000503420052700676 2.85948610326159e-05 7.87867220424232e-05 4.93480749355513e-05 0.000401385267468868 0.00146718116593547
0.0177598718903027 0.0349235903762747 0.0480461815837771 0.172994403354824 0.119437814690173 0.0993891009129584 0.138211130350828 0.0827127272263169 0.248968533053994 0.301614947244525 0.170917559415102 0.0795048408210278 0.0214292925782502 0.0226089293602854 0.00587039317470044 0.000813903170637786 0.000173455207368534 0.001887598389294 0.00505800484679639 0.00367254975717515 0.00996183063834906 0.00527886853087693 0.00284081209683791 0.00280038518831134 0.00663692515809089 0.00545613714493811 0.0103546068072319 0.0162957604043186 0.00876299515366554 0.000702256703516468 8.27117593416915e-05 0.000170780410553562 0.00234624815639108 0.00127813732251525 0.000378534309129463 0.000139434752236411 0.000110525666786998 2.15023569694495e-05 1.89563493108835e-05 0.000383021398738492 0.000696558912750334 0.000335643267317209 0.000106016325662495 8.60832950593249e-06 6.88445230707657e-06 9.67218917367063e-06
0.0255333645734936 0.0551221856381744 0.0898337108083069 0.0886176949366927 0.0968800527974963 0.0927035670727491 0.0430380801670253 0.0311459970660508 0.252640115469694 0.0733314836397767 0.0292309675831348 0.0189324793405831 0.0167189064901322 0.00481783368159086 0.000395039876821102 0.000112900978183461 0.00558210746385157 0.00863033304922283 0.0120079817716032 0.0103993757162243 0.0111431944184005 0.00417600838700309 0.00736629799939692 0.0162015945650637 0.0277442024089396 0.0337058913893998 0.0127129938919097 0.0221288906875998 0.00824860546272248 0.0249498261138797 0.00727692825021222 0.001636336784577 0.00344651146442629 0.00438527688384056 0.000392761054536095 0.000449485197896138 0.000757856303243898 0.000156304335905588 0.000125151619613462 0.000101342193192977 0.00018361879629083 4.1054635130422e-05 7.41641910281032e-05 0.000101070179152885 0.000120790165601647 2.92273794912035e-05
0.0753693867474794 0.076417929539457 0.0362058958038688 0.0911153902299702 0.10031712166965 0.0518598448950797 0.00354369018459693 0.0319163166452199 0.0744784366339445 0.00456306472769938 0.00767805279465392 0.00578887893352658 0.00515286520821974 0.00331485940259881 0.00310062288772315 0.00140977543778718 0.0370296677574515 0.0497153956443071 0.0244877562858164 0.0522777577862144 0.0173392962664366 0.0240250680595636 0.0324373656883836 0.0148252110928297 0.0586485569365323 0.0372406797949225 0.0874439869076014 0.0193871661555022 0.0397198464721441 0.13437868533656 0.13557464722544 0.120288120117038 0.0392581487074494 0.00235114998649806 3.99437309852146e-05 4.10461391524564e-06 8.35707138321595e-05 8.30997397315514e-05 0.000133391010967898 2.74784664725303e-05 4.98646117961243e-06 0.000130363777498133 1.05624221532707e-05 3.50824469023792e-05 3.73375664821651e-05 9.67532632785151e-06
0.0706224222667515 0.120260277576745 0.0771267673000693 0.0413752772845328 0.0572200250811875 0.135797396861017 0.0119886793778278 0.00849252385087311 0.0230204101186246 0.00910285953432322 0.0071717896964401 0.0119363117963076 0.0307882538996637 0.0381246684119105 0.0651005247607827 0.0481399606913328 0.028631732519716 0.0227396598085761 0.0573166891932487 0.0497137606143951 0.0374565379694104 0.0612623061984777 0.0494272915646434 0.0777836803346872 0.099370463937521 0.0993515867739916 0.144704394601285 0.0876770648173988 0.0922194188460708 0.038464899500832 0.0422131421975791 0.0131360554834828 0.00275278971821535 0.000705617699713912 0.000954390235710889 0.00085997311398387 9.8708292171068e-05 1.5064040303514e-05 4.57845537553681e-06 1.29468843113045e-05 1.31237718676402e-05 1.50198132701007e-05 0.000139134273922537 4.28106361141545e-05 5.07520834389652e-06 3.28237031510525e-06
