Scripts_&_data/Maxent_result_files_2/B_lapponicus_2.asc
NCOLS 594 
NROWS 330 
XLLCORNER -15 
YLLCORNER 23 
CELLSIZE 0.166666666666667 
NODATA_value -9999 
[rows 80 to 99 of 330, columns 308 to 351 of 594]
-9999 -9999 -9999 0.0214662376791239 0.0154694352298975 0.0105567004531622 0.094629642367363 0.018731689825654 0.00797276794910431 0.00124735971912742 0.000355023902375251 0.000334579276386648 0.0855657292871886 0.00129284542053938 0.00228538606315851 0.00388156049775716 0.0817764967679977 0.00531438048928976 0.00113241280196235 -9999 0.00133713472168893 0.0347966909408569 4.8347152187489e-05 5.39731263415888e-06 3.75293187971693e-05 0.000323764083441347 0.000235921627609059 0.00021688305423595 0.000345349300187081 0.000963556452188641 0.000121382670477033 0.00153803979046643 0.000113104181946255 0.000110046644113027 0.000163904979126528 0.000329865841194987 0.000152793986489996 0.000172476368607022 0.000142211111960933 8.18096828879788e-05 0.00213692404795438 0.00322841918095946 0.00103963679284789 0.0142598107457161
-9999 -9999 -9999 -9999 -9999 0.00160816549323499 0.000796773447655141 0.00517959957942367 -9999 0.00353391729295254 0.0375983074307442 0.00492320880293846 0.00109208854846656 0.000880976859480143 0.00111739602871239 0.00126271191984415 0.000516939605586231 0.00257179457694292 0.000740975211374462 0.00043778405233752 0.000425978226121515 0.000321798585355282 0.000140626943903044 8.75293364515528e-05 0.000270635890774429 0.000350247672758996 0.000358355144271627 6.92690875439439e-05 0.010913447663188 0.000242052316025365 0.000256706099027748 0.000901874346891418 0.000388012966141105 0.00195871233008802 0.000527072450495325 6.72311754897237e-05 0.0003716510895174 7.15777685400099e-05 8.74169723829254e-05 0.000109299493487924 0.00135112964198925 0.00219150560442358 0.000747583442716859 7.99223824287765e-05
-9999 -9999 -9999 -9999 -9999 -9999 -9999 -9999 -9999 -9999 0.0688764363527298 0.0118864692747593 0.00303700948134065 0.00498028621077538 0.0010300260502845 0.000371767778415233 0.00297057262232556 0.00126978391781449 0.00140714240260422 0.000437024398706853 0.000429826695472002 0.000161984126316383 0.00627733878791332 0.000521699921227992 0.00200339141301811 4.06607214245014e-05 0.000227125559467822 0.000233201199444011 5.01386883115629e-05 8.67089780513197e-05 1.04372073110426e-05 9.30999376578257e-06 1.01534011264448e-05 0.000223431480117142 2.70891541731544e-05 4.43723445641808e-05 4.94329971843399e-05 0.000592066015815362 9.78494950686581e-05 0.00186902334098704 0.000907186549738981 0.00270438108127564 0.0111177157610655 0.000107412232318893
-9999 -9999 -9999 -9999 -9999 -9999 -9999 -9999 -9999 -9999 0.0509776219725609 0.00192639450542629 0.000360817497130483 0.000586898089386523 0.00120986250694841 0.00370168192312121 0.000587539747357368 0.00898397164419293 0.000388264656066895 0.00480465311557055 0.00237920628860593 0.00433382075279951 0.000780878495424986 6.00222934735939e-05 4.18447802076116e-05 8.919510000851e-05 9.92783665424213e-05 5.27264841366559e-05 4.43716788140591e-05 9.5337099628523e-05 6.0973250947427e-05 7.04951511579566e-05 4.46430029114708e-05 0.000117089785635471 2.5286936579505e-05 4.54966182587668e-05 5.44105831068009e-05 7.40171068173367e-05 0.000203147064894438 6.06798974331468e-05 0.000441947660874575 2.698435637285e-05 0.00153721272945404 0.000125001996639185
9.68941865721717e-05 0.000655477331019938 -9999 -9999 -9999 -9999 -9999 -9999 -9999 -9999 0.000141972859273665 0.00388967185281217 0.0010813775472343 0.000993670290336013 0.000168622133787721 0.000128870649496093 0.00067460099235177 5.17214415594935e-05 0.00164883504621685 0.000327376194766349 0.00218370172660798 1.27788520330796e-05 1.53705466800602e-05 3.98715870687738e-05 1.92196657735622e-05 0.00172238406375982 1.31512853840832e-05 0.000292405701475218 3.46816537785344e-05 0.000780248723458499 5.40948341949843e-05 3.86249914299697e-05 7.01109951478429e-05 3.78486030967906e-05 3.87657157261856e-05 1.69818238646258e-05 4.46987192844972e-05 0.000125958520220593 5.64515095902607e-05 0.000173343357164413 0.000181275242357515 0.00131103922612965 0.000109151098877192 0.00164509024471045
5.51828896277584e-05 0.000114476171438582 0.000135239883093163 0.000115774892037734 7.94905703514814e-05 0.000110923702595755 0.00263267252594233 0.000123797683045268 0.000183247489621863 0.000216957682278007 0.000367145903874189 0.000785784632898867 0.000111264105362352 8.08294571470469e-05 0.000445861858315766 5.47454925253987e-05 2.70059361355379e-05 0.00026007168344222 0.000442124914843711 3.02978274703491e-05 0.000132208917057142 6.16442644968629e-05 2.42738169617951e-06 6.35513042652747e-06 5.48700736544561e-06 6.79661588947056e-06 4.88549470901489e-05 2.58538020716514e-06 4.00035991333425e-05 5.91122749028727e-05 4.24136480432935e-05 1.31525604956551e-05 2.40093919273932e-05 5.10636193212122e-05 8.20531386125367e-06 3.99085318349535e-05 0.000792905589332804 0.00389291997998953 6.25616026809439e-05 0.000171673545264639 0.00124939242377877 0.00061882600421086 0.00217813142808154 0.00117511744028889
0.00225758687593043 0.000238121708389372 0.000366350670810789 0.0003075011074543 8.14950821222737e-05 0.000147244104300626 0.000189717736793682 0.00117972162552178 6.49239795166068e-05 0.000125843705609441 0.000880715786479414 0.000353159685619175 4.5300877536647e-05 3.48553563526366e-05 9.62396181421354e-05 0.000119756237836555 1.02612759746989e-06 0.000276336396927945 0.000342814670875669 0.000971632404757483 1.29891657707049e-05 0.00167173184480303 6.44908141111955e-06 2.10636353585869e-06 4.02929672418395e-06 5.00096910400316e-05 3.52958653820679e-05 2.68534304268542e-06 5.57252187718404e-06 0.000273059774190454 9.55773764871992e-05 0.00117448072996922 0.000373630330432206 7.70390841353219e-05 4.17815601394977e-05 3.5445762478048e-05 0.000169826121418737 8.75104884471511e-05 3.3478147634014e-05 0.000121421545190969 0.000109346134559019 0.00308836020697818 0.00572180477902293 0.00091986821644241
0.000325496739242226 0.000603451766073704 0.00076493676751852 0.00321052372455597 0.00037522679194808 0.000391420663800091 0.00021210391423665 0.00546547826379538 0.00425360538065434 0.000630190223455429 0.000450126273790374 9.09940019482747e-05 8.9146921527572e-05 8.32350371638313e-05 2.14053397940006e-05 0.000582029344514012 0.000238406925927848 6.26548920990899e-05 5.25782988440859e-05 5.5110824177973e-05 1.04389153420925e-05 4.97104992973618e-05 2.76410610240418e-06 4.67624995508231e-06 4.01141260226723e-05 1.88720596270286e-06 1.24348453027778e-06 5.5471475207014e-06 0.000163294504454825 2.75830971077085e-06 5.31277510162909e-05 3.12243260850664e-05 3.05506495351437e-05 2.57332703768043e-05 5.93081185797928e-06 3.18745414915611e-06 2.32757643971127e-05 0.0019673977047205 0.00276664571138099 0.000130421564972494 0.000262497802395956 0.00047137173351075 0.00059033738943981 0.000572781943628797
0.000146812200546265 0.000680692051537335 0.0006452348199673 0.00151267914334312 0.000673046172596514 0.0139014534652233 0.00119161640759557 0.00331741459667683 0.000640138541348279 0.00151715370593593 0.00517436508089304 0.000140085033490323 0.000207675335695967 0.00569436983205378 0.00130651011131704 7.25482983401471e-05 2.26618329179473e-05 7.92804148659343e-06 0.000111344683318748 4.30770094681066e-05 6.11995501458296e-06 1.94245450661157e-05 4.70755776404985e-06 4.16538573517755e-06 9.87962867031733e-06 4.73697924463501e-05 1.40021793413325e-06 2.31119920499623e-06 3.54760268237442e-06 0.000260382989654318 9.33621849981137e-06 1.07234568531567e-06 1.14876263523911e-06 3.62287461030619e-05 1.52881378198799e-05 0.000173482282843906 3.50483569491189e-06 0.000100201944587752 1.96053915715311e-05 0.00102482286747545 0.0124793875962496 0.016143018938601 0.00254342770203948 0.000259097117850615
0.00087433768203482 0.000927249027881771 0.000292331998934969 0.000401304557453841 0.00106705242069438 0.00058029352221638 0.00113013440277427 0.000267453741980717 0.000606115232221782 0.00278188842348754 0.000322246726136655 7.55207380279899e-05 0.000224680261453614 0.000176491733873263 0.000218704127473757 0.00117941976515179 3.64967767382041e-05 4.3361045391066e-05 7.31229720258852e-06 2.40368171944283e-05 1.70156028616475e-05 2.79220221273135e-05 4.7647917381255e-05 4.6524756726285e-06 3.93981536035426e-05 4.35900594312422e-05 7.71148297644686e-06 1.03796157873148e-06 6.62844788166694e-05 9.06241584743839e-06 2.75063976005185e-05 2.20646397792734e-06 6.26811754500523e-07 1.27018008697632e-06 6.49006124149309e-06 3.69700228475267e-06 1.87825257853547e-05 1.16250976134324e-06 1.47573996400752e-06 5.54266764083877e-05 0.000162576418370008 0.000487236864864826 0.00455606817267835 0.000846100563649088
8.39762986288406e-05 0.000248309285962023 0.000328422506572679 0.000559011352015659 0.00015293937176466 0.000449201487936079 0.000353208347223699 0.000316089339321479 0.000443619140423834 0.00395356649532914 0.001069634151645 0.000283331651007757 0.000274659006390721 0.000190765922889113 0.00352198611944914 3.62867343937978e-05 0.000635648566127855 3.86497747967951e-05 1.68042268342217e-05 8.20366731204558e-06 2.91994263534434e-05 1.54148028741474e-06 5.4046378863859e-06 1.18529533210676e-06 6.11448587733321e-05 5.18967521216163e-05 2.76763727015794e-05 1.08773267584183e-06 5.19110207392259e-05 1.0519525176278e-06 1.09904027340235e-05 9.04972112039104e-06 7.68597146816319e-06 9.32687112253916e-07 1.00047811883996e-06 5.9497036090872e-06 4.04951074415294e-06 9.18995647225529e-07 1.00236457001301e-06 4.60704832221381e-05 1.18454190669581e-06 2.51387034951978e-05 3.10820840240922e-05 0.000208714779000729
0.000250396298361011 5.95747478655539e-05 9.42594546359032e-05 0.000166837318101898 0.000363840768113732 0.000209597934735939 0.000296494882786646 0.00168325295671821 0.00131217378657311 0.00204883185215294 0.000325585773680359 9.30054840864614e-05 0.000607337732799351 0.00372729953378439 0.000401419156696647 0.000983519922010601 7.03706667991355e-05 3.94721551856492e-05 3.94458049413515e-05 1.68601791301626e-06 6.37376433587633e-06 1.37543747769087e-06 1.97856634258642e-06 6.63362006889656e-06 1.59137409355026e-05 3.57852477464116e-05 3.28845009790468e-05 4.25305446701163e-05 3.05398760247044e-05 1.59076633281074e-05 1.25112277601147e-05 6.52646122034639e-06 1.50159565237118e-05 1.09416791929107e-06 1.3939825748821e-06 7.20766684025875e-07 4.04330803576158e-06 1.57730355567764e-05 1.42549065458297e-06 7.86131276981905e-05 0.000232836895156652 4.21280689124615e-06 0.000127132091802196 7.27917566109904e-05
0.000153169807163067 0.00177937082480639 0.000176489434670657 0.00089840420987457 0.000506727839820087 9.03100793948397e-05 0.000834270054474473 0.000106656264688354 9.95729875285178e-05 0.000166435826395173 8.24302129331045e-05 8.27961252070963e-05 0.000145242377766408 0.000547525694128126 0.00066783286165446 2.00452377612237e-05 2.33316633966751e-05 2.77762519544922e-05 4.81392024084926e-05 9.57625866249145e-07 7.47063631933997e-07 2.41954448938486e-06 3.28877540608286e-05 0.00012306803546458 1.03883494375623e-06 1.55078760144534e-06 6.61245530870769e-06 6.41913589814802e-05 9.96378854326352e-05 0.000111892438144423 1.23620302963756e-05 3.58006189344451e-05 1.60520548888599e-06 1.11975191430247e-06 4.08921659982298e-06 3.32131268805824e-05 1.20346321637044e-06 9.34448580665048e-06 1.60255320224678e-05 1.6478953693877e-05 3.59362791641615e-05 4.0647108835401e-05 0.000105023924697889 8.40427441289648e-05
0.00111384426549721 0.00373951317742467 0.00202754903584719 0.000267259739484871 5.54934980755206e-05 0.0028739987872541 0.000606710597639903 0.00019967937405454 4.17235016357154e-05 1.77437956153881e-05 6.12884959991789e-06 0.000290207754005678 8.04384864750318e-05 2.28937067731749e-05 2.38778102357173e-06 6.37300800008234e-06 2.28279146674115e-05 1.46421252793516e-06 1.97102875972632e-05 9.45411807151686e-07 9.09257937564689e-07 1.26990021271922e-06 2.66620820639218e-06 2.6014158067289e-05 4.46303367880319e-06 2.06369538773288e-06 3.76552358539617e-05 5.33706646861254e-05 2.87664275698263e-05 4.24261794251035e-05 8.85973160620779e-05 5.11791571625508e-05 1.66960930073401e-05 6.92186207743362e-05 3.84413469873834e-06 2.89611643893295e-06 5.94161450862885e-05 9.66588231676724e-06 9.13972689886577e-06 4.70988470624434e-06 6.16432771494146e-07 1.60810350280371e-06 6.72040696372278e-06 3.42864979756996e-05
0.00201371755683795 0.000324484572047368 7.69570178817958e-05 8.4989599599794e-05 0.000111939328780863 0.000142325289198197 0.000685974291991442 1.60025567311095e-05 9.25109598028939e-06 1.04974933492485e-05 1.67342441272922e-06 3.60233076207805e-05 9.07377718249336e-05 5.55920341867022e-06 5.96785803281818e-06 6.3729604795526e-05 1.92392457543433e-05 6.61398553347681e-06 2.45974915759284e-05 1.22386820466391e-05 1.444531199013e-06 7.77231271058554e-06 5.28843611391494e-06 1.74388414961868e-06 1.97330743958446e-06 4.38970848369857e-05 1.78998776391381e-05 2.70095320332953e-05 0.0180394501599949 3.78058292555994e-05 5.94802833802532e-05 4.02590849262197e-05 3.64131485782404e-05 3.20855186146218e-05 4.11612549214624e-05 6.17819066974334e-05 2.65446244156919e-05 3.40244470862672e-05 1.0438273420732e-05 1.27187740872614e-05 7.97006623542984e-07 1.59266874106834e-06 1.60809322551358e-06 1.74357401192538e-06
0.000321622006595135 0.00172120470087975 0.000113661034265544 4.46407968411222e-05 3.33297808538191e-05 6.28389825578779e-05 9.58234042627737e-05 9.82778612524271e-05 2.17781187529908e-05 9.0038008056581e-05 0.00140216077645618 0.00355211263522506 5.48559706658125e-05 2.83359884633683e-05 1.38397772616039e-05 1.28803156258073e-05 2.10187252378091e-05 6.88645367417751e-05 5.25720554378495e-07 3.93185779103189e-05 6.62568003478525e-05 6.31607574253845e-05 2.93964119935097e-05 1.56651956918274e-05 1.25667253314532e-06 4.75994129374158e-06 1.36208858521059e-06 4.68347438212668e-05 6.62094572099203e-05 3.14439184166626e-05 7.37454771298163e-05 5.70662276004441e-05 4.12091190810426e-05 3.22367413900793e-05 2.34789782553091e-05 1.75800722025721e-05 2.10539936233545e-05 8.78824494066066e-07 3.66548638339736e-06 7.44142238318091e-07 1.36829298753582e-06 1.1962213420702e-06 3.8573045458179e-06 5.33774327777792e-06
2.17967368371319e-05 0.000381387787695076 0.000345569127944645 3.46884684404358e-05 6.34899653960019e-05 0.000332188111497089 0.00024761738604866 0.000550620630383492 0.000137405621353537 0.000404675689060241 0.000629332300741225 0.000261418474838138 0.000241249910322949 0.000238488375907764 5.75852245674469e-06 1.08601748252113e-06 1.85658582267934e-06 2.16697722195569e-05 3.96189995174323e-06 8.35620194266085e-06 6.51869340799749e-06 5.46084806115954e-05 5.21218703526172e-05 5.46587363333684e-05 6.15776494298559e-05 3.10386276401009e-05 1.99934759166354e-06 1.49243928717624e-06 1.28596839203965e-05 2.79617100861773e-05 0.00302087275777012 3.87016087190717e-05 3.89862143495567e-05 8.75360172359896e-05 2.25943949772045e-05 1.82987532753143e-05 1.59887658810476e-05 1.47046131360185e-07 2.75423872153624e-07 2.53665277796244e-06 2.5951839688787e-06 2.2451903532783e-06 4.58749811514281e-05 0.000173356142477132
1.34203561174218e-05 0.000144057562283728 2.4120440139086e-05 1.37416624068409e-05 2.18491448322311e-05 2.06797725695651e-05 4.5006925938651e-05 2.25988420429091e-05 3.10948933474719e-05 0.000539095583371818 0.000256516043737065 6.08918286161497e-05 1.54497822222766e-05 3.35993699991377e-06 6.42691629791914e-06 1.90157064935415e-05 5.63714311283547e-06 1.28480511193629e-05 2.72853940259665e-05 1.7322689473076e-06 1.83156167943066e-05 2.90655858407263e-05 4.26192130410508e-05 8.66684800712392e-05 7.96305206638648e-05 7.1535071098483e-05 1.01411398651385e-05 4.66915589640848e-06 7.14340937656432e-06 3.0313655770442e-06 0.0241850951337256 0.000294538628077134 3.21136365529884e-05 3.16867302905033e-05 4.77244386275277e-05 2.44991595536703e-05 2.67044356405677e-06 1.25183537420526e-06 1.93499126908137e-06 1.25984388432698e-05 1.34561332743033e-06 2.94525889330544e-05 2.52827507211117e-05 0.00019455049186945
1.68084793585876e-06 1.10258934500451e-05 1.17138006445749e-05 1.7393095913576e-05 0.00163196320645511 0.00013234651160019 3.24567722630897e-05 4.16487484472206e-05 0.000166990238358267 1.59970208187588e-05 2.75501506621367e-06 1.93606624634413e-06 6.17761111243453e-07 6.10412644164171e-06 2.62242648931932e-05 5.67762745049549e-06 1.60890878760478e-05 6.37303628536756e-07 1.39688227136503e-06 1.6739083093853e-06 1.55745275923991e-05 1.25026963360142e-06 2.49446922147234e-05 2.66484488580021e-05 4.24425436328257e-05 0.000107403155031438 9.4945937000801e-05 1.04223891004396e-05 1.19168507809464e-06 7.53061030993596e-06 5.21995425583066e-05 1.00558558188024e-05 2.1142869083024e-05 1.24861202493887e-05 8.56956394272856e-06 7.46829646233182e-06 4.34115281677805e-06 4.78557485621423e-06 2.68059557129163e-06 1.3293172014528e-05 2.23819755782451e-05 2.8978961565318e-05 9.24964006117079e-05 3.6009470932763e-05
4.30464508553996e-06 1.98725733309146e-06 1.77867856170022e-05 5.04738040035591e-05 7.94026564108208e-05 0.00223023402504623 9.20193502679467e-05 1.08809024823131e-05 0.00174431896302849 2.83145971479826e-05 1.87703386473004e-05 1.6905111806409e-06 2.4555216441513e-06 4.75028990424065e-05 3.82892249035649e-05 1.54910627315985e-05 9.92009245237568e-07 3.96294017264154e-06 8.56236579238612e-07 1.65960473168525e-06 2.23583338083699e-06 1.81507311936002e-06 1.28755866171559e-05 7.66279390522762e-06 5.34167863260326e-05 0.000114219208016042 3.54424861247149e-05 1.30657210324903e-05 8.48278192890795e-05 7.34585614256322e-05 6.9986635228203e-05 5.87254631729706e-05 2.01651153492577e-05 4.14273257777098e-05 3.40089591190917e-06 2.49462723331817e-06 1.23927382446709e-05 5.97770875174319e-05 1.17689283797517e-05 4.18264564359561e-05 6.83372185449116e-05 3.96142466343119e-05 6.08323876804318e-05 1.12298886961071e-05
