Scripts_&_data/Maxent_result_files_2/B_lapidarius_3.asc
NCOLS 594 
NROWS 330 
XLLCORNER -15 
YLLCORNER 23 
CELLSIZE 0.166666666666667 
NODATA_value -9999 
[rows 60 to 79 of 330, columns 414 to 459 of 594]
0.000120751073700376 0.000137863038253272 0.000149876087380108 0.000121024065083475 0.000106153456363245 0.000111031943379203 0.00013142189818609 0.00013894869662181 0.000116892348887632 0.000107622771247406 9.81002696789801e-05 9.09593920368934e-05 8.95099037734326e-05 8.9950439905806e-05 9.15910970434197e-05 8.84164795934339e-05 8.43026429720339e-05 7.59489632400801e-05 5.96767824390554e-05 4.50508959147555e-05 3.70532904526044e-05 6.85412414895836e-05 7.52003141315072e-05 4.32394261224545e-05 4.7208944488375e-05 3.98710463741736e-05 4.18365309997171e-05 4.15985441577504e-05 4.35066091085901e-05 8.83714794326806e-05 6.40820035187062e-05 9.84111738944193e-05 9.57375388679793e-05 3.63682525858167e-05 3.4720889016171e-05 4.64574934085249e-05 5.88116918152082e-05 6.21514418526203e-05 5.70616750337649e-05 6.6822430017055e-05 7.58635032980237e-05 7.78234276367584e-05 9.70540080743376e-05 0.000225014241004828 0.000133519488736056 0.00040851911471691
0.000153697020869004 0.000202134516439401 0.000235855801292928 0.000209061339410255 0.000173236998307402 0.00019949975903728 0.000177041759161511 0.000308629361097701 0.000143708269388298 0.000145221438651788 0.000134165716008283 0.000119070809159894 0.000113256322219968 0.000101400740095414 8.6690322314098e-05 9.21314429433551e-05 0.000182500190567225 8.55971456985571e-05 8.33495396364015e-05 7.83804451202741e-05 5.42594541911967e-05 4.65349359728862e-05 7.5324226054363e-05 4.62862072708958e-05 5.3411757471622e-05 4.47943526523886e-05 3.89106377042481e-05 4.43930533037928e-05 4.28549521529931e-05 4.71340661533759e-05 9.76809322310146e-05 6.52684557280736e-05 6.43898329144577e-05 5.07216818732559e-05 4.46209925030416e-05 5.84505833103321e-05 6.98009820553125e-05 6.65767818645691e-05 8.07779895694694e-05 8.88079641299555e-05 9.12941472051898e-05 0.000110674416646361 0.000124793237773702 0.000161090554320253 0.000197950613801368 0.000238608512154315
0.000348355474125128 0.000179016251058783 0.000234887124679517 0.000247254327405244 0.000194524643302429 0.000370280073548201 0.000179142856359249 0.000176926657150034 0.000149305542436196 0.000160687214520294 0.000155463741612039 0.000131974490795983 0.000166741558496142 0.000112528817771818 0.000101525986610795 6.91274719429202e-05 0.000209304824966239 7.85825299317366e-05 7.04741678418941e-05 6.44921399725717e-05 0.000109835408511572 0.000107082812974113 0.000107345418291516 5.56171497009927e-05 5.41778426850215e-05 0.000125904184460524 0.000100072600616841 5.58456193175516e-05 5.89295210374985e-05 5.93683100305498e-05 6.42059681922547e-05 6.34129584796028e-05 7.29166102246381e-05 7.19403213224723e-05 6.46927228444838e-05 7.49743267078884e-05 8.58249430166325e-05 0.000163580687876674 0.000191533862380311 0.000127458479619236 0.000128310206491733 0.000144943717168644 0.000166665871802252 0.000208334065246163 0.000246767557109706 0.000267132450244389
0.000251684166141786 0.000208986405050382 0.000165656350873178 0.000242140662157908 0.000271449450519867 0.000260007628821768 0.000288027592614526 0.00025722733917064 0.00018166493246099 0.000169488406390883 0.00016147540336533 0.000146559991844697 0.000126988783085835 0.000124488146684598 0.00012203830301587 0.000108289430863806 8.89683475179481e-05 7.09556421497837e-05 6.80824892697274e-05 0.000119193767750403 0.00010975771874655 5.60487207621918e-05 6.08512076723855e-05 6.57982725897455e-05 4.89724392537028e-05 6.48818329864298e-05 6.46444057565532e-05 0.000128108759599854 6.17447101831203e-05 6.53958115435671e-05 6.09592738328502e-05 0.000129520358314039 0.000130212288058829 8.00781039288268e-05 8.14390958112199e-05 8.90988354512956e-05 0.000104900726000778 0.00020556011077133 0.000132162189402152 0.00014875805209158 0.000159295988851227 0.00015884646854829 0.000209856619767379 0.000257160833280068 0.000279128683905583 0.000287387571006548
0.000247906221193261 0.00029471211892087 0.000698232842842117 0.000333826358837541 0.000270911754341796 0.000190648181887809 0.00018083436661982 0.000200337195565226 0.00019321876752656 0.000181338436232181 0.000157608427252853 0.000151546018605586 0.000160024900105782 0.000169834625557996 0.000131872511701658 8.18838223494822e-05 0.000100290902992128 8.59072506500524e-05 8.61622944285045e-05 8.32647478091531e-05 8.21524214188685e-05 8.07780525065027e-05 6.27029266979662e-05 7.10044172592461e-05 0.000110158826282714 0.000149690389298485 0.00013556354897446 0.000147607992403209 8.2076678154408e-05 8.21696834464092e-05 8.14074737718329e-05 7.9396233195439e-05 7.63431722589303e-05 8.30018503620522e-05 0.000100640236269101 0.000114481817217893 0.000137698896287475 0.000148644405999221 0.000155401023221202 0.000183903314609779 0.000207132010837086 0.000254007960029412 0.000257446241448633 0.000261895619041752 0.000279971856798511 0.000273962315986864
0.000364267217810266 0.000307987035193946 0.000293549489288125 0.00025635487108957 0.000241626129718497 0.000225094483903376 0.000172245661815396 0.000205152654962149 0.000191799181629904 0.000211751332972199 0.000134412251645699 0.00020455698177102 0.00021585162030533 0.000145750280353241 0.000244884321000427 8.75164594617672e-05 7.95416191976983e-05 0.000122264259698568 8.62771739775781e-05 0.000105813854315784 0.000109226285712793 8.02976359409513e-05 0.000152063907444244 0.000192216227878816 0.000110016641701804 9.59146396780852e-05 7.48581307561835e-05 0.00017761569324648 0.000158486526197521 6.79573131492361e-05 8.31505945825484e-05 6.68250140734017e-05 9.00481933058472e-05 8.39385083963862e-05 0.000132130529527785 8.95517368917353e-05 0.000108712204746553 0.000196573273569811 0.00022619218507316 0.00026627518091118 0.000267509547120426 0.000274715374689549 0.000198122493748087 0.000212060131161707 0.000257312368194107 0.000183824138366617
0.000508640863699839 0.000660248839994892 0.000533172927680425 0.000407925680337939 0.00026258740836056 0.000285158581391443 0.000220900584099581 0.00018971223034896 0.000245831193751656 0.00031136804173002 0.000247881609539036 0.000268125145521481 0.000255115779873449 0.000454067339887843 0.000221165233233478 0.000108019361869083 0.000128907985344995 9.45765594224213e-05 9.01123399671633e-05 0.000167561137641314 0.0002070415263006 0.00013405715872068 0.000110393491922878 9.26789231016301e-05 0.000117360251533682 0.000128726047114469 0.00027749106666306 0.000162330127932364 0.00012151118426118 0.000115989641199121 5.39613209184608e-05 0.000268138665705919 0.000134818319565966 0.000130619532501441 0.000101712222749484 0.000150406280590687 0.00024726628762437 0.000311315995350014 0.000291483887122013 0.000292671739589423 0.00045199919550214 0.000298294855019776 0.000194730278599309 0.000324894742516335 0.000474246240628418 0.000242091109976172
0.000380375089298468 0.000338370613462757 0.000282913960836595 0.000460165554250125 0.000739060458727181 0.000444978795712814 0.00027704042440746 0.000288705484126695 0.000381960242521018 0.000404532095126342 0.000221522077481495 8.94199123649742e-05 5.43845028005308e-05 0.00021625431618304 9.71818015386816e-05 0.000167563401919324 0.000472766095481347 0.000256018374784617 0.000172248139278963 0.000337440105795395 0.000397342626820318 0.000455258689180482 0.000238530420028837 0.000256220529990969 0.00025724273364176 7.67289431678364e-05 0.000452288333326578 0.000211858197144466 0.000218386169581208 0.000166906270897016 8.01189158664783e-05 6.36627293715719e-05 0.000113027852057712 0.000136116253997898 0.00017803948794608 0.000199692917522043 0.000211678437335649 0.000271247957425658 0.000301921743084677 0.000392054447729606 0.000515358174743596 0.000462174508720636 0.000687259681581054 0.000314215694379527 0.000197864328947617 0.000191225690650754
0.000302982591529144 0.000114706610838766 4.59669059637235e-05 0.00061047219496686 0.000422120551229455 0.000247577441041358 0.000715134074562229 0.000712942093377933 0.000481742518604733 7.07365998096066e-05 6.37326442301855e-05 8.35653700050898e-05 5.38686810614308e-05 0.000373331590526504 3.63492665201193e-05 0.000117081531425356 2.7461924310046e-05 4.5273330033524e-05 5.52940737179597e-05 7.0064276951598e-05 8.36606170196319e-05 7.79397518272162e-05 4.9816124192148e-05 0.000267364927276503 0.000296447161963442 0.000430087477434427 0.000298498511256184 0.000306711914890911 0.000133822037969367 0.000508704909589142 4.75497565275873e-05 0.000120325887110084 0.000110735083217151 0.000282781074929517 0.000303771247126861 0.000238444393471582 8.71722611918813e-05 9.57354697675328e-05 9.03491869394202e-05 0.00060688566591125 0.000376829154265579 0.000281147859641351 0.000612047011964023 0.000327145046321675 0.000766970514087006 0.000552524445811287
0.000367257132165832 0.000283224391750991 0.00119501427398063 0.000160427246737527 0.000104240893415408 0.000253798403718974 0.000429415487451479 0.000170650027575903 0.000214769067679299 0.000349984336935449 0.000292276783875423 0.000101448010536842 8.37924031657167e-05 0.000174243322544498 0.000189170209341683 4.70129378300044e-05 0.000161991186178057 6.63941054881434e-05 0.000108417518276838 0.000315770386805525 0.000257724964467343 0.00018707875860855 0.00043344499572413 0.000235498312395066 0.000203023618814768 7.41785477657686e-05 0.000129950324844685 0.000185871538997162 7.3769189111772e-05 3.05611369185499e-05 0.000237846693198662 3.79897624043224e-05 0.000271819619956659 0.000183521317012492 0.000110328005757765 0.000109217422141228 6.98659410772962e-05 3.12345187921892e-05 5.81089378101751e-05 0.000100805234978907 0.000195396230265032 0.000522039539646357 0.000879989640088752 0.000961694287252612 0.000771261277259327 0.000384154199855402
0.000143841716999304 0.000342211850511376 0.000191959944640985 0.000101112269112491 9.57008407567628e-05 0.000131408317975001 0.000204285433574114 0.000163597469872911 8.52343273436418e-05 1.34686835281173e-05 0.000197458972252207 5.53757654415676e-05 4.0158937099477e-05 5.5724238154653e-05 6.64726305785734e-06 8.32739808174665e-05 6.17547859292245e-05 5.1012493622693e-05 0.000618859722453635 0.000397909531602636 0.000582158527686261 0.000173376733073383 0.000507624277088326 0.000498648645589128 0.000413521569862496 0.000467085238778964 0.00020139755870332 4.91828450321918e-05 0.00023661407904001 0.000249007764796261 0.000109779503873142 0.000112603694287827 9.03575868505868e-05 5.33071070094593e-05 9.8440839065006e-05 0.000121541959742899 0.000175781469442882 0.000147750773612643 0.000616635689220857 0.000170455469196895 0.00035825943632517 8.57672830534284e-05 0.000142254178354051 9.6523092543066e-05 0.000152538994370843 0.000108385495877883
0.000202645821991609 0.000883052276913077 0.000138180740759708 0.00011366541548341 0.000384999076777603 0.00038132828194648 0.00153523836634122 1.53307092659816e-05 6.67861855617957e-05 5.7115730123769e-05 5.93719305470586e-05 0.000261037058953661 0.000225264650362078 0.000205626805109205 0.000233412026136648 0.000964814994949847 4.18082270698505e-05 7.188167401182e-05 9.3950005248189e-05 4.08654396778729e-05 0.000248863129672827 0.000566091103246436 0.000145238190089003 3.72746434550208e-05 0.000121785812734743 2.04866079911881e-05 0.000107617389949155 0.000625260484230239 0.000472237302165013 0.000515736971283331 0.000824277834908571 0.000311680480808718 3.21010325933457e-05 1.88453002920141e-05 3.97128017539217e-05 0.000322674623021157 0.000755390887206886 0.000474459496035706 0.000136514653422637 0.000407748360885307 5.09074256115127e-05 3.47596206665912e-05 4.93535461828287e-05 5.3784844931215e-05 4.5598504220834e-05 2.12621293030679e-05
0.000169696352531901 0.00087093377369456 0.000781138143793214 0.000865063432138413 0.00149918954120949 0.000684599450323731 0.000221644224802731 0.000249231272027828 0.000133284780895337 0.000266377158550313 4.91230789521069e-05 6.07145300818956e-05 6.61361620586831e-05 0.000150057289283723 0.000720100020407699 4.26054293711786e-05 0.0010485014267033 3.49820926203392e-05 1.51634005305823e-05 2.83174018477439e-05 0.000176383466168772 2.75826131655776e-05 8.79891651948128e-06 0.000114059230691055 0.000199040393636096 7.68845555285225e-05 0.000775801442796364 0.000407717977213906 0.000270638938673073 0.00041876676841639 0.000184078067104565 5.60056673748477e-05 6.31190194326336e-05 1.29939031012327e-05 4.92786233735387e-05 3.32732761307852e-05 3.09354139062634e-05 7.64314707339508e-05 6.94461294187931e-05 6.0566281536012e-05 0.000128209275499103 0.000158691670731059 6.47699131150148e-05 0.000179914327600272 5.65347283554729e-05 3.7704375336034e-05
0.00113670528808143 0.000635396411234979 0.000230451631068718 0.000413359158847015 0.000721453691949137 0.000576878723222762 0.000604356179246679 0.000749130776966922 0.000392928993824171 0.00039263686776394 0.000602126137528103 0.000210592002258636 3.44512885931181e-05 9.34063245949801e-05 0.000178774984669872 4.75596545584267e-05 0.000217225414235145 4.14313590226811e-05 4.78268733786535e-05 1.35797071379784e-05 1.42215733831108e-05 2.12475420084957e-05 3.24986788655224e-05 0.000493516278220341 9.93982066574972e-05 0.000116884215094615 0.000481324242718983 0.000172524053050438 0.00122070436482318 1.75650806340855e-05 9.30093210627092e-06 2.11975224829075e-05 7.69075384596363e-05 8.8413121557096e-05 0.000120601573144086 0.000295499249477871 0.00114902500645258 0.000323990047036204 0.000446739999460988 0.000445523802773096 0.000763689569430426 0.000770900983479805 0.000198582065058872 0.000177525480467011 0.00051692669512704 0.000377198246133048
0.000176882217783714 4.86160573927918e-05 5.37492440344067e-05 3.79047527530929e-05 0.000101233764507924 0.00021959745863569 0.00163666727021337 0.00128833391063381 0.000596417835913599 0.000134907438769005 0.000657869037240744 0.000123362312660902 0.000156918965512887 1.67462008448638e-05 0.000520239754405338 0.00147994264552835 0.00144785884185694 9.21467461012071e-05 0.000126821039884817 9.50152818859351e-06 4.31867530323871e-06 6.37864120562881e-06 8.47848852572497e-05 0.00101220844080672 0.000309668646514183 0.00120377808343619 0.00111864652135409 0.000114904227666557 0.0007439365319442 5.46872539416654e-05 0.000213632492523175 0.00104985681828111 0.00137702092470136 0.000760055368300527 0.00135864791809581 0.000493094509874936 0.000629080049111508 0.0035710931639187 0.000474491350178141 0.000946008393657394 0.000290981917351019 0.0003282140387455 0.000321309964056127 0.000599072163458914 0.00081716111744754 0.00033693589939503
0.000375910568982363 0.000125740525618312 0.000314059451193316 7.29009296264849e-05 0.000204635118279839 0.000143135084363166 0.000517713387671392 0.000553461039089598 0.000493576902954374 0.000117903937280062 3.88797609048197e-05 8.62460470671067e-05 5.86680847845855e-05 1.07229338709658e-05 1.31738321670127e-05 0.000232640903413994 0.000122924730749219 4.72255262138788e-05 1.711791105663e-05 3.66636349099281e-05 0.000281634130806197 0.00096582192054484 0.000499943259637803 0.000912071962375194 0.00114077416656073 0.00106623084284365 0.000913304262212478 0.000522442972578574 0.000320733623811975 0.000182093872717815 9.90383912721882e-05 0.000221422304457519 0.000171780880191363 0.00053131969034439 0.000661916314857081 0.000393814948620275 0.000910582713549957 0.000737495938665234 0.00190797231043689 0.0008103305590339 0.000732677621999755 0.000399069148988929 0.000482270828797482 0.000773113750619814 0.000421442894730717 0.000596602255245671
8.43228659505257e-05 0.000372015160974115 6.08083724728203e-05 0.000276769360061735 0.00125556315178983 0.0008668334397953 0.000681560570956208 0.000588553605484776 3.28015842569584e-05 6.51806312816916e-06 9.14077386369172e-06 7.92397269151479e-06 7.93540682479943e-06 4.72943677323201e-06 5.53237563508446e-05 0.0003493684285786 5.10645304530044e-05 3.77593193661596e-05 2.02308375264693e-05 0.000335173924395349 0.00104552191041876 0.000474495957314502 0.0009008644730784 0.000507649742939975 0.000456006200693082 0.000902178644901142 0.000867701906827278 0.000240343854238745 0.000614633655641228 0.000927826008410193 0.000920731137739494 0.00138699837552849 0.00031494925278821 0.000860754936002195 0.000143975603350555 0.00011223927467654 0.000832448637811467 0.000186572831444209 0.000402937053877395 0.000779198948293924 0.00055630347924307 0.000478515744907782 0.000716715562157333 0.000387305217736866 0.000349512466345914 0.00136737528955564
0.000286313783726655 0.000374275475041941 0.00144111828412861 0.00111282047873829 0.00125856379745528 0.000975454738363624 0.000686831059283577 0.000500361021840945 0.00020391488505993 1.3942984651294e-05 2.34017263210262e-05 6.02114208959392e-05 0.000170616540708579 0.000794770082575269 0.000275126114138402 0.00021899850689806 9.89518248388777e-05 0.000200060616771225 6.48913515760796e-05 0.099648230522871 0.000404769988381304 0.000188456554315053 0.000782631331821904 0.00108354238618631 0.00100763434602413 0.000800418865401298 0.000761330785462633 0.000865095632616431 0.000939704477787018 0.00160361653543077 0.00185230089118704 0.000114398597725085 0.000112344471926917 0.00013011397459195 9.87509778497042e-05 0.000154439226025715 9.39875088079134e-05 0.000115142634967924 0.00037515900330618 0.00050998916849494 0.000776918651536107 0.000946694577578455 0.000308841056539677 0.000652529741637409 0.000618643872439861 0.000449434565962292
0.00218536481261253 0.00218219661619514 0.00142476412001997 0.00176665908657014 0.00119000911363401 0.0015297950594686 0.000112152055226034 0.00060643093456747 0.00136591085174587 0.00157989889848977 0.000310403441835661 0.000291489271330647 0.000126090998310247 5.29783728779876e-05 0.000320137794187758 0.000346175934828352 0.00102210955228657 0.000991472013993189 0.000965419423300773 0.000944642795366235 0.000249598291702569 7.29741239410941e-05 3.99822540202877e-05 0.000219974145875312 0.000717934482963756 0.000311839167261496 0.000798022840172052 0.000335972683387809 0.000125033469157643 0.0013773069542367 0.00226459776167758 8.22176654764917e-05 7.57149511628086e-05 0.000350238624378107 9.27346085518366e-05 6.7119992672815e-05 0.000113921011143248 0.000890773284481838 0.00157076769974083 0.000229946357285371 0.000804126326693222 0.000858437368879095 0.000624961229914334 0.000172438765366678 0.000240040122298524 0.000182042121014092
0.00483032303163782 0.00163192925974727 0.00126497719320469 0.000263338773220312 0.000532138822018169 0.00230806924519129 0.00137721544015221 0.00169486334780231 0.000898307072930038 0.00134249883412849 0.000388802264933474 0.00129330062773079 0.000432266903226264 0.000439412958803587 0.00057871759054251 0.00130417314358056 0.00114215603389312 0.000433066274854355 0.000829314914881252 0.000932737541734241 0.000877980512450449 0.000493089287192561 7.86516389780445e-05 6.82603367749834e-05 0.000218929816765012 0.00125983582111076 0.000894485414028168 2.94183016194438e-05 0.000254722761746962 0.000204358320479514 0.000803161633666605 6.15560522419401e-05 0.000363318892777897 8.7449233251391e-05 0.00032576196899754 0.000636835407931358 0.00010914978083747 0.00038463282835437 0.000112485440695309 0.00016097322513815 0.000143047556048259 0.000168619489704724 0.000219960844697198 5.09871618305624e-05 0.000137279636692256 3.08110948935791e-05
