Scripts_&_data/Maxent_result_files_2/B_lapidarius_3.asc
NCOLS 594 
NROWS 330 
XLLCORNER -15 
YLLCORNER 23 
CELLSIZE 0.166666666666667 
NODATA_value -9999 
[rows 180 to 199 of 330, columns 92 to 137 of 594]
0.329953199625015 0.307650648057461 0.43868536055088 0.062861293554306 0.237772072851658 0.223396596312523 0.0687768708914518 0.0508017607033253 0.407524588704109 0.150921143963933 0.281767676770687 0.471019437909126 0.368165138363838 0.273682606220245 0.0476594880223274 0.0522521574050188 0.0586877331137657 0.228346736729145 0.24783066958189 0.260459867119789 0.294994407892227 0.244548691809177 0.0727888472378254 0.174669377505779 0.19747739136219 0.367233842611313 0.222579078376293 0.11183061003685 0.100898885726929 0.325438812375069 0.419723424315453 0.196335561573505 0.205214223265648 0.127871672809124 0.204073040187359 0.408582803606987 0.372956314682961 0.255692784488201 0.414377558231354 0.617215955257416 0.765166908502579 0.0773101270198822 0.216593857109547 0.112726084887981 0.303122769296169 0.841192650794983
0.0946021430194378 0.0424184788018465 0.136796057969332 0.30259660333395 0.0480723425745964 0.0594412084668875 0.154754921793938 0.338917711377144 0.292159175872803 0.235013222694397 0.0995153918862343 0.347544756531715 0.279318626224995 0.221299083530903 0.237400995194912 0.119621198624372 0.0974911481142044 0.104558188468218 0.469909074902534 0.140176847577095 0.11621075719595 0.109237952530384 0.12897507250309 0.18940857052803 0.187307715415955 0.17525323331356 0.20302868783474 0.275697512924671 0.205192646384239 0.139875654131174 0.40075289607048 0.342791530489922 0.177238488197327 0.286181989312172 0.200505170226097 0.234495094418526 0.448287725448608 0.493618315458298 0.396737948060036 0.599477952718735 0.69799936413765 0.0200676503125578 0.0867218621075153 0.0647945340722799 0.755234080553055 0.171556776762009
0.0647087872028351 0.0792460322380066 0.175201573967934 0.116690237820148 0.150035084038973 0.0975175589323044 0.100330188125372 0.112594594061375 0.355228394269943 0.159507396072149 0.184746190905571 0.0741534281522036 0.195588518679142 0.0800740078091621 0.120462620258331 0.214971560239792 0.165126994252205 0.145267307013273 0.0975883424282074 0.16019120067358 0.117281097173691 0.076479347795248 0.250351177155972 0.154762670397758 0.329407480359077 0.0652217388153076 0.240173116326332 0.211506405472755 0.364435169100761 0.348490256071091 0.223564563691616 0.25779138058424 0.184755496680737 0.195506200194359 0.239021642506123 0.269602306187153 0.212692449986935 0.25012236982584 0.798900532722473 0.860080337524414 0.528229042887688 0.231072475016117 0.304072281718254 0.557844039797783 0.996897923946381 0.560291382670403
0.135733172297478 0.0877435822039843 0.121399038657546 0.179084226489067 0.106930428743362 0.138374689221382 0.184651552140713 0.156766638159752 0.292358529567719 0.105351680517197 0.120024447143078 0.308922442793846 0.191932263970375 0.0617924071848392 0.0435262808576226 0.106187385320663 0.104740653932095 0.156708443164825 0.121093294024467 0.234381398558617 0.150746665894985 0.15784223228693 0.349894466996193 0.546263203024864 0.26243738681078 0.671344459056854 0.233896498382092 0.173499137163162 0.0584650963544846 0.0829857222735882 0.162982031702995 0.216549241542816 0.184036593139172 0.171051301062107 0.155320239067078 0.374142369627953 0.260256366431713 0.297277592122555 0.453899613022804 0.378865876793861 0.766244459152222 0.627448970079422 0.373482105135918 0.432941234111786 0.681384009122848 0.354233551025391
0.0495382733643055 0.139863555133343 0.0650399766862392 0.252321699261665 0.0473261062055826 0.185386657714844 0.15049114972353 0.167199948430061 0.300525480508804 0.17212188988924 0.193379262089729 0.0786025557667017 0.0624971378594637 0.109845332801342 0.25706295222044 0.13677122220397 0.109137616306543 0.123333670943975 0.265404948592186 0.217908681929111 0.303418695926666 0.227531124651432 0.488742780685425 0.398122236132622 0.275848515331745 0.16654888689518 0.142697717994452 0.167792896926403 0.0568893752992153 0.114250502735376 0.120549105852842 0.145525455474854 0.193291299045086 0.182093244045973 0.5849380671978 0.170279386639595 0.141087599098682 0.156233661621809 0.26921235024929 0.562192943692207 0.510158666968346 0.341564047336578 0.473450660705566 0.58339861035347 0.125279086083174 0.283167180418968
0.110143085569143 0.143948622792959 0.0235130084678531 0.145834025740623 0.0842272661626339 0.232226787507534 0.139906047284603 0.0483058538287878 0.10980142056942 0.089318723231554 0.0507512670010328 0.0795083194971085 0.0964288234710693 0.0982321977615356 0.0959231592714787 0.0633910741657019 0.0579986520111561 0.180216677486897 0.187803670763969 0.159459114074707 0.177741262316704 0.494317889213562 0.406712612509727 0.36394374370575 0.199468314647675 0.0968826599419117 0.164035379886627 0.030891521088779 0.0915229141712189 0.12773892134428 0.101187681406736 0.179702244699001 0.162197276949883 0.257361829280853 0.178409388661385 0.0795903667807579 0.157353285700083 0.309194345772266 0.660569852590561 0.637656849622726 0.983470261096954 0.738371658325195 0.361917266249657 0.31367861032486 0.0902299523353577 0.461350473761559
0.0880644805729389 0.094610021263361 0.149956798553467 0.163698790967464 0.102378774434328 0.110448025912046 0.0766925059258938 0.120813077688217 0.0395759535953403 0.127382361143827 0.0661371558904648 0.0658609252423048 0.0849940501153469 0.0460222374647856 0.0519843753427267 0.0644949056208134 0.0669186200946569 0.0523233011364937 0.13965940028429 0.0534726534038782 0.103703673183918 0.303237923979759 0.438177812099457 0.2629957228899 0.178490681946278 0.137512543797493 0.172630453109741 0.0617218874394894 0.057372797653079 0.0590605333447456 0.168317858874798 0.149329277873039 0.283529588580132 0.359696158766747 0.142461059242487 0.170639887452126 0.346804364025593 0.114797488600016 0.849853157997131 1 0.736172294616699 0.196481503546238 0.325654777884483 0.211049115657806 0.264277198910713 0.441471639275551
0.136139745265245 0.122415572404861 0.104610811173916 0.118312531709671 0.15535841435194 0.032107867859304 0.113172064721584 0.132440230995417 0.0721569199115038 0.0319357346743345 0.0635810516774654 0.109603380411863 0.152329622209072 0.126274388283491 0.0660446915775537 0.0447452273219824 0.146029114723206 0.0590094324201345 0.0685185261070728 0.0496212750673294 0.0556649688631296 0.0222524656914175 0.126784336566925 0.119026730954647 0.231961090862751 0.101671861857176 0.0465591005980968 0.0785683125257492 0.0452126454561949 0.016150476038456 0.0877926282584667 0.113575046882033 0.260354669392109 0.49153847694397 0.0895584791898727 0.25489579886198 0.220142382383347 0.68926362991333 0.850249624252319 0.185724772512913 0.282226324081421 0.666592073440552 0.800260084867477 0.901211422681808 0.813925766944885 0.817356723546982
0.0572339434176683 0.0230895850807428 0.138089690357447 0.023124423623085 0.067263251170516 0.0296177677810192 0.0511783834546804 0.0868052411824465 0.0323660686612129 0.0327935131266713 0.0445219207555056 0.264191800355911 0.086079964786768 0.0339948432520032 0.0324717834591866 0.0241031756624579 0.0200576854869723 0.0198075777851045 0.0581767912954092 0.0499888837337494 0.10490036085248 0.042446706071496 0.0378821847960353 0.0377584148198366 0.113994424045086 0.0682117342948914 0.0615397941321135 0.0645868048071861 0.0367894662544131 0.107854769378901 0.109246923774481 0.287879492342472 0.530177792906761 0.402930495142937 0.260503278672695 0.532054913043976 0.590773642063141 0.999961173534393 0.647042256593704 0.571583223342895 0.912888848781586 0.74694806933403 0.959457743167877 0.920597332715988 0.958585119247437 0.620732343196869
0.010922768060118 0.0204200070351362 0.0567386124283075 0.0985387854278088 0.0226706650108099 0.0245539637282491 0.0738757412880659 0.0812893413007259 0.233927354216576 0.254039761424065 0.0410405978560448 0.185129655897617 0.0206506997346878 0.0244256662204862 0.0673699844628572 0.0282162664458156 0.17417576611042 0.0178422136232257 0.0177001998759806 0.0337079744786024 0.0161273969337344 0.125177884846926 0.0364822885021567 0.0342148596420884 0.127739781141281 0.085394449532032 0.0925862513482571 0.0655924558639526 0.0882974833250046 0.0660677839070559 0.295189699530601 0.564606627821922 0.843470913171768 0.493970468640327 0.43595173060894 0.970784026384354 0.999999988079071 0.99999942779541 0.999199140071869 0.993348908424377 0.919872123003006 0.813752925395966 0.983084952831268 0.946378880739212 0.906920897960663 0.540804019570351
0.00986619531176984 0.00914112287573516 0.0134358324110508 0.133585901558399 0.0236195385456085 0.0247261825948954 0.101751977950335 0.0333502961322665 0.0831226542592049 0.22652160525322 0.255363264679909 0.0591522622853518 0.0286687633022666 0.0746514279395342 0.0754283834248781 0.0976923733949661 0.0946693100035191 0.154355676472187 0.0529170632362366 0.141367740184069 0.136652104556561 0.0582134898751974 0.0416725151240826 0.111284752935171 0.233844402432442 0.284962299466133 0.0534784203395247 0.0204452604986727 0.0101056488230824 0.129340389370918 0.326718533039093 0.817275941371918 0.586774200201035 0.294639524817467 0.716465851664543 0.999999988079071 0.505959990620613 0.931441181898117 0.949538743495941 0.999890434741974 0.998100143671036 0.998800945281982 0.999029141664505 1 0.995015412569046 0.999989533424377
0.0106436870992184 0.0796359829604626 0.0210569506511092 0.0435361925512552 0.0808111645281315 0.253882670402527 0.121954637020826 0.175523330271244 0.189743618667126 0.244830393791199 0.0912800922989845 0.0558883361518383 0.104796622693539 0.227878607809544 0.105507889389992 0.206645767390728 0.114481454342604 0.0981357589364052 0.045487642288208 0.232428446412086 0.0871547631919384 0.114583285152912 0.0257591838948429 0.0874779187142849 0.245123066008091 0.205355428159237 0.0228426367044449 0.0654002245515585 0.0718547567725182 0.0924391381442547 0.322014021873474 0.744952982664108 0.35765146613121 0.178311048448086 0.499630782008171 0.595305985212326 0.971135544776917 0.993315303325653 0.624131059646606 0.547383332252502 0.997326010465622 0.451913678646088 0.834993761777878 0.55762492120266 0.274708205461502 0.394163389503956
0.0274519897997379 0.0115304338745773 0.0638259619474411 0.0704814292490482 0.220987388491631 0.347611114382744 0.0789492383599281 0.24343308955431 0.2961654484272 0.337680551409721 0.337883517146111 0.0820605088025332 0.219840970635414 0.111253469437361 0.300353765487671 0.222334222495556 0.288619674742222 0.255180531740189 0.214057555794716 0.203585329651833 0.179111167788506 0.253397205471993 0.0959929548203945 0.169614070653915 0.359667173027992 0.0301640138030052 0.0147197471698746 0.0502371300011873 0.0547191776335239 0.0571759574115276 0.193027743697166 0.238690222799778 0.426496633887291 0.28468562066555 0.937185597419739 0.820262974500656 0.573903280496597 0.975560092926025 0.99848381280899 0.207215905189514 0.0657580673694611 0.412851005792618 0.691397315263748 0.703472745418549 0.426034680008888 0.753490221500397
0.0770861301571131 0.0794408813118935 0.0918603837490082 0.0433618795126677 0.056771008297801 0.0601063851267099 0.203835360705853 0.201673935353756 0.580711817741394 0.766079914569855 0.627813982963562 0.189925317466259 0.241010122001171 0.26545382887125 0.274994191527367 0.240941213071346 0.357505667209625 0.495428863167763 0.268817120790482 0.477708014845848 0.240446004271507 0.395511895418167 0.139570991694927 0.10258702263236 0.159969870746136 0.1424041852355 0.0642433801665902 1 0.00726148973917589 0.0416882256045938 0.0897254876792431 0.120228076726198 0.366208782792091 0.711576187610626 0.382989493012428 0.8076347053051 0.752777147293091 0.611372095346451 0.211280816793442 0.18567106872797 0.386342692375183 0.999948155879974 0.996758812665939 0.995387190580368 0.993358713388443 0.562886294722557
0.0471126563847065 0.018819888215512 0.0615423664450645 0.0559112556278706 0.0651771076023579 0.028597972728312 0.0495072305202484 0.237231129407883 0.53782339990139 0.628746676445007 0.519152992963791 0.187054225802422 0.262633684277534 0.0988199815154076 0.42422014772892 0.350677609443665 0.459583595395088 0.196309068053961 0.44316753745079 0.181629361212254 0.229317478835583 0.476459276676178 0.206785732507706 0.0730782203376293 0.152078561484814 0.0481789899989963 0.00503050577826798 0.0374121818691492 0.0256471085362136 0.0438064953312278 0.0535118222236633 0.0874597981572151 0.296719911694527 0.846489518880844 0.268565022945404 0.778357291221619 0.669437730312347 0.366354075074196 0.762982594966888 0.334734553098679 0.12269930690527 0.265154482424259 0.385980865359306 0.871671789884567 0.690130853652954 0.620014643669128
0.079801481962204 0.0985754743218422 0.0727927152067423 0.0685945942997932 0.110113867372274 0.186922572553158 0.204737883806229 0.255843712389469 0.395565202832222 0.595962759852409 0.206071272492409 0.0961476527154446 0.0853854544460773 0.143671235442162 0.166025994718075 0.708707386255264 0.181199549138546 0.423367002606392 0.321059492230415 0.319445893168449 0.218143416941166 0.273149554431438 0.178863041102886 0.2631507858634 0.642733854055405 0.334499371051788 0.0311684314161539 0.0436167377978563 0.0579205792397261 0.10755128711462 0.0616469170898199 0.139208407700062 0.486452227830887 0.632462084293365 0.869833850860596 0.777440768480301 0.474306362867355 0.424894997477531 0.359768523275852 0.00417370912618935 0.00195231675170362 0.514168828725815 0.594247782230377 0.396886053681374 0.218849937617779 0.0397561214864254
0.0562545154243708 0.016164967790246 0.143749845027924 0.0726161058992147 0.0891066022217274 0.139405566453934 0.0833829917013645 0.232616586983204 0.316527350246906 0.191059947013855 0.114317842572927 0.0905094921588898 0.250741741061211 0.193117156624794 0.18282939940691 0.46608139872551 0.117186984419823 0.172763729095459 0.49301922917366 0.166672521829605 0.220234633982182 0.107223910838366 0.287496227025986 0.373828735947609 0.275033149123192 0.333123549818993 0.0310001521371305 0.0551446534693241 0.0680563159286976 0.0531032901257277 0.122805650532246 0.975465816259384 0.999110490083694 0.999809283018112 0.589135336875916 0.396060964465141 0.91202130317688 0.62524750828743 0.736654645204544 0.296561574935913 0.517941462993622 0.292609614133835 0.388427290320396 0.078495492041111 0.0118153212592006 0.0428753979504108
0.0925926677882671 0.0850901484489441 0.0314592085778713 0.0776445135474205 0.105233050137758 0.131392987817526 0.27671662569046 0.0788120254874229 0.238061864674091 0.146550956368446 0.3010951384902 0.177121056616306 0.134411112964153 0.255455543100834 0.374506995081902 0.18690642118454 0.0641238804906607 0.285956808924675 0.179400160908699 0.468771281838417 0.241273374855518 0.305653703212738 0.315231320261955 0.347299912571907 0.42756972014904 0.217173777520657 0.110277909785509 0.0405104950070381 0.0324683878570795 0.11356905028224 0.118121095746756 0.495474508404732 0.430838015675545 0.340674757957458 0.834240055084228 0.703133708238602 0.260184192657471 0.0151530003175139 0.962209135293961 0.662210774421692 0.945116353034973 0.408638685941696 0.130086188018322 0.993136966228485 0.0370215097442269 0.104641526937485
0.15706270635128 0.0791108384728432 0.0203460254706442 0.0519126582890749 0.080959464609623 0.16763626486063 0.102265584468842 0.109340865910053 0.143991144001484 0.0641339622437954 0.227810761332512 0.113490857183933 0.218997336924076 0.0910707540810108 0.0923340246081352 0.153392279148102 0.291431668400764 0.269977439939976 0.378775721788406 0.321398317813873 0.332953390479088 0.305262088775635 0.354990407824516 0.289390061795712 0.447344103455544 0.141054956614971 0.11368330642581 0.00310003056802088 0.177509394288063 0.0881841123104095 0.29649963080883 0.435404989123344 0.26776614934206 0.423546847701073 0.571863079071045 0.00250143426819704 0.524922809004784 0.999997484683991 0.699488717317581 0.680957734584808 0.816397672891617 0.290421888232231 0.0339156555011868 0.0105588569073007 0.00154103042004863 0.0407011933624744
0.00817887783050537 0.0728243093937635 0.0462010156363249 0.0406116180121899 0.0565410513430834 0.0617049720138311 0.076089558750391 0.112283796817064 0.106491016969085 0.075931991264224 0.110273127257824 0.165489214658737 0.224499283730984 0.142894333600998 0.188042789697647 0.276048696041107 0.310002043843269 0.41195670068264 0.36644042134285 0.448371866345406 0.641551196575165 0.57927360534668 0.303291454911232 0.213151450455189 0.301331403851509 0.0419525748118758 0.0579885195940733 0.0874005667865276 0.14235887825489 0.372578790783882 0.401797658205032 0.51609243452549 0.558701068162918 0.469511190056801 0.531015482544899 0.539947274327278 0.594134575128555 0.924257177114487 0.731665563583374 0.714138770103455 0.815875005722046 0.323989620804787 0.053330522030592 0.065777338296175 0.0323382332921028 0.0146461773663759
