Scripts_&_data/Maxent_result_files_2/B_laesus_3.asc
NCOLS 594 
NROWS 330 
XLLCORNER -15 
YLLCORNER 23 
CELLSIZE 0.166666666666667 
NODATA_value -9999 
[rows 189 to 209 of 330, columns 230 to 275 of 594]
0.140073744952679 0.13248188868165 0.137101058661938 0.372544267773628 0.326408067345619 0.382379233837128 0.143104257434607 0.136354509741068 0.146153773367405 0.0857419427484274 0.306056125462055 0.202886625379324 0.0711340539157391 0.00709615810774267 0.1846176892519 0.0175131589174271 0.000302289014507551 0.000979742890922353 0.0599916599690914 0.255939200520515 0.145831209421158 0.40146005153656 0.682733419537544 0.401843255758286 0.152018942683935 0.198370438814163 0.204472374916077 0.399978689849377 0.219183154404163 0.469288641214371 0.481193789839745 0.469689440727234 0.474308213591576 0.471126624941826 0.24525837674737 0.196877473592758 0.259838777035475 0.264911808073521 0.270980337262154 0.271773719787598 0.702589994668961 0.945728433132172 0.317063099145889 0.821682476997376 0.182515998743474 -9999
0.0371679533272982 0.105156575888395 0.390354201197624 0.357862782478333 0.127927110344172 0.39323850274086 0.394891649484634 0.140000135451555 0.440446525812149 0.132590840756893 0.350351431965828 0.409406626224518 0.335502560436726 0.00984260423574597 0.00161074232310057 0.156605099141598 0.00935753972735256 0.000221775594400242 0.000327338766510366 0.210219016671181 0.455078780651093 0.401149708032608 0.849294179677963 0.526904082298279 0.193864796310663 0.429549306631088 0.47912093102932 0.16941497027874 0.143975852429867 0.223459780961275 0.18406760469079 0.524844348430634 0.459667471051216 0.230143202096224 0.239787027984858 0.247591590881348 0.256274800002575 0.26032358109951 0.267272941768169 0.269622101634741 0.60685504078865 0.998160284757614 0.999741739034653 0.688459807634354 -9999 -9999
0.0600683137774467 0.536042460799217 0.125366060435772 0.154102203249931 0.148676809668541 0.440305081009865 0.4379170358181 0.107570683211088 0.115471636503935 0.328012602031231 0.351675651967525 0.127854243665934 0.232235894352198 0.370384554564953 0.180100063234568 0.0069456169847399 0.1410529717803 0.138220680505037 0.000415701931342483 0.000604522414505482 0.0566113863140345 0.048424293845892 0.599355408549309 0.312791182100773 0.199612991511822 0.20401943475008 0.162340693920851 0.216940874606371 0.104176690801978 0.424094232916832 0.231155055016279 0.489539402723312 0.497265020012856 0.450037238001823 0.237018097192049 0.241399215906858 0.486351498961449 0.246792512387037 0.252831310778856 0.246917863935232 0.242089693248272 0.23537667915225 0.896166789531708 -9999 -9999 -9999
0.435778132081032 0.424400740861893 0.136569203436375 0.122818461805582 0.143122927099466 0.106241127848625 0.13047152236104 0.129598148912191 0.38889604061842 0.415264907479286 0.403167493641376 0.366200752556324 0.0226830315776169 0.435508295893669 0.225000587105751 0.251943135261536 0.344383215904236 0.0235133240930736 0.000489459784876089 0.000947329591144808 0.207044398784637 0.26197144985199 0.423188921809196 0.338097211718559 0.455343639850616 0.450404271483421 0.216392905265093 0.216271665692329 0.463220608234406 0.646334454417229 0.232704851776361 0.18815081641078 0.46668966114521 0.621448808908463 0.232447903603315 0.239642242342234 0.472721481323242 0.486232653260231 0.208971937000752 0.497562479972839 0.763853880763054 0.168596222996712 -9999 -9999 -9999 -9999
0.00987230690661818 0.0182036811485887 0.143415058031678 0.0184361191000789 0.259091198444366 0.395661944150925 0.11884564012289 0.19799869954586 0.174976725131273 0.233226209878922 0.217824220657349 0.138530538976192 0.26594045907259 0.509587454795837 0.412685915827751 0.217002786695957 0.211947511136532 0.000135643479370628 0.00108093957824167 0.000288077012373833 0.0612786509096622 0.154902990162373 0.468457409739494 0.563410320878029 0.609305733442307 0.200589589774609 0.20636260509491 0.217908408492804 0.439008250832558 0.279624396562576 0.515735968947411 0.658757597208023 0.23556220009923 0.229473272711039 0.473141351342201 0.764962404966354 0.194039906561375 0.706322079896927 0.956165909767151 0.414616860449314 -9999 -9999 -9999 -9999 -9999 -9999
0.0100437968736514 0.00350889000692405 0.0101425094879232 0.00371354263043031 0.0103620513575152 0.0093384942272678 0.010597813455388 0.0323219554498792 0.0466199237853289 0.00845746013801545 0.00261517668841407 0.00942085394635797 0.129012554883957 0.0132146747782826 0.0156681363005191 0.00402683014981449 0.00397303557256237 0.000286605198198231 9.87297391475295e-05 0.000608868928975426 0.0149558670353144 0.392959779500961 0.38771188557148 0.410903212428093 0.435462605953217 0.37600964307785 0.204375833272934 0.217992532253265 0.834471625089645 0.232676885277033 0.509251791238785 0.995153969526291 0.234449274092913 0.843321961164474 0.873201894760132 0.959872937202454 0.776367199420929 0.879828774929047 -9999 -9999 -9999 -9999 -9999 -9999 -9999 -9999
0.166684895008802 0.0424139329232276 0.0262431936338544 0.00233983975485899 0.00361392562044784 0.0211712525226176 0.0181887288112193 0.00162414160440676 0.00300254166359082 0.0274359476752579 0.00329914689064026 0.0155073837377131 0.0673435257747769 0.00769820676650852 0.00306377300294116 0.00159190913545899 0.00775158505421132 0.0713071446865797 0.0927442017942667 0.0584231220185757 0.336256605386734 0.442471167445183 0.464022904634476 0.364611952006817 0.195139788836241 0.440194088220596 0.452487942576408 0.784865069389343 0.980835402011871 0.954753512144089 0.994298076629639 0.999329823255539 0.982496470212936 0.996997267007828 0.996654641628265 0.737392103672028 0.322170009464026 0.567877257242799 -9999 -9999 -9999 -9999 -9999 -9999 -9999 -9999
0.0658874206244946 0.0171133575029671 0.025211742054671 0.02247991329059 0.0109342557843775 0.00941917854361236 0.0225869908928871 0.0712191931903362 0.22779254168272 0.147702250629663 0.229593081772327 0.0211147264577448 0.0135584568139166 0.0806268021464348 0.106013482809067 0.133798557519913 0.353048720955849 0.319308866560459 0.103827914968133 0.29905341565609 0.477058175206184 0.41001558303833 0.188553036749363 0.231138582527637 0.641342604160309 0.200032325834036 0.162593486905098 0.551027756929398 0.693428629636765 0.594927191734314 0.757439488172531 0.887781554460526 0.985735696554184 0.629052200913429 0.1247145652771 0.0473978172987699 0.018167037027888 0.116518664546311 -9999 -9999 -9999 -9999 -9999 -9999 -9999 -9999
0.210240496695042 0.253772339224815 0.108515517413616 0.11299960911274 0.0864915352314711 0.297459788620472 0.240213757753372 0.220023611187935 0.200740849971771 0.0751236394047737 0.064786135032773 0.186640924960375 0.302538235485554 0.17309148684144 0.460378670692444 0.445231890678406 0.502797803282738 0.394332419335842 0.469647687673569 0.177931157499552 0.444297781586647 0.454903414845467 0.19280718639493 0.423577624559402 0.200404180586338 0.201093453913927 0.199480849504471 0.691528970003128 0.423489508032799 0.530805876851082 0.222330421209335 0.189857949316502 0.416473633050919 0.345870926976204 0.703058049082756 0.35110380128026 0.0531082747038454 0.179027871415019 -9999 -9999 -9999 -9999 -9999 -9999 -9999 -9999
0.089322129637003 0.168938131630421 0.135157023370266 0.114179350435734 0.108860182017088 0.513451784849167 0.167040111124516 0.0994292467832565 0.271034723520279 0.592640528082848 0.254978705942631 0.284601101279259 0.544124814867973 0.468935638666153 0.143251529335976 0.442376187443733 0.424186378717422 0.404787740111351 0.380254921317101 0.178493798524141 0.182812575995922 0.189870138466358 0.197592139989138 0.202596125006676 0.204929980635643 0.207025797665119 0.410226991772652 0.517971263825893 0.459149327874184 0.778620129823685 0.208478219807148 0.492761486768723 0.955335766077042 0.981267505884171 0.411597213149071 0.0124171047704294 0.000165283670139615 0.107488842867315 -9999 -9999 -9999 -9999 -9999 -9999 -9999 -9999
0.162197961658239 0.247444754838943 0.143575141578913 0.140780709683895 0.157545763999224 0.821643537282944 0.142844171077013 0.135363748669624 0.135473921895027 0.719994050264358 0.399801659584045 0.474545300006866 0.464605671167374 0.431847369670868 0.473245343565941 0.444790109992027 0.4947400867939 0.521645107865334 0.402124828100204 0.436271026730537 0.42552872300148 0.196073795855045 0.203783667087555 0.209383306652308 0.212999710440636 0.238635592162609 0.868014889955521 0.695484361052513 0.815125811100006 0.476776060461998 0.245475710183382 0.531249985098839 0.972048199176788 0.857953110337257 0.0619010470807552 -9999 -9999 -9999 -9999 -9999 -9999 -9999 -9999 -9999 -9999 -9999
0.249747973680496 0.139348732680082 0.183693417161703 0.18231742605567 0.178267681598663 0.89561972618103 0.464424926042557 0.188642064481974 0.361004669964314 0.408345520496368 0.144254422932863 0.14504823461175 0.183336187899113 0.422082364559174 0.178362080454826 0.447759214043617 0.699815613031387 0.436674845218658 0.181708215922117 0.185792659968138 0.388643884658813 0.199064872413874 0.181786273419857 0.509895175695419 0.502675375342369 0.49757396876812 0.397585272789001 0.47642148733139 0.750899165868759 0.224260050803423 0.205194153636694 0.189614628255367 0.989480501413345 0.143262788280845 -9999 -9999 -9999 -9999 -9999 -9999 -9999 -9999 -9999 -9999 -9999 -9999
0.143531578779221 0.183451732248068 0.516087460517883 0.187657044827938 0.422960716485977 0.480193269252777 0.581551203131676 0.363312904536724 0.417984363436699 0.411196681857109 0.407859033346176 0.183530058711767 0.439946362376213 0.459734654426575 0.456895363330841 0.713550156354904 0.601613084548444 0.41000324934721 0.447157514095306 0.365249764919281 0.199002614617348 0.204381938278675 0.212501539289951 0.406711953878403 0.438897195458412 0.215493147820234 0.498006030917168 0.530373814702034 0.671107885241508 0.390779086947441 0.401721930503845 0.942346882820129 0.276607903838158 -9999 -9999 -9999 -9999 -9999 -9999 -9999 -9999 -9999 -9999 -9999 -9999 -9999
0.146832608431578 0.160334633290768 0.553486290574074 0.457918632030487 0.365884464979172 0.41314460337162 0.726772201061249 0.396456348896027 0.456484320759773 0.142723705619574 0.185275769233704 0.348348391056061 0.184323655068874 0.443769335746765 0.147548844665289 0.481941822171211 0.457609361410141 0.470990404486656 0.421074244379997 0.44901876449585 0.202792024612427 0.954650628566742 0.469938579201698 0.534147644042969 0.533141884207726 0.927161353826523 0.663616704940796 0.48232045173645 0.510530936717987 0.478421357274055 0.429160887002945 0.866558867692947 -9999 -9999 -9999 -9999 -9999 -9999 -9999 -9999 -9999 -9999 -9999 -9999 -9999 -9999
0.431905534863472 0.390843296051025 0.394220900535584 0.396255952119827 0.551138791441917 0.192603424936533 0.460650190711021 0.433800902962685 0.194225337356329 0.448242327570915 0.421049192547798 0.403958195447922 0.358113196492195 0.182351613044739 0.370374235510826 0.178644695132971 0.419832193851471 0.72603195309639 0.788140499591827 0.851509320735931 0.782834315299988 0.534178784489632 0.645087572932243 0.545328572392464 0.95145822763443 0.796840661764145 0.409275370836258 0.173509782552719 0.211081796139479 0.387053459882736 0.186427867412567 0.872904402017593 -9999 -9999 -9999 -9999 -9999 -9999 -9999 -9999 -9999 -9999 -9999 -9999 -9999 -9999
0.356878679990768 0.841988867521286 0.190584503114223 0.571795982122421 0.613119664788246 0.19287168905139 0.193586025387049 0.553920412063599 0.401090002059937 0.189943539351225 0.194227673113346 0.434111204743385 0.451605960726738 0.1851228505373 0.182326963543892 0.565573433041573 0.521267914772034 0.469670084118843 0.155524968355894 0.15554468408227 0.20383425205946 0.176614098250866 0.171833848953247 0.433450716733932 0.183759290724993 0.173694775253534 0.1786366738379 0.18299518674612 0.213845248520374 0.436574041843414 0.191041550040245 0.586749598383904 -9999 -9999 -9999 -9999 -9999 -9999 -9999 -9999 -9999 -9999 -9999 -9999 -9999 -9999
0.192047499865294 0.807109302282333 0.785241013765335 0.905490857362747 0.949088037014008 0.841538906097412 0.856009864807129 0.59007388651371 0.834131944179535 0.825149703025818 0.454304125905037 0.75709530711174 0.18684965968132 0.662150859832764 0.753550016880035 0.690507954359055 0.189523034542799 0.401511055231094 0.411289921402931 0.429912856221199 0.42550128698349 0.389340263605118 0.208622574061155 0.188459847867489 0.407719486951828 0.19346743747592 0.221641385555267 0.220914497971535 0.435003879666328 0.395800131559372 0.168204599618912 0.0450817408040166 -9999 -9999 -9999 -9999 -9999 -9999 -9999 -9999 -9999 -9999 -9999 -9999 -9999 -9999
0.408783894777298 0.18902503401041 0.186341843754053 0.185464947670698 0.415537983179092 0.187697220593691 0.188442523777485 0.187442734837532 0.185529446601868 0.184717808663845 0.439916023612022 0.491045212745666 0.860413682460785 0.379843062162399 0.191044785827398 0.395783686637878 0.169181709736586 0.43845602273941 0.172215186059475 0.481213101744652 0.163830001652241 0.163070929050446 0.162537777423859 0.444453200697899 0.211433696001768 0.213357213139534 0.524732732772827 0.503373694419861 0.201088179647923 0.189950080960989 0.180218318104744 0.010297938878648 -9999 -9999 -9999 -9999 -9999 -9999 -9999 -9999 -9999 -9999 -9999 -9999 -9999 -9999
0.379999208450317 0.143950599431992 0.183172470331192 0.410194346308708 0.398480981588364 0.164168026298285 0.143656563013792 0.493767085671425 0.356509000062943 0.184891741722822 0.400233805179596 0.190930987894535 0.191897508502007 0.36402662396431 0.164980466663837 0.408634305000305 0.177616588026285 0.452557507157326 0.158642641454935 0.187163300067186 0.150302923470736 0.191524241864681 0.15978287011385 0.443009689450264 0.20222112685442 0.437540391087532 0.164716880768538 0.554774716496468 0.414127334952354 0.104543114826083 0.348948754370213 -9999 -9999 -9999 -9999 -9999 -9999 -9999 -9999 -9999 -9999 -9999 -9999 -9999 -9999 -9999
0.108066749945283 0.476754519343376 0.263721126317978 0.148671604692936 0.439523303508759 0.345154431462288 0.142319346219301 0.165276842564344 0.38319425880909 0.177952460199594 0.349559466540813 0.35023717880249 0.185642527043819 0.187365391105413 0.150501994043589 0.424539110064507 0.147051638364792 0.169128462672234 0.178139919042587 0.496227461099625 0.379318834841251 0.536020258069038 0.431765034794807 0.41682685315609 0.411146460473537 0.523445042967796 0.739796328544617 0.594781395792961 -9999 -9999 -9999 -9999 -9999 -9999 -9999 -9999 -9999 -9999 -9999 -9999 -9999 -9999 -9999 -9999 -9999 -9999
0.120328409224749 0.035247490182519 0.23558302372694 0.162754834443331 0.135989079624414 0.14653218537569 0.393672445416451 0.0995700597763061 0.355483105778694 0.168895328044891 0.444570425152779 0.126324057579041 0.121722465008497 0.420136752724648 0.483479133248329 0.364884902536869 0.171333776414394 0.330164666473865 0.420656400918961 0.168793503195047 0.671645429730415 0.122221534699202 0.379945547878742 0.435002654790878 0.495418265461922 0.404736386239529 0.38266969025135 0.0738388363271952 -9999 -9999 -9999 -9999 -9999 -9999 -9999 -9999 -9999 -9999 -9999 -9999 -9999 -9999 -9999 -9999 -9999 -9999
