Scripts_&_data/Maxent_result_files_2/B_laesus_3.asc
NCOLS 594 
NROWS 330 
XLLCORNER -15 
YLLCORNER 23 
CELLSIZE 0.166666666666667 
NODATA_value -9999 
[rows 84 to 104 of 330, columns 322 to 367 of 594]
0.00164185425383039 0.0039062719210051 0.0049246517883148 0.00240794875426218 0.00252749446372036 0.00214117866416927 0.00456414247164503 0.0315996921621263 0.00367212715209462 0.00643272551242262 0.00575670059770346 0.000345726222440135 0.00144838235573843 0.00210879750666209 0.000224204681580886 0.000805487963953055 0.00358189004473388 0.00821647509001195 0.00717295103240758 0.00263573099509813 0.0101472317473963 0.00891026518074796 0.0133958442893345 0.00994291969982442 0.00396962503436953 0.0158168343245052 0.00115733200218529 0.00119319645164069 0.00341902785003185 0.00347438390890602 0.00644469488179311 0.0176621420658194 0.0104983723838814 0.0132157888729125 0.0181894845329225 0.0165354566182941 0.00675172990886494 0.0021426868654089 0.00823929127654992 0.00170527498921729 0.00204329599946504 0.00290932737188996 0.00296442680410109 0.00993293352657929 0.0032749732999946 0.0022129054828838
0.0108925299951807 0.0125478010158986 0.00159472516388632 0.00678179477108642 0.000787277281051502 0.00127324160712305 0.00353345346520655 0.00620901124784723 0.000386193256417755 0.00217560060555115 0.00899005176033825 0.00241404385888018 0.00090402623754926 0.00146375977055868 0.000752023054519668 0.00153036721167155 0.000690445314103272 0.0025008860277012 0.000483235831779893 0.000606681923090946 0.00107159740437055 0.00259340655175038 0.00251684334216407 0.012166909861844 0.0201628749025986 0.00318714535678737 0.00679779876954854 0.0148635944002308 0.00779009908437729 0.00207336274906993 0.00231867906404659 0.00531984880799428 0.00409014386241324 0.000826445831626188 0.00267589862924069 0.00231316730496474 0.000254108178432944 0.000929550082219066 0.000956124230287969 0.00738204952795059 0.00150110551840044 0.00106468600806693 0.00219748692616122 0.00193960749129474 0.00449299068859546 0.00178746602541651
0.0124549803789705 0.0193352189846337 0.0120180929661728 0.00492709113750607 0.000487044133478776 0.00099221484415466 0.00175550598360132 0.000576053584518377 0.000137784394109985 9.29952955630142e-05 0.00398628810653463 0.0102804179536179 0.000369288633010001 0.00197935904725455 0.000993224603007548 0.000404030762001639 0.00139944114780519 0.00246087746927515 0.0169197257608175 0.014647408388555 0.000897887838800671 0.00353096777107567 0.00165685104293516 0.000757527880705311 0.00202087914949516 0.00236845010804245 0.00340988143871073 0.00242223588575143 0.001297238751431 0.00103858410438988 0.0118471180554479 0.0180411843874026 0.0134782456676476 0.00253681134490762 0.0012818429422623 0.000850285469641676 0.00114470528933452 0.0019545684568584 0.00199761764524737 0.00140468996396521 0.00105230519475299 0.00156515032722382 0.00215033582353499 0.000482081493646547 0.0039546130632516 0.0019847397619742
0.00129425286722835 0.00152796099428087 0.000789766538946424 0.00175236381764989 0.000209873499807145 0.00103469591995236 0.000839751861349214 4.61276531495969e-05 0.000587504259237903 0.000553890500304988 0.00013952177396277 0.000214141015203495 0.000404262730444316 0.00142678594420431 0.00124812556459801 0.00107140031177551 0.000351401729130885 0.000618201727047563 0.0150405160151422 0.0157372415764257 0.0122259915340692 0.00140684837533627 0.00202903478348162 0.00311130757327192 0.00591025977628306 0.00873981803888455 0.00103323242219631 0.00134688154612377 0.000903731625112414 0.000792631901094865 0.0017074409784982 0.00121666460036067 0.00231988867162727 0.000974777980809449 0.00180796044005547 0.00276091725972947 0.00948851113207638 0.00214421104756184 0.00162892501830356 0.00139606753145927 0.000754493909880694 0.00307319453277159 0.0017421742391889 0.00146510034464882 0.000820983027369948 0.00143219872916234
0.00186274994630367 0.000547722955525387 0.00117310259811347 0.00021495050368685 5.86200184443442e-05 0.00208271802694071 0.000467388712786487 0.000159794935370883 0.00288049976807088 0.000510509556261241 9.29851542423421e-05 3.81157205538329e-05 0.000270458046634303 0.00170142558636144 0.00326505347038619 0.000579639417264843 0.000117591562684538 0.000558510778137133 7.72314047026157e-05 0.000293074688852357 0.00208409418119118 0.0176631925627589 0.009927158721257 0.000340536365183652 0.000400331003038445 0.00084336575382622 0.00328733343048953 0.00329823489009868 0.00113709757497418 0.00119609762841719 0.000675085736384062 0.00496809288742952 0.00107941898677382 0.00211728800277342 0.00241841286915587 0.000735935701140988 0.00256109866604675 0.00105298589332961 0.00147700842062477 0.00177128534851363 0.00239807570469566 0.00188784739293624 0.00257496561971493 0.00147743376655853 0.000838576565911353 0.00218689234170597
0.00141350235207938 0.000267308471302385 0.000420265227148775 0.00139712773670908 0.000160864515419235 0.000175807947562134 0.000204024118647794 0.000274580464974861 0.000184891781100305 0.000483709965919843 0.000565444557287265 3.69800361113448e-05 0.000168540582762944 0.000200312224933441 0.00250270207761787 0.00037160839583521 0.00029226490369183 0.000449361542996485 0.000233988866239088 0.00436831330880523 0.00707828514277935 0.00343655283213593 0.00531518310308456 0.00125709504936822 0.000248085805560549 0.000426593583688373 0.00489480033284053 0.00186183872283436 0.00287827773718163 0.000926795148734527 0.00276754364022054 0.000656803422316443 0.00159066664818965 0.00613790587231051 0.000736081211834971 0.00144249613622378 0.000739496001369844 0.000783118277649919 0.00129153867346758 0.00102256713762472 0.00117699475267727 0.000740048623993062 0.000734374595776899 0.000717147091745574 0.00119091590167955 0.00105608501798997
0.0707786329556257 0.00160843402845785 0.000689039542339742 8.25912212349067e-05 0.000115325018487056 0.00143303380173165 0.000426261749089463 0.00065165886626346 0.000309621468477417 0.000234683582675643 0.000381391088012606 6.44967361949966e-05 4.90518681999674e-05 0.000129018383267976 7.93922567027039e-05 0.000110054029937601 0.000207493681045889 0.000528428898542188 0.00484669953584671 0.00153381675481796 0.00119698352355044 0.000247876392859325 0.000175330908496107 0.00291063449694775 0.0055887890746817 0.00141195601900108 7.14112970172209e-05 0.000511502777953865 0.00181471843388863 0.00226173205883242 0.00130703125323635 0.00427768024383113 0.00762299625203013 0.0101651593809947 0.000315323713766702 0.000612670106693258 0.00094559953577118 0.000790526095079258 0.000882650349012692 0.000534186251024948 0.000761941644486797 0.00072622509287612 0.000763959558389615 0.000594161800199799 0.00128962929302361 0.000692411709223961
0.00159342601837125 0.00175175991025753 0.00039004881400615 0.000101320319481601 4.91383240387222e-05 0.000318332567258039 0.000137807932605938 0.000625296544603771 0.000112301882199972 0.000858948659879388 0.000337672520254273 7.40035010494466e-05 6.05145283316233e-05 4.32830174304399e-05 0.000117733663137187 9.19376847377862e-05 0.000230269720123033 5.18102120850017e-05 5.27172306647117e-05 7.67932073358679e-05 0.000123136099864496 0.000329724391667696 6.28329160235808e-05 0.000580261110007996 0.00017372220818288 0.00575420234818011 0.00193914524861611 0.0119362046243623 5.12273788672246e-05 0.000164198287529871 0.000809804188611452 0.00032096754257509 0.00198859858792275 0.00993410239461809 0.0157398760551587 0.0029918745305622 0.00194869904225925 0.0023960442369571 0.000944927289310726 0.00418304902268574 0.0011118955368147 0.00135660117593943 0.00339341087383218 0.00212310360220727 0.00215141356966342 0.00359427740913816
0.0458782244473696 0.00617313298862427 0.000268148364921217 0.000492331203713547 0.000401120277092559 0.000147403501523513 0.00031594173196936 0.000119758900291345 8.86757256012061e-05 3.8514499374287e-05 0.000705651319003664 0.000327838846715167 0.000100060521526757 4.13059335187427e-05 3.89001133498823e-05 5.92739085732319e-05 9.31539896555478e-05 0.000417477107112063 0.000227715901928605 7.59957468744687e-05 0.00377375135431066 0.00112608608178562 0.000976797910698224 0.000505200368206715 0.000148963481842657 0.0003927607274818 0.0038365775370039 0.00247955551894847 0.00726523268967867 0.00806834865361452 0.0141196260228753 0.000204472104269371 0.000189853318806854 0.000299839010949654 0.00214006538735703 0.00136648823099677 0.00159965397324413 0.000467215609387495 0.000712759398447815 0.00202996082080062 0.00294394165393896 0.0031134907156229 0.00220366341527551 0.00216187016339973 0.00102504472051805 0.00120449497626396
8.67426051172515e-05 7.58925416448619e-05 0.00013607823948405 0.000208820344232663 9.98691883069114e-05 0.000238266652013408 0.0012229472049512 0.00543341400334612 0.000313286746313679 7.07731156126101e-05 6.80515980093332e-05 0.000146752823457064 4.87755532503797e-05 4.26478943154507e-05 0.000163790288752352 0.000106214421793993 0.000652392252231948 0.000378342207113747 0.000151290213489119 0.00114805466437247 0.00142766230273992 0.00162052238592878 0.00142869558185339 0.000153060353295587 0.000201150057910127 0.000821358840039466 0.00237478248891421 0.0778925087302923 0.0408057282678783 0.00683407387696207 0.00496986606158316 0.0280404199147597 0.0207406091503799 0.0593891035765409 0.00187756026280113 0.000227821500448044 0.000197329279762926 9.60479850618867e-05 0.000668937369482592 0.00408353296807036 0.000491035835875664 0.000220247459219536 0.00138544974615797 0.00168288670975016 0.00179597832757281 0.0015174231142737
0.000105274949510203 0.000351235853304388 0.00014111478576524 0.000317354975049966 0.000105959727443405 0.000113336006961617 0.00183250438130926 0.0136244746623561 0.00135056278668344 0.000754967991088051 0.00115164580347482 4.00328443902254e-05 0.000284882167397882 0.00022915186091268 0.000143487183959223 0.000136628017753537 0.000143869691237342 0.000387645310547668 5.75557997763099e-05 0.000147387501965568 0.000441113166743889 0.00241169291548431 0.00125399920507334 0.000600788956217002 7.3774768588919e-05 0.00142072401358746 0.000146745703750639 0.0442296923138201 0.0867481298744679 0.0205709333065897 0.00248509059310891 0.000569210204412229 0.00146371203009039 0.00151399047172163 0.00503307017497718 0.00419158993172459 0.0611237252131104 0.00209316664841026 0.00351916664512828 0.000232950639656337 0.000238488020113436 0.000147578460564546 0.00216461317613721 0.00472706886357628 0.000746148353391618 0.000753596597587602
9.89223853139265e-05 0.000263300442020409 9.23736442928202e-05 0.000386889959190739 0.00134628730593249 6.31855743449705e-05 4.61620882560965e-05 4.49742221007909e-05 5.20213450727169e-05 5.49504347418406e-05 5.47730830021464e-05 0.000202312984947639 0.000279747490458249 6.66259941681346e-05 5.28983805907046e-05 6.1547697032438e-05 0.000585128681268543 0.00034496411208238 0.000404672347212909 9.57861884671729e-05 7.07084069290431e-05 5.73143182009517e-05 4.13169801731783e-05 3.86317496463562e-05 0.000406093712081201 0.0191765281371772 0.000937143713235855 0.00310233346535824 0.0201591562014073 0.0205730854999274 0.00447797728702426 0.00585780959809199 0.0111981507390738 0.00117179215158103 0.0238609540276229 0.107051021233201 0.00109668457880616 4.75562535484642e-05 0.0261667277198285 0.000678071108995937 0.000341640827537049 0.000406104266585316 0.000445958293857984 0.000229006062363624 0.00141756066586822 0.00116162420308683
0.000479412042477634 0.000501354494917905 0.0028787836083211 0.000128213588868675 0.000232735240570037 0.00647164664696902 0.000557033697259612 4.91987924306159e-05 6.522814710479e-05 7.36828435037751e-05 7.70248348999303e-05 0.000114685702192219 0.000597124983323738 0.000283843139550299 9.09422406948579e-05 7.0725981186115e-05 0.000238149190045078 0.000291505078348564 6.96841131684778e-05 4.49786096396565e-05 0.000193373566435184 4.69954622985824e-05 4.29070984409918e-05 0.000191067590640159 0.000204027305881027 0.0012970385607332 0.00645457790233195 0.00179797860328108 0.000941212187171914 0.00155507238232531 0.00274469956057146 0.00746190540958196 0.000845597652369179 0.000309174349240493 0.000234870610984217 0.00338506068801507 0.00327168680960312 0.00257430575729813 0.000309205659141298 0.0306741422042251 0.00120959977211896 0.000639986916212365 0.0071709371637553 0.0121668001404032 0.00159663194790483 0.00148059199273121
0.000412659096764401 7.69405231039855e-05 0.00028695657820208 0.000573795421223622 0.000198739885308896 0.000159237282059621 0.000117923014022381 0.000294090325405705 0.000168286323969369 0.0121821436332539 7.56820540573244e-05 4.53287695563631e-05 0.000122099103464279 0.000528126301651355 0.000131367906942614 0.000591110228924663 7.30555757399998e-05 9.00283900591603e-05 8.41288750962121e-05 4.89957161335042e-05 4.64065124560875e-05 4.49073894742469e-05 5.27819205899505e-05 0.000297245975889382 0.00140936583920848 0.00330303884111345 0.000778860996069852 4.87183815494063e-05 0.000182462435805064 0.00147108211531304 0.00201242195616942 0.000334006875345949 0.000252609212475363 0.00153252823511139 0.000220188383536879 0.000125979231233941 0.000642025648994604 0.00153868212364614 0.00228725913329981 0.00365841812454164 0.0105751903029159 0.00823192475363612 0.0195931295398623 0.00312217609607615 0.0108180350856856 0.00148871357669123
7.14935680662165e-05 0.000986559028388001 0.000125674282389809 0.000391713525459636 0.000186356565973256 0.000264966405120504 8.62953410432965e-05 0.000872206452913815 8.31189423479373e-05 0.000494317348784534 5.38295505521091e-05 4.687826085501e-05 4.8002356879806e-05 7.29804931324907e-05 0.000153373348803143 7.15285758133177e-05 4.60733582258399e-05 0.000102150018574321 6.12736457696883e-05 0.000110299602965824 7.86461696407059e-05 5.73693610476766e-05 7.13723525223031e-05 0.000725446561409626 0.00155349356064107 4.84095630781667e-05 7.66149390983628e-05 7.48293326068961e-05 4.31211043178337e-05 5.64025130415757e-05 6.17698897258379e-05 6.22419109276962e-05 4.92678232149046e-05 0.000205283797549782 4.03446899326809e-05 4.32257573720563e-05 0.000128456141555944 4.27207408847607e-05 5.89889601542382e-05 0.000308791485440452 6.31183754194353e-05 0.000239891612000065 0.00155222736357246 0.00536193604348227 0.140262795239687 0.00277329518576153
0.0913083206862211 0.0536771666258574 0.000520408037482412 0.0103528402745724 0.000357426439586561 0.000316793193997 0.000699030439864146 0.000880985199910356 0.00126072044513421 6.00604250848846e-05 4.79477668250183e-05 4.73478386084025e-05 9.25248153180291e-05 5.93960726519072e-05 4.66286310256692e-05 4.7405548275492e-05 4.76311259717477e-05 4.75393107990385e-05 5.37211520622805e-05 4.79944240396435e-05 0.000117105197205092 5.76940554537941e-05 0.00136657885159366 0.016218116460368 0.000493448317865841 4.48071447863185e-05 4.43602172708779e-05 4.52439051059628e-05 4.40009703197575e-05 0.000128177474834956 0.000123578139027813 4.64622055915242e-05 4.38990030943387e-05 4.38316548297735e-05 5.31200072600768e-05 4.22162732775178e-05 4.6433990451078e-05 4.08108722240286e-05 4.08831626828032e-05 6.76926796586486e-05 5.01718523082673e-05 3.7570029780909e-05 3.78835150513623e-05 4.94834028359037e-05 6.9246382554411e-05 0.000473316463467199
0.245884515345097 0.0146967309527099 0.00186542205919977 0.00044219217634236 6.90114914505102e-05 0.000114579999717535 6.83569300917952e-05 4.37806395666485e-05 0.000203570012308774 0.000261843594125821 6.47511988063343e-05 4.77929102999042e-05 4.73003858587617e-05 4.72016423827881e-05 5.12603820652657e-05 6.36803320958279e-05 0.000160847300867317 0.000122732991439989 7.22348389899707e-05 0.000125459449191112 9.44950239500031e-05 6.59749409351207e-05 0.0160521536832675 0.00388665511272848 0.000553143810248002 6.72936690534698e-05 6.84312703015166e-05 4.49626049430663e-05 4.46028532223863e-05 0.000136623853177298 0.000153526991925901 4.5226762904349e-05 4.52750869499141e-05 4.47934448857268e-05 4.4451132271206e-05 6.31006754701957e-05 7.11899149337114e-05 5.67694014534936e-05 4.13226118325838e-05 4.11410664128198e-05 4.12069548019645e-05 3.86351492579706e-05 3.79377028821182e-05 3.80623547698633e-05 3.72145399978763e-05 3.66324908327442e-05
0.000858539293403737 0.00409784400835633 0.000877757710986771 5.88141399475717e-05 0.00013153947693354 0.000123750801503775 0.00112247950164601 0.000212146011836012 4.93142120376433e-05 5.03980445046182e-05 5.80374529363326e-05 4.81129788113321e-05 4.7352051933558e-05 0.000141690268537786 4.81246246636147e-05 6.86423396473401e-05 8.34217291412642e-05 4.93834144435823e-05 7.52193438529503e-05 0.00019399404845899 0.0180350766051561 0.00466435037087649 0.00229173881234601 0.00182890135329217 7.37456437036599e-05 0.000453009996999754 7.31285717847641e-05 0.000358806789154187 0.000170848199923057 4.50798168458277e-05 4.61930215351458e-05 4.46673498117889e-05 4.54429705314396e-05 4.51377508397854e-05 4.46364582785463e-05 4.43276851910923e-05 4.35022379861039e-05 4.19633834781052e-05 0.000109965083538555 4.17636743350158e-05 4.1066309904636e-05 3.91929961097048e-05 3.87632011552341e-05 3.85459587960213e-05 3.86295350381261e-05 3.78009660607859e-05
0.00183451139018871 0.00186916046659462 0.000489408319117501 0.000272975442931056 0.000133353881210496 0.000132392471277853 7.45401804124413e-05 5.15245458700519e-05 4.93665717840486e-05 4.59233097899414e-05 4.90748236188665e-05 5.75033326185803e-05 5.41184428129782e-05 0.000190135908633238 6.48729599561193e-05 4.97747563258599e-05 5.0620327147044e-05 5.10839895468962e-05 0.000314251524105202 8.03632834504242e-05 0.000407434297085274 7.95241460764373e-05 0.000756995895062573 0.000726074710837565 6.25155892066687e-05 0.000259711031321785 0.001131018876913 0.000622148177353665 0.000140414874113048 5.77155685732578e-05 4.46170070517837e-05 4.56812969787279e-05 4.56891134945181e-05 4.70914108973375e-05 8.34957400456915e-05 0.000146316453674444 4.45998868599418e-05 8.05619471520913e-05 6.75159156344307e-05 7.20289086075354e-05 5.4921527089391e-05 6.85395875279937e-05 3.98895441776403e-05 3.9896024918562e-05 3.93895421439083e-05 3.90193233215541e-05
0.000377563153597293 0.0805902495980263 0.163571987301111 0.000101401503707166 5.23958450230566e-05 8.12079193565296e-05 5.08287455886602e-05 7.34320115952869e-05 6.61996283270128e-05 5.91136476941756e-05 5.85210635563271e-05 4.95227282954147e-05 6.95635650117765e-05 7.22214846973657e-05 0.000103876875073183 5.01361693295621e-05 5.02480768318492e-05 0.000105380880813755 0.000120088981202571 0.000106890910683433 0.00445490021957085 5.22694283972669e-05 7.20713046575838e-05 0.000112514580177958 6.56988551781978e-05 0.000156817643892282 0.000255175193888135 8.82525935594458e-05 4.61687513961806e-05 4.62694709312927e-05 0.000104384664700774 0.000209988083952339 4.62431931282481e-05 0.000431571001536213 9.12268937554472e-05 4.49370747901412e-05 0.000156131231233303 0.000101183716333253 6.14838500496262e-05 4.25801465553377e-05 7.16053820269735e-05 0.000118419253612956 4.0323076950699e-05 5.36598074631911e-05 3.96304627884092e-05 0.0245227709878236
0.000317878296482377 0.216751236468554 0.204703618586063 0.0149594924412668 5.40067914698739e-05 0.000158574176748516 0.000133886453113519 8.57520682984614e-05 5.00384865517844e-05 0.000114268737161183 0.000113790558134497 0.000307055890880292 4.96211403060443e-05 5.60939346996747e-05 7.82614341005683e-05 6.27033126875176e-05 5.0332121872998e-05 0.000112154849557555 0.000228345979121514 0.000161453388500377 8.22211345621326e-05 7.33526970634557e-05 6.17715215412318e-05 8.09133298389497e-05 6.43006409518421e-05 4.80583966236736e-05 7.86314951255918e-05 0.000832092369091697 0.000186767707054969 0.000882478323183022 0.000471282772195991 6.08082697453938e-05 6.86565508658532e-05 0.00013473809340212 8.77556525665568e-05 0.000141928563243709 0.000839226982498076 0.000111295373881148 5.25354790397614e-05 5.75796748080393e-05 4.57776885468775e-05 5.26930584783258e-05 5.6937478098007e-05 6.80713334759275e-05 6.19679396550055e-05 0.000862032428267412
