Scripts_&_data/Maxent_result_files_2/B_lapponicus_2.asc
NCOLS 594 
NROWS 330 
XLLCORNER -15 
YLLCORNER 23 
CELLSIZE 0.166666666666667 
NODATA_value -9999 
[rows 60 to 79 of 330, columns 264 to 307 of 594]
0.0398202985525131 0.058949089050293 0.0997137278318405 0.0839356184005737 0.0912300497293472 0.131256210803986 0.0514251589775085 0.036043856292963 0.0432588413357735 0.0498447924852371 0.102942472696304 0.0778922379016876 0.0630627423524857 0.04321059435606 0.0850554883480072 0.133461081981659 0.0150087974965572 0.072086963057518 0.108643794059753 0.0635642439126968 0.198669493198395 0.113954177498817 0.11021881327033 0.0221095774322748 0.142585891485214 0.0154632534831762 0.0468329891562462 0.0381434679031372 0.126564663648605 0.150246328115463 0.154574501514435 0.119078877568245 0.156153619289398 0.196219217777252 0.199844855070114 0.199999803304672 0.120448058843613 0.0114994371309876 0.00438313875347376 0.0314178541302681 0.036247681081295 0.00486895777285099 0.0209375351667404 0.0413521006703377
0.0601363122463226 0.103826504945755 0.0959482878446579 0.0905198305845261 0.128121197223663 0.0439677119255066 0.01805674508214 0.0165072649717331 0.0112747883424163 0.0432790577411652 0.0214326940476894 0.0511126577854156 0.0609453245997429 0.0444424688816071 0.031909567117691 0.13883507847786 0.0778510570526123 0.0705435216426849 0.0742032736539841 0.044163091480732 0.147642832994461 0.129099190235138 0.162045651674271 0.147963613271713 0.014834888651967 0.133600717782974 0.170731657743454 0.184267890453339 0.0868622452020645 0.168202614784241 0.192947840690613 0.092148831486702 0.113680469989777 0.181274724006653 0.199999886751175 0.174752503633499 0.159170192480087 0.14075323343277 0.0565826162695885 0.0901745021343231 0.0733207792043686 0.0158171962946653 0.095824721455574 0.0502530321478844
0.0738205760717392 0.105961495637894 0.111073386669159 0.102974778413773 0.0993963122367859 0.0637433350086212 0.0790184706449509 0.0358473807573318 0.0271230645477772 0.0242196604609489 0.0438444644212723 0.00471269134432077 0.0465240150690079 0.0144186578691006 0.0252935528755188 0.0054842121899128 0.120700524747372 0.0630550891160965 0.0604558259248733 0.0796984434127808 0.0778272867202759 0.120276349782944 0.0620489060878754 0.116237092018127 0.0219567820429802 0.00163594703190029 0.165174835920334 0.166081446409225 0.122895938158035 0.1845847427845 0.130793690681458 0.0864939838647842 0.0253453299403191 0.135886949300766 0.0422991514205933 0.033250817656517 0.0497329145669937 0.0464899063110352 0.0928433358669281 0.0392462089657784 0.074763959646225 0.0564983770251274 0.0587449952960014 0.0496808663010597
0.104830408096313 0.104288476705551 0.161565965414047 0.109363386034966 0.13719664812088 0.136504697799683 0.0481750831007957 0.101156082749367 0.0606585085391998 0.0194100901484489 0.0278625220060349 0.0296628877520561 0.0464322283864021 0.0816482156515121 0.0758168935775757 0.0202430613338947 0.0559443488717079 0.0298940017819405 0.0307192694395781 0.0130550026893616 0.0564671814441681 0.0430525183677673 0.0660200744867325 0.128476220369339 0.0548978567123413 0.0661698162555695 0.105067381262779 0.0466414704918861 0.0814351081848144 0.0764434605836868 0.0473462328314781 0.0192049734294415 0.122346585988998 0.0936976402997971 0.0672195956110954 0.0932913988828659 0.116617289185524 0.0633860394358635 0.123405861854553 0.0434919074177742 0.172060132026672 0.0363587394356728 0.0220470987260342 0.0062962694093585
0.10192976295948 0.0716302663087845 0.0707730561494827 0.0373997375369072 0.0099230669438839 0.10166032910347 0.0655506670475006 0.127520132064819 0.0266745038330555 0.107499760389328 0.0361039653420448 0.0564397841691971 0.0215244255959988 0.0954083263874054 0.0392643094062805 0.0189758412539959 0.00663987025618553 0.0341111227869988 0.0273592971265316 0.010588613152504 0.0063675694167614 0.00587539542466402 0.0297446697950363 0.0354779660701752 0.0627499297261238 0.085938048735261 0.0113497570157051 0.0471003293991089 0.0371952757239342 0.0815254122018814 0.0805363535881043 0.0224675565958023 0.0604455173015594 0.064208921790123 0.0685643285512924 0.0417310729622841 0.0697802260518074 0.0645475417375565 0.0970443904399872 0.0869771599769592 0.0561788246035576 0.0469936385750771 0.0217189978808165 0.0298207752406597
0.0122461304068565 0.101755023002625 0.0762636512517929 0.06274284273386 0.0198401965200901 0.0850079655647278 0.0633429616689682 0.0901255160570145 0.11036376953125 0.0427439004182816 0.0251636058092117 0.021337528526783 0.0301092721521854 0.0298896670341492 0.0665208399295807 0.0417342498898506 0.00486243339255452 0.00389745682477951 0.00464074453338981 0.00258660507388413 0.0114833241328597 -9999 0.102547833323479 0.0121306356042624 0.0396228015422821 0.0628855973482132 0.0684767127037048 0.0464325800538063 0.00454280022531748 0.00363308526575565 0.00773631883785129 0.00138897667638958 0.0132350906729698 0.0206744216382504 0.0724665433168411 0.0473784402012825 0.0185027714818716 0.0679781973361969 0.0352884292602539 0.0605635359883308 0.0836370199918747 0.0736328512430191 0.0339893475174904 0.0372387789189816
0.04644715487957 0.00744533985853195 0.0387973517179489 0.0298808917403221 0.0565460026264191 0.124764144420624 0.0690291941165924 0.0186394758522511 0.00251891822554171 0.00577822970226407 0.00898079555481672 0.00388189414516091 0.00738377086818218 0.018379519879818 0.00970103666186333 0.0103883516043425 0.010705001745373 0.00862931534647942 0.00608115158975124 0.0100108709186316 0.00771648539230227 -9999 -9999 -9999 0.0359104856848717 0.0353677958250046 0.0412558764219284 0.0114051345735788 0.0160785891115665 0.0114047907292843 0.00115008987486362 0.00266012558713555 0.0230515465140343 0.021629723906517 0.0660231918096542 0.0499888136982918 0.0235064916312695 0.0360640972852707 0.0114560294896364 0.0206692028790712 0.0278523273766041 0.0112202337011695 0.0714378535747528 0.0863570138812065
0.0362890601158142 0.0710597842931747 0.00402522357180715 0.0865412939339876 0.0658242911100388 0.0353057689964771 0.0024370439350605 0.00306706097908318 0.00156268824357539 0.00282941735349596 0.00216925675049424 0.000673595978878439 0.00331034949049354 0.00392321965191513 0.00315482164733112 0.00362527370452881 0.00546785732731223 0.00159296568017453 0.00177587792277336 0.0142499752342701 0.00857839966192842 0.0088301726616919 0.00745363049209118 -9999 -9999 -9999 0.172664940357209 -9999 -9999 0.0121189413592219 0.00900155394338071 0.00375902112573385 0.027365405857563 0.0223627626895905 0.0515412122011185 0.0585678890347481 0.0620194882154465 0.0444684565067291 0.00334941940382123 0.000593169109197333 0.00518712317571044 0.00188363613560796 0.0065158324316144 0.00279333298094571
0.017274783551693 0.0284452453255653 0.0201637096703053 0.0315348662436008 0.0179024808108807 0.0129203334450722 0.0147197641432285 0.0101736262440681 0.00785599406808615 0.00187975025219202 0.00250736987218261 0.0042934650555253 0.0103689581155777 0.00882687158882618 0.00359236299991608 0.00509991468861699 0.00664948849007487 0.00847964119166136 0.00457327524200082 0.00310322502627969 0.00357398060150445 0.000930336606688797 0.00628593191504478 0.00526129845529795 0.00926706288009882 -9999 -9999 -9999 -9999 -9999 -9999 -9999 -9999 0.0333633273839951 -9999 0.110945773124695 0.00879772566258907 0.0426363127306104 0.0470352560281754 0.00301269665360451 0.00586089566349983 0.00382735717575997 0.00277136927470565 0.00143812610767782
0.013923230394721 0.00654558017849922 0.016921491920948 0.0207667447626591 0.0156392939388752 0.00672590658068657 0.00612589400261641 0.00976469684392214 0.00524514866992831 0.00428703182842582 0.00240383374039084 0.00193810374476016 0.00247154533863068 0.0121144279837608 0.00629818513989449 0.00323997163213789 0.0118359362706542 0.0047047252766788 0.00456048152409494 0.00228014597669244 0.00136985629796982 0.00144868374336511 0.00746739078313112 0.00196242439560592 0.00208358452655375 0.004941640724428 0.00466486939694732 -9999 -9999 -9999 -9999 -9999 -9999 -9999 -9999 -9999 -9999 -9999 0.062539529800415 0.0267236761748791 0.0475332513451576 0.0360869526863098 0.00641712229698896 0.0193080686032772
0.0664103209972382 0.0256291918456554 0.0126021455973387 0.00754617005586624 0.007314607873559 0.0119781013578177 0.00431757885962725 0.0124062106013298 0.00508261248469353 0.00501446342095733 0.00231417613921394 0.00887583959847689 0.00665301084518433 0.00427824826911092 0.00343305775895715 0.00341953011229634 0.000576831237412989 0.00362972058355808 0.00234229071065784 0.0151911444962025 0.00863379035145044 0.00162185048684478 0.00943556670099497 0.00581527147442102 0.00241372857126407 0.00552068562246859 0.0020755157340318 0.00357497548684478 0.00737974345684052 -9999 -9999 -9999 -9999 -9999 -9999 -9999 -9999 -9999 -9999 -9999 -9999 -9999 -9999 -9999
0.0253471083939075 0.0368143320083618 0.056350713968277 0.0626119911670685 0.0133090723305941 0.0497478067874908 0.0211202263832092 0.014532969892025 0.011607363447547 0.0181869186460972 0.00181748623726889 0.0159294073469937 0.110440620966256 0.0127535533159971 0.00511981179006398 0.000878928997553885 0.00452843187376857 0.00308870179578662 0.004047641903162 0.00216972106136382 0.00998205132782459 0.00734798144549131 0.000736384140327573 0.0106440667062998 0.00800968091934919 0.00194374454440549 0.000641446933150291 0.00558359976857901 0.0188288383185863 0.0289350301027298 0.00605029142461717 0.0191668745130301 0.120367410778999 -9999 -9999 -9999 -9999 -9999 -9999 -9999 -9999 -9999 -9999 -9999
0.0495187312364578 0.0372301504015923 0.0177231602370739 0.0128958962857723 0.0211096532642841 0.00262296097353101 0.0181010536849499 0.044623327255249 0.0259515710175037 0.0149361476302147 0.0237079374492168 0.0199874714016914 0.00518707968294621 0.00584279363974929 0.00174329001456499 0.000159461639123037 0.00756193064153194 0.00215028235688806 0.0145066171884537 0.0202651269733906 0.0346723883412778 0.000222855916945264 0.000656074332073331 0.000182581767148804 0.000628994253929704 0.000227731635095552 0.000396283459849656 0.00430532190948725 0.0190818138420582 0.00986664071679115 0.0404646798968315 0.0312049277126789 0.00140524765010923 0.00212100008502603 -9999 -9999 -9999 -9999 -9999 -9999 -9999 -9999 -9999 -9999
0.0202415697276592 0.0577242821455002 0.0244580455124378 0.0196719914674759 0.0173326976597309 0.0490652829408646 0.0200048059225082 0.0299886517226696 0.0126134302467108 0.00939830504357815 0.0175911851227283 0.00106541658751667 0.00148215186782181 0.000732762645930052 0.000649210787378252 0.00516179986298084 0.00147734230849892 0.00977106867358088 0.00474114939570427 0.0330788232386112 0.00239464356563985 0.000239014148246497 0.000427110819146037 0.00471176877617836 0.00268034328473732 0.000768511253409088 0.0169611789286137 0.00123551720753312 0.00088361157104373 0.000586108863353729 0.0213012736290693 0.00745169632136822 0.000969009031541646 0.00111620365642011 0.0103543020028155 -9999 -9999 -9999 -9999 -9999 -9999 -9999 -9999 -9999
0.0287507575470954 0.022134810872376 0.0284994706511498 0.0124930161982775 0.0181332059204578 0.0182525672018528 0.0270455330610275 0.00157861977349967 0.0127130389213562 0.0081951167434454 0.00457205586135387 0.0322113670408726 0.0110086385160685 0.000248965487116948 0.000787707325071096 0.00102758090943098 0.0146249273791909 0.058219712972641 0.000127792402054183 0.00395817472599447 0.000815829634666443 0.000125125772319734 0.000283372687408701 0.000475597369950265 0.00101384553126991 0.0015823123510927 0.000441270985174924 0.000326171185588464 0.000324192788684741 0.0020538322860375 0.000382727885153145 0.000932983309030533 0.00204166546463966 0.00229471623897552 -9999 -9999 -9999 -9999 -9999 -9999 -9999 -9999 -9999 -9999
0.0195342540740967 0.0262186735868454 0.0124251279979944 0.020984110981226 0.0164908550679684 0.00238077314570546 0.00189334219321609 0.00436152219772339 0.00840862207114696 0.00209974972531199 0.000754670590686146 0.0100003149360418 0.00934954695403576 0.0103936739265919 0.00618282463401556 0.00059399229940027 0.000157255242811516 0.00063352813012898 0.000210234918631613 0.000580190288019367 0.00196441544685513 0.000369589700130746 0.00025251469342038 0.000502429841435514 0.00056508531270083 0.000348538946127519 0.000518694217316806 0.00036524350871332 0.000583012419519946 0.000889055919833481 0.00100816898047924 0.00138960997574031 0.000395379099063575 -9999 -9999 -9999 -9999 -9999 -9999 -9999 -9999 -9999 -9999 -9999
0.0439988881349564 0.00589585546404123 0.0248419694602489 0.0122433442622423 0.00366921592503786 0.00370407672598958 0.00743136387318373 0.00593743082135916 0.00292008407413959 0.00513858599588275 0.0083179110661149 0.00340458820282947 0.00695102931931615 0.0202492013573647 0.0083471579477191 0.00144789544865489 0.000228669703938067 0.000945938925724477 0.00401839362457395 0.000444420607527718 0.000608811597339809 0.000371886970242485 0.000158367861877196 0.00022411461250158 0.00023990111076273 0.000838383380323648 0.000647219610982575 0.00164201905718073 0.000361380726099014 0.00204590652137995 0.00163223968120292 0.00144424606114626 0.000457386521156877 -9999 -9999 -9999 -9999 -9999 -9999 -9999 -9999 -9999 -9999 -9999
0.0587336182594299 0.0192744873464108 0.00426361905410886 0.00960627980530262 0.000769416149705648 0.00692930482327938 0.00341573896002956 0.00263742046081461 0.00343891475349665 0.011848615668714 0.00683970749378204 0.0136980954557657 0.00734014846384525 0.000524714647326618 0.000546719715930521 0.00222006230615079 0.00283044949173927 0.00215392019599676 0.000347458483884111 0.00128870152548188 0.00066952605266124 0.000143652642145753 0.000572308991104364 0.0150412641465664 0.00810933597385883 0.000446014257613569 0.000767961353994906 0.000176071407622658 0.000968530937097967 0.000908993673510849 0.000993344269227237 0.000362559276982211 0.00148900500498712 0.00179618033580482 -9999 -9999 -9999 -9999 -9999 0.0110801871865988 0.0146714724600315 -9999 -9999 -9999
0.0134447421878576 0.0124633517116308 0.00411695204675198 0.00487868003547192 0.00883930958807468 0.00229726051911712 0.00690031750127673 0.00231511890888214 0.00688452925533056 0.00539013333618641 0.0133505387231708 0.0654463112354279 0.00134939542040229 0.013715885207057 0.00523800328373909 0.00288490215316415 0.00321508347988129 0.000330537662375718 0.000234828534303233 0.00158041242393665 0.000237434397786274 0.000124224954925012 0.000917754741385579 0.000396723847370595 0.00244392263703048 0.000226012500934303 0.000403175037354231 0.000644566072151065 0.000396230316255242 0.000248037750134245 0.000193270810996182 0.000278273079311475 0.000200753047829494 0.00148038282059133 0.000617972970940173 -9999 -9999 -9999 -9999 -9999 -9999 -9999 -9999 -9999
0.000317834015004337 0.00980896358378231 0.00363507717847824 0.00522222556173801 0.00338733326643705 0.00339316241443157 0.00788927618414164 0.00993643177789636 0.00814284794032574 0.0698579706251621 0.0126807426102459 0.063438529803534 0.00481386110186577 0.0977648928761482 0.00252061933279037 0.00158395860344172 0.00153973596170545 0.000452448194846511 0.00330314412713051 0.000325074784632307 0.000657676858827472 0.000425589165388374 0.00832936055958271 0.000478014908730984 0.000861401832662523 0.000568711175583303 0.000198178173741326 0.000941967079415917 0.0167327754199505 0.000880948403209913 0.00036236826563254 0.000880101742222905 0.00203279274282977 0.00038830999401398 0.0006395656731911 -9999 -9999 -9999 -9999 -9999 -9999 -9999 -9999 -9999
