Scripts_&_data/Maxent_result_files_2/B_lucorum_2.asc
NCOLS 594 
NROWS 330 
XLLCORNER -15 
YLLCORNER 23 
CELLSIZE 0.166666666666667 
NODATA_value -9999 
[rows 140 to 159 of 330, columns 46 to 91 of 594]
0.998261821269989 0.978934317827225 0.966607809066772 0.970999324321747 0.946836066246033 0.932418179512024 0.968266063928604 0.999998915195465 1 1 0.994508910179138 -9999 -9999 -9999 -9999 -9999 -9999 -9999 -9999 -9999 -9999 -9999 0.997290760278702 0.996417587995529 0.999856251478195 0.998438233137131 0.996975404024124 0.992761343717575 0.97688992023468 0.986678379774094 0.996634721755981 0.988899511098862 0.992286288738251 0.97414773106575 0.999999749660492 0.999304097890854 1 1 -9999 -9999 -9999 -9999 -9999 -9999 -9999 -9999
0.977962785959244 0.979378527402878 0.946750432252884 0.878380781412125 0.972897183895111 0.999638426303864 0.986743795871735 0.952345770597458 0.961291927099228 0.952805727720261 0.979778659343719 -9999 -9999 -9999 -9999 -9999 -9999 -9999 -9999 -9999 -9999 -9999 -9999 0.996903651952744 0.993894809484482 0.990627318620682 0.996495777368546 0.95723130106926 0.917861503362656 0.942525911331177 0.917894619703293 0.993288803100586 0.986537373065948 0.891552025079727 0.991240072250366 0.989154624938965 0.983731287717819 0.994427174329758 0.995278543233871 0.996956270933151 0.998735553026199 -9999 -9999 -9999 -9999 -9999
0.989726829528809 0.948539090156555 0.976987022161484 0.946758413314819 0.972704178094864 0.982915675640106 0.866364961862564 0.907797408103943 0.990347307920456 -9999 -9999 -9999 -9999 -9999 -9999 -9999 0.99848193526268 0.99987598657608 -9999 -9999 -9999 -9999 -9999 -9999 0.990129095315933 0.991793709993362 0.998701822757721 0.983634632825851 0.95407897233963 0.990059512853622 0.993807119131088 0.985529398918152 0.988442927598953 0.983237081766129 0.984376180171967 0.970345497131348 0.985109627246857 0.993172824382782 0.997915828227997 0.998309820890427 0.99963213801384 0.999968373775482 -9999 -9999 -9999 -9999
0.745085281133652 0.969824349880218 0.960450494289398 0.961342769861221 0.933601003885269 0.997038531303406 0.995896464586258 0.991673612594605 -9999 -9999 -9999 -9999 -9999 -9999 -9999 -9999 -9999 -9999 -9999 -9999 -9999 -9999 -9999 -9999 -9999 -9999 -9999 0.9999931037426 0.97903510928154 0.983132940530777 0.974341261386871 0.971783947944641 0.979539155960083 0.984227973222733 0.985141664743423 0.995317137241364 0.988767015933991 0.996586316823959 0.995268094539642 0.992024248838425 0.959033769369125 0.896082866191864 0.986949741840363 -9999 -9999 -9999
0.900798243284225 0.954751873016357 0.765789949893951 0.926072978973389 0.749094307422638 0.89480898976326 -9999 -9999 -9999 -9999 -9999 -9999 -9999 -9999 -9999 -9999 -9999 -9999 -9999 -9999 -9999 -9999 -9999 -9999 -9999 -9999 0.985353887081146 0.963075786828995 0.993640327453613 0.977378243207932 0.999248224496841 0.99259175658226 0.999771648645401 0.999999964237213 1 0.996470576524734 0.984130197763443 0.998453915119171 0.996256870031357 0.966800600290298 0.895316809415817 0.974104756116867 0.981715530157089 -9999 -9999 -9999
0.980590641498566 0.950116074085236 0.890469175577164 0.820733904838562 0.735890603065491 0.965142416954041 -9999 -9999 -9999 -9999 -9999 -9999 -9999 -9999 -9999 -9999 -9999 -9999 -9999 -9999 -9999 -9999 -9999 -9999 -9999 -9999 0.97082547545433 1 0.999999809265137 1 0.999999994039536 0.970758801698685 0.999999886751175 1 1 0.999999976158142 0.999638903141022 0.992851293087006 0.996239072084427 0.994343835115433 0.986195713281631 0.999920386075974 0.99551517367363 0.959806543588638 -9999 -9999
0.975902730226517 0.969003427028656 0.825125998258591 0.955206191539764 0.762585407495499 0.93657842874527 0.780433815717697 -9999 -9999 -9999 -9999 -9999 -9999 -9999 -9999 -9999 -9999 -9999 -9999 -9999 -9999 -9999 -9999 -9999 -9999 -9999 0.994523602724075 0.999994325637817 1 1 1 1 0.989545679092407 1 0.994265675544739 0.999940830469132 0.992804819345474 0.999956351518631 0.999616980552673 0.988683038949966 0.999990433454514 0.973123383522034 0.990963172912598 0.997269052267075 -9999 -9999
0.984309953451157 0.940594613552094 0.957215619087219 0.95412135720253 0.917575377225876 1 1 -9999 -9999 -9999 -9999 -9999 -9999 -9999 -9999 -9999 -9999 0.997598528862 -9999 -9999 -9999 -9999 -9999 -9999 -9999 1 1 1 1 0.999999588727951 1 1 0.996898138523102 0.995325303077698 0.99993622303009 1 0.999970901012421 0.990618252754211 0.98807287812233 0.995019018650055 0.881303387880325 0.982798963785172 0.992178595066071 0.931684255599976 0.962738466262817 -9999
0.974394357204437 0.974446028470993 0.984605586528778 0.99385701417923 0.98045466542244 1 1 -9999 -9999 -9999 -9999 -9999 -9999 -9999 -9999 -9999 -9999 0.907386600971222 0.961860406398773 0.999700808525085 0.999293398857117 0.996186655759811 0.997100275754929 0.943657350540161 0.996532011032105 0.999998450279236 1 0.99887073636055 0.999701029062271 0.98013351559639 0.967455905675888 0.99996862411499 0.98303114771843 0.96472287774086 0.969092166423798 1 0.996282464265823 0.999901300668716 0.971099823713303 0.891574645042419 0.999824583530426 0.968006044626236 0.989683109521866 0.840222948789597 0.950137227773666 0.854078197479248
0.953292459249496 0.853619694709778 0.922388607263565 0.891476768255234 0.981295543909073 0.998953914642334 0.992791390419006 0.999257642030716 -9999 -9999 -9999 -9999 -9999 -9999 -9999 -9999 -9999 -9999 0.99677152633667 0.993225318193436 0.998050564527512 0.995900255441666 0.996296632289887 0.978892439603806 0.957172131538391 0.999696898460388 0.980167496204376 0.934623771905899 0.941687351465225 0.998700219392777 1 0.999999994039536 0.98576807975769 0.955929678678513 0.989890164136887 0.99847686290741 0.999999940395355 0.999335384368896 0.97946235537529 0.998062360286713 0.879286223649979 0.889437448978424 0.973537701368332 0.974007034301758 0.898361831903458 0.935960763692856
0.95789715051651 0.929631954431534 0.812021052837372 0.764329940080643 0.960601562261581 0.995716947317123 0.972485971450806 0.985110133886337 -9999 -9999 -9999 -9999 -9999 -9999 -9999 -9999 0.99962140917778 0.991349071264267 0.997028410434723 0.996905261278152 0.998168849945068 0.999287241697311 0.999067378044128 0.995658856630325 0.99591977596283 0.96595806479454 0.873822784423828 0.926949942111969 0.890808683633804 0.942975956201553 0.997898697853088 0.999998289346695 0.991395330429077 0.923469108343124 0.997055548429489 0.999999666213989 0.999998414516449 0.999970424175262 0.974890637397766 0.986137199401856 0.968250638246536 0.87102113366127 0.869968390464783 0.960204923152924 0.96934751868248 -9999
0.926399254798889 0.954078185558319 0.643469220399857 0.803930240869522 0.944265139102936 0.96791650056839 0.959787255525589 -9999 -9999 -9999 -9999 -9999 -9999 -9999 -9999 -9999 -9999 -9999 -9999 0.999508684873581 0.999374312162399 0.994063377380371 0.999417722225189 0.992368072271347 0.94850742816925 0.86452357172966 0.90815178155899 0.9986572265625 0.997012519836426 0.998626959323883 0.918435919284821 0.999997270107269 0.99993360042572 0.997360628843307 0.997619372606277 0.999615234136581 0.999781137704849 0.997803139686585 0.972448140382767 0.988982975482941 0.980694788694382 0.983935505151749 0.948292922973633 0.957612317800522 0.948415678739548 0.917051428556442
0.884349554777145 0.923853915929794 0.955200916528702 0.970078146457672 0.664062857627869 0.787283819913864 0.980609601736069 -9999 -9999 -9999 -9999 -9999 -9999 -9999 -9999 -9999 -9999 -9999 -9999 0.990965443849564 0.995295077562332 0.993315410614014 0.986418563127518 0.95444039106369 0.948534208536148 0.899985295534134 0.954279273748398 0.853647774457931 0.976594460010529 0.99859447479248 0.965029448270798 1 1 0.999977856874466 0.997231090068817 0.98341423869133 0.995958703756332 0.999539959430695 0.969098949432373 0.993049472570419 0.986649411916733 0.854444169998169 0.986855101585388 0.864105415344238 0.944239568710327 0.919655305147171
0.914557504653931 0.936230856180191 0.904312235116959 0.735170793533325 0.760334879159927 0.789453583955765 -9999 -9999 -9999 -9999 -9999 -9999 -9999 -9999 -9999 -9999 -9999 -9999 -9999 0.994163554906845 0.987024223804474 0.998089194297791 0.992941045761108 0.990808415412903 0.977340614795685 0.978116166591644 0.912123566865921 0.942086321115494 0.859964603185654 0.957961988449097 0.99784117937088 1 1 0.999908858537674 0.997832518815994 0.994828915596008 0.986825913190842 0.879325753450394 0.975341564416885 0.972420591115952 0.992929762601852 0.830772179365158 0.969295299053192 0.967056679725647 0.948366034030914 0.946921795606613
0.908676564693451 0.958804559707642 0.722010672092438 0.979920071363449 0.928983110189438 0.884271711111069 -9999 -9999 -9999 -9999 -9999 -9999 -9999 -9999 -9999 -9999 -9999 -9999 0.999913060665131 0.938078612089157 0.992337387800217 0.997322517633438 0.979061859846115 0.969231510162354 0.989683902263641 0.980386358499527 0.905484193563461 0.944994992017746 0.860199725627899 0.845200502872467 0.981789737939835 0.874889093637466 0.996856719255447 0.948452359437942 0.968082898855209 0.959010797739029 0.994196134805679 0.863612145185471 0.99884090423584 0.987024873495102 0.961777317523956 0.835965240001678 0.969046747684479 0.960670977830887 0.921851605176926 0.751662456989288
-9999 -9999 -9999 -9999 -9999 -9999 -9999 -9999 -9999 -9999 -9999 -9999 -9999 -9999 -9999 0.994702112674713 0.848754990100861 0.937568652629852 0.960876601934433 0.986208444833755 0.990756720304489 0.998458844423294 0.979380744695663 0.976949340105057 0.9671346783638 0.901619231700897 0.927486175298691 0.988506138324738 0.985656952857971 0.952197992801666 0.92373338341713 0.912110644578934 0.946843719482422 0.819296419620514 0.846409910917282 0.946597570180893 0.936448526382446 0.964763778448105 0.831467169523239 0.99858620762825 0.987479692697525 0.977114391326904 0.938407188653946 0.89230889081955 0.771057659387589 0.88549616932869
-9999 -9999 -9999 -9999 -9999 -9999 -9999 -9999 -9999 -9999 -9999 -9999 -9999 0.901879352331161 0.89216468334198 0.72929065823555 0.727767926454544 0.886657625436783 0.977886688709259 0.965437573194504 0.949704092741013 0.984283459186554 0.978566688299179 0.925566804409027 0.93773580789566 0.934102058410645 0.863106632232666 0.86677143573761 0.976210248470306 0.987414944171906 0.983569037914276 0.997151094675064 0.857067096233368 0.781039988994598 0.96917417049408 0.961856627464294 0.809869176149368 0.916161793470383 0.908332991600037 0.956512361764908 0.975130873918533 0.985419791936874 0.997218149900436 0.920041459798813 0.905954909324646 0.968706804513931
-9999 -9999 -9999 -9999 -9999 -9999 -9999 -9999 -9999 -9999 -9999 -9999 -9999 0.990445244312286 0.943721783161163 0.850077670812607 0.990216952562332 0.712273114919662 0.980861395597458 0.998086076974869 0.987092614173889 0.998876696825027 0.998342245817184 0.999385547637939 0.859185409545898 0.995603966712952 0.925779163837433 0.979589027166367 0.972295826673508 0.884588664770126 0.975087940692902 0.972157508134842 0.967134952545166 0.950262731313705 0.927373903989792 0.968739426136017 0.982510149478912 0.93923522233963 0.905185008049011 0.993371570110321 0.989607518911362 0.999999690055847 0.999997532367706 0.999998950958252 0.999667316675186 0.929217094182968
-9999 -9999 -9999 -9999 -9999 -9999 -9999 -9999 -9999 -9999 -9999 -9999 -9999 -9999 -9999 -9999 -9999 -9999 -9999 0.998603534698486 -9999 0.99999994635582 0.99953721165657 0.981748712062836 1 0.999998819828033 0.999999970197678 0.999985826015472 0.999606412649155 0.934245449304581 0.90107444524765 0.894817751646042 0.979557138681412 0.950168734788895 0.733136922121048 0.712947219610214 0.806535375118256 0.940114325284958 0.955796563625336 0.99683655500412 0.969432550668716 0.999751001596451 1 0.999999606609345 0.997480654716492 0.999992197751999
-9999 -9999 -9999 -9999 -9999 -9999 -9999 -9999 -9999 -9999 -9999 -9999 -9999 -9999 -9999 -9999 -9999 -9999 -9999 -9999 -9999 -9999 -9999 0.984755271673203 1 -9999 -9999 0.995803147554398 1 0.999040538072586 0.906673914194107 0.887655979394913 0.702581518888474 0.939392596483231 0.889298230409622 0.96422678232193 0.983179599046707 0.984131920337677 0.997221940755844 0.967377460002899 0.969408178329468 1 0.998812818527222 0.999999052286148 1 0.936246091127396
