Scripts_&_data/Maxent_result_files_2/B_lucorum_2.asc
NCOLS 594 
NROWS 330 
XLLCORNER -15 
YLLCORNER 23 
CELLSIZE 0.166666666666667 
NODATA_value -9999 
[rows 60 to 79 of 330, columns 506 to 551 of 594]
0.0011502700363053 0.0011070068256231 0.00102082769735716 0.00103585026517976 0.000999899953603744 0.00104357040836476 0.000986662128707394 0.0010011779027991 0.000784823612775654 0.00118393357843161 0.000903809437295422 0.000919155613519251 0.000897204433567822 0.00105798791046254 0.00108601012616418 0.000663551373872906 0.000523384973348584 0.000500072546128649 0.000582575312000699 0.000544649735093117 0.000429312777123414 0.000461479571822565 0.000757579188211821 -9999 -9999 -9999 -9999 -9999 -9999 -9999 -9999 -9999 -9999 0.000458798566251062 0.000389210645516869 0.000312079320428893 0.000309534381813137 0.000228495186456712 0.000212592262687394 0.000195245211943984 0.000207102256536018 0.000226661120541394 0.000156709291331936 0.000144435821857769 0.000150424473395105 0.000140713476866949
0.00118747820961289 0.00116335452185012 0.00102306027838495 0.000951436124159955 0.000912547050393186 0.00102678192197345 0.000891784322448075 0.000798108501476236 0.000792142294812948 0.000768937033717521 0.000815876113483682 0.000916781843989156 0.000979628623463214 0.000900734722381458 0.000771040847757831 0.000562637210532557 0.000520667810633313 0.000493064425245393 0.000468478014227003 0.00044168319000164 0.000429791238275357 0.000707859839894809 0.0297579763457179 -9999 -9999 -9999 -9999 -9999 -9999 -9999 -9999 -9999 -9999 0.000413677717733663 0.000296577693370637 0.00026486687202123 0.000297591799608199 0.000247613595274743 0.000229444920114474 0.000189971697909641 0.000185887011321029 0.000176713310065679 0.000160141978631145 0.000152099918705062 0.000156375987353385 0.000218550300633069
0.0012667537026573 0.00105011176783592 0.000962652533780783 0.000938073350698687 0.000899622921133414 0.00118120546394493 0.0009053903457243 0.00109605169855058 0.000808901610434987 0.000797920027980581 0.000913967358064838 0.000986997442669235 0.000853792415000498 0.000761056516785175 0.000692996039288119 0.000790899936691858 0.000535846524871886 0.000495672691613436 0.000614781660260633 0.00900710080750287 -9999 -9999 -9999 -9999 -9999 -9999 -9999 -9999 -9999 -9999 -9999 0.00294640703359619 0.000369307247456163 0.000335471945436439 0.000323800831392873 0.000274577676464105 0.000261453150596935 0.000244270298571792 0.000237789664970478 0.000332319195149466 0.000251702911191387 0.000192729981063167 0.000188989983143983 0.000181520051410189 0.000179591523556155 0.000177988536233897
0.00107468883506954 0.00104229313728865 0.00105446640227456 0.000900712457951158 0.000860666751395911 0.000817513896618038 0.000862367224181071 0.00116801662079524 0.000996303782449104 0.000763737439410761 0.000947106248349883 0.000689568917732686 0.000779670893098228 0.000707563196192496 0.000573873105167877 0.000745862501207739 0.000598678943060804 0.000612126504711341 0.00921254567801952 -9999 -9999 -9999 -9999 -9999 -9999 -9999 -9999 -9999 -9999 0.000659279801766388 0.000450295883638319 0.000417161954101175 0.000392516635474749 0.000431435028440319 0.000404615196748637 0.000291752722114325 0.000260472735681105 0.00031283014031942 0.000286247856274713 0.000222937593207462 0.000253288343083113 0.000223953001113841 0.000258832355029881 0.000247659533488331 0.000197409983229591 0.000190393057346228
0.0010561821894953 0.00102251283533406 0.000918871999601834 0.000862533994950354 0.000845458518597297 0.000810728030046448 0.000783499039243907 0.000780996971298009 0.000852397701237351 0.000666892706067301 0.00067544070770964 0.000635110640723724 0.000598282027931418 0.000747839550604112 0.000563832081388682 0.000541362029616721 0.00151231828494929 -9999 -9999 -9999 -9999 -9999 -9999 -9999 -9999 -9999 -9999 -9999 0.000487334920035209 0.000451120935031213 0.000439128094876651 0.000409264881454874 0.000400289054960012 0.000348958325776039 0.000347720383433625 0.000332849806000013 0.000281490418274188 0.00034798983760993 0.00032416587418993 0.000247358818160137 0.000239309627795592 0.000309373129857704 0.000341602707339916 0.000309072906384245 0.000306202463252703 0.000289986715506529
0.000381942522653844 0.000429929728852585 0.000984189644805156 0.000774286617524922 0.000836734616314061 0.000773628556635231 0.000750506992335431 0.000716867196024396 0.000689541044994257 0.000659125419042539 0.000635030741977971 0.000617451911966782 0.000517955515533686 0.000593078800011426 0.000363019503129181 0.000495605004834943 -9999 -9999 -9999 -9999 -9999 -9999 -9999 -9999 -9999 -9999 -9999 -9999 0.000457685884612147 0.000450354530767072 0.000500534007733222 0.000491076834441628 0.000377267556905281 0.000364679071935825 0.000351830122963293 0.000424135489447508 0.000323770517570665 0.000303265166439815 0.000294852436491055 0.000308065600256668 0.000275085582688916 0.000341987667343346 0.000278880256519187 0.000276991233840818 0.000343728065490723 0.000358902857260546
0.000850355497095734 0.000963159007369541 0.000899919754010625 0.00117224710411392 0.000670660933246836 0.000885557592846453 0.000429363797593396 0.00067996853904333 0.00112938598613255 0.000353262944554444 0.000637841460411437 0.000870778647367842 0.000943691679276526 -9999 0.0288230760022998 -9999 -9999 -9999 -9999 -9999 -9999 -9999 -9999 -9999 -9999 -9999 0.00246851879637688 0.000478084747737739 0.000455751662957482 0.000448267011961434 0.000420588703127578 0.000491069220879581 0.000385313454899006 0.000395065483462531 0.000384279269201215 0.000369637066614814 0.00036116149276495 0.000334040850430029 0.0003227671062632 0.000314516170328716 0.000350597669603303 0.00030526438713423 0.000305184192257002 0.000294622156070545 0.000356230237230193 0.000365925941150635
0.00323672743979841 0.000997901987284422 0.000780939805554226 -9999 0.000754678921657614 0.000678442625212483 0.000761825707741082 0.000650271683116443 0.000387567715370096 0.000343732385954354 0.000362738815601915 0.00046843104501022 0.00104911658854689 -9999 -9999 -9999 -9999 -9999 -9999 -9999 -9999 -9999 -9999 0.0062622542027384 0.00062451925186906 0.000514667543757241 0.000475653297326062 0.000442445733642671 0.000422554298711475 0.000409303959168028 0.000416629402025137 0.000409483630210161 0.000404854395310394 0.000513649270578753 0.000509119420894422 0.000368450547102839 0.000355560479511041 0.000368992616131436 0.000427414572914131 0.000295644276047824 0.000415693249669857 0.000291473414836219 0.000285792362410575 0.000350610928580863 0.000353630381141556 0.000350138930662069
-9999 -9999 0.000760016811545938 0.000598260291735642 0.000656691926997155 -9999 0.00258009812096134 7.35909092327347e-05 0.000569702190114185 0.000589354039402679 0.0010578257672023 -9999 -9999 -9999 -9999 -9999 -9999 -9999 -9999 0.00787142501212656 0.00631027375347912 0.000544499466195703 0.000202790735056624 0.00049705575365806 0.000315364493872039 0.000473238865379244 0.000465216689917725 0.000444913483806886 0.000419730877911206 0.000420722532726359 0.00040031776734395 0.000383402268926147 0.000464135127549525 0.000372532653273083 0.000386266510759015 0.000378032408480067 0.000358159533789149 0.00033090930810431 0.000267129412532086 0.000302491726324661 0.000294538260641275 0.000272886897437274 0.000267494432773674 0.00038325820787577 0.00034803854796337 0.000312040375138167
0.00179572264896706 0.00227159319911152 0.000847986520966515 0.00197240386623889 -9999 -9999 -9999 -9999 -9999 -9999 -9999 -9999 -9999 -9999 -9999 -9999 -9999 -9999 0.00243343262700364 0.000574476231122389 0.000584432011237368 0.00054189810907701 0.0005010833585402 0.000518117441970389 0.000402817739814054 0.00046573440922657 0.000430544112168718 0.000474779034266248 0.000413516190019436 0.000388553134689573 0.000401353614870459 0.000434158164716791 0.000332445013918914 0.000334822756849462 0.000338414306315826 0.000365529782720841 0.000285122560308082 0.00036210704347468 0.000338930605357746 0.000334657068742672 0.000326693856186466 0.00033178186713485 0.000356975260365289 0.00042899342806777 0.000442295876564458 0.000367142131290166
0.00109758838661946 0.00101792951463722 0.000950806817854755 0.00127312285767402 0.00141827816260047 0.00124550460604951 0.000799690728308633 0.001309012924321 0.00104223543603439 0.00128882394637913 0.000804764204076491 0.000650386026245542 0.00043759235413745 0.000287363413372077 0.00205503227189183 -9999 -9999 0.00281210180837661 0.000727177949738689 0.000652251089923084 0.000408145313849673 0.000507234602991957 0.000518757157260552 0.000534840160980821 0.000507669182843529 0.000496975070564076 0.000676779577042907 0.000489067877060734 0.000394689248059876 0.000404371990589425 0.000417640472005587 0.000429483203333803 0.000359680563269649 0.000354626592888962 0.000387478053744417 0.000420951892738231 0.000392145483056083 0.000449684004706796 0.000515865048510023 0.000541246996726841 0.000409369415137917 0.000366636900434969 0.000356183234544005 0.000359110491990577 0.000387408542155754 0.000404341825924348
0.000844934635097161 0.000914676743559539 0.000978744321037084 0.000491649177274667 0.00064671099971747 0.000627366057597101 0.000725436231005006 0.000361071918450762 0.000637446762993932 0.000655005806765985 0.000763030504458584 0.000761449759011157 0.000743935236823745 0.000644611685129348 0.000418333771813195 0.000354650692315772 0.000342549281776883 0.000407338984950911 0.000565411421121098 0.000478576398745645 0.000856828276300803 0.000571301681338809 0.000812860392034054 0.000519391572743189 0.000483599411381874 0.000545511970994994 0.000473252804658841 0.000500045264197979 0.000508722607628442 0.000480538286501542 0.000477679567120504 0.000470749982923735 0.000453579926397651 0.000429558785981499 0.000339898268430261 0.000367004887812072 0.000411747937323526 0.000558094622101635 0.000441971313557588 0.000495576202229131 0.000383437285199761 0.00037948154786136 0.000458631804212928 0.000446164504683111 0.000700261222664267 0.00059964071115246
0.000505742710083723 0.000401391681225505 0.000515064285718836 0.000349935311533045 0.000651061578537337 0.000565036296029575 0.00124810689594597 0.00316506817471236 0.00153004293097183 0.00103236074501183 0.00131097866105847 0.00156503254547715 0.00133014323655516 0.00172204884584062 0.000799574781558476 0.00226229990366846 0.00148242544382811 0.00450952488463372 0.00720302937552333 0.00144569828989916 0.000674737214285415 0.000976639712462202 0.000529421927058138 0.000505077157868072 0.0005258672113996 0.000704018160467967 0.000515259694657289 0.000575781137740705 0.000473419846093748 0.000491609994787723 0.000460320705315098 0.000362084298831178 0.000358816747029778 0.000423622023663484 0.000444109986710828 0.000461642035224941 0.000479124909907114 0.000481194187887013 0.000472640625957865 0.00045350969012361 0.000430282502202317 0.000425668251409661 0.000427943411341403 0.000624671712284908 0.000440300488844514 0.000567205713014118
0.000828142435057089 0.000442235602531582 0.000570121356577147 0.001016506695305 0.000940445676678792 0.000800814130343497 0.000795977271627635 0.00101472604146693 0.00108952462323941 0.0010151312162634 0.000491127681743819 0.000705148457200266 0.000524556546588428 0.000732106977375224 0.000745554288732819 0.00120115330209956 0.000703938087099232 0.00178274728823453 0.00250889820745215 0.00747074647806585 0.000514293277228717 0.000264805746701313 0.000468175421701744 0.000275660699116997 0.000249641766276909 0.000514521727745887 0.000506050113472156 0.000432331794581842 0.00113458581909072 0.000495170436624903 0.000674787715252023 0.00044263968593441 0.000459210939879995 0.00045993155654287 0.000476325472118333 0.000515248700685333 0.000547365384409204 0.000513357449381147 0.000447864223679062 0.00039472694916185 0.000392631799331866 0.000405645150749478 0.000389781237754505 0.000421593856299296 0.000500438243034296 0.000521281603141688
0.000533686894050334 0.00083924146310892 0.000826705928193405 0.00073593573179096 0.000971061296877451 0.000825168428127654 0.000815534795401618 0.000907342621940188 0.00158414871548302 0.000673021901457105 0.000652483959856909 0.000744910820503719 0.000762222736375406 0.000459825570578687 0.00111104356183205 0.00050308552745264 0.000493868348712567 0.000762088081683032 0.00172520414344035 0.00116460543940775 0.00104234268073924 0.000442053936421871 0.000247440984094283 0.000246950233122334 0.000262000354996417 0.000983141758479178 0.00288172634318471 0.00111726647883188 0.000473761255852878 0.000417624901456293 0.000461572036147118 0.000496329939051066 0.000507642253069207 0.0005134569859365 0.000539158837636933 0.000541541850543581 0.000484746777510736 0.000440106558380648 0.000436562405957375 0.000427822516940068 0.000406458115321584 0.000386066700593801 0.000410055757674854 0.000390733440872282 0.000320389232365414 0.00100055687944405
0.000934424879960716 0.000468148315849248 0.00059096236655023 0.000841716988361441 0.000855406487244181 0.000845345910056494 0.00146516459644772 0.00201233200496063 0.0021248365752399 0.000831790361553431 0.00112025565176737 0.000835675746202469 0.000833658524788916 0.000831375844427384 0.00205390099436045 0.000738233991432935 0.000753975103725679 0.000774842881946824 0.000475554070726503 0.000689909362699836 0.00299839329672977 0.00215273895300925 0.000418796534358989 0.000486089839250781 0.00110865813330747 0.00258489017141983 0.000605868919228669 0.000558040244504809 0.000533882302988786 0.000643846488674171 0.000537084735697135 0.000582439605204854 0.000754076975863427 0.000512792622612324 0.000544151898066048 0.000516588185564615 0.000514159978774842 0.000416875856171828 0.000483113066002261 0.000577740215521771 0.000503607834980357 0.000645110692130402 0.000315812575718155 0.000556642505398486 0.000453317059145775 0.00058835719974013
0.000515725913282949 0.00153681094525382 0.00100374480825849 0.000585818791296333 0.00121678572904784 0.00235659879399464 0.00169178147916682 0.00132157865446061 0.0018586668651551 0.000781369989272207 0.000764424868975766 0.000762920669512823 0.000995928773772903 0.000939580315025523 0.0012177672033431 0.000899521334213205 0.000698224705411121 0.00151104920660146 0.00106584927416407 0.00136056382907555 0.00104098874726333 0.000996228234726004 0.00179755865829065 0.0011731204285752 0.0009641774056945 0.000852103307261132 0.00052282529650256 0.000882638955954462 0.000687581903184764 0.000912525187595747 0.00124628847115673 0.000593223975738511 0.000527561276976485 0.000439823725901078 0.000520855600188952 0.000543773829122074 0.000527465881896205 0.000458442216040567 0.000532858507358469 0.0011333976581227 0.00152567562181503 0.00126075076404959 0.00125692701549269 0.000824901310261339 0.000609863505815156 0.000462201617483515
0.00218064382206649 0.000571099408261944 0.000866580233559944 0.000756281777285039 0.000930676923599094 0.000725314897135831 0.000987743932637386 0.000939581976854242 0.000813566581928171 0.000899505967390724 0.000833655302994885 0.00146118207485415 0.00328846665797755 0.00290415439521894 0.00189918953692541 0.00192249413230456 0.00202663308591582 0.00115686653007288 0.000530652522866149 0.000818213893217035 0.000295011059643002 0.000450125672796275 0.000776427137316205 0.000322291612974368 0.000255367597128497 0.000389865614124574 0.0013053679082077 0.00146471999469213 0.0019925655273255 0.00101041462039575 0.000471180984459352 0.000510314799612388 0.000552483173669316 0.000209830663516186 0.00110722721437924 0.000815281723043881 0.000535952353675384 0.000487571310077328 0.000380627185222693 0.000447956485731993 0.00182968133594841 0.00279580893693492 0.00129403284518048 0.000648886870476417 0.00104766940930858 0.00126069070538506
0.000924774803570472 0.000707210789551027 0.00242476204875857 0.00193467056378722 0.00186543776653707 0.00179294639965519 0.00068912825663574 0.00061787108425051 0.00114635188947432 0.00217982524773106 0.00253009735606611 0.00152017379878089 0.00256498736562207 0.0005118537141243 0.000693527984549291 0.000895613266038708 0.000975528708659112 0.000699026753136423 0.0012174187169876 0.00123616192431655 0.00135707042645663 0.000996245536953211 0.000617648439947516 0.000309622605709592 0.000439446899690665 0.000596379357739352 0.00105693403747864 0.00085225838702172 0.000947973411530256 0.000566343186073937 0.00161610543145798 0.00196002889424562 0.00111864714999683 0.0011509672855027 0.00209877846646123 0.000492261139152106 0.000412656474509276 0.000600498875428457 0.000618550833314657 0.000593008623400237 0.000489041299442761 0.000466648185101803 0.000513413705630228 0.000728317740140483 0.00046146832901286 0.000290213494736236
0.000416581584431697 0.00108541412628256 0.00123455177817959 0.0012087109091226 0.00150808860198595 0.00235202836338431 0.00103818664210849 0.000972046714741737 0.00111278815893456 0.000970739879994653 0.00073948398057837 0.000881452462635934 0.000500484203803353 0.000482740686857142 0.000469203773536719 0.00143558683921583 0.00126226719585247 0.00164348305552267 0.0022952698986046 0.00433624389115721 0.000654101787949912 0.000861567084211856 0.000809187433333136 0.0006465962913353 0.00290967731270939 0.0012294567655772 0.000663277084822767 0.000298424420179799 0.000474741315701976 0.00041313681867905 0.000439123735122848 0.000561548020050395 0.000470704244798981 0.000393266562605277 0.000693748348567169 0.000419842293194961 0.000359046368976124 0.000356288462353405 0.000595262768911198 0.000577130411693361 0.000303616058226908 0.000508536807319615 0.000478418830607552 0.000541503741987981 0.000649613770656288 0.000943131773965433
