Scripts_&_data/Maxent_result_files_2/B_lucorum_2.asc
NCOLS 594 
NROWS 330 
XLLCORNER -15 
YLLCORNER 23 
CELLSIZE 0.166666666666667 
NODATA_value -9999 
[rows 60 to 79 of 330, columns 276 to 321 of 594]
0.571383714675903 0.527132752537727 0.418395766615868 0.455061164498329 0.424097076058388 0.434290242195129 0.475547873973846 0.56371376812458 0.136637772619724 0.19335904866457 0.237271253764629 0.0517409089952707 0.16594911813736 0.124576272070408 0.424046570062637 0.474958011507988 0.248807290196419 0.14133682847023 0.303326769173145 0.207511586695909 0.253374706208706 0.197287914156914 0.1898865647614 0.293578132987022 0.0939022544771433 0.0470689199864864 0.398295465111732 0.389272817969322 0.373270380496979 0.152703031897545 0.237114284932613 0.13226979970932 0.140815978497267 0.194007652997971 0.123376177996397 0.107716098427773 0.0922256723046303 0.119703382998705 0.132938201725483 0.267971888184547 0.154328818619251 0.206508174538612 0.154083652049303 0.163232219219208 0.186298330128193 0.294153143465519
0.323702082037926 0.372875887155533 0.293425107002258 0.415954676270485 0.446476709842682 0.351742625236511 0.235562609136105 0.506936794519424 0.269595989584923 0.54551257789135 0.674745506048202 0.178910785913467 0.0669744551181793 0.296610431373119 0.188747929036617 0.213329567015171 0.248038946092129 0.201507993042469 0.182758970558643 0.13954421505332 0.203313702344894 0.144050076603889 0.208141984045506 0.219129879772663 0.149735164642334 0.685384964942932 0.418172737956047 0.369313824176788 0.363913127779961 0.242630141973495 0.138102689385414 0.150097385793924 0.151449434459209 0.16494532674551 0.121296390891075 0.130213841050863 0.168025197833776 0.164591111987829 0.156484647095203 0.131136430799961 0.149208856374025 0.124767983704805 0.136572188138962 0.15577497780323 0.150337631255388 0.122339130938053
0.510865050554276 0.214437060058117 0.317407211661339 0.0884832408279181 0.129604499042034 0.0542971195653081 0.0556945903226733 0.128856236487627 0.181730462610722 0.131126523017883 0.0576613619923592 0.0831651609390974 0.0484283212572336 0.0782416917383671 0.785005664825439 0.449922713637352 0.539209634065628 0.292452228069305 0.46906464099884 0.156755363196135 0.0688095271587372 0.091845515742898 0.435157096385956 0.528576070070267 0.453780943155289 0.3158566147089 0.351983910799026 0.425178250670433 0.451462659239769 0.410162341594696 0.163385803997517 0.159266638755798 0.0770503181964159 0.333603495359421 0.264684362709522 0.246081408858299 0.126693351566792 0.132823760807514 0.147449634969234 0.135181874036789 0.1540323600173 0.134497615695 0.114348864555359 0.161051395535469 0.130235601961613 0.110990212857723
0.373205818235874 0.48513266146183 0.541833052039146 0.428393095731735 0.357419821619987 0.509673810005188 0.14957719296217 0.10429487042129 0.220428848266602 0.0580801550298929 0.407723033428192 0.304007755219936 0.224236181378365 0.318321028351784 0.34746685475111 0.373344995081425 0.324320405721664 0.31427187025547 0.325028097629547 0.429613646864891 0.308913625776768 0.469146180152893 0.357721331715584 0.462622511386871 0.445437785983086 0.405281981825829 0.384381943941116 0.22614102512598 0.13307149708271 0.296781754493713 0.185026049613953 0.117809978872538 0.220279464125633 0.126860243082047 0.132913889735937 0.172316750884056 0.383916792273521 0.139062502980232 0.0892223954200745 0.0974875286221504 0.133594705164433 0.268067678809166 0.100972894579172 0.0605948366224766 0.0661540485918522 0.0663590487092733
0.469462490081787 0.451275533437729 0.437085163593292 0.422293511033058 0.499140918254852 0.290000651776791 0.387001526355743 0.387088805437088 0.467157107591629 0.438012382388115 0.422167664766312 0.483053812384605 0.545802307128906 0.550506031513214 0.613457596302032 0.386688889563084 0.363567185401917 0.286054693162441 0.266139946877956 0.34931548833847 0.355961388349533 0.324564065039158 0.440943276882172 0.28505055308342 0.429869896173477 0.417798021435738 0.417727893590927 0.38863223195076 0.412439405918121 0.371973356604576 0.154108847677708 0.237341345846653 0.241618238389492 0.350271233916283 0.321705743670464 0.243998381495476 0.305142292380333 0.0445926148444414 0.163041935116053 0.199458442628384 0.362187138199806 0.283139155805111 0.284388509392738 0.10727798268199 0.0731935609132051 0.148088520020247
0.394267532229424 0.551598998904228 0.546562767028809 0.44675986468792 0.53500759601593 0.476689419150352 0.286255356669426 0.328711226582527 0.322714284062386 -9999 0.556790524721146 0.43355133831501 0.475987753272057 0.595121479034424 0.0426328089088202 0.221408554911613 0.334801298379898 0.295491303503513 0.0923521801829338 0.329224300384521 0.281403477489948 0.471839872002602 0.158549264073372 0.39620825201273 0.278891909122467 0.24705311357975 0.375418463349342 0.32352702319622 0.368337398767471 0.358974978327751 0.258018280565739 0.255249343812466 0.138872437179089 0.120474971085787 0.0912828668951988 0.165096764266491 0.443549537658691 0.333628046512604 0.238473224639893 0.164202563464642 0.235005182027817 0.213974671065807 0.31106721162796 0.19152564406395 0.227284173667431 0.44199683368206
0.321330262720585 0.105012821033597 0.403979113698006 0.511018207669258 0.273110823333263 0.47487485408783 0.144500889629126 0.370738568902016 0.359276905655861 -9999 -9999 -9999 0.561243107914925 0.537118080258369 0.437529727816582 0.29304077476263 0.335232251882553 0.372155675292015 0.122036127001047 0.153951148688793 0.308276790380478 0.330137300491333 0.372446957230568 0.235668091475964 0.0550566341727972 0.131241527944803 0.194524922966957 0.304884949326515 0.187581938505173 0.276932846009731 0.435795092582703 0.357050478458405 0.145589933544397 0.0693814981728792 0.115655941516161 0.09241092056036 0.137037802487612 0.0451617427170277 0.101781936734915 0.296020931005478 0.293676725029945 0.20907339155674 0.178897136449814 0.101515843719244 0.0716224852949381 0.0722111333161592
0.435135012865067 0.393379721045494 0.437173762917519 0.175280705094337 0.0914401292800903 0.0381282666698098 0.0398482915014029 0.122690429538488 0.362819075584412 0.399262610077858 0.537141060829163 -9999 -9999 -9999 0.425309410691261 -9999 -9999 0.598797804117203 0.362294653058052 0.477296218276024 0.329976332187653 0.34538009762764 0.331953832507134 0.332008169591427 0.229826489090919 0.125754844769835 0.137854781746864 0.0900651842355728 0.0845500156283379 0.167592079937458 0.185789142549038 0.140038058161736 0.0691672503948212 0.0671899199485779 0.0654074430465698 0.059746615588665 0.09575055539608 0.126337566971779 0.142721544206142 0.116331657767296 0.110310474783182 0.294393387436867 0.358123281598091 0.226067465543747 0.154673083871603 0.0962276473641396
0.0540006943047047 0.133859084546566 0.529941961169243 0.342183646559715 0.419689139723778 0.386287260055542 0.153709705173969 0.0368270009756088 0.253466141223907 0.188931374251843 0.312728363275528 0.296139398217201 0.348366758227348 -9999 -9999 -9999 -9999 -9999 -9999 -9999 -9999 0.56742684841156 -9999 0.182415651530027 0.303371503949165 0.580969375371933 0.461629316210747 0.20216228812933 0.0943145208060741 0.135674513876438 0.16946686655283 0.0921239860355854 0.0869120329618454 0.0765255309641361 0.068253455683589 0.0614675838500261 0.0636757839471102 0.113543406128883 0.0956962622702122 0.0381827795878053 0.0752190854400396 0.118983516097069 0.0930756092071533 0.0935778699815273 0.135048834979534 0.197421211004257
0.435173845291138 0.0947232183068991 0.172220311313868 0.394352644681931 0.245910300314426 0.268859711289406 0.232630890607834 0.147536005824804 0.3601183116436 0.209765908122063 0.29490085542202 0.43755401968956 0.170705556124449 0.377763399481773 0.371866473555565 -9999 -9999 -9999 -9999 -9999 -9999 -9999 -9999 -9999 -9999 -9999 0.230193614959717 0.169740179926157 0.249152088165283 0.438574340939522 0.318491142988205 0.180193543434143 0.174172374606132 0.340633282065392 0.409577041864395 0.490664327144623 0.494603231549263 0.286588652431965 0.206894290447235 0.119400972127914 0.199322594702244 0.116168373078108 0.121929164975882 0.0644593887031078 0.070392944663763 0.19575429558754
0.123993571847677 0.326114282011986 0.343560314178467 0.315836894512177 0.0425981907173991 0.0488151624798775 0.0335634239017963 0.343017283082008 0.308393847942352 0.389897537231445 0.276069031655788 0.300782969594002 0.422381517291069 0.335537034273148 0.220145358145237 0.170625752210617 0.329098972678184 -9999 -9999 -9999 -9999 -9999 -9999 -9999 -9999 -9999 -9999 -9999 -9999 -9999 -9999 -9999 -9999 -9999 -9999 -9999 0.450052437186241 0.17915264070034 0.274080948531628 0.575249457359314 0.27337651103735 0.36043054163456 0.157661417126656 0.180604621767998 0.20119035243988 0.158224961161613
0.102529180794954 0.106995784491301 0.450196471810341 0.307021218538284 0.138487629592419 0.39231051504612 0.364713561534882 0.35074750483036 0.285915783047676 0.285937125980854 0.234432528913021 0.277812342345715 0.43027925491333 0.181169930100441 0.175528627634048 0.285639426112175 0.469887825846672 0.286345683038235 0.503209853172302 0.47545200586319 0.272752225399017 -9999 -9999 -9999 -9999 -9999 -9999 -9999 -9999 -9999 -9999 -9999 -9999 -9999 -9999 -9999 -9999 -9999 -9999 -9999 -9999 0.427410118281841 0.150239711999893 0.215860359370708 0.399858918786049 0.373052549362183
0.0655178304761648 0.0609175331890583 0.518014034628868 0.204548107087612 0.18668585345149 0.150302422791719 0.452145022153854 0.277443653345108 0.239306512475014 0.181735691428185 0.0456276465207338 0.0324529087170959 0.122261037677526 0.253314538300037 0.186741857230663 0.247359958291054 0.39527413547039 0.299532574415207 0.546156325936317 0.523487389087677 0.197504027187824 0.311207926273346 -9999 -9999 -9999 -9999 -9999 -9999 -9999 -9999 -9999 -9999 -9999 -9999 -9999 -9999 -9999 -9999 -9999 -9999 -9999 -9999 -9999 -9999 -9999 -9999
0.190820617973804 0.150601465255022 0.324699065089226 0.0310766261070967 0.110138991475105 0.056829871982336 0.0474201828241348 0.0625443432480097 0.402429383993149 0.224803739786148 0.0667500954121351 0.0728924721479416 0.206108598411083 0.167621530592442 0.0700732905417681 0.0730019260197878 0.166760918498039 0.192674916982651 0.340894329547882 0.219051845371723 0.174635115265846 0.152493815124035 0.13350473716855 -9999 -9999 -9999 -9999 -9999 -9999 -9999 -9999 -9999 -9999 -9999 -9999 -9999 -9999 -9999 -9999 -9999 -9999 -9999 -9999 -9999 -9999 -9999
0.240733194351196 0.156931617856026 0.159588132798672 0.151217424869537 0.223608383536339 0.0593036748468876 0.0416895231232047 0.0561110500246286 0.134995099157095 0.297818902134895 0.21764889806509 0.121549294143915 0.128541865944862 0.145779238641262 0.183303679525852 0.142182675749063 0.171255026757717 0.157056944072247 0.196115119755268 0.167088298499584 0.0961074478924275 0.141200015693903 -9999 -9999 -9999 -9999 -9999 -9999 -9999 -9999 -9999 -9999 -9999 -9999 -9999 -9999 -9999 -9999 -9999 -9999 -9999 -9999 -9999 -9999 -9999 -9999
0.236776295304298 0.323029011487961 0.271290351450443 0.120118397474289 0.157550932466984 0.109586706757545 0.227740126848221 0.265209883451462 0.0666608989238739 0.083722535520792 0.164517849683762 0.0980175025761127 0.278613503277302 0.112599977105856 0.112971825152636 0.11337181404233 0.101865085214376 0.110657076537609 0.133950884640217 0.146563198417425 0.116835108399391 -9999 -9999 -9999 -9999 -9999 -9999 -9999 -9999 -9999 -9999 -9999 -9999 -9999 -9999 -9999 -9999 -9999 -9999 -9999 -9999 -9999 -9999 -9999 -9999 -9999
0.32148744314909 0.180654215812683 0.327400544285774 0.244516311585903 0.179929150640965 0.0872642241418362 0.224105675518513 0.164958310127258 0.165702939033508 0.169195699691772 0.226661518216133 0.242597518861294 0.190504257380962 0.108919832855463 0.0991426154971123 0.213352783024311 0.209390445053577 0.106428378820419 0.120962973684072 0.101152079552412 0.185904914140701 -9999 -9999 -9999 -9999 -9999 -9999 -9999 -9999 -9999 -9999 -9999 -9999 -9999 -9999 -9999 -9999 -9999 -9999 -9999 -9999 -9999 -9999 -9999 -9999 -9999
0.162330586463213 0.0608267322182655 0.0677748523652554 0.0359690271317959 0.462925469875336 0.202688176929951 0.143999314308167 0.111109741032124 0.12836255505681 0.158410429954529 0.125008006393909 0.404617848992348 0.390914309024811 0.141219650954008 0.154019135981798 0.172676111757755 0.143959065526724 0.128083688020706 0.121784179657698 0.110449981689453 0.0857758142054081 0.119559174031019 -9999 -9999 -9999 -9999 -9999 0.502955520153046 0.461155578494072 -9999 -9999 -9999 -9999 -9999 -9999 0.355411252379417 0.436340871453285 0.31369162350893 0.311379493772984 -9999 -9999 -9999 -9999 -9999 -9999 -9999
0.219236116111279 0.363508975505829 0.547681346535683 0.306614296138287 0.0598674211651087 0.0785381514579058 0.203525432944298 0.0874842971563339 0.0657561179250479 0.144236250221729 0.0848969489336014 0.145087711513042 0.109091870486736 0.17091439217329 0.15995871424675 0.131826512515545 0.184250985085964 0.251805068552494 0.281596823036671 0.258978050947189 0.133594132214785 0.142061402648687 0.261871573328972 -9999 -9999 -9999 -9999 -9999 -9999 -9999 -9999 -9999 -9999 -9999 0.273283486068249 0.242522841691971 0.220028705894947 0.174214689433575 0.309964357316494 0.231243360042572 0.265722519159317 -9999 -9999 -9999 -9999 -9999
0.344366744160652 0.229026435315609 0.129213083535433 0.0944719724357128 0.115404263138771 0.152002018690109 0.131501882523298 0.10993410050869 0.0589160829782486 0.101690814644098 0.220033659040928 0.138051755726337 0.122004395723343 0.182744607329369 0.11344752907753 0.0797182898968458 0.332414567470551 0.2478595495224 0.212175326049328 0.198980444669724 0.137781094759703 0.100778359174728 0.0875140756368637 -9999 -9999 -9999 -9999 -9999 -9999 -9999 -9999 -9999 -9999 0.26311889141798 0.303684145212173 0.186534556746483 0.2621222615242 0.261753880977631 0.461939531564713 0.268711000680923 0.166956833004951 0.164552983641624 0.382058128714561 0.141260592639446 0.236879456043243 0.204874403774738
