Scripts_&_data/Maxent_result_files_2/B_lucorum_2.asc
NCOLS 594 
NROWS 330 
XLLCORNER -15 
YLLCORNER 23 
CELLSIZE 0.166666666666667 
NODATA_value -9999 
[rows 80 to 99 of 330, columns 138 to 183 of 594]
-9999 -9999 -9999 -9999 -9999 -9999 -9999 -9999 -9999 -9999 -9999 -9999 -9999 -9999 -9999 -9999 -9999 -9999 0.997782468795776 0.953626662492752 0.864319103956223 0.719036591053009 0.752806532382965 0.504878607392311 0.686226081848144 0.860615402460098 0.894953745603561 0.845698040723801 0.698675590753555 0.575289580225945 0.533272698521614 0.610019129514694 0.610852688550949 0.740359848737717 0.768194442987442 0.409773042798042 0.5043417096138 0.821203410625458 0.459154692292213 0.632615977525711 0.849305337667465 0.840315121412277 0.687204205989838 0.822833532094955 0.742541509866715 0.736456519365311
-9999 -9999 -9999 -9999 -9999 -9999 -9999 -9999 -9999 -9999 -9999 -9999 -9999 -9999 -9999 -9999 0.94509185552597 0.930812758207321 0.895210087299347 0.793783164024353 0.742669355869293 0.801799607276916 0.853935372829437 0.871972501277924 0.72058522105217 0.761322152614593 0.870800387859344 0.812859624624252 0.762209236621857 0.603362163901329 0.590539824962616 0.565731170773506 0.802618950605392 0.76619068980217 0.680358028411865 0.95877058506012 0.917440980672836 0.789965552091598 0.922531270980835 0.876799839735031 0.908172506093979 0.919716858863831 0.861705148220062 0.818095761537552 0.852468287944794 0.854548400640488
-9999 -9999 -9999 -9999 -9999 -9999 -9999 -9999 -9999 -9999 -9999 -9999 -9999 -9999 0.989551621675491 0.900773990154266 0.730292004346847 0.55296001136303 0.662082177400589 0.814604610204697 0.875191831588745 0.870267742872238 0.788821560144424 0.456335467100143 0.389229443669319 0.590219938755035 0.88823601603508 0.866964966058731 0.559075060486794 0.465452790260315 0.545566061139107 0.520018139481545 0.524774903059006 0.799067622423172 0.980423378944397 0.8198910176754 0.654635047912598 0.545181253552437 0.770900964736938 0.885960686206818 0.909231221675873 0.82749028801918 0.771529543399811 0.784977596998215 0.92358620762825 0.795900493860245
-9999 -9999 -9999 -9999 -9999 -9999 -9999 -9999 -9999 -9999 -9999 -9999 0.998806691169739 0.927280706167221 0.737427204847336 0.556907731294632 0.308067974448204 0.424817717075348 0.718914932012558 0.778755450248718 0.743092435598373 0.805903935432434 0.773089736700058 0.710021823644638 0.760521757602692 0.682670480012894 0.80440149307251 0.611005145311356 0.678237372636795 0.455036246776581 0.49084056019783 0.610798966884613 0.637789076566696 0.703454250097275 0.868949013948441 0.925397253036499 0.808005887269974 0.934833210706711 0.783214622735977 0.74119787812233 0.866328495740891 0.875028246641159 0.925041955709457 0.97466202378273 0.887999492883682 0.802945721149445
-9999 -9999 -9999 -9999 -9999 -9999 -9999 -9999 -9999 -9999 -9999 -9999 0.989003378152847 0.950015693902969 0.788550007343292 0.617289930582047 0.593781566619873 0.675195395946503 -9999 0.961403423547745 0.721491432189941 0.736134940385819 0.770293205976486 0.830834341049194 0.885161882638931 0.605676162242889 0.537289530038834 0.509779322147369 0.524963477253914 0.1690574452281 0.619327354431152 0.598388463258743 0.570077961683273 0.611213344335556 0.608201795816422 0.869775050878525 0.893253922462463 0.717147046327591 0.887714678049088 0.905386006832123 0.85160528421402 0.89048827290535 0.9512222468853 0.930568295717239 0.563555943965912 0.777425873279572
-9999 -9999 -9999 -9999 0.9930211186409 -9999 -9999 -9999 -9999 -9999 0.980896580219269 0.98330460190773 0.971452850103378 0.916440564393997 0.703840327262878 0.743607604503632 0.841704124212265 0.945399385690689 -9999 0.941134989261627 0.815560734272003 0.732579219341278 0.788116437196732 0.819925290346146 0.804071950912476 0.792680722475052 0.626818919181824 0.54496041238308 0.728070712089539 0.290061359107494 0.335650712251663 0.94235622882843 0.807231175899506 0.88979509472847 0.945557254552841 0.982308858633041 0.83570391535759 0.942713361978531 0.965751594305038 0.876629143953323 0.911092376708984 0.892960602045059 0.791907185316086 0.871786111593246 0.765113067626953 0.543755066394806
-9999 -9999 -9999 0.999244582653046 0.993370985984802 0.988688844442368 0.993201303482056 -9999 -9999 0.997737854719162 0.977252179384232 0.997985112667084 0.986630082130432 0.995832175016403 -9999 -9999 -9999 0.864706438779831 0.829310536384583 0.864928948879242 0.84693990945816 0.605037015676498 0.493018814921379 0.32238182425499 0.727745163440704 0.620951879024506 0.557732394337654 0.278825834393501 0.311496895551682 0.220686288177967 0.335579571127892 0.913529771566391 0.982920795679092 0.984403473138809 0.902560144662857 0.906424021720886 0.950892579555511 0.954317420721054 0.93578724861145 0.919541120529175 0.856570863723755 0.857508111000061 0.864367067813873 0.676676332950592 0.508354672789574 0.408787515759468
0.952746874094009 -9999 -9999 0.994373089075088 0.998164010047913 0.999178445339203 0.998723888397217 0.992427718639374 0.990002810955048 0.972096931934357 0.969426852464676 0.987155067920685 -9999 0.998245704174042 1 0.997148990631104 0.928299897909164 0.916458833217621 0.810866332054138 0.747392171621323 0.79064604640007 0.663536167144775 0.909569406509399 0.692559921741486 0.593174868822098 0.557507866621017 0.672321772575378 0.889833498001099 0.85979425907135 0.792102283239365 0.705063456296921 0.847187554836273 0.976892310380936 0.958449876308441 0.963206207752228 0.954078751802445 0.79534627199173 0.709024769067764 0.83242706656456 0.766941410303116 0.778766453266144 0.686878472566605 0.833626240491867 0.700168234109878 0.594584429264069 0.489473709464073
-9999 -9999 0.996627616882324 0.998552274703979 0.991509813070297 0.989816731214523 0.992360442876816 0.928311794996262 0.661944186687469 0.732510232925415 0.865310180187225 0.92925409078598 0.92013646364212 0.78982572555542 0.795033037662506 0.864984399080276 0.635806429386139 0.570924165844917 0.73770415186882 0.917284005880356 0.572014924883842 0.590698337554932 0.664762556552887 0.824364417791367 0.539353519678116 0.691477090120316 0.869837754964829 0.335587133467197 0.791162914037704 0.725720798969269 0.826663267612457 0.957608389854431 0.838204997777939 0.89934201836586 0.889718508720398 0.859832721948624 0.569523206353188 0.466514417529106 0.605035498738289 0.952804559469223 0.833043467998505 0.727848732471466 0.735930395126343 0.629496514797211 0.484297171235085 0.576233637332916
0.997318089008331 0.986089158058167 0.993012934923172 0.996648502349853 0.948737120628357 0.813787597417831 0.724768674373627 0.655216854810715 0.776451003551483 0.8499571621418 0.82515641450882 0.758942884206772 0.784508907794952 0.788737154006958 0.733205270767212 0.629049551486969 0.459484606981277 0.765707367658615 0.831571477651596 0.824458926916122 0.753281593322754 0.810461360216141 0.657188391685486 0.563971123099327 0.578483980894089 0.574069344997406 0.442477443814278 0.569719153642654 0.692160326242447 0.838475430011749 0.698329740762711 0.599859881401062 0.665888446569443 0.797479140758514 0.588806444406509 0.878899246454239 0.547957307100296 0.563181695342064 0.507460162043571 0.717622113227844 0.799833136796951 0.623224920034409 0.70599165558815 0.662122267484665 0.555483081936836 0.491264107823372
0.99651146531105 0.997036302089691 -9999 0.989417868852615 0.870091503858566 0.736025243997574 0.676395243406296 0.589734905958176 0.617777252197266 0.687304770946503 0.751199853420258 0.735306441783905 0.863278073072433 0.92561474442482 0.95595144033432 0.864692157506943 0.898110085725784 0.745597815513611 0.919632321596146 0.85656191110611 0.512253278493881 0.549858427047729 0.580958515405655 0.552759367227554 0.534610030055046 0.566267538070679 0.568894544243813 0.465142112970352 0.715500551462174 0.545099341869354 0.675809669494629 0.886282235383987 0.830457192659378 0.808592736721039 0.798374950885773 0.924506717920303 0.637042099237442 0.526916399598122 0.397847765684128 0.536392202973366 0.730171251296997 0.780158394575119 0.769892418384552 0.660066306591034 0.5275400608778 0.642885261774063
0.996466761827469 0.449299177527428 0.969850879907608 0.534189319610596 0.343175286054611 0.699013042449951 0.574206483364105 0.594069123268127 0.628169786930084 0.618232119083405 0.781475180387497 0.753610527515411 0.885094404220581 0.614450740814209 0.622050094604492 0.614695918560028 0.544112008810043 0.577749001979828 0.562147772312164 0.580752593278885 0.573529559373856 0.52465073466301 0.693651896715164 0.713782751560211 0.543449774384499 0.589572763442993 0.442818579077721 0.432495826482773 0.67544367313385 0.617833858728409 0.669771260023117 0.78725261092186 0.780281460285187 0.73858408331871 0.766296172142029 0.384273701906204 0.50106095969677 0.376637300848961 0.75591978430748 0.717494964599609 0.850362491607666 0.756861859560013 0.751340234279633 0.699110543727875 0.747135812044144 0.658966493606567
0.396157267689705 0.481823322176933 0.190357886254787 0.252192176878452 0.794808959960937 0.732894688844681 0.756403082609177 0.701642060279846 0.676464712619781 0.83135307431221 0.748447048664093 0.771095758676529 0.615604496002197 0.622836291790009 0.685982775688171 0.590133088827133 0.583030843734741 0.63290787935257 0.809290754795075 0.847267407178879 0.821082717180252 0.65330992937088 0.819517815113068 0.786479884386063 0.551269173622131 0.487164682149887 0.651135617494583 0.585601681470871 0.573010712862015 0.760262048244476 0.624661517143249 0.771788787841797 0.801651525497437 0.702758407592773 0.659093570709228 0.747567474842072 0.817936760187149 0.77020828127861 0.668460988998413 0.710431790351868 0.675466066598892 0.703974801301956 0.707194375991821 0.816386598348618 0.564394611120224 0.527937197685242
0.678228235244751 0.735995483398437 0.493884831666946 0.466379326581955 0.484544864296913 0.391371890902519 0.51832791864872 0.131657426059246 0.5089509755373 0.749836802482605 0.539271968603134 0.571912476420403 0.554926085472107 0.422664573788643 0.365978989005089 0.690868145227432 0.748895871639252 0.9228939473629 0.912321227788925 0.65133661031723 0.573841962218285 0.54942923784256 0.597533297538757 0.716647720336914 0.854652827978134 0.495073938369751 0.620582175254822 0.757383322715759 0.610842746496201 0.897776991128922 0.4683385014534 0.517301851511002 0.35930937230587 0.265159724652767 0.489108347892761 0.566255497932434 0.782560527324677 0.82078372836113 0.672012209892273 0.662620639801025 0.764098536968231 0.616619211435318 0.682489895820618 0.664248156547546 0.715942895412445 0.546389257907867
0.552135533094406 0.418297782540321 0.49145690202713 0.500337561964989 0.582744997739792 0.586578744649887 0.454238197207451 0.597307479381561 0.561510142683983 0.631567478179932 0.718449264764786 0.514577546715736 0.57462385892868 0.540474343299866 0.585559886693954 0.586733496189117 0.808895188570023 0.716298997402191 0.536572697758675 0.469654703140259 0.556911489367485 0.596346414089203 0.743936216831207 0.722447109222412 0.65459508895874 0.477231928706169 0.598243933916092 0.573416215181351 0.368101927638054 0.740171372890472 0.560186097025871 0.606715244054794 0.875502973794937 0.682077568769455 0.442909127473831 0.414756059646606 0.146719990670681 0.467310065031052 0.566534501314163 0.55718759894371 0.615865230560303 0.532295796275139 0.711339777708054 0.520255708694458 0.630895739793777 0.49561675786972
0.432776764035225 0.49697525203228 0.488610455393791 0.628983038663864 0.732166302204132 0.632610696554184 0.71063215136528 0.657011008262634 0.514755767583847 0.458595180511475 0.379897627234459 0.384343212842941 0.378850480914116 0.387775909900665 0.417798668146133 0.466595467925072 0.685873466730118 0.489535218477249 0.634866106510162 0.544779974222183 0.497219026088715 0.615077698230743 0.645352590084076 0.678258657455444 0.851854032278061 0.752918183803558 0.643119603395462 0.398961487412453 0.70849900841713 0.79298825263977 0.825899702310562 0.529283359646797 0.830571234226227 0.67771971821785 0.550509560108185 0.455759760737419 0.326149618625641 0.699293738603592 0.441466596722603 0.352448371052742 0.464766252040863 0.509309121966362 0.577722772955894 0.595371252298355 0.504856619238853 0.66479395031929
0.607576096057892 0.553492906689644 0.535063138604164 0.624393928050995 0.671137303113937 0.608506941795349 0.723709565401077 0.735363292694092 0.651047837734222 0.397202372550964 0.427616062760353 0.435158684849739 0.47616171836853 0.369234111905098 0.420738753676415 0.34523800611496 0.30178148150444 0.586705273389816 0.756179696321487 0.44073303937912 0.460478529334068 0.335614168643951 0.394458696246147 0.65605560541153 0.750893950462341 0.695941463112831 0.75208278298378 0.279879119992256 0.588286781311035 0.833773022890091 0.851925724744797 0.654225462675095 0.482053482532501 0.540209740400314 0.530301666259766 0.497760745882988 0.398722404241562 0.513725352287292 0.563825878500938 0.577563297748566 0.508945205807686 0.511075413227081 0.46676764190197 0.536661595106125 0.730796217918396 0.643976759910583
0.348064932227135 0.345211654901505 0.620066583156586 0.635367524623871 0.569104862213135 0.828185278177261 0.994471120834351 0.785922980308533 0.736139100790024 0.70430873632431 0.562377002835274 0.409022402763367 0.498760116100311 0.38890338242054 0.479383185505867 0.634293925762176 0.632338362932205 0.844875872135162 0.75396494269371 0.679085075855255 0.722791588306427 0.618233746290207 0.841197693347931 0.561598974466324 0.466940549015999 0.595563048124313 0.628808146715164 0.522210136055946 0.577162203192711 0.353264698386192 0.292041009664536 0.684182888269424 0.417169123888016 0.42657330930233 0.607170104980469 0.524831116199493 0.517852091789246 0.315678229928017 0.395777851343155 0.649491584300995 0.612303614616394 0.769191300868988 0.572333759069443 0.704061019420624 0.516318118572235 0.60327861905098
0.339816921949387 0.367023995518684 0.311671674251556 0.350071188807487 0.469516238570213 0.473321866989136 0.641362482309341 0.9731569647789 0.665493327379227 0.720662635564804 0.868991887569427 0.853571557998657 0.896404367685318 0.851050680875778 0.604026252031326 0.513959205150604 0.518216115236282 0.542564851045608 0.722199177742004 0.748124086856842 0.806438833475113 0.597643429040909 0.620851016044617 0.537882345914841 0.618825310468674 0.530482462048531 0.460274785757065 0.395065143704414 0.590627300739288 0.650147968530655 0.383014312386513 0.596798020601273 0.531266891956329 0.526249837875366 0.499457269906998 0.556815561652183 0.61195615530014 0.475661489367485 0.465254470705986 0.641340172290802 0.695682597160339 0.655214703083038 0.643774878978729 0.653467762470245 0.414004418253899 0.518716177344322
0.335199582576752 0.316102719306946 0.488853096961975 0.317115271091461 0.475176808238029 0.490319555997848 0.437811264395714 0.67134553194046 0.769016033411026 0.637756741046905 0.899603182077408 0.720667451620102 0.833017420768738 0.929975265264511 0.880271536111832 0.75776526927948 0.628849244117737 0.629992091655731 0.648605439066887 0.758157235383987 0.726726591587067 0.666655415296555 0.798565691709518 0.83317237496376 0.484398490190506 0.454960709810257 0.844902175664902 0.54214480817318 0.605530858039856 0.781838947534561 0.423734074831009 0.672667968273163 0.400217548012733 0.428256070613861 0.430031937360764 0.726879495382309 0.541675496101379 0.361638197302818 0.449184581637383 0.722264790534973 0.60212487578392 0.548797261714935 0.625815123319626 0.600592902302742 0.652356526255608 0.684419929981232
