Scripts_&_data/Maxent_result_files_2/B_melanurus_2.asc
NCOLS 594 
NROWS 330 
XLLCORNER -15 
YLLCORNER 23 
CELLSIZE 0.166666666666667 
NODATA_value -9999 
[rows 260 to 279 of 330, columns 90 to 134 of 594]
5.98883720392962e-11 4.37101022043862e-11 6.43058939431285e-11 4.19002832430238e-11 1.77241443743981e-11 8.36424263184199e-12 2.98993052538776e-12 2.21720863891051e-11 1.24239396548376e-11 9.99423876990591e-12 1.25526034011614e-11 3.15491521796218e-11 3.23953197600701e-11 9.31206223242498e-12 2.7777669053819e-12 3.33869376589746e-11 2.13544071314686e-10 4.76422831185985e-09 5.7585450585762e-08 7.23110454958764e-08 7.46361041858989e-09 1.18918303315674e-08 1.23409682584175e-08 1.60274193916621e-10 3.64093011295807e-10 3.00570379696552e-10 1.36792366323135e-10 8.99173291379896e-11 1.54995429824112e-09 1.80651863357362e-08 2.1218241840204e-07 5.54980916112058e-08 4.03792026926197e-08 8.39169082111901e-08 6.15422813488031e-08 1.48947291944701e-08 1.60303045726451e-08 7.74407525883092e-09 1.92342078375596e-08 9.43256981411622e-09 2.06096711585779e-08 1.60360130285753e-08 4.04646152585286e-08 7.16795194088959e-08 1.1348409442169e-07
3.71139785571017e-11 7.25695059600184e-12 4.14418499516955e-12 2.5784152590802e-12 4.01160216156882e-12 6.44141628924899e-10 7.36834038228551e-11 1.21541332553932e-11 1.04735442540971e-11 3.28502780533313e-12 4.49076442698981e-11 1.94505078709994e-11 4.711598888818e-11 5.20444132234843e-11 1.4551382321315e-11 1.3267109855164e-09 1.32976958000519e-08 1.75966836435393e-08 6.18688540909851e-07 5.1901927146103e-07 1.98510874405144e-11 2.02511374336467e-10 1.23364093385092e-08 4.64259986010518e-10 3.6152780769072e-11 1.01723074408255e-12 6.67610411397845e-13 1.69778269221155e-10 7.55348116276977e-09 2.4751274008139e-07 4.10418951890534e-07 6.07009468911457e-08 4.40427605052918e-08 3.15263814942845e-08 2.31372370151917e-08 1.49882641742316e-08 9.81077123984875e-09 9.0821824283438e-09 1.26961538171599e-08 3.51640028761757e-08 2.0419666935112e-08 2.11509427416878e-08 2.97688965478216e-08 3.8354362441595e-08 5.77808025870041e-08
6.98033586488123e-09 5.49344228275572e-06 3.17700443730473e-10 4.23398316407031e-11 3.63208796372305e-11 1.6040131445294e-10 1.30854704849526e-10 2.30826247005211e-11 2.2388579878907e-11 7.7359485484152e-11 6.99090008104975e-11 6.93793578143698e-11 5.55778645328076e-11 1.37636337882441e-09 6.85000167699457e-10 3.65551466874336e-10 4.68332417291606e-10 1.48004107858313e-09 2.89926807450769e-07 8.25737922482972e-11 1.57900181818604e-10 3.35883808544324e-09 8.54989382070848e-08 9.56717327582623e-10 1.25124355321304e-12 1.33493216480929e-13 1.85675100849991e-09 9.07811703032557e-08 5.09185654862243e-08 4.64457390769724e-08 8.0334102314783e-08 5.32780756623552e-08 3.67883918217515e-08 2.65139083133192e-08 1.63923301710334e-08 1.33365547161368e-08 9.19911247176941e-09 1.64568486282768e-08 8.83774100568502e-09 9.8188121411269e-09 1.42830669402905e-08 1.50114536023871e-08 2.13622847855532e-08 3.02399583484991e-08 3.49927699816455e-08
8.80850256068655e-09 1.15378189835535e-07 2.96058086846074e-07 6.1534727413548e-08 1.84946650994e-08 8.20216720542888e-08 8.57339976789717e-11 2.74567601987741e-10 2.8846725008691e-11 4.11739642380837e-11 2.07007999630804e-10 4.04050903846098e-10 8.23115738901592e-09 3.50290019213162e-11 7.71207542271668e-12 2.05042149925561e-10 5.86860682272317e-10 5.05701036601636e-11 4.02870481419626e-10 1.15936981126552e-09 9.64352924792689e-07 6.87185731429452e-08 1.34301702314765e-08 1.65339519853092e-11 1.69828040519349e-11 2.76732703419214e-10 3.60324105996845e-08 1.53510547307167e-07 1.24410253077301e-07 9.87841366706377e-08 7.35648452154791e-08 4.69723515417186e-08 3.07188553372306e-08 2.23412657929245e-08 1.23963829312679e-08 5.03820154706958e-08 1.97130682000335e-08 8.01157619134685e-09 1.0651994930555e-08 1.50170250345916e-08 1.95467332653188e-08 1.39653039465948e-08 1.51177689144966e-08 2.53441909792151e-08 2.57316686069764e-08
1.40184252927611e-05 2.83504192222228e-07 5.36868580866212e-05 4.64422423505084e-06 6.38628076359282e-06 1.77677135226872e-09 3.88475773771546e-10 1.81271708754593e-10 1.10775344452918e-10 1.3935700371448e-10 3.86031306920387e-09 4.08324483114342e-09 2.65756683326401e-10 1.03207331569877e-11 1.61282875943414e-11 1.59105741592835e-07 1.16420740825518e-09 7.18936941479509e-07 8.0304729151992e-07 7.6635156331939e-08 9.59418709367554e-08 6.55484433842446e-08 7.2925113392408e-09 5.54923671902685e-08 6.66297142126737e-08 4.92070893887142e-07 1.40957999383851e-08 9.02557134474513e-08 9.48307562143036e-08 7.02511062877775e-08 5.55610512598115e-08 3.99363362935112e-08 3.01887956966063e-08 2.16742456093932e-08 3.59992014531407e-08 5.75799690705203e-08 5.64093407207089e-08 8.16096046296622e-09 1.12801321061617e-08 1.76379361560564e-08 2.18339949897839e-08 1.82381964419776e-08 1.68647215192941e-08 2.35918355184772e-08 2.49763657311775e-08
4.46955312725095e-05 1.51447982133845e-05 6.43376765978587e-06 3.40898587467109e-05 2.12879394279053e-07 3.24152074504536e-07 2.5495623279248e-09 1.11672382674399e-08 1.76900349657672e-07 8.36868796483259e-11 1.78985160026457e-11 1.87363924375461e-10 6.69287958388054e-12 4.84211093443321e-10 7.11343040138424e-08 1.07930396265887e-06 1.48561544115466e-06 1.13185691972273e-06 2.96311492695711e-06 6.45540388910515e-07 4.31051687155293e-07 2.88133297265958e-07 5.50501338214549e-07 5.4153007600366e-07 3.97483048508729e-07 2.72798997102974e-07 7.7123902209042e-08 1.04133240297344e-07 7.68640256221253e-08 5.94494871664075e-08 4.94112746607378e-08 3.90037767750151e-08 3.12724050210988e-08 2.40287323038935e-08 1.56263302519832e-08 1.28438303215184e-08 2.69872767355572e-08 1.12582692612939e-08 1.45842477095037e-08 1.70100913354787e-08 1.85726140133902e-08 1.92414742805624e-08 1.8358291231646e-08 2.03869775172727e-08 3.99977404197394e-08
5.60634708392627e-05 3.66739722153397e-05 3.63057672643663e-05 2.78869747756261e-06 1.00043848412668e-05 5.68397772104934e-07 4.17767269911273e-07 6.85998066130011e-08 1.9190246358658e-08 1.47830041985486e-08 3.93585053437562e-11 5.40948252858442e-10 1.44170696474433e-06 2.10370236242152e-06 1.23807054156488e-06 9.42461779340764e-07 8.72947282659631e-07 8.32955524787682e-07 8.51981186344997e-07 7.37095880620764e-07 5.99472941664736e-07 6.18541988239851e-07 5.23159124898864e-07 3.94005440640388e-07 3.02560446874267e-07 2.08209441021623e-07 1.50671328191798e-07 1.08283089383931e-07 7.51916665930885e-08 5.21549444298941e-08 4.34802730264749e-08 3.44134041707633e-08 2.70656126177826e-08 1.84638521805169e-08 1.57790328136898e-08 6.80557895482714e-08 4.86308107228162e-08 1.35476224460973e-08 1.48114909781505e-08 1.68084579255101e-08 3.29584121550042e-08 3.42175743850426e-08 1.73387463164865e-08 1.93118673608161e-08 1.93166319717442e-08
6.38455230387081e-05 7.79308684741409e-05 2.21765903219762e-05 2.90304734363644e-05 5.69377159864715e-07 2.10912808134012e-06 2.34298751844442e-08 1.53889401099949e-07 2.09843964427137e-10 7.29278054611981e-09 3.08617998046046e-08 1.87989002391475e-06 1.21307894099809e-06 1.23302105371481e-06 9.96328079261311e-07 9.97463773177998e-07 8.31123876143813e-07 6.97677110361727e-07 6.41950931001833e-07 5.725328358408e-07 4.7534735888588e-07 8.57397295028761e-07 3.60285063449872e-07 2.5225233865056e-07 2.09631457726012e-07 1.50864290771047e-07 1.15992079041671e-07 8.3348909918346e-08 5.65849490707926e-08 4.10748282275719e-08 2.6832458677184e-08 1.86197549378875e-08 1.84110008127902e-08 1.61397010201014e-08 3.39885860789479e-08 3.64926612927974e-08 2.96730087168129e-08 1.25915912918551e-08 1.30768550765659e-08 1.47721807008949e-08 2.94859398120018e-08 2.44208344435393e-08 1.4787031077379e-08 1.62484156573939e-08 1.64585723605448e-08
1.44003221214106e-06 5.55810174418525e-06 1.73706086830094e-06 4.83165865095003e-09 5.07406813232691e-09 8.33054590865245e-09 1.71822045091918e-07 1.21728275537247e-07 4.12786480330496e-08 1.70814474238501e-06 1.31886352054966e-06 8.76464311150293e-07 6.82583728983666e-07 7.50858238951491e-07 7.06056686794465e-07 5.20495446776348e-07 4.38670510705119e-07 3.82507088969586e-07 3.48043935627373e-07 3.26688890306404e-07 3.25412457979901e-07 2.97156493433981e-07 2.18292063691727e-07 1.88455929095443e-07 1.25293046981945e-07 9.94557774247617e-08 7.22836554833961e-08 5.5272648979976e-08 4.21523713822758e-08 3.33103466254592e-08 1.98970205755877e-08 1.23426694420559e-08 1.14543284746027e-08 1.3310858371085e-08 1.09280838267445e-08 1.17988275594172e-08 2.4997253722514e-08 1.05466574362723e-08 1.21059133939561e-08 1.26689987167694e-08 1.29347087374221e-08 2.27362286331356e-08 1.13237714316483e-08 1.23434109156051e-08 1.26926334331756e-08
1.72839063328212e-06 1.11253928407606e-06 1.02834851745115e-11 5.80304133634968e-09 1.30943084264423e-08 1.54934927381056e-06 1.76550872288406e-07 3.9622387801308e-06 6.91780017625376e-07 7.61120876424659e-07 6.26655663737985e-07 4.21890007074044e-07 3.22637082428301e-07 4.05790541690987e-07 3.34687170266967e-07 2.72252391231298e-07 2.37587862084165e-07 2.14138181964252e-07 2.08691013803275e-07 2.21265404098947e-07 2.66504178292326e-07 2.1412011290689e-07 1.23868153467654e-07 9.90050680327315e-08 7.51815352750818e-08 5.58941312678307e-08 4.99930779218616e-08 3.9876129054317e-08 3.16856771154228e-08 2.20984009646763e-08 1.710395506338e-08 1.28783290365142e-08 1.11835562699447e-08 1.04673415823875e-08 8.94137465179412e-09 9.09565959217318e-09 2.96814266054213e-08 9.1160823445513e-09 1.02834449622335e-08 1.02774120547267e-08 9.75927091362294e-09 8.80809920555947e-09 8.76213575029538e-09 9.43881708348471e-09 8.64709418513243e-09
5.64917936873854e-09 1.47014178608629e-11 1.04072174733627e-07 1.27186854551597e-06 7.58935203015731e-07 6.93406206508929e-07 5.20211222387879e-07 3.26275523165886e-07 2.12631426421694e-07 2.93057900024873e-07 3.08346972233142e-07 2.94537576206455e-07 2.42486186829982e-07 1.95477316133896e-07 2.18103261795388e-07 1.82585419017389e-07 1.46804752731988e-07 1.38171459473924e-07 1.5103583724807e-07 2.78816153975736e-07 2.11396465010782e-07 1.23619114189566e-07 1.51620818777953e-07 6.13102412838629e-08 5.24882886376865e-08 3.64291618537571e-08 3.18194002701944e-08 2.94239368092697e-08 2.25230372796759e-08 1.31293532379395e-08 1.18683324279445e-08 1.14587231370145e-08 9.49873451006056e-09 7.22788248141981e-09 7.24245261540801e-09 3.29607765081619e-08 6.88664959502816e-09 7.32559505278729e-09 8.31109698840038e-09 8.15285657873588e-09 7.46484786207091e-09 6.46975145679463e-09 5.95704141570508e-09 6.59658377921701e-09 6.40164362630813e-09
1.95281312231899e-09 1.00511928313729e-07 4.93904724574445e-07 5.02750321573764e-07 5.21108559681238e-07 4.1152060086258e-07 3.65461570228653e-07 3.22330458113473e-07 2.0790201208376e-07 2.19242505361539e-07 2.01276704547837e-07 1.95872318320411e-07 1.55005050306301e-07 1.2015877567384e-07 1.20385499113862e-07 1.06870835603345e-07 1.00189575280574e-07 1.059016713989e-07 1.18575163743362e-07 1.17849993941377e-07 1.06186082649007e-07 7.82536787702348e-08 1.06055365456381e-07 3.6554111781939e-08 3.22020488940922e-08 2.17143582004198e-08 4.79019752752663e-08 4.36147020943523e-08 1.53068797303924e-08 1.31259695335117e-08 1.10290946264691e-08 9.39006467026715e-09 6.32971672853699e-09 4.99040767598657e-09 5.45353743275356e-09 5.61462283332759e-09 5.9552845210753e-09 6.31807173245846e-09 6.40800907891759e-09 6.16444194578847e-09 6.11823959273394e-09 5.30031948331455e-09 4.77556272304724e-09 4.87917994895781e-09 4.89126912306403e-09
2.17941107272246e-07 2.18145100550071e-07 3.5572147806251e-07 3.19626408418205e-07 2.94591777461051e-07 2.56873732751295e-07 2.65416442246647e-07 2.36685777610379e-07 1.95715497430804e-07 1.50653652097876e-07 1.25281958085477e-07 9.43525770180642e-08 7.85474690512267e-08 5.91971223484755e-08 5.89767945369246e-08 5.70331741833741e-08 5.73107768575554e-08 5.6714061957841e-08 7.87107489852446e-08 5.24242949606624e-08 5.26489032481869e-08 1.12515625849685e-07 6.77154129546942e-08 2.79573224792884e-08 2.0294337665927e-08 1.74527233665067e-08 1.53039139694222e-08 1.50728735159866e-08 1.29920899261116e-08 1.05990603294082e-08 8.91457235807636e-09 7.45151308434444e-09 5.07292763352041e-09 8.20243716281865e-09 4.25934540970729e-09 4.46668810827333e-09 4.67083205446528e-09 4.88773783668961e-09 4.80337418728993e-09 4.81905557681017e-09 5.01540304842507e-09 4.72233743220585e-09 3.85021338145108e-09 3.60789859099597e-09 3.53025788601968e-09
2.04330621933479e-07 1.85232214489073e-07 2.35816724925009e-07 2.26405636216676e-07 2.0238955252827e-07 1.74731146551643e-07 1.51712752338717e-07 1.32498490357236e-07 1.11363976729173e-07 9.46342972651948e-08 7.79648992255133e-08 5.53797645963527e-08 4.41049755939282e-08 3.73787045648832e-08 3.21652212087464e-08 3.55229447190908e-08 3.27139444200597e-08 2.67482085036796e-08 3.86909106753208e-08 3.14034012571796e-08 3.1553001700324e-08 7.70249717785276e-08 9.81608837324899e-08 1.67563213970823e-08 1.45344981272721e-08 3.04435566977901e-08 1.02886461017526e-08 9.90100786912862e-09 8.77159754830714e-09 8.32097210023974e-09 7.57074348767261e-09 5.94889676408528e-09 3.15081841728571e-09 3.637076162466e-09 3.63379648593565e-09 3.69787198639671e-09 3.66496819559359e-09 3.79737006284131e-09 3.74554020021733e-09 3.74938190494944e-09 3.6690352755997e-09 3.6037821171675e-09 3.1075774509226e-09 2.80295712196121e-09 2.75993575771238e-09
1.52429700528423e-07 1.07801836657373e-07 1.37978901204594e-07 1.60435981433338e-07 1.34732607870447e-07 1.14887496960314e-07 9.49880542888692e-08 8.01999832988898e-08 7.0084055936448e-08 5.82463352771789e-08 5.42693380900516e-08 4.44257932330494e-08 3.08130503556825e-08 2.47844964551547e-08 1.55994382744495e-08 1.7199820678826e-08 1.62103487300058e-08 1.35676145540664e-08 2.68514073642478e-08 2.06565873517306e-08 1.54308833599792e-08 4.61935799833668e-08 1.51760136346546e-08 1.32471423053282e-08 1.17407462085772e-08 9.51485665812157e-09 8.31183154526016e-09 7.76150691494948e-09 6.80738592162555e-09 6.59899731525471e-09 5.39687151634993e-09 3.60732614890225e-09 2.56006472687531e-09 2.71471392032652e-09 2.70554998405004e-09 3.275397464364e-09 3.22157462928629e-09 3.05798675270808e-09 2.82602348189442e-09 2.95869362343382e-09 3.01835023641672e-09 2.73755617063998e-09 2.40343476232141e-09 2.24388824188182e-09 2.1733127963941e-09
1.59086058182378e-07 1.25656772276272e-07 8.61008966790422e-08 9.38856437149305e-08 8.86697809843184e-08 7.49470408067943e-08 6.07334559754591e-08 5.01109837292013e-08 4.55175249047812e-08 3.80632814711568e-08 3.6578713757951e-08 3.33193066359705e-08 2.60049625833147e-08 1.81848522684547e-08 1.33641244182137e-08 1.13509904142717e-08 9.8381154223226e-09 1.02111536892657e-08 1.59912402986073e-08 1.43523596118911e-08 1.23741262680888e-08 1.22436272342874e-08 1.01319810097422e-08 1.03325420663936e-08 8.96062188893154e-09 7.40893184580926e-09 6.4337160043948e-09 5.6903373568673e-09 5.04421691083223e-09 4.80410623504568e-09 3.97269084295715e-09 3.17858801501814e-09 2.36866498637411e-09 2.33855205200584e-09 2.95992992338512e-09 3.02531293350228e-09 2.97067895838055e-09 2.60299840570966e-09 2.4482995297781e-09 2.37974802086427e-09 2.34048288527688e-09 2.26725337393319e-09 1.92084891326161e-09 1.77662118350241e-09 1.78188463983986e-09
1.06066617400202e-07 9.34578185174395e-08 8.18504214072924e-08 6.80771017003146e-08 5.36981706655837e-08 4.24711372293274e-08 3.44205949742715e-08 2.98015265132179e-08 2.83777905285554e-08 2.63645516973554e-08 2.37751558107568e-08 1.97294780290846e-08 1.6932488511312e-08 1.33624782128194e-08 1.0462232280517e-08 9.05062661482603e-09 8.03321120734779e-09 8.1068483814839e-09 8.68278036136871e-09 7.40936180188001e-09 8.39298223143103e-09 8.27548579662718e-09 7.7745571647192e-09 7.73138817411478e-09 6.58545141751787e-09 5.77587020433867e-09 5.17202706218356e-09 4.52129111927491e-09 4.27815902703799e-09 4.0683384994189e-09 3.65721050110679e-09 4.4249475306124e-09 9.06619853635604e-09 2.22270432059801e-09 2.47801535957493e-09 4.60223793519177e-09 2.50364164955386e-09 2.15858509955424e-09 1.87235006388065e-09 1.84049934182084e-09 1.84163732042109e-09 1.9157569974837e-09 1.6857926166125e-09 1.57232684649955e-09 1.46936210976278e-09
7.47825840585747e-08 6.51021268227581e-08 5.69032982067341e-08 5.02328132312435e-08 4.35146386479346e-08 3.35185991406917e-08 2.41943789891508e-08 1.95766701960309e-08 1.84971347461094e-08 1.73308881912249e-08 1.67173802578802e-08 1.53492730969873e-08 1.45272492257931e-08 1.10174132705865e-08 8.75611058104298e-09 7.66841422583653e-09 6.1355478031544e-09 5.38587238141375e-09 5.71319989095542e-09 5.06647311881991e-09 6.60765653304196e-09 6.2491338770343e-09 5.67233426895797e-09 5.38452910037179e-09 4.5856581532e-09 4.35512181873321e-09 4.00714031956184e-09 3.63153527249693e-09 3.5084853911016e-09 3.18026122103632e-09 3.1036780812066e-09 2.7050532258599e-09 2.09519798177737e-09 2.00893726098883e-09 2.0270554346169e-09 1.95285494442032e-09 2.96346940320547e-09 1.66332347895093e-09 1.49273303717834e-09 1.48235127506169e-09 1.53976555949953e-09 1.5163113542549e-09 1.34780857585781e-09 1.33194802964809e-09 1.33085913400777e-09
4.75540533173557e-08 4.04261979114473e-08 3.82324934156131e-08 3.13846675537022e-08 2.9914707078138e-08 2.9086009278867e-08 2.14652223107237e-08 1.43058492163561e-08 1.44836103999069e-08 1.54049091483088e-08 1.48709132896663e-08 1.30723675217936e-08 1.1770020058588e-08 9.96880171744152e-09 7.5088529727374e-09 6.37390705771068e-09 5.04872893491992e-09 4.66047203051545e-09 4.69724469320809e-09 5.39936793053641e-09 4.5296129846939e-09 4.19108956428715e-09 4.07392042323096e-09 4.47111427881453e-09 3.68910862968974e-09 3.48093081026235e-09 3.4266800397198e-09 3.08459150444307e-09 2.48699471017133e-09 2.49812400765492e-09 2.75927606319115e-09 2.02820932271308e-09 1.72148516552895e-09 1.75493840570695e-09 1.72419650779077e-09 1.68278306844627e-09 1.52487420468361e-09 1.43386224005226e-09 1.36582736232072e-09 1.27864550059087e-09 1.28872811311354e-09 1.29025417017203e-09 1.16022491614132e-09 1.13936533541192e-09 1.15754814622449e-09
2.59094587229392e-08 2.12972147473067e-08 2.00394780880409e-08 1.89245152659723e-08 1.73790423274589e-08 1.65625101300471e-08 1.56088566072299e-08 1.1907501518138e-08 1.24605039286685e-08 1.29424183370475e-08 1.19562993394773e-08 1.09953268823126e-08 9.6845564012682e-09 8.57005700849456e-09 6.93204813551063e-09 6.07113915807034e-09 4.91588709738977e-09 4.53916594311821e-09 4.516844132052e-09 5.13613784836053e-09 4.4498774220969e-09 3.80615799988604e-09 3.69940013067449e-09 3.61413451388515e-09 3.04684262264487e-09 2.86000317872848e-09 2.87870898230125e-09 2.47155959032241e-09 2.06380600387135e-09 2.32262066246491e-09 2.10297770308898e-09 1.62680422466366e-09 1.54855234191231e-09 1.6502659572204e-09 1.52856016732983e-09 1.39136084875702e-09 1.36454827437404e-09 1.33220856568528e-09 1.31719475326975e-09 1.26923587195904e-09 1.23916686911585e-09 1.08355666661453e-09 9.92003090782845e-10 9.60124413307284e-10 9.95930182767779e-10
