Scripts_&_data/Maxent_result_files_2/B_mesomelas_2.asc
NCOLS 594 
NROWS 330 
XLLCORNER -15 
YLLCORNER 23 
CELLSIZE 0.166666666666667 
NODATA_value -9999 
[rows 220 to 239 of 330, columns 360 to 404 of 594]
0.0151439033448696 0.0174740515649319 0.0110510707367212 0.0212988999883237 0.00307866767961968 0.000374347042199474 0.00170873036507828 0.000914631275333022 0.000417680229202233 0.00200275559309375 0.00382540302234703 0.00553647541382816 0.016803970746696 0.0119257274549454 0.00666065411933232 0.016115176607309 0.00513819984143993 6.05258683208376e-05 0.101953068800503 0.0029331850251765 0.0022157679843076 0.0213689818046987 0.0506394304335117 0.00838327603414736 9.25726320488707e-08 -9999 -9999 -9999 -9999 -9999 -9999 -9999 -9999 -9999 -9999 -9999 -9999 -9999 -9999 -9999 -9999 -9999 -9999 -9999 -9999
0.0039641531126108 0.0122062969719991 0.00812344807200134 0.0086623607960064 0.0063298622109869 0.00174188558157766 0.000237917880039795 0.000963403883272918 0.00154631234677254 3.84286801835554e-07 5.66893763833676e-05 0.00164098259146428 0.0474304683733862 0.0216717466479167 0.0870596972308704 0.225843003112823 0.0350386979524046 0.00734471163073067 0.0477977772301529 0.467454880475998 0.385867603868246 0.0796789007727057 0.10395662482894 0.206516910008486 0.00108147618352632 -9999 -9999 -9999 -9999 -9999 -9999 -9999 -9999 -9999 -9999 -9999 -9999 -9999 -9999 -9999 -9999 -9999 -9999 -9999 -9999
0.00735662009101361 0.00248570066760294 0.0107590502477251 0.00875037328805774 0.00866818630602211 0.00825047625694424 0.019544932548888 0.0203688466106542 1.13072379463119e-05 0.144478425579291 0.0524446173105389 0.0037560166435469 0.00955094088130863 0.00946862910350319 0.00421461449805065 0.00554884532175492 0.00414664552081376 0.0234518734738231 0.0196862584212795 0.0159067224129103 0.0807402721606195 0.0142332046525553 0.00521494632339454 0.257855303713273 0.196453622659465 0.000405400601886186 -9999 -9999 -9999 -9999 -9999 -9999 -9999 -9999 -9999 -9999 -9999 -9999 -9999 -9999 -9999 -9999 -9999 -9999 -9999
0.00829061310505494 0.00888430107297609 0.000565043578990299 0.00878284571808763 0.0412361107184552 0.00963550624583149 0.00165998222764756 0.00147563879991139 0.0207601322821574 0.000533217138138298 0.00107290646484444 0.00282655233088462 0.162493147561327 0.000493198054408595 0.000470498781987771 0.000265711379370259 0.00016638979467416 0.00539233642375621 0.0083377170143649 0.00644259702021373 0.0603514850139618 0.0695452993735671 0.0172127309282587 0.00192952727701936 0.000482498462747571 0.107334949217091 3.69520776201782e-05 -9999 -9999 -9999 -9999 -9999 -9999 -9999 -9999 -9999 -9999 -9999 -9999 -9999 -9999 -9999 -9999 -9999 -9999
0.00616482840268873 0.17501241825521 0.102222403418273 0.066138397809118 0.0252490957267582 0.0107156043872237 0.0306102519971319 0.119447400780337 0.00174440630442518 0.00109870983969245 0.00377710128523177 0.000684340752104617 0.000721995052208513 0.00113896892376033 0.00269158690132952 0.000744976002846443 0.00165622523836646 0.0113399584311992 0.00423815399117302 0.00429822534933919 0.00172267523339542 0.00287300950258214 0.00615834162745159 0.00114064428698839 1.88496908467783e-05 1.57668042589876e-05 0.000226004798514623 0.00015035813913542 -9999 -9999 -9999 -9999 -9999 -9999 -9999 -9999 -9999 -9999 -9999 -9999 -9999 -9999 -9999 -9999 -9999
0.100035862624645 0.0710337890312076 0.523101183772087 0.37679758220911 0.0150721174781211 0.00640495037077926 0.111247518099844 0.00612105463951593 0.0543110535014421 0.210428152811073 0.178540524509299 0.000566539383271447 0.00337764483629144 0.000917742945239297 0.0103339578141458 0.0116451130714267 0.00275756783676115 0.00030646265940959 0.000736080656622562 0.0091439224586793 0.00170612558285939 0.00027510789627172 0.000535975671618871 0.000113315284073678 5.14770284532062e-05 8.69385569612913e-07 2.49100745037811e-06 1.17520976345986e-06 0.000130194842358833 0.00758628929213501 3.45169221490638e-05 0.000106344850792084 -9999 -9999 -9999 -9999 -9999 -9999 -9999 -9999 -9999 -9999 -9999 -9999 -9999
0.117719776183367 0.0448714165948331 0.459597474336624 0.404114896059036 0.062072969134897 0.601843148469925 0.0796126022003591 0.0539536083117127 0.0219572176691145 0.00193732236111828 0.00791421899339184 0.0011532280157553 0.000547758572429302 0.000674199290642719 0.00262611800765695 0.00050910955760628 0.0018786401467878 0.00209352474521438 0.00155817670529359 0.000327615821390737 0.000309627529873069 8.58029289474871e-05 3.87540030288847e-06 2.99487066093285e-06 6.63683692518902e-06 7.24613619995651e-07 8.84731152623886e-06 6.44320016363054e-06 -9999 -9999 -9999 -9999 -9999 -9999 -9999 -9999 -9999 -9999 -9999 -9999 -9999 -9999 -9999 -9999 -9999
0.597111991047859 0.0626210112124681 0.04539586273022 0.395839874446392 0.618124625086784 0.202783170714974 0.0800649523735046 0.166060030460358 0.0194943939801306 0.00444677069608588 0.0132846050546505 0.00173550208564848 0.00117166439040375 0.000385946198366582 0.000799485394963995 1.77303958480479e-05 1.55482559200948e-06 0.000193193137292824 9.1096871823737e-09 0.000142293414350902 0.00152100294483786 0.000692804835489369 9.73902927555059e-05 1.04261364562319e-05 4.06382674175809e-05 6.94636147535732e-06 6.70056200869906e-06 -9999 -9999 -9999 -9999 -9999 -9999 -9999 -9999 -9999 -9999 -9999 -9999 -9999 -9999 -9999 -9999 -9999 -9999
0.494264894723892 0.494238701462746 0.643500527739525 0.538476476073265 0.574253651499748 0.572937542200089 0.637096790969372 0.0657261616550386 0.210306376963854 0.00117591076159442 0.0388189870864153 0.00383731740876101 0.000376155324920546 0.000717569375410676 0.000387556095665786 0.0133590905381425 2.84260250893453e-09 0.000881072113406844 0.00138847444432031 0.00066263197668377 0.00062791654454486 0.000531930297438521 0.00046804196172161 6.79659746083416e-05 1.5041633953139e-05 1.40367204370939e-06 7.29956756360117e-06 -9999 -9999 -9999 -9999 -9999 -9999 -9999 -9999 -9999 -9999 -9999 -9999 -9999 -9999 -9999 -9999 -9999 -9999
0.0447126083076 0.00526091012870893 0.0493709728820249 0.351011434197426 0.64089523255825 0.537535619735718 0.211143143475056 0.166738069057465 0.0633237237110734 0.0463589481078088 0.122715306468308 0.021716909809038 0.00271185701276409 0.000299016723874956 0.000647338858107105 0.000305136958195362 0.000280217924591852 3.91303397009324e-05 0.000288098787132185 0.000816317571479896 0.000195960963489483 0.000196029414180998 0.000282399190228944 0.000685633478713044 0.00135176599796978 4.40220651266587e-06 -9999 -9999 -9999 -9999 -9999 -9999 -9999 -9999 -9999 -9999 -9999 -9999 -9999 -9999 -9999 -9999 -9999 -9999 -9999
0.00220618340754299 0.121825236827135 0.366529205441475 0.298640206456184 0.648455411195755 0.467812824249268 0.141692783497274 0.130890904925764 0.049974374845624 0.0112542489136104 0.180251563340425 0.0117243442917243 0.01354532497935 0.000335140258539468 0.000704620621399954 0.000806618190836161 0.000275260386115406 0.000210836075893894 0.000275480093478109 0.00295820595347323 0.00104393455278569 0.000329618211856086 0.000160841716240157 0.000719164772067415 0.00118359393094352 8.32556623611147e-06 -9999 -9999 -9999 -9999 -9999 -9999 -9999 -9999 -9999 -9999 -9999 -9999 -9999 -9999 -9999 -9999 -9999 -9999 -9999
0.000494752426797618 0.000527159636061469 0.0124182358253165 0.0147041712305509 0.419186791777611 0.0599570889491588 0.316419503092766 0.0625168153084815 0.00388442857074551 0.0372101781598758 0.00152526671954547 0.0868677662307164 0.00977932061068714 0.00163708028940164 0.0102852103766054 0.00755892558954656 0.0122299206443131 0.00775435045361519 0.000265290754759917 0.000248070863744942 0.000265085641149199 0.00143602943571833 7.09509223735694e-05 0.000910891997045837 0.00252769879862171 0.00142678866978431 -9999 -9999 -9999 -9999 -9999 -9999 -9999 -9999 -9999 -9999 -9999 -9999 -9999 -9999 -9999 -9999 -9999 -9999 -9999
0.0058010297583678 0.000680459937925804 0.000653531516371686 0.0297917922958732 0.0227340857498348 0.154813518375158 0.641784715652466 0.0319643030874431 0.0329527227208018 0.0126840534852818 0.0108642590232193 0.0107893642969429 0.00720607542898506 0.00846311922650784 0.0110529828816652 0.00325199053913821 0.0248946441337466 0.00752965496940305 0.00343586414819583 0.000353794411057606 0.000247867305006366 0.000932330249634106 3.67709034522434e-05 0.000346788362529582 1.90533992281416e-06 -9999 -9999 -9999 -9999 -9999 -9999 -9999 -9999 -9999 -9999 -9999 -9999 -9999 -9999 -9999 -9999 -9999 -9999 -9999 -9999
0.00167049509541357 0.013808543496998 0.0122285547025967 0.0127461554016918 0.00541804531239904 0.0790076889097691 0.376790308952332 0.113222864829004 0.0116967575042509 0.00197331670860876 0.00570977374445647 0.0100773731712252 0.00616847911151126 0.00137512580258772 0.00444839285337366 0.0206640929915011 0.0256247092038393 0.0310705561190844 0.00442111492156982 0.000528233873774298 0.00142254636521102 0.00033543641329743 0.000266571560860029 7.28849194664427e-07 -9999 -9999 -9999 -9999 -9999 -9999 -9999 -9999 -9999 -9999 -9999 -9999 -9999 -9999 -9999 -9999 -9999 -9999 -9999 -9999 -9999
0.000876552846864342 0.00750487411132781 0.00782604338601232 0.00136680915020406 0.0177949356846511 0.00948415762977675 0.0185980973183177 0.0218308069277555 0.0117066248785704 0.00078678890286028 0.0368939086794853 0.00443564203742426 0.0135685099754483 0.0132286798907444 0.0189717094181105 0.0260307701770216 0.00917220732662827 0.0133109979098663 0.0202791840769351 0.0657152833417058 0.0302756957709789 0.00916322179837152 0.00296127395704389 -9999 -9999 -9999 -9999 -9999 -9999 -9999 -9999 -9999 -9999 -9999 -9999 -9999 -9999 -9999 -9999 -9999 -9999 -9999 -9999 -9999 -9999
0.00910849384235917 0.0050167375276942 0.00446477569712442 0.00358527546050027 0.139100433513522 0.0673448238521814 0.0573777339421213 0.00365297658136114 0.00425259618787095 0.024278651131317 0.0682569130323827 0.2717220492661 0.241298709064722 0.05302470959723 0.0350875270552933 0.149002496153116 0.161762712150812 0.0541236536577344 0.0347168574109673 0.10423206910491 0.115881678089499 0.037854097224772 0.00344328477040108 -9999 -9999 -9999 -9999 -9999 -9999 -9999 -9999 -9999 -9999 -9999 -9999 -9999 -9999 -9999 -9999 -9999 -9999 -9999 -9999 -9999 -9999
0.00420129319172702 0.0038237695846874 0.0109772563795559 0.0114290019846521 0.00852956775488565 0.243349899537861 0.0807899309322238 0.0649384492076933 0.0845711645670235 0.283413613215089 0.0774767445400357 0.214508943259716 0.0541548690758646 0.0556257398799062 0.0371205129660666 0.0334521712735295 0.0106348468223587 0.00583043463411741 0.0563371548429131 0.0812765292823315 0.475339597463608 0.185474780574441 0.0166458809515461 -9999 -9999 -9999 -9999 -9999 -9999 -9999 -9999 -9999 -9999 -9999 -9999 -9999 -9999 -9999 -9999 -9999 -9999 -9999 -9999 -9999 -9999
0.0281947403214872 0.0123876343015581 0.0210592731274857 0.00132505557921831 0.00118886966761238 0.00422103212467846 0.0345856297295541 0.0612194922054186 0.07222066342365 0.0796087090857327 0.0735551294172183 0.0530122166266665 0.0417789940838702 0.0272923822049052 0.00661698483745568 0.0290668018162251 0.0594483902677894 0.29490459933877 0.232482355833054 0.024470659904182 0.0935587720945477 0.0443445829674602 0.0145542941056192 -9999 -9999 -9999 -9999 -9999 -9999 -9999 -9999 -9999 -9999 -9999 -9999 -9999 -9999 -9999 -9999 -9999 -9999 -9999 -9999 -9999 -9999
0.000127212392040277 0.00327621997116125 0.0101855887118172 0.0368404815977556 0.00537031985004432 0.00233688017906388 0.0122416330385022 0.0183716132247355 0.0320171319879591 0.00739350819058018 0.00952229498070665 0.025887432921445 0.0225201243039919 0.0627212240127847 0.133063548337668 0.0736902906210162 0.0615874240640551 0.0932778120972216 0.0358223092043772 0.0462233398924582 0.101862242072821 0.127699758857489 0.024756986182183 -9999 -9999 -9999 -9999 -9999 -9999 -9999 -9999 -9999 -9999 -9999 -9999 -9999 -9999 -9999 -9999 -9999 -9999 -9999 -9999 -9999 -9999
0.000164725768630802 0.000731136911131713 6.85093567861506e-06 0.00010412212640184 0.00895820888690651 0.00269092065282166 0.0057575545477448 0.0545963386128251 0.000776386361098957 0.00664027861494105 0.00695386422594311 0.0113122818613192 0.017096905055223 0.108796758204699 0.0432177712806151 0.185049107688246 0.0714826453186106 0.303273248486221 0.189772831089795 0.371956469118595 0.0212240842636675 0.535236990451813 0.0260590211721137 -9999 -9999 -9999 -9999 -9999 -9999 -9999 -9999 -9999 -9999 -9999 -9999 -9999 -9999 -9999 -9999 -9999 -9999 -9999 -9999 -9999 -9999
