Scripts_&_data/Maxent_result_files_2/B_mendax_2.asc
NCOLS 594 
NROWS 330 
XLLCORNER -15 
YLLCORNER 23 
CELLSIZE 0.166666666666667 
NODATA_value -9999 
[rows 308 to 329 of 330, columns 98 to 146 of 594]
1.7430501486615e-15 1.99840144432528e-15 1.85407245112401e-15 1.60982338570648e-15 1.28785870856518e-15 1.45439216225896e-15 1.50990331349021e-15 1.37667655053519e-15 1.46549439250521e-15 1.58761892521397e-15 1.97619698383278e-15 2.55351295663786e-15 2.4980018054066e-15 3.35287353436797e-15 3.8746783559418e-15 4.36317648677686e-15 5.38458166943201e-15 6.27276008913213e-15 7.13873404833976e-15 7.86037901434611e-15 1.26898491714655e-14 3.24629212400396e-14 1.80189196896663e-14 1.2223555501123e-14 1.91846538655227e-14 2.68673971959288e-14 3.76032538440541e-14 3.41060513164848e-14 2.1138646388863e-14 1.88071780371502e-14 1.51767487466259e-14 1.32560629140244e-14 1.53432822003197e-14 1.52877710490884e-14 1.90181204118289e-14 1.70641278884887e-14 1.20570220474292e-14 1.13575815419154e-14 6.78346268045971e-15 7.12763181809351e-15 6.7168492989822e-15 6.7168492989822e-15 3.50830475781549e-15 6.7612582199672e-15 7.46069872548105e-15 9.43689570931383e-15 1.29674049276218e-14 1.43218770176645e-14 1.60316204755873e-14
2.04281036531029e-15 1.94289029309402e-15 2.05391259555654e-15 2.16493489801906e-15 1.82076576038526e-15 1.55431223447522e-15 2.04281036531029e-15 2.1094237467878e-15 2.1538326677728e-15 2.39808173319034e-15 2.72004641033163e-15 3.01980662698043e-15 3.79696274421804e-15 5.58442181386454e-15 4.65183447317941e-15 5.07371922253697e-15 5.52891066263328e-15 6.89448498292222e-15 6.61692922676593e-15 8.70414851306123e-15 1.4432899320127e-14 1.89404048001052e-14 1.99729122130066e-14 1.54987134237672e-14 2.49467113633273e-14 4.82058837292243e-14 5.01376717920721e-14 4.0645264931527e-14 2.87547763377916e-14 1.95177207729103e-14 2.4491519923231e-14 1.45883305435746e-14 1.55764290354909e-14 1.71640479607049e-14 2.72670774847938e-14 1.52211576676109e-14 3.34177130412172e-14 2.56572540990874e-14 1.55986334959834e-14 2.67563748934663e-14 1.77635683940025e-14 1.7785772854495e-14 9.70334923522387e-15 9.68114477473137e-15 1.0724754417879e-14 1.17461596005342e-14 1.27675647831893e-14 1.44106948596345e-14 1.60871316268185e-14
2.54241072639161e-15 2.43138842392909e-15 2.27595720048157e-15 2.73114864057789e-15 2.97539770599542e-15 2.22044604925031e-15 2.35367281220533e-15 2.62012633811537e-15 2.59792187762287e-15 3.56381590904675e-15 4.19664303308309e-15 4.2632564145606e-15 5.27355936696949e-15 8.38218383591993e-15 7.21644966006352e-15 6.30606677987089e-15 6.88338275267597e-15 6.86117829218347e-15 8.31557045444242e-15 1.2534417948018e-14 3.30402372128447e-14 2.50466314355435e-14 1.89626092605977e-14 1.84852133600089e-14 3.27404769961959e-14 5.39235323060439e-14 6.48703313288479e-14 6.99995617026161e-14 6.09179373611823e-14 6.33937347060964e-14 3.85358411847392e-14 2.99760216648792e-14 2.24598117881669e-14 2.12607709215717e-14 3.79585252119341e-14 2.39808173319034e-14 5.34794430961938e-14 4.26880752968373e-14 4.94215779411888e-13 5.65991697953905e-14 3.43836070726411e-14 1.90514271025677e-14 1.66755498298698e-14 2.01949568179316e-14 4.04121180963557e-14 1.96731519963578e-14 1.87405646556726e-14 2.00950367457153e-14 1.75748304798162e-14
2.78665979180914e-15 3.25295346215171e-15 3.08642000845794e-15 3.40838468559923e-15 5.36237720893951e-15 5.28466159721575e-15 4.51860771022439e-15 4.08562073062058e-15 4.05231403988182e-15 4.92939022933569e-15 5.38458166943201e-15 5.99520433297585e-15 7.16093850883226e-15 1.32227562232856e-14 1.30340183090993e-14 8.01581023779363e-15 8.59312621059871e-15 1.11022302462516e-14 2.19824158875781e-14 4.32764934998886e-14 4.87387907810444e-14 2.70006239588838e-14 2.50910403565285e-14 2.32813768263895e-14 3.94240196044393e-14 6.08624262099511e-14 6.47482067961391e-14 6.99551527816311e-14 7.58393348121444e-14 8.40660874246169e-14 6.43707309677666e-14 5.61883872762792e-14 5.02264896340421e-14 5.20139487036886e-14 7.72937269744034e-14 8.67084182232247e-14 1.01951780351328e-13 3.88432619402579e-12 3.90210086465004e-13 3.52273765713562e-14 3.29243299290738e-12 1.6743273434372e-13 3.74922315415915e-14 3.32067706665384e-14 1.74749104076e-14 2.91100477056716e-14 2.93876034618279e-14 2.42472708578134e-14 2.09721129351692e-14
3.530509218308e-15 3.65263375101676e-15 3.79696274421804e-15 5.06261699229071e-15 7.09432512735475e-15 8.06021915877864e-15 9.04831765069503e-15 7.82707232360735e-15 7.061018436616e-15 7.03881397612349e-15 6.82787160144471e-15 7.88258347483861e-15 1.13353770814228e-14 1.99396055222678e-14 2.77111666946439e-14 1.47659662275146e-14 1.51656465163796e-14 3.01980662698043e-14 4.01789712611844e-14 8.77964367873574e-14 9.64894830701724e-14 6.56807941368243e-14 4.09894340691608e-14 3.50497408874162e-14 5.69655433935168e-14 8.45434833252057e-14 8.67528271442097e-14 7.45514761035793e-14 6.55697718343617e-14 9.63451540769711e-14 7.12985226414276e-14 1.13964393477772e-13 9.17377285247767e-14 7.943645741193e-14 1.6885381981524e-13 8.74966765707086e-14 7.81041897823798e-14 5.25579579857549e-14 1.02851061001274e-13 2.13982165320203e-12 6.51655396310957e-12 4.4619863359685e-14 4.26880752968373e-14 2.55679921679075e-12 2.93765012315816e-13 4.96380714309908e-14 3.63931107472126e-14 2.49245069028348e-14 3.39950290140223e-14
4.56301663120939e-15 4.87387907810444e-15 6.11732886568461e-15 6.65023591750469e-15 7.99360577730113e-15 9.96980276113391e-15 1.10023101740353e-14 1.15463194561016e-14 1.14575016141316e-14 1.18349774425042e-14 1.0680345496894e-14 1.56874513379535e-14 2.00506278247303e-14 2.36144437337771e-14 3.56381590904675e-14 2.9787283750693e-14 2.91988655476416e-14 1.00397468116853e-13 1.2418954753457e-13 3.05202529915505e-12 2.94309021597883e-13 5.02701213989099e-12 3.99347221957669e-14 1.09701137063212e-13 7.3041572790089e-14 7.94031507211912e-14 8.52762305214583e-14 1.0387246618393e-13 1.11211040376702e-13 1.03816955032698e-13 1.02706732008073e-13 9.4224628099937e-14 1.32172051081625e-13 1.16329168520224e-13 9.23816578790593e-14 1.02051700423544e-13 9.9609209769369e-14 1.81665793519414e-13 1.51423318328625e-13 1.03970720921609e-11 2.45501396989312e-12 7.52398143788469e-14 1.03628217118512e-13 1.26809673872685e-13 7.51176898461381e-14 2.24265050974282e-14 9.11715147822179e-14 9.25703957932455e-14 3.75255382323303e-14
6.58362253602718e-15 6.58362253602718e-15 7.26085858104852e-15 7.64943663966733e-15 9.05941988094128e-15 1.24789067967868e-14 1.32671651442706e-14 1.37223565843669e-14 1.39666056497845e-14 1.55542245749984e-14 1.44440015503733e-14 2.07500683302442e-14 2.47690756793872e-14 2.30038210702332e-14 4.2765790908561e-14 6.07514039074886e-14 6.74904576669633e-14 8.64641691578072e-14 2.31292762720159e-13 2.64510635616944e-13 1.54720680711762e-13 7.36188887628941e-14 5.76316772082919e-14 4.85833595575969e-14 1.03939079565407e-13 1.10367270877987e-13 1.71895830902713e-13 1.39421807432427e-13 2.50073295404718e-12 1.346145417358e-13 1.47426515439975e-13 1.66910929522146e-13 1.62103663825519e-13 1.34903199722203e-13 1.51856305308229e-13 1.53310697470488e-13 1.65312208366686e-13 1.78468351208494e-13 1.42541534131624e-13 2.44507747382272e-12 2.13262740800246e-13 1.91668902971287e-13 1.97588612138588e-12 2.42628139801582e-13 1.50257584152769e-13 6.35602681597902e-14 6.62581101096293e-14 5.00599561803483e-14 5.01265695618258e-14
8.37108160567368e-15 8.8484775062625e-15 9.03721542044877e-15 9.89208714941014e-15 1.16573417585641e-14 1.6242562850266e-14 1.64868119156836e-14 2.09166017839379e-14 1.86073378927176e-14 1.99174010617753e-14 2.22710738739806e-14 4.01678690309382e-14 3.5793590313915e-14 3.30180327523522e-14 5.76427794385381e-14 7.88591414391249e-14 9.50350909079134e-14 9.71445146547012e-14 1.73905334577285e-13 1.78157488761599e-13 9.73776614898725e-14 9.58344514856435e-14 1.16384679671455e-13 1.14552811680824e-13 1.50057744008336e-13 1.35158551017867e-13 1.15107923193136e-13 1.36046729437567e-13 1.33659749934623e-13 1.25566224085105e-13 1.40820688443455e-13 1.85429449572894e-13 2.06190620133384e-13 1.74193992563687e-13 1.42297285066206e-13 2.24886775868072e-13 2.23776552843447e-13 1.97575289462293e-13 1.65434332899395e-13 1.3389089836835e-11 1.38200562105339e-13 1.88449256199874e-13 6.69354571769531e-12 1.16950893414014e-13 9.87543380404077e-14 8.77853345571111e-14 7.25752791197465e-14 8.59645687967259e-14 7.76378961120372e-14
1.14019904629004e-14 1.34003919072256e-14 1.38333788868294e-14 1.26565424807268e-14 1.44995127016045e-14 2.65010235978025e-14 1.98285832198053e-14 3.0009328355618e-14 2.43249864695372e-14 3.10862446895044e-14 3.28626015289046e-14 4.70179450928754e-14 3.46722650590436e-14 5.04929431599521e-14 7.81374964731185e-14 1.18494103418243e-13 1.22579724148864e-13 1.53521639845167e-13 1.47970524722041e-13 8.34665669913193e-14 1.05448982878897e-13 1.29529720283017e-13 1.51900714229214e-13 1.84041670792112e-13 2.10709227843608e-13 1.41986422619311e-13 1.06198383420519e-12 5.63565860645099e-12 2.59423593718111e-12 1.51345602716901e-13 1.94000371323e-13 2.49666953777705e-13 2.63322696980595e-13 2.18480789015985e-13 1.86428650295056e-13 2.00139904649177e-13 2.45292675060682e-13 1.69453340248538e-13 3.50675044558102e-13 2.82567302889447e-12 3.9771519411147e-13 4.89142060189351e-13 1.91313631603407e-13 1.69897429458388e-13 1.66910929522146e-13 1.47859502419578e-13 1.13009601676595e-13 9.99977878279879e-14 1.01563202292709e-13
1.41331391034782e-14 1.73305814143987e-14 1.78079773149875e-14 1.58983937126322e-14 1.85518267414864e-14 2.11053396981242e-14 2.48578935213573e-14 3.56270568602213e-14 3.68149954965702e-14 2.11675121875032e-13 5.00488539501021e-14 5.22248910783674e-14 6.14952533339874e-14 6.88227252965135e-14 7.36077865326479e-14 8.57314219615546e-14 9.50794998288984e-14 1.27697852292386e-13 1.22957199977236e-13 1.75115477674126e-13 1.62203583897735e-13 1.6485701692659e-13 2.06967776250622e-13 2.37609931730276e-13 2.70461431028934e-13 1.47837297959086e-13 1.04896091812634e-12 5.29428723083924e-12 1.73905334577285e-13 2.12740935978673e-13 2.31681340778778e-13 2.33957297979259e-13 2.59170462868497e-13 2.63356003671333e-13 2.34989805392161e-13 3.10762526822828e-13 3.34965388759656e-13 2.79465339758644e-13 1.61347601945749e-12 1.30019328636877e-12 7.79387665517106e-13 2.39039898985993e-12 9.54264445240938e-12 1.38722366926913e-13 1.74071868030978e-13 1.95721217011169e-13 2.26418883642054e-13 2.12785344899657e-13 1.59305901803464e-13
1.69086966650411e-14 2.65010235978025e-14 2.87325718772991e-14 2.37032615757471e-14 1.59983137848485e-14 1.97508676080815e-14 2.45137243837235e-14 3.75921516138078e-14 8.66762217555106e-13 2.39785968858541e-13 3.43836070726411e-14 5.78981307342019e-14 6.73572309040083e-14 7.63611396337183e-14 9.5590202420226e-14 3.25728333194775e-13 1.74027459109993e-13 1.82909243306995e-13 1.87716509003621e-13 2.05324646174176e-13 1.91968663187936e-13 1.97852845218449e-13 1.69841918307156e-13 1.88760118646769e-13 4.09339229179295e-13 2.62989630073207e-13 2.32935892796604e-13 3.23607807217741e-13 3.03135294643653e-13 2.44404496640982e-13 2.31059615884988e-13 2.47379894346977e-13 2.8252955530661e-13 2.88147283811213e-13 3.38784555964367e-13 4.19653201078063e-13 3.58091334362598e-13 3.41615624677161e-13 6.31650287630237e-13 2.0803803124636e-12 4.80548933978753e-13 4.13269418686468e-13 1.36068933898059e-13 1.34092736914226e-13 1.23612231561765e-13 1.11710640737783e-13 1.05693231944315e-13 2.04591898977924e-13 2.44171349805811e-13
2.26041407813682e-14 2.65565347490337e-14 3.1596947280832e-14 2.86770607260678e-14 2.77222689248902e-14 2.95652391457679e-14 3.35287353436797e-14 3.85580456452317e-14 1.43540734853786e-13 8.12516720571921e-13 6.19059248307963e-12 6.7390537594747e-14 7.64721619361808e-14 8.93063401008476e-14 1.06503694752291e-13 1.87960758069039e-13 1.76936243434511e-13 2.12607709215717e-13 2.46291875782845e-13 2.43915998510147e-13 1.97919458599927e-13 2.44060327503348e-13 3.00881541903664e-13 3.56925600186742e-13 6.78945788479268e-13 2.71449529520851e-13 2.06867856178405e-13 3.28015392625502e-13 3.11706216393759e-13 3.24640314630642e-13 2.88202794962444e-13 2.59381405243175e-13 2.79765099975293e-13 2.95274915629307e-13 3.14714920790493e-13 3.40749650717953e-13 2.72704081538677e-13 2.89412938059286e-13 2.46269671322352e-13 2.60214072511644e-13 2.62823096619513e-13 2.36255459640233e-13 1.80389037041095e-13 1.59416924105926e-13 1.38389300019526e-13 1.24700250125898e-13 1.30584432156411e-13 1.50723877823111e-13 1.76758607750571e-13
1.83630888273001e-14 2.53463916521923e-14 2.6878499426175e-14 2.88546964100078e-14 3.0275781881528e-14 3.18745030369882e-14 3.539391002505e-14 3.73701070088828e-14 4.49085213460876e-14 6.23834317536875e-14 0 5.46451772720502e-14 7.06434910568987e-14 1.01507691141478e-13 1.42674760894579e-13 1.80655490567005e-13 1.88338233897412e-13 2.31392682792375e-13 2.918887354042e-13 2.65754085404524e-13 2.21644924636166e-13 3.14526182876307e-13 3.73223674188239e-13 5.78281866836505e-13 5.47828449271037e-13 9.03821462117094e-13 3.79951625717467e-13 3.12261327906072e-13 5.11246600609638e-13 4.11404244005098e-13 3.6205483056051e-13 2.97684099592743e-13 2.97573077290281e-13 3.35897976100341e-13 3.6241010192839e-13 3.65441010785617e-13 3.33066907387547e-13 2.99349434129681e-13 2.98117086572347e-13 3.01358937804253e-13 2.54529730625563e-13 2.5454083285581e-13 2.07633910065397e-13 2.04802841352603e-13 1.58217883239331e-13 1.35169653248113e-13 1.04960484748062e-13 1.23046017819206e-13 1.11477493902612e-13
2.23376872554581e-14 3.11861647617206e-14 3.3628655415896e-14 2.97428748297079e-14 3.26294546937333e-14 3.79918319026729e-14 4.15778522722121e-14 4.4264591991805e-14 5.46673817325427e-14 2.60902410786912e-15 5.55111512312578e-17 1.141053918019e-12 8.28559443277754e-14 1.22102328248275e-13 1.58151269857854e-13 1.65079061531515e-13 1.765254609154e-13 1.84185999785313e-13 2.59237076249974e-13 2.39408493030169e-13 2.8501645488177e-13 4.37694325228222e-13 6.42252917515407e-13 9.15700848480583e-13 1.1160183888137e-12 1.37144740008921e-12 4.69846384021366e-13 6.31794616623438e-13 7.77400366303027e-13 5.59474688799355e-13 5.18030063290098e-13 4.55802062759858e-13 4.37938574293639e-13 4.42523795385341e-13 3.35564909192954e-13 3.13316039779465e-13 1.37475586470259e-12 2.94519963972562e-13 3.48143736061957e-13 3.27560201185406e-13 3.1863400806742e-13 2.87758705752594e-13 2.23898677376155e-13 1.99351646301693e-13 1.88937754330709e-13 1.83497661510046e-13 1.43607348235264e-13 1.32005517627931e-13 1.09390274616317e-13
1.60538249360798e-14 2.39475106411646e-14 2.99871238951255e-14 2.81885625952327e-14 2.72892819452863e-14 3.73923114693753e-14 4.9960036108132e-14 5.31685806492987e-14 5.19251308617186e-14 5.53668222380566e-14 2.38697950294409e-15 1.58262292160316e-13 8.43769498715119e-14 9.31921206870356e-14 1.24289467606786e-13 1.51301193795916e-13 1.61726187997147e-13 1.52455825741527e-13 1.96320737444466e-13 2.13573603247141e-13 3.41460193453713e-13 5.54845058786668e-13 7.26974036524553e-13 8.55093773566296e-13 1.25865984301754e-12 1.0755951684871e-12 5.85143045128689e-13 5.83910697571355e-13 6.95876689604802e-13 6.49991171997044e-13 6.51645404303736e-13 5.84243764478742e-13 6.31761309932699e-13 9.69380131721209e-13 1.18741350085827e-11 1.23341115099151e-11 4.81104045491065e-13 3.95894428351085e-13 4.04054567582079e-13 4.0233372189391e-13 3.91187082726674e-13 2.87858625824811e-13 2.31648034088039e-13 1.88915549870217e-13 1.91291427142914e-13 2.11797246407741e-13 1.93178806284777e-13 1.72450942415026e-13 9.16045017618217e-14
1.34559030584569e-14 1.56541446472147e-14 1.71751501909512e-14 2.16493489801906e-14 2.34368080498371e-14 2.70117261891301e-14 3.37840866393435e-14 3.41615624677161e-14 3.62376795237651e-14 4.73066030792779e-14 4.64406291200703e-14 6.40043573696403e-14 7.02105040772949e-14 9.80215908441551e-14 1.1687317780229e-13 1.45738976442544e-13 1.4818146709672e-13 1.6663337376599e-13 2.29349872427065e-13 2.81297207749276e-13 5.4829474294138e-13 6.57207621657108e-13 7.7179374002867e-13 8.11362088626311e-13 1.26048060877793e-12 1.20182752638698e-12 1.10145226273062e-12 9.29012422545838e-13 7.77877762203616e-13 8.36186675456929e-13 7.86093412585842e-13 7.34312610717325e-13 7.7644557450185e-13 1.15903953101792e-12 6.32169649961156e-11 6.86639634039921e-13 6.52256026967279e-13 5.45674616603264e-13 5.08315611824628e-13 5.25512966476072e-13 4.85955720108677e-13 3.92486043665485e-13 3.10318437612977e-13 2.4500401707428e-13 2.5077717680233e-13 2.73581157728131e-13 2.39841480009773e-13 2.29349872427065e-13 2.316147273973e-13
1.55875312657372e-14 1.55542245749984e-14 1.69086966650411e-14 1.88182802673964e-14 1.96287430753728e-14 2.42916797787984e-14 2.54463117244086e-14 3.3761882178851e-14 3.82804898890754e-14 4.29989377437323e-14 4.90052443069544e-14 5.82867087928207e-14 1.00941477398919e-13 8.24118551179254e-14 9.76774217065213e-14 1.3408163468398e-13 1.65267799445701e-13 1.93833837869306e-13 2.87680990140871e-13 4.04198896575281e-13 5.3348436779288e-13 5.76616532299568e-13 6.74160727243134e-13 8.80606698672182e-13 1.05438990871676e-12 8.21087642322027e-13 4.76060302290193e-12 3.01552116610537e-12 3.34622884956559e-11 1.47656331606072e-12 1.47065692956971e-12 1.08539843779454e-12 1.26127996935566e-12 2.02642347346682e-12 1.63098423655583e-12 9.31277277516074e-13 8.476774837618e-13 5.49427170426497e-13 7.5174311220394e-13 7.63511476264966e-13 7.26485538393717e-13 4.51572113036036e-13 4.34041691477205e-13 3.7390091023326e-13 3.71425112888346e-13 3.92674781579672e-13 3.52229356792577e-13 3.07032177460087e-13 2.91655588569029e-13
1.12354570092066e-14 1.29896093881143e-14 1.45439216225896e-14 1.38000721960907e-14 1.51878509768721e-14 1.7608137170555e-14 1.99285032920216e-14 2.6878499426175e-14 1.94400051611865e-14 3.3717473257866e-14 4.39870362356487e-14 5.62661028880029e-14 6.49147402498329e-14 8.05799871272939e-14 1.02562403014872e-13 1.41275879883551e-13 1.59539048638635e-13 1.82298620643451e-13 2.21556106794196e-13 2.91078272596224e-13 3.93141075250014e-13 4.82447415350862e-13 5.73419089988647e-13 7.49100781405332e-13 1.05486730461735e-12 3.49551720901786e-11 4.81841566646324e-11 1.81277215460796e-12 1.42058587115912e-12 2.83558732050437e-12 3.49477113914531e-12 2.54631871143829e-12 2.27503571537113e-12 1.90294446866801e-12 1.3271828080974e-12 9.84468062625865e-13 9.28757071250175e-13 1.27474475419831e-11 6.86173340369578e-13 9.74242908569067e-13 6.89659440666901e-13 5.2993165411408e-13 3.62010421639525e-13 5.01232388927519e-13 4.2374992403893e-13 4.35262936804293e-13 4.00879329731652e-13 4.46342962590052e-13 4.05464550823353e-13
1.13797860024079e-14 1.2179146580138e-14 1.51323398256409e-14 1.5798473640416e-14 1.60316204755873e-14 1.738609256563e-14 1.9151347174784e-14 4.59332571978166e-13 2.07722727907367e-14 3.10862446895044e-14 3.44724249146111e-14 4.05342426290645e-14 5.5255799935594e-14 7.64055485547033e-14 1.00319752505129e-13 1.43629552695757e-13 1.63835611743934e-13 1.95221616650088e-13 2.34479102800833e-13 3.07476266669937e-13 3.62976315670949e-13 4.68347582938122e-13 6.33038066411018e-13 1.03014263785894e-12 1.32074351455458e-12 1.37601041672042e-12 8.10373990134394e-12 4.17628154281147e-12 4.86666262844437e-12 4.7109316447802e-12 4.56038540264103e-12 2.92038615512524e-12 1.29851684960158e-12 1.54193324775065e-12 1.18658416425887e-12 9.85622694571475e-13 9.81104086861251e-13 9.82369741109323e-13 7.08755276690454e-13 7.8882456122642e-13 5.99464922146353e-13 5.63116220320126e-13 6.53388454452397e-13 6.40754116432163e-13 5.64404079028691e-13 4.63951099760607e-13 4.47020198635073e-13 4.47242243239998e-13 4.71034322657715e-13
8.04911692853238e-15 9.29256671611256e-15 1.03361763592602e-14 1.00697228333502e-14 1.23456800338317e-14 1.33670852164869e-14 1.55542245749984e-14 1.62647673107585e-14 1.93844940099552e-14 2.42916797787984e-14 3.24962279307783e-14 4.60187443707127e-14 6.15285600247262e-14 6.94999613415348e-14 7.94919685631612e-14 1.15862874849881e-13 1.5155654509158e-13 1.85962356624714e-13 2.3973045770731e-13 3.2452929232818e-13 4.65893990053701e-13 6.06958927562573e-13 8.44946335121222e-13 1.38463684962176e-12 2.56327181702432e-12 4.20525836375418e-12 5.41924283226081e-12 1.23066823398688e-10 5.70860025916886e-12 5.52974332990175e-12 4.57861526470538e-12 2.70341526942275e-12 1.76294534526278e-12 1.45552458974407e-12 1.20904397604704e-12 8.76931860460672e-13 7.23954229897572e-13 1.67090785652135e-12 9.55424628301671e-13 9.87676607167032e-13 7.22810700182208e-13 6.76259048759675e-13 6.03705974100421e-13 6.33926244830718e-13 6.72173428029055e-13 5.81401593535702e-13 4.94149166030411e-13 4.61353177882984e-13 5.28055377202463e-13
7.97140131680862e-15 8.98170426921752e-15 9.1926466438963e-15 1.07469588783715e-14 1.13353770814228e-14 1.11577413974828e-14 1.3988810110277e-14 1.18793863634892e-14 3.95716792667145e-13 2.06168415672892e-14 2.54241072639161e-14 3.58602036953926e-14 4.31543689671798e-14 6.10955730451224e-14 8.06132938180326e-14 1.02651220856842e-13 1.25355281710426e-13 1.70763403417595e-13 2.13495887635418e-13 3.26050297871916e-13 5.71209746169643e-13 6.43174402625846e-13 8.20643553112177e-13 1.82113213398338e-12 5.4129034587902e-12 1.12732156942741e-11 9.42386169100473e-12 7.75663977492513e-12 6.30007157553791e-12 4.6466719361149e-12 3.55175888699932e-12 2.33677521777054e-12 1.24255050693023e-12 1.12034825860974e-12 1.03312913779519e-12 9.23927601093055e-13 8.19544432317798e-13 3.10039327544587e-11 9.17044218340379e-13 1.10664810648586e-12 8.77664607656925e-13 8.91808848990649e-13 2.11687334328303e-12 4.12958556239573e-13 6.75937084082534e-13 6.10245187715464e-13 5.69566616093198e-13 4.37572200695513e-13 4.5985437679974e-13
6.12843109593086e-15 6.91668944341472e-15 8.61533067109121e-15 9.88098491916389e-15 1.13242748511766e-14 9.83657599817889e-15 1.15685239165941e-14 1.19237952844742e-14 1.33559829862406e-14 1.46549439250521e-14 1.82520665248376e-14 2.57238674805649e-14 3.11195513802431e-14 4.37205827097387e-14 6.35602681597902e-14 8.3233420156148e-14 9.94870852366603e-14 1.31761268562514e-13 1.80755410639222e-13 2.89990254032091e-13 5.55144819003317e-13 7.40596473036703e-13 9.14801567830636e-13 1.98543403939766e-12 3.65527608181537e-12 9.01766439298512e-12 7.18129999910389e-12 4.48635573135903e-12 3.53171936140484e-12 2.68750577347987e-12 2.26690888283088e-12 1.01408847985596e-10 1.031452701028e-12 8.09641242938142e-13 8.72157901454784e-13 9.55480139452902e-13 9.23550125264683e-13 6.33204599864712e-13 9.39603950200763e-13 1.06137321154165e-12 9.76652092532504e-13 9.00302055129032e-13 1.48779877306993e-12 7.19146964200945e-13 6.80167033806356e-13 5.08415531896844e-13 4.48685533172011e-13 4.23239221447602e-13 4.48696635402257e-13
