Scripts_&_data/Maxent_result_files_2/B_mesomelas_2.asc
NCOLS 594 
NROWS 330 
XLLCORNER -15 
YLLCORNER 23 
CELLSIZE 0.166666666666667 
NODATA_value -9999 
[rows 140 to 159 of 330, columns 135 to 179 of 594]
-9999 -9999 -9999 -9999 -9999 -9999 -9999 -9999 6.5828328661155e-05 0.36861547678709 0.0447484522126615 0.0369387510232627 0.143187967769336 0.334076161682606 0.313808976911241 -9999 -9999 -9999 -9999 -9999 -9999 -9999 -9999 -9999 -9999 -9999 -9999 -9999 -9999 -9999 -9999 -9999 -9999 -9999 0.0119737618835643 -9999 -9999 -9999 -9999 -9999 -9999 -9999 -9999 -9999 -9999
-9999 -9999 -9999 -9999 -9999 -9999 -9999 -9999 9.48944390984252e-05 0.32416393533349 0.44621164649725 0.488837763667107 0.0959682641550899 0.128879655338824 0.0197852884419262 0.0137701307656243 -9999 -9999 -9999 -9999 -9999 1.05651070043677e-05 -9999 -9999 -9999 -9999 -9999 -9999 -9999 -9999 1.36973614644376e-05 -9999 -9999 -9999 8.03873379481956e-05 0.000280806433875114 5.57734165340662e-05 -9999 -9999 -9999 -9999 -9999 -9999 -9999 -9999
-9999 -9999 -9999 -9999 -9999 -9999 -9999 -9999 0.032649297080934 0.140746070817113 0.199015222117305 0.524753305315971 0.0998841436579823 0.0554950999445282 0.0719809971749783 0.0268451359122992 0.0510762101504952 0.00123630003072321 0.0722067491151392 0.0418093679472804 0.012609879556112 -9999 -9999 -9999 -9999 -9999 -9999 -9999 6.10764612247294e-05 0.0325178567320108 0.0230688821990043 0.0275289610144682 0.0827057659626007 0.0449824150651693 6.48799672489986e-05 -9999 -9999 -9999 -9999 -9999 -9999 -9999 -9999 -9999 -9999
-9999 -9999 -9999 -9999 -9999 -9999 -9999 -9999 -9999 0.0241992299910635 0.0521230828948319 0.0433080404996872 0.104730140417814 0.197823669016361 0.0273441182682291 0.0311717608012259 6.26313383691013e-05 0.480582125484943 0.0145373771898448 7.10356682247948e-05 -9999 -9999 -9999 -9999 -9999 0.0235290708485991 0.0328917721286416 0.0493804208759684 0.014687829837203 0.057206062041223 0.0206135350745171 0.0208831433672458 0.0227740212343633 0.0214648102410138 0.0184958614874631 2.96714511932805e-05 0.029576662927866 5.63096102268901e-05 -9999 -9999 -9999 -9999 -9999 -9999 -9999
-9999 -9999 -9999 -9999 -9999 -9999 -9999 -9999 -9999 4.70083716209047e-05 0.202326778322458 0.152310166880488 0.0548756454139948 0.025689624901861 0.0168252230156213 0.0578647796064615 0.0254496212117374 0.0135407244088128 0.00990806071495172 0.000107373218634166 0.00794243705458939 0.00920725329779088 0.00735923256725073 6.53725910524372e-06 0.0117275554221123 0.0192502031568438 0.0206748938886449 0.0202406345051713 0.0230513066053391 0.0145432256394997 0.0139152062591165 0.0177907431032509 0.0754023935645819 0.0345783213153481 0.0182541813002899 0.0142304956912994 0.0261424277327023 0.0516578545793891 1.00430479506031e-05 2.4479298008373e-05 -9999 -9999 0.00949087995104492 0.0170580374076962 0.0289659010246396
-9999 -9999 -9999 -9999 -9999 -9999 0.100572472810745 0.184890680760145 0.0763748763129115 0.0977702300995588 0.0253409951925278 0.0203206562437117 0.0295635361690074 0.0236758465180174 0.0393659633584321 0.087312095053494 0.0266643778420985 0.00709681394509971 0.0101096572238021 0.0206691456027329 0.0154223783873022 0.00650359699502587 0.00948005793616176 0.321740397810936 0.0411242942325771 0.0263581762090325 0.0401075439527631 0.0189865261316299 0.0283577584661543 0.0528721793089062 0.000356391363311559 0.102567810378969 0.179699861630797 0.0172384018078446 0.0180316084995866 0.0148575089406222 0.01423212189693 0.020181467034854 0.00495889685116708 -9999 -9999 -9999 1.85702287126333e-05 0.0138951651286334 0.0124484673142433
0.25965940579772 0.0943864148110151 0.399127022922039 5.73863948375219e-05 -9999 -9999 2.43757946009282e-05 0.361606833338737 0.256859612464905 0.0227451600600034 0.0129084144951776 0.0193075581453741 0.0192767093889415 0.0291211245581508 0.579694725386798 0.138926752742555 0.0874866588972509 0.0363965037278831 0.0594240751117468 0.0100856851320714 0.069461719552055 0.00792312908452004 0.0127705836668611 0.000243155937641859 0.0377067359164357 0.0410721713677049 0.0561916094273329 0.000473747146315873 0.0127883149632453 0.0212057542463299 0.0899066445417702 0.0291734990489203 0.0230904016643763 0.0134275728836656 0.0874283948447555 0.0165629485389218 0.0154150960268453 0.0365882985293865 0.0129492691252381 0.0273060690611601 0.0185636267066002 0.000527082707230875 0.0184792439453304 0.00641870010877028 0.0141843766905367
0.0433749075978994 0.0756092335097492 0.156486663967371 0.0323726358823478 1.00354315918594e-05 0.249680774658918 0.198744407296181 0.0557656798511744 0.0775059957057238 0.0557294080033898 0.0676222985610366 0.00852494740393013 0.0217082172632217 0.0290655978955328 0.138807444646955 0.0503025247715414 0.0135491085937247 0.0145434330683202 0.00614631175994873 0.0182277788873762 0.0260708387009799 0.0132049663923681 0.024968053214252 0.0168931735679507 0.0158010606653988 0.0257462244480848 0.02951581152156 0.0232110029552132 0.000490563103812747 0.059651423804462 0.000685150886420161 0.597693668305874 0.000435926016325539 0.0233947817236185 0.000404259530478157 0.0336389567703009 0.0138501978246495 0.0098150874953717 0.0055750995175913 0.0107142070424743 0.0115899379830807 0.0214369814842939 0.273255587834865 0.00290995355098858 0.0119022182829212
0.0524711105041206 0.0152510110521689 0.0110511398408562 0.030326420115307 0.0190651245648041 9.75296861724928e-06 0.10141951777041 0.0631764221005142 0.0244597982382402 0.0101159177720547 0.0104330120142549 0.00427389901597053 0.0175039440859109 0.0229354174807668 0.000988755200887681 0.0229903543367982 0.023828053381294 0.0540726892650127 0.012534149363637 0.0129292175173759 0.00987725798040628 0.0326166670885868 0.00437115637178067 0.0122284776065499 0.0085177302127704 0.00705479441676289 0.0135434715077281 0.0131757575261872 0.0124004236422479 0.0193154361244524 0.0367899444885552 0.00182428190455539 0.000147030233911494 0.000147385614864959 1.65108068316489e-05 0.00238121242437046 0.0221387768164277 0.0270325180143118 7.04308614331239e-05 0.00890136261004955 0.00864545230288058 0.0174848123453557 0.0181100217625499 0.0321742077358067 0.147394343838096
0.00542514735716395 0.00836260200012475 0.012358987564221 0.0140552425058559 0.030642600916326 0.0102350040804595 0.0148886061273515 0.0824566618714016 0.0298095033271238 0.00502000419219257 0.0243797172326595 0.0294374619610608 0.0128685458912514 0.0284903530031443 0.00415966601576656 0.00126501499198639 0.00517900977283716 0.0226535324007273 0.014228885108605 0.0113919050898403 0.00118436002303497 0.0154969254974276 0.00809427014319226 0.00889707615642692 0.0165612092241645 0.0105996127007529 0.0127585656940937 0.0104401235934347 0.0223909641616046 0.0193585545057431 0.000946590128842217 0.000367386317634555 4.16481171715333e-05 0.0124096968676895 0.00661719497293234 0.000932420579556492 0.000134686500516068 0.00711717661470175 0.0114863044582307 0.00825977333006449 0.0323116830084473 0.00861886171624065 0.0189612462185323 0.000114556985499803 0.00823737189057283
0.030507449246943 0.0211733336560428 0.0339747714810073 0.0168771544937044 0.0256592172197998 0.01748395008035 0.0185653284657747 0.00522428447729908 0.00384039434138685 0.00409508537268266 0.0123638717457652 0.0268979439977556 0.032490002643317 0.0601746718399227 0.00603952886303887 0.00220797026267974 2.65379514373443e-05 0.0143240635072289 0.0114215252571739 0.0134519583545625 0.0213946124538779 0.0161602874519303 0.00814258541213348 0.0502513456594897 0.00969819716410711 0.00838318772148341 0.0197079439647496 0.0112275009654695 0.0200910236686468 0.0138003140920773 0.0286272305995226 0.0156583731528372 0.015139094623737 0.00811850929148932 0.0121037563774735 0.0131871025077999 4.92197363207936e-05 0.0222073756158352 0.0171422433573753 0.0165957978344522 0.0103136182762682 0.00981942713260651 3.30177457726677e-05 0.0178192431107163 0.00604754880769178
0.00748212793841958 0.00506990330759436 0.00404046335024759 0.00364109458168969 0.00397213551186724 0.00454503268701956 0.00340217143530026 0.00310272352653556 0.00427249221829698 0.00384557793731801 0.0119723994284868 0.0252723381854594 0.0130637732334435 0.0177315749693662 0.00207934401114471 0.0010153249007999 0.00118174946474028 9.44023949543293e-05 0.0156857744790614 0.014931308478117 0.0203017699532211 0.0120283427648246 0.00810511179151945 0.00674503403133713 0.00415206957841292 0.00580214797519147 0.00822374906856567 0.0140442574534973 0.0193498821463436 0.0131829200079665 0.0145630293525755 0.00825429096003063 0.0198695571161807 0.00974244005046785 0.00999085488729179 0.00209064547088929 0.00230499868630432 0.00415915690391557 0.0100553466705605 0.0210924438200891 0.0223159673623741 0.00385668673552573 0.00644688736647367 3.773201400179e-05 0.000241219475719845
0.00806556376628578 0.0331135982181877 0.0044923405861482 0.0102471417281777 0.00594215916935354 0.0134638427523896 0.00532823253888637 0.0103036930086091 0.00374986192910001 0.0131095143966377 0.029835341218859 0.030312875751406 0.0237599100917578 0.0059150951448828 0.00295560453087091 0.0261484667193145 0.0111806664150208 0.0163066476583481 0.0143388415686786 0.000808206880947182 0.0150005925446749 0.010300448446651 0.00161358316672704 0.0114967887988314 0.018671448668465 0.0105534582980908 0.018939132289961 0.0446047463192372 0.0189375588510302 0.0136755411047488 0.0166084100026637 8.8721263455227e-05 0.00920329467044212 0.0465049156919122 0.0498648362699896 0.416193395247683 0.115964242714108 0.0564042617683299 0.0108142209239304 0.0145218813791871 0.0122832380700856 0.00446676602587104 0.00493603975628503 0.0227174587547779 0.00399749755888479
0.00562993997009471 0.00387394624995068 0.0160723296925426 0.0214236223138869 0.00730343493050896 0.00697081545367837 0.00393527874548454 0.00618970994837582 0.00361054502427578 0.00847399178892374 0.0472258627414703 0.0338541120290756 0.0150549315963872 0.0981605312554166 0.0287999849068001 0.012980861379765 0.00297030108777108 0.00987212611362338 0.0180542139802128 0.034425178845413 0.00929515855677892 0.00831109466962516 0.0135794060770422 0.00975605484818516 0.396173257380724 0.0135340601873395 0.0113579964730889 0.00889947414398193 0.0106985591351986 0.00658496050455142 0.0146931303432211 0.0150955430115573 0.0376793115283363 0.00829468198353425 0.111490976763889 0.324135859054513 0.10186808956787 2.26275825559341e-05 5.21274858031884e-06 0.0152336592786014 0.00905785283539444 0.013627293612808 0.0169815210159868 0.0026965705666953 0.000149823066385579
0.0237369170645252 0.0121027879882604 0.0169491712003946 0.0380613568704575 0.00851999563165009 0.0230047392658889 0.0128798370948061 0.0105046554643195 0.0216010487638414 0.020114037906751 0.0290731120854616 0.0323108034208417 0.0205864331685007 0.00911539568332955 0.0106397550262045 0.00307482745847665 0.00448388950026128 0.0121096872666385 0.0255925343226409 0.0155007451307029 0.0166502385865897 0.0589687427505851 0.0404836378991604 0.0199262958019972 0.0183769389986992 0.0172782110748813 0.0152294863015413 0.00878829651046544 0.0161741057876498 0.00573500027539424 0.00529906360134191 0.0143119330113294 0.00172962060587096 0.0022740126150893 0.024243580410257 0.0129611632786691 0.00179169015775997 1.06940652457865e-06 5.99228919117789e-05 0.0061791181236913 0.000872835816846873 0.000361172159086909 4.13831715931789e-05 1.20778948750622e-05 1.73190399003209e-06
0.0096241174149327 0.00384400623734109 0.00419234852306545 0.00725213279947638 0.0182143887970597 0.0139715361874551 0.0124270684165822 0.0130838789278641 0.0222614036872983 0.0368184816092253 0.0374777577351779 0.020282159326598 0.0311480048112571 0.00618187701329589 0.0384987141005695 0.0164624800439924 0.0162331898929551 0.0138692145468667 0.00780022903345525 0.0073361468501389 0.0110644319735002 0.00846984214149415 0.01024749543285 0.00715971277095377 0.0349487218511058 0.0327293039066717 0.00774449686286971 0.0180223026312888 0.00439310332294554 0.000519488448480843 0.00353872939012945 0.067291703787123 0.0224938006848333 0.00322569458649014 0.000642267338699298 2.20636456434109e-05 1.00831372640275e-07 1.84940546732459e-07 0.000779838173916669 0.010309782458387 5.43378091837354e-06 5.48551806733855e-07 0.000196121663128856 0.000362283841285727 6.30108547488017e-06
0.0243993997981306 0.00988230735529214 0.0101233180728741 0.0115331182256341 0.00597808387828991 0.00925803481513867 0.0565440147183836 0.143333431333303 0.0895977377891541 0.0298080094158649 0.0530221467837691 0.0465961070731282 0.0522604839876294 0.0543296989053488 0.0247006462421268 0.0166476587764919 0.00787359026726335 0.0599374036986546 3.46485071531788e-05 0.0131081600440666 0.0173752899980173 0.0132869259163272 0.00867798579856753 0.00884254011325538 0.00610895385616459 0.00545535807032138 0.0137092208256945 0.0167284599971026 0.067507239151746 0.00736140217632055 0.00830266164848581 0.0111215504817665 0.0160247411346063 0.0138816962309647 0.0206468783479067 0.0171137391386996 0.0133732978349144 0.0186772724948241 0.0187379154282098 0.00764604641572078 0.000803658576183242 0.00275441931710868 0.000247381728700546 0.00321277763687249 9.73683784488699e-08
0.00550003863172606 0.0139722192470799 0.0373364235681947 0.0270571616361849 0.00583036000607535 0.00408646602445515 0.00602774067374412 0.120012857206166 0.114812603592873 0.0588725041598082 0.0403324199840426 0.0548443835228682 0.0377349208109081 0.0529526073485613 0.011444032844156 0.0214484924450517 0.0247062302776612 2.87025969399113e-05 1.0311705647903e-05 0.000216794326422454 0.0207749067805707 0.0717590898275375 0.0266493527218699 0.0236994393635541 0.005195031396579 0.00668876395575353 0.00627041315892711 0.00529414718039334 0.0469838436227292 0.00319030309037771 0.000690468452739879 0.0203430121764541 0.00920415921136737 0.00946645572676061 0.0171188495005481 0.00607838206679991 0.0039845439746669 0.0530498941028441 0.00113914156053951 0.0157230671175057 0.00680707980764055 0.0341778367888764 0.127380003790313 2.35578781981882e-07 9.64819487620616e-05
0.0436039687599987 0.0181332771346206 0.0172421929251868 0.0129552621860057 0.00473889332497492 0.00788524326635525 0.0381627236492932 0.0565048322081566 0.0991322621703148 0.0274803932756186 0.00567394454265013 0.0278512348420918 0.0360969378612936 0.038454104308039 0.0274579943623394 0.0439060210250318 0.00491473406145815 0.0260824571829289 0.0440814226865768 0.0207100383937359 0.00928790655452758 0.0217360050883144 0.0295926973223686 0.0499321557581425 0.0107493658229942 0.00602537356317043 0.0119315492251189 0.00503919781185687 0.0275962586893002 0.0711710564326495 0.0129628167953342 0.0161897085607052 0.0210411073639989 0.0265165017015534 0.0113759625237435 0.00257228085122847 0.00124912741430307 0.05360789289698 0.0126968061982552 0.0104734114635221 0.227461530268192 8.80342059506933e-05 5.24176794659326e-05 1.05776038186178e-06 0.000287165540362366
0.243298570811748 0.171785249561071 0.0644729662686586 0.014658883534139 0.0654401624575257 0.054277697391808 0.186115977168083 0.167827121913433 0.0661283154040575 0.0310777528211474 0.0221240780781955 0.0159223134629428 0.0431934027001262 0.035149941034615 0.0231282935012132 0.0216307762078941 0.0178112189751118 0.0218555815983564 0.0315864857286215 0.0289804832078516 0.0966617396101355 0.054258244857192 0.00867738278466277 0.0170117205940187 0.00705968961119652 0.0145872897235677 0.0519498509267578 0.0143539299286203 0.0548576361441519 0.0430409269079973 0.00743927751900628 0.00992391403997317 0.0232398600317538 0.0154950683005154 0.0104704784345813 0.00876401643035933 0.0145703399553895 0.00567257937509567 1.90486812543966e-05 1.08084831627941e-05 0.00966536233609077 1.36192943992475e-06 0.0742220071144402 1.36340591788908e-05 0.000116798910867588
