Scripts_&_data/Maxent_result_files_2/B_mesomelas_2.asc
NCOLS 594 
NROWS 330 
XLLCORNER -15 
YLLCORNER 23 
CELLSIZE 0.166666666666667 
NODATA_value -9999 
[rows 180 to 199 of 330, columns 495 to 539 of 594]
4.07346882536075e-07 1.99256019310923e-06 2.323171722729e-06 2.63907808708552e-06 2.38991068943761e-06 2.43564761088777e-06 2.04674878725442e-06 2.59682044365661e-06 2.59926442662817e-06 2.95515693320425e-06 2.48238432583037e-06 3.48052971936852e-06 3.90298626076202e-06 4.63026011843226e-06 6.36426488789255e-06 1.01595815721112e-05 1.65173261649776e-05 2.05115319574456e-05 2.11284850622939e-05 2.18740989227473e-05 2.96806093164181e-05 3.67454151619095e-05 3.98618129569761e-05 5.24940791259643e-05 0.000132032192843268 0.000245294539788399 0.000246779993109714 0.000458788161442436 0.000189977817079845 0.000344345890902753 0.000361529382038384 0.000327380740516447 0.000143284751468964 0.000120255548986326 5.80027244734493e-05 1.03404730673162e-05 3.11055131296811e-06 1.5292758678509e-06 1.61547757664415e-06 9.89913300628587e-06 3.64034911175537e-06 2.99975925504015e-06 1.66553239339118e-05 3.03291475548417e-05 1.432507574749e-05
1.71782160265366e-06 1.82259673475738e-07 1.55056134465426e-06 1.65089353290071e-06 2.37903166429021e-06 1.81433242296691e-07 2.61142579560669e-06 2.4472485359972e-06 2.54148035994106e-06 2.29713025863276e-06 2.94628322823343e-06 4.22768220769143e-06 4.45113010556497e-06 5.43726193669158e-06 6.88021764219116e-06 1.03601689325217e-05 1.64293863747722e-05 2.03437337320089e-05 2.36527476831117e-05 3.11088061270337e-05 3.1001801540087e-05 3.92050745238959e-05 4.85562554225827e-05 4.86174354483726e-05 6.04103318449734e-05 7.58531816725472e-05 8.67199389208762e-05 0.000125288263813472 0.000164538267544245 0.000319746895913164 0.00016049738954369 0.000124386291088019 0.000126213175862078 0.00017423462749907 4.71431038936654e-05 3.09776440816645e-05 1.74819412109395e-05 5.25429194215832e-06 2.86516920180446e-06 1.80414445853927e-06 2.62927033531923e-06 7.05248472492315e-06 2.90351150256662e-05 2.51976691147182e-05 2.02667890591091e-05
2.53815259494417e-06 2.05316073635942e-06 1.9978571073942e-06 1.87617571238974e-06 1.85755677026833e-06 1.95779937932628e-06 2.77957488528102e-06 2.83540984398201e-06 2.51001492230785e-06 3.39406290734701e-06 4.10753818336218e-06 4.8057743551766e-06 5.63351721041272e-06 6.23851947736398e-06 7.4335749651766e-06 1.00241791095357e-05 1.42139109229444e-05 1.85574295130886e-05 2.44274758103624e-05 3.31667098523725e-05 2.56728891515401e-05 3.35149709943194e-05 6.14054161263144e-05 6.05562306885798e-05 6.45015772094082e-05 0.000101420333688129 0.000148915849398357 8.53109658038642e-05 0.000110773369654538 0.000130941937265949 5.41133988695597e-05 5.02572600116435e-05 3.83339889881151e-05 4.58588237908897e-05 1.34380740654305e-05 7.37028550865659e-06 5.73843541999963e-06 7.16651717844741e-06 3.99333170211236e-06 1.74306764280097e-06 2.65361544178333e-06 3.38007910887228e-06 9.42664869683085e-06 1.3878226236852e-05 1.12944944895332e-05
3.32596949537134e-06 2.97284973793666e-06 2.97690816619678e-06 2.92801109527119e-06 2.57473539591047e-06 2.75844842416717e-06 3.40145140853565e-07 3.44094321409472e-06 4.15573873464581e-06 4.7304571182849e-06 4.55763149034283e-06 4.72623097458325e-06 5.89118175255976e-06 6.5678857129825e-06 7.64674802908871e-06 8.6162058956063e-06 9.60276327504061e-06 1.30187674187821e-05 1.6427612732195e-05 1.84352989890946e-05 2.17022117255383e-05 2.69961578795774e-05 3.64913021090096e-05 5.07278854123827e-05 7.56123964295807e-05 7.90445163860731e-05 9.09292874259227e-05 5.40702848304431e-05 5.98395115399386e-05 4.8879039889449e-05 4.31218165206637e-05 4.0504370326977e-05 1.54872135041839e-05 1.43521717248629e-05 1.63858117417814e-05 1.46416702847429e-05 5.54456849890528e-06 8.8977622681341e-06 7.40080770107454e-06 7.14115861129017e-06 4.53489789702388e-06 1.03925120093606e-05 2.84496050768634e-05 7.05557653448818e-05 2.25661296156532e-05
3.96783029206205e-06 3.30720935366458e-06 2.75486325378438e-06 3.02374619192136e-06 3.1630339286437e-06 3.3316403889927e-06 0.000116542873379455 3.60208310379306e-06 3.60241045740395e-06 4.6038687202099e-06 5.06776800754949e-06 4.78185351937555e-06 5.09977272216133e-06 5.67858829221279e-06 6.2483503885602e-06 6.94147113655674e-06 8.16469339000037e-06 1.09669632749498e-05 1.63507445677391e-05 1.93299103841915e-05 2.16026687042459e-05 2.57332770019936e-05 3.07191977073407e-05 3.72547210875651e-05 3.59801933202619e-05 2.95596417232646e-05 2.76774059387641e-05 2.91351296113795e-05 4.42563384528416e-05 4.06892511992218e-05 0.000100315197352518 7.85842570758866e-05 1.75674868288067e-05 9.16168362152803e-06 1.17137992546645e-05 7.93554170144262e-06 4.79530084547264e-06 8.24916317583302e-06 6.49575042999118e-06 3.82420618443291e-06 5.28770903152065e-06 1.18266326389005e-05 2.58300400248213e-05 2.32092365678671e-05 1.63751328912665e-05
3.71007279973412e-06 3.01220471694563e-06 3.0387185114833e-06 3.06101571112549e-06 2.85145630165573e-06 3.22266170620367e-06 3.12982767169956e-06 4.12166382091073e-06 4.89640091991816e-06 4.78065135816053e-06 4.94323195248114e-06 4.49013067367332e-06 4.58203088875564e-06 5.13644068931285e-06 5.37988563742431e-06 6.69934568620079e-06 7.80832451496849e-06 1.11439657430989e-05 1.60429020411579e-05 2.24831295071892e-05 2.70174579840243e-05 2.42167829356599e-05 2.0941172485367e-05 1.57956462118247e-05 1.61270729535312e-05 1.50488633096413e-05 2.02950780448297e-05 2.14144334706012e-05 2.33158482302986e-05 3.03739906884148e-05 6.57940297306703e-05 6.4473372778362e-05 1.53401333648273e-05 1.07794443451326e-05 8.5937457441787e-06 5.96840008704191e-06 7.83675906887993e-06 6.9752735125661e-06 6.4476778835143e-06 7.88604618762179e-06 7.23758018779108e-06 1.13209162982741e-05 1.49142148572534e-05 1.77448767260779e-05 1.43450921271548e-05
3.27202695959983e-06 2.38515429993313e-06 3.30948856142044e-06 3.28816610153382e-06 2.99096140441435e-06 3.20930432788913e-06 3.73147205650071e-06 4.48559197856468e-06 4.64305105793983e-06 6.19937943540094e-06 5.89247356472811e-06 4.50649734773378e-06 5.17136222875081e-06 5.91170407275854e-06 6.32096779114022e-06 8.59571686220306e-06 9.83708640944769e-06 1.08556822027706e-05 1.32359907397128e-05 1.45747973462784e-05 1.64231904349998e-05 1.68790239968297e-05 1.21666485768057e-05 1.1787927127227e-05 1.42129105228261e-05 1.60990714889064e-05 1.64728674974524e-05 1.49322082762748e-05 1.58916003854981e-05 1.74700465365385e-05 2.35700186380527e-05 2.3956554946436e-05 1.51524675658377e-05 1.15742766233495e-05 7.86752037242877e-06 7.04570024190332e-06 7.90114607767123e-06 8.02503045420622e-06 8.10385843692529e-06 9.96952434348941e-06 7.01805334060168e-06 1.15227608326052e-05 1.3339272356927e-05 1.20595938057022e-05 1.4218348196593e-07
2.44811512599696e-06 2.92261836882801e-06 3.55833773060255e-06 3.07868705640146e-06 2.61313622917925e-06 3.12358227656517e-06 4.14661242480463e-06 5.72745037494826e-06 5.07120338149036e-06 4.98358574567703e-06 5.22010240260329e-06 4.74998137569571e-06 5.13726766193656e-06 6.06703678585063e-06 7.37095332752347e-06 1.00614204115002e-05 1.08719286657899e-05 1.25382486672376e-05 1.18261956274179e-05 1.35789519632334e-05 1.16048367076016e-05 1.03758389087716e-05 9.7463362102701e-06 1.54013919726248e-05 2.1228602716461e-05 3.08347844795276e-05 2.51735853823543e-05 2.00081203161395e-05 1.75727907589129e-05 1.7781737486211e-05 1.69052526757918e-05 1.3370102263377e-05 1.13429859013081e-05 8.52482755462347e-06 8.50376464001101e-06 9.73743793011295e-06 7.3081253155749e-06 7.71993743882149e-06 8.17022407844092e-06 7.83501701633327e-06 6.44147234147852e-06 9.10184308793305e-06 5.12122185991615e-07 1.50254357866864e-06 1.41393341417384e-06
2.32156346093859e-06 3.1659136855211e-06 3.88178129249184e-06 3.28224408772115e-06 3.29716200084817e-06 3.68648394761806e-06 3.92180792267993e-06 4.24231201279213e-06 4.9417758887671e-06 5.24939703474558e-06 5.12223225364039e-06 5.40036431857516e-06 4.51278744613148e-06 4.98140026046201e-06 6.95542454991482e-06 7.88178274149232e-06 8.09372238634864e-06 8.96031017917354e-06 1.01679879009109e-05 1.06083796211576e-05 8.13082750212857e-06 8.27353003600706e-06 1.12709640944897e-05 1.4973786582595e-05 1.82829140300433e-05 1.74690911848407e-05 1.45807223305039e-05 1.47277999360651e-05 1.63779638669093e-05 1.81626250821632e-05 1.60965935506963e-05 1.25548487517446e-05 1.11734811696462e-05 9.66228983472206e-06 8.4362495677226e-06 8.32744758909598e-06 7.81579938688992e-06 9.03293661096427e-06 6.59574099692861e-06 7.31807673588492e-06 7.4743461198068e-09 6.85287062651696e-09 8.31159223704248e-06 0.000601240036251893 0.000531237695419495
2.97814050060907e-06 3.53158713899404e-06 3.45154644421086e-06 3.30028628638956e-06 3.65399912851672e-06 4.27436786871738e-06 3.84898863003968e-06 3.98290631338227e-06 6.08040397764853e-06 6.52256405402341e-06 6.07393562219727e-06 5.4864919512454e-06 5.97345526145432e-06 5.7162610794137e-06 6.14187288192625e-06 6.68766345839344e-06 7.19279623453417e-06 7.13026665550842e-06 6.89821857946527e-06 7.10996964272681e-06 8.84007814222487e-06 1.04099730265372e-05 1.10031974316027e-05 9.90801768382399e-06 1.21858765041449e-05 1.11458153142618e-05 1.24495619900356e-05 1.4330321116085e-05 1.50270059066537e-05 1.71723758825459e-05 1.44029007856372e-05 1.07344247169294e-05 8.18368313701967e-06 7.64846952066023e-06 7.2893743073621e-06 7.37844166778245e-06 7.5600006255172e-06 7.99031497038527e-06 3.66394670692216e-07 6.17310266992632e-07 3.72652721125633e-08 0.000521165601417917 0.000585860532214422 0.00050222121434581 3.14372298091392e-06
3.11507154542312e-06 3.21339600937165e-06 3.53945965478886e-06 3.93547529498051e-06 4.59959908205576e-06 5.00516002901463e-06 1.00208589914885e-07 1.05920304760421e-07 5.21280223111376e-06 2.50083136366097e-07 4.30836406621893e-06 6.28797002663051e-06 6.79843002658886e-06 6.85702503987473e-06 6.76395230173599e-06 5.98583007302977e-06 6.14054523708774e-06 6.31592326740815e-06 6.50725064019753e-06 8.44329828028068e-06 9.57406149099116e-06 8.72837006938854e-06 7.96962469920004e-06 9.61096669557238e-06 1.1920578333513e-05 1.64344707429098e-05 1.5284127991344e-05 1.42828847870868e-05 1.30882778293651e-05 1.22209703192877e-05 1.39146923615496e-05 1.50860219548798e-05 1.50668669377518e-05 9.33496732784533e-06 8.00911030935936e-06 7.71030021695651e-06 6.76789187608051e-06 2.42522590354621e-07 9.12649930184806e-08 2.75350737579672e-06 0.000568542769612901 0.000562377227895905 0.000488792852926723 8.85951124018902e-08 1.25408045503761e-08
3.44677295913698e-06 3.9609177516553e-06 0.000120843074224286 3.78677505175062e-06 4.05787854163009e-06 5.55382844567021e-06 4.20116946897586e-08 6.63651618326711e-08 5.71351429600186e-06 5.76707578262559e-06 6.52929278218695e-06 6.92823159128553e-06 5.40604638885611e-06 6.70664811154298e-06 6.31395782165756e-06 5.7072814620085e-06 6.48918090960793e-06 7.34666554792485e-06 7.50746893275478e-06 8.10383251349522e-06 7.63923685057621e-06 7.78186952744564e-06 8.68776219961065e-06 1.35601123219309e-05 1.42436609906316e-05 1.64224209186714e-05 1.99630502550896e-05 1.85716718164586e-05 1.09702289805225e-05 1.2131973250018e-05 1.19899186131645e-05 1.18175633986195e-05 1.09944777605731e-05 1.02443360475601e-05 9.23202625742192e-06 8.08560160052707e-06 1.53149423809396e-07 1.1990988841859e-05 0.0190608976651674 0.000609778554090234 7.13809458829928e-07 8.06163427569118e-08 3.38638727725993e-08 2.9762819053758e-08 5.89391099836689e-06
2.74174107994796e-07 5.39442415857794e-06 5.31157157653839e-06 4.84093208612535e-06 4.94093978176124e-06 5.68415347858009e-06 6.33803058677218e-06 5.33639444882938e-06 5.53804828627991e-06 5.20349822111799e-06 6.01287903451153e-06 6.19028885041617e-06 6.35556421572092e-06 6.00068832313783e-06 5.67794966103152e-06 6.15703294287728e-06 6.30880168231984e-06 7.35811331368241e-06 8.31359330961679e-06 8.41604350513281e-06 9.92757921951526e-06 1.16795613252396e-05 1.21337007513933e-05 1.26610191557908e-05 0.000464079316943788 1.78372837070673e-05 1.88956445129951e-05 1.65076052298319e-05 1.15871871145257e-05 1.05075760586826e-05 1.11913040712008e-05 9.95982501167392e-06 9.79361113239152e-06 8.99657601252102e-06 0.000274755221346235 7.9382285058216e-06 1.17136224220271e-07 1.44225260465092e-05 0.000560847465604886 0.000505798988490402 5.69536462435849e-10 3.2631703561492e-09 3.23347830821774e-07 5.58550923983603e-06 4.51384662234489e-06
4.95100801388704e-06 4.92734329570199e-06 5.16148165915498e-06 6.0869351727999e-06 6.16023255873843e-06 5.40558879152941e-06 5.38168838774e-06 5.7231715004602e-06 5.18273661570534e-06 5.79975166773439e-06 6.34896162099441e-06 6.75135045187236e-06 7.22053155046698e-06 6.99974141300519e-06 7.00284637533688e-06 6.81125592338905e-06 7.45906427541687e-06 1.02365962334927e-05 1.23591974728665e-05 1.57502070666005e-05 1.62769839422205e-05 1.42670170818038e-05 1.25845182254225e-05 1.26809883085333e-05 1.53742725786721e-05 1.35029459017444e-05 1.36963921023026e-05 1.17688309231534e-05 1.10375175779831e-05 1.25753150413965e-05 1.23257997558079e-05 1.09926527471882e-05 1.03618390568383e-05 9.87440816687668e-06 8.54135786596544e-06 0.000416145517130673 4.3379709485869e-06 0.000608344487279189 0.000599463038993087 0.000562728566912452 5.42104761080964e-10 3.8467573570955e-11 5.36327982025853e-11 1.00046051443314e-08 3.53016105236748e-09
4.6772188262989e-06 5.02338501463528e-06 5.39519607799521e-06 5.65315339147165e-06 5.92090722906224e-06 5.79477023736619e-06 6.59051652152076e-06 6.13765267447608e-06 5.30012740825869e-06 4.68612826837189e-06 5.4918656587799e-06 6.08433093278737e-06 6.46171319405031e-06 7.57369136299424e-06 7.51905846673173e-06 7.43615832877742e-06 9.51040017307392e-06 1.3693461852704e-05 1.61219902115262e-05 1.40415794023796e-05 1.61866795056476e-05 1.68997967537332e-05 1.34584127978177e-05 1.20872202388211e-05 1.46855812688584e-05 1.40100407379329e-05 2.06806524719272e-05 1.75515404579718e-05 1.61576544060016e-05 1.26183603484709e-05 1.18424425721964e-05 1.06869877811389e-05 9.8582271547909e-06 1.00819171464761e-05 8.9040516158545e-06 3.02942647523174e-07 5.29811273736414e-05 0.000490330252796411 0.000594846853940989 1.08528493001359e-06 1.41521221408425e-09 5.58918467064018e-12 5.31079935583989e-10 5.45509371008279e-10 1.38546862871181e-09
4.38757099702203e-06 4.73316361110365e-06 5.23270199013215e-06 5.72807496158623e-06 5.99285787077353e-06 5.92022003191861e-06 6.27988015228231e-06 6.53937528486415e-06 6.31817037802795e-06 6.9909000544488e-06 7.47026878405999e-06 7.13016329432215e-06 7.16222389489651e-06 7.877700407799e-06 8.05482862922258e-06 1.02679757675861e-05 1.05955857948814e-05 1.21797490438946e-05 1.48171317793655e-05 1.5329757832605e-05 1.51493277545489e-05 1.48379030665002e-05 1.7669773263107e-05 1.44990566100844e-05 1.86865715254392e-05 2.14348056948865e-05 2.25314982066682e-05 2.1219243166537e-05 2.05976255191698e-05 1.66846088093697e-05 1.79222598776008e-05 1.20441756266465e-05 1.04372617528492e-05 9.34455025715097e-06 9.30132418092144e-06 1.02758279382553e-05 4.43886924061943e-07 2.53978429964885e-07 1.19236993414873e-05 1.22990016393487e-08 1.28963648649005e-09 4.57902560313528e-10 2.21350120455099e-09 4.95445888759605e-09 9.32998123204243e-10
3.84381975423453e-06 3.63559934016822e-06 3.64155363926644e-06 4.47507933787339e-06 4.6356829841665e-06 4.78428198962266e-06 5.92148062001918e-06 7.62961426810094e-06 8.057910554371e-06 8.79355558836004e-06 9.28982525197908e-06 7.99859951438053e-06 7.41568138103998e-06 7.29978534514952e-06 8.67635821193424e-06 9.55028332062513e-06 9.31163639580346e-06 1.178790305435e-05 1.27428461159096e-05 1.20314184360315e-05 1.53607297937453e-05 1.94214211330035e-05 2.56191849669185e-05 2.04638388718981e-05 2.06707250992144e-05 2.66158211183143e-05 2.86684992969355e-05 3.27671755752767e-05 4.34538057876077e-05 3.54219150299095e-05 2.40668017120305e-05 2.04791443881414e-05 1.39777966382648e-05 1.2950954774793e-05 1.24707539413738e-05 1.26088878261488e-05 1.15638624038517e-05 5.3058713950227e-07 2.34329578892023e-06 1.11956026671578e-08 7.60676410749284e-11 1.17328149969231e-05 1.57668525333943e-05 3.6796718954224e-05 4.61362574810664e-09
1.52686644294686e-07 8.18968128868391e-07 3.94239724332834e-07 1.40536938602054e-06 5.17602084504354e-06 4.64982797726554e-06 5.21555870851564e-06 6.20899978123202e-06 6.85582036233923e-06 7.14446945844216e-06 7.42362540517849e-06 9.22973429192675e-06 9.58310217267222e-06 8.34676700678383e-06 8.26891542561326e-06 1.17129337530164e-05 1.11574817939997e-05 0.000347895103020512 1.33666872279337e-05 1.23070906970169e-05 1.42627783367821e-05 1.95441684768705e-05 2.4292079471111e-05 2.37084214546601e-05 2.78368637213533e-05 2.47899579363331e-05 2.53651593339677e-05 3.58330931102602e-05 5.77259647733808e-05 6.2694090272819e-05 6.42058555442193e-05 4.10858040204465e-05 1.88790252256266e-05 2.34291158796585e-05 1.95365479103926e-05 1.76121877901392e-05 1.67152090115641e-05 1.72879955927741e-05 1.55716602991185e-05 3.55343949820508e-09 3.26240678916179e-10 1.93489962446392e-05 2.23729575803411e-05 2.34943132582655e-05 3.36735015874723e-05
4.6491831495743e-10 4.43902972619981e-06 4.04838200157576e-06 4.44965818791054e-06 6.84305074700742e-06 6.77969442235415e-06 1.58288049040611e-05 2.1726639858255e-05 5.6252942443491e-06 5.86373958676445e-06 6.98604457638474e-06 8.651618219635e-06 9.6713348601396e-06 1.0370063390619e-05 1.04849439061305e-05 9.9312562447218e-06 4.18454244297317e-05 0.0028504212715329 6.39836718811626e-05 1.68605654228049e-05 8.36546588294906e-05 2.20155214417206e-05 2.21800656771021e-05 2.3202972753833e-05 1.69553968374148e-05 1.68807272938887e-05 1.71201856584258e-05 2.18027713140057e-05 3.24050330243297e-05 4.08021678767634e-05 4.90001635446102e-05 6.70149733935088e-05 7.04560643656427e-05 4.45528249073623e-05 2.97499016276737e-05 2.12229949403397e-05 1.9877952536751e-05 1.79181924469751e-05 1.49377632996051e-05 1.81129138354663e-08 1.14551307994759e-08 9.71728442156205e-10 0.000470982323228419 1.76165649756088e-05 2.18118988320914e-05
5.7748857947848e-07 3.1879944444313e-07 4.72463467965367e-06 3.45106441701493e-06 3.49020536705158e-06 4.49346146785823e-06 4.72729294648255e-06 3.008611651103e-05 7.63369969002392e-06 6.64438057655925e-06 6.40326145046055e-06 6.54947448895937e-06 7.67966477640547e-06 9.71656858792525e-06 1.10969123635285e-05 1.25255237506283e-05 1.19563568216741e-05 9.82994247116231e-06 1.27900363747435e-05 1.10614372778373e-05 9.69619000875666e-06 1.20998581457976e-05 8.56435917297005e-05 2.0165952325546e-05 2.31400216590738e-05 2.76789178732861e-05 3.23612879252089e-05 2.34377921515261e-07 9.91962929504098e-06 4.17777567269573e-05 2.05625870037807e-06 6.65839932556533e-07 4.11502751489934e-05 0.000229309257682953 6.75556108177156e-05 2.85580792389717e-05 2.32720560417343e-05 1.6615544951093e-05 3.62709228785008e-06 1.41717339605885e-05 2.65463640189978e-06 2.19267428136494e-07 1.30743970657932e-05 1.1608280647124e-05 1.69816276258783e-05
