Scripts_&_data/Maxent_result_files_2/B_mendax_2.asc
NCOLS 594 
NROWS 330 
XLLCORNER -15 
YLLCORNER 23 
CELLSIZE 0.166666666666667 
NODATA_value -9999 
[rows 110 to 131 of 330, columns 490 to 538 of 594]
2.45512499219558e-12 2.38322028778271e-11 4.25126600589465e-13 2.92887936126363e-13 1.43037803823631e-12 1.50019996425499e-12 1.62510005452532e-12 3.45146133895469e-13 9.68337632301086e-12 4.72762939907057e-12 5.74393865804268e-12 7.14206471741363e-14 2.59681165459824e-14 4.43389769344549e-13 6.9887429177129e-13 7.31066318593321e-12 4.60009808023187e-13 8.61311022504196e-14 2.66708877205701e-13 1.0706990849485e-13 1.48403511701645e-13 1.37988842574543e-11 1.15540244038925e-11 1.81954451505817e-11 2.42983411169462e-13 2.92204038743193e-12 8.30945312557674e-12 2.1507351455341e-12 2.43953746092984e-12 1.31492594590554e-12 2.32709407299581e-12 5.08659780962262e-13 6.20103968174135e-13 6.47304432277451e-13 1.26564314584243e-12 1.01332275903587e-12 6.5785155101139e-13 2.60557131426253e-12 8.81805739538777e-13 6.73394673356142e-13 1.80211401357155e-13 3.27271543199004e-13 1.31218369503472e-12 2.56699106415681e-12 9.85125314656443e-12 8.36286595529145e-13 3.30613314503125e-13 2.07533989993181e-13 9.19386788922338e-13
5.83831871736606e-12 1.7712553646021e-11 3.10746983700483e-12 1.93212112975516e-13 3.11273229414155e-13 1.41520128948969e-13 5.95856697316322e-14 2.1227464230833e-14 6.13109563118996e-13 2.29019025965727e-12 2.84994250421278e-14 1.72228897810101e-13 1.72173386658869e-12 4.92573759558468e-12 7.71049890602171e-14 2.92543766988729e-14 4.85167461761193e-14 1.61060054182371e-13 8.98614516131602e-14 1.43662859386495e-13 2.81363821130753e-13 5.13988851480463e-13 1.71020975159308e-12 8.26572144063675e-13 6.33841867880847e-12 4.24508206364749e-12 1.18607346166755e-12 1.66454627859025e-12 1.62589941510305e-12 5.45082867731139e-12 1.40139011506335e-12 4.98212582300539e-13 6.36833918932211e-12 7.56632534404389e-12 6.48940901015749e-12 3.74785757983886e-12 1.18514087432686e-11 5.73474601139878e-13 1.19220189276348e-12 5.7209237347422e-12 7.56961160419678e-13 4.29456470385503e-13 3.53205242831223e-12 3.83804099612917e-13 3.21420667859229e-13 3.28154170503581e-12 4.4317882696987e-13 1.53294044125118e-12 3.51429996214847e-13
8.78097594636529e-13 4.4149128797244e-13 4.60864679752149e-13 2.90756307919082e-13 6.38711306066853e-14 5.11812814352197e-15 2.69362310234555e-13 1.12465592394528e-14 2.20223839164646e-13 2.10165218561542e-14 2.46913600676635e-14 3.78475029094716e-14 3.06385139481336e-11 5.59302604230538e-12 1.18760556944153e-13 2.64988031517532e-13 1.64068758579106e-13 2.06579198192003e-13 2.73281397511482e-13 5.66535707235971e-13 3.79396514205155e-13 7.01882996168024e-13 2.2012391909243e-12 9.94682114452416e-13 4.02511357577851e-13 2.47484255311292e-12 1.0644818360106e-12 2.87792012443333e-13 3.78770348419266e-12 4.91534590807419e-12 2.71861422262987e-12 5.79533088185258e-12 2.24598117881669e-13 3.59837715180333e-12 4.70956607045991e-14 4.6893045002605e-12 7.82807152432952e-13 6.9940719882311e-13 9.53004342107988e-13 4.19841938992249e-13 3.91942034383419e-13 8.51285708591831e-13 8.65918448056391e-13 7.66320340517268e-13 2.41084929797353e-13 7.50177697739218e-14 9.60032053853865e-13 2.92010859936909e-13 9.46309697269498e-13
2.88657986402541e-15 1.32626132298697e-12 5.27355936696949e-15 0 9.71445146547012e-15 3.84692278032617e-14 0 9.78750414049045e-13 2.91100477056716e-13 2.11608508493555e-13 4.25537383108576e-13 7.21978032913739e-14 2.24442686658222e-13 1.05910213932248e-10 3.92019749995143e-14 1.13864473405556e-13 1.35913502674612e-13 1.6627810239811e-13 1.67588165567167e-13 1.42887923715307e-12 4.06563671617732e-13 9.43889411075816e-13 1.28619337402824e-13 2.36066721726047e-13 2.49933407303615e-13 6.16038331457958e-12 4.37772040839945e-13 2.64466226695959e-13 8.49964543192527e-13 6.99129643066954e-13 9.15623132868859e-13 1.08291153821938e-13 1.94155802546447e-13 2.76157985368286e-12 1.50229495510246e-11 4.19475565394123e-13 9.47552036834054e-12 1.82542869708868e-13 2.65115707165364e-12 3.21136450764925e-12 2.36044517265555e-12 1.18304255281032e-12 2.80342415948098e-13 6.25277607468888e-14 4.5914383406398e-13 2.03759231709455e-13 1.51548773530408e-12 2.87745161031694e-11 1.31783473023006e-13
4.93538543366867e-13 3.82693876588291e-14 5.95967719618784e-14 7.56761320275245e-13 1.68753899743024e-14 4.89930318536835e-13 8.19008194596904e-12 5.83366688289289e-13 1.41919809237834e-13 1.1234346786182e-13 1.64790403545112e-13 7.71149810674387e-13 1.44306788740778e-13 7.21556148164382e-13 3.31734639757997e-14 5.69100322422855e-14 1.28863586468242e-13 8.80517880830212e-14 1.09412479076809e-13 5.21593879199145e-13 5.62216939670179e-14 1.07724940079379e-13 6.4117600118152e-13 9.26658749733633e-13 1.64936952984363e-12 4.18847179162185e-12 6.77569111928733e-13 8.58537685388683e-12 4.59021709531271e-13 2.60247379202383e-12 2.70827804627061e-13 1.28375088337407e-13 3.32123217816616e-13 1.12695963672138e-11 2.51509923998583e-13 2.84428036678719e-13 3.37334604694206e-12 8.14037726115657e-13 5.11590769747272e-14 1.20193854868944e-12 2.81136225410705e-12 2.28898011656042e-12 3.05737657413374e-12 2.54324339366008e-12 4.56823467942513e-13 1.3160916800814e-12 3.27438076652697e-13 5.58875168366058e-13 2.64233079860787e-15
1.18047460695436e-11 2.71015432318222e-12 1.94027016675591e-12 5.74122971386259e-12 4.81015227649095e-13 1.84563475613686e-13 5.75717251649621e-13 8.7074791821351e-14 1.9151347174784e-14 1.08368869433662e-13 1.13464793116691e-14 5.73741054665788e-13 1.08124620368244e-13 1.59561253099128e-13 2.19879670027012e-13 8.24229573481716e-14 8.91731133378926e-14 1.26687549339977e-13 8.61533067109121e-14 2.4088508965292e-13 2.78321810043281e-13 2.03304040269359e-13 6.77524703007748e-13 5.42446088047654e-12 1.54580015454542e-11 1.4984014029551e-12 1.53232981858764e-13 5.01154673315796e-14 1.45483625146881e-13 2.35298447393006e-12 3.46884743152032e-12 1.73339120834726e-12 4.15412149123995e-13 1.12831965992655e-13 5.39401856514132e-13 2.49322784640071e-13 2.52253773425082e-13 8.45357117640333e-13 2.88058465969243e-13 2.84705592434875e-13 6.53236353898024e-12 3.06688008322453e-12 2.92946777946668e-12 1.78310699538997e-12 1.42045264439616e-12 6.3880678524697e-12 1.38549172135072e-12 1.7000845176085e-13 1.51068046960745e-13
7.061018436616e-13 1.00031094518727e-14 9.67359525816391e-13 1.98777660997962e-12 2.26213492382499e-12 2.2341017924532e-13 6.0240701316161e-14 9.56901224924422e-14 9.09494701772928e-14 4.67159644301773e-13 2.37972974659328e-12 1.63024038712933e-12 8.20343792895528e-14 7.7715611723761e-14 4.27879953690535e-14 1.1367573549137e-13 8.45767900159444e-14 1.20325971408874e-13 1.40187861319419e-13 3.31668026376519e-13 4.12236911273567e-13 2.96185298509499e-13 3.40438788271058e-13 3.64153152077051e-13 1.20137233494688e-13 3.94528854030796e-13 6.20727358402462e-11 5.02931030155196e-13 1.16451293052933e-13 8.55526760545899e-13 4.02891053852272e-12 4.05842026651726e-13 1.42534872793476e-12 1.95010674275409e-13 4.87165863205519e-14 5.34237099003576e-12 5.92126347953581e-13 1.57930335475953e-12 1.35894628883193e-12 2.73522315907826e-12 4.12592182641447e-12 3.44518857886555e-12 1.17704734847734e-12 1.57307500359138e-13 1.99112948351399e-12 2.48245868306185e-14 8.68138894105641e-13 1.98219218816575e-13 3.64885899273304e-13
4.31321645066873e-14 1.89942506167995e-12 6.48125997315674e-13 1.38128397608739e-12 1.23371091120816e-11 3.70901087620723e-12 2.82329715162177e-14 1.52744483727929e-13 6.75048905662834e-13 8.0416784342674e-13 2.53774778968818e-13 3.32234240119078e-13 4.69069227904129e-14 8.70858940515973e-14 2.91088264603445e-11 6.34969854473866e-13 2.6754154447417e-13 1.99551486446126e-13 1.27187149701058e-13 1.7963408538435e-14 3.23141513547398e-13 8.76965167151411e-14 2.46812570381394e-12 1.18105525359624e-13 4.24205115479026e-13 1.62359015121183e-13 1.42968969996105e-12 2.9465829776143e-11 4.02233801821694e-14 6.13142869809735e-13 1.51757495459037e-12 6.62698451669996e-11 4.94770890924201e-13 7.58115792365288e-13 1.90452098536298e-12 1.19363408046524e-12 2.20223839164646e-13 2.11164419283705e-14 1.55319423988942e-11 6.07691674758826e-13 3.70825592455049e-13 3.05340197570558e-12 6.06714678497156e-13 1.57392987532035e-12 6.9530492474712e-12 3.5041303192429e-12 1.22449828054982e-12 1.35911282228562e-12 1.99229521768984e-13
9.3487217966981e-12 1.37319844384365e-10 2.21706319969428e-11 3.85742549013912e-12 5.75539615965681e-14 1.34215194513843e-11 2.99684721483118e-12 2.96651592179842e-14 4.82502926502093e-13 6.32160990221564e-14 1.50768286744096e-13 1.40143452398434e-13 1.50912615737298e-13 4.43201031430362e-14 1.45539136298112e-13 3.32511795875234e-14 2.14983586488415e-13 3.65707464311527e-14 6.91224855131622e-14 6.42930153560428e-14 1.62891922173003e-13 1.26743060491208e-13 1.67188485278302e-13 1.29897204104168e-12 2.20068407941199e-13 1.06202824312618e-12 6.32394137056735e-13 8.72857341960298e-14 1.41380240847866e-12 2.11053396981242e-14 7.5280892630758e-13 3.70747876843325e-13 1.34048327993241e-12 7.20534742981727e-13 3.45679040947289e-13 4.60709248528701e-13 8.87734330490275e-14 1.26749721829356e-12 6.39821529091478e-14 1.66651692445896e-11 9.52216083760504e-13 1.45118361771779e-12 6.10811401458022e-13 2.66042743390926e-13 8.53761505936745e-14 1.78768111425143e-13 1.25222054947471e-13 6.77624623079964e-13 1.83264514674875e-13
2.61352606223397e-11 1.19853171831608e-10 7.93509702390338e-13 3.15025783237388e-13 1.28375055030716e-10 1.21412879749982e-12 8.27738988462556e-12 1.91879845345966e-13 3.49692497181309e-12 1.89137594475142e-13 1.08838493773078e-12 7.89202037054793e-13 4.20374846044069e-13 6.52922160782055e-13 2.07580619360215e-12 9.07518504789095e-13 2.28905783217215e-13 3.35631522574431e-13 7.60724816473157e-14 1.85562676335849e-13 2.16493489801906e-14 6.94289070679588e-13 5.43010081344164e-13 6.47304432277451e-13 9.00723939878389e-14 1.42263978375468e-13 2.20645723914004e-13 1.45405909535157e-13 5.39890354644967e-13 5.59885471318466e-14 6.62359056491368e-14 1.87361237635741e-13 1.85551574105602e-13 6.0285110237146e-15 4.29033475413121e-12 3.43169936911636e-14 3.51496609596325e-14 4.44289049994495e-13 2.72426525782521e-13 3.25628413122558e-14 2.07249772898876e-12 2.57529553238101e-12 3.41526806835191e-13 1.65378821748163e-13 8.63942251072558e-13 1.21458398893992e-13 3.59867691201998e-13 1.71318514929908e-13 5.95590243790412e-13
3.43817863068807e-11 3.91242593877905e-14 4.67959004879503e-14 2.87345702787434e-12 1.04272146472795e-13 9.29478716216181e-14 2.10038653136735e-12 9.70112878917462e-14 3.32489591414742e-13 4.2899017671516e-14 5.60285151607332e-13 8.64530669275609e-14 2.70794497936322e-13 3.50961482098455e-12 5.7832627575749e-13 4.03188593622872e-13 3.97060162526941e-13 2.89801516117905e-13 9.62563362350011e-14 3.40349970429088e-13 2.84250400994779e-13 1.11846087946788e-12 1.47530876404289e-12 1.0135448036408e-12 1.12898579374132e-12 2.32991403947835e-13 1.46682666013476e-13 1.7018608744479e-13 5.92637050544909e-14 6.49147402498329e-14 2.18047802036381e-14 2.80997447532627e-13 4.81170658872543e-14 1.23789867245705e-13 5.71320768472106e-14 1.32827082666154e-13 4.49751347275651e-14 1.70774949737051e-11 9.76962954979399e-13 1.34992017564173e-13 2.34579022873049e-13 5.66546809466217e-14 1.68709490822039e-13 1.45705669751806e-13 4.54081217071689e-14 1.50712775592865e-13 1.53532742075413e-13 3.20299342604358e-13 8.41771097270794e-14
3.17246229286638e-13 2.11441975039861e-13 1.82587278629853e-13 1.34914301952449e-13 6.76236844299183e-14 3.23308047001092e-13 2.72781797150401e-13 1.96764826654316e-13 1.19235732398693e-12 1.44716461036865e-12 3.65130148338722e-13 9.27369292469393e-14 2.06242800615541e-12 5.61772850460329e-14 1.01463282220493e-13 6.13509243407862e-14 5.25801624462474e-14 7.61501972590395e-14 1.7298718013592e-12 2.8035240795532e-12 1.50932599751741e-12 6.04589711628023e-12 3.1256108812272e-13 9.26037024839843e-14 9.48474632167518e-13 8.37319102942047e-13 1.91058280307743e-13 1.51251233759808e-12 2.04802841352603e-13 3.1131763833514e-13 9.34585742129457e-14 1.25477406243135e-13 1.3168355295079e-13 1.37534428290564e-13 1.52389212360049e-13 1.94011473553246e-13 1.60493840439813e-13 9.78217506997225e-14 1.15440990100524e-13 2.12696527057687e-13 2.85294010637926e-13 1.14175335852451e-13 1.15585319093725e-13 4.01456645704457e-14 1.5754064719431e-13 1.5691892230052e-13 1.80966353013901e-13 1.52733381497683e-13 8.74744721102161e-14
1.42370559785832e-12 3.78141962187328e-14 2.92321722383804e-13 2.2735147098274e-13 4.9560355819267e-14 6.63025190306144e-14 1.90292226420752e-13 6.96331881044898e-14 1.07003295113373e-13 9.26814180957081e-14 2.271738352988e-13 1.22901688826005e-13 2.38886688208595e-13 2.80997447532627e-14 1.57163171365937e-13 9.2015284280933e-14 1.17195142479432e-13 2.44648745706399e-13 1.0618173007515e-13 6.1917138083345e-14 3.65152352799214e-14 1.87916349148054e-13 1.34475763857722e-12 1.41255895869108e-12 2.90856227991299e-13 3.39617223232835e-13 1.82209802801481e-13 2.88091772659982e-13 5.69877478540093e-13 1.74443792744228e-12 1.8650636590678e-13 4.18484136233133e-12 1.12257980688923e-12 3.80434572733179e-12 1.74112946282889e-12 1.31294974892171e-13 4.05764311040002e-13 1.50623957750895e-13 7.45958850245643e-14 8.39328606616618e-14 8.6586293690516e-14 8.29336599394992e-14 1.38089539802877e-13 1.68209890460957e-13 1.60127466841686e-13 1.50879309046559e-13 1.64868119156836e-13 1.11977094263693e-13 1.37156952462192e-13
5.82422998718357e-14 1.66755498298698e-14 8.51430037585033e-14 2.23510099317537e-13 9.72333324966712e-14 2.01283434364541e-13 1.55908619348111e-13 7.86370968341998e-14 1.45405909535157e-13 1.52411416820541e-13 1.2134737659153e-14 2.45581333047085e-14 1.35780275911657e-14 1.86406445834564e-14 1.29163346684891e-13 1.69375624636814e-13 3.64486218984439e-14 1.83852932877926e-14 1.13731246642601e-13 1.32704958133445e-13 3.10196313080269e-14 2.35589325825458e-14 5.51003687121465e-14 8.92619311798626e-15 3.58890694940328e-13 1.16839871111551e-13 1.22579724148864e-13 4.05409039672122e-13 5.08260100673397e-14 1.25510712933874e-13 3.03190805794884e-13 1.6276868741727e-12 8.56659188031017e-13 2.3718360608882e-12 4.89275286952306e-14 1.96465066437668e-13 2.52275977885574e-13 1.85296222809939e-13 3.20454773827805e-13 1.68324243432494e-12 2.28361773935148e-13 7.26085858104852e-14 7.80375764009023e-14 1.12099218796402e-13 1.45539136298112e-13 1.91024973617004e-13 1.75559566883976e-13 2.17770246280224e-13 1.51867407538475e-13
1.18149934280609e-13 2.94431146130592e-14 3.68705066478014e-13 4.68070027181966e-14 3.45945494473199e-14 1.96065386148803e-14 1.15019105351166e-13 2.04447569984723e-13 3.56270568602213e-14 4.09594580474959e-13 5.13034059679285e-13 3.45079520513991e-13 4.36872760189999e-14 2.60125254669674e-14 4.29767332832398e-14 4.39426273146637e-14 1.97897254139434e-13 2.61124455391837e-13 1.96221927595275e-12 8.46220871153491e-12 8.41771097270794e-14 7.58393348121444e-14 2.99604785425345e-12 2.01982874870055e-13 4.54469795130308e-13 1.54731782942008e-13 2.41728859151635e-13 1.64768199084619e-13 2.52953213930596e-13 1.54098955817972e-13 4.78550532534427e-13 3.13582493305375e-13 1.41653355711924e-13 1.22513110767386e-13 1.75026659832156e-13 1.45161660469739e-13 9.71034364027901e-13 1.19038112700309e-13 2.44104736424333e-13 2.61590749062179e-13 1.56005208751253e-12 6.10322903327187e-13 6.14630568662733e-13 1.74271708175411e-13 5.82200954113432e-14 8.12350187118227e-14 1.05626618562837e-13 9.33919608314682e-14 1.14963594199935e-13
3.94906329859168e-14 3.0400126860286e-13 4.5941028758989e-14 1.43662859386495e-14 2.43782771747192e-13 2.06723527185204e-14 2.64233079860787e-14 2.39031017201796e-14 5.20805620851661e-14 6.13287198802936e-14 3.06621394940976e-13 2.30659935596123e-13 1.19038112700309e-13 3.99014155050281e-14 1.7151835507434e-13 1.23712151633981e-13 5.00155472593633e-14 2.40307773680115e-13 3.14748227481232e-14 2.71338507218388e-13 1.29674049276218e-13 4.98701080431374e-13 2.683409050519e-13 6.68076705068188e-13 1.57407420431355e-13 2.36211050719248e-13 5.57220936059366e-13 3.07809333577325e-13 1.71291869577317e-12 9.37649957677422e-13 7.38913374931371e-12 7.27196081129478e-14 5.27655696913598e-12 1.35658151378948e-13 4.60786964140425e-13 5.8564264548977e-14 5.13677989033567e-13 6.56941168131198e-13 8.53572768022559e-13 1.27841071062562e-12 1.47104550762833e-13 2.31059615884988e-13 1.16917586723275e-13 4.3417491824016e-13 1.02681196878507e-12 1.94944060893931e-13 7.43849426498855e-14 8.82183215367149e-14 8.93285445613401e-14
2.8599345114344e-14 4.2277292777726e-14 1.63868918434673e-14 3.50275364269237e-14 5.98521232575422e-14 3.10840242434551e-13 9.15023612435561e-13 1.18538512339228e-13 3.093636458118e-13 4.47308856621476e-14 4.39093206239249e-14 1.80300219199125e-14 3.41282557769773e-14 2.83661982791727e-14 1.24611432283928e-13 1.03295150211125e-13 9.762191055529e-14 0 1.78901338188098e-13 6.7079675147852e-14 7.5905948193622e-14 2.34627872686133e-12 3.50375284341453e-13 5.1636472875316e-14 7.26974036524552e-14 2.66897615119888e-13 2.53486120982416e-13 2.59225974019728e-13 1.78560499719538e-12 6.24111873293032e-13 4.92617058256428e-13 1.14269704809544e-12 5.8626437038356e-13 6.25388629771351e-13 6.67321753411443e-13 2.13495887635418e-13 1.65023550380283e-13 2.18375317828645e-12 2.81152878756075e-12 1.14120934924244e-12 2.12685424827441e-13 6.72539801627181e-13 3.16169312952752e-13 5.43454170554014e-14 4.41813252649581e-13 1.82631687550838e-14 3.15369952375022e-13 1.69442238018291e-13 1.21636034577932e-13
2.16715534406831e-14 3.17856851950182e-14 2.33413288697193e-13 5.49316148124035e-13 8.79629702410511e-14 1.00952579629165e-13 1.04394271005503e-13 1.86217707920378e-13 5.6665783176868e-14 3.89355214736042e-14 3.45168338355961e-14 1.9728663147589e-14 4.48530101948563e-14 4.81725770384855e-14 5.09592368302947e-14 1.23112631200684e-13 1.56241686255498e-13 1.38811184768883e-13 0 3.05644398679306e-14 2.92876833896116e-14 4.19109191795997e-14 6.65800747867706e-14 5.44231326671252e-14 2.92210700081341e-14 6.30162588777239e-14 2.36233255179741e-13 4.22939461230953e-13 2.6274538100779e-13 2.6696533872439e-12 2.37516672996207e-12 3.62510022000606e-13 2.21245244347301e-13 1.11022302462516e-17 2.04625205668663e-13 2.54374299402116e-13 1.3621326289126e-13 7.73270336651422e-14 5.17530462929017e-13 1.68987046578195e-13 3.38573613589688e-13 8.87401263582888e-14 2.51509923998583e-13 8.89177620422288e-14 1.78801418115881e-13 4.90985030410229e-13 2.54463117244086e-14 1.71862524211974e-13 8.39173175393171e-13
1.41120448660104e-13 5.45230527393414e-14 9.24038623395518e-14 8.7163609663321e-14 3.41060513164848e-14 3.89355214736042e-14 4.45532499782075e-14 1.36113342819044e-14 2.4757973449141e-14 1.57318602589385e-14 1.07358566481253e-14 0 3.33066907387547e-14 7.01660951563099e-15 2.17381668221606e-14 0 0 0 7.81708031638573e-14 1.70086167372574e-14 0 3.82360809680904e-14 0 4.39648317751562e-14 1.47104550762833e-14 6.97775170976911e-14 1.33171251803788e-13 3.22764037719025e-13 4.2632564145606e-14 3.41471295683959e-13 3.76276787505958e-13 1.86273219071609e-13 4.7839510131098e-14 4.3998138465895e-14 8.15347789284715e-14 1.11022302462516e-17 1.73738801123591e-13 7.97806265495638e-14 1.82254211722466e-13 0 1.15374376719046e-13 8.38218383591993e-14 1.09356967925578e-13 8.38773495104306e-14 6.17284001691587e-14 1.19815268817547e-13 8.29558643999917e-14 2.66786592817425e-14 3.53572726652374e-13
0 2.9831692671678e-14 6.80677736397684e-14 0 2.47357689886485e-14 1.85962356624714e-14 1.5931700403371e-14 1.28119737041743e-14 0 0 8.39328606616618e-15 7.91589016557737e-15 0 4.81836792687318e-14 0 2.88657986402541e-14 3.08530978543331e-14 0 0 0 0 1.7608137170555e-14 2.11053396981242e-14 1.89959159513364e-14 0 3.82471831983366e-14 3.11750625314744e-14 8.55537862776146e-14 8.75743921824323e-14 1.35624844688209e-13 0 7.92477194977437e-14 0 1.77524661637563e-14 1.5949463971765e-13 1.51800794156998e-13 1.72550862487242e-13 1.56863411149288e-13 1.09712239293458e-13 6.70907773780982e-14 6.48703313288479e-14 3.76365605347928e-14 2.63677968348475e-14 3.13638004456607e-14 0 1.40554234917545e-14 2.37476704967321e-14 3.93463039927155e-14 5.81756864903582e-15
2.93387536487444e-13 1.11891607090797e-12 1.84208204245806e-12 3.52939899528337e-14 3.43058914609173e-14 2.61901611509074e-14 1.54209978120434e-14 0 2.16493489801906e-14 5.83977310952832e-15 5.79536418854332e-15 8.19344592173365e-15 1.00364161426114e-14 9.71445146547012e-15 0 2.47801779096335e-14 5.6621374255883e-15 0 0 0 5.65103519534205e-15 0 0 1.4344081478157e-14 0 0 0 0 0 0 0 3.49942297361849e-14 6.77791156533658e-14 0 5.78093128922319e-14 0 9.09938790982778e-14 4.78728168218367e-14 2.39031017201796e-14 2.81219492137552e-14 0 0 0 0 0 3.55049323275125e-14 0 0 2.52908805009611e-14
1.04694031222152e-14 0 0 0 0 3.95683485976406e-14 0 1.43662859386495e-14 0 0 6.53921361504217e-15 0 0 1.31117339208231e-14 0 0 2.64233079860787e-15 2.32036612146658e-15 9.50350909079134e-15 4.91828799908944e-15 0 0 0 1.34781075189494e-14 0 0 0 0 0 2.3214763444912e-14 0 0 0 0 0 0 2.84439138908965e-14 3.07975867031018e-14 0 0 0 0 0 0 0 6.86117829218347e-15 0 0 6.63913368725844e-15
