Scripts_&_data/Maxent_result_files_2/B_melanurus_2.asc
NCOLS 594 
NROWS 330 
XLLCORNER -15 
YLLCORNER 23 
CELLSIZE 0.166666666666667 
NODATA_value -9999 
[rows 200 to 219 of 330, columns 540 to 584 of 594]
0.000986860928242095 0.00106707537488546 0.00112075526849367 0.00116318670043256 0.00122135138080921 0.00130265547486488 0.00141720637329854 0.00143588260689285 0.001564423108357 0.00751718477113172 0.00407312393654138 0.005478010175284 0.00333642038749531 0.00487879704451188 0.00785130739677697 0.0218086380511522 0.0188879610970616 0.0177450124174356 0.0267496503889561 0.12134603112936 0.65709276497364 0.384434105455875 0.183204697072506 0.146205208450556 0.447451013326645 0.74932507276535 0.571781197190285 0.344640706479549 0.607464244961739 0.535781170427799 0.350592174008489 0.0335998069727793 0.446097905933857 0.18762175492011 0.660162636637688 0.198227176442742 0.446217365562916 0.431118877232075 0.422792285680771 0.216308201476932 0.0264230087865144 0.0017949588916963 0.000417539299814962 9.53298391323187e-05 1.73280272974807e-05
0.00137575863336679 0.00125997204158921 0.0013038555480307 0.00136226487811655 0.00143639432208147 0.00156743003171869 0.00183252318238374 0.00193392182118259 0.00187981814960949 0.00189926304738037 0.00230158350314014 0.0036394948256202 0.00574359055608511 0.0119358246680349 0.0188217174261808 0.0366483127698302 0.0542429788038135 0.0223603666760027 0.0120576181914657 0.0383893178775907 0.213975261151791 0.415853478014469 0.768917679786682 0.912950158119202 0.935589683055878 0.748414152860642 0.73738360106945 0.942721432447433 0.196204262971878 0.0740295907482505 0.164792337268591 0.65357112288475 0.499744844436646 0.350163619220257 0.105969784036279 0.316598762571812 0.342610227316618 0.294476732611656 0.332840268313885 0.27694900855422 0.199002304673195 0.0447368080727756 0.00166007280931808 0.000475367331819143 7.14614276148495e-05
0.003488539904356 0.0031968442548532 0.0025203108729329 0.00231666756444611 0.00223224299261346 0.00201787111000158 0.00205492267850786 0.00254304031841457 0.00258535139146261 0.00222479461808689 0.0023919579165522 0.00234461022191681 0.00260224216035567 0.0041061821160838 0.00759418671950698 0.0181069456040859 0.0409033084288239 0.0395342644304037 0.0458558842539787 0.0984981127083302 0.421937334537506 0.840473234653473 0.164069264382124 0.0259309802670032 0.0999619331210852 0.324900375306606 0.0614235781133175 0.0432163598947227 0.0140912441303954 0.00929442923516035 0.0119086631573737 0.0107442469685338 0.0107552546309307 0.00113553692062851 0.00288640024373308 0.0112894356250763 0.0328323791734874 0.147899571806192 0.162534437328577 0.0789236269891262 0.153341242671013 0.249502477794886 0.155779004096985 0.266795855015516 0.0148832521401346
0.0115534177515656 0.00947820462752134 0.00746697862632573 0.0071028963662684 0.00691719595342874 0.00520017737289891 0.00424487905111164 0.00736356230918318 0.00813603834249079 0.00361608936800621 0.00426135997986421 0.00446683355839923 0.00604297426762059 0.00616142651997507 0.00370115601690486 0.00534612259361893 0.0159871421288699 0.0595813747495413 0.37484443038702 0.453326566517353 0.825920301675797 0.0529302816838026 0.00848320065997541 0.0588011825457215 0.0588411897420883 0.00231831508572213 0.000869101996067911 0.000652116943092551 0.00150716746720718 0.00595830726088025 0.00490408696932718 0.003440942754969 0.00287852963083424 0.00052115602302365 0.000156207942927722 0.005777371104341 0.00378599279792979 0.0238814191892743 0.0160351664759219 0.0171801541466266 0.168384453654289 0.302259357273579 0.127334191277623 0.289238103479147 0.268624179810286
0.019860571809113 0.0260098845697939 0.0231930075678974 0.0129863366018981 0.0139518534764647 0.0105637372704223 0.00788649215828627 0.0100309195462614 0.0133349607000127 0.00736967396223918 0.0084852387662977 0.00694483427796513 0.00760379082057625 0.0101299906382337 0.0310114515013993 0.0193319194484502 0.0131622198503464 0.0352748564444482 0.0727761263027787 0.00289239047560841 0.00225347164669074 0.0111168095376343 0.00185443286900409 0.00123188114084769 0.00279981954954565 0.000719349515566137 0.000413909424969461 0.00227463997725863 0.00203587312716991 0.00265459467773326 0.00209044875227846 0.000969076513138134 0.000732123707712162 0.00200464926601853 0.00207414096221328 0.000195157112466404 0.00131604290800169 0.00113618278410286 0.00209871379774995 0.000263592146802694 0.00297462574089877 0.00947820590808988 0.00339107181644067 0.00523924569133669 0.0348412760533392
0.016147986240685 0.0200810149777681 0.0195435761474073 0.0175570041872561 0.0115654604043812 0.0123586888890713 0.00811306312680244 0.00500003896886483 0.0048604802461341 0.00910369073972106 0.0094936286797747 0.00651474545011297 0.0255895292619243 0.00978965749964118 0.0383985458407551 0.0280535960569978 0.0461285618133843 0.0313162029720843 0.00213783542567398 0.0263101135846227 0.00575491528725252 0.00178995137102902 0.00137291352148168 0.000852206532726996 0.000719469807518181 0.00152076476661023 0.00284698669274803 0.00565752442926168 0.00127938683872344 0.00446254489943385 0.00474233536515385 0.00565675656544045 0.00325744734145701 0.00150043737376109 0.00280665555037558 0.00214183637290262 0.00357960815308616 0.00452867751009762 0.00240512993186712 0.000995951960794628 2.14438648981741e-05 0.000853309739613906 0.00428047706955112 0.0134248232934624 0.0124370896141045
0.0182192109525204 0.0310328556224704 0.00918636901769787 0.00677186051616445 0.00550154858501628 0.00458250967785716 0.00454086008248851 0.0129878536565229 0.00519481479423121 0.00866505433805287 0.0177654360886663 0.0201077500358224 0.0177418129518628 0.0157145025674254 0.0146357994060963 0.00904972942080349 0.0069435935234651 0.0117282846942544 0.016820021905005 0.023145979270339 0.00744241229258478 0.0208759960718453 0.0553294444456697 0.0665671043097973 0.00869991360232234 0.00197691864450462 0.014732952369377 0.0113073654938489 0.00895120541099459 0.00226792898320127 0.00213585465098731 0.00215120958164334 0.00103212084504776 0.00145187443413306 0.00684074237942696 0.0247123947832733 0.0318080947734416 0.00920058967312798 0.00752139571122825 0.00328436499694362 0.0049928461201489 0.0033673181780614 0.00117356039118022 0.0020655253494624 0.00151500295032747
0.0809746424667537 0.0108051722636446 0.0261727986624464 0.00556422045920044 0.0199750269763172 0.0145982605172321 0.00574511983431876 0.00622298107482493 0.00771635876735672 0.0274505530484021 0.0307110694237053 0.0155153487343341 0.0174712859094143 0.000573922897456214 0.00341824030037969 0.0117494004080072 0.0567164241336286 0.111579043790698 0.196271925419569 0.285076068341732 0.0316044926643372 0.109763125702739 0.104155345261097 0.064538361504674 0.00480575989931822 0.00502413637004793 0.0116538963280618 0.0542710833251476 0.0381049107760191 0.0378228330751881 0.0106362320919288 0.100969417765737 0.128517383337021 0.156113128364086 0.177912107482553 0.382735665887594 0.274542132019997 0.269564747065306 0.222847533971071 0.204701472818851 0.0701320729218423 0.0153537669219077 0.00377630555012729 0.000966746470658109 0.00199176373134833
0.235975517332554 0.391750141978264 0.100307586044073 0.0620525721460581 0.0344068917445838 0.0373505095951259 0.0201691636815667 0.0251605074852705 0.0303352674469352 0.0280965659767389 0.0169057697057724 0.00148320692242123 0.0275956847763155 0.118393748253584 0.244929910078645 0.381991785764694 0.522893571853638 0.486646234989166 0.922707414627075 0.929118597507477 0.679025486111641 0.0700392664410174 0.109276037290692 0.099520804733038 0.0559841422364116 0.073853655718267 0.263919728249311 0.371439103782177 0.520175021886826 0.333174829185009 0.625065526366234 0.196097968891263 0.154183467105031 0.354997685551643 0.496239380538464 0.187171876803041 0.278874564170837 0.074755153991282 0.0584685826674104 0.0422412287443876 0.0228500747121871 0.0168877529446036 0.0250099121127278 0.00812253464246169 0.00717474776320159
0.128611133992672 0.303878030180931 0.592219734191895 0.352298140525818 0.424083757400513 0.145396289229393 0.0732907000929117 0.169049500674009 0.174386693909764 0.0861922487616539 0.123040002956986 0.156090737879276 0.0169821304967627 0.00225946143473266 0.00865830786933657 0.0342824468854815 0.337864102423191 0.779680573940277 0.805267587304115 0.583385099470615 0.419698879122734 0.257471162825823 0.503545665740967 0.546525168418884 0.503173314034939 0.823422127962112 0.73407456278801 0.727449312806129 0.568852657079697 0.139365109056234 0.210992550477386 0.390846563875675 0.547040182352066 0.344103789329529 0.00684911445714533 0.000122444854059722 2.10626053103624e-05 0.000241226951038698 0.0132967548910528 0.0135155530180782 0.00296671650139615 0.0187649953644723 0.0284318066202104 0.0178982987068593 0.0103785980958492
0.0352193146012723 0.0471240893006325 0.0854068228974938 0.0944751102477312 0.209651356935501 0.139811774343252 0.174230697192252 0.5427161693573 0.353680989146233 0.0961610013619065 0.026776820840314 0.0660274411085993 0.00668162245128769 0.00418136944645084 0.0221244915854186 0.0536915699951351 0.0955817129462957 0.272805479168892 0.28509197384119 0.548419192433357 0.605835771560669 0.586588257551193 0.487921031564474 0.304449163377285 0.01370974839665 0.385161617398262 0.312220054864883 0.249786482751369 0.400071173906326 0.39763580262661 0.214039324223995 0.0645626865327358 0.14702115431428 0.00199562908965163 0.000733223592396826 5.00120173455798e-05 0.000430857580795418 0.000869701281771995 0.00090286273334641 0.0065918795124162 0.00948893029708415 0.00970824027899653 0.0056351127976086 0.0196730711963028 0.00161885667148454
0.0484099744819105 0.0141788013279438 0.0221607675775886 0.0530569965019822 0.0759737304411829 0.0288232885301113 0.0387903328984976 0.155555371940136 0.265899758785963 0.0368248416576534 0.0309613685123622 0.104614539816976 0.200666134059429 0.31385840959847 0.467736610770226 0.179306279309094 0.641296857595444 0.880341786146164 0.933879160881043 0.28276514261961 0.280026409029961 0.19605525881052 0.778735160827637 0.907087332010269 0.716930854320526 0.390676082670689 0.47919414639473 0.376866213977337 0.564085972309113 0.130203500017524 0.0507170928642154 0.00219752215780318 0.00136254346580245 9.77564444838208e-05 7.49650793295587e-05 0.00214015268720686 0.0109942330280319 0.021012051217258 0.0226031461264938 0.0186362927081063 0.0152493509347551 0.0546801934018731 0.077756336517632 0.00883953080046922 0.00211601319897454
0.245436426252127 0.288125094026327 0.142472320050001 0.400797969102859 0.145173807442188 0.0760100562125444 0.115696700662375 0.446073898673058 0.292853639274836 0.397991733253002 0.287551829218864 0.397770702838898 0.379355178028345 0.433407242596149 0.662850511074066 0.596576237678528 0.286065547913313 0.313453464955091 0.581993615627289 0.502372059226036 0.356861741840839 0.179339569807053 0.303984075784683 0.556417128443718 0.277555320039392 0.133653609082103 0.0894890898372978 0.206835948303342 0.574490036070347 0.230086723715067 0.125184366106987 0.0680911799892783 0.0501160759478807 0.0143520595273003 0.0485245004296303 0.000746852696101996 0.0894779402762651 0.00180126811756054 0.00226764057006221 0.000454274222829554 0.00203490881103789 0.00784801341360435 0.00252318693819689 0.00542015723476652 0.00425950869102962
0.0765388431027532 0.0652571931481361 0.204279351979494 0.200317587703466 0.259018875658512 0.0649042153730988 0.0255812690127641 0.027381659951061 0.0844389792531729 0.0416885985527188 0.058888850454241 0.080551357101649 0.10058408677578 0.11591209936887 0.127145270630717 0.142312339320779 0.172404607757926 0.3203021094203 0.173390986770391 0.124844160862267 0.410390132665634 0.0516555162612349 0.0080771719571203 0.00757025862112641 0.0299190842837561 0.0304206406290177 0.0372288398444653 0.0240134319115896 0.00620116533245891 0.000491449488981743 0.000537418225576403 0.000623065128456801 0.000422613670889405 3.53298231289045e-05 0.00011989841095783 2.29534656313035e-05 2.04871396874751e-05 1.14776240820902e-05 4.78086105658804e-05 1.03034085441323e-05 2.0719059054386e-05 0.000253855570281303 0.000401229462659103 0.0163661336060613 0.0612897268962115
0.163565608114004 0.808972781896591 0.222386988997459 0.383182866871357 0.0912345539778471 0.0177745378110558 0.0523959426209331 0.0875501649454236 0.0217832216992974 0.113506845198572 0.0828963696956635 0.0703200655989349 0.0668747172690928 0.0792508707381785 0.296058394014835 0.158617864642292 0.187367843464017 0.148844547569752 0.178519731760025 0.069788949098438 0.000736503793814336 0.000843297129540588 8.45185173602658e-05 0.00210752958664671 0.0182843365240842 0.00341397122247145 0.000362830669837422 0.000846959209593479 6.85864395791214e-05 3.53756358961732e-06 1.07206543731309e-07 2.57122600988424e-09 3.21858963987509e-06 5.62798076586546e-06 3.76753316913891e-05 3.88842301213277e-07 6.3501727076698e-06 4.63955926761628e-05 0.000576211497900658 0.00137142902385676 0.00324930793140084 0.00574205822194926 0.0450593386776745 0.1203936714679 0.00511372731998563
0.239172089099884 0.157721713930368 0.165769545733929 0.140946939215064 0.157534320652485 0.0891582140699029 0.0699474470224231 0.131798174604774 0.177534333616495 0.135287734866142 0.320742370188236 0.28406290858984 0.251176673173904 0.159891363047063 0.195569108054042 0.180385918356478 0.00271529980527703 0.00124817357864231 0.000153534797664179 0.000171123702330078 0.000121098179033652 5.16252427360087e-05 4.23147664378121e-05 0.000113729520535344 0.0023608880903339 0.00157549916184507 0.000352698760616477 6.53962025296551e-06 5.19739289006616e-07 3.07279658717796e-08 7.96107790801415e-10 1.3476467719542e-10 3.14499322884298e-07 2.62070573562312e-06 0.000577692906517768 0.00024349800642085 1.98279534316725e-05 0.000597104698317707 0.00968353990465403 0.00532499914988875 0.0334533636923879 0.0105830645654351 0.00140472152852453 0.000672410320839845 0.000122075311082881
0.132142027467489 0.0266133561497554 0.0547039779834449 0.136097001284361 0.481235870718956 0.118462016433477 0.0885854565538466 0.0819467485882342 0.0458889907225966 0.00557177180889994 0.00119255935205729 0.00589166918070987 0.00715965375420637 0.00193055044073844 0.00266702133521903 0.00267316738027148 0.000965937178989407 0.000444815006449062 0.00129352486328571 7.52498422400549e-06 2.38325309595666e-05 0.000609657452514512 0.000577904772217153 0.0096888012252748 0.0158213045913726 0.00127425946848234 0.00196396166575141 0.000267724191144225 4.48409636646829e-05 2.59742355146475e-07 7.56283499159238e-09 7.41397829351342e-07 2.85171531572814e-05 6.04794869190073e-06 1.56719199736699e-05 0.00114980587313767 0.0017318391619483 0.0119292848627083 0.00185412392020226 0.000128924811724573 0.000111496423414792 0.00011984598768322 6.94402898261615e-05 3.03721281511571e-06 1.69711829158814e-06
0.0297060389304534 0.0278855491662398 0.0346076048910618 0.0419277793262154 0.144029344990849 0.0402963039465249 0.026157895103097 0.0212338715558872 0.0258257176261395 0.0202484381385148 0.0141691127326339 0.0113634488778189 0.0139029700949322 0.000528367156584864 0.000763927415027865 0.0003676219585941 0.00250230634555919 0.00134326525512734 0.000181004209753155 4.84331920276304e-06 0.000249564426030702 0.00450609421823174 0.000600030769055593 9.27323312225781e-05 7.60639589287848e-06 0.0003880197131366 0.00848880673293024 0.0104555254802108 0.0132139619905502 0.000132552451805168 0.000131011163716721 0.000410674423801538 0.00801789795514196 0.00624571159714833 0.0124172776471823 0.000519068102585152 0.000487542540213326 0.000304996222257614 0.000208586632652441 2.11286369449226e-05 5.36187191755744e-05 1.16385380863449e-05 2.86534418592055e-05 9.43589687949498e-06 3.82212635940959e-06
0.0682435654103756 0.0710614770650864 0.0571516183204949 0.0417260605841875 0.0205814142245799 0.0562703521922231 0.127198354527354 0.0685694988816977 0.0105365870753303 0.0210803126683459 0.00612973631359637 0.00702687622979283 0.00282312853087205 0.000146273909012962 0.000235302869623411 0.000476023518058355 0.0017569840681972 0.00187946846126579 0.00146201877651038 0.00157792251557112 0.00135138634941541 0.00013760592678409 1.35307412833185e-05 1.45624618880902e-05 0.000170338520911173 0.00246134368353523 0.00177690116688609 0.000127658941528352 0.000763705487042898 0.00412358002504334 0.00308449161821045 0.000927672840771265 0.000220489767525578 8.55108199175447e-05 6.51823915177374e-05 5.80953388578109e-06 5.90838294556306e-05 3.97543306007719e-05 2.3021977733606e-05 1.74584349792894e-05 7.45714727372615e-06 1.07679926841797e-06 6.67663517361916e-07 1.08704535222159e-06 2.46511531987181e-07
0.0174048321321607 0.0123783664777875 0.0169464324600995 0.02241703979671 0.0304475395940244 0.0607447199523449 0.0807553753256798 0.0232992137549445 0.0114613104611635 0.0214759183814749 0.0157448378624395 0.0036432815308217 0.00945836360333487 0.00797136122273514 0.000466711740773462 0.000116526790725402 5.1554514561758e-05 0.000260552167310379 0.00302018627698999 0.000135580625556031 0.000152609550150373 0.000150381966750501 0.000386664212783216 0.000460714848304633 0.000142934792165761 1.63520278761098e-05 7.12194494951746e-06 1.8156177315376e-06 3.97863680348109e-06 2.13541577181786e-05 5.6784355678019e-06 1.88872908424287e-07 1.65815202990416e-06 3.37603703535194e-06 4.67874854379602e-06 2.51513847970841e-06 6.77038032925736e-07 5.18227066415022e-07 4.36179165674844e-07 3.76833452442327e-07 2.19103072840454e-07 1.65300852961181e-07 1.27069232647159e-07 2.50689667424808e-07 1.1609023058412e-07
