Scripts_&_data/Maxent_result_files_2/B_mesomelas_2.asc
NCOLS 594 
NROWS 330 
XLLCORNER -15 
YLLCORNER 23 
CELLSIZE 0.166666666666667 
NODATA_value -9999 
[rows 300 to 319 of 330, columns 45 to 89 of 594]
1.29109271762573e-07 1.46768502129468e-07 1.42437040229204e-07 1.42719682905135e-07 1.32598939639461e-07 1.25157652097752e-07 1.2781771469017e-07 1.3966396241738e-07 1.30397663467008e-07 1.27943968164512e-07 1.51811918036593e-07 1.72992962887975e-07 1.90090120111286e-07 1.94512888929133e-07 1.70212866235087e-07 1.58511902603742e-07 1.53813519543355e-07 1.79968904501226e-07 1.6527671220512e-07 1.49890522072038e-07 1.85776372685353e-07 1.89964993246861e-07 1.45370805271217e-07 1.29113051439145e-07 1.18516482527919e-07 9.75660788715693e-08 9.29791476478314e-08 8.8101139772423e-08 8.77921963238215e-08 8.7137470750065e-08 8.60899061816411e-08 1.29238192647652e-07 1.77274145451989e-07 2.12229675400355e-07 2.14751932314794e-07 2.13799499859668e-07 2.04267220027532e-07 1.84472519337842e-07 2.32859959059528e-07 2.93861197797618e-07 2.9668486855039e-07 3.87286367320439e-07 3.68514837123524e-07 5.14846528931745e-07 4.05685038096237e-07
1.72830371503174e-07 1.67763015090916e-07 1.54717986100561e-07 1.76950844377188e-07 1.52453097557181e-07 1.48726165971613e-07 1.73294280769731e-07 1.41902590589105e-07 1.29705995211005e-07 1.56961903086117e-07 1.85015178910675e-07 1.75964944992835e-07 2.41007271528648e-07 2.22708528874183e-07 1.87927311234848e-07 2.18705830390409e-07 2.13841689977734e-07 2.03101177875809e-07 1.85634687044356e-07 1.96020895570914e-07 1.83779855156274e-07 1.7479282207189e-07 1.63898855498612e-07 1.11219319853806e-07 8.86211047212981e-08 8.51758485409526e-08 8.65380555659101e-08 8.59817064435831e-08 8.55784518472014e-08 8.9863962604575e-08 1.27224609614007e-07 1.90466135596701e-07 1.94293690980452e-07 2.06975026861844e-07 2.1425547078735e-07 2.147883356729e-07 2.02970966767246e-07 2.04879059395591e-07 1.77567988857152e-07 2.80021724674562e-07 2.40965877973398e-07 2.60957725628508e-07 2.19647059807038e-07 2.47851374313157e-07 3.79178804255087e-07
1.70936191701276e-07 1.85680194286775e-07 2.02823541395336e-07 1.61470889470383e-07 1.73283312898675e-07 1.83250286833747e-07 1.40032753126462e-07 1.50251080777153e-07 1.88639185783046e-07 1.75678299207949e-07 1.7988952492054e-07 2.4003458350963e-07 2.43376242770044e-07 1.82996014330694e-07 1.63170809608371e-07 1.86363818233115e-07 1.68421834256804e-07 1.53997341323375e-07 1.4702445471082e-07 1.6160393528919e-07 1.71932241455064e-07 1.59116610254362e-07 1.46708303949694e-07 1.52642827799809e-07 1.02899100118403e-07 8.36668976544885e-08 8.51298013082591e-08 9.01453583779244e-08 8.78475641452603e-08 1.24208663798697e-07 1.61130612641447e-07 1.87268059215207e-07 1.92131469189949e-07 2.02831162332551e-07 2.1129083466187e-07 1.99122910848892e-07 2.07697347465174e-07 2.16558445942372e-07 1.97904035270646e-07 1.84640202927078e-07 1.49846871866366e-07 1.69135809235943e-07 2.45110846486263e-07 1.81678937771768e-07 2.75111480396717e-07
2.08493327735759e-07 2.00091144941794e-07 1.84237550482358e-07 1.62172356144019e-07 1.59326721660413e-07 1.31253090385197e-07 1.28159498558045e-07 1.6537523167548e-07 1.8955339662341e-07 1.68954190760129e-07 2.33710147423682e-07 2.26588915652748e-07 1.61784611263371e-07 1.49897903067853e-07 1.63348985182665e-07 1.65156233433716e-07 1.51583870744432e-07 1.46768304098988e-07 1.28623976669573e-07 1.67752476332161e-07 1.84458169127932e-07 1.88480260832069e-07 1.85453726397888e-07 1.59486024975397e-07 1.4077602041862e-07 1.07541787097709e-07 8.8510441187406e-08 1.22290517701185e-07 1.77367298970221e-07 1.83443942380901e-07 1.67440782161687e-07 1.85178935663277e-07 1.88308871074128e-07 2.03658287289965e-07 2.05901747396542e-07 2.06128599344879e-07 2.0987600174438e-07 2.05071374226318e-07 1.74554466914056e-07 1.45030861142814e-07 1.42448292983488e-07 1.1964827771882e-07 1.28851940994767e-07 1.62186263474862e-07 1.78976408382603e-07
1.74696158961041e-07 1.54987874556589e-07 1.35610592699731e-07 1.29752603161837e-07 1.62343855258928e-07 1.7409506943844e-07 1.73618707133283e-07 1.96348556036341e-07 2.06070586639129e-07 2.46724968877565e-07 2.40165067000309e-07 1.55580542882117e-07 1.64053027640332e-07 2.12949852629318e-07 1.78263923300559e-07 1.61418450173034e-07 2.0748591965658e-07 1.7455118616061e-07 1.84081120435664e-07 1.79567641311884e-07 1.99561237823609e-07 2.07540455332555e-07 1.94302262779278e-07 1.83633262429428e-07 2.14287876199037e-07 2.13555763173279e-07 1.45129178408254e-07 1.80422179840711e-07 1.86766939802574e-07 1.82864670872362e-07 1.84094102329002e-07 1.84846558581864e-07 1.85977130229276e-07 1.96945790897907e-07 2.00164592378815e-07 2.01680756939382e-07 2.0465895280708e-07 2.00295751895396e-07 1.52098086425578e-07 1.51417779881147e-07 1.38696451823517e-07 8.42606398543388e-08 9.60398594873624e-08 1.3170247812333e-07 1.61963541966959e-07
1.62039084294907e-07 1.51034694095831e-07 1.37585559556452e-07 1.71410756311108e-07 1.83923225283156e-07 1.77994167516182e-07 1.79471294636802e-07 2.27904362748443e-07 3.0824645750327e-07 3.17356187640172e-07 2.57553114813014e-07 2.08636520637739e-07 2.57665676495211e-07 2.77886833899288e-07 2.54757497109015e-07 2.38643168404273e-07 2.31632343772326e-07 2.30936857781305e-07 2.44968856277783e-07 2.76107361596445e-07 2.55731000053938e-07 2.55022308670583e-07 2.71074922764125e-07 2.98473558391077e-07 3.52473148612642e-07 3.41065089237702e-07 2.47593823243797e-07 2.04527095992724e-07 1.79955000456644e-07 1.80003911320892e-07 1.82486028166284e-07 1.81827825429526e-07 1.84010935377898e-07 1.92503612927997e-07 1.8740925534777e-07 1.92538212662186e-07 1.75359834919675e-07 1.32056513979517e-07 1.24837455939275e-07 1.20092938971084e-07 1.11591016127566e-07 8.96141226669478e-08 9.39436448299524e-08 7.92721702502774e-08 1.21226348959169e-07
1.57328945704638e-07 1.50823303168846e-07 1.6478312182544e-07 2.19253525568508e-07 2.02835523632761e-07 1.99679799572916e-07 2.58190808966052e-07 2.58476310244227e-07 3.32603219910244e-07 3.18036351176776e-07 2.28375646482704e-07 2.13116150704629e-07 2.91245861916423e-07 2.72841273984969e-07 2.53264446337109e-07 2.41578480530968e-07 9.33899268351634e-07 8.68372130558015e-07 1.04694237865743e-06 3.41293755701244e-07 3.87257824863152e-07 3.89709842307795e-07 3.72250916691463e-07 3.58430623159656e-07 3.51840612544674e-07 3.4054934338057e-07 2.61569928616812e-07 2.39396715873141e-07 1.87469326573542e-07 1.83737953229901e-07 1.67432022402103e-07 1.62679813364708e-07 1.60826642681133e-07 1.6110048532969e-07 1.43070167812898e-07 1.71554449968081e-07 1.59818325207173e-07 1.15956242807691e-07 9.63779392626485e-08 1.21280597997764e-07 1.10836067224174e-07 8.9615255483011e-08 1.09114176005676e-07 7.65791127177451e-08 8.38241055900468e-08
1.63316247114853e-07 1.66734075701669e-07 2.11656520443526e-07 2.16454605261873e-07 2.42613211498544e-07 3.28367573543264e-07 3.20233704687034e-07 2.78075541937373e-07 2.35198972320383e-07 1.95032021010899e-07 1.91442056374225e-07 2.33550493866641e-07 2.62371653858562e-07 2.57440442252843e-07 2.45153544942145e-07 1.28478855299097e-07 8.53398737676869e-07 9.57950863089696e-07 1.06130544007543e-06 3.59632467750171e-07 3.62343807425169e-07 3.84391504060222e-07 3.74544323633597e-07 3.58723684978912e-07 3.44467439072904e-07 2.73227132885356e-07 2.59006147507179e-07 2.57422517757622e-07 2.3718104797954e-07 1.9420718930796e-07 1.42786235979298e-07 1.47689119311956e-07 1.53900613708569e-07 1.34751710034742e-07 1.36377811910116e-07 1.36604356693049e-07 1.32823687992722e-07 9.7722075997897e-08 9.72612367533543e-08 1.35300712122977e-07 1.33698556958883e-07 1.03944661844491e-07 9.74594584701727e-08 8.91715848938546e-08 7.44926554996361e-08
2.45882823846077e-07 2.31999267885641e-07 2.25729091918314e-07 2.51796931571846e-07 3.67853795202322e-07 3.5452534767888e-07 2.55308778362995e-07 1.72523363828336e-07 1.69357829149508e-07 1.8121465987786e-07 2.64886462475467e-07 2.65843442770475e-07 2.56297524059423e-07 2.5325022102729e-07 2.50170484639156e-07 2.41539807188662e-07 2.3904123631624e-07 2.35875693477272e-07 2.97606321630894e-07 3.38332188487556e-07 3.57284594798557e-07 3.71262590093124e-07 3.58849747894574e-07 3.32102365607767e-07 3.10915604939677e-07 2.48693052196103e-07 2.44718890529683e-07 2.49383238393186e-07 2.22191520826698e-07 1.82826514427692e-07 1.58569971309142e-07 1.56771104198317e-07 1.80130780746968e-07 1.44276140445765e-07 1.42606380360011e-07 1.39865596127109e-07 1.32170160349609e-07 1.31353498855624e-07 1.4771177160311e-07 1.27736808042123e-07 1.03448472854595e-07 1.05527610316791e-07 1.19209866922265e-07 1.14541850371186e-07 9.35580167116257e-08
2.33753875877873e-07 2.21180256387843e-07 2.73588788390899e-07 2.65436990687373e-07 3.40518425723246e-07 2.80759095350192e-07 1.86701346904794e-07 1.78296324115923e-07 1.69523560800133e-07 2.3242219608921e-07 3.32600742480871e-07 2.90522819701433e-07 2.76757533002048e-07 2.65636037988237e-07 2.54014074563269e-07 8.88659454789664e-07 2.83918088839208e-07 2.75241500069523e-07 3.22926201046236e-07 3.18766413365257e-07 3.0749143647979e-07 1.80100115276804e-07 3.23889737541272e-07 3.15017480123636e-07 2.9263343229724e-07 2.46486023647297e-07 2.50158109893484e-07 2.37902912236798e-07 2.1256254083557e-07 1.72764151662452e-07 1.88848574345091e-07 2.02557272055426e-07 1.97964157377939e-07 1.7417883990678e-07 2.0786354490987e-07 2.21659680454955e-07 2.23218823758309e-07 2.78380204243867e-07 2.50710369775753e-07 1.91988041342572e-07 1.86767213183892e-07 1.24807052315212e-07 1.25608115986164e-07 1.24197584550068e-07 1.44211048858089e-07
2.70344387320876e-07 2.9743291530826e-07 2.75626919787886e-07 2.66937987258853e-07 2.60109696792465e-07 1.83016421362314e-07 1.80763487289681e-07 1.99011482504563e-07 2.03860810243928e-07 3.04393712924345e-07 3.49582766623335e-07 3.39578365715631e-07 3.02904562821116e-07 3.07105762487048e-07 3.08399285964267e-07 2.99663198677358e-07 3.5462061799274e-07 3.88031742692974e-07 4.02072425076394e-07 3.93880268334534e-07 3.29032014600994e-07 3.37721334076058e-07 3.45417281855109e-07 3.06952300999086e-07 2.78894144956077e-07 3.1379863953962e-07 3.22012268150207e-07 3.11912703132577e-07 2.81229136700478e-07 2.82733205214658e-07 3.14927808198195e-07 2.35171464746387e-07 2.82627400494118e-07 2.9701884132205e-07 2.92456965023113e-07 3.07535281640625e-07 3.07763307860753e-07 3.09195851655453e-07 2.99130850911489e-07 2.85971634317317e-07 2.26900033761801e-07 2.07801336660207e-07 2.02876473232028e-07 1.60229069112727e-07 1.64717195938469e-07
2.70688677939113e-07 3.17463260757211e-07 2.99697182937209e-07 2.53878135914043e-07 2.02674238047873e-07 1.85001629404713e-07 2.36637437645015e-07 2.16741461578351e-07 2.17086289455715e-07 2.47634932704077e-07 3.20660894059799e-07 3.35799105843915e-07 3.41807176729159e-07 3.26875104317281e-07 3.78261060285379e-07 3.69836548053115e-07 3.60229066997952e-07 3.78259733935238e-07 4.03736315413017e-07 4.00087740903832e-07 3.60525776610388e-07 3.74051980112089e-07 3.61101035395439e-07 3.55980218691432e-07 3.44242597027922e-07 3.25003252965583e-07 2.82520361738481e-07 2.84903719383056e-07 2.87217253769345e-07 2.9808093444661e-07 3.06049871212633e-07 2.99417616667075e-07 3.04694631980684e-07 3.01194946217276e-07 2.95590341481411e-07 2.98616700777909e-07 2.99810333204142e-07 3.0219511024665e-07 3.04502175518806e-07 3.09059533809553e-07 3.04718843691099e-07 3.05974564795974e-07 2.95542459305409e-07 3.00400724173588e-07 2.90765826127526e-07
2.28011172753728e-07 2.75639560920471e-07 2.62749709445398e-07 2.12975473012911e-07 1.5853683903444e-07 1.71489357303489e-07 2.21274707357111e-07 1.91921448700061e-07 1.84647393031145e-07 2.03249513552883e-07 2.36074836046374e-07 2.51566224684918e-07 3.09271661114163e-07 3.3639626498827e-07 3.59247060055523e-07 3.76667584611745e-07 3.86253531792224e-07 3.78319182348097e-07 3.80581099190813e-07 3.12674630087439e-07 3.08971168894168e-07 2.91283544096022e-07 3.0476247333544e-07 3.43998819318792e-07 3.18374243057917e-07 2.70102843480391e-07 2.62458761657314e-07 2.61896764386371e-07 2.24833336037733e-07 2.3560813272594e-07 2.59105878164245e-07 2.80195628177271e-07 2.870166852742e-07 2.75690147155672e-07 2.75022907059164e-07 2.87504488882817e-07 2.86977832164581e-07 2.95239939085423e-07 3.0143198195276e-07 3.03717369731782e-07 3.14455242700351e-07 3.1621359201095e-07 3.35345507063156e-07 3.5196656362757e-07 3.63636656863786e-07
1.78792019256413e-07 1.94231043670889e-07 2.66792405012595e-07 2.15286189120256e-07 1.92837018975212e-07 1.84872993069796e-07 2.00579152487279e-07 2.11832409868773e-07 2.02100184698573e-07 1.85937373597955e-07 1.96867257973299e-07 2.49577363553577e-07 3.24389537886827e-07 3.38640954389291e-07 3.15280696738807e-07 3.03181891547766e-07 3.20660526742511e-07 3.23646905153741e-07 3.14990527938708e-07 3.12052012108044e-07 2.17674539981783e-07 1.62568944572783e-07 1.59326735271748e-07 1.83787874274977e-07 1.80537244121037e-07 1.99257103794537e-07 1.69133974958768e-07 1.68907006259378e-07 1.75380486422405e-07 1.63859370294617e-07 1.68328456995326e-07 1.68605430084234e-07 2.00063542743489e-07 2.23675301480597e-07 2.53594797461343e-07 2.28983782868397e-07 2.48300892180531e-07 2.7281199690421e-07 2.9547997927315e-07 3.04335895451313e-07 3.17145467065849e-07 3.12035147553846e-07 3.27379097087022e-07 3.57444837417731e-07 3.6364019248003e-07
1.1045907286622e-07 1.18010932959045e-07 1.6163686624715e-07 1.74282958598226e-07 1.71798270975909e-07 1.56986944166437e-07 1.95276236247821e-07 2.10658136534647e-07 1.92982577851275e-07 1.95115785084354e-07 2.00989032916876e-07 2.06972688099327e-07 3.24308556343134e-07 3.15817816298747e-07 3.38578894176766e-07 2.89327502944747e-07 2.90139367176145e-07 3.01003219982388e-07 2.90783283185547e-07 2.95421111662364e-07 1.97064542473147e-07 1.26166372260705e-07 1.23764102366586e-07 1.1873211331892e-07 1.30796827857438e-07 1.43563924936974e-07 1.43947987507609e-07 1.41099083872387e-07 1.57526322985824e-07 1.37332209027008e-07 1.46786057697579e-07 1.50602585324844e-07 1.5100455625916e-07 1.56020758568243e-07 1.75056742446333e-07 1.7875829673164e-07 1.91207531641258e-07 2.09372002635266e-07 2.87786488439856e-07 3.14782296484406e-07 3.13774475857453e-07 3.10081452448152e-07 3.49940048216535e-07 3.53320769985732e-07 3.53718393319991e-07
1.02400573287476e-07 1.05088219537475e-07 1.54215238890032e-07 1.63399940944497e-07 1.56107571591679e-07 1.53222522936147e-07 1.72582593338522e-07 2.11567088959086e-07 2.46733789388554e-07 2.3612231367931e-07 2.20441261900017e-07 2.33332940058339e-07 2.79809506897877e-07 2.7538243297931e-07 2.87271899690467e-07 2.65807673183183e-07 1.47787563697932e-07 2.11017306372963e-07 2.23599999926716e-07 1.45322959876903e-07 1.45677068164041e-07 1.29300996565274e-07 1.28171961411017e-07 1.20089866328943e-07 1.2201221579744e-07 1.18849654862085e-07 1.25451575794244e-07 1.3757558168237e-07 1.41244781548533e-07 1.40698317874222e-07 1.40099267009752e-07 1.4053692369842e-07 1.41999860847619e-07 1.42062942487531e-07 1.61775380091989e-07 1.75851870232169e-07 1.77326196604266e-07 1.83504894823994e-07 2.40575678134292e-07 2.63312812442962e-07 2.79061681607295e-07 2.8723075788939e-07 3.20917642371299e-07 3.17515013825709e-07 3.10464122421639e-07
9.44596585172874e-08 1.22406369285066e-07 1.56578118160056e-07 1.55876542806688e-07 1.49235332425057e-07 1.5352853338646e-07 1.60155071693424e-07 2.50313274074987e-07 2.45206387816665e-07 2.35460423425593e-07 2.3883284353543e-07 2.18713045407881e-07 2.59135052083082e-07 2.02452928055319e-07 1.81232340967785e-07 1.40015236482771e-07 9.75844198225495e-08 1.43554257603373e-07 1.34386935290998e-07 1.04962378588702e-07 1.20236424028253e-07 1.24354915509439e-07 1.24932284273349e-07 1.14567004838584e-07 1.17298886481709e-07 1.185557262251e-07 1.1880451675772e-07 1.33399477930674e-07 1.31557176463737e-07 1.36690334928691e-07 1.37948772183094e-07 1.39805683097016e-07 1.3947157887495e-07 1.3432360920218e-07 1.34591271727658e-07 1.45348925151279e-07 1.70193925952411e-07 1.9779366761119e-07 1.97261671819327e-07 2.61882662744295e-07 2.61506159426883e-07 2.62626501534857e-07 3.03532485457225e-07 3.39824145823009e-07 3.54660223500503e-07
8.96863867949627e-08 1.03587196176314e-07 1.5310883532127e-07 1.60651445824111e-07 1.63513310103003e-07 1.54272205732386e-07 1.6304853895921e-07 2.53670333172362e-07 2.3942486602202e-07 2.33750927447485e-07 2.25019608213195e-07 1.83408873510871e-07 1.8810127399016e-07 1.66343179763828e-07 1.17353951023524e-07 1.29332680565142e-07 1.04842106385394e-07 9.72886045502719e-08 9.40266906113152e-08 1.07674825244874e-07 1.0736704768588e-07 1.053957996211e-07 1.22926668055801e-07 1.18419752281884e-07 1.1757659528211e-07 1.26191612415116e-07 1.32722037904376e-07 1.28045431946333e-07 1.43970682842109e-07 1.58964778451676e-07 2.04892504274135e-07 2.0987953290863e-07 1.81869482807073e-07 1.73796279800964e-07 1.98006637452952e-07 2.05375870765412e-07 1.72585120394864e-07 2.26287567961503e-07 2.60670226026605e-07 3.12158372073323e-07 3.13599516310603e-07 3.1518795373664e-07 3.37848967002508e-07 3.83260332792457e-07 3.86978462407761e-07
8.48711543044445e-08 8.39774658256687e-08 1.20765251176991e-07 1.65320800205038e-07 1.50653033059722e-07 1.39697788414939e-07 1.91496310664174e-07 2.34212263494626e-07 2.32702573543797e-07 1.40040950680209e-07 1.64529970592131e-07 1.34758549363845e-07 1.36838839215336e-07 1.75777896216367e-07 1.80416526140981e-07 1.31849736417777e-07 1.12735464197211e-07 1.12269305940771e-07 1.28755641448652e-07 1.26169132108611e-07 1.12940172991571e-07 9.51257629333568e-08 1.05178087128621e-07 1.13095837872557e-07 1.46170580173077e-07 1.48561406176917e-07 1.7711161182099e-07 1.95820822623816e-07 1.99743191908741e-07 2.14280569788006e-07 2.27115266981937e-07 2.30227495645607e-07 2.21525021071312e-07 1.88688225233324e-07 2.23070605454012e-07 2.40295219333664e-07 2.01850155689964e-07 2.30840708259628e-07 3.01951275483159e-07 3.02148692643556e-07 2.97759416822974e-07 3.21707418082795e-07 3.77147252705878e-07 3.82712389634943e-07 4.14476855270518e-07
8.1351862668555e-08 8.23142157546641e-08 8.88801030440867e-08 1.65504368443425e-07 1.53590220930422e-07 1.3327945793673e-07 1.54352734105245e-07 1.50375819440995e-07 2.30202096773713e-07 2.02293071716042e-07 1.30018011623712e-07 8.9857120533221e-08 1.12162927756732e-07 1.59368160312923e-07 1.5551903014277e-07 1.24843951165854e-07 1.26303398806371e-07 1.51812317294997e-07 1.59400055621539e-07 1.39444766211749e-07 1.47116572168926e-07 1.24855637506638e-07 1.37860133153644e-07 1.52851711743285e-07 1.59855812364995e-07 1.66283804114986e-07 1.9926269916315e-07 1.94474867332151e-07 2.19703005233107e-07 2.33434107532737e-07 2.36795943875379e-07 2.31724751864615e-07 2.19982593185897e-07 2.18909046134641e-07 2.36903480022033e-07 2.43936940802492e-07 2.34998397552477e-07 2.76358426698486e-07 2.86091217294171e-07 2.77368029399927e-07 2.73376596715558e-07 2.27152290932509e-07 3.09676288989813e-07 3.21505718348103e-07 3.52431392958152e-07
