Scripts_&_data/Maxent_result_files_2/B_mendax_2.asc
NCOLS 594 
NROWS 330 
XLLCORNER -15 
YLLCORNER 23 
CELLSIZE 0.166666666666667 
NODATA_value -9999 
[rows 154 to 175 of 330, columns 245 to 293 of 594]
1.14920713258471e-05 2.10654973898272e-05 1.8673278600545e-05 2.43288874118619e-05 1.20047675238766e-05 2.00948001406687e-05 2.37923928136707e-05 5.35717620550935e-05 5.72443720557203e-05 0.000139295768894965 3.2870249356165e-05 7.40954238608538e-05 0.000170917125069725 1.64670065259997e-05 1.44005989909601e-05 1.8124125773511e-05 9.26038677278029e-06 5.67158913554633e-05 0.000204325147433582 3.66764950641141e-06 4.69953303294801e-06 4.76113063143657e-06 1.68686716950361e-06 5.2985756994417e-06 4.15009813963252e-06 3.96071848527413e-06 1.17777888331005e-07 8.13571355529064e-07 1.93916586397336e-06 8.14209722719284e-06 6.23459850572772e-06 1.19019369799744e-06 1.66154487253323e-06 4.73567430336885e-07 3.67287312486031e-07 4.90716500278765e-07 7.3442851533656e-07 4.125643044528e-07 9.8362437954691e-07 4.29735100060391e-07 3.17994763276985e-07 3.66488065361992e-07 8.25528124748232e-08 3.99418537533336e-07 5.30208501503537e-07 1.81484784322894e-07 4.25539495418903e-07 1.57494367867272e-06 3.36103643849839e-06
1.4112353446194e-05 8.68899771380494e-05 9.06796431365819e-06 6.13503887194611e-06 7.17926328377416e-06 3.04007563727282e-05 1.95602500070891e-05 4.62246265300337e-06 3.12268720335851e-05 1.88946299147119e-05 2.17667800598065e-05 7.79763596256755e-05 0.000197770730302205 6.37941480476911e-06 1.00150129696885e-05 8.49218365317483e-06 1.51018105952971e-05 8.97955953149676e-06 2.11822121528371e-05 4.31137016676075e-05 2.20463019957151e-05 5.35025510544074e-06 7.86064464080027e-06 2.21609443080695e-06 4.90780493667131e-07 1.11725527247586e-06 3.42888638584782e-06 1.77917939936378e-06 1.23161923557547e-06 4.31143148134083e-06 7.0903009074641e-06 1.79254246006622e-06 8.26790626007323e-07 5.11419234516808e-07 4.12371680580392e-07 6.47738038761503e-07 1.32876029717011e-06 1.23498088733243e-06 1.15891735035234e-05 1.22235849833174e-06 2.2706612618606e-06 1.35994360324077e-06 4.33768147161118e-06 3.9063046450849e-06 1.07344921644881e-06 2.40043388022304e-07 2.40376463367387e-07 6.26076744048021e-07 3.01325935714303e-07
3.49942060893338e-05 8.53292292962604e-05 1.51037958573852e-05 0.000429396199818521 0.000120230553521417 5.4222328526532e-05 1.53837182494954e-05 1.39886045644744e-05 4.14226539362517e-06 4.91066380163829e-05 3.15270392547973e-05 2.03349934224661e-05 2.61249226269911e-06 6.83893965600646e-06 1.6146059673261e-06 2.30316612487513e-05 4.08525788202496e-06 3.6600875240822e-06 3.14990981813423e-06 4.75623747178133e-06 7.23726447517947e-06 2.27415934759279e-06 9.86780788936215e-05 5.90454491611325e-07 2.9526644194533e-06 5.69141130526418e-06 3.90584911436065e-07 2.8223756793011e-06 2.58187315239411e-05 5.09141149152015e-06 1.7521137445442e-05 1.95575862580455e-06 3.51100432922635e-06 7.65731830076888e-07 9.24849783512371e-07 4.14698590023299e-07 5.2766681470473e-06 1.05268881966936e-06 3.14546706423613e-06 7.04358238490244e-07 2.11232586870835e-06 4.89780505539272e-06 5.6264435592368e-06 1.73723793652769e-06 1.81918592225827e-06 1.40408138573633e-06 2.48009834251661e-06 2.58261771328705e-06 7.56201227414266e-07
1.87226080015535e-05 4.69248955823787e-05 0.000115080669551404 1.55971954711731e-05 0.000133643358004132 2.93781127774451e-05 2.37810146700212e-05 3.85590486985277e-05 9.21252195439592e-05 3.93907206088784e-06 3.00678116857966e-06 4.04752788298879e-06 5.50230963085596e-06 2.33167773671994e-05 3.54198979039211e-05 2.58650591717924e-05 2.42092440657871e-05 1.08959991081292e-05 1.40842772395899e-05 5.2199016886334e-05 2.75271827149481e-05 2.73831795880142e-05 1.17503843284794e-05 4.37987710711241e-05 1.76067863009166e-06 3.97170167616423e-06 6.02118444987809e-06 4.73438074610755e-07 8.94344640567368e-07 2.02601408716419e-06 1.39634148244028e-06 5.61844263735623e-07 7.3274283582947e-07 1.11746494368958e-06 4.3870369972332e-07 9.67840577636991e-07 2.06449922970364e-06 5.70035332714269e-07 7.12930746971097e-07 2.46529396257245e-06 5.65503430882686e-07 9.70768856092263e-06 4.84028776059908e-08 4.4208000007373e-07 2.13946886984395e-07 2.3714014097953e-07 2.35176555332117e-06 8.97642171437951e-07 3.36373411569113e-08
5.86495978533774e-05 5.2330612879814e-05 4.59426457837253e-05 2.29320476705652e-05 2.92697377128781e-05 7.84178368803734e-05 8.45384691388062e-06 2.57777946673587e-05 5.22432476827817e-05 5.4081741200207e-05 2.87344748130636e-05 1.46797579418489e-05 7.58505498197337e-05 1.4446239111976e-05 1.20264599047459e-05 7.07997486557588e-06 2.33683975125132e-05 7.02620371271223e-06 3.65687825336636e-06 2.27021456673526e-06 3.68119949740731e-06 5.67300721883157e-06 3.6638856236948e-06 6.14735074577766e-06 1.22274460352401e-05 6.73447067583988e-05 3.52705983914348e-05 4.10339695946504e-06 3.66596956382637e-06 3.83052521470972e-06 1.46481376610552e-06 4.70334298952046e-07 8.31846067583797e-07 1.12771262872347e-07 3.51871011017302e-07 4.35012366306609e-07 1.65028435361592e-11 1.50725432135346e-11 1.55187051475991e-07 5.64385205237272e-12 1.84998560914806e-07 3.44432021925911e-06 2.12613507599713e-07 2.09009182372544e-07 3.3886477537326e-07 8.98033549745492e-07 3.77629201819829e-07 1.85781649841843e-08 5.30904493145634e-08
0.000107450629184358 2.3361398234556e-05 4.88438827915161e-05 1.3221390452145e-05 2.47696078993886e-05 0.000123059815177839 3.14647633103959e-05 2.16921531773551e-05 6.05493576131266e-05 4.0164378992813e-05 2.21302745558205e-05 1.5616924346773e-05 9.63782749892062e-06 5.03183201061574e-06 3.0927699256722e-06 5.50953344372829e-05 0.000108471900966856 4.14657620098069e-06 4.75138433344568e-06 3.30582086327524e-06 5.29520972492037e-06 1.12012388910898e-05 8.32104358039487e-06 6.87157636036773e-06 1.99200282509082e-05 0.000114822509340229 6.48823505287055e-06 4.38514009175606e-06 3.30908223489246e-06 2.66407122978762e-05 1.3053652240913e-06 4.44726042170274e-07 5.26849550563924e-07 3.41131882397594e-07 1.99088301400252e-11 4.2634957895249e-07 4.43983205222764e-07 3.34881231045525e-07 2.25124084907158e-07 3.06911021918932e-07 5.05914590331891e-08 1.55772343202187e-07 6.35095012224696e-07 1.59155718704174e-07 2.77063478604234e-07 9.97138650427054e-08 1.15792136223813e-07 9.51725037667828e-09 7.7947355425767e-08
6.37642563657503e-05 7.08946687160705e-05 1.98732490162001e-05 0.000111304132497292 6.76789202316286e-05 0.000714212786305579 9.03309341083514e-05 3.05839758425464e-05 0.000106051972471877 3.1528522526969e-05 1.87982252214169e-05 4.03232267771614e-06 5.03119793009432e-06 3.75709009006187e-06 3.00560796659965e-06 1.38724266548707e-05 8.64867806285474e-05 6.21369633790891e-06 1.48971122868602e-06 9.51128415067615e-06 3.57480468096583e-05 5.67171804732425e-05 1.6994328433384e-05 4.07299522862559e-05 2.22039450022748e-05 5.81987433676545e-06 5.74194038307496e-06 3.75569695876266e-06 4.82822547098749e-06 1.96819385109848e-06 4.25314292442636e-06 1.43728114352371e-06 1.36066958305037e-06 4.13112490993406e-08 3.6064646071754e-07 6.53594904420629e-08 1.27692256297607e-06 3.69176001546734e-08 2.21963258240088e-07 2.26737315422998e-07 1.48844022418437e-07 3.56579941906965e-08 2.55065968346457e-12 2.2475096761454e-08 1.13352491739604e-06 7.65742366626299e-08 3.97026855836202e-12 3.75139919128742e-12 2.58336685377003e-12
5.21816903358285e-06 0.000194413431116325 5.23318806716855e-05 4.44557262426315e-05 0.000599381928313558 4.42129958173609e-05 1.98891177547011e-05 8.37144416152569e-06 0.000120296099885575 2.38024354999311e-06 2.03644651833201e-05 5.7031454105072e-06 5.25745226354957e-05 4.54349722303959e-05 1.59148330396874e-05 5.94919414993456e-06 1.72670064614522e-05 2.31240681159761e-05 5.67844365150449e-05 4.01222563141346e-05 5.99594533014169e-05 6.41545213966421e-05 1.73407142121107e-06 2.98093407877786e-06 8.46661814932759e-06 2.7536267771211e-05 3.77450889232023e-05 4.20483304992558e-05 3.2123122544192e-06 3.76238759240977e-06 1.13135937489517e-06 3.62355447904861e-06 1.91606508437303e-11 2.65847688085685e-08 1.20477557752352e-07 2.82118638617046e-07 8.67108325319776e-07 2.76554987466149e-07 4.89757871258156e-08 2.71268453633233e-07 8.6510687502539e-12 1.12084516501465e-07 5.7502336225923e-12 5.11831688143616e-12 5.16666709415858e-12 4.29228874665455e-12 3.75599551460937e-12 3.82059939241231e-12 3.65141250568968e-12
4.15584235291533e-07 4.81833644471519e-05 0.000124469747432809 4.59314265754629e-05 3.44290323113228e-06 2.37461045173859e-06 0.000213920011992785 1.72247377946633e-05 1.6872392922096e-05 4.4239563590065e-05 4.34906941791269e-05 2.47998498366542e-05 2.34198185466994e-05 1.27379560950658e-05 1.24086738424012e-05 1.03339470541641e-05 2.04322292916004e-06 8.36650643343262e-07 2.06158978137694e-06 4.22457603210802e-07 6.06285391882011e-06 3.81377436866615e-06 1.44811178415694e-05 1.50706229078423e-05 4.01571821385005e-05 4.89215406673793e-06 2.2285532734756e-06 1.46398767689959e-05 1.3890408462558e-06 4.20345759266638e-07 1.25445536518498e-06 4.077980453987e-07 2.88240114021399e-07 5.40906417567655e-07 2.71993149492111e-07 1.3864331904756e-11 3.08633674239722e-07 1.54796842011251e-11 3.5367207753545e-07 4.10159854746794e-08 1.81382863773116e-07 4.35261826581268e-12 5.90375526243747e-12 5.54534196339773e-12 4.93330931661262e-12 3.1450286819279e-12 4.37228031557879e-12 1.44392275913674e-12 1.19057595782124e-08
3.28750652727194e-06 1.00574361624695e-05 3.08241317384272e-05 1.80793813569835e-05 5.87798933509021e-06 5.42627375637039e-06 3.16441339919038e-05 4.58996124962141e-05 2.01002522942417e-05 6.64287888696435e-07 5.63979584171648e-06 1.69653725833996e-05 4.14057710145244e-06 3.64196297368835e-06 4.76154885404867e-06 8.2034437866696e-06 5.05477579650915e-06 7.64561194500857e-05 9.6552923969595e-05 3.79122273102439e-05 2.89541058918985e-05 7.18225076980161e-05 7.73093374277778e-06 9.75250232784219e-06 3.51125001543551e-05 2.51440041665774e-05 5.98643667402143e-06 1.33477202311383e-05 6.15584914651635e-06 9.20770965606721e-07 1.04585053719575e-06 2.5580008380377e-07 1.49159104367858e-07 1.11221143406226e-11 1.49826706596912e-11 1.56814117246995e-11 1.47918788329093e-11 1.31524569013663e-11 1.45472828378956e-06 6.12545625666705e-08 1.91584861597427e-07 3.12061487761639e-12 9.55125978308047e-12 4.61048976774236e-12 4.031808220617e-12 9.49629264113128e-13 7.59314833231883e-13 7.6040611352024e-08 4.07837097426977e-12
4.586163690945e-06 2.04941941195358e-10 4.30460744826888e-10 1.81051840186797e-10 3.32557260307453e-06 1.77502501585991e-10 1.55034984850033e-10 2.06104762585646e-06 8.80488616772368e-07 2.37870123598327e-07 6.62927379657674e-11 3.88259354124898e-06 4.70985799978507e-06 4.27739900459301e-06 1.65664941178534e-06 2.13266558883873e-06 2.27794391243208e-06 2.13529049002403e-06 1.99391882489408e-06 1.75733757732388e-06 1.64533848305837e-06 0.000119271987341651 7.38550685639439e-06 1.45127586819171e-06 2.13852299680184e-05 1.90915599603159e-05 1.73764293720069e-05 7.20963931030383e-05 3.0969718828544e-06 1.69462566987022e-05 7.03557994796711e-07 4.73437147952005e-07 1.0858603792796e-07 1.77173206139525e-07 5.0848658617042e-12 1.37703071168005e-11 1.45036871401771e-11 1.38444145036942e-11 1.2669265636589e-11 4.65560923146313e-12 7.42456000901726e-08 3.40739658710731e-12 6.42458308774962e-12 4.71748196062549e-12 1.66975322457574e-12 3.51793194575123e-08 3.56790152977737e-12 3.8502201427093e-12 4.29709601235118e-12
8.83230932835488e-11 1.03816855112626e-10 1.22135190849804e-11 6.98809898835861e-12 1.66494791198346e-06 1.37254541474618e-06 2.95459333727877e-06 3.2462911022435e-06 2.27316107697106e-06 2.11003906613882e-06 2.52269239098268e-06 1.16089351365645e-05 4.13872223020917e-05 3.36231706441481e-06 1.68260961093125e-06 2.11333866495522e-06 2.06996541045612e-06 2.0357337842114e-06 1.53018939101912e-06 1.66248501116684e-06 2.23705301664268e-05 4.62437035366747e-05 5.0328636277186e-06 3.72028321322659e-06 1.10235591783692e-06 4.6022506950294e-06 1.23800108326577e-05 5.25788455547627e-06 2.34750412797524e-07 2.02189381525386e-05 1.42059266539096e-07 2.89296618460888e-07 2.42816809059576e-07 2.49881125069518e-07 1.08853148717003e-11 3.59574816821695e-07 6.27082830106929e-12 3.45867954731904e-07 1.12642561944654e-11 9.42652622626383e-12 1.25232563130684e-07 3.18636228513469e-12 7.01732005836675e-12 5.68940450307309e-12 2.15584079810149e-08 7.34326386475637e-08 4.84512430176665e-12 4.36448654994592e-12 3.82656506259238e-08
2.6932385623013e-06 3.43840245591309e-06 1.30534685673922e-06 4.1685668890068e-06 0.000164712260812216 5.39173930746983e-06 2.31445001190878e-05 2.77519832323492e-06 3.46421898953508e-06 3.03309383440364e-06 3.32971269845217e-07 1.35691840796426e-05 1.93506215993011e-06 1.43116702808754e-06 5.41968628340328e-06 8.38659320123725e-07 6.29174160280854e-05 6.9594250675209e-06 1.61463869375211e-05 2.4454726684553e-06 2.42247463262402e-06 3.80098214947111e-06 1.20239471224082e-06 1.01691770790779e-06 2.98803328036001e-06 6.19022217961174e-05 1.15853521620579e-06 3.60962240932849e-06 3.38206962746668e-07 1.94676446962916e-08 2.45384323882547e-07 2.48520026624455e-07 1.12496123527706e-11 6.5503098889419e-08 2.13823544092939e-07 2.74509758746433e-07 1.027304907808e-11 1.00916608403168e-11 9.12122599672216e-12 8.16114953394731e-12 6.74165652858605e-08 1.63542245790183e-07 1.59105015384853e-07 1.84633419664237e-12 4.61760629733021e-12 7.37019945629136e-08 4.47204495657161e-12 8.37363511863032e-13 9.93521197090175e-08
1.68512707576784e-07 1.79317148365499e-06 2.10724860298939e-06 1.51092138800379e-11 8.42846570314748e-11 6.93358477121819e-07 3.20541823561893e-07 5.48986078818814e-11 1.78337654510585e-06 3.07439529443343e-06 7.87181254047198e-07 1.75916122113762e-07 9.32156574151577e-11 8.90265792197198e-07 9.97988297868346e-07 2.49161028520462e-06 1.35606141320466e-06 2.59045138406577e-07 5.48519896170774e-11 1.97745717969156e-06 8.30351662806095e-07 6.23828842005736e-07 1.08469362292141e-06 4.03427244277665e-07 1.90649119113928e-07 4.63481304568969e-07 2.27302177080446e-11 4.98106623747496e-07 6.32092073438173e-07 4.44193348769772e-11 6.74499636588166e-07 1.12854278000452e-07 1.59166038304903e-07 6.21433360503687e-07 1.38040797423855e-06 2.07014013464679e-07 8.92086404746806e-12 8.30067126145195e-12 7.6971984341867e-12 4.02025079893065e-12 5.9018900877561e-12 6.55768772617193e-12 1.44753098396677e-12 1.78324022215293e-13 4.41885417146182e-12 4.36947145132649e-12 4.27012869508303e-12 4.33630908958094e-13 1.76840483345764e-07
1.76329584267165e-10 9.03493613257922e-11 1.12585785139174e-10 9.63859103642051e-11 1.03043018562232e-10 9.89380133376017e-11 1.98218460041311e-06 4.44804684773814e-07 1.74886246089301e-06 6.78367629358689e-07 9.51646538283057e-07 7.60152385481661e-11 2.36921815499613e-11 3.56631854903089e-07 8.64834801883596e-08 1.81643233077011e-07 1.93431290718138e-06 3.77728125933174e-07 1.04995193637158e-06 1.76243171567947e-07 5.81621861783788e-11 1.04157155291773e-06 4.16205480646692e-07 2.79419043458518e-11 3.9450831161858e-07 6.14005807531015e-08 1.17878484751088e-11 1.2344791855412e-11 1.17196918836271e-11 7.21707138495731e-12 1.35098598974537e-11 1.36248175528486e-06 2.4661272156612e-07 2.5316229002037e-07 1.76490549549158e-05 7.66441354826952e-12 8.08718647604678e-12 5.70724578707882e-12 6.97892854617521e-12 3.84864362601434e-12 5.37206945594448e-12 5.32227595329005e-12 5.32170973954749e-12 4.69673189229525e-12 4.41922054505994e-12 4.29296598269957e-12 1.12048148537269e-12 1.64733782170856e-12 2.36401266717756e-07
1.92912574803472e-11 1.23057375400748e-10 1.03898556425008e-10 1.03623887248716e-10 4.83053375077702e-11 5.38617594969537e-11 1.02098721037613e-06 4.11604441179492e-06 2.77888934085979e-11 8.22272472333907e-11 7.24311610689199e-11 7.15458359223931e-11 6.61451227124132e-11 5.68727620553489e-11 5.19997933601246e-11 5.81260928278482e-11 4.99378538521e-11 3.77652152583341e-07 4.355382721144e-12 5.28712851277646e-11 1.61836411538552e-07 3.14108643983957e-07 3.00631630700821e-11 1.50356060935053e-11 6.69112516615833e-08 3.81763637813393e-07 2.16640483663433e-08 1.90044533143752e-07 2.56125455322387e-07 1.04956821012081e-11 1.18498655332644e-11 1.96934010332495e-07 6.57040338225556e-07 6.98804407228693e-08 7.59937929584176e-08 1.63768093641714e-07 6.61977139770897e-12 2.65036881330616e-12 6.18931572660131e-12 5.93919358138351e-12 5.64336355424189e-12 1.19825657174388e-07 1.05332792477153e-07 3.95264931896122e-12 3.43758391641025e-08 2.80363510185566e-12 3.38350458761738e-12 2.88768368594816e-07 3.1740454574658e-07
1.4024114092237e-10 1.1692139478825e-10 9.36103194959514e-11 8.36454239205864e-11 8.53807358147662e-11 4.44234760088591e-11 9.54302303846077e-11 1.16538313958969e-06 8.55483461847939e-12 3.49657081066823e-11 7.88232701331992e-11 5.40142375271557e-12 6.01763538332634e-08 4.32937241612308e-11 4.06364830674022e-11 8.43409453388233e-11 3.56437102055907e-11 3.49441364733138e-11 4.11847778103436e-11 3.02722513723097e-11 4.68396099684298e-11 8.26649304563887e-11 3.48038931008432e-11 2.16431650379434e-11 7.34344032804479e-08 9.51480005895178e-12 9.11336561770781e-12 1.46738177164707e-12 1.50435639612034e-08 3.21516989454373e-07 4.39948077968211e-13 1.51998635899986e-11 6.95266066941258e-13 2.19463205164416e-08 2.48683489996182e-06 2.31182881638148e-07 3.03107743970799e-07 1.33740997103615e-06 2.31775559667025e-07 5.5242588281601e-12 1.63957736276643e-12 9.7545893211759e-07 3.65981689398609e-12 2.22858398402082e-12 8.36730684738996e-13 7.71206432048643e-12 2.78572720446846e-12 1.72567753331521e-07 1.41558864164004e-07
9.01093977212497e-11 1.02733932472177e-11 9.48487288709998e-11 9.26781429377854e-11 8.86396067656392e-11 6.3642358050231e-11 1.53347678999438e-10 1.69652403236853e-11 5.02794472723167e-12 8.45024925699711e-08 6.30650975885771e-11 1.30251814089988e-07 7.36596033279469e-08 1.85701454213927e-12 1.88478887275245e-08 4.8585695000547e-08 1.5706770060131e-07 2.70769073829058e-11 3.32831429084024e-11 3.90633192459688e-11 1.02850505889762e-11 3.28294613716196e-11 2.32228902774523e-11 2.15502393707823e-11 7.56680273994448e-12 1.3936962695027e-12 9.41219324701592e-12 1.64777191891119e-11 1.69888214607283e-11 9.0041406086705e-08 4.9968917892329e-13 1.65470337032403e-07 2.43366508279053e-08 1.5606464809359e-07 4.04166860423771e-08 2.34571217649915e-07 1.4628195890154e-06 4.44456349502076e-10 5.65117656439185e-06 5.06839792357994e-11 4.60333849128247e-07 2.13278629529468e-06 3.56207507357098e-07 3.03094216391742e-12 2.04065653264252e-12 2.10632622454909e-12 3.05867553507255e-12 5.25744019541641e-08 6.0435774029699e-08
1.3090540873506e-10 7.25873805507149e-12 2.78168599265882e-12 1.03379538263226e-10 2.93085777869351e-11 9.16745124257545e-11 5.97789595602194e-11 3.97154087394824e-11 4.470304126869e-11 7.95992272095702e-11 1.57924229249318e-11 7.1394889999965e-12 4.59166149546775e-11 2.82590410005668e-07 5.98635303639128e-07 5.22894465060375e-08 1.14797504835451e-11 1.63727139057546e-07 3.00152236398787e-11 3.64855923251639e-11 4.87905271739919e-11 3.94756782817751e-11 5.46078286023377e-07 2.03528083275728e-11 1.33396182988577e-11 6.84405865314375e-12 1.10713549439367e-11 1.23609122937296e-11 1.72597158787369e-11 1.59470103788806e-11 9.23283671738773e-13 5.14615017266351e-12 9.9040775580761e-13 4.53858802096363e-08 3.82771592200015e-13 2.62450026711214e-08 5.34632103210697e-07 2.3548403649265e-08 2.8332387602692e-08 8.41898772918626e-12 9.35569510751577e-11 4.5495416656216e-09 8.52450909860636e-10 1.74014802567513e-11 4.33694191670497e-12 1.999245213824e-12 1.66720354444205e-07 8.57537990728297e-08 2.291711265201e-12
1.01988306688838e-11 8.26717916346809e-11 5.84091552902066e-11 1.35272570922496e-11 7.83860754083321e-12 1.00031349870022e-10 7.04553526631457e-11 8.73165983961144e-12 7.83232367851383e-12 8.15572942514109e-11 7.41751882138431e-11 4.86228834972735e-11 4.2041814474203e-12 1.29957156147498e-12 1.39316336245088e-12 1.84441560946436e-07 1.20633503186696e-12 1.69174674269357e-12 2.77177836238707e-11 2.30341301588055e-12 1.50113255159567e-12 3.26851101739578e-11 1.5371925954355e-11 8.24296186863194e-12 3.25518834110028e-11 4.80138373504246e-11 2.58716381651425e-11 2.47116882512444e-11 1.00507491218593e-11 1.93151938887581e-11 1.44597591944518e-07 4.86880304961801e-07 8.85862494470757e-12 3.75328657042928e-12 8.78842554286052e-12 2.59547938696869e-12 7.33242355721586e-12 4.54608202637985e-08 1.65403609697634e-09 9.04251973299353e-09 9.28970178559752e-09 2.67459855785024e-07 1.51313445428958e-07 1.72871324122248e-07 2.78963995004045e-07 5.47238049142251e-07 2.93320165378752e-08 3.93849397539725e-12 2.79936074321085e-12
2.41371394071876e-07 1.25396245009846e-07 1.2384060443793e-11 7.07690017698326e-11 5.08144415434231e-11 2.18016049657876e-11 8.69694316563141e-12 4.43038383757255e-11 3.41259576153163e-11 4.29381086242131e-11 2.50671816637293e-11 1.69561031881926e-12 1.93596250142036e-12 9.66683399994395e-12 2.57924792634867e-12 1.4408507720276e-11 1.27683308370763e-11 1.53700829841341e-11 1.14207865387073e-11 8.06110733719834e-13 1.14958043084812e-12 7.84827758337769e-13 1.87991844313728e-12 2.30830675196358e-07 1.10715214773904e-11 2.26044183371243e-11 2.30936270106952e-11 5.61680701949285e-12 2.19011475621755e-11 1.45726208877761e-11 5.73309014528789e-07 3.99498106995466e-07 2.9548745458241e-07 1.35780094767668e-07 2.79999362695627e-08 4.8455683909765e-13 8.85623796520463e-12 8.43342025103055e-09 2.41050511107233e-08 1.57569044745287e-07 1.23845378396936e-13 4.09878797569263e-12 5.28843644653776e-08 3.87174928007106e-08 3.29852607783288e-08 1.43068890068321e-12 1.94579034329401e-07 3.20815034537958e-08 8.11765502084505e-07
1.54092849591336e-11 2.03800309961366e-12 4.49349002451527e-11 2.02807774152269e-07 7.72782837721309e-11 1.0333234268245e-11 1.10821396503979e-10 3.18713028972795e-06 1.31685273796478e-10 1.73673964098953e-11 1.72982961288426e-11 2.29951724328714e-11 5.86225512577698e-12 9.67450564104411e-12 3.17884607525798e-12 4.18665102586147e-12 6.26798613012625e-13 1.22331034191348e-12 5.72943914534108e-12 3.60195116400064e-07 1.56960746480195e-06 1.88013810054066e-07 2.82754930580609e-12 6.84617917912078e-12 8.85526096894296e-12 1.7980494870784e-11 2.77994294251016e-12 1.40624956124213e-11 3.44905003357709e-07 3.80423703627564e-07 1.897353385516e-11 4.37796465746487e-12 9.68713997906434e-12 1.04097286346416e-11 1.02406194635307e-11 8.24927947729037e-08 9.24784693268066e-12 5.66812441871178e-08 3.71513930730316e-13 3.03712610616458e-12 2.77111666946439e-14 1.00742747477511e-12 2.85228507479474e-12 1.75529590862311e-12 2.37878605702235e-12 5.49628863977247e-08 2.61024535319621e-12 3.90798504668055e-12 2.61900274078908e-07
