Scripts_&_data/Maxent_result_files_2/B_melanurus_2.asc
NCOLS 594 
NROWS 330 
XLLCORNER -15 
YLLCORNER 23 
CELLSIZE 0.166666666666667 
NODATA_value -9999 
[rows 260 to 279 of 330, columns 540 to 584 of 594]
0.129284004494548 0.0198781413026154 0.00190128879185067 0.00116001785645494 0.000192584632168291 0.000134367406462843 0.000538672889524605 0.000218813348237745 0.000261232774391829 0.000295591651047289 8.22008497336491e-07 4.34942582616671e-08 7.64695438082441e-08 5.41984675805907e-07 6.76594270657915e-05 0.00135749899709481 3.01242507583233e-07 3.53022611143672e-11 1.89158655405919e-10 3.42442343814753e-08 1.04585462512574e-10 5.08987372249692e-09 4.05574167583467e-08 2.68673397640917e-08 2.19554386560183e-08 3.89525551702796e-08 4.30954610108891e-08 5.96474203584663e-08 1.7140271765248e-07 8.78528002679069e-08 1.54948255182141e-07 4.37388780405445e-07 5.48514469826955e-06 1.63832552617649e-06 2.62926804628361e-07 1.73336226947374e-06 4.03719451078644e-06 1.40651468882869e-07 6.73280740048909e-09 7.80618250439957e-07 6.7804329042076e-06 6.00026805352982e-07 1.94435435385554e-07 3.21117299084683e-08 4.02379146335896e-08
0.0609625296667218 0.0121459013782442 0.000308461461463594 0.00120945670059882 0.000593228123034351 0.000273595665566972 0.000104368130496368 0.000133934859832152 0.000190353796051568 0.000296500442482284 0.000377468329770636 7.66212316491988e-06 1.75023281301367e-07 1.14462105460511e-08 1.28171128765953e-07 2.20094173553065e-07 5.00952975087898e-05 1.37416018941572e-07 2.37033415118049e-10 3.00470790770557e-07 8.50017245479506e-10 2.49361242765644e-10 8.37819241761295e-09 1.74404751640544e-07 1.08107076290942e-08 3.34190086381803e-08 7.54385521828382e-09 2.14445822210863e-09 5.9931068552288e-09 3.22220181647737e-09 1.99210967721797e-09 2.34046633185159e-09 1.68965156488454e-07 6.05095306527303e-08 4.72960964836844e-09 5.85857806711942e-10 1.64538955793603e-08 1.38588174269927e-08 5.14612175095408e-09 9.41892678296696e-09 9.90133945233396e-07 1.67174331773268e-06 7.29371801266865e-07 4.47639318537085e-06 3.81300935525797e-07
0.195809669420123 0.0732255470007658 0.00430390919791535 0.00043575301169767 2.66110404936626e-05 0.000631497941503767 6.13806694445884e-05 7.09340962316674e-05 1.44885255856764e-05 7.36565733632233e-05 0.000173660644475149 0.000329337894117998 0.000240832763461185 0.000361593415891548 2.09849734673639e-05 1.1249541648084e-05 2.39950699247871e-06 4.70865600448178e-06 1.55995311521551e-06 2.9015863376447e-07 3.69008953837735e-08 5.48211969153556e-09 9.29346514522145e-08 2.03802632881001e-08 4.05916024681652e-08 8.59101500716442e-08 4.82726834505343e-08 4.59487226045496e-11 4.06412460718375e-07 9.26524666988726e-09 4.53336124195403e-10 1.2041706642929e-08 1.00389135448964e-07 1.67902284686772e-07 3.25754108132514e-08 3.11046155498929e-10 2.53070561173629e-09 1.92479981730997e-08 1.40513283430899e-07 2.16571138467181e-07 1.56777907545091e-08 4.37024443300515e-09 3.71424543232912e-08 5.86592436491173e-06 2.65034654347573e-06
0.195437648706138 0.110521535389125 0.0113596618175507 0.00336315491003916 3.22069864864716e-05 0.000838796884636395 4.82395961363125e-06 1.26128915425738e-05 9.92218189477256e-07 1.58231118523311e-06 5.67077920421433e-07 1.54660121406636e-05 1.05883757040459e-05 0.000453843407558452 0.000224324643818363 0.00149472231696564 0.000458497165345761 5.92785008546315e-07 6.49073198477623e-06 1.84867053070192e-06 2.23831351817694e-06 4.83852235722004e-08 5.21252632168512e-09 6.95332971201168e-09 2.08199944951026e-08 8.38320836082929e-08 1.46280585422431e-09 7.41096606748925e-08 5.21571349643146e-07 8.95313723159319e-10 1.5048565160658e-08 1.99927860677906e-07 4.20724593985788e-07 5.99372115894781e-07 1.76842329224769e-06 6.28134130353786e-07 1.76605354973436e-07 4.22741170869045e-07 2.75976349968232e-06 2.88629760234471e-05 1.09781228673e-05 2.97596286547019e-07 1.22501144561582e-08 1.89604638789476e-07 2.16294212975754e-05
2.85294285617965e-05 0.00420945978257805 0.0572252748534083 0.0177955549675971 0.000450639623159077 1.65612915509428e-05 1.64114864020348e-05 6.58084631499634e-07 8.55894482043595e-07 6.11332740563242e-07 5.75951718762013e-06 6.44640138261821e-05 0.00017836220274603 0.000432477208096316 2.11283723217548e-05 0.000108308838878202 0.00126070697697287 2.8416285703603e-06 2.09465033340628e-07 2.12517281861224e-06 2.171169622045e-06 0.000212714247754775 1.32594737300984e-08 1.94251879037655e-07 2.07487845671483e-07 7.20880787463685e-07 7.31284938160215e-09 2.81789581335623e-08 5.59292844259929e-09 2.3935191828528e-09 1.1771002915717e-07 3.51615820903817e-07 5.99020307134879e-07 3.29942438648256e-07 3.9310220438793e-07 2.62374628391626e-05 6.11884142420749e-07 4.86190650095253e-07 5.1925583889556e-06 1.13542982347781e-05 8.20651433315334e-06 1.16141751931309e-06 9.4299050452662e-07 2.26063916297647e-07 3.63879173278292e-05
2.70541860970752e-05 0.000130947121374447 0.196137654781342 0.379932455718517 0.0330377018544823 0.00316717409295961 9.88726183663857e-06 2.86550420836029e-08 2.32328721381236e-06 1.45276164671415e-06 1.23836024854995e-05 9.56741667096139e-05 2.46645055739236e-06 1.94598842234939e-05 2.48199459633724e-05 3.25363578523863e-07 0.0003096512758475 0.000223889160020008 5.87638365379117e-07 3.14889620600667e-08 3.34706926652384e-07 2.17161493427653e-06 0.00033236659155591 0.000120029685513146 8.61814246945869e-05 2.18023968784564e-05 1.16290270057107e-05 1.32451883416707e-05 2.90796573698682e-07 7.22326684865493e-07 1.54102532867739e-06 1.56927003303053e-06 1.69423582612183e-06 1.08270352416895e-06 5.86138950442461e-07 3.0528347537695e-07 1.14437123976963e-07 1.72424278632732e-07 7.90224061431033e-07 2.56314111624079e-07 8.8967227984682e-07 6.34078692085538e-07 1.24998788315622e-06 4.76374365177001e-08 3.61571033113961e-09
0.00128540118166711 0.000645957956839993 0.0622074349783361 0.681831741333008 0.215952811390162 0.00661004695575684 0.000193468843281153 3.16030450520088e-06 7.21785960333676e-07 3.29245105201714e-07 2.12851566629979e-05 2.12572387283672e-05 9.96534002766225e-06 2.2852719872013e-06 3.31734813016737e-05 7.16235140729715e-07 5.52098012258639e-06 6.2275833583314e-06 5.20606444581517e-05 1.1466409300942e-07 3.43695809590372e-09 3.160091667187e-06 4.58795425515746e-05 0.000125454041972262 4.39358262163125e-06 1.55480616470527e-06 4.59495291202927e-06 1.34554832740719e-05 0.000545707935089013 6.71151701226336e-05 2.45841481714137e-06 1.91361953163494e-06 1.28873362115201e-06 7.14329480633325e-07 3.42936069619437e-07 2.01228778018425e-07 2.87972787416102e-07 6.85842337677656e-07 6.15881468934987e-07 3.03929179856777e-07 1.48669830146719e-07 2.12367206819941e-08 1.03104106063956e-07 4.7225418398078e-08 2.78670715736506e-07
0.180352898128331 0.19070047494024 0.328272707760334 0.084641005191952 0.00556982971611433 0.120266443886794 0.00146035319776274 0.00183108712662943 0.00111413089180132 7.13065353874498e-08 2.5769245146634e-07 2.30951061212181e-05 2.82479696460669e-06 3.1704675265587e-05 4.57000635964988e-06 1.37342513056637e-05 1.90942919591208e-06 9.42111810715574e-06 3.70579320261299e-06 5.73271198902603e-06 2.92372514543171e-07 3.18772781593424e-07 4.69018337811988e-07 4.61235850863773e-06 3.08723376356568e-06 5.98533056610506e-06 4.73702126058129e-06 4.56582198467004e-05 0.000142242932815861 5.8383830804587e-06 4.27825305138185e-06 4.40760711271082e-06 5.24786969720026e-06 2.20094821870021e-06 7.21832523087329e-07 5.32645308570778e-07 2.715337366066e-07 2.88720888030891e-07 2.37212009124299e-07 2.81579025762646e-07 3.44709764754647e-07 1.53893124608118e-06 3.96884629649819e-07 2.88156024363939e-07 1.26919499123801e-06
0.000714852117289411 0.00024871010558627 0.00188951493091736 0.270408101566136 0.0185225309804082 0.0723309373483062 0.0175892665516585 0.0289370982907712 0.000371107452519936 3.47738835444034e-05 2.8743006696974e-08 9.31393418142079e-06 2.91645346749192e-05 4.63722474080441e-05 4.47054969640703e-05 2.90039499276418e-05 2.13650450263003e-05 9.5550647998266e-06 2.00390785183302e-06 5.89080907864581e-07 2.13917378616202e-05 4.55591517550147e-05 3.66204469006703e-06 0.000103850075504397 3.40306936497115e-07 5.32903595140688e-08 4.84461567529237e-08 5.66339514507241e-08 2.65519417297355e-06 3.25243704253353e-06 7.02158051701929e-07 6.84838238296237e-07 8.39340835767643e-07 2.63638358539708e-06 3.01700524829585e-06 1.28983770171232e-06 5.60066922705715e-07 1.42240878879818e-06 1.65792829882605e-06 2.46638891105988e-06 2.40755928935243e-06 2.07773836393699e-06 1.1148799394789e-06 1.22619857823025e-06 9.5287816481715e-07
6.2499195334631e-06 0.00138446996807033 5.37447036862204e-05 0.000552502365462715 0.000220651897370772 0.00074813646133407 0.0331907261861488 0.0232614232227206 0.0426326782442629 0.000400832769628323 1.55528977415997e-05 3.80749036077432e-08 1.71786852458666e-06 8.3047692527316e-06 9.57999400554854e-06 2.95896202032964e-05 1.44928896666841e-05 5.72258870725761e-06 1.89771568004371e-07 9.17772069986e-07 5.83536948761676e-08 5.15199365995755e-06 0.000448750197028858 3.48301725011879e-05 5.85185038119107e-05 1.57300565774676e-05 7.784755054141e-07 9.67164199283665e-08 1.79916782627743e-06 4.48922780171834e-07 3.37825791660862e-06 2.48902771033954e-06 2.46180405625296e-06 1.73931513316461e-06 2.07578869222402e-06 1.18794870846983e-06 1.32212046755065e-07 3.58665245281387e-09 4.56938178516886e-08 2.47733156300001e-06 1.62960275318369e-06 5.28399838444216e-06 6.03856395429148e-06 4.66319962697526e-06 6.01322844744345e-06
8.2328337147608e-09 1.45011213270596e-07 2.11176132154378e-05 0.0322309784271056 0.0217890325075132 0.0293546467059059 0.0204031204382773 0.0106944611834479 0.00770428869873285 0.00176034181495197 5.82056498842576e-05 4.30922808391188e-05 9.03434687504756e-08 4.7504986779856e-07 8.53865674343979e-06 4.52318166082932e-05 1.46110217670525e-05 4.72816322112379e-06 1.05547997284461e-06 5.61297485660361e-05 1.81608746112616e-06 2.953348724688e-06 1.2902665645953e-05 0.000298620695753016 3.6927017289301e-06 0.000161411624367247 2.52654330921587e-05 1.19300850997206e-05 6.65881127588364e-06 4.85221989188211e-07 1.04118974786349e-07 1.49709718400004e-08 8.20328287298722e-07 3.58848179011773e-06 3.75696683219129e-07 1.54609791191973e-08 4.31542169332388e-08 5.54866952651167e-07 1.25875948029375e-06 1.38474925215348e-07 4.74568929718089e-06 5.1076919291404e-06 1.28865938336276e-05 8.51623070161622e-06 7.07189910684747e-06
1.62646144330481e-09 4.81457286261033e-09 1.38402326366194e-07 4.74233859382167e-06 0.000835540361345011 7.97171314664391e-05 8.24501027973934e-07 0.00409575599976222 0.00853724654298276 0.0119710997678339 0.00342307862592861 2.64258843458265e-05 6.25608431619185e-06 1.66686385682624e-05 2.91016584519355e-06 4.08242575318241e-06 8.93199881275564e-06 2.77050826369418e-06 1.94629959069381e-06 7.48685214659872e-06 5.9356759311413e-05 6.89531773446106e-05 3.1744430755154e-07 0.00028529731666822 1.68291130592024e-05 1.15737112631464e-06 2.14026392171718e-05 8.45224501517805e-06 4.0637959216383e-06 8.68287618516206e-07 7.6503487727031e-07 1.67820776764138e-07 6.33700897867406e-08 9.44577155070903e-07 1.61498533857163e-07 8.42064562522893e-10 2.85108580078131e-09 1.44653114597659e-08 1.74149683402902e-06 4.58246233421278e-06 4.72432699552883e-05 2.6873717999365e-06 4.86754975099757e-06 9.29811635614897e-06 4.87938811488675e-06
1.48114681630673e-09 1.35449031990476e-09 1.71420022621049e-09 3.67250055921531e-09 1.0779446751874e-07 5.92493099027536e-09 3.11077925529979e-08 0.000110178233782676 0.0137929168762639 0.00399535177275538 0.00200887245882768 0.0131189555395395 0.00386854616226628 0.000243714212047053 1.39325545978064e-07 4.44027355772647e-07 1.94429008204544e-07 1.61931289843764e-07 9.45520637030128e-07 5.03854768607592e-07 4.20435212555859e-07 5.11231134964873e-05 3.2438791521372e-06 1.43815064092223e-05 2.43305698788276e-06 2.22321499321332e-08 5.27881959366816e-08 1.7473899572451e-05 1.58326642861084e-05 4.87429897475522e-06 2.59253723235986e-06 2.35006470781229e-06 1.47615218626385e-06 8.09075101049217e-07 7.43244109946417e-07 2.3249051908536e-06 4.00569549496854e-07 8.84977811210774e-07 4.72090122594082e-07 1.27723792218148e-06 1.26022158966066e-06 4.34143024534706e-06 4.96266394293343e-05 1.31804015495618e-05 5.71618277120933e-06
1.32127518925884e-09 1.13987157490669e-09 9.61340318461623e-10 2.37589115048564e-09 1.23597278867127e-07 3.25259218447727e-09 2.71116207040123e-08 0.00221614081046937 0.000221811631217861 0.00875965280574746 0.00792340722400695 0.00187768422765657 0.00124500645324588 0.00368346367031336 5.66918514532944e-07 8.48813857373898e-05 3.29617862888654e-06 2.17882311801532e-05 6.77200857568394e-07 2.71242190263976e-08 2.6038341965906e-07 1.10978354392444e-05 6.29878562783404e-06 7.45854350725494e-08 3.87002840174233e-07 3.22854139001016e-07 3.01508757927227e-07 4.16346578768767e-08 2.67761622865237e-06 1.78028392667784e-05 1.0148890598316e-05 3.76220906090907e-06 1.37004960611975e-06 5.5107884273653e-07 2.45349537344453e-06 8.3947370974613e-07 1.0853882968398e-06 7.94809475479497e-07 2.42793224647375e-07 9.79005614976103e-07 1.44717636665348e-06 3.19626923950267e-07 1.27202583030339e-05 5.88600843798304e-06 3.37753639314542e-05
2.12123107967699e-09 1.30166223355488e-09 9.45276479313861e-10 1.20412327886399e-09 1.47742837963705e-09 1.0001887984501e-09 7.64977026168623e-10 2.07257629170066e-08 0.00049028351945708 0.0101158608333208 0.00513768339296803 0.00777253191918135 0.00581830640439875 0.0371306580491364 0.000208983805350726 2.975618125447e-05 2.688767042347e-08 1.05718369752594e-05 0.000128492220846965 1.02557686915361e-05 6.52076110885247e-07 2.30506204186298e-06 0.00045712443679804 5.24872584435343e-06 8.35012227051735e-07 4.13579996802582e-05 8.98431772640151e-06 1.80886623919463e-06 2.35088117639393e-08 1.21148616869959e-05 2.14644911466166e-05 7.32748230081182e-07 1.30819350996347e-06 4.00808120404328e-07 4.12021741027502e-06 2.66064118576992e-06 6.30180241101286e-07 2.42032979613782e-06 1.2881512385654e-07 1.20221397512665e-06 2.9252193236573e-06 4.93642120602544e-06 2.18118203747508e-05 4.76175760013575e-05 8.41119784311672e-07
1.72165731671114e-09 1.4178157980993e-09 1.4653742885784e-09 7.33435012723049e-10 7.72208297306065e-10 4.63189785415707e-09 9.52772299944726e-08 1.11253157797364e-09 5.96595328694605e-11 1.69494167590045e-09 7.34659342337851e-05 0.00779856545631219 0.0024673546581738 0.00266734371523398 0.00626647910103202 1.47965929528482e-05 4.8172128286339e-08 1.68849771057467e-05 0.00119245675159618 0.000336825206795766 0.000185215357623747 0.00114858136221301 8.00599943744373e-06 1.32996687063347e-07 2.85448212650863e-05 0.000147368531816028 7.66380886034312e-05 2.55574022958172e-05 1.93029312545168e-07 1.47065075040143e-07 0.000142449601844419 4.85146382800394e-07 2.12632855733919e-07 3.41285775495859e-07 9.13241080535698e-08 1.11820721606648e-06 1.27485217600309e-06 6.98905883500522e-08 3.34528465817385e-06 1.22387224408271e-06 5.76065083079946e-08 4.56221113220856e-08 2.066572925008e-08 4.37465910696488e-07 9.86095561472666e-06
1.80127585069911e-09 1.94111339224534e-09 1.19416326826993e-09 9.47168299347822e-10 1.23291414855231e-09 3.19416905925074e-08 6.8236624489737e-07 2.20709115428264e-09 1.07157805961933e-09 1.10407056830297e-09 4.19888057656692e-10 4.38397026236714e-08 3.96016098052066e-06 0.000650693756418352 0.00812039355369052 0.000264173889081576 8.42758134240285e-05 4.32278767590333e-06 0.000155731277118321 0.000378679652567371 3.61277337788124e-05 0.0211283173412085 4.74287237084425e-07 1.23190262485195e-05 2.46581752094244e-05 0.000243616848092643 0.000690673336794134 0.000399839879719366 4.59805165519356e-05 3.35053323863299e-08 7.7585071409203e-06 1.39132062713543e-05 1.37288518398115e-07 4.53725643523306e-07 6.11492452273765e-07 5.14097115988932e-09 1.49614256206299e-08 1.06934580079709e-08 8.47264141068393e-09 8.70540178832258e-09 2.62428507813439e-09 9.01016916632358e-10 3.76066138496611e-07 6.57061787201485e-07 2.19928885591969e-06
1.60750255329134e-09 2.07054781098392e-09 1.53063692831523e-09 1.06278775779955e-09 7.24418647291003e-10 1.2903536683595e-08 2.31694035068841e-09 2.47116688223414e-09 3.55213374270136e-09 2.41336209905185e-09 2.09554119612321e-09 2.72168208526047e-08 2.54962466061937e-07 0.00031994879306847 0.0119004444812034 0.0149870216730051 0.000315677166872774 0.000305948701497982 0.000123427503331186 0.00192697653546929 0.0125734480388928 0.023437026143074 0.000837421976029873 0.00677621614886448 0.000736567282729084 0.00240411718550604 0.00223894691152964 0.00180812791513745 0.000380972785569611 7.39431270204705e-06 1.14670274293793e-06 4.66029993276607e-05 1.73917271808932e-05 2.03411053818492e-06 2.52205790731708e-06 7.14331693600911e-06 1.19763742247869e-06 1.37658854171274e-07 1.25662315315633e-06 8.90713368617568e-09 1.43323067414158e-08 2.45802449505561e-09 1.2995652404868e-06 7.08097248036665e-06 9.98428600951229e-06
1.31163081507069e-09 1.22076020403483e-09 1.08591722280948e-09 1.0146185336346e-09 1.00348547249496e-09 2.40849318267067e-09 5.22838351502131e-09 5.35993815997671e-10 3.66371174953528e-08 4.86666151822135e-09 1.16422834706142e-09 1.15462129857136e-09 1.29248951519223e-07 0.000215332086268438 0.00107057309842323 0.00219813583981932 0.0017112891351192 0.116754638154015 0.252345922961831 0.315778261050582 0.0753496289253235 0.000761490095464978 0.000105915599124273 0.000459549425795558 0.0026494122837903 0.00183097081608139 0.0069874141830951 0.00626986580900848 0.00730017364257947 0.000748615973861888 3.8238189041806e-06 4.10689153511612e-06 3.30022481193737e-05 7.21628753012737e-05 8.1823657157809e-06 2.41618154017686e-05 3.00362720203395e-05 5.70400844850383e-06 4.74961762748194e-05 1.74169500631649e-05 2.02395448347659e-06 3.19332443154963e-05 2.18486228760639e-05 3.09229871845673e-05 2.26328043240187e-07
1.05967203900548e-09 9.59161150504428e-10 1.46310291659901e-09 2.96448797731941e-09 1.1846311487318e-09 1.21863522606347e-09 3.19300541562484e-09 1.10164255495704e-09 5.32289992971613e-08 5.49539871497196e-08 4.30944150364709e-09 5.39982435432407e-09 3.49991954551321e-07 1.11135564075937e-06 3.64834630448563e-06 5.61174203367543e-05 0.00144726037572491 0.106658620107919 0.0325189438648522 0.32516959104687 0.000769025358022191 0.00193491918616928 0.000374604081662255 0.000567870210943511 3.42937818231803e-05 0.000248375930277689 0.00350298318080604 0.00606834697537124 0.00488940452341922 0.0069108476745896 0.000850402296055108 1.21383402074571e-05 3.07761872363699e-05 1.00622096397274e-05 8.5672401000636e-05 3.66250100011456e-05 7.9811291501386e-05 0.000141626862881594 0.000745849963277578 0.000135985702326025 9.56763651345227e-05 0.000300706440057752 0.000761700316616043 6.66653186431887e-07 3.97758427880035e-05
