Scripts_&_data/Maxent_result_files_2/B_mendax_2.asc
NCOLS 594 
NROWS 330 
XLLCORNER -15 
YLLCORNER 23 
CELLSIZE 0.166666666666667 
NODATA_value -9999 
[rows 154 to 175 of 330, columns 294 to 342 of 594]
1.95967603033864e-08 2.53855275267334e-07 1.91297497520448e-07 1.32554062814982e-07 6.47374376328003e-12 9.57412670254954e-09 9.86006390979455e-09 1.1033684632622e-08 5.60443655150955e-08 5.00825793170456e-08 8.306523442414e-08 2.00441885311875e-12 1.76975101240373e-12 1.41615608129086e-12 9.81614789452578e-13 6.03284089351064e-13 3.89999144090325e-13 2.4079627181095e-13 1.51278989335424e-13 9.9253938401489e-14 7.46847028665343e-14 1.11077813613747e-13 1.26199051209142e-13 1.0529355165545e-13 1.16029408303575e-13 1.37545530520811e-13 1.02473585172902e-13 1.36091138358552e-13 1.32160948851379e-13 2.44556231931981e-09 5.36276320017848e-09 8.98170426921752e-14 1.39366449491973e-08 7.98532840962096e-09 2.87658785680378e-14 2.8466118351389e-14 2.18491891246231e-14 1.71085368094737e-14 1.52655665885959e-14 1.67310609811011e-14 1.87183601951801e-14 2.17381668221606e-14 2.34590125103296e-14 2.04947170345804e-14 1.800781745942e-14 1.47881706880071e-14 1.49547041417009e-14 1.49213974509621e-14 1.33004718350094e-14
1.44731087567962e-06 9.84700138983996e-08 3.46528959305203e-07 2.70508842470374e-07 8.41545423013734e-08 2.48178973261126e-08 7.80427270585804e-08 4.23489718404113e-08 2.69431144062082e-12 2.35250707802948e-12 2.19285700708838e-12 1.95389260326806e-12 1.68746128181851e-12 1.21217480497648e-12 8.36575253515548e-13 7.10109748780496e-13 4.83879603052628e-13 3.28193028309443e-13 2.12918571662613e-13 1.65067959301268e-13 1.08102415907751e-13 1.26154642288157e-13 1.28597132942332e-13 1.53610457687137e-13 1.60405022597843e-13 1.60094160150948e-13 1.95043980966147e-13 1.8464119122541e-13 2.69950728437607e-13 2.49555931475243e-13 2.43993714121871e-13 8.76980577046993e-10 1.32847433387262e-08 1.45695395747936e-09 3.88240561921549e-10 2.97761815204467e-14 2.4580337765201e-14 1.96731519963578e-14 1.79856129989275e-14 3.7247982476174e-14 1.7696955012525e-14 1.88848936488739e-14 2.08832950931992e-14 2.25153229393982e-14 1.9328982858724e-14 1.58761892521397e-14 1.57873714101697e-14 1.30673249998381e-14 1.22568621918617e-14
1.34286757036417e-07 1.21731201796482e-07 1.99970102365832e-08 4.74991157517479e-12 2.33810748540009e-12 8.9606093500727e-08 6.35811646887419e-08 2.65929500642414e-12 4.78251340196856e-08 2.73248090820744e-12 2.3749335831269e-12 2.16274775866054e-12 1.69027014607082e-12 1.23039356481058e-12 9.25115539729404e-13 7.6429973461245e-13 5.96067639691e-13 1.0081935286621e-13 3.03146396873899e-13 2.17237339228404e-13 2.07600603374658e-13 1.57773794029481e-13 1.07136521876328e-13 2.2500890040078e-13 2.08932871004208e-13 2.63922217413892e-13 2.85882428840978e-13 2.73658873339855e-13 3.02824432196758e-13 2.46758169453187e-13 5.60840263119644e-13 4.17747519909639e-09 3.79797976512997e-08 3.86152204656653e-09 1.85205486502582e-09 3.59601237676088e-14 3.03979064142368e-14 2.36033415035308e-14 1.89959159513364e-14 1.75526260193237e-14 1.77746706242488e-14 1.89959159513364e-14 1.96176408451265e-14 1.9639845305619e-14 7.19424519957101e-15 3.37560124297198e-10 1.48658862997308e-14 1.41775480244632e-14 1.08912878715728e-14
1.5484502569052e-12 1.02876596130841e-12 6.22364701108324e-08 3.33656435813623e-12 2.98652214070216e-12 5.92338494920241e-09 5.77500686826937e-08 2.97447887209756e-08 2.03146388599862e-12 9.65116875306649e-12 2.58507823536203e-07 2.88137164128344e-08 2.74889855611526e-07 4.13985676850359e-08 9.44135898350851e-09 8.22564238944778e-13 6.57718324248435e-13 5.71420688544322e-13 4.62352378605146e-13 3.6901592892491e-13 3.01614289099916e-13 2.60924615247404e-13 2.72804001610893e-13 2.76911826802007e-13 1.9506618542664e-13 2.67474931092693e-13 4.67173679741251e-09 2.1040946762696e-13 2.16349160808704e-13 1.87705406773375e-13 2.02728149711895e-08 4.83818951568793e-10 2.01362663210247e-09 4.35849880631167e-09 4.64628335805628e-14 3.81694675866129e-14 3.27959881474271e-14 2.52686760404686e-14 2.01838545876853e-14 2.05613304160579e-14 1.85629289717326e-14 1.87738713464114e-14 1.98951966012828e-14 1.51101353651484e-14 1.41331391034782e-14 1.04696482594591e-09 1.37334588146132e-14 1.48769885299771e-14 1.10356168647741e-14
2.7661650092714e-08 3.62652130547758e-12 3.399447390251e-12 3.06734637689488e-12 4.12643409997138e-08 7.28176933195712e-09 2.90635293609398e-12 7.65609797781508e-13 5.15739315698482e-08 1.28955381595297e-08 3.09416936516982e-12 1.7440826560744e-12 5.9438010069357e-13 7.72348851540983e-13 1.02210462316066e-12 5.98276983510004e-13 6.86273260441794e-13 7.05446812077071e-13 6.40743014201917e-13 4.92750285019383e-13 4.00979249803868e-13 3.76898512399748e-13 3.33499894367151e-13 3.30369065437708e-13 3.05577785297828e-13 2.92987856198579e-13 2.0682344725742e-13 1.87616588931405e-13 1.73039360618077e-13 1.56519242011655e-13 9.3660388333916e-10 1.70422830292338e-09 9.99585958449956e-10 6.23390228327025e-14 5.16697795660548e-14 4.38205027819549e-14 3.28737037591509e-14 2.68007838144513e-14 1.67310609811011e-14 2.1538326677728e-14 1.74971148680925e-14 1.71085368094737e-14 1.86739512741951e-14 1.50546242139171e-14 1.6198153929281e-14 1.30964625810748e-09 1.30118138486068e-14 1.43107747874183e-14 9.32587340685132e-16
2.2089264040126e-08 5.39490676021437e-08 5.73396842118434e-08 6.92498564380806e-08 5.07135925809088e-08 2.65440304181297e-08 2.9530933254307e-12 2.52765586239434e-12 2.20991003274662e-12 2.06601402652495e-12 2.04926076108336e-12 1.92246218944092e-12 1.79598558247562e-12 1.54714019373614e-12 1.46869183481613e-12 1.09813269588699e-12 8.05833177963677e-13 9.03879768809901e-09 6.93312074417918e-13 6.53510578985106e-13 4.78272976778271e-13 3.68216568347179e-13 6.4059854754106e-09 1.81131990517613e-09 2.93427919517697e-08 5.26745110862592e-09 2.42061926059023e-13 2.08566497406082e-13 1.88327131667165e-13 1.46593848171506e-13 6.03421050904274e-09 5.80219494672463e-09 6.5936145432488e-14 5.06816810741384e-14 4.02233801821694e-14 3.44835271448574e-14 2.93876034618279e-14 2.42694753183059e-14 1.50990331349021e-15 2.3125945602942e-14 1.78523862359725e-14 1.90403248723214e-14 2.21156426505331e-14 1.38111744263369e-14 5.25357535252624e-14 4.22031909419474e-10 1.66644475996236e-14 4.25608437382152e-12 4.2713987902232e-11
2.65953925548956e-13 9.79993863836626e-13 3.00733882241389e-12 2.92235124987883e-12 3.00776070716324e-12 2.86769497037653e-12 2.5227486766255e-12 2.10184092352961e-12 2.20113927085208e-12 2.13757900269229e-12 8.79207817661154e-13 7.82895970274922e-13 1.66393565592671e-12 1.54852797251692e-12 1.20671250769533e-12 1.29358745937225e-12 1.03770325665664e-12 9.34785582273889e-13 9.40536537541448e-13 8.05211453069887e-13 6.29662988416158e-13 8.46112069297078e-13 2.83442005755141e-08 1.30268942744038e-08 9.50649767794687e-09 1.47418281692957e-08 2.08844053162238e-13 1.79578574233119e-13 1.58384416693025e-13 1.24511512211711e-13 1.69197988952874e-14 1.48263077370814e-09 9.10598163539333e-10 4.11781719833471e-14 3.51052520386474e-14 2.00025019880812e-09 4.48530101948563e-15 8.12889644485892e-11 4.36750905441485e-09 1.33644715294423e-09 2.04170014228566e-14 1.96953564568503e-14 5.00599561803483e-14 1.77635683940025e-14 2.07056594092592e-14 6.83468570628065e-10 9.83495174189386e-11 1.95360105870179e-10 3.38485051099013e-10
3.62371244122528e-12 8.32833801922561e-13 1.00351948972843e-12 1.00319752505129e-12 4.09238083864949e-08 1.90136383304562e-09 7.98471755381058e-10 1.41139191889295e-08 4.39016098141565e-08 1.11731360319389e-07 3.57536971695716e-08 1.24875665363788e-12 2.50609882179731e-08 1.54949386654835e-12 1.70629003370948e-08 1.18023368855802e-12 1.09927622560235e-12 9.86810633207824e-13 8.37196978409338e-13 7.91366971952812e-13 6.29718499567389e-13 5.03841413035389e-13 3.93984844748729e-13 9.02100861788213e-09 1.45118320027393e-08 5.96811489117499e-13 1.57107660214706e-13 1.16084919454806e-13 6.08307603178204e-09 3.40062596970725e-09 1.9506618542664e-13 7.43188810492512e-10 3.58611551565247e-10 2.60680366181987e-14 3.91159836743427e-09 1.72452465641015e-09 8.11061440231242e-11 4.07772651200844e-09 2.23931984066894e-14 2.01727523574391e-14 1.98063787593128e-14 3.1952218648712e-14 2.48356890608648e-14 2.42250663973209e-14 8.9521144941429e-10 1.07407180927055e-09 2.90530477453643e-09 6.27609075820601e-14 2.60347299274599e-14
2.22315156839237e-08 3.61912722013358e-12 3.2907565561402e-12 3.36765060282573e-12 1.06251582498995e-07 1.82828979511385e-08 2.120443809428e-09 8.68307389323419e-09 2.37061481556111e-12 1.9376278359573e-12 1.84467996433568e-12 1.53459467355788e-12 2.47522002894129e-12 1.88646258170166e-08 1.40867317810489e-12 1.40845113349997e-12 1.00150998605386e-12 9.02034003047447e-13 8.52906634207784e-13 7.40763006490397e-13 6.23234797103578e-13 5.28699306556746e-13 4.30921964778008e-13 1.00092156785081e-12 3.01714209172133e-13 2.36677344389591e-13 2.17648121747516e-13 3.07864844728556e-14 9.76996261670138e-15 4.57411886145565e-15 4.14113188185183e-15 5.41566791412151e-14 6.61470878071668e-14 2.18158824338843e-14 2.68460476071652e-10 6.66244837077556e-14 6.60582699651968e-15 2.82107670557252e-14 2.54241072639161e-15 1.04360964314765e-15 3.13415959851682e-14 3.557154570899e-14 3.12416759129519e-14 3.27182725357034e-14 3.48610029732299e-14 3.01203506580805e-14 2.64566146768175e-14 1.7925817052955e-09 2.38808972596871e-14
3.78553854929464e-12 3.62658791885906e-12 6.85517656195955e-08 5.89365209968662e-09 2.86046281217089e-08 2.69477773429117e-12 3.15996259492302e-08 6.65206690841913e-09 5.26072233553165e-09 2.20556906072034e-12 4.05290245808487e-12 2.44084723211024e-08 2.23589792458512e-08 9.3789420674284e-13 1.0927814209083e-12 5.47513281379253e-09 8.20221668362819e-13 1.90714111170109e-13 1.92512672470002e-14 6.30984153815461e-13 6.1934901651739e-13 5.01476637992937e-13 6.89226453687297e-14 2.91999757706662e-13 3.13615799996114e-13 1.16129328375791e-14 9.10382880192628e-15 1.4122036873232e-13 2.57571741713036e-15 8.3499873682058e-14 6.09956529729061e-14 5.58109114479066e-14 6.40265618301328e-14 4.67292871064728e-14 1.39795349740623e-09 2.45248266139697e-14 9.02833363625177e-14 7.43849426498855e-16 5.32907051820075e-16 4.92939022933569e-15 3.97570865118269e-14 3.81028542051354e-14 3.65485419706602e-14 3.92685883809918e-14 3.91575660785293e-14 3.59046126163776e-14 3.09086090055644e-14 1.77968750847413e-14 2.29594121492482e-14
3.1482705331598e-12 4.1179837317884e-12 1.82152343974895e-07 6.72424497971669e-08 1.74810589448349e-08 2.9200641904481e-12 2.78552736432403e-12 1.92634797002711e-13 1.92980076363369e-12 2.43483011530543e-13 4.71531260703983e-09 7.20928551301014e-09 9.77662395484913e-14 1.09625641897537e-12 7.9211082137931e-13 1.12840360610988e-06 2.31326069410898e-13 1.05249142734465e-14 2.91322521661641e-14 3.87800902501567e-14 5.69011504580885e-13 5.7539528697248e-13 1.770587865213e-09 4.46331860359805e-13 3.76398912038667e-13 1.92290627865077e-13 2.16415774190182e-13 9.46132061585558e-14 4.81392703477468e-14 1.05415676188159e-13 1.06925579501649e-13 6.90780765921772e-14 6.63136212608606e-14 5.15254505728535e-14 4.98157071149308e-14 9.70936642197273e-10 1.47150490681369e-09 7.88258347483861e-16 9.93649607039515e-15 4.82835993409481e-14 4.71844785465692e-14 4.75619543749417e-14 2.60458321577062e-14 5.295763827462e-14 5.11368725142347e-14 4.69735361718904e-14 3.85247389544929e-14 8.15236766982252e-14 2.26374474721069e-14
1.6499868052966e-07 2.58902488736723e-07 1.66178154947794e-07 4.44513315045469e-12 3.63800730651675e-09 2.7999349172525e-09 4.35611065663366e-08 1.35552680191608e-12 2.1174173525651e-12 7.61556997463941e-09 1.67724722999196e-12 1.58648649772886e-12 1.13236087173618e-12 2.73725486721332e-13 7.31292804090344e-13 2.08290800496336e-08 4.3097512336665e-09 2.6612045900265e-14 2.45248266139697e-14 2.7325919305099e-13 5.42188516305941e-13 5.89406301543249e-13 5.64426283489183e-13 8.38820027881937e-09 1.29340982368831e-14 6.67244037799719e-15 2.07722727907367e-14 2.30271357537504e-13 1.49369405733069e-13 1.48647760767062e-13 1.29984911723113e-13 1.01396668839016e-13 8.77520278663724e-14 5.8653082390947e-14 5.67768054793305e-14 5.96189764223709e-14 8.60618021292225e-11 5.58220136781529e-14 5.00710584105946e-14 5.92303983637521e-14 4.9782400424192e-14 2.88891288668935e-10 1.79301018476963e-14 6.09179373611823e-14 6.45261621912141e-14 5.38014077733351e-14 4.6429526889824e-14 2.62496985259375e-09 3.07087688611318e-14
5.13382011457786e-08 5.28507237973486e-12 5.10237407880254e-12 4.81500395110856e-12 1.73907175327059e-08 1.221702092713e-07 4.10882439183524e-12 3.79704045982976e-12 4.97299935453555e-08 1.58045798670514e-12 2.9583804406208e-08 1.40319977859349e-12 1.14662723760262e-12 3.39345043176564e-09 3.15257808747305e-09 5.4168891594486e-13 7.12350289866492e-10 6.5594266684954e-10 2.00839345154691e-13 4.52671233830415e-13 6.09601258361181e-13 6.63769039732642e-13 6.29629681725419e-13 2.05757789695227e-09 1.37334588146132e-14 2.40807374041196e-14 2.13618012168126e-13 2.51498821768337e-13 2.00184313570162e-13 1.82254211722466e-13 1.66489044772788e-13 1.42719169815564e-13 1.21502807814977e-13 1.5040191314597e-13 7.71605002114484e-14 1.67643676718399e-13 3.31828435840009e-09 4.98601160359158e-14 4.97268892729608e-14 1.66067160023431e-13 7.18647363839864e-14 5.72653036101656e-14 7.81930076243498e-14 7.50288720041681e-14 8.39661673524006e-14 8.64752713880534e-14 6.22946139117175e-14 4.52748949442139e-14 7.32192084740291e-14
2.16694632537706e-07 2.04299333450564e-07 5.14629450165671e-12 5.47718537191599e-12 2.45555709543765e-08 5.0557003028473e-12 2.06325229568094e-08 5.42551257476376e-08 1.38617740530478e-07 1.49822829176305e-07 3.71901713869249e-08 2.2995282833449e-08 3.17724468956726e-10 1.56390642658266e-09 3.87689880199105e-14 1.01561501208991e-08 6.62210847268696e-09 3.3713278402292e-08 4.40769643006433e-13 1.03040909138485e-12 8.87808696559134e-09 4.75897099505573e-13 4.72932804029824e-13 1.95030238181459e-08 1.73073286813263e-08 3.51441098445093e-13 2.367994689223e-13 2.18414175634507e-13 1.86761717202444e-13 1.88127291522733e-13 2.00206518030654e-13 1.73883130116792e-13 1.27287069773274e-13 9.61897228535236e-14 3.98236998933044e-14 8.5442763975152e-14 7.26114545157586e-09 8.53437420733627e-10 3.65550418823801e-09 3.89466237038505e-13 1.84596782304425e-13 1.64590563400679e-13 8.34332603005805e-14 1.10245146345278e-13 9.67781410565749e-14 8.75299832614473e-14 9.66449142936199e-14 5.70987701564718e-14 4.17887946468909e-14
9.0407195596498e-08 5.60702595464591e-12 5.71362956947041e-12 9.20226995715367e-09 2.61878101925905e-07 2.29580536492691e-07 1.74420975418421e-07 1.89786162674288e-08 4.12875289512726e-12 2.92166291160356e-12 6.60427268428521e-13 8.58202398035246e-14 2.01775776531576e-08 7.35295239140399e-08 1.68405289713291e-12 1.26992841575913e-08 7.16991910287845e-10 4.87811391280957e-10 4.28675983599192e-12 1.10618181281552e-12 1.09593783048645e-08 1.39153133460468e-12 1.31992029195338e-08 1.93507803558646e-08 4.01811917072337e-13 3.89177579052102e-13 2.83395529265817e-13 2.35433894602011e-13 2.26840768391412e-13 9.19872313875914e-09 1.93955962402015e-13 1.46127554501163e-13 1.14852571897472e-13 1.01985087042067e-13 8.39439628919081e-14 8.61644089411584e-14 8.28115354067904e-14 9.79438752324313e-14 2.09166017839379e-13 3.87629058851147e-09 4.06530553664908e-10 1.07859181586178e-09 4.30100399739786e-14 4.41147118834806e-13 7.13984427136438e-14 1.74193992563687e-13 1.07758246770118e-13 7.64943663966733e-14 2.06556992621287e-09
4.72973882281735e-12 4.38902247879014e-12 3.99289490360388e-12 4.33874012828461e-08 1.41929026731269e-07 3.43964856597267e-12 6.09873699541907e-08 5.84676391746086e-09 3.68433061836981e-12 5.64481180242993e-08 5.69092035718199e-08 4.39537565899428e-08 2.06997878837711e-08 6.15913366974752e-09 6.01699345903484e-10 1.71950856886482e-09 7.20590130898202e-09 2.06717976070081e-12 6.22246698611661e-13 5.25879340074198e-13 5.07949238226502e-13 1.47286394003299e-07 4.92249350725338e-08 4.29056790096638e-13 4.08195699463931e-13 4.12647693792678e-13 3.53883589099269e-13 3.27038396363832e-13 3.40072414672932e-13 1.07765353973832e-08 1.90125692967058e-13 1.37323485915886e-13 1.27431398766475e-13 1.31117339208231e-13 9.39470723437808e-14 8.53317416726895e-14 1.07081010725096e-13 1.29096733303413e-13 1.37345690376378e-13 3.39084316181015e-13 2.09932071726371e-13 9.0765173155205e-13 5.18929343940044e-13 4.7151244020327e-09 2.09776640502923e-13 4.01456645704457e-14 1.80191589427281e-09 1.26543220346775e-13 4.52304860232289e-14
3.23923110556734e-12 2.62581068000145e-12 1.56895607617002e-12 1.15728340355226e-08 4.59344413727969e-08 1.98862037947833e-12 2.28671526159019e-12 2.42825759499965e-12 2.2986723635654e-12 2.68203237396847e-12 2.26765273225737e-12 4.54031506724739e-08 3.82574511181843e-08 1.498411572598e-09 1.23478536284694e-09 4.36541687132141e-08 3.92581522845603e-12 1.11671782931921e-12 2.91366930582626e-13 5.0851545196906e-13 4.36295444217194e-13 1.70202243743312e-08 1.48357859108827e-08 4.5191628217367e-13 3.55193652268326e-13 3.26227933555856e-13 3.4848790519959e-13 3.66606744961473e-13 3.49964501822342e-13 2.94564372893547e-13 2.237654506132e-13 1.95998772767325e-13 1.60449431518828e-13 1.23379084726594e-13 1.01241237615568e-13 9.88986670336089e-14 9.58788604066285e-14 1.78534964589971e-13 1.26298971281358e-13 1.96365146365451e-13 2.1609380951304e-13 1.92523774700248e-13 1.77546866098055e-13 1.57817358736878e-08 2.21678231326905e-13 5.4408699767805e-13 9.37434907477552e-10 2.45612548077645e-09 7.04880598334512e-14
2.20591322985797e-12 1.67004188256215e-12 1.30178539692327e-07 1.97226706633025e-08 1.62954094662382e-12 1.4923062785499e-12 5.17408338396308e-13 1.87088122771684e-12 1.3905466567099e-08 8.20946625457175e-08 3.51973765799762e-08 1.7979728816897e-12 1.87656556960292e-12 5.48372458553104e-13 2.82432793041743e-08 9.44250187706608e-08 1.56582101173974e-08 6.58956156307511e-09 6.25116408636828e-09 4.84479123485926e-13 4.34896563206166e-13 1.88579487470086e-08 4.64425936597124e-09 4.42146319556969e-13 1.38411504480018e-13 1.65267799445701e-13 3.56414897595414e-13 3.26316751397826e-13 3.24484883407194e-13 3.25617310892312e-13 2.89523960361748e-13 3.01236813271544e-13 1.98308036658545e-13 1.24300569837033e-13 1.2223555501123e-13 9.62452340047548e-14 2.29594121492482e-14 8.76743122546486e-14 2.93720603394831e-13 3.29714033853179e-13 1.77746706242488e-13 3.62698759914792e-13 3.62476715309867e-13 2.10720330073855e-13 1.79645187614597e-13 2.38342678926529e-13 1.3239409568655e-13 1.17705845070759e-13 8.59534665664796e-14
1.51672008286141e-12 5.73904914702439e-08 6.30373549470598e-08 1.16647802528291e-12 2.62622367186438e-08 3.09018836741615e-08 3.02518796457818e-08 2.65609397254174e-08 1.01812230257625e-07 1.74061876023757e-12 1.61813895616092e-12 1.56705759479792e-12 1.25901511438542e-12 1.29484201139007e-12 1.14372955550834e-12 1.12079234781959e-12 1.21643806139105e-12 5.49701184571205e-08 6.41101978171577e-09 2.26938847269764e-08 2.36704462919235e-08 5.77758649700222e-08 4.96869212440743e-13 4.71001015966976e-13 3.58790774868112e-13 1.15259453981054e-08 3.53717055645575e-13 3.21875859299325e-13 3.02968761189959e-13 1.92912352758867e-13 3.14859249783694e-13 2.57238674805649e-13 2.09676720430707e-13 7.17204073907851e-14 1.60593760512029e-13 9.50017842171747e-14 1.26687549339977e-13 1.55786494815402e-13 3.28159721618704e-13 6.5518701575229e-13 3.02147196151736e-13 3.58812979328604e-13 1.65945035490722e-13 1.60038648999716e-13 3.03967961912122e-13 2.30804264589324e-13 3.32123217816616e-13 9.13824571568966e-14 5.84532422465145e-14
1.81591408576764e-12 3.27240013420216e-08 9.4689811547255e-13 1.70835610213693e-08 1.68255385513127e-08 9.72277813815481e-13 5.63350156301823e-08 1.26727517368863e-12 1.43028922039434e-12 1.54349866221537e-12 1.44000367185981e-12 5.53601608999088e-13 1.7596146761889e-12 5.1174620097072e-13 7.39928118775879e-12 7.86348763881506e-13 6.8960392951567e-13 1.85267357011298e-12 3.02657573447718e-09 2.76407708832416e-08 3.17821394757445e-09 2.10113698662084e-09 5.1952377622122e-09 4.13538623567078e-08 4.09922578326061e-08 1.77794188371827e-08 9.44300193594927e-13 3.43905863786631e-09 1.04540820444754e-12 6.23212592643085e-13 2.36044517265555e-13 1.89936955052872e-13 1.92157401102122e-13 1.15207843265352e-13 1.476485600449e-13 1.45750078672791e-13 2.74347211615122e-13 2.48634446364804e-13 2.46591635999494e-13 9.93982673946903e-14 5.03075359148397e-13 1.85951254394467e-13 1.50457424297201e-13 1.3479217741974e-13 1.01840758048866e-13 1.09745545984197e-13 1.21147536447097e-13 6.42819131257966e-14 1.94899651972946e-13
4.55885871331052e-07 1.82154735073325e-08 2.26279684656383e-08 3.15480351842368e-08 6.77358169554054e-13 8.31656965516458e-13 1.05061515043303e-12 1.22447607608933e-12 1.41087141969365e-12 1.26806343203612e-12 1.33599797891293e-12 2.71605970381117e-08 1.68226543806327e-12 4.92927920703323e-13 6.2192473393452e-13 7.63544782955705e-13 8.13116241005218e-13 7.15039139009832e-13 1.92268423404585e-13 1.56857723698778e-08 1.43119244233603e-09 8.29120369028047e-09 1.08370550311321e-09 9.91369608627224e-10 2.4330072401213e-10 2.56045695756768e-10 3.56870668238862e-08 1.72747230964276e-09 1.44238133659158e-09 2.06928144508289e-08 8.74700312181176e-13 3.52173845641346e-13 1.08478781513099e-12 1.80111481284939e-13 1.24145138613585e-13 1.44939615864814e-13 1.99174010617753e-13 2.0229373731695e-13 1.42930112190243e-13 1.80566672725035e-13 5.39124300757976e-13 4.37561098465267e-13 1.44562140036442e-13 9.12048214729566e-14 6.33382235548652e-14 1.7803536422889e-13 1.49724677100949e-13 5.20916643154123e-14 3.95350419069018e-14
7.88150200625726e-07 4.66183154079758e-07 5.07263632543165e-08 2.42109665649082e-12 6.81732448271077e-13 7.02116143003195e-13 8.73501271314581e-13 3.0233423953252e-08 9.4899694658146e-09 1.85923835438473e-08 1.44815270886056e-12 2.74862355098549e-12 1.07384101610819e-12 1.13862252959507e-12 1.02136077373416e-12 9.70723501581006e-13 1.99755767482657e-12 8.2341911067374e-13 7.75923769680276e-13 7.07955916112724e-13 5.79236658637683e-13 6.55686616113371e-13 4.58155735572063e-13 3.71547237421055e-13 2.19191331751745e-13 2.96662694410088e-13 7.61835039497782e-14 1.23021497433484e-09 5.28072212624409e-09 6.79881838605567e-09 1.17465491000779e-08 1.55438759530391e-08 9.62253232650312e-10 1.35336186701807e-13 4.74020822593957e-13 2.05235828332206e-13 1.92557081390987e-13 1.87561077780174e-13 3.10451664375933e-13 2.07966976972784e-13 2.98879108573402e-08 2.21356266649764e-13 2.08144612656724e-13 1.36091138358552e-13 1.10178532963801e-13 8.54094572844133e-14 3.13193915246757e-14 3.77364806070091e-14 2.90323320939478e-14
