Scripts_&_data/Maxent_result_files_2/B_melanurus_2.asc
NCOLS 594 
NROWS 330 
XLLCORNER -15 
YLLCORNER 23 
CELLSIZE 0.166666666666667 
NODATA_value -9999 
[rows 160 to 179 of 330, columns 495 to 539 of 594]
0.0012431080249371 0.00130055105546489 0.00126417468709406 0.00123127631377429 0.0053521208348684 0.00600623782956973 0.00152182584861293 0.00170238547725603 0.00183913663495332 0.00397854289039969 0.00285280422540382 0.00341829222161323 0.00666916482732631 0.00749502261169255 0.00305508433375508 0.00288402618607506 0.00147255458578002 0.00509646473801695 0.00326153931673616 0.00473440925707109 0.00318574965349399 0.0036705496837385 0.00338673940859735 0.00580750716617331 0.00948569941101596 0.00473021570360288 0.00498451262246817 0.0055593813653104 0.0130621672607958 0.0064597133314237 0.00703119393438101 0.00400286203948781 0.0119494864251465 0.0145234897732735 0.00873492248356342 0.0195839819032699 0.0100488712545484 0.0169890631455928 0.00366707497742027 0.00579960639588535 0.0032756315311417 0.00294513891567476 0.00332828155951574 0.00309248174307868 0.0029575398482848
0.0011402077274397 0.00511733167804778 0.00118082794069778 0.00119435864617117 0.0013507874973584 0.00160261784913018 0.00601201566169038 0.00696651785401627 0.00168102864408866 0.00154008741956204 0.00695626445813105 0.00150624032248743 0.00496070307563059 0.00438466796767898 0.00150581627967767 0.00144167976104654 0.00562714189291 0.00358282235683873 0.00406771149719134 0.00715729761286639 0.00349146403605118 0.00318774245679379 0.00400835394393653 0.0070150839863345 0.00847947193542495 0.00481875506229699 0.00502047201152891 0.0114589271368459 0.00581147570628673 0.00665317391976714 0.00895608949940652 0.0115805158857256 0.00405771454097703 0.0117084996774793 0.0120467165019363 0.00443027529399842 0.00941779655404389 0.00466389898210764 0.00383202515076846 0.00352643178775907 0.0035501079633832 0.0032616603304632 0.00350634298520163 0.00290039085084572 0.00250062513514422
0.001245679683052 0.00125341698585544 0.00125016974634491 0.00137020545080304 0.00142498195054941 0.00155087826424278 0.00170695064589381 0.00162096349522471 0.00149578407290392 0.0015133946260903 0.00141218844219111 0.00139806909719482 0.00639079365646467 0.00681497681653127 0.00152650917880237 0.00165198579779826 0.00178725718287751 0.00156666090479121 0.00618851008475758 0.00347159145749174 0.00377196146873757 0.00396608584560454 0.00425057609099895 0.0011279448721325 0.00180926044995431 0.00502810215111822 0.00461313670966774 0.00174019629484974 0.00143704013898969 0.00328476903960109 0.00361787438159809 0.00849476400762796 0.00184465483762324 0.00659664813429117 0.0111128923017532 0.0112212359439582 0.0163773977197707 0.00417820807779208 0.00324377960059792 0.00322678666561842 0.00374253330519423 0.00482323510805145 0.00440665305359289 0.00341213690117002 0.00318673249566928
0.00146506133023649 0.00122276136826258 0.00121583295112941 0.00124804712831974 0.00135255458881147 0.00139202623395249 0.0014772659051232 0.00137438785168342 0.00133205771562643 0.0012013135914458 0.000298923172522336 0.000340298021910712 0.000313596172782127 0.00128432953788433 0.00129713972273748 0.00130982202535961 0.00124945598072372 0.00124837682815269 0.00449798086192459 0.00370110974181443 0.003921058611013 0.00361299848882481 0.0054984440561384 0.00798527563456446 0.00208161810878664 0.00914526018314064 0.00543116086628288 0.00704749139258638 0.0100597451324575 0.00609109832439572 0.00645435566548258 0.0182553195161745 0.0106565886642784 0.00837669838219881 0.0160241666715592 0.0105896032880992 0.00412818564800546 0.00408196141943336 0.00375036032637581 0.00368858049623668 0.00383123581996188 0.00370516558177769 0.00381736331619322 0.00344604405108839 0.00306086883647367
0.00134940835414454 0.00117849904636387 0.00108085929823574 0.00109533226350322 0.00114894094585907 0.00113514205731917 0.00555521844653413 0.000316602195380256 0.000493303874100093 0.000315231073182076 0.000273228053265484 7.83078037784435e-05 0.000417032049153931 0.00121002002269961 0.00120545214740559 0.00123013328702655 0.00136666618054733 0.00601233431370929 0.00150272871833295 0.00165200146730058 0.00526288367109373 0.00176252094679512 0.00188493325840682 0.00771876514190808 0.00176380916964263 0.00226562854950316 0.00273241887334734 0.00829169037751853 0.0101846593432128 0.00417111393762752 0.00966845341026783 0.00885651796124876 0.0183855590410531 0.011734451726079 0.00995822590775788 0.00367356933420524 0.0124694215599447 0.0075702702626586 0.00439819424645975 0.00471090017817914 0.0041371627477929 0.00472484736237675 0.00503484015353024 0.004546518845018 0.00419490075437352
0.00140322099323384 0.00128479943959974 0.00110386658925563 0.00108660670812242 0.00111467812967021 0.00119556618737988 0.00124109457246959 0.000325697104563005 0.00240864517400041 0.000261132856394397 0.00286227784818038 0.000180306960828602 0.00182526702410541 0.00119884904997889 0.00206217896775343 0.00129222748219036 0.00130237702396698 0.00134016964002512 0.00148505140678026 0.00166941836941987 0.00809908766532317 0.00888487858464941 0.00537544570397586 0.00159855001256801 0.00175217374344356 0.00216777309542522 0.00238345613470301 0.0112615795107558 0.0105795460520312 0.0116010037250817 0.0055622907821089 0.00887050633318722 0.00869081444106996 0.00992038776166737 0.00792149116750807 0.0147600348340347 0.00419171883258969 0.00436254076194018 0.00450982690090314 0.0049272111733444 0.0202740218956023 0.0253209110815078 0.00638161862734705 0.00733153959736228 0.00941204626578838
0.00134492817451246 0.00131805939017795 0.00136352882254869 0.00133858529152349 0.00121810772689059 0.00123323604348116 0.00108472152496688 0.000435236052726395 0.00198837473290041 0.000318990657979157 0.000349249612190761 0.000935944321099669 0.002145170874428 0.00106721378106158 0.00109697043371852 0.00104554241406731 0.00618760979850777 0.00144673326285556 0.00155654015834443 0.00166316443355754 0.0015874057484325 0.00168422306305729 0.00169812297681347 0.00169530949788168 0.00188718634890392 0.00743222754681483 0.0114252316765487 0.00293813195312396 0.0106200822163373 0.00827312602195889 0.00162125608185306 0.00751765265595168 0.0108329732203856 0.0131095814751461 0.00355595531873405 0.0127891924697906 0.003417194460053 0.00334039193112403 0.00351882431423292 0.00468872258206829 0.00604496616870165 0.00639218394644558 0.00557471048086882 0.00722616137936711 0.00952375866472721
0.00149157834821381 0.00163064697990194 0.00156229536514729 0.00151277354452759 0.00143875884241424 0.00140260139596649 0.00117965353420004 0.000472199896466918 0.00109733677527402 0.00103702534688637 0.000302500998805044 0.000930748417158611 0.0010292815946741 0.00121774182771333 0.00112223238975275 0.000982683408074081 0.00111423207854386 0.00117691836203448 0.00115208559145685 0.00123138400958851 0.00143579478608444 0.00177123762550764 0.00200212114723399 0.00177366365096532 0.00222133221104741 0.00267096795141697 0.0132588366046548 0.00343352961353958 0.0109394280705601 0.0069742888212204 0.00606002372223884 0.011275989911519 0.00634270119480789 0.0168020432349294 0.0181942057097331 0.003728627495002 0.00349162607453764 0.00339338550111279 0.00339262906927615 0.00477261503692716 0.00426903847837821 0.00487401399295777 0.00381150849862024 0.00356114858295768 0.00395631771534681
0.00171117280842736 0.00182901910156943 0.0017239551874809 0.00166568536660634 0.00183580501470715 0.00173672320088372 0.00141174768214114 0.00140845546848141 0.00114546587574296 0.00106295509031042 0.000447805821022484 0.000946410166216083 0.00103396709018853 0.00106792932783719 0.00103945343871601 0.00101912121172063 0.00113728501019068 0.00119946849299595 0.00115355254965834 0.00124979970278218 0.00154065080569126 0.00178707939339802 0.00192705719382502 0.00189239803003147 0.00221117063192651 0.00321945814648643 0.00358046481851488 0.0120241329073906 0.00299272501142696 0.00845412258058786 0.00232031580526382 0.0036403834936209 0.00414204703411087 0.0062017937656492 0.00867558247409761 0.0056858305586502 0.00379193499684334 0.00389929852681234 0.00410714540630579 0.00280350020620972 0.00257388483150862 0.00274838799377903 0.00318163179326802 0.00444759096717462 0.00487267887219787
0.00223048336338252 0.00206112927990034 0.00194657247047871 0.0020759450388141 0.00186145118204877 0.00161271934630349 0.00166991107398644 0.00183577360003255 0.00141692288452759 0.0011240110208746 0.0010131148097571 0.000925173950963654 0.000918673962587491 0.00100415546621662 0.00100277839228511 0.00111701698624529 0.00121445760014467 0.0011835043260362 0.00135101971100084 0.00137044419534504 0.00135926780640148 0.0015992644475773 0.00842840316472575 0.00201671494287439 0.00219655826804228 0.0023342318017967 0.00286160359391943 0.00956801880383864 0.00333285081433132 0.003404925391078 0.00679187965579331 0.00891114715486765 0.00768287661485374 0.0131753640249372 0.00480496997479349 0.0117170534329489 0.00476757837459445 0.00548174774739891 0.00484245342668146 0.00425867676967755 0.00331261935643852 0.00269241126952693 0.00297779820393771 0.00273166769766249 0.00289970953017473
0.0029025332769379 0.00274306610226631 0.00289547140710056 0.00242642601951957 0.00180792238679715 0.00185375177534297 0.00182093559997156 0.00157268478069454 0.00125527990167029 0.00106250228709541 0.000930958703975193 0.000934711759327911 0.00095349996117875 0.00105649018078111 0.00110859725973569 0.00134777345811017 0.00132612036541104 0.00135290233884007 0.00179294771514833 0.00205379853723571 0.00178686328581534 0.00166838503209874 0.00181336966343224 0.00213454026379623 0.00191570793394931 0.00182846097741276 0.00229022465646267 0.00252233722712845 0.00296293161809444 0.00312859654659405 0.00779224862344563 0.0153974045533687 0.0136311770882457 0.005863231071271 0.00575535029638559 0.00609594224952161 0.00686609598342329 0.0367807037197053 0.0207285920158029 0.0216463496442884 0.00306739259976894 0.00337440292350948 0.00529417539946735 0.00471496279351413 0.00574561194516718
0.00333581767044961 0.00320083424448967 0.00269021099666134 0.00237103782128543 0.00204462319379672 0.00195967396721244 0.00162895689136349 0.00146985739702359 0.00123010740499012 0.0012249960040208 0.000931286931154318 0.000948742948821746 0.00108984902617522 0.00100795218313579 0.00115735656581819 0.00161227274220437 0.00148499265196733 0.00145398790482432 0.00198897470836528 0.00248903238680214 0.00196057456778362 0.00188701217994094 0.00222222439479083 0.00282924238126725 0.00248154905857518 0.00242709974991158 0.00231871909927577 0.00237029708223417 0.00260030832141638 0.00363023523241282 0.0107330685481429 0.00483755902387202 0.00364998338045552 0.00515564025845379 0.00665439516305923 0.0189995670691133 0.00719655994325876 0.0098051845561713 0.00679695915896446 0.00425843050470576 0.00524923230987042 0.00640296651981771 0.00639951915945858 0.00974101363681257 0.00638266706373543
0.0026355391019024 0.00248262537643313 0.00297793252393603 0.00227677411166951 0.00165052023949102 0.00132305835140869 0.00132669849554077 0.00132979213958606 0.00128880803240463 0.00113257888588123 0.000869253848213702 0.000964292825665325 0.00110047206399031 0.00118787930696271 0.00130928286234848 0.00159199188346975 0.00186805941630155 0.00165081234299578 0.0018295994552318 0.00191669311607257 0.00235674494178966 0.00216362259816378 0.0021189798717387 0.00215561707736924 0.0026708155637607 0.00242892212700099 0.00206881109625101 0.00234418929321691 0.00324679540935904 0.00375074138864875 0.00375680419383571 0.00315042617730796 0.00355704369721934 0.0051581924315542 0.00543711220379919 0.014292109478265 0.00443242210894823 0.00719683300703764 0.0230832894798368 0.00491837398149073 0.00549066520761698 0.00775056923739612 0.00980268786661327 0.0372170727699995 0.0118603327777237
0.00237978816730902 0.00171601738547906 0.00176818406325765 0.00201435186900198 0.00157079963828437 0.0012138448189944 0.00140181540627964 0.00120293540530838 0.00115732486592606 0.00111302158911712 0.00109309108811431 0.00095192744047381 0.0010343909758376 0.00121879181242548 0.00122115743579343 0.0012709763890598 0.00145108316210099 0.00122601889888756 0.00141399271087721 0.00256766765378416 0.00370980745647103 0.00284918195102364 0.00305978339165449 0.00265868345741183 0.00223065251484513 0.00252805764321238 0.00273792520165443 0.00272667785175145 0.00402818620204926 0.00510387257672846 0.00645425433758646 0.00497986041009426 0.00447735646739602 0.00939826797693968 0.0101450040470809 0.00294006506446749 0.00246929259737954 0.00325224857078865 0.00657884061802179 0.00853350912220776 0.00858111288398504 0.00759691083803773 0.00832476050127298 0.0409124722704291 0.00885073316749185
0.00213749599643052 0.00175031576072797 0.00141285875579342 0.00138639904907905 0.0014110011223238 0.0011096432863269 0.00101785056176595 0.000944115748279728 0.000921526210731827 0.000969195232028142 0.00108944893581793 0.000943212854326703 0.00102400103933178 0.00109286587685347 0.000872101326240227 0.000910544145153835 0.00106433237669989 0.000964136989205144 0.00149206934147514 0.00218145957915112 0.00277107786387205 0.0036638577003032 0.00379249323159456 0.00352615445153788 0.0025215548928827 0.00285795646486804 0.00306877314578742 0.00328283767448738 0.00271716080605984 0.00319830833468586 0.0053600917570293 0.00412175494711846 0.00933515541255474 0.0494561274535954 0.00386930812383071 0.00237429265398532 0.0020837449003011 0.00551042105071247 0.00655102757737041 0.0103636270854622 0.0122698791790754 0.0109722406137735 0.0149134594481438 0.0115141675807536 0.0166043880395591
0.00162577396840788 0.00170008155982941 0.00147425883915275 0.00109440546366386 0.0011508516734466 0.0012150326219853 0.000916419987333938 0.000211535680136876 0.00088260731426999 0.000836940575391054 0.00079288644483313 0.00072771824488882 0.000884317484451458 0.000970184741890989 0.000755397795001045 0.000776824791682884 0.000814544700551778 0.000868226707098074 0.00124866475816816 0.00177255147136748 0.00226835157955065 0.00192168989451602 0.00234741484746337 0.00166603257530369 0.00286440566414967 0.00177784620318562 0.00181967305834405 0.00198359522619285 0.00229075266979635 0.00282213258324191 0.00309924656758085 0.00398372591007501 0.00527032890822738 0.00792039837688208 0.00518995362799615 0.00252085460815579 0.00164225369226187 0.00184498435701244 0.00388192954706028 0.00741317498032004 0.00523773734457791 0.00950843314640224 0.00747730177827179 0.00431244864594191 0.00674366299062967
0.00112862277892418 0.0013116215239279 0.00131087119225413 0.000988636625697836 0.000961201201425865 0.000918311893474311 0.000385283108334988 0.000828068706323393 0.000838888582075015 0.000704361437237821 0.000582760246470571 0.000559233452077024 0.000596810664865188 0.000643030265928246 0.000682663207408041 0.00063163852901198 0.00073624030337669 0.000735038073617034 0.000896044936962426 0.0011039559787605 0.00129077715100721 0.00122346371063031 0.00113728391588666 0.00117254148353823 0.00130335780559108 0.00148684766609222 0.00222584235016257 0.00281130265211686 0.00288602289510891 0.00284967416664585 0.00307605091948062 0.0039480346487835 0.00782117759808898 0.00471859672106802 0.0015962021658197 0.00263977762078866 0.00368614650797099 0.00414377646520734 0.00281021983828396 0.00369568689493462 0.0085171046666801 0.00728878253139555 0.00296689169481397 0.00210365560487844 0.00311466895509511
0.00111878559109755 0.000893017539056018 0.000814217462902889 0.00082777131756302 0.000862532737664878 0.000839985674247146 0.000922401851858012 0.000880340184085071 0.000742635922506452 0.000604711845517159 0.000499604977085255 0.000476271250227001 0.000471913104411215 0.000460834924888331 0.000491397159930784 0.000543762298184447 0.000746640947181732 0.000935508107068017 0.00126816807314754 0.00108016400481574 0.00105905699892901 0.00117292118957266 0.00129747294122353 0.00155191451194696 0.00176630200003274 0.00214609677204862 0.00244706721277907 0.00274243666790426 0.00419296112377197 0.00433143398258835 0.00303712997119874 0.00183946427423507 0.00181397901033051 0.00144094288116321 0.0012033550767228 0.00192709036055021 0.00335678332485259 0.00321635822765529 0.00565922930836678 0.00422136918641627 0.00602819474879652 0.00460065940860659 0.00367972034728155 0.00126946695090737 0.000867014552932233
0.000917163188569248 0.000684608070878312 0.000573733489727601 0.000801553842029534 0.000898876658175141 0.000763825900503434 0.00089781072747428 0.00075730851967819 0.000570477364817634 0.000501905562123284 0.000455539028916974 0.000366598546679597 0.000344687348115258 0.000369283459440339 0.000433594064088538 0.000609022425487637 0.000732779360259883 0.000855729912291281 0.00110393633367494 0.00146048092865385 0.0012933163146954 0.00110993816633709 0.00164785808301531 0.00227002014871687 0.00227300020633265 0.00246389921521768 0.00276115132728592 0.0032283253967762 0.00698297466151416 0.00657292362302542 0.00539645622484386 0.00255958527559415 0.00129645602428354 0.00149081151466817 0.00173387734685093 0.00209893643623218 0.00140037699020468 0.00128980648587458 0.00159695229958743 0.00239938466111198 0.00366481397068128 0.00249315806431696 0.00163878485909663 0.00186986706685275 0.000726068459334783
0.000423286540899426 0.000476063402311411 0.000627285538939759 0.000647184904664755 0.000513900342048146 0.000491583489929326 0.000465349107980728 0.000456331387977116 0.000443225346680265 0.000387135476921685 0.000310684283613227 0.000304705780581571 0.000341317082347814 0.000399296761315782 0.000500113907037303 0.000732768411398865 0.000959036039421335 0.00110639354097657 0.00117249065078795 0.00300308449659497 0.00153412231593393 0.00127757187583484 0.00168097273563035 0.0022417826578021 0.00272875592345372 0.00493883138988167 0.00385038407985121 0.00384977827779949 0.00589385160710663 0.00886003081686795 0.00698110852390528 0.0036223801667802 0.00253316822927445 0.0026576742879115 0.00355203006183729 0.00212608479196206 0.00108121866360307 0.000682610258809291 0.000899473100434989 0.0011865243606735 0.000833221635548398 0.00100477204541676 0.00116097164864186 0.00285511701367795 0.00261070303386077
