Scripts_&_data/Maxent_result_files_2/B_mlokosievitzi_3.asc
NCOLS 594 
NROWS 330 
XLLCORNER -15 
YLLCORNER 23 
CELLSIZE 0.166666666666667 
NODATA_value -9999 
[rows 120 to 139 of 330, columns 225 to 269 of 594]
-9999 -9999 -9999 -9999 -9999 -9999 -9999 -9999 -9999 -9999 -9999 0.632772195339203 0.0444626583717763 0.00783991947391769 0.00793462854344398 0.0369324946543202 0.0405255112564191 0.0463286910671741 0.0284880834165961 0.0170897628297098 0.0210510288947262 0.0473623679019511 0.0464863680303097 0.0601607129909098 0.0362547325203195 0.041994260950014 0.314984533190727 0.0306529402034357 0.00909076080424711 0.0239035865291953 0.0197230928344652 0.0690483920276165 0.442486184835434 0.494135987758636 0.00565666154070641 0.0194741067592986 0.00857605370692909 0.0220038202940486 0.0175343193928711 0.0175477797165513 0.0149461127351969 0.0151689764112234 0.0149533676099963 0.0151935256319121 0.0223806210793555
-9999 -9999 -9999 -9999 -9999 -9999 -9999 -9999 -9999 -9999 -9999 0.377090367674828 0.0205112297087908 0.0422067327424884 0.0626804352737963 0.0405268605565652 0.803990358114243 0.0240338057046756 0.0314168688375503 0.020263953320682 0.035184566443786 0.0249942647176795 0.0390832274686545 0.0294290604768321 0.0318120304262266 0.0306077044922858 0.039869808126241 0.0263335529831238 0.0293075705412775 0.0306623324751854 0.0261685416451655 0.0159313240787014 0.0255008900305256 0.00742994968604762 0.0288651165086776 0.0147416241816245 0.0189067181898281 0.0257015679613687 0.0234838471398689 0.0197385740699247 0.00412198519188678 0.0151176273589954 0.0194682461558841 0.0171099154977128 0.0166010117856786
0.059610103815794 -9999 -9999 -9999 -9999 -9999 -9999 -9999 -9999 -9999 -9999 0.859568917751312 0.0359114381019026 0.0238980384892784 0.0205218216637149 0.0209536777576432 0.0333708297228441 0.0325067347148433 0.0318456036038697 0.0367078960174695 0.0336792069952935 0.0386410303646699 0.0425621848553419 0.0373606856912374 0.0368884658673778 0.0352032755268738 0.0285293014952913 0.0295429290039465 0.0290080971550196 0.0333144962089136 0.00769388558110222 0.004749984688533 0.0461696071084589 0.0324334311531857 0.0375423460733145 0.0413988337852061 0.0196163492277265 0.00624540964199696 0.0244097426068038 0.0227653067326173 0.0301354787545279 0.00748885321372654 0.00426713137130719 0.0157961405697279 0.0398878728039563
0.10182426283136 0.0729231049772352 0.133857991173863 -9999 -9999 -9999 -9999 -9999 -9999 -9999 -9999 0.375320401787758 0.0435844856314361 0.0229681441560388 0.0129995773313567 0.121124958246946 0.0294006915763021 0.027020370727405 0.0452725344803184 0.0430019179126248 0.0450222730636597 0.0377000986598432 0.0463550601620227 0.039005087222904 0.0391324216965586 0.117430093884468 0.0350933521520346 0.32410914003849 0.0328826792770997 0.0305373318260536 0.00910039598820731 0.0247469838708639 0.0386720895767212 0.033037580223754 0.0464037699159235 0.0195699345611501 0.00723555733275134 0.00413399076787755 0.00679185387998587 0.00762850195460487 0.0108523410497583 0.00630377999041229 0.0046599213135778 0.00910305996221723 0.0195489136211108
0.101880787033588 0.0967119538225234 0.0757950635161251 0.234830413013697 -9999 -9999 -9999 -9999 -9999 -9999 -9999 0.368412727117538 0.0223225075867958 0.00676436685025692 0.0295427499804646 0.0426576595753431 0.0492734393104911 0.0328015202190727 0.287500636279583 0.0743508482351899 0.231965297460556 0.0448772132396698 0.0681041059084237 0.0430823936127126 0.0358066685032099 0.0544176147785038 0.062144122691825 0.0417577906511724 0.0330839996458963 0.0346357630332932 0.0260599848581478 0.0314640979282558 0.00955320978537202 0.048559123557061 0.0387104983441532 0.029887954890728 0.00750939104473218 0.00597377226804383 0.00744527423521504 0.00728540167838219 0.00875208598154131 0.00556979004359164 0.00697821176581783 0.0138529061077861 0.0172954552981537
0.0812120575457811 0.0846395624801517 0.0804483399260789 0.0772081299684942 0.335815054923296 -9999 -9999 -9999 -9999 -9999 0.655902820825577 0.040115656517446 0.0244173563551158 0.0217342958785594 0.0566955062095076 0.018097343633417 0.0377831171732396 0.0330631894990802 0.38663634210825 0.604878628253937 0.276999482512474 0.0392556481529027 0.0404431809205562 0.0435243150219321 0.0592617021175101 0.0322595571633428 0.0565285440534353 0.0363215591292828 0.0382839497411624 0.00509852856339421 0.0398414409020916 0.0369552958291024 0.00931670243153349 0.0445531616918743 0.00883487990940921 0.0146006180322729 0.00964174907421693 0.00811541539733298 0.0116392893716693 0.0057820596084639 0.0120450868678745 0.00965728293522261 0.0285752052906901 0.020560493634548 0.0161358435318107
0.0770970498211682 0.0731241955421865 0.092238494195044 0.084969971422106 0.0732525315135717 0.0147888035513461 0.0610098026692867 0.458551128208637 0.01425842292374 0.00401988428366167 0.0412581480108202 0.133749068528414 0.0379074761644006 0.0344867472536862 0.0451289210934192 0.0353916213149205 0.179906751960516 0.164298542588949 0.164595794677734 0.0985854726284742 0.26754085868597 0.0542535122483969 0.0786059353500605 0.0318058715667576 0.0829200923442841 0.0315650906879455 0.00565389247058192 0.0126055869273841 0.0353973107179627 0.0223661395953968 0.0354865013854578 0.0422927907668054 0.0317676590522751 0.00737711178371683 0.00439572029135888 0.0331803490640596 0.0729311126284301 0.0298948504962027 0.0116946818947326 0.0071921896742424 0.00797048329986865 0.00470907319941034 0.00653539240083774 0.0146288841919159 0.0515209340024739
0.0683184100314975 0.0516590847633779 0.0776026037055999 0.0702501153107733 0.0829767381772399 0.0599915068596601 0.0820620104670525 0.0355667637428269 0.0177214098512195 0.0294773771194741 0.130149445310235 0.0389346413081512 0.146046689897776 0.162132950127125 0.0214449653867632 0.0429090747144073 0.0120220112497918 0.0445632607676089 0.267648422718048 0.121260926499963 0.0463174502365291 0.0702051967382431 0.0241736688534729 0.00586209658940788 0.017609360255301 0.195353400707245 0.35500680655241 0.0111992350022774 0.0222415683791041 0.0424506000010297 0.0459379087667912 0.0453768608160317 0.00415590737975435 0.0238992014434189 0.00757466748473234 0.0148422448313795 0.0171879678382538 0.00326149239845108 0.00515875915662036 0.0055938352496014 0.00442253222572617 0.0114814086409751 0.0045305496751098 0.0322234779130667 0.0390271154232323
0.0484356322791427 0.0112617036851589 0.379783275723457 0.0562399908900261 0.0662518092431128 0.0637002594769001 0.0507492575328797 0.0412249393993989 0.0507381149102002 0.0494491890072823 0.0419956414261833 0.0471725219860673 0.0439559825696051 0.0363814069423825 0.044385161343962 0.031611466826871 0.0793674942106009 0.0667087642475963 0.0215664814691991 0.0398193917237222 0.0257765142247081 0.018706924491562 0.0180670999689028 0.00615912269568071 0.00725820426596329 0.0200823514023796 0.0408570223487914 0.044662254396826 0.0583023570477963 0.047848832141608 0.11443490460515 0.111121886223555 0.00697176387766376 0.00668920497992076 0.00512092492281226 0.00365749105621944 0.0161218885332346 0.00662887799262535 0.0163853050908074 0.0174360051401891 0.009887076751329 0.0025855984808004 0.0124325281009078 0.0110916442179587 0.0363064665114507
0.0658284885343164 0.0661813672631979 0.0811739966273308 0.0699612269643694 0.0816842505708337 0.0678834360092878 0.0600234464276582 0.070167313143611 0.0554273020476103 0.0626674592494965 0.0567429360933602 0.0557912700809538 0.0403287937631831 0.0415786466561258 0.0285721749998629 0.0330939571605995 0.0331241495441645 0.0257895162561908 0.0174074974260293 0.0132392024039291 0.0207403251319192 0.00849873549886979 0.00871001173509285 0.00613753152429126 0.00614544283598661 0.041240672999993 0.0468144868500531 0.0139746607048437 0.0255734743201174 0.321354287862778 0.118479540944099 0.0287419225554913 0.0482598214410245 0.018410852283705 0.00410150490206433 0.0176606688648462 0.0124836172559299 0.00909314852906391 0.0126865290047135 0.00374765977685456 0.0157917347969487 0.0161978795309551 0.0768022852018476 0.0122915470041335 0.0185192026838195
0.0399432015256025 0.0733286070637405 0.0781035289168358 0.0722529072314501 0.027145861426834 0.0789560753852129 0.0942094499245286 0.0801226884126663 0.0727436682209373 0.0636176219210029 0.0599041832610965 0.0663679840043187 0.0609256567433476 0.0449886661022902 0.0346054507419467 0.0284014222212136 0.0373913858551532 0.179078810662031 0.0253161089261994 0.0668694065883756 0.0290151535300538 0.0221542216138914 0.00448963154922239 0.0065670267038513 0.0143966079223901 0.0472316365689039 0.0916531309485435 0.130774438008666 0.0231374187860638 0.230976403877139 0.106427126191556 0.0169824613840319 0.0170373553643003 0.030917268875055 0.0121841297543142 0.0722382450476289 0.123716332390904 0.0684143472462893 0.0122433972603176 0.0159816360101104 0.00991192084184149 0.011914213350974 0.0590076231397688 0.010768850101158 0.0199986723950133
0.0797605118248612 0.0567834312096238 0.0716080815531313 0.0637950603384525 0.0660806864500046 0.070600822661072 0.078229808434844 0.0619161308277398 0.076987892203033 0.0737406305968761 0.0616702893748879 0.0709621164947748 0.0651062427088618 0.0629036756232381 0.0433852412505075 0.0491560222115368 0.0404930642805994 0.0370647285832092 0.0428743040654808 0.0368609376251698 0.0245251514832489 0.0409086006693542 0.0962658800184727 0.0107927537290379 0.0285303862183355 0.15586884021759 0.113561867550015 0.0228451578877866 0.137242491170764 0.127296575531363 0.121860866621137 0.0216275439830497 0.0252722968463786 0.250604426860809 0.45115475654602 0.134609713964164 0.0141703928122297 0.0174355633324012 0.152306939661503 0.0417370086535811 0.0352438026107848 0.0121742674615234 0.011765297409147 0.079072429984808 0.0372321679256856
0.0860395163297653 0.0542992446804419 0.0664810296613723 0.0212377575458959 0.271139831840992 0.0322558704996482 0.0820783602073789 0.0699010847136378 0.0740654358640313 0.062174902530387 0.0616410028189421 0.0538378600263968 0.0395906283287331 0.0556459752842784 0.146970779448748 0.0540149500593543 0.0423958213534206 0.0473136578220874 0.047993258619681 0.0512005407363176 0.0252874838886783 0.0426537821767852 0.0374372065067291 0.0768220294266939 0.0441388828679919 0.0551970444619656 0.0434022430796176 0.0366178733063862 0.0992703128606081 0.0294613596051931 0.046041673142463 0.0327497440623119 0.0359574152156711 0.0443737322464585 0.0261436020256951 0.0223388487356715 0.022266458068043 0.0538242600858212 0.0130179973901249 0.395418804883957 0.0173432432231493 0.00437183217727579 0.0129967493528966 0.0627006420865655 0.143931344896555
0.0860379215329885 0.0764742353931069 0.0281393860001117 0.0505537591176108 0.0524612981593236 0.0383314715698361 0.043949622171931 0.0761471748352051 0.0792645117267966 0.0712566623464227 0.0663622339256108 0.0326243419724051 0.0379177782684565 0.0433291307417676 0.0498165036085993 0.0422947478014976 0.0418077178299427 0.0167759088799357 0.0505019712261856 0.141617970913649 0.02376408202108 0.0679849000647664 0.0308441957458854 0.022421895689331 0.0361561800353229 0.168952975422144 0.069754795730114 0.314197614789009 0.0127649401372764 0.0416485916823149 0.0309930541785434 0.0261839961633086 0.0460102043580264 0.0217355619533919 0.038400070881471 0.0183903102762997 0.0225449160207063 0.00569966225302778 0.00399520957143977 0.00627424428967061 0.0188538238406181 0.00220291840378195 0.00229634206407354 0.0189336040290073 0.0159283513203263
0.0731905179098249 0.0750717025250196 0.0795066244900227 0.0562654399313033 0.0466787038370967 0.0520335775101557 0.0666946434415877 0.0700058119371533 0.0745785098522902 0.0631215179339051 0.0548179510748014 0.067521021515131 0.0452151842880994 0.043239654134959 0.0415791308740154 0.0383846700657159 0.140772074833512 0.0499089180491865 0.0531934555619955 0.306312255561352 0.0421474380185828 0.111102032661438 0.578562080860138 0.136505218222737 0.808483213186264 0.0118925198446959 0.0815332263708115 0.301471431553364 0.111401911824942 0.104436381161213 0.0285076616797596 0.00658516041876283 0.00573612971347757 0.0435212763957679 0.0367888022214174 0.00805843599082436 0.00874429318937473 0.00904407779744361 0.0214894415577874 0.0218735813861713 0.0357097690925002 0.00200101102163899 0.00631210021674633 0.00725728905817959 0.0140769428806379
0.0740520752966404 0.0228064383147284 0.0118663436616771 0.0223706456832588 0.070670073479414 0.0631796139292419 0.0584311924409121 0.0637713810428977 0.0708092315122485 0.0669438492506742 0.0590566054917872 0.0527468936517835 0.0207278986927122 0.0468410899862647 0.0523737136274576 0.0537126192823052 0.0350381581112742 0.0610456790775061 0.067770367115736 0.0535771662835032 0.0458956017624587 0.237594093382359 0.350424915552139 0.211896109580994 0.0505947612226009 0.045929192751646 0.0766426594927907 0.00564860193699133 0.00784597777528688 0.0596879092045128 0.0325938716065139 0.0139411830110475 0.00708974066656083 0.00616829028876964 0.0430870512966067 0.00885498929419555 0.0226366477785632 0.010363809246337 0.0242194338468835 0.00189244099019561 0.00359283907600911 0.00737075975048356 0.0254764973884448 0.021510214189766 0.0262568013044074
0.0596306356601417 0.0703326866030693 0.0563621650449932 0.0740794872865081 0.0702421201393008 0.0686649752780795 0.0730483857914805 0.0573572983499616 0.0793212123215199 0.0343697523931041 0.0191010556416586 0.0501105850562453 0.0494824488647282 0.0273131525842473 0.0504462331533432 0.0569299303926527 0.0516487462911755 0.0641979526728392 0.259826761484146 0.0406022295588627 0.0505209063179791 0.135246550664306 0.0388716566609219 0.0546873994171619 0.0209920714260079 0.0043854674717295 0.0473956318572164 0.0292815871536732 0.0112207916099578 0.0270613653352484 0.010345165617764 0.028259770013392 0.0441724033094943 0.0257285207509995 0.145922619849443 0.0156790574488696 0.0389543158002198 0.0361307056620717 0.0761255230754614 0.00470555025676731 0.00441626927204197 0.024077988404315 0.0223675528541207 0.0147496749938 0.0165552622347604
0.0898740500211716 0.0757073520217091 0.0790477801114321 0.0817399227060378 0.0720518595539033 0.0668422171846032 0.0690859503112733 0.0597004909068346 0.0542138414923102 0.0389761669095606 0.0477420801064 0.188952159136534 0.0361912204651162 0.0424419294111431 0.0470565739553422 0.0466667563654482 0.0298911410849541 0.0420401992276311 0.231253311038017 0.0297577479854226 0.0718083526939154 0.0406421075807884 0.0333896582713351 0.0267159871989861 0.0282727519515902 0.0166320620803162 0.03213596183341 0.019716604007408 0.0353862836724147 0.0421728636603802 0.259735496342182 0.0604738876223564 0.00831678007962182 0.010179817507742 0.0256550098070875 0.0317882240982726 0.0123325964261312 0.0363697433844209 0.0112254154169932 0.066365603916347 0.0209107942529954 0.027401367155835 0.0213639720401261 0.00409430153667927 0.00779684563167393
0.055049212439917 0.0651320692151785 0.0774260992184281 0.0824465846642852 0.0639863243326545 0.0417249463032931 0.0230457007186487 0.0664229742251337 0.00817563752516435 0.732721853256226 0.406886759400368 0.0440705817192793 0.0509656802751124 0.0462608376750723 0.0477935602655634 0.0536508398130536 0.0476601955946535 0.0572640515398234 0.0438260138267651 0.0336516436655074 0.036582618416287 0.0326459452742711 0.0313357529696077 0.0283515184186399 0.1441670358181 0.410329632461071 0.31798485070467 0.0215668156626634 0.0149538232013583 0.00584405320696533 0.0475389267317951 0.0560995290055871 0.0375200615031645 0.0135906547540799 0.0262983680702746 0.0366497059352696 0.0132858632307034 0.0479696990922093 0.0179628974408843 0.0358017595950514 0.0374333693645894 0.00818299356615171 0.0252898071659729 0.00640282105887309 0.0249392129131593
0.0765442548319697 0.0814681068062782 0.0820990733802319 0.0881497487425804 0.0783687110990286 0.0282494474784471 0.0479505273513496 0.0596549278590828 0.0384070907719433 0.025494262680877 0.234502865374088 0.0568843124434352 0.0908213190734386 0.192122401297092 0.0455317314714193 0.0475987072335556 0.00452435803781555 0.0562197596766055 0.0415504122152925 0.0398853288497776 0.0407980778254569 0.0520013153553009 0.0389105971902609 0.0482242111116648 0.144859380275011 0.207966977357864 0.031222497811541 0.0315904316492379 0.0117600383178797 0.0324823310831562 0.0207163236686029 0.0334966627182439 0.0210991677944548 0.02462476673536 0.00986361449758988 0.0112770185689442 0.0639692736789584 0.0174257023842074 0.027269811113365 0.209446383267641 0.0172653591260314 0.018187664099969 0.0336423295084387 0.0207362966379151 0.0280596630414948
