Scripts_&_data/Maxent_result_files_2/B_mlokosievitzi_2.asc
NCOLS 594 
NROWS 330 
XLLCORNER -15 
YLLCORNER 23 
CELLSIZE 0.166666666666667 
NODATA_value -9999 
[rows 280 to 299 of 330, columns 414 to 459 of 594]
9.61886251760191e-09 9.21688434463164e-09 5.24519588873673e-09 1.52059986824327e-09 3.45330352091722e-09 1.40980082052877e-09 6.27552010357135e-10 1.63887277082608e-09 1.82030579498615e-10 3.00129765484769e-10 3.44034289945228e-10 4.2121298671205e-10 1.21280390175116e-09 1.16214691092686e-08 8.9774482620042e-07 2.18002227692082e-07 1.06318083226142e-09 8.80796768853997e-11 2.05611638826042e-11 1.01611274949676e-11 5.95734572783613e-12 5.72328850978465e-12 5.77725645101168e-12 5.97162319593281e-12 5.47984990717509e-12 6.43152198165353e-12 6.56644738583623e-12 8.74900152325608e-12 1.17135745547614e-11 1.72070246939882e-11 2.25873764136963e-11 1.69452674114723e-11 2.43056241799877e-11 5.80114845050161e-11 2.81383139011382e-11 9.30456600656271e-11 3.67987385008206e-10 2.19021356606675e-11 1.18062337683966e-11 1.26715749004802e-11 7.53951345799919e-12 2.20188312027858e-12 2.06146211212399e-12 2.6132840336146e-11 1.85531701113462e-11 1.81620274375405e-12
5.30857605651747e-09 6.78285868582762e-09 5.03284125485948e-09 2.29340310076154e-09 1.52517081186687e-09 1.68539517897415e-09 5.15404052769952e-10 2.023609280144e-10 9.81522862986139e-11 1.98476191037855e-10 1.82074700871837e-09 2.14995310443555e-10 3.72578745633234e-10 4.85851555653838e-09 2.16297975086377e-09 7.6150565631039e-09 9.61340007599176e-10 7.33762473004163e-10 3.06619157841581e-09 1.77527881284334e-11 7.4635186919636e-12 5.30023802625124e-12 3.79486442270149e-12 3.81897846679635e-12 3.82067710802403e-12 4.29356550313287e-12 5.18147746930708e-12 7.3684391921347e-12 1.26939125877357e-11 2.12262429855059e-11 3.59112517500648e-11 2.01112904107958e-11 1.18307252883199e-11 5.05801178718457e-11 4.64943972211529e-11 9.71902114343948e-11 1.14936438144753e-10 2.76651479502732e-11 1.47588941068477e-11 8.37686586763198e-12 4.91706675376236e-12 1.80007120320624e-12 1.50714996038914e-12 3.44065886892508e-12 1.59348090278399e-11 3.19608783883041e-12
3.44172501609563e-10 7.87073617392053e-10 1.13955411773503e-09 9.77153480352655e-10 7.81941078553672e-10 6.29264684803843e-10 2.49337450686227e-10 1.00589703233567e-10 6.50591025497249e-11 2.4050139657561e-10 1.18100531576459e-09 5.35043405136548e-09 1.67246161364432e-10 4.40351155539531e-10 4.89301055228708e-10 2.77216549271486e-08 1.54657716544548e-07 1.62788195146035e-09 1.38169277796862e-08 9.40458266818212e-11 3.47971096381627e-11 7.27186089122256e-12 3.04006819717983e-12 2.60085286640788e-12 2.24606999665866e-12 2.07774908389524e-12 2.36732855540822e-12 6.06386052481867e-12 1.02152730718785e-11 1.61041624480163e-11 2.46889841903908e-11 2.0689960855691e-11 8.42736991302218e-12 2.06711425754236e-11 3.71216724026624e-11 7.60453477965939e-11 7.97928723095254e-11 1.02908359611575e-10 5.53199042130359e-11 2.65388599984817e-11 3.56480400753867e-12 2.01384464659782e-12 2.78743694792638e-12 1.59741320171491e-10 1.67784675042526e-12 8.72378835836685e-12
8.77654060538191e-11 1.51762646893872e-10 4.85921058945848e-10 1.71966959561232e-09 2.22415224016004e-09 2.48232367994206e-09 5.45028044918183e-10 7.18653581088802e-11 1.98520699878912e-10 1.31711874740148e-10 7.33240135275537e-11 4.44477565864076e-10 3.09715872948146e-09 1.58948822104321e-08 2.0791240062934e-09 1.79762634777703e-09 2.5084873078729e-08 1.71881383559391e-07 1.81186167513836e-08 1.90284749068681e-09 3.47840223291485e-10 2.65515387454229e-11 4.68611816017983e-12 2.69390065810171e-12 2.04813943582849e-12 2.12680983935343e-12 2.11867190458292e-12 3.18236548224604e-12 5.31813482140819e-12 8.21850365539944e-12 1.14390275030019e-11 1.30883415216942e-11 1.5128376329443e-11 2.42053155297128e-11 4.17072154590414e-11 7.38085703666513e-11 3.10521308666267e-10 3.62763663552812e-10 3.25865490147237e-10 2.49742626579064e-10 5.46013234625775e-12 1.81216153194441e-12 2.85960144452702e-12 3.11287662313475e-12 3.30269145365492e-12 4.32495816937717e-11
1.16891296642052e-10 8.35094216000698e-11 3.33654204265343e-10 1.74182088752417e-09 7.86894827076168e-09 3.43875850794539e-08 3.05340104866936e-08 1.49307800012544e-08 1.18345166999489e-09 1.50619194894119e-10 9.91280835194175e-11 6.1400917683585e-11 1.14062304046314e-10 2.24997254383297e-08 3.75647316031014e-08 1.34566583431806e-09 3.74557534987829e-09 6.85832364233363e-09 9.03118645578793e-07 3.67231189890571e-07 1.22882282982406e-07 4.53286030932532e-10 4.23618917722024e-12 2.98815416854836e-12 3.20933279951419e-12 3.73006070475412e-12 3.21026538685487e-12 2.49609222180425e-12 3.5228042705171e-12 6.5628169565457e-12 4.92306195809533e-12 7.49358353147045e-12 1.48300594027262e-11 2.14633200101844e-11 4.49027481863595e-11 8.42337088968748e-11 3.87275100877105e-10 4.20109713683559e-10 2.47551412702052e-10 4.73025973946051e-10 3.3353231287947e-11 3.27153859558393e-12 2.89329671332439e-12 4.04156708100345e-12 5.24182919292571e-12 6.87389034581543e-12
1.48819045975301e-10 4.9569690574458e-10 7.23518245315802e-11 2.59633337051923e-10 1.75143858305304e-09 1.41091432981355e-09 1.93822680039091e-07 2.69153671794697e-07 2.6953254386175e-07 1.63332811276007e-08 6.36693908706576e-10 1.85686888087844e-10 1.15586196169915e-10 9.35979405092269e-11 3.62353114180536e-10 4.1773307257742e-09 1.26607201389461e-09 9.4400774974801e-10 2.99488502886192e-09 1.50719157931967e-08 4.88691481725922e-09 4.87667350945742e-11 7.22610860037776e-12 7.06757985469153e-12 3.64047680889712e-12 4.42987868609634e-12 3.45844464177958e-12 2.51604292955676e-12 3.69843045078255e-12 4.88977747181707e-12 4.22238910502415e-12 8.10654876559624e-12 1.1756839946031e-11 2.43775222230624e-11 4.56282456262613e-11 1.59281543510303e-10 1.52619392679298e-09 9.58477108792266e-10 3.05306135928163e-10 2.7053201900884e-10 2.80284129239305e-11 4.31540359002724e-12 4.6952552956725e-12 6.64484023360501e-12 8.69154748173173e-12 1.1977030478505e-11
1.03397368445002e-10 4.81132467200496e-11 3.23750359854103e-11 2.70380384748137e-11 6.75153710716359e-11 2.56224019778983e-10 3.43418216086633e-10 1.98814584018159e-08 7.37526894889484e-08 6.33090535551162e-10 1.30773553097541e-09 4.72020167618936e-08 2.3794580528147e-09 6.17397544200315e-10 3.49551931844161e-10 7.72889452438363e-10 2.37126923652298e-09 1.73455017016266e-09 3.22866211543982e-10 2.27565287724829e-09 3.70991970299883e-07 2.52437649228554e-08 5.10833375599873e-11 6.42536024386686e-12 3.17589288201248e-12 4.2058134752665e-12 3.68352015556184e-12 3.87985199523655e-12 5.17286213863599e-12 7.57118812089175e-12 5.9538818319993e-12 9.97052440609991e-12 1.68037028736023e-11 2.81834555693194e-11 4.94256635619195e-11 5.93570148588185e-10 2.48965149607372e-09 1.18227978518348e-09 4.99862951031105e-10 3.35725192091019e-10 3.3334612847824e-11 5.11704012495784e-12 3.51771944906432e-12 5.36791722183239e-12 1.09608100373748e-11 1.4608458887011e-11
4.68661442987184e-11 3.99272059858902e-11 8.76617112233191e-11 1.80646497760506e-11 8.48969783362463e-12 4.57842541656817e-11 2.26674512493474e-10 5.12358999671392e-10 5.10399889019908e-10 6.48195752628311e-10 3.48333492272701e-08 2.49909262561854e-07 6.68462995001562e-07 3.28040305141997e-07 2.61862207029395e-08 6.95849503573598e-09 1.85043276035302e-08 1.8614927377314e-09 8.16204426268285e-09 6.40369821613973e-09 2.99023014949107e-07 1.4809429305096e-07 7.38757810481161e-10 2.14865458758595e-11 4.33111324582569e-12 4.37405667241819e-12 5.71539482407957e-12 5.6890936406262e-12 5.04907227139029e-12 5.6214033428148e-12 4.70614658354407e-12 7.63997753949752e-12 1.79153358814688e-11 2.48723264206774e-11 4.52382575844013e-11 4.98816510319244e-10 4.82695715620096e-09 1.72410311582993e-09 7.38829042390421e-10 8.95904894715471e-10 1.06773134778138e-10 7.45820072367565e-12 3.82781584207237e-12 4.21543910889e-12 9.26780874266342e-12 1.27493904322762e-11
1.20388921054371e-11 3.63996832675184e-11 2.89910540018923e-11 1.80032211360981e-11 2.92913804322836e-11 6.90659085478274e-11 1.72345071547397e-10 2.19999563011442e-10 3.32575211814401e-10 4.51703374704238e-10 2.55357494260977e-08 1.47277582011052e-06 1.51246554326301e-06 1.49632560795254e-06 1.77472773865706e-07 9.45954737541221e-08 3.26023664509734e-08 2.93915405347178e-09 7.71934612897596e-09 6.46912667168209e-07 2.33626748058491e-08 4.36857881203068e-08 7.46695115516616e-08 4.37963887378601e-11 1.1522349741e-11 5.52211609772257e-12 5.04208896856539e-12 5.69391200855307e-12 4.46286341215796e-12 3.98074906371448e-12 2.92774693377851e-12 5.64819302439901e-12 1.13563158876673e-11 1.69590785858986e-11 4.02802902144117e-11 2.4159111378097e-10 7.31502701745157e-09 5.32580340939504e-09 9.62037327578713e-10 2.51568464948448e-09 7.27865123728577e-10 4.35787517183428e-11 9.62754320710246e-12 7.44663219975905e-12 8.83887407709949e-12 1.44149470138188e-11
7.93423104994417e-12 1.73228320576868e-11 2.36598962644052e-11 5.17877185579607e-11 2.02190342246666e-10 1.42722844653775e-10 8.66796079357357e-11 8.40261304979606e-11 1.28066290905338e-10 1.11714359984916e-10 3.62364338535315e-10 6.61285879388629e-09 3.24481259639242e-09 6.94651784982625e-08 3.24907852018441e-06 3.74531605473738e-07 7.51806130772081e-07 5.38096644930874e-07 8.68035818002433e-08 4.42220408403138e-08 1.0651071197243e-07 1.25286093055621e-08 5.75636285304881e-09 4.12584217901468e-09 1.62570623629676e-11 7.2086669966609e-12 5.81128478671644e-12 4.57092141914472e-12 3.86746190628173e-12 4.04979383361592e-12 3.66675578789e-12 4.68136640563444e-12 7.82490738870933e-12 1.16448850562278e-11 4.73921124566346e-11 1.81284602884801e-09 1.82905911527698e-09 2.94246673693266e-09 2.4399620990323e-09 1.1218092232923e-09 1.86306786664758e-09 4.25322443931009e-10 3.90884435930161e-11 1.21425758337068e-11 1.15662368571634e-11 2.88997270558866e-11
1.95593763407942e-11 5.56394930129045e-12 3.14681058988242e-11 1.12490239345675e-10 8.0362594356842e-11 1.42633660438207e-10 8.87635853707991e-11 1.16400156180418e-10 9.92966042723253e-11 2.83697199066069e-10 9.93713555885733e-11 5.00537957748293e-09 4.01452981746431e-08 2.52775515585668e-07 1.80371392066725e-06 5.31319530150398e-07 5.8525686054689e-06 7.69971705034678e-06 8.52524417069844e-06 9.70563122777435e-06 1.1055616548461e-06 2.84550475404544e-09 7.12592230778242e-09 5.32233457306575e-10 6.15266171344331e-11 2.83107870480137e-11 1.18166365581374e-11 8.63722426913682e-12 8.77582451153103e-12 6.31169561060574e-12 5.87062620738266e-12 4.19377865767956e-12 7.71046559933097e-12 8.76497763258044e-12 2.2615087580391e-11 8.92367812976858e-10 7.72504290535991e-09 5.81569690183414e-09 4.14418678262862e-09 4.86218346695821e-09 3.21370869915683e-09 1.07929450932076e-09 1.87863034017965e-09 2.63735322469927e-10 2.05658823304589e-11 1.26738952666017e-11
6.32033980707547e-11 3.92444210461917e-10 2.65274580080188e-11 6.98920921138324e-11 9.89604065360083e-11 6.05297811873129e-11 1.2273242422367e-10 4.1404990547278e-11 1.33824440418095e-10 5.18324827503136e-11 4.19061896295148e-11 1.12934039897539e-10 5.43786331519414e-09 2.43083982942593e-09 8.3637880288201e-09 1.67867551359446e-07 3.51284744239955e-06 8.60082927245376e-07 7.7876938723298e-07 6.63724500049589e-06 6.51357247107853e-06 9.27919450610659e-07 2.84549341023066e-07 1.23309693567109e-09 3.27629726681877e-08 4.92850082967067e-10 3.93607146875752e-11 1.85009452202678e-11 1.0788503423953e-11 9.45453715317512e-12 7.33243465944611e-12 4.71652716882431e-12 6.22558671281581e-12 1.06916364650544e-11 1.43529077512028e-11 2.8087449033265e-10 5.76099326021762e-09 6.16171639267193e-09 7.71620320971778e-09 1.03875141044263e-08 4.27750952436412e-09 2.36997110825143e-09 1.92384971287041e-09 2.78671417053289e-09 3.72972341899924e-10 4.35938396492475e-11
3.5697556022285e-12 1.93248195223816e-11 6.85529411015295e-12 8.6898599427343e-12 5.91809934391563e-12 2.95991786636307e-11 7.58997198424538e-11 2.70227951126856e-11 3.71051633862862e-11 6.78636924433818e-11 6.00884786372546e-11 1.00602415287199e-10 6.62794774619613e-10 6.85275669543017e-10 2.55954057948316e-10 7.37972792430597e-08 1.63742543524137e-08 3.35167251619417e-08 1.783247888687e-07 1.43539617309951e-06 3.23756812335985e-06 5.76950734210158e-06 2.31451704344465e-06 3.78364262587638e-08 5.88054416272854e-10 6.99434167250601e-09 8.24889601069856e-11 4.83977191656493e-11 1.91574978103404e-11 1.67818758889382e-11 1.05349728940496e-11 7.32728322461185e-12 9.16496878389239e-12 1.54921298012312e-11 2.27167173960652e-11 8.83489725822528e-11 8.21687378138591e-09 3.2728687759942e-09 5.05399871952861e-09 7.4293809215753e-09 6.74150691937214e-09 5.86008883640687e-09 2.27056321522312e-09 6.5510858959783e-10 2.07713733990644e-09 3.70396757709557e-10
5.2908677439234e-12 4.35784741625866e-12 1.11038955807885e-12 1.84006143655324e-12 8.14405209936808e-12 1.24506405185798e-11 1.74899761340441e-11 3.25484417196265e-11 2.6740898384503e-11 1.44099565613232e-10 7.93797250153716e-11 8.14505018986722e-11 1.83905279893537e-10 3.27369953367906e-10 3.85657050738786e-10 1.07910846036674e-08 7.23830217985721e-10 1.36353320856486e-08 6.25463832726325e-08 1.14520445669841e-06 3.24646088256664e-06 7.89315917094635e-06 2.62906631256499e-06 1.88843782751302e-06 2.6562023136556e-09 1.32700497257332e-09 7.53713425005742e-11 8.96428375973812e-11 3.66298991139047e-11 2.45531039944069e-11 1.31590294216721e-11 1.30858435198888e-11 1.73295378047555e-11 2.51534459927427e-11 1.59258717324917e-11 7.27643723053006e-11 4.46950963350901e-08 2.70239679522888e-09 3.26882249046534e-09 5.20579387375264e-09 1.02354131059634e-08 8.55863193649498e-09 5.92908770968847e-09 3.73647734974725e-10 3.0882983947933e-10 3.317257579738e-10
3.95458110702407e-12 5.35168576121237e-12 7.24187376732743e-13 5.01018115883767e-12 2.38985498057787e-12 4.19433376919187e-12 5.37484501350605e-12 7.59303731001637e-12 2.40456876632322e-11 1.25204102641163e-10 9.85456827251596e-11 2.00159844254699e-10 2.86240209312894e-10 6.25469720461069e-10 1.69896318902296e-08 3.23066551288775e-09 8.07463998997449e-09 1.43031445354325e-07 3.10394419722471e-08 2.49390829321072e-08 8.9853597895484e-09 1.57024942937234e-08 3.86670537699807e-08 1.88416505455535e-06 2.35653181839268e-06 1.60843212748674e-08 2.44821385386729e-10 4.1787219240419e-10 4.60495097609481e-10 1.06223174700659e-10 2.1090407198443e-11 1.94595783931106e-11 2.58911780903759e-11 3.71158437317831e-11 2.60283905539893e-11 4.15952827736987e-11 1.55953824299004e-09 3.94989398966317e-09 4.0482200147629e-09 6.74222840890693e-09 1.0852671405992e-08 9.36219233249602e-09 5.32294899269203e-09 1.04757350571916e-09 2.70586464345968e-10 1.11816755854477e-10
3.00703906219724e-13 4.47986092666497e-13 6.76803058041742e-13 1.24254828648418e-11 3.33972627331036e-11 5.9975469035578e-12 2.47796227981212e-12 4.88662443842713e-12 2.3591806286305e-11 3.7725522705756e-11 5.16464315758469e-10 2.79005196723858e-10 6.12340800287825e-10 5.98960067099696e-09 2.84697135777279e-07 1.39928745368501e-08 1.63525059160285e-08 2.73152670482446e-09 3.96288286075297e-08 5.39460538462322e-08 1.90182707471287e-08 4.17894163717847e-11 7.76187647488769e-10 1.05333259725615e-07 1.66552563035438e-05 2.67919772412029e-06 5.9634772564543e-08 5.91786952774953e-11 3.3613822836287e-11 5.55621082476421e-10 1.83752857374486e-10 2.36343167259179e-11 2.30785501820208e-11 3.38079897410637e-11 3.91011667488783e-11 6.92888857400931e-11 1.1830239343702e-09 3.12190872042706e-09 4.56640175672263e-09 9.97836595573176e-09 1.31975210204693e-08 6.06408297576522e-08 5.36165445819137e-08 1.90869486882406e-09 2.05107786310776e-09 1.65287938891367e-10
1.06159525614657e-13 1.07414077632484e-13 2.15782947066145e-13 3.86979337463345e-13 3.51868534309574e-12 1.17213350137035e-11 3.19316906249867e-11 7.05653313559651e-12 2.5244484280762e-11 6.47473408221799e-11 6.79821754445697e-11 6.92654600342735e-11 1.31992594631924e-10 3.21747528619909e-10 2.46682365645512e-09 3.35071435708656e-08 1.29769227286136e-07 1.36663928014258e-06 2.17286700969765e-06 2.0696862434999e-08 4.6410668508301e-08 1.48933124721751e-09 1.03286512675993e-10 1.24152799152455e-10 4.42979539605481e-08 1.41025066636491e-05 4.50504727367296e-07 7.22735093994231e-10 7.25630222575546e-11 3.14969605952342e-11 8.52896642200562e-11 2.5642676870774e-11 2.7285973480673e-11 3.75000253072244e-11 5.56756973857375e-11 1.26310584214195e-10 3.35873917567397e-10 7.7170661083592e-09 4.97368658480823e-09 6.5937528881399e-09 4.02351998385342e-09 2.82151684127818e-08 4.7799963465156e-07 2.60311630362331e-08 2.27196924607043e-09 3.42519956841869e-10
1.5057954882991e-13 1.20781162848971e-13 1.40520928226806e-13 9.64450741491874e-14 4.39681624442301e-13 2.72656341948618e-12 6.85005385747672e-12 1.03412545193748e-10 1.40454214925256e-10 5.21351406490567e-11 5.96320881562917e-11 6.28650065337411e-10 3.84467595537785e-09 1.97108384059064e-09 2.39920704414587e-09 4.79401192077233e-09 3.1708111544182e-07 3.65131385358097e-06 4.78330590247822e-07 2.434960139297e-07 7.04636071713338e-10 2.49377196670508e-10 4.61400695428438e-11 8.77011796518445e-11 4.58365179145659e-10 3.37356163004898e-09 4.63003245876337e-07 1.21556151366775e-08 6.70419830761659e-11 1.09494131539378e-09 3.49205692140586e-09 4.45381931335476e-10 5.17847209557942e-11 5.52189072244857e-11 1.08908149165643e-10 2.67573130319221e-10 2.68545896631167e-10 3.3780308417164e-08 1.38927351955864e-08 1.23417610908838e-08 7.2229767389409e-09 7.48663385730097e-09 3.485897681621e-09 2.8074240709941e-09 2.10725408233969e-09 2.35820772798157e-08
2.25031104861273e-13 1.87316828714756e-13 2.31470398404099e-13 2.89412938059286e-13 3.4626745915034e-13 7.51809725585417e-13 4.33542091116124e-12 6.66191546372374e-12 8.55082560313747e-11 1.55000901003177e-10 9.32078525472946e-11 3.89741072748251e-10 3.57912666171245e-10 2.93824814479038e-09 1.04418351964952e-07 3.88845493359824e-08 1.46036548827055e-06 8.13232460687985e-06 1.6473351716062e-07 1.09059732689154e-08 3.37078120971057e-10 5.2540016781677e-11 2.85784507170206e-11 6.57527909897482e-10 4.28247992623199e-11 4.09139055967955e-11 9.51411521787904e-09 1.07357157275167e-08 8.58107134238395e-09 6.43908184549957e-09 3.50523705727746e-08 5.04596900263721e-08 2.01059368043488e-09 2.73610361034571e-09 2.11950412776218e-10 6.05976882006587e-09 3.57795188143939e-08 1.58769597136121e-08 1.21835054378572e-08 4.15657698260574e-09 4.06569207189733e-09 6.0631775822273e-09 6.69512284501295e-09 2.71169052767917e-09 1.92939597631892e-09 3.40350017058455e-09
8.41560154896115e-13 3.45401485191132e-13 9.53626067001778e-13 3.35975691712065e-13 3.75666164842414e-13 5.95434812566964e-13 1.73266956338125e-12 4.7441273132165e-12 6.98425761669341e-12 2.05522598939467e-11 2.42394881944108e-11 2.66917334901251e-09 3.6332978121667e-07 3.87554614178498e-08 9.11523123314773e-08 1.39613531113802e-06 1.38259630821924e-06 3.60673422592495e-06 2.37488707921507e-08 8.51440337235054e-08 1.29143135696452e-07 9.58471002565631e-10 2.22176543829278e-10 8.59026849653333e-11 3.76650266531442e-11 2.82935230799808e-11 1.88968396486189e-11 1.93954630134385e-11 1.58351030066228e-09 3.59184961662429e-08 1.60653135683475e-08 3.02651954053879e-08 8.01017876805865e-08 4.37228831362546e-08 1.40547090965448e-08 3.92383391334405e-09 1.19455413483127e-07 6.54465047711383e-08 1.35577117426067e-06 1.03263706807688e-08 3.41830699301937e-09 6.88055556974376e-09 3.88964525033231e-09 3.13983701261122e-09 1.53152233117737e-09 2.06772197142158e-09
