Scripts_&_data/Maxent_result_files_2/B_mlokosievitzi_2.asc
NCOLS 594 
NROWS 330 
XLLCORNER -15 
YLLCORNER 23 
CELLSIZE 0.166666666666667 
NODATA_value -9999 
[rows 220 to 239 of 330, columns 322 to 367 of 594]
-9999 -9999 -9999 -9999 -9999 -9999 -9999 -9999 -9999 -9999 -9999 -9999 -9999 -9999 -9999 0.00333117946138373 0.322434893995523 0.684810838103294 0.0598891692236066 0.834783878922462 0.988761729001999 0.356263440847397 0.993669319152832 0.990381735563278 0.979484033584595 0.845965754985809 0.964227044582367 0.782813555002213 0.997832298278809 0.899689662456512 0.985978603363037 0.997007519006729 0.846164041757584 0.0237503010779619 0.0644118473037707 0.0389341313793942 0.0427365733654824 0.197713914886117 0.122506088018417 0.111263743974268 0.072765670157969 0.068606491945684 0.071798998862505 0.243442776147276 0.090341743819954 0.0135254843166557
-9999 -9999 -9999 -9999 0.00690814774134196 -9999 -9999 -9999 -9999 -9999 -9999 -9999 0.0194824998266995 0.00300317554938374 0.154151707515121 0.958402305841446 0.95201016664505 0.957174867391586 0.991969239711761 1 0.843603557348251 0.997796875238419 0.995877820253372 0.933231395483017 0.851443374156952 0.42792281806469 0.996627944707871 0.864946502447128 0.999487698078156 0.997732180356979 0.782203045487404 0.997916573286057 0.948642539978027 0.360118569433689 0.460308679938316 0.473967027664185 0.0633217130147386 0.0252852832673604 0.0477360674034571 0.163777090609074 0.0127688235486858 0.0440655054990202 0.0917353617027402 0.0244888663206666 0.0154951057105137 0.0348521558043558
0.0150374970166013 0.015300064306939 0.371798169612885 0.0357228319626302 0.100266326684505 0.0248441639007069 0.00408995973430137 0.0150985314539867 0.00533933136321139 0.0108702268102206 0.0387649061158299 0.165498396009207 0.181961834058166 0.786583709716797 0.948823046684265 0.983219969272614 0.981990563869476 0.858204996585846 0.999984449148178 0.999440556764603 0.999989998340607 0.999128890037537 0.941160893440247 0.98802495598793 0.940977364778519 0.873952329158783 0.999647384881973 0.733734476566315 0.915787816047668 0.761000955104828 0.480719500780106 0.701898503303528 0.985118663311005 0.907129687070847 0.548428663611412 0.164931566314772 0.233789819193771 0.462148833274841 0.251548147713765 0.0539735905142606 0.0653376583009958 0.112098196148872 0.0292138539720327 0.069628089107573 0.040470656263642 0.0427611762657762
0.431275348365307 0.436849544942379 0.802758795022964 0.982170802354813 0.999999016523361 0.380399788916111 0.994303005933762 0.718608072400093 0.967508172988892 0.74755425453186 0.989672523736954 0.972575920820236 0.990055012702942 0.999801510572433 0.99199150800705 0.986516427993774 0.999696177244186 0.980489730834961 0.917206197977066 0.999323892593384 0.999880808591843 0.938574463129044 0.946185141801834 0.938949745893478 0.996014326810837 0.990753394365311 0.382913498580456 0.109516238048673 0.0944009151309729 0.0730448562651873 0.079589372407645 0.0549997273366898 0.629550629854202 0.831844162940979 0.825184923410416 0.818079814314842 0.721269869804382 0.399668421968818 0.138037210749462 0.502211658610031 0.204712626924379 0.0852103908313438 0.543388537317514 0.350650350376964 0.265801360830665 0.00400253871375753
0.972135049104691 0.983054125308991 0.996453809738159 0.994922703504562 0.924911880493164 0.98721541762352 0.991454303264618 0.999745911359787 0.999970161914825 0.999926435947418 0.999993914365768 0.999986338615418 0.994119429588318 0.994935524463654 0.989499086141586 0.930687975883484 0.881837952136993 0.852540558576584 0.971466684341431 0.896736890077591 0.35001919567585 0.303416731953621 0.898221045732498 0.998456627130508 0.893610554933548 0.420334109663963 0.161930594779551 0.0882492706179619 0.307381509244442 0.0398497266694903 0.0515357259660959 0.328405382484198 0.965039420127869 0.983378100395203 0.790290665626526 0.851070195436478 0.680446170270443 0.277570626139641 0.63217339515686 0.924535810947418 0.942015981674194 0.545850718021393 0.385485814139247 0.184026908501983 0.1556441295892 0.0110182159463875
0.697561526298523 0.675713229179382 0.956522119045258 0.849812263250351 0.582915166020393 0.376192001998425 0.722079807519913 0.808933573961258 0.638132253289223 0.514926591515541 0.605294770002365 0.294984957575798 0.626412495970726 0.884311836957931 0.982951706647873 0.994642889499664 0.844071626663208 0.947841310501099 0.995393812656403 0.575344261527061 0.96173859834671 0.564382344484329 0.992826372385025 0.984204506874084 0.478395533561707 0.228270940482616 0.438392472267151 0.843809014558792 0.433635804057121 0.0423391738906503 0.0598219368606806 0.486998045444489 0.789871394634247 0.918331867456436 0.0899517390877008 0.343441282212734 0.573268634080887 0.885037779808044 0.572023765742779 0.76776248216629 0.921807408332825 0.978369295597076 0.746938800811768 0.616932456195354 0.753786849975586 0.410169089399278
0.627181172370911 0.535561314225197 0.426446102559566 0.86829087138176 0.557596164941788 0.660566544532776 0.334946279227734 0.327625174820423 0.184103767573833 0.239560050144792 0.505248247087002 0.775958913564682 0.806703531742096 0.923394203186035 0.957505214214325 0.99218887090683 0.951360088586807 0.991013944149017 0.9883225440979 0.901476138830185 0.817397612333298 0.685713306069374 0.954970914125443 0.242242550849915 0.698647463321686 0.730666899681091 0.497775343060493 0.700556755065918 0.380836299061775 0.130129522830248 0.127476168051362 0.112940824404359 0.0724090365692973 0.0587548569776118 0.0188602631356844 0.00684193072109736 0.362298688292503 0.904007232189178 0.930897569656372 0.889743250608444 0.625888839364052 0.745982015132904 0.741530311107635 0.96720575094223 0.955481904745102 0.847074329853058
0.34430895447731 0.318472942709923 0.30700466632843 0.205073953419924 0.246104827523232 0.194744957238436 0.283225613832474 0.305923170596361 0.436812175810337 0.666794228553772 0.579371598362923 0.67843436896801 0.664400690793991 0.736677917838097 0.753451585769653 0.873244601488113 0.938977259397507 0.856813633441925 0.565752020478249 0.437027284502983 0.1526426974684 0.154558478295803 0.181261628121138 0.452556392550468 0.193742933124304 0.251755408197641 0.865152567625046 0.371871697902679 0.224917496740818 0.101600743457675 0.0328463803976774 0.0736368643119931 0.0131440009223297 0.0223426068667322 0.0036387969019124 0.0255592673114734 0.272553682327271 0.844822454452515 0.968626075983048 0.820638871192932 0.933058655261993 0.962149977684021 0.938963615894318 0.982587629556656 0.939037954807281 0.7310367166996
0.349107155203819 0.74879744052887 0.511286230385304 0.46642192453146 0.330011936277151 0.468707138299942 0.609295237064362 0.466497671604157 0.133069574087858 0.178515706583858 0.255280990898609 0.174211660772562 0.244486953318119 0.44114188849926 0.247738644480705 0.145521382219158 0.687932726740837 0.722796961665154 0.430466799438 0.135365836694837 0.260916002094746 0.334822542965412 0.645153343677521 0.672634348273277 0.50815817117691 0.417197860777378 0.43736310005188 0.761788159608841 0.736495184898377 0.59645482301712 0.0718238467350602 0.0456762032583356 0.0294546159449965 0.039540658518672 0.0329783400520682 0.0108152735745534 0.0438144831452519 0.223981784284115 0.746003097295761 0.509617885947227 0.952138900756836 0.876504427194595 0.781220430135727 0.991397660970688 0.95254699587822 0.970325016975403
0.233266588300467 0.109914631396532 0.211648738384247 0.275133579224348 0.103133061341941 0.349521867930889 0.760173651576042 0.48104959577322 0.156078913062811 0.104087597131729 0.0917506538331509 0.177728749066591 0.468191407620907 0.546317920088768 0.755775159597397 0.894206142425537 0.535605502128601 0.486635409295559 0.378013303875923 0.43553794324398 0.648417448997498 0.958781862258911 0.908508664369583 0.559050592780113 0.4516077876091 0.436106419563293 0.176540097594261 0.454955476522446 0.506820344924927 0.906659299135208 0.648617148399353 0.356345210969448 0.135083455592394 0.642903086543083 0.0814996497705579 0.0128729823511094 0.0350665572099388 0.0886942572891712 0.0843852899968624 0.105329019017518 0.252186083048582 0.693509715795517 0.935725289583206 0.709279245138168 0.851953119039536 0.974728232622147
0.0738252595998347 0.0491666149348021 0.111136916279793 0.159807087853551 0.326961723715067 0.518051090836525 0.406996929645538 0.145714435353875 0.138779460638762 0.119662250392139 0.199104955047369 0.20742074996233 0.245226006954908 0.177930012345314 0.575401541590691 0.449049258232117 0.2721494987607 0.269209532439709 0.204070327430964 0.308573587238789 0.284786586463451 0.242568532377481 0.193752747029066 0.15006611905992 0.160783334448934 0.198962098360062 0.169084271788597 0.526875925064087 0.492575213313103 0.29253915399313 0.325047117471695 0.121082042530179 0.0589609270915389 0.120073980093002 0.0947687853127718 0.0170588241890073 0.0150078473147005 0.00816432125284336 0.0313328888267279 0.292273749411106 0.36804653853178 0.828062188625336 0.943868643045425 0.955735158920288 0.822445201873779 0.995270383358002
0.111637409590185 0.424227719753981 0.355019476264715 0.085589987039566 0.122340823896229 0.455132736265659 0.119391399621964 0.0744160087779164 0.126333843357861 0.0675381247885525 0.0701650804840028 0.178909519687295 0.159889317676425 0.253903459757566 0.23719841837883 0.421641613543034 0.663197827339172 0.29028752669692 0.116766022518277 0.181713259965181 0.175941637158394 0.0707898901775479 0.098128304630518 0.0523958971723914 0.0741189900785685 0.18093366920948 0.402243243157864 0.755973595380783 0.78325754404068 0.698188304901123 0.760721856355667 0.443023446202278 0.242015285789967 0.216112045198679 0.0397455595433712 0.0809688899666071 0.0236477080732584 0.0190060029737651 0.0157178561668843 0.0583991220220923 0.0899369701743126 0.0940074354410172 0.768607467412949 0.932733869552612 0.933551418781281 0.907782065868378
0.119454037211835 0.163955746591091 0.108398505672812 0.122758155316114 0.0361136871855706 0.0651513080112636 0.0341141695855185 0.0350788015406579 0.0270309704355896 0.0152424245839939 0.017183120851405 0.0398619629442692 0.106095328554511 0.099819110147655 0.06832818640396 0.0642780332826078 0.164890072867274 0.17273229919374 0.0789170728996396 0.105367173813283 0.0458342311903834 0.0270558178424835 0.0424492541700602 0.0470158189535141 0.0854138407856226 0.19509824514389 0.331966060400009 0.399262747168541 0.429802697896957 0.73073605298996 0.340922245383263 0.254642482846975 0.324069237709045 0.31385834813118 0.148136857151985 0.125245334208012 0.0252599995583296 0.0196979652624577 0.00945395152084529 0.0100765218026936 0.0104045180953108 0.0326448139734566 0.114498390257359 0.403338381648064 0.945892655849457 0.813782298564911
0.01671790080145 0.0180225347634405 0.0152257091132924 0.0187358863186091 0.00758477870258503 0.00432853341917507 0.00490052983805072 0.00293714177387301 0.00421033657039516 0.0111720576067455 0.00568601608974859 0.0250279318075627 0.0231358215911314 0.0624627432785928 0.0732660537585616 0.0649329651147127 0.0284843885339797 0.0315880651585758 0.0536535450257361 0.0381434588693082 0.0240917795337737 0.0909233441576362 0.0239872097969055 0.035058729024604 0.0428381242789328 0.0696241199970245 0.117148141935468 0.183255688846111 0.249747808277607 0.215035770833492 0.279231368750334 0.157149881869555 0.15853390917182 0.377704477310181 0.392844808101654 0.121855202689767 0.0525634506717324 0.00818268539151177 0.00326784658827819 0.00965089430101216 0.0127011898439378 0.0175775580108166 0.0151983252260834 0.124437334761024 0.785879880189896 0.673648554086685
0.00928414522204548 0.00504673186223954 0.00312292218441144 0.00746703217737377 0.00517623726627789 0.00197339555452345 0.00224014919367619 0.00330363464599941 0.00444199604098685 0.0067029081081273 0.00418745928182034 0.0105901187518612 0.00446981886343565 0.00511679658957291 0.0133421327103861 0.00771724286605604 0.020216380758211 0.024163406714797 0.0215046855853871 0.0250257363310084 0.0275643775239587 0.123604443669319 0.110642404481769 0.140977950394154 0.286553589999676 0.177673398703337 0.0849097859114409 0.0959471553564072 0.188697730749845 0.117176002264023 0.380901889503002 0.227978547662497 0.140776882693172 0.202829873561859 0.234283334761858 0.162077701091766 0.0544253703206778 0.0268261107616127 0.0178065320942551 0.00875200633890927 0.00900750765576959 0.00412863921374083 0.017581598367542 0.0249566093087196 0.190499622374773 0.563482475280762
0.00443030985479709 0.00836274782195687 0.0135920140892267 0.00238444105052622 0.00423670933814719 0.00563817358925007 0.00305754476576112 0.00392445325414883 0.00180131438028184 0.00275737069314346 0.00192860244496842 0.00212923879007576 0.00736851652327459 0.0327028564177454 0.0167518536327407 0.00854057964170352 0.0417412925045937 0.0132880952267442 0.0194435914745554 0.0156773118535057 0.0457363031804562 0.076886294875294 0.249605843424797 0.118057156912982 0.109062666073442 0.0787021093070507 0.0934537308290601 0.0735077351331711 0.0334018928464502 0.118884246423841 0.131041599065065 0.158959034457803 0.11239053979516 0.154559253156185 0.242625284194946 0.121875297650695 0.0719398513436317 0.0220043202862144 0.0143391398247331 0.00473971576429903 0.00475783160072751 0.0145395485917106 0.0701348628848791 0.0437144410796464 0.024092844966799 0.00578297525644302
0.00624455892248079 0.0142993465764448 0.0153227783739567 0.00694169182097539 0.00554166483925655 0.00359390154189896 0.00291006894840393 0.00283908042765688 0.00237215215965989 0.000514674972509965 0.000667149234504905 0.001381696322278 0.00360171782085672 0.00395189110131469 0.00429720273241401 0.0132450074423105 0.0202264151070267 0.0366114301607013 0.00780105030862614 0.0056881616183091 0.00798813053406775 0.0691748071461916 0.0143266044091433 0.0869165062904358 0.0844607861712575 0.0797936752438545 0.0630991791374981 0.0485388735309243 0.091250008624047 0.100349641218781 0.14067633934319 0.122960789129138 0.115720123797655 0.128964104503393 0.168269082531333 0.14426145106554 0.0433067826554179 0.00573235511546955 0.00705621980596334 0.0020258272299543 0.00333692730055191 0.0100160453934222 0.0236413459293544 0.0345274966210127 0.0574638910591602 0.0335947860963643
0.00288449998915894 0.109429373871535 0.00217042955628131 0.0144656682154164 0.00152771955326898 0.00396729166386649 0.00154547085694503 0.00059978017307003 0.00121941883116961 0.000807341594190802 0.000823832687456161 0.00085032183342264 0.0006969336354814 0.00115653268439928 0.00122017850517295 0.00265818589250557 0.00582270625745878 0.0117336098745 0.0109965301235206 0.00976536077214405 0.0105278959614225 0.097319527156651 0.066910508275032 0.047372595127672 0.155796079337597 0.0478316387161613 0.0514977168291807 0.134193316847086 0.0784960376098752 0.103416048921645 0.126848578825593 0.102518871054053 0.144841186329722 0.136287143081427 0.115448769181967 0.0921174203976989 0.0158418050734326 0.00745678415987641 0.00681753901299089 0.00943214960861951 0.00544794665183872 0.00929404238704592 0.00524730415199883 0.00850079660303891 0.0128030915744603 0.0215618496760726
0.00546083197696134 0.00329990471363999 0.0165807583369315 0.00629169867606834 0.00314614680537488 0.00104832659271779 0.00222607428004267 0.00107557502196869 0.000710320726648206 0.000416256474636612 0.000606417535527726 0.000797257240628824 0.000833806210357579 0.000973189874639502 0.000451911888922041 0.000300902131129988 0.00233708524028771 0.00141723982233088 0.00135641899614711 0.00811626873910427 0.00603571848478168 0.01762961022323 0.00739376137498766 0.0392966185696423 0.0979228179901838 0.1895298615098 0.143489329144359 0.0667520510032773 0.0503380877897143 0.097223830036819 0.0980168679729104 0.0965587930753827 0.144492964819074 0.0747380159795284 0.0944421404972672 0.0391005787067115 0.00943645607330836 0.0064520598272793 0.00520878967363387 0.00429572438588366 0.00502898331033066 0.0264514866285026 0.00936785392696038 0.00618441087426618 0.00884482013061643 0.0100471935234964
0.00176555642974563 0.00909655357245356 0.00139740955200978 0.00100695389264729 0.00183771070442162 0.000330890068289591 0.000125453351029137 0.000101656889000878 0.000248900329461321 9.36277138862351e-05 6.3798374048929e-05 0.000161489476886345 0.000133716146228835 0.000812744447466684 0.0005390916383476 6.69819846734754e-05 5.86481696700503e-05 0.000483859502492123 0.000282063212944195 0.000547848426867859 0.000366943269909825 0.00431061931158183 0.00635196370130871 0.0125694637768902 0.0297781540779397 0.0900301200337708 0.0437370173167437 0.0477716173510998 0.0391241392120719 0.0792362474836409 0.0824460174888372 0.140529719181359 0.0444713628850877 0.0498533566482365 0.0634224778972566 0.0159815472783521 0.0150743275182322 0.00855260316748172 0.00297756264335476 0.00474637334991712 0.00272012277855538 0.00258216043293942 0.0043162448797375 0.00415623768349178 0.00130778585589724 0.000134728635668901
