Scripts_&_data/Maxent_result_files_2/B_mlokosievitzi_3.asc
NCOLS 594 
NROWS 330 
XLLCORNER -15 
YLLCORNER 23 
CELLSIZE 0.166666666666667 
NODATA_value -9999 
[rows 260 to 279 of 330, columns 315 to 359 of 594]
6.7601331754652e-09 6.265310015241e-09 6.52136279422066e-09 2.41840045656083e-08 2.40588526212449e-08 5.51658565495217e-09 5.15931268818548e-09 7.30620648425884e-09 5.19232226103838e-09 4.57567578271423e-09 3.33646907879626e-09 3.01338068942059e-09 2.28706519278532e-09 1.88175637294563e-09 1.38166246221871e-09 8.23120116510978e-10 5.77514647215338e-10 3.52221229960037e-10 2.55629806211743e-10 5.96707971922683e-10 9.99867977302671e-10 6.59373444733546e-11 6.05157146615909e-11 5.79784442678033e-11 5.19033704904359e-11 1.65050750844387e-11 3.68893138258386e-11 3.71112696129217e-11 3.53725715385167e-11 3.28716609487856e-11 2.57745380594088e-11 1.72049929858531e-11 1.38354105949645e-11 7.76422259818332e-12 5.4656168479994e-12 5.00818275739334e-12 4.41686687224774e-12 5.78567194153834e-12 1.66767710751969e-12 4.67137439841281e-13 1.5940582187568e-13 1.71840319751482e-13 1.0955680807001e-13 5.17030862567935e-14 2.05080397108759e-13
1.13468478057932e-08 1.107904477049e-08 1.27919615677818e-08 9.80801069250248e-09 7.45746762120802e-09 6.46764549694368e-09 7.58023886993087e-09 8.20323856620675e-09 8.76750652079039e-09 6.638512606294e-09 5.26586046989408e-09 4.45095476031554e-09 3.1681976708775e-09 2.52079014328999e-09 2.06560092363972e-09 1.90779219089165e-09 1.04944792855832e-09 5.49661405280233e-10 3.6912326528693e-10 1.94468718905938e-10 6.67063904113974e-10 4.37362246419326e-10 1.02182418082464e-10 3.06228520319252e-10 7.58168750003563e-11 4.39037806110321e-11 5.59359891738609e-11 4.62844784721028e-10 4.6397964359457e-10 2.7861801754625e-10 3.42425088284415e-11 2.97442070973375e-11 1.68715597048674e-11 8.96021035146077e-11 9.71709379626873e-12 8.29232238430677e-12 5.6929350122914e-12 1.47740153444431e-11 1.02474917440531e-11 3.74725805940557e-12 6.49635900629164e-13 2.4079627181095e-13 8.19788681383216e-14 1.33837385618563e-13 7.21744886078568e-13
2.80802601504426e-08 2.54647210762293e-08 2.12528271203993e-08 1.7270191399188e-08 1.23606173851876e-08 1.02395486645257e-08 1.49520674619374e-08 1.30395434005948e-08 1.07110550651157e-08 6.32568333269745e-09 7.77448611044562e-09 6.16756006266428e-09 1.59260602483613e-09 3.88286758301604e-09 2.60508008498306e-09 1.93748980192865e-09 1.42374190215122e-09 8.95155172209172e-10 4.4939061361049e-10 2.85904488972477e-10 1.75211289921151e-10 1.61006052934454e-10 1.56160950837148e-10 1.804343341405e-10 1.44925538236862e-10 1.32834188093511e-10 6.99870605913588e-11 4.32411306761082e-10 1.88079713581146e-08 5.37949376155922e-09 5.06073516426397e-11 4.16870649111445e-11 2.5623692057053e-11 2.88160553307826e-08 4.48194281688075e-10 1.1108336472887e-11 1.12940989893673e-11 9.7944086174806e-11 2.09360861980201e-11 4.39971392651728e-12 3.57858187527427e-13 2.63067345684931e-13 1.96775928884563e-13 2.17625917287023e-13 2.84998136201864e-11
3.79972295627695e-08 2.90552218173978e-08 2.61626954434213e-08 2.20657394134349e-08 2.21039463732531e-08 1.785720848968e-08 1.68581254400557e-08 1.59217766748654e-08 1.71070054566513e-08 2.85552120948829e-08 5.2488482116253e-09 1.783883707418e-09 1.40422091732262e-09 4.79742531256377e-09 3.44584962785888e-09 1.97920817512909e-09 1.70635982010836e-09 1.11122305801459e-09 7.8292522465162e-10 5.90157256397106e-10 4.68504135486825e-10 2.65381416841848e-10 2.8404576468688e-10 2.96169078151109e-10 2.49349363379281e-10 1.97279048652632e-10 1.05062936128775e-10 6.65273724997917e-11 5.75715364270479e-11 2.15667372849282e-11 4.82806128410118e-11 4.60063653839882e-11 3.25042659454766e-11 3.50420834238641e-08 1.11805666180853e-07 1.62756150778876e-09 1.5485046578334e-11 2.62223021074703e-11 3.40847572388725e-11 4.5569348294805e-11 8.90554296972823e-12 1.53821400061815e-12 5.57776047571679e-13 7.01871893937778e-13 2.98525537623107e-11
3.98677982293982e-08 2.95954621920558e-08 2.59329297369604e-08 2.50982731153648e-08 2.41847033954912e-08 2.50691986503071e-08 2.31060211186573e-08 2.06253632728526e-08 1.88452340732503e-08 1.67792343885864e-07 4.79770009054192e-08 3.11564957167221e-09 1.99796041933098e-09 4.49513273270696e-09 3.80699094471026e-09 2.71866351653216e-09 2.14862954095452e-09 1.04787021282249e-09 1.12169430410702e-09 1.09029169026442e-09 8.31456137273534e-10 5.86798820645385e-10 4.33278846134755e-10 3.879858767597e-10 3.27434213076572e-10 2.16568174504772e-10 1.46927736643931e-10 1.37758038309954e-10 7.01873115183105e-11 4.87154316886063e-11 1.51505308298994e-10 2.02310945773831e-11 3.04096081649163e-11 8.69262786196146e-09 5.91323728937887e-07 1.83476622173107e-07 2.35279495885976e-10 1.73972170003367e-11 1.35176647653168e-11 2.79857470530942e-11 5.36684363616757e-11 8.59171622735744e-12 3.14905879150729e-12 3.59114959991302e-12 1.34343647317792e-12
3.58227645436138e-08 2.9386404742926e-08 3.19926518055347e-08 3.09460165048847e-08 3.10712007678404e-08 2.61957142311253e-08 2.51905370673988e-08 1.06490500306755e-08 5.06899531238503e-09 3.95431343225283e-09 1.92904027862539e-08 5.96363194382832e-09 4.36735440034752e-09 5.84835491146407e-09 5.01067599634197e-09 2.51788193628144e-09 2.36579181800423e-09 1.89019335739005e-09 1.22267337365756e-09 1.17909717545217e-09 8.90175833045959e-10 7.8977181461326e-10 4.62687321789446e-10 4.18563184112486e-10 2.16794926455322e-10 2.21809093314818e-10 2.47881182247056e-10 1.81990700287571e-10 1.09111952806273e-10 4.58688420579278e-11 4.77847650337537e-11 3.4203850862724e-11 2.97732838383524e-11 2.0952850565692e-11 2.39147371239312e-08 4.26449290658049e-08 3.08820924388442e-10 2.59737009677963e-11 1.15108256260044e-11 6.94365676068287e-12 2.42859510279914e-11 1.23702381671364e-11 2.2083446182819e-12 1.24578125593189e-12 3.13493675463405e-13
4.05144682802394e-08 4.43647824699411e-08 4.38978014272173e-08 4.28520864015347e-08 3.97107135396979e-08 2.22613659395243e-08 1.82881395138779e-08 7.20527928432801e-09 6.12636561481139e-09 5.23572113442228e-09 4.97767192131349e-08 1.22649825851084e-07 7.52368293222005e-09 1.85753609160955e-09 1.09689594074425e-09 7.09182879088388e-10 2.11813410144757e-09 1.37250693033053e-09 1.26934337485451e-09 1.28667693166662e-09 1.01202758395758e-09 6.97838908880755e-10 3.79092646163315e-10 3.5744219806233e-10 2.91982649169853e-10 2.8362285853234e-10 4.03311706254073e-10 3.58089857765975e-10 2.07330408397155e-10 8.67731331233301e-11 5.72658476194476e-11 6.43054720583791e-11 3.15516945903482e-11 2.61109023291795e-11 2.96095703511412e-11 8.54051274146173e-12 1.47155732044268e-11 1.55322088524201e-11 1.04656727728525e-11 9.73026104134078e-12 1.19005139076478e-11 1.42094669364212e-11 4.11057854421415e-12 4.11148892709434e-13 1.6645573808205e-13
3.6688157978304e-08 5.25695990405417e-08 5.63994956626068e-08 1.48251798615107e-08 1.68135398492808e-08 6.67045871649563e-08 1.2820367978339e-08 7.22070232495042e-09 1.32510747374859e-08 4.56811832805215e-09 3.22167766020343e-08 9.71440191288586e-08 1.76312133670642e-08 8.31352536811991e-09 9.46738631935062e-10 3.29909239926707e-09 2.55450052222272e-09 2.46198026410127e-09 1.79210761785953e-09 1.19729925973644e-09 9.39369138031054e-10 7.38362160301875e-10 6.71820588049599e-10 4.82813145019634e-10 3.80185616322137e-10 3.35291117092851e-10 4.08132094786851e-10 4.43089320789625e-10 2.37240749267897e-10 1.10379561046869e-10 5.34840727262065e-11 3.75756314952014e-11 2.57160071015505e-11 4.22492596463542e-11 5.54762902282846e-12 2.36994546209957e-10 3.13402048757183e-10 1.54606327740225e-11 1.78207781864614e-11 2.88041923646176e-11 2.70546918201831e-12 1.47037937381356e-13 9.5803365240954e-13 1.16893161816733e-12 4.16233714162217e-13
3.92670594040467e-08 5.88078725716201e-08 5.91285360118654e-08 6.2730936178923e-08 5.75273844449775e-08 1.31478175346977e-08 4.72074725643701e-08 2.04271134562894e-08 1.21723596646639e-08 1.79912540532179e-08 2.89313226708998e-09 1.3068538329275e-08 5.84256200086841e-09 2.16217982629274e-08 3.88574662446572e-09 4.27320820950428e-09 4.36555273042316e-09 3.32766065813672e-09 2.19241628185429e-09 1.6807450431422e-09 1.35534943268567e-09 1.08211708482742e-09 8.17972189981475e-10 6.24013696270964e-10 4.55275472877048e-10 4.67166161310928e-10 3.94503640865906e-10 4.40089953368528e-10 3.11025682986354e-10 1.68658453869597e-10 7.52205742138301e-11 2.83854828531105e-11 1.66564984027673e-11 1.38688727169267e-11 2.17499906973728e-11 7.22319339896416e-09 1.83389354813102e-09 1.48367984564857e-11 2.59016585957283e-11 3.05690361912525e-11 1.89653848181592e-12 2.09121608918394e-13 8.73645600307782e-13 1.53038692829455e-12 1.12809761532162e-12
9.83598597015245e-09 2.23237607399618e-08 5.40385890257511e-08 6.15943964166199e-08 6.34864212090136e-08 4.87674147953143e-08 4.6341196346944e-08 3.91562073209784e-08 3.37234265956887e-08 1.6068221919685e-08 3.53677945819086e-09 1.33635559063094e-08 1.40271356752208e-08 2.56220741290392e-09 3.00159880284312e-09 4.68077211435158e-09 6.40133340779059e-09 4.81076820602055e-09 4.37146142617806e-09 2.52796427124835e-09 1.61339865911714e-09 1.15426094238202e-09 9.95857785124343e-10 8.41204472745716e-10 6.36185448765758e-10 5.85451276347015e-10 3.47382456133971e-10 4.21136658879107e-10 3.59143093042746e-10 1.86727111550766e-10 8.5288076601131e-11 4.7906956179844e-11 3.13896242332135e-11 1.77008296908809e-11 9.55666656921039e-12 9.67427249420894e-12 1.24437904425179e-11 9.83184644809398e-12 1.62351132537708e-11 4.80711470629558e-11 1.50367607254509e-11 4.12232470381468e-12 8.51105852461842e-12 2.95130586636105e-12 1.04534159106606e-12
4.17523101647888e-09 6.56507628260528e-09 4.39876792546201e-08 4.87377467051076e-08 6.47764427652575e-08 5.95371831058067e-08 5.15599759776109e-08 3.74750883880282e-08 3.03356833653012e-08 1.46186126759318e-08 1.14412766372141e-08 1.81248713815307e-09 3.97320288891834e-09 2.3994626396906e-09 2.68712054829479e-09 4.29325722750562e-09 5.31882429211095e-09 5.14152215247421e-09 4.07268604396549e-09 2.58987007395461e-09 2.14723970826114e-09 1.54225917592399e-09 1.31505384359798e-09 7.58256635258192e-10 6.72408906332578e-10 5.61162238899016e-10 4.08011535668607e-10 3.39370187507626e-10 2.73338263134804e-10 1.68434666214523e-10 8.25584045571759e-11 6.24055696007986e-11 5.08008524136017e-11 3.14345216523293e-11 1.43876688341038e-11 3.34631766740756e-11 3.54634543953125e-11 8.55353565754058e-12 5.96545035591589e-12 9.009903934043e-13 2.75497402668634e-12 3.34989813666198e-12 2.30687691171738e-12 1.73588921015266e-12 2.02221572820349e-12
2.2400054588978e-09 1.71101520840544e-08 2.36074106929607e-08 3.86227497317648e-08 4.73273186196721e-08 5.29108099556197e-08 4.51721405947403e-08 3.62281685872823e-08 3.13548988550849e-08 2.29685196195817e-08 1.57235715558812e-08 8.84601946138375e-09 5.59193122917634e-09 3.23903207588572e-09 3.46599585698826e-09 4.56064359610764e-09 5.30039208079813e-09 4.90506050221384e-09 4.34252446224193e-09 3.46388953076371e-09 2.08292000314358e-09 1.55726210815388e-09 1.07146541639125e-09 8.7573160945098e-10 7.25465010287252e-10 5.55504708898979e-10 3.83235032597184e-10 3.17741222222168e-10 2.64260613391798e-10 1.70694947065897e-10 9.50291956236526e-11 6.27487395377102e-11 5.37879629725069e-11 3.64054009160952e-11 1.59737223448531e-11 9.18084019918553e-10 1.3506527019036e-08 2.23892937523118e-10 1.09759645816609e-11 3.01035862904087e-12 2.8007152153009e-12 4.34785540903704e-12 5.19109200070034e-12 2.1791568549645e-12 2.29453123168355e-12
1.32921572637557e-09 2.22519813686262e-09 2.83474899109848e-09 2.19638082943341e-08 3.27574381731033e-08 3.63432436367717e-08 8.89792796110456e-09 9.39900125507265e-09 3.08314527242004e-08 2.3824170225506e-08 1.91129565285664e-08 1.28009367772464e-08 7.75749278147941e-09 5.49316330200611e-09 5.20624695576899e-09 5.18735637777823e-09 5.31825423699672e-09 4.80317924322904e-09 3.68268902040114e-09 2.83863342831481e-09 1.82452292163404e-09 1.36175178910847e-09 1.13049565264589e-09 8.31719837446343e-10 6.39163422189171e-10 4.75376527031557e-10 4.01014732531735e-10 3.46222961411513e-10 2.85163015423251e-10 2.58636911887322e-10 1.22898280441319e-10 8.1911755156483e-11 5.0202186852033e-11 3.1417557444513e-11 2.19953610880452e-11 4.01241151415377e-11 2.44345081945596e-09 1.51566084127808e-09 1.23092835924155e-10 3.72925024194615e-12 3.97673893814954e-11 1.49941170590751e-12 1.17619247674838e-12 2.50426346326549e-12 2.44267939208953e-12
1.594787202297e-09 1.80724731846382e-09 2.28511866096071e-09 4.20110491949899e-09 2.06257842139124e-08 7.28985243281244e-09 7.76897035592583e-09 7.6241052471282e-09 2.96736391236507e-08 2.80676123343149e-08 1.87377244165177e-08 1.35044506466286e-08 2.46342650722653e-09 2.33683512540495e-09 5.83884274263369e-09 5.37187185845056e-09 5.09018877048462e-09 4.648760110193e-09 2.6609798031707e-09 2.37636009758901e-09 9.62019652828161e-10 1.40206648513441e-09 9.68922320154775e-10 7.10987935192975e-10 6.49267717367508e-10 3.87886900377055e-10 2.54038989844219e-10 1.66429059422768e-10 1.89958693219694e-10 1.60005708682576e-10 1.37783817688586e-10 8.5931528559513e-11 4.7771431255228e-11 4.47772929845769e-11 3.79206444023339e-11 1.72822089972158e-11 9.64160973282446e-12 4.03497235623718e-12 2.41722197813488e-12 1.53578261219423e-12 4.60669280499815e-12 2.09775530279899e-12 8.21914758475373e-12 9.72842917335015e-12 3.32336380637344e-12
4.17620101833549e-09 3.68963897212637e-09 2.31533573424869e-09 1.25131011108337e-08 1.63905101047135e-08 6.13221262657504e-09 6.54350834627948e-09 1.05540635009227e-08 4.483984467063e-08 5.50557800127471e-08 3.18371072949297e-08 4.95514650533657e-08 1.0294290242463e-08 8.54863432264708e-09 6.16558970545356e-09 5.56923227534867e-09 4.74025486640883e-09 5.06484847395683e-09 2.7406961700116e-09 1.60811907123914e-09 1.2898031864772e-09 9.99820903846427e-10 1.00036093853006e-09 8.34685109918354e-10 4.4153143363701e-10 3.33677807606847e-10 2.40593045486293e-10 1.98235616810649e-10 8.83263573392412e-11 1.08282516286806e-10 9.56900336746003e-11 7.67718111305271e-11 3.42810890785472e-11 3.6265268565927e-11 2.78015721555391e-11 2.36722530466693e-11 1.70086056350272e-11 5.29423171968801e-12 3.53111984097154e-12 2.79758438637145e-12 8.9434126770982e-12 1.18907883539521e-11 6.82457423906158e-12 1.34133149032323e-11 9.16205999956787e-12
1.66244986665731e-09 2.78221454763639e-09 3.37305618991479e-09 3.93202715942564e-09 5.47245201376612e-09 2.39146069169749e-08 3.53189699264789e-08 1.83822904242792e-07 2.14220432415146e-07 8.39404245112085e-08 1.589370723587e-07 8.3860205335462e-09 1.5854224233447e-08 3.03487058816998e-09 6.09240758953078e-09 4.5561772910041e-09 4.49484954812007e-09 3.68866442945759e-09 3.52378975998491e-09 2.37930151136823e-09 1.55997944562003e-09 1.12209713742928e-09 8.93649176880729e-10 7.30571103613187e-10 4.88252316355187e-10 3.63777641343432e-10 1.96506511063177e-10 1.51780832347015e-10 9.6411245653627e-11 7.04877156643136e-11 7.05970060188577e-11 4.74377870318676e-11 2.08904782361685e-11 2.33764785306789e-11 3.17229464918967e-11 2.66142219373933e-11 1.41352263227645e-11 6.08909589416839e-12 3.90790733106883e-12 3.77118336558624e-12 8.1423756626009e-12 1.39756317629747e-11 3.57585294707974e-11 7.88830112341543e-12 4.8214210401909e-12
2.7051382023302e-09 3.86490508486048e-09 4.86267478505553e-09 5.7296435707066e-09 2.33249551229164e-08 2.64428095531066e-08 3.57096812009239e-08 2.02853508768364e-08 1.98625626501858e-08 1.99916662224631e-08 1.97150684622116e-07 5.28065017268986e-08 9.90733447503445e-09 8.51515095101618e-09 6.82292109477345e-09 6.11633910185816e-09 4.68724430380263e-09 3.4435995499571e-09 2.73601142852797e-09 2.21810292355684e-09 1.91837173924014e-09 1.56779758064829e-09 8.01201649469618e-10 4.66743554916604e-10 3.57769558423371e-10 3.0198504807899e-10 2.20496998437625e-10 1.19181475799479e-10 5.38012634443419e-11 3.65020014214679e-11 5.32510591177982e-11 5.32312749434993e-11 2.7627267140673e-11 2.11066719657538e-11 1.78870473988013e-11 1.97533878143474e-11 1.62987179308516e-11 1.28667521082093e-11 6.82311984689932e-12 5.00769425926251e-12 1.0652345672213e-11 2.23451479541836e-11 8.03865085607924e-11 5.53646017920073e-12 5.72083491690023e-12
1.65785600692026e-08 2.4016232869073e-08 6.335634494814e-09 4.42345310380787e-09 1.90890467433036e-08 2.25467700842863e-08 2.41345575635599e-08 2.59954475723134e-08 1.83420529986655e-08 1.39539819365986e-08 1.08749986449386e-07 3.64810092801093e-08 1.11842650807326e-08 1.02175895522194e-08 7.24256655759703e-09 5.91096851465522e-09 4.49098453980668e-09 4.0130930467619e-09 2.86507041424855e-09 1.98653644645219e-09 1.37267719413359e-09 1.14358140734794e-09 7.5140456079481e-10 4.87519302705408e-10 3.15878567747063e-10 2.62611798973467e-10 1.7736043744776e-10 1.13724341055388e-10 7.14909575982858e-11 4.92055951539783e-11 4.2461556493123e-11 3.47730289007586e-11 2.56150434196911e-11 1.60146229610802e-11 1.35342737017652e-11 1.73831615768449e-11 1.99845806569954e-11 1.35061184458607e-11 8.3240858650413e-12 6.33160190943727e-12 7.83262343873048e-12 2.38867148283362e-11 7.26931514982709e-11 6.46868114628774e-12 6.93208823676628e-12
2.16946103304139e-08 3.13430029152961e-08 2.97281258054838e-08 2.10471038486482e-08 1.68167243908002e-08 1.51756544553017e-08 1.94011258836113e-08 1.91035349206281e-08 1.65903799365097e-08 1.24473159446303e-08 1.19847812340979e-08 9.6910142244333e-09 1.02652393141334e-08 8.03445997510366e-09 6.03003336152597e-09 5.07031211460784e-09 4.30150339791879e-09 2.74214749795831e-09 1.97302915116992e-09 1.50855380409709e-09 1.0367350422591e-09 6.35602048770778e-10 3.39480599187425e-10 3.40915773389128e-10 1.50537526888428e-10 9.60379109571363e-11 7.2198935718859e-11 6.41061537187682e-11 5.007941838997e-11 3.06174419151262e-11 3.63968299943451e-11 2.28995489237604e-11 1.45068401735671e-11 1.13497766740522e-11 8.57599546932875e-12 1.00675690006824e-11 1.19766196959858e-11 1.08639541807065e-11 7.15810744011947e-12 7.83069165066763e-12 5.96398486152339e-12 6.17805806513161e-12 9.78972458653971e-12 1.99822380864134e-12 1.68445257742178e-12
3.17399992399992e-08 3.65750214115224e-08 3.1310137216245e-08 2.57755923716019e-08 1.81597064385919e-08 1.1615493256123e-08 1.0477524481356e-08 1.44580336480793e-08 1.2134958216059e-08 9.00872497711092e-09 8.38350425746981e-09 1.04099811326641e-08 7.84765343819771e-09 5.45231723103612e-09 4.87139133475978e-09 4.5422910655013e-09 3.45721573591362e-09 2.3975610052851e-09 1.33208460928458e-09 9.94046489566358e-10 5.57091939246135e-10 3.40421790756551e-10 2.35860109221164e-10 2.25216656435379e-10 1.66548008717626e-10 8.4908324815558e-11 5.45797740336695e-11 4.52246795568101e-11 4.30885216395893e-11 2.07612149694114e-11 1.62999835850997e-11 1.22688303960672e-11 9.56212886649155e-12 5.3004933775469e-12 4.94281282570341e-12 6.3199445676787e-12 7.6823880590382e-12 8.19526668749404e-12 5.65206770275495e-12 6.04415406613157e-12 5.60320678744119e-12 5.21155341104418e-12 3.48086004464676e-12 8.19933010376417e-13 7.63482610466326e-12
