Scripts_&_data/Maxent_result_files_2/B_mlokosievitzi_3.asc
NCOLS 594 
NROWS 330 
XLLCORNER -15 
YLLCORNER 23 
CELLSIZE 0.166666666666667 
NODATA_value -9999 
[rows 120 to 139 of 330, columns 450 to 494 of 594]
1.25180652688073e-05 2.37778688898516e-05 1.89954885485122e-05 7.96771815956276e-06 4.61363677164428e-06 4.69106215597037e-06 4.76726559650587e-06 5.50644547097079e-06 3.83252813449531e-06 9.54250577542837e-06 4.38238606461638e-06 7.77450655675693e-06 1.10171406731752e-05 1.10435808494458e-05 2.19673094903783e-05 1.12143073323523e-05 1.62440091145299e-05 1.11811498939574e-05 3.27895857168414e-06 9.62271001370141e-06 1.81508910685579e-05 2.04640751576335e-05 1.69614780816119e-05 2.77475003315431e-05 1.7955384743118e-05 1.594587976399e-05 2.77801223553809e-06 1.67844858081079e-06 6.7301879194126e-07 3.40619320060576e-07 6.79137059051982e-06 1.34727198656037e-05 1.41044032915261e-06 3.49530454514024e-05 2.41669875208572e-05 1.1547992463079e-05 8.39564026136941e-05 3.05067003637305e-05 1.43475130087722e-05 8.07905960300559e-06 2.34457399415078e-06 1.09929485034854e-06 4.04542426650778e-06 7.7897823132389e-06 6.02603138304403e-06
0.000694541654593195 6.08599785110187e-06 2.03272412136357e-05 5.6513560878102e-05 1.76525399254501e-05 1.63164548311556e-05 1.47757867878795e-05 1.71606645608335e-05 1.11048413643289e-05 7.61983437342906e-06 1.35120797608579e-05 9.36094933763343e-06 1.03649789437554e-05 1.12144667369307e-05 1.2668310083086e-05 4.27118886836553e-06 1.2758134488422e-05 1.97314941260629e-05 1.72449096083938e-05 8.90473880019727e-06 1.46475463921547e-05 1.81785742483953e-05 1.9160746390412e-05 1.71322850363254e-05 1.94086615664446e-05 2.07174860435089e-05 9.11590002630191e-06 1.07983917700949e-05 1.51693440804124e-06 1.43611129970189e-06 1.74288808523215e-05 5.80869171358245e-06 7.62476923483746e-06 1.26786314780247e-05 1.0393432279443e-05 3.08422065007363e-06 1.64124157208789e-05 0.00011344733502483 3.4250070575581e-05 0.000115682828345598 3.34169187567568e-05 7.63668785168647e-06 4.5878862738391e-05 0.000103553603958062 5.05049954711012e-06
8.15827554788484e-05 6.87680382611688e-05 2.43166337440925e-05 2.2199886944918e-05 2.0968594930082e-05 2.73642780484806e-05 1.53784017683734e-05 1.61734219418008e-05 1.44785499088584e-05 1.46274026818105e-05 9.97188180065223e-06 6.31126785464176e-06 1.15297379906565e-05 1.05045589279484e-05 1.01768752976739e-05 8.20430804964189e-06 1.0252007594147e-05 1.28245829003504e-05 1.02747165122707e-05 2.96165702479811e-05 3.5408409644333e-05 3.77903717435402e-05 1.30173767558972e-05 2.36021769637773e-05 1.83777470653013e-05 2.11397894645415e-05 1.67924021411636e-05 5.28144201297209e-06 7.7636313655205e-06 1.11989822755731e-05 6.71399559308838e-06 7.89187244549794e-06 4.28279865474224e-06 1.19312741503563e-05 1.11490178710483e-05 7.61368749877533e-06 8.20894153577001e-06 8.17321044451091e-05 3.51631128800989e-06 0.000122330015256011 2.44128803956301e-05 3.1544869523259e-05 8.03410987373354e-05 2.02332007489758e-05 3.89398238240801e-06
0.000249190909926256 0.000501291483669775 0.000100482786001521 0.000268564441375929 4.7764232397185e-05 2.18851244312646e-05 1.52974978433917e-05 1.41742097568454e-05 8.86455918376328e-06 1.47961502463545e-05 1.37098468258046e-05 1.23948782352556e-05 1.10658253319684e-05 8.95240632097227e-06 8.99112224459486e-06 8.47333738747125e-06 1.88436594328323e-05 8.4960353625263e-06 9.03857025420507e-06 8.56375043909452e-06 1.88338966182755e-05 2.51230868911989e-05 2.76885729817877e-05 1.86836998977924e-05 1.00956213429981e-05 1.34703591740504e-05 1.16578871953266e-05 1.08689736904921e-05 3.63443732453561e-05 1.71699744925036e-05 1.45729325623734e-05 0.000103093737288873 2.9299528557658e-05 1.400626753707e-05 5.42215666882839e-05 2.74576556989814e-05 1.19760934268243e-05 3.27440341834517e-05 1.33336673769691e-05 5.25884343574035e-06 2.92090339852891e-06 1.65438168675536e-06 2.47559473280035e-05 1.53252846928353e-05 2.13636821854379e-05
7.08689396788031e-05 2.72305404337203e-05 8.92497179847851e-05 4.09552840665128e-05 6.27785604230269e-06 2.20000164262046e-05 4.50325208660729e-06 5.45677373189335e-06 4.89127370695286e-06 2.67810739728702e-05 5.84871370712392e-06 9.16636833849793e-06 1.92687500506494e-06 4.23808166829076e-05 8.95780359044807e-06 9.27839441828837e-06 8.17463230333715e-06 3.21401901883789e-06 7.08070069350697e-06 8.80933689586527e-06 1.82865116698849e-05 1.86187488026235e-05 1.05834220619272e-05 1.46308244467264e-05 1.07217432869788e-05 1.13365105150365e-05 4.47548228752481e-06 5.93741811378834e-06 3.56248502217937e-06 3.74012050272654e-06 7.52643529651209e-06 1.32197214725238e-05 8.56108394771127e-06 5.62241434352018e-06 1.18942302677283e-05 4.96169777761679e-05 3.14525238245267e-06 2.81500317214523e-05 2.16121802862901e-06 1.2066805163613e-05 9.04381982309133e-05 2.69043920638978e-05 7.84523801371506e-06 8.02277152374131e-06 2.3218130484004e-06
8.2513561721953e-05 0.00056098635395756 0.00027964003352281 0.000400762396020582 3.29566995674213e-05 3.22142813246273e-05 7.48740715295071e-06 1.05762285549815e-05 3.2895852130288e-06 0.000140434586933225 7.21382638232626e-05 9.47970862341663e-06 1.23517624913916e-05 0.000149740974529777 8.7479616340147e-06 8.27751378409403e-06 7.03779745165889e-06 1.00604312493147e-05 9.58045459782397e-06 7.29500240979064e-06 1.53565854418503e-05 1.69555342040439e-05 2.12688371362901e-05 1.59304482082234e-05 1.1229271106572e-05 9.05195604588016e-06 8.75873892098866e-06 7.22712904419609e-06 8.64640400735084e-06 8.00254879749218e-06 4.51593191201027e-05 2.48253792619835e-05 6.74902154855772e-06 7.51482048571006e-06 2.17734722582463e-05 5.01908158412334e-06 2.34622511214866e-06 1.33811762680125e-05 9.02750172855349e-06 6.61423656396209e-06 7.39953882558098e-06 1.0203062237224e-05 7.29428431753831e-06 7.68878909895854e-07 2.83785326100627e-06
2.91525753908672e-05 1.93967061477451e-05 0.000364504496246809 7.75061373801123e-06 3.92564367871273e-05 3.32818010662095e-05 1.02146639939349e-05 0.000868200785043882 8.41070646686148e-05 1.67297972510028e-05 2.03463147073535e-05 6.82024055095099e-05 5.92519504380107e-05 9.02388499923745e-06 4.83505842439058e-06 7.41800916799207e-06 6.8617352336986e-06 1.05618718180267e-05 1.34132866776326e-05 1.07999496734124e-05 9.97328285805565e-06 3.3910831588102e-06 6.88778581441341e-06 9.60839659498447e-06 9.38059621873322e-06 1.28949314628812e-05 7.52731680009333e-06 6.07574920756804e-06 5.35628884534844e-06 2.59984913393296e-06 2.96483677919568e-06 6.14132142189305e-06 5.07003339649259e-06 2.69925615530298e-06 5.46735376332208e-06 9.83379135561791e-06 8.45867883043638e-06 1.07906186258333e-05 1.93005911228283e-05 4.11300020232375e-05 6.65286005769872e-06 6.17131842659546e-06 1.8628019035738e-06 6.27647462145831e-06 6.81222571117246e-06
0.000976084193098359 0.000221729954137118 9.97671747654749e-05 7.91107120008405e-06 2.94378916805726e-05 5.56297526998151e-05 4.37673213127709e-05 0.000673013849882409 2.56390705004605e-05 3.11858059831138e-05 2.11738410484941e-05 0.000332503033496323 2.53518821921261e-05 1.0955963654169e-05 1.23029172385714e-05 9.82872522286016e-06 9.43754223357018e-06 1.17143658314944e-05 1.37794407351066e-05 1.75739587376711e-05 1.29018533726821e-05 1.40343265471188e-05 1.49468663366292e-05 1.18393912927672e-05 1.04681464478062e-05 9.24804707409521e-06 7.79400471841996e-06 8.6098312010563e-06 5.89316733439205e-06 1.77436310053736e-06 4.74044678391294e-06 2.97857726536677e-06 2.42787244557618e-06 4.54028144751817e-06 1.26239871349298e-05 3.59245035724598e-05 1.0396203322216e-05 3.01137468966317e-05 1.45165534036096e-05 6.94197849995248e-06 4.69621517247276e-06 4.69032123149304e-06 4.45683746761461e-06 6.8444684970359e-06 1.00123479995773e-05
3.68686269439422e-05 6.42543374340221e-05 0.00010433760264732 3.33423720007886e-05 3.9093971810189e-05 3.28908326082455e-05 1.11938502840303e-05 2.69764466565903e-05 4.19701294958941e-05 1.97196538195499e-05 1.03407156899493e-05 2.46935163545459e-05 3.54221767338458e-05 7.71678900051143e-06 6.62513803177944e-06 3.92769835343643e-05 1.93564360415621e-05 2.03429461009819e-05 5.77948481890189e-06 0.000115964883843844 1.11689474692867e-05 2.74559201670854e-05 3.35372550125612e-05 3.36531115749494e-05 5.28525387153422e-05 2.20945220945623e-05 1.98370936459469e-05 1.57100315448133e-05 2.16990591184185e-05 1.57484721796664e-05 1.29177352562238e-05 6.63176843893609e-06 8.30355171927977e-06 7.58003374414784e-06 7.3271584923873e-06 1.41603072734142e-05 2.01613866693151e-05 4.06117128299854e-06 7.51877599327599e-06 2.20398690000678e-06 7.39751313645343e-06 8.03361747898634e-06 1.07081949067833e-05 9.83821200861712e-06 1.7295832066111e-05
0.00012991563576179 0.000108077617051094 1.19524695264772e-05 8.84058857870684e-06 8.93911398698322e-06 4.69507366574362e-05 3.11572315609965e-05 4.57170270010465e-05 3.40206158853107e-05 5.11069848471379e-05 9.14634491891775e-05 1.58713210987038e-06 2.45342824484851e-05 7.36180352021165e-06 7.15341527097735e-06 8.80512721010973e-06 1.57600775196443e-05 1.85730333726042e-05 1.80219185665464e-05 1.73911656588643e-05 0.00016856507245393 0.0001863585238425 3.39449880129905e-05 3.70143481177365e-05 8.45242378545663e-05 0.000106423176839598 1.13424282275787e-05 7.36672308505604e-06 1.70640196017757e-05 1.09549900912498e-05 6.74986917772458e-06 9.53261067593303e-06 8.25266218242859e-06 7.4310235959274e-06 7.1390222132095e-06 1.14030635302242e-05 2.69227791207527e-06 7.83714093870458e-06 3.4415790043596e-06 1.04343470979984e-05 1.15198407485195e-05 1.52021545545722e-05 9.21382435592477e-06 1.74422709790179e-05 1.40400174359456e-05
3.90147374076832e-05 7.7542059955249e-05 0.0001768786624325 0.000159815731421986 0.000350928151601693 9.01249671187543e-05 2.9291617289573e-05 2.35371400123086e-05 9.18782759526948e-05 0.000462241279092268 0.000108350353639253 0.000198531188107154 2.25850535230165e-05 1.71404718685153e-05 1.59516769571155e-05 1.2824559001956e-05 1.26190584808228e-05 9.34496603477442e-06 2.04199742711353e-05 2.35129896907438e-05 2.76766081924507e-05 1.21829275684604e-05 0.000187859232619303 3.10569569023755e-05 1.64393328759616e-05 2.41996276940881e-05 1.7131937687509e-05 4.06312386758145e-05 1.13487211464758e-05 3.46914571860424e-06 2.39450113443951e-06 9.45966840593115e-07 9.60415329909203e-07 1.36668424532971e-06 7.16880700792899e-06 1.5570707045498e-06 3.41410804821862e-05 5.09345952366402e-06 9.60725184029343e-06 4.26819626646591e-06 4.28448187044239e-06 3.66201638115626e-06 4.38492450136607e-06 1.60188210145407e-05 1.50013588012143e-05
5.81301404508849e-05 2.89652148524056e-05 9.00448224911088e-05 0.000386561930463358 0.00256416825577617 0.000103947290517681 3.76211780121594e-05 0.000118706096236565 6.97720442488503e-06 0.000407734688633354 1.1597326079027e-05 0.000167211517145915 1.42713511195325e-05 2.29140503392955e-05 2.40127232700615e-05 1.62893778906437e-05 1.81501545739593e-05 3.44410933166728e-05 2.27719288773187e-05 2.36495755871147e-05 1.52650242341679e-05 9.17001350870805e-06 2.66906455067328e-05 2.42232537743803e-05 1.88437137580877e-05 1.47010806500703e-05 1.06800906706894e-05 6.67010814225932e-06 3.11618639390332e-06 1.69645681236119e-06 4.12784918069065e-06 5.75289940272228e-06 5.12501444802638e-06 3.75405541426232e-06 6.46372718620114e-05 7.71360129050436e-06 8.81016349865149e-06 9.0999529192004e-06 5.03462016894218e-06 1.27027894166076e-05 1.10014677062509e-05 1.12466353499485e-05 1.41097705920856e-05 1.34335316147371e-05 1.17836797500104e-05
0.000267439180697693 2.55489291717481e-05 3.82396597757406e-05 1.51268315292441e-05 0.000633744398510316 0.000665990329434862 9.84418113148422e-05 7.30942571408377e-05 2.59140183288764e-05 0.000113196556912953 0.000116247615119391 2.40114565258409e-05 0.000303169502876699 2.56980996709899e-05 2.478352265598e-05 1.8827504749197e-05 8.44306204726308e-05 2.6436720258971e-05 1.90956425399236e-05 2.47199775571971e-05 2.81393470004332e-05 2.51810695999666e-05 2.57080744518134e-05 2.56984958923567e-05 2.13728995561269e-05 1.48683934924065e-05 9.54455019268607e-06 1.28503441629846e-05 8.5907319044054e-05 4.64636921606143e-05 6.77728478194695e-05 1.0816255314694e-05 6.93139837295575e-06 5.27348878023304e-06 7.78276218653673e-06 3.91269762829438e-06 5.26118447652379e-06 6.2029619428472e-06 3.79226434858992e-06 8.10455639310703e-06 8.0016368968927e-06 9.9389445892939e-06 4.81600520629399e-05 8.61927170717536e-05 6.45995718400627e-05
0.000422973354216083 2.67841131744717e-05 4.39619003884673e-05 7.06616596744425e-05 0.000163883483037353 0.000566532402808662 0.000444794141003513 0.000469695192441577 0.000259513831588265 0.000348860863141454 0.000273443641344784 0.000222094393939187 0.000165676639517187 7.02749452727858e-06 0.00024157932784874 2.23874782761868e-05 5.61148264296207e-05 1.69068016191432e-05 1.39402169025971e-05 0.000114977949442618 0.000319905780361296 0.000303625319975254 1.98740744366432e-05 0.000127020159061431 1.84385191801084e-05 3.92413557619875e-05 9.46412051234802e-06 1.84850306595763e-05 2.87572202299913e-06 2.47195983661186e-05 7.53045825604204e-05 6.98096212659038e-06 5.14816536707485e-06 3.9817218276994e-05 2.76328204265042e-06 2.95535701102523e-06 7.73007414863969e-05 5.77117309745745e-06 5.26856153584276e-06 7.99356642460225e-06 3.56780762558628e-05 1.01314628011551e-05 4.70745610527956e-05 2.90240196363811e-05 2.35323098650042e-05
5.29011298908699e-05 0.000427471810871793 0.0016138781204063 0.000961032779741799 0.000534819735912606 0.000249731457188318 0.000273561490757857 0.000609565795366507 0.000140338549499575 0.000180189332922964 0.000120998237252934 0.000192526922865 2.55305692348884e-05 0.000263176465705328 0.000197479058260797 8.43330215275273e-05 1.45767523633822e-05 2.1193948657583e-05 9.55924968820909e-05 0.000276536696583207 1.54418633655951e-05 1.48624383768947e-05 1.45796067414494e-05 2.32256019614852e-05 1.60562121493513e-05 1.72786922178148e-05 1.0067773132505e-05 1.66981894153651e-05 2.50386080278275e-06 1.45970775093929e-05 2.7005527192614e-05 3.62131850870639e-06 5.01564731649751e-06 2.16419506262611e-06 4.12733770005502e-06 7.99600326644168e-06 3.06615510226038e-05 6.16314160453157e-06 2.95699084347234e-05 2.46350173370047e-05 7.75528033685191e-06 5.99674911256898e-06 6.95384659820775e-05 0.000447168773462181 7.16435823051142e-05
5.17204777679581e-05 0.00161531148914946 0.00121122418495361 0.000639958868487156 8.97862241345138e-05 0.000615992088933126 0.000310045824244298 0.000702211543830344 0.000453820421898854 0.000105287245924046 0.000826906632573809 0.000196479306055153 1.6569249459053e-05 1.63246722593158e-05 1.33837149093097e-05 5.10147924160265e-05 9.83846038025149e-05 1.70470288708202e-05 1.29312953816907e-05 1.39342821114496e-05 2.45975165285017e-05 0.000275254252119339 9.48853515865267e-06 7.26418170948762e-06 6.98279784216993e-06 0.000128987209336628 3.98568850954462e-06 5.32928514811459e-06 8.514327521425e-06 5.79272289158439e-06 3.24932213743523e-05 1.00529229683843e-05 1.39768724579881e-05 4.59401466912368e-06 8.95370227169678e-06 7.40442097679761e-06 1.60179923170745e-05 7.70809586811083e-05 0.000217777311081591 0.000138871024500986 0.000310231098046643 0.000124422081967168 4.66841262209527e-05 7.16896627409369e-05 2.8141625881517e-05
0.000685151495417813 0.000127352840263484 0.000371741804337944 6.1015286928523e-05 0.000100923705031164 3.03444919609319e-05 0.000278493139194325 0.000157780197059765 9.42072992682341e-07 5.92246801261354e-05 9.4426089526678e-05 0.000197586585272802 0.000187333298481462 0.000116560702031165 0.000398785689503711 1.33609023890813e-05 0.000124439536512 1.50321087176053e-05 2.3960610155882e-05 1.5390720227515e-05 9.37286388762004e-05 0.000439072848712385 0.000117915877331143 8.23560988465033e-05 4.33079818776605e-05 1.27703025441406e-05 1.64862494500539e-05 9.7549194521207e-06 8.49018221913411e-06 3.81985837236698e-06 7.9723478984306e-05 5.36891328692946e-06 6.91426421468577e-06 6.61728854822741e-06 8.06622728646289e-06 7.68929096125248e-05 8.97729363487088e-05 7.9884419562859e-05 7.24471598232412e-05 7.1995250107193e-05 9.85131867537348e-05 7.31787098288805e-05 0.000129009731153928 9.74809443277991e-05 7.9404731309296e-05
0.00106326320528751 0.00057703215861693 0.00130087819998153 2.55248244855011e-05 5.15619829002389e-05 3.9724884811676e-05 3.5999270096454e-05 0.00010604110557324 7.66516351333735e-06 1.05740433326673e-05 0.000288973126498604 0.000101490954943984 0.000346616986644221 0.00014004863073751 0.000204423907507589 0.000141777191652182 1.01115676443442e-05 0.00026313738526369 0.000177393223566469 0.000190888542692846 1.66512580562994e-05 0.000154151652895962 0.000326928724825848 1.50538824357227e-05 4.99492167520543e-06 8.71774288498273e-05 1.18629607555931e-05 1.62449226252193e-05 8.5378161600147e-06 3.67676374651182e-05 7.41094873006887e-06 6.27219104814003e-06 5.92313202929518e-06 7.61286468105027e-06 2.734843016583e-05 0.000105879471004755 7.03359811041082e-05 0.000182152261777446 6.98939982839875e-05 3.79390033629079e-05 4.92444292717664e-05 1.63223109325372e-05 2.22029270645407e-05 2.57201948784314e-05 8.17150309103454e-05
1.75569559473843e-05 0.00183411746111233 0.000212063470098656 0.000115306075622357 4.7759776816747e-05 2.7813830240575e-05 4.89569088585995e-05 0.000154026345899183 0.000110112110314731 0.000219878404095653 1.14526945964144e-05 0.000130346159812689 1.70783121461682e-05 0.00030728423362234 0.000564334951923229 0.000139792122718063 0.000142865065481601 9.07931456822553e-05 1.28965463972008e-05 0.000327061890493496 0.00012829836466608 0.000207112864336523 0.000109240275378397 1.75223686198933e-05 0.000163879012143298 3.8131240421535e-05 7.94645128507909e-06 5.71731510738971e-06 8.21112583082595e-06 2.3975816498023e-05 8.24554441152259e-06 7.40946956625521e-06 7.6469806359114e-06 9.04809003543505e-06 8.13304891522648e-06 2.25192086702464e-05 0.000196968240015849 5.82035323077434e-05 7.95804861581928e-05 0.000120031990763891 1.02831292764449e-05 8.02363584512023e-05 0.000144004404160114 4.38477022328243e-05 1.73825946347961e-05
0.000156422471991391 7.91013707384991e-05 5.89100425486322e-05 3.79534674834758e-05 1.0377050151078e-05 1.97284441469492e-05 0.000182363269595953 5.52675978497064e-05 2.39693507523953e-05 9.73535586126673e-05 1.72079094113542e-05 0.000232870431318588 3.13939601483071e-05 1.47539775440464e-05 0.000130484710462042 1.12120915730429e-05 0.000420744729217404 0.000702788585658709 0.000467085702348413 0.000136989947122856 0.000134945701483957 0.000284580618063046 0.000235668298955716 1.30774397007372e-05 1.91406760791324e-05 1.10799079664048e-05 8.42309265749463e-06 3.90913745832222e-05 2.61001817953854e-06 6.06862256233853e-06 6.57832602257713e-06 6.29925823147914e-06 7.14234132459524e-06 7.86750970860339e-06 1.56783183683729e-05 0.000181796780361765 0.000213228731035997 1.06309416764816e-05 1.67565186188767e-05 0.000435181302236742 4.84302239954104e-05 5.74822456201218e-05 0.000291644560820714 1.5468256344775e-05 3.70268251117523e-05
