Scripts_&_data/Maxent_result_files_2/B_mlokosievitzi_3.asc
NCOLS 594 
NROWS 330 
XLLCORNER -15 
YLLCORNER 23 
CELLSIZE 0.166666666666667 
NODATA_value -9999 
[rows 200 to 219 of 330, columns 540 to 584 of 594]
0.000546313813902088 0.000596610066349967 0.000628797096214839 0.000629680675046984 0.000622325911899679 0.000650753687295946 0.000672621764533687 0.000658722538355505 0.000690665110960253 0.00079209902396542 0.0041406998410821 0.00313249684986658 0.00151982432289515 0.00219767711532768 0.00394668207736686 0.0109074936481193 0.00807451501023024 0.00684724923921749 0.00877302892040461 0.0685172924771905 0.519759303331375 0.264260113239288 0.126490335166454 0.104029259085655 0.470915454626083 0.650174474716187 0.241839319467545 0.0959206871688366 0.260885437577963 0.19423310905695 0.0465041536837816 0.0111077390727587 0.0586964061483741 0.0164730305783451 0.210581129044294 0.249424082040787 0.426128178834915 0.143474816530943 0.0879069305956364 0.0338854526169598 0.00844527391018346 0.00122507086816768 0.000713085898132704 0.000146129764152647 7.64292919711806e-05
0.000763481495232554 0.000713685432128841 0.000726592901992262 0.000744105638659676 0.000765008201778983 0.000849986846878892 0.000990458547312301 0.000972817384899827 0.000910196974291466 0.000918470596661791 0.00114858582965098 0.00186625421774806 0.00279906540527008 0.00625642880913801 0.00924606318585575 0.0161714191082865 0.0209703488275409 0.00631787151796743 0.00252729808271397 0.0125447870232165 0.088642268255353 0.147121458500624 0.663982975482941 0.864469093084335 0.797339075803757 0.31766501814127 0.27638164460659 0.305857110023499 0.124576324224472 0.053251051902771 0.119238923117518 0.48391478061676 0.462546822428703 0.401677238941193 0.18053635507822 0.349034580588341 0.532999977469444 0.109062581136823 0.0766908993944526 0.133764988183975 0.0460909281857312 0.00317165510787163 0.000738623135566741 0.000159365897434327 2.77376032812526e-05
0.0024469666153891 0.00222585124720354 0.00148514401225839 0.00128931516301236 0.00122567815196817 0.00102257355538313 0.00107250438668416 0.00129360803039162 0.00124871719017392 0.0010456263407832 0.00119489162389073 0.00106950402405346 0.00112360329949297 0.00179409710981417 0.00354575692035723 0.00988886533305049 0.0180540191940963 0.0127032414777204 0.0128582112956792 0.0290592217817903 0.166732066124678 0.385492971539497 0.0823132628574967 0.00934361808467656 0.0480423184111714 0.0454782116226852 0.0433991386555135 0.0334773503709584 0.0462257805513218 0.00578419824596494 0.0196776957716793 0.0219648313010111 0.0228295285953209 0.0140704031102359 0.014240883779712 0.0166622197953984 0.0444109530188143 0.205292684584856 0.153035558015108 0.101546009257436 0.0666880590841174 0.0145355250686407 0.0137346740812063 0.0117017409997061 0.000757891753164586
0.00962466502096504 0.00694581207935698 0.0045178824395407 0.00423999245977029 0.00409794063307345 0.00238562427111901 0.00172747347241966 0.000937372904081712 0.000998781643647817 0.00152873883052962 0.00197703015146544 0.00241849218145944 0.0031306674296502 0.00293763452791609 0.00160115306644002 0.00245244169491343 0.00790402932325378 0.0257128161843866 0.028416405338794 0.0445817626081407 0.179016559571028 0.0325257132295519 0.008522376883775 0.0124968258896843 0.03989327410236 0.00792842906084843 0.00345571230063797 0.00223611975488893 0.0118314173363615 0.0150126827415079 0.0127670880756341 0.00615283836377785 0.00685602900339291 0.00527411221410148 0.00477111196960323 0.00751087666722015 0.00202851689100498 0.00644385116756894 0.0155965975951403 0.0357345784083009 0.0667155761271715 0.0315638383850455 0.0204587090294808 0.0219569763634354 0.00966526533011347
0.0115393065381795 0.0159014351898804 0.0145771937677637 0.00628565711667761 0.00634173043072224 0.00432105312938802 0.0028341894474579 0.000973959350812947 0.00122629009129014 0.00238456449005753 0.0029545782803325 0.00282360413693823 0.00511898346012458 0.00957685562316328 0.0439190136268735 0.0272472653072327 0.0107620654627681 0.0293581222649664 0.0505784851498902 0.0133532984007616 0.00464693253961741 0.00926137747010216 0.00395250784204109 0.00208704476208368 0.00246415403162246 0.00298918909102213 0.00109778892547183 0.00240007232641801 0.00237507377460133 0.00164004802791169 0.0087834435631521 0.000918993668165058 0.00057555448875064 0.00392142641358078 0.0037007064500358 0.00519637531251647 0.00415992357884534 0.00154284211312188 0.0035537271265639 0.00435976446315181 0.0103517318377271 0.0119774467777461 0.00094782935193507 0.000721568553854013 0.000571565033169463
0.00538719714386389 0.00711862884927541 0.00724475090391934 0.00670699889305979 0.00327235192235094 0.00401372417109087 0.00202932303072885 0.000980077749409247 0.000939980392286088 0.00226358241052367 0.00223053281661123 0.00178208931174595 0.00260032203514129 0.00688898878870532 0.0189682309282944 0.0362176508642733 0.0184354892931879 0.0277321641333401 0.00231950109555328 0.0241697665769607 0.010901840403676 0.00779745508043561 0.00173774382201373 0.00209404195629759 0.00221574911229254 0.00268201507205958 0.00295133413164876 0.00808978893328458 0.0013750465164776 0.0011928028841794 0.00120459608297097 0.0014254279078159 0.00204749862168683 0.00215014801651705 0.00583925418322906 0.00484883054741658 0.0046369033807423 0.00553661485901102 0.00411117623152677 0.00418732999823987 0.0062684062984772 0.00817312917206436 0.00394899723178241 0.00141212524322327 0.000675234465597896
0.00589782948954962 0.00434982139267959 0.00235892954224255 0.00151075267203851 0.00110997388983378 0.00084124881614116 0.000801400484488113 0.000778452630765969 0.000800743572472129 0.00145799468446057 0.000962663095924654 0.0070203195034992 0.00853977026417851 0.0147824769141152 0.0211732590105385 0.0267695361748338 0.0255701386835426 0.0263518192339689 0.0299495527520776 0.0316821468062699 0.0253888795501553 0.00345503478893079 0.0085334304952994 0.0363828962668776 0.0136111611267552 0.00269614317585365 0.00545784871792421 0.00935789368813857 0.00802871331688948 0.00272866457526106 0.00246316863631364 0.00232884743163595 0.001640782611139 0.00197209124125948 0.00617602474521846 0.0153428028104827 0.00598278850666247 0.0187664133962244 0.00644454808789305 0.00141683821711922 0.00488067619153298 0.00531700934225228 0.00348502477572765 0.00239307887095492 0.0012794316309737
0.0050991615629755 0.002111061719188 0.00138843838940375 0.00086307002857211 0.000708338995900704 0.0023025840317132 0.000896246171032544 0.000965712626930326 0.00119420595510746 0.00475728595629334 0.00531291461666115 0.000751287411549129 0.00782819828018546 0.0199168897233903 0.0488897972740233 0.151320854574442 0.488584025204182 0.405540871620178 0.400790409743786 0.559066623449326 0.0441502517322078 0.0420939240604639 0.010185835743323 0.0366948033683002 0.012767414789414 0.00620311663515167 0.0100766424555331 0.029223913513124 0.0260367021895945 0.038384454511106 0.0207218324299902 0.0995203970000148 0.158821306377649 0.0372865632176399 0.0626593107357621 0.0488231709226966 0.0348331714048982 0.0171635653357953 0.0137214216869324 0.0145540073746815 0.00383567216922529 0.00390508298005443 0.001635718945181 0.000537892498505244 0.000586871808991418
0.0507302030920982 0.172036255151033 0.0543286982923746 0.00612576283165254 0.0109749963739887 0.00941580904182047 0.00514104928588495 0.00713100419379771 0.00679227876826189 0.0032920076046139 0.00164661023700319 0.000150287980227404 0.254345567524433 0.363323765993118 0.3714076846838 0.283740322291851 0.619663494825363 0.0565605046227574 0.500122007727623 0.965062874555588 0.0737433604896069 0.0303464878816158 0.0385616042651236 0.0490821623243392 0.0281424360815436 0.0322087586391717 0.288792069256306 0.192495691031218 0.0433406702242792 0.0228116457816213 0.0183627372141927 0.0224483486264944 0.00417730099870823 0.00732814694056287 0.0348354576155543 0.0279784357175231 0.0538801476359367 0.0408299484290183 0.0237016261089593 0.0113652645843104 0.00756064388551749 0.00865047954721376 0.00422519118583295 0.00163747634360334 0.000767599749087822
0.0748196613043547 0.123538574576378 0.0738111268728971 0.0374744163826108 0.0266943796537817 0.027216754341498 0.023374983202666 0.0294197383336723 0.0698170501738787 0.122328484430909 0.113448420912027 0.135861286148429 0.00592931034043431 0.00153325926876278 0.00230785297026159 0.00447109030210413 0.0132483743596822 0.217039777338505 0.872139358520508 0.795261263847351 0.532121106982231 0.302206405997276 0.343710379302502 0.760368239879608 0.444772791862488 0.485814526677132 0.524900674819946 0.389654198288918 0.0946764629334211 0.0261134662665427 0.0635003423318267 0.0492637077346444 0.0573315475136042 0.0327302921563387 0.061764816287905 0.00612095427350141 0.000911792854458326 0.0029058521729894 0.00645523258717731 0.00558489555260167 0.00416791578172706 0.00262947392475326 0.00243627965101041 0.000449403747188626 0.000522064515098464
0.0117321442463435 0.0115991286118515 0.0638702303171158 0.0524261388927698 0.0216412194538862 0.00871424312936142 0.00939689340302721 0.00404730446753092 0.00198875502683222 0.00111322033408214 0.000581978943955619 0.000620420990162529 0.000578603630310681 0.00101909535251252 0.00316869141825009 0.004364615958184 0.00495243381592445 0.0164075377164409 0.0207318718079478 0.255087378621101 0.147271439433098 0.143909222632647 0.520967388153076 0.264867743849754 0.262610094249249 0.19313462600112 0.104167065024376 0.0623123906552792 0.0566071249544621 0.0587262744084001 0.0140449654776603 0.00380396922701038 0.023367308313027 0.00220586095238104 0.000599786659586243 0.000725405655975919 0.000612430563342059 0.00307473187567666 0.00650004323106259 0.00325878947624005 0.000812869518995285 0.00140181582391961 0.000826378973579267 0.000224647747108975 7.76391962808987e-06
0.0386351933702826 0.0146186309633777 0.0244375990703702 0.0269858658313751 0.024306655372493 0.00955551468068734 0.00249781120946864 0.00368220394011587 0.00147410118661355 0.000772356813467923 0.00139049815697945 0.00471870243491139 0.0194083170848899 0.106416207551956 0.176311903446913 0.312639553844929 0.477691083401442 0.874040722846985 0.460496355593205 0.159355114027858 0.273326490819454 0.545888215303421 0.613909894227982 0.673494040966034 0.320211407542229 0.0731033485382795 0.0171896697022021 0.0167289451695979 0.0300274886190891 0.0311009442899376 0.0202660702867433 0.0129949763417244 0.00173467439308297 0.00294355355144944 0.00127834452359821 0.00347756926494185 0.00745134173193946 0.000372728778529563 0.000324028590512171 9.30221484168214e-05 1.60196574711335e-05 0.00024747195116106 3.7759478570365e-05 2.00385536032854e-05 1.87016717596578e-05
0.0253380719106644 0.0162694866070524 0.00649934393004514 0.00134358244977193 0.000181228953988466 0.000156930472758177 0.000361821125079587 0.000354668054751528 0.000340658055665699 0.00259959174945834 0.00935848577646539 0.178260861337185 0.469772350788116 0.586832149326801 0.635446551442146 0.564636147022247 0.339376198500395 0.314626085758209 0.350698994100094 0.100215335562825 0.0818842522799969 0.197562330961227 0.27943878993392 0.0528018789365888 0.0028070047905203 0.000323257193485915 0.000313480186014203 0.000146127835751031 0.000896047269998235 0.00586029486730695 0.00586913984734565 0.0017601518164156 0.00181248037260957 0.00097089334303746 0.00108038857579231 2.58063485347293e-05 0.000361488520593412 3.28298047548969e-05 5.41323861625642e-05 4.07668575497233e-06 4.05683158311021e-06 2.39593426954343e-05 1.59504761324314e-05 9.54065044016517e-06 5.88266672414406e-06
0.00239746203878894 0.00148863337526564 0.00108716388931498 0.000900118612116785 0.00038614549102931 4.37779295253904e-05 8.78890326738713e-06 7.52442034297474e-05 0.00169811848463723 0.00459558673173888 0.0197847406729125 0.0588584876153618 0.108285916596651 0.122230993211269 0.116909036785364 0.118140149302781 0.136792638525367 0.11790020018816 0.0945417961105704 0.166732197627425 0.0870127577334642 0.036036688555032 0.000218194105764269 7.44959705457404e-05 5.28756845881162e-05 4.99863802872369e-05 6.25584733370488e-05 2.71210708888248e-05 2.27366770417348e-05 1.8705121008189e-05 3.50544836390299e-05 2.99691403057523e-05 1.86287282144093e-05 2.18537641489824e-06 8.98841744478851e-06 1.77380777347524e-06 2.60212566030038e-06 1.36378176994745e-06 1.20051019701917e-06 4.59483729342569e-07 6.00526508431898e-07 2.25907426039118e-06 2.9393259946886e-06 8.71342079449278e-06 1.34062500009691e-05
0.00200018067553174 0.00667657617595978 0.00102201324007183 0.000302746037914403 4.53327743258569e-05 1.07767505173939e-05 1.55686357068419e-05 1.89898708455871e-05 9.80709466972485e-05 0.00156809293766855 0.00120708207541611 0.00830612604040653 0.0269121653167531 0.0343134763883427 0.0466051464900374 0.12956705018878 0.0874179208651185 0.0890174644067883 0.130700961127877 0.0120024009607732 0.000164397787722237 5.53486076370291e-05 1.8795853584086e-05 3.59192117841189e-05 3.7682061598332e-05 1.75669273758672e-05 1.47101501751123e-05 1.90177086327736e-05 5.01467915133835e-06 8.41319278765962e-07 3.49606860350349e-08 9.96474713854667e-10 2.19100769660585e-07 8.48076153403543e-07 1.09566816186568e-06 1.23158890086295e-08 2.33228379609152e-07 1.11060094293292e-06 4.92967803791267e-06 6.38566060389145e-06 5.45510478708877e-06 4.14712938878736e-06 5.03682493437907e-06 5.23481605814169e-06 8.26014759314209e-07
0.00400487799197435 0.00170500824606279 0.000887954660720425 0.000212876674049767 0.000192526342652855 0.000179886103069293 0.000224977617563127 0.000129947842947331 0.000167322887136834 0.000194528632937363 0.000524482744731358 0.00249873784632655 0.00636210878146812 0.00108701677309 0.00219613713416038 0.0167817587032914 0.00132622404271387 0.000379435291097252 9.08666766051169e-05 2.66702099050775e-05 3.81686183116514e-05 1.35279199260374e-05 9.40294150071352e-06 9.38185048173779e-06 2.08065540959979e-05 1.30566278649269e-05 9.85358876812725e-06 1.0963693372612e-06 2.47649328100064e-07 9.58641434012364e-09 2.6446538292646e-10 1.09857101193711e-10 1.81296058610059e-08 1.91861105203195e-07 2.73265250338994e-06 1.62326450489081e-06 2.17105447863908e-07 2.5354552860346e-06 9.92562196771018e-06 8.21066009439875e-06 9.07271813481714e-06 4.4037948569553e-06 1.04047146394226e-06 3.29752909999925e-07 5.10656337882054e-08
0.000343236822664039 0.000146663595614882 0.000232531984875095 0.000320564763296716 0.000143268306715072 0.000169662560119832 9.65066317121455e-05 8.98115801760469e-05 7.15495066970107e-05 0.000101800472452851 0.000108531025446723 9.81093614768724e-05 0.000125841044609842 9.17308921316362e-05 5.51541056097449e-05 0.00013980941949967 4.54144271401447e-05 1.61442046561433e-05 4.78881307977019e-06 2.92923158329295e-06 6.48419498350261e-06 2.53399739300164e-05 2.30565384953252e-05 2.08276494817028e-05 2.31759686073474e-05 1.93136454338827e-05 4.40424205407908e-05 9.16668227928241e-06 1.57777732147091e-06 5.51922731850674e-08 1.4140034254595e-09 1.05170367969976e-07 9.38516470505579e-07 3.42106773154605e-07 4.67282663541013e-07 8.44484770077258e-06 1.53032716388779e-05 5.41575367748237e-05 1.11162434002665e-05 4.69563265081963e-07 3.91846979286292e-07 6.19909827781484e-07 3.03789232014573e-07 3.92859966780179e-09 1.83410938658923e-09
0.000217219632031629 0.00012996761015529 9.76361497578182e-05 7.45360767609782e-05 5.75580734107461e-05 3.930545883577e-05 2.40981869239931e-05 2.43587986119564e-05 2.98381834454631e-05 2.37801487259048e-05 1.74306279703274e-05 1.960914553365e-05 3.18881540408711e-05 3.23807794131881e-05 3.06210777225147e-05 3.11874743964324e-05 2.12935089564326e-05 1.63076081094005e-05 8.0204828216246e-06 3.23261103281069e-06 1.34332135033333e-05 1.87483151634638e-05 1.10624371110646e-05 3.18291921054259e-06 8.61785445571694e-07 3.57770838306237e-06 2.04716953447814e-05 5.39031633195464e-05 1.98536542427519e-05 4.16936503169207e-06 6.38660753309317e-06 2.20875417614508e-05 5.56468557704193e-05 4.4546661683853e-05 6.16106545692219e-05 4.64288812285218e-06 8.46084175201156e-06 3.8674139318573e-06 1.58715596825232e-06 4.49667869240056e-07 1.04038992840838e-06 1.52677976381632e-06 2.75530164828286e-07 4.39738059521133e-08 6.48983319306851e-09
0.0021988763299305 0.000956018363649491 0.000323055718308751 0.00012119290101964 5.12559415483338e-05 0.000140012634801678 6.12710397035698e-05 0.000165003125312069 8.35045309713678e-05 2.75635299232135e-05 1.8983822516816e-05 2.56376491222454e-05 3.42262526260129e-05 2.74250876699966e-05 3.10597034570037e-05 2.26452843129721e-05 9.54046481567161e-06 3.91048505941072e-06 4.30517035319156e-06 9.25375940283857e-06 8.67892311724461e-06 2.95604281639328e-06 9.7092757166406e-07 5.60317893982809e-07 2.01851006993436e-06 1.50681789222062e-05 2.11773874241317e-05 1.27865529790938e-05 8.89149106342302e-05 6.5892811375079e-05 3.2545975955145e-05 5.61779892311876e-06 1.62767189912927e-06 7.86471049707416e-07 6.80172516220878e-07 3.22671123154095e-08 1.52306970910843e-06 1.38168087433499e-06 5.53001651804053e-07 2.41280286328305e-07 4.90228981742113e-08 3.79056630528396e-10 1.84289694615813e-10 2.48866858232333e-09 8.02921025222503e-09
0.000699505289594526 0.0012489625645685 0.00107972726545995 0.00040523459429096 0.00029797427387166 8.47721807758717e-05 5.70897269597026e-05 3.35173816438328e-05 7.06064594396594e-05 2.77291604220409e-05 2.05924812036073e-05 1.42719885417364e-05 2.14917168477768e-05 1.75567980008395e-05 1.08171502272825e-05 1.04267863139995e-05 6.70739960788591e-06 8.14505977473345e-06 1.30655456878515e-05 2.99276726836162e-06 2.19622979460432e-06 2.1072113041587e-06 1.22647764855266e-06 1.85483982377832e-06 2.1516927958487e-06 1.12242016356845e-06 5.1449784621127e-06 6.24982413932607e-08 3.08027404716249e-07 3.91215814481427e-06 3.37250175241888e-07 7.0861446710424e-09 1.81429505530239e-08 1.31012063198099e-08 1.60515031277786e-07 9.99965359405053e-09 1.64993665396906e-09 8.35906599494507e-10 6.97050928089027e-10 4.78373318735237e-10 2.00024574681379e-10 1.87185911215693e-10 5.38653011084023e-11 2.90657270474171e-09 7.51648590702203e-08
