Scripts_&_data/Maxent_result_files_2/B_mlokosievitzi_2.asc
NCOLS 594 
NROWS 330 
XLLCORNER -15 
YLLCORNER 23 
CELLSIZE 0.166666666666667 
NODATA_value -9999 
[rows 280 to 299 of 330, columns 276 to 321 of 594]
7.26536497630548e-10 5.70278322342688e-09 8.68524121511172e-09 9.30437662471917e-09 6.65490890172649e-09 2.11265083538414e-08 -9999 -9999 -9999 -9999 -9999 -9999 -9999 -9999 -9999 -9999 -9999 -9999 -9999 3.98974964177512e-11 7.1115902056107e-11 9.17508846676185e-11 1.32234112548701e-11 2.16041406986278e-11 1.1071321637246e-11 2.30217511720809e-11 4.06347170356369e-09 8.93212737107518e-10 3.11104919603622e-11 3.19250292868389e-11 7.46917305782802e-11 1.23309595867482e-10 1.66153579783668e-10 2.73178690779474e-10 9.47638967296882e-11 2.79615166576264e-09 6.10206644102718e-09 1.54645133143561e-08 7.92290720252886e-08 9.64008612269751e-08 5.88334583939698e-08 4.45413061767042e-08 5.80605461930617e-08 5.33126354951285e-08 3.02619893477463e-08 2.80963997290051e-08
9.16098339409643e-09 4.6246455964738e-08 2.13582155406122e-08 1.04920016374965e-07 6.20939736406534e-08 8.25893082812001e-08 4.74860550880862e-09 1.86140764024678e-08 6.68265805181534e-07 -9999 -9999 1.41245243390209e-08 1.06458551973887e-09 -9999 9.78303793530699e-10 1.45634704518116e-08 2.11694362040049e-10 2.85780399345015e-11 9.55658885359867e-12 9.38422672902561e-12 1.50579326785305e-11 1.75893632992086e-11 3.08404857207734e-11 3.67699093395402e-11 1.9558465957914e-11 2.05420347398899e-11 3.21718194751241e-08 1.89897764180103e-10 1.77041825644153e-11 4.17835765986752e-11 5.27078380940793e-11 7.91101406605321e-11 2.46206377507718e-10 6.678675945615e-10 9.65723578882915e-10 5.14445720467549e-09 7.52898785538747e-09 3.24026118159182e-09 3.3164024215715e-08 7.24014069253265e-08 6.43821125634325e-08 4.66050213088209e-08 2.41848195581262e-08 1.42996002372442e-08 2.48476310193979e-08 1.87601884582556e-08
4.36292480143763e-08 5.61505655638506e-08 2.80537854524532e-07 1.98970573150881e-07 1.52252473151204e-07 2.65420252631987e-07 2.66741518095692e-08 1.85166344057741e-07 3.08206321686377e-08 1.47183439880294e-09 7.93376031538173e-10 3.23921001132987e-10 1.9023037589605e-10 9.28708332459394e-11 6.545202158037e-11 4.58664328739644e-11 3.83469145326387e-11 2.07243111560729e-11 2.01103356189947e-11 2.69146704923173e-11 2.79000822445141e-11 2.64436694763504e-11 3.12445624928159e-11 2.82252554661966e-11 3.2395175431077e-11 8.90527207531022e-11 8.91470197661448e-10 1.32471034142156e-11 2.91847435107684e-11 8.20560397407633e-11 3.49315798509053e-11 1.01870500923695e-10 3.75371378424916e-10 1.03479591562206e-09 2.95382974746516e-09 9.7041884972171e-09 2.74088676199824e-08 2.47370577799444e-08 7.52631246658808e-08 1.46305627524157e-07 9.90209897633321e-08 8.17833328170536e-08 1.83377208751168e-08 3.02003837715503e-08 2.32510781850159e-08 1.52154602472976e-08
7.83818984495532e-08 1.52963722488408e-07 3.70732430354792e-07 7.06248682003086e-07 5.3499602317153e-07 2.47613642878619e-07 2.29800512729916e-08 3.47316886251114e-08 3.7308999445429e-09 2.58141855669081e-09 1.88460078653918e-09 1.27670328753382e-09 6.69005251197063e-10 4.08537870200121e-10 2.96432611790465e-10 1.41216160987057e-10 1.12221854031702e-10 7.52804041326272e-11 5.6920557156559e-11 5.64611357667388e-11 1.03195241241139e-10 3.68934882644112e-11 3.09997028047349e-11 3.71937147747303e-11 3.08440273322219e-11 1.39800515608357e-10 1.20922172275328e-10 1.4238132894917e-11 5.2061710498208e-11 3.46888073821106e-11 1.62493951627596e-10 3.34562888504308e-10 9.37660027400255e-10 2.95837659924914e-09 9.43942950470955e-09 1.31666114899787e-08 4.91618630027446e-08 6.75452004328392e-08 2.06256666723803e-07 1.27163800822672e-07 5.40208138666287e-08 9.30346061966958e-08 7.45564546322797e-08 4.5417691485472e-08 3.1620413176725e-08 1.7905518900907e-08
4.95454968152398e-07 6.59683321879712e-07 9.58589465049897e-07 6.3663353125909e-07 3.92213233080252e-07 1.51055655894794e-07 8.60568910576731e-08 1.3452774472178e-08 1.93772550782789e-08 5.08890776185211e-09 3.02389020490068e-09 3.10772904077439e-09 2.36895761895894e-09 1.5740078240789e-09 9.67732671774968e-10 6.45010289623826e-10 4.22286605683553e-10 2.37613939635395e-10 1.67882940882436e-10 1.46032974601695e-10 9.54216483606274e-11 6.55061782595112e-11 8.21305912168668e-11 8.17305112477129e-11 1.14139819817893e-10 3.57678031637221e-10 9.23998322299724e-11 1.31055388763457e-11 9.71538072214173e-11 8.38482394627249e-11 2.95195590194197e-10 1.08288066291706e-09 3.96434836069659e-09 7.49652657727751e-09 1.83103183393207e-08 5.03662869300037e-08 3.70838609486945e-08 6.29442948096859e-08 9.53300256623102e-08 9.02284789994212e-08 7.42973867318142e-08 3.33047188161295e-08 1.84104158007514e-07 6.59727059759696e-08 2.83854247329351e-08 2.01935694055244e-08
1.22475462429605e-06 5.03079492863989e-07 1.07509062852174e-06 1.08200804094238e-07 5.44072988439837e-08 9.10646748897292e-08 5.55694748993751e-08 5.41464800818403e-07 1.32567087085533e-06 1.15586000104528e-08 1.12170179034088e-08 7.33644380801479e-09 6.17171550532092e-09 3.8077249353563e-09 2.13494240064449e-09 1.24619848884677e-09 7.2935576467259e-10 5.61984547786665e-10 4.77198724979644e-10 3.50275497496e-10 1.82993864505931e-10 9.30348242889067e-11 9.40340472155299e-11 1.38423605910987e-10 3.26596660826795e-10 6.4436890268027e-10 4.99267738263143e-11 6.538168895176e-11 1.56964441444529e-10 5.7764594219023e-10 3.94127966929503e-09 2.04758460076171e-08 6.94664049505356e-08 1.15975422942949e-07 7.01399618274756e-08 8.98350219880051e-08 1.20644876100418e-07 7.46444540733471e-08 1.10423326105114e-07 1.04624808150433e-07 6.41760932396096e-08 8.55954602085873e-08 7.74333839936858e-08 1.16508599634635e-07 3.97766798609922e-08 2.64855802956099e-08
8.79604697479053e-07 3.48460075960677e-07 3.35134755502509e-09 6.16564035382794e-09 2.27517814588296e-09 2.17605118812969e-08 1.9667896478115e-08 2.83795437594492e-08 7.4465175231353e-06 4.43912319880724e-07 1.62243447454635e-08 1.16587329124229e-08 6.51158448272682e-09 8.4375810560644e-09 5.0503928150647e-09 4.44851586678396e-09 2.56931705910901e-09 1.42590975693579e-09 1.21707879330302e-09 9.09907260648879e-10 6.32839958214504e-10 3.15905734904476e-10 3.17793125148569e-10 3.99653377058939e-10 1.02756336772813e-09 8.38453373397385e-10 6.10839601122848e-11 9.24212928410384e-11 2.92043003113918e-09 6.15731400310793e-09 3.96810238223466e-08 2.7398802426859e-07 2.11389312454457e-07 2.45541728860488e-07 2.27979518019339e-07 1.51048536567444e-07 1.96223127513218e-07 3.42695621058375e-07 2.34512474683868e-07 1.04454582028346e-07 5.43186016055408e-08 1.93471470399942e-08 2.01327035476151e-07 5.32302026101661e-07 2.03807933907285e-07 2.22827048146357e-08
4.10934785644024e-08 2.88866464082105e-10 2.54707788194253e-10 1.86668951740465e-08 1.35220539432268e-08 3.73411860543627e-08 2.82231836012947e-08 1.75625013310032e-08 1.7792797002425e-08 4.65256069226427e-08 2.31862714250575e-08 1.88571300241414e-08 1.31659644519999e-08 1.94316178148135e-08 1.68408612277737e-08 1.33776732580415e-08 7.2466664002846e-09 5.01384890272405e-09 3.54349788400654e-09 2.02310976860076e-09 8.03592636877681e-10 6.3762778390597e-10 3.49987705483557e-10 1.07950431926795e-09 2.53072337530469e-09 1.34698268094979e-09 6.92850776751186e-11 2.38577291256092e-10 3.98247177457733e-09 6.34516441722077e-08 2.63957313961782e-07 4.49001463831422e-07 4.32315414666817e-07 3.60878468885772e-07 2.80578417921618e-07 4.32796338145636e-07 3.26256043603479e-07 3.67128442668729e-07 2.67458197811266e-07 4.30512990234888e-07 8.35628013007295e-08 2.8505336790996e-08 1.09462132069638e-07 1.33163478608367e-06 9.43293666466616e-07 1.09417098548281e-07
8.97916199171789e-09 5.49140721783914e-10 4.73792310939913e-09 1.26240751296969e-08 5.16990616894475e-07 3.05909147080285e-07 2.81341486663145e-08 1.44151670822268e-08 3.52709866757728e-08 3.16760053991061e-06 1.9854079547077e-08 2.33844885122458e-08 2.48702435312609e-08 3.2622989432074e-08 2.63653085808002e-08 2.52843123882407e-08 1.95643804157264e-08 1.02916754673998e-08 9.03909440630457e-09 3.99830665243073e-09 1.91659215165174e-09 1.86672006741162e-09 1.62037612216892e-09 2.49907173843766e-09 7.76859104822947e-09 1.02342040397829e-09 5.83581871715921e-10 5.641326406014e-10 2.91050159528794e-09 4.5197475195824e-08 6.92087863463087e-07 6.11271595296614e-07 6.22069493161348e-07 5.55740139240868e-07 4.38166148786223e-07 3.43765810661978e-07 3.31920329266211e-07 2.01390115073252e-07 7.41476221532977e-08 1.88936469758261e-07 8.45050054376628e-08 7.2463793532318e-08 4.93577238080967e-08 3.7957908438635e-07 4.84255053834204e-07 1.51179982887939e-07
2.84346633683263e-08 2.76529880105514e-09 4.76680653838102e-09 2.17015992620695e-08 6.02988126630066e-07 2.5049735263849e-07 1.38426970885952e-08 1.75494825338518e-08 -9999 -9999 3.10315097351577e-07 3.7990189860615e-08 3.97262736151482e-08 2.0508738840519e-08 1.81973757396037e-08 2.56873634474353e-08 1.93131520886958e-08 1.74862764046324e-08 1.95499821997736e-08 8.00179129623046e-09 3.78073640172616e-09 3.56953449021091e-09 9.41739453086399e-10 4.92262851592429e-09 1.25311756860036e-08 3.4772637769187e-09 8.75241006337291e-09 1.16840509822858e-08 1.60971470819504e-08 6.30713628102519e-08 5.09066952059101e-07 7.19370645541062e-07 9.19819716216352e-07 6.57723432695434e-07 5.66867676266014e-07 4.31886258667191e-07 3.57695957653448e-07 8.30972286758325e-08 6.02103126245979e-08 6.56191741166268e-08 9.61105286023667e-08 1.20814835380401e-07 4.84265813005536e-08 7.21494131994405e-07 1.22770603994127e-07 6.39765458831931e-08
1.84752717728998e-06 2.44010601946343e-08 1.1866785587511e-08 3.93200222603696e-08 6.22164212771281e-07 6.65974972946515e-07 5.44444316075143e-08 2.70908869559605e-08 -9999 -9999 4.47854655476476e-06 6.44531639726331e-08 8.29598080787086e-08 4.76347215117023e-08 3.6263856373342e-08 2.45868578052644e-08 3.63847565409969e-08 4.15226031114102e-08 3.37218042378851e-08 2.03668100717813e-08 6.19860852646426e-09 4.74047359144691e-09 3.46836852571641e-09 8.54634070734939e-08 4.65204616717507e-08 6.72718536431915e-09 1.38904748814284e-08 3.91223695994647e-08 3.80453843717987e-07 2.72938905832021e-07 4.15782667761988e-07 4.85465123034601e-07 5.85823330290225e-07 4.41224275071761e-07 3.95248661888559e-07 3.59008564920771e-07 1.7329498933627e-07 8.17817252918296e-08 5.14429246756265e-08 3.55670310092648e-08 6.05726115598948e-08 3.52919866108969e-08 3.18613565974957e-08 2.67148505317394e-08 2.83168748893559e-08 4.76782715530533e-08
1.42088213266334e-06 2.04863193509208e-07 4.02733937421296e-08 6.75269068550755e-08 8.85138533912588e-08 8.54424408669452e-08 1.61570893530971e-07 1.66745315244299e-07 3.8097572185869e-08 -9999 -9999 1.16948284256679e-07 1.82962975303624e-07 9.59307438042067e-08 8.46155714162577e-08 8.3811036000192e-08 5.24928244427514e-08 5.51148309102523e-08 4.11152364376832e-08 3.33741382085861e-08 1.65645617222765e-08 1.68535096656264e-08 3.67656361532909e-07 -9999 3.43792769252893e-08 1.34314680377834e-08 2.09246677429498e-08 4.49207393948825e-08 1.37830154978147e-07 1.74621547621712e-07 2.74851119019814e-07 2.60897126480586e-07 3.74501155420148e-07 2.86411558469979e-07 3.1443919183971e-07 2.13268220239371e-07 1.7303156578663e-07 9.52178555335692e-08 3.67401883138996e-08 2.57765622624362e-08 4.80419785287012e-08 3.37393069482772e-08 2.99563524541746e-08 2.10940757527922e-08 1.54145809228012e-08 1.18947490634902e-08
5.86917296345746e-06 2.56472662876206e-06 1.21908987305019e-07 1.49889909506484e-07 1.5043265332304e-07 1.95498169475172e-07 2.43670697175347e-07 2.67852294033588e-07 1.14312730614685e-07 8.37255579710927e-07 -9999 2.6814902867045e-05 4.73074967111131e-07 1.73603156050639e-07 8.83923634065198e-08 1.48078737105539e-07 1.01205813607397e-07 5.3118645804151e-08 4.85822061913055e-08 3.72197076714542e-08 2.01391641030391e-08 1.95351186782489e-08 -9999 -9999 1.16768055402616e-07 1.55130010837112e-08 1.64699029858717e-08 4.50249073469244e-08 1.56692014829929e-07 1.46973406423001e-07 2.95411535544687e-07 1.44428728843238e-07 2.51912434290347e-07 1.85670530727933e-07 1.91255189285755e-07 1.89286089824492e-07 1.62930559821639e-07 8.42985770410642e-08 6.19383367039816e-08 5.00074495701774e-08 3.64450629231072e-08 3.78801375156002e-08 3.22606033553718e-08 3.192183608558e-08 1.61233298934249e-08 1.29213228006186e-08
1.03424607878821e-05 9.57760006770059e-07 3.46836502185255e-07 2.34543154986611e-07 2.41632216990695e-07 2.25915317253467e-07 4.27697240379388e-07 6.14925953357215e-07 5.15333638873017e-07 6.96466774030569e-07 -9999 -9999 7.33869794203201e-05 2.68667435143755e-07 1.85631259608243e-07 2.72312009119702e-07 1.37677057487906e-07 6.0408967916814e-08 7.86605795499717e-08 7.20245611818271e-08 5.4414225991728e-08 8.72691256148528e-08 -9999 2.31389030659557e-05 4.35439811541372e-08 1.86760946152553e-08 5.85928769725186e-08 6.08567726545495e-08 1.85151408782502e-07 1.98890944735908e-07 1.84967572547379e-07 1.71294904394159e-07 1.27842525365907e-07 8.85837578179505e-08 9.7280739708161e-08 9.79076911100663e-08 1.3042409805486e-07 9.86727535678966e-08 5.34678160968305e-08 3.62665780184734e-08 3.22179658063249e-08 2.76509399599334e-08 2.46823347649361e-08 2.2265308641245e-08 1.87054013722765e-08 1.44478825014893e-08
1.07637059670651e-05 9.38137356598645e-07 6.37534346914492e-07 8.67952550365203e-07 9.72359496387298e-07 9.50272128363849e-07 8.69731844233002e-07 7.40077620342561e-07 5.72430580003669e-07 6.89166042988632e-07 -9999 -9999 -9999 2.98029212757456e-06 1.8569340545227e-07 1.7696086436203e-07 3.30515132240805e-07 1.14715707622004e-07 1.09550880844633e-07 1.21714351031255e-07 9.96788060980691e-08 7.04618311075933e-07 -9999 2.79999080134985e-06 5.19726634840012e-08 6.53252197668763e-08 1.14879280921354e-07 1.18108182578514e-07 1.74382753503899e-07 2.00045012688221e-07 2.46893633004674e-07 3.811788558572e-07 5.90647779463715e-08 3.73827513833191e-08 4.10838213560361e-08 3.8462433626929e-08 6.1688844354979e-08 6.66768830703823e-08 4.62488393915272e-08 2.98828683797936e-08 2.73567373199057e-08 2.20961786423501e-08 2.00035608521887e-08 1.6552908677081e-08 1.53012410741837e-08 1.63882537207449e-08
2.30445325968276e-06 2.86650383429787e-06 1.41480663202742e-06 1.03384522986971e-06 1.03604536256796e-06 1.08704395209713e-06 8.18781759015508e-07 1.03814498988442e-06 1.09882413283913e-06 7.8606901361411e-07 9.05142909601864e-07 -9999 -9999 8.25975010911861e-06 3.1891016805119e-07 4.41335314249613e-07 3.86662028262208e-07 1.89994135313398e-07 8.54377787518068e-08 1.15456292715255e-07 1.96849882083683e-07 5.39756514626788e-05 -9999 1.69299206902451e-06 2.32507511466196e-07 1.43250293316299e-07 9.99917424304719e-08 9.48658864241558e-08 1.33460479800895e-07 1.8934435574991e-07 1.20225125455065e-07 2.87037464552498e-07 1.15414280887904e-07 2.4266969189668e-08 1.85400123031698e-08 1.79986827331113e-08 3.28775015101535e-08 4.17946189990026e-08 3.64795642471272e-08 2.57001311787519e-08 1.65034162447064e-08 2.16663662566674e-08 2.31403757045001e-08 1.62814658977162e-08 1.22939547764211e-08 1.33705269411699e-08
2.73287474641393e-06 2.48782757950039e-06 2.80107831116538e-06 1.38927209434314e-06 1.23718041251664e-06 1.34298728191595e-06 1.31504817204586e-06 2.24914104478557e-06 1.08155143259125e-06 9.78567814158282e-07 5.37532892153081e-07 -9999 -9999 4.04965569941851e-05 7.28418918738427e-08 2.05951832166207e-07 6.63844515713663e-07 2.47942903630616e-07 1.42817945403273e-07 1.41407479592459e-07 3.27711324032975e-07 -9999 -9999 3.65053439477236e-07 4.23155724149638e-07 2.05023673913729e-06 1.91026397533545e-07 1.88532062139757e-07 1.33952483372113e-07 4.65599363508318e-08 2.0811155065914e-07 2.16899178129282e-07 9.1485965880711e-08 2.92036732685297e-08 2.58704008992972e-08 1.53055601859187e-08 2.4182337621248e-08 3.19400510595536e-08 2.43877461225672e-08 1.8245334409972e-08 1.86682295955087e-08 2.33731236476409e-08 2.85586946757732e-08 2.40962720887694e-08 1.60441319230209e-08 1.15576141102025e-08
3.62534420474958e-06 2.56316109954469e-06 2.09559826060968e-06 1.61430282048514e-06 1.51442742115648e-06 1.52452703474637e-06 1.88811944283884e-06 2.24421272179143e-06 9.7600199424619e-07 5.92867293391919e-07 5.51332769660462e-07 2.33510106362189e-07 -9999 -9999 1.16230510911919e-05 6.89326663527723e-09 2.04776773182758e-07 3.55902737236846e-07 3.314860444803e-07 4.94758234026449e-07 1.13206475759853e-05 -9999 4.72293002530932e-05 2.18150941222461e-07 3.00487240867398e-07 3.82434754087058e-07 6.70501673383228e-07 1.05151996052655e-06 1.13693403602788e-07 1.74080039427871e-07 5.07843479158332e-08 5.10527236818881e-08 3.42161609045988e-08 3.68291775965091e-09 7.0192549761483e-08 4.43087986190527e-08 1.86298037663235e-08 2.93694728425997e-08 1.88346110596704e-08 1.78553774876633e-08 1.68170259384759e-08 1.90389683130121e-08 2.11097513247438e-08 2.0966935032618e-08 1.91250655645625e-08 1.63462904323453e-08
3.96055966689346e-06 3.96583050417121e-06 3.8742654538737e-06 3.40419864386377e-06 3.22032791331139e-06 1.52330808482759e-06 2.33636039652652e-06 2.44482245363997e-06 1.89844484665969e-06 1.08966821477097e-06 2.19826061140793e-06 5.10762367333939e-07 1.27566450158767e-07 -9999 -9999 -9999 2.4545212196081e-08 1.86194751083946e-07 4.56875224053022e-07 5.97035461602502e-07 3.48567778928555e-05 -9999 2.41004466943195e-06 4.12393570847769e-07 4.4176163491727e-07 2.0038412715806e-07 2.69006003961181e-07 3.87109128325847e-06 1.60409140126383e-07 1.53056297991228e-07 9.44324612395242e-08 2.58925780149966e-08 9.70440084957502e-09 6.96554658397019e-09 2.46488470079242e-08 2.27922296813787e-08 1.15411377898944e-08 1.4681509086234e-08 1.86054195938645e-08 1.9444451693218e-08 1.64403924363121e-08 1.69771887881254e-08 1.41806449249771e-08 1.38587701425941e-08 1.2868762244711e-08 1.1235645613894e-08
4.03665202668435e-06 4.47321937144807e-06 4.48543769948628e-06 5.22398566147331e-06 6.0285428816087e-06 2.19581151981174e-06 2.49679031938399e-06 3.95004341413596e-06 2.96619578250556e-06 4.86358787554764e-06 2.24326754931781e-06 5.96486968973409e-07 2.42828459118272e-07 3.17590632370468e-07 -9999 -9999 5.62698959356567e-06 2.35050199304254e-07 4.18790546596881e-07 2.65764576568017e-07 2.04369163441243e-06 -9999 -9999 -9999 -9999 1.17871733138486e-06 1.03846876120528e-07 2.06441559491566e-07 6.98000531151877e-08 8.59539365682949e-08 1.08819212973899e-07 3.24866163969872e-08 6.43452243309639e-07 3.21127136770905e-08 1.1353325046759e-08 1.13595322370763e-08 1.36495630909117e-08 1.30532078146395e-08 1.63216884785378e-08 2.12180359615566e-08 2.07019417275411e-08 1.80372913383131e-08 1.17363467055931e-08 1.10557432764224e-08 9.9231405981115e-09 8.95892767749373e-09
