Scripts_&_data/Maxent_result_files_2/B_mlokosievitzi_2.asc
NCOLS 594 
NROWS 330 
XLLCORNER -15 
YLLCORNER 23 
CELLSIZE 0.166666666666667 
NODATA_value -9999 
[rows 300 to 319 of 330, columns 0 to 45 of 594]
-9999 -9999 -9999 -9999 -9999 -9999 -9999 -9999 -9999 -9999 -9999 -9999 1.69745594824633e-07 1.91514804015469e-11 1.57644231002507e-11 1.6563206362008e-11 4.10407152706682e-11 3.02803004892382e-11 5.24919441247107e-11 8.06843925005296e-11 1.28656008069328e-10 5.78102565818028e-11 9.66020152759484e-11 3.51819773314332e-10 1.64857967277499e-09 9.84388138780545e-09 2.17120227241629e-08 1.24592806960422e-08 2.54227431550902e-08 2.384972819236e-08 2.91409300134937e-08 2.77890013999915e-08 3.5999858016833e-08 4.6013166321579e-08 5.39383694819762e-08 7.97830880250316e-08 1.04414023271993e-07 1.07698457441074e-07 1.16811764661051e-07 1.27339824951278e-07 6.3235083425095e-08 2.97057398235268e-08 1.46546849766338e-08 1.69041259323599e-08 1.6175919692607e-08 1.3869819459611e-08
-9999 -9999 -9999 -9999 -9999 -9999 -9999 -9999 -9999 -9999 -9999 -9999 2.27743490732735e-11 1.95766181043666e-11 2.16168083433388e-11 3.76343178842831e-11 3.92487042866208e-11 5.77992875783195e-11 1.87543136576096e-10 2.684766076122e-10 2.6386215434826e-10 1.62161895023161e-10 2.66686384087222e-10 9.86046400086593e-10 4.68710733558808e-09 1.25014430141235e-08 2.61570594184413e-08 3.47034380232536e-08 6.34721492032142e-08 8.56089605760779e-08 7.8841338868596e-08 6.7969047801153e-08 7.55017130482649e-08 8.64025751723396e-08 9.33123493251919e-08 1.08272391075026e-07 1.3611863165508e-07 1.76778517069209e-07 1.00225958865607e-07 4.43798246707594e-08 3.71625870521086e-08 2.93274949325628e-08 1.75516752576321e-08 1.37812565359496e-08 2.15764622835124e-08 2.38120130502395e-08
-9999 -9999 -9999 -9999 -9999 -9999 -9999 -9999 -9999 -9999 -9999 1.36900712988108e-11 2.59613441855322e-11 6.00361538261041e-11 6.15868578357492e-11 1.0136620431922e-10 8.75413408429893e-11 1.05699271557569e-10 2.69243316530776e-10 3.36140260071005e-10 3.20560655797664e-10 2.17537476920882e-10 5.59954682621822e-10 5.86305441974133e-09 1.20427531169476e-08 2.31938301453738e-08 3.79279873841121e-08 4.54663466431526e-08 6.06999621455273e-08 7.04882813451491e-08 8.13225720874833e-08 9.22027284633309e-08 1.09402333769992e-07 1.28031762092196e-07 1.52885950566173e-07 1.67167359932385e-07 1.442807672003e-07 8.12888133028267e-08 4.53234223041221e-08 3.24973898235825e-08 2.38711716060713e-08 1.5513918438792e-08 1.53214317011319e-08 1.80831199569909e-08 4.83098166803586e-08 4.68645832696346e-08
-9999 -9999 -9999 -9999 -9999 -9999 -9999 -9999 -9999 -9999 8.08436363186615e-08 2.26457075314102e-11 4.28661439677569e-11 4.95869345584765e-11 1.24911125887195e-10 1.13157672121389e-10 2.02253103154248e-10 2.51523168959267e-10 3.28774674152044e-10 3.56910467846916e-10 4.54207849109878e-10 4.63805449602006e-10 9.8346967236651e-10 7.7432026013291e-09 1.29757062983238e-08 2.84074384460098e-08 4.84505522035938e-08 7.50837321761288e-08 9.299344613245e-08 1.05223422397493e-07 9.51325507814182e-08 9.59057153138154e-08 1.54082098613451e-07 1.76738757162731e-07 1.26565896207964e-07 6.64267406302876e-08 6.85994274718382e-08 6.64780504089357e-08 4.1693308661106e-08 3.98236287613152e-08 3.01453840445554e-08 1.83311045898193e-08 2.32018235624132e-08 2.85573731106936e-08 3.12721340045563e-08 3.1994304716676e-08
-9999 -9999 -9999 -9999 -9999 -9999 -9999 -9999 -9999 -9999 1.18798682002819e-10 1.09327080721755e-10 8.61276938657341e-11 1.03264818918092e-10 1.5963350641357e-10 2.1889895451821e-10 4.17282786102646e-10 6.63757149244049e-10 8.92459672829915e-10 8.33682978207406e-10 1.0126280702849e-09 8.47168146744792e-10 1.64053117757135e-09 7.40531246323783e-09 1.10858155988325e-08 1.86063758733646e-08 5.63161104238929e-07 8.53927629407281e-07 9.37636349007676e-08 1.52121985319553e-07 1.36130366490406e-07 1.61322635450212e-07 1.80124779980417e-07 1.73721901131074e-07 1.05477006118182e-07 7.82712678226716e-08 5.92039659741417e-08 5.09412541260801e-08 4.35601967385679e-08 3.86648992378724e-08 1.83430737710211e-08 1.59308314651163e-08 1.82157051886733e-08 1.79415470702438e-08 1.98237891768649e-08 1.99757325014538e-08
-9999 -9999 -9999 -9999 -9999 -9999 -9999 -9999 -9999 6.67598652626111e-07 1.08746189830811e-10 1.69932878879564e-10 1.68437264136401e-10 1.43638856364703e-10 2.90459856167047e-10 3.91844601210778e-10 9.42876843268436e-10 1.35379061294572e-09 1.26233048458602e-09 1.19681181631748e-09 1.28228662132912e-09 1.4448691021407e-09 3.88655212457678e-09 1.06409249855943e-08 1.59870153337849e-08 1.25891656299615e-07 2.29876630175596e-08 5.65357756165952e-08 1.62052052554706e-08 4.47918895574162e-07 1.06723590587166e-07 1.95047071027687e-07 1.52316471080383e-07 1.19830358047412e-07 9.75674715464336e-08 7.69976849945841e-08 6.34721762815538e-08 5.30356433547929e-08 3.32750280440663e-08 3.68510478798711e-08 2.91656399364904e-08 2.92999188133969e-08 1.13243272203967e-08 8.4819520185242e-09 1.16167903629893e-08 1.72275768872687e-08
-9999 -9999 -9999 -9999 -9999 -9999 -9999 -9999 -9999 6.18222217863007e-10 1.85128179452931e-10 1.77324710470828e-10 1.66920266497783e-10 1.50377910124178e-10 4.51908033216597e-10 5.54363943638947e-10 7.54315843121134e-10 9.74896785521651e-10 8.66163252233321e-10 8.82740625041123e-10 1.30047590474192e-09 2.73458427013651e-09 8.3378046356053e-09 1.14176984200576e-08 1.62534037451145e-08 2.23061502158117e-08 2.73699893860169e-08 2.91028837806628e-08 6.10469728989926e-08 2.30716458915481e-07 5.42363162492343e-08 1.78506055159566e-07 1.31500623257175e-07 9.25224819647852e-08 8.66740878624483e-08 6.61535846546712e-08 3.86738325919289e-08 3.79311900444712e-08 4.53225232788235e-08 4.90117940010748e-08 2.89281915866191e-08 1.16025804408615e-08 9.9579477774725e-09 1.05610955869473e-08 1.49528955772915e-08 1.65104403038185e-08
-9999 -9999 -9999 -9999 -9999 -9999 -9999 -9999 -9999 1.36143996076754e-10 2.98228630679631e-10 3.55049434297428e-10 5.97622917819507e-10 7.75043340617287e-10 7.21725035290888e-10 9.48403278133725e-10 1.57851197668535e-09 2.41946173096252e-09 2.71553612929409e-09 3.95610928460854e-09 4.59807674157986e-09 6.63524851729491e-09 9.46731621986885e-09 1.36365628788937e-08 2.03182543789815e-08 2.5321968022407e-08 2.46153775029789e-08 2.89334448067002e-08 3.66070580626321e-08 4.01462197596736e-08 9.84291727124109e-08 1.07529335402479e-07 9.99891291653121e-08 9.43001475794958e-08 6.77448335317798e-08 4.148568629736e-08 3.4508378254916e-08 2.87942624299653e-08 2.68782169521309e-08 2.54637447905104e-08 1.65197109880388e-08 1.08477939519958e-08 1.14214614765906e-08 1.01384649786596e-08 1.50086206796018e-08 1.84739884723228e-08
-9999 -9999 -9999 -9999 -9999 -9999 -9999 6.4706727265218e-08 1.37532485400271e-10 3.43929629220696e-10 4.99685581800691e-10 5.98517757577355e-10 1.30946089527129e-09 1.22684346015589e-09 1.39918060471089e-09 2.01147597467255e-09 3.7143596087752e-09 9.12936415353727e-09 1.80382592751549e-08 1.02505231303063e-08 1.41409151610539e-08 1.8942580914949e-08 1.93112475121993e-08 2.15751223997529e-08 2.44725645193178e-08 2.78496503747228e-08 2.78273288634168e-08 3.04753384305911e-08 2.74161502389347e-08 4.75408523215037e-08 7.99875790824522e-08 7.56981486604857e-08 8.32354603796937e-08 8.73064277429059e-08 5.00884876131202e-08 4.14857426744852e-08 3.70321196707657e-08 1.96849732847504e-08 2.8389694850528e-08 2.60732897605642e-08 1.2748565736409e-08 1.09382456758844e-08 1.7416474018539e-08 1.76175428467928e-08 2.75405107275084e-08 4.03417322880628e-08
-9999 -9999 -9999 -9999 -9999 2.66285773431463e-08 6.9757133402959e-11 2.26479035525529e-10 2.75021994067259e-10 6.23812845823579e-10 9.19933451637434e-10 1.07295611284641e-09 2.27191369051027e-09 1.44399956436558e-09 2.64466802901708e-09 5.280273251973e-09 1.2198207577363e-08 1.72291983679962e-08 2.47953785503796e-08 2.17733239993301e-08 1.76966073683893e-08 1.6082892673186e-08 1.46598370776019e-08 1.83468389702846e-08 2.17497629018126e-08 2.9789990618756e-08 3.22738220925878e-08 5.62322357566813e-08 6.71434085108835e-08 5.64774497502363e-08 4.906148097783e-08 5.75575480499246e-08 4.56581556673719e-08 3.81053229303596e-08 3.74115692980404e-08 3.59020695506196e-08 2.94446346527089e-08 2.37647355572079e-08 2.31373624259845e-08 2.33830320328643e-08 1.68755003082666e-08 1.41691273602973e-08 2.69390381779644e-08 2.6354227666836e-08 2.14230228778867e-08 3.63832186600632e-08
-9999 -9999 -9999 -9999 1.65488356351773e-10 5.07323516529823e-11 6.94119428601425e-11 1.26301902270143e-10 3.56949392266159e-10 6.31540764128857e-10 2.09394724892675e-09 1.24504347942533e-09 4.18609145125259e-09 5.5456240377616e-09 8.96022436247534e-09 1.82916341961992e-08 2.32856132487136e-08 3.03379384947178e-08 2.93988841271187e-08 2.58405006503537e-08 1.35586893823536e-08 1.23848166388996e-08 1.21694219257229e-08 2.00403819872186e-08 3.70506586300223e-08 4.50143403996073e-08 5.97188907325297e-08 5.9283775522001e-08 4.33091811413711e-08 4.12631387614049e-08 3.65866378082558e-08 2.81962522996615e-08 2.26687284721194e-08 2.80319483292324e-08 3.88247414884191e-08 2.8643683247509e-08 2.46194031050528e-08 1.78655849669695e-08 1.54652148642853e-08 1.79523180099395e-08 1.56340234203078e-08 1.49051928355348e-08 2.3628063938741e-08 2.77572485218869e-08 3.40266267939704e-08 4.75496997109914e-08
-9999 -9999 -9999 1.3306136192881e-10 6.24135187976549e-11 6.02605521038413e-11 1.37943179101541e-10 2.84371393100002e-10 5.54435697353028e-10 1.43630060067679e-09 2.60583791211744e-09 2.47396351182871e-09 6.00501265379805e-09 1.16227497848342e-08 1.21091247806682e-08 1.58609005374011e-08 2.09128533823488e-08 2.5360392486018e-08 2.234766721676e-08 1.82568362538937e-08 1.86712258543054e-08 2.38052313084047e-08 2.30912183041276e-08 3.00937824437852e-08 3.45903745979648e-08 4.53378248721492e-08 6.73587752353377e-08 5.82481973210314e-08 2.94259156707888e-08 1.81075127891894e-08 1.56137004325707e-08 1.43573987254619e-08 1.42513122414201e-08 2.99307092777035e-08 2.74701264957322e-08 2.35374608581473e-08 1.74523382190372e-08 1.05742339884252e-08 1.38646111147445e-08 1.98046942290198e-08 2.03407694687741e-08 1.88117078581129e-08 2.68789343893516e-08 4.25036796647404e-08 3.39542227223433e-08 4.55109868013892e-08
-9999 -9999 -9999 1.39416300726225e-10 1.20923770996484e-10 1.41790568175537e-10 3.69652752851835e-10 7.45457784390169e-10 1.24846484261809e-09 2.61359324182919e-09 1.48486414275339e-09 4.59897967486356e-09 1.2965079720928e-08 2.0685241042262e-08 1.90211145945085e-08 1.01497194315847e-08 1.2095243118182e-08 1.52779545903314e-08 1.99030564473901e-08 2.31635846281719e-08 1.95074631670344e-08 2.15182809126802e-08 2.81393754075765e-08 3.09139352561161e-08 3.24947546537224e-08 3.93875912996222e-08 3.92905779689201e-08 2.65418700462483e-08 1.36340447709493e-08 1.08704904411283e-08 9.0786913098384e-09 9.06967569935802e-09 1.18805512538955e-08 1.27422893458906e-08 1.75792556622589e-08 1.47413122486562e-08 6.36207500015473e-09 6.3702206287708e-09 1.33692296122589e-08 1.85794144624829e-08 1.74034501476683e-08 1.61955439392791e-08 1.500353407069e-08 2.72624688157919e-08 3.02823682463149e-08 3.15579599785565e-08
-9999 -9999 2.82776886351144e-09 1.0343155221193e-10 1.67646263538046e-10 2.93671076345703e-10 4.75176120673382e-10 8.07218869525173e-10 1.21724603729945e-09 1.13967048021024e-09 2.16508563299911e-09 6.31371865900121e-09 1.00290767912625e-08 1.0173676012748e-08 6.22694692475889e-09 8.42489492614007e-09 6.34545924693697e-09 1.57013858359534e-08 1.14364128722677e-08 9.23865097757215e-09 1.41932843034098e-08 1.23640225391242e-08 1.26284158574741e-08 1.29535442261464e-08 1.09399155290291e-08 6.8121843499469e-09 7.76947426395225e-09 7.72781043600901e-09 8.62020207437197e-09 7.76541853042545e-09 8.21107631887585e-09 7.86634141158871e-09 6.99030240358667e-09 5.48338759953637e-09 9.29662115067842e-09 7.95914515405727e-09 5.27174008890796e-09 4.69153356164043e-09 7.40507576368898e-09 1.40737931531021e-08 5.50459560155758e-09 5.34376110028489e-09 9.05751648128117e-09 1.7456764223045e-08 1.75975100935588e-08 1.81342931560025e-08
-9999 -9999 7.43189842999925e-11 9.41641320473252e-11 1.79643810938046e-10 3.35333139034333e-10 5.65845059696812e-10 8.04465494219642e-10 9.02817764991681e-10 1.09239430834407e-09 3.15413912765905e-09 3.98486728059311e-09 5.35320122674321e-09 4.24709130086853e-09 4.19852821398337e-09 1.94889005045162e-08 1.03574919307903e-08 8.77020991385535e-09 4.73818979607188e-09 6.88983659014042e-09 9.08649734343569e-09 7.82838591728563e-09 6.60015724296414e-09 4.35334075454819e-09 2.74369463815205e-09 2.18744466984333e-09 2.1997680454966e-09 2.58153945997819e-09 2.66173824092775e-09 4.40888655584004e-09 5.83132554465848e-09 4.41793835959103e-09 4.13837555335306e-09 2.34898045459175e-09 2.87285205624599e-09 3.4112712432588e-09 3.76873875440609e-09 3.90858936327732e-09 3.52445437279414e-09 7.57881575275121e-09 4.6365989270214e-09 3.68483598078839e-09 1.03708033716288e-08 1.40564432316026e-08 8.91579214901128e-09 5.61054601666555e-09
-9999 4.13914260199988e-08 6.02908278857228e-11 1.124368043115e-10 2.29590813027869e-10 2.97829239048752e-10 8.46731496029207e-10 1.51509663703919e-09 2.1197372190862e-09 1.30994309843757e-09 1.77303890458447e-09 2.02630587864405e-09 2.18132877316535e-09 2.38127124685406e-09 5.36361256520124e-09 1.08335788895353e-08 1.17337256022587e-08 8.20530964285027e-09 3.04360807668047e-09 2.63067282402218e-09 3.33254334128341e-09 2.93899261594177e-09 7.22451065637841e-10 5.44353173648204e-10 8.74862393640541e-10 1.28568160562281e-09 1.52252211949033e-09 1.69958123130698e-09 1.09297282335774e-09 1.21673300323977e-09 3.3736891169589e-09 2.87184435121546e-09 1.05647214310167e-09 7.17865777932758e-10 1.99766326813844e-09 3.17471050559348e-09 3.67622748909113e-09 3.17909241154268e-09 2.03829337852568e-09 2.87761086070759e-09 3.82324764069963e-09 3.50338583698928e-09 8.56999006204617e-09 5.36381979943101e-09 5.0099179138563e-09 4.74122024973767e-09
-9999 2.79687761839398e-10 6.04526539937922e-11 1.23043597533012e-10 2.36540909082095e-10 6.43710940106956e-10 1.1305188896138e-09 1.66918542321426e-09 1.80019489315342e-09 1.06001299959857e-09 8.5204305833031e-10 8.87895634793523e-10 1.29802641968269e-09 1.95227608523751e-09 3.76708608751386e-09 6.34718513303767e-09 5.71180212016742e-09 2.86803550908488e-09 1.69095494273463e-09 5.44322542594955e-10 3.75950759412547e-10 3.61894481049063e-10 3.64822216880611e-10 3.87122578437982e-10 5.0061609302432e-10 6.88765788847689e-10 1.4351069221874e-09 1.23842669452756e-09 6.50191189777161e-10 5.11786024670613e-10 1.42781959588945e-09 9.03441632615909e-10 5.90838089564727e-10 6.06245798007166e-10 9.9401319397785e-10 1.32800437313563e-09 1.10722148116693e-09 7.56391860257111e-10 1.12739600988121e-09 1.89285248586302e-09 3.42463083446987e-09 2.15396360747633e-09 1.6993861096104e-09 4.79096897709752e-09 4.86828073409384e-09 4.08646401162116e-09
-9999 5.81243020381095e-10 8.3699736030951e-11 1.19090948214051e-10 1.89085547219747e-10 5.37829358826514e-10 6.65575361491477e-10 1.10441500389413e-09 7.6841550900042e-10 3.51804652076737e-10 4.37474401149274e-10 8.46316983160733e-10 6.70400579494412e-10 1.14103771986507e-09 2.21719848036983e-09 1.47600327515818e-09 1.70192390180901e-09 2.18179041500122e-10 2.06486017173546e-10 1.12500297966278e-10 8.2315354532625e-11 7.89162402092813e-11 1.07150754935503e-10 2.96851387915353e-10 3.6178433582279e-10 3.73100672579341e-10 4.17188117385336e-10 5.11515951817643e-10 3.01246350087325e-10 2.8109539140786e-10 4.96393581794763e-10 5.47643907999884e-10 5.42926215096884e-10 2.86542178873361e-10 2.54855159198542e-10 5.82435033535944e-10 6.15887674193516e-10 5.21162557554078e-10 4.05580558027196e-10 4.12472900279681e-10 1.87473745416611e-09 1.23127399387357e-09 1.05557096397035e-09 2.27507771510815e-09 4.34588016684501e-09 3.66611543345385e-09
-9999 4.95904339814501e-10 1.18696552586783e-10 1.8465247109134e-10 2.0557052726744e-10 2.80077905312481e-10 4.79631745431419e-10 7.11484637871962e-10 4.1834109509864e-10 2.62301991238445e-10 3.23748328145967e-10 3.11310011102961e-10 1.96887206538321e-10 2.9326381323358e-10 1.67510083581845e-10 9.39110456066317e-11 9.51536294202526e-11 5.53644907697048e-11 4.80597894814139e-11 5.72357272687896e-11 6.94066470963151e-11 4.90796181473741e-11 5.18235787616561e-11 1.08203279669539e-10 2.38657471562931e-10 2.39099240406659e-10 1.55616219910115e-10 9.54241796691235e-11 8.84823658786615e-11 2.68136812753284e-10 1.65538582841407e-10 2.98081515026638e-10 2.06337447128391e-10 1.05372288672356e-10 1.04750230711659e-10 3.33944205621606e-10 3.02586389278048e-10 1.4003285198072e-10 1.0443061970733e-10 1.33293842630167e-10 3.21462345631573e-10 1.0415109885642e-09 9.02502395039306e-10 8.02159427770732e-10 2.72197031581101e-09 3.06185821141725e-09
-9999 6.90184243090641e-11 1.3329219950009e-10 1.62168689588071e-10 1.32036948041758e-10 2.36409658516123e-10 3.62555663269148e-10 3.85599818741866e-10 2.74064593241974e-10 9.45901357241041e-11 1.01811881147995e-10 9.46883571550927e-11 6.10218209295965e-11 4.77196837600502e-11 4.6254278185387e-11 1.43957512577231e-11 1.50013335087351e-11 1.32830635379833e-11 1.77752701446821e-11 1.36947453377445e-11 1.90250371012723e-11 2.34603336757289e-11 3.51218387706354e-11 6.11982353682094e-11 4.90371854233729e-11 6.49683307152316e-11 7.10287162419832e-11 7.97799715179792e-11 9.46875355900545e-11 2.21533758004711e-10 2.17986062533981e-10 6.30651086908074e-11 8.82878659069775e-11 6.66436905660817e-11 5.10432140998773e-11 9.19030074264526e-11 1.19253440455935e-10 8.96969609698317e-11 8.16558820559976e-11 1.09932396519241e-10 2.87113910424353e-10 5.71645231151052e-10 7.21301396389151e-10 5.72236080742528e-10 1.24205381535347e-09 2.75336226041034e-09
