Scripts_&_data/Maxent_result_files_2/B_monticola_2.asc
NCOLS 594 
NROWS 330 
XLLCORNER -15 
YLLCORNER 23 
CELLSIZE 0.166666666666667 
NODATA_value -9999 
[rows 140 to 159 of 330, columns 528 to 571 of 594]
3.20299342604358e-14 3.07642800123631e-14 2.83439938186802e-14 3.0231372960543e-14 5.54001289287953e-14 9.55679979597335e-14 5.20472553944273e-14 7.12985226414276e-14 5.05040453901984e-14 2.46913600676635e-14 1.90181204118289e-14 1.55431223447522e-16 5.79647441156794e-14 1.46549439250521e-14 3.99347221957669e-14 1.0367817715462e-12 6.77740086274525e-12 3.837041795407e-13 8.51985149097345e-14 6.91013912756944e-13 1.70667924237478e-12 5.91970916730134e-14 2.23687735001477e-13 1.0600409439121e-13 6.36157793110215e-15 5.38091793345075e-13 1.12243547789603e-14 1.72306613421824e-14 1.33226762955019e-16 1.2365664048275e-13 2.44415598871228e-13 1.10356168647741e-13 1.71851421981728e-13 1.10241815676204e-12 4.21884749357559e-16 1.04360964314765e-15 1.55431223447522e-16 2.4624746686186e-14 2.72004641033163e-14 2.66009436700188e-14 6.58251231300255e-14 2.44027020812609e-14 1.95399252334028e-15 9.06386077303978e-14
1.82298620643451e-14 1.93511873192165e-14 2.15605311382205e-14 2.45470310744622e-14 2.4757973449141e-14 2.38808972596871e-14 2.39586128714109e-14 2.00728322852228e-14 3.43058914609173e-14 2.50022225145585e-14 6.80566714095221e-15 1.55209178842597e-14 1.2667644710973e-14 1.97619698383278e-15 7.58060281214057e-14 6.28497254240301e-14 5.52129453268435e-12 7.77133912777117e-13 6.26154683658342e-13 1.14352971536391e-15 8.98392471526677e-14 1.14629417069523e-12 6.72017996805607e-14 1.81632486828676e-14 2.21045404202869e-14 5.73541214521356e-14 2.33257857473745e-14 2.56128451781024e-14 5.32907051820075e-16 2.02449168540397e-13 9.95759030786303e-14 1.10023101740353e-14 5.47784040350052e-14 2.41140440948584e-14 7.60502771868232e-15 5.77871084317394e-14 3.29403171406284e-14 3.77475828372553e-14 2.78554956878452e-14 5.85309578582383e-14 2.07056594092592e-14 1.11022302462516e-17 2.17359463761113e-13 7.0743411129115e-14
1.45883305435746e-14 1.63868918434673e-14 2.01172412062078e-14 2.35589325825458e-14 2.23931984066894e-14 2.27040608535845e-14 2.1227464230833e-14 1.7785772854495e-14 1.40665257220007e-14 2.8110846983509e-14 2.40141240226421e-14 1.19571019752129e-14 1.84574577843932e-13 2.82751599911535e-13 1.33710820193755e-12 5.35793631684101e-14 1.0517586801484e-12 1.22215570996786e-12 3.37396777183585e-14 1.42963418880981e-13 5.61195534487524e-13 6.86561918428197e-14 3.28270743921166e-13 3.82138765075979e-14 2.37032615757471e-14 2.21711538017644e-14 3.55160345577588e-14 1.68975944347949e-14 8.47100167788994e-15 4.68292071786891e-14 4.11559675228546e-14 6.31605878709252e-14 5.60995694343092e-14 5.14910336590901e-13 1.07802655691103e-14 1.08801856413265e-15 5.27355936696949e-15 2.33146835171283e-16 4.91162666094169e-14 5.11812814352197e-15 5.75206549058294e-14 1.95732319241415e-14 3.9279690611238e-14 4.23105994684647e-14
1.2623235789988e-14 1.46549439250521e-14 1.83186799063151e-14 2.12940776123105e-14 1.99951166734991e-14 9.02611319020252e-15 1.5976109324356e-14 1.32005517627931e-14 1.17350573702879e-14 1.19015908239817e-14 8.61533067109121e-15 4.57411886145565e-15 1.21014309684142e-14 8.65973959207622e-15 1.21069820835373e-13 3.35826921826765e-12 9.9440455869626e-13 3.68705066478015e-14 3.12305736827057e-14 2.08832950931992e-14 1.54209978120434e-14 3.71924713249427e-15 3.5527136788005e-15 1.35558231306732e-14 2.23598917159507e-14 9.54791801177635e-15 2.49134046725885e-14 3.95017352161631e-14 4.32986979603811e-16 1.6109336087311e-14 4.045874746339e-13 7.6394446324457e-14 2.08277839419679e-13 6.06070749142873e-14 3.7425618160114e-14 1.38689060236175e-13 1.17816867373222e-13 9.34474719826994e-14 2.59348098552437e-14 2.77777800761214e-14 2.75446332409501e-14 3.55382390182513e-14 4.79505324335605e-14 6.41042774418565e-14
5.31064081599197e-13 7.10143055471235e-13 5.6443738571943e-14 6.88116230662672e-14 2.60902410786912e-14 2.21256346577547e-13 1.52100554373646e-15 1.14241949233929e-14 1.0591527654924e-14 1.02473585172902e-14 7.70494779089859e-15 1.0635936575909e-14 1.39110944985532e-14 3.62820884447501e-14 4.78062034403592e-14 4.75530725907447e-13 1.78468351208494e-11 1.13085096842269e-12 8.84059492278766e-13 6.37612185272474e-13 8.13826783740979e-13 4.87387907810444e-14 1.87627691161651e-14 3.21698223615385e-13 4.27324842178223e-14 1.43218770176645e-13 1.06692432666478e-14 1.35003119794419e-14 1.42330591756945e-14 3.8968828164343e-15 5.70321567749943e-14 7.45292716430868e-14 7.23088255938364e-14 6.78457290348433e-14 4.87165863205519e-14 5.94635451989234e-14 1.2534417948018e-14 2.52242671194836e-14 1.98618899105441e-14 2.44582132324922e-14 3.28848059893971e-14 4.90052443069544e-14 9.82436354490801e-14 3.83965081951487e-12
2.9840574455875e-13 4.96480856426729e-11 3.11917158768438e-13 2.09388062444305e-14 6.37823127647152e-14 1.84074977482851e-14 1.22901688826005e-14 9.45910016980633e-15 8.07132138902489e-15 5.66324764861292e-14 5.73430192218893e-14 9.54325507507292e-13 9.16722253663238e-13 5.54667423102728e-14 5.77642378374321e-12 5.55157031456588e-12 4.70623540138604e-12 1.2373868596427e-11 6.30864249728802e-12 1.20585763596637e-12 9.74154090727097e-13 4.87770934753939e-12 6.11810602180185e-13 3.21942472680803e-13 1.88182802673964e-14 9.67004254448511e-15 2.14273043752655e-14 3.24185123190546e-15 4.04121180963557e-15 2.77555756156289e-15 5.17363929475323e-15 6.43929354282591e-15 2.87547763377916e-14 2.94209101525666e-14 1.00364161426114e-14 1.33337785257481e-14 1.81077375316363e-14 2.66342503607575e-14 2.6612045900265e-14 2.647881913731e-14 2.77777800761214e-14 2.84772205816353e-14 1.86706206051213e-13 1.97231120324659e-13
9.79394343403328e-13 8.43436431807731e-14 3.84914322637542e-14 9.18265463667467e-14 4.46811476706443e-12 1.61630708817029e-12 1.17972298596669e-13 7.49733608529368e-14 3.50941498084012e-14 2.0898616170939e-12 2.19105844578849e-12 4.7294390626007e-13 1.76481051994415e-12 1.22680754444104e-12 1.7465040524911e-11 2.52906584563561e-12 2.28596030993344e-11 6.98311408697805e-12 7.2695183206406e-13 6.87572221380606e-13 1.27964305818296e-12 1.79136705469318e-12 4.02489153117358e-13 6.78024303368829e-13 8.84237127962706e-13 1.99940064504744e-13 4.52970994047064e-15 5.55111512312578e-17 3.10862446895044e-16 2.73336908662714e-14 6.51700915454967e-15 1.04471986617227e-14 3.8880010322373e-14 5.80646641878957e-15 3.00315328161105e-14 5.6621374255883e-16 1.56541446472147e-14 1.69864122767649e-14 1.77080572427712e-14 2.80109269112927e-14 2.83106871279415e-15 2.57460719410574e-14 3.81916720471054e-14 5.24247312227999e-14
5.04851715987797e-13 3.46911388504623e-13 9.93649607039515e-14 5.39076783212522e-11 1.7608137170555e-13 3.28759242052001e-13 5.28614929606874e-12 3.3963276635518e-12 1.53070867092708e-10 8.51748893637705e-11 1.86246063016426e-10 3.45961825853891e-10 6.39944874869514e-11 1.12699549692508e-10 2.06235029054369e-12 2.41621167518247e-12 3.65663055390542e-13 3.96005450653547e-13 6.01441119130186e-13 1.61526347852714e-13 3.48753248502476e-12 1.52181600654444e-12 1.44523415457343e-10 1.00312314010864e-11 9.78683800667568e-13 4.01834121532829e-13 3.17523785042795e-13 9.38171762498996e-13 2.71227484915926e-14 1.7945644970041e-13 1.16771037284025e-12 6.42152997443191e-14 2.19269047363468e-14 2.80420131559822e-13 2.28650431921551e-13 6.39821529091478e-14 6.47704112566316e-14 1.47770684577608e-14 1.86739512741951e-14 1.84852133600089e-14 2.06279437975354e-14 2.77111666946439e-14 3.19855253394508e-14 3.40061312442685e-14
1.88038473680763e-13 1.10489395410696e-13 1.12443387934036e-13 4.55998128146007e-11 5.35639754772888e-11 2.93993274169679e-11 6.63668009437401e-12 6.52011777901862e-13 4.36582991980572e-12 5.51312773211521e-10 6.37745278808666e-10 7.18560710932792e-10 1.75710823668851e-10 2.54504672891898e-10 3.35916516824852e-10 4.00166566549842e-12 6.62359056491368e-14 5.42121902924464e-14 1.46216372343133e-14 4.07091027554429e-12 3.62221364014204e-13 1.49258383430606e-13 5.46017675517874e-12 5.02295871562808e-11 1.0843914655112e-11 2.0415891199832e-13 1.96509475358653e-14 4.75508521446955e-14 2.01734740024051e-11 6.84208245615991e-13 3.02171621058278e-12 1.34559030584569e-14 7.73936470466197e-14 3.85913523359704e-14 5.86197757002083e-15 6.77236045021345e-15 8.78186412478499e-15 1.09579012530503e-14 1.16906484493029e-14 7.16426917790613e-14 1.03705932730236e-13 1.39999123405232e-14 1.84408044390238e-14 2.13495887635418e-14
1.03796971018255e-12 6.13431527796138e-13 6.41986463989497e-13 8.3603612921479e-11 1.00966754956744e-09 1.44592782191921e-11 5.18038889563144e-10 1.90288451662468e-11 1.37214298812083e-09 2.94803426115209e-10 4.21470969236282e-11 1.88435012038468e-10 2.24853069497044e-10 1.77634029707718e-10 1.70003344734937e-10 1.62111923884822e-10 4.02132771526453e-12 2.03028704959252e-12 1.43207667946399e-13 2.80140355357616e-12 1.27928556636903e-11 5.654865464777e-12 6.31162677677821e-11 4.47647585666289e-11 1.16765042079692e-10 5.80461234633845e-12 6.07947026054489e-13 5.97633054155722e-14 4.38471481345459e-13 3.30102611911798e-13 7.41984251817485e-13 3.05977465586693e-14 2.65546473698919e-12 2.55462317966249e-14 1.29229960066368e-14 1.17572618307804e-14 6.69697630684141e-13 8.44213587924969e-14 6.2903238173817e-12 5.37018308710557e-09 7.64843743894517e-13 1.02695629777827e-13 1.61204383175573e-14 6.99440505513849e-14
3.85791398826996e-13 7.53546014475859e-10 6.85174272874178e-10 6.94636914655433e-10 6.72980327021122e-10 6.02501437629854e-10 7.32361238320323e-10 6.17728090901437e-14 3.84354936766584e-10 3.50741946597566e-10 2.84650991666524e-10 2.40451636379646e-10 2.18540940899459e-10 1.92641835816687e-10 1.67382818716533e-10 1.58369839464711e-10 3.91605070593215e-10 1.02629249543185e-10 8.60372884048388e-12 4.57833770894922e-13 5.44675415881102e-14 1.89702697994676e-12 2.81783030242622e-10 7.54001305836027e-11 3.87217524711048e-10 1.53923607193462e-10 2.31889618618197e-11 6.1405560636274e-10 1.7634105287101e-11 1.47575285325274e-12 7.91808840716612e-12 8.98503493829139e-14 5.82422998718357e-14 1.28364208151766e-11 3.33078009617793e-13 2.18158824338843e-14 5.67323965583455e-15 5.06261699229071e-15 1.62375668466552e-11 2.903024576284e-09 1.05236930281194e-12 1.33316691020013e-12 2.28816965375245e-14 1.75082170983387e-14
8.04213429184131e-10 8.76521077941561e-14 7.55194318191599e-10 1.9089041458642e-11 8.40482083930283e-10 6.59518883949772e-10 6.35568186968527e-10 4.96465912824817e-10 4.12254419490665e-10 3.58379093068351e-10 3.0626271518841e-10 2.67272082243863e-10 3.50275364269237e-13 5.18346920941326e-11 1.72960956668078e-10 1.51172974138802e-10 6.85830658930797e-10 1.19274146115345e-11 3.6678424741865e-10 1.47143652817761e-10 2.46510367674091e-11 3.39239747404463e-13 2.52151854951421e-10 5.91631144075677e-10 4.78035888651362e-10 2.20229712244446e-10 5.12589970469435e-14 2.42589881516153e-10 1.88722371063932e-11 5.50597345494452e-12 1.39880218519295e-11 7.78117570376935e-12 1.95032878735901e-13 4.62296867453915e-14 1.66866520601161e-14 4.64073224293315e-15 5.40678612992451e-15 5.76205749780456e-15 4.32655022919448e-12 3.41482397914206e-13 5.03883934577232e-11 8.11712919102092e-12 1.80300219199125e-14 4.36428670980149e-14
9.12126885133091e-10 9.09980224506057e-10 9.56295054255207e-10 1.12694111820133e-09 8.65776328407009e-10 6.28958829462789e-10 5.50115253350469e-10 4.79656270258033e-10 4.31241831133633e-10 3.4745274435366e-10 2.94192992189579e-10 1.06193387416909e-11 2.45451214908599e-10 9.49891854062912e-10 1.78573877906985e-10 1.60049662412121e-10 1.52361367966591e-10 1.46075729290374e-10 1.50393431042062e-10 5.91697801866076e-12 1.48375567388115e-10 1.01089137061194e-12 2.70428124338196e-13 1.7486184722415e-10 2.39194108964114e-11 4.74511585579762e-10 4.66591210113165e-12 2.50208409546815e-11 3.39502759238997e-11 5.65647528816271e-13 1.72597491854276e-12 3.94738908227055e-11 2.56902610296095e-11 5.56221735337203e-14 4.40758540776187e-15 3.84248188822767e-14 1.88737914186277e-15 6.70907773780982e-14 2.38198349933327e-13 8.48876524628395e-14 4.48640014028001e-12 1.21358478821776e-13 1.53654866608122e-14 2.69007038866675e-14
1.01176513833678e-09 1.14606818479857e-09 1.25363547320845e-09 1.08878743798613e-09 8.25487345146314e-10 6.7651806379132e-10 4.50075199331934e-11 5.65862379175996e-10 5.14913633953285e-10 4.24700641321607e-10 3.39125816317676e-10 2.897242112887e-10 6.83864742612172e-11 2.34345742811115e-10 1.90782178943749e-10 1.36457511956678e-13 2.28816965375245e-13 1.86488002817953e-10 1.80926751358612e-10 7.23197057794778e-12 7.11981584800014e-12 7.56252838129967e-12 4.1341374767967e-13 3.86375609284784e-10 1.88645987719838e-11 2.20619456037241e-10 2.17168660832101e-10 5.42204603437568e-10 2.96791469178714e-10 2.23843166224924e-12 1.39115895469999e-09 4.21329093835965e-10 3.18967352530564e-10 1.93556171090847e-11 6.8157701704763e-13 5.57776047571679e-14 2.83884027396653e-14 2.95763413760142e-14 1.81686887756882e-12 7.43960448801317e-14 5.70987701564718e-14 4.18221013376296e-14 2.00284233642378e-14 3.46833672892899e-14
1.3190779801775e-09 1.44664688006557e-09 1.44081728770118e-09 1.30363190242733e-09 1.21639226469128e-09 1.012624506469e-09 7.76244801770076e-10 7.1893934139311e-10 6.28043095307618e-10 5.58495971691997e-10 2.49704035226728e-11 2.87862733650002e-11 4.95267571398728e-10 2.96027025115109e-10 2.66010047322851e-10 2.27744234582161e-10 8.46323011671757e-14 1.21236354289067e-13 1.95633775845749e-10 1.99618710450267e-10 1.90353777185237e-10 2.02270455940123e-10 2.51826892672113e-11 6.48848752504705e-12 3.41084605004482e-11 2.57983556739561e-10 2.35131081272044e-10 1.045293851476e-11 1.05267694561206e-10 8.66284866063438e-10 2.99236813106063e-10 3.96700872151712e-10 1.09168785122904e-11 1.924449488655e-11 1.73516623291903e-10 4.83495354863805e-11 4.04523858854589e-11 8.79518680108049e-14 1.25931376437904e-11 3.04081204660633e-12 3.21749293874518e-12 1.93878246790291e-13 1.41597844560692e-13 5.19384535380141e-13
2.39828090720096e-09 2.7355640641602e-09 2.77347502741776e-09 2.23065677040779e-09 1.69711881214951e-09 1.3992096037363e-09 1.1792520848708e-09 9.633054465219e-10 8.89309847984521e-10 7.40423389267164e-10 6.4270256894261e-10 3.54413987047053e-10 6.57870269371585e-10 3.95442256717615e-10 3.09596792646971e-13 3.61157848072224e-10 3.18550985589638e-10 2.43330067206671e-10 2.46656062241612e-10 2.39314945638114e-10 2.55933452208978e-10 2.7945840086474e-10 2.5637625356012e-11 7.51103623741756e-12 3.29312133118265e-12 2.28631524823442e-10 2.52232856823298e-10 2.98115820918099e-10 3.87071819041296e-11 2.99846758533562e-10 4.80780970590899e-11 4.59888249704221e-10 1.21387455642719e-11 3.63932217695151e-10 2.38011410580441e-10 2.23025794499065e-08 1.30696674183195e-07 5.67358250380678e-09 2.30109886700802e-10 1.20256116176165e-10 1.13241638288741e-11 8.36886115962443e-14 2.00839345154691e-14 4.89608353859694e-14
3.11908309180708e-09 3.75279601838585e-09 3.02477705105275e-09 2.07998974710577e-09 1.62213398269273e-09 1.82386873381901e-09 1.33281204961477e-09 1.24199945883419e-09 9.78822600750107e-10 9.0216307757629e-10 7.65435503868872e-10 6.46910747192919e-10 5.92088200690455e-10 5.49854795028892e-10 7.7890498495492e-10 4.45396630688322e-10 1.68561831159764e-12 3.27388249843352e-10 2.85171752878455e-10 2.77720535457604e-10 2.91142177033521e-10 4.15129797204372e-10 2.947471156034e-11 2.93232049752845e-10 3.23368665178236e-11 1.30865762670851e-11 1.16757437051973e-10 2.66715394214856e-10 2.90130364177799e-10 2.19702034343072e-13 3.39541172955649e-11 8.93488616426907e-12 4.15590617475203e-10 6.90387413904148e-11 1.67715058507767e-09 2.60397216012009e-09 3.22959522502941e-07 8.88080387007051e-11 8.959454289581e-11 3.66233710025199e-12 7.13651360229051e-14 9.68669588985449e-14 3.14925863165172e-13 6.97905067070792e-12
3.95641384098866e-09 4.2548186640623e-09 3.43087238618978e-09 2.99086311272845e-12 2.22110123626607e-09 2.18687690178854e-09 1.84487034537995e-09 1.56524433414518e-09 1.1982826397805e-09 1.02383410638396e-09 9.42124389613497e-10 8.08261835238966e-10 6.97428492735241e-10 1.04077068074915e-09 3.47012751866771e-11 1.00165548078124e-09 5.88746162932807e-10 4.23609813893222e-10 3.75582975831179e-10 3.42046713175392e-10 3.10998060637502e-10 3.03256530997942e-10 2.8858222478334e-10 2.95799140737074e-10 2.8034565779933e-10 4.16090562005422e-10 7.66853247569088e-13 5.03419528286031e-11 2.84077206202937e-10 1.94555482835312e-13 3.18417470168697e-10 3.29031402124258e-10 3.60334684312846e-10 3.53917339879217e-11 5.76486081094174e-11 2.17238205202364e-10 1.21045876655401e-09 7.76376773981013e-10 1.40193656683607e-10 1.76894171532993e-09 1.97241112331881e-12 1.61586843805406e-07 4.45943438986962e-07 4.10341832624006e-08
3.25638767062486e-09 2.73058210153998e-08 5.68488836005798e-09 3.46428153941147e-09 3.31262413055811e-09 2.35825425853875e-09 1.65408013952373e-09 1.17204240757118e-09 1.24166464887665e-09 1.13398986867352e-09 9.83507630891722e-10 9.30655885689191e-10 7.92977605801326e-10 8.21232537528971e-10 8.57729443026756e-12 8.77643724361832e-10 6.82702305798699e-10 5.52569368039713e-10 4.75073347327992e-10 4.35729075043412e-10 3.76048125971806e-10 3.61428709183542e-10 3.3030873591855e-10 3.32367022792823e-10 3.08325032172263e-10 2.66364019729792e-10 1.37794553545234e-11 7.47313322335685e-13 8.01060329180814e-12 3.43093720100995e-10 3.15144776941167e-10 3.91481458361653e-10 4.94377305759741e-10 3.3591821546608e-10 1.28890254025293e-10 4.42392789068435e-11 6.56628929007752e-10 3.29845040170085e-12 2.43268483135495e-10 1.35158482184039e-09 1.26072794759402e-07 1.26717239889995e-07 1.47897145807985e-07 9.99661993406065e-08
3.65830782445009e-08 1.30830056011e-08 1.35666320177918e-08 5.98285636588258e-09 3.25197099249053e-09 3.23660720447094e-09 2.24561751416275e-09 1.98508052218216e-09 1.19718679414404e-12 1.60559296968898e-09 1.59230180152292e-09 1.36026034880388e-09 1.19823910793571e-09 1.35875443119104e-09 1.0044703513401e-09 1.05052528898142e-09 1.10066883385329e-09 9.09530462056551e-10 7.97082555514805e-10 6.85747525430713e-10 5.7979646639339e-10 4.93735174966758e-10 4.59736748670281e-10 4.20416979007854e-10 3.20520010532732e-10 2.77965495065757e-10 2.68255417879004e-10 1.37135636180119e-11 1.59224855522666e-12 2.35524865166425e-09 3.60990592973565e-10 3.97477806224344e-10 4.32398428173997e-10 5.67479840896112e-11 4.56714277508041e-10 5.9471464419758e-10 7.60594687232441e-10 2.13064343945746e-11 4.6679293763674e-11 2.43054465443038e-11 1.27824014706235e-09 5.52266121722766e-11 3.8741510000051e-11 1.17227016982469e-10
