Scripts_&_data/Maxent_result_files_2/B_monticola_2.asc
NCOLS 594 
NROWS 330 
XLLCORNER -15 
YLLCORNER 23 
CELLSIZE 0.166666666666667 
NODATA_value -9999 
[rows 240 to 259 of 330, columns 88 to 131 of 594]
-9999 -9999 -9999 -9999 -9999 -9999 -9999 -9999 -9999 -9999 -9999 -9999 -9999 -9999 -9999 -9999 -9999 -9999 -9999 -9999 -9999 -9999 -9999 -9999 -9999 -9999 -9999 -9999 -9999 -9999 -9999 -9999 -9999 -9999 -9999 -9999 -9999 -9999 -9999 -9999 -9999 -9999 -9999 -9999
-9999 -9999 -9999 -9999 -9999 -9999 -9999 -9999 -9999 -9999 -9999 -9999 -9999 -9999 -9999 -9999 -9999 -9999 -9999 -9999 -9999 -9999 -9999 -9999 -9999 -9999 -9999 -9999 -9999 -9999 -9999 -9999 -9999 -9999 -9999 -9999 -9999 -9999 -9999 -9999 -9999 -9999 -9999 -9999
-9999 -9999 -9999 -9999 -9999 -9999 -9999 -9999 -9999 -9999 -9999 -9999 -9999 -9999 -9999 -9999 -9999 -9999 -9999 -9999 -9999 -9999 -9999 -9999 -9999 -9999 -9999 -9999 -9999 -9999 -9999 -9999 -9999 -9999 -9999 -9999 -9999 -9999 -9999 -9999 -9999 -9999 -9999 -9999
-9999 -9999 -9999 -9999 -9999 -9999 -9999 -9999 -9999 -9999 -9999 -9999 -9999 -9999 -9999 -9999 -9999 -9999 -9999 -9999 -9999 -9999 -9999 -9999 -9999 -9999 -9999 -9999 -9999 -9999 -9999 -9999 -9999 -9999 -9999 -9999 -9999 -9999 -9999 -9999 -9999 -9999 -9999 -9999
-9999 -9999 -9999 -9999 -9999 -9999 -9999 -9999 -9999 -9999 -9999 -9999 -9999 -9999 -9999 -9999 -9999 -9999 -9999 -9999 -9999 -9999 -9999 -9999 -9999 -9999 -9999 -9999 -9999 -9999 -9999 -9999 -9999 -9999 -9999 -9999 -9999 -9999 -9999 -9999 -9999 -9999 -9999 -9999
-9999 -9999 -9999 -9999 -9999 -9999 -9999 -9999 -9999 -9999 -9999 -9999 -9999 -9999 -9999 -9999 -9999 -9999 -9999 -9999 -9999 -9999 -9999 -9999 -9999 -9999 -9999 -9999 -9999 -9999 -9999 -9999 -9999 -9999 -9999 -9999 -9999 -9999 -9999 -9999 0.0122340613161214 -9999 -9999 -9999
-9999 -9999 -9999 -9999 -9999 -9999 -9999 -9999 -9999 -9999 -9999 -9999 -9999 -9999 -9999 -9999 -9999 -9999 -9999 -9999 -9999 -9999 -9999 -9999 -9999 -9999 -9999 -9999 -9999 -9999 -9999 -9999 -9999 -9999 -9999 -9999 -9999 -9999 -9999 3.9635283305417e-06 9.67704940402214e-08 1.79745225759032e-07 3.67684593115314e-05 -9999
-9999 -9999 -9999 -9999 -9999 -9999 -9999 -9999 -9999 -9999 -9999 -9999 -9999 -9999 -9999 -9999 -9999 -9999 -9999 1.56620534641494e-07 0.000103975063666439 7.13975064798866e-06 5.05606249898705e-06 2.68025456950927e-07 3.15003565454219e-09 4.42646910236988e-09 3.04301357445524e-09 8.6666996912399e-10 4.18837489846169e-07 4.23205064037369e-07 1.94823728281168e-06 3.09449184721089e-07 -9999 -9999 -9999 0.0320958410622552 6.5524287307106e-08 1.51619735577757e-07 1.42291675675477e-07 9.42525500535751e-08 1.96892426274076e-07 1.13601854967449e-07 2.31019037788549e-08 3.25890324726075e-09
-9999 -9999 -9999 -9999 -9999 -9999 -9999 -9999 -9999 -9999 -9999 -9999 -9999 -9999 0.0035146098351106 6.87979313018783e-07 4.3655829348177e-07 4.72253924066468e-07 7.30534355231072e-09 3.46745856472097e-09 2.16955547971409e-09 2.72003968349033e-08 8.21620981250604e-09 2.58227656191323e-07 4.41198164669032e-09 2.0311019777175e-08 1.07266715654308e-07 1.02936689292399e-06 1.39940752602596e-06 3.46301199016796e-07 3.04294056618915e-09 1.11120078749583e-07 1.53957272155059e-05 2.0634400731856e-06 5.66401022559226e-06 2.28707378595594e-06 8.00482307861117e-07 2.533575294561e-07 6.46949999683066e-08 7.89125972344706e-08 1.46321114447012e-08 3.18054537706836e-08 2.45069253557162e-08 2.48434052219082e-09
-9999 -9999 -9999 -9999 -9999 -9999 -9999 0.00170478358631954 2.13585281905182e-08 2.05037931078067e-10 2.80057332879835e-10 5.54557877396888e-10 9.15587810013108e-08 2.6909523452745e-06 9.35969749409349e-06 2.27456522137182e-06 1.11171265526622e-09 8.26185063695917e-09 2.54330983995299e-07 2.70880758148961e-05 2.08191015648507e-05 1.57763576580372e-07 3.27023408353e-11 1.98241723148307e-08 2.99307956197481e-10 1.24576452487091e-09 1.84469624020522e-09 3.21607882547426e-09 7.07593983406696e-12 2.43729704196838e-09 2.9307393623057e-09 5.21830275657109e-09 3.24216209435235e-12 9.47423250963197e-12 5.17442755310071e-12 2.90797386170993e-12 6.54858389737001e-12 3.82970760659518e-09 5.67927339600871e-09 2.23481607664056e-08 7.42673891274137e-09 2.16146815557039e-08 1.47152704133013e-08 7.99341839385903e-09
-9999 -9999 -9999 -9999 -9999 2.77950364946378e-09 9.99349791808157e-10 1.04156605562622e-10 1.37106770381479e-11 2.93600588285869e-11 4.5832512229893e-10 4.66249261421581e-13 1.4936496484097e-12 1.92151405897789e-11 1.89447790788222e-11 4.22832302504617e-10 1.85702243582497e-09 3.82576437196747e-10 2.96634588003997e-09 8.576935606186e-10 1.39022182654713e-10 9.9518001617227e-10 4.05806034347034e-06 1.32234778682516e-11 1.52071688575006e-12 3.84459131197445e-13 1.37954677126295e-08 2.52333761496804e-07 1.21830062493888e-07 6.32517493937001e-10 3.91400456489777e-10 6.06384055779063e-07 8.91457963003717e-10 7.13743508740095e-12 4.15265459796643e-09 5.16710008113819e-12 1.67688141150535e-09 1.89474547163115e-11 5.27371517122788e-08 1.73361153099627e-08 3.151958616332e-09 1.1144483558212e-08 7.75182480428072e-09 1.63640091144224e-08
-9999 -9999 -9999 3.33683571551724e-08 1.49402712423807e-12 3.3421265754896e-12 7.63655805258168e-13 8.19072587532332e-12 4.51889636821079e-12 3.93352017624693e-14 6.13939098337291e-08 5.40379258007206e-09 4.91507933042534e-07 6.4561960679832e-07 8.45394321213888e-10 3.89321908045304e-13 1.71748295585417e-09 8.57325321845792e-13 1.00034203143196e-11 5.75222092180638e-12 9.26395626876797e-12 2.9598095928618e-07 5.79652272847397e-09 2.88888912791663e-12 4.01858324394766e-11 2.27234105976137e-09 5.52434692352444e-06 4.62029901715511e-06 1.24813619040154e-06 5.32141540483533e-06 2.53926622950651e-08 1.85918549333586e-08 4.99833507916492e-13 1.62370117351429e-13 1.93380866875259e-12 1.24503851672841e-11 8.88735751658487e-12 4.19978063437298e-10 8.95237373121915e-10 2.2017576650768e-10 1.06265329868904e-11 1.59451213344042e-09 1.83604909054225e-11 3.27056436377759e-09
-9999 -9999 3.16989386490718e-06 8.90689744181827e-12 8.84958772928712e-14 3.33066907387547e-17 3.5564107214725e-12 5.31019672678212e-14 6.63458177285747e-13 6.72637501253348e-12 2.27422625176388e-10 4.44202218918832e-07 4.67632037048915e-07 1.15166431946534e-11 1.38628108992123e-11 5.48560086244265e-12 3.42103012584971e-12 2.06031858240863e-12 2.58807799302652e-08 5.77237316017332e-06 2.59466477259274e-07 5.37935761490971e-09 5.97311956562763e-09 6.9772957411729e-10 6.78528322417549e-10 1.5073510217789e-10 2.08837613868695e-11 4.88460716319139e-11 7.41622763200667e-11 2.39165083071313e-08 5.23453220768744e-08 7.71379082276091e-08 5.66019120462613e-11 1.04205533091317e-13 7.39741601307742e-14 3.86357612569554e-15 9.27369292469393e-14 1.47104550762833e-14 1.00846220263406e-11 3.59232643631913e-12 7.63777929790876e-13 5.98410210272959e-15 4.50274262320249e-12 4.52444748333392e-12
2.7663920043608e-10 5.73790570612687e-11 2.82107670557252e-14 1.96431870769231e-11 1.54596446755306e-11 1.37112543541207e-14 1.37449640558174e-10 3.67894603670038e-13 1.58330519306471e-07 1.4060234679647e-06 6.89204319170855e-09 1.77627957931303e-07 6.15851905886311e-06 8.38727642893389e-11 4.56760221756447e-08 2.42414767005483e-06 4.76580834884999e-07 2.06225370114055e-10 1.16657761228822e-10 3.11674364095182e-10 1.73968139893788e-10 1.78007797391189e-10 5.62504487433557e-12 2.8408997376772e-11 2.12183048908798e-11 5.50539613897172e-12 1.86350934683333e-13 5.28221910656157e-13 5.25782750671056e-11 8.35553848332893e-14 2.74880118666943e-13 1.24612612451003e-09 1.01142427766376e-12 3.5473846082823e-13 6.61803944979056e-13 1.13788978239882e-12 5.08815212185709e-14 7.06645852943666e-13 2.23077112337933e-12 3.92574861507455e-14 1.26121335597418e-14 5.68511904219804e-13 1.9339307932853e-12 1.65675917429553e-11
1.41487377369742e-11 4.26336743686306e-13 4.40980585381112e-14 1.77847514493124e-11 1.9533263895255e-13 7.13656134188057e-11 4.83864059930283e-12 3.54938300972663e-13 4.87631823808954e-11 8.12595818655559e-07 2.12952544487166e-09 3.89457519567316e-09 2.81963341564051e-13 1.09998485875451e-09 6.04757911859544e-08 1.10595952707015e-07 6.39098481913791e-09 9.5472363192961e-08 4.76338344324034e-09 6.07156980247936e-10 2.89787971397004e-11 2.05502346251052e-09 1.67766622816146e-10 6.4793468368407e-10 1.4302015127754e-11 5.77904391008133e-13 3.87800902501567e-14 2.88657986402541e-16 3.33066907387547e-17 4.21884749357559e-16 5.10702591327572e-16 1.52367007899556e-13 1.31339383813156e-13 2.15483186849497e-13 3.11972669919669e-14 4.44089209850063e-16 1.27607480138181e-11 8.4684111856248e-08 4.1009926937674e-07 1.30438373435737e-09 2.08467356710429e-09 5.35238520171788e-14 4.67403893367191e-15 2.83106871279415e-15
5.82809356330927e-12 6.56320553460432e-12 5.08713071667444e-12 4.93298735193548e-12 8.94284646335564e-13 3.87826437631134e-12 2.65169011304245e-08 2.0317421806082e-07 1.43971501387341e-12 4.40951719582472e-11 7.23709980832155e-13 1.7874590696465e-14 2.08055794814754e-14 6.58362253602718e-15 1.4880230381209e-11 2.15933237956989e-10 1.89728233124242e-12 9.75045488793569e-10 1.25210172052803e-07 8.64534780875559e-08 3.67642212228958e-09 2.45888401861905e-09 3.36780100695933e-08 5.08684021460759e-08 1.18019594097518e-11 3.58739704608979e-12 4.43631797963917e-12 3.29736238313671e-15 3.77475828372553e-16 1.11022302462516e-17 8.88178419700125e-17 0 1.22124532708767e-16 1.19904086659517e-15 3.61932706027801e-15 6.00408611717285e-14 9.6410657235424e-13 1.1660672427638e-13 2.06746446074213e-08 0.000192470871161277 6.18587391812753e-05 4.86400029142686e-08 1.13402548826969e-06 3.97624824131526e-05
2.74885669782066e-12 2.78191913949399e-12 1.79018910806406e-11 9.83824133271582e-13 6.20863360722979e-12 1.43780543027106e-12 1.55297996684567e-12 6.362022020312e-13 8.3135720529981e-13 5.72836977852376e-10 1.75674369495837e-09 2.80331313717852e-14 4.80282480452843e-12 1.65269622209863e-08 2.7424837567569e-08 4.41739578249667e-10 1.77228276498909e-10 1.66298697035216e-10 7.14690596703704e-09 1.05758138024825e-08 9.20610291998969e-08 8.49101189359658e-10 6.40886455016698e-11 1.9346746427118e-13 1.01101016447558e-11 1.59173108027488e-10 1.56870405554343e-11 1.55431223447522e-16 8.88178419700125e-17 3.94806409786952e-13 1.31805677483499e-13 1.33226762955019e-16 4.88498130835069e-16 3.95239396766556e-15 6.43929354282591e-16 2.40141240226421e-14 1.45943257479075e-12 1.55438775237826e-06 1.32899590998825e-08 8.19794445328093e-08 1.72409405641005e-09 2.03119401131602e-05 2.36954934555222e-05 3.83574809248444e-07
1.54002366414829e-12 9.23150444975818e-14 6.15063555642337e-15 9.57012247226885e-15 2.57982524232148e-13 5.75706149419375e-13 1.30349386839868e-10 1.76314518540721e-13 1.75074399422215e-12 2.70953415260067e-10 6.56226184503339e-12 5.44797540413811e-13 6.5573885210668e-10 3.61159946282719e-08 2.60439375399102e-08 3.14327230910294e-09 1.25982868581787e-10 3.80397764399021e-09 9.6690111694997e-09 3.16159542990135e-10 1.18449672292797e-10 5.21804155440009e-11 1.38327804766192e-10 9.74367586614733e-11 2.20998345401568e-08 1.88484246321785e-08 5.53206369602322e-12 1.75747194575138e-11 1.70119474063313e-13 3.56381590904675e-15 1.19904086659517e-15 4.07451850037432e-15 6.21724893790088e-16 8.88178419700125e-17 3.33066907387547e-17 1.11022302462516e-17 7.31636973227978e-15 3.43399308988523e-11 3.29899774165199e-11 3.59708351993504e-10 1.01275305919302e-09 4.17564663546255e-07 1.21406520873224e-06 4.3771319901964e-12
6.71552480291382e-11 2.3282120675816e-11 1.7794654638692e-13 2.16460183111167e-13 3.53383988738187e-14 3.87846410543347e-10 5.52188572644496e-10 2.80775402927702e-14 9.67115276750974e-13 1.00919272938427e-13 6.39843489302905e-10 1.86436477811469e-08 2.7198077345858e-09 8.45548081329639e-08 2.193988660526e-07 7.74387073576577e-08 6.08398897927742e-10 1.83839055090118e-11 2.85379064823843e-10 2.04640804302159e-10 2.75989608944371e-10 1.67683443796918e-09 5.28320720505349e-12 6.92753632236531e-12 2.912214913664e-12 8.98583429886912e-12 3.84370313355475e-13 1.76714198829586e-13 1.18260956583072e-13 1.71640479607049e-14 2.96429547574917e-15 2.55351295663786e-16 1.66533453693773e-16 0 0 0 0 9.99200722162641e-17 8.54871728961371e-15 3.48321371745897e-13 1.10911280160053e-14 1.16573417585641e-15 3.96349619791181e-15 5.76205749780456e-15
3.73676332987571e-08 6.89492907213207e-13 1.14552811680824e-13 1.47028159092066e-08 2.3844212238e-08 1.74777930128656e-08 1.61839067924774e-08 5.09825071048908e-11 6.65134614052931e-14 9.51036072116551e-10 6.53462872701738e-08 5.51453164687743e-08 4.44691348899795e-07 1.15074374806845e-08 8.71416135472813e-08 1.61345435234495e-08 1.37242295306095e-10 2.71459787981598e-10 1.87154403086254e-10 1.0070122513639e-11 2.12858455639342e-08 1.15285558877076e-13 2.30926389122033e-14 9.88098491916389e-16 2.49190668100141e-11 1.72542868881465e-11 9.11348774224052e-12 1.01363362148277e-14 8.45323810949594e-14 1.26565424807268e-15 1.22124532708767e-16 0 0 0 0 0 0 0 0 0 0 0 0 0
