Scripts_&_data/Maxent_result_files_2/B_mocsaryi_3.asc
NCOLS 594 
NROWS 330 
XLLCORNER -15 
YLLCORNER 23 
CELLSIZE 0.166666666666667 
NODATA_value -9999 
[rows 300 to 319 of 330, columns 0 to 44 of 594]
-9999 -9999 -9999 -9999 -9999 -9999 -9999 -9999 -9999 -9999 -9999 -9999 5.66456652784098e-07 5.48147638390617e-11 5.67602187473426e-11 4.95367413755332e-11 3.71038056945494e-09 1.4174423856872e-10 1.7291642562256e-10 2.35171437878989e-10 2.43827225077098e-10 3.73146857857165e-10 2.12548582068095e-09 1.30789556962441e-10 2.10242590004128e-10 7.73549502230964e-10 1.12350128089744e-09 3.98676086588168e-09 6.92815427250082e-10 4.220764071583e-10 3.72313635477184e-10 2.59782451106361e-10 2.03390504438516e-10 1.46174650161868e-10 6.73027633624201e-11 4.2035097624904e-11 2.7977531402712e-11 1.47317269494351e-11 7.662992462798e-12 4.06013000997518e-12 1.60272906057912e-12 7.32358618193985e-13 3.216538146944e-13 2.5978108553204e-13 1.91613391820056e-13
-9999 -9999 -9999 -9999 -9999 -9999 -9999 -9999 -9999 -9999 -9999 -9999 3.97920141281816e-11 2.52838305847547e-11 3.89548282520025e-11 6.60574261956981e-11 1.10540832043426e-10 1.66671199064439e-10 3.21176041317983e-10 3.83331977271695e-10 2.12297424084795e-10 1.64922142609214e-10 6.70698607763143e-11 1.14106468718234e-10 2.97806812543655e-10 5.49471979027771e-10 9.95567983608225e-10 1.11902070942804e-09 1.25033302600386e-09 9.52810885745947e-10 5.73766323341829e-10 3.74853648121842e-10 1.85427695420515e-10 9.13988107420494e-11 4.89141838144747e-11 2.98319258185131e-11 2.04540828718791e-11 1.31287536397906e-11 4.68997063407528e-12 1.54359858228759e-12 6.59650112311283e-13 3.46866979583638e-13 1.82009962657048e-13 1.48692169688047e-13 1.60260693604641e-13
-9999 -9999 -9999 -9999 -9999 -9999 -9999 -9999 -9999 -9999 -9999 3.5316272128938e-11 5.01893082649474e-11 6.9756955767275e-11 7.51501638696084e-11 1.18646126257005e-10 1.58904323033227e-10 1.8036172555469e-10 3.29600258197615e-10 2.89514656692802e-10 1.99955230151261e-10 7.72066854892728e-11 9.20672871274064e-11 3.02381719663458e-10 5.3702848834547e-10 5.04732444728262e-10 6.65695265578137e-10 6.92434753979398e-10 6.53703235986569e-10 5.30369748119597e-10 3.78576725523772e-10 1.96856220213704e-10 1.16953180473445e-10 6.88076040589181e-11 3.87080811847795e-11 2.23595364445828e-11 1.37211242368096e-11 6.24416074401779e-12 2.15836237771327e-12 9.62641077961735e-13 4.9791282208389e-13 1.74416037168612e-13 1.52433621281034e-13 1.98963068243074e-13 2.89146484533376e-13
-9999 -9999 -9999 -9999 -9999 -9999 -9999 -9999 -9999 -9999 1.1225248846003e-07 3.7669389829631e-11 5.86407145064527e-11 5.34530419926682e-11 8.04916466812244e-11 8.97144469824696e-11 1.32661481799801e-10 1.74537084784987e-10 1.9354455815801e-10 1.88309101645245e-10 1.81447978864213e-10 7.05113745169683e-11 7.5665063103969e-11 2.23136464860829e-10 2.02469963017649e-10 2.91495838578015e-10 3.39670225280031e-10 6.89569512601906e-10 6.02039518238229e-10 3.71813446697899e-10 2.01294991786227e-10 1.12482390068891e-10 8.21330670142117e-11 4.35568914269879e-11 2.04926520197546e-11 8.80961970040062e-12 6.50228759724314e-12 3.77824438402286e-12 1.56086255032051e-12 8.33200175520688e-13 4.00091071384168e-13 1.98108196514113e-13 2.67597055625402e-13 2.76034750612553e-13 2.77633471768013e-13
-9999 -9999 -9999 -9999 -9999 -9999 -9999 -9999 -9999 -9999 5.13282638614498e-11 6.6879723981117e-11 5.52435874823232e-11 5.26982457671465e-11 7.17509274217321e-11 1.00598074315172e-10 1.60369151291917e-10 2.39784925248898e-10 2.91971269383851e-10 2.39794573086982e-10 1.49602874532917e-10 5.15251286081764e-11 4.77575090584992e-11 7.29494020745847e-11 5.88995852091045e-11 6.95058566257956e-11 3.10944470172103e-10 4.82245987587504e-10 1.86767568077784e-10 2.58799370822516e-10 1.4974996798145e-10 9.10887254512716e-11 5.16350184831538e-11 2.84080758916616e-11 1.30111810214828e-11 5.89074344858886e-12 3.44196893209414e-12 1.99553706892175e-12 1.15488729690583e-12 6.3655747339908e-13 3.03757019537443e-13 2.43594033833006e-13 1.75970349403087e-13 1.54243284811173e-13 1.62003743753303e-13
-9999 -9999 -9999 -9999 -9999 -9999 -9999 -9999 -9999 5.25920319738304e-07 5.17429321611473e-11 6.15493322975169e-11 5.85362314176052e-11 4.93111773636201e-11 7.18867521065647e-11 1.09939346515375e-10 1.94448690482574e-10 2.60116383987707e-10 1.85110304862235e-10 9.4081797907819e-11 5.48245004949877e-11 3.46791595440266e-11 4.12533562865747e-11 4.35148139743546e-11 4.03665656456553e-11 6.62207511048507e-11 1.81473724936154e-11 3.56756846286999e-11 1.30940680520553e-10 8.23491064227966e-10 5.84506332224066e-11 5.03248887007146e-11 3.09276049215157e-11 1.66073932383881e-11 8.68400906739453e-12 3.73514552620691e-12 2.08293382542024e-12 1.32110988815271e-12 8.27560242555592e-13 5.1236792586451e-13 2.48923104351206e-13 1.70952141331782e-13 7.08211267408387e-14 4.6340709047854e-14 7.11208869574875e-14
-9999 -9999 -9999 -9999 -9999 -9999 -9999 -9999 -9999 7.46564032816366e-11 5.43834421939948e-11 5.45133937990272e-11 3.00047098278355e-11 2.71432321063969e-11 4.00162680769256e-11 5.86114046186026e-11 6.5569105700547e-11 3.98317046013119e-11 3.12336601027141e-11 2.77438960694099e-11 2.21414997447766e-11 2.59332111340882e-11 3.32448513162831e-11 3.0761615477104e-11 2.95734770006106e-11 2.54336773863884e-11 1.89413040807551e-11 1.42891476428986e-11 2.75346800915344e-10 1.24467014472884e-10 3.23952975556097e-11 3.80284248535645e-11 1.79132042532615e-11 5.62885293931004e-12 2.73059352906557e-12 1.38460354293102e-12 6.8592909130416e-13 5.1245674370648e-13 3.96527255475121e-13 4.03055366859917e-13 2.57016630200724e-13 5.51558798633778e-14 3.33399974294935e-14 2.34146035893446e-14 2.39031017201796e-14
-9999 -9999 -9999 -9999 -9999 -9999 -9999 -9999 -9999 3.20876214487953e-11 6.40510644522862e-11 6.54382104059437e-11 6.5854677266941e-11 7.22718995760374e-11 5.09400854831199e-11 4.80681605630195e-11 7.15938308637476e-11 7.90606691225548e-11 4.72635264259225e-11 2.86190182663404e-11 2.30382046773059e-11 2.2719459646936e-11 2.13819628669398e-11 2.1745172329446e-11 2.69694822030431e-11 2.16305084954627e-11 1.3291079348221e-11 9.62105950463865e-12 9.91822179940982e-12 1.00895625188002e-11 2.6865965008227e-11 2.19642082299742e-11 9.48624512275842e-12 3.25581783755524e-12 1.6033951943939e-12 7.96784860312982e-13 4.65805172211731e-13 2.9357627440163e-13 2.45725662040286e-13 2.28228547172193e-13 1.46949119539386e-13 5.43898259763864e-14 3.66595642731227e-14 2.60791388484449e-14 2.07833750209829e-14
-9999 -9999 -9999 -9999 -9999 -9999 -9999 1.29704968143685e-07 4.60021465364946e-11 4.18735490725908e-11 7.18404224997471e-11 5.90564819269446e-11 8.19198375801022e-11 7.26017579388838e-11 7.33235139271926e-11 7.87480636255111e-11 1.09333864184435e-10 2.05280803466934e-10 2.24250329416975e-10 5.58273094419803e-11 3.19407389426374e-11 3.0757241198387e-11 2.65560462509029e-11 2.09937067729982e-11 1.99388283661506e-11 2.09018247154802e-11 1.3778311824808e-11 1.18686727113015e-11 9.71556168849474e-12 8.91168250305441e-12 1.13371756427227e-11 9.14773812255021e-12 5.43428635424448e-12 2.55910848068197e-12 1.26206822770314e-12 8.12327982657735e-13 5.59974289160436e-13 2.78765899253131e-13 2.21977991543554e-13 1.62325708430444e-13 1.11011200232269e-13 7.14206471741363e-14 8.24340595784179e-14 6.96442903347361e-14 5.40900657597376e-14
-9999 -9999 -9999 -9999 -9999 5.2129940397716e-08 3.58904017616624e-11 5.35636202059209e-11 4.40871561480094e-11 4.34710933916449e-11 6.54438503389088e-11 5.35910427146291e-11 9.95524329638897e-11 6.55321463760572e-11 8.14718070785148e-11 1.0331883126824e-10 1.68160774194348e-10 1.97538818635934e-10 2.46970399686575e-10 8.08642930394399e-11 3.10212411314126e-11 2.44100850643747e-11 2.27773688799004e-11 2.60756527481476e-11 2.30445995619277e-11 2.57934451575181e-11 2.63920219012448e-11 2.92765922615956e-11 2.41820008461957e-11 1.67268532358378e-11 1.00295993732402e-11 6.09031713949548e-12 3.20614645943351e-12 2.17745821373683e-12 1.26535448785603e-12 7.7715611723761e-13 6.29662988416158e-13 4.41702230347119e-13 3.05766523212014e-13 1.92179605562615e-13 1.406874616805e-13 1.18338672194795e-13 1.2108092306562e-13 7.69828645275084e-14 4.30655511252098e-14
-9999 -9999 -9999 -9999 7.65744134767488e-11 2.4580248947359e-11 2.37685537918253e-11 2.98801539067028e-11 3.23579940619823e-11 3.81340847788181e-11 6.92433443916229e-11 5.60867796650655e-11 1.04333863770734e-10 9.53560119754115e-11 1.03188624311912e-10 1.39108935481858e-10 1.49615553279858e-10 1.58801827243593e-10 1.81320880532354e-10 9.05960639840941e-11 2.45314102365057e-11 2.05005235009992e-11 1.96967664400916e-11 3.13483794478486e-11 3.90411480921671e-11 3.81489284606573e-11 3.60215524075613e-11 3.41429773342838e-11 2.24130825010604e-11 1.52095114280826e-11 7.00107749551648e-12 3.26232374447955e-12 1.45141676455296e-12 1.0080491996689e-12 8.48709991174701e-13 4.53026505198295e-13 3.64397401142469e-13 2.39419595260415e-13 1.66311409088848e-13 1.46405110257319e-13 1.20348175869367e-13 1.09923181668137e-13 1.11743947428522e-13 8.1379347705024e-14 5.3357318563485e-14
-9999 -9999 -9999 6.71778410676893e-11 2.76632272644406e-11 2.10989670179629e-11 2.16951789866471e-11 2.90598212160376e-11 2.80662271201493e-11 4.53807436073816e-11 6.11964812158305e-11 6.92798707291331e-11 8.96976382058767e-11 1.0707486008954e-10 1.0213354606492e-10 1.15325193839055e-10 1.27635746416388e-10 1.24097521148059e-10 9.08833452939462e-11 4.76923389669537e-11 2.32694863377958e-11 3.49771989149872e-11 4.07189615359016e-11 3.30377392110393e-11 3.5111136220678e-11 3.25972138170982e-11 3.58220897389572e-11 2.61458743544551e-11 1.17942544619609e-11 5.19051468472753e-12 2.44112507985506e-12 1.34133815166138e-12 7.52531370551424e-13 5.68467495298819e-13 3.85969034510936e-13 2.52831089397887e-13 1.74538161701321e-13 1.54920520856194e-13 1.22257759471722e-13 9.18598530574854e-14 1.03683728269743e-13 9.90429960268102e-14 1.12665432538961e-13 9.32809385290057e-14 6.39266417579165e-14
-9999 -9999 -9999 6.5767435941666e-11 3.3136104971021e-11 3.30573235451936e-11 4.18098666798983e-11 3.27811111588971e-11 3.38509775765772e-11 5.74439273925975e-11 4.3617309763988e-11 7.68950902951815e-11 9.74870850711795e-11 1.21431442678954e-10 1.07206188371123e-10 6.46776299184637e-11 5.46841905091355e-11 5.27038523934209e-11 6.09358896674905e-11 3.21408122339051e-11 2.15889195409602e-11 3.10389824953461e-11 3.92566534834771e-11 3.109416057967e-11 2.82001311191493e-11 2.3238655444402e-11 1.37097111441165e-11 8.98845442520724e-12 4.09043909854745e-12 2.20219398272548e-12 1.1102563313159e-12 6.1007865426177e-13 4.03677091753707e-13 2.7290392168311e-13 2.0300428005271e-13 1.34514621663584e-13 5.60995694343092e-14 7.55284723652494e-14 9.47464329215109e-14 8.16680056914265e-14 6.61137811164281e-14 6.76680933509033e-14 5.81423797996195e-14 5.36237720893951e-14 5.68323166305618e-14
-9999 -9999 4.69680327963573e-10 2.78428391453645e-11 3.63045926654593e-11 4.12051615050757e-11 4.54951298856088e-11 2.45585884961486e-11 2.14714579449549e-11 3.22864623925057e-11 4.3177461606092e-11 5.41352407346096e-11 6.77821243577625e-11 6.5946559324459e-11 3.78507447607035e-11 3.74134279113036e-11 2.30137131573827e-11 3.96261579105328e-11 2.24123497538642e-11 1.25456534050272e-11 1.68956293400413e-11 1.76648695671133e-11 1.32343358494325e-11 1.11576747841013e-11 9.23858767265529e-12 5.266864722131e-12 3.42308403844527e-12 2.65620858641569e-12 1.7317924871918e-12 1.04936059841521e-12 7.25952631341897e-13 3.4422464878503e-13 1.87372339865988e-13 1.31972210937192e-13 1.04272146472795e-13 6.73683331342545e-14 4.35096403350599e-14 4.13891143580258e-14 6.3504757008559e-14 6.0373928079116e-14 2.665645482125e-14 2.42472708578134e-14 3.15192316691082e-14 3.29292149103821e-14 3.19744231092045e-14
-9999 -9999 2.24709362228737e-11 2.59090304766119e-11 3.0748181778506e-11 3.23109539124289e-11 3.79502762548611e-11 2.74971267977264e-11 1.78619563584448e-11 2.33288166562318e-11 3.3619007577812e-11 3.72284869598616e-11 3.79351328128052e-11 2.53871479394263e-11 2.4372226459235e-11 5.66907187860011e-11 2.48404741221009e-11 1.61654911678966e-11 6.25075546878406e-12 7.51418927080749e-12 9.37274702295099e-12 8.83407791363311e-12 4.2599923588682e-12 3.158784345203e-12 2.21584972592836e-12 1.37615474571362e-12 1.00878194686516e-12 8.15381095975454e-13 5.88795678879705e-13 4.82802686718742e-13 4.37805347530684e-13 1.83464354819307e-13 1.0689227281091e-13 5.13034059679285e-14 3.77031739162703e-14 3.32955885085084e-14 4.04787314778332e-14 4.26991775270835e-14 2.79776202205539e-14 3.71702668644502e-14 2.98094882111855e-14 2.00728322852228e-14 2.50577336657898e-14 2.48689957516035e-14 1.71307412699662e-14
-9999 2.06960119930599e-08 2.00040761733078e-11 2.51740517320798e-11 2.74991585058615e-11 2.43551734335767e-11 3.52462614650051e-11 3.67425978531344e-11 4.12979539454739e-11 1.80236270352907e-11 2.04272709858344e-11 2.14618434135616e-11 1.63901447969295e-11 1.60787494429826e-11 2.35721109298481e-11 3.22585957945876e-11 3.71205621796378e-11 1.85054971346688e-11 6.60550503184254e-12 3.55527829398738e-12 3.60039775770815e-12 3.1168956304839e-12 9.56978940536146e-13 5.36615196722323e-13 7.36022354175248e-13 6.04338801224458e-13 5.07216491030249e-13 3.93929333597498e-13 2.54951615374921e-13 1.95166105498856e-13 2.14905870876692e-13 1.1243228570379e-13 4.05342426290645e-14 2.40141240226421e-14 2.56794585595799e-14 3.20743431814208e-14 3.78697073699641e-14 3.20188320301895e-14 1.76192394008012e-14 2.16382467499443e-14 2.43138842392909e-14 1.70308211977499e-14 1.73749903353837e-14 1.17350573702879e-14 9.57012247226885e-15
-9999 5.26915622245383e-11 2.03470684745355e-11 2.43300490865295e-11 2.33463137710999e-11 2.98365998574468e-11 3.36460637129221e-11 4.41089276215223e-11 4.36901625988639e-11 1.52979073853032e-11 1.05209174705578e-11 9.27797838556899e-12 1.02888364494902e-11 1.2513678981918e-11 1.91025417706214e-11 2.44908537894162e-11 1.41245792839584e-11 4.99135177634002e-12 3.71466191140257e-12 1.06226138996135e-12 6.33104679792496e-13 6.04905014967017e-13 3.93984844748729e-13 2.97672997362497e-13 3.27560201185406e-13 3.22752935488779e-13 3.01048075357357e-13 1.89737114908439e-13 1.19515508600898e-13 8.23119350457091e-14 9.24926801815218e-14 4.71955807768154e-14 2.14606110660043e-14 1.90181204118289e-14 1.82520665248376e-14 1.9462209621679e-14 1.64313007644523e-14 1.19904086659517e-14 1.47215573065296e-14 1.66422431391311e-14 1.67532654415936e-14 9.29256671611256e-15 8.10462807976364e-15 1.0458300891969e-14 8.60422844084496e-15
-9999 6.34369001772939e-11 2.23628449091962e-11 1.82727166730956e-11 1.42621359167094e-11 2.19870233131303e-11 2.07187933476405e-11 3.44674733199213e-11 2.43395081866993e-11 8.54238901837334e-12 6.29323260170622e-12 7.03274105617879e-12 6.59001742064902e-12 9.09314845642939e-12 1.08824504962968e-11 5.36686250995899e-12 4.09502431963915e-12 1.06050723758244e-12 8.37896418914852e-13 3.71824793177211e-13 2.42150743900993e-13 1.72384329033548e-13 1.5164536293355e-13 1.66267000167863e-13 1.45405909535157e-13 1.32283073384087e-13 1.04438679926488e-13 8.1246120942069e-14 5.44453371276177e-14 3.95794508278868e-14 3.66595642731227e-14 2.4802382370126e-14 2.08943973234454e-14 1.38444811170757e-14 1.06470388061553e-14 1.10245146345278e-14 9.32587340685131e-15 8.04911692853238e-15 7.04991620636974e-15 5.17363929475323e-15 8.72635297355373e-15 6.86117829218347e-15 4.66293670342566e-15 5.45119505090952e-15 5.99520433297585e-15
-9999 5.25898546932524e-11 2.41777708964719e-11 2.07014960729168e-11 1.24030674619746e-11 1.47382217541292e-11 2.00755523316332e-11 2.44588016506952e-11 1.56234691850443e-11 6.72685240843407e-12 4.44946302025073e-12 3.48998607790918e-12 2.63165045311098e-12 2.17291740156611e-12 1.05364605929026e-12 6.51945164520384e-13 5.74529313013272e-13 3.90854015819286e-13 2.48989717732684e-13 1.67477143264705e-13 1.35536026846239e-13 8.39217584314156e-14 6.19726492345762e-14 8.23674461969404e-14 7.31414928623053e-14 6.35824726202827e-14 3.58713059256388e-14 2.96318525272454e-14 3.0098146197588e-14 3.28848059893971e-14 2.72115663335626e-14 2.00173211339916e-14 1.35003119794419e-14 8.870681966755e-15 6.52811138479592e-15 6.51700915454967e-15 4.10782519111308e-15 2.59792187762287e-15 2.29816166097407e-15 2.4535928844216e-15 3.14193115968919e-15 5.62883073484954e-15 4.41868763800812e-15 2.42028619368284e-15 3.10862446895044e-15
-9999 2.02753702716052e-11 2.41965447678183e-11 2.01794914111986e-11 1.0177736431416e-11 1.37919231590899e-11 1.81228698714619e-11 1.97676652824441e-11 1.26973209724213e-11 4.93616258978591e-12 3.13745696089995e-12 1.98893124192523e-12 8.53206394424433e-13 5.64037705430564e-13 4.35362856876509e-13 1.96076488379049e-13 1.9693136010801e-13 1.67721392330122e-13 1.13886677866049e-13 6.43263220467816e-14 6.05404615328098e-14 5.60107515923391e-14 6.37823127647152e-14 5.85975712397158e-14 3.52717854923412e-14 3.05089287166993e-14 2.70117261891301e-14 2.38364883387021e-14 2.25819363208757e-14 2.56461518688411e-14 2.36810571152546e-14 1.02362562870439e-14 8.90398865749376e-15 6.42819131257966e-15 3.54161144855425e-15 2.99760216648792e-15 2.48689957516035e-15 1.83186799063151e-15 1.40998324127395e-15 1.75415237890775e-15 2.26485497023532e-15 2.96429547574917e-15 3.43058914609173e-15 2.64233079860787e-15 1.87627691161651e-15
