Scripts_&_data/Maxent_result_files_2/B_monticola_2.asc
NCOLS 594 
NROWS 330 
XLLCORNER -15 
YLLCORNER 23 
CELLSIZE 0.166666666666667 
NODATA_value -9999 
[rows 160 to 179 of 330, columns 88 to 131 of 594]
0.647986882925034 0.510676196217537 0.414973372220993 0.545975655317307 0.0142723775468767 0.0147444071713835 0.00514624896313762 0.0271920474711806 0.0078944695123937 0.00141198925775825 -9999 -9999 -9999 -9999 -9999 -9999 -9999 -9999 -9999 -9999 0.0096334554371424 0.00865417899112799 0.000980092063036864 0.000524382898947806 0.000262548842965771 0.00016319389092132 0.000542625183516066 0.00136657776884022 0.000171450841099841 0.00395587522070855 0.00520172964897938 0.0163262818357907 0.00615920179989189 0.00627960810670629 0.0102786259958521 0.0182638720609248 0.00169898240601469 0.00632223677821457 0.00520502256695181 0.00863040086987894 0.0341097972152056 0.0138355885006604 0.000101986713474389 0.0807368603534997
0.262429036200047 0.127097640931606 0.151731386035681 0.246167074143887 0.158420318365097 0.05019361525774 0.00623520811495837 0.000757736235391349 0.0395250499481335 -9999 -9999 -9999 -9999 -9999 -9999 -9999 -9999 0.488522200286388 0.000907535829901462 0.0014094975158514 0.00112015305967361 0.0011340968470904 0.000981559204592486 0.000440382947181206 0.00867983899370301 0.000294035713568519 0.0118876283107966 0.00735527046781499 0.0389841071955743 0.00270588426938048 0.000677609138438129 0.00401616300223395 0.00323106466094032 0.0827447047457099 0.148948191292584 0.00823395614279434 0.00470957727811765 0.00163801943854196 0.000880539534045965 0.00199078163641389 0.00528457079926739 0.00870076532883104 0.0208735441992758 0.000353260730344118
0.22099274918437 0.270549327135086 0.057929949555546 0.135111454874277 0.279035151749849 0.0595740136690438 -9999 -9999 -9999 -9999 -9999 -9999 0.167637879401445 0.000711059344030218 0.00103513295653102 0.0010970196355629 0.00116735847805103 0.000882548609388323 0.0011836173296615 0.000685407110358938 0.000529518965959142 0.00397071037186834 0.000397003654506989 0.000455299438817747 0.00039219443942784 0.000406637340711313 0.00179578372144533 0.00389593134859751 0.00296406407724135 0.00736126978081302 0.0277240416966379 0.000415040073130513 0.000183428025843568 0.000552023157251824 0.0144384041486774 0.00641201223479584 0.0543247451249044 0.0539651406405028 0.136875679250807 0.00513874108364689 0.0667274262057617 0.0266209638037253 0.0231954746312113 1.10831125228472e-06
-9999 -9999 -9999 -9999 -9999 -9999 -9999 -9999 -9999 -9999 -9999 -9999 0.000822553327634523 0.000993167140222795 0.00101353620193549 0.001413734981179 0.000265303495586977 0.00196573159919353 0.00144897812642739 0.000734169924908201 0.0268300223789993 0.0218423401325708 0.000337077086078352 0.00051607553014037 0.000809807596669998 0.000560046840109862 0.000790697477714275 0.0399916609167121 0.142217206582427 0.0171855240827426 0.00187578745681094 0.000293829058500705 0.000233611570160974 0.000240489590214565 0.000267328302243186 0.000914275996183278 0.000710001432162244 0.0354022826068103 0.85821633040905 0.323142378032207 0.04470997271128 0.000293064979223345 0.000188715378158122 0.01077292963746
-9999 -9999 -9999 -9999 -9999 -9999 -9999 -9999 -9999 -9999 -9999 -9999 0.000459586664919698 0.000581881445305044 0.00118661471151427 0.000958667022769077 0.0011082772838563 0.0169253262632992 0.00167534989159321 0.00870109150382632 0.0180885767382279 0.000385630569780915 0.000555298524977843 0.00079454307888227 0.00178934015275445 0.0006358982733218 0.00179590930638369 0.00271182864380535 0.0019956172502134 0.00246462145296391 0.00193014426768059 0.00218308373150649 0.00138947303275927 0.00244616034033243 0.0723605488426983 0.0707866881042719 0.0433603812009096 0.694438275694847 0.512195691466331 0.1443026073277 0.236491024494171 0.278125984221697 0.0502728091552854 0.0259407859295607
-9999 -9999 -9999 -9999 -9999 -9999 -9999 -9999 -9999 -9999 -9999 0.931251698732376 0.000358013820869019 0.000564646110979083 0.000568416984424402 0.00132619893647643 0.00161881133317365 0.00327604738340597 0.00400008589631398 0.0303396393981529 0.0501714477490168 0.00368953220058756 0.00807804430951364 0.0678123007062823 0.00374800399586093 0.0964138329960406 0.00262830581632443 0.316748328320682 0.437954226136208 0.139526589214802 0.00942069756565616 0.0860586933791637 0.0398820620030165 0.0156244880752638 0.0190593296196312 0.0951756812632084 0.837176108360291 0.740145459771156 0.359195710718632 0.164759690314531 0.236951045691967 0.129565231874585 0.208856074512005 0.90026767551899
-9999 -9999 -9999 -9999 -9999 -9999 -9999 -9999 -9999 -9999 -9999 0.108980699442327 0.000120475592200364 0.000181458424685843 0.000255103086146846 0.000811396681183396 0.00245161022248794 0.00136362540379196 0.00172535827150568 0.00143556942457508 0.00113870003187913 0.00123996116017224 0.00149409085133811 0.00115329708787613 0.277071224153042 0.012928165239282 0.0208867703797296 0.0237563702277839 0.0138390942942351 0.292191817611456 0.29058044180274 0.177099955454469 0.473062910884619 0.20347123965621 0.574803748726845 0.856377828121185 0.642066910862923 0.0937939595431089 0.1280287720263 0.0480985186994076 0.379624580591917 0.213659847900271 0.150221995636821 0.235906738787889
-9999 -9999 -9999 -9999 -9999 -9999 -9999 -9999 -9999 -9999 0.844136252999306 0.000592470935953315 0.00111356741217605 0.000884259262238629 0.00090291018887001 0.000834363150988793 0.00136398969971196 0.00313490289408946 0.00193309766073071 0.00322228789154906 0.00146936052187812 0.00211721024825238 0.00267519222543342 0.00623390045948327 0.152398251742125 0.510430683195591 0.556974115967751 0.817379727959633 0.915766620635986 0.879688119888306 0.666803535819054 0.55111684948206 0.324443597346544 0.931212759017944 0.995334374904633 0.588161715865135 0.844174000620842 0.0409835274331272 0.0441918585449457 0.0374294860288501 0.0242132392711937 0.0321396789513528 0.287839809060097 0.0528663612902164
-9999 -9999 -9999 -9999 -9999 -9999 -9999 -9999 0.694841313362122 0.000829469799646176 0.00147801454004366 0.000427788706110732 0.000857910236663884 0.0010403884733023 0.000973959342627495 0.000519483547941491 0.00118522610337095 0.0011743470100555 0.00158591307044844 0.00187154612067388 0.00216975765797542 0.00405636168434285 0.00451044181245379 0.011871758569032 0.00571841845521703 0.0923461429774761 0.665083068609238 0.820773750543594 0.972882056236267 0.941215455532074 0.561349153146148 0.983443582057953 0.950492012500763 0.853265386819839 0.931702882051468 0.409067187458277 0.0684630872681737 0.169023313373327 0.0345755434129387 0.01509030952584 0.0178961537778378 0.00607601243536919 0.0628443758469075 0.00462333766336087
-9999 -9999 -9999 -9999 0.0164783922256902 0.00239792867796496 0.00142850738593552 0.00113864609520533 0.00102551088220935 0.000322528668584709 0.00155073173445999 0.00045448438531821 0.00178357844852144 0.000529144942811399 0.00113317187788198 0.000971062879307283 0.00102684552521168 0.00142454767210438 0.00166612404900661 0.00223547435743967 0.00256537487148307 0.00113763930348796 0.00407541276945267 0.00179889818027732 0.00235194627020974 0.00114086730463896 0.00712169129401445 0.181814942881465 0.0714975450187922 0.00251305278507061 0.0234160901047289 0.0536520199850202 0.419160708785057 0.245938821136951 0.200760422646999 0.407461336255074 0.0571756197139621 0.00870522032491863 0.00525296301348135 0.00958329036366195 0.00871779958251864 0.0336132957134396 0.0100216815597378 0.334021478891373
-9999 -9999 -9999 0.00246790820674505 0.00125068787929195 0.00161102986712649 0.00141685443595634 0.00104399535139237 0.000784181074413937 0.000987175076261337 0.00140252385317581 0.00148564740629809 0.000913652539566101 0.000300783287821105 0.000954846123295283 0.0010383720489699 0.000336813613921549 0.00127195065761043 0.00171178967211745 0.00161706591024995 0.00193413449451327 0.00135115713637788 0.0450238435994834 0.00443825271358946 0.00514324954710901 0.00105845106663764 0.00159772351980791 0.00186095735334675 0.00161281977489125 0.00233968968386762 0.0105191296199337 0.0191553046926856 0.00740918819792569 0.00113344030833105 0.00945021437946707 0.00761001735227182 0.0332576509099454 0.00916841697326163 0.0291432411700953 0.000845489952916978 0.000724671498755924 0.0136421252042055 0.0532949525862932 0.227483362704515
-9999 -9999 -9999 0.00129436973757038 9.55367994606604e-05 0.000134816857462283 0.00150478221403318 0.00703900695662014 0.00722882545087486 0.00029093493885739 0.00019742990988334 0.000377813225895807 0.000239897050983018 0.001615084633886 0.000224999853389818 0.000209588212146627 0.000452112410312111 0.00176287880458403 0.000649774799967417 0.00980356637446675 0.00167331486009061 0.00304861523327418 0.0041018549061846 0.00917583089321852 0.00282681159806089 0.00188155687137623 0.00119333795009879 0.0019257844229287 0.00168466329814692 0.000966159671952482 0.0161649896763265 0.00195672177069355 0.00304953200393356 0.00218919705075678 0.000616986086060933 0.000334534499870642 0.000750539515684068 0.00998956283438019 0.00800103688816307 0.000179553094017137 0.00142619145844947 0.00574424267397262 0.0162624084274285 0.0107257844996639
0.0106010713032447 0.00159837633400457 0.0034913078219688 0.00192664331625565 0.000919810872073867 0.000780002370902366 0.00102278864251275 0.000237002874837344 0.000769390548521187 0.000624118009000085 0.000163997115987513 0.000430949456278995 0.000320300548469277 0.000665175078802349 0.000367629776337708 0.000937560265447246 0.00305507949669845 0.00286428107647225 0.000744973951441352 0.00276115072192624 0.0142986338818446 0.00203297648840817 0.00170692590108956 0.0023452951820218 0.00152508244791534 0.000632627078266523 0.000797508004325209 0.00188023188238731 0.00171321460366016 0.00516996257356368 0.00210144778975518 0.0131563814822584 0.00573223016690463 0.00081669505998434 0.00221982628718251 0.00118632547964808 0.0004687464527251 0.000135355863619679 0.00949233424034901 0.000696632906056038 0.00242062881879974 0.000291859747994749 0.0105302872310858 0.00516138205712195
0.00116745023042313 0.000400314933017398 0.000241812976946676 0.00376815867130063 0.00104048342091119 0.00018563629403161 0.000125539317082257 0.000350595016107036 0.00013718286159019 0.000744975936322589 0.000101637640318586 0.000200965717885992 0.000157432502510346 0.000189603943181282 0.0272959351190366 0.0173438428901136 0.0051257090177387 0.0136123364092782 0.000894394358329009 0.00140272757671482 0.00115982605930185 0.00179305643905536 0.000646021935972385 0.00121533201890998 0.00123845959751634 0.0112016291008331 0.0013966323225759 5.51800765876465e-05 0.000291239700300139 0.000932245024159783 0.00103427947542514 0.00601147590205073 0.00104048626162694 0.000202447296993569 0.000155688347831529 0.000365735935065459 0.00010773577763814 0.000235542340260508 0.00329522235551849 0.000744300136648235 0.000129180416911367 0.000164800677430321 0.00747314853433636 0.000416130749863441
0.000373219069842889 0.000689692314153945 0.00133392324878514 0.00324523307062918 0.00128425517286814 0.000237180900683143 4.8238821494806e-05 0.000104416071690139 0.000113490851384768 7.17166965102933e-05 9.56128816028468e-05 0.00012341680821919 0.001091899543826 0.000483773739688331 0.0102345797931775 5.23577443167778e-07 1.02943152345492e-05 0.013565187266795 0.00138284611311974 0.000763221011038695 0.000955443293787539 0.000732638299814425 0.00140993550885469 0.000358465394947416 0.000351070664510189 0.000269195315649995 0.000145508232640168 0.000104218221127894 6.05238791706597e-05 0.000273985565127077 0.000777287612982036 0.000778772358171409 0.000150463916270382 0.000104967554219115 7.30318088869808e-05 3.51951954172591e-05 8.99386228411458e-05 0.000112077738640437 0.000194651425226766 0.000215252576373359 5.78050894645798e-05 6.22142884875387e-05 6.09892081250507e-05 0.000203784379914396
0.00106313691430842 0.000773124066017772 0.000182078280704445 0.0003828893735772 0.00222264323092531 0.000255279168754896 0.000160349049076558 8.63998743568573e-05 0.000108900223845865 0.000296053038692889 9.90463855941925e-05 0.000645768329286511 0.00329751683457289 0.00188359985186253 0.014140290976502 0.0191949050873518 0.00039235644847988 0.192248337715864 0.00940156149154063 0.00119067817067844 0.000386711147802998 0.000432164348740116 0.000312572889924922 1.27585794423624e-05 7.33866125131044e-05 9.94380645977344e-05 0.000129704034925737 0.000174133594578052 0.000101347968177379 0.000184877597325794 0.000555863706813398 3.24272143629401e-05 6.53387401143846e-05 4.74945200664934e-05 3.93547625392898e-05 6.0922474872882e-06 5.80942486408276e-05 4.82258969356053e-05 0.000504911450298096 0.00021774744063805 8.84978131352909e-05 6.48977784948102e-05 6.43446366154876e-05 0.000719352678515861
0.00120907698874362 0.00108021317282692 0.00142363828344969 0.000276357503810232 0.000289783463233562 0.000238493360302527 0.000142889321909934 9.28109126107302e-05 5.73875311488337e-05 0.00109508736604766 0.00081705867578421 0.000608684590042685 0.000502521446833271 0.00137852194166044 0.00017628325995247 0.00270418539876118 0.161762720346451 0.0182927781366743 0.000609971307039814 0.000288510528844199 0.000233889937044296 0.000152677063670126 6.40574397806404e-05 1.29170708369486e-05 3.58417591570515e-05 5.5603428202744e-05 0.000129513061159514 0.000135969693297966 0.000256203962726431 0.000176158000340365 0.00379411698959302 0.00047985079108912 8.06416240209273e-05 9.80847077105551e-06 1.8317202256668e-05 7.1947053466026e-06 1.59366556463425e-05 8.59865158417961e-05 0.0001261912730115 0.00012079925783155 0.000689750704987091 0.000492509461400914 6.05970293236169e-05 0.00141945678988122
0.000178205228758088 0.000187583445494965 0.000209851376257575 8.23736268444009e-05 9.12805448820109e-05 3.43101557987779e-05 0.00011985321202701 0.000256931802005056 5.53334007463491e-05 0.00106804012903012 0.000243418049285538 0.000385917962285021 0.000281292956333346 0.000301122542600751 0.000643609144026414 0.000591798639106855 0.00134815661949688 0.00146538347107708 0.0052277542417869 0.000173470119398189 7.6419177094067e-05 0.000159818009524315 6.55301056895041e-05 2.54561201206371e-05 5.95258393573772e-05 7.60310135603959e-05 0.000199170352698275 0.000126189223249185 0.000179014367586205 4.32685808618771e-05 1.60980772221819e-05 5.92780597344245e-05 4.85563437308656e-05 1.54536318508036e-05 2.79895106661598e-05 5.59790400927795e-05 1.82921248693901e-05 5.24620641172646e-05 0.000135724708434282 0.000255897798706428 0.000579990966980404 0.000161705775462906 0.00457900902547408 0.0263631511479616
0.000365696178960206 8.74534769081947e-05 0.000105822240001885 0.000109404343922392 2.54423282271432e-05 8.5940928555317e-05 0.000248098908093652 0.000202888888327379 0.000174266496833297 0.000592202878124226 0.00058386257969687 0.000345985885996924 0.000184486069082368 0.00016204233093049 0.000206258911839541 0.000276205589648271 0.000425483019171224 0.000851382751352503 0.000457719973201165 0.000174605216784585 9.07017231384089e-05 9.16068517994972e-05 4.12321736774857e-05 3.74869356321028e-05 0.000111334520897799 0.000123634580450016 0.000279009342466452 0.000402901545203349 0.000741223691147752 0.000125457875992652 3.26584774171579e-05 1.90076758265434e-05 1.96714998239145e-05 2.07675523217432e-05 9.60441547420032e-05 7.72937884107705e-05 5.69963650889349e-05 0.000195201352380536 0.000419536001390952 0.000326461872828077 0.00345521972340066 0.00258349247014848 0.0416520110331476 0.0144744686316699
3.55034847700608e-05 5.29636094867669e-05 0.000140882331044168 9.43945673157032e-05 9.5094295573972e-05 8.62298691046703e-05 1.6978218013719e-05 8.00364970217515e-05 0.000228927393789036 0.000284750275341139 7.65610759856372e-05 0.000284401191629513 0.000100421957451147 1.93266146524707e-05 2.30332528431632e-05 0.000120963266317631 0.000207308753851976 0.000242793088045801 0.000104512459245143 9.17560796324324e-05 0.000133563633698941 8.8065296631612e-05 0.000346793212884222 0.000110256696996203 3.34726249263895e-05 8.64409220184825e-05 0.000194988949783692 0.000116726938040301 0.000234985873680671 6.62538907363341e-05 7.45380099203885e-05 1.17740480199302e-05 1.32381391580338e-05 7.59252817971401e-05 0.000173309009380773 0.00013586532256511 0.000541713257189258 0.000988057233917061 0.00521354044904001 0.00289398177701514 0.0141837710980326 0.0213174081407487 0.225607910752296 0.619199931621552
