Scripts_&_data/Maxent_result_files_2/B_mocsaryi_3.asc
NCOLS 594 
NROWS 330 
XLLCORNER -15 
YLLCORNER 23 
CELLSIZE 0.166666666666667 
NODATA_value -9999 
[rows 100 to 119 of 330, columns 405 to 449 of 594]
0.000847223636810668 0.000524322300043423 0.000985408881388139 0.000724961759988219 0.00274184080190025 0.00188796655565966 0.000411792841805436 0.00136690712533891 0.0018292710010428 0.0316682796925306 0.0113135476596653 0.000245724846172379 0.000193863822823914 0.000226894500701746 0.000332786805120122 0.000790548059740104 6.82168725234078e-05 7.75570836367479e-05 0.000255529425157874 9.13449738163763e-05 0.000901854406401981 0.000233310586190782 0.000167860285637289 0.000253815282485448 0.000954218387778383 9.12681851332309e-05 0.00046762495112489 0.000486579551215982 0.00136201457353309 0.000227259520761436 0.00046960098479758 0.000852880885940976 5.95152190498993e-05 3.84792652994292e-05 4.87755663243661e-05 6.35618400437465e-06 2.58130968671111e-06 9.57809309056756e-06 1.98473783648012e-06 2.0709977138722e-05 6.98466776611895e-05 1.71294477141259e-05 3.16487272016275e-05 0.000729216813488165 0.000528129273152444
0.00271895276964642 0.00053240831111907 0.00021645369952239 7.82056417278909e-05 0.000323423432564596 0.000186390764383759 0.00041594902468205 0.00361851922934875 0.00129683335690061 0.0022820492653409 0.00280613607028499 0.00312908046180382 0.000559713752591051 0.000497036481101532 0.00110474663088098 0.000890039125806652 0.000758722182217753 0.00124650976795238 0.000764863711083308 0.000266697258302884 0.00140811770979781 0.00100020031968597 0.000585545041758451 0.000152875238200068 0.000283350396057358 0.000390229419281241 0.000486986432224512 0.000319780484642251 0.000554516637203051 0.000158016018394846 0.000265669279178837 0.000463870837120339 0.00012397371856423 0.000497222148624132 7.11239669470842e-06 2.05017425516374e-06 1.13199121443586e-05 1.4249182322601e-05 6.46313782681318e-05 0.000463069117540726 0.000169665628163784 5.60547044443638e-06 1.47031852783641e-05 0.000205225379977492 0.000167615671671228
0.00255176451755688 0.00271827794495039 0.00061238519847393 0.00119743716641096 0.000867244054097682 0.00334689869778231 0.00353271386702545 0.00365302977152169 0.00171683213557117 0.000677581175477826 0.0016412174270954 0.000765932378999423 0.0034285886620637 0.00271937826182693 0.000442918972476036 0.000505521755985683 0.000233166540601815 0.000780714171560248 0.00160637153603602 0.00143083669536281 0.00025812686781137 0.000978212452901062 0.000690180552192032 0.000201113446928503 0.000284677218223806 0.00058411112986505 0.000215737201142474 0.000149367210724449 0.000779508799314499 0.000626891503634397 0.000570629711728543 0.000751268518797588 0.000503462856067927 0.000533150462433696 8.69521997628908e-05 5.75337320007918e-06 7.13083558366634e-05 0.00011261818129924 3.10090160610343e-05 0.000276413200890602 3.05476857533904e-06 7.69466990504952e-05 7.62158416733882e-06 0.000385736851603724 0.000328635098776431
0.000369265312838252 0.000195198227766014 0.000708504668000387 0.00166253386851167 0.00220276139152702 0.0016925048927078 0.00266139852174092 0.0037211679155007 0.00220351750904229 0.00392535683931783 0.00306131265242584 0.00559995564399287 0.00334333356004208 0.00389609967824072 0.00357835056493059 0.00113149426179007 0.00143271629203809 0.000612708052358357 0.00233553143916652 0.0016587634163443 0.000877803582989145 0.000105182802326453 7.72840646277473e-05 0.000158197557175299 0.000478331977501512 0.000621667197265197 0.000142422435055778 5.36403243131645e-05 0.000163523895207618 0.000214451788451697 0.000611508302972652 0.000679619567381451 0.00121458675712347 0.00027982171086478 1.52626575840031e-05 5.48971036778312e-05 0.000158022622281351 0.000145029899613291 0.000104451484639867 1.50351035841823e-05 1.08368865077146e-06 2.19514569053558e-05 9.99257815834653e-06 0.000247262615448562 0.000494771707599284
0.000122616739736259 0.000950693921913626 0.00400836789631285 0.00333649956737645 0.00126538063414046 0.00174357251671609 0.00425079369451851 0.00529398269718513 0.00492662029573694 0.00317541029653512 0.00307765213656239 0.00331708420417272 0.00436577873770148 0.00375265019247308 0.00281747646513395 0.00103085780283436 0.000390436679663253 0.0012588936908287 0.000605038257344859 0.000289544866973301 0.0047686021134723 0.00292890446144156 0.000644018781895284 0.0049403365701437 0.0016725992114516 0.00157487296528416 6.74965277539741e-05 5.74749137740582e-05 0.000498215457628248 0.00047975806883187 0.000256472846740508 0.000983362483384553 0.0011050353263272 0.00100436660723062 0.00014249676705731 0.00034042849438265 0.000567586239776574 2.80810031597412e-05 1.71279182211492e-05 4.10182551924265e-06 1.38072100561715e-06 7.84282772769984e-06 0.000322629099173355 0.000551549980809796 0.00138757865061052
0.00408493553404696 0.00123118208211963 0.00089917373516073 0.00207724765787134 0.00154253027430968 0.00161257744330214 0.0040136291179806 0.00470469200517982 0.00103860061062733 0.00176900880032917 0.00492947676393669 0.00256729571847245 0.00454573887400329 0.00415193055523559 0.001367199618835 0.00150716420466779 0.00460572012234479 0.000175417527498212 0.00208464533789083 0.00165092715469655 0.00483087575994432 0.0142999454634264 0.00997801839839667 0.0287611334584653 0.00230360156565439 0.00528234979137778 0.0025883511203574 0.000623705650468764 0.000867708641453646 0.000657032887102105 0.000706537900987314 0.000327851024121628 0.000881791522260755 0.00106727753591258 0.00129350627248641 0.000110064017644618 0.000373649202447268 0.000458781891211402 3.58322566853531e-05 8.60850975072935e-06 5.3314490980938e-05 0.000336598575813696 0.000467487026799063 0.000606990380765637 0.000265208198834443
0.00167482671095058 0.00156463824241655 0.00348513991484651 0.00165197747119237 0.000816236341779586 0.0019558933301596 0.00381740148877725 0.00269225344236475 0.00278840565006249 0.00329541892861016 0.0114457905641757 0.00471925783785991 0.000671010389123694 0.00382288552355021 0.00521045241039246 0.0069940518354997 0.00400514928624034 0.000727244304289343 0.000672201889392454 0.000725966157915536 0.000246949578649946 0.0165463017998263 0.00180671641428489 0.000576848432683619 0.00618477358948439 0.00393170414026827 0.00725524275330827 0.000498002186941449 0.000320999521500198 0.000122239389929746 0.000139178828612785 0.000709691712108906 0.000292966695633368 0.000798456861230079 0.00119864542066352 0.000297723006588058 0.000806331175408559 0.000255063881195383 3.44919660847154e-05 1.97534310984793e-05 0.000128996214584731 0.000249761455052067 0.000481361640049727 0.000427084515467868 0.000854353357863147
0.000358004896406783 0.000344174444580858 0.00248514594277367 0.00924103932920843 0.01068177993875 0.00273582955123857 0.000905439595953794 0.00116454046947183 0.000385628030926455 0.000823838365613483 0.00369437810149975 0.00353555467445403 0.000890926588181173 0.00254307574068662 0.0127833410166204 0.000205902226389298 0.00422935214592144 0.000897446445014793 0.00112344894150738 0.00599536971421912 0.00102543460088782 0.000222249600483337 0.0571778218261898 0.00052562003620551 0.00600406716112047 0.00271630485367496 0.00271585147711448 0.000346024456848681 0.000117213453995646 0.000135707239496696 0.000836029449419584 0.00562866531545296 0.000981771087390371 0.000657326190412277 0.00164996418170631 1.53716486664734e-05 0.000978220690740272 0.0102852112380788 0.000446688177908072 0.000159503034956288 4.47130469751755e-05 0.000296806704136543 0.000667838536901399 0.000291326997466967 0.000891319883521646
0.000380099660833366 0.00373639579047449 0.00404129374073818 0.00110964444538695 0.00180276332393987 0.00391028654412366 0.00242950166866649 0.00127902222448029 0.000829307124513434 0.00043432683305582 0.000888222896901425 0.00306727306451648 0.00335727311903611 0.00125046815519454 0.0111362553667277 0.000919571871781955 0.000173834605084267 0.000357826501931413 0.000348106349338195 0.000330725503590656 0.000304922660870943 0.000268779175894451 0.00433056752663106 0.012053418753203 0.00419558456051163 0.00189899940160103 6.82207774843846e-05 0.000146962428880215 0.000230264074525621 0.000168147312433575 0.00015053773222462 0.000374532672867645 0.00031314739753725 0.000332714898104314 0.00112731472763699 0.000359868719533552 0.000538293579302263 0.000393321768206079 0.000124443363893079 0.000624944569790387 0.000950243353145197 0.000214566660361015 0.000275335820333567 0.000283573526394321 0.000271306526337867
0.00808168613584712 0.00179177628888283 0.000849499028117862 0.00153553443960845 0.00196197834447958 0.00180740202777088 0.00355326745193452 0.00120385978516424 0.000398462866724003 0.000893723918852629 0.00518607075209729 0.00343695252668112 0.00321563534671441 0.000454394092230359 0.00128442712302785 0.00908114741323516 0.000396448329411214 0.000365139626956079 0.000363757183367852 0.00103493811184308 0.000293958184192888 0.00300259978394024 0.00156284870754462 0.00155210891971365 0.0503929204773158 0.0147947493474931 0.00439758714055642 0.00359953310689889 0.000222934260091279 8.98586118637468e-05 0.000164101043992559 0.000126429553893104 0.000710893793439027 0.00070076862903079 0.00140076919342391 0.000396840531539056 0.000477843920089072 0.000131215004512342 0.000123875531608064 0.0002351226454266 0.0006029344687704 0.000252659834768565 0.000284191329046735 0.000132120025409677 0.00171217122115195
0.00491067200200632 0.000425450234979507 0.000775388136389665 0.00118924479174893 0.00118537030357402 0.00111942668736447 0.000417426570493262 0.000427750873495825 0.000897057662950829 0.00100138674970367 0.0205079601146281 0.00351202154997736 0.0031877939356491 0.000618567950004945 0.00138843733875547 0.000433163846901152 0.000398353511263849 0.000357820264980546 0.000344177176521043 0.00239856088883243 0.0033763540093787 0.00406987073365599 0.00237185239675455 0.00186174551490694 0.0137060520472005 0.0430722898803651 0.00970088747562841 0.0097885625436902 0.000199781603078009 0.000199744823476067 0.00016501601166965 0.000138522532506613 0.000743234311812557 0.000890016964694951 0.00124367712414823 0.00101555260189343 0.00126660754031036 0.000514204428327503 0.000400403683306649 0.000484573507856112 0.000197944108367665 0.000754324480658397 0.000918266615917673 0.000107993622259528 0.00010308891414752
0.0130651800427586 0.0120337371015921 0.00137079235282727 0.000889203896076651 0.00309767647122499 0.00226549282378983 0.00171524258912541 0.000453137488511857 0.00417912387056276 0.00340181505889632 0.0039521360245999 0.00353497231262736 0.00460200691595674 0.00416442211135291 0.000453271424339619 0.000418930897285463 0.00039795048724045 0.00038819022665848 0.000358888727714657 0.000352993934575352 0.000337012519594282 0.00255069056875072 0.00357550923945382 0.00842601975891739 0.00711897467263043 0.130058778449893 0.00723040726734325 0.000749611304490827 0.00158721663756296 0.000197790533275111 0.000170469735712686 0.000148468664156098 0.000106852387762046 0.000310833874391392 0.00130049527942901 0.000292952176823746 0.00087210259080166 0.000704338899231516 0.000462586787034525 0.000399375782217248 0.000995853583299322 0.00158345022500725 0.000132934441171528 0.000127306813192263 0.000123261599765101
0.000442015827866271 0.00131529733916977 0.00047181965346681 0.000455168393818894 0.000395546014624415 0.000403305311920121 0.000398431131179677 0.000412925894488581 0.00486841905512847 0.00328648220747709 0.0044795497902669 0.00383374802186154 0.0235364482738078 0.00810412338469177 0.00506119659403339 0.00317983914283104 0.000422780151711777 0.000388493542413926 0.000380842365848366 0.000371482995979022 0.000350512139630155 0.000337121871780255 0.0056744396686554 0.0022258433396928 0.000714218673965661 0.000653329033957561 0.00813682388979942 0.00247891033359338 0.000193878607387887 0.00144603320222814 0.00104380259799655 0.000124574024812318 0.000107408912117535 7.58082427637419e-05 0.0001313262217991 7.08870049493271e-05 0.000667829999292735 0.000538752890133765 0.000530107527447399 0.000161430294065212 0.000974712519382592 0.000153661084732448 0.000152674603850755 0.000144879394974851 0.000135743187638582
0.000450683636881877 0.00045555636897916 0.0004411474968947 0.00049790711782407 0.00829115472733974 0.00315573995467275 0.000469438032450853 0.000424604319414357 0.000447920602891827 0.00838876145426184 0.0134326615603641 0.00646148540545255 0.023211173620075 0.0378715883940458 0.0128517031669617 0.0101543867494911 0.00938339242711663 0.00320933318580501 0.00305646151537076 0.00414527382818051 0.00941351319197565 0.0123351545422338 5.43629997991957e-05 0.00535884097917005 0.000259485251808655 0.00324555244005751 0.000205701425511506 0.00194885379169136 0.00274681045557372 0.000189791673074069 0.00876936251297593 0.00451530797581654 8.87660773514654e-05 9.89129883237183e-05 0.00033497694239486 0.000231669050481287 0.00115684997435892 0.00026028748943645 0.000623032228031661 0.000540201841795351 0.000886978112976067 0.000458059564698488 0.000170602512116602 0.000172213432415447 0.000164409434546542
0.000403570014896104 0.000395877427945379 0.000424461188231362 0.00371940735494718 0.0139197695534676 0.00340792074566707 0.00633815237088129 0.000468994381662924 0.00704625131329522 0.00367274771560915 0.00820072998758405 0.00683432926889509 0.0113720290828496 0.00619758265092969 0.0101169700734317 0.00724876821041107 0.00367450202465989 0.00555884505156428 0.00328378182603046 0.00146548099583015 0.00123419422889128 0.00795743128983304 2.1502726100131e-06 0.000309783286138554 0.00036872777982353 0.000488686731114285 0.000221439343658858 0.000202494597397163 0.000186983567073185 0.00173495561175514 0.00100246222282294 0.000752296225982718 0.000324446850936511 0.000459255093301181 0.000285413721940131 0.000887116767989937 0.000161699845375551 0.000267309782793745 0.000483445730787935 0.000300510001397925 9.71939527516952e-05 0.000527849487843923 0.000508245007949881 0.00125879508268554 0.000567917469015811
0.00363402600050904 0.000271041147061624 0.000285614146559965 0.00922399278497323 0.00380848119384609 0.00562382224015892 0.000510867435514228 0.000522023633675417 0.000525381767511135 0.000547473626647843 0.00389307616860606 0.00393550142762251 0.00499955816194415 0.00547282486222684 0.00361242584185675 0.00311864872928709 0.00361060953582637 0.00325554856099188 0.00366361960186623 0.00317984301364049 0.0132355523295701 0.000189053727081045 8.82040005308227e-05 0.000961193448165432 0.000299046023064875 0.0017143350065453 0.00158958733954933 0.00256028870935552 0.000180543681926792 0.000145507606066531 0.000118098773964448 0.000642483001138316 0.00020867821003776 0.000312315842165845 9.02010426216293e-05 6.94995123922126e-05 0.000186792433123628 6.9135901867412e-05 8.30212610708259e-05 0.000634513311524643 0.00013191654743423 0.00216326121881139 0.000639332863647724 0.00150772230845178 0.000183761894004419
0.00125763405230828 0.000201866287898156 0.000294265870252275 0.000369588917237706 0.000444955758575816 0.00427236614050344 0.0116407151799649 0.00773977866629139 0.000626611725601833 0.00553246969357133 0.00410904207965359 0.00547782375942916 0.00405222967965528 0.00567105893278494 0.00507249158108607 0.00377303204149939 0.00954356188885868 0.0183356106281281 0.0351982899010181 0.0139781042467803 0.00666098963120021 4.14116657964314e-05 0.0115920079872012 0.00287959565175697 0.00361014236113988 0.000229985502664931 0.000225463320748531 0.000200136550847674 0.00016508863936906 0.000159329639427597 0.000391911726546823 0.0013649077664013 0.0065515487222001 0.000348200737789739 9.94769111457572e-05 8.03974147856934e-05 6.59543280562502e-05 6.19137632384081e-05 6.5331346468156e-05 0.000180474931585195 0.00010831095978574 0.000165338419901673 0.000190169824963959 0.0304830943467095 0.0115097638219595
0.000142604565007787 0.00185173210629728 0.00252709292981308 0.000258552707600757 0.00040607313203509 0.00881487666629255 0.00411200847593136 0.00479311058297753 0.00637650165008381 0.00524303432321176 0.0142563716974109 0.0100381622789428 0.00533370707416907 0.00461065083509311 0.0109036298003048 0.0118188742082566 0.020751981716603 0.0271276739891618 0.0033139802981168 0.00287718526669778 0.0155931926565245 0.004911470861407 0.0254795680753887 0.00283075024781283 0.00333813504548743 0.000236409984790953 0.000224915467333631 0.00019777747693297 0.000176421754986222 0.000167122313905566 0.00128613810811657 0.00194209403998684 0.000118694359844085 0.000110321151441894 0.0033777861710405 0.00148858585598646 9.92173883787473e-05 0.000103813380701467 0.000108517804619623 0.000114457225572551 0.000115460312736104 0.000150038488027349 0.00020270519908081 0.0016615258413367 0.00138289459864609
0.00205378020182252 0.00279124873341061 0.0124216520227492 0.00349881513975561 0.00764904161915183 0.0412800396792591 0.0125212502898648 0.00813986352877691 0.00484126141527668 0.0189908623229712 0.0130496620666236 0.0116160509642214 0.0142601992469281 0.0135372743709013 0.0258566291071475 0.0700898742303252 0.00609378550434485 0.0178109823260456 0.0116487347288057 0.00535381711670198 0.00379397432552651 0.00604464262723923 0.00831950188148767 0.00870128003880382 0.00647728231269866 0.000481725647114217 0.00475898692384362 0.000847462184901815 0.00229295136232395 0.00667362413369119 0.00205162369529717 0.00178095225128345 0.0013820212581777 0.000121487084288674 0.000136358236704837 0.00144847126648529 0.000132199688778201 0.00010808613988047 0.000104776057196432 0.000363244123218465 0.000117053416397539 0.000153897591735586 0.000207126319219242 0.00714180916547775 0.000421740010278882
0.00600778346415609 0.00292835172731429 0.00873972047120333 0.0152632848825306 0.00938499739859253 0.0758190896362066 0.0462249947711825 0.00980335123604164 0.0222647799178958 0.0055228472687304 0.0108859851956367 0.00991971683688462 0.0100257747340947 0.0339024726301432 0.0119826251408085 0.011745088477619 0.0311293658800423 0.0233267340343446 0.0581172929611057 0.0114219643641263 0.0611837511882186 0.0308396538719535 0.129504477232695 0.0571070484817028 0.00349781350814737 0.00361206451780163 0.000736865020007826 0.000245430154245696 0.000743475771741942 0.000160702851462702 0.000912316383619327 0.00418056651251391 0.000788253868813626 0.000120378023893863 0.00014786978608754 0.000160199012498197 0.00016805137238407 0.000458129969774745 0.000426612629235024 0.000151026392086351 0.000159765278840496 0.000154328204916965 0.000198449493655062 0.00101447446504608 0.00173561534029432
