Scripts_&_data/Maxent_result_files_2/B_monticola_2.asc
NCOLS 594 
NROWS 330 
XLLCORNER -15 
YLLCORNER 23 
CELLSIZE 0.166666666666667 
NODATA_value -9999 
[rows 160 to 179 of 330, columns 396 to 439 of 594]
8.7662332903804e-08 7.30479360777636e-08 5.25350163371741e-10 1.15391940447296e-10 5.47533052230875e-10 8.20341679030889e-09 1.95165619221171e-09 6.27590441615311e-08 1.55010337898887e-09 7.14067274198982e-09 1.12146049113804e-09 8.20675372104063e-10 3.08436021168035e-10 1.08274563759281e-09 1.34490184544589e-09 2.01406801236814e-09 6.37016328575157e-11 1.2691132589282e-09 2.40689602692967e-09 7.14456593886581e-09 1.59416833067638e-09 2.90160198090916e-09 3.34149045433385e-08 3.16518553589162e-09 7.85163316585624e-09 5.08924493325402e-08 1.58714379216995e-07 1.68865946115204e-07 9.28288937274146e-08 1.14381236038241e-07 5.9605872015922e-09 1.40883454902152e-09 2.09346613377903e-09 9.60990174103671e-09 7.55475382252513e-10 9.38481271584024e-09 2.88422763450313e-10 9.86139614411741e-11 1.36053057708807e-10 9.32072197201705e-12 1.84036119676989e-12 1.60363944345931e-12 1.29164734463671e-10 2.11041194519979e-09
3.66596232481697e-08 4.19587720124071e-10 2.30106322884893e-10 8.36804132653413e-09 4.52701461650662e-08 4.27481756659631e-09 4.45929318138027e-08 5.01579851874823e-08 4.26929292474121e-08 3.4703670459546e-08 2.48720879891806e-08 2.30591986283279e-08 8.32830980845856e-09 2.40391336170376e-08 2.56754417948812e-08 9.72498748197381e-09 5.74784786433469e-10 3.65962700143996e-09 3.65501212629127e-09 2.20732965239279e-10 6.9768587573904e-10 5.27751911061358e-09 6.3899118218913e-10 3.11550939602334e-08 5.80990567322637e-08 3.0198434797235e-08 1.13733561479812e-07 8.55200326221883e-08 9.72703984247758e-08 5.93772253254521e-08 4.3155252826832e-08 8.80318146267989e-08 4.58204185704858e-09 9.12668701724684e-09 8.02142929856586e-10 3.50766082846121e-12 3.01841248662171e-09 7.17062981214767e-09 2.29508468052586e-07 1.73137028047776e-09 1.47847289966307e-12 5.71108049740587e-11 5.99111400045871e-08 1.80091949686378e-08
1.18381389246913e-08 1.37957978374459e-11 3.52991150753823e-09 1.16913085879133e-09 3.42509796746882e-08 3.41842735784859e-08 2.75627262680267e-08 3.11535253261219e-08 6.9650193390558e-10 3.06437820785099e-08 2.30642678733517e-08 1.9095379888423e-08 7.21610438070286e-10 1.71033403884024e-08 1.9667181394567e-08 1.51155686856086e-08 9.22704702643884e-09 1.90564930502291e-10 8.81411597042359e-09 1.47940131256519e-09 1.20463321540143e-09 6.96125579402462e-10 1.21589162183078e-08 3.4697130235628e-08 1.42791647173013e-08 1.69771163793797e-09 8.56104076962794e-08 5.35138408030988e-08 6.17346913811545e-08 3.16820467860524e-08 3.9258791606489e-08 1.23176801980485e-08 6.68483981947077e-08 7.09590490588496e-08 1.53302090466489e-08 6.50754694575539e-10 1.49551226957811e-10 1.73907951417362e-07 2.36879383552768e-08 4.08453740829984e-09 5.52651169272167e-10 9.18484399647923e-11 5.86023107818079e-09 1.44159398862698e-09
1.14299252285122e-09 4.74206307554681e-10 2.07892751236116e-08 2.11018023610343e-08 2.20265313100043e-08 2.08550526181739e-08 1.97070524454723e-08 1.67308182530412e-08 1.87606700174925e-08 1.58425836227494e-08 1.71922027836224e-08 1.61913558338611e-08 1.73068297470991e-09 1.10887508397717e-08 1.03865222644828e-08 1.20154010629925e-08 1.32303524469357e-08 9.65741944192189e-09 1.12091954385107e-08 1.21497379823587e-08 1.33342893282595e-08 1.09736032816166e-08 1.94352133275899e-09 2.03770430529104e-09 8.85555073715238e-10 2.96859776538483e-08 3.67274088919345e-09 1.04392420263721e-09 5.92968826929052e-08 5.01667801522387e-08 5.29015154349111e-08 2.56142928645176e-08 4.10947001761031e-08 5.40675641591548e-08 7.47826872427026e-08 3.95054682300611e-09 1.03817965335651e-09 2.44095332946337e-08 7.56960072401114e-09 2.1286963702849e-07 1.08050233293966e-07 2.70367340515776e-07 4.38632413946038e-08 2.1397468352724e-09
2.1564473540181e-10 3.87400429069373e-08 1.97495443332585e-08 5.91885429557237e-12 4.26523149577029e-08 1.44411619662499e-08 1.34393735917726e-08 1.2392761550295e-08 1.24269223911178e-08 1.22162056248598e-08 1.15185968874165e-08 1.08309769153436e-08 1.26296139102422e-08 1.18244362856679e-08 1.01862702828193e-08 8.63333065037608e-09 9.13812442382422e-09 1.06262187826722e-08 1.23342281499461e-08 1.44858856909735e-08 1.73932431124513e-08 1.37691130275286e-08 9.52404992649036e-09 1.14875426171501e-08 1.20431885686223e-08 3.50387663328178e-10 3.44939437568748e-08 5.74628422400636e-08 1.68792910537618e-08 9.96143382780978e-08 5.79353457208498e-08 5.08063493054323e-08 3.62905411499526e-08 4.52926199212555e-08 3.52547641302436e-08 4.0028086512045e-08 1.0564373766897e-07 1.36012192164525e-07 1.651059911012e-09 4.38883192011019e-09 1.0176012366081e-09 1.86234344567993e-07 1.59928356113781e-09 6.42821686547279e-08
8.01231636593514e-11 1.76783908512057e-08 1.78204311640506e-08 2.05415114473695e-08 2.1900955671228e-08 1.54142534736224e-08 1.28768580021088e-08 1.2215265510207e-08 1.15887080598398e-08 1.03472259205262e-08 1.0080895829212e-08 9.46019335090753e-09 9.38378954540298e-09 9.19546072619681e-09 9.36618792524158e-09 9.22049134821634e-09 1.10122929664058e-08 9.91743445144522e-09 1.01433230370596e-08 1.04866638372947e-08 1.11637207811377e-08 1.27070614808211e-08 1.70338335214737e-08 1.57455946725449e-08 1.09852474228234e-08 1.29150488192842e-08 3.04796564654097e-09 2.44722220155147e-08 3.34443946758967e-08 4.3251707682046e-08 5.65390816831268e-08 4.04767293016306e-08 1.11789387746697e-09 4.81552919318062e-08 3.94353635524425e-08 3.03675679269588e-08 4.35779379248658e-10 3.85087407295259e-08 3.20542151044378e-08 1.21801604358041e-09 9.07488689527724e-08 8.4780731812728e-08 4.86349608141978e-08 5.26783224152894e-08
4.68908023520953e-10 2.09341930457185e-09 1.55242575350378e-08 1.51832828088061e-08 1.45946191243418e-08 1.40318483943247e-08 1.32288233367639e-08 1.20656798330288e-08 2.66396195103269e-09 9.60258582649587e-09 8.02515404130233e-09 9.05532072659199e-09 9.12939457364814e-09 8.80782512480138e-09 8.63389546523763e-09 1.83938364539671e-10 8.50097040538955e-09 8.24218610029348e-09 9.5390503052073e-09 9.24648385636218e-09 1.13302561777218e-08 9.76268130781222e-09 1.40236884438316e-08 1.38790181458681e-08 1.47339735412366e-08 1.60454089126461e-08 1.2656512549114e-08 1.61317581404141e-08 2.28827962467371e-08 2.42061936162052e-08 3.13492708459151e-08 2.03820665012344e-08 2.92681154201446e-08 5.15585201199542e-08 4.67189924968636e-08 3.65907330657223e-08 1.40517520952343e-09 3.60625118656088e-10 2.71052186695542e-08 4.0212231122716e-08 4.32540150363536e-08 6.28520501422258e-08 6.23391896326098e-08 4.34477785971055e-08
1.3951402388912e-08 3.525342462396e-10 4.74452512833068e-09 1.22261524904133e-08 1.11113723888501e-08 1.08690982103532e-08 1.03380198956948e-08 1.02360116494005e-08 9.71459944709707e-09 8.95118010824092e-09 8.449214916606e-09 8.262763750988e-09 7.19189113818075e-09 8.461016454131e-09 7.42222838745477e-09 7.51966250378544e-09 7.8830331928792e-09 7.85793260460466e-09 9.20630491840768e-09 9.28792857068927e-09 8.78169537088525e-09 6.95855166821246e-09 6.72820622549253e-09 8.44343488459742e-09 1.50973677559563e-08 1.9654966376681e-08 1.35427837610891e-08 1.24736962314742e-08 1.45868242595881e-08 3.35318739441703e-10 2.79064468200474e-08 1.79950027878739e-08 2.64803343585918e-08 2.4702481404848e-08 3.16316116077964e-08 3.96007859837511e-08 3.04565494935183e-08 2.05684880238977e-08 2.25961842681421e-08 3.1615249407313e-08 3.63183240814635e-08 4.64711851666522e-08 4.38348696008006e-08 2.4944988441522e-08
1.10785251861145e-08 1.31902621047786e-09 2.52017785529191e-09 9.17157941815461e-09 8.54172471642656e-09 8.3457527999542e-09 8.22546397660773e-09 6.68571069617485e-09 6.73968512110434e-09 7.01269073921651e-09 6.54480997175355e-09 6.12256545462486e-09 5.86062205432114e-09 5.62251645241929e-09 5.99159750702682e-09 6.70576074668361e-09 6.2644586518168e-09 5.50900752793737e-09 5.28399581867234e-09 6.06572009287376e-09 7.29401300469945e-09 7.02896024717958e-09 5.2230783365026e-09 9.16576721188278e-09 1.15464279470956e-08 1.34387005634728e-08 1.24161348757923e-08 1.04484948804107e-08 1.43418126596906e-08 1.64557500736962e-08 1.91114467917863e-08 1.77918642929598e-08 1.91479173294873e-08 2.71171007537596e-08 2.34574564328405e-08 2.44452661335437e-08 2.42184423848713e-08 7.75150033049954e-10 1.46713100002138e-08 2.14386930208477e-08 3.00027927724322e-08 2.79676075964908e-08 2.91091902915319e-08 2.04885755361595e-08
7.08745849786752e-09 7.08511013192137e-09 1.03160634035149e-08 5.62859792108128e-09 6.30771663789886e-09 6.87662536913436e-09 6.57786610736011e-09 5.35859124850546e-09 5.42046274532026e-09 4.1175538312288e-09 3.8560209580929e-09 4.12777950709042e-09 3.83750520249748e-09 3.88562928499425e-09 4.62413715096588e-09 4.74503027980688e-09 5.07976456454173e-09 4.25904855827497e-09 4.99218220095798e-09 5.3059563520641e-09 6.41169275450437e-09 6.01799945432191e-09 4.04006410548163e-09 2.86825714290728e-09 7.41566796857995e-09 9.36367086090684e-09 1.37039231407066e-08 1.45274404950158e-08 1.67650125226793e-08 1.75665214929843e-08 2.18841807231307e-08 2.1144298467668e-08 1.89428138175352e-08 1.93462912356779e-08 2.52048375726233e-08 2.45278492516654e-08 2.12685312139804e-08 1.44152336067904e-08 1.65234116167312e-08 1.63451993051567e-08 1.82483537503053e-08 2.17832455629008e-08 2.02029491136457e-08 1.26638115549582e-08
4.45119309189224e-09 4.69358865107239e-09 4.53614150686121e-09 5.12458162571505e-09 3.86222979154027e-09 3.47707281855847e-09 3.17222808021711e-09 3.40338217608149e-09 2.68090960542366e-09 2.29591156086784e-09 2.66903782408789e-09 2.65837183377471e-09 2.70165270155331e-09 3.77235106485685e-09 3.39318732001104e-09 3.3325407322593e-09 3.39919983272097e-09 2.9116266619944e-09 3.33239031924393e-09 3.90338467104456e-09 5.44351417275379e-09 5.78440912946121e-09 4.34446152386414e-09 5.99291193337237e-09 7.52222596434038e-09 6.51649808558474e-09 9.58029416908701e-09 1.14284174901336e-08 1.14721822930264e-08 1.45796809403187e-08 1.44545492242187e-08 1.927162315285e-08 1.87990157773932e-08 1.69777687797357e-08 1.64476623432108e-08 1.69351627166137e-08 1.42526671020882e-08 1.34668492024481e-08 1.19813033383487e-08 1.19961835132187e-08 1.22507677779993e-08 1.5846456502544e-08 1.24812037038957e-08 7.81310461883677e-09
2.94775288622873e-09 3.0985472632139e-09 3.30213899557563e-09 2.99225718647378e-09 3.78287343671957e-09 2.14460061931376e-09 1.95903934185893e-09 1.48964786061967e-09 1.44618621522596e-09 1.53842236727542e-09 1.949630046294e-09 1.68237325182119e-09 1.60124424830599e-09 2.05791388374621e-09 2.76025656775758e-09 1.80196483290374e-09 1.70267667742863e-09 1.96275855568473e-09 2.75311123898447e-09 3.44681665431779e-09 4.46264920572759e-09 4.41901394365729e-09 4.05290774274647e-09 4.79844760592485e-09 5.23150168740827e-09 6.45315069158769e-09 5.62793800451544e-09 7.53566885558499e-09 7.85569793659846e-09 9.67525306538875e-09 8.92205951341651e-09 7.68034891240887e-09 1.09781552959376e-08 1.26964346258696e-08 1.02380183664152e-08 1.14612415780257e-08 1.02395976919745e-08 1.14708222476168e-08 2.80705814148519e-10 9.56218324521529e-09 1.00142499959155e-08 9.82042495101254e-09 1.17062770255139e-08 1.07561886952823e-08
2.07489726511412e-09 1.96000475849445e-09 1.91545663774662e-09 1.97187192130244e-09 1.9666730355361e-09 2.30163201830891e-09 1.17376554031878e-09 1.06991561166225e-09 1.06580801961798e-09 1.24027824677242e-09 1.24864890649334e-09 1.23675292229564e-09 1.01953507858354e-09 1.30234850681532e-09 1.14158772435147e-09 1.20414300752714e-09 1.30752714211368e-09 1.51065963072128e-09 1.99567615766227e-09 2.46086564459347e-09 3.16928123744731e-09 2.28852421457759e-09 3.27645081066308e-09 4.2720999515744e-09 3.74406846637143e-09 4.0299683257139e-09 4.4178527836003e-09 5.23418038911316e-09 5.3530504695587e-09 5.29136909843686e-09 5.19747236360502e-09 7.6674792737208e-09 7.40171118840394e-09 6.85600893834959e-09 7.74582968876558e-09 9.00053619412589e-09 7.22424412513689e-09 8.34882172284779e-09 6.55000810256823e-09 5.32984363310618e-09 5.5549541522204e-09 6.87261546561402e-09 1.05805513572754e-08 8.68113424479233e-09
1.7443002153783e-09 1.59127988563768e-09 1.3705402035491e-09 1.33526930623518e-09 1.29721756669809e-09 1.22781598221877e-09 9.74447889046104e-10 9.13199493801642e-10 9.56856716083365e-10 8.74294459052294e-10 8.68339788961947e-10 9.39351019191292e-10 9.48989098414899e-10 1.08559390366025e-09 9.30830357237511e-10 8.41590730438213e-10 9.35141097890835e-10 9.69141589202138e-10 1.25059245181802e-09 1.62495905620119e-09 2.74019728019326e-09 2.1716834108787e-09 2.13379314217832e-12 4.80417927661847e-12 2.64388916315639e-09 4.7919966328358e-09 4.80229739308058e-09 5.59257464782803e-09 5.89782130910876e-09 4.60255665801768e-09 3.920951141545e-09 4.43339921440966e-09 5.06246147224942e-09 6.40512667349213e-09 6.90073692632964e-09 6.05387586727346e-09 3.23188564799182e-10 4.96636923807969e-09 4.70282386366705e-09 4.41774500314907e-09 3.94302683837111e-09 4.68531482500367e-09 4.6024731248373e-09 3.82552849398365e-09
1.49091017309644e-09 1.30829157507506e-09 1.13321794170673e-09 9.57041701443728e-10 1.05952839835055e-09 9.98311355804304e-10 7.95412991028144e-10 7.61426077744432e-10 7.55818185815826e-10 7.10575009943426e-10 6.26566998285227e-10 5.85341675130024e-10 7.24222337655789e-10 9.50401946031576e-10 8.79592720881561e-10 1.06952698919471e-09 9.77771075216793e-10 7.54436690897364e-10 1.00210076903196e-09 7.09995029435362e-10 9.34932087304219e-10 1.66284338520839e-09 5.42665246072716e-11 6.19193585293942e-13 1.30156311284324e-09 1.62662806557634e-09 2.5461531327764e-09 2.85447800951744e-09 4.06775365613399e-09 5.15149628510514e-09 4.84008328971441e-09 3.9354398961855e-09 5.30899942896568e-09 5.80146560791306e-09 5.13099202015255e-09 3.49877085081829e-09 3.4001888193913e-09 1.00175338024755e-09 3.76888498188066e-09 4.56873465726204e-09 3.33039725797235e-09 3.29216071071059e-09 2.62604924472498e-09 2.63184127824445e-09
1.31749556819827e-09 1.11855876783196e-09 9.57069201668048e-10 8.28423241117093e-10 9.43178501966457e-10 8.60671101055033e-10 6.89244317175763e-10 6.37599972819203e-10 5.82658876702169e-10 4.93476404184179e-10 5.18675935534674e-10 5.93476534582749e-10 8.8583423929478e-10 8.06898736716022e-10 8.12911438163866e-10 7.4541588457322e-10 5.45513689775845e-10 5.49803180760477e-10 6.87482126782157e-10 7.41146222171807e-10 7.09047609515068e-10 1.08463354964172e-09 1.3276478361135e-09 1.2183155262413e-09 1.02568659121616e-09 1.11503064559315e-09 1.63158375698913e-13 1.96515873573944e-09 3.17471345878673e-09 4.24691736222726e-09 4.19908219306819e-09 4.40117291500286e-09 4.70323587853372e-09 4.55953219624661e-09 4.21921378945811e-09 3.09589259783749e-09 3.47962769708943e-12 3.17601570598569e-09 3.46096805659002e-09 3.6569499650696e-09 2.39279748237564e-09 2.09077778423605e-09 1.96369200899937e-09 2.89108449402775e-09
1.22968880633678e-09 1.03354724778626e-09 8.55434412194711e-10 9.04725472317125e-10 9.49641676406543e-10 4.75608441519171e-13 6.55724963216642e-10 5.42851730234162e-10 5.04013986102336e-10 4.41342729029515e-10 3.82591958114631e-10 3.64558883081401e-10 4.85830742302795e-10 5.5800827292174e-10 6.03314831426616e-10 5.11072295594772e-10 4.2461242300007e-10 4.70501715366112e-10 5.7174432965823e-10 6.82319079015059e-10 6.08866190798807e-10 8.73764882669548e-10 1.42283067550153e-09 1.15396081579178e-09 1.11325189067202e-09 1.58831819918603e-09 1.82823063354931e-09 1.91294303730771e-09 3.05312088944021e-09 2.2247576558776e-09 2.09527408756571e-09 2.99410424231539e-09 2.95489190893505e-09 3.33454105438946e-09 3.86782138539488e-09 2.90334516428459e-09 5.18428522333636e-11 2.70188098561164e-09 3.22515347761509e-12 2.46463393027696e-09 1.72200659287469e-09 1.48654086817857e-09 1.78928349914287e-09 3.42335146896744e-09
1.06945787781143e-09 9.07053143706094e-10 9.56087498060754e-10 1.03016974950521e-09 8.08878553026915e-10 5.48638912079014e-13 7.5209838357182e-13 4.72844619014978e-10 4.56071036492034e-10 4.20144730117755e-10 3.29001714760579e-10 2.85645052056083e-10 3.11283210319147e-10 3.55270135532493e-10 3.61244745228362e-10 3.71127761855661e-10 3.72644415325141e-10 3.47922124444011e-10 3.94761090483087e-10 4.46250492114331e-10 4.00524202692765e-10 4.68610894532873e-10 4.79959794130735e-10 7.11199854563915e-10 7.9094579774619e-10 1.06652990883305e-09 1.8336133278396e-09 1.55869001039477e-09 1.47116305804218e-09 2.14390727393265e-12 2.03788823593953e-09 2.61483890096059e-09 3.08494996215103e-09 3.47179396342767e-09 3.69125443544505e-09 3.06499944313643e-09 2.19653697453026e-09 1.89226412317112e-13 3.17523785042795e-13 1.99880825224596e-09 1.62684898885601e-09 1.48368528574139e-09 1.93600043774111e-09 3.43529790169939e-09
8.99944863075319e-10 8.51998815942778e-10 9.53564038841392e-10 9.88859749639914e-10 7.2304975340387e-10 6.05435013234512e-10 5.02638530797128e-10 4.14629997003146e-10 3.60621499329028e-10 3.53768658811759e-10 2.95547086803793e-10 2.64268462668582e-10 2.62292088049065e-10 2.84455714538723e-10 2.98373847851252e-10 2.76757217143597e-10 2.84302137387726e-10 2.77129830195122e-10 3.131404135992e-10 3.42839712175191e-10 3.81903131341232e-10 3.53030282784772e-10 3.40638695028872e-10 3.47857409543906e-10 5.18985610042932e-10 8.65637928004759e-10 1.45988545696696e-09 1.31997746066759e-12 2.009614696874e-13 1.39139564314661e-09 2.1216842949201e-09 2.30474918039292e-09 2.81185961181762e-09 2.85013735945583e-09 2.43870873495311e-09 2.61506077903206e-09 2.77189382558163e-13 5.5710436264178e-12 2.2538654387283e-09 1.3235958107316e-09 1.20120802193924e-09 1.55209521901511e-09 1.77274025459084e-09 2.42835354047344e-09
9.10985209490178e-10 8.13924860842974e-10 9.64750945797732e-10 9.88656290168421e-10 7.22378612483254e-10 5.45770473259211e-10 4.49651282874441e-10 4.03133182391713e-10 3.08202130483437e-10 3.05877534412247e-10 2.89465362790509e-10 2.43900843965861e-10 2.13967765727574e-10 2.22089591161989e-10 2.09856199084868e-10 2.07572659061128e-10 2.00622851664889e-10 2.47536602326903e-10 3.07010195044199e-10 3.10513703638549e-10 3.28478921840514e-10 4.03137756510574e-10 4.53718818071991e-10 4.08677025554027e-10 3.84239018380583e-10 4.2017380685877e-10 5.01117591866773e-10 5.53863588326209e-10 7.80174980175019e-10 9.5041789993644e-10 1.15018377044862e-09 1.52317782831091e-09 1.71532745785186e-09 1.42285339066461e-09 1.38821226736141e-09 1.57732238381669e-09 2.09355043301329e-09 2.15249416068986e-09 1.66538749457601e-09 1.25667185546519e-09 1.07138831140219e-09 1.12866334056605e-09 1.17813508948572e-09 1.29319338570966e-09
