Scripts_&_data/Maxent_result_files_2/B_mocsaryi_3.asc
NCOLS 594 
NROWS 330 
XLLCORNER -15 
YLLCORNER 23 
CELLSIZE 0.166666666666667 
NODATA_value -9999 
[rows 160 to 179 of 330, columns 90 to 134 of 594]
0.00277214017987717 0.0470445416867733 0.229944125562906 0.0971480082720518 0.100884917378426 0.0933681171387434 0.108735026791692 0.0691941395401955 -9999 -9999 -9999 -9999 -9999 -9999 -9999 -9999 -9999 -9999 0.0450862712226808 0.0751317147165537 0.0192859309725463 0.0139624099014327 0.0463845856487751 0.0228125588037074 0.00447523427428678 0.0159205416217446 0.245928958058357 0.00197056911420077 0.00947041840991005 0.0030413193104323 0.00761072977911681 0.0127817980013788 0.00936166497413069 0.0157835924997926 0.00327423689304851 0.0117821057792753 0.00883270993363112 0.0031784254417289 0.01129843685776 0.0363344290293753 0.119894268736243 0.00907095125876367 0.011221578810364 0.00433258851990104 0.00152041797118727
0.000278081899705285 0.00455712814582512 0.0230115260696039 0.0921370532363653 0.181968466192484 0.113303541764617 0.0360601462656632 -9999 -9999 -9999 -9999 -9999 -9999 -9999 -9999 0.0231840515974909 0.0546283390372992 0.0258059811312705 0.0170735032763332 0.0129158399766311 0.0106948791537434 0.00895933790598065 0.130233636125922 0.00438272982137278 0.00561333846999332 0.00986601444892585 0.0338464351370931 0.00232130137155764 0.00373459759866819 0.0055827509611845 0.00177631320548244 0.0328557869419456 0.0156436335295439 0.00513186498428695 0.0141588937025517 0.0149269284680486 0.00398122298065573 0.00313348792260513 0.00753421493573114 0.00952319046482444 0.0137809231411666 0.0777411906048655 0.00173787753446959 0.00181156733597163 0.00123490712721832
0.143705469742417 0.00804145280271769 0.0214283731766045 0.0262319009634666 -9999 -9999 -9999 -9999 -9999 -9999 0.135501043498516 0.154172185063362 0.0435941374860704 0.0253524918109179 0.0203109050169587 0.013687710207887 0.0170037357136607 0.015584701532498 0.0148290029261261 0.0171829365659505 0.00930106220766902 0.00720468035433441 0.00435470845550299 0.00350463538197801 0.00366924495319836 0.0034926840395201 0.0925218638032675 0.00691925389692187 0.00271357588935643 0.00151540906808805 0.00172571114962921 0.00213591496576555 0.00896740339230746 0.0157336313510314 0.0282830053009093 0.00500014604767784 0.00746423114323989 0.0155791804892942 0.0212960816454142 0.0110314411809668 0.0245022233109921 0.70069504827261 0.0707647539675236 0.000521254837076412 0.000961060299596284
-9999 -9999 -9999 -9999 -9999 -9999 -9999 -9999 -9999 -9999 0.251450042426586 0.111757784336805 0.0312566643580794 0.0206492814235389 0.0150761778466403 0.00965640537906438 0.0117547521367669 0.0117773910751566 0.034977968968451 0.0245349534787238 0.00558047896483913 0.00406413652235642 0.00340140681364574 0.00307292039506137 0.00242188238480594 0.0028680560819339 0.00295487100956962 0.0013824333465891 0.00136108817678178 0.00204205117479432 0.00192518559051678 0.00215613428736106 0.00223819324746728 0.00870404739398509 0.00666293054819107 0.00140708988183178 0.00141357763641281 0.00148075971519575 0.00585551973199472 0.00365584685932845 0.0173567823134363 0.0127545586088672 0.283078057318926 0.0078199434094131 0.000454934164736187
-9999 -9999 -9999 -9999 -9999 -9999 -9999 -9999 -9999 -9999 0.0919130096212029 0.0420658878050745 0.0203949903603643 0.0126722265500575 0.012060670228675 0.0126225946936756 0.00911422618664801 0.0133731921669096 0.0297553356736898 0.0058954729931429 0.00558077921159565 0.00347502076183446 0.00262445891276002 0.00240079721261282 0.00182199240080081 0.00173892912862357 0.00174182310001925 0.00140921768615954 0.00188549360318575 0.00175594514294062 0.00141397049301304 0.00286947654676624 0.00164343582873698 0.00605545964790508 0.000464918279612903 0.000566012422495987 0.000729785754083423 0.00171627061790787 0.000980672212608624 0.000648397061013384 0.000995468757901108 0.000856547091098037 0.00136019523197319 0.00390812667319551 0.000458873225943535
-9999 -9999 -9999 -9999 -9999 -9999 -9999 -9999 -9999 0.0522614014334977 0.0428852092474699 0.0415628631599247 0.0156641586218029 0.00921548595651984 0.00793393574422225 0.00674693530891091 0.0134689752012491 0.0232631801627576 0.0150302248541266 0.00456717581255361 0.00373465750017203 0.0303156483918428 0.00226190894609317 0.00938038323074579 0.00409442400559783 0.00242881498706993 0.00949850198812783 0.00190192759619094 0.000950800986902323 0.000785668854223331 0.000739555252948776 0.000725375367619563 0.000604533528530737 0.000344368928654148 0.000451863307898748 0.000327998497959925 0.00251271150482353 0.00403239803854376 0.00417058606399223 0.000607116793980822 0.000477048886750708 0.000186820893395634 0.000302465726599621 0.00274015527393203 0.0113764360314235
-9999 -9999 -9999 -9999 -9999 -9999 -9999 -9999 -9999 0.0643180059269071 0.0311774265952408 0.0226261799223721 0.0112864790251479 0.00661134485853836 0.00934683564119041 0.00412419834174216 0.0054964404553175 0.00423041344620287 0.00877395279239863 0.00298740128055215 0.00298666397575289 0.00260161378537305 0.00351002596435137 0.00184871394885704 0.00135104501969181 0.00201755551097449 0.00262250309460796 0.00148915549216326 0.00105610865430208 0.000952814492484322 0.000486520151753211 0.0016437639205833 0.000530647398045403 0.00012323161427048 0.00119238735060208 0.00116963868276798 0.00291547075903509 0.00151555094053037 0.00412042232928798 0.00344855356379412 0.00176719749288168 0.00071066122764023 0.00095798053080216 0.00100580154685304 0.00147478746221168
-9999 -9999 -9999 -9999 -9999 -9999 -9999 -9999 0.0165483553195372 0.020462964521721 0.0135114072123542 0.0319717737846077 0.0182846420444548 0.00514070268254727 0.00441898319986649 0.00371783412992954 0.00273378625861369 0.00283872279105708 0.00252565473201685 0.00271062646061182 0.0023172706773039 0.00169653007760644 0.00281087572511751 0.00179773608397227 0.00295720970898401 0.00135217353454209 0.00115404613898136 0.000669832916537416 0.000428710411142674 0.000501944270945387 0.000599749489265378 0.000217238452933088 0.000174803736717877 0.000900893848665874 0.00160801682359306 0.00110956507996889 0.000777482712510391 0.000938685449364129 0.000838520915203844 0.0020552138594212 0.00143599355797051 0.00123974853340769 0.000344340621086303 0.000202105155949539 0.000676117172770319
-9999 -9999 -9999 -9999 -9999 -9999 0.0113838920951821 0.0390847817994654 0.0159859481966123 0.0137200234690681 0.00800197366625071 0.0067664026399143 0.00545688108541071 0.01291593904607 0.00449725996004418 0.00285624560201541 0.00246616395306773 0.00607444803463295 0.00183190907700919 0.00202425018651411 0.00179252128873486 0.00135829106438905 0.00267220691894181 0.00276963298674673 0.00191822362539824 0.0014109901865595 0.00109124259615783 0.00114624522393569 7.34981858840911e-05 0.000210432126732485 0.000307375686134037 0.000344132544705644 0.000748927334643668 0.0015881049548625 0.00124763480853289 0.000981436166330241 0.0010257535483106 0.000801432776279398 0.00127846372852218 0.000861707501462661 0.00103990826028166 0.000664541990408907 0.000854485432500951 0.00125564931076951 0.00073295783586218
-9999 -9999 0.0548345282673836 0.0969619609415531 0.030577582353726 0.0233991329558194 0.0179100792622194 0.0241175346076489 0.0103940433356911 0.0146930074552074 0.00609666892560199 0.00526482184650376 0.00416376475477591 0.00309279308421537 0.00273707194719464 0.00230612726591062 0.00198980992718134 0.00186954912496731 0.00217484288150445 0.00160386327188462 0.00132943456992507 0.00111458629107801 0.00117395910783671 0.00133122932165861 0.00204476533399429 0.00174662317585899 0.00196418208652176 0.00159687411505729 0.00107490780646913 0.000451870425604284 0.00022198202977961 0.000379583482754242 0.000822612667252542 0.00225646394537762 0.00650813872925937 0.0050298715243116 0.00163778417772846 0.000839795674255583 0.00148564570845338 0.0010448206186993 0.00262820176430978 0.000418771515251137 0.000504425841063494 0.000363973599814926 0.000421378569808439
-9999 0.0931605435907841 0.0317571381106973 0.026360705960542 0.0451246857643127 0.0173357844818383 0.0130477630300447 0.011321287159808 0.00874307964695618 0.00607918277382851 0.00521429780637845 0.00566238458268344 0.00340370993944816 0.0026285188505426 0.00322668307926506 0.00189051123161335 0.00175583664095029 0.00189464505820069 0.00181298208481167 0.00426013617543504 0.00153595206793398 0.000980050874932203 0.000907637437921949 0.00105597768269945 0.000881509072496556 0.000748736932291649 0.000900906098831911 0.000997179966361728 0.000987019718013471 0.00108616954239551 0.000683861057768809 0.00226754520263057 0.00135002802562667 0.00494067368563265 0.00581471750047058 0.00941670597530902 0.00368589466088451 0.000951414603332523 0.00226291040889919 0.00043068483719253 0.00170498891093303 0.000957223353907466 0.000580951431038557 0.000828363316395553 0.00169968483096454
-9999 0.0806428344920278 0.0367095975205302 0.0594898203387857 0.0740907249972224 0.0597808804363012 0.167427487671375 0.0109221853548661 0.00948340292088687 0.00543628419982269 0.00488954928005114 0.00326904057292268 0.00360298905288801 0.00462753194151446 0.00359073717263527 0.0016536677518161 0.0062427454511635 0.00136699021823006 0.00148874115257058 0.00331291939364746 0.00285352063947357 0.00234184636792634 0.000935320147982566 0.00101668770657852 0.000901392337982543 0.000672600775578758 0.000667996540141758 0.000710774724575458 0.000582545044017024 0.000759196913713822 0.00262194910028484 0.00164876780909253 0.00309430306078866 0.00294529130333103 0.00358712876331992 0.0042272876133211 0.00358253014273942 0.00134120593720581 0.000806138502957765 0.000866147117631044 0.00129995586758014 0.00255557403434068 0.00377715784707107 0.00227738677058369 0.00164232263632584
0.046508183889091 0.0393897254019976 0.016369944321923 0.0126956001622602 0.00958936386741698 0.0105688804993406 0.0339583346620202 0.0390560530126095 0.0180940553545952 0.00368182738893665 0.00319835714180954 0.00235472503700294 0.00258894040016457 0.00198293774737977 0.00242100174364168 0.00616160980425775 0.00355373244383372 0.00194534039183054 0.00145876468450297 0.00122712998418137 0.0011885253174114 0.00110611367126694 0.00134035515948199 0.00149570909561589 0.00272988158394583 0.000967419210064691 0.000870024984760676 0.000607457492878893 0.0006359563631122 0.00243057264888193 0.00063932965931599 0.000970859896915499 0.00191537932987558 0.00123334410163807 0.00151687715260778 0.00267281042761169 0.0048284275806509 0.00390279018320143 0.00255393497936893 0.000963818814489059 0.00704465473536402 0.00671902667963877 0.00387923121452332 0.00224811231310014 0.00204320505145006
0.0183318249881268 0.029394456371665 0.0112779832212254 0.0126018875977024 0.0136348674539477 0.0083786663482897 0.0131575423758477 0.0122929742792621 0.00803512919228524 0.00970409531146288 0.0110948679037392 0.00629445735830814 0.010992123070173 0.00358490882208571 0.00160524221719243 0.0011592541995924 0.00127075118653011 0.00109023723489372 0.00122358794906177 0.00117590437439503 0.0022036949347239 0.00218981493962929 0.00141787048050901 0.00294508769875392 0.00180613535630982 0.00325056705623865 0.00182519129884895 0.000900223727512639 0.000626569189626025 0.000988790609699208 0.000721005564992083 0.00138736636436079 0.00146454648056533 0.00110555680003017 0.00147321175027173 0.00104606687091291 0.00441153795691207 0.000905084387341049 0.00130564339051489 0.00124423407251015 0.00139442482904997 0.00116504643810913 0.00243828485836275 0.00146924770378973 0.000913735369977076
0.0201641770079732 0.0185105203185231 0.00881324529182166 0.00882272784365341 0.00863849497400224 0.00790731136221439 0.0134878622833639 0.0152363675646484 0.00642212992534041 0.00376682687201537 0.00609911408973858 0.00571238133125007 0.0333202682435513 0.0121033613570035 0.0580547423567623 0.0131727578816935 0.00287718474282883 0.00285969899850898 0.00135235188936349 0.00142282359884121 0.00143863167904783 0.00197291401564144 0.0035592952859588 0.00278745694085956 0.0026564392959699 0.00531981199746951 0.00691437497735023 0.00115447477874113 0.000633140309946611 0.000917036867758725 0.00107877236441709 0.00172608234570362 0.00305621744482778 0.00244107696344145 0.0166738747851923 0.00140884367428953 0.00440926471492276 0.000785722892032936 0.00140648547676392 0.00128748705028556 0.00181801190483384 0.00164155993261375 0.00356927555403672 0.00136741615497158 0.000464216526597738
0.0232910082209855 0.00898621128872037 0.00564452555845492 0.00888935995753854 0.00678756473353133 0.00621984947938472 0.00500471646664664 0.0036763631971553 0.00508939297869801 0.00198580425349064 0.00193026419874514 0.00330244561191648 0.00528129916638136 0.00945431629661471 0.0404603767907247 0.00171606389631052 0.000802410119649721 0.00163828423828818 0.00159393005305901 0.00150214497407433 0.0019804780400591 0.00308169387863018 0.00555610456503928 0.00315264327218756 0.00259798761690035 0.00286892540170811 0.00226434802752919 0.00128579955198802 0.000541228312795283 0.000162689086209866 0.00120312247599941 0.00448877167073078 0.0215195253258571 0.00989507071208209 0.00148952693562023 0.00235773435560986 0.000418813549913466 0.00192212288093287 0.00134649472311139 0.00176639259443618 0.00119947967032203 0.00627257202286273 0.00332026045653038 0.00178013889526483 0.00690521788783371
0.0069496215088293 0.00598486962262541 0.00525185809237882 0.00587496341904625 0.00407976457499899 0.00231096083589364 0.00325947439996526 0.00187064424098935 0.00167061854735948 0.00188758819713257 0.00201493354979902 0.00313970639253967 0.00205979779711925 0.00127521017857362 0.00139799093740294 0.000732435095414985 0.000888130441308022 0.00165066895569908 0.00161803138907999 0.00210849688155577 0.0036367972032167 0.00755312347318977 0.00783035003114492 0.00386970258550718 0.00216633706004359 0.00155491685145535 0.00102433495776495 0.000723617034236668 0.00201846007985296 0.000374083614588017 0.00169042504421668 0.00325151322758757 0.0134682629257441 0.00504694700357504 0.000799936860857997 0.000777719471079763 0.00345939482795075 0.002471605775645 0.000786391019937582 0.000939884179388173 0.00185764429334085 0.000942519658565288 0.00118703760526841 0.000115787171489501 0.0074118786258623
0.00870486259227619 0.00733064608648419 0.00505048332270235 0.00519640860147774 0.00317952272598632 0.0021602696768241 0.00204986134194769 0.00129853967373492 0.00231732470565476 0.00259038273943588 0.0018653034378076 0.00159765045973472 0.00153189656266477 0.00108933849260211 0.000780851053423248 0.0025947827467462 0.00102329985675169 0.0033156061777845 0.00347252212814055 0.004018032271415 0.0028391003375873 0.00494599986122921 0.00382914924994111 0.00246547861606814 0.00137489849876147 0.00100290620321175 0.00389193653245457 0.00290297283208929 0.000882766823633574 0.000741901101719122 0.0032264226640109 0.00390930717112496 0.00317596858367324 0.000528543358814204 0.00173900950467214 0.000650597106141504 0.000796957801503595 0.000913277926156297 0.00110070646333043 0.00143440593383275 0.00148906140093459 0.000826122685975861 0.000435809808550403 0.000120505027371109 0.00429839119897224
0.00696052685379982 0.00479639729019254 0.00611445417162031 0.00292364652850665 0.00193714052729774 0.0017989141138969 0.00196021111041773 0.00124138787650736 0.00123161412629997 0.00148535828629974 0.0018906622659415 0.0018527476262534 0.00142950025910977 0.00111283769219881 0.000999765946471598 0.000723975773144048 0.00120393343095202 0.00107210685819155 0.00150200627977028 0.00156314328778535 0.00303411665954627 0.00365377735579386 0.00187352380598895 0.00216057170182467 0.00119574415293755 0.00213098356616683 0.000783763980143704 0.00145123911497649 0.00156682849628851 0.00229459326073993 0.00714461073512211 0.00207617962732911 0.00097728103864938 0.00104209385754075 0.00161072986084037 0.000774740304041188 0.000637636531610042 0.000843171426822664 0.000995196991425473 0.000524221520026913 0.000668890941597056 0.00109587357292185 0.000338250529603101 0.000793016119860113 0.00215074366715271
0.00754032743861899 0.00572294614976272 0.0097254557069391 0.00281103177112527 0.00343040715670213 0.00238190345116891 0.00159031520597637 0.00163960151840001 0.00235562791931443 0.00120771241781767 0.00211776936776005 0.00362394789117388 0.00201578917331062 0.00128830725443549 0.000947581244690809 0.00085025498556206 0.00296678512822837 0.00135090237454278 0.00179460141516756 0.00361170428805053 0.000946792114700656 0.000930054367927369 0.0013829455449013 0.00104629672277952 0.000339788971177768 0.000809768428734969 0.000800233519112226 0.000641412202094216 0.000422658643947216 0.00434441658435389 0.0157910166773945 0.00249088014825247 0.00135528843675274 0.0009492579716607 0.000177917428845831 0.000538952781062108 0.000487241305745556 0.000381586597177375 0.000359905493860424 0.00063736608644831 0.000332937480925466 0.000346807244568481 0.000364978128709481 0.00227662910183426 0.00504186705220491
