Scripts_&_data/Maxent_result_files_2/B_mocsaryi_3.asc
NCOLS 594 
NROWS 330 
XLLCORNER -15 
YLLCORNER 23 
CELLSIZE 0.166666666666667 
NODATA_value -9999 
[rows 140 to 159 of 330, columns 360 to 404 of 594]
0.0858145989477634 0.0900846485048532 0.091799458861351 0.100257143378258 0.0859034966677427 0.0833947848528624 0.0781484823673964 0.0994615491479635 0.181659556925297 0.08690021969378 0.156678662635386 0.0521964224986732 0.148828883655369 0.148206394165754 0.0928288258612156 0.0830576233565807 0.109227176755667 0.0872301526367664 0.0919662728905678 0.117350976169109 0.0173123027663678 3.97379933814168e-06 2.40466474981105e-06 0.0040819073561579 0.205981943011284 0.0392407035920769 0.0640529877506197 0.0722395351156592 0.0299749851692468 0.0771096779033542 0.0155101953074336 0.0173286388395354 0.0447168220765889 0.155021160654724 0.0973970313556492 0.116488704457879 0.107026231940836 0.118762678839266 0.120992668252438 0.154913868941367 0.0604853101074696 0.0746741581708193 0.0764853086322546 0.185630380734801 0.185466259345412
0.0917568329721689 0.0937283869832754 0.0931717127561569 0.0851975034922361 0.138020242750645 0.133892333507538 0.085179179161787 0.105064276978374 0.19260943159461 0.0844005480408669 0.450029812008142 0.16382356826216 0.113717269897461 0.0939673645421863 0.0337966531515121 0.0909600660204887 0.0917137376964092 0.0901388563215733 0.182373004406691 0.208858946710825 0.00196663226379314 0.000732418732877704 0.0428139375522733 0.296501479297876 0.0988887287676334 0.0704364661127329 0.0801373043097556 0.0568426664918661 0.0187236985890195 0.0271765800192952 0.0208126201527193 0.0720545567572117 0.0815662108361721 0.077385488525033 0.110453530400991 0.083540990576148 0.0859294820576906 0.0581449339166284 0.276448138058186 0.108078373130411 0.0628599036484957 0.0782541668042541 0.0703605361282826 0.0601619705557823 0.138328807801008
0.191126577556133 0.371316522359848 0.111073134467006 0.0912663571536541 0.172777259908617 0.180220160074532 0.105221200734377 0.137909019365907 0.338429057598114 0.167715406231582 0.152827883511782 0.108592722564936 0.100927228387445 0.127332174777985 0.176556481420994 0.0712078839540482 0.107562260702252 0.0975063730031252 0.137200863100588 0.420990267395973 0.000164406680073625 0.0548537761904299 0.220730490982533 0.112774822860956 0.0861270222812891 0.0968654707074165 0.0510192763060331 0.0879817338660359 0.0384886377956718 0.0304215275682509 0.0833125334233046 0.0808943752199411 0.0754774399101734 0.079480691999197 0.0760178096592426 0.100904173403978 0.100786551088095 0.258167707175016 0.0842938382178545 0.0706478156149387 0.0587057739496231 0.0548235358670354 0.073022291995585 0.219363000616431 0.12485473593697
0.131496739014983 0.130385238304734 0.199928429722786 0.0316890758927912 0.118550153449178 0.0982874754816294 0.0412119288463145 0.170051276870072 0.044851894909516 0.040204595355317 0.13820162024349 0.140661072358489 0.222109892219305 0.101845928654075 0.177305452153087 0.196768049523234 0.165068418160081 0.117201340943575 0.115380251780152 0.281171351671219 0.561924563348293 0.0363272052258253 0.000114167178935531 0.289094273000956 0.180527097731829 0.0057997459807666 0.00351598246343201 0.151233997941017 0.0337266629561782 0.0554439224302769 0.0822214469313622 0.0743718363344669 0.0739835269749165 0.0705218203365803 0.0798795495182276 0.09192761965096 0.201026031561196 0.192831296101212 0.0956015206873417 0.0764108676463366 0.112971218302846 0.0613380968570709 0.130728919804096 0.0981209706515074 0.22399237267673
0.0861077897250652 0.0770475342869759 0.100144987553358 0.0170339934062213 0.0747744127176702 0.0502544725313783 0.0973868050612509 0.184837711788714 0.685087940096855 0.0963793190196156 0.123851819336414 0.200946719944477 0.325408988445997 0.0909281946718693 0.265399956330657 0.148015449568629 0.211237850785255 0.120225168764591 0.156545034423471 0.635253056883812 0.302046084403992 0.0254213754553348 0.146372015215456 0.00762655466678552 3.08830855232145e-05 0.0133026698487811 0.0712162829935551 0.042432264238596 0.0442422991618514 0.063985151052475 0.0800911918282509 0.092338502407074 0.066894144192338 0.0673658221960068 0.0912141226232052 0.131461296230555 0.136841103062034 0.105929362773895 0.0948757838457823 0.121710981428623 0.0698778331279755 0.100684102624655 0.116171392146498 0.0685807298868895 0.151253069937229
0.0711033761501312 0.0605627331882715 0.222273477166891 0.0916089009493589 0.0414295939728618 0.0764117855578661 0.117647885531187 0.0977625020779669 0.112621539458632 0.124128745682538 0.425755762308836 0.409141732007265 0.609227828681469 0.354891599714756 0.308970007300377 0.180953858047724 0.268622280657291 0.120473458617926 0.136392633989453 0.125707233697176 0.18709186129272 0.146325532533228 0.250715178251266 6.88065641043067e-05 0.00455379353952594 0.0520499866455793 0.0280804333044216 0.0461167754605412 0.0804353501647711 0.0961924400180578 0.15863511711359 0.0851830799132585 0.0951505068689585 0.126413926482201 0.321231271326542 0.197541230916977 0.0901380732655525 0.0879503600299358 0.127838668599725 0.0971751056611538 0.0784758932888508 0.0745341492816806 0.0691072644665837 0.117552846297622 0.291635510697961
0.0727729249745607 0.0663342764601111 0.0128688811091706 0.00530363965081051 0.015581482113339 0.0589782633818686 0.0543196809943765 0.0587750561535358 0.0626596096903086 0.115634270012379 0.0603712178766727 0.233958899974823 0.420539785921574 0.263500713557005 0.349826411902905 0.135356733947992 0.529866763949394 0.148469169065356 0.25541732236743 0.13063296303153 0.166553814709187 0.223622479662299 0.142592957429588 0.000976619181892602 0.0651173379272223 0.638798582553864 0.341446796059608 0.525984604656696 0.433464476466179 0.373727360367775 0.518786765635014 0.706525725126266 0.555092494189739 0.0901796638965607 0.176498308777809 0.0888887777924538 0.101431889459491 0.0686179868876934 0.0549114879220724 0.124490144476295 0.0608844175934792 0.0692495646886528 0.0663013460114598 0.0965486435219645 0.201623192429543
0.070370664447546 0.00901098042959347 0.0534848008304834 0.0194043929455802 0.00977936098352075 0.0209009457845241 0.0259736984968185 0.0352529446594417 0.0926427349448204 0.0630239528603852 0.0831033164635301 0.0600196596235037 0.248809807002544 0.195691499859095 0.212591452151537 0.205433116480708 0.212958589568734 0.45732681453228 0.486105962097645 0.0862458128482103 0.324055098742247 0.30983731970191 0.124283084273338 0.111199283786118 0.00309669250273146 0.000472285575415299 0.0114131681853905 0.126589783653617 0.0350846504792571 0.00880875701550394 0.0383585980162024 0.282588204741478 0.0884877379983664 0.0743596103042364 0.129362241178751 0.0715892624109983 0.0648429643362761 0.0665091782808304 0.0858227759599686 0.037357815168798 0.0324229644611478 0.0291688531637192 0.0308730753138661 0.0352437116205692 0.0433858845382929
0.592141869664192 0.162232727557421 0.0690379794687033 0.0154050793731585 0.0167579346569255 0.0250002972083166 0.0161341938422993 0.302517855912447 0.0542318413034081 0.056095115467906 0.102825458720326 0.0496785216964781 0.0869560465216637 0.048217716999352 0.202678693830967 0.304366475343704 0.134695729985833 0.111581623181701 0.166554909013212 0.168686942383647 0.419354394078255 0.301696692407131 0.157023417577147 0.0546542340889573 0.0513614398892969 0.00598783776804339 0.0448360153473914 0.0479574674740434 0.00643790898029692 0.0448101266287267 0.140177955105901 0.541590708494186 0.105852334573865 0.19072245284915 0.037600549403578 0.0658371990546584 0.0514681968837976 0.0428029978647828 0.0123270632699132 0.00968664693646133 0.0234647713601589 0.038822175282985 0.0271204974502325 0.0307981456629932 0.0737184903584421
0.459996496886015 0.0251021825708449 0.0191398919094354 0.0702426431700587 0.0328307458199561 0.039882445614785 0.0987133136019111 0.0593269806355238 0.0200186391361058 0.0932200185954571 0.0464173899497837 0.0391016250476241 0.0145156134851277 0.031673277541995 0.0168926230631769 0.0169832206331193 0.0545523252338171 0.0418982848525047 0.0432673949748278 0.101199369132519 0.0239763956749812 0.00386419478454627 0.0621882926672697 0.0714764943346381 0.0525991786271334 0.0743145987391472 0.0206860367907211 0.0744343821890652 0.106731515191495 0.236455807834864 0.064948221668601 0.0383152219001204 0.057787773385644 0.0472365213558078 0.0626128727570176 0.36503451615572 0.048627466103062 0.0294329280033708 0.0317549336701632 0.0760403107851744 0.199655629694462 0.092205542139709 0.0590182392857969 0.0497076361440122 0.109429301321506
0.070368891954422 0.0787539651617408 0.136692800745368 0.0287326498888433 0.0432040990330279 0.0711408486589789 0.0456121912226081 0.0399550755508244 0.0554984804242849 0.0381609577685595 0.0984827280044556 0.0297306296881288 0.0769561333581805 0.0430096842348576 0.0433802002109587 0.0462034970521927 0.193825951963663 0.051357030775398 0.0171644924208522 0.0232772510498762 0.0121851094765589 0.00699886601651087 0.0436159698292613 0.0385477935895324 0.0322984147816896 0.0319938877597451 0.0359328674152493 0.0749037068337202 0.0833076793700457 0.0348269095644355 0.0325695237144828 0.0329148652032018 0.0630756389349699 0.0370065851137042 0.044583628885448 0.0814604125916958 0.0339144254103303 0.0277309925295413 0.0660781249403954 0.026889228541404 0.0488744368776679 0.12496434263885 0.115532515197992 0.0951525866985321 0.0275488242506981
0.0562818665057421 0.09347303211689 0.0726729795336723 0.0316363755147904 0.0343603308312595 0.0722291029989719 0.038643853738904 0.0325242005288601 0.0336194030940533 0.019409869145602 0.0177658800967038 0.00870206602849066 0.0110905945068225 0.0380012687295675 0.0226671838667244 0.020578908873722 0.02675865823403 0.0391298936214298 0.0105890185572207 0.044694671407342 0.000327883457430289 0.0352017224766314 0.0343203874304891 0.0357049394398928 0.034154206700623 0.0315149545669556 0.0297846749424934 0.0858875848352909 0.0306046515703201 0.0361199229955673 0.0866452194750309 0.0369327373802662 0.0356642223894596 0.0362017285078764 0.0835592214018106 0.0386198012158275 0.0340304687619209 0.0307284200564027 0.0568807266652584 0.0256835791282356 0.0550802681595087 0.045715294033289 0.0153674553148448 0.103766529634595 0.433926749229431
0.109972498193383 0.139443729445338 0.106510915607214 0.0681250832974911 0.0430780529975891 0.0422871503978968 0.0542796765454113 0.0377530651167035 0.0185505492147058 0.0124577173497528 0.011664854735136 0.00894039864651859 0.0163508844329044 0.00382880104007199 0.0146501272451133 0.0070386127801612 0.0169860419817269 0.0328282434958965 0.0190845488104969 0.000106573399170884 0.00730868077953346 0.0231204960495234 0.0301336415112019 0.0361073678359389 0.0766346551477909 0.0342788117006421 0.0339947897940874 0.034518582932651 0.0338075065985322 0.0352215096354485 0.0339627772569656 0.0304675929248333 0.0290399282239377 0.0340032452717423 0.0344523943960667 0.0863964926451445 0.0765814211219549 0.077294298261404 0.0648478049784899 0.0515624575316906 0.0518010970205069 0.053092297539115 0.0646640531718731 0.072440242767334 0.0379849003627896
0.129570971801877 0.139202230423689 0.094637206941843 0.0634653115645051 0.0638008184731007 0.0262091202661395 0.0401065136305988 0.0164174840785563 0.0166005192324519 0.0207110137213022 0.0467645471915603 0.0284318268299103 0.0238406241871417 0.0257221806328744 0.0370518711395562 0.00961134927347302 0.0156844983343035 0.0177549523767084 0.00081822846113937 0.0110016423044726 0.0153615781106055 0.021462219953537 0.0625974033027887 0.0321847038343549 0.0826465085148811 0.0979890216141939 0.0350435707718134 0.087485958263278 0.0314064523205161 0.0913912989199162 0.0332720471546054 0.0775529902428389 0.0298783243633807 0.0692919585853815 0.0281000848859549 0.0599069364368916 0.0582774218171835 0.0296322679147124 0.0589935939759016 0.0721713993698359 0.02651671404019 0.0578562077134848 0.0742710713297129 0.0633505515754223 0.0802133269608021
0.0622803758829832 0.0684124354273081 0.0901236686855555 0.0605582915246487 0.0301547344774008 0.0207669382914901 0.0364389153197408 0.0161924850894138 0.0192838943563402 0.0436291102319956 0.030999512784183 0.0277685539796948 0.031378816999495 0.0822570506483316 0.0335115848109126 0.0880144976079464 0.0172931623645127 0.00539085284108296 0.000175241004171767 0.00241669469905901 0.00523067096364684 0.0199417614378035 0.0589182857424021 0.072240087762475 0.0779234688729048 0.0330124327912927 0.0336371660232544 0.0583959091454744 0.0680623564869165 0.0637847006320953 0.0741531606763601 0.0310398779809475 0.0523302428424358 0.0311628522351384 0.0273465705104172 0.0708888832479715 0.0762428659945726 0.0706673383712769 0.060782540217042 0.0682307153940201 0.0746156826615334 0.0830664522945881 0.0606506839394569 0.027062146179378 0.0278211615979671
0.0589979268610477 0.0562311146408319 0.0531526945531368 0.0534971775952727 0.0441527518443763 0.017469260469079 0.0340564512182027 0.0297297904267907 0.0123666547238827 0.0273156079463661 0.0303098666481674 0.0339493138715625 0.0290003705769777 0.0193730294704437 0.0362046214751899 0.0507413318846375 0.0423397450707853 0.00398349620518275 0.0228091018274426 0.0332617623731494 0.0329940415918827 0.0478953119367361 0.0621172457933426 0.024708376545459 0.0517684862017632 0.0567628495395184 0.0501112397760153 0.0587561201304197 0.0124670890625566 0.0430744763463736 0.0508442295715213 0.0193741274066269 0.0553682032972574 0.0663703721016645 0.0717180464416742 0.0600107211619616 0.0576807966455817 0.0627897560596466 0.0597898401319981 0.00925688608549535 0.0592014955356717 0.0457898605614901 0.0550182456150651 0.0541686506941915 0.0465208617970347
0.0690506845712662 0.0462390821427107 0.0381966566666961 0.0389038583729416 0.01906908005476 0.0269604256842285 0.0261058228090405 0.0272563702426851 0.0266425875015557 0.0155336424242705 0.0123499772977084 0.048257966293022 0.0193723814561963 0.0281946993432939 0.121090536564589 0.0332856829743832 0.0207794109359384 0.0276179190725088 0.0128558085300028 0.0140645362436771 0.0373510411009192 0.00980953529942781 0.0469433570280671 0.0385619787499309 0.0431004385463893 0.0515077462419868 0.0501352811232209 0.0170930661261082 0.0368812709115446 0.00514655659208074 2.68360701170423e-05 0.0034407123865094 0.0149614682421088 0.0406545894220471 0.037040551379323 0.051714763790369 0.0170621749479324 0.0222300275694579 0.00180445672594942 0.0303161585703492 0.0398334007710218 0.0355009914375842 0.041410331055522 0.0160645366646349 0.0306044371798635
0.0447472127154469 0.0431519329547882 0.0452895851805806 0.0221569906920195 0.038043775036931 0.0312599041499197 0.0303540017455816 0.00175927565433085 0.00167967309243977 0.00302508208260406 0.0120842535514385 0.0126628272351809 0.0395868051797152 0.0430175319314003 0.0434952622279525 0.0365610806271434 0.0225855166092515 0.0239660235121846 0.00636587917106226 0.018342810543254 0.0216860545799136 0.000158848421961011 0.00105419041938148 0.023120474582538 0.0356119610369205 0.0126282235141844 0.00502607129747048 0.00300480523728766 0.00138676251808647 0.000698350285529159 0.000289653107756749 3.57671748815846e-05 4.81276533363939e-06 6.0237913248784e-05 0.000361046867328696 0.000296248290942458 0.000342760785861174 4.51193769066549e-06 0.00429341846611351 0.000136925511105801 0.00329883684171364 0.0359573111869395 0.00557688190601766 0.000556913294713013 0.00553586109308526
0.0411748673766851 0.0367487784475088 0.0331854181364179 0.021398348826915 0.0305645598098636 0.13678833656013 0.00660154613142367 0.00040400850957667 0.00771256395964883 0.0291775073856115 0.031747748889029 0.0317672716453671 0.0263360964134336 0.0377110799774528 0.04337975140661 0.0360834440216422 0.0400222351774573 0.0113201691070572 0.00168938627466559 9.78237040726526e-05 0.0196633749175817 0.00708996746689081 0.0115298933815211 0.0127756800502539 4.58410357282446e-05 0.000412985291768564 3.73500018753248e-06 9.70570260506065e-05 1.17180344716417e-05 1.09118506502748e-06 2.51683169887329e-06 1.91622649121648e-06 5.65940326460179e-06 1.16632577880083e-06 1.03019388288939e-06 6.97129820981246e-08 8.70413436249162e-07 1.34161799376642e-06 0.000180516070395242 0.000102825722706257 0.00137632932455745 0.000744519018917344 7.1324013113383e-06 1.03994297006693e-05 2.1168321075038e-05
0.0339469436556101 0.0263586584478617 0.0540880609303713 0.0175936016254127 0.025949916895479 0.000153230284558958 0.00824229763238691 0.0187513112090528 0.00727779739536345 0.0189725904259831 0.0271808752790093 0.0269653105176985 0.00345179612049833 0.0392302609980106 0.0396260894834995 0.0339151428081095 0.0284259567037225 0.016752248024568 0.0252266355790198 0.0270761128980666 0.0183977191336453 2.26016762383097e-05 0.000108894615641475 6.38108959660766e-07 1.95153285631022e-05 1.00161391271003e-06 7.19854590047753e-08 8.85012580664757e-07 8.06629299332506e-07 8.5827228002433e-08 8.77316936098715e-08 1.6441477581064e-06 7.94593193464976e-08 1.14417928365196e-06 5.28170276636875e-07 9.09254334713339e-07 5.99981707127828e-07 5.34094519211159e-07 4.6696583080319e-07 2.30595040768833e-06 1.48594928295331e-06 4.29244121107786e-05 4.22682619955594e-05 0.000134520825031359 0.000154949691932416
