Scripts_&_data/Maxent_result_files_2/B_muscorum_2.asc
NCOLS 594 
NROWS 330 
XLLCORNER -15 
YLLCORNER 23 
CELLSIZE 0.166666666666667 
NODATA_value -9999 
[rows 120 to 139 of 330, columns 322 to 367 of 594]
0.0328112524934113 0.0239511240273714 0.0169992514420301 0.0194387044757605 0.0319684519898146 0.101946380734444 0.0250443526078016 0.0283849716652185 0.0228184512350708 0.0349048901349306 0.0424721851944923 0.0170672013889998 0.0332111477386206 0.0537053786218166 0.0236748524010181 0.0136429383419454 0.0193544433452189 0.020467192446813 0.0147168477531523 0.0126036726869643 0.0248462371528149 0.0162542854901403 0.0129065958783031 0.0257160170003772 0.0143236615229398 0.0140712566208094 0.0263055382296443 0.0172518699429929 0.0237879327498376 0.0179602075368166 0.0169490285217762 0.0285012391395867 0.0659515365492553 0.0223111287225038 0.0140289167873561 0.0216005347901955 0.0217330020386726 0.0250859538093209 0.013627211144194 0.0143528591841459 0.0158421017695218 0.0132943197153509 0.0198957670480013 0.0210070564411581 0.0200877180788666 0.0193793759099208
0.0236383122391999 0.0331680776551366 0.0228154056705534 0.0219777222722769 0.0204022718127817 0.0490525849163532 0.0769886173307896 0.0645198285579681 0.0520551869645715 0.0588334735482931 0.0480230065062642 0.0370771094225347 0.0668961247429252 0.156282138824463 0.0583412639796734 0.0167923367582262 0.0182911104988307 0.0239972008392215 0.0143896527122706 0.0150419955141842 0.0133011854253709 0.0205131026916206 0.0195717224385589 0.0255150974728167 0.0262600137852132 0.0177869607694447 0.0231018399819732 0.0254165336489677 0.0576477853581309 0.0217072123661637 0.0301692260429263 0.0291800827719271 0.0234971333993599 0.0235919437604025 0.0276348537299782 0.0228790683206171 0.0229524587281048 0.0229138761293143 0.0269861350767314 0.0163235279731452 0.0196348001249135 0.0137364955153316 0.0140324640087783 0.0171052529010922 0.0179779728408903 0.0230018658563495
0.0194506052415818 0.0182107751723379 0.0330905786249787 0.0180705004604533 0.03328174254857 0.0467506883665919 0.106540298461914 0.0138469118624926 0.0422140301670879 0.0415704946033657 0.0542786203324795 0.035116633027792 0.035494012478739 0.0326735933311284 0.0347926910966635 0.0393708661198616 0.030953055806458 0.0201355237513781 0.0151992481201887 0.0159365873318166 0.0172588096000254 0.0164547983556986 0.0144605315756053 0.0219086484983563 0.0234269261360168 0.0278084833174944 0.0154023126233369 0.0141156573779881 0.0299494592938572 0.0265717578586191 0.0180748092476279 0.0154845380224288 0.0738931244239211 0.0235524563584477 0.0231932613998652 0.0244309700559825 0.0251743339002132 0.0250779903493822 0.0169158098753542 0.0244427527301013 0.0828200010582805 0.0146748434752226 0.0234250145033002 0.0261756369844079 0.0217731168493628 0.0225574616342783
0.0193003966473043 0.0214489583391696 0.0277799221221358 0.0293810779694468 0.0394946009386331 0.0249340353067964 0.0508127869106829 0.0318211166653782 0.0352923280093819 0.0323844129219651 0.0404475595802069 0.0724051877856255 0.0524207144975662 0.0523440334945917 0.0534953327849507 0.0642391290515661 0.0421158725395799 0.0256787326186895 0.030744966911152 0.0407166922464967 0.0332503017038107 0.0437801085412502 0.0237957897596061 0.0354188363999128 0.0324047789908946 0.0385538697242737 0.0363446697592735 0.0265889326576144 0.0280735901556909 0.0258124358952045 0.0197541875764728 0.0162529814057052 0.0295356946997344 0.0158850017003715 0.0244877651333809 0.015693718707189 0.0166887803003192 0.0224829536862671 0.0236696197651327 0.0250821045599878 0.0153071680571884 0.0154965401627123 0.0228967119939625 0.0169784540776163 0.0162885830271989 0.0178337495774031
0.0473998687695712 0.0387514700647444 0.0394143180921674 0.0757481626234949 0.114153768122196 0.0581415165215731 0.0388432583538815 0.0226562822237611 0.0267121496843174 0.0489661054685712 0.0509837647899985 0.0324812335893512 0.0206244639120996 0.0273400384001434 0.055627253651619 0.0383468834683299 0.0300674709491432 0.0379085073247552 0.0273996216244996 0.0649221636354923 0.0207346404902637 0.0376666024327278 0.0220613733865321 0.0242426828481257 0.0264842459000647 0.0557386767119169 0.0220756080001593 0.0599228002130985 0.0167901859153062 0.0159561382606626 0.0167524222750217 0.0213896284811199 0.015868624811992 0.0216227680444717 0.0171856961213052 0.0162931069731712 0.0159825059119612 0.0184366966597736 0.0267350464127958 0.0263978878036141 0.0170334581751376 0.0162553572095931 0.0275381065905094 0.0161702683195472 0.026450317632407 0.021766079030931
0.0246743910945952 0.0306146795628592 0.0343105073086917 0.0576026658061892 0.0872834999114275 0.0522000646684319 0.0504300476517528 0.0335264491150156 0.0346739159431309 0.0308921079151332 0.0481678988784552 0.0305050179362297 0.017171165253967 0.0160354723222554 0.0207935154438019 0.0220688157714903 0.0236901667900383 0.0321462446823716 0.0511398032307625 0.0255589859560132 0.0218453271314502 0.0293578958138824 0.0233740285970271 0.0197143537923694 0.0205002024304122 0.0247982676140964 0.0250449432991445 0.0833026161417365 0.0253048308193684 0.0196399552747607 0.0258636462502182 0.0179433122742921 0.0176972780376673 0.016522207390517 0.0278530714102089 0.0198836619965732 0.0170197923667729 0.0173203595913947 0.0252532997168601 0.0258505577221513 0.0315682521089911 0.0317614096216857 0.0252166533842683 0.0240315685048699 0.0236054757609963 0.0224533698521554
0.0254488474456593 0.0259315606905147 0.0349749078042805 0.0339908921392634 0.0584613450570032 0.0548802059376612 0.0679858134128153 0.0738758819177747 0.0645054595544934 0.0253247788175941 0.0206116849090904 0.0343025982379913 0.0202983828727156 0.0653951279819012 0.0274353984743357 0.0256096947006881 0.0768041901290417 0.0438294870778918 0.0421940935775638 0.0216295114718378 0.0270565793849528 0.0440805517137051 0.0238432979211211 0.0242233889177442 0.0182270809076726 0.0275488792918622 0.059516410715878 0.0255953752435744 0.0366844745352864 0.0234460768289864 0.0235557477921247 0.0185789873823524 0.017300604050979 0.0180936306715012 0.0216686867177486 0.0305060404352844 0.0287317022681236 0.0279854585416615 0.0265386847779155 0.0248686172999442 0.0364327926188707 0.0282260494306684 0.0172659582924098 0.0160152883268893 0.0148622808977962 0.0208034160546958
0.0429120447486639 0.0948180012404919 0.0559901313856244 0.0601407550275326 0.0395622963900678 0.0312016744865105 0.0264651267090812 0.0384231857489794 0.0314790892647579 0.0284379082266241 0.0369257017970085 0.0237931766547263 0.0145374884130433 0.0261086216662079 0.0186042151413858 0.0170406914781779 0.0297943349927664 0.0304533486254513 0.0210277804173529 0.0177538461517543 0.0363050356507301 0.0333314789924771 0.0326639742590487 0.0244412697851658 0.0171430474147201 0.0178579712752253 0.0269565835595131 0.043476701900363 0.0884645700454712 0.0365599593147635 0.0172540578525513 0.018735084682703 0.0220249605365098 0.0188160385936499 0.019941409304738 0.0234031230211258 0.0208096669055521 0.0188220741227269 0.0186718768440187 0.0178405086509883 0.0270446215756238 0.0297017063479871 0.0286283901426941 0.0256675027310848 0.0241112775169313 0.0411150887608528
0.0291858374606818 0.0485757831484079 0.0538948806934059 0.0713941199239343 0.0591984440805391 0.0539654026506469 0.100974210351706 0.0548531672451645 0.0763649170286953 0.0694568355567753 0.0642296463251114 0.0459045742638409 0.0208811531309038 0.0186665799003094 0.031682884786278 0.0243535366840661 0.0360376275144517 0.0412148856557906 0.0409227997763082 0.0436731172725558 0.0352925509214401 0.0435127859003842 0.0341787057928741 0.0252876002341509 0.0314445908181369 0.0246187121141702 0.0251161550171673 0.0326957051176578 0.0816117130219936 0.0825627271085978 0.0471818489953876 0.0294893408194184 0.039913247898221 0.023467914480716 0.0281093397177756 0.0320894156582654 0.0347650196403265 0.0288738707080483 0.0768755653873086 0.0845122797414661 0.0314293614588678 0.0169181271456182 0.0175070375204086 0.0249874169006944 0.0152361046522856 0.0170127723366022
0.110217048227787 0.0581808059010655 0.0589668696280569 0.0396013402845711 0.0598388578277081 0.0660690147429705 0.0726460789795965 0.0666414837352931 0.0537244607694447 0.0427204621955752 0.0358372254297137 0.0417102571576834 0.0292534425854683 0.0251432030461729 0.0446131411939859 0.121165536344051 0.0691601306200027 0.0229381616227329 0.0267322128638625 0.099218707694672 0.0381655548233539 0.0432286277879029 0.113464094442315 0.0612471255008131 0.0364032359793782 0.0457194664515555 0.0411808186210692 0.0170139888767153 0.0553743458818644 0.0563366800546646 0.0872648391872644 0.140688407048583 0.0236541074700654 0.0438850128091872 0.0229215097613633 0.0341468025930226 0.0295285117812455 0.0666115453466773 0.0566656678915024 0.0269477980211377 0.016860498348251 0.0189328250940889 0.0752157242968678 0.0523690074682236 0.0925797870382667 0.020478105917573
0.0534660417120904 0.0627598341554403 0.0403317490359768 0.0273155598901212 0.0949911653995514 0.0499840741278604 0.0721788440831006 0.0690825445577502 0.0579661631025374 0.0562221085652709 0.0854094624519348 0.0501126540824771 0.0448521230369806 0.0517804805189371 0.0329603348392993 0.0280109873041511 0.0195835597813129 0.0201924590393901 0.0212744110263884 0.0307931582443416 0.14930425696075 0.0771701104938984 0.0612236402695999 0.0331939823459834 0.0655461615417153 0.0780391429550946 0.0517454280517995 0.0564796403516084 0.129333087615669 0.177077219635248 0.0767346985638142 0.174122127890587 0.122518578916788 0.0797962605953217 0.0362147406674922 0.0260329673998058 0.020839680545032 0.0194372153840959 0.072681031934917 0.0289352881722152 0.0280270869843662 0.0373560380190611 0.0382228024303913 0.0387362636625767 0.0351953098550439 0.0680441355332732
0.0311463808640838 0.0671502627432346 0.0341710077831522 0.0258750836830586 0.0259601153666154 0.0397110687103122 0.0304424004862085 0.0669456027448177 0.0858048424124718 0.0468947134912014 0.0631679710000753 0.0248318635392934 0.0300024804659188 0.0237729765009135 0.0240915942937136 0.021128557715565 0.0317037655040622 0.0246806926093996 0.0209721267223358 0.041314538475126 0.0602146619930863 0.0439158593304455 0.048222466930747 0.0652466184459627 0.0372251219116151 0.0376063036266714 0.111701783165336 0.0692031240090728 0.0743533797562122 0.101408676803112 0.062498359195888 0.0505696414038539 0.0576396994292736 0.0947570294141769 0.0646372266113758 0.0653238045983016 0.041535087954253 0.0548868345096707 0.0623983345925808 0.0885358495637774 0.0961709374561906 0.0751756188459694 0.0378350157290697 0.042822801694274 0.0550764540210366 0.0265527353156358
0.0642904028296471 0.0525641292333603 0.045929454639554 0.0444391410797834 0.06945356503129 0.0437167563708499 0.0430417772848159 0.0651732295751572 0.0293998047709465 0.0189145692624152 0.0291109059937298 0.0337218665517867 0.037627069465816 0.0396707136183977 0.0280038747936487 0.0212185725569725 0.0527880567125976 0.0300729140639305 0.0301569165661931 0.0392348669003695 0.0527323107235134 0.0522422378882766 0.0693739269860089 0.087597762979567 0.0710813876241446 0.0798646185547113 0.0863119147717953 0.05295784547925 0.0750468038488179 0.0479793645907193 0.0263297869591042 0.0498407334089279 0.0573110282421112 0.0486807251349092 0.0499073909595609 0.0492039863020182 0.0382436994463205 0.0446348112076521 0.0420514089986682 0.0488408593460917 0.0359248278662562 0.0495877770707011 0.0445146406069398 0.0316589594818652 0.0235729603562504 0.0764553897082806
0.117915843427181 0.240406301617622 0.0997108221054077 0.0622956526931375 0.0520451137796044 0.0491389415226877 0.0406760510057211 0.111234866827726 0.0349121773615479 0.0331723550800234 0.0415097195655107 0.0269899697043002 0.0191050057299435 0.02483213795349 0.0189755669794977 0.0290255106985569 0.0337722582742572 0.0291018574498594 0.0576744902879 0.0850740509107709 0.0661400207318366 0.0989374116063118 0.0530538407154381 0.0339496103581041 0.071130435494706 0.0553425830090418 0.0612465576501563 0.039690583688207 0.0320256117265671 0.0287693967518862 0.0240881728881504 0.039234108896926 0.0456205429043621 0.0511338241398335 0.0388686401769519 0.0447464821860194 0.0316472275182605 0.0528009112924337 0.0425151893869042 0.0425061039626598 0.0454693913459778 0.029994141170755 0.0304644264280796 0.0651196490973234 0.0574187027290463 0.0232764199841768
0.0521373953204602 0.0987819097936153 0.0680416723713279 0.0501139145577326 0.0956531520932913 0.13495834171772 0.0726586049422622 0.0477505698800087 0.0457918506115675 0.0434567529708147 0.0736334100860404 0.0535949397832155 0.0473034106194973 0.0237395422533154 0.0301869513001293 0.0342302051372826 0.0293991388753057 0.0466179750859737 0.0500625412911177 0.109921663999557 0.164909854531288 0.0980785454623401 0.0402717440156266 0.0367049532360397 0.0306389322213363 0.0441481688874774 0.0266580647614319 0.0247377239138586 0.0262125416920753 0.0558112836093642 0.0638772386475466 0.0524379877489991 0.057745261141099 0.0650608634576201 0.0324008977971971 0.0422501098364592 0.0306108680553734 0.0363324011676013 0.0625347221270204 0.0451047287322581 0.0413931024260819 0.0432119878008962 0.026122992252931 0.0578161243349314 0.0187993893399835 0.0169416088378057
0.0809309668140486 0.0857285283971578 0.126654448360205 0.0894670203328133 0.0546285744290799 0.0419970199698582 0.0561048367060721 0.0682218119036406 0.0432623694650829 0.082390451291576 0.0358856670558453 0.10338194668293 0.0282477972097695 0.0261758924461901 0.0375911244191229 0.0340464443899691 0.0409850666299462 0.0507880161516368 0.0306729207281023 0.0705735237337649 0.146130464971066 0.0723404131829739 0.0297159988433123 0.052970701828599 0.0271769654995296 0.0283403877692763 0.0414552303322125 0.0483684746199287 0.0693885696702637 0.0618225499274558 0.112135546654463 0.0788150146603584 0.0578958090161905 0.036991363321431 0.0346147747943178 0.0571632623672485 0.0386048559099436 0.0308031133376062 0.0430407887324691 0.0423205767758191 0.0395274568116292 0.0452645176555961 0.038407549879048 0.0437400202383287 0.0487122157937847 0.0748171773157082
0.210077451169491 0.0613799129379913 0.0528337779920548 0.0893846179358661 0.105394097883254 0.0463597977533936 0.0430826611351222 0.0609428732655942 0.152732584916521 0.0509202692657709 0.0300547458231449 0.0325538996607065 0.0355592988431454 0.0413602240383625 0.0431194675154984 0.103827438503504 0.0149731402751058 0.0518650466576219 0.0517433572560549 0.12032634485513 0.0750606827437878 0.0494250137358904 0.0307807144708931 0.0299864807864651 0.0504355234559625 0.0399204992572777 0.0613912441651337 0.0484328472695779 0.047268459830957 0.0419809841951064 0.0420036626106594 0.0674960932286922 0.0503415153129026 0.0544387312140316 0.0548699842765927 0.0331177860498428 0.0319080073386431 0.045016728527844 0.0637049395591021 0.0381492705550045 0.042119392985478 0.0371275626472197 0.0408710886957124 0.0450558292446658 0.0513949211337604 0.0853978237806587
0.262664991617203 0.115863794088364 0.189444803632796 0.135726755671203 0.0676052395254374 0.151729113532929 0.0555909233167768 0.0861555795650929 0.0995845576748252 0.0783549562096596 0.0917015947401524 0.0506932424381375 0.0499345254153013 0.0400849083438516 0.0406416768208146 0.0278193735517561 0.0489681309089065 0.0689934156835079 0.0874425869435072 0.0388727185316384 0.0316663919016719 0.025605162687134 0.0339333037147298 0.0251696090446785 0.0430569128366187 0.0360258426284418 0.0573997121187858 0.0962019207770936 0.0759131278668065 0.0799333410453983 0.0596372864296427 0.0451283322880045 0.0351248167571612 0.0589481920935214 0.0677789876237512 0.0317828828468919 0.0365755688399076 0.0344626852311194 0.0574487928301096 0.0365649444283918 0.0465829665772617 0.0568800698500127 0.0402873764920514 0.0482173296622932 0.052565748480265 0.0544035073675332
0.112379860877991 0.145466089434922 0.214595732092857 0.169339790940285 0.0903303618077189 0.159495099820197 0.108938389550894 0.0462013875599951 0.0309487083461136 0.0443391555920243 0.0379566239193082 0.0495542513206601 0.0453984514810145 0.0373036377131939 0.0811285078525543 0.0743617901578546 0.124384468793869 0.0817138569429517 0.0969505976885557 0.05827063228935 0.0304390057455748 0.0374941380228847 0.0439814765006304 0.0292339477688074 0.0609752468764782 0.0823184191714972 0.0546538748429157 0.0795499324798584 0.0439662218093872 0.0642696830909699 0.0473930604755878 0.0395618551177904 0.0413788225967437 0.0381608285941184 0.033771691750735 0.0208969244733453 0.0213226191699505 0.0546866498887539 0.0318724691867828 0.0459706539288163 0.022526346379891 0.0346982965245843 0.0772197533398867 0.0748036517994478 0.0262054561462719 0.0361695300322026
0.0995157459750771 0.0986073441803455 0.0872685716487467 0.0801763558527455 0.0962956890463829 0.135880766063929 0.117612771689892 0.111444199457765 0.0689871581271291 0.0529411105439067 0.0615571886301041 0.0316841272637248 0.0573740383610129 0.0997579455841333 0.12083600461483 0.0431984247639775 0.0475911762565374 0.0432447507046163 0.0815672276541591 0.108398116566241 0.053904614597559 0.0761457310989499 0.0686114707961678 0.0660137641243637 0.0882242316380143 0.0784894387237728 0.0464363256003708 0.0526359991868958 0.079701382201165 0.048075185995549 0.081150343734771 0.0697763953357935 0.0408930897712707 0.0143829469103366 0.0195029416121542 0.056553902477026 0.0727488873526454 0.0662988852709532 0.065195669233799 0.0435123447328806 0.0588348105549812 0.042161377100274 0.0886680735275149 0.0917063688393682 0.084622934483923 0.0670386339304969
