Scripts_&_data/Maxent_result_files_2/B_muscorum_2.asc
NCOLS 594 
NROWS 330 
XLLCORNER -15 
YLLCORNER 23 
CELLSIZE 0.166666666666667 
NODATA_value -9999 
[rows 180 to 199 of 330, columns 138 to 183 of 594]
0.0949133940041065 0.0922588411718607 0.185606145858765 0.161581064760685 0.149095194041729 0.160246388614178 0.182405096292496 0.203686535358429 0.201389942318201 0.202685262262821 0.175943793356419 0.13116763047874 0.214666758477688 0.242967289686203 0.242819817364216 0.237371969223022 0.159837406873703 0.234967992454767 0.401505321264267 0.369872432947159 0.32125543653965 0.168342576920986 0.161957700550556 0.176788267493248 0.249802167713642 0.223199692368507 0.291417637467384 0.169176618754864 0.0746065363287926 0.120505102723837 0.252633522450924 0.179716470092535 0.14290201254189 0.192229525744915 0.17872526049614 0.140316326916218 0.146711343899369 0.160108574852347 0.147498014569283 0.181770686805248 0.261497244238853 0.212541998922825 0.181434387713671 0.171727752685547 0.135834312438965 0.510835917294025
0.0799761859700084 0.0774357877671719 0.0687305852770805 0.121412406861782 0.140772922337055 0.270861160755157 0.356845131516457 0.505204492807388 0.226998415589333 0.198232764005661 0.0816713459789753 0.0690672360360622 0.0693388160318136 0.210865232348442 0.149132754653692 0.216274369135499 0.13097912222147 0.195204463601112 0.236412766575813 0.267819353938103 0.257076790928841 0.29784854054451 0.19381240606308 0.168827891349792 0.181690876185894 0.215785441547632 0.177747210115194 0.194103875756264 0.189244394376874 0.0894554249942303 0.188783775269985 0.156043719500303 0.183332412689924 0.110048949718475 0.0581886248663068 0.0245867431155602 0.0793495822697878 0.0958950001746416 0.123917128145695 0.457747448980808 0.287105528265238 0.23304947167635 0.0599661033600569 0.204003885388374 0.182835995778441 0.0441411337815225
0.0776365853846073 0.100288999825716 0.0843977451324463 0.0976935893297195 0.123584929853678 0.206427642703056 0.149142374098301 0.247432798147202 0.133513815701008 0.137220082432032 0.174520310759544 0.0415079228579998 0.0387137372046709 0.117998271808028 0.142493976280093 0.117088070511818 0.281798851490021 0.0437478558723853 0.282286758720875 0.213994766958058 0.13463037982583 0.10225114878267 0.121998201496899 0.127673633769155 0.199033349752426 0.263400682806969 0.136609345674515 0.115781454183161 0.104251032322645 0.0348205403988984 0.0400898215015332 0.0911008477210999 0.039788353187032 0.0209209611165579 0.0418964798212528 0.0486552014946938 0.106369895115495 0.0777937673032284 0.0868407189846039 0.0750522518530488 0.0642700504511595 0.0696659695357084 0.0589261347427964 0.0727828476577997 0.0526996992528439 0.125434719771147
0.088289000838995 0.0869361788034439 0.0868598885834217 0.15962994620204 0.184544280171394 0.137241370975971 0.15030277967453 0.158519442379475 0.180327354371548 0.204014256596565 0.167870634794235 0.101860432699323 0.078971198759973 0.0623167995363474 0.0136514661851112 0.0225342357973208 0.056299920369607 0.044557619382249 0.156578490138054 0.0550273619126529 0.0216502399752114 0.0109427572106142 0.127477858332571 0.139908028393984 0.203152081370354 0.0498006582725793 0.0767496224492788 0.0571471707895398 0.0516995379701257 0.0415503260213882 0.0586814604699612 0.0944206915795803 0.0773445705883205 0.0364288566634059 0.0216015725920442 0.0626124028116465 0.0651598966680467 0.0728479623794556 0.0100873364135623 0.0428946642205119 0.0353931430727243 0.0737314976751804 0.168079325556755 0.192214372754097 0.209985247254372 0.0917559061199427
0.063993962854147 0.0683600690215826 0.0542711060494184 0.232780411839485 0.263090418279171 0.115482170879841 0.0709498612210155 0.0695146329700947 0.0853358332067728 0.154373553395271 0.0774747812654823 0.0218475001466109 0.00515963691425725 0.00248413911899342 0.00320367713944404 0.00328105677057224 0.081144910256626 0.051697132582558 0.0236135233084512 0.120420590765928 0.15105027511454 0.0770886198904918 0.0069882799922425 0.0372214056435041 0.0106122540466451 0.017722154944272 0.0231572007760406 0.0328993666917086 0.0656845886260271 0.0774675089865923 0.0634392980486155 0.052512064948678 0.0347440318204463 0.00542947576614097 0.0189975985325873 0.00872930474579334 0.0212965599726886 0.0457350201904774 0.0539393419399858 0.0863309651613235 0.210766392946243 0.141762952506542 0.168432330712676 0.178301665186882 0.0977864711545408 0.153795678913593
0.0524826060980558 0.0994599685072899 0.13179382905364 0.125595563650131 0.134281925857067 0.0949184963479638 0.0934768687933683 0.0255119850684423 0.137508809566498 0.0509878900564218 0.0196548201163711 0.0216714932634063 0.0013011643237121 0.00113242958291805 0.00450629597471711 0.0441646302343637 0.00734456540038353 0.0038933850974455 0.00203267248516568 0.00241899393460627 0.104649573564529 0.00392588750983123 0.00772224068116401 0.0132005458502009 0.00249679463449866 0.00769517769804224 0.00492204184411094 0.00304370084777474 0.00284171390230767 0.00274817412719131 0.0049099174211733 0.00366140016856207 0.0055820529232733 0.0123759698239155 0.0491529293358326 0.0428693376481533 0.0622480124235153 0.0613659225404263 0.0898464474827051 0.0265605435241014 0.0692811816930771 0.0619048070162535 0.0929521478712559 0.0305873772129416 0.0244515620404854 0.0169673552249151
0.100012987107039 0.0939424190670252 0.065776738896966 0.112513318657875 0.0280592476483434 0.00294217822392966 0.00738767232460305 0.0033334777790801 0.012911993920709 0.126795290969312 0.0187819832384106 0.0022431380053842 0.00202615675875806 0.00049106141991615 0.00311594018685397 0.00287192824717901 0.00184407380365883 0.00230858702846888 0.00340717578365002 0.0192250491119921 0.0332044993938325 0.00574549583252519 0.0120263904915191 0.0540420114994049 0.00638696919195354 0.00332844075746834 0.0043109264936902 0.0371439261361957 0.00442581579554826 0.0530440822243691 0.0262373972218484 0.046599293500185 0.0195328836329281 0.0256093861535192 0.0104343653190881 0.0146565674105659 0.0396784836426377 0.0653190515935421 0.194398248195648 0.146905379369855 0.109718608483672 0.135355933010578 0.208254897035658 0.0412934901250992 0.0482919249683619 0.0394222046801588
0.0783161941915751 0.0445784196257591 0.0112095685559325 0.0119922607944023 0.00909856744110584 0.0113202795153484 0.0108790271792408 0.0171121589364007 0.0398081230715698 0.0115436605383452 0.00160150584906933 0.0012155419201008 0.000910970022414681 0.00298084660566076 0.000893528102657359 0.0238874241043959 0.00106467221048661 0.00410539530566894 0.0147037404589355 0.0527441160287708 0.0153341431763351 0.111263089627028 0.0525157464668155 0.0317253484681714 0.0638922054320574 0.0893023637123406 0.0154831939958967 0.0122765005354644 0.0361808316549286 0.0328085803426802 0.0704261751845479 0.0577472481876612 0.0838490948081017 0.135977108031511 0.0527969863265753 0.0630808977410197 0.160498654842377 0.126271519064903 0.209713257849216 0.124599447846413 0.102243663370609 0.179029661417007 0.0587258659303188 0.083740308880806 0.0626844875514507 0.175289332866669
0.0558455908671021 0.0201259204070084 0.0139803908066824 0.00823423989349976 0.00526757494080812 0.00326546907308511 0.000542209373106761 0.0011936906943447 0.00324178729382955 0.00264227227839222 0.00114634875069848 0.000564212027827993 0.00137967823532101 0.00231765665934354 0.0110330243929639 0.0485056487646034 0.100670089945197 0.130553741380572 0.126001361012459 0.172332984209061 0.0920893531292677 0.0655963476747274 0.0221485015004873 0.0216858017491177 0.011043966608122 0.0192822066368535 0.0231914003263228 0.0274792086808134 0.154296216741204 0.0358471258543432 0.0791912451386452 0.0474672889336944 0.0746018081903458 0.0990792442113161 0.133312050253153 0.155809842050076 0.116101367026567 0.158861620724201 0.157672299444675 0.0932526297867298 0.128630875051022 0.119421552121639 0.155965250730515 0.12845881357789 0.14861152023077 0.181469078361988
0.0372791533824056 0.00690875478321686 0.00843042316846549 0.0134338836185634 0.00857514663366601 0.0668523997068405 0.00838694768026471 0.00405263709835708 0.005076986446511 0.000797454307939915 0.00338565147831105 0.00488792958931299 0.0014911898819264 0.00582121762199677 0.0145270228618756 0.0106122594792396 0.0117542704101652 0.00891841699558427 0.140526950359344 0.292906209826469 0.0839092202484608 0.0561845149844885 0.0136050351778977 0.0227156016277149 0.0408341808477417 0.0195263692643493 0.0797993272542954 0.159806187823415 0.0666509402915835 0.0420383036136627 0.0800345532596111 0.113792042434216 0.062246940843761 0.0593711767345667 0.0444663227535784 0.12906084433198 0.0940411247313023 0.0663721937686205 0.12142466455698 0.116697222366929 0.1426026083529 0.121098807826638 0.130475737154484 0.167322051897645 0.119123832881451 0.0631126523017883
0.00648313383280765 0.0392414649017155 0.0244533695280552 0.062260908074677 0.102708312124014 0.0709502149373293 0.12619936466217 0.0412284039892256 0.0546357788145542 0.00736561179191284 0.0434967426583171 0.0554292444139719 0.113956210017204 0.213974432647228 0.0175757177872583 0.014481006981805 0.00711889585945755 0.00128287697007181 0.304834553599358 0.223539485037327 0.0326692693561199 0.040316098369658 0.0221256862394512 0.0369204264134169 0.161511714756489 0.11963879019022 0.161926644667983 0.191024669632316 0.0378343412652612 0.0124107799958438 0.00617822956992313 0.0126707213930786 0.108759757690132 0.169741242006421 0.110530593618751 0.117508544027805 0.201388515904546 0.0719304885715246 0.0639341793954372 0.0687842287123203 0.0828942254185677 0.0757519625127316 0.0474771771579981 0.0989169158041477 0.104356760159135 0.0366653312928975
0.00836414454970509 0.0909068822860718 0.150634292513132 0.0411285769194365 0.0402341384440661 0.0602716170251369 0.0803748235106468 0.0737165907397866 0.0721026822924614 0.249891740083694 0.121482419967651 0.0491415770724416 0.0455039185471833 0.094373547192663 0.0438517928123474 0.00852838808787055 0.0645120102912188 0.428944750130177 0.355824664235115 0.299872153997421 0.106579041481018 0.149506407789886 0.20832467675209 0.168797813355923 0.0880692571401596 0.0765709597617388 0.0711375713348389 0.0391038086265326 0.00414215973578393 0.00263357857475057 0.0036571926320903 0.00588151817210019 0.00163536488107638 0.0330858032219112 0.8 0.144192348048091 0.0347183896228671 0.054833029769361 0.0352515190839767 0.0398513603955507 0.0314586522057652 0.0703958164900541 0.0320266997441649 0.0291889008134604 0.0389306221157312 0.0153584832325578
0.0365189644508064 0.195841999165714 0.0379778813570738 0.0372022971510887 0.0212412353605032 0.0324065148830414 0.0601421795785427 0.0553126126527786 0.12408264875412 0.06349868029356 0.197585828602314 0.299949637055397 0.352712550759316 0.217830224335194 0.0195089293643832 0.0918751517543569 0.0761175075313076 0.274276414513588 0.318172699213028 0.123725705500692 0.112953458353877 0.135042577981949 0.175216457992792 0.0269354424439371 0.0157649919390678 0.0200212144292891 0.00715791946277022 0.00825630039907992 0.00733209897298366 0.00627216747961938 0.00343762367265299 0.00288497362053022 0.00585702835815027 0.00692620517220348 0.011379022966139 0.0207135179080069 0.088353543356061 0.0403379485011101 0.0483558163046837 0.0470711596310139 0.0159150261431932 0.0221435283776373 0.0137116813100874 0.0194410600233823 0.015594419836998 0.00967751555144787
0.102922360785306 0.0359223894774914 0.0279646823182702 0.0348341837525368 0.0479170873761177 0.032026787288487 0.0424012884497642 0.0602582849562168 0.0268479684367776 0.0226990798488259 0.02483901232481 0.0658793099224567 0.0545037116855383 0.126271893084049 0.0934253040701151 0.0833176640793681 0.0731370307505131 0.266535024344921 0.347613942623138 0.0781329743564129 0.030871949903667 0.0416461493819952 0.0149854517541826 0.014175199251622 0.0057925590313971 0.0111577066592872 0.00513529413146898 0.00519758521113545 0.00470485229743645 0.0061803160700947 0.0114621132146567 -9999 0.00907640096265823 -9999 0.0345275798812509 0.00938473390415311 0.010995980584994 0.0195937685202807 0.0227975813671947 0.0588701661676168 0.0156560932751745 0.0184155135415494 0.0251926047727466 0.0149515843950212 0.0195597738027573 0.00637402718421072
0.0528160572052002 0.0265521349385381 0.0155685495585203 0.0196300121024251 0.0313486356288195 0.0291852684691548 0.087865250185132 0.461896000802517 0.0161722917575389 0.0177154206670821 0.0134901920333505 0.0357665132731199 0.0255456384271383 0.0206516965292394 0.0252342919819057 0.0112238719593734 0.0878669179975986 0.114625319093466 0.164651487022638 0.090350067615509 0.0190433604642749 0.00692160530015826 0.00826800321228802 0.00612808864098042 0.00887035357300192 0.0110241622664034 0.0161083595827222 0.0191593922674656 0.0154604511335492 -9999 -9999 -9999 -9999 -9999 0.234955415129662 0.00667631130199879 0.0155288937501609 0.0124094760976732 0.0197495833970606 0.0321011563763022 0.0125230414792895 0.0246138788759708 0.0211243845522404 0.0046684154542163 0.00710067101754248 0.00278161637252197
0.020367475785315 0.0151741589419544 0.0187971611507237 0.0226971283555031 0.0515089746564627 0.0334089597687125 0.0196498894132674 0.0179390334524214 0.0104451164603233 0.00832173542585224 0.0108417022973299 0.0085860965307802 0.00957385706715286 0.0122828089632094 0.015083780977875 0.0294842953793705 0.0230988631024957 0.016764800529927 0.0116828253027052 0.0113234798423946 0.0140565905719995 0.00624801572412252 0.0152862052433193 0.0141138481907547 0.0150450137443841 -9999 -9999 -9999 -9999 -9999 -9999 -9999 -9999 0.0178437527269125 0.00280830599367619 0.00520565158221871 0.00841539432294667 0.02737598977983 0.0167932054959238 0.0207854184322059 0.021201335079968 0.0192921760492027 0.0175512899644673 0.011211434006691 0.0026156542589888 0.00262239894364029
0.0345459848642349 0.0420915301889181 0.0276176162064075 0.0102650690823793 0.0163385358639061 0.041519844904542 0.0309292305260897 0.0177718754857779 0.014390927972272 0.0125203700736165 0.00925974582787603 0.00531298704445362 0.00769307059235871 0.00844399270135909 0.00951792299747467 0.00724416058510542 0.0289655674248934 0.00981028010137379 0.00928299566730857 0.011933185858652 0.0071560631506145 0.00688929699826986 0.0235229292884469 0.0088879743590951 0.0165603122673929 -9999 -9999 -9999 -9999 -9999 -9999 -9999 -9999 -9999 0.018711189419264 0.00615831799805164 0.00943740243092179 0.186348338797688 -9999 0.0127996705472469 0.0131275090388954 0.0190417354926467 0.0223999726586044 0.00929831857793033 0.0144441023468971 0.00589916431345046
0.0338084947317839 0.069945483468473 0.0332902699708939 0.02056386731565 0.0125421364791691 0.0254576558247209 0.0222164218313992 0.0158338272944093 0.0210121427662671 0.0151568554807454 0.0243020912632346 0.0217282213270664 0.0149154869373888 0.0102821899112314 0.0106748080346733 0.0150599231943488 0.0324850972741842 0.0168623402714729 0.0125969042535871 0.0126350600272417 0.00993422693572938 0.0143100863322616 0.0159472996369004 0.00642133732326329 0.0179625856690109 0.0345505371689796 -9999 -9999 -9999 -9999 -9999 -9999 -9999 -9999 0.0157534759957343 0.0151188855525106 0.0139103149296716 -9999 -9999 0.00972478049807251 -9999 0.0286380569450557 0.0229290214367211 0.0127861606888473 0.00831214883364737 0.0039392719976604
0.0371755871921778 0.0540032844990492 0.0213577977381647 0.0310542682185769 0.0208752092905343 0.0336917497217655 0.032389303855598 0.0166360513307154 0.031548457313329 0.0276118029374629 0.0171519656665623 0.00850837454199791 0.0126846041530371 0.0108403041958809 0.0194936157204211 0.0287948021665215 0.0210038331337273 0.013533888803795 0.017344313301146 0.010092591913417 0.0138772371225059 0.0178283735178411 0.0132644102908671 0.0120185063686222 0.0125999255105853 0.0254506144672632 0.0142740657553077 -9999 -9999 -9999 -9999 -9999 -9999 -9999 -9999 0.0391951220110059 -9999 -9999 0.142918237671256 -9999 -9999 0.429027462005615 0.0248409301042557 0.0114303208421916 0.0159073121845722 0.0298757834360003
0.0725474990904331 0.0458369262516499 0.046125103905797 0.0186981257051229 0.0180035716854036 0.0137688340619206 0.0107610136270523 0.0259472337551415 0.0185901155229658 0.00969789074733853 0.00816548068542033 0.0134002648759633 0.0194009605329484 0.0214924874715507 0.0188643973320723 0.0174218670465052 0.012803393509239 0.0166219644248486 0.010367678431794 0.0127660660073161 0.0133850880432874 0.0150291383266449 0.00793980043381453 0.0125651823356748 0.0118391770403832 0.627621954679489 -9999 -9999 -9999 -9999 -9999 -9999 -9999 -9999 -9999 -9999 -9999 -9999 0.0900023404275998 -9999 -9999 0.37719766497612 0.021447092667222 0.0280407244339585 0.0165189045481384 0.0122705532703549
