Scripts_&_data/Maxent_result_files_2/B_muscorum_2.asc
NCOLS 594 
NROWS 330 
XLLCORNER -15 
YLLCORNER 23 
CELLSIZE 0.166666666666667 
NODATA_value -9999 
[rows 200 to 219 of 330, columns 92 to 137 of 594]
0.0110578253865242 0.0097238679882139 0.0103297510184348 0.0191993803717196 0.0305206501856446 0.0456358921830542 0.0609666441829177 0.0723017072479706 0.154858005017923 0.127768178686529 0.0430265359580517 0.0533698858693242 0.0561649840325117 0.0723568990826607 0.0795163989067078 0.0574651123955846 0.156922923773527 0.142585231363773 0.207627612352371 0.244489076733589 0.150186643749475 0.215663392841816 0.125757700204849 0.0297477975487709 0.058720313757658 0.0519938413053751 0.0740280210971832 0.0321965102106333 0.036317006405443 0.0727072169072926 0.0797836074605584 0.103868506103754 0.128097563423216 0.239322829991579 0.20163546204567 0.258676660433412 0.232004597783089 0.191634067893028 0.0164309813641012 0.00199555874569342 0.0430812636390328 0.051863114349544 0.0186034263111651 0.0360949978232384 0.0529836136847734 0.0406749600544572
0.0111879040952772 0.00939997942186892 0.00837420457974076 0.0137430248782039 0.0166828314773738 0.0271067534456961 0.0408868423197418 0.14691428070546 0.0802399273088668 0.0968851484947663 0.0701500818133354 0.042539619281888 0.049776360206306 0.104923355579376 0.134940049424768 0.110566502809525 0.159907994233072 0.18322002729401 0.319415616220795 0.268718560412526 0.269556463509798 0.155035177245736 0.0502254682593048 0.0483350628986955 0.0309847936965525 0.0472749459557235 0.0888315439224243 0.0336961733177304 0.0562204912304878 0.148605542548103 0.060986436298117 0.0989500123076141 0.0861502948217094 0.103970331698656 0.0786372574046254 0.148375814408064 0.229360601678491 0.121930398233235 0.0991600182373077 0.00979776843450963 0.0449765974655747 0.0610088612884283 0.0179737628437579 0.0594077110290527 0.0811626501381397 0.0343007253482938
0.00888610337860882 0.0188594033010304 0.00902336835861206 0.0115671161562204 0.0125489271711558 0.0129737074486911 0.0170421995222568 0.022839033510536 0.0740958321242942 0.0723335320362821 0.0532214945182204 0.0336487034335732 0.033244844339788 0.0844631155952811 0.180475192517042 0.147212805971503 0.196471188869327 0.189480529632419 0.458001280762255 0.249016704410315 0.100277711078525 0.0616005983203649 0.0343050790950656 0.0346936237066984 0.0330645399983041 0.0549659200012684 0.0835713215172291 0.0211126521695405 0.0648206122219563 0.0890378732990939 0.17530934951501 0.118771595531143 0.0638872899115086 0.0615808144211769 0.124632978625596 0.296709206420928 0.330956480279565 0.060927065834403 0.0202185468282551 0.0476670484058559 0.0493548102676868 0.0959971545264125 0.155957739055157 0.108210400491953 0.0979297693818808 0.0718784874305129
0.00859712711535394 0.00900686327368021 0.0095766284968704 0.0104140847921371 0.0239855766296387 0.0125211170874536 0.0282547863200307 0.0232009009458125 0.0170541831874289 0.027065609395504 0.0275402333587408 0.0297878413461149 0.0418119005858898 0.062881588190794 0.0959201181307435 0.120602035149932 0.143916569650173 0.143758521135896 0.203866844624281 0.147436149418354 0.0611277617514133 0.0224165707826614 0.0716461762785912 0.0385504638776183 0.0308001337572932 0.032766710780561 0.0811971142888069 0.0307714151218534 0.0638294868171215 0.0968507847748697 0.156765994429588 0.192400465905666 0.11887319535017 0.127376870717853 0.17294056667015 0.175199550017715 0.407181763090193 0.375126268342137 0.309941739216447 0.519549650512636 0.344876389205456 0.230314526706934 0.0437129827216268 0.240132025629282 0.126039656624198 0.0223901588469744
0.00811200924217701 0.00849126097746193 0.00878380336798728 0.00992533313110471 0.0117258234415203 0.0237505415454507 0.0133951760362834 0.0140858001075685 0.0238499072380364 0.00979827055707574 0.0292002234607935 0.0448995109647512 0.0387896120548248 0.044558360427618 0.0755754553712904 0.0651278087403625 0.143670572465635 0.279640591672796 0.147061322606169 0.054790367372334 0.0571503062339616 0.067811394249145 0.0551981512107886 0.041417305637151 0.0700020574906375 0.0436344608664513 0.125832620402798 0.0462187484838068 0.127972329990007 0.107709987365524 0.11248659088742 0.148094920482254 0.107314592693001 0.142002820409834 0.147272165282629 0.245020814827876 0.336467976309359 0.270766976475716 0.131832270696759 0.0636864941567183 0.0338024524971843 0.0511505773290992 0.145143122877926 0.0492768574506044 0.0203184726648033 0.0173301587114111
0.00687571023590863 0.00741713838651776 0.00792684159241617 0.00863989074714482 0.0111052237916738 0.0126942431088537 0.0334795594215393 0.0132290725130588 0.016701494064182 0.0110277810133994 0.0139283935073763 0.0330014314502478 0.0446654079481959 0.0587507946416736 0.0442108444869518 0.0652587063610554 0.0549117583781481 0.0520064163953066 0.129353000037372 0.0408631362020969 0.0703997564534802 0.124025374682134 0.112670844671084 0.0716923335567117 0.0292235819622874 0.0275444554165006 0.0540106235072017 0.0965161991072819 0.154016139521264 0.128775369367213 0.106545685743913 0.16356579993153 0.227924773998893 0.15684528047866 0.218564319753204 0.200289714953396 0.326586526844767 0.245001906572725 0.19493041113019 0.355736786662601 0.171398325543851 0.0281650098773753 0.66419238448143 -9999 -9999 -9999
0.0079448081785813 0.00842459232080728 0.00699017252773046 0.00736417029984295 0.0106988385785371 0.0277737891301513 0.0515166614204645 0.0152364315465093 0.0107452382799238 0.009502635570243 0.00863333330489695 0.0360773360356689 0.0323935503140092 0.065996989607811 0.114976481348276 0.0897523082792759 0.0292907314287731 0.0529364321380854 0.162429250497371 0.124785921158036 0.170294509664382 0.291541531682014 0.147037526965141 0.000779741175938398 0.00470844767987728 0.0216458357754163 0.0380378216505051 0.074227549135685 0.165139019675553 0.0988438383772063 0.174052949569887 0.0818368793083209 0.144393494667474 0.127191150358067 0.0948991893266111 0.134614691684126 0.130313974708406 0.066979677573363 0.0352457790419066 0.168235471000298 0.287430823221803 -9999 -9999 -9999 -9999 -9999
0.00746344469953328 0.0129393489100039 0.0100331494119018 0.00888056477997452 0.00914954850450158 0.0162151613272727 0.014689146541059 0.0106164531316608 0.00949899940751493 0.00815787566825748 0.0205486747436225 0.0426914758980274 0.0334441358223557 0.0635244587436318 0.0401302770536859 0.0801550936530475 0.0888154544169083 0.127933137118816 0.178336194530129 0.509679187834263 -9999 -9999 -9999 -9999 -9999 -9999 0.0044001504778862 0.11923448741436 0.0956238345708698 0.144158348091878 0.158327910769731 0.128605921808651 0.0679608538746834 0.082487603276968 0.0861800512964692 0.0662751530276138 0.0492179786940301 0.0454601051391644 0.547773318365216 -9999 -9999 -9999 -9999 -9999 -9999 -9999
0.0221448109019548 0.0299337324686348 0.0200440056738444 0.0293466935050674 0.0157987143844366 0.0104111862368882 0.0117805534042418 0.0134990012738854 0.00980746448040009 0.0114579121116549 0.00737652527168393 0.0476967262104154 0.113184091050061 0.045721602672711 0.0741968861781061 0.0793760458007455 0.0964446978643537 0.358204997703433 -9999 -9999 -9999 -9999 -9999 -9999 -9999 -9999 -9999 -9999 -9999 -9999 0.213782396912575 0.0669442725818044 0.122188833981204 0.0241592867823783 0.0938433041893404 0.0479761776154419 0.0210112730797846 0.0483280179510075 -9999 -9999 -9999 -9999 -9999 -9999 -9999 -9999
0.0438295127823949 0.0437165211420506 0.125044485926628 0.0416727291885763 0.0327761396765709 0.034205280430615 0.0278580101206899 0.0265738161280751 0.0237770813517272 0.0348701843060553 0.0220589637756348 0.0633251399500296 0.0237888751202263 0.0552348560340761 0.0909348160028458 0.186286313563323 0.0550725385546684 -9999 -9999 -9999 -9999 -9999 -9999 -9999 -9999 -9999 -9999 -9999 -9999 -9999 -9999 -9999 -9999 -9999 0.670874351263046 -9999 -9999 -9999 -9999 -9999 -9999 -9999 -9999 -9999 -9999 -9999
0.0748463466763496 0.0372941132634878 0.0467480756342411 0.0612580770626664 0.0279277332127094 0.0195999581366777 0.0409364139661193 0.0320782446302474 0.0451559776440263 0.0742752379737794 0.0604665498249233 0.0389055598527193 0.0302548451349139 0.0213256462244317 0.0799579643375182 0.119881408433139 -9999 -9999 -9999 -9999 -9999 -9999 -9999 -9999 -9999 -9999 -9999 -9999 -9999 -9999 -9999 -9999 -9999 -9999 -9999 -9999 -9999 -9999 -9999 -9999 -9999 -9999 -9999 -9999 -9999 -9999
0.303655912354588 0.367007179558277 0.235701051354408 0.283179180696607 0.265734792500734 0.212414437532425 0.175556614808738 0.226397483423352 0.179981056600809 0.160216971486807 0.218458684533834 0.111786034703255 0.0648041317414027 0.0949190818716758 0.349672604617808 0.691969168186188 -9999 -9999 -9999 -9999 -9999 -9999 -9999 -9999 -9999 -9999 -9999 -9999 -9999 -9999 -9999 -9999 -9999 -9999 -9999 -9999 -9999 -9999 -9999 -9999 -9999 -9999 -9999 -9999 -9999 -9999
0.243938695639372 0.227446261048317 0.168111619725823 0.0827430727891624 0.375322746299207 0.360330239497125 0.251638309657574 0.436801455914974 0.0855559896677733 0.119902801746503 0.203304535150528 0.429826361499727 0.135678734470275 0.0371340103447437 0.0958503944566473 0.148144409991801 -9999 -9999 -9999 -9999 -9999 -9999 -9999 -9999 -9999 -9999 -9999 -9999 -9999 -9999 -9999 -9999 -9999 -9999 -9999 -9999 -9999 -9999 -9999 -9999 -9999 -9999 -9999 -9999 -9999 -9999
0.204001379827969 0.218728496879339 0.158503178879619 0.346839148178697 0.323833032045513 0.277443918585777 0.270303820446134 0.344959616288543 0.383204157277942 0.333417095988989 0.255853798612952 0.17489729039371 0.18438017219305 0.0590463681146502 0.0414580393582582 0.0769000432550456 0.121499454810692 -9999 -9999 -9999 -9999 -9999 -9999 -9999 -9999 -9999 -9999 -9999 -9999 -9999 -9999 -9999 -9999 -9999 -9999 -9999 -9999 -9999 -9999 -9999 -9999 -9999 -9999 -9999 -9999 -9999
0.168779596762806 0.109522644355994 0.1387268052087 0.111799593937877 0.48013450077201 0.32783457787591 0.321494908387831 0.342014308273792 0.151069295406342 0.171157380193472 0.120885978639126 0.117493152618408 0.0485226336866617 0.0154349068645388 0.0197259811684489 0.104664318810683 0.166119343042374 -9999 -9999 -9999 -9999 -9999 -9999 -9999 -9999 -9999 -9999 -9999 -9999 -9999 -9999 -9999 -9999 -9999 -9999 -9999 -9999 -9999 -9999 -9999 -9999 -9999 -9999 -9999 -9999 -9999
0.0742709385505577 0.0565485784350443 0.191635606519043 0.160503990607685 0.243472725146967 0.209732094866195 0.148802339241411 0.123242203262635 0.140827376383822 0.118359213205986 0.0775222151132766 0.0475672271102667 0.023557819519192 0.0133115909295157 0.0233500389382243 0.133930878269166 0.242929175496101 -9999 -9999 -9999 -9999 -9999 -9999 -9999 -9999 -9999 -9999 -9999 -9999 -9999 -9999 -9999 -9999 -9999 -9999 -9999 -9999 -9999 -9999 -9999 -9999 -9999 -9999 -9999 -9999 -9999
0.0482098824344575 0.135904518443567 0.116536371996654 0.138428172608928 0.0533134551486 0.138602499593981 0.24211020253224 0.150336939639965 0.159563551148959 0.11561281979084 0.0681411083351122 0.0885425090789795 0.050819162465632 0.0116837784880772 0.0616285474228789 0.0220604012254626 0.090704991016537 -9999 -9999 -9999 -9999 -9999 -9999 -9999 -9999 -9999 -9999 -9999 -9999 -9999 -9999 -9999 -9999 -9999 -9999 -9999 -9999 -9999 -9999 -9999 -9999 -9999 -9999 -9999 -9999 -9999
0.0149003876140341 0.016703270864673 0.0210196553263813 0.0227080695331097 0.0274815060198307 0.0214653703384101 0.0291572500485927 0.18910287448125 0.173507452367721 0.200873770064209 0.0782610821550406 0.0601011379039846 0.0338493510498665 0.0105481609818526 0.0858453112956795 0.350255028530955 -9999 -9999 -9999 -9999 -9999 -9999 -9999 -9999 -9999 -9999 -9999 -9999 -9999 -9999 -9999 -9999 -9999 -9999 -9999 -9999 -9999 -9999 -9999 -9999 -9999 -9999 -9999 -9999 -9999 -9999
0.0115344087244011 0.0211019924026914 0.0150211384519935 0.0193523135967553 0.0246395336464047 0.0466372972354293 0.0887847341713495 0.123869653957081 0.135429361423871 0.127742605595904 0.109017362538725 0.0818079834105447 0.131377830961719 -9999 -9999 -9999 -9999 -9999 -9999 -9999 -9999 -9999 -9999 -9999 -9999 -9999 -9999 -9999 -9999 -9999 -9999 -9999 -9999 -9999 -9999 -9999 -9999 -9999 -9999 -9999 -9999 -9999 -9999 -9999 -9999 -9999
0.0868989940732718 0.0497761732898653 0.0522809795103967 0.247879481106065 0.172806878521806 0.136318822321482 0.0754259388649373 0.0951750010251999 0.0390706714708358 0.0851714633008669 0.0915741942357272 -9999 -9999 -9999 -9999 -9999 -9999 -9999 -9999 -9999 -9999 -9999 -9999 -9999 -9999 -9999 -9999 -9999 -9999 -9999 -9999 -9999 -9999 -9999 -9999 -9999 -9999 -9999 -9999 -9999 -9999 -9999 -9999 -9999 -9999 -9999
