Scripts_&_data/Maxent_result_files_2/B_muscorum_2.asc
NCOLS 594 
NROWS 330 
XLLCORNER -15 
YLLCORNER 23 
CELLSIZE 0.166666666666667 
NODATA_value -9999 
[rows 100 to 119 of 330, columns 368 to 413 of 594]
0.010637274524197 0.0263818837702274 0.0094915708526969 0.0125649064895697 0.0129408097825944 0.00882514342665672 0.00602974462672137 0.00517268722178414 0.00973886378342286 0.00855195877957158 0.0244443380623125 0.00723295181524009 0.00671728366287425 0.0283563802717254 0.014683390094433 0.0139251943735871 0.0139105539070442 0.0124823873396963 0.0122587309335358 0.0311726264422759 0.0237424435908906 0.00762848880258389 0.00655331290327013 0.00649022356665228 0.0080505444901064 0.00707243177166674 0.00845244704833021 0.0100639808122651 0.00801434623426758 0.00626419348991476 0.00730696706159506 0.007553052023286 0.00909153991378844 0.00592864428763278 0.00663814070867375 0.00505721669178456 0.00500018210150301 0.00708339280681685 0.00520298125920817 0.008172981091775 0.00687287157634273 0.00513707906939089 0.00497696601087227 0.00515735624358058 0.00523564231116325 0.0047529679373838
0.013865656091366 0.0171623384347185 0.0105921498208772 0.0477659155381843 0.00912123572779819 0.00887083655106835 0.00884282944025472 0.00853798712487333 0.00966772481333464 0.00788126692641527 0.00620812163688242 0.00857779809739441 0.0118920511333272 0.00841440029907972 0.0283852259512059 0.019227285485249 0.0149066386395134 0.0283908501733094 0.00859392902639229 0.0265472942730412 0.0242426820303081 0.0071352315339027 0.007753177601262 0.00760619833017699 0.0089998354218551 0.019737622217508 0.0138008912006626 0.0131371945142746 0.00918576784461038 0.01024538751808 0.00799755292246118 0.00713599905720912 0.0068586812238209 0.00856088945874944 0.00762678257888183 0.00704848355380818 0.00650439760647714 0.00566451913909987 0.00625466867350042 0.00662989227566868 0.00657891547307372 0.0131580019835383 0.00736030875705183 0.00542096489807591 0.00653372089145705 0.00597038769628853
0.0101527497172356 0.00953164518577978 0.0105670321674552 0.0543959449976683 0.00946328540449031 0.00908145083812997 0.0355575867928565 0.00864175790920854 0.00601959864143282 0.00874691343633458 0.0292558329645544 0.00577443284564652 0.0116690579103306 0.0388640606077388 0.0158160988648888 0.0159316712757573 0.0173977941507474 0.0165706085244892 0.0393777202698402 0.0061201130549307 0.00865524944383651 0.00683193471995764 0.00880154224432772 0.00667907573515549 0.0147236489174247 0.0424139181995997 0.028542312112404 0.0214989975153003 0.0183415064355358 0.0112320012616692 0.0103284283803077 0.0081395024782978 0.0101209112617653 0.0214576344471425 0.0113828735542484 0.00875408111605793 0.00829479843378067 0.00657422852236778 0.00560732492012903 0.0105137581005692 0.00644509174162522 0.00900980753358454 0.00611395572777837 0.0064452507533133 0.00628677115309983 0.00807941521052271
0.0115298416931182 0.0108172397245653 0.010252875322476 0.00641670831246302 0.0123416431015357 0.00632895960588939 0.0126867599319667 0.006402488052845 0.00968089301022701 0.00938720731646754 0.00627275361912325 0.00880948606645688 0.0273390644346364 0.0165027151815593 0.0177976975042839 0.00395998180174502 0.0225982048606966 0.0131221214935067 0.0229832768600318 0.00931534661067417 0.0429977256106213 0.0337375049450202 0.00874215554867988 0.00552777157281525 0.0113054573019326 0.012512518355652 0.0154869144185795 0.0101868464465952 0.00733825334682479 0.00721195321530104 0.0070937578813755 0.00702682106930297 0.00673172966053244 0.00600287485285662 0.00590617776615545 0.00560216035810299 0.0062527964473702 0.00599238889990374 0.00605952109908685 0.00428753884043545 0.00621057550888509 0.00676089307526126 0.0062258341931738 0.00711914967978373 0.0101583820302039 0.00995428888127208
0.00783280504401773 0.00518593159504235 0.0108248411444947 0.00695567610673606 0.0127397940843366 0.010844892822206 0.0134803637396544 0.0098958580114413 0.00916706813150086 0.0105100513901561 0.00657777733285911 0.0282351675210521 0.01505762199522 0.012497296865331 0.00704119272413664 0.00648855410981923 0.00601062010973692 0.0290607455041027 0.0216099615892745 0.0167822006515053 0.0162997526073013 0.0156628426644602 0.013036520100286 0.0162128326417587 0.0115155323946965 0.00989805543067632 0.010290131453803 0.00351731519112946 0.00351902402180713 0.00766620395806967 0.00754111756541533 0.00700806319655385 0.00923259437549859 0.00692556063004304 0.00655426569865085 0.00649460050044581 0.0072667708795052 0.00878227467183024 0.00617307907668874 0.00653802360175177 0.00777188829379156 0.00697322539053857 0.00673706549569033 0.00712939923978411 0.00794335692189634 0.008431924181059
0.00858635779004544 0.00944304338190705 0.0119550338131376 0.00890512095065787 0.00926550057483837 0.0099639595602639 0.00965283602126874 0.0232174256932922 0.0208241371437907 0.00978973948513158 0.00988094382919371 0.00826536084059626 0.0309771875152364 0.010617413703585 0.0186907753581181 0.0204566150612663 0.0350783477071673 0.0108136896218639 0.0591433637426235 0.0112578860964277 0.0212820250439108 0.0467527100321604 0.0160425337569905 0.0144662577258714 0.0155598778444983 0.0109456578458776 0.00897389249294065 0.00235661977931159 0.00290439828204399 0.00869640412565786 0.0116070113705064 0.0103144789354701 0.00812398187845247 0.00774826917186147 0.0079445508250501 0.0066867925284896 0.00838017794885673 0.00691496913204901 0.00768111676443368 0.0072010422241874 0.00665644155815244 0.00648550718324259 0.0107207233086228 0.0112864463939331 0.0109375441912562 0.0154778808471747
0.0109369148500264 0.0140417381189764 0.0117345479666255 0.0109620241331868 0.0058643989439588 0.00687834226409905 0.00887223527533934 0.0133231860818341 0.00950412345118821 0.0434654124313965 0.0180887677823193 0.00700233681709506 0.0195832614670508 0.0320941086218227 0.014262692379998 0.0181352105370024 0.0178213424820569 0.0111726884148084 0.0368239416653523 0.0105589127218991 0.0157103028581332 0.0435946560668526 0.0131836902124633 0.00917126770109462 0.0139394367492059 0.0129166605125647 0.014142432231165 0.00853454962816613 0.0093495835455542 0.00925463367530028 0.0137511823581008 0.0107759332495334 0.00829679079033667 0.00833783494890667 0.0076120557874674 0.00823047082521953 0.0128247579326853 0.0109846105915494 0.00796481127035804 0.0117343429243192 0.0131758037721738 0.0168269615154713 0.00965146737289615 0.00775723241386004 0.0164152713201474 0.0125500129972352
0.00875732999993488 0.0151245589135215 0.0113795325509273 0.0485723588499241 0.0200684574607294 0.00848867856548168 0.00535027944424655 0.0104032582952641 0.0102710077480879 0.0098541159008164 0.00947040710016154 0.00969771049567498 0.00985878553474322 0.0102459317422472 0.0468661966267973 0.011223268674803 0.0343032750417478 0.0114355894547771 0.00867282984108897 0.00840235148280044 0.0595232761319494 0.0342454524987261 0.0195625768988975 0.0148945138265844 0.0149506305693649 0.0160914967520512 0.0133352805918548 0.0173360724278609 0.0168237370598945 0.0145827508516959 0.0153276496639592 0.0402116755954921 0.00787283716781531 0.00777549992490094 0.00699295469676144 0.00678792179969605 0.034839928522706 0.00697256473940797 0.0137709814589471 0.00756014848593622 0.00422862025443465 0.00645184204913676 0.0216862486558966 0.025033940852154 0.0261957996990532 0.00749539598764386
0.00777871055179276 0.00923702232539654 0.0077203726163134 0.0112145890248939 0.0109031965432223 0.0133977091812994 0.013085070962552 0.0101926429197192 0.0100100395269692 0.043080258986447 0.025063885981217 0.00599330916884355 0.00956398274865933 0.0273310435703024 0.0087674219685141 0.0110953090217663 0.0114415296120569 0.0115011595815304 0.0114930277326494 0.0457806384278229 0.0108279914231389 0.0185636879898084 0.0195397352457803 0.0150806311969063 0.00978168564906809 0.0417389083304442 0.00927640941954451 0.00902631439239485 0.0506304720183834 0.0314776842657011 0.00869887514854781 0.00820661510515492 0.00767320199811365 0.00754220621020067 0.00744877542601898 0.00757838229183108 0.00906980012077838 0.0072102167760022 0.00936222918098792 0.00629977048374712 0.0188603847636841 0.0139486118860077 0.0127300612803083 0.0210738457855769 0.0206647831771988 0.0215012750413734
0.0117585708328988 0.0119230320444331 0.0115025151113514 0.0109738090191968 0.0108040391467512 0.0287574940244667 0.0109519427642226 0.0133527651603799 0.0102401215001009 0.00985893263714388 0.0096780821098946 0.00955330321448855 0.00529593675455544 0.0082036702777259 0.0104217388376128 0.0103812325629406 0.0107509173918515 0.0111962632654468 0.0108590214978904 0.0138788700453006 0.0536849327501841 0.0528459414548706 0.0343732393783284 0.016355043934891 0.0104773814004147 0.0103501568344655 0.0401444255141541 0.00667171929235337 0.0341703204263467 0.00938653766206698 0.00920381924370304 0.00881103678548243 0.00832717851153575 0.00826427939464338 0.00853513653855771 0.00569814852206036 0.0239292516373098 0.00617582576815039 0.00496469603385776 0.0145997668849304 0.0142733917455189 0.011453773570247 0.010687760473229 0.0127982863225043 0.0238188379822532 0.00830572713020956
0.0117880880658049 0.01196212755749 0.0325529130233917 0.0111104500683723 0.0289518250356195 0.00667287608011975 0.047352284588851 0.0108733028784627 0.0279631693323609 0.013400164473569 0.00986782307154499 0.0100580802129116 0.0100875986361643 0.00999324086005799 0.00992277340847068 0.00989775829948485 0.0578766428516246 0.0109361109090969 0.00830343974521384 0.00805702633515466 0.0111887327642762 0.0622952188481577 0.011218764577643 0.0111825080821291 0.0114566871270654 0.0140834184625419 0.0580856163986027 0.00964460270188283 0.00927730375551619 0.00896755051799119 0.00854278858751059 0.00874809876258951 0.00882826364831999 0.0082689551229123 0.00793566770735197 0.00764511802699417 0.00617693956010044 0.00404382322449237 0.018088592030108 0.0153213541139849 0.0256403998704627 0.0375926136737689 0.0438827161095105 0.00817106081231032 0.00844312309782254 0.0240631286927965
0.0127078963792883 0.0160116052225931 0.0121757006068947 0.011774582133512 0.0109737009901437 0.010874938845518 0.0110261013556737 0.0106893642048817 0.0107449189003091 0.0107115731050726 0.0102791694022017 0.0102208835131023 0.00857411828474142 0.0102559488499537 0.0102320347039495 0.0358473017578945 0.0105174984608311 0.0108082132355776 0.00851713048177771 0.00855058512825053 0.0118701413593953 0.0116136467229808 0.0117357000257471 0.0113857494550757 0.0137082052126061 0.00906645778450184 0.0076175366906682 0.00964576608967036 0.00995211484842002 0.00953189257998019 0.00828721490688622 0.0059413546405267 0.00900764939142391 0.00859261777950451 0.00822587049333379 0.00661822274560109 0.0205933124758303 0.00596165243769065 0.013510781689547 0.0399762402987108 0.0342691789381206 0.014842806046363 0.0103975675447145 0.0142310267576249 0.00876777251833119 0.0115752231387887
0.012762747326633 0.0110220086178742 0.00856769570091274 0.0119924733604421 0.011126801987848 0.0107082049777091 0.0109158692095662 0.0510593850398436 0.00832385204121238 0.00792700425081421 0.0113356240952271 0.0142076341959182 0.0106166093377396 0.01304545418825 0.01097403690801 0.0138701638788916 0.00742213980993256 0.0116186852625106 0.0146588074450847 0.0154372624878306 0.0155415331013501 0.00780553456279449 0.0122019326285226 0.0116646922600921 0.0143267058127094 0.0108594740449917 0.00810139114910271 0.00690306037722621 0.0108193109103013 0.0105925830837805 0.0104207257711096 0.00945758817833848 0.00856668809428811 0.0299007096327841 0.0304877427406609 0.00647739553824067 0.00818496267311275 0.00790827480377629 0.0451961177401245 0.00788459619507193 0.0078818459995091 0.00763415618566796 0.00781291364110075 0.00805899502302054 0.00846241183171514 0.0117551085073501
0.00937046257604379 0.00865298449789407 0.0110977998148883 0.0100979137656395 0.0142832376688602 0.011285105368006 0.0109831144785858 0.0111221058366937 0.0146499939291971 0.014533702612971 0.0145246840198524 0.0173150139162317 0.011111993456143 0.0109393271675799 0.0110534854815342 0.00733226205338724 0.00828095081960782 0.010303722077515 0.0148923736414872 0.0117122245719656 0.0119763787603006 0.00825228379690088 0.00824204934178852 0.0125665576313622 0.0123586628644262 0.0150546580087394 0.00807564030983485 0.00785600148374215 0.00705534020089544 0.0107283257530071 0.0102420506242197 0.00933333627181128 0.0394844326656312 0.0169077426427975 0.00851948875933886 0.00474063298897818 0.00515620126388967 0.00780707171652466 0.00776001429185271 0.00760322310961783 0.00781245683319867 0.00577430743724108 0.00536309216404334 0.0084547421138268 0.00872091117780656 0.00930479778908193
0.00914948933932465 0.0136645745122223 0.0168406470882474 0.00794835953347501 0.00748620363592636 0.0143341855509789 0.00727932653098833 0.0108786764954857 0.0112517545785522 0.00862777953734621 0.0145121269917581 0.00839666416286491 0.00810534233605722 0.0119115075591253 0.0118409674352733 0.0119446424592752 0.0120475747506134 0.0104642851976678 0.0151016978197731 0.00806093040737323 0.0120553313463461 0.00915987801272422 0.00854065989260562 0.00859456506732386 0.0125593827688135 0.00858922908082604 0.00869811842276249 0.00677578903851099 0.00735798423411325 0.0106286662514322 0.0330891286139376 0.00968544714851305 0.0126526550156996 0.0087081580189988 0.00857288641855121 0.00854548737406731 0.00969759752042592 0.00773471454158425 0.00754779325798154 0.00763926811050624 0.0078455674694851 0.00696170965675265 0.00556599200936034 0.0113108624122106 0.00914337817230262 0.00660748238151427
0.0143591759522678 0.0141110093012685 0.0164644987606152 0.0123503019261989 0.0118765782754053 0.0141256280163361 0.0137389232157147 0.0138777965497866 0.00851400768442545 0.00961441091058077 0.0099960686013219 0.0102106079066289 0.008701559228939 0.00918074958317447 0.00781657212937716 0.00836674867314286 0.0120250837120693 0.0115260444814339 0.00898194472538307 0.0126079346053302 0.0105896035209298 0.00952625102945603 0.0152872471138835 0.0140279256738722 0.0114682706189342 0.00939537469530478 0.00812043289770372 0.0157594997319393 0.0117126087949146 0.0112324519315735 0.0107060627546161 0.0100589155568741 0.0093937139492482 0.00871905889362097 0.0245127193629742 0.00481679507065564 0.00487681335071102 0.00472183681558818 0.00702014956623316 0.00712063629180193 0.00810497576603666 0.00558077928144485 0.00669321059249342 0.00849408538779244 0.00915911374613643 0.0103097562634503
0.010601401765598 0.00940645862719975 0.00933195102843456 0.0117055056329264 0.00823415049162577 0.00816091281067202 0.00798948613155517 0.0106095173763606 0.00833803022833308 0.00785153624528903 0.0145880666779703 0.020722627217765 0.014479996683076 0.0134267220215406 0.0117358487099409 0.0146655337652192 0.0140530241769738 0.0203309437027201 0.0121924645151012 0.0361222006380558 0.00685182902961969 0.0278793595731258 0.0276400020346045 0.010135388415074 0.0110835812607547 0.00873162200732622 0.00877943782834336 0.0145301040494815 0.0126881900243461 0.0119988301594276 0.011324641527608 0.0104090262437239 0.00932382559403777 0.00900017046369612 0.0192896494176239 0.027113648224622 0.00467532336479053 0.00440411907620728 0.00678036690223962 0.00736111134756356 0.00772831852082163 0.00819572992622852 0.00606787067372352 0.00827048716600984 0.00631955600110814 0.0104843572946265
0.0117578042816604 0.0147759707760997 0.00902362094529963 0.0082128916588772 0.0103803280171633 0.0078649160547684 0.0127394137527517 0.0161081362253753 0.0138647175364895 0.0147948146332055 0.0207382332737325 0.0262482729231124 0.0272186098736711 0.0236185870948248 0.0169154952629469 0.0179970099765342 0.0168870007502846 0.0146037308906671 0.0120444361731643 0.0127216250635684 0.018085615336895 0.0123399747011717 0.00992314115574118 0.0139017448062077 0.018089626339497 0.0226566652185284 0.0157109684601892 0.0189019782585092 0.0199075248325244 0.0164633300737478 0.0108680434408598 0.010722106625326 0.00719669901300222 0.00658678638283163 0.00557238535257056 0.00479846581583843 0.00677405949681997 0.0064448410179466 0.00427109741140157 0.0045140560134314 0.00727356853894889 0.00824227593839169 0.00618434601929039 0.00618842195253819 0.0111099671164993 0.0145357618486742
0.0175835963367717 0.0162867411971092 0.00958838664591894 0.00871336965137743 0.00966406894640386 0.0104952241348656 0.0128938738896977 0.0184673912670405 0.0111254203507997 0.0112352189618832 0.0132348487819399 0.0518649615347385 0.0217962390743196 0.009650101428997 0.0140382021912956 0.0135739029763499 0.0104389884771081 0.0132266201078892 0.0115548728848808 0.0105485537933419 0.0109218072349904 0.013376057028654 0.0197526817559265 0.0167654282762669 0.0142972090106923 0.0159164621843956 0.0137463657942135 0.0168156795785762 0.0196597429923713 0.0188690958661027 0.0165584939066321 0.015775765106082 0.0111820649821311 0.0108158258721232 0.0110303707187995 0.00890521877445281 0.00534610691247508 0.00437689530663192 0.00690067822579294 0.00782199031673372 0.00638577095232904 0.00615504803135991 0.00526312058791518 0.00827695170883089 0.00664006639854051 0.00821447198395617
0.0188768816820811 0.017451825774333 0.0163522233728145 0.0155835179921269 0.00869562373718509 0.010769864154463 0.0134834577700531 0.00878888589832059 0.0142715421170578 0.0176167495541449 0.0141342968585377 0.00984689817960316 0.0148799355665687 0.0153490068449173 0.018837354776042 0.0110508538738941 0.016047292429721 0.00964589820214314 0.0127336111763725 0.0131357651131111 0.019876780413324 0.022521553907427 0.0242970184306614 0.0169528426325996 0.00782251967611955 0.01376111007703 0.014407095516799 0.0153755805280525 0.0161116002243944 0.0172047277679667 0.0147565861232579 0.0133861504029483 0.00877564188558608 0.0107286642771214 0.0111525916028768 0.00878513986244798 0.00908042078372091 0.0122533600777388 0.00965367686003447 0.00936594742815942 0.0103304042248055 0.00875454109627754 0.0053708712104708 0.0120836832909845 0.00770394864375703 0.00694442406238522
