Scripts_&_data/Maxent_result_files_2/B_niveatus_3.asc
NCOLS 594 
NROWS 330 
XLLCORNER -15 
YLLCORNER 23 
CELLSIZE 0.166666666666667 
NODATA_value -9999 
[rows 280 to 299 of 330, columns 180 to 224 of 594]
9.79052733782737e-06 3.64441585816166e-06 4.56481042192536e-06 5.16903031666516e-06 5.00425502423241e-06 3.32485223225376e-05 5.63947947398447e-06 -9999 -9999 -9999 -9999 -9999 -9999 -9999 -9999 -9999 -9999 -9999 -9999 -9999 -9999 -9999 -9999 -9999 -9999 -9999 -9999 -9999 -9999 -9999 -9999 2.25293742346366e-06 5.4127300685991e-07 5.93692664097034e-07 6.15198570486086e-07 6.17536475999714e-07 5.69391370319749e-07 6.64737320477116e-07 7.12561072901963e-07 8.19040658228687e-07 8.80138316006196e-07 9.328749456472e-07 9.91862893329198e-07 1.02710868219447e-06 1.26511635301085e-06
4.77293523317712e-06 4.16820427062703e-06 4.6057039412517e-06 5.18598139933601e-06 4.70008841375602e-06 4.27493084771413e-06 3.79885434540483e-06 3.76703562778857e-06 6.879853629016e-06 7.2905064735096e-05 2.23634432359177e-06 2.35131423096391e-06 4.45637390384945e-06 8.46419238769158e-06 -9999 -9999 -9999 -9999 -9999 -9999 -9999 -9999 -9999 -9999 -9999 -9999 -9999 -9999 -9999 -9999 -9999 4.87537782305481e-06 7.07829063912868e-06 6.51048276978372e-07 6.9017135402305e-07 6.59620272358552e-07 6.38514086404029e-07 7.39704280050546e-07 8.84531392841836e-07 1.00239383868939e-06 1.01100605007787e-06 1.11576432288985e-06 1.19930366651033e-06 1.85397206678317e-05 2.23408912461309e-05
6.22313895064508e-06 5.09303513354098e-06 1.12065039729714e-05 5.67896737493356e-06 5.5626049629609e-06 5.17329046942905e-06 5.29610269950354e-06 4.36983966665139e-06 3.48432864711867e-06 3.07674459349982e-06 2.97590954119187e-06 3.05263823747737e-06 3.08982598085095e-06 3.00422290138158e-06 6.02943022158797e-06 8.1736744277805e-06 5.88968318027128e-07 -9999 -9999 -9999 -9999 -9999 -9999 -9999 -9999 -9999 -9999 -9999 -9999 -9999 -9999 5.11370100753083e-07 5.75943219587316e-06 2.55846697427842e-06 8.49303633287946e-07 6.64664503347012e-07 7.87908798116632e-07 8.91647862033551e-07 1.05336486626584e-06 1.19080460621035e-06 1.22884568725112e-06 1.33671721869177e-06 2.25960348416265e-05 2.2335912399285e-05 2.49064085892314e-05
7.93696332266336e-06 6.36788668089139e-06 6.16423280916933e-06 7.30874426153605e-06 6.99586743166947e-06 6.74681576811054e-06 5.75492888401641e-06 5.17215422632944e-06 4.57916041796125e-06 4.15304576222297e-06 3.93534424460995e-06 3.94558276184398e-06 4.04268460556523e-06 3.9455846376768e-06 3.95178394683171e-06 3.47002603575675e-06 3.26451121850369e-06 3.04711932130886e-06 2.3930933224392e-06 -9999 -9999 -9999 -9999 -9999 -9999 -9999 -9999 -9999 -9999 -9999 4.48791438429907e-06 2.9623477558971e-06 9.11314072737923e-07 7.73246132013128e-07 6.94840249337858e-07 7.55125504525722e-07 8.10831363651232e-07 9.6616016378448e-07 1.06534682373649e-06 1.19041257278241e-06 1.25737619498523e-06 1.5197541500811e-06 2.09733591873373e-05 2.68037164914858e-05 3.7739214621979e-05
9.91132403669326e-06 8.98859864264523e-06 7.88588180284933e-06 8.27013883508698e-06 8.35584435208148e-06 7.43807885328351e-06 6.73228123559966e-06 6.2226092381934e-06 5.80334467485955e-06 5.40294366828675e-06 4.8449228586378e-06 4.92190246745849e-06 4.88900857931185e-06 4.73420805633396e-06 4.58607247537657e-06 4.30578928671821e-06 3.81486557330391e-06 3.47265145137499e-06 3.25657619555386e-06 2.96989452976959e-06 7.05606930750946e-07 -9999 -9999 -9999 -9999 -9999 -9999 -9999 -9999 8.98856260391767e-06 7.26923174454441e-07 8.91739050246088e-07 8.94375919102686e-07 8.93245602640036e-07 8.72799141404812e-07 9.03058635515208e-07 8.86364696839337e-07 1.08609591933373e-06 1.30265154894005e-06 1.2544158437322e-06 1.60217043116972e-06 1.87648924452333e-06 3.24788726175029e-05 4.32853316851833e-05 5.3848314746574e-05
1.12523027155476e-05 1.00405931107161e-05 9.53327084971534e-06 0.000112894817175402 5.26576674019452e-05 8.59400336139515e-06 7.55824592033605e-06 7.37542845854477e-06 7.05049385487655e-06 6.15949504663149e-06 5.62602161835457e-06 5.42601546271726e-06 5.61238271075126e-06 5.32922032334682e-06 5.0767001425811e-06 4.50611853466398e-06 4.36755725559124e-06 4.27689695357003e-06 3.94673700157e-06 3.4236227349993e-06 2.84312807536935e-06 2.64662553774997e-06 -9999 -9999 -9999 -9999 -9999 -9999 1.68686974291177e-06 8.79502113093622e-07 9.01960412136305e-07 9.8161553268028e-07 9.77066693508277e-07 9.71814874617394e-07 1.09193356792048e-06 1.09056019965692e-06 9.9104572655051e-07 1.05167812733953e-06 1.42208823774581e-06 1.60018047381527e-06 1.99755733092388e-06 2.62668634150032e-06 3.66677664374038e-06 4.40020618270864e-06 4.72363515768848e-06
1.20001140430759e-05 1.06798598380919e-05 1.06059047766394e-05 9.84919433903997e-06 2.16213764588247e-05 1.01614993354815e-05 8.79159140367847e-06 8.16438737274439e-06 8.1745212014539e-06 7.57822721197954e-06 6.5913699813791e-06 6.05989687301189e-06 6.18446817952645e-06 5.87000099585566e-06 5.27652509276777e-06 5.26326055023674e-06 4.97980107638796e-06 4.86028793034166e-06 4.44833414121604e-06 4.08754227692043e-06 3.48922040984689e-06 2.86213177957961e-06 2.00714780476119e-06 1.70684900666629e-06 6.96368986297102e-07 1.0984523939328e-06 2.71505213333967e-06 1.06304264022583e-06 1.22561255864184e-06 1.14106369721867e-06 1.08878696778447e-06 1.0637343436315e-06 1.19810650858199e-06 1.40082798054664e-06 1.47484042827273e-06 1.19132269844613e-06 1.16133126368823e-06 1.08380208416747e-06 1.46991450264977e-06 2.0087052433837e-06 2.56021823190622e-06 3.36624002557073e-06 4.18253495126919e-06 5.09973420435017e-06 5.25432071185605e-06
1.40961913757565e-05 1.16768382213195e-05 1.15922147642777e-05 1.10609850935361e-05 0.000133630013260699 0.000176552763514337 1.02235120380101e-05 9.06342936559668e-06 8.57656219750425e-06 2.77942880529736e-05 7.3960055601674e-06 7.1354189685735e-06 6.49618197030577e-06 6.0319954343413e-06 5.70161644759537e-06 5.38915803645068e-06 5.27559851093429e-06 5.04473263163163e-06 4.84158341009788e-06 4.74156975656115e-06 4.58855685678827e-06 4.21714676122065e-06 2.84542877295735e-06 1.98803728608254e-06 1.53180828874611e-06 1.54782054835323e-06 1.65450394149502e-06 1.52368640442546e-06 1.74681809710364e-06 1.40292328580927e-06 1.43555030831521e-06 1.50948877148949e-06 1.71185137958219e-06 2.00549707756181e-06 2.02075908362076e-06 1.41493722765063e-06 1.8394988842374e-06 1.86094015077742e-06 2.2131451032692e-06 3.14410069108817e-06 4.11086784879444e-06 5.380149747225e-06 7.41270194453136e-06 7.11706438210058e-06 8.99045311371083e-06
1.66835301115498e-05 1.30439323129394e-05 1.23380006471052e-05 1.20990757068284e-05 1.14117266321045e-05 2.29968089797694e-05 0.000168897356707021 1.04520566878819e-05 9.35642549393378e-06 8.78147926641759e-06 8.38352133314402e-06 8.00325901764154e-06 7.13620150918359e-06 6.27988104611177e-06 5.73944238340118e-06 5.98375291360753e-06 5.75943452645333e-06 5.46120467106448e-06 5.65226779940531e-06 5.48701899560911e-06 5.1851417083526e-06 5.14845091288407e-06 4.24069135647187e-06 3.04254844820662e-06 2.45738843318577e-06 2.22490714918422e-06 1.95684871471258e-06 1.88686092315038e-06 1.75543767113595e-06 1.81562929242318e-06 2.02291342645822e-06 2.2426925227137e-06 2.56275260994698e-06 3.01210034763244e-06 2.84288976217795e-06 2.60876494735385e-06 2.65651438553505e-06 3.46154661201581e-06 4.495040184338e-06 5.88818904816435e-06 8.05663482879027e-06 8.88252799313705e-06 9.42804417718435e-06 1.08616617126245e-05 1.19579938996139e-05
1.94379369531816e-05 1.57226117153186e-05 1.37987053903998e-05 1.32413312712742e-05 1.27259433156723e-05 1.1620579425653e-05 2.45656687184237e-05 1.14441293362688e-05 1.03725645544728e-05 9.91448598597344e-06 9.09820180368115e-06 8.5897178223604e-06 7.45270776860707e-06 6.84637633412422e-06 6.54260704209264e-06 6.66357372551829e-06 1.29304230199523e-05 6.0399536607747e-06 6.51290688438166e-06 6.13091734749105e-06 5.86287937949237e-06 5.30694999838488e-06 4.29955446747954e-06 4.12880512499214e-06 3.65897590768327e-06 3.30000310100331e-06 2.93182255575175e-06 2.46412296576182e-06 2.21685002088634e-06 2.56627540693444e-06 3.40289562927865e-06 3.67823512874566e-06 4.16098047253399e-06 4.15831735836036e-06 4.49038404326529e-06 4.78845217912749e-06 4.78520119600034e-06 5.28703183135804e-06 8.069267562405e-06 1.02154493561102e-05 1.07882635916212e-05 1.13909807964774e-05 1.17838931487313e-05 1.26535824279017e-05 1.33757855564909e-05
2.2344316789713e-05 2.00767007527247e-05 1.60184114520234e-05 1.36156873622895e-05 0.000181388032615359 1.34579888253938e-05 1.22639440974126e-05 4.46970268058067e-05 1.18144597990977e-05 1.10945303845256e-05 9.48186842606447e-06 8.92887446752866e-06 7.60006820428316e-06 7.33075090693092e-06 6.9643330107283e-06 6.97764135111356e-06 7.19718203185948e-06 7.00035899967588e-06 6.72011678375384e-06 7.08409247636155e-06 6.5568351942602e-06 5.91976489658919e-06 5.09280707774451e-06 4.89973402295618e-06 5.19969561878497e-06 5.03021047393304e-06 4.69412206030029e-06 4.19642544784438e-06 3.72063313989202e-06 4.3831414586748e-06 4.97629044957648e-06 5.68332628176904e-06 6.80093012306315e-06 7.71044146858912e-06 8.76014895538901e-06 8.80904320865739e-06 8.92230702902452e-06 1.07347239122646e-05 1.13237123514409e-05 1.19838237537806e-05 1.26414267469954e-05 1.30930698105658e-05 1.35122919573405e-05 1.41216903557506e-05 1.47012114211975e-05
2.47958543241111e-05 2.26031074362254e-05 1.82405760824622e-05 1.57534310574192e-05 1.38578031851466e-05 1.43298277862414e-05 1.32875314534431e-05 0.000124898220019531 1.36770282210819e-05 1.1735192811102e-05 9.27048307858058e-05 9.13438209408923e-06 8.25613333290676e-06 7.70523515143395e-06 7.18339414333968e-06 6.99790895168917e-06 7.20050306881603e-06 9.56056680934125e-06 8.28129178671588e-06 7.50610630575466e-06 6.90878806040018e-06 6.55946243455219e-06 6.39856602902e-06 5.82317152293399e-06 5.36331297098513e-06 5.49147703168273e-06 6.5811318336273e-06 6.71519046591129e-06 6.42175444340865e-06 6.65618353536956e-06 8.77333553717108e-06 9.17985331625459e-06 1.00509116919056e-05 1.07643160504267e-05 1.09842107008262e-05 1.21985886153198e-05 1.26679965887888e-05 1.27124731761796e-05 1.41399380709117e-05 1.39876651019222e-05 1.42617697292735e-05 1.47061460211262e-05 1.51860293044592e-05 1.57731120452809e-05 1.62852044923056e-05
2.71322636535842e-05 2.26613588210967e-05 2.12330659451254e-05 1.84858789452846e-05 1.46681014030037e-05 1.85887137604368e-05 1.76445541910653e-05 1.38990186542287e-05 1.41170216579667e-05 4.30467615842645e-05 2.40343297718937e-05 9.96266508082044e-06 9.24125855590319e-06 8.05665720804427e-06 7.23273780636191e-06 7.23268626643403e-06 7.86096618980991e-06 7.84717105943855e-06 7.67680274975646e-06 7.41482994044418e-06 7.89332171962087e-06 6.97748582751956e-06 6.8710928303517e-06 6.77600242511289e-06 6.05499132007026e-06 5.98168148258083e-06 6.14156005553923e-06 7.66471022188853e-06 7.41590718007501e-06 7.4129069389528e-06 6.83074645166926e-06 1.09669491394015e-05 1.15375030190989e-05 1.20054279932447e-05 1.30229799424342e-05 1.3860058948012e-05 1.4504171781482e-05 1.42985233424042e-05 1.5769778383401e-05 1.58817205601736e-05 1.65527682838729e-05 1.63728999723389e-05 1.67777658361956e-05 1.73328487335311e-05 1.82799170488579e-05
2.78898980923259e-05 2.25193796950407e-05 2.14923171824921e-05 1.81787688006807e-05 1.92804377093125e-05 2.12755657912567e-05 1.55071336166657e-05 1.40240920359247e-05 1.41292510647872e-05 1.32288095755939e-05 1.20861325399346e-05 1.07846580363002e-05 9.57402530730178e-06 8.74392251262179e-06 7.3856963297203e-06 7.37321392421109e-06 8.14539108660028e-06 8.33224443681502e-06 8.44840170657335e-06 7.29308010818386e-06 7.25826740222146e-06 7.4057378640191e-06 7.08894204990429e-06 7.23653920431389e-06 8.23626372721265e-06 9.07063488284621e-06 9.36866712208939e-06 9.00202487628121e-06 8.64409124687882e-06 8.89487398580968e-06 8.37682323435729e-06 1.02343726553045e-05 1.31299775944171e-05 1.40284472763597e-05 1.4274061982178e-05 1.51162323390963e-05 1.60558147172196e-05 1.64190702435008e-05 1.73001287066654e-05 1.98147398805304e-05 1.92219563132312e-05 1.8595218534756e-05 1.82933855285228e-05 1.87283684226713e-05 1.96045017446522e-05
3.05831898003817e-05 2.98309979825717e-05 2.61022494214558e-05 2.34652561175608e-05 2.06852766268639e-05 1.75102449020414e-05 1.54929216250821e-05 1.54578564661279e-05 1.53936075435013e-05 1.45913412325172e-05 1.22667740583893e-05 1.11458930859953e-05 1.05129710505025e-05 1.02436821180163e-05 9.20542080393716e-06 7.77513834577803e-06 8.15918612033784e-06 9.61240971264488e-06 9.37520796924218e-06 8.42596536472229e-06 7.40969244361622e-06 6.89475826902708e-06 6.62718632611359e-06 7.48596555126824e-06 8.70552926244272e-06 1.03161555443876e-05 1.07360602783046e-05 1.11741564637668e-05 1.07360422475722e-05 1.08416694274638e-05 1.1382981620045e-05 1.24038551234662e-05 1.42863981636765e-05 1.54495132164811e-05 1.60323928639627e-05 1.6352773059225e-05 1.71520517142199e-05 1.85416079148126e-05 1.99093432001973e-05 1.38295608962835e-05 1.43571654120933e-05 1.62091204401804e-05 1.84955441909551e-05 2.02516939225461e-05 2.06253041824311e-05
4.52601225788385e-05 4.24371746248653e-05 3.60929129328724e-05 3.50544448792789e-05 2.67214996938492e-05 2.25068864210698e-05 1.90566550372751e-05 0.000287233257040498 0.000276100292467163 1.55718699261342e-05 4.64093528989906e-05 1.25229470654631e-05 2.55193773909923e-05 1.13087509816978e-05 9.64845648923074e-06 8.3544434801297e-06 8.493193877257e-06 9.95859963950352e-06 1.04614524389035e-05 9.208000540184e-06 9.23048886534161e-06 7.98881216610425e-06 7.18512668527183e-06 7.20618421610197e-06 8.95037600230353e-06 1.12534883896842e-05 1.07974782849851e-05 1.20239167586078e-05 1.21211437203783e-05 1.25233667517932e-05 1.31390585124791e-05 1.43633711218172e-05 1.57349885057556e-05 1.73328001892514e-05 1.77764381305678e-05 1.82655751359562e-05 1.89446572903762e-05 1.98265252493002e-05 1.44015175692402e-05 1.19542672791795e-05 1.15982805255044e-05 1.45641319818424e-05 1.92111097703673e-05 1.84515077307879e-05 2.17354009464543e-05
4.1403470277146e-05 4.02436316107924e-05 3.82213842385681e-05 3.51412495092518e-05 3.46305285574999e-05 2.61567994584766e-05 0.000350074341986328 0.000118340710287157 0.000176177189132432 1.69421216355659e-05 8.59482633131847e-05 0.000215530551577103 7.55454792397359e-05 1.3782753239866e-05 1.02181782153821e-05 1.01447284009737e-05 8.917627746996e-06 9.96426008441631e-06 0.000176620957063278 1.06182699710189e-05 9.44495532166911e-06 8.92567601340488e-06 8.35232779650141e-06 8.07920410466067e-06 1.01537766681759e-05 1.21207851975669e-05 1.20956529826799e-05 1.26990077092159e-05 1.45968680499209e-05 1.36473342308818e-05 1.54026329710177e-05 1.44676645163599e-05 1.56621704945792e-05 1.75444225533283e-05 1.92130069763152e-05 1.96528458900502e-05 2.02706159370791e-05 1.48671378155996e-05 1.06288434835733e-05 8.98039173193865e-06 9.3225068440006e-06 9.78299964344842e-06 1.49116389479786e-05 2.02768532290065e-05 1.95660657482222e-05
4.04573696414445e-05 3.7344491101976e-05 3.40638550824224e-05 3.02271914733865e-05 2.819169490067e-05 2.70004850790428e-05 2.55001464893212e-05 2.32441274192752e-05 2.0514427001217e-05 1.84461979642947e-05 1.69409209320293e-05 1.5091855141236e-05 1.42805073664931e-05 1.27223309505098e-05 1.0673923725335e-05 1.00201794225541e-05 9.39738571332782e-06 9.79292120746322e-06 1.00721360354328e-05 1.0677031900741e-05 1.11895849840948e-05 1.08469131305355e-05 1.04081667245737e-05 9.50337813492297e-06 1.07408269172993e-05 1.29264597489964e-05 1.33013464164833e-05 1.40804874376954e-05 1.36281344907729e-05 1.38506010330275e-05 1.60774853156909e-05 1.7702079458104e-05 1.79128539457452e-05 1.86326857829044e-05 1.96402081201086e-05 1.69753225918612e-05 1.24446232803166e-05 9.26950127109194e-06 9.22345202525321e-06 9.40340391935024e-06 9.57836977022453e-06 9.71971662124815e-06 1.23114105917921e-05 1.43184665034823e-05 1.91474655139245e-05
3.79896158847259e-05 3.60695185463555e-05 3.36424638589961e-05 3.1820892036194e-05 2.91094179829088e-05 2.71053050028058e-05 2.59011228081363e-05 5.01746438203554e-05 2.07891780974023e-05 1.87217765414971e-05 1.70482656130844e-05 1.56083059323464e-05 1.46076244050164e-05 1.34877422055979e-05 1.22228266718594e-05 1.12590115691091e-05 1.12494310428701e-05 1.13745573798951e-05 1.12457127784182e-05 1.08826660721206e-05 1.09645869429187e-05 1.16435958261718e-05 1.17491956530102e-05 1.0456043855811e-05 1.44692038020366e-05 1.38761379503194e-05 1.41943717153481e-05 1.54062221099593e-05 1.59211301820505e-05 1.63264072170932e-05 1.72345172813948e-05 1.83138996362686e-05 1.94398601024659e-05 3.30026058009025e-05 8.69132301204445e-06 8.62925958813321e-06 8.8617334540686e-06 1.00673659630957e-05 9.34221025090665e-06 9.68136204164693e-06 1.00743144798798e-05 1.04612329892007e-05 1.28324843558403e-05 1.35529116164435e-05 1.53861767216767e-05
3.77704202946916e-05 3.52874799773417e-05 3.27595416365512e-05 3.12749163640547e-05 2.88735202730095e-05 2.65484997271415e-05 2.6257923718731e-05 0.000452116701490013 0.00034651766945899 2.04671206574858e-05 1.85111771543234e-05 1.77880748424286e-05 1.66960008527894e-05 1.55721128862751e-05 1.51774060782373e-05 1.4355428095314e-05 1.34183346403915e-05 1.30638776454362e-05 1.3411815245945e-05 1.33963588496044e-05 1.28848066424325e-05 1.24926965099803e-05 1.28001883126672e-05 1.33638114107271e-05 1.44874325769706e-05 1.51482720411877e-05 1.46793077760776e-05 1.5761293138894e-05 1.7008569511745e-05 1.72295162883529e-05 1.72074118154342e-05 1.47911576505066e-05 1.26594455082341e-05 8.95871443731266e-06 8.793618189884e-06 9.08478999122053e-06 9.27677074855637e-06 9.49897148529999e-06 9.66420220720465e-06 9.96459161797247e-06 1.03300068985845e-05 1.06670520949592e-05 1.43763079904602e-05 1.64053669323039e-05 1.59063512001012e-05
