Scripts_&_data/Maxent_result_files_2/B_niveatus_2.asc
NCOLS 594 
NROWS 330 
XLLCORNER -15 
YLLCORNER 23 
CELLSIZE 0.166666666666667 
NODATA_value -9999 
[rows 200 to 219 of 330, columns 315 to 359 of 594]
-9999 -9999 -9999 0.0174861423671246 0.00263798618834699 0.00236360101116588 0.00147162634602864 0.00141911016762606 0.00133183301513782 0.0169306432828307 0.00712225569004659 0.00197390447501675 0.00737065719731618 0.0203493216773495 0.00772209021961316 0.342416920512915 0.0385458020027727 0.0502233749255538 0.00742316832765937 0.00074498915928416 0.00776298651471734 0.0141149749979377 0.0148031378164887 0.0259480454027653 0.0202142511494458 0.0166991376318038 0.000712619519254076 0.0176644414663315 0.15808807015419 0.0153707655146718 0.0156655005179346 0.0155361856333911 0.0130709225311875 0.0112806469202042 0.0114687693305314 0.00838413019664586 0.00731962812133133 0.00627980306744576 0.0449220895767212 0.059024708904326 0.0988983925431967 0.0877024337649345 0.270031680166721 0.165298739075661 0.177944152802229
-9999 -9999 -9999 -9999 0.00069486085412791 0.0334490747191012 0.0396530263591558 0.00307820170419291 0.00126948449178599 0.00119093787252496 0.00110956567659741 0.00168071500447695 0.0156983705819584 0.019244325812906 0.00158708001217747 0.00483572297089268 0.0309232036117464 0.0061940374376718 0.0254659320227802 0.00208489657379687 0.0161798404529691 0.0147101325914264 0.0264752652496099 0.0296854751184583 0.00732903319876641 0.0123691662214696 0.0067270599771291 0.0192368878051639 0.0223612893372774 0.0168837645091116 0.0184894913807511 0.021007052809 0.0154777590185404 0.0133458122611046 0.0105911994818598 0.00927005340345204 0.00791749297641218 0.00637634312734008 0.00110398838005494 0.00547362342476845 0.0914168249815702 0.230765175819397 0.178013603389263 0.106894024461508 0.215438689291477
-9999 -9999 -9999 -9999 -9999 -9999 -9999 -9999 0.0408240383025259 0.00183744978785398 0.00103792476766102 0.00097120746395376 0.000604369473148836 0.00776776467682794 0.00144123769932776 0.00215186886343872 0.0136459676781669 0.00253934003121685 0.0409854616969824 0.0112784732365981 0.0213890349492431 0.0890957785770297 0.327875073254108 0.024768153205514 0.0299107830971479 0.0206376137211919 0.0213716318830848 0.00144692821922945 0.0307004883885384 0.0842518571764231 0.0176196996122599 0.014924583863467 0.0174648597836494 0.00140709680854343 0.0126017072238028 0.00413756112102419 0.0152187592815608 0.0841651905328035 0.00181491830735467 0.00712047540582716 0.00610607112757862 0.0754749473184347 0.0532433029264212 0.0961409632116556 0.653312373161316
-9999 -9999 -9999 -9999 -9999 -9999 -9999 -9999 -9999 0.00160514121525921 0.0100957047950942 0.00054434162339021 0.000470219546696171 0.000520807433713344 0.132690144330263 0.0094893288332969 0.000532505954106455 0.00575491820927709 0.00148521230439655 0.00898073398275301 0.088430355489254 0.0866966847330332 0.224090674519539 0.287127539515495 0.687439402937889 0.563359695672989 0.413092271983624 0.662002378702164 0.65059922337532 0.546959564089775 0.0339220345020294 0.0249720176681876 0.000924356964969775 0.00683738289517351 0.0135602441150695 0.00240671175415628 0.0143273335881531 0.0157061578705907 0.0106065718457103 0.0102371501270682 0.00690002324990928 0.000332610832992941 0.00432167362887412 0.0731090910732746 0.287286259233952
-9999 -9999 -9999 -9999 -9999 -9999 -9999 -9999 -9999 -9999 -9999 0.0124300332507119 0.000541915868234355 0.000383417436751188 0.010591543186456 0.0623215115629137 0.0202768462244421 0.0377710931003094 0.0429654061794281 0.00796032124198973 0.0169420168735087 0.0311419284902513 0.393468699604273 0.644811636209488 0.813922065496445 0.661404657363892 0.743644940853119 0.856529176235199 0.7457160115242 0.758729803562164 0.671210026741028 0.217182683572173 0.603609699010849 0.0317286668345332 0.0182393103837967 0.0172817954793572 0.00585647893603891 0.0112670410424471 0.00962449219077826 0.00856587537564337 0.0146624405868351 0.00557031431235373 0.00489851464517415 0.00445865006186068 0.14209828004241
-9999 -9999 -9999 -9999 -9999 -9999 -9999 -9999 -9999 -9999 -9999 -9999 0.0101666206028312 0.000752189838385675 0.000625384871455026 0.00577770853415132 0.0173886442556977 0.0380634692497551 0.0427428713068366 0.0426372903399169 0.0421882668510079 0.0254920056089759 0.0122223303187639 0.00289654576336034 0.006784842396155 0.0736562563106418 0.0861218020319939 0.156094359606504 0.243975742161274 0.196465700864792 0.265486124157906 0.389806216955185 0.688822478055954 0.843666517734528 0.034301882609725 0.0245752148330212 0.0548837784677744 0.0206015726551414 0.0126156340353191 0.00226758257485926 0.00357398054329678 0.00228476403281093 0.000551918355631642 0.00168778063380159 0.0555670335888863
-9999 -9999 -9999 -9999 -9999 -9999 -9999 -9999 -9999 -9999 -9999 -9999 -9999 0.00124370733392425 0.0151473856647499 0.00200517449411564 0.017790945712477 0.02643371084705 0.021329148998484 0.0660743458196521 0.0325118266046047 0.0281022013165057 0.0323783875443041 0.0435374876484275 0.0409201262518764 0.0653185896575451 0.0198294393718243 0.0365923387929797 0.0563691975548863 0.121746261417866 0.14030562415719 0.146004556119442 0.262904527783394 0.276451990008354 0.201196524500847 0.0313858112320304 0.0405489328317344 0.0274281110614538 0.0686480756849051 0.00361329079605639 0.019361165817827 0.0109472647774965 0.0114015736151487 0.0167642652057111 0.0141490819863975
-9999 -9999 -9999 -9999 -9999 -9999 -9999 -9999 -9999 -9999 -9999 -9999 -9999 -9999 -9999 0.013877503760159 0.0149332702159882 0.0500256819650531 0.0528860858641565 0.0198749207891524 0.0153010444715619 0.00356877641752362 0.00206556127523072 0.00158614331157878 0.00160945534007624 0.0238745335489511 0.00143454240169376 0.037386867031455 0.0220802219584584 0.00171319946530275 0.00362362470477819 0.0347698712721467 0.74818726181984 0.440049895644188 0.288601557910442 0.0322245194576681 0.0810921933501959 0.42014519572258 0.19230777695775 0.0605889499187469 0.0092804872430861 0.15162720233202 0.0294860633090138 0.088269667327404 0.0147812859155238
-9999 -9999 -9999 -9999 -9999 -9999 -9999 -9999 -9999 -9999 -9999 -9999 -9999 -9999 -9999 -9999 -9999 0.0434582796879113 0.0500916408374906 0.0193246022798121 0.00441734356572852 0.00848006028681994 0.0637149358168244 0.0114821931812912 0.00117135099717416 0.00243811283726245 0.00119182167109102 0.000453400429978501 0.00246881429338828 0.000460721852141432 0.00092610894353129 0.00122390854521655 0.000213720543251839 0.0490722205489874 0.139773031324148 0.136263801902533 0.0786372400820255 0.113091045618057 0.606024658679962 0.499100098013878 0.00976137360557914 0.00379590165102854 0.00506695884978399 0.00328674328047782 0.0657909642904997
-9999 -9999 -9999 -9999 -9999 -9999 -9999 -9999 -9999 -9999 -9999 -9999 -9999 -9999 -9999 -9999 -9999 -9999 -9999 -9999 0.0275298684835434 0.00182136763760354 0.000957291530357907 0.0116724638734013 0.0291639855131507 0.0243840751703829 0.128324046358466 0.0052812120411545 0.0163537885528058 0.0195858838967979 0.0082091863732785 0.00388559219427407 0.00149277775199153 0.000235064791922923 0.00168490069918334 0.0327455546706915 0.123359045386314 0.0908097364008427 0.0258863417431712 0.0198234366253018 0.281173770129681 0.0309608910232782 0.00470256698899902 0.00566607371438295 0.0375448666512966
-9999 -9999 -9999 -9999 -9999 -9999 -9999 -9999 -9999 -9999 -9999 -9999 -9999 -9999 -9999 -9999 -9999 -9999 -9999 -9999 -9999 0.000598765353788622 0.00037317725509638 0.00132448044605553 0.0263280837796628 0.152497605234385 0.0557777523063123 0.130741948634386 0.102557516470551 0.00892486595548689 0.00315349650336429 0.00553492368198931 0.102667046710849 0.0140849393326789 0.00790747320279479 0.00105304779717699 0.00712630960624665 0.0172370317392051 0.130842661857605 0.171371959149837 0.161880969256163 0.0789988912642002 0.06527194455266 0.238435062766075 0.027871095109731
-9999 -9999 -9999 -9999 -9999 -9999 -9999 -9999 -9999 -9999 -9999 -9999 -9999 -9999 -9999 -9999 -9999 -9999 -9999 -9999 -9999 -9999 -9999 0.000122748575813603 0.00131001821428072 0.00131043461733498 0.0475711693055928 0.0859424330294132 0.218797156214714 0.208444491028786 0.141992918029428 0.039665350317955 0.0300004942342639 0.132994766533375 0.0576534528285265 0.211860641092062 0.0180428176186979 0.00134367437567562 0.00701661230996251 0.00595364568289369 0.00913442685268819 0.0026863609906286 0.0230553206987679 0.134683431684971 0.0422251276671886
-9999 -9999 -9999 -9999 -9999 -9999 -9999 -9999 -9999 -9999 -9999 -9999 -9999 -9999 -9999 -9999 -9999 -9999 -9999 -9999 -9999 -9999 -9999 -9999 0.0257888437248766 0.00219657708075829 0.00105128314753529 0.00911719044670463 0.00290454002097249 0.0671408228576183 0.103649911656976 0.00814448178280145 0.00487332523334771 0.0258610952179879 0.00277135198411997 0.0769239401444793 0.0717706050723791 0.0443748049438 0.0197861358523369 0.186146865040064 0.0263218279927969 0.181795799732208 0.191026277840137 0.0256705027073622 0.233562745153904
-9999 -9999 -9999 -9999 -9999 -9999 -9999 -9999 -9999 -9999 -9999 -9999 -9999 -9999 -9999 -9999 -9999 -9999 -9999 -9999 -9999 -9999 -9999 -9999 0.00162623203941621 0.00434811860322952 0.00356699179974385 0.00330218856106512 0.00292008341639303 0.0126470219809562 0.00900753703899682 0.00454432075493969 0.00306018985575065 0.0798044031485915 0.0230368565768003 0.135583259910345 0.0906417842954397 0.0828495532274246 0.0936608716845512 0.135749419033527 0.196011648327112 0.31967318803072 0.222600725293159 0.284554395079613 0.0968663983047009
-9999 -9999 -9999 -9999 -9999 -9999 -9999 -9999 -9999 -9999 -9999 -9999 -9999 -9999 -9999 -9999 -9999 -9999 -9999 -9999 -9999 -9999 -9999 -9999 -9999 0.000424046298940084 8.67244030814618e-05 3.1562601452606e-05 4.38634944657679e-05 0.00100531850766856 0.000684951782750431 4.24121369178465e-05 0.00143044922733679 0.00184352007927373 0.017179767973721 0.0425019973888993 0.00502185974037275 0.0123234459664673 0.274689690768719 0.028109640814364 0.0655261024832725 0.128632020205259 0.209736117720604 0.134660305082798 0.0694813810288906
-9999 -9999 -9999 -9999 -9999 -9999 -9999 -9999 -9999 -9999 -9999 -9999 -9999 -9999 -9999 -9999 -9999 -9999 -9999 -9999 -9999 -9999 -9999 -9999 -9999 6.70874775096308e-05 0.00124668653734261 0.001720836997265 0.0011971031781286 0.00345156126422808 0.00265650812070817 0.000234576344882953 0.00463817761628889 0.00140211055404507 0.00625920828897506 0.00377242631511763 0.0155631558503956 0.0400915235280991 0.037264990247786 0.139928341656923 0.0303427970968187 0.428233897686005 0.0738819308578968 0.197879937291145 0.320275844633579
-9999 -9999 -9999 -9999 -9999 -9999 -9999 -9999 -9999 -9999 -9999 -9999 -9999 -9999 -9999 -9999 -9999 -9999 -9999 -9999 -9999 -9999 -9999 -9999 -9999 -9999 0.00123804663599003 0.00167754653084557 0.0675469142384827 0.0903895602561533 0.11660879291594 0.128308613598347 0.121336089260876 0.0926440246403217 0.00581133708765265 0.00865479904459789 0.0220888919197023 0.0478044020012021 0.0411266101524234 0.0392216609790921 0.305322510004044 0.560241258144379 0.349849426746368 0.523229569196701 0.0174877739045769
-9999 -9999 -9999 -9999 -9999 -9999 -9999 -9999 -9999 -9999 -9999 -9999 -9999 -9999 -9999 -9999 -9999 -9999 -9999 -9999 -9999 -9999 -9999 -9999 -9999 0.00178977106697857 0.00242953349807067 0.0916068809106946 0.225581431388855 0.224383507668972 0.103116112947464 0.0888470984995365 0.0922706887125969 0.0903084203600883 0.0473602697253227 0.112010792270303 0.124260951951146 0.134109546244144 0.114921106398106 0.168816912174225 0.00799966501072049 0.18973910883069 0.074095993489027 0.0322449422441423 0.356327401101589
-9999 -9999 -9999 -9999 -9999 -9999 -9999 -9999 -9999 -9999 -9999 -9999 -9999 -9999 -9999 -9999 -9999 -9999 -9999 -9999 -9999 -9999 -9999 -9999 0.0012374582933262 0.0506726552499458 0.00419323606183752 0.143179431371391 0.0957905538380146 0.0978271871805191 0.407515259087086 0.109141030162573 0.265396046638489 0.084967896528542 0.500376754999161 0.0967944163829088 0.207707740366459 0.220689612627029 0.552230232954025 0.742466628551483 0.243721651285887 0.0299159493297338 0.230386693030596 0.40926565527916 0.200399304181337
-9999 -9999 -9999 -9999 -9999 -9999 -9999 -9999 -9999 -9999 -9999 -9999 -9999 -9999 -9999 -9999 -9999 -9999 -9999 -9999 -9999 -9999 -9999 -9999 0.00703367634268943 0.0445578874263447 0.178382683545351 0.345381335169077 0.211926516890526 0.103531376644969 0.274324119091034 0.160971723496914 0.156950207054615 0.192048978805542 0.525476440787315 0.0385235721245408 0.324738757312298 0.282090923190117 0.33562199473381 0.213338170945644 0.578826731443405 0.363517311215401 0.217234773933887 0.151268324255943 0.0487300881184638
