Scripts_&_data/Maxent_result_files_2/B_niveatus_2.asc
NCOLS 594 
NROWS 330 
XLLCORNER -15 
YLLCORNER 23 
CELLSIZE 0.166666666666667 
NODATA_value -9999 
[rows 300 to 319 of 330, columns 270 to 314 of 594]
1.16089533719332e-06 1.45991817817048e-06 1.47214607579826e-06 1.3415660504279e-06 2.12334412026394e-05 4.27145249091154e-06 1.16849164726318e-06 1.28466068076705e-06 1.39092228153004e-06 1.3192115631e-06 1.16953322333302e-06 1.34499333626081e-06 1.79519072958101e-06 2.43119472997932e-06 2.31820999658794e-06 2.27868883939664e-06 1.32425556103044e-05 2.21832520310272e-05 9.70919334974951e-07 4.31149240398554e-07 2.47041571554973e-07 -9999 -9999 -9999 4.81735894481972e-06 2.90864358589715e-06 -9999 -9999 -9999 -9999 -9999 -9999 3.00761526546012e-06 9.352519768413e-07 2.40517113979877e-05 4.78618036936496e-06 4.44537334942652e-06 0.000223791759344749 0.000503780922736041 4.20242229665746e-05 5.92274788004943e-06 6.84039185898655e-06 4.73236970719881e-05 0.000117842106374155 4.78588989949458e-06
1.10397495944881e-06 1.18722332729249e-06 1.46031055123785e-06 1.39384062833869e-06 8.83943271219323e-06 4.83240702919829e-06 1.12472735622759e-06 1.25365410497125e-06 1.28009615991687e-06 1.38127450384218e-06 1.16581990425857e-06 1.00447132922454e-06 1.08131716842763e-06 2.07534798448705e-06 1.67793445200459e-06 1.90366717163215e-06 2.21990836735131e-06 1.36967022854151e-05 1.30107729319207e-06 6.75747379830227e-07 4.19148476993314e-07 -9999 -9999 -9999 -9999 -9999 -9999 -9999 -9999 -9999 -9999 -9999 -9999 2.95014915252523e-07 7.58627709274151e-06 2.1191026149836e-06 1.64527380093205e-05 0.000134084726596484 3.41644678883313e-05 0.000201850540906889 0.000210856832927675 0.000229331806986011 0.000154744544852292 6.40314204929382e-06 4.66392409634864e-06
1.08146655861674e-06 1.08011997639323e-06 1.19202223203274e-06 1.4029862256848e-06 1.53401628608663e-05 4.72356842919908e-06 1.12904044016204e-06 1.23984074491545e-06 1.30602330727925e-06 1.32440061406669e-06 1.2317056473421e-06 9.65921879014786e-07 8.57898758965803e-07 1.51551256237781e-06 1.43915481203294e-06 1.61589450726751e-06 1.69364633109126e-06 1.97976486049356e-06 1.54111407368873e-06 7.29737283222676e-07 4.67592700914565e-07 -9999 -9999 -9999 -9999 -9999 -9999 -9999 -9999 -9999 -9999 -9999 -9999 2.70403263016306e-06 1.14515826680872e-05 6.92348319830671e-07 1.20678395774121e-06 1.73591679129004e-06 7.57749328386126e-06 7.56370677663654e-05 0.000148199241084512 0.000341431474225828 0.00109110063349362 0.000256740536860889 0.000123470684229687
1.09901353084751e-06 1.09288290985887e-06 1.11289238162726e-06 1.18913880555738e-06 4.5799971701399e-06 5.6322258842556e-06 1.90507966522091e-06 9.21720894098144e-07 1.034414390233e-06 9.60582971742952e-07 1.33021809460843e-06 1.1578224217601e-06 8.63953097507419e-07 8.75976378722498e-07 1.29529628623004e-06 1.59643483357286e-06 1.58668583196686e-06 1.52362404151063e-06 1.68696680873381e-06 8.22166488489984e-07 5.14297462217428e-07 3.06915414682862e-07 -9999 -9999 -9999 -9999 -9999 -9999 -9999 -9999 -9999 -9999 -9999 -9999 4.66479033320866e-06 2.50165912234479e-06 2.29969727456591e-06 9.46335016749345e-07 5.30739376927158e-06 3.62627944468841e-05 0.000238097526744241 0.000395341297553387 0.000831210604519583 0.000217055414395873 0.000163890250951226
1.14309767411669e-06 1.06716621530722e-06 1.09895104998259e-06 1.12890603958249e-06 2.25428605915567e-06 3.911582945193e-06 1.14582455069012e-05 9.63294537541515e-06 7.19027255513538e-07 7.16045526871767e-07 1.251867658425e-06 1.29787169669271e-06 1.18561693227548e-06 1.04960428757295e-06 1.15104060967042e-06 1.55506560020058e-06 1.48679287121922e-06 1.12435866697069e-06 1.16746260800937e-06 1.26948565366547e-06 6.18998345203181e-07 4.38126461688171e-07 9.90248531174132e-08 -9999 -9999 -9999 -9999 -9999 -9999 -9999 -9999 -9999 -9999 -9999 -9999 1.4646388599715e-07 3.61608935151025e-07 5.80381644965655e-07 6.78030799861062e-07 8.13755352737644e-06 0.000175598619171069 0.000168118674810103 0.000256413179886295 0.000203690080161323 0.000496983542689122
1.13329648741001e-06 1.1102312754474e-06 1.08239562592871e-06 1.10890146487463e-06 7.96413554837727e-07 6.67123896391786e-07 6.46321061026356e-07 8.45630291905763e-06 2.95900070454991e-06 6.59757678533879e-07 7.89640168363803e-07 1.2294662298018e-06 1.24652060264907e-06 1.31132925389466e-06 1.33291524662127e-06 1.43256665978697e-06 1.12423569333941e-06 1.21743674554864e-06 1.00287365683016e-06 1.24819810309873e-06 1.22812949143736e-06 6.60587295442383e-07 1.85466883451113e-07 -9999 -9999 -9999 -9999 -9999 -9999 -9999 -9999 -9999 -9999 -9999 -9999 8.8917886245099e-07 1.85810117514507e-07 3.3783512520813e-07 4.93105348198242e-07 6.23893956230859e-07 2.11420684195218e-06 6.25733555352781e-06 7.4340304990983e-06 0.000144394392918912 0.00085325774125522
1.2113599026975e-06 9.89428703235262e-07 8.81009798092691e-07 8.61431404075574e-07 7.78693377867512e-07 7.03909392996138e-07 6.83610618068542e-07 2.87639680323082e-06 1.34831767354626e-05 1.50434149759349e-06 6.61078921382341e-07 9.72506593654998e-07 1.21794634537764e-06 1.18699420568191e-06 1.41139354639108e-06 1.56007135672098e-06 7.99702397102919e-07 1.02636682441926e-06 1.13143767919155e-06 4.25266944148461e-06 1.29863330755597e-06 8.98168408980382e-07 3.1281205679079e-07 1.03885822433369e-07 -9999 -9999 -9999 -9999 -9999 -9999 -9999 -9999 -9999 -9999 -9999 -9999 1.36487093129745e-06 2.40484001068353e-07 2.77550762461942e-07 3.75614524728007e-07 6.05655651497727e-07 7.41636051770911e-07 7.33079654310131e-05 7.77733635004552e-06 0.000764794544375036
1.17236181722546e-06 8.1704884564715e-07 8.0747825279559e-07 7.84069841586188e-07 7.45491500708795e-07 7.00054476965306e-07 6.80059474689188e-07 6.14141430332893e-07 5.4154373287929e-06 5.42324618209022e-06 1.47951771225507e-06 6.31715619192619e-07 1.25021725239094e-06 1.41176805925625e-06 1.57248319396786e-06 1.05406432453492e-06 6.80230483851574e-07 6.66048904918171e-07 1.10222239300128e-06 2.88010986650988e-06 5.43349049166864e-06 8.087660191336e-07 3.56385104538504e-07 1.50763645763163e-06 -9999 -9999 -9999 -9999 -9999 -9999 -9999 -9999 -9999 -9999 -9999 -9999 -9999 9.08304556901385e-07 2.17022082438234e-07 2.81933869672457e-07 3.44794661089054e-07 5.73138900250569e-07 8.73681383382063e-06 0.000112983625513152 0.000123875209465041
1.18681729759373e-06 8.47573059559181e-07 8.1829684575041e-07 7.96676405911967e-07 6.85229049679492e-07 6.12926487519871e-07 6.23067029437152e-07 5.74118570284554e-07 1.51241423509418e-06 2.7901600617497e-06 3.32996687291143e-06 1.45533929583053e-06 1.1092530598944e-06 1.42091749921747e-06 1.59058102440213e-06 1.28981351679158e-06 6.62808973217466e-07 1.11094762900166e-06 1.30472770365486e-06 1.05984351250754e-06 7.15327594491555e-07 5.60919541214844e-07 4.13797332754484e-07 2.35406388640058e-06 -9999 -9999 -9999 -9999 -9999 -9999 -9999 -9999 -9999 -9999 -9999 -9999 -9999 -9999 9.51360178191862e-08 2.18146835706534e-07 2.74457140392315e-07 4.02455820847081e-07 1.43141289754567e-06 6.82347815654794e-06 2.50547852829186e-05
1.21781433222168e-06 9.02627290599867e-07 8.14807985705102e-07 7.54770466926402e-07 7.09768767137575e-07 5.67536494600063e-07 5.02201275054404e-07 4.98180943253601e-07 5.41699009914964e-07 7.17976796238418e-07 7.91545783158654e-06 2.89332592728897e-06 7.52767552114619e-07 1.13929242502309e-06 1.56088753442418e-06 7.98625541165165e-07 6.65463392124366e-07 6.62385961902601e-07 8.93872123697292e-07 1.16572504538226e-06 6.26906232525926e-07 5.04872039641668e-07 7.54210112745568e-06 1.53443858721403e-06 8.62810464186126e-09 -9999 -9999 -9999 -9999 -9999 -9999 -9999 -9999 -9999 -9999 -9999 -9999 -9999 4.65391967452433e-07 1.41449704216257e-07 2.38986203271452e-07 3.18043745295427e-07 5.26675708556468e-07 5.63661275009508e-05 5.446766112982e-06
9.3416767299459e-07 7.55905209359753e-07 6.95644590109623e-07 6.65072271033296e-07 6.38572664968251e-07 5.87678117369705e-07 4.29497264065049e-07 4.49545002112473e-07 4.66787111008671e-07 7.20588965918978e-07 1.74015949028217e-06 9.10774891735855e-06 5.56507923761274e-06 1.42035608234892e-06 1.69828038565356e-06 2.73084262971679e-06 2.41846859694306e-06 7.0663240805402e-07 9.72497100804048e-07 1.0697003872906e-06 5.88245461585757e-07 4.81407194286021e-07 4.72455062094923e-07 3.26988626397906e-07 1.09638300216375e-07 -9999 -9999 -9999 -9999 -9999 -9999 -9999 -9999 -9999 -9999 -9999 -9999 -9999 -9999 5.60619947798102e-08 1.45606759360817e-07 2.108418250657e-07 2.83327749883711e-07 5.68952020785218e-07 2.39857710653268e-06
7.06052382781763e-07 7.07505991925927e-07 7.26548168472618e-07 6.40490796399718e-07 5.53331791053324e-07 5.17902913088619e-07 4.78757404920316e-07 4.58729924446288e-07 4.32397394689588e-07 6.25537639109552e-07 8.04045762947681e-07 1.55416645100104e-06 7.03666646586498e-06 6.04567642525922e-07 5.5902287670051e-06 3.18698197929734e-06 2.50396061289848e-06 1.36789870452958e-06 5.56343724866792e-07 6.74116427035187e-07 8.53530700339888e-07 6.78866653913701e-07 4.37235473782493e-07 3.87335337137529e-07 1.96625315140864e-07 4.06017325094155e-08 -9999 -9999 -9999 -9999 -9999 -9999 -9999 -9999 -9999 -9999 -9999 -9999 -9999 6.36314181234887e-08 6.14158135903153e-07 1.04612970375229e-07 1.51571047624088e-07 2.65161003909498e-07 9.00751552990187e-06
7.58539380996126e-07 7.65941493341415e-07 7.0396802627215e-07 6.75750351319948e-07 7.15937988360338e-07 4.69434714744921e-07 4.70999783885873e-07 5.17962441648478e-07 4.96246322256866e-07 6.30564842651893e-07 7.74128717750955e-07 7.37211065882093e-07 7.39131223781442e-07 4.40483282204696e-06 2.34658485283035e-06 6.85164150127093e-07 1.97191657704821e-06 2.31689484451181e-06 5.16635319414149e-07 5.53373441647409e-07 9.08506463304093e-07 7.56506680943403e-07 4.35677412014002e-07 3.65517547606942e-07 2.61390303535336e-07 8.38174349482301e-08 -9999 -9999 -9999 -9999 -9999 -9999 -9999 -9999 -9999 -9999 -9999 -9999 -9999 -9999 3.12891674525417e-07 4.34313979447154e-08 8.8417512245087e-08 1.81813062738456e-07 2.2906702916714e-07
7.2977860128276e-07 7.08271518590209e-07 6.66689160055967e-07 6.61998408446607e-07 6.80288182053346e-07 4.49628176824035e-07 5.10077583726343e-07 5.62490584599118e-07 5.27231446767473e-07 6.54325270232903e-07 7.82563657253377e-07 7.8085860337751e-07 7.61980959396169e-07 7.57769723236379e-07 8.0496820658027e-07 1.60255401482345e-06 2.53373194993856e-06 5.56262576623112e-07 5.74869540770351e-07 6.87467970550415e-07 9.47369819925825e-07 7.68958274477427e-07 5.7429887476701e-07 2.92640148558121e-07 3.00285550025592e-07 1.78962001839977e-07 4.75536359623163e-08 -9999 -9999 -9999 -9999 -9999 -9999 -9999 -9999 -9999 -9999 -9999 -9999 -9999 -9999 4.30416989871674e-07 5.30635865914064e-08 1.09806054204853e-07 1.8748293086901e-07
7.81281954687074e-07 6.63475045570294e-07 6.65372682817633e-07 6.40986608146932e-07 6.63616999929673e-07 3.6411930182112e-07 4.29607315766134e-07 6.06559126481443e-07 4.85113228876344e-07 4.25557134065002e-07 5.00924370072653e-07 5.15637831455251e-07 6.1232544936729e-07 7.41277952442942e-07 2.82964952589282e-06 2.01817921663405e-06 2.67716029327403e-06 9.92669697552628e-07 1.04999316477006e-06 8.35741069238338e-07 8.98149218642175e-07 6.97273532068721e-07 5.82442696384078e-07 3.18024287793151e-07 4.58195879815548e-07 3.23312923455887e-07 1.41395219799279e-07 2.79005613279537e-08 -9999 -9999 -9999 -9999 -9999 -9999 -9999 -9999 -9999 -9999 -9999 -9999 -9999 -9999 1.43035481592335e-07 5.82967711437732e-08 1.28289624079514e-07
6.90821975979361e-07 6.66552352512895e-07 6.59940199554399e-07 2.38903239448973e-06 6.61838844706608e-07 3.03020782155272e-07 3.36464035299855e-07 4.92456091194526e-07 5.10576167300769e-07 4.29299393900351e-07 3.90892683554966e-07 4.53047989168454e-07 7.20531343745279e-07 7.36990436678298e-07 2.70102506192416e-06 2.26630695436825e-06 5.61243886920693e-07 9.30701021673031e-07 8.00221900476572e-07 7.78345547303161e-07 7.67664710110694e-07 6.6994228546946e-07 5.63614035087312e-07 4.15767530625999e-07 4.03144003513489e-07 2.91658384554694e-07 2.07344639946427e-07 7.66447282529725e-08 -9999 -9999 -9999 -9999 -9999 -9999 -9999 -9999 -9999 -9999 -9999 -9999 -9999 -9999 1.33346338504481e-07 3.7653150464223e-08 7.03125778045432e-08
6.45086435469011e-07 6.76084628281615e-07 6.56622342987134e-07 1.16815379982427e-06 6.50990315520517e-07 3.56588565963989e-07 3.07232977547756e-07 3.89157214186753e-07 5.63121762908736e-07 6.28123208201714e-07 5.2945116202352e-07 5.57409263990394e-07 6.99153152083909e-07 1.2270374938339e-06 1.36119152926995e-06 1.13094108655787e-07 6.31096082504001e-08 4.10329714384261e-07 4.72381874772054e-07 6.69918514972778e-07 7.34056527562643e-07 6.53816481133163e-07 6.05435018741218e-07 5.0080773235095e-07 4.50955549524679e-07 3.67024463798771e-07 3.02332633594915e-07 1.48458654436467e-07 1.35715069959907e-08 -9999 -9999 -9999 -9999 -9999 -9999 -9999 -9999 -9999 -9999 -9999 -9999 -9999 -9999 2.17906461230655e-07 4.13349135808261e-08
6.83616696051104e-07 6.76700475921166e-07 6.51607891910544e-07 6.18480360969897e-07 6.39406616187443e-07 6.49143063569113e-07 3.397332534405e-07 3.94846956552897e-07 5.40458056619286e-07 6.71634506232976e-07 6.72312666694097e-07 7.46512179716774e-07 7.69631949992799e-07 8.8461686118535e-07 6.0854826919865e-07 5.20313467688993e-07 1.82206099381688e-06 1.36170772577771e-06 7.42960763489009e-07 4.8199675717342e-07 8.12176321574043e-07 7.01383871160033e-07 5.79890604512912e-07 4.60596960039084e-07 5.32288768795297e-07 3.6858803369455e-07 2.84673543404779e-07 3.41230980325236e-06 7.7361887029781e-08 -9999 -9999 -9999 -9999 -9999 -9999 -9999 -9999 -9999 -9999 -9999 -9999 -9999 -9999 -9999 2.1966001240159e-08
6.86651268821947e-07 6.61458740580656e-07 6.46232729195617e-07 6.20087967106997e-07 6.44800883620178e-07 6.55212106437375e-07 6.70873348695977e-07 4.06103126593393e-07 5.94503120154855e-07 6.91488142123831e-07 7.69218982554776e-07 6.51736769441413e-07 9.24408755054174e-07 1.27292653786526e-06 6.40639531468423e-07 5.51546275673331e-07 2.62078630726137e-06 6.65952033784833e-07 7.5107210477654e-07 6.16395418262528e-07 6.98722368497329e-07 6.50587101347355e-07 5.3969889961536e-07 4.20338995610336e-07 5.69289783669547e-07 5.01675027919646e-07 2.83268086320732e-07 2.00788743143221e-07 1.3917778964867e-07 2.19282291435974e-08 -9999 -9999 -9999 -9999 -9999 -9999 -9999 -9999 -9999 -9999 -9999 -9999 -9999 -9999 1.65568548204931e-08
6.79923032720353e-07 6.54760908957996e-07 6.42211564994e-07 1.04873275432738e-06 6.54365425134529e-07 6.54442196434957e-07 6.67251112673739e-07 5.25431509146301e-07 5.68705173975559e-07 6.53091279190221e-07 8.89666780778953e-07 1.00797264082075e-06 1.2739118119498e-06 1.27030529313288e-06 6.81793098777916e-07 5.11386484802756e-07 3.93209206706047e-07 5.36369828978422e-06 5.66654154710022e-07 5.86862710605374e-07 5.82098165580192e-07 5.89867259748189e-07 5.15972303105627e-07 5.00721743890153e-07 4.97044366909449e-07 4.78465590703081e-07 3.56925904299032e-07 2.88851037311133e-07 1.86015895664582e-07 6.07150102638343e-08 -9999 -9999 -9999 -9999 -9999 -9999 -9999 -9999 -9999 -9999 -9999 -9999 -9999 5.09588508279535e-08 1.16564654817353e-08
