Scripts_&_data/Maxent_result_files_2/B_niveatus_3.asc
NCOLS 594 
NROWS 330 
XLLCORNER -15 
YLLCORNER 23 
CELLSIZE 0.166666666666667 
NODATA_value -9999 
[rows 140 to 159 of 330, columns 45 to 89 of 594]
0.00200529356952757 0.0016398744948674 0.00155535293160938 0.00147841136786155 0.00196138604078442 0.000946491843205877 0.00104301399551332 0.00175659460364841 0.00179750204551965 0.000852594070602208 0.000682706845691428 0.00035752523544943 -9999 -9999 -9999 -9999 -9999 -9999 -9999 -9999 -9999 -9999 -9999 9.10434059733234e-06 0.00186489877523854 0.00131660278711934 0.00133785017533228 0.00215099535416812 0.0034766752505675 0.00405677363742143 0.00450463911984116 0.00242702084360644 0.00354981621494517 0.00249589481391013 0.00251155699370429 0.000519470722792903 0.000833739773952402 0.000733613615739159 4.63443057014956e-05 -9999 -9999 -9999 -9999 -9999 -9999
0.0015955364331603 0.00149354480090551 0.00147004920290783 0.0016678650281392 0.00214562087785453 0.00215142130618915 0.00197652603965253 0.00255476160673425 0.00171003131545149 0.00128133890102617 0.00108346762717702 0.000179108285374241 -9999 -9999 -9999 -9999 -9999 -9999 -9999 -9999 -9999 -9999 -9999 -9999 0.00198342516086996 0.00168697385524865 0.00127796070592012 0.0015279654355254 0.00371875426499173 0.00520575509872287 0.0053658266318962 0.00304754556855187 0.00158667391515337 0.00181739167892374 0.00311813494190574 0.0032478186651133 0.00366760602919385 0.00136961684329435 0.00218524691881612 0.00236111486447044 0.00211008929181844 0.000375358959718142 -9999 -9999 -9999
0.000712736116838641 0.00150829423218966 0.00166547753615305 0.0017820865905378 0.00168272050214 0.00148014037404209 0.00213001115480438 0.00290282709756866 0.00208862330182455 0.000142282506021729 -9999 -9999 -9999 -9999 -9999 -9999 -9999 0.00026998112880392 7.69560814660508e-05 -9999 -9999 -9999 -9999 -9999 -9999 0.00164288858650252 0.00297831508796662 0.00214213430299424 0.00635345284827054 0.00529761121142656 0.00457905675284564 0.0041786135872826 0.00511799429077655 0.00344602417899296 0.00188819771283306 0.00378092579776421 0.00337183444062248 0.00206907599349506 0.00130030231084675 0.00237684188759886 0.00193000700091943 0.00091224359057378 0.000336519991105888 -9999 -9999
0.00122098662541248 0.00179555602371693 0.00150414551026188 0.00148570258752443 0.00147857480915263 0.00188902611844242 0.00189669617684558 0.00105644823343027 0.00026597063842928 -9999 -9999 -9999 -9999 -9999 -9999 -9999 -9999 -9999 -9999 -9999 -9999 -9999 -9999 -9999 -9999 -9999 -9999 -9999 0.00185041684890166 0.00434485680889338 0.0043196577578783 0.00653288029134274 0.00555521249771118 0.00165688237757422 0.00240666099125519 0.00292701092548668 0.00328614348545671 0.00345222835894674 0.00382008086889982 0.00191556757199578 0.00486197534482926 0.000651113511412404 0.000256694425115711 0.000526539709244389 -9999
0.00155760649358854 0.0017100005352404 0.00151956484187394 0.00160158734070137 0.00166336979018524 0.00177230523549952 0.00109182592132129 -9999 -9999 -9999 -9999 -9999 -9999 -9999 -9999 -9999 -9999 -9999 -9999 -9999 -9999 -9999 -9999 -9999 -9999 -9999 -9999 0.000112508649726806 0.00468899367842823 0.00394392717862502 0.00623293269891292 0.00644204986747354 0.00544593187514693 0.00516120765823871 0.00331787836039439 0.00464108611922711 0.00251086504431441 0.00434213110711426 0.00031830553925829 0.00367712208535522 0.0006324650865281 0.000254768313607201 0.000303358545352239 0.00193931434769183 -9999
0.000758093487820588 0.00126535603776574 0.000639213903923519 0.00147276914212853 0.00184683063998818 0.0016293297871016 0.00149049271713011 -9999 -9999 -9999 -9999 -9999 -9999 -9999 -9999 -9999 -9999 -9999 -9999 -9999 -9999 -9999 -9999 -9999 -9999 -9999 -9999 0.00136156748048961 0.00480869552120566 0.00797839486040175 0.0108531643636525 0.00520679319743067 0.00250790615100414 0.00310789867071435 0.00208579788450152 0.0172098844777793 5.79432489530518e-05 2.78916656725414e-05 0.000213866895501269 0.000129411164380144 0.00220365322893485 0.0014921190100722 0.000192135226279788 7.72048862017982e-05 0.000369331924594007
0.000769113443675451 0.00106903612613678 0.00126001191674732 0.00167297262232751 0.00153382158023305 0.00148440529010259 0.00131652110721916 0.00102466876851395 -9999 -9999 -9999 -9999 -9999 -9999 -9999 -9999 -9999 -9999 -9999 -9999 -9999 -9999 -9999 -9999 -9999 -9999 -9999 0.000471838355588261 0.00208955593407154 0.00236018486320972 0.0122053275816143 0.029020542325452 0.00982696046121418 0.00243569270242006 0.0026969995116815 0.000175984706584131 0.000163384908591979 4.84287199469691e-05 4.94873386912786e-05 0.00121152310748585 0.00112382703518961 0.000195873502798349 0.000632276549004018 0.00015419235205627 3.06948212937641e-05
0.000930729796527885 0.000888981742900796 0.00131432944908738 0.00120270918705501 0.00116538487491198 0.00146249703248031 0.000778206216637045 4.42591993305541e-05 -9999 -9999 -9999 -9999 -9999 -9999 -9999 -9999 -9999 -9999 4.3188815106987e-05 -9999 -9999 -9999 -9999 -9999 -9999 -9999 0.00029549492028309 0.11422864543274 0.000105492378133931 0.00102812088152859 0.000505978534056339 0.382100378489122 0.012518075783737 0.00451878926251084 0.00290509751066566 0.0015795846527908 0.000360654577525565 7.53557856398857e-06 0.000199523258925183 0.000294583964569028 0.000195503019494936 0.000315988139482215 0.00168723144452088 0.000459357144427486 0.000306441972497851
0.00136521857348271 0.00114133648457937 0.00111520141363144 0.00105200711113866 0.00121206587646157 0.00124521116376854 0.000709161712438799 0.00229459097026847 -9999 -9999 -9999 -9999 -9999 -9999 -9999 -9999 -9999 -9999 0.000859718336141668 0.0010692594689317 0.000348875677445903 4.71163900328975e-05 0.000127797449204081 0.000574463250814006 0.00263081209268421 0.000856392673449591 0.000700908192084171 0.000691958173410967 0.000450291245942935 0.00439747085329145 0.00538432898465544 0.00552385326009244 0.00655051295179874 0.00496837312821299 0.00683307421859354 0.0043134753126651 0.000255046211896115 0.000963519240031019 0.000462121177406516 0.000268087918811943 0.000322131055872887 2.42925961060791e-05 0.00031922051566653 0.00399505842942745 0.000339605528279208
0.000981061207130551 0.0010241380892694 0.00094287890533451 0.000819807089283131 0.00119937627459876 0.0005376710643759 0.000694228983775247 0.000739860045723617 0.000151466421084478 -9999 -9999 -9999 -9999 -9999 -9999 -9999 -9999 -9999 -9999 0.000970792834414169 0.00100518462131731 0.000978084912640043 0.00212907819077373 0.00105354919214733 0.00199225839460269 0.00218472062260844 0.00245169887784868 0.00270929472171701 0.00560937498230487 0.00798606504686177 0.0037871116772294 0.00204785921378061 0.00616229486186057 0.00652778106741607 0.00785811031237245 0.00522057542111725 0.00142566191789228 3.951106311888e-05 2.94219223405889e-05 0.000297082209726796 0.000333568378118798 0.000330810197920073 0.000309684078820283 0.000297738812514581 0.00028619673976209
0.00118234839756042 0.000933630068902858 0.000738082214957103 0.00118291288381442 0.000924809771822765 0.000960388919338584 0.000734570063650608 0.000767963691032492 4.55642284578062e-05 -9999 -9999 -9999 -9999 -9999 -9999 -9999 -9999 2.80297528661322e-05 1.89251353276632e-05 4.99754309203126e-05 0.00105672582867555 0.00136807935195975 0.00123929007095285 0.00190581656061113 0.00205384038272314 0.0018078256805893 0.00254038301063701 0.00499997631413862 0.00461919839726761 0.00584260255564004 0.00532604168402031 0.00313450339017436 0.00638081789948046 0.00649765271227807 0.00559800167102367 0.00195270326803438 0.000129843505419558 1.07085093237202e-06 7.53725104232217e-06 0.000323959544766694 0.000658155886048917 0.000108566207018157 0.000340673747268738 0.000351137585676042 0.000128780039085541
0.00125780911184847 0.00117669616010971 0.000782199983950704 0.000921093090437353 0.000727986521087587 0.000787966520874761 0.000787367433076724 0.000746144956792705 -9999 -9999 -9999 -9999 -9999 -9999 -9999 -9999 -9999 -9999 -9999 -9999 6.92485133185983e-05 0.000634691605227999 0.00142194444779307 0.00131733945163433 0.00128243359504268 0.00408940622583032 0.00358349855523556 0.00462457626126707 0.00087724624609109 8.48850611873786e-05 0.000266471189570439 0.00586908496916294 0.000321155776327942 0.000280433193984209 0.000813829543767497 1.73857392155696e-05 0.000624278734903783 0.000516107356816065 0.000665658502839506 0.000509184091060888 0.000210711465479108 0.000234018811170245 0.000261235968355322 0.000285249154694611 0.000163073685689596
0.00135767628089525 0.00130656685796566 0.000975996442139149 0.000917689659399912 0.000571051353472285 0.000954009435372427 0.000736848922679201 0.000121220824439661 -9999 -9999 -9999 -9999 -9999 -9999 -9999 -9999 -9999 -9999 -9999 -9999 8.07231022918131e-05 0.00140968371415511 0.00254438201081939 0.00270399476285093 0.00410525423940271 0.00425945920869708 0.00455263149924576 0.00324911708012223 0.00412834632443264 0.00290153056848794 0.000722570068319328 0.000338737187121296 0.00379795331391506 0.000138790474193229 3.03721963419434e-06 5.1418353086774e-05 3.08872938830973e-05 9.10369367375097e-05 1.59799672090344e-05 0.0017668459797278 0.000116470431385096 8.90010203875136e-05 0.000345431993628154 8.47414549980385e-06 0.000316994098102441
0.00109552474459633 0.0010012275975896 0.000923196831718087 0.000713306674151681 0.00083351205685176 0.0006750104483217 5.65902433663723e-05 -9999 -9999 -9999 -9999 -9999 -9999 -9999 -9999 -9999 -9999 -9999 -9999 -9999 4.63667436633841e-05 0.00216756352456287 0.00177321657247376 0.00364961384329945 0.0035706392955035 0.00325993107398972 0.00359945081872866 0.00303317389916629 0.00349866860779002 0.00383218924980611 0.00198041821713559 0.000330623572517652 0.000317555343644926 4.58260922187037e-05 8.47628081999119e-06 1.17917839645543e-05 8.41909713500399e-06 0.000248646625186666 0.00030072754889261 0.00030485545139527 5.69443807762582e-05 0.000845583551563323 0.000369736978609581 0.00031457711593248 0.000347600704117212
0.000896254571853206 0.000844074290944263 0.000458675778645556 6.15071856373106e-05 5.61595699764439e-05 0.000498495323699899 2.04529493203154e-05 -9999 -9999 -9999 -9999 -9999 -9999 -9999 -9999 -9999 -9999 -9999 -9999 1.835784182731e-05 0.00149860676610842 0.00225563054555096 0.00201058976817876 0.00270727730821818 0.00446210075169802 0.00339965138118714 0.00396908917464316 0.0038836907595396 0.00382440368412063 0.00496080799493939 0.00421040285145864 0.000106902701372746 0.000162557014482445 0.000690957534243353 0.000597528461366892 6.44038385871681e-05 0.000275982214952819 0.00175509552354924 0.00031459451711271 9.2413433492311e-06 6.74452251587354e-05 0.000146380818114267 0.000374420694424771 0.00157232312485576 0.000200101407972397
-9999 -9999 -9999 -9999 -9999 -9999 -9999 -9999 -9999 -9999 -9999 -9999 -9999 -9999 -9999 -9999 4.89251267936197e-05 0.000847732403781265 0.000996224378468469 0.00164919519447722 0.00191804774804041 0.00189161085290834 0.00172649456653744 0.00302508230088279 0.00409114226931706 0.00392807493917644 0.00375379256438464 0.00331582864746451 0.00132738076208625 0.00306816542288288 0.00314517037477344 0.000237433440634049 0.000306160116451792 0.000200775336270453 0.000289797808000003 0.000301600189777673 0.000173315443316824 0.000279036312713288 0.000272961938753724 0.000344520592625486 3.24467394932526e-05 0.000179216224569245 5.14970492986322e-05 0.000347523989330512 0.000366927382128779
-9999 -9999 -9999 -9999 -9999 -9999 -9999 -9999 -9999 -9999 -9999 -9999 -9999 -9999 0.000491373174008913 0.000716105112223886 0.000889136921614408 0.00107027622871101 0.0012577690242324 0.00146944110747427 0.00166891110129654 0.00223154118284583 0.00230188352288678 0.0029828138765879 0.00269212244311348 0.00250103088328615 0.00165877768304199 0.00401202201610431 0.00377823571907356 0.00157472105929628 0.00190054912818596 0.000122851073319907 0.000643000955460593 0.00393392913974822 0.000257689930003835 0.000207499325915705 0.000237595817452529 0.000322097301250324 0.00059898643521592 0.00643432782962918 0.000136869851849042 5.43491059488588e-05 9.37896056484533e-05 0.000409408278574119 0.00447016451507807
-9999 -9999 -9999 -9999 -9999 -9999 -9999 -9999 -9999 -9999 -9999 -9999 -9999 -9999 0.000232281771604903 0.000355814788781572 0.000718130255700089 6.45044578050147e-05 2.55818706136779e-05 0.0013049125962425 0.00136261213920079 0.00158742272760719 0.00077061956981197 0.000551325501874089 0.000746744382195175 0.00183715429739095 0.000748828033101745 0.00402193731861189 0.00411493602441624 0.000481877444690326 0.000252964129686006 0.00309095638804138 0.00255227169254795 0.00130010925931856 0.000252637311496073 0.000302566424215911 0.000153453431266826 1.68817743826821e-05 0.0044814990600571 0.000290991961810505 0.00121293253032491 0.00190434894757345 0.000225422632502159 0.000667886100563919 0.00154339947621338
-9999 -9999 -9999 -9999 -9999 -9999 -9999 -9999 -9999 -9999 -9999 -9999 -9999 -9999 -9999 -9999 -9999 -9999 -9999 -9999 4.84367827084498e-05 -9999 0.0001771255312633 0.00191742908209562 0.00236406817566603 0.00211455659591593 0.000563869164034259 0.000693069110275246 5.49986521036772e-05 0.00110267880372703 0.00255298995180055 0.00443550620693713 0.00498832745943218 0.00224285965086892 2.59496966691586e-05 0.000294891705561895 0.000298556638153968 0.000266981468303129 0.00432011726079509 0.00384689555503428 0.000226062830915907 0.000319585086253937 0.00375094908522442 0.750565155781805 0.248536254448118
-9999 -9999 -9999 -9999 -9999 -9999 -9999 -9999 -9999 -9999 -9999 -9999 -9999 -9999 -9999 -9999 -9999 -9999 -9999 -9999 -9999 -9999 -9999 -9999 0.000147725622809958 2.33193921303609e-05 -9999 -9999 0.00251488153589889 0.00143328286940232 0.00111311218352057 0.00354572212090716 0.00425496983807534 0.000292099174839677 0.000195055569929536 0.000256322335189907 0.00326003337977454 0.0015076041163411 0.000969604763668031 8.04446689926408e-05 9.30593330849661e-05 0.000273442547040759 0.00183546042244416 0.0156904441304505 0.793559490330517
