Scripts_&_data/Maxent_result_files_2/B_niveatus_3.asc
NCOLS 594 
NROWS 330 
XLLCORNER -15 
YLLCORNER 23 
CELLSIZE 0.166666666666667 
NODATA_value -9999 
[rows 300 to 319 of 330, columns 225 to 269 of 594]
1.74022866758605e-05 2.61325139263136e-05 2.68893392103564e-05 2.74152919246262e-05 2.77940635214691e-05 2.86337575744255e-05 2.7751663719755e-05 2.81118724160478e-05 2.771023182504e-05 2.65636739186448e-05 2.68572625373054e-05 2.62209318862006e-05 2.59416886365216e-05 2.47585575380072e-05 2.38603778143442e-05 2.31535484999768e-05 2.27008432375442e-05 2.17637685636873e-05 2.09111217145619e-05 2.03914605663158e-05 1.91534878013044e-05 1.96885502191435e-05 2.03517530962927e-05 2.04654454591946e-05 1.99594421019356e-05 2.09407924558036e-05 2.14961427218441e-05 2.13102672432797e-05 2.15767153349589e-05 2.20481530277539e-05 2.24707723646134e-05 2.24347641733402e-05 2.38254278883687e-05 2.59069533512957e-05 2.62271067413167e-05 2.52200590011853e-05 1.86348808483672e-05 1.81089822035574e-05 1.8531786577114e-05 1.97480597307731e-05 2.03611968800033e-05 1.87836125405738e-05 1.59142660322686e-05 1.50199715790222e-05 1.52438890950179e-05
1.68480570664542e-05 1.95599851167572e-05 2.77196990737139e-05 2.81376916746012e-05 2.88551187168196e-05 3.01320837934327e-05 2.91501232368319e-05 2.95443589493516e-05 2.96482081921567e-05 2.96083404464298e-05 2.90970609967189e-05 2.83040883005015e-05 2.78114394404838e-05 2.74133354196238e-05 2.69108224074444e-05 2.55380552516726e-05 2.39749558659241e-05 2.27082015044289e-05 2.21178648871501e-05 2.20169833937689e-05 2.20259984644144e-05 2.25047904223175e-05 2.24904562173833e-05 2.3209840378513e-05 2.27586673872793e-05 2.31199742302124e-05 2.38004156244642e-05 2.32748496728163e-05 2.35843529935664e-05 2.40481433365858e-05 2.46885161914179e-05 2.57428698432705e-05 2.67432652663047e-05 2.72902512961082e-05 2.84146403828345e-05 2.14793528812152e-05 1.94390656361065e-05 1.9824148034786e-05 1.99278877971665e-05 2.12875869465279e-05 1.96280156160356e-05 1.60688392043085e-05 1.50727422919772e-05 1.45840709137701e-05 1.55033027681384e-05
1.75559590161356e-05 1.71069360476395e-05 2.09841731020788e-05 2.91073079552007e-05 2.9655607386303e-05 3.04404950838943e-05 3.15315195166477e-05 3.23532689890271e-05 3.15520523145096e-05 3.08313968162111e-05 3.04803121707664e-05 2.96124369469908e-05 2.93862201033335e-05 2.88026006728614e-05 2.81081975572306e-05 2.75704435352964e-05 2.64566113855835e-05 2.49993928264303e-05 2.51303255481616e-05 2.41147471570002e-05 2.42180011809978e-05 2.43559593855025e-05 2.52486495355697e-05 2.52625141001772e-05 2.55914447279793e-05 2.54605760801496e-05 2.54190216992356e-05 2.56642902968451e-05 2.61723104586054e-05 2.62263831473319e-05 2.76509554623772e-05 2.75558487828675e-05 2.76764749742142e-05 2.91743260959265e-05 2.35503006251747e-05 2.0884958098577e-05 2.02461334765758e-05 2.00308400735594e-05 1.88782468512727e-05 2.14155043749997e-05 1.94205974366923e-05 1.60825096259032e-05 1.56718420839752e-05 1.51582362605041e-05 1.53203924924128e-05
1.82568596528654e-05 1.89205024753392e-05 1.95090244005769e-05 2.74160908247723e-05 3.04826620322274e-05 3.17523088597227e-05 3.27505508721515e-05 3.22162778957136e-05 3.13502738663374e-05 3.12382352149143e-05 3.08719126678625e-05 3.13614663809858e-05 3.05888782804686e-05 3.02089010801865e-05 3.01703353215999e-05 2.90139776552678e-05 2.77439898127341e-05 2.67702337168885e-05 2.70615174031263e-05 2.58144585131959e-05 2.63577670466475e-05 2.60705547589168e-05 2.69289910647785e-05 2.77664868008287e-05 2.75466160019278e-05 2.74411221198534e-05 2.78805975085561e-05 2.81498790172918e-05 2.81973458868379e-05 2.82013492778788e-05 2.91053610453673e-05 2.89763534510712e-05 2.92160581693679e-05 1.99281501409132e-05 1.49477564036715e-05 1.55795032014794e-05 2.12821136756247e-05 2.02878244863314e-05 1.99275795011999e-05 2.05010942863737e-05 1.87018265251027e-05 1.6871873879154e-05 1.63881792673237e-05 1.57100609271765e-05 1.54768718743981e-05
2.0817135418838e-05 1.949371135197e-05 2.0136098396506e-05 2.21601313114661e-05 3.17215638006019e-05 3.24570300563209e-05 3.24811424889049e-05 3.25220943523163e-05 3.19221863264829e-05 3.13637723138527e-05 3.17150946557376e-05 3.20119221669302e-05 3.19088713695237e-05 3.11486137889005e-05 3.05979508993914e-05 2.98969814593875e-05 2.90434718408505e-05 2.74892008292227e-05 2.72991698693659e-05 2.8708921308862e-05 2.95981692943315e-05 2.87390930225229e-05 2.89028775114275e-05 2.92592379537382e-05 3.02388380532648e-05 3.0696151770826e-05 2.95742869639071e-05 2.83408504856197e-05 2.86552611214574e-05 2.88396168343752e-05 3.01366418170801e-05 3.10102702087534e-05 2.51414496005964e-05 1.5571214225929e-05 1.52492977576912e-05 1.30663750951499e-05 8.96577128628451e-06 1.56420315761352e-05 2.08251289905093e-05 1.91524689626021e-05 1.75854005874498e-05 1.70941687997583e-05 1.69430604273657e-05 1.66095243230302e-05 1.64731240602123e-05
2.29715262776153e-05 2.23881531155712e-05 2.13583116874361e-05 2.11660825698345e-05 2.32694851320048e-05 3.33134545599023e-05 3.35878515215882e-05 3.32514024194097e-05 3.27462221321184e-05 3.2725504024711e-05 3.2095183905767e-05 3.20885926612391e-05 3.25676310694689e-05 3.28123817325832e-05 3.27269213812542e-05 3.15887893520994e-05 2.97407122616278e-05 2.87778532310767e-05 2.85331196664629e-05 2.89807972876588e-05 3.13684093725897e-05 3.0055173783694e-05 3.07287057239591e-05 3.30887626205367e-05 3.44874660640926e-05 3.31398914568126e-05 3.31463931161124e-05 3.04507905639184e-05 3.16171086069517e-05 3.36455814249348e-05 3.31954934608802e-05 2.40599935068531e-05 1.52309036366205e-05 1.56703686002402e-05 1.57914298711148e-05 1.13073502404859e-05 1.05402772817342e-05 1.01030454572992e-05 1.67797994777175e-05 1.0333947750496e-05 1.50521750811095e-05 1.69319635006104e-05 1.72236154753591e-05 1.72589521412192e-05 1.70812607962034e-05
2.38428564898641e-05 2.40442763470128e-05 2.41840143644367e-05 2.29330327556454e-05 2.22020557430369e-05 2.9141771938157e-05 3.51096032773057e-05 3.4489016434236e-05 3.41266936629836e-05 3.42099249792227e-05 3.41085904437932e-05 3.37605270942731e-05 3.3788265864132e-05 3.41520003985352e-05 3.43039736435458e-05 3.31483001900779e-05 3.1295200187742e-05 2.98856430163141e-05 2.88240606096224e-05 2.98151599963603e-05 3.22380922170851e-05 3.31157167238416e-05 3.50936307313532e-05 3.73497773580311e-05 3.68717546734842e-05 3.67674751032609e-05 3.56568594725104e-05 3.39063094543235e-05 3.51718952970259e-05 3.47312117810361e-05 3.48087496604421e-05 1.825006627314e-05 3.53064710907347e-05 1.72084326550248e-05 1.16175688503972e-05 1.14753785169341e-05 1.12525383087814e-05 5.94082578402322e-06 1.74207201439458e-05 9.78024487494622e-06 9.53655998046088e-06 1.44319236824231e-05 1.74306257463286e-05 1.73353842114921e-05 1.52771152329478e-05
2.48099786176681e-05 2.4717310793676e-05 2.52619639923068e-05 2.54803042253116e-05 2.49949285716866e-05 2.35050585843055e-05 2.88029844341509e-05 3.57711813194328e-05 3.61430225439108e-05 3.66285102245456e-05 3.60186776561022e-05 3.59088759068982e-05 3.5837855830323e-05 3.53705848283425e-05 3.51030280398845e-05 3.42575650392973e-05 3.35263272518205e-05 3.16574260068592e-05 3.06252501104609e-05 3.31535323311982e-05 3.49919223481265e-05 3.61571202120103e-05 3.5663890912474e-05 3.83199540920032e-05 3.78355745851877e-05 3.72870046248863e-05 3.59629237209447e-05 3.68430779872142e-05 3.75381282538001e-05 2.84937387050377e-05 2.00619053430273e-05 2.05362960969069e-05 1.90609817309451e-05 1.95303284954207e-05 1.31645812757597e-05 1.17223916390685e-05 1.18152124514381e-05 6.96854347097542e-06 6.55169195624694e-06 1.00583743119387e-05 9.2204282793773e-06 1.09860405473228e-05 1.60539030275686e-05 1.74291378357339e-05 1.63724170306523e-05
2.41291625798112e-05 2.55184282650589e-05 2.6608294547259e-05 2.63496716797817e-05 2.69128507397909e-05 2.62802208908397e-05 2.36818254279569e-05 3.75191188140889e-05 3.81560095775058e-05 3.79918808903312e-05 3.74975763861585e-05 3.74023358745035e-05 3.63121763712115e-05 3.61540557150875e-05 3.59741051397577e-05 3.5906889661419e-05 3.45077101428615e-05 3.18545996833564e-05 3.41330681294494e-05 3.61034492470935e-05 3.66254876553285e-05 3.5567728082242e-05 3.71519271539e-05 3.82742654892354e-05 3.89302937946923e-05 3.83823496122204e-05 3.83032957415708e-05 3.85789604933962e-05 3.30532947373285e-05 2.49942449272567e-05 2.34279149026406e-05 2.03958127940496e-05 1.95828552705279e-05 1.58540795041517e-05 1.21988685123142e-05 1.06051734974244e-05 9.04380469251009e-06 7.28458126673104e-06 5.79810559884209e-06 8.45856797582201e-06 9.18273213414977e-06 9.45639107499119e-06 1.17341246323122e-05 1.62631994726326e-05 1.73438584738506e-05
2.23298774699288e-05 2.62983482116397e-05 2.71318127943232e-05 2.76263890100381e-05 2.70189063485304e-05 2.73176668088126e-05 2.64503450807752e-05 3.83089339266007e-05 3.87435036373063e-05 3.87113484975998e-05 3.80643310563755e-05 3.73432730611967e-05 3.70149363789096e-05 3.76851943201473e-05 3.80328135179298e-05 3.68025352145196e-05 3.46635525602323e-05 3.46448191066884e-05 3.67786258721026e-05 3.77946960725239e-05 3.65247877653019e-05 3.76302709355514e-05 3.88902652048273e-05 3.98450523789506e-05 3.94774364849582e-05 4.01860522742936e-05 3.99677503082785e-05 3.07730858821742e-05 2.31471291499474e-05 2.32554654530759e-05 2.32083382570636e-05 2.21037337041707e-05 2.04532426096193e-05 1.55425655293584e-05 1.14944845904574e-05 6.80348573212086e-06 6.63610690310179e-06 6.35125874168807e-06 6.36458154019692e-06 7.34797894210715e-06 1.03451655888875e-05 8.63607759242768e-06 1.05606278566484e-05 1.42506915267404e-05 1.58349278763126e-05
2.28067494163042e-05 2.64321147369628e-05 2.76465731985809e-05 2.83673246485705e-05 2.74632263881358e-05 2.71423809863336e-05 2.6835925746127e-05 3.37667878739012e-05 3.7454450966834e-05 3.77539681721828e-05 3.6256582416172e-05 3.73267644590669e-05 3.79372082988993e-05 3.81582665340829e-05 3.9307787483267e-05 3.94720856093045e-05 3.63076239864313e-05 3.77614907847601e-05 3.84652590582846e-05 3.94354828131327e-05 3.8944151629039e-05 4.02031685098336e-05 4.07759829158749e-05 4.06528313760646e-05 4.01099073314981e-05 4.02933255372773e-05 4.13167050737684e-05 2.46976075459315e-05 2.40214504628966e-05 2.35409691185851e-05 2.34247946309551e-05 2.2189603919287e-05 2.07279450478381e-05 2.57317125033296e-05 1.46140166634723e-05 8.77738323197264e-06 6.50556658570167e-06 6.48639691576136e-06 6.52745862055326e-06 6.34953890426004e-06 6.47837952953978e-06 7.59638348313274e-06 8.64619864273664e-06 1.29976368498319e-05 1.42647511893301e-05
2.27075558314027e-05 2.5983425416598e-05 2.80080958418694e-05 2.79712674000621e-05 2.62870725919129e-05 2.6087566766364e-05 2.50824376507808e-05 3.26326009599143e-05 3.86269816317508e-05 3.76993134977965e-05 3.73285589375882e-05 3.82777423055813e-05 3.88441429549857e-05 3.80686638891348e-05 3.9181432020996e-05 4.05352201141795e-05 4.00740231725649e-05 3.97398402583349e-05 3.98018993564619e-05 3.96576639559498e-05 4.06897347147606e-05 4.10869183724571e-05 4.06824936817429e-05 4.0634718925503e-05 4.08611948842008e-05 4.03548896429129e-05 4.25515169808932e-05 2.64678978965094e-05 2.3827421068745e-05 2.33180961913604e-05 2.34348688309183e-05 1.8863681611947e-05 1.38455631145007e-05 1.6431317635579e-05 1.27587924339423e-05 1.89210417147478e-05 9.95261135585679e-06 8.6312179575998e-06 7.99525675461155e-06 7.63791426265925e-06 7.72712105572282e-06 7.37751594783731e-06 7.77161030782736e-06 8.10251913208049e-06 9.80489706989829e-06
2.24604928007466e-05 2.55277959922751e-05 2.6328878266213e-05 2.66412034761743e-05 2.69552453119104e-05 2.45265952116824e-05 2.65095869735887e-05 3.24873710269458e-05 3.58505454187252e-05 2.75674515251012e-05 3.62980807949498e-05 3.93285940390342e-05 4.07983109653287e-05 3.8578188559768e-05 3.83708857953025e-05 3.85068108698761e-05 4.00913333123754e-05 4.05499464704917e-05 4.01496960421355e-05 4.03215507049026e-05 4.07656407787726e-05 4.11127760344243e-05 4.10248310345196e-05 4.10054974963714e-05 4.19372162014042e-05 4.14196502333652e-05 2.79901693602369e-05 2.50292775035632e-05 2.45383218725692e-05 2.43707753270428e-05 2.33869850717383e-05 1.49211265807025e-05 1.33399190303862e-05 8.84065658510735e-06 6.08663647483354e-06 6.5213069717629e-06 8.41918689502563e-06 1.57921796130722e-05 1.63340849439919e-05 1.60196939873458e-05 1.37805452823159e-05 1.23844655945504e-05 1.16602979289837e-05 1.38284361128171e-05 9.16649508440059e-06
2.2738837083125e-05 2.47160243816325e-05 2.26843766995444e-05 2.51981028213777e-05 2.79289859918208e-05 2.83037619283277e-05 3.0271674722826e-05 2.97145002150501e-05 2.8303969247645e-05 2.81823755358346e-05 3.05422064684535e-05 3.98337073875155e-05 4.1480870140731e-05 3.99655118599185e-05 3.96456699036207e-05 3.88913863844209e-05 3.94623621559731e-05 4.01852008053538e-05 4.00289817662269e-05 4.05322292863275e-05 4.05597678764025e-05 4.09870169278292e-05 4.11315555084002e-05 4.11203750445566e-05 4.12723753015598e-05 3.15749085984862e-05 3.16910000947246e-05 3.00256799619092e-05 2.99782795309511e-05 2.4692768101886e-05 2.23820561586763e-05 1.48370760939542e-05 1.29640328054847e-05 1.07471591832109e-05 6.02502254025694e-06 5.99785607562353e-06 6.34602283184904e-06 9.08760733636882e-05 8.37795492429905e-06 1.08182766211939e-05 2.03935059971627e-05 1.75443301486666e-05 1.6866153941919e-05 1.68279144304506e-05 1.07615114757209e-05
2.23537472038515e-05 2.13872209769761e-05 2.11593265248666e-05 2.53324491268359e-05 3.01825654332788e-05 3.1005583514343e-05 2.98913871120021e-05 2.84545923022961e-05 2.6963490563503e-05 2.80931115412386e-05 3.18864702421706e-05 3.28620111758937e-05 4.14628209000512e-05 4.13301306252833e-05 4.11920335409377e-05 3.97809963942564e-05 3.87384189707518e-05 3.93625429296662e-05 4.00721963615069e-05 4.06374706017232e-05 4.11544311646139e-05 4.09222865528136e-05 4.07288535825501e-05 4.07014483243984e-05 4.27659695560578e-05 3.13994284624641e-05 3.14519587846007e-05 3.14744010211143e-05 3.05793324059778e-05 2.67723181423207e-05 1.98199598344218e-05 1.39312740884634e-05 1.42386315474141e-05 1.1841178013583e-05 6.74111030036784e-06 6.32788025995978e-06 6.80203883973718e-06 7.0972706964767e-06 6.58378357911715e-05 0.000144307973005198 0.000173014472420618 3.22808902637917e-05 1.46137722708772e-05 1.54510241600292e-05 1.74482705006085e-05
1.54518376916712e-05 2.03509808898161e-05 2.20650392293464e-05 2.34563552794498e-05 2.96921215067414e-05 3.09664518226782e-05 2.98899348763371e-05 2.88217438992433e-05 2.89489329134085e-05 2.93371901534556e-05 3.03180847367912e-05 3.07662154682475e-05 3.27690374433587e-05 4.13941751048696e-05 4.04845174216462e-05 3.83870918085449e-05 3.72402322682319e-05 3.89084258586081e-05 4.00849753987131e-05 4.17915835896565e-05 4.14111498685088e-05 4.12309274452127e-05 4.13876311540662e-05 3.80557773951296e-05 3.13466800434981e-05 3.10297715259367e-05 3.13214977268217e-05 3.15629887609248e-05 3.1864856964603e-05 3.11344298097538e-05 2.19259254890858e-05 1.50306469890893e-05 1.37803266170522e-05 1.34226448722075e-05 7.00825606259059e-06 6.79052742498243e-06 6.78914569220979e-06 6.81769440973312e-06 6.78141933860843e-06 0.00012526305481515 7.17372635676838e-06 6.88658922740615e-06 8.20288345266818e-06 1.1467526121578e-05 1.76167063500543e-05
1.78214482730255e-05 2.10155548984403e-05 2.15805780499068e-05 2.37389063613591e-05 2.81592808278219e-05 2.96858126148436e-05 2.97203594072926e-05 3.01904965454014e-05 2.89590309876075e-05 2.82016514120187e-05 2.98111996016814e-05 3.03747339330584e-05 3.11434986087988e-05 3.10407186589146e-05 4.0327182296096e-05 3.9318281596934e-05 3.70043858765712e-05 3.78980215828051e-05 3.98186351958429e-05 3.1738104962642e-05 3.15731059799873e-05 3.12639185722219e-05 3.13004880354129e-05 3.20003371143684e-05 3.28141112731828e-05 3.18614942898421e-05 3.16707330057398e-05 3.20387961437518e-05 3.22122366469557e-05 2.8045118551745e-05 2.3693152161286e-05 1.89901858561825e-05 1.68957241953649e-05 1.28644790493126e-05 7.58756761456425e-06 7.57475486352632e-06 7.87372501918071e-06 1.06245240431235e-05 6.93298644023343e-06 6.83744865455083e-06 6.67723732021841e-06 7.12682268044773e-06 6.85491924059534e-06 6.11467228566198e-06 6.05154581876377e-06
1.93162584992024e-05 2.06066631790236e-05 2.08900537700174e-05 2.20695567350049e-05 2.73252974238858e-05 2.87798192402988e-05 2.99123859349493e-05 2.93821103696246e-05 2.82557432910835e-05 2.79684684755921e-05 2.91065144665481e-05 3.06879081563238e-05 3.06600997646456e-05 3.10421786252846e-05 3.10530268961884e-05 4.04946533762995e-05 3.92685384667857e-05 3.91680842767528e-05 2.92520238417637e-05 3.16238595132745e-05 3.17065610033751e-05 3.16993101478147e-05 3.23766399105807e-05 3.46301940226112e-05 3.45318252584548e-05 3.31647656821588e-05 3.28330911543162e-05 3.25630815950717e-05 3.04310226965754e-05 2.38982529026543e-05 2.16676967966123e-05 1.53458676891205e-05 1.59372464963781e-05 1.28175491795446e-05 7.3130505768404e-06 6.9227800452154e-06 7.42793610584158e-06 7.03117633236161e-06 6.68269797188259e-06 6.96143417258099e-06 6.59420902024976e-06 6.7669553743599e-06 7.0808270947964e-06 7.15195168368155e-06 7.21527084124318e-06
2.04725869025424e-05 2.12480646268887e-05 2.20473198851323e-05 2.22289739440384e-05 2.48033247089552e-05 2.7885449844689e-05 2.86564361886121e-05 2.85723695469642e-05 2.75490042895399e-05 2.78446615993744e-05 2.86055136257346e-05 2.96248487757111e-05 2.93762319870439e-05 2.92757055376569e-05 2.95688128517213e-05 2.99167822959134e-05 4.19110777329479e-05 4.14646439367061e-05 2.95858727895393e-05 3.08862013753242e-05 3.24912086398399e-05 3.35353508035041e-05 3.39412677021755e-05 3.41034260600281e-05 3.41932723131322e-05 3.36034871452284e-05 3.30657187078032e-05 3.30601680616383e-05 3.09022061173891e-05 2.89509953063316e-05 2.73395842214086e-05 2.58490757914842e-05 1.87388323070081e-05 1.43999260899363e-05 7.72852142745251e-06 6.74560302229565e-06 6.84263236792049e-06 6.96707558063281e-06 8.8270482876851e-06 8.63899371665866e-06 7.16735369792332e-06 6.68464116984069e-06 6.99242413588763e-06 6.82680630745836e-06 6.95528640335397e-06
2.06681443842172e-05 2.11431998422995e-05 2.23168593038281e-05 2.29317920457106e-05 2.43100622810744e-05 2.83199751720531e-05 2.82014024833188e-05 2.7965871959168e-05 2.68193275587691e-05 2.73480749910959e-05 2.82791635981994e-05 2.8498724441306e-05 2.75918602255842e-05 2.68443488948833e-05 2.78225204510818e-05 3.71089387499524e-05 4.14657016335696e-05 3.13872424158035e-05 3.04907780446229e-05 3.11187676288682e-05 3.38881249263068e-05 3.36401893946459e-05 3.27263184317417e-05 3.27853947510448e-05 3.29742920257559e-05 3.29717270687979e-05 3.30375427893159e-05 3.05598379327421e-05 2.98280762308423e-05 2.93321847038897e-05 2.94933051918633e-05 2.84669095435675e-05 2.80667883544083e-05 2.17453920868138e-05 1.0375232750448e-05 7.19127017987375e-06 7.82856258183529e-06 1.21415752801113e-05 1.41360612246899e-05 1.04386926352618e-05 7.53706261775733e-06 6.88227300429389e-06 6.57914700354922e-06 6.69890226561165e-06 6.83492545476838e-06
