Scripts_&_data/Maxent_result_files_2/B_niveatus_2.asc
NCOLS 594 
NROWS 330 
XLLCORNER -15 
YLLCORNER 23 
CELLSIZE 0.166666666666667 
NODATA_value -9999 
[rows 140 to 159 of 330, columns 450 to 494 of 594]
2.53513732786814e-05 6.31403194347513e-05 3.35774696395674e-05 2.25896194478992e-05 1.02630207152288e-05 3.13713748255395e-05 2.74823625659337e-05 1.28587199469621e-05 0.000101237368653528 5.2674063226732e-05 2.34239100336708e-05 1.85473961664684e-05 2.19339070099522e-05 0.000151290611756849 0.000298100994405104 1.03617154536551e-05 0.000164023565594107 0.000134801926469663 0.000166413596525672 0.000175995636163861 0.000125240840498009 0.000109774444899813 5.82297627261141e-05 4.3189483903916e-06 1.90125572771649e-05 3.05251135159779e-06 6.08192662184592e-05 5.05939178765402e-05 1.47986289391611e-06 1.18705414934084e-05 1.87484043578934e-06 1.69829586866399e-05 3.18005195936166e-06 4.5090305661688e-06 1.72980422576075e-05 9.55024652284919e-06 5.62335945630821e-07 3.85945353968964e-06 4.62534420876182e-05 4.77857835903706e-05 3.72979803273665e-06 4.44961565335689e-06 6.26953827122634e-05 7.39891120247194e-05 4.73149392746564e-05
3.8352506908268e-05 7.66920171372476e-05 6.70641949909623e-05 1.93370253782632e-05 3.02778409150051e-05 0.000287720585038187 2.80956106507801e-05 0.000473207842151169 3.37055883392168e-05 5.09957919803128e-06 2.16424007248861e-05 0.000292853179416852 1.12419157176191e-05 6.28296470495115e-06 1.44007084657005e-06 0.000129786317484104 0.000110979592864169 5.97535704400798e-06 0.000108853885467397 7.7300599150476e-05 2.98897708034929e-05 4.25768505465385e-06 2.83206022118065e-06 1.0387007182544e-05 1.95812116089655e-05 4.95556117741103e-07 1.80362980245263e-05 3.97819134612121e-07 3.5827590545523e-05 2.27404958650368e-06 1.1686563289004e-05 4.40915189756197e-05 9.49945513184502e-06 7.80609780122177e-06 0.000151238834223477 7.75973962845455e-06 9.31314115959481e-07 7.38951724770232e-06 8.85496881892323e-05 5.86927262702375e-06 0.000117545551256626 0.000111508501140634 5.8862864443654e-05 5.77858927499619e-05 4.28211445068882e-05
2.49947793236061e-05 2.79403092008579e-05 0.00015297958998417 8.87019072024486e-06 1.99427122424822e-05 9.20319808756176e-05 1.79104415110487e-05 1.27588180248495e-05 1.36667023298287e-05 4.0265529332828e-05 0.000212451757397503 8.41292921904824e-05 7.14083164439216e-06 9.60742463576025e-06 3.38442689098883e-05 0.000114084316373919 7.09138635102136e-06 5.3317462970881e-06 6.80612909491174e-05 4.91489942760381e-05 5.87203784562007e-05 6.2625619557366e-05 2.39691277670318e-06 3.58439900537633e-05 4.94917997457378e-05 5.68990866668173e-05 5.48631271158229e-05 3.01675131026968e-06 8.91619438334601e-05 2.22900706035034e-06 2.12112063763925e-05 4.6194858259696e-05 4.53766304417513e-05 8.63263790961355e-05 7.80275356646598e-06 9.38285205620559e-07 0.000121217532796436 5.87883857861016e-07 0.000168461957218824 2.04717276119482e-05 0.000118135641969275 5.01140388223575e-05 7.89790523413103e-05 5.28596554431715e-05 3.0477450491162e-05
6.67620307467587e-05 0.000112260615969717 0.000130320809330442 0.000468201159674209 0.000160144047549693 8.78960916452343e-05 1.25633607240161e-05 1.00630361885123e-05 8.93289743544301e-06 7.06614048340271e-06 1.41455608627439e-05 8.65421156049706e-05 3.89067262403842e-05 0.000106814177706838 0.000105820186035999 1.46492004660104e-05 7.85790514783002e-05 6.3475938168267e-05 6.72998706249928e-05 6.51559269499558e-05 5.32524099071452e-05 9.63733918979415e-06 3.90348919609096e-05 5.4669606834068e-05 9.55631963961423e-06 5.73153984987584e-05 0.000118450328227482 8.41979717733921e-06 1.40292936976039e-05 2.78623733720451e-05 2.28804856305942e-06 3.45492570886563e-05 5.02508833960746e-05 7.9414814717893e-05 2.9314420260107e-06 4.63624936628548e-06 6.7269580881657e-06 0.000185287510976195 8.0642264947528e-05 6.15107985140639e-05 6.63835200612084e-05 5.28813742675993e-05 5.16063758368546e-05 4.58474575680157e-05 4.5125762335374e-05
0.000352578940510284 2.71989886641677e-05 7.59797740101931e-05 0.000263955939590232 0.000116482760495273 1.57961967943265e-05 8.09941686839011e-06 0.000184239416194032 0.000182756895083003 8.94243058837674e-06 0.000159773658378981 2.31201882343157e-05 2.02342752118057e-05 5.68504208331433e-06 5.89667157328222e-05 4.40081843407825e-05 2.13188952216115e-06 1.24538954878517e-05 5.5952879574761e-05 3.74881593415921e-05 7.01053081684222e-06 1.76662967135144e-06 7.96196876763133e-05 5.58669265956269e-05 1.70025580814581e-06 4.38988317000621e-05 0.000133447294501821 7.24180237739347e-05 1.45656912081904e-05 3.18268908472419e-06 2.77884867955436e-05 1.87390789960773e-05 3.88685371035535e-05 7.1734713742444e-06 3.16818233386584e-05 3.29002718331139e-06 5.02645970300364e-05 2.78481534223829e-06 4.81944938655943e-05 4.26422181590169e-05 4.85560278320918e-05 3.96800910493766e-05 4.17895354985376e-05 3.67589132679313e-06 3.44043730819976e-06
2.84323954247157e-06 2.46440578166585e-06 1.73278802321875e-05 1.14414647669037e-05 1.55153312334733e-05 0.000184589365017018 8.50385911235207e-06 0.000168291158115608 0.000159943909966387 1.46291685751976e-06 4.8315471872229e-06 6.26172219199361e-05 0.000106324195076013 1.96640470903731e-05 2.98318807523401e-07 6.32702991424594e-05 7.49611086575896e-05 0.000122934640967287 6.34725382042234e-05 4.55190933280392e-05 4.44788632194104e-05 4.0352916221309e-05 0.000194314723194111 0.000153196512837894 4.79612767776416e-06 6.76637610013131e-06 8.697627181391e-05 0.000214528356445953 0.00047624863072997 3.32953919496504e-05 0.000171951483935118 5.82428488996811e-05 3.37202700848138e-05 3.81828576792032e-05 3.9676178857917e-05 5.80530993829598e-05 3.70982220374572e-05 2.68917498942756e-05 1.43625056352903e-05 0.000137350445947959 9.47848380747018e-05 6.16396606346825e-05 4.35202493463294e-05 0.000105695293314056 4.58468495025954e-06
1.1401313395254e-05 5.844950521805e-06 4.34943871368887e-05 1.04832177385106e-05 3.69500886336027e-05 5.48351100405853e-05 6.17581963524572e-05 4.34435028182634e-05 0.000142898055128171 0.000101974601420807 0.000135430211594212 2.09229887332185e-05 7.7190762385726e-05 3.79681572439949e-06 9.03741771253408e-05 4.93332621545051e-06 6.87116771587171e-06 0.000158462397666881 8.69852941832505e-05 5.328960355655e-06 4.67038255919761e-05 3.42245954016107e-05 4.25004008320684e-05 0.000537197123048827 7.86963651989936e-05 4.42569867118436e-05 2.2550172479896e-05 4.95339914778015e-05 0.000129968048349838 3.08067321384442e-05 0.000778287561843172 0.000101072522738832 3.96538069253438e-05 3.69108498489368e-05 3.20612387440633e-05 3.3620629028519e-05 3.84638202376664e-05 0.000153215992759215 1.32606813849634e-06 4.14780896790035e-05 1.82647498832011e-06 7.48242013060008e-06 2.45923030206541e-06 3.60884516226179e-06 8.34682912227436e-06
0.000113816277007572 0.00011573679803405 0.000228033383973525 0.000205511126114288 0.000148699503552052 6.98591646823843e-06 8.7737674220989e-05 0.000154242417193018 0.000224383508611936 1.01280311810115e-05 0.000273483434284572 0.000269854858197505 0.000422938528936356 0.000467346353980247 4.069272925733e-06 0.000108769818143628 2.90820439659001e-05 0.000675918106571771 0.000720998953329399 0.000103526823659195 3.975446225013e-05 8.80900204265345e-06 4.96368185167739e-06 0.000225824450171785 7.65700244301115e-05 6.55669155094074e-05 2.63148658632417e-05 2.32158148264716e-05 0.000102864949803916 0.000585157272871584 0.000348725465300959 0.000103484610735904 3.82658658963919e-05 2.39886948634194e-06 3.62587416930182e-05 3.08799936647119e-05 3.09695891701267e-05 3.03398044707137e-05 3.83287387194287e-05 3.34388067585678e-05 1.76183597773161e-06 1.70895648068381e-06 3.93411087316053e-05 1.1111674177755e-05 1.80053256428891e-06
0.000108332122545107 1.3081626730127e-05 0.000261694411892677 0.000294598457549 0.000167187176339212 0.00010410182094347 1.35379705056948e-05 0.00023058826191118 0.000333828885050025 0.000172228162773536 0.000345758997718804 0.000437758486077655 0.000657624576706439 0.000173246363556245 2.4021081628689e-06 1.50405979184143e-05 9.78888517693122e-06 0.000369561676052399 0.000405932993453462 9.3816713842898e-06 0.000183843068225542 0.00469267074950039 0.000598457772866823 0.000103256302463706 5.57637049496407e-06 0.000156853682710789 0.000115336969247437 0.000209270886989543 5.01027069731208e-05 0.000195902452105656 2.468993588991e-05 0.000186592729733093 2.52558585088991e-05 6.71668445647811e-05 2.64265974692535e-05 3.00461509141314e-05 5.36743673364981e-05 8.62792909401833e-06 9.14455138172343e-06 6.5872044842763e-06 2.33312960062904e-05 1.41261323506114e-05 2.33714575870181e-06 2.71786488497128e-06 2.92800093575352e-06
2.0248845066817e-05 0.000110409381159116 0.00015446522484126 0.000207257255169679 0.000266764908155892 0.000140812191966688 0.000162855970847886 1.11372699393542e-05 0.000375471836014185 0.000577336779679172 0.000329845186206512 0.000437683591735549 0.000261959152703639 0.00016054600928328 0.000169287908283877 0.000350963616801891 0.000167171975772362 0.000254068562207976 8.3653776164283e-05 0.000897785858251154 0.000506876059807837 0.000978891481645405 0.000329232352669351 0.000339102475845721 0.000511713794548996 0.00012196529933135 0.000152545097807888 0.000338947195268702 0.00036257770989323 0.000479682099830825 0.000592337662237696 0.0001310644656769 2.85248418094852e-05 1.58465549702669e-05 2.86389921711816e-05 6.63021921354812e-05 1.92785714261845e-05 1.94587969872373e-05 1.45564435456436e-06 4.67953796032816e-06 1.39344883109516e-05 2.3211828931835e-06 2.55868869771803e-06 9.48938622968853e-06 3.27531832340355e-06
0.00013671648230229 0.000229704628873151 0.000291171854769345 0.000511491477664094 0.00078645366593264 0.000504182015720289 0.000157549447976635 0.000436967960558832 0.000253083711140789 0.000807712553068995 0.000179949488665443 0.000111601118987892 0.000187143488437869 0.000183192600525217 0.000332875971798785 0.000205030602955958 0.000278874970535981 0.000433433400758076 0.00026949675520882 0.000103920287801884 5.45685466022405e-05 0.000103669275995344 0.000262394327728543 0.000991727385553531 0.000817016357905231 0.000334048313379753 0.000384233724616934 0.000182470997970086 0.000167176391551038 0.000505613144196104 5.18310915140319e-05 0.000585520376625936 6.28812125796685e-05 1.94310555798438e-05 1.92543520370236e-05 9.32707962419954e-07 1.75685745944065e-05 1.17450245227246e-06 6.29072949323017e-06 3.97115856685559e-05 3.50751576661423e-05 4.44179510850518e-05 2.52372588533944e-06 2.82652351302204e-06 3.15780927166998e-06
0.000141137944956427 0.000192590858205222 0.000345610230579041 0.000447734858607873 0.000346732675097883 0.000241014252242167 0.00026702461327659 0.000715810529072769 0.000219953654595884 0.00187953707645647 0.000855782732833177 0.000430354599666316 0.000735728934523649 0.000425776607880834 0.000400200404692441 0.000498097372474149 3.46707991411677e-05 3.28373504089541e-05 0.000109549651097041 0.000308579968987033 0.000173318250017473 0.000815377160324715 0.000559709990920965 0.000635875147418119 0.0005955724263913 0.000317973722121678 0.000325292958586942 0.0003703763752128 0.00043356261739973 0.000564670507446863 0.000411834778788034 0.000240702454175334 5.77588316446054e-05 4.30993130748902e-06 1.38333168933968e-05 1.11755508953593e-06 4.58008320833869e-06 8.33455490010238e-06 2.08513190045778e-05 4.85626492263691e-05 2.18495975332189e-05 2.32532383051875e-05 2.0269096296488e-06 2.4126769801569e-06 2.52180921052059e-06
0.000443080534751061 0.000697679532459006 0.000683417145046406 0.000546142421080731 0.00135146797983907 0.000577899932977743 0.000559683379833587 0.000467539446253795 0.000399090696009807 0.000175685973954387 0.000154257360190968 0.000514206429943442 0.00253088268218562 0.00307679794495925 0.00258257837267593 0.00247515020892024 0.000624620408052579 0.000435316024231724 0.000497464086220134 0.000678755692206323 0.000716478034155443 0.00028666249163507 0.000243932056764606 0.000541645345219877 0.000440274196444079 0.00069251322420314 0.000528883877268527 0.000329263528692536 0.000947724509751424 0.000175759816920618 0.000126859785086708 0.000125443125580205 0.000100667231527041 3.88690582440177e-06 1.81852837613405e-05 8.47386701252617e-07 7.34608290997585e-07 5.75286157982191e-06 2.20563329094148e-05 4.05074515583692e-05 7.35060692022671e-05 3.10885287035489e-05 2.44031029978942e-05 2.0679169892901e-05 3.08952310206223e-05
0.000162771633767989 1.91457959317631e-05 0.000720301459659822 0.000425237508898135 0.000634754457860254 0.000523298842017539 0.000710228158277459 0.000767596677178517 0.000629722900339402 0.000309029716299847 0.0014780969475396 0.00117716712411493 0.000937968716607429 0.000748515245504677 0.000501886071288027 0.00043016012350563 0.00059144364495296 0.000380279340606648 0.00113333421759307 0.000609278006595559 0.000413773533364292 1.06915596006729e-05 3.40237560294554e-06 1.81764565923004e-06 4.27780903009989e-05 0.000342415214254288 0.000441824719018769 0.000197448398103006 0.000469821853039321 5.13731416504015e-05 0.00012053049649694 2.90632680844283e-05 5.53615422177245e-05 9.8186189234184e-06 3.34135261255142e-05 1.21742864394037e-05 3.2174984141875e-06 1.26887969372547e-05 9.60371805831528e-06 2.00330039660912e-05 0.000165757293871138 2.73429663138813e-05 2.49359191911935e-05 2.09497607556841e-05 1.6518605463034e-06
0.000235145621991251 0.000713237019954249 0.00121686343918554 0.00150209058192559 0.00107166473171674 0.00149196031270549 0.00377067013178021 0.00501817739568651 0.00245846167672426 0.00125033287331462 0.00103964934824035 0.00153858278063126 0.00109388061100617 0.00113753257319331 0.00115882554091513 0.00118103821878321 0.00049181948415935 0.00045960008574184 0.000398164668877143 0.000647795337135904 0.00081905301194638 0.000799621368059888 0.000282166870601941 0.000455553803476505 0.00021475099347299 0.000218472898268374 0.000160207441513194 0.000178687723382609 0.000202748281299137 0.000181940959737403 7.60833518143045e-05 5.74942383536836e-05 3.04720593703678e-05 1.23701250913655e-05 1.44771128361754e-05 9.33596252252755e-06 9.62925992098462e-06 3.49698835634626e-05 0.000164589427004103 0.000231020462524612 3.80576148927503e-05 2.60222636825347e-05 4.4769176565751e-05 1.47784713135479e-05 2.38712077134551e-05
0.00108005963265896 0.00206571241142228 0.00180392149486579 0.0026638698996976 0.00229081190773286 0.00162445635651238 0.00241800657240674 0.00105254293011967 0.00108179829549044 0.000797744933515787 0.000807700888253748 0.000682791040162556 0.00122047286713496 0.000893905939301476 0.00194871452404186 0.000469888327643275 0.000409171644423623 0.000371057899610605 0.000343393588264007 0.000310831252136268 0.000273842115711886 0.000267893503769301 0.00024901926954044 0.000224540576164145 0.000221813177631702 0.00019997194831376 0.00014559272894985 0.000135490315733477 0.00017209828220075 0.000223220498446608 6.83279136865167e-05 3.3843263554445e-05 1.6030196002248e-05 3.65589430657565e-05 4.38392555224709e-05 7.08831248630304e-05 7.44096192647703e-05 0.000120181784586748 0.000100977386318846 0.000221315812086687 4.15195188907091e-05 1.73079008618515e-05 2.14319765291293e-05 5.18609236678458e-05 2.41301905589353e-05
0.00163984738173895 0.00152853711042553 0.00270100475754589 0.00134635918075219 0.00237575103528798 0.00165425909217447 0.00151950416038744 0.00104615646414459 0.000788569977157749 0.000638544221874326 0.0012949530093465 0.000511854130309075 4.52868687716546e-05 0.000953341947752051 0.00041725818591658 0.000408200388483237 0.000371691325563006 0.000332566334691364 0.00030019686819287 0.000283898391353432 0.000266554100380745 0.000240505735564511 0.000231581083062338 0.000247531791683286 0.000191899506899063 0.000157206858420977 0.000125663541984977 0.000219369933620328 0.000240462035435485 0.000195342752704164 0.000198667613585712 3.17103403176588e-05 1.13074800765389e-05 2.72756632512028e-05 1.9133201249133e-05 1.27034014440142e-05 1.13211173584205e-05 0.000115614847891266 0.000360185977478977 0.000135869889345486 0.0001182700303616 0.000129839015426114 5.62419507332379e-05 0.000119336343414034 0.000114102970837848
0.00149514064542018 0.0012276089633815 0.00106406101840548 0.00113043882884085 0.00202401842689142 0.00114851839025505 0.00170359339681454 0.00182956295902841 0.000778860994614661 0.000538810572470538 0.000469706731382757 0.000431516696698964 0.00040031491080299 0.000799197133164853 0.000353465133230202 0.000592582249373663 0.000557132423273288 0.000271449678984936 0.000236371318897 0.000321576548594749 7.09304105839692e-05 0.000184657405770849 0.000213712026015855 0.000180774622276658 0.000128181097534252 0.000131483142467914 0.000115875557457912 0.000117327673797263 0.000165430646302411 0.000330162896716502 0.000331597776676062 3.21103265378042e-05 6.36118489637738e-05 3.55100637534633e-05 2.34556548093678e-05 5.48582818737486e-05 5.99591203354066e-05 0.000150028095231391 0.000353064546652604 0.000301605720596854 0.000133746356732445 6.26753870164975e-05 0.000117979951028246 3.93769543734379e-05 0.00022133006787044
0.00106489952886477 0.00113490735529922 0.00113967774668708 0.00121253413381055 0.00250511077465489 0.00123007893562317 0.000888905109604821 0.000792869064025581 0.00130516797653399 0.000667949829949066 0.000729754343046807 0.000825272646034136 0.00034045179199893 0.000396577258652542 0.000270644538250053 0.000271119250101037 0.000244141818257049 0.000212881292100064 0.000315437496465165 0.000282531256380025 0.000159971824177774 0.000154524420941016 0.000147972795821261 0.000147025245678378 0.000129805664619198 0.000126792324590497 0.000104826000097091 0.000107192816358292 0.000159173411520896 0.00012980256760784 0.000234616385569097 0.000117689375110785 7.97164495452307e-05 0.000152693909330992 0.000242372088541742 9.47037860896671e-05 5.68416482565226e-05 0.000234265990002314 0.000200445132213645 0.000585316280194093 0.000206031290144892 0.000242773766512983 0.000170961239928147 0.0001588284940226 7.54037559090648e-05
0.000546494743321091 0.00119809443713166 0.00112557818065397 0.00117575183976442 0.00189383264514618 0.000677129012183286 0.000577449591946788 0.000549901183694601 0.000481190765276551 0.000929525375249796 0.00038151729531819 3.89623732189648e-05 0.000296110814088024 0.00024022329816944 0.0002140266027709 0.000203345940826694 0.000197739154828014 0.00016208023080253 0.000164269575179787 0.000154359029693296 0.00014317517488962 0.000133313053083839 0.0001203359952342 0.000119673834706191 0.000104759049645509 9.52667731326073e-05 0.000108840061511728 0.000111060802737484 0.000139620403206209 0.000123221095418558 0.000246448828693246 0.000133066540729487 0.000336517454707064 0.000161738593305927 7.85061874921666e-05 7.85731692303671e-05 8.71432166604791e-05 0.000153523802146083 0.000216603364970069 0.000204598179698223 0.000365161251102109 0.000161510590987746 0.000194885780365439 0.000146593702083919 0.000155878444638802
