Scripts_&_data/Maxent_result_files_2/B_niveatus_3.asc
NCOLS 594 
NROWS 330 
XLLCORNER -15 
YLLCORNER 23 
CELLSIZE 0.166666666666667 
NODATA_value -9999 
[rows 140 to 159 of 330, columns 540 to 584 of 594]
3.10619756191954e-06 1.28375137364856e-07 9.50627752516198e-07 8.33609808523761e-06 2.52877536695451e-05 8.81263955676559e-07 3.26622744637461e-06 1.0005244439526e-05 2.8328267580946e-05 2.27186723122941e-06 3.3430136682e-06 6.05136327180844e-07 5.58482320167641e-08 9.86171719574713e-07 1.68373252193987e-06 3.36510083798203e-07 4.62609383022894e-09 1.38450293718506e-06 2.65841783857468e-06 6.88765867096208e-07 9.90465619565839e-07 1.47171318474193e-06 6.33258785498469e-07 3.21805411473974e-07 4.90877312131488e-08 1.72768434936188e-07 1.22633466936861e-07 1.24322749783801e-07 2.78036792167313e-07 8.20028093784231e-07 1.20592176529044e-06 3.39579992214567e-07 3.99249208271613e-07 4.63168245801171e-07 5.41218658156595e-07 6.50404626867385e-07 3.83174251794571e-07 8.9329020340756e-07 8.68569563294841e-07 1.1721856708391e-06 1.10347057784566e-06 9.48246162124633e-07 8.52073966939315e-07 4.66870400259722e-06 1.27893359604059e-05
1.32010503506308e-07 1.73932302516278e-07 3.1395151097513e-06 2.76091699333847e-06 2.27834916586289e-05 2.00788035726873e-05 2.10329093874861e-06 4.17779242667393e-07 1.63480861488097e-06 7.53282708956249e-06 2.52135582279323e-07 5.23625317683241e-07 1.46461684380483e-06 2.27781704893459e-06 1.47204920608601e-06 8.33825648527409e-07 1.32469652669442e-07 7.55511774741535e-07 3.20088809644403e-06 2.88790216362855e-07 2.56419685911169e-06 9.49774817016191e-07 4.07717519124162e-07 1.08489629724318e-06 2.01931714371995e-07 2.15103275991169e-07 2.00048996212843e-07 2.78827830868522e-07 5.63412792864426e-08 2.26746622189467e-07 4.24170430619597e-06 2.9405475885369e-07 2.95296238306264e-07 3.45357589992545e-07 3.80369466768116e-07 3.60570543023186e-07 4.438800118578e-07 6.31761309932699e-07 6.75545894068819e-07 5.60651959347069e-07 3.32440036387993e-07 2.76613816083682e-06 4.40058993547154e-06 2.34895521487033e-06 2.7143234660798e-06
6.18375770500279e-06 1.18051501658556e-06 1.0976835483234e-05 2.74593406288659e-06 8.99532726634789e-06 9.72697789620725e-06 8.32616422030696e-07 8.7897382599067e-07 5.84582189731009e-06 2.94496399533273e-06 4.02073455916252e-06 1.96377398538061e-06 1.68176692625366e-06 1.57156373745693e-06 1.70957231659941e-06 1.25863169131435e-06 2.59550492387461e-07 1.39489915227387e-06 2.02031924629864e-06 4.78644650669935e-07 5.87295467924243e-08 8.33322578275286e-08 4.55740616800426e-08 5.2315446126272e-07 4.36920904789417e-07 2.64196440724618e-07 8.31811781409897e-07 2.4553713195985e-07 2.88432976702779e-07 5.29707748331276e-08 2.05542406206405e-07 2.22127675186812e-07 2.9696463457185e-07 3.32345115339194e-07 4.01749701950394e-07 5.31384959856496e-07 5.61171040658337e-07 4.04314805280137e-07 2.47716984347335e-07 7.20577991275562e-08 1.04633854220992e-06 3.85945961625111e-06 1.36553721219457e-07 1.51845469531509e-06 1.27347325928895e-06
1.33772744348448e-07 1.16883967038461e-07 4.97616073289464e-06 2.01193213797524e-05 9.2404009819802e-06 2.41028437812929e-06 2.22560553879703e-06 1.86589846578045e-06 1.57256918384974e-06 6.25254433117561e-08 5.91229802893167e-08 1.30411799830199e-06 1.5470705250209e-06 9.26463701489411e-07 9.56737384072426e-07 2.26968315928389e-06 4.2672665090393e-08 1.44267296642298e-07 8.19608609958777e-07 1.33955589931567e-07 1.01056018309009e-06 3.19686312764134e-06 1.69856180320949e-06 2.19531775691451e-07 5.1644708605636e-06 4.61820828263626e-06 1.88543454271439e-07 1.87428493347852e-07 1.80798619453526e-07 2.20504811210276e-07 2.71996989908985e-07 3.32124500346254e-07 4.20978425097474e-07 4.42402091493932e-07 6.79339053455408e-08 2.79520060875171e-08 4.42221808061305e-09 5.3059600357841e-08 5.64542939174295e-08 1.705153940601e-07 5.30649487018309e-07 3.57773415515794e-07 8.56414592931287e-07 1.36905085241779e-06 1.39943194881198e-06
5.79423459612372e-07 2.73089150937267e-06 2.85506550881109e-06 6.5542061065571e-06 3.7778468504257e-05 1.0587931592454e-05 9.02738229342504e-06 7.68487864206691e-06 8.66260577367939e-06 2.87608866074152e-06 1.70621933079929e-06 3.1322721270044e-06 1.6241885106183e-06 3.1537113216018e-06 1.22310100607592e-06 1.36306965146105e-06 1.35423943845581e-06 5.73723763608314e-07 2.72451657110651e-06 3.71024131027298e-06 3.22072409630891e-06 3.40626338015682e-06 3.11275191506866e-06 3.55600118950861e-06 2.07562124501237e-06 2.15449011164992e-07 1.68039796477615e-07 1.89476592993287e-07 2.24239592938602e-07 2.87736392579063e-07 2.26449862594791e-07 7.17035677944011e-08 7.24454106482142e-08 4.00817856682778e-10 9.58295717623514e-07 2.70445996619628e-07 2.31730499677951e-07 1.82365294310038e-08 1.00295498350889e-08 1.0711522637763e-07 5.00701860062236e-07 9.75701061634027e-07 2.05329473601523e-07 1.49262396931249e-07 1.18334305021506e-07
2.81925119338666e-06 3.55130274556359e-06 2.43965092522558e-05 2.36332855820365e-05 2.25505937123671e-05 3.39587283633591e-05 2.60971265561238e-05 1.20235391477763e-05 1.06713531749847e-05 2.2212900876184e-05 1.04957293842745e-05 5.33905351858266e-06 1.70847567346755e-06 1.26796907693461e-06 1.65937116491932e-06 5.91394867299755e-08 1.52063623914955e-07 4.71807593438456e-08 1.64436961713754e-08 1.15845513359858e-07 1.3097604611545e-06 2.37409118142295e-06 1.19947725352176e-07 1.46824667268675e-07 1.79581248005434e-07 2.30000365064598e-07 2.11575471809056e-07 2.0392600958985e-07 2.06178067685414e-07 2.05453149249024e-07 1.04404475393949e-06 1.53217029463804e-07 3.53602753477844e-07 3.70572703900507e-07 3.80424044976735e-07 3.30495922185037e-07 3.14852687210987e-07 1.91307071162328e-07 4.29561619696983e-07 3.75764032156667e-07 2.14625570604809e-07 2.95260994098712e-07 3.62838367351515e-07 2.0007011762857e-07 1.15410729151222e-07
3.38868896392341e-06 2.81119137639507e-06 8.18442703121036e-06 1.77078331034863e-05 4.41297468569246e-05 2.62907479736896e-05 8.77737011251156e-06 8.48164527269546e-06 1.2342759873718e-05 1.48304858157644e-05 6.18016158568935e-06 8.15491478078911e-06 2.99495764011226e-06 8.29095475296526e-07 2.7822628609897e-07 2.56511857865682e-08 1.18325149145448e-07 1.24169543909147e-06 2.98438996537698e-07 5.82643693292084e-07 2.48195731273881e-06 1.69715150089012e-07 2.9502516271096e-07 4.96281488437944e-07 1.75330063001411e-07 1.83129154152084e-07 1.8583681793416e-07 8.02300104396636e-07 2.37379419587569e-07 2.28900039189739e-07 2.92339186813706e-07 3.48895025581442e-07 4.16538213698914e-07 3.09703247580728e-07 2.41000257972246e-07 1.35425367275843e-07 1.53393127177992e-07 3.44968482579588e-07 1.0199178937853e-06 5.68578423099098e-07 1.40764737182053e-06 1.59680882006796e-05 1.86447439318727e-05 2.46830005039556e-06 9.26332418771381e-07
9.6947795827873e-05 5.82820919589722e-05 3.67392891007512e-06 4.50846661692594e-06 5.8334541563454e-06 6.06271846663731e-06 7.75604223690607e-06 3.90801538969754e-06 1.89516966202063e-05 1.35891457375692e-05 5.14605513671995e-05 2.87703138383222e-05 1.04742820894899e-05 5.99053696532792e-06 5.08048913161474e-06 3.73915673606007e-06 2.5274836502831e-06 4.11724713558215e-06 3.28166613883241e-06 3.85809264571435e-06 7.05553651769719e-07 3.19452047961022e-06 2.09879553381143e-06 4.48753612545261e-06 4.44051372596732e-06 1.80338432187455e-07 2.01738637173321e-07 1.91319281839242e-07 2.07182851852394e-07 2.48700730764995e-07 2.64202910216227e-07 2.69721942913748e-07 2.35600886355769e-07 2.29874332546842e-07 7.17795642479757e-08 6.0745494456782e-08 2.20042008258758e-07 4.7798060698323e-08 1.65628976134258e-07 5.98770914450597e-07 8.10024263842024e-07 9.34599520974189e-07 9.70414151879595e-07 4.66455647085695e-07 3.57245622240043e-06
6.40039639620227e-05 8.0400176011608e-05 1.36061324383263e-05 3.96805458535709e-06 6.3318964720338e-07 2.67258945996218e-06 1.6069561780796e-06 1.9908378362743e-05 5.98937108406972e-06 3.69514784779312e-06 2.20826455915812e-05 2.9076144528517e-05 2.89656716631725e-05 1.46967409818899e-05 9.24226296206143e-07 1.00459880627568e-06 3.85293742510839e-05 2.53189682553057e-05 2.07528133614687e-05 1.71129076136367e-06 4.29212036578974e-06 2.72969615480179e-06 1.04396131561657e-07 1.15412936452231e-07 1.34694010256453e-07 1.54487830528183e-07 1.57257023047919e-07 4.64027308453296e-06 5.10158661199966e-06 1.78023110919412e-07 2.14394131603513e-07 2.30006850188147e-07 2.32277582767892e-07 3.15969153774631e-07 4.44840693347714e-07 4.0273104247035e-07 1.29504169699146e-07 1.70336236635649e-06 4.88030589096411e-07 6.27393248464614e-07 2.28672110580419e-07 2.17572221572482e-07 3.46679625096158e-07 1.10376368809284e-06 1.21530502212863e-06
9.24981064599706e-05 8.47907584102359e-05 8.34445345390122e-05 8.15502105979249e-05 4.48495200657817e-06 3.24360764807352e-06 1.17261023433457e-06 4.04268566853716e-06 3.1072995170689e-05 2.19227571506053e-05 4.3424942123238e-05 4.34575322287856e-05 4.77595807751641e-05 2.24660335334193e-05 8.03827349500352e-06 3.01870282441996e-06 6.58840508549474e-06 5.64052825211547e-06 8.76733813583996e-06 2.89200893917041e-06 1.44658623867144e-05 9.60973326513681e-07 1.24499366336295e-06 8.14296616624688e-07 7.12536362925675e-06 5.96035140461026e-06 4.02074971134425e-05 0.000364220871415455 2.50570668868022e-05 3.54721358490906e-06 2.20313642529391e-07 5.64329900498706e-06 1.40787412021837e-06 3.86383104000743e-07 1.19028242124841e-05 1.40467552434131e-07 1.24138165062959e-06 2.78582142243522e-07 7.76307276240118e-08 7.17832275398678e-08 4.21363196778657e-07 1.19027019991336e-06 1.24027719436981e-06 3.16226039132061e-07 1.49449585151729e-07
9.68595017184271e-05 9.1417542353156e-05 8.53878060297575e-05 8.10875233582919e-05 6.16776147580822e-05 4.73230940770009e-05 2.87926534838334e-05 1.58575420812213e-06 4.69311757456126e-07 7.66242333725131e-06 6.6206948213221e-05 4.68215157525265e-05 5.80205391088384e-05 5.16123756824527e-05 3.92423633456929e-05 4.79119977171649e-05 3.86283343686955e-05 1.39560304887709e-05 2.91634185487055e-05 4.04152349346987e-06 4.08480374289866e-06 5.39782122359611e-05 7.40901386961923e-06 2.77210404533434e-06 1.17781145902995e-07 1.0722258991791e-07 7.54184493416687e-05 0.00040018823929131 8.36714127217419e-05 1.71159106230334e-05 9.79805896861308e-07 2.53810203787452e-07 1.63101138284105e-07 4.29017060810111e-07 4.02424542755853e-07 6.16133555553233e-07 1.06873027760912e-06 3.0626442504289e-08 5.49396280291603e-07 2.58561894952436e-06 1.00793004946809e-06 3.96083796871949e-07 5.795000621589e-08 1.83907212942813e-06 1.07428403737231e-06
1.44667229051265e-05 9.93023000773974e-05 8.77106063853716e-05 8.02421927801333e-05 6.54423645755742e-05 3.31091868247313e-05 6.93618991135736e-05 7.76129603764275e-05 5.39073935215129e-05 1.40818237071016e-06 1.14198092887818e-05 6.48705847197562e-05 6.20891791186296e-05 7.77373672463e-05 6.25531063178642e-06 9.52960304857697e-05 4.08794425311498e-05 2.52454037763528e-05 3.73058343029697e-05 3.18954312206188e-05 5.36606205514545e-06 4.11430811482205e-06 2.49400911229714e-06 1.07841789542817e-07 1.20056416719194e-07 1.26490616736419e-07 3.30678264617745e-05 1.04430072724426e-05 0.000149057275120867 5.34986555067007e-05 9.68652604171893e-07 2.29599635872546e-06 4.48550726162011e-07 1.5334582563753e-06 2.4324071631554e-06 3.88346938535733e-06 5.35940613133334e-07 6.75925096516039e-07 8.31884682384043e-07 3.28138453653537e-07 2.62513929953911e-06 7.57742601820155e-07 3.64253105722412e-07 2.33109355463057e-07 8.47264711012485e-07
0.000115709279998555 8.41361645143479e-05 9.14718148123939e-05 8.59052539453842e-05 8.50083699333482e-05 8.08640426839702e-05 8.27097039291402e-05 8.3111236745026e-05 7.98163058789214e-05 4.43038642856663e-06 1.22507117765736e-06 6.50077499813051e-05 8.89441464096308e-05 6.76355541145313e-05 0.000102628421154805 4.79022030049237e-05 5.23888002135209e-05 8.89217108124285e-06 1.76729920895013e-05 6.89307356878999e-05 5.94274371906067e-05 4.64246016917969e-06 1.11478224695816e-07 4.22497393515187e-06 2.33380844747444e-06 5.83729405434497e-06 9.39207384362817e-06 7.07703136413329e-06 3.83044985937886e-05 9.47171022289695e-06 2.67324168135019e-07 9.00495525968381e-07 3.9732301075901e-07 1.14997158462415e-07 9.36941030431626e-06 6.34748604966262e-07 6.10991210692191e-07 2.53190489996058e-07 6.89354414662446e-08 7.79298495245939e-07 7.51103109450924e-06 1.17785303928031e-06 1.48587771917619e-06 1.83658747573645e-05 1.33392230168283e-06
0.000132861022575526 0.000116165818326408 0.000102128154685488 7.2880728112068e-06 6.56415653793374e-05 0.000102083662568475 9.81058983597904e-05 0.000100478623062372 9.80109831289155e-05 0.000103822122764541 1.51976990281355e-06 2.52135897881089e-05 0.00012832790343964 0.000109492319825222 0.000101951332908357 7.84964804552146e-05 0.000119653076762916 2.11630132980645e-05 0.000109621790397796 9.58260709012393e-05 0.000100135422690073 5.51234787053545e-05 1.17122675874271e-05 5.050345384916e-06 3.98562334567032e-06 4.04009356884671e-06 2.15482823477942e-05 6.0132870430607e-06 5.84735646498302e-06 4.65833426233075e-06 3.40559904543625e-07 4.99708670531618e-07 5.40603024035136e-07 6.68487703592291e-07 4.38986578501499e-06 1.65129554716259e-05 2.33512026426297e-07 1.49059638033577e-05 6.65327294768758e-06 6.23333615834554e-07 1.67609693058068e-07 1.74530551362295e-06 1.55069666902818e-06 1.51026720232039e-06 1.45787993801605e-06
0.000122985002235509 0.000150553746061632 0.000142298480932368 0.000129052141710417 2.75711840004078e-05 5.00709993502824e-05 0.000110623020009371 0.000111379879672313 0.000108170893508941 0.000112153051304631 6.35609851087793e-05 6.76337072746946e-07 0.000100364287209231 0.000125299832143355 0.000113714073813753 0.000127615214296384 0.000146959916310152 0.000136690643557813 5.8514590273262e-05 0.000141134192017489 4.15274434431012e-06 4.98893501571729e-05 4.65263556179707e-05 8.28689702103702e-07 5.48818195156286e-07 4.99606303492328e-06 6.37772813206539e-05 3.17437911689922e-05 3.36551974214672e-05 1.27638823641973e-05 1.29957408944392e-05 2.19622446820722e-05 1.36581197466512e-05 1.13695824666138e-05 1.4286492444171e-06 3.00793316254655e-08 6.03172899360516e-07 2.23861863801744e-07 2.04515219515145e-07 3.50627524348113e-07 1.78531805090643e-06 1.40178741503405e-06 4.22159215531792e-06 1.92991724929925e-06 2.13902588939163e-06
0.00015996142392396 0.000203961423540022 9.09955118004291e-05 0.000207204333128175 0.000187199305946706 0.000148312166129472 0.000144862105662469 0.000139635645973613 0.000146519930422073 0.000153069681982743 0.000180035546509316 9.9746873274853e-06 8.06770519830025e-06 0.000135249897721224 0.000126926775556058 0.000125865172958584 0.000132068600942148 0.000133364301291294 0.000153650624270085 0.000179882915108465 0.000214045063330559 8.98658005326069e-06 9.77378036623122e-05 1.7936663925866e-05 2.72408150792103e-07 7.13270718222248e-06 0.000168244208180113 0.00017578843398951 7.86310483817942e-05 8.26080064371126e-06 2.77842723761523e-07 3.19030810942422e-06 4.01342183522502e-06 3.22804039498692e-07 7.6033585969526e-07 6.23376587327584e-07 2.07175693489603e-08 4.81424598675062e-07 1.66691764889038e-06 1.62508357561819e-06 1.3807769619234e-06 1.76885552036765e-06 1.66223252904274e-06 2.33715934427892e-06 3.43104255762228e-06
0.000269423481950071 0.00027078770508524 0.000400960093247704 0.000263085214828607 0.000109479904131149 0.000205469845241169 0.000176118065428454 0.000163303367298795 0.00016387689684052 0.000114779523937614 7.60907445510384e-05 0.000159337063814746 9.08780792087782e-05 6.83322537952335e-05 2.26724630920216e-05 0.00013550797048083 0.000140545825706795 5.38257597327174e-05 0.000200081335060531 0.000174802463880042 0.000170391600113362 1.67217123930641e-05 3.66961514373543e-05 5.97860529865102e-06 3.27690478343357e-06 1.57921043125953e-05 6.05267877745064e-05 3.70212545931281e-05 5.86269333098244e-06 2.04235992669055e-06 1.90835385183163e-06 2.76524932814937e-05 9.41218041816683e-07 4.11154578472406e-07 2.82845721358171e-05 4.96258934479243e-07 2.64714346940309e-06 1.24310229807634e-06 2.19573597405542e-05 1.28465470652372e-06 3.59050368388125e-05 2.07600930366425e-06 2.23845585196614e-06 3.26519511872903e-06 1.94478883059901e-06
0.000313542126968969 0.000826250182581134 0.000718218789552338 0.000498535687802359 0.000321875509689562 0.000246606885775691 0.000220958831778262 0.000201853566977661 0.000179875853064004 0.000173729269590694 0.000164212117670104 0.000164386215328705 0.000156927564239595 0.000185095294000348 9.97489458995915e-06 8.11726116808131e-05 0.000143540957651567 5.15959686254064e-05 0.000151827646186575 0.000146247741213301 0.000155767476826441 1.89203401532723e-05 0.000156371299817692 3.97274210854448e-05 9.1054320546391e-05 0.000215949460471165 0.000379492866341025 7.88565166658373e-05 9.33854993490968e-05 2.56050083862647e-05 1.93538284918304e-06 2.45389554152098e-06 3.48037554545044e-06 8.76861056919864e-07 1.25120138818602e-06 1.86644835586947e-07 1.84253748102492e-05 2.53671583323012e-05 4.09187056220617e-06 6.78912907119411e-06 2.29973423756746e-05 2.74703614877581e-06 3.37170317834534e-06 1.61234360803064e-05 7.90316075836017e-06
0.000349411211209372 0.000383990697446279 0.000284190730599221 0.000428008520975709 0.000346073445689399 0.000298690666386392 0.000266760298109148 0.000252827764052199 0.000226016391388839 0.000214845249865903 0.000192169126239605 0.000188933137542335 0.000175330336060142 0.000155156850087224 1.72382933897097e-05 9.90368001794195e-06 0.000193297563237138 0.000171907211188227 0.000157335760741262 0.000180222521885298 0.000215470426337561 0.000297049513028469 2.44266071490529e-05 1.47783649026678e-05 7.19092680810718e-05 0.000161135863163508 0.000656506829545833 0.000436498934141127 8.3659576739592e-05 4.11118875689453e-06 6.88717420871399e-06 2.53976998919825e-05 4.04318224354938e-05 7.59783690540416e-07 1.4827869009082e-06 2.46070860612235e-05 1.13150040249366e-05 1.60627715558803e-05 4.72186527076701e-05 4.80123821034795e-05 1.15127435947215e-05 5.15738234753371e-05 0.000199693290778669 2.53967543358158e-05 1.47065292367188e-05
0.000462760608934332 0.000549518634215929 0.000439764669863507 0.000466816252446733 0.000506222117110156 0.000436929643910844 0.000410144335182849 0.000363937561633065 0.000315697476617061 0.000278411214821972 0.000260534444532823 0.000237663695588708 0.000187476901919581 0.000163949341367697 0.000157437031884911 6.59448676742613e-05 7.2730341685201e-06 0.000199924725893652 0.000179059965739725 0.000193504405615386 0.00020155740348855 0.000351799039344769 0.000203823804622516 0.000252036073652562 0.000300790982146282 0.000294968229718506 0.000301752409723122 0.00113487881899346 0.000176146792364307 0.000262745590589475 0.000341006420785561 0.000295174458005931 0.000195812758829561 9.09368629606888e-06 3.45990345522296e-05 1.6378746022383e-05 2.43875419073447e-05 0.00013936605755589 0.000113841878373933 6.93998015776742e-05 2.10844859793724e-05 0.000125351400492946 1.2750754103763e-05 1.84777799404401e-05 0.000103820008371258
