Scripts_&_data/Maxent_result_files_2/B_niveatus_2.asc
NCOLS 594 
NROWS 330 
XLLCORNER -15 
YLLCORNER 23 
CELLSIZE 0.166666666666667 
NODATA_value -9999 
[rows 120 to 139 of 330, columns 405 to 449 of 594]
2.46635356688785e-05 2.37566920986865e-05 2.58932209817431e-05 3.59696839041135e-05 1.73617125255987e-05 2.79573697753221e-05 1.7466512304054e-05 3.49526989566584e-05 3.05428513229344e-05 4.09357009175437e-05 3.75618047655735e-05 2.06467729412907e-05 1.7764956874089e-05 3.97540978838151e-06 8.38506225591118e-05 4.92247450551986e-06 4.25552724664158e-05 1.3126983822076e-05 5.51900497157476e-05 0.000134431649712496 2.33507354096218e-05 7.93214877603532e-06 7.1621812480771e-06 9.1108988385713e-06 0.000101408237424039 5.59575018996838e-05 0.000105509192144382 6.99753181550022e-06 9.36999177838516e-06 3.79008442052964e-06 8.42716174815905e-06 3.66298966980594e-06 3.88794169055018e-06 4.17599383695233e-06 4.47535283001343e-06 4.97657966604947e-06 4.7302705979746e-06 4.99588147704344e-06 1.03725164024127e-05 9.48515028085239e-06 1.16416130197194e-05 1.32529407778748e-05 1.64433447139345e-05 1.88264769803936e-05 6.84404265484773e-05
4.40478379459819e-05 5.3354059468802e-05 1.88327603495964e-05 2.48013830514537e-05 3.07896148797227e-05 2.63717741290748e-05 0.000145937764500559 1.95656812365996e-05 2.20548326524295e-05 2.29611959184695e-05 2.01127872287543e-05 2.27828451670575e-05 2.15389572076674e-05 1.85293744152659e-05 1.74415725041399e-05 2.16250293533449e-05 0.000374979963089572 7.96987031208118e-05 2.23403952077206e-05 2.61978469097812e-05 2.90418887743726e-05 2.69606004849265e-05 1.0319959460503e-05 7.63362749012231e-06 1.30398856754255e-05 9.69710938534263e-06 3.48336241131619e-06 3.46493612823906e-06 5.01482854815549e-06 2.27599214781549e-06 3.24345644742152e-06 4.6436140962669e-06 7.15113362730335e-06 4.83283164101067e-06 9.9603155888417e-06 5.21185558284287e-06 5.32271783697524e-06 6.77761293559342e-06 7.42745210686735e-06 8.97476674595055e-06 1.16409733323053e-05 2.35916888186694e-05 2.64854599436148e-05 0.000435245976041188 3.86154942134453e-05
2.38371756040578e-05 1.92593434576338e-05 2.91549503572242e-05 3.19418686103745e-05 1.54350957586757e-05 2.30970488246385e-05 8.45283774651762e-05 3.05008748455293e-05 2.33639423868226e-05 1.91457281289331e-05 1.68896525565287e-05 1.46295359400028e-05 1.67231036812154e-05 1.59209018647744e-05 1.75317088519478e-05 1.81223311415124e-05 1.3933290699697e-05 4.8678562961868e-05 8.28762638775515e-05 2.06238883720289e-05 1.65406037467619e-05 2.70002682555059e-05 2.41934662881249e-05 8.67234093107072e-06 9.02815916106192e-06 7.79286565375514e-06 4.55721033887357e-07 1.2785189483111e-05 1.43205120366474e-05 8.36868216538278e-06 1.99419358750674e-06 2.73988282799564e-06 6.6561552444e-06 3.86632681710353e-06 6.37445152165128e-06 4.9802034880031e-06 6.44258316526702e-06 8.64440238501629e-06 9.83851894602594e-06 1.74492362930323e-05 1.37834862243835e-05 9.22648750474764e-05 2.95693886300796e-05 4.21846759309119e-05 6.81437505818394e-05
1.73448802115672e-05 2.86134097223112e-05 3.33997847064893e-05 1.59169612857113e-05 1.88027782428435e-05 2.32919757536365e-05 2.01509785711096e-05 2.37453358749917e-05 2.14845730170055e-05 2.08080650054399e-05 1.745878806787e-05 2.4302318070113e-05 1.483063441583e-05 1.65747248956905e-05 1.92566216810519e-05 3.1870091561359e-05 0.000635480191704119 0.000338244938029675 7.00402631991892e-05 2.3931567488944e-05 2.865045719318e-05 1.60882834279619e-05 1.92036992416433e-05 7.14437782676214e-06 7.28770224895925e-06 7.03613831092298e-06 5.77013273073135e-07 6.04335621687824e-06 5.21599252465421e-06 5.64220448495689e-06 2.68300198627003e-06 7.22402159567537e-06 5.36747842829754e-06 6.89024857365439e-06 7.17273265422591e-06 5.48729618685684e-06 7.01279376471575e-06 1.45596401921466e-05 1.08740543112162e-05 1.12392161440766e-05 2.49387387157185e-05 1.92905655808318e-05 2.69209926273106e-05 4.31286172897671e-05 3.22057019729982e-05
2.9634310919846e-06 3.6873333647236e-05 0.000118814338793527 1.87314102504388e-05 7.32404198515724e-05 2.03763387389699e-05 2.33825038321811e-05 2.70341982286482e-05 2.25504188847481e-05 2.33541274155868e-05 1.93313836007292e-05 1.82872108211996e-05 3.14269285809132e-05 1.75384723888783e-05 2.41538379441408e-05 0.00379718716721982 0.000660744003835134 0.000200912666332442 0.000216184243618045 2.0883403544758e-05 1.9706414036591e-05 3.0464943415609e-05 1.13781257937262e-05 8.69874111231184e-06 6.13698334461787e-07 1.05785505638778e-05 7.78040209752362e-06 2.23242978336202e-05 6.07275096058402e-06 4.63587774675034e-06 5.46567163723921e-06 4.14039383542786e-06 8.79666106357035e-06 6.54420825014768e-06 7.12867220045155e-06 8.21409504965232e-06 8.89173412588207e-06 7.11829496822247e-06 1.93538166513463e-05 1.46278140618961e-05 2.81195354546071e-05 9.47677922340517e-06 1.99972173732021e-05 2.06687728905308e-05 4.33996046467655e-05
2.96125551585646e-05 3.45919251913074e-05 4.63233928485352e-05 8.29183716177795e-05 4.27932337288439e-05 4.21392281623412e-05 2.32373874951008e-05 2.38845414060052e-05 4.39292419287085e-05 7.69205981896448e-06 3.5414061130723e-05 1.91486491075921e-05 0.000114902764107683 0.00025582958405721 0.00021407418535091 0.000863949740596581 2.75270517477111e-05 1.55659874963021e-05 4.07338634431653e-05 1.71927667906857e-05 3.06458585328073e-05 2.45684329570395e-05 3.73669268583399e-05 1.10425068442055e-05 1.37980476210942e-05 7.76112851212929e-06 1.59988448331205e-05 1.56825542489969e-05 1.26556418763357e-05 2.41439145156619e-05 1.03523793484328e-06 2.09556966268565e-07 9.6583947936324e-06 1.59749684712551e-05 9.89551506336284e-06 1.44445033015472e-05 1.03442415820609e-05 1.38227602462848e-05 1.43217318964162e-05 1.60360985660191e-05 1.87511705576071e-05 3.33571889314044e-05 3.24442103874389e-05 2.1807978509969e-05 3.55206275344244e-05
3.42386127158534e-05 2.42746681806238e-05 2.99442431014541e-05 0.000101986751815275 4.56423043942777e-05 2.94918944291567e-05 4.55861615591857e-05 5.0052862661687e-05 0.000219709570592386 0.000465232957503758 0.000857866799924523 0.000843479309696704 1.67191808486677e-05 1.74914383819669e-05 1.59838781428334e-05 1.65254108196677e-05 1.46813073115482e-05 1.55568568857234e-05 2.24060243454005e-05 1.84238703582196e-05 1.42756557352186e-05 2.34978077060077e-05 1.64741281196257e-05 1.85822922162515e-05 1.04379854519721e-05 1.61515675017654e-05 4.0906195408752e-05 4.38245436271245e-05 3.24864326103125e-05 2.48549281423038e-05 1.41662050282321e-05 6.66506063566885e-06 6.88362343339577e-06 8.2921281034487e-06 1.96747869495084e-05 1.14609162039869e-05 2.19609470946125e-05 1.97597039573338e-05 2.38009904478531e-05 0.000172451629441639 3.88768705306575e-05 4.07935896419076e-05 3.85913718616848e-06 1.11243155970442e-05 0.000142000093001116
2.28133660584717e-05 2.78763621281541e-05 2.81280892522773e-05 5.20730131938762e-05 2.67726676156599e-05 6.08234656283457e-05 9.30708685700665e-05 5.28511694938061e-05 0.000853378011379391 0.000456404342548922 0.00127688100765226 1.79870544798177e-05 1.82178275281331e-05 1.80032691105225e-05 1.43542813930253e-05 1.65480922078132e-05 1.31376129957061e-05 1.4125251243513e-05 1.62433122113725e-05 1.42972425805965e-05 1.46285105984134e-05 1.48038544239171e-05 1.4908334219399e-05 1.49637261188218e-05 2.37869272723401e-05 1.45837901300183e-05 3.0424757505898e-05 6.64568287902512e-05 1.12323786652269e-05 2.01509084831741e-05 9.66902379104795e-06 3.09461017423018e-05 4.30996127988692e-05 6.78807074905308e-07 1.19155337984012e-05 2.13734966678203e-05 2.29885603630464e-05 2.00083559320774e-05 8.5242463137547e-05 2.08107585763173e-05 1.28472266510471e-05 2.21705806779937e-06 3.0388693335226e-05 2.66336352297003e-05 2.50329234461333e-06
2.63557729567765e-05 2.99817220366094e-05 2.92542098577542e-05 0.000108986486020513 3.04736165617214e-05 0.000139037136978004 8.89742554136319e-05 4.48848451924277e-05 4.21343245989192e-05 3.5486159777065e-05 2.71560310011409e-05 1.88187007438501e-05 1.90430071029368e-05 1.95416707015283e-05 1.98520972162441e-05 1.49633471664856e-05 3.55424037024932e-05 1.65356814022744e-05 1.55372983044799e-05 1.70585449723148e-05 2.18056064113625e-05 3.50091811924358e-05 1.89168336191869e-05 1.53455428744564e-05 2.07759587965484e-05 2.24093357473976e-05 2.08797551294992e-05 1.52169425973625e-05 2.0317026860539e-05 2.44189395289141e-05 1.79928157422182e-05 8.20228745510576e-06 2.66025080236432e-05 2.28056373998697e-05 1.57125527266544e-05 1.41927769050199e-05 3.38651602078244e-05 2.05188813993118e-05 2.2987369322891e-05 2.0862124517862e-05 1.86751073556479e-05 2.31162715294886e-05 5.43458191373247e-06 3.06825710140402e-05 0.00015781732799951
3.61047327260167e-05 6.60994854115415e-05 4.37840691120073e-05 4.89741638375563e-05 8.39023497974267e-05 0.000175245329955942 9.83116102361237e-05 1.42823870191933e-05 2.7519097966433e-05 2.56764963296519e-05 7.5734866413768e-05 3.70355977793224e-05 2.42516036564666e-05 2.47242865953012e-05 4.12718686675362e-05 5.95523006268195e-05 8.2138577454316e-05 3.83883217182301e-05 5.20423734087672e-05 2.20062664993748e-05 3.04637974295474e-05 3.34283061874885e-05 3.17456143420714e-05 1.37788812367035e-05 1.76065812070192e-05 2.52219379945018e-05 2.20951107621659e-05 1.94594309050444e-05 2.55846289064721e-05 2.14942766888271e-05 2.71119095145878e-05 3.05334224321996e-05 5.93021868553478e-05 7.43723945561214e-05 7.0450548264489e-05 8.82671902218135e-05 1.18116558525116e-06 1.90742183008297e-05 2.48293782306064e-05 2.42019116285519e-05 9.42094860420184e-05 2.91959786636653e-05 2.51385967089846e-05 4.79389433621691e-05 4.8510944679947e-05
9.32256702071754e-05 9.97733435724513e-05 0.000100762502370344 4.51301521025016e-05 2.85990478460008e-05 3.61348461410671e-05 3.38214225848787e-05 0.000139997252699686 0.000125350396046997 7.98091286924318e-06 9.61146536155866e-06 3.16000951443129e-05 0.00188645265589003 7.54547500037006e-05 6.60725600027945e-05 7.97778786363779e-05 5.13449105710606e-05 2.95224319415865e-05 1.80944854491827e-05 1.58414738280044e-05 2.15930799868147e-05 1.6998842306748e-05 1.89181871292021e-05 1.87345484164325e-05 1.70279846088306e-05 1.70890109870925e-05 2.31077775879385e-05 2.48455501832723e-05 2.49617846748151e-05 4.05128440661429e-05 2.82388185951277e-05 2.48218719889337e-05 2.36421542922471e-05 0.000146422679245006 0.000107718998697237 0.00010819427370734 7.9535578879586e-05 3.90034697829833e-05 3.13502801873256e-05 5.28099234543333e-05 2.48958633619623e-05 5.04721296692878e-05 2.57164943604948e-05 2.24873026581918e-05 4.96574011776829e-05
4.30640361628321e-05 0.00014513682181132 5.46158584256773e-05 0.000173433925101563 9.7183392244915e-05 9.53983691942995e-05 0.000183303829908255 0.000154176039359299 0.000148863689537393 2.49783013714477e-05 0.000448311226500664 6.80909008224262e-05 9.01746643648949e-05 7.84964573540492e-05 7.82291434006765e-05 8.36829933177796e-05 0.000104823130641307 7.72333016357152e-05 7.05613601894584e-05 2.21693141838841e-05 2.69699572072568e-05 5.41363251613802e-05 1.78961562824043e-05 1.8002193405664e-05 3.51149366906611e-05 0.000132209312323539 4.12959665027302e-05 2.12259297541095e-05 3.64207369102587e-05 2.28828305466777e-05 2.20391153675337e-05 2.40221924968864e-05 2.00898106641034e-05 4.3236823148618e-05 5.53289483832486e-05 9.71886685874779e-05 8.56425775054959e-05 2.34587630757233e-05 3.71756915228616e-05 4.08940346687814e-05 2.99726667435607e-05 3.09423518729091e-05 0.000129232930976286 0.000201567394833546 2.21464105607083e-05
0.000836468808120117 0.00583947759587318 0.0011240579711739 0.000142628869434702 0.000143719717016211 0.000132096977176843 3.95431654396816e-05 1.15433768769435e-05 2.49422773777042e-05 6.4553666379652e-05 8.29203618195606e-05 4.68796933091653e-05 2.47188064349757e-05 1.53775372041309e-05 2.66925764208281e-05 3.48355883033946e-05 5.25305986229796e-05 5.85057345233508e-05 6.30040691248723e-05 8.32275483844569e-05 6.8365993865882e-05 4.97501671816281e-05 3.81575715437066e-05 6.29141059107496e-05 8.03552802608465e-05 7.97680946561741e-05 1.33540385434117e-06 4.06373828354845e-05 2.45674056372991e-05 4.68052772930605e-05 2.48538758683026e-05 3.23664658026246e-05 2.52681059009774e-05 0.000101264754266595 6.58820721582742e-05 0.000112813168016146 0.000243408459209604 2.97773018701264e-05 3.99747019173446e-05 3.22355210755632e-05 3.33670859617996e-05 2.10427044294192e-05 3.97332345073664e-05 3.46499728948402e-05 4.44329247784481e-05
0.00199244992691092 0.000150413669325644 0.000398529108497314 0.000338682945584878 0.000300888816127554 0.000170629234708031 1.05918516283054e-05 0.00017344816296827 8.93222182639874e-05 7.51167111957329e-05 4.10622985782538e-06 3.70355409131662e-06 2.07619964953665e-06 2.41578555119304e-05 1.34362801532006e-05 5.65909232136619e-05 6.87472299432557e-05 5.34481090653571e-05 7.60377883125329e-05 4.50687238298997e-05 5.25799643583014e-05 1.72837156924288e-05 3.51406357367523e-05 8.26092073111795e-05 0.000124051380407764 3.02756247037905e-05 6.37883936178696e-05 0.000244559322891291 4.52722400950734e-05 4.32309564757816e-05 4.58110516092347e-05 5.05463232002512e-05 7.17645978511428e-05 0.00016509804809175 9.57173193455674e-05 0.000151421890041092 0.000245672664459562 7.89112349593779e-05 0.000139265561574575 6.88231313688448e-05 2.26212630877853e-05 3.21191456350789e-05 3.02635382467997e-05 8.75126855589769e-05 4.73458514079539e-05
0.000138664691257873 0.000208442810253473 0.000149075529770926 0.000143526948886574 0.000245403030567104 0.000223807326256065 1.28881915316015e-05 0.000163854525817442 0.00010394267810625 0.000111131599987857 0.000125086268599262 0.000101392980650417 6.465095771091e-06 2.61647664501652e-05 2.00189926999883e-05 1.35287586317645e-05 7.54920895360556e-06 2.49709362833528e-05 6.56873873595032e-05 6.84787635691464e-05 3.98386825509078e-05 1.72623412481698e-05 1.49072154044916e-05 1.29680797158471e-05 0.00100687774538528 0.00110002826550044 3.2821811737449e-05 3.58197791683779e-05 2.23997366674666e-05 2.9483816388165e-05 3.92788459066651e-05 4.23149931293665e-05 7.53425470975344e-05 0.000290980908175698 0.000120001916729962 0.000134883852661005 0.00010769705822895 3.62255504569475e-05 6.13422205788083e-05 2.74581485427916e-05 3.04480162867549e-05 2.68223359398689e-05 2.42370625528565e-05 5.92094657349662e-05 3.55304048298422e-05
0.000215474468859611 0.000221632618195144 0.00016762429913797 0.000166033472123672 0.000200466410024092 8.84455375853577e-05 0.000115876422569272 0.000130701501257136 7.1830866545497e-05 8.20007395304856e-05 8.8137528837251e-05 9.17133520488278e-05 8.6357621330535e-05 7.56042471039109e-05 0.000102892134600552 7.40382844014675e-05 0.0001084964540496 1.52925355223488e-05 2.23803267999756e-05 1.81801198095854e-05 2.33741523061326e-05 2.58736044997931e-05 2.06172073831112e-05 1.95511866422748e-05 0.000708444954943843 2.61635480114819e-05 3.31763274516561e-05 1.97808054053894e-05 2.5000816492593e-05 2.99842472259115e-05 3.2061185834209e-05 2.49619643000187e-05 0.000739142582460772 0.00013516864128178 0.000124793580835103 0.000192825443082256 0.000130944654665655 5.65704860491678e-05 8.30248582133208e-05 2.31853283821692e-05 2.09250393481852e-05 1.9067995003752e-05 3.19520724815447e-05 9.09230329853017e-05 5.51265532067191e-05
0.000219134004146326 0.000228614389925497 0.000180212150735315 0.00019944976302213 0.000210167060868116 7.32286645870772e-05 0.000104534884121676 0.000494082293153042 0.000111641064358992 6.81060590068228e-05 6.2545858509111e-05 0.000116752865869785 0.000110261923327926 9.59245919148088e-05 6.06592051553889e-05 6.20686665570247e-05 3.61830819883835e-06 1.42497872047898e-05 3.01873433272704e-06 3.02716283385962e-05 2.18746758037014e-05 2.78834552318585e-05 1.77015503595612e-05 4.1481482458039e-05 2.14790905374684e-05 1.42267121873374e-05 2.22790192879074e-05 3.96313343117072e-05 3.60964292440258e-05 2.91017389145054e-05 5.16659755476212e-05 4.29072799761343e-05 2.63116579617417e-05 3.88860643397493e-05 9.65403936788789e-05 9.14652568098973e-05 7.48949505577912e-05 8.81432051755837e-05 1.98092996697596e-05 3.43692676096907e-05 9.63956673331268e-05 4.66768055048306e-05 8.21155173980515e-05 6.42600465994292e-06 4.89036743601901e-05
0.000214312912430614 0.000167710558162071 0.00013776512532786 0.000167599190535839 0.000142158859307528 0.000199291691023973 0.00011494199061417 5.94576173170935e-05 0.000189272889656422 8.5838945415162e-05 0.000124502580365515 0.000123525064191199 0.000110348215457634 7.99576528152102e-05 5.96802532527363e-05 6.06219649853301e-05 5.59317528313841e-05 8.98767052603944e-06 3.18707906444615e-05 8.49661510073929e-06 3.06490564071282e-05 1.57247729362098e-05 4.61491455098439e-05 3.5366872771192e-05 5.78827971366991e-06 9.57080712851166e-06 1.451921127682e-05 1.64733921110383e-05 6.42074271127058e-05 3.10013227363015e-05 0.000376432115808711 2.99650709393973e-05 2.67091558725951e-05 6.51929931336781e-05 1.98001481294341e-05 2.75171956445774e-05 5.64519443287281e-05 9.93142165043537e-05 0.000165137300609786 0.0018110815435648 2.90588988946183e-05 5.28806611328036e-05 6.84602065575746e-05 1.12486675789114e-05 7.70510388065304e-05
0.000142517282438348 0.000160886227240553 0.000180816007195972 0.000128483098524157 0.000199078391597141 0.00013514654347091 9.87531462669722e-05 7.13320736394962e-05 0.000155118262409815 9.49194160057232e-05 5.2989700998296e-05 0.000145145805436187 0.000167510007304372 9.76924240603694e-05 5.90436609854805e-05 7.47592104744399e-05 5.64946662052535e-05 4.95657927785942e-05 5.50591075807461e-05 6.03698601480573e-05 0.00014767661687074 0.00013891508551751 7.52857675252017e-05 8.69383031840698e-06 1.34355438376588e-05 1.03205788491323e-05 9.4482629833692e-06 1.0326339850053e-05 3.11039167627314e-05 3.48019325656423e-05 6.30117043328937e-05 7.05492792349105e-05 2.4318981036231e-05 1.3962543857815e-05 6.78405406233651e-05 4.46496672338981e-05 6.48126605483412e-05 0.00252998060605023 0.00032943537880783 4.28942935513987e-05 0.000896084359555971 4.15899992049162e-05 6.36146285160066e-05 3.56888208443706e-05 2.21184007841657e-05
0.000997493931208737 0.000500626925349934 0.000253652072569821 0.000152134510062751 0.000205225250101648 0.000178169928767602 0.000121150044287788 0.000155768141848966 0.000121925380881294 0.000100477343585226 3.64239924238063e-05 0.000281662377892644 5.31962041350198e-05 6.31170732958708e-05 8.45758999275859e-05 7.54575887185638e-05 6.62913029373158e-05 3.83604013222794e-05 2.42422024257394e-05 0.000254586695155012 5.17950373250642e-05 1.82809320904198e-05 0.000448425095237326 3.5383794693189e-05 2.30890567763709e-05 9.67992123150907e-06 1.48386315686366e-05 1.54940583911412e-05 2.95845884465962e-05 3.5093203496217e-05 2.84201813428808e-05 4.3304820405865e-05 0.000105425669698889 5.04942915085849e-05 6.46221094939392e-05 4.64161197669455e-05 2.63436552700114e-05 3.04337319676051e-05 0.000104221214314748 0.000356549142088625 7.35545209863631e-05 0.000122509768016243 0.000166700946101628 0.000656195290503092 0.000394051146213314
