Scripts_&_data/Maxent_result_files_2/B_norvegicus_3.asc
NCOLS 594 
NROWS 330 
XLLCORNER -15 
YLLCORNER 23 
CELLSIZE 0.166666666666667 
NODATA_value -9999 
[rows 220 to 239 of 330, columns 360 to 404 of 594]
0.000370179534365889 0.000148869403710705 7.04899656739144e-05 7.27951010048855e-05 0.000100543440203182 0.000419289094861597 0.00018929285070044 0.000591234584862832 0.000138244617210148 7.62002316605503e-05 5.54640428390485e-05 8.37727239741071e-05 0.000162778681624332 0.00458461956586689 0.00978666339069605 0.00381847341050161 0.00201188431528863 0.000768111806246452 0.000527912893085158 0.0187090022489429 0.00150663939130027 9.00246606761357e-05 1.2398353237586e-05 0.000122028903479077 6.57685813621356e-05 -9999 -9999 -9999 -9999 -9999 -9999 -9999 -9999 -9999 -9999 -9999 -9999 -9999 -9999 -9999 -9999 -9999 -9999 -9999 -9999
0.000379152619279921 0.00015427607086167 0.000195327933215594 5.26226041529299e-05 4.4634736241278e-05 6.87583205916553e-05 0.000124500226957025 6.19839856881299e-05 7.17109312972752e-05 1.02377043958768e-05 3.09114298033819e-05 5.87800144387529e-05 0.000212850780008011 0.000279367398979957 2.0894651152048e-05 0.000247069948818535 0.00143111450597644 0.000292553983672406 0.00473146610020194 0.0873768150806427 0.171636184304953 0.00762175787240267 0.000652236277164775 0.000193634492097772 0.000318778070504777 -9999 -9999 -9999 -9999 -9999 -9999 -9999 -9999 -9999 -9999 -9999 -9999 -9999 -9999 -9999 -9999 -9999 -9999 -9999 -9999
0.00482443775981665 0.000189347945706686 0.000447570299729705 0.000314753545899293 0.000648715687566437 7.2778794401529e-05 0.000142853589795777 3.84595856303349e-05 2.81996687476749e-05 4.71547287816065e-05 6.39662575849798e-05 0.000435255203046836 7.75794742366998e-05 0.000203145711202524 0.000198967405412986 0.000276076402406034 0.000404968067596201 9.50724084759713e-05 0.000133436948090093 0.0102282231207937 0.215390366315842 0.146712135151029 0.00381361106410623 0.00341132824542001 0.000466307492752094 0.000237322501925519 -9999 -9999 -9999 -9999 -9999 -9999 -9999 -9999 -9999 -9999 -9999 -9999 -9999 -9999 -9999 -9999 -9999 -9999 -9999
0.0268936391919851 0.00149589104694314 0.00219207520131022 0.00500118967611343 0.00637807149905711 0.00165307762799785 0.000351323067297926 0.0003914126627933 0.000418931655440247 4.65442771655944e-05 6.43355326246819e-05 4.6935484988353e-05 0.000175287911270061 0.000150816987661528 3.5480216013184e-05 5.91579449356061e-06 3.01626138190514e-06 0.000199153277389996 0.000738165074290009 0.000759906387247611 0.00227386319311336 0.00172495700535364 0.00743581790011376 0.0101294730324298 0.012986538768746 0.000360128530155634 4.57203935866346e-05 -9999 -9999 -9999 -9999 -9999 -9999 -9999 -9999 -9999 -9999 -9999 -9999 -9999 -9999 -9999 -9999 -9999 -9999
0.0120116855017841 0.00803030813112855 0.00577855121809989 0.00530324131250381 0.0204959349241108 0.00481760937254876 0.00663824388757348 0.000722906882583629 0.000312093736647512 7.41538175589085e-05 5.92492341638717e-05 5.92503103689523e-05 1.61122934855484e-05 6.16612603607791e-05 0.000115104767883167 3.87308886729443e-05 5.66853592317784e-05 9.73535316006746e-05 0.000102735653217678 0.000115493971588876 0.000378681065922137 0.000470126970321871 0.000587041319522541 0.00133186843886506 0.000482846149679972 4.45528419220409e-05 1.39593382449732e-05 0.000468670016198303 -9999 -9999 -9999 -9999 -9999 -9999 -9999 -9999 -9999 -9999 -9999 -9999 -9999 -9999 -9999 -9999 -9999
0.0254943162668496 0.256648489832878 0.0265340471640229 0.0908988036215305 0.00832434301264584 0.00261602518730797 0.0225252100266516 0.00876656440086663 0.00591492122039199 0.00135449016233906 0.000286331999814138 8.7698481456755e-05 0.000141064591298345 2.13627351172363e-05 1.37542633069643e-05 9.27380881876161e-05 6.24431323558383e-05 3.17983132504196e-05 0.000258753337948292 3.23019360394028e-05 1.21768108442666e-05 5.41718077329278e-05 0.000210414261891856 0.000344620022224262 0.000203258822693897 5.14022292918526e-05 4.22393831740919e-05 3.09953468242696e-06 0.000291837171971565 0.0221139155221067 0.000114346241389285 1.84329157946195e-06 -9999 -9999 -9999 -9999 -9999 -9999 -9999 -9999 -9999 -9999 -9999 -9999 -9999
0.00368125719833188 0.0944130379706621 0.0674199476838112 0.139860675856471 0.0469250845955685 0.0143666494172066 0.0600863818079233 0.0263874303549528 0.00468049560440704 0.00422180588357151 0.000265453364409041 4.55788243471034e-05 2.01690720587067e-05 2.49582089509204e-05 1.42480087399477e-06 8.81853165992652e-06 3.35873116227958e-05 1.83948679364221e-05 1.45609254786905e-05 2.52270099736052e-05 3.1448835466108e-05 1.63286782935756e-05 1.3742199371336e-05 4.55505871741479e-05 7.25481831977959e-05 2.5853365139028e-05 6.84998611291121e-06 3.67318388185822e-06 -9999 -9999 -9999 -9999 -9999 -9999 -9999 -9999 -9999 -9999 -9999 -9999 -9999 -9999 -9999 -9999 -9999
0.0133786534890533 0.0186264027142897 0.0628841035068035 0.026609272044152 0.0149988794699311 0.0229055242612958 0.118904754519463 0.148954249173403 0.0316343821585178 0.00301248645409942 0.00013395434616541 6.667859852314e-05 5.40760705007415e-05 1.54111617121089e-05 3.01123236113199e-05 1.26290841684806e-05 1.74421124938817e-05 9.74817480710044e-06 2.14830664276633e-05 2.074303365589e-05 1.7072072330393e-05 1.74987419995887e-05 1.00408636285465e-05 2.13550553553432e-05 4.34395723914349e-05 1.49002175589885e-05 9.05850140043185e-05 -9999 -9999 -9999 -9999 -9999 -9999 -9999 -9999 -9999 -9999 -9999 -9999 -9999 -9999 -9999 -9999 -9999 -9999
0.00822097030468285 0.00750341406092048 0.0194714733399451 0.00790560441091657 0.00710420403629541 0.0154382327571511 0.0146049866452813 0.0415597220882773 0.0300137924030423 0.053466696664691 0.000161625104374252 0.00032672460511094 4.59278145399367e-05 2.09618815233625e-05 1.67212500969072e-05 4.19235073877644e-05 3.26278508509858e-05 5.40599414193821e-06 6.15242251114978e-05 1.55954645606471e-05 2.08920715977001e-05 1.75512130454081e-05 7.26246261137931e-06 5.95455343841422e-06 2.2676035200675e-05 1.15686579306384e-05 9.3789125821786e-05 -9999 -9999 -9999 -9999 -9999 -9999 -9999 -9999 -9999 -9999 -9999 -9999 -9999 -9999 -9999 -9999 -9999 -9999
0.000235062004503561 0.000421986774017569 0.00101248733117245 0.00668482454493642 0.0115341269876808 0.00608650324866176 0.0100992544554174 0.0362878346815705 0.00924818138591945 0.0277486779727042 0.0081639398355037 0.000432691023161169 0.000121517965362727 2.58904451470698e-05 1.39353186568769e-05 1.33799314767202e-05 7.09530340259334e-06 1.74076284906732e-06 5.84506638574567e-06 3.94170974118424e-06 1.1032055999749e-05 1.28597022921895e-05 1.72728815414303e-05 2.92460389573534e-05 8.70000040542607e-06 1.80776498837076e-05 -9999 -9999 -9999 -9999 -9999 -9999 -9999 -9999 -9999 -9999 -9999 -9999 -9999 -9999 -9999 -9999 -9999 -9999 -9999
0.000170136313727198 0.00376765211112797 0.00489872342441231 0.0157975788693875 0.0130371985025704 0.0228158169426024 0.0151308839209378 0.061029789224267 0.00583456307649612 0.00114527088589966 0.138749208673835 0.00489617071580142 0.000176422012373223 3.61162477474863e-05 2.21291178036154e-05 1.77245772533752e-05 8.01083220665078e-06 1.15490472808233e-05 6.33103198879326e-06 1.16023697614764e-05 1.12485591159839e-05 9.91037692301688e-06 1.09343043277477e-05 3.80777310510894e-05 3.42166425980395e-05 4.14104901210521e-05 -9999 -9999 -9999 -9999 -9999 -9999 -9999 -9999 -9999 -9999 -9999 -9999 -9999 -9999 -9999 -9999 -9999 -9999 -9999
8.94207720314455e-08 3.96529588613248e-06 2.36052862021552e-06 0.000206996751512634 0.00852791820652783 0.0465670252218843 0.0322382280603051 0.0725297268480063 0.00189373685861938 0.000126983571681194 0.00119787858129712 0.000351713743293658 6.41389021893701e-05 1.66092602512435e-05 2.65255012777743e-05 1.79883976215933e-05 1.46804163250636e-05 3.66303808050361e-05 2.30487549401914e-05 1.62107095377451e-05 1.53617088471947e-05 2.02042979367434e-05 2.80861838177771e-06 3.02598936286813e-05 2.0402433176514e-05 1.02240499273876e-05 -9999 -9999 -9999 -9999 -9999 -9999 -9999 -9999 -9999 -9999 -9999 -9999 -9999 -9999 -9999 -9999 -9999 -9999 -9999
1.09022764718247e-05 2.18610221836002e-07 2.03776033174563e-05 3.69519209925784e-05 0.000394425189006142 0.00566406410653144 0.0527790021151304 0.1517941147089 0.0030317282769829 9.32267350435723e-05 1.93411211057537e-05 1.13556366500234e-05 2.80667208699015e-05 4.27026315037438e-05 2.62097073118639e-05 0.000141502570841112 8.54938129123184e-05 0.000152301274465572 0.00012593601941262 7.27999112768885e-05 2.9488160123492e-05 3.01410899396615e-05 1.80305038632866e-07 1.53802929681035e-07 4.85160636998216e-07 -9999 -9999 -9999 -9999 -9999 -9999 -9999 -9999 -9999 -9999 -9999 -9999 -9999 -9999 -9999 -9999 -9999 -9999 -9999 -9999
3.84212210065016e-06 7.300521531306e-06 1.23250576962164e-05 1.16586038529931e-05 1.72116154772084e-05 0.00133990900358185 0.0155853047966957 0.00621050130575895 0.0132688799407333 0.000353596300556092 2.58452806519927e-05 1.77694083049573e-05 7.13281520347664e-05 6.21374611455394e-05 7.87577816026897e-05 5.06818674693932e-05 0.000160101700930682 0.000149482093911502 0.000202798876125598 0.000134687274749012 0.000927531540219206 7.41868792829337e-05 2.71474558850571e-06 0.000332749234803487 -9999 -9999 -9999 -9999 -9999 -9999 -9999 -9999 -9999 -9999 -9999 -9999 -9999 -9999 -9999 -9999 -9999 -9999 -9999 -9999 -9999
1.89423732081195e-05 1.96692815734423e-05 1.90731837392377e-05 4.74628564006707e-06 6.93187849947208e-06 1.06307921896587e-05 0.000412930695165414 0.000117782226516283 0.000388130472856574 0.000522397707391065 0.000826040835818276 0.000346370787156047 0.00230195091571659 0.00571950066369027 0.000714499309833627 0.000653985685494263 0.000785895576700568 0.00108471788116731 0.00762874458450824 0.00950232727918774 0.00132157847401686 0.00107581950724125 7.41405268399831e-05 -9999 -9999 -9999 -9999 -9999 -9999 -9999 -9999 -9999 -9999 -9999 -9999 -9999 -9999 -9999 -9999 -9999 -9999 -9999 -9999 -9999 -9999
5.62363951758016e-05 7.68403800748274e-06 1.02167385421126e-05 4.08032147788617e-05 0.000732222289661877 0.000829518664977513 6.38038613033132e-05 1.70468944816093e-05 0.0043232687166892 0.00136998537636828 0.0416272899135947 0.00547388934064656 0.00259727182565257 0.0010785607912112 7.99665554950479e-05 0.000116045095637674 0.000281167187495157 0.000144701168028405 0.00177300121868029 0.0724131483584642 0.00995886134915054 0.00386941218748689 0.0012786729959771 -9999 -9999 -9999 -9999 -9999 -9999 -9999 -9999 -9999 -9999 -9999 -9999 -9999 -9999 -9999 -9999 -9999 -9999 -9999 -9999 -9999 -9999
4.10910608366066e-06 2.17296065443406e-06 7.25187446732889e-06 3.31702197399863e-05 6.15365086559905e-05 0.00143470090115443 0.00196055322303437 0.000404064182657748 0.000907941130571999 0.00183586487546563 0.00158520981203765 0.000767176490626298 0.000630479009123519 0.000483551708748564 7.34885041310918e-05 0.000149208101720433 0.000350060683558695 0.000383176806644769 0.000104312122857664 0.000371707795420662 0.00601832873653621 0.0235092502087355 0.00095253018225776 -9999 -9999 -9999 -9999 -9999 -9999 -9999 -9999 -9999 -9999 -9999 -9999 -9999 -9999 -9999 -9999 -9999 -9999 -9999 -9999 -9999 -9999
2.64558027083694e-05 9.04477910808055e-05 3.56062209831975e-06 4.7984866250772e-05 1.18835569253406e-05 7.38222681320622e-05 0.000303676936891861 0.000984554333263077 0.00145220885169692 0.00159323178231716 0.00118311861006077 0.000283940607914701 0.00116274197207531 0.000755217138794251 7.43136552046053e-05 5.82488224608824e-05 0.00215372013044544 0.00351361341308802 0.000959650537697598 0.000456577687873505 0.00624780957587063 0.00489780916832387 0.00336477280361578 -9999 -9999 -9999 -9999 -9999 -9999 -9999 -9999 -9999 -9999 -9999 -9999 -9999 -9999 -9999 -9999 -9999 -9999 -9999 -9999 -9999 -9999
4.14325877500232e-06 1.08879366109704e-06 8.78698806161538e-07 0.000311767217499437 0.000134618676747778 2.73236877546879e-05 2.45056951371225e-05 2.2497173586089e-05 7.79783529651468e-05 4.82343734802271e-05 6.12873331192532e-05 3.85119210477569e-05 0.000316677971568424 0.00161460346425883 0.00351095171645284 0.00183252104907297 0.00240856225136667 0.00335727905621752 0.0018613709078636 0.00309439444936288 0.000871017354074866 0.00333083081059158 0.0102417073212564 -9999 -9999 -9999 -9999 -9999 -9999 -9999 -9999 -9999 -9999 -9999 -9999 -9999 -9999 -9999 -9999 -9999 -9999 -9999 -9999 -9999 -9999
1.55709377906987e-06 9.87533734786439e-07 8.94645928326554e-06 3.62247402563298e-07 1.41234614716268e-05 2.90099319954606e-05 3.47039085824008e-06 0.00030622523371886 0.000132080796730349 3.40061532369873e-05 3.41740435942484e-05 2.3058248552843e-05 5.94442779402016e-05 0.000136977432339336 0.000584897540102247 0.00150640830397606 0.00157124157994986 0.00278134933905676 0.00164198006386869 0.00140337044431362 0.00258182479883544 0.00733017523307353 0.0416986621916294 -9999 -9999 -9999 -9999 -9999 -9999 -9999 -9999 -9999 -9999 -9999 -9999 -9999 -9999 -9999 -9999 -9999 -9999 -9999 -9999 -9999 -9999
