Scripts_&_data/Maxent_result_files_2/B_norvegicus_3.asc
NCOLS 594 
NROWS 330 
XLLCORNER -15 
YLLCORNER 23 
CELLSIZE 0.166666666666667 
NODATA_value -9999 
[rows 240 to 259 of 330, columns 495 to 539 of 594]
1.65608378388526e-07 1.80102283309225e-07 6.96263578792156e-08 9.81279954430647e-06 3.22090741100567e-07 1.84497286454643e-05 6.9714998645054e-07 9.52848270330264e-07 1.3082079732385e-06 8.76787720471839e-07 4.87704657103905e-07 1.02654803271207e-06 5.1555425333305e-07 1.37260294792441e-06 6.66563634013073e-06 5.15420962074131e-05 3.79125831386773e-05 0.000758918184146751 0.000648228026693687 0.00103804368991405 0.00098915160051547 0.000722290560952388 0.000680148912942968 0.00019384412380532 0.000139842647058686 6.58681107609027e-05 9.13869814667123e-05 0.000230082352027239 0.00041645431156212 0.000558745171292685 0.000205191383793135 7.95333193650549e-05 0.000256698071098072 0.000161175334483232 0.000143652188785381 9.07643832874783e-05 0.000149569469795097 0.000202698259090539 0.000179243670936557 0.000143057105015032 0.000125796908832854 9.6470806056459e-05 4.82805164210731e-05 4.30531464189698e-05 8.77735834365012e-05
1.03195301792702e-07 4.16847707906953e-08 1.26363850583289e-07 1.53208008502048e-08 1.57023650881882e-07 4.8670440366827e-08 2.01263778620842e-07 1.23027566001355e-07 9.50957306677935e-08 1.08274932486552e-07 9.65859100254818e-08 5.40658846404085e-07 7.25053498307204e-07 6.04153661498685e-07 2.60838279132258e-05 8.85174807081057e-05 8.84950553654562e-06 0.000543620360622299 0.000759789691801416 0.000837545035756204 0.00060447574214777 0.00064167513337452 0.000173909126624494 0.000123403867382876 7.7601135990335e-05 4.6544849374186e-05 6.74304619678878e-05 8.58601149161586e-05 7.24139916201238e-05 9.31835935716663e-05 9.56875388283152e-05 7.60198644456978e-05 8.38144082081271e-05 0.000159536616956757 0.000121624726125447 0.000196102132395026 0.000161719070274557 0.000115821566214436 0.000103179760662897 0.000126272780107684 9.40857526984473e-05 7.87532835602178e-05 6.26991314675251e-05 4.48060752205492e-05 6.38352341184145e-05
5.13428410897632e-10 5.75406899905317e-10 3.26877068745901e-09 7.48038897491199e-10 7.76695570081642e-09 3.50824480577216e-10 1.03568582932034e-07 2.94477340512245e-08 2.11659729743019e-08 2.51370846982013e-07 2.95152654317121e-07 1.10984234247269e-07 2.68764590671822e-07 3.83042744633855e-08 1.87679459031642e-06 2.77303149687214e-06 5.45348452192229e-06 6.49754937057878e-05 0.0004659390746383 0.000832320415065624 0.000413728127750801 0.000519048247952014 5.14148114518775e-05 6.23451400429076e-05 5.56129117740056e-05 4.68305755930487e-05 5.28385724123837e-05 0.000184858194370463 0.000225192611469538 4.54064120617659e-05 6.46501318897208e-05 0.000177274847828812 0.000238866626023082 0.000301512315309083 0.000571630492413533 0.000198760977991697 0.000322110860361136 0.000264848284314212 0.000148376914603432 0.000132143523478589 8.13245305835153e-05 5.89337319070182e-05 7.34195809855009e-05 6.56406784401042e-05 8.60465719597414e-05
1.12074235447679e-09 2.01098893093388e-10 1.05379067694145e-09 3.94193522268438e-10 9.3398130340816e-10 8.47431858019831e-10 1.42199321206959e-09 2.98754812888546e-08 2.59229390398019e-08 1.66770677090256e-07 1.12669814171795e-06 1.99314846760501e-07 1.60253501535479e-07 9.06683999346569e-07 1.34502609967058e-05 1.24347699198779e-05 6.01560312588845e-05 0.000405883799248841 0.000491073074954329 0.000529924777947599 0.000217617873931886 0.000405325815518154 0.000697711193060968 0.000102741514638183 8.90866803047175e-06 4.17000459378869e-05 3.04091869736567e-05 6.48196648626254e-05 7.75203616740328e-05 7.65766922995681e-05 7.44243385724985e-05 8.95676113373156e-05 0.000215673272577988 0.000188257952322601 0.000165770371495455 5.83402873417072e-05 6.20658961452136e-05 2.49984659831171e-05 7.78707030804071e-05 7.65262309954551e-05 0.000105483406082385 0.000102787435298524 6.44365892185306e-05 3.87377279366774e-05 3.72306870758621e-05
3.43427530857809e-10 2.0953616619579e-10 2.72452473693008e-08 2.48688181159196e-10 4.74544969986113e-10 2.89471124848006e-10 1.70103220398232e-10 6.26938323478043e-10 1.04764274500013e-07 8.36234095080712e-08 1.25495701475131e-07 1.38349453049358e-07 9.84856824537417e-08 1.18530467503319e-06 1.33160131156274e-05 1.08668833604497e-05 6.71635705202789e-06 7.13506054808022e-06 4.55454321127036e-05 0.000438998194294982 0.000127281081404362 0.000223655818263069 0.00108826125399426 1.41596643743469e-05 3.27896373164549e-05 5.58220914172125e-05 6.35712641269492e-05 0.000126972738144104 0.000177280523530499 5.85907917752593e-05 0.000113102431760126 0.00011269714386799 0.000129010212822322 0.000118089709303604 0.000152471554247313 0.00023132558708312 0.000157060810283838 0.000135685160614685 0.000126535281799534 0.000140439129739889 9.74140575294769e-05 7.63074938731734e-05 8.36487083063275e-05 8.65847408675791e-05 5.11269731390485e-05
4.55967208434771e-10 5.65277191721947e-10 2.34394725850962e-10 1.39505240692728e-10 4.1152606877759e-10 2.96953439615777e-10 6.27401863795285e-10 3.42223249738538e-10 2.00117795889909e-08 3.98779872679e-08 6.28311380146407e-08 3.67877523110849e-08 8.47587037000608e-08 2.89616329212095e-06 7.14914194475114e-06 8.7684268876842e-07 2.54376053163696e-06 1.22096896745916e-05 8.98169287211203e-06 3.23547268635593e-05 0.000293219745435636 0.000580066064139828 0.000105390027454177 5.78959427002701e-05 7.88599497809628e-05 5.8946443732566e-05 3.27037990587087e-05 0.000196044369386072 0.000419432845137635 0.000467645021217322 0.000313435469433898 9.15857865493308e-05 0.000178915572746519 0.000325818629062269 0.000298025533993496 0.000158639760979895 6.59737308581043e-05 8.97157317581332e-05 6.68359147624642e-05 7.45099928820991e-05 0.000137284466427445 0.000124839078875993 0.00010613378309472 7.52328699292093e-05 3.77725906687942e-05
6.06659100732543e-10 4.36693115002384e-10 3.85748488707094e-10 5.81998382820359e-10 4.22493995344553e-10 5.98360527792607e-10 2.40428943421023e-10 3.85699105986959e-10 1.35614945051543e-08 2.46944029447249e-08 2.00955951434878e-08 6.86520861847839e-07 5.25969083753353e-07 3.33991677337053e-07 9.67454677436308e-07 6.06098216593409e-07 4.10123519714034e-06 2.75761276611775e-05 0.000430162348493468 0.000200104215400643 6.51236472549499e-05 8.94833480856505e-05 0.00149243438218036 0.000107633104107663 0.000209327540869708 0.000128414521986997 0.000198927644214564 0.000295262928557349 0.000257558256453194 0.000112590543409397 0.000168072794394902 0.000173234721432891 0.000202344162266854 0.000184058940158138 0.000175509745577074 4.39631273820851e-05 0.000102949457402701 0.000138268888292714 0.000110600568473274 0.000165264157158163 0.000145056440260305 0.000139842482201402 9.40581301620114e-05 8.70041960638446e-05 7.68829467006071e-05
8.24591395165442e-10 6.08217476383288e-10 4.26742696735261e-10 3.46427719843945e-10 3.19850990138093e-10 3.74661135449372e-10 3.06497249802362e-10 7.27893412211245e-11 3.21862814733898e-08 6.49324296886355e-08 1.61181828950419e-07 1.80057932475108e-07 3.56942975088259e-07 1.41207632466944e-06 7.03897165408307e-06 6.31801585200265e-06 3.56341141923622e-05 0.000171677528669534 0.00060907235929335 0.000727411470143124 7.92573454418744e-05 0.000312222975844634 0.000156395501289808 0.000166560657817172 9.20115062399418e-05 0.000218684082074105 0.000188832936328254 0.000250075883036516 0.000687460578774335 0.000655825120338704 0.000161020994619321 0.000196173363883645 0.000171918038188323 0.000191998235550273 0.000242552986401279 0.000186639263256438 0.000205936912152538 0.000247424793269602 0.000211465837037395 0.000205589924075866 0.000103175257413568 8.00788102424121e-05 8.18106842132238e-05 9.08403211269615e-05 9.59951752321331e-05
5.24047184313758e-08 1.72204670523257e-09 1.05311703801902e-09 3.98270827428604e-10 1.3336118875884e-10 7.67946817248344e-11 1.34939387108624e-08 5.21564968991584e-10 1.6842647754256e-08 4.73758909214084e-08 4.17293218220038e-06 4.74491563551283e-07 1.26967160767322e-06 3.30150594862744e-06 8.77488013770744e-06 0.000306336118774198 3.44626862784025e-05 0.000314109400551388 0.000942782383208396 1.87982441730128e-05 4.13566245413222e-05 5.52740030798304e-05 0.000190405683042627 0.000118116764679144 0.000127431761109165 0.000273291506664464 0.000555705963051878 0.000976401577645447 0.000628424595379329 0.000172305840828813 0.000102196155529555 0.000291282353009592 0.000217623243338494 0.00042051509826706 0.000213059586576492 6.81172645499828e-05 0.000198779570428087 8.25424706974331e-05 0.03198524243669 7.47741434565796e-05 0.000231143125438393 0.000160445698747935 5.63479726338301e-05 0.000118973444935477 0.000115169402116067
4.7544092307561e-08 3.66576766719362e-09 1.65302451726745e-09 8.28770900795917e-09 6.32082866403039e-07 3.26326000332777e-08 1.27761458301734e-08 2.05944066244967e-09 9.66172475358462e-08 1.15267843625588e-06 1.88532191032209e-06 3.17600882908664e-06 1.51564429472728e-05 0.000205181278965938 5.75588927290482e-05 0.000283905419701114 0.00039540212569591 0.000787955174746457 6.32763769772282e-05 1.31040405676686e-05 0.0001265455023713 9.24644736187474e-05 0.00034971398235939 0.000285166545427273 0.000463903810123156 0.000561001838650554 0.000627180336596211 0.000526085106321261 0.00024853533058149 0.00019238501390646 0.000366387080794084 0.000223248250392771 0.000422342710044177 0.000216829907344618 0.000126419592743332 0.000105445091321599 8.62175979875701e-05 0.000106023213001549 0.000108239755718387 0.000192023134536612 6.86797928324268e-05 0.000154389510328201 0.000125848867901368 0.000105297069353583 9.85104882779808e-05
8.44431482107666e-06 1.9107870086188e-08 8.09219327102539e-09 5.58967747643635e-08 2.16841939106871e-06 7.21144811421937e-07 5.13171494187503e-08 2.49458015133541e-08 1.14836985964928e-07 3.18989725087704e-06 3.1187278239031e-06 0.000159760082692628 6.30379811525472e-05 0.000374957910025842 0.000210804137691412 0.000262898712981041 2.17196549101573e-05 2.70180038796752e-05 3.98800739276339e-05 7.06863016148418e-05 5.41167370329276e-05 6.95701821769035e-05 0.000170917028549411 0.000320451324478199 0.000290198306947786 0.000299713848608008 0.000762086678878404 0.000156615721152775 5.33823562363978e-05 0.000150154787547763 0.00018654882589999 0.000160671917899435 0.000199687083738809 0.000214597879698886 0.000135077136042128 0.000118622833724658 4.93173582981399e-05 0.000150594551132599 5.79521999668486e-05 5.36141500049325e-05 0.000131162368143123 0.000539449850475648 0.385020187200018 5.01239881714355e-05 0.000112366537956632
6.10305556620006e-05 9.58699083639658e-05 0.000269296977967315 1.76727093730733e-05 2.30534090860601e-05 7.98162096771193e-06 5.91667366212079e-09 4.67960986405558e-08 6.00655105387205e-07 1.40205663399229e-06 8.74709480171987e-06 7.70808675156331e-05 1.67107387426313e-05 0.000167220103151067 0.00031673121102358 0.000301206946687671 1.82418781946581e-05 4.76750792074654e-05 6.62306741560314e-05 0.000171585984389822 0.000187577399810834 9.96693763113399e-05 8.74496512324185e-05 9.72364931499214e-05 0.000323500428748957 0.000108071144791211 0.000348124941228889 0.000364858314060257 0.000329990236696176 0.000242235425889703 9.20072756798618e-05 0.000143848492098186 7.89918086468333e-05 0.000252593097320641 8.00043921117322e-05 0.000266627314158541 6.05288753831701e-05 0.000120683919340081 0.000146206758245171 8.28749363790848e-05 5.77626254198549e-05 8.2644042015545e-05 0.000117929602311051 0.000105051242371701 8.11776831596944e-05
0.00248678280040622 0.000365622370236451 0.000508434438233962 5.87288176575385e-05 0.00056443125140504 3.49397093941661e-06 1.22502652688539e-08 1.0517709405633e-07 2.5196848412179e-06 8.55992917081494e-06 2.79729915064308e-05 0.000135749108738992 5.67357883141995e-05 0.000182001700835599 0.000458976978507053 0.000319184981418585 1.65947648099518e-05 9.80713701437708e-05 0.000137285736400372 0.000100680309196832 0.000121355001783741 0.000118851655315666 6.54899076153015e-05 0.000220573140450142 0.000113382073413959 0.000361179779429222 0.000234928250756639 0.000281885522781522 0.000184960207752738 0.000190449532328785 0.000270573577654432 0.000109975579402999 0.000122487566613927 0.00022967476568283 0.000138293181277049 6.35553787788012e-05 3.35234583644706e-05 3.1907812171994e-05 0.000159949405224324 0.000383268089899502 0.000177552981585905 5.36497805683211e-06 0.000164162080636743 0.000263482084574207 0.000106478005454846
0.000498734253778821 1.52829323951664e-05 2.35905783938506e-05 0.00102421962510562 0.000217072647046734 0.000194592340631061 3.01251328380658e-06 6.90255390622951e-07 2.43396870700963e-05 1.5153205453089e-05 3.80979659041714e-05 0.000120253182342367 2.95621810096236e-05 2.34527449094912e-05 9.5502783824486e-05 3.74670349174266e-05 6.85703372937496e-05 6.82260713006144e-05 3.50740622053536e-05 4.0947992818019e-05 4.14972733835839e-05 7.09692975760845e-05 8.91210667305131e-05 0.000227113173968974 0.000943037763863685 3.68127947467656e-05 0.00123466725999606 0.000355327965371544 0.000701818663219456 0.000334164416199201 0.000162582016696433 0.000203575883074336 0.000223073913582539 0.00021891637607041 0.000217649971273204 0.00114376613273635 0.00103348409029422 0.0827244371175766 0.0765816960483789 0.000548732767310867 0.000396711752682677 0.0489135392010212 1.44405591981922e-05 0.000174018372217688 7.43011159158868e-05
0.000171440747180895 0.000211712897544203 5.0066965059159e-06 1.06068878210408e-05 0.000286945131483662 5.76583441329603e-06 6.56432256818107e-07 3.8075117387848e-07 4.05012308988262e-06 1.42589233632862e-05 3.2461141637441e-05 0.000108850423777085 0.000136134540764488 1.18240824377835e-05 1.18837548143347e-05 4.7660477662248e-05 4.60539671678362e-05 4.28006171091511e-05 9.295905581439e-05 3.21854126752896e-05 2.36801668904718e-05 4.46146223907817e-05 2.70985444785765e-05 0.000145863087891485 0.00174392426088161 0.00102191486221272 0.00350133349347743 0.00123054471005162 0.0111808753397781 0.000553431530533999 0.00359471979754744 0.000883406914908846 0.00116163351558498 0.0281554466346279 0.00542967557048542 0.00125724361450921 0.00171092076343484 0.000164181635625482 0.000628957348817494 0.00708925510043628 0.0724097225815058 0.00190609717974439 0.000105484655523469 0.000151090756344274 0.000273632666522872
1.00266606523292e-05 1.5525772687397e-05 2.69208594090742e-05 0.000482261904107872 9.32513800080414e-06 3.43730796885211e-05 0.000210364069607749 0.000202736881283272 0.000238119276934867 3.49661762157893e-06 8.84127573073101e-06 0.000253241130329229 6.80848945933121e-06 2.30516021844096e-06 1.52422525161455e-05 5.22459237572548e-05 3.7040167228497e-05 6.30376487379181e-05 1.39537541741674e-05 1.26218909855424e-05 2.23456407866252e-05 0.000175467383905925 0.000418582982274529 0.0060348047176376 0.00631165554514155 0.0081121637718752 0.141295736283064 0.251415052264929 0.512398366630077 0.0719254778698322 0.319310431182385 0.000964000643216423 0.183351814746857 0.0573020536452532 0.00124337595043471 0.0564514931302344 0.152862780913711 0.124204952269793 2.19082666944814e-05 2.46350843582377e-06 2.55352807130294e-06 0.000175210483666888 0.0015720524430435 0.00316895908631523 0.000178718342834827
1.19898829325393e-05 1.24741404761153e-05 1.36199027025441e-06 6.85530669031209e-06 0.000157237455914583 0.000182561113490465 0.000257592114462568 0.000379095503933513 1.81139859137147e-05 2.77936907835397e-06 2.63177889905819e-05 2.78194999907555e-06 4.56815895404361e-06 3.8900780680251e-06 0.000256601300202419 7.17122564992678e-06 6.86991327825126e-06 3.88898489518397e-05 0.000591741320567962 0.00235966940717844 0.0288209927733988 0.0411013086792082 0.0453232052735984 0.00882569188252091 0.00257225606474094 0.0303989749867469 0.000103451391169074 0.0231850486947224 0.13119387216866 0.24991665408021 0.363910404592752 0.00736116240814226 0.47588417828083 0.186112033575773 0.00951188295148313 0.140699841827154 0.00358731523273101 0.0451383644714951 0.012188485590741 0.0861811134964228 0.0411819349741563 0.00515300754195778 4.79452150443649e-05 0.000104492243872301 5.9214584075562e-05
4.31041232786811e-06 3.68194137251976e-05 0.0002033637923887 0.000253328445432999 5.24714370214952e-05 0.000233893621339121 2.09629129926725e-05 1.53302921034992e-05 1.24816255947735e-05 1.87810050420012e-05 1.38425988582824e-07 6.1793429381396e-06 0.000347406793389382 0.000175824725965867 0.000481705495667484 0.00101662747993032 0.000632173984195106 3.17754798743408e-05 0.00194550766900647 0.00275518089183606 0.00624084224691615 0.0150285772513598 0.0040807883720845 0.000623968428408261 0.00428778655768838 1.31248056561617e-05 0.000114029962878703 0.000539901725278469 0.0301546553149819 0.00159594021679368 0.00657257710117847 0.561986982449889 0.0014114408288151 0.00743007408455014 0.447230772634764 0.0303689521271735 0.00502960621088278 0.00108115030743647 0.00134478494891889 0.00236348664620891 0.00648872780875536 0.000410356649058485 0.0022075212746131 0.000869171319936868 1.81999680421541e-05
2.06141414196281e-06 7.04914097013898e-06 2.33025697298217e-05 1.94196930635826e-05 0.000183877371182461 0.000246790962137311 0.00014387386290764 2.15077410814501e-05 1.40008056348506e-05 8.40604335280659e-05 4.17133975139095e-09 3.27451405990331e-08 3.91030584356855e-07 8.50793537210848e-05 7.39322452318447e-05 0.000361940054426668 0.000775588541000616 1.73665639096043e-06 0.00717322207055986 0.0101454300805926 0.000564248902810505 3.78897874725226e-05 2.51307302278292e-05 3.89018928672158e-05 7.86069091986974e-06 9.01827676642597e-06 2.4016204883992e-05 0.000480050304031465 0.000175626375676075 9.91182523648604e-05 0.00117296065873234 0.0018411970580928 4.47217857526994e-05 0.00483895296929404 0.228391194716096 0.00977962365141138 0.0192475298885256 0.00165497967973351 0.00130001436154998 0.00169399024161976 0.125674686208367 0.0230304351076484 0.00472713117997046 0.00309945381704892 3.03207218621537e-05
7.05512220520177e-06 7.11261385504258e-06 5.63213928330697e-06 0.000187587212167273 3.03875071324455e-05 4.85706891595328e-06 7.4953815783374e-06 3.21387205985957e-05 3.03159408190368e-05 1.51158349170899e-07 3.90355904933415e-08 5.58584679879459e-06 1.47936511485369e-07 4.64013810415054e-06 7.06905449078476e-05 2.52693216751254e-07 2.36160148325837e-07 1.95837898445461e-05 0.00368900753092021 0.0235240471549332 2.08139819278585e-05 1.09184382139915e-06 3.79651088223909e-05 3.91178184884211e-06 2.29287553779045e-06 2.10077452607038e-06 1.60393345140619e-05 1.51370048342869e-05 1.89327945236073e-05 7.43117706633711e-05 0.000717883176548639 0.000187737867599935 7.10567882151736e-06 0.000451491853164043 0.0951004784554243 0.278610796667635 0.163434773683548 0.0201148628722876 0.868405903875828 0.39753655269742 0.275033345073462 0.184914156422019 0.111982696503401 0.191416393220425 0.0179080780595541
