Scripts_&_data/Maxent_result_files_2/B_norvegicus_3.asc
NCOLS 594 
NROWS 330 
XLLCORNER -15 
YLLCORNER 23 
CELLSIZE 0.166666666666667 
NODATA_value -9999 
[rows 40 to 59 of 330, columns 225 to 269 of 594]
-9999 -9999 -9999 -9999 -9999 -9999 -9999 -9999 -9999 -9999 -9999 -9999 -9999 -9999 -9999 -9999 -9999 -9999 -9999 -9999 -9999 -9999 -9999 -9999 -9999 -9999 -9999 -9999 -9999 -9999 -9999 -9999 -9999 -9999 -9999 -9999 -9999 -9999 -9999 -9999 -9999 -9999 -9999 -9999 -9999
-9999 -9999 -9999 -9999 -9999 -9999 -9999 -9999 -9999 -9999 -9999 -9999 -9999 -9999 -9999 -9999 -9999 -9999 0.50459763109684 0.683917015790939 0.0403625791892409 -9999 -9999 -9999 -9999 -9999 -9999 -9999 -9999 -9999 0.0276027753949165 -9999 -9999 -9999 -9999 -9999 -9999 -9999 -9999 -9999 -9999 -9999 -9999 -9999 -9999
-9999 -9999 -9999 -9999 -9999 -9999 -9999 -9999 -9999 -9999 -9999 -9999 -9999 0.446716777980328 0.295645143091679 -9999 -9999 0.235084460675716 0.253990100324154 0.195870051532984 -9999 -9999 -9999 -9999 0.0339707037433982 -9999 -9999 -9999 -9999 0.141313188523054 0.319305735826492 0.121401455625892 0.160164542496204 0.0140160249400651 0.500004185796848 0.515640825475566 -9999 -9999 -9999 -9999 -9999 -9999 -9999 -9999 -9999
-9999 -9999 -9999 0.27219101190567 0.164783091843128 -9999 -9999 -9999 -9999 -9999 -9999 0.109774742648005 0.476241078972816 0.210245605558157 0.109321361035109 0.212053970992565 0.183895247802138 0.305647474527359 0.460055980086327 -9999 -9999 -9999 0.112669506971724 0.137575750052932 0.217978806048632 -9999 -9999 -9999 0.246930559724569 0.465701931715012 0.152337620407343 0.0926947578787804 0.314008362591267 0.0274916113354266 -9999 -9999 -9999 0.238176449295133 0.0171491687418893 0.0331662547774613 0.479259014129639 -9999 -9999 -9999 -9999
0.82763859629631 0.551205036044121 0.612231457233429 -9999 -9999 0.115043437480927 -9999 0.525273779034615 0.263501381874084 -9999 0.411898709833622 0.605491033196449 0.552068936824799 0.146346160024405 0.102212687209249 0.308561962842941 0.481862363219261 -9999 -9999 -9999 0.173723720014095 0.434635561704636 0.165359844267368 0.457487815618515 0.0630342992022634 -9999 -9999 0.131952666863799 0.583677813410759 0.117284945398569 0.0591423328965902 0.141092076152563 0.468275613337755 0.127876471846912 -9999 -9999 0.0359337912930641 0.0310833256924525 0.0165421373952995 0.169218595325947 0.118837969750166 0.169671415537596 0.098269547522068 0.238561827410012 0.0708705704659224
-9999 -9999 0.271744240820408 0.410130459815264 0.952478384971619 0.129650543630123 0.179722543805838 0.676415085792542 0.151087874546647 0.147453643381596 0.43921392261982 0.254370787739754 0.0846230028197169 0.0428338578902185 0.0616375606972724 0.59170660674572 -9999 -9999 0.132297848165035 0.0989010591059923 0.0326456753071398 0.099237659946084 0.0904301907867193 0.257814469188452 0.605301767587662 0.829881680011749 0.191484604857396 0.281821098923683 0.0408061859197915 0.0442599890753627 0.0633804510347545 0.113861314021051 0.554867845773697 0.0577414009720087 0.0995408371090889 0.105614391341805 0.0312272838316858 0.0446023439471261 0.0870672937482595 0.0567697132006288 0.15590448975563 0.106001990288496 0.0192628761549713 0.0427711441855873 0.118517991900444
0.198761016875505 0.138480859505944 0.592598459124565 -9999 -9999 0.628319996595383 0.367271102964878 0.100729855895042 0.07417909540236 0.0367216831073165 0.0275300609646365 0.0347128531429917 0.0461223045364022 0.0882952938787639 0.106711564213037 -9999 -9999 0.372439515590668 0.0875660259276629 0.106743039563298 0.0877703133970499 0.078365639038384 0.0391804288141429 0.0229626750049647 0.0947394993156195 0.123374504595995 0.0520857066847384 0.0193696899805218 0.0178561334963888 0.0197228088276461 0.0336837552022189 0.0523959930986166 0.0458192899823189 0.0105226691346616 0.015235033002682 0.00453481101430953 0.0103205564664677 0.0136334732174873 0.0188041700515896 0.0179867133032531 0.107841221429408 0.0653401620686054 0.0756078818812966 0.04690591605181 0.0274392579915002
0.392838132381439 0.224189279228449 0.58793231844902 -9999 -9999 0.423310402035713 0.356872019171715 0.0284708978142589 0.0538221384398639 0.0209969625109807 0.0165537812979892 0.0632800456136465 0.0496346676722169 0.452939221262932 0.724865436553955 0.949972838163376 0.656630373001099 0.186081247776747 0.0564160034060478 0.0618397176265717 0.179822514206171 0.168525288254023 0.0166332649649121 0.0151353427805589 0.0787765754386783 0.0570704601705074 0.0195262042805552 0.0169540313770995 0.01476659278851 0.0199976644245908 0.0119069897686131 0.016380787291564 0.0328280854038894 0.0152755547780544 0.0140096002840437 0.0264907529577613 0.0481147901155055 0.408771499991417 0.147040696814656 0.109245589748025 -9999 -9999 -9999 0.0923752170056105 0.472145587205887
0.0667814807830382 0.119612459838392 0.394485527447018 0.638646274805069 0.226359342038631 0.305935178697109 0.148999509960413 0.016102146380581 0.0171401493251324 0.021847834251821 0.0126489356160164 0.0488856740295887 0.0111787457892206 0.0151108924183063 0.414589473605156 0.275448930263519 0.36037700176239 0.0353608006611466 0.0118148250388913 0.0389069559052587 0.0176102438013377 0.0559124605730176 0.0638563200831413 0.0514603836461902 0.0323898863513023 0.0588596701622009 0.0302357465028763 0.00712231053039432 0.0148597714491189 0.00705355282407254 0.0090627669240348 0.0136751487269066 0.0298080502543598 0.008713657874614 0.0111277410644107 0.0251305964775383 0.0158494653878734 0.0515205378644168 0.0905158575624228 0.172896968573332 0.362282563745976 0.75981622338295 0.482543593645096 -9999 -9999
0.0761356767266989 0.0567453156225383 0.0460562466643751 0.0794818608090282 0.0757154761813581 0.0914326475933194 0.135026155412197 0.0606214990839362 0.0240582638885826 0.0147341640200466 0.0208022290840745 0.0249657994136214 0.0230412422679365 0.0133209389168769 0.0212259684456512 0.0215480397455394 0.023483760561794 0.00163145913393237 0.00199676573101897 0.0062232508091256 0.0187717905733734 0.012671907665208 0.0116522722877562 0.00916315972572193 0.00538911987678148 0.00514828009763733 0.0160199231700972 0.0254411957692355 0.00501771499984898 0.00679367285920307 0.0178568684263155 0.00893748059170321 0.0114233158878051 0.0100433203391731 0.0215220890939236 0.0246811240911484 0.0122205589781515 0.0304059580434114 0.151622998341918 0.0374912154395133 0.0297100559342653 0.229260800033808 0.359448270499706 0.449983142316341 0.53652164041996
0.0258158199954778 0.020704535767436 0.0375729664228857 0.0484920570626855 0.0160858567804098 0.0119695895118639 0.020510007860139 0.032725442526862 0.00989391560433433 0.0187168902251869 0.0307321385480464 0.00450256559997797 0.00353099451167509 0.00423293082858436 0.00449314293800853 0.00663007391849533 0.0115319413132966 0.00413529921788722 0.00289069532882422 0.00210669518273789 0.00942837779875845 0.0064257629099302 0.00470386272063479 0.00974744393024594 0.00562897667987272 0.00429362445720471 0.00760730296606198 0.0133291064761579 0.00780059809330851 0.0124353502644226 0.00575560408178717 0.0141324276803061 0.023355516558513 0.00581961129137198 0.010350873565767 0.0366323396097869 0.185703793168068 0.117707051336765 0.181952314823866 0.141234584152699 0.182268473505974 0.103073735907674 0.115533142723143 0.184631617367268 0.619535106420517
0.00681794582633302 0.00790645780507475 0.0278562046121806 0.00859799644676968 0.00491876781452447 0.00621912273927592 0.00584065645816736 0.00743999406695366 0.00418491123127751 0.00666618085233495 0.00539063888136297 0.00183117844862863 0.00190775956143625 0.00187477184808813 0.00413276514736935 0.00219896276830696 0.0204682471696287 0.00501412698649801 0.00651832216535695 0.00453308390569873 0.0343593497760594 0.0025923625100404 0.00542573041748255 0.00425076264073141 0.00394578481791541 0.00417439886950888 0.00295993809413631 0.00263084409816656 0.012241127085872 0.0239379783160985 0.0773617550730705 0.0366315600462258 0.00494352675159462 0.0230312330648303 0.0859801184386015 0.0669569790363312 0.123089564964175 0.130723778158426 0.150643596798182 0.0245082058943808 0.0824322946369648 0.245934020727873 0.137980105727911 0.188254496455193 0.151424122974277
0.00573572086286731 0.0066745052812621 0.00393906711833552 0.00457798556890339 0.015254566539079 0.00321776588389184 0.00165926029731054 0.00448245191946626 0.00292842625349294 0.00331845231121406 0.00228688118513674 0.00116489018400898 0.00167486887803534 0.00702694604406133 0.00397054439526983 0.00309432962094434 0.00127183600125136 0.0011923894402571 0.000781243525852915 0.0148029490374029 0.00218539244378917 0.00261639163945802 0.00288432871748228 0.00940752078313381 0.0130477789556608 0.0359492035117 0.059322758205235 0.0537417888641357 0.0779090702533722 0.0667525097727776 0.0511134877800941 0.0528243700042367 0.035353559628129 0.00385032598860562 0.0278751107864082 0.00992359083611518 0.0776860231533647 0.116449587792158 0.119981452636421 0.120667299628258 0.503436323636924 0.0511621866375208 0.240487870573998 0.268142145127058 0.0633483592420816
0.00301836196449585 0.00482906053075567 0.00262326961674262 0.000762879283138318 0.000912886622245423 0.00156094096601009 0.00206105138349812 0.00184507428784855 0.00187897159485146 0.00244694010762032 0.00137264190561837 0.00126020773459459 0.00136448869016021 0.00130062631942565 0.00191256732505281 0.00166150981094688 0.000597514023684198 0.00272853518254124 0.00262121644627769 0.0448052925989032 0.00493200086057186 0.00189736153988633 0.00721496600890532 0.00820685266517103 0.042458834964782 0.0566295983269811 0.100027191638947 0.07535495236516 0.0492417635396123 0.069348930940032 0.00536538544110954 0.0279043005779386 0.0458869535475969 0.0151056968607008 0.0805087674409151 0.0227852406787861 0.139183201268315 0.108380596339703 0.0940540954470634 0.0937255747616291 0.0938896458595991 0.0654012963175774 0.344276089966297 0.0413876313716173 0.0376983594149351
0.00236849005450495 0.00182464192330372 0.000961126155743841 0.000715141748514725 0.00261737838445697 0.00135121869680006 0.00288880120497197 0.00343080805323552 0.00350074940361083 0.0020974252052838 0.00177093747188337 0.00371877508587204 0.00195909765316173 0.00159306119167013 0.0014136755882646 0.0015731909457827 0.00426872401149012 0.0195299310609698 0.0214019408915192 0.027118067163974 0.0546678934246302 0.0371499309316278 0.0423232296481729 0.0469508433714509 0.0348989440128207 0.0418115973472595 0.102504099905491 0.0488334123045206 0.0736096732318401 0.0418969666585326 0.053263146057725 0.033545689098537 0.0153422355651855 0.0105276630725712 0.0343880962580442 0.0654499492608011 0.0783232841640711 0.100221037492156 0.0743006497621536 0.100261794030666 0.15171762779355 0.0702746167778969 0.0341929521411657 0.00336420589592308 0.0354967202059925
0.00275394912168849 0.00475333307404071 0.00173288348887581 0.0030461201822618 0.000791126182957669 0.00618677694583312 0.002078888512915 0.00740958184469491 0.00193309590376884 0.00177381089015398 0.00249610428290907 0.00248963928315789 0.00483179847942665 0.00272260272759013 0.00176491336897016 0.00147710395249305 0.0140934347640723 0.061547340080142 0.0824230294674635 0.0227513883728534 0.0931468922644854 0.0988526362925768 0.0710145361721516 0.0169483281672001 0.0720681302249432 0.112296228855848 0.165365277975798 0.0380601726472378 0.106697723269463 0.0532850839197636 0.321295385237318 0.054849461093545 0.0918979123234749 0.119047228991985 0.0861356504261494 0.0660604167729616 0.0792680166661739 0.13763577118516 0.0197479348629713 0.143443689495325 0.21002711057663 0.142564828693867 0.0902224145829678 0.216778017580509 0.194785962998867
0.00634990526596084 0.00547343305661343 0.00330148458015174 0.00175914081337396 0.00138178022752982 0.00641370629891753 0.0034071717527695 0.00334285697899759 0.00467596112284809 0.00144156920578098 0.00183904422156047 0.00389530169777572 0.00136445686366642 0.00124716750433436 0.00174345668347087 0.0041946841403842 0.0104011878604069 0.0049329797970131 0.0130810750415549 0.031614482589066 0.00548829677281901 0.0194914245512336 0.063537023961544 0.0751439422369003 0.096743831038475 0.0576429162174463 0.130988562107086 0.293156479299068 0.139276315271854 0.145635847747326 0.126382479816675 0.147537124156952 0.162033572793007 0.140170066803694 0.13913504704833 0.230782377719879 0.101064204052091 0.0117188673466444 0.131606207787991 0.120781324058771 0.134303195774555 0.17195301502943 0.108322256058455 0.0654673546552658 0.0817763615399599
0.0232385752722621 0.0374685480259359 0.040580790117383 0.0278587342239916 0.0304700043052435 0.0612290913239121 0.0679584383964539 0.0427403086796403 0.0343424040824175 0.0259032925590873 0.0243363857269287 0.0130117909517139 0.0031324875424616 0.00657516011269763 0.00588581488700584 0.0101376155158505 0.0455958526581526 0.0387507684528828 0.0470076002180576 0.0403282778337598 0.016968227410689 0.0864193480461836 0.108857797086239 0.093103376403451 0.0320319272577763 0.088417810946703 0.0628266913816333 0.177546981722116 0.200430113077164 0.270729923248291 0.336938643455505 0.237510865926743 0.109205900877714 0.119262180477381 0.207845848798752 0.114654088765383 0.16793901771307 0.118644056841731 0.116178722307086 0.286784666776657 0.0582038395106792 0.0464479345828295 0.114639243483543 0.108363378420472 0.146303748339415
0.089290389791131 0.0622300591319799 0.0524215903133154 0.0345859915018082 0.0271314629353583 0.0428500322625041 0.128302403539419 0.0836915370076895 0.0680947277694941 0.0399317044764757 0.0202663641422987 0.0291307049803436 0.0349499892443419 0.0195272739510983 0.0665134869515896 0.0437042580917478 0.0501206347718835 0.023532294575125 0.046777525357902 0.0843740824609995 0.0381542986258864 0.0820514131337404 0.00773890998680145 0.0918494310230017 0.0756109297275543 0.0353443941101432 0.0720040023326874 0.0852532338351011 0.110223419219255 0.221103367209435 0.170667842775583 0.306760919094086 0.317414176464081 0.401635134220123 0.39334764778614 0.151454922556877 0.448953750729561 0.158500292897224 0.203481958806515 0.51193196773529 0.176030654460192 0.197226671874523 0.115030919760466 0.158263875544071 0.0650576697662473
0.0210143458098173 0.0676755841821432 0.0564942723140121 0.0392444955185056 0.0520395323634148 0.0505397936329246 0.0335518686100841 0.0397301005199552 0.0405571948736906 0.174994270503521 0.0420916875824332 0.01784389577806 0.0268248854205012 0.0248724813573062 0.0030658972405945 0.0421303652226925 0.0257885416038334 0.0788323748856783 0.0516898564994335 0.0416206367313862 0.0431457987055182 0.0249305343255401 0.00780133059015498 0.00351361489738338 0.0232542096637189 0.00546223134733737 0.0707135276868939 0.066199791431427 0.00715436200844124 0.0117669588653371 0.0516630120575428 0.018428186699748 0.0556985083967447 0.0194782938808203 0.0485404945909977 0.207228255271912 0.146256432682276 0.210992610454559 0.240729799866676 0.0297554845921695 0.244141887128353 0.21650245860219 0.295022298395634 0.311342659592628 0.210950522124767
