Scripts_&_data/Maxent_result_files_2/B_norvegicus_3.asc
NCOLS 594 
NROWS 330 
XLLCORNER -15 
YLLCORNER 23 
CELLSIZE 0.166666666666667 
NODATA_value -9999 
[rows 240 to 259 of 330, columns 405 to 449 of 594]
-9999 -9999 -9999 -9999 -9999 -9999 -9999 -9999 4.3000239013935e-08 6.13572899821335e-08 6.69522521423716e-08 6.44140295102957e-08 7.4612728706569e-08 7.97924424311702e-08 4.64904204022787e-08 1.20794854008288e-08 9.93553473938036e-09 3.1104589286457e-07 2.44524628278953e-07 3.43560504134643e-07 1.44694191988037e-06 5.00336298046022e-06 7.0991270945342e-06 9.20987615700142e-06 3.44816727192665e-05 3.95125647628447e-05 7.49085538700456e-05 0.000413036983809434 9.8141401031171e-05 0.000591529830126092 0.00316141496296041 0.00135090535331983 0.0015787138720043 2.87691808807722e-05 1.6486913693825e-06 9.21551416013244e-06 1.93116155955408e-07 9.84484053390133e-08 1.17773143193389e-07 4.32089582336204e-08 1.55173983662493e-09 1.05623266799526e-09 3.31391926122748e-09 1.45385521399533e-09 1.343063937842e-09
-9999 -9999 -9999 -9999 -9999 -9999 -9999 -9999 5.50502309515366e-08 4.88714213098262e-08 4.88157001710121e-08 6.90266089176106e-08 3.69332230576447e-08 3.45091207609727e-08 1.67734037659351e-08 1.03752385571809e-08 1.03248694671709e-07 7.28058256171948e-07 1.85502302230134e-06 1.8472080867582e-06 7.25339364748834e-06 1.50230755252778e-05 5.0829865756441e-06 3.89327138634599e-06 7.23272939922026e-06 9.68133140304417e-06 1.15142051754447e-05 1.59745048676996e-05 3.59096274223702e-05 0.000201371750881663 0.00036181573959766 0.00080902878253255 0.00602193202357739 0.00571213925722986 0.0161419487558305 3.097284843534e-05 2.20384283409203e-06 2.32669259503382e-06 5.29969700124866e-07 1.21417217902042e-07 1.34344731339553e-07 2.44254622971951e-08 9.75107139478126e-10 1.45332730294712e-09 1.33541803171156e-09
-9999 -9999 -9999 -9999 -9999 -9999 -9999 -9999 5.38415732442843e-08 1.80579822428584e-08 1.2924123615754e-08 1.82334863541023e-08 1.36110597570571e-08 1.75153493375824e-08 2.11791881143952e-08 2.70238831490133e-07 2.07415758950447e-06 2.48920929379892e-06 3.1570769863265e-06 1.75044118435608e-06 9.66123836860788e-06 1.16005793756813e-05 6.23368093783938e-06 1.20201643710516e-05 2.20541475300706e-05 1.1666100272123e-05 8.82006281699432e-06 6.68198823632338e-06 9.03287647815887e-05 4.6355859740288e-05 0.000135797621987876 0.000277233691303991 0.000544496993825305 8.58584990965028e-05 0.0156356720253825 0.00814599455334246 0.000971716977073811 0.00012659248059208 1.20774361903386e-05 1.0459062366408e-06 1.84458997765091e-07 5.47950643192685e-08 1.75125713486324e-08 8.66336602456386e-10 1.55701413984133e-09
-9999 -9999 -9999 -9999 -9999 -9999 -9999 -9999 9.15672071499785e-08 3.51838830736639e-08 7.50513306613243e-08 5.85812084707982e-07 2.33825564588397e-07 1.39250665598389e-07 8.53834225544858e-09 3.39685741757023e-07 2.63441073968806e-06 2.50191895929674e-06 1.05258522012264e-05 0.000105705773603404 0.00036858388048131 0.000206456094019813 8.32392988741049e-05 0.000294706582644721 4.04823252466713e-06 7.50063163792447e-06 6.30991302728035e-06 0.000866352797311265 4.41767600051435e-05 0.000178144652454648 3.33001545186562e-05 1.27396625472898e-05 5.76525706037501e-06 3.84281095762162e-06 2.66261896626929e-05 0.00905018919147551 0.00976927019655704 0.00182036624173634 2.92008880023786e-05 1.74736215257099e-06 1.23259571238599e-07 3.96582890971331e-07 1.06339531624755e-08 1.03060689982115e-09 1.3481705163354e-08
-9999 -9999 -9999 -9999 -9999 -9999 -9999 -9999 -9999 3.38548161948893e-08 1.85955801157434e-06 1.86285735470637e-07 1.59447499186172e-06 2.08457851016419e-06 2.65087971342837e-06 5.63336893719679e-06 4.10252204972039e-06 2.35715147937299e-05 7.36444646463497e-05 0.000194381979235914 1.33425243262764e-05 2.66138806182425e-05 2.4776793111414e-06 6.39693875200464e-05 1.4765254007898e-06 7.77878165536094e-05 0.000155260242536315 0.00148407824162859 0.000413666959502734 0.000723585578089114 0.00496986707439646 1.66309922406072e-05 8.50601892921077e-06 2.42733615607449e-06 1.00260719761991e-06 3.9406170287748e-06 0.000158496124925023 0.00253598553827032 0.000702972788712941 4.31121374276699e-05 7.25384134057094e-06 9.05045109789171e-07 1.45554423180982e-07 6.87822452771769e-08 1.3755991901121e-09
-9999 -9999 -9999 -9999 -9999 -9999 -9999 -9999 -9999 2.84989309617956e-07 7.77287821165373e-06 9.04856501620088e-06 1.00797878189951e-05 4.773183164275e-06 3.1079778302967e-06 9.84885604111696e-06 4.35968088822847e-05 0.000343301953398623 0.000139507859967125 3.52947230908285e-06 8.55431759561043e-07 6.36317246005547e-07 2.59824027359912e-07 1.4212584079587e-05 5.17091463336783e-07 1.81393469667057e-07 1.07284998129842e-07 1.66320843142387e-07 1.86965213089252e-07 5.72755957506388e-07 4.52790610552256e-06 0.000142625700482313 0.000201542635522856 0.000852024872438051 5.6741861754972e-05 4.12134626230909e-06 5.65424038541096e-06 0.000744050063076429 0.00433475557947531 0.010956501821056 0.00353448516107164 0.000273005841881968 2.30088050557242e-05 4.19255296151277e-06 2.60137450069919e-07
-9999 -9999 -9999 -9999 -9999 -9999 -9999 -9999 -9999 2.91284435434136e-05 9.26983206852583e-06 3.50310766862094e-05 3.21644094128715e-05 7.02106026437832e-05 6.76224823109806e-05 0.000374222372192889 0.000222513941844227 7.90508061982109e-05 4.27831648721622e-06 1.16608730564849e-06 4.45202383403398e-07 2.13456851305693e-07 1.8136448396433e-07 1.82356128242134e-07 9.44561158178203e-08 2.93336477330541e-08 1.45948427565656e-08 5.96218215243027e-08 7.45925891720844e-08 1.43048229794829e-07 2.2636514032115e-07 2.34229366441241e-05 3.3595849708945e-05 0.0015787199663464 0.000261060124262258 0.000367158364770148 1.17754669645365e-05 3.98054071879983e-05 8.13491143674128e-05 0.000790264538954943 0.00782017884775996 0.0111199786653742 0.00583464390365407 0.000300595905719092 2.07320205390715e-05
-9999 -9999 9.11726076992636e-05 0.000214601870720799 8.71065353749145e-05 3.43740742607679e-06 0.000181377703847829 0.000277078583894763 0.000600071017106529 0.00071751358336769 0.000542004829912912 0.00133239089918789 0.00165955231059343 0.00531693081138656 0.00091235898580635 0.0014983281493187 7.2781821074841e-06 1.51822740974694e-06 4.50740031965324e-07 1.40562186068394e-07 2.08322065553546e-07 1.33909531641052e-07 1.30592705005483e-07 1.21823868060034e-07 5.1995447503117e-08 3.27834944968686e-08 3.37613394130187e-08 3.79012329965178e-08 1.93060333053552e-08 6.93470671997432e-09 2.75805556171349e-08 7.76684697001428e-08 6.50507222843544e-07 3.13836221465635e-05 0.000235379346850095 6.21596267649238e-06 1.32251503487169e-05 0.000278969171631616 5.59371315631552e-06 3.06917178107824e-06 0.000119837888451002 0.00019213029590901 0.000654103266424499 0.00176907133718487 5.34010069713986e-05
3.14818593629695e-06 0.000274469055148074 9.43369242122571e-05 1.40513518459784e-05 0.000607405298796948 0.000565312828985043 0.00150148348766379 0.00242822437430732 0.000524087371013593 0.00019014786612388 0.000625634878724668 0.00080153469407378 0.00016203134382522 0.000396112867747433 7.3805305888186e-06 1.58992314425177e-07 2.39773454069336e-07 2.46046525020915e-07 3.04856673949416e-07 1.90741946504147e-07 1.45496019676727e-07 1.09036253626016e-07 4.3609615030249e-08 6.39963645632236e-08 1.05480973999761e-07 2.74824479618019e-07 2.68076063179024e-06 4.69007478187677e-07 1.30576527013204e-07 1.4458760304592e-06 2.35040221951976e-08 1.83077764503992e-08 8.27832330685396e-08 5.86478838471294e-07 1.27271460463874e-06 0.000188989441448939 3.02636727496974e-05 9.87022426670592e-05 0.000604076989111491 6.79679811582901e-05 1.38385363243287e-05 1.61212828516e-05 2.17958231360171e-05 5.22657469218757e-05 0.000146475121073308
0.000244060323348094 1.66594215897931e-06 0.000177185284883308 0.000627129951317329 0.0013820817170199 0.00256629488430917 0.00374609418213367 0.00526320899953134 0.00236307685700012 1.1014245279739e-05 7.88661719752781e-06 7.73359603954305e-05 1.75293189613512e-05 1.91460150915646e-06 1.35064484680925e-06 2.13066657650529e-07 1.97204069252166e-07 1.50560209277728e-07 1.51055149899548e-07 1.05150014562128e-07 1.87907319570968e-07 1.88772872355969e-07 6.18109035954717e-08 1.19231104545037e-08 9.69118296723082e-09 1.205086597178e-08 6.79150631732739e-08 5.18501560975437e-07 6.90020968932004e-06 2.68380196644102e-06 7.83476117760529e-07 1.15855523397101e-07 6.23596208626509e-07 1.64167528637904e-07 8.04443901003538e-07 5.66179588531668e-05 1.27530893365702e-06 0.000676892818592023 0.000155155426818965 1.13380415143638e-05 0.000163716637325706 2.46517396988111e-05 0.000342023692428484 8.17173795031323e-07 6.98339722760011e-06
0.00233393870294094 0.000990329662454315 0.001805251208134 0.0021510559367016 0.000535811058944091 0.00204149039345793 0.000946092052618042 0.000782981051452225 2.17614375969788e-05 2.15340864997415e-06 6.04304523221799e-07 1.77487049768388e-07 8.81306353228695e-08 1.97146180269669e-07 2.49485628778245e-07 2.48743956632325e-07 2.64042745001802e-07 7.35080993763404e-07 1.26510183662276e-06 3.9228276662584e-07 5.88482653718359e-08 2.82233751480732e-08 1.80868717558624e-08 6.74988119842013e-09 5.48098756381066e-09 3.5280596333287e-09 4.45598205001119e-09 5.16275726614168e-09 1.09768534151122e-08 2.38693545817625e-08 7.521647704678e-09 2.46968214767662e-08 1.37363809882274e-08 3.59649573233867e-08 1.02978494140871e-06 1.42364083188795e-07 1.47043623144327e-07 5.52750730093976e-05 4.03365332203975e-05 7.25403127944446e-05 1.90733410363464e-05 0.00023172561195679 0.00260542082814936 1.13430004489601e-05 1.18092441567796e-06
0.103722192905843 0.00228668890777044 0.000976071052718908 0.00104376160306856 0.00336393314646557 0.00455409430724103 0.00160807690845104 7.89736072874803e-06 2.75704227163942e-06 2.99362311295681e-07 2.27624461501819e-07 1.05000720918014e-07 5.4363216284159e-08 6.37158313665509e-08 4.35289303712949e-08 3.64740817992981e-08 9.25173224253228e-08 4.01081166856443e-07 5.33300242011592e-07 1.13138477608743e-07 6.75147326489878e-08 4.21356472379841e-08 6.27463481173152e-09 5.45425257181265e-09 5.16392418825617e-09 3.97520499850756e-09 3.4026979012225e-09 2.79708158856806e-09 2.98021779476798e-09 4.75958572554447e-09 2.88401430514895e-09 4.31682515289467e-09 5.6460925490498e-09 4.34061685483655e-09 8.18095600152446e-09 6.03417675648643e-07 3.2462222421259e-08 4.8090937845302e-07 3.10327297725621e-07 3.22446378504537e-05 0.000396759604700492 0.000662822197045898 4.39921409451927e-05 4.23270399494413e-06 6.3302652097974e-08
6.08407432991953e-05 0.000114296577703499 6.65671753267816e-05 3.2313026713382e-05 0.000184819389141921 5.97202660628682e-05 1.78120374584978e-05 3.4269590457825e-06 2.14316097135736e-07 7.21680907922462e-08 6.42234972758615e-08 5.28892121431923e-08 8.20538285317696e-08 1.04397307421067e-07 4.61196565826327e-08 2.78636747452765e-08 1.98975467102791e-08 4.51659680544836e-08 2.3806720044206e-07 1.92018979205955e-07 1.93698264006059e-07 5.07215929257399e-08 5.88338989748749e-09 4.66527210196688e-09 5.48285659096592e-09 4.01568462926605e-09 3.92706325236247e-09 4.81977927568877e-09 3.46583266530587e-09 1.04295361458284e-08 2.27798735608076e-07 5.36757198688065e-07 4.55053881243117e-08 9.35694479675675e-09 7.86044670464392e-09 8.47067718723338e-07 2.1038680898755e-06 2.49258479811942e-06 6.12207422179267e-07 2.87257669846497e-06 1.20741053137863e-06 9.21938288229285e-05 4.61418538861835e-05 9.26553546491959e-06 1.50835869135335e-05
1.71778561593783e-05 8.05760626008123e-06 3.04076123939012e-05 2.00681172259465e-05 2.39329257738063e-05 3.94853384477756e-06 1.41776393292048e-06 9.98565776910709e-07 4.11336466044077e-07 1.13197364726148e-07 3.52292437666435e-08 3.23809186575374e-08 2.10341740136677e-08 5.0623820446738e-08 3.20553647625843e-08 5.40413608085544e-08 3.76157799575338e-08 2.63096332631108e-07 7.00184311863694e-08 5.2586572651947e-08 2.38837124078017e-08 7.33270507646822e-09 3.15421465613142e-09 5.62832962458515e-09 5.84266185432725e-09 4.33749767214664e-09 4.86229135843175e-09 6.6730305059437e-09 1.72192428760098e-08 1.26776923536909e-07 2.23276321165144e-07 8.62388886702092e-07 3.17735674215669e-07 6.14149248789886e-08 5.39468776317165e-08 6.46482933461812e-06 2.40117933799411e-05 2.23983433443209e-05 5.27286974261187e-07 1.7342204500892e-06 2.71805961347127e-06 7.70238566474291e-06 0.000123540729236993 0.000110278839019884 7.71145311091459e-05
1.13744269896188e-06 4.01565026550088e-05 2.40872228573608e-05 2.72273731241057e-06 1.10920780027612e-07 4.92963002862723e-08 3.97912389260569e-08 1.1245773423596e-07 3.66122272410507e-07 9.12340483161245e-08 4.16909078815308e-08 2.96977069158544e-08 2.86415681838292e-08 2.28061773577259e-08 1.06542370259533e-08 4.31244014276189e-08 3.89932308664243e-08 1.18722505715319e-08 6.32223026153511e-09 2.49445656352876e-09 2.19645710508587e-09 1.88850141080721e-09 1.77307551973982e-09 6.21440112702487e-09 3.47715260140546e-08 2.7605376029527e-08 4.6368621497983e-09 1.35800056089153e-08 3.16049413306985e-08 6.42998387867522e-08 5.85433728161888e-08 9.84783222079955e-08 4.34582297259567e-07 4.82797950240865e-07 1.07637741990629e-06 1.0461829260322e-05 7.0294549573191e-06 7.0155127673388e-06 5.69424103105121e-06 3.25925771278435e-06 2.26645980490048e-06 1.57870069017463e-05 0.000868026104581077 0.000416216396843083 0.000120557803529664
1.05601077109441e-06 1.56396032906514e-06 3.89244219078932e-07 5.21943720244167e-08 1.78117990246029e-08 1.01268806451671e-08 1.69024502949533e-08 2.1702966390702e-08 1.07703373508627e-07 1.55040791049998e-07 6.82025575127199e-08 1.19829733424837e-07 1.70519194497842e-07 3.43777634359554e-08 5.213353415634e-09 2.4696912070965e-09 2.79633420863234e-09 2.73144246110135e-09 1.85215018877472e-09 1.80447201625356e-09 1.85130093477426e-09 1.33067434848755e-09 1.0139311723556e-09 1.22282608483459e-09 2.35630394085362e-09 1.85594920987242e-08 1.46934289402267e-08 3.21537584335729e-09 7.87627143505887e-09 9.15126114886533e-09 4.71482092256892e-09 1.73139702797087e-08 5.35451363248285e-08 8.09316931693615e-08 1.15272971790148e-07 1.86205997692923e-05 1.89001527957089e-06 1.88980701452124e-06 9.93433830558388e-06 1.91115307558221e-05 4.82546315197396e-05 5.22195702927775e-06 0.000172799774190935 3.13243656592022e-05 0.00075529186433414
1.89828240904077e-09 6.38646068251703e-09 6.95468738154403e-09 7.95810244369477e-09 7.43283276039008e-09 6.83140760626699e-09 6.4198586335884e-09 6.33283889772684e-09 8.61862944345759e-09 1.04467620776205e-08 8.70579415224171e-09 1.74025230337271e-08 6.11804249484038e-09 3.51200876158586e-09 2.28790281164848e-09 1.86906170540624e-09 1.68984851667275e-09 1.63018224474953e-09 1.33296567117469e-09 1.23330757828555e-09 1.24113069821519e-09 1.13664515577483e-09 8.57522608477268e-10 6.93506740923056e-10 5.82402870374921e-10 1.46607467277349e-09 1.97818333935729e-09 2.93844198973048e-09 2.87842288893003e-09 3.50611005783819e-09 1.85435272692658e-09 6.25865448355967e-10 1.18807401694454e-09 7.2612316159848e-10 1.43246395856167e-09 7.57426303898967e-09 8.8844229084728e-09 2.10550088919348e-08 1.96470041569086e-08 1.25039704101937e-06 6.62090134255777e-06 2.13253560730209e-06 1.92375665847067e-05 3.17842882623154e-05 0.000103712977261239
1.71368507162484e-09 3.46848587629012e-09 4.34853615338682e-09 3.77130970896644e-09 3.77425641850948e-09 4.91818497039276e-09 5.87261645978998e-09 4.97907056695723e-09 5.43366913685617e-09 5.76586712819349e-09 3.0962127528511e-09 2.82704817333723e-09 2.44937889970487e-09 2.15418938243062e-09 1.74404326536148e-09 1.82132009474145e-09 1.57278247092663e-09 1.20401691949823e-09 1.07410645933115e-09 1.00969353988845e-09 1.33298211357769e-09 1.26218886453699e-09 7.87149445624635e-10 8.24861445813951e-10 4.91346874298415e-10 6.62644494831e-10 8.66078853078989e-10 1.16776531777774e-09 5.59048818349339e-10 5.33255362089591e-10 5.91716542430731e-10 6.51803666595896e-10 5.70285196843656e-10 7.73739872172996e-10 1.5269939424023e-09 2.26610760156731e-09 1.4138339166081e-09 1.76569148191419e-09 3.72559632033642e-09 8.63001401452124e-09 9.10335574699772e-09 6.09798258555117e-09 1.35089676405187e-06 1.09574060047635e-05 2.46322410191624e-05
2.21157415714046e-09 2.02524764736367e-09 3.54572752270244e-09 3.6733408315115e-09 4.81073897384832e-09 7.06481098067258e-09 5.24337475660275e-09 4.2411138045928e-09 2.77060653308681e-09 2.39350891328982e-09 2.00871153044346e-09 2.21930992472252e-09 2.09315315080616e-09 1.63260814867172e-09 1.43559095722168e-09 1.1542894529093e-09 9.77410474778395e-10 9.23700071986389e-10 7.31599547609818e-10 6.32042307380232e-10 5.89026649677749e-10 6.60086163506435e-10 4.18601209251079e-10 4.30399582640462e-10 4.27821289505914e-10 4.70018091114355e-10 1.36086760749166e-09 1.61342579296786e-09 3.87620032737956e-09 2.94045364723772e-09 9.91502202563055e-10 6.35109298485759e-10 8.22589174553912e-10 9.41188404990356e-10 8.97009932998571e-10 1.32360974403056e-09 9.1336981311585e-10 7.26241700110819e-10 1.65637483728887e-09 2.75820302153562e-09 5.2107470227547e-09 5.80412831130417e-09 9.37265905998075e-09 8.61709223975993e-09 1.47052742427434e-07
2.34856606384781e-09 3.02791771655819e-09 2.85858093862501e-09 2.13756893296946e-09 2.00134452343903e-09 1.8109606148009e-09 1.84265475100531e-09 1.48921922571432e-09 1.69181091358439e-09 1.62826467864363e-09 1.51288352956414e-09 1.51561708738868e-09 1.39127328546706e-09 1.06158526413935e-09 9.38227262547997e-10 8.36003022364196e-10 7.54476936482007e-10 6.69432742572695e-10 5.78976167009415e-10 5.00438834816208e-10 4.35696689837783e-10 3.62281660226671e-10 3.12399706103861e-10 3.05987479798375e-10 3.15846837573019e-10 2.86610857269665e-10 5.53373447065297e-10 7.46454398292684e-10 3.24724853673075e-09 9.69610303158674e-10 5.08448039227005e-10 5.46294265379998e-10 4.90967089206151e-10 4.83370699022601e-10 6.01036009850731e-10 1.19117854469053e-09 6.75449252085514e-10 9.60904289470932e-10 8.71586303130556e-10 1.61246513918911e-09 2.82250759431335e-09 2.44652096359488e-09 3.51906589424189e-09 5.14053196676301e-09 3.17670395544312e-09
