Scripts_&_data/Maxent_result_files_2/B_pascuorum_2.asc
NCOLS 594 
NROWS 330 
XLLCORNER -15 
YLLCORNER 23 
CELLSIZE 0.166666666666667 
NODATA_value -9999 
[rows 300 to 319 of 330, columns 230 to 275 of 594]
0.00126174348934001 0.000546678857881488 0.000525332726010674 0.000441714517728542 0.000237384785532413 0.000184324104839106 0.000102230311085805 7.84322486879319e-05 4.60576877230778e-05 3.49068487366822e-05 2.73166962415416e-05 2.54778226917551e-05 2.19668836052733e-05 2.06554247597523e-05 2.13719548582958e-05 2.01611860802586e-05 2.49064307126901e-05 3.13055160859221e-05 4.38301242866146e-05 5.88050584610755e-05 8.80195732861466e-05 0.000115797603757528 0.000165390268603005 0.000247516298986739 0.000294958357699215 0.000610810630041669 0.000648642300166102 0.00106708607490873 0.00214824783579388 0.00270882922231976 0.00361374427120609 0.00363871761583141 0.00399395218846621 0.00424805116563221 0.00426368087355513 0.0042218437873089 0.00436737605232338 0.00441935450471647 0.00433396750195243 0.00410722058259125 0.00396769753206172 0.00358678007614799 0.00356425783320446 0.00362439991404244 0.00505234657612164 0.00513030780639383
0.00177129077437712 0.00087955553572101 0.000488420977490023 0.000549601426337176 0.00044951966683584 0.000241568340970844 0.000184413995339128 0.000124764686779599 8.53387062761612e-05 6.09857612289488e-05 4.82452254573218e-05 3.60717657940768e-05 2.7117175704916e-05 2.78384304465362e-05 2.94269546657233e-05 3.36326137585274e-05 4.54938442544517e-05 5.2625703187914e-05 6.69377067652022e-05 8.93203559598987e-05 0.000102788458639225 0.000160375473797103 0.000185205595562365 0.000287992380663127 0.000512340907698672 0.000551002947850066 0.00114687005152518 0.00171949970335845 0.00193319292302476 0.00344172992954554 0.00396668323737686 0.00384293345232436 0.00395693556092738 0.00418577454292972 0.00433052643893461 0.00439099637987965 0.00465120948174444 0.00463627624558285 0.00434190238956944 0.0044329365799058 0.00422707268444356 0.00382002035512414 0.00345182817691239 0.00351936745719286 0.00479468128396547 3.12617663439596e-05
0.00186936732334289 0.0014588380812711 0.00101219278112694 0.000581051524841314 0.000539928582293214 0.000491673193482711 0.000214997500597747 0.000187115993003317 0.000130495579651324 9.49611257510696e-05 7.89797323932362e-05 6.37353526144579e-05 5.31501889781794e-05 5.79555113517927e-05 5.2783280739277e-05 5.62313586442542e-05 6.42720718360579e-05 8.71734102702248e-05 8.36627225226039e-05 0.000130886270540032 0.000161058561297978 0.000186175653789178 0.000334045533600147 0.000504047989034007 0.000526585779789457 0.000961912972707069 0.00135582202547084 0.00182927803616622 0.00287794415744429 0.00370059959386708 0.00388459349815093 0.00392991829539824 0.00412010860854934 0.00422773602731468 0.00435976002154348 0.00458453000355803 0.00454847990331473 0.00445565696609265 0.00427077005697356 0.00404395944460703 0.00388119671479217 0.0038327383230353 0.00366204191050201 0.00335586745568435 0.00491138221404981 3.00033803796396e-05
0.0018451845195159 0.00185440876139182 0.00110582773286296 0.000605083701429976 0.000558811722203245 0.000542906674763799 0.000457924791498954 0.000206996808174154 0.000184632928767314 0.000186127399092584 0.000151601192419548 0.000100694879006369 8.00335938492935e-05 6.63164519210113e-05 6.97599910836288e-05 8.69892875471123e-05 8.46993376853789e-05 0.000108651517939506 0.000162084721023348 0.000156254897956387 0.000241292877444721 0.000366979747104779 0.000498297456670116 0.000631137978780316 0.000868787571562279 0.00103796568510006 0.0017985879934713 0.00315301766677294 0.003636142130199 0.0035519126780855 0.00369670939035132 0.0038702696281689 0.00413223985124205 0.0041918932369299 0.00422307127992099 0.00452292761947319 0.00460214003069268 0.00434069743168948 0.00420076051377691 0.00400606362709368 0.0038097579832538 0.00388679659881745 0.00389256879316235 0.00369027128217567 0.00473603764621657 2.74200869171182e-05
0.00184856680534722 0.00188902629179211 0.00157229150117928 0.00107500449867075 0.000503849723645544 0.000567068646978441 0.000540373525473115 0.000462884564876731 0.000233738666247518 0.000161438098211875 0.000148026272609059 0.000156426363992068 0.000105951460182041 0.000109260022009039 0.000114625265177892 0.000124397033005152 0.000149623951983813 0.000165004248128753 0.000161900866214637 0.00027411452524575 0.000420305692659895 0.000428969450422301 0.000557061088784394 0.000495203032778591 0.000640409965399158 0.00151890056185948 0.00298492534566321 0.00515484602292418 0.00337189149140613 0.00354993259279581 0.00367564307380235 0.00405994667016785 0.00423502556332096 0.00445948161177512 0.00409540920045401 0.00460072930509341 0.00466614467150066 0.00433093458486837 0.00419688195106573 0.00391302530224493 0.00393340584887483 0.00439525698529906 0.00429989659132843 0.00407866625464521 0.00569467159148189 0.00556185187924711
0.00191397144390066 0.00188357344377437 0.00175646633906581 0.00120643508307694 0.000932033488243178 0.000423435278207762 0.000433064406661288 0.000429617912232061 0.000378142142290017 0.000321060212536395 0.000207468703365521 0.000151065910131365 0.000152468550095364 0.000154593720617413 0.000180040477198418 0.000215981328256021 0.00016233893302342 0.000183921013967847 0.00023102697214199 0.000500180416202056 0.000510123948515684 0.000854646284824412 0.000504000300225016 0.000591961015697962 0.0011350690796462 0.00181329621391342 0.00406543377539492 0.00482068507626536 0.00334251124550065 0.00350031252964982 0.00402929277879593 0.00565960306776105 0.00451905644804356 0.0046324397349963 0.00509713130632008 0.00445180822425755 0.00463619040892809 0.0042484605597565 0.00413190842191398 0.00387121919702622 0.00395545412065985 0.00422370991873322 0.00441455590407713 0.00416297399351606 0.00440103085238661 0.00476896811233019
0.00241779592251987 0.00184884625796258 0.00182525986601831 0.0015999307968741 0.00108919087597315 0.000913110304281872 0.000452053077242454 0.000396393586652266 0.000393845073813281 0.000389044766961888 0.000398718969609035 0.000268657155083929 0.000186025035691273 0.000187734307792198 0.000214126618675436 0.000221317557907241 0.000312044232668995 0.000460931270299625 0.000503539477540471 0.000528590966769116 0.000892727467999066 0.000767973083293327 0.00058890113086818 0.000996912165010144 0.00202721660043608 0.00323191838433559 0.00348702840965416 0.00592742018052377 0.00331105791883601 0.00378847887150187 0.0040693452287087 0.00422066250139324 0.0119898723976803 0.00441070669912733 0.00522278882708633 0.00524508069902367 0.00464487616700353 0.00420405093609588 0.00427994955207396 0.00423622310154315 0.00388498681313649 0.00417007251926407 0.0044375430636137 0.00435603399710089 0.00472601846158796 0.00488833106392121
0.00255532984701858 0.00243569888007187 0.00181210309692688 0.00183969804693334 0.00168479908570589 0.0012635048609809 0.000947575967347802 0.000630816835200676 0.000530689529477968 0.000428687799467298 0.000434743029745732 0.000440568318117585 0.000397738644642232 0.000467251996633422 0.00046677029622515 0.000537290033389581 0.000600861302609701 0.000539868371015473 0.000584299721049319 0.000756647507205344 0.000821380871366273 0.000723718989866029 0.00122566270256357 0.0014639237715528 0.00379642607658752 0.00372165738408512 0.0047766161718755 0.00322404178259603 0.00329545550812327 0.00369841924584762 0.00402350025397027 0.00410467088950099 0.00909899288817542 0.00893979289176059 0.00505819086210977 0.00552680651635455 0.0052728705581103 0.00449668184555776 0.00427118797997537 0.00462922962688026 0.00407109387379023 0.004432531015118 0.00458712040854152 0.00476233913577744 0.00499554747439106 0.00506407714274246
0.00258325534996402 0.00254233390660374 0.00206706280059734 0.00183577416046319 0.00178840328189835 0.00173630253993906 0.0014681835538795 0.00121580380309751 0.00110455281883333 0.000646961820166325 0.000505487222562806 0.000514079435652093 0.000506722013687977 0.000551442449523165 0.000584015978074604 0.000563090240848396 0.000476754410556168 0.000477644447164494 0.000763212188212492 0.000923534810135607 0.000854913554303494 0.00133416150911216 0.00150011759851623 0.00376151253876742 0.00372865339231794 0.0052023734569957 0.00377397956726782 0.00344059256531182 0.00352026968794235 0.0038542086193047 0.00384055403919774 0.00466905165121716 0.0107647359545808 0.0196647804150416 0.00429936516629823 0.00483553566155024 0.00542788807106263 0.0052082448193687 0.00435774489706091 0.00416034301852051 0.00425612503968296 0.00435182401961356 0.00451030049553083 0.00472058090308565 0.00533505570892885 0.00553137715760386
0.0025615246144298 0.00263557158395997 0.00228868536869413 0.00190203372985707 0.00182726886923774 0.00172062147557881 0.00174333659324475 0.00155048612323299 0.00128413692873437 0.00119222364010056 0.000581818592763739 0.00055662583481535 0.000538840297940624 0.000572948843000631 0.000582525033223646 0.000887088977560779 0.000796221993641666 0.000899388965081016 0.00112844630657492 0.00101148383209875 0.0014260276890127 0.00141817806033941 0.0035619902646431 0.00368449949892238 0.00349712727766018 0.00326108854387712 0.00334626935582492 0.00403311734153249 0.00408693009376293 0.00406780799821718 0.0144375115160074 0.0170093587214069 0.019805867656396 0.0194455101132917 0.00800536818933324 0.00477164622643613 0.00517996190210397 0.00554188969617826 0.00511248462753429 0.0044879750439577 0.00407929165776295 0.00426250804848678 0.00447326843714109 0.00487533643354254 0.00515357981239504 0.00582831138381152
0.00260244482597045 0.00270055419059645 0.00237311243945442 0.00173293521056621 0.00169425279509596 0.00159555973114038 0.00167309513162763 0.00168202599707001 0.00162274532212905 0.00172632569920097 0.00162233620612824 0.00136109385093732 0.00086587393489026 0.000762777398540493 0.000998043043000507 0.00113245463307976 0.00129177457747574 0.00152334690556017 0.00147316505208437 0.00142073887745937 0.00141183122996154 0.00173698287017032 0.00371649191147299 0.00366356431622989 0.00362764503115613 0.00345180313015589 0.00351736855627678 0.00423322502647352 0.00414560726458149 0.00440228840598138 0.00494845317407453 0.0199976942989451 0.0196998348139459 0.0197421064847731 0.0190787375162472 0.0122979248684715 0.00497491051137331 0.00515135023670155 0.00525064410176128 0.00504099015452084 0.00484438648345531 0.00490128626588557 0.00510505136371648 0.00522482689921162 0.00543127541968715 0.00568820994994894
0.002679768688904 0.00261594403455092 0.00237374835887749 0.00165275812032633 0.00168788940991362 0.00165206407054939 0.00167102273935598 0.0016887417416001 0.00167597028848832 0.00168666845711414 0.00184760677202576 0.00198982327892736 0.00182625368615845 0.00171586395663326 0.0016758397778176 0.00179606380388577 0.00168041949200415 0.0014454120397204 0.00138146817680536 0.00142154012446554 0.0014164097574394 0.0029955837813759 0.00366918925064965 0.00369523780827876 0.00341083581006387 0.00333479709406674 0.0035576629165007 0.00385309419871192 0.00388708291575313 0.00436912682998809 0.00430027706861438 0.00438420050304558 0.00807840658744681 0.00933974638464861 0.0108941249476629 0.0105130438809283 0.0105132160053472 0.00664084349591576 0.00416181005894032 0.00501331346786174 0.00561906616640044 0.00425534376408905 0.00410413238059846 0.00459792492038105 0.00558809426365769 0.00601511376153212
0.00268518969569413 0.0025226706162357 0.00232322781885159 0.00201806301647593 0.00208152216946473 0.00209557303605834 0.00163660089365294 0.00178083224982402 0.00150699672667542 0.00143340839604207 0.00149321078424691 0.00180549383348989 0.00202511785792012 0.00173596718213958 0.00163009240768588 0.00152850538215716 0.00147251285161474 0.00143281775381183 0.00140721242350992 0.00199544912175043 0.00267432973851101 0.00346548465568048 0.0035421245273028 0.00375628032743407 0.0037045812488941 0.00348734857216186 0.00381151865476568 0.00365345199425064 0.00475152920771507 0.0172763545393536 0.0118428852925717 0.00532604504005576 0.00515980404670699 0.00458218622079585 0.00442346118434216 0.0044554455573234 0.00455440240548342 0.00458970377221704 0.00457933769612282 0.0047495684990281 0.00405946895079978 0.00419688449474052 0.00993304765070207 0.0158144918728794 0.00403370821586577 0.00632777201244608
0.00268325771648961 0.00238404226656712 0.00226237352617318 0.00207776841543819 0.00210394191217347 0.00240187476374558 0.00231407344981562 0.00155772776161029 0.00147568182892428 0.00147721441389876 0.00131715311290463 0.00146291555265634 0.00167467992396269 0.00153369341314828 0.0014410453131859 0.0014146367135254 0.00143287536575372 0.00143736318204901 0.00142994395810092 0.00332987224282988 0.00342907077429118 0.0034422811546392 0.00358350746500946 0.00367945101061196 0.00379004383794381 0.00352632409121725 0.00394798226079729 0.00355610981860082 0.003263956714909 0.017572084134008 0.0169033671787474 0.0158725322420651 3.08917904478068e-05 0.00560630780164502 0.00518239442608319 0.00499322579926229 0.00519202892610338 0.00548220938508166 0.00501337720343145 0.00461938688749797 0.00531764419501997 0.00420164413881139 0.00855970560405694 0.0127099713892676 0.00781497791285801 0.0063911337601894
0.0024797461430353 0.00234223715397093 0.00226297965546109 0.00234267473424552 0.00248988679450122 0.00251830394463468 0.00265375665858301 0.0020772080802999 0.00150426466880162 0.00146385325951996 0.00138533300669224 0.00128798340574576 0.00139435803539527 0.00139280311341281 0.00139266084879637 0.00140852916738368 0.00144070880814979 0.00146506219898583 0.00157809195443406 0.00316347506231978 0.00370946471302887 0.0036415306312847 0.00358288185343554 0.00356743986812944 0.0036715308931889 0.00380148556214408 0.00425922012145747 0.00405678350834933 0.00344396353393677 0.017128927208978 0.0169613022109843 0.0162843814789085 0.0157765400057542 8.90947820159305e-05 0.0116664099245099 4.33560493547702e-05 0.00719694870822423 0.00465214573559933 0.00535094939550618 0.00452808644076867 0.00384934396824974 0.0139519927099172 0.0138016718054132 0.0126924926127685 0.0149212422453274 0.00741849510231987
0.0026014392500656 0.00264350726047269 0.00259368261868076 0.00255145090177393 0.00258555346899811 0.00275720285626448 0.00275723856157128 0.00284648964661756 0.00170049940497847 0.0013049623605184 0.00124632920096701 0.00119457180990139 0.00128682854647195 0.00148071205094311 0.00174222038240259 0.00151884846945904 0.00144475517918181 0.00247558668270358 0.00356552748598915 0.0038375762560463 0.00387228838262672 0.00374584565979603 0.0036489827947662 0.00359236376025365 0.00360210025100969 0.00397453875702922 0.00428910994050966 0.00429365469462937 0.00379824258634471 0.0170556517143268 0.0167265300733561 0.0169075266967411 0.0170135929169192 0.0219821900886018 0.0289707224132144 0.0140709090614109 0.0134524425364361 0.00408080812885601 0.00489564331728616 0.00431350231083343 0.00431162314926041 0.0138888403980673 0.0131373549920681 0.017594514261873 0.0145501011538727 0.0274586409897893
0.00278383996283083 0.00279748976699921 0.00275903884321451 0.00261845697405079 0.00248288897764724 0.00264693462322612 0.00265933787432004 0.00267297266836977 0.00280654657999548 0.00144134836409648 0.00118455047177122 0.00118240817946571 0.00158509473567392 0.00325577041803626 0.0035593925651483 0.00361562111720559 0.00372477986566082 0.00370293145897449 0.0037531211572059 0.00377241138630779 0.00387513105924882 0.00377181649855629 0.00365775887257769 0.00353990035328025 0.00371284611428564 0.00399574128750828 0.00390610910726537 0.00389174642368744 0.00386551296251127 0.0130197970735026 0.015705391773372 0.0115156045307231 0.00339861681022739 0.0148249898120412 0.0159178798327048 0.016005064984347 0.0152209605956159 0.0133317975924001 0.0122964602745924 0.0127344686407014 0.0127075697062537 0.013859203415268 0.0127726335253101 0.0149720976987737 0.0135249499144265 0.0280343445629114
0.00278272015402763 0.00288761805240938 0.00272332479762554 0.00251835682101955 0.00243965567970008 0.00255612220007606 0.00259501297459792 0.00261804661276983 0.00277100405055535 0.00287976993022312 0.00160709719384613 0.00114177248897249 0.00191481736328569 0.00339015467325225 0.00351368498595548 0.00356304755987367 0.00374838998031919 0.00378010170315974 0.0036928652178176 0.00376110472316213 0.00387356272840407 0.00379430435896211 0.0037109985085408 0.00370934758502699 0.00384327930296422 0.00379369594338641 0.00398329645358899 0.00380990910416585 0.00390215722436551 0.0132866894928156 0.0172056274786883 0.014610080030252 0.0167774939618539 0.0174557712154638 0.0150419126344786 0.0171284846677736 0.0162545457642409 0.0148856231986429 0.0137132481762819 0.0133423673618381 0.0137661555461818 0.0136845649754832 0.0125229899596889 0.0112699668436107 0.0123057406723092 0.0177669903554488
0.00259086884743738 0.00263397139933659 0.00256140731671621 0.00244271259307425 0.00240794357614504 0.00256511574098113 0.00265664426187868 0.00274734951544815 0.00288912102223549 0.00293722186979721 0.00302345776253787 0.00223432824241172 0.00292122910104808 0.00335128056103713 0.00343962266415474 0.00361739638319705 0.00366236925510748 0.003863370381805 0.00378415377963393 0.00391045759424742 0.00397078193018388 0.00378738956569578 0.00359209093439858 0.00364743106292735 0.00370874744294269 0.00358088919892907 0.00359909623548447 0.00383078598242719 0.00397521753002366 0.00991160620105802 0.0178908796369797 0.0174054199167585 0.0169039435386367 0.00587003474684025 0.00589752063460764 0.0110568961426907 0.0161452809094044 0.0151404023432406 0.0152672012613039 0.0146878917534195 0.0141813626207295 0.012884530313022 0.0122887748591893 0.0112700980916998 0.0123760854170541 0.0133416180557106
0.00261574767009733 0.00256468520037743 0.00247925422318076 0.00237135981351457 0.002435795227575 0.00263688027953322 0.00273169889878773 0.00269376780015591 0.00276086002031661 0.00282861701743968 0.00276076692462084 0.00236232125553215 0.00320880511499126 0.00322163898963481 0.0033833262456028 0.00355468345114787 0.00362455449430854 0.00370369676420523 0.00385971451869409 0.00396638212405378 0.00379794569998921 0.00375170971892658 0.00383019743858313 0.00360414725691953 0.0035439211747871 0.00328852569400624 0.0032875419681659 0.00333371946144325 0.00346936751411704 0.00367395936300454 0.0133038496111112 0.0092750597945269 0.00350523455435905 0.00358066889421025 0.00348669316135783 0.010124712860852 0.0154607703843794 0.0160922663766542 0.0155906477499229 0.0145925445780449 0.0138247822393168 0.0125778923626058 0.0121548851468106 0.0104840038817201 0.0151529560193012 0.0173541471594945
