Scripts_&_data/Maxent_result_files_2/B_pascuorum_2.asc
NCOLS 594 
NROWS 330 
XLLCORNER -15 
YLLCORNER 23 
CELLSIZE 0.166666666666667 
NODATA_value -9999 
[rows 140 to 159 of 330, columns 230 to 275 of 594]
0.113808238506317 0.0965118020772934 0.11486034989357 0.155931204557419 0.112637057900429 0.0644316643476486 0.0829353898763657 0.0971686780452728 0.126036933064461 0.163430947065353 0.139863950014114 0.166082149744034 0.0908683836460114 0.108832108974457 0.118660283088684 0.0985865950584412 0.0921191155910492 0.115605145692825 0.125924924015999 0.0625971168279648 0.0860898822546005 0.105986309051514 0.0899341315031052 0.079556442797184 0.0554607748985291 0.0685838058590889 0.0544309288263321 0.138238202035427 0.0620596975088119 0.0516784444451332 0.0771405532956123 0.0522839784622192 0.0555910974740982 0.0516213566064835 0.0516045600175858 0.0513366997241974 0.0585704430937767 0.0528808191418648 0.049831286072731 0.0474989175796509 0.0375474452972412 0.0346222780644894 0.0590137660503387 0.03301912099123 0.0400449827313423 0.0374166019260883
0.0883986502885819 0.139792081713676 0.065929888188839 0.0775752902030945 0.136272117495537 0.0957651406526566 0.129817122220993 0.103783601522446 0.137021785974503 0.14395215511322 0.169968217611313 0.130970221757889 0.0840670123696327 0.0996469885110855 0.0944981038570404 0.0766631633043289 0.0789087563753128 0.0793747559189796 0.0757442235946655 0.108336299657822 0.106704440712929 0.125853767991066 0.0923049867153168 0.08331738114357 0.0592965558171272 0.0603232637047768 0.0870222002267838 0.0777537196874619 0.0532075434923172 0.0573367595672607 0.0685088723897934 0.0490999147295952 0.0540479093790054 0.0462054088711739 0.047626368701458 0.0494603559374809 0.0646775335107438 0.0526608556509018 0.0619307488203049 0.0364107109606266 0.046752405166626 0.041697995364666 0.0472007229924202 0.0305747918784618 0.0433114558458328 0.0339215792715549
0.09990653693676 0.114390981197357 0.0902248471975327 0.167698240280151 0.145924070477486 0.136788183450699 0.134426176548004 0.172727704048157 0.13308487534523 0.0837165832519531 0.101161172986031 0.105322278813099 0.0916681289672852 0.103487905859947 0.100812101364136 0.0744114026427269 0.0752600774168968 0.0668950498104095 0.0635071218013763 0.0560216695070267 0.0934250354766846 0.0709601223468781 0.0608903095126152 0.0804548978805542 0.0778661921620369 0.079692217707634 0.054792982339859 0.0810561433434486 0.0810890287160873 0.0814922481859183 0.0798604547977448 0.0645169973373413 0.0593154802918434 0.0704071879436776 0.074214294552803 0.0768922373652458 0.0595855221152306 0.0507991194725037 0.0393688634037972 0.0457363545894623 0.0456793874502182 0.039539560675621 0.0405537545681 0.0380106464028358 0.0408476382493973 0.0442754626274109
0.175563883781433 0.203055590391159 0.18139955997467 0.150055754184723 0.149452969431877 0.185926407575607 0.185526943206787 0.206333374977112 0.106294366717339 0.0818413138389587 0.0621767729520798 0.0859498500823975 0.0797995403409004 0.0775264859199524 0.0917294651269913 0.0791660994291306 0.0806969299912453 0.0820869818329811 0.0847520530223846 0.0788194000720978 0.0559757605195045 0.0587862759828568 0.0605348467826843 0.060577654838562 0.0616641089320183 0.0558469608426094 0.0893883526325226 0.041906113922596 0.0362195871770382 0.0482047259807587 0.0551742479205132 0.0584849983522786 0.0716949209570885 0.0701285585804612 0.0496093064546585 0.0492208316922188 0.0405716344714165 0.0593942731618881 0.0343655608594418 0.0323627211153507 0.0338134720921516 0.0319623097777367 0.0413566678762436 0.0367354027926922 0.0465763241052628 0.0421560242772102
0.21317383646965 0.212814235687256 0.185292905569077 0.230893623828888 0.198916411399841 0.164683669805527 0.154707390069962 0.0884868443012237 0.0814868777990341 0.0725231915712357 0.0910287916660309 0.0988263696432114 0.0917610198259354 0.0908472418785095 0.104022166132927 0.0824388340115547 0.0894117593765259 0.111154210567474 0.135439082980156 0.133699062466621 0.0904759049415588 0.0749266515857809 0.0814963042736054 0.0748002067404076 0.0908629834651947 0.26750739812851 0.125008735060692 0.0728304758667946 0.075432887673378 0.0549995422363281 0.0643216267228126 0.0484945192933083 0.048023709654808 0.0734939157962799 0.0549348935484886 0.0483512789011002 0.0473202794790268 0.0541429758071899 0.0561084762215614 0.0440726041793823 0.044502991437912 0.0584791213274002 0.0595209047198296 0.0358443565666676 0.0389046266674995 0.0384251460433006
0.139235875010491 0.107186025381088 0.150668832659721 0.148973298072815 0.120524269342423 0.154762643575668 0.113704490661621 0.0811629295349121 0.0807118535041809 0.0881533324718475 0.0851661711931229 0.0891294211149216 0.104755115509033 0.152678680419922 0.0942706763744354 0.0909411907196045 0.0863787591457367 0.117568358778954 0.107156679034233 0.0937503933906555 0.0905385673046112 0.0661508321762085 0.0563212275505066 0.0481602847576141 0.0420003041625023 0.0456008538603783 0.0633173614740372 0.0343954108655453 0.0470170646905899 0.039700910449028 0.0543404132127762 0.0482198089361191 0.0472032248973846 0.053440660238266 0.055360709130764 0.048558247089386 0.0407896727323532 0.0562474757432938 0.0472780808806419 0.0425028532743454 0.0445633232593537 0.0454201072454453 0.0514542385935784 0.0327741853892803 0.0442545101046562 0.0390053689479828
0.091535770893097 0.102323770523071 0.14267416894525 0.11074952185154 0.0675114631652832 0.101708096265793 0.0878694832324982 0.0772977575659752 0.0935601890087128 0.0804816842079163 0.0892810851335526 0.119882053136826 0.15359220802784 0.153042832016945 0.0889432787895203 0.0808617800474167 0.0549830764532089 0.0826490998268127 0.0989722311513794 0.0708202630281448 0.0754702508449555 0.11351093351841 0.0687131956219673 0.0748913645744324 0.067236952483654 0.0520934402942657 0.0667615845799446 0.0479590654373169 0.0414416998624802 0.045859506726265 0.055610366165638 0.0495139747858047 0.0495730921626091 0.0536590650677681 0.0398922830820084 0.0452763646841049 0.0477662518620491 0.0500821053981781 0.0614835262298584 0.0581402391195297 0.0416517987847328 0.0617514088749886 0.0477048575878143 0.0477906599640846 0.0422593459486961 0.0379752188920975
0.102617055177689 0.116691049933434 0.0779800534248352 0.0783228620886803 0.0645970523357392 0.0705551728606224 0.102422314882278 0.107404282689095 0.114149716496468 0.124658319354057 0.0964857369661331 0.124405637383461 0.0760659798979759 0.109066757559776 0.0756078749895096 0.085419026017189 0.0642651006579399 0.0547432914376259 0.057283353805542 0.0520637840032578 0.0791342347860337 0.121455806493759 0.0561365112662316 0.0650982096791267 0.0885217875242233 0.0735946655273438 0.0631590381264687 0.0691272720694542 0.0504255026578903 0.0561223760247231 0.049961818754673 0.073099952937273 0.0621033862233162 0.049225352704525 0.0487840861082077 0.0453217625617981 0.0483316108584404 0.0482110574841499 0.0690964281558991 0.0735876306891441 0.0546200722455979 0.0618200019001961 0.0781712993979454 0.0387373745441437 0.037318842113018 0.0354927748441696
0.159031975269318 0.165477642416954 0.130344986915588 0.0880367726087571 0.093351811170578 0.0743950501084328 0.113002949953079 0.0838951766490936 0.0840298339724541 0.0675829023122787 0.104517590999603 0.0943867802619934 0.0915244847536087 0.112461325526237 0.0747529864311218 0.0550804615020752 0.0757463946938515 0.0507894337177277 0.0683264121413231 0.0461627677083016 0.0626525044441223 0.0749360799789429 0.0499293878674507 0.0546783715486527 0.0520377561450005 0.0769221007823944 0.0695486515760422 0.0766048938035965 0.0606235608458519 0.0758101597428322 0.0633192181587219 0.0514207437634468 0.0697899594902992 0.0559589698910713 0.0507315337657928 0.0619783088564873 0.0432532697916031 0.0316667072474957 0.0514945596456528 0.0449834585189819 0.0447178706526756 0.0892520606517792 0.043145215511322 0.0321760952472687 0.0318915896117687 0.0564398005604744
0.158303961157799 0.162741792201996 0.147323980927467 0.100961571931839 0.091696634888649 0.07642712444067 0.113415277004242 0.0809173554182053 0.0784116297960281 0.114801278710365 0.0794018462300301 0.0966192066669464 0.139150467514992 0.190485429763794 0.182054960727692 0.112823730707169 0.0879359722137451 0.0594015285372734 0.0590549349784851 0.0477974086999893 0.0518395930528641 0.0631806924939156 0.0453593403100968 0.0495112255215645 0.0390843026340008 0.0515474334359169 0.0498874172568321 0.0769307240843773 0.070624803006649 0.0707939818501473 0.0601635918021202 0.0527417853474617 0.0619878217577934 0.055341824889183 0.0517122700810432 0.0603761866688728 0.0650348827410619 0.0366450473666191 0.0399964302778244 0.0356185913085938 0.0677150011062622 0.0544483825564384 0.0410555854439735 0.0370158031582832 0.030414392054081 0.0601882725954056
0.104387190937996 0.1212825268507 0.145544674992561 0.163846170902252 0.153639721870422 0.139272993803024 0.132160344719887 0.100150942802429 0.0990881532430649 0.103246796131134 0.0656333863735199 0.0860306471586227 0.114987429976463 0.131048306822777 0.141034871339798 0.0944951385259628 0.0774933129549027 0.0913689434528351 0.0762320131063461 0.0704572036862374 0.0666768297553063 0.0733949512243271 0.0504095390439034 0.0435475319623947 0.0507096767425537 0.0811900824308396 0.0477781400084496 0.0723689153790474 0.0834198921918869 0.0694121077673823 0.075171135365963 0.0510674387216568 0.0596589222550392 0.0588508501648903 0.071811942756176 0.0671072125434875 0.0581366166472435 0.0411259353160858 0.0440682575106621 0.0554306298494339 0.0595908045768738 0.0377445049583912 0.0282350495457649 0.0361075222492218 0.0427842006087303 0.0398176141083241
0.0728059515357018 0.114428594708443 0.159614169597626 0.144923174381256 0.123288342356682 0.118643939495087 0.103069368004799 0.104974955320358 0.160076409578323 0.136148822307587 0.104050388932228 0.107922938466072 0.0869228184223175 0.110733917355537 0.0876574516296387 0.142397665977478 0.0890516191720963 0.094071301817894 0.0872288972139359 0.0869282424449921 0.0705526754260064 0.115716817975044 0.0981697946786881 0.0608577311038971 0.0914836406707764 0.0707376345992088 0.0644612789154053 0.0492719858884811 0.148276516795158 0.0491379857063293 0.0630565226078033 0.0511802360415459 0.0512683734297752 0.0517231971025467 0.0533136770129204 0.0623517364263535 0.0602071419358253 0.0582322791218758 0.0409338243305683 0.0402396187186241 0.0548853084445 0.0583527609705925 0.0296911887824535 0.0407124005258083 0.03890196159482 0.0493371188640595
0.139719215035439 0.137731713056564 0.172507470846176 0.169186103343964 0.139701575040817 0.102549242973328 0.0811325550079346 0.063181959092617 0.108289116621017 0.0820856750011444 0.107481598854065 0.148123547434807 0.0865839555859566 0.112360870838165 0.145921579003334 0.100353100895882 0.0974307924509049 0.0819281414151192 0.104366019369279 0.0817443490028382 0.131403464078903 0.086569556593895 0.0838838025927544 0.0458594560623169 0.0695291966199875 0.0823006063699722 0.0609058663249016 0.0727621167898178 0.0682744815945625 0.0637776225805283 0.052122987806797 0.0522254750132561 0.072598834335804 0.0621976271271706 0.0611648455262184 0.0611414760351181 0.0491778165102005 0.0584532037377357 0.0581934913992882 0.0463821172714233 0.0499416559934616 0.0708883047103882 0.0459076181054115 0.0298096135258675 0.0255305029451847 0.0311480864882469
0.0730121612548829 0.0635869130492211 0.0720916911959648 0.115878209471703 0.134825158119202 0.137734600901604 0.0803347989916802 0.0899341821670532 0.092226105928421 0.0806314557790756 0.123734796047211 0.0971493035554886 0.109810224175453 0.055892513692379 0.12169072329998 0.0812868282198906 0.093701046705246 0.0942327558994294 0.0825537219643593 0.106715595722199 0.0822132512927056 0.0791651457548142 0.0679390415549278 0.0714252665638924 0.0834282755851746 0.0940673738718033 0.0809608161449432 0.0554771274328232 0.0870007693767548 0.091790372133255 0.0777108713984489 0.0658537417650223 0.0626052215695381 0.0490171536803246 0.0493248552083969 0.0615558072924614 0.0569075495004654 0.0540980860590935 0.0413726091384888 0.0453400626778603 0.0542433500289917 0.0524740591645241 0.282563769817352 0.0490613520145416 0.0483200326561928 0.290946197509766
0.0698641285300257 0.079057176411152 0.0569237425923348 0.0819754570722581 0.0877119153738023 0.0615822017192841 0.117574015259743 0.0992058902978898 0.0906415075063706 0.0772383138537407 0.0883648365736008 0.0877725601196289 0.098720368769777 0.0874209225177765 0.101335036754608 0.0819490909576416 0.0720859929919243 0.0383501216769219 0.0740859955549241 0.0668248906731606 0.0763203978538513 0.0691021099686623 0.0722011595964432 0.0730571210384369 0.122200334072113 0.0705252423882484 0.129102283716202 0.0820563435554504 0.086696183681488 0.0839132487773895 0.0572889491915703 0.0726185724139214 0.0704755395665886 0.0492420747876167 0.0527004078030586 0.0468257561326027 0.0447814494371414 0.0560081958770752 0.0471558108925819 0.0519621327519417 0.0446413218975067 0.0279990836977959 0.0471569508314133 0.0512850642204285 0.0457049131393433 0.0275736846029759
0.0809097737073907 0.108465299010278 0.206930363179306 0.12205063700676 0.107236605882645 0.11970734000206 0.0905784130096436 0.094096052646637 0.062721498310566 0.090505462884903 0.0781654164195061 0.0853915989398957 0.0775740295648575 0.0831434130668641 0.0974597036845162 0.0752533823251725 0.12068033516407 0.0619313031435014 0.0498572543263436 0.0642476350069046 0.0835227385163308 0.0903627991676331 0.0664064601063728 0.0856769949197769 0.0695649921894073 0.0737055003643036 0.07935751080513 0.092333048582077 0.0892455220222473 0.108600169420242 0.0769087836146355 0.0635669708251953 0.0720967724919319 0.110162341594696 0.0709154382348061 0.0712640255689621 0.0590634018182754 0.0654013723134994 0.0577519714832306 0.0487818941473961 0.0526594862341881 0.0618579521775246 0.0392143867909909 0.0456037148833275 0.0541884079575539 0.0384178660809994
0.0931808203458806 0.091386318206789 0.151760438084604 0.109329971671105 0.133033707737923 0.11228358745575 0.103996604681015 0.120575162768364 0.13713850080967 0.134338793158531 0.107128664851189 0.0911224961280823 0.0970511376857758 0.10197294652462 0.116978165507317 0.0850675970315934 0.0738683611154557 0.0724131330847741 0.113225844502449 0.0863985359668732 0.0709292948246002 0.067691844701767 0.0688977405428886 0.046993200480938 0.0881960064172745 0.0818558648228645 0.0952407389879227 0.110968178510666 0.0980389207601547 0.0907398700714111 0.0676186487078667 0.056409053504467 0.0555039316415787 0.0541811019182205 0.0689848989248276 0.072499081492424 0.0511788383126259 0.0597980588674545 0.0427358210086822 0.0466505855321884 0.0489015460014343 0.0366432793438435 0.0431075170636178 0.0482041835784913 0.0298330053687096 0.0450525104999542
0.0785242646932629 0.103250405192378 0.108403956890107 0.105169472098351 0.11514250934124 0.13719891011715 0.142173194885254 0.127095255255699 0.0957477092742921 0.0966867893934251 0.0829924017190934 0.0935985714197159 0.0871606349945069 0.0881910026073456 0.0978838354349137 0.101789730787277 0.0935805290937425 0.0924678772687913 0.114277565479279 0.108988991379738 0.0761892467737198 0.0877759426832199 0.105467161536217 0.0378763258457184 0.0761838123202324 0.0595236614346504 0.0806262418627739 0.0638684570789337 0.071251018345356 0.0745710596442223 0.0652789652347565 0.0763312086462975 0.0500069424510002 0.0716125011444092 0.0604139342904091 0.0587317243232328 0.0588443621993065 0.0469507053494453 0.0665746420621872 0.0343333810567856 0.0511550873517991 0.0608071312308313 0.0274505570530892 0.0423705875873566 0.0403471030294896 0.0372940272092819
0.106894212961201 0.135147184133534 0.149478146433833 0.159442764520646 0.128233933448792 0.136927476525307 0.133897072076798 0.0973887145519257 0.088455229997635 0.126039081811905 0.132410043478012 0.109323045611382 0.10839065015316 0.101865476369858 0.11048229932785 0.090489810705185 0.103157240152359 0.0973371833562851 0.101257172226906 0.0765987113118172 0.0851749688386917 0.0765678405761719 0.0827091351151466 0.0912272989749909 0.135468700528145 0.0912389814853668 0.0712294936180115 0.138920012116432 0.0804468989372253 0.0687854140996933 0.0797392562031746 0.0561952888965607 0.0608798205852509 0.0769738137722015 0.0753882274031639 0.0688899531960487 0.0636585414409638 0.0680261880159378 0.0735265508294106 0.0507279068231583 0.0650134503841401 0.0680075630545617 0.0437084123492242 0.0533257231116296 0.0659009337425232 0.0372513972222805
0.131899273395542 0.135987275838855 0.166445213556292 0.159603786468507 0.130687832832337 0.145772948861122 0.141013488173485 0.096804177761078 0.0826423197984696 0.127760800719261 0.136649954319 0.118907877802849 0.116277021169663 0.0978387027978897 0.142705276608467 0.125411599874496 0.0698546394705773 0.0729339957237244 0.0684286057949066 0.103045526146889 0.150444179773331 0.112210556864738 0.101506480574608 0.140224480628967 0.116421005129814 0.150961703062058 0.0799327969551086 0.0942887932062149 0.0872546344995499 0.0917501837015152 0.0760301634669304 0.0907753258943558 0.0773718506097794 0.0692357838153839 0.0545044764876366 0.0715429440140724 0.0681324988603592 0.0650936976075172 0.06483154296875 0.093051353096962 0.0658559277653694 0.0669303312897683 0.0442202851176262 0.0404583841562271 0.0751047134399414 0.0388410449028015
