Scripts_&_data/Maxent_result_files_2/B_pascuorum_2.asc
NCOLS 594 
NROWS 330 
XLLCORNER -15 
YLLCORNER 23 
CELLSIZE 0.166666666666667 
NODATA_value -9999 
[rows 180 to 199 of 330, columns 230 to 275 of 594]
0.0514966920018196 0.0570452779531479 0.100554376840591 0.0661292240023613 0.0591833218932152 0.139145538210869 0.214410871267319 0.216897708177567 0.183866745233536 0.133746385574341 0.122564995288849 0.0779923141002655 0.0608919113874435 0.0425364285707474 0.0292110152542591 0.0144230324774981 0.0188236732035875 0.0124102242290974 0.0124040555208922 0.0190646629780531 0.0204000212252141 0.0174660712480546 0.0206077370792628 0.025417808815837 0.023925606161356 0.024689856171608 0.0233623906970024 0.0258779607713223 0.034175880253315 0.0350820511579514 0.0290896616876126 0.0357981823384763 0.0291187301278117 0.0342073373496537 0.0386203996837144 0.0424819305539135 0.0272000536322596 0.0422674983739857 0.0327291786670689 0.0222596995532515 0.0320798680186275 0.0274099886417392 0.0275112509727484 0.0262747116386902 0.0256057463586353 0.0209779966622613
0.0265992105007172 0.0470837488770485 0.061339445412159 0.0932089358568192 0.0773981779813766 0.0751992106437683 0.100009983778 0.202199578285217 0.198632562160492 0.213212782144547 0.135760161280632 0.0985530972480774 0.0777885377407074 0.048719996213913 0.0410417139530182 0.0142986733466387 0.0125895403325558 0.010752915032208 0.0239025224000216 0.0134798020124436 0.0182374179363252 0.0108125396072865 0.0163098961114884 0.0212393764406444 0.0200347669422627 0.0223124705255032 0.0285799331963063 0.0524893037974835 0.027053738385439 0.0401001036167145 0.0357957877218724 0.0253353126347066 0.0392366640269758 0.0553573042154319 0.0592518046498311 0.0396409079432493 0.0355857908725743 0.0599153488874444 0.0210534542799 0.0263413116335876 0.0307020969688899 0.0293940708041198 0.0279432624578488 0.0263443134725116 0.0245550431311164 0.0230351917445716
0.0335858434438705 0.0720972001552582 0.0639018088579178 0.0416683085262775 0.0608913972973824 0.12083113193512 0.108023354411125 0.219362324476242 0.196748661994934 0.221178507804871 0.162402737140656 0.0833844244480133 0.0738696396350861 0.0514158368110657 0.0328221410512924 0.024628821015358 0.0172944776713848 0.0133549116551876 0.011032946780324 0.0101121379062534 0.00512025114148857 0.0237472273409368 0.0152028132230044 0.0161408726125956 0.0150402951985598 0.0252986684441567 0.0230772651731969 0.0346032164990902 0.0297542363405228 0.040827426314354 0.0304035425186158 0.0260175175964833 0.0425709098577501 0.0418183125555518 0.0427490338683134 0.0371674999594695 0.0357962213456638 0.0329962000250823 0.0336898393929016 0.0267512455582631 0.0297401562333122 0.0276478245854399 0.0263034872710738 0.0258201658725779 0.0237489148974484 0.0222629077732662
0.0322206139564514 0.0371220976114273 0.0319048158824444 0.0385468192398548 0.0657132774591446 0.0533869370818138 0.0684500649571419 0.126844474673271 0.142509159445763 0.124042356014252 0.140257865190506 0.107561349868774 0.0823947742581368 0.0731044948101044 0.0418194606900215 0.0377593532204628 0.0324144989252091 0.0197720430791378 0.0121143557131291 0.0086348615586758 0.00631977273151281 0.0137961547821761 0.0172795094549657 0.0211388334631921 0.0344925142824651 0.0208025336265565 0.025803816318512 0.0286597587168217 0.0309561632573605 0.0285893358290196 0.0270594194531441 0.0273270845413209 0.0446162536740305 0.0306261576712134 0.0983242899179477 0.0301118813455113 0.0355103097856056 0.0317140586674226 0.0314543090760729 0.0293909572064902 0.0273293875157866 0.0263276800513305 0.0248556278646037 0.0212039291858742 0.0225264027714831 0.0208545468747783
0.0351207718253136 0.0308258853852749 0.0193579539656639 0.0343761585652828 0.0489149302244186 0.0438862934708595 0.0527394190430641 0.0582294210791588 0.0832725360989571 0.112041541934013 0.116023680567741 0.115675699710846 0.0691347673535347 0.0826249867677689 0.0455680429935455 0.0435806602239609 0.0226129144430161 0.0239770606160164 0.0125736799091101 0.0106395564973355 0.0169442251324655 0.0166425980627538 0.0130733627825977 0.0175496075302364 0.0178270362317563 0.036673977226019 0.0212215967476368 0.0274123311042786 0.0195552125573158 0.0411782674491406 0.0293511934578419 0.0246315814554692 0.0179148271679879 0.0240767553448679 0.0610809698700921 0.0260858267545708 0.0354552276432526 0.0317583627998847 0.0220750555396108 0.0280739746987858 0.0264990717172672 0.0256094925105636 0.0248616613447739 0.0230873204767813 0.0205833423882903 0.0190495580435038
0.0346791043877602 0.0407044537365437 0.048432545363903 0.0635648787021637 0.0470130935311317 0.0575712412595749 0.0566144853830337 0.0805813640356064 0.0838125824928284 0.143034893274307 0.137477335333824 0.161677941679955 0.087253537774086 0.0669976815581322 0.0656085669994354 0.0397000178694725 0.0544173136353493 0.0424577817320824 0.0108590915799141 0.00992588046938191 0.0126362841576339 0.0132665898650886 0.0099138293415309 0.00453925682231787 0.0106841675937176 0.0163429491221905 0.0150690712034703 0.0281840279698372 0.031261132657528 0.0254477217793465 0.0146979164332152 0.0165862124413252 0.0958320111036308 0.055715367197991 0.0388511806726466 0.0451826959848417 0.0281264550983923 0.0319175988435766 0.0318361610174216 0.0274161435663754 0.0264387182891435 0.0238759383559317 0.0222563527524569 0.0213908754289269 0.0195294048637356 0.0280189551413353
0.0330024816095829 0.0339561678469181 0.0374168992042542 0.0348800487816334 0.0365609854459763 0.0540649205446243 0.0387663669884205 0.0434852197766304 0.041882099956274 0.0347536407411098 0.0587987736406849 0.0743923470377922 0.0358826734125614 0.048422609269619 0.0463898599147797 0.056350488960743 0.0569526612758638 0.0272731162607671 0.0168439414352179 0.0115010071545841 0.0119241550564768 0.0275104761123661 0.00872962139546879 0.0166322864592077 0.0412824131548406 0.0174076043069363 0.0272786833345891 0.0263172425329686 0.0332928068935873 0.0270743347704412 0.0245497807860375 0.0217679876834155 0.0813533291220669 0.040923152118922 0.0239375956356531 0.0259379275143158 0.0398719869554075 0.0495741471648291 0.020542374253276 0.0265296213328895 0.0204770036041792 0.0242566436529243 0.0177567563951179 0.0195586547255706 0.0186683680862438 0.0135710708797552
0.027676435559988 0.051375287771225 0.0289649225771427 0.0377736985683441 0.0404700681567192 0.0425272226333618 0.0466337636113167 0.0424953952431679 0.0549443379044533 0.0251819163560867 0.0286887176334858 0.0950079768896103 0.0345460146665573 0.044262757897377 0.0420761063694954 0.044444215297699 0.0642500787973404 0.0303381860256195 0.0238397248089314 0.0104131259024145 0.0142677739262583 0.0121009666472676 0.017537744343281 0.0101867908611895 0.0162054348737003 0.0307232081890108 0.0342128276824954 0.0312521554529668 0.0306035242974762 0.0313568040728574 0.0278138250112537 0.0309936277568344 0.0286045856773857 0.0274859867990023 0.0316430583596237 0.0336672611534605 0.0294492125511188 0.0512844800949182 0.0219434916973151 0.0290389381349137 0.0272248916327993 0.025615289807327 0.0275379471481184 0.0265473656356685 0.0143293000758264 0.0154669556767582
0.0316201910376549 0.0225259736180305 0.0416736930608749 0.02463813200593 0.0336109131574631 0.0359908446669579 0.0363538898527622 0.0685036510229111 0.0411802038550377 0.0389393620193005 0.0190775990486145 0.0402290306985378 0.0759206295013428 0.0553351119160652 0.0273854032158852 0.040378774702549 0.0461930096149445 0.052230753004551 0.032152807712555 0.0112865874543787 0.00515222391113649 0.0531624779105194 0.011096799746156 0.0233684256672862 0.0224164299666884 0.0170139748603108 0.0358424380421644 0.0225798122584823 0.0200197208672766 0.0317957848310486 0.0330688752233993 0.0357447832822809 0.0330194868147381 0.0354770556092267 0.0356186889112002 0.0314040087163456 0.0340549059212218 0.0366808861494077 0.0351900875568409 0.0679241687059492 0.0486938133835905 0.0263155415654262 0.0196141537279128 0.0207505684346776 0.0537162795883602 0.0601309813996792
0.0242243506014347 0.0176589414477348 0.0166808534413576 0.0215447694063187 0.0293705560266972 0.0250388167798519 0.0294695138931275 0.029059648513794 0.0255055420100689 0.0106284901499748 0.0195911969989538 0.0393323957920074 0.0476224958896637 0.0732578217983246 0.0280871577560902 0.0380446523431798 0.0311866521835327 0.0514709457755089 0.0419421210885049 0.0129321418702604 0.0102137520909312 0.0279779881238941 0.0180592179298405 0.018446891382337 0.0203212648630145 0.0374314509332186 0.0354554481804379 0.0324521809816369 0.0291654035449041 0.0222741998732111 0.0305280402302758 0.0248240031301988 0.0244682572782048 0.0232248842716222 0.0346343718469147 0.0274669870734221 0.0344840943813332 0.0336230777204048 0.0344823002815255 0.0346570856869233 0.0530557669699477 0.0473027296365025 0.0205746628344466 0.0373041890563268 0.162313375030203 -9999
0.0271988429129124 0.0143247596919537 0.0214679896831513 0.0272375889122486 0.0193843528628349 0.0212528400123119 0.0339676216244698 0.0158436063677073 0.0174555666744709 0.0145488332957029 0.0127239037305117 0.0285746119916439 0.0254830449819565 0.0207436356693506 0.0499002799391747 0.0260202996432782 0.0309113658964634 0.05583506077528 0.0414203062653542 0.0140885435044767 0.0271948330104358 0.00926057584583789 0.0284312278032316 0.0301873996853841 0.031402838975192 0.0213060304522521 0.0278219759464273 0.0198605671525009 0.0346753351390381 0.0307898528873943 0.0211500957608234 0.0233662456274051 0.0226816177368172 0.0324696160852911 0.0339482814073566 0.0329460538923751 0.0341458842158332 0.0344082519412067 0.0339344874024426 0.0324381336569845 0.0233765318989979 0.0151452835649881 0.0145281516016512 0.0629506334950693 -9999 -9999
0.0191176760941744 0.0364103674888611 0.0225626900792122 0.033611536771059 0.0213935282081366 0.0231127697974443 0.0268686644732952 0.0121611097827554 0.0129006858915091 0.0214918993413448 0.0296792987734079 0.0154187604784966 0.00944753754884006 0.0136244293302298 0.0160040061920881 0.0215165697038174 0.0187905941158533 0.0208842888474465 0.031351462751627 0.0439297303557397 0.0189583223313095 0.00971838887780926 0.0110920334234842 0.0467754781246231 0.0267905391752736 0.0262920342385783 0.03147430419922 0.0329201914370074 0.0407552957534832 0.028131346404554 0.0321850925683988 0.01965769827366 0.0227026797831063 0.0260638020932675 0.0335524812340741 0.032548298686745 0.0245532691478775 0.0314609162509561 0.0294301278889362 0.0279843494296398 0.0256765589118612 0.0226447068156053 0.157622778633485 -9999 -9999 -9999
0.0209498409181833 0.0213322628289461 0.0350583598017693 0.0252334013581276 0.0406014069914818 0.0143987193703651 0.020149502158165 0.0224257096648216 0.0186339490115643 0.0276974976062775 0.0183949369937181 0.0175089977681637 0.0126276586204767 0.0161609068512917 0.0151694770902395 0.0166864346712828 0.0166890121996404 0.066106951236725 0.0961717486381531 0.0380729570984841 0.0226564694195988 0.011687093600631 0.019971054047347 0.0153073109686391 0.0178373135626343 0.0179468832910082 0.0283739693462868 0.0256252102553868 0.0299771182239128 0.0283175870776206 0.0274385854601878 0.0239789597690125 0.0239935956895358 0.027984757721425 0.030411864072087 0.0307709999382573 0.0228557430207899 0.0244846031070367 0.0269366957248469 0.0195687092843328 0.0149348180744801 0.0493046555066315 -9999 -9999 -9999 -9999
0.067113633453846 0.0938024371862411 0.109047675132751 0.0657556980848312 0.0422875873744488 0.0246407136321068 0.0250575698912144 0.0319175042212009 0.0516003876924515 0.05533527135849 0.028673905134201 0.0127897500991821 0.0157793145626783 0.0394667595624924 0.0164727348834276 0.0128097586333752 0.0356412306427956 0.0730245411396027 0.0943045377731323 0.096713462471962 0.0359893001616002 0.0134648490697147 0.0135030284523974 0.0282300889492096 0.0216554954648093 0.0191475912928627 0.0211600940674577 0.0234942510724104 0.0285003170371182 0.0474863737821619 0.0202886812388927 0.0246129535138671 0.0292608149349735 0.0293011844158243 0.0210366792976964 0.0249283820391222 0.0282632775605952 0.0320061624057412 0.0187522213918198 0.0314594245286913 -9999 -9999 -9999 -9999 -9999 -9999
0.23415167927742 0.251528894901276 0.213606184720993 0.221917706727982 0.189192634820938 0.0420872271517105 0.126626574993134 0.234346652030945 0.249320024251938 0.175363689661026 0.145769956707954 0.0961791545403335 0.0505630984902382 0.091274505853653 0.0629250675439835 0.0474222801625729 0.0420027129352093 0.0468716561794281 0.0633571535348892 0.0702099591493607 0.0214367590844631 0.0154594935476783 0.015683542191984 0.0126077573746491 0.0123797982931211 0.0151426121592588 0.0180420208722423 0.0201718389988025 0.024436771124629 0.0221781101077883 0.0203071955591538 0.015397448465249 0.0247632227838199 0.0264181502163808 0.0220755741001115 0.0280984122394727 0.0426232874416615 0.0415268048719146 -9999 -9999 -9999 -9999 -9999 -9999 -9999 -9999
0.0723230436444283 0.264048624038696 0.250351440906525 0.189075204730034 0.127434930205345 0.055896969139576 0.0874687790870667 0.115342542529106 0.108662796020508 0.08131502866745 0.110990539193153 0.109827542304993 0.215237557888031 0.127982884645462 0.0750799655914307 0.0600185737013817 0.029820516705513 0.0221439406275749 0.0188203901052475 0.0356516040861608 0.0377485111355785 0.0270556204020985 0.0205104742199222 0.0149528119713129 0.0151752222329473 0.0111171890050275 0.0113839790225168 0.0302768997848421 0.0419373847545143 0.0337042607367039 0.016610537841982 0.0155897583813338 0.0359273634852456 0.0665169075134425 0.052509801090681 0.0354885794266141 0.0468446850971466 0.0215828418731689 -9999 -9999 -9999 -9999 -9999 -9999 -9999 -9999
0.0521973863244057 0.0977658271789551 0.127172631025314 0.148381149768829 0.108695769309998 0.0434070251882076 0.0408730551600456 0.0349102042615414 0.0237510316073895 0.016809093952179 0.0519061669707298 0.0530046477913857 0.0706802308559418 0.0492528513073921 0.0258191548287868 0.0298474051058292 0.0312088891863823 0.0151365302503109 0.0117645271122456 0.0114665942266585 0.0385390102863322 0.0174189243465675 0.0178047642111823 0.0211918734014113 0.0139699548483036 0.0139053974300798 0.0131149008870341 0.0331294752658179 0.0278209753335798 0.0116860084235912 0.0115579538047856 0.0275147162380859 0.0373737901456831 0.0504589676869245 0.0327765382860521 0.0290782109015874 0.0297205672099173 0.0222425745152634 -9999 -9999 -9999 -9999 -9999 -9999 -9999 -9999
0.0508842825889587 0.0553615048527718 0.0555946886539459 0.0686570078134537 0.0457284390926361 0.0772886648774147 0.0374619752168655 0.036128568649292 0.031028013676405 0.0179784294217825 0.018357540294528 0.0181415446102619 0.022780679166317 0.0151467770338058 0.0225191965699196 0.0139225594699383 0.0242112293839455 0.0184948306530715 0.0180427987128497 0.0141927964985373 0.0191545233130466 0.0176689144223952 0.0172875966876791 0.0113793965429134 0.0145565111190202 0.0136003892868951 0.0128259897232342 0.0230090454221692 0.0153041727053536 0.018663429841462 0.0107878282666554 0.00942224096513988 0.0132570773365127 0.101530078059953 0.0373989492754751 0.035712406072541 0.0139593336731195 0.0161579549312592 -9999 -9999 -9999 -9999 -9999 -9999 -9999 -9999
0.0158532626926899 0.0259041026234627 0.0322364971041679 0.0197577986866236 0.0218244835734367 0.038519150018692 0.0353767737746239 0.0210084345191717 0.0263430118560791 0.0474999807775021 0.0148462641984224 0.016215405985713 0.0319790169596672 0.0163521174341441 0.00884789265692237 0.0247869327664376 0.0747998729348185 0.0160283710807564 0.0140738654881718 0.0187795415520674 0.0180581107735644 0.0180000957101604 0.0176767967641394 0.0168507024645879 0.0152965042740229 0.0145069152116961 0.0106016200036115 0.0368069440128419 0.00994855761534871 0.0120161069558049 0.0065029047429822 0.00730067119011517 0.00861736983105146 0.0114869946633123 0.0279868588004179 0.0314767912422289 0.0247121766997174 0.0769936173873731 -9999 -9999 -9999 -9999 -9999 -9999 -9999 -9999
0.0252469152212143 0.0344091661274433 0.0509724892675877 0.0300512127578259 0.0364223420619965 0.0860736399888992 0.02412438839674 0.0386391595005989 0.0336457319557667 0.0490195594727993 0.0237209782004357 0.0175040770322085 0.0163419041782618 0.018928885087371 0.0183676291257144 0.0173939935863019 0.0136355441063643 0.021399297565222 0.0136436801403763 0.0180219974368815 0.0154835041612394 0.0183780733495969 0.0183056872338094 0.0174014553427776 0.0158915512263914 0.0127295430749915 0.0203173864633658 0.0403536170724246 0.0177883636207957 0.00744795026257634 0.020405626297074 0.0118576616050884 0.0222579345124868 0.00769509337842464 0.0254491507486565 -9999 -9999 -9999 -9999 -9999 -9999 -9999 -9999 -9999 -9999 -9999
