Scripts_&_data/Maxent_result_files_2/B_pascuorum_2.asc
NCOLS 594 
NROWS 330 
XLLCORNER -15 
YLLCORNER 23 
CELLSIZE 0.166666666666667 
NODATA_value -9999 
[rows 280 to 299 of 330, columns 414 to 459 of 594]
1.4224232899096e-06 1.44526675285306e-06 8.71924532930279e-07 6.83405426116224e-07 7.38722860660346e-07 5.42736273700939e-07 2.85522156673324e-07 5.84413251658589e-07 1.43439436328663e-07 2.07773537397316e-07 2.33738884958257e-07 1.96968900922911e-07 9.37799018174701e-07 1.59217665895994e-06 1.38046931169811e-05 5.55033939235727e-06 8.50713763611566e-07 1.18620778266632e-07 4.58978604456206e-08 2.73770361935988e-08 2.14814947607778e-08 2.07978302579903e-08 2.17487789555548e-08 2.23751133621164e-08 2.11853687037689e-08 2.15393384905838e-08 2.16987797951873e-08 2.52073740991676e-08 2.88508747559035e-08 3.36571134518238e-08 3.80149275613917e-08 3.20307854018154e-08 3.90791834448123e-08 6.49865576463071e-08 4.41596620603946e-08 8.61570001120526e-08 3.14141180979277e-07 4.30723122946119e-08 3.11612566861186e-08 3.48149786333352e-08 2.96310346925566e-08 2.00207686873455e-08 2.34530952880618e-08 8.44855506443309e-08 2.20882508727982e-08 3.18497107798521e-08
9.88413511038289e-07 1.241121836415e-06 1.13396531276067e-06 7.13260857310161e-07 6.43803996069892e-07 5.34705588961515e-07 2.97252572778461e-07 1.55263002454831e-07 7.68734977896202e-08 1.84637474376359e-07 7.26191751709848e-07 2.02351480993457e-07 2.97727763154398e-07 9.24176254102349e-07 1.82535918611393e-06 4.9308981942886e-06 1.1516226322783e-06 3.33863306423154e-07 9.1262593286956e-07 3.22303048250205e-08 2.43762753981969e-08 2.01848136871519e-08 1.7026295129341e-08 1.76821846942232e-08 1.78395247907304e-08 1.79920824017188e-08 1.93762417222132e-08 2.35714323171265e-08 3.00545622167192e-08 3.8660823076242e-08 4.97608207083999e-08 3.54304290794971e-08 2.62304557629989e-08 5.42582320406382e-08 5.37358634034035e-08 8.29808037394741e-08 9.69340213430314e-08 5.00942192616094e-08 3.44975074284548e-08 2.65578925962018e-08 2.29228428239026e-08 1.62713613249821e-08 1.78220826541065e-08 3.72344389987234e-08 7.86102042127368e-08 3.8031398297278e-08
2.05423330612575e-07 3.39275672089912e-07 4.54294512763909e-07 4.46196033010438e-07 4.47477375331573e-07 4.17701894406264e-07 1.99986544657804e-07 1.88063600603527e-07 1.06504158736698e-07 1.73912295053924e-07 4.53921313692263e-07 1.02004689779278e-06 2.36557116295444e-07 2.6653822260414e-07 6.20346122559567e-07 2.74515250566765e-06 4.08216646974324e-06 2.78937091025e-06 2.52627469308209e-06 1.3587608123089e-07 4.28433033050624e-08 2.48967455096505e-08 1.58998362698171e-08 1.48132298649628e-08 1.37852766535218e-08 1.30908509143879e-08 1.36228344160827e-08 2.14614852112049e-08 2.72436904147355e-08 3.31528572594664e-08 4.0765451458924e-08 3.60026426449167e-08 2.17112769540506e-08 3.38722827564197e-08 4.72350034641522e-08 7.30488807221263e-08 7.75782943662762e-08 1.12675726882117e-07 7.32559939820021e-08 3.75827230669756e-08 1.99123691757563e-08 1.5627116400907e-08 2.14204822768238e-08 5.55609087626863e-08 2.71921672734265e-08 5.49091549117975e-08
1.15101106246129e-07 1.55444647198522e-07 3.2352477319364e-07 7.66989482059444e-07 1.26486781937274e-06 8.89313128027425e-07 3.90083614831838e-07 1.29166770079792e-07 2.6731193543128e-07 1.2718477364615e-07 2.03985675284457e-07 2.97270543114792e-07 7.32435057670955e-07 9.95491086541733e-07 9.98737664303917e-07 2.542099718994e-06 3.22583446177305e-06 7.17579805495916e-06 5.14803205078351e-06 1.52886875639524e-06 5.15525505306869e-07 3.37972625885641e-08 2.05335301650678e-08 1.57686382173949e-08 1.3753099969982e-08 1.36857607913043e-08 1.31370899936201e-08 1.52247556783891e-08 2.02215261424499e-08 2.42100199443485e-08 2.75460057430621e-08 2.81602328122688e-08 2.86510680069796e-08 3.58342267858802e-08 4.6072545245579e-08 6.50436874138904e-08 1.70129375476336e-07 2.28582254635512e-07 2.15776958611968e-07 2.08699515269473e-07 2.44143482319714e-08 1.52863507629775e-08 2.06151367976304e-08 3.16397269273239e-08 3.67324467731578e-08 9.63618131066824e-08
1.86265891510828e-07 1.47430908015167e-07 2.96186426851364e-07 9.11297911443398e-07 6.25299817329505e-06 8.09085504442919e-06 1.65593744441139e-06 1.1859327514685e-06 7.27730301264273e-07 4.1036788047677e-07 3.19456989927858e-07 1.04368656650422e-07 2.43361233742689e-07 2.8377763555909e-06 3.92004703826387e-06 1.13307114588679e-06 2.22459129872732e-06 3.18257434628322e-06 2.32836977374973e-05 1.10526130811195e-05 4.50429597549373e-06 6.6786984831424e-08 2.07909111704652e-08 1.76962611009301e-08 1.76328355028232e-08 1.82438832929677e-08 1.65342842972649e-08 1.3668929810251e-08 1.60779807245603e-08 2.11199667532469e-08 1.88586413152336e-08 2.16528288632389e-08 2.87511445762334e-08 3.45670651213936e-08 4.79522711316349e-08 6.95979338161123e-08 2.08943347956847e-07 2.40856263644673e-07 1.72679438037449e-07 2.85417013401457e-07 5.97731109053257e-08 2.00060927824097e-08 2.23620292061355e-08 3.68337524037088e-08 4.77662140951907e-08 6.36443640900097e-08
2.57007286252886e-07 3.86890291093067e-07 1.51451065510955e-07 2.90933453062081e-07 9.69283851404157e-07 2.03887389034207e-06 2.25420872084214e-06 9.61130645009689e-06 6.23977075520088e-06 6.99036240803252e-07 6.15869726061646e-07 1.69852226008516e-06 1.308007483658e-06 1.40877978083154e-07 3.56516835609e-07 4.05558157581254e-06 3.19439241138753e-06 1.76463922798575e-06 2.240375852125e-06 4.88427649543155e-06 3.05297480736044e-06 8.27153343152531e-08 3.59904722913029e-08 2.49904080540375e-08 1.96491062309789e-08 2.05747804571388e-08 1.7580213729218e-08 1.43692739706935e-08 1.64759853760188e-08 1.89799724381601e-08 1.77366952236468e-08 2.27276921727082e-08 2.72201807760553e-08 3.71137293342372e-08 4.91786536827021e-08 1.07097373813758e-07 6.43674684397411e-07 5.24094036791212e-07 1.96265682461672e-07 1.80126863824626e-07 5.04326756356477e-08 2.23733023219097e-08 2.98933901632381e-08 3.90410496819982e-08 5.5477054949904e-08 7.78676177759507e-08
4.23307125174688e-07 1.79060262039954e-07 1.31469365260983e-07 9.53830094019281e-08 1.44106278865408e-07 2.39762988485381e-07 6.02098612034752e-07 3.08384296658915e-06 4.63441920146579e-06 8.40124198475678e-07 6.59983140849363e-07 4.37566666278144e-07 3.68807479844691e-07 3.67351603358657e-07 5.48439288650115e-07 9.14622978598345e-07 2.74291355708556e-06 2.14112674257194e-06 1.5821066335775e-05 2.53572152359993e-06 1.39132309413981e-05 5.39927884801728e-07 8.70738851688202e-08 2.6902289107511e-08 1.89529218097562e-08 2.11827378304719e-08 1.93115590629844e-08 1.814142924772e-08 1.93464772646479e-08 2.33592069687205e-08 2.08075200625046e-08 2.54997250870304e-08 3.23939001845019e-08 3.95387665719227e-08 5.1137646295274e-08 2.56541369481056e-07 1.00526627875297e-06 6.44976285002485e-07 2.80102304373031e-07 2.09982840715384e-07 5.15910773657424e-08 2.36138932407925e-08 2.5226277244883e-08 3.48336364197621e-08 6.10803468248378e-08 8.8784452501045e-08
1.58714378812874e-06 3.38261963861441e-07 2.69048518930504e-07 1.20733401887119e-07 7.95225531646793e-08 1.34858791134285e-07 3.99652384430738e-07 6.22889109713753e-07 5.17334603955533e-07 7.75710554989928e-07 3.02117018691206e-06 4.00256672037358e-06 1.63921090461372e-06 1.28526476146362e-06 1.43275121899933e-06 2.21808340370444e-06 1.02872992329139e-06 9.05949400475947e-07 1.28980454974226e-06 3.19725622830447e-06 2.21101770875975e-05 9.7388940048404e-06 5.15368643050351e-07 5.64262563784723e-08 2.27623500492768e-08 2.20011410423382e-08 2.41648690835206e-08 2.33422674522643e-08 2.08678153867936e-08 2.19451690597339e-08 1.93907009560235e-08 2.3378539459884e-08 3.3949719302484e-08 3.80272314970398e-08 4.97728596116076e-08 2.0767742512362e-07 1.56386831804411e-06 6.63276125578705e-07 3.5360188235245e-07 4.80954031445435e-07 1.09552173910288e-07 2.81735140106321e-08 2.53539663930269e-08 3.10365004807522e-08 5.52077425552966e-08 8.65370978431201e-08
1.16156827516534e-06 3.5432670983937e-07 1.77985148752668e-07 1.20520839586025e-07 1.50638944873549e-07 2.38076816294619e-07 3.74910583911259e-07 3.37648457016115e-07 3.68014320883958e-07 5.96892289195239e-07 6.58974367979681e-06 1.69428891240386e-05 1.0404190288682e-05 2.35254497056303e-06 2.50526795753103e-06 4.60319879493909e-06 5.46838728041621e-06 2.55169034062419e-06 6.63768805679865e-06 3.42964769515675e-05 1.05159533632104e-05 2.12433489650721e-05 3.60394069502945e-06 1.0212010010946e-07 5.83924807617819e-08 2.53451186260634e-08 2.36338573600392e-08 2.45915395602481e-08 2.06901598964748e-08 1.84631774757804e-08 1.57998571115314e-08 2.10533936950696e-08 2.82859229372434e-08 3.22979122557854e-08 4.83059704237121e-08 1.27920633019585e-07 4.87017894101882e-07 1.12216221168637e-06 3.57782812443475e-07 9.40943084515311e-07 3.85446560358105e-07 6.55476739552796e-08 3.66070912249938e-08 4.03832203232923e-08 5.27998629706872e-08 9.4086753321676e-08
7.97270968178054e-07 4.09762697017868e-07 1.80546172146023e-07 2.39410388647165e-07 5.22294485039154e-07 3.63533902691948e-07 2.52440806991494e-07 2.5234712479616e-07 2.75709418295911e-07 3.12464135276969e-07 9.0481698862277e-07 3.26139524986502e-06 1.18261346869986e-05 1.85402586794225e-05 2.72607470833464e-05 4.29239503318968e-06 3.67001239283127e-06 2.02428213924577e-06 6.64241415506694e-06 9.3649301561527e-06 2.19550456677098e-05 9.48227007029345e-06 2.79856581073545e-06 6.68227308153746e-07 5.55206627783633e-08 3.30170331963586e-08 2.69505441741202e-08 2.16920633011597e-08 1.95933081759136e-08 1.8895826237042e-08 1.74181296053177e-08 1.92440765545143e-08 2.35740232668036e-08 2.66719917263458e-08 5.3144546896533e-08 4.89179410578799e-07 6.27431325028738e-07 1.20428130685468e-06 9.69266704942129e-07 6.05682470222746e-07 9.29130351323693e-07 2.70061238438757e-07 7.40192849235655e-08 5.00089353039357e-08 6.05138103182412e-08 1.40295187023298e-07
1.57307624704117e-07 9.34078093450807e-07 5.02565637816588e-07 9.41897019401949e-07 5.14390524131159e-07 4.51537594137186e-07 2.79174440720453e-07 3.22848006817367e-07 2.61540378687641e-07 9.38798052629863e-07 2.67204353576744e-07 1.44218888635805e-06 5.38004951522453e-06 4.61434116004966e-05 5.29961442225613e-05 2.97793263598578e-05 4.63246498838998e-05 2.58943360677222e-05 1.14253070933046e-05 2.71322180196876e-05 5.42064763067174e-06 2.20194187932066e-06 2.25311009671714e-06 6.30846170679433e-07 1.2667863913407e-07 7.83902003753667e-08 4.55001657684306e-08 3.43634586563724e-08 3.06524084336957e-08 2.47597431002333e-08 2.22235830182882e-08 1.89789949089914e-08 2.39054428696761e-08 2.38551976394774e-08 3.64379022954608e-08 3.40075001759033e-07 2.36836701787979e-06 1.99035107470991e-06 1.63463921580842e-06 1.81297018571058e-06 1.68443571055832e-06 1.59882106345322e-06 1.07026482965011e-06 2.82640723980876e-07 8.59916376327874e-08 8.36399591364057e-08
1.12868239909858e-07 7.85805400482786e-07 9.67487494563102e-07 6.61744195440406e-07 7.36039396542765e-07 3.82718008040683e-07 1.02194078408502e-06 2.71840724508365e-07 5.19831356027289e-07 5.07461521692676e-07 7.20347759397555e-07 5.25383597960172e-07 1.68037968251156e-06 6.15756507613696e-06 1.44215977343265e-05 2.91538213787135e-05 9.00057289982215e-05 0.000101224318495952 6.08698377618566e-05 0.00010211463086307 1.1667007674987e-05 3.0359572974703e-06 1.68851513535628e-06 1.34407769110112e-06 1.65982519604313e-06 4.91557145210209e-07 1.02476371921512e-07 6.33320529352943e-08 4.04115276353423e-08 3.38211586736747e-08 2.76719065439579e-08 2.14257734665324e-08 2.31919520032875e-08 2.68716421558679e-08 2.93832917108716e-08 1.46633880149238e-07 1.11346118956135e-06 1.82525136551703e-06 2.16099219869648e-06 3.12066676997347e-06 1.06775960375671e-06 2.01517316327227e-06 9.38448999932007e-07 1.56182503587843e-06 4.41082707425267e-07 1.61079554672483e-07
3.51821574895439e-07 2.82457210687426e-07 1.29888578612736e-06 3.95149072573986e-07 1.28736746773939e-07 1.79524505483641e-07 7.45357101550326e-07 6.45236980290065e-07 3.50238582313978e-07 6.16870215708332e-07 4.07692249382308e-07 6.50493404918961e-07 7.17648595127685e-07 3.06775209537591e-06 3.74672754333005e-06 8.89579951035557e-06 1.38758539833361e-05 1.33480229123961e-05 1.33176808958524e-05 6.59353943774477e-05 2.63227804680355e-05 2.272178135172e-05 3.87476434298151e-06 1.01812764796705e-06 5.75075823405768e-07 7.92001225846661e-07 1.79286365842302e-07 1.27052043907838e-07 6.50934262935721e-08 4.89068110454127e-08 3.47607517880988e-08 2.65222190876102e-08 2.80219443204999e-08 3.30853962893229e-08 3.59787215131746e-08 6.91007620901018e-08 2.85751013961999e-07 1.10312917058764e-06 1.58521158937219e-06 2.46267636612174e-06 1.32967020363139e-06 1.27252578749903e-06 1.1468806405901e-06 4.71351381747809e-07 1.42608504347663e-06 5.25005796703226e-07
1.49956767927506e-06 1.22167514291505e-06 3.61951995273557e-06 1.18751531772432e-06 2.86523442127873e-07 1.53066579122729e-07 1.28146544398078e-07 1.602425385272e-07 2.91520160544678e-07 8.6837667367945e-07 5.11609687237069e-07 5.73136367165716e-07 7.74409409132204e-07 1.68379888236814e-06 3.54237399733393e-06 3.26576082443353e-06 2.57874557973992e-06 2.59114390246395e-06 2.7267754830973e-06 1.95481716218637e-05 6.13951284321956e-05 0.000110808925819583 4.94632004119922e-06 9.34850231715245e-06 5.72269402709935e-07 3.50546497429605e-07 1.75151669168372e-07 1.68628290708739e-07 1.04487459395841e-07 7.53453724300357e-08 4.31206046869192e-08 3.58873708528051e-08 3.77831415931951e-08 4.22033231473051e-08 3.09145905319497e-08 6.40082674863152e-08 1.51538135924056e-06 9.75682030457392e-07 1.13399030396977e-06 1.87366215413931e-06 2.99265370813373e-06 3.28543806062953e-06 2.23314384584228e-06 3.0224822467062e-07 3.05304610037638e-07 4.57125720743079e-07
9.48381307352975e-07 1.30084845295642e-06 4.49020235464559e-06 1.93514956663421e-06 1.71392043739615e-06 3.58445618076075e-07 1.57594126903859e-07 1.38041104946751e-07 2.16760292914842e-07 1.07226321688358e-06 1.46806066823046e-06 1.05602171061037e-06 4.97393230034504e-06 3.07247382806963e-06 1.13586365841911e-05 3.48930043401197e-06 7.41754574846709e-06 3.43380893355061e-06 2.05776477741892e-06 1.49020033859415e-06 2.85195555989048e-06 4.34508983744308e-06 1.33932985590945e-06 1.53322635014774e-05 6.92299590809853e-06 4.45682826466509e-07 1.62713271834036e-07 1.80960313400647e-07 1.5341761354648e-07 1.00073465603145e-07 7.82968328394418e-08 4.58676705505923e-08 4.93259028289117e-08 5.29012851302468e-08 4.08621026792844e-08 4.9095151055667e-08 4.06959770771209e-07 1.28211704577552e-06 1.23935176361556e-06 2.12889499380253e-06 3.44601558026625e-06 3.44606128237501e-06 2.20934596200095e-06 6.852372848698e-07 2.73075185930338e-07 2.22069027699945e-07
9.46429423720474e-08 1.2897189094474e-07 1.49910320601521e-07 9.01902672012511e-07 2.97588894682121e-06 5.78008002776187e-06 1.04413622921129e-06 6.74917441756406e-07 3.70361078694259e-07 3.74663176216927e-07 1.12653292489995e-06 1.12452712528466e-06 1.29371603634354e-06 4.30802192568081e-06 9.74118884187192e-05 1.78045454958919e-05 1.97715038666502e-05 0.000100868947629351 7.40567302273121e-06 5.91241541769705e-06 2.21615705413569e-06 1.19691240740849e-07 2.12402122201638e-07 4.54424753115745e-06 5.28780641616322e-05 6.58813087284216e-06 3.55705424226471e-07 1.47625061686085e-07 1.00838811611936e-07 9.39318638870645e-08 1.22746289044073e-07 5.1762054908977e-08 4.9896910425673e-08 5.24428093839902e-08 5.08815308108979e-08 6.28121842538576e-08 2.6594732958074e-07 7.4527923743517e-07 1.38545833578974e-06 2.49062645707454e-06 2.23928141167562e-06 3.83356700695003e-06 2.10516168408503e-06 7.34857280804135e-07 1.04602358987904e-06 2.7970932592325e-07
6.15127120795478e-08 5.03440460875026e-08 5.47222015256921e-08 1.5264043327079e-07 1.77976573922933e-07 4.29277088187519e-07 3.04629702441161e-06 7.54117263568332e-07 1.23678196359833e-06 6.64112701542763e-07 5.25593895872589e-07 3.60532391141533e-07 6.10456140748283e-07 1.52171701301995e-06 3.64507886843057e-06 3.22092719216016e-06 1.1909194108739e-05 0.000119744846597314 1.76153611391783e-05 3.10449831886217e-06 2.37471399486822e-06 2.11804618288625e-07 2.410862407487e-07 2.99535867043232e-07 4.17868873228144e-06 4.4558532681549e-05 3.53512250512722e-06 3.84087104521313e-07 1.56667133133226e-07 1.22593727969189e-07 1.20036536799262e-07 6.42085965729677e-08 6.21378614340529e-08 6.09026049147587e-08 6.37155611826756e-08 8.57390652697632e-08 1.53054395468644e-07 1.82198070888262e-06 1.31895758386236e-06 1.74710735336703e-06 1.27747111946519e-06 4.51591185992584e-06 1.06854900877806e-05 3.13276932502049e-06 1.39364874485182e-06 4.0341653999576e-07
7.61491747880427e-08 4.04781573593027e-08 3.57647245152748e-08 2.29349215175034e-08 6.82246948713328e-08 3.68927305771649e-07 5.14809244123171e-07 1.71598894667113e-06 1.34543117837893e-06 8.38302685224335e-07 5.12142253228376e-07 9.00977079254517e-07 1.06090594726993e-06 6.89641183271306e-07 8.91300214789226e-07 2.8788775580324e-06 8.0084937508218e-06 2.5514408480376e-05 2.27700638788519e-05 5.72334800565955e-06 6.82338453128484e-07 2.81646873645514e-07 1.63845035672239e-07 1.63890160820301e-07 3.39732486054345e-07 1.36635896978987e-06 7.81527987783193e-06 2.63005622400669e-06 1.75305794414271e-07 1.37156130008975e-07 7.12322474782923e-08 1.10062348745998e-07 9.18617326206572e-08 7.72044167263175e-08 9.51603052357086e-08 1.41842668455183e-07 1.27613726874642e-07 5.3408821827361e-07 2.02065909888915e-06 1.16758296826447e-06 1.87731673122471e-06 2.31952615195041e-06 8.48406568820792e-07 1.40430937562996e-06 1.14320343982399e-06 3.27176908285765e-06
4.73436017500717e-08 4.44324463444445e-08 3.42109153450565e-08 5.97711405703194e-08 8.27967525651729e-08 9.01502716033065e-08 1.65285723596753e-07 1.6650954250963e-07 1.07286189177103e-06 1.4551651020156e-06 5.97197288243478e-07 9.10401718101639e-07 9.8042951321986e-07 1.42901583330968e-06 4.41367519670166e-06 6.49787671136437e-06 9.54741626628674e-06 0.000153850959031843 1.58693328558002e-05 2.72552442766028e-06 6.95633366376569e-07 3.3306875479866e-07 1.99639993070377e-07 2.16010403164546e-07 1.55619886543779e-07 1.86693461046161e-07 3.13226414050405e-07 4.57592511793337e-07 5.00967007610598e-07 2.03094609219079e-07 1.52529610630836e-07 2.08601215945237e-07 1.80440267172344e-07 1.50008100519017e-07 1.56215578783758e-07 4.95133696176708e-07 2.90058028440399e-07 2.68122417423911e-07 1.94992962860852e-06 1.41958812491794e-06 8.71167287641583e-07 1.46981867601426e-06 6.89409785081807e-07 1.01115492725512e-06 1.11276912093672e-06 2.39195167068829e-06
6.18723802858767e-08 5.28983704839447e-08 1.12460762125011e-07 5.71007490179909e-08 4.38421999149341e-08 5.63242430473565e-08 8.29084598308327e-08 1.03022080111259e-07 1.27434242358504e-07 1.86487534392654e-07 1.73044534790279e-07 3.0446816708718e-06 2.42022113525309e-05 8.73296539793955e-06 9.60951729211956e-06 2.64915775915142e-05 5.99170321947895e-05 6.11907234997489e-05 4.37704948126338e-06 2.80929643849959e-06 2.54492456406297e-06 1.13815924578375e-06 3.01968754001791e-07 2.21087071849979e-07 1.51944307147378e-07 1.30493943639731e-07 1.03014051378025e-07 9.51854632003091e-08 1.4767525851056e-07 3.25528759503868e-07 3.88790937222439e-07 2.2333566960242e-07 7.68459074151906e-07 2.63205093631313e-07 3.30606421528046e-07 1.65896362886997e-06 2.72446418421168e-06 5.15155028324443e-07 1.32316331473703e-06 2.23786751121224e-06 1.13828195935639e-06 1.5391042779811e-06 1.23964661042919e-06 1.16745442255706e-06 9.57380314048351e-07 1.60147928909282e-06
