Scripts_&_data/Maxent_result_files_2/B_persicus_2.asc
NCOLS 594 
NROWS 330 
XLLCORNER -15 
YLLCORNER 23 
CELLSIZE 0.166666666666667 
NODATA_value -9999 
[rows 280 to 299 of 330, columns 528 to 571 of 594]
3.33066907387547e-17 4.44089209850063e-17 6.66133814775094e-17 7.7715611723761e-17 4.44089209850063e-17 1.11022302462516e-16 1.33226762955019e-16 1.77635683940025e-16 1.88737914186277e-16 1.11022302462516e-16 8.88178419700125e-17 2.22044604925031e-17 1.11022302462516e-17 5.55111512312578e-17 5.55111512312578e-17 5.99520433297585e-16 2.66453525910038e-16 2.33146835171283e-16 1.22124532708767e-16 4.10782519111308e-16 1.55431223447522e-16 7.7715611723761e-17 4.44089209850063e-17 2.40918396343659e-14 2.35356178990287e-12 9.90173543158335e-10 8.51919537581125e-08 9.69565235209302e-08 4.05356840929016e-06 0.000129480643954594 0.00427819529627571 0.00288712815090548 1.5011242075702e-06 1.57757777285994e-08 2.20652540683375e-10 1.05413348827632e-08 1.4376691126472e-08 1.06730735360827e-11 1.43810308106396e-10 1.16293269696421e-05 6.17463478248759e-05 1.31656808662228e-05 2.74816738965455e-06 5.68001732096368e-06
2.22044604925031e-17 3.33066907387547e-17 2.22044604925031e-17 2.22044604925031e-17 5.55111512312578e-17 9.99200722162641e-17 3.33066907387547e-17 5.55111512312578e-17 2.77555756156289e-16 1.33226762955019e-16 5.55111512312578e-17 0 1.11022302462516e-17 5.55111512312578e-17 1.11022302462516e-16 8.88178419700125e-17 2.1094237467878e-16 1.11022302462516e-16 1.88737914186277e-16 1.88737914186277e-16 5.55111512312578e-17 1.22124532708767e-16 1.99840144432528e-16 1.04360964314765e-15 1.03683728269743e-13 3.48026163443649e-11 4.47024832406218e-07 2.24619871005416e-06 1.35604603425099e-06 5.55111455469159e-08 3.76186051198602e-09 0.000915193196851771 0.00205338662672148 3.32602394526038e-07 0.000979046394058969 0.000112597881064858 6.3705985786644e-08 6.99380664492821e-11 2.58681964737661e-14 6.16384721041641e-13 1.7693846388056e-10 1.18476075033791e-05 0.000128936105966426 4.13736643167795e-07
1.11022302462516e-17 1.11022302462516e-17 4.44089209850063e-17 3.33066907387547e-17 2.22044604925031e-17 3.33066907387547e-17 4.44089209850063e-17 6.66133814775094e-17 3.33066907387547e-17 1.88737914186277e-16 3.33066907387547e-17 5.55111512312578e-17 8.88178419700125e-17 1.11022302462516e-16 6.66133814775094e-17 7.7715611723761e-17 7.32747196252603e-16 2.40918396343659e-15 6.66133814775094e-17 7.7715611723761e-17 8.88178419700125e-17 2.77555756156289e-16 1.4432899320127e-16 3.00870439673417e-15 5.70099523145018e-14 7.72765185175217e-12 6.94423292202373e-09 3.26834583574964e-07 1.19266019282804e-08 6.9593564244741e-11 3.76017106340498e-11 8.34501952340361e-07 0.0002215522545157 0.00439111854530887 0.00199488070320513 6.35165001594551e-08 1.92273511667729e-08 4.07451850037432e-15 1.00590904494879e-09 1.11022302462516e-17 1.19795540154399e-10 8.53957826008056e-08 4.57831346980519e-06 2.26062878767253e-05
3.33066907387547e-17 1.11022302462516e-17 3.33066907387547e-17 2.22044604925031e-17 3.33066907387547e-17 2.22044604925031e-17 1.11022302462516e-17 1.11022302462516e-17 3.33066907387547e-17 2.22044604925031e-17 5.55111512312578e-17 2.22044604925031e-17 7.7715611723761e-17 1.22124532708767e-16 1.4432899320127e-16 6.66133814775094e-17 1.33226762955019e-16 6.66133814775094e-17 6.66133814775094e-17 1.88737914186277e-16 1.4432899320127e-16 2.1094237467878e-16 8.32667268468867e-15 4.21884749357559e-16 9.76996261670138e-16 3.25472981899111e-13 2.27263470264916e-09 7.54000808456112e-09 3.97871424695495e-10 2.42609786482717e-08 1.46340770612596e-09 4.11144789325135e-09 4.16590095753122e-12 4.44321368231471e-07 0.000477805753924443 0.000275244961380849 1.10591901472112e-05 2.71309070765113e-09 1.72650783048178e-05 7.11858486056372e-05 2.50022935488481e-06 0.000255878461075554 3.02408020348088e-05 1.51371528467337e-07
1.11022302462516e-17 0 1.11022302462516e-17 1.11022302462516e-17 2.22044604925031e-17 2.22044604925031e-17 1.11022302462516e-17 2.22044604925031e-17 1.11022302462516e-17 1.11022302462516e-17 3.33066907387547e-17 2.22044604925031e-17 3.33066907387547e-17 4.44089209850063e-17 4.44089209850063e-17 8.88178419700125e-17 5.55111512312578e-17 1.4432899320127e-16 4.44089209850063e-17 5.55111512312578e-17 1.22124532708767e-16 7.7715611723761e-17 1.99840144432528e-16 1.11022302462516e-16 1.55431223447522e-16 8.88178419700125e-17 2.66453525910038e-16 9.52404821674691e-13 2.20712337295481e-14 1.70699343549074e-11 3.87027299098008e-10 4.21805212980075e-10 1.16756426749021e-10 5.98536220586254e-11 2.88992048069758e-09 3.21259250313233e-08 1.52410333242869e-09 0.000565633433308232 0.00117443081739158 3.34349661443412e-05 0.189415213279426 1.23951667385658e-07 4.77043361479801e-09 1.08874919080293e-09
0 0 1.11022302462516e-17 1.11022302462516e-17 1.11022302462516e-17 0 1.11022302462516e-17 1.11022302462516e-17 2.22044604925031e-17 2.22044604925031e-17 1.11022302462516e-17 3.33066907387547e-17 2.22044604925031e-17 3.33066907387547e-17 3.33066907387547e-17 6.66133814775094e-17 3.33066907387547e-17 7.7715611723761e-17 8.88178419700125e-17 4.44089209850063e-17 4.32986979603811e-16 1.4432899320127e-16 4.32986979603811e-16 2.88657986402541e-16 8.88178419700125e-17 4.44089209850063e-17 0 0 0 1.33226762955019e-16 4.50750547997814e-15 1.40263023418186e-11 2.00302552322285e-11 7.58748619489324e-13 4.10533496086885e-11 9.78166436738093e-12 3.09460346237245e-11 5.49925660564554e-10 4.62132907941282e-08 6.44343429485161e-05 0.0011052849191401 2.30367185660718e-08 2.3044497309499e-06 5.85265024821702e-07
0 0 0 0 0 0 0 1.11022302462516e-17 1.11022302462516e-17 1.11022302462516e-17 1.11022302462516e-17 8.88178419700125e-17 1.11022302462516e-17 3.33066907387547e-17 2.22044604925031e-17 4.44089209850063e-17 4.44089209850063e-17 6.66133814775094e-17 5.55111512312578e-17 6.66133814775094e-17 9.99200722162641e-17 5.55111512312578e-17 6.66133814775094e-17 1.55431223447522e-16 7.7715611723761e-17 1.4432899320127e-16 3.33066907387547e-17 3.33066907387547e-17 0 1.11022302462516e-17 1.33226762955019e-16 2.55351295663786e-16 3.33066907387547e-16 2.6523228058295e-14 1.7785772854495e-14 8.22208967576898e-13 5.14105091831141e-11 3.07747161087946e-12 1.36748692369792e-09 2.94792423488843e-05 6.54116222078782e-05 7.2689823347516e-06 4.91291394370208e-05 0.198728202283382
0 0 0 0 0 0 0 1.11022302462516e-17 0 0 0 1.11022302462516e-17 1.11022302462516e-17 1.11022302462516e-17 2.22044604925031e-17 2.22044604925031e-17 3.33066907387547e-17 2.22044604925031e-17 2.22044604925031e-17 6.66133814775094e-17 3.33066907387547e-17 4.44089209850063e-17 5.55111512312578e-17 6.66133814775094e-17 6.66133814775094e-17 2.1094237467878e-16 3.33066907387547e-17 5.55111512312578e-17 3.33066907387547e-17 0 0 4.44089209850063e-17 2.22044604925031e-17 6.77236045021345e-16 7.15654313587777e-11 5.51439693907696e-10 5.92510627894782e-08 1.86402644430927e-09 2.21363705144029e-11 1.94471883041558e-11 1.14070874801531e-07 1.01305890232162e-07 4.55892145945214e-06 8.69997128483124e-07
0 0 0 0 0 0 0 0 0 0 1.11022302462516e-17 1.11022302462516e-17 0 1.11022302462516e-17 2.22044604925031e-17 2.22044604925031e-17 1.11022302462516e-17 1.11022302462516e-17 2.22044604925031e-17 3.33066907387547e-17 3.33066907387547e-17 8.88178419700125e-17 9.99200722162641e-17 1.11022302462516e-16 4.44089209850063e-17 3.33066907387547e-17 3.33066907387547e-17 1.22124532708767e-16 3.33066907387547e-17 9.99200722162641e-17 7.7715611723761e-17 1.11022302462516e-17 4.44089209850063e-17 9.99200722162641e-16 3.97459842815806e-15 2.91278867692313e-10 4.2783941722746e-09 1.90651672227204e-10 2.11086703671981e-13 1.75481851272252e-12 8.37552249777218e-14 4.73713290816136e-12 2.59802179769508e-12 4.32065494493372e-13
0 0 0 0 0 0 0 0 0 0 0 0 0 0 1.11022302462516e-17 1.11022302462516e-17 1.11022302462516e-17 3.33066907387547e-17 2.22044604925031e-17 2.22044604925031e-17 7.7715611723761e-17 3.33066907387547e-17 3.33066907387547e-17 8.88178419700125e-17 4.44089209850063e-17 3.33066907387547e-17 2.22044604925031e-17 2.22044604925031e-17 5.55111512312578e-17 4.44089209850063e-17 2.22044604925031e-17 1.11022302462516e-17 0 1.11022302462516e-17 1.4432899320127e-16 2.16693329946338e-13 7.30734317500037e-10 3.28959082196434e-14 2.07533989993181e-13 2.49001663732429e-10 2.60913513017158e-13 5.36082289670503e-13 4.83613149526718e-14 3.77031739162703e-14
0 0 0 0 0 0 0 0 0 0 0 0 1.11022302462516e-17 0 1.11022302462516e-17 1.11022302462516e-17 1.11022302462516e-17 2.22044604925031e-17 2.22044604925031e-17 1.11022302462516e-17 2.22044604925031e-17 2.22044604925031e-17 2.22044604925031e-17 2.22044604925031e-17 1.11022302462516e-17 1.11022302462516e-17 3.33066907387547e-17 3.33066907387547e-17 3.33066907387547e-17 2.22044604925031e-17 1.11022302462516e-17 4.44089209850063e-17 3.33066907387547e-17 0 8.88178419700125e-17 0 1.33226762955019e-16 7.21644966006352e-15 4.62585525440318e-13 8.2150930502678e-11 7.86541942687791e-12 1.13226095166397e-12 2.15161222172355e-14 1.15759830610074e-09
0 0 0 0 0 0 0 0 0 0 0 0 0 0 0 1.11022302462516e-17 0 1.11022302462516e-17 1.11022302462516e-17 2.22044604925031e-17 2.22044604925031e-17 2.22044604925031e-17 2.22044604925031e-17 7.7715611723761e-17 1.11022302462516e-17 3.33066907387547e-17 1.11022302462516e-17 2.22044604925031e-17 3.33066907387547e-17 1.11022302462516e-17 2.22044604925031e-17 2.22044604925031e-17 2.22044604925031e-17 1.11022302462516e-17 1.11022302462516e-17 0 0 3.33066907387547e-17 2.64543942307682e-13 1.17118537090732e-12 1.13724585304453e-12 2.53996823573743e-13 4.31759072938576e-12 1.22568621918617e-14
0 0 0 0 0 0 0 0 0 0 0 0 0 0 0 0 1.11022302462516e-17 0 1.11022302462516e-17 2.22044604925031e-17 1.11022302462516e-17 1.11022302462516e-17 1.11022302462516e-17 1.11022302462516e-17 1.11022302462516e-17 1.11022302462516e-17 1.11022302462516e-17 1.11022302462516e-17 1.11022302462516e-17 1.11022302462516e-17 0 1.11022302462516e-17 1.11022302462516e-17 1.11022302462516e-17 1.11022302462516e-17 0 1.11022302462516e-17 0 0 7.7715611723761e-17 9.76996261670138e-15 4.38538094726937e-15 7.43849426498855e-15 1.55431223447522e-16
0 0 0 0 0 0 0 0 0 0 0 0 0 0 0 0 1.11022302462516e-17 1.11022302462516e-17 0 1.11022302462516e-17 1.11022302462516e-17 0 1.11022302462516e-17 1.11022302462516e-17 0 1.11022302462516e-17 0 1.11022302462516e-17 2.22044604925031e-17 1.11022302462516e-17 0 1.11022302462516e-17 1.11022302462516e-17 1.11022302462516e-17 0 0 1.11022302462516e-17 0 0 0 0 0 0 1.11022302462516e-17
0 0 0 0 0 0 0 0 0 0 0 0 0 0 0 0 0 0 0 0 1.11022302462516e-17 1.11022302462516e-17 0 0 0 0 0 1.11022302462516e-17 1.11022302462516e-17 0 0 0 1.11022302462516e-17 0 2.22044604925031e-17 0 0 0 0 0 1.11022302462516e-17 1.11022302462516e-17 0 0
0 0 0 0 0 0 0 0 0 0 0 0 0 0 0 0 0 0 0 0 0 0 0 0 7.7715611723761e-17 2.33146835171283e-16 1.11022302462516e-17 0 0 0 0 0 0 0 0 0 0 0 0 0 0 0 0 0
0 0 0 0 0 0 0 0 0 0 0 0 0 0 0 0 0 0 0 0 0 0 0 0 6.32827124036339e-16 0.67292070388794 1.11022302462516e-17 0 0 0 0 0 0 0 0 0 0 0 0 0 0 0 0 0
0 0 0 0 0 0 0 0 0 0 0 0 0 0 0 0 0 0 0 0 0 0 0 0 1.11022302462516e-17 2.22044604925031e-17 0 0 0 0 0 0 0 0 0 0 0 0 0 0 0 0 0 0
0 0 0 0 0 0 0 0 0 0 0 0 0 0 0 0 0 0 0 0 0 0 0 0 0 0 0 0 0 0 0 0 0 0 0 0 0 0 0 0 0 0 0 0
0 0 0 0 0 0 0 0 0 0 0 0 2.22044604925031e-17 0 0 0 0 0 0 0 0 0 0 0 0 0 0 0 0 0 0 0 0 0 0 0 0 0 0 0 0 0 0 0
