Scripts_&_data/Maxent_result_files_2/B_persicus_2.asc
NCOLS 594 
NROWS 330 
XLLCORNER -15 
YLLCORNER 23 
CELLSIZE 0.166666666666667 
NODATA_value -9999 
[rows 100 to 119 of 330, columns 308 to 351 of 594]
0.00247404895972915 5.27998963661958e-07 1.4604657962991e-07 4.83843405163498e-07 6.60165369481547e-08 1.8761196770356e-06 8.97655013432086e-08 7.91156423929351e-08 1.28049111935979e-07 2.99721214105375e-06 2.58220155956224e-05 1.53810663050535e-07 1.21901996408269e-07 0.000526447524994511 0.00615953464987342 5.94223000107919e-05 1.42908106681716e-07 4.98989550123952e-08 1.4752465631318e-07 2.21320334503616e-08 4.93141897095484e-08 1.14113476001876e-08 1.65935020390862e-08 2.10034770020684e-08 2.12546228794963e-07 2.19580419980048e-07 2.1745256617578e-07 2.11072665479151e-07 2.92987380134946e-08 2.49360118687036e-07 4.46243439000682e-07 1.03153013242263e-07 9.31012834826106e-08 1.35711184157117e-07 1.23416907626961e-07 1.16688806883758e-07 5.4272304623737e-07 1.93139931070618e-07 3.47365499919761e-08 1.19039134460763e-07 3.85796010959893e-07 3.70767338608857e-07 3.60497324436437e-07 1.80787552039874e-08
0.000152362540885687 1.22277901937196e-07 1.23012318908877e-07 3.87112379485188e-08 9.06454090454645e-08 1.06874256289302e-07 3.73435455003346e-08 1.79040551302023e-05 1.02728984074929e-07 5.07924141857075e-08 3.93528580389102e-08 4.49938823976481e-08 1.41041221013438e-07 1.7509141798655e-07 2.6254820113536e-07 6.77950174576836e-07 9.66382117439934e-08 2.13384282687912e-08 2.02888236344734e-07 2.387101289969e-08 7.47962133118563e-08 1.64842754202255e-07 2.5915760488715e-07 7.55104565541842e-08 7.90570027220383e-08 2.17810747926706e-07 2.11919473258604e-07 1.28024211676347e-08 2.31452099797025e-07 2.46695026362431e-07 8.76200999755383e-08 2.73308160103625e-07 4.017997525807e-08 1.56873954892944e-07 3.72905415133573e-06 1.2077117617082e-07 9.12208975023532e-08 1.21482344184187e-07 1.70223117379464e-08 2.94856522486953e-07 1.29263912640454e-07 2.58256864071882e-07 1.71288570527395e-07 3.25989344673872e-07
2.63276830082759e-05 3.89045362680918e-07 2.70977534455596e-07 1.808747015275e-07 6.61171270621708e-08 6.34161103279296e-05 0.000125814964097015 2.01665829990816e-07 3.73620650861994e-07 1.48832577906433e-07 2.98041459245724e-07 3.82878624805016e-08 4.74789914051144e-08 8.58063174291601e-08 2.25838971346093e-07 2.01026614377042e-07 3.06546826323029e-07 1.69801262472902e-07 2.61736317952455e-08 7.48207583001204e-08 1.47913192449778e-07 1.07407765881362e-07 2.97596898235497e-07 1.03244542515313e-07 2.65445760305738e-07 8.37967206734902e-08 1.03169867315955e-08 1.29299201034883e-07 2.48980063588533e-07 2.8092483717046e-07 3.00827423416195e-07 3.20060371450381e-07 6.75324145049672e-07 3.8204157135624e-07 3.14325461658882e-08 2.01373936192795e-08 4.21208426359954e-08 4.17179990108707e-07 1.5224983940243e-08 2.13087037082005e-07 4.20085916630342e-07 1.15481088869274e-06 7.04457761457888e-08 2.3221265621487e-08
3.67413645108172e-07 3.46879915014142e-08 1.29720217501017e-07 3.88554281016695e-07 1.78080108526046e-07 1.23538018215186e-07 5.98596852796618e-06 6.1406092299876e-08 1.45830892961385e-07 2.91628816739831e-07 4.29618495445538e-08 1.08853259916941e-07 3.82046800950775e-07 5.94583298152429e-08 4.88881096316618e-07 0.00161333822466503 0.0012834236286082 2.91267639340731e-08 5.96003337705042e-07 5.21851734447409e-07 4.42294003732968e-07 4.26857786806067e-07 3.95386950913235e-07 1.09331836029014e-07 9.81557150225854e-08 2.91155015474942e-07 3.81705575591695e-08 3.0579108170059e-07 3.51314724866825e-07 3.00211672765727e-07 3.69958115697955e-08 4.7783936452106e-08 4.14699388784356e-07 4.12138297178899e-07 8.18295848148409e-07 1.03913760085561e-07 1.22070332508883e-07 1.25987583032838e-07 3.40854489877529e-07 2.53982449294199e-08 1.82606186172052e-07 4.98362112466566e-08 3.61960383088444e-07 3.54356279785861e-07
1.34039521526574e-07 6.23150697265373e-08 2.80670656138682e-07 8.84545954704663e-08 8.4508275222106e-08 1.63552363119379e-07 6.29676662811107e-08 3.90905461244984e-07 4.98656049785495e-08 4.19158652675833e-08 5.86359249155066e-08 1.16478997824743e-07 3.55083443537296e-07 4.37680881759661e-08 2.07751872949302e-07 0.00561844005515013 0.013282235163615 0.000452348403632641 7.98647249666828e-08 2.46794320446497e-07 6.42907207293319e-07 5.03911269333912e-07 3.66847734767362e-07 4.34413959737867e-07 1.64331154905994e-08 9.54118831941742e-08 3.23175754601834e-07 9.98428504317417e-08 3.51375683749211e-07 1.06949744349549e-07 3.00170290756796e-07 1.24043617688585e-07 1.81369671281573e-07 1.50975597534853e-07 5.13013333147683e-08 5.72955627831107e-08 4.89887554522284e-08 3.57447424903512e-07 4.46891903038704e-08 4.63918723880852e-08 3.99235977965873e-07 1.25895858218428e-06 5.59783893550048e-07 1.34352658278658e-06
5.97403300162114e-08 2.71129397333425e-07 3.11649978357309e-07 4.334221443969e-08 2.9170880111451e-08 5.45889997738414e-07 5.79465449845884e-07 9.36155338422395e-06 1.30897205963265e-06 6.47755996396882e-07 4.02001523980289e-07 4.82878988350421e-08 7.0209699742918e-08 1.80141687451396e-06 4.27250197390094e-06 1.3446695447783e-06 0.00179390059262445 3.5079905501334e-06 9.18359887691622e-08 1.9359592897672e-07 1.96673295249639e-07 2.33395644499979e-07 1.50078687966015e-07 2.58255727203505e-07 1.18719412967039e-07 3.50730033460422e-07 1.13211160623905e-07 1.27954615436465e-07 1.62140153747714e-08 1.18841091989452e-07 3.43056535712094e-07 1.22382641620789e-07 3.71447049474227e-07 1.4928762936961e-08 3.26209828926949e-07 3.15507531922776e-07 4.26879950055081e-08 1.68406586453784e-08 5.07528284288128e-08 1.33609419208369e-06 4.80158632854e-07 1.96650466932624e-07 5.12270480612642e-07 1.68771221069619e-06
4.98356803291244e-07 5.00785699841799e-07 3.47806803802087e-07 5.16159843755304e-07 8.32044463550119e-08 0.000973154857949154 0.487849919497967 0.459847991168499 0.431465129554272 0.00710369502310471 9.06656132428907e-06 5.89376259085839e-07 1.89858419616939e-06 1.0518903764023e-06 2.19132493839425e-07 1.54202469275333e-05 2.79999630947714e-07 4.17581077272189e-08 8.10757410363294e-07 1.48238732435857e-06 2.37601511798857e-08 7.52452876895404e-08 6.4830942392291e-07 5.25060158906854e-07 4.23999836129951e-07 4.07882816944039e-07 3.75759486814786e-07 4.09570429837913e-07 4.29800763868116e-08 3.52681513504649e-07 3.39580765285064e-07 4.20410242440994e-07 3.27964926327695e-07 3.22627624882443e-07 6.4634144791853e-08 5.26294911651348e-08 7.34876266506035e-08 9.46310251492832e-08 4.2150648482675e-08 5.38052006504586e-08 3.50113668901031e-07 3.6882058793708e-07 3.63148046744755e-07 3.5124542137055e-07
1.7667163092483e-07 4.26921405960456e-07 1.40148563332332e-07 8.29987811812316e-08 1.77278866431152e-07 0.0730704123503529 0.0389300713432021 0.238006145879626 0.0209621056889372 0.0149869217341347 0.000230184237498632 5.271166401144e-08 2.28528369916603e-06 1.07773230411112e-06 1.39230746754038e-07 1.24507050713873e-06 1.68922531429416e-07 1.53548717207741e-07 1.30731677927542e-06 1.2204675385874e-07 8.00125326350098e-07 5.99497616349254e-07 9.47458465816453e-07 9.966733159672e-07 4.84054908156395e-07 6.7916057560069e-07 6.64412709738826e-07 4.52846506959759e-07 1.60811157456919e-07 3.66305221177754e-07 9.3052710781194e-08 7.98895780462772e-07 3.29715476254933e-07 3.20471713166626e-07 5.60398575544241e-08 3.35175013788103e-07 4.92487106384942e-07 3.29545218846761e-07 3.19218611366523e-07 2.91326796286739e-07 4.05123387281492e-08 5.57937482881243e-08 3.31633100358886e-07 3.60989520231669e-07
8.23128175397869e-07 1.85509202310641e-07 2.7973261239822e-06 0.0001766755649518 0.000326857235025013 5.32062695128843e-06 4.39645782535081e-07 5.29111366631696e-07 5.13891827722546e-06 1.04243859823328e-05 0.0626348528865492 0.000127064518164843 7.38517410354689e-06 1.26376899061142e-06 2.88364608422853e-06 1.24079824672663e-06 6.73015483698691e-07 7.48212323742337e-07 1.60483396030031e-06 2.3379923277389e-07 1.08349040601752e-06 6.72383339406224e-07 5.48862726645893e-07 7.67796336731408e-08 1.18339073651441e-07 1.03514173588337e-07 4.48788478024653e-07 3.99233022108092e-07 4.71502607979346e-07 1.03267768736259e-07 4.57231135442271e-07 3.83314227292431e-07 3.43274655278947e-07 3.47583522852801e-07 3.40989186042862e-07 4.35241963714361e-07 4.09477115681511e-07 3.33615116687724e-07 6.10585220783833e-07 3.09319034386135e-07 4.53771320962915e-08 3.29816231214863e-08 3.88873013434932e-07 3.65627874998609e-07
6.18080946424016e-08 9.70581641013268e-07 3.52574261341942e-07 1.46691934332921e-07 1.07004589153803e-06 1.62713183726737e-07 1.2307716133364e-06 1.25183432828635e-06 1.70945218997076e-05 5.72318140257266e-07 7.64066862757318e-07 1.16239834824228e-07 0.00103920887849966 0.00442446235029568 5.15840474690776e-07 2.34008057304891e-06 0.0336903016039287 0.00520229290488601 0.0993495981114393 4.31028543971479e-05 1.34104366225074e-06 1.07872629087069e-06 7.54049722218042e-08 5.3581538850267e-07 6.84929261751677e-08 4.90606407765881e-07 4.32139950135024e-07 4.27007125836099e-07 4.04938555220724e-07 4.08563118980965e-07 3.91557932744035e-07 3.88568378184573e-07 5.03177545851941e-08 4.95654103360721e-07 6.31510920356959e-07 4.29892622832995e-08 3.92575088881131e-08 3.97334275703543e-08 4.11236396757886e-07 3.48318349097099e-07 3.73104285245063e-07 3.70220823242562e-07 3.72531599168724e-07 4.34678486271878e-07
1.17270508326328e-07 7.00863392921747e-07 9.62734520726372e-07 2.45004662247084e-07 1.07056612250744e-06 1.04445725810365e-06 1.14259528345428e-06 1.50991672853706e-07 2.67920950136613e-07 9.60515262704575e-07 1.79085350282548e-07 1.85854719347844e-07 0.00020691272780593 0.000481647379050099 2.91273172479123e-06 2.44981565629132e-06 4.13233101426158e-06 1.87454250408337e-05 0.0908631333266385 0.572392991185188 0.000530427559810498 2.32373258768348e-06 1.54880171976401e-07 8.37228697037062e-08 7.19378385838354e-07 5.8707109928946e-07 5.42317548024584e-07 1.76075845956802e-06 6.25975280854618e-07 1.29912575630442e-07 8.59101817241026e-08 5.11286680193734e-07 4.45382255520599e-08 9.20531931569712e-08 1.54763165483018e-06 8.65970196173294e-07 3.48131220562209e-07 3.35686127073131e-07 3.52261258740327e-07 1.5675802842452e-07 3.76595630768861e-07 3.75175341105205e-07 4.88993123326509e-08 5.06698313529341e-08
6.14437976764748e-07 4.86848989567079e-08 9.89106183624244e-08 1.06477100416669e-06 6.31215016255737e-07 2.49085096584167e-06 9.89846466836752e-07 9.16362205316545e-07 9.32107559492579e-07 2.79635569313541e-06 1.62229625857435e-06 9.31927388592158e-07 8.34476304589771e-07 6.8122215452604e-06 2.87288494291715e-06 1.16459914352163e-06 1.40526335599134e-06 3.12143965857103e-06 1.59203609655378e-06 9.55040100961924e-05 0.00280869962693941 3.18746310767892e-07 1.34667046950199e-05 1.68581982507021e-07 2.44804482463223e-07 1.25487076729769e-07 4.26768292527413e-07 6.05192099101259e-08 5.33533977886691e-08 9.82290885076509e-08 9.24117671274871e-08 2.44491752710019e-07 6.64714480080875e-07 8.43137513584225e-07 5.62568448003731e-07 5.75407511860249e-08 4.73436813308581e-08 6.60690056975e-07 4.21417007601121e-07 4.93077459395863e-07 3.62199762093951e-07 3.7108443393663e-07 4.86037890823354e-08 3.93197069570306e-07
1.13473513920326e-05 7.67979690863285e-07 3.32376043843396e-07 8.21488993096864e-07 7.25835388948326e-07 2.93997345579555e-08 1.99939040612662e-07 1.48682534018008e-07 1.08797139546368e-05 4.01161196350586e-07 4.85993496113224e-08 7.66814264352433e-07 0.000834242940663099 0.000192749605048448 1.56062287715031e-06 9.92566765489755e-07 9.65463277680101e-07 1.08580188680207e-06 2.41385714616627e-06 6.99676165822893e-06 0.000295769819058478 0.00366543754935265 1.16979781523696e-06 7.22207118997176e-08 1.19859237202036e-07 1.30275539049762e-06 2.46616964432178e-06 1.61985644808738e-06 1.56387759489007e-06 3.70774728253309e-07 6.31630939551542e-08 4.3975620656056e-08 3.36253174282319e-07 4.4702034074362e-08 4.61488434666535e-07 3.09451320390508e-07 3.09781057694636e-07 4.59942384622991e-07 4.55162279422439e-08 3.66538756679802e-07 3.91054163628723e-07 3.93314985558391e-07 4.28172143074335e-07 4.24560630563064e-07
4.4933080971532e-07 1.06034585769521e-06 2.72555858828127e-05 3.0763512768317e-06 0.000530370650812984 4.31118241976947e-06 3.29335108517625e-08 6.6951120061276e-07 0.00634980872273447 0.0138039336092644 1.89202590263449e-05 5.22623223291108e-05 1.5508322394453e-05 1.54431036207825e-06 4.12976623920258e-06 2.91181750071701e-06 1.3592240975413e-06 9.19821468414739e-07 1.10908158603706e-06 1.45949816214852e-06 2.14252449950436e-06 3.54732110281475e-06 3.6538767744787e-06 7.66426383052021e-06 3.11638791572477e-07 8.34251125070296e-08 4.46067315351684e-07 6.67268238885299e-08 3.79065409106261e-07 3.42618659487925e-07 3.45653734257212e-07 4.20897833919298e-08 3.21735751640517e-07 3.3027474728442e-07 3.29944668919779e-07 5.26996927874279e-07 3.41312443197239e-07 4.8671972763259e-07 3.33622961079527e-07 4.58135787084757e-08 3.76947446056874e-07 3.79096582037164e-07 4.06171557187918e-07 4.56867519460502e-07
3.01941372526926e-07 8.47531907766097e-08 1.40463464504137e-07 4.5213641897135e-08 8.07178537343134e-08 8.46935336085153e-08 1.52292568600387e-07 8.74876983599226e-05 0.000332955892172393 0.00173957838036074 0.00828502497352021 0.203879167031846 1.90710688912077e-06 1.31836677610409e-06 1.01675013866043e-06 1.05037552202703e-06 1.1324428669468e-06 1.03339361885446e-06 9.56931307882769e-07 9.36797823669622e-07 8.97818790690508e-07 4.70095510536339e-06 2.74279918812681e-06 1.97758199647069e-06 7.72536350268638e-07 1.49039442476351e-06 1.51512704178458e-06 5.62179093321902e-07 6.59068155073328e-07 7.2483754820496e-08 6.07513129580184e-08 3.14642875309801e-07 3.13167743115628e-07 3.35986533173127e-07 3.39401890414592e-07 3.35865615852526e-07 3.77999049305799e-07 5.19025752510061e-07 9.55475456976274e-08 3.76041634808644e-07 3.72564545614296e-07 4.36632126366021e-07 4.75991464554681e-07 4.69061569674523e-07
4.21854434534907e-05 2.39596829487709e-06 2.1580879092653e-07 1.18458751785511e-07 6.68513894197531e-06 0.0012514169149938 2.54314480116591e-05 5.7619130529929e-06 9.29186935536563e-06 1.41555494792556e-07 0.00692226812243462 0.796968978643417 0.374266209509733 1.43882032716647e-05 9.82567371465848e-08 9.69352640822763e-08 8.70927397045307e-07 2.91684264084324e-06 6.45605905447155e-06 1.3743486306339e-06 9.3342919171846e-08 1.98237885342678e-06 7.13146755515481e-07 9.8532564152265e-07 8.36462459119502e-07 5.07012418893282e-07 6.2069516388874e-07 1.50938194565242e-06 1.33393750729738e-06 5.08801349496935e-07 3.33333264279645e-07 3.08953053718142e-07 4.17189630752546e-07 4.0184827412304e-07 3.73312650481239e-07 3.54823100678914e-07 3.66785752703436e-07 0.000443241004639638 5.50856675545219e-06 4.1869484448398e-07 3.93462778447429e-07 4.34857702202862e-07 4.61740501123131e-07 4.65527455162373e-07
2.03663221327588e-06 1.19931482913671e-06 2.47437710640952e-06 2.12507602554979e-06 5.14628754899604e-07 3.41456666319573e-07 3.88864926632371e-05 0.00121968952884867 0.00297005732832076 0.00296147356065717 0.00463559826689561 0.418781028687954 0.391633276641369 0.00526422277698657 0.0675316109213547 1.71028790646233e-05 1.04389109765179e-06 7.61804903959273e-07 1.08364893094404e-06 3.28568603435997e-06 5.13507256982848e-07 6.57841292195371e-07 7.96816038928227e-07 8.06700336397626e-07 5.23574317412567e-07 4.49167873739498e-07 3.98185738959e-07 3.8405505620176e-07 3.63905837730272e-07 6.46581338514807e-07 5.04620220453944e-07 3.21538618663908e-07 3.60457352144294e-07 5.22033360539353e-07 4.54334849564475e-07 3.48581693287997e-07 3.69386384591053e-07 3.56333657691721e-07 3.56201530848921e-07 3.84458962798817e-07 3.95729466617922e-07 4.43711451225681e-07 4.54469682154013e-07 4.86638509755721e-07
1.16776740469504e-05 3.48245266650338e-06 1.96633282030234e-06 1.96417240658775e-06 1.75342574948445e-05 8.08263212093152e-06 1.87106070370646e-06 0.00387968840527719 0.524827034771442 0.468202213943005 0.0181457697456153 0.0193560689658625 0.417012096941471 0.414247988164425 0.404894617199898 0.810303626907182 2.53882280958351e-06 3.1549519917462e-06 1.28440105982008e-06 8.42924146127189e-07 6.54917084830231e-07 8.41384098748676e-07 5.88878083362943e-07 9.33597311814083e-07 9.83793870545924e-07 5.72138515053666e-07 1.00873940027668e-06 9.23867810342927e-07 6.65876268612919e-07 4.53037755505647e-06 3.43055398843717e-06 3.45358894264791e-06 5.10643894813256e-07 2.96174221148249e-06 2.14625142689329e-06 0.00162995262952847 0.000823261057988989 5.39770462637534e-07 3.95627512261854e-07 4.30279533247813e-07 4.4559874368133e-07 5.11257849211688e-07 7.3197024903493e-07 1.4716878240506e-07
2.25305557250977e-06 6.70756126055494e-06 1.92133491509594e-05 9.05205306480639e-06 6.65309125906788e-06 1.71309402503539e-06 1.76194625964854e-06 1.98441084648948e-06 6.1777864175383e-06 0.00180369480521989 0.154977144300938 0.00325457409811634 0.0185018172334821 0.612966698408127 0.469567289948463 9.53339680563659e-05 8.24812559585553e-07 1.03592401501373e-06 6.36417689747759e-07 1.73365169757744e-06 1.17462914204225e-06 8.9246923380415e-07 1.3171313185012e-06 9.21538503462216e-07 5.49155583939864e-07 5.11452981299954e-07 6.50001538815559e-07 2.65099624812137e-06 6.06920934842492e-08 1.23279405670473e-06 8.70130588737084e-07 1.44115310831694e-06 4.57895584986545e-06 1.50166697494569e-06 1.50413752635359e-06 3.829395154753e-07 3.33829530063667e-07 3.26478266288177e-07 3.7926272398181e-07 1.12053858174477e-06 4.5641736505786e-07 4.75837305202731e-07 4.3903728510486e-07 5.64567642413749e-08
4.86591052322183e-06 2.8692654450424e-05 2.85969494143501e-05 0.000199134810827672 0.000425232108682394 0.000234059011563659 2.75102560408413e-05 2.65008911810582e-06 3.42044659191743e-06 3.50349619111512e-06 3.0497447369271e-06 0.00217732307751817 0.0579665304161608 0.00109742411746652 0.0125825583934784 0.000123953190632164 2.90406933345366e-06 1.12547140815877e-06 9.26231314224424e-07 1.36881326397997e-06 1.97414337890223e-06 1.37102615553886e-06 1.92885818250943e-06 1.12289299067925e-06 3.55194679286797e-06 1.77472302311799e-06 3.04594959743554e-06 2.83292101812549e-06 4.61065474155475e-07 4.85259806737304e-07 2.53831831287243e-07 1.31263695948292e-06 6.02040836383821e-07 7.89172099757707e-07 4.80388280266197e-07 4.00061253458261e-07 4.60968203697121e-07 3.42040289069701e-07 1.3570978808275e-06 5.53271820535883e-07 8.00120506028179e-07 3.90536570193944e-07 4.11959035773179e-07 5.24357619724469e-07
