Scripts_&_data/Maxent_result_files_2/B_persicus_3.asc
NCOLS 594 
NROWS 330 
XLLCORNER -15 
YLLCORNER 23 
CELLSIZE 0.166666666666667 
NODATA_value -9999 
[rows 280 to 299 of 330, columns 176 to 219 of 594]
1.90716331616159e-12 1.80381265479923e-12 1.70597980186926e-12 1.5354162385961e-12 1.62684310467398e-12 1.67489355717976e-12 1.99962268965237e-12 1.97617477937229e-12 1.18551835015523e-12 1.24290577829811e-12 1.79539053624111e-09 -9999 -9999 -9999 -9999 -9999 -9999 -9999 -9999 -9999 -9999 -9999 -9999 -9999 -9999 -9999 -9999 -9999 -9999 -9999 -9999 -9999 -9999 -9999 -9999 5.08049158298718e-13 5.46263034806316e-13 6.95210555790027e-13 7.46303019383277e-13 6.23456841708503e-13 5.54722934253959e-13 1.16826548435256e-12 1.94474436554515e-12 2.54393173193535e-12
1.28568267143692e-12 1.02373665100686e-12 1.19819709709645e-12 1.12642117855444e-12 1.12519993322735e-12 1.63080660087189e-12 2.08089101505493e-12 2.02285965755777e-12 1.40786271529691e-12 1.27934329796631e-12 1.31407107417658e-12 3.00086622218032e-12 3.02967650966934e-12 5.45909983884485e-12 1.18696164008725e-12 2.13568052132018e-12 1.62524438351852e-12 1.40407357962502e-09 -9999 -9999 -9999 -9999 -9999 -9999 -9999 -9999 -9999 -9999 -9999 -9999 -9999 -9999 -9999 -9999 -9999 8.90210127835189e-13 7.01541047476439e-12 6.62092602965458e-13 6.13065154198011e-13 5.64759350396571e-13 5.52635714967664e-13 9.62019353067944e-13 1.53576040773373e-12 2.15453210827832e-12
1.02190478301623e-12 9.69491154023672e-13 9.36228872205902e-13 8.99003094190221e-13 1.37101441310961e-12 1.57298618574941e-12 1.87228010872786e-12 1.81122894460373e-12 1.8961721082178e-12 1.69422254003848e-12 3.65141250568968e-12 1.812638927845e-12 1.83324466718204e-12 1.83992820979029e-12 2.06599182206446e-12 2.28036478588933e-12 2.21457296945005e-12 1.90186755233412e-12 1.87863058442872e-12 1.7831625065412e-12 3.12206771546641e-10 -9999 -9999 -9999 -9999 -9999 -9999 -9999 -9999 -9999 -9999 -9999 -9999 -9999 -9999 3.45423689651625e-13 7.60047580428136e-13 7.34656779854959e-13 1.21502807814977e-12 4.34230429391391e-13 5.70787861420285e-13 9.50295397927903e-13 1.54676271790777e-12 1.88146165314151e-12
1.15739640094148e-12 1.02071684437988e-12 1.44573242266688e-12 8.41915426263995e-13 1.30376820450806e-12 1.45086165304065e-12 1.38311584407802e-12 2.0318191573665e-12 2.37518893442257e-12 2.91832114029944e-12 2.73243649928645e-12 2.26604290887167e-12 2.26096918964913e-12 2.34990915615185e-12 2.70693467641081e-12 3.05210301476677e-12 3.42559314248092e-12 3.51153550681715e-12 3.79756226465133e-12 3.03548297608813e-12 2.76649814168195e-12 3.81037423835551e-12 1.87095894332856e-12 -9999 -9999 -9999 -9999 -9999 -9999 -9999 -9999 -9999 -9999 -9999 3.3003599853032e-13 8.42359515473845e-13 7.59126095317697e-13 5.31996668939883e-13 3.70126151949535e-13 3.62465613079621e-13 4.09838829540377e-13 7.57982565602333e-13 1.39197542381453e-12 1.49743550892367e-12
2.00477412448663e-12 3.56007445745377e-12 1.73271397230224e-12 9.12592224011632e-13 1.21158638677343e-12 1.89573912123819e-12 1.27677868277942e-12 2.33627561740946e-12 3.18508552865637e-12 3.52676776671501e-12 3.31431548872274e-12 3.40810712984307e-12 3.45810047264195e-12 2.90771851041427e-12 3.55089291304012e-12 3.67569308323823e-12 4.12002654215371e-12 4.99514873908424e-12 5.68034508319215e-12 5.166189698258e-12 4.3873571442532e-12 3.70478092648341e-12 3.14986925431526e-12 4.09516864863235e-12 1.0256683280474e-09 -9999 -9999 -9999 -9999 -9999 -9999 -9999 -9999 1.28764221507538e-11 2.31781260850994e-13 5.28621590945022e-13 5.71409586314076e-13 4.46098713524634e-13 3.64419605602961e-13 3.03801428458428e-13 3.00470759384552e-13 6.0178528826782e-13 9.85633796801721e-13 8.81672512775822e-13
6.92915724798127e-12 5.16625996060949e-07 1.30694577382684e-10 1.12526654660883e-12 9.93827242723455e-13 1.24865673356567e-12 1.2984724406806e-12 2.71893618730701e-12 5.03385111372268e-12 4.31348290419464e-12 3.73652220275744e-12 4.03732602904938e-12 5.52131673714484e-12 4.94548846319276e-12 4.91735541174876e-12 5.22609733266677e-12 3.43715056416727e-12 4.05749878140682e-12 6.38858965729128e-12 6.34566843515927e-12 6.00507421566476e-12 5.20639087397967e-12 3.9306335963829e-12 2.24958940364672e-12 2.01920702380676e-12 1.62829416616717e-11 -9999 -9999 -9999 -9999 -9999 -9999 3.85602660912809e-13 3.60911300845146e-13 4.73754369068047e-13 4.20785628563181e-13 3.34965388759656e-13 3.52529117009226e-13 3.4404701310109e-13 2.52875498318872e-13 1.93711713336597e-13 4.22917256770461e-13 7.84972087330971e-13 8.03157540474331e-13
6.06305006201069e-12 3.53223006399617e-12 2.46693869776493e-09 1.90809590350227e-12 1.20057297436915e-12 8.58857429619775e-13 1.17906795438216e-12 1.63128399677248e-12 3.74591468954577e-12 5.06926722820822e-12 5.05904207415142e-12 4.24152934996869e-12 8.41471337054145e-12 6.61669607993076e-12 5.83896264672035e-12 6.53489484747638e-12 5.82460746301194e-12 6.09614581037476e-12 6.06669159353146e-12 6.6738836679292e-12 7.03113123279309e-12 6.13299411256207e-12 5.73892044997137e-12 4.76727546327993e-12 2.82668333184688e-12 2.06299421989797e-12 9.92494975093905e-13 2.07723838130391e-12 2.97387781067471e-10 8.54349480050587e-11 5.32973665201553e-13 1.76292314080229e-13 7.74413866366785e-13 4.31199520534165e-13 3.53350682047449e-13 2.88014057048258e-13 3.04789526950344e-13 3.50564022255639e-13 3.18134407706339e-13 1.05748743095546e-13 1.5869527913992e-13 3.52917695067845e-13 6.28219698484145e-13 7.61679608274335e-13
3.5928482411407e-12 3.48063800004184e-12 4.44421166534426e-12 3.05784286780408e-12 2.45673481558129e-12 1.36959332763809e-12 1.29064536835699e-12 2.21255236354523e-12 3.60926843967491e-12 2.11398565319598e-11 6.92933488366521e-12 5.68659563882079e-12 7.07487401996332e-12 1.17496790075222e-11 9.96724924817727e-12 7.31236182716088e-12 7.35332905676955e-12 7.47480966012404e-12 8.21189782840293e-12 8.17512724182734e-12 7.04754032909705e-12 7.5295547574683e-12 8.50807202468218e-12 8.75994832227889e-12 5.93289861683388e-12 3.15188986022008e-12 1.9328760814119e-12 1.01844088717939e-12 4.48274750652899e-13 6.02928817983184e-13 6.78612721571881e-13 4.65694149909268e-13 8.33810798184231e-13 3.53328477586956e-13 3.19988480157463e-13 2.9606317397679e-13 3.1327163085848e-13 3.23141513547398e-13 1.91890947576212e-13 7.3085981711074e-14 1.69142477801643e-13 3.35498295811476e-13 5.51214629496144e-13 6.68909372336657e-13
7.6818107430654e-12 5.64115421042288e-12 3.37379013615191e-12 4.93807217338826e-12 4.45303793839003e-12 2.24010809901642e-12 1.33871802532326e-12 1.72833969358521e-12 1.84938730996009e-12 6.09092776215903e-12 2.08880024388236e-11 9.73334746134924e-12 8.45280512251634e-12 1.26947341527739e-11 1.2074596877909e-11 8.81624773185763e-12 8.36805069681645e-12 7.96492871657506e-12 8.7876039778223e-12 1.15255915922319e-11 8.26783086438354e-12 9.87017134690404e-12 1.23128396367633e-11 1.31502364553171e-11 9.14527342743554e-12 4.70212757619493e-12 3.2559288598577e-12 2.55804266657833e-12 1.33973943050592e-12 7.71593899884238e-13 6.20115070404381e-13 2.52120546662127e-13 2.12507789143501e-13 3.06299430263834e-13 3.32012195514153e-13 3.19488879796381e-13 3.07442959979198e-13 2.72804001610893e-13 1.75215397746342e-13 1.11377573830396e-13 1.66644475996236e-13 2.06434869198802e-13 2.35833574890876e-13 4.47153425398028e-13
5.34121635809015e-12 6.13745720912107e-12 4.72371031179364e-12 9.35029831339307e-12 6.4484861894698e-12 3.71449537794888e-12 2.72142308688217e-12 1.76434422627381e-12 2.64881450107168e-12 3.00613978154729e-12 1.10331077607384e-11 2.10280903800708e-11 1.61777258256279e-11 1.51608614551435e-11 1.5552670262764e-11 1.26301746838919e-11 9.84315962071491e-12 9.80546754902889e-12 9.520806365515e-12 1.80150450113103e-11 1.61486601868432e-11 1.47852396992221e-11 1.53508761258081e-11 1.63032254363316e-11 1.41551437238263e-11 8.36931635106453e-12 5.27855537058031e-12 3.54698492799344e-12 2.53759235846474e-12 2.01274552580344e-12 1.27035049146684e-12 3.77564646214523e-13 7.90256748928186e-14 1.57973634173914e-13 2.91167090438194e-13 2.7450264283857e-13 2.32902586105865e-13 2.0371482278847e-13 1.94222415927925e-13 1.87416748786973e-13 1.38622446854697e-13 1.47570844433176e-13 1.72861724934137e-13 2.33046915099067e-13
5.07933695104157e-12 4.90791851603944e-12 4.65032456986592e-12 8.10229661141193e-12 6.42410569184904e-12 6.88102907986377e-12 3.7181480116999e-12 2.6786795004341e-12 4.49672521440903e-12 3.94027033223665e-12 4.86928275478249e-12 3.40466432824371e-11 3.43802875057975e-11 2.34464114790001e-11 2.61352606223397e-11 2.36096586725409e-11 1.50210066607315e-11 5.84839954242966e-12 5.22201171193615e-12 9.22191212282542e-12 2.77636691414784e-11 2.08696393499963e-11 1.75399028634615e-11 2.14422146704862e-11 1.50190304637476e-11 7.3625328056437e-12 5.98914251526139e-12 4.26223500937795e-12 4.1853631671529e-12 2.61094479370172e-12 1.62767577194245e-12 1.16249232462451e-12 5.26645393961189e-13 3.49065221172395e-13 3.0089264413391e-13 2.61002330859128e-13 2.48501219601849e-13 2.4230617512444e-13 2.1476154188349e-13 1.92057481029906e-13 1.63757896132211e-13 1.8695045511663e-13 2.06723527185204e-13 2.00572891628781e-13
3.57868179534648e-12 4.21706003450595e-12 4.45882220034832e-12 7.76931852186635e-12 9.15026943104635e-12 9.3176133475481e-12 3.52492479649413e-12 4.16020551341489e-12 2.95140578643327e-12 3.4500957646344e-12 4.17161860610804e-12 3.98555410896506e-11 5.25113064142602e-11 3.5495395511731e-11 4.08488465275525e-11 1.83496995376231e-11 1.81639703278336e-11 8.52318216004733e-12 3.27134985766975e-12 3.42049721879789e-12 1.10355169447018e-11 4.73564187863929e-11 3.42913253348343e-11 1.87080573255116e-11 1.05667363747841e-11 5.03250774386288e-12 3.71189745607126e-12 2.79852807594239e-12 2.06574757299904e-12 1.66956448666156e-12 2.00388594606693e-12 1.87657667183316e-12 1.23669963159045e-12 7.0743411129115e-13 4.22939461230953e-13 3.01569880178931e-13 2.61413113378239e-13 2.45192754988466e-13 2.22810658812023e-13 2.10187423022035e-13 1.83142390142166e-13 1.81799020282369e-13 2.02515781921875e-13 1.99140703927014e-13
2.14660511588249e-12 4.35458336056627e-12 4.50263160090003e-12 5.5558002642897e-12 9.76907443828168e-12 5.49580381203896e-12 5.55779866573403e-12 6.57677245996524e-12 2.70117261891301e-12 5.1879389673104e-12 7.27906623865238e-12 1.12857168055314e-11 2.20319540389369e-11 2.64041899455947e-11 2.21658691401672e-11 1.1719958337153e-11 7.73797692588118e-12 5.06793496057867e-12 2.91127122409307e-12 2.37506680988986e-12 6.18985973588337e-12 1.67812874707352e-11 1.47662881921917e-11 1.68092539887255e-11 1.09875664122683e-11 4.73220351793202e-12 1.98278060636881e-12 1.08426601030942e-12 4.42690328839035e-13 2.37110331369195e-13 4.58710847084376e-13 1.40789602198765e-12 1.63146163245642e-12 1.0434542119242e-12 2.26707541628457e-13 4.22173407343962e-13 3.56203955220735e-13 2.50499621046174e-13 2.14206430371178e-13 1.98152605435098e-13 1.67565961106675e-13 1.40121247937941e-13 1.58195678778839e-13 1.50968126888529e-13
2.81409340274763e-12 2.83232326481198e-12 3.15893977642645e-12 1.88837834258493e-12 3.56299434400853e-12 2.81813461455727e-12 3.64561714150113e-12 1.74548153708542e-12 3.67306185466987e-12 3.68914898629669e-12 5.46572787030186e-12 3.84088316707221e-12 7.46163131282174e-12 9.55127088531071e-12 9.33872978947647e-12 8.05230326861306e-12 5.79272185774471e-12 6.51994014333468e-12 3.50808271321057e-12 1.82761583644719e-12 5.26718668680815e-12 1.84419035598182e-11 1.6175205619362e-11 1.37628242136145e-11 7.26108062565345e-12 3.55958595932293e-12 1.15155662783195e-12 7.66164909293821e-13 8.05122635227917e-13 1.00935926283796e-12 1.18728360476439e-12 1.08979492097205e-12 7.23410220615506e-13 6.04949423888002e-13 1.5013545962006e-13 2.76845213420529e-13 4.65605332067298e-13 3.81272791116771e-13 2.8128610551903e-13 2.29805063867161e-13 2.03637107176746e-13 1.33926203460533e-13 9.97868454533091e-14 2.16127116203779e-13
1.80638837221636e-12 2.28682628389265e-12 3.76205733232382e-12 2.96994651094451e-12 2.0433654768226e-12 2.38330466473258e-12 2.29255503469972e-12 1.19810827925448e-12 1.22954979531187e-12 1.28044241876069e-12 3.52906592837599e-12 5.49325029908232e-12 7.80490116980559e-12 1.05355835167131e-11 8.10362887904148e-12 6.29652996408936e-12 5.89822635177484e-12 7.77981012944906e-12 1.11453846152187e-11 2.41127118272288e-12 2.64004373917714e-12 1.28168253787919e-11 1.9931767347714e-11 1.56500035153329e-11 7.96034349548336e-12 3.47382123067064e-12 1.38560274365318e-12 9.14890385672607e-13 8.09696754089373e-13 1.22002408176058e-12 1.59233737306863e-12 1.83156823041486e-12 1.39699363188583e-12 8.03435096230487e-13 4.60587123995992e-13 5.34750022040953e-13 5.17652587461726e-13 4.13091783002528e-13 3.64164254307298e-13 2.61046739780113e-13 2.23754348382954e-13 1.90192306348536e-13 1.40787381752716e-13 8.37996338987068e-14
2.6158852861613e-12 4.02166078217192e-12 2.90285573356641e-12 4.35397273790272e-12 3.04307690157657e-12 3.01303426653021e-12 2.57172061424171e-12 2.14769313444663e-12 1.62390101365872e-12 1.88005166990024e-12 9.32633970052166e-12 4.16377599066209e-11 3.69266506261567e-11 9.94316851077315e-12 1.11041176253934e-11 8.94635476811345e-12 1.04100505993188e-11 9.31715815610801e-12 7.36655181299284e-12 2.96240809660731e-12 1.62181379437243e-12 5.68260993816239e-12 1.43766554216995e-11 1.56801460704514e-11 1.39690148337479e-11 5.68258773370189e-12 2.31613617174276e-12 8.13293876689158e-13 6.45516973207805e-13 1.06724629134192e-12 1.86658466461154e-12 2.98323588054927e-12 1.82359682909805e-12 1.11411990744159e-12 9.14213149627585e-13 6.98685553857103e-13 7.02005120700733e-13 4.73188155325488e-13 3.7079228576431e-13 2.8940183582904e-13 2.40218955838145e-13 1.85662596408065e-13 1.14586118371562e-13 7.50510764646606e-14
4.83569850828758e-12 5.50969270207702e-12 4.94397855987927e-12 4.68689531629707e-12 4.70870009650071e-12 4.45051773212413e-12 3.41537909065437e-12 2.6200375202734e-12 2.4510726781557e-12 9.39841537928032e-12 3.96036203831329e-11 3.65498187271385e-11 4.44392855847298e-11 1.49322998410639e-11 1.32991173629193e-11 3.24910542914836e-11 2.60701349397152e-11 2.81045742234198e-11 6.9968808524834e-12 8.19131429352638e-12 2.01266781019172e-12 2.68931543701001e-12 1.45542244922581e-11 6.3944516348613e-12 5.63954438703718e-12 4.70987693290681e-12 2.91373591920774e-12 1.24685817226577e-12 9.17455000859491e-13 1.31393784741363e-12 1.46965772884755e-12 2.05487848958796e-12 3.25242055509989e-12 1.83952852950142e-12 2.03302930046334e-12 7.38153982382528e-13 6.90292267790937e-13 6.42930153560428e-13 4.26891855198619e-13 3.23985283046113e-13 2.78532752417959e-13 1.76370029691952e-13 1.00031094518727e-13 6.31494856406789e-14
5.11005682213295e-12 3.82316400759919e-12 4.99791319441556e-12 2.83546519597166e-12 4.91428009397055e-12 6.31189545075017e-12 4.42658132371321e-12 5.72065728121629e-12 9.00087782085279e-12 2.0526891297834e-11 2.86541124161488e-11 3.28203131338967e-11 2.67984745505601e-11 1.63106084194453e-11 1.27751142997568e-11 1.29748434218868e-11 1.08484554672827e-11 7.97781840589096e-12 7.50307593833099e-12 8.30057134137974e-12 5.51567680417975e-12 4.3728354270911e-12 3.27421423307328e-12 2.67176281099069e-12 2.82318612931931e-12 2.78024270272681e-12 2.67844635359893e-12 1.69803060501295e-12 1.31290534000073e-12 1.52950985210509e-12 1.71092029432884e-12 1.55409018987029e-12 7.80564501923209e-13 5.46329648187793e-13 1.32891475601582e-12 2.0661694577484e-12 1.38409284033969e-12 6.05016037269479e-13 4.20696810721211e-13 3.51485507366078e-13 2.35178543306347e-13 1.46893608388154e-13 9.1837648596993e-14 6.20836715370388e-14
3.69178021486505e-12 3.95087296212182e-12 2.33996155785121e-12 1.93949301063867e-12 3.025513173327e-12 5.65154589793337e-12 6.48190390251102e-12 8.07013345038854e-12 1.0403478079013e-11 1.80504278191052e-11 2.39531394718995e-11 3.59483443013176e-11 2.38947972519554e-11 1.55126245182657e-11 8.10392863925813e-12 6.86437573449439e-12 4.18274304081479e-12 4.5932146974792e-12 6.19667650525457e-12 4.02458066872668e-12 6.48707754180577e-12 7.90975063225119e-12 5.87471182811328e-12 2.98816527077861e-12 2.77704526041589e-12 3.41984218721336e-12 3.59666740834541e-12 2.22732943200299e-12 4.2851722170667e-12 1.86426429849007e-12 1.81252790554254e-12 1.79186665505426e-12 1.41330280811758e-12 9.22317777707349e-13 1.04860564675846e-12 2.00779393111361e-12 1.6866175123198e-12 9.22739662456706e-13 2.54329890481131e-13 1.84630088995164e-13 1.59650070941098e-13 2.56561438760627e-13 7.58948459633757e-14 6.16395823271887e-14
3.89654974952691e-12 3.77777809035251e-12 2.82628365155801e-12 2.83338907891562e-12 2.53218557233481e-12 3.23923110556734e-12 4.46180870028456e-12 7.95102872430675e-12 1.10151443522e-11 1.52714840773172e-11 1.91762161705356e-11 1.7194307337931e-07 4.29680957481082e-11 1.71188618836027e-11 7.3964279145855e-12 6.72483180252925e-12 5.27704546726682e-12 4.44702052959656e-12 3.40926176178868e-12 3.10614867160552e-12 2.79047895901385e-12 2.93423063624232e-12 7.049161254713e-12 5.13814546465596e-12 3.96465082985742e-12 3.02387004325055e-12 3.49617002015634e-12 2.66581201557869e-12 2.48668863278567e-12 2.01401118005151e-12 1.80347958789184e-12 1.59209312400321e-12 1.53905777011687e-12 1.0376699499659e-12 8.29825097525827e-13 1.14478426738174e-12 1.42237333022877e-12 7.14861503325892e-13 2.47091236360575e-13 1.78668191352926e-13 1.14175335852451e-13 8.09019518044352e-14 6.26831919703363e-14 5.35238520171788e-14
