Scripts_&_data/Maxent_result_files_2/B_persicus_2.asc
NCOLS 594 
NROWS 330 
XLLCORNER -15 
YLLCORNER 23 
CELLSIZE 0.166666666666667 
NODATA_value -9999 
[rows 140 to 159 of 330, columns 132 to 175 of 594]
-9999 -9999 -9999 -9999 -9999 -9999 -9999 -9999 -9999 -9999 -9999 0.00165250804275274 0.0254798417852726 7.65910372138023e-05 4.42304619355127e-05 4.22857061494142e-05 5.96154131926596e-05 2.50896846409887e-05 -9999 -9999 -9999 -9999 -9999 -9999 -9999 -9999 -9999 -9999 -9999 -9999 -9999 -9999 -9999 -9999 -9999 -9999 -9999 0.000391810340806842 -9999 -9999 -9999 -9999 -9999 -9999
-9999 -9999 -9999 -9999 -9999 -9999 -9999 -9999 -9999 -9999 -9999 0.00160957910120487 0.013813148724148 0.0194213454611599 0.015254479565192 1.27750332467258e-05 0.000180680048651993 1.22282319352962e-05 1.59347298904322e-05 -9999 -9999 -9999 -9999 -9999 1.51095155160874e-05 -9999 -9999 -9999 -9999 -9999 -9999 -9999 -9999 7.7054173743818e-06 -9999 -9999 -9999 3.61308048013598e-06 5.81494008656591e-05 0.000219975248910487 -9999 -9999 -9999 -9999
-9999 -9999 -9999 -9999 -9999 -9999 -9999 -9999 -9999 -9999 -9999 1.41147582326084e-05 0.00815081670880318 0.00419573597609997 0.0137549484614283 2.78491759672761e-05 1.75065884832293e-05 9.23371917451732e-06 0.000115021469537169 1.26068756799214e-05 3.52892122464255e-05 7.37622103770263e-06 7.67242090660147e-06 3.73034155927599e-05 -9999 -9999 -9999 -9999 -9999 -9999 -9999 1.02443727882928e-06 4.28958330303431e-05 4.35089954407886e-05 3.90132830943912e-05 7.5817370088771e-06 4.12488705478609e-05 3.99113705498166e-06 -9999 -9999 -9999 -9999 -9999 -9999
-9999 -9999 -9999 -9999 -9999 -9999 -9999 -9999 -9999 -9999 -9999 -9999 4.1146163130179e-05 2.35371160670184e-05 2.65263603068888e-05 2.00350230443291e-05 1.62636337336153e-05 2.64853442786261e-05 9.81931370915845e-06 5.11729604113498e-07 0.000456857623430551 5.66637427255046e-06 2.41984926105943e-06 -9999 -9999 -9999 -9999 -9999 2.24055416765623e-05 4.10487991757691e-05 0.000229199253953993 9.90240019746125e-05 1.86240402399562e-05 5.5931496899575e-05 5.96913218032569e-05 5.3718191338703e-05 5.72674907743931e-05 4.73943509859964e-05 2.22605376620777e-06 7.82628922024742e-06 3.11127405439038e-06 -9999 -9999 -9999
-9999 -9999 -9999 -9999 -9999 -9999 -9999 -9999 -9999 -9999 -9999 -9999 1.31366061395966e-05 0.00685205463378225 0.0208229313371703 1.12595080281608e-05 2.67502822680399e-05 4.24556579673663e-05 5.99232816966833e-07 1.27369785332121e-05 1.47407641634345e-05 0.000149405724368989 5.59409709239844e-06 1.19628006359562e-05 1.79341586772352e-05 1.12483459815849e-05 1.03696940641385e-05 3.34527023369446e-05 1.20067023090087e-05 2.28548364248127e-05 3.87532083550468e-05 1.85496144695207e-05 9.99484560452402e-05 7.80934409704059e-05 7.11443310137838e-05 5.38761087227613e-05 5.57276478502899e-05 5.1959214033559e-05 0.000115663709584624 1.37652052217163e-05 1.15283401100896e-05 2.86530528683215e-05 0.000117710407357663 -9999
-9999 -9999 -9999 -9999 -9999 -9999 -9999 -9999 -9999 0.0109239188201173 5.30740420799702e-05 0.000327303656376898 0.000100753013975918 3.43975436408073e-05 0.00342857497671503 6.55943993479013e-05 0.000112023658584803 0.000127432157751173 0.000116820295806974 3.89563938369974e-05 5.20168629009277e-05 1.73939959495328e-05 3.69701010640711e-06 1.03981015854515e-05 5.03931601997465e-05 2.99693754641339e-05 0.00487261442467571 7.54357315599918e-06 1.71481260622386e-06 5.58855754206888e-06 2.06114957109094e-05 6.05251916567795e-06 1.409841934219e-05 3.1646215938963e-05 4.21742792241275e-05 0.0135596450806479 7.49598897527903e-05 5.56917220819741e-05 6.97857525665313e-05 0.00010379086015746 0.000148159719537944 8.89414241100894e-07 -9999 -9999
-9999 0.000782112218439579 0.00190039359758885 0.00147414281964302 0.000615923572331667 0.0111305207014084 0.00333176478743553 -9999 -9999 0.00324811227619648 0.000483989575877786 6.7570770625025e-06 7.64492360758595e-06 2.56181345321238e-05 2.89361516479403e-05 1.46137361298315e-05 3.86235711630434e-05 0.00701009929180145 0.0340497732162476 7.43652926757932e-05 1.39716912599397e-06 3.40498627338093e-06 3.70270959137997e-07 2.38489210460102e-06 2.98044411465526e-05 1.85974990017712e-05 0.000589046953245997 1.69423547049519e-06 2.59213120443746e-06 5.19496388733387e-06 2.58901873166906e-06 1.11392080725636e-05 7.57231828174554e-06 0.000119214365258813 3.00252577289939e-05 1.79398106411099e-05 9.33312578126788e-05 0.000299534387886524 5.82755834329873e-05 6.40971877146512e-05 1.00532808573917e-05 3.60845333489124e-06 1.48595965583809e-05 4.33139939559624e-06
0.00120420716702938 0.00982034429907799 0.0188445404195657 2.19796726014465e-05 4.2001495603472e-05 0.000584435649216175 0.00250016127391746 0.00378149196188389 0.00524809770286083 0.011366194798029 1.02656369563192e-05 2.92942168016452e-06 1.29802661831491e-05 7.41759358788841e-06 1.41430267831311e-05 1.31852269987576e-05 3.1968709663488e-06 2.79454165138304e-05 8.94315948244184e-05 2.08326324354857e-05 5.50401309737936e-06 7.76718370616436e-06 4.4215536036063e-06 6.23559026280418e-06 1.12592795630917e-05 5.45587099622935e-06 1.55218149302527e-06 9.11406095838174e-07 5.89601731917355e-06 2.14812069316395e-05 1.20874945423566e-05 4.4034028542228e-05 1.91716782865115e-05 0.000800982024520647 0.000270673724630233 4.9875229706231e-07 8.09487319202162e-06 1.40796928462805e-06 1.08808933873661e-05 4.15079150116071e-05 0.000144491682294756 0.000353436963632703 3.83303296985105e-05 7.48662918340415e-05
1.17157678687363e-06 0.0011687032982735 0.00627348870038986 0.000195827195420861 2.6496106875129e-05 8.14246159279719e-06 4.75025626656134e-06 7.57107685785741e-05 2.10643156606238e-06 0.000136728200595826 1.40909702167846e-05 1.61944291903637e-05 1.95289685507305e-05 1.93983913050033e-05 3.14904202241451e-05 4.56708185083698e-06 7.41706435292144e-07 1.32790205498168e-07 4.50684365205234e-07 2.91282049147412e-07 2.55649269092828e-05 5.66853395866929e-07 8.61566240928369e-07 7.50060416976339e-07 3.84502163797151e-06 4.10495385949616e-07 2.08452038350515e-06 1.470457209507e-06 2.73848098004237e-05 1.45843427162617e-05 8.80077059264295e-06 4.91011945996433e-05 4.69686056021601e-05 1.34728197735967e-06 1.06027609945158e-06 1.50428659253521e-06 1.72627442225348e-06 5.93241111346288e-07 5.7321781241626e-07 2.67679697572021e-06 1.38542920467444e-05 2.72060598945245e-05 8.92101088538766e-05 8.83823668118566e-05
5.23819937370718e-05 3.08603106532246e-05 2.52506812103093e-05 1.10734457848594e-05 1.38212810270488e-05 1.19930933578871e-05 9.83059144346043e-06 2.82595574390143e-05 2.06524957320653e-05 0.000149168807547539 0.0008175203576684 0.00130523862317204 6.59118115436286e-05 4.5530865463661e-06 2.71003937086789e-06 6.36845143162645e-06 1.31091328512412e-06 5.36256357008824e-07 7.12432120053563e-07 4.61190666101174e-07 6.01461624682997e-07 1.03608588688076e-05 5.49364858670742e-07 1.46569095704763e-07 4.36519549111836e-06 1.26998984342208e-06 9.25696167541901e-07 6.22671041128342e-07 7.70155747886747e-06 4.01654615416192e-06 6.38900499325246e-05 6.22338775428943e-06 7.13119661668315e-06 5.85641919315094e-07 3.9722872315906e-07 7.8126358857844e-07 1.91222679859493e-06 4.73131012768135e-07 1.30865964820259e-06 1.79889830178581e-06 7.11318125468097e-07 4.29844149039127e-06 4.12959401728585e-05 0.000127516023349017
3.45604930771515e-05 1.90265403944068e-05 1.12737870949786e-05 7.57510715629905e-06 2.81631018879125e-06 4.57277710665949e-06 2.33454498811625e-05 5.03690207551699e-06 1.09307628008537e-05 9.19882077141665e-06 3.67118540452793e-05 3.94333153963089e-05 3.02364263916388e-05 3.59277415554971e-05 1.42670096465736e-06 1.09826742118457e-06 3.02591388390283e-07 3.06729543808615e-07 9.49056266108528e-07 1.30253852148599e-07 6.33948639006121e-07 3.70648813259322e-06 4.97888358950149e-06 9.46487671171781e-07 9.3633949290961e-06 3.74127994291484e-05 1.95627108041663e-06 8.95826997293625e-07 3.26783410855569e-06 2.34340295719448e-06 2.66865426965524e-06 7.83319919719361e-06 1.7009767179843e-05 1.27852588775568e-05 1.29070715047419e-05 3.04001114272978e-06 1.65389701578533e-06 1.8328103760723e-05 2.68342282652156e-06 5.42452880836208e-07 0.000114241964183748 1.98991219804157e-06 3.23589265462942e-06 7.58582609705627e-07
5.26068979525007e-06 6.1020484281471e-06 7.47345548006706e-06 8.84571054484695e-06 1.65128876687959e-05 2.75628553936258e-05 2.78376828646287e-05 7.66204087994993e-05 1.80608505615965e-05 3.16636549541727e-05 3.6972324596718e-05 2.03885138034821e-05 1.87741985428147e-05 1.33887573610991e-05 2.58023337664781e-06 7.87902990850853e-07 6.33633862889838e-07 6.11829273111653e-07 2.02519822778413e-07 2.41826887759089e-07 1.56290002450987e-07 6.78126752973185e-07 2.45001374423737e-06 2.81392276519909e-06 5.0149807066191e-06 1.92849256563932e-05 1.60021387273446e-05 3.89902066672221e-05 4.74951550131664e-05 3.79927252652124e-05 4.54651162726805e-06 2.20635556615889e-05 4.84701013192534e-06 3.72114882338792e-06 5.63091831281781e-05 5.78304643568117e-06 1.4748310604773e-06 1.77451234776527e-05 8.93614378583152e-07 8.98528669495135e-06 5.07493605255149e-06 1.97970839508343e-06 1.1156879918417e-05 5.35874496563338e-06
2.62750167166814e-05 3.28550740960054e-06 8.11221834737808e-06 1.08673739305232e-05 1.36978951559286e-06 1.76127519807778e-05 3.56065756932367e-06 4.48982318630442e-05 5.13419799972326e-05 8.98275029612705e-06 2.42664085817523e-05 1.77920548594557e-05 2.03749714273727e-06 4.35206311522052e-06 2.33569953707047e-06 8.41726068756543e-07 9.69758548308164e-07 2.88709088636097e-07 2.68728210357949e-05 2.06117674679263e-06 7.50579965824727e-07 1.30588505271589e-06 8.70959502208279e-07 8.4586945376941e-07 7.76374436100013e-06 1.57964914251352e-06 8.12842990853824e-06 2.86072045128094e-06 1.91386861843057e-05 0.000159007508773357 7.27449587429874e-06 6.23228625045158e-06 1.32702307382715e-06 2.73421555903042e-06 3.47180753124121e-07 5.68394258152694e-05 4.03746125812177e-06 0.00118353040888906 0.0527570188045502 0.0122008264064789 0.000524539547041059 2.88608989649219e-06 2.27562650252366e-06 3.48501380358357e-06
4.81859256979078e-05 1.47945784192416e-06 2.8293659852352e-06 2.7624168433249e-05 1.9371064263396e-05 3.16149344143923e-06 8.12270809547044e-06 2.14666404644959e-05 1.91230603377335e-05 2.75790720479563e-05 6.24615786364302e-06 1.44367688335478e-05 4.16216826124582e-06 6.75072486046702e-05 0.000776891596615314 0.000243820738978684 0.0110790483653545 0.000135790486820042 8.94793920451775e-06 4.82820789329708e-05 2.48379874392413e-06 6.53613678878173e-06 0.000139486009720713 3.66635416867211e-05 2.26518881390803e-05 4.55354092991911e-06 1.21898101497209e-06 0.000494185597722741 4.44040670117829e-06 8.85199824551819e-07 1.5376173905679e-06 1.70281746250112e-06 8.75001569511369e-06 2.56638450082392e-05 5.66011040064041e-06 1.49227169458754e-05 4.64344717329368e-05 0.000625344878062606 0.0277028560638428 0.0106129676103592 2.47643823968247e-05 1.98463167180307e-06 1.45051002618857e-05 1.84011187229771e-06
4.0424897451885e-05 2.86889175185934e-05 0.0003845150815323 5.88105816859752e-05 4.32402885053307e-05 5.26819145306945e-05 0.000123349716886878 1.07317107904237e-05 4.88341138407122e-06 3.77825897885486e-05 8.83613538462669e-05 8.88647846295498e-06 8.88095237314701e-06 6.43973680780618e-07 2.47272600972792e-06 4.61417475889903e-06 2.54186074016616e-05 4.33294946560636e-05 1.65046600159258e-05 9.94018162600696e-05 0.000271995179355144 0.00100881615653634 6.53717361274175e-06 1.15827868285123e-05 5.64433757972438e-06 3.97525291191414e-06 1.44636040204205e-05 1.78548478288576e-05 1.59001065185294e-05 1.82799267349765e-06 6.86813291395083e-07 1.4647808711743e-06 1.4186268344929e-06 2.36697105719941e-06 7.730536890449e-06 3.67141255992465e-06 9.41877351579024e-07 1.56741138198413e-05 1.00574936368503e-05 2.56982893915847e-05 7.85369338700548e-06 4.60949340777006e-06 6.24383028480224e-06 3.38614954671357e-06
2.32121514272876e-05 2.75397673249245e-05 4.47488360805437e-05 8.06021620519459e-05 2.11220132769085e-05 1.97510555153713e-05 2.24586881813593e-05 8.11225036159158e-06 4.41381533164531e-05 0.000403573364019394 6.02137995883822e-05 1.19167263619602e-05 2.06997956411215e-06 6.8997937887616e-07 2.39671397139318e-05 1.10805967779015e-06 8.55383259477094e-06 3.77141950593796e-06 3.41069389833137e-06 5.31263685843442e-06 1.96076158317737e-05 2.58365966146812e-05 8.25245078885928e-06 2.09907986572944e-05 5.43828587979078e-05 8.97928373888135e-05 5.81261818297207e-05 0.000419031037017703 5.21421199664474e-05 6.07361842412502e-05 2.45868635829538e-05 2.90930120172561e-07 2.35207244259072e-07 1.3519545973395e-06 3.42219755111728e-06 3.52625065715984e-06 9.55304494709708e-06 6.99914526194334e-06 4.18278286815621e-06 4.72358915430959e-06 7.20656753401272e-06 1.86491015483625e-06 2.26840038521914e-06 7.46723026168183e-07
1.48019782500342e-05 3.32668598275632e-05 3.2232265220955e-05 0.000230118189938366 4.2570594814606e-05 6.3462887192145e-05 7.07526516634971e-05 7.9396617366001e-05 0.00019614459015429 6.46870903437957e-06 1.47476939673652e-06 1.39052071972401e-06 7.04634658177383e-06 2.2868995074532e-06 1.94626172742574e-06 4.40221401731833e-07 1.70645580510609e-07 3.0145780328894e-06 8.0812897067517e-06 6.72202986606862e-07 4.60059345641639e-06 6.88347608956974e-07 7.54083885112777e-06 1.62834548973478e-05 0.000126284221187234 8.13195772934705e-05 6.48698303848505e-05 0.00019908573012799 0.00014045259449631 8.46857292344794e-06 5.13487728312612e-05 6.03118860453833e-06 2.45496248680865e-06 1.19889904453885e-05 4.88806508656126e-06 3.42617095157038e-06 6.02151631028391e-06 3.40603983204346e-06 4.80072230857331e-06 5.88961484027095e-06 2.06835495191626e-05 2.03368399525061e-05 1.54606768774102e-06 3.27325651596766e-06
2.17528449866222e-06 2.69628344540251e-07 9.01084786164574e-06 1.91554892808199e-05 0.000314325862564147 0.00026350982952863 0.000219060387462378 3.13863682094961e-05 5.10332698468119e-05 2.01333838049322e-05 2.11164908250794e-05 3.74490241483727e-07 2.00672184291761e-06 2.16195130633423e-06 3.82961661671288e-07 5.90023432778253e-08 5.00504893352627e-07 8.53856035973877e-06 2.26235570153221e-06 2.79967825917993e-06 1.92679399333429e-06 4.55348999821581e-06 2.59406606346602e-06 3.09526058117626e-07 2.92631648335373e-06 2.03678457182832e-05 9.87458857707679e-05 0.000155569578055292 0.000302337016910315 0.000198295712471008 0.000129767041653395 5.08608529344201e-05 2.37701951846248e-06 6.03890612183022e-07 3.83481128665153e-06 1.95161686860956e-05 3.72487920685671e-06 2.34396909945644e-05 2.72614506684477e-06 2.93942175630946e-06 1.91805607755668e-05 4.31184707849752e-06 5.49972974113189e-06 2.01446542632766e-05
0.00522675402462482 0.0044159509241581 0.00101265674456954 0.00544793605804443 6.89612817950547e-05 6.61362253595144e-05 7.49375612940639e-05 2.96359561616555e-05 2.35363870160654e-05 7.13081244612113e-06 5.67704701097682e-06 3.25961514135997e-07 1.05461156636011e-05 2.20510846702382e-05 1.7070165995392e-06 1.02347064512287e-07 1.97996996575966e-06 4.81686904095113e-05 3.75205058844585e-07 4.79599868413061e-05 3.1049126846483e-06 4.27291888627224e-07 2.41487850871636e-06 5.64744652820082e-08 7.78837090820161e-08 3.16710111292196e-07 3.10443429043517e-05 0.000504009239375591 9.13319119717926e-05 0.000438538333401084 0.000147602008655667 0.000159687350969762 0.00010747789638117 2.59531916526612e-06 9.81251469056588e-07 6.56885240459815e-06 9.40820755204186e-06 8.1342070188839e-06 4.10253742302302e-06 2.23037040996132e-06 0.0101706482470036 0.000150978320743889 0.00799155533313751 0.00387534013630055
7.27201579138637e-05 9.35292919166386e-05 8.03807692136616e-05 1.57941045472398e-05 2.55460443440825e-05 1.44453622397123e-07 1.02700380466558e-07 1.08652454855473e-07 2.43243880504451e-07 7.27638553144061e-07 1.69771624314308e-07 5.10484023834579e-06 8.08566255727783e-06 6.09642302151769e-06 8.43611953314394e-05 3.00136025543907e-07 8.80308016348863e-07 2.56875864579342e-06 9.76859519141726e-06 1.80378003278747e-05 8.5682469944004e-06 2.77992403425742e-06 4.55056360806338e-06 3.25989676639438e-06 2.77549734164495e-06 0.000216868054121733 2.57578125456348e-05 0.000205788458697498 6.84252707287669e-05 0.00320605486631393 0.000105210510082543 0.000293822446838021 0.000872518680989742 0.00020066152792424 0.000135814829263836 2.44674476562068e-05 2.55430004472146e-06 2.31503436225466e-05 3.23972810292617e-05 1.2179968325654e-05 7.51146144466475e-06 2.05804135475773e-06 2.48554879362928e-06 0.00011792458826676
