Scripts_&_data/Maxent_result_files_2/B_persicus_3.asc
NCOLS 594 
NROWS 330 
XLLCORNER -15 
YLLCORNER 23 
CELLSIZE 0.166666666666667 
NODATA_value -9999 
[rows 300 to 319 of 330, columns 176 to 219 of 594]
2.40438779997021e-12 2.48610021458262e-12 2.7448820993925e-12 2.62201371725723e-12 2.5172530726536e-12 2.57301957518052e-12 3.86795040441257e-12 4.8633319593705e-12 8.29430968352085e-12 9.92901316720918e-12 1.4009371440693e-11 1.71927916348125e-11 1.51033074935469e-11 8.51116954692088e-12 8.22033552339008e-12 9.31582588847846e-12 9.14794906492489e-12 1.8654262591955e-06 1.14952348688746e-06 1.14144804719274e-11 3.11748404868695e-12 3.52655682434033e-12 5.24920107380922e-12 7.33424432297625e-12 3.30653282532012e-12 2.11222150880985e-12 2.77172729212793e-12 2.57474042086869e-12 2.31327179633922e-12 1.86323179107717e-12 1.65973901289362e-12 1.32507338435062e-12 1.31956667814848e-12 9.86799530977578e-13 6.70785649248273e-13 3.3859581805018e-13 3.06665803861961e-13 3.68371999570627e-13 1.92246218944092e-13 1.34903199722203e-13 1.07192033027559e-13 8.67750316047022e-14 6.39266417579165e-14 1.19260157305234e-13
7.88002996188197e-13 1.17033049917836e-12 1.34576794152963e-12 1.11847198169812e-12 1.51488821487078e-12 2.3414714611647e-12 2.77927680869539e-12 4.06203959357754e-12 7.77111708316625e-12 6.54888365758666e-12 9.16430265007762e-12 1.08243525254181e-11 1.33505095867292e-11 2.80912983656734e-06 1.72264758013796e-11 2.30942265311285e-11 6.99974189721786e-11 8.99313843589766e-06 2.27347417842694e-06 8.65520463877445e-07 3.59916781933478e-09 8.21036238995987e-11 3.22629700733046e-12 4.84854378868249e-12 2.40076847290993e-12 2.06777928113411e-12 2.28270735647129e-12 2.16375806161295e-12 2.04294359207324e-12 1.80199188903885e-12 1.49427137330349e-12 9.91773330127899e-13 9.02045105277693e-13 7.60325136184292e-13 6.47881748250256e-13 4.79205564118956e-13 3.11684011933266e-13 2.10653716692377e-13 1.67121871896825e-13 1.30129240716315e-13 1.10245146345278e-13 8.94839757847876e-14 7.1098682496995e-14 5.45119505090952e-14
1.25810473150523e-13 1.78579373510956e-13 3.40116823593917e-13 5.27389243387688e-13 5.94002624865198e-13 1.40731870601485e-12 3.05183656124086e-12 4.27038404637869e-12 5.95217208854137e-12 6.03469496596176e-12 6.40437702870145e-12 8.15305600809779e-12 7.91977594616355e-12 5.3612909467482e-06 1.28004570740359e-05 5.75607739534689e-06 7.80650955114481e-06 1.01789494252102e-05 5.67154080854948e-06 3.61969439257592e-06 3.23183632131574e-06 1.67994798965232e-06 2.05455148227784e-08 1.5709655798446e-12 8.4169338165907e-13 1.66435754067606e-12 2.01341165961821e-12 2.0146329049453e-12 1.55837565074535e-12 1.22761800724902e-12 1.04366515429888e-12 7.69906360886807e-13 7.67519381383863e-13 6.82798262374718e-13 5.55921975120555e-13 4.40414371638553e-13 3.31090710403714e-13 2.48800979818498e-13 1.95432559024766e-13 1.4835910278066e-13 1.04427577696242e-13 7.97806265495638e-14 6.76902978113958e-14 6.12287998080774e-14
3.78042042115112e-13 3.61533025738936e-13 6.65356658657856e-13 6.76048106384997e-13 9.18654041726086e-13 2.22964979812446e-12 2.73426836727708e-12 3.23282511871525e-12 4.68542982190456e-12 5.01462205093617e-12 5.27038412911907e-12 9.22526499635978e-12 8.35526092757277e-12 1.03248409821788e-11 1.43972261625436e-05 1.22833874783623e-05 8.01557272147591e-06 9.60867977930491e-06 1.89238303903494e-05 1.70153818473295e-05 7.77293972582527e-06 3.85043791917283e-06 1.5859708702326e-06 9.58244594784219e-13 9.15956199776247e-13 1.34294797504708e-12 1.32845956457572e-12 1.48396850363497e-12 1.26155752511181e-12 1.10059739100166e-12 9.03066510460349e-13 8.0940809610297e-13 7.53197504366199e-13 6.16628970107058e-13 5.11535258596041e-13 4.34852154285181e-13 3.67195163164524e-13 3.15725223742902e-13 2.4598101333595e-13 1.60482738209566e-13 9.62674384652473e-14 6.90558721316847e-14 6.14397421827562e-14 5.09703390605409e-14
3.94306809425871e-13 9.22972809291878e-13 4.89230878031322e-13 1.44023681869498e-12 1.48511203335033e-12 2.2962964862927e-12 1.77625691932803e-12 2.54941623367699e-12 3.52740059383905e-12 3.95530275199007e-12 5.15928411104483e-12 5.99288396685438e-12 6.78379574736709e-12 5.06480413164923e-12 3.40704833532435e-06 6.34554834064716e-06 1.19756793893089e-05 1.39423854143672e-05 2.57218457790032e-05 2.20086174692824e-05 1.10999784006083e-05 5.18400794522478e-06 5.08276231503402e-07 4.17466061719551e-13 5.73907588119482e-13 1.01335606572661e-12 1.08409947685573e-12 1.09430242645203e-12 1.09703357509261e-12 9.13358277898624e-13 7.85083109633433e-13 7.08388903092327e-13 6.67865762693509e-13 6.26632079558931e-13 5.51858558850427e-13 4.45887771149955e-13 3.38784555964367e-13 2.86004553373687e-13 1.83508763740292e-13 1.14264153694421e-13 7.42850225776692e-14 6.40931752116103e-14 5.05706587716759e-14 9.87099291194227e-14
7.03892499842596e-13 2.78821410404362e-13 7.70739028155276e-13 7.89557308422673e-13 1.39477318583658e-12 1.76164638432397e-12 1.85566007004923e-12 2.47563081146041e-12 3.05500069686104e-12 2.98056024305993e-12 3.72216701904904e-12 4.49941195412862e-12 4.39710490240941e-12 4.07891498355184e-12 4.22192281135381e-12 2.25173990564542e-11 2.72234118035009e-06 1.89084210973078e-05 1.66473363066189e-05 9.65147972991076e-06 4.14703737732225e-06 2.12033271096423e-06 4.05891165122796e-10 6.16362516581148e-13 5.16287013141437e-13 6.02151661865946e-13 7.59958762586166e-13 9.51372314261789e-13 8.92008689135082e-13 8.23408008443494e-13 6.69997390900789e-13 6.13142869809735e-13 5.75672842728636e-13 5.31641397572003e-13 4.85544937589566e-13 3.82394116371643e-13 2.54074539185467e-13 2.08311146110418e-13 1.35025324254912e-13 9.5679020262196e-14 6.77458089626271e-14 5.24136289925536e-14 4.15667500419659e-14 4.09228206876833e-14
1.07742703647773e-12 5.56776846849516e-13 6.93478607871612e-13 9.08195740834117e-13 1.39186440151207e-12 1.69751990242162e-12 1.8872681195603e-12 2.13239426116729e-12 2.5356161614809e-12 1.9522938821126e-12 2.46609399567888e-12 2.59376964351077e-12 2.91234814042696e-12 3.65901753340836e-12 3.44206885216636e-12 3.87410103996899e-12 9.54681889098197e-12 2.13582266770373e-06 2.73077263912569e-08 3.17213180078824e-06 1.60831460870314e-06 1.86975395601863e-06 2.36028205868877e-09 4.93494134445882e-13 6.72972788606785e-13 7.22322202051373e-13 6.70485889031625e-13 6.59639010081037e-13 6.44606590327612e-13 7.21556148164382e-13 5.48583400927782e-13 5.0665027728769e-13 4.58100224420832e-13 4.2454928461666e-13 3.81639164714898e-13 3.09430259193277e-13 2.27284857601262e-13 1.76236802928997e-13 1.26576527037514e-13 8.68638494466722e-14 5.88418203051333e-14 4.31654711974261e-14 3.78364006792253e-14 3.45945494473199e-14
3.66651153882458e-13 5.39490674356102e-13 6.45672404431252e-13 9.68669588985449e-13 1.30664368214184e-12 1.73857594987226e-12 1.88987714366817e-12 2.03378425212009e-12 2.14473994120112e-12 2.12063699933651e-12 2.36489716698429e-12 2.38632447135956e-12 2.11135553485065e-12 3.21442872319722e-12 3.91592314130662e-12 3.76342290664411e-12 3.1707858560992e-12 3.7661318508242e-12 2.2775001551345e-09 4.2844505835582e-06 2.1911606343572e-06 2.03802530407415e-12 3.98192590012059e-13 7.33624272442057e-13 7.47080175500514e-13 7.00428604005765e-13 6.13820105854757e-13 4.92406115881749e-13 4.4951820044048e-13 5.77482506258775e-13 4.98867613885068e-13 4.43511893877258e-13 3.58246765586046e-13 3.53439499889419e-13 3.20110604690171e-13 2.47890596938305e-13 1.82609483090346e-13 1.49891210554642e-13 1.12643228078468e-13 8.31668067746705e-14 6.13731288012786e-14 4.82391904199631e-14 3.78030939884866e-14 3.87134768686792e-14
3.49820172829141e-13 4.71744865393475e-13 7.16127157573965e-13 8.73190408867686e-13 1.00174313288903e-12 1.14362963543613e-12 1.32984734335651e-12 1.39133149446025e-12 1.54998236467918e-12 1.78367320913253e-12 1.68297598079903e-12 1.47419854101827e-12 1.60018664985273e-12 1.91026083840029e-12 1.74220637916278e-12 1.82722725838858e-12 2.49404941143894e-12 2.94960722513338e-12 1.26926247290271e-12 9.71256408632826e-13 9.36152932951018e-11 7.20430048950504e-11 2.74191780391675e-13 4.23283630368587e-13 4.33808544642034e-13 3.63609142794985e-13 2.99416047511158e-13 3.62709862145039e-13 3.97493149506545e-13 5.00999242092348e-13 3.99658084404564e-13 3.35709238186155e-13 3.15225623381821e-13 2.99160696215495e-13 2.61513033450456e-13 1.83331128056352e-13 1.30606636616903e-13 1.03383968053095e-13 9.60564960905685e-14 7.81374964731185e-14 5.92303983637521e-14 4.53304060954451e-14 4.20885548635397e-14 4.76063632959267e-14
2.15250040014325e-13 3.49598128224216e-13 5.49504886038221e-13 6.5341065891289e-13 7.67019781022782e-13 8.81561490473359e-13 9.65749702430685e-13 1.02249320121928e-12 7.54041273864914e-13 9.4769747605028e-13 9.0516483197689e-13 9.27768972758258e-13 1.46574974380087e-12 1.48310252967576e-12 1.34813271657208e-12 1.35027544700961e-12 1.47782897030879e-12 1.45131684448074e-12 3.40627526185244e-12 3.86368714799801e-13 2.79176681772242e-13 2.18280948871552e-13 3.81439324570465e-13 2.44959608153295e-13 2.50899301335039e-13 1.8748336216845e-13 9.87099291194227e-14 5.73208147613968e-14 1.84974258132797e-13 3.60245167030371e-13 3.45745654328766e-13 2.77744494070475e-13 2.64710475761376e-13 2.60769184023957e-13 2.06168415672892e-13 1.38922207071346e-13 1.07647224467655e-13 8.85513884441025e-14 8.20676859802916e-14 6.78346268045971e-14 4.92272889118794e-14 4.32653912696423e-14 5.56221735337203e-14 5.59441382108616e-14
1.92201810023107e-13 2.26740848319196e-13 2.77000644643977e-13 2.58315591139535e-13 6.90858481533496e-13 4.2783554476955e-13 4.73865391370509e-13 6.15962836292283e-13 7.7445827528777e-13 8.48798809016671e-13 8.11439804238034e-13 9.21818177346267e-13 1.31494815036604e-12 1.61937130371825e-12 1.41822109611667e-12 1.37796440924376e-12 1.21548326958987e-12 1.48777656860943e-12 1.01276764752356e-12 9.35540533930634e-13 2.20012896789967e-13 1.52300394518079e-13 2.17814655201209e-13 2.41540121237449e-13 2.1618262735501e-13 2.16970885702494e-13 1.88349336127658e-13 1.53921320134032e-13 1.28819177547257e-13 2.65076849359502e-13 2.84583467902166e-13 2.47157849742052e-13 2.289501921382e-13 2.29782859406669e-13 1.72506453566257e-13 1.51656465163796e-13 1.27597932220169e-13 8.36997138264905e-14 7.00550728538474e-14 5.77649039712469e-14 4.64184246595778e-14 5.35238520171788e-14 6.02518035464073e-14 5.71542813077031e-14
1.72017955435422e-13 1.82831527695271e-13 6.48059383934196e-13 2.1941337635667e-13 2.98461255709981e-13 3.63464813801784e-13 3.61211061061795e-13 4.55480098082717e-13 6.14153172762144e-13 6.00397509487038e-13 7.24842408317272e-13 1.0093925695287e-12 1.3383183450344e-12 1.01927355444786e-12 1.35226274622369e-12 1.00558450455424e-12 7.21811499460046e-13 7.32791605173588e-13 6.43751718598651e-13 4.18409751290483e-13 2.09021688846178e-13 2.5622837185324e-13 3.28448379605106e-13 5.15443243642721e-13 4.74020822593957e-13 4.45921077840694e-13 4.15845136103599e-13 2.96451752035409e-13 2.60080845748689e-13 2.7592372831009e-13 2.34923192010683e-13 2.03936867393395e-13 1.99851246662774e-13 1.7972290322632e-13 1.48780987530017e-13 1.31261668201432e-13 1.05415676188159e-13 8.22564238944778e-14 6.81676937119846e-14 5.43010081344164e-14 5.46895861930352e-14 5.88529225353796e-14 5.74429392941056e-14 5.52780043960865e-14
1.20359278099613e-13 1.12121423256895e-13 2.64288591012019e-13 2.34490205031079e-13 1.44384504352502e-13 2.55684362571174e-13 3.52018414417898e-13 3.69981822956333e-13 4.99233987483194e-13 4.11826128754456e-13 7.1519457023328e-13 1.28310695401979e-12 1.1731726701214e-12 4.61297666731753e-13 6.52833342940085e-13 5.10191888736244e-13 4.30844249166284e-13 4.3204329003288e-13 3.99413835339146e-13 2.95286017859553e-13 3.11695114163513e-13 2.84139378692316e-13 4.78417305771472e-13 7.55429052645695e-13 6.89592827285424e-13 5.7512883344657e-13 4.76585437780841e-13 3.86490839332509e-13 3.40827366329677e-13 2.85871326610732e-13 2.33424390927439e-13 2.09765538272677e-13 1.90192306348536e-13 1.5665246877461e-13 1.21680443498917e-13 1.15740750317173e-13 9.57123269529347e-14 7.36966043746179e-14 6.21502849185163e-14 5.93636251267071e-14 5.39457367665364e-14 5.45785638905727e-14 5.35460564776713e-14 5.24358334530461e-14
2.33280061934238e-13 2.45325981751421e-13 2.09410266904797e-13 1.25055521493778e-13 1.92068583260152e-13 4.17432755028813e-13 4.57034410317192e-13 4.53614923401346e-13 4.24116297637056e-13 4.74098538205681e-13 8.98681129513079e-13 8.71247518574592e-13 4.15534273656704e-13 3.68682862017522e-13 2.3268054150094e-13 2.57249777035895e-13 1.87538873319681e-13 2.58160159916088e-13 3.41116024316079e-13 2.08144612656724e-13 1.5754064719431e-13 1.92357241246555e-13 1.43152156795168e-13 2.25031104861273e-13 2.25697238676048e-13 1.50357504224985e-13 1.49447121344792e-13 1.6064927166326e-13 1.79289916246717e-13 2.00350847023856e-13 2.13773443391574e-13 2.045141833662e-13 1.68132174849234e-13 1.22046817097043e-13 1.30406796472471e-13 1.12865272683393e-13 9.69335722800224e-14 8.06466005087714e-14 6.95665747230123e-14 5.97299987248334e-14 4.71844785465692e-14 4.98157071149308e-14 4.66293670342566e-14 4.84279283341493e-14
2.06223926824123e-13 2.07811545749337e-13 1.66000546641953e-13 1.69808611616418e-13 3.20621307281499e-13 4.0618619578936e-13 4.35917968388821e-13 5.0238702087313e-13 4.34197122700652e-13 5.83078030302886e-13 6.93578527943828e-13 5.16731102351287e-13 3.15802939354626e-13 2.17548201675299e-13 1.56608059853625e-13 2.35722552588413e-13 1.38566935703466e-13 1.72939440545861e-13 1.90425453183707e-13 1.38145050954108e-13 1.0724754417879e-13 1.73672187742113e-13 1.24822374658606e-13 1.11244347067441e-13 1.17639231689282e-13 1.37068134620222e-13 1.43651757156249e-13 1.74726899615507e-13 1.91902049806458e-13 2.07522887762934e-13 1.91280324912668e-13 1.65445435129641e-13 1.48170364866473e-13 1.39632749807106e-13 1.26931798405394e-13 1.0964562591198e-13 9.4046992415997e-14 8.51207992980108e-14 7.46624984060418e-14 6.30939744894476e-14 5.20805620851661e-14 5.70987701564718e-14 5.24802423740311e-14 5.03597163969971e-14
1.43074441183444e-13 1.76381131922199e-13 1.39055433834301e-13 1.64235292032799e-13 2.37343478204366e-13 2.93098878501041e-13 4.20996570937859e-13 3.98725497063879e-13 4.41091607683575e-13 4.45643522084538e-13 4.34363656154346e-13 4.10249612059488e-13 3.48876483258209e-13 2.1396218130576e-13 1.75981451633334e-13 2.13795647852066e-13 1.39421807432427e-13 1.08457687275632e-13 1.43418610321078e-13 9.43800593233846e-14 1.22279963932215e-13 1.15918386001113e-13 1.54709578481516e-13 1.28630439633071e-13 1.48758783069525e-13 1.62203583897735e-13 1.57340807049877e-13 1.99851246662774e-13 2.1852519793697e-13 1.74293912635903e-13 1.34781075189494e-13 1.06015196621456e-13 1.3997691894474e-13 1.38400402249772e-13 1.10345066417494e-13 1.04460884386981e-13 9.42357303301833e-14 8.73190408867686e-14 8.37441227474756e-14 6.75459688181945e-14 6.23723295234413e-14 5.81201753391269e-14 4.9471537977297e-14 3.87578857896642e-14
1.38333788868295e-13 1.43141054564921e-13 8.71969163540598e-14 1.35558231306732e-13 1.80777615099714e-13 2.76556555434126e-13 2.80875322999918e-13 4.08884037739199e-13 2.24664731263147e-13 1.78668191352926e-13 2.73547851037392e-13 1.53621559917383e-13 2.15083506560632e-13 1.494249168843e-13 1.54920520856194e-13 1.7785772854495e-13 1.68642877440561e-13 1.49558143647255e-13 1.16406884131948e-13 1.17517107156573e-13 1.11921583112462e-13 1.10833564548329e-13 1.23845378396936e-13 1.27764465673863e-13 1.15163434344367e-13 1.2330136911487e-13 1.28486110639869e-13 1.44217970898808e-13 1.20958798532911e-13 1.5913936834977e-13 1.34470212742599e-13 1.38866695920115e-13 1.36535227568402e-13 9.92428361712427e-14 6.96442903347361e-14 1.03184127908662e-13 9.66338120633736e-14 8.83182416089312e-14 7.89479592810949e-14 6.0551563763056e-14 6.05737682235485e-14 4.64406291200703e-14 3.47388784405211e-14 2.83995049699115e-14
1.40110145707695e-13 9.53903622757935e-14 7.31859017832903e-14 9.77773417787375e-14 1.7027490528676e-13 2.28939089907954e-13 1.77169390269682e-13 2.74402722766354e-13 9.00390872971002e-14 9.86100090472064e-14 1.48336898320167e-13 9.69779812010074e-14 1.34747768498755e-13 1.29485311362032e-13 1.79734005456567e-13 1.49091849976912e-13 1.24655841204913e-13 8.43325409505269e-14 8.93729534823251e-14 1.02107211574776e-13 1.02762243159304e-13 1.13220544051273e-13 9.72888436479025e-14 1.11821663040246e-13 9.58677581763823e-14 8.7074791821351e-14 9.97424365323241e-14 1.22746257602557e-13 1.31050725826753e-13 2.46114240098905e-13 1.98285832198053e-13 1.36690658791849e-13 1.25999211064709e-13 1.10289555266263e-13 5.96189764223709e-14 9.92206317107502e-14 8.73523475775073e-14 8.24562640389104e-14 6.99662550118774e-14 3.40616423954998e-14 2.78777001483377e-14 3.1774582964772e-14 1.47215573065296e-14 8.94839757847876e-15
1.11954889803201e-13 1.17383880393618e-13 9.34252675222069e-14 1.13020703906841e-13 1.91524573978086e-13 2.46191955710628e-13 1.58351110002286e-13 1.35347288932053e-13 1.15030207581412e-13 7.8204109854596e-14 6.32716101733877e-14 8.67972360651947e-14 1.1571854585668e-13 1.31605837339066e-13 1.66244795707371e-13 1.25577326315351e-13 1.18272058813318e-13 1.1696199564426e-13 1.25188748256733e-13 6.56030785251005e-14 4.9515946898282e-14 9.31699162265431e-14 8.95283847057726e-14 7.37077066048641e-14 7.15649761673376e-14 8.19566636778291e-14 1.07569508855931e-13 1.10478293180449e-13 1.25655041927075e-13 2.32835972724388e-13 1.41875400316849e-13 1.47259981986281e-13 1.363908985752e-13 1.24134036383339e-13 7.21533943703889e-14 4.46531700504238e-14 5.24469356832924e-14 7.45514761035793e-14 3.72590847064203e-14 1.28785870856518e-14 8.41549052665869e-15 7.73825448163734e-15 7.28306304154103e-15 7.34967642301854e-15
7.68829444552921e-14 4.2543746303636e-14 8.02247157594138e-14 1.30551125465672e-13 1.41520128948969e-13 1.42297285066206e-13 1.20425891481091e-13 1.31306077122417e-13 8.39550651221543e-14 5.97411009550797e-14 7.02549129982799e-14 1.16984200104753e-13 1.01529895601971e-13 1.29274368987353e-13 1.37012623468991e-13 1.21147536447097e-13 1.21924692564335e-13 9.98756632952791e-14 8.81517081552374e-14 5.59219337503691e-14 6.16617867876812e-14 9.40691968764895e-14 7.10431713457638e-14 6.20170581555612e-14 7.81263942428723e-14 8.05577826668014e-14 9.03055408230102e-14 9.43356504023996e-14 1.13831166714817e-13 1.56430424169685e-13 1.10189635194047e-13 1.37945210809676e-13 1.63313806922361e-13 1.19837473278039e-13 7.25641768895002e-14 3.14415160573844e-14 3.18967074974807e-14 2.87436741075453e-14 1.30340183090993e-14 1.11910480882216e-14 8.75965966429249e-15 7.19424519957101e-15 7.70494779089859e-15 8.02691246803988e-15
