Scripts_&_data/Maxent_result_files_2/B_persicus_3.asc
NCOLS 594 
NROWS 330 
XLLCORNER -15 
YLLCORNER 23 
CELLSIZE 0.166666666666667 
NODATA_value -9999 
[rows 260 to 279 of 330, columns 132 to 175 of 594]
2.90608648256807e-12 7.01224633914421e-12 1.42363343336172e-11 2.77363465528424e-11 9.20543530291695e-11 2.10600858974175e-10 5.56644841331888e-10 1.27051612563989e-09 2.45125886255693e-10 2.01380989661715e-10 1.6712752293202e-10 1.50638479468057e-10 8.17878320624743e-11 3.86792808892977e-10 1.53876245079232e-10 2.04715600027328e-10 1.01680552866412e-11 4.5908477019907e-11 2.10582662418801e-11 1.52339363346243e-11 2.75537592742126e-11 5.78946468543506e-10 -9999 -9999 -9999 -9999 -9999 -9999 -9999 -9999 -9999 -9999 -9999 -9999 -9999 -9999 -9999 -9999 -9999 -9999 -9999 -9999 -9999 -9999
2.06749062314771e-12 2.86056733855844e-12 5.64163160632347e-12 8.54858406285075e-12 4.49364656596174e-11 5.5392268549781e-11 1.26472987638238e-10 2.08816963720437e-10 6.13045392228173e-11 1.94878113646269e-11 1.1230382179761e-10 2.6836705080413e-10 1.24063048723144e-10 1.87523296890646e-10 1.82452941643874e-11 1.246868164273e-11 9.72441016600101e-12 1.44060874340823e-11 2.94297919367636e-11 8.36715141616651e-12 -9999 -9999 -9999 -9999 -9999 -9999 -9999 -9999 -9999 -9999 -9999 -9999 -9999 -9999 -9999 -9999 -9999 -9999 -9999 -9999 -9999 -9999 -9999 -9999
1.57897028785214e-12 2.58716381651425e-12 3.26567661801391e-12 3.41947581361524e-12 1.94346760906683e-12 2.2178259229122e-12 2.20439222431423e-12 5.34691180220648e-12 4.83398876482966e-12 1.04393604871689e-11 4.57347937299346e-11 5.26461430006009e-11 3.2708158403949e-11 2.02235450608157e-11 1.01976538324777e-11 1.24782961741232e-11 1.11230247235028e-11 1.13849263350119e-11 -9999 -9999 -9999 -9999 -9999 -9999 -9999 -9999 -9999 -9999 -9999 -9999 -9999 -9999 -9999 -9999 -9999 -9999 -9999 -9999 -9999 -9999 -9999 -9999 -9999 -9999
9.35740374075067e-13 2.06004102665247e-12 2.01791916509819e-12 1.09008357895846e-12 6.12909722974564e-13 4.94615459700754e-13 1.21306298339618e-12 2.9128144340973e-12 2.66451305463988e-12 3.5863201297559e-12 5.66785507416512e-12 1.10110809359298e-11 9.20319376263024e-12 1.21931797991692e-11 4.63928895300114e-12 8.06759103966215e-12 1.04148023538642e-11 8.27317103713199e-12 -9999 -9999 -9999 -9999 -9999 -9999 -9999 -9999 -9999 -9999 -9999 -9999 -9999 -9999 -9999 -9999 -9999 -9999 -9999 -9999 -9999 -9999 -9999 -9999 -9999 -9999
1.40194522657566e-12 2.16550111176161e-12 2.36312081014489e-12 2.3011925698313e-12 1.94048110913059e-12 7.6458062103768e-12 5.56612533841871e-12 8.26039237011855e-13 4.78017625482607e-13 4.74165151587158e-13 5.18429743578963e-13 5.52580203816433e-13 7.02793379048217e-13 1.48140388844809e-12 2.02740046972849e-12 4.89445151075074e-12 1.75293557447276e-11 1.77222125863352e-11 1.95200451913458e-08 -9999 -9999 -9999 -9999 -9999 -9999 -9999 -9999 -9999 -9999 -9999 -9999 -9999 -9999 -9999 -9999 -9999 -9999 -9999 -9999 -9999 -9999 -9999 -9999 -9999
1.74886771731053e-12 2.05367944872137e-12 4.96988006304377e-12 3.84836607025818e-12 7.24242887883975e-13 2.88391532876631e-13 2.27950991416037e-13 2.20667928374496e-13 2.69717581602436e-13 2.9410918145345e-13 1.35401689860259e-12 2.25061080882938e-12 1.90996107818364e-12 2.15808482195712e-12 4.6792458796574e-12 8.1727180578639e-12 7.90261189820285e-12 8.83010331520495e-12 1.80771397850776e-11 9.66742186303549e-10 -9999 -9999 -9999 1.47266643324429e-11 -9999 -9999 -9999 -9999 -9999 -9999 -9999 -9999 -9999 -9999 -9999 -9999 -9999 -9999 -9999 -9999 -9999 -9999 -9999 -9999
1.81556991663001e-12 2.11508588421339e-12 2.0372925568779e-12 1.62414526272414e-12 9.87487869252845e-13 5.13888931408246e-13 3.08553183003823e-13 1.84696702376641e-13 1.74915637529693e-13 1.72484249105764e-13 2.33790764525565e-13 8.84814443935511e-13 3.21291881988373e-12 3.54730689267058e-12 5.99218452634887e-12 6.78488376593123e-12 1.05190522958765e-11 1.08511311047721e-11 4.11228828767207e-12 5.29712940178229e-12 1.63000724029416e-12 1.4339751608361e-12 -9999 -9999 -9999 -9999 -9999 -9999 -9999 -9999 -9999 -9999 -9999 -9999 -9999 -9999 -9999 -9999 -9999 -9999 -9999 -9999 -9999 -9999
1.60504942670059e-12 1.82652781788306e-12 1.85584880796341e-12 1.62988511576145e-12 1.21933574348532e-12 9.35307387095463e-13 7.27973237246715e-13 4.6020964816762e-13 2.62945221152222e-13 2.84816614737338e-13 2.79303247197049e-12 3.69321240256681e-12 5.32516253315407e-12 1.91037186070275e-12 2.90741875019762e-12 4.1631587066604e-12 6.32763841323936e-12 1.38218880785246e-11 2.89680279763616e-11 1.94337879122486e-12 1.8092305431594e-12 1.93464133602106e-12 2.03043137858572e-12 2.50834908399611e-12 2.34421038136645e-10 -9999 -9999 -9999 -9999 -9999 -9999 -9999 -9999 -9999 -9999 -9999 -9999 -9999 -9999 -9999 -9999 -9999 -9999 -9999
1.19282361765727e-12 1.34097177806325e-12 1.31847865958434e-12 1.11870512853329e-12 9.88786830191657e-13 8.19488921166567e-13 8.39339708846865e-13 9.07696140473036e-13 7.95019605703828e-13 7.81164022356506e-13 9.94559989919708e-13 1.13983267269191e-12 1.19814158594522e-12 1.4159007299952e-12 2.2980728431321e-12 4.39587255485208e-12 5.8173243999704e-12 1.1417078393805e-11 1.9063972622746e-11 7.80506770325928e-12 1.55253587763582e-12 1.61043400837002e-12 2.65435451396456e-12 3.50078854793878e-12 6.44768682889207e-12 -9999 -9999 -9999 -9999 -9999 -9999 -9999 -9999 -9999 -9999 -9999 -9999 -9999 -9999 -9999 -9999 -9999 -9999 -9999
8.5694784601742e-13 9.33486621335078e-13 8.60556070847451e-13 7.7241546492246e-13 6.7603700415475e-13 6.21769302711073e-13 6.00242078263591e-13 6.43707309677666e-13 6.72273348101271e-13 6.67454980174398e-13 6.77191636100361e-13 6.58040288925577e-13 7.92699239582362e-13 1.47520884397068e-12 2.42683650952813e-12 3.8201664054327e-12 4.20319334892838e-12 6.46035447360305e-12 1.10376596751394e-11 2.07254324813277e-11 6.84331480371725e-12 2.99191782460184e-12 3.18818305089508e-12 4.13267198240419e-12 6.2749361262604e-12 1.83654091934216e-11 4.41924274952044e-12 1.44893763653897e-11 2.66315323127486e-09 -9999 -9999 -9999 -9999 -9999 -9999 -9999 -9999 -9999 -9999 -9999 -9999 -9999 -9999 -9999
5.4373172631017e-13 5.86930504198335e-13 5.45596900991541e-13 5.21493959126929e-13 4.89952522997328e-13 4.22184509574208e-13 4.13002965160558e-13 4.39448477607129e-13 4.64794869259322e-13 4.83157958086622e-13 5.16608977818578e-13 5.66346969321785e-13 7.90878473821977e-13 1.25590648991647e-12 1.84980919470945e-12 2.30032659587209e-12 3.0900837444392e-12 6.63499255537658e-12 8.46968051249064e-12 1.13711262628158e-11 1.30878197168727e-11 4.36181091245658e-12 4.10560474506383e-12 3.42824657550977e-12 5.94415627830358e-12 6.42610409329336e-12 4.38800107360748e-12 3.23560067627682e-12 3.83564291439598e-12 5.5349169691965e-12 1.784182424025e-09 -9999 -9999 -9999 -9999 -9999 -9999 -9999 -9999 -9999 -9999 -9999 -9999 -9999
3.86601861634972e-13 3.83248988100604e-13 3.83981735296857e-13 3.70459218856922e-13 3.35642624804677e-13 2.84883228118815e-13 2.73470135425669e-13 2.71282996067157e-13 2.83228995812124e-13 3.04978264864531e-13 3.29247740182836e-13 3.90920629200764e-13 6.33160190943727e-13 9.66893232146049e-13 1.53127510671425e-12 1.53622670140408e-12 2.63177257764369e-12 5.95805627057189e-12 1.02469255303106e-11 1.16711529329905e-11 7.46948058960584e-12 5.80397951921441e-12 4.40124603429126e-12 4.24982271596264e-12 5.22903942368202e-12 4.962541488851e-12 2.60081955971714e-12 2.91265900287385e-12 3.51760842676185e-12 3.87694321091203e-12 5.77636827259198e-12 4.63060700894857e-12 1.96657579110138e-11 5.60012902717233e-10 6.24383589276079e-10 3.89537513356686e-11 1.80765846735653e-11 2.02777461488779e-11 6.13284978356887e-12 1.42467448949191e-10 3.59906804359156e-10 2.74274566947064e-08 -9999 -9999
2.85438339631128e-13 2.34667840715019e-13 2.31925589844195e-13 2.23898677376155e-13 2.18602913548693e-13 1.96254124062989e-13 1.85740312019789e-13 1.78768111425143e-13 1.68953739887456e-13 1.79645187614597e-13 2.02604599763845e-13 2.67141864185305e-13 4.38360459042997e-13 7.34223792875355e-13 1.03098640735766e-12 9.95237225964729e-13 2.15557571792147e-12 6.02684568917766e-12 1.1313561198989e-11 5.10138598031062e-12 3.49715811864826e-12 4.2919889864379e-12 3.61917162905456e-12 3.83776344037301e-12 4.34163816009914e-12 4.17212930869937e-12 2.94864133110195e-12 2.86466406151931e-12 3.14778203502897e-12 3.22385451667628e-12 3.69526631516237e-12 5.57222046282391e-12 5.5692672695784e-12 1.94178784163057e-11 2.19901319375992e-11 4.7975168282477e-11 3.84775322714859e-11 2.98394864373108e-11 1.9670455264631e-10 4.53827021074105e-08 3.1555581747611e-08 9.51263512405376e-12 9.20965526063355e-12 7.8990702867543e-12
2.00184313570162e-13 1.55564450210477e-13 1.44961820325307e-13 1.35258471090083e-13 1.3630208073323e-13 1.23978605159891e-13 1.22923893286497e-13 1.17839071833714e-13 1.06026298851702e-13 1.05482289569636e-13 1.27919896897311e-13 1.85029769284029e-13 3.22397664120899e-13 4.50373072169441e-13 6.11377615200581e-13 7.48301420827602e-13 2.01435534918915e-12 6.34715613401227e-12 1.19960819056075e-11 4.88150631028361e-12 2.80260259444276e-12 2.76332290383152e-12 2.97208924138204e-12 3.1034064207347e-12 3.56742413387678e-12 3.42773587291845e-12 3.05958591795275e-12 3.10818037974059e-12 2.81774603649865e-12 6.02528027471294e-12 3.16160431168555e-12 3.3573699376177e-12 3.58510998665906e-12 5.20323784058974e-12 8.64375238052162e-12 1.19358967154426e-11 8.98574548102715e-12 8.21661627625758e-12 6.21170115344683e-11 6.9273375924439e-11 3.53913232054026e-11 4.93999285922087e-12 1.24797949752065e-12 6.11311001819104e-13
1.29007915461443e-13 1.11999298724186e-13 1.02884367692013e-13 9.97091298415853e-14 9.15378883803442e-14 8.78630501688349e-14 8.39217584314156e-14 7.76934072632684e-14 7.34412530789541e-14 7.39852623610204e-14 8.50097769955482e-14 1.24855681349345e-13 1.98041583132635e-13 3.69393404753282e-13 5.3366200347682e-13 7.21345205789703e-13 1.17909015884265e-12 2.58393306751259e-12 5.67069724510816e-12 7.0296213294796e-12 8.27825585858477e-12 2.39660513656759e-12 2.38944419805875e-12 2.40372166615543e-12 2.2675639144154e-12 2.40989450617235e-12 2.41592301719606e-12 2.68436384232018e-12 2.51495491099263e-12 2.62513344395643e-12 2.5962010319347e-12 2.94929636268648e-12 4.23705515117945e-12 4.54245530079334e-12 5.91674487182559e-12 1.44212863872895e-11 1.88021154201579e-11 6.96342983275144e-12 8.29724067230586e-12 1.97155958225892e-11 9.2293728215509e-12 9.39515132358792e-13 3.96449539863397e-13 2.42095232749762e-13
8.51652082189958e-14 7.48623385504743e-14 7.24087456660527e-14 7.25863813499927e-14 6.72351063712995e-14 6.42930153560428e-14 5.98188165668034e-14 5.62438984275104e-14 5.58220136781529e-14 5.65880675651442e-14 5.97966121063109e-14 8.04467603643388e-14 1.10411679798972e-13 1.87883042457315e-13 2.97695201822989e-13 5.40278932703586e-13 7.53053175372997e-13 1.13391518397066e-12 3.05963032687373e-12 8.18187739781706e-12 1.09924513935766e-11 3.73544528642356e-12 2.30186980587632e-12 2.2527757437274e-12 2.31697994124147e-12 2.3254842496101e-12 5.53281864767996e-12 5.49338352584527e-12 2.86922707815052e-12 1.85769177818429e-12 2.27170504629726e-12 3.03773672882812e-12 4.59013937970099e-12 3.57525231642342e-11 1.33481337094565e-11 7.88725307288018e-11 4.57919369090121e-11 1.94016358534554e-11 2.19762541497914e-11 6.74165168135232e-12 1.83345560955672e-12 8.07387490198153e-13 4.05953048954188e-13 4.38027392135609e-13
6.53810339201755e-14 6.14286399525099e-14 5.36570787801338e-14 5.28244115116649e-14 5.25690602160012e-14 4.7750692289128e-14 4.49973391880576e-14 4.51638726417514e-14 4.73732164607554e-14 4.59743354497277e-14 4.50417481090426e-14 5.04596364692134e-14 6.55031584528842e-14 1.04716235682645e-13 1.71129777015722e-13 2.58759680349385e-13 6.20825613140141e-13 1.47635237368604e-12 2.32809327371797e-12 4.38382663503489e-12 8.36868352394049e-12 1.06436859326209e-11 1.13549836200377e-11 1.565844121032e-11 7.76950725978054e-12 7.62286900268805e-12 1.64998903429137e-11 1.07760023126957e-11 1.07029829443661e-11 4.15882439597226e-11 2.15760831423495e-10 1.16590825882668e-10 2.0267427736087e-10 7.21239179490851e-11 1.48568213287348e-10 3.53644535877606e-10 9.14976427957015e-11 9.24341603258938e-11 1.7822698872294e-11 6.44622133449957e-12 3.61526364400788e-12 7.85171927475403e-13 4.50717241307075e-13 9.85544978959751e-13
4.5852210917019e-14 4.42867964522975e-14 4.35207425653061e-14 4.24438262314197e-14 4.08451050759595e-14 3.91353616180368e-14 3.7425618160114e-14 3.76476627650391e-14 3.84803300335079e-14 3.90909526970518e-14 3.67927910360777e-14 3.92685883809918e-14 4.39093206239249e-14 5.8741900232917e-14 1.24744659046883e-13 2.9037883209071e-13 6.63857857574612e-13 1.39478428806683e-12 2.23511209540561e-12 3.58060248117908e-12 5.78738168499626e-12 1.06725295268006e-11 1.65259250728411e-11 4.11917944198592e-11 6.63990529226055e-11 1.01378139216735e-10 1.23463406165314e-10 1.04763397956731e-10 8.74326944177994e-11 1.27722910026051e-10 1.34131539208937e-10 1.04671971090653e-10 7.96557042548329e-11 7.39904471025454e-11 6.76618205908142e-11 4.98390217984479e-11 5.95443805373463e-11 2.89915869089441e-11 1.09827258398809e-11 3.78129971778662e-11 2.91406898611513e-12 2.54499754603899e-12 2.76134670684769e-12 1.17073017946723e-12
3.55493412484975e-14 3.28292948381659e-14 3.23741033980696e-14 3.37396777183585e-14 3.33733041202322e-14 3.24962279307783e-14 3.1685765122802e-14 3.1996627569697e-14 3.44613226843649e-14 3.48943096639687e-14 3.47610829010137e-14 3.72590847064203e-14 4.466427228067e-14 5.71542813077031e-14 1.19670939824346e-13 2.48778775358005e-13 4.95636864883409e-13 1.46131995393262e-12 3.304678752869e-12 6.67471633519767e-12 9.87432358101614e-12 1.52464596503421e-11 3.19839155160651e-11 4.3235304225675e-11 7.029684612192e-11 1.02589137185305e-10 9.10278852295221e-11 9.83696346601448e-11 1.09483910826214e-10 9.65482027659448e-11 1.08026576572939e-10 1.11283582349131e-10 7.63592300501159e-11 5.88370907550484e-11 5.89692406016695e-11 6.40926978157097e-11 3.52086004795638e-09 6.70428601523554e-11 8.69377449497222e-07 2.87100223168579e-06 2.6138018322186e-06 8.14335458843018e-08 1.18079102051638e-11 1.49099621538085e-12
2.75890421619351e-14 2.58681964737661e-14 2.63344901441087e-14 2.74558153989801e-14 2.68007838144513e-14 2.52131648892373e-14 2.59903210064749e-14 2.84439138908965e-14 3.01536573488193e-14 2.98538971321705e-14 3.14748227481232e-14 3.94906329859168e-14 5.25135490647699e-14 7.90700838138037e-14 1.58828505902875e-13 3.53683748954836e-13 6.31983354537624e-13 1.76332282109115e-12 3.79333231492751e-12 9.62816493199625e-12 1.58224544577479e-11 2.36386132890232e-11 3.27653904008685e-11 3.8845926475517e-11 4.92672236340752e-11 6.77599865106515e-11 7.52069850840087e-11 8.60061799556888e-11 7.63112018020706e-11 6.79309497542135e-11 7.99880384150242e-11 8.11586020610377e-11 5.82535797377659e-11 4.53947657241827e-11 3.81781606328957e-11 9.72561142731365e-11 1.96530437479581e-09 3.1922493688441e-06 4.70370879073201e-06 2.3648072389193e-11 2.06031858240863e-12 9.99407223645221e-12 2.11164752350612e-11 1.53448365125541e-12
