Scripts_&_data/Maxent_result_files_2/B_persicus_2.asc
NCOLS 594 
NROWS 330 
XLLCORNER -15 
YLLCORNER 23 
CELLSIZE 0.166666666666667 
NODATA_value -9999 
[rows 160 to 179 of 330, columns 440 to 483 of 594]
0.0152036145329475 0.0257378757000243 0.031712666968815 0.00367069205167354 0.00256950843104278 0.00110485113782488 0.00111556652991567 0.00105399683034193 0.000974654751917114 0.00109399977036446 0.00105975231404045 0.000961580061448331 0.000919994480409514 0.00109622046657023 0.00148762332000842 0.00072877953398347 0.000846754792746651 0.000672646871180405 0.000721915539043039 0.000619145315613423 0.000531499458929829 0.000493961183997271 0.000409724943278889 0.000565136878094563 0.000377658527395397 0.000367959231675741 0.000316240934466805 0.00029373622608091 0.00029777492412677 0.000291644044364148 0.000304138635692652 0.000285744466236792 0.000270262610047212 0.00028369103440582 0.000297871424459117 0.000192040041429209 0.000201587294748151 0.000232469424827286 0.000229204304105224 0.00021635157925175 0.000250454259514754 0.000236729474238473 0.000255507289318757 0.000368194527618471
0.00152946587149927 0.00147251089529163 0.00141715112713428 0.00170690130580624 0.00082071744636778 0.000881262324492127 0.00118651636266804 0.00115789528890673 0.00118925863662298 0.00142672401707387 0.00109704340629833 0.000924407735010391 0.000842456359714561 0.000820941652864349 0.000742422471512327 1.15022835593281e-05 0.000589346489141462 0.000654149091678846 0.000630082370116725 0.000487783111543649 0.00045348012811246 0.000416667364720524 0.000348057207907004 0.000306804065166943 0.000289622014452107 0.000286086962728405 0.000293227005340668 0.000317229162556032 0.000323371833064812 0.000306588225066662 0.000310296306474811 0.00031623465811208 0.000320899113262385 0.000240366451828322 0.000222904941313118 0.000206328368597042 0.00016660268738633 0.000171382401413211 0.000463961375453437 0.000316666579328739 0.00018875393276403 0.000205607742702796 0.000228778067037183 0.000270240557779289
0.00304788456996903 0.00155635656738013 0.00105185610227636 0.000818795648228843 0.000723868520344695 0.000778017471839121 0.000789315897327469 0.000841373780713184 0.00096745783548613 0.00109733549570592 0.00099581762510752 0.000985072732373737 0.000796033076721869 0.00069833957377341 0.000674808613575806 0.000739158739952472 0.000615357024662444 0.000506028334757502 0.000440466527697936 0.00047757185309365 0.000385957416028759 0.000316052708080861 0.000277179485283341 0.000273393326881433 0.000280912138089207 0.000280912196922145 0.000298662709656128 0.00028645175842712 0.000224571317335176 0.000229372512751524 0.000300194552460198 0.000300642126330786 0.000259434502140721 0.000215652823430901 0.000187523372733267 0.00018021200048679 0.000155578653698285 0.000154387308123205 0.000259965054874556 0.000193406405173846 0.0002104939668925 0.000225133736500993 0.00027073725941591 0.000286385207300555
0.0021118329539604 0.00123190699723636 0.000863770176147227 0.00072430620148225 0.000675728480746329 0.000765064016013639 0.000755761852906289 0.00077655108871113 0.000802366844800417 0.000831967276553769 0.000878179052369887 0.000839840059643393 0.000674616415062701 0.000575418081371026 0.000629074677954122 0.000911347167766507 0.000520867085697319 0.00040368283243879 0.000407145146800758 0.000355838689210941 0.000308770341848685 0.00027111191431004 0.00025406170699398 0.000248231870671134 0.000201311617513511 0.000182996323803764 0.00023891307565691 0.000256156453531275 0.000198116708872931 0.000216126476584577 0.000254552446085654 0.000204852984063564 0.000194227546751335 0.00021010490925164 0.000197096041506484 0.000155977211647951 0.000122068870723524 0.000149734891056141 0.000145656208144374 0.000153957585473563 0.000153815783971822 0.000210872521779493 0.0002230870275298 0.000248408901097719
0.00127408759581158 0.000945473052161105 0.000720063522567216 0.00132267433109519 0.000661416864932107 0.000801818137006194 0.000780919937733415 0.0007436358434461 0.000791039335945243 0.000826912381216971 0.000702154712689662 0.000602509467489654 0.000592435586440843 0.000528468588754549 0.000451192297055059 0.000450482816245312 0.000408998567377239 0.000353744874928452 0.000344435755846462 0.00029518023923174 0.000265950008463278 0.000256649515620211 0.000233596417956505 0.000198264190589725 0.000170586823230678 0.00017875983577369 0.000193295547671823 0.000200347105828769 0.000169711383762206 0.000161184946341564 0.000217388987096001 0.000167858397549026 0.00014928549154547 0.000183498880141997 0.000137710985029571 0.000128615189146331 0.000102249969705781 0.0001096981607418 0.000220019163657526 0.000142607053805932 0.000134733203174164 0.000191502684401712 0.000263915290952355 0.000193243048056502
0.00110423164287567 0.000961321544036764 0.00108816978054165 0.000594237136829179 0.00054506658293576 0.000680728081806592 0.000641688777795935 0.000562114609192577 0.000565455339801702 0.00052372143836692 0.00048042252083178 0.000455848930505454 0.000421216875747632 0.00035622999860152 0.000330405807721945 0.000336899457079198 0.000399131424023835 0.000299077531394687 0.000277430989194727 0.000262417137150806 0.000233483374472598 0.000219652537373349 0.000193118207550924 0.000174855883199143 0.00016031314958127 0.000152945564320817 0.000161676968264146 0.000158706171816902 0.00012920114525059 0.000143968518523252 0.000168096104584947 0.000132574681947517 0.00013533441101572 0.000132922419629722 0.00030262867348938 0.000505892799537833 9.43483330843264e-05 9.61549231931258e-05 0.000174556664649117 0.000133753131513004 0.00018854027305224 0.000177600501774577 0.000148273854074432 0.000254287403595299
0.00457037564337952 0.000837024794282115 0.000646892963777646 0.000564603654038365 0.000503138521798974 0.000604756861685018 0.000544148476501505 0.0004499584543737 0.000417732768573842 0.000401186281715127 0.000330422709089362 0.000339236210106719 0.000330055603490109 0.000290837179431946 0.000274123511030666 0.000265346832702562 0.000256580765676517 0.000248120675837527 0.000253904997271093 0.000232911640569 0.000202497394627699 0.000176647816226705 0.000159171060874996 0.000152989299783712 0.00013500158286206 0.000120505102967172 0.000132268096831467 0.000142923847113252 0.000120039205114608 0.000128763379620978 0.000131667475500308 0.000111475687424445 0.000102192874169305 0.000108471337250649 0.000175255912176908 0.000131058461931843 8.87646089722693e-05 9.44736071858188e-05 0.000100220511444604 0.000114634442149963 0.000108868421398256 0.00012459284768056 0.000342015196611101 0.000147945508751945
0.000596612578488021 0.000564665923047869 0.000719154378793974 0.00154328424068808 0.000413084067668024 0.000530415141656704 0.000530637333713457 0.00131453943868109 0.0004284517448923 0.000354186902586662 0.000291913446039871 0.000259121683939156 0.000259309961006693 0.000232048455814038 0.000213011683240438 0.000221675427280843 0.000207275327170464 0.000218166655292862 0.000213140276980539 0.00018688615505198 0.000169509368140552 0.00013754783440163 0.000134286714353493 0.000137888803192254 0.000124177226041411 0.000114739070261294 0.000104178796408405 0.000117173308819929 0.000130557273519116 0.000139896378402682 0.000141158732992608 0.000108272905697504 9.63061584855041e-05 9.52249532133465e-05 0.000152250931944309 9.00810679354436e-05 8.10182063617049e-05 0.000109347270938542 0.000254519108489148 0.000255737445536397 0.000821434025328926 0.000384443240636756 0.000114590835346462 0.000161373527737396
0.000538644507923891 0.000446222797722839 0.000820607655487038 0.000429708576211851 0.000368096669308216 0.000409815787065781 0.000399729685909733 0.000350398231194049 0.000321600381948883 0.000285286292364617 0.000236253498496808 0.00021881324178139 0.00020019616265472 0.000191612918547435 0.000185987774409568 0.000181544758902419 0.000186433821579612 0.000197321263647154 0.000174005557892087 0.000158589755324101 0.000130081734414489 0.000117742608614435 0.000117469006954707 0.000110551205722231 0.000111995526697228 0.000104163055971185 0.000103959500523843 0.000105875476089068 0.000106294632604431 0.000127180441302244 0.000135702119905545 0.000132249519162997 0.000112839192979663 9.21597144895259e-05 8.4970799457551e-05 9.50364212542354e-05 8.37821169682229e-05 9.81850128027872e-05 0.000175591098411587 0.000464847457760698 0.000379080166612766 0.000134727312797622 0.0001518266474136 0.000121984324232471
0.00041482399292363 0.000375388565521462 0.000425652388730668 0.000425287635016502 0.000450015847991381 0.000429776993905762 0.00035967412318314 0.000336104675125171 0.000281965219005542 0.000240496062326656 0.000195779986177058 0.000192627346905283 0.000176052983363206 0.00016019489125938 0.000151954777777519 0.000151323999716624 0.000143755909448373 0.0001482043210558 0.000156352539090676 0.000146346222163629 0.000127533890668019 0.000110166354465946 0.000107826454990345 0.000106042900739567 0.000103431183975999 0.000102402589493522 9.98899816920584e-05 0.000102019854250557 0.000104312104474502 0.000111576804181368 0.000127897581580783 0.000124796858142417 9.57856193053885e-05 0.000104450292371894 8.89340408150474e-05 0.000116863892367292 9.24272810834737e-05 0.000104018618947066 3.29032989640154e-05 0.000114298510732169 0.000140431605643698 0.000146867079172353 0.000168621498835364 0.000178270101787348
0.000401504407602715 0.000390511515081471 0.000481476507104617 0.000507893003077697 0.000447167775450907 0.000362534085797961 0.000288450919344996 0.000285636032856473 0.000257445618660768 0.000212388163026844 0.000185257625707891 0.000158087319573497 0.000154073313683512 0.000137646813800529 0.000133198734329198 0.00013774202428749 0.000135213087617103 0.000120784104785798 0.000122388015017805 0.000123302417136983 0.000126450387620025 0.000124359459971402 3.51364329787884e-05 2.99761365781137e-05 9.45347042261346e-05 9.38289740645359e-05 9.73292503203993e-05 0.000101984156708568 0.000116320234371869 0.00012172229647831 0.000123691295914341 0.000140888997827915 0.000105587058101264 0.000111259990137569 0.000115051127897914 0.000116677817163691 0.000109590827071315 0.000107313260559749 0.000104913568299025 0.00012735735373326 0.000166258305011979 0.000191846514485405 0.000200753499325401 0.000219824074144981
0.000464071042176784 0.0004690886293929 0.000477641585268884 0.000489503909182076 0.000420060374858622 0.000325127265568881 0.000264379877330612 0.000246631348863957 0.000248290870649726 0.00019354210083975 0.000177009650718674 0.000150538954574131 0.000132429789630351 0.000130412628277554 0.000134817492983075 0.00012272629953145 0.000111392650899234 0.000109950713357421 0.00010699034960453 0.000105399095980374 0.000103221719479052 0.000111000591357424 9.81306447954466e-05 9.04452857810156e-05 8.66406108798401e-05 8.47590060459424e-05 9.52125214553234e-05 9.55277503294383e-05 0.000110575866335694 9.79294426656452e-05 0.000117208825918169 0.000108808396544191 0.000113072374836065 0.000150570021889962 0.00013208725486038 0.00012155012925632 0.000118418401643794 0.000103464352281435 0.00011042896465483 0.000161697674229799 0.000233922625466221 0.000244263951924495 0.00018972124347556 0.00019202631300459
0.000499553605914116 0.00059557996703461 0.000571451523762789 0.000359342189221934 0.000306439306945094 0.000286990033947632 0.000278342712692847 0.000245077652516557 0.000211414700191881 0.000183458133153636 0.000155489775636397 0.000127906682956791 0.000116689179191098 0.00011488946589111 0.000121595040059219 0.000114773105229915 0.000109688822345788 0.000101785994570491 9.84162857378124e-05 9.53802837273088e-05 0.000104189128916232 3.24501572890767e-05 8.18819166056528e-05 8.22545037522104e-05 8.69289114689309e-05 8.92796211758196e-05 9.13416606692863e-05 9.46075783133438e-05 0.00010069067978975 0.000110191768226287 0.000117179567632775 0.000102908293206383 0.000112108500331942 0.000123018253941609 0.000117135425307424 0.000107543694883816 0.000117671599696223 0.000133983075170363 0.000154138469349618 0.000175236965890235 0.000178493899943533 0.000180180114682571 0.000223641493721516 0.000187244454355096
0.000396342038868625 0.000752079008339024 0.000611285068043799 0.000355601626029056 0.000276770900416068 0.000279769715632483 0.000258178920489627 0.000210735725431732 0.000163324782676 0.000137505259525028 0.000104499144822512 0.000108037177230358 0.000117767897381782 0.000117301736560194 0.000116933048406054 0.000114161902024534 0.000109777200100325 0.00011457190429951 0.000104877714716167 0.000123920287887813 0.00013347828677297 2.69935113379915e-05 8.13147157657568e-05 3.47346608066346e-05 2.89292765899063e-05 9.04273117384946e-05 0.000102997865383259 0.000102757053326741 0.000106548622227365 0.000108091813945066 0.000121805746653081 0.000127561042404523 0.000130567978271756 0.000105112532980911 0.000113164129618326 0.000119186870620069 0.000137360924497898 0.000161126495481767 0.000177980195110194 0.000176556236033321 0.000179269214527267 0.000164610562546841 0.000152069249554643 0.000157829216971095
0.000425000287702915 0.0006766875341782 0.000460846017722361 0.000423302251886071 0.000293752670580716 0.000247261413750266 0.000202690019665397 0.000149247043393075 0.000129822733356377 0.000113965037820662 9.93178626288227e-05 0.000119609438320367 0.000122555287646264 0.000111422029050345 0.000116912233460198 0.000116258099012612 0.00011599160140463 0.000128030639882581 0.000139162763707645 0.000151988208983767 0.00010556361125964 2.43592522480185e-05 8.39621725901907e-05 2.46036495227031e-05 9.77249696234139e-05 9.69431913858898e-05 0.000104940744677151 0.000107399981038725 2.98251073729716e-05 0.00011946037504913 5.79808151371708e-05 0.000130273135050629 0.000127766098785287 0.000118164490515937 0.00013930818654444 0.000160375343932628 0.000157618386049307 0.000171042711247082 0.000173937215299702 0.000153734633647673 0.000164749322107127 0.000181498370727695 0.000173036780358871 0.0001634320386529
0.000474035272679885 0.000552044371283955 0.000436717269576548 0.000372968057331491 0.000250911938263698 0.000189508926649751 0.000135249738747234 0.000109271426256896 0.00010973817385036 0.000104031758320389 9.31963988051621e-05 9.77020124935279e-05 9.70350980821877e-05 0.000104320413802839 0.000106729121228 0.000106918415986001 0.00011654740353606 0.000112416472438781 0.000112669058404435 0.000100156047415112 8.54801216348733e-05 8.26888168262485e-05 2.61223336153193e-05 9.27318832509627e-05 0.000105515005662937 0.000114170532077651 0.000107085375407223 0.000109717551288213 0.000106920046806636 0.000112664620712621 0.000114116507984363 0.000120055913816941 0.000156528367745068 0.000132278983278411 0.000151073152767367 0.000152357753131582 0.000173001402970385 0.000179703236790374 0.000159891249347766 0.000159551984870632 0.000172011148129059 0.000180741481528912 0.000184254465659706 0.00017668063101155
0.000494823442545567 0.000421105295185953 0.000309673370520613 0.000264900501400689 0.000168026237724916 0.000131160449731738 0.00011963462878839 0.000122012923054626 0.000107156121782737 9.92365429937081e-05 0.000106268365405526 0.000123572578331732 0.000117557536563595 9.46832230226846e-05 9.50776012189181e-05 0.000126551598879132 0.000133405302779011 0.000133853391889716 0.000107267024088742 9.40087344872609e-05 8.69925450103892e-05 9.2901531922962e-05 3.69581230444283e-05 0.000101408458999686 0.000112329422677249 0.000143235274322251 2.86806067890666e-05 2.96698407140639e-05 0.000105953329887143 0.000118587049223606 0.000124692189763209 0.000133261619055247 0.000134342317221581 0.000145211028609538 0.000143557328442512 0.000149158575788988 0.00017212236909927 0.000180593470611257 0.000147973182981787 0.000154134536967376 0.000168539984645122 0.000175756731334786 0.000193695576183472 0.000179958688318038
0.000533783221430895 0.000348637595402579 0.000230667756170533 0.000179781910878773 0.000143559529809067 0.000135583667488959 0.000127763105814438 0.000111316946311035 9.61235819801232e-05 0.000111516993933947 0.000124132922573494 0.000145283250040507 0.000123782682115348 0.000140055111990023 0.00014436230442243 0.000181229050576803 0.000133823281055356 0.000119839990281889 0.00011734434791606 0.000111070117725376 0.000106344716488138 0.000114847478334923 0.000121656209040566 0.000107303859857666 0.000146947459529656 5.37731534336672e-05 4.72624982023717e-05 6.02941990564432e-05 5.45894027936811e-05 7.47715813758987e-05 8.77388788239841e-05 0.000128610066497004 0.000151966164355599 0.000146415663766675 0.000144195130974367 0.000151062833936066 0.000157486192699707 0.000169759333346065 0.000170642217699424 0.000175699793305739 0.000174968571855061 0.000186585642700265 0.00019953955014671 0.000199303187832811
0.00038501810180378 0.000219917428808003 0.000164522907527953 0.000137778406241296 0.000125281495689933 0.000115714523657573 0.000105672203541474 9.9780983973119e-05 0.000107436194355159 0.000134631243676608 0.000163042688180326 0.000155177560662878 0.000128713344827247 0.000167649156236394 0.000169111393091725 0.000161456260491377 0.000122838252684687 0.000110140221698884 0.000107128065246798 0.000115050950552131 0.00011337872147692 0.000110548614730988 0.000117970417176139 0.000120874417103778 0.000116011601880928 3.01849453506975e-05 3.25295741191667e-05 4.2054565957983e-05 0.000111484677518092 0.000164465104535338 0.000129519053507465 6.1560415247186e-05 4.73020314018413e-05 4.53247588268368e-05 0.000158928774487777 0.000169124841863777 0.000162719412446677 0.000152298180580601 0.000155223550245864 0.000166079021221321 0.000183104081156671 0.000194062540822415 0.000204660079361929 0.000219718447783634
0.000211683980649013 0.000153424195590901 0.000120773334427327 0.000107036511279546 0.000100735979675903 9.74163303737896e-05 9.04896673191047e-05 2.37846391499374e-05 0.00010982821119967 0.000141924864882981 0.000168625790468013 0.00011773723447277 0.000111359489767437 0.000126836014177911 0.000132119959613419 0.000121746959433722 0.000114180605339698 0.000122523698053101 0.000115904032077196 0.000118109169693525 0.000122327141093592 0.000137169953768534 0.000137611850698249 0.000133772464823778 0.000119341610360379 0.000115925042877052 4.27928628539576e-05 8.53143364565767e-05 6.41051174852692e-05 3.47636354831593e-05 8.63046114091048e-05 0.000153022794984281 0.000159286375287593 0.00016106495652366 0.000161475385766607 0.000168352204059374 0.000180429904821722 0.000167859495513767 0.000179920538266742 0.000180310790437943 0.000185089149817941 0.000202035440247528 0.00022255836865952 0.000263155071093024
