Scripts_&_data/Maxent_result_files_2/B_persicus_3.asc
NCOLS 594 
NROWS 330 
XLLCORNER -15 
YLLCORNER 23 
CELLSIZE 0.166666666666667 
NODATA_value -9999 
[rows 280 to 299 of 330, columns 352 to 395 of 594]
5.13367126586672e-14 2.9831692671678e-14 2.24709140184132e-14 1.74638081773537e-14 1.41331391034782e-14 1.36224365121507e-14 8.83737527601625e-15 4.71844785465692e-15 1.84663395685902e-13 2.52375897957791e-13 6.10622663543836e-16 2.4980018054066e-15 2.00950367457153e-15 2.76445533131664e-15 1.25455201782643e-15 1.0547118733939e-15 5.99520433297585e-16 1.21014309684142e-15 2.26485497023532e-15 3.06421554796543e-15 3.2439406716378e-11 2.62213473156692e-11 7.7715611723761e-16 1.22931875123911e-08 9.41002620269415e-10 3.26405569239796e-15 1.89848137210902e-15 6.21724893790088e-16 1.17683640610267e-15 1.99840144432528e-15 6.66133814775094e-16 3.99680288865056e-16 2.33146835171283e-16 1.22124532708767e-16 2.33146835171283e-16 7.32747196252603e-16 3.33066907387547e-16 1.38777878078145e-14 5.33279087555627e-11 2.40231855519468e-09 1.91553746198281e-09 1.81374678387414e-08 2.42145794859816e-08 8.95704001777631e-06
4.00901534192144e-14 2.6345592374355e-14 2.18824958153618e-14 1.47992729182533e-14 1.04916075827077e-14 1.02140518265514e-14 9.37028232783632e-15 6.13953332617712e-15 5.20694598549198e-15 3.73034936274053e-15 1.52100554373646e-15 1.46549439250521e-15 1.82076576038526e-15 5.41788836017076e-15 2.59792187762287e-15 2.17825757431456e-14 2.07611705604904e-15 1.45439216225896e-15 2.22377671832419e-14 1.0325074129014e-15 5.14033260401447e-15 7.99360577730113e-16 1.37667655053519e-15 2.66453525910038e-15 4.77395900588817e-15 2.74225087082414e-15 1.99840144432528e-15 1.97619698383278e-15 1.3988810110277e-15 2.1538326677728e-15 5.6621374255883e-16 6.10622663543836e-16 2.99760216648792e-16 2.77555756156289e-16 1.33226762955019e-16 1.77635683940025e-16 2.1094237467878e-16 4.05231403988182e-15 3.15638626346981e-12 6.95271140660481e-10 6.56275023214192e-10 2.52797005551031e-11 2.63481588658188e-08 7.16433627312441e-08
7.21200876796502e-14 2.57238674805649e-14 2.05613304160579e-14 1.54654067330284e-14 1.01474384450739e-14 8.43769498715119e-15 9.9031893796564e-15 7.51620987671231e-15 6.83897383169096e-15 5.14033260401447e-15 2.99760216648792e-15 1.31006316905768e-15 2.88657986402541e-15 3.31956684362922e-15 4.54081217071689e-15 7.80486786311485e-15 4.52970994047064e-15 3.69593244897715e-14 1.12487796855021e-13 1.07736135013248e-08 2.99760216648792e-15 1.93178806284777e-15 1.34336985979644e-15 4.17443857259059e-15 3.01980662698043e-15 2.32036612146658e-15 2.1094237467878e-15 3.76365605347928e-15 5.10702591327572e-16 1.15463194561016e-15 3.88578058618805e-16 4.88498130835069e-16 4.88498130835069e-16 4.88498130835069e-16 2.77555756156289e-16 1.22124532708767e-16 1.4432899320127e-16 6.66133814775094e-16 1.78412840057263e-14 5.3446136405455e-14 8.02691246803988e-15 1.02695629777827e-13 3.14742767404397e-09 2.10202670132276e-06
2.19824158875781e-14 2.17159623616681e-14 1.74638081773537e-14 1.64313007644523e-14 1.28119737041743e-14 2.26485497023532e-14 8.04911692853238e-15 7.13873404833976e-15 6.87228052242972e-15 5.63993296509579e-15 3.98570065840431e-15 2.8199664825479e-15 2.19824158875781e-15 1.88737914186277e-15 2.00950367457153e-15 3.64153152077051e-15 5.57331958361829e-15 5.12778914552037e-08 9.5193764038104e-08 1.70534616406037e-07 1.01990142509223e-07 8.29114554790067e-14 1.57926047872348e-07 2.14788053343185e-08 2.83106871279415e-15 2.32036612146658e-15 6.21724893790088e-15 9.43689570931383e-16 9.99200722162641e-16 6.77236045021345e-15 3.5527136788005e-16 4.9960036108132e-16 4.55191440096314e-16 4.32986979603811e-16 4.32986979603811e-16 1.11022302462516e-16 6.66133814775094e-17 2.99760216648792e-16 2.96429547574917e-15 4.76285677564192e-15 3.36397576461422e-15 1.12687636999453e-14 6.91779966643935e-14 4.91506650934781e-09
2.00395255944841e-14 2.43915998510147e-14 1.85962356624714e-14 1.47326595367758e-14 1.2134737659153e-14 2.20379270388094e-14 8.72635297355373e-15 6.7612582199672e-15 5.36237720893951e-15 5.55111512312578e-15 4.47419878923938e-15 3.19744231092045e-15 2.40918396343659e-15 1.99840144432528e-15 2.07611705604904e-15 3.09752223870419e-15 2.96429547574917e-15 6.16173778666962e-15 2.12052597703405e-15 2.43138842392909e-15 2.29816166097407e-15 5.35127497869325e-15 4.15763484618026e-07 3.35287353436797e-15 1.73416836446449e-14 4.08562073062058e-15 1.45640932613933e-07 1.13242748511766e-15 9.65894031423886e-16 3.78586051397178e-15 6.21724893790088e-16 4.88498130835069e-16 1.64313007644523e-15 9.99200722162641e-16 2.88657986402541e-16 1.66533453693773e-16 2.44249065417534e-16 1.33226762955019e-16 8.99280649946377e-16 5.90638649100583e-15 2.42028619368284e-15 2.53130849614536e-15 1.51600954012565e-13 3.29055279690849e-09
2.41362485553509e-14 2.76667577736589e-14 2.39475106411646e-14 1.6198153929281e-14 1.04360964314765e-14 6.43929354282591e-15 7.54951656745106e-15 7.73825448163734e-15 4.65183447317941e-15 4.79616346638068e-15 4.52970994047064e-15 3.40838468559923e-15 2.58681964737661e-15 2.25375273998907e-15 1.765254609154e-15 2.1316282072803e-15 2.75335310107039e-15 2.50910403565285e-15 2.34257058195908e-15 2.28705943072782e-15 4.64073224293315e-15 1.97619698383278e-15 2.09832151654155e-15 7.14983627858601e-15 1.49102952207159e-14 1.83186799063151e-15 1.48103751484996e-14 2.02265870719032e-11 1.53210777398272e-15 5.77315972805081e-16 4.44089209850063e-16 6.50590692430342e-15 6.98552327094149e-14 2.48430961069523e-07 2.88657986402541e-16 2.88657986402541e-16 4.44089209850063e-16 3.44169137633799e-16 6.55031584528842e-16 4.55191440096314e-16 5.21804821573824e-16 1.79856129989275e-15 5.71431790774568e-14 1.6902559352161e-10
2.84772205816353e-14 2.26929586233382e-14 2.35478303522996e-14 1.86850535044414e-14 1.32449606837781e-14 9.22595333463505e-15 8.83737527601625e-15 7.99360577730113e-15 5.55111512312578e-15 4.22994972382185e-15 3.574918139293e-15 3.27515792264421e-15 2.69784194983913e-15 2.33146835171283e-15 1.7874590696465e-15 1.70974345792274e-15 2.22044604925031e-15 2.28705943072782e-15 2.04281036531029e-15 1.7874590696465e-15 1.73194791841524e-15 1.59872115546023e-15 1.57651669496772e-15 1.83186799063151e-15 3.76365605347928e-15 1.34336985979644e-15 9.54791801177635e-16 4.84057238736568e-15 1.3988810110277e-15 8.88178419700125e-16 6.32827124036339e-16 -9999 -9999 4.41979786103275e-14 4.32986979603811e-16 3.66373598126302e-16 5.77315972805081e-16 1.28341781646668e-14 1.11233244837194e-13 7.21644966006352e-16 5.55111512312578e-16 6.88338275267597e-16 1.92068583260152e-15 2.34257058195908e-15
3.29514193708746e-14 2.87103674168066e-14 2.42916797787984e-14 1.9373391779709e-14 1.43551837084033e-14 1.19348975147204e-14 1.14352971536391e-14 9.01501095995627e-15 6.09512440519211e-15 4.05231403988182e-15 3.11972669919669e-15 2.8199664825479e-15 2.65343302885412e-15 2.27595720048157e-15 1.7430501486615e-15 1.69864122767649e-15 1.87627691161651e-15 1.87627691161651e-15 1.83186799063151e-15 1.67643676718399e-15 1.45439216225896e-15 1.40998324127395e-15 1.31006316905768e-15 1.45439216225896e-15 3.10862446895044e-15 2.62012633811537e-15 1.36557432028894e-15 1.49880108324396e-15 2.35367281220533e-15 4.10782519111308e-16 7.68132224493456e-12 1.17496845586373e-10 -9999 -9999 -9999 1.94289029309402e-15 -9999 -9999 -9999 6.10622663543836e-16 1.88737914186277e-16 1.16573417585641e-15 1.43218770176645e-15 1.82853732155763e-14
2.76334510829201e-14 3.32067706665384e-14 3.0009328355618e-14 2.46580533769247e-14 1.49213974509621e-14 1.02029495963052e-14 8.45989944764369e-15 7.8381745538536e-15 6.97220059464598e-15 3.29736238313671e-15 2.55351295663786e-15 2.33146835171283e-15 2.4535928844216e-15 2.22044604925031e-15 1.89848137210902e-15 1.90958360235527e-15 1.62092561595273e-15 1.43218770176645e-15 1.47659662275146e-15 1.52100554373646e-15 1.40998324127395e-15 1.22124532708767e-15 1.0547118733939e-15 8.32667268468867e-16 8.54871728961371e-16 7.105427357601e-16 9.53015444338234e-14 3.45723449868274e-14 -9999 -9999 -9999 -9999 -9999 -9999 -9999 -9999 -9999 -9999 -9999 2.99356095467829e-11 8.65973959207622e-16 2.66453525910038e-16 1.31006316905768e-15 1.43218770176645e-15
6.09734485124136e-14 2.38364883387021e-14 2.66675570514963e-14 2.43582931602759e-14 1.5931700403371e-14 9.05941988094128e-15 8.29336599394992e-15 6.3948846218409e-15 5.28466159721575e-15 3.61932706027801e-15 2.4535928844216e-15 1.89848137210902e-15 2.06501482580279e-15 1.95399252334028e-15 1.88737914186277e-15 1.85407245112401e-15 1.50990331349021e-15 1.25455201782643e-15 1.08801856413265e-15 1.19904086659517e-15 1.19904086659517e-15 1.01030295240889e-15 1.14352971536391e-15 8.32667268468867e-16 6.55031584528842e-16 5.6621374255883e-16 4.9960036108132e-16 5.44009282066327e-16 -9999 -9999 -9999 -9999 -9999 -9999 -9999 -9999 -9999 -9999 -9999 -9999 9.44624967136321e-10 3.44169137633799e-16 3.21964677141295e-16 6.77236045021345e-16
2.91766610871491e-14 2.37032615757471e-14 1.68087765928249e-14 1.35447209004269e-14 1.10023101740353e-14 7.31636973227978e-15 5.6621374255883e-15 4.81836792687318e-15 3.90798504668055e-15 3.01980662698043e-15 2.48689957516035e-15 1.79856129989275e-15 1.7430501486615e-15 1.62092561595273e-15 1.80966353013901e-15 1.73194791841524e-15 1.49880108324396e-15 1.28785870856518e-15 1.13242748511766e-15 1.0325074129014e-15 1.02140518265514e-15 9.76996261670138e-16 9.43689570931383e-16 9.10382880192628e-16 1.83186799063151e-15 3.0426772212877e-13 2.13168038776246e-11 -9999 -9999 -9999 -9999 -9999 -9999 -9999 -9999 -9999 -9999 -9999 -9999 -9999 -9999 8.91152707183096e-12 1.14352971536391e-15 6.32827124036339e-16
2.647881913731e-14 2.12496686913255e-14 1.71529457304587e-14 1.16573417585641e-14 7.04991620636974e-15 4.57411886145565e-15 4.19664303308309e-15 3.80806497446429e-15 3.25295346215171e-15 2.74225087082414e-15 2.28705943072782e-15 1.60982338570648e-15 1.55431223447522e-15 1.54321000422897e-15 1.58761892521397e-15 1.49880108324396e-15 1.45439216225896e-15 1.25455201782643e-15 1.0547118733939e-15 9.76996261670138e-16 8.54871728961371e-16 7.7715611723761e-16 7.88258347483861e-16 1.72084568816899e-15 9.93649607039515e-15 -9999 -9999 -9999 -9999 -9999 -9999 -9999 -9999 -9999 -9999 -9999 -9999 -9999 -9999 -9999 -9999 -9999 1.37778677355982e-14 9.65894031423886e-16
3.15747428203394e-14 1.82409642945913e-14 1.29229960066368e-14 1.10023101740353e-14 7.96029908656237e-15 5.19584375524573e-15 3.75255382323303e-15 3.31956684362922e-15 2.56461518688411e-15 2.43138842392909e-15 1.95399252334028e-15 1.49880108324396e-15 1.3988810110277e-15 1.47659662275146e-15 1.46549439250521e-15 1.29896093881143e-15 1.24344978758018e-15 9.76996261670138e-16 9.10382880192628e-16 9.32587340685132e-16 8.32667268468867e-16 6.88338275267597e-16 1.64313007644523e-15 1.55431223447522e-15 1.67643676718399e-15 6.98330282489223e-15 5.507036271446e-10 -9999 -9999 -9999 -9999 -9999 -9999 -9999 -9999 -9999 -9999 -9999 -9999 -9999 -9999 -9999 8.72635297355373e-15 1.765254609154e-15
2.58015830922886e-14 1.83741910575463e-14 1.11910480882216e-14 7.8159700933611e-15 6.27276008913213e-15 5.04041253179821e-15 5.00710584105946e-15 3.38618022510673e-15 2.72004641033163e-15 2.23154827949656e-15 2.09832151654155e-15 1.45439216225896e-15 1.33226762955019e-15 1.3988810110277e-15 1.31006316905768e-15 1.19904086659517e-15 1.06581410364015e-15 1.95399252334028e-15 8.88178419700125e-16 8.65973959207622e-16 8.32667268468867e-16 7.66053886991358e-16 6.55031584528842e-16 5.99520433297585e-16 1.08801856413265e-15 3.66373598126302e-16 6.4170890823334e-15 -9999 -9999 -9999 -9999 -9999 -9999 -9999 -9999 -9999 -9999 -9999 -9999 -9999 -9999 -9999 -9999 1.38711264696667e-13
2.55573340268711e-14 1.49213974509621e-14 1.01585406753202e-14 7.70494779089859e-15 5.46229728115577e-15 4.34097202628436e-15 9.67004254448511e-15 4.98490138056695e-15 3.59712259978551e-15 2.96429547574917e-15 2.79776202205539e-15 2.07611705604904e-15 1.85407245112401e-15 1.46549439250521e-15 1.19904086659517e-15 1.0769163338864e-15 8.77076189453874e-16 2.22044604925031e-15 8.43769498715119e-16 7.88258347483861e-16 7.105427357601e-16 6.88338275267597e-16 6.32827124036339e-16 5.32907051820075e-16 1.0769163338864e-15 3.5527136788005e-16 2.70894418008538e-15 -9999 -9999 -9999 -9999 -9999 -9999 -9999 -9999 -9999 -9999 -9999 -9999 -9999 -9999 -9999 -9999 1.48822065781928e-12
1.58539847916472e-14 1.2445600106048e-14 9.28146448586631e-15 7.50510764646606e-15 5.40678612992451e-15 4.18554080283684e-15 3.73034936274053e-15 3.19744231092045e-15 3.19744231092045e-15 3.530509218308e-15 2.95319324550292e-15 1.89848137210902e-15 1.49880108324396e-15 1.28785870856518e-15 1.0325074129014e-15 8.32667268468867e-16 9.32587340685132e-16 8.88178419700125e-16 8.32667268468867e-16 7.54951656745106e-16 6.77236045021345e-16 5.88418203051333e-16 5.44009282066327e-16 4.9960036108132e-16 4.9960036108132e-16 9.32587340685132e-16 3.33066907387547e-16 8.1601392309949e-15 -9999 -9999 -9999 -9999 -9999 -9999 -9999 -9999 -9999 -9999 -9999 -9999 -9999 -9999 -9999 -9999
2.19380069665931e-14 1.55875312657372e-14 1.26010313294955e-14 6.7168492989822e-15 5.39568389967826e-15 4.59632332194815e-15 2.97539770599542e-15 2.1316282072803e-15 2.40918396343659e-15 2.43138842392909e-15 6.23945339839338e-15 1.85407245112401e-15 1.09912079437891e-15 9.54791801177635e-16 8.21565038222616e-16 8.99280649946377e-16 8.54871728961371e-16 7.7715611723761e-16 7.105427357601e-16 6.32827124036339e-16 5.77315972805081e-16 5.44009282066327e-16 4.9960036108132e-16 4.77395900588817e-16 4.88498130835069e-16 1.04360964314765e-15 1.35447209004269e-15 3.33066907387547e-16 -9999 -9999 -9999 -9999 -9999 -9999 -9999 -9999 -9999 -9999 -9999 -9999 -9999 -9999 -9999 -9999
2.20490292690556e-14 1.40443212615082e-14 1.07913677993565e-14 7.22755189030977e-15 5.55111512312578e-15 4.21884749357559e-15 2.73114864057789e-15 1.84297022087776e-15 1.36557432028894e-15 1.21014309684142e-15 1.90958360235527e-15 1.33226762955019e-15 9.32587340685132e-16 3.78586051397178e-15 2.36477504245158e-15 8.10462807976364e-16 7.43849426498855e-16 6.88338275267597e-16 6.43929354282591e-16 5.99520433297585e-16 5.10702591327572e-16 4.9960036108132e-16 4.66293670342566e-16 4.44089209850063e-16 4.32986979603811e-16 4.55191440096314e-16 3.88578058618805e-16 3.5527136788005e-16 1.0325074129014e-15 -9999 -9999 -9999 -9999 -9999 -9999 -9999 -9999 -9999 -9999 -9999 -9999 -9999 -9999 -9999
2.31814567541733e-14 1.33226762955019e-14 9.68114477473137e-15 8.14903700074865e-15 6.13953332617712e-15 4.2410519540681e-15 2.8421709430404e-15 2.09832151654155e-15 1.4432899320127e-15 1.0547118733939e-15 9.10382880192628e-16 9.43689570931383e-16 5.99520433297585e-16 6.55031584528842e-16 1.70974345792274e-15 6.77236045021345e-16 6.43929354282591e-16 5.99520433297585e-16 5.77315972805081e-16 5.32907051820075e-16 4.9960036108132e-16 4.77395900588817e-16 4.44089209850063e-16 4.44089209850063e-16 4.32986979603811e-16 4.66293670342566e-16 4.10782519111308e-16 2.99760216648792e-16 1.99840144432528e-16 -9999 -9999 -9999 -9999 -9999 -9999 -9999 -9999 -9999 -9999 -9999 -9999 -9999 -9999 -9999
1.60316204755873e-14 1.11466391672366e-14 7.41628980449605e-15 7.07212066686225e-15 6.22835116814713e-15 4.20774526332934e-15 2.07611705604904e-15 1.27675647831893e-15 1.25455201782643e-15 1.56541446472147e-15 8.32667268468867e-16 1.0547118733939e-15 1.24344978758018e-15 6.10622663543836e-16 5.77315972805081e-16 5.6621374255883e-16 5.55111512312578e-16 5.44009282066327e-16 5.10702591327572e-16 4.88498130835069e-16 4.66293670342566e-16 4.44089209850063e-16 4.10782519111308e-16 3.99680288865056e-16 4.55191440096314e-16 4.32986979603811e-16 4.21884749357559e-16 3.33066907387547e-16 3.21964677141295e-16 1.98474570112239e-13 -9999 -9999 -9999 -9999 -9999 -9999 -9999 -9999 -9999 -9999 -9999 -9999 -9999 -9999
