Scripts_&_data/Maxent_result_files_2/B_portschinsky_2.asc
NCOLS 594 
NROWS 330 
XLLCORNER -15 
YLLCORNER 23 
CELLSIZE 0.166666666666667 
NODATA_value -9999 
[rows 180 to 199 of 330, columns 90 to 134 of 594]
0.000564463740738574 0.0001611046740436 4.9531535614733e-05 0.00112287459342042 0.0013521957793273 0.000913260845118202 0.000353833950066473 0.000504037956125103 0.000132395957552944 0.00107242140802555 0.000736837247677613 5.10804250268393e-05 0.000706456105399411 1.93514219176905e-05 4.13780257076723e-05 0.00193872561212629 0.000576113839633763 0.00177288559789304 0.00197023903019726 0.000795721766189672 0.0023139419441577 0.000657086713181343 0.00121814570156857 0.00103951354976743 0.00115487667790148 0.000944451743271202 0.000231855282618199 0.000380005710758269 9.55348994466476e-05 6.78738208080176e-05 6.13466578215593e-05 0.00198235136922449 0.00535224367631599 0.000542892256635241 0.00020166115500615 0.000636968867911491 6.34130458820437e-05 1.20160565984406e-05 1.40165517859003e-06 7.17014381201864e-10 1.89671217620813e-09 1.02659192258159e-10 5.98000315932268e-11 6.68124222102051e-05 0.000433168256586214
0.00029998149639141 0.000178132952169108 0.000131521935873025 0.000603419234539615 0.000358378858436481 0.00125262140063569 0.00034392773086438 0.000877294591919053 0.000460334477975266 0.00158355940075126 2.37041457951115e-07 1.47631009861371e-08 3.18989255676527e-08 7.91416204947382e-05 0.000599713300471194 9.84193528097421e-06 0.000461163346335525 0.00130137855594512 0.00117438121524174 0.000246116408379748 0.00335654419031926 0.00261293242801912 0.00175728756003082 0.00113734949263744 0.0011320859513944 0.000443037206423469 0.000427068195131142 0.00031689554307377 4.67442396256956e-05 0.000453076751728076 3.89520836506563e-05 0.00155598332639784 0.00113010790955741 0.000786799340858124 0.000516510223678779 0.000355400278931484 0.000237202484640875 8.96740091775428e-05 8.57637205058381e-06 7.92323179288346e-09 2.2146508071863e-09 1.54983995970248e-08 0.000434532939289056 0.000285460151917505 1.02560295687226e-06
0.00041487750277156 0.000287832262984011 0.000290236258297227 0.000388355367613258 0.00097317917025066 0.000327078265763703 0.000377917459991295 0.0001754691991664 0.000137150160662713 2.83311232873729e-07 2.44306707588571e-06 2.37863062579891e-09 1.78929769800718e-07 1.43837104005229e-08 0.000635312104714103 0.000661288003902882 0.00114187781291548 0.000797361816512421 0.000113067552956636 0.00167097119847313 0.00125433410576079 0.000564836712146644 0.000299738189642085 0.000800905984942801 0.00149481698754244 0.00107273393368814 0.00156702405074611 0.00357995909871534 0.00155314522562549 9.37617347517516e-05 0.000177347008866491 0.000620126706780866 0.00106525979354046 0.000843005781644024 0.000463393245445332 0.000398541100003058 0.000234516425189213 0.00025541386603436 0.000337197072803974 7.11782570590458e-06 4.51921861440496e-05 0.000933889871339488 0.000512518851610366 0.00067405069275992 0.00361362910771277
5.90808586764524e-06 3.26484157469054e-06 2.73498769047364e-05 0.000232126536866417 0.000242625750797743 0.000267963627993595 0.000184215026456513 0.000315617666637991 0.000349442136212019 5.08115832872136e-05 1.42522971682268e-06 4.58798973257402e-09 8.18822787351792e-12 6.7784444723884e-12 0.000276268631205312 0.000464089543675073 0.00192423390690237 0.000907722578267567 0.00103910315665416 9.08856534806546e-05 0.000868096188060008 0.000128992254758487 0.000223796818318078 0.000186765709804604 8.12407845842245e-05 0.000849951431155205 0.0023262303089723 0.00583828460657969 0.00101310636964627 6.64791250528651e-05 0.000721859381883405 0.0011173350882018 0.000444418611004949 0.00037446926580742 0.000387808691448299 0.000236065117860562 8.40239466015191e-05 0.000146486373569132 6.62656892018276e-05 2.80221652424473e-06 1.65903076954077e-07 4.52902847172254e-06 0.000133380294846575 8.37692362907205e-06 2.49963790710517e-07
0.000136044196733565 6.25656261490803e-05 9.51862249394253e-06 0.000755844343075296 0.00035415427882981 0.000977594899450196 0.000243284669704735 0.000391144980676472 0.000342527234533918 0.000236723445050302 0.000755288778600516 0.0002766996032733 8.66373688381827e-06 1.77266280432242e-08 0.000271492905085324 0.000555521696514916 0.00284017311641946 0.00112342673091916 0.000136184067378053 2.09158717098035e-05 0.000453459360869601 0.000697948131710291 0.000518756554811262 6.30980461409081e-06 6.40790465133989e-09 0.000282136983878445 0.00226548737846315 0.00160115207545459 7.44518589272047e-05 0.000359233604831388 0.000555040524341166 0.000513340052566491 0.00026178617408732 0.000372155212244252 0.000623412341519725 0.000377920029131928 3.50904901722515e-06 1.03037478895729e-06 0.000262329945326201 3.63050290616229e-05 0.000149182408449633 5.08103794828685e-05 0.000104316887450295 8.89985538599092e-09 8.5125150778298e-07
0.000559876886472921 0.000383783387587755 0.000653489663818618 0.000762807619321393 0.000532256282167509 0.000835667503997684 0.00016775729272922 0.00110106256543077 0.000550874828331871 0.000237234481755877 0.000605014334723819 0.000722815486369655 0.000368668383453041 0.000590345565433381 0.000299024129708414 0.000632897413015598 0.000716029894829262 0.000299460623500636 0.000178799014247488 3.02912956613e-05 0.000174541922751814 0.00134954598324839 0.000580925363465212 1.91673320681929e-06 2.71557550890478e-09 3.40067131219257e-05 0.000760417367564514 0.000958464777795598 5.6594376655994e-05 0.000560446192685049 0.000131740219148924 0.00073740073130466 0.000440917906962568 2.46440555201843e-05 1.7626190719966e-05 1.05397378846739e-07 1.27931565629069e-05 3.80299333301082e-05 0.00040445290869684 0.00010875849166041 0.000366978079819091 0.000513935775961727 0.0194470662565436 0.000829153529775795 0.000452073531596398
0.000533152437128592 0.000229233209574886 0.000576884324618732 0.000666731138335308 0.000374865400408453 0.000861844997416483 0.000345697914599441 0.000467936752465903 0.000342832148817251 0.00036287324182922 0.000876660078938585 0.00071750069691916 0.00029511922475649 0.000414379848371027 0.000473431184946094 0.000263334400733584 0.00131053683580831 0.000399227216257714 0.000222369508992415 0.000472958688624203 0.000111243532955996 0.000470736996066989 0.000183477596510784 0.000643218027835246 0.000267359032477543 0.000409875974219176 0.000133381020714296 0.00163065106607974 0.000915154404356144 0.000380158171174116 0.000777000492962543 0.000586656194354873 0.000435262078099186 9.74438508194453e-06 7.06265605003864e-06 2.24675998099499e-06 5.11430055205597e-07 0.000207008788311214 3.65732572547017e-06 1.96073526725904e-07 0.0109171500080265 0.241702926531434 0.147884154692292 0.00293759298801888 0.00102976499547367
0.000384092664171476 0.000416988910365035 0.000667888268071692 0.000458080025055096 0.000731474594067549 0.000715715900514624 0.000839902358711697 0.000175544399826322 0.000150697736899019 0.000229682478675386 8.53206542160478e-05 0.000284267750248546 0.000355588659294881 0.00055927676949068 0.000465064341551624 0.000120487681488157 0.000394066004082561 0.000469365247408859 0.00193458965222817 0.000121450613005436 0.000853915064362809 0.000761628645705059 0.000251897997077322 0.00173958872910589 0.00270949964178726 0.00107446658657864 0.00126508203538833 0.00125603078049608 0.000210482095280895 0.000360232547973283 0.000706017276388593 0.00103816056289361 0.000380191986187128 0.000180410304710676 6.24379258584717e-07 1.48725069319955e-06 2.73636940619326e-05 8.11816456280923e-09 1.30486599780877e-07 0.0065540018491447 0.149135805573314 0.00782698527909815 0.00243804213241674 8.27617568802452e-05 0.000103727683104715
0.000240182303241454 0.000217140639870195 0.000182769023740548 0.000272986049822066 0.000813615108927479 0.000514274093438871 0.000237186265621858 0.000246524223803135 0.000289386842632666 0.000347421099286294 0.000769864541507559 0.000871876654127846 0.000923987594433129 0.00161109764449066 0.000630240471218713 0.000376547640917124 8.59108266013209e-05 0.000455779860931216 0.000403206232294906 0.000269131272943923 0.000395505827327725 0.000711076609150041 0.00195995924877934 0.00069320583861554 0.000762436309014447 0.00105304974713363 0.000934734131442383 0.000815978403261397 0.000488020699413028 0.000567617108754348 0.000634292704489781 0.0016113716061227 0.000155544309382094 4.35189546806214e-05 6.36811410226201e-07 2.02944058225185e-09 6.93855861655379e-10 1.30017900890067e-09 0.000687447870586766 0.0165463112294674 0.0033670408942271 0.00125754821929149 0.000212156404830921 0.000209286442424883 0.000629605627568708
0.000128460477753833 0.000330407331784954 0.000384176888837828 0.000269451246640529 0.000312497822596924 0.000434465346916113 0.000522937868663576 0.000550947554802406 0.000312905750251957 0.000464690221997444 0.00125037124962546 0.00160163520922652 0.00101340591791086 0.00126002508914098 0.000980255586910062 0.000331882650061743 0.000532175057742279 0.000368444831110537 0.00225539585808292 0.00100992431689519 0.000296319727931404 0.000420286156440852 0.00114252978382865 0.00206260814447887 0.000830713422328699 0.000833529996452853 0.00138634898612509 0.000672091337037273 0.000373731920262799 0.00152177750424016 0.00160346763441339 0.00134237052043318 0.000185881590914505 2.89551457988146e-07 6.07754624404322e-11 1.76770472704035e-09 5.28814989575466e-09 0.032825317280367 0.0545815383084118 0.0519549663527869 0.0345542026218027 0.000142150515819139 1.403167696995e-05 0.00013547721803242 0.00903839453822002
0.000221005725506984 0.00027708874840755 0.000331015289521019 0.00037732918644906 0.0004353069991339 0.000740739021784975 0.000517080980716855 0.000553394408416352 0.000466455609057448 0.000653454136045184 0.000466788055928191 0.00148865378287155 0.00178767224715557 0.000639988470356911 0.000944976307800971 0.000612630239629652 0.000812267273431644 0.000626876195019577 0.000427101641253103 0.00139915066974936 0.000547636169358157 0.00166641129471827 0.00192343738453928 0.000486019878007937 0.000579390118946321 0.00209356193663552 1.10576706902066e-05 0.000332049726239347 0.000405339208373334 0.000736430087999906 0.000965038194408407 0.000549250397489232 3.19943841669001e-06 2.28191493367724e-08 1.59492108409154e-10 1.81394862963646e-07 0.00110036168007355 0.0129944147542119 9.20913556989866e-07 8.12021240248484e-09 9.16191053024207e-07 7.36244319156087e-06 0.000227907907392932 0.00327846024883911 0.00148656038945774
0.000207966774542001 0.000239334720936313 0.000296423037980276 0.000579940865645767 0.000253928443635232 0.000303454734239494 0.000264676744336612 0.000431269869659445 1.49785268035885e-05 3.92351096024868e-05 0.000444750808674144 4.35247950463236e-05 0.00060569623747142 0.0008273769315565 0.000598692045605276 0.00219956539804116 0.00106174173415639 0.00048751298309071 0.000631331588374451 0.000490263583196793 0.00014287692392827 0.000446301258489257 2.31905339709293e-08 4.16139643220959e-05 0.000167555037296552 0.00157785034098197 3.50793209835665e-06 3.47153692018765e-05 0.000593212466628756 0.00170324554055696 0.00107120013199165 0.000167710252389952 7.21286457183723e-07 1.29427256800874e-08 2.50243540591555e-06 0.000160661993686517 0.00177031309140148 0.000851999502629042 1.08485970980787e-05 3.15449661836276e-08 1.23985227201473e-05 0.00287954483064823 6.17229277793285e-05 0.00649206219241023 0.0478281278163195
0.000293885739301913 0.000204161275360093 0.000140462813487829 0.000304382186732255 0.000509393827815074 0.000513018988567637 0.000782951505971141 0.000229916657190188 0.000175052566009981 4.80984266459927e-05 1.26158705366919e-06 1.52216547366635e-08 6.00876206590328e-05 0.000768119594431482 0.00220031723147258 0.000835755473235622 7.34296386781352e-05 0.000187979532529425 0.0001840212073148 0.000474521144496975 0.000924823869718239 1.16084254653259e-08 1.78534512396133e-08 0.00184197703783866 0.00119941123120952 0.00250656686839648 1.18171341924267e-05 0.000872151670046151 0.000333279416554433 0.000888192064303439 0.000957187503809109 0.00126794341485947 3.88249043359323e-08 6.86395652538252e-08 1.79549256991152e-06 0.000268169203263824 0.000597577239386737 5.93020102346298e-07 6.32740924108033e-06 2.57466952673813e-05 6.56669891966999e-05 0.000455514068016782 0.024098801985383 0.0371047651395202 0.0860514532774687
0.000197557878618682 0.000106702460561792 0.000353940542845521 0.000454142996022711 0.000530341211197083 0.000238346106743847 0.000283907363882463 0.000268837754811102 0.000779616572253872 0.000692000794515479 9.42887142107995e-07 3.15165848974175e-10 4.42507257614189e-07 1.87669159101844e-09 0.000716606133937603 6.48719988930679e-05 0.000699744545272551 7.57973875238349e-06 3.80149886069603e-05 0.00028935572336195 0.00100247544323793 3.40780139481467e-05 1.45346191748885e-09 1.60918220359907e-06 0.00131055240926798 0.00105626829026733 0.00290877335937694 0.000547339406330138 0.000138650080020852 0.000130781191966811 0.000244762686088507 0.000850484053080436 0.00102113882021513 1.00679283039362e-06 4.281435941067e-06 0.00412491467723157 6.13303662633235e-08 5.61003753229983e-07 5.77547060243155e-07 6.25005817092017e-05 0.0180467690806836 0.029122584592551 0.13883947879076 0.00947659529047087 0.112650035880506
0.000167440312725375 0.000144169803661498 6.66608814753999e-05 9.28206875414617e-05 0.000391497844793776 0.000231474414613331 0.000238261235426762 0.000223596246542002 0.000225887005944969 0.000629565383133013 3.07126803363644e-05 3.45876823848457e-09 2.10273919054593e-08 4.85619176204821e-08 1.60955127498141e-05 9.36278264305201e-06 0.00137694787845248 0.000386740508838557 0.000371654875925742 0.000217552028334467 9.60340917117719e-05 2.31797577798787e-09 7.53258383445754e-08 2.78297905114133e-06 0.00162288071296643 0.000739387555222493 0.00294517483562231 0.00138710623723455 0.00017550013071741 0.000319983346344088 0.000561997389741009 0.000509274743671995 0.00102399760071421 0.00108479942646227 1.26815663463731e-05 8.68562077016577e-06 5.29777194646641e-07 3.62314030388777e-07 9.33035333450238e-07 0.00113699449575506 0.0135914681479335 0.0250647175591439 0.0278388455510139 0.071550464630127 0.116547325253487
0.000254802331346582 0.000261875839260028 0.000273113693219784 0.000190945686154009 0.000117490179491142 0.000187215159530751 0.000473687415069435 0.000621119092829758 0.000722969491471304 0.000882044298487017 0.000606576298741857 3.66835830123424e-07 5.64232760513761e-10 2.49147590336563e-09 7.92479592746531e-05 2.33770230870789e-06 0.000285948633973021 0.0182829642668366 0.00123990488355048 0.00128175390418619 8.38935618652226e-07 3.25634519349194e-11 1.55442144800233e-07 4.02753335539963e-06 4.21111073137581e-05 1.5852432096608e-05 4.77444722335463e-06 2.11864306054466e-07 0.00022606034990531 0.000321562832323252 0.000459677095204825 0.000536099428427406 0.000686656701145694 0.000276446418865817 2.55470602994468e-07 3.71122827358405e-08 1.02593974271592e-07 8.57170073764735e-07 0.0166645442252047 0.00218721135897795 0.144833490997553 0.0437044767662883 0.325461435317993 0.180557467788458 0.00955981784500182
7.88161113632668e-05 0.000103286774833578 0.000197707778852418 6.63067219647928e-05 2.59765289229108e-05 4.30054194339391e-05 0.000297906005562254 0.000411012872609717 0.000203444764065352 0.000505889817941352 6.71252816800916e-05 2.04568980644027e-09 1.15746326967425e-09 7.30465139895387e-06 0.000377771609055344 0.0009716088330606 0.00263569538947195 0.00948241376318038 0.000153573714123922 0.000307794610853307 0.000301778868197289 3.00699266597704e-09 1.22327247679133e-06 1.07114703427058e-06 5.07186034315321e-07 5.36462825202477e-06 1.41553360144542e-08 2.54208168593006e-07 0.000240372786356602 0.00072998671712412 0.000436627241288079 0.000113740931919892 0.000118929939708323 3.8157312753917e-09 8.85447975829123e-08 2.29213909921366e-06 0.00581689307582565 0.0125719194998965 0.00176991237385664 0.0801811989396811 0.529101577401161 0.0860519148409367 0.133746897056699 0.0117497246479616 4.62655778648013e-06
1.1120183162916e-05 1.22052425012953e-05 4.87175902463832e-06 3.92759484952876e-05 0.000117801666169726 0.000107068089164386 9.18132549486472e-05 0.000136426930203015 0.000151990889207809 8.81406141161278e-05 0.0005531558439543 1.2290094368872e-07 0.000150840255446383 3.96807079141581e-05 0.00133987260633148 0.000438106832734775 0.00116206982638687 0.00741747617721558 0.00265994152287021 0.000418049553991295 1.41147993293345e-08 5.71186057413797e-05 0.00317110432661138 0.000493452482351131 3.13129263588507e-05 3.89091775163664e-06 2.85633072749647e-10 4.81534450091914e-08 2.8065645432207e-05 0.000298575847045868 0.00020600613897841 0.000289804732437915 7.52481055243948e-10 1.988876990211e-07 5.29736043919371e-07 9.74161180920419e-05 0.0126845546299592 0.0391169715672731 0.219169193506241 0.650902137160301 0.111067625507712 0.112923953309655 0.000278425571556795 0.0001127340491621 5.66692547891989e-06
1.50943754874788e-05 1.30791645162276e-05 1.18014167057368e-05 3.21860489179926e-05 2.19984042360011e-05 4.24386961412893e-05 7.28338983719823e-06 8.30244497592503e-05 2.43920299567435e-05 2.90472764618244e-05 7.00608535225911e-05 1.64596742820322e-05 0.000134386530953634 0.00198350725986529 0.00255332897650078 0.0010835480003152 0.00207385860849172 0.00108904828375671 0.000455082156622666 0.000844589358166559 1.88964285405824e-06 8.74939196968683e-06 7.4527555966597e-05 0.000147189355539012 0.000203808845617459 2.7560439731511e-07 3.51526363573385e-11 2.18094132753421e-09 8.69989446039554e-08 4.72506295182029e-05 5.92075749068499e-05 7.39388772430516e-10 9.65236146566184e-09 6.63604448807753e-05 2.14748276794463e-07 0.0109998991625616 0.132711385190487 0.046793370693922 0.100483483076096 0.149829471297562 0.229732923582196 0.331639510393143 0.00100761757721557 3.96179138135722e-06 0.000473155517829582
1.95181587116622e-05 4.58076367749527e-05 0.000110756813751323 0.000164294282785704 0.000155096738149041 6.28875720565247e-06 2.72931273002541e-05 1.88102280503699e-05 0.000145427847428437 2.15957709883696e-06 1.62320280026051e-06 0.000142417218376067 0.000547988356265705 0.00149188791838242 0.0019681354489876 3.56942405232985e-05 0.00381526998244226 0.00517852751072496 0.00495304227806628 0.00574298067949712 0.000584136975521687 2.63689165819869e-05 1.51401321809574e-06 1.51515077252418e-06 4.6136953257836e-09 4.41183002353185e-09 3.17833523943989e-09 7.14445458349644e-10 3.04608361201275e-06 9.28127241195398e-05 1.68268600049259e-06 2.70481759212515e-10 2.67292049979107e-06 1.8064412440677e-06 0.000406600369909427 0.0154043647955405 0.26674871314317 0.162922222912312 0.268107517063618 0.291392711549997 0.787164151668549 0.87695746421814 0.0917647132650018 0.000491738995333435 0.00074991618967033
