Scripts_&_data/Maxent_result_files_2/B_portschinsky_2.asc
NCOLS 594 
NROWS 330 
XLLCORNER -15 
YLLCORNER 23 
CELLSIZE 0.166666666666667 
NODATA_value -9999 
[rows 220 to 239 of 330, columns 315 to 359 of 594]
-9999 -9999 -9999 -9999 -9999 -9999 -9999 -9999 -9999 -9999 -9999 -9999 -9999 -9999 -9999 -9999 -9999 -9999 -9999 -9999 -9999 -9999 2.87230239592873e-12 9.68904779041768e-07 4.38942142633181e-08 3.16626169727385e-11 5.60726678280332e-05 0.0099705525481113 0.000142207316616805 0.0112985196930822 0.988053601980209 0.917185179889202 0.805258213728666 0.856756041944027 0.500563343241811 0.957464790344238 0.834190697222948 0.945807647705078 0.998105359077454 0.746209059655666 0.00642611497314647 6.43496590782888e-05 4.12766228521377e-06 4.22511271381154e-05 0.00512065289658494
-9999 3.85869937872485e-05 -9999 -9999 -9999 -9999 -9999 -9999 -9999 -9999 -9999 8.14283658367998e-07 -9999 -9999 -9999 -9999 -9999 -9999 -9999 2.45196848269735e-08 3.28159721618704e-13 4.87676454774544e-11 0.0986352430190891 0.950777095556259 0.546215717494488 0.00395757358128321 0.00487010297256347 0.00620874340529554 0.965448045730591 0.985399270057678 0.867670863866806 0.842592338845134 0.501671795360744 0.972746139764786 0.865840661525726 0.998486697673798 0.987266397476196 0.771811630576849 0.989321511983871 0.919324231147766 0.57347774412483 0.592439217865467 0.100014824979007 2.9268410746397e-05 7.86980330644838e-06
5.66336005869417e-09 2.98836202117236e-08 1.43629961224523e-07 6.73106101412024e-08 1.91464615326709e-06 -9999 1.48120573006949e-07 2.62871702183531e-10 2.68139954684443e-12 1.71315861496879e-10 5.4810900262936e-10 1.18430573126105e-09 1.48746348571649e-11 2.88283497074104e-10 5.58098656289197e-08 1.81098052792095e-05 4.57702430955997e-08 1.17981502345543e-10 3.67954888780275e-11 4.12946323802288e-09 8.66305152158464e-07 0.0749282735167071 0.978338438272476 0.893132995069027 0.875067928433418 0.0377077680141383 0.999771958589554 1 0.99990394115448 0.987997460365295 0.940865164995193 0.866594886779785 0.836017751693726 0.998683303594589 0.8058329641819 0.91021044254303 0.808676487207413 0.614587461948395 0.767362976074219 0.934551382064819 0.85131464600563 0.287414139509201 0.0161728029022925 0.0165812236024067 0.078933534398675
0.000642876066558529 2.50129139622857e-10 1.44900645371315e-08 7.96772551270308e-09 8.2570583703756e-11 1.821899520138e-10 2.16673901043407e-11 2.5176769558044e-10 1.3344866656162e-09 4.79113340112747e-09 1.80073792068747e-05 0.0240340617718175 3.62525462982433e-09 5.38952554567373e-05 7.90262987160339e-08 0.00173131884503164 5.30752628602471e-07 0.00429656633605191 6.91044271674546e-06 0.926135435700417 0.996844428777695 0.910560530424118 0.997206377983093 0.822608503699303 0.831624611094594 0.799360926449299 0.127565130126095 0.170094965964745 0.772410905361176 0.96454713344574 0.976615810394287 0.988747203350067 0.985285943746567 0.575900965929031 0.224630865454674 0.165664815530181 0.126494476944208 0.099504966661334 0.0889514381065965 0.713982143998146 0.840956497192383 0.801202386617661 0.685356947779656 0.38027470856905 0.0213040194474161
0.00518867317587137 0.000854867657653813 0.388071346469223 0.385908208042383 0.710152696073055 5.74530113603089e-05 0.000218654018749476 0.898800039291382 0.959533900022507 0.681694689393044 0.789694722741842 0.905000168830156 0.971037554740906 0.976704370975494 0.908844065666199 0.99119593501091 0.0617205093847588 0.982736885547638 0.952415883541107 0.970530462265015 0.995167529582977 0.987237900495529 0.94097338616848 0.891980491578579 0.644638408720493 0.895791757106781 0.829088073968887 0.484888214990497 0.301703646034002 0.978672128915787 0.999950444698334 0.876992052793503 0.582546189427376 0.256764471530914 0.0555040433537215 0.438454945385456 0.0877435503527522 0.0484536016359925 0.413387376070023 0.958583271503448 0.979965931177139 0.90976157784462 0.82072873711586 0.438901895284653 0.355717004835606
0.519934491068125 0.697210336476564 0.6729566603899 0.917457422614098 0.806433334946632 0.950326204299927 0.843816930055618 0.56985234618187 0.934648513793945 0.957340741157532 0.684541343152523 0.714460632205009 0.469618455320597 0.701245522499084 0.864105999469757 0.748543751239777 0.561267909407616 0.563567173480988 0.399455912411213 0.449515007436275 0.907423931360245 0.982696717977524 0.995085960626602 0.79145987033844 0.908114403486252 0.99215030670166 0.503169259428978 0.979981309175491 0.691725787520409 0.995703846216202 0.947326195240021 0.496110935509205 0.312759602069855 0.536381314694881 0.877264088392258 0.554693412780762 0.0394625315442681 0.0556600264273584 0.43553578555584 0.884167015552521 0.947642987966537 0.284665748476982 0.214643061161041 0.571238288283348 0.920011383295059
0.465548911690712 0.771766267716885 0.816248726844788 0.209893879666924 0.143100012186915 0.189102149009705 0.57755817770958 0.626920640468597 0.569937413930893 0.435958902537823 0.804755963385105 0.692042315006256 0.801130813360214 0.451862415671349 0.29101802110672 0.206010527908802 0.310240407288075 0.640147957205772 0.936508274078369 0.883912205696106 0.940545976161957 0.956379163265228 0.975767040252686 0.988642823696136 0.99162740111351 0.988367372751236 0.915551674365997 0.87269674539566 0.702373367547989 0.958712041378021 0.651701963692904 0.753967052698135 0.736629402637482 0.4328707665205 0.696291273832321 0.414052441716194 0.0836303263902664 0.0329859375255182 0.0190054759616032 0.0215456856181845 0.0111755912192166 0.00904432945535518 0.0101084007910686 0.424454048275948 0.95598880648613
0.74131925702095 0.914797270298004 0.948880070447922 0.606648007035255 0.322755176573992 0.18829712048173 0.169927618093789 0.285966616123915 0.309285570681095 0.308449582010508 0.408146147429943 0.206878016144037 0.213749646022916 0.431050696969032 0.436634694039822 0.624659278988838 0.83558954000473 0.767835795879364 0.833014768362045 0.815971845388412 0.848750185966492 0.911801493167877 0.899713289737701 0.912244337797165 0.900061303377152 0.623227283358574 0.473362797498703 0.110439513251185 0.101262297481298 0.177401236444712 0.418738257884979 0.219133777171373 0.419778749346733 0.72175903916359 0.479064872860908 0.208868521079421 0.0345176762202755 0.0105766857101116 0.00647345105098793 0.00217669228586601 0.00273192138702143 0.000604662159094005 0.00730043153744191 0.124280872568488 0.924169957637787
0.249858936667442 0.227317076176405 0.586799821257591 0.822463583946228 0.819541174173355 0.794880953431129 0.60798309892416 0.492057503014803 0.969141858816147 0.800913792848587 0.749263769388199 0.528486326336861 0.755484116077423 0.924384498596191 0.577530601620674 0.131351836211979 0.18670892380178 0.387890568375587 0.236328427493572 0.314051562547684 0.540413635969162 0.320281744003296 0.199919527024031 0.826315075159073 0.598045384883881 0.294324332475662 0.114219395816326 0.264025980234146 0.452226734161377 0.826668077707291 0.760453510284424 0.58233303129673 0.448754376173019 0.58734777867794 0.800288963317871 0.831480419635773 0.580424904823303 0.0556735247373581 0.00832464886188973 0.00389246111881221 0.00558096886816202 0.00357072205079021 0.0014076555849897 0.0105933169019409 0.173209504783154
0.180135203525424 0.262845751643181 0.467565441131592 0.470708923041821 0.282199335843325 0.153924240544438 0.2334696367383 0.454051437973976 0.211204460263252 0.288930958509445 0.499318236112595 0.0291630069492385 0.211355178058147 0.977428793907166 0.802457368373871 0.265494902059436 0.0700140690430999 0.0661503720097244 0.244841703027487 0.686685574054718 0.741464668512344 0.820367103815079 0.934491300582886 0.653058505058289 0.607431727647781 0.556122350692749 0.621212181448936 0.728062927722931 0.9582688331604 0.920517075061798 0.563028579950333 0.260526178777218 0.169724106043577 0.0932146362960339 0.326325924694538 0.581323832273483 0.929864776134491 0.698300153017044 0.502959603071213 0.118944407999516 0.680308425426483 0.0806907553225756 0.00129631461713871 0.0024617856455734 0.0187632594024763
0.394909386336803 0.282501913607121 0.333002911508083 0.269875891506672 0.166357022151351 0.0181231802911498 0.0150088837079238 0.0704137461259961 0.025013110373402 0.130070607550442 0.237033640965819 0.64032119512558 0.616156595945358 0.418257659673691 0.264888728782535 0.263001891598105 0.211993710324168 0.456376440823078 0.387571047246456 0.426853509247303 0.242405617237091 0.793606370687485 0.60969640314579 0.326862820982933 0.315282447636127 0.220169115066528 0.354936005175114 0.316558489203453 0.26298436820507 0.198643960058689 0.131443839892745 0.0847368787974119 0.147295567020774 0.118433795124292 0.430977755784988 0.409527644515038 0.36538365483284 0.241253665089607 0.0918432908132672 0.042812426853925 0.146850966289639 0.0471049686893821 0.00512399799918057 0.00225443993840599 0.00110217574001581
0.289987231791019 0.112775148265064 0.0754003546200693 0.031135510536842 0.0369076058850624 0.0124229754088447 0.0752184232929722 0.236493972688913 0.800124716758728 0.78052661716938 0.321716354042292 0.438700087368488 0.925601780414581 0.423079668730497 0.289340494945645 0.461270496994257 0.238597108051181 0.240926135331392 0.555797661840916 0.478126285970211 0.533844415843487 0.422231820225716 0.661424589157104 0.843366056680679 0.374317862093449 0.112905019335449 0.208383219316602 0.153180574625731 0.0578558855690062 0.0915781317278743 0.0342501605395228 0.0554465301334858 0.169276523962617 0.447092874348164 0.83122735619545 0.910927784442902 0.700695860385895 0.767002719640732 0.577094507217407 0.301161874830723 0.195025365054607 0.00890696365386248 0.0265009420923889 0.00705682928673923 0.00117858612720738
0.196702293306589 0.262989195436239 0.342372506856918 0.10716051524505 0.0351287763332948 0.150995517428964 0.0723257334204391 0.313729967921972 0.539214582741261 0.261230315081775 0.410017278790474 0.248389500658959 0.530978962033987 0.128530947957188 0.175313220266253 0.122945951204747 0.0293144300667336 0.0400272346334532 0.125603391695768 0.326254197582602 0.250998649373651 0.134082057885826 0.1002227880992 0.327076296508312 0.290011974424124 0.0953386394307017 0.128380627185106 0.0362865510396659 0.02191963926889 0.0304670817917213 0.0368413665797561 0.0863915272057056 0.149091618508101 0.437333776056766 0.521655660867691 0.67326286137104 0.831761109828949 0.416638061404228 0.305681678652763 0.502965560555458 0.451500800251961 0.13406386077404 0.0455396248027682 0.00317661288354429 0.00149723936174269
0.289219671487808 0.172910411655903 0.473027476668358 0.490458878874779 0.168670575320721 0.0792453031754121 0.00407356815194362 0.00447300059968256 0.00277796420941741 0.0299769282486523 0.0595409203553572 0.0171151685572113 0.00608224777888608 0.00907188968740229 0.00295381521543732 0.00795769353062497 0.0874787495704368 0.0244510846445337 0.164089399110526 0.0768008439568803 0.218223572336137 0.220786398649216 0.166715325973928 0.0416835724143311 0.0374448945745826 0.0768171597272158 0.0381325985537842 0.0285056778695434 0.0510004726238549 0.0196461912593804 0.0247572517022491 0.0436063730157912 0.105979227088392 0.156261859089136 0.189357341825962 0.191715351492167 0.259162480384111 0.228335951268673 0.139008294790983 0.215746276080608 0.500791174173355 0.250042001903057 0.132231442630291 0.0456307921558619 0.00275259159534471
0.0991763267666101 0.061870543891564 0.0288108685868792 0.0955374997109175 0.0208727219986031 0.00237878326333885 0.00353048969773226 0.000101499968398144 5.88720329989911e-05 0.000174314724289104 0.000280339439234467 0.00940343281927198 0.0015336045925153 0.00298205628510004 0.00292243994947512 0.00653672777098109 0.0392682786565274 0.0131814825042966 0.0110829181299778 0.00824234387564502 0.00922707420468214 0.0211966262373608 0.0116013960840064 0.0195155999506824 0.0213094212929718 0.0341099056298845 0.0361543494742364 0.0383321409113705 0.263823471590877 0.1858956547454 0.238296504691243 0.497848029434681 0.247918976470828 0.0745583346113563 0.0540254801511765 0.133236032910645 0.101231408119202 0.247160325944424 0.276784379780293 0.151518179476261 0.26810747385025 0.273590103536844 0.204429748654366 0.0640020704828203 0.0101140080892947
0.126445908471942 0.109867361839861 0.00327869180837297 0.000362576549025562 0.000235483988643637 7.60691191509011e-05 0.000153380224278976 0.000345990289201836 0.000589317838057468 0.00164873223084214 0.00031834128555488 0.000988101312970002 0.00268137718648518 0.000456956964364963 0.00160790373127497 0.0047946166712336 0.00987723943180754 0.00710093638654143 0.00613670503394133 0.037352076973184 0.224016815889627 0.103096349351108 0.0426469305239152 0.0696684209164232 0.015221643037512 0.0105581083444122 0.0174413261469454 0.125705862045288 0.18925806004554 0.287748015299439 0.0955679417587817 0.0935435116291046 0.108299719914794 0.0553551713004708 0.0814023592509329 0.0549752744380385 0.170169736817479 0.14583862349391 0.181297160685062 0.11326688863337 0.197497147321701 0.401728971302509 0.170166773721576 0.0983858205378056 0.0173532106447965
0.00312975822598673 0.00982697504805401 0.00376252565765753 0.00024185417435092 5.30964464083183e-05 7.13896664564118e-05 0.00030930134903997 0.00110632039268239 0.00262922520632856 0.00258235577782671 0.00102261660412637 0.000297676943404213 0.00101270769256416 0.00042805715923464 0.001137434279849 0.0020644150474709 0.000282791127492033 0.000218332807353505 0.00337766664856645 0.0086945987170111 0.0109857828028908 0.00972520069444727 0.0700315665919334 0.112046327767894 0.171341711003333 0.0326571661804337 0.0175653119993513 0.028692474385025 0.205407746322453 0.17947121122852 0.0694088442716747 0.058625306095928 0.0494106722529978 0.0409168889513239 0.0597246604040265 0.096259181573987 0.136028929427266 0.179812064766884 0.152555171772838 0.14496839903295 0.184754724428058 0.325386890769005 0.325726230442524 0.0335367783671245 0.00283692348384648
0.00865178048261441 0.00500814149272628 0.0032873559561267 0.000135162563776703 3.32364306657951e-05 0.000101314666210328 8.38929297604096e-05 8.94190690218011e-05 0.000410734008983127 0.00140840595850023 0.00637853074040322 0.00158139378536362 0.00122158957304919 0.000387030244618813 0.000103269843025622 0.000170950889524946 9.69882231697916e-05 0.000115390962294182 0.000156349697402547 8.39614326743288e-05 0.000485839683749489 7.61929390347582e-05 0.0004585343736494 0.0133111443316011 0.0740752089535817 0.0405800336215179 0.0878066041157581 0.0776865086634643 0.29110340513289 0.365378734841943 0.141652959492058 0.273652426153421 0.112796480953693 0.0447063551051542 0.0908185166306794 0.142481544613838 0.176010264083743 0.213940024748445 0.167702336236835 0.260495690256357 0.251637773215771 0.206335785239935 0.186237030848861 0.0183874995913357 0.00502601408770715
0.0677379342261702 0.306051366776228 0.00447906896661152 0.0020903754984829 0.00583827049122192 0.0353632704820484 0.00273472196822695 0.0012004827733108 0.000932449050674222 0.00398344994923718 0.0112602464943848 0.00390464350655293 6.42940204119924e-05 0.000404404620255505 7.11111621101601e-05 5.25738401935261e-05 2.16607671601254e-05 2.48587975941073e-05 0.000317834652028548 8.34688777063164e-05 0.000125051270960608 1.83436796884151e-05 5.29399517638085e-06 0.000149517700813284 0.00033431308112597 0.000388208873469864 0.0219259836871061 0.0438225745499949 0.115766201680526 0.0675350855395664 0.195896665193141 0.419195253401995 0.524536734819412 0.362945570796728 0.111230958625674 0.0702976712025702 0.251287796720862 0.18563950099051 0.217034796997905 0.406262159347534 0.150905993580818 0.250757539272308 0.0888644968159497 0.0112451882450841 0.00656634617153031
0.224235737137496 0.0936242057010531 0.00549978119233856 0.0381116255652159 0.0587097445270047 0.0110293315941817 0.000687565363591602 0.000974290074736928 0.00559101263406774 0.000210453250220866 5.22044886485773e-05 0.000145212432372688 4.1638216708928e-05 3.74137990382106e-06 5.78301815920001e-06 1.38025994426916e-05 5.48487057453473e-06 2.38256175215668e-06 3.31230087626144e-05 1.63719135553464e-05 9.5806430769918e-05 0.000101607972479589 3.09765400285933e-07 1.06816042036995e-06 1.23436990298487e-05 1.26904068105782e-05 8.43398641041993e-05 0.000130682287682404 0.0204558412806364 0.0296386075497139 0.0600734020466916 0.171874455735087 0.488408020883799 0.211419139057398 0.21076381970197 0.136367748025805 0.262895434349775 0.257877329364419 0.513536140322685 0.0913563825190067 0.142457434535027 0.189101422950625 0.0247770568239503 0.0283933827304281 0.0184256572712911
