Scripts_&_data/Maxent_result_files_2/B_portschinsky_2.asc
NCOLS 594 
NROWS 330 
XLLCORNER -15 
YLLCORNER 23 
CELLSIZE 0.166666666666667 
NODATA_value -9999 
[rows 260 to 279 of 330, columns 45 to 89 of 594]
-9999 -9999 -9999 -9999 -9999 -9999 3.96983583802468e-06 6.47177612611571e-09 4.25242198232034e-08 4.70041913280816e-08 3.91801928900648e-08 3.85324170570911e-08 5.44203951347022e-08 7.4416065687366e-08 1.31514629131413e-07 3.75441430167101e-09 5.03438453147709e-09 5.78868145639788e-09 2.9835302006731e-10 2.2016557688076e-09 5.38094191426808e-10 1.6989255557931e-10 9.94957005673314e-11 3.87884647734538e-09 2.70168865057485e-10 9.89324955291693e-11 7.07989222803462e-12 8.66864802162581e-11 4.81046313893785e-12 4.42323844218606e-11 7.7136541598577e-11 9.33296107064052e-11 1.82941617410393e-10 1.82468651299672e-10 5.09234232559663e-10 3.50882105593087e-09 2.45445224145158e-09 2.26887216792093e-09 2.98921453145695e-09 1.90274906941568e-09 3.28718542386142e-09 8.05599821296354e-09 1.11244381484354e-09 1.00094064148237e-09 3.63287726568018e-09
-9999 -9999 -9999 -9999 -9999 -9999 7.2093787517602e-08 6.43022867174992e-09 3.55098502824447e-08 3.02255809936369e-08 2.95294871999197e-08 3.12134901370165e-08 3.85730389851346e-08 5.44563540372245e-08 5.66470788276874e-08 8.06081458804009e-08 8.34498071644596e-08 1.1175314382772e-07 6.71296884746653e-09 6.99507239909636e-09 1.4987671621558e-07 6.05031772460407e-09 5.05593192867693e-09 3.86518462791585e-09 1.23133725438151e-12 1.68198788230711e-12 6.68476385357053e-13 7.71567254531647e-12 4.33354685469567e-11 6.87329748672028e-11 6.67361721440329e-11 1.56002688544987e-10 1.02028473447646e-09 3.66160934905935e-10 1.5531007035996e-09 4.77566663992235e-09 2.14923967511993e-09 4.97399721410829e-10 3.48889273027453e-10 4.15003875708919e-10 5.41283242672108e-09 3.63080110421521e-10 2.37214348164372e-10 5.22629028831822e-08 3.40521488784162e-10
-9999 -9999 -9999 -9999 -9999 6.43665823418793e-08 4.24737626558702e-07 1.6169504307717e-07 1.92640783269749e-07 2.83380756194163e-08 3.39039754937431e-08 5.21735112002375e-08 3.12216492548423e-08 3.82471527227146e-08 7.09517541941374e-08 5.28943904121171e-08 4.77264281206757e-08 9.81472567440633e-08 2.54917492115148e-08 3.55729139145389e-08 1.93509567258943e-08 7.33505189920436e-09 1.43419282006008e-09 1.36706557185562e-10 3.88213905466728e-12 6.53899157043725e-12 8.38550340276356e-12 8.05095989875326e-12 1.2376664138003e-10 2.32129560018279e-10 2.49086629100503e-10 8.92308005262521e-11 1.22248533518388e-10 1.68857516857912e-10 1.96734095680995e-10 7.25470935547534e-09 1.60902078327752e-09 1.05637097957967e-09 1.70364390705835e-08 1.42358592836178e-07 6.78975361234624e-07 7.05665510256637e-06 7.3021515311078e-07 1.14390357098815e-06 2.23595035153679e-07
-9999 -9999 -9999 -9999 2.30274735724123e-07 2.79237620870454e-07 2.47960160992822e-07 2.79979559347776e-07 2.36307368894906e-08 3.44924286910242e-09 1.16673874916984e-07 7.36915189647469e-08 3.59146824058243e-08 9.93564506224232e-09 7.02176243372321e-08 6.705866750778e-09 2.44229190959899e-07 5.6639394829805e-08 7.35207805746541e-10 3.90432575159139e-11 6.30823049352358e-10 2.7171279670668e-10 4.53350690321486e-12 3.46010997631652e-12 1.43054457169001e-12 2.34994246284259e-12 7.43438743899816e-10 2.13253295022753e-09 4.7906507649742e-10 2.11011907946812e-10 1.00312513851009e-10 8.8698115519037e-11 1.77621695129915e-10 1.68396955269046e-09 5.61103136287322e-08 1.583501607616e-09 2.03585906981552e-06 1.7309756389583e-06 8.46233151747811e-06 4.00384496835216e-05 4.31741882565007e-05 1.3020409032638e-05 7.69503728581533e-07 1.29720332253669e-08 4.03567986806408e-09
-9999 -9999 -9999 3.34642695332121e-08 1.69289154250407e-08 9.87958789222532e-09 1.05040681963597e-07 1.28330872684046e-07 1.09960294025768e-07 1.00606017183757e-08 1.23697242770948e-07 1.2229152612786e-08 5.768046581478e-08 4.50387449779654e-08 1.9132113027176e-08 3.01219761245086e-08 2.70339712837853e-08 7.08356501233354e-09 1.37775088004943e-09 9.0327800794654e-11 2.88861501385185e-10 1.42814599035646e-09 1.54305945798683e-10 2.18156048781282e-11 8.08385580697291e-12 6.27298102351404e-11 7.63898079236824e-09 6.84269035877705e-09 1.10881923753858e-08 9.79350178731408e-10 1.12084748149499e-09 3.34468025497969e-09 1.59080726369609e-09 7.38559482105217e-07 1.18664306014704e-07 6.16805519437769e-08 1.0115240763775e-06 3.02789093686862e-07 1.91260919408798e-06 1.45763184997705e-05 9.83043015395424e-05 6.72155396038931e-05 3.66087677028393e-07 5.06797691812721e-08 4.78787354540877e-07
-9999 1.18827597966886e-06 2.90382513590259e-09 5.73163214667716e-09 1.86267299362441e-09 1.09879952470138e-08 1.1892167361971e-08 1.31377360779172e-07 1.42406171022014e-07 7.83017333194636e-09 6.32753853202495e-08 9.37337368944746e-08 1.14410694918021e-07 1.75970061522257e-08 3.0685920471285e-10 5.38559663532112e-10 1.78874031142584e-09 6.96699120616984e-10 2.09837940357005e-09 5.23722820666705e-10 7.96687964488285e-09 3.86829981158243e-08 1.12945414132426e-09 1.04208286444418e-10 9.56320911349451e-11 8.37039648704518e-10 5.56027376363844e-09 8.57923734276511e-09 1.13493208719895e-08 3.44551367437163e-09 3.57242848636474e-09 2.27596250734763e-09 4.04065170545032e-08 1.03014977403948e-07 2.62648880799965e-07 2.84650314430479e-10 1.70641471819444e-07 5.15076170959361e-07 4.24502127316373e-07 8.48760805505222e-07 1.59592966335609e-06 5.84938472858454e-07 1.22279565950567e-07 4.12338004185386e-08 4.78226634959e-09
1.07695869566715e-07 5.79302740222332e-09 6.56625827044621e-09 4.95815460910265e-09 7.73111386020986e-09 9.87619636960701e-08 2.93409108120812e-09 8.95070220163774e-09 1.96412566211279e-09 1.85878920033744e-09 4.52665360750615e-10 2.49923013284636e-08 1.24417044045089e-07 7.25183287864084e-09 1.39580339508782e-09 6.92062694929163e-09 1.05369797887001e-08 1.04472523965171e-09 2.8157926657002e-09 3.72035284801342e-09 1.88066181383562e-07 6.17584887478984e-06 3.58626924823469e-09 5.07197395194225e-11 4.507544337784e-11 2.73313816023801e-10 3.51338633741705e-08 2.3239284030474e-08 1.24926701650097e-08 1.09974788942147e-08 2.23592089498847e-07 6.01342177652953e-07 6.03493269935029e-07 4.91949679606307e-06 3.63093285411509e-06 1.50430217527031e-07 1.04960720568315e-06 9.86311027961762e-07 7.54543497283322e-07 2.06241626632409e-07 5.75238870703654e-07 5.14092368497643e-07 5.99931649913898e-09 5.90219570995032e-09 7.55178518052624e-07
5.23269135799254e-08 5.30861220204848e-08 1.20455854069057e-08 1.12803815177642e-09 9.63776608520206e-09 3.32653331336363e-07 9.12281450382579e-10 1.06192965532159e-10 7.13546539632404e-09 3.44415573838575e-09 2.3839774598855e-10 2.14456812308583e-09 2.17097618215867e-07 3.30845573692784e-07 9.94415595423348e-09 1.14368369885653e-08 2.36472710635205e-08 5.0428994424756e-09 1.15738976180779e-09 1.95802655755806e-08 3.46697109909755e-08 6.17820361537014e-10 1.79702974723028e-10 2.23930818332718e-10 2.40971131937329e-10 8.74262364725098e-09 2.33793771897695e-08 3.22535000485402e-08 2.07240197669378e-08 1.51224348821088e-08 2.79030167638084e-08 1.08467433213022e-06 5.0455371845004e-06 4.80839344234596e-06 7.14031291764172e-06 1.71712101360022e-07 1.09229191298521e-06 5.83337880172508e-05 9.55248109515416e-06 1.46727643675071e-06 1.15925708663589e-06 2.83143371495598e-06 5.05700047914726e-07 2.6025747612568e-07 7.09237877103419e-06
5.29540999161249e-08 7.18246739750406e-08 4.18592763784531e-09 1.89225220381672e-08 3.60741461591374e-08 7.84129444264536e-08 1.15188433236213e-09 2.58173468270506e-08 7.75179165746209e-08 9.50917426800757e-08 2.95389291915527e-09 5.17901166396939e-09 1.2181181952009e-09 3.22070226044247e-08 6.08128607915148e-08 7.30647104707494e-08 2.93597622835762e-07 5.23787027528755e-08 5.30557866529335e-09 5.01099235439284e-09 1.0392205840315e-08 5.71153124795387e-11 6.70044131290126e-11 7.27769711161841e-10 8.06527041818939e-09 6.82233065596449e-08 7.14500695941922e-08 2.79830921812163e-07 1.69702432106789e-07 1.15671655676053e-07 1.94784093139333e-06 5.34816681323491e-06 3.05050416287145e-06 2.58970896595656e-05 3.22671159850074e-05 1.61005078946896e-07 4.08977052335224e-08 6.63280717017045e-07 3.00263823582725e-06 1.05822795890553e-06 4.97767551133066e-07 3.91970309308043e-06 2.71921110766016e-06 3.14841608950456e-07 1.14137871265463e-08
9.73099021250867e-08 1.9758430191974e-07 2.53316144060989e-08 2.73702298625444e-07 5.12781520678462e-07 2.51671690154609e-09 2.85573187319699e-10 2.44886300126979e-10 1.16644019332313e-08 1.30396745623429e-08 1.6250414336394e-08 2.44526298875947e-08 6.9376342115568e-09 2.99189697159363e-06 6.66689579875701e-08 1.98653472671673e-08 7.13037239252756e-09 1.76787241512599e-09 1.98573987253425e-09 1.94113891627268e-10 1.94231364325503e-10 7.8261142011371e-11 8.67243532542972e-10 6.04037586615647e-10 1.90535460409258e-08 7.58012719259682e-08 1.01999486012971e-07 8.67590781439276e-08 3.97289718234717e-08 1.8526319145451e-07 1.17766653673357e-07 3.18234233742665e-08 2.79409708037193e-08 2.12147598226409e-06 2.63078163644792e-06 1.66690711327355e-06 1.76294588705161e-08 6.19293086612238e-07 6.33038312169987e-07 1.05186031618132e-06 1.5708394276448e-06 8.12725451315721e-07 3.98949305369101e-07 9.06152089252821e-08 7.72455287401108e-08
1.43842651412207e-07 2.56024693690016e-07 2.98550695321254e-07 3.85722729423499e-08 4.28049134248987e-08 2.11043710951486e-08 9.21412457111082e-08 2.68128774738585e-10 2.9303118820323e-10 3.34604864926646e-09 3.45611514962485e-09 6.23929060306061e-08 1.51523962266253e-09 3.34900941867389e-08 1.00444375861208e-07 5.67290348030269e-10 5.15212039697843e-10 4.75528638688161e-10 9.12330211377821e-10 3.2931732896202e-10 8.37602542880234e-11 5.82507042601321e-11 9.94628046591117e-11 6.72503720489104e-09 1.43049189382793e-08 7.29654627384946e-08 2.49206588698314e-08 4.77359330286475e-08 3.36951794466245e-08 2.67661286246224e-08 5.15689984048606e-08 2.19264537970609e-08 1.40896019518166e-08 6.56117838060411e-08 2.05385874196828e-08 2.38509598577963e-06 2.26880874998336e-07 4.76634451551661e-07 6.75410523620634e-08 9.85555068389043e-07 6.86223071033609e-08 1.43055847046103e-07 2.97720170738813e-10 9.17546583156792e-10 3.721431340864e-09
7.38259239074779e-08 1.26267713695949e-07 2.30432655845547e-08 7.54850709716592e-09 1.06757424012116e-09 1.83131954045734e-11 1.71047864760965e-10 2.66808664051155e-09 2.19156712777391e-09 2.27306844458042e-09 7.86148612874626e-10 2.35652713342915e-08 2.0718868398717e-09 1.32748571468611e-08 2.31133432060382e-08 4.15704866085775e-09 1.0519448201407e-09 2.63954835766356e-10 2.84483936408009e-10 3.28362637080915e-10 7.40188466075153e-11 9.65412194631199e-11 2.71381106475843e-10 1.3109031193892e-09 2.07424358800168e-08 1.04913167042753e-09 1.33653229594799e-09 1.21061520808041e-09 9.00857248797848e-09 7.72849230168404e-08 3.49833141566336e-08 1.43676771702239e-08 1.37887347095855e-08 3.98353519059924e-09 7.2859385524815e-09 1.90037661385034e-08 4.38791323831289e-08 3.11637604610837e-10 2.43054898430017e-10 1.10211893611378e-08 2.07063556301179e-09 1.20671296288677e-09 6.25473894899642e-11 1.51469148335082e-09 1.97263649859281e-11
2.67338240433901e-10 3.37127196159415e-09 1.80516956937993e-10 2.95504065661589e-11 1.74789360762873e-10 1.20909157130811e-09 1.06179805503537e-08 2.10177854165217e-07 4.5700278006322e-09 4.68182330681799e-09 2.36938517361729e-08 4.97928267839676e-08 7.29664866638835e-08 3.19583397412337e-08 8.23765056168213e-09 2.77668167356637e-06 1.72671770943822e-06 1.44023778902991e-08 2.37221202348259e-08 1.64696744020532e-09 1.65320243050715e-09 5.42452472940269e-09 1.22993216722378e-09 9.48628653407724e-10 4.51722148575584e-10 4.83514006610619e-11 1.15589204874311e-11 8.69749827714372e-11 3.85084273468728e-08 4.86049126502408e-09 1.85789730267061e-09 1.72456277036659e-09 1.09391328217967e-09 5.27398862359973e-09 3.95098675998184e-09 2.63876838979549e-07 1.30994750724422e-07 1.25817722906874e-10 1.68788782950458e-10 1.55519738198606e-09 6.44798208160324e-09 1.90634574792625e-10 3.02300739996042e-11 4.35635749695962e-11 1.82139225923805e-10
8.15344458615641e-12 2.49380294192747e-11 3.94418941951358e-12 2.88256218894389e-10 9.06900656127974e-08 1.90055923465771e-07 2.73863711464095e-07 9.09078811117681e-09 1.77523199473839e-09 8.41024694331338e-09 2.06186860918223e-09 6.63953606538925e-09 1.31291985172588e-08 1.55866468354304e-07 1.67165923370405e-07 2.17886416749025e-06 7.17356243118417e-07 3.07810166244593e-10 2.96588786863339e-10 7.84275810961077e-10 3.05002734179993e-10 3.34811223190457e-10 1.34987732103298e-10 4.64754790208133e-11 2.47042719614399e-11 2.29618213332117e-11 6.10055339578253e-11 5.48714629289293e-11 2.33600361276842e-10 3.0705213927007e-10 9.34401112040462e-11 2.15966972083592e-09 3.30581084728721e-10 5.23611931591006e-11 3.20998672420636e-08 1.68491417928962e-08 7.00343116832869e-12 6.27294882704632e-12 1.19204102144721e-10 1.47050815968441e-11 1.17726669524032e-09 2.89060775315875e-11 1.68482017226523e-10 1.65130997764606e-10 1.48425527424223e-10
1.32832189692067e-11 3.45896089548603e-11 3.31302763001418e-12 6.22179281428714e-09 1.28337262206291e-07 1.05237614400622e-08 6.72860722694679e-09 2.68904359890243e-09 3.11186382218054e-09 1.35792490709719e-06 4.40226330056248e-06 4.27686589716814e-06 0.000192089786560246 8.26280562336024e-06 1.05735594169154e-08 4.64005651679145e-09 2.10683703816272e-10 3.67860895078564e-09 1.23602650337062e-10 1.25102594950022e-10 3.31974669975921e-11 3.81873532795396e-11 1.75809145019912e-11 4.84481676998882e-11 2.9155600156372e-11 1.58679847039878e-11 6.35017594063925e-12 7.40853933756114e-11 7.02582436673538e-12 6.10739236961422e-12 1.20617238419385e-10 3.15326009747707e-10 2.02020467021669e-10 3.00281888132581e-08 7.37950078821825e-10 6.3515892545496e-11 4.77616834970718e-12 5.0629500591981e-12 5.45501421811423e-12 5.93932680814646e-12 5.50228196338765e-11 1.05133146632852e-10 8.13554423828577e-10 1.27000928662468e-09 1.2993531695038e-09
4.59000615293803e-12 3.26080940027396e-10 2.46595277531014e-10 8.51952841607329e-10 1.51751181620696e-09 2.0533202915729e-09 7.4243757475223e-09 4.30107087279197e-08 0.000253494894462847 0.000410878318507457 0.00127864565292839 0.000116126448483556 2.41139501895304e-06 3.04834166131585e-07 4.06625566551355e-07 7.42066730285984e-10 8.09970357451562e-09 2.47092931537907e-07 9.49540934769289e-10 2.55017401640245e-09 1.23089261006015e-09 3.85815146497492e-10 1.09320685837133e-10 3.25376992016402e-10 1.18262843962214e-10 3.33706839938941e-11 8.81500428207005e-12 7.5427553092311e-12 6.85973500225145e-12 3.53322149315716e-11 7.61712437569173e-10 5.75984815398556e-11 1.62202473674711e-10 7.25278899160742e-09 2.81587516526294e-08 2.48815162917637e-09 8.49788683865427e-11 2.48428722038341e-11 4.87785811742469e-11 6.32241148323942e-11 5.29631727363977e-10 4.09693667879907e-10 5.24534693457923e-10 8.22784085308115e-10 1.48191048321422e-09
1.92925786457465e-11 8.2918683030897e-10 1.42333252961535e-09 3.66470781498762e-09 6.76744013050623e-09 2.4560290357023e-09 8.30612055802149e-09 4.39257999929055e-06 9.15268115591061e-05 0.000792507400910836 0.00434969702037051 0.00768191111274064 4.67830507659528e-05 2.4538742501079e-06 3.48593030485844e-07 2.32912851338973e-08 5.39702849078338e-10 1.71801580739483e-09 2.40269437679075e-10 5.62697920480915e-09 2.27085283910355e-10 9.57961500125393e-09 1.35472255524682e-08 5.29594623710494e-10 6.53310738840673e-10 3.02742730884376e-10 1.00871422326065e-10 1.13291265257942e-11 6.95886015478209e-11 1.00679020675898e-11 9.32496302397112e-12 1.97532212808937e-11 1.41313183377179e-11 3.97885835390355e-11 1.02485020470056e-11 2.58665755481502e-11 1.54453483336425e-10 1.21055621082888e-10 3.6010583404078e-11 2.83093448683047e-10 4.54927739923505e-10 3.03170466509073e-10 2.84186230103955e-10 3.94930854685782e-10 4.7527026758587e-10
2.10522902444055e-09 1.1374871677905e-08 1.6926010004692e-08 8.99085284000733e-10 6.95579396303714e-09 1.09103509671193e-08 7.57609135870751e-08 0.00112326325615868 0.00853753010742366 5.46339446373167e-05 6.98601210388006e-05 1.20659980098026e-05 2.59170805172459e-06 1.31668963709863e-07 1.02450070538218e-08 6.07182071288293e-10 2.38678672381809e-09 1.00609409692254e-09 2.56235497264612e-09 1.93600557807372e-10 3.27977922598421e-10 6.47053366442662e-10 7.2553357655103e-09 4.25207661081117e-08 4.64554950618812e-08 4.11839818914572e-09 1.85881066094851e-10 1.5617596105244e-11 3.4849012564564e-12 4.4132675292019e-11 6.97437108065913e-11 7.04247216098963e-11 7.73561215083873e-12 9.79984982052429e-12 8.21812617957107e-12 7.9011130971196e-12 6.44732822685512e-11 1.62697189054484e-11 1.80959928597346e-08 2.20848115684014e-08 4.5550504479408e-10 4.6388679564302e-10 1.30955202237715e-10 2.29006225094253e-10 2.22674323424599e-10
6.32055852101132e-11 1.37564648561295e-10 3.35493745007298e-09 1.11052048734628e-07 4.0674429553178e-05 8.36189168325063e-06 0.000612540799193084 0.000289039609197061 9.58848684604163e-05 8.99449976259348e-06 8.70610463607591e-05 2.42681855127103e-06 1.77909431520185e-08 2.26859723229111e-09 5.30474086879451e-10 3.91209287187166e-11 2.57913690404621e-11 1.40263245462791e-11 3.18755855044373e-10 3.38558547863244e-10 3.91382637410231e-10 1.38403797311781e-09 6.53164482389279e-08 9.04679494317939e-08 4.10352200774788e-08 1.90198767846539e-10 5.73799785463791e-11 3.69797636956548e-11 1.48376977371356e-10 3.17426529505838e-11 4.04200006798305e-11 3.86364273907702e-12 9.20710174767692e-12 2.78653766727643e-12 2.03178140978366e-11 7.56466000950695e-12 7.68065611111979e-12 1.3655769848242e-10 8.33590951820895e-10 4.61392462014487e-09 1.46713408089028e-10 1.38254363513113e-10 6.73375466497816e-11 1.16409470951595e-10 1.13897147269171e-10
1.26646303222344e-08 3.77062261813776e-07 9.28901178269825e-06 3.69347377908724e-06 5.94656325574761e-05 5.44682472991553e-05 1.1323317824008e-05 7.33034334454707e-08 2.68701859651443e-09 1.45263948647667e-09 5.07141872940764e-10 1.7832993182143e-08 1.05995963561867e-08 2.7036070049391e-10 7.52988671415267e-11 1.83398851660854e-11 4.94454477362183e-12 1.37531208643793e-11 8.92130702645488e-11 1.50724988046136e-11 4.28028723575835e-11 6.11799277905334e-11 1.38156008855361e-10 1.11428970828165e-08 2.05088187210656e-08 1.36419344043404e-08 5.12496489690761e-11 1.71421765671198e-12 1.84593451635351e-12 7.64713847800635e-12 1.49677270577797e-11 1.86978987848363e-11 2.21484275364503e-11 9.36469790602246e-12 2.15964357508369e-11 5.57435209103119e-12 4.33158953150326e-11 6.7511229939754e-11 7.81934628157899e-11 9.24090026721558e-11 6.9235772670595e-11 8.60602367147578e-11 4.23611812294666e-11 5.7468474423672e-11 4.62759386365974e-11
