Scripts_&_data/Maxent_result_files_2/B_polaris_2.asc
NCOLS 594 
NROWS 330 
XLLCORNER -15 
YLLCORNER 23 
CELLSIZE 0.166666666666667 
NODATA_value -9999 
[rows 260 to 279 of 330, columns 484 to 527 of 594]
5.88421242753157e-07 3.94831153300856e-06 9.44726953662212e-06 6.28214561118057e-06 1.26954106747235e-05 3.16257088968541e-05 0.000140169672613411 1.41260788979025e-05 0.00014668254557364 0.000164745077881889 0.000227727473611594 0.000966033924487419 0.00123422770266188 0.00349461841979064 0.000858914604032179 2.18118317548033e-05 0.000204413259052671 0.000128522126760799 1.375936299155e-05 7.35194048786525e-06 4.10269684891773e-10 7.36321892347291e-11 1.99408861645267e-09 2.04060368602654e-10 1.69930736149126e-13 3.16691117774326e-13 6.66133814775094e-17 4.44089209850063e-17 1.36557432028894e-15 3.14193115968919e-15 9.77329328577525e-14 4.05087074994981e-13 6.67163879697341e-10 5.95634652711396e-14 4.6296300126869e-15 2.85387269371995e-12 2.45437004053883e-13 5.76316772082919e-14 3.83915121915379e-14 2.32477548323118e-10 3.7008174302855e-13 1.51978429840938e-12 6.43807229749882e-13 8.55204795868758e-13
1.73990601069818e-05 2.35090647493053e-05 3.22510249134211e-05 3.01259928619402e-05 5.23946816883836e-05 3.11155640474681e-05 2.66569760015045e-05 3.28751380493486e-05 1.3549815287206e-05 7.31305121462356e-05 1.85671317012748e-05 1.04422510219138e-05 5.98020529718468e-07 6.84734434486245e-07 9.15366540112927e-06 2.5823750706877e-05 2.27955795196522e-05 1.30551295072223e-06 4.7322593399457e-08 1.28452335756979e-07 1.18378479241343e-09 1.52625592164668e-09 3.99614759616362e-08 3.98695778058844e-08 3.73478283854922e-09 3.07741676586204e-10 2.71604960744298e-13 2.42028619368284e-15 0 0 1.11022302462516e-17 1.11022302462516e-16 4.17443857259059e-14 3.51940698806175e-15 2.25375273998907e-15 4.6296300126869e-15 2.88657986402541e-16 2.22044604925031e-16 5.55111512312578e-17 2.07611705604904e-15 3.36841665671272e-14 4.13336032067946e-14 9.84767822842514e-15 5.03919128647112e-13
4.43250588091359e-06 6.60480708205569e-06 3.17290545410742e-06 6.34483628232374e-06 1.29937235385569e-05 5.80888879539998e-06 1.71748415141337e-05 2.17271521556484e-06 1.70797472122786e-05 1.55912446988538e-06 3.26566273542994e-06 4.5310129507925e-05 2.99579403929329e-05 1.83468781820295e-06 1.09040383726722e-06 4.42771860420521e-07 1.66306732864996e-06 7.89598333383879e-07 2.21249143130819e-06 3.35020490127569e-08 1.30367894257688e-10 1.29347246025091e-08 0.00026535933170635 0.00022034441390133 4.11897197583055e-07 7.32605941466957e-09 2.3511737001769e-11 1.91913152036705e-13 1.33226762955019e-16 8.88178419700125e-17 2.22044604925031e-17 2.22044604925031e-17 1.4432899320127e-16 1.29896093881143e-15 3.5527136788005e-16 5.88418203051333e-16 5.10702591327572e-16 4.21884749357559e-16 9.99200722162641e-17 3.33066907387547e-17 1.22124532708767e-16 1.02140518265514e-15 6.57973675544099e-13 3.88578058618805e-16
3.42210070982674e-06 5.24539038906369e-06 3.61580580374721e-06 1.05330432269568e-06 1.44055737862914e-06 4.65657476524939e-06 1.26056273643371e-05 1.52885278225767e-05 1.60174950281089e-06 1.37425602204644e-06 8.34671310627755e-06 1.12267156282542e-05 3.34441450831946e-05 3.15223290670019e-06 1.07364867147908e-06 1.44462805167223e-06 7.28098938296284e-07 1.28657261344589e-07 4.8502922900262e-09 1.69113534287391e-10 7.53319517876605e-11 1.58418268170202e-08 0.000426623111707158 4.37206701803916e-05 0.00048086285410136 0.0150542611721903 0.000874624695188686 4.84285560209408e-08 3.18718859082523e-09 4.10462552835611e-11 5.43987077605834e-13 2.76257905440502e-12 4.41986447441423e-12 3.4028335704761e-13 6.66133814775094e-17 6.66133814775094e-17 1.55431223447522e-16 1.88737914186277e-16 3.33066907387547e-17 9.99200722162641e-17 1.55431223447522e-16 1.11022302462516e-16 7.32747196252603e-16 3.88578058618805e-16
5.76913784744448e-07 3.94203563587325e-06 3.4767987642681e-06 2.7046700445954e-08 8.78400302894988e-06 5.54961314804814e-06 8.06836154794155e-06 7.26310377672235e-06 8.54699251040536e-08 2.62815073170941e-06 1.47060405197408e-05 5.91324865126808e-05 5.75039483464934e-05 3.40112656658675e-05 2.59468765761994e-05 8.41224770056215e-06 4.42651095369229e-06 5.19966016110374e-07 7.12275045167132e-08 1.17010201527989e-10 2.11191575338887e-10 1.69523738460242e-06 0.000330053930883878 0.000107165172123302 3.63368387875651e-06 4.25318274344111e-07 9.35049061512316e-08 0.000169366400677973 0.0193140809424222 0.800000321606073 0.000352075799956209 1.16443124720256e-07 1.95797522639651e-10 1.99840144432528e-15 2.22044604925031e-17 3.33066907387547e-17 6.66133814775094e-17 1.11022302462516e-16 1.11022302462516e-16 1.11022302462516e-17 1.22124532708767e-16 2.22044604925031e-17 1.11022302462516e-16 3.10862446895044e-16
8.23247800041393e-08 8.72115658125949e-06 6.51717785693506e-07 4.887799720521e-08 7.6799442894071e-07 8.09604294627064e-07 2.10449309645533e-08 3.93909647788959e-08 4.13636700429265e-06 0.000120186643835041 1.4190063109254e-05 0.000174235133363254 1.38741017849497e-05 6.77305863234778e-06 1.13954401001592e-05 9.57992848515943e-07 4.84887092921937e-08 2.31689040053329e-07 7.88802218698592e-07 3.5552758981261e-08 2.29943920722064e-06 8.68555731443621e-06 3.03550393248031e-06 4.18779469223196e-05 8.41709322170203e-06 0.00405611953420805 2.78352293436868e-09 4.42117331633796e-10 3.43633905774965e-09 3.48074684741739e-08 4.58590567742334e-09 5.93018353312047e-09 2.81459600071088e-10 1.17183485137673e-11 1.86739512741951e-14 1.4432899320127e-16 6.30606677987089e-15 4.66293670342566e-16 1.11022302462516e-17 0 5.55111512312578e-17 2.22044604925031e-17 5.55111512312578e-17 1.0547118733939e-15
1.77481983310024e-07 2.8007973298827e-05 2.08339146268166e-08 1.18259720904845e-09 3.51204371140668e-08 2.13224510670074e-07 4.72486862568289e-07 2.6169615210847e-05 4.33286917996156e-05 3.6945089988194e-06 1.28852302111682e-05 0.000325008937033999 3.94138657497933e-06 3.45219816608733e-05 9.2898171573097e-06 5.72347302174592e-07 3.27601957783585e-09 7.49413183731562e-09 1.14767353576184e-07 7.03947759528312e-08 2.42274712958235e-08 5.2520600124506e-08 6.64277421094539e-05 4.7724441265018e-05 0.0927054987615861 2.18937934448604e-10 1.35503064324638e-10 3.91998655757675e-12 4.01233268831902e-11 1.78078969348405e-09 3.91543275579664e-10 3.85564280502848e-10 9.560796598862e-13 1.98729921407903e-15 1.88737914186277e-16 1.11022302462516e-16 2.1094237467878e-16 1.11022302462516e-17 1.11022302462516e-17 3.33066907387547e-17 3.33066907387547e-17 2.22044604925031e-17 6.66133814775094e-17 7.7715611723761e-17
2.2656597820081e-09 5.93910379507179e-06 7.52773748557978e-08 3.43527539747868e-10 9.41584411662255e-08 9.70565707936189e-07 1.1944241006745e-05 2.36507245062967e-05 1.51705235893473e-06 7.58583776701016e-06 4.4745250846745e-06 9.1847321982641e-05 8.50181595239974e-06 5.785357741388e-05 8.00981734982997e-06 7.58462406214022e-09 5.88334625462039e-10 1.74926839680012e-10 9.05731178946212e-10 6.38327679602924e-10 7.81237152747138e-10 6.32850040631183e-05 3.84244400594147e-06 1.31217530974226e-06 1.70505425334255e-09 4.98872054777166e-12 1.70763403417595e-13 2.20580220755551e-12 9.67115276750974e-14 1.54987134237672e-14 1.328381848964e-13 7.50455253495375e-13 2.68673971959288e-14 6.66133814775094e-17 2.22044604925031e-17 2.22044604925031e-17 1.11022302462516e-17 0 1.11022302462516e-17 2.22044604925031e-17 4.44089209850063e-17 1.33226762955019e-16 1.66533453693773e-16 1.11022302462516e-17
1.01356503412475e-08 2.57778151291355e-07 1.72057603720077e-09 1.67870866318864e-08 4.42058538823176e-06 2.09178432783119e-05 3.54814261299907e-05 4.44971292949958e-06 2.00692933731261e-05 1.11471198493973e-05 3.09461479446327e-06 7.14407007762929e-05 6.56338454973593e-05 1.48088295559567e-07 1.18644716273764e-09 3.5385883112582e-11 4.51670034706808e-11 2.16934070706998e-10 1.65112279404411e-10 1.78046333232373e-10 1.87353663749779e-07 0.000191157401627606 0.00025701758896588 2.86869363819164e-09 4.59389970508539e-11 7.42371719653079e-12 1.32632349547634e-11 1.65889524339491e-13 1.77635683940025e-15 2.44249065417534e-16 7.24975635080227e-15 1.02140518265514e-15 1.4432899320127e-16 9.99200722162641e-17 8.88178419700125e-17 3.33066907387547e-17 1.11022302462516e-17 1.11022302462516e-17 1.11022302462516e-17 1.11022302462516e-17 2.22044604925031e-17 3.33066907387547e-17 1.11022302462516e-17 4.44089209850063e-17
2.0652339283167e-09 3.81939909699369e-09 2.62667038564146e-08 1.49652484948692e-07 5.26785503097926e-05 1.17090517392171e-05 6.96241861817271e-06 6.1361304960883e-05 4.06032388866606e-06 0.000103169636895473 2.14623236516331e-06 3.03438329467554e-06 1.12300293531042e-07 1.0066287803312e-10 3.09278158638904e-12 1.37494460261678e-12 3.85996201668348e-10 4.39587827250065e-09 4.49041726025001e-10 1.03514384952597e-08 3.12214165560931e-06 7.01984699560398e-06 3.88480790434187e-06 0.0007306551749096 5.4232038617652e-07 4.0666547906909e-11 3.66540131579995e-13 2.91988655476416e-15 4.44089209850063e-17 1.11022302462516e-17 1.11022302462516e-17 1.11022302462516e-17 7.7715611723761e-17 3.06421554796543e-15 4.20774526332934e-15 5.55111512312578e-17 0 0 0 1.11022302462516e-17 1.11022302462516e-17 0 0 1.4432899320127e-16
4.33737012972557e-10 7.71799050003352e-08 4.08790333805697e-09 5.61957589129136e-08 4.67828097483469e-08 3.89933038413837e-08 6.63399419806865e-06 0.000232686542040028 6.25478266556456e-05 1.12368603311097e-08 1.22828187194557e-06 6.88324930719908e-08 4.36567937356358e-10 1.13555942427013e-11 7.51609885440985e-12 7.57817586460874e-11 2.44238096414051e-10 1.3007537269516e-10 4.3955891926295e-09 9.52071923432385e-07 3.24728617927539e-06 6.52666656220102e-07 1.39400773147003e-09 1.49979286767632e-09 3.01211278141977e-12 8.51188008965664e-12 2.28927987677707e-14 1.11022302462516e-16 1.11022302462516e-17 0 0 0 4.44089209850063e-17 0 0 0 0 0 0 1.11022302462516e-17 2.22044604925031e-17 0 2.22044604925031e-17 1.22124532708767e-16
8.88517037722636e-11 3.93711729884672e-12 2.38069230995563e-11 1.29373073365358e-09 8.25454330710684e-07 5.60586670871999e-05 4.56220440355537e-05 0.000371209021250252 1.80623653667222e-07 8.67089455791614e-10 2.49391616247152e-09 5.7095261851714e-11 7.31270599629852e-13 3.38299388502605e-12 3.96238597488718e-13 2.4404733789396e-11 2.72758815533791e-11 1.24669652379339e-10 6.01226272389788e-07 8.39915050176998e-08 1.6564345678427e-07 3.8465329366133e-09 5.65023782761465e-07 0.486881049184988 0.795813886402051 1.33278668101866e-08 2.257807274475e-11 1.48103751484996e-14 1.11022302462516e-17 0 0 0 0 0 0 0 1.11022302462516e-17 0 1.11022302462516e-17 6.66133814775094e-17 1.11022302462516e-16 7.99360577730113e-16 1.77635683940025e-16 1.66533453693773e-16
5.55111512312578e-14 2.65532040799599e-13 1.84023507543429e-10 4.92068686841485e-07 0.000105983818866662 1.64141202141366e-07 9.15036287851834e-09 1.4638673162537e-09 1.31427524419081e-10 2.08687467306845e-10 7.10587144681085e-12 5.70796743204483e-12 1.68399738598168e-12 3.56858986805264e-13 1.09348086141381e-12 2.14327444680862e-12 1.08944742116535e-11 2.39834208048961e-10 8.17396161867379e-10 4.68405092490798e-11 1.37391751775517e-07 9.56793422268731e-09 1.24364220141615e-05 8.97370186493163e-05 0.043434156745024 2.58701224886693e-09 3.75605768709875e-11 4.07056610640666e-12 5.55111512312578e-17 0 0 0 0 0 0 0 0 8.88178419700125e-17 1.7874590696465e-15 2.90878432451791e-15 9.99200722162641e-17 2.22044604925031e-17 0 0
1.6224799281872e-13 2.9157809500191e-11 1.81391427434008e-09 9.81786263953843e-08 9.48311624004994e-08 2.33276276073724e-10 1.66931579670404e-11 2.20473528322884e-11 2.72803724055137e-10 2.39703812354719e-12 1.10810027820207e-11 5.48119105658884e-11 4.9112935940343e-12 7.18780590602819e-13 5.41483524685304e-12 1.42586720208726e-11 7.03616276354069e-11 2.21526208488143e-10 1.4444031526395e-10 1.99232852438058e-12 7.58498486241876e-11 1.6152228810018e-08 1.7960525626215e-05 6.90718238161025e-10 3.39911332414289e-09 1.75351066999951e-11 3.37507799486048e-15 6.66133814775094e-17 0 0 0 0 1.11022302462516e-17 0 0 0 0 0 1.11022302462516e-17 0 0 0 0 0
6.83363143849647e-11 8.93602303264629e-11 1.32310395972723e-10 1.40212008670204e-10 1.07445496944081e-11 6.55431264817707e-13 1.52448054180354e-12 2.58544297082608e-12 8.8280494026094e-13 7.19855286490656e-12 3.39437145058241e-11 4.09814404633835e-12 5.63569191314173e-12 1.32515332040839e-11 6.72128019907348e-11 1.94306370993047e-10 8.25093815493005e-10 2.93373917381601e-08 5.62999566411371e-08 9.76230873916961e-11 3.0337954370907e-13 1.03284159003181e-11 2.02112770963936e-12 1.4477308241112e-14 1.4299672557172e-14 4.68070027181966e-14 6.66133814775094e-17 0 0 0 0 0 0 0 0 0 0 0 0 0 0 0 0 0
3.27515792264421e-14 5.41899858319539e-14 9.98978677557716e-14 1.83231207984136e-13 8.89222029343273e-13 1.09992015495664e-12 1.21858079182857e-13 3.35176331134335e-13 2.48061571284097e-12 6.1332838807715e-11 7.4883876877152e-12 4.17077483660933e-12 6.80512757256224e-11 4.51868442663539e-10 4.02870414806245e-10 2.24177032492889e-10 4.44233394514271e-10 3.9355297909438e-10 1.50092316353323e-10 5.13175362204521e-09 1.06215036765889e-13 3.19744231092045e-15 4.9960036108132e-16 4.44089209850063e-17 1.11022302462516e-17 3.33066907387547e-17 0 0 0 0 0 0 0 0 0 0 0 0 0 0 0 0 0 0
4.32986979603811e-16 1.11022302462516e-16 3.44169137633799e-16 8.4821039081362e-15 1.4344081478157e-14 1.17461596005342e-14 3.70481423317415e-14 5.03053154687905e-13 1.83914106166583e-11 1.01458841328395e-11 1.14549147944842e-11 6.20207218915425e-12 2.79058554042422e-11 1.18945586713437e-10 1.7147100406234e-10 7.23456072826423e-11 1.19257159703068e-11 3.09870018533331e-11 4.8343107295068e-12 6.78003320153664e-11 5.56177326416218e-12 1.0325074129014e-15 5.55111512312578e-17 8.88178419700125e-17 9.99200722162641e-17 1.06213926542864e-12 1.11022302462516e-17 0 0 0 0 0 0 0 0 0 0 0 0 0 0 0 0 0
3.33066907387547e-17 4.44089209850063e-17 1.66533453693773e-16 4.21884749357559e-16 4.88498130835069e-15 8.14903700074865e-15 5.14033260401447e-15 2.08607575657993e-12 3.48419626483576e-11 3.36761729613499e-12 8.73745520379998e-13 1.86883619690548e-11 8.83162432074869e-12 1.96246796591026e-11 8.62194760031798e-12 7.87976350835606e-12 2.54347654049525e-12 1.38280498163113e-12 1.08089093231456e-12 1.42962197635654e-11 2.36153319121968e-12 2.5009549986521e-12 1.77635683940025e-16 6.66133814775094e-17 3.512745649914e-14 6.74297284675163e-11 4.44089209850063e-17 0 0 0 0 0 0 0 0 0 0 0 0 0 0 0 0 0
2.22044604925031e-17 0 1.11022302462516e-17 5.55111512312578e-17 1.55431223447522e-16 2.77555756156289e-16 3.93018950717305e-15 4.06241706940591e-13 8.08553224374009e-13 1.77071690643515e-12 2.10860218174957e-12 6.87043755220884e-12 9.88725767925303e-12 1.20902177158655e-12 2.98575608681517e-12 2.97672997362497e-12 7.49045270254101e-13 6.35036467855343e-13 3.94051458130207e-13 2.74110734110877e-12 5.67796920591945e-12 9.76330127855363e-13 5.85087533977458e-15 1.17683640610267e-15 7.16750103713082e-11 4.2216455664601e-09 1.56541446472147e-15 0 0 0 0 0 0 0 0 0 0 0 0 0 0 0 0 0
0 0 1.11022302462516e-17 3.33066907387547e-17 5.55111512312578e-16 1.77635683940025e-16 8.19566636778291e-14 1.07358566481253e-12 5.93169957596729e-13 1.27640120695105e-12 4.0960679292823e-12 1.39014244560087e-11 2.08509209898011e-11 1.14346421220546e-11 4.69463357077871e-12 3.73903130679309e-12 3.94650978563504e-13 3.03623792774488e-13 1.04261044242548e-12 2.1713075781804e-11 1.34664468465218e-10 3.29283267319624e-12 4.55191440096314e-16 1.30517818774933e-13 2.78056466740395e-11 6.03618366401548e-10 2.13373763102709e-13 0 0 0 0 0 0 0 0 0 0 0 0 0 0 0 0 0
