Scripts_&_data/Maxent_result_files_2/B_polaris_2.asc
NCOLS 594 
NROWS 330 
XLLCORNER -15 
YLLCORNER 23 
CELLSIZE 0.166666666666667 
NODATA_value -9999 
[rows 100 to 119 of 330, columns 352 to 395 of 594]
2.33817175285367e-05 6.43636714812601e-05 6.46970163870719e-05 6.87570522131864e-05 5.98276566961431e-05 2.51435900281649e-05 3.10381057715858e-05 2.23326461309625e-05 3.88170750738936e-05 4.50297018687706e-05 5.64322936043027e-05 5.99115248405724e-05 8.03976592578692e-05 7.4685685467557e-05 4.90943550175871e-05 4.40702533524018e-05 2.78954264103959e-05 3.06559594349665e-06 1.0336593163629e-06 5.30493400674459e-06 1.01478241049335e-05 2.10498822525551e-05 2.01521260351001e-05 4.50326196244077e-06 2.17824983224091e-06 3.66028125426965e-05 2.97278494144848e-05 1.53573075294844e-05 1.79331575509423e-05 2.21956936911738e-05 1.56165359840088e-05 1.97593740267621e-05 1.49856975895091e-05 2.04724300658654e-06 5.86258488510794e-06 3.43951938702958e-05 3.19166157169093e-05 4.78688616567524e-05 2.70278195785067e-05 1.3964281151857e-05 2.60337701092794e-05 2.72271167887084e-06 2.54184107717492e-07 5.37322575837607e-06
4.13326287343807e-05 6.12412626651349e-05 6.64820368911023e-05 6.26677852778812e-05 5.02384960782365e-05 4.41913851318532e-05 3.33567153575132e-05 2.48889955855702e-05 6.05720632051998e-06 3.91466695873532e-05 4.7846514826233e-05 3.23148057304934e-05 5.46915667655412e-05 5.48697513295338e-05 4.58937236544443e-05 2.66287031081447e-05 1.32209697767394e-05 2.32776844342197e-06 2.1547968754021e-05 2.32961041547242e-05 4.77321758808102e-05 4.95485925057437e-05 4.9396778922528e-05 4.3159321830899e-05 2.34927023484488e-05 2.31995439207822e-05 2.0774455379069e-05 5.48765135590656e-06 2.00972551283485e-05 3.51153394149151e-05 3.42295165864925e-05 1.85140528628835e-05 9.77087179308001e-06 3.36684415742639e-05 4.39841123807128e-05 4.72448429718497e-05 4.95917865919182e-05 2.81586349046847e-05 8.93113133315637e-06 2.01835547954943e-06 8.86730583715689e-06 3.27158147229056e-05 2.51543877311633e-05 3.19249902531737e-05
4.17078836107976e-05 4.53656362878974e-05 4.57819154689787e-05 3.75011529513358e-05 3.32974204866332e-06 7.59261679945666e-06 3.72540627722628e-05 5.58759322757396e-06 1.4000679811943e-05 1.53685804889392e-05 2.90895301986893e-05 3.23646416291012e-05 3.53081961293356e-05 3.97805915781646e-05 3.04088567645522e-05 2.15122860026895e-05 2.46206300005269e-06 3.9086349261197e-06 2.40900172684633e-05 2.32873496315733e-05 3.46126365002419e-05 3.76527979824459e-05 2.20784460907453e-05 2.42763351707254e-05 1.75527929059172e-05 3.1409645362146e-05 3.12129180201737e-05 1.84404014817119e-05 2.11069037959533e-05 3.01202142509283e-05 1.62823484970431e-05 1.48472302043956e-05 3.66823261721549e-07 1.2137411022195e-05 3.26648494592519e-05 2.59893617112539e-05 1.92264418728882e-05 2.23244883272855e-05 2.53509050708089e-05 1.15998118985772e-06 2.31026935580303e-05 5.21490077517228e-05 4.17225875935401e-05 3.95498074794887e-05
1.49118353419908e-05 2.28885406158952e-05 3.38535259288619e-05 3.63101312359504e-06 5.40420956554044e-06 3.10178921608895e-05 5.81636089123094e-06 6.94393995104292e-06 6.36724812466127e-06 2.54283111644327e-05 2.54653738920751e-05 4.90864264008906e-06 1.12212627982444e-05 2.01950131668127e-05 1.41738346883358e-05 5.80021537288644e-07 3.56866147654955e-07 1.87110862043482e-05 2.44290161390381e-05 1.64693071837974e-05 1.67557841450616e-05 1.58281440690189e-05 1.51081688727572e-05 1.42489341669716e-05 1.90310589005094e-05 2.19051948988636e-05 6.56313172839873e-06 3.36093066835019e-05 1.75168464465969e-05 2.96062818051723e-05 2.14326140849153e-05 1.73732282291894e-05 1.54397815094853e-05 7.81581360342898e-07 2.47428773036518e-05 3.63516453035118e-05 3.89308830563095e-05 3.306636126581e-05 2.64462734776316e-05 1.07814798866457e-06 1.50604208783989e-06 1.13104015781573e-05 4.73536286307308e-06 1.26626836731702e-06
2.30604036914883e-05 1.74179328951141e-05 1.9527679296516e-05 4.1587654891373e-06 4.35708623882647e-06 3.8385452910461e-06 3.28367984820943e-06 4.30876593782159e-06 6.66529252910664e-06 1.27343964777538e-05 1.78907813278784e-05 1.61949854373233e-05 3.7946779059439e-06 3.6550582478867e-06 9.67686521562427e-06 1.33481222235332e-06 7.89789226018911e-06 2.32820053156502e-06 1.46183292144997e-05 1.1208387491024e-05 1.36092505726992e-05 1.00703389762202e-05 1.0797606705637e-05 2.26961814405513e-05 2.60091865129652e-05 1.42675459301245e-05 1.19955191394183e-05 2.06724237614253e-05 4.98358833738166e-06 9.21169890588658e-08 1.74401796812163e-05 1.17712603923792e-05 9.55800219344383e-06 1.74794057329564e-05 2.87113896035862e-06 4.2423384002177e-06 1.30371635805204e-05 1.59500647896493e-05 3.44615721132868e-06 1.79445668436529e-05 4.75581022385541e-07 1.24411921653689e-07 3.6776584337872e-07 1.76892605097123e-07
1.61872470016533e-05 1.77199165136699e-05 1.30732696561608e-05 1.62227136115689e-05 2.45465786974819e-05 1.96988730294834e-05 1.94602406736522e-05 2.61431786384492e-05 2.3056625332174e-05 2.95759293294395e-05 2.76143892733671e-05 1.93712322015926e-05 1.1129956988043e-05 2.57905521152679e-06 1.63239079029154e-05 1.44418540912739e-05 9.17558395485685e-06 4.06886641712845e-06 1.00484236327247e-05 1.08376907519414e-05 1.34487816922046e-05 2.46851532210712e-05 2.42829365561192e-05 8.05284318801114e-06 1.18222103537846e-05 2.31597864512878e-05 2.03559855435742e-05 8.83935385900259e-06 1.07645308162319e-05 1.69020575867762e-05 7.16558504336717e-06 1.26830082535889e-05 2.42981527662778e-05 2.16831872421608e-05 1.9771094139287e-05 3.0282774105217e-06 1.29843051581702e-05 2.51712761382805e-05 1.00420441413007e-05 8.00043312665366e-06 1.77380115928827e-05 1.40109121389287e-06 1.00831406335544e-07 4.26963703503702e-08
4.71092150746699e-06 2.36185389439925e-05 1.64453627803596e-05 1.76256995018775e-05 2.77492064924445e-05 3.00713206343062e-05 1.04406018863301e-05 1.57745905198681e-05 2.4553627554269e-05 2.13212365906656e-05 2.77138630735863e-05 2.73785246463376e-05 2.5317117706436e-05 2.22492300963495e-05 1.79566107817664e-05 1.90322688467859e-05 1.8271861017638e-05 1.08761081492048e-05 9.58525540681876e-06 1.19277932753903e-05 9.82144912313743e-06 1.50291333284258e-05 1.24040064747533e-05 1.21036984410239e-05 8.11889792657894e-06 2.1434088012029e-05 4.73734829711248e-06 2.43141418820869e-06 4.12276604038198e-06 9.46855436723126e-06 8.44623107809639e-07 5.85935922572389e-06 5.22545501553395e-06 1.83950593964255e-05 1.62430681939441e-05 4.8567589715276e-06 1.12899930684307e-06 1.87334148904483e-05 1.63175236025381e-06 1.92343246663285e-08 7.66919654324738e-06 5.57503101390466e-06 7.23928783372685e-06 1.23683531194629e-08
2.28847459766257e-05 1.4414761540138e-05 8.9858039302726e-06 1.49408112520177e-05 1.55764365445066e-05 4.06330984361602e-06 2.60798298086229e-06 5.01271515531698e-06 6.83916093180414e-07 1.37997271849599e-05 1.1923957572435e-05 1.18498794563493e-05 1.04540764823469e-05 1.05265423144374e-05 9.27024145767064e-06 8.94394520400965e-06 8.43414370592654e-06 7.66376542742364e-06 1.67656890880608e-05 1.21766449410643e-05 4.21951697830991e-06 1.67337585423866e-06 2.48987884958751e-06 1.95603687643597e-05 1.93643372767838e-05 2.1369206115196e-05 2.16767068195622e-05 2.1500877210201e-05 2.24388100832584e-05 1.93259683783253e-05 1.8196847577201e-05 1.76159560396627e-05 1.11535526684747e-05 1.63361977229215e-05 1.07162140011496e-05 1.02500177717957e-05 1.54571858729469e-05 2.12763597119192e-05 2.00460411178938e-05 1.16211084332463e-05 4.4282075123192e-06 1.16454110866471e-05 2.79832263458957e-06 8.39845031350706e-06
1.51575097333989e-05 1.60370755793338e-05 9.17890068876659e-06 9.32239507704935e-06 1.18372725410154e-05 1.67146066701207e-05 1.83978224868042e-05 1.58549900334037e-05 2.13525787330582e-05 1.34327891373687e-05 1.07958491753379e-05 9.12490600057936e-06 8.4203653386794e-06 7.84491580816393e-06 1.47581121836993e-05 1.03029977026381e-05 9.87855553375994e-06 1.32910622141935e-05 8.01156991201424e-06 1.81044400505925e-05 1.79429986019386e-05 1.13844078441616e-05 1.0788289159791e-05 1.81109059667506e-05 1.95361955775297e-05 2.25789131036436e-05 2.20057551814534e-05 1.36606590331212e-05 1.94953312529833e-05 1.77994927071268e-05 1.020468414481e-05 1.57183774263103e-05 1.56985048761271e-05 1.53707923800539e-05 1.54227695020381e-05 1.62943621830891e-05 1.88563418760168e-05 8.84459491317102e-06 1.45836253977905e-05 3.10312207147945e-06 2.35460987823899e-05 2.06683556825737e-05 2.61423151641793e-05 2.62458226643503e-05
2.06310578505509e-05 1.77699058440339e-05 4.64020487811467e-06 1.89974412933225e-05 2.13196754430101e-05 3.04432731354609e-05 2.93606044579064e-05 2.38521714891249e-05 1.59228174197779e-05 1.65686330092285e-05 8.64980531787296e-06 1.04538758250783e-05 1.67092962328752e-05 1.23460999247982e-05 2.41706861743296e-05 1.95851042917639e-05 1.78545480594039e-05 1.55975970756117e-05 1.84478156825207e-05 2.166237873098e-05 2.17113657527079e-05 2.03608276933664e-05 1.78780199803441e-05 1.06970363049186e-05 1.92629998309712e-05 1.95253870515444e-05 1.96150495867187e-05 1.84993412858603e-05 1.25070482226874e-05 1.2089831875528e-05 1.78258691903466e-05 1.88614176295232e-05 1.93783013855864e-05 1.62275282491464e-05 1.04151241202999e-05 9.91272902410856e-06 1.37832009386329e-05 1.65213751188276e-05 2.12867076697876e-05 2.2257183402985e-06 1.77030541181011e-05 1.81954989329824e-05 8.57484076277615e-06 4.49689246693197e-06
4.37619907245335e-06 1.97096910596883e-05 1.88993190022302e-05 2.16664158870117e-05 3.20123720484844e-05 2.72187543487234e-05 2.28989003517199e-05 2.39278896515316e-05 2.02026190891047e-05 1.1888496692336e-05 1.82529987796443e-05 9.81502757895214e-06 1.23552959166773e-05 2.01205931261939e-05 1.80951416041353e-05 1.63679096431224e-05 1.75433291587979e-05 1.59552828336018e-05 1.56212020556268e-05 2.09958473533334e-05 2.39756048358686e-05 2.34705495358867e-05 2.04760855012864e-05 1.55316944528749e-05 1.8220290166937e-05 1.11693653025213e-05 2.09747629924095e-05 1.94955656752427e-05 1.89009671885287e-05 1.86276703971089e-05 1.96888529899297e-05 2.1634359836753e-05 1.61261532412027e-05 1.48752206769132e-05 9.70971507285867e-06 9.75742948412517e-06 1.75679983840382e-05 1.46577989198704e-05 1.49306850289577e-05 1.45699260428955e-05 1.26832424484746e-05 7.4499486345303e-06 1.21370742363069e-05 1.69749038377631e-05
1.66620900472481e-05 1.48047893617331e-05 1.52279785652354e-05 1.63787643032265e-05 1.7713781699058e-05 2.00155343918595e-05 2.0805628173548e-05 2.09305946555105e-05 2.04259205020207e-05 1.91042028745869e-05 9.30692372094199e-06 9.20017487260338e-06 1.48648322010558e-05 1.07682293446487e-05 1.67920373769448e-05 1.75680808297329e-05 1.57628134729748e-05 9.26468478610332e-06 1.31662885451078e-05 1.57804542141093e-05 1.84729130978667e-05 1.77468147285253e-05 1.57233218942565e-05 1.78277659415471e-05 1.09470229745057e-05 1.41514443839696e-05 1.65480839768861e-05 1.87149552402843e-05 1.02101743777894e-05 1.69723986346071e-05 1.70762023117277e-05 1.11782340809441e-05 8.98601533663168e-06 1.44584354984545e-05 9.52003997554129e-06 9.17876770927251e-06 1.18856545668677e-05 1.56518242874881e-05 1.4303697298601e-05 1.36116344492621e-05 8.99485808076861e-06 8.59132444475108e-06 3.54334260919131e-06 8.46574312163284e-06
1.25896011468285e-05 1.25453100054074e-05 1.59528429776401e-05 1.58528531301272e-05 1.44930750138883e-05 1.44435124639131e-05 1.46104020132043e-05 1.58269622716034e-05 1.76063971593976e-05 1.67018472893687e-05 1.56945905928296e-05 1.53786852024496e-05 1.51727776483312e-05 1.55404272845772e-05 1.60256848175777e-05 1.60800633238978e-05 1.50611819663027e-05 8.48014369694283e-06 8.13585932064598e-06 1.33162087422534e-05 1.79258377556835e-05 1.84049219114968e-05 1.60843379035214e-05 2.05309703687817e-05 1.3090782067593e-05 8.92135171852715e-06 1.35292067625414e-05 8.5346370951811e-06 7.8289106113516e-06 9.78332782324287e-06 1.33515846755472e-05 7.39954941764154e-06 6.33944332548708e-06 1.16563521260105e-05 7.3501068072801e-06 7.7519781598312e-06 6.03946102728514e-06 6.75468447752792e-06 1.15977114091947e-05 1.42077391501516e-05 8.0586220292389e-06 9.70694029547303e-06 5.63641159487815e-06 3.63628320769749e-06
1.22954271319031e-05 1.20937201700144e-05 1.23556628295773e-05 1.31489488012448e-05 1.58483488576167e-05 1.41486337042807e-05 1.41991112286632e-05 1.45325578614575e-05 1.37918957989314e-05 1.46717316965805e-05 1.48944199736434e-05 1.10179858438642e-05 1.41671759593009e-05 8.23110117380565e-06 1.03551183201489e-05 1.19390127110819e-05 9.7383956244812e-06 8.85996048509696e-06 1.21851424864872e-05 7.86457710546529e-06 7.68215768403024e-06 1.15714507501252e-05 1.43780162034091e-05 1.43927861245174e-05 7.41956548608869e-06 7.51407462757925e-06 7.57143059217924e-06 1.19787169751362e-05 1.08677733805962e-05 1.41068207085482e-05 1.09082957351347e-05 5.79581128477003e-06 6.43516681293477e-06 7.92377118159493e-06 5.08409578969804e-06 8.66594737090054e-06 9.94587524019153e-06 5.39140363571278e-06 5.14614881694797e-06 7.29566538666404e-06 7.84233609465446e-06 5.32719637931223e-06 5.26908246456514e-06 6.25587742888456e-06
1.23903385429003e-05 1.21480273719499e-05 1.09799655092502e-05 7.93604936006886e-06 9.25731410461594e-06 1.24706774386141e-05 1.315525814789e-05 1.15770479169441e-05 1.11288415610034e-05 1.2824420537072e-05 1.24941969716019e-05 6.3223354004549e-06 6.26799472911443e-06 6.42145359961432e-06 5.87467277455289e-06 5.39620987183298e-06 6.56975203128241e-06 1.60669859724294e-05 2.72880902230099e-05 6.16089700997691e-06 6.4893678882072e-06 5.95277734873889e-06 6.39646806348537e-06 1.22642758469738e-05 7.41369324259722e-06 9.58944167450682e-06 7.33438396309793e-06 6.21932250624013e-06 6.02002089635789e-06 1.14271024813206e-05 9.54299903241918e-06 7.12367630057997e-06 4.13711107967174e-06 4.72517309617615e-06 4.67127414367496e-06 5.54024040866352e-06 7.37376196866535e-06 5.01838708260038e-06 4.89666074372508e-06 3.66905072723966e-06 4.27725524332345e-06 5.3527572049461e-06 5.26278619190634e-06 1.17527689127428e-06
1.28585589663999e-05 1.25921356357139e-05 1.28034526824194e-05 1.04022958112182e-05 6.42392118379576e-06 5.68328528061102e-06 6.68896827846766e-06 5.77799427219361e-06 5.94535594018453e-06 5.96007163267132e-06 7.45113829907496e-06 4.25273958626349e-06 7.10043850631337e-06 4.84421713053962e-06 7.84642388680368e-06 7.3347026727788e-06 4.87144395719952e-06 7.6842334237881e-06 4.89181683178685e-06 8.77021664109634e-06 8.68986576278985e-06 6.30002297157262e-06 6.93616093485616e-06 6.3625407165091e-06 7.95403159372654e-06 8.25020297270385e-06 8.99195676993259e-06 9.49013083300088e-06 5.33498271124699e-06 7.95615421793627e-06 6.03442224473838e-06 5.16609619580777e-06 8.44042010612611e-06 4.41208704842211e-06 5.85962691275199e-06 2.74993887501296e-06 3.74239048142044e-06 5.42831819529965e-06 6.01047534019017e-06 1.38202345283389e-06 6.05098759933753e-06 5.5107223943196e-06 4.10137212156769e-06 4.45341064505556e-06
8.6228786585707e-06 7.82838992563484e-06 4.86359822389204e-06 8.45718705022591e-06 8.35011026083521e-06 4.73080896199463e-06 5.54331799094143e-06 5.27015906754968e-06 4.3138030036971e-06 7.37485165700491e-06 5.70522699945286e-06 3.42123628911395e-06 3.78217945922188e-06 4.39516469441514e-06 7.17321390766301e-06 7.78335627273918e-06 6.49615234351586e-06 5.33773853703679e-06 6.73835349971341e-06 1.07184667058391e-05 6.04897705898111e-06 6.27272654583067e-06 5.93591298638785e-06 9.51624144818197e-06 6.22423949607764e-06 5.5351710557261e-06 1.45752290791279e-05 2.85511568108632e-05 1.05344967323617e-05 8.00256343609362e-06 6.78512571994361e-06 1.24259145621863e-06 8.51124094225497e-07 1.12313267436548e-05 4.82538609958283e-06 6.88533596644447e-06 3.71874569182751e-07 3.0930853654354e-06 6.66983363544205e-06 3.02588638305679e-06 5.6630464769114e-06 4.41132002606537e-06 4.12658878303773e-06 4.34437530429932e-06
4.97215137329476e-06 5.09869746565528e-06 4.73676099090881e-06 5.46214052974392e-06 6.02909633471427e-06 3.95966449673324e-06 6.44743305429074e-06 3.40586199740756e-06 3.48392271121156e-06 5.07197520391856e-06 3.60525312999016e-06 9.3615492914978e-06 5.37845899089007e-06 3.71273401924554e-06 6.37728928722936e-06 4.27156995783662e-06 4.95759774139515e-06 6.71215516376833e-06 5.20209588330545e-06 5.55454197410654e-06 8.88687691258383e-06 6.57108059840539e-06 1.01218049167073e-05 1.9797655295406e-05 1.44691339301062e-05 1.77349489604239e-05 2.79540967312641e-05 4.66955403680913e-05 9.33222556795954e-06 5.88750321028897e-07 5.69688056657469e-06 7.15505700554786e-06 1.03714847682568e-05 6.42590821371414e-06 3.35083939262404e-06 6.47512034674946e-06 7.20265129530162e-06 4.2477248484829e-06 3.13926148578503e-06 5.8563153970681e-06 9.81304065135191e-06 1.27907009300543e-05 1.05989201529155e-05 1.78628688900062e-05
2.63975904886138e-06 2.43786257101419e-06 4.75799428159007e-06 4.95486974614323e-06 3.49642205037526e-06 3.84527405685731e-06 3.29222312984712e-06 4.11506986210952e-06 4.86213116346335e-06 2.59340558841359e-06 3.32177819473145e-06 3.76549096472445e-06 4.29504124213054e-06 3.10099316607193e-06 4.55563474588416e-06 4.65039879600226e-06 5.78087265239446e-06 6.01790518430789e-06 4.18323655821951e-06 4.60533489103909e-06 7.74880872995709e-06 5.63658416012913e-06 9.27044825402845e-06 9.20436609703756e-06 5.76260978277787e-06 5.90860348665956e-06 8.4818364257444e-06 5.38671902319265e-06 9.63230907302659e-07 2.22044224074125e-06 6.02973266268236e-06 6.38624594557768e-06 3.65174130365631e-06 3.56569966015741e-06 4.24429724716902e-06 3.49063301428032e-06 3.55885903786657e-06 4.86758444822044e-06 1.26982507481443e-05 1.07479585949477e-05 7.28121185602504e-06 9.62373903803382e-06 8.10219141840207e-06 1.29623490010999e-05
2.52564583433923e-06 2.2157668837508e-06 1.24567709960388e-06 8.26238975193405e-07 2.28602478387074e-06 2.68808023520251e-06 3.2706155593587e-06 3.89413735319977e-06 3.93470869539669e-06 3.5280434303786e-06 3.05099187585256e-06 6.90639349159028e-06 4.75198019103118e-06 5.07848610595829e-06 3.57633816747693e-06 2.71832187195287e-06 4.46498536348372e-06 4.58158806395659e-06 5.13817275304973e-06 5.90851655033475e-06 3.53581486365329e-06 3.22960204357514e-06 4.46930657744815e-06 2.92012312002043e-06 4.15491485910025e-06 2.82181438819862e-06 4.35131887570606e-06 2.73659323966058e-06 5.59796538723845e-07 3.56644460453026e-06 2.80446790839051e-06 3.88015383805396e-06 4.24336246851453e-06 4.03742430989951e-06 4.54375905292181e-06 7.5507791734708e-06 1.17714729640284e-05 3.00851887914177e-05 1.97359659978247e-05 8.43740986056218e-06 5.9229725707155e-06 5.58819878051509e-06 8.05335178029054e-06 7.51217426113726e-06
