Scripts_&_data/Maxent_result_files_2/B_polaris_2.asc
NCOLS 594 
NROWS 330 
XLLCORNER -15 
YLLCORNER 23 
CELLSIZE 0.166666666666667 
NODATA_value -9999 
[rows 160 to 179 of 330, columns 396 to 439 of 594]
1.7592897139096e-10 2.08519468358759e-10 8.43137837325258e-10 8.83327810896617e-10 1.75936540891541e-09 3.60624108353136e-10 1.14296605513431e-10 1.71271452575894e-10 1.15372822406812e-10 1.47397172245434e-10 1.10484377202624e-10 1.74587655443759e-10 1.9895520786406e-10 1.50514811725344e-10 9.09462882781043e-10 4.05274180881321e-10 1.36754967350328e-09 1.96401572782889e-10 1.55671553425663e-10 9.5451568871141e-11 9.65811919328985e-10 6.00201965905711e-10 4.20345058760319e-10 1.68215819051909e-10 2.40251696315141e-10 3.34272831636895e-10 4.67482097477046e-10 4.66467198201315e-10 3.6108551704217e-10 2.57264354264208e-10 2.57769861011781e-10 8.65101146274583e-09 2.1121433047e-09 3.31470528802669e-10 1.55528437795205e-08 2.86469176158377e-09 1.04481361340447e-08 8.37839645440042e-09 1.70087364192995e-08 2.91469663848964e-08 4.02098293550424e-08 5.02775770794273e-08 6.11904717895406e-08 3.57380271154284e-08
1.20182963581072e-10 9.23989507128908e-10 8.92277929320784e-10 6.75567379815334e-11 1.01540131858258e-10 7.56429474613185e-11 1.24884136365466e-10 1.65690272613261e-10 1.44756862052731e-10 1.42235156985748e-10 1.08269659904181e-10 9.43065625591544e-11 7.93337728843824e-11 1.54976464994405e-10 2.06020212001334e-10 1.08007625065909e-10 4.86512496955527e-11 4.90995133439753e-11 1.00169972316877e-10 4.27445856487907e-11 8.19260548290401e-11 1.66017377623007e-10 5.77700831616568e-10 1.95379135092821e-10 2.01124916721085e-10 2.57400212255732e-10 1.93589089203527e-10 2.3442667806961e-10 4.03520183933637e-10 3.48576334463502e-10 6.09381622940219e-10 4.66874860993727e-10 2.20828522135008e-10 2.56250654029344e-10 1.32672105079834e-08 1.26129520494622e-08 1.04668856915069e-08 1.31113904178193e-09 8.28864998858592e-10 1.0288964846783e-08 1.17228870166741e-08 1.17667860344284e-08 1.2462499254795e-09 1.4308821905118e-09
8.71049232742394e-11 2.88669765868832e-10 4.03028166395814e-11 3.89971055447802e-11 6.71054101175628e-11 7.20759008032701e-11 7.19254655834334e-11 8.8291629563031e-11 7.53920925689044e-11 1.28068600169229e-10 8.98892849043875e-11 6.3754845847086e-11 4.70326777524122e-11 7.08432090767985e-11 1.02845121308093e-10 9.79022418690079e-11 5.77484726704824e-11 3.37725514221177e-11 4.73680317192304e-11 3.53002960196136e-11 1.40192313313747e-10 1.82307424712036e-10 6.85344225814788e-11 1.21098897576388e-10 2.03101124807148e-10 1.65198554835655e-10 2.59540178237927e-10 1.61123814290676e-10 2.25015084343028e-10 1.66662794676142e-10 2.1333548261282e-10 2.38383968120814e-10 5.71935432347459e-10 2.87884405203442e-10 2.5999883357386e-10 1.77024514935731e-08 1.40085769761988e-08 6.06787209367354e-10 5.49187140208574e-10 1.14610381962699e-08 6.53894131286137e-08 4.9097386678465e-08 1.76308370458678e-08 2.73462270605762e-09
1.80362080826058e-10 3.06734171395817e-10 3.75952158293558e-11 3.78489795060943e-11 4.11517153686702e-11 3.87957443948039e-11 4.38125202784079e-11 4.13758582951118e-11 4.95690044566288e-11 4.89078222365436e-11 5.73184277818939e-11 5.95707594364114e-11 4.15004475229352e-11 3.96154442583452e-11 3.99125066330441e-11 4.69459693341889e-11 6.53892273660972e-11 4.59235316441209e-11 6.04480132615493e-11 7.48123452076754e-11 8.7026641448773e-11 7.17179760023612e-11 4.2905823338657e-11 4.03219901912166e-11 4.95742558115353e-11 1.18723642028584e-10 1.17290155365879e-10 1.49220891199064e-10 1.91529103688026e-10 1.32681532427625e-10 1.15296650005092e-10 1.06864272986229e-10 9.74837210954149e-11 1.03106068127801e-10 1.3946160892786e-10 2.46527607217217e-09 1.25475596246538e-08 6.19644002775033e-10 1.01975082822392e-09 1.85110995420956e-09 2.47068321357347e-09 3.37478914813616e-09 4.62261003919551e-09 3.76169568827578e-09
2.07984907074632e-10 2.69285926890461e-11 2.62478372370367e-11 1.00571329042509e-11 7.9219464321767e-11 2.47855180823819e-11 2.54315568604113e-11 2.61879518070884e-11 2.81057288553654e-11 3.26040416886997e-11 3.39128836124303e-11 3.29757221528837e-11 3.97249566574942e-11 4.04619893146219e-11 4.10957268215384e-11 3.4764480183469e-11 3.17039727804058e-11 3.55646734284676e-11 5.51816259353188e-11 7.54589835061381e-11 1.11085196596861e-10 7.49084794193777e-11 4.96955476769756e-11 5.40206102073171e-11 5.52066281578334e-11 3.79829390162456e-11 1.17149923095639e-10 1.82715886865026e-10 2.03890770933413e-10 2.09464023903649e-10 1.53507107025774e-10 1.60686941530486e-10 9.03777608307621e-11 1.02921782207943e-10 7.58302309833425e-11 7.35164262799515e-11 3.1535543065786e-10 6.42289899044357e-10 2.91319535161705e-10 3.41823769289817e-10 2.88890489308358e-10 1.89321154309141e-09 1.6248727252588e-09 2.01647933906202e-09
6.46516395974572e-11 1.92943550025859e-11 1.84448567530637e-11 2.31164865027722e-11 2.81148326841674e-11 2.10234163411371e-11 1.80718329190199e-11 1.75252035106155e-11 1.85445769851356e-11 1.89944726614044e-11 2.17497575505377e-11 2.30995444994164e-11 2.42725395338539e-11 2.58320809187751e-11 2.88254975444602e-11 2.82241563454022e-11 3.65709795779878e-11 3.55666829321422e-11 3.70974806429558e-11 4.33520552789446e-11 5.1260462541336e-11 6.64616250922734e-11 9.36272837037677e-11 6.7323002728159e-11 5.12874520630646e-11 5.01059971291795e-11 3.81125131454496e-11 7.08969327689601e-11 1.06895670093365e-10 1.14584408628104e-10 1.70445568770106e-10 1.13457876427248e-10 1.17182419323569e-10 1.3223718786648e-10 1.05483011214602e-10 8.12231504276895e-11 7.99823984820591e-11 1.3582598379358e-10 1.3115878383374e-10 2.99044955465178e-10 7.23613591269157e-10 9.69761204672182e-10 7.11176306733563e-10 1.36633088176907e-09
3.78199915829214e-11 2.70288569304e-11 1.3942735854755e-11 1.43885459102933e-11 1.38714928432648e-11 1.49274148597556e-11 1.3659329223259e-11 1.37440614444984e-11 9.17607101413864e-12 1.4058421093921e-11 1.48270618005597e-11 1.52153400989619e-11 1.87843074428429e-11 1.78681958118432e-11 1.65275682029176e-11 1.13539400103946e-11 1.84663395685902e-11 2.22818541395498e-11 3.19079540567202e-11 3.30641292123346e-11 4.08262423867711e-11 3.91756516116004e-11 5.88850079807912e-11 5.3303261804416e-11 5.88179505101039e-11 6.48007425496644e-11 4.36034985895617e-11 4.49618120512696e-11 6.81093181853498e-11 5.45485323577566e-11 9.02818930725857e-11 4.82336726115307e-11 6.64429844476899e-11 1.19398102516044e-10 1.34388977723887e-10 1.19045573399035e-10 1.24873322793206e-10 2.19759055397617e-10 9.89140769291907e-11 1.93663496350638e-10 2.56403009935013e-10 6.59595089658183e-10 9.11863007324598e-10 8.25633428291894e-10
1.26407440070864e-11 2.55142906802064e-11 1.38477562749983e-11 9.44594402696453e-12 9.87304682453782e-12 9.83916281782626e-12 1.05598640942617e-11 1.11462838958687e-11 1.02505448573709e-11 1.10073283821066e-11 1.07062136933678e-11 1.08395736830857e-11 7.98472399310413e-12 1.01972208454981e-11 1.15664700039986e-11 1.2801770754578e-11 1.37327260674169e-11 1.72129532849397e-11 2.10957362689612e-11 2.13881357069567e-11 2.63623678442571e-11 2.66544231131149e-11 2.54610110772546e-11 2.91967561238948e-11 4.4046788438834e-11 6.96916302445061e-11 4.88534657172579e-11 3.53238105432752e-11 3.30021343586395e-11 2.47854625712307e-11 3.98408528390348e-11 3.46352502234026e-11 5.611944242645e-11 5.01477082082147e-11 7.6815043215106e-11 1.22385379608403e-10 9.62960711170524e-11 6.49501674665487e-11 7.40572714263976e-11 1.3321737046823e-10 1.89796056648817e-10 3.69065344951736e-10 5.10293074462709e-10 4.04475464232945e-10
8.97114604825333e-12 4.60556037751303e-12 1.06901154595107e-11 6.93479718094636e-12 6.68547439630629e-12 7.09794445441503e-12 7.17594872412519e-12 6.95918878079738e-12 7.65306706895785e-12 7.88230591908246e-12 7.35681515706688e-12 7.55907558769309e-12 7.41096073397784e-12 7.60405072242065e-12 7.70010721851122e-12 8.73698891012964e-12 9.45310496547336e-12 9.73847669172301e-12 9.47295575315366e-12 1.36679445539301e-11 1.67524327743251e-11 2.11310635656048e-11 1.58091428836826e-11 2.47486031668132e-11 3.66844554733348e-11 3.94150045934794e-11 3.67775476739496e-11 2.99307578721653e-11 3.55285911801673e-11 4.09083322772119e-11 3.9027259202129e-11 3.03389646738594e-11 3.07654346443087e-11 5.40347988575718e-11 5.62040192164659e-11 7.25137838664125e-11 8.52369397286168e-11 7.21280035698158e-11 4.56504833934446e-11 6.79061917807644e-11 1.37284594803333e-10 1.82395298864435e-10 3.3016313016887e-10 2.859118386489e-10
5.89632787040273e-12 5.2214232937331e-12 5.14690512432026e-12 3.7031711030977e-12 4.54200010935324e-12 5.23968646248818e-12 5.69494451596597e-12 5.39808198141145e-12 5.54708501354639e-12 3.98319155436866e-12 3.92964549789099e-12 4.5871417775345e-12 4.26739754644245e-12 4.49524861778627e-12 4.98379115754233e-12 5.3123283549894e-12 5.81782400033148e-12 6.06044103790282e-12 7.37154781660365e-12 9.57286472313967e-12 1.30333521752846e-11 1.492310719442e-11 9.24528231749378e-12 9.19324616432959e-12 1.51110013391076e-11 2.23955187728109e-11 2.80696910159861e-11 3.02346037095447e-11 3.51919715591009e-11 4.14633993806035e-11 4.5680215166044e-11 4.19345891344847e-11 3.46076833857012e-11 3.3276992272846e-11 5.61482416117087e-11 7.13090253512405e-11 6.43499920016666e-11 4.0004566326246e-11 4.15917300600199e-11 5.63337376746631e-11 7.93447418878657e-11 1.31640653933118e-10 1.81870951632135e-10 1.11921261147785e-10
3.35816929819543e-12 3.40703021350919e-12 3.23946425240251e-12 3.68570729492035e-12 2.93993718258889e-12 2.75379719028024e-12 2.51646481430612e-12 2.81702439153264e-12 2.25665042208334e-12 1.99836813763454e-12 2.45009568189403e-12 2.58728594104696e-12 2.64330779486954e-12 3.75274256114722e-12 3.58794105537186e-12 3.73311381807184e-12 3.88261645056787e-12 3.55944163032973e-12 3.88863385936133e-12 4.8258619322894e-12 8.76324568466202e-12 1.25344845613995e-11 8.72973915377884e-12 9.09536890247864e-12 1.31882060827593e-11 1.04673603118499e-11 1.55099821874671e-11 1.82012183103097e-11 2.17803997060173e-11 3.00407143605241e-11 2.70517830358585e-11 3.20546589271942e-11 3.34072214336345e-11 3.32418537141166e-11 3.49751005934706e-11 3.91427557033808e-11 3.85557807902614e-11 4.07689437764702e-11 3.06253800097522e-11 3.72245567703544e-11 4.28015178854935e-11 8.39177061173757e-11 8.66697602575073e-11 6.23197160543043e-11
2.20576890086477e-12 2.24585905428398e-12 2.37990738227722e-12 2.31278329820839e-12 2.49553711029193e-12 1.68746128181851e-12 1.59015023371012e-12 1.47830636620938e-12 1.45907730342287e-12 1.51203494169749e-12 1.77542425205957e-12 1.60057522791135e-12 1.55767621023983e-12 2.03642658291869e-12 2.88423729344345e-12 1.99779082166174e-12 2.25964802424983e-12 2.27908802941101e-12 3.49631434914954e-12 4.78412864879374e-12 5.75645087153021e-12 6.3366978331203e-12 6.3477889611363e-12 6.53543885675845e-12 6.69798660979382e-12 8.06613664749989e-12 6.36355412808598e-12 1.00457087093275e-11 1.07320041742298e-11 1.77228454134593e-11 1.30466415448893e-11 1.17547083178238e-11 1.56527457662037e-11 2.0677248802059e-11 1.70238489971553e-11 2.47584175383508e-11 2.05801709007858e-11 2.6389868068577e-11 3.34563154957834e-11 2.70129918433781e-11 3.22886273274037e-11 3.04608449575028e-11 6.41240838206159e-11 8.2875761808765e-11
1.49367185287019e-12 1.44545486691072e-12 1.34036115539971e-12 1.34857680578193e-12 1.34271482821191e-12 1.62639901546413e-12 9.84168302409216e-13 1.03329567124888e-12 9.6490593293197e-13 1.05524478044572e-12 1.05873088074304e-12 1.11595177543222e-12 9.67159685671959e-13 1.39105393870409e-12 1.23312471345116e-12 1.31989974505586e-12 1.52929890973041e-12 1.71065384080293e-12 2.39046560324141e-12 2.89599455527423e-12 4.02506916685752e-12 3.2251312731546e-12 4.16061629593401e-12 5.1435300463254e-12 4.95854468596235e-12 5.27056176480301e-12 5.82626169531864e-12 6.00011151874469e-12 6.6675220899981e-12 6.37137009817934e-12 5.90113513609936e-12 1.05422670593214e-11 1.04268926826023e-11 9.37628863439954e-12 1.17789888953723e-11 1.7225909587637e-11 1.35361166719861e-11 1.62375668466552e-11 1.37375222308833e-11 1.03766106818171e-11 1.10881637205296e-11 1.88591253724724e-11 4.63481142354283e-11 5.0075044111253e-11
1.15776277453961e-12 1.10500497640942e-12 1.01859631840284e-12 9.07884878387222e-13 9.18665143956332e-13 8.2128748246646e-13 7.44682093767324e-13 7.72737429599601e-13 7.23765491983386e-13 7.66764429727118e-13 7.56306128835149e-13 8.95816754109546e-13 9.21140941301246e-13 9.94970772438819e-13 9.29223364920517e-13 8.67361737988404e-13 1.0006551143249e-12 1.0852208021106e-12 1.50890411276805e-12 1.90897297969173e-12 3.41364714273595e-12 2.9997559991557e-12 9.73787717128971e-13 5.9651172890085e-13 3.04841707432502e-12 4.89068785469726e-12 6.22832896368664e-12 6.65935084853686e-12 7.8001272107997e-12 5.81092951534856e-12 5.54596368829152e-12 4.9898085663358e-12 5.87389026307505e-12 7.74444952611475e-12 1.01839758848143e-11 1.22983179196012e-11 6.07770500593574e-12 7.9846462774924e-12 8.15552070321246e-12 7.60856933013088e-12 6.70210553721517e-12 1.01337271907198e-11 1.5517864770942e-11 1.18774989843473e-11
9.29989418807509e-13 8.70714611522771e-13 7.44915240602495e-13 7.29760696316362e-13 7.01727564944576e-13 6.64268640093724e-13 5.89861492983346e-13 6.00419713947531e-13 5.80879788714128e-13 5.33439958871895e-13 4.97402119492563e-13 4.61253257810768e-13 5.84854387142286e-13 8.05167044148902e-13 7.89224241515285e-13 1.02748920483009e-12 1.03865804845782e-12 8.35498337181662e-13 1.02594599482586e-12 9.0196738966597e-13 1.20075061005309e-12 2.1228907520765e-12 3.87978538185507e-13 2.95097279945367e-13 1.48753231954402e-12 1.75314207595534e-12 2.66520139291515e-12 2.66680011407061e-12 3.43535200286738e-12 4.96037655395298e-12 6.26030338679584e-12 4.04449806978846e-12 5.51793055691974e-12 6.99887925392773e-12 7.87637732813096e-12 7.1082362218533e-12 6.15354434074788e-12 6.90381085632907e-12 5.56987789224195e-12 6.39567288018839e-12 4.94255747440775e-12 5.56517054661754e-12 4.73114880605863e-12 4.56604754006662e-12
9.47619760438556e-13 7.80808750988626e-13 6.43818331980128e-13 5.71875879984418e-13 5.89905901904331e-13 6.0089710984812e-13 5.32807131747859e-13 4.55135928945083e-13 4.11781719833471e-13 3.62188057323465e-13 4.04187794345034e-13 4.01967348295784e-13 5.40678612992451e-13 5.73141534232491e-13 5.87563331322372e-13 6.12454531534468e-13 4.45854464459217e-13 5.14954745511886e-13 7.83140219340339e-13 8.94617713242951e-13 8.55981951985996e-13 1.28169697077851e-12 1.62416746718463e-12 1.4434342610059e-12 1.03429487197104e-12 1.09640074796857e-12 2.19935181178244e-13 1.93548510551977e-12 2.87259105391513e-12 3.91606747029982e-12 4.64038807379552e-12 3.84025033994817e-12 5.05963049235447e-12 5.59621238238606e-12 6.71559474696437e-12 5.01522157136947e-12 1.17023057910615e-12 6.33822994089428e-12 5.20724574570863e-12 6.06733552288574e-12 3.48217010781582e-12 2.78613798698757e-12 2.35580444041261e-12 3.73652220275744e-12
7.2096772996133e-13 6.67055299885533e-13 5.54778445405191e-13 5.54245538353371e-13 5.61928281683777e-13 9.06719144211365e-14 4.57411886145564e-13 3.76854103478763e-13 3.48998607790918e-13 2.91899837634446e-13 2.83018053437445e-13 2.5889290711234e-13 3.21664916924647e-13 4.10882439183524e-13 4.13125089693267e-13 3.67894603670038e-13 3.37385674953339e-13 4.17599288482506e-13 5.71453995235061e-13 7.12851999651321e-13 7.11763981087188e-13 1.00905950262131e-12 1.53150825354942e-12 1.2032486118585e-12 1.03456132549695e-12 1.40064626563685e-12 1.57176494042233e-12 1.53086432419514e-12 2.72495359610048e-12 1.98451255428722e-12 1.85980120193108e-12 2.59853250028641e-12 2.83824075353323e-12 3.82286424738254e-12 6.20853368715757e-12 5.19838616597212e-12 2.46452858121415e-12 4.42119674204378e-12 7.99726951328239e-13 3.38241656905325e-12 2.45732323378434e-12 2.04494199351757e-12 2.19168017068228e-12 3.1013192014484e-12
6.31739105472207e-13 5.59829960167235e-13 5.54489787418788e-13 5.69355673718519e-13 5.66047209105136e-13 4.92383911421257e-13 4.72288874675542e-14 3.29458682557515e-13 3.27604610106391e-13 2.81585865735678e-13 2.37843078565447e-13 2.03470573723052e-13 2.05868655456243e-13 2.51065834788733e-13 2.42028619368284e-13 2.43993714121871e-13 2.72870614992371e-13 2.93587376631876e-13 3.74500430666558e-13 4.61020110975596e-13 4.59754456727524e-13 4.68103333872705e-13 4.63706850695189e-13 6.60349552816797e-13 7.56417151137612e-13 1.10379483331258e-12 1.94262383956811e-12 1.5777823492158e-12 1.20869980690941e-12 2.38342678926529e-13 1.74396053154169e-12 2.27210472658612e-12 2.62718735655199e-12 3.1272651135339e-12 4.2899239716121e-12 4.59701166022342e-12 3.41742190101968e-12 5.84532422465145e-12 8.30446822419617e-13 2.89883672621727e-12 2.14773754336761e-12 1.76709757937488e-12 1.76830772247172e-12 2.66657806946569e-12
5.64182034423766e-13 5.20850029772646e-13 5.6754601018838e-13 5.66546809466217e-13 5.19839726820237e-13 4.55535609233948e-13 3.63220564736366e-13 2.9304336734981e-13 2.45792275421763e-13 2.24165130902065e-13 1.99262828459723e-13 1.88704607495538e-13 1.70108371833066e-13 1.76891834513526e-13 1.88848936488739e-13 1.87050375188846e-13 2.11231032665182e-13 2.43571829372513e-13 2.78821410404362e-13 3.05233616160194e-13 3.45656836486796e-13 3.40261152587118e-13 3.3859581805018e-13 3.43147732451143e-13 4.27713420236842e-13 7.87414577985146e-13 1.37410083311806e-12 1.56874513379535e-13 4.67248462143743e-13 1.10406128683849e-12 1.91806570626341e-12 2.22658558257649e-12 3.04396507999627e-12 2.8904656446116e-12 2.28769225785186e-12 2.88606916143408e-12 4.44055903159324e-13 7.02726765666739e-13 2.25915952611899e-12 1.57180934934331e-12 1.45711220866929e-12 1.4941048398498e-12 1.46727074934461e-12 1.98850935717587e-12
5.4598547905016e-13 5.42865752350963e-13 6.71873667812406e-13 6.3092864266423e-13 4.91806595448452e-13 4.22351043027902e-13 3.36941585743489e-13 2.69118061169138e-13 2.07966976972784e-13 1.82975856688472e-13 1.65900626569737e-13 1.50612855520649e-13 1.46693768243722e-13 1.57229784747415e-13 1.58351110002286e-13 1.73572267669897e-13 1.74249503714918e-13 1.99051886085044e-13 2.3706592244821e-13 2.97784019664959e-13 2.8993474288086e-13 3.30535598891402e-13 4.11970457747657e-13 3.75532938079459e-13 3.67461616690434e-13 3.94717591944982e-13 4.82358597508892e-13 5.46418466029763e-13 7.62212515326155e-13 8.60922444445578e-13 1.18575149699041e-12 1.53810297831569e-12 1.68627334318217e-12 1.42665879110382e-12 1.36231026459654e-12 1.90778504105538e-12 2.37035946426545e-12 2.50492959708026e-12 1.85915727257679e-12 1.32275301822915e-12 1.11348708031755e-12 1.01507691141478e-12 9.82347536648831e-13 1.16079368339683e-12
