Scripts_&_data/Maxent_result_files_2/B_portschinsky_2.asc
NCOLS 594 
NROWS 330 
XLLCORNER -15 
YLLCORNER 23 
CELLSIZE 0.166666666666667 
NODATA_value -9999 
[rows 80 to 99 of 330, columns 360 to 404 of 594]
7.75136049924185e-05 0.00186171703226137 4.35115869976244e-05 1.53736590505105e-05 5.4123359109326e-05 0.000271846994337466 0.000806603128086181 0.00013816464828551 7.28980301914817e-05 4.87169623511363e-05 0.000117912645191609 0.000440979659344976 0.000646301098959157 0.00162013818098785 0.000485910623137897 0.000346946721811037 0.00089208832496297 0.000308784926272665 0.00045187402403144 8.78074067230728e-05 6.82361074780147e-05 6.04936309628101e-05 2.63067139371742e-05 1.18623534433482e-05 5.42815683246545e-07 1.5513784639154e-07 1.67242247783861e-06 1.41262755022353e-06 0.000671823315133224 1.87084823721761e-07 1.3701236807151e-05 2.44448647768181e-08 7.49150321865955e-07 4.46353257700594e-05 1.08172493128222e-05 2.65113422543095e-05 2.10666799091541e-05 2.55469487314031e-05 8.04372474476622e-05 1.2213520093951e-06 0.00190163145671249 0.000179878327980987 2.48872602526262e-06 6.12649402853549e-07 2.51144643925727e-06
1.94500172710832e-05 0.000134517148944724 0.000139584098269552 0.000540043345176855 0.000138896294811275 2.18891656800224e-05 0.000136779764392259 0.000590021440768851 0.00011401877929984 7.48814218809457e-06 5.56442093738951e-05 0.00173391496759905 0.000287661685629814 0.000387931221234794 0.000684896766233578 0.000310559234736729 0.000218001266921419 0.000322049704251981 0.000248119364074739 0.000131317942325637 0.000176205856647016 0.000107320108509157 0.000223096361736452 0.000104531262510221 4.60819415053493e-06 2.09430500746066e-06 1.52670655317877e-07 6.92682469605188e-08 1.0314166814851e-06 8.49338498198904e-07 2.70164231652714e-08 1.58494627822137e-07 2.40995926992227e-08 3.12685014733916e-06 0.00126879433719296 1.03185127727556e-05 0.000174140887065732 0.000117774800429515 8.84006477406274e-05 7.35162747020013e-05 9.6825611933582e-06 0.000198422229948392 0.000951656472898321 8.04186206437407e-05 0.000178660104836581
2.55954755289167e-05 0.000298705763009366 0.000178360839311154 0.000162097849829479 0.000179939570898568 0.000353381168480382 0.000307749997909923 7.98168993043191e-05 0.000132599530957123 8.05257971592255e-05 0.000223123901560029 0.000766345740032648 0.000265799773826814 0.000363688771153647 0.000131708666651775 0.000161593249194425 0.000311939727578192 0.00015059890295106 0.000537933849182082 3.21647174985173e-05 3.77579595465249e-05 0.000273216763434903 0.000111322110531376 0.000146379038130817 1.18338124508455e-05 3.74510244682824e-06 3.44659774142997e-07 4.57013107819648e-06 6.43873499228675e-07 2.32905447603571e-06 2.25203998471812e-07 3.97069233940783e-05 2.18867067616202e-06 0.000343217495174031 7.52765276047285e-05 0.000733230465266388 0.000214623294004923 0.00146154755566386 1.37964902307885e-05 2.99988348928082e-05 2.26292622329538e-06 1.37141872130542e-05 3.50511605518022e-06 0.00168396694025432 0.000208947898545375
1.11271880882668e-06 1.94376512965277e-06 0.000420309857042866 0.000771471740063134 0.000295935277017634 0.000812051490174781 0.000611977722542179 0.000542522059822659 0.000209404061266127 0.000244281524567214 0.00446212411948181 1.71076681397153e-05 0.000240051312670175 0.000322461269968244 0.000423706796425449 0.000335205279975526 0.000336076494340887 0.000399839628943255 0.000717930228995556 0.000394032351903206 0.000136413749605424 0.000310262176321885 9.90236573727543e-05 0.000191168827927868 9.60066834991835e-06 4.40044664173911e-07 0.00017957519646643 2.88382306564472e-05 1.81099840489196e-05 6.05420277821622e-07 4.71339407965843e-06 2.51815263901278e-05 4.17282716654199e-05 0.000162572770224756 0.000143651205038964 4.10383059488595e-05 4.01406504352053e-05 4.75686184699953e-06 1.55857266079806e-06 0.000190953734079358 0.000167999356597193 2.83492536468088e-06 1.25333419909168e-07 1.82526383127879e-06 0.000285895426736715
3.53764257511102e-05 0.00021809030712916 0.000797425822156583 0.00148713986759503 0.00169742527896233 0.00831521199143026 0.00153969371394851 0.00111902948815441 0.00360613158900378 0.000772515325570566 0.000536710209803459 0.00023369407351197 0.000189881131660741 0.000138739382015274 0.000821997160255705 0.000407001779785787 0.000125428233877756 0.000509911891094816 0.00196734439377906 6.16461143181368e-05 0.00180538693366543 0.00014554272369196 5.54564757067055e-06 2.01412299944082e-05 6.3100751125944e-05 0.000134574854965308 0.000155179221860635 1.23294335168111e-06 2.10979945393319e-05 1.23488483723122e-06 1.44357051567567e-05 4.25917357858907e-05 3.23791975361587e-05 0.000717964049800912 3.42747696450374e-05 0.000277947865242822 0.000150078783269691 1.00345483694753e-05 1.13685472612701e-05 0.00013242695787028 0.000152981863334389 0.000114865086970894 1.48601276805493e-05 2.50736298141874e-06 2.60976662787016e-06
0.000238092017875147 0.00253111670444923 0.000257935609809579 0.000318241195407154 0.000970083230185992 0.00103775837051217 0.00401039742064313 0.000622522001447123 0.000168696928358258 0.00163062375831942 0.000671811359370622 0.000547634690769883 0.000226899501205935 1.5373935124785e-05 3.14919192078378e-05 0.00016492821337124 6.15103489451485e-05 1.90740882970886e-05 0.000280870689675794 0.000236492228941643 0.000114182149232533 9.09984870361313e-05 3.12774841972896e-06 0.000362583748392353 0.000117754450656093 0.000219172936186851 3.37500314685713e-05 4.81418175013459e-06 8.09347706081098e-06 3.35850660171388e-07 4.70626203536995e-06 0.000157936887603682 5.10154957595432e-05 0.000125603167475674 0.000104554472181917 0.000645001099837828 0.000237338863917103 7.04801265214883e-05 0.000864583838847466 0.000146993634825776 0.000221749098349733 2.13897418589681e-05 1.36063289204458e-06 7.24785002681472e-08 5.94126784108084e-06
2.01499575609887e-05 0.000186537639183371 0.000307923952664169 0.000385312670891835 0.000686599765322171 0.000171707186444792 2.28833177800425e-05 2.21757632402841e-05 4.09277770700101e-05 0.000464901279815422 0.00112197831429057 0.0303699127951404 3.10027125323131e-06 6.4698175599176e-07 6.28859799576276e-06 5.17033276594248e-05 0.00183979948801607 0.000248333484785235 9.9787196353418e-05 1.90228659278091e-06 6.27341003962556e-06 0.00036309421795977 8.33665485970414e-05 2.3298020678908e-06 3.65721140838104e-06 3.59857851890411e-06 0.000175729382175405 0.0142437395945308 0.00173919094486337 0.000256881383927521 0.000356398602377794 6.90436614206647e-05 3.3894816465363e-05 0.000116284348121098 1.33033991971843e-05 1.64304382565206e-05 0.000109651433513136 0.000102819761002593 0.000262895332980406 0.00011033188870897 0.00106050264894293 2.0163172860066e-05 1.28032186665905e-06 1.48210094437218e-06 6.82144113284267e-07
7.93910982793022e-05 0.000226691625852027 0.000366343211499043 2.74691385584447e-06 0.000242160583661644 0.000163739525800111 0.000242228238175812 0.000114620225826911 0.000240030403369929 0.000196006012208727 0.000257695861864704 9.08204198935891e-05 4.297066073633e-07 1.0306758109202e-07 4.97079986061522e-09 1.75724703510571e-07 1.17119226331397e-05 0.000386515647232954 6.85600118401908e-06 1.43812507835683e-07 1.67391475116574e-06 5.02478670449946e-08 8.43276036334828e-05 4.25966485266827e-05 0.000134984689543671 5.10868540516185e-05 1.29643341480801e-05 0.000105340580174129 0.00166951801693358 0.00155768828990404 0.000777586501999394 0.00030137945396973 0.000142757205605903 0.000141048873274485 4.78968122166634e-05 0.00267431863394449 6.47397776447178e-05 0.00347421896804008 0.0192019277965301 0.000443071236259129 0.000598792387609137 0.00136984080454567 0.00151506155525567 2.24486137312851e-05 1.00401965994479e-06
0.000545469847838831 0.000436897599547592 8.46974202204365e-06 3.15975351441011e-05 4.77031085779345e-06 0.000141790110819784 0.000271210309529124 0.000324343377178593 6.6387515749966e-05 6.97082051829057e-05 3.836706028153e-05 0.000106631179755823 0.00301559887266194 6.20274110190167e-06 3.77299168349055e-05 1.79150027292962e-05 9.27449440268902e-05 0.000394867950399203 0.000213487228347731 1.30973583623017e-06 6.98065377835455e-08 1.03021826518557e-06 1.21797190608675e-06 4.05080846483941e-06 2.76874260407567e-06 4.05366304704557e-05 1.88017945937702e-05 6.42219291194124e-05 4.64710398091483e-06 0.000304008164448533 0.00012969748750038 3.92678097796306e-05 0.000104253616757433 0.000224398996215314 0.000610946060805873 0.000193300408636787 0.011509966542144 0.000398032780094582 0.0115402358729625 0.000714351767965127 3.0530361266301e-05 0.00142582376429345 0.000172761639441887 2.55391497461233e-07 4.69623772687555e-06
0.000296552461213651 0.000452572699714437 0.00111606307864349 0.000231230031627661 0.000320053567998002 0.000403486919930174 0.000198103730849652 0.000271415819202048 0.000334895143737413 9.94462233620652e-05 0.000262709905507563 0.000283336974530357 0.00020276478227288 0.000270186209070289 7.65242797115206e-05 0.000126873886392787 2.01621605366853e-07 0.000116094393365529 4.27364401756059e-08 2.14952482679109e-05 8.18288372101961e-06 3.12216333897553e-09 7.71848570613187e-09 6.52316906979422e-07 1.3970013810205e-07 2.23465908959497e-06 1.26388504497754e-05 4.86743164003656e-05 2.8802280723994e-05 8.88508083107808e-05 3.51715275428433e-05 1.01382920671966e-06 1.4080924497506e-06 1.21529427232758e-06 0.000655939490025048 0.000248816356315729 1.77928814650841e-05 9.44728489216118e-08 2.2945483807435e-07 2.71106801452703e-09 3.31896398808595e-08 5.57102484890493e-05 0.00135682459367672 0.000632050417698338 0.000419606389186811
0.000447918031068184 0.000511611232832365 0.000370525924904541 0.000338017057742945 0.000304158491599082 0.000268131854068088 5.69673986428043e-08 0.000313632314168899 0.000248489139517005 0.000648231199738802 0.000498592871372239 0.000284966448293744 0.000264544562628544 0.000283870332054903 0.000525790131109716 2.45826315790509e-05 7.05489720473906e-06 0.0021710577992053 1.74251980070039e-05 0.000174598771968704 0.000189903573971151 4.94597786371287e-07 4.92126372653168e-08 8.96463073774001e-09 4.83805479012389e-09 2.35091526246123e-09 9.02732444352239e-11 1.01684039632843e-08 7.07030760382921e-08 3.53773585515249e-07 0.000253946338398237 0.00833742554641503 0.00267382055171765 3.75797285414592e-05 8.00821049584677e-08 0.000298912112793914 0.00163040570441808 9.57897747866809e-05 2.03063547814963e-05 0.00059453520225361 3.93463019463525e-05 1.98849379557942e-06 9.1370301325e-09 3.36120582801414e-05 0.000673912711317826
0.000381836254859991 0.000122727214602492 0.000490833513890721 0.000242323184102133 2.61866935488797e-05 1.10751247007101e-05 0.000294204846068169 2.22030390887085e-05 8.04322019348547e-05 4.52845208656072e-05 0.000144366787458239 0.00023650741925394 0.000271741746087173 0.000323464806342599 0.000269645451783163 0.000170769782289426 0.000261638330403002 6.17691964180267e-05 0.00871828529197955 0.00243708885245724 0.000353498935328389 3.1132931086475e-07 2.22798114393186e-06 2.47381600915197e-07 8.07830516924568e-09 7.06824676566242e-10 1.55482747898894e-08 1.01452758416443e-09 2.32507280095717e-10 5.83262504960658e-10 5.83982440183206e-10 3.34144391871405e-06 3.48600283572864e-07 1.10884282378265e-05 1.04548616377542e-05 0.00174722377560101 2.20622355527667e-05 5.48770445334412e-06 2.86038106356301e-07 4.51188108874234e-07 1.37954381045802e-05 4.07265575859128e-05 6.05650799343493e-06 2.60364845132699e-06 9.814437521527e-06
7.83664052317334e-08 7.21570063433319e-07 0.000177047404577024 3.67681407009712e-07 4.63749866241869e-06 3.38998004565383e-06 0.000255802521292026 0.000183339282102679 4.27641496344222e-05 0.000423830929912583 0.000278616464515835 8.0143144214162e-05 2.74043281024205e-05 0.000286808153009588 0.000380904930511861 0.000313857114701932 0.000299879864837749 0.000572714744134828 0.00519314039047458 0.00035304838547745 0.0199247260199627 2.26630276983997e-05 5.09573320872647e-08 8.77183382597124e-09 7.69746193451937e-09 1.00445440853747e-08 2.1374331504731e-08 1.61795921105323e-10 5.32885513493397e-11 2.73948974616189e-11 1.65447322508783e-11 7.42333208458845e-08 3.33093968074572e-08 9.55983722406018e-08 1.84658042456931e-06 1.20365590050575e-08 1.28352819483979e-09 1.04537112299852e-10 7.55597061585789e-09 1.57146530754826e-07 0.000215899844624801 0.00165637893951498 3.28557768625615e-05 1.38196161403314e-08 1.00849969486561e-09
3.65329504425915e-09 1.66617309094175e-07 7.67997743178483e-10 3.37681127504652e-10 4.7988176454794e-08 0.000123465693354774 0.000141391671490965 0.000158130851718852 5.29466494981534e-05 0.000334528809003132 0.000243418403783835 1.73545925690632e-05 0.000127017034674282 0.000345176369819455 0.000332490257585505 0.000297522627533908 0.000310851020412883 0.000182162617102222 0.000641233527403529 1.39264302920772e-06 1.88738182671511e-07 3.68933562526763e-06 6.55690125972441e-08 2.04654331525944e-07 3.39369485957697e-08 8.00793309441161e-10 4.71512162647514e-11 3.28366223101284e-11 7.22257476049037e-11 2.69630429095002e-11 5.20993914676637e-10 2.14465774028838e-09 1.75712466798927e-09 2.61527958178576e-09 8.41503264759069e-07 2.81664222390177e-08 1.67134617257148e-10 2.60770282811684e-08 9.13075255404294e-09 2.05651985474287e-07 0.000109659288318653 0.000675022283394355 2.56522559849426e-07 2.60961975158125e-06 7.91903932317872e-08
8.35671110932523e-07 3.98497557174693e-10 3.98040989058046e-10 1.27829924423395e-10 4.60094176979453e-08 0.000175628444685572 0.000330762649718963 0.000342257336740204 0.000323091882069093 0.00109372425686161 0.000469888022848863 0.000352935087119022 0.000303262453076059 0.000430685174444534 0.000353285236030842 0.000338608932622719 0.000317926656623513 0.000333341555756306 0.000320973785142087 0.000398138662285419 1.283974756916e-05 2.08542496049624e-08 1.95456917317927e-10 5.59722557191833e-10 2.28973567995006e-08 7.38746197548323e-10 3.07516345721126e-11 1.42406419989527e-11 3.02180769296001e-10 6.86303902597274e-10 2.15523565660902e-10 3.32499981992029e-09 1.44269400870201e-09 6.70261368740377e-08 6.60005325947566e-09 3.83559504157915e-09 7.14252834654872e-10 3.50973547225131e-08 7.64604455305573e-09 1.52427844213321e-06 1.52685220022875e-09 9.40873068455694e-08 1.3305975044009e-08 0.000104880816627428 2.301001651972e-06
0.00041710994701134 9.68532449796555e-09 1.09157916039493e-09 1.23961434450592e-09 1.57615465123939e-09 3.47994244531691e-10 7.70757209167527e-09 3.1820868762189e-08 6.09915595695121e-08 4.55894996420625e-08 0.000361139690676282 0.000211726664156231 0.00032844992133505 0.000335723696309742 0.000384148793091299 0.000324920079344793 0.000335125266860814 2.11744226419341e-07 0.000303157005168941 6.70457493745502e-08 2.40960925435019e-08 3.05546345891194e-08 3.28435397767279e-09 5.86484744991012e-08 7.19365621515422e-09 1.94168118139437e-08 1.80010971684297e-09 8.45943152527617e-08 2.49773924654306e-07 2.44178453012722e-09 6.73862297073668e-09 3.81818960004665e-08 1.02081475034765e-05 9.60016161011268e-09 7.113024058647e-10 4.11033507230485e-10 1.1921215126165e-10 4.39185576794898e-11 6.43386921517219e-10 3.47289180746557e-09 7.03996278939023e-08 1.93395495173831e-09 7.93930442277713e-07 2.33895179462706e-05 1.45360025456398e-06
3.14987880223327e-10 0.0025017083135026 2.00341547462735e-08 1.53162576066457e-08 4.13138341892605e-07 2.09799933594823e-06 5.66372598820308e-09 1.30412925125611e-08 1.64664546553617e-08 7.9653228457488e-11 6.95437244457864e-09 4.6788127816555e-10 6.12196735438886e-07 3.6620046754976e-07 3.33723982492984e-07 5.64570434180567e-08 2.45214238359104e-08 1.68671764555484e-06 1.1406546597259e-07 3.6419091853368e-09 6.11596370214684e-09 6.01540817157797e-11 6.09521544348013e-11 2.48915221767732e-11 7.5322192927274e-11 2.51263454487116e-11 2.65042987557251e-11 3.45250439348632e-10 2.23852897329735e-09 3.30353733257738e-10 3.6947356285566e-11 1.71087712885765e-09 6.27102083594622e-09 1.26500054431489e-08 9.15671451995337e-09 3.23292103757922e-05 2.46674537907055e-08 3.00859047230873e-08 2.18909015248236e-08 5.47806771833415e-08 1.261819141396e-07 1.40811049487155e-09 4.00582314910025e-06 5.88449965754911e-08 6.87087021944421e-07
3.15637552872339e-08 2.02368206325687e-07 3.0418648293562e-06 2.81018367331853e-05 0.00149063143544481 2.62543450491037e-07 3.31672742959199e-05 3.69503856179065e-08 4.55635492668804e-09 4.93328443553764e-05 2.05312781476064e-07 1.75001956637111e-07 1.92441961255341e-09 5.23380583317135e-10 8.5817686290568e-11 1.75339964769705e-11 6.91703028188328e-11 4.08790223893618e-11 5.68886715512917e-11 1.29314207120146e-09 1.6964944438147e-08 7.09811348698075e-08 8.54662118854321e-10 4.63294402841541e-11 4.83799666994855e-11 8.75245209641662e-11 2.5677615589359e-11 9.3504756160101e-10 2.23935695653488e-08 2.22826102014295e-10 3.07751379935439e-11 5.93349147592903e-11 9.9292352118141e-12 3.42089467864071e-11 2.17040090566556e-08 5.22535182012618e-08 1.01449596390246e-07 1.61995402647719e-09 3.89004707335161e-09 1.3782093200021e-07 6.0991516503961e-09 2.17717377459792e-09 3.02848477962137e-08 1.32406540853669e-07 5.32061772418047e-10
4.59830729049315e-11 5.98079274993779e-10 4.36772285006271e-11 4.36466085496079e-11 1.00148306791947e-07 7.49007350275832e-07 0.0413433989859186 2.41741336159951e-07 2.42635288971726e-08 0.000619593723149592 2.75425646396599e-06 2.91000890051407e-10 8.12633627056414e-11 1.53525747670358e-11 1.6315371276221e-11 1.66520575106688e-11 1.06451214509917e-10 3.45293349468534e-10 1.17225786855357e-09 6.85640466713267e-06 7.07238532515753e-08 1.49919105540963e-07 1.10487108351265e-10 2.77247491631272e-10 1.38560918294672e-10 2.01443861591599e-11 1.99328997751991e-11 1.97772020982256e-11 3.42731631963744e-10 2.54556153933549e-11 1.17520215781042e-11 8.62377280697046e-11 1.90230498020583e-11 3.0385471916361e-11 2.53673562711221e-08 4.243217799349e-09 6.37106950529542e-09 1.18746058963559e-07 2.50336511442573e-07 4.24117139186109e-09 5.49905209146218e-09 9.25490215575309e-09 2.1571742447879e-08 2.29576933818976e-07 1.65083393177667e-08
2.33019270545753e-11 5.75111847034293e-11 3.64596464130784e-11 2.01924921228169e-11 1.92884042071739e-11 3.27457505555628e-11 6.2007488033089e-11 3.0322613320255e-08 9.3600310678621e-06 1.27447355030563e-06 9.64400588387981e-08 1.92065125059759e-07 1.25364585379373e-10 8.05444599905059e-11 2.95726704235832e-09 1.11071851716105e-10 1.02142518554338e-08 2.07695554976794e-08 3.79877018730212e-11 9.83902378459689e-09 8.49222488996659e-09 2.53487908441485e-10 6.14457706937799e-11 1.62822033633603e-10 1.13480280727885e-10 1.5504835193525e-10 4.05566580319316e-11 1.95793647961295e-10 2.62696531194706e-11 1.33928534928884e-11 5.36564459530098e-11 1.29477872867767e-11 1.01331720792075e-11 4.47036301309822e-09 1.71849554586601e-09 2.05384820262111e-11 3.16371151498629e-11 4.0271375123524e-11 1.8390633460541e-11 5.08073250138352e-11 1.49045615849275e-09 3.26813535123094e-09 2.39391544667455e-06 5.37969580818753e-05 7.20135670739808e-07
