Scripts_&_data/Maxent_result_files_2/B_polaris_2.asc
NCOLS 594 
NROWS 330 
XLLCORNER -15 
YLLCORNER 23 
CELLSIZE 0.166666666666667 
NODATA_value -9999 
[rows 260 to 279 of 330, columns 528 to 571 of 594]
6.37112584911392e-12 5.97272231672719e-12 4.55080417793852e-13 1.00850324058488e-07 2.50027057946411e-09 3.49942297361849e-13 4.49886650155662e-09 1.56419321939438e-12 9.62374624435824e-13 2.13408125713244e-06 6.38551830434153e-06 3.8534667140766e-06 1.103065367829e-05 0.000703238397545647 0.000408291659550741 0.000499422282155137 4.87539988967001e-06 1.07781462332923e-06 9.82686324757509e-08 1.68031207614661e-07 9.84821796112811e-08 1.90321105630886e-07 4.35457476477552e-07 2.56200360149172e-07 3.10343059872764e-07 3.91729314763722e-07 4.57070766657353e-07 7.32315378559889e-08 5.15044789395347e-07 1.22361154875072e-08 3.82722468050822e-08 1.74923933116133e-07 1.34974299181856e-08 2.18476008617685e-08 3.60853314340659e-08 3.07040431191119e-08 3.15778918902332e-08 6.22486147627832e-08 7.20002305776291e-08 9.12492676530263e-08 1.39554281985976e-07 1.30929327479823e-07 2.14300995970973e-07 3.25680339052781e-07
9.38726874011309e-13 1.80133685745432e-13 3.38007399847129e-13 9.59676782485985e-14 2.67619260085894e-13 2.06523901313815e-09 1.10886855253511e-12 1.36836098008075e-12 6.85673740008497e-13 3.00948821418956e-11 9.66952683478795e-09 0.00021303164139681 0.00112867265161185 0.000911931313021341 0.000789074756903574 4.66475594294025e-05 2.77351174986507e-06 7.95963006794409e-07 3.85518492862502e-07 1.66684195246347e-07 2.0401508713519e-07 1.44014500325085e-07 1.44819454872547e-07 1.01029761339078e-06 3.81714491481944e-07 2.18660351258837e-07 2.13021390216284e-07 3.30447480312301e-07 1.15676498069206e-06 3.69749313477996e-07 3.79661119542796e-08 3.02814718899924e-07 4.0508523635463e-08 1.29411244387256e-08 2.38550520892389e-08 1.08058744774375e-07 4.03357719891417e-08 4.12300905083818e-08 3.5345480609017e-08 1.49545150263108e-08 3.10072292286634e-08 4.0868569350927e-08 3.57850560961381e-08 1.63679649944903e-08
1.45727874212298e-13 2.31463737065951e-12 2.26707541628457e-14 4.36961578031969e-13 1.06713526903945e-12 5.57764190389776e-10 8.49094905741588e-07 3.84281495513505e-13 9.90140969214792e-11 1.0216287815723e-10 3.51872656567664e-09 4.85389017867988e-10 9.26284044453496e-06 3.05923784935658e-05 0.00111489779083058 0.00169706556480378 7.84214793384308e-05 2.66269468625069e-06 2.61693612628733e-06 1.04433814129834e-06 7.53132192699013e-07 6.43025074609227e-07 7.88926273997959e-07 2.98311834967535e-07 2.74254032639476e-07 1.36725666965987e-07 1.35737846349571e-06 2.04874428249013e-06 5.37343611739516e-07 1.09445834866051e-06 7.36096334108538e-07 4.12938162064336e-07 4.14190634456801e-08 2.91516694117533e-08 1.29052530373208e-07 6.74505826081528e-08 9.76328374924229e-08 7.04570418785799e-08 5.27564280594639e-08 7.60703012803177e-09 2.05174253631313e-07 1.72698655154235e-08 1.75268018209884e-08 6.69295054933627e-08
1.17905685215192e-14 2.01666461308037e-12 1.85729209789542e-12 5.25612886548288e-13 9.86433157379452e-14 7.60382867781573e-12 2.57040499995753e-11 6.75413058814911e-11 7.02212732406338e-12 5.17558729207224e-10 3.72272845883259e-10 1.50955581368351e-10 8.34121585384651e-06 1.78720235055607e-06 0.000287708027281042 0.000827308240695856 0.000282703693665098 5.50574266526382e-05 8.78000018929015e-06 2.0059933859784e-06 6.49221095727626e-07 3.47787747312367e-07 4.0852177622952e-07 9.30942152166381e-07 1.25321332049566e-06 5.48997359928194e-07 6.05793258046106e-07 9.96742911540949e-09 1.30720640925119e-06 2.55930019654738e-07 1.56945973941447e-06 6.16785855456214e-07 4.06578133116398e-07 6.31939458983766e-08 1.86478494090814e-08 3.97951464448099e-08 5.0185867295216e-08 6.61537336688056e-08 1.19543285048707e-08 6.95965105768082e-08 4.02451886394317e-07 1.29696046902161e-08 6.73587231103667e-08 1.95851626072496e-07
9.18598530574854e-14 3.25514060151022e-12 6.71213085112754e-12 1.00897068477934e-13 2.18071116719898e-12 3.92956878147999e-10 3.02180493960691e-09 8.00843314996413e-09 0.000728464327403344 9.87985693257087e-10 5.54789336693062e-10 2.49515741401751e-10 1.06424450363463e-09 1.14561039543659e-09 0.000171732838680327 0.000128266893807449 0.00264337137923576 0.0010535266075749 0.000349430862115696 7.30694024468903e-06 9.84132645243108e-07 9.16420444241339e-07 4.93845844928842e-07 1.06689480219302e-06 1.04628824075803e-06 6.96622261742164e-07 2.63088672625145e-06 1.00794043973451e-06 2.43387832887798e-08 1.01671183081464e-06 1.82112451541094e-07 9.54706400690952e-07 9.78921946881428e-07 5.57972388151029e-06 3.40043423752157e-08 2.59584728912188e-07 1.06268999267023e-07 2.48233644839502e-07 2.4244724539102e-08 8.23901237012592e-08 3.07121727827209e-08 1.28066804827576e-08 1.13778003107967e-07 2.71696746700911e-07
1.61204383175573e-14 2.65343302885412e-15 8.30890911629467e-14 8.5353946133182e-14 1.39667277743172e-11 1.87926341155276e-12 2.27576846256738e-12 1.536169413896e-10 3.37275773887313e-06 7.27091809494596e-05 6.83601952822244e-11 5.03996455680777e-10 1.38745159805609e-10 1.82989956520885e-11 2.23608831451116e-09 1.14340975954974e-05 0.000154163403931307 0.000462967161729466 0.000299049504974391 2.04169866492521e-05 2.63966977911423e-06 1.41084286866544e-06 1.00437293681921e-06 7.52955661909027e-07 5.8519161640902e-07 1.52986498562768e-06 1.2858047490738e-06 3.92836976192967e-07 2.3744579692675e-06 2.0996688860464e-06 4.0142165027568e-07 4.85537214767184e-08 2.70243686628646e-07 1.5689013466158e-06 2.0293569241403e-05 6.07184421141937e-06 4.57863573046779e-06 2.17388154908349e-06 1.63417024339196e-06 1.38902036184163e-06 2.7230547265944e-07 5.48617054363376e-07 8.74880110757204e-07 8.15231675943551e-07
5.55111512312578e-16 4.44089209850063e-17 5.10702591327572e-16 1.80966353013901e-15 8.4821039081362e-15 3.10307335382731e-14 6.26454443874991e-13 2.38191577572877e-11 1.01520214568218e-08 0.00153014498355333 1.10596903027727e-05 1.7565912713291e-08 1.66207541063557e-09 2.57534649161784e-10 7.04512448379546e-11 0.000154787135943479 6.1058849532003e-09 4.01449771288753e-05 0.00171159374294803 0.000453879062843043 6.5241358242929e-05 5.85167763347272e-06 1.20742431164444e-06 6.62273342300068e-07 1.08575902402208e-06 5.51336362697441e-07 1.23628952124477e-06 4.27344996278833e-07 1.33134321842476e-06 7.2329185236697e-07 1.80420455109243e-06 1.14286769314909e-07 2.31959818020044e-08 6.21583748028343e-07 1.94246221241201e-06 1.41942291975283e-05 1.35900406945666e-06 7.73174149770739e-07 1.25705323057446e-06 1.25994683486397e-06 7.41223043405625e-06 9.82851368007687e-06 1.03794592831719e-06 9.4530558882866e-07
1.99840144432528e-16 5.55111512312578e-17 4.44089209850063e-17 3.33066907387547e-17 5.55111512312578e-17 1.04360964314765e-15 4.108047235718e-13 1.52062806790809e-12 1.62914459700403e-11 8.08487537917735e-08 5.3967530888599e-09 1.17220372340965e-06 4.28565683678883e-06 2.53023512142292e-09 5.27586046517037e-08 2.41184849869569e-13 8.82794948253718e-12 2.59376053968197e-10 0.00304267314495519 0.00035520006713341 0.000342581406584941 4.17571304751618e-05 7.76345243593823e-06 1.20093771585061e-06 6.60856986733904e-07 1.23271309959705e-06 1.0298287062227e-06 7.74459130781224e-07 4.41701441822318e-07 5.27125605032097e-07 1.13351691553021e-06 1.79534266635528e-06 2.90514764933469e-07 1.4024221328679e-07 4.2420923760389e-07 6.42585284893471e-07 7.50894425749493e-07 1.51673766879412e-06 1.70758378885694e-06 1.71090385663319e-06 1.70474511378416e-06 4.63327440627381e-06 1.03371173381106e-06 9.46768559373368e-07
2.22044604925031e-17 2.22044604925031e-17 1.11022302462516e-17 0 4.44089209850063e-17 1.66533453693773e-16 1.00808250635964e-14 4.88498130835069e-14 1.01696429055664e-14 6.3957728002606e-13 8.41327008060944e-14 1.49912637859018e-11 9.41632327666753e-12 1.46660461552983e-14 6.74538203071506e-13 3.40229289186311e-10 8.6158080669918e-12 1.77974130877168e-08 5.87901115123302e-08 2.67993268323607e-06 0.00229872189229354 0.00022051557461964 2.37514079685752e-05 4.84991205667029e-06 2.23906961025477e-06 1.73798646159185e-06 1.32121335951751e-06 1.06804378887659e-06 7.97660804252587e-07 6.95969044173239e-07 7.41658416103519e-07 3.79594394583904e-07 1.77240764429598e-06 2.88187566468423e-06 9.06829640712203e-07 1.62838944106625e-06 2.59310410766211e-07 6.99740030363216e-08 7.78922370714419e-08 1.07475181854166e-07 1.17540672590621e-06 9.46434382171901e-06 2.25456996417961e-05 9.35778947734889e-06
1.77635683940025e-16 4.44089209850063e-17 1.11022302462516e-17 1.11022302462516e-17 1.11022302462516e-17 1.11022302462516e-17 6.66133814775094e-17 2.1094237467878e-16 1.33226762955019e-16 5.21804821573824e-16 1.4432899320127e-16 2.43138842392909e-15 8.78186412478499e-15 1.0701217689757e-12 5.55111512312578e-17 6.96109836439973e-15 2.39475106411646e-14 6.43396447230771e-11 6.46491283532669e-05 6.7293904885446e-05 3.20282873786937e-06 0.00653505187947303 0.000142366333602695 2.04611391154685e-05 4.16319055887016e-06 1.29525836065625e-06 1.46589151626131e-06 1.38117394570259e-06 9.65462211510726e-07 6.40112547678484e-07 2.02236645174825e-07 3.89119510391112e-07 9.2406295237879e-08 2.0472977567465e-06 1.41019100894368e-06 3.2283229273844e-06 2.08629708851049e-06 2.11951827964185e-06 4.60273437496994e-07 1.1494678262558e-07 1.22007093210641e-06 4.09463859440962e-07 1.78559802407108e-05 4.25214923325257e-06
2.22044604925031e-17 3.33066907387547e-17 0 0 0 0 0 1.11022302462516e-17 1.11022302462516e-17 0 0 2.22044604925031e-17 5.55111512312578e-16 4.67381688906698e-13 1.15577103443343e-11 1.43779568584357e-08 9.2729340872566e-10 2.30587270944049e-07 7.30272184212843e-07 1.6284780208764e-06 5.76055995127334e-08 0.000299849988368806 0.00054616253473796 0.00014924606657587 1.08443571434691e-05 8.53403764722316e-06 1.82230772125536e-06 1.7826990649894e-06 1.17138608626277e-06 5.49995089649258e-07 4.0234886928836e-07 8.21398213020075e-06 9.33463387298161e-07 5.44263944846079e-07 2.15233698668271e-06 2.30843512980528e-06 1.45143505321244e-06 9.08383203324092e-07 1.66626450095464e-06 2.41961338645069e-06 2.31054956145726e-06 1.33433763807034e-06 1.48059496174469e-07 5.07508482128216e-08
9.43689570931383e-16 4.44089209850063e-17 1.11022302462516e-17 0 0 0 0 0 0 0 0 1.11022302462516e-17 1.11022302462516e-17 6.43929354282591e-16 8.40194580575826e-13 9.70321600846091e-12 7.36789953492689e-09 3.031996209657e-10 8.34802227345222e-12 1.4779145640631e-08 5.96964438273062e-06 8.45406746066146e-06 0.000527296599466354 0.000403291716065723 8.4564697863243e-05 1.58245781562982e-05 9.45900286524193e-06 3.2033396067277e-06 1.27459397347707e-06 9.4087162052503e-07 7.26734247447069e-07 2.56610356501596e-06 2.83651942254437e-06 2.99734810482732e-06 6.1917736298156e-07 3.79992277430574e-06 3.8510999530672e-06 8.8023950546301e-07 2.72675214034734e-06 2.00586104597278e-06 1.710846292724e-06 1.41724964493051e-06 1.33875357590796e-06 1.81067840987481e-07
0 0 0 0 0 0 0 0 0 0 0 0 0 1.11022302462516e-17 3.33066907387547e-17 1.99840144432528e-16 1.40998324127395e-15 6.10622663543836e-15 1.79078973872038e-14 1.04448969473481e-09 4.57845656910649e-05 0.00367328325519338 0.000663057304336689 5.5270203120017e-05 0.000178941307240166 9.17676030439907e-05 2.73774391416737e-05 5.76096065287857e-06 4.7484943308973e-06 1.29561778479115e-06 4.55523671549773e-07 4.59025867716178e-07 5.12318510459409e-07 2.95755375816498e-06 1.02245941135948e-06 3.00901344303384e-06 1.33577610021973e-06 1.26107763398497e-07 2.33962246865005e-07 2.09916004081379e-06 1.24937219538879e-06 1.53742918342914e-06 1.52488571956155e-06 1.46733871702054e-06
0 0 0 0 0 0 0 0 0 0 0 0 0 0 0 0 0 3.33066907387547e-17 8.29725177453611e-13 9.56123702433587e-09 1.21865915568842e-06 9.47432930442638e-08 0.00758086659479886 0.00177553225657903 0.00251351720071398 0.00320100378012285 0.000286271832737839 2.854352619579e-05 5.74935846202607e-06 3.70468436869942e-06 2.04047336893609e-06 9.78579878285757e-07 7.75968768795821e-07 3.38852991177419e-06 3.07856786037064e-06 2.40592861355804e-07 2.33283905803905e-07 3.21424989557784e-07 1.97960637593475e-07 2.11643402237005e-07 9.79167535888337e-06 1.4674957213856e-06 1.02468046634385e-06 3.64042454634728e-06
0 0 0 0 0 0 0 0 0 0 0 0 0 0 0 0 0 0 3.33066907387547e-17 6.19282403135912e-14 2.90444757817809e-06 1.92428936763633e-05 6.57434717140859e-05 0.0132618408184499 0.0125859477091581 6.35131209492101e-05 0.00428411837201566 0.000216384878149256 9.42819005729234e-06 6.48965597633833e-06 1.33477103190671e-05 4.80615846782939e-06 1.81148694764488e-06 2.2219891704367e-06 1.34479958546763e-05 1.80584452991184e-06 9.02635889232784e-07 1.64681952554702e-06 1.26296078803989e-06 7.2748389499111e-07 1.87128095918698e-07 8.96269843906339e-06 1.91330672350887e-05 2.77046393648561e-06
0 0 0 0 0 0 0 0 0 0 0 0 0 0 0 0 0 0 0 1.11022302462516e-17 1.77635683940025e-16 1.91546778438578e-13 2.86137090688143e-09 4.22116198564026e-06 3.70145842532033e-08 3.95093891158993e-07 0.00323768857633695 0.00259724690695293 5.20907412010274e-05 1.30983710363353e-05 2.52556975283369e-05 2.37266642443501e-05 4.40553744965655e-05 2.11245999025778e-05 8.20977677449264e-06 4.56720095709517e-07 2.99747756571378e-06 5.29369604578278e-06 3.70153410074181e-06 2.2305106085696e-06 6.81686599524056e-07 1.65912670979651e-06 8.73128593639194e-06 1.2611190413736e-06
0 0 0 0 0 0 0 0 0 0 0 0 0 0 0 0 0 0 1.11022302462516e-17 1.11022302462516e-17 1.11022302462516e-17 2.22044604925031e-17 9.65894031423886e-16 3.03731484407876e-12 4.08503009197148e-11 9.31294186212739e-10 0.0002000025484449 0.0377334650605917 0.00164738386520185 4.76686138654259e-05 2.41450949943101e-05 3.50600130332168e-05 4.19497642269562e-05 1.33562967107537e-05 3.64978160405371e-05 1.02345176856033e-05 4.44840439399741e-06 1.34302201217906e-05 9.90013403452394e-06 9.48615440847789e-06 0.000276582966762362 3.46403721618316e-07 7.99509246007801e-06 1.17186694524207e-05
0 0 0 0 0 0 0 0 0 0 0 0 0 0 0 0 0 0 2.22044604925031e-17 1.11022302462516e-17 1.11022302462516e-17 1.66533453693773e-16 5.88418203051333e-16 2.05391259555654e-15 2.12976303259893e-12 4.14523082525875e-11 1.30987280089201e-07 0.00654190154746175 0.0156725380104035 0.00642684535123408 0.00129541117348708 0.000168652106185618 8.22452167994925e-05 1.37130676080233e-05 0.000117856185806886 2.41782943703583e-05 3.49977716950889e-05 2.14847100551196e-05 1.91496952538728e-05 1.12523853545099e-05 2.36072032066659e-05 4.14939761412825e-05 2.49856746492583e-06 0.000122637237745948
0 0 0 0 0 0 0 0 0 0 0 0 0 0 0 0 0 0 0 2.22044604925031e-17 1.11022302462516e-17 2.77555756156289e-16 2.95319324550292e-15 4.04121180963557e-15 5.17674791922218e-13 2.12176840541645e-09 3.20834948719373e-08 6.91672770347651e-07 4.79519268736794e-10 5.82732827547616e-09 2.77275143076849e-06 0.000462835048347188 6.63938239767958e-05 0.000142292765031016 2.7678258237529e-05 4.97365730552701e-05 5.66830118032158e-05 7.84822832883947e-05 1.2803090268676e-05 1.87086544087833e-05 1.44352500313971e-05 0.000288560249282455 3.07826907203435e-05 0.000154387946440693
0 0 0 0 0 0 0 0 0 0 0 0 0 0 0 0 0 0 0 1.11022302462516e-17 2.22044604925031e-17 3.33066907387547e-17 9.99200722162641e-17 1.51323398256409e-14 1.81214931949114e-11 7.35289606978995e-12 1.93580818041994e-11 1.53749568632122e-11 4.36025751060498e-09 0.0134484501089901 0.0041961157694459 0.000169425271451473 0.00800934254657477 0.000362830373342149 7.36032330109992e-05 6.49907897468438e-05 3.35237768524621e-05 7.13263010538867e-05 0.000176981036202051 3.60623727829079e-05 4.29175752287847e-05 1.74664522575085e-05 0.00567778241820633 0.000485321276210016
