Scripts_&_data/Maxent_result_files_2/B_pratorum_3.asc
NCOLS 594 
NROWS 330 
XLLCORNER -15 
YLLCORNER 23 
CELLSIZE 0.166666666666667 
NODATA_value -9999 
[rows 180 to 199 of 330, columns 368 to 413 of 594]
7.54723003751678e-05 8.67186831277067e-06 1.40643981060284e-06 1.16968887912128e-06 1.03640407308481e-06 9.44698862825888e-07 8.2732872268565e-07 7.56405264434878e-07 5.91282205752997e-07 5.2247271169481e-07 4.99793459041165e-07 4.43550123097047e-07 3.69189471749465e-07 3.68200064060353e-07 3.84822068344448e-07 3.29891541150928e-07 3.02119509376642e-07 2.72333822648463e-07 2.53901097613252e-07 2.07517244421584e-07 1.89193319422021e-07 1.85259378027158e-07 1.69018029794188e-07 1.37085556040084e-07 1.31056464458545e-07 1.05633410540928e-07 1.02369340770903e-07 8.15221195660243e-08 6.21671200851104e-08 5.86091629672936e-08 6.21424655844471e-08 6.44759502010928e-08 5.42503500899905e-08 4.38510546318938e-08 3.79666958316704e-08 3.24338709223326e-08 3.0622961433302e-08 2.87668834642041e-08 2.60356626036184e-08 2.20555905872111e-08 2.01906413810349e-08 2.01729579707433e-08 1.82979076446266e-08 1.74792692875236e-08 1.67125199901363e-08 1.74647320383414e-08
1.31235286840781e-05 5.48305172376473e-09 8.67244552894553e-06 2.04433374659807e-06 1.1594838373985e-06 1.03038359019481e-06 9.32311679535669e-07 8.09190676953619e-07 7.32762916388907e-07 6.23932180487952e-07 5.61772532881033e-07 5.22533044322593e-07 4.80226612309398e-07 4.0827391245557e-07 4.10351268864684e-07 4.21144141715679e-07 3.77847390142794e-07 3.17730637555691e-07 2.63550676438129e-07 2.45540842513936e-07 2.11635615832151e-07 1.79991414928082e-07 1.64843480499055e-07 1.30599921221997e-07 1.3860078965644e-07 1.27173465114261e-07 1.04221039232133e-07 8.34227679269439e-08 7.11581124912541e-08 5.9624298398564e-08 6.14006420263102e-08 7.59844295594725e-08 5.94089390015817e-08 4.38875393027338e-08 3.9809338348018e-08 3.13989986899799e-08 2.91351749837077e-08 3.28973629004636e-08 2.8295801435263e-08 2.62079611901278e-08 2.38743096181437e-08 2.05085097237934e-08 1.94107801054777e-08 2.00539654326981e-08 1.80592832244031e-08 1.79866740390722e-08
1.86752069100127e-06 3.49537581987303e-06 7.44074334777522e-05 9.24113816245242e-06 3.11105352762686e-06 1.15609755835244e-06 9.91954071516421e-07 9.03112172689902e-07 8.71481349851155e-07 7.59454826504413e-07 6.52180202997954e-07 6.06319610718664e-07 5.6937749700614e-07 4.65987865660988e-07 4.01729353483038e-07 4.22488831086643e-07 3.79625133473116e-07 3.83883106824801e-07 3.30756870237092e-07 2.71420143260759e-07 2.29054297595788e-07 2.03702109891069e-07 1.66208826279934e-07 1.3497095954218e-07 1.3010958653803e-07 1.13251402722447e-07 9.54562687449645e-08 8.86152487833414e-08 8.8794058195063e-08 8.2600927786558e-08 8.65408060546358e-08 7.64770206163057e-08 6.46151525396377e-08 4.64691963020236e-08 3.94370051171045e-08 3.42664269514792e-08 3.35387327243808e-08 3.34724149286814e-08 2.70515096434387e-08 4.24130979115311e-08 2.59890389209261e-08 2.43798106369653e-08 3.63018477500532e-08 2.18311705602048e-08 1.78737908695936e-08 1.82902211487423e-08
2.11762006991911e-06 1.94211212473094e-06 7.73391181291272e-06 0 0 5.03437973351506e-06 2.40182287706281e-06 1.11804500219082e-06 1.06157283886743e-06 9.28909042030579e-07 7.57386223737555e-07 6.54273310329856e-07 5.98768939585881e-07 5.61409048394079e-07 4.70828317500338e-07 4.54980953723538e-07 4.13071969229684e-07 3.96044967498899e-07 3.49316714409742e-07 2.92390536771325e-07 2.44372560886941e-07 2.02685215300313e-07 1.7503972070676e-07 1.5886220126049e-07 1.41884961879502e-07 1.10764943583863e-07 1.13164874560034e-07 1.1453797414962e-07 1.14993411237663e-07 1.00032976868558e-07 8.57001735576901e-08 6.18335426638694e-08 6.57945038673447e-08 5.93672343951468e-08 4.31504910358704e-08 3.66054652367609e-08 3.1295074198745e-08 2.75702170871028e-08 2.70899830234761e-08 2.67877607962319e-07 2.53681231321412e-07 2.48771401256676e-08 2.41255892485803e-08 2.06422659299044e-08 1.80226084500745e-08 1.70526899267998e-08
2.39986190381236e-06 2.22831471079488e-06 2.01905610127673e-06 3.65444619999655e-06 0 3.35287353436797e-15 3.15508874135784e-06 1.26944204010826e-06 1.09573267519369e-06 9.41381969243871e-07 8.27432831274066e-07 7.14671949986201e-07 6.62687585017974e-07 6.11112334159003e-07 5.69989388143899e-07 4.93969848880393e-07 4.58993747010084e-07 4.09884402130523e-07 3.47541747292013e-07 3.02293609344417e-07 2.52555318647207e-07 2.28481219943788e-07 1.90433616287233e-07 1.51975565587659e-07 1.32338291192191e-07 1.24779889854043e-07 1.3283516417939e-07 1.33159819748485e-07 1.1969658884059e-07 8.37557749822082e-08 7.72080359756622e-08 6.31729608957521e-08 1.10113819673519e-07 9.51152960726453e-08 4.29995016593132e-08 3.84742138703764e-08 3.56137097812237e-08 3.18546296318445e-07 1.05045075082799e-08 5.12806064278948e-10 2.22044604925031e-17 2.67935168252187e-07 2.35667868553335e-08 2.01413499989478e-08 1.99084781782322e-07 1.72685992394506e-08
2.71205004578334e-06 2.48824033911577e-06 2.14793467543384e-06 1.99937105694881e-06 3.00275339110145e-06 0 0 0 6.19323567218055e-06 1.0318192476988e-06 9.72433635659797e-07 7.06716651965866e-07 6.20902226422526e-07 6.21956523760847e-07 5.76633666871107e-07 5.04901386810808e-07 4.39203742885752e-07 4.08698282627906e-07 3.60825358192152e-07 3.32077840159428e-07 2.50545553670545e-07 2.14819136856725e-07 1.83882700854898e-07 1.80120160597763e-07 1.58391418170201e-07 1.45655424221847e-07 1.47568996933245e-07 3.03809100099528e-09 0 0 0 2.70404587610074e-11 8.7658152803094e-08 2.43296913896129e-05 9.67719024913549e-09 4.67277180948855e-08 1.48180693382294e-08 3.7319639534239e-08 3.54200392016502e-08 3.3073924332605e-08 3.01974543037709e-08 2.82554066122209e-07 2.35546249838237e-08 1.98377729132559e-08 1.99653535037925e-08 1.99257533806119e-08
1.37315104616897e-06 1.23758653034489e-06 1.24354222132972e-06 9.71576531716423e-07 1.75950833655181e-06 7.13526539719567e-07 2.12315826946252e-06 0 2.85944079525535e-10 5.368834510322e-06 1.0510039034517e-06 8.2349028608375e-07 7.07709413028113e-07 6.31063634537465e-07 5.62110230606372e-07 5.00894031107979e-07 4.12461199761349e-07 3.90745386313895e-07 3.80182064552148e-07 3.43132532187873e-07 2.80828153320645e-07 2.35179169005839e-07 2.04320041041761e-07 1.934208247234e-07 0 0 0 -9999 -9999 -9999 -9999 -9999 0 0 7.49079687167864e-12 0 0 0 0 0 0 5.25671772777514e-10 2.68522768243074e-08 2.74725550197807e-08 2.58530651664479e-07 2.03413892396753e-08
1.37365329495598e-06 1.34001511585824e-06 1.06254045418863e-06 1.01279737413362e-06 1.30714735090409e-06 6.84418852858748e-07 7.89033654491345e-07 1.29556574172129e-06 2.48650515487503e-06 0 1.4676893748089e-05 2.26672476122403e-06 7.76670602942175e-07 7.03869724616446e-07 5.89303105480443e-07 5.16909073078331e-07 4.0776617894478e-07 4.07889383302607e-07 3.49381272135574e-07 1.67980942800128e-07 2.4128142194213e-07 3.0328118054701e-07 0 7.7715611723761e-17 -9999 -9999 -9999 -9999 -9999 -9999 -9999 -9999 -9999 -9999 -9999 -9999 -9999 -9999 1.18793863634892e-15 1.24409371693446e-12 0 4.14637397305739e-08 3.11884697623555e-08 2.89294828426101e-08 4.64150939905039e-13 2.11434143082556e-08
1.7497302218783e-06 9.48261911903892e-07 9.8759321387476e-07 1.08216940262196e-06 9.07414649231608e-07 7.52921177482602e-07 6.11211471579498e-07 1.00975093668687e-06 1.28918687840596e-06 7.40817043183406e-05 2.76220811755712e-06 4.63686855551204e-05 3.63308134466722e-06 2.78693273914055e-06 2.02912272629918e-06 2.01363266728594e-06 2.18882544209542e-06 3.38841982168159e-06 4.68199766767707e-06 6.49974431599087e-07 7.18640298369433e-07 0 -9999 -9999 -9999 -9999 -9999 -9999 -9999 -9999 -9999 -9999 -9999 -9999 -9999 -9999 -9999 -9999 -9999 -9999 0 0 3.07826092504904e-08 2.92469201190748e-08 3.73212796556111e-08 3.02112785122155e-08
4.46934366620244e-06 2.11391462686672e-06 1.46529278401975e-06 1.09233183750446e-06 7.83093484579833e-07 1.1177599567036e-06 1.5319850217077e-06 1.45727859409694e-06 1.40062330549195e-06 0.0270874527573142 2.83395699269828e-06 7.47385187650496e-06 2.89884209726532e-06 5.41193445826593e-06 5.76939425808165e-06 3.83049040226791e-06 4.41809957490991e-06 3.56057595132242e-06 2.05546407599289e-05 3.44045608691168e-06 7.56047970784657e-07 -9999 -9999 -9999 -9999 -9999 -9999 -9999 -9999 -9999 -9999 -9999 -9999 -9999 -9999 -9999 -9999 -9999 -9999 -9999 0 0 0 2.68673971959288e-15 2.20934381900406e-15 2.64418908990649e-10
1.9464908111444e-06 1.18873921806095e-06 1.05112601977986e-06 1.16024766634304e-06 1.8772402621714e-06 2.84472854285012e-06 3.53548429941064e-06 2.32327688604039e-06 2.10027674825142e-06 0.000166525443600241 0.00107800979282686 5.69366297029639e-06 6.60563390209035e-06 5.30102169746804e-06 6.09995989723222e-06 1.01245313427478e-05 6.58598666698484e-06 -9999 -9999 -9999 -9999 -9999 -9999 -9999 -9999 -9999 -9999 -9999 -9999 -9999 -9999 -9999 -9999 -9999 -9999 -9999 -9999 -9999 -9999 -9999 0 0 0 3.37981300946311e-08 1.72811610854584e-07 3.42423867039088e-12
1.30890233842607e-06 4.36952705373805e-06 4.98283681323874e-06 2.81890284726805e-06 1.33743424399757e-06 4.33911046348046e-06 7.49991640813796e-06 5.34094582316236e-07 1.58295086361671e-05 7.23474935605539e-06 4.34330665891602e-06 5.82327455709297e-06 9.81627292390153e-06 1.7806894756689e-05 0 -9999 -9999 -9999 -9999 -9999 -9999 -9999 -9999 -9999 -9999 -9999 -9999 -9999 -9999 -9999 -9999 -9999 -9999 -9999 -9999 -9999 -9999 -9999 -9999 0 2.22044604925031e-17 0 2.3301438867307e-08 1.77731900041778e-07 1.70118028997024e-08 1.40651830404792e-08
1.05162132756353e-06 1.3343612272565e-06 9.33968531058316e-07 2.45139745540524e-06 9.98178576649966e-07 1.94971249914966e-06 2.20033018312193e-06 1.00459753191173e-05 5.46504935239334e-06 1.19726623824201e-05 7.156928417551e-06 1.0980368832525e-05 2.16741625371331e-05 1.12304770377158e-05 3.79339151964642e-06 -9999 -9999 -9999 -9999 -9999 -9999 -9999 -9999 -9999 -9999 -9999 -9999 -9999 -9999 -9999 -9999 -9999 -9999 -9999 -9999 -9999 -9999 -9999 -9999 4.24977920288061e-07 0 3.17634807345257e-14 6.66133814775094e-17 0 0 4.4553949418713e-09
9.57764981912579e-07 1.31170862106567e-06 1.70046798968482e-06 1.13703585158387e-06 8.0668322305355e-07 6.58701675417817e-06 6.80696746494514e-06 4.32144997091211e-06 1.074008109756e-05 1.02165631534534e-05 9.28616061652843e-06 7.28204224397233e-06 4.74409038117018e-06 -9999 -9999 -9999 -9999 -9999 -9999 -9999 -9999 -9999 -9999 -9999 -9999 -9999 -9999 -9999 -9999 -9999 -9999 -9999 -9999 -9999 -9999 -9999 -9999 -9999 -9999 0 0 0 1.26798571642439e-13 0 0 0
1.3274776995309e-06 1.27679893672239e-06 1.22322974547284e-06 1.3102647798191e-06 1.00544576736583e-06 1.06692760025728e-06 1.06078200646786e-06 4.95904444217654e-06 -9999 8.69781412187187e-06 -9999 -9999 -9999 -9999 -9999 -9999 -9999 -9999 -9999 -9999 -9999 -9999 -9999 -9999 -9999 -9999 -9999 -9999 -9999 -9999 -9999 -9999 -9999 -9999 -9999 -9999 -9999 -9999 -9999 0 0 0 0 0 0 0
1.515850512257e-06 1.06097256675763e-06 1.20158906798951e-06 1.20239684634482e-06 1.23338921840244e-06 8.86739254257751e-07 3.57292387267449e-06 -9999 -9999 -9999 -9999 -9999 -9999 -9999 -9999 -9999 -9999 -9999 -9999 -9999 -9999 -9999 -9999 -9999 -9999 -9999 -9999 -9999 -9999 -9999 -9999 -9999 0 -9999 -9999 -9999 0 0 0 2.53796983429311e-14 0 0 0 0 0 0
2.16643248763804e-06 1.36550009733893e-06 1.17457944022181e-06 1.3728186538553e-06 2.66457575526236e-06 4.1905063560721e-06 1.60739402562671e-06 -9999 -9999 -9999 -9999 -9999 -9999 -9999 -9999 -9999 -9999 -9999 -9999 -9999 -9999 -9999 -9999 -9999 -9999 -9999 -9999 -9999 -9999 -9999 0 0 0 0 0 0 0 0 0 0 0 0 0 0 0 0
1.63970086434206e-06 2.12526103612332e-06 1.5305491804618e-06 2.99802733165766e-06 5.34507640649329e-06 1.59779774086655e-05 -9999 -9999 -9999 -9999 -9999 -9999 -9999 -9999 -9999 -9999 -9999 -9999 -9999 -9999 -9999 -9999 -9999 -9999 -9999 -9999 -9999 -9999 -9999 0 0 0 0 0 0 0 0 0 0 0 0 0 0 0 0 0
1.81545477878631e-06 3.15544860992611e-06 2.56216439205037e-06 2.3446457724674e-06 3.80388890598438e-06 -9999 -9999 -9999 -9999 -9999 -9999 -9999 -9999 -9999 -9999 -9999 -9999 -9999 -9999 -9999 -9999 -9999 -9999 -9999 -9999 -9999 -9999 9.68380281074488e-07 0 0 0 0 0 0 0 0 0 0 0 0 0 0 0 0 0 0
4.11672807908436e-06 3.79681532434173e-06 3.63544842993946e-06 6.20951235537071e-06 -9999 -9999 -9999 -9999 -9999 -9999 -9999 -9999 -9999 -9999 -9999 -9999 -9999 -9999 -9999 -9999 -9999 -9999 -9999 -9999 -9999 -9999 -9999 -9999 -9999 0 0 1.42774680966795e-14 0 0 0 0 0 0 0 0 0 0 0 0 4.54641487235286e-08 3.86830751097911e-08
