Scripts_&_data/Maxent_result_files_2/B_pratorum_3.asc
NCOLS 594 
NROWS 330 
XLLCORNER -15 
YLLCORNER 23 
CELLSIZE 0.166666666666667 
NODATA_value -9999 
[rows 140 to 159 of 330, columns 46 to 91 of 594]
0.99999988079071 0.882722365856171 0.991945254802704 0.999808013439178 0.985316151380539 0.88035358786583 0.999704796075821 1 1 1 0.998475444316864 -9999 -9999 -9999 -9999 -9999 -9999 -9999 -9999 -9999 -9999 -9999 0.999744290113449 0.999999314546585 0.999997979402542 0.999999493360519 1 0.999999982118607 1 1 1 1 1 1 1 1 0.300012351853366 1 -9999 -9999 -9999 -9999 -9999 -9999 -9999 -9999
0.876970964670181 0.990717220306397 0.964063948392868 0.983104491233826 0.999998760223389 1 1 0.993475049734116 0.953887730836868 0.874480473995209 0.618001428246498 -9999 -9999 -9999 -9999 -9999 -9999 -9999 -9999 -9999 -9999 -9999 -9999 1 1 0.999989473819733 1 1 0.999999958276749 1 1 1 1 0.999925166368484 0.999999564886093 1 0.999999278783798 1 1 1 0.997367572784424 -9999 -9999 -9999 -9999 -9999
0.999949741363525 0.936650800704956 0.999965107440948 0.929269742965698 0.985271519422531 0.999999815225601 0.998894393444061 0.986294412612915 0.914030987024307 -9999 -9999 -9999 -9999 -9999 -9999 -9999 0.84478365778923 0.993386226892471 -9999 -9999 -9999 -9999 -9999 -9999 1 1 1 1 1 1 1 1 1 1 0.999997091293335 0.999899250268936 0.999822854995728 0.99999994635582 0.999999111890793 0.999999165534973 0.999999785423279 1 -9999 -9999 -9999 -9999
0.930391997098923 0.970559793710709 0.994103533029556 0.992010098695755 0.975426989793778 1 0.990427929162979 0.998506861925125 -9999 -9999 -9999 -9999 -9999 -9999 -9999 -9999 -9999 -9999 -9999 -9999 -9999 -9999 -9999 -9999 -9999 -9999 -9999 1 0.999999982118607 1 0.999999994039536 1 0.999999964237213 1 1 1 0.999986952543259 1 0.999997156858444 0.999996465444565 0.999401843547821 0.999906015396118 0.999999958276749 -9999 -9999 -9999
0.957422888278961 0.902383685112 0.868513578176498 0.938569396734238 0.93228588104248 0.998583143949509 -9999 -9999 -9999 -9999 -9999 -9999 -9999 -9999 -9999 -9999 -9999 -9999 -9999 -9999 -9999 -9999 -9999 -9999 -9999 -9999 0.999760007858276 1 1 1 1 1 1 1 1 1 0.999999666213989 1 0.99999977350235 0.999586045742035 0.999898838996887 0.999997127056122 0.999988824129105 -9999 -9999 -9999
0.958922278881073 0.921779388189316 0.909218907356262 0.980716556310654 0.87348473072052 1 -9999 -9999 -9999 -9999 -9999 -9999 -9999 -9999 -9999 -9999 -9999 -9999 -9999 -9999 -9999 -9999 -9999 -9999 -9999 -9999 1 1 1 1 1 1 1 1 1 1 0.999999982118607 0.999997794628143 0.999997168779373 0.999995481967926 0.999970215559006 1 0.99999874830246 0.999518114328384 -9999 -9999
0.959746563434601 0.836911135911942 0.964901453256607 0.991106224060059 0.825135940313339 0.953657013177872 0.651580440998077 -9999 -9999 -9999 -9999 -9999 -9999 -9999 -9999 -9999 -9999 -9999 -9999 -9999 -9999 -9999 -9999 -9999 -9999 -9999 1 1 1 1 1 1 1 1 1 1 0.999998950958252 1 0.999998503923416 0.999978345632553 1 0.999799191951752 1 0.973295551538467 -9999 -9999
0.953803026676178 0.925817793607712 0.694811508059502 0.841088569164276 0.751442039012909 1 1 -9999 -9999 -9999 -9999 -9999 -9999 -9999 -9999 -9999 -9999 0.890020912885666 -9999 -9999 -9999 -9999 -9999 -9999 -9999 1 1 1 1 1 1 1 1 0.999997854232788 1 1 0.999998813867569 0.999968737363815 0.999881929159164 0.999497330188751 0.999358385801315 0.999872350692749 0.999941194057465 0.998976373672485 0.999914157390595 -9999
0.914169430732727 0.891003131866455 0.947984820604324 0.994568222761154 0.999270164966583 1 1 -9999 -9999 -9999 -9999 -9999 -9999 -9999 -9999 -9999 -9999 0.537762734293938 0.941463720798492 0.997776007652283 0.998718929290771 0.999882835149765 0.999431973695755 1 0.988091796636581 1 1 1 1 1 1 1 1 0.999999910593033 1 1 1 0.999999964237213 0.998194718360901 0.997788274288178 0.999999982118607 0.999320822954178 0.999985641241074 0.999327224493027 0.999214136600494 0.97434259057045
0.932968014478683 0.743008890748024 0.751935869455338 0.555856513977051 0.929582440853119 0.829875683784485 0.850640571117401 0.709203064441681 -9999 -9999 -9999 -9999 -9999 -9999 -9999 -9999 -9999 -9999 1 0.996051979064941 0.99857132434845 0.999999970197678 0.999999994039536 0.999986886978149 1 1 1 0.999229967594147 0.999104708433151 1 1 1 1 0.999998873472214 1 1 1 0.999999982118607 0.993800061941147 0.999996650218964 0.998675590753555 0.998756223917007 0.997837036848068 0.998822087049484 0.992013031244278 0.319921678304672
0.590498307347298 0.896170502901077 0.292596378922462 0.402699694782496 0.792338502407074 0.965619343519211 0.863754677772522 0.660809314250946 -9999 -9999 -9999 -9999 -9999 -9999 -9999 -9999 0.955176943540573 0.956355381011963 0.961905717849731 0.999987828731537 0.999984413385391 0.999994772672653 0.999999976158142 0.999999970197678 0.999999976158142 1 0.999351328611374 0.999924910068512 0.999753451347351 0.999956291913986 1 1 1 0.999899214506149 1 1 1 1 0.978209203481674 0.999222469329834 0.999905967712402 0.997257179021835 0.99381040930748 0.999368566274643 0.99640526175499 -9999
0.784916925430298 0.785897868871689 0.424918901175261 0.618889842927456 0.613239353895187 0.7516068816185 0.707393264770508 -9999 -9999 -9999 -9999 -9999 -9999 -9999 -9999 -9999 -9999 -9999 -9999 0.97705003619194 0.992854011058807 0.999995696544647 0.999998563528061 1 0.999988722801209 0.999999475479126 0.989273124933243 1 0.999999737739563 1 0.997562384605408 1 1 1 1 1 1 1 0.996833181381226 0.980855673551559 0.987537056207657 0.995204848051071 0.992530971765518 0.995613068342209 0.99651979804039 0.997361487150192
0.983881491422653 0.820917516946793 0.666164627671242 0.896694213151932 0.260923116467893 0.725165164470673 0.844269996881485 -9999 -9999 -9999 -9999 -9999 -9999 -9999 -9999 -9999 -9999 -9999 -9999 0.794303768873215 0.987873947620392 1 0.99270903468132 0.999998450279236 0.999986517429352 0.999364519119263 1 0.988210880756378 0.999961185455322 1 1 1 1 1 1 0.999999940395355 1 1 0.958885389566422 0.999958455562592 0.999513423442841 0.997563952207565 0.998775988817215 0.995310246944427 0.998704779148102 0.998521965742111
0.829909443855286 0.495730599761009 0.68079232275486 0.662527590990067 0.587295201420784 0.506450128555298 -9999 -9999 -9999 -9999 -9999 -9999 -9999 -9999 -9999 -9999 -9999 -9999 -9999 0.908456790447235 0.999231392145157 0.999986517429352 0.999996191263199 0.999999868869782 0.999999964237213 0.999999994039536 0.991100597381592 0.99342468380928 0.985992693901062 0.99702405333519 1 1 1 1 0.999999994039536 0.999994629621506 0.999999499320984 0.999027115106583 0.999866169691086 0.99998791217804 0.999534618854523 0.998068130016327 0.999705851078033 0.999261510372162 0.996095836162567 0.99733265042305
0.589629781246185 0.999932074546814 0.428269416093826 0.773762419819832 0.818642634153366 0.421662329137325 -9999 -9999 -9999 -9999 -9999 -9999 -9999 -9999 -9999 -9999 -9999 -9999 0.978741002082825 0.86489705145359 1 0.999996322393417 1 1 0.999999898672104 0.999985855817795 0.998874002695084 0.993489348888397 0.98060290813446 0.978196829557419 1 0.999896866083145 1 0.999779498577118 0.999997174739838 0.995231056213379 0.999998205900192 0.998808455467224 0.999981117248535 0.999999409914017 0.997813898324966 0.995922702550888 0.999828374385834 0.999094927310944 0.999249547719955 0.989552104473114
-9999 -9999 -9999 -9999 -9999 -9999 -9999 -9999 -9999 -9999 -9999 -9999 -9999 -9999 -9999 0.916308563947678 0.688994318246841 0.846256840229034 0.96769260764122 0.987778913974762 0.999999964237213 0.999997848272324 1 1 1 1 0.98940572142601 0.999999982118607 0.999958908557892 0.994988650083542 0.999444246292114 0.995667666196823 0.99995453953743 0.999634093046188 0.999684429168701 0.99997563958168 0.999662804603577 0.999757409095764 0.998017436265945 0.999998641014099 0.99990621805191 0.999996972084045 0.999158251285553 0.993516802787781 0.994251227378845 0.987937396764755
-9999 -9999 -9999 -9999 -9999 -9999 -9999 -9999 -9999 -9999 -9999 -9999 -9999 0.707091814279556 0.500619301199913 0.666117861866951 0.719481801986694 0.855898714065552 0.979275113344192 0.867829215526581 0.999994677305222 0.999999904632568 0.999832957983017 0.999999994039536 1 1 0.999971204996109 0.994200932979584 0.999681663513184 0.999976634979248 0.99999093413353 1 0.998656296730042 0.999751192331314 0.999942362308502 0.999916315078735 0.99907329082489 0.99912782907486 0.99809148311615 0.999989211559296 0.999999797344208 0.999957793951035 1 0.999892139434814 0.998597729206085 0.999914425611496
-9999 -9999 -9999 -9999 -9999 -9999 -9999 -9999 -9999 -9999 -9999 -9999 -9999 0.930345714092255 0.972675812244415 0.308970791101456 0.852268934249878 0.197494184971055 0.999999952316284 1 1 0.999999994039536 0.999395728111267 1 1 1 0.999976807832718 0.999999886751175 0.999999976158142 0.99898921251297 0.99997843503952 0.999914515018463 0.999955147504807 0.99878396987915 0.99876304268837 0.999905955791473 0.999994498491287 0.999480760097504 0.999297547340393 0.999999958276749 0.999999016523361 1 1 1 0.99999994635582 0.997027510404587
-9999 -9999 -9999 -9999 -9999 -9999 -9999 -9999 -9999 -9999 -9999 -9999 -9999 -9999 -9999 -9999 -9999 -9999 -9999 0.95245196223259 -9999 1 1 1 1 1 1 0.999999737739563 1 1 0.999106353521347 0.999056613445282 0.999935573339462 0.999189835786819 0.998138904571533 0.997077876329422 0.981450819969177 0.998961740732193 0.998357862234116 0.999967932701111 0.988095998764038 1 1 0.148735760331267 0.4 1
-9999 -9999 -9999 -9999 -9999 -9999 -9999 -9999 -9999 -9999 -9999 -9999 -9999 -9999 -9999 -9999 -9999 -9999 -9999 -9999 -9999 -9999 -9999 0.690354931354523 0.999959129095078 -9999 -9999 1 1 1 0.990758347511292 0.999901974201202 0.998001837730408 0.998264890909195 0.998026072978973 0.999989575147629 0.999998074769974 0.999983584880829 0.999999380111694 0.98459467291832 0.985303914546967 1 1 1 1 0.127955454587936
