Scripts_&_data/Maxent_result_files_2/B_pratorum_3.asc
NCOLS 594 
NROWS 330 
XLLCORNER -15 
YLLCORNER 23 
CELLSIZE 0.166666666666667 
NODATA_value -9999 
[rows 60 to 79 of 330, columns 368 to 413 of 594]
0.0812277100980282 0.0372799817239866 -9999 -9999 -9999 -9999 -9999 -9999 -9999 -9999 -9999 -9999 -9999 -9999 -9999 -9999 -9999 -9999 -9999 0.0115030036613462 0.0131673817522824 0.0101151869748719 0.00276532107382081 0.0047038774122484 0.00580820231698453 0.00595227973535657 0.00577712070662528 0.00548342529218644 0.00490302965044975 0.00494090704014525 0.00436090215807781 0.00362397294957191 0.00287703812355176 0.00396417679148726 0.0022213046962861 0.00151965139084496 0.00817334556486458 0.0025812837498961 0.00374283328419551 0.00166844722407404 0.00638333518290892 0.00493473614333198 0.00578830413287505 0.00621068681357428 0.00286155517096631 0.00234185534645803
-9999 -9999 -9999 -9999 -9999 -9999 -9999 -9999 -9999 -9999 -9999 -9999 -9999 -9999 -9999 0.0294007338583469 0.0248369752895087 0.0166507460176945 0.0130074599990621 0.0135131787508726 0.0121439433423802 0.00866148725617677 0.0062515921657905 0.00558355809189379 0.00579156629974023 0.00749115135986358 0.00699907527305186 0.00421445068204775 0.00412097359076142 0.00354525840957649 0.00335063324309885 0.00291769759496674 0.00246545848203823 0.00213473058538511 0.000956943960045464 0.00823235876159742 0.00291967594821472 0.00418952762847766 0.520426528155804 0.0217585011385381 0.00481045026099309 0.00161266167997383 0.00307456812588498 0.00302351821446791 0.00297328631859273 0.00301322158193216
-9999 -9999 -9999 -9999 -9999 -9999 -9999 -9999 -9999 0.0319417608203366 0.0120492771326099 0.0201605017762631 0.0235509308986366 0.0236272106412798 0.0176489382982254 0.011372486455366 0.00826913439668715 0.0113534410949796 0.00759871234185994 0.00687830306123942 0.00791487714741379 0.00940782367251813 0.00319487962406129 0.00318476349348202 0.00299106665188447 0.00416419015964493 0.00432735090143979 0.00453285513212904 0.00258448466192931 0.00266669281409122 0.00220783846452832 0.0019207785720937 0.00188145687279757 0.00331934066780377 0.00417850228841417 0.00526060148453098 0.00418968331650831 0.00511019837576896 0.128077793866396 0.0150534229760524 0.00291430570650846 0.00228823195211589 0.00361512321978807 0.00267873766133562 0.00276035012211651 0.00222988986643031
-9999 -9999 -9999 -9999 -9999 -9999 -9999 -9999 -9999 0.0177312480722321 0.0206871146336198 0.0251953820697963 0.0349711274728179 0.0370196903124452 0.0317858988419175 0.0304740566760302 0.0195075934752822 0.00850296558346599 0.00562842753715813 0.00679291647393256 0.0406357436440885 0.00203942297084723 0.00202434204984456 0.00174257967155427 0.00222073336481117 0.00270837948191911 0.00388539952691644 0.00329450158169493 0.00184223889955319 0.00177285440731794 0.00226327678537928 0.00200566635467112 0.00197653087379877 0.0162978941109031 0.0109065755270422 0.00769361229613423 0.0041360006085597 0.00337092387489975 0.00304165472043678 0.00181000306038186 0.00223019442055374 0.00146094936644658 0.00231994118075818 0.00252487543039024 0.00284688434330747 0.00392691739834845
-9999 -9999 -9999 -9999 -9999 -9999 -9999 -9999 -9999 0.010500337742269 0.0132691154256463 0.0221699631772935 0.0326462419703603 0.0418295165523887 0.0401950944215059 0.0332737609744072 0.0269783727824688 0.0186519119888544 0.0127695412840694 0.00797675945796072 0.00306480710860342 0.00248951397370547 0.111078381165862 0.00264392281533219 0.00300171044655144 0.00129983280203305 0.00160697544924915 0.00405435090651736 0.00128035139641725 0.00114797212881967 0.00254893098026514 0.00266494585084729 0.00463483320781961 0.0163100532256067 0.0049102445715107 0.00562060836236924 0.00166138462082017 0.00445036353776231 0.0014282311196439 0.00205625282833353 0.00495977678801864 0.0015439021633938 0.00190262115793303 0.00440901315305382 0.0053575421217829 0.00835293554700911
-9999 -9999 -9999 -9999 -9999 -9999 -9999 -9999 0.00817014618715127 0.0110516774468124 0.00650893147103488 0.0144272793084383 0.0257986557669938 0.0247189443558454 0.050511834397912 0.0455864693969488 0.0386720772832632 0.0248767551034689 0.0171201596036553 0.0101494115777314 0.0100891005713493 0.00229435355868191 0.00297735239146277 0.0018867262697313 0.00223008677130565 0.00200652992352843 0.000972286122851074 0.00169842351460829 0.00442048322875053 0.00263265903340653 0.00246806088835001 0.00350485605886206 0.0110934672877193 0.00870237913914025 0.0148824169766158 0.00536736891372129 0.0186822621151805 0.00314966898877174 0.00215039922040887 0.00126820054138079 0.00136812904966064 0.00159000345738605 0.00141859484137967 0.00125273065641522 0.00262368227122352 0.00539113846607506
-9999 -9999 -9999 -9999 -9999 -9999 0.0580632522471205 0.00429851405085654 0.00511236093007028 0.00340367096941918 0.00440525563899428 0.0102381510660052 0.0784821663051844 0.0567203618586063 0.0314428491517901 0.0372021341696382 0.0188731047324836 0.00656528933905065 0.00618147221393883 0.0331995330750942 0.0293822322040796 0.0308287282474339 0.0245275063440204 0.0173973193392158 0.00754865100607276 0.00614710608497262 0.00837711319327355 0.00215680719120428 0.00358922458253801 0.00497805883642286 0.00663555103819817 0.006126874149777 0.0674878418445587 0.0266928663477302 0.00582655428443104 0.0384203275665641 0.00384364946512505 0.0163210255093873 0.00489681294420734 0.0029571088263765 0.000992322413367219 0.0014340614201501 0.00234988069860265 0.0033319363836199 0.00422329030698165 0.00748842316679657
0.0100201959256083 0.00760456584393978 0.00980693553574383 0.0126117313746363 0.0116819150745869 0.0038881140993908 0.00397222302854061 0.00514516676776111 0.0046612442471087 0.00339441729011014 0.00657091913744807 0.0103567244950682 0.0345805232413113 0.040632276982069 0.0643248453736305 0.0308785118162632 0.0427471833303571 0.00466805764008313 0.0210241806693375 0.148804514855146 0.0480681562796235 0.025253951177001 0.0212724830023944 0.0268887237645686 0.0238154395483434 0.0180895128287375 0.0349943190813065 0.0288273647427559 0.033442291431129 0.0214230829849839 0.0199991480447352 0.0171315659768879 0.030309895798564 0.00488103241659701 0.00570093721617013 0.0110248208977282 0.0204989403486252 0.0128428273368627 0.00273598665371537 0.00568830214906484 0.0116070767864585 0.00203153209295124 0.0161236584186554 0.0240119913592935 0.0379893416538835 0.0230724344961345
0.00549030548427254 0.00395880913129076 0.00426343064755201 0.00326238494599238 0.0048454491654411 0.00705001051537693 0.00513202294241637 0.00576235209591687 0.00382166997296736 0.00955527853220701 0.0183015478774905 0.0324452539905906 0.0144455388188362 0.0220731311477721 0.0372011357918382 0.106280232965946 0.0919910728931427 0.042462058737874 0.0514417715370655 0.0543524762615561 0.0325746027752757 0.0280027948319912 0.0249656315892935 0.0186444403603673 0.027962747681886 0.0295624107122421 0.0245756820775568 0.0315958514809608 0.0566212890669704 0.0155851774383336 0.0295027651824057 0.0251296709291637 0.0544647712260485 0.0149669737555087 0.00560943786986172 0.00513466824777424 0.00964127313345671 0.0135244730859995 0.00545754774939269 0.00968712251633406 0.0154062512330711 0.0151753844693303 0.0162894138135016 0.00923625538125634 0.0198473704978824 0.0268173643387854
0.00156111951218918 0.00731327433604747 0.00223323162645102 0.00224459787714295 0.00321710894349962 0.001448319258634 0.00246395341237076 0.00191907080588862 0.00645840899087489 0.0225715142674744 0.02658227737993 0.0382367931306362 0.0338307615369558 0.00756193185225129 0.0201293678022921 0.0170677212066948 0.0125590493902564 0.0193488120101392 0.0348407214507461 0.0374640135094523 0.0377564920112491 0.0243372719734907 0.0265443462878466 0.0242108819074929 0.0151750729419291 0.0153713478706777 0.0262973175384104 0.0392068659886718 0.0632256800308824 0.0504031423479319 0.0225087841972709 0.0609194457530975 0.0144904665648937 0.0239707014523447 0.00720337983220816 0.0185908395331353 0.198466953262687 0.0127978493459523 0.0118336552288383 0.00360920563107356 0.000419822201365605 0.000857728396658786 0.00743698761798441 0.00879051261581481 0.0200720505788922 0.0273149739019573
0.0062893733382225 0.0076383835170418 0.00360880042426288 0.00292373306583613 0.000451502950454596 0.00140517081599683 0.000532590906368569 0.0009911795030348 0.015056021977216 0.0224676443263888 0.00547058212105185 0.011417113058269 0.0146820564754307 0.00955822197720408 0.0251903114840388 0.00648629383649677 0.0121862402651459 0.00662782760336995 0.010275363130495 0.0232413614168763 0.0272920588031411 0.0332146670669317 0.035904129780829 0.0419276731088758 0.00939834765158594 0.0289997398853302 0.0104394870344549 0.0209399863611907 0.0137824350968003 0.0279613643884659 0.0223744595423341 0.015995795186609 0.0269045369699597 0.0571094322949648 0.0116051953285933 0.00252717457478866 0.46006370484829 0.00270533389259243 0.000467986037256196 0.00284524400485679 0.0089816814288497 0.0113302343059331 0.00442960755899549 0.00509870969690382 0.012670253450051 0.0159050442278385
0.0108553641010076 0.0172884223982692 0.00576258155051619 0.00583781288005412 0.005155557137914 0.000977533275727183 0.000981414073612541 0.0177960023283958 0.0382208935916424 0.0114481747150421 0.00443770138081163 0.00341148264706135 0.00904496451839805 0.0042974898358807 0.0347937712445855 0.0165965602733195 0.00400857471395284 0.0114480920601636 0.00489349260460585 0.00632082528900355 0.0143742020241916 0.0139489111490548 0.0115705127362162 0.0253945413976908 0.0487555678933859 0.0551833190023899 0.0561683747917414 0.0272771472111344 0.0178790716454387 0.00758474362082779 0.0086558279581368 0.0362236717715859 0.0198624952696264 0.0526091448962688 0.014653902547434 0.0202578143682331 0.00306268787244335 0.0641495529187151 0.0039419733104296 0.0211101587861776 0.00430891299620271 0.0109992692479864 0.0160590491723269 0.0242803860921413 0.00801922250539064 0.0120257894042879
0.00137046852614731 0.00146934110089205 0.00161112566129304 0.00255760819418356 0.0047149570658803 0.0023700576624833 0.00584995031822473 0.010109916748479 0.00318188186502084 0.00356007653754205 0.000708570479764603 0.00232623359770514 0.00281388352159411 0.00312429500045255 0.0427931878715754 0.0116104701533914 0.0126819409430027 0.00864611705765128 0.00997632155194879 0.021953796967864 0.00950340745039284 0.0166507381014526 0.00825648664031178 0.0157918297220021 0.0100752166006714 0.0670225197449326 0.0637331668287516 0.0270358658395708 0.15000973418355 0.0523055408149958 0.0313073879107833 0.00665816152468324 0.0424752769991755 0.0643506418913603 0.012933670822531 0.00598543219966814 0.00613923283526674 0.0256152082234621 0.0302004012279212 0.0409051090478897 0.0301198037341237 0.0491329781711102 0.026325424388051 0.0084659431129694 0.00349928233772516 0.00278334487229586
0.000645007775165141 0.000323838746408001 0.000409810521523468 0.00893719419836998 0.00727055016905069 0.00178469530073926 0.000584667731891386 0.0050887183053419 0.00307633061893284 0.00379046914167702 0.00142719238065183 0.00419001730624586 0.00155799538479187 0.000950814748648554 0.00175180902588181 0.0110332831740379 0.00283120691310614 0.00429979998152703 0.00574528619181365 0.00200915453024209 0.146741749159992 0.00557189590763301 0.00324381765676662 0.01725770290941 0.00642869984731078 0.0071040406357497 0.00336154401302338 0.0142992665525526 0.00511366575956345 0.0392294203862548 0.0306087858043611 0.0486320454627275 0.0766289088875055 0.0585723884403706 0.0388627813197672 8.01734301120849e-05 0.0113710153382272 0.0129683972802013 0.0687646582722664 0.0902637645602226 0.0547546576708555 0.0460110252723098 0.048042019456625 0.0377988431602716 0.0532223623245954 0.0594212081283331
0.00215623404365033 0.00228710657684132 0.000422305513347965 0.00028860345701105 0.00010223494755337 0.00123225962161087 0.0156438623787835 0.000547931810433511 0.000325106126547325 0.000670160463778302 0.000448027443781029 0.00011122927244287 0.000391254560963716 0.00129658743971959 0.00526439808309078 0.0148616286925972 0.00990307265892625 0.00281905659940094 0.0188088393304497 0.00822341481689364 0.00630034687928855 0.00363117264350876 0.00732567177619785 0.0108835230115801 0.0146340927109122 0.0177874048473313 0.0181478471960872 0.00541859820950776 0.00950421744491905 0.00147859354037791 0.000368886743672192 0.0033886750228703 0.00874069039709866 0.0104529375210404 0.20191948352926 0.0115473674846425 0.0112571740988642 0.0225943089462817 0.068924624286592 0.136986088007689 0.0520909380167723 0.0612354427576065 0.0623998168855906 0.0459102518856525 0.0422432705760002 0.00951563445851207
0.00883585480041802 0.0346307271509431 0.000423821293225046 0.00203610113821924 0.00543263866566122 0.0299965851940215 0.0715884756296873 0.758640015870333 0.00317958784289658 0.00300896735861897 0.00343600132036954 0.0111453469377011 0.0132992626633495 0.0141177976038307 0.0894678883254528 0.124098418653011 0.010462967865169 0.0220881551038474 0.0197729486972094 0.0224795527756214 0.0268629186786711 0.0461047846823931 0.118449837714434 0.0217298216186464 0.00296965995803475 0.00154720580903813 0.00982593903318047 0.00963240421842784 0.00914937707129866 0.0135968152899295 0.00515562777873129 0.00446454521734267 0.0322520485147834 0.00856070087756962 0.0126049321610481 0.0532990629784763 0.0296415047720075 0.014710957556963 0.0314216712489724 0.0323990458622575 0.100703264772892 0.0122553350869566 0.0892657957971096 0.0141763828229159 0.027528642071411 0.0268865352030844
0.00765040349215269 0.00167284606141038 0.00414628807920963 0.00105542126693763 0.000773297453997657 0.0504162892699242 0.0158105271868408 0.0191167213022709 0.0381155643612146 0.059874077513814 0.041449555568397 0.0888976845890284 0.0654127161949873 0.133401518315077 0.0512017618864775 0.0290812880732119 0.0129784327466041 0.0231609430164099 0.0718994114547968 0.0800091151148081 0.0212269104085863 0.0148224549368024 0.0230688768438995 0.0716146264225244 0.0553708771243691 0.0123524934519082 0.022918944619596 0.00313912979327142 0.0121436848770827 0.00825517815537751 0.00728915454819798 0.00500917125027627 0.0324206801131368 0.020401721727103 0.0128508397378027 0.00555661371909082 0.00548206390812993 0.0138229601085186 0.0172620903234929 0.010931122652255 0.00885743694379926 0.00240057784831151 0.00691939410753548 0.00199552467092872 0.00952871299814433 0.00338309111539274
0.0292444443330169 0.0501722510904074 0.0047304236330092 0.0060864565661177 0.0127288030460477 0.0586819969117641 0.082636746391654 0.717422821745276 0.054118050262332 0.0965405650436878 0.0503242610022426 0.0494106601923704 0.0522921685129404 0.0756546974182129 0.066339797899127 0.0589812263846397 0.0274852589704096 0.0277154238894582 0.0320025864988565 0.0756743036210537 0.0289648676291108 0.00442513233283535 0.0082940352614969 0.0150961670093238 0.114067106321454 0.035801231302321 0.0382432233542204 0.00766826840117574 0.0269251322373748 0.0387120323255658 0.0145938033238053 0.00760695529170334 0.0147708829492331 0.00938031231053174 0.0167847666423768 0.00819150565657765 0.00910269226878881 0.00743390042334795 0.00788103006780148 0.00334744402207434 0.00107937079737894 0.00110243400558829 0.0148026980925351 0.00790155346039683 0.00495367390103638 0.00617305806372315
0.00862421989440918 0.0326335934922099 0.0188842379488051 0.0256527356803417 0.0274630217812955 0.0241558093577623 0.0326555030420423 0.011294246930629 0.00497038597241044 0.0415991924703121 0.026434389129281 0.0519031919538975 0.0217565922997892 0.0415075663477182 0.0531569346785545 0.0448909757658839 0.0723288040608168 0.0537989791482687 0.0290503423660994 0.0202904086560011 0.00749939004890621 0.0404538825154305 0.0123533888719976 0.0171798102557659 0.081301673874259 0.0353224959224463 0.0369014132767916 0.0139789187349379 0.0376805983483791 0.0365555424243212 0.0233025340363383 0.0289442412555218 0.0233388802967966 0.0141200431622565 0.0151720326393843 0.0113205540925264 0.0112545231357217 0.0189877782948315 0.012188240326941 0.0242492471821606 0.0235533165745437 0.000748811961966567 0.00614190101623535 0.00986823092680424 0.00880875217262655 0.00561493057757616
0.00616941882763058 0.0308729164302349 0.0327608460560441 0.0534686114639044 0.0455265121534467 0.0390325386077166 0.0122436816804111 0.0168683950789273 0.00974493254907429 0.0093272038269788 0.0228201047517359 0.0218185877427459 0.0291614389047027 0.03588528316468 0.0195475068874657 0.0182046456262469 0.0265122508630157 0.0217825969681144 0.0356341963633895 0.0111000961158425 0.0116336660925299 0.0575664158910513 0.0548750026151538 0.0436539705842733 0.0608442727476358 0.0877770595252514 0.0243374234065413 0.020735249761492 0.0180930280126631 0.0208266647532582 0.0239103185012937 0.0191049262881279 0.0250699773430824 0.0296612152829766 0.015637478325516 0.0134111600928009 0.0166677724570036 0.0175269387662411 0.0270950842648745 0.0258972351439297 0.0267385385930538 0.0296830369159579 0.00709788633976132 0.0101258361712098 0.00922768143936992 0.0328400989994407
