Scripts_&_data/Maxent_result_files_2/B_pratorum_3.asc
NCOLS 594 
NROWS 330 
XLLCORNER -15 
YLLCORNER 23 
CELLSIZE 0.166666666666667 
NODATA_value -9999 
[rows 100 to 119 of 330, columns 414 to 459 of 594]
0.0145429164171219 0.00516738931182772 0.000832228129729629 0.00144465691410005 0.00359923809301108 0.0031232742825523 0.00464801392517984 0.00760100786574185 0.00616667158901691 0.00516769962850958 0.00801611468195915 0.00633898528758436 0.00464244023896754 0.00699038095772266 0.00253445749403909 0.00145708368509077 0.00271950034657493 0.0032299762358889 0.00244448960293084 0.0014519254269544 0.00240643925499171 0.00264679585816339 0.00325736464001238 0.00359995206817985 0.00445697666145861 0.00390703752636909 0.00604421198368073 0.00581712517887354 0.0026519202394411 0.00926794586703181 0.00518898593727499 0.00569671234115958 0.0123883391730487 0.00710037327371538 0.0012919616419822 0.000879375555086881 0.000521978104370646 0.000854535441612825 0.000392737559741363 0.00040016611746978 0.000496062883757986 0.000370101576845627 0.000277260704024229 0.000178190589213045 7.85955675382866e-05 0.000127224247989943
0.00801588487811387 0.00565207870677114 0.00772357331588864 0.00197870893171057 0.00286980821983889 0.00506392628885806 0.00238623013719916 0.00237468766281381 0.00708531069103628 0.00890003475360572 0.00856770980171859 0.00508987293578684 0.00524446116760373 0.00369246813934296 0.00294875631807372 0.00237207777099684 0.00300278265494853 0.00289677799446508 0.00175883292686194 0.0026144114555791 0.00234840660123155 0.00238426884170622 0.00502486967016011 0.00311213886598125 0.0103391210082918 0.0103011475410312 0.00842882960569113 0.0070904141291976 0.00734680383466184 0.00399924227967858 0.00763102096971124 0.00276334424270317 0.0152697212062776 0.00824518874287605 0.00433754154946655 0.000882905756589025 0.000530004026950337 0.0008302781090606 0.000279190663422924 0.000276910779939499 0.00047940646763891 0.00037815149553353 0.000273328204639256 0.000176581752020866 0.000196224203682505 0.00025175759656122
0.0117538728751242 0.00809356695972383 0.00904422183521092 0.00754108401015401 0.00797804584726691 0.00979294045828283 0.00110057884594426 0.000478404530440457 0.00221086496021599 0.00449433829635382 0.00495877463836223 0.00163195845670998 0.00462612740229815 0.00447757130023092 0.00239410664653406 0.00235562298912555 0.00258306366158649 0.001947601523716 0.00223087019985542 0.0037560056662187 0.00350149910664186 0.00386717752553523 0.00328288362361491 0.00296027333242819 0.00339970542117953 0.00432375255040824 0.00565212743822485 0.0074759598588571 0.00736637567169964 0.00504240726586431 0.00718350266106427 0.00633565024472773 0.00421174141811207 0.00821098065935075 0.00287029587198049 0.000550504657439888 0.000395777117228135 0.000452060939278454 0.000372190302005038 0.000219780280895066 0.000192387471906841 0.000358634977601469 0.000282083541969769 0.000621072374633513 0.000176180979906349 0.000174445081211161
0.00722791822627187 0.00673368575517088 0.0069326744414866 0.0049428048543632 0.00533971374388784 0.00620373405981809 0.00388228029478341 0.00261866092914715 0.00165289120050147 0.00472555758897215 0.0037005330901593 0.00278803703840822 0.0023116449592635 0.00229418813250959 0.00279874139232561 0.00278804487315938 0.00323690101504326 0.00226676610764116 0.00276991663267836 0.00251210835995153 0.00224252849584445 0.00252267190953717 0.00153313921764493 0.00284530295757577 0.00378037090413272 0.00287025440484285 0.00343763753771782 0.00268963247071952 0.00408983528614044 0.00779957743361592 0.00424942555837333 0.0110099751967937 0.00527746470179409 0.0131214517634362 0.00592547764535993 0.00050999146187678 0.000287170971569139 0.000356933986768126 0.000216772806015797 0.000227414375694934 0.000290452608896885 0.000297131125989836 0.000441695470362902 0.000245817028917372 0.000248306040884927 0.00026983214484062
0.00648397482000291 0.00954624325968325 0.00852001393213868 0.00655539901927113 0.00715580331161618 0.00492443712428212 0.00344475577585399 0.000923023064387962 0.00031286972516682 0.000375257682753727 0.000920234282966703 0.00214146379148588 0.00199237032793462 0.00172204520786181 0.00273719567339867 0.000329127298027743 0.0013647296524141 0.00192172792740166 0.00206123923417181 0.00246041818754748 0.00365511004347354 0.00191806008806452 0.002935872587841 0.00284044834552333 0.00276916428701952 0.00429759991820902 0.00475339365657419 0.00244902857812122 0.00805771006271243 0.0175391738303006 0.0145156567916274 0.0181990663520992 0.0229634121060371 0.00406744645442814 0.00124707972281612 0.000439873387222178 0.000338052520237397 0.000347555341431871 0.000229890040645842 0.000181173703458626 0.000102409001192427 0.000166833175899228 0.000153356111695757 0.000363938634109218 0.00020573706497089 0.000479865305533167
0.0032106228871271 0.00415468099527061 0.00270849070511758 0.00535233789123595 0.00634431326761842 0.00178591411095113 0.00170604244340211 0.000786719709867611 0.000242580704070861 0.000143522715370636 0.00243692583171651 0.00221456312574446 0.00428533717058599 0.00339116617105901 0.00396527294069529 0.000563278757908847 0.000876173705910333 0.00135081459884532 0.00091191281680949 0.00229988711653277 0.00197636212687939 0.00226455761585385 0.00205211052671075 0.00227864591870457 0.00289989424636587 0.00546975689940155 0.498086961358786 0.00307308835908771 0.00618970883078873 0.0076346093788743 0.0113764642272145 0.00521514136344194 0.00950488294474781 0.00503390470985323 0.000654815509915352 0.000288036378333345 0.000251708542054985 0.000318452683859505 0.00024361399555346 0.000129752332577482 8.0270397302229e-05 3.59263942300458e-05 9.36700504098553e-05 5.93016779021127e-05 0.000131389620219124 0.000159718622307992
0.00658832346089184 0.00663659293204546 0.00237304305192083 0.00137134164106101 0.00221495548030362 0.00119760570232756 0.000824874310637824 0.000566496272222139 0.000745089413248934 0.000631360828992911 0.00127088500303216 0.00195971481734887 0.00376300155185163 0.0021584092755802 0.00157355626579374 0.000773464838857763 0.000911044527310878 0.00361412268830463 0.00153589356923476 0.00158622935996391 0.00192768186097965 0.00239995450247079 0.00212519101332873 0.00166308905463666 0.00286641335114837 0.0262408255599439 0.0117988734506071 0.0149228601716459 0.00319628851721063 0.0118006059899926 0.00732365248259157 0.00955066070891917 0.00183517411351204 0.00133599555119872 0.000806495256256312 0.000354791621793993 0.000423805303580593 0.000225702488387469 0.000151159251254285 0.00011873834519065 0.000103908563323785 3.77167427359382e-05 0.000128381034301128 2.75579703156836e-05 3.57703858753666e-05 1.26458016438846e-05
0.00505774361081421 0.00704528498463333 0.00619328152388334 0.00471447252202779 0.00475299642421305 0.00600398085080087 0.00127904639812186 0.00117674749344587 0.000608021265361458 0.000666665722383186 0.0018500029691495 0.00228438115445897 0.00129263098351657 0.00373750338330865 0.000282440114824567 0.000604305005981587 0.00105535804759711 0.000853129985625856 0.000482100306544453 0.000493903175811283 0.00125480446731672 0.00221428527729586 0.00338506323751062 0.00224565651733428 0.00309983715415001 0.00423012909013778 0.0089368112385273 0.00604849050287157 0.00248625469394028 0.00448595541529357 0.00603036594111472 0.00827659447677434 0.00229412285843864 0.0018761173938401 0.000619993757572956 0.000530517462175339 0.000674532144330442 0.000189769790449645 0.000125210400437936 6.12964817264583e-05 5.49464213690953e-05 4.9890618538484e-05 0.000114733703958336 2.4566402680648e-05 3.84586597647285e-05 1.89868533198023e-05
0.00404802621342242 0.0039995904546231 0.00569620132446289 0.00515721009578556 0.00332707036286592 0.00582172437570989 0.00105426405207254 0.00129464006167836 0.0027434907737188 0.00239148759283125 0.002171605755575 0.00184510167455301 0.00163544797105715 0.00167233901447617 0.000907489220844582 0.0013582109939307 0.00311618526466191 0.000716007285518572 0.000834234163630754 0.0011063135927543 0.00149108250043355 0.00177986199269071 0.00183351278537884 0.00216920154634863 0.00315015686210245 0.00391689320094883 0.00585492013487965 0.00920029389671981 0.00723066469654441 0.00839213123545051 0.00804718970321119 0.00259495131904259 0.00249472646974027 0.00123696313821711 0.000640197639586404 0.000252258819818962 0.00111485241213813 0.000196864973986521 0.000126788225315977 0.000189219940511975 0.000102680769487051 6.24470761977136e-05 0.000106063325074501 2.55434930295451e-05 5.08448405525996e-05 4.27280736403191e-05
0.00507952352054417 0.00828397059813142 0.00496352114714682 0.005569650628604 0.00326344806235284 0.00311773654539138 0.00432756568770856 0.00286557758226991 0.00274291166570038 0.00239539162721485 0.00216246650088578 0.00186848194571212 0.00312629766995087 0.00239315354265273 0.00196075259009376 0.00199378209654242 0.00152620385788396 0.00163721554563381 0.00199828386539593 0.00066992144274991 0.000832522619748488 0.00138239541556686 0.00237692525843158 0.00233190938597545 0.00384233193472028 0.00498346551321447 0.0158138601109385 0.0197864813730121 0.00710247901733965 0.00966899744234979 0.00968890464864671 0.00550915612839162 0.00171695682220161 0.000814289704430848 0.000427247869083658 0.000355438835777022 0.000250310800220177 0.000150205584019147 0.000116945552144898 0.000231619608530309 0.000222154516086448 0.000174871709168656 0.00012324905837886 0.00016772035160102 3.57799357516342e-05 7.63154999731341e-05
0.00465598895680159 0.00658516967669129 0.00477980573195964 0.00497098511550575 0.00160942131187767 0.00294551644474268 0.00288558974862099 0.00293548798654228 0.00293819752987474 0.00261837176512927 0.00329378686146811 0.00333160124719143 0.00349319672677666 0.00220295438775793 0.00198513292707503 0.000993840047158301 0.152914219657077 0.00248403626028448 0.00271453212480992 0.00165902016451582 0.00178963415091857 0.00205132543342188 0.00199046728666872 0.0029320388333872 0.00353678199462593 0.00379943605512381 0.00888755978085101 0.00890659061260521 0.00502580648753792 0.00457655668724328 0.00851114043034613 0.0121898061130196 0.00338463380467147 0.00106145062600262 0.000514455125085078 0.000353796858689748 0.000272500942810439 0.000208110603853129 0.000137119974533562 2.78817553960975e-05 8.86940037162276e-05 0.000124632387451129 0.000140192966500763 0.00021991056855768 0.000151985915726982 0.00010784279438667
0.00635627778246999 0.0057202291674912 0.00534822240006179 0.00335515148472041 0.00510365962982178 0.00297138092573732 0.00308820144273341 0.0030027681030333 0.00268702774774283 0.00262982731219381 0.00217109255027026 0.00187549889087677 0.00260475828545168 0.00293269114335999 0.00179333912092261 0.00163238066597842 0.337807355524096 0.00118295280560687 0.00166050086263567 0.00255702997092158 0.00168931655352935 0.00187589788110927 0.00229842599947006 0.00282987985992804 0.00317449080757797 0.00419014152139425 0.00274512250907719 0.00831657443195582 0.00381226083263755 0.00382408059667796 0.00499544332269579 0.00693582673557103 0.00351446103304625 0.000896168116014451 0.000531642229179852 0.000421200587879866 0.000349979911698028 0.000226944801397622 0.000101878231362207 0.000122469287452986 0.000268714367120992 0.000158030200691428 0.00018422881475999 0.000146026615402661 2.44466122239828e-05 3.95997429222916e-05
0.0070928817614913 0.00421472922898829 0.00480683906935155 0.00402204226702452 0.00230441774474457 0.00255503549706191 0.00466104340739548 0.00289297918789089 0.00298856226727366 0.00260902090230957 0.00232970231445506 0.00202555594732985 0.00192648409865797 0.00125242387875915 0.000498236619750969 0.000780238269362599 0.00103472998016514 0.00281208959640935 0.00281266949605197 0.00133723182952963 0.00236590827116743 0.0028892690083012 0.00290715794544667 0.00329728503711522 0.00355581366457045 0.00371208062861115 0.00271808645920828 0.00679988600313663 0.00536166296806186 0.00535372453741729 0.0043258058372885 0.00427489560097456 0.00135640427470207 0.000904670509044081 0.000755759415915236 0.000539282307727262 0.000455049716401845 0.000288197335612495 0.000427755623240955 0.00020541512494674 0.000120286152377957 0.000109036487992853 0.000109285048529273 0.000178097208117833 0.000118178343109321 0.000127680772857275
0.00448180590756238 0.00229218992171809 0.00276313129579648 0.00175622823589947 0.00123419538722374 0.000875995116075501 0.00178499140311033 0.00263502777088433 0.00358060044236481 0.0035754440817982 0.00306756447535008 0.00308872028253973 0.00683921126183122 0.000431014642526861 0.00117979360511526 0.00140213060076348 0.00248458262067288 0.00110407838365063 0.00222350583644584 0.00296762982616201 0.00165275265462697 0.00327452481287764 0.0090663064038381 0.0033473483286798 0.00234291885280982 0.00284499608678743 0.00285633164457977 0.0102838212158531 0.00400575927924365 0.0041478993371129 0.00519123459234834 0.00323819511104375 0.00206169248558581 0.00110733711044304 0.000712151732295752 0.000527614608290605 0.000496138364542276 0.000430889784183819 0.000618537835543975 0.00027608654636424 0.000551652413560078 0.000241412689501885 0.000219505673157983 0.000210023402178194 0.000407226504466962 0.000389696379716042
0.00679707159288228 0.00303184274816886 0.00274439753266051 0.00167101745610125 0.00228521714452654 0.00172230730531737 0.00215283753350377 0.00365976169705391 0.00215712275821716 0.00398448286578059 0.00280107252765447 0.00184141886420548 0.00291020657168701 0.00136303873732686 0.00109049833263271 0.000555318001715932 0.00128486081957817 0.00135203230311163 0.00152742593782023 0.00152886594296433 0.00313938304316252 0.00386579764308408 0.00282091286499053 0.00120769774075598 0.00212615422205999 0.00207534123910591 0.00608506749849766 0.004443669016473 0.00497985270339996 0.00935258958488703 0.0047696768771857 0.002947683702223 0.00191701307194307 0.00144101091427729 0.00131408245651983 0.000771914143115282 0.000532662426121533 0.00039949580677785 0.000717932498082519 0.000315821039839648 0.000460312952054664 0.000433753037941642 0.000196547510859091 0.000227567585534416 0.000487563153728843 0.00021468805935001
0.00417241244576871 0.00608216656837612 0.00553377978503704 0.00323672476224601 0.00246461356291547 0.00459826253354549 0.00341848381794989 0.00405685484874994 0.00422909031622112 0.00335852620191872 0.00408691228367388 0.00375672236550599 0.00187732318881899 0.00170868312125094 0.00173159303376451 0.00154898826149292 0.00191315186675638 0.00176519178203307 0.00270126654068008 0.00156722582760267 0.00185710387304425 0.00155052674235776 0.00267680919496343 0.00180366996210068 0.00192961997818202 0.00202937658177689 0.00272666928358376 0.002780723629985 0.00237294543767348 0.00358420929405838 0.00404577346052974 0.0022727316012606 0.00374828483836609 0 0.000842096535780001 0.000720386079046875 0.000953686278080568 0.000462208784301765 0.00038851221324876 0.000155785155220656 0.00045664194622077 0.000565634586382657 0.000576411871588789 0.000362250422767829 0.00036522954760585 0.000325339737173636
0.00615591583773494 0.00576092237606645 0.00526649325620383 0.00474956627003849 0.00266570668900386 0.00300572968553752 0.00347879834007472 0.00158549438347109 0.0014373199432157 0.000863947930338327 0.00154380797175691 0.00064843553409446 0.00128796675126068 0.00241027325391769 0.00363833989249542 0.00323405603412539 0.0016995546175167 0.00135504318750463 0.00150816683308221 0.00171518001006916 0.00125693387817591 0.00161516849184409 0.0039062058320269 0.00478220682125539 0.00139002998475917 0.00148721434525214 0.00215018225135282 0.0028645652346313 0.00268551892368123 0.00304285791935399 0.00244982053991407 0.00259737452724949 0.00174342627869919 0.00135476774303243 0.000995209325540003 0.00152273622879875 0.00120121812215075 0.000518075661966577 0.000546591178863309 0.000840738913393579 0.000326607760507613 0.000228858232731 0.000458762008929625 0.000451853525009938 0.000277254052343778 0.000249301087751519
0.00415063686668873 0.00378092145547271 0.00216782666975632 0.00315299627836794 0.0041626107878983 0.0017387434374541 0.00125465956516564 0.00181195900077 0.00490707366261631 0.00339507025200874 0.00336926665622741 0.00302800055360422 0.00144212703453377 0.00121194143721368 0.00290279963955982 0.00337343405699357 0.00163347665220499 0.00152561893337406 0.00153314115596004 0.00150108262314461 0.00141213940805756 0.0015730788174551 0.00220099310390651 0.00123212180915289 0.00137367665302008 0.00265576373785734 0.00306529864901677 0.00186320056673139 0.00193601344944909 0.00202006999170408 0.00220929565839469 0.00241898929234594 0.00217571553075686 0.00152022916590795 0.00149750624550506 0.00160989559954032 4.07256180778859e-08 0.000509490157128312 0.0012208660133183 0.000414371641818434 0.000577907208935358 0.000542119663441554 0.00139756044954993 0.000587066682055593 0.000463705410948023 0.000255169562296942
0.00302154321689159 0.00192863483680412 0.00192238709423691 0.00130259316065349 0.0014290378021542 0.00176503518596292 0.00161719504976645 0.00483110370114446 0.00283866180106997 0.00228686779737473 0.004328473797068 0.00152091860072687 0.00382685812655836 0.0037440862506628 0.00370750084985048 0.00299530047923326 0.00109728270908818 0.00389812410576269 0.000787304301047698 0.00170815290184692 0.00058889489446301 0.000631851475918665 0.000579722845111519 0.00227586370892823 0.00127334770513698 0.00123739615664817 0.00258239593822509 0.00154076814069413 0.00208733433391899 0.00270224910927936 0.00284219781169668 0.00264006272191182 0.00197983045363799 0.00141229964792728 0.000918846495503622 0.000984422425972298 0.00138035038253292 0.000542921101441607 0.000476558564696461 0.000805520743597299 0.000667659437749535 0.000591110807727091 0.000749951502075419 0.000687626274884678 0.000301221788686234 0.000462276049074717
0.00380240823142231 0.00212928008986637 0.00213999822735786 0.0015218421969621 0.00166993046004791 0.00146089584450237 0.0013985363591928 0.00122017656685784 0.00161011515883729 0.000702889237436466 0.000873677622765179 0.00157520815128009 0.00225109436407678 0.00129984039029575 0.00375702188466676 0.00226462908904068 0.00131870953482576 0.00193698974326253 0.000785229733446613 0.00209128445712849 0.00117533020675182 0.00125271188444458 0.000969225200992696 0.00225143796997145 0.00161541200359352 0.0015077427669894 0.00136727383360267 0.00146803306415677 0.00166284770239145 0.00204673281405121 0.00230146724497899 0.00194721072912216 0.00192304895026609 0.00174612132832408 0.00231348872184753 0.00102359028533101 0.00095528262318112 0.000854109739884734 0.000856647244654596 0.000168999596406572 0.000307606569003838 0.000438657641643658 0.000759392674081028 0.000416218824102543 0.000373753826715983 0.00027804462442873
