Scripts_&_data/Maxent_result_files_2/B_rupestris_3.asc
NCOLS 594 
NROWS 330 
XLLCORNER -15 
YLLCORNER 23 
CELLSIZE 0.166666666666667 
NODATA_value -9999 
[rows 100 to 119 of 330, columns 322 to 367 of 594]
0.00462896631797776 0.0144415525719523 0.0185713545419276 0.0237725246697664 0.0158883372321725 0.0113735129125416 0.0108730770647526 0.0133191080763936 0.00989994578994811 0.0202901511453092 0.0117743845563382 0.00889707054011524 0.00886154570616782 0.00878767846152186 0.0106252981349826 0.0107383804861456 0.0349882367998362 0.0319528345018625 0.0164529894478619 0.0314195053651929 0.025713000819087 0.0185137612745166 0.0316201211884618 0.0136171123478562 0.0173486518673599 0.0202277052216232 0.0183445553295314 0.0108524773269892 0.0106259851250798 0.0425421793013811 0.0401085074990988 0.0105944131501019 0.0104118393734097 0.0104023038875312 0.0105081025045365 0.0190947517752647 0.0144361457787454 0.0137552286498249 0.0105608351528645 0.0104266657028347 0.0130704469047487 0.0101744026876986 0.0101868120953441 0.0105431600473821 0.0107438481878489 0.0110762221738696
0.0243371861055493 0.00198493250063621 0.00710145658813417 0.0170505494810641 0.0249590968713164 0.0156553051434457 0.0418045159429312 0.0195477467961609 0.0092659535817802 0.0116033761762083 0.0136843731161207 0.00892527252435684 0.00888499896973372 0.0495071774348617 0.00902791256085038 0.0132496095728129 0.0186208602972329 0.00948352254927158 0.0219867577776313 0.0300103710964322 0.0693395361304283 0.0121217930223793 0.0133277652785182 0.0131398446392268 0.0279141338542104 0.0218013633042574 0.0212480243295431 0.0369410833343864 0.0310622498393059 0.0106318185571581 0.0181384472176433 0.0104081568308175 0.0104478942696005 0.0105636588297784 0.0105779513251036 0.0105940173845738 0.0107445031404495 0.0143317177891731 0.014558407664299 0.0105356538202614 0.0102735562715679 0.013708796678111 0.0104980324395001 0.0105857148766518 0.0108247281983495 0.0111618110910058
0.00564360860735178 0.00553524252027273 0.00565165905281901 0.0068944577826187 0.0163180119358003 0.0369324991479516 0.0176447324454784 0.0124285533092916 0.0094681229442358 0.0108934496995062 0.00925050638616085 0.0138346151914448 0.0137098108418286 0.0347109414637089 0.0108002141583711 0.0093858826905489 0.00953082107007503 0.00975819644518197 0.0221974395215511 0.0184691364876926 0.0362543238326907 0.0165226400829852 0.0289262095466256 0.0227901557460427 0.0205449697561562 0.0216157985851169 0.0280596988275647 0.0290493480861187 0.0201153202913702 0.0127236980479211 0.0105107283685356 0.0107446680776775 0.0105693368241191 0.0110029610805213 0.0035573267727159 0.010473375627771 0.0108278294559568 0.00986309638246894 0.0203710174188018 0.0263732961378992 0.0130513269454241 0.0147844878491014 0.0105898761656135 0.0108636143617332 0.0107775478623807 0.0111587149556726
0.0132382926531136 0.00474200383760035 0.0061131845228374 0.0171122061088681 0.0114570335485041 0.0158747795037925 0.0104011454153806 0.0157977681607008 0.0120241037104279 0.0146326524671167 0.0142896143719554 0.00943999784067273 0.018333435151726 0.0147518628742546 0.0216377339325845 0.00950706508010626 0.0129548177588731 0.0405122052878141 0.0315352212637663 0.0315101565793157 0.0299266640096903 0.0138271636329591 0.0182889809831977 0.0349695026874542 0.0140655707102269 0.0072374242823571 0.0334619764238596 0.0396483199670911 0.0109769586939365 0.0108860737178475 0.0436931980773807 0.0241943249478936 0.0107051832601428 0.0103146342094988 0.0090390115045011 0.0104402932338417 0.00883056563325226 0.0159809592179954 0.0123414443805814 0.0108728882856667 0.0152767170220613 0.0262201210483909 0.0142471889033914 0.0133798954542726 0.0108702820725739 0.0334421053528786
0.0275526873767376 0.00582460218574852 0.00573851072695106 0.0136091859545559 0.0148344767279923 0.0370486993342638 0.0335004089400172 0.0150281936395913 0.0100536549929529 0.0322904292494059 0.0133995329495519 0.0136007435619831 0.00971161951310933 0.0139396526385099 0.017282953672111 0.0151217469014227 0.00968222725205123 0.0390386536717415 0.0412343673408031 0.0324553787708282 0.0238081507384777 0.0110460546333343 0.0115791366901249 0.0196273548528552 0.0165124888531864 0.0147391358856112 0.0206518338061869 0.0270799599587917 0.0259105516597629 0.023429505713284 0.0279223354533315 0.0179212839342654 0.0168833366595209 0.0136515497695655 0.0199097122997046 0.00749547388404608 0.00456741233356297 0.00652713435702026 0.0138070940971375 0.0170915911905468 0.015136606991291 0.0144433698616922 0.0126038563903421 0.0157940845005214 0.0191134311258793 0.0288094254210591
0.0221468381583691 0.0051796805113554 0.00398005221504718 0.0302965059876442 0.0238325159065425 0.0154165798798203 0.0346242766827345 0.0345646008849144 0.022240046877414 0.0483220137655735 0.015249517839402 0.0100030492059886 0.0200018962845206 0.0365533204749227 0.0324403569102287 0.0289477711543441 0.00995151125825942 0.0329444693401456 0.029488443210721 0.0223941778764129 0.00992340031079948 0.00987744419835508 0.0116570034530014 0.0115599125158042 0.0118226311169565 0.0300039557740092 0.0310497246682644 0.0287648499011993 0.03078967127949 0.0231902506202459 0.0180245874449611 0.0419610548764467 0.0351204108446836 0.0196144451387227 0.0109714783262461 0.0147276010364294 0.0181592949666083 0.0106846411246806 0.0146992136258632 0.0106210861820728 0.0105188689660281 0.0148265256080776 0.0145871399901807 0.0194088437594473 0.0110473502893001 0.0110441229771823
0.0134720315691084 0.00621145754121244 0.00826180619187653 0.0385972142219543 0.0160219486802816 0.0491423279047012 0.0296679399907589 0.0228773090988398 0.0366669477894902 0.024389373511076 0.0107436705846339 0.0122345895506442 0.0102171767037362 0.0241254510357976 0.0180469362996519 0.0100815707817674 0.00997237944975495 0.0330808348953724 0.0100671077612787 0.00994282593019307 0.0175557179376483 0.0391978861764073 0.00773845068179071 0.0127207022625953 0.0136588212102652 0.0100297885946929 0.0104582392144948 0.0106587558519095 0.0107390980236232 0.0107659405097365 0.0215933472849429 0.0107875031419098 0.0358487265184522 0.0208480022847652 0.0234867736697197 0.0108555218670517 0.00926415487192571 0.0141482885461301 0.0108493593055755 0.0147259464021772 0.010745984595269 0.010743173211813 0.0107952760066837 0.0109568332321942 0.0109649938065559 0.0107853837776929
0.0182819935493171 0.0123033368960023 0.0152790942229331 0.0462279759347439 0.0361284155398607 0.0526183169335127 0.0312972804531455 0.0126242749392986 0.0337405636906624 0.0151159262284636 0.0466081436723471 0.0434081051498652 0.0254650482907891 0.0300973648205399 0.0370362266898155 0.0103805047925562 0.0293145643547177 0.0215855887159705 0.0143560439348221 0.00992019306868315 0.0184127809479833 0.0144447856582701 0.0260039478540421 0.0101992622949183 0.0194155475124717 0.010261444048956 0.0168970737606287 0.0101602500770241 0.0108304148074239 0.0109746819362044 0.0107196004595608 0.0140891354065388 0.0129124299623072 0.0140522823669016 0.0170719567686319 0.00522547177970409 0.00805001705884933 0.0125127266161144 0.00381910488940775 0.0225708657875657 0.0158160474151373 0.034571161493659 0.030034251511097 0.0352965893223882 0.0228367459960282 0.0390845751389861
0.0342063657939434 0.0483208576217294 0.0706688400357962 0.0287366976961493 0.0340014735236764 0.0201030762866139 0.0421869825571775 0.0172466173768044 0.0122254441492259 0.0322553178295493 0.0253842836245894 0.0262753492221236 0.0143132654484361 0.0104899256490171 0.0339669495820999 0.00590343540534377 0.0139453645795584 0.0211763184517622 0.0102730293758214 0.0101502427365631 0.0101291069295257 0.0311881721019745 0.030079223588109 0.0183439397253096 0.0465841518715024 0.0104354480281472 0.0130014715250582 0.011587736196816 0.0177780130878091 0.0106303123757243 0.0165370785631239 0.0146122856065631 0.0128714106976986 0.0143670964054763 0.027016095072031 0.0340057028457522 0.0216930279508233 0.0350480319932103 0.0237035932019353 0.0225368713028729 0.0156691234558821 0.0170710726641119 0.0463466929271817 0.0184063527733088 0.0107644748874009 0.0353818206116557
0.0970366165041923 0.0533042673021555 0.051474817097187 0.0273419566452503 0.0328903859481215 0.0653707999736071 0.0441650498658419 0.0355120908468962 0.020999863371253 0.0122466262429953 0.0164051601663232 0.0178425743244588 0.0109847871121019 0.0117415297310799 0.0106068084016442 0.0106939774006605 0.0106194030493498 0.0105536786839366 0.012539813760668 0.0305328220129013 0.0238309536129236 0.0139435708522797 0.0132531187497079 0.0138471216429025 0.0332027504220605 0.0105816198512912 0.0177213164046407 0.0105622745119035 0.0105891725048423 0.0198268739506602 0.0107162117026746 0.0147055790759623 0.0111324697267264 0.026590464822948 0.0154921461828053 0.0105774700175971 0.0105355858802795 0.0106760798953474 0.0234649630263448 0.0234478136524558 0.0317084698006511 0.016697512473911 0.0135125276166946 0.016823208425194 0.0104940588120371 0.0108070339541882
0.033239976875484 0.0406270809471607 0.0687968648970127 0.0644460577517748 0.0368327882140875 0.0177081293426454 0.0440149622038007 0.0312690416350961 0.016052702255547 0.0264162614941597 0.0382074441760778 0.0365820815786719 0.0300531880930066 0.0247566808015108 0.0277996538206935 0.0184041066095233 0.032444398663938 0.03080537263304 0.0159239992499352 0.0057965176878497 0.0027460869285278 0.00555159386713058 0.0230820122174919 0.0184804844669998 0.0175677191466093 0.011042761662975 0.0105093342717737 0.010387454694137 0.0141791286412626 0.0139823280740529 0.0108455426525325 0.0109044346027076 0.0109883001074195 0.0108665893785655 0.0107630198355764 0.0107180119492114 0.010664302110672 0.010674659954384 0.0108078505378217 0.0297908050939441 0.019396064709872 0.0400455368682742 0.0153626102022827 0.0107218587305397 0.0106068552471697 0.0114890956319869
0.0313624281436205 0.0252326477319002 0.0466247921809554 0.0377925647422671 0.0369157385081053 0.0672208309173584 0.0424278449267149 0.0301910795271397 0.0547522865235806 0.00952260359190404 0.0110086936037987 0.0154830859042704 0.0118545436300337 0.0368387686088681 0.016531213466078 0.00631023033056408 0.00637909336946905 0.0047658841824159 0.00367114358814433 0.00338629104662687 0.0044866852927953 0.00810218001715839 0.0122063701041043 0.0294410100206733 0.0340827699750662 0.0172912429086864 0.0104870007839054 0.0104368867352605 0.013821181980893 0.0109379571396858 0.0112033342476934 0.0111732857301831 0.0112271063029766 0.0111678753048182 0.0111739653162658 0.0109531171619892 0.0106896036304533 0.0109222626779228 0.0110090339556336 0.0108383250422776 0.0126959003508091 0.029684822447598 0.0107855644542724 0.0349437899887562 0.0107160712126642 0.0108244967646897
0.0336289083585143 0.0205454625189304 0.0146444533020258 0.0384584786370397 0.037889027968049 0.0323132062330842 0.0510698527097702 0.247479481995106 0.0201758877374232 0.0159075687639415 0.0188446217216551 0.034498012252152 0.0316489726305008 0.0301709443330765 0.0326523182913661 0.0111832014750689 0.00994610851630568 0.014843628834933 0.0108941585291177 0.0128808248322457 0.0304492812603712 0.0102575554978102 0.01021315632388 0.0198442088440061 0.0125304254237562 0.0106522355694324 0.0109225248452276 0.0109886686783284 0.0212514398619533 0.0134342715144157 0.0115428892895579 0.0125604290049523 0.0114719844423234 0.0113248675130308 0.013020842242986 0.0113476955331862 0.0111642921809107 0.0111788859125227 0.011111461604014 0.0109343631193042 0.0109004876576364 0.0106341433245689 0.0107262218371034 0.0108224279712886 0.0105788227170706 0.0107768327463418
0.0283488305285573 0.0293009473010898 0.0378511134535074 0.0189348614774644 0.0475193096324801 0.0341261256486177 0.0305771680548787 0.0345760866999626 0.0294384269043803 0.0328495945781469 0.0379237249493599 0.0181555477902293 0.0119901833124459 0.0197284585796297 0.0113358438014984 0.0110067716799676 0.0108410934917629 0.0147809698246419 0.0107115434482694 0.0105332633946091 0.0105434167198837 0.0274707160890102 0.0106825105845928 0.0301777919754386 0.0104762516450137 0.0139971595723182 0.0110864704940468 0.0131962801795453 0.0113948022946715 0.0118100446183234 0.0117417363449931 0.0114819094073027 0.0114952734205872 0.0114921981468797 0.0115049467422068 0.0118143739178777 0.0112457531038672 0.0109435207676142 0.0110725730191916 0.0111234011594206 0.01100795394741 0.0107172962278128 0.0107623955234885 0.0195794275961816 0.0234464354813099 0.0235480317845941
0.0414736799895763 0.0414821831509471 0.0437184797599912 0.045613325573504 0.0408853879198432 0.0353016793727875 0.0414873609319329 0.0595479883253574 0.0404953377321362 0.0279541339725256 0.0386414231732488 0.0267711505293846 0.0325035061687231 0.0368531856685877 0.0283128933981061 0.0183900622650981 0.0324775090441108 0.0109273840207607 0.010730829462409 0.0138934012968093 0.0149930364452302 0.0104726140853018 0.0179455000907183 0.03248380292207 0.0119915613904595 0.0111260078847408 0.0112511374522001 0.0117138077970594 0.0117534563411027 0.0118304441682994 0.0117704579606652 0.0118595694191754 0.0115563857369125 0.0355998175218701 0.0155817415099591 0.011698802234605 0.0113761170767248 0.0112114164978266 0.011047636019066 0.0109425567556173 0.0110588905867189 0.0173018977046013 0.0415797147899866 0.0396264173090458 0.0344520719721913 0.0212485106661916
0.0247687732800841 0.0164646555669606 0.0335595414042473 0.0287826679646969 0.0290052093565464 0.0363767448812723 0.019239052105695 0.0360771376639605 0.0245471316389739 0.0312357736751437 0.0461860286071897 0.0120048790238798 0.0384913256391883 0.0253213068470359 0.025055942311883 0.0347920129075646 0.0130534771364182 0.0128395006991923 0.0354983111843467 0.028923605568707 0.0164182966575027 0.0104941941797733 0.0176101199351251 0.029497854784131 0.0508562423288822 0.0247487520799041 0.0150069215334952 0.0117249765433371 0.0138919007964432 0.01163639430888 0.0115126698277891 0.0116602285765111 0.011905819317326 0.0255911502987146 0.0165387565270066 0.016275189910084 0.0132214315235615 0.0184993969276547 0.0224084323272109 0.0127615709323436 0.0244916122406721 0.0217436112463474 0.0114973729941994 0.0133277853019536 0.0110905881971121 0.0111739248037338
0.0428452253341675 0.033874698355794 0.0349303528666496 0.0333293911069632 0.0352167058736086 0.0288382418453693 0.0171911604702473 0.0234874641522765 0.0405558329075575 0.0365716172382236 0.0174251673743129 0.011813818057999 0.0113275640178472 0.0111484288237989 0.0110097346361727 0.0270465897396207 0.0239333260804415 0.0197693814523518 0.0276796976104379 0.0282411441206932 0.0335540112107992 0.017087600659579 0.0204686040990055 0.0125795318745077 0.01087137889117 0.0111179104540497 0.0113166695926338 0.0115202468354255 0.0167214673012495 0.017548805102706 0.0120423740707338 0.0119512774050236 0.0138738454319537 0.0120291298255324 0.0116850302554667 0.0164993545971811 0.026159180700779 0.0355215158313513 0.0204720246605575 0.0115952198859304 0.0246608935296535 0.0132994901388884 0.0133077103644609 0.0152332233265042 0.0113061129115522 0.011440523667261
0.00449798363260925 0.0208374281413853 0.0466844629496336 0.0267312297597527 0.0289738023653626 0.0434583026915789 0.0203892262652516 0.0403449619188905 0.0185068259947002 0.0318162696436048 0.0289579700678587 0.0300200449302793 0.0319394990801811 0.0261487603187561 0.0293641462922096 0.0250880429521203 0.0251448888331652 0.0414076065644622 0.0273669267073274 0.0241985650733113 0.0327016638591886 0.0759900122880936 0.0631420113146305 0.0293070197105408 0.0134186487644911 0.0310861073434353 0.0256540825590491 0.0350097386166453 0.0320838002488017 0.0250150611624122 0.0123442573007196 0.0121995836496353 0.0120314193423837 0.0121740011963993 0.0118099601007998 0.0167285370640457 0.0320898879319429 0.0318371603265405 0.0374490797519684 0.0112772007007152 0.0409859661012888 0.0393221771344543 0.0112831143196672 0.021774500515312 0.0115393868647516 0.0354260984808207
0.0105419842991978 0.0545738846063614 0.0381379127502441 0.0305703742429614 0.0182153446599841 0.0279589880257845 0.02951301895082 0.0376475669443607 0.0288156498223543 0.0330028602853417 0.0213405474089086 0.0274483967572451 0.0294510018080473 0.0264703668653965 0.0471128772944212 0.0249828584492207 0.0238875910639763 0.0242275666445494 0.0240441970527172 0.0240947155281901 0.0244257427752018 0.0330409342423081 0.0145315307192504 0.0129852098412812 0.0230328403413296 0.0251125145703554 0.030820625834167 0.0237536923959851 0.0123928653076291 0.0217191066592932 0.0318633267655969 0.038861270993948 0.0121256912127137 0.0118479370139539 0.0388391276821494 0.0253889888525009 0.0339559879153967 0.0116995749529451 0.011620755167678 0.0164554274640977 0.0112849507015198 0.011292282352224 0.0243826650083065 0.0257015392184258 0.0118243367876858 0.0120464164763689
0.0907474730163813 0.121913689374924 0.0359498487785459 0.0288313236087561 0.0366723708808422 0.0280210394412279 0.0277241788804531 0.0282362759113312 0.0279637586325407 0.0293745195493102 0.0281724831089377 0.0278510879725218 0.0297989003360271 0.0358464865013957 0.0341698277741671 0.0321773322299123 0.029331617243588 0.0245614141225815 0.0254441056400537 0.0242388674989343 0.0293120097368956 0.0297935882583261 0.0193779714405537 0.0247514860704541 0.0250183820724487 0.0294891834259033 0.0268294159322977 0.0124291323591024 0.0125521472189575 0.0404999671503901 0.0313450749963522 0.025435808673501 0.0238487305119634 0.0215915728360415 0.0297874256968498 0.0147184240631759 0.0116424277424812 0.0115285368170589 0.0114373039919883 0.0114028333686292 0.024006874114275 0.0226834127679467 0.0232390414923429 0.0233816839754581 0.011787250591442 0.0173119898885489
