Scripts_&_data/Maxent_result_files_2/B_rupestris_3.asc
NCOLS 594 
NROWS 330 
XLLCORNER -15 
YLLCORNER 23 
CELLSIZE 0.166666666666667 
NODATA_value -9999 
[rows 280 to 299 of 330, columns 506 to 551 of 594]
6.10523284549913e-07 2.56019929594231e-06 6.56240842431544e-06 4.72303988772183e-06 1.21114161402147e-06 3.05991067595102e-08 9.79665193412416e-09 1.09893164235153e-08 2.01601398797102e-08 5.8009006143056e-08 3.21131152336562e-08 2.04150356952759e-08 1.59712220115793e-09 1.00735053631951e-09 1.26375213627128e-09 1.36263677008586e-09 1.0525033689035e-08 1.20685093873973e-07 8.37782664797615e-08 2.90878843012266e-08 5.75936192959148e-08 5.16438366959804e-08 5.06248934106779e-08 5.73131764602941e-08 7.96808512837366e-08 8.15661411524005e-08 3.99024094210887e-08 9.11266359038265e-08 1.05937518934951e-07 1.10598152147645e-07 1.14290952213381e-07 5.24651295630285e-08 3.01191957818858e-08 4.94157215147339e-08 2.23181995773203e-08 1.12586714062779e-08 1.1017951273562e-08 1.28868483262323e-07 5.29251413694531e-08 4.2053862170377e-08 1.45438267651343e-08 3.54156841408937e-08 4.6556772959061e-08 1.16796803717456e-07 7.13210470415504e-07 6.14964872625023e-07
2.1122809606311e-06 3.51757811358766e-06 4.40255039677595e-06 6.06004518388659e-07 4.15398182163074e-07 2.4439392309894e-08 1.17922231535061e-08 6.8943748932071e-09 1.4435981376959e-08 3.56127834888476e-08 2.3853433095411e-08 1.57869687877898e-08 1.54739535629389e-09 9.01134278308291e-10 1.10982281142924e-09 4.03965031425812e-09 2.67175917167961e-08 1.08708807200486e-07 6.44902847013462e-08 5.14840108656323e-08 5.45471553037302e-08 5.50620615102915e-08 4.29479727781512e-08 4.59792988904972e-08 2.80859974943759e-08 3.06811403505414e-08 7.13988220435446e-08 8.97028659352372e-08 4.64856959814242e-08 4.49275777025804e-08 1.96949524422507e-07 8.52211480939502e-08 2.54046423009413e-08 9.94542715959668e-09 2.48872117025734e-08 1.55923241984546e-08 3.51604131698657e-08 2.23513926034258e-08 4.86039545943839e-08 2.21412895573536e-08 2.90777934175424e-08 2.15245509749273e-08 4.45873881371739e-08 2.93167869980238e-08 2.46712353568768e-07 1.94922465581726e-06
2.26951733850456e-06 5.00056214320921e-06 1.29981291507875e-06 5.01712413480959e-07 6.30147518876356e-07 4.67914183843732e-08 5.83910377827124e-09 4.49120434176109e-09 9.97859496143505e-09 3.64771302496791e-08 1.67917310167631e-08 5.68077493934282e-09 2.1212420597827e-09 7.69903629738167e-10 2.25657063035456e-09 1.98395184614064e-08 4.0877665274941e-08 5.70549569478551e-08 6.9713031347618e-08 2.40677148322099e-08 1.72427254141461e-08 1.54818242559251e-08 1.81982628633115e-08 2.305523204571e-08 7.24234173854477e-08 6.51369098547683e-08 2.78473822334924e-08 4.43138406192034e-08 5.62128541492513e-08 6.82388224704233e-08 4.19026277342915e-08 1.31990945018146e-07 1.96041045952278e-08 3.55960507736341e-08 4.28759559745195e-08 4.67298080897294e-08 2.35069321008474e-08 2.599260181535e-08 2.32629007390628e-07 2.81124028873592e-06 1.20121230073877e-08 9.84656859381872e-09 9.77024793291648e-09 5.05586472909769e-08 9.59816234602506e-08 1.12960252458549e-06
9.25847383470568e-07 1.11201458352639e-06 4.37857796597996e-07 1.97411932401081e-07 7.87292178117127e-07 2.51041863963408e-08 5.2219946256038e-09 4.57637303608038e-09 4.79485456894579e-09 1.95136298231091e-08 1.04835224723487e-08 1.43649383721467e-08 3.68021929597617e-09 8.29046054029448e-10 5.5859710190731e-09 1.82054274211474e-08 3.88511500748479e-08 5.01714566669698e-08 6.55698406681893e-08 6.44481578104816e-08 1.93822843441716e-08 1.69464626220694e-08 9.57594499029213e-08 2.01189963466852e-08 1.00122282242765e-07 5.48880790596229e-08 5.90322413618338e-08 2.63294943292358e-08 2.9353271147059e-08 2.54924020670622e-08 3.6085099119898e-08 1.63848281609091e-08 4.11105573250303e-08 2.00330741884081e-08 5.89472013756698e-08 6.92131756130365e-08 6.80947505826701e-08 2.44789016834446e-08 3.83780221380192e-08 1.46371436082759e-08 1.0305592712534e-08 2.33957270223684e-08 1.74762606275358e-08 2.35031208939418e-08 8.74840571611912e-06 2.762029380321e-07
6.27442689804525e-07 2.7865110894254e-07 1.46238436737889e-07 1.31211737874892e-07 1.28032622903618e-07 1.07007838923145e-08 4.71643538668687e-09 2.59023634763267e-09 4.0483461360985e-09 9.42533792125388e-09 9.67044346822377e-09 1.21186456869538e-08 1.52874113368284e-09 2.24092802092457e-09 2.49035573718359e-08 2.05997223945431e-08 3.68202675571361e-08 2.98231132456195e-08 3.02832218634919e-08 2.6609719627757e-08 5.58911581349797e-08 1.7615185865516e-08 4.195277111263e-08 1.77529459022274e-08 2.32665911759078e-08 2.62346795509849e-08 5.15247514987216e-08 4.01084013001984e-08 1.96408483144062e-08 3.22427280319282e-08 1.37472827566043e-08 1.27611297751073e-08 3.37384255977291e-08 1.85326694768229e-08 2.48531512814232e-08 2.96316707282251e-08 2.8662662221457e-08 3.8594641860179e-08 1.65586996114797e-08 3.45095926501671e-08 9.6888654099736e-09 8.40572598193035e-09 2.02497437595817e-08 1.16930369165047e-08 2.52666256583822e-08 1.06032914226617e-08
3.13938709695094e-07 2.35822554195408e-07 1.91999994569869e-07 2.75904442936792e-07 1.26262962352186e-07 1.49094325774257e-08 3.46406149320799e-09 1.90184422654838e-09 3.37415025919441e-09 1.08693905875867e-08 1.0161822205923e-08 1.6897311105879e-09 1.12597196011421e-09 7.30121423320185e-09 1.38767376478555e-08 3.08135374549323e-08 1.95276387393584e-08 2.34525840969724e-08 5.99591745364947e-08 2.11083247214638e-08 1.60389240444481e-08 1.43135018837448e-08 1.48796029830756e-08 1.99934210409758e-08 6.80038357070423e-08 2.53383324766432e-08 4.44791674159006e-08 1.49101236579519e-08 2.7167854632637e-08 1.1067648897356e-08 2.35299408180012e-08 2.91117843609356e-08 1.34327363898734e-08 3.45036558102585e-08 2.25706912049262e-08 2.53372261060925e-08 2.61353239827677e-08 3.96200195873497e-08 1.47160972852056e-08 2.53260985627612e-08 2.21015428070181e-08 8.38245018952577e-09 1.07495702295068e-07 2.6184929180495e-08 6.53061063560223e-08 3.23692523007679e-08
1.80693240636742e-07 5.03498010395731e-07 8.05012744464761e-07 2.5829402678923e-07 2.64848399744722e-07 7.72746550081749e-09 2.05288833710071e-09 1.65689052478157e-09 3.25831592817849e-09 1.47698840935462e-08 3.27929342569533e-09 2.30093117892238e-09 1.05361082169964e-06 2.36119186536321e-08 2.15167309858266e-08 3.64934024665864e-08 1.5985372714411e-08 1.81577994751159e-08 1.79902321262304e-08 2.91045587297312e-08 3.80936007848831e-08 1.55257790401819e-08 3.88724135325091e-08 1.6321787288387e-08 1.94252878560341e-08 3.7755686255192e-08 1.67106604886946e-08 1.0623248436481e-08 1.02620874575798e-08 1.97421000658338e-08 2.2227951212983e-08 2.02319820341579e-08 1.0885634404989e-08 1.86972800975127e-07 1.6983067574472e-08 3.98420803682242e-08 1.75416603576117e-08 3.2963759288851e-08 3.01274168501564e-08 3.04640603632222e-08 2.28538538427081e-08 1.74364875982214e-08 2.65939780752511e-08 1.3301395018761e-08 1.53799926239095e-08 3.00949710041465e-08
1.5364782020022e-07 8.41145692831447e-07 4.36076279441977e-07 1.37439720937493e-07 8.69771213718451e-08 3.63891494714608e-09 1.33618545117287e-09 5.93310899299482e-09 2.71139074525806e-09 1.0421700114005e-08 1.73518297508224e-09 1.10893176974436e-08 5.57926265631892e-08 1.62206552412059e-08 2.289899332375e-08 1.71007726867956e-08 4.64022470447745e-08 5.06845998393679e-08 5.52844180767842e-08 3.99139797324644e-08 3.90748146616993e-08 1.29470901111262e-08 8.72148945285645e-09 2.29680060748194e-08 1.62770316114447e-08 1.55901839105077e-08 1.2261357607013e-08 1.21668680574949e-08 1.04892420083047e-08 2.46465350350888e-08 8.06079591963993e-09 8.81942689989757e-09 8.74493505387264e-09 1.03595376499399e-08 1.17017062928326e-08 1.26707336400855e-08 2.80895943061132e-08 1.4323070796074e-08 3.33074884339979e-08 1.60384395098134e-08 1.67392426475566e-08 3.30669690962182e-08 1.49743467070529e-08 1.61462966663528e-08 1.76677087071475e-08 1.64980298200668e-08
2.66532569659361e-07 6.11274818096419e-08 7.85020997318142e-08 1.30866612879643e-07 1.5375273121343e-08 1.4543137361045e-09 7.69626540275681e-10 5.68300931869103e-09 1.54878928571023e-09 8.91833871197178e-09 8.60829507676186e-09 1.71182111596835e-08 9.29956714967872e-09 1.18595154030565e-08 1.5567462485766e-08 2.36691619526219e-08 3.18982093294728e-08 3.45423467718042e-08 4.86259153609225e-08 2.0008277934469e-08 1.32577436917636e-08 8.90196487635109e-09 5.24385884714818e-09 7.74126577285372e-09 5.68820440749462e-09 7.18288971635062e-09 9.60749073630751e-09 3.54242849720521e-08 8.49379284684204e-09 7.16993472371641e-09 6.7902592215674e-09 7.71154834433574e-09 1.69576407360594e-08 1.49141347050019e-08 9.83602234105874e-09 1.04590301530649e-08 2.39772755206147e-08 2.35342552223905e-08 1.25900320502303e-08 1.57425056102056e-08 1.95360165822223e-08 2.47682810594618e-08 2.52084128682384e-08 4.52049070953642e-08 4.00183052806646e-08 3.52538319425832e-08
3.76565929438577e-08 3.95966411659288e-08 2.64702640473402e-08 3.87269354806818e-08 1.52721350010765e-09 2.26243235257328e-10 9.24583831718451e-10 9.11569768557996e-09 2.10798377642263e-09 8.54574423447829e-09 1.76597568235515e-08 1.70618220995955e-08 1.00170621464279e-08 1.30341018311775e-08 3.41791621671916e-08 2.86847084862707e-08 1.01355426007643e-07 8.58050256180576e-08 1.60238788349254e-08 1.03614636204341e-08 9.00332939313131e-09 4.72226749925753e-09 3.81870519650107e-09 3.85191937235518e-09 2.00226679680782e-09 3.67005732471171e-09 7.32847135198611e-09 8.31654602961862e-09 7.78391632261233e-09 6.96106757791526e-09 1.46051863714192e-08 7.10889525024072e-09 7.40203855986721e-09 9.08071765559626e-09 1.06203280059169e-08 1.04981171866747e-08 1.13508809573837e-08 2.49275404096139e-08 1.48327964799577e-08 3.86106672856101e-08 2.06256853152453e-08 2.44476130673021e-08 9.41743684590435e-08 2.92496886933336e-08 2.02006178784409e-08 3.92502991997112e-08
2.11045911413521e-08 1.56191101496894e-08 1.63192750757268e-08 1.04864927963355e-08 7.7986033186761e-10 4.67322636144019e-10 7.94096833844904e-09 2.22613514844205e-08 2.10492692165332e-09 9.93530512305441e-09 1.52505641337619e-08 1.49267808668974e-08 9.38612246814685e-09 1.98757280411854e-08 1.36348499601979e-08 5.21619935800466e-08 2.80160969645671e-08 4.10978979736854e-09 1.1055515614089e-09 9.75409453207732e-10 1.12434727084221e-09 1.43398073415568e-09 9.01799634966949e-09 1.17073177818838e-09 7.63837426642766e-10 4.33315860970396e-09 6.44285181872206e-09 5.45558012099434e-09 1.53378785894276e-08 6.83226095699041e-09 1.09317106034013e-08 8.16867185005066e-09 9.31802115466951e-09 1.16282390272282e-08 4.44352160733352e-08 1.23392684847623e-08 2.62681182028324e-08 1.25326229394318e-08 2.52874062800501e-08 2.96797451282416e-08 4.51928105160704e-08 2.43199614780032e-08 3.15950286378097e-08 3.4485358046954e-08 2.38423958354161e-08 1.33966262416685e-08
6.15428458194955e-09 5.06757594775919e-09 3.44356007042634e-09 1.91900559887159e-09 3.58868512684296e-10 6.92208668162664e-10 1.50136723608973e-08 1.28969249058031e-08 2.56495568118353e-09 4.78185208097059e-09 1.42284016124705e-08 1.06313606029751e-08 8.21406933582125e-09 1.94138631171015e-08 9.56773837934577e-09 1.44814065183851e-09 8.23067514144071e-10 7.26765914116356e-10 4.82521078648546e-10 4.93932106326867e-10 4.43960501694818e-10 1.03595118039479e-09 2.17501797683539e-09 9.50455991688415e-10 5.71057712228651e-10 1.52820011090071e-09 3.49613178407537e-09 3.01121630963408e-09 2.83244452337073e-09 5.62679017823697e-09 6.27641315587013e-09 9.42468582065814e-09 5.21362224503719e-09 1.18687459971234e-08 1.26889099894001e-08 9.96130534725026e-09 9.76521291606858e-09 1.95248884615751e-08 1.30180395130353e-08 3.32599622510088e-08 2.08450022132212e-08 4.97600221138761e-08 3.36302422576651e-08 3.49075942707167e-08 2.64098432234405e-08 1.03867551182191e-07
5.85886840154259e-09 3.64212048298285e-09 2.63648212150969e-09 1.10773448191992e-09 5.01989727563767e-10 1.09252191737852e-09 2.91204583779958e-09 1.78404605866156e-08 3.40653418806625e-09 1.32258533347418e-08 2.74519220244684e-08 1.03537243001384e-08 9.353417207425e-09 1.40712538287957e-09 5.13199027718514e-10 4.8537560637385e-10 2.39554320824453e-10 7.67014618485717e-10 7.7827063682534e-10 5.95301918870916e-10 3.82461062820028e-10 9.05470542988951e-10 1.12237524829695e-09 1.22730701157536e-09 8.89982687546365e-10 7.39062233634513e-10 6.36152031052717e-10 8.07167288563448e-10 5.56781232230463e-10 8.03406963179043e-10 4.20014983903982e-09 1.31136012049282e-09 1.17590615023033e-09 2.33167015695201e-09 5.66178149918883e-09 1.02108896671282e-08 8.68719608471125e-09 9.94816824473332e-09 3.56910437537827e-08 1.58051750465127e-08 2.08687752412118e-08 6.1038713206063e-08 2.96024295187713e-08 2.8748420521918e-08 1.96842510624684e-08 1.07891491185619e-08
5.22482542786307e-09 3.16502780650652e-09 2.66149384753334e-09 7.97748922476416e-10 9.84569825668302e-10 2.05356919247279e-09 9.09455055708719e-09 9.01676271425345e-09 5.35488141606422e-09 1.57703805014897e-08 1.88530354661154e-09 4.15116249152803e-09 2.8944531438313e-09 2.65944469779456e-09 8.10525790928551e-10 2.58090127047694e-10 2.03791783448537e-10 3.25126303657441e-10 3.43914074996121e-10 2.0043084969501e-10 1.55704016346903e-10 2.01301242341856e-10 3.7786431761333e-10 3.10480974263783e-10 1.58704671626708e-10 1.35178312987705e-10 1.67309310850072e-10 2.35442754181747e-10 2.63899102570519e-10 2.3511329549919e-10 4.80363560040331e-10 4.28439261845881e-10 2.765765505508e-10 5.3695906609974e-10 1.34505602211732e-09 2.22568591334849e-09 3.43005924774431e-09 8.80792915269879e-09 5.51495954570491e-08 3.37010740092403e-08 1.85960311926969e-08 2.1983468645459e-08 2.46512196988569e-08 1.95995540352989e-08 2.84311186149466e-08 1.24818385627279e-08
1.68202257677663e-09 1.46952899848785e-09 1.25454302501993e-09 1.47091747670913e-09 2.72267648426805e-09 6.10495550779078e-09 1.43782424411043e-08 1.91361445134319e-08 2.4494957984178e-08 1.43115392425841e-08 8.3837831121869e-10 4.84199902395233e-10 3.43426920235146e-10 2.63437560654722e-10 1.24083465724567e-10 1.25520704941096e-10 1.54490242820771e-10 1.54868806667707e-10 1.4817652660426e-10 2.39760389320054e-10 2.37486152965261e-10 3.20089899030762e-10 1.79353687457251e-10 6.62841337373266e-11 8.12189870913471e-11 1.44771805654642e-10 8.27245161261203e-11 1.74949577047556e-10 6.74666988942363e-11 1.50547718735794e-10 7.60131069199588e-11 2.28357743825569e-10 3.82199860649024e-10 3.73353359339745e-10 4.54676229999507e-10 5.69825164831172e-10 9.92708815150678e-10 1.00686152748608e-08 8.26949296817148e-09 1.25766951630801e-08 2.56203221526974e-08 1.5291174948473e-08 3.41198294617762e-08 8.04764938466818e-08 7.10788298219356e-09 3.43809534175676e-09
2.22674237937426e-09 2.17913346256537e-09 1.43560271448351e-09 2.25710938828172e-09 1.24676066359797e-08 2.42595184940519e-08 4.6031625589027e-08 8.84581502713644e-08 1.53477757613985e-08 4.93890205399694e-09 9.16075026946572e-10 2.63332022854001e-10 1.90396498567225e-10 1.36831068697774e-10 1.18875786991879e-10 1.18701204421257e-10 1.27484844902881e-10 1.2185821240962e-10 6.89572177137165e-11 1.86652171496604e-10 1.62265778591575e-10 1.50419310340766e-10 9.72124269971175e-11 1.54786361505899e-10 6.79528211477987e-11 1.18344423150063e-10 8.87750539746435e-11 4.43213021839028e-11 4.96967467178422e-11 2.37865660501768e-10 2.92675150781463e-10 2.66572575124968e-10 3.85381804246521e-10 3.00586733281705e-10 5.15274378720676e-10 5.31267596581841e-10 6.60577637034976e-10 4.67202266873912e-09 5.92856207459747e-09 6.22646062486965e-09 2.33227068657804e-08 7.63301638562197e-09 7.94688395089338e-09 1.28080998473834e-08 4.42363184971484e-09 7.86573968181159e-09
1.35814084423203e-09 1.25053951638421e-09 3.25577669268995e-09 1.06188461246326e-08 4.10662284289209e-08 1.04946776358084e-07 8.10300631259864e-08 9.14191281786714e-08 1.88909623499711e-09 1.14406866202899e-09 5.90881887863048e-10 2.54490262197038e-10 1.52853907309236e-10 1.38139466532294e-10 1.21924415008579e-10 1.12314058053897e-10 1.04904307463016e-10 8.87347084699286e-11 6.6798166997728e-11 6.88643142510159e-11 7.18216042194797e-11 8.32803714878594e-11 8.53498383079909e-11 8.82948603120326e-11 6.27360052796178e-11 6.14723383307592e-11 3.42186479151962e-10 1.04453368177104e-10 1.60929380932373e-10 1.48123480148143e-10 2.5140833859183e-10 2.91399837593076e-10 2.93043933563553e-10 1.93090887723457e-10 2.80060186153008e-10 1.22560462889609e-09 1.27314546682911e-09 2.77075514754088e-09 4.19289716280247e-09 4.25917616730942e-09 4.19968694265194e-09 8.16691970717542e-09 3.71107006236215e-09 8.43344306611371e-09 3.30158963501859e-09 6.99756939059881e-09
5.26213608242898e-09 4.77693365974474e-09 5.48082760287727e-09 2.90811790426559e-08 4.39085724668331e-08 1.18244210645102e-07 4.64071892802842e-08 3.02667328977435e-09 1.0008019746266e-09 3.94392918323661e-10 2.22289397999731e-10 2.34345354233056e-10 1.75378567224271e-10 1.36628652835924e-10 1.18370535595602e-10 9.92284254763831e-11 9.51136835958266e-11 8.78400907566856e-11 9.13220277176663e-11 7.26052662436416e-11 8.00844168757919e-11 8.12948930395407e-11 8.17523271301468e-11 8.5519991088745e-11 7.02266134133822e-11 4.76508721369839e-11 9.20022391603936e-11 3.22822102383213e-11 6.64882371381736e-11 1.97937954915517e-10 3.53589113544217e-10 2.61870058970715e-10 2.93056234834665e-10 2.4828892275508e-10 2.87576540358714e-10 1.98364378256599e-09 2.857160408265e-09 6.77347689048702e-09 3.08740452092948e-09 3.39914081326498e-09 3.14889926356088e-09 2.55810672644685e-09 3.43655691681377e-09 2.99862822350505e-09 3.18287065592671e-09 5.80215901990755e-09
2.21917987319742e-09 1.36867049915779e-09 9.31609834831093e-09 8.00944492951317e-09 1.8879119145776e-08 8.97472357541673e-09 1.16491000179408e-09 4.09651468302741e-10 3.12941295099733e-10 2.8235509486052e-10 2.53869558708431e-10 1.878801003663e-10 1.5252225038509e-10 1.22118770651269e-10 9.606783146765e-11 8.93487617226185e-11 9.00765129152603e-11 7.87134135649126e-11 9.77188774342608e-11 6.80308254175088e-11 9.50241330066604e-11 8.22489187868314e-11 8.22092394159313e-11 1.3314475078019e-10 8.98933372184274e-11 6.28906149380271e-11 4.80279926939886e-11 7.05600133876771e-11 1.45355461000918e-10 3.41380679280689e-10 2.2907959973395e-10 3.01070479657994e-10 2.5117526947227e-10 5.3949417155863e-10 3.72619934907448e-10 1.96568603616498e-09 4.35316885871728e-09 5.42431950467659e-09 2.38783041117685e-09 2.48534207658579e-09 5.23055410095452e-09 2.12254629428088e-09 2.36627027971892e-09 8.59023107091517e-09 2.86497400248109e-09 2.89863153479786e-09
6.9976767158586e-09 4.50186860012636e-09 2.67199578019017e-09 3.36472161244217e-10 2.49501652671569e-10 3.44904182991712e-10 2.90931012614237e-10 2.71037936538932e-10 1.89755799961944e-10 2.61862131978319e-10 2.03244554519699e-10 1.39313227620619e-10 1.26712718095945e-10 7.73802577569427e-11 5.53704637695773e-11 8.61369420235292e-11 7.38877070638466e-11 5.39174260794084e-11 5.71079517008855e-11 1.37772560027116e-10 1.26126065147503e-10 9.12184328072385e-11 1.07811826133286e-10 6.29857799250289e-10 3.90834042907073e-10 2.39926745138064e-10 3.7818442821802e-10 2.04820149729557e-10 1.4180288054888e-10 2.46572628981312e-10 3.61116248015492e-10 4.67389538183483e-10 2.04112415858049e-10 6.77714662167261e-11 1.34149624742008e-10 7.54430717897492e-10 7.4516693260307e-09 3.19264815695774e-09 6.25071737703209e-09 2.3370416157853e-09 3.78648516985436e-09 1.60338727850373e-09 1.7746748737224e-09 2.04454512209296e-09 1.89844457931798e-09 2.09909291060129e-09
