Scripts_&_data/Maxent_result_files_2/B_ruderarius_2.asc
NCOLS 594 
NROWS 330 
XLLCORNER -15 
YLLCORNER 23 
CELLSIZE 0.166666666666667 
NODATA_value -9999 
[rows 260 to 279 of 330, columns 46 to 91 of 594]
-9999 -9999 -9999 -9999 -9999 0.0140797616448253 0.0197464552475139 0.0250860557891428 0.0119005137123168 0.0106398112839088 0.00829206886701286 0.00745989233255386 0.00180674697039649 0.00103596166009083 0.00138096620794386 0.00119261585932691 0.00207631148514343 0.00100236209400464 0.00199919018195942 0.00287316073663533 0.00154521923977882 0.000172243893048663 3.67736570296984e-05 0.000346503094260697 2.54169475777388e-07 8.48995207469727e-11 9.72955583766755e-08 0.00023074519704096 0.000246506547409808 0.000313849775557173 0.000350013814750127 0.000386704169068253 0.000923320613219403 0.00213599845883437 0.00310435007559136 0.00363054925110191 0.00319075809093192 0.00232068003388122 0.00231206860626116 0.00192535051610321 0.00103340438945452 0.000923133561445866 0.00114406173233874 0.0011055915558245 0.000820566540642176 0.00103504138241988
-9999 -9999 -9999 -9999 -9999 0.0445876392070204 0.0296433795941994 0.0173158871475607 0.019993057101965 0.0148892698576674 0.0118299175403081 0.00910041917813942 0.0101390652591363 0.00599436124321073 0.00589745189063251 0.00587123965378851 0.00658442778512838 0.00127608259802856 0.00255916945170611 0.0124629026977345 0.000399350841689738 1.13089911768505e-08 2.12645615449425e-08 4.90162093469415e-08 9.32573124146074e-07 1.74396059460236e-07 7.93054089172074e-06 0.00061634982121177 0.00037675729545299 0.00032766861259006 0.000460946466773748 0.000987727785832249 0.00123223019181751 0.00192586228949949 0.00441566815134138 0.00291468091309071 0.00183856182266027 0.000849984301021323 0.00078717237629462 0.000118367520917673 0.000442933260637801 0.000374573779845377 0.000530279708618764 0.000284592472598888 0.000428196657594526 1.30751243887062e-05
-9999 -9999 -9999 -9999 0.0403863365616417 0.00417455969145522 0.0841171351465164 0.0507973522762768 0.0258439702214673 0.0244497084058821 0.013870341447182 0.0110256368876435 0.008601024444215 0.00846307865576819 0.0074883786495775 0.00649608315434307 0.00692296627676116 0.00562156452890576 0.0103952553123236 0.00408971626311541 3.72603646923153e-06 1.44073641905607e-13 0 5.94708726708859e-12 4.70845584743529e-14 1.63313806922361e-14 5.31834343231452e-10 2.58449283236928e-06 0.000160528030424512 0.000232578569557518 0.000277942946559051 0.00039438698295271 0.000398828777542803 0.000452262623002753 0.000368129460184718 0.00181691570905969 7.89472857531948e-08 3.20940718665952e-05 0.000877854264399502 0.000825808354420587 0.000796812721819151 8.67771935753048e-08 3.29606018567574e-06 2.11511759795613e-07 1.11022302462516e-16 0
-9999 -9999 -9999 0.286856902809814 0.000534703009179793 0.00742604513652623 0.00754083031788468 0.00865138310473412 0.00744720294618766 0.0231757292989641 0.0202967083609721 0.0150605029659346 0.00280608125897039 0.0222508463430131 0.0115984021420787 0.00364695681222569 0.00357791249261936 0.000832738429016899 0.000760501579497941 0.00149081913405098 5.63146109925583e-05 4.29248785621894e-05 1.44955603076369e-11 2.0121893040681e-11 3.50956799621827e-08 0.000156396470993059 0.000269766193741816 0.00100326300889719 0.000490834738593549 1.77077237992762e-06 1.58995039356569e-13 1.91072475952403e-08 1.12606468594123e-10 3.13209175146767e-05 0.000364417793025495 0.00138141713105142 3.9393932516063e-07 1.04927803390442e-07 0.00169792525994126 0.00244906013831496 0.000524779709303402 6.59583498929806e-14 1.46549439250521e-15 1.4432899320127e-16 0 0
-9999 -9999 0.353006489714608 0.0148101933300495 0.0368642800487578 0.0615008417516947 0.070903255790472 0.0609851996414363 0.0273118964862078 0.0302137573403343 0.048207244835794 0.0365600685589016 0.0254887500777841 0.00561549951089546 0.00890017668716609 0.00574401265475899 0.00163563690730371 0.000817272579297423 0.00119612915441394 0.00221949857659638 0.000574980871169828 0.000445758005662356 8.46507305141131e-06 6.9536039148943e-10 0.00012996740770177 0.00259463330730796 7.74155698435308e-09 1.39488420813905e-13 4.84356998953217e-13 0 0 0 0 2.22044604925031e-17 2.98784848995481e-07 1.76179503270646e-06 3.18748849770234e-07 1.93658781233452e-09 1.05099947655951e-07 0.000339177437126637 2.16416703868738e-07 0 0 0 0 0
0.0278893647715449 0.0321231694426388 0.0243883432354778 0.0266494476702064 0.0305496439803392 0.0485915444325656 0.0587684294208884 0.0668250119313598 0.036885364636643 0.0413291080854833 0.032344610337168 0.0343298518098891 0.00351568789919838 0.00143667960073799 0.00212986912811175 0.000835722053307109 0.00042926784226438 0.000618903346185107 0.0018247461761348 5.94700356462141e-06 0.000897184817586094 0.000973483867710456 2.73188176669326e-07 3.88832847919574e-07 6.93807964125881e-05 2.32636132579955e-12 0 0 0 0 0 0 0 0 0 0 0 0 0 0 0 0 0 0 0 0
0.028234566305764 0.0380496757570654 0.0151538032572716 0.00523532889783382 0.0477755625266582 0.00471325006510597 0.0189709648839198 0.00373274951574913 0.00451872919220477 0.00210683704353869 0.00438758286181837 0.00890372548019513 0.0026964511256665 0.00435604969970882 0.00531020464841276 0.00256989253102802 0.000719092498184182 0.00039679053988948 0.00422972997184843 0.0131048962473869 0.0130099753849208 0.000154851681899892 4.46712169377861e-05 2.31179387924274e-05 2.87642132335009e-11 0 0 0 0 0 0 0 1.99840144432528e-15 0 0 0 0 0 0 0 0 0 0 0 6.88338275267597e-16 0
0.0434174256864935 0.0100747118704021 0.00435262880055234 0.00708515500300564 0.0473689806647599 0.0018372428312432 0.00154105915571571 0.00548285881523043 0.00330059794941917 0.00176873947493732 0.00164086069562472 0.0106042316998355 0.0217462254688144 0.0090797760989517 0.00355071855010465 0.00288066610810347 0.000386006404054517 9.27480536816461e-11 5.92731252968548e-07 2.69896886950782e-08 3.38705282047158e-05 1.26337523397524e-05 7.96029908656237e-15 4.21884749357559e-16 0 0 0 0 0 0 0 0 0 5.02041182071089e-08 0 0 1.07857372588782e-08 6.25241285888478e-05 0 0 0 0 0 0 0 0
0.0296230677515268 0.00308031740423758 0.00114742541627493 0.0181130622047931 0.0238563249045128 0.000985750663676299 0.00660052008461207 0.00834670349722728 0.0115767943207175 0.00228749373927712 0.00223863555584103 0.00272641849005595 0.0110783686395735 0.00989677072502673 0.0118304757867008 7.46747108593127e-13 0 5.70577252112514e-11 7.56851445959938e-09 0 5.72153435740574e-11 0 0 0 0 0 0 0 0 0 0 0 0 0 0 0 0 1.33226762955019e-16 0 0 0 0 0 0 0 0
0.0357419647276402 0.0169525670818985 0.00222788687096909 0.0198123238579456 0.000822000548944291 0.000394834720646042 0.000355462903099457 0.00184428235515952 0.00332290490623564 0.00240012193098664 0.00539423997979611 0.00429552767891437 0.0340565073303878 0.0205953164026141 0.00450306362472475 1.01280387876379e-06 1.11022302462516e-16 3.92659063708223e-08 2.41584530158434e-14 1.19768417405908e-11 2.23468132887206e-10 0 0 0 0 0 0 0 0 0 0 0 0 0 0 1.4210854715202e-15 0 0 0 0 0 0 0 0 0 0
0.0226120026316494 0.0161246733284261 0.0225483622882193 0.00654582147062115 0.00325654244516045 0.00553651789086871 0.000317432872784762 0.000348951907992034 0.00102365624625236 0.00134883151040412 0.00994101702235639 0.00172841842286289 0.00761116724461317 1.22315002256679e-06 1.45164002096632e-07 2.28650131248287e-05 0.000308528431196464 4.6296300126869e-15 0 2.87125878628558e-13 0 5.62883073484954e-15 0 0 0 0 0 0 0 0 0 0 0 0 0 0 0 0 8.10462807976364e-16 0 4.88498130835069e-16 4.08781916982903e-08 3.08965075745959e-12 1.11022302462516e-17 0 0
0.0105987039045431 0.00754399953875692 0.00165508241479984 0.000496536938589998 0.00013588413639809 0.00022354477624863 0.000533375029316829 0.000235629708914131 0.000446218088370198 0.00111190180759877 0.00348969111219048 0.00289148762822151 0.00374312462517992 2.49248288675119e-11 3.14859249783694e-14 1.7734082485843e-07 1.30845667634105e-11 5.02328167950594e-10 9.76885239367675e-14 1.05511481773846e-09 1.74025016690393e-06 6.45938857957162e-13 0 0 0 0 0 0 0 0 0 0 0 0 0 0 0 0 0 0 2.28039809258007e-14 9.23938703323302e-13 0 0 0 0
0.0017638269418967 0.000229532985395053 0.000128357683570357 0.000322937314922456 0.000501762294152286 0.00239706150121822 0.00802602720725645 0.00198905804427341 0.00243935402249917 0.00902935098856688 0.00215410741220694 1.82167618574258e-06 0.000375489803263918 2.64279537987022e-05 3.63586771481295e-06 5.41451484203925e-08 3.09091810368756e-08 1.46462051361596e-05 7.66318516980391e-06 2.9689959268886e-09 1.68043051695932e-09 2.29006125664455e-05 3.47420142654542e-09 0 3.19744231092045e-15 4.41926939487303e-11 0 0 0 0 0 0 0 0 0 0 0 2.995214301027e-08 3.48610029732299e-15 6.7390537594747e-15 0 0 0 0 0 0
6.36532283351698e-05 5.30638715645182e-05 0.000233918925368926 0.00699407752836123 0.0115607850486413 0.0153278834423645 0.00193390183267184 0.00269057258265093 0.00400519066024572 0.00295001434860751 0.00464627002365887 0.0154982763342559 1.18218938104375e-06 8.28527938478985e-09 0 6.89549639609766e-11 1.42876235258882e-05 3.91354381346076e-08 1.07822930353052e-06 1.75484839659568e-08 5.01820807130571e-15 0 1.11022302462516e-17 0 0 0 0 0 0 0 0 0 0 0 0 5.57331958361829e-15 3.19518855818046e-12 6.39599637963784e-07 6.77236045021345e-16 0 0 0 0 0 0 0
8.51970211442676e-05 3.75491319573484e-05 0.003014945043833 0.00860215455759317 0.00404748596458706 0.00227801383589394 0.0028032380156219 0.00370782881509513 0.01455606543459 0.000689599136239849 0.000311777550086845 0.000128628338279668 6.37765634564857e-05 2.68937449809936e-07 7.67705954363151e-10 1.1257512994689e-06 2.31528992173935e-06 9.564759906322e-09 9.24926801815218e-14 1.75495173948548e-12 0 0 0 0 0 0 0 0 0 0 0 0 0 0 0 9.61453139325386e-15 0 0 0 0 0 0 0 0 0 0
0.00027476314407977 5.75916757514783e-05 0.000392479808215285 0.000680023072345648 0.00158477514632978 7.03743571648374e-05 0.000919473028625362 0.00686709912260994 0.0288802907802165 2.07911118989657e-05 1.64535052249448e-14 0 1.35502609133198e-11 9.87171833166656e-10 1.36448699777247e-05 9.1735198952847e-05 7.67352847930169e-13 0 0 0 0 0 0 0 0 0 0 0 0 0 0 0 0 0 0 0 0 0 0 0 0 0 0 0 0 0
0.000455583291113726 0.000512324414012255 0.00105074541352224 0.00146844305563718 0.00173962502158247 0.000724538019858301 0.00196546325460076 0.0064786339760758 0.0291240562684834 8.59920427113137e-06 3.36206872627587e-06 1.11022302462516e-17 7.66743189160479e-05 8.87209683497758e-10 0 0 0 0 0 0 0 0 0 0 0 0 0 0 0 0 0 0 0 0 0 0 0 0 0 0 0 0 0 0 0 0
0.00343275569030084 0.00241480735421646 0.000760415394324809 0.00011874837882313 0.00267580777872354 0.00731172016821802 0.000646477048576344 0.0074648886511568 6.40070360513612e-07 2.32234790620289e-08 6.33908866509714e-09 9.32587340685132e-16 0 0 0 0 0 0 0 0 0 0 0 0 0 0 0 0 0 0 0 0 0 0 0 0 0 0 0 0 0 0 0 0 0 0
0.000320829400880029 0.0032058352837339 0.00304253484355286 1.68967368516348e-05 0.000758514067274518 1.91160967832893e-08 0.00874161639949307 3.18264597176654e-07 2.28897688089091e-05 8.90103829853661e-07 0 0 0 0 0 0 0 0 0 0 0 0 0 0 0 0 0 0 0 0 0 0 0 0 0 0 0 0 0 0 0 0 0 0 0 0
0.0204736302606761 0.00104026497574523 0.000104252515302505 3.97710728462508e-06 6.34927485254622e-08 3.01138479041896e-08 2.3373685209549e-10 0 2.35367281220533e-15 0 0 0 0 0 0 0 0 0 0 0 0 0 0 0 0 0 0 0 0 0 0 0 0 0 0 0 0 0 0 0 0 0 0 0 0 0
