Scripts_&_data/Maxent_result_files_2/B_rupestris_3.asc
NCOLS 594 
NROWS 330 
XLLCORNER -15 
YLLCORNER 23 
CELLSIZE 0.166666666666667 
NODATA_value -9999 
[rows 40 to 59 of 330, columns 506 to 551 of 594]
9.34100406084326e-05 8.68186984916974e-05 0.000119999438175 0.000174199930188479 0.000225608899199869 0.00032169889746001 0.00035159217659384 0.000114278958426439 0.000105111805532943 6.92047809934593e-05 6.76491363265086e-05 0.000107032211599289 9.10376547835767e-05 7.56963297135371e-05 0.000122214132352383 0.00036051063798368 0.000546249242324848 -9999 -9999 -9999 -9999 -9999 -9999 -9999 -9999 0.000915774660825264 0.000377064745407552 8.48152877551911e-05 0.000102559973674943 7.57209455514385e-05 7.62539008974272e-05 8.00786677245924e-05 7.37693712835608e-05 7.30562128410384e-05 9.11234776140191e-05 0.000106977090035798 0.000131304635760898 0.000198301433192682 -9999 -9999 -9999 -9999 -9999 -9999 -9999 -9999
7.39255929147475e-05 9.41221534958459e-05 9.91876358966692e-05 0.000105712781078182 0.000112198714305123 5.56685276933422e-05 4.1981107005995e-05 5.26731470017694e-05 0.000164834744282416 0.000163198953669053 0.000122957097482868 8.03065147010784e-05 7.55532832954486e-05 7.41245348763186e-05 7.30615581232996e-05 5.41956560937251e-05 7.27536665181105e-05 5.43472558092617e-05 0.000132168147683842 0.00180935813114047 -9999 -9999 -9999 -9999 -9999 -9999 0.00158102791465353 0.000588603759388207 0.000125017977916286 7.31105033992208e-05 7.28463876839669e-05 4.43053255821724e-05 4.44955808234226e-05 4.45772599960037e-05 3.85468877539097e-05 2.10334906796561e-05 3.48137488344946e-05 2.81536852298814e-05 2.70808057621252e-05 3.09350255975005e-05 3.41327197247665e-05 4.98597822115698e-05 6.32287290045497e-05 5.03355661749083e-05 5.35568308350776e-05 4.99638199016772e-05
3.9228126343005e-05 4.8979888924805e-05 8.84830074028287e-05 0.000101260555675253 0.000103722188760003 8.74136003403692e-05 9.62558553510462e-05 9.04656470083864e-05 8.15615830106253e-05 8.47999578581948e-05 8.07054963843257e-05 8.53862409712747e-05 7.72449519899965e-05 7.62353644859104e-05 7.50131232052809e-05 7.71715652263083e-05 5.159814036233e-05 4.42282791482285e-05 7.91977828157542e-05 0.000340211158254533 -9999 -9999 -9999 -9999 -9999 -9999 -9999 0.000902302653412335 0.000674128828541143 7.82290176175593e-05 5.05901863107283e-05 7.19608159670315e-05 3.23255639841591e-05 4.40545145920623e-05 3.24572806903234e-05 3.22667934142373e-05 2.95015046276603e-05 2.59876938116577e-05 2.50664669010803e-05 2.87862364075409e-05 2.3753443804253e-05 2.10449778592192e-05 2.6235555196763e-05 4.19036186031008e-05 2.31755236427489e-05 2.07367914413226e-05
7.96786481259915e-05 9.21510400985426e-05 5.88877552218037e-05 8.95353195119242e-05 8.85747663232905e-05 9.16075220629864e-05 8.7154695756908e-05 8.97161567081639e-05 8.49215231028211e-05 8.19869991573796e-05 8.06350217317231e-05 8.26484523713589e-05 7.90276651969179e-05 7.94373101598467e-05 7.59102703341341e-05 4.89974378524494e-05 3.93606858324347e-05 7.62200698773086e-05 7.74755423663009e-05 0.000233688984735636 0.00337159329792485 -9999 -9999 -9999 -9999 -9999 -9999 -9999 -9999 0.000579059533629334 0.000113907512059086 3.22062909845044e-05 7.50967653857515e-05 4.04788693458613e-05 3.17686067546674e-05 3.09400518517577e-05 2.8770126755262e-05 2.67107527179178e-05 6.36692641819536e-05 7.24099420040147e-05 2.17096607229905e-05 2.06509558779544e-05 1.95750420402874e-05 1.79472167019412e-05 2.26873012934448e-05 2.89307686216489e-05
4.23246265427224e-05 4.15164548030589e-05 4.12577307997708e-05 5.20097853950574e-05 6.81079380683514e-05 8.9797225791699e-05 9.44681773944467e-05 8.81772347383958e-05 8.58374120980443e-05 8.49994491545658e-05 9.32928242036724e-05 0.000143524729719502 9.40724499741918e-05 8.07887516202754e-05 3.45000498100489e-05 7.82824681664351e-05 4.06995834509871e-05 5.0181233928015e-05 7.67164768149087e-05 0.00012959993473487 -9999 -9999 -9999 -9999 -9999 -9999 -9999 -9999 -9999 -9999 0.000193872824092978 7.19439841759595e-05 7.23240978913964e-05 7.21156776307907e-05 3.24994632137532e-05 3.04889008930331e-05 3.79763256432852e-05 2.48364550088809e-05 2.25378374580032e-05 2.2723153597326e-05 1.79287342120915e-05 2.2837825190436e-05 2.48760595241038e-05 1.65327148465622e-05 3.41797548344402e-05 2.68904754420873e-05
4.34301016412064e-05 4.30525027013573e-05 5.00092811307695e-05 4.20217489363495e-05 6.07562280947604e-05 9.17568041586492e-05 9.86149148957338e-05 9.1194994183752e-05 9.38513016080833e-05 8.86294528754661e-05 8.5170727197692e-05 8.36761266327812e-05 8.37365626466635e-05 8.43398798679118e-05 6.60599556340458e-05 5.72789461784851e-05 3.58351169097659e-05 3.52361502791609e-05 8.03704345344158e-05 0.000638603868719656 -9999 -9999 -9999 -9999 -9999 -9999 -9999 -9999 -9999 0.000169637469298323 7.27023185390863e-05 3.27746033008225e-05 3.1951713322087e-05 3.20401433327788e-05 3.07481713662128e-05 2.91903320658093e-05 2.68034676537354e-05 2.86594211729607e-05 1.981880978974e-05 2.37439582861043e-05 1.63262282853793e-05 2.587708545434e-05 1.81793422939336e-05 1.49876119394321e-05 1.4337781942686e-05 1.47572119203687e-05
4.49194972134137e-05 4.40957899172645e-05 4.35919724623091e-05 8.90347602762631e-05 9.59486299507262e-05 9.59109709583572e-05 0.000136596984339121 0.000149270047404571 0.000177237246680306 0.00017277558472415 0.000116018726475886 8.76597585374839e-05 5.90486040891847e-05 5.55132196950581e-05 5.25805941833823e-05 8.54851394251455e-05 3.68141090120844e-05 9.79715445282636e-05 0.000469026682549156 -9999 -9999 -9999 -9999 -9999 -9999 -9999 -9999 -9999 8.51581270580937e-05 4.49010832653585e-05 3.29099869304628e-05 3.86322640451908e-05 3.25674594250813e-05 3.00085789604054e-05 2.82023177078372e-05 2.63309773799847e-05 2.33678375138879e-05 2.06632025651743e-05 1.94114054011152e-05 1.76737903871071e-05 3.5377336826059e-05 1.42838236001808e-05 1.41337820195986e-05 1.33359180381376e-05 1.31704075897687e-05 2.81670087815655e-05
4.76553784665157e-05 4.69146592422476e-05 4.57111249943409e-05 4.57342257050186e-05 0.000103592797495367 0.00136043860547943 0.00312908729538321 0.00159266420523636 0.00261563503008801 0.00358375880750827 0.00206464194052387 0.000274843467195751 9.639270392654e-05 9.36487181206758e-05 8.90762727976835e-05 8.64184989950445e-05 5.11304084284347e-05 7.80247628426878e-05 0.000187798072147416 -9999 -9999 -9999 -9999 -9999 -9999 -9999 -9999 8.50800941407215e-05 3.4308325962229e-05 7.66379104788939e-05 7.59613195441489e-05 3.37448222580861e-05 3.38628909048566e-05 3.24414263559447e-05 2.8776412091247e-05 2.569973644313e-05 4.97870271829015e-05 4.83926099150267e-05 4.03572303639521e-05 1.87590013638328e-05 1.45258135148651e-05 1.40539498147518e-05 1.34743117314429e-05 1.3114631371991e-05 1.23334121042262e-05 1.21139737018439e-05
4.97924013416196e-05 4.91450130084559e-05 5.71051336919481e-05 6.10318309099966e-05 0.000118528568236798 0.000134515112404188 0.000107349485369923 0.000161867123460979 0.00021019258783781 0.000239944426721195 0.000475297929369844 0.000348149111232487 0.00010507091828913 9.27071813748626e-05 9.10009047402127e-05 3.97091483819167e-05 8.93171168172557e-05 7.65603659601766e-05 0.000135888592012634 0.00135202687233686 -9999 -9999 -9999 -9999 -9999 -9999 0.000441783469432266 9.78561156443902e-05 3.61667104016306e-05 3.59475122195363e-05 3.54768332499589e-05 3.50290186588609e-05 3.44912568834843e-05 6.11791364917735e-05 5.80162826281594e-05 4.42532941633544e-05 2.45656095557933e-05 2.53332023930852e-05 1.8134399738301e-05 1.7263165921122e-05 1.47371093703441e-05 1.41863315320734e-05 1.28942153082789e-05 1.20299325544693e-05 1.13283710732048e-05 1.11631484003283e-05
0.000107450762698136 0.000114501695315994 0.0001143411232988 0.000110640978618903 0.000329055246402277 0.000459192432754207 0.000340388088079635 0.000129502444906393 0.000109663299735985 0.000278048060135916 0.00012785447324859 0.000210132377833361 0.000275137738208286 9.94878267192689e-05 8.55955844599521e-05 4.07046256896137e-05 4.00471320290308e-05 6.25641235728835e-05 9.04109996554325e-05 0.000457513326546177 -9999 -9999 -9999 -9999 -9999 0.000578102534927893 0.000109353087282216 4.73157783289935e-05 4.95543886245287e-05 8.19720634353871e-05 4.25389092015394e-05 3.57877277565422e-05 3.51616203488447e-05 3.44871195693486e-05 3.13246118139432e-05 2.81839123772443e-05 2.51997166515139e-05 2.32024018487209e-05 2.00662711108635e-05 1.62701287649725e-05 1.39380953896762e-05 1.31148570176265e-05 1.0791389138376e-05 9.9586716714839e-06 9.68920236914528e-06 9.51662752868287e-06
0.00012320098157943 0.000121197639236925 0.000118741441656312 0.00011829609356937 0.000122261545038782 0.00011348323605489 7.18938660611457e-05 4.87834553041466e-05 0.000109363575575117 0.000104887155157485 7.70547341744532e-05 0.000100946918882983 9.64194154221332e-05 5.07607052441017e-05 4.98197292017721e-05 9.37647915634443e-05 5.56650985799934e-05 9.23235083064355e-05 0.000118602038673998 -9999 -9999 -9999 -9999 -9999 -9999 -9999 0.000421374950383324 0.000227481777619687 8.84088025486562e-05 8.53179391924641e-05 3.77335565872272e-05 3.63702921504228e-05 3.58199092033828e-05 3.53877867155461e-05 3.25699120367062e-05 2.85545213273508e-05 2.78758647709765e-05 2.06544370257689e-05 1.78972116486875e-05 1.565950811937e-05 1.33902391326046e-05 1.23739377727361e-05 1.23834412647739e-05 9.39102363872735e-06 9.18163486858248e-06 8.78097608278949e-06
0.000124718793995271 0.000123279378931329 8.64719452692952e-05 0.000121369055523246 0.000118235302761605 0.000116440150031849 0.000113600999520713 4.99884923556237e-05 4.9290638844468e-05 4.79535935937747e-05 4.72376925245044e-05 5.80642200930015e-05 6.62221318634693e-05 0.000111275846029457 0.000100038098298683 5.81975633394904e-05 5.01162433010904e-05 9.72638963503414e-05 0.000227521688429988 0.00170404491364025 -9999 -9999 -9999 -9999 -9999 -9999 -9999 0.000249881849231315 8.83824430275126e-05 3.87219820595419e-05 3.82597504767546e-05 3.74497167285881e-05 3.62186664915498e-05 3.55041990360405e-05 3.14778858864884e-05 2.60004898791522e-05 2.29167587804113e-05 2.03799211249134e-05 1.97001766764515e-05 1.62731414548034e-05 1.37013432549793e-05 1.22988651696687e-05 1.01058332575121e-05 8.91965569280728e-06 8.05916945978424e-06 7.70338704114693e-06
0.000130696486485249 0.000108822620586579 7.30176258002757e-05 5.7268065165772e-05 0.000129869911688729 0.000144986207305919 0.000141624622483505 0.00014055080464459 0.000141666645504301 0.000110891560689197 4.80854374472983e-05 0.000105782056016324 8.9472811032465e-05 6.68717995267798e-05 4.56440670404845e-05 8.62481865624432e-05 0.000104141226438514 0.000288994853326585 0.000871134757471737 -9999 -9999 -9999 -9999 -9999 -9999 -9999 -9999 0.000228082849571365 6.69293396640569e-05 3.91955684335699e-05 3.88463471608702e-05 4.44871819581749e-05 4.6701244173164e-05 3.58253946160403e-05 4.23719856371463e-05 4.35770007698011e-05 8.71856229423429e-05 -9999 -9999 -9999 6.65055402350845e-05 2.81569864910125e-05 2.70086543423531e-05 9.34282446110046e-06 9.02975353938018e-06 6.76867971947104e-06
8.22011545096757e-05 0.000100955368179712 0.00011397363823562 8.49276077133254e-05 0.000146864945054404 0.000126800467296562 5.57141928311466e-05 5.43486806236615e-05 5.33713375716616e-05 5.19633297244582e-05 5.13546409820265e-05 4.95376660637703e-05 4.85768028738676e-05 5.6112519268936e-05 4.70895950456907e-05 6.2925762949817e-05 0.000104234253376489 0.00010583795774437 0.000162324064149288 -9999 -9999 -9999 -9999 -9999 -9999 -9999 -9999 -9999 -9999 -9999 -9999 -9999 -9999 -9999 -9999 -9999 -9999 -9999 -9999 -9999 -9999 -9999 -9999 -9999 -9999 1.48677677543674e-05
0.00013933389873273 8.03208338766126e-05 7.84044433203235e-05 6.10267682986887e-05 5.94542419548816e-05 5.79493667828501e-05 5.67703033539146e-05 5.56283425339643e-05 6.85248945956118e-05 5.32150940216525e-05 5.28456518622988e-05 5.18619385275088e-05 5.11342592744768e-05 5.03445882714004e-05 4.98697471812193e-05 0.000110748222869006 0.000115900542004965 0.000110956424214237 0.000133919482686906 0.000523304587113671 -9999 -9999 -9999 -9999 -9999 -9999 -9999 -9999 -9999 -9999 -9999 -9999 -9999 -9999 -9999 -9999 -9999 -9999 0.000645833071757806 0.000136407868012611 9.03146445125458e-05 2.90837971988367e-05 2.58010662719244e-05 4.2582867490637e-05 -9999 -9999
9.10635544641991e-05 9.62400381467887e-05 0.000140503097281908 0.000158860208466649 0.000140739457310701 0.000131543863426487 0.000132029193628114 6.83519058839011e-05 7.18015084203216e-05 7.5855176874029e-05 5.54174171611521e-05 5.37858165898797e-05 7.71060513216071e-05 5.22459823059762e-05 5.17076487085433e-05 5.08798580085568e-05 5.0913331369884e-05 0.000114216406109335 0.000172056354494998 8.1515303827473e-05 0.00012242635457369 0.000487224485550541 -9999 -9999 -9999 -9999 -9999 -9999 -9999 -9999 -9999 0.00262181471916847 0.000155349849228514 8.87532713022665e-05 8.26066624540545e-05 5.90550145261659e-05 5.91191231251287e-05 4.31818495599146e-05 2.05464347118323e-05 1.78317458676247e-05 1.5144426720326e-05 1.39949703111597e-05 1.28497517607684e-05 1.21201312936137e-05 -9999 -9999
0.000163455112488009 0.000150525358003506 0.00014899131601851 0.00014571327228623 8.75378943419491e-05 0.000138315591357241 0.000138627799424285 0.000134683036412753 5.9619244075293e-05 5.87486041695229e-05 0.000118758192365931 6.64449647956644e-05 5.50926849427924e-05 5.38015631718736e-05 5.33433642431191e-05 9.64000721978664e-05 5.35223808128649e-05 5.26191633980488e-05 5.15629731580702e-05 0.000115727695811074 5.00114306305477e-05 5.77831032387621e-05 0.000111309312160301 0.000206091269865283 0.000519618681573775 -9999 -9999 -9999 -9999 -9999 -9999 5.70013017750171e-05 4.42519057287427e-05 4.17845059928368e-05 3.88883469895518e-05 3.59955686690228e-05 3.14092575536051e-05 2.60231943002509e-05 2.24711765895336e-05 2.01919850724153e-05 1.86750622106047e-05 1.65787997616462e-05 1.43024338171926e-05 1.32641354298357e-05 1.17570633733521e-05 2.67403272573574e-05
0.00016406633076258 7.31274234567536e-05 0.000144047463254537 0.000150249257058022 0.000153345577564323 8.45475598907797e-05 6.55098359402473e-05 8.69478285494552e-05 0.000141915819403948 8.26297699859424e-05 0.000133558568268199 0.000141062725924712 9.56327759922715e-05 5.60880744160386e-05 5.52850571239105e-05 5.48495621842449e-05 7.91192667747964e-05 5.42278025477572e-05 5.28357284565573e-05 5.21381163707702e-05 5.12421815074049e-05 5.06742141624272e-05 5.09709881498566e-05 0.000113548447643552 0.000216814793020603 -9999 -9999 -9999 -9999 -9999 0.000198538746190025 4.78083926736872e-05 4.64890186322009e-05 4.40655052443617e-05 4.19798911025282e-05 3.83347521847099e-05 3.29251126913732e-05 2.93604520493318e-05 2.73591818086061e-05 2.33556686453085e-05 1.98142301428561e-05 1.87773283528259e-05 1.66511316251672e-05 1.51346896814175e-05 1.44351511266905e-05 9.20580089314171e-06
0.00013021802296862 7.71480748881004e-05 0.000165851112615201 0.000162075643675053 0.000126183552856673 9.99454674456501e-05 0.000131283303562668 0.000149273930946947 0.0001467594262067 0.000235389685258269 0.000306407758034766 0.000150541016409989 0.000133682746309205 5.81402148782217e-05 0.000132332770954235 0.000125692973779223 0.00011556685094547 5.58425559120224e-05 5.48116321624548e-05 5.34511774276325e-05 5.2784653416893e-05 5.24946975019702e-05 0.000164306566693995 -9999 -9999 -9999 -9999 -9999 -9999 -9999 -9999 0.000195301224084687 7.49362775422924e-05 5.98423360315792e-05 5.26422478742461e-05 8.45519895847247e-05 3.6170162934468e-05 3.19566904636304e-05 2.9147451755307e-05 2.65376569586806e-05 2.47659572551129e-05 2.17842570236826e-05 2.24669963927226e-05 1.8635882952367e-05 1.78553714931695e-05 1.81907695946393e-05
8.07479013928969e-05 7.9282276055892e-05 9.08920069377928e-05 7.64541939133778e-05 8.68164376697678e-05 7.26269988263084e-05 0.000164765703812009 0.000156400155901792 0.000104799775090214 0.000213209993671626 0.000366754931019386 0.00024231418283307 0.000361318865179783 0.000147310590546112 0.000146323015542293 0.000131782384050894 0.000131246696400922 5.70990467622323e-05 5.63276467346441e-05 5.54442675365863e-05 5.4578221124757e-05 0.000112446517050557 -9999 -9999 -9999 -9999 -9999 -9999 -9999 -9999 -9999 -9999 -9999 0.000106457516631053 4.60125243989751e-05 4.29762701514846e-05 4.1121645426756e-05 8.00128667833633e-05 7.34234406991163e-05 2.94797595643104e-05 3.25023159348348e-05 3.12276307340653e-05 2.3165951165538e-05 2.18408793671188e-05 2.18520246562548e-05 2.29356736099362e-05
