Scripts_&_data/Maxent_result_files_2/B_rupestris_3.asc
NCOLS 594 
NROWS 330 
XLLCORNER -15 
YLLCORNER 23 
CELLSIZE 0.166666666666667 
NODATA_value -9999 
[rows 280 to 299 of 330, columns 46 to 91 of 594]
0.000251706923882011 0.000498252849502023 9.41028751185513e-05 7.30718009435805e-05 6.09644893756922e-05 2.64965860196753e-05 2.36308435091814e-05 1.454213585248e-05 6.53251911160169e-06 3.00803381833248e-05 6.46016092559876e-05 5.50760949408868e-05 1.11600286345492e-05 9.430493742002e-06 4.46785240910685e-06 3.54004225755489e-06 3.94566347665659e-06 1.7983139144917e-06 2.82335181509552e-06 9.1115464542213e-07 6.90018261906289e-07 1.21167283424484e-06 1.3555993049863e-06 1.47884073271598e-06 1.02161024742031e-06 4.53048727067085e-07 4.25453637120654e-07 4.3121791826195e-07 4.70893153092788e-07 6.72097760912038e-07 8.53338949724503e-07 9.37143558843445e-07 8.55117101394853e-07 1.12232651758859e-06 1.23756406225084e-06 1.63822778347367e-06 1.51338585823169e-06 1.63089245290848e-06 1.43717606988503e-06 1.59437818041397e-06 1.73353607095805e-06 1.53323250486892e-06 1.44607814576148e-06 1.64610820121425e-06 1.14207926458221e-06 1.14306337479775e-06
2.25301159844093e-05 1.2445837131736e-05 8.45663189465995e-06 8.07911533229344e-06 1.05417300915178e-05 6.21318053219966e-06 9.68207860410075e-06 1.49911301832617e-05 1.06870996546604e-05 1.74914536273718e-05 3.29565235460905e-05 1.0817657039297e-05 3.90504298479755e-06 3.86412496027333e-06 2.49985817220022e-06 2.07214742431461e-06 2.31322120498589e-06 1.20291715930421e-06 1.16188975880505e-06 6.16586914503614e-07 5.0492172256611e-07 5.66090341891368e-07 7.61968180995609e-07 8.47040707441238e-07 7.45545240832257e-07 4.09529915756934e-07 4.47178543439009e-07 4.69743844888626e-07 2.9666823486707e-07 3.65072178709624e-07 6.32704283631824e-07 7.67697288495128e-07 8.59492649851745e-07 1.18674055471502e-06 1.21723132764373e-06 1.46438724470954e-06 1.50186672271957e-06 1.48439809635192e-06 1.31205464128925e-06 1.40498969045666e-06 1.42489067371798e-06 1.3920321094929e-06 1.45701453391212e-06 1.34891126322145e-06 1.26647811811154e-06 1.19079412854717e-06
1.28969447473537e-05 5.05570604332206e-06 1.69575064546734e-05 4.55668346788229e-07 2.75903457520599e-06 9.51591910620664e-06 1.72073803582862e-05 3.8822400455274e-06 3.82549389286169e-06 3.0125619645105e-06 6.20698271802667e-06 2.17590085327402e-06 2.63981774821787e-06 3.07437057358584e-06 1.52926833152378e-06 1.33364138292791e-06 1.20892531896288e-06 9.81067654493017e-07 7.89885608298846e-07 5.29225638601361e-07 4.64526785748376e-07 4.86828804469042e-07 4.74594698829378e-07 6.57405595205773e-07 5.36607626244745e-07 6.63149634405613e-07 4.13439164148599e-07 3.69998667437699e-07 3.28893838030808e-07 2.83529008271444e-07 4.70517307959994e-07 6.85840011982464e-07 8.41277861951539e-07 9.11255106217368e-07 1.09050925871657e-06 1.2979851518935e-06 1.29698455992866e-06 1.13799342855714e-06 1.06002950346351e-06 1.2343596480946e-06 1.29958773982253e-06 1.31741162903154e-06 1.1899322885256e-06 1.02657835299169e-06 1.18366315433605e-06 1.18736447234369e-06
1.1115546203655e-05 7.67820592955104e-06 1.13429485466554e-06 5.11609844089378e-07 9.16965008457282e-07 3.66442308177284e-06 2.87819155602165e-06 2.24682785017194e-06 2.33894473495866e-06 2.43438397831142e-06 1.54073247955466e-06 1.47105913015366e-06 1.73218956689425e-06 1.32237177865591e-06 9.74670020781332e-07 8.17428004040721e-07 5.05612072387862e-07 5.05917986259874e-07 5.53890856025419e-07 7.16790133736822e-07 6.08116509681622e-07 6.03197909754272e-07 4.67623369715398e-07 4.51999184036822e-07 4.39616344038996e-07 4.01825768037156e-07 3.42104652695241e-07 2.78375863160818e-07 3.13422852649126e-07 2.4836576724141e-07 4.10148224361251e-07 5.56431645293287e-07 6.30403783219435e-07 8.81638726468736e-07 9.85051853064078e-07 8.99010969135361e-07 8.49793696033885e-07 9.20567799767014e-07 1.0279925383827e-06 1.19505952511645e-06 1.04337617159445e-06 9.90577997583841e-07 1.05275972188679e-06 1.08072007236615e-06 9.6238093192369e-07 8.13033247482053e-07
4.44293465307055e-06 2.39369706918069e-06 2.43298918789492e-06 2.47368090526834e-06 1.82360310816421e-06 2.5194711568588e-06 1.49006560477005e-06 1.36778940209581e-06 1.14065420717679e-06 7.16527151567448e-07 1.11269858287244e-06 7.68244348847702e-07 8.77522025177768e-07 6.67837626266987e-07 6.38091413662778e-07 9.55503788446777e-07 1.00765234236633e-06 5.35138586243988e-07 6.82667935336667e-07 6.01234173913667e-07 5.82277684557653e-07 4.62828302261187e-07 2.86726017506567e-07 2.6247518878364e-07 2.73512430482015e-07 2.7379880869205e-07 2.67163104084034e-07 2.87091796558059e-07 2.63945482359418e-07 2.95279977713392e-07 3.10621604171502e-07 4.13711802949024e-07 5.25842084186934e-07 6.81843871319643e-07 6.52040213822147e-07 7.33310709222224e-07 7.87996504669763e-07 8.40427184556347e-07 9.1112584215125e-07 9.40534098248236e-07 9.34681727216002e-07 1.06795255589986e-06 1.06811372830862e-06 8.46773559715075e-07 6.48944099168602e-07 6.31636194725615e-07
3.29834079195734e-06 1.15286817781168e-06 6.18063860002849e-07 2.33331819732285e-07 1.38249657979372e-06 1.50255581630176e-06 1.23426268103799e-06 9.02802737812181e-07 7.85432469285752e-07 7.28842204722469e-07 1.07855929130096e-06 1.0196216258862e-06 9.59203872241687e-07 4.31320119176348e-07 7.03831804926836e-07 1.07202053314381e-06 7.20062055137305e-07 4.49023932347359e-07 2.99300591066753e-07 2.48200206875993e-07 2.67757344829533e-07 2.60760239534363e-07 1.99103782705379e-07 2.14419085242668e-07 2.06994248674874e-07 2.44138926674964e-07 2.53256230919874e-07 2.62802174333388e-07 2.99360896072187e-07 2.85649183240366e-07 2.3705130267615e-07 3.38859211268527e-07 3.91909702557314e-07 4.60990016293294e-07 4.96506265434959e-07 5.18527548010184e-07 5.39351067985194e-07 5.52401369802169e-07 5.55205347652077e-07 5.65573438038314e-07 6.79494183941642e-07 6.72052060934902e-07 5.73876031495502e-07 5.59458938909074e-07 5.86715508177349e-07 5.71373555757759e-07
1.12171519468518e-06 3.73928283181613e-07 1.6617650739903e-07 2.17830069804137e-07 7.00804736908367e-07 7.70217518208938e-07 4.26804938058467e-07 3.32122287538539e-07 2.81004090929571e-07 2.42977843623038e-07 2.49818288722281e-07 6.72706260118616e-07 3.41628999223076e-07 4.0023551761692e-07 4.5656560523355e-07 4.07352334974576e-07 3.19895886313759e-07 2.14251764241169e-07 1.80329654941858e-07 1.80669743610196e-07 2.04446089480115e-07 1.97486367259359e-07 1.43975002320218e-07 1.47150501028648e-07 1.78840110987011e-07 1.86080309116932e-07 1.95976124928166e-07 2.22746320055478e-07 2.23904707752354e-07 1.79214723150523e-07 1.64221589660229e-07 2.9401166923293e-07 3.41351720756222e-07 3.74542317160831e-07 4.48388058416072e-07 5.01875869218793e-07 5.20891463295925e-07 5.80606674205342e-07 6.39618633613281e-07 6.63508072307195e-07 5.96094974625316e-07 5.25712705368164e-07 4.97114549347088e-07 4.99156636379894e-07 5.24702366533347e-07 5.78951552299145e-07
1.49109217595367e-07 1.04032951786515e-07 1.13182999017525e-07 1.62773615741685e-07 2.98895545824962e-07 3.01256706158881e-07 3.16396992516843e-07 2.90030313898626e-07 1.86211649655377e-07 1.23601340273893e-07 2.02930831250114e-07 2.0016432333847e-07 2.01484219530812e-07 2.2243304593772e-07 2.0339696016336e-07 2.39874430185694e-07 1.5780293809442e-07 1.42580589201913e-07 1.31426145255631e-07 1.32945713815502e-07 1.30500708017678e-07 1.11778429090492e-07 7.98776865096329e-08 8.68840137169258e-08 9.40877455057887e-08 8.27322038432499e-08 9.80278234585796e-08 1.44019346670632e-07 2.01529752086316e-07 1.96936141350079e-07 2.43507709463131e-07 1.7542342707344e-07 2.48171894945415e-07 3.27521340892645e-07 4.50575566190992e-07 5.40019318506779e-07 5.21722338930886e-07 5.81645348063375e-07 5.67924919536722e-07 4.75325094129175e-07 4.67298194095633e-07 4.55850905467514e-07 4.94519926164116e-07 5.48245824916194e-07 5.37223546714927e-07 5.29756768585798e-07
1.43278076958353e-07 6.68465432340781e-08 7.96554731063992e-08 5.48393588761797e-08 7.86453040468871e-08 3.71988530978307e-08 4.52236438741593e-08 7.50497827439745e-08 8.31538147227917e-08 7.20173435109217e-08 1.45160437314829e-07 1.04316563875884e-07 1.34752662805937e-07 1.73160449712384e-07 1.81722818481944e-07 1.34067364498947e-07 1.11778833433718e-07 1.04226249808548e-07 7.58520187105205e-08 7.8650320212148e-08 8.92080118219951e-08 6.65115071463163e-08 5.66001324475707e-08 4.61914599902968e-08 4.67428301176298e-08 4.28946524633211e-08 5.81406947475216e-08 7.4776143854649e-08 7.905141066189e-08 1.14960572572542e-07 1.69906160341071e-07 1.39038446533846e-07 1.6316617301726e-07 2.62019663921365e-07 3.03819879654554e-07 3.5715118045232e-07 4.11872689198844e-07 4.08569228937949e-07 4.13434177204408e-07 4.28786376005519e-07 4.58850700368885e-07 5.16720490395528e-07 4.87109499403005e-07 4.22994548188171e-07 3.9921981205282e-07 3.94761318034398e-07
8.21156352248664e-08 4.62509443188708e-08 4.48958632714991e-08 4.13898205930963e-08 3.68291339203353e-08 3.48778051995069e-08 3.39883192479462e-08 4.5482126886931e-08 5.61049177338901e-08 4.763160057486e-08 5.40152987005271e-08 8.42188086380702e-08 1.26605679007241e-07 1.31776157274999e-07 1.06530275445493e-07 1.14196870537597e-07 1.03019216091127e-07 6.81188142781508e-08 3.4237268420334e-08 3.14079516061661e-08 2.61628359976562e-08 2.26824399263137e-08 2.06263893298697e-08 1.85676521602396e-08 1.88070644613347e-08 2.43892478213326e-08 4.18600982987627e-08 5.83817847843449e-08 7.73493747274756e-08 8.45471875621229e-08 6.36508093787569e-08 8.24149480660452e-08 1.25722462751554e-07 1.12030997057033e-07 1.94400247099935e-07 2.2393007412802e-07 1.60747798982896e-07 1.82906819912176e-07 2.3792642735998e-07 2.60409129460015e-07 2.85031860691731e-07 3.18591039771832e-07 3.36056364247383e-07 3.48275678874188e-07 3.61910674939736e-07 3.23967832471794e-07
4.99760945515959e-08 4.74517918513939e-08 3.54981024797141e-08 3.66835176679459e-08 3.12640989985624e-08 2.93250624117114e-08 3.92817890548791e-08 4.98234270063236e-08 6.26276631221501e-08 6.68607105014374e-08 5.63127886099579e-08 6.47847594903439e-08 7.93789181052773e-08 9.85215327542477e-08 1.14310201482226e-07 9.00673594372847e-08 4.62097407893936e-08 2.35729379682859e-08 2.178888038884e-08 3.00293330979251e-08 2.37043362827372e-08 2.11864002230833e-08 1.37181052295432e-08 8.53321137084251e-09 7.01065767660936e-09 1.45250706018452e-08 2.49782955208389e-08 3.17778574343564e-08 5.33260739121744e-08 7.89067516659969e-08 5.16320467047748e-08 1.07968154150484e-07 1.65480277125596e-07 1.50705060963929e-07 1.0013388704877e-07 1.43594226997834e-07 1.63749337289687e-07 1.59519021725174e-07 1.72681817200981e-07 2.04682107707299e-07 2.36526801700165e-07 2.2066034013335e-07 2.32844914016539e-07 2.64971149555038e-07 2.35757099886769e-07 1.8542482944639e-07
4.45814852589876e-08 4.61364519699359e-08 4.07043011962926e-08 3.7446693357257e-08 4.38913153599785e-08 4.42517339216408e-08 7.74315134233206e-08 9.28096475227846e-08 1.02060044104846e-07 8.85913956416573e-08 7.55539233399105e-08 6.94988106619832e-08 7.00414034104924e-08 6.32989831883535e-08 5.90065307726206e-08 5.283229285169e-08 3.19942839555054e-08 2.72013589430742e-08 2.98745058135985e-08 3.44449446076922e-08 2.96534929389303e-08 1.67317285360014e-08 7.99229676884394e-09 5.16407511197414e-09 5.51878196475286e-09 5.14650508876002e-09 1.03416086139063e-08 1.95897221888508e-08 4.27494209587209e-08 6.0662382361798e-08 6.19612645191836e-08 9.65289504328837e-08 1.43382141715165e-07 1.25785171967152e-07 1.31383042756283e-07 9.58143491214258e-08 1.24982888838332e-07 1.50084756977975e-07 2.05211216197654e-07 2.36365291961249e-07 2.17281685799264e-07 2.02408747362881e-07 2.07056973877684e-07 2.80715168265999e-07 2.75059985810344e-07 2.21750800122322e-07
5.93412581295638e-08 8.08124945184119e-08 9.94640839913075e-08 7.82625113160407e-08 1.14004794138367e-07 1.16977436714905e-07 1.03341806045876e-07 1.0649526918094e-07 8.61482843284023e-08 8.24903351404061e-08 7.11067776659746e-08 5.09314674879136e-08 4.39465556167917e-08 4.44119714337887e-08 4.45431511009176e-08 3.05948315904026e-08 3.31352476568014e-08 3.25989452099051e-08 3.32306629435841e-08 3.14025234593451e-08 2.35047215912942e-08 1.02809055158026e-08 8.09974346482889e-09 6.13365379598108e-09 4.5408063753527e-09 5.17908175234893e-09 6.42530542105391e-09 1.64378907485663e-08 3.66561741182991e-08 4.71953580216677e-08 8.10784845928225e-08 7.13694443987833e-08 6.44978835673271e-08 6.19615777797122e-08 8.66512873010095e-08 6.64450735765598e-08 6.32197746153196e-08 1.32851912670873e-07 1.8291534047421e-07 2.03003481047404e-07 2.15231426459184e-07 2.20955570640058e-07 3.09526220476641e-07 3.03624613451348e-07 2.09474498902296e-07 2.76296808898735e-07
6.20700131737095e-08 6.05702714651102e-08 7.50933549120703e-08 7.71326144288764e-08 1.30880998261418e-07 1.04604777506623e-07 8.12316138798508e-08 7.66197897572596e-08 7.30143778326919e-08 6.69544371501019e-08 5.50532349929966e-08 4.41354698121899e-08 4.15978239409753e-08 4.62013979740661e-08 3.67701152526045e-08 3.47986991333649e-08 3.53773395578294e-08 3.24078585411947e-08 2.78383185725595e-08 2.23916870378815e-08 1.71477933519348e-08 1.14161117670264e-08 5.35672872725712e-09 6.65768544738654e-09 5.75168073169152e-09 8.8977401890844e-09 9.88018078462716e-09 1.08931605069529e-08 2.0475167950007e-08 4.66118098785273e-08 5.89212296286945e-08 6.29982915612004e-08 5.0237578008705e-08 4.53992355708976e-08 5.70068210414831e-08 6.8140723818999e-08 9.01649443552088e-08 1.28811165289733e-07 1.28746682470648e-07 1.45717455612981e-07 1.87880447555244e-07 2.24491240174984e-07 2.94295479008611e-07 2.15605046349765e-07 1.76507136107062e-07 2.29547445584899e-07
1.15491708552184e-07 8.96769502656269e-08 6.67988869329506e-08 9.54159602883919e-08 9.1357879306031e-08 6.95060670352632e-08 5.14974157761472e-08 6.46923399516552e-08 6.74477283801877e-08 5.71832808216044e-08 4.53731304750349e-08 3.94835631967183e-08 4.84475683792951e-08 3.78916967025411e-08 2.96045639891496e-08 3.67414566104785e-08 3.57537190742718e-08 4.02994220216613e-08 2.96888258310979e-08 1.8753081443279e-08 1.71706690088591e-08 1.07463064336066e-08 1.04336523087944e-08 1.18647340396905e-08 1.0419996299138e-08 9.54118369866919e-09 8.91994914598015e-09 1.22871497865162e-08 1.66569600335009e-08 4.31451235183289e-08 4.87337213472827e-08 3.98207341323342e-08 5.06315008586e-08 6.71650480121855e-08 6.60118260942255e-08 7.55407294938948e-08 1.17925338827263e-07 1.74286158038939e-07 1.9448173222969e-07 2.05021167154484e-07 1.88021910396685e-07 2.66443604601818e-07 2.10693000290973e-07 1.71271146864882e-07 1.98060105116582e-07 2.46816316362697e-07
1.56198026335375e-07 1.54421721187958e-07 1.45204641643915e-07 1.23134635554578e-07 6.55064291477103e-08 4.90258901475471e-08 5.06423831536651e-08 5.10870012071507e-08 5.59459675031349e-08 3.95201168679193e-08 3.74339045761118e-08 5.01614564107911e-08 4.14508759760679e-08 3.20937772135821e-08 3.66511234473066e-08 4.67154174899065e-08 5.00523486657301e-08 4.43109865022606e-08 2.52558491786736e-08 2.00350410040073e-08 1.26590965709994e-08 9.50854568415593e-09 9.57076706775695e-09 1.00723419382831e-08 1.15280651913352e-08 1.21483740400663e-08 1.58976566799751e-08 1.58642818548493e-08 9.63256712172012e-09 1.51475478382679e-08 2.58470130853894e-08 4.2941442668365e-08 4.47257546998259e-08 4.57944653309283e-08 7.5493652484937e-08 1.19732709968901e-07 1.25601663825137e-07 1.24459468686666e-07 1.15680438117494e-07 1.75688339254521e-07 2.2170173128444e-07 2.61008160329368e-07 2.12821079337289e-07 2.0844097878836e-07 2.32454518034331e-07 2.42188929888698e-07
1.58311570341851e-07 1.26860179161525e-07 9.31041570062519e-08 6.89467118064613e-08 5.4549359140843e-08 5.39588271397662e-08 5.16764094626865e-08 4.57849576918079e-08 3.69728716975715e-08 4.26961257682379e-08 4.84459526273184e-08 4.59169789301939e-08 4.40053765871085e-08 4.60118731337999e-08 4.92947352270789e-08 4.64913936237821e-08 4.08443668886704e-08 2.66092030187792e-08 2.06687418069507e-08 1.77423732261595e-08 1.03363392289779e-08 1.00881011322329e-08 1.51305083573305e-08 1.52780621820448e-08 1.513153143895e-08 1.44582440686492e-08 1.32000038233215e-08 1.11300120120283e-08 8.5074050804046e-09 1.69382935677476e-08 2.00318987730874e-08 2.51419028374222e-08 2.82452391808796e-08 3.77526173434006e-08 5.53356605648148e-08 1.03568146059274e-07 1.26149630652606e-07 1.21784643969391e-07 1.08420226130335e-07 1.19745228843726e-07 1.71612759913842e-07 2.21588484983215e-07 2.58790219120897e-07 2.52335328099207e-07 2.59033866711889e-07 2.60942428376154e-07
9.90554752444694e-08 8.26818011390174e-08 7.04243567906104e-08 6.57279080940043e-08 6.17164432448192e-08 5.86721506490306e-08 5.42037068118617e-08 3.94746678344937e-08 3.35550113250704e-08 5.08999977277824e-08 5.57151114577437e-08 5.62448447816166e-08 4.54452133924477e-08 4.39946809205338e-08 4.19976252441501e-08 4.86356253492914e-08 4.26345505788461e-08 3.64537938946086e-08 3.28969165686033e-08 3.29649332941884e-08 1.91208812116983e-08 1.83252266583445e-08 1.64005554803559e-08 1.40912731483311e-08 1.20451600027494e-08 1.12445498801073e-08 1.03903824655305e-08 8.44115256581901e-09 1.43122327433964e-08 1.47191541732816e-08 1.49082967415559e-08 1.76049237299303e-08 2.45313541813452e-08 2.54365931096068e-08 5.92558470291493e-08 7.06906595038248e-08 8.15702159595588e-08 9.85532761621499e-08 1.00201726427329e-07 1.03578299714968e-07 1.13673226387334e-07 1.28639295660093e-07 2.03748788507596e-07 2.88223857403125e-07 2.92553848169064e-07 2.84346693391058e-07
7.92310722363965e-08 7.36530965106397e-08 7.03452519790204e-08 7.11949446952076e-08 6.67858337299876e-08 6.64506306202739e-08 3.6982881734815e-08 3.50576782492951e-08 4.70721324141721e-08 3.98247866684187e-08 5.11027207661385e-08 5.23739331903528e-08 4.76279719441308e-08 6.49924437379212e-08 6.03039030266927e-08 5.18849861297355e-08 3.89917737209089e-08 3.67688225866303e-08 3.3665826915108e-08 3.34167104765193e-08 2.44190130893607e-08 1.59981123459829e-08 1.41919194174278e-08 1.25253759142296e-08 1.24657265176964e-08 1.54644508532087e-08 9.05429760056364e-09 1.46918786247952e-08 1.45653354266528e-08 1.44675729396582e-08 1.46503347453475e-08 1.56947289498e-08 3.80780600828245e-08 3.98722765471149e-08 4.09245912713629e-08 4.472368042574e-08 6.73119514349452e-08 6.68176514562191e-08 6.79663652913831e-08 9.79927714084283e-08 1.15423665025816e-07 1.34897009651525e-07 1.63873629421829e-07 2.90732640095825e-07 2.89706450473659e-07 2.86231347601529e-07
7.76073026731439e-08 7.72730971654312e-08 8.61669548601896e-08 9.18703779717589e-08 8.35348015648663e-08 5.58479801959777e-08 4.19835789244871e-08 4.46480941995731e-08 4.45331290732653e-08 3.54898724075348e-08 5.56954549590927e-08 5.76813906860707e-08 6.74372039988214e-08 6.42915721549286e-08 5.487523040415e-08 4.108267837033e-08 3.73928638941479e-08 3.52416041571324e-08 3.22249079198755e-08 2.9556520297902e-08 2.27332247138001e-08 1.44840110682942e-08 2.26847840290034e-08 2.29050303945932e-08 2.626409325579e-08 1.88789056942973e-08 1.43089754711667e-08 1.38885226541596e-08 1.38701636509531e-08 1.32386475559798e-08 1.35855016680786e-08 2.13664975379224e-08 3.18376791264008e-08 5.38709563624451e-08 3.74060812102783e-08 2.946014973082e-08 4.95429823388349e-08 6.34564432111517e-08 6.39397308876966e-08 7.16293184765959e-08 1.17311436209633e-07 1.90211637374205e-07 1.62049536545084e-07 1.77230692255392e-07 2.42251608995048e-07 2.82293684605861e-07
