Scripts_&_data/Maxent_result_files_2/B_ruderarius_2.asc
NCOLS 594 
NROWS 330 
XLLCORNER -15 
YLLCORNER 23 
CELLSIZE 0.166666666666667 
NODATA_value -9999 
[rows 60 to 79 of 330, columns 322 to 367 of 594]
0.0201833260245621 0.0172697684727609 0.023282431717962 0.0252720713615417 0.0314085802063346 0.0363689310848713 0.048166955076158 0.0495523629710078 0.0220478694885969 -9999 -9999 -9999 -9999 -9999 -9999 -9999 -9999 -9999 -9999 -9999 -9999 -9999 -9999 -9999 -9999 -9999 -9999 -9999 -9999 -9999 -9999 -9999 -9999 0.0218533174134791 0.00913344919681549 0.00879359394311905 0.00734836945775896 0.00710630011744797 0.00793716544285417 0.00868970202282071 0.00951060408260673 0.00975489907432348 0.0106220880057663 0.013284158706665 0.0181807714048773 0.0218078006058931
0.0109717512037605 0.0108656908851117 0.0180469657294452 0.0193165951408446 0.0228991458192468 0.0258003403432667 0.0403088223189116 0.0445584181696177 0.0402453705668449 0.0170238298829645 0.0225366652943194 0.0134766547707841 -9999 -9999 -9999 -9999 -9999 -9999 -9999 -9999 -9999 -9999 -9999 -9999 -9999 -9999 -9999 -9999 -9999 -9999 -9999 -9999 -9999 0.00258265167358331 0.00494438590249047 0.006255744677037 0.00333676609443501 0.00375850226264447 0.00535201913444325 0.00278664098586887 0.0173628919292241 0.0143681267509237 0.00439025589148514 -9999 -9999 -9999
0.0118675714358687 0.0111954668536782 0.014644904108718 0.0157636654097587 0.0153286090586334 0.0173735786229372 0.0187490805983543 0.0213615112006664 0.0362624052911997 0.03513561822474 0.0390400731936097 0.0241601419169456 0.0337757483124733 0.0672275153920054 -9999 -9999 -9999 -9999 -9999 -9999 -9999 -9999 -9999 -9999 -9999 -9999 -9999 -9999 -9999 -9999 -9999 -9999 0.0124411166412756 0.00759431212209165 0.00687586604617536 0.00140962394070812 0.00223593210685067 0.00157942422374617 0.00207812905136961 0.0018285477795871 -9999 -9999 -9999 -9999 -9999 -9999
0.0065736215794459 0.00845209416002035 0.0107004579156637 0.00888023118022829 0.0089190011844039 0.00961421830579639 0.0115586392581463 0.0163826732896268 0.0155996534973383 0.0172631358727813 0.0218299928121269 0.0283502416685224 0.0222332126926631 0.0579778719693422 -9999 -9999 -9999 -9999 -9999 -9999 -9999 -9999 -9999 -9999 -9999 -9999 -9999 -9999 -9999 -9999 -9999 0.0464789167046547 0.0111597531009465 0.00676622656174004 0.00686047284398228 0.000624073295990235 0.00341460907366127 0.00367599611054175 -9999 -9999 -9999 -9999 -9999 -9999 -9999 -9999
0.00369502973044291 0.00619051996618509 0.00396279075648636 0.00412189696216956 0.00459167181979865 0.00444389396579936 0.00541640904266387 0.00825059053022414 0.00810755304992199 0.0105319118127227 0.0119693314190954 0.0141627453733236 0.0100700470153242 0.0287628686986864 0.0313480596989393 -9999 -9999 -9999 -9999 -9999 -9999 -9999 -9999 -9999 -9999 -9999 -9999 -9999 -9999 -9999 -9999 0.006957365735434 0.00925623888615519 0.00874880780465901 0.00932887336239219 0.00863984795287251 0.00367333017056808 0.00233035019482486 0.00259089955943637 -9999 -9999 -9999 -9999 -9999 -9999 -9999
0.00440397725906223 0.00173549562459812 0.00382298420881853 0.00337410032516345 0.0030077496659942 0.00122886800672859 0.00334384587476961 0.00709569549653679 0.00746637498959899 0.00685118143446743 0.00500533721642569 0.00778509490191936 0.0102969678351656 0.0111197419464588 0.0161052922718227 0.0261875542812049 -9999 -9999 -9999 -9999 -9999 -9999 -9999 -9999 -9999 -9999 -9999 -9999 -9999 -9999 -9999 -9999 -9999 0.00442924934905022 0.00354068122105673 0.00304362901370041 0.00085019169782754 0.00102526551345363 0.00050020983981085 0.0014043159346329 0.000165172163406169 0.00266279045608826 -9999 -9999 -9999 -9999
0.00364153421251103 0.0092022217111662 0.00741206158418208 0.0059090094640851 0.00534143479308113 0.00630092846695334 0.00586898508481681 0.00683925717603415 0.00714582598302513 0.00572918590623885 0.00622889298247173 0.0100389373721555 0.00914037066977471 0.00347302937880158 0.00754886255599558 0.00603690210264176 -9999 -9999 -9999 -9999 -9999 -9999 -9999 -9999 -9999 -9999 -9999 -9999 -9999 -9999 -9999 -9999 -9999 -9999 -9999 0.00235922354913782 0.00431169687071815 0.00154132613679394 0.00292309361393563 0.00197389698005281 0.00130765879002865 0.00119745182746556 0.00560386577853933 -9999 -9999 -9999
0.00682839113287628 0.00688920365646481 0.00283209771150723 0.00469883232144639 0.00464293621480465 0.00994739159941673 0.00949993790127337 0.0108149206731468 0.0103307111654431 0.0077428656630218 0.00649107013596222 0.00851485866587609 0.00921142366714776 0.00937448726035655 -9999 -9999 -9999 -9999 -9999 -9999 -9999 -9999 -9999 -9999 -9999 -9999 -9999 -9999 -9999 -9999 -9999 -9999 -9999 -9999 -9999 0.000829949791659601 0.00394183733733371 0.000879772305779625 0.000597297044441802 0.00269159897579811 0.00210860703955404 0.00222617744584568 0.00202366534504108 0.000621303952357266 0.00155172809609212 0.00152469601016492
0.00286924975225702 0.00598730091005564 0.00843820031732321 0.0116708516143262 0.00785146751441062 0.00682307190727442 0.00624521457357332 0.0217773099429905 0.0068566766101867 0.00312732406891882 0.00773755183909088 0.00431773412274197 0.0175376497907564 -9999 -9999 -9999 -9999 -9999 -9999 -9999 -9999 -9999 -9999 -9999 -9999 -9999 -9999 -9999 -9999 -9999 -9999 -9999 -9999 -9999 0.00197823232447263 0.0017299440514762 0.00199382684659213 0.000783018286165316 0.00117722454597242 0.00107026225305162 0.00225624594604597 0.0020191274525132 0.00181085754884407 0.00123861403553747 0.00168380134564359 0.00164360757044051
0.000714481933391653 0.00620134002529085 0.00612374618649483 0.00559049954172224 0.00995896582026035 0.00307472901185974 0.00857893021311611 0.00975335671100766 0.0124630857259035 0.0107194967102259 0.0182845399016514 -9999 -9999 -9999 -9999 -9999 -9999 -9999 -9999 -9999 0.0230306891258806 0.00182727219906623 0.000374426270574657 0.00151703609153628 -9999 -9999 -9999 -9999 -9999 -9999 -9999 -9999 -9999 0.00655469784978777 0.000568519745138474 0.00190402927692048 0.000760198346688412 0.000507357779861195 0.00142763631520211 0.0028011041256832 0.000999586540274322 0.0025578357221093 0.00082134973781649 0.000519522863032762 0.00116599902103189 0.00051224493799964
0.00128013899957296 0.00183656227309257 0.00139362869085744 0.00191129157901742 0.000572973045927938 0.00345605501206592 0.00920090244617313 0.00581695785513148 -9999 -9999 -9999 -9999 -9999 -9999 -9999 -9999 -9999 -9999 -9999 0.000813527782156598 0.00236998130567372 0.00254242358496413 0.00155038952361792 0.00184133994043805 0.00176653706585057 0.00233907247893512 0.00372999857645482 0.00274029093561694 0.00282414582325146 0.00311908625881188 -9999 -9999 -9999 0.00136489112628624 0.000971877307165414 0.00109439577645389 0.00203191886394052 0.00141756726370659 0.000965068303776206 0.000981485929514747 0.00304270949272905 0.000634424452437088 0.000429851202352438 0.00080612810124876 0.000760191993322223 0.000461227077903459
0.0193455216474831 -9999 -9999 -9999 -9999 -9999 -9999 -9999 -9999 -9999 -9999 -9999 -9999 -9999 -9999 -9999 0.00820810534060001 0.000694149849005043 0.00051370739529375 0.000502636207602336 0.00130699671281036 0.00150944995111786 0.00083392406522762 0.00148934039170854 0.00119475841347594 0.00173962446860969 0.00263488519703969 0.00189555993129034 0.00178861212916672 0.00122194380965084 0.00174040560959838 0.00510302195325494 -9999 0.00370002685813233 0.00097846009011846 0.000653457018779591 0.00117103211232461 0.000449853664031252 0.000806169427232817 0.000753790221642703 0.001157357628108 0.000897484291635919 0.000293264161518891 0.000488116891210666 0.000767276706756093 0.000175692256379989
-9999 -9999 -9999 -9999 -9999 -9999 -9999 -9999 -9999 -9999 -9999 -9999 0.000624422793043777 0.00114927592512686 0.00549145326949656 0.00177216837473679 0.0010137740711798 0.000681958349014167 0.000391477199445944 0.000592276003226289 0.00342601838055998 0.00125607683439739 0.00132472048135241 0.00131214948487468 0.00266120795276947 0.006379200424999 0.00131284964445513 0.00658793046604842 0.00205006722244434 0.00185045093530789 0.00356274906080216 0.00180642269551754 0.000458059205266181 0.000120093621729045 0.00267146142432466 0.00113692647137214 0.00265854684403166 0.000591498524590861 0.00105460057238815 0.00152024128838093 0.000611129037133651 0.000698234299488831 0.00061182052231743 0.000947127866675146 0.000849769663182087 0.00320746114011854
-9999 -9999 -9999 -9999 -9999 -9999 -9999 -9999 -9999 -9999 0.0110667205881327 0.00166707184980623 0.00147582064964809 0.000877278394182213 0.00153151989215985 0.0011475520033855 0.000533873566018883 0.000552398987201741 0.000782267333124764 0.00155664635676658 0.00329010967398062 0.00184897314175032 0.00142913977906574 0.00187040608143434 0.00733819412998855 0.0110201265662909 0.00275837327935733 0.00317996783996932 0.00619964819634333 0.00168435205705464 0.00798727769870311 0.0010489819367649 0.00384111707098782 0.00236128963588271 0.00162767697474919 0.00297573677962646 0.000869084983423818 0.000541836874617729 0.00117190141027095 0.00268609843333252 0.00158933610655367 0.00209876450826414 0.00151578971999697 0.00262477019568905 0.00179566703736782 0.00101996690209489
-9999 -9999 -9999 -9999 -9999 -9999 -9999 0.215854014456272 0.00076406078733271 0.000563663360662758 0.00926237318199128 0.00560901199933142 0.00116982424660819 0.0028530077484902 0.00072913221156341 0.00189841448445804 0.00186165886698291 0.00171225976664573 0.00496859208215028 0.00178653792245314 0.00234076864144299 0.00751037205336615 0.01163225392811 0.0135127312503755 0.0065714277792722 0.00857899086549878 0.00870737819932401 0.0038368952809833 0.0100960467942059 0.00566550182411447 0.0104072011308745 0.00976166920736432 0.00661834084894508 0.00512661375105381 0.000865487408009358 0.00068738951231353 0.00150715030031279 0.00377275897189975 0.00400363438529894 0.00538035454810597 0.00172582800732926 0.0082228860235773 0.00244840099476278 0.00177747963462025 0.00102629270695616 0.000802544396719895
-9999 -9999 -9999 -9999 -9999 -9999 0.137231420725584 0.0135836916975677 0.00678403016645461 0.00229209434182849 0.00926059407647699 0.0179591463878751 0.000818182567309123 0.00548152558039874 0.00792046207934618 0.00407670788117684 0.0388365847989917 0.0290927402675152 0.0223575965501368 0.00605460191145539 0.0179599575698376 0.00294403675070498 0.00643446374451742 0.0082430558046326 0.00454006487270817 0.00692418059334159 0.0128794879186898 0.0131269767414778 0.0173799730837345 0.00907022883184254 0.00427480024518445 0.00238659712485969 0.00244532239157706 0.00444303459953517 0.00666066454723477 0.00643474368844181 0.0140955441631377 0.00621757199987769 0.00429562531644478 0.0052188369911164 0.00899283846374601 0.00185965755372308 0.000966244669689331 0.00107012656517327 0.000719436450162902 0.00221319212869275
-9999 -9999 -9999 -9999 -9999 -9999 -9999 0.235971383750439 0.0139838606119156 0.00435649759601802 0.00394981545105111 0.00383536492008716 0.00261211276520044 0.00219533575000241 0.00851811771281064 0.0237206287682056 0.0237068918533623 0.0389262577518821 0.0218028711155057 0.0046772283851169 0.00397892841720022 0.00676082998979837 0.00750197827583179 0.0136376981623471 0.00478788745822385 0.0168594701215625 0.0189717115834355 0.00581159284338355 0.00442772228270769 0.00242839793791063 0.0145335136912763 0.00768983466550708 0.00694676539860666 0.0075743586756289 0.0213628761935979 0.00975409112870693 0.00524137899046764 0.00636597841512412 0.00418457697378471 0.00339738363400102 0.00799001441337168 0.00360070113092661 0.0026794699835591 0.00944106965325773 0.00209954247402493 0.00269648222019896
-9999 -9999 -9999 -9999 -9999 -9999 -9999 -9999 -9999 0.0172660469077528 0.0173883482348174 0.0278890818357468 0.056863006670028 0.0656227418221533 0.00796914864331484 0.0203027701936662 0.178506951034069 0.0383061805739999 0.00922996823210269 0.00505613669520244 0.00530889926012605 0.00369429406709969 0.00762807536520995 0.0150539838708937 0.0834079820662737 0.0397797852754593 0.00521701563848183 0.0131372041068971 0.0269814755767584 0.0136693672742695 0.00569859596434981 0.00696547499392182 0.0148218160960823 0.00750717483460903 0.0132126679643989 0.00631329275202006 0.0084085232403595 0.00969969953875989 0.00207454725168645 0.00544936200603843 0.0147797692101449 0.0082363988738507 0.0113918818999082 0.00393768301000819 0.0143653680337593 0.00887070251628757
-9999 -9999 -9999 -9999 -9999 -9999 -9999 -9999 -9999 -9999 0.0236301024444401 0.0676625475287437 0.0310057495255023 0.0279281594557688 0.0123479229398072 0.0410637608263642 0.0228415657067671 0.0185542936902493 0.0457889094948769 0.00632443705108017 0.0076884662732482 0.003736181196291 0.00619638956850395 0.0338086305186152 0.0547369502484798 0.0681736752390862 0.106163788586855 0.0220073651522398 0.0359891401603818 0.0263284943066537 0.0137170137371868 0.0129613748285919 0.012982922885567 0.00351820421637967 0.00479415114969015 0.00907245342386886 0.00478961360640824 0.00385544297751039 0.00343406320316717 0.00814391188323498 0.0332514790818095 0.029348555020988 0.00459308117860928 0.00724881142377853 0.00532655953429639 0.00480173837859184
0.227737821638584 -9999 -9999 -9999 -9999 -9999 -9999 -9999 -9999 -9999 0.0192269472870976 0.014454304962419 0.0387575978413224 0.0080540094524622 0.0134146138560027 0.0294357718899846 0.00623819566098973 0.0134853834286332 0.0103886731900275 0.00442998443031684 0.00569033006904647 0.0114988379646093 0.0108881975989789 0.00970325199887156 0.0105774401221424 0.0542715031653643 0.0794793423265219 0.0959029868245125 0.0619357896968722 0.0463120816275477 0.018019922520034 0.0189524168614298 0.0110460858792067 0.0217913308180869 0.0129279865417629 0.0133601258508861 0.0253430268261582 0.0419872919563204 0.0196551074273884 0.0114523585187271 0.0195937786716968 0.019704039953649 0.0186966543551534 0.012754921335727 0.0178302076645195 0.0149003696860746
