Scripts_&_data/Maxent_result_files_2/B_ruderarius_2.asc
NCOLS 594 
NROWS 330 
XLLCORNER -15 
YLLCORNER 23 
CELLSIZE 0.166666666666667 
NODATA_value -9999 
[rows 180 to 199 of 330, columns 92 to 137 of 594]
0.521084561944008 0.412429484724998 0.366013193130493 0.351626574993134 0.407925495505333 0.374946478009224 0.19678703173995 0.379460608959198 0.426454719901085 0.420919361710548 0.448974499106407 0.509328219294548 0.563508331775665 0.40522994697094 0.500072056055069 0.351291340589523 0.367251175642014 0.390874230861664 0.539545261859894 0.504532465338707 0.5427315056324 0.594548547267914 0.360894379019737 0.353704237937927 0.273916485905647 0.270133969187737 0.141588264703751 0.122073966264725 0.123193725943565 0.366635280847549 0.45643757879734 0.189650703966618 0.162658601999283 0.171282784640789 0.152723378688097 0.235771317780018 0.338205504417419 0.609100094437599 0.8560631275177 0.443951061367989 0.580825045704842 0.439352205395699 0.38372603058815 0.252757160365581 0.441387751698494 0.82790253162384
0.218546843528748 0.305454860627651 0.296905773878098 0.313461631536484 0.409067329764366 0.309813353419304 0.297510060667992 0.531290301680565 0.483372429013252 0.430050039291382 0.378647649288178 0.452888950705528 0.545793706178665 0.494079980254173 0.396668446063995 0.360153156518936 0.34664785861969 0.18105371594429 0.406235030293465 0.548546627163887 0.333114159107208 0.312526917457581 0.351271694898605 0.196109820902348 0.256810081005096 0.174431104958057 0.156767793744802 0.196068581938744 0.185976313054562 0.27074815928936 0.381074419617653 0.220992432534695 0.172560858726501 0.218121132254601 0.180498458445072 0.140204816311598 0.351710465550423 0.513560715317726 0.549295121431351 0.684125608205795 0.594781976938248 0.36403041779995 0.325434908270836 0.381239926815033 0.410883088409901 0.61402054131031
0.280336913466454 0.294170154631138 0.385850417613983 0.257400377094746 0.256756196916103 0.280361427366734 0.224650306999683 0.223092114925385 0.376550969481468 0.351261591911316 0.348847836256027 0.385508862137795 0.352717354893684 0.286042469739914 0.435975429415703 0.429005372524261 0.185756149888039 0.387834089994431 0.321858161687851 0.274092161655426 0.214482808113098 0.263322423398495 0.394180995225906 0.296860602498055 0.468545311689377 0.337232998013496 0.324827381968498 0.137188683450222 0.20725671350956 0.32575424015522 0.259335061907768 0.273770032823086 0.217074400186539 0.206649465858936 0.282624283432961 0.281356596946716 0.230055163800716 0.197683623433113 0.371954619884491 0.520716515183449 0.43570798933506 0.484091612696648 0.443141022324562 0.387842929363251 0.510769960284233 0.588761013746262
0.345548322796822 0.440615528821945 0.561184942722321 0.464501285552979 0.216380155086517 0.270543022453785 0.3752007573843 0.344687166810036 0.386787074804306 0.274256779253483 0.143740134686232 0.123764202743769 0.391116547584534 0.218347007036209 0.333120995759964 0.408316648006439 0.298197877407074 0.159124058485031 0.30036633014679 0.190953813493252 0.254788209497929 0.248942473530769 0.452414825558662 0.58158198595047 0.468008747696877 0.416104230284691 0.268793828785419 0.165746854990721 0.272909340262413 0.203906038403511 0.201188623905182 0.25089245736599 0.170293229073286 0.132746446877718 0.130305777490139 0.363764974474907 0.49219257235527 0.40103545486927 0.57381774187088 0.566090697050095 0.599749946594238 0.495791965723038 0.535374110937119 0.599159717559814 0.636990749835968 0.496621599793434
0.198194590210915 0.267842875421047 0.266156463325024 0.265705671906471 0.225832337141037 0.323006516695023 0.355567970871925 0.239350271224976 0.360212403535843 0.331610476970673 0.316500905156136 0.264609524607658 0.164202687144279 0.308452013134956 0.313205941021442 0.305211243033409 0.176708224415779 0.146751820296049 0.330758291482925 0.28820134550333 0.406286978721619 0.606572663784027 0.764232701063156 0.463833799958229 0.306529043614864 0.319616341590881 0.144982966035604 0.215491686761379 0.289031425118446 0.177254408597946 0.151761788874865 0.161156686395407 0.188563596457243 0.325315007567406 0.372762477397919 0.333760884404182 0.393730595707893 0.51158481836319 0.601799693703651 0.702969926595688 0.699787873029709 0.630476477742195 0.674657011032105 0.499216666817665 0.455672577023506 0.46882022023201
0.254581639170647 0.236847525835037 0.238794478774071 0.330499371886253 0.179008819162846 0.293591172993183 0.236591449379921 0.200432299077511 0.239707672595978 0.235756684839726 0.216158674657345 0.319369655847549 0.449594575166702 0.249054457247257 0.251010708510876 0.185295832157135 0.211794380843639 0.169379286468029 0.192463818192482 0.290710763633251 0.231158998608589 0.501479113101959 0.738508135080338 0.400901961326599 0.276749344170094 0.228075943887234 0.200761717557907 0.213218279182911 0.0985028475522995 0.234715390205383 0.225030823051929 0.117440666258335 0.10816256031394 0.348683241009712 0.34151397049427 0.471798357367516 0.586899676918983 0.784087598323822 0.855660736560822 0.719945359230042 0.761097157001495 0.521580541133881 0.456478652358055 0.443469223380089 0.295776171982288 0.549356237053871
0.334826195240021 0.279020623862743 0.340898126363754 0.277178272604942 0.286351104080677 0.208192645013332 0.231155751645565 0.201638080179691 0.225822918117046 0.298250764608383 0.222131851315498 0.245054365694523 0.266215559840202 0.188691110908985 0.26065082103014 0.18383827060461 0.18041464984417 0.281986382603645 0.162145595252514 0.178893709182739 0.125551421195269 0.421322181820869 0.497752586007118 0.439726260304451 0.258796639740467 0.221081826090813 0.295015361905098 0.126857644319534 0.17459289804101 0.13393467143178 0.189599215984344 0.157690538465977 0.260989457368851 0.505885553359985 0.671663516759872 0.594628641009331 0.863726413249969 0.808088022470474 0.723060601949692 0.374621698260307 0.491584753990173 0.322166685760021 0.446600371599197 0.4300735861063 0.543635532259941 0.674567723274231
0.405862408876419 0.435757693648338 0.277236606180668 0.301574710011482 0.26238360106945 0.265261186659336 0.248306879401207 0.247367453575134 0.156551493704319 0.215654456615448 0.230221627652645 0.306583431363106 0.322698038816452 0.165260729193687 0.208624330163002 0.212182068824768 0.22658290117979 0.111797499656677 0.294710031151772 0.207237379252911 0.147072319686413 0.217961101233959 0.263868787884712 0.438866928219795 0.48559650182724 0.201859557628632 0.116991396248341 0.273622952401638 0.149256854504347 0.10209209099412 0.138631938397884 0.280764156579971 0.470760974287987 0.669514083862305 0.591324886679649 0.851495170593262 0.74596683382988 0.437006708979607 0.402586889266968 0.28351443707943 0.446947082877159 0.639402914047241 0.753869074583054 0.601558119058609 0.845902210474014 0.950057923793793
0.374292773008347 0.252484594285488 0.224996477365494 0.216884052753448 0.191025066375732 0.181814008951187 0.208212944865227 0.228503209352493 0.247108563780785 0.2612389549613 0.260747164487839 0.276292064785957 0.235677754878998 0.218528451025486 0.101299855113029 0.209956683218479 0.184684351831675 0.214423997700214 0.299147310853004 0.200746475160122 0.193680560588837 0.217645105719566 0.281087648868561 0.199080835282803 0.386227741837502 0.191110402345657 0.136835977435112 0.248612692952156 0.126325819641352 0.173439101874828 0.161244790256023 0.275985054671764 0.538073205947876 0.875187242031097 0.803658521175384 0.902808290719986 0.55407646894455 0.350153067708015 0.442666354775429 0.460549169778824 0.743523222208023 0.806129050254822 0.84785812497139 0.950157904624939 0.979204165935516 1
0.19832588583231 0.227942177653313 0.190444597601891 0.221173083782196 0.213425487279892 0.21421212553978 0.210186138749123 0.259092098474503 0.294870293140411 0.295667612552643 0.282756890356541 0.380040645599365 0.284344266355038 0.474305549263954 0.262885767221451 0.243567945063114 0.312229853868485 0.247287817299366 0.188960891962051 0.192362585663795 0.214328840374947 0.282151122391224 0.257388371229172 0.1729039311409 0.318143036961555 0.257898391783237 0.169309936463833 0.182650328427553 0.106433264538646 0.120410024002194 0.25828937292099 0.465158504247665 0.407349187135696 0.841715401411056 0.870617979764938 0.470761331915855 0.415105193853378 0.575646537542343 0.940772169828415 0.67500981092453 0.932930451631546 0.886432325839996 0.968122756481171 0.96295313835144 0.777015888690949 0.999919527769089
0.186065052449703 0.182827763259411 0.195261868834496 0.23910743445158 0.216007818281651 0.219011622667313 0.237216731905937 0.230577254295349 0.367335376143456 0.439522531628609 0.297107462584972 0.284967285394669 0.341043965518475 0.522388300299644 0.537604448199272 0.469963896274567 0.334953299164772 0.264908018708229 0.297795611619949 0.247854298353195 0.329967448115349 0.206848357617855 0.224414749443531 0.272716069221497 0.435412734746933 0.404759639501572 0.286989949643612 0.164557075500488 0.0915278431028128 0.224589839577675 0.266991443932056 0.638733381032944 0.575346466898918 0.53211036324501 0.413977926969528 0.371839448809624 0.538620164990425 0.672381433844566 0.902485620975494 0.876844817399979 0.452022416889667 1 0.889783018827438 0.986815005540848 0.992734050750732 1
0.183753357827663 0.189547222852707 0.202957564592361 0.254378129541874 0.292302639782429 0.404225528240204 0.354622730612755 0.375163689255714 0.367733782529831 0.382251226902008 0.400483381748199 0.285316117107868 0.332544568181038 0.440938591957092 0.572972428798675 0.511144003272057 0.440280532836914 0.550768309831619 0.301617209613323 0.506066554784775 0.503138509392738 0.401220488548279 0.448807707428932 0.363260301947594 0.455962389707565 0.290547336637974 0.215412710607052 0.107232760637999 0.2129818148911 0.18262794315815 0.296320056915283 0.82855378985405 0.45521328151226 0.190357759594917 0.407131105661392 0.409297329187393 0.696899151802063 0.831539523601532 0.835883140563965 0.293184112031714 1 0.789424133300781 0.795081400871277 0.992281699180603 0.998942267894745 0.999996209144592
0.183752754330635 0.181886145472527 0.199438700079918 0.253634083271027 0.229679618775845 0.499314188957214 0.32439446747303 0.330849334597588 0.459233146905899 0.672121214866638 0.515476208925247 0.46539871096611 0.565835243463516 0.55896018743515 0.588960391283035 0.738707619905472 0.690098524093628 0.490587520599365 0.513652569055557 0.633520555496216 0.710538631677628 0.564151746034622 0.369346156716347 0.274920953810215 0.548631471395493 0.206348143517971 0.225106032192707 0.228565700352192 0.242278555035591 0.189848476648331 0.304940301179886 0.403213766217232 0.385931479930878 0.257810129225254 0.427640488743782 0.828386318683624 0.714954727888107 0.803288418054581 1 1 0.989965772628784 0.582063868641853 0.311719129694393 0.628199577331543 0.88790288567543 0.400193984922971
0.168624995648861 0.195938862860203 0.219176277518272 0.252156895399094 0.208557794988155 0.406626653671265 0.221525090932846 0.3420838534832 0.497487726807594 0.615025591850281 0.692573940753937 0.577361822128296 0.592410832643509 0.601263922452927 0.670250600576401 0.67468701004982 0.620472723245621 0.688627672195435 0.523051458597183 0.670721644163132 0.629365986585617 0.691194540262222 0.298640748858452 0.307631370425224 0.30542429536581 0.368763417005539 0.219976426661015 0.979868161678314 0.190305265784264 0.187155230343342 0.227571241557598 0.178550513088703 0.29190669208765 0.321891051530838 0.483981627225876 0.79539994597435 0.801901340484619 0.859078007936478 0.700053554773331 0.550098985433578 0.864901268482208 0.867080068588257 0.926101177930832 0.927964425086975 0.95323703289032 0.823153710365295
0.231603944301605 0.226802131533623 0.253582663834095 0.211417047679424 0.281392586231232 0.247145862877369 0.297200977802277 0.364599271118641 0.48467783331871 0.67692232131958 0.700371736288071 0.674119514226913 0.561669117212296 0.584758901596069 0.733052390813828 0.654984229803085 0.737819045782089 0.690404897928238 0.638798761367798 0.63498552441597 0.747784447669983 0.728232318162918 0.568372273445129 0.356699588894844 0.275398235023022 0.394164651632309 0.235010001063347 0.208541889488697 0.215604349970818 0.202426059544086 0.136923722177744 0.17617761939764 0.336165302991867 0.374691444635391 0.417875719070435 0.530131012201309 0.928009879589081 0.922149848937988 0.821096569299698 0.662581557035446 0.228643036074936 0.315401976555586 0.476059506833553 0.907993447780609 0.711524736881256 0.584989365935326
0.155738186836243 0.256627729535103 0.258891965448856 0.258021882176399 0.195934217423201 0.209250350296497 0.2197614595294 0.244536316394806 0.436596688628197 0.590856719017029 0.459097719192505 0.466297024488449 0.558999782800674 0.487230613827705 0.657245087623596 0.757057571411133 0.625172299146652 0.640211153030396 0.560929581522942 0.284263482689857 0.679750162363052 0.681967830657959 0.702301412820816 0.532460525631905 0.624945962429047 0.700241410732269 0.240324552357197 0.133982999622822 0.185214884579182 0.215186432003975 0.177348942309618 0.277979719638824 0.448919087648392 0.714524865150452 0.679196268320084 0.868033194541931 0.771981912851334 0.851332032680511 0.971554756164551 0.229422275349498 0.183826459682314 0.928232771158218 0.686375278234482 0.483216494321823 0.241940186917782 0.207728759944439
0.185544739663601 0.207540017366409 0.257790714502335 0.232738389074802 0.231738813221455 0.223462919890881 0.252674075961113 0.4538683116436 0.441390287876129 0.424205702543259 0.381673160195351 0.253505335748196 0.542322659492493 0.561914137005806 0.622684997320175 0.738666796684265 0.472712352871895 0.610039705038071 0.685179960727692 0.584036430716515 0.684944623708725 0.579012364149094 0.610903811454773 0.649600505828857 0.750104689598084 0.59563108086586 0.229175037145615 0.0946479819715023 0.187070097029209 0.125028523802757 0.209103253483772 0.444446808099747 0.415985305607319 0.584422868490219 0.94383327960968 0.78848283290863 0.798416084051132 0.642423421144485 0.428086444735527 0.788609462976456 0.463081540167332 0.718439477682114 0.328565645217895 0.2330934882164 0.220838989317417 0.294828186929226
0.232275360822678 0.207564035058022 0.191232098639011 0.238010281324387 0.24741849899292 0.261268101632595 0.365896707773209 0.399943083524704 0.361082151532173 0.367298552393913 0.481005290150642 0.394783881306648 0.513555616140366 0.61373542547226 0.663982605934143 0.686051768064499 0.748382276296616 0.708813625574112 0.730861920118332 0.736412274837494 0.706914788484573 0.692364448308945 0.633485221862793 0.652487033605576 0.430678343772888 0.441641482710838 0.327995276451111 0.213803109526634 0.173849895596504 0.209742617607117 0.370383837819099 0.748932147026062 0.258251442015171 0.850070780515671 1 0.0940215985989198 0.721064066886902 0.741572415828705 0.963906991481781 0.953467136621475 0.898402911424637 0.41025253534317 0.238617956638336 0.641061821579933 0.174092318862677 0.265636272728443
0.278428411483765 0.239065474271774 0.178291866183281 0.130381111055613 0.209609116613865 0.260794454813004 0.263558468222618 0.17102035433054 0.231999164819717 0.356042331457138 0.469876658916473 0.371941009163857 0.687143528461456 0.564504155516624 0.679495966434479 0.603472077846527 0.726668906211853 0.678557795286179 0.735816431045532 0.701731663942337 0.697057819366455 0.632651656866074 0.692023456096649 0.69134955406189 0.221793505549431 0.351828724145889 0.28929957151413 0.148381686210632 0.244790215790272 0.450619295239449 0.701089733839035 0.70362811088562 0.541332840919495 0.69564106464386 0.903596031665802 0.295489584282041 0.574642446637154 0.950459742546082 0.95303817987442 0.924073767662048 0.891847497224808 0.248507776856422 0.207065860927105 0.200713589787483 0.21237715035677 0.0930584251880646
0.116859121620655 0.121450661867857 0.126049029827118 0.200261715054512 0.161933758109808 0.202790600061417 0.24743200391531 0.0834837675094604 0.095067872479558 0.377178376913071 0.348257118463516 0.293781743943691 0.551696759462357 0.46526917219162 0.5987687677145 0.714748454093933 0.731098330020905 0.829180353879929 0.726538294553757 0.769710063934326 0.813016057014465 0.835796838998795 0.696042722463608 0.57580458521843 0.450698626041412 0.318152612447739 0.229715874791145 0.169204139709473 0.296155945956707 0.437415912747383 0.43222308754921 0.755096155405045 0.66850825548172 0.703310543298721 0.799414223432541 0.817316150665283 0.919007104635239 0.959051752090454 0.981830185651779 0.972292357683182 0.809524911642075 0.269803257286549 0.147566936910152 0.119559744745493 0.149387107789516 0.157454685866833
