Scripts_&_data/Maxent_result_files_2/B_ruderarius_2.asc
NCOLS 594 
NROWS 330 
XLLCORNER -15 
YLLCORNER 23 
CELLSIZE 0.166666666666667 
NODATA_value -9999 
[rows 140 to 159 of 330, columns 184 to 229 of 594]
-9999 -9999 -9999 -9999 -9999 -9999 -9999 0.945036619901657 0.717738682031631 0.638476419448853 0.660951906442642 0.657588982582092 0.816306567192078 0.525666177272797 0.651751452684402 0.814914804697037 0.678552484512329 -9999 -9999 -9999 -9999 -9999 -9999 -9999 -9999 -9999 -9999 0.473409986495972 0.529429152607918 0.539320194721222 0.552922540903091 0.307991732656956 0.571221846342087 0.584412705898285 0.579967415332794 0.578534418344498 0.730252599716187 0.736652004718781 0.469749587774277 0.601755177974701 0.448068088293076 0.460729655623436 0.598617196083069 0.586578238010407 0.557306402921677 0.62877853512764
-9999 -9999 -9999 -9999 0.675025033950806 0.557645827531815 0.79459930062294 0.793545544147491 0.703433781862259 0.663071900606155 0.667526012659073 0.636119878292084 0.641302049160004 0.653477895259857 0.66942303776741 0.691165906190872 0.895348554849625 0.960500180721283 -9999 -9999 -9999 -9999 -9999 -9999 0.529338020086288 0.4407924503088 0.505025872588158 0.551732087135315 0.549434611201286 0.558934968709946 0.508719098567963 0.579660534858704 0.561181208491325 0.608380740880966 0.620050197839737 0.642397892475128 0.630024510622025 0.628884583711624 0.467270195484161 0.602544623613358 0.588934916257858 0.674596840143204 0.623603868484497 0.667926770448685 0.578732287883759 0.481669130921364
-9999 -9999 0.969189423322678 0.705037403106689 0.601421868801117 0.566162085533142 0.629223877191544 0.696313393115997 0.691525715589523 0.70477939248085 0.823529708385468 0.813216686248779 0.703744810819626 0.739131677150726 0.791597998142242 0.64125462770462 0.68547825217247 0.793912714719772 0.626272851228714 0.460104125738144 0.481002005934715 0.522347709536552 0.707528328895569 0.630464917421341 0.592359644174576 0.589133208990097 0.576216548681259 0.569004398584366 0.569178223609924 0.578045946359634 0.737746572494507 0.552931889891624 0.638981795310974 0.501795935630798 0.676917517185211 0.775059473514557 0.687109661102295 0.703415948152542 0.584639841318131 0.755505114793777 0.578675162792206 0.796508681774139 0.613063228130341 0.631454604864121 0.600735014677048 0.592851042747498
0.498948183655739 0.654532957077026 0.526076492667198 0.63198469877243 0.708824241161346 0.642518693208694 0.59452913403511 0.776119542121887 0.710529315471649 0.689583796262741 0.604137656092644 0.82032870054245 0.689146375656128 0.798068970441818 0.704395681619644 0.644125306606293 0.841209614276886 0.723443609476089 0.871365225315094 0.622616899013519 0.72300631403923 0.50156352519989 0.906139606237412 0.653299170732498 0.58377583026886 0.613038867712021 0.605327421426773 0.801242160797119 0.676475936174393 0.73155403137207 0.593382635712624 0.792124330997467 0.595808064937592 0.673046052455902 0.812923562526703 0.66505953669548 0.711511373519897 0.76825298666954 0.695432794094086 0.626810026168823 0.629964774847031 0.710293346643448 0.583701118826866 0.868467426300049 0.811664819717407 0.724901401996613
0.477978250384331 0.503686013817787 0.606530267000198 0.607173675298691 0.540285724401474 0.597667366266251 0.697315257787704 0.800518900156021 0.710768938064575 0.677665233612061 0.655838567018509 0.492747160792351 0.793215131759644 0.681489753723145 0.771067982912064 0.719976764917374 0.859922295808792 0.814851748943329 0.753164321184158 0.762031471729279 0.810500681400299 0.687109154462814 0.802652633190155 0.815134900808334 0.75054242014885 0.756337088346481 0.758137637376785 0.626598429679871 0.811365503072739 0.524611878395081 0.845067584514618 0.816078454256058 0.828569024801254 0.86111968755722 0.819229376316071 0.632209384441376 0.697619253396988 0.615632402896881 0.651487010717392 0.770635730028152 0.824798053503036 0.699173176288605 0.627600246667862 0.887412410974503 0.810244083404541 0.77798113822937
0.651798981428146 0.658605992794037 0.730028259754181 0.597910094261169 0.657878541946411 0.648284912109375 0.858432108163834 0.901567435264587 0.743740248680115 0.719272726774216 0.882221883535385 0.849439662694931 0.535139879584312 0.767031985521317 0.689755380153656 0.53864851295948 0.746415895223618 0.76162987947464 0.760780543088913 0.920291393995285 0.765178734064102 0.785491985082626 0.8451540350914 0.514669597148895 0.761762589216232 0.805138367414475 0.554016870260239 0.694283008575439 0.941873675584793 0.853160011768341 0.828235054016113 0.71369891166687 0.817163491249084 0.781103503704071 0.702475613355637 0.788136911392212 0.63990107178688 0.74453775882721 0.61843723654747 0.77064288854599 0.856007635593414 0.739918255805969 0.829555064439774 0.729348760843277 0.757013130187988 0.744159281253815
0.645403796434402 0.608308911323547 0.775165271759033 0.79586409330368 0.722630053758621 0.865532755851746 0.721189457178116 0.837074643373489 0.729007476568222 0.860271263122559 0.872737735509872 0.655251896381378 0.639277160167694 0.841640001535416 0.803203427791595 0.692057180404663 0.884710228443146 0.874874615669251 0.842974841594696 0.879360747337341 0.84056738615036 0.779747414588928 0.81391429901123 0.876322984695435 0.805113226175308 0.671091252565384 0.670442068576813 0.839489448070526 0.843476641178131 0.835212045907974 0.792124950885773 0.88225103020668 0.817867279052734 0.654911923408508 0.715389764308929 0.510850450396538 0.825265389680862 0.716417902708054 0.671955716609955 0.670456832647324 0.764840877056122 0.630628430843353 0.570353192090988 0.651529538631439 0.776663762331009 0.670233505964279
0.761386489868164 0.654995727539063 0.789065432548523 0.682065278291702 0.590326541662216 0.690891408920288 0.840701407194138 0.818019437789917 0.850553172826767 0.745293426513672 0.920716577768326 0.850231540203094 0.778608196973801 0.636996158957481 0.787339371442795 0.694122391939163 0.908265489339829 0.789420229196548 0.955733776092529 0.763386398553848 0.603551983833313 0.805068325996399 0.755658149719238 0.843395602703094 0.709522414207459 0.707312387228012 0.803689903020859 0.748476243019104 0.902711713314056 0.822632437944412 0.813958340883255 0.739160108566284 0.660179352760315 0.631585305929184 0.611932274699211 0.570226812362671 0.582100009918213 0.757553619146347 0.634384620189667 0.528090712428093 0.645392554998398 0.714349859952927 0.750222510099411 0.579519164562225 0.545507448911667 0.617707532644272
0.662142437696457 0.730124288797379 0.648306435346603 0.696930021047592 0.828228604793549 0.793022722005844 0.757750570774078 0.793703466653824 0.856103503704071 0.752747422456741 0.758214521408081 0.726798671483994 0.710101544857025 0.86616575717926 0.885045057535171 0.952351760864258 0.769740402698517 0.784993118047714 0.785832738876343 0.870530021190643 0.753529900312424 0.726462429761887 0.93812842965126 0.742401444911957 0.837611347436905 0.891553384065628 0.903615128993988 0.866485977172852 0.789117038249969 0.740128600597382 0.769904416799545 0.753413808345795 0.603709661960602 0.642335659265518 0.714269351959228 0.574374687671661 0.565283817052841 0.742781513929367 0.730991417169571 0.722180569171906 0.630625796318054 0.550479683279991 0.657403910160065 0.920181149244308 0.890924066305161 0.86847311258316
0.758548194169998 0.753145289421081 0.716727519035339 0.737720537185669 0.835417377948761 0.698473489284515 0.829586815834045 0.749110007286072 0.761622005701065 0.836188906431198 0.905961209535599 0.872704619169235 0.926133531332016 0.90481533408165 0.910879784822464 0.836687135696411 0.74688600897789 0.921704012155533 0.926111978292465 0.8089615046978 0.912763524055481 0.766363453865051 0.898051023483276 0.906604421138763 0.764621710777283 0.916191482543945 0.756917297840118 0.765194749832153 0.891076326370239 0.635111486911774 0.623002201318741 0.881644666194916 0.691407716274261 0.616138362884522 0.679553943872452 0.694913762807846 0.584840998053551 0.474854546785355 0.778771418333054 0.769820731878281 0.780106925964355 0.752403920888901 0.784192824363709 0.809645533561707 0.818382430076599 0.867065411806107
0.741833072900772 0.813528484106064 0.787176841497421 0.773442256450653 0.690980362892151 0.839418995380402 0.661651676893234 0.852523070573807 0.86119150519371 0.836667090654373 0.700047260522842 0.568501713871956 0.944734472036362 0.939336043596268 0.899625074863434 0.807910543680191 0.816980010271072 0.881854516267776 0.862188839912415 0.684920871257782 0.961468702554703 0.920585083961487 0.904773944616318 0.921864944696426 0.787109208106995 0.694064682722092 0.721115005016327 0.827222645282745 0.829977196455002 0.887856113910675 0.590777239203453 0.514839658141136 0.803977000713348 0.613657450675964 0.716454482078552 0.594812089204788 0.732169836759567 0.782064342498779 0.667861199378967 0.698361134529114 0.542783641815186 0.798610574007034 0.701078844070435 0.833486694097519 0.664930653572082 0.615727829933167
0.519086402654648 0.435017156600952 0.393991787731648 0.499056646227837 0.735368353128433 0.809556376934051 0.832263535261154 0.871233183145523 0.867369449138641 0.891200399398804 0.836723107099533 0.803348451852798 0.71621390581131 0.927363407611847 0.444273573160172 0.860666120052338 0.916481226682663 0.615981924533844 0.615173903107643 0.911751532554626 0.919322347640991 0.82696989774704 0.820522260665894 0.804283720254898 0.606015011668205 0.679252189397812 0.720636814832687 0.737656259536743 0.921508222818375 0.798026376962662 0.687665992975235 0.617220824956894 0.799215227365494 0.559249740839004 0.73386150598526 0.590340369939804 0.640253126621246 0.817169231176376 0.835011518001556 0.535890769958496 0.832075798511505 0.693567538261414 0.795314288139343 0.570363858342171 0.653481841087341 0.750647485256195
0.809495174884796 0.818880903720856 0.817551243305206 0.839242416620255 0.835584396123886 0.951350086927414 0.954561752080917 0.811054587364197 0.793959420919418 0.782970267534256 0.749942320585251 0.827428936958313 0.848618686199188 0.890705507993698 0.802653861045837 0.909538948535919 0.479047907888889 0.815817391872406 0.592698946595192 0.878726309537888 0.904253387451172 0.831385934352875 0.844785672426224 0.911280190944672 0.938578188419342 0.593788978457451 0.616843411326408 0.654486852884293 0.863130712509155 0.764943355321884 0.80884662270546 0.619585305452347 0.885603070259094 0.764933198690414 0.768331724405289 0.813401412963867 0.831909757852554 0.838234895467758 0.759579968452454 0.702804803848267 0.778469091653824 0.712193006277084 0.689509057998657 0.667357486486435 0.850955045223236 0.741992920637131
0.660562610626221 0.838865113258362 0.638942795991898 0.749143153429031 0.586258280277252 0.855897051095962 0.893967282772064 0.999999308586121 0.882097434997559 0.902743047475815 0.825296682119369 0.899158138036728 0.755435383319855 0.908471381664276 0.909171307086945 0.909107756614685 0.807193976640701 0.957093143463135 0.852823007106781 0.874455642700195 0.653563493490219 0.576207339763641 0.887928313016891 0.753460657596588 0.909810435771942 0.928855925798416 0.763099730014801 0.900376814603806 0.77346403002739 0.874736303091049 0.938931524753571 0.8144422352314 0.761792522668838 0.805355662107468 0.775683826208115 0.855337274074554 0.793803411722183 0.788734859228134 0.89686187505722 0.857148838043213 0.70901437997818 0.848376619815826 0.70592605471611 0.853304725885391 0.676413971185684 0.673369461297989
0.830425590276718 0.817876929044724 0.787812376022339 0.676572835445404 0.877355074882507 0.649245649576187 0.86516917347908 0.87477520108223 0.872689872980118 0.81137244105339 0.888018625974655 0.830279797315598 0.807636171579361 0.739100801944733 0.808897286653519 0.891932016611099 0.900238180160522 0.904921126365662 0.725565278530121 0.695609849691391 0.619881391525269 0.788067150115967 0.824215424060821 0.658786070346832 0.525998625159264 0.502565166354179 0.541700446605682 0.872136032581329 0.826021581888199 0.869027149677277 0.876114857196808 0.999980443716049 1 0.827739787101746 0.893248772621155 0.911149150133133 0.856368273496628 0.746740394830704 0.888207751512528 0.923237574100494 0.660675591230392 0.745803493261337 0.717652499675751 0.672185152769089 0.823318380117416 0.798643761873245
0.699327647686005 0.760651981830597 0.83350265622139 0.881585562229157 0.672325098514557 0.811282396316528 0.883495151996613 0.852725112438202 0.900268197059631 0.891862833499908 0.823121672868729 0.7664770424366 0.760293459892273 0.677228945493698 0.733971881866455 0.901549655199051 0.90443519949913 0.900486469268799 0.779057478904724 0.589742949604988 0.597896766662598 0.693833214044571 0.604578727483749 0.704937881231308 0.76727340221405 0.919852495193481 0.862764889001846 0.758311265707016 0.837788826227188 0.843863159418106 0.808135563135147 0.881655538082123 0.83060405254364 0.872904485464096 0.853299903869629 0.684607219696045 0.816076534986496 0.741160356998444 0.913175499439239 0.881468588113785 0.734303063154221 0.563565069437027 0.625807118415832 0.672313016653061 0.772514271736145 0.725176340341568
0.789376944303513 0.595052918791771 0.867816251516342 0.705647242069244 0.871672892570496 0.89119456410408 0.850082910060883 0.80235783457756 0.906844562292099 0.739333683252335 0.903891015052795 0.860742199420929 0.818664711713791 0.884205615520477 0.779434049129486 0.781045776605606 0.800891178846359 0.699760437011719 0.807556277513504 0.903991121053696 0.728295451402664 0.894736570119858 0.889250862598419 0.848614418506622 0.912229251861572 0.902217453718185 0.894869941473007 0.881239938735962 0.724603688716888 0.731838238239288 0.715007573366165 0.788807666301727 0.725538718700409 0.865516060590744 0.83745995759964 0.881772887706757 0.701073920726776 0.789413040876389 0.780756336450577 0.786744624376297 0.855473256111145 0.681769448518753 0.80778306722641 0.697475868463516 0.629599195718765 0.728522497415543
0.847801131010055 0.798677098751068 0.859328538179398 0.885469675064087 0.800001585483551 0.901887857913971 0.855854916572571 0.743888026475906 0.717686086893082 0.74475924372673 0.863140416145325 0.713981348276138 0.855352646112442 0.759161502122879 0.911262339353561 0.718351119756699 0.568800890445709 0.837245410680771 0.872982048988342 0.898276668787003 0.78921594619751 0.856198054552078 0.997516322135925 0.838674288988113 0.918912690877914 0.887357449531555 0.726215779781342 0.883730816841126 0.677442348003387 0.571836930513382 0.606121695041656 0.480277386307716 0.657489538192749 0.826870095729828 0.89794003367424 0.839010483026504 0.791230773925781 0.730058532953262 0.758820164203644 0.799025326967239 0.658622694015503 0.796294718980789 0.654215317964554 0.651709991693497 0.603626865148544 0.784372025728226
0.851818025112152 0.762417989969254 0.879348391294479 0.0426778107881546 0.767355263233185 0.862765347957611 0.70710329413414 0.957394421100616 0.781805300712585 0.921827131509781 0.89244521856308 0.870467507839203 0.949452304840088 0.890113019943237 0.794810527563095 0.77056200504303 0.771872168779373 0.774346894025803 0.904207175970077 0.908065664768219 0.917349117994309 0.898515844345093 0.907164621353149 0.875567322969437 0.717483896017075 0.897290331125259 0.875285196304321 0.890329164266586 0.736917930841446 0.860471737384796 0.838959908485413 0.856758576631546 0.755642729997635 0.652483022212982 0.684021037817001 0.950297862291336 0.809114122390747 0.857621079683304 0.782754474878311 0.882986700534821 0.745145738124847 0.761605530977249 0.601835796236992 0.710996997356415 0.697268068790436 0.750316894054413
0.661344742774963 0.827949905395508 0.895016628503799 0.864264196157455 0.848904436826706 0.852476680278778 0.668908351659775 0.838989853858948 0.743224191665649 0.655035716295242 0.785315996408463 0.674704718589783 0.813757681846619 0.878930360078812 0.782507026195526 0.722590810060501 0.754941952228546 0.880188524723053 0.767891269922256 0.794069135189056 0.884239000082016 0.895505380630493 0.86710667014122 0.826207888126373 0.896588534116745 0.90374219417572 0.798984777927399 0.889697909355164 0.883325523138046 0.881433564424515 0.821249884366989 0.807493263483048 0.804648792743683 0.783984071016312 0.775104331970215 0.874634784460068 0.529589551687241 0.90503516793251 0.808610045909882 0.489129668474197 0.741586953401566 0.77596869468689 0.647905087471008 0.537512904405594 0.645188492536545 0.738474065065384
