Scripts_&_data/Maxent_result_files_2/B_schrencki_3.asc
NCOLS 594 
NROWS 330 
XLLCORNER -15 
YLLCORNER 23 
CELLSIZE 0.166666666666667 
NODATA_value -9999 
[rows 200 to 219 of 330, columns 540 to 584 of 594]
7.06115922071149e-06 6.55825163775603e-06 6.06037683041905e-06 5.7883036987505e-06 6.04932335832586e-06 5.77194246247359e-06 6.17511492464473e-06 6.31067688345865e-06 7.12147742447655e-06 2.4843593149626e-05 5.67476745118256e-05 3.401499005804e-05 1.02711302091052e-05 1.0794019105731e-05 1.11742035599605e-05 1.35184261694121e-05 1.3316908044203e-05 1.28431652484551e-05 1.32428994163547e-05 6.4945996791721e-05 5.00524478979969e-05 6.26672972657616e-05 0.000137764948613039 0.000129874141543951 5.16375834308747e-05 2.39904163539251e-06 1.81955087052987e-07 1.47275425710358e-07 7.65268223301696e-07 8.07709399808232e-07 4.39731843160374e-08 2.71128976603308e-08 2.93334685075308e-07 1.92736916315717e-08 5.06146314105393e-07 1.91737542394321e-05 1.83950654417231e-05 1.79191049136662e-06 6.86095638480211e-07 1.95459508454121e-06 2.67986546845123e-05 1.57221024281284e-05 0.000100494445177901 2.83048213759685e-05 0.000114771278276748
5.28819535219327e-06 4.55638115184342e-06 4.30363998162875e-06 4.16761802881638e-06 4.09019979130676e-06 3.80163647832887e-06 3.93846617186e-06 4.4470836542132e-06 4.68796082060408e-06 4.9584536071734e-06 5.46626548612039e-06 6.48602411104093e-06 8.22817405037313e-06 9.33691899263067e-06 1.10850554861486e-05 1.37799310124365e-05 1.46018232925371e-05 1.45875496144754e-05 1.37820347148931e-05 1.15260078572987e-05 5.15811424747881e-05 2.16885425345481e-05 6.18354073722571e-06 7.52940408190739e-06 2.75489359182757e-06 6.71225499226935e-07 5.07337481980841e-07 6.23555715861812e-06 1.99515267922834e-05 1.86625886954062e-05 1.65796469801194e-05 1.8695795978374e-05 2.03480822108304e-05 6.30744349564338e-05 0.000245280906801781 3.36888011815972e-05 3.98157465951954e-05 1.59916578148511e-06 4.20287849145495e-06 3.17118507609848e-05 1.88626672098735e-05 1.03020202075754e-05 1.12018083456178e-05 7.58932746691698e-06 2.51320716074588e-05
4.47826874818702e-06 3.88846547352273e-06 3.40553753872541e-06 3.29247678081401e-06 3.24446910973109e-06 2.99245738375475e-06 2.95753889965056e-06 3.35740794845663e-06 3.46022158481674e-06 3.62887444183002e-06 4.03328166243e-06 4.3487622782834e-06 5.02605131771361e-06 6.30190721082613e-06 7.47346842899788e-06 8.00089093218048e-06 1.00929692095519e-05 1.19240794987263e-05 1.20464537474163e-05 1.35659625613016e-05 9.44390434440834e-06 3.36998822092482e-05 1.29220056095392e-05 2.74143426764795e-05 1.41884668209968e-05 1.93696398838483e-05 1.3331516798587e-05 1.43309938721359e-05 2.29877767594644e-05 2.86216333819311e-05 5.1954939181087e-05 4.08297221838438e-05 0.000118374997873616 0.00197723779128864 0.000461250314765493 9.4687989258091e-05 0.000121649281709324 0.000112939653695321 0.000104559816304572 8.75460540328277e-05 3.36710959913944e-05 1.16873105859838e-06 2.39114833213705e-06 3.66005036553929e-06 2.5767724920911e-06
4.18408587279373e-06 3.47406855780719e-06 3.00073595624895e-06 3.0603495662973e-06 3.05890392162667e-06 2.63150339812057e-06 2.52126345827719e-06 1.25524308263181e-06 1.18388369134692e-06 2.67610059268009e-06 3.09924069448186e-06 3.33106285808071e-06 4.09186228154113e-06 4.86331243294558e-06 5.49920993151432e-06 5.37180828743544e-06 6.28657728753978e-06 8.47763606941498e-06 1.17282709297228e-05 1.3582846598581e-05 4.27876726121212e-05 7.1251773142933e-06 6.19446489054098e-06 7.83612244816823e-06 9.51579275323411e-06 2.26735538888079e-05 1.285903272219e-05 5.57687635307502e-06 2.17296077266838e-05 3.09620834968882e-05 3.14931455818623e-05 3.20358244152885e-05 8.2248535591134e-05 0.00120631686659181 0.00305117934476584 4.15091584955007e-05 9.79361062434236e-06 1.82874415855849e-05 3.17137517868105e-05 6.49605362241346e-05 2.33772001593024e-05 5.01094835811955e-06 5.63991985700341e-06 3.33118660194032e-06 1.02046471068817e-06
5.12201122475631e-06 5.34225464789984e-06 3.96212085789216e-06 3.00351549284983e-06 3.19149047705025e-06 2.7823177223496e-06 2.30839761563573e-06 9.97553285841945e-07 9.31581907792634e-07 2.16239292036846e-06 2.62548440268517e-06 2.58449745693667e-06 2.53081433463365e-06 3.32527627904256e-06 1.40732319778181e-05 1.36071026872742e-05 3.86276111541406e-06 4.78371221817042e-06 1.86828544826767e-05 4.55756341352753e-05 3.13537849820023e-05 4.47202583160333e-06 5.94434547167566e-06 5.18957854609425e-06 1.5006945955065e-05 7.46113404829885e-05 1.17420780043176e-05 5.94002870428767e-06 6.6875049697046e-06 1.06408784034784e-05 0.000130581334633462 7.50841474683739e-06 7.33871094098504e-06 9.63404955655278e-05 8.74322674462746e-05 0.000995261301432038 0.000238172794888669 0.000428864740752033 0.000164350004615699 0.0027867691591382 0.000276323108300858 4.31353795306677e-05 1.2064024809888e-05 6.29124422886207e-06 1.62008224663168e-05
4.42015095174497e-06 4.30995580700255e-06 3.39295939077999e-06 3.01720666229244e-06 2.67618267031366e-06 2.548686745385e-06 2.15042587186076e-06 1.81087425161763e-06 1.71995970941197e-06 1.70803388179763e-06 1.77725213248436e-06 1.61887213643297e-06 5.41016115249704e-06 2.43563239443745e-06 9.65193257229657e-06 2.06454770989239e-05 1.29104691382054e-05 1.69107567785431e-05 4.56445745840028e-06 1.39478777157365e-05 1.45478043350522e-05 2.54610177080394e-05 3.93767446880133e-06 5.46168801065505e-06 7.07862802471482e-06 1.84242860996164e-05 5.279097220523e-06 1.88609058511702e-05 5.12391862912409e-06 1.85315583394186e-05 2.15609420081364e-05 2.44223505092123e-05 2.49276274303156e-05 4.32585458042922e-05 9.24151962408359e-05 0.000183304730944656 5.26154630279052e-05 4.92681698460729e-05 9.46261694480199e-05 0.000563593656988815 0.00476585901342332 0.000453877745167119 6.37465821682781e-05 1.32532389386597e-05 1.1010580982429e-05
2.51165057036928e-06 1.21714845970899e-06 1.78977507729883e-06 1.67482426096655e-06 1.67792082077511e-06 1.57862375154139e-06 1.58526011055926e-06 7.43304701789071e-07 1.41252365182254e-06 1.37982974166562e-06 5.96322428325635e-07 3.46488628935049e-06 8.17161993325044e-06 1.93311943348817e-05 2.54550583576929e-05 8.73213373779436e-05 0.000125763728237871 6.02993395204976e-05 2.20596265023687e-05 1.36266048230027e-05 1.21905041112313e-05 4.23729893270775e-06 5.09675904680762e-06 5.99742044826712e-06 5.42676100607764e-06 3.52760415580633e-06 1.27809070136209e-05 1.50102762745519e-05 1.56946319862072e-05 4.62947324422203e-06 4.74288207001905e-06 5.41548048857976e-06 6.81250086529417e-06 8.05000593260274e-06 1.03394672635204e-05 3.64127000921144e-05 3.5174671711502e-05 0.000173446505004904 5.1336633396204e-05 1.04660180539895e-05 4.47212475364722e-05 3.75433712179074e-05 0.000121207881056762 5.5509322510261e-05 0.000122536748813218
6.41646635273219e-06 1.67438552747257e-06 4.62290992970793e-06 1.51184598067289e-06 4.63053434458516e-06 5.07533416111983e-06 1.58751595318307e-06 1.52838811047218e-06 1.4841722654424e-06 2.99732413893139e-06 3.72476196019988e-06 0.000101795397040405 2.1387280082763e-05 0.00139349234959809 0.00104022894811351 0.00595647885929793 0.0524150790646672 0.0141233945265412 0.00374628925055731 0.00023270101946764 5.94852626534248e-06 4.73176119442087e-06 5.85456720259003e-06 4.51011175428562e-06 5.83815820718314e-06 3.3599366844328e-06 3.71565672949714e-06 1.85209044332169e-05 0.000151905286929832 0.00127549400931457 0.000400775972821066 0.000802902965369867 0.000664864699501777 0.000349211469801958 0.000118377033550132 4.06003567832158e-05 8.53199840378238e-06 8.26918393528331e-06 0.000126696729148534 0.000915504540171241 0.000481209601275623 9.16830005962765e-05 0.000376551888984977 0.000140878577622061 2.31890229770215e-05
1.36796334373912e-05 3.13671781498215e-05 2.41414525589789e-05 7.04457757763066e-06 1.10587737879086e-05 7.77104823725949e-06 7.90003008432905e-06 6.75476257470109e-06 7.20650020298308e-06 1.45089917680252e-05 5.08935556354118e-05 0.592280195653439 0.338363681733608 0.0629905835725367 0.0019206528813811 0.000219689462755923 0.000200130709527002 6.35509186963645e-07 1.05696496701668e-06 1.53519811021852e-05 4.56909004142858e-06 9.88074420931184e-06 5.4256262089325e-06 3.63028263024034e-06 3.38718576671226e-06 4.38949753416296e-06 0.00087357951051672 0.00105516103722039 3.65021258858178e-05 6.97284733508496e-07 6.39185223327843e-07 3.34733701397027e-06 1.01462026815824e-06 2.55570023244278e-07 3.53312465044553e-06 1.91834393831414e-05 5.14138911398732e-05 0.000709158694007783 0.000214731830328674 0.000126597469534318 7.00175095289524e-05 0.000118274050055334 3.31658011873515e-05 8.3275505767233e-05 1.87455833327022e-05
1.36647597969386e-05 6.8533795069925e-05 9.34875763078935e-06 9.3716969715274e-06 7.46655667853702e-06 7.26638640117017e-05 9.99792323909787e-05 6.60276065218568e-05 6.17551186678611e-05 0.00519450349966064 0.002933987416327 0.00119724813994253 3.6075755772913e-06 1.83539420084422e-07 4.90875522785039e-08 3.94689672944537e-08 1.48693764778773e-07 2.69367627012684e-06 0.000301725653662288 0.00253854439069983 0.000961899051617365 0.00173354293801822 5.86131245199795e-05 0.000134115257878875 7.98319480736609e-05 1.20291066735945e-05 6.97895569373941e-05 3.29295849041955e-05 3.75538338204251e-06 9.01231203300767e-06 1.38237248279438e-05 2.04902089592451e-05 4.16683655828365e-06 1.19022135066871e-05 0.00165349177841563 0.0027310325356666 0.00161275789723732 0.00102137395915634 0.000247991832202388 0.000245248983537749 0.000552490589689114 4.75950619488685e-05 0.000112437198595217 0.000824937875950127 0.00206177118234336
6.31508099786515e-06 1.12505107495053e-05 1.96219841086531e-05 0.000411507745047857 6.919855969727e-05 8.39462410681335e-05 6.41532469899175e-05 1.62071491138782e-07 2.57012880577889e-07 1.74261589269697e-07 1.97899638565424e-08 1.08612283944431e-08 2.15202079600907e-08 8.38781853640391e-08 5.18889463729799e-08 3.82925711917004e-08 4.00593557881024e-08 1.47722201648826e-07 1.77594297612327e-07 7.71552087826422e-05 6.43860704258259e-05 3.06704292540871e-06 0.000158296721201623 7.16641271822027e-05 0.000205226097568811 4.3602250349295e-05 3.7836200874608e-05 3.35783711307158e-05 3.79980532656532e-06 3.61793434251467e-06 4.8131788261685e-06 1.90457559323676e-06 1.33597731860391e-05 0.000277509474835824 0.000179469792419695 0.000779062510628137 0.0001938270213941 0.00105288470149389 0.0442802915349603 0.0198930762242526 0.00446642946917564 0.019630048237741 0.00725521084386855 8.49590034249559e-05 3.31158763855477e-08
1.307839224296e-05 0.000128286872677563 0.000120324167392027 5.54236971538558e-05 1.50503563361326e-05 0.000168528602353035 0.0028829778500949 9.83416816779936e-05 5.29273328595536e-06 4.86726336124121e-08 4.25757984756636e-08 1.69674978445222e-07 5.68191695649034e-07 1.07298647940013e-06 8.73744403861565e-05 0.000506288557699008 8.75595503202931e-05 0.000142464061855208 3.63620441930834e-05 0.000174537278644493 0.000335091413217015 0.00068844621982862 8.96313986345376e-05 7.71813252242737e-06 8.4673213507358e-06 5.64339678241765e-06 5.29941602600559e-07 1.47552743392509e-06 2.05040380372168e-06 0.000125901634282854 0.000816711288644001 0.000487949401394872 0.000278005630025291 0.00123119229247095 0.0192300708498806 0.00595955284079537 0.0144878669118043 0.000129312033550377 4.00537548102875e-05 1.76420036154923e-05 5.00856984442244e-08 2.61028154227461e-05 4.68980839718469e-08 5.44928093315633e-08 4.38934101165689e-07
0.000183190230927721 6.8311662445808e-06 0.000683187785398331 1.62853567768906e-06 2.03401553431348e-06 4.78345257164392e-06 5.83052091940317e-06 2.71465726831011e-07 4.97683042510744e-06 7.89207291518323e-06 4.63592155597325e-06 1.41938560830113e-05 1.76635904210798e-05 1.08350454468109e-05 7.81942457876994e-06 1.45421751199137e-05 4.39517738897166e-06 3.97344387295107e-06 3.53336577745722e-05 2.89661448960032e-05 0.000126269197653528 0.00365955319721252 0.00487234501633793 6.67209445097683e-06 5.01648967143886e-08 3.53056713642275e-08 1.92785242769666e-08 2.79806713576747e-08 8.93622998932031e-08 4.67219283905251e-05 6.84546869706537e-05 9.38165278512315e-05 0.000111029010395214 0.000139185046373314 6.20594809788599e-05 1.28249201858388e-07 1.18042111534322e-06 5.26827817903808e-07 2.90286751258861e-06 2.26548378612357e-08 1.40281551819221e-08 1.79280153189687e-07 2.90397675395404e-07 1.24999553330341e-07 1.88433523562459e-08
3.30070124787696e-08 4.32866523625286e-08 9.58346381363384e-08 3.82375419993863e-08 2.58705928590786e-07 1.5579182637282e-06 1.19927354216287e-06 9.96871412439759e-06 5.91689109654681e-06 2.48713750501395e-06 3.51738900103982e-06 4.79871418370692e-06 5.61107243584047e-06 5.45226134747168e-06 4.82369985483899e-06 4.26523408947332e-06 4.1998154806322e-06 0.000139999359907961 0.000304096305535495 0.00043415322288638 0.00093993538612267 6.245380332075e-05 1.39689873956961e-07 1.93196456721445e-08 9.16118686467016e-09 9.63027829703478e-09 1.50991383396359e-08 9.72675495702902e-09 1.07974462926208e-08 2.28268118074304e-08 8.25628933887046e-08 3.73111481821731e-08 5.81086767592609e-08 5.08633231177669e-07 2.88947585824761e-07 1.52388026464223e-06 5.65779030226032e-07 9.07541776129506e-07 1.86949753477883e-07 2.03684177413344e-07 1.35964818159806e-07 2.95279750317512e-08 1.47966430330548e-08 2.17620752085423e-08 3.8503652766142e-08
9.36750699676026e-08 2.33971967666946e-06 1.71342705836963e-06 3.64975495728004e-06 1.40621058264401e-06 1.35175992630465e-06 5.74856156010384e-07 4.09906635994162e-06 5.71045208346277e-06 8.23103773086586e-06 6.32628151748804e-06 4.2255824684645e-06 3.76757245348358e-06 4.23478449391723e-06 5.48168856937537e-06 1.17343979979978e-05 0.00374061498587253 0.00319482191407587 0.000293136447362485 9.06032310581395e-06 9.16219306978938e-08 1.01893456172508e-07 1.53429634075497e-07 4.01422033724508e-08 3.20326888014755e-08 2.4920879548862e-08 3.883412224015e-08 7.27518644660918e-08 3.29683491528954e-07 1.55572443417684e-06 2.0230202001037e-06 1.46285171725991e-06 7.12820214832099e-07 2.64660774605963e-06 2.00007030626281e-06 7.40350503647402e-07 1.13930763291359e-06 1.64144550729439e-07 8.01105886960585e-08 4.74458146437762e-08 3.05532181443802e-08 3.90481184497915e-08 6.69943417186403e-08 1.25861801225646e-07 6.17897438859316e-07
3.78326951189223e-07 1.07228095547196e-07 1.11404229541368e-07 5.88193740158616e-07 2.05004834508138e-07 3.2628490587161e-08 1.54859657652828e-08 6.15080276045177e-08 1.97033852955553e-07 8.15901504047645e-07 2.39407884166099e-06 4.76308707391127e-06 4.92093528237092e-06 6.80514418327505e-07 8.85000090136145e-06 6.56653624901082e-05 1.84233627692265e-05 9.73954773608732e-08 1.80406496053109e-07 3.21329955554894e-07 1.84380833423425e-07 1.3565016961925e-07 1.64512960865171e-07 6.51158917230887e-08 8.13247388764537e-08 1.12259723961117e-07 1.44803336055155e-07 2.07649928244402e-06 2.58934104424569e-06 2.07967164490563e-06 1.23357567088922e-06 8.24513145547545e-07 1.46480407103855e-06 1.9631011658805e-06 1.05168745463402e-06 3.68982764087367e-07 6.77161746842625e-07 7.59768661651172e-08 1.6063346846007e-07 8.08944216679208e-07 5.36230752157252e-07 4.75966226831659e-07 2.78146517125322e-06 9.79598865740172e-06 3.91936314144914e-05
1.5375383125571e-07 3.27342465245017e-08 3.07537668886582e-08 8.31946897150715e-08 6.14001152943189e-07 6.8894277649445e-08 5.96584102896536e-08 5.7033375833182e-08 2.43774482378001e-08 2.28897398146799e-08 1.0774766120436e-07 2.64342149502994e-08 3.08859104403147e-08 4.20791998023695e-08 1.65926201889377e-08 7.11326437419224e-08 3.79337308231698e-08 3.32077018327936e-08 6.59021884841238e-09 2.56465089198965e-07 8.65743697586741e-07 2.49511411742898e-07 5.2225935850414e-07 6.17581649597909e-07 3.55516289929358e-07 5.91242919012469e-07 1.75332521479277e-06 2.56366228041927e-06 3.0235100209941e-06 5.73294068941799e-06 2.78243396731881e-06 5.28463070326168e-06 1.43953118655338e-06 2.63909218343183e-06 4.12960569640131e-07 1.14157932051828e-07 3.01091634291595e-07 2.2153632556865e-06 6.92977924245497e-05 6.14778742260569e-05 3.15115539876842e-05 0.000199931796578312 0.000297005174616061 0.000213927557979332 0.000478509650201886
4.31969178538161e-08 3.25693925717907e-08 4.29519166567083e-08 4.88481279981023e-08 1.44986152772475e-07 3.98163019776909e-08 2.28195769835793e-08 1.69593393328782e-08 2.47512941697892e-08 3.24149004637953e-08 3.39910169455671e-08 2.46411968718441e-08 2.04417348603769e-08 2.45379287555636e-08 1.94273665599098e-08 2.34044725488935e-08 1.63341023373675e-08 1.84725462926139e-08 2.08721545713608e-08 9.29568096930122e-07 1.50045161417811e-07 2.69609459699893e-06 8.95050589377888e-07 8.48854340962379e-07 2.72957153248932e-06 3.9245921972686e-06 2.55392294931767e-05 3.18443119596168e-05 1.25985652652538e-06 3.92697566544697e-06 7.02911159491393e-06 8.56539083784469e-06 1.58499288289704e-06 1.4814208247671e-06 1.52030346640686e-05 0.000238758492696434 0.00026340489193899 0.000445932094771706 0.000298886702512391 0.000575498589023482 0.000130076627465314 7.32108504053031e-05 6.89218607021758e-05 0.000167313247675338 0.000213009171238809
8.45816437422542e-07 2.63219587459673e-07 1.23326795620216e-07 1.56029044107164e-07 3.84631589689377e-07 6.9445256105638e-07 1.32425901588906e-07 1.62798313596557e-07 3.19341161558739e-07 4.02709524172096e-08 2.70004153035686e-08 2.45930933395755e-08 3.13294135523279e-08 1.21365941829765e-07 1.20645479639858e-07 7.73134086307081e-08 5.06980625925024e-08 2.11894119472866e-08 1.64543293101893e-08 9.69738016443067e-08 8.78631848932887e-07 1.30969762270894e-06 5.83628905661548e-06 1.44316357427954e-05 1.73675138370299e-05 0.000275868875678498 0.000125866175721967 0.000735390254885715 0.00856303449254483 0.000832757049283828 0.000742125366377877 0.000148461027401936 0.00026378269540146 0.000285469850769005 0.000232986300306948 0.000747372087425902 0.000671288072771858 0.000571904101889231 0.000614533316911547 0.000403334509974229 0.000440139864076627 0.000204885302628099 0.000172264794673538 0.000297134964421275 0.000247195098927477
3.19506922430435e-06 1.7900566285789e-05 6.89239037683365e-06 3.36462106247382e-06 1.6295391613852e-06 7.68782792270883e-07 3.00823488874613e-07 7.73018880462217e-08 1.47050458010334e-07 3.74601968999855e-08 2.6989693457935e-08 1.91314419750732e-08 2.00760156054969e-08 1.65931453355306e-08 2.23370579366389e-08 7.29243879171726e-08 1.27773068014925e-07 1.12296984144944e-07 2.63780563991567e-07 1.3156567745698e-06 1.92651786488085e-06 8.07133873976795e-06 4.49905162378528e-06 7.12384692178603e-06 0.00210127915997873 0.0043741570378188 0.00257092448009644 0.00291684393887408 0.00167970437032636 0.000786489149322733 0.00120961814100156 0.00058498362213868 0.00147655653272523 0.000526301714853616 0.00049382221623091 0.00131653574499069 0.000350372413231526 0.000269846895389492 0.000235019732463115 0.000199698618416733 0.000142390015844285 0.000134482782868872 9.26934099879872e-05 0.000172154056053841 0.000109673476799799
