Scripts_&_data/Maxent_result_files_2/B_schrencki_3.asc
NCOLS 594 
NROWS 330 
XLLCORNER -15 
YLLCORNER 23 
CELLSIZE 0.166666666666667 
NODATA_value -9999 
[rows 180 to 199 of 330, columns 405 to 449 of 594]
4.72430304228055e-06 4.78648562776129e-06 4.87973777651973e-06 5.05131357755317e-06 4.9938462844068e-06 5.22459599707759e-06 5.47355558211393e-06 5.51854161656706e-06 5.63828709658765e-06 5.91495469137726e-06 6.3102027318962e-06 6.44575616206566e-06 6.21374870490854e-06 7.16967423102233e-06 7.05085983057074e-06 7.71465847435593e-06 7.73300573371216e-06 7.60929656919984e-06 7.8223085090201e-06 9.45439113024804e-06 9.28800734740776e-06 9.52940725227336e-06 9.00240900278959e-06 1.0426409005504e-05 1.09235027409227e-05 1.17406835158818e-05 1.22047023921823e-05 1.29581451659533e-05 1.33811907772952e-05 1.19408719498892e-05 1.14524497959678e-05 1.07706754761239e-05 9.93487571321339e-06 9.21645937523863e-06 8.40545209896959e-06 7.55554782827517e-06 7.12988863895703e-06 7.27350549567518e-06 7.88679400258729e-06 6.96476357049391e-06 7.08617621114627e-06 7.19436852847366e-06 4.04632741464184e-06 7.77657086743489e-06 8.08824421980603e-06
4.29441958686994e-06 4.37027777095977e-06 4.32904688096869e-06 4.43058973615962e-06 4.76013954511245e-06 4.95566310121376e-06 4.60172079499443e-06 4.81777621175183e-06 4.86093467131354e-06 5.78372421102813e-06 6.28575124963504e-06 5.94161152918105e-06 6.04191755826378e-06 6.61051667947277e-06 7.06729451920296e-06 7.91439121599069e-06 8.58919373030176e-06 8.18827518145326e-06 8.76036652499579e-06 9.0440790884827e-06 8.91462790804098e-06 9.01805562278923e-06 9.32548987293558e-06 1.10741247894452e-05 1.31201368361644e-05 1.27010080191781e-05 1.34586318353058e-05 1.30465635649557e-05 1.22806834255584e-05 1.27949355345436e-05 1.27509504395107e-05 1.25709166084675e-05 1.16048705237404e-05 1.02792435463073e-05 9.0344657117214e-06 8.75230234456126e-06 8.61733445702839e-06 8.4014548697553e-06 8.97786607936268e-06 9.63466183776518e-06 9.28074757808872e-06 8.76274113252862e-06 1.06937910437921e-05 1.07282314523616e-05 9.3653708994168e-06
4.20854765437184e-06 4.38371560136375e-06 2.06335208865482e-06 4.03052429831519e-06 4.28862628680804e-06 2.12312805381032e-06 4.28962806324762e-06 4.9374325556073e-06 5.0084510938575e-06 5.05702339950176e-06 5.28950675402484e-06 5.87283733608501e-06 6.3012768627857e-06 6.53053914803081e-06 7.13373964487118e-06 7.26788207003892e-06 8.28025110095609e-06 8.28096755256524e-06 9.02689019000036e-06 8.31451894569568e-06 8.31005180117472e-06 8.70883388870425e-06 1.02068772235953e-05 1.30339718538153e-05 1.22146503287013e-05 1.14044377639289e-05 1.2295234728299e-05 1.23229968352234e-05 1.19193676439977e-05 1.17075955017754e-05 1.18168240220484e-05 1.17359469200551e-05 1.17721125334924e-05 1.23017179490148e-05 1.2122353403754e-05 1.01894866574526e-05 9.79427506635488e-06 1.00389899152731e-05 1.02951367459525e-05 9.87893371799942e-06 9.86809858432025e-06 1.09841514003506e-05 1.1572441414387e-05 1.11630303209154e-05 1.05960610383704e-05
4.59143131976703e-06 4.45522959111599e-06 4.12499233490848e-06 4.18243171935728e-06 4.10539312696301e-06 4.00510966116485e-06 4.20907193401376e-06 4.62453255209994e-06 4.77047379945361e-06 4.93029139789769e-06 5.20308611413611e-06 6.17895003500735e-06 6.85153305042263e-06 7.17594624433104e-06 6.90694358098654e-06 1.12450271586795e-05 7.70745541700535e-06 8.53156361415586e-06 8.39056009027672e-06 7.98123412977247e-06 9.80186654544468e-06 1.01536102889099e-05 1.12243688008107e-05 1.19076099110771e-05 1.09103730068227e-05 1.05790998091493e-05 1.07702320562453e-05 1.05551327578723e-05 1.0932119488416e-05 1.07557874699182e-05 1.05800776466936e-05 1.07457867059679e-05 1.04338943017979e-05 1.22811961659863e-05 1.06953075771798e-05 1.16871363161408e-05 1.06886344418911e-05 1.03152688446073e-05 1.11897863305899e-05 1.29020605569963e-05 1.47474964663274e-05 1.30342140195694e-05 1.14775631658404e-05 1.21838966677501e-05 1.23977870117642e-05
4.36304431872259e-06 4.50589849734229e-06 4.39220277712593e-06 4.95159070013074e-06 3.68844613305441e-06 3.81570375367346e-06 4.18948291880383e-06 4.56756708118178e-06 4.85302960200329e-06 5.08565855739107e-06 5.12320676193667e-06 6.60993800281062e-06 6.58830879132211e-06 7.01767055062419e-06 6.95530225911512e-06 7.45573050835446e-06 7.61614502096109e-06 8.03473832320378e-06 8.04217834513565e-06 8.21374848243295e-06 8.29103668564812e-06 9.55351690095085e-06 9.87187877115048e-06 1.00931909329915e-05 9.65388968978687e-06 9.5617530902814e-06 1.04832765174478e-05 1.02524842205298e-05 1.03365781058073e-05 9.88661626166731e-06 9.92169875928539e-06 1.019100133135e-05 1.10440572271386e-05 1.18297371784593e-05 1.08514925670988e-05 1.06708541352418e-05 1.18787293217792e-05 1.01789967388299e-05 1.04268531345042e-05 1.01668202717065e-05 1.22897691028356e-05 1.15527313653274e-05 1.06905391234591e-05 1.13090220835943e-05 1.33317224438656e-05
4.50658817072736e-06 4.04907701536672e-06 4.15998380489668e-06 3.94434689283685e-06 3.98032506083723e-06 4.01884389447105e-06 4.55167919710675e-06 4.87455207291987e-06 4.79433789095651e-06 4.9703896948472e-06 5.24741245158111e-06 5.97715418209077e-06 6.72282311526828e-06 8.05345401175828e-06 7.14424394487878e-06 6.79680810051764e-06 7.35145816861404e-06 7.35856107070276e-06 7.56862797146596e-06 8.12034713391085e-06 8.25407063445027e-06 8.02804843544891e-06 8.40212209425317e-06 8.40309132712491e-06 9.06889134881794e-06 9.37838666033031e-06 9.47615786373035e-06 9.16891165019251e-06 9.82736855377198e-06 1.03021947211346e-05 1.08210522512309e-05 1.10070321582612e-05 1.02012913885119e-05 1.14256574136107e-05 1.1820600856538e-05 1.15876297371642e-05 1.1211724596194e-05 1.28304228724119e-05 1.05863982994947e-05 1.06297538764011e-05 2.75012137109343e-05 1.35307175440857e-05 1.14385248494386e-05 1.2254240392906e-05 1.31234360608801e-05
6.23669010224148e-05 8.58530640925892e-06 1.15563278825448e-05 8.84959403322227e-06 4.2327183130908e-06 4.02736578166696e-06 4.11408662941426e-06 4.66514530828022e-06 4.9145496539893e-06 2.9630932928626e-06 5.76579919524534e-06 7.42010917917924e-06 6.87422977136976e-06 7.2826658325198e-06 7.82588512038274e-06 7.30864208549065e-06 7.21300881565412e-06 7.64748955646155e-06 8.04359695223411e-06 8.71937011197588e-06 8.45578892949561e-06 8.54521566679978e-06 8.65246150425492e-06 9.11224781958708e-06 9.87711850370943e-06 1.01773758274248e-05 9.77880191186387e-06 9.45991989595996e-06 1.00368865233236e-05 1.09521279838987e-05 1.18976662989212e-05 1.02831825230965e-05 1.02833318834428e-05 1.15166694740765e-05 1.11984316689018e-05 1.12045221200674e-05 1.09376908113745e-05 1.03059244125348e-05 1.07147045000033e-05 1.15357034530916e-05 1.48087068183145e-05 1.21257088707694e-05 1.23968970711985e-05 1.2807565867945e-05 1.16273664687583e-05
-9999 0.00027742417078116 7.33495771214621e-05 2.69378359405437e-05 4.58020596525444e-06 3.79507919205935e-06 3.74597609535954e-06 4.74526030700417e-06 4.09488446990736e-06 5.95513411951742e-06 1.61640370293981e-05 5.15796691118453e-06 5.34060973791384e-06 5.95371361313823e-06 7.57891663454302e-06 7.60794160896694e-06 7.08980890919975e-06 7.33801016252755e-06 7.36238867347083e-06 7.44527506242321e-06 7.80380902938305e-06 8.66952077132055e-06 8.33152383563629e-06 8.99367232705117e-06 8.8622977415298e-06 8.74657164331438e-06 9.62264753070485e-06 9.85441487841854e-06 1.00949584705745e-05 9.67501565725115e-06 1.19889260560058e-05 1.29344337224779e-05 1.3128993424516e-05 1.26700480848285e-05 1.22060329488249e-05 1.16650096671833e-05 1.04684260293197e-05 9.99937070105261e-06 1.04837172287375e-05 1.03713549151507e-05 1.06229391789725e-05 1.10552439252842e-05 1.20586512807108e-05 1.0939721038028e-05 1.20737079072342e-05
-9999 -9999 -9999 6.0794524654284e-05 8.23566752501392e-06 3.81461629359592e-06 3.64298837141064e-06 3.63671978078628e-06 3.79618517456493e-06 4.38969756757501e-06 1.16830148641611e-05 7.32486595467208e-06 6.29922179911091e-06 6.09935885051982e-06 6.70482789928428e-06 7.33081511299361e-06 7.89581635132208e-06 8.25591176578655e-06 8.51061530369179e-06 9.23972945514606e-06 8.75932948503078e-06 9.75146758719347e-06 9.57388880209464e-06 9.58754509525761e-06 8.48788636602649e-06 8.75884549742523e-06 1.26312972852816e-05 1.87351181210715e-05 1.08138041696293e-05 9.49340433606949e-06 1.17289516225583e-05 1.21018537456052e-05 1.29509216208135e-05 1.34714122097535e-05 1.75095670044811e-05 1.72690806692799e-05 1.16784002941017e-05 1.11990227026126e-05 1.2296523775035e-05 1.21198895485009e-05 1.16496050566184e-05 1.07184913730407e-05 1.3818598755222e-05 1.13339117618239e-05 1.2166960976856e-05
-9999 -9999 -9999 4.58051537862048e-05 9.57619512519159e-05 3.41112479063099e-06 4.80395808608591e-06 4.93629696549647e-06 4.87374238460347e-06 5.17743168089169e-06 5.42465921000712e-06 5.76443100257507e-06 5.91849621542906e-06 5.95385104844581e-06 1.00344822470788e-05 7.51947083301729e-06 9.061628513507e-06 1.01832848088179e-05 1.04514367478714e-05 1.00952168452295e-05 9.8019640347502e-06 9.40673368887701e-06 9.37906725368976e-06 1.10727946704969e-05 1.1936381315536e-05 1.15669383887962e-05 1.27350883886379e-05 1.1941994311826e-05 1.10588605352291e-05 1.21854494466334e-05 1.24666865772838e-05 1.29830812866771e-05 1.34791663583655e-05 1.38653051692472e-05 1.2222872869927e-05 1.27373177818413e-05 1.19505934549125e-05 1.22782454184289e-05 1.25351155503495e-05 1.34630658962465e-05 1.40490734978016e-05 1.15857659025664e-05 1.7810363880244e-05 1.13421747258258e-05 1.27641765374165e-05
-9999 -9999 -9999 2.40392339492246e-05 9.28928285929942e-05 4.9108246756191e-06 2.05342586951929e-06 3.89314608852942e-06 4.69929198558816e-06 4.67907120480504e-06 4.82757553896818e-06 5.43262747441986e-05 7.00104580602101e-06 6.22626609327881e-06 6.95771723542293e-06 7.35543601138033e-06 7.87606516041706e-06 9.89185433439843e-06 9.49741663731629e-06 9.87125291658231e-06 1.0052395656146e-05 1.00782837236579e-05 1.1921954869365e-05 1.22654723867299e-05 1.35988124554842e-05 1.35330765232311e-05 1.50194400362125e-05 1.59023294429517e-05 1.57261224188687e-05 1.60548140001993e-05 1.35309194646993e-05 1.44762895786243e-05 1.43152171375505e-05 1.43572463684904e-05 1.42542824690395e-05 1.4496300019573e-05 1.460585767461e-05 1.53712942989159e-05 1.43422697519213e-05 1.35400927845808e-05 1.28486141832695e-05 1.70133857949395e-05 6.94962801276233e-05 1.49539662345433e-05 1.45502903791339e-05
-9999 -9999 3.68265850966054e-05 1.0744242362648e-05 1.93967491838976e-05 3.94696686569773e-06 3.93075076488003e-06 3.76014505647504e-06 3.74572990722299e-06 3.93483790404048e-06 5.2374660874932e-06 6.58465468745817e-06 7.67248715050073e-06 6.74984548680868e-06 7.03654587113078e-06 1.04725222428215e-05 5.09055722432095e-05 5.88174351150883e-05 1.0547919279702e-05 1.07726332714719e-05 1.10907224282641e-05 1.2922313877084e-05 1.41657656627103e-05 1.39041842260212e-05 1.59863109445268e-05 1.5935311711246e-05 1.68405469196387e-05 1.60510145462922e-05 1.51627251028685e-05 1.4030981066071e-05 1.43470247479627e-05 1.36682430166957e-05 1.36688455626199e-05 1.51555284560345e-05 1.66500887900156e-05 1.64296733942138e-05 1.60774705591393e-05 1.40838617539885e-05 1.47234286373532e-05 1.32131527067259e-05 1.47300157863128e-05 1.74662493122923e-05 0.000508519785034878 0.000105069577398353 3.76848635482929e-05
-9999 -9999 8.31098045864565e-05 2.98344250211358e-05 3.07279317084408e-06 6.05884976039306e-06 6.52712710120795e-06 5.78624191689414e-06 4.39553318472008e-06 4.63892298085966e-06 5.48051588680209e-06 6.00151628873391e-06 6.05802307234171e-06 5.9647423199749e-06 4.59425332564933e-05 5.73169260178474e-05 3.21861340012219e-05 1.61106391743715e-05 1.05531512247126e-05 4.54840259294542e-05 1.11117120454196e-05 1.37496730530984e-05 5.54434674086224e-05 2.04209559882429e-05 2.00561242763797e-05 1.55931262924014e-05 1.59094267132787e-05 1.61460285710291e-05 5.06486383983429e-05 1.59712619165475e-05 2.38432428261603e-05 4.1961670603996e-05 1.62970356882397e-05 1.56715192360934e-05 1.64736872676485e-05 1.64971892985477e-05 1.57724997023934e-05 4.09972395573277e-05 4.97786201322015e-05 6.77587613040487e-05 0.000128321425995637 0.00023612526533725 0.00102345576269727 2.23749272919349e-05 7.9515316826928e-05
-9999 -9999 3.03309093112603e-05 7.6650072242046e-05 0.000118747072929182 5.45150467985422e-06 1.70194598297257e-05 7.47668445455929e-05 0.000347937320657366 1.9929291607923e-05 0.000109371303869921 7.34160676216789e-06 8.89235157330859e-06 1.36109416530417e-05 9.36640454710869e-05 0.000379221216826409 0.000214160896302928 2.70968619645373e-05 1.34106438594017e-05 1.36429364033575e-05 1.39556631381765e-05 2.14431937479276e-05 2.81089908980903e-05 1.68115419796777e-05 2.03711113840654e-05 1.49992031765578e-05 2.80794919888194e-05 6.38076779978292e-05 3.35135214015736e-05 1.78066808189215e-05 2.11555503312866e-05 3.79316260932683e-05 1.76012888204014e-05 1.7244988504217e-05 1.82968192291355e-05 1.79803205554663e-05 2.98292778097675e-05 1.9456577754795e-05 0.000176258020155728 0.00289728918869514 0.0044438330543926 0.00235566314222524 8.6887226007093e-05 8.08676567089606e-05 0.000547501573964837
-9999 -9999 6.04720222895594e-05 0.000230478348112229 0.000373012984709931 0.00163617228754447 8.60733790659651e-05 0.00207847849233076 0.0052475975418929 0.0044498491595732 0.00727864899963606 0.00167747196028358 0.000133929404819355 3.52944591327287e-05 7.71786001507735e-06 6.46752941065643e-05 0.00115396479377523 9.18252009796561e-05 1.90747046218576e-05 2.90071062238439e-05 1.76197087000673e-05 1.25019698145934e-05 1.33983834530227e-05 5.24772693779596e-05 9.61952296847812e-05 3.23381634530051e-05 1.81575042518034e-05 9.47992878991499e-05 0.000101338978402055 5.74968338128201e-05 1.96410571675187e-05 1.78855942579048e-05 1.62948388407358e-05 1.78225193621984e-05 1.85688596303635e-05 1.73910231922036e-05 4.15223913250884e-05 5.93171955642902e-05 0.00168307720887242 0.00345452265319182 0.00343896952690557 0.000377031352400081 1.61651395558238e-05 0.000639750904065295 0.0010490703598407
0.000541587665793486 0.000271552469848757 2.35791218528902e-05 7.03603914871565e-05 0.000555131303553935 0.00225262303138152 0.000283263034816628 0.00379728982807137 0.0067703595792409 0.00220586126088165 0.00349648724950384 0.00601790758373681 0.0030704397810041 6.92321909127713e-05 7.2118305624258e-06 0.00026835187263714 0.000365571961265232 1.85362565304104e-05 2.97787674867323e-05 3.93998814161023e-05 0.000130185603620703 0.000120094479143518 0.000190782531080913 0.000172936874287188 4.15237235074528e-05 4.11827395623732e-05 2.11160751121042e-05 1.39821055256562e-05 1.4387522242032e-05 1.56748610663726e-05 1.70594084778486e-05 1.77026675999059e-05 1.9139038221283e-05 1.95947602321667e-05 2.08329131481833e-05 2.40522279796096e-05 3.86736626296624e-05 0.00302134366502287 0.00500174491025973 0.00527654726756737 0.00417739159311168 0.00319586637342582 0.000853464263491333 1.97313949314548e-05 0.000129330637355451
8.86969018438322e-05 0.000386706154131389 0.00277065810514614 0.00283330843958538 0.00391192726383451 0.00254466793703614 0.00039224254724104 0.00499298166541848 0.00598216011421755 0.00157174357664189 4.169732351329e-05 0.00506320438580588 0.00553056042699609 0.00480099530541338 0.000287671783917176 0.000933534018258797 0.00200749199284473 0.000129619366816769 0.000120574550919628 0.00113825623593584 0.00328436602867441 0.000346335012181953 0.000289207069636177 0.000693100711214356 2.06593514917586e-05 9.52130004776563e-06 1.01589173667094e-05 1.14787688644924e-05 1.27695857656818e-05 1.42845052977236e-05 1.79709862919708e-05 1.58870302527703e-05 1.8245534576522e-05 1.88015082187576e-05 2.00148258215904e-05 2.17014785675929e-05 2.93101656382078e-05 0.00389371310302522 0.00536244874529075 0.00616459818556905 0.00515815712424228 0.00343354390060995 5.37874306360209e-05 2.11814490683082e-05 0.000309057075628516
3.47365374295805e-05 4.12898574268183e-05 5.21223671057669e-05 6.91872343395517e-05 1.22658572450973e-05 1.9777296358825e-05 3.57941043489518e-05 0.000645437685307115 0.000448246539963293 5.82394053253665e-05 8.38868638766144e-05 0.000286923514886439 0.00295110925362678 0.000675448508991394 8.50480853159752e-05 0.000212900488622836 0.000302015652960108 2.74703455829695e-05 5.08225712110288e-05 0.000416687330471177 0.00105000703224505 8.72392500241403e-05 9.12054034643006e-05 3.31038114097737e-05 1.33219283867447e-05 7.98037885800795e-06 1.22747885285435e-05 9.77568220292824e-06 1.11487210631367e-05 1.29016103556978e-05 1.49175397723411e-05 1.61520677607996e-05 1.6564927321383e-05 2.20972256357754e-05 2.55463357177632e-05 1.94575188629642e-05 3.97998602124971e-05 0.00332311983220279 0.00397482008847874 0.00537643932038918 0.00808023107238114 0.00431984455208294 2.42907662368452e-05 1.8557239167194e-05 6.38138878116479e-05
0.00433260423596948 0.00600745583069511 0.00424831120471936 0.000278267115572817 9.77086742466327e-06 0.000121498711814638 0.000115631512653636 2.50119282327432e-05 2.34964068113186e-05 0.000128497717741993 0.000865965753837372 0.000213892194096843 1.49192373157803e-05 1.0474384328063e-05 2.00285278879164e-05 0.000126530577790618 8.63049645886349e-05 0.000122984649033242 4.32111012628411e-05 0.00020242535019861 0.00126461821055273 0.000196148554005049 1.39768688057984e-05 8.89158708616833e-06 1.86693974853824e-05 6.65672297373021e-06 9.57752511112631e-06 1.50696446013399e-05 1.79762158609265e-05 0.00011052453648972 0.000137414203118169 2.50764619920574e-05 3.4297633760616e-05 1.7119345983474e-05 2.30999133520982e-05 1.74665454522938e-05 5.36332557544483e-05 0.0036120147589827 0.00347683905711165 0.00383834294480039 0.00330177386640571 0.000215937052144 1.65932884470976e-05 1.65343868758328e-05 0.00013217041137068
0.00617251871735789 0.00501851852168329 0.00187696357388631 0.00017401001023245 4.41258239789022e-05 6.41338303921657e-05 9.78957365987299e-05 9.73629979057478e-06 9.61464239424004e-06 9.88568397417566e-06 9.14198167691893e-06 8.56294085878062e-06 1.89616825309713e-05 1.95873139375635e-05 8.74097547836072e-06 7.72767089358695e-06 4.51017835985112e-05 0.000710649043321609 0.00240482395311119 9.17762321478222e-05 5.52451562043643e-05 0.000582967461741646 0.00214072194212349 3.77657401600118e-05 5.71022754201067e-06 8.39296524191013e-06 2.67666825777724e-05 0.000270723613721202 0.000344798311471095 0.005517104480532 0.00872769539128058 0.00633855076157488 0.00403923199773999 0.000189618223839716 2.02535799502357e-05 1.42637626652231e-05 9.10925344214775e-05 0.0033178589947056 0.00308937611844158 0.00304897498863284 0.00040468229635735 1.147058308959e-05 1.40168877408087e-05 1.20876564722039e-05 0.00164596759786946
