Scripts_&_data/Maxent_result_files_2/B_schrencki_2.asc
NCOLS 594 
NROWS 330 
XLLCORNER -15 
YLLCORNER 23 
CELLSIZE 0.166666666666667 
NODATA_value -9999 
[rows 280 to 299 of 330, columns 180 to 224 of 594]
1.47157064311898e-11 2.04871564157827e-11 3.55849683053577e-11 5.25446908206106e-11 4.76820694039759e-11 1.94395277652859e-11 2.59024666982022e-07 -9999 -9999 -9999 -9999 -9999 -9999 -9999 -9999 -9999 -9999 -9999 -9999 -9999 -9999 -9999 -9999 -9999 -9999 -9999 -9999 -9999 -9999 -9999 -9999 5.47883960422268e-13 9.26680954194126e-13 1.08792974629068e-12 1.25365273717648e-12 1.25056631716802e-12 1.25189858479757e-12 3.44558825915442e-12 6.62193633260699e-12 1.1617840023348e-11 1.59758095641394e-11 1.96643368255423e-11 2.38460140522534e-11 2.55570231644242e-11 3.89923093813138e-11
1.96283655995444e-11 2.46308529128214e-11 3.98673427604024e-11 5.67490499037149e-11 4.33643232433667e-11 4.02782696085069e-11 3.87185949968227e-11 2.63810417955312e-11 1.84697701577363e-11 1.06416098155648e-11 1.95930938140521e-11 9.93461757303749e-11 7.31981919521729e-11 3.7001780184287e-08 -9999 -9999 -9999 -9999 -9999 -9999 -9999 -9999 -9999 -9999 -9999 -9999 -9999 -9999 -9999 -9999 -9999 4.28779234340482e-13 5.79769565689503e-13 1.36929356742144e-12 1.41909817230612e-12 1.41822109611667e-12 1.55537804857886e-12 3.49290596446394e-12 7.32703897554643e-12 1.29110722113523e-11 1.47792555971193e-11 1.82020953864992e-11 2.43673192734661e-11 2.178863756086e-11 2.07458494827506e-11
3.76023323589436e-11 3.80114606457482e-11 3.35028116360547e-11 6.38753050452578e-11 7.01049773788043e-11 6.27476071102251e-11 4.63705185360652e-11 5.97812799263409e-11 4.8074855207858e-11 4.40703584736468e-11 4.81926831774615e-11 5.48084355678213e-11 5.85520298912456e-11 5.67380697980013e-11 3.73776232187595e-11 3.27879945416498e-11 8.38366599809071e-08 -9999 -9999 -9999 -9999 -9999 -9999 -9999 -9999 -9999 -9999 -9999 -9999 -9999 -9999 8.58746407317312e-13 1.02402530899326e-12 1.19346754701155e-12 1.24613652729977e-12 1.2638112778518e-12 2.09978701093405e-12 4.33135749489111e-12 8.98552343642223e-12 1.39597111648015e-11 1.48680734390894e-11 1.84966042482415e-11 1.49185885867098e-11 2.05216843518485e-11 1.1075063088839e-11
5.46650280597305e-11 5.22161425209333e-11 5.16725440213861e-11 9.27760201996364e-11 1.21247367701471e-10 1.4808951842582e-10 1.22026677651377e-10 9.22692700022765e-11 8.13656697573606e-11 7.87399256907406e-11 9.02900088028957e-11 1.01434916022214e-10 1.22912036104594e-10 1.35517641552951e-10 1.49991463693766e-10 1.1566353430581e-10 1.09977549289653e-10 3.5651345209331e-10 6.03620931016735e-11 -9999 -9999 -9999 -9999 -9999 -9999 -9999 -9999 -9999 -9999 -9999 5.24014165392828e-13 7.50355333423158e-13 2.60667043505691e-12 1.77048375959998e-12 1.2221890166586e-12 1.39326328252309e-12 1.84591231189302e-12 4.29918323163747e-12 8.68907168438682e-12 1.13291598324849e-11 1.16973208896809e-11 1.75369718746765e-11 6.82369716287212e-12 7.35101979287833e-12 1.60955360151149e-11
8.60875037922426e-11 1.16695186846982e-10 7.39307060015903e-11 1.48635437291489e-10 2.09876760415284e-10 2.25672491804829e-10 2.04125150116141e-10 1.9020738317721e-10 1.73421865756751e-10 1.43242628869444e-10 1.67477398616001e-10 1.83370563178187e-10 2.06398953483955e-10 2.54183818437781e-10 2.86948897976202e-10 2.48206144526364e-10 1.95526861368478e-10 1.56097867964888e-10 1.26538579614532e-10 5.83192494296725e-11 8.24809192834231e-08 -9999 -9999 -9999 -9999 -9999 -9999 -9999 -9999 7.7149620025807e-12 9.68791713518158e-13 2.17009743508356e-12 2.30921948229934e-12 1.95151672599536e-12 1.72554193156316e-12 1.66745506291477e-12 1.88019599889344e-12 4.37588854040882e-12 8.72002470231337e-12 7.95650212381815e-12 1.24925958466804e-11 1.89451343501901e-11 1.84432136229873e-11 1.7530321638759e-11 4.19619894387324e-11
1.11470421781945e-10 1.18416709771196e-10 1.1705395541739e-10 1.18897902634529e-10 2.73016353968814e-10 4.09695066760918e-10 3.18590098746796e-10 3.37425665186686e-10 4.13282918998448e-10 3.48528150784233e-10 3.35561511910498e-10 3.50618822864135e-10 2.31686303475698e-10 2.73584421783823e-10 4.1451881926946e-10 3.50632767265324e-10 3.31499250272316e-10 2.89595214475469e-10 2.14761852745937e-10 1.11521980539209e-10 8.58763171684984e-11 3.19829596140409e-10 -9999 -9999 -9999 -9999 -9999 -9999 1.92453830649697e-12 2.28581598094024e-12 2.6533553132424e-12 2.35651498314837e-12 1.92463822656919e-12 1.97905025700607e-12 2.20041762588608e-12 1.91203719523969e-12 1.83808523956941e-12 3.74240638478796e-12 8.25586266017808e-12 1.0207135137108e-11 1.51851198282316e-11 2.4730562042663e-11 4.46572778756149e-11 5.73316949470382e-11 7.26088744684716e-11
2.23163298951334e-10 1.28048915915002e-10 1.65693891940322e-10 2.39633768384095e-10 3.68531449801424e-10 7.24389848105744e-10 6.57357612787735e-10 5.26359678065802e-10 9.61343993299835e-10 7.56745999197506e-10 6.20818618735086e-10 6.05127270514316e-10 5.54699663979363e-10 5.77191561212942e-10 4.92211638114526e-10 5.23460264023612e-10 5.20453347085947e-10 4.57713122958836e-10 3.67816310742342e-10 2.78054035351971e-10 1.53030976779434e-10 9.39014865863896e-11 3.61229157697096e-11 1.32393884744175e-10 4.48580407486077e-08 6.81641434407965e-09 5.83781911700498e-12 3.05313552217967e-12 2.6816548981401e-12 3.83663101288789e-12 2.87027068779366e-12 2.24706919738082e-12 2.49433806942534e-12 3.27761151552863e-12 3.31542571174737e-12 1.49297241236468e-12 2.37349029319489e-12 3.96407351388461e-12 8.05904232237253e-12 1.34865341117063e-11 2.19780083021703e-11 3.12630255017154e-11 4.68955430044105e-11 6.50488996001286e-11 7.83731968212464e-11
7.80614040074568e-10 3.47243900300498e-10 2.94240509735033e-10 5.23862031531763e-10 3.80397024990486e-10 9.3276492085792e-10 1.40304264872881e-09 1.06818360823269e-09 1.25222563429617e-09 1.11973792460418e-09 1.55878937535547e-09 1.08945834575991e-09 1.05439728059764e-09 9.35609223429168e-10 9.09883335342698e-10 9.27425869434728e-10 7.6750257260727e-10 6.4040999170345e-10 6.43831576940812e-10 6.41712405435868e-10 4.32261104688081e-10 2.14170803314317e-10 9.07724229115559e-11 3.53935991626031e-11 1.23957510922423e-11 1.32148181286595e-11 1.28393851106523e-11 7.98875410268352e-12 4.39118741368816e-12 4.5290771133466e-12 3.95737886904612e-12 3.69938524258373e-12 4.31228386332805e-12 5.17872411620601e-12 4.0144554347421e-12 1.8506862708989e-12 4.39316361067199e-12 7.23491266896303e-12 1.28694499501592e-11 2.21780482867473e-11 3.83322817931742e-11 5.47286993501928e-11 8.06296140964946e-11 9.49604728184283e-11 1.37916300602114e-10
2.16382973761142e-09 1.01577652955598e-09 4.97430696633217e-10 6.61296084558671e-10 6.79100031764079e-10 1.44305810634293e-09 2.39072976970789e-09 2.76835822043964e-09 2.45535186627066e-09 3.39180329378408e-09 3.06007230665983e-09 1.94708804635013e-09 1.82121462355411e-09 1.52891318494497e-09 1.41460498870316e-09 1.76564884935004e-09 1.22808643254757e-09 1.20180599916253e-09 1.2947903749172e-09 1.29018556949134e-09 8.7820493099855e-10 4.37892488935887e-10 2.07432493404269e-10 1.09778963697238e-10 5.03186270428557e-11 2.68678079784479e-11 1.64407154557011e-11 7.72774066959414e-12 5.51001466675416e-12 6.21971363301554e-12 6.64024391028306e-12 6.81171785643642e-12 7.42689243438122e-12 8.0093931487113e-12 5.68135538614456e-12 4.50223192061117e-12 6.90872914432816e-12 1.04616204588126e-11 1.50990109304416e-11 3.28566285290322e-11 5.78890380076302e-11 9.13036868332995e-11 1.02774844190634e-10 1.45572776055758e-10 1.95297256144755e-10
4.55488839978813e-09 2.48222299381595e-09 1.79501937758175e-09 1.04371492559707e-09 1.68130829258928e-09 1.7973232568913e-09 3.87907664878284e-09 9.83337604676393e-09 7.13788168571483e-09 6.13793692538778e-09 5.84184310925551e-09 4.32341036304962e-09 3.19231905354656e-09 2.74228966201662e-09 2.24582582530886e-09 3.67313334193042e-09 2.120220121693e-09 2.6227781835253e-09 2.49154371578797e-09 2.19084682617776e-09 1.77975187920509e-09 8.30040802757281e-10 3.33360328230725e-10 2.09539563478245e-10 1.26214505513644e-10 8.7073481758182e-11 5.06336417238629e-11 1.67873936973706e-11 4.5215386990094e-12 6.95120627725032e-12 1.19719567592824e-11 1.14077525203982e-11 1.09351971921967e-11 9.74548219900839e-12 1.07542530436433e-11 1.15639608999629e-11 1.06975539537757e-11 1.27677535211035e-11 2.35271691018113e-11 4.57176407842042e-11 7.63942908932336e-11 1.2464762555453e-10 1.3716680014042e-10 1.65502045401666e-10 1.92593974102095e-10
5.36713061771721e-09 5.9481222725033e-09 3.60886227568358e-09 2.68545110593266e-09 2.09342918555677e-09 3.81837133023311e-09 4.30470019630036e-09 1.46479395835009e-08 2.16048970380633e-08 1.43389616180656e-08 1.45020378261584e-08 1.18868660803351e-08 6.59468449848433e-09 1.96997694823509e-09 1.89010969098291e-09 2.71422418984812e-09 7.13599137558418e-09 5.3019506118801e-09 3.74223966259635e-09 4.47234479450387e-09 2.43377156206037e-09 8.15950007559962e-10 5.69051561427614e-10 3.45801542955826e-10 3.23549798064704e-10 1.86054904816046e-10 1.09486308907947e-10 7.40199013193887e-11 3.51614626303842e-11 2.39267605728344e-11 2.01990535408925e-11 1.91626270407141e-11 2.09128270256542e-11 2.27215024573013e-11 2.35605757126223e-11 2.21385687559916e-11 2.22068696764666e-11 3.9760972292413e-11 5.80401171568212e-11 7.72767516643569e-11 1.06543407429882e-10 1.27685462203431e-10 1.74541447961474e-10 2.46666687075958e-10 3.63829932847892e-10
1.11459945051351e-08 1.12063947677044e-08 5.30311080604307e-09 6.36584787105932e-09 5.00636614386707e-09 5.96450062673171e-09 6.39003321367682e-09 1.8756012865051e-08 4.02844921087997e-08 2.68951654947003e-08 1.66115857958005e-08 1.36558833907507e-08 1.04295390990217e-08 3.97827319975619e-09 1.64907798527736e-09 1.42065246233614e-09 3.57544108764429e-09 4.37503726580246e-09 2.4609265514286e-09 3.63255644453275e-09 1.9240662396669e-09 9.75871705666265e-10 6.87896350992645e-10 4.38035341332466e-10 2.45290587841396e-10 1.86581161631949e-10 2.22076645961522e-10 1.96821026143823e-10 1.26481902729125e-10 7.86219422899137e-11 6.19511442145893e-11 4.38088343379661e-11 4.46166770196044e-11 4.31189084437733e-11 3.80148135192826e-11 5.03782571215083e-11 6.71317557099371e-11 9.54589407520245e-11 1.59872304283937e-10 1.96095562010612e-10 2.04160943706455e-10 2.84757695201421e-10 4.25284252258962e-10 5.45939460305789e-10 5.31248678381502e-10
1.46276408541368e-08 1.00077992670755e-08 9.59566958114166e-09 1.19578999813186e-08 6.61270941337833e-09 4.20540213763587e-09 5.26924108790183e-09 1.86813350455672e-08 3.30674942761178e-08 2.03929862441221e-08 1.79000401390184e-08 1.1871727256807e-08 6.20204814172354e-09 3.28894231849119e-09 1.80814760941672e-09 1.43827971754718e-09 2.78682031895627e-09 5.18896572376804e-09 4.53887184503898e-09 4.50853183675548e-09 3.15352010060721e-09 1.32583650724882e-09 5.87847459598834e-10 3.01640890043586e-10 1.18446907837466e-10 6.8704220090865e-11 9.38084054880051e-11 2.56431464951135e-10 2.66380506541708e-10 2.01851280134946e-10 4.77123451858574e-11 1.14950993168605e-10 8.54654680360056e-11 6.80812406450571e-11 8.66552163358847e-11 1.204673361066e-10 1.47479695122854e-10 2.02722660880283e-10 3.15552228791205e-10 3.76302289328834e-10 4.68533922770575e-10 4.7083841270279e-10 7.02930325058304e-10 8.66417448897039e-10 1.02696084969267e-09
8.94368415993441e-09 6.3936631877759e-09 8.76981984809788e-09 1.69987890097367e-08 1.27072645517146e-08 3.87638436905036e-09 5.66572845306368e-09 9.27559881125362e-09 1.39829669176805e-08 1.64639949118417e-08 1.29802890103115e-08 9.22961493898811e-09 5.72043519220244e-09 5.68298635927889e-09 2.92664352752325e-09 1.48193207705205e-09 3.14048906879805e-09 8.42623549823784e-09 7.68104048143314e-09 5.24107234278759e-09 3.0985230381475e-09 1.55269914703382e-09 5.50989864844809e-10 3.43906492172863e-10 3.29027083356692e-10 3.41080075294542e-10 4.11227729646413e-10 3.87117649047752e-10 2.39965414206011e-10 1.92935212250944e-10 6.20798634720643e-11 1.03415875862822e-10 1.8387793510044e-10 2.09001327355907e-10 2.14754114491456e-10 2.69895006344001e-10 3.52714268903043e-10 4.05880828946437e-10 4.59632898408557e-10 5.27705401598411e-10 8.15952649890761e-10 9.14026787590672e-10 8.95235807707451e-10 1.02337930352192e-09 1.13090191655729e-09
6.65266559618516e-09 9.38985359466571e-09 8.84109767618213e-09 8.27934724112467e-09 9.6705850549661e-09 1.13043144178704e-08 1.21892651527844e-08 1.39613294702912e-08 1.74207443248697e-08 1.82350341160209e-08 1.15554612101221e-08 8.62365067133553e-09 7.95326116076467e-09 9.31298024253735e-09 9.75986477191881e-09 2.51263596595663e-09 2.25517460261671e-09 7.95624025551334e-09 1.01435061683475e-08 8.9998851815487e-09 5.03451011990563e-09 2.14522799524275e-09 8.42588743221739e-10 6.18521911466274e-10 4.94175411702713e-10 7.02377223049666e-10 8.79346528925851e-10 9.74277514220745e-10 7.56970619519848e-10 3.9731485879102e-10 2.53517629111855e-10 3.60875007654471e-10 4.8890077541941e-10 4.93713026017417e-10 5.46583012184243e-10 5.90597826199968e-10 6.53808140960166e-10 7.89252396771189e-10 1.00512738132608e-09 1.15007219303465e-09 1.27342106859274e-09 1.43269529573331e-09 1.55231554277435e-09 1.72074218207641e-09 1.17228453611062e-09
1.42964927896116e-08 2.85987924342201e-08 2.58115716578189e-08 1.86501013410556e-08 2.36133013364892e-08 2.91415973241449e-08 3.40949866339812e-08 2.89796234675954e-08 2.41486508234523e-08 1.95805445191155e-08 1.22465318885823e-08 1.53595317242683e-08 1.12823552611552e-08 1.48344581951676e-08 9.03604302493477e-09 3.45734352258376e-09 1.58046497000797e-09 5.72830870515517e-09 1.27374221725596e-08 1.30575484758033e-08 1.00887325604759e-08 4.1315170284939e-09 1.84540445147263e-09 6.74054201343921e-10 5.4229981616416e-10 8.20252898936502e-10 1.42644365208611e-09 2.25532830189223e-09 1.24993074779312e-09 8.71710570393702e-10 8.23550161399567e-10 7.47519801613805e-10 1.00426169602486e-09 9.99684768299147e-10 9.28822785351002e-10 1.04962776248385e-09 1.128249571547e-09 1.09191837793787e-09 1.34476805246919e-09 1.4706213913307e-09 1.70629274043321e-09 1.61591642289238e-09 1.25510120074779e-09 1.74283129039665e-09 1.83044752688488e-09
1.35207501528178e-08 1.6319450457658e-08 1.7557544462754e-08 1.75095852594787e-08 2.18079088232237e-08 3.61725510766853e-08 3.73726082081305e-08 5.0715912935928e-08 6.08077501684789e-08 3.16645222153689e-08 1.48805240463012e-08 2.98810882148892e-08 3.55090822301563e-08 1.66821619962398e-08 7.01806426306462e-09 3.03567136983318e-09 1.96786122952375e-09 2.30666117317924e-09 4.08024358744541e-09 6.38166837152454e-09 5.97063144480714e-09 4.50427422027388e-09 2.94859063831865e-09 1.93118383506885e-09 1.41592683133851e-09 1.64122616608253e-09 1.40379498025922e-09 2.16830874366636e-09 3.89821828150616e-09 2.71822695463442e-09 2.9818256419567e-09 1.25540698947546e-09 1.59266744237385e-09 1.92737187321157e-09 2.00154325336044e-09 1.74048155887618e-09 1.75932657331401e-09 2.08774870724682e-09 2.35989943142556e-09 2.19032639803274e-09 2.22281293371651e-09 2.55038367091842e-09 1.62028638284184e-09 1.23131281837274e-09 1.77685549607176e-09
1.4372898515802e-08 1.62924388646957e-08 1.59800123911147e-08 1.66343694374405e-08 2.58328928803842e-08 5.69387329618642e-08 8.04291667155788e-08 8.97544915723358e-08 5.56115030247994e-08 3.20243201734627e-08 3.43646022638033e-08 2.90711554162826e-08 1.89134160666349e-08 1.10637139782988e-08 8.2964073833125e-09 8.29631123799857e-09 6.04773706669448e-09 4.81632662641118e-09 4.24165104151442e-09 4.34895928158596e-09 4.87595638309912e-09 4.53666803013064e-09 4.2583861326051e-09 2.938012866327e-09 2.35063826181658e-09 2.62603231382386e-09 2.8987269140579e-09 2.47117866170044e-09 1.66912527133078e-09 1.79519137333273e-09 3.46936261941266e-09 7.26605341450082e-09 5.61086817008061e-09 2.77876051058001e-09 2.64674263616982e-09 2.8650642303063e-09 3.68712177456487e-09 4.27378589185068e-09 3.00801291652775e-09 2.14821562760648e-09 2.17590139239832e-09 2.42842962405732e-09 1.97321835537778e-09 1.84056848651082e-09 1.5933489083686e-09
6.11401940187051e-09 1.3986346170114e-08 2.19167257120567e-08 2.65824972034423e-08 3.33611234526465e-08 5.70073903305435e-08 7.19088900091869e-08 6.42733778977167e-08 4.98495444478664e-08 3.89491379260143e-08 2.32844506009577e-08 1.77235031428857e-08 7.80464296523675e-09 6.67190825920372e-09 7.0025881426794e-09 5.85591957147358e-09 6.81993405082792e-09 8.05517245128229e-09 6.2102998521496e-09 4.10500038405814e-09 5.02131950463891e-09 7.35862152323463e-09 7.80510780451493e-09 5.80236596547934e-09 4.44567738178137e-09 5.64349397214059e-09 5.08620824346551e-09 5.79330582395343e-09 5.88937036916093e-09 4.34018326833652e-09 4.5449562224853e-09 7.72698434126084e-09 7.02261720997299e-09 4.94660804539748e-09 6.89321453251068e-09 5.50976503310707e-09 4.84975547498934e-09 2.96648358100171e-09 2.55177682317864e-09 2.12823041412236e-09 2.04702411688018e-09 2.08087297393078e-09 1.7863472034918e-09 1.90733371319141e-09 1.7531035956253e-09
5.10970292744162e-09 9.16456716071323e-09 1.239544961118e-08 2.33112951830705e-08 2.87284163125179e-08 4.23032003427082e-08 4.63837554587343e-08 2.56609208659775e-08 2.57581547091768e-08 3.70580369613016e-08 2.24880197685629e-08 2.08202652007827e-08 1.03387026273438e-08 7.43971882988248e-09 5.75629226506891e-09 4.00692838908867e-09 4.24535790966019e-09 4.38975678029863e-09 7.17857706611369e-09 8.2292159198083e-09 8.55141329969555e-09 8.34765101487278e-09 7.94559640304726e-09 1.05368705982656e-08 1.13489022735003e-08 1.05918144588379e-08 1.01900635485208e-08 8.76353808410002e-09 7.98613359886957e-09 5.95426568050783e-09 5.16632280289642e-09 8.5183229914243e-09 1.47786929693972e-08 1.59176815062168e-08 7.06101644931678e-09 5.32686204035571e-09 3.6213662291118e-09 2.69014823750524e-09 2.15922312252204e-09 1.88131877854048e-09 1.90531447286091e-09 1.79858118398712e-09 1.36289790564348e-09 1.34594904110941e-09 1.56263861850192e-09
