Scripts_&_data/Maxent_result_files_2/B_schrencki_3.asc
NCOLS 594 
NROWS 330 
XLLCORNER -15 
YLLCORNER 23 
CELLSIZE 0.166666666666667 
NODATA_value -9999 
[rows 140 to 159 of 330, columns 135 to 179 of 594]
-9999 -9999 -9999 -9999 -9999 -9999 -9999 -9999 0.00127861877117539 0.00119939292944764 0.000628795268130489 0.000811897755920654 0.00297974095446989 0.00167181348369922 0.000744558639416937 -9999 -9999 -9999 -9999 -9999 -9999 -9999 -9999 -9999 -9999 -9999 -9999 -9999 -9999 -9999 -9999 -9999 -9999 -9999 0.00846362372249132 -9999 -9999 -9999 -9999 -9999 -9999 -9999 -9999 -9999 -9999
-9999 -9999 -9999 -9999 -9999 -9999 -9999 -9999 0.000208761330992502 0.00011839588564726 0.000141671274110422 0.000102779200659597 0.00700334687135182 0.000726947498151276 0.0018842800607672 0.00131683241961582 -9999 -9999 -9999 -9999 -9999 0.00491346420894843 -9999 -9999 -9999 -9999 -9999 -9999 -9999 -9999 0.101660925615579 -9999 -9999 -9999 0.0333828396163881 0.0125144763966091 0.0824520017951727 -9999 -9999 -9999 -9999 -9999 -9999 -9999 -9999
-9999 -9999 -9999 -9999 -9999 -9999 -9999 -9999 0.000478898283745366 0.000300393350289596 0.000728932766378421 0.000204217347857139 0.00326749276136979 0.00398047881899402 0.0038683670485625 0.00276234138873406 0.00543826810317114 0.00908911197911948 0.0141919298912399 0.00995904916781001 0.000599292296828935 -9999 -9999 -9999 -9999 -9999 -9999 -9999 0.0952664276584983 0.048884729668498 0.0169227378675714 0.0281067838426679 0.0662695105187595 0.0242552149109542 0.00690776627452578 -9999 -9999 -9999 -9999 -9999 -9999 -9999 -9999 -9999 -9999
-9999 -9999 -9999 -9999 -9999 -9999 -9999 -9999 -9999 0.000811731428984785 0.00636903517879546 0.0050312208768446 0.00529758413904347 0.00592476459569298 0.00212342061131494 0.00361372156767175 0.0100931591819972 0.0120297012268566 0.012750176503323 0.0105170034163166 -9999 -9999 -9999 -9999 -9999 0.0165285002207384 0.0125208213692531 0.00272815358403022 0.00177547489874996 0.0571440328843892 0.0150990221649408 0.0199958154000342 0.0196278606075794 0.0055375786148943 0.00849555089371279 0.0382842573802918 0.116760977730155 0.0722910655662417 -9999 -9999 -9999 -9999 -9999 -9999 -9999
-9999 -9999 -9999 -9999 -9999 -9999 -9999 -9999 -9999 0.000378561785782949 0.000129766640998241 9.29239747279098e-05 0.00309621969354339 0.00205664339591749 0.00219025314145256 0.0335402067750692 0.00412969561875798 0.000998540679574944 0.000354146346671769 0.0568731963634491 0.00573925493808929 0.0127427688101307 0.00928215425810777 0.000919839937341749 0.00462178412126377 0.0187871762784198 0.00921380297513679 0.0422159877605736 0.0054024396231398 0.0172261313069612 0.00367053064983338 0.00771191061940044 0.0349350737407804 0.0313096224330366 0.0335281162988394 0.00508001818088815 0.083959099650383 0.0809780113399029 0.123883749358356 0.0430761728435755 -9999 -9999 0.0991438005119562 0.0769050387665629 0.076328175701201
-9999 -9999 -9999 -9999 -9999 -9999 0.00191814575664466 0.00656866474892013 0.000254899559604382 0.00249528168060351 0.000260281670125551 8.36005390226546e-05 0.000223428328399677 0.00234521297825268 0.00552309928461909 0.00611769014503807 0.00310532458825037 0.000497475123120239 0.00778536825673655 0.0199354174546897 0.0141914797364734 0.000819880669587292 0.00343207264668308 0.00594769844901748 0.0376340684946626 0.0728668712079525 0.0816661115735769 0.0346904492005706 0.153135645389557 0.0584865562617779 0.0336130897514522 0.0389383330009878 0.0141995931509882 0.0107907093828544 0.0750043025240302 0.0463496529962868 0.0467290104366839 0.0249082237947732 0.432799135148525 -9999 -9999 -9999 0.0603695299942046 0.149241205304861 0.0777177266776562
0.00233233701219433 0.00122726323315874 0.000123653619539255 0.000483943414565147 -9999 -9999 0.000829024140512047 0.00676906937151216 0.0124805169762112 0.00277244418975897 0.00237255031242967 0.000392957209260203 0.00538444803678431 0.0128100716043264 0.152992755593732 0.262850438896567 0.0161521250149235 0.00937426427844912 0.0169316557934508 0.022348462510854 0.0413281382992864 0.00674709234153852 0.0188292459584773 0.0417878046631813 0.0578945808112621 0.0834293261170387 0.0647122899070382 0.105879694968462 0.235604188591242 0.400000008940697 0.0474944977089763 0.0341660708189011 0.0198578995186836 0.00892134853638709 0.13426842354238 0.108146128430963 0.109484790638089 0.305113679915667 0.305600991845131 0.260222201049328 0.320806448161602 0.486858987808228 0.244726561754942 0.184747488051653 0.162342184782028
0.00316308804322034 0.00285531431873096 0.00137124705142924 0.00030332847804857 0.000275705178549401 1.21820392919858e-05 0.00117694871805725 0.00657781620975584 0.0159076285082847 0.00382610601955093 0.00652769824955612 0.00462297014310025 0.00383146508247592 0.0113611896755174 0.0302372009493411 0.0207348971627653 0.00753394629573449 0.0113134975777939 0.00665327506139874 0.0132837229175493 0.0196775710908696 0.0185521637089551 0.0295114617794752 0.0511224446818233 0.0576180972158909 0.0239197986200452 0.0251866740174592 0.0311424813233316 0.0451220769435167 0.0511419137939811 0.00811998945428058 0.0510360491462052 0.592027905583382 0.259005405008793 0.297344741970301 0.186861634626985 0.0762848317623138 0.0205427632201463 0.00610099378973246 0.206292227096856 0.0778714504092932 0.0789345595985651 0.393100701272488 0.35130572617054 0.570545974373817
0.00132624320685863 0.000132154048151278 0.0014745259002666 0.00277916652557906 0.00247393576573813 0.000385697683486796 0.00935074940789491 0.00672608755994588 0.00147532100090757 0.00281645673385356 0.00276957330934238 0.000696660198445898 0.00414389476645738 0.0117948673199862 0.0197940685786307 0.0123872975585982 0.0392403792589903 0.0599790968000889 0.0255293407011777 0.0275950740091503 0.0394119065254927 0.055640671402216 0.239802447706461 0.050541695766151 0.0763567205518484 0.00525436328025535 0.0258131859824061 0.0332897403277457 0.00573510795366019 0.0279916609637439 0.256633947044611 0.226254639029503 0.314246171712875 0.371708405017853 0.40289249420166 0.442739114165306 0.459838388860226 0.276370180398226 0.140316519886255 0.197079136222601 0.0887324649840593 0.193781799077988 0.175226433575153 0.203007259219885 0.0150862647453323
0.000361175286889193 0.000448939351190347 0.000131102274099248 0.000602621005964465 0.00608213710365817 0.00270416485436726 0.00132829021604266 0.024543293309398 0.0182552693411708 0.000247674955971888 0.00601280810078606 0.00914333295077085 0.00672027597902343 0.00847288023214787 0.0179484725464135 0.0263270733878016 0.0275838342495263 0.0317548702005297 0.00845739817013964 0.0836119467392564 0.119665212184191 0.0281073541846126 0.0895084466785192 0.268465081602335 0.128612802177668 0.0321959849447012 0.0535725399851799 0.00848362444667146 0.071575752645731 0.0953111123293638 0.566831892728806 0.503057888150215 0.328713493049145 0.181584970653057 0.371644853055477 0.347098886966705 0.447215041518211 0.478119730949402 0.27692204862833 0.0879237269982696 0.217972056567669 0.34238877594471 0.408372466266155 0.323992383480072 0.0763499174267054
0.00271202818548773 0.00247066351876128 0.00280625831510406 0.00245337269443553 0.0039758411294315 0.00338417109451257 0.00366444971296005 0.00264517913456075 0.000464581827691291 0.000252572335739387 0.00326946548884735 0.00757834906689823 0.0104677303927019 0.00933809543494135 0.0203927896916866 0.026084947027266 0.0831851966679096 0.0748742040246725 0.0375752748921514 0.0131083705695346 0.0687045816332102 0.0300717602483928 0.0153389935381711 0.160558249801397 0.159436486661434 0.034891095943749 0.0865167267620564 0.138717495650053 0.0951954714953899 0.0769973132759333 0.112332277745008 0.0653677297756076 0.198527854681015 0.52978088259697 0.0484560541808605 0.179195532947779 0.692513608932495 0.373344092071056 0.251220828294754 0.299832075834274 0.47220798432827 0.248120057582855 0.341422860324383 0.41436183899641 0.335110695660114
0.00221675475186203 0.00101592209830415 0.000230013942746154 7.38876419745793e-05 0.000101225599610189 0.00208460023277439 0.000189974431850715 0.000134750552751939 0.00194784362392966 0.00222746963554528 0.00321284701349214 0.0126026813872159 0.0160357487853616 0.036024668905884 0.0315138411708176 0.0252713792026043 0.0287065922282636 0.103232870995998 0.0257575254887342 0.0246880671009421 0.0383699894882739 0.0426471101120114 0.0305347979534417 0.0290581166278571 0.0070478409412317 0.00545998107409105 0.00309865628369153 0.123414636030793 0.0203751064371318 0.0958730462938547 0.0936784077435732 0.0245449026115239 0.0995019804686308 0.148196909576654 0.382342983782291 0.179088249802589 0.380858501791954 0.293663123250008 0.186206237971783 0.0971977651119232 0.247802968323231 0.723154431581497 0.675692594051361 0.800751936435699 0.447780919075012
0.00127127017767634 0.00335220044362359 0.00106570671341615 0.00167286614014301 0.00143385040428257 0.000196901016352058 0.0050837047630921 0.000406941302207997 0.00141052251856308 0.00520082816947252 0.010256668436341 0.00628304049605504 0.0158474841155112 0.031822264380753 0.0237990189809352 0.0171755437739193 0.00800563350785524 0.0173320655245334 0.0303574472665787 0.104471414908767 0.091066881082952 0.0215897460468113 0.161855617910624 0.0389939686283469 0.0640389339998364 0.00687079203780741 0.0285548011306673 0.122199894115329 0.237193481624126 0.126659348607063 0.121532553806901 0.0966755300760269 0.0244120050221682 0.124777348339558 0.869843733310699 0.442834576591849 0.0317285833414644 0.116377391293645 0.197903920710087 0.170704945921898 0.34961399435997 0.00607255240902305 0.347427643835545 0.219948146492243 0.735036343336105
0.000104555218058522 0.000177118161809631 0.00291912483517081 0.00230570501589682 0.000962553368299268 0.00151535925542703 0.000973889471788425 0.00433983429684304 0.00174350955639966 0.00466489507816732 0.00193568390386645 0.00277263619354926 0.00791728518670425 0.0819142813561484 0.0156920100096613 0.00902990908361971 0.00061922032982693 0.014779992448166 0.0160331087652594 0.0280977821908891 0.0110644647618756 0.0190904525807127 0.0414697784930468 0.331625643372536 0.0737869407981634 0.163140807300806 0.157957033813 0.146597773581743 0.11581092402339 0.196749678999186 0.10034337118268 0.0546929920092225 0.0905179716646671 0.454567047953606 0.458021867275238 0.0465760562801734 0.667792072892189 0.67080894112587 0.491188576817512 0.246965596079826 0.431393238902092 0.100243018567562 0.187393643707037 0.429396861791611 0.562327742576599
0.00290529330086429 0.00167053838522406 0.00239052053075284 0.0103154455893673 0.00109719680913258 0.00302668235381134 0.00190830497886054 0.00190183889499167 0.0078045315342024 0.00350007562083192 0.00447732345783152 0.00509035934810527 0.00591498742578551 0.00106612051240518 0.00069698549759778 0.000350763351889327 0.000372801786306809 0.00190750602196204 0.00922261606901884 0.0136261660372838 0.0162059948779643 0.0287410649470985 0.0982454542070627 0.0374639688059688 0.0560031358152628 0.0533667970448732 0.132660300284624 0.295325031876564 0.104918205365539 0.279210166633129 0.149930241703987 0.146258641779423 0.194940080866218 0.188761208951473 0.0752151953056455 0.100426159054041 0.375267897546291 0.428590600192547 0.373627921938896 0.303592886030674 0.483546820282936 0.474796453118324 0.799757754802704 0.547558245062828 0.922682023048401
0.000450749618175905 0.000599139740370447 0.000494326891930541 0.00116551316168625 0.00149270051479107 0.00150006743497215 0.000388140732411557 0.00103746532768128 0.00135368535411544 0.00209768432250712 0.00439165590214543 0.00397383325034753 0.00313038134481758 0.00181599323259434 0.0104895180324093 0.00588671714067459 0.00791378365829587 0.00859173119533807 0.00703396456083283 0.0110300374566577 0.0146741764736362 0.00252415144932456 0.0277312511578202 0.00334154793526977 0.00413143219921039 0.0567018240690231 0.0251825258601457 0.0358267644420266 0.229148592054844 0.0939816184341908 0.122484542056918 0.145980057120323 0.178518334031105 0.586256809532642 0.571458810567856 0.60419028699398 0.812207421660423 0.391519170254469 0.559974554181099 0.441995599865913 0.453610077500343 0.803330969810486 0.647206220030785 0.231326758861542 0.882832360267639
0.00630498627433553 0.00162284482066752 0.000136506088301758 0.00023411872671204 0.000199774667999009 0.000148883174824732 0.00642092785565183 0.00283121895045042 0.00271703524631448 0.0015966729275533 0.00300499868462794 0.00325081616756506 0.00393885357771069 0.00579639979405329 0.00358750494197011 0.00500253454083577 0.0180342619307339 0.0170195489190519 0.0262362453620881 0.0118357411120087 0.0131909136893228 0.0118100025458261 0.0205574451480061 0.014349122880958 0.00223547169007361 0.00190542144700885 0.0749835947528481 0.0380898678675294 0.154703405499458 0.141248448938131 0.20301860421896 0.0652241796255112 0.155785764381289 0.102985840290785 0.327972839772701 0.387637957930565 0.372393584251404 0.0816346324980259 0.157287287712097 0.476362124085426 0.404001666605473 0.228514064103365 0.357792429625988 0.281676422059536 0.834787738323212
0.000952428781602066 0.000148193583322609 0.00129692415612226 0.000699602111490094 0.000180438138704631 4.93865577254837e-05 0.000112782051928662 0.00341680281562731 0.00171118407743052 0.00314448995050043 0.0038304949994199 0.0044497124152258 0.00364899541600607 0.00528966054553166 0.00471334839821793 0.00990337554831058 0.0239886752329767 0.0119099789299071 0.0020925290620653 0.0289788343943655 0.0156141226179898 0.0860650900751352 0.100642086565495 0.0125253730686381 0.00228771044639871 0.00262768708053045 0.00301791607053019 0.0019266689196229 0.127438659965992 0.217420960962772 0.182026094198227 0.0872511018067598 0.0354456349276006 0.290569612383842 0.0574179753661156 0.410185082256794 0.440238761901855 0.307260486483574 0.295059013366699 0.213354878127575 0.305030912160873 0.225038932263851 0.112098262086511 0.482641203701496 0.482078829407692
0.0299333606380969 0.000775704718398629 0.000516016558140109 9.69441365668899e-05 9.81468628197035e-05 0.000507747635492706 0.000751971532008611 0.000830236363253789 0.00320752796833403 0.00290692570852116 0.00259110240731388 0.00777576970867813 0.00546209659660235 0.00577419593464583 0.00934306274866685 0.0172359043266624 0.00375228939810768 0.0118845115648583 0.0143161260988563 0.0534401871263981 0.0479523892514408 0.019230653019622 0.0799687091261148 0.0656456852331758 0.00252264221198857 0.00527625767281279 0.00566791968885809 0.00204939171089791 0.0141736078890972 0.095613943785429 0.111061708629131 0.155671495199203 0.0744499195367098 0.127811105549335 0.0813681706786156 0.257242529094219 0.33554929047823 0.211607353389263 0.290427652001381 0.144454257562757 0.0613863667473197 0.464577594399452 0.487512132525444 0.483476313948631 0.747878813743591
0.00642910675378516 0.00362544840900227 0.0019814411556581 0.00203244592121337 0.00176265647460241 0.0026713360712165 0.00128107783675659 0.0020164932764601 0.00435823751031421 0.012311396934092 0.00872612510574982 0.00742074967129156 0.00829960154369474 0.00596643624594435 0.00820144079625607 0.00582377125974745 0.0037265763443429 0.00426113069988787 0.0072771274484694 0.0104685808299109 0.0674663174897432 0.0376948734745383 0.002087170019513 0.0499627442099154 0.00482110953889787 0.00325292932102457 0.0347337752580643 0.00656064552895259 0.0351899898611009 0.00872525519807823 0.00278961784206331 0.0326080147176981 0.0586064388975501 0.111724259331822 0.0384093183092773 0.026424304023385 0.0723760209977627 0.266603174805641 0.379840779304504 0.382618948817253 0.257965581119061 0.506973041594028 0.097153333388269 0.402362847328186 0.391940952837467
