Scripts_&_data/Maxent_result_files_2/B_schrencki_2.asc
NCOLS 594 
NROWS 330 
XLLCORNER -15 
YLLCORNER 23 
CELLSIZE 0.166666666666667 
NODATA_value -9999 
[rows 80 to 99 of 330, columns 495 to 539 of 594]
0.000114131179230981 2.79977272157339e-06 0.00026084110684792 0.00233023017344749 1.00483800002937e-07 2.24261422598904e-07 1.72527674280332e-07 2.7418584824801e-07 3.09284694766099e-07 1.16101314007189e-08 1.40188076369618e-08 1.13589935712977e-07 4.91100761337293e-06 6.84516626603404e-08 1.52113399343179e-07 4.25418345795236e-07 2.24835317252925e-07 1.73607535913778e-07 1.68113540621739e-07 7.15870728473789e-08 1.48931772914196e-07 8.91898048416273e-08 1.27355270707064e-07 1.62685130589146e-07 4.14456750919001e-08 6.80129749297542e-08 6.32693279212226e-08 5.98565946141605e-08 1.78083783993088e-05 1.81976076207846e-08 4.27495435606495e-08 1.05488937229836e-07 8.37340404458153e-08 8.22975961378702e-08 1.57211830631443e-07 3.79613477541341e-08 3.42823627152988e-08 2.20744235002179e-08 8.98849171648841e-08 1.44780258748423e-07 1.63190305813021e-07 6.44082875256302e-08 1.02474314067624e-07 1.25783650006817e-07 3.14084139030335e-08
0.000139305372726994 1.83022656756293e-05 0.000866043077121503 7.22417137444253e-08 1.48561330234998e-05 0.000785627691766422 0.00102090822369973 1.01625029846897e-07 8.18554634629542e-08 2.04137856141262e-07 2.0798392719179e-08 4.32655440363305e-08 5.59548956169387e-08 8.04372840113032e-08 2.22489452361696e-07 4.14468404414947e-06 6.79093402289333e-08 0.00139343490677675 7.06987376974944e-08 2.6362285243664e-08 1.25031021924737e-07 1.16936980332216e-07 4.27418590964734e-08 5.65165997223893e-08 5.24292041559349e-08 0.000765327214662648 0.000491205288926722 0.000279664364001064 7.0503030758573e-05 8.03296541507237e-09 6.28413782677306e-08 1.18981423025133e-07 9.95216076993266e-08 7.7618407212654e-08 6.73782251880972e-08 2.58752747894775e-08 3.2375841817478e-07 4.03992401087905e-08 6.81149476156051e-08 8.96256255877859e-08 5.17001149891172e-08 1.18110557445483e-08 3.65413962644112e-08 7.12946378822466e-08 2.72685373281512e-08
0.000223235244675379 0.000204900918197382 0.000563753271399037 3.22039261702045e-08 9.26444975624108e-08 1.94258248376045e-08 2.16511795803065e-07 0.000303791184842339 0.000391581543385655 0.00102144296142797 0.00036986273612456 2.4833772919175e-07 1.02625435871584e-07 1.58439212194494e-07 2.92535820278772e-06 6.69240065587218e-09 3.78697917691184e-08 5.11155245463968e-08 3.52463852326679e-08 3.8935802482154e-08 7.4579063591429e-09 5.612541058575e-08 3.26455896185962e-05 3.76643722432846e-08 7.98704763438352e-09 5.88339882142463e-05 8.38972658982584e-05 1.74178032441574e-08 6.86153436390668e-05 3.02973764743086e-08 2.31750671875197e-08 3.87298991100238e-08 4.66869092496935e-08 1.62470662368186e-07 3.43369024990992e-08 3.46814957641328e-08 2.81543009239549e-08 2.87386938135903e-08 8.11840854098023e-08 2.70851806094541e-08 3.54111246281263e-07 9.5234588992632e-09 1.91683770189854e-08 5.57903319320374e-08 3.27941583333491e-08
5.55318508432823e-07 2.98024501068639e-06 3.94497977695973e-07 0.000216524757536263 0.000186801835229744 6.5267297666427e-08 6.30169449152618e-05 7.47232806787679e-05 7.59202051483498e-06 0.00022317203372495 7.12274896557119e-06 0.000124538808586294 0.000609497216487398 6.78842568824223e-09 1.27664481763823e-08 3.65915184818988e-09 1.50660622866283e-09 2.64934174598608e-09 4.34231502977056e-09 2.11203059485854e-09 1.21630564667186e-05 6.10678746459925e-09 3.25694781144747e-09 1.69897900637039e-08 7.49331766525252e-08 6.10853714833048e-08 8.98766117640726e-08 0.0011105498171446 1.17392325094112e-07 4.07463934815055e-08 8.22763734920073e-09 1.96081773817802e-08 2.68655995672162e-08 5.55185432737915e-08 6.90839407679888e-08 1.20882068910255e-08 5.97234799282198e-08 1.87635023918276e-07 1.22719678852246e-07 7.76947241654113e-08 1.72099768491751e-07 4.12907254943029e-08 5.47084944346743e-08 4.65378086955681e-08 3.68200610667557e-08
0.000198669612595381 1.92353779193688e-07 2.36310014345431e-07 6.19185482730877e-07 3.49031795671806e-05 1.04697675435972e-06 1.59723745896123e-08 1.01839057187192e-08 2.39604837415364e-08 6.03111588702632e-05 1.59292605907524e-05 9.45222839021653e-07 5.3019685019251e-06 1.19291018805256e-06 6.89976751289123e-09 3.98174757609837e-09 1.07974297280933e-09 8.85236695058467e-10 2.21190985527642e-09 9.46538669666097e-10 2.52917821130794e-09 8.80100223810132e-09 6.47375054674271e-09 5.91610768152506e-09 5.25289347574898e-09 5.85596966473645e-09 2.66906699519787e-08 1.86187847917019e-08 1.63168219047272e-08 2.04474980503022e-08 5.80369524438851e-08 1.99582791182706e-08 1.99288978652845e-08 6.33585148790416e-09 6.50223651588178e-09 2.53193624955017e-08 1.37421031976004e-07 3.62660234620726e-08 4.56991163577669e-08 8.08599938673105e-08 8.64628581842552e-08 1.26502139641271e-07 3.93467318537954e-07 1.8923157303341e-07 8.40247190603272e-08
7.40159376277916e-05 4.84431211077663e-05 2.40151933518007e-05 8.855795718965e-09 1.63136538611219e-08 2.763745565737e-09 1.53612981224072e-09 2.14265051257101e-09 7.30830476136646e-09 4.24025797807204e-09 2.07628568782425e-09 4.33195470606051e-09 9.28696374247195e-09 3.55486713345954e-06 6.10288993982522e-05 1.2646095704838e-06 2.71638047610878e-09 1.50059314973916e-09 3.6358585475682e-09 1.9094163805633e-09 5.12800431007321e-09 2.59139710800937e-09 1.88462807582113e-09 2.25432833511618e-09 2.2581994052473e-09 8.35279566624436e-09 9.18411923178653e-09 1.16315199250039e-08 1.31348548371157e-08 5.12697065913059e-09 1.28786081909915e-08 3.69801136379522e-09 1.56105161130959e-08 1.05167841768505e-08 2.66228205036967e-09 3.4038652674262e-09 3.1279685508423e-09 1.84173208905847e-09 1.15796871869023e-08 3.25134575929198e-09 2.86421138140369e-08 2.74878268813339e-08 4.11249456711005e-08 9.20674082194317e-08 2.54754291439951e-08
2.6593404356845e-05 1.09001419668076e-08 3.01014820847101e-09 4.2699085933684e-09 9.78824710173853e-09 4.41250368851343e-05 2.40084088942716e-08 4.32422839868885e-08 4.5277549503453e-06 0.000154282158206343 8.21793888690081e-05 6.94815567303664e-09 3.12438397376269e-09 5.13296536386321e-09 7.95542753895262e-09 3.33068200797371e-09 2.73420405235925e-05 5.69677821582459e-09 4.53926136678717e-09 8.41731989664751e-09 1.83680366472316e-09 1.16884426581976e-09 1.5516982365682e-09 1.12143185848623e-09 1.0679617967746e-09 2.38506172589581e-09 4.38728321450199e-09 2.805644594428e-09 6.0737520595211e-07 7.58791173227635e-09 8.71773037092183e-09 1.90340736838657e-08 1.40068076692756e-08 1.26093741004141e-09 1.76598151657714e-09 2.05886278026313e-09 4.03451340114103e-09 2.74534814881378e-09 1.55612447464648e-05 2.61806753201199e-05 3.14555229863345e-08 9.10537711895643e-09 3.73982456780553e-08 3.32516334381694e-05 9.40971255358747e-09
0.000438912782374246 0.000231995188005385 5.92873185041753e-05 3.01557027313493e-06 5.01802384200722e-08 6.84987623117195e-05 0.000170415542925184 0.000707271870123805 0.000125103249274616 0.000951574932696531 0.000378062001982471 6.18653763979182e-05 0.000350077106759272 9.89322278996951e-05 0.000104594624485799 6.14119112128719e-05 1.77177700038555e-05 6.8169895655501e-05 1.39149655131732e-08 1.71305732180826e-05 6.25877486504223e-09 2.54856704628992e-09 9.89855752919766e-10 1.1541116506919e-09 1.08318968239374e-09 5.60954521020562e-06 4.9278657279217e-06 9.83935039755579e-06 1.51111985402963e-05 2.15113435558578e-05 4.17815002265343e-05 1.58049527909654e-09 5.42460035779513e-09 4.35165409662375e-07 2.82802186113429e-09 3.8138700531043e-09 8.35843437343442e-06 1.648280523181e-09 5.64332179919802e-07 6.58961021908766e-06 2.48116465684234e-06 1.08561826024811e-05 5.90688790103044e-09 8.8954852928147e-09 8.73327938855084e-09
0.00136255916040682 0.000277133585427691 0.000683622723227018 0.000485521012160461 0.00032078393970778 0.000336156098603624 0.000196186872159387 0.000142150665431018 0.000325574382964078 0.00070792455553601 0.00093244290783332 0.000671132343268255 0.000244759434826847 1.91005019400947e-07 3.93683201536987e-05 1.81473726684089e-05 5.58113916213188e-05 5.10980142642836e-09 4.39035700310342e-06 1.71357669165317e-09 7.17303652031376e-09 4.40573781901321e-09 1.37881557229491e-06 2.50459147466131e-06 2.81822949421695e-09 1.10373424444532e-07 1.20587970712904e-05 1.68588593595587e-05 4.69016064243988e-05 1.32611559866547e-07 9.91283621853967e-10 2.62872779099865e-09 1.20030325412301e-07 4.1181017778058e-06 1.42360939703323e-09 2.26509974110556e-09 8.17429030064432e-07 2.1717674624e-06 8.19600443833224e-06 4.05618940817476e-06 9.91436294519588e-06 7.68568129956293e-05 0.000151126516175282 5.89540578577186e-09 1.83417950827547e-09
8.25222147796012e-05 0.000559090235765325 0.00134526680412819 0.000561024223316053 0.000577629276540392 0.000117874659031258 0.00013790079053706 0.00113501365767661 0.000232855469221249 4.75851895220814e-08 1.46865917760586e-07 2.31891549307139e-07 1.09182083940507e-07 7.44927634244164e-08 2.05702054389967e-08 7.1480050434225e-09 4.79286069721141e-09 1.58718729270646e-09 5.21755483262609e-09 5.76139895791528e-09 1.98750808033665e-09 2.14629943817712e-09 2.65485207151528e-09 1.54118718898033e-09 1.78407504325406e-09 1.56649235805162e-09 1.30580162256422e-06 2.76336401270783e-05 8.35968530367381e-05 7.02433919919088e-09 9.42687006233456e-10 2.16624254090192e-09 2.53701927244165e-09 2.14544403354111e-09 2.12413803213352e-09 1.21167056388316e-09 2.23686436040538e-09 4.17302138400188e-09 3.0233264780577e-09 2.74637004249456e-09 1.3511758822915e-09 2.0234801834107e-09 2.3936348791942e-09 9.89883108815093e-10 4.66639835661198e-09
0.00462262592627667 0.00151671215171518 0.000488176040289545 0.000480736942699878 0.000194909616902805 0.000109467026231869 0.000237146827475954 0.000138224164811618 0.000140705253761553 8.11325065868118e-06 1.6969559712976e-08 9.2035586818362e-09 4.03027195616801e-08 1.32583803824637e-08 2.20394584804495e-09 6.77851059727175e-09 1.36785641702275e-09 1.37149492873689e-09 3.05268861300334e-09 6.43197860528133e-09 4.00468850303426e-09 1.94489637728168e-09 1.14119576011262e-09 3.99143474938413e-09 3.69478558859271e-09 1.85803534780149e-09 1.28481519867663e-09 5.67543776419654e-09 1.42684042010899e-05 1.98392142713999e-09 3.64710543987456e-09 2.46092182187851e-09 1.83630345373942e-09 4.62994190764121e-09 1.59965136692364e-09 1.20760760280447e-09 1.39024749490346e-09 2.16744084902132e-09 1.54154529141692e-09 1.6934139090985e-09 1.82353714350825e-09 2.26990413132455e-09 3.12527612678082e-09 1.9358120550983e-09 2.01900635099506e-09
0.000779559533111751 0.000588373289792798 0.000435942637705011 9.28239091081196e-05 0.000331602182632196 0.000330158288852545 1.82554008816282e-06 1.01336184776812e-08 5.85689196874739e-06 5.65617662706686e-09 3.80925692100575e-09 7.35683142067955e-06 0.000139970090896213 1.73237765133116e-08 1.72493083150371e-09 3.19749218213872e-09 2.85526419174786e-09 2.1975743780267e-09 6.19890355713082e-09 5.19744322025062e-09 2.58785909368342e-09 1.75793610779351e-09 1.72853736879475e-09 1.93705496087659e-09 1.70189655701591e-09 2.12930924003985e-09 2.09771410242254e-09 2.27702057209456e-09 2.3192337827993e-09 2.44809560401293e-09 2.38504636040915e-09 2.4808735843429e-09 2.28685312908539e-09 4.01055413323803e-09 2.11112165526828e-09 1.55546967528508e-09 1.66894400521755e-09 4.50774048088576e-09 2.26746141862577e-09 2.50920195732363e-09 3.76792632650336e-09 4.74807358985529e-09 1.99357809149703e-09 1.12924879447363e-09 1.10418713061833e-09
0.0024463727051625 0.000977635900198948 0.00348234089178732 0.000309751972781669 0.000722996623881045 3.51953190147469e-05 2.58432147347776e-05 1.88153212832276e-06 1.08835508716432e-08 2.40127875361651e-09 1.99705169068309e-09 4.43069428923692e-09 1.74572040156917e-09 3.3068485283394e-09 7.00903606265513e-09 2.01257863707838e-09 1.62270619163962e-09 1.81435386714668e-09 4.37425761168342e-09 9.04024795023162e-09 1.9583232702125e-09 4.02998063808724e-09 2.47258138408313e-09 1.96090681470196e-09 2.88488118949104e-09 2.30510630583325e-09 3.06030711882954e-09 2.69502768990293e-09 3.23968926130291e-09 3.27782367914864e-09 2.55238834512284e-09 2.45578948288028e-09 3.2158614327038e-09 2.92631698872725e-09 4.03653167557749e-09 4.67488966426899e-09 2.31254584370788e-09 3.13161262477379e-09 2.35060272357757e-09 2.55622069067485e-09 3.65259923418293e-09 4.05725810725954e-09 3.15036909892541e-09 2.2959259715627e-09 6.38067637614981e-09
0.000646230320853647 0.00869330403511412 0.00122453837902867 0.00094679152534809 0.000106818068775283 4.08821092491962e-05 3.00465480829182e-08 3.90314221931476e-05 5.80545215598249e-05 3.03540329538166e-09 2.58472739878002e-09 6.17136255431916e-09 1.00925652681383e-05 3.99309960652516e-09 2.93766962977671e-09 1.91156972562112e-07 1.39094470053003e-08 4.63999144661997e-09 6.02100439506259e-09 2.49677680752569e-09 2.49195911683486e-09 2.37654805834708e-09 2.14531290509967e-09 2.02011126715362e-09 3.11239584105394e-09 1.30815837828813e-08 4.15296564915124e-09 3.04840436227138e-09 2.7339195574072e-09 3.73919303298109e-09 3.03028373505043e-09 3.02856988376732e-09 3.58788559973178e-09 9.49004180483826e-06 5.66270652591072e-09 4.56568148843317e-09 2.45398680265296e-09 3.54777426325725e-09 2.65183434100535e-09 1.94924533181151e-09 2.62344030943495e-09 1.14929945893572e-08 2.24101354895367e-07 4.20199209871797e-09 3.60998104742549e-09
0.00137574315449456 0.000543618508345389 0.000131687204429909 0.000125475509594253 0.00011306444521324 0.000132018089061603 0.000195059609905002 0.000226353673315316 3.92516523334052e-05 0.000104488403320602 7.76402202973259e-06 7.35716078059667e-09 7.13303472394955e-06 2.76485916383962e-09 1.3196998649434e-08 3.1145397594301e-09 9.92132266341983e-09 7.05384247678964e-09 3.35197866130343e-09 2.28617745845483e-09 3.42092473237798e-09 3.0106592663337e-09 3.04727516553527e-09 2.77903625667264e-09 4.3411500283419e-09 3.18187748371557e-09 5.36099290515679e-09 3.03589654526704e-09 3.02789884276677e-09 3.13984603872441e-09 3.77702595866225e-09 3.23142077540695e-09 6.80673297726031e-09 3.63681692538975e-09 3.54437191818491e-09 1.11781724765336e-08 1.27768544966322e-08 1.13679186533489e-05 1.800884741332e-09 2.86468029297993e-09 4.30057330857991e-09 4.90794109797577e-09 5.03011029495681e-09 4.11550681311823e-09 2.75423064355351e-09
0.00254410324268974 0.00201500550028868 0.000157860054059711 0.000321857926292068 0.000685958174108237 0.000127618908936711 0.00234001288117724 0.000622179890115149 3.54690919039058e-05 0.000359646261495072 0.000117461887566606 2.00184324967267e-05 2.27967111186445e-05 3.72979151507025e-05 3.37161590948654e-05 4.49139266152088e-05 0.0001466640131639 1.8581551675112e-08 3.12298010785028e-09 3.07247650654929e-09 5.59289686785647e-09 2.78677354526025e-09 3.08628403944411e-09 3.39050033604238e-09 2.21108291675876e-09 2.63478426854036e-09 1.41759967542399e-08 8.9668939606824e-09 1.98750214064347e-09 2.1553681950337e-09 4.93322158678922e-09 5.55697383664011e-09 3.25577136361943e-09 3.34731894424678e-09 4.91128998580947e-09 3.07799536969355e-09 1.4419405103272e-08 1.26658911199229e-06 3.13648496064189e-09 2.49367950733159e-09 2.91842627841987e-09 6.79575388184972e-09 2.6085717363955e-09 2.64442299169332e-09 2.22659098936262e-09
0.00567027255892754 0.00456067937193438 0.0015581821964588 0.00161338889156468 0.000238593524954922 0.00038587589360759 0.00173454564683198 0.000440510720363818 0.000309640102750564 0.000248623116203817 0.000180732669741701 0.000125091715381132 0.000315467911605083 5.25313581192677e-05 3.49900851915663e-05 2.3309557570883e-05 7.22126690334335e-05 0.000391060419860878 6.86322084719748e-09 1.09539192272301e-08 2.0006795053984e-08 2.10228461305917e-09 3.53336936376181e-09 2.89573243161811e-09 3.01797360435785e-09 2.62520636340469e-09 2.4129785392013e-09 8.39732468005394e-09 1.58635916180927e-08 4.03320891129155e-09 2.46479432419733e-09 2.88261950975865e-09 2.96356790219221e-09 3.01083556975001e-09 3.34843189842005e-09 3.05795003763265e-09 1.87393115469447e-09 1.21126040641961e-08 6.95254527727229e-05 1.33359485587903e-07 2.02498668944173e-09 1.18010002864821e-05 2.81227047205235e-09 1.91694325968328e-09 5.57671192558118e-09
0.00306117680520401 0.00580175425857306 0.00835004262626171 0.0320974973146804 0.00787367508746684 0.00155913929629605 0.000445428106468171 5.39833924676714e-05 0.000257752014658763 5.18946129886899e-05 1.65628627655678e-05 4.37649261129991e-05 0.000649314012844116 5.33140021872214e-06 4.99210782711756e-09 4.48575074862845e-09 8.6000770170358e-05 0.000127436763966671 0.000421442068181932 1.85292016340099e-05 3.25873342376326e-05 7.56791643796717e-09 6.0425988768209e-09 3.37416102835775e-09 3.48323248022808e-09 3.16853984161369e-09 2.91672482832794e-09 1.16622863921556e-08 5.1481276019949e-09 2.4141903920416e-09 5.00606186504271e-09 2.9374564003426e-09 2.76729320569657e-09 2.93678060758751e-09 3.85796223856261e-09 3.29350912098292e-09 2.28733015861238e-09 2.77772159718026e-09 9.47693860053889e-09 5.24337446876189e-05 1.72189960707669e-05 8.02220953000088e-09 2.49435884169813e-09 2.51043603682888e-09 8.95337494144499e-09
7.48494019546797e-05 1.12730776550052e-05 0.00199462564505666 0.00326187375467271 0.0118099194252864 0.0117607984226197 0.00208193120197393 0.00130843064398505 0.000578653380216565 0.000166001928482729 0.000112280515077146 0.000151465194721823 1.5266541197434e-05 1.90573503729752e-05 6.35056942588363e-09 5.08902020811775e-05 6.38522539286868e-09 8.95737253586049e-05 0.000169829363221652 0.000368738243923872 0.00238971694052452 0.000110296627462958 9.63139546001912e-05 4.10844678953026e-06 2.6270182584831e-09 3.27091457252848e-09 5.22648023748573e-09 9.25422932729347e-09 1.37734901928255e-08 3.31305710643548e-09 2.58168150191196e-09 3.94460267783003e-09 2.63198425276556e-09 4.14052621078298e-09 2.86948742544979e-09 2.65572523971969e-09 1.8912570842744e-09 4.29707543162294e-05 2.79534433332174e-05 5.04694428471453e-09 5.67823932318134e-09 8.07369794642909e-05 2.36823807231445e-09 5.27954435725064e-09 8.21585183663487e-08
0.000448678012890014 5.7402540539897e-05 1.13362610765222e-06 4.95027156489414e-05 0.000128667479248179 0.00161796428146772 0.00562304814811796 0.0127606214722618 0.0243473592679948 0.000913085509455414 0.00066669284060481 0.000123932076530764 0.000594060080402414 0.000156941349064255 0.000167958237625498 0.000473208394214453 6.40096443476068e-05 0.000127686901032575 2.24499608947326e-06 0.000124781476438329 1.74100945571354e-05 4.919932644043e-05 3.25015868384071e-05 2.95863520477724e-05 0.000362891759868944 5.06373170594543e-05 8.07370691745746e-05 1.63428065746984e-08 6.0403216983751e-09 4.28136093244547e-09 6.51711267174448e-09 0.000132288254098967 3.21223092413447e-05 2.88801871803912e-05 6.19109611079693e-05 2.12873383190981e-05 0.000161010603642353 0.000123355802497827 6.55872429433657e-06 2.80188058830788e-05 4.44484506978426e-09 7.52207484026712e-05 1.78256016492018e-07 2.45079593526043e-06 1.01233273319679e-08
