Scripts_&_data/Maxent_result_files_2/B_schrencki_3.asc
NCOLS 594 
NROWS 330 
XLLCORNER -15 
YLLCORNER 23 
CELLSIZE 0.166666666666667 
NODATA_value -9999 
[rows 80 to 99 of 330, columns 225 to 269 of 594]
-9999 -9999 -9999 -9999 -9999 -9999 -9999 -9999 -9999 -9999 -9999 0.376905056834221 0.143516433797777 0.0901585556566715 0.113893361762166 0.130538823455572 0.333291871845722 0.313430000841618 0.386409793794155 0.242988451570272 0.111032574996352 0.120484441705048 0.0385461090132594 0.526226806640625 0.543555045127869 0.0941400824580342 0.00678966892301105 0.00299103654542705 0.0287443099194206 0.23274432849139 0.00640200917805487 0.0316374815505696 0.0153910600904055 0.00909049693400448 0.010699484723591 0.00574085057394313 0.0133688237898241 0.0181122274538211 0.00242026686998997 0.00327012223438032 0.00183764904178929 0.00649701212423679 0.0119401847587142 0.00284233429251799 0.00303666579825403
-9999 -9999 -9999 -9999 -9999 -9999 -9999 -9999 -9999 0.158965517580509 0.335434857010841 0.0888653888367116 0.0913031052798033 0.0622203058097512 0.0767511860467494 0.183457325771451 0.115662850439548 0.0822921704500914 0.358453957736492 0.264919634908438 0.105328582972288 0.26247483342886 0.131549476459622 0.255464895069599 0.110638562217355 0.00351142227882519 6.11502273244469e-06 0.000130178799031455 0.00291933458938729 0.00923105123802088 0.00862877906474751 0.0021773534019303 0.0123402888537385 0.0703793923836201 0.011633838398302 0.00890360613429948 0.00371270827868102 0.0247518448406481 0.066378029959742 0.00281604437437863 0.00261876596825914 0.0026486399933674 0.00155898527693807 0.000594043204377215 0.00126512901771321
-9999 -9999 -9999 -9999 -9999 -9999 -9999 -9999 0.690417620539665 0.370081247389317 0.0886887302622199 0.0730767411179841 0.0743684956803918 0.077656798157841 0.203650872409344 0.0699313833378255 0.074613387696445 0.0564409365877509 0.0897244485095143 0.356874676048756 0.103496075049043 0.0643219680525362 0.0557557267136872 0.187596218660474 0.0378088376950473 0.0441827386617661 0.0903040040051565 0.000868903563241474 6.89381191023131e-05 0.00254849109915085 0.0186993117094971 0.0356242726556957 0.0152874676510692 0.0167625254951417 0.0331097604474053 0.0410954399150796 0.0953558846144006 0.0392443174961954 0.0228034208346799 0.015097274085565 0.011177746487374 0.0155996605593828 0.000475906306985507 0.00196437833000118 0.00564342314337409
-9999 -9999 -9999 -9999 -9999 -9999 -9999 0.380478711426258 0.370285755395889 0.151280369982123 0.0888597324490547 0.187304635345936 0.154319639503956 0.300105820596218 0.0794110502116382 0.168901912681758 0.0788669897243381 0.231688003242016 0.214095841348171 0.0693752586841583 0.0538465227931738 0.0705684460699558 0.0366258509457111 0.0974099667742848 0.100080550462008 0.117578816786408 0.07951690107584 0.161882834136486 0.0551505563780665 0.091133014857769 0.110676084272563 0.0807324190624058 0.104432977270335 0.0162065953132696 0.0662849702406675 0.00568793101410847 0.0231135307927616 0.0758080570492893 0.0900334348727483 0.0021405129957202 0.00864965016371571 0.0174502953595947 0.0265618137607817 0.0126191707589896 0.00670184154041635
-9999 -9999 -9999 -9999 0.188452898804098 0.615854039788246 0.193074373155832 0.272298777848482 0.292075806111097 0.301448413729668 0.400091046094894 0.477759923040867 0.402170035243034 0.324393109977245 0.412679207324982 0.452419725060463 0.277564977109432 0.0904532086104155 0.138791801966727 0.178615248948336 0.051940314238891 0.103622669167817 0.0580864753574133 0.0802115216851234 0.0440874435938895 0.0792581921443343 0.055596612021327 0.0857940185815096 0.107133997231722 0.0721524180844426 0.0664799623191357 0.070960671454668 0.0569228548556566 0.219644018635154 0.119415348209441 0.20983881726861 0.189280616492033 0.161188511364162 0.111800948437303 0.0325559903401881 0.0256528682075441 0.0276147191296332 0.00223452418231318 0.00863826103741303 0.00266791412195744
-9999 0.36969920694828 0.641355973482132 0.791152757406235 0.288877540826798 0.155547726526856 0.22220695912838 0.149339424073696 0.12583983130753 0.173357100784779 0.279722105711699 0.274356053397059 0.231839793920517 0.432647120952606 0.0961334954947233 0.32193224132061 0.30106839761138 0.078557676076889 0.0896356265991926 0.0613034741953015 0.0559140540659428 0.0902425075881183 0.0484549798537046 0.125477923080325 0.0597258376888931 0.147229497879744 0.170530831441283 0.191363760083914 0.14738233499229 0.0449898634105921 0.0768805269151926 0.118775740265846 0.138751699402928 0.13276803009212 0.100929430499673 0.174373667500913 0.16504620462656 0.077979352325201 0.131572567671537 0.207015607878566 0.175419250875711 0.0739883711561561 0.0310610949993134 0.0577628467231989 0.0720779648050666
0.32987994402647 0.733861541748047 0.468576677143574 0.475204077363014 0.223486483097076 0.172467274963856 0.15571099743247 0.147164505720139 0.0662484312430024 0.0928817732259631 0.0765257191844285 0.0429589418694377 0.066407420206815 0.0247446784283966 0.163538588583469 0.398648092150688 0.391682808101177 0.344297152757645 0.133527497947216 0.0936547392979264 0.00332565847784281 0.0398945087566972 0.0574824343435466 0.054007233120501 0.230293463170528 0.171878292411566 0.0323923126328737 0.031175326090306 0.0437119657639414 0.188564920797944 0.0780414170585573 0.0695547981187701 0.133681591972709 0.244979410618544 0.119120246171951 0.237397636473179 0.249736929684877 0.123668113350868 0.119997337087989 0.0703242480754852 0.137556687742472 0.112203526031226 0.160788269340992 0.214337179809809 0.109866777248681
0.456471401453018 0.545901143550873 0.189582432061434 0.137359572201967 0.494305376708508 0.0974915578961372 0.0578290283679962 0.356753661483526 0.168036160990596 0.0417745323851705 0.269999878108501 0.197986013442278 0.147625970840454 0.123629881441593 0.248167607188225 0.281294294446707 0.292748628556728 0.0530343960039318 0.095473905839026 0.1922921679914 0.11614514477551 0.31687578111887 0.065426573343575 0.0814739285036921 0.0411341093480587 0.114463229104877 0.0676985802128911 0.0499577384442091 0.0607274767011404 0.13969918191433 0.0818086687475443 0.173297256976366 0.054258156940341 0.252481922507286 0.0279073856305331 0.215496427565813 0.327886755764484 0.24898533821106 0.250373768806458 0.0401470365468413 0.000314286802677088 0.00114953550946666 0.0102926518535241 0.0249802489764988 0.139078629948199
0.335295790433884 0.574272012710571 0.517391109466553 0.334474993497133 0.112026165798306 0.140151476114988 0.484946402162313 0.0568788541480899 0.353960292041302 0.105480143427849 0.086697955057025 0.0717932214960456 0.244898840785027 0.351369062066078 0.325427336990833 0.13876182846725 0.0895679779350758 0.367831215262413 0.0808217206969857 0.0245739209000021 0.0784686783328652 0.121691324561834 0.055714419670403 0.081486233882606 0.00565849452395923 0.0329752907156944 0.128817220777273 0.203046751767397 0.0106370076187886 0.0189343604259193 0.220048355311155 0.0670043217018247 0.105077246576548 0.0102404841803946 0.028503474406898 0.0730898405425251 0.160864889249206 0.195727498270571 0.0580191349145025 0.197376556694508 0.208817624486983 0.00235954490635777 0.00017416322561985 0.000201372157107471 0.000180885592817503
0.0944603146053851 0.454882356524467 0.639019358158112 0.520481085777283 0.382479913532734 0.158908239006996 0.0686721932142973 0.0939613135531545 0.322226044535637 0.336711572110653 0.135052333399653 0.0943186575546861 0.369135311245918 0.265995385497808 0.439088104665279 0.0531504982151091 0.0367012063972652 0.0788343913853169 0.0143636929104105 0.0396535027772188 0.0193940500263125 0.140370067581534 0.244641647487879 0.0665117897093296 0.00146175703412155 0.335581457614899 0.194183673709631 0.26108290553093 0.0300557423382998 0.0596444319933653 0.241245411336422 0.0127781958086416 0.0906029510311782 0.0566477692686021 0.0231132512679324 0.0385659458115697 0.107335636764765 0.240014252066612 0.158898869529366 0.131016459874809 0.146239090338349 0.844710239768028 0.0691352411173284 0.0769764591939747 0.000879226191318594
0.49073666036129 0.456336560845375 0.32930344492197 0.556945848464966 0.525892162322998 0.0916608979925513 0.186536507308483 0.498203352093697 0.413164356350899 0.190026647597551 0.391220240294933 0.205349750071764 0.340416076779366 0.0817361764609814 0.147908025607467 0.218872316926718 0.169397048652172 0.476712402701378 0.465017428994179 0.387030211091042 0.016541212843731 0.00886056441813707 0.0518348067998886 0.132134291157126 0.0200107894372195 0.0196396688232198 0.00831802710308693 0.0775889927521348 0.239447003602982 0.0327471816446632 0.00534674323862419 0.00394358444755198 0.0190220652613789 0.0392855153419077 0.0601531838066876 0.0895486831665039 0.0595626968890429 0.0355651366058737 0.20763401761651 0.283762953430414 0.304300074279308 0.340541765838861 0.0182953588431701 0.0298185415100306 0.14221184104681
0.803938403725624 0.604572677612305 0.540976253151894 0.11773798391223 0.185388851165771 0.436299312114716 0.498944553732872 0.229511763527989 0.287001157552004 0.106815781630576 0.453341537714005 0.387303468585014 0.480510121583939 0.254279127717018 0.138317925482988 0.550841164588928 0.36568777859211 0.0762577706947923 0.328564465045929 0.368796995282173 0.0167980897706002 0.0561643309891224 0.0586447433568537 0.0116038559237495 0.0143618571339175 0.0199572583194822 0.0046986056258902 0.115273894742131 0.511614984273911 0.333862334489822 0.13720524944365 0.000739569139841478 0.0206192520447075 0.02699238602072 0.0183023447636515 0.0703661678358913 0.00991794602014124 0.0155539078870788 0.46029649078846 0.523786571621895 0.0037966440373566 0.0221307026222348 0.0107880898751318 0.00169367600028636 0.165612411499023
0.579989585280418 0.487271130084991 0.316165192425251 0.294025783240795 0.304441751539707 0.156902370601892 0.528157302737236 0.638742128014565 0.336379039287567 0.237232109159231 0.249306603521109 0.448592644929886 0.422377970814705 0.426491285860538 0.468222078680992 0.388617113232613 0.300061209499836 0.0915481088683009 0.420907473564148 0.189468710124493 0.469948440790176 0.382683737576008 0.105499961972237 0.061160212662071 0.0096604171092622 0.0958706576377153 0.293284872174263 0.336191046237946 0.203716917335987 0.155326966568828 0.150618535652757 0.0376446504145861 0.137319999188185 0.0780907463282347 0.00652870086487383 0.16012072339654 0.14994246698916 0.0303041417617351 0.0532739746384323 0.239426714926958 0.0196268083178438 0.0183296321192756 0.133192176418379 0.00991703118488658 0.926498520374298
0.300787205249071 0.70200007557869 0.771669751405716 0.676633822917938 0.626995256543159 0.247858341038227 0.764934456348419 0.377172034978867 0.494770324230194 0.495401635766029 0.345311923325062 0.29952694028616 0.432592536509037 0.430786710977554 0.602212086319923 0.499993127584457 0.335106685757637 0.350059938430786 0.421792188286781 0.752087700366974 0.16388215534389 0.0426463596522808 0.0267470900435001 0.0626140430569649 0.077346726693213 0.362291018664837 0.523522955179214 0.291051357984543 0.191310700029135 0.106412735953927 0.0458039521239698 0.138317538425326 0.0335951371118426 0.131789411231875 0.494379130005836 0.577152979373932 0.109516672044992 0.050124691426754 0.478063750267029 0.291470843553543 0.022545427782461 0.00175694860081421 0.00197904309898149 0.000241404734515527 0.054289139714092
0.287175206840038 0.768833792209625 0.60137160718441 0.364993330836296 0.306250646710396 0.592288726568222 0.781224364042282 0.328422339260578 0.539224088191986 0.572656950354576 0.624410530924797 0.459544789791107 0.323315580189228 0.192978431284428 0.601666522026062 0.599462899565697 0.458903795480728 0.399972209334373 0.475745922327042 0.111844298988581 0.0700135954655707 0.172140064835548 0.165497025847435 0.271644927561283 0.295893178880215 0.239050512760878 0.37492011487484 0.164183557778597 0.239231217652559 0.257105282694101 0.144804903492331 0.458300092816353 0.101567781344056 0.0405647204257548 0.0159246022580192 0.0511842899024487 0.0291068999329582 0.217024025693536 0.556959843635559 0.412758684158325 0.0528101282194257 0.000525168072272209 0.0213096011662856 0.0205548419617116 0.041111271455884
0.695822542905807 0.377581033110619 0.405051329731941 0.431956158578396 0.356267440319061 0.479174309968948 0.611367130279541 0.533211517333984 0.36959872841835 0.0833731817081571 0.153647941723466 0.23472728729248 0.202876967936754 0.240842665731907 0.554617473483086 0.330828863382339 0.445442086458206 0.413201458752155 0.0828665634617209 0.0105840881587937 0.194149024039507 0.397484162449837 0.487161028385162 0.175285159796476 0.342212320864201 0.321630230545998 0.302851669490337 0.0695115350186825 0.0881126895546913 0.184092350304127 0.232522623986006 0.293754111230373 0.119569341465831 0.0148670797003433 0.166055187210441 0.00231203098373953 0.000341192762425635 0.0225487281102687 0.175626464560628 0.229325512051582 0.18320742174983 0.0120518238516524 0.0623086238279939 0.119704392552376 0.00798005409305915
0.284826512634754 0.326480428874493 0.606125137209892 0.520957913994789 0.66508521437645 0.706313216686249 0.74487578868866 0.576985293626785 0.31351593285799 0.225508715957403 0.481933486461639 0.471008235216141 0.464032062888145 0.311432985961437 0.423462080955505 0.916432809829712 0.758854115009308 0.155606154724956 0.00454794157412834 0.148747771978378 0.19710900336504 0.294548760354519 0.427544477581978 0.44775116443634 0.106857198663056 0.0616620549932122 0.142079682275653 0.0309706149622798 0.2643216393888 0.374453370273113 0.472412356734276 0.500283005833626 0.339774739742279 0.327911671996117 0.345635792613029 0.490821442008018 0.0900978181511164 0.0226796543458477 0.0910576635971665 0.221848605573177 0.0499297223985195 0.000575438535088324 0.000517702068464132 0.0216868973802775 0.0397867639083415
0.984611338376999 0.616970980167389 0.507948261499405 0.129917113110423 0.111582367494702 0.33709381967783 0.311153274774551 0.0164139454485849 0.160711625218391 0.584432822465897 0.628345602750778 0.687791270017624 0.396394023299217 0.415628282725811 0.462171202898025 0.919855397939682 0.212165512889624 0.0142393301939592 0.00699948951369151 0.174311655759811 0.414702033996582 0.168371720984578 0.0910963693633676 0.197770474851131 0.0184481954202056 0.00589999562362209 0.195569040626287 0.320546351373196 0.198076716065407 0.433217518031597 0.533712428808212 0.412207405269146 0.211763418465853 0.511280027031898 0.515648427605629 0.196612460911274 0.00700972812483087 0.00321968259522691 0.000912107229305548 0.0315922352019697 0.00692148570669815 0.0122352162725292 0.271316663175821 0.377860787510872 0.0442964666523039
0.500374889373779 0.64016677737236 0.859708791971207 0.543729005753994 0.187603816390038 0.861158603429794 0.175677837431431 0.00126240578247234 0.275385004281998 0.321197234094143 0.115430274233222 0.0175919612403959 0.0699670013040304 0.62084613442421 0.350655335187912 0.383924421668053 0.107048685662448 0.00377912574622314 0.0100502907764167 0.514827328920364 0.175899007171392 0.0220754147041589 0.139969683438539 0.148211833462119 0.116500110179186 0.144496594369411 0.146974478289485 0.469456142187119 0.201672980934381 0.210392579436302 0.151634150743484 0.0451515465276316 0.0483220724854618 0.212493915110826 0.0625927449204028 0.0980307714082301 0.0504657089710236 0.55100157558918 0.342091584205627 0.0789057489484549 0.134462387114763 0.0613165870308876 0.159669557958841 0.384993369877338 0.496140468120575
0.98832825422287 0.991075658798218 0.49463210105896 0.46547227203846 0.418471458554268 0.116189196705818 0.0814807886257768 0.451095062494278 0.788977840542793 0.0526378335431218 0.105050336942077 0.308716294169426 0.512861487269402 0.549271778762341 0.238388124108315 0.402784232795239 0.198449052125216 0.000614601449342445 0.0259733310434967 0.254725424945354 0.497108152508736 0.597534427046776 0.483828717470169 0.37498849183321 0.187336100637913 0.145571225136518 0.655357214808464 0.704602116346359 0.731672418117523 0.280632168054581 0.0647455232217908 0.0621271006762981 0.00257220900093671 0.00109942945709918 0.00764424261287786 0.127742049098015 0.336865484714508 0.499580433964729 0.519828835129738 0.213084426522255 0.165865556150675 0.125735360756516 0.216240184754133 0.353545442223549 0.410950618982315
