Scripts_&_data/Maxent_result_files_2/B_schrencki_2.asc
NCOLS 594 
NROWS 330 
XLLCORNER -15 
YLLCORNER 23 
CELLSIZE 0.166666666666667 
NODATA_value -9999 
[rows 60 to 79 of 330, columns 540 to 584 of 594]
2.16912512840395e-08 2.1538003946997e-08 2.25140529663825e-08 3.08112257818571e-08 2.70571667071451e-08 2.29310306854025e-08 1.36121109162168e-08 1.11736638830351e-08 1.48384211806629e-08 1.37387906273823e-08 1.40910651036386e-08 1.32301581245997e-08 6.23494021967375e-09 -9999 -9999 1.68043889914316e-10 5.90929727373179e-10 6.08338663887764e-09 7.73742866444493e-09 3.23666604629125e-09 7.51624377182125e-09 1.30656665375817e-08 2.11200700817038e-08 2.29328888545766e-08 2.19899674469559e-08 2.21475375039581e-08 2.21304113146026e-08 2.04562532912789e-08 2.15674828440982e-08 2.18385364125773e-08 2.28452792794265e-08 1.64470718821974e-08 2.4281087407374e-08 2.42298829999932e-08 2.4453506042299e-08 2.5394826741465e-08 2.49227707027622e-08 2.49492432602416e-08 2.36310462642386e-08 2.24545308458168e-08 2.26053664120762e-08 2.35634684320196e-08 2.37350828991012e-08 2.43973629299177e-08 1.82068420451209e-08
4.15074017379169e-08 3.60707802071758e-08 2.36841270262467e-08 2.1332917221617e-08 1.75666095669769e-08 2.12894040729772e-08 1.9393585537486e-08 1.74780653394713e-08 1.5764728289458e-08 1.51648315016573e-08 1.47513265380539e-08 1.06249472220377e-08 3.33390467788242e-08 -9999 -9999 1.46098526399019e-07 7.75835804933678e-08 3.06292358143168e-10 2.06825478965555e-10 5.23908039173904e-10 1.27925959825248e-09 2.53506855507624e-09 5.87855059075437e-09 2.50746999386209e-08 2.47941228326276e-08 2.49120584383533e-08 2.61266225431989e-08 2.52621191298985e-08 2.40419501640332e-08 2.31995750277214e-08 2.57828330907373e-08 2.46553118810056e-08 2.3219966316379e-08 2.63750896900561e-08 2.56437621470873e-08 2.52722735738509e-08 2.5116586388485e-08 2.56232701500991e-08 2.52001116418654e-08 2.33986950481935e-08 2.24096887047054e-08 2.52700277925122e-08 2.54414288636262e-08 2.52959262536656e-08 2.58070920078346e-08
2.81336281382494e-08 3.37197918698351e-08 3.08878989163652e-08 2.78292187294582e-08 2.6207385994681e-08 1.43409640052106e-08 1.56000558471092e-08 2.01543920108627e-08 1.96899434645736e-08 1.83979952939062e-08 1.79843701375582e-08 1.77647693444527e-08 1.75968718707509e-08 1.31283447446506e-08 7.69406598433164e-09 6.89629491290589e-09 -9999 -9999 -9999 -9999 -9999 2.14607218662621e-09 -9999 2.03130227083292e-09 1.85602443858457e-08 2.16494898452879e-08 3.05194241767559e-08 2.91447164957326e-08 2.93194946876518e-08 2.78769586747885e-08 2.77327453224174e-08 3.08299665352507e-08 2.90235661060123e-08 2.90181200957029e-08 3.10386428226117e-08 3.03999192374782e-08 2.73257442562347e-08 1.96352516579346e-08 2.77159509010083e-08 2.7793981427493e-08 2.23045216185547e-08 3.21027936012186e-08 2.18074645785826e-08 2.07338975988236e-08 1.44042793914778e-08
2.93654182303982e-08 3.87448121696998e-08 3.55820599873269e-08 2.37575445094507e-08 2.2449483683129e-08 2.97778148583561e-08 1.93662956560203e-08 1.83122012664683e-08 1.66782369026564e-08 1.77973094928063e-08 2.38890213055676e-08 2.28541695013185e-08 1.55240623800346e-08 4.41699857800515e-09 5.92060164228414e-09 1.09486909538603e-09 2.61244780253023e-09 5.08942847865512e-09 2.51021085140302e-08 2.60432641119301e-08 2.91274115826745e-08 3.20730645264611e-08 5.20106161472356e-09 2.18541386098892e-09 1.42577124551124e-09 1.73422924909517e-09 2.47804989861322e-09 1.41864374580969e-08 1.61212038496394e-08 3.07353494433116e-08 3.06124568250077e-08 1.77412269319888e-08 1.82567831741309e-08 3.25484031171719e-08 3.21204181585877e-08 3.07397548859889e-08 2.14630613393219e-08 1.0482977130799e-08 1.56131222284195e-08 2.14658736008566e-08 2.9502619669497e-08 3.16606086014914e-08 3.04206133949769e-08 1.1325044635413e-08 1.27520606851839e-08
3.48323715093635e-08 3.40483524818858e-08 4.29066152829449e-08 2.74327778604366e-08 2.40714265742348e-08 3.25575910453679e-08 3.18227581286301e-08 2.41875933837399e-08 1.9679797591543e-08 2.29765971138107e-08 2.35078894350593e-08 2.33137911531678e-08 1.59748943739935e-08 1.76094417270178e-08 6.95719561960573e-09 7.13998660195614e-10 5.80534753602535e-10 2.69226885230012e-10 1.67942828088741e-08 2.89019522980993e-08 3.10349123733289e-08 3.40658499187185e-08 3.55306609356454e-08 3.14140293888876e-08 2.01950422051844e-08 8.77445101021834e-09 3.91403300881166e-09 1.31722441842896e-09 1.51665274783497e-09 4.54804918170737e-09 4.08746172464447e-09 7.22985432632939e-09 1.61436569667828e-08 9.25946532781552e-09 1.65946651531357e-08 1.91272231386819e-08 1.23898086124008e-08 1.59272190436432e-08 2.36257883146074e-08 2.28874481256192e-08 3.25527032996042e-08 2.04051203600564e-08 2.38875753622025e-08 2.3172055640952e-08 2.04274358539536e-08
5.25290227759712e-08 3.34601021112491e-08 4.38226279930731e-08 4.12409038141881e-08 3.86522170714443e-08 2.58377544803956e-08 3.53757510840325e-08 2.45463619874542e-08 3.42988252910459e-08 3.49618151096465e-08 2.37740978792367e-08 2.19124298372897e-08 2.57107743650842e-08 3.82032316004199e-08 3.6487436028132e-08 2.92906025989303e-08 8.70918218653927e-09 4.33411728728572e-10 7.68521191130134e-10 2.27250121720424e-08 3.20886178850621e-08 3.46675529949714e-08 3.49223309159541e-08 3.5222678251845e-08 3.46850469346016e-08 3.45394489231765e-08 3.53075611525533e-08 1.91461374532409e-08 2.12144993239072e-08 1.51501396983278e-09 2.44741062971343e-09 1.08174635915503e-09 8.56490367517893e-10 9.87530801577208e-10 7.80064057792629e-10 8.74950478735315e-10 3.39589542042162e-09 4.84892079821719e-09 3.49220879103385e-08 1.06595310023216e-08 2.32381282438965e-08 3.77099416359883e-08 2.69375519112991e-08 3.53152023735426e-08 1.78391481475693e-08
5.19288838818355e-08 4.91458533757871e-08 4.89290304162004e-08 4.50175301258682e-08 4.20301184633765e-08 3.93858104907885e-08 2.53400203376053e-08 3.60928089637724e-08 3.70985219655395e-08 3.50758533884665e-08 2.32170940250853e-08 2.33740409250061e-08 2.22042368713815e-08 2.27677274033944e-08 2.74000573008415e-08 2.67507206830331e-08 1.7513073047315e-08 1.32506621230988e-09 3.19022370032229e-07 5.97089667708772e-09 3.3982260527754e-08 3.65432198723425e-08 3.65001347923943e-08 3.58879048034666e-08 3.51097788731103e-08 2.55227098788779e-08 3.6066461006623e-08 2.82533295092868e-08 2.08832381498603e-08 3.15261274530521e-08 2.14308220058967e-08 2.19166319759267e-08 2.34349461059047e-08 1.4039077778083e-08 7.16128754074674e-09 2.13578705055006e-08 2.10118775711976e-09 1.51987804564158e-09 8.04012478816674e-10 8.02402833066651e-10 2.87565451451144e-09 1.75768256949205e-08 1.39505540786011e-07 1.54359604788823e-05 2.23958026235316e-08
3.93222940542337e-08 5.52486673299768e-08 5.29258440407077e-08 3.73570105960397e-08 3.25763001018942e-08 4.50039620569775e-08 2.68336955100423e-08 4.13503975060792e-08 4.00828066293712e-08 2.76554206535273e-08 2.62772744008544e-08 2.91266826435432e-08 2.82467595535962e-08 2.2660188203627e-08 3.04285037833196e-08 2.15910995637891e-08 4.56362001521882e-09 1.27919154476075e-05 2.35560041588201e-06 5.85385654394699e-09 1.97461224260564e-08 2.05470774283789e-08 2.79002173808607e-08 2.82066310197671e-08 2.69431744803761e-08 2.76831135348488e-08 4.23079568490081e-08 3.3929779708064e-08 3.13329538759177e-08 2.57678878790024e-08 2.92253471090298e-08 3.54430120141913e-08 4.76894640999426e-08 5.18356450429636e-08 3.70977480401713e-08 5.94835348755041e-08 6.09668411311048e-09 7.77991059353056e-09 1.09066886633258e-08 2.0225889962866e-09 3.93158420264328e-09 1.86976233385039e-09 3.44507886822498e-06 8.11897681307627e-09 2.62019331565e-08
5.96285447462819e-08 5.75653347101301e-08 5.35718982175304e-08 5.00664730784806e-08 2.673913555018e-08 4.75648252895589e-08 4.62635440956483e-08 3.17777811731368e-08 4.15515429952329e-08 2.90002584502069e-08 3.26828528574019e-08 4.72385055849678e-08 3.22520485429578e-08 5.19507169394195e-08 3.72409557969355e-08 2.26462079311318e-08 6.23197062843417e-09 8.90947232656814e-09 5.3511515885063e-09 1.66757536224083e-08 3.25703457426663e-08 6.15581681184807e-09 2.11629438418015e-08 2.86411930061625e-08 3.95100066996612e-08 4.02256258191791e-08 4.1961703478588e-08 3.18859031511742e-08 4.81064855728519e-08 3.53477935033375e-08 3.73862054758867e-08 3.75625968329629e-08 5.35286622471709e-08 3.7941870190128e-08 3.65304768212837e-08 2.94959985214227e-08 2.91739945867953e-08 2.9651581479051e-08 1.81109131358603e-08 1.42481500153835e-08 3.93435380940943e-09 1.01860331058745e-08 6.90125177005285e-09 5.82937235149572e-09 2.85031915625567e-08
6.20913218729591e-08 6.54044735926007e-08 1.40240916324252e-08 6.20588724742355e-08 5.51953251659576e-08 5.15444571913548e-08 4.98605602250457e-08 4.81082536252231e-08 3.36879152684766e-08 3.55864464895994e-08 3.66422441500092e-08 5.26737934936072e-08 5.00084891719155e-08 2.61700687009814e-08 5.0805487039618e-08 3.42349913085016e-08 1.0847679154935e-08 2.07253468831325e-08 4.65486208467425e-09 6.18057036660957e-09 9.61836794655113e-09 2.62289332364496e-08 2.39791082656815e-08 1.4479831389469e-08 3.38567711088977e-08 2.54349271311405e-08 4.75655455245416e-08 2.7294755933216e-08 5.30216722638421e-08 5.36241289372796e-08 5.53245526835333e-08 5.54636240712725e-08 5.43456380008855e-08 3.86556393228155e-08 4.38415169945472e-08 4.67442954676933e-08 3.35493550385202e-08 4.17368085314784e-08 3.22404660968445e-08 1.21573699773947e-08 8.29466633156528e-09 6.56792914499604e-09 3.15619602675454e-09 2.81296846926793e-09 1.40874754417375e-08
7.20015217114955e-08 7.12483355647109e-08 6.7060549491238e-08 4.73959493874077e-08 4.29484129149671e-08 3.97542273211648e-08 4.00734726513363e-08 2.32269803612795e-08 5.36822599372933e-08 5.31659558822284e-08 5.50221898820702e-08 5.9592849188661e-08 3.16988122639472e-08 2.17438574812157e-08 3.79859556809414e-08 5.67102635296024e-08 3.61069522947233e-08 1.80232392454904e-08 5.69586670051692e-09 1.0449133602819e-08 2.20254604443859e-08 3.44651539641028e-08 3.01888408604789e-08 3.7459791935035e-08 2.77327619091494e-08 3.78647674659227e-08 3.7557830778745e-08 1.7562437670815e-08 1.99223553765115e-08 2.75707586538942e-08 5.86378393063747e-08 2.96258704790553e-08 2.05304097056214e-08 3.89350492624452e-08 3.62123217190202e-08 3.29472595317348e-08 2.21353016693904e-08 1.49949557992635e-08 4.20480350538099e-09 3.10176712092769e-09 7.87959649750647e-09 2.44606439325779e-08 2.26064925668013e-09 6.97898617785242e-09 1.633364148379e-08
4.78428425765287e-08 4.65129156745903e-08 6.40146011976484e-08 4.54493423562852e-08 6.32932490307603e-08 4.06354527471287e-08 5.80944431338715e-08 5.82067576027079e-08 4.2363496333131e-08 3.91770824559323e-08 4.04184007041231e-08 4.64731756077974e-08 6.14597050363486e-08 5.48329119776092e-08 1.49783923375502e-08 1.64659157086966e-08 4.44261038623495e-08 9.07449336784438e-09 1.37674564415491e-08 4.39040062161666e-05 1.34970029264103e-08 4.20728513361723e-08 1.25566635200691e-08 5.40034076901286e-08 3.90901014668543e-08 2.07088522552468e-08 3.07810431365851e-08 3.0839156550666e-08 4.19202133450369e-08 2.26552318682849e-08 4.93511452037687e-08 1.79773968156383e-08 5.59712203140883e-08 2.16813487052825e-08 2.2908589036863e-08 3.62006817411498e-08 1.97761012010744e-08 1.72075725779486e-08 1.35969025039095e-08 1.49106560320966e-08 1.40890790700787e-08 1.03064543788278e-08 6.74124182165059e-07 9.51837251239596e-09 2.58026351729335e-08
7.76773760979843e-08 7.80378861420239e-08 7.65687977133389e-08 7.5044561043125e-08 7.54957849014026e-08 7.13708985466965e-08 6.61296175374915e-08 6.50597512752427e-08 6.67759269989965e-08 3.81743970767623e-08 7.4514054237973e-08 5.33176570560734e-08 5.12288000020789e-08 5.45163388543379e-08 2.98384047914269e-08 4.04676765430878e-09 5.063073916034e-06 2.8824357978241e-08 1.32162960797544e-08 1.42077101750182e-08 9.65865742941219e-09 2.20506982562263e-08 2.13336993737379e-08 4.5870314380192e-08 4.36684531202047e-08 3.09354370120474e-07 4.39699913479252e-08 4.27273914138659e-08 3.3864566628683e-08 0.000480949289959653 1.8953250124909e-08 6.90165922412334e-08 7.07313716374891e-08 3.87836791460039e-08 5.86633893240318e-08 2.03185225644553e-08 2.38248466954971e-08 6.14983807878389e-08 1.79644317088723e-08 1.10590942192346e-05 9.52430411205185e-09 2.50170924531723e-08 1.10329834379641e-08 4.36604942199992e-09 6.03349819217058e-08
8.50573798172327e-08 8.52389738015269e-08 8.4957118284823e-08 7.95746367132644e-08 7.02405353880664e-08 6.41385298316699e-08 6.61382978606184e-08 6.85525177512858e-08 4.96169003660896e-08 7.47591533456493e-08 6.27984782175517e-08 3.84884807136388e-08 2.72327474792888e-08 3.80495005614101e-08 3.14637417675456e-08 5.31113291235563e-08 1.2917722214123e-08 2.05298501310125e-08 1.24609869533998e-08 3.7042005362764e-05 1.9202320622469e-08 3.7768240057634e-08 2.60976169563776e-08 2.9168899373655e-08 2.26099125977264e-08 1.14610209789312e-07 2.41279975665698e-08 5.13431656190555e-08 1.57442473069924e-07 1.6581084768541e-07 2.34817857491798e-08 2.35310165908054e-08 1.71880921828738e-08 5.69846050346712e-08 5.46978384474706e-08 5.88710176718799e-08 5.17997137849946e-08 1.92526704245743e-08 1.71781616931099e-08 1.59574767955029e-08 1.35922585964288e-08 5.17087713758357e-08 1.35521657562698e-08 1.75479346591345e-06 1.39346155725306e-08
9.56971527688033e-08 8.71058216667109e-08 7.923247914432e-08 7.60702884017306e-08 7.63243405810243e-08 7.6634102896822e-08 5.41870991188631e-08 5.58748479817517e-08 6.23179565173437e-08 7.10663907166342e-08 1.1288567491885e-08 3.37466590782931e-08 3.58382323040196e-08 1.01449454725788e-08 1.26591969018541e-08 4.74637778413722e-08 4.3867362675698e-08 2.18095571602461e-08 3.10984816906057e-05 6.08581588568136e-08 4.19441394838849e-08 3.65131697321885e-08 1.04006633305787e-08 1.99596816741199e-08 1.2461918019735e-08 1.16216404166813e-08 0.000254387189610838 2.10946456524752e-08 4.15897459360437e-08 1.45017816310933e-08 1.26463987504266e-08 1.65664060025605e-08 1.81188322900816e-08 2.05510904294215e-08 2.43815343914378e-08 2.49133716545558e-08 8.41984948318775e-08 5.74396479491313e-08 1.88394889799603e-08 4.27861195917423e-08 2.12099867558102e-08 4.97984748659697e-08 1.80765653112758e-08 1.81370898744149e-08 5.11591096113762e-05
1.04085246643848e-07 9.34664699525634e-08 8.77508890551049e-08 5.92147058942061e-08 6.83762004349831e-08 7.03355657050153e-08 9.57298679660212e-08 6.63325972261042e-08 5.22745956521575e-08 6.85839720127035e-08 9.52191727354723e-08 6.44388079784619e-08 2.58607522618526e-08 1.50036514878771e-08 2.3322228082101e-08 7.26587519261912e-08 2.30203806905749e-08 3.45055785055948e-08 3.14990874605847e-08 7.06269791872494e-08 2.42774718217653e-08 7.34778067945641e-08 1.40368288881199e-08 5.97584677075602e-08 3.568870744175e-06 1.16348780943021e-08 1.25935275430145e-08 7.76213734399178e-09 2.32116877385558e-08 1.97277078928249e-07 4.7394190616501e-08 2.14234620599107e-08 1.75160013160536e-08 1.16382075865396e-08 2.64173568909065e-08 2.77964713135681e-08 1.51937147974124e-08 5.09353581312766e-08 3.36545264656429e-08 2.46769315204176e-08 5.56755927694219e-08 7.03976519901062e-05 8.67977998364466e-09 1.84975284311939e-08 2.62418274110665e-08
1.15195002381441e-07 1.15710146086911e-07 1.03747233093365e-07 8.63408059603721e-08 6.55226356838234e-08 5.3873186578457e-08 6.00298432296142e-08 6.43887359985662e-08 1.48090390538869e-05 4.83249800936392e-05 3.07842826119398e-08 1.6324506113552e-08 1.4289390204425e-08 1.26144118928195e-08 6.39635418520079e-08 4.73767853614859e-08 1.71249478375657e-08 2.61614972963287e-05 8.27778887990682e-08 8.99788215824593e-08 6.58709646828015e-08 2.67308681856093e-08 6.19726069905902e-08 7.5475482963494e-08 7.96179454254364e-08 6.93754265590485e-08 6.80397840513436e-08 7.12275252778838e-08 7.33762820392947e-08 6.78756962413374e-08 5.09086547806348e-08 5.07713330710757e-08 1.55393101164414e-08 7.6002436466549e-08 5.09021001571242e-08 1.42783769918609e-08 1.18300494178492e-08 1.3351755745461e-08 1.40769726764134e-08 2.28591038320403e-08 2.28738397556327e-08 7.55821715214822e-09 6.42599370381802e-09 2.35384682079065e-08 1.70336965754636e-08
4.33611969441472e-08 3.1299092573267e-08 1.30328094682941e-07 1.08023448719408e-07 9.26086904051715e-08 7.41189386310737e-08 0.00179624357228931 7.28238911618107e-08 7.11780995921174e-08 7.14491185771493e-08 8.15595497249966e-08 1.95704302874411e-08 2.87393324360785e-08 1.71449820451919e-08 1.78697652786219e-08 1.4258156866287e-08 1.69617564993452e-08 3.0916010884674e-08 3.21239699729858e-08 2.36762723648809e-08 6.96743658212817e-08 8.41859445932513e-08 7.60571457480985e-08 7.66894967307863e-08 5.89843451970218e-08 6.27814186859865e-08 3.37822635199103e-08 6.6424403522003e-08 3.75674300667761e-08 8.70564826893627e-08 1.03639409165801e-07 1.49017288397779e-08 5.8095617916365e-08 2.16007622788617e-08 1.3458152958723e-08 5.70331569749172e-09 1.4426497918496e-08 9.28487539075817e-09 4.42787206678119e-08 2.82582245070273e-06 2.988180883845e-08 3.55923918338163e-08 4.2558359969469e-08 2.53386971293956e-08 2.14711160739789e-08
2.79742329489796e-07 3.67350079577555e-08 3.51233072959367e-08 1.60322996323181e-07 1.55328786866082e-07 9.61966603707509e-08 1.25905715386843e-07 9.45442698907506e-08 9.35976464333521e-08 1.17673603317048e-07 1.18813074823088e-07 2.00440154141113e-08 1.99057380023682e-08 2.67486986227361e-08 2.11422380491655e-08 5.66835132165266e-08 2.55299345219839e-08 2.49072991120869e-08 4.01404424921203e-08 8.44014767076295e-08 8.72939843632459e-08 1.24834679571251e-07 1.20066588737977e-07 4.63745666090531e-08 2.00663988980665e-08 2.48186033058317e-08 2.78013844057234e-08 4.92841542225619e-06 4.63775379766496e-08 2.86569986407415e-08 1.60860586184697e-08 3.62348413385227e-08 3.94681264115349e-08 1.62498038580594e-08 2.12512763497763e-08 1.17614835559721e-06 1.14557838104545e-08 1.22050544781871e-08 1.70359334084047e-08 1.87809960805474e-08 1.73433574834903e-08 1.6882201314683e-08 1.59756742057482e-08 2.19666453582512e-08 3.5076709392623e-08
1.09680473037166e-07 9.89561019126839e-08 5.64168023520217e-08 2.88366412748431e-08 1.70965794699107e-07 8.78250976166228e-08 8.6770205987019e-08 8.62084862829349e-08 7.3930491073515e-08 8.36511825252906e-08 1.41713783574637e-07 8.50826456066933e-08 4.96589361964617e-08 8.14853071684496e-08 2.71255487849231e-08 1.33971553450962e-07 1.54007062369566e-07 1.19297138378993e-07 2.32843124892135e-08 1.03225166048215e-07 1.40518387847788e-07 1.38036684838028e-07 8.29295217719128e-08 3.89304588788164e-08 1.71168668461341e-08 1.34810056040546e-07 9.11299566253021e-08 7.42021332711396e-08 1.05116264215166e-07 3.96830611149035e-08 7.12135763580868e-08 7.1728240647051e-08 6.25657613051445e-08 6.49617199366403e-08 6.74686864821084e-08 1.75486925546586e-08 7.04708945642452e-09 1.59067300886662e-08 2.65697636225859e-08 1.96766119064939e-08 3.08470113452586e-08 2.74949000789171e-08 4.93775716647882e-08 7.52454299313143e-08 3.82994420733418e-08
