Scripts_&_data/Maxent_result_files_2/B_schrencki_2.asc
NCOLS 594 
NROWS 330 
XLLCORNER -15 
YLLCORNER 23 
CELLSIZE 0.166666666666667 
NODATA_value -9999 
[rows 80 to 99 of 330, columns 225 to 269 of 594]
-9999 -9999 -9999 -9999 -9999 -9999 -9999 -9999 -9999 -9999 -9999 0.876077425479889 0.469162571430206 0.345266862213612 0.240571743249893 0.393307527154684 0.805685859918594 0.723137527704239 0.626117500662804 0.58614864051342 0.14788526520133 0.288974975049496 0.181783049926162 0.790583646297455 0.674823802709579 0.146280899713747 0.0497206132626161 0.0059852444450371 0.0933092186460271 0.271928964182734 0.0349123063082516 0.0879998811666155 0.0411879927320115 0.0215045419174203 0.0135662430066986 0.0386065533220972 0.0513945327169495 0.040954445515672 0.0101102889914728 0.0354214328908711 0.0343679245495878 0.0184872592697502 0.0331922560639214 0.000189449236905892 0.0175034306812449
-9999 -9999 -9999 -9999 -9999 -9999 -9999 -9999 -9999 0.818877136707306 0.697260075807571 0.224269741028547 0.336999948322773 0.178371058404446 0.153804782778025 0.521246710419655 0.467926542460918 0.181811708956957 0.687404638528824 0.587772119045258 0.425334371626377 0.678046098351479 0.171679882705212 0.522935649752617 0.361446431279182 0.0167869759025052 0.000328090789844282 0.00135754985640233 0.00532970800268231 0.0565691167197656 0.0421987504436402 0.0219083730044076 0.109708674217109 0.163006593077444 0.046698904447112 0.0421140188471327 0.0419651112984866 0.0195769134144939 0.137444855831563 0.0263146218014299 0.00104358150317694 0.0192610525278724 0.0284950993518578 3.42361265995073e-05 0.00437927792982009
-9999 -9999 -9999 -9999 -9999 -9999 -9999 -9999 0.991690099239349 0.628392320871353 0.331199996173382 0.280826187878847 0.181039486825466 0.319611613452435 0.643212287127972 0.228201370686293 0.18308277875185 0.176688470691443 0.239064679294825 0.682861453294754 0.357628537714481 0.272319965064526 0.131858872622252 0.39174302816391 0.147553073614836 0.0515960335731506 0.287337883934379 0.00229486370662926 0.000744635360388202 0.015841240552254 0.0950289968401194 0.113501553237438 0.0477798548061401 0.0652768207713962 0.0631095066317357 0.209628072846681 0.292793741170317 0.0491720728445216 0.0534772515427903 0.0417136070784181 0.0433638720794988 0.0670281572718523 0.00449396304425136 0.0116188605947173 0.0426954166556243
-9999 -9999 -9999 -9999 -9999 -9999 -9999 0.834070748090744 0.730608838796616 0.335188789665699 0.313072201609612 0.68035107254982 0.632081094384193 0.708655041456222 0.222676314413548 0.419025039672852 0.331620621681213 0.541343155503273 0.685992854833603 0.329679293930531 0.0768418289721012 0.152045096829534 0.12386927343905 0.0746214382350445 0.227199943363667 0.168342831730843 0.27232616096735 0.116032013297081 0.187777765840292 0.296146130561829 0.177416673675179 0.28195126298815 0.276329760625958 0.0824491417966783 0.152819166937843 0.00928158291208092 0.102180425380357 0.072853049566038 0.122041006403742 0.00364001879279385 0.00683867672632914 0.0551724187098444 0.0161336515375297 0.0341732400578621 0.040034782901057
-9999 -9999 -9999 -9999 0.807158674299717 0.973821824789047 0.600932484865189 0.38723621815443 0.691786310076714 0.644617316126823 0.848077961802483 0.351637184619904 0.81513552069664 0.738946360349655 0.704208695888519 0.919685912132263 0.687171345949173 0.252728954702616 0.159426800906658 0.385136665403843 0.124668947607279 0.162344740331173 0.140068516880274 0.565636920183897 0.0598242660984397 0.301325166225433 0.13037634305656 0.270250380784273 0.300715780258179 0.204325010627508 0.163610735535622 0.129961888492107 0.209741585049778 0.324656634405255 0.254697627294809 0.357076562941074 0.402889956533909 0.320371317118406 0.221500534564257 0.0527907644864172 0.0398712592839729 0.064931678364519 0.000237652569731317 0.0481522879446857 0.0153794156765798
-9999 0.875646406412125 0.974328529834747 0.976594740152359 0.748311567306519 0.549342751502991 0.632219383120537 0.391696119308472 0.154846606403589 0.35201133787632 0.562439385056496 0.570597743988037 0.389818076789379 0.773498013615608 0.228167336434126 0.743957149982452 0.669588321447372 0.274420771002769 0.175901471078396 0.280753394216299 0.129437264427543 0.173868124186993 0.0982902977615595 0.414806559681892 0.274288962781429 0.232256291806698 0.361371247470379 0.521371233463287 0.338594523072243 0.187707094848156 0.204836843162775 0.131509079039097 0.123579575493932 0.20125089189969 0.126142208930105 0.392356393486261 0.419745104014874 0.281253005564213 0.195720050483942 0.435759708285332 0.175921126827598 0.0907918339595199 0.063502127607353 0.0696710038231686 0.043722679943312
0.787961900234222 0.968828588724136 0.81102842092514 0.88850200176239 0.606876334547996 0.550851312279701 0.49734545648098 0.529469645023346 0.234865714609623 0.431422126293182 0.217266055196524 0.163385032117367 0.235150329768658 0.221502633392811 0.612560766935349 0.750860112905502 0.756731504201889 0.627903854846954 0.228574642539024 0.332489417493343 0.0173978435341269 0.205895458906889 0.227700334787369 0.15900642350316 0.359328839182854 0.389915952086449 0.101944629102945 0.0418535888195038 0.0511020950973034 0.566861468553543 0.193616692721844 0.230537933111191 0.286308735609055 0.330464035272598 0.176275597512722 0.364785508811474 0.411648282408714 0.365498587489128 0.317856579273939 0.119039129838347 0.344840615987778 0.255235568992794 0.156493083387613 0.114788818615489 0.0580643124085327
0.879249101877213 0.894258856773376 0.532954004406929 0.459065040946007 0.815087339282036 0.440842714905739 0.320161338150501 0.868035179376602 0.422252032160759 0.199300213158131 0.415085622668266 0.376889725029469 0.321660052239895 0.306550803780556 0.596728920936584 0.584481409192085 0.383894960582256 0.24073476344347 0.414042322337627 0.4913908213377 0.364958494901657 0.616660717129707 0.162077879905701 0.322814248502254 0.200421236455441 0.354903338849545 0.262862841039896 0.119567614421248 0.04963707216084 0.172483768314123 0.264849704504013 0.219999988377094 0.0679450217634439 0.112646322324872 0.0388738667592406 0.44471418261528 0.444002151489258 0.202181150391698 0.384213852882385 0.177344450540841 0.0015146900601394 0.00950250037421938 0.0435102662071586 0.113341061864048 0.280264564603567
0.817414796352386 0.934915345907211 0.879694902896881 0.656636998057365 0.180543220043182 0.430046373605728 0.778637935221195 0.251703891903162 0.726083558797836 0.258832053095102 0.119838563352823 0.22879474312067 0.397089296579361 0.43960380256176 0.434321027994156 0.287698341906071 0.193409782648087 0.685959002375603 0.318065313994884 0.139696414023638 0.290309251844883 0.407002010941505 0.150436558574438 0.209655760228634 0.053236774681136 0.190183671563864 0.400414824485779 0.472680495679379 0.029418495320715 0.0779431880451739 0.486643745005131 0.227638960629702 0.312711569666862 0.017415053374134 0.0395137558225542 0.285343673825264 0.361957812309265 0.43208008185029 0.0605764800915495 0.38794868439436 0.135422173887491 0.0198512823553756 0.00110675709984207 0.000516740112288971 0.000778412324507372
0.470509167015553 0.853197556734085 0.937506413459778 0.866170156002045 0.7828553378582 0.362640330195427 0.183780373632908 0.108418684080243 0.514095002412796 0.697697603702545 0.300972510874271 0.24817953556776 0.494616082310677 0.607203847169876 0.714551618695259 0.224427843093872 0.185846548527479 0.205404801666737 0.0880839301273227 0.188919267803431 0.0523717178963125 0.406481711566448 0.508280175924301 0.200160654634237 0.00975173187907785 0.594867098331451 0.439105051755905 0.485491678118706 0.105383857153356 0.0725795548409224 0.151235412061214 0.0274877275107428 0.296113636344671 0.0985109936445951 0.113373667525593 0.0950190933421254 0.343859435617924 0.413017493486404 0.187633757293224 0.201604104600847 0.179061384871602 0.556497114896774 0.224632672220469 0.259828837960958 0.00260931108350633
0.877005922794342 0.849978774785995 0.454480239748955 0.581164732575417 0.655216419696808 0.354567469656467 0.51704093515873 0.764232343435287 0.454689228534699 0.528600227832794 0.672106397151947 0.132109382003546 0.569748941063881 0.19413550272584 0.388287961483002 0.513978557288647 0.327335637062788 0.441794793307781 0.450700424611568 0.555834701657295 0.039047840051353 0.0409215031657368 0.236784016340971 0.372877250611782 0.132031301781535 0.132689556200057 0.0328832803992555 0.273620082437992 0.506202782690525 0.160606882721186 0.00660774634161498 0.00506086599780247 0.0573968783020973 0.051210063137114 0.259429983794689 0.291325105726719 0.0615830643102527 0.1970882746391 0.407807120680809 0.528837430477142 0.539722883701324 0.348842976242304 0.0613538064062595 0.0905970877036452 0.347141621261835
0.970460033416748 0.901593863964081 0.601510900259018 0.184273706376553 0.269498983770609 0.732576632499695 0.778766289353371 0.564368841052055 0.610385769605637 0.374421373009682 0.385590973496437 0.537998813390732 0.424681324511766 0.519248470664024 0.413359233736992 0.306541222333908 0.226194471120834 0.0531350271776319 0.405503618717194 0.452938815951347 0.0326689017470926 0.123463731259108 0.185611944645643 0.0646991702727973 0.0980798352509737 0.117645492218435 0.0245297336718068 0.34147579818964 0.504283730685711 0.533977431058884 0.374814558029175 0.00182487350248266 0.143568400666118 0.100616271886975 0.0312248588073999 0.185585556924343 0.0612699056975543 0.117078652232885 0.562971538305283 0.263544098287821 0.00915065553272143 0.151813260512426 0.0513726172503084 0.00492293276474811 0.366974253952503
0.879675781726837 0.555566620826721 0.676132193207741 0.616525128483772 0.637214404344559 0.46919319331646 0.84059733748436 0.858292931318283 0.584543707966805 0.506572207808495 0.530024927854538 0.545152178406715 0.344844296574593 0.541197320818901 0.546139100193977 0.541698414087296 0.532316192984581 0.127488827705383 0.553031659126282 0.298776449263096 0.56869338452816 0.594174218177795 0.288347239792347 0.186985804885626 0.0184383160783909 0.170875151827931 0.342737399041653 0.558783024549484 0.390446159243584 0.238356726616621 0.368756184726953 0.0435394744388759 0.373769614100456 0.302184492349625 0.0210644703009166 0.0950724564492702 0.366091811656952 0.131423009932041 0.214640678465366 0.497249180078506 0.0301078924210742 0.0247143259388395 0.0414928786922246 0.0118461230071262 0.823065409064293
0.454322365671396 0.900305622816086 0.745699751377106 0.668728071451187 0.833936583995819 0.327155113965273 0.74581852555275 0.606150823831558 0.596983537077904 0.556703197956085 0.366633068025112 0.430261993408203 0.649585568904877 0.518825936317444 0.580863352119923 0.540749219059944 0.490963408350945 0.563311302661896 0.526651799678802 0.806186378002167 0.164391003549099 0.032977841515094 0.0524466959759593 0.0515620041638613 0.173390148952603 0.499287715554237 0.499525839090347 0.484739410877228 0.235116617381573 0.186370734870434 0.22720293700695 0.389227770268917 0.142181639373302 0.108113948255777 0.556606656312942 0.682158505916595 0.328537997603416 0.105483311414719 0.617208284139633 0.494982561469078 0.131613497436047 0.00492515241785441 0.00415075515047647 0.00115944006247446 0.12213388402015
0.491040626168251 0.879843121767044 0.636462983489037 0.604425835609436 0.628099304437637 0.715799558162689 0.878707945346832 0.477644962072372 0.753946053981781 0.680910870432854 0.422206695005298 0.551883813738823 0.478164502978325 0.339652834832668 0.582898160815239 0.475742872059345 0.587814179062843 0.413697403669357 0.488830888271332 0.0804206082597375 0.161672593839467 0.151829332858324 0.373932096362114 0.445829892158508 0.507899683713913 0.445328778028488 0.581524190306663 0.0958067148923874 0.247444927692413 0.357037726044655 0.257450238615274 0.530071422457695 0.103915903903544 0.197376408986747 0.0618599767563865 0.175079966336489 0.0823183864355087 0.353468427807093 0.479530584812164 0.15537171959877 0.202322911471128 0.00198136699473253 0.113270412944257 0.0371931144036353 0.112571581453085
0.872304058074951 0.484175062179565 0.628456547856331 0.336360487341881 0.612902975082397 0.503801357746124 0.480565160512924 0.332610103301704 0.47165852189064 0.244215302169323 0.376064883172512 0.439807388186455 0.209214503318071 0.231821046769619 0.529005926847458 0.492302262783051 0.515110573172569 0.643101033568382 0.143507151678205 0.0135931499535218 0.376007035374641 0.505424052476883 0.567812326550484 0.394594633579254 0.553078117966652 0.51829047203064 0.578882318735123 0.109888795390725 0.148020292073488 0.411844602227211 0.482698068022728 0.366456082463264 0.350068534910679 0.0607407277217135 0.418272145092487 0.00476124745473498 0.00219751237455057 0.0672197110485286 0.358445076644421 0.222224757820368 0.319434767961502 0.0182446590391919 0.097386984154582 0.308405032753944 0.0258678391110152
0.591122597455978 0.660380661487579 0.798840343952179 0.728862279653549 0.703568553924561 0.592652471363544 0.605949620902538 0.599565094709396 0.371606151759624 0.332791487872601 0.395853048563004 0.568672060966492 0.675607034564018 0.263017227500677 0.534146153926849 0.839217698574066 0.779585385322571 0.377712935209274 0.0205012241145596 0.104511553794146 0.437014770507813 0.487059912085533 0.520501315593719 0.578857436776161 0.279008549451828 0.0897996241226792 0.371101304888725 0.0835181189700961 0.533308532834053 0.561400240659714 0.66415881216526 0.622459039092064 0.391520416736603 0.509356036782265 0.482343593239784 0.648117190599442 0.285107941925526 0.079914889158681 0.10697162412107 0.281305952370167 0.104448003135622 0.00343022875022143 0.00288292716722935 0.0299249640665948 0.0941013881936669
0.922327709197998 0.692825186252594 0.731523984670639 0.186375201493502 0.0898980490863323 0.641269770264626 0.680484041571617 0.0871452013961971 0.438084603846073 0.374037158489227 0.36224612891674 0.626206490397453 0.383508008718491 0.615456101298332 0.571174320578575 0.86905580163002 0.272658307850361 0.0667043211869895 0.0165483750402927 0.372237876057625 0.596529000997543 0.402393294870853 0.250343251228333 0.411842982470989 0.0970094736665487 0.0123998997965828 0.189154813438654 0.535581859946251 0.600116416811943 0.699454414844513 0.608089768886566 0.617055225372314 0.422847351431847 0.583430358767509 0.588539838790894 0.201507217809558 0.0172899319673888 0.0190609838231467 0.00635108328424394 0.159881311608478 0.0425335114588961 0.0112584462505765 0.555504870414734 0.56516090631485 0.18693141490221
0.559117561578751 0.479444089531898 0.920752161741257 0.793008023500443 0.37778627872467 0.928913325071335 0.378322146832943 0.0015679814358009 0.33028075248003 0.283219389617443 0.104518385231495 0.0234606857877225 0.0741772338747978 0.739115756750107 0.49539635181427 0.521716877818108 0.268665279448032 0.0162478358950466 0.0496441031806171 0.529113954305649 0.121716593205929 0.106313670333475 0.392683701217175 0.38121951520443 0.355821138620377 0.392297850549221 0.412061128020287 0.696411857008934 0.226750578731298 0.456649315357208 0.184568002074957 0.0806038258597255 0.127212223690003 0.384542340040207 0.145809799525887 0.30947686880827 0.125630373088643 0.582367652654648 0.429055470228195 0.218799190968275 0.335616646707058 0.0454879097640514 0.347081723809242 0.46077741086483 0.537030449509621
0.97884441614151 0.973732882738113 0.351645115017891 0.25312561839819 0.723557415604591 0.0970942705869675 0.0664322391152382 0.184643454104662 0.871133917570114 0.0355386137031019 0.0733269646763802 0.376435086131096 0.676275154948235 0.741166877746582 0.438904106616974 0.547135162353516 0.258029741793871 0.00258785649057245 0.0237703296821564 0.108022703975439 0.596542617678642 0.666310036182404 0.649239861965179 0.402643659710884 0.432686193287373 0.235963032394648 0.779922622442246 0.602814689278603 0.615582224726677 0.453415448963642 0.103289886470884 0.158469647262245 0.0131836655840743 0.00202016758121317 0.032098666136153 0.0869521040469408 0.144002303481102 0.55291288793087 0.609622451663017 0.208595726639032 0.381797935068607 0.305802987515926 0.391208785772324 0.475060364603996 0.548978614807129
