Scripts_&_data/Maxent_result_files_2/B_soroeensis_2.asc
NCOLS 594 
NROWS 330 
XLLCORNER -15 
YLLCORNER 23 
CELLSIZE 0.166666666666667 
NODATA_value -9999 
[rows 120 to 139 of 330, columns 368 to 413 of 594]
0.014264509966597 0.00564035687129945 0.0125169676728547 0.00578971705399454 0.00577118879882619 0.00682404844556004 0.00730239106342196 0.00640092138200998 0.00540165859274566 0.00660810226108879 0.00381790898973122 0.00784537573345006 0.0117261312436312 0.00585435188841075 0.00424684782046825 0.00732236211188138 0.00660053797764704 0.00888271578587592 0.0118793077999726 0.0109293355140835 0.0119854731019586 0.00756444288417697 0.00756693088915199 0.00626662597060204 0.00653035140130669 0.00770254523959011 0.00799070247448981 0.00749732372350991 0.00841205161996186 0.00846228380687535 0.00864924695342779 0.00904816589318216 0.00947634051553905 0.00993312955833972 0.00886209085583687 0.00745183369144797 0.00762320293579251 0.00844907041173428 0.00768139567226171 0.00713256429880857 0.00659884512424469 0.00570083901984617 0.00514489737106487 0.00515622308012098 0.00455724218627438 0.0035711141244974
0.012682681530714 0.0138822994194925 0.0100843144347891 0.0108914762502536 0.00780821254011244 0.0083325128769502 0.00860506379976869 0.00689958132570609 0.00738434246741235 0.00892742990981787 0.00798623415175825 0.00808328138664365 0.00819164682179689 0.00782071510329843 0.00706939822994173 0.00564831420779228 0.007666738005355 0.0087070002220571 0.00699702876154333 0.00961266797967255 0.00933870209846646 0.00736605651909485 0.00694849894498475 0.00590627358760685 0.0067499503493309 0.00735460908617824 0.00813505074474961 0.00879574336577207 0.00692126729991287 0.00744777587242425 0.00804004843812436 0.00839950630906969 0.0078069535898976 0.00917503938544542 0.0090333758154884 0.00803694769274443 0.00943896626122296 0.00962810630444437 0.0100789027754217 0.00868546781130135 0.00724900923669338 0.00671503816265613 0.00428509558551013 0.00423952894634567 0.00421946416608989 0.00430442075012252
0.013796923449263 0.0140175976324826 0.0116739958059043 0.0106064810883254 0.0088569606654346 0.00860872347839177 0.0065632212208584 0.00821371984202415 0.00789302105549723 0.00758789810352027 0.00966819375753403 0.00942928586155176 0.00904090916737914 0.00815106048248708 0.00838470165617764 0.00746966251172125 0.00665092547424138 0.00498869352741167 0.00585975339636207 0.00777237364090979 0.0080119492020458 0.00697951952461153 0.00657225595787168 0.00671025437768549 0.00676222573965788 0.00690131052397192 0.00725798427592963 0.00779830724932253 0.00773133568000048 0.00790844371076673 0.00768936183303595 0.00900256857275963 0.00970472502522171 0.00695210424019024 0.00924275910947472 0.00925349397584796 0.00353006110526621 0.0105140098137781 0.00379977857228369 0.00787962703034282 0.00544023447437212 0.00598257866222411 0.00453006708994508 0.00507306171348318 0.00364479697309434 0.00357864188263193
0.0153263081796467 0.0124875942710787 0.0117555030155927 0.0110191006679088 0.00997415450401604 0.00852253888733685 0.00765970428474247 0.00791760268621147 0.00767576745711267 0.00747413644567132 0.00751251704059541 0.00678865476511419 0.00582380914129317 0.0052243725862354 0.00539220101200044 0.00552606973797083 0.00632130659651011 0.0067200331017375 0.00575285577215254 0.00531743322499096 0.00593345337547362 0.00674858160782605 0.00782209585886449 0.00591450911015272 0.00595351005904377 0.00632239000406116 0.00254623926011845 0.00252030562842265 0.00788772266823798 0.0029494188958779 0.00354838630883023 0.00636485991999507 0.00676990349311382 0.00330846405122429 0.00797337458934635 0.00912029158789665 0.00759379958035424 0.00879567579831928 0.00764909309800714 0.00685337514150888 0.00648402371443808 0.0057290002470836 0.00428598149446771 0.00449550978373736 0.00450308929430321 0.00399869290413335
0.0155403109267354 0.0108349602669477 0.011290098587051 0.00966166662983596 0.00807629902847111 0.00745711037889123 0.00767900599166751 0.00770927686244249 0.00756343263201416 0.00774902696721256 0.00783238462172449 0.00693088062107563 0.00568150945473462 0.00538264198694378 0.00521487544756383 0.00487557598389685 0.0047201786423102 0.0050319989444688 0.00560745266266167 0.00554955445695668 0.00572351161390543 0.00584834672044963 0.00190928652882576 0.00201818127534352 0.00213971076300368 0.00229469246696681 0.00665201041847467 0.00375301343156025 0.00687352858949453 0.0027218371629715 0.00696551377186552 0.00747796192299575 0.00690236213849857 0.00730678935069591 0.00756842480041087 0.00694968872703612 0.00691160236019641 0.00601643319241703 0.00858033148106188 0.00668833416420966 0.00592941173817962 0.00536373696522787 0.00424977148650214 0.00338371127145365 0.00346858585253358 0.00324114337563515
0.0155403303913772 0.010966935288161 0.0102167242206633 0.00907296654768288 0.00856310031376779 0.0071347186807543 0.00682809576392174 0.00824781702831387 0.00699835598934442 0.00682427706196904 0.00721595771610737 0.00627531004138291 0.00552238197997212 0.00487359366379678 0.00467069225851446 0.00440325217787176 0.00449726071674377 0.00465936281252652 0.00583787465002388 0.00589223301503807 0.00526203154586256 0.00531410735566169 0.00533773910719901 0.00495025080163032 0.00550452502211556 0.002147487772163 0.00400586202740669 0.00485362254548818 0.00257119880989194 0.0048833578126505 0.00628831689245999 0.00862536442000419 0.00801310625392944 0.0077218301827088 0.00794498187024146 0.0069562345277518 0.00700764886569232 0.00545995954889804 0.00567464707419276 0.00578619434963912 0.00483574869576842 0.00428724598605186 0.0036182714626193 0.00408370874356478 0.00356605966808274 0.00650748771149665
0.0122801339253783 0.0139500048942864 0.0121835806872696 0.0105824391823262 0.00840398580767214 0.00622658664360642 0.00595965976826847 0.00782392411492765 0.00884917629882693 0.00819759387522936 0.006985606206581 0.00609491365030408 0.00566785752307624 0.00498295912984759 0.00442379415035248 0.00450664055533707 0.00485723782330751 0.0046753850299865 0.00500583299435675 0.00480482352431864 0.00489115044474602 0.00462903243023902 0.00538072495255619 0.00523716644383967 0.00513280561062857 0.0090572714805603 0.00619858151767403 0.00453937612473965 0.00903500081039965 0.0062794508645311 0.00648483347613364 0.00554434219375253 0.0057598392595537 0.00648245519259945 0.00638456554152071 0.00627158915158361 0.00668223361717537 0.00564681413816288 0.00597356302896515 0.0047887705732137 0.00576186737744138 0.0140165821649134 0.00365881861653179 0.0032939950353466 0.00340328037273139 0.00340184685774148
0.00608701298478991 0.0150053232442588 0.0108256600098684 0.00944074913859367 0.00983258082997054 0.00597306194249541 0.00560533142415807 0.00538147510960698 0.00791311101056635 0.00765935177914798 0.0060993897728622 0.00580162573605776 0.00590640883892775 0.00517550867516547 0.0053986692102626 0.00588183563668281 0.00549628266599029 0.00482679440174252 0.00479644108563662 0.00497896431479603 0.00525770988315344 0.00471891936613247 0.00546973776072264 0.00525253713130951 0.00518981018103659 0.00621323345694691 0.00540744918398559 0.00584150183713064 0.00656015826389194 0.00743745400104672 0.00746462401002645 0.00632590421009809 0.00577711088117212 0.00577079185750335 0.00552466704975814 0.0052481196122244 0.0048720825696364 0.00571044434327632 0.00532533288933337 0.00538018621737137 0.00390278820414096 0.0041915216948837 0.00319425329798833 0.00306784536223859 0.00348623296013102 0.00578697725431994
0.00561660304665565 0.00539449211210012 0.00503634659107774 0.00418764094356447 0.00315235250163823 0.00261273286305368 0.00556111171608791 0.00559854351449758 0.00780118119437248 0.0125096240546554 0.00692971898242831 0.00618309794226661 0.00445587361464277 0.0046906131086871 0.00424946318380535 0.00553017093334347 0.00563309940043837 0.00397481585387141 0.00458094014320523 0.00597043660236523 0.00813229938503355 0.00594038616400212 0.00492751256097108 0.00482320277951658 0.00496036023832858 0.00487073014955968 0.00313586830161512 0.00432179352501407 0.00629422815982252 0.00571377454325557 0.00528599704848602 0.0093973038950935 0.006403653556481 0.00672946441918612 0.00611834980081767 0.00571529287844896 0.00620724738109857 0.00564220084343106 0.00440766627434641 0.00385356425540522 0.00415213998639956 0.0039265985484235 0.00288141065975651 0.00297085030470043 0.00174848198075779 0.00362715412629768
0.0319960752502084 0.027114424481988 0.0311202681623399 0.0113173420308158 0.00355444471351802 0.00405529303243384 0.00205555591965094 0.00511979149887338 0.00475972463609651 0.00220160249155015 0.00778569143731147 0.00509726126911119 0.0019488891470246 0.00551451209466904 0.00527980157639831 0.0048219129210338 0.00482603161362931 0.00520696672610939 0.00488665336742997 0.00464637882541865 0.00481996869202703 0.00464673184324056 0.00452872794121504 0.00461336490698159 0.00449204761534929 0.00460246452130377 0.00468909675255418 0.00238549615605734 0.00472901626490056 0.00561259095557034 0.00867009991779923 0.0065454711089842 0.00648865916300565 0.0059370793052949 0.00698766107670963 0.00541993922088295 0.00526097242254764 0.00438793047796935 0.00334331674966961 0.00288867563940585 0.00365275535732508 0.00284571499796584 0.00295897067990154 0.002868547802791 0.00456940894946456 0.00209831108331855
0.0371252951212227 0.034495313372463 0.0813265431672335 0.0384060179814696 0.0196857028640807 0.0204767973162234 0.00568040078505874 0.00673072440549731 0.00684314579702914 0.00437164405593649 0.00442476437892765 0.00621795780025423 0.00467589317122474 0.0043731719488278 0.00614801347255707 0.00476966628339142 0.00532201069872826 0.00473751316312701 0.00445238521788269 0.00444398503750563 0.0045729658799246 0.00457287444733083 0.00453790144529194 0.00486824731342494 0.00472075403667986 0.00433920639334247 0.00439183145062998 0.00427186663728207 0.00220009466283955 0.0038225460331887 0.0053506602300331 0.00681491084396839 0.00529199882876128 0.00482540987432003 0.00537009977269918 0.00431340939830989 0.00402522140648216 0.00336455416399986 0.00292550867889076 0.00249529202701524 0.00315928797936067 0.00282750851474702 0.00312048782361671 0.00299437469802797 0.00269368169829249 0.00292466989485547
0.0143126549199224 0.0110059197060764 0.00964034330099821 0.0185254853218794 0.0145802644081414 0.0391913887113333 0.0157736939378083 0.0119887636508793 0.0122727966401726 0.00461951602483168 0.00725304032675922 0.00452385697280988 0.00495363887166604 0.00579638739582151 0.00463178940117359 0.00473040104843676 0.00481316254008561 0.00447947343345731 0.00426128648687154 0.00417220816016197 0.00415565291186795 0.00434617775026709 0.00454885591752827 0.00459852791391313 0.00457381950691342 0.00437178981956095 0.00427087503485382 0.00405338469427079 0.00418889571446925 0.00547771509736776 0.00470956161152571 0.0053446443635039 0.0042858672561124 0.00473809312097728 0.00457444156054407 0.00399197147926316 0.00320444223470986 0.00370379037922248 0.00502200101036578 0.00185046865371987 0.0042357427533716 0.00356680634431541 0.00259313319111243 0.00299364761449397 0.00228410824202001 0.00252044881926849
0.00948711060918868 0.0093928833026439 0.00869436669163406 0.00690124584361911 0.00584299480542541 0.00496498423162848 0.00482602522242814 0.00456876682583243 0.00448620256502181 0.00748945439700037 0.00560164931230247 0.00817632849793881 0.00689347935840487 0.00471335998736322 0.00770739621948451 0.00764325854834169 0.0171924827620387 0.0070256840903312 0.00483623002655804 0.00427284587640315 0.00424940402153879 0.00429379802662879 0.00426522835623473 0.00416065176250413 0.00409007244743407 0.00410504455212504 0.00423852021340281 0.00415814341977239 0.0040609318530187 0.00396539081120864 0.00236807294422761 0.003869385458529 0.00402987981215119 0.0042867400450632 0.00385000626556575 0.00581506635062397 0.012356424331665 0.0156361350789666 0.0160928876604885 0.00914677002001554 0.00189876796794124 0.00216323466738686 0.00173354291764554 0.00315394652134273 0.00205431455979124 0.000946708081755787
0.00922823017463088 0.00767801243346185 0.00680572437122464 0.00589549716096371 0.00503481272608042 0.0047606295440346 0.00423222191166133 0.00426408464554697 0.00408050152473152 0.00383051647804677 0.00415858721826226 0.00399949860293418 0.00571163929998875 0.00122140364837833 0.0111176495905966 0.00926802938338369 0.0248158093425445 0.0137425609864295 0.00408786032348871 0.0039050999796018 0.00383362811990082 0.00385685000801459 0.00381165172439069 0.00372116408543661 0.00397937662201002 0.0048868509940803 0.00629666189197451 0.00480395692866296 0.00481248628348112 0.00474436047952622 0.00170815746378139 0.00399156698258594 0.00689037344418466 0.0079309125081636 0.00894171986728907 0.0291309915482998 0.0137780420714989 0.0052102537592873 0.00344868765678257 0.00487824929878116 0.0023439284414053 0.00359565789731278 0.00194039240013808 0.00189726294483989 0.00241491183405742 0.00127484393888153
0.00952217823360115 0.00893098264932632 0.00789948040619493 0.00545305868145078 0.00492303834762424 0.0041006461950019 0.00425123595632613 0.00400228779762983 0.00428272420540452 0.00398206955287606 0.00319771382492036 0.00347333247773349 0.00302472251933068 0.00415605765301734 0.00386147816898301 0.00817683767527342 0.00891160173341632 0.00338667198084295 0.0037051388528198 0.00423903686460108 0.00454582006204873 0.0034167223260738 0.00350908184191212 0.00351585060125217 0.0038226974545978 0.00431888230377808 0.00461298321606591 0.00448436090955511 0.00577873184811324 0.00563154420815408 0.00236180847859941 0.00412941072136164 0.0168388970196247 0.0122521655634046 0.00547453514300287 0.00621039671823382 0.00359336822293699 0.00408633949700743 0.00282192265149206 0.00243130589369684 0.003455874719657 0.00208568320376799 0.00262360582128167 0.00262098230887204 0.00270236782962456 0.00219011122826487
0.00762357618659735 0.00744394820649177 0.00635277925757691 0.00641390490345657 0.00489738776814193 0.00402917885221541 0.00417839053552598 0.00449838419444859 0.00439977643545717 0.00351428140420467 0.00324660658370703 0.00417940265033394 0.00309577693697065 0.00325894564157352 0.00469769327901304 0.00387422223575413 0.0094107307959348 0.00768720337655395 0.0044423793500755 0.0128828550688922 0.011216527223587 0.00833517720457166 0.0168979040114209 0.0111703358124942 0.00768958808621392 0.0141055482905358 0.00548206809035037 0.00208088330109604 0.00292046533431858 0.00326438940246589 0.00477354958420619 0.00350425695069134 0.00381556777283549 0.00421074565965682 0.00378974420018494 0.00475897847209126 0.00535677771549672 0.00320074650226161 0.00293330337153748 0.00270954928128049 0.00293326962273568 0.00344067013356835 0.00368654367048293 0.00289734075777233 0.00241112720686942 0.0024705489166081
0.00867916399147362 0.00730992362368852 0.00666779533494264 0.00514646091032773 0.0060581065248698 0.00497245802544057 0.0037259321892634 0.00335167590528727 0.00294499875744805 0.00288108002860099 0.00340432515367866 0.00406389660201967 0.00315472402144223 0.00285414542304352 0.00305055493954569 0.00321176790166646 0.00349698532372713 0.00903006009757519 0.0291425099596381 0.0207761528901756 0.0175451633986086 0.00862906635738909 0.00488166376017034 0.00232425691792741 0.00235428580781445 0.00228406476089731 0.00256623987806961 0.00250072845374234 0.00219863789970987 0.00281398540828377 0.00409187832847238 0.00475454770494252 0.00494478635955602 0.00453459664713591 0.00808906694874167 0.00438127019442618 0.00428984519094229 0.00350208380259573 0.00332891232101247 0.00309230604907498 0.00253818155033514 0.00264074193546548 0.0039186378242448 0.00348070855252445 0.00287031792104244 0.00299099220428616
0.00740484381094575 0.00751524574588984 0.00584118132246658 0.00615000245161355 0.0050267924903892 0.005759885488078 0.00395285091362894 0.00305570234777406 0.00278735441388562 0.00265478215878829 0.00248415413079783 0.0022209782502614 0.00361055789981037 0.00313981529325247 0.00290508648613468 0.00928261217195541 0.0156426919158548 0.0119255301775411 0.0137443333398551 0.00536745185963809 0.002769054856617 0.00253637623973191 0.00331313746282831 0.00318054090021178 0.00287942030699924 0.00258252240018919 0.00246806252980605 0.00264162851963192 0.00199993892456405 0.00185543635161594 0.00219587348401546 0.00314544525463134 0.00359265462029725 0.00424561148975044 0.00377328956965357 0.00393327665515244 0.00477414983324707 0.00406365742674097 0.00401927027851343 0.00373193342238665 0.00320346610387787 0.00263677675975487 0.00420531914569437 0.0029827238060534 0.00275771578308195 0.00349397412501276
0.00629608524031937 0.0100954629480839 0.00660852873697877 0.0043868908425793 0.00634687172714621 0.00454405870987102 0.00595697371754795 0.00358276949264109 0.00287961856229231 0.00271831888239831 0.00240933119785041 0.00212683578720316 0.00272010054904968 0.00329687539488077 0.0029204121325165 0.000934610111289658 0.00461453765165061 0.00304497996112332 0.00288540406618267 0.002773272478953 0.00316432564286515 0.00250557884573936 0.00269953425740823 0.00245045045157895 0.00333218136802316 0.00368384714238346 0.00226920041022822 0.00219382544746622 0.00252699801931158 0.00226571745006368 0.00174651423585601 0.00211096497951075 0.00495325399097055 0.00587481849361211 0.00399463232606649 0.00818715146742761 0.00599975767545402 0.00401996728032827 0.00494973480235785 0.0040115061448887 0.00436490091960877 0.00282976677408442 0.00207792822620831 0.00257462514564395 0.00250260956818238 0.00238744938978925
0.00573489575181156 0.00405592960305512 0.0068349527195096 0.00651731265243143 0.00652635861188173 0.0053817379521206 0.00426639849320054 0.00316480721812695 0.00268885808764026 0.00244940663687885 0.0021963257342577 0.00215118096675724 0.00201194748515263 0.00332336241845042 0.00322346143657342 0.0235279241576791 0.00656391473021358 0.00308387241093442 0.00329547765431926 0.00316515660379082 0.00379177695140243 0.00276839012512937 0.00299611374503002 0.00364561637397856 0.00378916442859918 0.00376968431519344 0.00145387184456922 0.00158925791620277 0.00191763067850843 0.00279872360406443 0.00223440228728577 0.00184726713341661 0.00435261032544076 0.00401410019258037 0.00452032291796058 0.005017667170614 0.00453444188460708 0.00402884976938367 0.00406164899468422 0.00454169369768351 0.0035953828250058 0.00299808108247817 0.00267007342772558 0.00193522906629369 0.00249452546704561 0.00209462086204439
