Scripts_&_data/Maxent_result_files_2/B_soroeensis_2.asc
NCOLS 594 
NROWS 330 
XLLCORNER -15 
YLLCORNER 23 
CELLSIZE 0.166666666666667 
NODATA_value -9999 
[rows 240 to 259 of 330, columns 46 to 91 of 594]
0.0139639512635767 0.0194495811127126 0.0202747540548444 0.0184836026281118 0.0188285783864558 0.0168229850009084 0.0171982030384243 0.0168452702462673 0.0128200343810022 0.0128065925091505 0.0237538605928421 0.0155875214375556 0.0119170818012208 0.0109930236823857 0.00282957391318632 0.00215006409853231 0.00299525838345289 0.00169934661826119 0.00172003699699417 0.00175544447265565 0.00109405100811273 0.00128922841395251 0.00169817473506555 0.00149744101800025 0.00170893714530393 0.00242867155466229 0.0416946826502681 0.085040470212698 0.0286660290323198 0.0133284000214189 0.00800825948826969 0.00940326200798154 0.00506092994473875 0.00907397223636508 0.00625234752660617 0.0023594010504894 0.00187410575454123 0.00211869509075768 0.001250181987416 0.00424937419593334 -9999 -9999 -9999 -9999 -9999 -9999
0.0119787910487503 0.0158018046990037 0.0112741601187736 0.0155138667207211 0.0152542526833713 0.0149793338961899 0.0157296744175255 0.0235881042666733 0.0143452284857631 0.0153940006159246 0.00857526110485196 0.00429068597150035 0.00111305144091602 0.00118573230574839 0.00175364952301607 0.0018953877966851 0.00186006815638393 0.00198929500766098 0.00192974577657878 0.00218549371929839 0.00314558841055259 0.00242574922740459 0.00487716028001159 0.011198471323587 0.00340765038272366 0.00302059268578887 0.0101037572720088 0.00383614206220955 0.00355107600335032 0.00503783852327615 0.0105985816568136 0.0103603922296315 0.00680918651632965 0.00310755315003917 0.00323050095466897 0.00107348695164546 0.00160479216719978 0.00086267210135702 0.000844975706422701 -9999 -9999 -9999 -9999 -9999 -9999 -9999
0.0086181668099016 0.00905198212713003 0.00840361998416483 0.0123042120598257 0.00789164332672954 0.00931857633404434 0.011637434316799 0.00931171514093876 0.00541053477209061 0.00294734863564372 0.00197895264718682 0.00114176939823665 0.00160933137522079 0.00144863773602992 0.00172594333998859 0.00204560697311535 0.00250374837778509 0.00342701503541321 0.00306867063045502 0.00248815143713728 0.0045311298687011 0.0140732894884422 0.00619765403680503 0.00515947875101119 0.00407746431883424 0.00242843418382108 0.00326271468074992 0.00254716130439192 0.00368579777423292 0.0193480879068375 0.0124200078193098 0.00666636452078819 0.00339103966252878 0.00213902996038087 0.00348091073101386 0.00310389500809833 0.00616020283196121 0.0062241330742836 0.00469813903328031 -9999 -9999 -9999 -9999 -9999 -9999 -9999
0.00504757941234857 0.00505779308732599 0.00456190942786634 0.0032454514876008 0.00467582303099334 0.00275295350002125 0.00144952033297159 0.00141869088402018 0.00229425260331482 0.00130099839880131 0.00172354530077428 0.00166433338890783 0.00163470641709864 0.00155913255293854 0.0016537970630452 0.00206387813668698 0.00260744506958872 0.00316517686005682 0.00460419359151274 0.00368485336657613 0.00429571131244302 0.00491654358338565 0.00469110787380487 0.0116559048183262 0.00380488510709256 0.00473733155522496 0.049148678407073 0.0609770711511374 0.00712536864448339 0.0089907092275098 0.00226735828327946 0.00221939541515894 0.00207096292870119 0.00199756137444638 0.00482052933657542 -9999 -9999 -9999 -9999 -9999 -9999 -9999 -9999 -9999 -9999 -9999
0.00281506223836914 0.00274179301923141 0.000375029401038773 0.00172762821312062 0.0017811183410231 0.0018767428555293 0.00116680042701773 0.00127608666662127 0.000935243017738685 0.00141434988472611 0.00333066096063703 0.0017340661783237 0.00157895622542128 0.00193561546038836 0.00212174917105585 0.00259774480946362 0.00224106452660635 0.00401672718580812 0.00295584189007059 0.00299513577483594 0.00236733556957915 0.00200678852270357 0.00579498645383865 0.410875472426414 0.0651315592229366 0.011710072401911 0.0316926751285791 0.617149758338928 0.440403401851654 0.373798383027315 0.00463722413405776 0.00174883467843756 0.00109561689605471 -9999 -9999 -9999 -9999 -9999 -9999 -9999 -9999 -9999 -9999 -9999 -9999 -9999
-9999 -9999 -9999 -9999 0.00599795607849956 0.00358346726279706 0.00106561809661798 0.00113411581842229 0.00145379358436912 0.00157870936673135 0.00172544601955451 0.0041857187403366 0.00497844673227519 0.00282012056559324 0.00198777018813416 0.00187040255405009 0.00261487321695313 0.00357944738352671 0.01005824287422 0.0109282487072051 0.00312034040689468 0.00308895932976156 0.0120229091495276 0.0235258537810296 0.0767088650725782 0.263601548969746 0.221339294314384 0.0366438856348395 0.00277269466314465 0.00203541700029746 0.00258110574795865 0.00113623976067174 0.00344230071641505 -9999 -9999 -9999 -9999 -9999 -9999 -9999 -9999 -9999 -9999 -9999 -9999 -9999
-9999 -9999 -9999 -9999 -9999 0.00036826860086876 0.000314159705885686 0.00122558323200792 0.00161066048895009 0.00173085991409607 0.00166215047938749 0.00311566128075356 0.00253457700600848 0.00336653660051525 0.00256433462491259 0.00576611354481429 0.00536966652143747 0.00504142807330936 0.00307051176205277 0.00925970729440451 0.16167276352644 0.21681470759213 0.0243528947234154 0.120791896805167 0.0141205040737987 0.00389231533044949 0.016347165312618 0.101579281687737 0.00349799830000848 0.000704692474391777 0.00144608612754382 0.00121721254254226 -9999 -9999 -9999 -9999 -9999 -9999 -9999 -9999 -9999 -9999 -9999 -9999 -9999 -9999
-9999 -9999 -9999 -9999 -9999 -9999 0.00121439950889908 0.00128782736719586 0.00168713951134123 0.00193898548604921 0.00331985291268211 0.0119438466150314 0.00768920263508335 0.00889546647667885 0.00616865862975828 0.00145913056912832 0.00582071177195758 0.015382745815441 0.00614101183600724 0.00487921889871359 0.00885356445796788 0.0124039287678897 0.00502258590422571 0.00525869694538414 -9999 -9999 0.000473869012785144 0.000167450642038602 -9999 -9999 -9999 -9999 -9999 -9999 -9999 -9999 -9999 -9999 -9999 -9999 -9999 -9999 -9999 -9999 -9999 -9999
-9999 -9999 -9999 -9999 -9999 -9999 0.000572348215791862 0.00131699559278786 0.00171442269929685 0.00250957060779911 0.0127490749582648 0.0262313117273152 0.0234012432396412 0.0185258094221354 0.00915049514733255 0.0189596500713378 0.0107257999479771 -9999 -9999 -9999 -9999 -9999 -9999 -9999 -9999 -9999 -9999 -9999 -9999 -9999 -9999 -9999 -9999 -9999 -9999 -9999 -9999 -9999 -9999 -9999 -9999 -9999 -9999 -9999 -9999 -9999
-9999 -9999 -9999 -9999 -9999 -9999 -9999 0.00159520889865234 0.00192967696930282 0.000736818520454108 0.0210950694046915 0.00219472037715605 0.00470526852877811 -9999 -9999 -9999 -9999 -9999 -9999 -9999 -9999 -9999 -9999 -9999 -9999 -9999 -9999 -9999 -9999 -9999 -9999 -9999 -9999 -9999 -9999 -9999 -9999 -9999 -9999 -9999 -9999 -9999 -9999 -9999 -9999 -9999
-9999 -9999 -9999 -9999 -9999 -9999 -9999 -9999 0.00253082622075453 0.00294751318870112 0.00570313597563654 0.00232369218720123 -9999 -9999 -9999 -9999 -9999 -9999 -9999 -9999 -9999 -9999 -9999 -9999 -9999 -9999 -9999 -9999 -9999 -9999 -9999 -9999 -9999 -9999 -9999 -9999 -9999 -9999 -9999 -9999 -9999 -9999 -9999 -9999 -9999 -9999
-9999 -9999 -9999 -9999 -9999 -9999 -9999 -9999 -9999 0.00640341129619628 0.00562288572546095 -9999 -9999 -9999 -9999 -9999 -9999 -9999 -9999 -9999 -9999 -9999 -9999 -9999 -9999 -9999 -9999 -9999 -9999 -9999 -9999 -9999 -9999 -9999 -9999 -9999 -9999 -9999 -9999 -9999 -9999 -9999 -9999 -9999 -9999 0.00281991659430787
-9999 -9999 -9999 -9999 -9999 -9999 -9999 -9999 -9999 -9999 -9999 -9999 -9999 -9999 -9999 -9999 -9999 -9999 -9999 -9999 -9999 -9999 -9999 -9999 -9999 -9999 -9999 -9999 -9999 -9999 -9999 -9999 -9999 -9999 -9999 -9999 -9999 -9999 -9999 -9999 -9999 -9999 -9999 -9999 0.00287750384304672 0.000707391509786248
-9999 -9999 -9999 -9999 -9999 -9999 -9999 -9999 0.00862929900176823 0.00221728313481435 0.000852865076012677 0.00153518369188532 -9999 -9999 -9999 -9999 -9999 -9999 -9999 -9999 -9999 -9999 -9999 -9999 -9999 -9999 -9999 -9999 -9999 -9999 -9999 -9999 -9999 -9999 -9999 -9999 -9999 -9999 -9999 0.00548629225231707 0.00739271452184767 0.000934276639600284 0.000865830955444835 0.00125459499540739 0.000418623187579215 0.000351336225867271
-9999 -9999 -9999 -9999 -9999 -9999 -9999 -9999 0.00140160311711952 0.000960709809805849 0.000911729915969772 0.00179657206172124 0.00488510637078434 -9999 -9999 -9999 -9999 -9999 -9999 -9999 -9999 -9999 -9999 -9999 -9999 -9999 -9999 -9999 -9999 -9999 -9999 -9999 -9999 -9999 -9999 -9999 -9999 0.00217653538566083 0.000842621232732199 0.000161119457698078 0.0009908773296047 0.000619305946747772 0.000503622229734901 0.000416286516701803 0.000663756017456763 0.00140855339705013
-9999 -9999 -9999 -9999 -9999 -9999 -9999 -9999 0.000856941036181524 0.00103661995817674 0.00201391589944251 0.00185139919340145 0.00301889626425691 0.0021981640427839 -9999 -9999 -9999 -9999 -9999 -9999 -9999 -9999 -9999 -9999 -9999 -9999 -9999 -9999 -9999 -9999 -9999 -9999 -9999 -9999 -9999 -9999 0.00308186953188851 0.00051379066426307 0.00052808117470704 0.000596964414580725 0.00107508481596597 0.00127615123055875 0.00098609168198891 0.000715417513856664 0.00136976296198554 0.00136225288442802
-9999 -9999 -9999 -9999 -9999 -9999 -9999 0.00233787901233882 0.000848436198430136 0.00138678211151273 0.00316453125997214 0.00251410870696418 0.00301553934259573 0.0112821099814028 0.00282788113108836 -9999 -9999 -9999 -9999 -9999 -9999 0.00356659730896354 -9999 -9999 -9999 0.00144785387674347 -9999 -9999 -9999 -9999 -9999 -9999 -9999 -9999 -9999 0.00119463840965182 0.000990205467678606 0.00112281321780756 0.00109387604752555 0.00136211889330298 0.00158903699484654 0.00121936633368023 0.00152311810525134 0.00119063559395727 0.000792236704728566 0.00131373104522936
-9999 -9999 -9999 -9999 -9999 -9999 -9999 0.00199040856678039 0.00131782664684579 0.0016856080663274 0.00146506299206521 0.00262544975848868 0.00307992744492367 0.00616810566862114 0.00691072745248675 0.00658120992593467 0.00652650205884129 0.00281067991745658 0.00268242859747261 0.00203998274519108 0.00163487977697514 0.0023573083919473 0.00334561608033255 0.00148355593555607 0.000951511846506037 0.000879040645668283 0.00024370088140131 0.000748888403177261 0.0037581862998195 0.00088799771910999 0.00189513877267018 0.0051225574221462 0.00389742492698133 0.00356249414617196 0.00116536254645325 0.000897442430141382 0.00111860405013431 0.00170600996352732 0.00236337581882253 0.0015014692035038 0.00180275759776123 0.00221055009169504 0.00172598416102119 0.00128647042729426 0.00121518504456617 0.00139179797843099
-9999 -9999 -9999 -9999 -9999 -9999 0.00418820807244629 0.0031584594049491 0.000832017342327163 0.00101611975696869 0.000837031673290767 0.000805203267373145 0.00304741716245189 0.0017925011285115 0.00314469968434423 0.00622394008096308 0.0130754032637924 0.022589922323823 0.0146442994941026 0.0168917372822762 0.00359520256752148 0.00549461243208498 0.00260623004287481 0.000829827999405097 0.00119334362971131 0.00097870601748582 0.000660414039157331 0.00032699778676033 0.000313636954524554 0.000644063507206738 0.00145933696185239 0.00189705628436059 0.0017789822537452 0.00190065061324276 0.000770161370746791 0.0018270953791216 0.00348635824630037 0.00313663189299405 0.00317153460346162 0.00313797672279179 0.00209248310420662 0.00315376870566979 0.00228755958378315 0.00248756266082637 0.00250479700043797 0.00298208029707894
-9999 -9999 -9999 -9999 -9999 -9999 0.00356578675564378 0.000697845758986659 0.00109583931625821 0.00100083625293337 0.000962056440766901 0.0010761423225631 0.00117301248246804 0.00125015457742848 0.00174107144121081 0.00270515130832791 0.00476081201341003 0.0096087243873626 0.0109422545414418 0.0112346947658807 0.0133494547568262 0.00938411424867809 0.00191359683522023 0.000823451727046631 0.00177313012536615 0.00166618640068918 0.000294449630018789 0.000492093719367404 0.00190734498901293 0.00375386744271964 0.00251232184236869 0.00216277422150597 0.00153853366500698 0.00206582645187154 0.00311690669041127 0.00965345911681652 0.0106911988463253 0.00827227865811437 0.00662491132970899 0.00475173522718251 0.00474186553619802 0.00447089663939551 0.00358241640496999 0.00355944910552353 0.00362989488057792 0.0046301583526656
