Scripts_&_data/Maxent_result_files_2/B_soroeensis_2.asc
NCOLS 594 
NROWS 330 
XLLCORNER -15 
YLLCORNER 23 
CELLSIZE 0.166666666666667 
NODATA_value -9999 
[rows 140 to 159 of 330, columns 322 to 367 of 594]
0.0333774704486132 0.0306681326590478 0.0260828628204763 0.024169116280973 0.0223255655728281 0.0184464235790074 0.117889861017466 0.018260532617569 0.0241633595898747 0.0212164838798344 0.0238437133841217 0.0272458611056209 0.020019512437284 0.0308054111897945 0.0374711722135544 0.0162800482008606 0.016840447857976 0.0193243050947785 0.0173173466697335 0.0327389931306243 0.0218087874352932 0.0141440748237073 0.0130250729620457 0.0134183706715703 0.00729226020630449 0.00915747773833573 0.00997741110622883 0.00847061323001981 0.00812746630981565 0.00876407073810697 0.00868800822645426 0.00942275137640536 0.0103864422533661 0.0101463594473898 0.0132106106728315 0.0106342544779181 0.00989788896404207 0.00961621943861246 0.00855538472533226 0.00743312449194491 0.00698090554215014 0.00701736081391573 0.00709610763005912 0.00671599705237895 0.00720215202309191 0.00758744780905545
0.0305533405393362 0.0273499431088567 0.0245011396706104 0.0217953145503998 0.0214568043127656 0.0199738630093634 0.0180171768181026 0.0159754581749439 0.0155274827964604 0.0186926766298711 0.0142860397696495 0.013266740180552 0.0132621187716722 0.0200697001651861 0.0180219342932105 0.0165741974487901 0.0183452568948269 0.0194641070440412 0.0172386642545462 0.0133963057305664 0.0142485048156232 0.0118459920864552 0.0130595192313194 0.0103347375057638 0.0107709035044536 0.00893636823166162 0.00751267573796213 0.00857645408250391 0.00912011950276792 0.00968793979845941 0.00950103774666786 0.00975549463182688 0.00936420331709087 0.0109324019867927 0.011394428415224 0.0108966297470033 0.00950507284142077 0.00892629786394536 0.00794920595362783 0.00739870951510966 0.00722293956205249 0.00768722370266914 0.00635086200200021 0.0117482734844089 0.00736164287663996 0.00728821149095893
0.0279989710077643 0.0265288902446628 0.0221893819049001 0.0216342745348811 0.0200901770964265 0.0183608828112483 0.01837900551036 0.014926943089813 0.0156256152316928 0.0144181528128684 0.0179357542656362 0.0155493688769639 0.0126418458297849 0.0114220413845032 0.0122941013425589 0.0162171795032918 0.0163989518769085 0.0167915523983538 0.0166798250749707 0.0149311128072441 0.013298361049965 0.00858126415405422 0.0124498700723052 0.0111154796555638 0.0083946653874591 0.00815193017479032 0.00917944586835802 0.00776218269020319 0.00857128584757447 0.00925243156962097 0.00836608200334013 0.00881166728213429 0.010653059836477 0.0105587556958199 0.00856918976642191 0.00965189784765244 0.00880986298434436 0.00941671463660896 0.0137762209400535 0.0174962652847171 0.00816074658650905 0.00853293379768729 0.0104919468052685 0.00943611199036241 0.00882079624570906 0.00859686816111207
0.0426657021045685 0.025605056155473 0.0210404905490577 0.0210021428763866 0.0155626626685262 0.0175433348864317 0.031532593164593 0.0140421135351062 0.013898812327534 0.0155150135979056 0.0173944979906082 0.0172867333516479 0.0148233962245286 0.0141726425848901 0.0174310736358166 0.0158979861065745 0.0152365188114345 0.0157931563444436 0.0155253783334047 0.0157568942755461 0.0151715406216681 0.0133104435168207 0.0139632175210863 0.012012657430023 0.00969631490297615 0.010495862364769 0.00831642900593579 0.00795836662873626 0.00841188933700323 0.00834193346090615 0.00855673742480576 0.00962630128487945 0.00987529898993671 0.0112911695148796 0.00753594180569053 0.0100553305819631 0.0108616805635393 0.00675235828384757 0.00750201228074729 0.00553333291318268 0.00843161521479487 0.0156555584166199 0.0156060443259776 0.014239472290501 0.0138689077459276 0.0129242652561516
0.0274691076949239 0.0205227511934936 0.0228505787439644 0.0199563453905284 0.0179046508856118 0.015233263745904 0.0161512158811092 0.0172910552471876 0.0158926240168512 0.0157008780166507 0.0162054678425193 0.0134350635576993 0.013473212486133 0.0147564363665879 0.0162350702099502 0.0135304627008736 0.0150955301709473 0.0156228814274073 0.0149538006167859 0.0128448158502579 0.0121287451591343 0.0117602920159698 0.00671649826690555 0.00762679579202086 0.0117089734878391 0.0101346239447594 0.00978248226456344 0.00951540037058294 0.00953715587966144 0.00881332843564451 0.00877619753591716 0.00727648329921067 0.00936400918290019 0.00779673159122467 0.00965879228897393 0.00879468591883779 0.00843712165951729 0.00816656635142863 0.00799200928304344 0.00782535257749259 0.00644534656312317 0.0126375934109092 0.0154754939489067 0.0123489224817604 0.0141062717884779 0.0145138135179877
0.0240928661078215 0.0239232806488872 0.0212083217687905 0.0196856322698295 0.0179255373775959 0.0188881281763315 0.0148387306369841 0.0148829126730561 0.0157153115607798 0.0168550298549235 0.0143873798195273 0.0162507441826165 0.0167864384129643 0.0170428068377078 0.0170313233043998 0.0174118273891509 0.0159435834269971 0.0154180806595832 0.0138812251854688 0.0117091664113104 0.00879836194217205 0.0100849797017872 0.00993359533604234 0.0140008118934929 0.0130174188874662 0.0116454378236085 0.0133923897054046 0.0103189005516469 0.0100350805092603 0.00949652660638094 0.010388181079179 0.0135245742276311 0.0118416149634868 0.0126071260776371 0.0170561365783215 0.00766454506665468 0.00835607647895813 0.00791902686469257 0.00758838932961226 0.00764298080466688 0.0123366343323141 0.0146819923538715 0.015922730602324 0.0145109231583774 0.0157327965833247 0.0144929619971663
0.0206518458202481 0.0214312712661922 0.0189637110568583 0.0164737234823406 0.0166739085689187 0.0161292659118772 0.015618753246963 0.0178773636929691 0.0199438493698835 0.0165094344876707 0.0161062888801098 0.0165297459810972 0.0180515105836093 0.0157189071178436 0.016555748321116 0.0155802223365754 0.0165995100513101 0.0154238131828606 0.0154556988738477 0.012114755762741 0.00656094066798687 0.0100590741960332 0.0159791110083461 0.0157607813365757 0.0125531672965735 0.0136280567385256 0.0161586979404092 0.0142380956560373 0.0118857867084444 0.0106253852602094 0.0106641134712845 0.0119139029178768 0.0111829610541463 0.00817624623887241 0.0121567327994853 0.0159215637017041 0.00687707280740142 0.0072118871146813 0.00738035466056317 0.00889695715159178 0.0119253549259156 0.010086270282045 0.0125973419751972 0.0127809192053974 0.0129534706939012 0.0113101142924279
0.0178294222801924 0.0172369276173413 0.0152473886497319 0.015207764133811 0.0162234426476061 0.0160823771730065 0.0163511923514307 0.0185011094436049 0.0180051066912711 0.0165894255973399 0.0160753006581217 0.0167037480510771 0.0161369217099491 0.016476025339216 0.0139468474779278 0.0169471124187112 0.0173915538936853 0.0168785477057099 0.0323288632556796 0.0189511396922171 0.0125271758530289 0.0149614380672574 0.0128392661456019 0.0152314478065819 0.0141797273885459 0.0141191217117012 0.0166650373488665 0.0159664060920477 0.0146473785396665 0.0152277204673737 0.0119268834125251 0.0125833825673908 0.0121872986201197 0.00918142660520971 0.00788131998851895 0.0103095027152449 0.00815236989874393 0.00775189409032464 0.011494777072221 0.00659558933693916 0.0135742999613285 0.0134558798279613 0.0104010554496199 0.013445559469983 0.0121949840337038 0.010259518539533
0.0167032122612 0.0167800392955542 0.011630165297538 0.0148061501327902 0.0163545445539057 0.0168097326532006 0.0169062719680369 0.0171276956796646 0.0182989303953946 0.0178568197414279 0.014713790314272 0.016315150167793 0.0170019074343145 0.017001498490572 0.0156251105479896 0.0159908256493509 0.0176135036163032 0.0161479889415205 0.0164752961136401 0.00974907563067973 0.0136554570868611 0.0151905732229352 0.0161792239174247 0.0155665531754494 0.0155426091514528 0.0142611801624298 0.0142415548674762 0.0132231102790684 0.015632987068966 0.0151830903254449 0.012163150915876 0.00964194731786847 0.00951924845576286 0.0104719806462526 0.00979405799880624 0.00899416031315923 0.00843269340693951 0.0281885594129562 0.0262906276620924 0.0142041134648025 0.0083601008169353 0.0144063550978899 0.0141702414955944 0.0142682838719338 0.00907678664661944 0.0108267769217491
0.0144616895355284 0.0132241133600473 0.0156545690260828 0.0157543885521591 0.016425806004554 0.0180789235047996 0.0187819055281579 0.0143205944448709 0.0146980129648 0.0129514552652836 0.016646951623261 0.0125474606174976 0.0174693836830556 0.0164559991564602 0.0154329475946724 0.0167972995899618 0.0146125523373485 0.0142637733370066 0.00737019705120474 0.0147164680995047 0.0151071218773723 0.0152977137826383 0.0157460706774145 0.015511815669015 0.0149726952426136 0.0144062020350248 0.0112236792687327 0.0136978915892541 0.0131284391041845 0.0100745220202953 0.0105049072764814 0.00903466199524701 0.0107084723189473 0.0096203098539263 0.00872900583781302 0.00806388936471194 0.00713289398699999 0.00860087187029421 0.0186171444132924 0.00312720782821998 0.00818602787330747 0.00793064879253507 0.0108682190533727 0.00561652886681259 0.00811081221327186 0.00830439552664757
0.0147835198324174 0.016005917172879 0.0165007626637816 0.0153901473153383 0.017469843942672 0.0145728362724185 0.0165404861560091 0.0178151364438236 0.0139660642016679 0.0136336371302605 0.0193957377225161 0.0131426675245166 0.0160670570097864 0.0151345334015787 0.015678384155035 0.0166819461621344 0.0149732351768762 0.0178181587718427 0.0134354138746858 0.0151983781717718 0.0142438493203372 0.0155897577293217 0.015218242444098 0.0152120369952172 0.0143439906649292 0.0142058211378753 0.0180467627942562 0.00979126743040979 0.0111669525969774 0.0114818039815873 0.0110293647740036 0.00872599489521235 0.0100206987932324 0.00924494122155011 0.00818263902328908 0.00649646879173815 0.00736394578125328 0.00922026918269694 0.00636192094534636 0.0101718932390213 0.0152672828175128 0.0102578454650939 0.00783737814053893 0.00659495997242629 0.00459945830516517 0.00650502126663923
0.0169762847013772 0.0192046619020402 0.0216527850367129 0.0193501487374306 0.0190058472566307 0.0218888201750815 0.0123357483185828 0.0115403930656612 0.014833792950958 0.0156861911062151 0.0157487578224391 0.0152638155501336 0.0158098723739386 0.016444418206811 0.0161660028621554 0.0156792175024748 0.0758613180369139 0.0190082024782896 0.0169858436100185 0.0203599264845252 0.0145988400094211 0.0151567644905299 0.0152251168619841 0.014463614532724 0.0119980292860419 0.0122037380002439 0.012608328089118 0.0118894978426397 0.0112645460292697 0.0108800883404911 0.010705385543406 0.0101434405893087 0.00936666894704103 0.00931581035256386 0.00826203534379602 0.00647261878475547 0.0065945632988587 0.0060056539485231 0.00542716211639345 0.00627711827401072 0.00593790363054723 0.00892848379444331 0.00898542613722384 0.00564311109483242 0.00348866203567013 0.0039694128674455
0.0203659290447831 0.0207877434790134 0.0210317100398242 0.0195303047075868 0.0233362862840295 0.179134806990623 0.181909993290901 0.0266369478777051 0.0152481080498546 0.014532038802281 0.0154415635857731 0.0148220561910421 0.0154654443729669 0.0166707487776875 0.0158447313588113 0.0152414987795055 0.0226809351705015 0.0385257678106427 0.0159162666648626 0.0105593842919916 0.0139702482614666 0.0144819028675556 0.0141127710230649 0.0145280031953007 0.0145573536865413 0.0100714763626456 0.011488457210362 0.0116678950376809 0.011141956364736 0.0106254705227911 0.0110694819130003 0.0125769760459661 0.0115278748329729 0.00835917603690177 0.00848119109869003 0.00708437822759151 0.00656848379876465 0.00572499569971114 0.004542330885306 0.00552414488047361 0.00590121953282505 0.00454470263794065 0.00339322128565982 0.00221959218033589 0.00348431913880631 0.00235395705094561
0.0202877178788185 0.0263422261923552 0.0273493888787925 0.0223632700741291 0.0265082483179867 0.0269947355613112 0.0148628840222955 0.0134918524418026 0.0139637427870184 0.0141877007670701 0.0136808048002422 0.0137844067066908 0.0144668667577207 0.0152402312960476 0.0149648538790643 0.0137388732284307 0.0151822535321116 0.0134478165302426 0.0126885422039777 0.0131123868748546 0.0132613481488079 0.012918479880318 0.0129808831959963 0.0110564080066979 0.009320336766541 0.0101297830231488 0.0109656747896224 0.0104850829113275 0.0127084672451019 0.0122936330735683 0.0136690597981215 0.00936073726043105 0.00970599357970059 0.0126431885641068 0.00899635618552566 0.00588259992655367 0.00631582397036254 0.00466480953618884 0.00455506445141509 0.0039858978940174 0.00324895884841681 0.00368414521217346 0.00259622363373637 0.00244399581570178 0.00272652801359072 0.00197180336690508
0.0282744701951742 0.027836755104363 0.0327257636934519 0.0232709672302008 0.0357452753931284 0.0217176189646125 0.0169531692750752 0.0168026843108237 0.0155929310247302 0.0143061753362417 0.0136769710574299 0.0138786363881081 0.0140983047429472 0.0142697791568935 0.0143001788761467 0.0135332072153687 0.0128410988487303 0.0122092602774501 0.0123541680164635 0.0124775142408907 0.012136801192537 0.0117349741980433 0.0132600344717503 0.0100481351837516 0.00929569830186665 0.00997747019864619 0.0105627378914505 0.00922497846186161 0.0128833541180938 0.00919343908317387 0.00793333691544831 0.00953404428437352 0.00907928850501776 0.00877187722362578 0.00797599758952856 0.00718751545064151 0.00640044775791466 0.0055328254820779 0.00463930864352733 0.00385058352258056 0.00265036020427942 0.00266091856756248 0.00252129327272996 0.00229763308889233 0.00163635144708678 0.00220170154352672
0.0356147181242704 0.0335009597241879 0.0311844369396567 0.0317726416513324 0.0365546276792884 0.0234148724004626 0.0226745176129043 0.0169781867414713 0.0159776349086314 0.0146124190185219 0.0139967723749578 0.0120915242936462 0.0135244016069919 0.0134523179847747 0.0134451652411371 0.0133317874744534 0.0124893086962402 0.0121112134773284 0.0122657294850796 0.0119994470383972 0.0118449870031327 0.0144097595475614 0.00983583629131317 0.00983221898786724 0.00929944575764239 0.0091609438881278 0.00927065494470298 0.0100058975163847 0.00794782973825931 0.00892589273862541 0.00912550101056695 0.00899460623040795 0.00864042290486395 0.00831422200426459 0.0076603205408901 0.00704090376384556 0.00608399503398687 0.00539665012620389 0.00460763510782272 0.00403807526454329 0.00373020927654579 0.00468566045165062 0.00258977916091681 0.00291023856261745 0.00231765430653468 0.00262332741403952
0.0376318007707596 0.0341023871675134 0.0231674842536449 0.0413811972364783 0.0275893250480294 0.0242254172451794 0.0248679101467133 0.0180217111483216 0.0168576354160905 0.0153473316226155 0.0140895516145974 0.0135274115949869 0.0133415149524808 0.0132049459964037 0.0128130975645036 0.0124411834869534 0.00864628423005342 0.0110778993926942 0.0118604452349246 0.0122313922736794 0.0116387383081019 0.0119127293583006 0.0125571867451072 0.00941249513998628 0.00860174498520791 0.00815509143285453 0.00855048117227852 0.00869877547957003 0.0137086208444089 0.00864777667447925 0.00878733722493052 0.00888439021073282 0.00845403256826103 0.00786262503825128 0.00717231081798673 0.00667453096248209 0.00621844169218093 0.00423626482952386 0.00361154623096809 0.00402704675216228 0.0036597881349735 0.00354449322912842 0.00346367678139359 0.00240525985136628 0.00214614820433781 0.00230116097955033
0.034002410620451 0.0320054929703474 0.0602051347494125 0.956382489204407 0.0214201271533966 0.0240433541126549 0.0195638508535922 0.0181265136227012 0.0171049261465669 0.0154846774414182 0.0141373326070607 0.0137425485998392 0.0131462201010436 0.012886771466583 0.0127237079199404 0.0114025942049921 0.0108735215384513 0.0119345556944609 0.0115975415799767 0.0124768048059195 0.0120122186839581 0.0115802405867726 0.0112837256863713 0.00972970388829708 0.00956154041923583 0.00854593818075955 0.00872174315154552 0.0114265447948128 0.0112380373757333 0.00831525083631277 0.00858383178710937 0.00843296456150711 0.0079812484793365 0.00742383759934455 0.00702841791789979 0.00636325043160468 0.00585252549499273 0.0050529521657154 0.00509021345060319 0.00447985886130482 0.00349406453315169 0.00341000301996246 0.00332247997866943 0.0027606716263108 0.00254085337510332 0.00241685716318898
0.0315621679648757 0.0233123117126524 0.058777517080307 0.694076651334763 0.0207715837284923 0.0206720411777496 0.0197094312869012 0.0188037345185876 0.0169087939895689 0.0154354307800531 0.0126279747113585 0.0136998896021396 0.0127233335282654 0.0123481836169958 0.0123886068351567 0.0112624606117606 0.0113433094229549 0.0131050154566765 0.0114367096219212 0.0126659063156694 0.0129353784490377 0.0126809847075492 0.0110151072498411 0.0139793265145272 0.0113208401016891 0.0100480409804732 0.0122988061513752 0.0182123705744743 0.00838720863685012 0.00826006112620234 0.00823361915536225 0.0079674550332129 0.00741670834831893 0.00738598392345011 0.00553801711648703 0.00553160842973739 0.00561614949256182 0.00412353179417551 0.00467350534163415 0.00419989712536335 0.00381737169809639 0.00359952315920964 0.00271041052183136 0.0132772860350087 0.34010065048933 0.0350773211568594
0.0325471153482795 0.0296214084140956 0.0333834314718843 0.0193535061553121 0.0215691664256156 0.0192968292161822 0.0178168608807027 0.0170228877104819 0.0160305082798004 0.0147647340781987 0.0170747902244329 0.0137504924088717 0.0126290956512094 0.012514398060739 0.0127999228425324 0.011028535105288 0.0107427526265383 0.0105894586537033 0.0122645033057779 0.0212013399228454 0.0292411267757416 0.0121294455602765 0.0114588719792664 0.0131044110283256 0.0104891778901219 0.00973259275779128 0.00891670933924615 0.00868941275402904 0.00846925652585924 0.00821681111119688 0.00782944946549833 0.00757138738408685 0.00730788018554449 0.00678681170102209 0.00469260327517986 0.00548342247493565 0.00444351804908365 0.00281041676062159 0.00457521530333906 0.00392604958033189 0.00306334472261369 0.00325631357263774 0.00248419946292415 0.00980018087720964 0.261230180412531 0.00143803600221872
