Scripts_&_data/Maxent_result_files_2/B_soroeensis_2.asc
NCOLS 594 
NROWS 330 
XLLCORNER -15 
YLLCORNER 23 
CELLSIZE 0.166666666666667 
NODATA_value -9999 
[rows 240 to 259 of 330, columns 460 to 505 of 594]
1.11032714812609e-05 2.98036839012639e-06 1.71708697052964e-05 3.21019982720827e-06 2.46938834322918e-06 1.50947969075332e-06 1.12163551193589e-06 1.84325839995836e-06 3.9527423268737e-06 1.0162675181391e-06 8.76410967975971e-07 6.81858816733438e-06 7.00516970937315e-06 5.39931349976541e-06 1.33292569444166e-06 5.7106130725515e-06 7.94750603745342e-06 7.38050275685964e-06 7.34910804567335e-06 1.18218586067087e-05 2.36898549701436e-05 6.21014114585705e-06 1.75514607008154e-06 4.01219485866022e-06 3.99468699470162e-06 2.10243581477698e-06 2.88532782178663e-05 5.45521215826739e-05 7.5448722600413e-05 0.00200011989218183 0.00130897312192246 8.62999526361818e-05 4.05388999752176e-05 4.71268671390135e-05 3.64965034350462e-05 4.10794733397779e-05 4.92528273753123e-05 3.19933991704602e-05 0.000615727168042213 7.12242841473198e-05 0.000982108293101192 0.000188874548257445 0.000102635554867447 0.000201413318063715 0.000351347064861329 0.000233093620045111
2.1369588739617e-05 1.74762137248763e-05 1.83729589480208e-05 2.21550436435791e-05 7.15654832674772e-06 1.05345872270846e-05 5.34194919055153e-06 1.17629147098341e-05 1.10084174593794e-05 7.96857407294738e-06 3.32304147150353e-06 8.56566082347854e-06 4.8164094778258e-06 1.47347095094119e-06 7.57608395360876e-06 9.58192845246231e-07 1.14744071879613e-06 5.1423839522613e-06 4.12533265716775e-06 6.99068950780202e-06 8.0170129194812e-06 1.44676460422488e-05 3.17995787213476e-06 2.493308954854e-06 1.31370040747925e-06 1.19016572313058e-06 2.50357310278559e-06 2.56308033499408e-06 8.91715430043405e-05 0.0025070630479604 2.22511332594877e-05 7.06078570260615e-06 4.65277516354945e-06 2.8855865366495e-05 3.38771881160937e-06 2.77146472399181e-05 1.97714826299489e-05 3.34749252942856e-05 2.22200339862866e-05 5.18344470037846e-05 6.09777967838454e-05 7.21177166269626e-05 3.86230969525059e-05 4.17372041738417e-05 4.88462555949809e-05 3.34805366037472e-05
2.57444736234902e-05 3.54763064024155e-05 2.25077021241304e-05 2.251769283248e-05 1.79830707565998e-05 1.33868680222804e-05 1.04535494301672e-05 8.40040511320694e-06 7.30227227450087e-06 8.06869857115089e-06 4.91034143124125e-06 1.56236245629771e-06 5.4021352525524e-06 2.80042663689528e-06 3.350525003043e-06 8.60264398028221e-07 9.34588196344066e-07 7.29272652222335e-07 8.33057382010338e-07 1.44192461704051e-06 4.03281483727369e-06 2.31600726237957e-05 1.2127392506045e-05 2.76583738809677e-06 3.13486503387139e-06 1.79797326325115e-06 1.62543814354876e-06 9.90616034357572e-07 7.90501770779883e-06 8.87830044007387e-06 2.9231355426873e-06 2.9166843432904e-06 1.72316960288299e-05 2.09169008655863e-06 3.05695071460832e-06 3.21099567486272e-06 1.1848080006871e-06 8.68109145812923e-06 2.71573520080892e-06 1.76168961843359e-05 3.55646579919267e-06 3.69738130757469e-05 2.05753620321047e-05 1.51666352849134e-05 8.13590138932341e-05 0.000110121721627365
2.47152763222402e-05 1.39871227474941e-05 2.73099703008484e-05 2.24555547902128e-05 4.34081820799292e-06 2.24552581755688e-06 1.01661654070995e-05 9.86551781352318e-06 6.89033458911581e-06 6.02690245159465e-06 7.42823942800896e-06 1.98899741690184e-06 2.39132868955494e-06 5.91709313084721e-06 8.49047629003508e-07 1.04188334972832e-06 9.57770662068924e-07 7.21173738327252e-07 6.26573052642243e-07 9.40689245965132e-07 2.70358233933621e-06 6.32331250471907e-06 3.45426915373537e-06 1.16026365901689e-06 1.12159775085274e-06 1.9740425841519e-06 2.38128577620955e-06 2.5396063279004e-06 1.85855198822082e-06 3.05228564343452e-06 3.24000050682116e-06 3.42983396990348e-06 3.5917488389714e-06 2.07887668466356e-06 2.14009681371863e-06 1.24518816448926e-06 5.97725389184234e-07 9.26673410504009e-06 2.00653716433408e-06 3.58886974254347e-06 2.35136618584875e-06 1.41538684147235e-05 1.46055122513644e-05 1.45087558166779e-05 7.31970960259787e-05 0.000260483393503819
5.33037713239537e-06 2.17626388376857e-06 2.78784034435375e-06 4.00218631853022e-06 3.69353997484723e-06 1.38045406856691e-06 1.1661738994917e-05 7.82186027663556e-06 7.18689109362458e-06 7.09719327005587e-06 6.46138946649444e-06 7.60047894345917e-06 8.08215465895046e-06 7.0670867444278e-06 9.85381430496091e-07 8.40668096202535e-07 9.97876895780792e-07 6.58950348508824e-07 6.17582971074171e-07 6.55914868019636e-07 9.15242318910714e-07 1.00721101148338e-06 9.26242958598777e-07 5.98773323901014e-07 8.90356696459094e-07 8.0560607855773e-07 7.60257631071681e-07 1.09830604202443e-06 1.76047158504389e-06 1.00556480759906e-06 1.15167360235091e-06 7.86785803086332e-07 1.58390270428299e-06 2.80147854141433e-06 2.14902204334066e-06 1.98214427200583e-06 1.43024033718575e-06 1.18769305345268e-05 1.66123232645532e-06 8.32510570489831e-06 1.00070402950791e-06 1.98807930757994e-06 1.10538035642094e-05 3.19287089951104e-05 4.93558487505652e-05 6.23951254965505e-05
1.07655568399423e-05 1.20604521725909e-05 1.05197058701378e-05 6.65844283957995e-06 8.80208999660681e-06 1.4086521241552e-05 7.28137863461598e-06 7.85411334618402e-06 8.46066748181329e-06 8.76556905495818e-06 8.69048371896497e-06 8.27297742489463e-06 8.77414381648123e-06 7.15645253421826e-06 7.3050446758316e-06 5.14986134021456e-06 2.39780534343481e-06 6.22791819182567e-07 5.97061453788683e-07 1.03423451776052e-06 8.55914058206508e-07 8.28080533210596e-07 1.20924029118896e-06 1.04689414257564e-06 9.24787374856351e-07 6.96447722248195e-07 8.19901411830415e-07 5.81420621159623e-07 6.12173476355338e-07 6.23591863302408e-07 7.84066580195031e-07 7.09205716731276e-07 7.55844111921533e-07 1.03666376674028e-06 6.62998919409574e-07 5.87316616673661e-07 6.81100686961145e-07 8.6348952663684e-07 1.05776925636292e-06 1.40179579943833e-06 1.36468544980062e-06 9.44691564086497e-07 9.14261673301553e-07 1.30552186419663e-05 2.50683208832925e-05 3.90715340472525e-05
7.15442643013375e-06 1.00286110864545e-05 1.1307871113786e-05 9.53818498601322e-06 1.20060819881473e-05 9.50767353060655e-06 9.2912466470807e-06 1.1652265493467e-05 1.11132260599334e-05 1.26148099298007e-05 1.26663029277552e-05 1.17178354230418e-05 1.32186931296019e-05 1.28849927932606e-05 1.19508181342098e-05 9.2032935754105e-06 6.01176386680891e-06 4.34216806297627e-06 6.44897280466239e-07 8.28177417133702e-07 1.25549865970243e-06 1.12500389946035e-06 1.04132307825466e-06 6.87632397244897e-07 5.21350330018322e-07 6.98892536377116e-07 9.13077499831161e-07 9.08814815403503e-07 8.0734250786918e-07 6.43036650416207e-07 1.06062790337091e-06 1.18857394255656e-06 9.87955651510219e-07 7.77032316534587e-07 6.40502289428468e-07 6.58704467326743e-07 4.90835135735779e-07 4.75440805303151e-07 8.37909904305434e-07 6.49806393226982e-07 7.73134232190387e-07 1.16655822779421e-06 8.19447269861939e-07 4.57741970194547e-06 1.19011473543651e-05 2.82237730061752e-05
6.66235464450438e-06 8.92474406555266e-06 9.53331327764317e-06 7.99179829300556e-06 1.32644868244824e-05 5.7127172908622e-06 1.2960197409484e-05 1.54304288571439e-05 1.60000478444999e-05 1.65060165272735e-05 1.85865351340908e-05 1.97176250367193e-05 2.24060966502293e-05 2.50933966526645e-05 2.43851433879172e-05 2.28846232857904e-05 1.37567957608553e-05 1.09934684132895e-05 8.95591139027374e-07 9.54552204746051e-07 1.3598976039475e-06 9.74726626168376e-07 9.54071406056301e-07 9.216435472581e-07 8.94067679979571e-07 7.21419142024615e-07 4.59286160037209e-07 4.30455691713405e-07 6.1396081747489e-07 9.58167717612923e-07 2.78206433677042e-06 5.89622181905725e-06 1.23944344636584e-06 5.46128913470056e-07 4.38745804842711e-07 4.89110220058819e-07 7.11935143016262e-07 5.16563624586297e-07 3.06743626055095e-07 3.35829346553851e-07 5.9298128149976e-07 1.21249181574967e-06 2.09819400538436e-06 1.50554486936016e-05 3.31910250679357e-05 0.000121757146553136
6.318640612335e-06 7.77152035880135e-06 1.26282506244024e-05 9.17792342534085e-06 1.64106546890252e-05 1.62657579494407e-05 1.59036281274894e-05 2.4552201921324e-05 1.74380244061467e-05 2.76037352705316e-05 2.75178183073876e-05 2.87731226308097e-05 3.70843966265966e-05 3.62967810360715e-05 3.36045873154944e-05 2.54637207035557e-05 1.53468740791141e-05 8.45618337734777e-06 7.0822959742145e-06 1.82395369563437e-06 4.93979817974832e-06 2.81957994729964e-06 9.40320676789952e-07 1.13190209987124e-06 1.42515945924515e-06 8.51938700208166e-07 6.80756215132305e-07 5.83662578890198e-07 1.00006824865773e-06 3.75799204164196e-06 3.09295436977664e-06 2.02908497328735e-06 2.64342209277402e-06 1.57734082108618e-05 3.63358583854279e-05 1.4450061144089e-05 4.25108064234792e-06 2.69848743954526e-06 9.28784887577194e-07 5.440789280442e-07 4.6117883698571e-07 4.20814459403118e-06 1.95367135518154e-06 1.35959167891997e-05 6.56752275972394e-05 0.000528055324684829
1.37427373374521e-05 1.61474942160567e-05 1.55947457642469e-05 1.51514924709772e-05 1.23321031878731e-05 7.53970471123466e-06 1.36085661779362e-05 3.06005340462434e-05 3.89418094528082e-05 4.30846095696325e-05 4.06670830670919e-05 4.32702317084477e-05 4.30382760896464e-05 4.68047193862731e-05 3.48724968716851e-05 1.74355703165929e-05 8.87259509454452e-06 5.30027049308046e-06 4.63102120420444e-06 1.16792192784487e-05 5.44064495215935e-06 6.84563274262473e-06 5.51825294223818e-06 4.96935099363327e-06 5.40951854191007e-06 8.48717838835e-06 7.62553836466395e-06 1.46052453146694e-05 1.40841447318962e-05 3.02493199200171e-06 9.80540168882271e-07 1.87074991515601e-06 5.73970681216451e-05 0.000712681644654367 0.000341411888803123 1.7927163139575e-05 4.41774030832676e-06 3.32694216353957e-06 1.35904634362305e-05 0.000100369209758355 7.98028750068625e-06 3.93491868635465e-06 7.60078526127472e-06 2.75943020824343e-05 0.000263655616436154 0.000841939667589031
1.18193570415315e-05 1.56800711465621e-05 1.73536022430198e-05 1.95717838323617e-05 1.12134150185739e-05 1.99211901872332e-05 1.27101484395098e-05 1.26368724522763e-05 2.35902356052975e-05 3.60965022991877e-05 5.91681364312535e-05 6.178704679769e-05 4.61482843093108e-05 3.85595219995594e-05 1.40960438329785e-05 7.76367171511083e-06 5.7652120176499e-06 5.25270187381466e-06 8.86571685896342e-06 4.9430317721999e-05 2.80107802609564e-05 1.36761898829718e-05 2.39245883676631e-05 1.05493120827305e-05 1.40768076107634e-05 2.71878446255869e-05 3.24115295370575e-05 0.000118073662815732 8.62996619616752e-05 3.11115559270547e-05 2.9717268546392e-06 3.41159858407991e-06 0.000100613534232252 0.000254446711187484 0.000219813814328518 0.000222372895950684 1.12831942033154e-05 8.77707598192501e-06 6.40056334304973e-05 0.000228636898100376 0.000113847879401874 1.223858882895e-05 1.46423142723506e-05 5.71089563891292e-05 0.000465687789255753 0.00150417404947802
1.51597004787618e-05 2.51014579589537e-05 1.6217915344896e-05 2.20306664232339e-05 1.07787482647836e-05 7.13834615453379e-06 2.24191583583888e-05 1.09946126030991e-05 1.50883985952532e-05 2.3911030484669e-05 2.06231909032795e-05 1.47470570937003e-05 1.337804646937e-05 1.52018011249311e-05 1.9414203325141e-05 1.78543792117125e-05 1.69318210282654e-05 2.38201721913356e-05 4.11220494243025e-05 7.78386569436407e-05 7.84302681495319e-05 0.000143113402373274 0.000174763707036618 0.000185528475049068 0.000246185143623734 0.000164010624575894 7.10304302629083e-05 6.02733864070615e-05 7.10217333107721e-05 7.17654816980939e-05 5.93606135225855e-05 8.28330448712222e-05 9.41925191000337e-05 0.00018554674970801 0.000396804328192957 0.000533376159728505 0.000800767738837749 0.00160079121706076 0.000482023622316774 0.000439443500363268 0.000500966288382188 1.37040952267853e-05 3.38448626280297e-05 0.000150341150583699 0.0003591224871343 0.00415178269613534
4.55971103292541e-05 4.45725386271079e-05 3.13923655994586e-05 2.58863850831403e-05 1.36169407142006e-05 6.23384470372912e-06 1.29399385741635e-05 2.02944221200596e-05 1.81453160621459e-05 6.77776326938329e-06 7.04897452123987e-06 8.33906028674392e-06 1.00315107829374e-05 1.50252808452933e-05 2.56842216003861e-05 3.45308344549267e-05 8.25061160867335e-05 7.60554434236838e-05 0.000129424921033205 0.000185375432920409 0.000432780830306001 0.000508600103785284 0.00107927454519086 0.00222880397923291 0.00150574198924005 0.00133846717653796 0.000367546643246897 0.000242783379508182 0.00028044717037119 0.000247649093216751 0.000290315240272321 0.000410852661298122 0.000548869083286263 0.000353301453287713 0.000252991612069309 0.00482996220234781 0.00484758059028536 0.00202654449967667 0.000891109451185912 0.00629326808266342 0.000746207201154903 2.47840507654473e-05 3.63973773346515e-05 0.000396778034337331 0.00261671580374241 0.0098775249440223
2.20348028051376e-05 3.79936332706166e-06 3.70830539395683e-05 2.49348460783949e-05 1.64418404892785e-05 7.26589219084417e-06 1.06230103710914e-05 6.91930724769918e-06 2.35141890698287e-05 1.377280914312e-05 5.33566139893082e-06 8.6680552612961e-06 2.66427444330475e-05 6.71643821988255e-05 0.000143931837010314 0.000208620615740074 0.000421086997084785 0.000383415557735134 0.000597558965091594 0.000956370850326493 0.00124745169887319 0.000501656348933466 0.00139308339566924 0.00825839727185667 0.00234204514417797 0.0077894315123558 0.00484849142376334 0.00725298505276442 0.0045141133479774 0.00584381856024265 0.00644444082863629 0.00104231213917956 0.000552974024321884 0.00140322530060075 0.0020599307725206 0.00646082651801407 0.000736061244970188 0.000742090394487605 0.0117794006131589 0.0242657344788313 0.00174130086088553 0.000200716952531366 0.000185907838749699 0.000979756738524884 0.00532152375672013 0.0126004069112241
2.64917824097211e-05 1.96671725461783e-05 4.04535209781898e-05 4.72212226668489e-05 2.023360198109e-05 1.15118384883317e-05 1.32559157009382e-05 1.0983411016241e-05 9.28908618789137e-06 1.12652773623267e-05 1.7598565955268e-05 3.65961951501959e-05 0.000239177185721928 0.000468827344593592 0.000790877977851778 0.00138087816303596 0.00407028668560088 0.00321115106344223 0.00695982943288982 0.00610588802956045 0.00234758647857234 0.00236807481851429 0.00409450330771506 0.000627370448637521 0.00696436502039433 0.00758010372519493 0.0091190071310848 0.00548379730898887 0.00458365705562755 0.00622115700971335 0.00414809100329876 0.00868128887377679 0.00175232381443493 0.000819703536399175 0.00575981081929058 0.00865039029158652 0.0092564795166254 0.00119135556451511 0.0101779346587136 0.021748923137784 0.000919575634179637 0.000337635022879113 0.000476540472300258 0.00136834977311082 0.00596516104415059 0.0116817326284945
5.65337226362317e-05 2.38194210851361e-05 4.36869363511505e-05 3.33082325596479e-05 2.9066783736198e-05 2.21881334255158e-05 2.36705320276087e-05 1.64827376920584e-05 3.17604574775032e-05 0.000105189491659985 9.05417149624554e-05 0.000576776043453719 0.00400044114794582 0.00433033802546561 0.0046935161575675 0.00832588351331651 0.00748360259458423 0.0113511220552027 0.0099696493241936 0.00613074158318341 0.00538226910866797 0.00654657795093954 0.00612117983400822 0.000696279959811363 0.00527904289774597 0.00558064198121429 0.00967164058238268 0.00339567014016211 0.000912366871489212 0.00926514766179025 0.00209018089808524 0.00832704606000334 0.000688118748075794 0.00438864876050502 0.00426934730494395 0.00180368946748786 0.00072036515630316 0.000935131958976854 0.00872804266400635 0.000548250536667183 0.00307867149822414 0.0205261640250683 0.0352288875728846 0.0419793760403991 0.00770752062089741 0.00543598997173831
3.53780926161562e-05 6.2862675076758e-05 8.1852737639565e-05 8.51718790727318e-05 3.96507851291972e-05 3.28745175465883e-05 2.66457516772789e-05 1.85913746008737e-05 3.14354736474343e-05 4.13481755458633e-05 4.95209191285539e-05 0.000123996926413383 0.000220804744458292 0.000365262877312489 0.000828113121679053 0.00131282344227657 0.00109674517298117 0.000421740356250666 0.000817736494354904 0.00338036818429828 0.000732740892271977 0.00190005649928935 0.00414813505485654 0.00493457750417292 0.00331962122581899 0.00178927466040477 0.000802585046039894 0.000847505987621844 0.00271327698137611 0.0109044004697353 0.00198684264905751 0.000895379077701364 0.000469391447404632 0.000705936733720591 0.00420476481085643 0.000476512932800688 0.000457630386517849 7.37026720344147e-05 0.00141674640472047 0.00676502082496881 0.0257740499451756 0.0380214268341661 0.052200716920197 0.00474967818008736 0.0090668335556984 0.00172585404943675
5.01260918099433e-05 4.9106227743323e-05 7.23274510164629e-05 7.27964306861395e-05 6.44839370579575e-05 3.22419727126544e-05 3.80148985641426e-05 4.62368682747183e-05 5.57532459424692e-05 6.99625848938012e-05 9.17484660021728e-05 0.000295896739407908 0.000251540838507935 0.000277614040533081 0.000298159194062464 0.000416284380480647 0.00107794387149625 0.00270489088725299 0.00342554489616305 0.00192699175095186 0.000353380133310566 0.000905374306603335 0.000652217437163927 0.000613231887109578 0.00222066941205412 0.00573195246979594 0.0115795932710171 0.000741253618616611 0.00071231199108297 0.000888031875365414 0.00547100566327572 0.00747717416379601 0.000697126123122871 0.00265336732845753 0.00572092279326171 0.00258004210190847 0.00642174878157675 0.00962845510803163 0.0122857494279742 0.0208152270875871 0.028853022493422 0.0184827179647982 0.00281116272381041 0.0015417244299897 0.00389644359238446 0.000274941719544586
0.000142113936090027 0.000165962814935483 0.000176267183633172 0.000144361551792827 0.000131259239788051 0.000117240880717873 0.000199378619436175 0.000159979102681973 0.000133094136981526 0.000144977625313913 0.000107591026608134 0.000190559568000026 0.000173625452589476 0.000138722155679716 0.000260623377107549 0.00134242433123291 0.00554607005324215 0.00432288239244372 0.00472490594256669 0.002271612000186 0.00183880515978672 0.000605609727062983 0.000735124676430132 0.00078485027916031 0.00171420875121839 0.00522241808939725 0.00476740954909474 0.0068437266163528 0.000933759106555954 0.000394659566518385 0.00131056599784642 0.00155043706472497 0.00204811478033662 0.00317253977991641 0.00576360020786524 0.000954839176847599 0.00134906264429446 0.00682721459306776 0.00558136980980635 0.0109227739274502 0.0130930754356086 0.0072656262665987 0.00455080305691808 0.0130307122599334 0.002737089805305 2.68686821073061e-05
0.000186698547622655 0.000382879408425652 0.000487342500127852 0.000577455817256123 0.000590285679209046 0.000590903754346073 0.000660816219169646 0.00101669893192593 0.000902122384286486 0.00121277979924344 0.000440647511277348 0.000947768276091665 0.000489545919117518 0.00154328974895179 0.00347698114346713 0.00421748098451644 0.0025105717475526 0.000533378413820174 0.00156790849287063 0.00373180243186653 0.00312334720510989 0.000904507888481021 0.0028571265982464 0.00197789423400536 0.000434699957986595 0.000504670023656217 0.000658650600234978 0.000301378881704295 0.000397010955930455 0.00949555705301464 0.000580407369125169 0.00063232828542823 0.000331435622138088 0.000927825280814432 0.000693247537128627 0.000639456772478297 0.00130716805870179 0.00305287048686296 0.0112439120188355 0.011410019826144 0.00425047830212861 0.00230222549871542 0.00210691015963675 0.0202370604500175 0.000300218531629071 3.92227166230441e-05
