Scripts_&_data/Maxent_result_files_2/B_sporadicus_3.asc
NCOLS 594 
NROWS 330 
XLLCORNER -15 
YLLCORNER 23 
CELLSIZE 0.166666666666667 
NODATA_value -9999 
[rows 140 to 159 of 330, columns 220 to 263 of 594]
0.00268012146698311 0.00071542669320479 0.000593116661184467 0.000839066537446342 0.000604157656198367 0.000305728871899191 0.000561827860656194 0.000481385560124181 0.000524522140040062 0.000613090413389727 0.00142637562239543 0.00096790237003006 0.000699842628091574 0.00832876290660351 0.00120146296103485 0.000936610792996362 0.00139678327832371 0.00468246343079954 0.00705186449922621 0.0281665476039052 0.0133473992347717 0.0139835104811937 0.002772768039722 0.00204450566670857 0.00325925854267552 0.00127070067101158 0.00128353353356943 0.0117190598510206 0.013726202910766 0.00187516857404262 0.00449528328608721 0.00290856583742425 0.00277458966011181 0.00374800423160195 0.0017755915352609 0.00132681943359785 0.00174129931256175 0.0149617383256555 0.0284661564975977 0.00978932690341026 0.015043464768678 0.00419823295087554 0.00163066572276875 0.00110700450022705
0.000680047765490599 0.000707676575984806 0.000637259962968528 0.000714321510167792 0.00230328190955333 0.00523319094209 0.00192100463900715 0.000763795606326312 0.000695988468942232 0.000652614128193818 0.00068492732825689 0.00201433635083959 0.000739903267822228 0.000796311727026477 0.00561994072049856 0.00356591129675508 0.00217779598897323 0.00199768360471353 0.0237577854655683 0.0219283794984221 0.169161149859428 0.0260137980803847 0.00228273958200589 0.00170146700693294 0.00128766951966099 0.00180515986867249 0.0024053143337369 0.0032165449578315 0.0027571476297453 0.0157606551423669 0.0147257758770138 0.0498021319508553 0.0181249847868457 0.00723783699795604 0.00281319669447839 0.00488066559191793 0.00620909298304468 0.0136724987532943 0.00984087099786848 0.00435843688901514 0.00441814949735999 0.00908706851769239 0.00193963262718171 0.000862640520790592
0.000801416527247056 0.000618127625784837 0.000955060339765623 0.000711315928492695 0.00211620852351189 0.000477351999143139 0.000733743555611 0.00253043449483812 0.000725507631432265 0.00187336180824786 0.000770296528935432 0.000607081290218048 0.00195013607153669 0.00390572880860418 0.00745375691913068 0.00340552504640073 0.0186728714499623 0.15256472826004 0.0105854275636375 0.00147716713836417 0.00147788951871917 0.00252511306898668 0.00111233152565546 0.00374616176704876 0.00282199809444137 0.00197120116790757 0.00218583736568689 0.00176888062851503 0.0017631312017329 0.00164959483081475 0.00476795102003962 0.0055835823295638 0.00226711822906509 0.00786743946373463 0.00453849445912056 0.0103303629439324 0.00138418949209154 0.00715725754853338 0.00934824272990227 0.011354300705716 0.026294328738004 0.0102906949818134 0.000682214097469114 0.00230310030747205
0.0135277968365699 0.000838615401880816 0.00146736006718129 0.00190071866381913 0.000574590923497453 0.00195987182669342 0.00060724038630724 0.00439862428465858 0.0135040478315204 0.0159358073258772 0.0123674097005278 0.0318480728194118 0.00776367210783064 0.0190886965952814 0.0325874630361795 0.136765673756599 0.157439654320478 0.222859117388725 0.00254959391895682 0.00142626198939979 0.0012441162019968 0.00209446584340185 0.00177483402658254 0.00170578652760014 0.00175203274120577 0.00273234598571435 0.00337390621425584 0.00556505891727284 0.00173591641942039 0.00122125901980326 0.0016657815198414 0.00175734707154334 0.00190869298530743 0.00182797047309577 0.00126318373368122 0.00156836259411648 0.00876671131700277 0.00122741893283091 0.00236023118486628 0.00123558455961756 0.00392318741651252 0.00425544886384159 0.00784707864513621 0.0025201539741829
0.000658334701438434 0.00105472930590622 0.000848304270766675 0.0012497216288466 0.00182452648296021 0.000257170449185651 0.000450243477826007 0.00724345361813903 0.164113444834948 0.0535263828933239 0.0758974719792604 0.076305590569973 0.036208713427186 0.17301754206419 0.243719002604485 0.0839534368366003 0.0873831644654274 0.00251091610989533 0.00136423148214817 0.00127039710059762 0.00413627496454865 0.00383635377511382 0.00126072972780094 0.0011855433753226 0.0016194038267713 0.0021357208606787 0.0096399440895766 0.0131630283314735 0.0724737375974655 0.0496332310140133 0.00374515769071877 0.00128209930844605 0.00189967743353918 0.00291222770465538 0.0180194023065269 0.0799083523452282 0.342509025335312 0.00596264856867492 0.00118428680289071 0.000856663068407215 0.00246872677234933 0.00560740353539586 0.00152043753769249 0.00915039975661784
0.0140419718343765 0.00141562076751143 0.00315968210343272 0.000432312444900163 0.00160325038596056 0.00174914653180167 0.000574568207957782 0.000446388855925761 0.00327881769044325 0.00292094014585018 0.00148338301805779 0.000380183875677176 0.00133764191996306 0.00537498083431274 0.00252727477345616 0.0297666070982814 0.0100757316220552 0.00131406220025383 0.00134157221764326 0.00155803485540673 0.00137750466819853 0.00141752150375396 0.00142557669314556 0.07857606112957 0.00273912831908092 0.00215053394204006 0.00197269186610356 0.00386913660913706 0.0117835662327707 0.00413862889399752 0.00227532527642325 0.00230133339064196 0.00151525984983891 0.000684137005009688 0.00108079159399495 0.000949962699087337 0.000534057739423588 0.000672724799369462 0.00105890436680056 0.00178429315565154 0.00327727168332785 0.00184431907255203 0.00114369959337637 0.00159693339955993
0.0317463284358382 0.000212383964390028 0.000288318782986607 0.000156857518595643 0.000567202296224423 0.000330086004396435 0.00107360799447633 0.000377140881028026 0.000457931938581169 0.000569558632560074 0.00065538146882318 0.000716801383532584 0.00196462416788563 0.00172002883628011 0.000703048755531199 0.00111160750384443 0.00182344667846337 0.00116162124322727 0.00231276414124295 0.00131223096977919 0.00159502195892856 0.00230475789867342 0.0169933269266039 0.0220710750669241 0.00301747338380665 0.00197024981025606 0.00147729205782525 0.00105295584653504 0.00198992301593535 0.00203541254159063 0.00115649605868384 0.0379037128761411 0.000993000087328255 0.00188102996908128 0.000913049251539633 0.00137534108362161 0.00292689127381891 0.00188081893138587 0.00058165451628156 0.00103336479514837 0.00366131709888577 0.00186358776409179 0.00194710306241177 0.00180929218768142
0.000438912000390701 0.000195088385953568 0.000100758124608546 0.000184655315388227 0.000472667548456229 0.00324699808843434 0.0004060399311129 0.000327816382923629 0.000370136871060822 0.000854220913606696 0.000804060098016635 0.000939259375445545 0.00069734560966026 0.000679428095463663 0.000681292804074474 0.000753120647277683 0.000865700730355457 0.00852272664196789 0.00305911219329573 0.00828721274156123 0.0120473657269031 0.00382002415717579 0.00139439560007304 0.00169552320730872 0.00167897522915155 0.00272507329937071 0.00136575138312764 0.00124001891817898 0.00110060895094648 0.0010724738589488 0.00100986081524752 0.0280418870970607 0.00109510894399136 0.000728738389443606 0.00829893820919097 0.0024138247827068 0.000803764592274092 0.00607657779473811 0.00132894915295765 0.00178234442719258 0.00833110893145204 0.00501836058683693 0.0207053512334824 0.00563062151195481
0.000423650951415766 0.000168225487868767 0.000335036014439538 0.000185307719220873 0.00013786216659355 0.000447958614677191 0.000278014570358209 0.000311627876362763 0.00701365605928004 0.0101998506113887 0.0178248787298799 0.0131294585764408 0.00147079504095018 0.00076386530417949 0.000969878840260208 0.000784963922342286 0.00256521543487906 0.00105428657261655 0.000917947094421834 0.0010084142209962 0.000920074741588905 0.00291311133187264 0.00196854386013001 0.00260714250034653 0.00146774800959975 0.00122259076451883 0.00171394100761972 0.00110678976052441 0.000989362882683054 0.000903586682397872 0.000738410069607198 0.000730521872173995 0.00085241895285435 0.000878486008150503 0.00088946339674294 0.00173910979647189 0.00267264267895371 0.00551804711576551 0.00383218232309446 0.00192187595530413 0.00354475295171142 0.00723842505831271 0.00431101539870724 0.00282304699067026
5.46826169738779e-05 9.75399208982708e-05 0.000502080636215396 8.73893874086207e-05 0.000148633545904886 0.000114432796544861 0.000250382866943255 0.000386042281752452 0.00135779949487187 0.00125591881223954 0.00536531759425998 0.00572792701423168 0.00470956602366641 0.0013070993067231 0.000995376764331013 0.000807935651391745 0.0078199699986726 0.00106088924221694 0.0011922026227694 0.00248572148848325 0.00117069203988649 0.00282519771717489 0.00401805678848177 0.101336465030909 0.0757220190018415 0.00484124810900539 0.00278342815581709 0.000949601060710847 0.000963422778295353 0.000834420934552327 0.000842005980666727 0.000921652629040182 0.000785007420927286 0.000401434733066708 0.000649749001604505 0.00139464633539319 0.000625455935369246 0.00189042723504826 0.00140556626138277 0.00244291397393681 0.000575161117012613 0.00217423366266303 0.00205212817527354 0.00069202289741952
5.32346966792829e-05 9.66304294706788e-05 0.000697670610679779 0.000411892533884384 0.000161041392857442 0.000299528075265698 0.000256423144310247 0.00124800088815391 0.000357598569826223 0.000416416866937652 0.00044366437359713 0.000684873139834963 0.00242923327023163 0.00513118074741215 0.0157817197963595 0.00760611982550472 0.00502621575724334 0.000672331970417872 0.000713828433072194 0.000882176958839409 0.00098481661407277 0.00187748503522016 0.00351033383049071 0.00736534022726119 0.0364586902782321 0.000889944037771784 0.00140402555116452 0.00224600993096828 0.00153815069352277 0.00102780053857714 0.000852944591315463 0.00073828884633258 0.000640612383722328 0.000631872267695144 0.000358799645619001 0.000197004312940408 0.000573615290340967 0.000652490786160342 0.0292486670427024 0.00495348104741424 0.00566746082622558 0.00120719286496751 0.00183478901162744 0.00311805497040041
0.00102407819358632 0.000885472854133695 7.21591732144589e-05 0.000113770124153234 0.000111006775841815 0.000194089881551918 0.000296117024845444 0.000266241158533376 0.00037870375381317 0.000964620235026814 0.000230903875490185 0.00292878265026957 0.0132427513599396 0.0110055235214531 0.00316228503943421 0.00360990712651983 0.00197017281316221 0.00155161346192472 0.0611347630620003 0.0108776676934212 0.0014122792519629 0.00118107790476643 0.00184142522048205 0.00697184938471764 0.00497388290241361 0.0987357765436172 0.00744543839246035 0.00385062454151921 0.00275538032874465 0.00103959287225734 0.00297618502518162 0.00313524958910421 0.00165451170760207 0.000704430715995841 0.000424301273596939 0.00378503317479044 0.000549134364700876 0.000555780349532142 0.000663705801707692 0.000568619478144683 0.000614258833229542 0.000909376153140329 0.00115616199618671 0.00629800769966096
8.43671739858109e-05 0.000229802128160372 0.000127015096950345 0.000147546683729161 0.000113310699089197 0.000186203583143651 0.000250635966949631 0.000375959477969445 0.000292301762965508 0.00059260951820761 0.0024904946796596 0.00279747552704066 0.0191686687991023 0.0306070771068335 0.0112771302461624 0.000579560696496628 0.00118615219253115 0.000665988284163177 0.000872865377459675 0.00489803950767964 0.00243672384531237 0.00920299589633942 0.00135986889945343 0.00343521739123389 0.0218115187250078 0.00513363936915994 0.0131763795856386 0.00110437800176442 0.00538951274938881 0.00519997688243166 0.011559470789507 0.00872018993832171 0.00452642916934565 0.000555685377912596 0.00087258429848589 0.000732390084885992 0.000930585720925592 0.000899995563668199 0.00152583437156864 0.00078942175314296 0.000660724178305827 0.000941167221753858 0.00611750530079007 0.0010898375097895
0.000131359584338497 6.09314614848699e-05 0.000159214218729176 0.000215400605520699 0.000146921053237747 0.000167279632296413 0.000194455940800253 0.000456040250719525 0.00238506762543693 0.000661151876556687 0.000511836158693768 0.000500234987703152 0.000548609290854074 0.000860469933832064 0.00317377358442172 0.00546358255669475 0.00116361167165451 0.00137390976888128 0.000920613302150741 0.000758696638513356 0.000500707284663804 0.00157509668497369 0.00139453645679168 0.000827665880206041 0.00432800910202786 0.0013336883566808 0.00118113197968341 0.00121550805633888 0.00286704952595755 0.00452650177758187 0.00370067210169509 0.000683666183613241 0.000308667655917816 0.000807855324819684 0.0128427902702242 0.00540007619420066 0.00942615447565913 0.00180610424140468 0.0101063559297472 0.0150745700113475 0.00621809847652912 0.000547150624333881 0.00179130638134666 0.000640279744402505
0.000159341627295362 0.000106513941136654 9.29511326830834e-05 0.000189975222747307 0.000138812117802445 0.000172417199064512 0.00031694466015324 0.000228111824253574 0.000217697507468984 0.000287351140286773 0.000291768887836952 0.000292449041444343 0.000315691555442754 0.000419867946766317 0.000702271604677662 0.000308604471501894 0.00135632635792717 0.000921707291854545 0.000723600818309933 0.000599703271291219 0.00141781495767646 0.00128260459168814 0.000525995023781434 0.00153448642231524 0.000759213732089847 0.000784961140016094 0.000473879114724696 0.0009147944234428 0.000214698283525649 0.000420806859619915 0.00173972226330079 0.000330100895371288 0.00209756698459387 0.00150537322624587 0.00246420682524331 0.00475082909688354 0.0123748037032783 0.00228811230626889 0.00565326947253197 0.00916741946712136 0.00128836203657556 0.00177385765709914 0.000742082399665378 0.00112748109386303
0.000125014408695279 0.000107445057801669 0.000175819007563405 0.00029609488992719 0.000134780204098206 0.000148129896842875 0.000146392040187493 0.000156986687215976 0.000493415069649927 0.000293441096437164 0.000246132748725358 0.00026449377037352 0.00247663549380377 0.000848879001569003 0.000382083255681209 0.00109719295869581 0.000248859108251054 0.00111240031837951 0.000411157656344585 0.000498011359013617 0.000477981445146725 0.000598673784406856 0.000589584658155218 0.00102269121562131 0.00118646082701162 0.00101017018605489 0.00168693962041289 0.000236739564570598 0.000270035541325342 0.000324728517443873 0.000861498422455043 0.00282417046255432 0.00143336351611651 0.0012934448022861 0.00175148429116234 0.00279698267113417 0.00495734815485775 0.00279273085179739 0.0492027722299099 0.0534730752930045 0.0145985051523894 0.0028422502160538 0.008954789605923 0.0202867266256362
0.000107131747063249 0.000115746512892656 0.000263737997738644 0.000237548876611982 0.000301106297411025 0.000173392060969491 0.000422406689904165 0.000192934625374619 0.000186014638165943 0.000169140676734969 0.000114352002856322 0.000117388057697099 0.00229083229787648 0.0054882544092834 0.00508807743899524 0.000295453111175448 0.000262061723333318 0.000499444722663611 0.000442325108451769 0.00152306920499541 0.00755259194411337 0.000958085924503393 0.000543122424278408 0.00130323429475538 0.00282712987391278 0.000521347676112782 0.00117418789886869 0.000343145943770651 0.00267741832649335 0.000356698605173733 0.00061119036108721 0.000459011079510674 0.00116432475333568 0.00214796154177748 0.00215190095477737 0.00130229285277892 0.00343588358373381 0.0177415689453483 0.0252793524414301 0.0124445733614266 0.00136646346654743 0.00401731973979622 0.00406342840287834 0.00393629433820024
0.000103490336186951 0.000102346937637776 0.000114674139331328 0.000139946140552638 0.00010950463329209 0.000189817186037544 0.000112816727050813 0.000135409842914669 0.000111993246537168 0.000125190583639778 0.000168425169249531 0.000380166021932382 0.00158400653745048 0.000258098126505502 0.000459500376018696 0.000503587974526454 0.000880097225308418 0.000851592788239941 0.000474162679165602 0.000316189543809742 0.000633008478325792 0.000282206299016252 0.000393895816523582 0.000453860071138479 0.000709743809420615 0.00168498370912857 0.00186505853198469 0.000555440588505007 0.00759179601445794 0.00180893949000165 0.000231712531240191 0.00202481564483605 0.0188687547110021 0.00549304848536849 0.00628647969570011 0.00252038184553385 0.00424902436789125 0.00626008466351777 0.00225305835483596 0.00142006945388857 0.00147525232750922 0.00135894459090196 0.000558130937861279 0.00131351402378641
0.000350490804703441 0.000416162465990055 0.000114675465010805 0.000124292160762707 0.00011907520602108 0.000132560572092189 6.33614446996944e-05 0.000377475326240528 0.000212969248241279 0.000193281719111837 0.000436953552707564 0.000827389734331518 0.00170217196573503 0.0021246058982797 0.00145699458953459 0.00105626230943017 0.00036416601651581 0.000534404479549266 0.000467526097781956 0.00285576799651608 0.00346757093211636 0.00165332718752325 0.0033938365872018 0.000961303755320841 0.00397502819541842 0.000363684273906983 0.00175669149612077 0.00120044172508642 0.00280420595081523 0.000237636196834501 0.00232618284062482 0.00453999361488968 0.000480816324125044 0.0134679672308266 0.0160932928323746 0.00343147175153717 0.00409569346811622 0.0378682149574161 0.0023140489065554 0.00305439135991037 0.00880607231520116 0.00303382320562378 0.00317584599833935 0.00600297404453158
7.95226715126773e-05 0.000350295906537212 0.000130517486832105 9.66301351581933e-05 0.000115912449837197 0.000350966397672892 0.000130973795603495 0.000178364961902844 0.0003540133475326 0.00012474718678277 0.000802765609114431 0.00202889028587379 0.000874913489678875 0.00141088535892777 0.000420267983281519 0.000919059620355256 0.00129276959924027 0.000618551377556287 0.000475227471906692 0.000480713108845521 0.0177311858162284 0.00737716986332089 0.00651952775660902 0.00457882792688906 0.00460858612786978 0.000891661335481331 0.000334229132567998 0.000548025257012341 0.000300078486907296 0.000553382173529826 0.00830687794368714 0.0035295840119943 0.00747781600803137 0.0586476616561413 0.00622221664525568 0.00403080572141334 0.00131135771080153 0.0158213835209608 0.00650661129038781 0.00785160074010491 0.00102160715032369 0.00446222907630727 0.00429630422731861 0.00455040237866342
