Scripts_&_data/Maxent_result_files_2/B_sporadicus_3.asc
NCOLS 594 
NROWS 330 
XLLCORNER -15 
YLLCORNER 23 
CELLSIZE 0.166666666666667 
NODATA_value -9999 
[rows 80 to 99 of 330, columns 176 to 219 of 594]
0.960880970954895 0.991871720552444 0.992291313409805 0.998187673091888 0.97446928024292 0.999229300022125 0.966485673189163 0.996908164024353 0.999962365627289 0.966197127103806 0.758017581701279 0.786479550600052 0.927006351947784 0.876545017957687 0.942077934741974 0.889543867111206 0.764519220590591 0.998321968317032 0.978553915023804 0.684665864706039 0.547111290693283 0.820514333248138 0.717056635022163 0.423691968619823 0.724039137363434 0.368525803089142 0.276209579408169 0.138906384259462 0.280719523131847 0.240904529392719 0.418778014183044 0.62728796005249 0.430207008123398 0.767031681537628 0.854713207483292 0.585635185241699 0.845434105396271 0.892981368303299 0.967039948701858 0.989178270101547 0.993734419345856 0.980557686090469 -9999 -9999
0.999398517608643 0.999488723278046 0.99979265332222 0.999965727329254 0.998911088705063 0.999855744838715 0.999447298049927 0.982826745510101 0.968682861328125 0.543121710419655 0.865467536449432 0.896774238348007 0.413582062721252 0.63438304066658 0.47989744246006 0.668090671300888 0.803564548492432 0.786888110637665 0.95477984547615 0.761049592494965 0.9399389564991 0.81630893945694 0.835083317756653 0.905889350175858 0.756529879570007 0.770646232366562 0.617932659387588 0.546567839384079 0.159115070849657 0.216603250801563 0.510714694857597 0.553939163684845 0.596526247262955 0.838504827022552 0.830550307035446 0.859738606214523 0.996144706010819 0.984897869825363 0.984696555137634 0.961652183532715 0.960179316997528 0.969017952680588 0.9943798661232 -9999
0.896120339632034 0.962188279628754 0.999652630090713 0.999706399440765 0.99603288769722 0.997129040956497 0.988734358549118 0.977716588973999 0.979903817176819 0.979130202531815 0.876606303453445 0.693806499242783 0.789243453741074 0.652521216869354 0.490453225374222 0.310373884439468 0.711191725730896 0.673504883050919 0.900854498147964 0.831349980831146 0.443819051980972 0.66689880490303 0.734097719192505 0.725475096702576 0.785902225971222 0.798864644765854 0.645500910282135 0.504794317483902 0.35966300368309 0.385563868284225 0.385127681493759 0.733526998758316 0.687920254468918 0.708133053779602 0.801991754770279 0.898076105117798 0.978481602668762 0.965901345014572 0.974365818500519 0.971124130487442 0.993330836296082 -9999 -9999 -9999
0.93206832408905 0.933759891986847 0.966344237327576 0.999999922513962 0.998785603046417 0.994236713647842 0.962349307537079 0.962063938379288 0.994950807094574 0.961972004175186 0.728791415691376 0.704481738805771 0.515160068869591 0.514463865756989 0.431303995847702 0.729428344964981 0.413573956489563 0.648711460828781 0.663459396362305 0.715876466035843 0.824341589212418 0.785796201229095 0.655313712358475 0.623858219385147 0.874806159734726 0.757751780748367 0.5059166431427 0.582780164480209 0.777377390861511 0.590031188726425 0.725618451833725 0.685439324378967 0.779368585348129 0.694555228948593 0.753398138284683 0.854743027687073 0.904238051176071 0.971644949913025 0.974353986978531 0.930723637342453 -9999 -9999 -9999 -9999
0.999987483024597 0.999997782707214 0.999976247549057 0.999998587369919 0.999989628791809 0.995112836360931 0.970398831367493 0.904722261428833 0.734235721826553 0.65609575510025 0.614501619338989 0.63739960193634 0.527947986125946 0.463606798648834 0.590635192394257 0.803458911180496 0.697057598829269 0.425135946273804 0.784964853525162 0.824494910240173 0.834781789779663 0.790417373180389 0.879068291187286 0.72123566865921 0.568161523342133 0.781130343675613 0.567625990509987 0.638752436637878 0.677557665109634 0.651997727155685 0.476461690664291 0.773624223470688 0.537304398417473 0.858310747146606 0.860017412900925 0.997650700807571 0.884790712594986 0.980862104892731 0.999811726808548 -9999 -9999 -9999 -9999 -9999
0.999862605333328 0.998688679933548 0.996156519651413 0.993137484788895 0.977139967679977 0.90427109003067 0.878121143579483 0.710404378175735 0.579241001605988 0.631255900859833 0.512704688310623 0.497766497731209 0.541243952512741 0.411759120225906 0.555795925855637 0.755906689167023 0.368293842673302 0.34535117149353 0.742236763238907 0.847892677783966 0.811912667751312 0.847024166584015 0.901491922140121 0.845477092266083 0.546367046236992 0.571787056326866 0.837460911273956 0.81411936879158 0.815647619962692 0.849757498502731 0.839315414428711 0.77650540471077 0.813972443342209 0.824682831764221 0.92510342001915 0.999951815605164 0.914005541801453 -9999 -9999 -9999 -9999 -9999 -9999 -9999
0.99401940703392 0.996438705921173 0.957326000928879 0.99054828286171 0.952128285169601 0.630982220172882 0.530642437934876 0.400850853323936 0.675894975662231 0.708205670118332 0.782112681865692 0.690137618780136 0.600253641605377 0.512873122096062 0.409512913227081 0.207026234269142 0.488971683382988 0.69041308760643 0.366931402683258 0.742958241701126 0.81023120880127 0.302377350628376 0.77860798239708 0.685805517435074 0.693965047597885 0.676064068078995 0.81357980966568 0.899231839179993 0.91881445646286 0.894013291597366 0.991422289609909 0.730002123117447 0.995405811071396 -9999 -9999 -9999 -9999 -9999 -9999 -9999 -9999 -9999 -9999 -9999
0.856431317329407 0.883680176734924 0.879458451271057 0.812752765417099 0.911581981182098 0.75529055595398 0.435481548309326 0.47042176425457 0.517740547657013 0.544398295879364 0.816155201196671 0.716326826810837 0.30985002219677 0.436178213357925 0.438147875666618 0.188403864204884 0.397812739014626 0.326297254860401 0.519556346535683 0.727173382043839 0.553994250297546 0.392605799436569 0.380450052022934 0.754790699481964 0.3418128490448 0.736966317892075 0.866019827127457 0.929847407341003 0.892844969034195 0.699115282297134 -9999 -9999 -9999 -9999 -9999 -9999 -9999 -9999 -9999 -9999 -9999 -9999 -9999 -9999
0.965726602077484 0.37097305059433 0.756413859128952 0.689723807573319 0.660024034976959 0.598322188854218 0.263168478012085 0.366274765133858 0.401402798295021 0.498980230093002 0.635959559679031 0.541682040691376 0.569579258561134 0.376374232769012 0.212093788385391 0.41937707066536 0.161871589720249 0.182199060916901 0.349750360846519 0.668978554010391 0.599629387259483 0.586903867125511 0.940776532888412 0.900524520874023 0.763887423276901 0.941145122051239 0.926368528604507 0.930390381813049 -9999 -9999 -9999 -9999 -9999 -9999 -9999 -9999 -9999 -9999 -9999 -9999 -9999 0.831313115358353 -9999 -9999
0.853707158565521 0.777044135332108 0.849280893802643 0.748437976837158 0.705605763196945 0.733639788627624 0.578395450115204 0.616595792770386 0.549393725395203 0.451953968405724 0.629180300235748 0.554933539032936 0.270345444232225 0.392014068365097 0.453348577022552 0.275510504841805 0.760927599668503 0.443804103136063 0.305909216403961 0.38782040476799 0.340547643601894 0.489569443464279 0.878704786300659 0.726695591211319 0.953723692893982 -9999 -9999 -9999 -9999 -9999 -9999 -9999 -9999 -9999 -9999 -9999 -9999 -9999 -9999 -9999 -9999 -9999 -9999 0.815380364656448
0.969486021995544 0.989698171615601 0.781913197040558 0.88154034614563 0.743532955646515 0.793375170230865 0.52210291326046 0.621048027276993 0.603763031959534 0.296929182112217 0.36503843665123 0.390810099244118 0.287239128351212 0.278728497028351 0.318344874680042 0.31143844127655 0.53760436475277 0.416946879029274 0.619271510839462 0.6586061835289 0.468179398775101 0.779308241605759 0.725728553533554 0.473532313108444 0.838621032238007 -9999 -9999 -9999 -9999 -9999 -9999 -9999 -9999 -9999 -9999 -9999 -9999 -9999 -9999 -9999 -9999 -9999 0.359313309192657 0.402368082106113
0.705451661348343 0.912304389476776 0.894071245193481 0.791406327486038 0.755390977859497 0.771230864524841 0.770564639568329 0.304475653171539 0.515969470143318 0.298336696624756 0.363567507266998 0.289906090497971 0.528224316239357 0.705944746732712 0.311020781099796 0.366810375452042 0.427894848585129 0.490607005357742 0.465909868478775 0.445674955844879 0.529284018278122 0.927909171581268 0.950758105516434 -9999 -9999 -9999 -9999 -9999 -9999 -9999 -9999 -9999 -9999 -9999 -9999 -9999 -9999 -9999 -9999 -9999 -9999 0.583520492911339 0.311408172547817 0.586851614713669
0.527367171645164 0.631644093990326 0.698037546873093 0.701809221506119 0.719592297077179 0.729288125038147 0.367184567451477 0.263699172437191 0.299491496384144 0.298179112374783 0.307143980264664 0.302017582952976 0.860559296607971 0.475955447554588 0.550655069947243 0.365311050415039 0.428740704059601 0.476690992712975 0.828203243017197 0.461286804080009 0.780057281255722 0.80351665019989 -9999 -9999 -9999 -9999 -9999 -9999 -9999 -9999 -9999 -9999 -9999 -9999 -9999 -9999 -9999 -9999 -9999 -9999 -9999 0.432354158163071 0.0895781014114618 0.640720772743225
0.692757469415665 0.617476642131805 0.795422750711441 0.499568948149681 0.63492414355278 0.858544313907623 0.765555655956268 0.283251784741879 0.323120859265327 0.435690066218376 0.375260898470879 0.315834605693817 0.369851645827293 0.357583872973919 0.434462863206863 0.404101976752281 0.77574200630188 0.42572480738163 0.78693573474884 -9999 -9999 -9999 -9999 -9999 -9999 -9999 -9999 -9999 -9999 -9999 -9999 -9999 -9999 -9999 -9999 -9999 -9999 -9999 -9999 -9999 -9999 0.869857716560364 0.852139228582382 0.573650032281876
0.532503542304039 0.508045676350594 0.898049902915955 0.514809319376946 0.65907233953476 0.550265341997147 0.321516700088978 0.635964095592499 0.441726851463318 0.386002177000046 0.345903736352921 0.388412642478943 0.453853726387024 0.491629537940025 0.492816722393036 0.615850555896759 0.829609912633896 0.79763720035553 0.912108165025711 -9999 -9999 -9999 -9999 -9999 -9999 -9999 -9999 -9999 -9999 -9999 -9999 -9999 -9999 -9999 -9999 -9999 -9999 -9999 -9999 -9999 -9999 -9999 0.805480772256851 0.504358732700348
0.433133003115654 0.514224293828011 0.775470066070557 0.834654605388641 0.6655204474926 0.633580332994461 0.397080656886101 0.416163924336433 0.753855895996094 0.855896365642548 0.718094229698181 0.386440795660019 0.415916147828102 0.507628056406975 0.509110420942307 0.452390202879906 0.407840448617935 0.586561876535416 0.770595645904541 -9999 -9999 -9999 -9999 -9999 -9999 -9999 -9999 -9999 -9999 -9999 -9999 -9999 -9999 -9999 -9999 -9999 -9999 -9999 -9999 -9999 -9999 -9999 0.711186426877976 0.825129151344299
0.891776996850967 0.670812809467316 0.806981635093689 0.93521780371666 0.931641191244125 0.81384534239769 0.511955910921097 0.411423817276955 0.302948908507824 0.384009701013565 0.559639406204224 0.481164368987083 0.377499043941498 0.986962246894836 0.871616613864899 0.528238952159882 0.926054918766022 0.960028713941574 -9999 -9999 -9999 -9999 -9999 -9999 -9999 -9999 -9999 -9999 -9999 -9999 -9999 -9999 -9999 -9999 -9999 -9999 -9999 -9999 -9999 -9999 -9999 -9999 -9999 0.757031124830246
0.670691072940826 0.945891851186752 0.947453677654266 0.70029987692833 0.666937816143036 0.912389409542084 0.885410958528519 0.608014649152756 0.466796433925629 0.390781116485596 0.421959373354912 0.840290570259094 0.604252168536186 0.934269434213638 0.998162740468979 0.880582410097122 0.785921186208725 0.927187961339951 -9999 -9999 -9999 -9999 -9999 -9999 -9999 -9999 -9999 -9999 -9999 -9999 -9999 -9999 -9999 -9999 -9999 -9999 -9999 -9999 -9999 -9999 -9999 -9999 -9999 0.667687940597534
0.851133143901825 0.932473117113113 0.93144017457962 0.950372517108917 0.893615388870239 0.688545286655426 0.670095473527908 0.926972389221191 0.583311301469803 0.7247034907341 0.381526607275009 0.829764276742935 0.830683994293213 0.616451686620712 0.628382712602615 0.852177661657333 0.571038526296616 -9999 -9999 -9999 -9999 -9999 -9999 -9999 -9999 -9999 -9999 -9999 -9999 -9999 -9999 -9999 -9999 -9999 -9999 -9999 -9999 -9999 -9999 -9999 -9999 -9999 -9999 -9999
0.969512021541595 0.965855765342712 0.914459240436554 0.984025985002518 0.53868336379528 0.556274995207787 0.464615342020988 0.590546634793282 0.479936727881432 0.480851981043816 0.472013971209526 0.504769855737686 0.576865684986114 0.496841728687286 0.616488352417946 0.927733677625656 0.795192784070969 -9999 -9999 -9999 -9999 -9999 -9999 -9999 -9999 -9999 -9999 -9999 -9999 -9999 -9999 -9999 -9999 -9999 -9999 -9999 -9999 -9999 -9999 -9999 -9999 -9999 -9999 0.714529317617416
