Scripts_&_data/Maxent_result_files_2/B_sporadicus_3.asc
NCOLS 594 
NROWS 330 
XLLCORNER -15 
YLLCORNER 23 
CELLSIZE 0.166666666666667 
NODATA_value -9999 
[rows 180 to 199 of 330, columns 396 to 439 of 594]
1.62632128990481e-06 1.66028920602912e-06 1.78601350739882e-06 1.77487158339318e-06 1.60195478429159e-06 1.44867044582497e-06 1.3340117845928e-06 1.20690555149849e-06 1.13564352659523e-06 1.09259387670591e-06 1.03976656617988e-06 9.33634694888497e-07 8.93074461316701e-07 9.03245654626517e-07 8.36814756155491e-07 8.09913237276305e-07 8.02905307750734e-07 8.21548380258719e-07 9.32324878988311e-07 1.05047983680606e-06 1.1111354567106e-06 1.26818096646275e-06 1.39390350000212e-06 1.46405154453078e-06 1.31581190885299e-06 1.34495669215084e-06 1.65428398588574e-06 1.35942066776806e-06 1.48980382164154e-06 1.96548334372437e-06 1.93470070826152e-06 1.64417989765298e-06 1.68017872681503e-06 2.01475874064272e-06 2.45118579016435e-06 2.76283314519787e-06 3.19314019634476e-06 3.27879012047561e-06 3.34474135570417e-06 3.04730868379011e-06 3.21791364967794e-06 3.28907203765993e-06 3.25165137837757e-06 3.25996706465048e-06
1.60963421933502e-06 1.53352107190585e-06 1.59543005224805e-06 1.79464735765578e-06 1.59499638527905e-06 1.34787403851533e-06 1.27745885549757e-06 1.10039249250349e-06 1.0046550769971e-06 1.10773873984726e-06 9.69803883776876e-07 9.59229566888098e-07 9.25825754904963e-07 8.43262537841838e-07 8.21515978088883e-07 8.46648113395077e-07 7.99086639347024e-07 8.06350153936819e-07 8.86792872734077e-07 1.06384410116789e-06 9.77861024864524e-07 1.14045193413403e-06 1.14732422815678e-06 1.27368496691815e-06 1.56032343170409e-06 1.59446497605131e-06 1.47446316987043e-06 1.57998752285948e-06 1.48740971894767e-06 1.45910461242238e-06 1.34973925867143e-06 1.46196363175477e-06 1.75956799921551e-06 2.29057985450254e-06 2.40274561065235e-06 2.34883090683979e-06 2.34298802297417e-06 2.6452308077296e-06 2.77178947385437e-06 2.62912884920752e-06 2.74578128482972e-06 2.94044608608601e-06 3.47118664194568e-06 3.33226756765725e-06
1.78593347754941e-06 1.71585712678279e-06 1.76883795006688e-06 1.59897312528301e-06 1.53644333522607e-06 1.26773531974322e-06 1.14120932437345e-06 1.0422664104226e-06 1.01157004337438e-06 1.02717607717295e-06 8.70712572975663e-07 9.36139015550452e-07 8.60718621709111e-07 8.16176851969885e-07 8.77421622647034e-07 8.20341163887406e-07 7.23940381419652e-07 7.48428189467631e-07 7.49325664628486e-07 8.13342920480409e-07 8.07272859049135e-07 8.61180703282116e-07 1.06585943342452e-06 1.0466227422512e-06 1.26182296469324e-06 1.50322790943846e-06 1.29198761555926e-06 1.31442755844091e-06 1.18137418070319e-06 1.13762653342064e-06 1.25836681803548e-06 1.39290394542968e-06 1.66499066835968e-06 1.77056081156479e-06 1.70603226763433e-06 1.72510779066215e-06 1.84917625460912e-06 1.81335038007546e-06 1.91448761484025e-06 2.14294728095865e-06 2.41996022509738e-06 2.61471243732103e-06 2.9286703750131e-06 2.27930212020055e-06
1.87774202800028e-06 1.77949145836465e-06 1.59932333190227e-06 1.25924479164041e-06 1.23201773476467e-06 1.24446310110216e-06 1.08751264917828e-06 9.65373840244865e-07 8.85003784389937e-07 8.07690487647505e-07 7.4669289205076e-07 7.10911639600908e-07 6.94585763483246e-07 7.58615186668976e-07 7.24248788230852e-07 6.67132837861573e-07 6.27490423710242e-07 6.53450598520067e-07 6.79299802186506e-07 7.13063516855073e-07 8.17516527717999e-07 8.26808386023004e-07 8.37905857054011e-07 8.4664896888853e-07 7.81098970037419e-07 1.13991783763367e-06 1.00184795712721e-06 8.82658706302664e-07 9.60975130226416e-07 9.05065863321397e-07 1.14867798544083e-06 1.30619442018087e-06 1.41058523865922e-06 1.44156632018166e-06 1.32631313931597e-06 1.21203131016046e-06 1.36748941201859e-06 1.37555047103888e-06 1.33994315092423e-06 1.53775765738828e-06 1.54613861127473e-06 1.74605504525971e-06 1.92471120499249e-06 1.77957410869567e-06
1.66807663504187e-06 1.39642258432104e-06 1.35268250858189e-06 1.14902422865271e-06 1.0090515218053e-06 1.05950466888771e-06 8.96109293080372e-07 8.90563451605431e-07 8.7728716238189e-07 7.37804258221786e-07 7.43403768410644e-07 7.96556562931983e-07 1.37966318902727e-06 6.49385219730902e-07 6.68580749163539e-07 6.08138319080353e-07 5.6908787513521e-07 5.94046591118058e-07 5.92712939351259e-07 6.03340974691946e-07 5.78216631197392e-07 6.66397728821266e-07 6.59170926553543e-07 6.70316207163069e-07 7.99890460712049e-07 8.93360585507708e-07 7.54296478078231e-07 7.58875455630914e-07 8.15803929299364e-07 8.20447796456847e-07 8.94005296459e-07 1.00691084412574e-06 1.07892411307375e-06 1.01792791440403e-06 9.75149742998838e-07 8.96246380932553e-07 9.2199438768148e-07 1.03518575116368e-06 1.03299469742524e-06 1.09558103957852e-06 1.19422694240257e-06 1.39238610472603e-06 1.44583373185014e-06 1.42735417227868e-06
4.00863161758025e-06 2.80831543022941e-05 5.25600264154491e-05 1.86416534120326e-06 1.17019248477845e-06 1.41037557796153e-05 1.02961571144533e-06 8.93440093818754e-07 9.46948327396058e-07 8.29631176202383e-07 8.02054425719234e-07 7.63377315138314e-07 7.00539003162248e-07 6.5423072470594e-07 6.35884057942349e-07 5.78296454989413e-07 5.79071506479068e-07 6.10026448555345e-07 5.60856214804062e-07 5.44834390581173e-07 5.33132969593453e-07 5.29564366757995e-07 7.74455799046336e-07 5.71465901799684e-07 6.11168492525849e-07 6.04725289576891e-07 6.60110883643483e-07 6.7805139281063e-07 7.16284016277768e-07 6.88664663073268e-07 7.3234913458009e-07 7.19496588885704e-07 7.66323726963947e-07 7.55322258783053e-07 7.66066960977696e-07 7.79359977798322e-07 8.08423092735211e-07 7.9563769475044e-07 8.56316439978855e-07 8.8356144658519e-07 1.07428113835795e-06 1.19976317449755e-06 1.22105914641679e-06 1.17087447080166e-06
-9999 -9999 -9999 -9999 0.000179487001878442 0.000229940224380698 6.64543431412312e-06 0.000622323736024555 0.000154955508332932 0.000174876007986313 1.35976055389619e-05 5.88430922334737e-06 3.88149804848581e-06 7.13272208940907e-07 6.18110559003071e-07 6.55548022621133e-07 5.88278055602132e-07 5.29422145234548e-07 4.67100458934055e-07 4.82602514750852e-07 5.80391109394895e-07 5.37264691047312e-07 4.52902798286914e-07 4.5880654866437e-07 4.81656066142477e-07 5.16967792663081e-07 5.26427322711243e-07 5.52058225622432e-07 5.46357679809262e-07 5.96315514655998e-07 6.26832562033997e-07 5.99311723448182e-07 5.83582830415708e-07 5.77534355983289e-07 5.80994443311056e-07 6.03850158142905e-07 6.52598991734976e-07 6.82881277214165e-07 8.74656660698747e-07 1.03007007652423e-06 8.28675561592718e-07 9.28171238001596e-07 1.13723919099584e-06 1.14868987708405e-06
-9999 -9999 -9999 -9999 -9999 -9999 -9999 -9999 -9999 -9999 0.00021161574186408 0.000202539170459204 6.62531499983743e-05 7.34514735256653e-07 6.05751264970422e-07 5.570391849119e-07 6.80264125207941e-07 4.95245225096141e-07 8.12377317060964e-07 8.41299751073166e-06 4.29296430581871e-07 4.04565955847147e-07 4.2667895954196e-07 4.07679473823919e-07 4.47204971010251e-07 4.62235990283943e-07 4.78452631114123e-07 4.68660950758704e-07 4.92726767475915e-07 4.83062656542188e-07 4.71324644735205e-07 5.0440967669374e-07 4.87797973391935e-07 4.93878469143283e-07 4.92922398365181e-07 4.89990930674367e-07 5.20012557814198e-07 5.55266534973953e-07 6.44269414351584e-07 9.1553092858021e-07 8.99168462353828e-07 9.01152969845498e-07 9.01695776178713e-07 8.88476911597991e-07
-9999 -9999 -9999 -9999 -9999 -9999 -9999 -9999 -9999 -9999 -9999 -9999 0.000156938716645527 2.10447615813791e-06 5.52933360609131e-07 5.07879585143201e-07 4.35092020723005e-07 4.03033010343279e-07 4.2865236906664e-07 2.64885788396896e-06 5.63283168730777e-07 4.08249556471674e-07 3.25557733305004e-07 3.18447200697847e-07 3.4259479733123e-07 3.9254644903508e-07 4.19799268058796e-07 5.11011390358362e-07 5.57914339083254e-07 4.13458649717313e-07 3.66568467313755e-07 3.90662228966221e-07 3.87071789731408e-07 4.22245583564518e-07 4.58834065142355e-07 7.88083866609668e-07 2.34957648785894e-06 5.38212641032487e-07 5.16421107477072e-07 7.1082916974774e-07 6.83412316959675e-07 6.49798093377285e-07 6.59426616778092e-07 9.91883281642458e-07
-9999 -9999 -9999 -9999 -9999 -9999 -9999 -9999 -9999 -9999 -9999 -9999 0.000163669279390888 6.61477036373981e-05 1.29312395529269e-06 6.48385469048662e-07 5.54408561015407e-07 3.33864135626527e-07 2.82245991911623e-07 2.69996307622478e-07 2.96226490092977e-07 2.85534216715178e-07 2.641149244198e-07 7.49051866932859e-07 3.3002254724579e-07 4.08913500393737e-07 4.9055243422913e-07 4.43846555953087e-07 4.22762270346766e-07 3.65389264089799e-07 3.39257601922327e-07 3.87834622017635e-07 4.44874571314813e-07 5.2707552313791e-07 5.69535735905902e-07 6.04908500179135e-07 5.75708013883514e-07 5.85072353942451e-07 6.2519975045916e-07 6.88929895886758e-07 6.97093337009846e-07 6.65084480999667e-07 7.03209791197423e-07 7.22769564731607e-07
-9999 -9999 -9999 -9999 -9999 -9999 -9999 -9999 -9999 -9999 -9999 -9999 2.43973952365195e-05 6.53499439067673e-05 2.93925845653575e-06 3.98326885431288e-07 2.91702462362764e-07 3.4796363905798e-07 2.61852985516953e-07 2.69931612706387e-07 2.20723858319616e-05 3.33424518572656e-07 2.38560233256635e-07 2.40164369813556e-07 2.26301728289968e-07 2.4170351657915e-07 2.73512749515703e-07 2.91781228156651e-07 2.96992710246968e-07 2.80957400278226e-07 2.80166585397978e-07 4.19714148591765e-07 4.80494512089535e-07 4.54479809519626e-07 4.85322458132487e-07 4.99267063247544e-07 5.41467478853974e-07 5.12998926893715e-07 4.8655504443218e-07 5.56474278567975e-07 5.63865526004292e-07 6.07688324549827e-07 6.56009240174171e-07 6.60942171748502e-07
-9999 -9999 -9999 -9999 -9999 -9999 -9999 -9999 -9999 -9999 -9999 0.000118138456127781 2.67293865476859e-06 1.24145673680687e-05 3.41038369100488e-07 2.62354019753275e-07 2.65803647181428e-07 2.62605713885478e-07 2.52483673790493e-07 2.27920133610837e-07 3.5201512673666e-07 3.63982879036939e-07 2.28784903200108e-07 1.98151027674953e-07 4.38284962456237e-07 2.28813675676065e-05 2.3036238280838e-05 2.05095074079509e-07 2.16052132628874e-07 2.16070451131145e-07 3.17312313313778e-07 2.83859626648564e-07 3.40770928630718e-07 3.22345989900441e-07 3.43863532492605e-07 3.70944376726356e-07 3.92562904494298e-07 3.85664164781474e-07 4.25669638559611e-07 4.33404977684404e-07 4.91620811260418e-07 5.66726355799574e-07 5.73883074395098e-07 5.77966291359644e-07
-9999 -9999 -9999 -9999 -9999 -9999 -9999 -9999 -9999 -9999 -9999 0.000141931605321588 2.68451212832588e-05 8.57104100759898e-07 5.57825687508284e-07 5.30520875940965e-07 6.29624148018593e-07 2.20478315071659e-07 1.86891286446667e-07 1.8613362549047e-07 1.9498064531831e-07 1.85053242418576e-07 1.69823804441194e-07 1.52462620803817e-05 1.98286825025207e-05 6.05859555662391e-06 5.93838525730916e-07 2.15602068465159e-07 1.22706208912859e-05 2.1693627374475e-07 3.25166108439134e-07 1.06362310248187e-05 6.45110905850288e-07 5.45488924785786e-07 2.79751516174542e-07 2.81107421784554e-07 3.01169670535728e-07 7.46462023926142e-06 3.3447372942419e-07 5.91496176127748e-07 2.33296971146046e-06 4.23020997430967e-07 4.91125580026619e-07 5.35746497121181e-07
-9999 -9999 -9999 -9999 -9999 -9999 -9999 -9999 -9999 -9999 -9999 2.93835415050125e-05 4.45444250544824e-05 2.29238985639313e-05 4.09189624406281e-07 7.01988284390609e-06 1.65881939437895e-05 1.07744527213072e-05 7.3091670174108e-06 1.20561042194822e-05 3.18992326242551e-07 2.99870039555117e-07 6.51085127856277e-07 8.79789446344148e-06 6.02084863885466e-06 9.65895548006301e-06 1.98869746270702e-06 2.11273271233381e-07 2.00470963918065e-07 2.10171191383779e-07 5.7106888391445e-07 1.11157357594038e-06 3.34941962165658e-07 6.32204103112599e-07 2.39480457864261e-07 1.14301125790917e-06 8.97935857437915e-06 1.46105477085712e-06 2.80042799971625e-07 4.14139492477261e-07 1.37454593698294e-06 3.76018179792936e-07 4.27212174258784e-07 4.3841917047871e-07
-9999 -9999 -9999 -9999 -9999 -9999 -9999 -9999 -9999 -9999 -9999 9.36503050979809e-05 2.53801038979873e-05 1.47079540056438e-05 1.58234204945984e-05 1.68926752849075e-05 7.16527391659838e-06 7.40262061071917e-06 7.01375773815016e-06 6.58902083614521e-06 5.23194983088615e-06 7.87684448368964e-06 5.10804146074406e-06 8.47041278007055e-08 6.89628474219717e-06 4.29845229632519e-06 9.12841950366783e-06 4.32091933078027e-07 1.33485801256938e-06 3.32478640530098e-07 1.50164315826373e-07 1.69410247963242e-07 6.92699848059419e-06 1.97077473558238e-05 1.60250697831543e-06 3.69835940006169e-07 1.37694682962319e-05 1.15515860443338e-05 1.13780158244481e-05 3.57737254574886e-07 3.27074318562381e-07 3.91275305133831e-07 3.89233618847129e-07 4.09469105022708e-07
-9999 -9999 -9999 -9999 3.57730191808514e-05 -9999 -9999 -9999 3.59518598997965e-05 4.74358597784885e-05 6.10107364991563e-05 9.63715970101475e-06 6.79671234138368e-05 2.13661674479226e-05 1.23249405305614e-05 1.61660370849859e-05 8.1016649915e-06 6.58731344174157e-06 8.1453396546749e-06 9.53440260218486e-06 5.00971376595771e-06 3.79626274025213e-06 7.15570935199139e-06 8.02160453616807e-08 3.52815782207472e-06 4.19816012708907e-06 5.65330317670032e-07 1.91829221876105e-06 3.85505707640732e-06 8.95975844059649e-06 5.95304493344884e-06 8.0808594930204e-06 1.01734100439899e-05 5.47373492736369e-06 5.1909353942392e-06 7.96856504337029e-07 2.4359700105947e-07 2.1226485600323e-07 2.33128384863335e-07 2.54027633417309e-07 2.64757181156483e-07 3.04091162917075e-07 2.90300844341118e-07 3.36693515379238e-07
-9999 -9999 2.42207911014702e-05 1.57698387056371e-05 1.19512239962205e-05 1.41868870286999e-05 1.03900350040931e-05 1.68548597002882e-05 2.7288323758512e-05 1.71825234701828e-05 1.58013263671819e-05 1.35005749825723e-05 1.1314125890749e-05 7.48027222243763e-06 1.07976879007765e-05 1.30051252881458e-05 6.8080806386206e-06 5.69989946370697e-06 5.80438153292562e-06 3.42511129929335e-06 2.41195757268997e-06 3.92261530350879e-06 3.26271935477962e-06 4.07378637987677e-06 3.16786738494557e-06 3.54078440523153e-06 3.95414127183358e-06 4.99201391903625e-06 3.35598479068722e-06 3.09136801206478e-06 4.63382848465699e-06 5.00618574506007e-06 5.06352407683153e-06 1.18144258181019e-06 1.46581891868891e-07 1.73502441924711e-07 1.93305718809711e-07 2.06045597650473e-07 2.2387310352201e-07 3.26382424731264e-07 2.43185288795189e-07 2.65095209783794e-07 2.66207313615041e-07 3.03805952484026e-07
-9999 5.66325707950455e-05 1.14628756136881e-05 1.26271698945857e-05 9.41407769232683e-06 8.48728336677596e-06 8.10594242466323e-06 1.59499154506193e-05 1.66216772299776e-05 1.54702030044973e-05 1.50503832855975e-05 1.46177322676522e-05 1.16409449674393e-05 1.59541428104149e-06 4.29602170584076e-06 1.12253157681153e-05 7.55036601276515e-06 1.06588651306083e-05 9.98112367369686e-06 1.41482104709212e-05 3.8334851012678e-06 1.62731879100875e-06 3.77332628431759e-06 5.50714486848847e-06 4.07020017405557e-06 3.76147710881014e-06 2.5647008726537e-06 6.03065324185081e-06 3.19243120543433e-06 3.21856612117699e-06 6.02651779217922e-06 7.39110840868307e-06 5.57392322662054e-06 4.98415195693269e-07 1.4202966127641e-07 3.06658532878146e-07 1.7715712274935e-07 1.91618449107978e-07 2.11559932949967e-07 2.33062103305315e-07 2.61095051001803e-07 2.51224184921739e-07 3.89131471223436e-07 7.00391011321244e-07
5.02767809848592e-05 3.17292285672011e-05 1.62601518582051e-05 1.21936825848934e-05 1.04413615417798e-05 7.6990305842628e-06 5.75774943172291e-06 6.05414414849292e-06 8.3181917489128e-06 5.70739665590736e-06 7.17402675718404e-06 4.96573495638586e-06 6.49253925075755e-06 3.42617095583364e-07 8.20361021851568e-06 1.0140006452275e-05 1.72988808628816e-06 2.00712195237429e-06 9.58507990844737e-06 6.14982528759356e-06 7.64421503163248e-06 4.01674144541175e-06 2.14345345028732e-07 1.24249779105412e-06 4.88629177652911e-06 6.01292233568529e-06 4.89635305598313e-06 7.09861873247064e-06 4.67258443563878e-06 3.10327431520818e-06 5.45719676665612e-06 6.46275606186464e-07 2.1446314484308e-07 1.53346402100851e-06 1.32130357499705e-07 2.75494553392264e-07 6.89953562016399e-07 9.52491791395005e-07 1.38449291398501e-05 1.4537580295837e-05 1.10744859682654e-06 1.72342368784939e-06 2.66279043614759e-07 1.0998020286479e-06
-9999 3.41788962032297e-05 1.13005890398199e-05 2.02244692104614e-06 7.09175536144357e-06 6.7538204120865e-06 5.25177307508784e-06 4.35857152183416e-06 5.17266148563067e-06 4.00378048652783e-06 4.94069200840386e-06 4.47339947413639e-06 6.21144531010032e-06 1.00818122064084e-05 1.15968462182536e-05 1.67691877322795e-05 1.93640424583919e-07 1.76955877506657e-07 1.66505772369874e-07 1.45552618491251e-07 1.18487539069179e-07 9.23937193419988e-07 1.1587409716185e-06 1.44402822854772e-07 9.34729735391215e-08 5.96702293478302e-06 3.53553368768189e-06 3.16006644425215e-06 4.76274905736318e-06 5.70466175986439e-06 3.52753302195197e-06 3.77318922346603e-06 9.40767490646976e-06 1.04716334625721e-07 2.62415139218319e-07 4.69129396378776e-06 8.20585119072348e-06 7.3675067824297e-06 6.83884661611955e-06 8.35732316772919e-06 7.67698211348033e-06 8.07375349722861e-06 1.46839043736691e-05 7.78095953535285e-07
