Scripts_&_data/Maxent_result_files_2/B_sporadicus_3.asc
NCOLS 594 
NROWS 330 
XLLCORNER -15 
YLLCORNER 23 
CELLSIZE 0.166666666666667 
NODATA_value -9999 
[rows 220 to 239 of 330, columns 44 to 87 of 594]
0.000183748279960128 3.02510038181936e-05 0.00222182770376094 6.25678137112118e-05 0.00021589643729385 0.000133497037313646 2.23337802708556e-05 8.18404509118409e-05 4.49405854851648e-05 6.74791785968409e-05 4.89586325329583e-05 6.2121116286562e-06 1.36306575200251e-06 6.12115363196608e-07 5.24338631180399e-07 4.78179460827732e-07 3.78625449570791e-07 3.27164229929622e-06 6.3926608163456e-06 4.04990538754646e-05 1.7911556733452e-05 4.20108758589777e-05 2.19500069306378e-05 1.33486248159898e-05 0.00021978637923894 0.00623648939654231 0.018777543399483 0.0175158955156803 0.000471011103945784 4.14454379097151e-05 1.88184419585014e-05 1.76110026131937e-05 9.8878285371029e-06 8.07374879059353e-06 6.20422286374378e-05 0.00078030943259364 0.000129390391339257 6.38273253571242e-05 0.00042892008277704 0.000584149440692272 8.73540281531859e-07 2.67886419536012e-07 1.20768148903494e-07 1.31253364976658e-07
0.00357700460008346 0.000155922539488529 0.00097039445390692 0.00144811688223854 0.000476470905414317 5.77720877117827e-05 2.02483294515332e-05 2.28865427743585e-05 2.96722870189114e-05 4.25043694121996e-05 2.1488003454806e-06 7.79830143926574e-07 7.57995829303582e-07 6.22859796806097e-07 5.24383570166265e-07 5.17543226408179e-07 4.9773462791336e-07 1.54220174692909e-06 3.08098836967474e-06 4.40431543893283e-06 3.04088235907329e-06 5.48211747855021e-06 0.0013557698315708 0.00285246040439233 0.00830503143370151 0.0301960052922368 0.0259003081358969 0.00999621795490384 0.000947742175776511 0.000831371876120102 0.000890337197051849 0.0010372062708484 0.00410702644148842 0.0104884081985801 0.000675548051367514 0.00216445464466233 2.98355878385337e-05 0.000247693122219061 8.68822356778765e-06 0.00170282446197234 6.64923919657667e-06 5.95208718436879e-06 3.20471441682457e-05 6.53743917666816e-07
0.00207099538529292 0.00371310652117245 2.23323628176786e-06 0.000155355557944858 3.99867287342204e-05 3.02213686609321e-05 1.49431304862446e-05 3.33389531533612e-05 5.91082003666088e-05 7.36381640308537e-05 7.71282155653807e-07 7.91218690210371e-06 8.79492466765441e-07 3.52760922339712e-07 5.39398469356911e-07 7.60969000168643e-07 7.33926947305008e-07 4.53460553444529e-06 5.06479509567725e-06 7.39598174277489e-06 2.71898163646256e-06 0.000417857104184804 0.00886702947318554 0.0102826579241082 0.00275998233119026 0.00208648376283236 0.000260527845239267 4.77444651778569e-06 1.7057470159898e-06 1.18795004254935e-05 7.12188062607311e-05 0.00260688790585846 0.0102050285320729 0.0146618244238198 0.00042225767938362 7.04786951246206e-05 9.27792970060182e-06 1.79418615971372e-05 7.27806536247044e-06 0.000173206867475528 0.00300165293738246 0.0036290007061325 0.000432740334508708 2.61898346934686e-05
0.00187683867989108 0.00188396523881238 2.25748470938925e-06 2.83340764895001e-06 2.24968244538104e-05 7.18481463195531e-06 8.7614366930211e-05 0.000136833177384688 9.84238471914978e-06 7.3808192701108e-05 0.000182196587047656 0.00016870888593985 2.3297758929175e-06 1.17136832216147e-06 3.12425476067801e-06 2.06441618047393e-05 1.25148031884237e-05 2.70553324753564e-05 0.000126528687360405 0.000390434080327395 0.00188953740289435 0.0135206536855549 0.0181048719678074 0.000315776387287769 4.66998721549317e-05 1.59857232517879e-06 8.08555601850003e-07 4.21114772564124e-07 4.34012906680437e-06 2.87910566839855e-05 0.00166794936812948 0.0114256047643721 0.0190034890547395 0.065967321395874 0.00923188871238381 0.000735869786876719 0.00258519845665432 2.96018493486372e-06 3.04381955629651e-05 2.05669126899011e-05 4.24813703148175e-05 0.000972734703100286 0.0120587041601539 0.00539464176399633
0.000533223857200937 0.0013276359604788 0.000973527289897902 0.000456595458672382 7.28100050764624e-05 4.80501831134461e-05 4.79706193800666e-05 4.59676677564858e-05 0.00160590932937339 0.000462432990025263 0.000186712117647403 0.00019453899749351 0.000123201442784193 0.000872096720559057 0.00668852508533746 0.00851162201724947 0.0001616231220396 0.000532518209365662 0.00286468425183557 0.00685660853050649 0.0146110679022968 0.000714717558003031 0.00308176396647468 0.000304364235489629 9.4150403583626e-06 2.03023099487609e-07 2.68904486944166e-07 1.91356408549836e-06 2.81868042861788e-06 7.09738200384891e-05 0.000256166205872432 0.00156384140136652 0.0129480144008994 0.0618414653465152 0.121145831048489 0.124598004296422 0.022134018316865 0.00102198834647425 4.95257067996135e-06 2.30692416494094e-06 0.000133954892316979 0.000381234586529899 0.0333577575162053 0.00236761551932432
0.00224356077378616 0.00044936616322957 0.000311915170459542 0.000192545483878348 0.000161454794942983 7.87420416600071e-05 2.56413238957975e-05 0.000729421875439584 0.000892527963151224 0.000645707412331831 0.000271991807676386 0.000233165613826714 0.0021933761308901 0.0021495402615983 0.0116029916331172 0.0172624113969505 0.0251377343200147 0.00965622020885348 0.00405439005699009 0.000526959497074131 0.000985327354283072 0.000193254771147622 0.00129297081730329 0.00181116790627129 2.6288530216334e-05 4.97586320307164e-06 5.51059816444877e-07 2.29649712650826e-06 9.74722840965114e-06 1.52438159602752e-05 1.38512978367089e-06 1.74732942639366e-06 4.48773801508651e-05 0.0419669267721474 0.0749056443572044 0.135672647505999 0.14043455645442 0.00915728127583861 1.26541767258459e-05 1.06757616777031e-05 0.018640494486317 0.0507106061093509 0.0691553946584463 0.0888510338962078
0.000334663885587361 6.33886673995221e-07 5.0036741868098e-05 0.00130001177312806 0.000493726969580166 0.00276946850353852 0.00117499048064929 0.000777020034729503 7.22954464436043e-05 3.65905350008688e-05 0.000339903301210143 0.000950144315720536 0.0133576855063438 0.0145057016052306 0.0135719722602516 0.0037216562894173 0.00225291836541146 0.00111811987881083 0.00135395117104053 0.000164713024787488 2.10513053161776e-05 3.92541228322329e-07 5.08224820094938e-07 1.14745034522912e-06 6.84817357665679e-07 6.67747831357701e-06 1.7913018794502e-06 2.68503470124415e-07 3.63106738632268e-06 3.70437956576097e-06 6.42822243435148e-07 2.82642777733599e-06 4.89597002342634e-05 0.00809825485339388 0.462803291529417 0.128630520030856 0.0874461211264133 0.0478751786984503 0.00697489805752412 0.000629162257246207 0.00635504422243685 0.0162667538970709 0.0433968876488507 0.0532645890489221
0.000145628353493521 1.06433177080589e-06 5.84437876796073e-06 7.83083771239035e-05 0.000111858827222022 9.64547032253904e-06 1.44174419034471e-06 4.35777406551097e-06 1.27433216192685e-06 0.000172421661045519 0.000674700702074915 0.00132228921283968 9.04688213267946e-06 4.07032654266004e-06 1.78292465989216e-05 6.05958785399707e-05 0.000108563285903074 0.000128008233878063 8.19301489940472e-07 3.93215246585754e-08 9.4721510102147e-08 7.96790091683874e-08 9.1132204538269e-08 1.24808684454081e-07 2.91625874382362e-07 3.07698870471995e-07 2.33818909833872e-07 2.39249355615811e-07 2.13403741042839e-06 1.80052377629636e-06 3.18892319910447e-06 3.51063480593439e-05 4.37152162248822e-05 0.000649874703231035 0.1509686563164 0.0396037522703409 0.0321492348797619 0.0336171630769968 0.00242363188881427 0.0429256424307823 0.0541104738600552 0.0057003331836313 0.00369152752682567 0.02559747134801
9.79220042154338e-06 1.37311512560245e-07 4.36096518896534e-07 3.89883852562889e-06 3.02597668451199e-05 4.86445182104944e-05 4.43090090413989e-06 4.59516314421649e-07 4.21930992047237e-06 0.000104292218384217 1.27298111465279e-05 2.23044828544516e-06 3.78917902139619e-06 1.14056291131703e-06 4.12212922817901e-07 5.6543990005764e-07 2.76280033872922e-07 3.09306233248208e-07 5.13203582741539e-08 5.05573669151715e-08 5.9740760738336e-08 1.70044867964236e-07 8.78582437913167e-08 9.8557413785727e-08 2.01227097385015e-07 2.3293598268026e-07 2.59022191073655e-07 3.72044611651745e-07 4.17089789550573e-07 5.88044076721417e-07 1.43879291272242e-06 4.27916797889338e-06 0.000716798237408511 0.000394726959348191 0.00783658530563116 0.00715390511322767 0.042171240132302 0.00515070469118655 0.00692765291314572 0.00348993882071227 0.0323889539577067 0.0385754182003438 0.00293218733859248 0.0022150818083901
2.39948945818469e-05 1.20420475923311e-05 1.62395030088192e-05 1.80146351794974e-05 2.45093478952185e-05 1.44424002428423e-05 4.63391822904669e-05 3.60783633368555e-05 5.64744022085506e-05 5.01872703353001e-05 3.03339899801358e-05 6.36229618976358e-05 4.19896109633555e-05 8.0982089821191e-05 1.77638449486039e-05 2.33134181470973e-06 8.01878005916024e-06 2.49810241399473e-06 8.49148427732871e-06 9.42421544891658e-07 7.89389510913452e-07 6.07890385140308e-07 7.59272904815589e-07 7.5373761683295e-05 2.08083081787436e-07 1.93804456927182e-07 2.15995411068093e-07 4.07865938711893e-07 4.59664234142565e-07 7.10014388971558e-07 5.75769116295532e-07 7.83363432788065e-07 1.24278446662629e-06 0.000302581301366445 0.0138686105376109 0.0196720687672496 0.009055200451985 0.00404259704519063 0.00421864594100043 0.00342789056012407 0.00230908742523752 2.79441326256347e-05 5.5710587912472e-05 0.00262771670822985
1.50107328863669e-05 5.81702354338631e-06 3.34300685153721e-05 4.08463358780864e-05 4.86755325255217e-06 1.61288124900238e-07 5.48092384455856e-07 5.3058400055761e-07 5.59145263423488e-06 7.44458291137562e-06 1.59506595423409e-05 5.39123890064275e-06 0.000162735518460977 0.0133847347460687 0.000672232705983333 0.000218850621604361 0.00141283448319882 0.00640953874681145 0.00680162713397294 0.00143418907537125 4.39529591858445e-05 0.000323145573202055 2.88179289555046e-05 9.4876998844029e-07 2.93036697485149e-07 5.19337964277611e-07 4.62661305533629e-07 1.53887440390577e-06 6.07905575122913e-07 2.82113751737256e-07 1.15259215931474e-06 6.62145389185298e-07 5.39364391016761e-07 6.24235469786072e-06 2.36148051499185e-05 0.000226792196917813 0.00028288512621657 1.90922536603466e-05 5.01069935125997e-06 0.000536957255826564 0.0227647006278858 2.33878904793983e-06 5.20032521933444e-08 1.80293800511322e-07
2.32694956594059e-05 7.42335756513057e-05 3.18191081987607e-05 8.12669625815943e-06 5.81010794121539e-05 4.79872293908556e-05 3.43010258632148e-06 4.32139699313439e-07 1.04995900436222e-06 1.32138149737671e-06 7.44892969706257e-07 3.34681268668646e-05 0.000570424704346806 0.00204998401459306 0.00020727073388116 0.000133193934198061 0.000278110152248701 0.00229052233589755 0.00150309091550298 0.00108237984240986 0.000159371775589534 0.00644430663669482 0.00168381671537645 1.29966521058122e-05 1.77654072899713e-05 8.26256356845079e-07 4.71722337280767e-07 2.98257373998467e-07 2.96867846216742e-07 1.77291870429031e-07 9.39851196335439e-07 3.61856255537418e-07 5.49188576570714e-07 7.71565740365077e-07 4.88684609223355e-07 3.91177543690446e-07 2.59628148455704e-06 0.000707257304748055 1.66727109785825e-05 0.000386680112569593 0.0152014663792215 5.33556222421794e-06 3.85902236388347e-08 6.52383710164628e-08
6.61935151811122e-06 2.19119078337826e-05 0.000105630777397892 2.65696254700742e-05 3.22789120218658e-05 3.41492335792282e-05 3.53654912032653e-05 1.79306261088641e-05 1.34851837628958e-05 7.20653875987409e-06 2.24563215596163e-06 1.94681630638627e-07 3.66003847318552e-06 3.16438187226709e-06 6.35271494502376e-05 1.62678784818127e-05 0.000441247310664039 0.000941868696827441 0.000953659521474037 0.000142705990947434 4.01209435096916e-07 0.000273058256425429 2.42946317484893e-05 2.57684269172387e-05 8.07799773383522e-06 1.4147062454839e-07 1.31479770892895e-07 1.50127048748061e-07 1.61962404021665e-07 1.53608680086847e-07 2.77481091259801e-07 2.52333288841555e-07 2.51548377150357e-07 2.77926326575084e-07 4.23721949971423e-07 3.61554364403105e-07 2.52419319224373e-07 1.77851013347663e-06 0.00038907979906071 0.0013066217477899 0.00945008411072195 0.000475021612510318 9.86416317161343e-07 1.87250691396912e-08
7.38815024270423e-08 1.54382746320181e-07 6.70679884962055e-07 1.0376479311347e-07 2.27536740453616e-06 2.27670408659009e-07 5.13825108328092e-07 8.10063114613513e-06 7.5333022778068e-06 2.00416110374135e-07 1.37843613412514e-08 1.51931055958343e-08 5.59491824425606e-08 7.11433026623354e-07 8.73713890570116e-07 2.96571839044191e-05 0.000204522844796884 0.000406929641758325 0.000406481069512665 0.00128051043720916 0.000274547099979827 6.56395504847751e-05 9.60429558460874e-07 8.64992252047614e-08 9.745347755441e-08 1.03379120108826e-07 1.20115233848139e-07 2.07288075060319e-07 2.32292592770023e-06 1.65769947670924e-06 4.61406828833333e-07 1.03095865995328e-06 2.21122134647089e-07 1.88018600688622e-07 7.41527517789109e-07 2.21719899684558e-07 6.67473312887523e-07 2.1959882496958e-05 0.00101837607799098 0.00126143019879237 0.0170462713111192 0.000126662325055804 3.09867427894517e-07 2.21342208561737e-06
1.34045501987146e-07 5.71425992745844e-08 4.9770462862142e-08 1.33921083778077e-08 2.96862745052806e-08 1.29347045407791e-08 1.37183058357415e-08 9.77487658815335e-08 3.31054138325015e-08 2.09252826621764e-08 2.07348128888896e-08 3.40330533532551e-08 2.04806193337959e-08 4.23708993935179e-07 5.23152517573067e-07 7.31156624738105e-06 9.10218983335653e-05 0.000213805400198908 0.000413490275968797 2.26528293524098e-05 2.37942213743736e-05 1.29573500373681e-06 3.52955261462284e-07 1.3717380671352e-07 6.5875808132887e-07 1.94084284999008e-07 1.09231287837019e-06 2.01309879628297e-06 0.000122476285559969 7.04897394996351e-06 2.79939065706003e-06 4.31807940685758e-05 9.01501388739234e-07 1.81741398996849e-07 2.65872872162731e-07 4.1766259712972e-07 1.63674023383464e-06 1.9072437567047e-06 9.3920564978589e-07 4.50436837127199e-06 0.00245308319572359 0.000139089647200308 3.73236846940017e-07 2.92245919197853e-07
1.36971450046985e-05 3.44060521673129e-07 1.367510709116e-07 4.19963940068158e-08 2.46990965457883e-08 1.45895311498556e-08 3.18135608967651e-08 1.11045335060567e-06 1.23183416977923e-07 1.26681054041455e-05 3.00591748327861e-05 4.31387793042859e-07 6.27049366652699e-08 7.09723239111781e-07 6.1905642709803e-07 3.31633245423291e-05 3.22857102219132e-05 6.40809490505489e-05 0.000172844800908933 0.000260097102727741 2.23522501983098e-06 5.63262603918702e-06 0.000152261770926998 2.23135978316691e-07 7.83215823929595e-07 4.52926335725579e-07 3.96924871637339e-07 3.92862148856921e-07 1.64495675392118e-06 5.88949427253738e-06 2.96178446035356e-06 0.000987008247466292 0.001292106762412 5.54929009012994e-05 1.15394653761314e-06 5.99221373676073e-07 5.51186336394949e-07 3.13323977820801e-06 1.12333105732887e-06 6.94540382255582e-06 7.4629639215118e-07 4.25614616688108e-05 0.000168621876946418 1.60125099455399e-05
2.57579094498084e-08 2.85281815060046e-08 1.52206763601725e-06 7.17489555057682e-07 1.44301188583995e-05 6.17389854937755e-06 3.279481420293e-06 9.40956213391075e-08 9.64451853935344e-08 4.42202583172957e-06 1.30678434455689e-06 1.23924690171862e-06 7.1833168789226e-06 8.64185466298295e-07 1.01414457986948e-07 4.85838647179548e-07 2.88846637431561e-05 8.68252725922503e-05 0.000221261885963031 2.87520708752709e-05 0.000222028286952991 2.3276908882508e-05 0.000187711012404179 0.000166342704324052 2.61855268490763e-06 5.6297029544794e-06 0.000135279689311574 1.2286539309514e-06 2.85596955507117e-06 0.00168330494780093 0.000604642680264078 0.0838967567309737 0.00920684421434998 0.00146632707328536 1.17761929345761e-05 2.82358970693508e-07 1.57523815857985e-07 1.88207306806021e-07 6.0638328989171e-07 1.15313119337657e-06 1.27146307704606e-06 5.86600286624162e-05 6.25105223662104e-05 0.000218667880108114
6.05695739341883e-08 4.43267539562697e-08 6.76124205956086e-08 2.77324868989126e-06 0.000143940559064504 0.000803820825240109 2.12938513413974e-05 2.44645210045746e-07 4.24371711993388e-08 6.266135272881e-08 2.62852867294328e-07 7.03802700563472e-08 1.41875182002593e-07 5.31913823209607e-07 2.65858989934031e-07 3.67710182302972e-07 3.84473800352225e-07 2.78200753029978e-06 7.09543414814107e-05 0.000966171055915765 0.00853631193749607 0.00209450709517114 0.00102371417160612 0.0297424590680748 0.0101109576527961 0.00171346027927939 0.0010867093980778 0.000873252336168662 0.000391685393697117 0.000574574677739292 0.0068083910504356 0.0154746698681265 0.000429828048800118 0.000115758962056134 8.87760626937961e-05 3.61080672348635e-06 5.98326234069191e-07 1.81761734641128e-07 3.68542748816481e-06 1.00184861651087e-06 9.34686292808351e-07 6.38608946168517e-08 9.52358146122378e-08 3.93964971312499e-08
2.00756901165278e-06 2.82994976785744e-07 7.13770528459889e-08 1.52770801832958e-05 2.43613435486623e-05 3.59893349013873e-05 1.19982772446292e-06 3.03820198865878e-07 8.58623007360393e-08 7.40252195896574e-07 4.20178869831034e-07 1.78429168862237e-07 5.86003036318061e-07 1.50754060683767e-06 1.74469285866508e-05 0.000267280715343077 0.000201892066979781 0.000451192863692995 0.00108117535710335 0.0190317841945216 0.000788852028199472 0.00033823487610789 0.00032522986875847 0.000157418707931356 2.57946882356919e-05 0.000103338764279215 3.40524078694671e-06 2.33694386153616e-07 6.08385182658822e-06 0.00369662142475136 0.0244631650857627 0.0165295318700373 0.00223203694913536 0.00122012242209166 5.55263913156523e-05 8.73872888274008e-08 8.41373938076373e-08 8.02153065304623e-08 5.27169966169083e-07 8.15499791029239e-08 2.00408181383338e-08 8.91738566322076e-09 3.6606904285641e-09 -9999
1.97898696541188e-08 9.58081972646241e-09 1.3632988675738e-07 2.85326678749698e-05 6.11480922088958e-05 6.82504274664097e-05 8.07315575002576e-05 0.000653820522711612 4.8339297018174e-05 7.95627680417965e-05 5.46021432455746e-05 0.00010141365655727 0.000256004750553984 0.000110401222627843 0.00157840729225427 0.012365361303091 0.000932657910743728 0.000186376518831821 0.000135510790642002 5.06604517340747e-06 1.12186537251091e-06 1.60374575273181e-06 3.35619324687286e-07 5.63654682039783e-08 1.24964213976675e-08 5.34689161835189e-08 2.39509745370015e-08 2.60080977643185e-08 0.00216955874639098 0.0067184959538281 0.0405799233354628 0.0355174263939261 0.00256919954554178 0.000152913481178985 8.15849441551109e-06 1.03862328842297e-05 5.19084675687509e-08 2.28682248248901e-07 6.3646970915876e-09 9.02906459598896e-09 1.67030782538546e-09 8.44411962575009e-10 -9999 -9999
