Scripts_&_data/Maxent_result_files_2/B_subterraneus_3.asc
NCOLS 594 
NROWS 330 
XLLCORNER -15 
YLLCORNER 23 
CELLSIZE 0.166666666666667 
NODATA_value -9999 
[rows 280 to 299 of 330, columns 460 to 505 of 594]
1.73892932275876e-09 2.83906818054902e-09 5.29141885863282e-10 2.13903517121139e-10 8.68465965808696e-11 7.02128244434164e-11 9.17759979124355e-11 1.40566802642184e-10 4.77339989757297e-10 1.05402567784907e-09 1.5161071953429e-09 1.77970519432691e-09 1.73872984898793e-09 1.64557758530748e-09 1.50104380036709e-09 6.82181364730638e-09 2.4059871206461e-09 3.38528446386377e-09 3.21034407946286e-09 2.5109600620965e-09 1.55063462070615e-09 1.24165900894369e-09 1.11268955160782e-09 1.10893511040544e-09 1.2208811406289e-09 1.39537745802443e-09 4.98490204670077e-10 9.64234148081999e-10 1.09560708283496e-09 2.17515121470058e-09 1.11942577651902e-08 1.67777398196733e-08 1.60586550279618e-08 3.41500133771433e-07 2.57610065546032e-07 1.4003646015226e-06 5.0275428122859e-07 9.0686992564315e-07 1.54338878814997e-06 1.4750948253095e-06 1.46005006911309e-06 1.70438338216172e-06 2.08233829255278e-06 1.38068558612758e-06 2.23592029868769e-07 3.77280553021109e-08
1.93479386956241e-09 8.01740582812016e-09 3.14189245731455e-09 5.35158473091712e-10 1.71989678054985e-10 1.6118308909796e-10 1.73612180187632e-10 4.44064718330139e-10 1.54534820495655e-09 1.94087758087491e-09 2.39743628283051e-09 2.29643735139007e-09 2.2079143846554e-09 1.92306175428314e-09 1.68112358478467e-09 1.52397844122021e-08 2.75800668969595e-09 4.17678296393831e-09 6.00058487343347e-09 3.7082509396491e-09 2.79907766964627e-09 1.99842952186557e-09 2.01991959825065e-09 2.02598465781634e-09 1.8548182434408e-09 1.75304213367866e-09 3.2127014382155e-10 3.4218206601544e-09 1.75177869654597e-08 4.777246565002e-09 4.48273557829282e-08 4.32229123958905e-07 1.98995790015033e-06 2.35783776645349e-06 3.32762322159397e-06 1.41062877673903e-05 5.25181825423715e-06 1.11469456669511e-06 1.15769572062163e-06 1.95940740752576e-06 1.56837779172747e-06 1.23261126248053e-06 1.01789496795845e-06 1.88821401536643e-06 1.89551724893988e-07 2.85283199286113e-08
6.73496791669947e-10 8.92383567041577e-10 8.67946181593027e-10 7.34034177884979e-10 1.1511481434745e-09 1.50788943553692e-09 9.74947678145099e-10 1.78421745156143e-09 2.59901846710875e-09 2.80140228792192e-09 3.25895587183211e-09 3.14725784322789e-09 2.59023517079626e-09 2.10510586740043e-09 7.8268291625605e-09 1.09788818702938e-08 3.43660906398924e-09 6.00452967347565e-09 8.9562824379108e-09 4.99807993881163e-09 3.37206028655501e-09 2.46425598815492e-09 2.59959312964853e-09 2.43823679024757e-09 2.3956203909492e-09 2.83489495211953e-09 3.49501270147101e-09 6.12524451160112e-09 1.89337917344545e-08 5.87520757378002e-08 3.89425382252284e-07 3.14592958261528e-07 2.93542415619186e-07 4.1928715290851e-07 7.14962030201605e-07 4.08993365681454e-06 2.04549921534181e-06 6.13869821819435e-07 7.65304333327776e-07 2.42672218320195e-07 7.02184262735273e-07 4.82860867379031e-07 1.67860977562384e-07 1.84618969001349e-07 2.12400732779727e-08 7.50315241049293e-08
2.44044044972469e-09 1.15560483404664e-09 8.22042933723566e-10 1.00465027408347e-09 3.03702344384149e-09 2.91366832883e-09 3.77176238020027e-09 3.6604502984261e-09 3.52415904236736e-09 3.62127636766019e-09 3.33108767236467e-09 3.69434369762445e-09 3.65349379638502e-09 2.62432202635665e-09 8.92877020097771e-09 2.57442733797575e-09 4.77792218012141e-09 6.9739626407106e-09 5.67242990356931e-09 4.1680897733265e-09 2.88787724844752e-09 2.43635809304976e-09 2.31303399766958e-09 2.1188152343754e-09 2.45983304836272e-09 3.06720953080486e-09 4.75985268977297e-09 1.09581390295155e-08 1.60375255742196e-08 7.07572148428426e-08 1.14994497835141e-06 1.06539206701228e-07 1.82487760014283e-07 9.19954718625604e-08 2.21419138028978e-06 2.99969584034443e-06 7.71663691523372e-07 3.20699343774322e-06 1.59118729072816e-06 5.33789504686411e-07 3.84568216915682e-07 3.7268873391838e-07 9.66992685924595e-08 8.69442842166279e-08 1.22043249994874e-07 2.86127096060795e-07
1.54956334430523e-09 1.5674888498296e-09 1.19697632916527e-09 1.44741160168493e-09 1.48970741298271e-09 1.13169028592708e-09 2.80759340220982e-09 4.22108411557431e-09 4.21675684370015e-09 3.37698874419701e-09 4.54971079699718e-09 9.96140147035973e-09 9.85693232591345e-09 8.27129555958095e-09 2.6770222927297e-09 3.44599041524063e-09 6.87572417890081e-09 6.33372267966337e-09 3.93827077616038e-09 2.98037536872187e-09 2.39310585792296e-09 2.35365806844356e-09 2.1583181575302e-09 2.07007736507947e-09 2.20710438814109e-09 2.38103651239996e-09 4.64574388958638e-09 3.41641952505967e-09 1.82770517609399e-08 4.54652187897864e-07 2.58046966905567e-07 1.39669727161618e-07 4.44273073885171e-08 5.73247135093879e-07 1.12179794342637e-06 7.62766521802405e-06 2.40064981426258e-05 5.32858015276361e-06 1.51301209143639e-06 3.03575327222916e-06 3.0588892485639e-06 1.74500746652484e-06 1.74254597595791e-06 2.28807960667154e-07 1.05607406908348e-07 9.18849380582287e-08
1.7947189179246e-09 3.10667153113897e-09 3.23166290394639e-09 1.24938223100557e-09 7.60818197331758e-10 1.09596239861176e-09 2.72286463376403e-09 4.32039835018827e-09 3.84590024271603e-09 2.4375336193927e-09 2.70747831931928e-09 5.07678094008313e-09 2.16481457204765e-09 2.03252108477159e-09 2.38216255610268e-09 5.08425151979353e-09 7.18454997716833e-09 5.15638384213091e-09 3.73509030371366e-09 3.14505687049049e-09 2.35865269537783e-09 2.09545583107484e-09 1.89288521523778e-09 1.64466857910384e-09 1.58564439356468e-09 1.75601249097213e-09 2.91986812506195e-09 1.30223699601473e-09 8.65254340398636e-09 1.04404723444418e-07 9.39972981228721e-08 1.38349363965062e-07 1.91078412825618e-07 4.54103721381216e-07 4.81920963011362e-06 0.000140172413739492 9.4822290702723e-05 0.000255530323192943 4.53013636615651e-05 1.62405682999633e-06 5.75381258727248e-07 1.22591285958151e-06 9.06502884312488e-08 1.12133131446868e-08 3.23497514109761e-08 2.16107718387093e-08
1.20848966389531e-09 2.84174499487477e-09 3.37806033146038e-09 3.19277883020774e-09 1.33946949087971e-09 1.24781167620824e-09 2.57265890812874e-09 3.09064666081937e-09 3.10037165940358e-09 3.11595300672707e-09 6.26490164190585e-09 9.37246937837699e-09 7.16848802539971e-09 4.13218022021766e-09 4.74780089687599e-09 8.37802534014997e-09 5.09599231701685e-09 3.39565545681708e-09 2.71023703479756e-09 2.74417173429242e-09 1.79740624606239e-09 1.6601352847978e-09 1.55144818103636e-09 1.29084939404223e-09 1.22758312404159e-09 1.35380573418331e-09 2.32057250082462e-09 1.25398833317192e-08 3.99762730918241e-08 2.05522621588017e-08 1.38295113139009e-08 1.3722802103544e-07 1.63574563600832e-06 3.70993210708548e-05 2.5993863914664e-06 4.78440716022988e-07 9.730544093145e-06 5.15879463819147e-05 4.37587278611318e-05 5.17626025953177e-06 6.43273305911407e-07 1.8606750611383e-07 3.43694543492035e-08 1.3192136394391e-08 5.41823791389007e-09 2.13979697516464e-08
9.3987255755934e-10 1.65368244653408e-09 2.31523750171547e-09 1.91371998248258e-09 1.77165669912327e-09 2.87206884941327e-09 3.90363225077905e-09 3.82453171354769e-09 3.06137288852426e-09 5.58424473329211e-09 1.39768968399068e-08 2.20238008719065e-08 1.93820608895834e-08 1.04376279841389e-08 8.35863442905094e-09 8.08767179893977e-09 3.7854677281679e-09 2.37095548749622e-09 1.88458740835173e-09 1.65083863246096e-09 1.47820760076911e-09 1.36312066079114e-09 1.24083225916394e-09 1.09909338297243e-09 1.02200067297886e-09 1.16903606794949e-09 2.53027059304856e-09 3.0573602982642e-08 5.53837435468552e-08 9.96073501458028e-09 5.75304377026242e-08 2.23956320155594e-06 4.34129159430086e-06 6.62380429048426e-06 1.98864831979506e-07 1.99261114053328e-08 9.0746658187868e-09 3.57244661408629e-08 2.18855617539759e-07 1.28763435895962e-06 8.42835455472368e-07 6.07755883397232e-09 6.00591198995914e-10 3.0319042609861e-09 4.29028651494079e-09 2.44066682419941e-08
1.23430408116576e-09 1.27693445817201e-09 1.31730057972845e-09 1.35410576085349e-09 1.42467940777991e-09 1.36981874732101e-09 1.63995960145158e-09 2.697911571925e-09 4.62904138354148e-09 1.35910169785092e-08 3.41730983510757e-08 4.91133505420294e-08 4.89275035597814e-08 2.89053019297825e-08 1.83464652581122e-08 7.77299674625809e-09 3.99375986726014e-09 3.05042147097367e-09 2.50372106380681e-09 1.76631845816289e-09 1.6253800416699e-09 1.45729992517829e-09 1.21900640692729e-09 9.97700888571984e-10 7.96797328117549e-10 7.44716810441304e-10 5.79270532652387e-09 4.74425490892827e-08 4.12334662414082e-08 3.49644740937904e-09 1.91287288564546e-08 9.13800101898232e-07 7.02869116508964e-07 7.24600840129597e-07 7.85881125509036e-08 5.70862738191735e-09 1.07678588268101e-10 1.18472098797895e-10 3.26108484660637e-10 1.8377766908273e-08 1.18443981733662e-08 1.95774541023042e-09 7.0307127897351e-10 1.01242841332727e-08 1.05391536608934e-08 1.75893106302283e-07
3.60232003115968e-09 2.90646534617522e-09 2.21322458138218e-09 1.59347844919111e-09 1.49262945337014e-09 1.39685112365839e-09 2.98872260273697e-09 6.79889783361531e-09 1.29822411931713e-08 2.82201891632639e-08 9.57076411012281e-08 9.08050813208661e-08 8.01857018117858e-08 4.74638396585902e-08 2.95872321309787e-08 1.37263072796934e-08 7.4138041594729e-09 6.05051612145857e-09 4.00665061128791e-09 2.4935035036755e-09 1.59261202004046e-09 1.35566206038718e-09 1.21821863707794e-09 9.19605558369341e-10 6.36804486919829e-10 6.86025292129244e-10 7.30969345053012e-09 2.14376226104207e-08 2.90934639046725e-08 9.32685625398833e-09 3.89203851369757e-08 3.89183768589874e-07 1.66978310858212e-06 1.24212898633402e-07 2.32826891100046e-10 1.70562741708125e-10 3.06589864607076e-11 1.76409220564722e-11 7.80088882379459e-11 8.06137046005517e-11 1.58349302559202e-09 3.17661723592266e-09 4.41997841660324e-09 4.95799482580495e-09 4.42194422189957e-09 4.53665806032788e-09
8.75352812457209e-10 1.94962541666399e-09 2.62025265929111e-09 2.83792143118689e-09 2.63136440414868e-09 4.23446083752665e-09 6.64304252717685e-09 1.60137891835888e-08 3.04370798343001e-08 6.76254352072192e-08 2.05071479797425e-07 1.78286240171133e-07 1.40169770901366e-07 1.0339944651605e-07 6.89908408624262e-08 5.88239464249796e-08 1.02259511747249e-08 1.12644996219657e-08 5.87748975044988e-09 2.54811725053372e-09 1.72951637456009e-09 1.51112794499753e-09 1.01433261789907e-09 6.8057477431438e-10 7.35691441100528e-10 6.68485999888446e-10 3.20167350409406e-09 1.90774875008515e-08 3.16504472630541e-09 6.22947449180344e-08 1.33233316148562e-06 1.86437613081125e-06 1.73506701059978e-06 3.08917472935377e-08 8.61264037865794e-10 6.34490904261042e-11 1.00139674330535e-11 3.14549275515219e-11 2.33434493956963e-11 3.04882785684413e-11 4.00219812846103e-10 1.66738077789219e-09 1.90413894651797e-09 3.50057670628345e-09 1.18663276982289e-09 3.23513603683878e-09
1.43216178916106e-09 3.72491425482124e-09 1.00466978847358e-08 1.36385217341939e-08 1.3307728430334e-08 2.0641609799199e-08 3.1364767538733e-08 3.32860816687486e-08 4.82073921226345e-08 7.38490731677643e-08 2.74063699379212e-07 2.71144310204363e-07 3.66392251294201e-07 2.18656031236719e-07 1.67467836575952e-07 1.02076304564491e-07 1.47214846313304e-08 7.73636550377432e-09 3.76129513091072e-09 2.32511115916267e-09 1.66603082440986e-09 1.16873193345413e-09 7.79907716186301e-10 7.57560125741463e-10 8.38436109429352e-10 1.05680244555373e-09 7.62587155644923e-09 5.00682150406107e-08 1.92496655282426e-08 2.72605844742202e-07 1.05076466212495e-06 2.0462751336936e-06 3.73899249339615e-07 2.0681135577405e-07 1.83453702229386e-09 4.92897944681658e-11 1.34587341271697e-11 2.08457917594274e-11 1.14287468377938e-11 1.89864568511666e-11 4.6978299028666e-11 2.87130375031808e-10 1.36607170020397e-09 7.36813587920437e-10 3.54974161176358e-10 8.43781544634936e-10
1.3099285522955e-08 2.33111054237511e-08 4.19155991249198e-08 4.08300301124598e-08 5.71986255692991e-08 1.70910354313492e-07 3.45949907654131e-07 9.60605540001325e-08 4.60347943764816e-08 5.08044476710268e-08 7.54679243542e-08 2.55818429550914e-08 6.35396912862518e-08 6.20766609671364e-08 4.65125219228923e-08 2.7389876811057e-08 1.27040957753621e-08 7.05960997438027e-09 3.48440127861949e-09 2.41135207357246e-09 1.89676715445231e-09 1.54537249663633e-09 1.26715780091047e-09 1.21394442276213e-09 1.33915454281208e-09 3.61508266655264e-09 4.16072833075987e-08 1.4895638456025e-08 5.55100073462711e-08 3.36913317511289e-07 2.0730664346047e-06 3.59943690568798e-06 4.37572524703e-07 2.80037167499358e-07 5.60649959790993e-10 1.22796550705573e-11 2.47307840872679e-11 1.10154441124166e-11 2.06013650583259e-11 1.62977631390504e-11 1.1116858544824e-10 6.52888465513257e-10 1.43494617299567e-09 8.46554137901023e-10 1.20446520535111e-09 1.69205327527067e-09
2.40879721502552e-08 3.12557746795505e-08 4.37960625987444e-08 6.01891724016923e-08 7.99247449556617e-08 7.09331218651243e-08 1.11998339313857e-07 1.92932128051382e-08 1.48307783609525e-08 3.20062337078042e-08 2.26753025023285e-08 1.44324053596989e-08 1.47655049076434e-08 1.4893130684257e-08 1.45235792059495e-08 1.4051292840378e-08 1.05598757071945e-08 7.47974022718978e-09 5.26455764537914e-09 3.96392424439895e-09 3.10259666846946e-09 2.56776738760678e-09 2.33756943801566e-09 3.15323150923419e-09 6.06890299126306e-09 1.64252852208335e-08 6.38422972265573e-08 6.96300446634268e-08 1.01847638234176e-07 2.68650612440524e-06 2.41263852785778e-05 5.8231475577486e-06 9.83620600436552e-07 9.09738486321032e-08 7.73208719273555e-11 7.73477504267817e-11 1.39565692336419e-11 1.36770594849622e-11 1.39579459101924e-11 2.26283847215569e-10 3.70356634249447e-11 6.86502743540984e-11 8.11067768502483e-11 1.51650259017089e-10 1.4692150718254e-09 2.25704320788722e-09
7.00850412149734e-09 8.1532758433589e-09 9.41602343873527e-09 1.5729151825461e-08 1.39621196382222e-08 1.10795382979312e-08 4.46057830671975e-09 1.51159355032959e-09 2.76361047379936e-09 1.08406652876702e-08 1.56204303491947e-08 1.12842086785747e-08 8.34309926700527e-09 6.94147838098402e-09 7.6546693095203e-09 6.75553049056532e-09 6.13383862591022e-09 5.36910522708212e-09 4.85906481717535e-09 6.09590105060676e-09 1.15231095665358e-08 1.27255555204542e-08 9.7056294334763e-09 4.65036006369601e-09 5.86983012196285e-09 4.76568607687966e-08 1.8896411901892e-07 9.85255638852323e-08 2.37183531126561e-07 1.10685128674959e-05 6.5904289658647e-05 1.85732760940027e-06 2.90397634161721e-08 7.16145435175619e-09 3.75386277617906e-11 3.04399505601793e-11 9.51531076154311e-12 1.69953495721131e-11 2.99532398884139e-10 6.0692273429197e-11 3.22206816782966e-11 6.94264423728441e-11 4.31004931744638e-10 3.01635927346666e-10 2.71967242060356e-09 1.90944915434699e-10
3.32202890751532e-09 5.00400897385234e-09 5.20730397690627e-09 7.50121132986337e-09 6.76658594711554e-09 4.03213263888702e-09 1.71050397179684e-09 9.08016106748732e-10 7.45286388159627e-10 2.16437152644744e-09 6.22312478215647e-09 5.88992066230531e-09 3.29068338134064e-09 2.84259646932128e-09 3.08181676844654e-09 6.23226973361923e-09 8.07251262502362e-09 9.74392816432967e-09 1.74466623814595e-08 5.4106507807461e-08 6.25340406124053e-08 3.7417161857789e-08 5.54056952539739e-09 5.122969326532e-09 8.2750031937806e-09 1.23778411698083e-07 6.75665694060967e-08 9.01769149130871e-08 1.00152113589047e-06 2.37393554016307e-05 2.47918595164265e-06 2.89328340272732e-06 1.17730742221767e-07 1.62171568396374e-09 1.37042488468353e-11 1.29186827901862e-10 1.46768930342489e-11 1.3338778970251e-10 1.53841739347627e-10 1.13005103052899e-09 3.03720903982452e-10 1.03903019521567e-10 3.81349940514752e-10 8.31276458779229e-10 8.55704351820918e-10 6.60097021487616e-10
1.50070249560486e-09 2.68473387965429e-09 3.28042654151872e-09 3.34452379124883e-09 3.78862121674928e-09 2.05263720465254e-09 1.4323937147509e-09 5.90386828314138e-10 4.36669711501025e-10 8.22508616771245e-10 1.84633088817776e-09 2.41475887063913e-09 1.87901156856185e-09 3.3445682667832e-09 1.00119140089561e-08 3.74083693799321e-08 3.77844182164466e-08 2.04970120654124e-08 1.90796011434458e-08 1.86427820070278e-08 7.19842304652829e-09 4.68658544194867e-09 5.0762003489524e-09 6.38908812522487e-09 1.78174252241092e-08 2.45013846011943e-07 2.46212121624012e-07 4.08703769494423e-07 2.66904453951611e-06 8.6615568079651e-06 3.42890962912179e-07 3.91959443746259e-07 1.3049382321384e-07 2.34439445634393e-10 1.8600998519247e-11 1.15318687932131e-10 2.6503121919319e-11 1.72665626241297e-10 1.15109510812061e-10 2.53649924397692e-09 1.67002435436103e-08 4.09553502223048e-10 2.90379698064669e-10 6.6869040304951e-10 4.4032451018694e-10 4.22541490685546e-10
4.51837208537143e-08 3.82216948091596e-09 2.47199460901015e-09 3.10729987296199e-09 2.09168273812566e-09 1.94723702717781e-09 1.08645953345032e-09 9.51654954839398e-10 5.67327873568502e-10 4.7320718454813e-10 5.95623228516473e-10 9.09426611794828e-10 1.76071045521198e-09 4.02435111901411e-09 1.08007821464362e-08 8.84551765167885e-09 6.7765882794113e-09 5.18884342159964e-09 4.45783177038805e-09 3.62050108781986e-09 4.2563037205845e-09 4.84799768107891e-09 6.36255417241216e-09 9.00450107810258e-09 4.57054632363452e-08 7.06121028315465e-07 5.92005427790809e-07 4.93697943682037e-07 6.14912629259834e-07 1.41241907058998e-07 5.73084181443306e-08 8.06817443965713e-08 3.54884977848968e-08 1.60543423000092e-10 9.28893628682204e-12 6.12008665967778e-11 3.67386465693897e-10 4.50386790751267e-08 1.17086240436493e-07 9.46775227994578e-08 8.24989520031849e-09 1.84938492298059e-09 2.13452732156227e-09 1.07229449430868e-08 2.00838191632968e-09 1.69724650556091e-08
1.86965754949142e-06 8.89777555634907e-08 1.29727440900673e-08 5.11289328652964e-09 1.67784431903684e-09 7.64122942698009e-10 6.06573380412811e-10 9.67855928735162e-10 9.79785186316917e-10 7.93524068676277e-10 4.66889538142112e-10 6.55349707834318e-10 1.08952850075283e-09 1.28720087921863e-09 1.78880238399515e-09 1.9896323921742e-09 2.3237241908447e-09 2.85286473333812e-09 3.6555659610471e-09 4.50811475927182e-09 5.84412809256918e-09 5.8138624581261e-09 7.8574601047876e-09 2.74841754688282e-08 1.16547207440476e-07 3.24696891595977e-07 3.87883237351616e-07 1.09061393693821e-07 1.10334390246436e-07 1.80660612159045e-07 3.10699194727704e-07 8.97822464374087e-08 3.273509741053e-08 1.85789041928786e-09 1.38102196345358e-11 8.75328587390811e-11 6.92077617436837e-11 3.89469645201146e-08 3.98604362406019e-08 2.57399809466818e-08 1.17257691445438e-08 1.28578726776851e-08 2.70089661746908e-08 1.30159238054262e-08 1.07889576494991e-08 1.24961051173322e-08
8.874994693997e-06 7.2068678633741e-07 2.11357871293671e-07 2.04761949840204e-08 3.68905235248462e-09 1.84158469584972e-09 7.96549270987157e-10 1.14813974994021e-09 2.22802813976131e-09 1.97430087833794e-09 7.24438764532209e-10 6.98856517100666e-10 8.06490796367854e-10 1.12602481783242e-09 1.29442064844554e-09 1.8174711069463e-09 2.33802081028855e-09 3.51902035289342e-09 4.72601181522592e-09 5.18113765224371e-09 6.62614674240558e-09 9.46114012689847e-09 2.0742256179318e-08 1.62648112578268e-07 2.86439260577254e-07 7.09899487638666e-08 9.89932398276494e-08 8.07972895700004e-08 5.89625789526593e-08 1.27980440556286e-07 1.43811556108098e-08 3.21181307327834e-08 5.36390953875809e-09 3.36015653079613e-09 4.75606887206936e-11 5.42130562664056e-10 4.6861920011132e-09 2.43200141136768e-09 6.69324934365889e-09 3.29018718936425e-08 1.65420906972358e-08 3.38355876206009e-08 5.12182499967651e-08 3.17274149619351e-08 6.34016605438603e-08 3.48596231880549e-08
