Scripts_&_data/Maxent_result_files_2/B_subterraneus_3.asc
NCOLS 594 
NROWS 330 
XLLCORNER -15 
YLLCORNER 23 
CELLSIZE 0.166666666666667 
NODATA_value -9999 
[rows 140 to 159 of 330, columns 414 to 459 of 594]
9.01002477004975e-05 7.24405242223836e-05 2.7243569075186e-05 1.68769859706708e-05 2.05218747190927e-05 2.40480327753478e-05 3.29264863814016e-05 1.27770446242459e-05 2.9418788443214e-05 2.74563298184316e-05 2.05414918381663e-05 1.44995233197664e-05 1.76278524867679e-05 1.91980848972984e-05 1.88092500720605e-05 1.32344968924669e-05 7.77636783455549e-06 1.3180482237396e-05 8.83337182236987e-06 4.27965586692336e-06 4.29176783426355e-06 6.64379716871499e-06 1.58861681426314e-06 1.34966148954696e-06 3.6539965025284e-06 9.16150505609892e-06 7.33581662579752e-06 6.69500488257313e-06 4.46599745274057e-06 8.54247818153908e-06 3.02065574970811e-06 8.5826187554261e-06 2.98400895324846e-05 6.83350845835928e-05 1.17312431235472e-05 2.12481013363908e-05 3.45761892507013e-05 1.17313503830818e-05 8.00351303166247e-06 1.42837021824604e-05 1.3215840836911e-05 8.86429885074147e-06 2.56101827404986e-06 9.21771538661131e-06 7.49403731484799e-06 2.95856087093149e-05
0.000113904911708784 7.56893446570817e-05 6.24210523146984e-05 3.22037895063465e-05 2.08205512067683e-05 1.4208223344625e-05 1.29807041575503e-05 1.13029792425445e-05 2.56497570600755e-05 2.29595372033375e-05 1.48739175989676e-05 1.91110158930696e-05 9.91489452915051e-06 1.07369577773353e-05 1.49626855700857e-05 1.42507936765401e-05 1.68518631040726e-05 1.34774961078721e-05 1.09834153160682e-05 4.31745210102141e-06 1.36163267669964e-05 1.14825427814935e-06 1.13471529737952e-06 1.04109869450753e-05 3.41086220785769e-05 7.5535118753578e-06 1.06918075644558e-05 6.07637875518208e-06 7.13839928230264e-06 9.61103187764323e-06 1.25757735882637e-05 2.04269900468512e-05 2.17764151803745e-05 2.36630012647954e-05 1.26838002661889e-05 4.98323166204795e-06 7.85172764240505e-06 8.52598493954471e-06 7.37321189775431e-06 1.93789098544062e-05 3.0735067669363e-05 1.59041045237451e-05 3.13421059365826e-06 1.41482096087886e-05 5.33968517866246e-06 5.94210311534171e-06
5.10983294356726e-05 7.09873474527445e-05 0.000106156329948481 0.000160311833711668 2.4110500528518e-05 2.10402993244707e-05 2.5222686831905e-05 1.61852923811323e-05 1.2842686610004e-05 1.063513117181e-05 2.70098221800907e-05 1.35262061660701e-05 2.32485546730388e-05 1.86779584874452e-05 1.64791534471798e-05 1.64083505348578e-05 1.56241629176046e-05 1.51285154325276e-05 1.24046861239568e-06 3.48691987054339e-06 7.89720266849425e-06 9.23888986226196e-06 1.74210736969549e-06 7.00710219572187e-06 3.80605664162204e-05 1.49545498189241e-06 1.77763602291492e-06 6.74398776995266e-06 3.94027306769296e-06 1.6034114787189e-05 1.30358552065668e-05 1.69943142984796e-05 5.47932034665743e-05 2.47623259584384e-05 1.98010123983239e-05 1.0035564601385e-05 3.41994022559078e-06 6.47759665866055e-06 2.15447811409808e-05 1.6377491314401e-05 1.36224938161567e-05 6.06792549989743e-06 2.27032170936337e-06 1.67720584400843e-06 2.05482500861276e-06 2.76753208054981e-06
4.30065029554116e-05 4.60611340969197e-05 0.000100355944831998 0.00010330407680097 3.20007846502546e-05 1.76210716809844e-05 1.65840792892613e-05 3.02813854594963e-05 1.29338780893273e-05 9.99588244237071e-06 1.37103419857953e-05 2.00390958079666e-05 1.88228295248338e-05 2.26253039981472e-05 1.61249535275743e-05 1.10649899401238e-05 1.47799989060227e-05 1.61577641533128e-06 1.27049473006569e-06 1.38820093299685e-05 2.27593770875112e-06 9.08026019452723e-07 5.17733530343012e-06 2.26307047753949e-05 1.22476639802471e-05 1.53299458389711e-05 3.95324346795789e-06 9.63737503678619e-07 2.63574430690028e-05 2.56909677387451e-05 6.06670914710117e-06 6.84225039782049e-06 2.60688387546226e-05 3.4269503488793e-05 1.59216513503035e-05 2.88838209629994e-06 2.94674626927227e-06 3.03660691284291e-06 8.85755375514829e-06 1.90289927685106e-05 1.21007495300307e-05 3.81742108407357e-06 1.85047563450169e-06 1.56387505638733e-06 1.52234390076167e-06 3.90709527426814e-05
2.3583793764026e-05 2.416877420095e-05 3.34857535949085e-05 3.31706256711417e-05 2.64668390830836e-05 1.86137002338049e-05 1.33436655797015e-05 1.56218228374194e-05 1.0048189584122e-05 1.14344951076872e-05 1.32861664752681e-05 2.60525745929496e-05 1.5178432086238e-05 1.57961502032067e-05 9.11002905813474e-06 1.23170002839124e-05 8.89414535703015e-06 4.51876701272891e-06 6.64853987430991e-07 2.18293688686089e-05 2.81003363474142e-05 2.16131046953949e-06 2.91428467591448e-06 3.23005571398749e-06 1.03027780419151e-05 9.19098555951514e-06 2.20423868476427e-05 2.57439763812428e-05 2.86877329496393e-05 2.18237086615503e-05 5.30499642894533e-06 3.04809997917488e-06 3.55499024088379e-06 1.09371753605703e-05 4.43101916817179e-06 2.18205434641128e-06 6.95049083462296e-06 3.59444694888467e-06 1.11928463228494e-05 4.48993823196631e-06 3.23491542942866e-06 2.52951613478602e-06 1.09748711091373e-05 4.02327814676973e-06 4.32307390908493e-06 4.08468411340346e-06
2.91189615542975e-05 2.12872811485521e-05 1.99433111932379e-05 1.92692828646868e-05 1.85940469256241e-05 1.51063016496922e-05 1.82913342082536e-05 1.63948889122856e-05 1.17514949431019e-05 1.05421709375664e-05 2.2042481983886e-05 3.33184906186834e-05 1.57338286152608e-05 1.2017346689186e-05 1.08420957643074e-05 1.29912508572749e-05 1.46734819239214e-05 1.05127884835632e-05 1.41048412543032e-06 2.00624499530067e-06 4.41343842467745e-06 7.70329881554232e-06 8.07237239692782e-06 5.81596256745698e-06 2.9131195992349e-06 5.60723434651633e-06 2.26809779949377e-05 2.17540702747598e-05 2.63004282116452e-05 4.14403647320816e-06 1.94591470217276e-06 1.28673197595464e-05 2.60043788257169e-06 2.70715817436429e-06 1.85585328156268e-06 2.89917118889704e-06 4.18408563943595e-06 1.30196596875076e-05 2.84568296027299e-06 5.54218814182716e-06 2.65767363709646e-06 4.06801949470736e-06 1.80842757536825e-05 5.39078617869393e-06 4.25434000939084e-06 4.31637172391142e-06
1.72269282787685e-05 1.42535039623359e-05 1.54639948526047e-05 1.50016439584899e-05 2.06937426866172e-05 4.90844224985798e-05 4.44137492538244e-05 2.15600070643474e-05 1.31684784053676e-05 7.88211390518878e-06 6.78285286321856e-06 0.00011259327835017 1.57414067541883e-05 1.77092546775004e-05 1.74471335128601e-05 1.44417878823133e-05 2.22525824164599e-05 1.60285847663921e-05 2.21725217349755e-06 6.24787805701965e-06 8.82700621751553e-06 2.06339199803729e-05 3.68138408943786e-06 2.06694448582345e-06 1.85723088281797e-06 6.87615850059053e-07 8.4479435818352e-06 4.12491832664452e-05 8.00736835452343e-06 2.04379255556164e-06 2.53779992186121e-05 1.76570276588017e-05 2.27702343873482e-06 2.79706306255401e-06 1.40193202557981e-06 1.58018565932228e-06 4.93814893004485e-06 6.26410936083177e-06 3.48464172531537e-06 1.98316443952296e-06 2.3865003916157e-06 1.63863342973469e-06 1.93597635748111e-06 1.79776450801583e-06 5.38356227356429e-06 3.06537780127014e-06
1.01496478272289e-05 1.4578413694033e-05 1.62863532449986e-05 1.6888449218011e-05 4.06416901134077e-05 2.87674864743792e-05 8.95925133477804e-05 3.14593918814166e-05 1.29342402338861e-05 6.78051002660496e-06 6.24535479950561e-06 4.62150040040799e-05 2.44034128430992e-05 1.96641185775226e-05 1.86623296330568e-05 8.94546799865559e-06 3.38596642522893e-06 2.09159867501363e-05 2.74954555241624e-06 8.21532214341225e-06 9.18879749345347e-06 2.72183608899246e-06 7.9903912633128e-07 2.2644144502415e-05 2.31332797653305e-06 1.13130263152739e-05 7.20247214610947e-05 5.44842783520849e-05 6.86138450701756e-06 7.87614829546479e-05 0.000344376032494331 8.34718631682607e-06 1.37538475185606e-06 1.65352175944822e-06 1.74362179597987e-06 2.72348937315758e-06 2.80615884005186e-06 3.82676090198153e-06 7.3562642287972e-06 7.26121988322559e-06 3.98196714336274e-06 1.61906480645735e-06 2.50166381163819e-06 5.81651047637521e-06 9.04692022170028e-06 2.70893756905144e-06
1.9058408882433e-05 2.24031317116347e-05 2.13326368339484e-05 1.80315820336729e-05 2.28899314458575e-05 1.8991521803613e-05 3.14400636175494e-05 1.46439054965142e-05 8.64260933520766e-06 6.24286553871922e-06 7.60992928038329e-06 1.01412718296334e-05 1.36942073204693e-05 1.70526884974542e-05 1.38300044581929e-05 1.1695784648591e-05 1.6804689051686e-05 5.6423897841773e-07 2.37003020633342e-06 2.22077859953984e-05 5.75572834716764e-06 4.06982260459099e-06 5.12800697364257e-06 3.39914882098169e-06 2.66101617445447e-05 3.1043902780481e-05 0.000110409288461544 5.07603800520506e-05 8.18408197598153e-06 2.13954999663812e-06 4.82100691613363e-06 1.61274497787467e-06 1.45324063225427e-06 1.93072241967407e-06 2.01765306319102e-06 1.27804574668877e-05 2.12468802006427e-05 6.47506653089769e-06 1.25819045842634e-05 1.50160111323849e-05 8.33150748807965e-06 3.34846401314204e-06 2.10341764007582e-06 7.83537977258053e-06 1.07001771293302e-05 7.62086201219203e-06
3.60358290083962e-05 2.98141444331379e-05 2.02239731605269e-05 1.71133045010374e-05 1.39394445670571e-05 1.67210577082577e-05 1.8226449183123e-05 9.8578598011323e-06 7.23885756677145e-06 7.28489470430693e-06 8.48995546731679e-06 6.09152372003097e-06 1.28343032325451e-05 1.51664926861139e-05 2.21625011977977e-05 2.05661699509196e-05 1.48915594095689e-05 5.52338497459282e-06 7.60082490244285e-06 1.79558238420863e-05 7.62044269232431e-06 2.56285423275715e-06 5.79728021977699e-06 1.65263557406981e-05 6.20662059567789e-05 0.000131612171695394 0.000494885755345908 1.36124162350537e-05 4.75425707108235e-06 1.84192569040453e-06 4.1597462081322e-06 3.7154095701486e-06 3.1416671907647e-06 3.46273741347325e-06 4.30040817849253e-06 7.12524693878835e-06 2.52498267453438e-05 1.87364984421623e-05 1.34894631952043e-05 1.85763211844492e-05 1.11312599012314e-05 6.76093878222428e-06 6.65200890737072e-06 8.25217985932491e-06 1.11696928620564e-05 1.5316849448177e-05
1.39736261770884e-05 3.40636616677159e-05 2.35793751914182e-05 1.29662004291098e-05 9.95686974812893e-06 1.19215263653993e-05 3.19866000642266e-05 1.02580985693046e-05 1.3229844621343e-05 1.06759934782041e-05 8.38191341764327e-06 6.24021059082436e-06 1.54920633168909e-05 4.98700439618416e-06 5.11931514798336e-06 1.62921450147069e-05 2.26605792870149e-05 3.2404408689013e-06 6.01857787724258e-06 4.87777372472076e-06 4.4417584391665e-07 9.77744345876941e-06 1.1193157516276e-05 3.17933377909529e-05 1.50968031208731e-05 0.000146244301821441 0.000115954647070549 1.47675721219431e-05 5.26637032612909e-06 2.61166372632626e-06 5.36121042076232e-06 2.85612481036868e-06 2.34882291535454e-06 4.23863261395097e-06 5.93546263959466e-06 7.85169947561393e-06 5.98488784609996e-06 1.02771095583098e-05 1.14979766540957e-05 2.04961072054255e-05 2.02396651640457e-05 1.5172984863987e-05 6.69082193598403e-06 1.50472060763351e-05 1.03965119239491e-05 2.05123229367721e-05
1.7298213651995e-05 1.06724932831259e-05 1.86401347148757e-05 2.96014307793913e-05 8.81325500332597e-06 1.10124787953469e-05 2.17351490631623e-05 2.01191149603819e-05 9.88427749686327e-06 8.20401222912937e-06 1.43096825322764e-05 2.33014234961137e-05 1.64610472739746e-05 1.27065127712767e-05 1.07454405972152e-05 6.7262962323289e-06 2.71280077752012e-05 1.31503611260131e-05 7.91834834791283e-06 1.16529408260235e-05 4.38730221786754e-06 1.39769057857064e-05 2.58752152959563e-05 0.00010812129425255 4.60044484480449e-06 5.7872700469308e-05 0.00212404522289944 4.51637959559492e-05 8.92246970398691e-06 3.30054167368976e-06 5.37453895040896e-06 5.12041647310335e-06 3.57088069895539e-06 4.98926991702176e-06 6.60047584515322e-06 7.18867004922963e-06 1.37996130149753e-05 9.49051063092732e-06 1.1892664049773e-05 1.44586451131579e-05 1.31633879111859e-05 1.0568980125536e-05 1.01439603276465e-05 2.0589468694987e-05 9.59789606292949e-06 4.18337264848523e-05
9.86285250441643e-06 1.45895225471371e-05 1.98555231162523e-05 2.13440326225722e-05 2.22391998527693e-05 1.21762739060949e-05 5.66306414315765e-06 1.13566442117574e-05 8.50040108973937e-06 4.18716119319207e-06 5.87516308615532e-06 5.22485537414186e-06 1.65007163343001e-05 6.92249233998465e-05 8.2560184635927e-06 1.22147558480723e-05 3.18646101125308e-05 1.73262693564769e-05 2.14700298972859e-05 9.67459500005319e-06 3.01558819565617e-05 2.34233732693823e-05 8.14687906654621e-05 1.0860722661088e-05 3.61851684602676e-06 1.43140235757677e-05 7.67697388082134e-05 3.23114895078413e-05 4.63495136044934e-06 5.60885544682588e-06 7.35203602310053e-06 5.467552020888e-06 6.13054150391257e-06 9.65132129641111e-06 1.64942195961526e-05 2.00339702359886e-05 2.41477665450462e-05 2.82240661595212e-05 2.15414875487707e-05 1.86414518427713e-05 3.39890035639057e-05 2.00302352300286e-05 1.74030369158973e-05 1.54961169973489e-05 1.58783941915597e-05 9.29554095547847e-06
2.33140537012289e-05 1.82645411494375e-05 2.61345565145121e-05 3.32604012340698e-05 2.73915038084827e-05 1.24165923125807e-05 4.7094265143599e-06 3.1100688065e-06 3.03538641088785e-06 2.86768395576509e-06 3.75594427913795e-06 4.70421979388291e-06 1.11659105801354e-05 2.91174612611633e-05 9.93378554806634e-06 5.13609549880334e-06 3.28187955566439e-05 3.36251407405674e-05 4.57759946564718e-05 2.42609911365044e-05 2.19568856338892e-05 5.97197816210482e-05 3.12235826053553e-05 7.45307522235228e-06 4.68203225552077e-06 3.63018263848103e-06 3.02944029088925e-05 1.30209441383422e-05 7.08834173114292e-06 7.53654757973399e-06 1.35316874673053e-05 7.31542443994648e-06 7.93412743906874e-06 7.72840552442089e-06 2.25049672076372e-05 1.18227739579146e-05 1.1066002220006e-05 1.42025007154212e-05 2.70501127611289e-05 1.6444333014054e-05 2.27668328415032e-05 2.03593863007501e-05 2.35704801726633e-05 2.57038923195618e-05 2.42096148104665e-05 1.50024655569569e-05
6.18042717720479e-06 6.63328695003074e-06 1.84251266896029e-05 4.24414402212414e-05 1.73563937679311e-05 7.39329799562816e-06 4.94021148288448e-06 3.23057883161448e-06 2.72501023000915e-06 2.9480021887407e-06 5.23047395711851e-06 5.50979187915468e-06 5.88714253366707e-06 6.21997590535273e-06 2.65952840529104e-06 2.69159910695205e-06 1.84608561435429e-05 1.74992750834768e-05 1.53027433910102e-05 2.3719894746288e-05 1.44670260280977e-05 6.92055780236345e-05 7.11146304328003e-05 7.01007977882417e-06 1.02548883422426e-05 1.00445521548309e-05 3.14553096709247e-05 1.23531300990187e-05 1.44897938955779e-05 2.17492603286185e-05 3.34336713601613e-05 2.45430214620423e-05 1.6419870827078e-05 2.07205688706025e-05 2.39388486358405e-05 2.28193846277369e-05 2.05824343315175e-05 3.44200530682293e-05 4.19471315740161e-05 4.49862131114087e-05 3.68586699057372e-05 5.16113703951104e-05 5.79696115759698e-05 6.43085084918393e-05 4.24530390289002e-05 5.16286463760784e-05
7.64980442706786e-06 1.12525833301125e-05 8.34266743137135e-06 6.3582990043054e-06 1.39713499184735e-05 9.75995432871413e-06 4.95422101950416e-06 4.82526711941267e-06 2.91064020355725e-06 3.63964251189897e-06 2.86181426598642e-06 2.38891886895631e-06 4.83759846112708e-06 6.02428457653348e-06 5.33813007796979e-06 2.53937472151078e-06 8.62210728117541e-06 4.33862826132558e-05 9.35799547506777e-06 3.17712235953449e-05 1.78520052995124e-05 3.03712498186393e-05 7.85021956866472e-05 6.65095757471645e-06 1.24825941239193e-05 1.83636165330792e-05 2.29319037402975e-05 2.91181720846301e-05 4.3835956528715e-05 7.51676056808259e-05 3.40937633833027e-05 4.22534755009751e-05 3.54516959053308e-05 3.50428562122973e-05 2.85221983598927e-05 4.4273208533685e-05 4.28085391664945e-05 7.07858282821494e-05 6.44911024766715e-05 7.7199235571157e-05 9.12757667171249e-05 3.85927748102421e-05 8.0899499674103e-05 4.06590250815131e-05 2.80928105751088e-05 2.15638349406078e-05
1.36263986983742e-05 5.61769576820081e-06 4.385588680067e-06 1.32231983184905e-05 1.45451193801049e-05 8.19289079334595e-06 1.59735499501656e-05 8.95533252102121e-06 4.68501406235555e-06 3.08745493715623e-06 2.18388905599554e-06 3.71201652021869e-06 3.12106498236986e-06 3.54829309600069e-06 4.03376961688462e-06 2.69732703845893e-06 5.03027754985563e-06 1.68958996094037e-05 5.68266190276168e-06 6.92747148550721e-06 2.62429027650946e-05 9.68237188718746e-06 7.51344724747582e-06 6.80787700796381e-06 1.51289791269771e-05 2.07702354433681e-05 8.07324406513321e-05 0.000101198770937128 7.12859564541257e-05 8.30760735854419e-05 7.60986574494193e-05 5.8003439106169e-05 5.63482665694281e-05 5.72356501430837e-05 3.70225892629694e-05 7.53216796459122e-05 3.69263447773438e-05 3.56850233119377e-05 6.91637206141405e-05 3.39967405790675e-05 8.21008911660148e-05 4.54162884281017e-05 4.27730615449096e-05 3.12579747043351e-05 2.35218093960987e-05 1.97887603486158e-05
4.5850672218295e-06 4.1878811372853e-06 4.44882067202057e-06 1.41533615932166e-05 1.81469056362515e-05 2.83146425259173e-05 0.656929939985275 1.6626559065458e-05 9.19376623184087e-06 7.12526607775654e-06 8.06425278311318e-06 8.77520805991905e-06 3.34380645086174e-06 3.02518273195274e-06 1.87414658048279e-06 3.48383641708416e-06 5.2781687648662e-06 5.14705965881657e-06 5.07520995839394e-06 8.6435086521286e-06 1.42264208255583e-05 3.97214311812499e-06 8.95698245717558e-06 7.30856355176668e-06 7.29885348030868e-06 2.37555983622406e-05 3.68104058341312e-05 0.000100644927413485 0.000201791384282979 9.78329797698518e-05 4.24325357163746e-05 3.6373164695358e-05 8.23242079356135e-05 9.57373527380012e-05 7.87565003459001e-05 7.21000556462847e-05 4.05620958390029e-05 3.42644229576417e-05 3.02943687958801e-05 3.23131966764478e-05 7.86084569656453e-05 3.57638859538545e-05 7.00211072728996e-05 6.22971445068399e-05 2.71228396118373e-05 1.87496814900268e-05
1.17798846838491e-05 1.30474072664977e-05 1.50757650891231e-05 4.41018518922753e-05 4.16986328814817e-05 2.90350123133387e-05 8.42387567160929e-05 5.12066666443212e-05 4.94130133508963e-05 2.67601568865294e-05 1.94554605246311e-05 7.63464864191876e-06 6.16931503358842e-06 4.64092967691343e-06 6.34788739138914e-06 2.27738429777746e-06 6.5567425899915e-06 2.60225957133819e-06 2.5939807130726e-06 3.41920041211363e-06 5.0259230771621e-06 3.02807404297667e-06 4.51743295953877e-06 6.28588614053349e-06 1.8802124771089e-05 4.67801428046477e-05 7.77864780089565e-05 8.00781793042105e-05 0.000107797365715179 7.46065512680416e-05 6.68966122842618e-05 5.43097427118888e-05 3.55392648647923e-05 4.04460493347969e-05 4.84038021522748e-05 3.86463923225833e-05 3.48500677317287e-05 3.77363022851185e-05 3.68659425410978e-05 4.03958243268665e-05 6.56501910307195e-05 6.33000314544052e-05 5.76319643982304e-05 5.24764859383797e-05 5.25141302189835e-05 4.42482766561114e-05
2.51894674150099e-05 3.74587187318309e-05 6.30254906381578e-05 2.92867805230856e-05 2.42128933052421e-05 4.6077913034237e-05 4.28486177993848e-05 5.63678505382526e-05 3.39113914269551e-05 8.22288560355489e-05 6.51669456176895e-05 1.70492443864023e-05 1.34461370817296e-05 1.46387792183567e-05 9.79970705500266e-06 6.58372189599188e-06 8.80037178700999e-06 5.49687983174563e-06 7.0707457713648e-06 6.41432819437071e-06 6.08292718982106e-06 1.29007940116943e-05 8.18263010126108e-06 4.12987184893465e-06 1.85907775108518e-05 4.62763222574103e-05 7.80005727513577e-05 0.000143931775066541 2.7703876686358e-05 3.58162330202805e-05 6.28049976198364e-05 3.98622932568204e-05 3.57620602889797e-05 5.26872130344525e-05 2.90258017922929e-05 7.83387878891317e-05 4.3276445440199e-05 4.38723052853862e-05 4.13462870696657e-05 4.46528154636638e-05 5.39153595285446e-05 2.85615008714712e-05 2.56642219614966e-05 2.47910692504405e-05 2.32036061228902e-05 3.20582031637984e-05
