Scripts_&_data/Maxent_result_files_2/B_sulfureus_3.asc
NCOLS 594 
NROWS 330 
XLLCORNER -15 
YLLCORNER 23 
CELLSIZE 0.166666666666667 
NODATA_value -9999 
[rows 189 to 209 of 330, columns 235 to 281 of 594]
0.0269912627525628 0.0251930852886289 0.0249684984795749 0.0305552480742335 0.0676404404453933 0.0473084151744843 0.0322845944639994 0.0559629917407638 0.14542665630579 0.0412768356157596 0.0665767293423901 0.182667978107929 0.20560399889946 0.0845990039413718 0.0515729644910607 0.0401314985007048 0.0311426270753145 0.025443172827363 0.0275445137172937 0.0264651350677013 0.023924806388095 0.0230611186940223 0.0228760117664933 0.0215664106886834 0.0219472894910723 0.0223097837995738 0.0212870339397341 0.0209954745601863 0.0205921144690365 0.0206679035909474 0.020476006437093 0.0203107956331223 0.0199973106849939 0.0199521231930703 0.0200027703307569 0.067468541861414 0.0880793406058226 0.0195888399146497 0.0253744645044208 0.271894641965628 -9999 -9999 -9999 -9999 -9999 -9999 -9999
0.0326580035500228 0.0306240138597786 0.0434144923463464 0.0573113294318318 0.0425753058865666 0.0562888758257031 0.034611488878727 0.0348312658257782 0.133471874892755 0.19240425080061 0.0376138105052281 0.0769786458462494 0.22879034280777 0.247202250361443 0.0694732970034693 0.0365687957964838 0.0594539949670434 0.0353164345957339 0.0249654904939234 0.023656338872388 0.0227791855577379 0.0240923488046974 0.0243171523325145 0.0196378608234227 0.0216758455615491 0.0234628210309893 0.0220513087697327 0.0210078247822821 0.0209314872510731 0.020741212554276 0.0205576166510582 0.0204372148960829 0.020419418765232 0.0202054985333234 0.0201216951943934 0.0276263415813446 0.211032320559025 0.137182709574699 0.0521218217909336 -9999 -9999 -9999 -9999 -9999 -9999 -9999 -9999
0.04275909550488 0.0395279940217733 0.0567243333905935 0.051363536529243 0.0419964393600821 0.0378662528470159 0.033624258544296 0.0661977890180424 0.0396424216451123 0.0615645175688769 0.149488253891469 0.0721875734374533 0.0657088347639066 0.251482009887695 0.248758617043495 0.121805590391998 0.128425859223353 0.0480376932770014 0.0291254267096519 0.0224532359279692 0.0218172654043883 0.0228015383239836 0.0222188987769186 0.020631315652281 0.0215582257136703 0.0213145011570305 0.0209820117801428 0.0215339718852192 0.0213013702072203 0.0208810591138899 0.0209063497837633 0.0210036533884704 0.021126716863364 0.0207738356199116 0.0210369164589792 0.0209227140061557 0.0207139267586172 0.253073045611382 -9999 -9999 -9999 -9999 -9999 -9999 -9999 -9999 -9999
0.0579302199184895 0.0367676179856062 0.0318837814964354 0.0457592071965337 0.0382687071338296 0.0386537903919816 0.042343084490858 0.19112111327704 0.0432105757296085 0.0822271697077667 0.0518444910085236 0.0264895034953952 0.108866532891989 0.242827485501766 0.212734237313271 0.0570162463386168 0.113895301520824 0.0267931564711034 0.0169609092175961 0.0223052757792175 0.0218510505743325 0.0217283024452627 0.0211886632721871 0.0250198819674551 0.0223947275895625 0.0206008105073124 0.0170408127829432 0.0208808535709977 0.0214734962210059 0.0209784923121333 0.0211000398267061 0.0215774469543248 0.0237288494128734 0.02238669260405 0.0305106265470386 0.0453780453652144 0.0789923820644617 -9999 -9999 -9999 -9999 -9999 -9999 -9999 -9999 -9999 -9999
0.0441660854965448 0.0335424001561478 0.0420219976676435 0.0406951936209389 0.0328893921777308 0.0437248531465229 0.113717795812772 0.0643678636435652 0.0323761956766248 0.0274019020609558 0.0708534386571955 0.0402313134417653 0.226200714707375 0.238834938406944 0.243216934800148 0.0898593291645054 0.156712759099901 0.0313478426076472 0.0189956395886838 0.0200331141240895 0.0202928113285452 0.0204981692600995 0.0207327167969197 0.0236138286069036 0.0198072870727628 0.0211699485778809 0.0211886971257627 0.0208202340640128 0.0212248151190579 0.0218463357072324 0.0257045863196254 0.0232089956756681 0.0382304761558771 0.0494420686736703 0.380813699960709 -9999 -9999 -9999 -9999 -9999 -9999 -9999 -9999 -9999 -9999 -9999 -9999
0.199015642713557 0.267865380644798 0.399241331219674 0.471326401829883 0.363180768489838 0.290655896067619 0.158760213851929 0.0589186015702575 0.212584662437439 0.129904595017433 0.185415977239609 0.136213128268719 0.245155477523804 0.256949219107628 0.190974132716656 0.144352824987609 0.0497442702762783 0.0263138219714165 0.0206023528240621 0.0205123365391046 0.0199105341453105 0.0200099150650203 0.0202184606809169 0.0240428104996681 0.0201811612583697 0.02090650992468 0.0555237730965018 0.0206769161857665 0.02606255505234 0.0285671761259437 0.0357176143676043 0.0231131467502564 0.0556019364506938 -9999 -9999 -9999 -9999 -9999 -9999 -9999 -9999 -9999 -9999 -9999 -9999 -9999 -9999
0.224789035320909 0.109005203100992 0.218704921007156 0.232007521390915 0.347577553987505 0.237063544988632 0.11582648307085 0.345814773440384 0.175972336530685 0.182873523235321 0.185409738123417 0.156733699142964 0.142357153399352 0.112262082990715 0.046420788498645 0.0281480354256928 0.0326600607484579 0.0238000833895057 0.0201599976513535 0.0194794262759387 0.0197908744681627 0.0199410643894225 0.0283316542394459 0.0420627315528691 0.033759006857872 0.0896094921976328 0.121289176493883 0.0375659378245473 0.0412123914808035 0.0326898077502847 0.0263454508967698 0.0708812122343728 0.0988673873261892 -9999 -9999 -9999 -9999 -9999 -9999 -9999 -9999 -9999 -9999 -9999 -9999 -9999 -9999
0.204093778417462 0.117175633453821 0.0541751987766474 0.0727600382640958 0.101312589272857 0.0456929213367403 0.138325530291658 0.14667794406416 0.08880471918746 0.120224417762421 0.0691826735645776 0.0460595813579857 0.0684440190903843 0.0701941977255046 0.072224668529816 0.0262744423002005 0.0229928440414369 0.0206449968274683 0.018845501402393 0.0210002004634589 0.0190231236163527 0.0188986363820732 0.0298868919402594 0.0197298139333725 0.0290408950299025 0.0423802935518324 0.0812104044911393 0.103437667726359 0.044563473789911 0.0499191112825786 0.0738829351961618 0.188762891292572 0.273694452643394 -9999 -9999 -9999 -9999 -9999 -9999 -9999 -9999 -9999 -9999 -9999 -9999 -9999 -9999
0.0428973796777427 0.0973083091666922 0.0584831959567964 0.108408714830875 0.0899936333298683 0.0940864782780409 0.086450408026576 0.0803384026512504 0.133032471500337 0.0615269975736737 0.0549989176914096 0.0346561916172504 0.0320728439837694 0.0330164541490376 0.0305678187869489 0.0232190521899611 0.022474651876837 0.0201146072242409 0.0197687156498432 0.0191271042451262 0.0188412216026336 0.0186263718642294 0.0202095683547668 0.0180626702029258 0.0207376739941537 0.0253683147951961 0.0259655590169132 0.0209793000947684 0.0230203617364168 0.0400504524917778 0.180921828746796 0.231918956339359 0.182891036570072 -9999 -9999 -9999 -9999 -9999 -9999 -9999 -9999 -9999 -9999 -9999 -9999 -9999 -9999
0.0299488184973598 0.0395267135463655 0.0589142434298992 0.0763929948210716 0.0630852423608303 0.0703989494591951 0.0832277273759246 0.0453524155542254 0.0391809828579426 0.0397338770329952 0.024870309792459 0.0391022280789912 0.0219498822465539 0.0211597873829305 0.0205756827257574 0.0201360661070794 0.0200127269607037 0.01991665083915 0.019706152472645 0.019284135196358 0.0190330001991242 0.0188458681106567 0.0304913903725431 0.0195820488967001 0.0384152661077678 0.0358890207484365 0.0337291155010462 0.0494700014591217 0.44738505333662 0.310629574266761 0.190346460044384 0.172107580304146 0.228123563528077 -9999 -9999 -9999 -9999 -9999 -9999 -9999 -9999 -9999 -9999 -9999 -9999 -9999 -9999
0.0277023419737816 0.0255865011364222 0.024576259450987 0.024634453933686 0.0262238126248121 0.0232751250267029 0.030263024289161 0.0287181667052209 0.0222433272749186 0.0232426372356713 0.0237058270256966 0.0318533725105226 0.0257205653935671 0.0204775246791542 0.0213671939447522 0.0194650531280786 0.0197639103978872 0.0197368525434285 0.0196520988829434 0.019255211064592 0.0191634000744671 0.0231744437478483 0.0354569053064894 0.0215062321629375 0.0393018387258053 0.0199139821343124 0.033876889757812 0.0327772612450644 0.391987830400467 0.473465533182025 -9999 -9999 -9999 -9999 -9999 -9999 -9999 -9999 -9999 -9999 -9999 -9999 -9999 -9999 -9999 -9999 -9999
0.0262616033665836 0.0210231533739716 0.0207743200939149 0.0212416670285165 0.0206265938468277 0.0205220044124871 0.0208400929346681 0.0198463819921017 0.0205943889450282 0.0196178841870278 0.0204049517400563 0.0262900732457638 0.0217288130428642 0.0193838990293443 0.0192666960414499 0.0167012576945126 0.0192585502751172 0.0189305316191167 0.0197759019210935 0.020725288707763 0.0204751750454307 0.0190933393314481 0.0172915561124682 0.019460334838368 0.0197708482854068 0.0205648231320083 0.021434429474175 0.0788283981382847 0.512126782536507 -9999 -9999 -9999 -9999 -9999 -9999 -9999 -9999 -9999 -9999 -9999 -9999 -9999 -9999 -9999 -9999 -9999 -9999
0.0201491885818541 0.0236276971176267 0.0194503382313997 0.0196835865732282 0.0195451175794005 0.0196785888634622 0.0189536462537944 0.0189373541157693 0.0212318992242217 0.0222107302863151 0.025215355399996 0.0843860978260636 0.0314327077066991 0.0181007928214967 0.0193251147400588 0.0193919211626053 0.0192470441106707 0.0192974067758769 0.0193875226192176 0.019517414085567 0.0188966608606279 0.0200566823594272 0.0195569914765656 0.0208542532287538 0.0199995926115662 0.0209251710679382 0.0371788822114468 0.135391012579203 -9999 -9999 -9999 -9999 -9999 -9999 -9999 -9999 -9999 -9999 -9999 -9999 -9999 -9999 -9999 -9999 -9999 -9999 -9999
0.0193940815515816 0.0221305907703936 0.0192717236001044 0.0198613773565739 0.0184026467613876 0.0181933926884085 0.0182010849006474 0.0185141182038933 0.0182142721954733 0.0170270935632288 0.0187468520365655 0.020416810689494 0.0182807088829577 0.0189655642025173 0.0195400767028332 0.0191738529596478 0.0276645657606423 0.0200158969499171 0.021983495214954 0.0217502932529897 0.0226046004332602 0.0193717027897947 0.0176251323428005 0.0193552862387151 0.0223741279914975 0.0218929374124855 0.0778590980917215 -9999 -9999 -9999 -9999 -9999 -9999 -9999 -9999 -9999 -9999 -9999 -9999 -9999 -9999 -9999 -9999 -9999 -9999 -9999 -9999
0.0189683988224715 0.0199776452966034 0.0193657091353089 0.0185480042826384 0.0190833417698741 0.0188216945156455 0.0189009855035692 0.0188980344682932 0.0184023417532444 0.0180424976162612 0.0179227711167186 0.0198001676704735 0.0186726823449135 0.0190076730679721 0.0258670672774315 0.0209897883236408 0.022744928766042 0.0195087370462716 0.0240605914033949 0.0246841928223148 0.0255227942019701 0.0202103733085096 0.0176485882606357 0.0200164618436247 0.020413150312379 0.0209664970170707 0.0424108548089862 -9999 -9999 -9999 -9999 -9999 -9999 -9999 -9999 -9999 -9999 -9999 -9999 -9999 -9999 -9999 -9999 -9999 -9999 -9999 -9999
0.0194669371005148 0.0194841510616243 0.021805646084249 0.0180655927397311 0.0183128757867962 0.0190420620609075 0.0196345020551234 0.020375143410638 0.0184520704206079 0.0183450309559703 0.0270042134448886 0.0207848988880869 0.0188075486570597 0.0201867150142789 0.0201197040267289 0.0258291297592223 0.0242014957591891 0.0221231029368937 0.0351259205490351 0.0235282957553864 0.0216295679099858 0.0215899179223925 0.0221714769490063 0.020546548627317 0.0210497552994639 0.0211780054494739 0.0433391744270921 -9999 -9999 -9999 -9999 -9999 -9999 -9999 -9999 -9999 -9999 -9999 -9999 -9999 -9999 -9999 -9999 -9999 -9999 -9999 -9999
0.0206469019409269 0.020312643609941 0.0227365123108029 0.0186007909476757 0.0206567366607487 0.0200463711284101 0.0210001369589008 0.0187173062935472 0.0182529746554792 0.0185114006977528 0.0191929070279002 0.0188460462726653 0.0200741198845208 0.0215965485665947 0.0243904678151011 0.0271917691454291 0.021677999291569 0.0217386236879975 0.0263927012681961 0.0217222368344665 0.0209668373223394 0.0214524403214455 0.0215037547983229 0.021955539798364 0.022485324088484 0.0209435993339866 0.194894370436668 -9999 -9999 -9999 -9999 -9999 -9999 -9999 -9999 -9999 -9999 -9999 -9999 -9999 -9999 -9999 -9999 -9999 -9999 -9999 -9999
0.0196248874999583 0.0196755272336304 0.019480510847643 0.0191456954926252 0.0190756883472204 0.0179750407114625 0.017331911646761 0.0251258164644241 0.0211986776441336 0.0189966413658112 0.0193724171258509 0.0194305182434618 0.0215411064215004 0.021797089278698 0.0248545790091157 0.0250446138903499 0.0240546880289912 0.0230900879949331 0.028343394678086 0.0220975427422673 0.0219693784136325 0.0244913971051574 0.0235492824111134 0.0226140393409878 0.0226527464576066 0.0225405890960246 0.13773802742362 -9999 -9999 -9999 -9999 -9999 -9999 -9999 -9999 -9999 -9999 -9999 -9999 -9999 -9999 -9999 -9999 -9999 -9999 -9999 -9999
0.0203986313194036 0.0200672152452171 0.0239095166325569 0.0205799578223377 0.0196439838502556 0.0191283517051488 0.0195342318154871 0.0193958059418947 0.0196275145746768 0.0198234993498772 0.0206233938690275 0.0257082731463015 0.0228347742464393 0.0247217487543821 0.0225890493020415 0.0233904472086579 0.0234664584044367 0.0261043544858694 0.0244372487068176 0.0227565858047456 0.0230081598740071 0.0238876289222389 0.0304502224549651 0.0484012159518898 0.12467228397727 0.0895451299846172 -9999 -9999 -9999 -9999 -9999 -9999 -9999 -9999 -9999 -9999 -9999 -9999 -9999 -9999 -9999 -9999 -9999 -9999 -9999 -9999 -9999
0.0215634710155427 0.0222255378030241 0.0245131704024971 0.0217345321085304 0.021182815451175 0.0209268758073449 0.0201608805917203 0.0198145871516317 0.019645358948037 0.0217225544620305 0.0226853748783469 0.0343787435442209 0.022594200540334 0.0268226255662739 0.0270272601395845 0.0207361303735524 0.0330117638222873 0.0271561368368566 0.02554477956146 0.0235717390198261 0.0280306064523757 0.0369536709040403 0.0950936630368233 -9999 -9999 -9999 -9999 -9999 -9999 -9999 -9999 -9999 -9999 -9999 -9999 -9999 -9999 -9999 -9999 -9999 -9999 -9999 -9999 -9999 -9999 -9999 -9999
0.025799494702369 0.0335158472880721 0.0655033729970455 0.0418519894708879 0.0269077137112618 0.0283201308255002 0.0218276974512264 0.0202077213674784 0.0295375821529888 0.0221608552150428 0.0399192058481276 0.088927399367094 0.0377536410233006 0.0246864511165768 0.024608229380101 0.0500605680048466 0.0527767967432737 0.0456248522736132 0.0305887144990265 0.0247842476703227 0.0238541615195572 0.0357277565635741 0.226041339337826 -9999 -9999 -9999 -9999 -9999 -9999 -9999 -9999 -9999 -9999 -9999 -9999 -9999 -9999 -9999 -9999 -9999 -9999 -9999 -9999 -9999 -9999 -9999 -9999
