Scripts_&_data/Maxent_result_files_2/B_subterraneus_3.asc
NCOLS 594 
NROWS 330 
XLLCORNER -15 
YLLCORNER 23 
CELLSIZE 0.166666666666667 
NODATA_value -9999 
[rows 80 to 99 of 330, columns 368 to 413 of 594]
0.000791807917516962 0.000774525305450879 0.000807600343523518 0.000696198840887519 0.0002999532773174 0.00025721893816808 0.000104699955272736 7.40461256270919e-05 5.87686725211256e-05 3.17441000972529e-05 0.00010534807532423 0.000192765587663501 0.000145275721617821 0.000255645577521335 0.000255238266779045 0.000182269684685288 0.000102786373711439 7.56807712075869e-05 0.000150426532070114 0.000126984933892516 4.00662897478421e-06 7.48513514292615e-07 1.06432850767169e-06 7.44908884655615e-05 0.000234019604749847 0.00023691316709602 3.27075721616055e-05 6.86656642346239e-05 0.000123198860791263 0.000171381543387206 0.000105839109128247 2.32064107258512e-05 0.00024181127630527 0.000195794864114873 9.81971588380759e-05 1.85577257818648e-05 3.75433549898885e-05 5.19453828106697e-05 4.78205675957133e-05 8.58353846082238e-05 0.000101882183356761 3.01668480685802e-05 6.22543176872603e-05 0.000108904140133603 0.000117281979170469 0.000148860680505081
0.000379895887380144 0.00039093414262652 0.000830774735277373 0.000358130664153578 0.000271009495099861 0.00011318993228997 0.000266621095443043 0.000131507773483008 0.000132527369123636 0.000125528112505435 5.35648546126311e-05 5.18703256712882e-05 7.48670452898281e-05 3.98566241458509e-05 4.86627461288691e-05 5.3622041255208e-05 0.00020139017484837 0.00014565617210458 6.13136151391025e-05 7.80462424130768e-05 0.000210566883871621 0.000139012367804447 7.86667319545131e-05 0.000156750153799123 6.29914687664268e-05 0.000203896666653236 7.32028115706385e-06 0.000263784519449928 0.000256476215645307 5.02834541133979e-05 0.000125898259598989 6.21508095361989e-05 0.00015891076924941 0.000299150258901193 0.000337695116195391 7.84922544940336e-05 0.00015012395260765 2.54461795720973e-05 5.21657212850357e-05 6.38119369273049e-05 6.06237792933229e-05 6.70321411038732e-05 6.61502589091589e-05 5.70490457000417e-05 0.000165408817632029 0.000169194460384414
0.000176734926261446 0.000210796223163356 0.000470984851787648 0.000263784521541766 0.000191175110558106 0.00010298432282525 0.000294750167472557 0.000381422676878174 0.000120371262190133 0.000188354702663673 0.000332198848741427 0.000407279886474043 0.000402952802062373 0.000304906981348552 0.000109418736450984 2.27478909080592e-05 0.000192823284703003 8.39576242412265e-05 0.000106489787353414 0.000188554373704974 9.68410697279154e-05 0.000196279000157773 6.22961583698123e-05 8.88287333574489e-05 0.0001775143999172 0.000363438380202297 0.000325827728545391 0.000566327202204775 0.000255853948161899 7.02749356827903e-06 0.000177570469694199 0.000169145624606415 0.000196962341368767 0.000237248519499644 7.66030855825495e-07 0.00041680367506558 0.000194691821379678 9.7124791160752e-05 2.70076311534861e-05 6.28447929042153e-05 0.000142118195155483 0.000132494303797426 6.81108714826517e-05 6.82793510071056e-05 9.70886365733836e-05 0.000172846905316959
9.32430744171597e-05 0.000159626869555041 4.91281962187173e-06 5.44366937371699e-05 7.83482381571332e-05 0.000140763487746653 0.000105735426404863 0.000109642691541012 0.000473310712686725 0.00031502552682241 0.000155524208065572 0.000110223514444385 0.000282096378823127 0.00031829966068635 0.000263182311910271 0.000326044021748118 0.000370666771897277 0.000164647388151273 0.000122788742484126 8.228234662635e-05 0.000101522455081726 6.16519567321117e-05 0.000173124125335189 0.000144003757609923 0.000153020311936647 0.000122144955339376 0.0001002683870583 9.40942811694434e-05 0.000135544893558581 0.000130396722317894 0.000169535296649936 0.000215245299356526 6.1313387693207e-05 0.000168413550877844 5.34047432057427e-05 9.50656502130443e-05 0.000234809076658493 0.000144401197984401 0.000180208033489215 0.000117887030191 7.20709945700726e-05 4.84297030344472e-05 2.0541991609524e-05 7.04343824324827e-05 5.85680615045714e-05 0.000112368149950459
0.000685157619591337 0.00020570212518578 0.000160785255684459 0.000101830405299097 9.65956886616937e-05 8.90008353813698e-05 0.000169328796043544 0.000266949850629317 0.000204433224382683 0.000559976735837608 0.0005684916720611 0.000173625317226822 0.000111925161293414 0.000175793906503685 0.000222810109944049 0.000346196166249868 0.000257421125315638 5.04394218803661e-05 0.000177859177464157 8.41798872965427e-05 7.39581526439714e-05 0.000129817168192359 0.000276422441215018 0.000298059226017955 0.000193850910717686 0.000161847437543727 0.000149487470963017 0.000112171245155324 0.000117136758624525 0.000163440409336557 0.000160846617429367 4.35250380839691e-05 5.05399935357032e-05 0.000114784237033128 0.000145525671694013 1.71462030655878e-06 7.50906493936832e-05 8.40091643200758e-05 0.000164314124624987 0.000164532759328573 8.12212894608422e-05 6.34137902665977e-05 9.59133092026221e-05 3.6578116056063e-05 8.96822484498516e-05 5.46148568713267e-05
0.000369644897136823 0.000402411037066486 0.000167123762594201 0.000422742584760272 0.000209368689547773 0.000164013135980667 0.000179140965786928 0.000174185861547471 0.000270379267391263 0.000139299533503845 0.000118396538829302 0.000151371621538487 9.22415184454906e-05 0.000191767093372164 8.21166734283452e-05 0.000277057473385156 0.000210222991248799 8.67644447344773e-05 0.00012167902126361 0.000118029409111919 0.000194034816948196 0.00011208326328731 0.000260874379158693 0.000100908169491554 5.29565481335537e-05 0.000107188734117702 0.0001124328743769 0.000133320764238221 0.00022903045413587 0.000105502793732259 3.3984005330745e-05 9.66361879797928e-05 2.8246211193772e-05 7.42820311485204e-05 8.01539583327515e-05 2.9304411115616e-05 7.43220583566462e-05 4.07912421604983e-05 0.000107828319516479 0.000192986333596146 8.39837165891311e-05 7.32657865999187e-05 8.96901612186696e-05 1.72941387409864e-05 3.70260200183381e-05 0.000149669356158677
0.00027330772491041 0.000216999503095394 0.000226034874140169 0.000883675869044964 0.000148254951068338 9.22735998642565e-05 0.000119814348983027 0.000139535864910556 8.69443129580816e-06 0.000332087754586041 0.00018706429133033 9.13886132707376e-05 8.70413368431855e-05 0.000147205341568224 0.00018517522862993 5.77120007733356e-05 5.01892712591712e-05 0.000121509602498548 8.26709236864787e-05 0.000242724552757068 0.000271337868471733 0.000184904687387899 0.000207209930373864 0.000179720695454577 0.000247926687814015 8.08825394957857e-05 0.000139365944204872 0.00023994260585285 0.000200824534561406 4.434402064597e-05 0.000164235734024709 0.00010985202062137 0.000179248843546009 3.44813180264136e-05 4.4793109276231e-05 3.83835657169262e-05 5.7565497462253e-05 7.29338718923334e-05 0.000131994938675728 0.000128745650498008 0.000154509834008465 6.64929709175865e-05 3.83874131730577e-05 2.42867694363325e-05 0.000164496581576934 0.00103166278246931
0.000121493796982008 8.86894161624241e-05 8.8515510748266e-05 0.000247434601988061 0.00012868718044956 7.08634313696166e-05 2.96996440624753e-05 6.00383235138224e-05 5.67807326426362e-05 0.000283411340699047 9.0169186111666e-05 5.06847897952412e-05 5.42960267750914e-05 2.54084967508561e-05 0.000116383127326714 0.00016111655293507 0.00011463032244734 8.38765948707021e-05 9.9488793815361e-05 0.000118451323248792 0.000265579653282089 0.000281385763391029 8.4851110669959e-05 0.000121238225321196 9.67631322142282e-05 0.000165358207814048 9.5633140593665e-05 0.000206491545083143 7.43624475218141e-05 0.000120707892042304 0.000163122977096464 0.000144512734039692 3.91367607130655e-05 3.16408931671064e-05 6.31419149310419e-05 7.19956366286301e-05 6.07901441059155e-05 6.42467576066785e-05 0.000198898741092712 0.000107258714743574 0.000125982995420326 3.58967899646068e-05 1.97095641419898e-05 2.09515334333554e-05 1.40736082301807e-05 1.97668906276593e-07
0.000250139555100759 0.00022730942303042 0.000140643381180894 0.000309169340630433 5.65175724798195e-06 0.000124102570543982 0.000135843700036276 9.737028191239e-05 5.320168246854e-05 0.000682691031872196 0.000241195892156654 2.86142735436812e-05 4.64691362651592e-05 2.7255449883512e-05 2.61283091013809e-05 0.000102279162633323 9.7864980294915e-05 0.000134575423859218 3.64364004851514e-05 0.000168985834443447 7.60221761183288e-05 0.000197497856645867 9.65970586747744e-05 0.000136086659595236 0.00012741505311773 6.43966013387898e-05 0.000156532349694727 4.94050788592881e-05 0.000108307158038123 0.000147205878906609 0.000110073404272537 8.05402035134017e-05 4.79831940120246e-05 8.60634804516813e-05 5.86134921602088e-05 3.62699169411673e-05 7.12904592699459e-05 6.09806549623393e-05 0.000143415075883357 7.67015249640179e-05 0.000140880736719007 3.44053370108455e-05 0.000135011745694413 4.44641917762389e-05 1.17410778893934e-05 4.01626061619531e-05
0.000154435865738378 0.00019755928824452 8.94140037843272e-05 0.0001212383817915 0.000412113009633686 0.000184968904932248 0.000255479225575073 0.000273769575278493 5.41482299468044e-05 0.000131224581618028 2.96074557553538e-05 4.37988943701839e-05 5.22629708683553e-05 3.157256456916e-05 4.39127061738986e-05 3.39322621734084e-05 3.60983488576494e-05 5.90563864271587e-05 5.25598804308913e-05 0.000100148613982753 4.43286998526915e-05 4.29797260827591e-05 3.42173157237502e-05 5.17202447894771e-05 2.84797600581754e-05 2.22470915117512e-05 3.21138150419564e-05 8.80518894739168e-05 4.96441193523101e-05 1.00312524697888e-05 1.56999522553769e-05 6.91162636770048e-06 1.80902624903556e-05 4.40053389649364e-05 6.48802046452346e-05 8.79642858714114e-05 6.35205935893168e-05 8.30847553566771e-06 2.46443438729038e-05 3.54770108952351e-05 3.34577175948869e-05 5.0700025197048e-05 0.000121558194410731 4.44718398314059e-05 5.06299186640469e-05 6.36846515172707e-05
0.000178233848532727 0.000398773938081831 0.000142197954056655 0.000162773716147058 0.000248813607913689 5.93150738893655e-05 0.000253886892107857 0.000128476265132349 4.19270240911374e-05 0.000138211191232074 0.000110350988675378 0.000236652980368035 0.000156426002320131 6.05427080216714e-05 4.33779498109743e-05 3.58810079333693e-05 4.18665492389891e-05 1.82870229878063e-05 1.15247520888317e-05 2.62446142308193e-05 3.30566165743562e-05 2.92414529354801e-05 9.95289144555045e-05 0.000318587840544637 6.39746101626315e-05 5.13578412695281e-05 1.3510120052751e-05 3.51789934924129e-05 0.000127670255825452 4.48614130854619e-05 5.88523305420363e-05 5.47012154352267e-05 4.7986932444033e-05 2.21359354768413e-07 1.65386314387117e-05 4.89476496884023e-05 3.62397907078038e-05 2.37276760884031e-05 5.01815838970243e-05 5.31384610881425e-05 4.74484019905574e-05 1.76446872008462e-05 1.35781541853675e-05 4.67493306350875e-05 5.70852714189662e-05 7.9951645029297e-05
0.00083614023010341 0.000210176833115838 0.000182909006139198 0.000147847544394608 0.000177863488806906 0.000140419962417582 0.000157176853383589 0.000167790837895154 0.000171202457977415 0.000114336223526834 0.000308231359753108 0.000320434132351011 0.000368095252599687 0.00012850509615987 7.98108041976775e-05 4.50108483363465e-05 3.15517727685233e-05 1.54528619852101e-05 1.33378288985853e-05 6.87781750823291e-06 1.37433692913191e-05 9.79208459774838e-06 1.00899554023925e-05 5.14224374004613e-05 1.78800205998364e-05 9.15381529212667e-05 3.41325241373203e-05 2.74418640692109e-05 1.75036281343854e-05 1.97876437384892e-05 1.81498217145304e-05 2.39346735135815e-05 4.37631978887687e-05 3.99274992025411e-05 1.95871048150997e-05 1.92973372518668e-05 2.8628803293862e-05 5.97374152171426e-06 8.07035367682563e-05 1.80059465706428e-05 1.26780052368325e-05 6.84721050159709e-05 4.4434028997653e-05 0.000235100780636088 6.76631906266323e-05 2.49620308694354e-05
0.000422698833313007 0.000207083420445997 0.000117937244499444 0.000251142099614299 0.000174219312611967 0.000151854914747673 0.000143445490175509 0.000115044475535342 0.000108123341465216 0.000124386862273695 0.000288860368152655 0.000165507748397431 0.000409588112529491 0.000129339264594819 4.14221476376042e-05 2.81231342881938e-05 1.20469617851171e-05 1.77880906811367e-05 2.53942800583218e-05 1.05144539816138e-05 8.44874151724184e-06 3.88159413766687e-06 2.93618375710736e-06 1.79503214273069e-05 1.77866153549644e-05 1.77541633406442e-05 4.87990414156592e-05 3.42172937142671e-05 5.40977195422343e-06 7.20781287721906e-06 1.08928728534075e-05 8.61929611823964e-06 1.75689851537153e-05 1.81726846849917e-05 1.05686990518272e-05 2.31114011587152e-05 8.68939418068315e-06 1.97824709491812e-05 5.14780966788253e-05 9.39338004011248e-05 0.000109812887980532 0.00014324164798496 4.63133153850492e-05 0.000127495140780454 6.6502996856066e-05 6.91898988582906e-05
0.000202534982440739 0.000272190859232069 0.00016256159481145 0.000159757144683681 0.000241104960377925 0.000172788413055969 0.000142275179268836 0.000106384044045171 0.00010528834071124 0.000136241517793678 0.000366940559274553 6.36918718612378e-05 3.48474667049459e-05 5.6032174700249e-05 3.0798553066802e-05 3.59612216115579e-05 2.37163319042111e-05 1.77811731504107e-05 1.13661097657314e-05 6.78291874081083e-06 1.32367260604838e-05 6.38179206333689e-06 1.07684339070602e-05 1.45074567104331e-05 1.4406523900945e-05 2.13598493516542e-05 0.000122634265664701 1.36154704692082e-05 8.77339168035007e-06 1.8812141706448e-05 7.84222920486855e-06 1.30733976316577e-05 1.61589718493893e-05 2.86697768244526e-05 2.0106232193573e-05 2.10614548553423e-05 1.0204288774851e-05 1.66234088009531e-05 6.44660692230126e-05 7.09068177979777e-05 3.14928586163221e-05 0.000196726483396503 3.80575198091204e-05 0.000140248661251796 8.10831301196302e-05 4.40269413771954e-05
0.000241063386783935 0.000418448369646285 0.000171604451952589 0.000152547217840038 0.000157131368860064 0.000297734570176544 0.000149268892982946 0.000137392822784932 0.000116499151783955 0.0002009535008483 0.000122506034756498 0.000160890741108233 9.47394521062961e-05 2.72389512375071e-05 1.45057058773546e-05 1.19305329931763e-05 3.67086327749178e-05 1.26598364744268e-05 7.65603051959829e-06 2.59928254457975e-06 1.59634127012254e-05 4.59197637013631e-05 2.49516491452439e-05 9.34389578333139e-05 2.80902256914572e-05 3.15444737944759e-05 2.67989453028861e-05 2.08414767897125e-05 2.09909988981849e-05 2.29978945586851e-05 1.2616370773344e-05 3.39059208180004e-05 9.5804933534005e-06 1.81756992947868e-05 1.3428620733702e-05 5.38455749518718e-05 3.78463465434464e-05 2.50993695556589e-05 4.2900861352102e-05 6.03404591636547e-05 3.63889186720812e-05 6.2072221996079e-05 5.59627641790517e-05 5.61284662314421e-05 4.43292111513172e-05 2.60811985573817e-05
0.000121760327374432 0.00012828742255806 0.000329831766885036 0.000354139865112302 0.000274798370810458 0.000140760379804306 0.000150062800753403 0.000138026679951508 0.000130890491641367 6.39403955915441e-05 0.000174689660479999 4.52712736603189e-05 3.52229259391379e-05 0.000103194949869589 5.56065499850433e-05 3.22785045923091e-06 7.41252226568179e-05 2.03426651316896e-05 4.77800734831391e-05 0.000112902322400998 0.000102198819912047 1.86329603073077e-05 1.58958983112356e-05 0.000151256814020684 0.000156579288722014 1.13475274075903e-05 2.39119296065127e-05 8.28510548078754e-06 8.27753086500849e-06 5.91927815785098e-06 6.29088559307434e-06 1.03277926724488e-05 1.49283518013021e-05 7.32497429050127e-06 2.21643397727789e-05 3.38692147092701e-05 4.05207384546635e-05 2.26592101211232e-05 3.7221886671901e-05 6.25026627572467e-05 4.85111256130821e-05 4.74276856783362e-06 9.93216670837072e-06 1.12458859748532e-05 4.67591596062356e-05 2.26564185556555e-05
7.69644501360744e-05 5.39377981112921e-05 6.2863705898053e-05 3.90025248634629e-05 0.000101251472096919 8.81425570696592e-05 8.19426631437636e-05 5.95569399706619e-05 5.01971796779799e-05 9.3750654446012e-05 5.19718308169104e-05 3.34171213353329e-05 5.90880230724622e-05 2.63304414147569e-05 2.03030855544739e-05 6.70902494093184e-06 1.52086496505888e-05 6.66703167091498e-06 7.72092557355109e-06 1.46124345711485e-05 1.97567829218315e-05 1.37438248671629e-05 1.34878032987729e-05 2.63066530774125e-05 0.000127611360196056 2.7426725504931e-05 3.87598763941455e-05 5.8909763265369e-05 1.663624278887e-05 1.50917971724063e-05 4.86584061654582e-05 4.93094383299919e-05 1.28430872126994e-05 2.25740888579296e-05 4.00879501139428e-05 1.39242378457638e-05 4.02054417877551e-05 2.61400775178e-05 2.71311793438311e-05 1.98886934382969e-05 4.46771470884677e-05 2.37372682967862e-05 1.76991710033381e-05 5.93073403818423e-06 3.60712637288429e-06 8.93598344315905e-06
4.3701853550715e-05 0.000161394702342932 0.000129143276694776 0.000108135166556167 5.48541395346547e-05 4.41032617800374e-05 4.37492198898326e-05 7.84373704334484e-06 3.2274506355634e-05 1.96698927936723e-05 2.80226407483042e-05 8.81234664845465e-05 5.78336023679071e-05 3.58953695823061e-05 2.23876649044996e-05 1.61696975354175e-05 1.49797515845762e-05 1.70671364628561e-05 6.52407821135625e-06 1.85921110563925e-05 2.95503556259291e-05 2.21201163228102e-05 1.43685374737856e-05 1.40267069355104e-05 2.36720345219155e-06 5.55648539979359e-06 0.606634002923965 0.00382234992575832 3.17712407728266e-05 1.60575267588392e-05 1.59639969812275e-05 7.44373492832295e-05 1.66887235424795e-05 7.50355505454436e-06 1.31165508850728e-05 1.69831033975498e-05 6.67419950630688e-06 1.38211895617246e-05 6.71009396988609e-06 4.53706115628449e-06 4.7881489355639e-06 1.15422260024811e-05 7.1439428593667e-06 8.68782894603015e-06 2.47147019670102e-05 9.61388252429529e-06
4.89657645729835e-05 1.54684097244395e-06 0.000124381082849823 6.02858216865343e-05 4.77414266924825e-05 6.22523856321777e-06 7.12592143088386e-06 5.95712532742709e-06 0.000148407851361299 0.000141048415389378 3.42642307394669e-05 3.51431229006494e-05 3.5346277881132e-05 5.24286373490668e-05 2.30272756112981e-05 2.06655083502483e-05 2.23262723096695e-05 5.29836876452805e-06 5.13063710698702e-06 5.30858032306014e-06 2.2120838173123e-05 6.92640370090203e-06 2.94036258967623e-06 1.54690856390971e-05 6.49683471820595e-06 1.22671068943703e-05 5.61294482167796e-05 1.35236246752157e-05 1.60454643086894e-05 2.34472457432133e-05 4.02169785409967e-05 3.65566492156688e-05 1.22510080984739e-05 1.51749466887452e-05 1.41781517990935e-05 2.10856314275532e-05 2.44575510404133e-05 7.20769204534122e-06 6.44843078116963e-06 7.88701546294845e-06 1.19020387989721e-05 5.57016161462087e-06 9.89082819113918e-06 7.34613004449436e-06 9.04924105293858e-06 3.38231092888996e-07
0.000201707640326276 1.68435040590609e-06 7.99281373673466e-05 6.56884322303597e-05 8.70033782916835e-05 8.03233548992921e-05 0.000175939933751579 0.000124771337888774 4.59101968829145e-05 1.89952423415463e-05 2.30267271085438e-05 2.43900410929143e-05 3.43711095496246e-05 3.17149382709658e-05 1.82190580545694e-05 2.46006139832389e-05 2.54595450769557e-05 1.9688131624207e-05 1.32209913694226e-05 2.43676058047981e-05 9.83977859831953e-06 3.95777234665218e-06 1.78047765729161e-05 4.35251525310321e-06 2.88590316923631e-06 3.33443823350876e-05 3.87256131020308e-05 9.20306890641598e-06 9.40112119103276e-06 9.52118289525572e-06 2.98754133201129e-06 6.63013486459363e-06 8.52677867495544e-06 1.07041749060954e-05 3.4738017647129e-05 5.84004059234644e-05 2.81875646528817e-05 1.34284729460532e-05 1.29993341996482e-05 1.67211008459844e-05 1.89745273335262e-05 1.88152176720635e-05 7.2140443744928e-06 7.12518606498236e-06 6.91789508664442e-06 4.97749398384872e-06
