Scripts_&_data/Maxent_result_files_2/B_sulfureus_2.asc
NCOLS 594 
NROWS 330 
XLLCORNER -15 
YLLCORNER 23 
CELLSIZE 0.166666666666667 
NODATA_value -9999 
[rows 168 to 188 of 330, columns 94 to 140 of 594]
-9999 -9999 0.203077930957079 0.0670079139992595 0.0593106721527874 0.0577594458183739 0.0655192953534424 0.0605842983350158 0.0535120283253491 0.0649604527279735 0.063505641836673 0.0611023621633649 0.0577771436423063 0.0553762313909829 0.058786144759506 0.0642212852835655 0.0585246096365154 0.0440089968964458 0.0475680097326403 0.0585786477313377 0.0818515687644022 0.113014452160582 0.172607390582561 0.220218208432198 0.298910716176033 0.250074300169945 0.179123248159885 0.153345754742622 0.106652603298437 0.107593538612146 0.149565021693707 0.209475645422935 0.152358232438564 0.103546523302794 0.0835753887893778 0.0583200546250509 0.158500991761684 0.115799315273762 0.205560612678528 0.138659006357193 0.0758968904622379 0.128611375391483 0.120012509822846 0.0708434223228323 0.0547048557549715 0.0576169990003109 0.0769223603572755
0.072337593883276 0.0732042076066136 0.0709637422114611 0.0587016023695469 0.0520790592767298 0.0534190670587122 0.0516804452054203 0.0631473244167864 0.0581398524343967 0.0616365474648774 0.0607993525452912 0.060080268420279 0.0589976914227009 0.054208255559206 0.0597039028070867 0.0496085813269019 0.0481143311597407 0.0562377889640629 0.047239896748215 0.0474483670666814 0.0432316657155752 0.0714972747592242 0.0812149567236908 0.0648412537081136 0.106279653311253 0.128934866935015 0.177687990665436 0.197771254181862 0.172004555165768 0.184567961096764 0.128947817534209 0.0679514417169308 0.108195312321188 0.100872541218997 0.0679170558893379 0.0926901221457182 0.169831128418446 0.214398145675659 0.194113175570965 0.197499930858612 0.17904537320137 0.0669620273487296 0.0467998665713822 0.0672791518050244 0.0477788518182933 0.0481871541589498 0.0579114263404335
0.0592743563640397 0.0679333059117198 0.0565657245926559 0.0673277198337019 0.0543466250412166 0.049681609752588 0.0631425715051591 0.0631963615305722 0.0613207365386188 0.0602791170589626 0.060177740175277 0.0585370050743222 0.0560642150230706 0.0480372133140918 0.0520579489428201 0.0532556182442931 0.085268392821705 0.053221211537857 0.0521443626960263 0.04351886510849 0.0521371834911406 0.0540883524343371 0.0420999187510461 0.0431860365439206 0.0845834016831209 0.0687826286128956 0.0623401155576586 0.0503653452104118 0.0855388775473954 0.12418822273612 0.0936607443190977 0.0559592097939458 0.0671742375358008 0.0511978157951404 0.052469477169592 0.18051495552063 0.173571859300137 0.192111265659332 0.175891657173634 0.117177889496088 0.11117009818554 0.0563356288629021 0.0567159401736236 0.116106002777815 0.0611856473140866 0.0533655537292361 0.115061838179827
0.115103406959614 0.147462876886352 0.172522342668611 0.052825132664293 0.0531083760783076 0.0492394380271435 0.0604119313880801 0.04752936612349 0.0510119736194611 0.0501061494695023 0.0491147115826607 0.0449619257939048 0.0565333789141732 0.225324283540249 0.0444118697196245 0.0521156043745577 0.0501755395904183 0.0424310190137476 0.0453495343361283 0.041423356346786 0.0540673108771443 0.0534433868713677 0.053215929120779 0.0529776970855892 0.0796132870059615 0.0454324770613312 0.0620741918601826 0.0742447391867824 0.0573168559079022 0.045126040840114 0.0395336152520031 0.0662535081716396 0.0896917542217697 0.0501728271348838 0.0626474870872157 0.0738214671972734 0.141413879394533 0.0704729193366069 0.104911778867792 0.110839113593328 0.0696893870155552 0.115823186934008 0.231906695663929 0.273704749345779 0.26248984336853 0.0549265145156824 0.124601415355751
0.0532926065730862 0.0596337564493297 0.087177632813939 0.0583887857734226 0.0528022209182382 0.0620658360421658 0.048686087038368 0.0596013982780278 0.0494941506534815 0.0523175629787147 0.0700266273252055 0.116945332288903 0.0441927655600011 0.057855643970106 0.074053828537626 0.0456502326735062 0.0494621961377561 0.0424458831548691 0.0461007103323936 0.0441365025937557 0.0680346395820379 0.0407158959656954 0.0461842247284949 0.0534522946626652 0.0495808045098784 0.127744837850332 0.0673516428236238 0.0553996589921212 0.134689552336931 0.0539411482550761 0.0385875917971134 0.0517028628049957 0.124996690686483 0.0495684830006212 0.0802430074736035 0.0421284238269436 0.153800730408552 0.169901467133213 0.142302701623558 0.0914591960640026 0.0501387704149238 0.106686993688406 0.278498491644859 0.274958366155624 0.0865009333959935 0.0511531679128069 0.117738331115789
0.0581540616694838 0.0651585604064167 0.0572831626108382 0.05036187521182 0.0569801136793103 0.0518416084581986 0.0531750677153468 0.0487562914378941 0.0766474142670631 0.116054703793642 0.0690852590692828 0.0697739276167816 0.0439720334019512 0.0523623333312571 0.0445800423563924 0.0547690448351204 0.0470497847534716 0.0523106418491807 0.054427965437219 0.0915590666417404 0.0773312192250376 0.0518610719591379 0.0445435174740851 0.0426369519904256 0.0517947671934962 0.0808343656666714 0.0716927367314668 0.0413606747984886 0.0645620904142561 0.103327371109674 0.0394997191382572 0.0394225421943702 0.079885463634038 0.04440653398633 0.0399487094255164 0.0429800980535219 0.0580803521663256 0.0389351980295032 0.0517673525813734 0.0400080606268602 0.129772445559502 0.254951524734497 0.279339149594307 0.179669991135597 0.0687976606441699 0.115513819456185 0.140090295673394
0.0606714620254934 0.071441980907548 0.0514437071513385 0.0615255577489734 0.0493513743625954 0.0603202407248318 0.0626229748129845 0.0566527396440506 0.182789439774836 0.228690049797297 0.217612554132938 0.133480239636265 0.0494207515381277 0.0469006564002484 0.0435382048599422 0.0421483610756695 0.0459249622188509 0.0457102705724537 0.0508402216190007 0.0598150425819767 0.0521740514785051 0.0558554604649544 0.0609179470688105 0.0528788921423256 0.051419029943645 0.0612448200187202 0.0547286242333939 0.0419094786047935 0.0791010737615579 0.0687590565066785 0.0558424549952179 0.0473005591571564 0.0558932085637934 0.0452377017587423 0.0481590694747865 0.0430534239858389 0.0387823521159589 0.0610621126767011 0.0486521352806903 0.0946942888200425 0.216651237010956 0.0939283035695945 0.114082285016777 0.0816796902576327 0.0667743737636629 0.0973380908472541 0.17054531276226
0.0507282921113074 0.0585839359089732 0.0614779526367784 0.0577538611367345 0.0557553021237254 0.0534029679372907 0.129390206187977 0.060790755689959 0.0631994964525802 0.132568589494622 0.195662540092599 0.0979357785525508 0.0788093802355939 0.0568779617630298 0.051219345163554 0.053834121208638 0.0540974475443363 0.060991514660418 0.0530908957123756 0.0544708888046443 0.0540376625955105 0.0500461797229946 0.053695073723793 0.0555068431422114 0.0431450047530234 0.0849373755976558 0.0488690617494285 0.0464070952963084 0.0446196950506419 0.064611467346549 0.0815727983928809 0.0451488616876304 0.123268481378909 0.0531435545533896 0.0393225061474368 0.0395658981986344 0.0454302783984531 0.082814758272063 0.0431360404239967 0.1282609552145 0.0584975853334139 0.0494627075269818 0.0733684286157896 0.107177185267286 0.0646020224989655 0.202714538574219 0.240485537052155
0.0662195411499852 0.0704396823479328 0.0612700633704662 0.0520018453709781 0.0574316959828138 0.0510879660025239 0.0455420033074915 0.0816334491853198 0.0473844940774143 0.0509050456807017 0.0682547236850951 0.06646347911459 0.044490782788489 0.0476569481543265 0.0481922888197005 0.051083024032414 0.0469622502103448 0.0571283245459199 0.0536595256067812 0.0548933547921479 0.0536318492144346 0.05289092855528 0.0501056550070643 0.042912541795522 0.0788709129051767 0.0809560504145338 0.0422174488194287 0.0556301588192582 0.0552615932188928 0.0589433763176203 0.0859410054516047 0.0681321546187974 0.0742498879058985 0.0437119253649143 0.0514197958789964 0.0796578508262661 0.0446949739001866 0.0792327485983051 0.235900709033012 0.272149580717087 0.102322459221136 0.0543329599313438 0.163486075762376 0.0552488714989408 0.0901848152280008 0.218901345133781 0.20495243370533
0.0493221630342305 0.0465480362996459 0.0627998998388648 0.0570836431346834 0.0624673957005143 0.058734439779073 0.0561714180745184 0.0554663913324475 0.0550765265710652 0.0449594096280634 0.0423540627525654 0.116396509855988 0.154829174280167 0.0596966412260372 0.0474580963040353 0.04142502755858 0.0519996433518827 0.0552233011461794 0.0545217460952699 0.0516209314577281 0.0525527084246278 0.0519358090125024 0.04099878994748 0.045096415374428 0.0588378557935357 0.0604159351496492 0.0437682630261406 0.0491769131273031 0.0538761963136494 0.105368072161218 0.0532440816983581 0.0575761986896396 0.0466989871114492 0.0399644066375913 0.0668376399191413 0.0505038501914498 0.124887549877167 0.211879889667034 0.262286520004272 0.244821056723595 0.122619814425707 0.0519570553145968 0.0834011797265774 0.0964383050820907 0.21070019453764 0.22998408973217 0.158377042412866
0.059411368239671 0.058475477527827 0.058130884449929 0.0565836829133332 0.0561986869201064 0.0560269541107118 0.0559931626543403 0.0556597561575472 0.0549002991057932 0.0541474116966128 0.0454758184961975 0.0453489091170923 0.053388436338355 0.0487626970745623 0.0513540210202336 0.0567876864224672 0.0524125398136675 0.0507320723496377 0.0411205259617418 0.0442968426272273 0.0604326685890555 0.0547279381105909 0.0866956791819575 0.0431265762075782 0.0471617141738534 0.0627470750361681 0.0536705829319544 0.0741841111565009 0.0814801612133124 0.0586303945266991 0.0487939393147826 0.0455301445443183 0.0361220305319876 0.0485432540965974 0.0734048462464049 0.0950037747621552 0.171287448704243 0.141597278416157 0.195607157051563 0.250194749236107 0.0901801832023446 0.060249326909369 0.0548099993848339 0.206480391323566 0.219788391888142 0.245333197712898 0.138041055202484
0.0595937252044678 0.0502429641783237 0.0572714286856353 0.0569048800505698 0.0575428567826748 0.0553572257049382 0.0560802645049989 0.0499140349216759 0.0589308507391252 0.07221682857421 0.0533617105334997 0.0508426488377154 0.0567775822099065 0.046025344915688 0.0430111282039434 0.0457958469167352 0.0807642071554767 0.0662015785143012 0.0492796508595347 0.0489214231958613 0.0832034969364031 0.0487533650593832 0.0391506192740053 0.0581738103646785 0.0928153127500991 0.0588987836730666 0.0570869555231184 0.0641382356647227 0.0383283733157441 0.0398374535143375 0.102619869122947 0.0678819596434043 0.131945670396172 0.0724096626055501 0.110131607204676 0.166630439460278 0.222248247265816 0.21312620639801 0.211435291171074 0.134625700861216 0.0569548728151858 0.058766568890549 0.0553556725493394 0.161535497009754 0.200595197081566 0.237680366635323 0.119693183153983
0.0549238458275795 0.0585979058407247 0.0507447563679307 0.046177124325186 0.071455754339695 0.0549757749773562 0.0497417084872723 0.0977164829090725 0.0452992072328925 0.0795096557944505 0.0717375135217962 0.0406542882323265 0.0553581386804581 0.0518985624425113 0.0519133186899126 0.0444207342807204 0.0442583401687443 0.0450772924930789 0.040955724613741 0.0441904240804433 0.0469456451013684 0.0435496196849272 0.0599617201386536 0.0553505962016061 0.0760355704464018 0.0860901640960947 0.0918875191535335 0.038677528896369 0.0369932236382738 0.0497101025714073 0.0616317352536498 0.0459520138800144 0.075263465954778 0.0953228861913986 0.0992003113031424 0.186439840495586 0.17729377001524 0.234512239694595 0.241674539446831 0.0711413109474272 0.0589373943757619 0.0514078397492689 0.0936526730656827 0.193080420792103 0.222241033613682 0.185864639282227 0.0839203976151706
0.0597840436734259 0.0562829446047544 0.0604629611596465 0.0564888548105955 0.0560826127417386 0.0419820695184171 0.118328771740199 0.154998633265495 0.141602595150471 0.0713110902721566 0.0457931182099856 0.0878921773355157 0.0493300753560106 0.0432878584600985 0.0475920464843512 0.0718692269176245 0.0404839768074453 0.0482563956640661 0.0435854316689074 0.0509810662828386 0.0426943328231573 0.0516035141423345 0.0526809725619387 0.0572266356088221 0.096134162866656 0.0553605809574947 0.0983818663988892 0.0449300160631537 0.0430557949497597 0.0455275112530217 0.04577118717134 0.0515089185333636 0.0529419392799809 0.0653345782286323 0.0823189400160865 0.153809560835361 0.201263317465782 0.151677143573761 0.0600548063460492 0.0673931225799606 0.120132822543418 0.059050879425774 0.218171536922455 0.153602696955204 0.191855309903622 0.136023370921612 0.0540090976184728
0.0453700226033106 0.0596763524226844 0.0579048181883991 0.0615986708551645 0.0671175129711628 0.127241827547555 0.102884458005436 0.191468566656113 0.120266914367676 0.150564356148243 0.0436088402988389 0.0546092909760773 0.0516220640391111 0.0453079139813781 0.0729344960171147 0.041431628074497 0.048804269451648 0.0482043235911988 0.0561447282801964 0.051073937676847 0.0388941458892077 0.0442690407857299 0.0408756215125322 0.0483067461289465 0.0418088519014418 0.0799315593671054 0.0699722812394612 0.0499347735880292 0.0392385030630976 0.0400547523531714 0.044656885427321 0.0452179801830425 0.0530044289274429 0.0519411592614802 0.0474364739677867 0.0879583425863497 0.0729616289722577 0.0518964945590938 0.0550724811398581 0.0488103716164474 0.041850596189397 0.0850600165023934 0.124341379106045 0.0858181580901172 0.083158771693709 0.102217624336482 0.0886097654700285
0.0716115668416023 0.0513991791754961 0.0654240027070045 0.0482354556210339 0.0467667326360242 0.0650006352520038 0.100808952748881 0.164780190587044 0.270875683426857 0.289430844783783 0.0541607494446453 0.0610526509582996 0.0515878810547292 0.0513077512383461 0.0449443842284381 0.0750092144066002 0.0459774821996689 0.0698398777283728 0.06107851846225 0.064983144582493 0.0683965287308088 0.0479656070334613 0.0387731244787574 0.0381322802975774 0.0459806845989078 0.0913776069879532 0.0535637699067593 0.0412528472021222 0.0461278325125022 0.0478922857175348 0.0441412711879821 0.0489759687698097 0.0609049108798843 0.0569661059726784 0.0579665304283131 0.0816986806690822 0.115098464488983 0.0848020557314461 0.0653432745517811 0.0887166880071176 0.127241672575474 0.126290410757065 0.0951539695262911 0.0728769391781308 0.0931470893323459 0.0907037079336752 0.108666554093889
0.0475711522623897 0.0534914874471724 0.0604780595749617 0.0445899049751461 0.0462187704237294 0.0493247116566636 0.0471803439953874 0.0495458354129369 0.0951423072172719 0.156740419566631 0.0595137596130371 0.0457227909937501 0.0472428834997118 0.0497045003809035 0.0723588870838285 0.109297168824014 0.0516008197279007 0.0448506237473339 0.0496201320759155 0.0881480481476156 0.186449359357357 0.0597473772201063 0.0434724874794483 0.0406179314479232 0.0858596462108835 0.0570366322179325 0.0483251389116049 0.0447769156657159 0.0504903507884592 0.0440601302609139 0.037049199687317 0.0430207210862136 0.0873623147618781 0.0931453526020085 0.0497730245677076 0.064663204925691 0.0642935819948455 0.0842377256602219 0.0754689633848579 0.157602307200432 0.114616069197655 0.0749100726164138 0.0879489921033433 0.0711899086841024 0.0493171382269074 0.0514333254231904 0.0436811151503207
0.0588679849170148 0.0443189314333722 0.0533290599472821 0.0429550152271986 0.0471651401370764 0.0601138660684228 0.0448138523846865 0.050689837243408 0.0557575852610171 0.0524570663459599 0.0626253664493561 0.0524133672937751 0.051529298722744 0.0603632021695375 0.0679180521517992 0.0988046011334518 0.0643844304208869 0.0421123721636832 0.0471195982769132 0.0999239169061232 0.186453315615654 0.0764389321450841 0.0461285588389728 0.047524246852845 0.0908371128067302 0.0508011292666197 0.0624104137532413 0.0387522757053375 0.0415469567407854 0.0801949755458352 0.0888691420440637 0.105011539161205 0.0686502769613719 0.0604232907372301 0.0559394977087257 0.068567678705558 0.0826641112577164 0.0727796939428361 0.112809117912941 0.0862341988829294 0.0588982597105753 0.0631711211404813 0.0414579929754723 0.0708478368825466 0.0555909214596349 0.071301630617659 0.169468654881712
0.054191483545037 0.0450222047977149 0.0448026433121413 0.0545584535226226 0.0460933393798768 0.0555089537985623 0.0533168260008097 0.0494595631957054 0.0584510101005435 0.046733966562897 0.0445392473600805 0.0603343948721886 0.0522685500793159 0.0556159775704145 0.0596467453986406 0.0565653257071972 0.0684640632010996 0.051360846683383 0.0589620633516461 0.0487029823517332 0.0654818857754814 0.0536608311576231 0.0678174057291068 0.0477972706779838 0.0401104599994142 0.0472741131670773 0.0409482658840716 0.0375266544520855 0.0403683981203358 0.0701839648404969 0.0769970994501718 0.0910971239209178 0.098581400513649 0.0604639172700749 0.0988857619464399 0.118007204681635 0.168511893313847 0.252687189728022 0.0806942196945329 0.042346519803732 0.0558988453008624 0.0482488880226505 0.0831650868058337 0.168664605915546 0.190882322192192 0.190779981017113 0.312605327367799
0.0451512332074344 0.0445045628352091 0.0445035124197602 0.0584741980674153 0.0540300456932528 0.0490434123741579 0.0733222039416432 0.0581148033961654 0.0498874675482512 0.0416981192771345 0.0510749183595181 0.0650028873234987 0.0491364942863584 0.0506083879619837 0.0497326943092048 0.0639101578446571 0.0451064105145633 0.0426848296076059 0.0544301716610789 0.0509918079711497 0.0391980716027319 0.0426783910472295 0.0460555776953697 0.0403978972695768 0.0546816766262054 0.0492312649264932 0.0361038400791585 0.0448055492714047 0.0371432637388352 0.0467023507445333 0.0899439953267581 0.0964783981442452 0.0685684774083809 0.164365342259407 0.12265776693821 0.0376811264432035 0.0523920605424792 0.0337145739234984 0.0471852032405536 0.0795177731664627 0.14966224655509 0.0834058044605287 0.227461852133293 0.319806203246117 0.318714103102732 0.417448815703394 0.197656657707008
0.0525264698080719 0.0576040204614401 0.0586444715969264 0.0592139465734363 0.04996940754354 0.0554171837866306 0.0546596672385931 0.0543765515089035 0.054745399672538 0.049482096824795 0.049614923633635 0.0501151639968157 0.0739407865330577 0.0559456884860992 0.0605673832818866 0.0653401071205735 0.049511716933921 0.0463028599508107 0.0489521322771907 0.0444741979241371 0.0453014962375164 0.0415947373956442 0.0423796763876453 0.0395794372074306 0.042089583305642 0.0393288093531737 0.0356406578794122 0.0344316473696381 0.0457546651223936 0.0587622899940494 0.100242413580418 0.167599461972713 0.18804909735918 0.199598467350006 0.0506019742756499 0.0648923367261887 0.0414251903344166 0.0607001940776913 0.135529526323081 0.25725402534008 0.228262834250932 0.343092396855362 0.243305942416199 0.130818076431759 0.00156211273898634 0.20910438176943 0.236881341505796
