Scripts_&_data/Maxent_result_files_2/B_subterraneus_3.asc
NCOLS 594 
NROWS 330 
XLLCORNER -15 
YLLCORNER 23 
CELLSIZE 0.166666666666667 
NODATA_value -9999 
[rows 120 to 139 of 330, columns 368 to 413 of 594]
0.000170368752560535 1.42114588300046e-05 4.72975407888043e-05 1.56447493331768e-05 6.18138579355332e-05 2.09000847434027e-05 5.74225310927545e-05 8.25467774163258e-05 6.00895589457195e-05 8.99847464594927e-05 7.7189782279774e-06 7.16822661772198e-05 0.00013033904651536 8.85083766995365e-05 7.97516891868355e-06 5.72927690114966e-05 5.33615293299761e-05 8.05757992623057e-05 9.78594623518347e-05 0.000107086037753845 3.57043489037423e-05 0.000131767250910997 0.000104948386018933 6.32624095343814e-05 4.87779333794514e-05 5.70543938948731e-05 4.61322899329986e-05 2.41446662769818e-05 4.09043345648286e-05 4.83690874760967e-05 3.74089644212816e-05 4.22354365332112e-05 3.06134472191744e-05 4.29766127727049e-05 5.21899535689041e-05 3.57114124710733e-05 3.59248228859688e-05 4.16011198956401e-05 3.82400674101779e-05 4.27228825657267e-05 2.51660489472449e-05 1.79139796186778e-05 1.97469477667411e-05 2.68467330553523e-05 2.34698942229716e-05 2.13267371009351e-05
0.000202366590752945 0.000244682458071566 0.000110937480872053 0.000113166723605218 0.000118019444489192 8.37332463078155e-05 9.31221251292413e-05 7.00848729152881e-05 8.22478740239774e-05 0.000100712774749212 0.000164192249388861 0.00021271718480449 0.00013877721235076 8.81031251054765e-05 6.48539204473053e-05 5.96152986311438e-05 0.000102876226463877 2.44284899729053e-05 5.58811304031792e-05 3.67156079917663e-05 0.00012970561822172 5.60763585873758e-05 0.000171976632585924 0.000131516994402059 0.00012934484301379 8.27363850635976e-05 7.59924979071513e-05 5.72480636140682e-05 2.86175712317593e-05 6.01939964470333e-05 5.28683799276841e-05 4.03376723340898e-05 2.92406826485347e-05 3.29802215780717e-05 3.31908867701181e-05 2.20308355090459e-05 4.53171023697685e-05 2.74076072502183e-05 2.58093359100542e-05 2.28480574410384e-05 2.5593778480193e-05 2.04059123680267e-05 2.28396992377533e-05 1.9669680360046e-05 2.93885601581945e-05 3.18546484614046e-05
0.000227191550408179 0.000159538224352218 0.00012565809630587 0.000159902696361769 0.000100466055008042 0.000135025520836507 9.07593856538824e-05 9.02749236402656e-05 9.86336313040681e-05 0.000196938114716261 0.000635038534579735 0.00049139679268535 0.000441128491522136 0.000320165470711231 0.000335325758796046 0.000319756179516162 0.000327711386952956 9.14528663265912e-05 0.000114762861096551 0.000171095513233155 0.000116047301117206 9.34677069096779e-05 0.00010132598843402 0.000131153765421743 0.00012220192031176 0.000143735835914427 6.94541190743081e-05 5.00076281374717e-05 5.14150904150412e-05 4.65279772491556e-05 3.44608575971961e-05 3.41544268369631e-05 3.75797037865055e-05 3.15731690665899e-05 3.19512711637771e-05 1.80009564413552e-05 2.41728442809119e-06 4.33112646486933e-05 2.64714772311159e-06 7.62327533978535e-06 2.21386151582514e-05 3.07992612622598e-05 4.96544562271106e-05 3.23506629555048e-05 6.62220744668263e-05 4.98886941495247e-05
0.00016846950704803 0.000237995060368235 0.000214620891918571 0.00017794871707224 0.000182381874893167 0.000154353712254363 0.000202819078062078 0.000257276668659756 0.000317308706480901 0.000315568463810223 0.000349897732033355 0.000320321419346214 0.000228359634496655 0.000201055008534112 0.000163692401394755 0.00027045168815647 0.000252383177293325 0.000127629565478315 0.000222482024620518 0.000186678681026464 0.000102047121074733 0.000146658194809035 4.97701877382184e-05 4.44189448357335e-05 4.25568862230108e-05 3.7555152497859e-05 3.87997165967047e-06 3.54337252381764e-06 1.74316636197602e-05 3.727873783399e-06 3.9486121264698e-06 9.65443876959071e-06 3.78427530074887e-05 3.27890807354514e-06 4.35344634180268e-05 1.36285691478832e-05 3.1031789703384e-05 3.69970999957836e-05 3.09907201732074e-05 8.55661523768703e-06 2.96063591558315e-05 2.66524108870847e-05 2.52718705638699e-05 3.92563846336458e-05 4.49849587730089e-05 3.6775990061555e-05
0.000165848661220025 0.000282315390613519 0.000129730100503878 0.000192710011900488 0.000213250860322489 0.000212265669338763 0.000190789195545449 0.000242673357946899 0.000366902471105846 0.000326596509691512 0.000269967710474361 0.000388515343789209 0.000257702413807692 0.000244319254090897 0.000300965764315464 0.000163913432212581 0.000183556798800311 0.00018269248323044 0.000196673315599583 0.000167448794668523 0.000162021925688727 0.000128956400487468 6.20690133912305e-05 3.80406788698107e-06 3.92217879199297e-06 3.75565378383236e-06 1.5238529742323e-05 5.67343629140904e-06 1.31768107160646e-05 3.68218766977346e-06 3.98589709764252e-05 1.67286440118986e-05 4.70411580975494e-05 3.49019967378794e-05 7.0408132695654e-05 9.83785945138482e-05 6.16315890369812e-05 1.93579538220412e-05 2.41236651874033e-05 3.94398880843028e-05 3.85820010387228e-05 2.99322565232352e-05 4.45421314282601e-05 5.82541374730461e-05 6.20834117273539e-05 5.16439424596005e-05
0.000134170270067102 0.000222943465358583 0.000256205214836314 0.000312941969744429 0.000180910844864002 0.000292617378447346 0.000274387562481593 0.000183428975245192 0.00012652421895325 0.000125299792853895 0.000367569801235845 0.000358828769405761 0.000344152970693301 0.00033639262901346 0.000267636660005621 0.000212704232018623 0.000208136409975523 0.000161691382429474 0.000169981943658826 0.000121024700107597 0.000172955126151741 0.000163487873405987 0.000179355582690288 8.03351104001759e-05 6.93667091846706e-05 3.59436075610953e-06 7.92214809433034e-06 9.15953127575975e-06 3.62084951589514e-06 8.85525402121168e-06 4.40634290232111e-05 5.61790941638662e-05 5.73048195979808e-05 6.05920819616301e-05 4.45330355195672e-05 3.28993522725973e-05 4.7678331840828e-05 3.12315762997173e-05 3.89051782875072e-05 2.8790581989746e-05 3.34229549702414e-05 1.26479546782576e-05 3.97909999234614e-05 4.78430400877361e-05 4.94371709914621e-05 0.000108375427929541
0.00011736617857423 0.000152500067835604 0.00013398046645392 0.000158691282408085 0.000207964523053761 0.000389480160296785 0.000276050388268345 0.000154288141013126 0.000123873133895813 0.000300426220682937 0.000274110382528647 0.000267587004567815 0.000253318776101708 0.000313195222410911 0.000231953563547194 0.000206638156303285 0.000282013719822061 0.000163636263775579 0.000210174331884083 0.000149516113732151 0.000161873154084358 0.000133058223922156 9.05913840791861e-05 0.000104729067793263 0.00027708984533783 2.59641463727922e-05 3.62713359529199e-05 3.07392084276881e-05 6.16847275746402e-05 6.71837660782604e-05 4.4981831368851e-05 3.4570865723893e-05 3.96101600165011e-05 3.53877204839037e-05 3.2956942462059e-05 4.44430125501327e-05 4.04680991037409e-05 3.8483971064629e-05 3.93600544382977e-05 3.80575887292345e-05 6.53809737820588e-05 0.000508367829564804 6.83632484334229e-05 7.93687186062098e-05 8.19428519424292e-05 7.31605123725942e-05
1.10818819312186e-05 5.26903177444638e-05 0.000136233475174663 0.000129673546999243 7.58830688226908e-05 0.000153226402409246 0.00014219164544329 0.000107268463746379 0.000177718904089375 0.000222161536352417 0.000222116584949816 0.000251969219470283 0.00017596262804247 0.000286155589949288 0.000152330436860382 0.000137370427130179 0.000172222376602349 0.000231988368294544 0.000166192963090062 0.000148842974372965 8.64021971383799e-05 4.38797403834901e-05 6.11853880954971e-05 0.000106961711205855 7.53213556011101e-05 7.98688166310235e-05 4.16269269135405e-05 2.94152852938545e-05 3.36518065465086e-05 4.57661469077664e-05 4.74649913527081e-05 6.80376030822494e-05 4.90238372499174e-05 5.99929655635156e-05 5.46341846219711e-05 6.80942842300691e-05 6.14488019557768e-05 4.96339395571255e-05 7.06030173582839e-05 6.16889649514007e-05 0.000165050208742112 0.000198933691317116 9.49652489526498e-05 0.00010096765684785 0.000124760555739822 5.24529793565875e-05
9.65909939907306e-06 1.01721720533021e-05 1.13245875365209e-05 1.18380948826768e-05 1.1584519371155e-05 1.12646078612499e-05 2.18456674161871e-05 0.000109738294813155 0.000183306781161718 0.000243907549685218 0.000115114330379384 9.69714110368614e-05 8.97756963901486e-05 2.56081008963349e-05 7.40187406691462e-05 0.000108225157352138 9.31683482811252e-05 5.45539309413812e-05 5.55043167992153e-05 4.9827209699238e-05 7.46559124324086e-05 8.41798804117833e-05 0.000101106273907581 5.30344676114014e-05 4.78361295864316e-05 8.50531936851584e-05 6.26891122502693e-05 3.15701060056739e-05 3.25203768086757e-05 3.2836059700081e-05 3.57800143969023e-05 4.69598422940365e-05 4.75106354097754e-05 7.09157493195001e-05 7.23415768256075e-05 5.76168036772629e-05 4.58562196424594e-05 6.50799757129228e-05 7.2213352623951e-05 6.79164716035352e-05 5.11009079791958e-05 7.07569037059041e-05 6.23485196050044e-05 7.68874196667602e-05 0.00013511672114368 3.83948884375318e-05
0.000440997272534105 0.000302696173537242 0.000985877453223338 0.00014938029260918 2.56582517286219e-05 1.28534501155464e-05 8.4081620951082e-06 5.99924197430823e-05 1.55801659549759e-05 9.30746036837959e-06 0.000203783887257458 6.16370342378047e-05 8.23838269274901e-06 9.90241118692836e-05 0.000285063436742661 0.000218233113535327 7.57508551130215e-05 7.43840511167271e-05 0.000119776629124368 0.00010216502656788 0.000115638251934769 8.67773411080242e-05 6.96364334218158e-05 4.50966035286826e-05 5.55798826432863e-05 4.9689922773688e-05 6.44643928901178e-05 6.70669167521787e-05 4.84801358555886e-05 3.73307679884638e-05 4.85946109738844e-05 3.44223729766835e-05 5.07453210443654e-05 4.92199343756994e-05 5.32876816077277e-05 0.000110035247212981 6.22712602919684e-05 7.82939172961683e-05 8.81548683077993e-05 7.08191323257834e-05 9.49267562717182e-05 9.11466753035883e-05 4.3362389541346e-05 5.37749801579612e-05 0.000288356982162807 0.000166113861289729
0.000571374192048779 0.000582840835531329 0.00246374881289739 0.00146762514473266 0.000351973739373079 0.000580429978572283 4.01058808833454e-05 0.000198318884218907 0.000182527451306669 0.000116868858761165 9.74089625707109e-05 0.000119737976730505 0.000104804585329532 0.000117224983188891 0.000104697325532399 8.07718183176931e-05 8.13185570279984e-05 8.00806286602285e-05 6.56364914114693e-05 7.09464031918516e-05 9.67589160177695e-05 7.29738762522247e-05 4.383696271969e-05 4.66175899303423e-05 3.58497185370954e-05 3.86295425062744e-05 2.90099252703624e-05 2.68924847215968e-05 5.64286649396672e-05 5.17790559348641e-05 2.81163576935306e-05 4.61157026422798e-05 5.98648152108527e-05 5.55144770351346e-05 4.96795894108004e-05 8.51336453095763e-05 8.6152614999957e-05 8.98564925354783e-05 7.63651789061681e-05 5.75719482144299e-05 8.4288186247794e-05 5.98045618092846e-05 7.11264144033885e-05 5.99979183309451e-05 3.17439452692358e-05 4.15366012081697e-05
0.000233335440103133 0.000182345852734045 0.00017144863848273 0.000542521671735585 0.000702647620317975 0.0307880035601556 0.00217426232688922 0.000966911176493568 0.000923673088804833 0.00158520397209827 0.000320214248438333 0.000105236087640748 0.000128611340209517 0.000100212523906151 0.000223225796180948 0.000137779933482562 8.9923987202134e-05 6.82950556176953e-05 5.59579876648675e-05 5.94746677214597e-05 4.12602183823996e-05 5.38483866286632e-05 7.10755539304886e-05 5.96130154831398e-05 5.92215476749702e-05 2.4696600931795e-05 2.70921174640337e-05 4.70882964189956e-05 4.52949019796978e-05 8.82806491903421e-05 5.10966538574742e-05 3.08667932744644e-05 4.30220627031686e-05 4.6457360232699e-05 7.21455821605987e-05 6.18571682675872e-05 6.46926367853573e-05 8.10318059326853e-05 0.000179797189858555 0.000108345708919377 5.83961306627412e-05 0.000142460097005603 6.74394078187257e-05 4.78314532806778e-05 0.00025384438162841 0.000175742746423901
0.00012816293084299 0.000182845776381768 0.000212083993348955 0.000172011790527549 0.00019133019237465 0.000268400789795464 0.000210825587534913 0.000266368664001959 0.000280148601037666 0.000733576583796491 0.000949814502750712 0.00525171410365601 0.000331883034873925 0.000155868025470873 0.000181287254807927 0.000148036572151256 0.00208023628468368 0.000198999889378015 9.70680577747185e-05 5.46002801130596e-05 5.61741436875374e-05 5.4951539186987e-05 5.74158642930089e-05 2.61576052269397e-05 3.15428744666391e-05 3.70644271603271e-05 3.47242382789492e-05 4.63842165802752e-05 3.80527909020545e-05 3.69278044620947e-05 6.79014754130014e-05 5.13462208321491e-05 4.08467290756165e-05 3.67639381489204e-05 3.79509358064078e-05 0.00012804520801154 0.000295526910556898 0.000487499907588074 0.00141970220884247 0.000617299080337297 0.000157402848898691 0.000221807569570487 0.000220851611392292 0.000282330649324081 5.86683262896903e-05 8.50830509030343e-05
0.000297602416026166 0.000167755620729082 0.000175568818798766 0.000260426382136814 0.000258919131144353 0.00022484553767157 0.000205751150649647 0.00026460338854406 0.000196505258059076 0.000172752107597063 0.000183753519168661 0.000204933611177971 0.000378096343255407 0.000396004978180464 0.000716920837979274 0.000420758250546882 0.00752634768565486 0.00186469513294583 5.95336965481863e-05 7.24603712600858e-05 5.93049039730009e-05 3.25964754232411e-05 2.36365226788715e-05 3.78037222028449e-05 2.94773255042124e-05 2.65803581128266e-05 3.08329684886255e-05 3.55596790723389e-05 4.3899754200516e-05 4.08339908859356e-05 0.000122312268773972 5.07922696497909e-05 0.000179872313602714 0.000277097668318793 0.000699118717414215 0.00831564253421675 0.00149462934117324 0.00017776897281272 0.000119324360642103 0.000259002377922712 0.000232291133153328 0.00069117939263581 0.000205717600141586 7.55342312308227e-05 4.48599257286908e-05 0.000114020372875145
0.000206809466291702 0.000294423673800281 0.000293070417657759 0.000290230372309708 0.000296810152089932 0.000258567036900814 0.000666224500623969 0.000465547181589443 0.000326597391040195 0.000242159252792362 0.000177779550637425 0.00023518023564062 0.00013527311057091 0.000131568360396184 9.2293190170234e-05 0.000330082798833153 0.000195500569671836 5.61481357323923e-05 5.50833742136381e-05 5.94789667486162e-05 5.35316205613645e-05 2.77725315569133e-05 1.9444463534124e-05 2.24489724593546e-05 2.88701306001116e-05 2.40429258743569e-05 2.00385354848454e-05 1.82676503287404e-05 4.2055097507887e-05 6.69956819129625e-05 4.77816541411102e-05 6.38709998434073e-05 0.0013782855398631 0.000531828089351194 0.000123807807195275 0.000126179977759733 8.75563597913409e-05 0.000132721326547958 5.32070080052627e-05 7.04499294214345e-05 0.000110139479883276 7.69272144143018e-05 6.40479140908701e-05 7.59008546124207e-05 6.49861252256523e-05 4.71519380389918e-05
0.000222103579656618 0.000240808118610403 0.000215245250041107 0.000181457299666476 0.000330385985877513 0.000367291227637168 0.000297110852089588 0.000269898858039141 0.000269777922918735 0.000287917620591216 0.000200154765299665 0.000250415862154796 0.000214928637140499 9.54190037999236e-05 0.00017395710585868 0.000104554683482894 0.000492478733129786 0.000207844124698742 0.000119019503915707 0.000247590773703399 0.000219293417785182 0.000124103964140398 0.000395037816202448 0.000140096649677024 0.000105883307976096 0.000302105351215332 0.000168570090147258 4.21785626097404e-05 5.03942229244991e-05 5.91522277834988e-05 5.68173877942835e-05 3.36146519472669e-05 4.80337969360645e-05 5.39125700682375e-05 6.45918213911467e-05 7.79139476480228e-05 0.00010225857259698 5.32503672397322e-05 5.6995323954756e-05 8.11042528638173e-05 0.000103322969687514 0.000133974369803647 0.00012532054182075 0.000104039624493657 5.75624936007935e-05 8.54065142466109e-05
0.000333000520186033 0.000258073541732529 0.00020113423067869 0.000188800960285107 0.000204962619602611 0.00024537851287505 0.000280067697278241 0.000317314537837987 0.000142259374557341 0.000127084360968333 0.000220378619696149 0.000158548760929023 0.000192269848764459 8.63649671132727e-05 7.39474020175823e-05 8.29808859631909e-05 7.08786868239497e-05 0.000367555937186737 0.00111521004088324 0.000810494811908313 0.000464303957883327 8.38546358177483e-05 5.23430477769149e-05 9.30343624147012e-06 7.57556088240019e-06 9.50656051421639e-06 1.1565674819336e-05 8.73435407181544e-06 7.5476907545613e-06 2.61314399050416e-05 2.52474708867467e-05 3.37172594031099e-05 3.77885534691535e-05 4.82653672405298e-05 0.000204089530821361 7.84336580395451e-05 9.47620628602541e-05 5.59165735075084e-05 6.17210758184328e-05 8.03743500954135e-05 5.33069698232302e-05 5.78017964945277e-05 0.000120073783457153 0.000105526519459853 7.05481023168142e-05 5.23629837089867e-05
0.000505907281075224 0.000364303018716328 0.000229239925852198 6.43450845089433e-05 0.00016831899407066 0.000356344236047335 0.000392133761056357 0.000156332134420012 0.000136335716343794 0.000122743513902002 0.000104058220389147 0.000108948875566695 0.000218722084591594 0.000158773193823025 7.13915992638814e-05 0.000406446336294675 0.00073748488945018 0.000673313712591295 0.000535061028801209 8.222234483094e-05 2.28241609165236e-05 1.80312780489578e-05 2.60281378121507e-05 3.30981040073786e-05 2.50449388819907e-05 1.77718992110498e-05 1.38995722327007e-05 1.56314248761946e-05 8.51697097677961e-06 6.86916911494251e-06 1.3813499838955e-05 3.31798647100978e-05 3.65752497298755e-05 4.61141524687347e-05 4.41068419414159e-05 5.36799521716702e-05 7.87466566886774e-05 5.84621889650472e-05 9.63999435446228e-05 0.000127279205635977 8.71295279771478e-05 6.26234716334162e-05 0.00010145148596028 9.39027979658946e-05 6.91553132313949e-05 5.86298604110747e-05
0.000591882393908349 0.00196045048171527 0.000304499537548963 0.000308584408841739 0.000230529666757207 0.000181321245406707 0.000251245228426455 0.000260513916834881 0.000251687021275338 0.000248555530829364 0.000137593208348274 0.000105443853702636 0.000128895700825682 0.00014877721587867 9.53208318392185e-05 5.368568534041e-05 9.76389937826228e-05 4.97902200694567e-05 3.84341048271342e-05 2.94740176752573e-05 2.91950328430546e-05 1.79041155853987e-05 1.92884535416771e-05 2.53453769349932e-05 2.97936061836035e-05 3.34235426390439e-05 1.83459626039273e-05 1.24407813299032e-05 1.77374108201844e-05 1.88283612310713e-05 6.8055700434333e-06 1.39445818732487e-05 3.09184580184474e-05 4.05319760127365e-05 4.34818044602991e-05 0.000193930179911772 0.000179446714769527 6.26993729895831e-05 0.00011721966013849 9.75024825053072e-05 0.000155659592360813 5.56937945284441e-05 3.51891192441056e-05 7.99066579822427e-05 6.99480971099953e-05 6.33080098225824e-05
0.000254370239547796 0.000347257625242037 0.000315048630287151 0.000103261071731708 0.000213356176232082 0.000249055566723655 0.000324452140927178 0.000148527153780886 0.000122814947175698 0.00010791277728377 9.28003083466189e-05 8.64697431018024e-05 0.000103938537272719 0.00010267958429766 5.44462607513507e-05 0.0017338680799682 0.000180101337374694 5.94541191895504e-05 4.59150502045813e-05 4.40827831665991e-05 3.39855527566213e-05 2.46933855039821e-05 3.50461846899686e-05 2.57231191653329e-05 5.0142425468358e-05 4.57781263828672e-05 8.85910877137519e-06 1.03119339130209e-05 1.12286761217106e-05 1.93011097906592e-05 2.00668578406948e-05 1.19304499084261e-05 1.27325302273218e-05 2.59299078393727e-05 4.62512685447058e-05 5.44539468327776e-05 9.82449959461729e-05 8.79244481523211e-05 7.63906139056414e-05 0.000132388828065855 8.43744332576168e-05 7.21906333806421e-05 5.06640323508223e-05 3.17258102103146e-05 4.59234046424006e-05 3.43078113986262e-05
