Scripts_&_data/Maxent_result_files_2/B_sulfureus_2.asc
NCOLS 594 
NROWS 330 
XLLCORNER -15 
YLLCORNER 23 
CELLSIZE 0.166666666666667 
NODATA_value -9999 
[rows 168 to 188 of 330, columns 470 to 516 of 594]
0.334260860085487 0.333214181661606 0.326793560385704 0.319392432272434 0.316057109832764 0.321548144519329 0.316121578216553 0.323970086872578 0.329737965762615 0.350119945406914 0.307184363901615 0.356498780846596 0.379001432657242 0.355689558386803 0.360553547739983 0.349562948942184 0.351403450965881 0.380104067921638 0.404009935259819 0.413043454289436 0.41217857003212 0.404531887173653 0.401189798116684 0.401061481237411 0.403016790747643 0.405252426862717 0.4101048797369 0.408828520774841 0.407750970125198 0.416746577620506 0.416360783576965 0.405366852879524 0.404105117917061 0.396509984135628 0.392754724621773 0.346412770450115 0.387601906061173 0.394082921743393 0.396652600169182 0.397118610143662 0.395254084467888 0.402455711364746 0.408637368679047 0.405448934435844 0.412305998802185 0.42146969139576 0.430154576897621
0.33468257188797 0.333666115999222 0.322193296253681 0.3267568141222 0.319532181322575 0.319492852687836 0.323931103944778 0.331543298065662 0.217051181197166 0.34182805866003 0.356316018104553 0.371177780628204 0.395012384653091 0.390316939353943 0.3834701359272 0.362993597984314 0.34378404468298 0.388948813080788 0.40827619433403 0.425289079546928 0.435856103897095 0.418171402812004 0.416782799363136 0.422718891501427 0.413056597113609 0.422718366980553 0.416086256504059 0.414274135231972 0.418573841452599 0.415527141094208 0.409545958042145 0.412170097231865 0.421385806798935 0.410463565587997 0.397477698326111 0.39032070338726 0.38807444870472 0.389471188187599 0.394820716977119 0.396364513039589 0.4032610476017 0.405795028805733 0.405660790205002 0.415202856063843 0.415458607673645 0.413828030228615 0.423449742794037
0.335290455818176 0.327468892931938 0.328198586404324 0.331304052472115 0.333443930745125 0.335220469534397 0.332912281155586 0.332786019146442 0.334171769022942 0.349391154944897 0.370552378892899 0.387847045063972 0.395362028479576 0.395745927095413 0.390357902646065 0.378718900680542 0.359544801712036 0.376071560382843 0.399079337716103 0.42958672940731 0.442820829153061 0.431058093905449 0.424286702275276 0.433664384484291 0.425434198975563 0.436052614450455 0.433512011170387 0.436893039941788 0.427619323134422 0.410427239537239 0.414260765910149 0.418074831366539 0.412458086013794 0.400165784358978 0.391905921697617 0.385002595186234 0.386276191473007 0.389202871918678 0.399432018399239 0.403609019517899 0.41579661667347 0.414890259504318 0.414716693758965 0.433451384305954 0.44177437722683 0.42898014485836 0.424629929661751
0.333339487016201 0.330201104283333 0.3323327049613 0.346159814298153 0.341160324215889 0.338125310838223 0.337268649041653 0.33227312117815 0.337065790593624 0.361001253128052 0.383992373943329 0.390297475457191 0.380556753277779 0.37885325551033 0.382666876912117 0.386621370911598 0.36995792388916 0.372062987089157 0.399570831656456 0.430678504705429 0.435083073377609 0.435052075982094 0.441541308164597 0.445664304494858 0.428865864872932 0.440689897537231 0.436240828037262 0.426686188578606 0.420427915453911 0.416154676675797 0.417918145656586 0.410055032372475 0.406706783175468 0.399354368448257 0.399827188253403 0.387625300884247 0.387867134809494 0.396693697571754 0.394918429851532 0.40644568502903 0.426241615414619 0.419407537579536 0.417589893937111 0.436104407906532 0.449796351790428 0.435783308744431 0.435491934418678
0.332826587557793 0.328509424626827 0.333220985531807 0.337807737290859 0.336224591732025 0.332231436669827 0.33761432915926 0.346101793646812 0.354521170258522 0.363309082388878 0.367120838165283 0.370099580287933 0.380947282910347 0.370635452866554 0.366857704520226 0.386764121055603 0.372549298405647 0.382341256737709 0.396963903307915 0.418781790137291 0.427541664242744 0.432864427566528 0.442380449175835 0.417247459292412 0.419119238853455 0.418879550695419 0.416863837838173 0.430685213208199 0.419622501730919 0.400998118519783 0.393476051092148 0.397172948718071 0.400306698679924 0.400713732838631 0.397135812044144 0.381811255216599 0.388121658563614 0.39878603219986 0.405135443806648 0.410812360048294 0.420992344617844 0.429196745157242 0.422147935628891 0.427920061349869 0.429166993498802 0.447311747074127 0.441010531783104
0.337639328837395 0.340290458500385 0.341318674385548 0.332060791552067 0.336533851921558 0.339278027415276 0.346811111271381 0.355223193764687 0.360767942667007 0.362038168311119 0.365310823917389 0.363044273853302 0.35853266119957 0.356998544931412 0.358571287989616 0.383205369114876 0.375882431864738 0.376434308290482 0.39985354244709 0.420824831724167 0.444555082917213 0.442924681305885 0.425514766573906 0.408261796832085 0.417806667089462 0.415258160233498 0.398288843035698 0.401190420985222 0.414369380474091 0.401734706759453 0.388743856549263 0.399515002965927 0.396210193634033 0.396350312232971 0.395168128609657 0.396571990847588 0.390591597557068 0.395862409472466 0.405563804507256 0.40298587679863 0.403041651844978 0.410231396555901 0.399540063738823 0.409556236863136 0.451669442653656 0.474552220106125 0.455538153648376
0.236643554270267 0.342807464301586 0.342678490281105 0.338981886208057 0.347531266510487 0.353956605494022 0.352666932344437 0.35669022500515 0.35877965092659 0.353673216700554 0.358252513408661 0.364641925692558 0.363435024023056 0.358282154798508 0.358108016848564 0.366305777430534 0.388542684912682 0.391746577620506 0.38849161863327 0.41338472366333 0.428494098782539 0.435998877882957 0.432027289271355 0.420788216590881 0.411562645435333 0.415421172976494 0.404485046863556 0.389557048678398 0.393426007032394 0.398293596506119 0.38532899916172 0.382954451441765 0.381219443678856 0.380386421084404 0.386609408259392 0.397012412548065 0.389690986275673 0.39821862578392 0.402537998557091 0.386048975586891 0.386130556464195 0.395158475637436 0.385607415437698 0.414967682957649 0.437097683548927 0.449588221311569 0.468484118580818
0.337068939208984 0.33998464345932 0.355121125280857 0.346250052750111 0.352300344407558 0.351907521486282 0.358043301105499 0.359902426600456 0.354608379304409 0.355638134479523 0.359593579173088 0.362915706634521 0.364116376638412 0.360842415690422 0.362786763906479 0.362775182723999 0.373152467608452 0.391334262490273 0.396412092447281 0.415867096185684 0.431270512938499 0.450749203562737 0.43939448595047 0.419540697336197 0.397962379455566 0.404128828644753 0.406469079852104 0.398098394274712 0.379718986153603 0.385042464733124 0.393033811450005 0.378977599740028 0.136004317551851 0.382951134443283 0.382604542374611 0.38124078810215 0.379821991920471 0.393667486310005 0.398599019646645 0.382442629337311 0.382216092944145 0.383258739113808 0.383588859438896 0.404545825719833 0.429287019371986 0.442350581288338 0.430035105347633
0.342587980628014 0.346740159392357 0.347995944321156 0.35184093862772 0.350280658900738 0.352085058391094 0.360355848073959 0.361838084459305 0.351808416843414 0.354541102051735 0.359013786911964 0.360658034682274 0.365254208445549 0.361925742030144 0.364695620536804 0.370971205830574 0.383957400918007 0.401704135537148 0.408582252264023 0.421409150958061 0.44203280210495 0.461916950345039 0.430429747700691 0.40952031314373 0.393138948082924 0.384312808513641 0.394880440831184 0.395217871665955 0.378294572234154 0.37881608903408 0.378721955418587 0.353016576170921 0.378172010183334 0.381112268567085 0.375424900650978 0.36873491704464 0.368431949615479 0.374318841099739 0.379332235455513 0.381127122044563 0.375848841667175 0.382330095767975 0.377980384230614 0.388533622026443 0.401078045368195 0.410337117314339 0.403272661566734
0.0759606223553419 0.34868461638689 0.357401357591152 0.353435108065605 0.352007964253426 0.354108209908009 0.356327600777149 0.359991517663002 0.360849496722221 0.361826753616333 0.361592730879784 0.364984095096588 0.367338779568672 0.367177993059158 0.375008508563042 0.382118332386017 0.407701730728149 0.428848725557327 0.428650242090225 0.439067199826241 0.436736735701561 0.429772481322289 0.4236691147089 0.410172164440155 0.400719621777535 0.391280913352966 0.380041843652725 0.37467335164547 0.375455775856972 0.378451532125473 0.377762889862061 0.387484586238861 0.388652434945106 0.380257320404053 0.376546886563301 0.368939647078514 0.367239415645599 0.367986872792244 0.364925393462181 0.36623829305172 0.37192490696907 0.390062791109085 0.40250723361969 0.413042002916336 0.39927571117878 0.396723565459251 0.40181283056736
0.0539852255955338 0.166638725996017 0.345499247312546 0.291145794093609 0.359331119060516 0.362171991169453 0.35982995480299 0.356547738611698 0.357978788018227 0.361539342999458 0.36578656733036 0.368773764371872 0.371716570854187 0.375763684511185 0.385771805047989 0.395728653669357 0.419721436500549 0.44616779088974 0.449729946255684 0.448348885774612 0.432210582494736 0.419592303037643 0.414794915914536 0.401253464818001 0.383567026257515 0.389130035042763 0.372434329986572 0.363713690638542 0.379540890455246 0.386484712362289 0.379108545184135 0.390110552310944 0.383204436302185 0.372818002104759 0.371366155147553 0.369973176717758 0.360096916556358 0.359154251217842 0.355581855773926 0.363256880640984 0.386718347668648 0.391406789422035 0.39794117808342 0.410789501667023 0.424768424034119 0.412378057837486 0.398204219341278
0.0604105366393924 0.364042711257935 0.367285841703415 0.365731820464134 0.365038946270943 0.366107243299484 0.369057112932205 0.364647594094276 0.36890709400177 0.368763142824173 0.369987404346466 0.374622187018394 0.379714885354042 0.388701766729355 0.396882095932961 0.408247175812721 0.432795929908752 0.43957761824131 0.443910631537437 0.441754555702209 0.429008606076241 0.412132892012596 0.391390287876129 0.389602786302567 0.370955574512482 0.353679543733597 0.358917546272278 0.371338015794754 0.373229056596756 0.365402448177338 0.365946587920189 0.364894506335258 0.366221207380295 0.368324288725853 0.364671438932419 0.355360046029091 0.354409793019295 0.359632295370102 0.365940362215042 0.379410973191261 0.400518497824669 0.409515383839607 0.416300332546234 0.420589831471443 0.414635682106018 0.42907135784626 0.412119817733765
0.361514610052109 0.364685574173927 0.370061513781548 0.373186060786247 0.372652566432953 0.37003256380558 0.370589175820351 0.369188165664673 0.373391303420067 0.381096965074539 0.382632374763489 0.390441462397575 0.393491318821907 0.396722546219826 0.401104497909546 0.411245250701904 0.425124952197075 0.429998403787613 0.433219894766808 0.44546936750412 0.42684850692749 0.396948605775833 0.374680843949318 0.37582643032074 0.363392931222916 0.35153341293335 0.36606704890728 0.365845572948456 0.367471334338188 0.363170981407166 0.363104230165482 0.357807564735413 0.362880039215088 0.360496756434441 0.361467108130455 0.356279537081718 0.364274847507477 0.367199683189392 0.374658206105232 0.387277534604073 0.402846392989159 0.419101396203041 0.426522269845009 0.430957624316216 0.432632866501808 0.440029802918434 0.443351030349731
0.374865171313286 0.380146479606628 0.381084224581718 0.384643724560738 0.380506151914597 0.375091326236725 0.376444226503372 0.372237458825111 0.376767545938492 0.386883422732353 0.391794285178184 0.396221604943275 0.395716360211372 0.401314234733582 0.407863292098045 0.408307328820229 0.416530722379684 0.43210860490799 0.443687373399735 0.443442577123642 0.425971865653992 0.396594986319542 0.37955296933651 0.364949518442154 0.3709083288908 0.358019149303436 0.337831857800484 0.35561990737915 0.356425577402115 0.36214542388916 0.278087323904037 0.365153828263283 0.361392682790756 0.360822150111198 0.357683849334717 0.363117542862892 0.371118170022964 0.373464080691338 0.379866737127304 0.387990272045135 0.402833631634712 0.419068515300751 0.428254264593124 0.433492040634155 0.441565564274788 0.440000110864639 0.446712028980255
0.381107419729233 0.384911340475082 0.389260593056679 0.39156077504158 0.388604453206062 0.382048064470291 0.380777376890182 0.380535590648651 0.386915358901024 0.394746413826942 0.399732333421707 0.397897374629974 0.404512220621109 0.404858511686325 0.411998572945595 0.412701085209846 0.417437434196472 0.423132863640785 0.428704115748405 0.432348465919495 0.424284940958023 0.394045892357826 0.378588858246803 0.376189061999321 0.361737829446793 0.36122755408287 0.357669568061829 0.356943893432617 0.354593348503113 0.353846815228462 0.356656780838966 0.363048082590103 0.362646198272705 0.359891772270203 0.365664550662041 0.371211460232735 0.37918715775013 0.387393000721931 0.391724798083305 0.395432084798813 0.403649541735649 0.412119451165199 0.421469783782959 0.430671381950378 0.440578752756119 0.431969192624092 0.442193990945816
0.392217847704887 0.392764928936958 0.38951650261879 0.395939341187477 0.396484318375587 0.390357103943825 0.385411530733109 0.386112260818481 0.392628797888756 0.398327672481537 0.397814667224884 0.398768845200539 0.405742192268372 0.408296808600426 0.411392277479172 0.413722708821297 0.418592664599419 0.426575285196304 0.426203191280365 0.411560288071632 0.399148073792458 0.386153250932693 0.373563721776009 0.370506775379181 0.36371742784977 0.364595749974251 0.361511126160622 0.362300881743431 0.362625887989998 0.360566499829292 0.363564619421959 0.302703955769539 0.369765648245811 0.376188004016876 0.38045919239521 0.37956168949604 0.382024598121643 0.390007534623146 0.397149109840393 0.40300432741642 0.402662354707718 0.408240878582001 0.416659313440323 0.424986526370049 0.423998507857323 0.428107544779778 0.436227545142174
0.397397467494011 0.391481006145477 0.39409559071064 0.395838415622711 0.399478313326836 0.401079493761063 0.400756826996803 0.399810525774956 0.405408692359924 0.404812172055244 0.400893783569336 0.409817665815353 0.406433072686195 0.408553141355515 0.414305639266968 0.415319168567657 0.417175137996674 0.418913978338242 0.41730220913887 0.405532306432724 0.38836350440979 0.385596990585327 0.384307044744492 0.383738479018211 0.381071469187736 0.377667957544327 0.370400235056877 0.364907523989677 0.367303985357285 0.36944899559021 0.369683906435966 0.348566158115864 0.377952989935875 0.379593229293823 0.386136907339096 0.390235501527786 0.387871101498604 0.394264644384384 0.398940053582191 0.401923757791519 0.40666409432888 0.409048628807068 0.418837314844131 0.427033895254135 0.432904708385468 0.434475266933441 0.43801931142807
0.398939356207848 0.404487335681915 0.410944056510925 0.408656859397888 0.407079538702965 0.236987699568272 0.381025591492653 0.144641864299774 0.419403904676437 0.417172122001648 0.41263664662838 0.409880429506302 0.412682875990868 0.41669305562973 0.41503250002861 0.412807986140251 0.41215777695179 0.413328889012337 0.41314580142498 0.402342221140861 0.395360285043716 0.390196362137795 0.391445752978325 0.386240378022194 0.389648720622063 0.383908659219742 0.378502371907234 0.378746357560158 0.375192397832871 0.377548679709435 0.379237750172615 0.380386793613434 0.389102655649185 0.39489426612854 0.399517351388931 0.398079463839531 0.394955444335937 0.402062141895294 0.408863693475723 0.410919237136841 0.414730402827263 0.418585824966431 0.424826776981354 0.434208422899246 0.44167994260788 0.44276302754879 0.437873667478561
0.405880254507065 0.409185150265694 0.408239620923996 0.386352869868278 0.280256862938404 0.168424839526415 0.122679398581386 0.227466280758381 0.415695768594742 0.425353592634201 0.0817014455795288 0.425733712315559 0.422950857877731 0.422378632426262 0.419221556186676 0.419364061951637 0.420918241143227 0.421266967058182 0.415605074167252 0.412325781583786 0.408931565284729 0.401844254136085 0.394848132133484 0.395866495370865 0.397983285784721 0.395315912365913 0.385471168160439 0.388575538992882 0.385413214564323 0.386954092979431 0.394750303030014 0.398513194918633 0.405143660306931 0.406799936294556 0.415621921420097 0.411031544208527 0.407279062271118 0.412613150477409 0.422142595052719 0.424186167120934 0.436197507381439 0.430388095974922 0.430632004141808 0.433737352490425 0.434989070892334 0.436019212007523 0.432965418696403
0.415284740924835 0.41647866666317 0.420566207170486 0.421474567055702 0.419922894239426 0.373430618643761 0.421579965949059 0.415398332476616 0.41749127805233 0.330310472846031 0.316165634989738 0.438822329044342 0.434301936626434 0.430188205838203 0.426962289214134 0.422792959213257 0.426896333694458 0.426242628693581 0.424126201868057 0.422076880931854 0.414350900053978 0.408842805027962 0.406685650348663 0.385622110962868 0.406579387187958 0.395802941918373 0.401357552409172 0.407161489129066 0.40290621817112 0.40220003426075 0.407302603125572 0.413653033971786 0.4241709202528 0.415164035558701 0.412889856100082 0.415331417322159 0.418590173125267 0.424817702174187 0.431406450271606 0.434932723641396 0.442600294947624 0.444924947619438 0.443100926280022 0.440949115157127 0.441684660315514 0.4320929646492 0.425935009121895
0.427646580338478 0.42491606771946 0.429986548423767 0.432350182533264 0.428625378012657 0.431899029016495 0.427866595983505 0.328440324962139 0.0495337607339025 0.000323444453897537 0.0348780098371208 0.227912403643131 0.318893226981163 0.427108058333397 0.431045013666153 0.43162467777729 0.435184997320175 0.432455477118492 0.427382263541222 0.421249946951866 0.418190878629684 0.419668146967888 0.425605475902557 0.424810162186623 0.418594166636467 0.409614238142967 0.417840245366096 0.420675051212311 0.412090829014778 0.411472618579865 0.416585341095924 0.419041088223457 0.424914637207985 0.428457060456276 0.430344173312187 0.427431192994118 0.435601386427879 0.434881404042244 0.43977270424366 0.444312679767609 0.448852670192719 0.443510586023331 0.446679690480232 0.447119918465614 0.444963955879211 0.430878281593323 0.424376577138901
