Scripts_&_data/Maxent_result_files_2/B_sulfureus_3.asc
NCOLS 594 
NROWS 330 
XLLCORNER -15 
YLLCORNER 23 
CELLSIZE 0.166666666666667 
NODATA_value -9999 
[rows 294 to 314 of 330, columns 423 to 469 of 594]
3.14855864491648e-08 1.74514554601046e-05 2.23729043069554e-09 0.00467976164072752 3.57303158125433e-05 0.000258206421858631 3.50364690593352e-09 0.00395911512896419 9.55210396114126e-07 4.83283799646017e-08 9.76959957377233e-11 4.81924598894068e-08 5.57332406003752e-08 0.000191748837096384 5.22904127137735e-05 8.09989139725076e-06 3.08468806053952e-12 3.05011571555269e-13 7.73843211732128e-12 9.68686797442331e-11 2.82374124083162e-13 1.32294175614334e-13 1.06881170580664e-13 1.04027897407377e-13 9.91429160990265e-14 9.5501384578256e-14 9.28479515494018e-14 1.19915188889763e-13 1.20403687020598e-13 1.17883480754699e-13 1.27597932220169e-13 1.31916699785961e-13 1.3301582058034e-13 1.26898491714655e-13 1.06670228205985e-13 8.75410854916936e-14 8.72635297355373e-14 9.7843955160215e-14 1.0493828028757e-13 1.04183328630825e-13 1.07847064612088e-13 1.09356967925578e-13 1.05404573957912e-13 1.00364161426114e-13 9.37139255086095e-14 9.58344514856435e-14 9.89208714941014e-14
3.01708547034707e-11 3.22062843061133e-10 1.58270504480029e-09 2.6215567494603e-10 1.05663714577986e-06 0.00600217836908996 0.0258551126345992 0.0373165853321552 0.0578926149755716 1.62595875963234e-07 1.49025496387623e-08 1.67223901392788e-11 2.01993977100301e-13 3.58489904428438e-12 0.000383613551093731 0.00482804849743843 1.03673904959578e-05 6.00814986650988e-09 1.74382730477873e-13 1.2516654379624e-13 5.94080340476921e-13 5.50770540286294e-13 1.07736042309625e-13 1.07480691013961e-13 1.01274544306307e-13 9.65783009121424e-14 9.2326146727828e-14 1.25921495452985e-13 1.4139800441626e-13 1.20359278099613e-13 1.26521015886283e-13 1.40987221897149e-13 2.6022517474189e-12 3.48961970431105e-12 2.3232527013306e-13 1.23467902568564e-13 9.24815779512755e-14 9.20818976624105e-14 9.96758231508465e-14 1.01707531285911e-13 1.07946984684304e-13 1.06481490291799e-13 1.00541797110054e-13 9.3958174574027e-14 9.26037024839843e-14 9.54347711967785e-14 9.72000258059325e-14
8.81784038009314e-09 2.09996148248237e-09 1.07485020883757e-11 2.69863809077009e-09 1.52503284027716e-06 6.44970953089796e-08 2.44486312972469e-08 9.92888537439285e-05 0.0026176048326306 6.25356222361262e-10 1.37878597428198e-13 1.95247262801956e-11 6.28808116687196e-12 3.41087542210516e-06 1.04513186993671e-10 0.000192711361887632 0.0277161631733179 2.22415324628855e-06 2.76534350973634e-13 1.25477406243135e-13 1.41653355711924e-13 8.18967116344993e-13 1.14896980818457e-13 1.13042908367333e-13 1.06259445686874e-13 9.91429160990265e-14 9.33031429894982e-14 9.45243883165858e-14 1.32083233239655e-13 1.16995302334999e-13 1.21580523426701e-13 2.71715983046761e-13 1.94662322705597e-08 3.59125563591078e-05 3.39198694687681e-09 1.17528209386819e-13 9.83657599817889e-14 8.96505092384814e-14 9.32032229172819e-14 1.0316192344817e-13 1.07280850869529e-13 1.07147624106574e-13 1.04727337912891e-13 1.00941477398919e-13 9.80104886139088e-14 9.67670388263286e-14 9.2192919964873e-14
1.51336112423905e-06 2.33883491240761e-08 5.59564186630723e-07 1.93252902569441e-10 5.31767585520981e-10 1.78374681691906e-10 6.11509619607986e-09 4.4032267831895e-10 1.43931587759383e-09 7.44828643206574e-12 3.05477865225612e-13 1.30839783452075e-13 3.31001892561744e-13 1.2546995953322e-08 2.8617116996088e-07 1.75554903947273e-11 2.0903269523842e-05 0.058798948302865 0.00459540524752811 5.43964873145342e-13 1.42199585440039e-12 7.64616259196771e-11 2.96429547574917e-13 1.14952491969689e-13 1.07358566481253e-13 1.01751940206896e-13 9.87210313496689e-14 9.25814980234918e-14 1.79198877958697e-12 1.76392234152445e-13 1.67976743625786e-13 1.22046817097043e-13 1.28319577186176e-13 1.75826020409886e-13 1.18760556944153e-13 1.12443387934036e-13 1.89481763612775e-13 1.24644738974666e-13 9.5545793499241e-14 9.86766224286839e-14 1.05504494030129e-13 1.11044506923008e-13 1.11366471600149e-13 1.07802655691103e-13 1.05693231944315e-13 9.59565760183523e-14 9.2414964569798e-14
1.63846972043302e-06 6.45037010471583e-09 1.389261250484e-09 2.48646325751167e-11 2.10724770965953e-12 7.2906858328281e-11 4.93778865973127e-07 2.23626450690517e-11 3.88984018400151e-06 9.21098008976884e-10 2.09576800358491e-12 8.98227048296008e-12 1.71709235718964e-10 5.06494846064243e-13 5.09592368302947e-13 1.34869893031464e-13 2.95821145357422e-12 3.98860798668466e-05 6.80870317637528e-07 7.771774122034e-08 1.90625809537437e-07 1.5517176962021e-06 8.48625727911667e-08 3.83204579179619e-13 1.5044743228998e-12 1.06492592522045e-13 1.60593760512029e-13 1.54577461941585e-11 2.31873409362038e-12 1.40587541608284e-13 7.71993580173103e-13 2.1529444893531e-13 1.13831166714817e-13 1.54387613804374e-13 3.49253959086582e-13 1.15640830244956e-13 1.37745370665243e-13 3.88278298402156e-13 2.74436029457092e-13 1.09523501379272e-13 1.08213438210214e-13 1.13309361893243e-13 1.11222142606948e-13 1.10333964187248e-13 1.07114317415835e-13 9.72111280361787e-14 8.98614516131602e-14
1.85041981737299e-12 8.17690359866674e-13 2.59488052156698e-09 1.88819633990533e-06 3.83327836139813e-10 1.82995840702915e-12 1.11039334393936e-09 6.56493082118459e-11 1.8259174838775e-09 3.11783932005483e-13 4.10457620780846e-08 3.52661544411603e-10 1.06045838776936e-11 1.49646961489225e-13 6.47260023356466e-13 1.37256872534408e-13 1.3855583347322e-13 1.37978517500414e-13 1.33937305690779e-13 6.23181506398396e-12 5.36837669073975e-07 1.73425373262148e-07 3.99845241361163e-09 1.47489260598377e-05 2.96781973441185e-09 3.657874003693e-12 6.86191103937972e-12 5.10931027264405e-08 8.63613625057269e-12 2.37304956129947e-08 1.26731958260962e-13 9.08761954576676e-13 1.15440990100524e-13 1.15774057007911e-13 1.14686038443779e-13 1.17095222407215e-13 1.32349686765565e-13 1.49169565588636e-13 1.31983313167439e-13 1.38222766565832e-13 1.19193543923757e-13 1.23911991778414e-13 1.13020703906841e-13 1.10400577568726e-13 1.07591713316424e-13 1.01607611213694e-13 1.00874864017442e-13
1.50635059981141e-13 2.15493178856718e-12 3.02106917260403e-10 6.09900538961483e-08 2.07824437893578e-05 3.43118730370406e-06 2.24127371772909e-08 1.91176408037563e-11 4.2366110619696e-13 1.36657352101111e-13 9.65429958199593e-12 8.189449118845e-13 1.05226727331598e-10 7.67608476781589e-10 4.47375470002953e-13 3.12432302251864e-12 1.77416970004174e-12 1.49591450337994e-13 1.39754874339815e-13 1.51045842500253e-13 1.70256131415414e-10 1.33218650262279e-05 1.0147625211232e-07 5.87943938512581e-07 3.52106503669347e-06 2.8534280409076e-05 1.55725299322285e-10 3.6869717234822e-08 4.8175574640652e-12 1.58592426657833e-07 1.44298906157303e-11 1.89215310086865e-13 1.30284671939762e-13 1.36113342819044e-13 1.26343380202343e-13 1.29685151506465e-13 1.29041222152182e-13 1.34925404182695e-13 1.36968214548006e-13 1.43318690248861e-13 1.94677607368021e-13 1.35613742457963e-13 1.18838272555877e-13 1.15174536574614e-13 1.13475895346937e-13 1.06703534896724e-13 1.00841557326703e-13
1.51048618057814e-11 1.1155854018341e-12 2.19798956813122e-11 4.11644940356837e-11 3.26978444320503e-12 7.01335722830265e-10 2.95998428327948e-06 2.33227326340568e-11 8.15546519206123e-12 2.25897078820481e-13 1.14079856672333e-12 3.16513482090386e-13 9.88975568105843e-13 2.10736713768256e-07 5.30708810231317e-13 2.63046029402858e-11 2.00295335872624e-13 1.4791501357081e-13 3.30505622869737e-12 1.37201361383177e-13 2.99771318879039e-13 2.58026933153133e-13 1.64392721657691e-11 1.17340581695657e-12 7.79243336523905e-13 2.08977279925193e-13 1.4844792062263e-13 2.18014495345642e-13 1.03239639059893e-13 1.11655129586552e-13 1.98696614717164e-13 1.2623235789988e-13 5.11246600609638e-13 7.38109573461543e-13 1.73806598002813e-09 1.31894495325469e-13 1.34636746196293e-13 1.2972956042745e-13 1.30118138486068e-13 1.51767487466259e-13 1.37478917139333e-13 1.27009514017118e-13 1.23501209259302e-13 1.23689947173489e-13 1.23467902568564e-13 1.17572618307804e-13 1.09534603609518e-13
5.2465942701474e-11 4.6922798979665e-12 1.85118587125999e-13 1.77269310341899e-13 3.08997272213674e-13 1.50491215045179e-09 1.16099698388439e-07 2.72709878146316e-07 3.02990521561242e-11 7.03346614727707e-08 4.89667846270692e-09 1.31035071682106e-11 1.30567778811042e-12 6.241099690385e-08 1.26374466447032e-12 1.85751414250035e-13 1.50202073001537e-13 1.4042100815459e-13 1.4486190025309e-13 1.43252076867384e-13 1.64224189802553e-13 1.389111048411e-13 3.07087688611318e-13 1.56186175104267e-13 1.20270460257643e-13 1.18338672194795e-13 1.16096021685053e-13 1.04838360215354e-13 1.06592512594261e-13 1.07902575763319e-13 1.03272945750632e-13 1.56086255032051e-13 1.96198612911758e-13 1.64235292032799e-13 4.66382488184536e-12 2.74220512963552e-10 1.29429800210801e-13 1.24267263146294e-13 1.33915101230286e-13 1.35302880011068e-13 1.41187062041581e-13 1.56064050571558e-13 1.23234755733392e-13 2.03148609045911e-13 1.27442500996722e-13 1.24134036383339e-13 1.19870779968778e-13
1.93423055350195e-13 1.65756297576536e-13 3.36841665671272e-13 1.0219802781819e-11 4.15628108596522e-09 3.07109893071811e-13 1.82855952601813e-12 4.99456032088119e-13 1.33304034477533e-10 6.55289358775235e-08 4.88127625430934e-05 3.91886521455831e-08 6.95234854575233e-08 9.0338847513749e-13 6.44195807808501e-13 2.24142926441573e-13 1.75626180265454e-13 1.47482026591206e-13 1.54287693732158e-13 1.51367807177394e-13 1.46538337020274e-13 1.42152956073005e-13 1.3230527784458e-13 2.00195415800408e-13 4.85333995214887e-13 1.17794662912729e-13 1.42497125210639e-13 1.10156328503308e-13 1.12121423256895e-13 1.10100817352077e-13 1.05482289569636e-13 3.95095067773354e-13 1.22180043859998e-13 1.33337785257481e-13 1.33937305690779e-13 2.25712781798393e-10 3.69027031155156e-13 2.15361062316788e-13 1.31139543668723e-13 1.35580435767224e-13 2.7556845694221e-13 3.11284331644401e-13 1.3248291352852e-13 1.29196653375629e-13 1.30029320644098e-13 1.28330679416422e-13 1.23789867245705e-13
1.95909954925355e-13 2.84516854520689e-13 2.21567209024442e-13 5.06727992899414e-13 2.88287504979223e-11 1.82219572764097e-11 4.42890168983467e-13 2.61579646831933e-13 8.7674645321556e-12 1.24282385272068e-08 1.67597080658055e-09 8.37602755154876e-07 8.83824924358123e-08 1.21311846257299e-07 4.91727769613703e-12 3.78030939884866e-13 2.0593526883772e-13 1.61348712168774e-13 1.52189372215616e-13 1.48470125083122e-13 1.45261580541955e-13 1.40099043477449e-13 1.3345990979019e-13 1.28796973086764e-13 1.17572618307804e-13 1.1429746038516e-13 1.13098419518565e-13 1.14330767075899e-13 1.14774856285749e-13 2.96096480667529e-13 1.17265086529983e-12 1.26284538382038e-12 1.07402975402238e-13 1.13287157432751e-13 1.36146649509783e-13 1.39488420813905e-13 3.45153128300524e-11 1.40254474700896e-13 2.12496686913255e-13 1.61815005839117e-13 1.5368817329886e-13 1.56141766183282e-13 1.32915900508124e-13 1.38089539802877e-13 1.40532030457052e-13 1.38156153184354e-13 1.26731958260962e-13
1.93989269092754e-13 3.67939012591023e-13 1.31482302823116e-10 -9999 -9999 -9999 -9999 -9999 1.64462292673306e-09 6.35982599916929e-10 8.58057180863625e-11 4.75247885489694e-10 1.13235925081057e-08 0.208871844410896 3.32962268867476e-10 9.9031893796564e-13 2.52298182346067e-13 1.54887214165456e-13 1.51167967032961e-13 1.41786582474879e-13 1.3944401189292e-13 8.02102828600937e-13 1.42252876145221e-13 1.28752564165779e-13 1.25099930414763e-13 1.2658762926776e-13 1.21025411914388e-13 1.18394183346027e-13 1.15774057007911e-13 1.10778053397098e-13 1.60371715907104e-13 1.83197901293397e-13 4.64728255877844e-13 5.88646908994406e-12 1.57251989207907e-13 1.44395606582748e-13 1.40787381752716e-13 3.04700709108374e-13 1.86739512741951e-13 1.39510625274397e-13 1.34869893031464e-13 1.3035128532124e-13 1.27409194305983e-13 1.27309274233767e-13 1.27642341141154e-13 1.21991305945812e-13 1.10700337785374e-13
1.70968974799735e-07 -9999 7.45745882113624e-07 1.62304625295207e-10 -9999 -9999 -9999 -9999 -9999 3.85813603287488e-13 1.63918878470781e-12 2.87125878628558e-13 8.41382519212175e-13 1.4977000773797e-06 9.88272930158018e-09 6.54661804766477e-09 1.48775995967299e-08 4.26557940080841e-09 1.60430557727409e-11 1.67066360745594e-13 2.44158027129515e-12 1.38633549084943e-13 2.31770158620748e-13 3.09430259193277e-13 2.37869723918038e-12 1.3603562720732e-13 1.22013510406305e-13 1.153632744888e-13 1.10489395410696e-13 3.66384700356548e-13 2.00073291267699e-13 1.23588472789038e-11 2.63045141224438e-13 1.35491617925254e-13 1.43407508090831e-13 1.48969725444203e-13 1.44961820325307e-13 1.4432899320127e-13 1.47426515439975e-13 1.50357504224985e-13 1.47049039611602e-13 1.4122036873232e-13 1.45716771982052e-13 1.31428201655126e-13 1.27831079055341e-13 1.14841469667226e-13 1.06692432666478e-13
2.0346219912426e-06 4.80702033733849e-10 6.35825250228095e-09 -9999 -9999 -9999 -9999 -9999 -9999 2.9362085762763e-09 2.32291963442322e-13 1.88038473680763e-13 1.27302612895619e-12 1.16153764384563e-10 1.38455913401003e-13 3.31401572850609e-13 4.0349191765543e-10 6.06938794778245e-09 2.63758570540062e-11 8.81247919082284e-10 1.7955272602066e-09 3.06122904802919e-12 2.19753104602205e-12 1.66644475996236e-13 1.6115466738853e-10 2.39787079081566e-12 7.99892818648118e-11 5.68681657320269e-11 1.54731782942008e-13 3.59490215373626e-13 1.75748304798162e-13 1.01419095344113e-11 3.00379721096533e-12 2.52353693497298e-13 1.76869630053034e-13 1.81721304670646e-13 1.50202073001537e-13 1.66477942542542e-13 1.55986334959834e-13 1.58240087699824e-13 1.52489132432265e-13 1.46116452270917e-13 1.40543132687299e-13 1.34925404182695e-13 1.29163346684891e-13 1.18349774425042e-13 1.10400577568726e-13
-9999 -9999 -9999 -9999 -9999 -9999 -9999 -9999 -9999 7.30412331222396e-06 2.30782060128831e-13 1.98852045940612e-13 1.95343741182796e-13 5.84093107214301e-11 1.56530344241901e-13 1.61082258642864e-13 1.63857816204427e-13 1.67055258515347e-13 2.30748753438093e-13 2.25852669899496e-13 1.69839697861107e-12 6.75585143383728e-12 1.95344851405821e-12 1.56987423061139e-10 6.14782669217107e-12 1.36113342819044e-13 1.63404623165775e-11 3.19731241482657e-11 3.16335846406446e-13 1.97664107304263e-13 1.48425716162137e-13 4.19342338631168e-13 6.30429042303149e-13 1.08926201392023e-12 1.55734314333245e-12 1.82966974904275e-12 1.52200474445863e-13 1.56730184386333e-13 1.60593760512029e-13 1.6056045382129e-13 1.65001345919791e-13 1.58861812593614e-13 1.44362299892009e-13 1.37401201527609e-13 1.30018218413852e-13 1.18671739102183e-13 1.11566311744582e-13
-9999 -9999 -9999 -9999 -9999 -9999 -9999 -9999 -9999 4.93514981769749e-07 2.66353605837821e-13 2.10043094028833e-13 1.6849854844736e-13 3.95217192306063e-13 1.67688085639384e-13 1.69086966650411e-13 1.55331303375306e-13 1.62969637784727e-13 1.65145674912992e-13 1.6233681066069e-13 1.62581059726108e-13 1.5967227540159e-13 1.57129864675198e-13 1.54953827546933e-13 1.50834900125574e-13 1.4906964551642e-13 6.95976609677018e-13 2.1422863483167e-13 2.06579198192003e-13 1.53177470707533e-13 1.28097532581251e-12 1.6959322834964e-12 1.12635456517296e-12 1.47810053086062e-10 1.79045667181299e-13 1.77513559407316e-13 1.79178893944254e-13 1.76947345664757e-13 1.79467551930657e-13 1.79911641140507e-13 1.8375301280571e-13 1.60171875762671e-13 1.46260781264118e-13 1.41964218158819e-13 1.39233069518241e-13 1.33593136553145e-13 1.28319577186176e-13
-9999 -9999 -9999 -9999 -9999 -9999 -9999 -9999 -9999 -9999 2.09817718754834e-12 2.42650344262074e-13 1.77813319623965e-13 1.94866345282207e-13 1.83952852950142e-13 1.84163795324821e-13 1.69531055860261e-13 1.73028258387831e-13 1.63080660087189e-13 1.64079860809352e-13 1.65401026208656e-13 1.6725509865978e-13 1.64468438867971e-13 1.5780710072022e-13 1.54909418625948e-13 1.52200474445863e-13 1.54387613804374e-13 1.54209978120434e-13 2.55206966670585e-13 1.60271795834888e-13 1.6162626792493e-13 3.10285130922239e-13 1.58051349785637e-13 1.56508139781408e-13 1.69131375571396e-13 1.84952053672305e-13 1.90336635341737e-13 1.86628490439489e-13 1.96564986509884e-13 1.94722016289006e-13 1.83153492372412e-13 1.63014046705712e-13 1.48203671557212e-13 1.35658151378948e-13 1.3203882431867e-13 2.12951878353351e-13 1.31394894964387e-13
-9999 -9999 -9999 -9999 1.18935972182044e-12 -9999 -9999 -9999 -9999 -9999 3.61301399909308e-10 2.63156163526901e-13 2.27950991416037e-13 2.31126229266465e-13 2.28117524869731e-13 1.89381843540559e-13 1.77169390269682e-13 1.84474657771716e-13 1.88971061021448e-13 1.82132087189757e-13 1.80644388336759e-13 1.76869630053034e-13 1.73350223064972e-13 1.71618275146557e-13 1.67887925783816e-13 1.60760293965723e-13 1.53588253226644e-13 1.5404344466674e-13 1.6224799281872e-13 1.66822111680176e-13 1.70352620898484e-13 1.86983761807369e-13 1.82143189420003e-13 1.7945644970041e-13 1.83386639207583e-13 2.05468975167378e-13 1.9426682484891e-13 2.32525110277493e-13 1.85429449572894e-13 1.86051174466684e-13 2.19990692329475e-13 7.62279128707632e-13 1.68964842117703e-13 6.47004672060802e-13 2.53053134002812e-13 2.8590463330147e-12 1.59061652738046e-13
-9999 -9999 -9999 1.31821704663082e-09 7.97195642832094e-13 -9999 -9999 -9999 -9999 -9999 -9999 2.84472445599704e-13 2.59325894091944e-13 2.47879494708059e-13 2.44215758726796e-13 2.54263277099653e-13 2.21234142117055e-13 2.20667928374496e-13 2.07012185171607e-13 1.98752125868396e-13 1.94833038591469e-13 1.88793425337508e-13 1.85063075974767e-13 1.79822823298537e-13 1.75925940482102e-13 1.756372824957e-13 1.7063017665464e-13 1.68731695282531e-13 1.75892633791364e-13 1.80766512869468e-13 1.72917236085368e-13 1.75881531561117e-13 1.77091674657959e-13 1.8766099785239e-13 1.92001969878675e-13 1.9604318168831e-13 1.97974969751158e-13 1.84419146620485e-13 1.91535676208332e-13 1.94877447512454e-13 1.89404048001052e-13 1.79056769411545e-13 1.70308211977499e-13 1.69619873702231e-13 1.5736301151037e-13 1.97708516225248e-13 1.73361325295218e-13
-9999 -9999 1.08862425030054e-07 5.70976599334472e-13 3.43224721977009e-09 -9999 -9999 -9999 -9999 -9999 -9999 -9999 -9999 1.2902094503886e-08 4.4751014005584e-11 2.73869815714534e-13 2.63966626334877e-13 2.64488431156451e-13 2.54207765948422e-13 2.38697950294409e-13 2.19479989738147e-13 2.06745731645697e-13 2.0113910537134e-13 1.98108196514113e-13 1.92812432686651e-13 1.88116189292487e-13 1.88959958791202e-13 1.9275692153542e-13 1.88571380732583e-13 1.99029681624552e-13 1.99529281985633e-13 1.97863947448695e-13 2.04025685235365e-13 2.0620172236363e-13 2.105871033109e-13 3.11184411572185e-13 2.02871053289755e-13 1.99995575655976e-13 2.00184313570162e-13 1.98641103565933e-13 1.91768823043503e-13 1.78845827036866e-13 1.66966440673377e-13 1.63657976059994e-13 1.60582658281783e-13 1.6610046671417e-13 1.72517555796503e-13
-9999 4.59239313244097e-12 2.18055573597553e-12 2.28728147533275e-13 2.30378503829343e-08 -9999 -9999 -9999 -9999 -9999 -9999 -9999 -9999 -9999 -9999 -9999 -9999 -9999 -9999 1.28296118440119e-07 1.01446517852821e-11 2.52797782707148e-13 8.95972185332994e-13 6.2639893272376e-13 2.32991403947835e-13 2.28694840842536e-13 2.30504504372675e-13 3.37063710276198e-13 2.39064323892535e-13 2.48090437082737e-13 2.5818236437658e-13 2.45059528225511e-13 2.29860575018392e-13 2.31126229266465e-13 2.23376872554581e-13 2.27040608535845e-13 2.32880381645373e-13 2.31470398404099e-13 2.19357865205438e-13 2.15982787210578e-13 2.09721129351692e-13 2.08866257622731e-13 1.97364347087614e-13 1.94666505137775e-13 1.93622895494627e-13 1.9373391779709e-13 1.88482562890613e-13
