Scripts_&_data/Maxent_result_files_2/B_sulfureus_2.asc
NCOLS 594 
NROWS 330 
XLLCORNER -15 
YLLCORNER 23 
CELLSIZE 0.166666666666667 
NODATA_value -9999 
[rows 42 to 62 of 330, columns 470 to 516 of 594]
-9999 -9999 -9999 -9999 -9999 -9999 -9999 -9999 -9999 -9999 -9999 -9999 -9999 -9999 -9999 -9999 -9999 -9999 -9999 -9999 0.193399966135621 0.122708200709894 0.0472661122243153 0.0551093871414196 0.0581483070913237 0.0596936089976225 0.0192347850041187 0.0122173087815554 0.0132770053074637 0.0114329828053769 0.0110824863198332 0.0107122572726666 0.0105228437826781 0.010369220151415 0.0102926833112861 0.0106729953781041 0.0100504508306358 0.0100591090921853 0.0156864336269791 0.0249839753050765 0.0259338385345472 0.0155213018817449 0.020747933012899 0.018114713637442 0.0118259574085641 0.0158089455130721 0.013285253020058
-9999 -9999 -9999 -9999 -9999 -9999 -9999 -9999 -9999 -9999 -9999 -9999 -9999 -9999 -9999 -9999 -9999 -9999 -9999 -9999 -9999 -9999 -9999 -9999 0.509626185894012 0.0696509349974804 0.0313305606636277 0.0220837846678478 0.0115596024348633 0.0115447924098362 0.0114801631191085 0.0108398324929112 0.0110661928593572 0.0105529608078314 0.0102018112416999 0.0100464918051102 0.0107617750452164 0.0142343547320706 0.0102013104248726 0.0123048671405286 0.012395762956703 0.016464718079169 0.0129001802666608 0.0159316408712584 0.0126860715875409 0.0106865563455358 0.0115111712045746
-9999 -9999 -9999 -9999 -9999 -9999 -9999 -9999 -9999 -9999 -9999 -9999 -9999 -9999 -9999 -9999 -9999 -9999 -9999 -9999 -9999 -9999 -9999 -9999 0.209061565250158 0.0135925563943601 0.0120773474473481 0.0116995238115123 0.0130168890043478 0.0200917998128716 0.012183672476931 0.0122745469002894 0.0106010219654991 0.0103974165144109 0.0102624107144038 0.0101276726051765 0.00987877184766148 0.00971560524824326 0.00960796081835724 0.00970943322954554 0.00994050442525349 0.0104538066565965 0.0173357426892835 0.0124343307101753 0.0113904707706752 0.0119250422720143 0.0188279857908128
-9999 -9999 -9999 -9999 -9999 -9999 -9999 -9999 -9999 -9999 -9999 -9999 -9999 -9999 -9999 -9999 -9999 -9999 -9999 -9999 -9999 -9999 -9999 -9999 0.153398714773357 0.0145075570578229 0.0127116713963915 0.0199235458667317 0.047078622126719 0.0637832022446673 0.0160923557210481 0.0128504256847918 0.0106828853181241 0.0112183468757848 0.0103154395185584 0.0100959769586325 0.0099297536150516 0.00970284456107038 0.00959391860683354 0.00939021573799437 0.00957902918014497 0.010563188088895 0.0182491388175549 0.0134618148903428 0.0160061415374003 0.0127679567079213 0.010246036269973
-9999 -9999 -9999 -9999 -9999 -9999 -9999 -9999 -9999 -9999 -9999 -9999 -9999 -9999 -9999 -9999 -9999 -9999 -9999 -9999 -9999 -9999 -9999 0.284117118269205 0.0227792249432241 0.0134355488049096 0.0131623184445743 0.0162478796346477 0.0135382813692559 0.0118069726057684 0.0111145470302063 0.0121217926901409 0.0120834886044577 0.0116712164176079 0.0103753907984128 0.0101565833880159 0.0100071831698415 0.00986991004024276 0.00963147736886185 0.0102825398974346 0.0103693932280521 0.0116519722238536 0.0346977874316508 0.0419563794421265 0.0535154070705175 0.0504443630110472 0.0268227422064228
-9999 -9999 -9999 -9999 -9999 -9999 -9999 -9999 -9999 -9999 -9999 -9999 -9999 -9999 -9999 -9999 -9999 -9999 -9999 -9999 -9999 -9999 -9999 -9999 0.060956750146579 0.0127301910791175 0.011610651664455 0.0114376153235526 0.0112362861798829 0.0139927196357803 0.0160072073794254 0.0112597480760996 0.0107820676738584 0.0105385959001751 0.0101280412494589 0.0100060263376008 0.00990507605499715 0.00975124597805461 0.00962684354858538 0.00959756492484303 0.0170216560516565 0.444618979096413 0.608357268571854 0.459907248616219 0.573361501097679 0.601616832613945 0.464656090736389
-9999 -9999 -9999 -9999 -9999 -9999 -9999 -9999 -9999 -9999 -9999 -9999 -9999 -9999 -9999 -9999 -9999 -9999 -9999 -9999 -9999 0.530160599946976 0.154156417585909 0.0255759281557403 0.0128856085907501 0.0120240468931797 0.0116787893410901 0.0119733455964706 0.0121118817665774 0.0122738340726755 0.0108548537714569 0.0106649095265311 0.0110775283576004 0.0103945583929999 0.0100961832367375 0.00997425076097897 0.00995475236197763 0.00984957650084652 0.00977409890992931 0.00982551791548758 0.0234308345159661 0.0316197532541992 0.0513245432230178 0.0420352013927186 0.0628199545317329 0.0729487878386863 0.152728744596243
-9999 -9999 -9999 -9999 -9999 -9999 -9999 -9999 -9999 -9999 -9999 -9999 -9999 -9999 -9999 -9999 -9999 -9999 -9999 -9999 -9999 0.520803314447403 0.122642294410616 0.0239425934852989 0.0197572542467242 0.0127389280970874 0.0120816998074815 0.0114106031275242 0.011171537870041 0.0109851120811982 0.010849293896149 0.012708158422538 0.0193498612603435 0.0137347065595804 0.0175183109803584 0.0149717528851397 0.0107188336228774 0.0112995586239322 0.0108760371533435 0.0122466306735078 0.113610676582903 0.1544872302562 0.107516215601936 0.0262394139776006 0.0171191169836675 0.0888709539081901 0.026596255577897
0.0599596902786288 0.130785007961094 0.314038629829884 -9999 -9999 -9999 -9999 -9999 -9999 -9999 -9999 -9999 -9999 -9999 -9999 -9999 -9999 -9999 -9999 -9999 -9999 -9999 -9999 0.502529180049896 -9999 -9999 0.0908683319110423 0.0215779745747568 0.0257669237300433 0.012078078880495 0.0106314154821121 0.0108494030942893 0.0112757840189943 0.0260749027438578 0.0329933689958125 0.0358521120404475 0.017117732645238 0.0110948675158852 0.0107099670320622 0.0166469009402135 0.0214415542104689 0.0152877850171535 0.00947028130644867 0.0089870914519679 0.0140971846398315 0.00989773243293257 0.00906734459074414
0.0169922220788521 0.0137807588573651 0.0131809272220835 0.0130521126128087 0.0129880653348437 0.0391763336694567 0.0635083821369335 -9999 -9999 -9999 -9999 -9999 -9999 -9999 -9999 -9999 -9999 -9999 -9999 -9999 -9999 -9999 0.408777964115143 0.260340064018965 -9999 -9999 -9999 -9999 -9999 0.0247741386723646 0.011170503389485 0.0107313240957183 0.0106022134681325 0.0274441082394333 0.0407996086214553 0.0331218888204603 0.014876026651109 0.0125943221536545 0.0098814529344736 0.0103027048105332 0.0103207140064796 0.0102337448489834 0.0107781873126896 0.00862602436918678 0.00862439364648253 0.00840795006188273 0.00824003213549531
0.0125203310616143 0.0124249822345064 0.0121231968452548 0.0118417030838145 0.0114869286992416 0.0115113500794223 0.011600706658578 0.0191965525134947 0.364513385295868 0.314186842739582 0.210151013359427 -9999 -9999 -9999 -9999 -9999 -9999 -9999 -9999 -9999 -9999 -9999 -9999 -9999 -9999 -9999 -9999 -9999 -9999 0.0721883917227387 0.0191698521573926 0.0106194040858327 0.0105132750371013 0.0108399409618414 0.0110350907062866 0.0121926073306895 0.0159935005925036 0.00989695732218934 0.00949732456474521 0.00914268292858651 0.0176183398725698 0.0269277881750895 0.0250082883088908 0.0255481145708472 0.0256054541598132 0.010538090239379 0.00807868265603702
0.0120351768823411 0.0116966903920456 0.0112198869419899 0.0109979934684816 0.0109378206179827 0.0108671820094514 0.0121366734806998 0.0186599226479302 0.0239323429414071 0.0126445410734505 0.0120126905493635 0.0259945222649549 0.0259400185117556 0.0415016556798946 0.0988984710071236 -9999 -9999 -9999 -9999 -9999 -9999 -9999 -9999 -9999 -9999 -9999 -9999 -9999 -9999 -9999 0.117666944302619 0.0186011003874228 0.0148734895927191 0.0435560747224372 0.0112544267076373 0.00972199678976722 0.00999681921221054 0.0100041631488239 0.00992858162578614 0.00940673703933044 0.0250028987331461 0.0120151611826259 0.00858699381014958 0.00847803125188875 0.0083982558745447 0.00819628947501769 0.00811255024434559
0.0116676625765422 0.0114638382626026 0.0111102387911842 0.0108058819356302 0.0106340069379939 0.0106474733856203 0.0111750986979587 0.0110654926970938 0.0108457157248495 0.0112324581068151 0.0118380217495542 0.0121482849030372 0.0121216460385767 0.0123918022571843 0.0122917121569799 0.0141721565916214 0.0201671665311551 0.0441465057636378 0.176498441770673 -9999 -9999 -9999 -9999 -9999 -9999 -9999 -9999 -9999 -9999 -9999 -9999 -9999 0.0913518223911524 -9999 0.0819489562418312 0.0397242239312618 0.0122644636061068 0.00954394748789582 0.00941299792420978 0.00900917711023794 0.0089360331631724 0.00869694936627638 0.00852284154238987 0.00833973997453086 0.0083614017674563 0.00799805974072569 0.00797240283341125
0.0109926530358734 0.0107698421002397 0.0106210069278404 0.0106268055798637 0.0105317461352115 0.0107282952286141 0.0109826617643648 0.0110617582638724 0.010823552531042 0.0107773681022536 0.0112761836094023 0.0114432797456857 0.0110352946595413 0.0117328873026509 0.0147251838995089 0.0118958857341113 0.0127874051990148 0.0123534186181814 0.0126831548346217 0.0128877334728259 0.0158700319948821 0.0298607759687002 0.174681889638305 -9999 -9999 -9999 -9999 -9999 -9999 -9999 -9999 -9999 -9999 -9999 0.0711014532949776 0.010952291736362 0.00981349603500803 0.00963330545102963 0.0133554870312764 0.0257644666162378 0.0174580427434194 0.00960158304196739 0.0123065398740437 0.00851320121028038 0.00851476284292403 0.0085194362837683 0.00806663558253149
0.010922682642672 0.0110578243771897 0.0109969145232526 0.0107966378192941 0.0108558143011123 0.0110187905326711 0.0109359676516306 0.0109599699817181 0.01073004469838 0.0107104460629444 0.0114246320423717 0.0116869369164306 0.0110380348184208 0.0108675843277297 0.0112712006673746 0.0112610788423353 0.0142928357568962 0.0150837307264737 0.0127926792246171 0.0126106680826069 0.0128634165986341 0.0127945484850898 0.0135680182794658 0.0234668805955153 0.0726834618370049 -9999 -9999 -9999 -9999 -9999 -9999 -9999 -9999 0.0978867181576788 0.0130425822261714 0.0104941398069514 0.0234164796311234 0.0121621166647401 0.0106873572005952 0.0107383415529057 0.0089201330290507 0.00946267663707658 0.0127845545507626 0.00974194606826586 0.00823677967318872 0.00814181148343778 0.00877497751710052
0.0108328087178279 0.0114694829633663 0.0113352983083814 0.0111794872252176 0.0111070887076266 0.0109255884868844 0.0107861171151853 0.0106634942075061 0.0106484132609694 0.0107792273510086 0.0113110581401997 0.0109856547508116 0.0107632174409673 0.0107970189735852 0.0109715978066333 0.0115777484659702 0.0115113986344568 0.0128947737801809 0.0139915479071988 0.0154658823944828 0.0139883958643395 0.0137096316933366 0.0134040504623272 0.0130233550825778 0.0126082091880789 0.0128689497939376 0.02733723598285 0.0668431693222374 -9999 -9999 -9999 -9999 0.0336121410946362 0.00985251718502695 0.0101439276040537 0.0121393338611597 0.0124490188447453 0.00901532655946085 0.00972192841493325 0.0134207381745 0.0171304979834531 0.00855987308316344 0.00830750162017466 0.00852667561036924 0.0115963598866074 0.00819663509314523 0.00950929182010896
0.010881968057447 0.0108236229278418 0.0104525200873468 0.010345793386 0.0103221151775188 0.0102509033484921 0.0103731104713006 0.0104539170991302 0.0107002619612103 0.0108663721298626 0.010927612416458 0.0106297198256698 0.0110244762994853 0.0107861246417315 0.0119876527554425 0.0146303431325578 0.0318230942597438 0.0222350629705943 0.0435917296403204 0.0215998530256002 0.015529570754461 0.0142000858098527 0.013655812429306 0.0125910643422458 0.0125563364447999 0.0121157714097762 0.0114992448624207 0.0108182801134944 0.0181027964942587 -9999 -9999 0.031845285872987 0.0106027735779662 0.00957626024808178 0.0103395423637721 0.00975096542792926 0.00961199372798092 0.00882016234554612 0.01051958627761 0.0147075217611018 0.00916934653453154 0.00869515385991235 0.00885922383110938 0.00987598297772365 0.00934528462546496 0.0416948564437917 0.0607058525551111
0.0103065182056753 0.0100009515254669 0.0106728423313143 0.00970309727106269 0.0102548579261338 0.0103111677253537 0.010459475847756 0.010640741418274 0.0103786760818821 0.0105543413741771 0.0107026482704214 0.0103708036255284 0.0113567052450662 0.0106956708703365 0.00937801274631056 0.0392960370358196 0.0320654780938639 0.037059602024965 0.0133191435937988 0.0169406633922335 0.0146024273897638 0.0126670484371516 0.0117943891400273 0.0110584586766436 0.0110331114756036 0.0110181745817954 0.0108897614155239 0.0102658261165743 0.0105476741460734 0.0103973303708244 0.00992155874787386 0.00968907191193011 0.00988187230725543 0.00978818388607578 0.0141687571331204 0.00938975900678543 0.00887502334458077 0.00881312417971003 0.00872047635095896 0.00845514051050031 0.0084424002693595 0.00830404103317051 0.0163890676107258 0.0140268135640326 0.00824835263267687 0.0347123787214514 0.0795054472982883
0.0103543164300618 0.00987446997221468 0.00984146617272472 0.0100887799565044 0.01022435385878 0.0104771672944707 0.0105349163504115 0.0106140395503417 0.0102242444255808 0.0103801024994254 0.0106449178851108 0.0103687897671989 0.0102779966085791 0.0154330439621845 0.0204109182477623 0.0271337753372791 0.0310363762662746 0.0293184918278712 0.0249676754403481 0.0152879418103566 0.0129066811096209 0.0121630651863825 0.011895624284216 0.0112345907699591 0.010923587731736 0.0104157108962909 0.0102801980420963 0.0100629977786411 0.0100676471036877 0.00987097354116031 0.00973517605273173 0.0095119169454847 0.00936478448779781 0.0092089209460255 0.00909075824467891 0.00900673420567273 0.00877111168153988 0.00863739587546206 0.00848376655592347 0.00845627419396351 0.0083789964942298 0.00837201137810553 0.00825819280373707 0.0083791726102163 0.00783344586841395 0.0106756792848046 0.0643481829902157
0.0100919529561907 0.0099048537062572 0.00958095114176558 0.0097682672253768 0.0097583475924921 0.0099336236528643 0.00979452581209444 0.00989723277716621 0.0100932051231439 0.0100158642297629 0.0100279513915893 0.00980384125377896 0.00966080891680576 0.0120214898475751 0.018086301560561 0.0267557746483362 0.0053615983662894 0.017847459015502 0.0153994453894484 0.0135774580083535 0.0147251829530887 0.0136436752127338 0.0114309076217751 0.0108440666224396 0.0102357430330358 0.0103499132070283 0.0102668812278353 0.0101260460790854 0.00995185085268986 0.00990079006294309 0.00970377454211757 0.00952891742383599 0.00942428772268613 0.00926466692362737 0.00905404080358494 0.00881769389779947 0.00876382632138757 0.00873181642116378 0.0083867378259356 0.00819160032347099 0.00810897413334715 0.0082492218195739 0.00806478862475615 0.00794280645600338 0.00791503806842684 0.00788496009142818 0.00792010762847895
0.0100241349979797 0.0100313598305092 0.0106485004232582 0.00966037761700136 0.0110257514780642 0.00948437509186988 0.00966928796638058 0.00989729166481084 0.00966526013537532 0.00991980873093326 0.00995315875295546 0.00949910696717779 0.0101198705106754 0.0194197106005959 0.0234300304662611 0.00994466313022713 0.00791763319357415 0.0258234959794208 0.0210763506746844 0.0152253282577931 0.0187319111007128 0.014191369994478 0.0103484238306692 0.0102599276031242 0.0118987344871584 0.0140960224871378 0.017613228254595 0.0126852946109011 0.00985764838274008 0.00974233502761308 0.0097214171548103 0.00962584101500852 0.00940280148602142 0.00915783255379665 0.00891944272361798 0.0089372379123688 0.00871949334491546 0.008406797053226 0.00819618852940493 0.00817493426820875 0.00807855211946844 0.00868190578125905 0.0081286360632248 0.00844269674894349 0.00791406779169392 0.00775467905934875 0.00802365681543051
