Scripts_&_data/Maxent_result_files_2/B_sulfureus_2.asc
NCOLS 594 
NROWS 330 
XLLCORNER -15 
YLLCORNER 23 
CELLSIZE 0.166666666666667 
NODATA_value -9999 
[rows 63 to 83 of 330, columns 235 to 281 of 594]
0.0874641759321094 0.0850554455071688 0.0909974958747625 0.0905998583883047 0.0853492429479957 0.093500498868525 0.094164920412004 0.0929738519713283 0.0910123337060213 0.0866884335875511 0.0859354928135872 0.103162981010973 0.087049550563097 0.0808484328910708 0.0805296624079347 0.0737391963601112 0.0829904600977898 0.092705456353724 0.0822870131582022 0.0772170543670654 0.0723858468234539 0.0718803375959396 0.0790515840053558 0.080628963932395 0.0877919584512711 0.0900898952037096 0.0914806939661503 0.102401502989233 0.0859540512785315 0.0903522882610559 0.0980260666459799 0.0927290378138423 0.0623570753261447 0.0684262344613671 0.0815901035442948 0.0869898535311222 0.063106762804091 0.0605530079454184 0.0934652507305145 0.086092278175056 0.099250547029078 0.0983805276453495 0.0815606372430921 0.0793928876519203 0.0901622444391251 0.0993451552465558 0.0988850232213736
0.0917490756139159 0.0902922999113798 0.0892265297472477 0.088265080563724 0.0825196944177151 0.0906997188925743 0.0943897547200322 0.0929483076557517 0.0784867314621806 0.110479520447552 0.0769097855314612 0.0800318302586675 0.0913195610046387 0.0783660156652331 0.0675963627174497 0.0786251440644264 0.0796354733407497 0.0842452511191368 0.0842002462595701 0.0598314834758639 0.0385862721130252 0.0827679324895143 0.0811819061636925 0.0833354666829109 0.0811913695186377 0.0775678735226393 0.0924361819401383 0.0763015292584896 0.0939377283677459 0.0792484486475587 0.059339396469295 0.0753059335052967 0.0637145426124334 0.0432493530213833 0.078651119209826 0.074227437749505 0.057058185711503 0.0395946617703885 0.0573362646624446 0.0691912552341819 0.0666030589491129 0.0474867740646005 0.0490480975713581 0.0539496574550867 0.0894211329519749 0.111204840429127 0.139487534761429
0.0955371659249067 0.0941540727391839 0.0945739150047302 0.0892233975231647 0.0885908965021372 0.0876908557489514 0.0902500251308083 0.0943917986005545 0.0876646347343922 0.101134911738336 0.0896396737545729 0.0916358940303326 0.078861197270453 0.0583716968074441 0.0804259641095996 0.0738811669871211 0.0468298304826021 0.0940158823505044 0.0897933565080166 0.0689469007775187 0.0835668660700321 0.0421718657016754 0.0860278241336346 0.0887166803702712 0.0860752562060952 0.0885462678968906 0.0774840693920851 0.0832012332975864 0.0826643776148558 0.0575891639105976 0.073731285892427 0.0853693675249815 0.0810907257720828 0.0607610339298844 0.059855567291379 0.0841012476012111 0.0793855568394065 0.0724938631057739 0.069431353919208 0.0800257921218872 0.0830112989991903 0.0993516070768237 0.0705068511888385 0.0622713688760996 0.0876371273770928 0.106602782383561 0.11359206372872
0.0916013520210981 0.0891382128000259 0.0845254693180323 0.0864100022241473 0.0891677910462022 0.0901670718565583 0.0885468952357769 0.0875714665278792 0.0914258152246475 0.0900610012933612 0.0867105435580015 0.0819531176239252 0.0924708319827914 0.0894612345844507 0.0844061601907015 0.0975647745653987 0.0867858465760946 0.0880144463852048 0.0930669501423836 0.0856720147654414 0.0868876894935966 0.0716906294226646 0.0829984251409769 0.0893309993669391 0.0830086870118976 0.0873611364513636 0.0699993902817369 0.0902579395100474 0.09503656309098 0.0954302197322249 0.0797723656520248 0.0899888884276152 0.0935636512935162 0.0887602312490344 0.0824201077222824 0.0948327684774995 0.0870589457452297 0.0962190574035049 0.0943847296759486 0.110018320241943 0.16498094573617 0.144262598489877 0.171703902631998 0.0921677422709763 0.108019181340933 0.12358962725848 0.114148995489813
0.0961042007431388 0.0832428442547098 0.0854057794436812 0.124117717891932 0.0899734267964959 0.0947461830452085 0.0934125334024429 0.0878486996516585 0.0727881342172623 0.0602840332314372 0.0876266801729798 0.0830129908397794 0.0904461577534676 0.0874392669647932 0.0844230199232698 0.0822148777544498 0.0800280166789889 0.0882078329101205 0.0648670053109527 0.133018379285932 0.0990052673965693 0.0892357707023621 0.0906292108818889 0.0887364085763693 0.0897246029227972 0.0905264226719737 0.0704746808856726 0.0912938522174954 0.0933156035840511 0.119332361593843 0.0892885815352202 0.091290121152997 0.0957623686641455 0.0927513180300593 0.0905073734000325 0.0974499739706516 0.110017811018042 0.115978867454578 0.0852543746121228 0.0876253440859728 0.109356413267415 0.109748801781097 0.106698221713305 0.10812451383099 0.15757553736621 0.298285407200456 0.360960203409195
0.0982957448810339 0.222825927101076 0.139825872180518 0.103214850882068 0.0873962912708521 0.12469836473465 0.0881595304235816 0.086587075702846 0.0680279338732362 0.0915169797837734 0.0950401602312922 0.114333267137408 0.0891636954620481 0.105340990051627 0.0940162731334567 0.101944919489324 0.106175676733255 0.0921598087996244 0.124033232778311 0.289723441004753 0.207801113277674 0.151386699825525 0.106367785483599 0.0888784805312753 0.0885008463636041 0.0885450575500727 0.0847281431779265 0.0894259663298726 0.0957103854045272 0.104212737642229 0.102497358433902 0.0908886883407831 0.0964167382568121 0.0991171669214964 0.106127445399761 0.0997076524421573 0.108824183605611 0.154696391150355 0.135920656472445 0.13731760539813 0.192238076822832 0.242712879925966 0.17172349691391 0.108546624777955 0.128560811467469 0.117944270605221 0.111365207470953
0.0906560046598315 0.0884258979989681 0.0803970235399902 0.0728838099166751 0.0763954004272819 0.0828988338354975 0.0893785936525092 0.105009186803363 0.0955716224387288 0.0982480714097619 0.10011805780232 0.0861048838123679 0.0910074228420854 0.0939776977524161 0.111406137049198 0.086582703795284 0.09971256647259 0.096477085724473 0.0955728743225336 0.0935543710365891 0.0933103231713176 0.0947728579863906 0.107715233229101 0.101315861195326 0.0909179566428065 0.0945578357204795 0.0881310356780887 0.0885121611878276 0.0904796609655023 0.0890950853005052 0.100304633192718 0.0854945262894034 0.0852180399000645 0.100733858905733 0.104777921363711 0.105124845542014 0.10507630482316 0.148616356030107 0.148679826641455 0.242870186734945 0.159588038206857 0.125974731805582 0.206974627077579 0.142090424150228 0.122471613623202 0.12876844946295 0.153151796333259
0.085726847872138 0.0906132271513343 0.0821602321229875 0.0801874168450013 0.0845435797644313 0.0903744703158736 0.0796666632872075 0.0876505982130766 0.0884845420718193 0.0867348279571161 0.0901507370173931 0.0919670972973108 0.0836230412125587 0.0967791197821498 0.0935332994908094 0.0858133992180228 0.122235951200128 0.0951777840033174 0.0951734045520425 0.0931656343862414 0.0916197322309017 0.0905735610052943 0.0809766427613795 0.135706372186542 0.0897166566923261 0.0875959023833275 0.0995422258973122 0.181705930829048 0.204844155162573 0.10495116058737 0.0936542376875877 0.0865072585642338 0.0913840195164084 0.0917572090402246 0.116820243373513 0.113681439682841 0.139487537369132 0.136686025373638 0.188566860929131 0.268603493273258 0.294924188405275 0.266934317490086 0.120561315130908 0.110945469513535 0.112756604328752 0.226548130903393 0.342326304316521
0.0883959869650425 0.0884348346706247 0.0919591378786208 0.0870023133522409 0.0868706328579776 0.0739254599404376 0.0822310013114475 0.0631773948669434 0.0582212233915925 0.0749259121716022 0.0804441155865789 0.0834347879514098 0.0905236868187785 0.0825268337503076 0.0942043386399746 0.0845129871740937 0.0564615552080795 0.116696311347187 0.206509255617857 0.0924570389091968 0.0892864424735308 0.0920330526307225 0.081227801181376 0.117265834286809 0.155446693301201 0.121456820517778 0.246760575473309 0.17887671366334 0.0939585458487272 0.091605875082314 0.0897360874339938 0.0898428987711668 0.115494822710752 0.0966295953840017 0.0775475643575192 0.131756153330207 0.102211146056652 0.114236359298229 0.139430238306522 0.704039525985718 0.763802820444107 0.800476723909378 0.191429879423231 0.0948174691293389 0.0775565778138116 0.132583125913516 0.120980044128373
0.0935175453401567 0.0939338301068346 0.0934589211054117 0.0890027428948088 0.0803980698722416 0.0761820502229966 0.057457104511559 0.070934347435832 0.0768325014039874 0.0683311222121119 0.0884602477774024 0.0872537901625037 0.0439402602612972 0.0729622727259994 0.0681122567504644 0.0824538137763739 0.0923593977466226 0.0636400941759348 0.0950465580448508 0.0895224617794156 0.0931805443018675 0.0920568212866783 0.0903344806283712 0.101995828561485 0.118765388801694 0.0849462315440178 0.0871162064373493 0.0922204960137606 0.0898502791300416 0.0945832861587405 0.114719923213124 0.12817493211478 0.206591103225946 0.170025581866503 0.123725494742393 0.0927882589399815 0.0881618531420827 0.0880545470863581 0.094761935248971 0.108414274640381 0.197557682730258 0.323114910162985 0.37527221199125 0.0843526620505145 0.0517839926294982 0.132816525921226 0.115333046298474
-9999 -9999 0.145356064775478 0.0931300649912373 0.104033316673404 0.0636866166430991 0.0541914032772183 0.078866011928767 0.0793027764186263 0.0740876628085971 0.0584176418371499 0.0514763813465834 0.0121679020114243 0.0560668407008052 0.0630817385390401 0.0946278994902968 0.0872757455334067 0.0932390665635467 0.0914897544309497 0.0955765020102262 0.095314079336822 0.0923670271411538 0.089898007363081 0.0874826082959771 0.0872329283505678 0.147470173984766 0.0945574214681983 0.0886277480050921 0.0894805930554867 0.101268528960645 0.100640416145325 0.104596178606153 0.0910051373764873 0.0922683933749795 0.0906801117584109 0.0907753752544522 0.0898747047409415 0.087082589045167 0.0939728114753962 0.101776464097202 0.0723487351089716 0.0828596683219075 0.122960015945137 0.0804041153751314 0.393237788975239 0.831441879272461 0.732036334276199
-9999 -9999 -9999 -9999 -9999 -9999 0.121410617462607 0.0748149039165582 0.0740320631485702 0.0773138861171901 0.0908020511269569 0.0687289511784911 0.0416416231542826 0.0625482393428683 0.083988825045526 0.0682171264663339 0.0519421050325036 0.0778852069750428 0.0845450181514025 0.0970471540465951 0.0951006611809135 0.0941789070144296 0.0937514642253518 0.0741382854059339 0.0841593431308865 0.0855199474841356 0.0728340921923518 0.0730813499540091 0.087950705550611 0.0878299161791802 0.0730450762435794 0.0937363414093852 0.0917601015418768 0.0923018772155046 0.0878857053816318 0.0877783425152302 0.0597307281568646 0.0795078069902957 0.136998233944178 0.098286547511816 0.0678341866936535 0.0840979410335422 0.0480731665156782 0.068266492895782 0.0728220820426941 0.129230028949678 0.199441160261631
-9999 -9999 -9999 -9999 -9999 -9999 -9999 0.160721874237061 0.0897731736138596 0.0821043490665034 0.0920297148521058 0.0949018018320203 0.0628372495993972 0.0679312821477652 0.0408992098644376 0.0309397354722023 0.0638001633808017 0.0753696191124618 0.0325059287250042 0.0910761129576713 0.0966614989563823 0.0954205987975001 0.0939217589795589 0.0696779754012823 0.0733147928491235 0.0693600272759795 0.0755319241434336 0.104505046829581 0.0949066203087568 0.0934080593287945 0.0935254715383053 0.0968894392251968 0.091295350342989 0.0929617730900645 0.0613029256463051 0.0883482442237437 0.0807626325637102 0.0893626904115081 0.104852853901684 0.107438459247351 0.0992423804476857 0.0863460842519999 0.106506046839058 0.0869081858545542 0.0348282296210527 0.0553167632780969 0.0409184100106359
-9999 -9999 -9999 -9999 -9999 -9999 -9999 0.157419633865356 0.119888310137279 0.0999322476622183 0.0828557884437032 0.091772813226271 0.0262416842509992 0.0847267503850162 0.0575233937124722 0.0528716636705212 0.059073431591969 0.0149320371914655 0.0499284707475454 0.087550413236022 0.102467047609389 0.0965988704934716 0.130983534827828 0.083612826326862 0.0909796021878719 0.0889379343017936 0.0803316831588745 0.0801249654963613 0.0886496288701892 0.0993231961503625 0.0875506203621626 0.0953669741749763 0.0937958549708128 0.0895891712978482 0.0873457564041018 0.123734100721776 0.136100808903575 0.104524754465092 0.13231403529644 0.102052910812199 0.140130468457937 0.135173473646864 0.144517238438129 0.114601478353143 0.0919567313045263 0.0792882578447461 0.030389254540205
-9999 -9999 -9999 0.31777417473495 -9999 -9999 -9999 0.202341939508967 0.14912254139781 0.15260554254055 0.135311203450013 0.119121788679531 0.114214462035068 0.0893185173939628 0.0963380805349904 0.0585560425050062 0.0391003241122235 0.035601111408323 0.0333127457648516 0.0595681812614203 0.0972314916085452 0.0967286692932248 0.0989611910656095 0.107511475123465 0.0977718776091933 0.0911728063598275 0.0924668809399009 0.0920951418578625 0.0944862658157945 0.233773414045572 0.109684375859797 0.0827225191518664 0.0867600161582232 0.0639785652980208 0.109810880571604 0.163869426306337 0.164700796641409 0.129663297627121 0.115606696158648 0.279910026118159 0.126072581287008 0.180295799812302 0.164866562560201 0.157008844614029 0.342332316935062 0.0816459117922932 0.0723369559273124
-9999 -9999 -9999 -9999 -9999 -9999 -9999 0.202229762751016 0.12339147105813 0.178383381664753 0.165563052892685 0.0666353303939235 0.0364961188290225 0.0884650685660746 0.129883603011791 0.0913739322985903 0.106429722771702 0.105434600356966 0.080076068382914 0.0477441928172993 0.102790648583323 0.0998190932907164 0.104271151125431 0.0939337462186813 0.0922468010336161 0.0903174169361591 0.102312914282084 0.0905633179470897 0.138782477006316 0.13499616086483 0.0966258874163032 0.0929394753649831 0.0934364880435169 0.123491176404059 0.137109476700425 0.150895568635315 0.136005180794746 0.130958315171301 0.134003560245037 0.152409273665398 0.0632137917913496 0.0907667262479663 0.0616052262950689 0.095402967184782 0.0682541216723621 0.227882481366396 0.0905262243002653
-9999 -9999 0.277451089024559 0.206005223095417 0.215100848674774 0.150850942730904 0.167857101559639 0.109733738005161 0.0624340057373074 0.101858877390623 0.0515631668269689 0.14009505957365 0.0899609774351121 0.103268330544233 0.139140054583549 0.0638652380677832 0.0847096376210809 0.0812017190421102 0.0743720806249485 0.107085898952209 0.113672746843804 0.101448200945742 0.101790485531092 0.100984218996018 0.0993872659280896 0.100840305956081 0.129425334557891 0.102824211400002 0.102484244853258 0.0699563879519701 0.117416801676154 0.0980717365629971 0.0982130736112595 0.107984860055149 0.103044673148543 0.110170143656433 0.108536836504936 0.109207041841 0.10816404055804 0.108233792334795 0.077911483310163 0.096192429587245 0.0596652281470597 0.0742558488622308 0.0963308339938521 0.0863453445956111 0.058202020265162
-9999 0.270760715007782 0.224192047119141 0.216220061480999 0.193777942657471 0.220522779226303 0.183824528753757 0.187572209537029 0.17647390961647 0.197864235937595 0.180958949029446 0.143508151173592 0.117753829061985 0.129829939454805 0.146518062055111 0.114096482117612 0.151036235699115 0.174098199915174 0.122786153125305 0.106385577521203 0.126853095495608 0.110211400292172 0.0992800608830294 0.105953489267267 0.10277314977684 0.0972805447876453 0.0957350733457133 0.101920037600212 0.0999498787801713 0.102216122299433 0.10033706696704 0.0830202509881929 0.102342133969069 0.0997072447091341 0.0885317438282072 0.108961994387209 0.0737020820379257 0.113549589924514 0.123509076610208 0.117890733946115 0.0916188458912075 0.0493121621198952 0.0181858893018216 0.0431285878643394 0.0694909181911498 0.0783441327512264 0.0722490748390555
0.235986942052841 0.225192260742188 0.217400178313255 0.194261638820171 0.200726215541363 0.212522783875465 0.201356855034828 0.18985999673605 0.180027525126934 0.199094077944756 0.200801746547222 0.15555130392313 0.147224226593971 0.166737133264542 0.150320239365101 0.167621314552279 0.686356270313263 0.367474869638681 0.250581025186041 0.192531314544558 0.187612622982628 0.268718186421143 0.173660877349987 0.131689090221785 0.105470228008926 0.106389445730019 0.104787190631032 0.0928570745920297 0.0626009262457956 0.0900128883309662 0.0999015137553215 0.0989972310140729 0.127488167025149 0.119390521198511 0.116075583361089 0.132699949853122 0.1798733625561 0.131426089629531 0.149630545731634 0.158086139243096 0.0806873412802815 0.0698306204751134 0.0335082018282264 0.103998222202063 0.140500403568149 0.21732884272933 0.233043029904366
0.234495681524277 0.234861806035042 0.216585673391819 0.22066525220871 0.215048681199551 0.210919661819935 0.196833203732967 0.215831649303436 0.187341199815273 0.171335984766483 0.248030382394791 0.209503397345543 0.195222410559654 0.200464224815369 0.132968623936176 0.161921970546246 0.227256077528007 0.409923206736435 0.598621185496449 0.339410290908554 0.245283433797154 0.15850085914135 0.203220686316522 0.197139282524586 0.124179184437238 0.134759657084971 0.127256123723225 0.10099515573811 0.101058653885775 0.115229907989851 0.105642258649459 0.115519038105131 0.154913319693878 0.0965760414022952 0.10035530468449 0.0988275723531842 0.11481898650527 0.118479755613953 0.141784605383873 0.144011712260544 0.101129004452378 0.056162063870579 0.0440699510276318 0.073831896786578 0.0610222892835736 0.100611170381308 0.119097878411412
0.219801427423954 0.24259380698204 0.208511717617512 0.192353534698486 0.213507328927517 0.214189171791077 0.212708956003189 0.215162019431591 0.186747400462627 0.199950581789017 0.199459750950336 0.195640957355499 0.205747321248055 0.174248446524143 0.190062959492207 0.177945175766945 0.186509367823601 0.176142983138561 0.199749137461185 0.171317310631275 0.14558639600873 0.136843315511942 0.134147383272663 0.17287293539909 0.16011065691711 0.22216252991115 0.180944542588133 0.139004361634964 0.106552578043994 0.1696867854218 0.18257415680273 0.103009762629517 0.0873945104722452 0.113260698318481 0.101272667897865 0.109716085158288 0.112370485067368 0.108926758170128 0.112230926658958 0.111011494137347 0.10179948322475 0.0862366819754243 0.0720167469931766 0.113629000633955 0.108788429107517 0.149835394695401 0.103696406516246
