Scripts_&_data/Maxent_result_files_2/B_sulfureus_3.asc
NCOLS 594 
NROWS 330 
XLLCORNER -15 
YLLCORNER 23 
CELLSIZE 0.166666666666667 
NODATA_value -9999 
[rows 168 to 188 of 330, columns 423 to 469 of 594]
0.336398059129715 0.343535929918289 0.34332412481308 0.339088746905327 0.330490350723267 0.329139497876167 0.337963402271271 0.331580033898354 0.333261692523956 0.330289232730865 0.301282382011414 0.314399960637093 0.324398776888847 0.336628878116608 0.335566085577011 0.342765146493912 0.336559164524078 0.323468229174614 0.31142919510603 0.293230812251568 0.31255704164505 0.302359625697136 0.310265801846981 0.310042613744736 0.302583336830139 0.29757991284132 0.290562033653259 0.280159571766853 0.277332916855812 0.274317239224911 0.272261275351047 0.271071577072144 0.270750360190868 0.272644130885601 0.273190046846867 0.265331941843033 0.259329800307751 0.251906363666058 0.246846640110016 0.246095190942287 0.242977461218834 0.243781054019928 0.242465071380138 0.241566868126392 0.24211880415678 0.241918183863163 0.246473017334938
0.34728756248951 0.349356845021248 0.348806196451187 0.34900908768177 0.342208421230316 0.333529675006866 0.33177578151226 0.337110370397568 0.335659676790237 0.329027929902077 0.315813559293747 0.320558854937553 0.323271799087524 0.325912979245186 0.33233325779438 0.333009180426598 0.319352152943611 0.308099882304668 0.303250943124294 0.309730814397335 0.309617483615875 0.314723321795464 0.313475860655308 0.304543480277061 0.29991962313652 0.290609399974346 0.283058385550976 0.272655688226223 0.272643029689789 0.268766169250011 0.263992837071419 0.261475555598736 0.260805621743202 0.258486214280128 0.259061713516712 0.258953133225441 0.255123524367809 0.250029148161411 0.245348726212978 0.244147683680058 0.242724496126175 0.241896457970142 0.241247823834419 0.239968447387218 0.24075130969286 0.241893000900745 0.244501478970051
0.343323221802711 0.344835361838341 0.346156820654869 0.341687706112862 0.342251408100128 0.338873809576035 0.335184851288795 0.332488185167313 0.328563469648361 0.323274087905884 0.320777922868729 0.315042784810066 0.319737845659256 0.317056050896645 0.326149180531502 0.320861980319023 0.309826308488846 0.306512971222401 0.305573680996895 0.317071160674095 0.320828106999397 0.31533710360527 0.30419507175684 0.292842119932175 0.293190678954124 0.287855356931686 0.278210960328579 0.271153390407562 0.263205595314503 0.261385932564735 0.256301946938038 0.254873263835907 0.255641280114651 0.254757186770439 0.250261418521404 0.250443439185619 0.249170805513859 0.249143554270267 0.24798151999712 0.218095557391644 0.229878515005112 0.239179745316505 0.238767719268799 0.24010162204504 0.241846139729023 0.247337594628334 0.249696426093578
0.336031353473663 0.336354023218155 0.338593912124634 0.331936758756638 0.32560903429985 0.332068040966988 0.33280286192894 0.325218522548676 0.329690617322922 0.320004770159721 0.321081897616386 0.307886053621769 0.316008907556534 0.316983962059021 0.311975446343422 0.323908916115761 0.323758378624916 0.315633854269981 0.315873464941978 0.316881009936333 0.319778245687485 0.31251502931118 0.299338656663895 0.289510089159012 0.286296746134758 0.286475735902786 0.27426418364048 0.269252888858318 0.260843227803707 0.254748402535915 0.253417328000069 0.254908783733845 0.251091133058071 0.246940121054649 0.24613644182682 0.244677759706974 0.243631909787655 0.243219241499901 0.244976592063904 0.240777982771397 0.238022699952126 0.236298736929894 0.235160368680954 0.2401611790061 0.24018022865057 0.245125259459019 0.241047163307667
0.332251965999603 0.329820311069489 0.324964869022369 0.319288006424904 0.331008753180504 0.327967008948326 0.321938923001289 0.324301779270172 0.325609666109085 0.318408811092377 0.319111770391464 0.308859640359879 0.300868909060955 0.304257553815842 0.313513660430908 0.32843396961689 0.320906442403793 0.31875207722187 0.328678411245346 0.327173152565956 0.303386254608631 0.296050296723843 0.293311014771461 0.292074052989483 0.28615375906229 0.278380142152309 0.271201291680336 0.262724307179451 0.252714243531227 0.248646795749664 0.247798891365528 0.250532242655754 0.247578923404217 0.24582367092371 0.243162021040916 0.242024557292461 0.24080433100462 0.244387556612492 0.14738253429532 0.234124898910522 0.234735907614231 0.237282562255859 0.238080102205276 0.23866830021143 0.240095771849155 0.242661722004414 0.245294517278671
0.339696508646011 0.336821010708809 0.325705626606941 0.31806515455246 0.318628334999084 0.320648130774498 0.324687066674232 0.326174247264862 0.320484107732773 0.301244926452637 0.309481981396675 0.305998931825161 0.304192188382149 0.30086694508791 0.307066516578198 0.30601432621479 0.299696907401085 0.306340605020523 0.342912596464157 0.331301686167717 0.301978905498981 0.289911618828773 0.290792727470398 0.286540704965591 0.276810224354267 0.264825381338596 0.257188332080841 0.244028100371361 0.245072290301323 0.249601168930531 0.249675694108009 0.249300535023212 0.248141118884087 0.246363885700703 0.248372860252857 0.244380824267864 0.252094213664532 0.256326761841774 0.21067034304142 0.234873555600643 0.174433393031359 0.181922965496778 0.239345563948154 0.245029462873936 0.245142424106598 0.246640530228615 0.246826642751694
0.32414363026619 0.329398390650749 0.330556204915047 0.327551761269569 0.317808553576469 0.324745690822601 0.324780625104904 0.318138837814331 0.310252045094967 0.307689324021339 0.300667499005795 0.307774817943573 0.311905640363693 0.299873377382755 0.300455749034882 0.292319242656231 0.292818297445774 0.311970293521881 0.33767352104187 0.316129583120346 0.311181318759918 0.292555095255375 0.284286677837372 0.27478459328413 0.260518261790276 0.253776356577873 0.248734582960606 0.242685423791409 0.251141874492168 0.252858391404152 0.248010995984077 0.249716088175774 0.249310085177422 0.249474106729031 0.254111255705357 0.258913664519787 0.264276297390461 0.247352068126202 0.191240371018648 0.236767175793648 0.208902484178543 0.243399815261364 0.243037097156048 0.245883598923683 0.247654320299625 0.233520664274693 0.251821485161781
0.325280198454857 0.331971922516823 0.331449556350708 0.328065133094788 0.323478925228119 0.324399107694626 0.325410604476929 0.319958236813545 0.309385649859905 0.288608384132385 0.314522157609463 0.314811420440674 0.314857530593872 0.297015078365803 0.292199504375458 0.287508215010166 0.300090226531029 0.320881572365761 0.326655530929565 0.312959331274033 0.305490691959858 0.285904210805893 0.272604233026504 0.256583021581173 0.247002322971821 0.247375610470772 0.245576936006546 0.240940037369728 0.243261486291885 0.243269398808479 0.246016728878021 0.246256095170975 0.247359156608582 0.251567658782005 0.249790351092815 0.250665672123432 0.245663939416409 0.238090981543064 0.236505392193794 0.229428254067898 0.242362959682941 0.248663420975208 0.252362874150276 0.247922806441784 0.249585658311844 0.24908434599638 0.251196393370628
0.32478221654892 0.330057978630066 0.320018166303635 0.316865906119347 0.322805941104889 0.319541847705841 0.3226926445961 0.327414605021477 0.318063005805016 0.306313061714172 0.315323653817177 0.289801728725433 0.307122990489006 0.294486033916473 0.288059693574905 0.291757372021675 0.306576830148697 0.324884802103043 0.31225810945034 0.296420459449291 0.29021081328392 0.267685388028622 0.255743397772312 0.251786385476589 0.252991695702076 0.246965000033379 0.244141314923763 0.247598744928837 0.254695188999176 0.252982974052429 0.243578693270683 0.243776069581509 0.25679883658886 0.259504705667496 0.260119751095772 0.249396492540836 0.243542170524597 0.240368011593819 0.244043788313866 0.211077597737312 0.248179391026497 0.25341382920742 0.265257827937603 0.234249450266361 0.217937737703323 0.249185529351234 0.254587000608444
0.323960649967194 0.318966135382652 0.299883705377579 0.322440820932388 0.323253434896469 0.326332846283913 0.325726217031479 0.327230298519135 0.321829473972321 0.312084104120731 9.66166277066804e-05 0.245415093004704 0.304781895875931 0.296454854309559 0.290797729790211 0.294695225358009 0.310467797517776 0.330308032035828 0.305688868463039 0.284061639010906 0.271770283579826 0.260737092792988 0.258242620527744 0.255590642988682 0.249116519093513 0.243274933099747 0.250491078197956 0.255570861697197 0.262881594896317 0.256581203639507 0.262580858170986 0.264560167491436 0.275785076618195 0.261501155793667 0.256318998336792 0.255973939597607 0.252711161971092 0.251026377081871 0.25602653324604 0.259795019030571 0.254228487610817 0.269373083114624 0.211739212274551 0.240739206969738 0.159552007168531 0.16773935854435 0.102576022595167
0.300727163255215 0.00673555857501924 0.325668704509735 0.327411860227585 0.328367456793785 0.328585085272789 0.327461636066437 0.32452504336834 0.323587784171104 0.25730746537447 0.0778774835169315 0.313575746119022 0.297703137993813 0.291723996400833 0.294356244802475 0.296115949749947 0.306455236673355 0.314560440182686 0.283899994194508 0.269030869007111 0.260723634064198 0.255904807150364 0.252443124353886 0.248293621838093 0.245734046399593 0.249849712848663 0.261059534549713 0.269973380863667 0.268636129796505 0.259771202504635 0.27276746481657 0.274025239050388 0.272213132679462 0.259855437278748 0.254388031363487 0.254360102117062 0.258153121173382 0.256706975400448 0.256428298354149 0.260442298650742 0.261876694858074 0.259302231669426 0.240642103552818 0.22698852866888 0.219413979351521 0.0359581585973501 0.041004678234458
0.321139565110207 0.326318526268005 0.325510478019714 0.324220246076584 0.325909027457237 0.325617596507072 0.323499774932861 0.323799470067024 0.327999585866928 0.327535784244537 0.320108500123024 0.307988755404949 0.297204494476318 0.290776047110558 0.288635039329529 0.288782465457916 0.292879739403725 0.283682775497437 0.267316091060638 0.25611974298954 0.250748550891876 0.248295228183269 0.246745997667313 0.243491400778294 0.212631389498711 0.25308106392622 0.265907503664494 0.273919051885605 0.257270543277264 0.25532723814249 0.261906035244465 0.264676350355148 0.261668685078621 0.258597381412983 0.261981081962585 0.260932445526123 0.262173074483871 0.26372107565403 0.268226680159569 0.269280943274498 0.268046434223652 0.263485209643841 0.261726687848568 0.191580209136009 0.135166648775339 1.36594546802371e-05 5.88423742442501e-07
0.321105292439461 0.290229204297066 0.32674754858017 0.322275778651237 0.318106283247471 0.306018382310867 0.327043458819389 0.3342843323946 0.33390881717205 0.334075090289116 0.322982528805733 0.312093323469162 0.302284967899323 0.299674253165722 0.29399187117815 0.287053945660591 0.279531870782375 0.266470521688461 0.256044155359268 0.253869162499905 0.253063702583313 0.248667618632317 0.248129612207413 0.247998522222042 0.250202916562557 0.25997728407383 0.262813112139702 0.263024212419987 0.259874264895916 0.261742635071278 0.266803966462612 0.270717729628086 0.262058325111866 0.263821762800217 0.266346621513367 0.265713261067867 0.263453790545464 0.264596024155617 0.269596982002258 0.273944407701492 0.127014091610909 0.27376904040575 0.276070384681225 0.277492144703865 0.130611556768417 0.0298938229680061 0.230620950460434
0.33480761051178 0.327681195735931 0.327502319216728 0.322794789075851 0.327465000748634 0.337621155381203 0.349457931518555 0.340322354435921 0.332403072714806 0.328638282418251 0.330979952216148 0.321386909484863 0.312716923654079 0.305668622255325 0.304678185284138 0.300274910032749 0.285180701315403 0.266990846395493 0.258069644868374 0.255053628981113 0.252803125977516 0.255462682247162 0.256214761734009 0.255605468153954 0.273561607301235 0.278516519069672 0.271834486722946 0.274044945836067 0.268668003380299 0.270522955060005 0.27588217407465 0.26655590981245 0.264999893307686 0.269603925943375 0.270212541520596 0.271278792619705 0.269720622897148 0.269715501368046 0.275283241271973 0.270311318337917 0.272389684617519 0.278903013467789 0.288515198230743 0.286264772713184 0.286931991577148 0.289129154384136 0.288225913047791
0.338622990250587 0.329378706216812 0.329719549417496 0.331310588121414 0.337054464221001 0.342380186915398 0.331191545724869 0.326876333355904 0.329075020551682 0.329688927531242 0.324302998185158 0.328768256306648 0.331536519527435 0.328706654906273 0.320136681199074 0.305475972592831 0.287466332316399 0.272641399502754 0.264420323073864 0.256771242618561 0.257698677480221 0.260657471418381 0.264102689921856 0.273601157963276 0.287741513550282 0.284262202680111 0.280902723968029 0.288001023232937 0.28208534270525 0.281304016709328 0.278098349273205 0.237692965567112 0.279090069234371 0.277837565541267 0.279963864386082 0.196498848497868 0.273795160651207 0.262436211109161 0.286034582555294 0.284247988462448 0.281366275250912 0.28809689283371 0.294476500153542 0.292577436566353 0.292616258561611 0.290930786728859 0.290115867555141
0.334120285511017 0.336453023552895 0.322150735557079 0.350482562184334 0.353853216767311 0.346965709328651 0.340566125512123 0.32675544321537 0.32483524531126 0.322953659296036 0.32283439040184 0.331371119618416 0.332818460464478 0.325180625915527 0.325485062599182 0.303377279639244 0.295385126769543 0.290693302452564 0.274626566469669 0.271599353849888 0.256086598336697 0.145238927006722 0.160176659375429 0.30101410895586 0.299168117344379 0.296839399635792 0.290760479867458 0.28463132083416 0.286406879127026 0.282039572298527 0.178877951204777 0.011021704506129 0.0223168533295393 0.128993234038353 0.293755792081356 0.279639910161495 0.28326478600502 0.13684715628624 0.292364767193794 0.286045265197754 0.272922646999359 0.295547206699848 0.299500715732574 0.298013760149479 0.294859628379345 0.212864455580711 0.297235277295113
0.345124253630638 0.343702855706215 0.341552114486694 0.344832882285118 0.346712526679039 0.34629325568676 0.341505137085915 0.329016837477684 0.322499740123749 0.318708498775959 0.323780997097492 0.321206830441952 0.321275183558464 0.323223668336868 0.321907232701778 0.304002696275711 0.305320492386818 0.293992421030998 0.192067490518093 0.285707215964794 0.289162090420723 0.287414385378361 0.26530187278986 0.301774337887764 0.292888529598713 0.290632581710815 0.288470920920372 0.289819048345089 0.28760156929493 0.283375753462315 0.286752372980118 0.305922965705395 0.306914304196835 0.305046550929546 0.251580449938774 0.206533186137676 0.29382262378931 0.22900907844305 0.294649015367031 0.297161166369915 0.252242840826511 0.11722948923707 0.298390930891037 0.295392353832722 0.27966540157795 0.298118910193443 0.301579891145229
0.350142595171928 0.348810052871704 0.345986399054527 0.342677411437035 0.339706820249558 0.339412176609039 0.335991629958153 0.334726479649544 0.329807677865028 0.324380160868168 0.329786211252213 0.329257610440254 0.324298144876957 0.239424002170563 0.334560096263885 0.317538253962994 0.304810461401939 0.304442581534386 0.275859704613686 0.152305287122726 0.249423097074032 0.309007646143436 0.0402828395366669 0.242079357802868 0.307702298462391 0.302619437873363 0.300494821369648 0.299461781978607 0.296593923866749 0.293866659700871 0.304140555858612 0.308901828527451 0.133613879233599 0.134030567109585 0.000430427913670428 0.160560753941536 0.260019801557064 0.306337034702301 0.23219398111105 0.265479819476604 0.256031754612923 0.307095046341419 0.175646875053644 0.298970814049244 0.285965929925442 0.310408991575241 0.278378681838512
0.357056167721748 0.356389737129211 0.35303567647934 0.349205103516579 0.346922788023949 0.345791065692902 0.345461842417717 0.342054387927055 0.337127214670181 0.335349082946777 0.342583692073822 0.267708471417427 0.213052250444889 0.336656209826469 0.338891077041626 0.321859408915043 0.311099429428577 0.315813098847866 0.311826585233211 0.31259306371212 0.319215551018715 0.323022677004337 0.145007214695215 0.331649759411812 0.321004003286362 0.312776353955269 0.316702270507813 0.315729185938835 0.308232046663761 0.308049204945564 0.23831879645586 0.308446423709393 0.313111388683319 0.308021807670593 0.311522516608238 0.305553784966469 0.127574390172958 0.313727632164955 0.0133273338899016 4.62464118754724e-05 0.27264446169138 0.30679177492857 0.3045579880476 0.307898525893688 0.317403422296047 0.32326328009367 0.185991194844246
0.35623115003109 0.354240253567696 0.351838970184326 0.351026979088783 0.349328681826591 0.349402603507042 0.34687452018261 0.343913495540619 0.345383256673813 0.346095076203346 0.347528356313705 0.357990032434463 0.354308047890663 0.34807730615139 0.340410596132278 0.33223731815815 0.33006716966629 0.331515529751778 0.333241227269173 0.329291722178459 0.329930302500725 0.329700148105621 0.333312222361565 0.341705048084259 0.342225480079651 0.328662222623825 0.184292954206467 0.244075651466846 0.334586596488953 0.277023416757584 0.0126934052444994 0.0265422608703375 0.000991272507235408 0.031931621208787 0.0077330993488431 2.51541932172472e-08 3.50618545308379e-10 0.000365955060988199 4.02426549044321e-05 0.12112293317914 0.111028134077787 0.31051414757967 0.30934534817934 0.315749281644821 0.318304443359375 0.318255616724491 0.320769087970257
0.288254229724407 0.23414865732193 0.36255117058754 0.358620622754097 0.359746369719505 0.315908931195736 0.354695537686348 0.358348554372787 0.126565789431334 0.0198846407234669 0.25524699985981 0.358684483170509 0.243405246734619 0.349527171254158 0.339612886309624 0.343137961626053 0.151275932043791 0.210815739631653 0.299177071452141 0.339840629696846 0.342144837975502 0.343623298406601 0.267869827151299 0.350572437047958 0.234654751420021 0.334222927689552 0.185784675180912 0.324692961573601 0.439998584985733 0.160705228894949 0.281650719046593 0.0332749368622899 0.0634030617773533 0.0580748375505209 1.38856053581549e-05 2.22232519497823e-08 8.38201108877001e-07 0.248693785071373 0.000634124816861004 0.186817435920239 0.26191623955965 0.0719391290098429 0.183909732848406 0.301988831162453 0.320165750384331 0.324409429728985 0.323628956079483
