Scripts_&_data/Maxent_result_files_2/B_sulfureus_3.asc
NCOLS 594 
NROWS 330 
XLLCORNER -15 
YLLCORNER 23 
CELLSIZE 0.166666666666667 
NODATA_value -9999 
[rows 63 to 83 of 330, columns 282 to 328 of 594]
0.169811102002859 0.214692387729883 0.143078147992492 0.23170271217823 0.0954694170504808 0.0845209814608097 0.116448828205466 0.0813854210078716 0.0819241954013705 0.0823079297319055 0.0783654185011983 0.0788369357585907 0.0798235589638352 0.0848185051232576 0.0866020321846008 0.0836544962599874 0.0627308243885636 0.0800839923322201 0.0776175839826465 0.0768794564530253 0.0619483575224876 0.036212139762938 0.0282550524920225 0.0401318281888962 0.041856686398387 0.041152772679925 0.0445983374491334 0.036265959776938 0.0359084913507104 0.0321259860880673 0.0331565954722464 0.030605042912066 0.0529716905206442 0.0288106156513095 0.0268980043008924 0.0253687910735607 0.0263437936082482 0.0234770606271923 0.0235993478447199 0.0237905637361109 0.024281760957092 0.0262753607705235 0.0285663273185492 0.0267538318410516 0.0268992621451616 0.0277402551844716 0.0298015816137195
0.0819981710985303 0.0896494101732969 0.0699562929570675 0.0902678718790412 0.0728663669899106 0.0848643084987998 0.0796204647049308 0.090635391511023 0.0894066791981459 0.0840758111327887 0.0901368299499154 0.0754404876381159 0.0750858666375279 0.0784243877977133 0.0890977451577783 0.0935953143984079 0.0660115467384458 0.0768682595342398 0.0761362491175532 0.0797899976372719 0.0833581175655127 0.059991723485291 0.0518060639500618 0.0469085492193699 0.0318869236856699 0.0399089276790619 0.0375535950064659 0.0411274664103985 0.0469337392598391 0.0423516292124987 0.0630916777998209 0.163295598328114 0.0537228377535939 0.0563862085342407 0.043569166213274 0.0249244947917759 0.023735439684242 0.0226328687742352 0.0225881389342248 0.0246830164454877 0.0231642532162368 0.0242003800347447 0.0238559275865555 0.0242296899668872 0.0235582408495247 0.0244089737534523 0.0263753078877926
0.0920673776417971 0.100216809567064 0.202029082551599 -9999 0.222459333669394 0.116903296578676 0.0874734535813332 0.0994604157283902 0.317049290239811 0.0990127999335527 0.0682549627497792 0.0413921358063817 0.112185556069016 0.0425974661484361 0.0731757164001465 0.0888186756521463 0.131723153963685 0.0891433527693152 0.0817294498905539 0.08188660684973 0.0804249765351415 0.0741127332672477 0.0765512214973569 0.0662215504795313 0.0540274994447827 0.04914431553334 0.0373379904776812 0.0356155570596457 0.0293676620349288 0.0366202175617218 0.0470428619533777 0.0530669068917632 0.0443361828103662 0.0505487261340022 0.0291001345962286 0.0299904056824744 0.0178367503918707 0.0119147714227438 0.013840122660622 0.0292369295842946 0.023341204598546 0.0228306227363646 0.0249287152662873 0.0166584117338061 0.0271993084810674 0.0267552725970745 0.024267500732094
0.0914489343762398 0.0949616022408009 0.0869387848302722 -9999 -9999 -9999 0.132546824030578 0.0962674915790558 0.0799263149499893 0.0772637018933892 0.0629636222496629 0.0754589319229126 0.0787863180041313 0.0773173470050097 0.0932966677471995 0.081111559830606 0.086432072520256 0.103526236116886 0.161546146124601 0.11685212738812 0.0696227455511689 0.0681560002267361 0.0630958257243037 0.0805354936048388 0.0691798970103264 0.0747503869235516 0.0305293038487434 0.029123605042696 0.0277376432903111 0.0313244266435504 0.0338939232751727 0.0239574123173952 0.0249566008336842 0.0481834076344967 0.0282378974370658 0.0190677219070494 0.0158943830989301 0.0292092978954315 0.0255365641787648 0.0257605906575918 0.0237157466821373 0.0264235069975257 0.0280397629365325 0.0247563583776355 0.0241877429187298 0.025739230774343 0.0255602713674307
0.609358006715775 0.23955741096288 0.10571705410257 0.0996683847159147 0.143614786863327 -9999 -9999 -9999 0.245456817746162 -9999 -9999 0.0791074948385358 0.115937794186175 0.0982774952426553 0.0829038739204407 0.0833959201350808 0.0837596034631133 0.0894088659435511 0.120787185430527 0.206965202093124 0.03956383690238 0.0174674865789711 0.0277252869680524 0.0446584310382605 0.0625448817387223 0.0420652981847525 0.0181158333085477 0.0182721866294742 0.0788073390722275 0.0318736556917429 0.0226013801060617 0.0304824847728014 0.0321468874812126 0.0307484576478601 0.0307265935465693 0.0246050189249217 0.0351615292020142 0.0277451632544398 0.0317952981218696 0.0288177641108632 0.0257278927601874 0.0261673921719193 0.0274700259789824 0.0263670340180397 0.027412929572165 0.0272080130875111 0.0303192427381873
0.181152890669182 0.160512488335371 0.0819070455618203 0.0695845630019903 0.0880218667909503 0.0967457849532366 0.142780358716846 -9999 -9999 -9999 -9999 -9999 -9999 -9999 -9999 0.180476513691247 -9999 0.309243164211512 0.0791724901646376 0.0778373431414366 0.102401996403933 0.0537462420761585 0.0185839226469398 0.0214197110384703 0.0597070749849081 0.0275314956903458 0.029218971170485 0.020251034758985 0.0217785587534308 0.02538798507303 0.0254971247166395 0.0372215596958995 0.0299507526680827 0.0192407696507871 0.0266272760927677 0.0299043877050281 0.0270873185247183 0.0270016682334244 0.0307197228074074 0.0348532732576132 0.0355717958882451 0.0357125926762819 0.0311516484245658 0.0288714911788702 0.0299427529796958 0.0287370590493083 0.0393808839842677
0.119391281850403 0.136893690476427 0.085886475071311 0.0720530757680535 0.0878799021244049 0.0875665073283017 0.109035112708807 0.093555848300457 0.0994378489907831 -9999 -9999 -9999 -9999 -9999 -9999 -9999 -9999 -9999 -9999 -9999 0.206813221424818 0.178644470870495 0.159888856485486 0.11713106893003 0.0943873032927513 0.0370681473985314 0.0522604141384363 0.0936831874772906 0.0690980700775981 0.099214487709105 0.106707189790905 0.0707331059500575 0.0919142432510853 0.073432768881321 0.0337038286030292 0.0487526673823595 0.0784550577402115 0.137380924075842 0.0526861511170864 0.048052129894495 0.0309205567464232 0.050935048609972 0.0397477898746729 0.0265927510336041 0.0307607997208834 0.0243772484362125 0.0345199033617973
0.133405245095491 0.0773143256083131 0.080511792562902 0.0840844963677227 0.0804176077246666 0.0913576612249017 0.0867329796776175 0.111507630627602 0.11449515093118 0.108744873851538 0.133901216834784 -9999 -9999 -9999 -9999 -9999 -9999 -9999 -9999 -9999 -9999 -9999 -9999 -9999 -9999 -9999 -9999 -9999 -9999 -9999 0.283389309048653 0.266352102160454 0.113159377500415 0.0520047292113304 0.0781753603368998 0.0438516493886709 0.0425504921004176 0.0333560723811388 0.0596236422657967 0.045095874927938 0.0289704980328679 0.060014858469367 0.0296401234343648 0.0494107523933053 0.0427707498893142 0.082617799565196 0.166609521210194
0.0967797727324069 0.0802452453412116 0.077610376663506 0.0808007387444377 0.0935755994170904 0.104528684448451 0.0741619461216032 0.0653660457581282 0.0554940208792686 0.0871043357998133 0.0861253539100289 0.120494025945663 0.0901703989133239 0.103640948794782 0.175633686035872 -9999 -9999 -9999 -9999 -9999 -9999 -9999 -9999 -9999 -9999 -9999 -9999 -9999 -9999 -9999 -9999 -9999 -9999 -9999 -9999 0.307009686529636 0.216264372318983 0.306332639604807 0.278859261423349 0.241092417389154 0.30981929153204 -9999 -9999 -9999 -9999 -9999 -9999
0.0891422955319285 0.076310133934021 0.0671773131936789 0.049695635959506 0.090081724524498 0.204169796407223 0.0518603440374136 0.0692228969186544 0.0770924648270011 0.0836098778992891 0.0875982571393251 0.0797189280390739 0.0954114908352494 0.0994085917249322 0.0746438128873706 0.0634308213368058 -9999 -9999 -9999 -9999 -9999 -9999 -9999 -9999 -9999 -9999 -9999 -9999 -9999 -9999 -9999 -9999 -9999 -9999 -9999 -9999 -9999 -9999 -9999 -9999 -9999 -9999 -9999 -9999 -9999 -9999 -9999
0.517391043901444 0.218369720503688 0.0802605175878853 0.0548391891177744 0.0862653829157352 0.107264186441898 0.0655882213264704 0.0663586848415434 0.163852856308222 0.159177082031965 0.0589517626911402 0.0669353681616485 0.0833126151934266 0.0773908495903015 0.055313834734261 0.0476854577660561 0.116692947596312 -9999 -9999 -9999 -9999 -9999 -9999 -9999 -9999 -9999 -9999 -9999 -9999 -9999 -9999 -9999 -9999 -9999 -9999 -9999 -9999 -9999 -9999 -9999 -9999 -9999 -9999 -9999 -9999 -9999 -9999
0.426775898039341 0.45995677113533 0.100720886024646 0.0611273686867207 0.0737102808759644 0.0645226100932632 0.0584830628242344 0.0460988335311413 0.0271832474507391 0.020688490010798 0.0267249760217965 0.0359580829739571 0.0481641042977572 0.0470526522025466 0.0261491196230054 0.0205364860594273 -9999 -9999 -9999 -9999 -9999 -9999 -9999 -9999 -9999 -9999 -9999 -9999 -9999 -9999 -9999 -9999 -9999 -9999 -9999 -9999 -9999 -9999 -9999 -9999 -9999 -9999 -9999 -9999 -9999 -9999 -9999
0.0577944771386683 0.0290194493485615 0.0420196396298707 0.0871483190916479 0.0815830165378429 0.0929388782475144 0.0409575673023937 0.0563655061647296 0.0171111143194139 0.0207234733738005 0.0113306514918804 0.0324896024540067 0.0586751576513052 0.0466355843469501 0.0641274431720376 -9999 -9999 -9999 -9999 -9999 -9999 -9999 -9999 -9999 -9999 -9999 -9999 -9999 -9999 -9999 -9999 -9999 -9999 -9999 -9999 -9999 -9999 -9999 -9999 -9999 -9999 -9999 -9999 -9999 -9999 -9999 0.219505449384451
0.0799314549192786 0.0514345079194754 0.0463682450819761 0.0367662528529763 0.0473791787979508 0.0591426217935805 0.0530840478924802 0.0135167014785111 0.0309058843180537 0.0107617379399016 0.02932881237939 0.02800576929003 0.0269938169047236 0.0225684203207493 0.065685348957777 -9999 -9999 -9999 -9999 -9999 -9999 -9999 -9999 -9999 -9999 -9999 -9999 -9999 -9999 -9999 -9999 -9999 -9999 -9999 -9999 -9999 -9999 -9999 -9999 -9999 -9999 -9999 -9999 -9999 -9999 -9999 -9999
0.0344172745943069 0.0166711239144206 0.0436004690825939 0.0475040107965469 0.0586920246481895 0.0739917313680053 0.086713008210063 0.0773767879232764 0.0391589868348092 0.0444827373430599 0.026371263852343 0.0206620192155242 0.0148791023530066 0.0193913036026061 0.0214965669438243 0.0266265915706754 -9999 -9999 -9999 -9999 -9999 0.300376943452284 0.189755359105766 -9999 -9999 -9999 -9999 -9999 -9999 0.243720471754204 0.148934535775334 0.196620042063296 0.314367456361651 -9999 -9999 -9999 -9999 -9999 -9999 -9999 -9999 -9999 -9999 -9999 -9999 -9999 -9999
0.0757117344997823 0.00838681966997683 0.0162489077076316 0.0556334998458624 0.0453445862978697 0.0617011569440365 0.0290943440049887 0.059397735632956 0.038535319454968 0.0326136206742376 0.0725256925448775 0.0674434413900599 0.0617074763285927 0.0638502367306501 0.022066168114543 0.0356190318241715 0.0425647630589083 -9999 -9999 -9999 -9999 -9999 -9999 -9999 -9999 -9999 -9999 -9999 0.25190664883703 0.176010379008949 0.183067558147013 0.129776405636221 0.062759208958596 0.0956305176950991 0.267397122085094 -9999 -9999 -9999 -9999 -9999 -9999 -9999 -9999 -9999 -9999 -9999 -9999
0.0899406528100371 0.0317159201949835 0.0180379658006132 0.0294999653473496 0.0833409665152431 0.0318987319478765 0.0225899304263294 0.0259074100293219 0.0379838435910642 0.104414626955986 0.100387385115027 0.073783771879971 0.044166722731461 0.0636726139113307 0.0165363378822804 0.0160218450240791 0.00990564657840878 -9999 -9999 -9999 -9999 -9999 -9999 -9999 -9999 -9999 -9999 0.346650179591961 0.205719010159373 0.164033913891763 0.0814652218483388 0.0823731828480959 0.0936480741947889 0.0694261142984033 0.117772700730711 0.126215668395162 0.173880148492754 0.102142348885536 0.11227004006505 0.206164223929954 0.337436194056409 -9999 -9999 -9999 -9999 -9999 -9999
0.0375433446839452 0.0235998243559152 0.0262161646969616 0.0413364069536328 0.0484499008394778 0.03907311107032 0.0583893484435976 0.0490239506587386 0.122616301290691 0.0658324472606182 0.0905954970046878 0.0930315218865871 0.103306526318192 0.0851038951426744 0.0382409993559122 0.0203115168958902 0.0126414471596945 -9999 -9999 -9999 -9999 -9999 -9999 -9999 -9999 -9999 -9999 -9999 -9999 0.21205954067409 0.15132108265534 0.130831538327038 0.10427205520682 0.116371703287587 0.112909544445574 0.0344306556464289 0.0311810805113055 0.0815864438656718 0.117195586673915 0.0831480351334903 0.0925849462951192 0.116208916902542 0.0924921278725378 0.0405653510518277 0.0350330075249076 -9999 0.13477507136995
0.0548586809076369 0.0368946662172675 0.0445927744731307 0.0189390226267278 0.0140011655166745 0.0102864310494624 0.12049215324223 0.0866066437214613 0.0784178957343102 0.0910632610321045 0.081821729731746 0.113643270265311 0.144039250165224 0.110318631585687 0.0816659515723586 0.0117991699138656 0.00993803767487407 0.0271642262301611 -9999 -9999 -9999 -9999 -9999 -9999 -9999 -9999 -9999 -9999 -9999 -9999 -9999 0.149413854302838 0.11950217547128 0.114614588627592 -9999 0.11959749888936 0.11982543604754 0.0678861014674112 0.0274243497173302 0.0922715173452161 0.0189893112052232 0.0334628062555566 0.0694734574761242 0.0343579122796655 0.0451289131306112 0.00524765942100203 0.0145723573630676
0.0595111336559057 0.0952468832954764 0.0812676444184035 0.0439187043346465 0.021734252711758 0.0193963678786531 0.0616418017540127 0.0109864682890475 0.0294496368151158 0.0291773156262934 0.0292016969993711 0.0512747352477163 0.103577508963645 0.098971195332706 0.0302504035877064 0.0361039955867454 0.0350381140131503 0.0243295200169086 0.0198974314145744 0.00754301536489947 0.0275933214870747 0.037479872813492 0.0305832621623267 0.0971876310022708 -9999 -9999 -9999 -9999 -9999 -9999 -9999 -9999 -9999 -9999 -9999 -9999 0.128368046508964 0.048803222546664 0.0301597532499272 0.0338559733399961 0.0723233211785555 0.0538848745636642 0.101588707510382 0.0776124381460249 0.0361718060696148 0.0314596202576467 0.0298981099425873
0.0620527021586895 0.064537126198411 0.0630213667405769 0.0341724931262434 0.0207562663592398 0.0175635680789128 0.0338429998140782 0.0312090411316603 0.0174266007728875 0.0589258188381791 0.0352027723565698 0.0513935432303697 0.0916454487014562 0.128041511250194 0.0987799735771802 0.0766647957148962 0.0709861358627677 0.101270342571661 0.093971112176223 0.111414741299814 0.0734833438962397 0.0192052489152047 0.0242767225436751 0.00747757993462983 0.0113548094731148 -9999 -9999 -9999 -9999 -9999 -9999 -9999 -9999 -9999 -9999 -9999 0.202703705430036 0.107157483696944 0.020064028598199 0.030440143099986 0.0645904108067043 0.0295206345559563 0.0139282817252933 0.0127713601454161 0.00843175980480737 0.0750860953531571 0.0727653387940194
