Scripts_&_data/Maxent_result_files_2/B_sylvarum_3.asc
NCOLS 594 
NROWS 330 
XLLCORNER -15 
YLLCORNER 23 
CELLSIZE 0.166666666666667 
NODATA_value -9999 
[rows 294 to 314 of 330, columns 322 to 367 of 594]
3.92494383660846e-08 4.26294851862963e-08 4.52230080938421e-08 4.0244053067795e-08 3.51380180063643e-08 3.02563269549694e-08 2.6989232004837e-08 2.43538016420075e-08 2.44523741699254e-08 2.22094358015568e-08 1.99355887353647e-08 1.74879161818353e-08 1.48864680582506e-08 1.45584316602054e-08 1.41973707457055e-08 1.33701385074403e-08 1.20071111719966e-08 1.16503071190266e-08 1.10591725110964e-08 1.13139499546833e-08 1.09155786631732e-08 1.0175718712091e-08 1.03373183790723e-08 9.84579178187062e-09 9.20023675021753e-09 8.37635376615964e-09 8.09524889344715e-09 8.23327470644841e-09 7.98451624817176e-09 7.72393486947465e-09 7.0226668036355e-09 6.32089327545771e-09 5.9432159860151e-09 5.79241545839437e-09 5.41095033224082e-09 5.57869341832884e-09 6.84853307397759e-09 7.02619584735942e-09 6.8361719174348e-09 6.92650525824234e-09 7.44119716955538e-09 7.30403244553202e-09 7.62458074454742e-09 7.79023718866512e-09 7.68809651496838e-09 8.06560729316175e-09
3.61309965057899e-08 4.27213670661786e-08 5.00095110211873e-08 4.53231312036451e-08 3.96321155449186e-08 3.57454968735738e-08 3.51015646771202e-08 3.12314343275943e-08 3.31093088057344e-08 3.20657864705254e-08 2.84609101619537e-08 2.3925980130457e-08 1.91221110945605e-08 1.67047571331125e-08 1.48748588113534e-08 1.31016706816922e-08 1.2411715211158e-08 1.19547485244453e-08 1.15079692442066e-08 1.19586631264212e-08 1.17544577182827e-08 1.15481371132375e-08 1.1311682879267e-08 1.11487144405231e-08 1.05830462615586e-08 1.00667552516143e-08 9.60075157152573e-09 9.38741107070484e-09 8.31345501328684e-09 7.55287916653913e-09 6.39672332880537e-09 6.46666000747587e-09 6.19579056948538e-09 6.25281808552813e-09 6.21453362104063e-09 6.11905073277796e-09 6.28876042352289e-09 6.39520978396035e-09 7.28201512423254e-09 8.3660475880265e-09 8.8808594034262e-09 8.61679008146155e-09 9.14354880698909e-09 9.41218383232467e-09 9.35122075329531e-09 8.16022425187413e-09
4.32701961372572e-08 5.25775350368463e-08 5.16752407975218e-08 5.58540326878187e-08 4.86637809160584e-08 5.34430848020406e-08 4.82949594982074e-08 3.87066613427578e-08 3.95878922532233e-08 3.68785359583512e-08 3.43258860446838e-08 2.98901577266975e-08 2.38859549028803e-08 2.00062754807107e-08 1.71786874503255e-08 1.45059577238982e-08 1.3292552480948e-08 1.31919385193413e-08 1.307358159508e-08 1.22792199075406e-08 1.22689190362735e-08 1.22213623221512e-08 1.20932260205819e-08 1.27562913121437e-08 1.14462869849064e-08 1.17803888421975e-08 1.08182695690573e-08 9.70054880866655e-09 9.27975714049012e-09 8.47018379879216e-09 7.65017866832807e-09 7.17433958907776e-09 7.38117305054686e-09 6.47692259825305e-09 7.12762908694486e-09 6.89187455993334e-09 6.43701973945809e-09 6.26295779682096e-09 7.26525981598058e-09 8.22070482797699e-09 1.14258023931058e-08 9.97653470946602e-09 9.45026323861953e-09 1.03096367443101e-08 1.02494403186881e-08 1.06235242380848e-08
6.15610984411319e-08 5.56891695424611e-08 4.87477027633076e-08 5.50288834944013e-08 7.77340311231001e-08 8.09996208772645e-08 5.67048639155132e-08 5.11651611745378e-08 5.55652304612408e-08 5.08680992439281e-08 4.09861264927258e-08 3.59119381343476e-08 2.86232543444953e-08 2.39673002333518e-08 2.21357772112185e-08 1.80769240021306e-08 1.55594205963894e-08 1.48336614103073e-08 1.40751322597055e-08 1.42645621536985e-08 1.40471708487411e-08 1.3135171839096e-08 1.28910276231409e-08 1.28764180207241e-08 1.33270375179961e-08 1.29532307990843e-08 1.12550106567966e-08 9.99813374313874e-09 9.97184361750669e-09 9.17216831375356e-09 8.57630362283146e-09 7.55067353086503e-09 7.10208620802177e-09 6.99262103776022e-09 7.33710687761402e-09 7.10788898850012e-09 6.58984351531444e-09 6.23829137236243e-09 6.27617322557228e-09 6.97311164365999e-09 9.75925593671434e-09 9.91951254469825e-09 1.01758115267359e-08 2.16992429358243e-07 2.05994171054158e-08 1.24982533211693e-08
4.51832793402218e-08 4.70627364634879e-08 6.64268426930903e-08 8.82638936161584e-08 7.99761345149364e-08 8.79682154675265e-08 8.71193932994174e-08 7.81525105963965e-08 6.1269379258988e-08 5.04087479313853e-08 4.174343359864e-08 3.46921772198527e-08 2.77633482426154e-08 2.34773256835297e-08 2.08002172819022e-08 1.8986107619412e-08 1.72111052076929e-08 1.59858238202304e-08 1.48750519457508e-08 1.4700815276214e-08 1.4500422373942e-08 1.35903935216675e-08 1.35592293837306e-08 1.38796777626737e-08 1.46714223436817e-08 2.19456437022814e-08 1.2264657422989e-08 1.08046732893996e-08 1.03077825386322e-08 9.62101021073636e-09 9.05585002541898e-09 7.72936425974535e-09 7.53821125520915e-09 7.53041056178461e-09 7.48193391686414e-09 7.35089216163942e-09 7.36257748101821e-09 7.0473084035072e-09 7.11932897079492e-09 7.21519124446957e-09 7.70586190412814e-09 9.08769015595112e-09 8.98592960041356e-09 1.0592140275989e-08 2.34425300504881e-08 1.16798490878978e-08
4.55056957449074e-08 5.76616919545359e-08 7.70468467692353e-08 7.41462752529287e-08 1.00002580083469e-07 1.2733225283057e-07 1.06881581984908e-07 8.38785332746284e-08 6.7530510428071e-08 5.37425757229926e-08 4.22793185350656e-08 3.41737661280206e-08 3.01454593731876e-08 5.27429868668605e-08 1.91442258490326e-08 1.83821349253321e-08 1.70698913670719e-08 1.68283816659454e-08 3.69750118522916e-08 2.82217712310739e-08 2.80313666500831e-08 1.286622732799e-08 1.26822798041104e-08 1.297941376599e-08 1.34386263006547e-08 1.39309717539504e-08 1.28723006920239e-08 1.1351125106529e-08 9.27921530724518e-09 8.46766634587937e-09 8.30623254621798e-09 7.57906555293175e-09 7.13709504829296e-09 7.49131416899473e-09 7.59430163199681e-09 7.40363805817879e-09 6.90332797592674e-09 6.13843076369136e-09 6.82195544499109e-09 8.57180593172302e-09 7.60907818975198e-09 1.69627976109865e-08 1.08291308809072e-08 1.05351248169683e-08 1.08056309677806e-08 1.00553926962732e-08
6.55285857575905e-08 8.6520012132496e-08 1.18179051256107e-07 1.28654838960074e-07 1.40575598095438e-07 1.31325944607852e-07 1.10450151424857e-07 8.86992559401278e-08 6.72900759113304e-08 4.99096156403311e-08 4.10429095154541e-08 3.3345264505158e-08 2.60166096666126e-08 2.15431868788585e-08 2.15157641925146e-08 2.08085892516863e-08 1.87548770291812e-08 3.58364413699519e-08 3.59955112827492e-08 3.51564176881425e-08 3.1470769457087e-08 2.80255803453144e-08 2.23666027032721e-08 1.25887425816984e-08 1.2921198511151e-08 1.37637318875505e-08 1.1865564442104e-08 1.08856353708831e-08 1.00005901337852e-08 8.19835013210479e-09 7.70909092118188e-09 7.57679521345978e-09 6.76897331519655e-09 7.5030057944403e-09 7.32738860698134e-09 7.44462171908822e-09 7.61240572799693e-09 6.77973845952806e-09 6.30211527408164e-09 6.09837449427886e-09 1.27685262363286e-08 6.27137159980862e-08 8.04595035042155e-09 8.78920514146841e-09 9.69265827599486e-09 8.35061484405486e-09
1.28040234059767e-07 9.71984263742343e-08 1.29647158431112e-07 1.48594855176043e-07 1.47894952107208e-07 1.36648716519971e-07 1.10494790206417e-07 9.68063861961355e-08 6.74904303110679e-08 4.37013623511007e-08 3.72218449840034e-08 2.61943443824464e-08 2.4478394777816e-08 2.44923416659049e-08 2.51402111572929e-08 2.43987968495674e-08 2.3947941496516e-08 4.7461450591868e-08 2.05993688773276e-08 3.7626693405457e-08 1.82283304006603e-08 1.6474481823181e-08 2.45749602889589e-08 2.64018847673242e-08 1.26607497819009e-08 1.3146618149662e-08 1.22206599506569e-08 1.1034148306166e-08 1.03767244130637e-08 8.66975593538655e-09 8.30507473903452e-09 7.31382616692144e-09 7.32363838462646e-09 7.46808139773236e-09 7.65249876799601e-09 7.33185157031357e-09 7.07923963894075e-09 6.32971914882319e-09 5.09502275924945e-09 6.37028134686801e-09 6.20490885339109e-09 8.16533076708481e-09 6.77975320328983e-09 7.70647317072104e-09 8.83084729785821e-09 7.45760961873287e-09
5.97465385610008e-08 9.99892669995006e-08 1.36045491672121e-07 1.4956854172965e-07 1.33367657895178e-07 1.20003950243586e-07 1.03168114051755e-07 1.03728598332964e-07 7.16366166386706e-08 3.20554582877719e-08 3.05818747214914e-08 2.4218200600501e-08 2.46730018638175e-08 2.70971028726308e-08 2.71578472599288e-08 2.90957141046988e-08 6.69016738896744e-08 1.43774281013975e-07 1.08334334640858e-06 2.47468335601297e-08 2.24525027903155e-08 2.07499805782163e-08 3.08179410879461e-08 3.23623394749006e-08 3.1253215482252e-08 1.31656706425787e-08 1.24594890849039e-08 1.13592005135388e-08 9.8286543792625e-09 8.66315932324113e-09 8.24957493428258e-09 7.79173880971484e-09 7.10138541304417e-09 7.39116428061237e-09 6.72876885321472e-09 5.99579430549113e-09 5.67942719520431e-09 5.6101718159951e-09 5.41569331602432e-09 4.87478133415209e-09 6.34667198795569e-09 7.32428988570177e-09 7.8591406937889e-09 6.10332047124018e-09 6.12968866775532e-09 6.38309620715205e-09
9.87115747363987e-08 9.58650087312662e-08 1.29357421840837e-07 1.19728729330859e-07 1.06763184248848e-07 1.18380892288883e-07 7.31818623478375e-08 6.69228695571178e-08 1.00864838969983e-07 3.77846651744562e-08 3.14541503954047e-08 3.19198997011938e-08 3.7860135471135e-08 2.94008454915229e-08 2.86180681818848e-08 3.44544805130909e-08 8.93337848140163e-08 4.64687525791874e-08 7.5140004796026e-08 3.24808609342142e-08 2.70978562255664e-08 2.41790523602958e-08 4.25121083225122e-08 4.14492390632404e-08 4.17835357424678e-08 2.95329426691637e-08 2.64869154165126e-08 1.1388414256075e-08 1.91311634978319e-08 1.68903878883242e-08 8.34870714783165e-09 7.50748343492091e-09 6.79853326968072e-09 1.09494171063318e-08 6.85057288674074e-09 5.07688779904925e-09 5.34745889790855e-09 6.08339894014875e-09 6.77788656311407e-09 5.61510811181165e-09 5.87633621762507e-09 5.97219314002473e-09 7.17654322635042e-09 5.94584115276575e-09 5.71821068273692e-09 5.28706551872205e-09
1.16789021120667e-07 1.23966314191648e-07 1.36718104215561e-07 1.05478050826946e-07 9.84148428528897e-08 1.01759645687594e-07 6.71237152971571e-08 6.03491024264713e-08 7.52051036556622e-08 4.62791316380162e-08 4.26065264846898e-08 5.29223397549572e-08 4.10948155504798e-08 3.5351753702173e-08 4.28566773180705e-08 1.02359528497686e-07 5.60017907602628e-08 4.55413159627938e-08 3.96735355678857e-08 3.42083777304936e-08 2.9664288181408e-08 4.22839855573898e-08 1.99763205976922e-08 4.35386130703819e-08 4.19734760725987e-08 3.542424060754e-08 2.35110205082378e-08 1.22236980981683e-08 2.16280512610467e-08 1.70438656077465e-08 9.0748861314438e-09 7.18851156378264e-09 6.35222803246904e-09 5.83719583779896e-09 5.14989710875824e-09 4.80754041021214e-09 6.08482995101411e-09 6.32049184101646e-09 6.7047684293442e-09 6.73277162910324e-09 6.63164023695373e-09 5.89055721977871e-09 6.22972127217736e-09 5.4781729152964e-09 5.40377511626389e-09 5.34066089130647e-09
1.49329755316785e-07 1.40488972277808e-07 1.51828498218265e-07 1.4995017778574e-07 1.69011512696216e-07 1.50546955524078e-07 1.07412969541087e-07 9.65806080444054e-08 8.92159384591196e-08 4.71232413090661e-08 4.01356572865552e-08 4.0532266787352e-08 4.57363581674031e-08 6.2768297226512e-08 7.47178830806661e-08 7.97088826942627e-08 7.54200694785823e-08 5.10016480603781e-08 4.2719750403819e-08 3.68033912678811e-08 4.65802894922263e-08 4.39863249823702e-08 1.95282180648348e-08 1.98184549660141e-08 3.98796453637829e-08 1.56639989867813e-08 1.88208382212451e-08 2.46358196953622e-08 9.88443167315722e-09 1.70608676075545e-08 6.99078532839792e-09 6.73357656300055e-09 5.3213416562059e-09 5.24832048931501e-09 4.4750226302348e-09 4.64609277717187e-09 5.59006836375886e-09 6.41146742363929e-09 6.1817828189703e-09 6.27481138160135e-09 6.4600818028282e-09 6.09840782317406e-09 5.55200272422951e-09 5.34112856165336e-09 4.58569231476247e-09 5.06702821923e-09
1.49657161330197e-07 1.59961199130976e-07 1.83021143840278e-07 1.60669320337092e-07 1.5081825353036e-07 1.62762889033274e-07 1.44568180360238e-07 1.09877015574966e-07 7.02206595093458e-08 4.28730077217665e-08 4.42565049496579e-08 6.16617642279493e-08 6.52382428967257e-08 6.95051475929631e-08 6.33838164176836e-08 5.86730623197695e-08 6.54097386032504e-08 5.9983078415371e-08 4.20274105294993e-08 4.57886937255125e-08 5.84276458326372e-08 3.05231727892874e-08 2.42747135281718e-08 2.20713452847576e-08 1.94138046083481e-08 3.2704668750938e-08 2.90653717982536e-08 2.05455392254805e-08 8.74645798010221e-09 7.00806339626325e-09 1.32301984923089e-08 1.03359670600156e-08 8.57750892535591e-09 4.23716305375521e-09 4.05147009274742e-09 4.49726215157042e-09 5.38424975715657e-09 6.13269084404067e-09 5.90777069486847e-09 6.32049681481561e-09 6.15736814868484e-09 5.97606237828785e-09 5.28119885601086e-09 4.54938599014909e-09 3.86261603813054e-09 4.20666762535049e-09
1.79440048242441e-07 1.64725759077555e-07 1.54298191290536e-07 1.72526254971217e-07 1.90694203183739e-07 1.42624180909934e-07 1.10805911646139e-07 9.31628164835274e-08 9.00858715624509e-08 5.24343535701632e-08 5.24024187598116e-08 6.99616890642574e-08 6.68881044774139e-08 6.07879339753481e-08 5.15045677218495e-08 7.17961210483509e-08 6.99270088944104e-08 4.96680261363736e-08 3.2480476086505e-08 3.90666746952206e-08 4.30601621914661e-08 3.93866445236313e-08 3.03536150880745e-08 2.41213941265528e-08 1.89746936385404e-08 2.7067153762772e-08 1.56950814123036e-08 1.04776798348638e-08 1.50667708087582e-08 1.78892150870524e-08 6.72619466790536e-09 7.56575553317873e-09 9.82668302285106e-09 5.44207248154294e-09 3.85036906802583e-09 4.42993165483685e-09 5.00039039064148e-09 5.95693878668868e-09 6.17776352296318e-09 7.34068250629605e-09 5.57999522143859e-09 5.92553091038894e-09 5.21037322176454e-09 4.64223322005353e-09 3.9903260695695e-09 3.58316331050545e-09
1.95300759742167e-07 1.84087544852218e-07 1.57317330007345e-07 1.48541750633058e-07 1.80448170539194e-07 1.60888307476625e-07 1.48743546191099e-07 1.55716265481942e-07 1.5026791899686e-07 8.83326070066914e-08 6.07649763395557e-08 4.84411582846178e-08 5.18583558317687e-08 5.8937233760048e-08 4.98649963986963e-08 4.49570423555201e-08 3.42128403829633e-08 3.14161077596964e-08 2.92212130048597e-08 3.0731057787392e-08 3.46950187690709e-08 3.57962550268098e-08 3.07001196908629e-08 2.57544773951679e-08 2.02670992877074e-08 1.65639030047515e-08 1.44493329301554e-08 2.33711197061837e-08 1.30462090019989e-08 1.80370849811595e-08 1.46289942826172e-08 5.29582415698115e-09 4.31610790441184e-09 3.56575808879711e-09 3.82959199907162e-09 4.04858035985001e-09 4.81092163884256e-09 5.65347368919333e-09 6.03696570511403e-09 4.74687547047381e-09 1.46495642727729e-08 6.30767700293688e-09 5.02718688899506e-09 4.26488560023586e-09 4.0694023151211e-09 3.74723509999342e-09
2.43208238970283e-07 2.16541135245052e-07 1.42012100923239e-07 1.1101435859473e-07 1.28270090726801e-07 1.59862923965193e-07 2.80074169722866e-07 2.42762116897666e-07 2.18580648692068e-07 1.13148767511007e-07 5.72194442938212e-08 4.90340108072473e-08 3.96433813776298e-08 4.56224038103414e-08 4.75972774083289e-08 4.73660739075399e-08 4.30883716262542e-08 3.51792705188814e-08 2.45996136349902e-08 2.31425110186478e-08 2.76246218788856e-08 3.03291412429019e-08 3.5213782823007e-08 2.90526014801173e-08 2.23147288203052e-08 1.49158200013488e-08 1.18130403681249e-08 2.86252959114108e-08 2.26608698916664e-08 1.82617100108473e-08 8.55621902218218e-09 3.42906875516746e-07 3.95934141028675e-09 3.95725081592246e-09 3.40754513494801e-09 3.95402409703038e-09 4.49625884302307e-09 4.90030309663325e-09 5.77448413530135e-09 5.22440504191479e-09 4.19119762229414e-09 4.74543713213649e-09 5.12527740248458e-09 4.09074989438096e-09 4.24759761807891e-09 3.55395228801569e-09
9.24848798433686e-08 1.46103044329493e-07 1.74002973096776e-07 1.26998713767534e-07 3.48027281660279e-08 5.49813927719356e-08 2.15173159290316e-07 3.77288429831424e-07 2.79310546602574e-07 1.08657297559489e-07 4.4983830527201e-08 3.92044897878918e-08 3.60727144155248e-08 3.16096194552529e-08 3.51066926640442e-08 4.33053822135321e-08 3.15726635058411e-08 2.49252821937773e-08 2.03331025794284e-08 1.87884127811344e-08 2.05932032315559e-08 1.8558833225768e-08 2.01118156795133e-08 1.95435426952884e-08 1.53006544767464e-08 1.36525862615144e-08 1.06760629225988e-08 9.33423764948316e-09 1.52101014005979e-08 3.23358734455326e-08 1.45856448696691e-08 1.80478446409893e-08 1.18329176235221e-08 7.88349825420198e-09 3.51824246402899e-09 3.4790473280033e-09 2.26837715722183e-08 1.38279253825147e-08 4.24783890284885e-09 5.5957716682542e-09 4.65055451925878e-09 4.35509218688068e-09 4.41226722935895e-09 4.94571998910231e-09 6.08872143814665e-09 4.52170526576978e-09
1.87839092724573e-08 5.8600741503767e-08 2.99089358613003e-08 5.55309167538098e-08 1.48636345453923e-08 2.75465771082395e-08 2.1297304542145e-07 4.08583603928037e-07 2.64191885435139e-07 1.26715464077165e-07 4.84882336948544e-08 3.18386515374414e-08 3.42376637263442e-08 2.63857587334826e-08 2.64966749874418e-08 2.52266733724582e-08 2.17462375218247e-08 1.87274316942876e-08 2.21040625802971e-08 1.68671976830126e-08 1.62521410995708e-08 1.79490833751572e-08 1.73182820972784e-08 1.24230304265893e-08 9.83171766222313e-09 1.09814923376916e-08 8.10343168122785e-09 8.35092195394793e-09 1.09150223970289e-08 2.29848078348027e-08 9.56321448697395e-09 9.97353520659772e-08 2.29274166763105e-08 9.72096456663962e-09 3.45020927383644e-09 3.20356482452766e-09 6.33660877102926e-09 1.12375392991026e-08 5.14547722207936e-09 5.09148869731746e-09 8.15480372118316e-09 5.75478127373685e-09 3.95965000787868e-09 4.37440115241827e-09 4.0924225341854e-09 3.8182533912412e-09
1.27807444627592e-08 2.05848185608204e-08 2.50302920612455e-08 1.1958883039398e-08 1.36966927577475e-08 2.66211308108666e-08 1.47380907122852e-07 7.3482525806412e-07 3.70454989706559e-07 9.87910809158166e-08 4.49667396651421e-08 3.23113872546799e-08 2.86317384912138e-08 2.63835917557742e-08 2.31874798473086e-08 1.93316203045413e-08 1.91771344582037e-08 2.27488182069635e-08 2.25019491928435e-08 1.60705462270982e-08 1.28551423284051e-08 1.46668639899872e-08 1.31012730886226e-08 9.54173544620574e-09 8.28132313834828e-09 9.07726169785406e-09 8.0130345470053e-09 6.53903133862599e-09 1.96791846818201e-08 9.30557599865267e-09 1.40746988286367e-08 4.96329346511004e-09 5.26771704034701e-09 1.45442976329235e-08 3.05148702972602e-09 3.70061684629164e-09 3.45998303341588e-09 3.28140494776363e-09 5.92807158916742e-09 4.70180547829102e-09 2.29556639474993e-08 4.85765359048429e-09 5.07649826619883e-09 4.29238583565805e-09 4.41222406388775e-09 5.82999724052513e-09
4.32300774066974e-09 4.24939975429694e-09 1.00865432672848e-08 2.79469260178189e-08 1.82784511970624e-08 2.11006205397268e-08 1.08243565577482e-07 5.86119040235644e-07 2.75647593639405e-07 8.04871199022727e-08 5.37704755387836e-08 3.81909288194038e-08 3.04160942654619e-08 3.87479516916756e-08 2.96177371517103e-08 2.56670348974808e-08 2.08464275175402e-08 2.53295308283441e-08 2.1015107343203e-08 1.34819922337215e-08 1.04181235638379e-08 9.81311671921503e-09 9.21498917172414e-09 7.7110736462771e-09 6.85111243292624e-09 6.70642086308959e-09 5.35269846224651e-09 5.43333096292287e-09 5.93577444973903e-09 5.8671392855203e-09 5.93629945200291e-09 1.1281400036367e-08 5.02056221041158e-09 4.55107357355544e-09 3.07896812490327e-09 3.19577857510467e-09 3.14601426021355e-09 3.34304192106671e-09 3.14318707728134e-09 6.84578536080949e-09 1.02897272924451e-08 4.92515284111761e-09 5.45077716296305e-09 4.66265104304142e-09 2.60333025137172e-09 2.69701287969326e-09
1.87114818084311e-09 6.24684122207952e-09 2.73462540612002e-08 2.28890569609064e-08 1.9808597517823e-08 2.05033447997494e-08 6.93247955041443e-08 6.32657636856493e-07 7.67089315445446e-07 2.03891895722563e-07 1.19064592496443e-07 5.68761187480504e-08 4.36949084914318e-08 3.78752163854301e-08 5.60099628899025e-08 4.32867942379289e-08 2.57329107355986e-08 2.14278805366064e-08 1.70704905766428e-08 1.37374947861701e-08 1.11498546839783e-08 1.07680483196759e-08 9.32689574462131e-09 9.9883586290872e-09 1.2788497816274e-08 7.40621000083763e-09 7.10350755994682e-09 6.66980619623558e-09 7.1180808802751e-09 6.53345246792725e-09 6.21661031541265e-09 5.9174003030904e-09 1.0897337432425e-08 6.47434630351995e-09 7.886883079955e-09 3.42094061966947e-09 3.39470243027051e-09 3.55909205440597e-09 2.99745052112499e-09 3.46526508598899e-09 6.04015710781169e-09 8.37271858511457e-09 4.0298536951866e-09 3.43050865492245e-09 2.46496618672154e-09 2.30474745954723e-09
