Scripts_&_data/Maxent_result_files_2/B_sylvarum_3.asc
NCOLS 594 
NROWS 330 
XLLCORNER -15 
YLLCORNER 23 
CELLSIZE 0.166666666666667 
NODATA_value -9999 
[rows 294 to 314 of 330, columns 460 to 505 of 594]
4.32390243609859e-09 4.44020519241306e-09 4.62576359439026e-09 6.28383709511127e-09 5.68521536514766e-09 4.74250217985528e-09 2.59527944690419e-09 1.3888562744313e-09 2.05998008651065e-09 5.0134061346796e-09 6.92700354854026e-09 6.07763164239827e-09 5.54748946779426e-09 5.40034876816975e-09 6.38866735069854e-09 6.58756249549697e-09 7.05396230316069e-09 7.0849364153247e-09 6.79466658493055e-09 8.3526411120971e-09 1.54595383161649e-08 1.74839226652068e-08 1.41270432241214e-08 8.59827551380476e-09 1.07037789742748e-08 5.70568564839391e-08 3.14826276337499e-07 1.17381234474578e-06 1.71999922713439e-06 4.03660096708336e-05 0.00016233241512964 1.42883367516333e-05 5.60371785240932e-07 2.01790835063775e-07 3.17262153215481e-09 8.38433911187764e-10 8.74699501718368e-10 9.45873690483268e-10 9.15815911994855e-10 1.21560824739575e-09 1.67425409092203e-09 4.52053496857729e-09 2.89240788653444e-08 2.31540091100157e-08 3.81611165778395e-08 1.52921823648455e-08
2.96087268036871e-09 3.30033934625718e-09 3.17182405895622e-09 3.8547965153235e-09 3.47480771933917e-09 2.39248081346233e-09 1.43541737385178e-09 1.02459142281575e-09 9.53787937518769e-10 1.79264865174389e-09 3.7767550864487e-09 3.9223627124052e-09 2.96151053680305e-09 3.13602523949186e-09 3.92571650742468e-09 6.62510344362488e-09 8.09854658889719e-09 9.7514554653344e-09 1.60577592556166e-08 4.04306513601682e-08 5.39343494310174e-08 4.50445226007901e-08 8.73435093140529e-09 8.70765759497516e-09 1.35077333318634e-08 1.21774515449147e-07 7.54889168774753e-07 1.15625465184621e-06 2.76326865105148e-06 7.66572087741224e-05 1.87806788744638e-05 2.28209770284593e-05 1.87774629694104e-06 6.47880277426793e-08 1.7011815178769e-09 6.36887542704301e-10 7.38036742831127e-10 1.19957452859865e-09 1.28851718184109e-09 3.9704183496525e-09 1.97324011574906e-09 1.71640940349604e-09 3.49265338872584e-09 2.73256580696213e-09 3.12875779728827e-09 4.58903237632313e-09
1.99061572780934e-09 2.36695754107785e-09 2.40540035667536e-09 2.30678047774546e-09 2.4178425039878e-09 1.57319245408516e-09 1.24913233090496e-09 7.5485713235679e-10 6.66443344954359e-10 1.07281343808552e-09 1.82647633684141e-09 2.20246034743354e-09 1.94852217694219e-09 3.19305965001959e-09 7.68692127728343e-09 2.14548220967004e-08 2.35203314602472e-08 1.65490209536046e-08 1.68093046148954e-08 1.75961786474943e-08 9.13284781134394e-09 7.01390348023523e-09 2.35303522444497e-08 9.98450557787578e-09 2.46318970553716e-08 2.13407081872674e-07 9.25241832305801e-07 1.50587992493456e-06 1.49302930367412e-05 4.94326786792953e-05 5.07306845065614e-06 5.73682002595888e-06 2.79332930404053e-06 1.45522883965299e-08 1.55077806152093e-09 5.89104465209544e-10 7.35891947378775e-10 1.66343140373115e-09 4.04904398898509e-09 1.69676828587484e-08 2.58293571420154e-08 1.46240193288349e-08 3.99157557007257e-09 1.87269553197922e-09 2.51093406067326e-09 1.97291495362961e-09
1.86723540185341e-08 3.00742908354579e-09 2.11685091677793e-09 2.27958639742454e-09 1.68128178046345e-09 1.56754099700507e-09 1.05912096870497e-09 9.77167124993628e-10 8.22574808267973e-10 7.66553309716755e-10 9.96228011196365e-10 1.34010781360772e-09 1.90476385775185e-09 3.58633887032056e-09 8.07841709082879e-09 7.58686102830808e-09 6.67686868016659e-09 5.84493775601658e-09 5.64459339269519e-09 5.18969185403506e-09 6.15139195137004e-09 7.14954850877803e-09 9.30602204185504e-09 1.30506840889666e-08 5.28547404954338e-08 5.04965252901002e-07 1.15818565404879e-06 2.49273763301972e-06 7.74146515141183e-06 2.79458301974955e-06 1.27586287135273e-06 1.82122606702251e-06 4.70998296009384e-07 1.14157676200932e-08 1.07518698388986e-09 9.64102131462141e-10 2.28301603177883e-09 2.81039312710618e-08 5.00622181931476e-08 9.60344562983551e-08 2.31949335294246e-08 3.45884349606251e-08 3.77816105512352e-08 2.00568505803744e-08 2.4575515489289e-08 1.56354870828324e-08
3.09587053948235e-07 3.46496143777131e-08 6.73550708540915e-09 3.42328732028108e-09 1.52896281191417e-09 8.88608697735549e-10 7.5371379137934e-10 1.02441473082138e-09 1.21154333232454e-09 1.17853282688429e-09 8.45331593612997e-10 1.14100882075974e-09 1.58708232111948e-09 1.82840014240071e-09 2.34693909861861e-09 2.71658171513423e-09 3.22722824019905e-09 3.96588328843706e-09 5.01798707031043e-09 5.92581357317101e-09 7.6092862455468e-09 8.22449763848709e-09 1.1104336516965e-08 3.25130788070282e-08 1.16746566192205e-07 7.72449303099165e-07 1.15353579985822e-06 1.88295441034825e-06 2.14439310184389e-06 1.57452915914291e-06 8.1538020822336e-06 1.31184766587467e-06 1.47422222767091e-06 4.8580251466035e-08 1.42602665231806e-09 2.34197427007032e-09 6.42889066426733e-09 2.6455415014226e-08 6.04309976282025e-08 7.10330215980548e-08 4.44052172809961e-08 2.53507992376001e-08 2.45122784292562e-08 2.43295493085327e-08 2.46188442964979e-08 4.05363565825212e-08
8.57586698543855e-07 1.24260483147509e-07 5.6055271890898e-08 9.75378742218425e-09 3.07233407603746e-09 1.7023782827863e-09 9.48950928947312e-10 1.20216083754343e-09 1.89557604057811e-09 1.79081207640763e-09 9.8652235269725e-10 1.15097960051713e-09 1.27337057564958e-09 1.61304349877156e-09 1.82357732247951e-09 2.45740287008189e-09 3.08277170457671e-09 4.34680000882537e-09 5.69569666986069e-09 6.38804682484562e-09 8.48802370612134e-09 1.19175896262647e-08 2.40089435443736e-08 1.40975624418616e-07 2.52591540572666e-07 1.07974832417312e-06 1.20394979603589e-06 1.67166249411821e-06 1.55181807031113e-06 3.05079189502067e-06 7.31053398794757e-07 7.636346254003e-07 1.6852684794344e-07 2.48732965957288e-07 4.21246193482716e-09 3.43255067702941e-09 1.27737733279787e-08 9.29025251394933e-08 7.8531223479672e-08 8.64905839392804e-08 9.09894989575832e-08 8.31014176583267e-08 9.86256377899508e-08 8.57956198530019e-08 1.39999978188143e-07 5.7677719311755e-08
1.83585439117451e-07 1.88399030065511e-07 2.95105336078905e-07 7.04587440836235e-08 1.00465051389165e-08 2.62727225530668e-09 1.85836670496542e-09 1.87256813388714e-09 1.87558091280238e-09 1.71522861469597e-09 1.69885246981138e-09 1.6952161452366e-09 1.54660476647805e-09 1.70247651531952e-09 1.769373036975e-09 2.77771429191276e-09 3.48140984929302e-09 4.54393241922091e-09 5.871172592542e-09 7.94207579701833e-09 1.28758192108336e-08 2.58658369389764e-08 1.19514036711621e-07 4.26660511720911e-07 3.62684718879791e-07 1.21462634865566e-06 1.43726475698713e-06 1.97408390931741e-06 1.7264244377202e-06 1.321324731407e-06 2.31321000683238e-06 4.44055611126259e-07 1.32456979713425e-06 7.75437442257498e-08 6.66166595664208e-08 1.51856342611723e-08 9.08355595186094e-08 1.48496511087615e-07 9.62210016552945e-08 1.0743206129149e-07 1.03802713624646e-07 7.74731390151828e-08 7.47268614986751e-08 1.09046165164273e-07 1.02221816433712e-07 4.45210151411857e-08
6.22765922386748e-08 7.11711638956558e-08 4.00635100561431e-07 1.11223357635026e-07 2.39456658945869e-08 3.56326429473697e-09 3.51339155546526e-09 3.5367067940939e-09 3.00163564004308e-09 3.12152895753925e-09 3.04513039228738e-09 2.49618404835061e-09 2.39454347461532e-09 2.27437259026075e-09 2.67352416871702e-09 3.48225845936412e-09 4.28870522428682e-09 6.64415278350816e-09 1.06614281403239e-08 1.88990958882584e-08 4.27925314738786e-08 1.41519746676977e-07 6.32002746669968e-07 6.04614970711737e-07 8.01737436972871e-07 1.02588778077006e-06 6.51101177595592e-07 8.47849631213648e-07 1.24703537949244e-06 1.78598079401127e-06 8.99243687513263e-07 3.62263229192195e-07 1.74303941236076e-07 2.62928170968735e-07 1.83440768353194e-08 8.12863030219546e-09 9.0327864299411e-08 7.97793195062013e-08 7.95905179984402e-08 8.34048199394033e-08 8.79077303395093e-08 7.47231368336543e-08 9.04230851972443e-08 6.24626126821681e-08 5.09030727791071e-08 1.10839502021065e-08
3.22999559543291e-08 6.37844456363723e-08 5.21389841523501e-08 1.14176902243912e-07 5.44600547769392e-08 6.34968493340438e-09 1.49551123040936e-08 7.21935629055537e-09 7.111471167498e-09 5.58234323211337e-09 5.20827510008814e-09 4.88155390554468e-09 5.07066462152039e-09 5.40364388790238e-09 6.36989241353803e-09 8.49079782039297e-09 1.81870983162469e-08 2.98935797005129e-08 3.17504635916066e-08 1.17926515841305e-07 3.8583655310731e-07 5.03140810792502e-07 8.42160298475392e-07 6.38300824107318e-07 5.55734536078489e-07 1.07710882844003e-06 1.12659554361016e-06 1.91201639836436e-06 1.26756535223649e-06 1.84508761549296e-06 1.05436016042404e-06 5.36082956159589e-07 1.22468336485326e-06 1.58633529849794e-06 3.8625257992031e-09 6.58894880878336e-09 1.07260057191638e-07 6.18113672246068e-08 8.30322990807986e-08 1.00208128017698e-07 8.26511836748978e-08 6.52740002493601e-08 9.66251999301448e-08 5.25632107839513e-09 5.19100700202557e-09 1.03620031444152e-09
3.65962611326154e-08 3.5555975763657e-08 5.75180148842946e-08 5.68775968545765e-08 2.04704139150635e-07 4.4706243151893e-08 1.47211583367834e-08 1.63916466178193e-08 2.00500792857383e-08 1.78928443173021e-08 1.26582729187419e-08 1.07588321363039e-08 1.22235397803649e-08 1.50981688484819e-08 2.05127912877856e-08 2.96918747366703e-08 5.35000170387434e-08 1.45457971001406e-07 3.58429905134017e-07 4.28950963282659e-07 5.50651023445425e-07 6.73274621476594e-07 6.430186289208e-07 1.06929285834667e-06 6.60407448549449e-07 1.38874696062885e-06 8.90315382662266e-07 1.36475880481157e-06 2.89372499082674e-06 3.35110108835579e-06 7.56689155423373e-07 5.20049187002769e-07 1.65975960442211e-07 4.71766770715476e-07 2.80731015100955e-09 8.93778580035587e-09 2.72345215712733e-08 3.77601324430543e-08 6.35669564985619e-08 2.20183254739936e-08 6.00085627411318e-08 4.84212422158237e-08 5.40284067485075e-09 1.6637456634605e-09 2.47843086054189e-09 1.84578119455381e-10
7.0985464617479e-08 6.6714645186039e-08 2.85349545769975e-08 2.75410775074647e-08 1.88555355329356e-08 3.77944999740976e-08 7.15204009793524e-08 1.11314668416185e-07 1.28173996927217e-07 5.62040288087928e-08 1.71885703892372e-08 3.79663998018032e-08 5.4835778584561e-08 4.50401556051361e-08 7.41998523068332e-08 1.76411675312238e-07 2.87529846332291e-07 2.38569110422304e-07 2.38378992634125e-07 3.17550669137745e-07 4.88118288899386e-07 3.64094991311958e-07 5.7965193320797e-07 1.43935428127406e-06 8.81477359371274e-07 4.67422049155175e-07 3.5270035425583e-07 1.51417826828038e-06 2.00802483050211e-06 1.04994110188272e-06 1.01717008362812e-06 1.06172134195504e-07 2.26596736752072e-07 1.39351822525668e-07 2.01186697301736e-09 4.62221463326529e-09 5.77671894319565e-08 8.30834100185029e-08 6.06229871635833e-08 3.90900921409809e-08 2.1354609236468e-08 3.03280468294531e-08 9.62890400746374e-10 8.52558668107406e-10 1.60581278274563e-09 1.54141865937873e-10
2.43346308081982e-07 6.78452986235811e-08 2.9809359780586e-08 2.04606489084824e-08 1.58255585969158e-08 1.33819256564749e-08 1.50659696718236e-08 1.60414153516086e-08 1.44580116767656e-08 1.24583887650687e-08 1.37259162702463e-08 2.22021101947689e-08 3.81430218965306e-08 8.37037561041143e-08 2.78062830716408e-07 1.62948705906274e-07 1.58626381363547e-07 2.1084163819296e-07 3.57895733316127e-07 3.09363306882915e-07 1.91850592301535e-07 2.25093154426759e-07 4.65468973231964e-07 4.62966016812061e-07 1.9746361090256e-06 2.59442279570976e-07 4.90603366642972e-07 9.05680153096e-07 5.78913616777754e-07 1.41015300414438e-06 7.01111974876767e-07 1.40688633365471e-07 7.05225037478385e-08 5.96235890881758e-08 1.77981481774836e-09 6.37408246184634e-09 6.21455104266033e-08 5.47150935226171e-08 4.59691614551616e-08 3.61069198540065e-08 2.37175861617089e-08 5.20312366525388e-09 5.17146703238325e-10 5.89192217237411e-10 5.05253860971777e-10 1.52661228103312e-10
1.64211108710788e-07 1.0212040422175e-07 7.06486726897992e-08 7.88263172069037e-08 7.23261781132578e-08 5.74154288557338e-08 6.05921549379218e-08 5.32011053877568e-08 3.22983219724904e-08 2.40887779945353e-08 2.27209108416559e-08 2.87263811848959e-08 4.13291596501608e-08 5.10634723838166e-08 2.03613409155423e-07 1.64255596502016e-07 2.31677456952184e-07 2.81797433387965e-07 2.27622783199877e-07 2.33808331984164e-07 2.89214264626025e-07 2.85563113777698e-07 2.95179816589553e-07 1.02763088989377e-06 3.56828941505682e-07 3.51352269944982e-07 8.54358754054374e-07 1.23421540934032e-06 5.81913405994783e-07 1.12014857904796e-06 6.98071471560979e-07 3.92213570421518e-07 1.35113138099996e-07 8.18051004713993e-09 3.5654725838441e-09 2.74706488667675e-09 3.60391136489113e-08 4.30815113361405e-08 4.61328919065807e-08 3.52381055446216e-08 2.21511331055524e-08 1.05837237862616e-09 1.69597291765911e-10 9.81263426069745e-10 1.80414116979222e-10 1.9815269425294e-10
9.56933295270801e-08 5.03717004107784e-08 2.54892875695134e-08 5.18261614956828e-08 1.32000074160032e-07 1.03349610824921e-07 6.77715807029244e-08 5.69934258010107e-08 7.11130255126591e-08 7.09607247628696e-08 6.85605131778289e-08 7.84163557199236e-08 9.29574166974589e-08 1.03073703883183e-07 1.28326367843101e-07 1.92455243563927e-07 2.75954764106245e-07 3.18256734033184e-07 3.03608125307164e-07 2.08775223597968e-07 2.17054176943066e-07 4.78919088209295e-07 1.95700283711631e-07 1.62998584585239e-07 1.21254601026521e-07 6.59202194697173e-07 3.0752046455973e-07 9.98178990130327e-07 2.47165473865607e-07 2.07680274115774e-06 7.03423168602058e-07 2.98416308197602e-07 1.12197062307473e-07 6.35056507380938e-09 3.28754423684074e-09 2.7468918362139e-09 1.58912820680257e-08 4.93247299004906e-08 4.63934264338661e-08 2.80144575981467e-08 3.74909087108577e-09 2.23829321743807e-10 1.78597847622086e-10 1.26623198593023e-09 1.75753267495082e-10 1.72507974571801e-10
1.238429952366e-07 6.74749607298963e-08 3.79788462012698e-08 1.54477118208263e-08 1.73773190503823e-08 2.32519702159095e-08 3.62764414063577e-08 6.20010895957535e-08 9.27129679695327e-08 1.03033448084489e-07 1.18452731712182e-07 1.19942177079224e-07 1.20811048631708e-07 1.27841411412533e-07 1.58215279100204e-07 1.8220750135356e-07 1.64399663304948e-07 1.66518339739241e-07 1.74681819231637e-07 1.49781536862292e-07 1.07029934071079e-07 6.32557133783962e-08 7.13628180548653e-08 7.72811389992967e-08 8.98375972724352e-08 1.24222388819817e-07 1.80057896415065e-07 1.74402971708787e-07 6.54808511413307e-08 9.47260184602783e-07 9.13649907374747e-07 6.66311088082239e-08 3.47415502588433e-08 8.71250347422858e-09 3.26536758743501e-09 3.75250426287721e-09 3.10626565358518e-08 8.50338732760747e-08 4.6973465561706e-08 1.0352750212661e-08 2.88251139624052e-09 2.49952369912876e-10 2.52118415033919e-10 2.08985390104388e-09 1.96973415356183e-10 1.93179316987369e-10
5.43530552121751e-08 5.64292703231217e-08 3.41390482994086e-08 1.96801673624236e-08 8.88910712149027e-08 1.07337076471481e-07 4.91454775541911e-08 5.16080710610822e-08 5.92874357607798e-08 5.66207663865725e-08 6.73535094364297e-08 6.99569509876596e-08 6.74126532373975e-08 5.90603040251381e-08 7.1579696125923e-08 6.36725390634751e-08 9.85389046803675e-08 1.85725438228701e-07 2.29512420446554e-07 8.07807015945627e-08 4.08511189320393e-08 4.04433205147825e-08 5.22848713657709e-08 1.33328975948643e-07 3.17458664689241e-08 6.51117847638716e-08 2.01999121429708e-07 9.82157978057785e-08 5.31455746966003e-08 1.38787080459224e-06 1.69659081734608e-06 1.30555433486279e-07 2.41143751189554e-08 2.23274520649852e-08 3.32395602153923e-09 2.96155664436526e-09 1.00159947002965e-08 1.30081416305217e-08 3.13756141068211e-08 3.91877032157595e-08 3.19168734996822e-08 3.40908277163265e-09 1.04211327345283e-09 2.21711240033784e-08 2.2578479086377e-10 2.380235453181e-10
3.55782783678649e-08 2.09315760280049e-08 1.79151419921197e-08 1.57419835389305e-08 3.8524081347191e-08 7.37563299324506e-08 7.05405446055352e-08 5.12795498508467e-08 1.54107946670479e-07 4.9503139898377e-08 3.70361401103025e-08 4.47914937140581e-08 5.35062646633833e-08 5.90248248499847e-08 7.32099852740475e-08 1.11702648908363e-07 1.47851918086417e-07 7.56827983394714e-08 4.49763613019627e-08 4.65215810763198e-08 5.927112773918e-08 3.58276448508832e-08 3.22708682887196e-08 9.72279883271199e-08 2.3714404484565e-08 5.82889057909597e-08 1.04302326420225e-07 6.55768381818689e-08 7.05338290885038e-08 1.35995378869325e-07 4.77406884158427e-07 1.09227777400633e-07 2.31425628882675e-08 3.1726369087437e-08 1.14200353618088e-08 6.34388794829022e-09 2.33424843898433e-09 3.13985013544738e-09 4.33649566922156e-08 4.03850309638187e-08 3.12538450941702e-07 2.53112729886595e-08 3.11872287994674e-08 2.97171736107771e-08 3.80599736171661e-09 3.1328740712766e-10
3.17582434128383e-08 1.82108734758657e-08 1.73669631120532e-08 4.40366829224104e-08 5.10968851230587e-08 1.64039336780775e-08 4.28789782347394e-08 4.94747182777644e-08 4.2680721392685e-07 4.52582948895497e-08 5.12359987325794e-08 8.59584179835338e-08 1.40006389415248e-07 8.89364034861728e-08 9.47120767591514e-08 6.91042895795135e-08 5.75846899053545e-08 5.29597844689533e-08 5.477753131089e-08 5.30111451624293e-08 3.26854745935634e-08 2.37586612605867e-08 2.70637522170603e-08 1.21544514186667e-07 6.73115948757186e-08 4.76213612543575e-08 9.19029865542598e-08 2.87876558147104e-08 3.16160413404987e-08 8.46672744359012e-08 1.24838958299733e-06 9.02738314323415e-08 3.49792570020213e-08 6.85301811742534e-08 2.39136491941849e-08 9.45418745512683e-09 3.12654877543395e-09 2.11043940101518e-09 2.77015062000174e-09 4.50505147853164e-08 4.16824288418383e-08 3.77256847539087e-08 2.78620596816381e-08 3.81590285591926e-08 5.16332802069641e-09 3.50419286920811e-09
4.05712416551296e-08 3.33482081060765e-08 2.95771329206218e-08 4.0483122187851e-08 4.1024056240957e-08 2.18512958838346e-08 1.94462572267184e-08 2.42133893824104e-08 3.75005861918964e-08 5.14504327142617e-08 1.34466334600347e-07 1.35369730713819e-07 1.83058903502342e-07 2.16673045372318e-07 7.07084160467275e-07 3.18899559204056e-07 9.24711322625171e-08 6.26094509570407e-08 3.73008399279229e-08 3.32045752671206e-08 2.09272885243195e-08 2.0431668534826e-08 4.50795164752549e-08 2.28534180024553e-08 3.06065624400276e-08 6.60601219948376e-08 1.38505586733118e-07 2.39800049151029e-08 1.10939723629855e-08 3.70150976536365e-08 5.94684049559646e-08 2.19139313628602e-07 1.46370417564157e-08 1.17469518112756e-08 1.37788626730639e-08 1.05105375070025e-08 4.72807575313539e-09 2.76989844394393e-09 1.5276975240397e-09 5.89998274680426e-09 4.10921376925444e-08 1.09032789730179e-07 2.57381661317169e-08 2.39254486888996e-08 2.41683952850735e-08 3.27071490779929e-08
8.54648561698923e-08 2.94392664024201e-08 1.74969092991972e-08 2.03693356404244e-08 2.30559563441091e-08 2.52525575561435e-08 3.19992869535213e-08 2.81048685657481e-08 3.28510113334346e-08 3.2471842104087e-08 3.67098024867119e-08 4.12897108503785e-08 5.96450759005052e-08 1.41561839939186e-07 2.05285628140928e-07 8.75035503611343e-08 7.40247937613958e-08 6.86068602817613e-08 4.65396023940912e-08 2.44638655999552e-08 1.79389424204146e-08 1.30638541762096e-08 1.16763304358614e-08 4.82248044164635e-08 4.96421524331936e-08 3.42919350693194e-08 3.77413105212554e-08 1.38603143184923e-08 9.37369573072999e-09 2.93422520947217e-08 1.48712965941655e-08 1.13046812799666e-07 2.05983636902829e-07 1.17536879340463e-08 1.0780453418846e-08 7.8671938741337e-09 5.72254936770378e-09 3.21732620545134e-09 1.39772821095008e-09 2.3202589849447e-09 9.59090659335971e-08 8.18049779027774e-08 3.98790029443319e-08 2.38189866053062e-08 2.97216993239147e-08 4.6235404038697e-08
8.7725419817275e-08 3.67244308741022e-08 3.64589888057765e-08 1.06952569467467e-07 1.82245344859666e-07 4.38577838934862e-08 4.46485012517428e-08 5.35202460127948e-08 5.75929078650006e-08 4.09838821546771e-08 3.78584944726867e-08 5.36897054814744e-08 9.93651390501782e-08 1.56528482619933e-07 2.03141328114498e-07 1.04116566390644e-07 6.19707966720284e-08 1.88720520810648e-07 1.09506159873263e-07 6.88516326619037e-08 5.44814302116947e-08 2.48352245080241e-07 1.22953196424191e-07 3.34364711918056e-08 3.80561919754996e-08 5.37650992171734e-08 3.26656554250349e-08 2.39821707026522e-07 1.82485079847083e-07 1.58818347806289e-08 1.23281764352612e-08 1.04909937093112e-07 3.729568859967e-07 1.01439615374233e-08 1.19724893998807e-08 7.59501768143878e-09 6.81436063132423e-09 2.64848687425712e-09 1.48854024661915e-09 1.25889221269659e-09 2.44705021135161e-08 4.88621043182036e-08 3.44749128800004e-08 5.27666090377466e-08 1.71719315389396e-07 3.64847801748169e-08
