Scripts_&_data/Maxent_result_files_2/B_sylvarum_2.asc
NCOLS 594 
NROWS 330 
XLLCORNER -15 
YLLCORNER 23 
CELLSIZE 0.166666666666667 
NODATA_value -9999 
[rows 100 to 119 of 330, columns 470 to 516 of 594]
0.001833878463367 0.00896431771107018 0.00183464935980737 0.00226624470669776 0.00692166972439736 0.00281832591863349 0.00361294216709211 0.00290596595150419 0.00306153127457947 0.00569574334658682 0.00221055413130671 0.00188158195815049 0.0114510857732967 0.00921978508122265 0.00130313659901731 0.00198786550899968 0.00286741487216204 0.00327037130482495 0.00383090532850474 0.00270928548416123 0.00326087116263807 0.00156209614942782 0.00210640641162172 0.00192303651710972 0.00208941671880893 0.000466177603811957 0.00195755904424004 0.00206437753513455 0.00393134951591492 0.000981463748030365 0.000585789245087653 0.000727410014951602 0.000770387562806718 0.00611195776145905 0.00293521204148419 0.00997828284744173 0.00892515855375677 0.0160696330480278 0.00373954405076802 0.011996932211332 0.00161458322545514 0.00257491524098441 0.00301559041254222 0.00058347652957309 0.00671954951249063 0.000696893747954164 0.000452078349189833
0.00167170531349257 0.0037527424748987 0.00353921656496823 0.0012161287071649 0.00570804763119668 0.00571007959078997 0.00233600114006549 0.000931250170106068 0.00165872167563066 0.00136489290744066 0.00474538730923086 0.00476344565395266 0.00795662291347981 0.00115014213661198 0.00192063433350995 0.001597517170012 0.00196125061484054 0.00165489975479431 0.00158307143719867 0.00355431938078254 0.00181188834831119 0.00173535200301558 0.00611879664938897 0.00149219500017352 0.00444356966763735 0.00205574200954288 0.00096705766627565 0.00183503717416897 0.00329899360658601 0.003611333318986 0.00394143708981574 0.0296102778520435 0.0062052452005446 0.00535554734524339 0.0326192639768124 0.00518366424366832 0.00326465673279017 0.00105333551764488 0.000281994667602703 0.000934732845053077 0.00105370876262896 0.000321209269168321 0.00260955063859001 0.000686599392793141 0.00249949676217511 0.00101436345139518 0.00182365188957192
0.00212550031719729 0.00268181549618021 0.00134675989393145 0.0018557216390036 0.00227717134403065 0.00225612457143143 0.000862628215691075 0.00104571008705534 0.0026936994632706 0.00113373973872513 0.00129154560854658 0.00225415494060144 0.00149184729089029 0.00174243792425841 0.00487706906860694 0.00130794169381261 0.0025352124357596 0.00898982568178326 0.00129172882880084 0.00415896107442677 0.00379605530761182 0.00263121619354934 0.00198650473030284 0.00645320443436503 0.00214675158495083 0.00279108317336068 0.00114449632237665 0.000947450549574569 0.000893486780114472 0.00249169350136071 0.00593489788006991 0.00328494433779269 0.00113780607935041 0.00375405394006521 0.00125336977071129 0.00291821189457551 0.00319221302634105 0.0154716951074079 0.0028005993925035 0.00107711087330244 0.000809140014462173 0.000779976829653606 0.00113453160738572 0.0008547931764042 0.000578225616482086 0.000198609198560007 0.00238298027543351
0.00337443967582658 0.00143919347319752 0.000356988681596704 0.00163903973880224 0.00159350806497969 0.000899448449490592 0.000683491461677477 0.00119067689520307 0.00159759754315019 0.00205358094535768 0.00207861083326861 0.00180313060991466 0.00394417380448431 0.00110919605067465 0.00110326845024247 0.00137418266385794 0.00380792166106403 0.00142704508034512 0.00530342519050464 0.00676239884924144 0.00166724234586582 0.000757953431457281 0.00176462266244926 0.00648136464878917 0.00178592745214701 0.00327462935820222 0.0012691083655227 0.0081557807745412 0.00468077696859837 0.00376240925397724 0.00406393702141941 0.0046179206459783 0.00314529337920248 0.00111217694939114 0.00111784631735645 0.00662324777804315 0.00610908501548693 0.0096698809415102 0.00929728769697249 0.000103663444315316 0.000365474256977905 0.00057354127347935 0.0027206439524889 0.000537449080729857 0.000360133306821808 0.00044024185044691 0.00118768474203534
0.000984207598958164 0.000475932413246483 0.000669296170235612 0.00731750875711441 0.000893034384353086 0.000346838816767558 0.00092512495466508 0.000282511353725567 0.000941661448450759 0.00180863476125523 0.00157761739101261 0.00432952998671681 0.00127251599333249 0.00537309516221285 0.00123429604573175 0.0012430316710379 0.0011101887357654 0.00376961762085557 0.000863055567606352 0.000971760283573531 0.000962320796679705 0.000856076960917562 0.00417271320475265 0.000850837177131325 0.00553367813117802 0.00629119148943573 0.00531692274380475 0.00457526426762342 0.00179149606265128 0.00230317412642762 0.00262663289904594 0.00415166321909055 0.00338774856645614 0.000883850912214257 0.000477626021893229 0.000933090393664315 0.00244695998262614 0.0118364595342427 0.0086477660574019 0.000587068096501753 0.000402232994383667 0.00110530104429927 0.00264118904597126 0.000495247948856559 0.000584007409634069 0.000538065462023951 0.000612034086952917
0.00071252066118177 0.00039526765467599 0.000904747244203463 0.000561914336867631 0.00736723043955863 0.00043778624094557 0.000543595000635833 0.000397348456317559 0.000804986769799143 0.000679031328763813 0.00471551582450047 0.00480901576811448 0.00194594311760738 0.00109480557730421 0.000308823261002544 0.00111252386705019 0.00122176459408365 0.00278521690052003 0.00150368785252795 0.000894134829286486 0.00482699699932709 0.000714609934948385 0.000828636769438162 0.000463640078669414 0.00100416108616628 0.0011236879741773 0.000896450609434396 0.00884236611891538 0.00841504358686507 0.00143457223311998 0.00269921433646232 0.000855895454878919 0.0027468767715618 0.00123219731613062 0.00970003183465451 0.00934209828265011 0.00867899060249329 0.00127420337521471 0.00645959015237167 0.00168358534574509 0.000771313058794476 0.000886119576171041 0.00126639604568481 0.0011644248617813 0.000582346225564834 0.00056396656727884 0.0010678963153623
0.000898763962322846 0.000255291593930451 0.000102119549410418 0.000904350139899179 0.00289218170801178 0.000195773511222797 0.000124757925368613 0.000106057400262216 0.000325627462007105 0.00173178180120885 0.00118191047222354 0.00135717252851464 0.00148347757640295 0.00116974394768476 0.000858295973739587 0.0018763511441648 0.0017225224757567 0.000774244635249488 0.00117507032700814 0.000765261991182342 0.00083814355020877 0.000690037751337513 0.000704250027774833 0.000743985138251446 0.00104233772144653 0.000616287140292115 0.00353685450972989 0.00280407635727897 0.00853119499515742 0.0030614803545177 0.00358732924796641 0.0053756820387207 0.00187021606834605 0.00707593994447961 0.00834513739682734 0.00201870806049556 0.00244800769723952 0.00388343946542591 0.010068941465579 0.00225006317486987 0.00062031090783421 0.000556030377629213 0.000679633693653159 0.000861946915392764 0.000699976232135668 0.000440092163626105 0.000693674536887556
0.00100080121774226 0.00100593407987617 0.000178689920721808 0.000185730857629096 0.0008535027038306 8.49032301630359e-05 0.000101553706190316 0.000595104251988232 0.000344689746998483 0.000572745961835608 0.00144648164277896 0.000794447388034314 0.00207856431370601 0.00218545526731759 0.00114551123115234 0.00210506588919088 0.0012186974985525 0.00163093358860351 0.00110140181495808 0.00165375337237492 0.000518260977696627 0.000442420542822219 0.000895860127639025 0.00133516456698999 0.00123829001095146 0.00665692954789847 0.00172933966387063 0.00148840465699323 0.00295612544286996 0.00557324350811541 0.000808388734003529 0.00096729266224429 0.00593816589098424 0.00300713432952762 0.00579316392540932 0.00621968361083418 0.00142982140532695 0.00346099683083594 0.00978752707596868 0.00344876532908529 0.000712404152727686 0.00117050942499191 0.000713769541471265 0.000717507617082447 0.000599376138416119 0.000617471500299871 0.000714196820626967
0.0018169603892602 0.00019038069222006 0.000108705958336941 0.00104001140571199 0.000667030253680423 0.000528204336296767 0.000851717562181875 0.000705720367841423 0.0016697044018656 0.000708161626243964 0.00103672712575644 0.000542260706424713 0.000237921278312569 0.000315129275259096 0.000940353563055396 0.00203253487125039 0.00280118191149086 0.0015352959278971 0.00116939807776362 0.00355761824175715 0.0014066535863094 0.00168444217415527 0.000462908744520973 0.00049373065266991 0.00128371646860614 0.0047896992880851 0.00951634508091956 0.00611464628018439 0.00168591842520982 0.00128571054083295 0.00985221979208291 0.006001943978481 0.00233090979745612 0.00219884853577241 0.00158953895443119 0.00242820581188425 0.00130551094189286 0.00185505555709824 0.00258808260550722 0.0117361594922841 0.000707962391606998 0.000759204372297972 0.000729743632837199 0.000850146994343959 0.000674359887489118 0.00324392570764758 0.00187863251194358
0.00101744367857464 0.000483508408069611 0.000919755373615772 0.00106338804471307 0.000945482827955857 0.000773235343513079 0.00110073952819221 0.00106617328128777 0.00152308787219226 0.00228645068127662 0.0167400863021612 0.00856523043476045 0.00100370869622566 0.00209021719638258 0.00668730677571148 0.0083920065080747 0.0016896364861168 0.000985722499899566 0.00145660083508119 0.00199754345230758 0.00201783337397501 0.000905903844977729 0.00347057096660137 0.0239071168005466 0.00966537585482001 0.0017140383599326 0.00110766032012179 0.00175534054287709 0.00244387161219493 0.00257503018947318 0.0102568796370178 0.00173714641714469 0.00154098473140039 0.00479918702039868 0.00199116496369243 0.00552223918493837 0.0177996798418462 0.00844582493882626 0.0124235229799524 0.00768257400486618 0.000846780167194083 0.000615814302000217 0.000638546947448049 0.00100127594778314 0.000683902585296892 0.00380712731275708 0.00092910228704568
0.00129188931314275 0.00112369019188918 0.000116342002365855 0.000393644293944817 0.000462620017060544 0.00113623178331181 0.00160456984303892 0.00135112370771822 0.00128261996724177 0.00109681217873003 0.000962976511800662 0.000893593102227896 0.000998674560105428 0.000933105434523895 0.0162470022216439 0.0175034063868225 0.0189263982698321 0.00293206109199673 0.0232939730398357 0.0118908448144794 0.00200092083541676 0.00635136169148609 0.00362220972310752 0.0053086121333763 0.00407214609440416 0.00535898971138522 0.00557516028638929 0.00494185050483793 0.00269651922862977 0.00310008474625647 0.00219482779502869 0.00191264098975807 0.00128630110411905 0.00127211589715444 0.00321969552896917 0.00238590863300487 0.00275656284065917 0.000721690792124718 0.000717818588600494 0.000615452887723222 0.000579001994628925 0.00177321056835353 0.0012767160020303 0.00137546398909762 0.000715366841177456 0.000819327973295003 0.000931270013097674
0.00163266532472335 0.00113868644693866 0.000736593673354946 0.000492872174072545 0.00135459550656378 0.000949356390628964 0.000747086707269773 0.000440569521742873 0.000637456035474315 0.001776146015618 0.00104550808318891 0.00133525696583092 0.00107554194401018 0.000907887436915189 0.00101600575144403 0.000999307775055058 0.00125657236785628 0.000875086971791461 0.000960726547054946 0.000221714474901091 0.0023020647931844 0.00215248544700444 0.00151387994992547 0.00149214843986556 0.00115962803829461 0.00138020033482462 0.00165967009961605 0.00113249911228195 0.00120461482438259 0.00125611384864897 0.0012109073868487 0.00124262318713591 0.00162670995341614 0.0040736093884334 0.00494487930554897 0.000823412288445979 0.000647821059101261 0.000758789674728177 0.000813219911651686 0.000630359654314816 0.000551469920901582 0.000729580645565875 0.000784112248220481 0.00069640894071199 0.000917271216167137 0.000998107780469582 0.000699672510381788
0.00354326831875369 0.00259782404755242 0.00182024545501918 0.000102477091058972 0.00043777625542134 0.00232719936175272 0.00195469501195475 0.000983315205667168 0.00126665318384767 0.0010499496886041 0.00103924782015383 0.000792550732148811 0.000513993884669617 0.000533598926267587 0.00100552260992117 0.00133433793671429 0.000505617028102279 0.00281542835291475 0.000836063682800159 0.000604239027597941 0.0011218681873288 0.00219415690517053 0.00133955993223935 0.00097407738212496 0.00308835955802351 0.00138763695722446 0.00141312096384354 0.000810652077780105 0.00139575713546947 0.00315672641154379 0.0012931686709635 0.00108801263268106 0.00145241137943231 0.00879899903666228 0.00166339533170685 0.000942663301248103 0.000838303344789892 0.000808387735742144 0.000761586177395657 0.00147393019869924 0.00074442905606702 0.000801276264246553 0.00156595282023773 0.00161306998925284 0.000806845433544368 0.000719763667439111 0.00102172935730778
0.00237580730463378 0.00271420654607937 0.00232914161751978 0.000992548512294889 0.000643703312380239 0.000649363279808313 0.000408406252972782 0.000858712295303121 0.000677749744500034 0.00391513968352228 0.00159847394679673 0.00186986832413822 0.00182632845826447 0.00104753196355887 0.00137569007929415 0.00105330491205677 0.000989204406505451 0.00113680127542466 0.000736514187883586 0.00227527540409937 0.000218611326999962 0.000894342368701473 0.00251542986370623 0.00309614876750857 0.00207689116941765 0.00115334457950667 0.00127232371014543 0.000688205898040906 0.00125254165031947 0.000934473477536812 0.00074035786674358 0.00096306114573963 0.0110573665471748 0.00185393448919058 0.000595894717844203 0.00103156327095348 0.000868809496751055 0.000836432210053317 0.000846253853524104 0.00103716303710826 0.000901479989988729 0.000953525956720114 0.00121361187193543 0.000736180134117603 0.000789947336306795 0.00111826700158417 0.000662434150581248
0.00151879133481998 0.00155777228064835 0.00284611199749634 0.00329312309622765 0.00346285395789891 0.000919916143175215 0.00285995020531118 0.00261145115364343 0.00185338569572195 0.000577182421693578 0.00230710869655013 0.00408996131736785 0.00722021267283708 0.00108489902922884 0.000837347563356161 0.00110387745662592 0.00123646212159656 0.00241107081528753 0.00117406036006287 0.00128751908196136 0.00195375581970438 0.0148840346839279 0.00161169635830447 0.00359203526750207 0.00134086475009099 0.000742099669878371 0.00108927966211922 0.000298252147331368 0.00108132058521733 0.000937000062549487 0.00172001285245642 0.00251742023974657 0.0117266321321949 0.00146278087049723 0.000780151164508425 0.000890803401125595 0.00093101954262238 0.000751454720739275 0.00205516570713371 0.000924843660322949 0.000866270868573338 0.00138666864368133 0.000664826174033806 0.000880659196991473 0.000770178277161904 0.000975043646758422 0.00126635798951611
0.00175887693185359 0.00182599613326602 0.00179676961852238 0.00256365411914885 0.0012558720249217 0.00134234243887477 0.00335071447771043 0.00202088532969356 0.00186707826796919 0.00112306199735031 0.00163785153999925 0.00103834623587318 0.00175109613337554 0.00127527975710109 0.00185212723445147 0.00140574083197862 0.00134445772855543 0.00117271658964455 0.00135561218485236 0.00138972018612549 0.00114935477031395 0.000462195090949535 0.00106535330996849 0.00255390938837081 0.000314200748107396 0.000829449942102656 0.000741460133576766 0.000459720993239898 0.00135788553161547 0.0009344334655907 0.000628180790226907 0.00158677909639664 0.00198204260086641 0.00175158864003606 0.000745712683419697 0.00086144591041375 0.000721292845264543 0.000726065838534851 0.000727206154260784 0.000780711945844814 0.000728559924755245 0.000611210067290813 0.000966520636575296 0.00111503474181518 0.00128371033933945 0.00157493317965418 0.00107757215737365
0.00162861057906412 0.00162363447016105 0.00174149149679579 0.00169970312854275 0.00141599617491011 0.0012936060607899 0.00335878892801702 0.00292630954645574 0.0162571737542748 0.00385110990609974 0.00250010658055544 0.00147595599992201 0.000980122981127352 0.0015683165518567 0.00033369130542269 0.000589594448683783 0.00170463166432455 0.00323377712047659 0.00181618248461746 0.000614150919136591 0.00210467504803091 0.000390239171974827 0.000523546180920675 0.000583051386638545 0.00123070600093342 0.00162781754042953 0.00334779114928097 0.00118262090836652 0.00162142656045035 0.00348584007006139 0.00364721602527425 0.00206813659751788 0.000722327952098567 0.00079394091735594 0.000698461881256662 0.000728623275063001 0.000633071095217019 0.000628625105309766 0.000690519144700374 0.00066444709955249 0.000744226478855126 0.000675264236633666 0.000682396086631343 0.000802120030857623 0.000706566803273745 0.000483488611644134 0.0004849084361922
0.00286059463396668 0.00315593171399087 0.00163139868527651 0.00156316295615397 0.00281453626230359 0.00256460087839514 0.00246827888768166 0.00311042743269354 0.00857480149716139 0.00184488344239071 0.00370181699981913 0.00353997780475765 0.00137349256547168 0.00141841619624756 0.00111144610855263 0.00158213208778761 0.00596776804886758 0.00420967687387019 0.00340164316585287 0.00544295727740973 0.00105721261934377 0.00073286525439471 0.00115432353341021 0.00100229706149548 0.00477419199887663 0.0028526418027468 0.00076316712948028 0.00190091878175735 0.00137188167427666 0.00530742856208235 0.00310849153902382 0.00210301944753155 0.000792503502452746 0.000841491832397878 0.000786206830525771 0.00105760132428259 0.000899295578710735 0.00064137882727664 0.000739414594136178 0.00048633084516041 0.000713893870124593 0.000774982786970213 0.00113141018082388 0.00059839088935405 0.0009268298803363 0.001016707503004 0.000489345460664481
0.00184656500932761 0.00198524947627448 0.00309511984232813 0.00352755048079416 0.00154615480278153 0.001444939544308 0.00264321386348456 0.00212744263117202 0.00192970975767821 0.00378580105025321 0.00232302201911807 0.00204280046746135 0.0015177262830548 0.00199755911016837 0.0078068545088172 0.00491147360298783 0.00160251727793366 0.00502383289858699 0.00173327559605241 0.000376766116824001 0.0063779644202441 0.0102531753946096 0.00193203836679459 0.00111930549610406 0.00235124238533899 0.00138851309893653 0.00579721010290086 0.00143667531665415 0.00715357491280884 0.00313650476746261 0.00308031176682562 0.0023152353009209 0.00145090173464268 0.000771822803653777 0.00078541727270931 0.000653890671674162 0.000810302601894364 0.000686471819062717 0.000465277710463852 0.000720270848250948 0.00115939289680682 0.000566298837657087 0.000740330980625004 0.000994371017441154 0.000716851491597481 0.000664907993632369 0.000605797886964865
0.0104105334728956 0.0152967645786703 0.0136348212137818 0.00477043797727674 0.00233224109979346 0.00163288250623737 0.00357265588827431 0.00518059865571558 0.00174313753959723 0.00132586198160425 0.00194306755438447 0.00531753203831613 0.0028551418799907 0.00341848682146519 0.00341687540058047 0.00433463603258133 0.00191660650307313 0.00313309396151453 0.0150278794579208 0.0233386462554336 0.00323921102099121 0.00446635012049228 0.000972115097101778 0.00521104249637574 0.00205308957956731 0.00168871572241187 0.000640613518771715 0.00212061881320551 0.00770262235309929 0.00337845315225422 0.00325144005473703 0.00528105741832405 0.00577595778740942 0.0121681158430874 0.00650135334581137 0.0031575288856402 0.00250278569292277 0.00211239580530673 0.000545284882537089 0.00153303119586781 0.000720317423110828 0.000859767565270886 0.000799633911810815 0.000752763080527075 0.000891602225601673 0.000710454964428209 0.000639003669493832
