Scripts_&_data/Maxent_result_files_2/B_sylvarum_2.asc
NCOLS 594 
NROWS 330 
XLLCORNER -15 
YLLCORNER 23 
CELLSIZE 0.166666666666667 
NODATA_value -9999 
[rows 240 to 259 of 330, columns 47 to 93 of 594]
0.0251038702204823 0.0263647611252964 0.0183453500270844 0.0290338508784771 0.00393258419353515 0.00425069720949978 0.0130522282794118 0.00870701810345054 0.0177280218340456 0.0267515250481665 0.0166860402561724 0.0164989267475903 0.017690016515553 0.0237457005307078 0.0504595506936312 0.01545997755602 0.0136570611037314 0.0144093583337963 0.0141526061110198 0.0201738144271076 0.0204473947174847 0.0108730655163527 0.0164041209034622 0.00962967067025602 0.0433951932936907 0.494383418560028 0.760152673721313 0.679046407341957 0.366211022436619 0.223697148263454 0.167804099619389 0.0287500430829823 0.0275032289326191 0.0591390863060951 0.00584650880191475 0.0075210350099951 0.0380324591882527 0.015867805108428 0.00858494224958122 -9999 -9999 -9999 -9999 -9999 -9999 -9999 -9999
0.0237225633114576 0.0318346621468663 0.00412527439184487 0.018589055724442 0.00345349755370989 0.00170524350833148 0.0152244869619608 0.0140820685774088 0.0126208800822496 0.0110594888683408 0.0120903135277331 0.019533291272819 0.0175763518549502 0.0117502094246447 0.0122028416953981 0.0126292511820793 0.014394031278789 0.0153575245290995 0.0190443684346974 0.0703523643314838 0.0683708671480417 0.145872369408607 0.264046636223793 0.0136690324638039 0.0270845540799201 0.0534509293735027 0.0887888062745333 0.0779577761888504 0.12553997412324 0.059701919183135 0.0347042828798294 0.0105348001234233 0.00665957913734019 0.00482173333875835 0.0122779041994363 0.0154716211371124 0.00962127386592329 0.00918630422092974 -9999 -9999 -9999 -9999 -9999 -9999 -9999 -9999 -9999
0.0128019149415195 0.00326930244918913 0.00553168272599578 0.0207589919678867 0.00846899189054966 0.0129805031232536 0.0134836328215897 0.0162185437045991 0.0127988300286233 0.0109798972960562 0.0230586890131235 0.0113363804295659 0.0180272501893342 0.0114277439191937 0.0126197636127472 0.0154366769827902 0.0221807774156332 0.0397244829684496 0.0599624343216419 0.1167026668787 0.316513814032078 0.202330735325813 0.146624821424484 0.104879752546549 0.0402408804744482 0.0180287571623921 0.00868008537217975 0.01577308611013 0.0664050448685884 0.0388968765735626 0.0101817342918366 0.00282334624789655 0.0225923361256719 0.00270322988508269 0.00488590528257191 0.0285309627652168 0.0160635753534734 0.0133634501136839 -9999 -9999 -9999 -9999 -9999 -9999 -9999 -9999 -9999
0.0228243034332991 0.0171570977196097 0.0169185017235577 0.0164068886078894 0.0172433056868613 0.0120934125036001 0.0335495963692665 0.0610909841954708 0.0153273433446884 0.0221262717619538 0.0113869628868997 0.0111894194036722 0.0108278724364936 0.0110805542208254 0.0128720873035491 0.0156051605939865 0.0501048408448696 0.0835935264825821 0.0847273156046867 0.107199048995972 0.12739622220397 0.0237220686860383 0.0469338208436966 0.105259840935469 0.116571064293385 0.0811579786241055 0.0657250694930553 0.0246287064626813 0.0123096281662583 0.00149178580613807 0.00663052701856941 0.00472880769520998 0.00903762462548912 0.0295813024044037 -9999 -9999 -9999 -9999 -9999 -9999 -9999 -9999 -9999 -9999 -9999 -9999 -9999
0.00418148823082447 0.00672284010797739 0.021903823595494 0.0205500414595008 0.0145123303867877 0.0268125055357814 0.0303206101059914 0.0217054106295109 0.0218939563259482 0.00220967868808657 0.0105566571932286 0.0196998631581664 0.0114694179035723 0.0203246638178825 0.0147075547836721 0.0232249923050404 0.0516370937228203 0.0599673416465521 0.0703804269433022 0.0538617309182882 0.0442000146955252 0.154926408082247 0.129895466566086 0.151328165084124 0.046630323305726 0.0637165226042271 0.836834877729416 0.219481538236141 0.118347846716642 0.00221704324358143 0.00283948061987758 0.00728810038417578 -9999 -9999 -9999 -9999 -9999 -9999 -9999 -9999 -9999 -9999 -9999 -9999 -9999 -9999 -9999
-9999 -9999 -9999 0.0303520588204265 0.00386135163716972 0.0266603639349341 0.0227757917717099 0.011465161293745 0.00963608673773706 0.0170673158951104 0.0138286790810525 0.00960822640918195 0.0140704511664808 0.0270637905225158 0.0111532735172659 0.0411017913371325 0.0647444993257523 0.0970498844981194 0.095768054574728 0.0537730410695076 0.0173325521871448 0.0647289708256722 0.218318511545658 0.325623059272766 0.269621004164219 0.216781052947044 0.204165408015251 0.127287049498409 0.000635652238270268 0.00128327768179588 0.00150312045007013 0.0055201800307259 -9999 -9999 -9999 -9999 -9999 -9999 -9999 -9999 -9999 -9999 -9999 -9999 -9999 -9999 -9999
-9999 -9999 -9999 -9999 0.00941718514077365 0.00467579835094512 0.0187431070953608 0.00997358537279069 0.00978146330453455 0.0154520745389163 0.00417004190385342 0.0305862791836262 0.0363718988373876 0.00811655260622501 0.00574002042412758 0.0337948201224208 0.0309180157259107 0.0344794282689691 0.0591471388936043 0.0538022127002478 0.0610982833430171 0.0318872589617968 0.0716507975012064 0.451708792150021 0.0105886918492615 0.0306378604844213 0.0254664027132094 0.0059471839806065 0.00384934678149875 0.00080263733107131 0.000957806437509134 -9999 -9999 -9999 -9999 -9999 -9999 -9999 -9999 -9999 -9999 -9999 -9999 -9999 -9999 -9999 -9999
-9999 -9999 -9999 -9999 -9999 0.0206896361894906 0.0272707240656018 0.0102796170394868 0.0217971678823233 0.0136291128583252 0.0505687858909369 0.0534847907721996 0.0948339581489563 0.0237731869332492 0.0155271821655333 0.0192357225343585 0.436507929861546 0.251472519338131 0.112459487468004 0.0701946470886469 0.168998969346285 0.0267920127138495 0.0139148801099509 -9999 -9999 0.00691403048112988 0.000992061209399253 -9999 -9999 -9999 -9999 -9999 -9999 -9999 -9999 -9999 -9999 -9999 -9999 -9999 -9999 -9999 -9999 -9999 -9999 -9999 -9999
-9999 -9999 -9999 -9999 -9999 0.01840386306867 0.0102671346627176 0.0108327821828425 0.0222216764464974 0.0228687660768628 0.0407011961564422 0.0424091249704361 0.0773958686739206 0.0302436808124185 0.00268297189613804 0.135116242617369 -9999 -9999 -9999 -9999 -9999 -9999 -9999 -9999 -9999 -9999 -9999 -9999 -9999 -9999 -9999 -9999 -9999 -9999 -9999 -9999 -9999 -9999 -9999 -9999 -9999 -9999 -9999 -9999 -9999 -9999 -9999
-9999 -9999 -9999 -9999 -9999 -9999 0.035563869215548 0.0135422710329294 0.00274838701589033 0.0210309614427388 0.0109155943151563 0.0254446835257113 -9999 -9999 -9999 -9999 -9999 -9999 -9999 -9999 -9999 -9999 -9999 -9999 -9999 -9999 -9999 -9999 -9999 -9999 -9999 -9999 -9999 -9999 -9999 -9999 -9999 -9999 -9999 -9999 -9999 -9999 -9999 -9999 -9999 -9999 -9999
-9999 -9999 -9999 -9999 -9999 -9999 -9999 0.0150997194461524 0.00909037287347019 0.0265191856771708 0.04095942042768 -9999 -9999 -9999 -9999 -9999 -9999 -9999 -9999 -9999 -9999 -9999 -9999 -9999 -9999 -9999 -9999 -9999 -9999 -9999 -9999 -9999 -9999 -9999 -9999 -9999 -9999 -9999 -9999 -9999 -9999 -9999 -9999 -9999 -9999 -9999 0.0343261299654841
-9999 -9999 -9999 -9999 -9999 -9999 -9999 -9999 0.117056822776794 0.0386667996644974 -9999 -9999 -9999 -9999 -9999 -9999 -9999 -9999 -9999 -9999 -9999 -9999 -9999 -9999 -9999 -9999 -9999 -9999 -9999 -9999 -9999 -9999 -9999 -9999 -9999 -9999 -9999 -9999 -9999 -9999 -9999 -9999 -9999 -9999 0.0177669393830001 0.00993192004971206 0.00954843708314002
-9999 -9999 -9999 -9999 -9999 -9999 -9999 -9999 -9999 -9999 -9999 -9999 -9999 -9999 -9999 -9999 -9999 -9999 -9999 -9999 -9999 -9999 -9999 -9999 -9999 -9999 -9999 -9999 -9999 -9999 -9999 -9999 -9999 -9999 -9999 -9999 -9999 -9999 -9999 -9999 -9999 -9999 -9999 0.0455268766731024 0.00820234953425825 0.00869745281524956 0.000642664347833488
-9999 -9999 -9999 -9999 -9999 -9999 -9999 0.230602575838566 0.0538593642413616 0.0115831438452005 0.0188580745831132 -9999 -9999 -9999 -9999 -9999 -9999 -9999 -9999 -9999 -9999 -9999 -9999 -9999 -9999 -9999 -9999 -9999 -9999 -9999 -9999 -9999 -9999 -9999 -9999 -9999 -9999 -9999 0.124352280050516 0.114750934019685 0.0174115058965981 0.0105006046593189 0.00450684167444706 0.00514914477244019 0.00456778202205896 0.00419451196212322 0.00527976360172033
-9999 -9999 -9999 -9999 -9999 -9999 -9999 0.0139719974249601 0.00394184112083167 0.00934665086679161 0.0258273674175143 0.173014018684626 -9999 -9999 -9999 -9999 -9999 -9999 -9999 -9999 -9999 -9999 -9999 -9999 -9999 -9999 -9999 -9999 -9999 -9999 -9999 -9999 -9999 -9999 -9999 -9999 0.00661853044293821 0.00495800144271925 0.00244071135530248 0.0477562623098493 0.0102720029652119 0.00937961577437818 0.00578352976590395 0.011102424794808 0.00991874518804252 0.00826926953159273 0.00143378140637651
-9999 -9999 -9999 -9999 -9999 -9999 -9999 0.00417113231960684 0.00560184787027538 0.0106596258468926 0.0115039804950356 0.0165483310818672 0.0669261988252401 -9999 -9999 -9999 -9999 -9999 -9999 -9999 -9999 -9999 -9999 -9999 -9999 -9999 -9999 -9999 -9999 -9999 -9999 -9999 -9999 -9999 -9999 0.0145759063772857 0.0106938580051064 0.0109868594910949 0.0102235330734402 0.0218430514447391 0.0222304116934538 0.0189723493531346 0.0139054267667234 0.0374501734972 0.075234130397439 0.0144952747970819 0.0045766263268888
-9999 -9999 -9999 -9999 -9999 -9999 0.015037180390209 0.00334159459453076 0.00410101409070194 0.00546887067612261 0.0146677121520042 0.0196717905811965 0.0487957488745451 0.00963603295385838 -9999 -9999 -9999 -9999 -9999 -9999 0.00916985082440078 -9999 -9999 -9999 0.013514103833586 -9999 -9999 -9999 -9999 -9999 -9999 -9999 -9999 -9999 0.0129513591527939 0.0172799228690565 0.0319746304303408 0.022675350215286 0.0323631457984448 0.0641161069273949 0.0219947800971568 0.0266508677043021 0.0177646457217634 0.0183359961025417 0.0245996775105596 0.0239795436151326 0.00850564930588007
-9999 -9999 -9999 -9999 -9999 -9999 0.00114512463915162 0.00606903198640794 0.00395351240877062 0.00462145647034049 0.00968353403732181 0.018582636397332 0.0451606079936028 0.0544656235724688 0.0380506951361895 0.0198908152990043 0.0398384548723698 0.00408013386186212 0.00386493871919811 0.00596278114244342 0.00184913465054706 0.0134766735136509 0.00793401366099715 0.0023252671235241 0.00824329731985927 0.0030544467153959 0.00719471778720617 0.0356847023591399 0.0108115771319717 0.024407004378736 0.0324513019993901 0.075483301654458 0.0399253776296973 0.0194813310168684 0.0159457243047655 0.0168679649010301 0.0216490279883146 0.0480960110202432 0.0356004307046533 0.025676969345659 0.0148176396265626 0.0091788234654814 0.0103565635625273 0.0181501866318285 0.0194948588497937 0.0146456301212311 0.0136402913369238
-9999 -9999 -9999 -9999 -9999 0.0148064351640642 0.00954412785358727 0.00959517899900675 0.00756755517795682 0.00805779173970222 0.0134630871005356 0.0121064032893628 0.0157261354848742 0.0253705851733685 0.101266275346279 0.272627507150173 0.123063359409571 0.112655087560415 0.0298777190968394 0.013869655970484 0.0256933761760592 0.0112348692957312 0.000916269392473623 0.0027853092760779 0.0100499490275979 0.00613647087011486 0.00512981417123228 0.00529045171570033 0.0161477510817349 0.0459040142595768 0.0303186906501651 0.0212550757452846 0.0365768468007445 0.0157881384715438 0.0750849556177855 0.227008102089167 0.048098137229681 0.0723380722105503 0.0362977268174291 0.0386321654543281 0.0166735483333468 0.00897285100072622 0.00849270178005099 0.0306735396385193 0.0198700856417418 0.0380838688462973 0.0149370537139475
-9999 -9999 -9999 -9999 -9999 0.00958120077848434 0.00806734631769359 0.00571329197846353 0.00962097872979939 0.00861315401270986 0.00896260994486511 0.0108229149132967 0.0104333383962512 0.0177956225350499 0.0316816579550505 0.0712726570665836 0.17474958896637 0.0859043296426535 0.0578388519585133 0.0585196055471897 0.039332490414381 0.00235045987647027 0.00107830539345741 0.00326936033088714 0.00655881119892001 0.00105511299916543 0.00247145114699379 0.0047243423294276 0.0157357778400183 0.00551928959321231 0.00471241748891771 0.0861782949417829 0.00948156234808266 0.022396332398057 0.0564157385379076 0.0459596589207649 0.0428405130282044 0.0298392152413726 0.015198337007314 0.0449264004826546 0.0170601574704051 0.00740176131948829 0.0137673873454332 0.0302953463047743 0.0125578818842769 0.0197765835560858 0.0136868457309902
