Scripts_&_data/Maxent_result_files_2/B_sylvarum_2.asc
NCOLS 594 
NROWS 330 
XLLCORNER -15 
YLLCORNER 23 
CELLSIZE 0.166666666666667 
NODATA_value -9999 
[rows 200 to 219 of 330, columns 188 to 234 of 594]
0.313259863853455 0.321099831163883 0.14933460354805 0.202328082919121 0.204183305799961 0.231430299580097 0.181766998767853 0.245504212379456 0.310410669445991 0.177452223002911 0.230898612737656 0.340156719088554 0.339309427142143 0.301550790667534 0.156150274723768 0.160495214164257 0.217734341323376 0.359322983026505 0.188763870298862 0.261663450300693 0.254246214032173 0.474718305468559 0.36815839111805 0.468048730492592 0.286717541515827 0.368454030156136 0.422556269168854 0.471921253204346 0.401791885495186 0.372354850172997 0.297628173232079 0.221585597097874 0.195678332448006 0.130915182456374 0.181897038966417 0.2107366964221 0.0901162851601839 0.228235946595669 0.205138216912746 0.200446464121342 0.152941645681858 0.185258308053017 0.119993953406811 0.158005599677563 0.148613394796848 0.142124490439892 0.128004072606564
0.598939698934555 0.777416640520096 0.316492983698845 0.180226036906242 0.226799993216991 0.264284694194794 0.414641946554184 0.40494267642498 0.312741482257843 0.359735924005508 0.215501855313778 0.275948914885521 0.325125595927238 0.379429453611374 0.202998791635036 0.164074437320232 0.237747383117676 0.137712957710028 0.307915663719177 0.229202641546726 0.381392985582352 0.291843543946743 0.385298183560371 0.313368239998817 0.467202517390251 0.338634085655212 0.488634639978409 0.491031286120415 0.479081320762634 0.40033503472805 0.362091270089149 0.150895835459232 0.126465479284525 0.126845370233059 0.103350925073028 0.147614628076553 0.152427646517754 0.237994046509266 0.141940259933472 0.133573314547539 0.105896726250648 0.151079697906971 0.141059169918299 0.090063938498497 0.197923018038273 0.110635975748301 0.160765679180622
0.446264514327049 0.516450688242912 0.484516340494156 0.488409516215324 0.348796918988228 0.310768702626228 0.412360993027687 0.326537138223648 0.426506525278091 0.26065057516098 0.301567667722702 0.534115061163902 0.489948934316635 0.484444689750671 0.224469025433064 0.17700402289629 0.120052821934223 0.119611128047109 0.259623382985592 0.294429698586464 0.32025103867054 0.481426104903221 0.439498251676559 0.283007457852364 0.325119191408157 0.307990854978561 0.286480222642422 0.2874371945858 0.465036764740944 0.305973261594772 0.275185216963291 0.153323246538639 0.150419223308563 0.158373075723648 0.184017470479012 0.190318901836872 0.158706843852997 0.18801815956831 0.172607479989529 0.0863048784434795 0.0984792165458202 0.136313136667013 0.13053667768836 0.10581199452281 0.125806836783886 0.195882767438889 0.149235913157463
0.514237651228905 0.602166104316711 0.740689164400101 0.781072115898132 0.725009143352509 0.606910479068756 0.386996892094612 0.306044612824917 0.426572221517563 0.198135583102703 0.203896936774254 0.278358888626099 0.46180833876133 0.506939512491226 0.550621622800827 0.537892106175423 0.353398275375366 0.158066393435001 0.131132865324616 0.231866253912449 0.372386321425438 0.384680914878845 0.44024413228035 0.472870391607285 0.395999789237976 0.176237101852894 0.36636438369751 0.518949970602989 0.26134606897831 0.334084528684616 0.281990569829941 0.14622833058238 0.155771035328507 0.149704655259848 0.173283757269382 0.263301649689674 0.158154554665089 0.140920267999172 0.136571268737316 0.272904333472252 0.21451153755188 0.1685103058815 0.174151019752026 0.150457119941711 0.147254510223866 0.143413759768009 0.199718460440636
0.458468014001846 0.542251294851303 0.724393498897552 0.776236039400101 0.74718205332756 0.716385424137115 0.581947904825211 0.411046016216278 0.467933556437492 0.295176573097706 0.165259974449873 0.212768258154392 0.312233591079712 0.761472564935684 0.448224657773972 0.340671923756599 0.429326218366623 0.41154118180275 0.442586064338684 0.353981250524521 0.319632685184479 0.312655138969421 0.30701916217804 0.318216037750244 0.332119208574295 0.263138350844383 0.238017401099205 0.145702277123928 0.183637857437134 0.179484781622887 0.346230763196945 0.14085643813014 0.152237413078547 0.142654931545258 0.284946286678314 0.314727541804314 0.222516630589962 0.310889184474945 0.137352631241083 0.283935263752937 0.206531561911106 0.191083116829395 0.16154108941555 0.192802469432354 0.0784287169575691 0.172250360250473 0.212532728910446
0.502992203831673 0.406047794222832 0.554435655474663 0.558514165878296 0.714392948150635 0.761942100524902 0.739000600576401 0.437243562936783 0.312585440278053 0.332015842199326 0.267655149102211 0.537580302357674 0.236318539083004 0.504545766115189 0.121380275860429 0.188464240729809 0.197248522937298 0.35703022480011 0.380666968226433 0.764196038246155 0.531974783539772 0.369926035404205 0.219094398617744 0.255310095846653 0.22155849635601 0.326380118727684 0.235278096795082 0.11585985198617 0.255206108093262 0.156399352103472 0.386507466435432 0.18090211302042 0.120940471440554 0.248558656871319 0.215187399089336 0.229702672362328 0.128001426905394 0.212257891893387 0.240853117406368 0.158206957578659 0.182789094746113 0.199434603750706 0.0924018517136574 0.190160317718983 0.171441653370857 0.16970631480217 0.197194740176201
0.353131723403931 0.382848984003067 0.35044429898262 0.59943739771843 0.635233664512634 0.659601551294327 0.657696866989136 0.732778787612915 0.388902893662453 0.277241440117359 0.332796204090118 0.381101027131081 0.354612368345261 0.164796634763479 0.165386751294136 0.138338281959295 0.311602707207203 0.191665233671665 0.192237928509712 0.488150498270988 0.511073207855225 0.405061817169189 0.212150655686855 0.18205830603838 0.267415553331375 0.333699461817741 0.301720759272575 0.181206566095352 0.214724454283714 0.256942950189114 0.211581571400166 0.221290159225464 0.170680418610573 0.208866058290005 0.309344936907291 0.286987707018852 0.188936628401279 0.221744875609875 0.426525968313217 0.0937332943081856 0.261969262361527 0.232221013307571 0.188691090047359 0.0927543483674526 0.086029914021492 0.0901550799608231 0.180633443593979
-9999 -9999 0.162741616368294 0.420810756087303 0.542675441503525 0.293644645810127 0.527991133928299 0.58060120344162 0.354916036128998 0.507432919740677 0.345369833707809 0.238036395609379 0.35842088162899 0.468709683418274 0.19191130399704 0.281193353235722 0.355887117981911 0.300155435502529 0.415944239497185 0.31729701757431 0.381399545073509 0.64830721616745 0.306682306528091 0.331706637144089 0.425961604714394 0.465397009253502 0.376835066080093 0.373006448149681 0.212211394309998 0.109256473183632 0.138849184289575 0.151400558650494 0.193144495785236 0.133307686448097 0.307918088138104 0.327928245067596 0.171247754991055 0.272152011096478 0.31933668255806 0.26568295955658 0.28455676138401 0.331506097316742 0.232623805105686 0.18904245942831 0.121473390609026 0.201608151197433 0.189946077764034
-9999 0.248685848712921 -9999 -9999 0.932319664955139 0.504522112011909 0.193802256882191 0.130235125124455 0.229937569797039 0.446279075741768 0.47880901992321 0.520997324585915 0.423078149557114 0.265156896412373 0.43075630068779 0.41731131374836 0.691560661792755 0.45017167031765 0.472715401649475 0.412463828921318 0.291761149466038 0.697810143232346 0.583158779144287 0.447400942444801 0.43967350423336 0.303851597011089 0.418734121322632 0.240630866587162 0.13342960588634 0.234005968272686 0.197656817734241 0.19691813737154 0.329164692759514 0.185275018215179 0.153274842351675 0.284308935701847 0.332293149828911 0.435807156562805 0.464403536915779 0.251761123538017 0.266058622300625 0.32631362080574 0.193804208934307 0.312019619345665 0.215191578865051 0.166787549853325 0.189143511652946
-9999 -9999 -9999 -9999 -9999 -9999 0.334395818412304 0.148021157830954 0.165881394594908 0.139360266178846 0.58912558555603 0.656344538927078 0.710870516300201 0.610296434164047 0.504967561364174 0.571360921859741 0.608924168348312 0.484058833122253 0.48364382982254 0.447300115227699 0.297872070968151 0.426051551103592 0.64767347574234 0.330128383636475 0.255446323752403 0.271515445411205 0.258272270858288 0.441242864727974 0.221161761879921 0.109566663578153 0.0980047335848212 0.12109792008996 0.254525670409203 0.198326274752617 0.176233166456223 0.174678736180067 0.372822338342667 0.277995523810387 0.446345084905624 0.585545372962952 0.546156406402588 0.369916903972626 0.30121247023344 0.266120438277721 0.235900272428989 0.162631793320179 0.205456836521626
-9999 -9999 -9999 -9999 -9999 -9999 -9999 0.199619348347187 0.217634879052639 0.0799553424119949 0.487678211927414 0.717689120769501 0.450179415941238 0.639276331663132 0.773157596588135 0.505454331636429 0.589624524116516 0.458371570706367 0.426312780380249 0.322840902209282 0.358485913276672 0.363317734003067 0.659125465154648 0.462546539306641 0.442324194312096 0.248852801322937 0.154691330343485 0.468356904387474 0.300881369411945 0.186131808161736 0.100872060284019 0.132330686599016 0.184143002331257 0.183411459624767 0.123021043092012 0.141570252925158 0.165009861811996 0.217879657447338 0.228000586479902 0.465386548638344 0.558267393708229 0.3350032761693 0.344390304386616 0.246362048387527 0.299850252270699 0.258189694583416 0.279556722939014
-9999 -9999 -9999 -9999 -9999 -9999 -9999 -9999 -9999 0.20871711820364 0.282279531657696 0.334439161419868 0.31734145283699 0.646540862321854 0.626183360815048 0.585393518209457 0.543361774086952 0.498210376501083 0.185212584584951 0.275223653018475 0.419615319371223 0.468700963258743 0.716118121147156 0.704033124446869 0.613706284761429 0.289828051626682 0.251688602566719 0.268062481284142 0.38113374710083 0.145013715326786 0.112550885230303 0.103167409449816 0.112603550776839 0.118502976745367 0.143831746280193 0.188480593264103 0.310755580663681 0.343316106498241 0.34619377553463 0.60134813785553 0.616522437334061 0.790540713071823 0.823643887042999 0.593259930610657 0.289519730210304 0.294950857758522 0.381955981254578
-9999 -9999 -9999 -9999 -9999 -9999 -9999 -9999 -9999 -9999 -9999 0.660533040761948 0.392170313000679 0.808247166872025 0.518032732605934 0.523529934883118 0.253486336767674 0.372894883155823 0.465324786305428 0.481577160954475 0.378999245166779 0.449978256225586 0.462308883666992 0.429423159360886 0.256428180634975 0.217860668897629 0.248115554451942 0.217612615227699 0.335206440091133 0.216385552287102 0.293745450675488 0.299317675828934 0.243988506495953 0.192165631055832 0.118153487890959 0.17574879527092 0.343062004446983 0.406879943609238 0.319761344790459 0.568662714958191 0.727163147926331 0.549532631039619 0.558650481700897 0.455536460876465 0.406320232152939 0.289508903026581 0.382282418012619
-9999 -9999 -9999 -9999 -9999 -9999 -9999 -9999 -9999 -9999 -9999 -9999 -9999 0.272733047604561 0.14962971508503 0.459621432423592 0.128511227667332 0.0423724273219705 0.367020043730736 0.685052615404129 0.525626608729363 0.463818171620369 0.520576766133308 0.485951280593872 0.283511251211166 0.256981439888477 0.160950413346291 0.191984634101391 0.201810425519943 0.220228017866611 0.290751138329506 0.165484567731619 0.343572902679443 0.368486404418945 0.271655023097992 0.370974797010422 0.261683134734631 0.485220795869827 0.411718675494194 0.318365809321404 0.445971009135246 0.346458700299263 0.63124657869339 0.562388783693314 0.372320252656937 0.284355072677135 0.404011529684067
-9999 -9999 -9999 -9999 -9999 -9999 -9999 -9999 -9999 -9999 -9999 -9999 -9999 -9999 -9999 0.636718970537186 0.00715722655877471 0.0349614910781384 0.0402707871049643 0.274456042051315 0.286821001768112 0.438272768259048 0.464378440380096 0.523839086294174 0.330445811152458 0.199750524759293 0.26456686258316 0.351381316781044 0.245194604992867 0.163998307287693 0.139631774276495 0.166078259795904 0.200550197064877 0.317268717288971 0.37985637485981 0.45830126106739 0.350141149759293 0.413803926110268 0.40102079808712 0.673193287849426 0.536251628398895 0.773007214069366 0.892183703184128 0.941759675741196 0.724006009101868 0.418911653757095 0.302904862165451
-9999 -9999 -9999 -9999 -9999 -9999 -9999 -9999 -9999 -9999 -9999 -9999 -9999 -9999 -9999 -9999 -9999 0.0433716371655464 0.00273432700196281 0.0130303477868438 0.0668234098702669 0.553380709886551 0.497221755981445 0.63274233341217 0.214268073439598 0.456892713904381 0.556973296403885 0.508328461647034 0.441326773166656 0.0905322000384331 0.293161553144455 0.353536766767502 0.261185435950756 0.294487476348877 0.496519577503204 0.356757977604866 0.264384400844574 0.326517063379288 0.54143046438694 0.53682596385479 0.551723128557205 0.530686235427856 0.492524927854538 0.615254884958267 0.94910135269165 0.802474510669708 0.462713375687599
-9999 -9999 -9999 -9999 -9999 -9999 -9999 -9999 -9999 -9999 -9999 -9999 -9999 -9999 -9999 -9999 -9999 0.856316184997559 0.00995892072096467 0.0092707796022296 0.0237538354471326 0.116747672855854 0.441326710581779 0.712519818544388 0.622883147001266 0.692116659879684 0.270336703956127 0.431845980882645 0.383695632219315 0.389141190052032 0.0800014860928059 0.122461277246475 0.252376826107502 0.216183076798916 0.254418371617794 0.267516477406025 0.294777920842171 0.382747197151184 0.61172040104866 0.526613521575928 0.403188017010689 0.555541926622391 0.76843176484108 0.923823875188827 0.98199126124382 0.952034544944763 0.965954315662384
-9999 -9999 -9999 -9999 -9999 -9999 -9999 -9999 -9999 -9999 -9999 -9999 -9999 -9999 -9999 -9999 -9999 -9999 -9999 -9999 0.145783057063818 0.043904797360301 0.746686071157455 0.79164422750473 0.785549288988113 0.439739832282066 0.397760230302811 0.394218516349792 0.202290159463882 0.185040783882141 0.221265676617622 0.278846181929111 0.0816048119217157 0.161968845129013 0.147470439225435 0.244282515347004 0.213074788451195 0.168235236406326 0.421929702162743 0.525497004389763 0.227373376488686 0.84619654417038 0.853565138578415 0.728961509466171 0.875790321826935 0.845080757141113 0.795076721906662
-9999 -9999 -9999 -9999 -9999 -9999 -9999 -9999 -9999 -9999 -9999 -9999 -9999 -9999 -9999 -9999 -9999 -9999 -9999 0.20227587223053 0.236886849999428 0.499777334928513 0.415956255793571 0.595727300643921 0.399760842323303 0.43086057305336 0.367262372374535 0.366891476511955 0.204203927516937 0.082631142437458 0.302314509451389 0.381933265924454 0.218088601529598 0.113090768456459 0.0461868658661842 0.285534417629242 0.153634299337864 0.103916236013174 0.163443727791309 0.425983908772469 0.53024722635746 0.366211622953415 0.578021967411041 0.478276857733727 0.787396830320358 0.776147270202637 0.831362944841385
-9999 -9999 -9999 -9999 -9999 -9999 -9999 -9999 -9999 -9999 -9999 -9999 -9999 -9999 -9999 -9999 -9999 -9999 -9999 0.0730571180582047 0.156131932139397 0.292640042304993 0.618072533607483 0.701247900724411 0.613531565666199 0.507343843579292 0.228687544167042 0.162003095448017 0.250743660330772 0.271638648211956 0.407950979471207 0.497481590509415 0.406660470366478 0.0429937485605478 0.159609489142895 0.0824190430343151 0.0920951142907143 0.260675582289696 0.130638299137354 0.404961952567101 0.450481659173965 0.117334938049316 0.253449241816998 0.511366739869118 0.51609511077404 0.595518237352371 0.409796935319901
