Scripts_&_data/Maxent_result_files_2/B_sylvarum_3.asc
NCOLS 594 
NROWS 330 
XLLCORNER -15 
YLLCORNER 23 
CELLSIZE 0.166666666666667 
NODATA_value -9999 
[rows 294 to 314 of 330, columns 138 to 183 of 594]
2.28021786341515e-08 2.5566028138968e-08 2.67778776041894e-08 3.31522187480005e-08 3.54673058922117e-08 3.38699287283362e-08 4.53205457162653e-08 6.68351722410421e-08 7.62687911048943e-08 9.34526859452944e-08 1.58112008108446e-07 1.37182570725258e-07 1.52840758005368e-07 1.78569711550836e-07 2.00960411689266e-07 2.31144520768112e-07 2.91776511573971e-07 3.07443656311079e-07 3.2430135092909e-07 3.49092989893052e-07 3.4851266974556e-07 3.5779578695383e-07 4.36950185189744e-07 4.41113962779127e-07 3.97491319859e-07 3.54890305231947e-07 3.69159289448362e-07 3.74018416948729e-07 3.7491185764793e-07 3.69924310916758e-07 3.65867298057765e-07 3.5215845031189e-07 3.57288712393711e-07 5.78342314838665e-07 3.42702509215087e-07 3.49886627759588e-07 3.35705964005228e-07 2.93171568443995e-07 3.374262078637e-07 3.19159056516582e-07 4.03353688227526e-07 5.69667034255872e-07 6.19169392734875e-07 5.17748108563865e-07 5.09303970375186e-07 5.09745223098435e-07
3.13228285087064e-08 3.68376958270744e-08 3.39845507291159e-08 3.63633527733498e-08 3.72585069463582e-08 3.93429095524311e-08 4.65481912570453e-08 7.29155491541178e-08 7.75219792359394e-08 9.46520344768942e-08 1.4959263623382e-07 1.36646799830942e-07 1.60237753021875e-07 1.45067311763114e-07 1.91038222396855e-07 2.00660031879352e-07 2.36779671070053e-07 2.74698498969883e-07 2.77883044930149e-07 2.56987426183741e-07 2.39586410089032e-07 2.98292928846422e-07 3.6539689745041e-07 3.33946498187743e-07 2.7784453848767e-07 2.55961235495761e-07 2.73025084140954e-07 2.73561598618244e-07 2.98322642322546e-07 2.98600160419937e-07 3.08240853996722e-07 3.18086142669927e-07 3.27998085936088e-07 3.61186077668663e-07 3.41488467370255e-07 4.97373308405713e-07 3.85175550832173e-07 2.99712263540641e-07 4.8418295079955e-07 3.85780796818835e-07 4.31187390859122e-07 6.71218995762501e-07 5.33390863211025e-07 7.42712751389263e-07 7.19553983685728e-07 6.40755155245643e-07
3.28010884231844e-08 3.43435483607379e-08 3.37709141540188e-08 3.62316157520581e-08 3.57194715583375e-08 3.92062426080031e-08 5.60049420172959e-08 7.01460956875621e-08 8.25485546585014e-08 9.26675767232155e-08 2.09085769853345e-07 1.28036028712586e-07 1.46127550948449e-07 1.42460606866734e-07 1.76152952491293e-07 1.88452555960339e-07 2.10271493727987e-07 2.12022817436264e-07 2.3255898540242e-07 2.67143109056178e-07 2.21089314322853e-07 1.7429855816431e-07 1.72786617724796e-07 1.77667104850343e-07 1.67458576783019e-07 2.01978495084632e-07 2.10568965997027e-07 2.00449566989391e-07 2.28357686893332e-07 2.28267902713242e-07 2.35984396823596e-07 2.6062813134331e-07 2.72412408008904e-07 3.44560237408587e-07 4.82645343424792e-07 4.7674473933057e-07 3.45103624965759e-07 3.20585533586382e-07 3.65231218779627e-07 4.248179848787e-07 4.51134087597893e-07 4.53482955720119e-07 6.73123005867637e-07 5.38209187084249e-07 5.72516393049227e-07 5.80217007950523e-07
2.36002954956405e-08 2.59454942863613e-08 2.57885221621734e-08 2.74857266724382e-08 3.04529435446454e-08 3.20387723462545e-08 3.76781846611607e-08 4.13045489366937e-08 5.23518950856783e-08 5.99228574316157e-08 6.89490679661731e-08 8.97533446675425e-08 1.05428526353535e-07 1.30692161093293e-07 1.45394747974592e-07 1.55979472182821e-07 1.65522423145603e-07 1.77086170083385e-07 1.98199570888846e-07 2.33581636166491e-07 2.24212141830549e-07 1.70576866764804e-07 1.73136223224901e-07 1.54123625506486e-07 1.43970211397004e-07 1.31668447878042e-07 1.35372262732858e-07 1.26567528013766e-07 1.37954766543658e-07 2.03060302794711e-07 2.18945513807967e-07 2.35017007099714e-07 2.30017865732179e-07 2.26323729179967e-07 2.54965904389337e-07 3.9084707168513e-07 3.96868617258406e-07 3.35263894157833e-07 3.55416251807128e-07 3.45666227019592e-07 4.17446463529814e-07 3.59290424967185e-07 4.79326743629827e-07 5.11422314275478e-07 7.0687368918243e-07 5.37437715308897e-07
2.41808584711123e-08 2.74149975609816e-08 2.53160081342685e-08 2.58513944473293e-08 3.00017575227685e-08 3.52529484715092e-08 4.28410540820323e-08 4.89085108412723e-08 5.13708435789795e-08 5.93667779824614e-08 6.44287110773689e-08 6.65629141138879e-08 7.35472299950857e-08 8.26428880884578e-08 9.79431362679861e-08 1.25561660979656e-07 1.54704932953109e-07 1.68328842420351e-07 1.88056732497444e-07 2.07559503451193e-07 1.97305745075482e-07 1.62955304716661e-07 1.48422703460938e-07 1.71765091039333e-07 1.53632158728101e-07 1.46915760268485e-07 1.42647910550409e-07 1.2296603166817e-07 1.56425692665607e-07 1.79542651324027e-07 1.78477528578469e-07 1.97144879621192e-07 2.10324567007092e-07 2.04629272815282e-07 2.30721310856552e-07 5.32994410207266e-07 3.84469774417084e-07 3.1123401242894e-07 2.71782496241713e-07 2.98654472885573e-07 2.58404750042018e-07 2.46724351171679e-07 3.18512834951434e-07 4.59384908424454e-07 5.65891075154923e-07 6.24229647883112e-07
2.66300953732923e-08 2.74518159315562e-08 2.50650383115669e-08 2.68570587103056e-08 3.04533224415593e-08 3.13695587728091e-08 3.36777006282318e-08 3.90721702103747e-08 4.14431813311467e-08 6.53827436636334e-08 4.74299472585926e-08 5.45160167675363e-08 6.9674654668006e-08 8.08450511868841e-08 1.05744548051234e-07 1.3072588807006e-07 1.38794530712971e-07 1.31115031720697e-07 1.35213326757366e-07 1.44739688678897e-07 1.41554637878016e-07 1.52615131199241e-07 1.54507726080055e-07 1.57282389778857e-07 1.39636648910368e-07 1.34510620242168e-07 1.29276895677322e-07 1.23305427379705e-07 1.36351149748748e-07 1.68816508505643e-07 2.04041038642799e-07 1.96425039433734e-07 2.12724619785831e-07 2.16984935264009e-07 2.16110162654104e-07 3.18539126453743e-07 3.42156299382168e-07 2.89321694424416e-07 2.67754229099637e-07 2.62724324073815e-07 2.71811752838857e-07 2.81125860368547e-07 2.8425929414766e-07 3.63636021916136e-07 4.21542459605462e-07 5.58866361188848e-07
2.73688765872748e-08 2.51667418460499e-08 2.46484386678958e-08 2.68371690204106e-08 2.59931504764666e-08 2.75855989606555e-08 2.87267266863012e-08 3.29302858759206e-08 3.48256293136728e-08 3.87736594831267e-08 4.21390186744475e-08 5.04483315566517e-08 5.8064855679163e-08 5.79292862568082e-08 7.19457593945094e-08 9.01729755753422e-08 8.63876435275301e-08 9.14970058829567e-08 1.07519137060308e-07 1.21118138451948e-07 1.34116628203174e-07 1.62582938401101e-07 1.73826854421577e-07 1.71674837545766e-07 1.46377573528866e-07 1.28567842594407e-07 1.24654275523994e-07 1.03741333745688e-07 1.35182304816794e-07 1.711790723391e-07 1.64356445964131e-07 1.70353230544151e-07 1.95908548761281e-07 1.95560360083391e-07 1.83332512193601e-07 1.78262839511945e-07 2.01178246328482e-07 2.16320785995094e-07 2.0549210688614e-07 2.27218429671439e-07 2.74394756871743e-07 2.66386911107475e-07 2.75401055915836e-07 3.1185001034828e-07 3.69035402059126e-07 4.10412354767686e-07
2.19070790397069e-08 2.26525762592189e-08 2.20941217321524e-08 2.39420195669027e-08 3.13586342670646e-08 2.36223915983658e-08 3.04648531290752e-08 2.20604115863665e-08 2.25278675269891e-08 2.83281198498742e-08 3.67492396513569e-08 3.64953280040936e-08 4.09335015660872e-08 4.7310899198294e-08 4.99515008911544e-08 5.47182843035898e-08 6.93639929494339e-08 8.45870932408843e-08 1.12776749361387e-07 1.27030922669746e-07 1.34532218254435e-07 1.44237991506202e-07 1.51801853931488e-07 1.55032200765959e-07 1.54175216238173e-07 1.14401984063761e-07 1.03936795170512e-07 9.00886231391951e-08 1.06991192794226e-07 1.27128341986804e-07 1.40778076485049e-07 1.27738689315038e-07 1.39925899844684e-07 1.51299471085053e-07 1.48844303993201e-07 1.44517577638226e-07 1.20095970856937e-07 1.32392197471631e-07 1.30655379138034e-07 1.73471897113586e-07 1.86877667829322e-07 1.76226735959517e-07 2.09585824251235e-07 2.82509103044504e-07 3.18966715440183e-07 3.78566687686543e-07
2.01919629461145e-08 2.00573194053533e-08 2.17487380105297e-08 2.52701946479306e-08 2.70436705918087e-08 2.43897932072912e-08 2.25898006078751e-08 2.19721946415063e-08 2.40606063961479e-08 3.01293584747953e-08 3.18716268488117e-08 3.42528192476266e-08 3.45116557554093e-08 3.92180548480781e-08 4.89468938269511e-08 6.52560014913206e-08 7.97964091248104e-08 9.1330633722464e-08 9.36166657083959e-08 1.02540576563115e-07 1.08236568863163e-07 1.24151776859094e-07 1.35430173031637e-07 1.37772276076475e-07 1.37271539202288e-07 1.20066915343386e-07 9.50080988104673e-08 8.91953494175368e-08 8.58189364905115e-08 9.72465851845072e-08 1.02915282695903e-07 1.04112684695679e-07 9.65549084241957e-08 1.00532428604083e-07 9.2785732874745e-08 9.24798559509554e-08 1.75519306822025e-07 9.13885333631015e-08 7.31672038511988e-08 9.01452199997266e-08 1.12852093181459e-07 1.39921079878036e-07 1.81624454853591e-07 2.41111004584127e-07 3.2118843336093e-07 3.84388394536472e-07
1.92464370218914e-08 2.14749099836098e-08 2.27044194112125e-08 2.47276129350382e-08 2.56969503453774e-08 2.79139062087097e-08 2.66303540108481e-08 2.31874334843951e-08 2.40991253619427e-08 3.031592665792e-08 3.32486605358895e-08 3.03731040318667e-08 3.01049284168187e-08 4.02135354349298e-08 5.11031700511921e-08 6.52072271734028e-08 7.72179580721399e-08 7.74060067598725e-08 8.58719840124422e-08 1.01710498512375e-07 1.12269446361779e-07 1.19674627541144e-07 1.15253810761828e-07 1.17833739210482e-07 1.17276043809511e-07 1.19316050373186e-07 9.90768789677077e-08 8.60862968465881e-08 8.88140057497822e-08 9.1851035577406e-08 9.79755508723201e-08 1.03989838962093e-07 9.23028252941549e-08 6.87572686786098e-08 5.95320162943835e-08 5.55066812069072e-08 6.57150383887028e-08 1.20119631574767e-07 1.3431283072407e-07 8.06164702993328e-08 1.14275963269961e-07 1.4263017185101e-07 1.61747333748963e-07 2.59528819412935e-07 2.88557169625392e-07 2.94671416156689e-07
1.95828366411632e-08 2.04791749780497e-08 2.21496786245723e-08 2.45209359484022e-08 2.32320993553969e-08 2.43784687548043e-08 2.72779488774688e-08 2.83175610960029e-08 3.11226227900363e-08 3.27414247713875e-08 3.51481304505796e-08 3.19805432802411e-08 3.51751085148067e-08 4.39888174774694e-08 5.93405271587244e-08 6.75941910444067e-08 7.26153793095818e-08 7.02983790290546e-08 8.35412032884619e-08 1.09992639352186e-07 1.21330991476043e-07 1.20357886501665e-07 1.12003414542983e-07 1.08349518512796e-07 1.09786811464119e-07 1.14493665392956e-07 1.01031056232159e-07 1.02373841315284e-07 9.64523977131648e-08 9.10952529409315e-08 9.77953458658476e-08 8.97739877103732e-08 7.58788477384087e-08 8.1954850017496e-08 8.03227399259754e-08 6.55837101959378e-08 6.55904429436305e-08 6.67246665031485e-08 6.89557921873529e-08 1.11597223906301e-07 9.35139578217559e-08 1.52905731454212e-07 1.78654387639199e-07 2.35578005458592e-07 2.3152213302069e-07 2.7997401588209e-07
1.81330551018988e-08 1.68842360981358e-08 1.79778269604469e-08 1.93944559079284e-08 2.11059256294277e-08 2.36513919560366e-08 2.54052382686609e-08 2.61620498598347e-08 2.80619167014606e-08 3.09640614482021e-08 3.40127463971385e-08 3.36081140694944e-08 4.29028592208169e-08 4.97928073883713e-08 5.94541726073317e-08 6.83688165636909e-08 6.75882393608163e-08 7.8586715090978e-08 9.1680636593594e-08 1.04711624615561e-07 1.0812526092252e-07 1.08964826850411e-07 1.05619657375655e-07 1.05463650967863e-07 1.07834168616705e-07 1.05025417340698e-07 1.0057312387346e-07 1.04352347207737e-07 1.07205510602171e-07 1.11708231997909e-07 1.15058342586849e-07 8.33139917943981e-08 8.45385663694742e-08 8.10836258580139e-08 7.55017168785344e-08 6.60144188202594e-08 6.7362720379549e-08 5.52313156987339e-08 5.57965404368588e-07 7.0447793731887e-08 1.09791669444803e-07 1.2185034279355e-07 1.50439484514209e-07 1.94770508699094e-07 2.23060241211215e-07 2.85774041230979e-07
1.7170737187655e-08 1.63811139319847e-08 1.70410871636051e-08 1.5844854139857e-08 1.87639744630985e-08 2.17332160268313e-08 2.39090880427284e-08 2.58330015157071e-08 2.77999516740124e-08 3.11641445094324e-08 3.58577610271027e-08 3.33706356769881e-08 3.86837628596481e-08 5.47787090354745e-08 5.31951236837358e-08 6.84697420538782e-08 6.71574241550843e-08 6.56347586058814e-08 7.75093589311382e-08 8.13733311844089e-08 8.64933257460621e-08 9.49943789407826e-08 1.04546084500612e-07 1.05578723363919e-07 1.08378015895028e-07 1.10913230955134e-07 1.01622281079017e-07 1.04898671082765e-07 1.10989232382508e-07 1.14063984568702e-07 1.16541975359041e-07 9.37096938713466e-08 9.54528598384741e-08 1.01382814321482e-07 8.6941253130135e-08 8.425303761328e-08 8.17801094399329e-08 1.28672513710626e-07 1.90093198426666e-07 1.03439652221482e-07 9.14668746077041e-08 1.19133461851106e-07 1.41863676361709e-07 1.93316454755177e-07 2.17190231666109e-07 2.84054737420547e-07
1.97542892266256e-08 1.6134359404063e-08 1.4354504918046e-08 1.33497914056591e-08 1.61080268679115e-08 1.98085825076078e-08 2.42656691629151e-08 2.67977166679145e-08 2.72756823349596e-08 2.91672149543842e-08 3.00542806641602e-08 3.39432447482579e-08 4.40374802401777e-08 4.82997624118298e-08 4.91038255390208e-08 6.0995439454814e-08 5.62649422164441e-08 5.33948034231457e-08 6.79718926477335e-08 7.45016214054317e-08 8.8077954707444e-08 9.53150227189781e-08 9.66910636890361e-08 1.02237389754123e-07 1.06684674250346e-07 1.10978697165365e-07 1.04221605212729e-07 1.05887617252165e-07 1.17571838842423e-07 1.16714987186128e-07 1.16589749055152e-07 9.47867402345537e-08 9.38638887504339e-08 1.02869438833864e-07 8.76826209861292e-08 7.78468139728261e-08 7.49532526711505e-08 7.68156283470489e-08 7.74290707994396e-08 8.33772045183423e-08 9.68438186532694e-08 1.19083711069834e-07 1.42358957333499e-07 2.06420919823813e-07 2.15472885400914e-07 3.03938416834626e-07
1.51323339192544e-08 1.50229313877759e-08 2.07891888592826e-08 1.47531368899223e-08 1.56660821204468e-08 1.84090350963118e-08 2.41086143049074e-08 2.68178161455523e-08 2.86367198398807e-08 3.10320437790779e-08 3.31225479932584e-08 3.35021539399349e-08 4.34754263700654e-08 4.61329567436053e-08 5.00514976131683e-08 5.69870906019787e-08 5.05223839653013e-08 5.23363727467086e-08 6.83561339087646e-08 7.55978669886304e-08 8.51061850326573e-08 9.12272589914664e-08 9.3296662306841e-08 9.42102959200497e-08 9.05193189737474e-08 9.02781616574089e-08 8.87608141653118e-08 9.3249929378203e-08 1.22188203732776e-07 1.00794611768151e-07 1.15484026608215e-07 1.0442366296104e-07 9.0637441374497e-08 9.76974853017509e-08 9.24835898530318e-08 9.55813458602961e-08 8.14146254413117e-08 7.70176475484163e-08 7.97465055768498e-08 1.02937757873178e-07 1.24860159189666e-07 1.38996376719547e-07 1.68598948846466e-07 1.81600794491032e-07 2.13235372825693e-07 2.68616891219153e-07
2.45764393724812e-08 1.84146734305557e-08 1.73974350481387e-08 1.7939170371406e-08 1.89907804148959e-08 2.04043891116612e-08 2.25628172589865e-08 2.50764752962596e-08 2.6426044374972e-08 3.15166378328513e-08 3.82265224807554e-08 3.98290860736949e-08 4.51714472049503e-08 4.63284566265543e-08 4.97509806685059e-08 5.36372539272634e-08 5.22947610548385e-08 5.55363463661251e-08 7.12727715068695e-08 7.35914493787959e-08 7.89187835081862e-08 8.28608186509427e-08 8.13483943318261e-08 7.50542781702279e-08 7.49965685997722e-08 9.438512016402e-08 1.08786229446878e-07 1.26373362618892e-07 1.13408674451421e-07 1.24035413051615e-07 1.29038871676812e-07 1.19815712196214e-07 2.25713402102201e-07 9.31232044365515e-08 8.29634316801275e-08 8.3924361504728e-08 8.09134771628806e-08 7.89440985471401e-08 8.38689718563046e-08 9.86090739729661e-08 1.20463089103851e-07 1.65971334098458e-07 1.89780956105778e-07 1.76772673654568e-07 2.19385979960407e-07 2.42691120178051e-07
5.72954883537591e-08 3.40061853343343e-08 4.15362102046402e-08 4.0127948608415e-08 4.20732624739628e-08 3.31570257472436e-08 3.35374982896042e-08 3.61814731064669e-08 2.49643595573446e-08 3.11589918311483e-08 4.1625089952646e-08 4.48681946707552e-08 4.7139128867002e-08 4.42642408948757e-08 4.65869510968275e-08 5.02483095132789e-08 4.70448144440638e-08 5.1893385943913e-08 6.78120105845892e-08 7.12884320464013e-08 8.16851713381084e-08 8.74093384339858e-08 8.38965124927427e-08 1.21974676758896e-07 1.86793302958677e-07 1.58117354587262e-07 1.32322018941977e-07 1.12968233167976e-07 1.05787671245139e-07 1.05905612102219e-07 1.11391838686359e-07 1.06169888880459e-07 1.0223366189166e-07 1.11071800645846e-07 1.03340085644277e-07 8.38309116346636e-08 7.60020750334434e-08 7.7806528153701e-08 9.33606578712443e-08 1.1231985119764e-07 1.35489532837596e-07 1.31778330825227e-07 1.5140201696795e-07 1.73256411528655e-07 1.81217394157329e-07 1.89593924204701e-07
9.65536795405342e-08 1.1236608479237e-07 8.89295343142749e-08 8.42242256382519e-08 7.92853599662635e-08 6.15306015916417e-08 6.05336722969696e-08 3.72029199446899e-08 2.70379326927639e-08 3.51773026707747e-08 4.11426757551681e-08 4.36421433214207e-08 4.74038419184808e-08 4.44729634452301e-08 4.50769277904328e-08 4.57180661328493e-08 4.75966940527428e-08 4.71605066110214e-08 5.593953158467e-08 7.09497832929174e-08 8.43252605520206e-08 9.84016132576926e-08 1.74070441261165e-07 1.82676879489918e-07 1.51925677016607e-07 1.29185437103274e-07 1.03045805843749e-07 9.67032651288946e-08 1.09453509367086e-07 2.17780769418141e-07 1.89512821791027e-07 1.01151834641655e-07 1.0410998640964e-07 9.7798904974411e-08 9.30134987697784e-08 9.71369761515462e-08 1.05765065328001e-07 1.10077690607113e-07 1.14638147863388e-07 1.18942631033292e-07 2.75258027215841e-07 1.1533962407384e-07 1.29151204220079e-07 1.5982716448093e-07 1.43700818355796e-07 1.67663436556609e-07
1.31859594887374e-07 2.62205205814325e-07 1.5488434534916e-07 1.35518084221076e-07 6.49313371070548e-08 9.54456496060629e-08 7.22706211320201e-08 2.76137583909986e-08 4.0899706732489e-08 5.40779145907777e-08 5.07265760063547e-08 3.94393191882614e-08 4.42657807298019e-08 4.24741450011368e-08 4.48024899846189e-08 4.20886967944511e-08 4.5708727025584e-08 4.44400282795243e-08 5.43667663777114e-08 7.26567849440585e-08 8.87883679467905e-08 1.37957311352466e-07 1.9661642127744e-07 1.56377986115785e-07 1.14638966763891e-07 1.03155753805595e-07 9.84401328452123e-08 1.09571393380747e-07 1.14071900014778e-07 1.00156155369291e-07 9.88161900750129e-08 1.01748543102076e-07 1.08093766115758e-07 1.14522018535013e-07 1.11549060122229e-07 1.26629299046499e-07 1.04188578475828e-07 8.70150577370055e-08 1.16227250757106e-07 9.94669200338194e-08 1.28562564682966e-07 1.32631989657739e-07 1.26838884284552e-07 1.52400905761851e-07 1.72623352057144e-07 1.75040741012822e-07
2.40761288949898e-07 2.12719939440831e-07 2.68748777187966e-07 1.14715093957329e-07 8.3639256942547e-08 6.25049585423199e-08 6.79349691168341e-08 6.6035541301801e-08 5.26055661254077e-08 6.13501217827661e-08 4.70228324722655e-08 4.15518262464332e-08 4.16130022884431e-08 3.78482448937234e-08 4.10367926306776e-08 4.37234102257378e-08 4.27847706596651e-08 4.7491467558558e-08 5.5170440838026e-08 7.23009565106736e-08 1.03796050510141e-07 1.62437762440959e-07 1.56056481870337e-07 1.31563830407799e-07 1.1026348083476e-07 1.09340260578961e-07 1.20506582135249e-07 1.29424546457813e-07 1.18708368646026e-07 1.17766984431e-07 1.16907883906947e-07 1.05041786113702e-07 1.05547275808249e-07 1.11676767389213e-07 1.14191117006612e-07 1.13009233970729e-07 1.11465298502367e-07 1.15103821585194e-07 1.2223994438898e-07 1.25198229028456e-07 1.23945262231473e-07 1.20231809574989e-07 1.4084560255867e-07 1.77189931349631e-07 1.82293891981544e-07 1.84189359231368e-07
2.31990558319239e-07 2.2469992728702e-07 2.04569181505576e-07 1.55299160198297e-07 1.30223256178397e-07 1.00085121701454e-07 8.9030481831287e-08 6.58212732318475e-08 6.06313266260372e-08 6.04787594227218e-08 4.32958106699743e-08 3.66494867343192e-08 3.78355071717351e-08 3.64006553787988e-08 4.31805657896689e-08 5.34950599373474e-08 4.91427751825313e-08 5.16423180663139e-08 5.62888287092278e-08 6.24029347306987e-08 1.31831107808011e-07 1.75061709839497e-07 1.51684654881024e-07 1.23287854947307e-07 1.18395688630812e-07 1.22597773000166e-07 1.18933845882907e-07 1.12468685742328e-07 1.12126955187364e-07 1.14006750351336e-07 1.13375534738225e-07 1.16529647087305e-07 1.2128435713521e-07 1.27276670980336e-07 1.29247873559279e-07 1.30015618893253e-07 1.28275716804183e-07 1.3384534298666e-07 1.31946304193775e-07 1.38017083628483e-07 1.25416451624005e-07 1.31353452914595e-07 1.60890406064595e-07 1.74226960325541e-07 1.82486139976845e-07 1.93596980579969e-07
