Scripts_&_data/Maxent_result_files_2/B_sylvarum_3.asc
NCOLS 594 
NROWS 330 
XLLCORNER -15 
YLLCORNER 23 
CELLSIZE 0.166666666666667 
NODATA_value -9999 
[rows 42 to 62 of 330, columns 230 to 275 of 594]
-9999 -9999 -9999 -9999 -9999 -9999 -9999 -9999 0.111998063325882 0.389031431078911 -9999 -9999 0.291568022966385 0.110617076605558 0.324705965816975 -9999 -9999 -9999 -9999 0.448909625411034 -9999 -9999 -9999 -9999 0.183819581568241 0.0763509206473827 0.023346181306988 0.0226699482649565 0.0199535948224366 0.0528996840119362 0.265583398938179 -9999 -9999 -9999 -9999 -9999 -9999 -9999 -9999 -9999 -9999 -9999 -9999 -9999 -9999 -9999
-9999 -9999 -9999 -9999 -9999 -9999 0.370401194691658 0.0963407702744007 0.0241996966302395 0.0947213273495436 0.0190717747434974 0.0324270429089665 0.0536575429141521 0.0759760316461325 -9999 -9999 -9999 0.0620212942361832 0.117957475036383 0.10284281373024 -9999 -9999 -9999 0.108511771261692 0.0635550279170275 0.0346277948468924 0.193645433336496 0.107496882230043 0.114387099444866 -9999 -9999 -9999 0.112820477038622 0.0997491400688887 0.138706220686436 0.112284072488546 -9999 -9999 -9999 -9999 -9999 -9999 -9999 -9999 -9999 -9999
0.361521178483963 -9999 0.149747741222382 0.0727388594299555 -9999 0.111577320843935 0.0216640370897949 0.0332170570269227 0.0147527766413987 0.0112007351592183 0.0193279228173196 0.0735076114535332 -9999 -9999 -9999 0.0767936397343874 0.0204276303760707 0.0192979700863361 0.0175215823575854 0.0314133277162909 -9999 -9999 0.0289986265823245 0.0324822518974543 0.0166999344713986 0.0783914726227522 0.0257361961528659 0.21237960755825 0.180748325586319 -9999 -9999 0.216006411612034 0.104159608855844 0.1201366789639 0.0279200159013271 0.021731783170253 0.026987455226481 0.0201407113112509 0.0460676282644272 0.183022479712963 0.129845540225506 0.112124420702457 -9999 -9999 -9999 -9999
0.231508477777243 0.127887642383575 0.0323350915685296 0.0179908851161599 0.0107555795460939 0.029339000955224 0.0157572451978922 0.00783659778535366 0.00598809164948761 0.0109585409983993 0.0464341651648283 -9999 -9999 0.00789033642504364 0.00541658026631922 0.00631035822443664 0.00810372144915164 0.00931915403343737 0.0391311513260007 0.0586813431233168 0.0425692986696959 0.0123039619997144 0.0280797092244029 0.0076073172967881 0.00833013351075351 0.0113966623321176 0.0213618185371161 0.0408072823658586 0.0171078426763415 0.0207750636152923 0.0095546000637114 0.00875868983566761 0.021647716127336 0.0128549742512405 0.0125953631475568 0.0203882703557611 0.0139022650197148 0.118289879709482 0.0406507523730397 0.0204575455747545 0.0205136435106397 0.0192115016281605 0.0235400999896228 0.0293912883847952 0.059735094755888 0.3005386531353
0.117070812731981 0.045180581882596 0.0066419618204236 0.00391036055516452 0.00245015035616234 0.00243094083853066 0.00329687164630741 0.00444695889018476 0.00765096354298294 0.0135245567187667 -9999 -9999 0.0488086687400937 0.00749583460856229 0.0197357225231826 0.0142026896588504 0.0223313120193779 0.0961142864078283 0.0847996547818184 0.019061345141381 0.0158630754798651 0.00910497303120792 0.00419729587156326 0.00343213770538568 0.00405067354440689 0.00575638827867806 0.00711105004884303 0.00772119667381048 0.00371549617266282 0.00396632356569171 0.00211344929412007 0.00318486234173179 0.00399842751212418 0.00420194559264928 0.00480570504441857 0.0132812218740582 0.0110263941809535 0.0103602723684162 0.0267222171649337 0.129227983951569 0.0252753907814622 0.0303354935720563 0.0447851020842791 0.0619769930839539 -9999 -9999
0.0431023307144642 0.00906620225869119 0.00351341492496431 0.00505848745815456 0.00257518421858549 0.00194875035667792 0.00484476583078504 0.0803624879568815 0.0242106377147138 0.0243780610151589 0.083733582124114 0.0432251589372754 0.0203163485974073 0.00698045380413532 0.00453264513053 0.0133429858833551 0.0205203912220895 0.11917583309114 0.0878044359385967 0.00972578171640635 0.00559150383342058 0.00412281623575836 0.00361827174201608 0.003136360575445 0.00330736597534269 0.00243543107062578 0.00316596990451217 0.00437189049553126 0.00160498566110618 0.00329986775759608 0.00489326394163072 0.0104056218639016 0.0569454871118069 0.00669881829526275 0.00752262778114527 -9999 -9999 -9999 0.0386312425136566 0.0253411523997784 -9999 -9999 -9999 -9999 -9999 -9999
0.024914573226124 0.00845643193461001 0.00193821160355583 0.001951435348019 0.00219223712338135 0.00168302928796038 0.00303071754751727 0.0364691050723195 0.0669702248647809 0.0477862946689129 0.0284070143476129 0.0108692629262805 0.00247138740960509 0.00159886409528553 0.00209641497349367 0.0103331490885466 0.00470024342648685 0.00499398566316813 0.00612901346758008 0.00396134362090379 0.00323228945489973 0.00156447103945538 0.00254812989151105 0.00235029465984553 0.0016219126409851 0.00193638444179669 0.00292382901534438 0.00393798968289047 0.00237096447963268 0.00248920728918165 0.00454776722472161 0.00366875275503844 0.011043550632894 0.00963707510381937 0.018861111626029 0.0156714706681669 0.0733718805015087 0.0866629429161549 -9999 -9999 -9999 -9999 -9999 -9999 -9999 -9999
0.00466661741957068 0.00579083149787039 0.00833555613644421 0.00257664418313652 0.00312565728090704 0.00465306369587779 0.00228249294450507 0.00216179421404377 0.00208348224405199 0.0032230141106993 0.00546653037890792 0.00156177417375147 0.000833572790725157 0.00061839782865718 0.00104507525102235 0.00149250123649836 0.00211394167272374 0.00170948569430038 0.00180080415448174 0.0012790186679922 0.00128606606740505 0.00357157953549176 0.00649236519820988 0.00130141193512827 0.0011303844046779 0.0023881800705567 0.00193798212567344 0.00242615474853665 0.00219591613858938 0.001288699376164 0.00339901512488723 0.00277287089265883 0.0135713684372604 0.0133384887129068 0.00727837653830647 0.0114660335704684 0.0554958861321211 0.0524073492735624 0.0795077435672283 0.0503267090767622 0.0855094693601131 0.123079780489206 0.104813377559185 0.0818496260792017 0.0819455463439226 0.0387442290782928
0.00219658894930035 0.00264501811470836 0.00513779153116047 0.00183715592138469 0.00235547393094748 0.00143456368241459 0.00107518609729595 0.00097217244328931 0.00111301638535224 0.0012174753472209 0.00113321443786845 0.00234464603709057 0.000792821648065001 0.000520959740970284 0.000441491606761701 0.002326844423078 0.00110805293661542 0.00108614307828248 0.00170956073561683 0.00135117629542947 0.00110450342181139 0.001592585851904 0.00319933264981955 0.00154627950396389 0.00226758201606572 0.0015599348465912 0.00233123885700479 0.00146030621253885 0.00116445592720993 0.00200923483353108 0.00904309204779565 0.0164492114447057 0.00918063754215837 0.00916407196782529 0.0195628939196467 0.0464295415207744 0.0289525972679257 0.0206221705302596 0.0436954712495208 0.0403030527755618 0.0124937380664051 0.0125751914922148 0.0377660717815161 0.0822814159095287 0.0292703093960881 0.197759594023228
0.00118364231311716 0.00100028903689235 0.00115221942542121 0.000975264597218484 0.00115889334119856 0.000759729999117553 0.000432604862726294 0.000494352754321881 0.00121308797970414 0.0007696790213231 0.000628541884361766 0.00180422548437491 0.00117979520582594 0.000901234208140522 0.00107163391076028 0.00222179415868595 0.000656128005357459 0.000963452621363103 0.00103557594120502 0.000996168534038588 0.0009740543900989 0.000847160047851503 0.000794843526091427 0.00519961807876825 0.00459533794783056 0.00540873468853533 0.0299162321258336 0.00778852311195806 0.0271490581333637 0.0110208064317703 0.0055947033688426 0.00294864318566397 0.0127097259275615 0.0241727093234658 0.0221867667511106 0.0261742274276912 0.0434074176475406 0.015573378931731 0.00808467851020396 0.0156999354250729 0.00561366234906018 0.00678165485151112 0.00663628890179098 0.00976323839277029 0.00754200965166092 0.00295504406094551
0.000585378712275997 0.000372900604270399 0.000649223534855992 0.000549309869529679 0.00064052797970362 0.000496735057095066 0.000222831772407517 0.000434155776747502 0.000525836081942543 0.000855994073208421 0.000574229410267435 0.000386748858727515 0.000350071548018605 0.000242456216074061 0.00357782554347068 0.000510529469465837 0.000709966762224212 0.000803101144265383 0.00189650531392545 0.00285959907341748 0.00944056757725775 0.013683453341946 0.010097959311679 0.0108098663389683 0.00467429228592664 0.00384113194886595 0.00352184728253633 0.00354572152718902 0.00481478692963719 0.00482496423646808 0.0057415725896135 0.00812107562087476 0.00352553540142253 0.00361863434081897 0.00766316866502166 0.00461525155697018 0.0035886209574528 0.00832709767855704 0.081170979142189 0.0141588293481618 0.00876751439645886 0.00725163770839572 0.00574373921845108 0.0449938422068954 0.0508265808224678 0.0405662372708321
0.000288440851727501 0.000376109482022002 0.000366983996354975 0.000408082504873164 0.000511582550825551 0.000357003897079267 0.000360392522998154 0.000435052189277485 0.000457328403717838 0.000574907258851454 0.000545378174865618 0.000241247848316561 0.000571692758239806 0.000639000651426613 0.00201124235754833 0.000422775046899915 0.000609844375867397 0.00148685302119702 0.00151937541086227 0.00400216937996447 0.00738225150853395 0.00432868110947311 0.0034187393146567 0.00279812448425218 0.005426328885369 0.00594714358448982 0.0118308543693274 0.060084405913949 0.00825789624359459 0.00920531270094216 0.0025383425061591 0.00338351001264527 0.00856347428634763 0.0102239823201671 0.00614783365745097 0.01293791430071 0.00397742055356503 0.0263876708224416 0.00848074243403971 0.0114618530031294 0.0100583804305643 0.00883758894633502 0.0228647689335048 0.0193876877427101 0.0469281900674105 0.017321842815727
0.000238125266332645 0.000410410555195995 0.000570076948497444 0.000642115640221164 0.000520543553284369 0.000517192942788824 0.000674808595795184 0.000546857592416927 0.00046224998368416 0.000450999624445103 0.000522451227880083 0.00118403202504851 0.00184621550142765 0.00199919835431501 0.00272846247535199 0.00310747162438929 0.00680706086568534 0.00150067146169022 0.00364931235089898 0.00219227597117424 0.00361168590607122 0.00437938747927547 0.00414702392881736 0.00308203924214467 0.0143622591160238 0.0394469799473882 0.0347454456612468 0.0393808292225003 0.00754578830674291 0.00543704070150852 0.00247425498091616 0.00375128369778395 0.00243095536134206 0.00445513988379389 0.00511406988371164 0.00563332476885989 0.00408045199001208 0.00360682199243456 0.00379583507310599 0.00613495279103518 0.00494913742877543 0.0158365989569575 0.00759047830943018 0.00429662221577018 0.0166681170463562 0.069268162921071
0.000659964210353792 0.000307642633561045 0.000732303858967498 0.000327773357275873 0.000491212226916105 0.000592657428933308 0.000514285359531641 0.000670623156474903 0.00123466664226726 0.000443391755106859 0.00048865189019125 0.00116986498469487 0.00410495470277965 0.00341263902373612 0.00653174249455333 0.016259722225368 0.01427116189152 0.00192815775517374 0.00146098815603182 0.00342458942905068 0.019515585154295 0.0116752457804978 0.005390680488199 0.00507516341749579 0.00383560737827793 0.005405377689749 0.00419038075488061 0.00319983109366149 0.00606219251640141 0.00926025519147515 0.00737947248853743 0.00506915356963873 0.00360881361411884 0.00485223963623866 0.00274585255538113 0.00859865667298436 0.00796824977733195 0.00621739772614092 0.00742426072247326 0.00378466459224001 0.00614883920643479 0.00926884692162275 0.00266710927244276 0.00894469548948109 0.0113771320320666 0.00387084058020264
0.00125634100404568 0.000587464342243038 0.000808677391614765 0.000871466897660866 0.000465178379090503 0.00047009808185976 0.000338579641538672 0.000326316809514537 0.000296383425302338 0.000412143187713809 0.00076460299314931 0.00334552128333598 0.00129789394559339 0.00871485820971429 0.00940361004322767 0.00298128509894013 0.00602113362401724 0.0153646978549659 0.0162029930390418 0.0184327334165573 0.0163276399485767 0.01951620914042 0.012753554712981 0.020385052356869 0.00703011229634285 0.00478844786994159 0.0135082430206239 0.0100253950338811 0.00450050351209938 0.00749691440723836 0.0183775864541531 0.0129197197034955 0.00211374824866652 0.00667482102289796 0.00684296311810613 0.0105763040017337 0.0207091213203967 0.0103915536776185 0.00679340900387615 0.00621272514108568 0.00514998430153355 0.00684422503691167 0.00404276330955327 0.00536297431681305 0.0144553273450583 0.0318021629005671
0.0066151324659586 0.00529716534074396 0.00913547519594431 0.00619568568654358 0.0077797478530556 0.00653377524577081 0.00476246792823076 0.00124347275123 0.00164741812041029 0.00127460621879436 0.00259680689778179 0.0078248874284327 0.00701903109438717 0.00822459198534489 0.00654603261500597 0.00290668334346265 0.00446274010464549 0.00315557314315811 0.00368447215296328 0.00413316059857607 0.00301238514948636 0.00319589342689142 0.00988381057977676 0.0106094894465059 0.0151131011545658 0.0225837991572917 0.0156802600249648 0.00433429395779967 0.00846185595728457 0.0116649754345417 0.00554666477255523 0.00707687740214169 0.00438932545948774 0.00547370263375342 0.00488271221984178 0.00628464540932328 0.00493192237336189 0.0223625780083239 0.0104765226133168 0.0133756374474615 0.0123433797620237 0.00447054407559335 0.00989770218729973 0.00591100782621652 0.0095073324162513 0.0280868854373693
0.00559581117704511 0.007817567512393 0.0177322502247989 0.0281189704313874 0.00653333221562207 0.00190163200022653 0.00206532560987398 0.0060561440885067 0.00500055775046349 0.00219552329508588 0.00475348874460906 0.0069069558288902 0.00375273122917861 0.00490485485643148 0.00249644428258762 0.00950150107964873 0.00314249240327626 0.000803228197037242 0.00356699140975252 0.00271347119705752 0.002486377308378 0.00525646354071796 0.00641798260621726 0.00298469524132088 0.00727579919621348 0.0242228386923671 0.0141241020523012 0.0152529664337635 0.0140195217914879 0.0180973334237933 0.015805003978312 0.0189821325242519 0.00756857288070023 0.00786852296441793 0.0149042019620538 0.00961780557408929 0.0148615401238203 0.0100223768502474 0.00434026510920376 0.0042919670115225 0.00453346446156502 0.00577100077643991 0.00692023690789938 0.0111217098776251 0.00560827360022813 0.00449924876447767
0.00547566679306328 0.00439386753132567 0.0102354225702584 0.00465039738919586 0.0175868554972112 0.00507620780263096 0.00142830106196925 0.00271864174865186 0.00673588109202683 0.00250174916582182 0.00135308074241038 0.00173981962143444 0.0064068912062794 0.00339475040091202 0.00242387704201974 0.00145863463985734 0.0019372537964955 0.0134591265581548 0.0123015092685819 0.0628046967089176 0.0264434921555221 0.00347282268339768 0.00286502811359242 0.00254646355751902 0.021851727925241 0.0059676401084289 0.00219218789134175 0.00278870387701318 0.00176550957839936 0.00218340419232845 0.00453544044867158 0.0029412932228297 0.00438163348007947 0.00526442860718817 0.00247074558865279 0.0061794547829777 0.00493049232754856 0.0131976612843573 0.0102888762950897 0.0204535065218806 0.00541065268917009 0.00522496320772916 0.00457300001289696 0.00668516291771084 0.00348535047378391 0.0102575313765556
0.00324244960211217 0.00379208561498672 0.00292475359747186 0.0036740040872246 0.00213425444671884 0.00334077113075182 0.00381064540706575 0.00497852277476341 0.00517573754768819 0.00304237670497969 0.00480668336385861 0.00534005158115178 0.00139281137962826 0.00196870438521728 0.00274869506829418 0.00708998399786651 0.00677958480082452 0.00567070036195219 0.0051731089130044 0.00335943880490959 0.00409992234781384 0.00310015641152859 0.00501403883099556 0.00723900684388354 0.0309497342444956 0.0120627761818469 0.0139490755274892 0.0196893219836056 0.0134069834370166 0.00906098014675081 0.00487768340390176 0.00612244289368391 0.00362659989623353 0.00784297427162528 0.0240987982600927 0.0115826335735619 0.00805709084961563 0.0123822604306042 0.002823157585226 0.00837965630926192 0.00565438682679087 0.00476761918980628 0.00244148628553376 0.00491739069111645 0.00702213966287673 0.0043055328191258
0.00456990615930408 0.00284659581375308 0.00304889279650524 0.00248628037516028 0.00621287112589926 0.00474614753620699 0.00375400538323447 0.00475306859007105 0.00417144176317379 0.00265283191110939 0.00140684010693803 0.00296814859611914 0.00410758949583396 0.00466329029295594 0.00258541522198357 0.00541758162435144 0.00220782971009612 0.0052441751700826 0.00186227416852489 0.0100752923171967 0.0038620850071311 0.00295002402272075 0.00308810006827116 0.00298870507394895 0.0205149278044701 0.00370188120286912 0.00308775843586773 0.00575197038706392 0.00781705472618341 0.00979257989674807 0.00806136531755328 0.00486783080268651 0.00858327462337911 0.00775189767591655 0.0225791568867862 0.0049560587387532 0.0028982860269025 0.013004457950592 0.00618065167218447 0.00733466281089932 0.00445900815539062 0.0117914822418243 0.0116111075971276 0.00252062538638711 0.00680736252106726 0.0108089788816869
0.00339450646424666 0.004961847292725 0.00271380080957897 0.00270660299574956 0.00202212605508976 0.00785011346451938 0.00294383206637576 0.00458969171158969 0.00311552442144603 0.000963244878221303 0.00256901241955347 0.00143196612480097 0.00159524131158832 0.00256990601774305 0.00319256990915164 0.00236178084742278 0.00179599113180302 0.00313077841419727 0.0044658986502327 0.00384350316599011 0.00665475795976818 0.00324116752017289 0.00135863687610254 0.0031449576257728 0.00348252971889451 0.00620054716710001 0.0042668916634284 0.00577039235504344 0.00228407119866461 0.00316287032328546 0.00759158723521978 0.0017685036174953 0.00363200574647635 0.00577967409044504 0.00823770612478256 0.00651647751219571 0.00334261851385236 0.00558233589399606 0.00925487792119384 0.00613572308793664 0.00843623774126172 0.00775745348073542 0.0168470060452819 0.00521794487722218 0.00504305505892262 0.00412982024718076
