Scripts_&_data/Maxent_result_files_2/B_sylvarum_2.asc
NCOLS 594 
NROWS 330 
XLLCORNER -15 
YLLCORNER 23 
CELLSIZE 0.166666666666667 
NODATA_value -9999 
[rows 300 to 319 of 330, columns 517 to 563 of 594]
3.4461404663233e-08 3.31492300276182e-08 3.14748677787691e-08 3.11147816844937e-08 3.6934671232558e-08 4.29285377023803e-08 6.84571034526016e-08 8.57560689127013e-08 8.28730364332841e-08 1.16718543452521e-07 1.78097455716397e-07 3.4809231408417e-07 3.06334223409976e-07 3.2585089044801e-07 2.17892155660593e-06 4.00748724587174e-06 3.36084655145896e-06 4.63599033082573e-06 4.23772039539472e-06 5.28991895407671e-06 5.3735151368528e-06 7.69231005506299e-06 1.01818555776845e-05 1.55845900735585e-05 2.79364901871304e-05 1.14022398065572e-05 1.26087934859243e-05 1.58833919158496e-05 1.23231961879355e-05 1.07906614630338e-05 1.04194695722981e-05 1.07058929643244e-05 1.14681422019203e-05 1.12459449155722e-05 1.07743766420754e-05 9.65944996096368e-06 1.00858235782653e-05 2.05084404115041e-05 8.1112647194459e-06 8.03258226369508e-06 1.26800041016395e-05 0.000153835374658229 7.45647646454017e-06 7.73893357290944e-06 9.59031749516726e-06 2.56554540101206e-05 1.99766982404981e-05
2.57136538728275e-08 2.24648607272115e-08 2.33360111678849e-08 2.64251868387078e-08 3.19610834687012e-08 3.61841260954066e-08 4.85061697474976e-08 6.55733348509102e-08 1.04157904345925e-07 1.19666711739796e-07 1.55502640097893e-07 1.70855459202812e-07 8.66548795386279e-08 1.99680924595214e-07 9.32394056007979e-07 6.58464051639385e-07 1.56450793724616e-06 4.01468120116988e-06 3.98724155274977e-06 7.9501556683681e-06 5.66867486213596e-06 7.38018579795607e-06 8.90249548319844e-06 1.73723794887337e-05 1.02301229617296e-05 2.35435240938386e-05 2.09253958018962e-05 2.14742394746281e-05 1.51321813973482e-05 1.0697797551984e-05 9.96220164779516e-06 1.05290553165105e-05 1.88794573659834e-05 1.09304443412839e-05 8.95337216206826e-06 7.5620823963618e-06 7.22986537766701e-06 1.57394074904005e-05 1.10103003407858e-05 7.18734120255249e-06 7.10831952801527e-06 6.99883867127937e-06 7.41669300623471e-06 1.85273094757576e-05 2.21174001126201e-05 1.04545200429129e-05 2.21618693103665e-05
1.7602023394403e-08 1.66606756835108e-08 1.70262292709111e-08 1.93315436103347e-08 2.82722337097141e-08 3.57196750400135e-08 4.61766781256756e-08 5.98999791989741e-08 1.44999987838901e-07 1.08033689727449e-07 9.892599805994e-08 7.67699436465819e-08 6.86579295461343e-07 1.18393772936543e-06 6.50546371616656e-07 6.95928852678662e-07 6.72555782443851e-07 3.27873035530502e-06 3.77729045339947e-06 6.28010172931681e-06 4.31063895121042e-06 7.55998710246786e-06 5.49293408766971e-06 2.93142954433279e-05 2.23343414290866e-05 1.50165163631755e-05 1.14001053589163e-05 1.36691639909259e-05 1.21675220270845e-05 9.91431970760459e-06 9.53529015532695e-06 1.10564766600874e-05 7.31940421246691e-05 8.43787172470911e-06 7.11772395334265e-06 6.01482352067251e-06 1.23914374853484e-05 5.3393404414237e-06 1.90509367712366e-05 3.42253542839899e-05 7.06081784755952e-06 2.38567668930045e-05 7.73636493249796e-06 7.99959802861849e-06 2.43959333602106e-05 2.03348618015298e-05 8.99731512618018e-06
2.11655274640066e-08 1.29051386910106e-08 1.34301252785463e-08 1.85896217974602e-08 2.85455260318201e-08 5.32667717934032e-08 4.28423641452014e-08 5.95708272044249e-08 7.43235329281333e-08 7.43257640323236e-08 7.83287759986706e-08 8.96563484786839e-08 1.11883986875227e-07 3.84296747313329e-07 4.22226456464614e-07 1.30225425891695e-06 1.51981233784682e-06 2.70417908723175e-06 1.62584457257253e-06 3.21939810419281e-06 1.18071922372565e-06 7.16233353159623e-06 5.51299629023561e-06 8.235666246037e-06 1.50166445109789e-05 8.9510431735107e-06 1.0486552673683e-05 1.14995882086077e-05 9.96679577838222e-06 9.49636969380663e-06 8.9864225628844e-06 2.18358949496178e-05 1.41661714678776e-05 6.65989971366798e-06 5.67714685075771e-06 4.80854359921068e-06 1.06049751593673e-05 5.05513805819646e-06 1.71506137121469e-05 4.3618327799777e-05 8.29824145966995e-06 1.46421207773528e-05 1.99276358216594e-05 8.50021683618252e-06 8.35115952213528e-06 8.43113857627031e-06 8.67460212248261e-06
8.82897024379048e-09 1.60954785055623e-08 1.26047249970895e-08 2.4339593185374e-08 2.71954726294155e-08 5.35555052749714e-08 3.63578298134826e-08 1.00253068779921e-07 1.42435626315773e-07 1.50969567869197e-07 9.64453235496876e-08 2.35232955958509e-07 2.1683934718908e-07 4.35201835102816e-07 4.99127872899408e-07 3.4046258519993e-06 2.60870258443902e-06 2.11159551781748e-06 2.68052659748719e-06 3.25293184459952e-06 4.62663488178805e-06 3.52395958316265e-06 5.20243829669198e-06 6.88578275003238e-06 5.99528623297374e-06 1.26596570225956e-05 8.87165854237537e-06 1.72316030329966e-05 8.86015359355952e-06 8.368583507945e-06 7.7151739560577e-06 1.81582126060675e-05 6.26142041255662e-06 5.22433431342506e-06 4.69607655304571e-06 7.03733971931797e-06 3.99981558985019e-06 1.90087756891444e-05 1.9052624975302e-05 7.42767181236559e-06 0.000125652019778499 0.000193706378922798 2.31221441936214e-05 3.05437513816287e-05 8.21773367079004e-06 8.25444690235599e-06 8.20456182282214e-06
7.35074667801427e-09 9.94125990416705e-09 1.44488398579057e-08 2.26491532195894e-08 3.37980816667027e-08 3.80302413560685e-08 6.68989727614644e-08 1.68414646140036e-07 2.09678793083867e-07 1.72031680278906e-07 6.0131690702292e-07 5.8830393925291e-07 4.92204105739802e-07 9.00756435839867e-07 1.24446399354383e-06 2.45817772110968e-06 2.07434803769502e-06 2.38643822285667e-06 3.3017421628756e-06 3.23809825886201e-06 5.37012458607933e-06 1.18506811759289e-05 2.3141647261582e-06 2.16651059190553e-06 5.0304265187151e-06 7.14552484168962e-06 8.80614898051135e-06 2.27010440539743e-05 7.80013099301868e-06 6.97500215665059e-06 5.8789848935703e-06 1.11798779471428e-05 9.78695252342732e-06 4.61280650370099e-06 4.33462815863095e-06 4.00999139174019e-06 3.75998035906377e-06 3.89845802146738e-06 4.30017447570208e-06 8.99803644642816e-06 2.59175240898912e-05 3.09641722196829e-05 8.20296600068104e-06 2.69877913524397e-05 1.91372781955579e-05 1.56363252244773e-05 1.20174381208926e-05
8.05410111937022e-09 6.17450401918518e-09 6.10513732901552e-09 9.65824322740616e-09 7.08208361288598e-08 6.74990062066172e-08 8.23222265466939e-08 8.44165739977143e-08 1.12503779803319e-07 9.42676228987693e-07 3.28643453713084e-06 2.98787286965307e-06 2.97363919798954e-06 2.56713590260915e-06 1.93350202266629e-06 2.92060943820616e-06 3.01699243436815e-06 1.70227906437503e-06 3.95617291815142e-06 2.23596522914704e-06 3.51394128301763e-06 8.56720962474355e-06 1.07704098297745e-06 8.50561798415583e-07 3.46086746958463e-06 6.68806412704726e-06 8.19250017229933e-06 0.00847711222595535 4.71880657642032e-05 6.01301558162959e-06 1.04115616068157e-05 4.69108379093086e-06 4.64846796148777e-06 4.54554544830899e-06 4.17967745534043e-06 3.90591204677548e-06 6.12428248132346e-06 5.33976935912506e-06 3.54240482920432e-06 4.10471421901093e-06 5.23024268659356e-06 6.10337606303801e-06 6.31112884548202e-06 6.48506434117735e-06 6.40164623746386e-06 6.26294031462749e-06 1.03650936580379e-05
8.56750217437252e-09 1.17150030565227e-08 1.18745632882167e-08 1.17920041287078e-08 2.75791864012831e-08 1.28644803965017e-07 2.60491216153014e-07 4.82828306758165e-07 8.51054790018679e-07 8.1096897019961e-07 1.93096881275778e-06 3.93804400573572e-06 3.96716270643083e-06 3.56598378630224e-06 3.0572763193959e-06 3.66341500921408e-06 4.15148105048502e-06 3.58445372512506e-06 3.37328597197484e-06 5.08293899201817e-06 4.66961556639944e-06 8.86934983554966e-06 6.84525716678763e-06 3.8015435620764e-06 1.08049300251878e-05 5.72057433601003e-06 6.12870449003822e-06 2.03087853151374e-05 5.72435214962752e-06 5.28570003552886e-06 4.73356574275385e-06 5.03341148032632e-06 4.49813169325353e-06 3.98504757868068e-06 3.9071690594028e-06 8.56754875258048e-06 6.39418001355807e-06 5.54096643554658e-06 3.23904832839617e-06 3.5458652860143e-06 1.07526086139842e-05 6.39122856682661e-06 8.44098249217495e-06 5.17439154918975e-06 5.18109786753484e-06 5.47652889508754e-06 5.58448045921978e-06
7.74453070562231e-09 1.71030309914499e-08 2.57817806215144e-08 1.81247354902325e-08 1.45433921794336e-08 8.16053596253141e-08 9.50230280238884e-08 1.26286225210492e-07 1.47701275068357e-06 3.19630850071917e-06 5.10733350438386e-06 4.66503554434894e-06 4.52997762749874e-06 4.46787712462537e-06 3.92282345273998e-06 3.53507699628608e-06 3.27432510403014e-06 3.22280512818907e-06 2.00536139232099e-06 3.58775820359369e-06 8.08440952368983e-06 1.23087777865294e-05 2.18676345866697e-05 9.04638427527971e-06 8.15855571545399e-06 7.71662255374395e-06 1.08225910025794e-05 5.06133280850918e-06 7.83594409767829e-06 4.18009706208977e-06 4.11717729775773e-06 4.36421024687661e-06 3.73539725160299e-06 3.71201275584099e-06 3.69728610394304e-06 6.54546679470513e-06 3.26969527577603e-06 5.09156946009171e-06 5.69238397929439e-06 6.58204805858986e-06 8.93107653610059e-06 8.4865392636857e-06 4.41772124304407e-06 4.50934510354273e-06 4.44864635937847e-06 1.3509049131244e-05 5.40701121281018e-06
9.82866974474916e-09 4.2481985751408e-08 2.76119441977585e-08 1.21443751499584e-08 1.4124455827158e-08 1.90932043508951e-08 6.94629203934483e-08 1.39961768752528e-07 1.56822751051777e-07 2.96560416472857e-06 5.66439509839256e-06 7.44446606404381e-06 4.6238253617048e-06 4.07486515996425e-06 3.22799785408279e-06 1.94309139942561e-06 1.71342231283234e-06 1.63456217592284e-06 3.72884530861484e-06 2.90654892296516e-06 3.59166630005348e-05 9.85824531198887e-06 5.784096424577e-06 5.29768610704195e-06 8.49171894969913e-06 9.92315715393488e-06 4.81574905961679e-06 4.32696178904735e-06 6.58637602555245e-06 3.47186190765569e-06 3.30264609829101e-06 3.25715320741438e-06 3.33221149730889e-06 1.00607408512587e-05 7.59079357521841e-06 3.72899745570976e-06 3.27687854451142e-06 6.06492947099468e-06 5.91005525620858e-06 3.15796553422842e-06 9.04039079614449e-06 8.40187890389643e-06 1.42429999868909e-05 1.06240410332248e-05 4.09173122761786e-06 4.3723499288717e-06 5.10388813381724e-06
2.27771106864338e-08 3.84654548213348e-08 2.36684300602974e-08 1.23386449057961e-08 1.49818008665648e-08 1.69315339526577e-08 2.63744074580075e-08 7.20822718847103e-08 1.10041750076562e-06 3.45016701430723e-06 3.11156576572102e-05 0.000101483215439657 4.61660407609088e-06 4.05245951924371e-06 1.9280370679553e-06 1.81274160127032e-06 1.5235042326367e-06 1.49401803923865e-06 1.11992507356717e-06 2.89605445686902e-06 6.3169446093525e-06 6.38458686808008e-06 5.27009062807338e-06 5.34317550773267e-06 8.50358369461901e-06 1.16628199521074e-05 4.21575787186157e-06 2.8714813595343e-06 3.21463325008153e-06 2.85069942265181e-06 2.77286231948892e-06 2.7676724698722e-06 5.50651363937504e-06 4.86243159230071e-06 5.37272360361385e-06 4.02597268021054e-06 4.24716502038791e-06 8.18777075437538e-06 8.53124379318615e-06 6.32449832664861e-06 1.30880112010345e-06 5.4842524787091e-05 0.000110669667265029 4.37903015608754e-06 9.22236745282135e-06 4.46421488504711e-06 8.72101427376037e-06
3.92317616615401e-08 5.76536912433312e-08 1.0921694091337e-07 5.22930127644372e-08 5.54912290340326e-08 1.14158002872955e-07 1.98548006835608e-07 1.00814690426887e-06 1.84187479703724e-06 2.96577875360526e-06 3.51824758126895e-06 6.15552255567309e-06 5.9877384956053e-06 3.48434077750426e-06 1.97905003460619e-06 1.86850409136241e-06 1.62067536848554e-06 1.75111044882215e-06 7.65971908549545e-06 9.09303266780626e-06 7.19626009413332e-06 5.43068626939203e-06 5.32661756551533e-06 7.61449657602498e-06 8.67787530296482e-06 8.72844384502969e-06 7.93407464243501e-06 7.00450716522028e-06 5.93952931922104e-06 2.53661496572022e-06 2.56967192626689e-06 1.35728484110587e-05 6.78911117120151e-06 4.55208269158902e-06 5.71862071865326e-06 6.03603184572421e-06 8.63030770688056e-06 4.45787004537124e-06 8.76896142472106e-06 1.24871879961574e-05 1.01193222917573e-05 9.94551728581428e-06 7.15061578375753e-06 1.00172409929655e-05 1.05763666851999e-05 7.72241849062993e-06 4.93092429678654e-06
1.24575117865788e-07 5.97109607980428e-08 1.61355650618589e-08 5.0657764028017e-08 5.14840309051579e-08 1.40903080136923e-07 1.00489234284851e-06 1.19720213547225e-06 1.98635129891045e-06 2.67786857648389e-06 4.03330117251244e-06 5.84080169119261e-06 3.00832476796131e-06 2.68756590457997e-06 3.20713056680688e-06 2.11484317560462e-06 2.19791010636072e-06 4.28791854574229e-06 9.26138172872015e-06 8.12679072623723e-06 9.39457740969374e-06 8.38330836359091e-06 1.0750030833151e-05 9.94735923995904e-06 8.29989166959422e-06 9.6802959433262e-06 3.8265552689154e-06 7.23062021279475e-06 5.57307530471007e-06 4.34736937222624e-06 2.41658871118489e-06 6.99721279033838e-06 5.80296723455831e-06 4.1003545447893e-06 5.08948689912359e-06 4.11593193803128e-06 5.69940850709827e-06 1.02344101833296e-05 6.85780061076002e-06 1.92435842336636e-06 1.38687688377104e-05 6.75832689012168e-06 1.06859841707774e-05 9.49085292631935e-06 4.28046271281346e-06 4.33531693033729e-06 7.8377697036558e-06
1.20365559297397e-07 3.79996678390171e-07 5.75581445616535e-08 5.30534331133481e-08 1.2860555784755e-07 3.86156204967847e-07 1.21462637707737e-06 4.08832352150057e-07 1.83996825739996e-06 2.92660378136134e-06 4.37327679492228e-06 3.11128956127504e-06 1.37627562708076e-05 6.77752798310394e-06 2.87953541828756e-06 2.83590645722143e-06 1.35638285883033e-05 2.2227046702028e-05 1.09964338207647e-05 1.03322625818691e-05 1.11416017261945e-05 1.4414678025787e-05 1.18156939606706e-05 9.714527595861e-06 7.08673860572162e-06 5.6333216434723e-06 7.32672478989116e-06 6.23560590611305e-06 4.74738289995003e-06 4.22899768182106e-06 5.26006374457211e-06 2.09935178077103e-06 2.19906673919468e-06 4.85368559566268e-06 7.27175968222582e-06 6.69563644351001e-06 3.04128011521243e-06 7.27499639197049e-06 9.57937113525986e-06 8.81077728536184e-06 1.47540656598721e-06 6.7634759716384e-06 4.38043932717846e-06 1.0858900986932e-05 4.29673890494087e-06 4.14207073617945e-06 4.50596835435135e-06
9.79969858150298e-08 6.97042963793137e-08 1.10490737270652e-07 5.37814951684368e-08 2.89534703767913e-07 6.58322306890113e-07 1.32974113853379e-06 3.26642527852528e-06 1.78906172436655e-06 2.98605848456646e-06 5.01806430293072e-06 5.72474054933991e-06 4.89808289785287e-06 5.32909161847783e-06 5.04484294197027e-06 8.80584716469457e-06 3.96075025491882e-05 2.50498957029777e-05 1.41385508413805e-05 1.50987787947088e-05 1.78324097760196e-05 1.49955880260677e-05 1.19290094062308e-05 9.1582787263178e-06 7.9835039741738e-06 7.41195183309173e-06 5.11041494064557e-06 6.93854865403409e-06 2.73760477966789e-06 3.53192017428228e-06 2.25118985781592e-06 2.20025230532883e-06 2.17705876934815e-06 2.90235610691525e-06 4.86183653265471e-06 8.84308697095548e-06 2.57261510796525e-06 1.24039115235064e-05 1.28233933992306e-05 8.21168252969073e-06 3.70059537999623e-06 8.44561370740848e-06 4.23396670612419e-06 4.46701226337609e-06 4.42315808868443e-06 4.1242597717428e-06 3.77889083438276e-06
1.68642210951475e-07 1.66600312923038e-07 2.4098523141447e-07 1.37494521368353e-07 1.78908786097054e-07 9.22754850307683e-07 8.93436993010255e-07 1.97942380282257e-06 3.08774085624464e-06 9.20237017965064e-07 3.37907756602363e-06 5.21405456765933e-06 6.16647487277078e-06 7.67247497606149e-06 2.06990674087137e-05 5.2747276458831e-05 3.01700449199416e-05 1.92149236681871e-05 1.6545615017094e-05 1.54695816945605e-05 4.31201746323495e-05 1.35737238906586e-05 5.46705080068932e-06 6.34451619134779e-06 5.64163988201472e-06 9.61949822340102e-06 9.52001028053928e-06 2.77347646715498e-06 2.61170952171597e-06 2.53338089351018e-06 2.39974370970231e-06 2.3249910384493e-06 4.81335596305144e-06 3.56598478674641e-06 4.88429454890138e-06 9.28837107494473e-06 5.50694005596597e-06 9.25386366361636e-06 2.68914150183264e-05 1.30156009618076e-05 7.39380743652873e-06 7.32166195120954e-06 4.54813168744295e-06 4.48623136435344e-06 2.81748003544635e-05 4.0080945268528e-06 3.63870324235904e-06
5.7565455904296e-07 7.15130710204903e-07 7.44115845918714e-07 4.54230131197164e-07 9.27369111991538e-07 6.18658896200941e-07 7.39669286531353e-07 1.01804263863414e-06 1.81459638497472e-06 3.35045408519363e-06 3.13413448793654e-06 5.75851029225305e-06 1.13452691948623e-05 8.74867735092266e-06 4.84298341689282e-05 5.40483331860742e-05 2.38579116739857e-05 2.75316305305751e-05 2.01319327061356e-05 1.37783920308721e-05 1.83784507498785e-05 5.94127443491743e-06 5.08890771016013e-06 4.6098709844955e-06 9.14816559998144e-06 8.47263186187774e-06 4.89333301629813e-06 9.21735691008507e-06 3.38746333909512e-05 2.6205305402982e-06 5.48095274552907e-06 2.29932734896465e-06 3.60987093017684e-06 4.0799623775456e-06 5.38741701348044e-06 5.52681881345052e-06 6.37203488622617e-06 6.5382516140744e-06 1.39295193548605e-05 1.14454718186607e-05 1.01254499895731e-05 5.04682088831032e-06 1.00382317668846e-05 1.00903293969168e-05 1.01735202861164e-05 4.23017660295955e-06 4.17202877542877e-06
5.49926315329685e-07 2.47157674948539e-07 7.84257460395565e-07 1.05787863162732e-06 1.12766335291781e-06 7.37074859102904e-07 2.22821137754181e-06 1.3359191825657e-06 2.15600574620112e-06 7.96824274402752e-06 5.26725309555332e-06 1.73069666743686e-05 1.82737354862184e-05 3.49550327882753e-05 7.24251938663656e-05 1.09473860447906e-05 4.19286372562056e-05 2.61853533629619e-05 1.75370482793369e-05 1.74561587300559e-05 1.24291453630576e-05 1.18730140002299e-05 1.30826770146086e-05 1.16689685000893e-05 8.76804538165743e-06 1.21046091862809e-05 1.01355330116348e-05 9.2843009497301e-06 1.51351083331974e-05 5.28090738498577e-06 6.07932222465024e-06 3.87111527970774e-06 5.26582630300254e-06 4.90960630941117e-06 7.81981864292902e-06 8.11862166756328e-06 6.62860891225137e-06 6.6527972194308e-06 1.55998174705019e-05 1.24777596738568e-05 1.27259987493744e-05 1.25278677387541e-05 3.43217777754035e-06 5.20725011483591e-06 8.48070126266975e-06 8.20027262307121e-06 4.73333668651321e-06
2.42098232661192e-07 2.24098477019652e-07 1.18046637567204e-06 1.18600141831848e-06 8.03525006176642e-07 1.04618591478811e-06 1.50827215179561e-06 5.36755537723366e-06 3.566026828139e-06 4.018499976155e-06 1.11111671685649e-05 1.12633456865296e-05 2.43104289438634e-05 5.60853051865706e-05 5.36959216333344e-05 6.56131058349274e-05 4.15935650380561e-05 2.54384530308016e-05 2.39013746977434e-05 1.79318029950082e-05 1.70423244526319e-05 1.47778463542636e-05 1.04319288311672e-05 1.51229464336211e-05 1.2669901298068e-05 7.56678980451397e-06 2.20863339563948e-06 7.74502359490725e-06 7.26050448065507e-06 3.99603745790955e-06 5.10474469592737e-06 5.82311288326309e-06 3.8676743997712e-06 6.03843750468513e-06 7.9960179164118e-06 9.02707117802493e-06 5.66726500892401e-06 7.19313868557947e-06 5.88828718264267e-06 6.49730143322813e-06 1.28834816678136e-05 9.01553694347967e-06 1.11846978143149e-05 1.24134795441933e-05 9.62957979027124e-06 5.16516190600669e-06 1.31102861359977e-05
1.97061886808569e-07 6.38984936074394e-07 1.75709768654997e-06 2.13845802932155e-06 1.3261188883007e-06 2.08514867949816e-06 4.80297046578926e-06 4.79492636031864e-06 3.87313226610786e-06 5.53552356450382e-06 1.05254237496411e-05 1.45382239679748e-05 2.25437046537991e-05 4.62082041849499e-05 4.51116213298519e-05 4.38866181866615e-05 1.63952218827035e-05 2.19313809793675e-05 1.71241474618e-05 1.22118534818583e-05 1.49567434164055e-05 1.79027151716582e-05 1.31662050080195e-05 1.25624153042736e-05 1.06536059774953e-05 9.64699511314393e-06 1.17087722628639e-05 8.48376625981473e-06 8.28526165150834e-06 5.69578560316586e-06 5.43196269973123e-06 6.81261074078066e-06 6.76800543715217e-06 5.21220358677965e-06 7.11321288235922e-06 9.27133339700958e-06 1.29456514514459e-05 1.60279650572193e-05 5.96975896769436e-06 6.36830229723273e-06 1.0364995296186e-05 7.78239209466847e-06 1.20391758173355e-05 1.28624626995588e-05 4.4357437218423e-06 1.22466803986754e-05 1.01847508176434e-05
