Scripts_&_data/Maxent_result_files_2/B_terrestris_2.asc
NCOLS 594 
NROWS 330 
XLLCORNER -15 
YLLCORNER 23 
CELLSIZE 0.166666666666667 
NODATA_value -9999 
[rows 280 to 299 of 330, columns 184 to 229 of 594]
0.0034893452655524 0.00459803740959615 0.0113264246843755 -9999 -9999 -9999 -9999 -9999 -9999 -9999 -9999 -9999 -9999 -9999 -9999 -9999 -9999 -9999 -9999 -9999 -9999 -9999 -9999 -9999 -9999 -9999 -9999 0.00195411382010207 0.00150030518998392 0.00146275942679495 0.00142560850363225 0.0013135802000761 0.00121194380917586 0.00139716358971782 0.00145727496128529 0.00150251781451516 0.00148013232974336 0.00146495287772268 0.00146664927015081 0.0014432170719374 0.00146131459041499 0.00153679751674645 0.00146082431892864 0.00142172320047393 0.00149985748576 0.00149821462109685
0.003211700450629 0.00324387641157955 0.00347221214324236 0.00491649033501744 0.00670303367078304 0.00826620073057711 0.00410618814639747 0.0078211781103164 0.00814026207663119 0.0134376903995872 -9999 -9999 -9999 -9999 -9999 -9999 -9999 -9999 -9999 -9999 -9999 -9999 -9999 -9999 -9999 -9999 -9999 0.00207669861847535 0.00201671979157254 0.00136184461880475 0.00126992636942305 0.00118019442888908 0.00111200151150115 0.0012245083344169 0.00130396378226578 0.0013465326919686 0.0012930233264342 0.00126195233315229 0.00128769897273742 0.00183964499738067 0.00190922940382734 0.00125183576019481 0.00182464448735118 0.0018445351626724 0.00130378017784096 0.00129442448378541
0.00322608870919794 0.00314647026825696 0.00412291428074241 0.00350850545801222 0.00364210130646825 0.00375156167428941 0.0038949895882979 0.00390996488276869 0.0038842054316774 0.00379076290410012 0.00376945929601789 0.00407660966739058 0.00721549093723297 -9999 -9999 -9999 -9999 -9999 -9999 -9999 -9999 -9999 -9999 -9999 -9999 -9999 -9999 0.00131755521870218 0.00174651434645057 0.00141978044994175 0.00146794062457047 0.00101401275023818 0.001036434143316 0.00112533442443237 0.0012052652251441 0.00122498114942573 0.00115911536850035 0.00113506318884902 0.00171251611318439 0.00162825927254744 0.00187894043046981 0.00162760130479001 0.00176042272942141 0.00171343765687197 0.00173097590450197 0.0017281080596149
0.00311241999734193 0.00330005018040538 0.00328902725595981 0.00320303977932781 0.00325886828359216 0.00339482028502971 0.00357155266683549 0.00363687658682466 0.00372330544050783 0.00379708285909146 0.00381096359342337 0.00349412455689162 0.00343885729089379 0.00661232001148164 0.00327130453661084 -9999 -9999 -9999 -9999 -9999 -9999 -9999 -9999 -9999 -9999 -9999 0.00169514087028801 0.00222870114957914 0.00134568192879669 0.00114244498545304 0.000963510357541963 0.000919000920839608 0.000906203140038997 0.0010222009033896 0.00110256779007614 0.00106322522042319 0.000986570218810812 0.00100651822867803 0.00151337112765759 0.00163940944476053 0.00159799683606252 0.00160534005844966 0.00171136383432895 0.00112166305189021 0.00165642148349434 0.0016301253112033
0.00289186013396829 0.00305886932183057 0.00310887841042131 0.00316355850081891 0.00319706946611404 0.00311997190583497 0.00338955488987267 0.00342759343329817 0.00346501846797764 0.00364530333317816 0.00368525653611869 0.00352530071977526 0.00332229102496058 0.00314581687562168 0.00300934544065967 0.00365281144622713 0.00841736798174679 -9999 -9999 -9999 -9999 -9999 -9999 -9999 -9999 0.00359060582704842 0.00112848128192127 0.00125632221461274 0.00117017939337529 0.00101887705968693 0.00091142327291891 0.000846884594648145 0.000847278092987835 0.000919808697653934 0.000984754739329219 0.000889284262666479 0.000894948345376179 0.000920925429090858 0.0013433518644888 0.00152654198464006 0.00143369894940406 0.00152394779142924 0.00150957555742934 0.00142210765043274 0.00161948701133952 0.00147187397233211
0.00327211914118379 0.00289128611329943 0.00286283199675381 0.00296118331607431 0.00319064557552338 0.00324715687893331 0.00333195477724075 0.00343900737352669 0.00294275244232267 0.00306568349478766 0.00341301849111915 0.00328042728360742 0.00324348772410303 0.0031406638212502 0.0029662050306797 0.00256310127442703 0.00252597354119644 0.0058628723025322 -9999 -9999 -9999 -9999 -9999 -9999 0.00142770797829144 0.00119569271919318 0.00120652799378149 0.00108540569781326 0.00096322824829258 0.000893670140067115 0.000840487738605589 0.000786411997978576 0.000787484628381208 0.000866544083692133 0.000885102176107466 0.000850182052818127 0.000856134563218802 0.000888228806434199 0.000946181308245286 0.000964017462683842 0.000998071127105504 0.00100169478100725 0.0014842591015622 0.00102101323427632 0.00105359851149842 0.00111978991189972
0.002538259816356 0.00264870151877403 0.00275695744203404 0.00270164615940303 0.00315358596853912 0.00305819540517405 0.00313903014175594 0.00321672551799566 0.00303974427515641 0.00313789120409638 0.00308324305806309 0.00306111400714144 0.00312332538887858 0.00308258507866412 0.00296630009543151 0.00285244213882834 0.00254215169698 0.00235471320338547 0.00199241515947506 0.003311881958507 0.00590283600613475 0.00669243219308555 0.00155236014397815 0.00115148232434876 0.00147235547192395 0.0011167815187946 0.00102591227623634 0.000924041355028748 0.000869611342204735 0.00085115855326876 0.000807715623523109 0.000722306783427484 0.000775918792351149 0.000825467993854545 0.000834156715427525 0.000830767402658239 0.000864625949179754 0.00087399035692215 0.000915897433878854 0.000937998184235767 0.000953290279721841 0.000991960108513012 0.0010182666243054 0.0010626251809299 0.00106605590553954 0.00107612484134734
0.00286217601969838 0.00371398066636175 0.00266939306166023 0.00264599208021536 0.00285194305470213 0.00343380675185472 0.00317141166888177 0.0029596435255371 0.00303419037954882 0.00304328240454197 0.00307239190442488 0.00315748080611229 0.00303296120837331 0.00292956364573911 0.00299049864988774 0.00298504254315048 0.00277131355833262 0.00236848297063261 0.00207044500857592 0.00176106469007209 0.00141502831247635 0.00137687923852354 0.00129277970409021 0.00116630222182721 0.0014447710767854 0.000990092131542042 0.00092910454259254 0.00087513942271471 0.000839997542789206 0.000804898733622394 0.000764367138617672 0.00072249966324307 0.000751648197183385 0.00078493652108591 0.000826697202865034 0.000837105890968814 0.000879609293770045 0.000896834552986547 0.000911175325745717 0.000926196458749473 0.000951690971851349 0.000954285031184554 0.000985765608493239 0.00101020909496583 0.00101200547651388 0.00103772861766629
0.00182341672480106 0.00252152918837965 0.003883195691742 0.00271291087847203 0.00275828588055447 0.00305895080091432 0.00304157094797119 0.00281226251972839 0.00291921949246898 0.00296317415777594 0.00305138289695606 0.00307425751816481 0.00289366957731545 0.00298788012005389 0.00296987254405394 0.00299409942235798 0.00287445187568665 0.00241871637990698 0.00205367517191917 0.0018400349537842 0.00161482681287453 0.00142936827032827 0.00124536113580689 0.00106537345563993 0.000978076946921647 0.000936776853632182 0.000890055723721162 0.000842033402295783 0.000812808139016852 0.000776161922840402 0.000709069415461272 0.00070566734066233 0.000746502631227486 0.000739696662640199 0.000727625167928636 0.000792083510896191 0.000840918521862477 0.000910966168157756 0.000887614616658539 0.000891835562651977 0.000901025102939457 0.000910908920923248 0.000930277199950069 0.000886045227525756 0.00089028577785939 0.000932363595347851
0.00185665965545923 0.00199633982265368 0.00278643036726862 0.00310114314779639 0.00297587974928319 0.00293240093160421 0.00298418599413708 0.00287638652371243 0.00289396054577082 0.00293573258677497 0.00285959379980341 0.0030406640493311 0.00315891390200704 0.00302580847637728 0.00288940911414102 0.00289715561084449 0.00286486153490841 0.00257411454804242 0.00214086082996801 0.00187124696094543 0.00164885901613161 0.00152744764927775 0.00138387430924922 0.00114439267781563 0.000908717012498528 0.000888736889464781 0.000876555230934173 0.000819961429806426 0.000766309391474351 0.000724166084546596 0.000722400943050161 0.000701555339037441 0.000703264732146636 0.000693469931138679 0.000727493420708925 0.000765126053011045 0.000814634253038093 0.000859790231334045 0.000856256776023656 0.000867357774404809 0.000881250674137846 0.000923750922083855 0.000931471108924598 0.000880333263194189 0.000909164076438174 0.000915480253752321
0.00251426935428754 0.00195222846232355 0.00215146481059492 0.00339037601370364 0.00310903410427272 0.00294604650698602 0.00316041980404407 0.00314218406565487 0.00301234611542895 0.00233013109536842 0.0023873848025687 0.00261009930400178 0.00296021959511563 0.00289553396869451 0.00284024488646537 0.00284565074834973 0.0026875295676291 0.00223807865986601 0.00221334641100839 0.0019802454393357 0.00189226571237668 0.00161694994894788 0.00141501464531757 0.00133660292485729 0.0011617544980254 0.000976244651246816 0.000861706107389182 0.000804058462381363 0.00077809116919525 0.000760082644410431 0.000732562481425703 0.000702553644077852 0.000692854868248105 0.000741345505230129 0.000773180939722806 0.000793928414350376 0.000821770069887862 0.000834474805742502 0.000867462775204331 0.00090744681074284 0.000952680688351393 0.000982141768326983 0.000997489219298586 0.000938026566291228 0.000915877654915676 0.000866732565918937
0.00186038356041536 0.00187431985978037 0.00200744977919385 0.00371379978023469 0.00294187301769853 0.00295541301602498 0.00400925523135811 0.00294856859836727 0.00288160044001415 0.00243028536206111 0.0020340614952147 0.00201570749050006 0.00250228993827477 0.00363438744097948 0.00322747027967125 0.00245683686807752 0.00233076305594295 0.00206690724007785 0.00193352352362126 0.00183849846944213 0.00166037841700017 0.00154953894671053 0.00147239174693823 0.00141462006722577 0.00128419497050345 0.00112689398811199 0.000949517852859572 0.000849771266803145 0.000819704408058897 0.000781131855910644 0.000738634855952114 0.000757434096885845 0.00077974543091841 0.00081122451229021 0.000860984082100913 0.000881399033823982 0.000875759875634685 0.000914618256501853 0.000964950397610664 0.000996108172694221 0.00098534970311448 0.000975046918028966 0.000960893259616569 0.000890167476609349 0.00088166490313597 0.000811843952396885
0.00178557587787509 0.00270378305576742 0.00291659857612103 0.00239193879533559 0.00279641386587173 0.00309367976151407 0.00290517677785829 0.00252233911305666 0.00222885702969506 0.00208715699845925 0.00192372811725363 0.00183515989920124 0.00207774231676012 0.00239507047226652 0.00239102857885882 0.00243812317494303 0.00223846884910017 0.00198755600722507 0.0016624815412797 0.00145347178331576 0.00125328412395902 0.00112619375577196 0.00119375552167185 0.00134812553878874 0.00138600015197881 0.001298559847055 0.000962587556568906 0.000923730316571891 0.000840914656873792 0.000792178109986708 0.000810932030435651 0.000835376483155414 0.000849035376450047 0.000884040462551638 0.000926466239616275 0.000937514961697161 0.000954694917891175 0.000956025085179135 0.00101457716082223 0.00104280895320699 0.00106065958971158 0.00104510611272417 0.00100293862051331 0.000943393720081076 0.000900154153350741 0.00081036775954999
0.00399475838057697 0.00273863056208938 0.00222747152438387 0.00181339035043493 0.00200339084258303 0.00216274168342352 0.00215679501416162 0.00211154064163566 0.00201080006081611 0.00211654175072908 0.00198007801081985 0.00168349054874852 0.00195830904413015 0.00240840383339673 0.00236946570221335 0.00242079462623224 0.00218089533736929 0.00184192169690505 0.00148034507874399 0.00134357482893392 0.00126020099851303 0.00122314957552589 0.00126296657253988 0.00128939671558328 0.00117334207170643 0.00110326108988374 0.000876026059268042 0.000879641703795642 0.000896816467866302 0.000902291043894365 0.000898861017776653 0.000920305907493457 0.000944300321862102 0.000953087379457429 0.000947431154781953 0.00126097725587897 0.00100460652029142 0.00102571484167129 0.00102733919629827 0.00104529691743664 0.00105551219312474 0.00105600743554533 0.000987082440406084 0.000978366320487112 0.000977607432287186 0.000889882259070873
0.00176158684771508 0.00181715831859037 0.00177959471475333 0.00181964874500409 0.00190619853092358 0.00199616722529754 0.00197129592997953 0.00192714902805164 0.00194072602316737 0.00204403561074287 0.00221261845435947 0.00173847520491108 0.00167863219976425 0.0021146711660549 0.0022800347651355 0.0024013010552153 0.00226169795496389 0.00192892568884417 0.00159887808840722 0.00141839041607454 0.00126253232592717 0.00125522197340615 0.00130816752207465 0.00131641369080171 0.00126703024143353 0.00108650561305694 0.000969025399535894 0.000993024167837575 0.00101333270431496 0.00100289062247612 0.00101054772385396 0.00101281889365055 0.00101322152186185 0.00102077052579261 0.00103213879046962 0.000953855249099433 0.000963324116310105 0.00105220032855868 0.00108847225201316 0.0011105346668046 0.00104511888348497 0.00100503894500434 0.000980594038264826 0.000963832961861044 0.000963378953747451 0.000906457722885534
0.00211503288010135 0.00208013141527772 0.00212541002547368 0.00309096882119775 0.00301936615724117 0.00190362387802452 0.0021738666924648 0.00197304907487705 0.00208304016850889 0.00205571360420436 0.00199717174982652 0.0017313927761279 0.00146036585792899 0.00179838007315993 0.00212642952101305 0.00232873297063634 0.00223625148646533 0.00197629785398021 0.00171546743949875 0.00139345827046782 0.00120707511669025 0.00117596065974794 0.00136258258717135 0.00142837130697444 0.00125623237108812 0.0011485633556731 0.0011115396162495 0.00107304200064391 0.0011062178236898 0.001082923123613 0.00105709909112193 0.00106289462419227 0.00106503739370964 0.00104962814948522 0.00101283139083534 0.000883845123462379 0.000867811334319413 0.000973539531696588 0.00103574109380133 0.00109089931938797 0.00109847310814075 0.00112074661883526 0.00102693865192123 0.000950540142366663 0.000946412881603464 0.000890419236384332
0.00184759265976027 0.0020564129226841 0.00302355699241161 0.00272815180942416 0.00306306642014533 0.00198466668371111 0.00224532252177596 0.0030660460004583 0.00275506933685392 0.00265136368107051 0.00178224152186885 0.00223718001507223 0.00143299024784938 0.00143093358492479 0.00239289314486086 0.00174587117508054 0.00184361723950133 0.00180740552023053 0.00170799699844792 0.00155605582986027 0.00130142969428562 0.00125100699951872 0.00123401081655174 0.00131958002457395 0.0013960647105705 0.0013176855572965 0.00130212628864683 0.00113534154370427 0.00115683749900199 0.00116764657432213 0.00115419180947356 0.0011232623422984 0.00111711878562346 0.00104294152115472 0.000879852997604758 0.000784172973362729 0.000782167795114219 0.000808072200743481 0.000949254754232243 0.00102940821670927 0.00108399431337602 0.00112880480010062 0.00109373080777004 0.0010458859091159 0.000953619182109833 0.0008704190608114
0.00183692401042208 0.00210569183109328 0.00222284260671586 0.00227491959230974 0.00211027495097369 0.00191215316299349 0.00192778962664306 0.00195052926428616 0.00183678567409515 0.00174026935128495 0.00175375024555251 0.00180236803134903 0.00173036250052974 0.00162392590427771 0.00155791558790952 0.00152730072150007 0.00154079711064696 0.00155143801821396 0.00157507904805243 0.00153621664503589 0.00138137884205207 0.00129822551971301 0.00130779153550975 0.00125644161598757 0.001179131900426 0.00118382587097585 0.00129773056250997 0.00142580434912816 0.00136196240782738 0.00121649378561415 0.00118723472696729 0.00117776948027313 0.00102487211115658 0.000877296726685017 0.000817381369415671 0.000777602510061115 0.000777223904151469 0.000787867640610784 0.000858887238427997 0.000926648487802595 0.00105083239031956 0.00108274167287163 0.00110509660444222 0.00110716806957498 0.00104592204443179 0.00086359239066951
0.00187270850874484 0.00204655664274469 0.0021200935007073 0.00231859618797898 0.00203213326167315 0.00191975240595639 0.0017589766997844 0.00171905009774491 0.00151407426455989 0.00152174402028322 0.00159837326500565 0.00162271107546985 0.00161483432166278 0.00166651055915281 0.00158414340112358 0.00147185303503647 0.0015255433623679 0.00160784454783425 0.0016338694258593 0.00162336692446843 0.00191190651385114 0.00141140368068591 0.00139091458404437 0.00139830512925982 0.00138981594936922 0.0013163456809707 0.00132213702891022 0.00142830841941759 0.00139322727918625 0.00136258123675361 0.000948434311430901 0.000899317127186805 0.000879816547967493 0.0010821534844581 0.000797294749645516 0.000773792341351509 0.000765817996580154 0.000778808788163587 0.000834415532881394 0.000866166013292968 0.000933113181963563 0.00105380876921117 0.00108967171399854 0.00109710220713168 0.00102526408154517 0.000928186118835583
0.00177244993392378 0.00190267926082015 0.00193085623905063 0.00301156810019165 0.0026525502325967 0.00186601182213053 0.00171655179001391 0.00170085503486916 0.00153093637200072 0.00144859765423462 0.00143208978697658 0.0013531215954572 0.00137603461625986 0.00139628530596383 0.00149631933891214 0.00150831572245806 0.00154018247267231 0.00155007789144292 0.00153307729633525 0.00155687277438119 0.00153409679187462 0.00150427747284994 0.00149647586513311 0.00145570919848979 0.00142916330369189 0.00135703313862905 0.00132076879963279 0.00139196061063558 0.00134747512638569 0.00109505401342176 0.000930471805622801 0.000889126810943708 0.000838708732044324 0.000801605533342808 0.000775530165992677 0.000757884420454502 0.000755852891597897 0.000754026876529679 0.000822673720540479 0.000881803833181038 0.000910585006931797 0.00102330484660342 0.00106560552958399 0.00105027570971288 0.00100597435957752 0.000947683298727497
