Scripts_&_data/Maxent_result_files_2/B_terrestris_2.asc
NCOLS 594 
NROWS 330 
XLLCORNER -15 
YLLCORNER 23 
CELLSIZE 0.166666666666667 
NODATA_value -9999 
[rows 260 to 279 of 330, columns 46 to 91 of 594]
-9999 -9999 -9999 -9999 -9999 0.347493132948875 0.147304416447878 0.0981559582054615 0.0784078240394592 0.0610820833593607 0.0522461753338575 0.046398102492094 0.0706790246069431 0.0996263511478901 0.0780661474913359 0.0794397085905075 0.112537149339914 0.2866624340415 0.234467117488384 0.342981234192848 0.190173798799515 0.140761732310057 0.20797915905714 0.241598957777023 0.110139781236649 0.0657294854521751 0.124174260348082 0.235804396867752 0.130499822646379 0.153730344772339 0.165046840161085 0.128477785736322 0.23758160173893 0.252129955589771 0.266502037644386 0.325588312745094 0.294062949717045 0.222288517653942 0.288733327388763 0.227636037766933 0.147079849243164 0.177430573105812 0.214729292690754 0.180863344669342 0.150821927189827 0.202806183695793
-9999 -9999 -9999 -9999 -9999 0.250786390900612 0.124371862411499 0.101179638504982 0.0893201626837254 0.079574416577816 0.069402152299881 0.0587440326809883 0.077276336401701 0.0442003734409809 0.0434980157762766 0.0459225036203861 0.0527492966502905 0.101279053837061 0.18470651358366 0.190322411060333 0.20808771699667 0.102697574719787 0.05041793435812 0.0334408298134804 0.0539741665124893 0.0501302542164922 0.25884081274271 0.27255200445652 0.127864840626717 0.116791026294231 0.126895602792501 0.164095640182495 0.228500135242939 0.236669014394283 0.291752815246582 0.299114000797272 0.265905694663525 0.158061247318983 0.150382588803768 0.156221320480108 0.115281546115875 0.104621515423059 0.0997697345912456 0.102690583467484 0.12799736186862 0.072180837020278
-9999 -9999 -9999 -9999 0.513570955395699 0.131107464432716 0.186128205060959 0.108304107934237 0.132178546488285 0.144070699810982 0.0773144487291575 0.0698961932212114 0.0596344918012619 0.0577745851129293 0.0547041565179825 0.0513313613831997 0.0571919180452824 0.0896158777177334 0.104268696159124 0.194808140397072 0.137402975559235 0.0667281612753868 0.0356405045837164 0.0423373674973846 0.0232743998989463 0.0442694602534175 0.0461519997566938 0.142718400806189 0.191273474693298 0.175564090907574 0.110805612057447 0.14063495695591 0.12503175586462 0.135964347422123 0.202874415367842 0.289954644441605 0.104623530432582 0.0958859011530876 0.113985106348991 0.0994068041443825 0.122770147770643 0.0448613477870822 0.0654594045132399 0.0426998224109411 0.0462899163365364 0.0419074812904
-9999 -9999 -9999 0.368996316194534 0.196779988706112 0.135433023422956 0.105715087801218 0.0857651956379414 0.135284499824047 0.101345752924681 0.145311264693737 0.126417948305607 0.152691532671452 0.222136037051678 0.193915700912476 0.098551220446825 0.095986458286643 0.130070421099663 0.815696102380753 0.756679087877274 0.151263019442558 0.102375573664904 0.0259077492170036 0.0193058266304433 0.0324304610490799 0.137177386134863 0.152378848195076 0.23150971531868 0.131645838171244 0.0627511065453291 0.0256932465359569 0.0755610205233097 0.0382749885320663 0.126159410923719 0.219520178437233 0.135363014787436 0.0743721891194582 0.0873225022107363 0.178249998390675 0.142252014577389 0.0987472500652075 0.0322298815473914 0.0201648968271911 0.0191555894911289 0.0464906865730882 0.0181697882711887
-9999 -9999 0.341521662473679 0.373802837729454 0.217947190999985 0.203300701081753 0.273317165672779 0.262185035645962 0.187887375056744 0.111788365989923 0.332797273993492 0.189004762470722 0.171868476271629 0.161454233527184 0.183863845467567 0.158534935116768 0.117223650962114 0.187043710052967 0.633965736627579 0.393745321035385 0.168688121438026 0.136226904392242 0.0774777214974165 0.0267250875011086 0.161038177460432 0.20807278752327 0.112847456336021 0.0889691185206175 0.0577476911246777 0.0196345617063344 0.0258170019835234 0.0242151346057653 0.0326528796926141 0.0322186600416899 0.082488014921546 0.0784548126161098 0.0573746405541897 0.0617233045399189 0.0793563049286604 0.0925612684339285 0.0558285936713219 0.0188966256566346 0.0142733133397996 0.0174984715878963 0.0190542596392334 0.01467051692307
0.197072982788086 0.412131485342979 0.320690590143204 0.249999310076237 0.201824183762074 0.216744123399258 0.145057497918606 0.233637957274914 0.198554053902626 0.176694583892822 0.175921553373337 0.22776133865118 0.185993374884129 0.285401386022568 0.595819228887558 0.189971220493317 0.182333466410637 0.137922831624746 0.465231388807297 0.115370453894138 0.0984993405640125 0.137038244307041 0.0656023897230625 0.0695205621421337 0.149143724888563 0.0835565101355314 0.0621451668441296 0.0424647083505988 0.0343714091926813 0.0367048094049096 0.0197456340305507 0.0248327117413282 0.0252105908468366 0.0453315518796444 0.0229306302964687 0.0258100219070911 0.0277877563610673 0.0262133160606027 0.0264147084206343 0.0246905257925391 0.0178481343202293 0.012416170258075 0.0114430473651737 0.00799230714328587 0.0161261646077037 0.0148097991012037
0.207962633669376 0.40258923470974 0.375959423184395 0.206771083176136 0.135190342366695 0.241077457368374 0.200498966872692 0.309203334152699 0.319976419210434 0.410552254319191 0.224563632905483 0.218416395783424 0.602898693084717 0.740015321969986 0.300709044933319 0.220666244626045 0.151357197016478 0.0999592207372189 0.144046533107758 0.196478332579136 0.152189558744431 0.10027871131897 0.0983699023723602 0.0635614473372698 0.0266902755945921 0.0276520635932684 0.0193145313300192 0.0181214937008917 0.0191835606470704 0.0251148894429207 0.0260285958647728 0.0275750940665603 0.050676965713501 0.0410502996295691 0.0233534188009799 0.0278050580993295 0.0263769140467048 0.0226875798776746 0.017250616941601 0.0161811802536249 0.0131897130049765 0.00875172894448042 0.0231692969799042 0.0106571681331843 0.017668395396322 0.012596134096384
0.135882616043091 0.205058644711971 0.242012687027454 0.16311891078949 0.123806145787239 0.200807771086693 0.436948099732399 0.308505991101265 0.294196033477783 0.350151312351227 0.203020465373993 0.194774140417576 0.569201350212097 0.482039552927017 0.218391774594784 0.147774604707956 0.107576743513346 0.0209655899554491 0.0711368206888437 0.0402440544217825 0.058666817098856 0.0566666625440121 0.0256300235167146 0.0159163947217166 0.031233393587172 0.0174531616270542 0.0316905686631799 0.0292997222393751 0.0177511023357511 0.0219644793309271 0.0267082134261727 0.0392297141253948 0.039027445204556 0.0611469903960824 0.0365165431052446 0.021816626843065 0.0447170151397586 0.0546757128089666 0.0294305505231023 0.0119053674396127 0.0164339412003756 0.0089667210355401 0.00731006073765457 0.0083732970058918 0.00925032468512654 0.0081748376134783
0.10506514236331 0.139099013805389 0.18607152402401 0.151247225701809 0.143067647516727 0.20711966753006 0.201576764881611 0.179349510371685 0.240570801496506 0.275905728340149 0.38811728656292 0.390417355298996 0.790320980548859 0.267827616631985 0.253693011403084 0.0849198993295431 0.0326517885550857 0.0362969759851694 0.0384408824145794 0.0359127007424831 0.0136738697998226 0.00793418972752988 0.00898489155806601 0.0114305440336466 0.0129406874068081 0.0145325798541307 0.0156934158876538 0.0152974142692983 0.0151006363332272 0.0214440782554448 0.0223635504953563 0.0279090037569404 0.0274902401492 0.0297489114105701 0.0135311112739146 0.011170374089852 0.0130259471945465 0.0191308788023889 0.0167336541227996 0.00805504475720227 0.0128986231982708 0.0102208351250738 0.00710666249506176 0.00434155194088817 0.00490614986047149 0.00575242144986987
0.139588430523872 0.133462146669626 0.166070002317429 0.0784617487341166 0.124834039062262 0.18522465378046 0.209052743017673 0.143242789804935 0.240875941514969 0.186714766919613 0.38471203148365 0.452700284123421 0.407195857167244 0.285589142143726 0.151342809945345 0.0641633931547403 0.0140449575148523 0.0383533161133528 0.0123876337893307 0.0249535195529461 0.0248416092246771 0.00798553414642811 0.00904113501310349 0.0103593609295785 0.0114647137001157 0.0127017006278038 0.036077968776226 0.0154540982097387 0.0250523947179317 0.0225854258984327 0.0328368846327066 0.0306905893608928 0.0160969264805317 0.0180029555223882 0.014789523370564 0.00909581375308335 0.009085295163095 0.00755993761122227 0.00779193360358477 0.00727130910381675 0.00581225771456957 0.00475981533527374 0.00405145559925586 0.00401207797694951 0.0039305480197072 0.00409649321809411
0.122689016908407 0.0712471552193165 0.178188060224056 0.106474089622498 0.179921659827232 0.161527733504772 0.142633579671383 0.162327264249325 0.224090075492859 0.254197445511818 0.328624197840691 0.787802582979202 0.581258779764175 0.160182046145201 0.0294098114594817 0.0846244372427463 0.0588974971324205 0.0237764940597117 0.0164639697410166 0.0212223258800805 0.00894105527549982 0.0113527365494519 0.00952586764469743 0.00970156718976796 0.0101292505394667 0.0141503640450537 0.0137442653998733 0.013773106969893 0.0171043267473578 0.023021281324327 0.0209165192209184 0.00832617660053074 0.00695784888230264 0.00781008945778012 0.00771004916168749 0.00617627147585154 0.00863243048079312 0.00540292733348906 0.00798653508536518 0.00432318586390465 0.0047772379592061 0.0112161387689412 0.00711979507468641 0.00672881952486932 0.00610021967440844 0.00300204402301461
0.0869500130414963 0.0701580591499806 0.0886393621563911 0.105674292892218 0.143900606781244 0.122584842145443 0.102479122579098 0.150795163214207 0.151532213389873 0.22363024353981 0.294295278191566 0.294612030684948 0.219380220770836 0.0671076737344265 0.031862229667604 0.0525303849950433 0.0133728082291782 0.0256105436012149 0.0217300809919834 0.0136330910027027 0.0304916707798839 0.0127896970137954 0.00968178869225085 0.0116211629938334 0.0108517051674426 0.015252464171499 0.0105356730055064 0.0113569668959826 0.0134189686737955 0.0199449284002185 0.0161560555920005 0.0134395340457559 0.00503062319476157 0.00507592495996505 0.00465998770669103 0.00410905811004341 0.0038100901292637 0.00325613787863404 0.00310320202261209 0.00324587998911738 0.00569395481143147 0.0080058884806931 0.0027978099649772 0.00210092174820602 0.00394120600540191 0.00175580062204972
0.0589474268257618 0.0770242653787136 0.0985175870358944 0.157556667923927 0.0937308363616467 0.0906865462660789 0.121540854126215 0.193894320726395 0.59020249247551 0.324878084659576 0.266381788253784 0.136625986546278 0.186336478590965 0.0908339347690344 0.0954204030334949 0.0647076770663261 0.0251642362214625 0.0356692502275109 0.0316183883696795 0.0144856092520058 0.0198694569058716 0.0349404152482748 0.0146905404049903 0.0106806931085885 0.0118240504059941 0.0116582971531898 0.0089317481033504 0.0100873905234039 0.0149424007162452 0.00998292583972216 0.00541922221891582 0.00490002655424178 0.0061295592226088 0.00367966012563556 0.00438732958864421 0.00361930886283517 0.00269702862715349 0.00509850822854787 0.00300584242213517 0.00546167073771358 0.00392101609613746 0.00257504726760089 0.00203407595399767 0.00165076708653942 0.00219250916270539 0.00200814789859578
0.0517050683498383 0.0961965158581734 0.065919366106391 0.0819322407245636 0.0999439924955368 0.154565571248531 0.164111322164536 0.33067133128643 0.316475981473923 0.270268160104752 0.228746104240417 0.266440252959728 0.0657961122691631 0.0441465271636844 0.0353829707950354 0.0507152115926146 0.0318990807980299 0.0132052376400679 0.0216040084138513 0.0111244489904493 0.00781251080334187 0.00618402902036905 0.00672944611869752 0.00594826084561646 0.00622292449697852 0.00584281063638628 0.00522978014778346 0.00561774715315551 0.00426982233766466 0.00278616964351386 0.00239149514818564 0.00381616603117436 0.00214294062461704 0.00297590205445886 0.00255020735785365 0.00223400009563193 0.0024169857846573 0.0133251870982349 0.00180827977601439 0.00335400213953108 0.00147177331382409 0.00172227000584826 0.00153167529497296 0.00135606480180286 0.00120751223876141 0.00116191973211244
0.0800613544881344 0.0882744155824184 0.0745529837906361 0.103843162208796 0.122250268608332 0.211661902070045 0.276369939744472 0.308026626706123 0.292963272333145 0.115264808386564 0.0749848082661629 0.0800701882690191 0.0781798988580704 0.0361648531630635 0.0210443021729588 0.0226724002510309 0.0423111762851477 0.0179639933630824 0.00767592126503587 0.00583938965573907 0.00771547127515078 0.00406745662912726 0.00384398102760315 0.00430514789186418 0.00474356738850474 0.00460877327714115 0.00347454792354256 0.00264934829901904 0.00230138985207304 0.00286346965003759 0.00247506637824699 0.00227392159868032 0.00278009993489832 0.00235228954115883 0.00210762146161869 0.00192410941235721 0.00136941829696298 0.00144462223397568 0.00115653566317633 0.00134594416595064 0.00159605481894687 0.00120071860728785 0.00119961408781819 0.00126587243867107 0.000951555790379643 0.000823693868005648
0.0663616377860308 0.0912132531404495 0.122274226695299 0.12045342028141 0.225914719700813 0.157454645633698 0.197482131421566 0.201081800460815 0.195398689806461 0.130703470110893 0.057516760379076 0.0340229066088796 0.0285522870719433 0.0246316215954721 0.0366263965144753 0.0324926491826773 0.0117253193631768 0.00637352848425508 0.00580870225094259 0.0053767622448504 0.00419942329172045 0.00289559431839734 0.00350743867456913 0.00316578629426658 0.00271766693331301 0.00233565286034718 0.00197269489290193 0.00179944731062278 0.00228654636302963 0.00220543470932171 0.00185671754879877 0.00151690110214986 0.00247800623765215 0.00220946172485128 0.00181176033802331 0.00158059576060623 0.00255351943196729 0.00137280115741305 0.00113952324027196 0.0010704719577916 0.00117542105726898 0.000959183112718165 0.00102974735782482 0.00140339466161095 0.000924563512671739 0.000915036757942289
0.0778828084468842 0.0826585926115513 0.124746853113174 0.185742656886578 0.206695468723774 0.0924781069159508 0.0905570939183235 0.17080437541008 0.196882574260235 0.137519708275795 0.128310288488865 0.0336441483348608 0.0782564785331488 0.0188690480776131 0.00905828420072794 0.00669069387950003 0.00466800057329237 0.00792049281299114 0.00493592822458595 0.00264936294406652 0.00313696486409754 0.00276924488134682 0.00510617822874337 0.00230508818058297 0.0021174757159315 0.00133077398641035 0.00210587687324733 0.00105187416775152 0.00117800181615166 0.000848896743264049 0.000838877639034763 0.000885614630533382 0.00132310958579183 0.000735712077585049 0.000781977135920897 0.000814169127261266 0.000717540661571547 0.00108447510865517 0.000767222285503522 0.000870489899534732 0.000978414580458775 0.00085586461937055 0.000797452387632802 0.000966129708103836 0.00073838101234287 0.000679174665128812
0.0716480176895857 0.101064243167639 0.156085549294949 0.104188165813684 0.170919497311115 0.175659182667732 0.233140420913696 0.148779126256704 0.0671800311654806 0.0965984374284744 0.0375101825222373 0.040109551884234 0.0237141884863377 0.0095675555523485 0.00743929278105497 0.00464994793292135 0.00253346803365275 0.00305808121338487 0.00270057161105797 0.00132853933610022 0.00193555135047063 0.00253783517982811 0.00341068552806973 0.00246003542561084 0.00338730178773403 0.00144957927986979 0.001646187400911 0.00070380934048444 0.000630934987566434 0.000584145294851623 0.000517819015658461 0.000519526636344381 0.000569912750506774 0.000537301672738977 0.000563085946487263 0.000572698097676039 0.000640543558984064 0.00113246808759868 0.00116582089685835 0.000917475135065615 0.000895251962356269 0.000582491027307697 0.000643741645035334 0.000632942793890834 0.000592921665520407 0.000545402357238345
0.188829900324345 0.230914741754532 0.232010038197041 0.189209245145321 0.12501842007041 0.150450289994478 0.166082021594048 0.064365554228425 0.0539168622344732 0.0510669948533177 0.0420485718175769 0.00957001354545355 0.00818376308307052 0.0132098792120814 0.00762952449731529 0.00557892797514796 0.00205244508106261 0.00269451236817986 0.00240340122254565 0.00173838918562979 0.00295493856538087 0.0023754846653901 0.00248659095959738 0.00202260601799935 0.00128555478295311 0.000765268062241375 0.00064965873316396 0.00203985018888488 0.000499401398701593 0.000620652796351351 0.000781550590181723 0.000567088773823343 0.000391534436494112 0.000391607024357654 0.000449143614969216 0.000491188312298618 0.000729350309120491 0.000837761635193601 0.000872092641657218 0.00055991449917201 0.000553222850430757 0.000455787059036084 0.000508478400297463 0.000501617454574443 0.000476202287245542 0.000427149634924717
0.370557260513306 0.139196434617043 0.076002312079072 0.0914452042430639 0.0752544589340687 0.0559339439496398 0.0459983570501208 0.0232037706300616 0.0209596449509263 0.00504131731577218 0.0126831226050854 0.0128117172047496 0.00680130110122263 0.0126753786578774 0.00525819105096161 0.00297354580834508 0.00188349197851494 0.00241533133666962 0.0019102624617517 0.001013990980573 0.000958111532963812 0.00106988894403912 0.00320142800919712 0.00154834145214409 0.00132282229606062 0.000791778194252402 0.000489499585819431 0.000485593703342602 0.000354717273148708 0.000465649721445516 0.000448079689522274 0.000327660336915869 0.000296196046110708 0.00035062300885329 0.000388636600109749 0.00040108286193572 0.000439732550876215 0.00046786725288257 0.000580841521150433 0.000443574727978557 0.00055967103689909 0.000372999170213006 0.000391999949351884 0.000373147378559224 0.00036223159841029 0.000332756669376977
