Scripts_&_data/Maxent_result_files_2/B_terrestris_3.asc
NCOLS 594 
NROWS 330 
XLLCORNER -15 
YLLCORNER 23 
CELLSIZE 0.166666666666667 
NODATA_value -9999 
[rows 280 to 299 of 330, columns 506 to 551 of 594]
1.59619837631908e-05 0.000464088197622914 0.0243797534145415 0.00064737865322968 0.0134325320832431 0.0035878456896171 0.009785116603598 0.000394748161488678 0.0006793485590606 6.26765649940353e-05 0.000185090055310866 0.000291443671449088 0.00120983417145908 0.000701021609711461 0.0007858441589633 0.000882212840951979 0.000401190321281319 0.000319426459282113 0.000259747695963597 0.000112920549508999 0.000281985556648578 0.000271286618226441 0.000209328664641362 0.000224602864909684 0.000408242993580643 0.000346526484645437 0.000176022743107751 0.000439086291589774 0.000554372186888941 0.00108530687284656 0.000382677456946112 0.000218596984632313 0.00021839980254299 0.000285264988633571 0.000102233589859679 7.01741564625991e-05 6.05429488132359e-05 0.000260801365766383 0.000177880551927956 4.47211468781461e-05 7.86864216024696e-06 7.62314250550844e-06 6.61966394090996e-06 1.96696797502227e-05 0.000380090100225061 2.59926081525919e-05
0.000274734414415434 0.00147193397642695 0.017891554068774 0.011864754371345 0.0102682739496231 0.00350465818773955 0.000890069984598085 0.000343890921794809 0.000394795843021711 0.000103202381797018 5.24829191817844e-05 0.000272329216750222 0.000286241549110855 0.000646158156450838 0.000724742954480462 0.000284288984403247 0.000307583466928918 0.000209513361551217 0.000159808155149221 0.000186774878966389 0.00033492281800136 0.0003596765032853 0.000250073069764767 0.000205224780802382 0.00014790506575082 0.000151449695476913 0.000350647825689521 0.000452679531008471 0.000415895796322729 0.000176486701093381 0.000572931114584208 0.00034919941535918 0.000186833588668378 0.000168675978056854 0.000162270067085046 0.000125025393936085 0.000238160283333855 0.000102386305661639 0.000105214631548733 3.19463347295823e-05 2.57374504144536e-05 8.24351632218168e-06 1.43476792345609e-05 8.78567345807824e-07 4.29062562034233e-05 0.00167014243779704
0.00294628490228206 0.0158464565873146 0.0520705981180072 0.0112449602223933 0.011245229234919 0.0134320496581495 0.00195523759466596 0.000311988714383915 0.000461504400300328 0.000216196853762085 4.79377201372699e-05 0.000208576873774291 0.000209713801450562 0.000625039960141294 0.000214893958400353 0.000251473894604715 0.000414099177578464 0.000253473742486676 0.000355881787982071 9.87809762591496e-05 0.000114473295252537 0.000122692312288564 0.000127381627316936 0.000133560053654946 0.000389967468800023 0.000403154754894786 0.000140243234636728 0.000795121042756364 0.000311767301172949 0.000281807257852051 0.00025995609612437 0.000505182551569305 0.000156534671987174 0.000286865758971544 0.000307535313186236 0.000314270205853973 0.000157434518041555 0.000124280435193214 0.000253308550782094 2.2065463936638e-05 1.33190917949833e-05 6.17177224739862e-06 3.4523843282841e-06 5.99667489495914e-06 1.31045432681276e-05 0.000187847398774466
0.00154432732961141 0.00976804024539888 0.0356900276616216 0.008336988883093 0.00974371372722089 0.0273435954004526 0.00198669672827236 0.000396673208160792 0.000541826072731055 0.000134464290749747 4.11928220273694e-05 9.55815992710995e-05 0.000179001852302463 0.00245221894583665 0.000243793903064216 0.000455817057081731 0.000169111760624219 0.000368716792581836 0.000192246970254928 0.000286096695344895 0.000108414457645267 0.000114161922465428 0.000262177010517917 0.000115628661296796 0.000284351616755885 0.000246996793430299 0.000311618587875273 0.000129649498921935 0.000215940400812542 0.000422057804826181 0.000188421097118407 0.000129907593873213 0.00040444395999657 0.000134404965137946 0.000385281720082276 0.000396436592563987 0.000463734146615025 0.000137418077065377 0.0001514879779279 3.92439178540371e-05 1.72285991538956e-05 3.98939810111187e-05 8.34440700145933e-06 1.00116186558807e-05 2.88598461235523e-06 3.20969217000311e-05
0.00614826478995383 0.00658546998165548 0.00638288194313645 0.017527786269784 0.00711186605039984 0.0029676674050279 0.00201820708462037 0.000301490993297193 0.000218989535642322 0.000163752308435505 4.2522185776761e-05 0.000176063032267848 0.00020022382013849 0.000240721199588734 0.000412783467618283 6.1515799825429e-05 0.000318358002550667 7.68218141274701e-05 8.48487215989735e-05 9.49017885432113e-05 0.000272605722420849 9.88758583844174e-05 0.000253170314681483 9.4747970069875e-05 0.000106896645593224 0.00011392781016184 0.000214042338484433 0.000210270828392822 0.000188985938439146 0.000281305088719819 0.000113309513108106 0.000111779371945886 0.0003508681722451 0.00011483738780953 0.000116412879287964 0.000122310436927364 0.000122368756274227 0.000181401800364256 8.45568876684411e-05 0.000189807062997716 2.39753032474255e-05 1.37900420213555e-05 2.35305776186578e-05 6.12903581895807e-06 5.11526037598742e-06 5.83184028357664e-07
0.00581909997854382 0.00659821354784071 0.00734080716501921 0.00211250769207254 0.00664858869276941 0.00378746471833438 0.00194501804071479 0.00028579238569364 0.00025288052202086 0.000516045935364673 4.78049756566179e-05 0.000191808277668315 0.000324065765744308 0.000172613832182833 5.59253400751913e-05 0.000108876467311347 6.29570714409056e-05 6.95014366101532e-05 0.000199861962028081 8.01068868895527e-05 7.67505014664493e-05 7.79443713327055e-05 8.12313093774719e-05 9.25898151763249e-05 0.000288561210618354 0.000104722949799907 0.000232478038378758 0.000102721519579063 0.000265630046487786 0.000101130973052932 0.000206898633769015 0.000311681356106419 0.000102892329960014 0.000201307955285301 0.000113168532334385 0.000112015087870532 0.000108099527278682 0.000351868718280457 9.84685670118779e-05 0.000182463556848234 0.00013853320851922 2.17768279981101e-05 4.68895280505421e-05 3.21961449117225e-05 2.85484776895828e-05 7.53963093984567e-06
0.0050864496268332 0.00200173725606874 0.00260961317690089 0.00201205528574064 0.0068285878514871 0.00305444000987336 0.00169939661282115 3.675674060446e-05 0.000448051351122558 6.20835588051705e-05 0.000190278627997031 0.000487530755344778 1.06726143532132e-05 0.000149661222121722 7.11590827449982e-05 0.000117108355971141 5.56101068468706e-05 5.91720237935078e-05 6.35764320577437e-05 9.2138158652233e-05 0.000185637184040388 7.74159911088646e-05 0.000230547278988524 8.15380519270548e-05 8.67701624883921e-05 0.000129847610878642 9.4492361859011e-05 9.03454290892114e-05 9.39579980695271e-05 0.000170643963792827 0.000233635546464939 0.000173482083482668 9.73033562331693e-05 0.000216551945413812 9.92453751678113e-05 0.000275143660837784 9.74666436377447e-05 0.000176524960261304 0.000186304894305067 0.000276953248248901 0.000130835488744196 6.23985266429372e-05 9.88283656624844e-05 1.5307461944758e-05 8.7513259586558e-06 9.03309808109043e-06
0.00486793774180114 0.00237774843117222 0.00221698487875983 0.00165292519959621 0.00505196254234761 0.00243929552379996 0.000582784820289817 0.000228227671686909 7.16957985787303e-05 4.61629499113769e-05 0.000213269127925741 0.00042372539628559 0.000253656868198959 0.000177379812885192 6.69363588713168e-05 5.33499394805403e-05 0.000143105164715962 0.00013256791025924 0.000178015892379335 0.000123342665028758 0.000196860110736452 6.97046270033752e-05 6.26020208073896e-05 0.000167185073951259 0.000119869421905605 0.00024611924054625 7.83614223109907e-05 2.66597414565695e-05 9.30131598579464e-05 0.000268645798496436 8.88013615622185e-05 8.55202328239102e-05 8.78782615473028e-05 8.79154187714448e-05 8.74368979566498e-05 8.83274049556348e-05 0.000218482793570729 8.21871415610076e-05 0.000182368803507416 7.76056645918288e-05 7.75681479353807e-05 0.000237320308951894 6.71944419082138e-05 3.7213847917883e-05 1.81793001956976e-05 8.13538447346218e-06
0.00128486575558782 0.0007554992538644 0.00156867062323727 0.0272927417419851 0.0040444144862704 0.0123790357261896 0.000277926266426221 0.000200204886641586 0.000233624734755722 0.000147355052286002 0.000221083252108656 0.000491005348885665 4.6427240340563e-05 4.83496416563867e-05 5.12624451403099e-05 5.76494634515257e-05 6.51275644486304e-05 7.04126940945571e-05 9.64594324614154e-05 6.987278793531e-05 6.45017497845402e-05 6.05650034231076e-05 5.30153662111843e-05 0.00026319074240746 0.000191495136823505 5.85448671699851e-05 6.81270101267728e-05 0.000314194453676464 8.08601780590834e-05 8.53603545692749e-05 8.93776710654492e-05 8.28613294288516e-05 0.000213004453689791 0.000453062458836939 8.41680477606133e-05 8.4247120321379e-05 0.000171531329397112 0.000150785325968172 7.93488934505149e-05 7.77947792812483e-05 7.68304433222511e-05 7.79633346610353e-05 9.23870975384489e-05 0.000198765694221947 0.000122643937720568 5.54921560251387e-05
0.00104120904579759 0.00148218930698931 0.00454049506224692 0.00493557502049953 0.00196905468474142 8.81074649896618e-06 8.49509109684732e-05 5.73847415580531e-05 9.72963000094751e-05 5.01906103636429e-05 0.000534661827987293 9.33622368393117e-05 4.58528628769272e-05 4.9206281255465e-05 8.98597703780979e-05 5.90686416217068e-05 0.000146318489896657 0.000147382638169802 0.000180739210918546 0.000153683643293334 5.37144617737795e-05 0.000155656579590868 4.73020482786524e-05 5.09091956701013e-05 6.12094696407439e-05 6.53880437312182e-05 6.09173557677423e-05 6.81146207170968e-05 7.22060072803288e-05 7.74504209402949e-05 0.00019615786295617 8.49626629133127e-05 8.67825981913484e-05 8.5485781346506e-05 8.32610709039727e-05 7.93861048805411e-05 7.63834275858244e-05 0.000140332562295953 7.0132845758053e-05 0.000231431052088737 7.74058429669822e-05 8.29596499897889e-05 0.000357372908911202 9.894555369101e-05 5.97249421844026e-05 9.37897624680772e-05
0.000667901913402602 0.00328233811305836 0.00384633141802624 0.0037766840076074 0.000529070901393425 9.13388244953239e-05 0.000226628849486588 0.000143149832365452 0.000183868748717941 5.18922127412225e-05 0.00016863910095708 0.000209133480166201 4.54739538781723e-05 0.000105941077345051 5.19833946327708e-05 0.000166961790455389 5.17865043093479e-05 1.81396734660666e-05 9.57437818271956e-07 2.17109800360049e-06 2.3400866166412e-05 0.00010762344008981 0.000122130838462908 8.56514145198162e-05 8.78082617418841e-05 7.56672676288872e-05 0.000131537020206451 7.99978099166765e-05 0.000122324871153978 0.000279773719375953 0.000293196606071433 6.60065170450252e-05 6.96982793670031e-05 7.52100433601299e-05 0.000446900125098182 7.46850142604671e-05 0.00020641418886953 7.27770471712574e-05 0.000110536122883786 0.000116265791439218 0.000273647122230614 9.02704308828106e-05 9.4591399829369e-05 9.74111517280107e-05 8.72955013619503e-05 3.06467594782589e-05
1.09580333628401e-05 1.57992951699271e-05 0.000183343530079583 5.46767645573709e-05 1.54864176238334e-06 2.16948591514665e-05 0.000112280275425292 0.000180941943835933 0.00027301070294925 0.000162031945365015 0.000263834513316397 4.7472098185608e-05 4.55389397302497e-05 0.000114560746260395 2.08579811953769e-05 0.000161958297030651 6.17726281006981e-06 1.4966455874621e-08 2.10657636667833e-08 7.38676135370042e-07 1.0865193388554e-06 9.7708527573559e-05 0.000117725063500984 0.000100341122561076 9.01940744370222e-05 0.000177628672827268 0.000164749630494043 0.000327900104457513 0.000410264858510345 0.000212347294655046 0.000230021150491666 0.000326891701843124 0.000256507440644782 6.73984040986397e-05 0.000129253800696461 8.12600292192656e-05 7.91965730968514e-05 0.000113470641008462 8.41010949443444e-05 0.000162299346266082 8.86629448359599e-05 0.000177640371839516 9.018299242598e-05 9.70245248026913e-05 9.83751353487605e-05 0.000249103113128513
2.75721299658471e-07 3.24389907291334e-06 2.13111383686737e-06 1.30074398043689e-06 4.28698609056255e-08 4.72329403464755e-06 0.000189838422738831 0.000116304122275324 0.000259455841296585 0.000185431911086198 0.000114897888306587 4.96940823268233e-05 5.79449900328655e-06 3.12861826841981e-05 6.21617366505234e-06 1.09045938756935e-05 2.36562390565354e-08 3.1457923483913e-07 4.94227180780626e-07 5.41150537003432e-07 5.15589090355206e-07 2.48255362294003e-05 0.000177635850195657 0.000281773853566847 0.000178453122862265 0.000233372341608629 0.000241968448972329 0.000353741033904953 0.000274693291430594 0.000329448687989498 0.000345926608133595 0.000371853843535064 0.000624425758724101 0.000322441637399606 0.000259381721843965 0.000172483990900218 7.77513852881384e-05 7.90180374679039e-05 0.000266087477939436 8.34337939522811e-05 8.5210938777891e-05 0.000278525155590614 9.1768526181113e-05 9.1034668366774e-05 9.0623810319812e-05 4.75899399134505e-05
7.26277418650056e-08 9.39160062785049e-07 4.84574241710334e-07 6.62487918745569e-08 1.65778464289446e-08 6.89401576892124e-06 0.000221227686415659 0.000287468994065421 0.000116580141366285 6.58624629068072e-05 8.83028613998249e-06 8.148860001711e-06 3.58159732513741e-05 4.65063725641812e-05 3.77830562001691e-06 2.70244807865083e-07 1.3238944063243e-08 5.47842540754573e-07 3.5750991145278e-07 1.07327745690888e-08 2.09617352808777e-08 1.58203329192474e-05 0.000159869067647378 5.50167194887763e-05 0.000163670939946314 0.000176445983743179 0.00013125227742421 0.000628847313691949 0.00828511528670788 0.00429765484295785 0.000315418860554928 0.000537045287637738 0.00548860703129321 0.000371601783263031 0.000614500089432113 0.000619946639926638 0.000263061129953712 7.10312369847088e-05 0.000261734652303858 0.000245228438870981 7.66997593018459e-05 8.034239999688e-05 8.27312038381933e-05 8.47713175971876e-05 0.00026678582362365 8.21474179247161e-05
6.81486842069035e-08 3.16783463105708e-07 4.72363882675353e-08 1.34817250474484e-08 2.60356736703216e-06 7.00939922353427e-06 0.000323253829992609 0.000546220595424529 8.43777230329579e-05 0.000141961883855402 1.73273154189246e-06 3.29356371864264e-07 2.9691083796024e-07 2.44032811025363e-07 7.57871977397073e-09 8.03749879985105e-09 8.8822900257135e-09 9.44409491721032e-09 1.00597911778522e-08 4.215113804662e-07 2.81036805631629e-06 3.5325396584085e-05 3.34900388224924e-05 1.464625259473e-06 0.000180530494253617 0.00086101493507158 0.000157827441580594 0.00365663652773947 5.50513177586254e-06 0.00101990603725426 7.82642706326442e-05 0.00897019959520549 0.000306651309801964 0.00031573945452692 0.000362837995635346 0.000424842907523271 0.000442651692719664 0.000279442619648762 6.30421129244496e-05 0.000143847678555176 0.000127583106223028 7.21422673450434e-05 0.000135357437829953 0.000327730614662869 6.639775729127e-05 3.60524028110376e-05
1.25585034815856e-08 1.26383540965946e-08 1.0875210287864e-08 1.84496332735762e-06 0.000138636780866364 0.000283565212885151 0.000200148374642595 0.000177411287950235 0.000117060049524298 4.37680346294655e-05 5.59310159076176e-07 2.07019435372047e-08 9.02312728978671e-09 8.23031743868441e-09 8.10152654961982e-09 8.54625750168481e-09 9.16675216844354e-09 9.73857509078968e-09 1.23412330488293e-07 3.57041071197273e-06 2.67977744670134e-06 2.5383594311279e-05 0.000165295497572515 0.000181708082891419 1.3814683666169e-05 0.000941500798217021 9.33386270844494e-05 6.86490091084124e-06 5.1636225407492e-06 0.000268122237321222 0.000283939200016903 3.71272478673745e-05 0.000296842560055666 0.00029622577567352 0.000464066048152745 0.000361550564412028 0.000744467583717778 0.00017881485473481 5.67573331863969e-05 5.54753183678258e-05 0.000197530291188741 5.7948641187977e-05 6.02978170718416e-05 8.34241627671872e-05 5.35217515789554e-05 0.000123152992455289
1.62809366521799e-07 1.56785903726586e-07 2.50459971340433e-07 3.52243701399857e-05 0.000261408112783101 8.09560351626715e-05 7.94167073763674e-05 0.000226054935046704 7.7017897638143e-06 8.55130971899598e-07 2.6483992847659e-07 1.08772849505279e-08 1.7739688806806e-08 8.95426990332737e-09 8.7297436168754e-09 8.92315550338196e-09 9.28678471900923e-09 2.54767318352833e-08 8.58038665896288e-08 1.41203409143031e-07 2.33902638413497e-07 1.20365769475939e-06 4.70718899805433e-06 1.27103937188622e-06 7.45357675668856e-06 5.11205065549802e-06 0.000400063084816793 0.000171798215524177 0.000255376404675189 7.41146754990041e-05 0.000269343114632647 0.000281064293085365 0.000292500235082116 0.00289487922564149 0.000329114730993751 0.000175686456350377 0.000478005694458261 0.000166387544595636 4.80608527141158e-05 4.74689757538727e-05 4.57311243735603e-05 0.000110674477764405 4.43324758634844e-05 0.00011038956217817 4.86827213535435e-05 0.000119225353046204
9.73384179587811e-06 6.16957427155285e-05 6.84775840454677e-05 4.95361304729158e-05 5.20991555731598e-05 1.43512127806389e-05 0.000203410636459012 4.25629378355552e-06 3.47774635045539e-07 1.3057333547728e-08 2.40953808461342e-08 1.12284736286661e-08 1.00568275707147e-08 9.62361098588715e-09 9.41803647291906e-09 9.33091243160433e-09 9.64794963920212e-09 2.19594390893363e-08 2.49868100432593e-08 7.1745769147924e-08 8.71056806772685e-07 1.96460279653365e-06 5.90058965599383e-06 8.2532999670093e-07 5.7003857421023e-07 6.01589644020351e-06 0.000220306557457661 3.08008463889564e-06 0.000171719899299205 0.000236886144557502 0.000360851503501181 0.000298531951557379 0.000305674351693597 0.00125652813876513 0.000541914284985978 0.000582165361265652 0.000120475978474133 9.70995839452371e-05 3.8256303378148e-05 3.75902609448531e-05 3.6708093375637e-05 3.68225060810801e-05 6.00427476456389e-05 3.97239536141569e-05 4.4228657225176e-05 0.000238587842613924
0.000206528546550544 0.000183012831257656 0.000119716140216042 8.46839128826105e-05 0.000156769227578479 0.000110370578840957 1.44737794869343e-06 1.42587496809732e-08 1.53527400348352e-08 2.10963087221572e-08 1.13662853906682e-08 1.09712222640113e-08 1.02593326056777e-08 9.61693286116727e-09 9.39270509148216e-09 9.46041194271885e-09 1.01522593332071e-08 2.45887501026942e-08 2.28165291105142e-08 4.42611265327741e-07 4.80675425023946e-05 1.4500178281196e-06 3.37346117476045e-06 7.12537050276296e-05 8.30212635264615e-05 5.65953736440861e-05 0.000317516913128202 0.000935677991947159 0.000243950299773132 0.000314171767240623 0.000263631746929605 0.000269030338677112 0.000304933665029239 0.00031521097116638 0.000263680430362001 9.52038066316163e-05 7.15302550815977e-05 6.56396847261931e-05 3.13241943331377e-05 3.17528690175095e-05 7.35448200430255e-05 3.26806692100945e-05 3.45515076332958e-05 0.000129068544265465 3.68256466572348e-05 3.72151253031916e-05
0.000248960767021344 4.21288901634398e-05 0.000156701389641967 4.51164206083376e-06 3.14729377137724e-07 3.18742456215659e-06 7.22347959225544e-08 1.80006718752956e-08 2.84762450064591e-08 1.10888746740478e-08 1.1083765305564e-08 1.02391241929567e-08 1.01079095982115e-08 1.9173245857651e-08 2.76174747737556e-08 9.66284343650869e-09 1.84847890327688e-08 4.59334205515916e-07 7.77556792286305e-07 2.8187438238092e-05 1.10590476651851e-06 1.66037070314928e-07 3.65986046745093e-05 2.91884802159359e-06 5.73122784089719e-05 0.000450212154828478 0.000330751770525239 0.000295789483061526 0.000221490929834545 0.000294235354522243 0.000304245910956524 0.000329490771400742 0.000231439652270637 0.000587025104323402 0.000534941459773108 0.000107826582461712 0.000173232546512736 6.27461069598212e-05 5.59975747819408e-05 2.70664745585236e-05 6.66203928631148e-05 2.95936201837321e-05 3.21238000651647e-05 3.28177480696468e-05 3.28712499140238e-05 2.92773492219567e-05
