Scripts_&_data/Maxent_result_files_2/B_terrestris_3.asc
NCOLS 594 
NROWS 330 
XLLCORNER -15 
YLLCORNER 23 
CELLSIZE 0.166666666666667 
NODATA_value -9999 
[rows 260 to 279 of 330, columns 414 to 459 of 594]
5.04688579816559e-09 4.91165463856191e-09 4.79282085130706e-09 4.56501123569097e-09 4.51282816671394e-09 4.34938560722742e-09 4.2630770691332e-09 4.29998849860169e-09 4.25217010491252e-09 4.23144130845543e-09 4.19711958521418e-09 4.17326135870866e-09 4.26222901417361e-09 4.26340700521166e-09 4.30655571204142e-09 4.35024534173323e-09 4.55159286927298e-09 4.70161299892524e-09 1.23402598362077e-08 3.49108844055479e-08 5.38937285909924e-09 5.59864319349401e-09 5.6421789795813e-09 5.46207120422082e-08 1.89324788735235e-07 6.47039774648306e-08 3.38247705400363e-08 2.52125352595556e-08 1.76946037377945e-08 1.75708576577449e-08 8.01920061466177e-09 2.47215869535466e-06 7.46428810316502e-07 8.73908000409429e-09 1.84294121075013e-08 6.13247555065755e-06 0.000131771985979867 0.00191840276820585 2.58914784353692e-05 0.00085018390964251 0.000708297808887437 6.89753194365039e-06 1.20125659577752e-05 0.000283016783669154 0.0053650023881346 0.00168678474728949
4.36003247950012e-09 4.22825946477801e-09 4.05429249061839e-09 3.91506504993089e-09 3.81793088255478e-09 3.74862000329657e-09 3.71145395527961e-09 3.65034703575517e-09 3.70316820541561e-09 3.77661946160401e-09 3.77533962980792e-09 3.71108046515189e-09 3.83751870280946e-09 3.94056945962617e-09 3.96700186033883e-09 4.03850852759291e-09 4.34402440685488e-09 4.5878894461282e-09 1.70262631549178e-08 1.18208115829077e-07 5.04894540620526e-09 5.11837465744236e-09 5.07316647579969e-09 4.10635452752217e-08 9.67879313407138e-07 2.20252521216935e-06 3.66377958016528e-06 4.78146190197037e-08 1.77299276504783e-07 4.5648427260403e-08 8.26211802973376e-08 3.83996372477213e-08 1.62346425636173e-08 8.86069081218466e-08 5.50091246331874e-08 3.54718244111041e-08 1.49692917261746e-06 3.6909693335474e-06 2.99418945814978e-06 1.86438757282303e-05 0.000882606647792272 0.00147594547597691 1.09762907868571e-05 1.29486554669711e-05 0.000575014392961748 0.000421667886257637
3.94554404703484e-09 3.68749428769632e-09 3.49692305112725e-09 3.37657648508127e-09 3.33305052446775e-09 3.22682913722616e-09 3.22289512855178e-09 3.2956631756953e-09 3.31942506814897e-09 3.33600791435629e-09 3.30961082983805e-09 3.41197403663784e-09 3.55744621538534e-09 3.68056376487402e-09 3.76819977443432e-09 4.10574986231538e-09 4.1410219697724e-09 4.37782831097522e-09 9.58702567110947e-08 4.68812259235563e-08 4.7690550397661e-09 4.83680112628448e-09 5.18007859939829e-09 5.8242077161097e-09 1.86772347987585e-07 1.5852569845265e-06 4.94059644552181e-05 6.97260924553689e-08 5.16805346961746e-08 1.6354679743813e-07 4.73961205216256e-07 4.49634923960218e-08 2.3148727557043e-08 1.27474600830624e-07 4.65378225271706e-06 1.50188409930863e-08 1.6029768468151e-08 3.753433306386e-08 1.96839034174445e-06 4.76708576115925e-06 1.68057762834906e-06 6.40155396922637e-06 1.42759320169716e-05 0.00026531122130109 0.000129947307141265 0.000847293445258401
3.46988369148704e-09 3.25822689939415e-09 4.06354471182979e-09 2.9923533650944e-09 2.86075502176075e-09 8.11151655844e-09 5.9446509381722e-09 3.06746434919347e-09 2.96984660197452e-09 3.03152539737894e-09 3.06622242041144e-09 3.20028519240623e-09 3.31217562266062e-09 3.43784678502601e-09 3.58835506863997e-09 1.35152096514268e-08 1.23267577034625e-08 8.63017707297686e-09 1.88613122897863e-08 4.52411234030947e-09 4.58757628551965e-09 4.74200317901463e-09 5.16458130705999e-09 5.6673841286603e-09 2.63392257782158e-08 2.98158574718599e-08 7.32341800357972e-07 1.99461035776949e-06 5.13683251028851e-06 1.44809043334249e-07 3.65643740707355e-07 9.15165301194065e-06 2.07437216914741e-07 2.73173221376766e-08 5.22023577786968e-07 1.44732827500604e-08 1.47863467248044e-08 2.82392566219869e-08 3.6477837372928e-08 5.56329239032038e-07 1.10575964384907e-07 1.30364145149997e-06 1.35863271282233e-06 1.93592235518736e-05 2.61712463270669e-05 1.43734205721557e-05
2.99960835059565e-09 9.47104797921483e-09 3.36326009708898e-08 1.1590612629675e-07 1.36833265940162e-08 4.3715963737867e-09 3.17306778629955e-09 2.87671394483269e-09 2.89382692253426e-09 2.86714528785481e-09 2.88493944289314e-09 3.0067843437287e-09 3.15740484868599e-09 3.24177928945346e-09 3.65161662019275e-09 8.05046767027307e-09 4.34611152622111e-09 1.20765802580358e-08 5.10623232941043e-07 5.5657796949049e-08 1.01808803520953e-07 4.63564848729447e-09 5.00065693298524e-09 5.56296876341733e-09 6.16467403791177e-09 9.41304978407942e-09 1.90516256566298e-06 4.16303251995487e-06 1.26694933442195e-05 4.80767353110423e-05 8.82548690128715e-08 1.42824852446211e-05 5.41162864919897e-06 9.64850690365893e-07 1.33044703716223e-06 1.57407783252239e-08 1.67369447012788e-07 2.43938621480311e-07 8.76286522455416e-08 5.41829638933677e-08 2.31522594518196e-07 8.38940840353075e-08 1.35483331931141e-07 6.0403088127714e-06 2.49244309088681e-05 0.000818656830233522
2.65610459182497e-09 2.61447844485119e-09 3.04754919078221e-09 3.62323697711275e-09 3.68150322449523e-09 3.29551897992886e-09 3.31171251533036e-09 5.82381973757151e-09 2.66664824666307e-09 2.66887381084047e-09 2.74206058969995e-09 2.87057477788011e-09 3.00213363058077e-09 3.17972679297895e-09 3.33034204658134e-09 3.4896329714762e-09 4.54209021505392e-09 3.92391129588887e-09 8.58523522495602e-08 1.16295359831042e-07 1.54689456799417e-07 4.5409881077596e-09 4.89750134891054e-09 5.29200081533787e-09 5.91698253726847e-09 6.30287607661373e-09 2.90724858587055e-07 2.56913221505783e-06 8.51659947329608e-06 0.000141299827373587 2.6307413008908e-06 3.60140122097619e-06 1.12058379500013e-05 1.22055781446306e-06 9.08535349708473e-07 9.81348064669874e-05 5.04769523956838e-08 2.26833429195494e-07 1.09634892098143e-07 1.49700064344671e-08 8.07435101890519e-08 1.46011509327693e-08 1.06918226383534e-08 2.86833362839189e-08 7.84157558442189e-08 1.62773891645429e-06
2.49435405663689e-09 2.55229379853006e-09 7.46751578351024e-09 5.7726058266816e-09 2.92627704290282e-09 2.82232928139337e-09 2.58002186281914e-09 7.15436898612865e-09 2.56228318562535e-09 2.56183894098427e-09 2.67044965029939e-09 2.75273165373235e-09 2.91034623067787e-09 3.51132061204851e-09 7.53931799213348e-09 3.32858436369321e-09 3.29906091334209e-09 4.24960043599043e-08 1.35292265390774e-08 5.23427193854786e-07 1.03257124983713e-07 4.88186410185776e-09 5.11990260188e-09 5.30682607857713e-09 5.72678811039395e-09 6.51585515543118e-09 6.43207266337598e-09 8.0503775023999e-08 2.49279262476421e-07 9.80267697059389e-07 5.64558515634417e-06 1.3552901600633e-05 1.11529419882572e-05 7.87542505804595e-06 2.30980019182425e-06 9.88478591352759e-06 7.87203052965424e-08 2.57587162710848e-08 5.65604813651532e-08 1.83733011249743e-08 1.55666754597661e-08 6.59257651802747e-09 7.82478931649067e-09 7.80657387622341e-09 1.91176989972064e-07 5.01800545862352e-06
2.36401072051251e-09 9.31587318397931e-09 4.88196350012515e-09 2.15778197754091e-08 2.69698764210347e-08 5.82891493294824e-08 2.41739457340628e-09 2.40756623526295e-09 2.4476347837421e-09 2.51551024454955e-09 2.58438318523346e-09 2.69501254646087e-09 3.02500338111855e-09 3.70860322451705e-09 1.37820613699269e-08 3.39413804839594e-09 3.22883166870014e-09 3.86165900367885e-09 4.10574555465004e-09 8.45863207254993e-09 2.90538967107068e-07 5.74473564274314e-09 5.06533140987031e-09 1.62911171219804e-08 5.92435068780262e-09 6.29964487242063e-09 5.934006597208e-09 8.35332354398588e-09 1.16204969313749e-08 4.16626507515616e-08 1.27507269382932e-06 1.56773775870533e-05 0.000595056707970798 1.61637327892095e-05 1.66515135049394e-06 3.90586783396429e-06 0.000190484965060023 1.07464163647819e-06 1.1146000766793e-08 5.25060869227545e-09 1.62148910298754e-08 1.25844438758627e-08 1.31034519235129e-08 1.14062343925525e-07 3.89948572632193e-07 0.000133919862855691
4.92163204635077e-09 6.01424431367903e-09 2.40265153328423e-09 2.31872686606849e-09 2.31357603075466e-09 2.78435807743449e-09 2.65457680281855e-09 2.41842267323378e-09 2.4519347219254e-09 2.47446210188684e-09 2.44060579523975e-09 2.61940926726822e-09 3.04643679172045e-09 3.18669575172237e-09 3.26162949981779e-09 3.3603557603179e-09 3.13323597067594e-09 3.13969873433351e-09 3.34461492945692e-09 5.79719865445583e-09 3.59675613736954e-07 6.6276399923737e-08 4.67133584036716e-09 5.16346971846104e-09 5.35508779542226e-09 1.08841134549564e-08 1.31223097499245e-08 2.13779376201373e-08 4.06098598304538e-08 1.37972977043432e-07 1.28934464882491e-07 2.61481000620734e-06 4.5015937757853e-05 8.41241229863954e-05 1.20668003091851e-05 8.53290146096697e-06 1.73403765529656e-05 3.28736525148088e-06 2.26128241820334e-07 3.95614053072535e-08 1.82104297863361e-08 3.27036643099632e-08 5.81033304136724e-08 1.84024166216545e-07 8.0737354757332e-08 2.71837583554202e-07
2.63816705148301e-09 4.78926784897027e-09 2.36172225109854e-09 2.33252506198767e-09 2.24685033911598e-09 2.62821394647617e-09 2.82789982541942e-09 2.59334582697335e-09 6.66179544861478e-09 2.77315915786502e-09 4.16693060056872e-09 2.65942016186571e-09 2.83911090193101e-09 3.06987191223129e-09 3.74958919469037e-09 4.01484364642712e-09 3.23804797419669e-09 3.02832789955687e-09 3.05276940393284e-09 3.36163267222744e-09 5.3243018793836e-08 5.13539040980504e-07 4.37585275792074e-09 4.55064576021513e-09 4.7134313674313e-09 5.5200252147003e-09 6.10449943927449e-09 3.21269686409664e-08 5.49179354436546e-07 4.27545911207972e-07 4.14073041632435e-08 1.76839271261997e-06 8.3082833498338e-06 2.65461484332263e-06 7.1366550713492e-08 1.17929821108476e-07 9.86391414770083e-08 5.31957108762526e-07 8.96166371333607e-08 1.45610568491605e-08 1.75697735693703e-08 5.7095735361834e-09 5.2697909702637e-09 1.9660016636891e-08 5.03333112078508e-08 5.90303979031148e-08
2.67776520956886e-09 2.48441318628778e-09 2.40742837886998e-09 2.29745469315645e-09 2.1906253921955e-09 2.57485192056706e-09 2.7162611160314e-09 2.93655784133762e-09 5.658696555777e-09 1.22057854823332e-08 4.6514261886621e-09 2.69764373062031e-09 2.79944506464957e-09 3.33129211993466e-09 4.99406694887128e-09 5.87207829028102e-09 3.40257733100202e-09 3.11321421975208e-09 3.13381648409106e-09 3.09704264456201e-09 3.62654513086369e-09 4.32425086849264e-09 4.03137161431033e-09 4.19120002037587e-09 4.28365422022736e-09 4.60378594135946e-09 6.75749080025767e-09 7.25854575334139e-09 4.47767440014957e-08 1.00269536886799e-06 9.86613681419613e-08 3.08988176156433e-08 6.11570972530728e-08 1.09579023543915e-07 2.36483716165026e-07 1.23016739372872e-07 6.91312788347887e-08 5.4871295844805e-07 6.03767693618806e-08 2.74079409834371e-08 4.55031009538587e-09 4.25628299272063e-09 4.46962562516973e-09 1.08994998360146e-08 1.79778061548674e-08 1.53980436401469e-08
2.62553868646265e-09 2.5453422591859e-09 2.39193966855566e-09 2.40515164451338e-09 2.22447221753796e-09 2.36730002267649e-09 2.46937248427059e-09 2.59466417240617e-09 2.76063633064538e-09 3.2058576127092e-09 8.51701849047259e-09 2.74675800993052e-09 2.93490787228734e-09 3.5695613909148e-09 3.93985761792948e-09 4.42572589687273e-09 3.67521330035814e-09 3.27355413887176e-09 3.2160016871785e-09 3.17964384821678e-09 3.22458409973692e-09 3.50160622719642e-09 3.71015101974237e-09 3.98957915592746e-09 4.07046049089033e-09 4.32257197813257e-09 4.70022121223934e-09 4.92240139760014e-09 7.71389107034892e-09 4.50327161871655e-07 1.13544257374087e-07 6.13210373501261e-07 7.10708842888153e-08 3.54468751240233e-08 1.40221767708226e-06 4.12664789450901e-07 1.43562867904734e-07 3.39329854437409e-08 2.26275399750619e-08 2.32102030484072e-08 4.3703631935621e-09 3.64240098083002e-09 3.59127899640654e-09 6.79714439177914e-09 4.88590502278896e-08 1.03424079433978e-07
4.94567106157362e-09 5.46809261203762e-09 1.09318973984251e-08 1.28365736706826e-08 1.43483128711708e-08 2.29252876682295e-09 2.55519663205916e-09 2.75865842391809e-09 2.82749071933708e-09 2.94236608411325e-09 2.87418103761539e-09 2.72363843700774e-09 2.87721036995592e-09 3.4400480131147e-09 3.50758299072496e-09 3.95634500716113e-09 3.70229716883941e-09 3.32826990412372e-09 3.34099590215686e-09 4.16926081436841e-09 3.98763688735926e-09 3.52800475500459e-09 3.57236321635313e-09 3.91986750836182e-09 4.00493452845652e-09 4.2503070396549e-09 4.6955486165956e-09 4.82824490388722e-09 5.28016941281351e-09 5.97892085840712e-09 8.65811081718348e-09 6.42956955232421e-07 3.46183172350578e-08 1.42350543796965e-07 9.80154279517365e-08 5.27603147837397e-08 4.79046661006066e-08 2.31743015888242e-08 8.32640675518803e-08 7.75368431682466e-08 3.69126573751544e-09 1.27275225247914e-08 2.06287396720128e-08 4.69528280699905e-08 2.76437051915934e-08 5.33590862605848e-09
8.25182854935491e-08 3.45109549826361e-08 2.8315274169799e-08 1.41466417358238e-08 6.5026097506582e-09 2.56747145765956e-09 3.28806236682411e-09 2.8388668416035e-09 2.71522809791591e-09 8.72390666373235e-09 6.23918169351256e-09 2.75950020611759e-09 2.89306608669548e-09 3.02850804434485e-09 3.26571218955962e-09 3.21594567642691e-09 3.56404854517933e-09 3.32024562288424e-09 3.38025104573703e-09 4.45117506187032e-09 7.4987427822748e-09 4.00867388172799e-09 3.51719100510905e-09 3.74157048677048e-09 3.79810162209893e-09 3.98010807645122e-09 4.51595835171403e-09 5.17914910957984e-09 5.75007345071654e-09 2.03702327006283e-08 8.16283785454175e-08 4.48580173895152e-07 1.95875920816491e-08 3.25442397919318e-08 3.88731436373746e-08 9.05977905141242e-08 1.50248494978911e-08 1.24026989789527e-08 6.35142973770542e-08 5.30098571260851e-08 4.2119799692486e-08 4.42952993173762e-09 7.56686339142831e-09 4.95458566396323e-09 2.48639016042773e-09 5.00116980051146e-09
3.43341443609368e-08 5.04101320686345e-09 8.52982722232554e-09 2.6631360094953e-08 4.51661753553267e-09 2.72473592577427e-09 2.65679275246455e-09 2.72254643274294e-09 3.94108903289947e-09 4.14318394037494e-09 3.96958383941382e-09 2.96308821923219e-09 3.00901489280747e-09 3.05463565553055e-09 3.15117116844732e-09 3.44107473626565e-09 4.39972077659334e-09 3.39892581857626e-09 3.23956454995056e-09 3.44789889972219e-09 3.73120290220186e-09 3.56390997824363e-09 3.41956977178981e-09 3.5888452543098e-09 3.63784818935287e-09 3.76757248732318e-09 3.95631292171572e-09 4.23647233960267e-09 4.62192600858558e-09 4.81545380237591e-09 5.58523145510748e-09 9.50391199072698e-09 2.7878921260438e-08 1.82232424261741e-08 3.0040514342744e-08 5.8674439618045e-08 4.21107473336235e-08 2.20866840150435e-08 1.14618538771261e-08 8.61326784340477e-09 2.26442474726696e-07 3.25081060958965e-09 2.97977592600418e-09 2.68759113852823e-09 3.94659536162578e-09 2.3783908953412e-09
1.5608587022875e-08 6.58371025252791e-08 5.64932589597333e-09 5.16116032578395e-08 9.40470885613109e-09 3.37324163046659e-09 2.79554455140385e-09 2.71544948748925e-09 3.79784722559506e-09 5.78000968198822e-09 5.90528631549958e-09 4.14305273421789e-09 4.9970720894521e-09 3.39721552000682e-09 3.44214027281353e-09 3.53836566713284e-09 3.64284357123879e-09 3.47563058333833e-09 3.1703991210108e-09 3.27071378869448e-09 3.50191252662668e-09 3.32793511637064e-09 3.37247346715586e-09 3.41126517033885e-09 3.49804293309219e-09 3.56288724079334e-09 3.73022508437515e-09 3.904719392267e-09 4.18737537977165e-09 4.69709249273365e-09 5.05291920527284e-09 8.92891235393378e-09 1.56388175076572e-08 3.01083108666944e-08 1.19155727951181e-08 5.76782142047705e-09 3.28603882771006e-08 1.45548533758699e-07 7.47511980092597e-09 4.08536472429333e-09 3.96779405997805e-09 3.39370653801296e-09 2.85383766618352e-09 2.40361434089564e-09 2.23009484212611e-09 2.12491886308896e-09
5.25623542468878e-09 3.30819359461998e-08 2.9440869964148e-09 3.55548784858328e-09 4.9137864888138e-09 4.41666386796769e-09 2.93433360942785e-09 2.76504049656623e-09 3.17348991529798e-09 3.80986486803181e-09 6.64997638066822e-09 8.95741837325659e-07 2.11069541844466e-08 1.34736752199771e-08 4.78735513453898e-09 3.67817156732286e-09 3.36401101419526e-09 3.17395043580859e-09 3.22908704220026e-09 3.18731705473141e-09 3.22851440026639e-09 3.32692194904283e-09 3.50126649895088e-09 3.35942758056262e-09 3.40580887936426e-09 3.4752671074223e-09 3.54654454692849e-09 3.70165500473973e-09 3.95111924289537e-09 4.25138941828607e-09 5.08427098200315e-09 7.08461086462719e-09 1.05337004563388e-08 1.52151449217541e-08 1.60347079836143e-08 8.05042278395618e-09 1.48456763882088e-08 5.41722054325788e-08 1.40989129815416e-08 6.33223555812634e-09 3.68241274140146e-09 2.86313414088468e-09 2.41370997633439e-09 4.17459761203887e-09 2.17559098514286e-09 2.06751988862663e-09
8.79621111948836e-07 5.55759152121027e-07 1.69150943141183e-08 4.19423397124419e-09 4.54660152859887e-09 3.83125580150079e-09 3.17735863175628e-09 2.92774636756477e-09 2.94382074272903e-09 4.4191113657277e-09 5.72501227757982e-08 3.23156815511538e-06 6.57851386165476e-07 9.59947829670682e-08 1.72494700301229e-08 4.33295552770829e-09 3.40617365424123e-09 3.20389353936079e-09 3.11709890121747e-09 3.08886652922169e-09 3.16736411543062e-09 3.44375051808399e-09 3.61611434129827e-09 3.39083692235675e-09 3.35962239139675e-09 3.3710119917707e-09 3.38429966273424e-09 3.50609193899842e-09 3.77011593055698e-09 4.21829045027522e-09 4.73197848682716e-09 6.47481680493556e-09 6.10664766531599e-09 5.87390254214171e-09 2.05987913837191e-08 1.64924600865035e-08 1.79274932676776e-08 9.93707991447934e-09 8.87522899617466e-09 4.93931705536355e-09 3.11827825782984e-09 2.72123933386936e-09 2.39699450288455e-09 2.1283037332509e-09 2.10573180003948e-09 2.59413427405875e-09
0.000174974316905718 1.46083458503199e-05 1.72594535143844e-06 5.51061564157962e-09 5.847744022347e-09 6.42207774737003e-09 4.6003979070619e-09 3.29098013285289e-09 5.46813414548097e-09 3.74594280039275e-09 2.23994131243188e-08 1.31275869641456e-07 4.850730454109e-06 4.31243665843795e-06 5.12820460762953e-08 1.22278108083407e-08 1.17300843927026e-08 3.27509223740918e-08 6.0316502792368e-09 3.26755384971733e-09 3.26641611536616e-09 3.53193069235758e-09 3.53664924013231e-09 3.44439535782115e-09 3.43629708021709e-09 3.35929384309708e-09 3.32430234450953e-09 3.38738486149737e-09 3.55796765383332e-09 3.73339985593191e-09 3.96356536480624e-09 1.21418094800596e-08 3.0899067615664e-08 4.0114420452042e-09 3.72959204630874e-09 8.42026781633365e-09 3.76725012296575e-09 3.59550320627733e-09 3.68306019016273e-09 3.07776175656471e-09 2.86902748225515e-09 2.52143603773902e-09 4.06952118670034e-09 2.26847515216733e-09 4.01125958005011e-09 1.95884695131099e-09
2.10901068165015e-08 7.14216524144717e-08 2.54836712443307e-07 7.3417473323012e-09 1.3972794143946e-08 1.87359655257069e-07 6.01975648217845e-09 4.16760186361387e-09 3.44619496273069e-09 3.56897724707039e-09 1.39681824662397e-08 1.26560093072214e-07 5.28910999442189e-08 3.72638073145026e-06 1.46834564986875e-06 6.38690834442457e-08 1.33335565810633e-08 4.46887161720255e-09 1.20485063370701e-08 3.18660207110355e-09 3.25091932262822e-09 3.34321710315777e-09 3.53488878168662e-09 3.44882387093293e-09 3.37702045216659e-09 3.33649396999647e-09 3.28838214436189e-09 3.27707344593975e-09 3.41169107409556e-09 3.66801837792252e-09 3.50117627112567e-09 3.47937827438471e-09 3.87761687203891e-09 3.78673949974484e-09 5.98489030556593e-09 3.63696628369325e-09 3.84695836297411e-09 3.00103883965619e-09 2.83290597646868e-09 2.89515112994465e-09 2.5006019588325e-09 2.40885852376138e-09 7.55966235166383e-09 7.39320455966919e-09 5.24993662986972e-09 2.01713774572454e-09
