Scripts_&_data/Maxent_result_files_2/B_terrestris_3.asc
NCOLS 594 
NROWS 330 
XLLCORNER -15 
YLLCORNER 23 
CELLSIZE 0.166666666666667 
NODATA_value -9999 
[rows 220 to 239 of 330, columns 414 to 459 of 594]
-9999 -9999 -9999 2.49851452238659e-07 5.1436466641519e-08 1.74124817675647e-08 2.54225171048006e-07 1.3937891605309e-07 1.14303002729521e-08 1.07838356022683e-09 1.35485836993965e-09 5.89132506334522e-08 4.96984363662634e-09 1.60188468045774e-09 1.10294869903882e-09 1.0867033273243e-09 9.46313027938572e-10 8.00557420355119e-10 7.3006767298267e-10 6.81059053597721e-10 1.11200265440203e-08 6.75226408120011e-10 1.41142384446624e-09 1.28326098636222e-09 1.27303294017445e-08 1.19273800724962e-08 1.12935363283384e-09 1.9892311575731e-09 1.1558737633699e-09 2.10726053273547e-09 9.12717115220119e-09 1.16764676416636e-07 2.90333077579419e-09 7.86756212400874e-09 3.94411492354863e-08 1.31331984665195e-07 4.13668823995295e-07 5.76406564789522e-07 6.48400054501508e-06 1.97614185026396e-05 2.79442102510075e-05 1.94709567949758e-05 1.2715723165968e-06 5.59472548502526e-06 5.38747971745579e-06 7.44137666686129e-07
-9999 -9999 -9999 -9999 2.28810522528988e-07 1.14025506903204e-07 5.19932720877137e-08 4.15944968690241e-08 1.99642187226345e-07 1.0774280543302e-07 7.93451580882731e-08 1.19940189868828e-07 6.3980661169083e-08 9.82866155130324e-10 1.01721859824266e-09 1.10657937257841e-09 1.04207855677885e-09 8.13051492798422e-10 7.45291128811942e-10 7.14653725086833e-10 5.5656416919625e-09 1.53288096660376e-09 1.03104910165186e-09 1.23767859294688e-09 5.61241190188966e-09 5.67715480181974e-09 1.26940038480683e-09 1.6595756990867e-09 3.28321924092378e-09 3.32684429782404e-08 2.25520741459206e-07 2.65576391278444e-07 1.45290726738523e-07 4.57424301103515e-07 4.24319723535405e-07 1.76041245047998e-07 5.43747455594712e-07 3.32603074637561e-08 4.81009479358363e-08 3.28673061211759e-08 2.19064443918171e-07 1.9435948015456e-07 2.86843205188347e-07 4.79517231610771e-07 1.74982791278921e-07 2.44645271507693e-07
-9999 -9999 -9999 -9999 6.33476190614601e-08 3.62538966847126e-08 1.73943253578557e-08 6.01066503236325e-09 1.58153757978674e-08 2.17121292944711e-08 2.18851907707318e-08 6.82239737592738e-08 3.15722426424969e-08 1.42698558192045e-08 1.31340004649871e-08 5.88307965676549e-09 9.94848037283447e-10 1.79059872484899e-09 7.87307197214204e-10 7.54758466836591e-10 4.01266548877288e-09 1.30595967373637e-09 4.31461719685444e-08 4.54432533825155e-09 3.32366887345614e-09 2.0061420991091e-08 1.73078879006638e-09 1.34956382735751e-09 3.06721792409093e-09 9.83306970292475e-09 8.47197855424753e-08 4.97956346379169e-08 1.88347338081485e-07 7.19232368737721e-06 2.86662948099092e-06 2.87346269978173e-07 9.19108779751099e-08 2.59707491601091e-07 4.5761229205965e-08 1.51518242397231e-09 9.77786720479656e-09 8.83048552058341e-09 2.92375740729156e-08 3.28418235273631e-08 2.26202576780743e-08 7.98528358103567e-08
-9999 -9999 1.38497373285418e-06 1.51104032397598e-07 3.48007723749433e-09 1.6478450048929e-09 1.12942088459356e-08 3.28672294935828e-09 8.37474791737236e-09 5.33028031712846e-09 1.7132100893491e-08 5.87221931080961e-09 8.00960204827561e-09 5.85394745566958e-08 2.55141428873173e-08 1.19890123384536e-09 8.67164462459158e-10 1.87633225512407e-08 8.31509299192845e-09 7.85401554903586e-10 8.34500057944609e-10 3.33505066896222e-09 2.55367338386492e-08 1.49934452631229e-09 3.44523997108936e-09 1.45496819037305e-09 1.38505994451421e-09 7.22108439710212e-10 1.88154040126065e-09 8.26342329007801e-09 4.02419835676682e-08 1.46058314420827e-07 2.39123782996842e-07 7.68489118172511e-06 8.62637721610326e-07 2.59160216842247e-07 1.19417276334133e-07 4.36794841629506e-08 5.53137949310667e-07 2.09874415624256e-09 1.70442571945095e-08 4.00064726902016e-09 6.85096384511752e-08 2.53240179493019e-08 7.63832598282832e-09 5.19189102821116e-09
1.26308448678003e-07 1.71966038919891e-07 1.02308427685216e-07 6.78898365080727e-08 9.57911919785559e-09 1.00589382157068e-08 1.0895070901018e-08 1.04230185038467e-08 1.41061191061276e-08 4.22332645522161e-09 2.57472564380024e-09 1.05544206374653e-08 1.41715454260449e-08 6.03867034154604e-08 5.68720837534897e-08 4.8804682428738e-08 3.32021132365412e-08 1.85241536554415e-09 2.21896892682594e-07 2.27111874417929e-08 2.26960937821374e-09 9.1360290443987e-10 1.88576535498086e-09 2.17432923887984e-09 1.58945759887175e-09 1.71349250344122e-09 2.08756587571912e-09 2.10678449130697e-09 4.41034536668994e-09 4.28358044590738e-08 1.99302940373514e-07 2.27766484428571e-07 3.61537896154118e-07 8.46306160156018e-06 4.01529866422834e-07 1.54877416935761e-07 3.21742249198564e-07 8.08189643208834e-08 3.80544204148237e-07 1.1075935368865e-08 1.32408499831094e-08 1.03419798613835e-08 1.21410510534048e-08 7.47969454373276e-08 1.30449372859331e-08 7.2174494114563e-08
2.18633579329719e-07 5.09728863118397e-08 1.56092348602144e-08 7.12397341118276e-09 1.7467888913103e-09 4.0367872267133e-09 1.16925254145528e-08 2.67615964721912e-08 9.27895640323584e-09 5.283939386036e-09 4.2004455358402e-09 1.38503568614112e-09 7.93391541353827e-09 9.98001817853478e-09 7.02024606447083e-08 2.13932035419973e-08 7.87836698989963e-08 3.35313619093114e-09 5.91468703348141e-08 1.74076583148164e-09 1.78742401990561e-09 2.16872471092699e-09 2.91232590265977e-09 3.97492019299506e-09 1.90409519262857e-09 3.22504818406344e-09 2.20977537379596e-09 2.11988326892509e-09 1.77119135358339e-08 7.32582047024977e-08 1.83750551308037e-07 7.70140133710129e-07 1.24201362041276e-05 4.2631336600607e-05 4.86594444168986e-06 5.95363990640863e-07 1.96541797947702e-08 4.17077587799852e-08 3.57089916036557e-07 1.60940569848833e-07 1.34912755811456e-07 2.43928144905148e-08 2.97896835199651e-08 3.72791575831144e-08 4.05217785992562e-08 5.70954555101366e-07
2.15430899253022e-07 1.20370825973382e-07 3.95252019336212e-08 3.02684656716679e-07 1.28133193655344e-07 1.88900368902623e-08 1.74902445859715e-09 1.85310383704618e-09 3.53949894948968e-09 7.68841479370508e-08 1.14634944914371e-07 3.82694468337164e-09 1.47817955653551e-09 2.68746080500648e-08 2.34492641126849e-07 2.02219561629136e-07 1.50459451475626e-07 8.85803412842279e-08 1.57979103243555e-08 7.37317717991459e-09 2.05096382099867e-09 2.02397048010283e-09 1.95963729687776e-09 1.00614052644943e-09 9.85349202231589e-10 1.87337180213021e-09 2.19743553353524e-09 2.5188957808453e-09 2.55812990790361e-09 4.70048324707761e-09 6.06447064788185e-09 1.07614390287836e-07 7.5744015717305e-07 6.01356221523019e-05 5.72772226945517e-06 4.66677489541212e-07 2.96485085549136e-07 2.72435768344792e-07 5.74089947136258e-07 7.86535678543032e-07 2.73776697490291e-07 2.59867527319102e-07 5.30992478431358e-07 3.58499441688309e-07 1.35159977965316e-07 5.57993960370595e-08
1.85308843048126e-08 1.75498826249232e-08 6.7560093519603e-08 6.49903167726507e-07 2.15098866274133e-08 1.90149008538754e-08 3.70584838194077e-07 2.15085643295865e-08 4.41328317224432e-09 4.83999222922193e-09 2.98641565033009e-08 1.60546529404115e-09 2.47849647916354e-08 1.49287364514805e-07 4.50111566863143e-07 5.15615000029612e-08 1.38118778281182e-07 2.86229561297091e-07 1.0410874633493e-07 8.5604403121664e-09 4.12500710256225e-09 2.32110295428356e-09 1.15013261137165e-09 1.07975488550238e-09 1.43472267399858e-09 9.82708703300972e-10 9.75103653377829e-10 1.00184487372701e-09 2.05692931576351e-09 9.94251425634474e-10 2.20117954974342e-09 3.52358197064362e-09 7.75890159898651e-09 4.04235620976579e-07 1.17034479742983e-06 5.00602592623522e-07 8.83833202891537e-07 8.47904433243229e-07 1.64691351983492e-05 9.821149873801e-07 2.28334818785925e-07 2.73214763168994e-07 2.71779429183994e-07 2.42604220446196e-07 1.34754331071463e-07 1.38549738259997e-07
3.51645520257904e-08 3.19555057615162e-07 2.98321032587978e-07 1.0591746484323e-07 8.55693850887462e-08 2.98250770924824e-07 6.07080709258412e-08 3.93056465242125e-07 2.82125387585097e-07 2.24384267610844e-08 7.28052671483681e-09 1.63120359442104e-09 1.54412526098824e-09 3.44937753915531e-09 9.42732323316875e-09 1.05230841107584e-07 3.36008716139702e-07 3.1013534567137e-07 1.52607868564303e-07 6.97908280056225e-09 5.35092651299252e-09 3.44398399798607e-09 3.30529513759004e-09 2.05906760530894e-09 1.13605516105508e-09 1.10164627420417e-09 1.07493729473163e-09 1.05849842224615e-09 1.01018760023663e-09 1.02017465586357e-09 1.02871730023324e-09 1.0961103025231e-09 5.47090724944965e-09 2.00321743726306e-07 8.65439867681061e-07 6.73264828492393e-06 5.19390104614104e-07 6.39127492974012e-07 1.70670474233248e-06 3.55827682056997e-06 8.45605974575392e-07 3.91377451336439e-07 1.10239347606012e-07 1.32441730738009e-07 4.34259083448296e-07 1.69601701216493e-07
2.17336727503792e-09 2.52652919696672e-08 1.63822861338758e-06 1.52786748515155e-06 1.21564046366984e-06 2.55280981065198e-07 1.79413143119866e-08 3.44458946477388e-08 3.23113499955952e-08 1.49018467787698e-08 2.79498131838807e-07 5.05356566193882e-07 5.40001251181366e-07 5.27114637804971e-07 4.24103590646041e-07 8.96516569870442e-09 1.09821052030057e-08 3.5193184511062e-08 3.69006404632444e-07 6.40443565957938e-09 3.46808480822247e-09 1.12031341981123e-09 2.02622740808067e-09 2.02756378353541e-09 1.12306410837704e-09 1.08432820500326e-09 1.06937334543034e-09 1.08044073687807e-09 1.08109774465959e-09 1.05922350890353e-09 1.07891934275628e-09 1.10758020532842e-09 2.22885336853551e-09 8.43599826660935e-09 1.26183195714447e-07 1.38983796915682e-06 8.12699899910285e-07 2.71443851218578e-07 3.98985224592252e-06 8.00209903900395e-05 9.62954388228354e-07 3.48809708583531e-07 8.81084056381098e-08 3.27831064694806e-07 1.42078920717381e-07 9.74834718725504e-08
2.37531639912802e-09 9.14138533758546e-09 9.20391184990876e-06 3.79767442382217e-06 2.70190604965137e-06 7.04312621735426e-07 5.57153273739175e-08 2.32201627925477e-09 1.20658368851778e-08 1.26068310346561e-08 1.52097080885483e-07 4.26951169174572e-07 1.21216177184635e-07 1.08419860112008e-07 6.17280144865617e-07 4.34042234687126e-07 2.10271944389717e-07 8.72601952472962e-08 3.09777381302112e-08 5.15222857710995e-09 1.03866462652924e-08 5.32941328845737e-09 3.44192239154495e-09 7.95026040556479e-09 1.13583676908391e-09 1.10643583184356e-09 1.0870316646816e-09 1.0537045125325e-09 1.08919063768198e-09 2.0231292752193e-09 1.13020849346057e-09 2.19618178087799e-09 2.89544253018192e-09 6.95553046270447e-09 4.38564998761493e-09 4.70975142219388e-09 1.30142405407874e-08 4.54217358836218e-08 2.60378428507124e-07 3.1973465119961e-07 3.2749564518042e-07 3.91735914817559e-07 2.2534096444371e-08 5.90376388664993e-08 1.1073176908738e-08 2.45726058389906e-08
5.95291794747155e-09 8.63923329541549e-09 1.90769462005136e-08 6.21801394817823e-09 6.16107014295153e-09 9.33466972607988e-09 1.41229329009285e-08 5.76447453104478e-09 4.87854732167392e-09 3.77373283413363e-06 1.50713360653754e-06 1.23623843073517e-07 2.69606981406767e-08 4.73705479286934e-09 2.10281299595216e-08 1.34633560655573e-07 2.56083701799525e-07 7.17246017245543e-08 1.05304570752196e-07 2.33431953233776e-07 1.44871241580802e-07 2.59915036160407e-07 1.82558210681805e-07 4.67746851740003e-07 2.02845045316202e-08 1.20809892090179e-09 1.14744873602746e-09 1.12806599616988e-09 1.11421065707162e-09 1.12779467986712e-09 1.17153639012102e-09 1.18974182727882e-09 1.20777178258535e-09 1.23782035732489e-09 8.89702322925956e-09 5.58591120025653e-09 6.8352945303829e-09 6.61937646917465e-09 1.82726612174555e-08 2.03136460763531e-08 4.90827656296489e-08 6.10945377399474e-08 1.87088066816443e-08 1.07277821070895e-08 4.9423000358928e-09 4.731919844847e-09
2.94020718882848e-09 2.92574173776927e-09 2.87280315092175e-09 2.87470803828072e-09 8.30024657894057e-09 8.11355122642965e-08 8.10985893995309e-09 7.39344565570121e-09 2.65442268698735e-07 2.73172746119599e-05 4.42651123222504e-07 3.29781075336655e-08 7.72396621329108e-08 1.00326663414307e-05 4.31117213338439e-05 3.27246584674867e-07 3.25162103820276e-07 3.27783968856465e-07 6.03631537643423e-07 5.50326276638202e-07 3.17740395772148e-07 4.25400412851218e-07 4.50954146913318e-07 3.19095593681595e-07 1.56657028460572e-08 3.25520775890098e-08 1.03775718351962e-08 1.27031459795646e-09 1.24200438822442e-09 1.22903688337672e-09 1.2593859843868e-09 1.27898704960216e-09 1.3031830503607e-09 2.85016780177116e-09 2.91996766765834e-09 5.19515893637745e-09 4.36784820534442e-09 1.07705381324763e-07 1.60796849391076e-08 4.93176781635185e-09 2.40393290829033e-09 5.09088803335445e-09 2.15709138440268e-08 4.1712495124635e-09 3.8902190024892e-09 1.41518478269376e-08
3.16301629332827e-09 2.99415291449279e-09 3.03204786833433e-09 3.75820060627419e-09 4.15489080918263e-09 4.1187908639273e-09 5.94483322124972e-08 3.52731436947806e-07 7.98060764140018e-08 9.62494667078317e-08 1.35331911224057e-06 4.87200935594956e-07 3.04575098031279e-08 6.98388062936317e-09 5.53353294208137e-06 1.99150550997729e-05 4.29532795109822e-07 4.60598928242462e-07 8.73003104118197e-07 5.40233673973489e-07 4.69572040628918e-07 3.03660168232689e-08 1.37197722205329e-07 6.22589956122965e-07 1.0137414143685e-07 5.8659088830737e-08 8.81345134651213e-09 1.45534331252861e-09 1.40179530205842e-09 1.40090581357555e-09 1.39253861775046e-09 1.40995251030063e-09 1.41877620762898e-09 1.43918390538289e-09 1.44793627088191e-09 3.12715410233366e-09 2.72759811403844e-09 4.74624928248346e-09 1.07095869172902e-08 6.45157403056373e-09 3.90860397381232e-09 4.53757363905183e-09 4.58827337235235e-09 3.64969421351446e-09 2.93287621966343e-09 4.74253216697917e-09
4.46944941057126e-09 3.5608399784337e-09 4.07301737892496e-09 4.82883536490064e-09 5.3766741725525e-09 5.41133037268438e-09 1.13720618033497e-08 2.08205680252149e-08 1.18996121045711e-06 7.19512122486776e-06 2.21545223553221e-06 2.05904597123663e-06 2.06768942234703e-06 4.08604404583457e-05 0.000148571436511702 0.000113760326712509 1.12090078800975e-06 6.3786612147787e-08 1.37890926144024e-07 9.106753118715e-07 4.24194105974607e-07 3.76353883724256e-08 1.39952799216303e-07 2.40024366249259e-07 7.59118959914318e-09 1.86459016005003e-09 1.76604914026157e-09 1.68461004035336e-09 1.63611687531429e-09 1.6002872138543e-09 1.58791018112225e-09 1.59554188750022e-09 1.58924939874794e-09 1.55654301670083e-09 1.57086701424447e-09 1.56429453834761e-09 1.5736199121541e-09 9.07661706905927e-09 1.42159462690472e-07 6.90407356840339e-09 1.59107332864394e-09 1.77998388251055e-09 5.57104687937127e-09 1.94839909761768e-09 3.84827001376209e-09 2.20742552015096e-09
4.08323271861022e-09 3.94566859185375e-09 4.35492569783591e-09 5.74150021970254e-09 6.57356998834402e-09 8.15739564785645e-09 1.04902873276913e-08 2.92639111876269e-07 8.85278222995112e-06 3.63800005516168e-06 3.30677386273237e-06 2.88459267494545e-06 2.38184297813859e-06 1.55245275891502e-05 0.00169298683758825 0.000986059108981863 8.85351838405768e-05 4.34990010035108e-05 2.3537069955637e-05 6.36194628977904e-08 5.47566155972845e-08 6.96250942411325e-07 5.04533325340617e-08 3.5811965393151e-08 3.92357534240162e-09 2.29403493978708e-09 3.80947005051979e-09 1.94776857975754e-09 1.94494420568958e-09 1.86747614039362e-09 1.84991137963664e-09 5.07073013578108e-09 7.41910321622186e-08 2.0453165838763e-08 1.89871052924673e-07 1.74783682282964e-07 5.33379633793629e-09 5.06354549401067e-09 7.06023786989363e-08 1.89804223538204e-07 1.43509891414872e-08 1.13251415467808e-08 1.15277825507576e-07 1.69692110496555e-07 1.41702523825948e-08 2.13453803521446e-09
4.57542225218432e-09 4.91857472528778e-09 6.24525894332706e-09 7.40918655317557e-09 8.32638793468732e-09 1.01358874626811e-08 5.5124218789615e-08 5.10234539206067e-06 2.9639043896168e-05 0.000104800126609916 1.96647288248641e-05 2.62678253420745e-05 3.01185365970014e-05 0.000128977041458711 0.000336864196287934 4.01964302000124e-05 6.19542843196541e-05 8.28607235234813e-06 1.61099084550642e-05 4.60321591162938e-05 3.80291434964874e-06 9.44271205227665e-08 3.03335554341366e-08 2.19985623139962e-07 1.71877119100827e-05 5.72923428254768e-08 1.25676943407704e-08 1.40644488610953e-08 6.46295559292298e-09 8.66342149130617e-09 2.13050924680047e-09 2.04451223728697e-09 4.3615724032442e-09 2.02399658144614e-09 5.98623324243874e-09 2.66340463994652e-07 1.94494622629549e-08 3.55326246204157e-09 1.91330424836877e-09 2.82848373611699e-09 3.80661168142282e-09 2.15236982681333e-09 7.54404676506226e-09 1.43147222431139e-07 1.14805596922452e-05 1.0079709544808e-08
5.8172907380083e-09 5.24923995381954e-09 6.80660453555859e-09 8.59450753898372e-09 9.39315731862678e-09 9.62211947896918e-09 1.81331136062113e-07 7.41046334951534e-05 0.00123749735648744 0.00157166958088055 0.000225229044008302 0.00144062309991568 3.23781812767265e-05 5.71753578697098e-05 0.00435132591519505 0.0052268635481596 5.40222552444902e-05 2.90769730781903e-05 1.50982235993524e-06 5.35719193095474e-07 4.55588299814735e-05 0.000317910519515863 5.01843721394835e-05 6.01286348045349e-08 5.66137639879116e-08 2.91754621795093e-08 7.74655394764068e-07 2.05422006960276e-08 7.74027988370563e-09 1.11238807534164e-06 2.51428685649202e-09 6.87399671628341e-09 4.22976056402291e-09 8.02936118704522e-09 4.91009936043341e-09 4.62788788180291e-08 4.31422939186632e-06 2.19924829458762e-09 2.1026972385485e-09 3.99363585534829e-09 8.4224181184922e-09 4.90104277162118e-09 4.24691835032576e-09 3.37573900210941e-07 2.79267351288581e-05 2.36517088978871e-05
6.98797487652669e-09 8.08527406137571e-09 9.01392119834199e-09 1.02412461178147e-08 1.2675352412117e-08 1.71304864959865e-08 4.04927486385986e-07 0.000128967017735704 0.000967837026109919 0.00108326731715351 0.00149670635582879 0.00285089840181172 0.00717450473457575 0.00728657385334372 0.00529499382246286 2.66742225903727e-05 1.64063077136234e-05 1.73831668689672e-05 2.7108154790767e-05 1.18619033173673e-05 7.60788543630042e-07 0.000270591242588125 0.000232531035726424 1.80139440061566e-05 0.000322007552313153 3.86926807482979e-08 4.85500419600271e-07 1.44162818571658e-07 7.65603367369749e-07 4.22875346117735e-07 4.13650548924949e-08 1.59013255895957e-08 5.36959555930139e-08 2.0334273962419e-07 1.02062079676557e-07 9.04355026420944e-07 1.12340437965486e-06 1.03010307306306e-07 6.47058338021367e-09 1.05556961393916e-08 5.05606194689534e-09 2.52635775268573e-06 2.20746234802505e-07 2.04771188805353e-07 5.77251793920652e-08 1.93900103568012e-05
9.9663439390163e-09 1.02187907469187e-08 1.09556775873543e-08 1.22168440253034e-08 2.57838192130322e-08 1.34594383993658e-07 4.13297208297081e-06 1.50445865529036e-05 6.42129918560386e-05 0.000478070808458142 0.00632702866569161 0.00512181886006147 0.00363818953046575 0.00771305018570274 0.000289309427898843 2.84106531012185e-06 2.70456968110011e-06 6.62947684304527e-06 1.3976935122173e-06 3.27217227962251e-06 5.33889746066052e-06 5.86960442888085e-05 6.56784359875928e-07 0.000157527910050703 0.000529077087412588 0.000234409853146644 3.78037654627406e-05 2.01810116351453e-06 4.10940277184579e-07 9.8321294217385e-07 5.22107167100216e-07 5.73880581100639e-07 1.50961469658206e-08 9.01400997399549e-08 4.59570064492709e-07 7.4966587817471e-07 5.15182281191073e-07 2.77701048617018e-05 5.65215128744967e-07 3.2533822102998e-08 3.84490276950089e-08 9.78025973097374e-08 8.72455390599214e-08 9.63266015219233e-07 5.00593272079186e-07 8.27840662509516e-07
