Scripts_&_data/Maxent_result_files_2/B_terrestris_2.asc
NCOLS 594 
NROWS 330 
XLLCORNER -15 
YLLCORNER 23 
CELLSIZE 0.166666666666667 
NODATA_value -9999 
[rows 100 to 119 of 330, columns 414 to 459 of 594]
0.00256425326224417 0.0025290903635323 0.00113877658150159 0.000971653196029365 0.00158534034853801 0.00160346277989447 0.00103618822176941 0.000816731835948303 0.000715244398452342 0.000910624908283353 0.000814511900534853 0.00086687333532609 0.00110272616730072 0.000793244113447145 0.00042342146334704 0.00071497828757856 0.000413225205556955 0.000526280928170308 0.000417293845384847 0.000244242114422377 0.000363859780190978 0.000382852605252992 0.000468840225948952 0.000355382198176812 0.000418597977841273 0.000375913757306989 0.000297777843661606 0.00031810033833608 0.000245551708212588 0.000780906312866136 0.000415704053011723 0.000926453337888233 0.000453890016069636 0.000503216497600079 0.000349245817051269 0.000242715254717041 0.000224346373579465 0.000315873617364559 0.000199858711130219 0.000246503677044529 0.000265798596956301 0.00024452628713334 0.000183963982999558 0.00030877313693054 0.000232080007117474 0.000275929667986929
0.00140773035818711 0.0010571884107776 0.00133103706757538 0.00120336820255034 0.00126734086079523 0.00114426052314229 0.001161541021429 0.00138952858396806 0.00114545813412406 0.00110647826804779 0.00099412074778229 0.000906016287626699 0.000842018233379349 0.000445720154675655 0.000442487082909793 0.000427458970807493 0.000524393588420935 0.000474202356417663 0.000303190392878605 0.000490765893482603 0.000333403515105601 0.000374375116371084 0.000600519121508114 0.000481863811728545 0.000635190011234954 0.000317553889180999 0.000309088572976179 0.00032286265923176 0.000311092098127119 0.000410087831551209 0.00032408657571068 0.00115400754875736 0.00169748381013051 0.000391077890526503 0.00060472336190287 0.000294370969641022 0.000225993312778883 0.000307743264420424 0.000150612859579269 0.000190743368875701 0.000263073553651338 0.000223227217793465 0.000199904869805323 0.000350109493592754 0.000158274991554208 0.000206160605011974
0.0014336203050334 0.00150295392377302 0.00137655069120228 0.00134152132668532 0.0013613393297419 0.00122920868452638 0.000882418523542583 0.000774095021188259 0.00126079928595573 0.000858861079905182 0.000931883550947532 0.000921201793244109 0.000772922654869035 0.000715690126526169 0.000420719152316451 0.0004464328114409 0.000485153202316724 0.000377882760949433 0.000362810374645051 0.000635184164275415 0.000571055442560464 0.000500802745227702 0.00056859158212319 0.000547577391262166 0.00048903553688433 0.000433780826278962 0.000295674212975427 0.000587631738744676 0.000320380399352871 0.00032613500370644 0.000181182497180998 0.000709990118048154 0.000913949488312937 0.000398201079224236 0.000581346245598979 0.00023038060971885 0.000197636317170691 0.000211906651384197 0.000229878852405818 0.000178125466482015 0.000342806488333736 0.000243088399292901 0.000218188703001942 0.000245044099574443 0.000162873273802688 0.00016670441327733
0.00126850579399616 0.00123190133017488 0.0011579429905396 0.00121841245563701 0.00120150548755191 0.00123058515018784 0.000742830144008622 0.00153012747177854 0.00108382866019383 0.000932746601756662 0.000747357049840502 0.000552789849461988 0.000421907014970202 0.000396103211096488 0.000493893591919914 0.000503355066757649 0.000632254837546498 0.000399774216930382 0.000321949321369175 0.000371857352729421 0.000358035985846072 0.000400643862667494 0.000361422983405646 0.000546581271919422 0.000580380985047668 0.000329329044325277 0.000474384921835735 0.00040661996754352 0.000554496582481079 0.000629122866666876 0.000336057232925668 0.000331988169637043 0.000444263286772184 0.000550242749159224 0.000638749595964327 0.000271617897669785 0.000167346317903139 0.0002207472025475 0.000165570707031293 0.000203767066705041 0.000236946171935415 0.000253656955464976 0.000302022881805897 0.000227993572480045 0.00033499412384117 0.000344972692255396
0.00123958741896786 0.00163674301002175 0.00159320861566812 0.00137140961014666 0.00136574666830711 0.00113263576058671 0.000717352997162379 0.000996337161632255 0.00137727378169075 0.000855960982153192 0.00082581106107682 0.00181104892399162 0.0011158665001858 0.000498472488834523 0.000878848164575174 0.00115653568645939 0.00146231265971437 0.000348728768585715 0.000334866459888872 0.000436256168177351 0.00054249563254416 0.000358289027644787 0.000566712039289996 0.000593805921380408 0.000639188854256645 0.000641318329144269 0.00063362457731273 0.000501012153108604 0.000636089593172073 0.000696183196851052 0.000374553652363829 0.000756732778972946 0.000605081839603372 0.000739800638984889 0.000455939692619722 0.000173877477936912 0.000226467711036094 0.000235948342015035 0.000223085304605775 0.000197038866463117 0.000213142551365308 0.000485109564033337 0.000412567304738332 0.000349706914857961 0.000224834497203119 0.000560852508351672
0.00196535277646035 0.00181842901511118 0.00231106833089143 0.00157977545168251 0.00138107812963426 0.00168742515379563 0.00167805341770872 0.0024550266796723 0.00110879234853201 0.00108484248048626 0.000588485461776145 0.000427581966505386 0.00151388066005893 0.00117280647391453 0.00111558113130741 0.00151375261484645 0.000967999562271871 0.00114658678066917 0.000862416977179237 0.000531261292053387 0.00047551192692481 0.000481680672965013 0.000384425719676074 0.000458348254323937 0.000611326316720806 0.000769945839419961 0.000743725601932965 0.000587223225738853 0.000754942899220623 0.00066821213113144 0.000714777648681775 0.000650220227544196 0.000846292037749663 0.000813108962029219 0.000342468181042932 0.000212168872531038 0.000192656585568329 0.00022468532260973 0.000180949838249944 0.000169941187778022 0.00056519151548855 0.000325805100146681 0.000265974898502463 0.000310992902086582 0.000162766646099044 0.000172245377325453
0.0013153601961676 0.00183632590342313 0.00266703027300537 0.00103882331168279 0.00250700680771843 0.00206828629598022 0.00286785531789064 0.0010376243502833 0.00142185911536217 0.000810972522594966 0.00128782552201301 0.000469820640864782 0.000928975705755874 0.000787846877938137 0.000404322078975383 0.00121739122550935 0.00137498424155638 0.001881492161192 0.000444810811313801 0.000402470985136461 0.000376983254682273 0.000374123663641512 0.000383876646810677 0.000384752740501426 0.000580138343502767 0.000731342475046404 0.000644483146606945 0.000613234439515509 0.00100316850584932 0.000735542419715785 0.000517364486586302 0.000827681989176199 0.000484330207109451 0.000464321454637684 0.000386153580620885 0.000578872158075683 0.000578511404455639 0.00021071878800285 0.000223672475112835 0.000179839482007083 0.000205128815287026 0.00021451781358337 0.000371901343169156 0.000274871289002476 0.000514684937661514 0.000576409508357756
0.000911668458138593 0.00158809196436778 0.00155989021295682 0.00100552568328567 0.00110989073873498 0.00171168883098289 0.000970155838876963 0.00237030897988006 0.00106683782069013 0.000825728147174232 0.0014563167351298 0.000611635201494209 0.000446320879564155 0.000925136715522967 0.000685560368583538 0.00130678100977093 0.00187450519297272 0.00181779784616083 0.000535742350621149 0.000589161366224289 0.00032396540773334 0.000638090661959723 0.000664318571216427 0.000383942321059294 0.000573666114360094 0.000633363329689018 0.000552838298608549 0.000771931349299848 0.000771743920631707 0.000676553335506469 0.000873114418936893 0.000673221176839434 0.000495347494143061 0.000671972034615465 0.000389874399115797 0.000608726814971305 0.000558393586834427 0.000232468951435294 0.00023859208158683 0.000334259115334135 0.000352038357232232 0.000374721612024587 0.000204585322353523 0.000344976488850079 0.000630781994550489 0.00034831198718166
0.000866143562598154 0.000874162587570027 0.00171315579209477 0.00166357936686836 0.000920470646815375 0.00195505934534594 0.00141209055436775 0.00106809551361948 0.000634174246806651 0.000584050416364335 0.000546882480557542 0.000489326812385116 0.00044691733783111 0.000970375986071303 0.00145892559667118 0.00161700694588944 0.000661396342911758 0.000577368590165861 0.000545423830044456 0.000571917742490768 0.000380230307928287 0.00036516317341011 0.000449027345166542 0.000434210489038378 0.00049097336595878 0.000569835849455558 0.000749504280975088 0.000843579828506336 0.000804531399626285 0.0008093887969153 0.000781954044941813 0.000902126485016197 0.000559889804571867 0.000903879356337711 0.000391569586645346 0.000539679301436991 0.00098987695237156 0.00028668285231106 0.000282762581628049 0.000571223357110284 0.000216759122122312 0.000393037639150862 0.000222114926873473 0.000306595992879011 0.000269191886036424 0.000540876074228436
0.00102557609206997 0.00183873563073576 0.0017659098492004 0.00179075890919194 0.000821717380313203 0.000907652897876687 0.00167122146231122 0.000684732384979725 0.000642891463940032 0.000596472297911532 0.000647396521526389 0.000484982815396506 0.000920101330848411 0.000825781835010275 0.000814354821341112 0.00134358839713968 0.00139080180088058 0.000844482937827706 0.000842749886214733 0.000655072531662881 0.000622408083290793 0.00041916782502085 0.000396526730037294 0.000501435119076632 0.000628209035494365 0.000735662868828513 0.000633620054577477 0.00078941396495793 0.000653555954340845 0.000857657188316807 0.000979759718757123 0.000952572282403707 0.000541415609768592 0.000458310690009967 0.000583002794883214 0.00067929053620901 0.000849698364618234 0.000767745319171809 0.000256949185859412 0.000635357561986893 0.000436056446051225 0.000353992072632536 0.000248582415952114 0.00029411886644084 0.000410525192273781 0.000388689733517822
0.00102160564856604 0.00240905748214573 0.00176859848434106 0.00175249961903319 0.00149836221826263 0.000961451191687956 0.000784165394725278 0.000712312330142595 0.000674116404843517 0.00062580049270764 0.00110767207224853 0.000999765913002193 0.000825581484241411 0.00081686545163393 0.000784926748019643 0.00155335568124428 0.00117438653833233 0.00102726640179753 0.000936394810560159 0.000443915484356694 0.00046990581904538 0.000462114233232569 0.000422003743005916 0.000521235782071017 0.000710027699824423 0.00057392306625843 0.000805716752074659 0.000860591267701238 0.000790497110574506 0.00063344728841912 0.00110949226072989 0.00140929131885059 0.000886450440157205 0.000625007905182429 0.000379076598619577 0.000335425356752239 0.00031407525530085 0.000361744755355176 0.000279535563458921 0.0018400207918603 0.000419839017558843 0.000270760865532793 0.000268960325047374 0.000306622594507644 0.000264660078391898 0.000373825749557
0.00195450884057209 0.00187620096839964 0.00188933834433556 0.00200935989851132 0.00188459652708843 0.000885489620850421 0.000851671109558083 0.000773436180315912 0.000688538889517076 0.000655367979197763 0.000583361234748736 0.00053346509084804 0.00100013680639677 0.000918429382727481 0.000980363003327511 0.00189140806905925 0.00290874447673559 0.00168356301146559 0.000520113628590479 0.000738238959456794 0.000461329304380342 0.000457933839061297 0.00047925416729413 0.000456063853926025 0.000473995401989669 0.000560359252267517 0.000460730769555084 0.000334431954252068 0.000784520898014307 0.000593233527615666 0.00074613046599552 0.000940860324772075 0.000675096589839086 0.00046814485831419 0.000400028000876773 0.000377579822088592 0.000360832265869249 0.000325921509647742 0.000474861680413596 0.000293140357825905 0.000517147753271274 0.000605781702324748 0.000616242384421639 0.000287965599272866 0.000469004068872891 0.000461441837251186
0.00200642042327672 0.0020771483075805 0.00200908812694252 0.00268239910947159 0.00264967503026128 0.00202573033748195 0.00181112358113751 0.000824831853969954 0.000774178365827538 0.000693068961845711 0.000635370149393566 0.00058041266456712 0.000508553348481655 0.00148747622151859 0.00224034684943035 0.000678605021676049 0.000424303420004435 0.000792379816994071 0.0008467032777844 0.000403961830306798 0.000897935929242522 0.000685456566861831 0.000505195971345529 0.000468176303547807 0.000456055608810857 0.000492427151766606 0.000394051501643844 0.000781804419239052 0.000653929516556673 0.000834092032164335 0.000568771237158216 0.000990209414158016 0.000542617979226634 0.000480646314099431 0.000482155293866526 0.000424532375473063 0.000422728082048707 0.000370766408741474 0.000772239369689487 0.000341520449728705 0.000497426551009994 0.00058700341032818 0.000546250393381342 0.00106137593975291 0.00104657760821283 0.00094692965503782
0.00220803954871371 0.00234540390083566 0.00237103529507294 0.00502069576177746 0.00906187677755952 0.00602229381911457 0.00311080147512257 0.00197564309928566 0.00151180460234173 0.001460621424485 0.00124225958716124 0.00162752721807919 0.0016677130071912 0.00305828327545896 0.00129743764700834 0.000445334349933546 0.000685586844338104 0.000363519228994846 0.000803748544421978 0.000752242258749902 0.000463733500509989 0.00208535590209067 0.00139346676296555 0.00047434010921279 0.000418716923741158 0.000510294298874214 0.000461152000934817 0.000648657811689191 0.000555994495516643 0.000737101337290369 0.000819905611569993 0.000781149996328168 0.000710098259150982 0.000546526437392458 0.000489114968513604 0.00044470442662714 0.000466865253110882 0.00115841199876741 0.000829328192048706 0.000443059216195252 0.000670131739752833 0.000368183816317469 0.000357741562766023 0.000345809146529064 0.000700406276155263 0.000781439419370145
0.00213793931761757 0.00269465532619506 0.00244022645056248 0.00402854401618242 0.00226045789895579 0.00308304508216679 0.0023622935405001 0.00179473524913192 0.00184941167244688 0.00164897094946355 0.000873390244669281 0.00129091288545169 0.00255286814644933 0.00179751644609496 0.00094203106709756 0.00111903441720642 0.000430268474156037 0.000432785268640146 0.000449178885901347 0.000441531169053633 0.00096148005395662 0.00116509716026485 0.00069072513433639 0.000654998183017597 0.000500908703543246 0.00042346982518211 0.000543287515756674 0.000682229897938669 0.00054572973458562 0.000984570308355615 0.000747114137629978 0.000585808890173212 0.000708104920340702 0.000698131675017066 0.00100047047017142 0.00059881333145313 0.000475895420822781 0.000449661799939349 0.000894028358743526 0.000481715782370884 0.000797855865675956 0.000800863929907791 0.000589366993517615 0.000367509343777783 0.000636805429530796 0.000351536426751409
0.00111807966604829 0.00218184057157487 0.0021904912777245 0.0022074195323512 0.0021604921319522 0.00198583422461525 0.00242685899138451 0.00187841989099979 0.00173764119390398 0.00165892200311646 0.00163500322960317 0.00201377536868677 0.0049371340777725 0.00489334925077856 0.000836866174358875 0.000521588516130578 0.000868615554645658 0.00080064365756698 0.000879379120306112 0.000449819467030466 0.000453628564719111 0.000432085859938525 0.000615663998178206 0.00039589807856828 0.00046033844264457 0.000379107015032787 0.000395160826155916 0.000432113240822218 0.000374171481234953 0.000424499828659464 0.000701150854001753 0.000582355445658322 0.00205980613827705 0.00117327603511512 0.00263149929232895 0.000520724117814098 0.00180802613613196 0.000492225382186007 0.000464034358446952 0.000745455958531238 0.00126504576182924 0.00112067172885872 0.00079272766597569 0.000834544160170481 0.000782139605144039 0.000784612540155649
0.00215336171677336 0.00221286049345508 0.00217760023660958 0.00210947472369298 0.0022462920518592 0.00214048199122772 0.00177710360148922 0.00243757348507643 0.00193293100455776 0.00558851344976574 0.00223433140199631 0.0042242702562362 0.00544820015784353 0.00253250225214288 0.00154449187102728 0.00108003938803449 0.000493439598358236 0.000447430543135852 0.000464829445991199 0.0004594911399181 0.00039708289259579 0.00048100315470947 0.000687723900773563 0.0015220373054035 0.000428734580054879 0.000344285130267963 0.000375884052482434 0.00039505673921667 0.000371960017946549 0.000407245189126115 0.000460244598798454 0.000572322170773987 0.000600783771369606 0.000610290098120458 0.00351419479120523 0.00355038015404716 0.00114191588945687 0.000528909535205457 0.000834726091125049 0.000558074386208318 0.000455696422432084 0.000471118834684603 0.000908321485621855 0.00090410454722587 0.000423697757651098 0.000405949517153203
0.00206864099018276 0.00235698184696957 0.00271224898751825 0.00213576009264216 0.00215458103921264 0.00275693710427731 0.00296167125925422 0.00230553104775026 0.00159525494091213 0.00157780537265353 0.00144007017370313 0.00162380145629868 0.00243140704696998 0.00285683746915311 0.00621962631121278 0.00108557343774009 0.000512653852638323 0.000496632272552233 0.000480323559895623 0.000465631052793469 0.000454211536271032 0.000747132074320689 0.000607279861287679 0.000353089912096038 0.000350849601090886 0.000845106653287075 0.00061361226689769 0.000382057251408696 0.00040002550376812 0.000424677623959724 0.000493310377351008 0.00055537864100188 0.000653575855540112 0.000660932040773332 0.00162115453276783 0.00146944519947283 0.0031976172933355 0.000533640715002548 0.000402206616126932 0.000516084601986222 0.000614843601942994 0.000979332640417851 0.00114663421991281 0.000977339418022893 0.000944895535940304 0.00111267761094496
0.00265371976420283 0.00326824993826449 0.00286934117320925 0.00387196198571473 0.00318364538252354 0.00293137503322214 0.00202159609179944 0.00127927900757641 0.00299885277636349 0.00179318978916854 0.00153747109579854 0.00135978980688378 0.00117318624979816 0.00274399843765423 0.00288513191044331 0.00189185898052529 0.00125903356820345 0.00235420578392223 0.00131492057116702 0.000683659163769335 0.000871591694885865 0.000620100504602306 0.00115686047938652 0.00075723601912614 0.000361493972013705 0.000367651451961137 0.000767170716426335 0.000400404300307855 0.000420748966280371 0.000481948042579461 0.000635605453862809 0.000584863373660482 0.000607766004395671 0.000649638407048769 0.00580518944188952 0.000698561369790696 0.00147314295754768 0.000633359397761524 0.000552793273527641 0.00114027140079997 0.00110578162129968 0.000725382703240029 0.00110592256241944 0.00106055656797253 0.000474233135173563 0.00096220655250363
0.00219414363382384 0.00273007098585367 0.0025901734828949 0.00418210797943175 0.00544262926559895 0.0026766431517899 0.0025774328969419 0.00324691394343972 0.00335424682125449 0.00537739507853985 0.00809655776247382 0.0048104144865647 0.00867455671541393 0.0110005768947303 0.00542253572493792 0.00269255191087723 0.00309890818316489 0.000871187722077593 0.000477213889826089 0.000983665365492925 0.000424597602977883 0.000653521521599032 0.00194218320539221 0.000806660167290829 0.000400245837226976 0.000416483222215902 0.00040290932811331 0.00043171781435376 0.00051257556915516 0.000597266413387842 0.000577164268179331 0.000577431784768123 0.000604529964039102 0.000711341114947572 0.0016239607532043 0.00122408854658715 0.00119424202712253 0.0012261105759535 0.00119991871179081 0.00407819045940414 0.00314545214641839 0.000538205458724406 0.00113364193821326 0.000533440356957726 0.000521464085613843 0.000470949090959039
