Scripts_&_data/Maxent_result_files_2/B_terrestris_2.asc
NCOLS 594 
NROWS 330 
XLLCORNER -15 
YLLCORNER 23 
CELLSIZE 0.166666666666667 
NODATA_value -9999 
[rows 80 to 99 of 330, columns 460 to 505 of 594]
7.07736675394699e-05 5.99029785007588e-05 7.11181881342782e-05 4.90912152599776e-05 0.000207027603028109 7.40667532227235e-05 2.6644964418665e-05 3.74046150682261e-05 3.73471471903031e-05 0.000260434161464218 0.00014221637902665 0.000201691732218023 0.00019793263199972 0.000308498151571257 0.000190483480400871 7.92943828855641e-05 5.67753460927634e-05 6.71816269459669e-05 0.000147749405732611 9.13098599994555e-05 7.09620417183032e-05 3.8943037543504e-05 2.06641352633596e-05 2.06490389246028e-05 5.07744092828943e-05 5.72368546272628e-05 5.90246740102884e-05 3.18499789500493e-05 2.93670859718986e-05 2.6696231088863e-05 3.32107774738688e-05 0.000117585236148443 7.36438669264317e-05 0.000130748408264481 0.000128310922445962 9.13965865038335e-05 9.28630011912901e-05 2.23432074562879e-05 2.72483066510176e-05 2.36617534028483e-05 3.07967608023318e-05 2.57037296250928e-05 4.22474016886554e-05 3.05813873637817e-05 2.79978084108734e-05 6.28455069090705e-05
0.00013983178359922 0.000124843487719772 8.65922575030709e-05 6.85369126586011e-05 6.4769811797305e-05 0.000128884915466188 0.000159462353985873 3.69532992408494e-05 4.36863161667134e-05 6.8728816404473e-05 7.19767873306409e-05 7.790629460942e-05 0.000187879579607397 0.0003741887077922 0.00034922499617096 0.000288362296123523 0.000170669369981624 0.000128408466844121 9.1739651907119e-05 0.000165335582278203 5.45620749107911e-05 8.41437016788404e-05 4.42271213614731e-05 2.96850437734975e-05 3.18355037961737e-05 3.41250301062246e-05 3.78778579033678e-05 6.45902042379021e-05 2.74941592579125e-05 8.98559599590953e-05 0.000169828247453552 8.79206156241708e-05 0.000123030773829669 5.1188177531003e-05 2.74829680165567e-05 5.89835553910234e-05 4.66645482447348e-05 3.253343875258e-05 2.75132509159448e-05 2.98310231301002e-05 3.74984670997947e-05 4.82596544316039e-05 5.05540372614632e-05 3.65165169569082e-05 6.49835506919771e-05 6.56324595183833e-05
0.000142279852661886 0.00012794853792002 0.000200747342751129 0.000324833466584096 0.000125126012426335 0.0001932532642968 0.000154556518100435 0.000125092352391221 0.00013536621190724 6.7609266807267e-05 5.52688139578095e-05 4.79332524264464e-05 0.000199891024385579 6.0054009736632e-05 8.41807861434063e-05 7.90779011367704e-05 0.000113524052721914 0.000110179595503723 0.000177350292506162 0.000126997329789447 7.52731342799962e-05 0.000149091105777188 4.48533166490961e-05 2.68675502411497e-05 2.82212747151789e-05 3.95399942135555e-05 3.69731980754295e-05 8.436968382739e-05 4.13643590945867e-05 9.33369759877678e-05 0.000186852569459006 0.00026155605664826 0.000180569534131791 0.000117461461195489 0.000180883249413455 0.000145496825643932 4.4710128713632e-05 7.94334431702737e-05 2.33694438975363e-05 3.24040890518518e-05 2.98412744996313e-05 3.19766879329109e-05 3.45574399034376e-05 3.83350990887266e-05 4.01027282350697e-05 5.21193414897425e-05
0.00019210010432289 0.000121288790614926 0.000203470353153534 0.000120580294606043 0.000229067653708626 0.000188424512452912 0.000147591099084821 9.13880081498064e-05 5.34201833943371e-05 4.60830648080446e-05 4.13419475080445e-05 9.17344375920948e-05 0.000141534180147573 0.000101367628667504 0.000180719239142491 9.29430952965049e-05 9.81368328211829e-05 6.10314802543144e-05 9.05980614334112e-05 5.42492804015637e-05 8.1380614938098e-05 9.73026188148651e-05 7.24152356269769e-05 4.95876298373332e-05 2.54966736974893e-05 3.51161759681418e-05 3.79849469027249e-05 4.53200505944551e-05 5.7257954540546e-05 0.0001648347984883 0.00024423920258414 0.000121201729780296 0.000152530062041478 0.000195345178508433 0.000212969334825175 0.00015953774418449 0.000196390156634152 0.000174040194542613 0.000106888341542799 8.36419247207232e-05 3.82586807972984e-05 5.33176929820911e-05 5.83613180424436e-05 7.15907059202436e-05 3.36589149810607e-05 2.69556537205062e-05
9.51310936216032e-05 0.000201996701798635 0.000293068358587334 0.000324579323932994 0.000133683245439897 0.000177505958708934 0.000191097466449719 0.000174402147968067 7.15030590072274e-05 8.92344698513625e-05 0.000201267618103884 0.000185085925477324 0.000128399714594707 6.92508698193706e-05 6.2949453604233e-05 9.71750021562912e-05 0.000103678567393217 5.01836162584368e-05 5.75087946344865e-05 6.2064155281405e-05 7.86712113040267e-05 5.60682310606353e-05 5.15306432134821e-05 9.44374496611999e-05 4.13524814575794e-05 3.20229335557087e-05 8.15913652331801e-05 9.3751721578883e-05 0.000208537420985522 0.000136493672471261 8.79184579389403e-05 0.00013620158933918 5.16570251420489e-05 0.000138745818549069 0.000162864811136387 0.000208647685940377 0.000250871323805768 0.000220425950101344 0.000159547079238109 0.000127688502107048 9.10136332095135e-05 3.10158965476148e-05 2.5033722158696e-05 3.14918705043965e-05 2.21397744098795e-05 2.09803773032036e-05
0.000145038199843839 0.000193575403682189 0.000133812510466669 0.00026915574198938 0.000169609789736569 0.000297437229164643 0.000157274274533847 0.000243289000354707 0.00029518871451728 0.000272853895148728 0.000332836600136943 0.000253449170850217 0.000245074983831728 0.000231095882190857 0.000219830570858903 0.000264092200814048 9.87857085419819e-05 7.33072440198157e-05 6.33866462521837e-05 9.80244723905344e-05 7.09580832335632e-05 8.58498980960576e-05 5.97872560319956e-05 0.000113199655606877 0.000109277147203102 6.64834442432038e-05 6.18076579485205e-05 6.40165180811891e-05 0.000167915120255202 0.000168635385489324 0.000254105315252673 0.000110149980173446 6.1657408332394e-05 6.17844822045299e-05 2.8277023920964e-05 5.20655210493715e-05 3.90147723010159e-05 4.48134625912644e-05 4.47783322670148e-05 4.54687364253914e-05 4.79345595522318e-05 5.15447190991836e-05 5.78977203986142e-05 2.86128339212155e-05 2.90373336611083e-05 5.71007758480846e-05
0.000167670937662479 0.000311047786090057 0.000289496783807408 0.000100306029708008 8.97671005077427e-05 0.000187887209176552 0.000348536207457073 0.000552018245798536 0.000223631320841378 0.000440363143570721 0.000371726548473816 0.000399218505481258 0.00042869822063949 0.000439287602785043 0.000265739191672765 0.000227648804866476 0.000152967310714303 9.27477074583294e-05 0.000127065053675324 0.000114162325189682 7.31456751964288e-05 6.91561566782184e-05 5.55138818526757e-05 6.09051618084777e-05 0.000170401702780509 0.000217242487997282 0.000169145065592602 0.000200300907454221 8.53280642331811e-05 8.40493499708828e-05 0.000358260799112031 9.4182042448665e-05 9.85311588010518e-05 7.78131467086496e-05 7.08327257598285e-05 4.85729320644168e-05 6.90684992150636e-05 6.40442525764229e-05 3.98311301978538e-05 2.95610746434249e-05 4.87430046632653e-05 6.24228927335935e-05 0.000118102028500289 0.000155575451935874 8.60266714880709e-05 5.14198010932887e-05
0.000164175977261038 0.000169024374190485 0.000182737109571463 0.000174989594961517 0.00014929357530491 9.13341751584085e-05 0.000305200078582857 0.000266728232236346 0.000129482403281145 5.61371771254926e-05 0.000101300642199931 0.000260876039828872 0.000435278295481112 0.000367404514690861 0.000382218144659419 0.000169213391200174 0.000148515842010966 6.28340789262438e-05 0.000164296055299928 0.000103706655499991 7.23082823242294e-05 4.65005716250744e-05 0.000146077238605358 0.000169357529375702 0.000148225011798786 0.000156687624257756 0.000289306428749114 0.000148443631769624 0.000169270877813688 0.000222198698611464 0.000160661630070535 0.00023404035528074 0.000156880918075331 0.000231988514133263 0.000190288214798784 8.80988623976009e-05 8.85281122464221e-05 7.08565479726531e-05 8.35665457998402e-05 9.9640677581192e-05 6.78752685416839e-05 8.23411221062997e-05 0.000107502246464719 4.4283994975558e-05 0.000128999332082458 6.38209556200309e-05
0.000181492270348826 0.000201992688380415 0.000274052039458184 0.000253557586256647 0.000190675620251568 0.000140265054506017 0.000107313366606832 0.000107253774694982 0.000198662855837028 0.000109617063208134 0.000116816410809406 0.000173386604728876 0.000260122489999048 0.00013643397433043 0.000108770858787466 0.00017530485856696 7.08192861566204e-05 0.00012618019754882 6.02431253355462e-05 7.79880276240874e-05 0.000119288178393617 0.000104592651769053 0.000440919472021051 0.000249809552769875 0.000337530978140421 0.000195603466272587 0.00017116036688094 0.000300715758930892 0.000220163370977389 0.000557183730416 0.000278258934849873 0.000258752053196076 9.12380401132395e-05 0.000148137244104873 0.000156772800983163 0.00010809355553647 0.000178083334321855 0.000135294975916622 8.67197646584827e-05 0.000212271355121629 0.000183034423389472 0.000177011521736858 0.000263155857828679 0.000146501965355128 0.000103052886697697 0.000200494191085454
0.000232064597366843 0.00013863425629097 0.00019977853007731 0.000213231897214428 0.000139615671650972 0.000104238929634448 0.000146724162186729 0.000122267095503048 9.71787096204935e-05 0.000128329717699671 0.000124997103557689 0.000133305298368214 0.000208521616877988 0.00012807789244107 6.50406393106096e-05 5.71690914512146e-05 5.02182836498832e-05 6.55402389384108e-05 0.000120770627472666 0.000152948358299909 0.00017715372814564 0.000466994104499463 0.00021747360660811 0.00023014405160211 0.00021932192685199 0.000254750705062179 0.000157808611402288 0.000215928916441044 0.000181110341509338 0.000146451807813719 0.00319955732556991 0.000130042597811553 0.000106038477679249 8.89703649590956e-05 9.76831310254056e-05 0.00012840042982134 7.71882481785724e-05 0.000255431376717752 0.000188261704170145 0.000472209058352746 0.000175680567190284 0.000168373629276175 0.000208895174728241 0.000321517613338074 0.000381084718901548 0.00449985696322983
0.000172783162997803 0.000174417034577345 0.00013513545418391 0.0001282810128032 0.000112389533023816 0.000163127065752633 0.000171713184681721 0.000155990750499768 0.000197845821094234 0.000183654699503677 0.000165459575509885 0.000126405636183335 0.000200492038857192 0.000215005344944075 8.96532434126129e-05 0.000114844089694088 0.000107824611768592 8.95919409231283e-05 9.29706133319996e-05 0.000129668735462474 0.000110737953946227 0.000279838701681001 0.000262002334784484 0.000179372895945562 0.000152684684144333 0.000853814625588711 0.000489556069805985 8.98979371413589e-05 0.000106635499469121 0.000146051442425232 0.00013840368410456 0.000298948249837849 0.000130619835908874 0.000105401499604341 0.000157017999299569 0.000153288460569456 0.000148721422738163 0.000327194717829116 0.000484509344096296 0.00018841992932721 0.000414225333224749 0.00508855532025336 0.00578346121910727 0.00442140814084269 9.33780956984265e-05 0.000104067772190319
0.000202147851814516 0.000171075365506113 0.000113906528713414 0.000178591228905134 0.000140503313014051 0.000100785211543553 0.000140278216713341 0.000163426422659541 0.000342307853861712 0.000177061357680941 0.000131483358200057 0.000117539048369508 0.000107248765198165 0.000121949194726767 0.000111222295163316 0.000104435124012525 9.18262172490358e-05 0.000117177896026988 0.000121247337665409 0.000188302049355116 0.000199949357192963 0.000159936745330924 0.000215717697574291 0.000269902518630261 0.000135151827271329 0.000103396799022448 7.16690385161201e-05 0.000100491686680471 0.000238834120682441 0.000225825727102347 0.000122499508870533 0.00012859045600635 0.000139898026100127 0.000136452253354946 0.000102465313466382 0.000100236102298368 0.000147469364310382 0.000205539022135781 0.00152703438288881 0.000276252335606841 0.000231629770132713 0.000104504098635516 7.02549372363137e-05 7.40584731829586e-05 5.82101121835876e-05 8.85665340319974e-05
0.000152232975233346 0.000143204168853117 0.000149499563849531 0.000223931134678423 0.000221960881026462 0.000139942284295103 0.000152354675810784 0.000208842157007894 0.000121131879859604 0.000133696569901076 9.56294385105139e-05 7.3205265289289e-05 6.54097200822434e-05 8.7468080164399e-05 0.000158329322584905 0.000121141729687224 0.000152255068678642 0.000157024891086621 0.000161485811986495 0.000178553208388621 0.000159526360948803 0.000156698838691227 0.000124808843247592 0.000185495366895339 0.00061205313395476 0.000279912116820924 0.000138378461269895 0.000172058198950253 0.000101611697755288 9.77015792159364e-05 0.000143331262370339 0.000121516653598519 0.000290404172119452 0.000127755996436463 0.000117927349492675 0.000133727238426218 0.000586155033670366 0.000241604643815663 0.000184555077430559 0.000802637792367023 0.000138698154842132 7.12359800672857e-05 9.65499850281049e-05 6.62751142954221e-05 8.0577984044794e-05 6.46765813144157e-05
0.000164056973153492 0.000130563200218603 0.000113316475471947 0.000135564345691819 0.000137529328640085 0.000142802527989261 9.31525202759076e-05 0.00015310501185013 0.000155162996816216 0.000167895245249383 0.000250806473195553 7.85902244388126e-05 7.39812177926069e-05 0.000106019603117602 0.000157355207193177 0.000121301186300116 0.000111523465602659 8.86933012225199e-05 0.00011730191145034 0.00019341886654729 0.000199614214943722 0.000169716389063979 0.000134556434204569 0.000204858434881316 0.000246494670864195 0.000184489169623703 0.000466819923894946 0.000486684424686246 0.00015243901652866 0.000147834198287455 8.31015884614317e-05 9.77732266619569e-05 0.000136639587071841 0.000168927163758781 9.77163726929575e-05 9.4062797143124e-05 0.000587846333655762 0.00152888406519196 0.00144280383174191 9.8805646848632e-05 0.000117182158282958 0.000134987393539632 7.5206944529782e-05 8.1743406917667e-05 6.70489793265006e-05 0.000101372665085364
0.000198495733638993 0.000204422399110626 0.000182756414142204 0.000111875370930647 9.93015699350508e-05 8.67818831466138e-05 8.21691945020575e-05 9.000092104543e-05 0.000100856890276191 0.000177677269675769 0.000132665963610634 7.22979799320456e-05 7.95193649537396e-05 0.000132234052580316 0.000205779283714946 0.000249559040821623 0.000131051682546968 0.000328517604793888 0.000145444766531 9.05165903532179e-05 0.000131079199491069 0.000415021817025263 0.000333787227282301 0.00050401433109073 0.000242808769689873 0.000242491264361888 0.000114645018766169 0.000133448495034827 0.000406024367111968 0.000226507968181977 0.000677513951086439 0.00012761259713443 0.00027993284893455 0.000228524105477845 0.000113677796980483 8.48119809234049e-05 0.000189417474757647 9.44677260122262e-05 0.000502945733023807 0.000147192082658876 0.000165952889074106 0.00553279835148715 0.000153810679330491 0.000157141096133273 0.000109809527930338 5.85437770496355e-05
0.000184320872358512 0.000140301050851122 0.000160678209067555 0.000148387836088659 0.000209784005710389 0.000140773792372784 0.000197075482719811 0.000144381762220291 0.000125255587772699 0.000155598530545831 0.000161410830332898 0.000144269553129561 0.000128379704983672 0.000147899948933627 0.000187251657189336 0.00011628324209596 0.000371585472748848 0.000616617567720823 0.000744257330370601 0.000286457578476984 0.000171111527015455 0.000185091303137597 0.000240226110327058 0.000123218350927345 0.000196265451813815 0.000165994099370437 0.000176213453960372 0.000207932607008843 0.000293736287858337 0.000314655946567655 7.5108050077688e-05 0.000132515154837165 8.73136985319434e-05 0.000277760499739088 0.000270208466099575 0.000135482545738341 0.000118306833974202 0.000117126145414659 0.000138165083626518 0.000375822858768515 0.000479550757881952 0.00117144091782393 0.000225218274863437 9.9785076599801e-05 0.000544938440725673 8.41070530441357e-05
0.000131813526240876 0.000100744575320277 0.000136365981597919 0.00013707348916796 0.000191234637168236 0.00015685998587287 0.000135851703089429 0.000155789322889177 9.74889415374491e-05 0.000192536300892243 0.00010214877074759 0.000258409281377681 0.00020464036570047 0.000323405576637015 0.00015462476076209 0.000141569224797422 0.000158342716167681 0.000166638134396635 0.000206256818637485 0.000235564781178255 0.000188242373405956 0.000151461282075616 0.000194541135715554 0.000653556080942508 0.00030928516498534 0.000194821922195843 0.000147539142926689 0.000240319618023932 0.000197020052291919 0.000149683745257789 0.000126511786947958 0.000147421413566917 0.00012980455358047 0.000233939443569398 0.000505630898987874 0.000256509619794088 0.000248259156069253 0.000198533679940738 0.000215166812995449 0.000154402278712951 0.000102810875614523 0.00056859889664338 0.000177731590520125 0.00018173340431531 0.00011733340434148 0.000123620821977966
0.000129842335445574 0.000178682373370975 0.000103959644184215 0.000202979416644666 0.00011667037360894 0.000213732336851535 0.000332014642481226 0.000210641388548538 0.000192413257900625 0.0002188619444496 0.000137651946715778 0.000172365456091939 0.000205245664255926 0.000145068208075827 0.000187168450793251 0.000182216864050133 0.00019869209791068 0.000149264645006042 0.000118701140672783 0.000186328744166531 0.000206785653426778 0.000152889335004147 0.000154076632315991 0.000210636841075029 0.000159586330846651 0.000114142663369421 0.000148611419717781 0.000169720330450218 0.000248600055056158 0.000383019816945307 0.000248618720797822 0.000284573537646793 0.000436918016930576 0.000243916224280838 0.000368734993389808 0.000884825944376644 0.000105618396628415 0.000205538991576759 0.000147538757300936 0.000164087805751478 0.00021054129319964 0.000134645412617829 6.39258687442634e-05 9.25076386920409e-05 7.61705137847457e-05 6.57277658319799e-05
0.000145618015085347 0.000214343237894354 0.000155747898679692 0.000186759895586874 0.000166172487661242 0.000249501773942029 0.000189349393622251 0.000339091195201036 0.000167388510453748 0.000326232828956563 0.000189722595678177 0.000153160429181298 0.000159388233441859 0.000131649702234427 0.000223560612357687 0.000141062203329057 0.000259216772246873 0.000133616714811069 0.000170253338728799 0.000212982217635727 0.000106502652852214 0.000256428002467146 0.000331509725947399 0.000226071319775656 0.00034382284648018 0.000292802399053471 0.000291013525566086 0.000180703670048388 0.000187931525579188 0.000232439662795514 0.000253707080264576 0.000199870904907584 0.000449469502200373 0.000264289743063273 0.000293235464778263 0.000304192509793211 0.000536956264113542 0.000525871584250126 0.000412365612282883 0.000155035552597838 0.000169262501003686 0.000153868304914795 0.000164599661366083 0.000112687273212941 7.98890829173615e-05 6.18580394075252e-05
0.000285344487929251 0.00026178556290688 0.000284744054079056 0.000151600826939102 0.000163190974853933 0.000236739913088968 0.000170448028802639 0.000248094854759984 0.000152497625094838 0.000141400463326136 0.000138201591471443 0.000182188723556465 0.000155607797205448 0.000261477091407869 0.000154969374125358 0.000298549422586802 0.000245761447877158 0.000398830541234929 0.00026828377158381 0.000363077943620738 0.000139247192419134 0.000199207341211149 0.000247638937435113 0.000277727052161936 0.000207469863380538 0.000191198507673107 0.000262295965512749 0.000272018852410838 0.000656936934683472 0.00028400110459188 0.000141930587415118 0.000199619400518714 0.000211385804868769 0.000176415080204606 0.000143972673686221 0.00055356231314363 0.000191441994684283 0.000206433948187623 0.000330617658619303 0.000478811688662972 0.000108521984657273 0.000107155420846539 0.000141309110040311 0.000185456764302216 0.00027093603493995 0.000182476054760627
