Scripts_&_data/Maxent_result_files_2/B_terrestris_3.asc
NCOLS 594 
NROWS 330 
XLLCORNER -15 
YLLCORNER 23 
CELLSIZE 0.166666666666667 
NODATA_value -9999 
[rows 200 to 219 of 330, columns 506 to 551 of 594]
2.13663882142612e-09 2.65968934654026e-09 3.37897866353742e-09 4.47694857852454e-09 5.38097368885104e-09 5.47174374698756e-09 5.78667984640902e-09 5.83209057714029e-09 5.58827493168934e-09 5.26271127787581e-09 4.9578604999212e-09 4.36203722031792e-09 4.35892972827645e-09 5.00891568222528e-09 1.17812490874059e-08 7.48171133602149e-08 1.46762712205373e-08 7.73842253609658e-09 6.59192290353161e-07 3.05442988590698e-07 8.91284044302054e-07 8.0418753656275e-09 8.76827230822386e-09 1.93785815505443e-07 3.37066435207589e-08 4.66271629084858e-09 4.41575467302613e-09 5.98702695198128e-09 9.30547302546714e-09 9.34761350546154e-09 1.66906446952275e-07 9.00402679415713e-08 1.60188600162314e-08 6.43062990635102e-09 6.87073399285865e-09 7.79900413139245e-09 9.00619914201428e-09 9.46006227797724e-09 9.39883427752974e-09 1.08163193623945e-08 1.10516674811656e-08 1.08649134689109e-08 1.07615886979495e-08 1.61345132552171e-06 5.6662738181501e-07 4.89156240623956e-07
3.9026556652999e-09 4.48777809358702e-09 5.40341317245563e-09 6.07760963777793e-09 5.98209135560523e-09 6.07091892312894e-09 6.49600021551677e-09 6.76507828645256e-09 7.07088231299835e-09 6.8758069127206e-09 6.54541911782047e-09 6.15989632635205e-09 5.70819479461804e-09 5.73187812769049e-09 6.12106603181672e-09 6.68430695238698e-09 7.166990889651e-09 7.48256379079493e-09 6.60741209390636e-07 9.57480279240031e-07 3.94396821601362e-07 1.19484662981506e-06 4.374586338729e-08 4.2745569039937e-08 4.28077264746918e-08 1.66766616072067e-08 2.2372980090779e-08 4.5378712787425e-08 6.21833602720834e-08 5.03523284955953e-08 3.55215376335316e-08 2.81040061111959e-08 2.32851581460913e-08 1.9612187063256e-08 1.40869371612062e-08 1.39866795922927e-08 1.49831268059231e-08 1.5054077262544e-08 1.6050270634782e-08 1.85903145877297e-08 2.25669882558677e-08 2.27398375685084e-08 2.04367856748711e-08 2.00551292128814e-08 2.45728715819737e-08 4.13452236225353e-08
5.56482665503566e-09 5.28672459143564e-09 5.02439968519397e-09 5.33779984657201e-09 5.56579341504104e-09 5.55445683891875e-09 5.78627797898079e-09 6.55067028398904e-09 7.04239832005626e-09 7.17720554099799e-09 7.27729615457307e-09 7.43191161944878e-09 7.58345557461126e-09 7.52240232326784e-09 7.58401768052863e-09 7.64450660550864e-09 7.78757012209752e-09 8.76898165191875e-09 9.76491185689099e-09 1.08532356324353e-08 1.26450283799429e-08 1.62906592771073e-08 1.71526079006945e-08 1.81893162087832e-08 1.78800994454775e-08 1.87002694662652e-08 4.67333426068528e-08 3.18331105741976e-07 1.79752889728491e-07 1.24837980930437e-07 9.2951755603643e-08 1.234807619932e-07 9.79454307326044e-08 7.94766025213889e-08 6.6810697896269e-08 6.46943742133033e-08 5.01571366884335e-08 4.38785610845649e-08 3.99565503017563e-08 3.55058835554978e-08 3.3853866943101e-08 4.37248098505982e-08 4.2831905344709e-08 3.25034743342556e-08 3.40292702460943e-08 2.90528409108148e-08
4.5802178272325e-09 4.68959812094383e-09 2.52596621952428e-08 6.00719901600044e-09 6.58868309910687e-09 7.20734585346605e-09 1.13124389109487e-06 6.84600689471182e-09 7.24479877201034e-09 7.48106325776377e-09 7.59519498405581e-09 8.09569516979636e-09 8.9089970067846e-09 9.45833970034116e-09 1.02264108625683e-08 1.07660207304683e-08 1.00041112505167e-08 1.11174650374579e-08 1.31281877369105e-08 1.41019028898626e-08 1.49897313894698e-08 1.60777264390788e-08 1.61639729934215e-08 1.62281517779306e-08 9.32395948005649e-07 8.15373648421769e-07 4.07221118381429e-08 8.85847653009364e-08 1.88432204151212e-07 2.27574740030434e-07 2.69918317963302e-07 3.6972453480999e-07 5.21791465146748e-07 5.43742924641322e-07 4.84120134469634e-07 4.09011563462514e-07 3.0236230630365e-07 2.67533079911786e-07 2.46966374772839e-07 1.70003084809522e-07 1.23806661589398e-07 1.17695833736775e-06 2.9965793736153e-06 9.08111614128515e-08 9.88212427777135e-08 1.00577613371122e-07
5.68810083478866e-09 1.33258175383233e-08 2.13080595279358e-08 6.7946383741635e-09 7.53188431623641e-09 7.77409994157097e-09 9.90921158461333e-07 4.40115663913332e-07 1.02953683356333e-08 1.10298575051182e-08 8.87285714901154e-09 8.67102060153613e-09 1.00970603766903e-08 1.11949143732915e-08 1.24721397209981e-08 1.37720132298291e-08 1.41190012459269e-08 1.55826380021651e-08 1.7064063051464e-08 1.63467387515048e-08 1.66289142788933e-08 1.78327361322061e-08 1.76979814803246e-08 1.92267001319912e-08 2.35068691623042e-08 5.06517357923286e-07 6.86321189391492e-07 8.39660956231114e-07 1.30353042093745e-07 3.66216129776831e-07 9.84968644601736e-07 9.65418603371404e-07 7.76229059162858e-07 7.315983786782e-07 7.8756273200753e-07 1.18143833098827e-06 1.39501194880154e-06 6.14312092395153e-07 6.25193623626785e-07 4.29600093987403e-07 3.02117674833013e-07 1.92558708604906e-06 6.35972321667566e-06 2.54430025092844e-07 2.71762240089402e-07 2.1548596520482e-07
1.19192646752531e-08 2.66236095392003e-08 4.00182286752759e-08 5.77327427286889e-07 9.96318668677887e-09 1.06104728336831e-08 1.22601304330949e-08 1.13122194722592e-08 1.15314153337209e-08 1.42894478472044e-08 1.3183011393636e-08 1.10958515375792e-08 1.24953843938513e-08 1.3718613400826e-08 1.49346874978029e-08 1.61078017812954e-08 1.85562619381407e-08 2.13330918374943e-08 2.27527297336216e-08 2.60123284800962e-08 2.69818134390754e-08 3.00993301283192e-08 2.82420624331259e-08 2.66940267446003e-08 3.01244317824079e-08 1.20324909085312e-06 0.000464416013710434 1.26655460391589e-05 2.17499906529639e-07 1.00736465817874e-06 2.09634899590583e-06 2.38529975717938e-06 1.06709997140797e-06 1.11408884677644e-06 4.85948035144901e-07 7.39257199455778e-07 8.89624407207634e-07 8.30775363525049e-07 4.23706964003401e-07 5.13649166045127e-07 2.73142408779847e-07 1.36911861037259e-07 1.32010984910114e-07 3.56094437670151e-07 3.46853714283668e-07 2.27659524698609e-07
3.31630402805594e-08 5.18395581239339e-08 3.59879776290484e-07 6.22070399902697e-07 2.06598355090293e-08 1.4679702031728e-08 8.35603676474506e-08 5.42936761327439e-08 1.43070321589889e-08 1.76228303394588e-08 3.74196975427843e-07 1.91348767719646e-08 1.60276544258764e-08 1.62863731500984e-08 1.93455019337208e-08 2.12627312534686e-08 2.43555084766811e-08 3.34947572233624e-08 3.79225676527817e-08 4.03322446995702e-08 4.49388734113931e-08 4.60878768371309e-08 5.00681920367896e-08 4.56518973623865e-08 4.01964724616732e-08 4.19976485033224e-08 0.000145168136987195 1.15226958399717e-05 3.04055774069667e-07 2.17714725323503e-06 3.32562956373295e-06 4.80649077019279e-06 4.19631929275965e-06 1.29875962535664e-06 8.98401266979931e-07 9.43499931054248e-06 3.88427857567208e-07 2.51588565358674e-07 1.77908092902079e-07 1.37848559678133e-07 1.30082274374388e-07 4.15919879941384e-06 1.48086200535413e-07 3.13104436866496e-07 4.0913638443385e-06 1.76880711649119e-05
5.66491880404918e-08 6.84961010799512e-08 1.75438864857824e-07 1.8663700203092e-07 1.54086201220593e-07 5.52921950003338e-08 4.06242621209252e-08 4.10286554952677e-07 2.69226791527188e-08 2.16783816453514e-08 4.58148912141354e-08 2.05094004224193e-08 2.54077865857738e-08 2.38777155603387e-08 2.53748445810942e-08 3.15088627744764e-08 3.68281103724222e-08 3.58268386846383e-08 3.50032763107855e-08 4.13717208491704e-08 4.35926072350767e-08 5.07203737898365e-08 6.45436438406755e-08 7.87994057560581e-08 7.03866202655945e-08 1.56729401101785e-07 5.34947049501966e-07 6.24057306310988e-06 5.13781824224679e-05 4.10204318512797e-07 1.31504094156298e-06 3.26953558555942e-06 5.23693520619872e-06 3.81170347196758e-06 0.000141022775187594 4.60171536964538e-07 4.13017106694724e-05 1.79361840135783e-07 1.93569641474767e-05 5.74357715379392e-06 1.69989496090484e-07 1.86501345544876e-07 2.41985531901356e-07 0.000223134152111015 0.000574636292731157 0.103522759396583
3.94218834021132e-08 8.07191223861636e-08 4.8886259230585e-05 0.000198886251337171 8.1752567560045e-07 3.36017373747666e-07 9.42822182103953e-08 5.39503006269371e-08 4.33817453959762e-08 3.86743666425104e-08 3.90696730190321e-08 4.7810450409802e-08 7.31541553022907e-06 1.81944448058857e-06 3.45107792565358e-08 3.98950082747263e-08 4.19778803495419e-08 4.87039056529248e-08 5.35241405752451e-08 5.65381365946749e-08 5.771477503691e-08 5.18926757120397e-08 5.84546734794245e-08 6.07304146305054e-08 1.08683481713001e-05 2.49237065226282e-06 2.15137236097007e-06 4.13351464771949e-06 1.19571422260378e-05 2.19123802025933e-05 3.16490217755927e-05 2.76672932614019e-05 1.71842610399153e-06 5.13952789447103e-06 0.000277054062098614 0.000344303349265829 0.000141032042847655 4.85261894255018e-05 3.65076010211851e-05 2.23742323896658e-05 1.25515248413421e-05 0.00017866482367026 0.000790563831833424 0.0483433517627418 0.854249656200409 0.590075464948313
5.14077904245625e-08 9.32557285171498e-08 1.28707096791913e-05 3.43120330853708e-05 4.63988552894534e-06 2.15576771438464e-06 5.37967356351032e-07 4.41811782536661e-06 3.31580832835243e-06 6.96106867703605e-08 2.25503115700576e-06 1.40393839728858e-05 5.44105939752626e-06 8.47167888196054e-06 2.35205091740909e-06 2.33438465642166e-06 3.81475328623537e-06 1.22100690025384e-07 1.51318937247069e-07 1.49560559981055e-07 1.28198634041787e-07 4.964994384693e-06 5.32737500833491e-06 5.5704466745965e-06 5.4152393346385e-06 7.62815820678497e-06 7.79739508800503e-06 9.08805196559115e-05 7.80437659386735e-06 0.000157018202662584 0.000264301265997346 0.000104680442018434 0.00155436623899732 2.81811491049666e-06 0.000372295389388455 0.000364312240708387 0.000177442907443037 0.000228020327631384 7.53912616346497e-05 0.000393824469938409 0.000331987100071274 0.000643246370600536 0.00574134783819318 0.00354611342772841 0.00238880444085225 0.00838917684741318
6.58468100027676e-06 1.11527394551558e-05 3.48072102269725e-05 4.5645597128896e-05 9.54135934080114e-05 0.000135651689015504 7.38846400736293e-06 0.00102202584312181 4.29272476054621e-07 1.52934086461443e-07 1.09499429186144e-05 5.35262288963168e-06 0.890229099988937 4.36543342402729e-05 8.30917415441945e-06 8.85318649125111e-05 7.18635234989051e-05 4.80434756354953e-05 7.94950127101401e-05 2.43727266138194e-05 0.000254792452324182 2.49773371479023e-05 0.000432095895666862 0.0218851811252534 0.000925841041316744 0.00446842150995508 0.00443548556650057 0.00981404948979616 0.00811260743066669 0.00790735224727541 0.0443783905357122 0.299206428788602 0.0771075394004583 0.0999051712453365 0.0130191045813262 0.841541314125061 0.000337319671962177 0.0163007040508091 0.00267384302569553 0.00764322746545076 0.000194848341925535 3.69969529856462e-05 1.58684479174553e-05 6.44721276898963e-07 8.31591926342412e-07 7.84102418549537e-08
5.26897306372121e-06 8.13190580402079e-06 1.92671307786441e-05 0.000172267331072362 0.000280157222005073 0.000954122690018266 0.000932896583981346 1.09740027710359e-05 6.40680908645663e-06 2.20691060803802e-06 4.90499016450485e-05 9.54883933559358e-06 0.000231380391051061 0.00240565513959154 9.61990157065884e-05 0.00153458623535698 0.000740091101033613 1.60241614821643e-05 0.000375651697686408 0.000454311074281577 0.000551012222422287 0.000675690908974502 0.000594952756364364 0.00131424168066587 0.00218795563559979 0.00871465450618416 0.0423354743048549 0.0285950610414147 0.0745351050049066 0.0281607866287231 0.0191473371349275 0.276620694994926 0.0339959643781185 0.0150687749497592 0.00308278686716221 0.143162912130356 0.00996168684214354 0.0201011493802071 0.00221309473272413 0.000536272207682487 0.000448636835790239 4.72026420538896e-05 6.46384631863839e-06 1.89095991913746e-06 3.26188438179997e-06 4.70946672976424e-05
7.64746750974154e-06 7.97233842604328e-06 3.91273853892926e-05 0.000137815350171877 0.000498742322088219 0.00352661134675145 0.0174075696617365 0.0026007705135271 0.0210004400461912 2.07784132499e-05 0.000816307273635175 0.0018049999140203 0.000509150353173027 0.00650219181552529 0.00485337253194302 0.0505728609859943 0.00893258266150951 0.999968039989471 0.435310685634613 7.79136886194465e-05 0.0116743702325039 0.00028148714445706 5.60030899578123e-05 0.000129784849650605 6.18648287854739e-05 4.83711201923143e-05 0.00158291892730631 0.00145896728499793 0.000609270459972322 0.00132250392925926 0.00023554430808872 2.43605416926584e-05 0.00020986649178667 0.000123394295587786 0.00024061289805104 0.000124819217671757 0.000807847359101288 9.44024701311719e-05 3.19829482123168e-05 6.21111192913304e-06 1.31720505578414e-06 0.00012769744103025 0.000593475666391896 0.0014759205529117 0.000867572946299333 0.0712713200598955
0.000673803177778609 0.483917927742004 0.00528359233867377 0.0247538244351745 0.000306514374824474 0.00562071383465081 0.0031238266848959 0.00535085333976895 0.00676191451493651 6.85157184307172e-05 0.000132061235308356 0.000170749777862511 0.000298933031081106 0.000234326456848066 0.000141707641523681 0.0459571998566389 0.00875650648958981 0.00256701853359118 0.017613055370748 0.00604729948099703 9.46084575843997e-05 0.00797228724695742 0.009489161480451 5.28744704979545e-06 1.09702771027287e-06 4.68638475581429e-07 1.62702893476308e-05 6.69772051651307e-05 2.68103606913428e-05 1.38077179258289e-05 2.12562771508829e-06 2.88022721690595e-06 1.6922019597132e-06 2.1503622598118e-06 6.34588354699872e-06 3.31021200850046e-06 4.75754730473454e-06 5.20310706875193e-07 3.66120861770014e-06 4.06561628949476e-06 0.000158997973994701 0.39044539257884 0.00125814135826658 4.11209159210557e-05 6.25126698196254e-05 9.09866569600126e-05
1.60579279736339e-05 0.937223166227341 0.918389970064163 0.00777276013977826 0.0020154261670541 0.00541884360136464 0.00489407214336097 0.000179581645625149 2.12036711673136e-06 2.33232017649243e-05 1.18095307612975e-06 1.29093985634654e-06 5.4111320366701e-06 1.92809637837854e-05 8.03390846613183e-06 0.000192415954006719 0.000213725451612845 0.000173184710365604 3.76875967447177e-06 8.73327966388615e-07 1.41007688299055e-06 1.29451377901546e-06 5.15928468658444e-07 2.62601080969205e-07 1.76480581171035e-07 1.66905563636632e-07 6.31740159406924e-08 4.82467249884877e-07 2.48923631307463e-06 2.08269161063868e-06 7.87312033123655e-08 1.28365932638985e-07 2.84086378599113e-06 1.24106117596057e-06 3.10937970837699e-07 0.00213447272253688 1.37117726694669e-05 0.000837395318376366 0.000198538508630008 7.4438377376751e-06 7.89599632611271e-07 0.000121221467270516 0.000541353977314429 0.00207032733596861 0.000530809355677775 0.00140648958440579
6.08417174589704e-05 0.0002989394350152 0.000263155908760382 0.017573269084096 0.00928493362152949 6.14294744991639e-05 0.000148447124865925 7.41305794235814e-05 6.12160749255963e-06 1.33089248066653e-06 9.0987664975728e-07 1.72105819586932e-06 2.17373357713768e-06 1.93212861887559e-06 1.19907418607568e-06 1.62090875193144e-06 2.19536194208558e-05 7.01228794468989e-05 2.07223026109205e-05 5.79860704306157e-06 3.25605689965869e-06 0.000247972062425106 9.93649139502395e-07 9.46426370944664e-06 1.9663180492735e-07 4.39447355482514e-06 1.31696312521967e-07 1.57439568493345e-08 9.50079019013117e-08 3.26606250311556e-07 3.82359635509033e-07 1.62712793525088e-05 2.59793536905306e-07 1.7382668272603e-05 5.80512010515122e-06 3.47689285895569e-07 4.96366008917448e-07 2.02312486123901e-06 1.21108868498254e-06 1.74215997272853e-07 1.13447718330661e-07 5.19322950864876e-07 1.89918139028578e-06 2.94712215520576e-06 0.000101664995054307 0.00130485959525686
0.000213803230144549 0.000295984029071406 0.000188976322533563 0.00557945892214775 0.00141273601329885 0.00196696893544868 0.00329081428935751 1.16942151976218e-05 2.22021182025856e-06 3.9074981742715e-06 3.56554885456717e-06 4.18249576910057e-06 1.11819243642231e-06 2.01872993841334e-06 9.05974599618276e-05 0.00212880155304447 0.000895714364014566 2.79501835393603e-05 0.000149347306069103 5.55443600205763e-05 2.96490032496877e-05 0.00959441047161818 0.00211295601911843 0.000836804689606652 0.000496462218870874 0.000241889075550716 6.16926626832992e-06 4.7632668326969e-05 2.07098419195972e-05 4.41871085286039e-05 3.01752934905863e-07 1.18132270443994e-05 9.91477428158305e-06 5.10970243681186e-06 3.48679178294731e-06 1.99945754730813e-08 6.24053244635547e-08 4.144341282597e-07 0.000197825784835004 3.42336018022138e-07 2.19556621416928e-07 1.91330847787441e-07 6.41735286910361e-08 4.09305391357861e-07 1.57172610713019e-06 3.68624241531279e-07
0.0120571500621736 0.000118172706788755 0.00604649181477726 0.0341919140890241 0.00998135413974524 0.0140612427145243 0.00646913612436037 0.000462636556039797 6.52866767723026e-06 0.000430090693589591 2.09916115210262e-06 2.10351450959934e-06 4.01561564160602e-06 0.00140883609710727 0.0136897532269359 0.0118347335141152 0.00262091807089746 0.00415766509249806 0.00117669839091832 0.00428917452227324 0.00570870754308999 0.00159156805311795 0.00122598623565864 0.000533208997512702 0.000901774826343171 0.000276100237897481 1.70947025253554e-05 0.000228424089073087 4.27571660566173e-06 5.36060806552996e-06 1.04056493682947e-05 5.29561792816935e-07 5.09013108853651e-06 6.67576118384972e-08 2.2165888324821e-08 2.29356621694876e-08 3.80756376094915e-08 5.91588483089822e-08 1.11619520396289e-05 6.31041332521676e-08 3.18898280338153e-08 2.36278335563611e-08 3.14853082716837e-08 2.31426434016413e-08 1.42704311478781e-08 9.72082901951055e-09
0.00535315899178386 0.0144209219142795 0.985084402561188 0.00919174477458 0.00476635303348303 0.00278279351769015 0.00100452292390401 0.000392800055124098 0.000687231914707809 6.66237734776587e-06 4.60408403796464e-05 0.000968825369272963 0.0220043269917369 0.0436982285231352 0.371401484310627 0.0107502175262198 0.00170141655544285 0.00547411515144631 0.00599779973272234 0.00465957388514653 0.00371201067464426 7.84097588848454e-06 2.91413702143473e-05 0.000840598647482693 0.000375866030663019 1.06596147730897e-06 7.4903022948547e-06 2.63858419657481e-05 1.08437288417917e-05 2.3537213991176e-06 7.84005161236223e-07 4.76376963831626e-07 3.05213719897779e-07 2.31703000252992e-07 1.56517125837752e-07 1.22002211089267e-07 8.81811306641111e-08 7.53153852617316e-08 5.18985890596291e-08 6.30949938340564e-06 8.91560413265324e-06 2.78313707440248e-06 1.11755480929787e-05 2.52459920302428e-08 2.70105578259461e-07 5.72534219678289e-07
0.00018762411955322 4.95343830749562e-05 0.000298711235518567 0.0072206825716421 5.16056474225479e-05 0.000657224509996013 7.80393418722269e-06 4.30947437735085e-06 2.50613539805045e-06 1.63801337066616e-05 0.000403590616042493 0.00768945124000311 0.203272224217653 0.0271880120038986 0.00193125877995044 0.00147115580621175 0.000212457683664979 1.57014357142771e-06 0.0320023141801357 0.00274552144110203 1.04981353160838e-05 0.0251505701802671 0.193196539580822 0.00597398639656603 0.000529995097895153 0.000173123126660357 0.000166989146782726 7.78409952317816e-07 5.17548065381845e-07 6.03972303636624e-07 4.05169073360412e-05 2.30512877053002e-06 4.90435024591562e-08 2.96351911344139e-08 8.97234540619962e-07 6.47314217872008e-07 1.64631430976669e-06 1.46722651592768e-06 1.95152733653003e-06 5.68216410101741e-06 4.50110752865385e-06 3.25618494945168e-08 2.10477462303515e-06 2.66938058546273e-08 1.72924908725669e-08 1.13952585634181e-07
