Scripts_&_data/Maxent_result_files_2/B_vestalis_2.asc
NCOLS 594 
NROWS 330 
XLLCORNER -15 
YLLCORNER 23 
CELLSIZE 0.166666666666667 
NODATA_value -9999 
[rows 240 to 259 of 330, columns 405 to 449 of 594]
-9999 -9999 -9999 -9999 -9999 -9999 -9999 -9999 1.04631888842022e-07 1.17328013438112e-07 1.46298096836972e-07 1.75484802689141e-07 2.44271213922787e-07 3.21275893355732e-07 3.4102200707764e-07 9.94768730322448e-07 1.76973165366689e-06 1.34538362743797e-06 9.9472015193669e-07 9.85191230995497e-07 3.96176098433898e-06 6.52390806510361e-07 1.51295685157926e-07 9.76088234705408e-07 3.43909779487728e-07 2.98674259424647e-07 4.3167774083086e-07 1.35951610803486e-06 3.4511024196604e-06 5.38290414588971e-06 8.13248793738453e-06 4.1714240291757e-06 3.60016703633281e-06 1.12267808449751e-07 2.56008165955279e-07 1.37675056492981e-06 7.65251968459779e-09 5.88926928002387e-08 5.92291287659918e-07 2.72487851171732e-09 4.78921824420553e-10 1.08138697996196e-10 3.96984467521122e-10 8.74544214823914e-11 8.11455902471891e-11
-9999 -9999 -9999 -9999 -9999 -9999 -9999 -9999 1.17637611607435e-07 1.74354278392741e-07 2.09986722410349e-07 2.70566765792068e-07 2.72037562965011e-07 3.79362419522522e-07 1.83495513397247e-06 3.24881687276957e-06 6.06413141213125e-06 9.37716577027459e-06 0.000115675938104687 3.52451465914783e-05 8.75336523677106e-05 4.10541943097087e-05 3.91538885196496e-05 3.62120448244241e-05 3.36934187417093e-07 3.00542206987942e-07 1.85895579718487e-07 1.59350649144852e-06 1.25223191135282e-06 2.30790554449634e-06 2.00860978658568e-06 4.2362445013655e-06 9.99879531136116e-06 1.22512824304977e-05 9.79513502894491e-06 7.95895731187102e-06 1.64092416987671e-07 4.57411156506993e-07 4.21078194978719e-07 8.17154121790509e-07 2.45916489216569e-07 2.99484596011368e-09 9.26737131479172e-11 8.93506491017604e-11 1.05017768925464e-09
-9999 -9999 -9999 -9999 -9999 -9999 -9999 -9999 7.62567123890889e-08 3.43580584782899e-07 6.61545107050188e-07 7.53525699082047e-07 3.24724761071593e-06 5.6462883662789e-06 6.22684958671016e-06 3.00869013756255e-06 0.000124565486612482 0.000300295110355364 0.000285112343044602 0.000117639049767604 0.000199367003006046 3.14710601514889e-05 2.99033282317396e-05 0.000151124872718356 7.30342596555467e-07 4.64246907085908e-05 2.40744165921569e-05 3.71369191043414e-05 3.12377330318192e-06 2.61522224800359e-06 5.76891045045436e-07 4.83305272300782e-06 2.17539607083594e-06 6.52960300202565e-06 6.46398416357386e-06 2.06054322703153e-05 9.71488611503091e-06 5.68621457797125e-07 2.49792612505573e-07 9.94661550901554e-09 7.96570333028157e-09 3.76384724498635e-09 2.26329366359579e-10 1.17091119022916e-09 4.34426183915093e-10
-9999 -9999 -9999 -9999 -9999 -9999 -9999 -9999 1.95895872927565e-06 4.24004482302287e-08 9.24390625556271e-07 4.019986627668e-06 5.81339249379198e-06 8.92278723085838e-06 5.35708373945454e-06 7.13895708486234e-06 4.96806652790838e-05 0.000370474067312898 0.000830079489969648 0.00456414967775345 0.00200992746104021 1.54086305933276e-05 1.44920235025658e-06 2.00063132602679e-06 3.15482785026688e-05 2.92440583564257e-05 1.388469011534e-05 1.73123873329351e-06 0.000128553240574547 6.52437627877589e-05 3.76363957457215e-05 1.99601680748174e-05 8.64759618480093e-05 2.33539464872479e-05 2.81350860092289e-05 1.18785166272062e-05 7.43689807345405e-06 9.81419285714935e-06 1.30655431882509e-06 4.88364484585446e-07 6.44629460921919e-10 1.24449343497091e-07 2.6426139569935e-07 9.50165352175958e-08 1.68186798155112e-08
-9999 -9999 -9999 -9999 -9999 -9999 -9999 -9999 -9999 1.1020528752903e-06 1.04304749903861e-06 1.11134390408552e-05 8.83773636815022e-05 8.17691820884647e-05 0.000160748233247432 0.000544846140837763 0.000530780060216784 0.00134434243955184 0.00397414374165237 0.000612714381168189 1.6927647806142e-05 2.07862922991353e-05 5.01136176353611e-05 4.09494841804303e-06 9.16051234955972e-07 4.87184514363914e-07 1.86144736212812e-06 1.59385205193985e-06 9.77581154484319e-06 4.80792639865335e-06 2.40731048064546e-06 3.81447304933502e-06 3.9941463563764e-05 7.67733125030645e-05 0.000393116051418474 0.000267742981213814 9.44972008207756e-06 2.15105111559311e-05 1.09877546298875e-05 2.09829733114342e-06 1.03652860805603e-07 5.72523162656324e-08 6.51346191204993e-08 2.34671544530052e-08 1.5683686571677e-09
-9999 -9999 -9999 -9999 -9999 -9999 -9999 -9999 -9999 1.33866905514424e-05 8.96417350304546e-05 0.000273760539857904 0.000249922086368315 0.000251287870923989 0.000241122844454367 0.000698234942683484 0.00351638056454249 0.00412720605381764 0.00146353994132369 1.97587795014442e-05 1.96888441223564e-05 1.11005733742786e-05 1.74523409441463e-05 2.02749542950187e-05 4.1483723495217e-07 9.46539893220688e-07 1.22722729489766e-07 7.90839477460281e-07 6.47277646805833e-06 5.46538319667889e-05 5.59892537580708e-05 5.94802418856233e-06 1.00634960631396e-05 2.87481436482828e-06 7.17198719939915e-05 0.000208577215153127 0.00037495656615647 8.65103538494338e-06 3.82270658323414e-06 3.34902086933653e-06 2.68494279209719e-06 3.12649917226793e-06 1.25394128587253e-06 1.90319409443251e-07 8.63137758599919e-08
-9999 -9999 -9999 -9999 -9999 -9999 -9999 -9999 -9999 0.000518485200882424 0.000342795206233859 0.000619935167196672 0.000908964904374443 0.00252633157069795 0.00364999801386148 0.00264181593374815 0.000431830312663806 2.59423710777806e-06 5.06807520679331e-06 8.78766269352127e-06 3.15266360644273e-06 6.34306211395597e-06 9.36139667828684e-06 2.55664755854923e-06 5.93732990239459e-07 3.35858246880427e-08 1.36281982254793e-08 7.79132922179571e-08 8.72857900624524e-08 8.12807406935789e-08 1.57562879501416e-06 6.15072312042386e-06 1.81899193577806e-05 7.97587639720376e-06 6.81970502043328e-06 9.38260407732372e-06 2.41698777159627e-05 2.27422140140376e-05 3.07258757459294e-05 4.44183675738508e-06 3.3942822298183e-06 2.50150185427955e-06 4.07399451107793e-06 3.52881561258567e-06 7.26426137642733e-07
-9999 -9999 0.0212225129827857 0.0169905654154718 0.0150855115614831 0.000758439196579275 0.0153295209631324 0.00505030630156398 0.00595228385645896 0.00800551197025925 0.00619139893678948 0.00713744107633829 0.0037042038195068 0.00292226888559526 0.00147500313032651 0.00026302865562684 8.28818720310931e-07 2.69785146898016e-06 2.98121909168003e-06 2.16091670210972e-06 2.48957754820367e-06 2.55104013149321e-06 2.16966346329173e-06 1.33530941894833e-06 6.226205029769e-07 1.23030104108857e-06 3.66670522957691e-06 3.02779705823042e-06 5.60855496800627e-06 3.22998171782274e-06 1.55105702226432e-07 4.93989263494754e-08 3.42511047413119e-07 3.00521948917165e-06 1.731910782512e-05 3.39514690722353e-05 6.80383519089389e-06 2.0284108359192e-05 0.00019950714558945 0.000387020297785057 6.05120039551821e-05 5.15754749315533e-05 2.64127083070775e-05 1.3023957103897e-05 2.71687738546689e-06
0.00557952430099249 0.025816869083792 0.0239713028073311 0.0399165006354451 0.024198105558753 0.0080438332632184 0.00591197463218123 0.00463689948956016 0.00447671375004575 3.89604692358603e-05 1.52085428449578e-05 7.03397673600392e-06 2.81661323668914e-05 5.94741228965745e-05 3.10235813967274e-06 1.61314126243539e-06 5.7470252730063e-07 1.40121678100513e-06 2.55574404377512e-06 1.26703604337308e-05 6.42755467197276e-06 5.73096569489451e-07 2.25969051115271e-07 3.8039513654553e-07 4.46386968100398e-07 1.21799693806324e-06 1.32677979379991e-05 1.59067574858618e-06 2.89834130229316e-07 1.08419078252098e-05 1.01981199174261e-06 1.40327825914888e-08 4.6869670433658e-08 1.82204200223079e-06 1.1708510876951e-06 4.7275141105696e-06 3.08264835930938e-06 3.02535595801956e-06 3.90384872428484e-06 8.96641582386337e-05 0.000124619584585162 0.000116241474734124 0.000264589150719985 0.000188493179120996 0.000804299204901326
0.0101969271432608 0.0172243808396161 0.0624506443738937 0.0420439012348652 0.0152568421326578 0.00769772639032453 0.00417309262556955 0.00514586895005778 0.000175489192531586 1.68208513855461e-05 1.96521311787379e-05 4.39638301119594e-06 2.71294724304427e-06 3.62648155372014e-06 1.89522430900979e-05 7.99232154804486e-06 3.24700944098755e-07 1.90320467008398e-07 5.8681927185944e-06 1.11407978124589e-05 1.59488816251496e-06 1.20528260296737e-06 3.737545011262e-07 1.2384776388874e-07 9.36771749060483e-08 7.68607838486091e-08 3.14309254711986e-07 2.17606673125204e-06 1.2749531197187e-05 1.93081532898987e-05 2.32788313576648e-06 1.42893539525346e-06 1.06186027892807e-07 8.48576032974613e-07 1.88448914695272e-07 1.70333755789009e-06 1.56553684366401e-05 3.62287693276286e-05 4.54027854814853e-06 5.1543418321387e-05 2.87147132437937e-05 2.28175112823692e-05 0.000507624744204804 5.14727449626662e-05 3.86127087040222e-05
0.02567831389606 0.0179684557020664 0.01970080062747 0.0106569134630263 0.00298897984030191 0.00561616592458449 0.00255217930753133 1.21218794460809e-05 8.36531190788747e-06 1.05284439353426e-06 3.13640956584038e-07 4.63030581387969e-07 1.8412932973888e-07 3.59335683981499e-06 5.39472152922826e-06 8.82665725043807e-07 3.56419630032079e-07 1.24984993465915e-06 2.9382093799768e-06 1.09835472752451e-06 5.65133457541833e-07 2.52037628456492e-07 1.17937388299794e-07 6.26679251602979e-08 4.61596509460094e-08 1.35245721111232e-07 1.14938011641641e-07 4.8411407060911e-08 8.97131377186611e-08 1.6186019102804e-07 3.90059957666722e-07 9.04730231621187e-07 2.35581200436208e-08 1.75820594783271e-07 1.63975644191794e-06 1.82997549935671e-07 8.59373833463906e-05 0.00031244956107912 0.000223120019825274 3.69847132816403e-05 8.63843640108719e-06 8.30201180342272e-05 0.020040365960449 0.00010938498617179 1.43704622246332e-05
0.000973597315169172 0.000919802313001128 0.000687142618698999 0.000786982910358347 0.00403769294789527 0.00237716349074617 0.00339651799877174 2.77492685152314e-06 5.72854454061744e-07 1.17416176408369e-06 1.75593266646956e-06 1.77618042300764e-06 1.41001226161563e-07 2.22817365624905e-07 1.52847109546883e-07 1.75416996839317e-07 3.53682612797002e-07 1.36125627108186e-06 1.92687986668716e-06 2.40240039488526e-06 2.95943349044592e-06 8.62581858029898e-07 4.97235391083706e-08 4.06601746938406e-08 4.77308332857973e-08 3.25274130741349e-08 2.22839555252818e-08 2.90685069792573e-08 1.69116890891274e-07 4.48650733453348e-08 1.55292863013301e-07 5.64717655970881e-08 8.07879847464221e-09 3.82214569993877e-09 5.58772700332e-09 2.82984150556942e-09 1.18225441108066e-06 1.65204261350027e-05 0.000120191273344972 8.76667550528509e-05 5.99455566441254e-06 1.57297405726009e-05 2.76240634087266e-06 9.50072397245094e-05 8.29635375794169e-06
8.6928170979661e-06 0.000100391484659212 0.000351088283491663 2.86840568016089e-05 1.66706990944121e-05 7.70889333949753e-06 2.19419986908775e-06 7.9221627609094e-07 6.98036989543738e-08 2.83229975472921e-08 5.00224051336318e-07 1.09378653867509e-07 4.07574972882685e-07 6.60149913045416e-07 3.07951814093599e-07 1.32556492982161e-07 7.55743994051983e-08 2.58321051660459e-07 1.88292507345977e-06 1.57297727980676e-06 1.90796293182416e-06 8.42362512187833e-07 4.77549707333935e-08 3.99089087999016e-08 5.25678747642644e-08 3.35355842651097e-08 3.75643754324528e-08 5.53166869643462e-08 1.04808758205621e-07 9.26510654863932e-08 4.06506111882976e-07 7.31232209705279e-07 2.48102653870319e-06 2.57899644862114e-08 4.85157291119087e-08 8.00669920364427e-09 5.16067623634875e-08 4.1369633912991e-07 6.48371284114546e-05 0.000244679871320841 0.00080026854047901 7.80862589362386e-06 7.12382419578717e-05 6.85652799802483e-05 7.79040757181715e-07
5.32776718173977e-06 2.4324292130018e-05 1.51457336851735e-05 4.43010498587526e-06 2.5497897028437e-06 2.41039425077361e-06 2.07516007888486e-07 9.75886041865159e-08 3.89555901980643e-08 3.82817520572232e-08 6.38605813119142e-08 4.58122213498058e-08 4.5646339286165e-08 1.10728250124481e-07 7.2594056854669e-08 1.70498940121888e-07 1.43673561847635e-07 1.17196929849683e-06 6.16062022373853e-07 6.68084731358931e-07 4.25164573059078e-07 1.58171816444508e-07 3.38643136199579e-08 6.86099169477927e-08 1.34239988192064e-07 3.28131145366228e-08 4.05866919184206e-08 6.64786012682939e-08 6.29527465156876e-08 1.98193808609304e-07 4.0567557846316e-06 7.98411631876661e-05 5.35395916813286e-05 9.36850105972553e-06 1.82379228945706e-06 3.43725724927246e-07 5.44996162261668e-06 8.49796560797866e-07 8.67496050460659e-06 6.78880757547518e-06 1.03051392501996e-05 2.95654714840055e-05 1.28762255006798e-05 7.71216812140096e-05 0.000164164384659671
1.04694497995439e-05 4.01044732569744e-06 1.01402771733206e-05 1.05693268253049e-06 1.13966998949167e-07 6.35487872102658e-07 1.95606388153635e-07 1.18723714992441e-07 3.3240585324279e-07 8.66985895520145e-08 4.9052361905666e-08 4.00551523282999e-08 3.84394272856525e-08 4.12410372074845e-08 2.79732825791967e-08 1.81260676690442e-07 1.72234470152688e-07 1.00560546201223e-07 7.08104566982115e-08 3.81475725230729e-08 4.66891229233823e-08 4.16066823660799e-08 2.7137324809523e-08 1.07195925824755e-07 4.32387244764243e-07 2.06539674607598e-07 4.1138283490838e-08 5.80492248936082e-08 3.09383494467852e-07 7.49799030330678e-07 9.607757775143e-07 4.55411366715452e-06 7.28469136532794e-06 2.59208007591383e-06 2.0222732354247e-06 3.63853281649895e-05 8.07472253789854e-06 6.44936866758261e-06 5.47367261956033e-06 6.52974115435967e-06 8.64264602853382e-05 0.000307992783598365 1.51682205862702e-05 1.37819376963222e-05 1.45825790557552e-05
3.8713368057941e-07 1.15162445837314e-06 3.82157288036922e-07 6.61497034482039e-08 2.80629756765904e-08 2.63798510591329e-08 2.75761710355482e-08 3.45606719243108e-08 1.43463127955101e-07 2.33464774357373e-07 9.48753119178747e-08 2.23889408346167e-07 2.76038228275155e-07 1.00598801777707e-07 2.90414465808908e-08 1.67899793845905e-08 2.28481390252e-08 2.3459422537897e-08 2.41609583229163e-08 3.6011464121799e-08 4.48977003575379e-08 2.99072346887641e-08 2.13907814572423e-08 2.58815265885559e-08 4.86736242866215e-08 3.09120823693831e-07 1.44228239085109e-07 5.26156003655132e-08 5.60922149173138e-08 5.61137814880652e-08 6.0483394959121e-08 1.86273989211116e-07 3.79742555578488e-07 6.63810802947751e-07 2.88653143643014e-07 9.38859580240647e-06 3.37035488305881e-06 4.85244136476659e-06 3.35854016524362e-06 2.19686820901455e-06 2.00480307932516e-06 8.24826324501426e-06 2.44249259004903e-05 5.51863998445867e-05 6.52215183459814e-06
2.04556797189781e-07 1.12731520562903e-08 1.2976260488351e-08 1.55884193775435e-08 1.70751186967522e-08 1.55331664863922e-08 1.26282303725134e-08 1.40564722084235e-08 1.6893659871009e-08 2.55498652013131e-08 2.66699124340519e-08 6.6049664049217e-08 3.06269682281979e-08 2.24547095584171e-08 1.67103318626793e-08 1.69241959335764e-08 1.7426727827452e-08 2.02402761773079e-08 2.09976742437945e-08 2.66603563892076e-08 3.25581717142143e-08 3.03564313242077e-08 2.09958461727666e-08 1.86253991674157e-08 1.50466886505996e-08 3.50230205281576e-08 4.01037312469654e-08 3.95706472033908e-08 3.31950853249552e-08 3.6071008391314e-08 5.14997711587029e-08 2.25668379894017e-07 3.35556809538673e-07 5.73554379812435e-07 2.59455641185014e-06 8.45013413481865e-06 2.07300440990821e-06 5.34857745293493e-07 1.40002109172421e-07 5.82085603184623e-07 2.10239606929008e-05 2.87950629225264e-06 5.30413284893783e-06 0.00034730640509224 6.47158155402394e-05
4.05333727915291e-08 7.07181623260666e-09 1.10731222968674e-08 1.01435408295103e-08 8.91209377407165e-09 1.16281541839847e-08 1.50940408838451e-08 1.60521633763011e-08 1.52825790133981e-08 1.88970634473762e-08 1.44199588603122e-08 1.39759557926666e-08 1.35730979677895e-08 1.41201353942577e-08 1.47463252608837e-08 1.82237031909338e-08 1.92451120928361e-08 1.91819410688687e-08 1.86344209729405e-08 1.97017459790949e-08 2.784851661497e-08 3.28036013907962e-08 1.9383090299474e-08 2.1040294939656e-08 1.4774072187862e-08 1.91956054829134e-08 2.21770864783366e-08 1.96520421491542e-08 1.80180457109991e-08 1.63689240495479e-08 1.61512632046446e-08 1.72802132603067e-08 1.08727117797969e-07 1.04993703198275e-07 5.29533387805259e-08 7.75015807530366e-08 5.67571771981079e-07 9.18179377862316e-07 1.91289213979928e-07 3.85629981280999e-07 1.81628804796219e-06 9.32889631712896e-06 4.41452458090907e-06 1.14359330929403e-06 6.75378424716655e-05
7.54797175872568e-09 6.08208090557838e-09 8.38462395069683e-09 7.98293907644521e-09 1.10993920277025e-08 1.88113707055848e-08 1.72975833656608e-08 1.66105336596445e-08 1.27401365901392e-08 1.20386589474997e-08 1.08576330704047e-08 1.13004312685128e-08 1.08996801584382e-08 1.14290874098089e-08 1.27005557404303e-08 1.27698741025917e-08 1.2825973960684e-08 1.36931018857034e-08 1.27433235075358e-08 1.21685690190887e-08 1.32848320677503e-08 1.71529421888472e-08 1.09809980664011e-08 1.33328775908659e-08 1.40718011243379e-08 1.47396336358518e-08 2.91462122103958e-08 4.02198852000879e-08 1.08641407292609e-07 8.13122559062407e-08 4.0034965520519e-08 3.2730979993012e-08 4.81394773821364e-08 2.8324699385962e-08 3.15505336967448e-08 5.09331410825098e-08 1.81710463298401e-07 4.05165875072555e-07 6.26064502462498e-08 1.02593764861325e-07 1.25088943647711e-07 1.32952143161447e-07 2.0890534191409e-07 6.66343215272036e-07 1.40447258331733e-05
7.7620225358288e-09 8.21656842564522e-09 8.82970276894213e-09 1.21414716724999e-08 1.17533159982308e-08 1.16791916138226e-08 1.01169291610859e-08 8.85947737394588e-09 8.50292125598173e-09 7.50678739169786e-09 7.46631634296335e-09 7.73254749120156e-09 7.82231611706763e-09 7.96211977460715e-09 8.49628654098211e-09 9.15260059963785e-09 1.00450831652665e-08 1.00931396240789e-08 9.41224735928614e-09 9.50006335820319e-09 9.38381656823139e-09 9.06440975612099e-09 8.56367003976288e-09 9.45445171041115e-09 1.07686633610271e-08 1.04132104605803e-08 1.88862416261593e-08 2.87194721448891e-08 1.91110672975725e-07 3.94329960240469e-08 2.63668258115857e-08 3.17999020227333e-08 3.15854227217471e-08 2.29929242978599e-08 2.93559296427048e-08 5.81513450725879e-08 2.26116397494813e-08 2.21949845613523e-08 2.5345642939989e-08 2.6093054694698e-08 4.99866986558573e-07 5.62996168795848e-08 9.40616683209328e-08 1.37121840815269e-07 3.48467991670987e-06
