Scripts_&_data/Maxent_result_files_2/B_vestalis_2.asc
NCOLS 594 
NROWS 330 
XLLCORNER -15 
YLLCORNER 23 
CELLSIZE 0.166666666666667 
NODATA_value -9999 
[rows 240 to 259 of 330, columns 315 to 359 of 594]
0.00045640552380064 2.3404269220606e-05 0.000956173216400202 0.000138888066010168 5.71309133590603e-05 7.17298104518704e-05 1.24769391902646e-05 0.000101005983106006 1.93718005448318e-05 5.53164560187724e-05 1.76764771367743e-05 1.96147515453049e-05 3.98264780017143e-06 1.05126895505236e-05 1.68762422617874e-05 2.30078705499182e-05 5.86498963457416e-05 1.53171141391795e-05 1.931686529133e-05 1.875993439171e-05 1.5589716440445e-05 5.24298990058014e-05 1.35937175400613e-05 1.7706426751829e-05 2.82459542688684e-06 9.17048295123735e-07 2.5337031497763e-06 1.31446047424433e-06 1.21585337410579e-05 1.17837683504263e-06 4.91682844767638e-05 0.000147128789831186 0.00020866502654826 9.63368912380247e-05 6.29807930181414e-05 4.69047443857562e-05 7.24434063158696e-05 7.73922673033667e-05 0.000121976553782588 4.37201945032939e-05 0.000147688284050673 0.000194530111366475 0.000161463801032369 5.53889869706836e-05 2.85559230178478e-05
0.000183428956279386 1.29498594588995e-05 0.000300522657926194 0.000220011352212168 0.000331106808152981 0.000298226295853965 0.000261834981210995 0.000188667584006907 0.00027895470848307 0.000140899339021416 0.000118663744797232 0.000102789478114573 5.49415897694416e-05 1.15627145305552e-05 8.82062587015397e-07 8.93875603651395e-06 1.36827897222247e-05 2.59551297858707e-05 2.74846059255651e-05 2.54301216955355e-05 2.22522638068767e-05 1.0878932266678e-05 3.61244046871434e-06 4.55712408893305e-06 5.79119638359771e-06 2.03433628687133e-07 6.33542536876419e-07 6.42659500371678e-07 7.21238412637604e-06 0.0001390009516399 0.000151550099508313 7.21618406714697e-05 9.33199249629979e-05 7.37283661692345e-05 7.6535419884749e-05 4.92695769480633e-05 7.03830399288563e-05 0.000102562056872557 0.000108488140722329 4.40625043665932e-05 0.000160015572873817 0.000144622947664175 0.000238832102513697 9.25876754081401e-05 6.51886130071944e-05
1.74339460784267e-05 4.30369905870975e-05 0.000269001703418326 0.000215917514287867 0.000441577806486748 0.00244413946056739 0.00238197189755738 4.42327983364521e-05 0.000151112363528227 6.69254401145736e-05 8.98295002116356e-05 9.70481683907565e-05 6.71530819090549e-05 3.46304484082793e-05 1.58131045813192e-07 1.12382627776242e-05 8.31313786875398e-06 7.18780257784601e-06 1.51869257933868e-05 3.51058293972528e-06 1.50990340443968e-05 1.07080955785932e-05 8.35001924315293e-07 2.76093740225747e-07 4.29293678738674e-07 2.11286867168869e-07 6.82446295030559e-07 5.4353596054213e-06 3.52853099911954e-06 1.6924258693507e-05 4.50726427914105e-06 0.000115308175463724 0.000154144790758437 0.00016308975418724 0.00011254215023655 6.64382986997225e-05 6.95692653152946e-05 9.25896284570626e-05 0.000142455580316891 9.0425535245231e-05 2.79955627547679e-05 7.21020044238685e-05 0.000178883287480858 0.000254651598061173 7.62574840791785e-05
6.00244986799225e-05 7.64874293963658e-05 3.72237856936408e-05 3.92956500036235e-05 0.000153050585504388 0.000121274240973435 7.45859244943858e-05 0.000137508619809523 4.0273876311403e-05 2.79806486105372e-05 4.39587527580443e-05 6.76314310112502e-05 8.52591932925861e-05 6.17321718891617e-05 2.82535580481635e-05 2.40093638240069e-05 3.04717399103538e-05 2.53232636623579e-05 3.90272900403943e-05 1.16864986011933e-05 3.34502328769304e-05 2.80399480629967e-06 4.93531514393908e-06 1.46020040119765e-05 1.20341778253596e-07 4.63478878653945e-07 1.29032491535952e-06 4.08947760703882e-06 7.4988611249438e-07 1.44916776325665e-06 1.04304725425663e-05 1.22625156336653e-05 2.07314894623778e-05 5.55653802621237e-05 0.000111235590156866 7.87916888384643e-05 5.48525531030464e-05 0.000105032182636933 0.000140817412375327 0.000150100288192334 8.86666605310893e-05 7.28749209429225e-05 0.000156285910452425 0.000220036085374886 6.58377716263203e-05
0.000111305432801601 4.91757440613583e-05 7.18980128340263e-06 9.33167034418148e-06 3.97501335100969e-05 2.57525127381086e-05 1.08742621250713e-05 9.00920127605786e-05 6.17410685663344e-05 2.74174343758204e-05 4.38618658336054e-05 4.17065518377058e-05 0.000117975397370174 0.000145096304186154 4.52896021670313e-05 4.08260526455706e-05 3.92119047319284e-05 3.55771306203678e-05 5.11233633005759e-05 4.84978971144301e-05 3.24013617500896e-05 7.31136915419484e-06 1.31300987959548e-05 2.80518540307639e-06 5.18276350902625e-07 6.29866711960858e-06 8.95941823273461e-06 1.96724355191691e-05 1.8362355467616e-05 4.50691574656048e-06 4.09452083127704e-07 3.82979988966525e-07 3.58032050336021e-06 5.53277691679455e-06 1.84449187941027e-05 1.72058069665582e-05 9.63518774028671e-06 3.2616284534015e-05 2.60935223877823e-05 5.34299514214354e-06 0.00011858610314448 5.56843775484595e-05 0.000111153588659363 0.000247340550777153 0.000701748372375732
6.73746111715445e-05 3.5056994875049e-05 5.63370356758242e-05 4.06597368055372e-05 1.67568472534185e-05 1.19370140964747e-05 2.0694203021776e-05 3.6187210071148e-05 0.00012473681672418 0.000353609197190963 1.95613077266898e-05 3.44299897960809e-06 1.91267515219806e-05 2.01352207568561e-05 1.59605590397405e-05 1.39354207476572e-05 4.01927170969429e-05 3.9346771518467e-05 5.73377988985158e-05 1.64226183187566e-05 1.62123277277715e-05 1.41359743793146e-05 3.15188210151973e-05 1.77750986949832e-05 1.61065615884581e-05 1.21908098208223e-05 1.62473001182661e-05 1.15825876946474e-05 7.20542898307031e-06 6.87466244926327e-06 7.38458143132448e-06 6.02801187596924e-06 6.23233831902326e-06 6.88409888880415e-06 4.04618447646499e-05 2.99698114758939e-05 9.94159622678126e-06 4.62183342278877e-05 1.68931682296147e-06 1.71331210935932e-05 6.37200839150864e-06 7.2293693847314e-06 1.04887112797769e-05 0.000129156519415119 0.0001999763873755
8.25348924990976e-05 2.22515382574784e-05 1.56022620785734e-05 2.04752879199077e-05 1.02914915260044e-05 7.14187225412388e-06 2.47189155402339e-06 8.78237674442062e-06 7.25479864740919e-05 0.000188643527508248 7.41140590889699e-06 3.23239980843937e-06 6.42995263433477e-06 1.43195564135112e-06 7.87294520705473e-06 2.14970849356178e-05 2.87881920485233e-05 2.84066971289576e-05 1.15760135713572e-05 9.88275510280801e-06 2.10666704560936e-06 1.45023716697779e-06 4.8864930192849e-06 4.61901458947978e-06 1.46194365697738e-06 2.08845629003918e-06 2.71577182502369e-06 3.96015009300754e-06 2.98801679718963e-06 2.82062862879684e-06 2.16968040263055e-06 2.40989356825594e-06 1.49746485021751e-05 2.03235745175334e-05 5.00572055898374e-05 6.85938517563045e-05 0.000121249655785505 4.60128927443293e-05 8.27210060379002e-06 1.29022328906103e-05 1.1598470109675e-05 8.76855290243839e-07 1.86609483432409e-07 0.000134293332939706 0.000170360910760792
5.25898342857545e-05 9.41694283937977e-06 9.00112625004112e-06 1.5133295730152e-05 1.10083287950147e-05 5.50115552186981e-06 6.27325913455934e-06 4.15408751450741e-06 1.5815151687093e-05 4.69747969418677e-05 3.752217503461e-06 4.62457841763353e-06 3.00760650588927e-06 3.00074586334631e-06 6.87919116444391e-06 8.02740592007467e-06 7.97678320623163e-06 6.85631548549281e-06 3.33552546294413e-06 2.79289808133854e-06 2.64962073401875e-06 3.47905976241236e-06 2.03403596117369e-06 3.48374402392437e-06 1.60995593034841e-06 1.8402199287948e-06 2.39486038253744e-06 3.66417472150715e-06 4.61693164197641e-06 1.0626584662532e-05 1.44003000546178e-07 4.19036770171743e-07 2.30342719476084e-07 6.69791214704674e-06 4.22899172463076e-06 3.73081172710954e-06 3.59232946038901e-06 2.04353486878972e-06 4.06878027661151e-06 1.5177051864157e-05 6.47287380388661e-06 1.15620792257687e-05 1.16542732158109e-06 0.000628874625544995 0.000164326087633526
1.90280114338748e-05 3.87280808240575e-06 1.09387467546185e-05 9.15450897309711e-06 2.98332087993458e-06 1.402672987183e-06 8.64208332984617e-07 2.89392012291501e-06 2.23537507224592e-06 2.61169514317317e-06 6.96314245374197e-07 1.70936314702885e-07 7.31271047982318e-07 1.84938592795447e-07 8.89458632968854e-07 2.59806554225861e-07 2.53830509109321e-06 2.63193656167005e-06 2.85606346892564e-06 4.62157445895173e-06 1.56182690602691e-06 1.5303600491734e-06 1.64460310543291e-06 1.22263986952476e-06 8.28662915353107e-07 7.77492078896103e-07 9.12868830482694e-07 9.98844666355581e-07 8.50654862460942e-07 1.01641101366567e-06 3.23255807188616e-06 4.31974032153448e-06 6.04191744812965e-07 4.23523026711337e-06 5.76830901763969e-06 2.82960411368549e-06 3.23585193200415e-06 4.4311650981399e-06 2.61349787251675e-06 2.214215675167e-06 3.6789819084504e-07 1.41706017209309e-07 1.16625247530422e-06 6.30598475254374e-05 0.000725502800196409
3.16126453526522e-05 3.8616168126282e-06 2.2764046178736e-06 1.30922378644982e-06 6.47507016182658e-07 4.88882967175641e-07 1.90678123246357e-07 6.14267808884961e-07 6.19996082917851e-07 1.51062875985986e-06 1.00978344974578e-07 1.07905415624998e-07 1.14367090731093e-07 1.27331226806859e-07 1.8662550900217e-07 3.08664186121632e-07 4.5446764005419e-07 5.21817013066084e-07 4.22511696740457e-07 4.47372239875676e-07 7.01329187791089e-07 1.44990290351643e-07 1.63355514359864e-07 1.27423864526577e-07 3.85249748546812e-07 5.60143516281641e-07 3.42378396567256e-07 3.86737275448468e-07 4.88760659322907e-07 2.26838119488093e-06 1.73700232153351e-06 2.04656547566628e-06 8.28360526838878e-07 8.81732905327226e-05 5.76349545553967e-05 3.29646618411061e-06 1.6721744714232e-06 1.76908868638748e-06 2.01639662122943e-06 1.35167526309488e-06 2.98583282756226e-06 4.10998865962853e-07 5.65479435152838e-06 9.71103136606644e-06 0.000190199993448914
1.72701074120596e-05 1.32329704797485e-05 5.13836567961334e-06 3.09798480877532e-06 1.71594176396894e-06 1.87107172280321e-06 5.28854797465783e-07 4.87865111153951e-07 9.17483577467237e-07 6.29964682730133e-07 8.32124474214879e-08 9.42873991327531e-08 9.29026732876537e-08 1.0174517424133e-07 1.48206667560657e-07 1.66480472785224e-07 1.75778369992941e-07 2.23306185276328e-07 8.81077239611727e-08 8.80660106616915e-07 5.58749987789042e-07 5.41771905204769e-07 1.13549791791456e-07 1.2228917256607e-07 1.40565806816539e-07 3.61593885145339e-07 4.81684729436438e-07 2.82933614670355e-07 3.24925778727447e-07 3.80341505490378e-07 1.2231652135597e-07 7.70018576190523e-07 4.54773370961448e-07 1.30288020727676e-06 4.9817811991204e-07 1.9932576606152e-06 8.93141843789636e-06 1.81299771497834e-06 7.47555598081817e-06 2.43592784954672e-05 5.74759558276128e-06 1.49074378157366e-06 2.67317700242131e-07 2.79797543845106e-07 2.19941823615954e-06
3.62442284540521e-05 3.73259594653064e-05 1.49779581420262e-05 1.44916284540386e-05 3.7928608547233e-07 3.52968041639201e-07 1.20037470097145e-07 1.02487106659055e-06 1.76680303312082e-06 6.43791739918242e-07 3.88345613622221e-07 6.14630820017226e-08 6.42390822314098e-08 7.10332937359226e-08 6.43993540272447e-08 6.27591601798372e-08 6.51623293990156e-08 6.59601965047329e-08 1.75299116023098e-07 4.83163400133435e-07 5.95436616457334e-08 2.01583064551869e-07 1.6532924469459e-07 5.04778815191287e-08 8.93388694578334e-08 8.49171112093927e-08 1.42608075748285e-07 9.73193390763072e-08 1.62513461532399e-07 3.2687808371179e-08 3.64264814756154e-08 5.08834812507075e-08 6.21934537647917e-08 3.21656628443634e-07 4.78952159710389e-07 6.52845271531532e-07 1.70891468656009e-06 1.06107370925201e-06 4.06941151140927e-06 6.74870198054123e-06 1.27588926943645e-06 1.15178024202578e-06 1.0711661161622e-06 1.74592802295592e-06 3.03325658023823e-05
9.40296527507378e-07 1.66958509311144e-06 8.14331092158227e-06 1.34560873078726e-05 7.21881614209607e-06 6.06712197175341e-06 1.80615008158469e-06 9.21793407542282e-06 1.53025481353097e-06 2.82945984224625e-06 1.36989731096548e-06 3.13548004982067e-07 4.19472814039423e-08 4.37734588576433e-08 4.08634223791893e-08 3.62413054233457e-08 3.42468427838583e-08 3.18373052365928e-08 3.55552888464672e-08 2.03075834193101e-07 2.7614228876871e-07 4.75944788913552e-08 3.87105906884955e-08 2.70895978093932e-08 1.86220408870952e-08 1.79447076309458e-08 1.45571148690848e-08 2.14049875602029e-08 1.74804530406192e-08 1.7573590760378e-08 1.79306620662345e-08 1.92834689993759e-08 2.54218342377044e-08 2.32107886244393e-08 2.67993401692479e-08 3.15190299637891e-08 1.89018748031344e-07 5.67119349170753e-07 6.49776801964208e-07 6.00851103627065e-06 6.37262085092516e-06 2.57803716685601e-07 1.14706342060344e-06 2.66561164607992e-06 6.94139813361971e-07
1.49229240662407e-06 4.98395903036908e-07 3.38295991753057e-07 1.51210396097667e-06 1.00614634135354e-06 6.91570238409156e-07 1.10846799072917e-07 2.44324455778155e-07 6.78655882602186e-08 5.89818825336152e-08 3.15029678965573e-07 5.97462769214019e-07 7.56013730551786e-07 4.95494189323153e-07 1.21341207659498e-07 3.12249508471751e-08 3.17311368069895e-08 7.95390433516729e-08 3.28574863983633e-08 2.99637763134797e-07 1.82412844651481e-07 3.18948011113207e-08 2.5092073130395e-08 1.8416658909004e-08 1.55196582252159e-08 1.29101489054761e-08 1.20072686016215e-08 1.20998015828988e-08 1.2535033366845e-08 1.28898535178834e-08 1.17350126949134e-08 1.0947700812558e-08 1.17253786680038e-08 1.12747807534674e-08 1.9925020122713e-08 2.48546160985796e-08 4.1161277692936e-07 4.39724089140725e-08 3.12006924962915e-08 9.16859750077492e-07 2.2683974350457e-06 1.51508783687859e-06 1.51633771565685e-06 9.42101536338669e-07 1.573570614255e-06
6.55199101373682e-07 4.26636432138139e-07 3.58854076232262e-07 2.6162203816682e-07 1.83387204799601e-07 1.5823691175143e-07 1.17350867956389e-07 7.16933283850807e-08 6.83258195799397e-08 6.19487396269491e-08 5.81979792579901e-08 5.96995672452749e-08 5.69693404450788e-08 2.22478134404014e-07 4.93036243653933e-07 1.49080317690675e-07 2.30532712808262e-08 5.92508848207274e-08 2.57241395296148e-08 1.84036294026413e-07 2.16918694784241e-08 2.13036569718383e-08 1.49858918496726e-08 1.39349195960037e-08 1.47243806369879e-08 1.18883164423877e-08 1.18157989503764e-08 1.071847414158e-08 1.11296723837029e-08 1.07522768799662e-08 8.54130303151734e-09 7.57283448171719e-09 9.05270878259756e-09 6.50347876662849e-09 1.08007180088521e-07 3.67299286097023e-08 6.1182518429348e-08 1.6671020013348e-07 8.47838395046097e-08 5.58341391121431e-08 3.05728721450294e-07 7.87407160629527e-07 2.33054046248071e-06 2.36989584436742e-06 4.66420019620273e-06
8.47011418159127e-07 7.11095922412142e-07 5.34402440521831e-07 3.21682883885899e-07 2.14368961870548e-07 1.47940052208639e-07 9.97346143449818e-08 8.93336475904505e-08 9.54908236927565e-08 9.78643946325519e-08 1.35997378958308e-07 1.49809001825929e-07 1.10323442470417e-07 4.85899010804758e-08 2.03466948534015e-07 4.73925894617366e-07 1.38425920592766e-07 1.74695196974994e-08 1.50509969021329e-07 7.75099384231481e-08 1.7275314856402e-08 1.50407389210017e-08 1.23809365204508e-08 1.08657468023132e-08 1.13126702228072e-08 7.66807877194964e-09 7.24844627653098e-09 9.71830145246599e-09 1.06599799210017e-08 7.69487503715638e-09 6.6357358607938e-09 5.81061545545936e-09 6.27399298069875e-09 8.62625674225015e-09 7.77049123712459e-08 8.71654632916829e-09 1.10682963860853e-07 1.1245629309542e-06 1.65501491835585e-06 5.52419289512329e-07 8.33945543732284e-07 2.15851525586785e-07 3.35708853249628e-07 2.66293825461617e-06 1.50608807985009e-06
2.65333124787048e-06 1.04198122627963e-06 6.69501942951456e-07 4.39538499819037e-07 3.32463452501486e-07 2.43799443211401e-07 1.69527721727292e-07 1.32664218011058e-07 1.18950356231551e-07 1.38608087940639e-07 1.81821718037156e-07 9.37831754033169e-08 5.33385312806445e-08 3.25078046259364e-08 2.23678899180513e-08 1.98319414224102e-08 4.26729384894742e-07 2.580699829835e-07 1.01198176949424e-07 1.50435294665741e-08 1.28368615182062e-08 1.20027786265631e-08 9.95391683522584e-09 8.15682320576272e-09 8.71723836448624e-09 7.76118607159759e-09 7.99454921152076e-09 8.62615948671319e-09 8.02196437055258e-09 7.77022469700128e-09 7.08203194976775e-09 5.53100156786002e-09 5.41987836832902e-09 7.89874684548053e-09 4.23518126790867e-08 2.77298108564139e-07 1.84853845297539e-07 6.85147459122959e-07 6.96661559018708e-07 9.53711738560514e-07 1.41566523126357e-06 1.05573401498749e-07 5.77571436233271e-08 1.61386206798397e-06 7.13409366426276e-07
6.52200085369259e-06 1.32763710709582e-06 1.2132660039299e-06 8.29107259647799e-07 5.35270252299824e-07 3.66994678024923e-07 3.424672401664e-07 2.0454954334781e-07 1.10644647399738e-07 8.25582809671488e-08 7.98942344282238e-08 5.54122490115105e-08 2.99922841229261e-08 2.16461399582535e-08 1.62303022244181e-08 1.30041282631055e-08 6.03625347039838e-08 5.15146891988394e-07 1.0365405347379e-07 1.09836732375967e-08 1.04386899235642e-08 8.99748645588616e-09 8.08476192659668e-09 6.89291936861736e-09 7.66654915107523e-09 8.92484890435696e-09 8.72059766621192e-09 8.51879645713538e-09 7.77424934428339e-09 7.70554015039338e-09 7.11620852245076e-09 6.28108715039488e-09 7.34901236532082e-09 7.32839112727035e-09 1.10679967191274e-08 8.71933713675332e-08 3.62524812835829e-08 4.24972930623824e-08 7.73847416146722e-09 7.8618304666378e-08 2.08905428600303e-07 1.19385039454301e-06 4.19131686912877e-08 8.21964101760386e-07 5.20816509208544e-07
5.38969208605522e-06 2.59887249569601e-06 3.33877760283485e-06 1.8736312455303e-06 1.42656183470535e-06 1.32538736323795e-06 6.41351474683916e-07 2.08233895282461e-07 1.35523508149049e-07 7.39995654086556e-08 5.65729634249834e-08 3.81667392468366e-08 2.68577324824548e-08 2.22515935566214e-08 1.73028544492304e-08 1.21373626260635e-08 1.0831292429625e-08 7.77469161494793e-08 5.26270867329259e-07 5.41218476701744e-08 7.11845002943079e-09 7.34010067171553e-09 7.02856733925117e-09 7.04990623656698e-09 1.04685588420139e-08 1.48493439433572e-08 1.28258254239455e-08 9.0858080059597e-09 7.81625433265987e-09 7.40438751423156e-09 8.35741394977774e-09 7.77787469985469e-09 1.25796095540309e-08 6.15471705822657e-09 4.65699536711384e-09 6.75008236861174e-08 6.13176902319879e-07 1.51464715170135e-07 5.00865340313794e-08 1.37293676649719e-08 4.22032305991138e-08 1.40414419380619e-07 1.5263827499723e-07 2.68778512690915e-07 2.19695702341483e-07
2.64152522362338e-06 1.83276216034756e-06 1.90559667885282e-06 1.5413729116176e-06 9.59238295195064e-07 6.05500928685387e-07 2.4810675691711e-07 1.18034803664457e-07 8.91793385360273e-08 6.36610380411184e-08 4.66980835667208e-08 3.84799570096739e-08 3.54007868352824e-08 3.12084938780544e-08 2.50134600143781e-08 1.93420962468771e-08 1.51492015043608e-08 1.34585634192774e-08 8.40765815190991e-08 5.32844445899627e-07 7.66279275365989e-08 6.03810063060095e-09 6.15192375930107e-09 9.63330162306875e-09 1.42978436645791e-08 1.31774559597453e-08 1.21831301824749e-08 8.90849144452588e-09 7.33628606752745e-09 7.49713635617155e-09 8.93072825691732e-09 9.21469622827686e-09 1.21081568660308e-08 8.69839641426395e-09 4.46775266782495e-09 6.1562073772059e-09 3.96795932289251e-07 1.73268870451437e-07 2.30068743056755e-08 2.15738746200955e-08 7.02585669642986e-08 1.28668628063267e-07 1.3645549890029e-08 5.75991443874102e-08 4.1586665000537e-08
