Scripts_&_data/Maxent_result_files_2/B_veteranus_2.asc
NCOLS 594 
NROWS 330 
XLLCORNER -15 
YLLCORNER 23 
CELLSIZE 0.166666666666667 
NODATA_value -9999 
[rows 260 to 279 of 330, columns 506 to 551 of 594]
0.00065481636847835 2.32433751079952e-05 9.98409554995305e-06 4.87875231556245e-06 1.37858243647315e-06 2.50906063001821e-06 6.1649373265027e-06 1.87630213872581e-06 6.68690968268493e-06 1.24798477372678e-05 9.44314186199335e-05 1.89738649169158e-05 9.51101587816083e-06 2.89198555947223e-05 3.94444461562671e-05 5.95800654991763e-05 7.63077379815513e-05 0.00017799544002628 0.00152587781776674 0.0058612500783056 0.000813772409310332 0.0147973000537604 0.0108546916861087 0.0116695081349462 0.0421593230217695 0.269140633940697 0.0157849283888936 0.0240965408273041 0.118336980417371 0.0483056217432022 0.034719742834568 0.0719673447310925 0.0256498419679701 0.00322954168077558 0.00973960242699832 0.00224253316991962 0.000397946136945393 0.00118229368381435 0.00212180166272447 0.00485959846992046 0.0282049843110144 0.0106955581810325 0.0143505398649722 0.00976558215916157 0.000135047647563624 3.78684196221002e-05
0.00292995240306482 0.00227649847511202 0.000192130200593965 8.03010112576885e-05 6.86326834511419e-06 1.23872725339425e-06 9.92550974387996e-07 1.44286832437501e-06 1.7351118856368e-06 2.3960948851709e-06 4.52474229177824e-06 4.14740995893226e-06 3.80126625714183e-06 9.09464370124624e-06 1.4420405977944e-05 0.000321354615152813 0.000165476791153196 0.000556879054056481 0.00108440146432258 0.00102859287580941 0.00255800755694509 0.00440054531209171 0.000571377997403033 0.00058759133098647 0.00207116815145127 0.0255650594830513 0.00433320221491158 0.233427341282368 0.0462449222803116 0.0205691809765995 0.0671985559165478 0.02163410410285 0.0912099782377482 0.00769961181795225 0.0077219360799063 0.00204666741483379 0.00226046118186787 0.00445897878380492 0.00908955247141421 0.0113622919423506 0.00274414414889179 0.00865120214875787 0.00740985269658267 0.0120520587544888 0.0115729010663927 0.000515716196969152
0.00211282554082572 0.00243037165491842 0.00141370278433897 0.000448433370911516 6.41327653283952e-05 1.15008577267872e-05 3.98072641019098e-06 5.91926479387439e-07 6.87524763520742e-07 5.33719210693562e-07 8.23423772544629e-07 2.4618795009701e-06 4.03450653720938e-06 1.7252133875445e-05 0.000458394925226457 0.000363025958358776 0.000307245603471529 0.000184520211041672 0.000211344176204875 0.000411668450396974 0.000121836770995287 0.00214956495910883 0.00123526173701975 0.0207495433278382 0.0156516187824309 0.00625268865842372 0.0781232513487339 0.169454727321863 0.0931060923263431 0.0679565891623497 0.0241937564685941 0.0288287727162242 0.0658024542033672 0.104748574644327 0.0277238664217293 0.00340646197437309 0.00593692205147818 0.00182665398460813 0.000738242765510222 0.0047819844679907 0.00139716679695994 0.0016069177800091 0.000864563019422349 0.00157904143561609 0.00296137651894242 0.00740332938730717
0.00572479118127376 0.00531836790032685 0.00239160991623066 0.00288763039279729 0.00444014034001157 0.00168168467353098 0.00044069429859519 8.84661731106462e-05 1.79418197149062e-05 2.41373973949521e-05 1.661584874455e-05 9.671442603576e-06 6.82301538290631e-06 8.34970878713648e-05 8.82019119671895e-05 1.88770510249014e-05 4.95622532980633e-05 3.35447982251935e-05 3.62182262506394e-05 5.55045518012776e-05 2.42900149714842e-05 7.86540460467222e-05 0.00162200095946901 0.0108885835390538 0.021519068069756 0.00594223286025226 0.0511457171291113 0.110734216868877 0.0834181666374207 0.148212370276451 0.0862720459699631 0.0568788379430771 0.113388036936522 0.1849176004529 0.285940013825893 0.0173311757855117 0.0100058747571893 0.00688261962495744 0.000984890303516295 0.00220801860559732 0.000216662222555897 0.000312032304645982 0.000214842602144927 0.000127228208384622 8.74853761160921e-05 0.000630236107826931
0.00426930185640231 0.00920345648191869 0.00438992826966569 0.00224858687724918 0.00256487441947684 0.00393701876746491 0.00636576330289245 0.00768315424211323 0.0024241364444606 0.000680874061072245 0.000102795287239132 2.41475732764229e-05 5.29809663021297e-06 2.26092571210756e-05 6.47978911274549e-06 3.8332276744768e-06 2.08857052257372e-05 2.92832120067033e-05 1.50266772834584e-05 0.000147692137397826 0.00024346220161533 0.00028651136381086 0.000536947246291675 0.00278086833423004 0.00999066452495754 0.000433927042104187 0.00679174023680389 0.0486741468310356 0.0649830263108015 0.265797354280949 0.00709643202135339 0.0461210940033197 0.0339996611699462 0.0331652011722326 0.108280317485332 0.211297026276588 0.0102622011909261 0.00912079650443047 0.00304237500531599 0.00074322395157651 0.000399936431495007 0.000230878739967011 0.000199813370818447 0.000197561393724754 0.000389375533268321 0.00150436922267545
0.0185352623462677 0.00591911775991321 0.00231117374496534 0.00106735056615435 0.000434994412353262 0.000236039790615905 0.000541383802192286 0.00100007866858505 0.00107953552505933 0.000569816050119698 0.00052240586373955 5.8504791741143e-05 8.35430944334803e-06 6.01336482759507e-06 7.95709056546912e-06 4.32359605611055e-06 2.91940350507502e-06 1.3104298068356e-05 8.31616275718261e-06 7.69313399359817e-05 0.000225869339192286 0.000589838769519702 0.000795381861098576 0.00020972014281142 0.000236301930635818 0.000214333849726245 0.00619341062847525 0.000305116457457189 0.00318075534887612 0.0355224521830678 0.20392272695899 0.00596182555891573 0.104509379714727 0.0469620665535331 0.0270226050168276 0.105342492461205 0.0493576847016811 0.0113715798594058 0.0152662517502904 0.00748826236231253 0.000507630462016095 0.00011904958737432 0.00053140083400649 0.000341553767430014 0.000697786742239259 0.00280796264414676
0.00383016779087484 0.00480494578368962 0.00182802479830571 0.000166769326460781 0.000129858402215177 3.35299140715506e-05 8.68916762556182e-05 0.00038934517360758 0.000327095716784243 8.69053987116786e-05 4.2224807657476e-05 6.01925933096936e-06 6.87181627654354e-06 2.59308889098975e-06 2.05087876565813e-06 1.27633682609485e-06 2.08791103659678e-06 5.4185353064895e-06 2.46732393861748e-05 8.65539564983919e-05 4.83464174067194e-05 8.00311927378061e-05 6.93825862981612e-05 0.000131980002697674 0.000205955385172274 6.31958226222196e-05 0.000442639538960066 6.01416238396268e-05 0.00177982056047767 0.0131783235818148 0.0619124058634043 0.000853133569762576 0.0223309644963592 0.0904075503349304 0.11285095885396 0.107480031996965 0.123802254348993 0.0714930791407824 0.074586171284318 0.0841791450977325 0.00399688867619261 0.00074724513979163 0.000338135643141868 0.000250210022204556 0.0010789371561259 0.00207254340057261
0.00169434867566451 0.00216242702445015 0.000293639322626404 6.92388999596005e-05 1.86995776857657e-05 1.92335121937504e-05 7.20521754828951e-06 5.95489605075272e-06 2.13518625059805e-05 2.36518654674001e-05 7.29942710222531e-06 1.62302230251044e-06 1.53037548784596e-06 1.39109698693574e-06 9.42037604545476e-07 6.2277537438149e-07 1.25543792250937e-06 3.41694981216278e-06 5.62599295790278e-06 8.90528872332652e-06 1.20959852665692e-05 7.51289060644922e-05 1.47025768001186e-05 6.07249930908438e-05 0.000132061541808071 0.000129976505559171 0.00010871923295781 0.00027051596698584 0.00233844935428351 0.00383627923438326 0.0105473679490387 0.0742641378194094 0.100233374536037 0.170845229923725 0.152200981602073 0.0244407354854047 0.0372581300325692 0.0268138909712434 0.00275265384698287 0.192378776520491 0.0759641861543059 0.0371566450223327 0.00451199634699151 0.000199059956139536 0.000171485134887917 0.0017736629670253
0.00235948716290295 0.00157311701914296 7.9708735938766e-05 7.71119670389453e-05 5.82907287025591e-05 6.71262707783171e-06 1.68658856978254e-06 8.90908199835394e-07 3.52924416802125e-06 1.85710051141541e-06 1.61612856004467e-06 1.63779542958764e-06 1.25270172475211e-06 9.41389177455676e-07 7.06941330008704e-07 1.22037645269302e-06 6.5615103608252e-07 1.72617493490179e-06 3.61958390158179e-06 5.00977497495114e-06 1.86579525234265e-05 2.04358962491824e-05 8.84376069734572e-05 0.000137321425427217 8.36596602312056e-05 0.000289860176417278 2.67875545432616e-05 0.000226653690333478 0.000233736425434472 2.77536979410797e-05 0.000183105825635721 0.00202197274775244 0.00287762035150081 0.00915242773480713 0.00474771517328918 0.0159667653031647 0.133642572164536 0.0131873142905533 0.00321569800144061 0.362597551941872 0.17474143281579 0.186583054065704 0.00389816184761003 0.00100731791608268 0.000121796069879565 0.000286786985816434
0.00119375960493926 0.00101033849641681 0.00046168994740583 4.99833551657503e-05 9.17270240279322e-06 1.58288192437794e-06 4.43845281949962e-07 4.95576101400275e-07 3.60257574527623e-07 3.09288282807074e-07 6.34514476871573e-07 3.41690515597293e-06 3.37466865403258e-06 8.80932830682468e-07 3.68824561292058e-07 5.69691150076323e-07 8.16620331534068e-07 1.11508393842996e-06 2.65231220737405e-06 3.48181594745256e-05 4.77295054224669e-05 7.23561493032321e-06 1.39133815537207e-05 3.55370612851402e-05 6.55516432743752e-05 3.10916419948626e-05 1.30615564330583e-05 0.00014796904179093 0.000230207440472441 0.000206610548048047 0.000124678145948565 0.000180182328767842 0.000201306607777951 0.000499789633613545 0.00120347471092828 0.00241151304217055 0.00858072792179882 0.000242839221755276 0.00156993938144296 0.098735012114048 0.185456544905901 0.0293812043499202 0.088906517252326 0.00454201902030036 0.000606177125155227 0.000136380689809812
0.000404724666441325 0.000136826111702248 9.67338684858987e-05 3.93901033021393e-05 4.01308673190215e-06 8.45963489837231e-07 2.82874237456099e-07 8.04670477805303e-07 4.17378663541967e-07 2.33431153873198e-07 5.88196961359699e-07 5.09989592956117e-07 2.86405377778465e-06 1.84289344815625e-06 3.2741730464636e-07 5.48390798371656e-07 1.45632897101677e-06 1.82539379238733e-06 4.48624853106594e-06 1.9948062072217e-05 3.25666958815418e-05 1.04594622371224e-05 2.9567119827334e-05 1.37226298875248e-05 2.24855239366661e-05 5.55403936232324e-05 9.53211110754637e-05 4.75684331831872e-05 5.72674798604567e-05 0.00018050279468298 0.000158738989557605 9.25357984669972e-05 0.000160945137758972 0.000184309264295734 0.000598307710606605 0.00183835169009399 0.0390547417104244 0.309861107170582 0.206279104202986 0.420127162337303 0.276277001202106 0.622327753901482 0.0646243257448077 0.0190135966986418 0.00125878055259818 0.000672138373920461
0.0012866951408796 0.0017005872738082 0.00759014119394124 0.000762745013344102 3.32628278556513e-05 2.53620361263529e-06 3.03634156750832e-07 1.93258982505995e-07 3.45594831685503e-07 1.57603065176204e-07 2.19149318070322e-07 3.88162064268727e-07 3.37174897140358e-06 6.58888782822942e-07 1.40543967290796e-06 1.12246522689929e-06 6.91643094796746e-07 1.53368723090352e-06 3.97335859361192e-06 1.18195745017147e-05 5.69800957237021e-05 6.00497246523446e-05 3.28100777551299e-05 5.85737454912305e-06 5.15536116836301e-06 7.94823969044955e-05 3.83047689865634e-05 7.2473920226912e-05 4.17269641729945e-05 5.71441716601839e-05 0.000150434009265155 5.86159816521103e-05 0.000118009328798507 0.0003848503853078 0.000220814073691145 0.000363841220678296 0.00355464377207682 0.0186096798628569 0.0276529115624726 0.0330767661333084 0.00700687766075134 0.103621714189649 0.0996582306921482 0.0184515235479921 0.0046126358647598 0.000768665623763809
0.00113815421645995 0.0151990162208676 0.00347944479435682 0.000196231526206248 3.14756165607832e-05 1.48677191191382e-05 3.88917956684054e-07 1.5605195038404e-07 1.87896056758063e-07 1.31698257987978e-07 1.20727798602616e-07 1.83673314779753e-07 6.43155149191443e-06 6.47310164936243e-07 6.14877775717559e-07 2.55264543511657e-06 1.09353476545948e-05 1.53455736381147e-05 4.45115815637109e-06 2.30906277352005e-06 1.44897892937479e-06 2.21114970031522e-06 3.63793612336849e-06 1.68962471207124e-05 5.64261425097357e-05 5.74062991290702e-05 5.91464600802283e-05 5.95448969761492e-05 4.11554462516506e-05 7.18770974344807e-05 8.29352578875842e-05 0.000100943981306045 6.52307939162711e-05 0.000105641296613612 0.000217886803875444 0.000211864717130084 0.000337419407151174 0.000343925948254764 0.000423074309946969 0.000670256282319315 0.000937349459854886 0.023038912191987 0.170227811671793 0.0667555078864098 0.0147319528041407 0.0196756513090804
0.000641314822132699 0.000623657184769399 0.000222236197441816 2.07415737349947e-05 1.41602392318418e-06 4.14155238104286e-07 1.08358510431117e-07 1.37495053564862e-07 2.46113996382746e-07 1.98526788963704e-07 2.37796957236469e-07 2.5984666578438e-07 1.87784452805317e-06 3.00420142451685e-07 2.88462371855758e-07 8.46680040922365e-07 2.08243895372107e-06 3.54842429146629e-06 7.87188497497482e-07 7.1835451365132e-07 1.15745604318818e-06 1.05251817331009e-05 2.52281408393173e-05 3.04159013467142e-05 4.85147327708546e-05 5.52704303117935e-05 2.98586561257252e-05 1.26387097452607e-05 7.2718256888038e-05 5.84379029533011e-05 7.27250384443323e-05 8.38300880786846e-05 4.44987190348911e-05 4.69735145088634e-05 5.19045202963753e-05 5.82774109716411e-05 0.000161885654961225 0.00022367500278051 9.62988549872534e-05 0.000149782597145531 0.00351754096918739 0.0438034871593118 0.00341654256772017 0.0681337391957641 0.0194695475976914 0.0144116292707622
9.60828678216785e-05 2.50074972427683e-05 1.86499825758801e-05 3.03572862776491e-06 4.80564512628234e-07 1.32231229343915e-07 1.46077659479715e-07 6.55060217624737e-08 2.56967605594127e-07 1.28018920264594e-07 2.35097566303466e-07 1.6660371272792e-06 6.35111494773355e-07 2.03581627289395e-07 2.7603586403302e-07 3.55007064456458e-07 5.95255862378963e-07 1.07595477629729e-06 1.19231182509338e-06 6.696843388454e-06 8.27220494556968e-06 1.58545620251971e-05 1.19677631118975e-05 1.44024225392059e-05 5.14714025712237e-06 6.38180567875679e-06 4.17966331951902e-05 3.04326194964233e-05 7.67088493375923e-05 8.53145224027685e-05 5.63999674341176e-05 6.47846378342365e-05 3.87190520086733e-05 4.07734798500314e-05 6.22932999249315e-05 4.47571435870486e-05 5.00208398079849e-05 0.00011264365966781 8.02705159003381e-05 0.000103157331977854 0.000138385596073931 0.000579397889669053 0.0937007610220462 0.0250799596833531 0.15509219262749 0.00623150944593362
6.45386478481669e-06 3.18268348564743e-06 1.42077328177947e-06 9.67488384162607e-07 1.45403051021731e-07 9.72337147686631e-08 7.72763375067598e-08 7.01740990649569e-08 5.44608897534715e-08 1.31245972667671e-07 9.93095946455469e-07 3.9200827472996e-07 1.29387970559947e-07 1.73243233092535e-07 1.56671326578817e-07 9.78451620170517e-08 1.13102653997998e-07 1.99548710355657e-07 2.66219092281972e-06 2.8290932220898e-06 2.35914760366995e-06 8.42936649405601e-06 9.50385167470813e-06 1.35400842964373e-06 3.56103869307844e-06 2.38935911511362e-05 3.68646569768316e-05 2.537843747632e-05 5.51032379007665e-05 7.72971667174715e-05 3.60876433660451e-05 3.61159168278391e-05 3.63083046977408e-05 5.708807893825e-05 3.67031516361749e-05 3.98617632527021e-05 7.34657136490569e-05 4.89977481265669e-05 0.000105310976869077 7.19951503924676e-05 3.06751795505988e-05 7.48288923205109e-05 9.38364159082994e-05 0.000542229916027281 0.0631337717175484 0.771859788894653
2.0829011987189e-06 3.8297456512737e-06 2.74219322591307e-06 7.43483806218137e-06 1.93031874573535e-07 5.28565930579816e-08 4.78023998162769e-08 6.26026109173949e-08 7.82903656570966e-08 1.37783604827746e-06 5.40022777784088e-07 9.02532615754126e-08 3.50637279211696e-08 3.52863243513468e-08 3.92714994745802e-08 3.88316269805955e-08 4.18187179995755e-08 2.10486911100816e-07 1.43839201314222e-06 6.73799725063873e-06 1.02105344268466e-06 6.41429637653346e-06 1.2570807996326e-06 4.45342092234569e-06 9.5955276492532e-06 1.91831773008744e-05 1.54446763190208e-05 3.24649519825471e-05 2.43713798226963e-05 4.83174346300075e-05 3.09096107230289e-05 3.07215820612328e-05 4.11502046517853e-05 3.31728090714023e-05 3.61787417205051e-05 6.21401643002173e-05 4.2258049325028e-05 4.5697871610173e-05 9.33475104829995e-05 5.66668475585175e-05 3.01217095511674e-05 5.97505710175028e-05 6.98031781212194e-05 8.67876606207574e-05 0.000128535571820976 0.00261392571846955
3.3727202890077e-06 3.59889063474839e-06 1.72459459463425e-05 3.04970567412965e-05 3.00236213490734e-07 5.8287623083686e-08 4.38654872425559e-08 4.1932184036142e-08 1.86925070977395e-07 7.45698028481456e-07 1.32077361314487e-07 1.45401543960588e-07 5.49682875217172e-08 2.22375002856268e-08 2.4288154953922e-08 2.4265148779179e-08 3.19114829228084e-08 2.06934075919207e-07 5.4102899085251e-07 7.51570226498188e-07 7.09467298065647e-07 1.19960572249056e-06 1.58983783649091e-06 6.6341720184937e-06 1.39304252570582e-05 9.51446334056527e-06 1.94248073967174e-05 3.00690585390839e-05 3.51703965861816e-05 4.73071180749685e-05 1.46717730785895e-05 2.8308411128819e-05 2.99593055387959e-05 6.28544523351593e-05 3.35826272021222e-05 6.26871888016467e-05 5.13184386363719e-05 4.059032553414e-05 8.88355138158659e-05 3.16910275614646e-05 5.4199951227929e-05 3.84502553970378e-05 6.24378290012828e-05 0.000257122151379008 0.000159888957205112 0.0002398728778644
9.34610334297759e-06 6.40383152585855e-06 0.000180700051714666 0.000141120730404509 7.89362347575207e-07 1.00523568846711e-07 3.96403983415894e-08 5.12968107102552e-08 8.35436689783364e-07 4.90536638153571e-07 1.41527906905026e-07 7.85932675384515e-08 2.0485213836352e-08 1.78938078576607e-08 2.07604567981079e-08 2.1589502496866e-08 4.3552083184295e-08 1.69051296552425e-06 5.52253260366342e-07 5.99100523857032e-07 5.5541095434819e-06 4.68469052066212e-06 3.85025152240814e-06 1.07355529053166e-05 1.11894447854866e-05 7.35306425667659e-06 1.4263723141994e-05 1.75748209585436e-05 1.42297792081081e-05 0.000193501531066431 8.18777417862293e-05 2.55438296335342e-05 5.54131485841936e-05 8.12028883956373e-05 3.08903831864882e-05 3.15081307235232e-05 3.32315946252493e-05 3.51894082996296e-05 3.83057527869823e-05 0.000148595261998707 4.27254080932471e-05 8.47337839786633e-06 7.73363897678792e-05 0.000131604092894122 0.000100524919434974 7.63617316806631e-05
5.06396092987416e-06 2.04462484362011e-05 0.000115484914567787 4.662975698011e-05 3.09669061948625e-06 8.82465355900308e-08 2.94510464904363e-08 4.0170347137547e-08 3.76383066225117e-07 5.54357897897262e-07 1.62560031213843e-07 4.3663165349983e-08 1.58119922710753e-08 1.52350552173885e-08 1.56102218040743e-08 1.73858774932256e-08 5.15584584803719e-08 2.42691940144368e-07 8.07137754321729e-07 2.41305627923794e-06 3.12020109731748e-06 6.62234212995827e-06 4.81766551729379e-05 1.0729486098171e-05 1.09037985566829e-05 6.16417273704428e-06 1.15915625883645e-05 1.10753853732604e-05 1.83617175480322e-05 0.000140366807863757 6.40781108813826e-05 2.19252094666444e-05 3.42895403264265e-05 4.43333768998855e-05 2.73018946245429e-05 2.83614329418924e-05 5.21612435477436e-05 7.26286432836787e-05 3.36496777890716e-05 3.74518767785048e-05 7.1154867146106e-05 6.92695733960136e-05 3.85249069950078e-05 7.8235582986963e-05 7.14038091246039e-05 0.000259482736873906
