Scripts_&_data/Maxent_result_files_2/B_veteranus_2.asc
NCOLS 594 
NROWS 330 
XLLCORNER -15 
YLLCORNER 23 
CELLSIZE 0.166666666666667 
NODATA_value -9999 
[rows 100 to 119 of 330, columns 506 to 551 of 594]
0.00310237902449444 0.00274031687295064 0.000210113246794208 0.00131870091136079 0.000524807903275359 0.000594272173475474 0.0006061595689971 0.0014673627432785 0.00061149543907959 0.00172604300896637 0.00771793883177452 0.00591284609399736 0.000378599703981308 0.000911851442651823 0.00319918788154609 0.00123953505826648 0.00595705976011232 0.00857928581535816 0.00690084239467978 0.00221113476436585 0.00324643299682066 0.00405880960752256 0.00442684922600165 0.0106344838277437 0.0518018867820501 0.00228826447273605 0.00438465978368185 0.00137443665007595 0.00111186039575841 0.00288037023856305 0.00220442408462986 0.00257123876363039 0.00311697160359472 0.00237715123221278 0.00546318958513439 0.00209890958212782 0.00184248119476251 0.00165297965868376 0.00141559009207413 0.00197835045983084 0.00488014605361968 0.0219238645397127 0.00284581675659865 0.0010481371282367 0.00400942709529772 0.00224588390556164
0.0189782368950546 0.0108107051346451 0.00989835213404149 0.0116416518576443 0.0007290802517673 0.00261376217240468 0.00104753893683664 0.0088715658755973 0.0035659359768033 0.00122985274065286 0.00514206809457392 0.00725053111091256 0.0039644087664783 0.00354292608099058 0.00287900593830273 0.000523863475245889 0.000848398407106288 0.00128916289540939 0.00238980890717357 0.00119116865098476 0.00289931333390996 0.00339262937195599 0.00617207589093596 0.00589823552872986 0.00221812773961574 0.000340477352074231 0.00200157852377743 0.00265235668630339 0.00395161168416962 0.00301388209918514 0.0143125701230019 0.00783842301461846 0.00189961227588356 0.00503113669110462 0.00649567926302552 0.00466138665797189 0.0092170164512936 0.00467923387186602 0.00527426840271801 0.0035644666000735 0.0269935158663429 0.0134129007812589 0.00494930456625298 0.00189239119063132 0.00403529260656796 0.00450336465728469
0.00479355519637465 0.0162738432409242 0.00395648631965742 0.00143586886115372 0.000454940403869841 0.00714308340102434 0.0170333460904658 0.00536565382499248 0.000866896056686528 0.000887106647132896 0.00153133674175479 0.00165918209240772 0.00459454944357276 0.000950222299434245 0.00773882115026936 0.000370578006550204 0.00129397046403028 0.000675135529309045 0.00136057185591199 0.00738678160123527 0.0111007876228541 0.00295590836321935 0.00192976593971252 0.00216977347736247 0.000850542847183533 0.00144005063921213 0.0116379409795627 0.00281862894771621 0.00268603308359161 0.0244797013700008 0.0213142873719335 0.00110102008911781 0.000568007896799827 0.00130213454249315 0.000821011755033396 0.00169755187816918 0.0040402569109574 0.00276423043105751 0.0109873331151903 0.00930597963742912 0.00294327161682304 0.00244205182534643 0.000774835383344907 0.0175237711053342 0.00245774215436541 0.00943949650973082
0.00494128664722666 0.000628367916215211 0.00304042861098424 0.00325242955004796 0.000585249748837668 0.000544912299665157 0.00327068902552128 0.00400349483825266 0.00278910080669448 0.00372107423609123 0.00622388757765293 0.00483622479951009 0.00110736953211017 0.00219948792364448 0.00350822892505676 0.00283180893165991 0.00434147343039513 0.00616595291066915 0.00968465907499194 0.0257757057435811 0.00245384005829692 0.00496356934309006 0.000856837828177959 0.00276627130806446 0.00840003415942192 0.00840486716479063 0.0131367486901581 0.00735153325367719 0.00525081902742386 0.00679237109143287 0.0137540807016194 0.0275288796052337 0.0321276318281889 0.0487949365749955 0.0587626326829195 0.0154165674932301 0.00886161089874804 0.00181960932677612 0.0021965728723444 0.0370527256280184 0.00930875814519823 0.00952741228975356 0.0036497013119515 0.0006004976836266 0.00387139649537858 0.00600505562033504
0.00682324944064021 0.00234538222430274 0.0011023068043869 0.00941015952266753 0.00235090306960046 0.000392632094735745 0.00108649499015883 0.00548122844193131 0.00196728963637725 0.00246123861870728 0.00334406623151153 0.0034747485187836 0.00136880682839546 0.00409635577816516 0.00184560440829955 0.000574468483682722 0.00496640556957573 0.0122974722646177 0.0329231809824705 0.0214523730799556 0.0252749333158135 0.00368988389382139 0.00620455867610872 0.0334420461207628 0.0663872852921486 0.0690570682287216 0.0024315373157151 0.00960326422937214 0.00313503531506285 0.00725369441788644 0.00611591888591647 0.00675015647429973 0.055515431240201 0.0540753846988082 0.0533547842875123 0.0394532704725862 0.0203033907338977 0.0179872803390026 0.0338996302336454 0.0364902727305889 0.0131298024207354 0.0350119413807988 0.0252350165508687 0.020029014442116 0.00454292891081423 0.02799689527601
0.0100029544206336 0.0424067597836256 0.000376539702119771 0.0149110377766192 0.0263677906244993 0.0310094429180026 0.0283449482172728 0.0310190740972757 0.0167674026452005 0.0151478802785277 0.0288691278547049 0.00942769786342978 0.00576201011426747 0.00522948086727411 0.0329628098756075 0.0116915734950453 0.0249586378224194 0.0225860994309187 0.0332004042342305 0.0203193250112236 0.0207882098853588 0.0210927534848452 0.0276608062908053 0.0122371424455196 0.0215015899389982 0.0117595407646149 0.00209952357108705 0.0111667586956173 0.0114962096326053 0.00182950481539592 0.00522060212679207 0.0134065859485418 0.0685102630406618 0.0399266961961985 0.0751842938363552 0.0651758342981339 0.0950168021023274 0.0264661204069853 0.00552788765635341 0.0505463350564241 0.0646846819669008 0.0353517106734216 0.0784975275397301 0.0112739022355527 0.0301667155697942 0.0130369158927351
0.0465607959777117 0.0120834611123428 0.000670643918783753 0.042135469801724 0.0210071286186576 0.0079319013748318 0.00660160058178008 0.0286474999040365 0.0113556637428701 0.0207902320660651 0.0308467945083976 0.00298520576907322 0.00313270564656705 0.00924554755911231 0.0364073531702161 0.00438449080102146 0.00475271532777697 0.00385104455053806 0.00846089948900044 0.00129617038182914 0.00166122848168015 0.00259213370736688 0.000822119718941394 0.00406469159061089 0.00636093223001808 0.0433806952089071 0.0150587408803403 0.0141858791932464 0.013536833692342 0.0534144269302487 0.0484727801755071 0.0115076038520783 0.0744393169879913 0.0762278966605663 0.0340586049482226 0.12294622734189 0.0620002828538418 0.0762656398117542 0.0338272705674171 0.0265091774985194 0.0145856597926468 0.028385799517855 0.0925142776221037 0.0200458480045199 0.0278770532459021 0.0130273402668536
0.0157639648299664 0.00977543643675744 0.000522966948483372 0.00518877503927797 0.0204714015126228 0.0474327517673373 0.00548928421922028 0.00333931228378788 0.0137076556682587 0.0250381899997592 0.00198212253162637 0.00617579657118768 0.0080837503541261 0.0023755103815347 0.000722084674634971 0.00106371715373825 0.00135762591380626 0.00722784716635942 0.00269943934981711 0.0251092695631087 0.033846296928823 0.0265716011635959 0.00807663048617542 0.00121742020710371 0.00600778146181256 0.00466653108596802 0.0668464191257954 0.0131957691162825 0.0299359727650881 0.00302685146452859 0.143772525340319 0.0361766122281551 0.045259862113744 0.0558023408055306 0.0840804383158684 0.0280016358941793 0.0573056306689978 0.0620291572064161 0.0567155670374632 0.0225659743882716 0.0081487586023286 0.0127625743160024 0.0491854127496481 0.0186440579593182 0.0678034543991089 0.0155953045003116
0.0185712160775438 0.0184941464103758 0.0327478652819991 0.0042925113462843 0.0178673600777984 0.0312452437356114 0.00702461171895266 0.00304104747483507 0.0102632565423846 0.0122478620149195 0.00173155520460568 0.00193715897621587 0.0017488362675067 0.00911373756825924 0.00116181168414187 0.000558053828717675 0.00174052088405006 0.00621006374713033 0.0138076624833047 0.00533035122789443 0.00139700260187965 0.00547585745807737 0.0104399722069502 0.00540073839947581 0.00305503557901829 0.0311424948275089 0.0202336647547781 0.00604014040436596 0.00747047332115471 0.038552412763238 0.0815508715808392 0.0527480762451887 0.0271530974656343 0.0515194520354271 0.0733509730547666 0.0684772204607725 0.084354367852211 0.106248292326927 0.0153168770484626 0.0077436777530238 0.0476759493350983 0.0458297184668481 0.0184019328095019 0.0387803772464395 0.0232861137017608 0.049618618004024
0.0013181458984036 0.000812194538593758 0.00374103016220033 0.00663825939409435 0.00464551204349846 0.0114604173228145 0.00240919797215611 0.00126073270221241 0.000549507539835759 0.000829526213055942 0.00378618014510721 0.0233012186363339 0.0158006849698722 0.030278754606843 0.00101822770957369 0.00263810981996357 0.00312605652725324 0.0167526474222541 0.00509147790726274 0.00228298719739541 0.0223442018963397 0.00505918599665165 0.0186910931020975 0.00797902904450893 0.00175153414602391 0.0206787574104965 0.0133538091555238 0.00577088862191886 0.0197341772727668 0.0725166033953428 0.108146934956312 0.0329333437606692 0.081006446480751 0.0300569288432598 0.003812585468404 0.0991758719086647 0.130607181787491 0.0392514418810606 0.0606119859963655 0.00322307975729927 0.00647491209674627 0.00241464306600392 0.0345918687060475 0.0372346187010407 0.0224022964946926 0.0360627429559827
0.0265106797218323 0.02632240280509 0.0213736534118652 0.00548952175304294 0.00257913923705928 0.00498527730815113 0.00313569405116141 0.00274604621808976 0.00302212147507817 0.00172588161658496 0.00334348401520401 0.00187968931277283 0.0030741146299988 0.00367456494132057 0.00288990219123662 0.00218717457610182 0.00309827057644725 0.00734575188253075 0.0019402371137403 0.00154934321471956 0.0107857181224972 0.00147977967862971 0.0388080852106214 0.00554327332647517 0.007589709199965 0.0157080848701298 0.0197832424193621 0.00436054383171722 0.000993909398675896 0.0247607699595392 0.0709228441119194 0.0612974107265472 0.00674291972536594 0.00268305182107724 0.0158578729256988 0.00869892993941903 0.101563623547554 0.0234307466074824 0.101679679006338 0.0430612370371819 0.0140377352945507 0.00778872948139906 0.0351930598728359 0.0143683960661292 0.00698831072077155 0.00510208420455456
0.0153177432715893 0.00401461095316336 0.0104818169958889 0.0088967892806977 0.0196253805421293 0.0280977951362729 0.0338361905887723 0.00121266441419721 0.00062475208833348 0.00110020713182166 0.0275426086038351 0.00286115695489571 0.00280507202260196 0.00311497538350523 0.0106922671198845 0.00376365922857076 0.00397982551949099 0.00080736702948343 0.000923408960807137 0.0017831559991464 0.00142505424737465 0.00502890343777835 0.0253031138330698 0.00340019581490196 0.00908259861171246 0.00950844357721508 0.0102673719637096 0.0213563956320286 0.0326045786961913 0.00574460038915277 0.00950575261376798 0.00754462624900043 0.0146855973638594 0.00726434048265219 0.0066258147591725 0.00130337817245163 0.00128847241867334 0.00535592678934336 0.0068187300581485 0.0124867148697376 0.017647972330451 0.0106171149760485 0.0104658417869359 0.0110250010155141 0.00917986338026822 0.0026163773261942
0.0215657926164567 0.020811689645052 0.0197957112453878 0.0103395854122937 0.0302000856027007 0.00569149390794337 0.00706221638247371 0.00903320787474513 0.00438480244483799 0.00129997286130674 0.00333486030576751 0.0143639974296093 0.0051661383593455 0.0034019689890556 0.0032362651778385 0.00318269096314907 0.00546410691458732 0.00560999799054116 0.0224134806543589 0.00203046642709523 0.0922183848917484 0.00855712802149355 0.028680251725018 0.038734076730907 0.0346370767802 0.0584045238792896 0.0585005953907967 0.00372968364972621 0.0169291559606791 0.00554917778354138 0.00460897739976644 0.0477583833038807 0.00375519181834534 0.00235035553341731 0.0188685024157166 0.038422061689198 0.0313399022445083 0.0121116042137146 0.00561015212442726 0.00677892128005624 0.00280230883508921 0.0016665444301907 0.00215253560454585 0.00493417982943356 0.0101328038610518 0.00264844711055048
0.0219956657849252 0.0212847526185215 0.00291606935206801 0.00316076041199267 0.00798606802709401 0.0059274944011122 0.0131884834729135 0.00709158347453922 0.00661443169228733 0.00288014994002879 0.00356793435057625 0.0149421134032309 0.0332753032445908 0.059213399887085 0.0144609996117651 0.0347914278507233 0.00614621408749372 0.0013745700038271 0.000637456984259188 0.00279194921022281 0.005572988698259 0.00686941158492118 0.00658277224283665 0.00604093447327614 0.00567212018650025 0.0190838382579386 0.0182049874216318 0.0178040288388729 0.0199734671972692 0.0157183133997023 0.00394490273902193 0.0136027894448489 0.0645313777029514 0.0930041790008545 0.0185680493712425 0.0318475127220154 0.0636842131614685 0.0132865574676543 0.00700724564958364 0.0044796314323321 0.00571501932572573 0.01815823642537 0.00337767166784033 0.00566652454435825 0.0205093014985323 0.0246714288368821
0.0273497767746449 0.0166033739224076 0.0851532537490129 0.00547810213174671 0.0076574855716899 0.0302699537947774 0.00497615276835859 0.00186765059479512 0.0029100448358804 0.00359488618560135 0.00295741325244308 0.000802802195539698 0.00355107778450474 0.00267657212680206 0.0168595463037491 0.00293344558449462 0.00384543261025101 0.00111453937424812 0.00991781577467918 0.0135376805439591 0.00122820523683913 0.00891503104940057 0.0113336285110563 0.0056826499523595 0.00604630182497203 0.00366488815052435 0.00729332799091935 0.0144340004771948 0.0123138313181698 0.00346967363730073 0.0729289848357439 0.0954143486917019 0.0331317830830812 0.051050178706646 0.112967405468225 0.105546057224274 0.0749491412192583 0.00851027895696461 0.00398398007964715 0.000851927939220332 0.000988438454805873 0.00726361148990691 0.00396462659118697 0.00318971173837781 0.02489312319085 0.0463486317545176
0.0202811796218157 0.0199635527096689 0.0131822419352829 0.0194588472135365 0.0104418685659766 0.00245801734854467 0.00123379898141138 0.00154331278754398 0.00448568083811551 0.00307602717075497 0.00355695248581469 0.0125053517986089 0.0183032759465277 0.00132632859167643 0.00164988393080421 0.00109694465063512 0.022422306612134 0.0069650579476729 0.00152536706300452 0.00748516886960715 0.00794403837062418 0.00439095597248524 0.00416983750183135 0.00487598027102649 0.00372284125769511 0.00436335715930909 0.00168225065572187 0.00575497280806303 0.00736398780718446 0.00109907822916284 0.00534004878718406 0.0721248298883438 0.0878517121076584 0.0437419163063169 0.0111267774365842 0.0108704186044633 0.015527300350368 0.0303315181285143 0.0247098099440336 0.00727707366459072 0.0113197020255029 0.00765055047813803 0.00126503584906459 0.00389846195466816 0.00457086977548897 0.0298153327777982
0.0282748091965914 0.0185496180318296 0.0192918391898274 0.0298902643844485 0.0346135009080172 0.011375720705837 0.0140891335904598 0.00306511248927563 0.00246120973606594 0.00183946357574314 0.000451423748745583 0.00152028746670112 0.0116559556219727 0.00297993767308071 0.00320954186609015 0.0125364678911865 0.00159342837287113 0.00126147797564045 0.00717483104672283 0.00115904275735375 0.00194959157379344 0.00387638130923733 0.00154427326633595 0.00225764216156676 0.0015209878445603 0.00137706098612398 0.0018287913990207 0.00701302448287606 0.0088850543834269 0.00610999136697501 0.00568915822077543 0.00739040677435696 0.0245008945465088 0.00718642107676715 0.0135731040500104 0.00534676010720432 0.00309828954050317 0.000729220495850313 0.00158959263353609 0.00316875171847641 0.00640600235201418 0.0016261130804196 0.0076894954778254 0.0316439164802432 0.0126786099746823 0.016083403956145
0.00310428377706558 0.0292195539921522 0.03533387593925 0.0163385590538383 0.0303915305063128 0.0110149418003857 0.00302834090543911 0.00449078009696677 0.00156679208157584 0.00476681857835501 0.00113129689416382 0.000375233295198996 0.0110509150894359 0.00273978859186172 0.00448249422479421 0.000530953616544139 0.0104508399497718 0.00521945871878415 0.00203520284849219 0.00570417873095721 0.00435337594244629 0.0395760778337717 0.0019475192821119 0.0139311489183456 0.0037431673379615 0.00343274986371398 0.00521376049146056 0.0434589080512524 0.0036812829785049 0.000919771115877666 0.00331760984845459 0.00171964663895778 0.0218455656431615 0.0271394411101937 0.00116517858114094 0.0153612872585654 0.0101251873653382 0.00879614227451384 0.0037709167227149 0.00587306076195091 0.000805346033303067 0.00474093537777662 0.0313043614849448 0.0335457261651754 0.00446936173830181 0.034181696549058
0.00406695958226919 0.00779088789131492 0.0182745162397623 0.00467376990709454 0.00611860519275069 0.0251646477729082 0.0337032357230782 0.00394081110134721 0.00316685690777376 0.000658181647304445 0.00110571841069031 0.00452552119968459 0.00131160067976452 0.00806284314021468 0.00484615198802203 0.00247442721156403 0.00317045773845166 0.00388331067515537 0.00304049827973358 0.00450561079196632 0.0173065393231809 0.00167072577751242 0.0447050979360938 0.000460031234251801 0.0101066920440644 0.00834106970578432 0.00427567971637473 0.0184363562613726 0.00683528704103082 0.0121471535414457 0.00214979082229547 0.000675564655102789 0.00355493822135031 0.00310662923147902 0.00206351259839721 0.00179872350418009 0.0060522582847625 0.00998207684606314 0.0147922025993466 0.00782412351109088 0.00628393208608031 0.0231585918925703 0.0245523324236274 0.0130488563328981 0.0056239609606564 0.0203853738494217
0.135099098086357 0.0187080927193165 0.0101893397048116 0.0369670182466507 0.00590418744832277 0.0027505986392498 0.00267627116991207 0.00255097366170958 0.00437204687623307 0.00333918671822175 0.00429902916075662 0.00345467180013657 0.00075290659442544 0.00543375678826123 0.00253879904048517 0.00368495389120653 0.00377585394307971 0.0223002671264112 0.00127116343646776 0.00386473167454824 0.00231084089027718 0.00126024088240229 0.00116804783174302 0.0051050569396466 0.00127152478671633 0.0039570550667122 0.0011729297490092 0.00143176671117544 0.0013968724408187 0.00427852461580187 0.00306527077918872 0.000989671700517647 0.00139012723520864 0.0118353610858321 0.00305647996719927 0.00180624324129894 0.0199860002845526 0.0201830110512674 0.00371220789384097 0.00587300625629723 0.00376453759381548 0.0222203836776316 0.00586798812728375 0.0319139635190368 0.0198485165834427 0.0343785366043448
