Scripts_&_data/Maxent_result_files_2/B_vestalis_2.asc
NCOLS 594 
NROWS 330 
XLLCORNER -15 
YLLCORNER 23 
CELLSIZE 0.166666666666667 
NODATA_value -9999 
[rows 60 to 79 of 330, columns 315 to 359 of 594]
2.76377852514997e-05 0.000204862110695103 0.000256337285100017 0.000495094939833507 0.00068665549333673 0.000214228683034889 5.59340409381548e-05 0.000186358062637737 0.000265245360787958 0.000524271768517792 0.000599700878956355 0.000368093079305254 0.00117484808433801 0.00279288302408531 0.000794119853526354 0.000142262021472561 -9999 -9999 -9999 -9999 -9999 -9999 -9999 -9999 -9999 -9999 -9999 -9999 -9999 -9999 -9999 -9999 -9999 -9999 -9999 -9999 -9999 -9999 -9999 -9999 3.60777241965593e-06 3.68780315511685e-05 0.000125930480862735 5.61717370146653e-05 4.97122840897646e-05
0.000154536357149482 0.000141043189796619 0.00012450074973458 0.000165336766804103 0.000258830821258016 0.000232542968296912 0.000123914241339662 0.000101290919337771 9.53629209107021e-05 0.00033710829593474 0.000372350843099412 0.000527202014927752 0.00069499165401794 0.00163212112383917 0.00286658328259364 0.00276358707342297 0.000215031096740859 0.000384700542053906 1.2167329418844e-05 -9999 -9999 -9999 -9999 -9999 -9999 -9999 -9999 -9999 -9999 -9999 -9999 -9999 -9999 -9999 -9999 -9999 -9999 -9999 -9999 -9999 3.32997346674802e-06 3.03202394206892e-05 5.87393308705941e-05 2.64877378867823e-05 3.18967172006523e-05
2.6118348705495e-05 1.05930634617835e-05 5.82785991355195e-05 9.31815760850441e-05 9.32334623939823e-05 0.000112770129271667 8.33888396300608e-05 9.92744317045435e-05 0.000104078924050555 0.000209474682196742 0.000235468495520763 0.00021326394926291 0.000270231760805473 0.000336271709238645 0.00046669624716742 0.00182747647049837 0.00132956222514622 0.00207659566076472 0.00149593892856501 0.00194765223423019 2.12432957077624e-05 -9999 -9999 -9999 -9999 -9999 -9999 -9999 -9999 -9999 -9999 -9999 -9999 -9999 -9999 -9999 -9999 -9999 -9999 1.09880640081883e-05 6.57769676763564e-05 5.01098113090848e-05 5.68028253837838e-06 1.42400168670065e-06 6.76482974881765e-06
0.000269798761291895 0.000157697558097425 6.32948456768645e-05 9.73854930634843e-05 2.34120832828921e-05 1.41258645726339e-05 1.47720562381437e-05 1.71810700976494e-05 4.06692824981292e-05 6.30477459708345e-05 4.82412520796061e-05 4.83264697322738e-05 6.09465039815404e-05 0.000113193104334641 0.000330216017027851 0.000232115053222515 0.000310319080017507 0.000658445461886004 0.00148797991569154 0.00125175010907697 3.85415462005767e-05 -9999 -9999 -9999 -9999 -9999 -9999 -9999 -9999 -9999 -9999 -9999 -9999 -9999 -9999 -9999 -9999 -9999 0.000130099835087094 0.000169166397972731 4.37619195508887e-05 4.33361567047541e-05 5.45696777862759e-06 1.01098346476647e-05 2.91508753889502e-05
0.00261334035894834 0.000193981761549367 0.000232064088413608 5.50823031517211e-05 2.68625330136274e-05 1.98839601580403e-05 5.77710063225823e-05 2.02754075417033e-05 1.37537931095721e-05 2.36562028476328e-05 3.62113690243859e-05 3.49360124346276e-05 2.67733886175847e-05 5.41014700502274e-05 5.19504072144628e-05 5.38886095455382e-05 0.000108325660403352 0.000150336423394037 0.000230604749231134 0.000229873427088023 0.00105010276311077 0.000129826800457522 -9999 -9999 -9999 -9999 -9999 -9999 -9999 -9999 -9999 -9999 -9999 -9999 -9999 -9999 -9999 -9999 7.79621632887029e-06 1.6045099528128e-05 7.3803549821605e-05 0.000119526773778489 9.48940421949374e-05 3.21967938361922e-05 1.58762539967938e-06
0.00393882610369474 6.4835867851798e-05 0.000662180773360888 5.27527434314834e-05 3.81807480152929e-05 7.90372039318754e-06 0.000206592143149464 3.97599236748647e-05 1.13661903924367e-05 4.58325741419685e-05 1.81211068138509e-05 5.69932260987116e-05 3.41968339853338e-05 2.44004677369958e-05 3.46540412465401e-05 4.724254267785e-05 4.06358196414658e-05 8.00585195975145e-05 6.50864672934404e-05 0.000126462190382881 0.00024358786722587 0.000383278462686576 1.06536085148434e-05 -9999 -9999 -9999 -9999 -9999 -9999 -9999 -9999 -9999 -9999 -9999 -9999 -9999 -9999 -9999 -9999 -9999 4.88032347902845e-06 2.77490598250552e-06 1.69214566085429e-05 1.88727556178492e-06 1.03688523097389e-05
0.00659256412182003 0.000474332540034084 1.67033719662868e-05 3.64073502169049e-05 0.000120377490748069 4.38189610576956e-05 4.37338105257368e-05 2.36073238284007e-05 8.0666622670833e-05 5.4535189337912e-05 1.3008306541451e-05 9.74534236775071e-06 1.78840696207772e-05 1.60338184286957e-05 2.9516639369831e-05 4.05515667807777e-05 2.30641740017745e-05 3.15324055009114e-05 0.000144149291008944 0.000143025347279035 0.000115497791921371 2.62169549841929e-05 5.2909491569153e-05 -9999 -9999 -9999 -9999 -9999 -9999 -9999 -9999 -9999 -9999 -9999 -9999 -9999 -9999 -9999 -9999 -9999 -9999 -9999 3.86259493438956e-06 1.71497576047841e-05 8.88090723947244e-06
0.00103433741896879 0.000785603540134616 6.87001571350265e-05 0.000966369554225821 0.000140094941889402 0.000140688969258917 0.000228752752445871 2.02891079425171e-05 2.14400824006589e-05 1.81408639946312e-05 3.90898677324003e-05 6.33704152278369e-05 7.92248862126144e-05 0.000235820521629648 1.23102958923482e-05 3.12615169605124e-05 7.54487931772019e-05 3.330125764478e-05 0.000128953924286179 0.000126635802007513 6.44326954898133e-05 -9999 -9999 -9999 -9999 -9999 -9999 -9999 -9999 -9999 -9999 -9999 -9999 -9999 -9999 -9999 -9999 -9999 -9999 -9999 -9999 -9999 1.67303209934744e-06 1.17322117489493e-05 3.36665615350284e-06
2.86166359728668e-05 0.000155645362247014 0.000115364788507577 3.15820895593788e-05 0.000228714639888494 0.000218221868271939 0.00247637237771414 0.000758877476619091 0.000382287531101611 0.000298098781786393 0.000103007235520636 6.29802294497495e-05 3.60398915290716e-05 4.59461060017929e-05 1.53399868509041e-05 6.10464943747502e-05 3.52261804891896e-05 7.5502668187255e-05 1.02705580957263e-05 0.000143448143535352 -9999 -9999 -9999 -9999 -9999 -9999 -9999 -9999 -9999 -9999 -9999 -9999 -9999 -9999 -9999 -9999 -9999 -9999 -9999 -9999 -9999 4.97155344419298e-05 9.51259776229563e-06 1.56174073026705e-05 5.29375048245129e-05
0.000296413939940976 0.0011150596983498 3.26369069625798e-05 2.0006628673741e-06 3.10874268905081e-06 2.29243569947357e-05 0.00273868087097071 0.00030841514308122 0.0091709652915597 0.00507646629121155 4.15711810092034e-05 0.000162513333634706 2.63791850784401e-05 0.0002059660408122 0.000151020829798654 0.000212428806116804 0.000142305142981058 6.90606173520791e-05 -9999 -9999 -9999 -9999 -9999 -9999 -9999 -9999 -9999 0.000137634565908229 4.16146687712171e-05 2.52922856134319e-06 2.65385391685413e-05 -9999 -9999 -9999 -9999 -9999 -9999 -9999 -9999 -9999 0.000100784768073936 1.25609616816291e-05 4.80910223359388e-06 0.000529076090606395 0.0025102007741225
0.00366480092343409 0.00548256015754305 0.000978277606918709 0.00187192480370868 0.000635103778768098 0.0103531125816517 0.00792629010975361 0.00101642878580606 0.0216560220345855 0.000863926620513666 0.00905743010807782 0.000278715785680106 0.000129595054931997 9.85410080829752e-05 2.08722625984592e-05 -9999 -9999 -9999 -9999 -9999 -9999 -9999 -9999 -9999 -9999 -9999 6.98003402703762e-06 1.14885601760761e-05 6.12361083085489e-06 6.5435764781796e-06 8.37120900314403e-06 3.05845267121185e-06 2.60038698343124e-06 4.22463796212469e-06 8.82912611359643e-06 8.09772259344754e-06 8.9518305776437e-05 -9999 -9999 -9999 2.3524736161562e-05 4.53152982117899e-05 0.000235777078887622 4.12083290029841e-05 4.71403001256476e-05
-9999 -9999 4.83224704112217e-05 0.000467117439256981 0.00076207249367144 0.00356186443241313 0.000488187994051259 0.000621725613018498 -9999 -9999 -9999 -9999 -9999 -9999 -9999 -9999 -9999 -9999 -9999 -9999 -9999 -9999 -9999 0.000184716518197092 2.87222983843094e-05 0.000683974721687264 0.000307730323220312 0.000281681213527918 7.03911531672929e-05 1.00138046263964e-06 2.61882307199812e-06 5.83482283786907e-06 1.69719560290105e-06 2.15172664468355e-06 2.44470088318849e-05 1.74422238160332e-05 3.87073389902071e-05 6.8853767913879e-06 3.69207057701715e-05 -9999 8.39425579215458e-06 1.11258822698801e-05 0.000263754903335212 3.9531251468361e-05 4.37861879845514e-05
-9999 -9999 -9999 -9999 -9999 -9999 -9999 -9999 -9999 -9999 -9999 -9999 -9999 -9999 -9999 -9999 -9999 -9999 -9999 3.11785834583134e-05 0.000304090146528324 0.00213737313169986 0.00135783418809297 0.000945033456082456 0.000280277213460067 0.000246365081693511 0.000288399903001846 0.000797916016017552 0.0016288602622808 0.000184037498456746 0.000267543653171742 5.91652204548154e-05 1.01858806374366e-05 2.90746182258772e-06 2.57470222493339e-06 2.2045352375244e-05 0.000111608419729237 1.8445559931024e-06 2.86279888143781e-05 8.83727382188226e-06 1.14266881496405e-05 2.28705432675724e-05 0.00219573184294859 1.0554107998928e-05 3.60227830583426e-05
-9999 -9999 -9999 -9999 -9999 -9999 -9999 -9999 -9999 -9999 -9999 -9999 -9999 -9999 -9999 -9999 -9999 0.00112960606056731 0.0048358550586272 0.00976821864023805 0.00193942990299547 0.00226586201169994 0.000440454294403025 7.47359670413061e-05 4.92999165771835e-05 1.63258100201347e-05 5.99804641296942e-06 0.000705838125577429 0.000795530663708632 0.000146173715529585 0.00101717770376126 0.000864417957200203 0.00260988267255016 0.00011937375575144 1.60915314438625e-05 5.46663535772041e-06 1.07878657217952e-05 1.46854102354155e-06 4.27996962457655e-06 3.5110126049176e-06 2.51970486715436e-05 3.10921111292828e-06 2.84959408247687e-06 0.000181154069741751 4.7979808925902e-06
-9999 -9999 -9999 -9999 -9999 -9999 -9999 -9999 -9999 -9999 -9999 -9999 -9999 -9999 0.00123821054876316 8.38502396163676e-05 3.18497261559969e-05 0.000398741933167912 0.000103499301121701 0.000441535936442961 0.000556664895702852 0.000559977205193718 0.00011955568461417 9.08401548031179e-05 4.48028918754062e-05 0.00028442803559301 0.000173556700838162 8.41436615701241e-05 6.29012524996142e-05 9.14716431907436e-05 0.00027752222995332 0.000801477336790413 0.000439544408072834 0.000624620293092448 5.66205774475748e-05 2.08863970954098e-06 5.48685903538626e-06 1.73890387600295e-06 6.34721486392209e-07 2.0493408129596e-06 1.36958161363054e-06 3.70557812345851e-07 3.35304462623753e-05 2.55723863951118e-07 1.88728950689665e-06
-9999 -9999 -9999 -9999 -9999 -9999 -9999 -9999 -9999 -9999 -9999 -9999 -9999 0.000356283516885014 0.00104770039324649 6.64252730985027e-05 9.00464536698564e-05 0.00223302729209536 0.00028867089022242 4.5440624899129e-05 0.000731389965039853 0.0002455699535858 0.000432024956535315 2.33232288564977e-05 1.63868924687449e-05 2.6569043109248e-05 7.48089738635826e-06 1.8941981863918e-05 0.000137788635538527 0.000539210717761307 0.000917251231294358 0.000735466192418244 0.00290316470782273 0.000398714050606941 4.36255873182745e-05 5.22488245451314e-06 3.74809574310575e-06 5.35115638626849e-06 5.66690391906377e-05 1.22434976503882e-05 1.49218423075581e-06 4.26206881343205e-07 1.12672388610235e-06 3.13967753129418e-06 3.11232965444219e-07
-9999 -9999 -9999 -9999 -9999 -9999 -9999 -9999 -9999 -9999 -9999 -9999 -9999 -9999 0.000335174038627883 0.000536170384475554 9.04200274590039e-05 7.2830275121305e-05 4.16435600868681e-05 4.46762217734431e-05 0.000122432620401014 4.38866606600641e-05 2.53779712011237e-05 3.08033022747622e-05 1.18121923151193e-05 1.43780408848215e-05 8.26888354481525e-06 0.00022926423307581 0.000814756892214064 0.000172203761121636 3.44195969319117e-05 0.000645259914381313 9.00002066373418e-05 2.4758090398791e-05 1.14990332917841e-06 1.85905743421699e-06 8.36176226357566e-06 1.3918950330094e-06 6.58262615615968e-06 5.71837775282802e-06 2.57016609737093e-06 3.5343866443327e-06 1.40584729422244e-06 3.87720457126761e-06 2.77381250270992e-06
-9999 -9999 -9999 -9999 -9999 -9999 -9999 -9999 -9999 -9999 -9999 -9999 -9999 -9999 -9999 -9999 3.87975205171642e-06 5.35176031235096e-05 5.20599262472388e-05 0.000415290159162396 9.42550981562818e-05 0.00118297689841711 8.96662292689143e-05 2.71535287538427e-05 7.34077583729231e-05 2.95988857828888e-05 1.99161149112115e-05 1.92583071793706e-05 3.25917944564935e-05 0.000110567919591631 0.000175490067340434 7.05229613231495e-05 0.000143475130971638 4.55243700514529e-06 4.7408094644652e-06 5.06723514774876e-06 3.06712743309845e-06 9.183719747341e-07 6.39802225066433e-07 3.66725471678819e-06 9.58140429361265e-06 6.70274630465428e-07 7.58759863117575e-07 9.01967102322487e-06 2.93936851676335e-06
0.00222853808954824 0.00174657204188406 -9999 -9999 -9999 -9999 -9999 -9999 -9999 -9999 -9999 -9999 -9999 -9999 -9999 -9999 -9999 4.83113342852448e-05 8.04072274149803e-05 3.30604380451405e-05 3.08574520659022e-05 0.00034014126213151 8.24715474664117e-05 3.99279424982524e-05 3.24939466281648e-05 0.000453946864399768 2.56630670378399e-05 3.25448954072272e-05 4.59622947772687e-06 4.39531521578829e-05 1.1907283965229e-05 9.21497180570441e-06 6.68554682761169e-06 1.9908954186576e-06 5.33656084371614e-06 3.09347090592382e-06 3.11307890115131e-06 2.5481450308007e-06 2.33837984069396e-06 5.89800377426286e-07 1.02141933382427e-05 2.25636904929161e-06 4.60455651989378e-06 1.62274630270076e-05 4.17134505994454e-06
0.000146884780224354 0.00306359302339843 0.00549982529773843 0.000325309266918339 0.000380361396673834 0.000659501471091062 0.000701513071908266 0.000449309620307758 -9999 -9999 -9999 -9999 -9999 -9999 -9999 -9999 -9999 1.94862911484961e-05 4.19018577076713e-05 0.000130893981076952 7.20595933216828e-06 6.56041232502957e-06 2.11640222573806e-05 6.63799019548605e-05 8.38531990666525e-05 9.41127306646194e-06 5.6467226784207e-06 9.87918340911165e-06 1.47455343608272e-05 1.03566237328323e-05 1.45648277566579e-05 1.33717134758626e-05 1.76335408923478e-05 1.22973989846287e-05 3.40667005730211e-05 6.23216533313098e-06 3.00525995839962e-06 3.44557444549309e-06 5.15956975561949e-06 6.39329437035485e-07 1.71132979858157e-06 2.59235982724704e-07 6.13691835837926e-07 2.99534650025635e-06 2.26460651049365e-06
