Scripts_&_data/Maxent_result_files_2/B_veteranus_2.asc
NCOLS 594 
NROWS 330 
XLLCORNER -15 
YLLCORNER 23 
CELLSIZE 0.166666666666667 
NODATA_value -9999 
[rows 180 to 199 of 330, columns 414 to 459 of 594]
0.000298761708836537 0.000333641895849723 0.000346364396682475 0.000358395576768089 0.000431959936395288 0.000435311399633065 0.000470728578511626 0.000470195553498343 0.000484566032537259 0.000488425744697452 0.00149666808138136 0.000501699259621091 0.000504186970647424 0.000508595904102549 0.000884920547832735 0.000523856453946792 0.000533757111406885 0.000526879960671067 0.000524549128022045 0.000518852059030905 0.0004906465386739 0.000475003829342313 0.000472371975774877 0.00046626387629658 0.000460146382101811 0.000455822524963878 0.00044688543130178 0.000439964215911459 0.00043938663584413 0.000428086494503077 0.000437304329534527 0.000427877277252264 0.000423145714739803 0.000566843026899733 0.000421555266075302 0.00041643332951935 0.000404047987831291 0.000394681865873281 0.000392024585744366 0.000386201951187104 0.000400594821257982 0.000427651571226306 0.00043440352746984 0.000446494469360914 0.000436641393753234 0.000421918446954805
0.000268989021424204 0.000309855114028323 0.000298355825361796 0.000326919138024095 0.000361237142351456 0.000401713859173469 0.000468874632497318 0.000507171876961365 0.00049647293635644 0.000507544158608653 0.000512486541992985 0.000508037864346989 0.00051067937456537 0.000522484941757284 0.000564006276545115 0.000605329536483623 0.000559941737446934 0.000555071077542379 0.000526515272213146 0.00050744463223964 0.000498740709736012 0.000492447317810729 0.000482871028361842 0.000466442559263669 0.000456369444145821 0.000447732832981274 0.000429145891394001 0.000422188171069138 0.00042346062255092 0.000415342983615119 0.000410339230438694 0.000407738532521762 0.000410097150597721 0.000416014123766217 0.000418527504371014 0.000405905497609638 0.000398486776975915 0.00039444339054171 0.00038729561783839 0.000380335832596756 0.000392222707159817 0.000407192256534472 0.000424781760375481 0.00043522868945729 0.000420415063854307 0.000430044640961569
0.000222097472578753 0.000240824787761085 0.00026652140513761 0.000292227928002831 0.000339976229588501 0.000364906265167519 0.000391367613337934 0.000481384003069252 0.000462434274959378 0.000505734889884479 0.000464106901199557 0.000455824856180698 0.000488692361977883 0.000546831806423143 0.000598202759283595 0.000546215166104957 0.00052503900078591 0.000534430437255651 0.000523405085550621 0.000506137334741652 0.000509016963769682 0.000506242772098631 0.000493142002960667 0.000475587349501438 0.000460282401763834 0.000438669137656689 0.000416193642013241 0.000414792766969185 0.000405417836736888 0.000402115187898744 0.000403389832354151 0.000401566803338937 0.000400432488822844 0.000407518124848139 0.00039998973661568 0.000395098133594729 0.000394870246236678 0.000382237011217512 0.000378857796022203 0.000380997188040055 0.00116028308693785 0.000414775419631042 0.000442596575885545 0.00040990179986693 0.00165328335715458 0.000423796319228131
0.000202944256307092 0.000214209815021604 0.000266931274381932 0.00030316857737489 0.000325156835606322 0.000315816962393001 0.000491590471938252 0.000392926823406015 0.000420365750323981 0.000398919056169689 0.000389341225672979 0.000758601020788774 0.000493372572236694 0.000564185227267444 0.000562551204347983 0.000527214963221922 0.000509866769425571 0.000524301419500262 0.000493240001378581 0.00049957360024564 0.000510288265650161 0.000497115901089273 0.00049335187068209 0.00047953060711734 0.000459446842432953 0.000423561749630608 0.000422085879836231 0.000400131320930086 0.000394087348831817 0.000653439966845326 0.00169674355711322 0.00185774875280913 0.000441366611630656 0.000396720229764469 0.000395312892214861 0.000389336039370391 0.000376727092952933 0.000380396912805736 0.000373220849724021 0.00154762905149255 0.00345002610702068 0.00280335960560478 0.00188463524100371 0.000417259798268788 0.000409081600082573 0.000411776662804186
0.000194457056204556 0.000200179030798608 0.000677786246524192 0.000260934153629933 0.000278274624724872 0.000273116593598388 0.000311830687860493 0.000335209308832418 0.000343293898913544 0.000345085901790299 0.00035978851665277 0.000368548871483654 0.00042462682176847 0.000442198730888776 0.00046415985270869 0.000447577648446895 0.000454865687061101 0.000500587845453992 0.000498263104236685 0.000503504098742269 0.000481238923384808 0.000481399442651309 0.000477467916789465 0.000481450158986263 0.000460902848863043 0.000444506833446212 0.000415778870228678 0.000868090701987967 0.000393732124939561 0.000391436500649434 0.000388035624928307 0.00121519293752499 0.000409397775365505 0.0003805675834883 0.000380959735775832 0.000383677596983034 0.000393414050631691 0.000382229633396491 0.000376224792853463 0.000401640270138159 0.000427434011362493 0.000435099759488367 0.000444384553702548 0.00112957764940802 0.00167991030903067 0.000453833831124939
0.000182700183358975 0.000196214413153939 0.000221921765478328 0.000243329323711805 0.00099283785384614 0.000263957305287477 0.000260738559882157 0.00027227328682784 0.00027993800904369 0.000296791018627118 0.000324369393638335 0.000324344504042529 0.000336551449436229 0.000350966636324301 0.000359971099533141 0.000390839547617361 0.000402125407708809 0.000417249352904037 0.000416350111481734 0.000425353058381006 0.000449728136300109 0.000480747493566014 0.00171966251218691 0.000476276714471169 0.000470810793922283 0.000453709575231187 0.000460123125230893 0.000456808140734211 0.00177117156272288 0.00149097077373881 0.000414922623895109 0.00319630382000469 0.00168276459153276 0.00039000625256449 0.000392265796836 0.000390767039789353 0.000388351119181607 0.000386022815655451 0.000387403198692482 0.000439867863315158 0.00042644462082535 0.00183066961762961 0.00221106274984777 0.00664213825948536 0.00172808454954065 0.00131136491836514
0.000401492038508877 0.000191317703138338 0.000813142411061563 0.000782123208045959 0.000383098312886432 0.000252632504270878 0.000243338303698692 0.000244466980802827 0.000257965899072588 0.000275963060266804 0.000301471730927005 0.000304180757666472 0.000316594188916497 0.000318189086101484 0.000334600541100372 0.00035677768610185 0.000373595843848307 0.000371624829131179 0.000373425068391953 0.000393296600668691 0.00153220628271811 0.00169814355031122 0.000429538980824873 0.000438621878856793 0.000469663509284146 0.000438554573338479 0.000439338505384512 0.000428833815385587 0.000416412057529669 0.000432599589112215 0.000438395654782653 0.00187979034672026 0.000426853596582077 0.000405826428323053 0.00040475244022673 0.000378798774909228 0.000389449697104283 0.000376683881040663 0.000389633140002843 0.00171483437879942 0.000402645728900097 0.000418746453942731 0.000418506517598871 0.000423323031282052 0.000428890209877864 0.00245479080476798
0.000626822026970331 0.00152510076295584 0.000259847108100075 0.000273969695263077 0.000190397397818742 0.000233042487525381 0.00023783347569406 0.00022542692895513 0.000236060128372628 0.000240996980573982 0.000248734063643496 0.000262025643314701 0.000288396481482778 0.000279495945142116 0.00029588449979201 0.000297864314052276 0.000298537897469942 0.000321156076097395 0.000333743149531074 0.000349616291350685 0.000343372875067871 0.000466596375918016 0.000500937763717957 0.000516088714357465 0.000497608722071163 0.000477031420450658 0.000444001486175694 0.000403522445412818 0.00040530350379413 0.000425459640973713 0.000411295241792686 0.000408770474314224 0.000419686717214063 0.000417392178496812 0.000389010258368216 0.0015700356074376 0.00151865776570048 0.000399787969945464 0.00110340542159975 0.00292799231829122 0.00252811983809806 0.00496682939119637 0.00269904663437046 0.00368155457545072 0.0214121294207871 0.0211859803646803
0.00045115721077309 0.0010410757327918 0.000668958452297375 0.000590562111756299 0.000169288265897194 0.000183637477312004 0.000202185576199554 0.000223310965520795 0.000236721793771721 0.000864553937572055 0.000921517793904059 0.000256712613918353 0.000275614956626669 0.000279563950607553 0.000738903650199063 0.000262558639224153 0.000279260447132401 0.00133450128487311 0.00191622687852941 0.00116777698567603 0.000299916419317014 0.00132530333357863 0.000418550637550652 0.000440165941836312 0.000453907492919825 0.00192150710499845 0.00177933265804313 0.00109716334845871 0.000400815163447987 0.000430128647712991 0.00042175113921985 0.00138170422869734 0.000367050711065531 0.00160305976460222 0.000380720473185647 0.00137627799122129 0.00119530821975786 0.000473376768059097 0.00149218531441875 0.001394068490481 0.00243782031466253 0.00214772842009552 0.00232580935698934 0.0127808585762978 0.023630800191313 0.0170030643232167
0.000207632777892286 0.00021784304844914 0.000148232580249896 0.000150461669545621 0.000149931632040534 0.000824333925265819 0.000649333297042176 0.000754859042353928 0.000892333721276373 0.000282122765202075 0.00027233948931098 0.000261426418728661 0.000250190828228369 0.000255182993714698 0.000499705981928855 0.000353394063131418 0.000351780878554564 0.000384477189800236 0.000353411334799603 0.000334364331502002 0.000369804425281473 0.000405157334171236 0.000439246682799421 0.00043920278258156 0.000446734236902557 0.000393562063982245 0.000402323978778441 0.000394896623038221 0.000412604006123729 0.000415785830409732 0.000430317959398963 0.00146367844718043 0.000575741994543932 0.00181326394958887 0.000355082866735756 0.00126507664681412 0.0013841785636032 0.00204754339065403 0.00410903241718188 0.000628400521236472 0.00185029759304598 0.00165363932028413 0.00172103416116443 0.00681903383228928 0.0147996573708951 0.00204444882110693
0.000110314533958444 0.000114427231892478 0.00277818238828331 0.000541877634532284 0.000144107276719296 0.000408145075198263 0.000166433923004661 0.00017663471880951 0.000749655520485248 0.000228515155322384 0.000237484055105597 0.000235131337831262 0.000234392317361198 0.000821992004057392 0.000350809236988425 0.000378362882474903 0.000385375013865996 0.000413373333867639 0.000451120408251882 0.000444314494961873 0.000442643792484887 0.000398863351438195 0.000421721398015507 0.000418057150091045 0.000427354630664922 0.000416461902204901 0.000412670851801522 0.000415180585696362 0.000445378865697421 0.000419984449399635 0.000390920389327221 0.000364438885299023 0.00156117027217988 0.00486096072709188 0.0012117376725655 0.00133700101287104 0.000665125783416443 0.00772834995295852 0.00891643976792693 0.00496185682713985 0.00290265120565891 0.00157804239424877 0.00790682914666832 0.00672481898218393 0.00123358367418405 0.000423488445812836
9.09790116566001e-05 0.000376885109290015 0.000459128220973071 0.000519213378720451 0.000463976092578378 0.000141452991374535 0.00066141329734819 0.00309633043361828 0.00350149866426364 0.000339307790272869 0.00022325559402816 0.000229994821711443 0.000874957759515382 0.000977637630421668 0.00105629806930665 0.000368322130816523 0.000378706527408212 0.000398203730583191 0.000389219880162273 0.000371191304293461 0.00035498924262356 0.000362823939940427 0.000925916616688482 0.000361745104601141 0.000393259059637785 0.00041686249896884 0.000421260565053672 0.000420707985176705 0.000387512163433712 0.000394491791666951 0.000337343395221978 0.00124442453670781 0.00141655906045344 0.00632860544137657 0.0071814306313172 0.000405511952703819 0.00856349486857653 0.013651957269758 0.0129203427117318 0.00324868240859359 0.0134242235682905 0.0258318364620209 0.0113473549485207 0.00517624828498811 0.00153031575318892 0.00100361895165406
9.10869552171789e-05 0.000105175907810917 0.000115102007839596 0.000117642987606814 0.000113401504495414 0.00202787326416001 0.00273853931576014 0.00189225414069369 0.000996280644903891 0.000329814886208624 0.00257697185734287 0.000221300499106292 0.000879565006471239 0.00307277572574094 0.00123983508674428 0.00133032370940782 0.000336465289001353 0.000558416769490577 0.000573402448208071 0.0033736641285941 0.000353450706461445 0.0016105517570395 0.00276569989509881 0.000363232544623315 0.000367349418229423 0.000383695180062205 0.000393907079705968 0.000386171060381457 0.00281066459137946 0.00295220817206427 0.00380865721963346 0.00259717224398628 0.00840346235781908 0.0183492789976299 0.00205590575933456 0.0016842968412675 0.0124204887077212 0.0154845152981579 0.0160084337927401 0.0173671028576791 0.0229902373626828 0.00396750592626631 0.00136895057803486 0.000500057398312492 0.000251584038778674 0.00145579557283781
0.00105925345269497 0.00225674273679033 0.000425944331800565 0.000490525875648018 0.000700394922751002 0.00241142306476831 0.00320577940437943 0.00367309157736599 0.00136654390953481 0.000255458446918055 0.000274833886942361 0.00027102658059448 0.00132778582628816 0.00173210919601843 0.000995779802906327 0.00121174767846242 0.000322361195867416 0.00176303930347785 0.00465274574235082 0.00261777277337387 0.000376535307441372 0.00139479804201983 0.0018157311133109 0.000354624718602281 0.000357814689050429 0.000374966254457831 0.000374408213247079 0.00184997041942552 0.000997481922968291 0.00613091262057424 0.0168260894715786 0.0175696408376098 0.00762439845129848 0.00948879350908101 0.00279913586564362 0.00255749248899519 0.00174928285414353 0.0149011179339141 0.0181967579293996 0.0190101754385978 0.00537396119907498 0.00164839976350777 0.000549132445303258 0.00196708007133566 0.000216949714013026 0.00113571128167678
0.00382095244713128 0.00331219324143603 0.00333567541092634 0.00255289687775075 0.0015420172479935 0.000409454520558938 0.00230385910253972 0.00345369700808078 0.00310248222667724 0.00123795731924474 0.0017670632514637 0.00115074964123778 0.000284493088838644 0.000733804330229759 0.00321559438016266 0.00551874309312552 0.00212002109037712 0.00129931429692078 0.00820646933279932 0.0086306310724467 0.00547844208776951 0.0012025579722831 0.000331172248115763 0.00031896327418508 0.000339048961177468 0.000354189930658322 0.000340030851657502 0.00201304561924189 0.0023160103650298 0.0147596100345254 0.013534605037421 0.013998124236241 0.00273555360035971 0.000882706785341725 0.00140679350297432 0.00206087257247418 0.00709606988821179 0.0129764057230204 0.0143102652858943 0.0151486293878406 0.0161616215948015 0.0144259503576905 0.00133785154903308 0.00143940367270261 0.00130644608289003 0.000829144663293846
0.00535748924594373 0.00408624415285885 0.0025811254279688 0.0036827783100307 0.00198404821567237 0.000372232854715548 0.00380336847156286 0.00524329491890967 0.00127427368424833 0.00209236409282312 0.00284773808671162 0.00587845304980874 0.00201844277326018 0.00218918571481481 0.0030935179325752 0.00345441185636446 0.00376588894287124 0.0019868602976203 0.00125495543179568 0.000896819235640578 0.00035692749224836 0.000953137857140973 0.00037827156484127 0.000371131593419705 0.000393332693784032 0.000368595536565408 0.00137354993494228 0.0015405782207381 0.0141922147478908 0.012999398028478 0.0130425336770713 0.0127163456287235 0.0136920429300517 0.00954209072515368 0.000262780135381035 0.00551634656731039 0.0127392760012299 0.0105220206314698 0.0122137093916535 0.0134396920446306 0.0135672938544303 0.0138791494537145 0.0121057317126542 0.0138466588687152 0.0130810378585011 0.00192888107849285
0.00400669919326901 0.00103546906611882 0.00210996280075051 0.00260602514026687 0.00303550482494757 0.00263085095211864 0.00454830343369395 0.00770100215449929 0.00565281466115266 0.00432068041991442 0.00705480151809752 0.0092049234546721 0.00702034453861415 0.00731760999187827 0.00883633019402623 0.00224748342297971 0.000517642922932282 0.000353207114676479 0.00035872929438483 0.000364382792031392 0.000374804774764925 0.00142006459645927 0.000391717175079975 0.000378516432829201 0.000381046508846339 0.000372941442765296 0.0010776010050904 0.00111869947286323 0.0132868379354477 0.0115277431439608 0.0120146426837891 0.00173979243263602 0.00347681739367545 0.00221796260448173 0.000263352660113014 0.00678188083693385 0.0120152392890304 0.00937490181531757 0.0103035972686484 0.0122234472073615 0.0123809133190662 0.0120531891938299 0.0124232371803373 0.0137835450470448 0.00958668766543269 0.000978475157171488
0.00106667130894493 0.00175777450203896 0.0016886098717805 0.00192848229780793 0.00253095353255048 0.00239640801446512 0.00396043225191534 0.0018939474131912 0.00179513732437044 0.00320109482854605 0.00799473314546049 0.00677944384515286 0.0043212084332481 0.00480846655555069 0.00339483295101672 0.00154216776136309 0.000321562911267392 0.00144250393495895 0.000361493027594406 0.00129082038183697 0.00100671646650881 0.000996238208608702 0.00132875897688791 0.00037779660342494 0.00137379255611449 0.00142909698770382 0.000942538728122599 0.00163968772394583 0.0123709173873067 0.0099320475012064 0.0102062764577568 0.0119555983692408 0.00508292673621327 0.0010225612350041 0.000278182075999212 0.00305399078642949 0.0081711822655052 0.00833723417017609 0.00919594874139875 0.010214275913313 0.0101980941835791 0.0101795786060393 0.0105690490454435 0.010378568386659 0.0113506814930588 0.000528841110644862
0.00225989850005135 0.00338026366662234 0.00311424811370671 0.00186717120232061 0.000589209512691013 0.0011179661960341 0.00295972796157002 0.00289451605640352 0.00345851934980601 0.00276811403455213 0.00500314873643219 0.00185265353065915 0.00543803463224322 0.0014173632778693 0.00100750935089309 0.00224438799778 0.000971959109301679 0.00130912467138842 0.00188965316629037 0.00227066725492477 0.00815970879048109 0.00851160553283989 0.00239488092483953 0.00264053468126804 0.000373470137128606 0.00146235087304376 0.000246346252970397 0.00264860294992104 0.0102445369120687 0.00858138557523489 0.00914287301711738 0.00887228052597493 0.00617101206444204 0.000246525640250184 0.000262756535084918 0.0056919006165117 0.00690990192815661 0.00744240009225905 0.00863564750179648 0.00731705809012055 0.00809719923418015 0.00911434136796743 0.00919185678940266 0.0115370865911245 0.00849116900935769 0.0084553946275264
0.000526170688681304 0.000155472804181045 0.000350714616070036 0.000922527301008813 0.00105660418630578 0.000531409474206157 0.000198284424550366 0.00257592783309519 0.00445918759796768 0.00549094886519015 0.0011668986902805 0.00101609238481615 0.00300543380435556 0.0092279281001538 0.00429495749995112 0.000248914067924488 0.00120773878879845 0.00365769594209269 0.00883198492228985 0.00148228526231833 0.0146937355399132 0.0115382134448737 0.0148759997449815 0.0142327129840851 0.00872501181438565 0.000485828556702472 0.000245934948907234 0.00438200298231095 0.0084654550999403 0.00733359933365136 0.00716895719524473 0.00621819566003978 0.000229141305317171 0.000233333493815735 0.000244785845279694 0.00749001717194915 0.0064534755423665 0.00667648345697671 0.00804138765670359 0.00606428764294833 0.00663397086318582 0.00848901709541678 0.00868886944372207 0.00997121203690767 0.0101195401977748 0.00105905360542238
