Scripts_&_data/Maxent_result_files_2/B_vestalis_2.asc
NCOLS 594 
NROWS 330 
XLLCORNER -15 
YLLCORNER 23 
CELLSIZE 0.166666666666667 
NODATA_value -9999 
[rows 300 to 319 of 330, columns 180 to 224 of 594]
2.8238728821961e-07 2.80947150343991e-07 3.17827807938542e-07 3.41497069644703e-07 3.91029222956973e-07 4.12259460347286e-07 4.75412967482214e-07 5.10996744118586e-07 4.94103601056395e-07 4.08336577262247e-07 4.17435791444376e-07 4.40871254969721e-07 4.43086254975356e-07 3.1713605999073e-07 2.27881894054871e-07 4.59875700320467e-07 3.60052086234575e-07 3.5595729386273e-07 3.72510499513368e-07 4.0888226671143e-07 3.33528986207199e-07 3.00933897978695e-07 3.16545430179005e-07 3.03559377501372e-07 2.90312883111099e-07 2.71078333469177e-07 2.63102049391506e-07 2.42296844232826e-07 2.37943312519917e-07 2.19900024167607e-07 1.9931579093857e-07 1.69634327118473e-07 1.63386826201872e-07 1.70245816466519e-07 1.42280515813553e-07 1.29823147232422e-07 1.22007853353701e-07 1.15482695617342e-07 1.06643526220918e-07 1.05189639854064e-07 9.91240570846763e-08 9.73727862674245e-08 1.00587922513551e-07 1.06884707062882e-07 1.09725695440765e-07
2.50342842589291e-07 2.72646873789029e-07 2.84887969792535e-07 3.17821055562106e-07 3.76443750660371e-07 3.64850208756096e-07 4.11249557430438e-07 4.36162244099592e-07 4.68382325058414e-07 2.40433562137543e-07 5.81380388364749e-07 6.82696511855596e-07 6.41844393278745e-07 5.88770219778212e-07 2.60807462260093e-07 2.54978642477699e-07 3.69713648562531e-07 3.65072467989336e-07 3.28205817146099e-07 3.52316246177153e-07 2.98873961712687e-07 2.87879605664898e-07 2.88557733885142e-07 2.78299735745335e-07 2.70713177652482e-07 2.57693489702504e-07 2.43325000237604e-07 2.20189738397991e-07 2.1440344055712e-07 2.0563515019667e-07 1.92309539737145e-07 1.76526498130158e-07 1.57106041998034e-07 1.41846190304662e-07 1.33195770368744e-07 1.24942932266947e-07 1.18340768939795e-07 1.11082616205405e-07 1.04670262823792e-07 9.89484027380527e-08 9.57958203540166e-08 9.33092248467382e-08 9.89712047205771e-08 1.02947985480828e-07 1.05572938791099e-07
1.86198398588466e-07 2.33389616655089e-07 2.88142597248964e-07 3.16296344804456e-07 3.42927745133892e-07 3.52848375051451e-07 3.60471207150326e-07 3.83546264526302e-07 3.70533242266546e-07 3.26233030523149e-07 4.34237262036952e-07 3.73176285972665e-07 4.56875134258183e-07 5.6124313014827e-07 4.0711452031772e-07 2.9832588985812e-07 3.07638293928214e-07 2.10855714388725e-07 2.66662867076661e-07 2.51956174723844e-07 2.32532831478949e-07 2.56091516970258e-07 2.65112502795262e-07 2.59060078811046e-07 2.42873234057583e-07 2.31466949562886e-07 2.23216050065922e-07 2.06428996696317e-07 2.03321507452614e-07 1.96129182628013e-07 1.84254216417656e-07 1.70690588507938e-07 1.56577953136505e-07 1.4627550384283e-07 1.36608812106864e-07 1.22255630585766e-07 1.12036805044458e-07 1.04150421020854e-07 9.98774162264127e-08 9.797433623282e-08 9.32117946828015e-08 9.06830607383391e-08 9.21881741278163e-08 9.79766535791349e-08 1.00112518697237e-07
2.19621711772255e-07 2.64448383191507e-07 2.73671092010375e-07 2.93305888421358e-07 3.09515043195319e-07 3.19738981868767e-07 3.24584523880844e-07 4.03908471202641e-07 3.63220203736248e-07 4.17021527043815e-07 3.36823386615226e-07 5.55129823931466e-07 4.25830396189042e-07 4.76013330530378e-07 7.6788460874333e-07 4.16596306751504e-07 4.8609694167645e-07 3.31782978557626e-07 1.77964480696513e-07 2.60992249367931e-07 2.25860942926204e-07 2.38644842331937e-07 2.34217367545142e-07 2.38290163645516e-07 2.27440700495407e-07 2.19376394117177e-07 2.07272022523242e-07 2.01659419074574e-07 1.96847191702432e-07 1.86332040907899e-07 1.77652055888267e-07 1.65343327318546e-07 1.53591286689014e-07 1.47570428055133e-07 1.36634170244676e-07 1.19447773050396e-07 1.04708795833908e-07 9.64933193126072e-08 9.39094567553589e-08 9.01122758856232e-08 8.72615276370503e-08 8.4746960371529e-08 8.64709159054122e-08 9.44550508030773e-08 9.90363262842742e-08
2.46820862725983e-07 2.69336359259853e-07 2.45766872764008e-07 2.66266489434841e-07 2.79028638860979e-07 2.88426284766885e-07 3.07285266121227e-07 3.15739199319154e-07 3.29268622101253e-07 3.06672859196055e-07 2.66780725066695e-07 3.12332859886411e-07 5.01766136107307e-07 5.62088132882721e-07 5.52409752696548e-07 3.23557046910672e-07 3.33033298771657e-07 3.57764007830053e-07 9.64587731688837e-08 1.93348745725075e-07 1.99350162999323e-07 2.1444654501046e-07 2.16948138387352e-07 2.16112237350075e-07 2.16737190839034e-07 2.06538228919584e-07 1.98258194750167e-07 1.90469868410759e-07 1.85144315523189e-07 1.7950395034827e-07 1.71894090983393e-07 1.58933479399437e-07 1.46239143017368e-07 1.38556664119882e-07 1.22853430561953e-07 1.08862276970711e-07 9.7968888068678e-08 9.43132730690799e-08 8.9207296438687e-08 1.03185326816302e-07 8.48594866598162e-08 7.92547315775494e-08 8.07991518803064e-08 9.34059890767003e-08 9.82566329410517e-08
2.43792901422069e-07 2.46827802463656e-07 2.40833623532666e-07 2.52084014329412e-07 2.6350874655634e-07 2.63367448116725e-07 2.78818266741254e-07 2.87469907522819e-07 2.85121977761094e-07 2.79979059847335e-07 2.7979239618503e-07 3.7126375049823e-07 3.0776642687691e-07 6.40950787877959e-07 6.26463602459992e-07 4.4899032553003e-07 3.00702414191001e-07 1.85485514303529e-07 2.14196595127447e-07 1.81343346294938e-07 1.75406384506083e-07 1.8066979077247e-07 1.91028459850529e-07 2.0394823265768e-07 1.98554460295597e-07 1.94436538691889e-07 1.8475844600907e-07 1.77092855579986e-07 1.70971727508906e-07 1.68318200977069e-07 1.6250269689877e-07 1.50579820568097e-07 1.33236295463135e-07 1.26458879678992e-07 1.13249795652415e-07 1.03931291128845e-07 9.54832983013354e-08 8.98003558735816e-08 8.50348077285901e-08 8.45519139924811e-08 8.37624120064717e-08 8.22691504365203e-08 8.17226169846918e-08 9.27971738340361e-08 9.80368854319735e-08
2.36389576158125e-07 2.34150733691152e-07 2.36277483134373e-07 2.31403101325078e-07 2.41622532248797e-07 2.29513420935135e-07 2.43755779560928e-07 2.48116457290948e-07 2.55285570682773e-07 2.70148126357839e-07 2.66990634845143e-07 2.70787443135134e-07 3.99801177497494e-07 2.25950819954246e-07 3.72048162944338e-07 2.21637505715133e-07 1.72979770052262e-07 1.54850903222314e-07 1.81086093153926e-07 1.75885605635528e-07 1.83525712849075e-07 1.86018598258286e-07 1.8142271052124e-07 1.79828395285853e-07 1.77533130507612e-07 1.84551483206619e-07 1.70983024849747e-07 1.64957577508673e-07 1.5878204076003e-07 1.56070619117266e-07 1.50825674927191e-07 1.41076054349654e-07 1.2884072501107e-07 1.20232467415438e-07 1.10567487943136e-07 1.00780361722563e-07 9.19564613011126e-08 8.57843605595043e-08 8.30862854073189e-08 8.11467279926426e-08 8.11899389607795e-08 8.23504573532752e-08 8.77318667602545e-08 8.86696106761065e-08 9.71437868702019e-08
2.25933787767474e-07 2.28365972421152e-07 2.34880912697299e-07 2.21079028284166e-07 2.24600168374778e-07 2.26776804179707e-07 2.3014621803874e-07 2.36494736016724e-07 2.27706310118592e-07 2.62329392697325e-07 2.76301601376261e-07 2.72095657027904e-07 2.59835071725334e-07 2.74981621029013e-07 3.00400299635406e-07 2.52617485774209e-07 1.73645123213717e-07 2.19635363318815e-07 1.69814528239165e-07 1.86074314401097e-07 1.86621981002055e-07 1.81680834154818e-07 1.73260777214246e-07 1.64307619243687e-07 1.61022901590258e-07 1.73359939337203e-07 1.63936466179848e-07 1.57203578909915e-07 1.47187313137565e-07 1.47583987208932e-07 1.42979671435839e-07 1.31442373441093e-07 1.20883957221984e-07 1.14488145641634e-07 1.06910739250399e-07 9.95401249093142e-08 9.2519312766548e-08 8.76667703320066e-08 8.26630886852087e-08 8.25219953148881e-08 8.33632424424025e-08 8.38404436764861e-08 8.52669764350722e-08 8.61132937068909e-08 9.25422343200921e-08
1.94730930669351e-07 2.02620666422959e-07 2.04893778565918e-07 1.98474104440294e-07 2.06870482122312e-07 2.1668685672438e-07 2.07291366183249e-07 2.05800705233017e-07 2.10197020855674e-07 2.18028740039955e-07 2.0994706688704e-07 2.1370691833944e-07 2.38907095884144e-07 2.71124551587398e-07 2.2191654627246e-07 2.46516349111658e-07 1.7931169757901e-07 1.4569920032681e-07 1.53268921287975e-07 1.62446695028962e-07 1.61032769674385e-07 1.52793049457145e-07 1.46301258285852e-07 1.51366997558355e-07 1.54214153114118e-07 1.6410778624909e-07 1.52626408844725e-07 1.44752047037677e-07 1.42374842138082e-07 1.40212528143557e-07 1.3359285123693e-07 1.20946048365322e-07 1.11255796964027e-07 1.05018778273624e-07 1.02935045787067e-07 9.79933623690421e-08 9.15099883758153e-08 8.58506500445166e-08 8.41522679206896e-08 8.59852740120459e-08 8.46839931623045e-08 8.54967683983077e-08 8.46081781746832e-08 8.50938574825655e-08 8.42570439862911e-08
1.75528366952449e-07 1.86186575934499e-07 1.82288658234775e-07 1.83409336851348e-07 1.69907555580551e-07 1.76555218889263e-07 1.77150833269302e-07 1.79228112129337e-07 2.00025013530336e-07 2.01000706590015e-07 1.96868918633797e-07 1.97399468038206e-07 1.9995431548292e-07 2.03638372076043e-07 2.07391423812098e-07 1.72691062649832e-07 1.76711057209289e-07 1.52891539606514e-07 1.53118774259831e-07 1.38228843726829e-07 1.39687235756192e-07 1.29937661708102e-07 1.13618505315216e-07 1.04804970302297e-07 1.29545140692411e-07 1.49986392861123e-07 1.46293973468659e-07 1.37316261739073e-07 1.34934687390231e-07 1.34554390462949e-07 1.25983266119345e-07 1.13601203166613e-07 1.06136297262083e-07 1.01019571363548e-07 9.91305712294555e-08 9.45769734528312e-08 8.73588661187696e-08 8.4598579941364e-08 8.93690015768556e-08 8.87552910167067e-08 8.7200827980638e-08 8.62414821334312e-08 8.46790520703245e-08 8.19387327433141e-08 8.10541524121078e-08
1.47530164396059e-07 1.47440109943275e-07 1.50283156319375e-07 1.60057323883578e-07 1.67039917009504e-07 1.68085812379815e-07 1.69641014080568e-07 1.76841809684802e-07 1.93727693997836e-07 2.04395598357721e-07 1.98412947005622e-07 1.98181006449971e-07 1.92045359348469e-07 2.00143408957132e-07 1.84477446940612e-07 1.84738348285585e-07 1.29820192540375e-07 1.2006985772306e-07 1.31989181129111e-07 1.37407950018265e-07 1.35035077608592e-07 1.33968254178995e-07 1.30309851664734e-07 1.23016807340726e-07 1.17682356970406e-07 1.37922458209871e-07 1.37919626919114e-07 1.32058566937321e-07 1.29378355639975e-07 1.29797446823954e-07 1.2078335337451e-07 1.16204829792022e-07 1.10501254613204e-07 9.93360804724119e-08 9.52022731093294e-08 9.06042439408061e-08 8.56847243269065e-08 8.85466678535174e-08 9.06489839080926e-08 8.86973191560614e-08 8.69872646358516e-08 8.49935201441276e-08 8.48083666293853e-08 8.01628127211629e-08 8.4177654247064e-08
1.39251462405454e-07 1.39091883166742e-07 1.4094940850029e-07 1.48259475629686e-07 1.60391374603996e-07 1.54853124412213e-07 1.65737498347696e-07 1.79669583322273e-07 1.93567319373145e-07 1.82138549309485e-07 1.96843584543416e-07 1.8269736772325e-07 1.70662925480514e-07 1.69866926813533e-07 1.655585073701e-07 1.50227967310457e-07 1.28193232418194e-07 1.36443572262834e-07 1.45853430577603e-07 1.64086247922413e-07 1.60299870710645e-07 1.57116286580994e-07 1.53584252826633e-07 1.41311611923101e-07 1.36135831230177e-07 1.37273452693876e-07 1.30762941219498e-07 1.25752392143852e-07 1.24884559393745e-07 1.21667182029217e-07 1.15826055169244e-07 1.11840703109767e-07 1.05231620017854e-07 9.90741521600391e-08 9.41956689537449e-08 8.90432456213119e-08 8.89416171601098e-08 9.00881610976789e-08 8.91152744819657e-08 8.76910518421425e-08 8.68603820647351e-08 8.67647874103206e-08 8.27837489558725e-08 7.93369717810855e-08 8.45758695744436e-08
1.11185573248296e-07 1.27140574235352e-07 1.39275845345566e-07 1.40652395064222e-07 1.45051202582458e-07 1.45131954809585e-07 1.7063337354184e-07 1.92046161551218e-07 1.87663761508361e-07 1.51816463578314e-07 1.6771079165423e-07 1.52739734504692e-07 1.47078105094955e-07 1.46925756250305e-07 1.45425943753885e-07 1.36370458525548e-07 1.40275259363776e-07 1.3892120267478e-07 1.57239921838581e-07 1.76677985885831e-07 1.72769579753762e-07 1.6532851043749e-07 1.56938725259792e-07 1.48548441081253e-07 1.43599458057864e-07 1.37038487912911e-07 1.30104299655986e-07 1.26342747652775e-07 1.23020984121869e-07 1.17036838742646e-07 1.09876798448649e-07 1.08182298907966e-07 1.03032893861155e-07 9.65327075830302e-08 9.23709261413386e-08 9.10750831528695e-08 8.83547845331734e-08 8.77151568934309e-08 8.7132143378188e-08 8.63165049769243e-08 8.58270591597154e-08 8.54994703036738e-08 7.94291068917374e-08 8.15170711043756e-08 8.53336745265665e-08
1.19451907398815e-07 1.44198744322921e-07 1.45849583055302e-07 1.45516012972635e-07 1.45887001012923e-07 1.5493985077164e-07 1.82059473008422e-07 1.77921456412378e-07 1.4482257979509e-07 1.43794118279139e-07 1.29051194508456e-07 1.277811014333e-07 1.28648868147341e-07 1.38749832534479e-07 1.40173410168032e-07 1.25186464616789e-07 1.30606981296744e-07 1.26978803860478e-07 1.198724681295e-07 1.32572144251331e-07 1.33485082476348e-07 1.21987386159095e-07 1.21316085655021e-07 1.22074130448624e-07 1.22884103226362e-07 1.25294602015824e-07 1.26655117926866e-07 1.24998030415213e-07 1.19060006953386e-07 1.10011057463666e-07 1.11770644306564e-07 1.07760458656347e-07 1.03362792047701e-07 9.83128451870208e-08 9.47427427955283e-08 9.11242290180248e-08 8.60607591413043e-08 8.66305016278268e-08 8.45253201986473e-08 8.45754156930667e-08 8.45947190186713e-08 8.22738948746959e-08 7.82787416553354e-08 8.23762992707699e-08 8.5674526284496e-08
1.33086753195677e-07 1.41163187272753e-07 1.44310262495395e-07 1.50951419142231e-07 1.47706259290281e-07 1.63799318597668e-07 1.6526983406262e-07 1.53899667920676e-07 1.36597007260875e-07 1.27326995702504e-07 1.15191036853535e-07 1.23949039454452e-07 1.20562461036755e-07 1.43737023150514e-07 1.22020851178739e-07 1.14694544595118e-07 1.10405712538952e-07 1.23646446659187e-07 1.16024017438043e-07 1.13311417093698e-07 1.15744208317725e-07 1.18896366996246e-07 1.19629711592406e-07 1.23667511953141e-07 1.25061154132577e-07 1.26595566762866e-07 1.23758040460054e-07 1.1926727218059e-07 1.1576520422274e-07 1.13818244407149e-07 1.10621858018245e-07 1.06625435303265e-07 1.02348710750988e-07 9.97177447725761e-08 9.6389475234826e-08 9.23887008341673e-08 8.76825155149419e-08 8.91640568045915e-08 8.71381336753352e-08 8.62351313690723e-08 8.29929874157642e-08 7.89050582428175e-08 8.0092289100886e-08 8.47494001199323e-08 8.91223117527318e-08
1.23821130959545e-07 1.31144018389318e-07 1.44197816087654e-07 1.46194401540178e-07 1.51256429181679e-07 1.46773444642534e-07 1.47704983621821e-07 1.46680498147589e-07 1.40868679698869e-07 1.26986785464744e-07 1.17806751664951e-07 1.21254219331846e-07 1.18965890427702e-07 1.24569015635956e-07 1.14590298505579e-07 1.05872754085912e-07 1.13255772482557e-07 1.13417935942994e-07 1.22941568958534e-07 1.17659403442438e-07 1.22953466852316e-07 1.25593509514577e-07 1.23255356854202e-07 1.29247839530944e-07 1.29754172961682e-07 1.21492691795844e-07 1.15064321926095e-07 1.09757045285708e-07 1.14111997373545e-07 1.13368030707495e-07 1.06842695946074e-07 1.04897618580235e-07 1.02064762919074e-07 1.00231937028017e-07 9.85667377717547e-08 9.34453181833383e-08 9.11421556115677e-08 8.9356628762971e-08 8.56315403807706e-08 8.22404531364285e-08 8.06685026555343e-08 7.76340508323869e-08 7.77076897717777e-08 8.11294089686498e-08 8.68885613014569e-08
1.17340343197547e-07 1.32138031416762e-07 1.34402696183589e-07 1.50164348089454e-07 1.27947767247782e-07 1.18790530756474e-07 1.32971902333523e-07 1.17420911771582e-07 1.2651841067024e-07 1.15916493381718e-07 1.13737218832011e-07 1.17406109811924e-07 1.17046249847874e-07 1.1513183014733e-07 1.11201019670215e-07 1.12138438490561e-07 1.11663641610971e-07 1.11942217195793e-07 1.15721114646306e-07 1.16262143046164e-07 1.14261673123117e-07 1.16609942990564e-07 1.17113959696713e-07 1.18830256012892e-07 1.14269834061709e-07 1.20449137841483e-07 1.15941387446306e-07 1.14792248362416e-07 1.13399607093445e-07 1.07284558814591e-07 1.00415204995485e-07 1.04029678715811e-07 1.02101584875669e-07 1.00033343641837e-07 9.70571422342914e-08 9.14757872116922e-08 9.05141791185393e-08 8.53068957695768e-08 8.0029679894178e-08 7.8284667115458e-08 7.73216192295756e-08 1.68942477918321e-07 1.09403248560458e-07 4.2940040945183e-07 1.10729448188351e-07
1.17538260036021e-07 1.26926775145808e-07 1.29985520247455e-07 1.48137446309704e-07 1.01821298625904e-07 1.03883787527792e-07 1.15809460066174e-07 1.0646281826121e-07 1.15512575415977e-07 1.11168172844955e-07 1.1728885486173e-07 1.13290857373105e-07 1.09781784218832e-07 1.03404182827393e-07 1.05882035450477e-07 1.09143884774454e-07 1.09295601824488e-07 1.1223986333686e-07 1.08288658706712e-07 1.12495776150023e-07 1.08787480068706e-07 1.06512144426585e-07 1.09855010843596e-07 1.15334213834917e-07 1.1697912494224e-07 1.32442300004865e-07 1.24341921126092e-07 1.14163129616429e-07 1.11792622592422e-07 1.08326268222214e-07 9.85451448443087e-08 1.03493065140015e-07 1.00750641895964e-07 9.87137308783304e-08 9.48068573314309e-08 8.43529465610615e-08 8.11722105087398e-08 8.03390728498776e-08 1.037616033428e-07 2.37689866233737e-07 4.02543939781452e-07 4.12252906123456e-07 4.25508654311457e-07 4.30285099550787e-07 7.8173668849324e-08
1.22201567853697e-07 1.28066032945018e-07 1.2886653101285e-07 1.14175494836388e-07 1.05146291851099e-07 9.86587440521269e-08 9.54068748115766e-08 1.03378446969504e-07 1.08965017342477e-07 1.10186666568701e-07 1.1460576758715e-07 1.0854457801468e-07 1.0837576494005e-07 1.08768314066587e-07 1.119635132385e-07 9.71013525585818e-08 8.82117658140835e-08 1.04956500346365e-07 1.05954526119501e-07 1.01395949381189e-07 1.00993016094453e-07 1.04487834295952e-07 1.11879357367339e-07 1.13058882167394e-07 1.17340868166504e-07 1.31478554732389e-07 1.16881732226126e-07 1.15418284785118e-07 1.13617433372681e-07 1.10172486089688e-07 1.01087167436731e-07 1.00782244327746e-07 9.5133226363231e-08 9.76803092744838e-08 8.80440356509915e-08 2.61935766632249e-07 4.26014878263103e-07 4.15865614256106e-07 4.09218332109162e-07 4.11933856181435e-07 4.17117736661865e-07 4.01568950625375e-07 3.86242032490713e-07 2.15775505996163e-07 8.44252130982603e-08
1.13313920313551e-07 1.16042791653559e-07 1.11814553327427e-07 1.12056074463851e-07 9.93487581424368e-08 9.27035993192327e-08 9.74862572444835e-08 1.11034590788428e-07 1.06091952278842e-07 1.0906074231487e-07 1.09723379859705e-07 1.0765012284919e-07 1.08576932156268e-07 1.04156441271819e-07 1.00895102672638e-07 9.025732592427e-08 9.31136506343577e-08 1.05652596649186e-07 1.00307104455855e-07 9.74065137882008e-08 1.0324252077698e-07 1.0431278603118e-07 1.07552650574494e-07 1.09293711814118e-07 1.14551708196853e-07 1.21186235746418e-07 1.10872590919353e-07 1.14597908495995e-07 1.17220875162083e-07 1.10178481582679e-07 1.02076714991739e-07 2.20584474597274e-07 1.8444306288945e-07 1.50230548756625e-07 4.74707632847071e-07 4.57924271124455e-07 4.31573395465179e-07 4.10365940517465e-07 4.16498638466933e-07 4.22240226782833e-07 4.03007285409984e-07 4.17807541541748e-07 3.60591418235856e-07 8.44289623769257e-08 8.94389333927492e-08
