Scripts_&_data/Maxent_result_files_2/B_veteranus_2.asc
NCOLS 594 
NROWS 330 
XLLCORNER -15 
YLLCORNER 23 
CELLSIZE 0.166666666666667 
NODATA_value -9999 
[rows 200 to 219 of 330, columns 460 to 505 of 594]
0.00068535914469976 0.000669632162316702 0.00058280608500354 0.000254065173794515 0.000510997345554642 0.000568625173764303 0.000517799703811761 0.000434149877401069 0.000420239915547427 0.000425834199995734 0.000585988454986364 0.00162116913124919 0.000855090870754793 0.00431182213360444 0.000470209697959945 0.000336796902411152 0.000428749757702462 0.00037541504134424 0.000224253987835255 0.000355749738810118 0.000359407275391277 0.000377199151262175 0.000549742503790185 8.81097639648942e-05 0.000269326132547576 0.000188400823390111 9.72412119153887e-05 0.000102075550967129 0.000635919228079729 0.000162358463421697 0.000895997200859711 2.67859864834463e-05 0.000113269120993209 0.000180996451672399 0.000173276226269081 0.000141165596869541 5.67675811907975e-05 0.000110736355418339 0.000101098416416789 9.74330025201198e-05 0.000102435701774084 0.000110710171793471 0.000124494342890102 0.000136216266400879 0.000139324507472338 0.000145741787127918
0.000540635210927576 0.00048930308985291 0.00052625324606197 0.00046600377681898 0.000475493229168933 0.000452169940399472 0.000447082231403328 0.000482566023129039 0.000837536997278221 0.000360476327477954 0.000372101573157124 0.00422490304335952 0.000530846032779664 0.000417674717027694 0.000418044539401308 0.00037475286226254 0.000306502750026993 0.000153665710968198 0.000138659933145391 0.000100382942400756 0.000210662469180534 0.000210155504464637 0.000237448504776694 0.000239188541308977 0.000216097153315786 1.53817488808272e-05 1.8162707783631e-05 5.21394380484708e-05 9.23473930015462e-05 8.14774528407725e-05 8.67118033056613e-05 6.68185999529669e-05 2.36588327425125e-05 0.000112174437890644 0.000240028944972437 0.00015982447002898 0.000380812863295432 4.90734979393892e-05 9.90797398117138e-05 9.56784060690552e-05 9.12599985895213e-05 9.0632846695371e-05 9.25580370676471e-05 0.000101105101930443 0.000118508470404777 0.00013099726929795
0.00044195277732797 0.000367464372538961 0.000319893009145744 0.000376365768897813 0.000314997402892914 0.000446599745191634 0.000376000795222353 0.000724043397349305 0.00042814687039936 0.00100742492941208 0.000389179427293129 0.000384169006429147 0.00035721789317904 0.000356330329668708 0.000225281515304232 0.000178072758717462 0.000133139182435116 5.18283624842297e-05 0.000111111974547384 6.39632537058787e-05 0.000133533514599549 9.78160228441993e-06 5.34645931111299e-05 0.000192654767306522 6.01373685640283e-05 5.9934660748695e-05 6.28418340056669e-05 2.87234352072119e-05 8.61256503412733e-05 9.86794675554847e-05 0.000184622076631058 2.76500637482968e-05 3.78337625988934e-05 5.72569135329104e-05 0.000111816438948154 0.000158723911590641 0.000201464430574561 0.000139854849112453 0.000114311084689689 4.11508213801426e-05 9.1436413640622e-05 9.17885427043075e-05 8.33028236229438e-05 7.75995849835454e-05 9.94395039015217e-05 0.000118948867748259
0.000267599440121558 0.000269119098084047 0.00027159027667949 0.000344259325356688 0.00347673165379092 0.00327075419481844 0.000347718647390138 0.000338009353436064 0.000343742776021827 0.00058429422788322 0.00024034577945713 0.000241149195790058 0.000215907184610842 0.000240273211966269 0.000126224395353347 0.000152498755778652 7.52468775317539e-05 3.2599128462607e-05 1.76128747625626e-05 5.72321821891819e-05 5.60614013011218e-05 5.44013582839398e-05 5.27166796018719e-05 5.27333681020536e-05 5.13608874825877e-05 4.97109254865791e-05 4.80153619719204e-05 4.85820875837817e-05 1.76107001607306e-05 3.25255512507283e-05 5.79133313294733e-05 3.1184939234663e-05 7.94467509876995e-06 9.00972975159675e-06 5.67080085602356e-05 1.72711877439724e-05 0.000183966707118088 0.000277566038130317 0.000236957597371656 0.000137807238934329 5.61052102057147e-05 9.74039350694511e-05 8.70850159117253e-05 8.282533599413e-05 9.07500940229511e-05 0.000102875536686042
0.000242624356906163 0.00032847031543497 0.000340074489940889 0.00317989494651556 0.00319162884261459 0.000781378184910864 0.000246278855047422 0.000220893503137631 0.000187791117787128 0.000171705948014278 0.000205797623493709 0.000171964206674602 0.000153718271394609 0.000174843642889755 0.000140005542925792 0.000123920280020684 2.42337149757077e-05 4.93474793984205e-05 5.03519715493894e-05 4.98796953252167e-05 4.8595303815091e-05 2.27515848564508e-05 4.51499017799506e-05 4.44352683189209e-05 4.32085205829935e-05 4.2369401853648e-05 2.01840256522701e-05 7.62727931942209e-06 1.21962811135745e-05 1.53209956806677e-05 1.24784784929943e-05 1.9031246938539e-05 3.86323768907459e-05 2.471722127666e-05 2.8597475738934e-05 9.25706124235148e-06 1.96009259525454e-05 0.000184163498488488 0.000251264467078727 0.000413854944054037 0.00041631938656792 0.000201742260833271 0.000145068842539331 0.000109629460712313 0.00010319652283215 0.000102466331009055
0.000922385769081302 0.0030827502720058 0.00301439029863104 0.00292662595165893 0.000964485062286258 0.00058666302356869 0.00016654973369441 0.000152630383672658 0.000139045165997231 0.000146555834726314 0.000146095612581121 5.56184353627032e-05 8.71829552124836e-05 5.34307457201066e-05 3.6639172139985e-05 7.17148698186065e-06 8.76150768363004e-06 4.29071849794127e-05 4.37041200711974e-05 4.31304668381927e-05 4.24116940848762e-05 1.64708397278446e-05 3.9986333467823e-05 3.96012335841078e-05 3.83171427529305e-05 3.76741370928357e-05 6.46278786007315e-06 5.40934172477137e-06 1.75836370999605e-05 3.59847490472021e-05 3.55981395841809e-05 5.32175070020458e-06 1.96520766621688e-05 3.29133669765724e-05 5.74735859117936e-06 8.09493055839994e-06 1.36883719733305e-05 2.83350628706103e-05 1.77616097062128e-05 0.000183782287786016 0.000446716055739671 0.00148972192546353 0.000971303129335865 0.000170115154469386 5.02963401231682e-05 3.47169874657993e-05
0.0027774034650065 0.00270878366427496 0.00263004598091356 0.00083120439958293 0.000156206107931212 0.000128910342391464 0.000114198638038943 0.000142622160274186 0.000123414485278772 0.000156007421173854 5.41504485227051e-05 6.50883526759571e-05 6.68958788082818e-05 3.24714090311318e-05 2.04686189590575e-05 6.57283399050357e-06 3.8403889266192e-05 3.68107339454582e-05 3.62567752745235e-05 3.63826024113223e-05 3.62368758942466e-05 3.6939674646419e-05 3.61839985998813e-05 3.5421236862021e-05 3.47764755133539e-05 3.43686386258923e-05 3.42084524163511e-05 3.38056770488038e-05 3.35902495862683e-05 3.40001171935e-05 3.31355086018448e-05 3.25809871355887e-05 1.59644462655706e-05 0.000132060926262056 3.4083800346707e-05 1.39273692184361e-05 1.73261993040796e-05 4.05171158490703e-05 8.51668837640318e-06 1.17424616519202e-05 3.42754228768172e-05 5.74675777897937e-05 0.00019276913953945 0.000219353874854278 0.000152033475023927 0.000127598342078272
0.00245448660571128 0.00198040677350946 0.000191537287901156 0.00012327168660704 0.00010381216998212 0.000119618075768813 0.000123505060764728 5.05713058373658e-05 5.61204513360281e-05 5.11475656821858e-05 5.13933875481598e-05 5.98342299781507e-05 5.6564565966255e-05 4.22295908720116e-05 4.86973069200758e-05 7.04717258486198e-05 5.64652685852707e-06 3.15476157993544e-05 3.10797476231528e-05 3.10330931824865e-05 3.0823530323687e-05 3.13845305754512e-05 3.22786370816175e-05 1.09906446596142e-05 3.1588354613632e-05 3.18058848279179e-05 3.18447442623437e-05 3.22534353472292e-05 3.30310336721595e-05 3.28955804434372e-05 3.24586328133591e-05 3.18939491990022e-05 1.05894302123488e-05 2.49760523729492e-05 2.13909725971462e-05 1.94603501768142e-05 1.43888075399445e-05 2.99692428598064e-05 1.25748610571463e-05 7.75847083787085e-06 1.36909446609934e-05 1.08552009351115e-05 1.85982902621618e-05 8.85250105056912e-05 0.000105876279849326 0.000137314926541876
0.00207861831295304 0.000148228252874105 0.000438709117588587 0.000120667383089312 0.000105706163594732 0.000103353148369933 0.000107163294524071 0.000125491818835144 6.75663026413531e-05 0.000127447480190312 0.000101240492949728 0.000146282512650941 5.13432663865387e-05 4.16556673371815e-05 2.40365157878841e-05 5.27260312992439e-06 1.4041101667317e-05 8.76284293553908e-06 2.83042843875592e-05 2.90143952952349e-05 2.88599479063123e-05 2.8936442322447e-05 1.4233748515835e-05 2.94921798740688e-05 2.96766537758231e-05 2.97391340609465e-05 3.01619717902213e-05 3.00361822155537e-05 3.09635752273607e-05 1.07876843685517e-05 3.11306363073527e-05 3.03513656035648e-05 7.26397979633475e-06 1.76108809682773e-05 1.11455144178763e-05 2.25965237405035e-05 3.01572466923972e-05 6.78695316764788e-06 1.27737453567534e-05 1.31663654883596e-05 1.50411246067961e-05 3.12467718686094e-05 2.2747790444555e-05 2.95482830551919e-05 5.36370407644426e-05 6.70223580527818e-05
0.00158288183738478 0.000114713679067791 0.000105069272103719 0.000103583265808993 7.53259213524871e-05 7.13291821739404e-05 8.27911866508657e-05 0.000103411787131336 0.000122444370572339 0.00011846023335238 4.280357306925e-05 5.07203722008853e-05 4.04034833081823e-05 2.34692524827551e-05 1.84362492291257e-05 2.79232675893581e-05 1.8171021974922e-05 4.19218526985787e-06 1.47681078942696e-05 3.9387270021507e-06 2.76859139376029e-05 9.46248446780373e-06 2.73826686679968e-05 2.78254537988687e-05 6.27202489340561e-06 6.87362853568629e-06 5.12435058226401e-06 1.38223561407358e-05 4.84720490021573e-06 4.35290063478533e-06 2.87017230220954e-05 9.79858587015769e-06 3.74319223510611e-06 2.54159934229392e-05 3.05344241496641e-05 2.24823691496567e-05 4.52338221293758e-05 9.58245841502503e-06 6.57958653391688e-06 1.01785427432333e-05 5.24514857715985e-06 1.91485371487943e-05 6.88629634169047e-06 7.3778825253612e-06 4.23984538429067e-05 4.7170780999295e-05
0.000263783683476504 9.4441859255312e-05 8.90706050995504e-05 8.90055820491398e-05 6.46049673378002e-05 6.63189333863556e-05 3.59921538802155e-05 8.83659864484798e-05 5.19648368936032e-05 3.84764488444489e-05 3.897999495166e-05 4.92883727929438e-05 3.33215399223263e-05 1.2709301427094e-05 1.91227841696673e-05 2.39068841437984e-05 3.02835318507277e-05 2.62624437709746e-05 1.88532410902553e-05 4.81998614532131e-06 5.26245851233398e-06 3.70350059029079e-06 7.10999368038756e-06 3.86742967748432e-06 3.7337600929277e-06 5.83721434850304e-06 3.61223762865848e-06 2.2361169794749e-05 1.45349331432953e-05 4.65468783659162e-06 1.07329924048827e-05 8.09500370451133e-06 3.09533686959185e-05 3.28224238728581e-05 2.79942122688226e-05 1.64950649832463e-05 7.25691845673282e-06 1.86600124834513e-05 2.31722500757314e-05 3.40710585078341e-05 1.12840200472419e-05 1.26047924368322e-05 8.06782477411616e-06 0.000192622769100126 2.28278930080705e-05 1.233510693055e-05
6.42698727460811e-05 6.19321814156137e-05 6.2684135082236e-05 6.28651265287772e-05 6.13190060903435e-05 7.10731495928485e-05 2.09972243283119e-05 3.0146503195283e-05 4.7073630594241e-05 8.53026263939682e-05 9.34991785470629e-05 4.23766647145385e-05 9.31803246203344e-05 3.21668245305773e-05 2.7383770520828e-05 2.01730907519959e-05 3.89328515666421e-06 1.40548939270957e-05 3.19757670013132e-06 3.63188555638771e-06 5.33625898242462e-06 6.33337881481566e-06 3.83789233637799e-06 3.75189127908015e-06 4.64309035805854e-06 9.32298896714201e-06 2.30484374696971e-05 3.81845189622254e-05 3.67433342944423e-05 2.87125869363081e-05 1.73556268691755e-05 1.50297673826572e-05 2.78595865893294e-05 3.46588457432517e-05 2.3797536141501e-05 2.86176246845571e-05 2.98714516020482e-06 3.62677391194666e-06 2.20626502596133e-05 2.73467060651456e-05 4.78348478281987e-05 4.7580430191374e-06 1.41705128953618e-05 9.1579849140544e-06 1.89427063560288e-05 1.05060277292068e-05
0.000251047080382705 5.50473469047574e-05 5.9504840100999e-05 5.97945057961624e-05 5.49505541130202e-05 5.47151768842014e-05 5.31739822690724e-05 5.52399735170184e-05 2.60719263678766e-05 7.21573836926837e-05 6.29421396297403e-05 6.81033701766864e-05 0.000100085250596749 8.25911847641692e-05 3.26110799505841e-05 2.31431113206781e-05 2.35284996961127e-05 1.18362813736894e-05 3.1608544077244e-06 2.93737045922171e-06 6.64245133066288e-06 5.07814363572834e-06 3.24018054698172e-06 4.59163289860953e-06 3.71757936363792e-06 6.38170511138014e-06 2.17330271880201e-05 3.22756219247822e-05 3.30588500219164e-05 2.97728704936162e-05 2.41420256315905e-05 3.21318663736747e-05 3.32996994075074e-05 3.46841769896855e-05 1.93356353520358e-05 7.31440857180132e-06 1.02457680668522e-05 4.06486801693973e-06 1.9049608908972e-05 1.56694129145762e-05 1.79538574229809e-05 2.1906068923272e-05 2.37485177422059e-05 2.54625448178558e-05 3.45243885021773e-05 4.50479630671907e-05
6.06289606366772e-05 4.59846942248987e-05 4.52031619715854e-05 5.16434298333479e-05 5.11997457579127e-05 4.56953021057416e-05 4.21968212322099e-05 3.79060325940372e-05 3.52159127942286e-05 4.17629313233192e-05 5.46719300473342e-05 3.3209139110113e-05 4.15170772612328e-05 3.51659297848528e-05 3.4346938264207e-05 2.3346408852376e-05 2.66370456301956e-05 1.71836996742059e-05 2.1412352725747e-05 7.84033761647152e-06 3.79629973394913e-06 3.13413348749236e-06 3.81654622287897e-06 1.27357576729992e-05 6.35468854852661e-06 1.39011900500918e-05 5.57950052098022e-06 3.41797816645339e-06 1.8080270729115e-05 2.72986596428382e-05 3.3766460728657e-05 4.12272289395332e-05 3.66225964171463e-05 3.19901448165183e-05 3.00877695735835e-05 2.14809178032738e-05 3.49331580764556e-06 8.41746964397316e-06 4.20542852452854e-06 3.14116100526007e-05 1.42686168146611e-05 5.28256387042347e-06 4.52898733783513e-05 2.96486631668813e-05 4.56032194051659e-05 2.97990443868912e-05
5.13297705765581e-05 4.14821064623538e-05 4.52481266620453e-05 4.46914446001756e-05 1.49967175275378e-05 3.21430999974837e-05 4.36274380263058e-05 2.76120388662093e-05 2.70239903329639e-05 3.27696629028651e-05 4.14833017202909e-05 6.03014119405998e-05 6.12118839853792e-05 4.82182125779218e-05 2.0758068512805e-05 2.53155795689963e-05 2.44904739247431e-05 2.06183666705328e-05 2.63745286702033e-05 2.66299698523653e-05 2.76083850621944e-05 1.98670343706908e-05 2.4935833789641e-05 2.14766331737337e-05 1.73799381173012e-05 1.53316763771727e-05 2.04785046662437e-05 2.13268529478228e-05 2.24589189201652e-05 3.18284530294477e-05 3.17635505780345e-05 3.40032253916434e-05 3.06896828078607e-05 3.12457958898449e-05 2.72786964160332e-05 3.18521942972438e-05 2.42750763391086e-05 7.34940592792555e-06 2.59827036643401e-05 2.81906468444504e-05 3.65662486728979e-05 3.96387331420556e-05 3.94419168515014e-05 5.76495516725117e-05 4.60154020402115e-05 1.38282203806739e-05
3.80827072149259e-05 3.6934032868885e-05 4.32659064244945e-05 3.83535465516616e-05 4.0075057404465e-05 3.7062594856252e-05 3.48476050930913e-05 2.90616440906888e-05 2.54073871474247e-05 2.36140656852513e-05 2.96846606033796e-05 3.10669089230942e-05 2.8213644054631e-05 2.71316328507965e-05 2.82725458419009e-05 1.33419792291534e-05 1.51641433149052e-05 1.58197234213731e-05 1.54787157498504e-05 1.77119450199825e-05 2.41771892433462e-05 2.79648302239366e-05 2.15178059079335e-05 1.59843642450142e-05 1.66544252806489e-05 2.80343634585734e-05 2.16793474464794e-05 2.17355318454793e-05 3.1465798838326e-05 3.55565146492154e-05 3.19843787110585e-05 3.93441434425768e-05 3.37142455464345e-05 3.32826773046691e-05 3.42073666615761e-05 1.89198927728285e-05 1.44461221225356e-05 3.23605030644103e-05 4.44318557129009e-05 3.91158189813723e-05 5.51766826902167e-05 5.7920184917748e-05 6.52993254334433e-05 5.51353390619624e-05 4.6540907715098e-05 5.40447537787259e-05
3.39544656526414e-05 3.91214460250922e-05 3.66691081580939e-05 3.55976162609295e-05 3.43053167853213e-05 2.08649088563106e-05 1.5373888254544e-05 2.72097472588939e-05 2.78595354757272e-05 2.31386065934203e-05 2.25271177441755e-05 2.14659998164279e-05 2.53410450568481e-05 2.80566770015867e-05 2.69888676484698e-05 2.6021600842796e-05 1.22624363484647e-05 1.56279958446248e-05 1.50705185660627e-05 1.26843261114118e-05 2.45079880187404e-05 3.87138594305725e-05 1.30402593640611e-05 9.2950411271886e-06 6.45606985472114e-06 5.75659344121959e-06 1.84609772986732e-05 2.25530068746593e-05 3.02489803289063e-05 3.56822501089482e-05 3.74632786588336e-05 3.24716591421748e-05 2.12278722756309e-05 2.05770479624334e-05 2.31871517826221e-05 1.43873731758504e-05 2.07382554435753e-05 4.94439120302559e-05 3.2560833824391e-05 4.99718014907557e-05 6.33647767244838e-05 7.81060087319929e-05 0.000101445397376665 0.000110942566971062 8.4297687135404e-05 0.000170038255600957
2.98686635687773e-05 3.43256224368815e-05 3.31075299982331e-05 3.22167765261838e-05 2.61504816990055e-05 2.45291939791059e-05 1.97393268535961e-05 2.14552467696194e-05 1.98756800273259e-05 2.62302667579206e-05 2.81344387985882e-05 2.58093950833427e-05 2.59378300142998e-05 2.44536877289647e-05 2.91254224976001e-05 3.27507498695923e-05 1.37787844323611e-05 3.03889546557912e-05 1.63701254678017e-05 1.13334659999964e-05 1.95495798038792e-06 7.27111130345293e-06 4.03751570047461e-05 2.4643684014336e-06 1.09124238406366e-05 1.4502725798593e-05 1.61821943947871e-05 2.4098656285787e-05 2.2631013962382e-05 2.83669767668471e-05 2.88861248918693e-05 2.23080448449764e-05 2.41138075580238e-05 2.18866034629173e-05 1.1857715617225e-05 2.75931830628906e-06 9.87557727967214e-06 2.98801580356667e-05 2.27681160140492e-05 5.208676939219e-05 6.29796733846888e-05 5.67246108403197e-05 3.29753618643736e-05 3.85861525501241e-05 5.16926365889958e-05 4.06975083024008e-05
3.12890155328205e-05 2.90227894765849e-05 2.9215581707831e-05 2.89708246782538e-05 2.34495730182971e-05 2.43563820731652e-05 2.84702678982285e-05 1.92802461242536e-05 1.62211649694655e-05 2.55928302976827e-05 2.21556758333463e-05 2.12784971154178e-05 6.9361826263048e-06 2.69860530352162e-05 2.98565103548754e-05 2.30015685701801e-05 3.68187297681288e-05 7.30511612346163e-05 1.69466776242189e-05 2.41853220359189e-05 7.52096266296576e-06 7.87068938734592e-06 8.45489719267789e-06 1.27997991967277e-05 1.84024970167229e-05 1.38899037665396e-05 2.15406974348298e-05 1.40236619245115e-05 2.05345737413154e-05 2.78035247902153e-05 3.51797052644542e-05 2.28794928261777e-05 1.04938745153049e-05 9.19687627174426e-06 1.62149890911678e-05 2.96811410862574e-06 3.75717422684829e-06 1.84945763066935e-05 1.6991435768432e-05 4.49418779680855e-05 4.46367221229593e-05 4.65680828710902e-05 4.84953336126637e-05 4.13183413911611e-05 4.71692888822872e-05 0.000133114868367556
2.7619772208709e-05 2.57709724792221e-05 2.38657272348064e-05 2.20855492443661e-05 2.59221509622876e-05 2.18247460907151e-05 2.20539903239114e-05 2.75630489340983e-05 1.90713767551642e-05 1.57501527610293e-05 7.10616545802623e-06 1.36077526917688e-06 5.87171671213582e-06 2.77402584288211e-05 3.40618854352215e-05 4.43416012785747e-05 3.86991418054095e-05 4.86480623294483e-05 4.45845813374035e-05 4.72783716759295e-05 1.4941804602131e-05 1.48609292864421e-05 1.33152200305631e-05 1.39919930461474e-05 1.73562281361228e-05 2.26939546337235e-05 1.94431779164006e-05 2.59774937148904e-05 2.53329776569444e-05 2.56840329711849e-05 2.84111973996914e-05 2.45627028562012e-05 5.28035891420586e-06 6.25427130671596e-06 1.27602943393867e-05 3.21445129429776e-06 7.20638731763756e-06 1.76550018295529e-05 1.1068940284531e-05 3.70256613678066e-05 3.94313241486088e-05 3.26028474773921e-05 5.41655073902803e-05 7.12577228114242e-05 0.00114525569661055 0.0790453424677253
