Scripts_&_data/Maxent_result_files_2/B_wurflenii_3.asc
NCOLS 594 
NROWS 330 
XLLCORNER -15 
YLLCORNER 23 
CELLSIZE 0.166666666666667 
NODATA_value -9999 
[rows 220 to 239 of 330, columns 450 to 494 of 594]
1.11022302462516e-17 2.22044604925031e-17 1.4432899320127e-15 5.61106716645554e-14 5.84976511674995e-14 1.34070532453734e-13 2.22444285213896e-13 4.6465054026612e-13 4.06341627012807e-15 2.99760216648792e-16 9.65894031423886e-16 1.11022302462516e-17 0 0 0 0 2.22044604925031e-17 4.44089209850063e-17 2.22044604925031e-17 4.44089209850063e-17 1.99840144432528e-16 4.32986979603811e-16 3.10862446895044e-16 5.55111512312578e-17 5.55111512312578e-17 1.11022302462516e-17 1.11022302462516e-17 1.11022302462516e-17 6.99440505513849e-16 6.66133814775094e-17 1.15463194561016e-15 1.0547118733939e-15 7.88258347483861e-16 1.04360964314765e-15 1.16573417585641e-15 1.04360964314765e-15 2.66453525910038e-15 2.69784194983913e-15 3.06421554796543e-15 4.2410519540681e-15 6.32827124036339e-16 4.38538094726937e-15 5.6843418860808e-15 2.35700348127921e-14 3.41204842158049e-13
0 0 0 0 1.11022302462516e-17 2.22044604925031e-17 6.66133814775094e-17 7.7715611723761e-17 1.55431223447522e-16 1.33226762955019e-16 7.54951656745106e-16 1.4432899320127e-16 0 0 0 0 1.11022302462516e-17 0 0 0 1.11022302462516e-17 5.55111512312578e-17 3.33066907387547e-17 0 0 0 0 0 0 1.11022302462516e-17 3.33066907387547e-17 4.44089209850063e-17 6.10622663543836e-16 8.54871728961371e-16 1.08801856413265e-15 3.47499806707674e-15 2.89768209427166e-15 3.02868841117743e-14 1.75970349403087e-13 1.765254609154e-15 5.06261699229071e-15 4.75175454539567e-15 9.84767822842514e-15 3.09752223870419e-15 1.46882506157908e-14
0 0 0 0 0 0 1.11022302462516e-17 1.11022302462516e-17 1.11022302462516e-17 2.22044604925031e-17 5.21804821573824e-16 3.44169137633799e-16 3.5527136788005e-16 0 0 0 0 0 0 0 1.11022302462516e-17 1.11022302462516e-17 2.22044604925031e-17 0 0 0 0 0 0 4.44089209850063e-17 5.55111512312578e-17 1.22124532708767e-16 4.88498130835069e-16 1.26565424807268e-15 1.73194791841524e-15 1.40998324127395e-15 2.49467113633273e-14 6.18616269321137e-14 4.64517313503165e-14 1.90814031242326e-13 8.52647952243046e-12 2.43360886997834e-14 2.54796184151473e-14 3.42407213693718e-12 7.58282325818982e-15
0 0 0 0 0 0 1.11022302462516e-17 1.11022302462516e-17 0 0 1.11022302462516e-17 7.7715611723761e-17 7.7715611723761e-17 0 0 0 0 0 0 0 0 1.11022302462516e-17 4.44089209850063e-17 4.44089209850063e-17 3.33066907387547e-17 0 0 1.11022302462516e-17 1.11022302462516e-16 5.55111512312578e-17 1.4432899320127e-16 5.55111512312578e-16 1.85407245112401e-15 4.64073224293315e-15 9.80326930744013e-15 1.93067783982315e-14 1.04821706869984e-12 7.27529148036865e-14 1.68842717584994e-13 3.83471032705529e-14 1.55009338698164e-13 3.33955085807247e-14 9.97535387625703e-14 1.57829305180712e-12 5.73874281428743e-14
0 0 1.11022302462516e-17 0 0 0 0 1.11022302462516e-17 0 0 0 0 1.55431223447522e-16 0 0 0 0 0 0 2.22044604925031e-17 2.22044604925031e-17 0 0 0 0 0 0 1.11022302462516e-17 1.66533453693773e-16 1.99840144432528e-16 5.21804821573824e-16 2.91988655476416e-15 4.90718576884319e-15 1.89359639080067e-13 6.74038602710425e-13 2.06265005076034e-12 1.07632236456823e-11 5.83351922323061e-11 1.79309789238857e-11 3.40213068827921e-10 1.18974496920998e-11 3.57713858534225e-14 1.03805852802452e-14 3.45579120875072e-13 1.15705223180385e-12
0 0 0 0 0 0 0 0 0 0 0 0 3.33066907387547e-17 4.10782519111308e-16 1.11022302462516e-17 0 0 0 0 1.11022302462516e-17 7.66053886991358e-16 7.89368570508486e-15 4.44089209850063e-17 0 0 0 0 2.99760216648792e-16 3.33066907387547e-17 8.99280649946377e-16 6.66133814775094e-16 5.60662627435704e-15 2.84439138908965e-14 1.63424829224823e-13 1.15627507568661e-12 1.84601223196523e-12 1.59033342050918e-11 1.7958357023673e-11 7.56264051382516e-11 8.89365137091147e-11 9.64643920298158e-11 8.83632167436588e-11 2.9517992494732e-10 3.46394912753567e-11 3.111400026512e-13
0 0 2.22044604925031e-17 1.11022302462516e-17 0 0 0 0 0 0 0 0 0 0 2.22044604925031e-17 0 0 0 0 0 0 3.33066907387547e-17 7.7715611723761e-17 0 0 8.88178419700125e-17 5.82867087928207e-15 6.31272811801864e-14 2.21933582622569e-14 1.29118937763906e-14 2.55795384873636e-14 5.62216939670179e-14 2.37965203098156e-13 8.98525698289632e-13 7.80597808613948e-14 1.55797597045648e-13 5.87004889140985e-12 2.71401456863885e-11 9.1703566962309e-11 1.3224353834218e-10 4.08668765494724e-11 1.36900280001129e-10 4.87168239082791e-10 8.29244894973158e-10 2.33423691486934e-10
1.11022302462516e-17 4.44089209850063e-17 9.99200722162641e-17 6.66133814775094e-17 0 0 0 0 0 0 0 0 0 0 0 0 0 0 0 0 0 0 0 0 7.7715611723761e-17 4.54447590669815e-13 5.44009282066327e-16 0 1.55431223447522e-16 6.40154595998865e-14 5.55666623824891e-14 1.40643052759515e-13 1.0715872633682e-13 1.69186886722628e-13 2.06790140566682e-13 8.3544282603043e-14 1.16398002347751e-12 1.18773879620449e-12 6.80676626174659e-12 9.8777208634715e-12 5.46016121205639e-11 1.43371781113899e-10 5.69350122603396e-11 5.01178876177732e-11 2.00021155194463e-10
2.22044604925031e-17 1.11022302462516e-16 8.88178419700125e-17 1.11022302462516e-16 3.33066907387547e-17 2.22044604925031e-17 1.11022302462516e-17 0 1.11022302462516e-17 0 0 0 0 0 1.11022302462516e-17 1.11022302462516e-17 0 0 0 0 0 0 0 0 3.44169137633799e-16 3.88578058618805e-16 9.99200722162641e-16 3.46833672892899e-14 6.26720897400901e-14 9.67004254448511e-15 5.69544411632705e-15 5.44009282066327e-16 1.84297022087776e-15 3.59379193071163e-14 3.58868490479836e-13 3.09618997107464e-13 3.76743081176301e-13 2.4061863612701e-13 5.62361268663381e-13 2.665645482125e-14 1.52100554373646e-13 2.66708877205701e-13 6.83226863973374e-10 7.74285935367658e-10 1.55213275565558e-09
0 1.11022302462516e-17 7.7715611723761e-17 1.11022302462516e-16 2.1094237467878e-16 2.22044604925031e-17 0 0 0 0 0 0 0 0 0 6.66133814775094e-17 0 0 0 0 0 0 0 2.22044604925031e-17 2.37143638059933e-14 4.61075622126828e-14 1.65645275274073e-14 1.97619698383278e-15 3.33066907387547e-17 1.11022302462516e-17 1.55431223447522e-16 1.55431223447522e-16 1.88737914186277e-16 1.27675647831893e-15 2.78999046088302e-14 1.43129952334675e-13 2.12441175762024e-13 3.05178105008963e-13 3.88646892446332e-12 6.19337914287144e-13 1.17218901252158e-11 3.16036086189797e-13 4.83997952827053e-11 3.31041860590631e-12 6.21809603806867e-11
0 0 0 0 1.11022302462516e-17 0 0 0 0 0 0 0 0 0 0 0 0 4.77395900588817e-16 0 0 0 0 1.2401191185063e-14 3.10862446895044e-16 4.44089209850063e-17 1.11022302462516e-17 3.33066907387547e-17 1.11022302462516e-17 0 0 0 3.33066907387547e-17 5.55111512312578e-17 1.4432899320127e-16 4.44089209850063e-17 6.32827124036339e-16 5.52002887843628e-14 4.77395900588817e-13 2.31785701743092e-12 2.42865016986116e-10 1.41621592231189e-10 6.3310756637236e-11 8.63864535460834e-13 1.18660192782727e-11 2.13165707307894e-11
0 0 0 0 0 0 0 0 0 0 0 0 0 0 0 0 0 9.99200722162641e-17 3.88578058618805e-16 0 0 1.11022302462516e-17 1.31405997194634e-13 8.43769498715119e-16 0 0 0 0 8.88178419700125e-17 2.56461518688411e-15 2.14273043752655e-15 4.44089209850063e-17 6.66133814775094e-17 1.11022302462516e-16 1.59094959428785e-14 3.99680288865056e-16 5.62661028880029e-14 3.34321459405373e-13 2.53226328794653e-12 2.01042460457046e-10 4.73850740867476e-09 9.82478776112572e-09 1.48081260586963e-09 1.91283711092893e-10 6.14154049838334e-10
0 0 0 0 0 0 0 0 0 0 0 0 0 0 0 0 0 0 1.32116539930394e-15 2.77555756156289e-14 5.06927833043847e-14 2.76445533131664e-15 0 0 0 0 0 0 0 2.22044604925031e-17 2.33146835171283e-15 2.85327317328665e-15 7.7715611723761e-17 5.99520433297585e-16 7.42184091961917e-14 4.46309655899313e-15 1.84685600146395e-13 3.24691384889775e-12 4.496814032251e-12 3.37357919377723e-12 6.36600994141645e-11 9.40355660006276e-10 3.96755120979364e-09 6.0026408488234e-08 8.77255796838394e-07
0 0 0 0 0 0 0 0 0 0 0 0 0 0 0 0 0 0 0 0 1.53765888910584e-14 7.98250354705488e-15 2.22044604925031e-17 0 0 1.0769163338864e-15 1.11022302462516e-17 0 0 0 1.04360964314765e-15 3.21964677141295e-15 3.94462240649318e-14 4.69513317113979e-14 1.32160948851379e-13 1.39221967287995e-14 2.66453525910038e-16 2.49467113633273e-14 2.03371763873861e-12 2.16558793120214e-10 3.42444961276556e-12 3.66564556486537e-12 1.26494136276634e-09 3.06072767131127e-10 6.00217594142194e-06
0 0 0 0 0 0 0 0 0 0 0 0 0 0 0 0 0 0 0 0 0 0 3.81916720471054e-15 2.1094237467878e-16 0 0 0 0 0 1.11022302462516e-17 2.66453525910038e-16 2.55684362571174e-14 3.11728420854251e-13 4.79394302033143e-14 1.30451205393456e-14 4.51416681812589e-14 1.82021064887294e-13 2.11539674666028e-12 8.13154432677266e-11 1.5545684739493e-10 9.96327575997213e-11 1.24937604706332e-10 4.06066391622772e-10 3.30395647507586e-09 0.000865020855997045
0 0 0 0 0 0 0 0 0 0 0 0 0 0 0 0 0 0 0 0 0 0 0 2.59792187762287e-15 7.4495964952348e-15 8.88178419700125e-17 0 0 1.11022302462516e-17 2.1094237467878e-16 5.55111512312578e-17 6.21724893790088e-15 7.7804429565731e-14 3.90465437760668e-14 8.23785484271866e-14 1.39332989590457e-14 1.11521902823597e-13 1.36352040769339e-12 3.79918319026729e-13 3.78630460318163e-13 1.18800347337356e-10 9.332469164125e-09 5.59983948877907e-08 4.55919816633177e-07 0.000378660181033297
0 0 0 0 0 0 0 0 1.11022302462516e-16 0 0 0 0 0 0 0 0 0 0 0 0 0 0 0 1.02917674382752e-14 2.22044604925031e-16 9.99200722162641e-17 0 1.11022302462516e-17 1.11022302462516e-17 2.22044604925031e-17 3.10862446895044e-16 1.69864122767649e-15 1.48769885299771e-14 4.2499337382651e-14 6.61692922676593e-15 2.50799381262823e-14 1.02632347065423e-12 2.34701147405758e-14 1.52433621281034e-13 1.32998612123458e-11 6.28527186963268e-08 2.58561262400647e-09 5.24055313788629e-07 2.69409091468997e-07
2.22044604925031e-17 0 0 0 0 0 0 0 3.33066907387547e-16 3.88578058618805e-16 0 0 0 0 0 0 0 0 0 0 0 0 0 0 1.66533453693773e-16 3.01980662698043e-15 1.4432899320127e-15 0 0 0 1.11022302462516e-17 2.22044604925031e-17 8.65973959207622e-16 9.6034291630076e-15 7.105427357601e-16 2.1094237467878e-16 6.43929354282591e-16 3.30846461338297e-15 4.4442227675745e-14 1.01633146343261e-12 2.572950741353e-11 4.71296246473685e-10 1.75696393212021e-08 9.73137266135904e-07 3.92963594220142e-08
3.33066907387547e-17 0 0 0 0 1.11022302462516e-17 0 0 0 5.55111512312578e-17 0 0 0 0 0 0 0 0 0 0 0 0 0 0 0 0 7.18314296932476e-15 4.85167461761193e-15 2.29816166097407e-15 7.7715611723761e-17 1.11022302462516e-17 1.11022302462516e-17 1.11022302462516e-17 2.22044604925031e-17 4.44089209850063e-17 2.22044604925031e-16 1.0769163338864e-15 5.14033260401447e-15 5.16253706450698e-14 1.21931353902482e-12 1.25245591675593e-11 8.88678020061207e-13 1.09054433261591e-09 1.3555665878684e-08 3.29671734355941e-11
2.22044604925031e-17 9.88098491916389e-16 0 0 0 0 0 1.11022302462516e-17 0 0 1.11022302462516e-17 1.56541446472147e-15 3.33066907387547e-17 0 0 0 0 0 0 0 0 0 0 1.11022302462516e-17 0 7.7715611723761e-17 1.11022302462516e-17 8.54871728961371e-16 1.08801856413265e-15 3.85247389544929e-15 5.60662627435704e-15 0 2.33146835171283e-16 1.21014309684142e-15 2.22044604925031e-17 7.7715611723761e-17 8.43769498715119e-16 3.59712259978551e-15 2.36255459640233e-14 1.73850045470658e-11 1.53477452968787e-11 2.40212294499997e-12 2.3081536681957e-14 4.49640324973188e-14 4.72955008490317e-15
