Scripts_&_data/Maxent_result_files_2/B_wurflenii_3.asc
NCOLS 594 
NROWS 330 
XLLCORNER -15 
YLLCORNER 23 
CELLSIZE 0.166666666666667 
NODATA_value -9999 
[rows 180 to 199 of 330, columns 450 to 494 of 594]
5.55111512312578e-17 6.66133814775094e-17 6.66133814775094e-17 8.88178419700125e-17 7.7715611723761e-17 3.33066907387547e-17 3.33066907387547e-17 2.22044604925031e-17 2.22044604925031e-17 2.22044604925031e-17 2.22044604925031e-17 2.22044604925031e-17 2.22044604925031e-17 1.11022302462516e-17 2.22044604925031e-17 2.22044604925031e-17 2.22044604925031e-17 2.22044604925031e-17 1.11022302462516e-17 1.11022302462516e-17 1.11022302462516e-17 1.11022302462516e-17 2.22044604925031e-17 2.22044604925031e-17 2.22044604925031e-17 1.11022302462516e-17 1.11022302462516e-17 2.22044604925031e-17 2.22044604925031e-17 2.22044604925031e-17 3.33066907387547e-17 4.44089209850063e-17 5.55111512312578e-17 8.88178419700125e-17 1.33226762955019e-16 1.99840144432528e-16 5.44009282066327e-16 6.10622663543836e-16 7.7715611723761e-16 1.40998324127395e-15 5.88418203051333e-16 3.10862446895044e-16 1.99840144432528e-16 2.88657986402541e-16 2.44249065417534e-16
8.88178419700125e-17 6.66133814775094e-17 7.7715611723761e-17 1.22124532708767e-16 5.55111512312578e-17 3.33066907387547e-17 3.33066907387547e-17 3.33066907387547e-17 3.33066907387547e-17 2.22044604925031e-17 2.22044604925031e-17 2.22044604925031e-17 2.22044604925031e-17 2.22044604925031e-17 2.22044604925031e-17 2.22044604925031e-17 2.22044604925031e-17 2.22044604925031e-17 2.22044604925031e-17 2.22044604925031e-17 2.22044604925031e-17 2.22044604925031e-17 2.22044604925031e-17 2.22044604925031e-17 2.22044604925031e-17 1.11022302462516e-17 1.11022302462516e-17 1.11022302462516e-17 2.22044604925031e-17 2.22044604925031e-17 3.33066907387547e-17 4.44089209850063e-17 5.55111512312578e-17 7.7715611723761e-17 1.22124532708767e-16 1.22124532708767e-16 2.1094237467878e-16 3.66373598126302e-16 7.7715611723761e-16 8.10462807976364e-16 4.21884749357559e-16 1.88737914186277e-16 1.55431223447522e-16 1.4432899320127e-16 1.99840144432528e-16
1.55431223447522e-16 1.33226762955019e-16 1.33226762955019e-16 1.11022302462516e-16 4.44089209850063e-17 6.66133814775094e-17 4.44089209850063e-17 5.55111512312578e-17 3.33066907387547e-17 3.33066907387547e-17 2.22044604925031e-17 2.22044604925031e-17 2.22044604925031e-17 2.22044604925031e-17 1.11022302462516e-17 2.22044604925031e-17 2.22044604925031e-17 2.22044604925031e-17 2.22044604925031e-17 2.22044604925031e-17 2.22044604925031e-17 2.22044604925031e-17 2.22044604925031e-17 2.22044604925031e-17 2.22044604925031e-17 2.22044604925031e-17 1.11022302462516e-17 1.11022302462516e-17 2.22044604925031e-17 2.22044604925031e-17 3.33066907387547e-17 3.33066907387547e-17 4.44089209850063e-17 6.66133814775094e-17 9.99200722162641e-17 1.11022302462516e-16 1.4432899320127e-16 2.33146835171283e-16 3.44169137633799e-16 3.77475828372553e-16 2.99760216648792e-16 1.33226762955019e-16 1.11022302462516e-16 1.33226762955019e-16 9.99200722162641e-17
1.33226762955019e-16 1.33226762955019e-16 1.11022302462516e-16 1.22124532708767e-16 2.22044604925031e-17 4.44089209850063e-17 1.33226762955019e-16 7.7715611723761e-17 3.33066907387547e-17 4.44089209850063e-17 4.44089209850063e-17 3.33066907387547e-17 2.22044604925031e-17 1.11022302462516e-17 2.22044604925031e-17 2.22044604925031e-17 2.22044604925031e-17 2.22044604925031e-17 1.11022302462516e-17 1.11022302462516e-17 2.22044604925031e-17 2.22044604925031e-17 2.22044604925031e-17 2.22044604925031e-17 2.22044604925031e-17 2.22044604925031e-17 2.22044604925031e-17 2.22044604925031e-17 2.22044604925031e-17 2.22044604925031e-17 3.33066907387547e-17 3.33066907387547e-17 4.44089209850063e-17 6.66133814775094e-17 6.66133814775094e-17 8.88178419700125e-17 1.11022302462516e-16 1.66533453693773e-16 2.1094237467878e-16 1.4432899320127e-16 8.88178419700125e-17 5.55111512312578e-17 4.44089209850063e-17 6.66133814775094e-17 6.66133814775094e-17
1.4432899320127e-16 1.22124532708767e-16 9.99200722162641e-17 8.88178419700125e-17 1.4432899320127e-16 1.22124532708767e-16 9.99200722162641e-17 4.44089209850063e-17 3.33066907387547e-17 3.33066907387547e-17 2.22044604925031e-17 3.33066907387547e-17 2.22044604925031e-17 1.11022302462516e-17 4.44089209850063e-17 2.22044604925031e-17 1.11022302462516e-17 1.11022302462516e-17 1.11022302462516e-17 2.22044604925031e-17 2.22044604925031e-17 2.22044604925031e-17 2.22044604925031e-17 2.22044604925031e-17 2.22044604925031e-17 2.22044604925031e-17 2.22044604925031e-17 2.22044604925031e-17 2.22044604925031e-17 2.22044604925031e-17 2.22044604925031e-17 3.33066907387547e-17 3.33066907387547e-17 3.33066907387547e-17 5.55111512312578e-17 6.66133814775094e-17 7.7715611723761e-17 9.99200722162641e-17 1.11022302462516e-16 8.88178419700125e-17 4.44089209850063e-17 3.33066907387547e-17 3.33066907387547e-17 4.44089209850063e-17 4.44089209850063e-17
1.99840144432528e-16 1.4432899320127e-16 1.11022302462516e-16 9.99200722162641e-17 1.22124532708767e-16 1.4432899320127e-16 5.55111512312578e-17 0 5.55111512312578e-17 2.22044604925031e-17 2.22044604925031e-17 3.33066907387547e-17 1.11022302462516e-17 3.33066907387547e-17 2.22044604925031e-17 3.33066907387547e-17 1.11022302462516e-17 1.11022302462516e-17 2.22044604925031e-17 3.33066907387547e-17 2.22044604925031e-17 2.22044604925031e-17 2.22044604925031e-17 2.22044604925031e-17 2.22044604925031e-17 3.33066907387547e-17 1.11022302462516e-17 5.55111512312578e-17 3.33066907387547e-17 3.33066907387547e-17 3.33066907387547e-17 3.33066907387547e-17 3.33066907387547e-17 5.55111512312578e-17 4.44089209850063e-17 4.44089209850063e-17 5.55111512312578e-17 6.66133814775094e-17 6.66133814775094e-17 4.44089209850063e-17 3.33066907387547e-17 3.33066907387547e-17 3.33066907387547e-17 3.33066907387547e-17 3.33066907387547e-17
2.77555756156289e-16 1.88737914186277e-16 1.33226762955019e-16 7.7715611723761e-17 1.11022302462516e-16 1.11022302462516e-16 7.7715611723761e-17 8.88178419700125e-17 6.66133814775094e-17 5.55111512312578e-17 3.33066907387547e-17 1.11022302462516e-17 0 1.11022302462516e-17 2.22044604925031e-17 2.22044604925031e-17 2.22044604925031e-17 2.22044604925031e-17 3.33066907387547e-17 3.33066907387547e-17 2.22044604925031e-17 2.22044604925031e-17 2.22044604925031e-17 1.11022302462516e-17 3.33066907387547e-17 4.44089209850063e-17 4.44089209850063e-17 3.33066907387547e-17 2.22044604925031e-17 2.22044604925031e-17 6.66133814775094e-17 4.44089209850063e-17 4.44089209850063e-17 4.44089209850063e-17 3.33066907387547e-17 4.44089209850063e-17 4.44089209850063e-17 5.55111512312578e-17 5.55111512312578e-17 5.55111512312578e-17 5.55111512312578e-17 3.33066907387547e-17 3.33066907387547e-17 3.33066907387547e-17 3.33066907387547e-17
3.77475828372553e-16 2.55351295663786e-16 9.99200722162641e-17 5.55111512312578e-17 1.33226762955019e-16 0 6.66133814775094e-17 1.11022302462516e-17 0 0 0 0 4.44089209850063e-17 4.44089209850063e-17 2.22044604925031e-17 2.22044604925031e-17 2.22044604925031e-17 2.22044604925031e-17 2.22044604925031e-17 2.22044604925031e-17 2.22044604925031e-17 2.22044604925031e-17 3.33066907387547e-17 3.33066907387547e-17 2.22044604925031e-17 2.22044604925031e-17 2.22044604925031e-17 1.11022302462516e-17 1.11022302462516e-17 3.33066907387547e-17 4.44089209850063e-17 5.55111512312578e-17 5.55111512312578e-17 5.55111512312578e-17 4.44089209850063e-17 2.22044604925031e-17 4.44089209850063e-17 4.44089209850063e-17 4.44089209850063e-17 5.55111512312578e-17 4.44089209850063e-17 3.33066907387547e-17 3.33066907387547e-17 3.33066907387547e-17 4.44089209850063e-17
9.43689570931383e-16 2.19824158875781e-15 5.10702591327572e-16 3.44169137633799e-16 1.55431223447522e-16 1.22124532708767e-16 7.7715611723761e-17 0 0 0 3.33066907387547e-17 0 3.33066907387547e-17 2.22044604925031e-17 4.44089209850063e-17 3.33066907387547e-17 1.11022302462516e-17 2.22044604925031e-17 2.22044604925031e-17 2.22044604925031e-17 3.33066907387547e-17 3.33066907387547e-17 5.55111512312578e-17 5.55111512312578e-17 3.33066907387547e-17 4.44089209850063e-17 2.22044604925031e-17 2.22044604925031e-17 1.11022302462516e-17 0 1.11022302462516e-17 5.55111512312578e-17 4.44089209850063e-17 2.22044604925031e-17 2.22044604925031e-17 2.22044604925031e-17 3.33066907387547e-17 4.44089209850063e-17 4.44089209850063e-17 2.22044604925031e-17 3.33066907387547e-17 4.44089209850063e-17 5.55111512312578e-17 5.55111512312578e-17 4.44089209850063e-17
7.7715611723761e-16 8.99280649946377e-16 3.33066907387547e-17 9.54791801177635e-16 1.63202784619898e-15 7.66053886991358e-16 3.21964677141295e-16 0 0 6.66133814775094e-17 5.55111512312578e-17 4.44089209850063e-17 3.33066907387547e-17 3.33066907387547e-17 3.33066907387547e-17 4.44089209850063e-16 4.10782519111308e-16 2.88657986402541e-16 2.22044604925031e-17 2.22044604925031e-17 2.22044604925031e-17 2.22044604925031e-17 2.22044604925031e-17 4.44089209850063e-17 3.33066907387547e-17 4.44089209850063e-17 2.22044604925031e-17 2.22044604925031e-17 0 0 2.22044604925031e-17 5.55111512312578e-17 2.22044604925031e-17 2.22044604925031e-17 2.22044604925031e-17 2.22044604925031e-17 3.33066907387547e-17 3.33066907387547e-17 4.44089209850063e-17 4.44089209850063e-17 4.44089209850063e-17 5.55111512312578e-17 5.55111512312578e-17 4.44089209850063e-17 4.44089209850063e-17
1.14352971536391e-15 0 0 0 2.22044604925031e-17 5.32907051820075e-16 0 0 3.33066907387547e-17 3.33066907387547e-17 4.44089209850063e-17 8.88178419700125e-17 2.22044604925031e-16 2.1094237467878e-16 1.11022302462516e-17 4.66293670342566e-16 1.11022302462516e-17 2.22044604925031e-17 1.11022302462516e-17 1.11022302462516e-17 1.11022302462516e-17 2.22044604925031e-17 3.33066907387547e-17 3.33066907387547e-17 3.33066907387547e-17 2.22044604925031e-17 2.22044604925031e-17 3.33066907387547e-17 4.44089209850063e-17 5.55111512312578e-17 5.55111512312578e-17 4.44089209850063e-17 2.22044604925031e-17 2.22044604925031e-17 0 4.44089209850063e-17 3.33066907387547e-17 4.44089209850063e-17 4.44089209850063e-17 5.55111512312578e-17 6.66133814775094e-17 6.66133814775094e-17 5.55111512312578e-17 4.44089209850063e-17 5.55111512312578e-17
0 0 0 2.22044604925031e-17 0 0 0 0 5.55111512312578e-17 1.14352971536391e-15 8.88178419700125e-17 6.66133814775094e-16 7.63833440942108e-15 4.44089209850063e-17 5.55111512312578e-17 2.44249065417534e-16 1.01030295240889e-15 2.22044604925031e-17 2.99760216648792e-16 2.22044604925031e-17 1.11022302462516e-17 1.11022302462516e-17 1.11022302462516e-17 1.11022302462516e-17 2.1094237467878e-16 3.33066907387547e-17 0 0 3.33066907387547e-17 4.44089209850063e-17 4.44089209850063e-17 3.33066907387547e-17 3.33066907387547e-17 2.22044604925031e-17 1.11022302462516e-17 3.33066907387547e-17 0 0 4.44089209850063e-17 4.44089209850063e-17 5.55111512312578e-17 5.55111512312578e-17 5.55111512312578e-17 5.55111512312578e-17 5.55111512312578e-17
0 0 0 0 0 0 1.0325074129014e-15 4.21884749357559e-16 7.21644966006352e-16 6.66133814775094e-17 6.88338275267597e-16 7.86037901434611e-15 8.99280649946377e-16 1.33226762955019e-16 1.22124532708767e-16 1.88737914186277e-16 1.96509475358653e-15 8.88178419700125e-17 1.88737914186277e-16 3.90798504668055e-15 2.66453525910038e-16 2.99760216648792e-16 1.55431223447522e-16 1.11022302462516e-17 1.11022302462516e-17 2.22044604925031e-17 0 0 0 0 0 3.33066907387547e-17 3.33066907387547e-17 2.22044604925031e-17 1.11022302462516e-17 1.11022302462516e-17 2.22044604925031e-17 0 0 6.66133814775094e-17 5.55111512312578e-17 4.44089209850063e-17 4.44089209850063e-17 4.44089209850063e-17 6.66133814775094e-17
6.66133814775094e-17 0 0 0 0 0 2.55351295663786e-16 0 1.4219736499399e-13 9.43689570931383e-16 1.55431223447522e-15 9.99200722162641e-16 9.74775815620887e-15 3.10862446895044e-16 3.33066907387547e-17 1.11022302462516e-17 0 0 4.44089209850063e-17 0 0 0 0 0 0 0 0 0 0 0 0 0 2.22044604925031e-17 2.22044604925031e-17 3.33066907387547e-17 2.22044604925031e-17 0 0 0 0 4.44089209850063e-17 4.44089209850063e-17 4.44089209850063e-17 6.66133814775094e-17 7.7715611723761e-17
0 0 0 0 0 0 0 1.11022302462516e-17 0 8.88178419700125e-17 5.55111512312578e-17 1.81743509131138e-14 3.33066907387547e-17 2.22044604925031e-17 4.44089209850063e-17 3.33066907387547e-17 2.22044604925031e-17 9.99200722162641e-17 8.88178419700125e-17 6.07291994469961e-15 3.33066907387547e-17 0 0 0 0 8.88178419700125e-17 0 0 0 0 0 0 0 3.33066907387547e-17 0 5.55111512312578e-17 7.7715611723761e-17 3.33066907387547e-17 5.55111512312578e-17 4.44089209850063e-17 4.44089209850063e-17 4.44089209850063e-17 6.66133814775094e-17 1.33226762955019e-16 1.4432899320127e-16
0 0 0 0 0 0 0 0 0 0 4.77395900588817e-16 6.55031584528842e-16 2.22044604925031e-17 5.55111512312578e-17 6.66133814775094e-17 7.7715611723761e-17 2.22044604925031e-17 2.55351295663786e-16 0 1.11022302462516e-17 0 0 0 0 0 0 4.44089209850063e-17 0 0 0 0 0 0 0 0 0 0 2.22044604925031e-17 3.33066907387547e-17 3.33066907387547e-17 4.44089209850063e-17 5.55111512312578e-17 6.66133814775094e-17 6.66133814775094e-17 7.7715611723761e-17
0 0 0 0 0 0 0 0 0 2.22044604925031e-17 8.88178419700125e-17 3.77475828372553e-16 1.11022302462516e-16 8.88178419700125e-17 3.33066907387547e-17 3.33066907387547e-17 2.22044604925031e-17 2.22044604925031e-17 2.22044604925031e-17 0 0 0 0 9.54791801177635e-16 2.4757973449141e-15 4.03010957938932e-15 2.34257058195908e-15 6.21724893790088e-16 1.77635683940025e-16 9.27036225562006e-15 3.78586051397178e-15 2.99760216648792e-16 0 0 0 0 0 0 0 0 5.55111512312578e-17 5.55111512312578e-17 5.55111512312578e-17 7.7715611723761e-17 5.55111512312578e-17
0 0 0 0 0 0 0 0 0 3.33066907387547e-16 2.22044604925031e-17 2.22044604925031e-17 6.66133814775094e-17 1.11022302462516e-16 1.66533453693773e-16 9.99200722162641e-17 5.55111512312578e-17 9.99200722162641e-17 9.99200722162641e-17 2.22044604925031e-16 0 0 0 1.59872115546023e-15 2.37920794177171e-14 1.0769163338864e-15 2.98649993624167e-15 1.0724754417879e-14 2.62012633811537e-15 1.03361763592602e-14 6.0507154842071e-15 4.44089209850063e-17 8.88178419700125e-17 3.33066907387547e-17 0 0 0 0 0 0 0 0 0 0 4.44089209850063e-17
0 0 0 0 0 0 0 0 0 0 0 3.33066907387547e-17 3.10862446895044e-16 4.10782519111308e-16 6.66133814775094e-17 6.66133814775094e-17 4.44089209850063e-17 6.99440505513849e-16 3.44169137633799e-16 3.66373598126302e-16 2.88657986402541e-16 0 0 3.88578058618805e-16 1.4432899320127e-16 5.7065463465733e-15 1.7963408538435e-14 5.79980508064182e-14 3.65152352799214e-14 6.11066752753686e-14 8.61200000201734e-14 3.26849658449646e-14 9.10382880192628e-16 9.99200722162641e-16 5.55111512312578e-17 4.21884749357559e-16 0 0 0 0 0 0 0 8.88178419700125e-17 0
0 0 0 0 0 0 0 0 0 1.11022302462516e-17 2.22044604925031e-17 5.55111512312578e-17 4.44089209850063e-16 8.54871728961371e-16 3.33066907387547e-17 8.88178419700125e-17 1.11022302462516e-17 2.22044604925031e-17 1.33226762955019e-16 1.11022302462516e-17 2.22044604925031e-17 5.55111512312578e-17 0 0 1.88737914186277e-16 0 0 2.87103674168066e-14 1.0360601265802e-13 7.98250354705488e-15 1.01729735746403e-13 2.28372876165395e-14 1.13598019879646e-13 4.6074255521944e-15 3.21964677141295e-16 1.38777878078145e-15 5.55111512312578e-17 0 0 1.11022302462516e-17 2.22044604925031e-17 2.44249065417534e-15 9.99200722162641e-17 9.99200722162641e-17 8.88178419700125e-17
