Scripts_&_data/Maxent_result_files_2/B_wurflenii_3.asc
NCOLS 594 
NROWS 330 
XLLCORNER -15 
YLLCORNER 23 
CELLSIZE 0.166666666666667 
NODATA_value -9999 
[rows 100 to 119 of 330, columns 360 to 404 of 594]
2.26952785875589e-07 2.98427581824079e-07 4.59328288426875e-07 3.31623450999796e-07 6.30766302700536e-07 5.06251951837289e-07 1.51919751556484e-07 1.09116932978104e-07 2.28071011965092e-08 9.58090472636286e-05 2.78272996867557e-09 1.21915499917691e-10 1.2256965442603e-10 1.03504150250622e-08 4.97386739573003e-09 3.42690607002538e-09 8.70026273247504e-13 4.73838663972437e-08 6.67870158066464e-09 5.05527841809794e-11 3.98116322131159e-09 5.11587132656643e-09 1.19091159156426e-10 7.15233872128351e-11 1.34472166735122e-10 2.726374681572e-13 1.09728892638827e-12 1.20783583024142e-08 6.32896488550472e-09 3.41053682295644e-08 2.90383502798974e-09 1.98668681505865e-10 9.11941258507909e-08 1.01242906280774e-09 4.22439860869872e-14 1.62359015121183e-13 1.43773881688958e-14 4.50528503392889e-13 6.42041975140728e-14 7.87148124459236e-14 1.00854880002998e-12 8.205769397307e-13 5.66324764861292e-14 4.13118428355119e-12 3.62113672380815e-12
5.16538811723422e-11 2.26821884308226e-07 2.90343781816915e-07 7.13712349997842e-08 2.52700272895812e-07 2.21665546407124e-07 1.21089793314599e-07 2.64200305410967e-08 1.73387961655003e-08 3.72785136093512e-12 1.22999859408779e-08 1.40849161334167e-08 1.22089482579302e-07 1.25916656323888e-07 1.25373060577694e-07 8.08346899305867e-08 2.13618205124888e-08 5.9267812879682e-12 1.41237799233807e-11 8.05343569609818e-12 6.28244487654861e-08 4.04546145804652e-08 4.31608895512525e-08 2.0842303438684e-09 2.00408134531926e-11 3.31962462629676e-08 6.03930913833928e-08 8.67153080452709e-09 7.39843365460402e-09 1.52350535742585e-08 3.9716563371428e-12 1.44894674036777e-10 3.10034664607883e-11 2.34105879126645e-10 9.04204155993682e-11 1.7261480023123e-10 5.17030862567935e-14 6.406430941297e-13 1.63247193540883e-13 3.69482222595252e-14 1.55930823808603e-13 1.44317890971024e-13 7.71571695423745e-13 3.22630810956071e-14 2.62234678416462e-14
3.8747985708909e-09 7.67087816599954e-09 6.23142642264263e-08 4.22007054856621e-08 9.29862141951787e-08 1.07126635418009e-07 4.09147921098807e-08 1.41690488120183e-08 2.23265850252119e-13 3.9260705797517e-11 1.93630367073538e-08 1.78439830023081e-08 5.71627741141611e-08 6.66536424720476e-08 1.66229460751843e-08 4.14263542580784e-08 6.33730596888427e-09 3.69659356791452e-08 4.22691677659515e-08 3.796797488409e-07 1.24449526694992e-07 2.47222198823671e-08 4.81330419965786e-11 5.85034354294578e-11 2.20157225783169e-14 2.67358912786619e-11 1.59303086832985e-08 1.39383340092003e-08 3.54379525724369e-11 1.17553284439964e-07 3.45767834986077e-07 6.06337202668783e-12 1.80010772954375e-10 4.25750366406241e-08 4.39430178911238e-09 1.93218135935425e-09 1.16278133788228e-09 3.10661274482982e-11 7.51809725585417e-13 6.39377439881628e-14 9.82434134044752e-12 7.63193129804662e-09 1.40474178955685e-09 5.43576295086723e-13 3.41338068921004e-13
5.04141040025274e-10 1.04242396548049e-07 3.72385366098626e-08 3.68337693679166e-11 5.74636767058934e-09 1.27327915877551e-08 5.66286360026424e-09 6.54397172006327e-09 6.20226421332859e-09 9.69751838830746e-09 2.38624432213896e-08 3.44281391961854e-07 1.24372132015438e-07 2.96495679474873e-07 6.38130114638535e-08 5.5447002544895e-11 1.3097934570272e-08 1.83994754876515e-08 2.15143933779416e-09 5.31672479153755e-08 4.58245705825533e-09 4.05849198692465e-10 2.16196038849148e-10 5.06323617477378e-09 2.17560774951053e-09 7.23310300543289e-14 2.91615220859853e-10 5.09714968677244e-08 3.02407013319517e-08 1.43685358167112e-08 3.72012686966627e-07 3.06132896810141e-13 5.83311177138057e-14 2.06704653393786e-12 2.66540123305958e-12 2.56461518688411e-14 6.10500539011127e-13 7.8248518775581e-14 6.93822777009245e-13 1.46979317605656e-11 4.45210535104934e-13 3.69178021486505e-12 7.67419461311647e-13 9.43300992872764e-13 4.15214196358704e-11
1.84106447864707e-09 1.48537686706085e-08 3.46453914445988e-08 1.67549731866501e-09 8.09338152052419e-11 1.36289080021612e-10 1.493880361636e-08 2.79964940119726e-13 3.64204133518342e-10 4.46617409721739e-11 6.59002207248349e-09 1.40205515664071e-07 1.41919984242289e-07 9.21062914160942e-08 1.38117309123054e-07 2.52015942447947e-08 2.94505204001538e-08 6.35151062855499e-08 1.60265186677222e-09 5.14044222743593e-09 6.11177775056149e-13 1.59123825227425e-11 3.12209147423914e-11 2.00363900693112e-08 5.46244702803733e-09 8.14473914978464e-09 6.87820911338122e-12 5.45341549695877e-13 2.62010413365488e-12 5.81800163601542e-12 2.49733567159183e-13 3.45330819495615e-10 2.28927987677707e-14 3.39506200930373e-14 1.03583808197527e-14 6.7346128673762e-14 2.20840012943313e-12 5.74928993302137e-13 1.96610505653894e-12 3.6054492724702e-13 2.93998159150988e-13 3.23074900165921e-14 1.56941126761012e-13 2.6416646647931e-13 1.20606091780218e-09
9.37880096030241e-08 1.86787649480991e-07 1.2887467690792e-07 3.29076344396384e-08 8.02736860316955e-09 1.08267370624304e-09 1.22480328657026e-08 7.6887483158039e-09 1.99712868464985e-09 1.39423805833871e-10 6.4757469164789e-09 1.28474353378039e-10 1.27584021125671e-10 3.17367919389078e-08 2.83707470516426e-08 1.5982779211221e-09 1.06955103928996e-06 2.87007878241319e-08 2.19640781673469e-08 2.6612965098316e-08 1.9456593225442e-09 1.57554438939833e-08 2.49433806942534e-12 1.22102444821692e-09 4.07597064433496e-08 2.63576730108461e-08 2.09817685448144e-08 8.05300270911857e-13 5.95719340523715e-10 1.4786580326831e-08 1.44912970512223e-11 4.9533710466676e-12 3.33489569293022e-11 5.6665783176868e-14 1.85307325040185e-13 9.5812247025151e-13 9.68780611287912e-14 3.19633208789583e-14 4.34541291838286e-13 5.33906252542238e-14 1.9551027463649e-14 4.66959804157341e-14 1.2401191185063e-14 1.16949783190989e-12 2.15716333684668e-14
1.58514417825106e-07 6.57561983974375e-08 1.47910478753843e-07 1.24206240870173e-07 8.40197002527354e-08 5.3725617576994e-08 2.21391565524698e-08 2.0361405483893e-08 1.68976901804285e-08 9.67070649671165e-08 4.87362253887014e-08 2.13520312541959e-11 2.53862264543159e-11 2.39362418774647e-10 8.92647897821064e-09 4.85591218013504e-08 6.83107728494114e-08 1.13580233884747e-08 2.92475221819188e-10 1.52112322737707e-11 3.09378411778027e-11 2.57049139751331e-09 1.72972747236599e-13 1.77474701601454e-12 1.64988023243495e-12 2.10562906444167e-08 1.77854211580453e-08 9.00199914610766e-12 1.41175959811335e-13 9.52925337527333e-09 3.30047100760567e-13 1.08580922031365e-12 1.89487314727899e-12 4.59021709531271e-13 4.29517532651857e-12 2.93964852460249e-13 1.32893696047631e-14 8.57536264220471e-14 1.38118405601517e-12 1.21125331986605e-14 4.31399360678597e-13 2.68673971959288e-14 8.12350187118227e-14 1.2623235789988e-14 4.78879602638926e-11
1.50394918740915e-11 5.56245015381762e-08 3.1741633341742e-07 2.81689966907805e-09 3.90920430470842e-09 3.99463984113169e-10 6.67813401244999e-09 6.81625056397905e-10 8.37601099590302e-12 2.72841401360857e-08 1.64704158867046e-08 5.89469137945997e-09 3.50360807033212e-10 8.38606961650612e-13 1.02960470149682e-09 2.16993502832885e-08 2.20422274987975e-08 2.60967158993708e-08 2.55141909377699e-08 2.84401640127108e-08 3.38042265402017e-08 2.42191748212051e-08 9.52705005996535e-09 2.2163555635224e-08 2.96412169253912e-09 1.82511981750011e-08 6.71594957424304e-09 4.89194165176343e-09 1.04648300913723e-08 2.98786110186633e-08 1.80956671869126e-09 8.83316864097594e-11 1.06243902564529e-12 1.2339964605701e-10 3.8450354011843e-13 8.69774585687821e-11 2.92464363838008e-10 6.09976513743504e-12 6.87111922914596e-11 4.8868350477349e-09 6.73937518014256e-09 6.96559324664392e-09 7.61769599622042e-09 4.95502677777537e-09 1.87067673573793e-09
4.29499658061161e-11 6.09746063529037e-08 2.63392041510713e-07 8.20296654047148e-08 4.11300105085388e-11 2.2344195405033e-08 1.88476553475425e-08 1.31431630023826e-09 1.5059333557943e-09 8.1496254189517e-12 5.05053299182379e-10 2.15610569287428e-08 1.83086801719412e-08 2.7172402450315e-08 9.2323563782859e-08 1.64932709934007e-08 2.10926837884706e-08 1.32466715152546e-08 1.75927080015015e-08 5.41761402406138e-09 2.38973944854948e-08 1.38664083659812e-08 5.52205482895474e-08 1.73245527701482e-08 1.81935397969291e-08 1.69850441711361e-08 1.6350744402871e-08 1.04488766972111e-08 2.16722843449091e-08 5.26204080308901e-11 1.70993327275326e-09 3.35409477969506e-13 1.86783444378058e-08 8.98237765278864e-09 2.00145823248121e-08 1.70336529214943e-08 7.44539212504947e-09 1.24573190651844e-09 5.47558866026421e-09 6.86938532723502e-09 9.24565759508056e-09 7.57127524009249e-09 4.32614384315855e-09 3.69062607141757e-09 2.11326802390666e-08
1.05069319911166e-10 2.678224308994e-11 3.59659525495104e-09 1.27067999355912e-07 3.17999919174916e-08 1.45349885660728e-07 7.16994006499938e-08 4.16404468572829e-08 2.76675076849031e-08 1.79177717551937e-08 2.67211341387075e-08 3.36565034508851e-08 3.24746991298142e-08 1.60983423480587e-08 1.85303594468778e-08 1.02850076511007e-07 2.1364563407289e-08 2.01534198662756e-08 2.12420800504987e-08 2.02718748898434e-08 1.44064621010465e-08 5.1268161660456e-08 2.34772029150676e-08 2.72847863524994e-08 3.03605958928976e-08 2.05001935982274e-08 1.35341316154225e-08 1.06469242133755e-07 7.74484643084605e-09 1.20899355970927e-08 2.94042772241987e-08 5.66791058531635e-13 1.20758999133663e-08 1.16207393374701e-08 1.21519545537296e-09 6.73524647165635e-10 1.7910994454251e-08 5.62613968746462e-09 6.56987330094339e-09 6.55574057262243e-09 5.00801491387648e-09 5.00270382897128e-09 2.18314580857637e-09 6.94007484813852e-10 3.86553467013329e-10
1.52817280096862e-07 1.50381319508064e-08 9.33150057225163e-10 7.63102547818306e-10 3.07430240009676e-07 6.02468094634823e-08 3.57902447900571e-08 1.50897387474203e-08 2.85343329742282e-08 1.97998802020649e-08 1.67353043312168e-08 2.96382709374932e-08 2.62214792434712e-08 6.01363070451555e-11 1.10040942358225e-08 1.20733064212786e-08 1.17044503866737e-08 7.43343701925525e-08 2.67019464206264e-08 2.57764750655198e-08 2.70481174680093e-08 2.72094757503005e-08 3.13144085994921e-08 3.89301676118059e-08 2.07011875086316e-08 1.74887103132626e-08 2.17342477348836e-11 4.88204422444127e-09 2.36469578696052e-08 1.43626794346652e-08 1.27676946459765e-08 1.06763580087765e-08 7.43268120384499e-09 3.01484833098442e-08 3.62563276068428e-09 6.92521137102276e-09 8.47737455789144e-09 5.25842798193565e-09 5.26866227312794e-09 7.03824043490897e-09 7.16113168763854e-09 6.95820931984059e-09 4.26314189505561e-09 2.486595152007e-09 1.64905977761975e-11
1.8916195037022e-07 1.28655076225837e-07 6.4219248441244e-07 5.87800039753006e-09 4.03945443983034e-08 9.66032120963689e-10 3.57227397995707e-08 3.71520713193796e-08 2.87239941054729e-08 7.91450340043021e-08 1.13970858417467e-08 1.66211845509245e-08 1.80878703237575e-08 1.55198658036149e-08 1.21872529734723e-08 1.64799057067455e-08 1.9237166426489e-08 9.96711519984927e-09 1.56705320386585e-08 2.44439731345025e-08 3.74421307181016e-08 2.30993795424794e-08 2.49209518465854e-08 4.50511213889726e-09 1.1530389287806e-08 1.82807542881136e-08 6.67839468171394e-09 1.83412063314847e-11 1.0008329265343e-08 1.96651147810201e-08 1.43868947755088e-08 1.04383354404547e-08 3.58829546964756e-08 2.46081207633253e-09 2.71186406664015e-12 2.33855388387383e-09 4.85028266439258e-09 3.33899710103225e-09 8.62215409069833e-09 2.12831233303845e-08 2.38903840044102e-09 1.92118592146073e-09 1.63573543598972e-09 1.88728688232942e-10 2.85768131380593e-10
1.56602622891633e-07 1.13349033370458e-07 8.03513736102879e-08 5.73104688261772e-08 4.97847891467451e-08 4.11636201569365e-08 3.42142469467177e-08 3.16741864625492e-08 2.67070107362599e-08 7.12829918425584e-09 1.04380182275321e-10 1.10678637699202e-08 2.13390584091755e-08 1.85542161301733e-08 1.19340932580592e-08 3.30219008803923e-09 2.33045360786832e-11 1.99595784344808e-11 1.13547645175238e-08 3.09608501170011e-08 7.07221086138077e-09 1.40621353794668e-07 1.58347088108357e-08 2.03758030448142e-08 1.0182609871956e-07 1.32268461960905e-08 5.44150294601309e-08 3.84460715596724e-08 5.30882476423855e-08 1.02411592595164e-07 1.03579981480806e-08 1.46926318111973e-08 1.45753791147563e-08 2.72554652180901e-09 1.21125331986605e-12 1.03405473073082e-10 2.41831713543306e-09 2.47910076911495e-09 2.91682719089081e-09 3.69775192687882e-09 2.1866476962451e-09 5.24437269167066e-09 3.3484156558572e-10 5.11099185196429e-10 3.10438731387919e-09
8.95618821217248e-08 1.07995653242376e-07 9.65455627333078e-08 3.29572385382448e-08 5.19527249109864e-08 9.37326932404226e-08 1.96229477111842e-11 5.39503997032398e-12 1.75283010328542e-11 1.93173810281166e-11 4.89774887313388e-12 3.654627422911e-09 4.55744778471434e-08 4.58454576524048e-09 9.28397200228304e-09 1.03640622417522e-08 4.23599042398415e-08 2.76755955708197e-08 1.32517747886141e-08 4.27533124458535e-09 7.85189165908307e-09 1.68358621044362e-08 1.05570508113217e-08 8.74407979245539e-08 1.44609546559593e-11 3.87247645061706e-10 1.01262537688385e-08 6.91422824550258e-09 9.42175342188989e-09 4.79400907860139e-10 5.61056095027546e-08 3.50491956568888e-09 3.3751884176425e-09 4.79957721344348e-09 7.04034608389748e-12 3.57631702030403e-12 3.32686611592692e-10 4.31661407729322e-09 2.61497750120299e-09 1.69910986391741e-09 5.33968269600393e-10 5.20783416391168e-13 2.08259427481039e-09 3.85263076996267e-10 2.13793092340708e-08
6.71871143720359e-08 8.65989982390403e-08 8.85920550808272e-08 1.08429552603262e-07 9.42594990949175e-10 1.91492266488069e-11 1.31969879468841e-10 5.37176270132278e-09 1.25351651281136e-10 8.93433549364886e-11 3.08855101494032e-09 4.42972103442685e-11 1.32450173051524e-10 1.70687941780656e-08 3.25219629448981e-08 5.11469535613429e-09 3.76159025039513e-09 1.43794198770308e-11 1.15549730117515e-08 1.59115736142468e-09 9.73262048731271e-10 1.2431884854891e-08 8.60568927230076e-09 4.5460131770092e-09 2.62132455741693e-09 2.57396376435182e-09 8.20922940736324e-09 1.35524647060237e-10 4.18588019801547e-09 1.51672422399329e-09 1.01813414365992e-09 1.79084158613563e-10 1.5974842226818e-09 4.5794368297436e-12 3.31171756684512e-12 1.22775345445802e-11 3.57717128696144e-08 2.98022724276592e-09 5.89643522896921e-10 2.66794050185482e-09 6.27704188627121e-09 2.95002503536423e-09 2.51825076347245e-09 1.36839604092387e-09 2.03805239351595e-09
2.11049244525086e-08 5.66321396411329e-07 5.09116082625383e-11 1.19130455944472e-08 1.89892228386057e-08 2.14136969589607e-07 1.32552862575075e-08 7.47727000316445e-09 4.80959793103253e-09 6.20103899340307e-09 8.1778668614696e-09 4.37727504243313e-09 3.21846524986569e-09 2.69086837700883e-08 6.47319917668199e-09 2.00954717755053e-08 7.5757844442137e-12 3.4514169300337e-12 2.61275445723186e-12 2.94383406540533e-12 3.89494103636423e-11 1.20980780948798e-11 6.38427333221614e-10 9.12866449098715e-12 1.93387528213407e-11 1.1549761147478e-12 1.50595425019162e-11 3.40948380639361e-12 1.6388017498592e-09 6.71748212610623e-12 1.50665480092016e-11 1.88846149828947e-10 1.00142116821189e-12 2.65941713095685e-12 6.05047456581076e-11 1.18619535749431e-08 3.75974021915582e-09 4.06365207039627e-09 3.0578122256486e-09 3.89421198621065e-09 4.49721450079821e-09 3.73360973249248e-09 1.63600266667174e-09 2.52085786689449e-09 5.31060195818611e-11
4.29812961222353e-08 5.42308352224907e-08 2.26121676938362e-11 1.55357721365323e-07 1.73203171505154e-07 1.42771910527362e-07 1.38464692711615e-08 1.45548597396683e-08 2.777591490144e-11 2.86114754111111e-10 1.24653620758863e-11 5.46840350779121e-12 4.62327953698605e-12 4.10340650347507e-12 3.18040038749245e-12 2.24191776254656e-12 5.1781690046937e-12 3.36248417998064e-10 2.3218728051333e-10 1.92266993548351e-08 7.04940883444749e-11 1.32168165301039e-11 3.00904856587181e-12 2.53198333410864e-09 2.26732410624209e-10 1.99139860157516e-10 2.76401124210679e-13 1.55946884294877e-09 3.557242811425e-09 2.82576073651342e-11 7.68095809178249e-11 2.26310081785641e-12 8.27016233273525e-13 2.50485965302971e-11 5.15634657194397e-10 2.58635816097197e-09 2.94748457863037e-09 2.82588311639742e-09 4.01362743041034e-09 2.80853633682909e-09 3.79892141078031e-09 2.55360375067681e-09 8.22144796686075e-11 1.24668645407056e-09 6.87198076221307e-12
8.99099927842428e-10 2.81320050254941e-08 1.30288868582795e-09 1.20926411106836e-09 1.99150327007125e-08 1.14727023325933e-08 2.0640307163422e-08 1.19309748747298e-09 7.24414972452792e-12 6.71550333120052e-09 5.03578290178552e-12 2.84727796895368e-12 1.57212021179021e-12 9.50062251092731e-13 3.86168874655368e-13 9.20264420223305e-10 1.31845634410155e-10 4.73063388461981e-10 1.44915768829357e-08 2.2425250065794e-06 5.72905258877654e-07 1.39358712014648e-08 3.03315594862852e-11 4.3036751939951e-11 4.90397067398618e-10 1.81007875355021e-11 4.33413749334477e-11 4.74252637161499e-11 5.45085976355608e-11 1.26819665879907e-12 4.14487877353764e-10 3.2590485865569e-12 4.55583670788684e-10 2.16218776216692e-10 1.76389480799344e-10 5.69324171140195e-09 6.8137415709657e-10 1.01331387725168e-11 1.61858304537077e-12 5.94997384695262e-12 9.39803790345195e-13 1.10148556942136e-12 8.71125394041883e-13 3.45597994666491e-11 7.12696512916722e-10
5.40212546251695e-08 1.14738056433694e-07 1.32333483726654e-08 1.55449320193846e-08 6.0227489662168e-12 1.8349288755104e-11 1.73811198878049e-08 1.07592590947725e-08 1.5287732790803e-08 1.02660296930068e-08 2.85946744060794e-10 9.47648015614533e-10 9.04309960247929e-13 1.45272682772202e-13 1.02358233000643e-11 4.85329221255881e-11 6.03606054028205e-13 7.60635998631187e-13 1.01444408429074e-11 7.12605139341349e-08 1.38700162466421e-13 4.2077386019912e-11 4.36735092534946e-12 4.83004747309224e-12 6.24879037403048e-12 8.39909253258497e-12 3.99843491649676e-12 1.6068035790795e-11 4.90887330784062e-12 1.10865761016044e-12 9.8208781107445e-10 1.99954774959821e-10 9.30596710801979e-12 1.13534293078033e-10 1.59990909409657e-11 9.03912278360508e-10 3.78265958111967e-08 1.54588195799832e-08 5.27640474645707e-09 1.18014551242496e-08 1.10266497044265e-09 1.07212424049763e-08 8.70427152577236e-10 3.19684279048715e-12 6.4733773896819e-13
4.42982561854599e-08 3.36435585279737e-08 1.58738022726368e-11 6.25456264558011e-10 3.0939428796728e-11 1.09912012824509e-10 1.30637301198888e-08 7.27073397710498e-08 1.15503951514384e-08 6.6851563396142e-09 5.8623286558479e-09 6.19433839776917e-09 7.79338815704023e-11 4.61017779507245e-11 8.71352845432938e-10 1.47150702733967e-10 8.66518812259187e-10 8.9010111836707e-09 1.08132928167137e-09 2.06183958795236e-12 1.81937798160448e-12 1.24712071780664e-09 9.51697444184774e-09 5.96532823138318e-12 2.3921198355481e-12 2.41202302575516e-10 1.13707931959084e-12 5.71017788608685e-11 7.2035862830333e-10 1.89718461252042e-07 1.31046735241114e-08 7.4410211325926e-11 5.3687609913311e-12 2.5742852294286e-12 2.41082598329001e-11 5.49079892664395e-11 2.11593464971571e-10 1.51362207212458e-09 6.15611139842542e-10 3.38907990560244e-10 3.31334959469132e-13 2.11442763298209e-10 2.81504893839823e-09 3.39504069302166e-10 1.85991101409044e-09
