Scripts_&_data/Maxent_result_files_2/B_wurflenii_3.asc
NCOLS 594 
NROWS 330 
XLLCORNER -15 
YLLCORNER 23 
CELLSIZE 0.166666666666667 
NODATA_value -9999 
[rows 60 to 79 of 330, columns 405 to 449 of 594]
2.98150824362686e-07 4.98089149214565e-07 0.00314009711000836 0.00138057205549558 3.0950483767711e-05 6.97048009769219e-05 0.000255834967720148 0.000738637065023795 6.76828989021327e-07 5.75071899999724e-07 7.5606615419499e-07 1.28602548474799e-06 9.79185782978842e-07 6.96760109830663e-07 9.05584500010548e-07 1.67438298470657e-06 2.6571202561998e-06 1.92175828932495e-06 1.57278657273441e-06 1.25742103525006e-06 9.88747522623345e-07 9.69829756836127e-07 1.10340218925087e-06 1.31586938189043e-06 1.57338887033509e-06 2.00261100558041e-06 1.45412377339227e-06 7.39246844783103e-07 3.43108152378591e-07 1.86560037485073e-07 8.79346453541707e-08 1.92741256643814e-07 2.88192172293034e-07 4.87014199268554e-07 2.7876689052686e-07 3.16387460408407e-07 3.10820277804602e-07 3.83373187995417e-07 5.43596040514238e-07 7.52788134217308e-07 3.99269736695018e-07 6.49574207700621e-07 2.60255463813142e-07 1.61373148477306e-07 2.36076321225021e-07
7.18667430565922e-08 0.000634949079788782 0.00195313912299753 0.000753743459063116 0.000211920024855772 0.00146748700935859 4.510680640335e-07 5.17234241736997e-07 4.97935397403282e-07 5.43502530614415e-07 1.18747268433861e-06 2.14595404391948e-06 2.19119316411387e-06 1.44171406024629e-06 2.34536786227757e-06 2.11722943133097e-06 1.83165778309124e-06 1.46975289900819e-06 1.48854402909349e-06 1.40025953752065e-06 1.25564900322894e-06 1.23491624409722e-06 1.01110555577044e-06 7.47922446409088e-07 8.90531406994022e-07 1.07632844321692e-06 9.00629858846536e-07 9.22486577747961e-07 2.5319049082384e-05 2.87916931784871e-07 1.87327698653039e-07 1.29345779509293e-07 1.92381348185222e-07 3.92041534225118e-07 2.79388135104863e-07 1.67699936659549e-07 2.10100913988764e-07 1.83526638930509e-07 2.45489036410085e-07 2.15263325387127e-07 4.30430046927111e-07 6.15062177156123e-07 2.54636125163188e-07 1.14958376984386e-07 1.62615327237159e-07
1.16177667888628e-05 1.20459887412494e-05 0.00139797128103964 4.27541661174313e-07 6.79521014457229e-07 1.55074072807793e-05 2.93596753742076e-07 3.14598284800738e-07 1.15736291195212e-07 3.85807311287234e-07 4.36966262207239e-07 1.1935841615629e-06 1.67938974164894e-06 9.88241158128567e-07 8.80615736664758e-07 8.82462700191322e-07 9.5744272812226e-07 7.96514060519282e-07 1.03403541081848e-06 1.18318713621113e-06 8.96691461926835e-07 6.20544633911369e-07 7.26028337338924e-07 5.88633159370744e-07 7.60464587079568e-08 1.09041664970277e-05 3.90730015342733e-07 1.5255951262283e-07 2.03671268828032e-07 1.60653191938476e-07 1.79041979098127e-07 1.59448768954906e-07 1.48652604514687e-07 1.65574037158667e-07 3.25744315841092e-06 1.28718831826635e-07 1.93002929771424e-07 2.1351220472754e-07 2.27994699586453e-07 2.76555023870362e-07 2.45574173030061e-07 3.13166164089829e-07 2.65385007425234e-07 1.755297575734e-07 1.15403072498133e-07
3.87756551933904e-07 1.44278947590282e-06 7.19195595855204e-08 1.79587129340852e-06 0.000430945394327864 1.20987828444719e-06 1.61996454750124e-05 6.16678594383302e-05 4.93547768798397e-07 5.25995240618915e-07 4.16459317065243e-07 1.31480396958761e-07 6.80221985771556e-07 1.05826710776746e-06 1.07998488990679e-06 1.59986441000681e-06 1.71034583265062e-06 8.64989537485705e-07 7.44791998752437e-07 7.59889032286853e-07 7.83110142688059e-07 5.19304025603517e-07 5.21908795525494e-07 5.48802882671673e-07 4.21298079511523e-07 2.86488958944897e-07 1.73150946769507e-07 8.31057977324079e-08 1.22864323648386e-07 1.06388520848544e-07 1.06795310383934e-07 1.23350137404277e-07 1.3335744483145e-07 7.66668711627005e-08 1.40785040625424e-07 1.32646580119911e-07 1.57056025373858e-07 1.51203093745611e-07 1.70738586180441e-07 1.72040189183598e-07 3.24633857964329e-06 5.71707620355966e-06 2.23729634485359e-07 1.98588203192962e-07 1.84199180619515e-07
6.04928503300517e-07 3.94345775703187e-05 0.000450161415756156 0.000207404048563831 0.00013490193243797 4.9836161264416e-08 3.22878013037098e-06 6.77972508015046e-05 2.84671503095524e-05 7.24614680507329e-06 2.51855338689211e-05 3.6023391374318e-07 8.79938239395361e-07 6.68553631222313e-07 2.17503276394027e-06 7.83712119811764e-07 5.04870566064852e-07 5.63648865803401e-07 5.29567254725638e-07 4.25215807375867e-07 3.88679211060783e-07 4.76368568791408e-07 6.06589066531882e-07 4.02989145686927e-07 4.81900267612634e-07 1.95190653295985e-07 1.54188726209092e-07 1.60332857501722e-07 1.44191868034493e-07 1.4415685629654e-07 1.424011028206e-07 4.52541700579623e-07 6.7676711044129e-06 2.56410559327236e-06 5.05757947077967e-08 1.11358267140815e-07 6.82104750238111e-08 1.56189964850562e-07 1.54884475334072e-07 9.21709774615032e-08 1.64209442987673e-07 1.44514582645083e-07 1.39177870417395e-07 1.62002180870147e-07 1.7908979721426e-07
1.1354601299729e-05 7.65791961943041e-07 2.49916689920582e-07 1.00056003304871e-06 3.65126870516264e-08 2.7915587907934e-08 3.40096290241121e-08 2.93631981264753e-05 2.71651602247402e-05 4.0609276978909e-06 5.33480045646684e-05 6.61126872643081e-06 1.11848940824721e-06 4.76202943779924e-06 5.78120959970896e-07 7.05333509358752e-06 2.43195174165489e-07 2.94631833652748e-07 4.29535998047736e-07 1.7113461341367e-07 4.90411346092401e-06 3.49591634165591e-06 4.89604560129919e-05 3.58484589755292e-06 1.00572651868802e-06 3.48076278688936e-08 1.70820744815892e-07 6.33987393017232e-07 1.22456415681427e-05 1.72819752672915e-06 1.08120183938354e-05 9.2935536045502e-06 1.03145452334807e-07 7.1174082405534e-08 1.10468893399496e-07 8.96772711334037e-07 4.46863962810795e-06 6.38267015293792e-06 2.45028962932992e-06 1.22756349782094e-05 2.53499324092132e-06 1.19377449470104e-07 3.01868651977344e-06 1.70559845857898e-07 3.35176836951945e-08
1.82223530913461e-05 5.44348267901285e-06 1.89534152594817e-06 6.13397141968619e-09 1.79857517568216e-07 9.23428997481324e-06 4.10916273096973e-05 0.00026072894979734 8.37233629102929e-07 0.000103341616863872 5.30293441613594e-05 9.16589927566491e-06 7.81832255487558e-06 3.04907332633775e-05 1.53809894399615e-05 7.58293748015504e-08 2.30809485346484e-07 2.80332690408613e-05 3.43207727331318e-06 4.27362247883423e-06 2.61804645532493e-05 3.90041056533619e-05 0.00278427228622604 1.03802952089893e-05 2.09049681476614e-07 2.53050652370135e-06 3.27369308716907e-07 2.80104074712462e-08 2.56620657882456e-06 2.84056164105095e-05 6.48249138923696e-08 6.27127818013662e-06 6.11219589385925e-08 6.84714617094073e-06 7.13226293029834e-06 6.89213890781026e-07 4.5848180859398e-06 0.00987506873207167 9.2827542259144e-06 9.52156243727131e-05 5.03701344200635e-05 6.83712162792283e-06 7.5750657935636e-06 8.92222006427801e-06 7.42373648705552e-06
0.00421731772657949 1.65205337225416e-05 0.000188164725750539 6.90899854362215e-05 3.18001414200353e-05 0.000235283442498257 0.000547650204862293 0.00267414629925042 0.000815716095894459 0.000837115129252197 0.00396908333350439 0.000107044219907948 0.000200483181515665 5.10613649495895e-07 4.32919753620808e-05 1.91380601926028e-06 0.000368113799686398 1.68973739825162e-05 4.78451873277663e-05 0.000219100426738805 2.75761261619323e-05 0.00360290697135497 0.01639511117246 0.000138246325525415 0.000298599379766529 9.75144993617505e-05 2.10690663621449e-05 4.7460359507312e-06 4.77329096015833e-07 3.05393301636148e-07 1.11194395802983e-05 7.19995697750164e-05 9.77133310584577e-05 2.96702798024739e-05 0.000213337762443189 5.23643050286182e-05 5.99823624611417e-05 1.0605386260476e-05 3.59469785968791e-06 1.44952090757045e-05 5.74411061593505e-07 8.30784786365335e-07 4.02644684811548e-06 2.22758208163754e-06 1.86079815591711e-05
2.90228387504143e-05 0.000195133970464667 3.13359557202464e-07 8.17682245690676e-08 2.6010357324413e-06 1.32769166649727e-07 5.13671040209829e-06 0.00686917627463117 9.29998282757083e-06 0.000143892454229899 9.14285891212785e-05 7.98601156226653e-06 0.00108056585668237 4.85503054181713e-07 0.000198758481110417 2.90354737528808e-06 4.70498295214838e-05 1.05243730546434e-05 5.7771659686523e-05 5.80342154080427e-05 0.000965896996058291 3.2446223465854e-05 7.8438772831424e-07 0.000101653853425887 0.000187947698123025 4.84613732510297e-05 0.000137644965525396 6.83009344413676e-05 0.000115258947926122 1.10656443427004e-05 6.92393391439339e-06 3.02283600234432e-05 0.000103591516631241 9.05657562839224e-05 8.01077662071492e-06 6.64366892948465e-06 8.76097715725166e-06 8.59022366000772e-05 0.000565724303305615 0.000156361448034659 6.63960436249056e-06 2.11889864573322e-05 2.79214189433219e-05 0.000121904132493 4.99517998832744e-05
7.02100384202709e-05 2.32325146384937e-05 1.58426771675879e-06 5.22390857904398e-08 1.18252389358364e-07 7.57752235607256e-06 9.88491591670027e-05 1.47940914976274e-06 3.71395542174469e-05 5.79642773573141e-05 0.00142067467604647 0.000108422320181489 7.54090319446732e-05 4.1743888780843e-05 0.00376084129675291 8.4631579145622e-06 6.83680464241831e-06 2.90779309153777e-05 4.55432812982437e-06 6.86083365297741e-07 1.7194026983347e-05 4.9441270725481e-05 0.000377677016933831 9.79166494570194e-06 0.000734214860858628 0.000148043056515235 4.46158730369461e-06 1.01952408371631e-05 1.00636913982211e-06 5.08187998282672e-06 1.6257095841965e-06 7.37370118940817e-05 0.000301740054146649 8.44870776063544e-05 0.000117142303633955 5.70579830196039e-05 3.31238934720979e-06 1.36248028459462e-05 0.00019542833045989 3.92308943819586e-06 1.40972265725736e-05 0.000111955846591627 7.52692894661067e-06 8.31217816470442e-06 0.000218636804083872
6.07230176252749e-08 6.79158096428267e-10 1.2544286073668e-06 4.46599350589771e-07 9.58349669986092e-06 6.36389034980311e-06 2.97540261328777e-05 1.98780968759138e-05 6.52258134095973e-05 0.000260822185919096 0.0172614626586437 9.51742857068893e-05 0.000151804385996002 0.000135484646807527 1.24438562409068e-05 0.000590227431166568 0.000584464769417536 3.20677291597349e-05 6.41088904673737e-07 2.58492606150185e-05 1.28409285764519e-05 6.7198521570333e-06 4.59960138641691e-05 4.66895510253806e-08 3.55344841462824e-06 2.14662660170006e-05 1.50119637720714e-07 9.88775877281967e-06 2.43113808924278e-06 0.00174119964358397 0.00171656361053465 8.1010895836009e-08 7.46021233566374e-08 4.56987040098333e-08 9.04216958397264e-06 7.57831797258746e-05 2.18798667113163e-05 7.8645095425145e-05 3.14679138085694e-05 0.000100741681740146 5.23259047071178e-05 3.54348958012451e-05 9.89808561833172e-06 0.000120925826252005 5.49878887682098e-05
7.65306569860957e-07 1.3741789720001e-05 8.55144824045695e-06 4.07575885441602e-06 9.78094988326461e-06 3.87818591036648e-05 1.2311925722841e-05 3.29489715156228e-06 0.00570173104060814 0.0039019983028993 0.00217527785716811 3.09980503971019e-05 0.00042371270028525 0.0115133797051385 1.28013069637944e-06 3.89744197548669e-07 1.97586925532178e-07 1.13100018028334e-05 0.000306557021758636 8.04439916635147e-06 7.46922521102533e-05 0.00170119687973056 3.53696818145011e-06 0.00186223167984281 4.05106480994011e-07 5.45146106505356e-06 9.46664514884787e-06 5.81573187901085e-06 3.71636280220855e-06 2.20923345950474e-07 2.46734341295962e-06 0.000109769384107494 8.16173450033375e-06 1.81380258410968e-05 3.69350733988583e-06 0.000691395332069078 1.07449363662138e-07 1.12681593750219e-06 1.13553553928725e-05 9.7141438963888e-06 1.90677173083076e-06 1.80241724052621e-05 6.65474573082747e-06 8.48295704303226e-07 2.15386170001608e-06
3.81787273895373e-07 1.5856342812981e-05 1.86365255217424e-05 1.1023226430984e-06 9.49233879277145e-08 8.63899954872682e-07 0.000260127111050679 3.57257110579212e-05 4.00298645672592e-05 1.11060900785276e-05 9.43637866201996e-07 4.00419995383316e-08 2.32749264272858e-07 1.41706753691295e-05 0.00106202571041649 3.73918630303116e-06 1.8467055607374e-05 1.81089363432418e-06 3.5481802337145e-06 4.92429788359061e-06 9.01229788041746e-06 0.000238396269742225 1.45613417600998e-05 3.03477798302421e-07 2.61272459340489e-05 3.31430733333526e-06 9.66051922846045e-07 1.48097701135885e-07 1.5600595578702e-07 3.53199675284799e-06 2.32178535952698e-08 1.06837164448592e-08 4.0215777226571e-06 0.000860827704309486 4.79066493880964e-05 7.60740508054525e-07 5.59136483380129e-07 1.88839277512898e-05 2.34204771789592e-06 1.65467334189984e-07 1.19746298992141e-05 7.64539874751335e-06 1.88652723167593e-06 3.4381478357659e-06 2.25704592189402e-06
3.21599798680516e-08 1.66966239356636e-07 2.92772162180377e-08 5.41560423243936e-05 9.39940047239851e-08 9.31189913067065e-08 1.0933997179996e-06 5.72243141983009e-08 1.17483694506149e-07 9.69189330679576e-08 3.4455934416755e-08 1.78851061463092e-05 9.39527428670317e-05 9.22261513736089e-07 3.17621642744736e-06 8.50398533813745e-09 3.89615864571091e-08 4.78673584913825e-07 9.95141019999313e-07 3.52254471147617e-07 1.65400193694154e-05 8.32510368953265e-07 1.15659586241712e-07 0.000111986309264012 2.37519751458137e-06 4.2034959184889e-05 2.88246483348686e-09 8.60509866140724e-08 4.47590813079657e-08 1.32106855740277e-06 1.44673052038247e-07 9.53763492361759e-05 5.00919576637671e-05 2.94402840154362e-05 2.45926540429764e-05 7.59442720710268e-08 3.86716506454832e-05 7.20436404488822e-07 9.35493162668166e-07 2.37434329459774e-06 2.25653857427233e-05 5.07610179340645e-05 0.000151357895447291 0.000227198096456505 0.000148993662511998
1.02258135292743e-07 9.8580372479562e-07 2.48874646846531e-07 2.85232263519397e-07 1.35775154375128e-07 3.10383935264724e-07 7.11199134229013e-07 3.2508275127352e-08 5.79991643601119e-10 3.66040372912213e-07 1.70170259217173e-08 5.0598918036604e-07 4.9491038449645e-06 3.94344851217809e-09 1.48019000267841e-07 9.58074036661038e-08 3.6224070398827e-08 9.32996849767331e-07 2.3816397854981e-07 1.79189225113507e-07 0.000120786919194416 1.09382534851932e-07 2.87926242625858e-08 4.15677296472516e-07 3.21294605365452e-08 1.2903031806033e-05 6.15120342901676e-06 4.10973879372278e-09 1.21752475212844e-08 1.06291921486701e-08 1.09231344858074e-07 8.78920043760445e-05 3.99480620583148e-08 3.60355486561659e-06 4.11000223288216e-07 5.28900431673307e-08 0.00293881519100978 2.84713053055885e-07 0.000239918261831917 0.00129095822267118 1.63486705821558e-05 8.25644989477237e-07 2.06267254867054e-05 9.63177429461837e-05 4.4440330418638e-05
1.1490934919145e-07 4.32639269298818e-08 2.39852543363228e-05 3.42305489509087e-08 0.000310890223886418 2.0384539051288e-06 1.07322924791764e-05 6.05108834117463e-07 5.04485676788846e-08 1.94023129829191e-07 1.41581043067163e-07 1.8183310968034e-09 1.02646777744297e-09 3.3629371505306e-06 5.0455145255146e-07 2.0704792748294e-06 2.53959059892672e-08 1.83940422071593e-07 9.80037719666704e-07 2.60512634964183e-07 2.7557956561175e-08 7.92752177014577e-08 1.99065186567982e-07 3.18560524181777e-06 9.34027664101222e-08 3.78102469433816e-07 2.65754564243714e-08 2.12177773717404e-07 3.41023375094451e-08 1.77532652601009e-07 5.64769199518089e-08 6.23209848615858e-08 5.18928730985912e-08 2.854716803391e-07 6.7955887839144e-08 5.55708309180059e-07 2.2005981492601e-07 1.09569137762833e-08 4.31761073741654e-05 0.0130667668418027 0.000592867411569387 0.00181226674249046 0.000921841171566484 0.0144251469871961 0.000907936445969426
2.07945625219086e-07 3.15123285243857e-09 5.11580532494005e-06 4.78000765880004e-07 1.31481435794445e-07 1.26726039813008e-05 1.55685597301725e-06 6.27532351638038e-09 2.5464406856468e-07 1.40358473621482e-08 4.05698646011032e-08 3.20395917574601e-09 2.86118138403957e-08 1.17403853194809e-08 1.15689866333479e-06 2.3103194074503e-07 5.67277971924796e-05 4.34079170226198e-06 4.06731552549111e-08 9.4566967334675e-08 1.70701274226914e-09 5.31993440522349e-08 2.90403852742926e-08 8.56827979234254e-06 8.99801134413014e-07 3.07071303183193e-05 1.84016498705475e-08 4.80539714542427e-07 0.000105692882863195 5.81626281470626e-08 6.68335448428259e-08 7.33246439343915e-08 1.2330009797612e-07 7.59552983398137e-08 5.00039022299781e-08 7.1174876858926e-08 0.000320472981269404 2.70470231163999e-06 5.70603956395743e-07 1.99150771112988e-06 2.8556891433662e-06 0.000101856876039363 0.00225349992706469 6.15290375300503e-05 0.00781547459773719
6.20334850154336e-10 5.63830584998648e-08 3.12821660797269e-09 3.62159749522917e-08 4.3983134034864e-08 8.61602762469715e-09 2.71029343523743e-08 1.25054903348243e-06 2.52072042925988e-05 1.23589577460947e-09 3.47202877559738e-09 5.42202766018463e-09 3.13242475846742e-07 0.00013165287011816 2.15907903000634e-08 1.07159855241568e-06 7.25541792323536e-07 2.0700772581872e-06 3.29211810690122e-07 9.04845455007575e-08 6.71785487216248e-07 3.57652224969307e-06 2.23169970792192e-06 6.54754116389267e-06 6.14902590343469e-06 1.00937957128178e-06 1.6927924479937e-07 2.52294002049958e-06 1.04771319655583e-05 5.08183449703381e-06 5.73892068311821e-07 1.58740289057935e-07 1.68503528896746e-07 6.63615304818954e-08 2.5121507563064e-08 4.40529826506442e-08 8.11845999204586e-08 5.72531656128916e-07 4.44280328705027e-05 9.5390749424995e-07 0.000302568591280306 0.000574092686451877 0.000437236823148623 0.00100335809165699 0.0177066724398173
1.10637548011994e-09 3.01520519663256e-10 2.03922497277187e-07 1.05173592823693e-07 1.94673258291367e-07 2.31009075535304e-08 1.16570324615317e-08 1.02110844201198e-06 1.94849962842358e-07 5.50172117863568e-09 1.01852156930704e-08 2.83766948050435e-08 1.9775927639909e-08 3.20057048645017e-06 2.96741219776298e-06 4.00369820474644e-07 4.70086387038826e-07 3.94028924965983e-07 1.26163882907537e-07 1.09639708467668e-07 3.08432926459545e-05 5.1150381980003e-07 2.59076861519603e-08 4.70327821522343e-07 5.56929034075893e-05 3.0571603258811e-06 1.41023167268273e-06 1.76264541651427e-07 4.42726911797919e-09 9.85353903626418e-07 8.73511308912001e-06 2.07074457660994e-06 6.03645845409506e-07 1.62660896085853e-08 4.64246285858394e-09 2.23770625584763e-08 3.44956662303275e-05 0.000375679617854985 0.000551651441418244 0.00497019040340092 1.12317305645204e-05 0.0215889867977239 0.0011654526856546 0.0334032448008657 0.00103076718323791
8.58911197720857e-10 4.76636504598282e-08 2.12380592656825e-07 6.12276473965778e-09 1.06971753899288e-08 1.27750326317511e-08 7.92195305576726e-08 2.9966681472926e-07 1.09505385981201e-08 5.13965597115362e-07 2.53276850714634e-08 1.25301441888936e-08 3.04310214027659e-08 1.55959794068128e-07 2.90849726336528e-07 1.15259895735464e-06 2.12893218709542e-07 3.36932630018438e-08 3.81159565232547e-07 6.34120000297944e-07 1.38258185355955e-07 2.7426988569168e-09 2.34880052629727e-07 3.84642830935089e-06 5.9170840979661e-05 2.22126817384094e-07 8.23113212177873e-05 2.03171920465373e-07 1.84422893179104e-08 2.3561801809624e-08 1.35837921577675e-08 3.90428480532279e-06 0.000965889630424499 3.12061795204599e-07 8.33450349846387e-09 2.5547697612982e-07 3.03449039861903e-05 0.0168291970388964 0.00669577742592082 0.00113689700756368 2.00943632768347e-05 5.54846819483146e-05 0.00378236228425521 0.00237469996882282 0.000677692418867082
