Scripts_&_data/Maxent_result_files_2/B_zonatus_3.asc
NCOLS 594 
NROWS 330 
XLLCORNER -15 
YLLCORNER 23 
CELLSIZE 0.166666666666667 
NODATA_value -9999 
[rows 100 to 119 of 330, columns 270 to 314 of 594]
0.126710864529014 0.784552556276321 0.818400889635086 0.819581592082977 0.819078707695007 0.818415850400925 0.799441486597061 0.780784505605698 0.768439036607742 0.775353443622589 0.753268027305603 0.509735643863678 0.228959510475397 0.00849026717478409 0.000433472559416259 7.7896976830516e-05 5.23287355974844e-05 4.60282593387262e-05 4.4372902982559e-05 8.55876854075177e-05 1.57258821602113e-05 2.14791178848372e-05 4.60175389296324e-06 1.50787991386458e-05 5.71319824302918e-06 5.11166536398377e-05 9.85501721402216e-06 9.02393934438806e-06 1.3068397402094e-05 0.000584333939332282 5.01601370160643e-05 4.64028743749623e-06 3.0073685024945e-05 0.00804715463891625 0.389063587784767 0.365644258260727 0.335690960288048 0.310495942831039 0.0208049589768052 0.000950389419449493 2.11163670314818e-05 4.3553081866321e-06 9.76566419694791e-06 4.07536100283323e-05 1.63450498689599e-05
0.0825836237519979 0.875548297166824 0.843163752555847 0.834734284877777 0.817013520002365 0.800445258617401 0.779998195171356 0.766375851631165 0.755595660209656 0.733824861049652 0.710600978136063 0.694422322511673 0.673077940940857 0.637589102983475 0.832388013601303 0.0602111895568669 0.000330018134900456 0.000168536694195609 2.08875146721965e-05 3.17421673905471e-06 2.93876935685944e-05 4.95713734153469e-05 1.70693550444412e-05 7.71876357248402e-06 9.39410841738209e-06 0.00023886264389148 6.83290903907619e-05 0.000139855484485452 0.000174517184132128 0.0073880911921151 0.000163812656683149 0.000298627964002662 0.000162889358398388 0.00106747793906834 0.329618702828884 0.344102612137794 0.0141244146507233 0.0269750752486289 0.000435176215250976 0.000101391437056009 1.03796416055957e-05 8.30513692733348e-06 2.56951333767574e-05 2.05597752938047e-05 5.92700176582639e-06
0.00157149498700164 0.000866353611309023 0.28748102337122 0.936764883995056 0.79633492231369 0.769554197788239 0.758332580327988 0.749669045209885 0.742497622966766 0.725161856412888 0.701598304510117 0.677866035699844 0.662314856052399 0.646115684509277 0.622478592395783 0.576501652598381 0.00357697152066976 5.5258342513298e-06 7.64573154810933e-05 2.31052228606643e-05 3.56991958767594e-06 1.05303242946775e-05 4.68063123662432e-05 2.12361214835255e-05 4.05454129008831e-06 1.33863323867445e-05 5.21776761161163e-05 8.01169173882954e-06 5.25616128015827e-05 0.000128182534444932 1.82363852673006e-05 9.69858256780753e-06 0.0122896380766178 0.0358848074451089 0.0295218428596854 0.0123048325069249 0.000600847651367076 1.55957751985625e-05 0.000100879329238523 6.45488841200859e-05 2.80505795927866e-05 4.10993341191102e-06 4.38744169883876e-06 0.00030462194372376 0.000668297694210196
0.00516669042408466 0.00824020083528012 0.000273179283340141 0.752437353134155 0.770027953386307 0.75794050693512 0.74495929479599 0.737970739603043 0.734840154647827 0.722395074367523 0.705150926113129 0.682487863302231 0.654050230979919 0.639601328969002 0.613611766695976 0.576952847838402 0.476280617713928 0.000303808839271369 0.00025251958577428 9.48214293998717e-06 3.21546631241176e-06 2.60001205933946e-06 4.48047316695011e-05 1.19354046148601e-05 7.53912068489626e-06 1.0363419926307e-05 1.09295027641565e-05 5.41775325473282e-05 8.23098634100461e-05 9.69677541434066e-05 7.47353985389054e-05 1.27964877549402e-05 1.01448960435846e-05 1.02243060268847e-05 1.06629816798431e-05 0.000119049113163783 8.31483994261362e-05 9.18825473377183e-06 2.8274654573579e-05 9.80840088686818e-06 5.41387314285657e-06 3.3986787957474e-05 1.53696971096906e-05 9.81390196557186e-06 0.00017735538949637
4.19878645139704e-05 0.000180200584162549 0.000496558309350803 0.0129730995278806 0.355649554729462 0.722835862636566 0.721021729707718 0.715718096494675 0.714853572845459 0.702876019477844 0.687956511974335 0.675551062822342 0.65632843375206 0.630978310108185 0.616257372498512 0.396855762600899 0.279217766225338 0.0575174938887358 0.000270580680808052 4.65752757918381e-05 9.06406565377438e-06 1.43832720027604e-05 0.000145344132033642 5.18042921157757e-05 9.93472312984522e-06 9.44052280260621e-06 1.11485990998972e-05 1.12675607340407e-05 9.46503910199681e-06 9.28999951952392e-06 5.22064821950607e-06 1.63997807042904e-05 2.56073589298467e-05 3.88138094194801e-05 4.78294128356538e-06 1.68332410908079e-05 0.000155183575043338 0.000366582419519546 0.000103414273598901 3.63270683010342e-05 1.05457841698353e-05 1.97043221078275e-05 1.2181508878939e-05 2.26523274477586e-05 2.19812300088051e-05
6.32499695672806e-05 0.000125705670052412 1.00345217440179e-05 3.44526004710133e-05 0.00109315189474728 0.381898395717144 0.698601901531219 0.689852976799011 0.685446614027023 0.678060036897659 0.658204501867294 0.64332612156868 0.614204424619675 0.602665165066719 0.583225747942924 0.361804623901844 0.00317395773017779 0.00627428542356938 1.32416132601065e-05 9.76400791046217e-06 2.32824371551033e-05 6.14956199100902e-06 4.12145895438698e-06 1.89387593252377e-05 6.21695307017944e-05 1.01487361575892e-05 9.83188874670304e-06 1.27166841878079e-05 1.3156481702481e-05 1.98703439309611e-05 2.04600064730442e-06 1.82250925213623e-06 2.48005918663807e-05 3.25903671324568e-05 3.72816468598103e-05 6.34484811996572e-06 1.43113457852451e-05 4.28054104077091e-05 1.27974675592668e-05 1.03983778785732e-05 9.71183187175484e-05 9.47122562138247e-06 2.91324127829284e-05 7.07522747688927e-05 2.67716164557896e-05
1.31206686361907e-05 9.28945439341078e-05 0.000121899435816886 0.000242327651722007 0.000992628831590992 0.0317955836653709 0.663211697340012 0.673047381639481 0.660176080465317 0.806145071983337 0.0288193167187273 0.119680761545897 0.145071831345558 0.504095736145973 0.492331144213676 0.128385935351253 0.000270159190040431 0.000187476442260959 0.000262406590991304 2.17075222394669e-05 1.70024144949821e-05 1.79477605456668e-05 1.31411997983832e-05 9.43139725677611e-06 1.90453273830826e-05 1.11364499275624e-05 9.72818320974511e-06 3.06038852500023e-06 3.40932536460059e-06 2.00327857328375e-05 4.24444371844856e-06 4.11513537130759e-06 0.000151366545287601 0.000113904282261501 2.55757812510637e-05 1.13425570816617e-05 1.05669968093025e-05 2.21358151293316e-05 9.93580702925101e-05 0.000109826466632512 9.99518296112001e-06 1.64583886430592e-05 5.32723917331168e-05 0.00536903170868754 0.0505471631884575
0.000427190671325661 0.00145888629776891 0.000742227872251533 0.000112143711066892 0.000318252749275416 0.000467702989408281 0.0478155869990587 0.583421167731285 0.53419072329998 0.0244726383127272 0.000245022233866621 0.000460457647568546 0.00137209618987981 0.00248652764130384 0.00045763571979478 0.000155295208423922 2.44897844368097e-05 2.86616243556637e-05 5.3525308794633e-05 2.31491956697027e-05 1.77556436028681e-05 1.57873750936233e-05 1.76829284100677e-05 1.41717974827316e-05 1.24546000847658e-05 1.74151816509038e-05 1.53908568449879e-05 7.23406803047055e-06 6.28289116946235e-06 2.80572228007259e-05 4.79952902423975e-05 3.34306755121361e-05 5.29426503362629e-05 1.44102182161987e-05 2.24937238385792e-05 5.17803951879614e-05 0.000109027029247954 1.09288693352028e-05 4.27409696840186e-05 2.92089179765753e-05 1.1394810985621e-05 2.52052851465123e-05 2.28794724080217e-05 0.000751955193845788 0.0152183158555999
-9999 0.542002586647868 0.499078980161721 0.000874806322099175 0.000229040372505551 0.000103545496313018 0.0391450717113912 0.0247491404414177 0.0367526479065418 0.0016472844814416 3.23970727095002e-05 2.31337834065926e-05 2.34285101214482e-05 7.89622645243071e-05 6.37316687061684e-05 3.51177036918671e-05 2.07666141250229e-05 2.25672644319275e-05 0.000181877198701841 0.000328343192086322 1.90921006833378e-05 1.92636645692801e-05 8.16649024955041e-06 4.83988735027197e-06 5.42523150215857e-05 7.28652928955853e-05 1.11886119498195e-05 1.09672405869787e-05 2.98708489935962e-05 4.5939774645376e-05 1.92543974208093e-05 3.2792054184938e-05 2.12290259469228e-05 5.39327554179181e-05 2.61043940781747e-05 1.1262980160609e-05 3.41803196533874e-05 9.32486966576107e-06 6.10567245530547e-05 3.58671446747394e-05 1.98111383497235e-05 0.000343292833349551 0.000581012790644309 0.000105925095795101 1.00419444265754e-05
9.71834889924139e-05 0.00190110458352137 0.000481205228061299 0.00173356819432229 0.000259279565216275 2.57052670008306e-05 3.88663513149368e-05 3.9708119493298e-05 2.08135060574932e-05 0.000125956087140366 0.000704244762891904 2.31192269893654e-05 2.2865301116326e-05 2.22676059820515e-05 2.17873807969227e-05 4.46622728304646e-05 0.00043966602825094 0.00013776774821963 4.81177927667886e-05 2.11683668112528e-05 1.02194032365333e-05 2.58461619978334e-05 1.75279296627195e-05 1.47346154960815e-05 1.32533191788298e-05 1.25436953794633e-05 1.60465768885842e-05 1.0975603947827e-05 1.14978489307305e-05 1.77222144429834e-05 3.24928473219188e-05 2.77333134590663e-05 2.86289234963988e-05 1.13275506919308e-05 1.14263115278845e-05 7.91732494690223e-05 1.08701591159388e-05 1.43259279298036e-05 2.01919908022319e-05 4.09977439630893e-05 1.75243518356183e-05 1.11477046971231e-05 1.10264842930974e-05 1.09677083344195e-05 1.09012867142155e-05
0.000305308719907771 0.000812103386124363 7.66567915889027e-05 2.99695381272613e-05 2.53103711429503e-05 5.36303556145867e-05 0.000220390287358896 2.31629767085906e-05 3.12806790134346e-05 3.0714074637217e-05 4.3507788086572e-05 2.45180588990479e-05 4.09174807373347e-05 2.48460645252635e-05 2.18508936086437e-05 5.09347369188617e-05 0.000194925185132888 3.83168279313395e-05 2.35681802223553e-05 1.86369093967187e-05 2.83276741356531e-05 4.43512942183588e-05 1.03375029539166e-05 2.93846113208929e-05 0.000102846769368625 0.000102759785386297 1.1307153800999e-05 1.08590324487068e-05 5.74658938148787e-05 0.00020990958528273 2.74581463145296e-05 6.07202953688102e-05 5.91884472669335e-06 1.75755579334691e-05 1.20891570986714e-05 1.20920718302386e-05 1.04633635885421e-05 3.63175372513069e-05 9.1873221390415e-05 2.44557746782448e-05 6.9510269077e-05 1.48193260315566e-05 1.17368716246347e-05 1.11586486241322e-05 1.11005984081203e-05
9.19305770366918e-05 4.45739854512794e-05 0.000273501554329414 0.000247429729643045 2.78825770465119e-05 3.36106692884641e-05 2.56788528986363e-05 3.16272877171286e-05 2.45365950377163e-05 2.31595886475588e-05 2.42289027937659e-05 2.28806743734822e-05 0.000266156791803951 3.13931143182344e-05 2.10843049671894e-05 2.36441218703476e-05 3.36057029471704e-05 2.05159610459305e-05 2.0365849945847e-05 2.51436541702788e-05 5.26289186836948e-05 3.53890907945242e-05 3.83940540814365e-05 5.40817944965966e-05 8.51214892463759e-05 1.45186010513498e-05 1.29777663801178e-05 8.67680542796734e-05 1.81457373400917e-05 1.88443335787269e-05 1.48273800618881e-05 2.3634259400751e-05 3.65836539685915e-05 6.93961973411206e-05 2.30292213018402e-05 1.23650959437782e-05 1.19197437186358e-05 1.38817954109527e-05 2.55033053008447e-05 8.68497036208282e-06 1.68554710853641e-05 3.61732516694246e-05 2.20178737208698e-05 1.2031520623168e-05 1.14546880240596e-05
4.80697385683015e-05 2.9906821100667e-05 3.13069526782783e-05 8.73870728355541e-05 0.000157895684787945 3.35117775648541e-05 3.07001672126717e-05 2.66458514033729e-05 2.4566736306042e-05 3.82507298127166e-05 2.40032005649482e-05 6.18777037743712e-05 2.13014339578876e-05 2.00901733023784e-05 1.30378705364365e-05 9.30853376530649e-06 2.30868331072998e-05 1.94948808484696e-05 2.27681264277635e-05 1.83451385055378e-05 2.00897583567894e-05 1.78085461698174e-05 2.81959458561687e-05 2.55185072774111e-05 1.3057146668416e-05 1.83641606554374e-05 9.19792105378292e-05 1.28857857816911e-05 1.5125549930417e-05 1.38155125455341e-05 7.93514516317373e-06 7.58031752411625e-05 1.39974101671214e-05 2.92783831127963e-05 2.34311715416879e-05 0.000163710368906322 1.76445922534185e-05 2.5466471515756e-05 0.000448848696396453 6.20539676674525e-05 1.88105882898526e-05 3.17799536787788e-05 0.000319490032779868 6.27064299010271e-06 1.37339563366368e-05
5.89174953347538e-05 0.00275101870065555 3.63786682328282e-05 0.000747353262704564 5.52506905478367e-05 8.50046501909674e-05 2.61948363458941e-05 2.42300225067993e-05 2.47708065558072e-05 2.71332267402613e-05 2.25565452637966e-05 5.49542319276952e-05 2.76999596962924e-05 1.90480637570545e-05 3.51063428979614e-05 5.27469846019812e-05 2.89229610871189e-05 2.29656810802226e-05 1.83616378762963e-05 1.9161525005984e-05 1.80362498213071e-05 1.70299256069484e-05 3.10110579221146e-05 9.83846308599823e-06 1.50039049458428e-05 1.77748157852875e-05 1.90968763831734e-05 2.1303025494035e-05 1.43823058920134e-05 2.37664778296676e-05 2.55755599482654e-05 5.61326577610544e-06 1.93593475387388e-05 1.97265067754415e-05 1.80163993832139e-05 5.28339693573798e-05 8.44684091134695e-05 1.20542786078204e-05 0.000170954882378282 8.44974583742442e-05 0.00056697078543948 0.000654050611774437 0.000842234151787125 0.000784108423977159 1.92897914303103e-05
0.000158847772217996 0.00299663888872601 6.29133024631301e-05 7.77504674260854e-05 3.82741537123366e-05 0.00122459863196127 0.000260917269406491 2.55223394788118e-05 2.38556181329841e-05 2.43903216414765e-05 4.28012770498753e-05 7.21242487031759e-06 1.92798233797475e-05 1.77702414475789e-05 3.23874890227671e-05 0.000147001978075423 5.70355294712499e-05 1.9143434894886e-05 1.5636216915027e-05 4.35573782851861e-05 1.39543607133419e-05 1.64382759294313e-05 1.58544919145243e-05 0.000134650188920205 1.12653641224369e-05 1.71780740856775e-05 2.97569885105986e-05 2.62756217807691e-05 1.40084874487911e-05 3.80618776489428e-05 1.35177879201365e-05 1.2929903971326e-05 3.6357625481287e-05 1.34059296271971e-05 2.71445282805871e-05 6.17271900409833e-05 3.11488148327044e-05 2.64477598875601e-05 5.82822140131611e-05 9.392451460144e-06 1.60489913696438e-05 2.27532823600995e-05 1.31801493353123e-05 3.72254752619483e-05 0.000155874278061674
3.35160536906187e-05 3.61323348897713e-05 0.000145127686482738 7.40664232580457e-05 5.18560818818514e-05 4.18347566210286e-05 2.69661046104375e-05 2.58583484537667e-05 2.94552663490322e-05 2.37288841844929e-05 3.31568722231168e-05 5.32747159013525e-05 4.94561042614805e-05 1.87495388672687e-05 1.84710678013289e-05 2.76168198979576e-05 1.99790325950744e-05 1.71213840644668e-05 1.81959519181873e-05 1.87676502036993e-05 2.49448125487106e-05 1.80822581114626e-05 1.63617122439064e-05 2.08762837360155e-05 0.000261369422878488 1.4705555963701e-05 8.70653693709755e-05 3.61472531039908e-05 0.000313509969419101 1.69176136068927e-05 4.72766687380499e-05 1.41271505526674e-05 1.35809373773554e-05 1.45819507451961e-05 1.79410303417171e-05 1.1327421873375e-05 1.69468854096522e-05 2.13694993135505e-05 9.17958212994563e-05 1.41644758059556e-05 1.33994981183605e-05 1.71423829897321e-05 0.000415709193475777 0.0114238559734076 0.000352675615431508
0.00017137065242423 4.09913790463179e-05 3.62321513875941e-05 3.3737616831786e-05 5.21836303050804e-05 3.13407108933461e-05 3.82783563509292e-05 0.0243550847284496 0.00665885494090617 6.83344445860712e-05 0.000102350187808042 2.36641730680276e-05 2.07252200880248e-05 1.2253571628662e-05 1.72681694721177e-05 1.59958396466209e-05 1.60694269538908e-05 4.70237740955781e-05 1.75693603637228e-05 1.83836360633904e-05 1.8190212256286e-05 5.29664966052223e-05 2.89470277948567e-05 0.000152358692503185 4.67269253476843e-05 1.8186475733728e-05 2.50366570980987e-05 1.78412768036651e-05 1.61866740086225e-05 0.000333135063192458 0.000278055820308509 0.000133497063143295 2.16919533841065e-05 1.30617387071652e-05 2.19058922539261e-05 1.37832314294428e-05 1.35501661247872e-05 1.32993025545147e-05 2.10048970984644e-05 1.33237196905611e-05 4.66011634671304e-05 1.87814964647259e-05 1.80138098585303e-05 0.000285285254358314 0.000589702562137973
3.95097665659705e-05 4.04754533519736e-05 4.23519682044571e-05 4.43392456872971e-05 4.141496824559e-05 5.53042049432406e-05 0.0263659917749465 0.145553311705589 0.323547241091728 0.0313005598261952 0.000762549090723041 2.1546780396875e-05 1.96876635186527e-05 1.67780228593983e-05 1.64351899627491e-05 1.55034913916552e-05 1.59321138539781e-05 1.64610674119103e-05 0.000224473892376409 0.000158259501586144 1.75040589965647e-05 1.86877222176918e-05 2.25528402097552e-05 0.000368214671834721 4.2476766384425e-05 1.76187634224334e-05 0.000133217772236094 1.66047214179343e-05 2.7349809261068e-05 2.48087621457671e-05 0.0013418875169009 0.000201455780916149 1.82699900506123e-05 2.1412124260678e-05 1.40889729777882e-05 1.46027733535448e-05 2.5799368177104e-05 4.15876608713006e-05 6.3927808241715e-05 4.03233309953066e-05 2.75535817763739e-05 1.30574886838986e-05 3.9919511300468e-05 2.30627459131938e-05 2.04397689230973e-05
4.64490081867552e-05 4.25791630732419e-05 4.1165352513417e-05 0.000196949803103053 0.000713978119892999 0.124204833060503 0.588862711191177 0.45230664908886 0.426484701037407 0.489138692617416 0.0048797114752233 2.10938237160008e-05 2.70699351744952e-05 1.86545666224447e-05 1.67621866978607e-05 1.64311453090704e-05 1.62295257950973e-05 1.75798095710888e-05 1.73745886513643e-05 0.000225935228445451 3.2993028889905e-05 2.09152020033798e-05 2.147444943148e-05 0.000314908174186712 2.8135974343968e-05 3.41791634355104e-05 1.94660050965467e-05 5.71026633224392e-05 3.00132604479586e-05 6.66388948957319e-05 0.000158522132551298 0.000119943530444289 2.88824410745292e-05 2.2151757661959e-05 1.62996556866801e-05 2.38998610143426e-05 1.60164898602488e-05 1.47468731597655e-05 2.25367889015615e-05 1.97057975583448e-05 3.91665797906171e-05 2.17886283735425e-05 7.01041401043767e-05 1.85553741175681e-05 1.4720875662988e-05
0.000116041913497611 0.000503872276021866 0.000291367715908564 8.94270591743407e-05 0.000112017250103236 0.000142007647809805 0.00245303793344647 0.0658766265958548 0.0487849190831184 0.0472112554125488 0.00189098360133357 2.1889432991884e-05 0.000139104843583482 1.82492779515542e-05 1.63818381906822e-05 1.71927400288041e-05 2.21468014387938e-05 1.78909429564555e-05 1.78972963453816e-05 0.000358641876664478 3.54377239091264e-05 2.02638904056585e-05 2.89690638510365e-05 0.000865438205073588 5.89440494877635e-05 3.23296966598718e-05 2.324666286313e-05 2.61818046737972e-05 1.88423324516407e-05 6.36197001767869e-05 0.000309291746089002 0.000181597297887492 2.56876639468828e-05 1.72165892990961e-05 2.59865906627965e-05 1.71544754607567e-05 2.76010483275968e-05 0.000153643224257394 6.05369668846834e-05 5.6734219970167e-05 5.05160803641047e-05 0.000253057744703256 0.000956878906436032 0.000354334830262815 0.000103076545656222
