Scripts_&_data/Maxent_result_files_2/B_zonatus_2.asc
NCOLS 594 
NROWS 330 
XLLCORNER -15 
YLLCORNER 23 
CELLSIZE 0.166666666666667 
NODATA_value -9999 
[rows 80 to 99 of 330, columns 450 to 494 of 594]
9.57568011017429e-06 8.00671106482298e-07 1.25364446859066e-06 0.000353824021067339 3.52708163973148e-06 3.97954978126336e-07 6.33104479064173e-08 6.94137317225341e-07 1.22706597416311e-07 9.56787927552938e-08 1.63718385159939e-07 1.03898413605918e-07 1.17742821892364e-07 6.82892049574946e-08 6.93091653403144e-08 1.54601654855924e-07 3.56528173739434e-07 3.76992009165633e-07 2.04819002469492e-07 4.10176519638483e-08 4.53133773392622e-08 3.374049770688e-08 5.97108083089104e-08 7.56625911257913e-08 3.75255484685866e-08 1.16221433721364e-07 1.88414640689416e-07 9.93630424162006e-08 4.58104747469434e-08 6.471325456614e-08 1.14667658390744e-07 8.9074588416338e-07 1.62934719156738e-06 5.8254199871044e-06 2.32714010621748e-06 7.8928408839829e-07 3.64052331747189e-07 6.48638854983119e-07 3.70031552288097e-08 5.83710757950939e-08 6.60134792163092e-08 7.9825850574089e-08 2.9738486329034e-08 6.65365770480264e-08 3.22087901460932e-08
1.21490200257313e-05 2.80529138535712e-05 7.78181782550291e-06 8.91512589078047e-05 4.93737657052407e-06 7.14943207924534e-07 1.46540362422343e-07 2.0705493390949e-07 3.10740653830521e-07 1.10811293385638e-07 4.12387461423691e-07 1.97423527259488e-07 6.36978931112253e-07 1.08196137382777e-07 2.34249454322821e-07 1.559901310344e-07 1.51274994664163e-07 1.32557836707292e-07 1.22374624922372e-07 1.74888038984022e-07 1.9069977454933e-07 1.23758084313863e-07 1.24775472354344e-07 5.3656623455467e-08 4.35992630332116e-08 6.66151174222307e-08 4.78939453874005e-08 7.66492392889617e-08 7.5060587767517e-08 1.24473292850702e-07 1.3958618634291e-07 5.63222996419199e-07 1.02773889345542e-06 1.55803769530394e-06 1.72796375181861e-06 2.71875190946957e-06 8.27091156452298e-07 1.10401409756378e-06 4.15609374826431e-07 1.91434460727891e-08 2.66627477540915e-08 1.46769081421638e-07 4.16890641785628e-08 3.8541015356941e-08 8.19463733314762e-08
2.90374419591899e-05 1.52171031714943e-05 7.19263520750246e-05 1.33832835672365e-05 5.78960026587083e-06 8.87236013369375e-07 1.37995000670799e-06 8.68641154738725e-07 3.01678316105836e-07 4.16334243880101e-07 2.07633315767453e-06 2.66214778221752e-07 2.48962177096246e-07 1.74305403675135e-06 6.28567794365154e-06 1.07102973174733e-06 4.46102485796018e-07 5.62254556513153e-07 1.83021880628687e-07 3.19077780730481e-07 1.37157108781594e-07 2.15939798842157e-07 1.86517224776139e-07 1.10113652773691e-07 1.13487734765272e-07 1.19028332434823e-07 2.09534411510504e-07 1.41069090364709e-07 6.72880146623811e-07 2.51110402516019e-07 1.96335170876694e-07 5.12211089365167e-07 2.47307637550875e-06 8.81174648981187e-07 2.59577964811797e-06 2.90017926545261e-06 5.38497140212257e-07 3.32029244454191e-07 3.27027422919457e-08 4.56952605309979e-08 6.64703194375171e-08 7.56171393168081e-08 1.03405664564349e-07 1.44627553844146e-07 4.38924945722619e-08
4.28925861342577e-05 4.71718323069581e-06 1.65329884538323e-06 0.000170381449606793 1.06736250700123e-06 2.38807739521008e-06 3.83700253223651e-06 1.59758100721774e-06 8.10159440334246e-07 1.54579258548893e-06 2.12874919469641e-06 1.59052573991403e-06 3.10368687905793e-05 1.44069281589054e-06 1.26525545283584e-05 1.10633646386304e-06 7.33165014707993e-06 3.74263186486701e-07 4.03648355984387e-07 3.57153707142288e-07 1.75025562398901e-07 4.67973259787868e-07 3.97650800110227e-07 1.82444131269222e-07 2.56940706755415e-06 4.94055463384768e-07 6.78048546376431e-07 4.63777033132828e-07 1.10814626452793e-06 1.47536772487911e-07 2.09314239327796e-06 3.87482410246776e-06 5.80786169166458e-06 4.36195552993013e-06 2.99959186236265e-06 2.7126608472372e-06 8.82624995313108e-07 8.56426789397346e-07 6.56780055674488e-08 5.65652080508627e-08 3.89371640707736e-08 1.45379243043919e-07 2.05595766189504e-08 2.92867494477989e-08 2.85935642496682e-08
6.58625126106926e-05 6.02010029453481e-06 1.62026071670596e-06 5.12526176862593e-05 4.13904007245947e-05 1.25229938490179e-06 5.93472617396173e-06 1.94777491024922e-07 2.52348627896026e-06 2.58241873893894e-06 2.22176625186421e-07 4.35623260663931e-07 1.77637489429117e-06 2.03966398260036e-06 6.84064649192351e-07 3.87513777155846e-07 6.30026650405569e-08 4.20775845100252e-07 5.84634371136872e-07 6.1388584811084e-07 1.06965384475188e-05 5.89229268044278e-07 6.688824448986e-07 4.64277941603086e-07 4.84644723997008e-07 7.88039199051127e-07 1.94387986418576e-07 2.61621389441302e-07 2.4838645558134e-07 4.3623713679608e-06 6.77901975905115e-06 7.78318931224931e-06 7.83828172643553e-06 7.63890262760469e-06 4.98190373718899e-06 2.64756684487111e-06 1.98951530876457e-06 1.501785829916e-07 1.59121483145341e-07 9.21228599892743e-07 8.90551154952846e-07 4.63101427872203e-08 8.726109733459e-07 1.15793137345221e-07 4.06397048124951e-08
3.45283769576099e-08 3.13780304509237e-05 9.52167440573248e-06 0.00010632605462888 6.27751970228019e-06 1.82343693040821e-05 0.000328353226268518 0.000347398584199254 2.61828226655325e-06 2.31430768735663e-06 4.77643351359802e-06 1.16153619131865e-06 1.50532549412219e-06 0.000102626023840457 6.89335606921304e-05 5.6651510874417e-06 6.78620868939106e-06 1.57606076243155e-06 5.13516876754494e-07 2.37510880403136e-06 1.33846837613305e-05 1.95515730865736e-05 6.12464668492407e-07 1.16233681701772e-06 5.65256762286026e-07 2.21404846900697e-07 3.63702443451075e-07 8.42785254917544e-07 3.21823447961833e-06 8.68465452867895e-06 6.97618052072357e-06 8.89556954462023e-06 8.04716455604648e-06 8.45415502226388e-06 5.00094410540441e-06 2.96826256658278e-06 2.24689815127022e-06 1.14981267103076e-06 9.10181969260293e-07 1.94647630564759e-06 2.04835007764359e-06 2.22091611306041e-06 2.24120094571845e-07 2.21254837384777e-07 8.87336684129991e-08
4.3072640352193e-07 6.00845282292539e-06 1.40373520025605e-05 9.61662258305296e-06 5.73349395381229e-05 4.99331298669858e-05 0.000438256959751016 1.44282381597804e-07 7.54256250274921e-06 4.11136557886493e-05 0.0001317585994002 4.62042091385229e-05 0.000101410700335691 6.53530644285638e-06 6.92967571325198e-08 3.57220845508266e-06 3.15126768342111e-06 1.69687238098959e-05 3.78579330373441e-06 0.000341215325988742 9.87193279655685e-07 4.65234700470774e-06 9.42063870468246e-06 0.000319874618435279 5.8618732737159e-05 5.72021547782242e-06 2.44579919410626e-06 1.45161874911537e-06 1.09152477307362e-05 1.03432438436357e-05 7.9828419416117e-06 5.92955697129582e-06 6.5991294604828e-06 1.59996019192477e-05 9.41611174312129e-06 2.54588132065692e-05 2.2761942986449e-06 7.22299596134235e-07 5.08319615732944e-07 5.48131731648027e-07 2.44346234126169e-06 4.48250912654657e-07 5.77910694232742e-07 2.33536501781373e-07 2.79095092992065e-07
2.26996381247346e-07 7.35900769988085e-08 1.81171969302341e-06 9.40179438941868e-06 4.20759959638417e-05 6.67305814658903e-06 3.78980135451457e-06 3.72431463802059e-07 6.87439044213534e-05 0.000516891615188797 2.02211397436258e-05 2.2564271926484e-07 5.94280698207328e-08 3.40910083878043e-06 1.61025656950642e-06 7.49526361865094e-08 4.19434568357246e-05 6.39611741689805e-05 1.23124212791481e-05 1.73366505862305e-07 2.28546088294479e-06 9.69223401625641e-05 6.34860460237974e-06 0.000170360837341832 1.00562832471951e-05 9.91217470982519e-06 5.27438677977443e-06 8.91445433808258e-06 3.9731831179779e-06 2.67874762016618e-06 6.28237811497456e-06 1.66531008289894e-06 3.03067501477017e-06 2.80918375437977e-05 6.61879029024703e-06 7.86933473406748e-07 0.000258592530008173 1.05005135424108e-05 3.9782583280612e-05 2.11774812299836e-06 2.15345597382566e-05 4.06025185952785e-06 7.52675435364836e-06 1.96070782498836e-07 3.15255006810844e-07
1.18024004915895e-06 4.02239743735322e-08 3.54391105017449e-08 7.30575386853616e-07 2.85952124423616e-08 1.05951400399817e-06 2.98552846444977e-08 5.89723612165471e-06 7.0830556319379e-05 1.56850638148853e-06 3.26378367049074e-05 1.72841512302568e-07 1.10775706957611e-05 3.31989658207021e-05 1.27029200456263e-06 6.88695837425257e-07 6.88503986268074e-08 7.68759758784654e-07 1.02865552662479e-05 3.92623774132517e-06 4.09687352203036e-06 2.16551680750854e-05 0.000116066197188047 2.5648798526845e-06 1.22222660934312e-06 3.26798725609478e-06 1.09189362547113e-05 5.16525228704268e-06 1.51018398497627e-07 6.72479898184974e-06 9.05019746824109e-06 2.84413223425872e-06 0.000232423701936568 8.66841892275261e-05 0.000142741767035659 4.40189469713914e-05 7.35732478005957e-05 0.000106573831362766 2.49095971582847e-06 6.7643898944425e-07 1.66522190880869e-07 7.49875771077768e-07 3.71266056760078e-06 1.75773946466506e-05 2.84747119394524e-06
6.98231049423015e-07 3.14791876965259e-07 1.64692336106498e-06 3.66214075597782e-07 6.10544182988448e-09 4.86104871577631e-08 7.96466057551015e-08 4.02801242103124e-06 3.73249907852369e-06 9.11992882990376e-08 1.36064745447584e-05 1.91248427938717e-06 2.61110349697447e-06 1.11073827270047e-05 8.62558469094665e-09 1.25205443524123e-07 4.87758734513122e-09 2.95059722210667e-09 1.40662063774499e-08 2.8631066761875e-08 3.45666653300825e-08 3.05749158613366e-07 2.72118366410723e-05 8.05303288871073e-06 6.18372228018416e-06 2.65109000565644e-06 3.18761070161599e-06 4.42629047938681e-06 2.35408416301652e-05 3.57689621637292e-06 1.39232347464713e-05 5.785446360278e-05 6.4909576849459e-05 0.000162909764367214 0.000388984779829116 0.000228143541244208 7.40046244231962e-06 0.000104043225928763 2.28082001058283e-05 4.29089402231853e-07 2.04699146166831e-07 8.72114593448714e-06 1.29286489368496e-05 7.39685859798556e-06 8.34303558434613e-06
4.4606058036134e-08 1.2239661928426e-08 3.73472405335029e-08 2.6557011645334e-08 1.49547377370496e-08 6.34015924205755e-09 4.54603030775047e-09 6.33371542990702e-09 1.37711100078874e-08 4.26667927655444e-08 3.07014256240024e-09 2.4669007441247e-07 1.79318682125285e-08 9.73399924220075e-08 2.94435765368917e-07 9.70065645589102e-08 4.74489794122235e-08 2.33969450036398e-07 1.23360937962502e-06 1.32754456132034e-05 2.22299502524947e-05 2.26151012157061e-05 7.42210665549692e-07 1.1556548585645e-06 1.94930565555751e-07 1.98102871422634e-06 4.39226340631649e-06 8.05271095316584e-07 2.01533982817637e-06 9.00145789728413e-06 5.03200086541256e-06 6.06543984304153e-05 6.87485277012456e-05 3.48287442974993e-07 1.39544096366961e-07 6.01027138724675e-08 5.76723114864563e-07 9.05863675768615e-06 3.86054181831241e-05 8.47777964452234e-07 4.56602938569972e-07 1.37201606875692e-07 1.07307203034424e-07 4.01445565785252e-06 5.97805327743117e-05
2.76879905669603e-09 1.43004832420246e-09 1.48462009352812e-08 4.27815907144691e-09 1.57751910201398e-08 7.56439033633427e-10 8.96118201865193e-10 2.84368685266045e-09 1.83521418062327e-09 3.47378698029033e-08 5.40031194873336e-07 2.27786460249568e-08 1.57440782544427e-07 1.65014791830842e-08 7.33198061197982e-07 1.45177256172246e-07 1.34985751429895e-06 1.83259980843786e-06 2.65278516280887e-05 0.000185005466164512 1.08506252445295e-05 3.28555778494888e-07 3.96405291036572e-08 2.81973419835602e-08 1.14065262479812e-07 8.20888467956138e-07 4.83515225369047e-07 4.05011325028681e-06 5.63350024407328e-07 1.10061337181833e-05 2.23504103814776e-05 1.06226164007239e-05 2.3359075839835e-05 8.83859920577379e-06 6.15638183432132e-08 8.13727491300042e-07 8.14166680829231e-07 2.36649517724175e-06 0.000116355532372836 0.000111303108315042 4.73107791094662e-05 1.13077648506987e-05 2.15867761443889e-07 1.34125999666779e-06 2.68466856567784e-06
3.68459089905571e-09 1.31883055143334e-08 2.6656887008869e-08 1.1465853488879e-09 2.64035748709368e-08 5.21916993956317e-08 3.81499721813228e-09 4.27466131380783e-09 8.80493378208058e-10 1.74829678512012e-09 9.87616348702147e-09 4.38418901183013e-08 2.47094564809203e-09 2.59852461770294e-09 1.0640585701438e-07 5.07131920812753e-07 1.09036782482974e-06 1.16335062649853e-07 1.39726346159996e-08 5.64365877409045e-07 2.20752582968942e-07 3.14246308974475e-08 8.86281146139645e-08 1.75562822768427e-07 2.7259110901845e-08 6.78074573556842e-07 9.41262976539292e-06 6.9605874955414e-06 6.4974223732861e-06 6.27564571686889e-06 1.34136244241745e-05 7.36939755370258e-06 3.5915165994993e-06 1.48623400491488e-05 2.02451285986172e-05 1.6584556789212e-06 9.79656387869454e-06 2.24203260401623e-07 3.83159773353903e-08 3.25874234485823e-07 2.43461498605768e-07 2.52382564935871e-07 3.1972612433151e-07 1.40859952750816e-06 2.91339302961546e-05
3.10235153788696e-08 6.23567073532172e-09 1.30965458478016e-09 8.21768730840944e-10 1.11649399725522e-09 2.08502028975488e-09 6.1637912329715e-09 1.48566546620543e-08 8.82187028983239e-09 1.1191940207933e-08 1.70313107261677e-07 2.45582675528766e-08 5.46268911216785e-08 1.13608746832305e-07 6.40452897715527e-08 6.31029049813492e-07 1.67532444894647e-07 1.13962406018686e-06 3.39066394445808e-06 8.90173444911824e-07 4.15049336055517e-06 3.86447749911589e-08 2.53705017438932e-08 6.60144841013732e-09 1.00011889436757e-07 4.15342114568062e-07 1.47758459645431e-07 7.57459421429907e-07 1.21352687432186e-07 9.03435729071589e-07 3.97287909663646e-06 7.15697525492942e-06 8.60164547589193e-07 8.08570134580577e-07 1.52560841797822e-05 5.96812660660362e-06 2.44286980432662e-05 1.3228550869826e-05 1.23230827995258e-06 1.03390811134751e-08 3.33697659615773e-08 1.62580709328619e-07 1.54163390249096e-06 5.32385140331826e-05 8.09708154747568e-06
1.27270143313041e-09 8.93395594170343e-09 6.27174870926339e-09 7.78585140803756e-10 7.93559080669581e-09 9.7993636538618e-10 1.70113285791196e-08 3.2545795058958e-09 3.81524780657117e-09 4.09632338715937e-08 7.70464887223099e-08 1.44012259450932e-08 2.42552417972775e-07 6.41525556011047e-08 2.14766834405467e-07 1.73343686027394e-07 2.58889256432582e-07 2.6872294561997e-06 4.23735254395652e-06 6.90972512273902e-07 1.31810184633707e-07 3.00448760204297e-07 4.78420473570829e-08 4.53344849438153e-09 3.48966214813728e-08 1.04152322877304e-08 4.43602745092697e-08 4.11359983298887e-08 3.95168795730427e-07 8.36221393352155e-08 4.38214232056922e-07 4.08925165951146e-08 7.51645413465951e-08 9.9889683440324e-07 1.27156701182685e-05 3.72745746517467e-06 8.41965747895301e-06 1.75807944742701e-05 3.2338083826744e-06 2.01649812424876e-05 4.39488022152545e-06 2.02485864235769e-06 2.20744011016905e-06 5.77705616251478e-06 1.68001481156921e-05
3.20623241956142e-08 3.50667370696556e-09 1.33766745458175e-09 1.1823710788228e-09 1.24238258569775e-09 2.48206887265567e-09 1.90946090050659e-09 5.49459026055743e-09 1.86527998269348e-08 2.20562577091243e-09 1.10033254174802e-08 8.42688648816647e-07 9.66798041091011e-07 6.0537557411422e-09 3.98771903320494e-07 4.13357322481822e-08 1.18490287981388e-07 3.99119722493957e-08 1.11711151029592e-07 7.65090860443962e-08 1.33236019994598e-08 2.70385764555847e-08 1.58360615509778e-08 5.61982931301941e-09 1.38479879785436e-09 3.90744377964936e-09 3.8768094356989e-08 1.43450576972626e-09 4.0013865443278e-09 7.02113434059015e-10 2.55528746606615e-07 3.11857802248738e-08 5.9735729364796e-06 1.20568779704566e-07 1.17484162620585e-07 2.00313406084618e-08 1.17868329141402e-06 2.66976937552954e-06 1.32986024414805e-07 9.84095640887972e-06 2.74472158707795e-06 1.03776941614342e-05 1.76786214524327e-05 2.0497904961303e-05 6.59412005177273e-07
4.07290336346122e-08 7.97544438269071e-09 4.37203405923015e-08 8.97692268297945e-09 5.95430530436758e-09 1.31800631519852e-08 2.42593575339178e-08 1.43896196069804e-09 2.47754384474774e-07 2.11080487533266e-08 6.88731702780387e-09 3.41032084127946e-08 2.07265015150782e-08 2.3707942087281e-08 1.63615059278754e-09 2.11837105523749e-08 5.85430112920449e-07 1.11705639849191e-06 2.37021826332562e-07 7.59111558057413e-09 8.13892823248175e-08 5.29961270423485e-09 3.22760686177759e-08 4.97538915844586e-08 1.33759490594798e-08 8.04580307933733e-08 1.10014380050316e-08 1.14362253889055e-08 1.60990463182742e-09 1.13283765368344e-08 1.66191225225987e-08 2.52755465002252e-08 1.25016450258641e-07 4.08815444497002e-08 8.53848155513148e-09 3.83199595166417e-07 5.0338020085583e-09 3.18795513321035e-09 6.06150714954623e-08 3.31229783796516e-06 6.85157468183206e-07 2.65663108933722e-07 1.83168866669803e-06 2.7796136237157e-05 4.11326992661998e-06
1.5210732351445e-08 6.19024700387882e-09 1.63338518044398e-08 1.1237108576978e-09 2.20033726794355e-09 5.21439159628656e-09 5.2987642606972e-09 4.79838323519388e-09 2.43656165244133e-09 4.55331834459116e-09 5.48372458553104e-10 1.89412473483586e-09 1.39672155219372e-07 8.55587297232674e-08 3.01134799762792e-08 3.0975560321167e-07 5.72078506788642e-09 1.07300323071158e-09 7.28193473298333e-09 2.20468846512389e-09 9.16073579215748e-09 1.2073676425306e-08 4.92332249413252e-09 3.49704573077148e-09 3.24065667633988e-09 4.97637395735495e-09 2.90849143658178e-09 4.71963307324685e-09 2.79272801195773e-07 8.82561269621718e-09 3.00641666228785e-08 3.77037200460784e-08 2.35521371627634e-08 5.76132995533385e-08 5.93438532758839e-09 5.71790491510349e-08 2.10573264713965e-08 5.42127397085146e-08 5.47069467984329e-06 3.93844434398716e-07 3.05161779579066e-07 6.93858826394944e-07 3.1108204893826e-06 6.1643529261346e-05 4.02229210521909e-05
1.85354933623927e-09 2.46126170555527e-09 1.17321171888563e-08 1.29204389742732e-08 7.47726480732069e-10 1.96581837474952e-09 2.56509760099277e-09 5.09051367725277e-10 5.93099755974436e-09 8.81607220559744e-10 3.10418928339828e-09 8.63046936139256e-09 5.06934959565442e-09 1.97139703450588e-09 1.19498790085437e-08 8.1761291426119e-08 6.2963235070157e-09 3.78604651851688e-08 3.10288585159135e-08 2.43589848292203e-10 1.31874214548411e-08 1.56130023354351e-09 1.48644142550225e-09 2.30463030881367e-09 4.7832852012597e-09 5.13852416172966e-10 8.76909003189041e-09 2.13059156983775e-09 1.02291422787726e-07 2.71022690085942e-06 4.74681995388249e-07 2.2128775043484e-06 7.24641258216252e-06 2.27719593937081e-07 7.15545561247311e-08 8.49991113049953e-08 5.61965967790457e-05 7.92603164967431e-06 2.26931002877961e-07 1.59387050189252e-06 1.34181162252389e-06 4.80062662973069e-06 3.3477845681773e-05 3.39199249538069e-05 3.74095722577295e-06
7.37380767557028e-09 2.98269319243261e-09 1.20627894339975e-09 1.79586847615099e-09 2.30443594206875e-09 4.16413863391085e-08 1.43332627988713e-09 1.93203320786317e-08 1.01715141198611e-08 4.32265390148956e-10 1.01831431842392e-08 1.2179894648412e-09 8.06100108885488e-09 2.25357180694274e-09 5.62116954094805e-09 3.12428678483911e-09 4.01060752830418e-08 2.20309853915523e-08 6.15098250111856e-10 1.57107982179383e-09 9.61682555811194e-10 2.87825049127832e-08 2.10128948463506e-08 2.28417372793999e-09 1.35893472363868e-08 2.64065736499397e-08 7.81968569185665e-07 5.20583471370628e-06 4.40865194548223e-05 0.000463673936610576 3.31502308732468e-06 2.03101585505294e-06 1.99404035015505e-05 8.50709864153032e-06 5.06775506892154e-06 1.28680800912662e-06 4.93926481937024e-08 1.81469144600044e-08 6.45385572539681e-08 6.00581023491031e-07 3.7485686092964e-07 3.04663313954734e-07 3.64863736876941e-06 1.97188880690646e-06 8.74747331458536e-08
