Scripts_&_data/Maxent_result_files_2/B_zonatus_2.asc
NCOLS 594 
NROWS 330 
XLLCORNER -15 
YLLCORNER 23 
CELLSIZE 0.166666666666667 
NODATA_value -9999 
[rows 60 to 79 of 330, columns 225 to 269 of 594]
0.000118252316497092 4.65802549854288e-05 1.64674820346988e-05 1.78551894492784e-05 1.86559480255255e-05 1.20404645272743e-05 1.78340070419836e-05 5.17387209640674e-05 5.98250509369791e-05 0.000287306717837055 7.60035730422715e-05 3.00786649489737e-05 1.1154545038039e-05 1.17935696508198e-05 9.11284052449446e-05 8.82407107809513e-06 1.08007560520207e-05 4.98835150111176e-06 9.88681363125465e-06 1.2848085645345e-05 4.06472755912546e-05 5.79114893866972e-05 5.33564948455023e-05 2.11591191771277e-05 2.58014820076369e-05 0.000131524042444653 1.75812842442724e-05 1.32419407606221e-05 6.73792445013532e-05 0.00110139553289628 0.00761206038296223 0.00139703140594065 0.000276676199064241 0.000439525771798799 0.000424353088237694 6.66975696958616e-05 3.96728800041046e-05 2.79914039140294e-05 4.91456762574671e-05 7.23762628695113e-05 0.000141650622572342 0.000324140358497971 0.000179148076040292 0.000773403113271343 0.00239405421889387
1.79343573137203e-05 2.35116622093301e-05 1.09752168427235e-05 2.06361109860609e-05 1.66429528150047e-05 1.66718056277659e-05 9.82803604614446e-06 3.88245849691771e-05 1.04579255044257e-05 4.68073705235383e-05 2.66438046409689e-05 9.7538349888282e-05 0.000169497995932488 2.69637084443275e-05 5.39089452217922e-05 8.81553356038012e-06 3.24445341036039e-05 5.03729024821098e-06 2.169107536929e-05 2.25186767082164e-05 8.25434174629436e-06 2.32757490095992e-05 1.64019881708555e-05 1.70494595678861e-05 1.11122776925043e-05 3.96537203357639e-05 1.22859412769571e-05 8.75274607103904e-06 1.13290948313249e-05 6.0429584856081e-06 7.35435039814547e-05 3.54968629693531e-05 4.76819136054019e-05 0.000219596869283123 0.000486522204664652 0.000124300778406905 4.54311273642816e-05 3.86130823812891e-05 6.00475599412675e-05 6.88962018102757e-05 4.71018029202241e-05 3.57627819425943e-05 0.000548200824232481 8.06554021437478e-05 0.000102085406842889
2.59364379047611e-05 4.54294654929299e-05 2.24651429704181e-05 1.72118714104386e-05 3.87091776772763e-05 1.1832897706654e-05 6.2551652035836e-06 1.43980356625661e-05 1.58643724972762e-05 1.65481984112148e-05 0.000485070183913194 1.31806721931582e-05 2.5714392002385e-05 1.24492815203325e-05 1.25835714086975e-05 7.69766107389103e-06 1.07269124548282e-05 1.85916465966329e-05 9.45408753068477e-05 1.28210960632202e-05 8.58844141475856e-06 1.60546648714899e-05 3.02225678808554e-05 1.24391500882837e-05 8.11768014834513e-06 6.50733638032364e-06 1.27623767880891e-05 5.478582714602e-06 5.93574983795975e-06 3.86898740899255e-05 1.29916478769587e-05 3.24428802400689e-05 3.10197048392524e-05 2.16150667483817e-05 1.95750163214825e-05 2.49247176498102e-05 1.53364129687361e-05 3.95450048131352e-05 1.99511063840419e-05 5.49468052213342e-05 2.4501793870968e-05 1.7097404993649e-05 0.000139257360626743 7.53449039166298e-05 9.02002289876691e-05
3.20100098008425e-05 5.34741081537504e-05 1.39571590217713e-05 2.4521198184857e-05 1.40224626477448e-05 2.02077682388335e-05 1.49970197867333e-05 1.49069880890806e-05 9.46034803099849e-06 8.45039062866704e-06 1.4395206574136e-05 1.11164359999805e-05 1.64920716272832e-05 2.43861024330272e-05 1.55451325156264e-05 1.56702944742904e-05 1.18006252101566e-05 8.62993151677926e-06 2.75232631324229e-05 4.35829070291049e-06 5.03760311829637e-06 5.58113377678637e-05 3.92708920941232e-05 5.70593516897588e-06 5.25164164564274e-06 2.84529021470803e-05 8.7970194567788e-05 0.000134520165318008 1.50981757791158e-05 3.76439517069116e-06 5.49018456688088e-06 3.98911017782666e-06 5.34897008908075e-06 8.01097066087664e-06 9.72166382453565e-06 7.80737864367609e-06 1.49863361635028e-05 7.22305794965905e-05 6.18701150642664e-05 1.89367627427828e-05 2.25157347458094e-05 9.11406680543792e-06 0.000274653299038619 3.39964417548799e-05 7.43758826118324e-06
3.82559694344309e-05 0.00011829281061182 3.66683398510759e-05 6.85537330355146e-05 4.00471236616795e-05 5.19594727279582e-05 1.53688929273699e-05 1.52891810969891e-05 2.36769698688022e-05 2.4548936642077e-05 3.15779299398855e-05 1.25045063640528e-05 1.03968532215504e-05 1.4717348293658e-05 5.29824385964162e-06 1.47599881231031e-05 0.000145154780079793 1.00604130299331e-05 4.50333503124511e-05 8.615113772521e-05 2.32211839247043e-05 4.20196155573649e-05 5.71614429460965e-06 5.22514749476954e-06 6.94994332306464e-06 2.79769366130722e-05 2.09363113405914e-05 2.72779699841408e-05 3.24108631502895e-05 2.94162575102064e-05 5.6185780948681e-06 9.46674048201146e-06 4.61406972807055e-06 4.15677089051769e-06 3.91598177298391e-06 1.06456373124786e-05 9.72109871142379e-06 1.49082974871817e-05 6.65433920907788e-06 2.27058542620284e-05 1.66004103448358e-05 1.08059719309495e-05 9.60468681569182e-05 0.000127974191173053 4.92760610448784e-06
0.000207830813178589 4.23406907202661e-05 7.50271641663858e-05 2.092095268722e-05 2.3873704884636e-05 2.40594073602551e-05 0.000170624972906808 2.52721176565274e-05 8.0226804539052e-05 0.000719953916632221 0.000140590403589158 0.000174801097364252 0.000156655944556405 2.15813351076122e-05 1.73128447158888e-05 1.57341837784486e-05 1.80115928785085e-05 1.10659399894075e-05 1.54821085267542e-05 0.000145991541421608 9.72792832669711e-06 1.11436522182373e-05 1.90749880033536e-05 5.44314122237211e-06 2.10315261298888e-05 4.72249909861944e-06 2.19249343643924e-05 1.37464960573652e-05 1.59512663124417e-05 7.25599600954752e-06 5.03513463918637e-06 7.40277999398131e-06 1.36468030387249e-05 8.01260555931549e-06 1.61454969699548e-05 9.16717238350628e-06 8.76731415679899e-06 4.84232125970152e-06 1.00406003578968e-05 9.38461718078543e-05 2.69057421434127e-05 1.16142531506824e-05 2.51220445250056e-05 2.16308174969981e-05 2.40339199763184e-05
0.00013748720411968 0.000247328910518263 4.42821469619048e-05 3.27643562059166e-05 2.33633857504856e-05 1.78937853377192e-05 0.000126642224904572 5.74657696461145e-05 2.29287345774765e-05 0.000218016315284331 6.3523941321364e-05 4.49364547819187e-05 1.51084135652013e-05 3.88970758990581e-05 1.96090929975412e-05 3.988959069261e-05 1.36750127076368e-05 1.60761498619877e-05 4.28387683314213e-05 1.52507378601285e-05 1.771862454234e-05 2.61369939593692e-05 3.61240908191007e-05 1.3095044376854e-05 1.18393649195525e-05 0.000113623467007073 7.2346173931237e-05 9.67178884998532e-06 1.84277908402919e-05 1.70458066577339e-05 6.24888586209238e-06 8.70548551468175e-06 4.97565108847908e-06 1.52868934108596e-05 1.20713929231187e-05 7.04628630003867e-06 4.64334784187059e-06 9.33446722370945e-06 1.93398330011973e-05 1.50379460620798e-05 4.6164806667548e-05 8.27028210288461e-06 1.70718202753051e-05 1.3727642007666e-05 9.21690879636117e-06
0.0013387217723448 0.0020221538905389 0.00107134077479714 0.0006607466704736 4.43207586727112e-05 8.31857312050488e-05 0.000662297025701264 0.000873082276666537 0.00470545425778255 0.0010589273115329 0.000719634583583684 0.000656219010306813 0.000494006979806727 0.000457903235292179 6.80625665040679e-05 0.000136456931454632 0.000275755295137969 2.08720021298348e-05 6.59348385241287e-06 0.00025620353630984 1.956251045101e-05 9.42512228419901e-05 0.000140067138420363 0.000154668731215679 0.000178509328657128 0.000170142544061491 2.53699515639028e-05 1.52968763238448e-05 0.000177837004457615 0.000209887909204554 0.000162869016639888 1.59653773621926e-05 1.1839447007489e-05 3.36958750750682e-05 9.64678312094236e-06 1.24261907600953e-05 7.94768481569008e-06 9.87494807915823e-06 9.33519535664118e-06 0.000101171430856084 8.717077074607e-05 9.27979957623393e-05 9.24332708279962e-05 4.42295920322522e-05 1.18903769333656e-05
0.00378701696517965 0.0090942873932363 0.00717797575853183 0.00126777566056262 0.000610167911509052 0.000208022484730463 6.12240625287086e-05 0.000450226003613352 0.000886874742718646 0.00142441280040657 0.000554054100757639 0.0102059891913086 0.0061635970370844 0.000772216786026547 0.000169863588575936 0.000454753932717722 0.00017560642522767 0.00045919326312287 0.000649474096280755 0.00175988322298508 0.000339013741722738 0.000464572811870312 0.000295363206896582 0.000223505500412102 0.000226161730961394 0.000196676744485558 0.000123443499239784 0.000129224846301668 0.000248606239256333 0.00219614299276145 0.000768743695516605 0.000354398748004314 0.000147945510661884 1.82513337669832e-05 1.3440869400938e-05 3.08781378819845e-05 2.97779370029616e-05 7.73266871512135e-06 6.1228011443859e-05 0.000136494415357902 0.000105151729553654 0.000201685287242981 7.32071204879503e-05 7.7874590186866e-05 0.000159142321444961
0.00166137287424135 0.00165272080903378 0.00591429092746694 0.00146576555889624 0.00312435187224764 0.0028733967221342 0.0013385928599746 0.00140256681115716 0.00134554697433487 0.00070791322768855 0.000719409327575704 0.00356081181962509 9.92570431662898e-05 0.00118074212332431 0.000256058283139282 0.00054615411991108 0.00514933009399101 0.00404294865438715 0.000357224698836944 0.000453896378439822 0.000506585267976334 0.00022260161616714 0.000236240443473434 6.84694198071156e-05 0.000559028935822425 4.6018717989682e-05 0.000244936632839199 3.05781545748118e-05 4.24273207954684e-05 2.8605090523115e-05 1.74533542462996e-05 9.07639740660216e-05 7.24462009998206e-05 0.000108978880348332 3.89687159668028e-05 7.36688727897672e-05 1.11903399730551e-05 2.34933442023078e-05 8.72469399553211e-05 4.9066704613665e-05 0.000544151276699267 3.72934072856879e-05 1.47080746074835e-05 0.000116342247474677 0.000751868136285339
0.00133985656593723 0.00309355532226618 0.00547217555576935 0.00118295355714508 0.0021281365185132 0.00145985202252632 0.00155164857096679 0.00115131755010225 0.000119979260648506 9.67518760035091e-05 0.000867599522280216 0.000156694713723482 0.00011514872492171 0.000279055483679258 0.000560283576669462 0.00200877553725149 7.19504872222387e-05 0.000719894690337242 6.2415403453997e-05 0.000561921430744405 2.87191973725953e-05 3.97235483831082e-05 0.000177227293727356 0.000305116488789281 0.000269416046444348 6.26536227514407e-05 0.000559599029293167 3.39713258398433e-05 3.68330340876355e-05 2.45645914532133e-05 1.63862824450689e-05 1.24316098446542e-05 1.01906200736579e-05 0.000122215152623539 3.42586577289694e-05 1.31339895201421e-05 7.16320686478866e-05 0.000425328183519014 0.000423189406865276 7.69007146402601e-05 9.05098917883151e-05 2.40556404492054e-05 0.000167988056637114 7.26224063782865e-05 0.000386457051718025
0.000505761248496128 0.0033095412683906 0.00226041559635632 0.00115009002474835 0.00167183322337223 0.00132953880238347 9.61937478905384e-05 0.000635034738297691 0.00230209914443549 0.017784446105361 0.00109728090046701 0.00437333116715308 0.0173033074941486 0.00292653929645894 0.0273199360817671 0.00448657461965922 0.000446385367376934 6.45547506110233e-05 0.000106814259265775 9.80336343019417e-06 1.06569512496435e-05 2.44613225433454e-05 3.38503865833673e-05 3.11482106269523e-05 0.000214592208874365 0.000211316021295715 0.000871825985086616 0.000210972458262404 0.00126011703468976 6.33062353813329e-05 1.81744161508846e-05 3.63062835845085e-05 1.6296930954951e-05 0.000115811976752411 0.000182759571998758 9.04831814750651e-05 0.000853100353560876 0.000544051183896954 6.33863028753012e-05 9.23266402651279e-05 1.40123806453119e-05 8.94339900838759e-06 0.000110476749352983 9.89041229217946e-05 6.54210517154752e-06
0.00427859583360259 0.00237855149898678 0.00254398500837851 0.00776346225757152 0.00142147839469544 0.000270687404281489 0.000474359278996417 0.00133261338669399 0.000719355936598731 0.0377693630754948 0.294973514042795 0.0121020186401438 0.00665342757711187 0.00121447803376213 0.0102968487830367 0.000197379361407002 5.48013640013778e-05 3.06867583304893e-05 2.03559554890376e-05 6.17940891288527e-05 1.92502559841046e-05 1.62490345431365e-05 0.000643583518831292 0.00018480393050595 0.000208973268581758 1.79247311791642e-05 2.357181969046e-05 0.000188076047152208 0.000107333372375251 2.806354476661e-05 3.17310143032046e-05 1.7270216680032e-05 0.000109295433537682 0.000109804070706332 9.5646521594972e-05 2.33540453358216e-05 8.3783991419395e-06 0.000107122818292282 2.56785628991452e-05 0.00010060761488262 0.000201208441876588 0.000163556098118534 0.00049598177029111 0.000259487701077887 0.000214159623192245
-9999 -9999 -9999 0.0504662057384849 -9999 -9999 -9999 -9999 -9999 -9999 -9999 -9999 0.0139643347123638 0.0263101516058669 0.0689957617258187 0.000349775171162037 0.000404657213584869 4.48547449536818e-05 0.000204685938615512 6.89706131083767e-05 9.9853339031597e-05 0.000306953695599077 0.000850589714536909 3.02884186567098e-05 0.000108020100003614 0.000230628683175382 0.000123047864212822 4.67419000642622e-05 0.000103636927656225 6.48482286692342e-05 2.19934011582268e-05 1.36983344631858e-05 6.98016314572669e-05 1.28504284990782e-05 1.50554878292297e-05 0.000185483457426017 9.56263884006603e-05 2.60006853814332e-05 3.35735195562847e-05 0.00017140473071322 5.6592596780547e-05 7.2016768820049e-05 3.62714714697177e-05 4.49848060213753e-05 1.12321044088759e-05
-9999 -9999 -9999 -9999 -9999 -9999 -9999 -9999 -9999 -9999 -9999 -9999 -9999 -9999 -9999 -9999 0.0210929075721651 0.000146138842319488 0.0016569723316934 0.000364692500534147 0.000430953102113563 2.99722241180689e-05 0.000948552426416427 3.68021911071992e-05 1.74575194279214e-05 3.60902096872451e-05 4.38858815186904e-05 4.8668299655219e-05 2.09921734011687e-05 7.53586332393752e-05 3.69305768458617e-05 2.22269244162021e-05 0.000154592009778298 1.2330971790675e-05 1.54391693598654e-05 1.62498821339341e-05 5.973003943609e-05 3.881683140321e-05 7.21986112978357e-05 0.000227540895320999 0.000127073664179989 3.16510563948214e-05 0.00010629505735551 2.95393575896696e-05 1.61548530115851e-05
-9999 -9999 -9999 -9999 -9999 -9999 -9999 -9999 -9999 -9999 -9999 -9999 -9999 -9999 -9999 -9999 -9999 0.0911000103224069 0.0301430821127724 0.000213396391154674 0.00283211597707123 0.00026572884817142 0.000113037042956421 0.000102477251857636 0.000171329689874256 7.12709835170244e-05 0.000426918413722888 3.00654140175993e-05 8.58500580307009e-05 0.000187707116765523 7.52269173517561e-05 0.000125835460676171 0.000225514511191705 1.81996959042863e-05 6.62924859753389e-06 5.42822398408305e-06 0.00013814230492244 0.000136217002955163 0.000118399251323353 5.20767738379391e-05 2.92369539835136e-05 8.74131900218344e-05 3.58894179441904e-05 3.88074341913125e-05 4.45743591512837e-05
-9999 -9999 -9999 -9999 -9999 -9999 -9999 -9999 -9999 -9999 -9999 -9999 -9999 -9999 -9999 -9999 -9999 0.0203975814627483 0.273429544921964 0.00494960444048047 0.000513695537301828 0.00338583925331477 0.00749635032843798 0.00464607796748169 0.000650320765635115 0.000361713894380955 0.00050514578979346 0.000257743043766823 0.00240761274762917 4.14544837440189e-05 0.000586883403229876 0.000384769943184438 0.00107429829877219 0.000324061193441594 4.32707881600436e-05 2.81957379385744e-05 9.44524109982581e-06 9.42651073842171e-05 0.000125103680477423 0.000137007150078716 7.28752880092998e-05 0.00015003136403493 0.000204451943614004 9.33115094994719e-05 6.56460075333598e-05
-9999 -9999 -9999 -9999 -9999 -9999 -9999 -9999 -9999 -9999 -9999 -9999 -9999 0.000355974767444422 -9999 -9999 -9999 0.0163341528270394 0.00661402450350579 0.00296171267582395 0.057530071248766 0.161493443045765 0.0143012535467278 0.00972712155780755 0.019770723732654 0.0054908683989197 0.00210689769301098 0.00357412290177308 0.000658857943199109 0.0016163998778211 0.00194678425905295 0.000427149543793348 0.000148669796999457 0.00116243278898764 0.00107478474565141 0.000360385118938211 5.70760546338533e-05 8.44052452464439e-05 0.000211419613413 0.000680148301762529 0.00044680691216854 0.000330914649384795 2.42754747830531e-05 0.000230922801529232 0.00215969472337747
-9999 -9999 -9999 -9999 -9999 -9999 -9999 -9999 -9999 -9999 -9999 -9999 -9999 -9999 -9999 -9999 -9999 0.0135470189154148 6.75327451972407e-05 6.51256213132001e-05 0.00115378706341289 0.00600866678287275 0.00373710384010337 0.00236883144825697 0.0554391627665609 0.0204260417725891 0.0149051020620391 0.00312019146513194 0.00454082236392424 0.00325326042366214 0.00244093048386276 0.00134646559454268 0.000814557269768557 7.53362080672559e-05 6.97904087587631e-05 3.87748304945035e-05 0.000328475336209522 0.0004250494097505 0.000601857329456834 0.00104490400590294 0.000371106236798369 0.000137820651093534 0.0009246943243852 0.00885556112625636 0.000246750029145915
-9999 -9999 -9999 -9999 -9999 -9999 -9999 -9999 -9999 -9999 -9999 -9999 0.0120826652739197 8.5401189426193e-05 7.57444176997524e-05 0.000186051633318129 0.00010372602928328 1.43884573276409e-05 1.44246477020715e-05 4.93664815053307e-06 3.12809253045998e-05 0.000142044130188879 0.000242256619094405 0.000784942539758049 0.00346169284239295 0.0617686897516251 0.0594128197291866 0.044727921159938 0.0437852373579517 0.00756436010124162 0.0182345236185938 0.00220623078930657 0.000110367039269477 0.0019651052338304 0.000288463650758786 0.00122321660310263 0.00815331302583218 0.00118617653643014 0.0027736815638491 0.000228617410721199 0.00133360177278519 0.00146678907476598 0.0031097075305297 0.00186152713204137 0.00134584978004568
