Scripts_&_data/Maxent_result_files_2/B_zonatus_3.asc
NCOLS 594 
NROWS 330 
XLLCORNER -15 
YLLCORNER 23 
CELLSIZE 0.166666666666667 
NODATA_value -9999 
[rows 140 to 159 of 330, columns 315 to 359 of 594]
0.00146385657862993 0.00147328949096845 0.00185522833489813 0.0020318589406088 0.00185046735277865 0.00124491241585929 0.00179337751324056 0.00181560141791124 0.00163556560582947 0.00148008421529084 0.00170352791901678 0.00180622624175157 0.00145617095258785 0.000515634405201126 0.00160824105842039 0.0014763656858122 0.000188914037971699 5.87241359426116e-05 0.000109537267780979 7.27218279280351e-05 0.00965536467265338 0.00439820128958672 2.05907635518088e-05 2.04058857889322e-05 0.000110044395114528 0.000377465887504513 0.0164244428742677 0.00468255908926949 6.05769535923173e-05 0.000184913300654443 0.000257649724881048 1.04684155985524e-05 9.81406048481404e-06 1.34319848484665e-05 0.000269820064931992 0.000593234826737898 0.000500264545917162 0.000746567329042591 0.000266087203999632 0.000130320298831066 1.18120221941354e-05 0.000151909377382253 0.000732716772472486 0.000723429581557866 0.000581040717224823
0.000684861862828257 0.00179978598316666 0.00240387819358148 0.00422639714088291 0.00200998323853128 0.00205084981280379 0.0026299441466108 0.00204866596031934 0.00190217533963732 0.00183177038270514 0.00175581959774718 0.00170209784701001 0.00168513236567378 0.00160934487357736 0.00167879400833044 0.00174602221522946 0.00316319787234534 0.00175119892810471 0.00134341044176836 0.00156270883308025 0.00409978062380105 0.00107878374110442 3.64931005606195e-05 9.91841377071978e-05 0.000842062613810413 0.0012266848469153 0.0012643950045458 0.000789003668614896 5.20068091191206e-05 3.33660007981962e-05 1.22519891078809e-05 1.48737606821214e-05 1.47214120204353e-05 1.03003473896024e-05 7.91372787716682e-05 0.0007264156563906 0.000763670429296326 0.000800913100101752 0.000462762638926506 0.000143839158590708 1.89574936030112e-05 0.000138835963025485 0.000704086154291872 0.000721358387090731 0.000667123026505578
0.000224787066690624 0.000570727072408772 0.0011884516934515 0.00442026442615315 0.00196390480268747 0.00195808860007674 0.00188376505393535 0.00191074409522116 0.00187921430770075 0.00191536935162731 0.0018834643997252 0.00176245131879114 0.00159138303861255 0.00131143394246465 0.00176262738241348 0.00189032319758553 0.000691000923688989 0.000439564562839223 0.000557894218945876 0.00156793464993825 0.000634929868101608 0.000137366901617497 8.57989644828194e-05 0.001088630034792 0.00123831859382335 0.00127191001956817 0.00118270390375983 3.61765748493781e-05 1.12861930517738e-05 1.87316213668964e-05 6.18207992374664e-05 1.03493307960889e-05 1.00505817840713e-05 4.72426284886751e-05 0.000204484296591545 0.000708371776272543 0.00076364872220438 0.000751961069909157 5.45628146028321e-05 5.8697091162685e-05 2.49476866201803e-05 0.000833829090697691 0.000634790977346711 0.0006260261812713 0.000589503489027265
0.000595054541190621 0.00437311895075254 0.00203831996768713 0.00197095706826076 0.0118055386352353 0.00368493723217398 0.00198397943167947 0.0239800358656794 0.00183361559757032 0.001797850971343 0.00177763155079447 0.00181151057477109 0.00134426199510926 0.0403021009638906 0.00286240292480215 0.00195603364263661 0.000953192698943894 0.00017530966852064 0.000228702992717444 0.000417133498558542 0.000666578469099477 0.00129696782969404 0.00146724598744186 0.000445719126582844 0.000305463224867708 0.00119536317797611 0.000699325342429802 0.000254434969610884 2.30570053645351e-05 2.37374322750838e-05 2.27691312829847e-05 1.46043986319455e-05 0.000158757563440304 0.000695817190717207 0.000648004996764939 0.000696805333427619 0.000724114349577576 0.000809604930691421 0.000104804701368266 0.000166475901824015 0.000843728194013238 0.000799894382362254 0.000654057747306069 0.000769126439990941 0.000702313109650277
0.00241833513136953 0.00633113415678963 0.00321443430148065 0.00320061630918644 0.00142463596275775 0.00400253923144192 0.0207405373919755 0.00202189753763378 0.00191608571913093 0.00177466661843937 0.00157290416245814 0.00166732782963663 0.00311775232257787 0.00187560392951127 0.0020504301355686 0.00213575157686137 0.000527883428731002 0.000586534772446612 0.00157887384848436 0.0018274828675203 0.000953033892437816 0.000116830187789674 3.38257791327123e-05 0.000789665727643296 0.00138928960950579 0.00112909113813657 8.15396600955864e-05 2.19074104279571e-05 1.28156216817388e-05 1.10127849893615e-05 1.16916894285168e-05 3.4670147806537e-05 0.000537251893547364 0.000782703116419725 0.000741798723174725 0.000763832694792654 0.000777454815397505 0.000747657471947605 0.000904366583563387 0.000827786719310097 0.000938265535660321 0.000923655856604455 0.000693561114894692 0.000664172852702904 0.000623715660185553
0.00242940128664486 0.00216709480155259 0.00211026618198957 0.00293239366146736 0.00240357316797599 0.00261299181147479 0.00259793589357287 0.00219269735971466 0.00190899309818633 0.00167019265354611 0.00157867202360649 0.00171419763064478 0.00255050091946032 0.00158028180449037 0.0011015202049748 0.00238960941205733 0.00102672725188313 0.00190644057001919 0.00183720606437419 0.00166163346584653 0.00171298393397592 0.00126844160695327 0.000923589627927868 0.0014247112441808 0.00128841483383439 0.00111755869875196 3.04022063119191e-05 1.35884979954426e-05 1.59863502744884e-05 1.60360995664632e-05 6.20620255176618e-05 0.000631846426404081 0.000783989920455497 0.00163762722513638 0.000713971735240193 0.000773996686621103 0.000809992026188411 0.00093058842321625 0.00240629689069465 0.00208516459679231 0.00255571825546212 0.00216837764019147 0.000873922029859386 0.000667340442305431 0.000893865826947149
0.00244000401580706 0.00240172815392725 0.00228766879881732 0.00217031163192587 0.00243071855511516 0.00361690869031008 0.00259665542980656 0.002339586999733 0.00208267327398062 0.00184864399197977 0.00162969505472574 0.00171972617681604 0.00183897083334159 0.00184913633129327 0.0019707061117515 0.00223604165366851 0.00205352310149465 0.00194839304313064 0.00182748549850658 0.00176988768798765 0.00167199363932014 0.00156540369207505 0.00149931788619142 0.00145162071858067 0.000948056140623521 0.00110899056162452 3.35583616561053e-05 1.17059699277888e-05 3.14905720188108e-05 0.000195902136692894 0.000901309731125366 0.00116907489282312 0.00103407953574788 0.00299144290620461 0.00077667792502325 0.000770326534257038 0.00206660126859788 0.00159400020929752 0.000753627299854998 0.000725226119539002 0.00113822115090443 0.00269244518131018 0.00259882595273666 0.000834335687250132 0.00105310046637896
0.00237393904826604 0.00256208885693923 0.00262502066907473 0.00250525554874912 0.00256671580136754 0.00243780077435076 0.00232704105437733 0.00218791212537326 0.00202031336084474 0.00184572690923233 0.00168368728191126 0.00170933888002764 0.00173333648417611 0.001847031514626 0.00198266030056402 0.00198030742176343 0.0019229454890592 0.00181033418339211 0.00181791235227138 0.00160171640600311 0.00168869197368622 0.00157672113855369 0.00153526237700135 0.00150176313472912 0.00142516939522466 0.000514727592963027 0.000260932210221654 2.7819861406897e-05 0.000627727100072661 0.00140023278800072 0.00135488855885342 0.00105573000546428 0.00115088136517443 0.00068885637956555 0.00145274600072298 0.00173339024186134 0.00153980152826989 0.000873876286641462 0.00096311741945101 0.00136060195509344 0.00111488675465807 0.0012016510569083 0.000766310213657562 0.00071063384966692 0.000693121414224152
0.00241176353301853 0.00262474322807975 0.00263056736439466 0.0045725930511253 0.00263613439165056 0.00266098342253827 0.00251626801327802 0.00224293616483919 0.00197090856090654 0.00270185161789414 0.00332580568501726 0.0016941061563557 0.00167627586051822 0.00176194237719756 0.00184610707801767 0.00185785716457758 0.00182555868523195 0.00176834188750945 0.00178091333946213 0.00175531596469227 0.00166294482769445 0.00158120310807135 0.0011376741254935 0.000504932461626595 0.000568966448190622 9.4610210362589e-05 1.81684067229071e-05 0.000381049211136997 0.00135721405094955 0.00133823478245176 0.00130460495420266 0.00186057686951244 0.00110031412550597 0.00108624273852911 0.000880971616425086 0.00145637543755583 0.00122284983226564 0.000897394974890631 0.00168375264620408 0.00159329628804699 0.000793690401769709 0.00105739046484814 0.000761770170356613 0.000715316551941214 0.000922992294363212
0.00232939699781127 0.00253359898924828 0.00265377602772787 0.00249451888666954 0.0025148713379167 0.0024516956473235 0.0022873958630953 0.00238033640780486 0.00226422208215808 0.00201841481029987 0.00181164812820498 0.00168112560641021 0.00158504681603517 0.00159096759307431 0.00108569951262325 5.53828981537663e-05 0.000159911610171548 0.000958514487138018 0.00179431275901152 0.00171455352683552 0.00167571929923724 0.00159178090107162 0.000193816483442788 0.000585767718439456 4.60062068214029e-05 1.68113560960137e-05 6.89518595208938e-05 0.00144747019221541 0.00140532619552687 0.00135141599748749 0.00130375243024901 0.00123719551775139 0.00117705262091476 0.00118296897271648 0.00109267911611823 0.0010278545320034 0.000982449319417356 0.001282993357745 0.00100468939272105 0.000910747773014009 0.000818832265213132 0.000759569891670253 0.00077975166059332 0.00115885099075967 0.00243303281604312
0.0023610396834556 0.00241096166428179 0.00285419306601398 0.00276313143549487 0.00239223588723689 0.00235491962812375 0.00225528988812584 0.0022047496313462 0.00222274409898091 0.00209545956749935 0.00174051298527047 0.00152173646347364 0.00161431157757761 0.000999320133996662 8.78985563758761e-05 7.49575652662315e-05 4.88815790049557e-05 0.00115061306860298 0.00153698900394374 0.00172797292470932 0.00269699948839843 0.00166566284897272 0.0011442517497926 0.00163789830694441 3.31790025938972e-05 7.15662127731775e-05 0.00166956282046158 0.0014222188066924 0.00138685061247088 0.00131473663495854 0.0013030751113547 0.00127491429448128 0.00109679924644297 0.00275616811122745 0.00122271064465167 0.00109455375932157 0.00103037596418289 0.000995688725379296 0.00101615116000175 0.000898048229282722 0.000877948619017843 0.000814994346001185 0.000855343315197388 0.000793027391773649 0.00132983456278453
0.0024172916659154 0.00245504102203995 0.00247412231983617 0.00246197734377347 0.00244314750016201 0.00249563046381809 0.00258737745461985 0.00258523632655852 0.00271958259108942 0.00182510205486324 0.00186523855081759 0.0015142589865718 0.00987413746770471 0.00456223670626059 0.00121563760185381 0.00157053369039204 0.00157684385194443 0.00165023355511948 0.00138124863442499 0.00175650073506404 0.00172878812882118 0.00170766974624712 0.00168976290151477 0.00086810618868185 0.000183766568807187 5.15769640514918e-05 0.00040071255825751 0.00143428256560583 0.0013980725168949 0.00133355275320355 0.00130309071682859 0.00220389363821596 0.00106002662942046 0.00116166738735046 0.00112466667487752 0.00108068893314339 0.00101958606828703 0.00100442988186842 0.000971126279910095 0.00100303358194651 0.000956017037970014 0.000913265246344963 0.00096570304085617 0.000785749992064666 0.000734353267762344
0.00241003335686401 0.00245309566380456 0.00260447880718857 0.00266938502900302 0.00276363388402388 0.00198062753188424 0.00107315141358413 0.00264488159446046 0.00198830885783536 0.000810541521059349 0.00197490378341172 0.003880641766591 0.1206548422575 0.00318938451819122 0.0251098499633372 0.00157356122799683 0.00142901625949889 0.00150713646871736 0.0016856425703736 0.00178044574568048 0.00177443422726355 0.0017945935804164 0.00181049998500384 0.00752120816614479 0.00286575449863449 0.000380165631941054 0.00199329226161353 0.00143085978343152 0.00137925094750244 0.00130671343940776 0.00197509393619839 0.00390317522105761 0.0012330079509411 0.00118330550612882 0.0011523343535373 0.00112405760446563 0.00107485953776632 0.00100428680234472 0.000779631805198733 0.000691006090346491 0.00286401197663508 0.00101853073283564 0.001281822565943 0.000793383381096646 0.000766070875397418
0.00174719943897799 0.00270699096145108 0.00282818504492752 0.00298524015233852 0.00291086536017247 0.002968210040126 0.00286832701531239 0.00276141624490265 0.00266582341282628 0.00301375037524849 0.00258547778357752 0.00223734422761481 0.000469669195445022 0.00181803005398251 0.00236277639633045 0.00241268786776345 0.0017019932216499 0.00170276387070771 0.00173558628302999 0.00183491565694567 0.00184640571824275 0.00185799734317698 0.00186014554928988 0.00126454238197766 0.00168207342503592 0.00166765322501305 0.00155751694692299 0.00145179329556413 0.0014279437600635 0.00134506118192803 0.00105000216062763 0.00106376503681531 0.00118377868202515 0.00120422596810386 0.00120216215727851 0.00170202544832136 0.00163411020912463 0.00123155768815195 0.00076059002240072 0.0013098025781801 0.000787383472925285 0.000988119186513359 0.00107944487972418 0.000903345624101348 0.000940506301412825
0.00257682311930694 0.00277712249662727 0.00279931091936305 0.00297040977166034 0.00301677323295735 0.00310306018218398 0.0033289646031335 0.00363709155935794 0.00354872473108117 0.00073794116397039 0.00314086608705111 0.000225408748156042 0.000305202584786457 0.00203482559300028 0.00202219461498316 0.0019954729184974 0.00189776604820509 0.00188469869899564 0.00186838993104175 0.00190657424100209 0.00192230892716907 0.00193028715439141 0.00194515545445029 0.00193245438567828 0.0018532469519414 0.00175357310508844 0.00162760239909403 0.00153398728289176 0.00154153167677578 0.00157964124664431 0.00131073673110222 0.00130159088294022 0.00126154733588919 0.00123846724454779 0.00116225607853266 0.00201318241597619 0.00130259176658001 0.00119882178260013 0.00122984804329462 0.00111861641344149 0.00114827181096189 0.00111505405802745 0.00109616324916715 0.00103702199266991 0.000886065670056269
0.00243811227264814 0.00274708787328564 0.00290198155562393 0.00314869353314862 0.0032335301686544 0.00333436440560035 0.00362602267123293 0.00404105943161994 0.00424343391787261 0.00470312300603837 0.00328787839971483 0.00111429883982055 0.00139255237736506 0.00215252460329793 0.00223342439276166 0.00214764280826785 0.0021069752110634 0.00206665020668879 0.00142157983063953 0.00203309323987924 0.00201033310149796 0.00200883042416535 0.00200082311639562 0.00199755300418474 0.00195170528313611 0.00189856422657613 0.00178191624290776 0.00170249031216372 0.00350934283924289 0.0015964380960213 0.00145753900578711 0.0013897699478548 0.00133936166530475 0.0013305239554029 0.00115430044825189 0.00144722222466953 0.0013859853730537 0.00132313457725104 0.00127284711052198 0.00118118191603571 0.00112508144520689 0.00114817431604024 0.00102987487916835 0.000958534370874986 0.000938505177327897
0.00273474197019823 0.00590803225641139 0.0030033627001103 0.00331672561587766 0.00343878437997773 0.00366678721038625 0.00375767346704379 0.00414484158391133 0.0043964437674731 0.00447317945654504 0.00252837412408553 6.42208136014233e-05 1.75636339918128e-05 0.00026120016555069 0.00255187195143662 0.00239054473349825 0.00230948257958516 0.00228742477484047 0.00226232993882149 0.00219406792311929 0.00212498408509418 0.00207531253108755 0.00206507170223631 0.00414459459134378 0.001881380409759 0.00201579466229305 0.00192231164546683 0.00182039311039262 0.00181619898066856 0.00186385280685499 0.00160051000711974 0.00152610700170044 0.00152451148605905 0.00151597851072438 0.00152045933064073 0.00548397499369457 0.00157133313477971 0.00151933644665405 0.00139858234033454 0.00133770309912506 0.00119153499836102 0.00113276052579749 0.00111793514224701 0.00108473773580044 0.00172071198467165
0.00307542689843103 0.00322972354479134 0.00321803635451943 0.00334191124420613 0.00346803417196497 0.00338989606534597 0.00385599842993543 0.00405713130021468 0.00420407924102619 0.028697822149843 0.0194930712226778 0.000476874412197503 0.00144400112767471 0.00310658733360469 0.00291958357556723 0.00265425645629875 0.0025913339399267 0.00250835079932585 0.00246284021995962 0.00229267579270527 0.0022483321139589 0.0022292205132544 0.00218164680991322 0.00225819670595229 0.000971382001443999 0.00215407254872844 0.00207623497699387 0.002008066768758 0.00207097116508521 0.00195036807999713 0.00186436804069672 0.00175624315306777 0.00173480210942216 0.001672136792331 0.00268181883729994 0.00757206501439214 0.0015894378098892 0.00149641541647725 0.00145414417784195 0.00138711216568481 0.00130735525162891 0.00120413971308153 0.00123329562775325 0.00121289018134121 0.00119715429245844
0.00334059533779509 0.00339088956825435 0.00345182515447959 0.0034482529212255 0.00349534850683995 0.00367287232074887 0.00377322627464309 0.00397952256025746 0.0118862808216363 0.0117802312015556 0.0385242792544886 0.0037998560408596 0.00375992434564978 0.00340821160352789 0.00304979995125905 0.00283963994006626 0.00272866990999319 0.00574840977787971 0.00266585461213253 0.00250654100673273 0.00248574753641151 0.00244639645097777 0.00240617067902349 0.00242418556590565 0.00159689467400312 0.00240180382970721 0.00233275410137139 0.00384058826602995 0.00170699827576755 0.00215221793623641 0.0108619494363666 0.00204673774424009 0.00177459645783529 0.00266973709804006 0.00812124512158334 0.00177283067023382 0.00167105159489438 0.0015886206907453 0.00150098811718635 0.00150790588522796 0.00145399310567882 0.00159995657595573 0.00273280214169063 0.00184971066337312 0.00196212156442925
0.00380349701736122 0.0475743902847171 0.0110768152051605 0.00513504288101103 0.00279651351738721 0.00368742385180667 0.00379671588307247 0.00378252961672843 0.00385179339209571 0.0404968782328069 0.0204935569083318 0.00377788682235405 0.00368221615208313 0.00343127712258138 0.00326528896694072 0.00308222098974511 0.00301438107271679 0.0138226233888417 0.00293785941903479 0.00279636495397426 0.00278735879692249 0.00276972533320077 0.00261750094941817 0.00260050216165837 0.000986865840968676 0.00261606058338657 0.011008167010732 0.00753517473349348 0.00229972035740502 0.00220754087495152 0.00508640529587865 0.0022320604941342 0.00211141380132176 0.00202701172092929 0.00194082871021237 0.00186455080402084 0.00181043595075607 0.00177288532140665 0.00172826052585151 0.00162702450761572 0.00153953651606571 0.00270192783791572 0.00141592290892731 0.00134801484819036 0.00481060270103626
