Scripts_&_data/Maxent_result_files_2/B_zonatus_2.asc
NCOLS 594 
NROWS 330 
XLLCORNER -15 
YLLCORNER 23 
CELLSIZE 0.166666666666667 
NODATA_value -9999 
[rows 220 to 239 of 330, columns 495 to 539 of 594]
0.0130927714984864 0.00925380284897983 0.0289946216158569 0.0168832188472152 0.010879637952894 0.00151648886094335 0.000670522608561441 0.000503919202310499 0.0677304465323687 0.00607047808589414 0.900123904121574 0.0520809160545468 0.011080045660492 0.835733008384705 0.895256561040878 0.549292314052582 0.375172203779221 0.27947962731123 0.332292628288269 0.083850771933794 0.637477713823319 0.905696469545364 0.738293087482452 0.294117534160614 0.663585841655731 0.0827066205441952 0.25581166446209 0.0713791005313396 0.192638014256954 0.527367755770683 0.810411947965622 0.759477514028549 0.809914076328278 0.591448616981506 0.804040038585663 0.507168370485306 0.19145654514432 0.0800086554139852 0.10671811029315 0.065928765758872 0.100624760240316 0.108976745605469 0.0564413528889418 0.0276082454249263 0.0422171965241432
0.0081933907000348 0.00826645705383271 0.0106054967036471 0.0167252631857991 0.0402335470542312 0.0327168345451355 0.00229498153785244 0.00277274283580482 0.00367781989334617 0.00780568621121347 0.0430518237873912 0.0462696524336934 0.113324069231749 0.731454223394394 0.884278172254562 0.999300050735474 0.892095160484314 0.884671592712402 0.886212956905365 0.926331490278244 0.8197609603405 0.600197231769562 0.225546063482761 0.0891557950526476 0.0546881565824151 0.516931714862585 0.0333578716032207 0.0141429617069662 0.10018305927515 0.305607533454895 0.303527340292931 0.484246620535851 0.308388741314411 0.677775543928146 0.953053665161133 0.743037244677544 0.462501379847527 0.342331840097904 0.0269041649065912 0.0244020479731262 0.0990521587431431 0.0574498601257801 0.0151945031248033 0.0135582678485662 0.00970318671315908
0.000763170285790693 0.00690879656467587 0.0187852906994522 0.0178728567901999 0.00393706087488681 0.0047621134086512 0.0221395138185471 0.00843027754453942 0.00359008148225257 0.00374803123122547 0.0433500058948994 0.105141137912869 0.498924307525158 0.378224554657936 0.309079529345036 0.984769064188004 0.93917418718338 0.814417558908463 0.532647401094437 0.207505521178246 0.0411777161061764 0.0601732548326254 0.0117195493308827 0.00412271209061146 0.00315984287299216 0.000622515003124136 0.00468700194032863 0.000910237048810814 0.00071292088359769 0.0117836884222925 0.0878219459205866 0.196172140538692 0.694171705842018 0.602224951982498 0.436245885491371 0.50772317647934 0.820960628986359 0.636029064655304 0.376407864689827 0.0243872504681349 0.016475622728467 0.00752023267559707 0.00246570107992738 0.00358641588827595 0.00132991578138899
0.00337720721145161 0.00723636532202363 0.00454835633281618 0.00783514105714858 0.00227627653366653 0.00299830402218504 0.0030612377289799 0.00299106041784398 0.00241391389354249 0.00324579890730092 0.00350638575910125 0.0631388697773218 0.13681965097785 0.600515952706337 0.899144971370697 0.947796148061752 0.882789450883865 0.490793064236641 0.0226412385702133 0.0367799183353782 0.0095853861887008 0.0103004217147827 0.0191759685985744 0.0206255782395601 0.0278146915137768 0.00928578779567033 0.00166813492760411 0.000407019933027186 0.0114489944884554 0.29493755325675 0.0903830386698246 0.01663684155792 0.0384010490961373 0.377087309956551 0.829518163204193 0.693800687789917 0.679038685560226 0.374479110538959 0.112063481286168 0.0386165814474225 0.0049959386116825 0.000785552409070078 0.000869006881839596 0.000833652395522222 0.000670131770311855
0.0103891513776034 0.00400978971738368 0.00277453034359496 0.00339827928110026 0.00277258549322141 0.00220353646654985 0.0150311149191111 0.00141672131576343 0.00230714343852014 0.023207426071167 0.00327791285671992 0.14363424256444 0.378189486265183 0.645321255922317 0.72007240653038 0.360763621330261 0.0265914984047413 0.00526209982344881 0.00777750114211813 0.00842571039684117 0.00335478917841101 0.0249754639204184 0.000448837398835167 0.0123364303726703 0.0100772327277809 0.000303312574305892 0.000999731075717136 0.000389413068023714 0.0406524455174804 0.0137452020775527 0.261354275047779 0.678518235683441 0.591048347949982 0.361157336831093 0.668747726082802 0.683524632453918 0.92197630405426 0.799674838781357 0.350267876684666 0.150215906649828 0.0246551730670035 0.00174059522396419 0.000148383656596707 0.000778521699248813 0.000890711831743829
0.0012853201595135 0.0172031568363309 0.00329460373759503 0.00262720641039778 0.00318606718647061 0.00220695245807292 0.0128765348345041 0.0435435749590397 0.015657176123932 0.0229622553102672 0.0119533040560782 0.0316145244985819 0.0525462001562119 0.0355900358408689 0.0192194024566561 0.00273013829137199 0.00286194427171722 0.01173795403447 0.0189792759716511 0.000988391884311568 0.00212052581482567 0.00498207625932992 0.00573762289714068 0.00330919785192236 0.0210423165466636 0.67975177038461 0.038512578420341 0.0360596641898155 0.0954525768756866 0.153528748452663 0.228847037255764 0.796955716609955 0.756841224431992 0.644576227664947 0.762300306558609 0.786477941274643 0.676161116361618 0.270024998486042 0.0711752392351627 0.264125722646713 0.105445171892643 0.0120516460388899 0.000671796975075267 0.000305648194989772 0.000378949317746446
0.00188478383352049 0.0158306126482785 0.00308896742062643 0.00278587478242116 0.00321396740328055 0.0024894048445276 0.00226209877801011 0.0127320356899872 0.0269819639623165 0.0258844944648445 0.0818275280296803 0.271184679865837 0.158987010270357 0.117799032642506 0.0202931963838637 0.0369176588952541 0.0359833680093288 0.151870362460613 0.019593789242208 0.0266953975893557 0.0149392980150878 0.0371504239737988 0.0294216132722795 0.0161730089224875 0.0703298769891262 0.075706809014082 0.192779758572578 0.326355171203613 0.409181061387062 0.970213270187378 0.999856477975845 0.992780554294586 0.826362413167953 0.822568023204803 0.554713013768196 0.850629341602325 0.719944056868553 0.0859308499842882 0.0048792741028592 0.0309456823393702 0.047876638546586 0.0316189477220178 0.00273827311466448 0.000161308034148533 0.000127147842977138
0.111527723073959 0.0941316962242126 0.0246272008866072 0.0334984009154141 0.0796619642525911 0.0873796410858631 0.0533834543079138 0.0425448268651962 0.0488645164296031 0.0376380104571581 0.0842547208070755 0.204065272212028 0.168322870135307 0.0714464858174324 0.0919508710503578 0.239010244607925 0.427282592654228 0.0813132766634226 0.374815917015076 0.263404504954815 0.0776437506079674 0.215929354727268 0.728063291311264 0.847263783216476 0.680182522535324 0.426489982008934 0.776563608646393 0.78505711555481 0.709239649772644 0.579682728648186 0.503390911221504 0.18830129802227 0.758023929595947 0.202048641443253 0.182150907069445 0.33377473950386 0.483906921744347 0.0122672260506079 0.000691838555212598 0.000678781564784003 0.000428002415719675 0.000383903818146791 0.00059699035336962 0.000223257379184361 2.859635205823e-05
0.027023843023926 0.306003600358963 0.378313100337982 0.109458366781473 0.0424910370260477 0.170973832905292 0.0813910756260157 0.113014702498913 0.475502976775169 0.566369816660881 0.202205367386341 0.23436698615551 0.496567404270172 0.601307183504105 0.510950547456741 0.867982596158981 0.833598881959915 0.538544479012489 0.926161301136017 0.899876284599304 0.797395497560501 0.970408040285111 0.998427748680115 0.910363781452179 0.603367292881012 0.137939900159836 0.109679405391216 0.402361908555031 0.0675002770498395 0.00316446605138481 0.00333577687270008 0.043325493298471 0.0987168524414301 0.0201765931211412 0.0114929301897064 0.264582480490208 0.00347628213930875 0.00112918617523974 0.00104169004771393 0.0034683569916524 0.00327974961837754 0.00394816655898467 0.00110969764646143 0.000343897455604747 0.00128016484668478
0.388023029267788 0.749508816003799 0.38319236934185 0.583197629451752 0.51934622824192 0.441088366508484 0.659606149792671 0.808416801691055 0.553334698081017 0.623400232195854 0.698567169904709 0.915511041879654 0.81827180981636 0.388008315861225 0.385272271931171 0.732596576213837 0.328468318283558 0.829856634140015 0.565787309408188 0.614507505297661 0.848059213161468 0.740236347913742 0.053391787968576 0.00390345276391599 0.00613380167633295 0.000686157082964201 0.00699143355013803 0.0300094378180802 0.0111684602219611 0.00312235570454504 0.00232817967771552 0.00916508899535984 0.0165880012325943 0.0161404164042324 0.0274798506870866 0.0022681787610054 0.000842042494332418 0.00218398857978173 0.00243027799297124 0.00334735087817535 0.00244123544543982 0.00318376772338524 0.00521662682294846 0.00759249164257199 0.00562739224405959
0.948951762914658 0.96993967294693 0.806373733282089 0.768876934051514 0.637262392044067 0.277881708741188 0.126903618127108 0.115824057534337 0.202855715155601 0.187126572430134 0.136651101335883 0.0853981494903564 0.0378941351547837 0.00494247470633127 0.0178617254830897 0.000978592217870755 0.00123815116239712 9.82645427029638e-05 6.68281803427817e-05 0.000642212863021996 0.0810285780578852 0.0409640590660274 0.0022253070899751 8.90694355803134e-05 0.000249942321534036 0.00620045638643205 0.105097573250532 0.0250484683550894 0.0339626445434988 0.00976712424308062 0.00603521245066077 0.0060539523139596 0.00124686412746087 0.000902440675417893 0.000943064986495301 0.000422445152071305 0.000229070489513106 0.000151741033005237 6.08221902439254e-05 9.11258201085729e-05 0.000375575212819967 0.00120213323098142 0.000898266254807822 0.00168969123042189 0.00321990989032201
0.771173584461212 0.698394012451172 0.574149724841118 0.735217839479446 0.809456074237824 0.785149908065796 0.286482304334641 0.27272976115346 0.249281334877014 0.11022567525506 0.12026931270957 0.152226524055004 0.119256110861897 0.115720066428185 0.0434781402349472 0.00901710488833487 0.00346424315357581 0.00214834776706994 0.00152269657410216 0.00315736616030335 0.000668502078042366 0.000548738543875515 0.049668419919908 0.0136881933547556 0.0775280982255936 0.195575140416622 0.0417569279670715 0.00211751731112599 0.0121231850469485 0.000352262547676219 0.000199110187168117 8.73455761620789e-06 2.39590558859248e-07 2.12193262294491e-07 3.51178700157106e-05 6.08497595635526e-06 1.52966162598744e-06 1.16380916665548e-05 2.3041655799716e-05 9.40599584282609e-05 0.000135180868346652 9.83753673153842e-06 8.1652453627612e-05 0.000807532668113708 0.0022834307863377
0.734923976659775 0.826728409528732 0.466864383220673 0.731402194499969 0.0659271646291018 0.399081364274025 0.406277799606323 0.378256234526634 0.102840509265661 0.194415926933289 0.135721710324287 0.0399719504639506 0.00232636053115129 0.00791284134611487 0.0595242559909821 0.299999411404133 0.506455519795418 0.0585908655077219 0.069441906735301 0.609783554077148 0.206023596227169 0.0459823433309794 0.390351320803165 0.19058846719563 0.463812556862831 0.000972180138342082 1.07289577186975e-05 8.72057934429904e-05 0.000372981150576379 8.55641875205038e-05 1.02787240223279e-05 2.24345270827264e-07 9.03519044026524e-09 5.78355838443123e-08 1.2823734198264e-05 7.38597508416206e-06 8.93949530134108e-07 2.61377096038018e-06 1.10967353293745e-05 1.23243613188606e-05 1.24954920792675e-06 4.18995343736128e-06 4.28404646299896e-06 1.89582827943013e-05 0.000134335666371044
0.21376725435257 0.109478169679642 0.13568519204855 0.100771177560091 0.09017199203372 0.390776082873344 0.155467753857374 0.409449434280395 0.213078013062477 0.0220137343741953 0.193279188871384 0.251668913662434 0.0117982217110693 0.0241386277601123 0.0351380299776793 0.280548839271069 0.313546527922153 0.338770934939384 0.261124134063721 0.239624560251832 0.114874942600727 0.122562801837921 0.11328419521451 0.00134560897422489 0.00601570365251973 0.00091288952389732 7.76289038640243e-05 2.75766899848762e-07 2.65514439661274e-05 2.57724966559181e-05 6.11054566093117e-06 6.38241301254006e-08 6.52035183068556e-08 8.46451794345171e-07 9.70664426631629e-06 0.000195187658755458 4.76035364954441e-05 3.65608091512648e-07 6.32541705840595e-06 5.90834509495153e-06 5.20104901397644e-05 0.000283636902895523 5.57404873688938e-06 4.98370267099091e-07 1.78983776095265e-05
0.187434960901737 0.553450053930283 0.426110109686851 0.211576151847839 0.0568461135029793 0.0923672880977392 0.0560373764485121 0.570447903871536 0.461404228210449 0.243047063052654 0.60489005446434 0.50326144695282 0.561853924393654 0.551925754547119 0.60808964073658 0.119895712286234 0.284310162067413 0.590483850240707 0.0878408771008253 0.0852732229977846 0.208050836622715 0.099421164020896 0.00163091320719104 0.000363675041080569 0.000837334497191478 7.95757424398857e-07 7.35719427713555e-08 2.22916503034298e-09 2.88116735767119e-06 4.36198614672811e-08 6.78487573790854e-08 9.84265313874744e-07 1.30415530730232e-07 1.89861820452109e-06 6.53243568194739e-05 0.00010423253661429 9.45786687225336e-06 7.86311726885813e-07 2.52900737329753e-07 4.35226248924891e-06 5.1610147829706e-05 4.86494850520103e-05 8.30692186355009e-05 3.88149373748092e-05 1.46835654447841e-05
0.288008393347263 0.66984196305275 0.738450706005096 0.586382806301117 0.729664015769959 0.69652481675148 0.666552156209946 0.409606495499611 0.61051744222641 0.637144029140472 0.557557272911072 0.691540628671646 0.562545418739319 0.559646758437157 0.650295767188072 0.670460015535355 0.660281199216843 0.622486311197281 0.746105116605759 0.497662752866745 0.104637786746025 0.0046483205165714 0.130316412448883 0.000108243484373816 9.26911458009272e-05 2.50806435815321e-05 9.72508593690691e-06 1.05264579303821e-05 6.2995245020403e-09 1.39031642865106e-09 6.30267891321701e-08 7.00373933160137e-07 1.49338216726136e-06 2.62675036765359e-05 1.08870393319194e-05 4.90860764728041e-06 2.24143313047875e-06 1.18001742350771e-06 1.57940677070201e-06 1.19455402121105e-06 2.13227042991093e-06 4.15087168903483e-06 8.15474804767291e-06 2.43501418708547e-05 0.000225843274529325
0.634923607110977 0.414459070563316 0.359826421737671 0.162114895135164 0.636482855677605 0.493676543235779 0.253279157727957 0.904396771639586 0.664316523075104 0.695195722579956 0.263432836532593 0.450060895085335 0.518852749466896 0.547955933213234 0.459861169755459 0.489571094512939 0.576515826582909 0.460402205586433 0.220154495537281 0.274120955169201 0.0853520458564162 0.013950740499422 0.000499520981975365 1.89200915485799e-05 1.34314770036781e-05 0.00820333831943571 0.00202153224963695 1.52184977423531e-05 8.75424468471664e-09 6.80985379197807e-11 1.45593273181976e-07 1.83819964604481e-05 1.20983493616222e-05 4.1763248236748e-05 9.41959950573335e-07 3.52071005815802e-07 3.02814037169696e-06 1.26271437999037e-06 2.0559757409444e-06 3.97578284889732e-06 3.10686212060318e-05 3.15142799536261e-05 9.9066196298736e-06 1.08296232383509e-05 6.29607985501934e-05
0.66242368221283 0.0549391945824027 0.0452894776593894 0.0319150217808783 0.00831011987756938 0.0533056762069464 0.0574319772422314 0.348637579381466 0.102676352113485 0.104422894120216 0.473642483353615 0.186698058247566 0.296382500231266 0.178570376336575 0.301972433924675 0.350841301679611 0.707893788814545 0.297986847162247 0.281511680781841 0.764078539609909 0.252584099769592 0.307255444675684 0.0104859239188954 0.00387539331568405 0.0222203080542386 0.000526188092771918 0.000237635883968323 4.8684392368159e-05 2.78642431417175e-07 6.2581449043364e-06 9.51378235185985e-05 1.54185509700255e-05 3.86573669572954e-06 5.61749012035762e-06 1.22093557273217e-06 1.10995868229935e-07 3.78615088669765e-07 1.2523461569991e-06 1.76745063299677e-05 1.23772621122953e-05 4.71314334845374e-05 2.24373987862236e-05 4.59024819861042e-06 6.94460749173231e-06 1.56447042513719e-05
0.0440520783886313 0.0194410463795066 0.00944169806316495 0.00325251765316352 0.00373896665405482 0.00954602011479437 0.107082705944777 0.0470406273379922 0.0584374824538827 0.0100378354545683 0.149588006734848 0.108072810992599 0.0890246842056513 0.090209636464715 0.147718448191881 0.297341813147068 0.417201197147369 0.323577511310577 0.578467175364494 0.0691518787294626 0.0967070676386356 0.00126943010400282 0.0678197897970676 0.0605837428942323 0.015514389751479 0.000117889360080881 3.41582359396853e-05 2.89093106857763e-05 0.000765369588043541 0.000161994215523009 0.000217821904880111 0.000124045412121632 3.90848071674554e-05 1.93055999204716e-06 6.12401968567156e-06 5.8377736024795e-06 2.79585323994525e-06 1.14582182106915e-06 4.99718020989803e-06 2.12076896332292e-05 1.29775983509717e-05 4.07146176257811e-06 9.42077255103868e-06 8.78899681708845e-06 9.02723179478926e-06
0.000553936753567541 0.000948258902644739 0.000245129691393231 0.00299715583678335 0.00416470235213637 0.000882534502306953 0.0012667414281168 0.000241830309096258 0.00433579017990269 0.00291210961295292 0.00689914624672383 0.0612111892551184 0.0446259573101997 0.0703770946711302 0.0715982757508755 0.476420411467552 0.389895486831665 0.710550785064697 0.314248450100422 0.00266626728116535 0.00441451168153435 0.00100094781664666 0.0709659265354276 0.0207322609610856 0.000533237947820453 0.00050877523899544 0.00204895069473423 0.000944166441331617 0.000246287207846763 2.82171287295796e-06 2.02090375793773e-06 1.22497338423955e-06 1.32017635401382e-06 4.44915344299801e-07 3.35743246253628e-06 1.62774049954351e-06 5.21587137143342e-06 1.11389011408392e-05 2.02796963321816e-05 1.03855057091096e-05 1.99990214923673e-05 1.74982172438831e-05 1.03955190525085e-05 4.1925650876351e-06 4.96854727032314e-06
