Scripts_&_data/Maxent_result_files_2/B_zonatus_2.asc
NCOLS 594 
NROWS 330 
XLLCORNER -15 
YLLCORNER 23 
CELLSIZE 0.166666666666667 
NODATA_value -9999 
[rows 240 to 259 of 330, columns 495 to 539 of 594]
0.000468274552258663 0.00162653978914022 6.76013520006791e-06 0.012436324567534 0.00017052492376024 0.00824956647120416 0.000266358043154469 0.00765488496981561 0.000558021932374686 0.000323183950604289 0.000190484147424286 0.00534877644386142 0.0132641054224223 0.0191431120969355 0.091516775265336 0.416129264235497 0.279691816866398 0.209357210993767 0.220606066286564 0.109350688010454 0.00701635375153273 0.0523231782019138 0.311482042074203 0.0214503799565136 0.047854889370501 0.0016688535513822 0.000746472142054699 8.31890760082388e-06 6.22516205961432e-07 1.34236181958958e-07 5.49825997930853e-07 1.36755478727935e-06 1.32860697661386e-06 5.5633299700375e-07 1.14485152717947e-06 2.33737431898362e-06 1.18466197065459e-06 1.80726541998411e-06 3.94660233951072e-06 6.18864489183579e-06 1.07984326405131e-05 6.28396132924536e-06 1.07851192751696e-05 4.20460887653462e-06 3.19989652908248e-06
0.000799049468696467 7.15442608907324e-06 1.36161607343865e-05 0.000108068019289931 1.64631885155586e-05 8.7933540044105e-05 2.83103109154581e-05 0.000674384017474949 3.20552824859988e-05 1.25593294555415e-05 1.03752249003719e-05 0.000347615668579238 0.00479925592662767 0.0222821259871125 0.136112045496702 0.421697387099266 0.19705345928669 0.339864528179169 0.135630884021521 0.0396462984383106 0.0615585371851921 0.153220068663359 0.00394951630732976 0.000680955139978323 0.00796348126605153 0.000131343364228087 0.000230166987603297 7.72076664361521e-05 6.74955951581069e-05 7.13144413566624e-05 4.73847899684188e-05 8.903261721116e-06 3.74376117179054e-05 1.20625778890826e-05 1.2637602264931e-05 1.94102415207453e-05 1.32575050088235e-05 6.32826837545508e-06 2.24160230857251e-06 1.84198032044947e-06 2.75059246490628e-06 4.10854761980772e-06 5.17544384024404e-06 2.38482526128792e-05 1.50071003730545e-06
6.71682858239819e-06 5.94171267742638e-07 1.28232948277685e-06 1.40640542944936e-06 1.64891593961158e-06 1.03918920046908e-06 0.00101384997396963 9.18462124559483e-06 1.36723223427282e-06 2.69962363688592e-05 2.44803581438191e-05 0.00271738711744547 0.00624035117216408 0.00359008434752468 0.0167584896553308 0.104950147494674 0.118090304732323 0.347659647464752 0.296107949316502 0.113391286879778 0.125904221087694 0.0741807501763105 0.000561626889975742 0.0032375521492213 0.00794899195898324 0.00273681541439146 4.68641677798587e-05 9.96065510605604e-07 8.12400931238244e-07 7.74467467579143e-06 1.91779449323803e-05 1.86582244978695e-06 4.19440731548093e-05 1.21549780601526e-05 1.78007154772786e-05 2.11136829300074e-06 2.82720313933282e-06 6.0104283079454e-06 4.6138569643972e-06 2.19430590817637e-06 2.21724932458756e-06 2.21248289875575e-06 1.28869585225289e-06 1.74708475469743e-05 4.03291118544757e-06
7.94435982953701e-07 2.29802458884265e-07 8.54077492107308e-07 1.41924350387512e-06 4.33066371670066e-06 6.42198425566676e-06 2.0465136230996e-05 7.20127530371428e-06 2.83394100790702e-06 7.50244719711191e-05 0.000477671912813093 0.00724994176998734 0.008609659364447 0.0100477374857292 0.163429644703865 0.183842058479786 0.325548779964447 0.286570690572262 0.270477144420147 0.179358664155006 0.0871762327849865 0.0640395008027554 0.0122881145682186 0.0264075349085033 0.0130114650353789 0.000698164058849215 1.09170347940335e-05 1.78673271193475e-05 6.29207078418403e-05 2.53918334919945e-05 7.28295677276947e-06 2.92695026402612e-06 9.21634505175462e-06 9.60350761260997e-06 4.06497385483817e-05 1.49164017557268e-05 1.35877380444072e-05 8.62550782585458e-06 5.11078953593369e-06 4.18480738630933e-06 3.14168140462812e-06 1.06564657357922e-05 1.19733085284679e-05 1.54987536689077e-05 4.34264856892241e-06
1.73888731751504e-05 4.869072688507e-06 1.91462259664377e-06 8.97644711699286e-06 7.03220455022802e-07 2.08214169106213e-06 1.45642343056807e-06 1.35273482669618e-05 0.00124403814988909 0.00448678550310433 3.94805142605037e-05 0.000500096929317806 0.00295373773551546 0.0354408126324415 0.174187464267015 0.161567745357752 0.146315403282642 0.110121287405491 0.248449297249317 0.243581822514534 0.0667673747986555 0.0500615946948528 0.00779731643851846 0.0121724526397884 0.00314274993725121 0.00142655310919508 0.000415708069340326 0.000230422765889671 0.000103176258744497 2.22784484321892e-05 2.54651640787529e-06 1.34211832460096e-05 6.7907980428572e-05 2.48807615889746e-05 2.18587447271545e-06 3.59906295155366e-07 7.48404727524132e-07 8.23580066988683e-07 6.39802418955782e-07 5.56652051102446e-06 1.8902734132098e-05 3.21462603238842e-06 9.51078831912255e-08 5.26745520579297e-07 3.07424890055863e-07
2.39207317642709e-07 5.7866689608943e-07 2.62781721449556e-07 3.57419141217008e-07 2.4336003548342e-06 4.1362694446434e-06 1.27719368734347e-06 2.00486106223252e-06 1.29139413012069e-06 0.000110346088877122 0.000788558069325518 0.0049401736818254 0.00777203477919102 0.0552852887660265 0.115473164618015 0.0399556504562497 0.0755539942532778 0.143656250089407 0.120406030863523 0.246400827169418 0.332977403700352 0.214357078075409 0.0354596000164747 0.0062038040952757 0.00066087540180888 1.82776151973485e-05 9.2355779997888e-05 5.42037497410774e-06 8.8466949478061e-06 4.24409047809604e-05 0.00014726454483025 6.66388218633074e-05 6.67859982002028e-06 6.12992733106665e-07 2.90444633699316e-07 4.61228632531174e-06 1.82428844226479e-06 7.23510919158343e-06 1.72231561919034e-05 6.38513607782443e-06 5.50123592324425e-07 1.4509969860077e-07 1.65943292440573e-07 8.63397946737621e-07 2.34138273071949e-06
3.0200972327421e-07 2.15476927234448e-07 3.21123385038646e-07 7.12877495629982e-06 3.6946294930118e-07 2.80987843837011e-06 8.29201607075447e-06 2.20394875896091e-06 4.66306763939883e-06 1.19852797183739e-05 0.000168510563344171 0.00414533738512546 0.013727909559384 0.0101879975525662 0.0309516214765608 0.0206426241435111 0.0960477389395237 0.199673970043659 0.226132747530937 0.384647953510284 0.168115082383156 0.0863269655033946 0.00982767937239259 0.00107866729376838 0.00144494822015986 2.22935514031519e-06 1.22557142276492e-05 0.000596146832685918 0.00106559451087378 9.1036251069454e-05 1.20937667063004e-06 1.29788985077539e-05 2.34784472695537e-05 4.27738071266504e-05 5.74833706394884e-06 0.00011548506518011 7.58666874389746e-06 2.37344919398197e-06 1.19615236684467e-06 5.79328805261348e-08 6.63799062716741e-08 3.55540440732938e-07 3.24448551580758e-07 1.92128460891894e-06 5.0259261112906e-07
7.07535322419517e-07 8.52859859179489e-07 3.7539844468526e-07 2.29831744658071e-07 2.26169524442099e-07 2.45981106559157e-06 2.41838333749911e-06 8.79516195482211e-06 0.000711941909685265 0.000260345682909247 0.0040480462834239 0.00858296046499163 0.0568502508103848 0.0390043614432216 0.0994724549353123 0.0734207782894373 0.208402936905622 0.254523292183876 0.103885101526976 0.200987367331982 0.261524860560894 0.181762121617794 0.000351729067915585 0.000579674626351334 0.00274284589104354 0.000297290008893469 0.00140829405281693 0.000141784449442639 4.69769369426665e-07 1.94602199199423e-07 6.05880229329614e-06 2.71218503712589e-05 8.80989387951558e-05 7.68604213021717e-06 3.48423194225234e-06 1.24866303451654e-05 2.22591030087926e-06 9.4531672278908e-08 7.25519910771411e-07 2.43147204983529e-06 7.71072617045121e-07 2.39556152017428e-06 7.14712555520691e-06 6.25733715423848e-05 6.20264013377891e-05
0.000123219533634256 2.44231083996738e-06 1.64961390822782e-06 5.84306539419543e-07 2.50288235159601e-07 1.52929994312601e-07 1.24218428698697e-06 4.25623874775738e-06 0.000288055770397477 0.00402178425574675 0.0151180332526565 0.0177834157366306 0.0454620940610766 0.087019458040595 0.104311010986567 0.184321340918541 0.188496535271406 0.138594363629818 0.0262439619749784 0.0554146124050021 0.0868049861863256 0.00964092290960252 0.00258825967903249 0.0028091344400309 0.000160099812273984 0.000110225117532536 8.27618243448569e-07 4.00882056994512e-08 5.89258908121337e-06 0.000986762650427409 0.000292248581536114 0.000142051069815352 0.000135618901003909 1.86316681265453e-05 9.28012067561213e-05 0.00025573132224963 1.87047090889791e-05 0.000242575041193049 0.000472431112575578 0.000123543830886774 6.26521131774638e-07 9.90601184414075e-09 8.56720344444284e-08 9.1121166224184e-05 7.32636790417018e-05
3.19471273996896e-05 4.48872879132978e-06 2.19486985031381e-06 2.54494562341279e-05 0.000271364571926824 3.23219731868107e-06 1.16524082365288e-06 4.2408881256506e-06 0.000377926825603936 0.0112205526791513 0.0192029848694801 0.0421419294551015 0.169692236185074 0.129323537647724 0.186775106191635 0.0835677430033684 0.0493995638564229 0.00823987182229757 0.000582353590652929 0.0550215044990182 0.00204908644664101 0.00020836781077378 0.000503356728586368 0.000291538045712514 1.30729384068218e-05 1.45556368935651e-07 3.43400616831246e-08 0.000121613262672327 0.00170201571309008 0.00301203051349148 0.00173100004321896 0.00038816051746835 1.38608720192224e-05 4.0071990179058e-05 0.000771768466802314 0.00309009321499616 7.96583841292886e-05 0.00156718858634122 0.00325410596560687 7.36435347334918e-06 0.00147381854476407 6.73020010424352e-06 5.62112131348158e-06 5.7171347080498e-06 0.00084492264140863
0.00143768432990328 1.54986806876423e-05 1.94314626014602e-05 0.000279519515970605 0.000942073411351885 0.000425549170176964 2.83429254523071e-05 0.000479210984849487 0.0023708543041721 0.0158893613610417 0.0462755495682359 0.140946553647518 0.171868993341923 0.0165515861473978 0.176706325262785 0.14116177931428 0.00257771710166708 3.04598709810477e-06 0.000541342960787006 0.00354944596765563 4.34108078657403e-06 1.90368221865356e-05 1.90965693832368e-05 7.38431231184222e-06 0.000204199308063835 2.5374130336786e-05 3.62696776861071e-06 0.00910394811071455 0.0183745191432536 0.00721377863083035 0.00111113700259011 0.000156792292182217 0.000281854206696153 0.000231001236534212 0.00168354345369153 0.016138448799029 0.0174103932920843 0.0538033260963857 0.00117287863395177 0.00011483452108223 0.0202635534107685 0.0227681620046496 0.0096250967355445 0.00681950552389026 0.000194081944573554
0.0263674773275852 0.0148327149567194 0.0195825717586558 0.00638545388937928 0.0455811472609639 0.0369801742956042 4.18498464796357e-05 0.00145595016656443 0.00633747649844736 0.00983411078341305 0.0932559002190828 0.189137423783541 0.100170719251037 0.120923891291022 0.0198105632327497 0.0241459459066391 0.0117848436813802 5.79952775638048e-05 6.78330445225583e-05 0.00134362973622046 0.000154623144771904 2.11862272863073e-05 4.23712353949668e-05 0.000183220868348144 0.00176959821837954 0.00820022309198976 0.00584349674172699 0.0280222550965846 3.74460692455614e-05 0.000854601661558263 0.000302479459060123 0.000293654759298079 0.000460459917667322 0.000737136829411611 0.000797189149307087 0.000771142207668163 0.000611388464312768 0.0133253986481577 0.0814063541591167 0.0565181747078896 0.0443808322772384 0.00186880423570983 6.66648228161648e-05 7.91075025174948e-07 3.84090429306205e-07
0.139354381710291 0.0266874273307621 0.095252937823534 0.0640133682638407 0.168132189661264 0.0571742311120033 0.000884744166978635 0.00211933794780634 0.0150569709017873 0.0889781340956688 0.164195080846548 0.121184984222054 0.167885118722916 0.0622987918555737 0.00231735613488127 0.00224380496074446 3.18563631793722e-05 0.000172625976847485 0.000420215219492093 4.11945582527551e-05 0.000409792952996213 1.08288718898564e-06 0.000563988338399213 0.000591608305694535 0.00229605322820134 0.148392619937658 0.04908776730299 0.00205936615238898 2.87776630557346e-05 3.34204998353016e-05 1.56562815675443e-05 3.90894652127827e-05 4.7779343685761e-05 8.61353187247005e-05 0.00032659818243701 0.00153741240501404 0.00248770518810488 0.00139057756750844 0.0016454853117466 0.0152762774843723 0.0696874432265759 0.0135406979359686 0.0660579139366746 0.0615889374166727 9.59501448560829e-07
0.112887008488178 0.0346467528957874 0.0246329545043409 0.113477853685617 0.0551552122458816 0.0886015567928553 0.00849487890955061 0.0065905517200008 0.0577360346913338 0.141058214008808 0.1699348770082 0.144339756667614 0.00701353498734534 0.000478254925565125 8.3531560630945e-05 0.00016661420413584 5.02595327134259e-05 2.82064484906641e-05 6.81119637562233e-06 0.000139383880195965 1.26712767993808e-05 2.64409027067813e-05 0.00174455724772997 0.00615173648111522 0.015725770406425 0.120992314815521 0.0530065024271607 0.00639306528028101 4.30874453059005e-05 0.000149583635175077 0.000593474920606241 0.000519839099433739 0.00245933646801859 0.000906292081344873 0.00346603674115613 0.123737831786275 0.127208841964602 0.195299508422613 0.436717048287392 0.00573527313536033 0.00390851383563131 0.164517088979483 0.0165180704090744 0.162015944346786 0.00199135505245067
0.0675141409039497 0.118524041771889 0.0292804364115 0.00920328407082707 0.111798211187124 0.0562767297029495 0.0150655302219093 0.0141735715325922 0.0550810620188713 0.114623877778649 0.126925943419337 0.115374970063567 0.0409862839616835 0.00200035340094473 0.00324495086679235 0.000256650987830653 0.000101556434583472 0.000178836749910261 5.71995489281107e-05 2.7905778986792e-05 0.000190492625824845 0.000732361201517051 0.0706713892519474 0.0303449476137757 0.0566746855154634 0.400520107150078 0.363209761679173 0.0147225854918361 0.0428177444264293 0.0335329694673419 0.060897115804255 0.0164017675444484 0.0948271129280329 0.0404982604086399 0.166939988359809 0.30950049161911 0.0967614766210318 0.0199808835051954 0.0245272289961576 0.261934474110603 0.242580744624138 0.030922210495919 0.100114786997437 0.0472584697417915 0.00495986633468419
0.0135145456064492 0.0116013922728598 0.0190382259897888 0.175756905972958 0.0172825017012656 0.181160970032215 0.0963194381445646 0.0549660120159388 0.0474313450977206 0.00761281052837148 0.00155259910825407 0.0063751648820471 0.00993864112533629 0.0106297225225717 0.000607840016891714 0.000720357369573321 0.00145169556781184 0.00054176704652491 0.00086779678822495 0.00309476497641299 0.0145087197422981 0.00540304805326741 0.08975580483675 0.0667829587589949 0.407214642688632 0.498326106369495 0.489300239086151 0.0723547141999006 0.146003250032663 0.129219309985638 0.234924972057343 0.00141392743971664 0.566008687019348 0.485075050592423 0.053450086992234 0.30464996099472 0.398420917987823 0.231174745410681 0.00827503458131105 0.00402293767547235 0.0135385204572231 0.103927291929722 0.123583248630166 0.0296130482107401 0.0144969739485532
0.00501049514859915 0.00548044322058558 0.0057076450320892 0.0235796386376023 0.118134029209614 0.0143919171299785 0.00791069372789934 0.0015476761283935 0.000774262322374852 0.00785448679234832 0.00759068753104657 0.0392666716128588 0.0147483744425699 0.00601469205575995 0.00219603750447277 0.0121100787306204 0.0508410701528192 0.0471859576180577 0.00885071929078549 0.0510121986269951 0.150106757134199 0.210492418706417 0.36230615824461 0.195641223527491 0.286174044013023 0.855597698688507 0.518676701560617 0.602029544115066 0.467465540766716 0.456406009197235 0.0949795396067202 0.00942220136057586 0.372861370444298 0.68360453248024 0.0470289436168969 0.400076693296432 0.0654021542519331 0.0460788637399673 0.149722798913717 0.672858822345734 0.568437448143959 0.00892061779741198 2.48164364489156e-06 0.00924234036356211 0.017591213202104
0.0157111816108227 0.0214621930848807 0.0689489506185055 0.0784040465950966 0.00316128770937212 0.00813449039123952 0.00364480472053401 0.00848133217077702 0.0161293467972428 0.10550273694098 0.0158220171928406 0.0495164696127176 0.138844626396894 0.0496780931949615 0.0627415545284748 0.1121462225914 0.40186764895916 0.128043267503381 0.452376329898834 0.501311895251274 0.066538804396987 0.483760890364647 0.263677131198347 0.143698295205832 0.326560120284557 0.0764104318805039 0.00244378155239247 0.0424810967873782 0.0988386335433461 0.143441625544801 0.111444932944141 0.566616448760033 0.00404699897044338 0.149170086253434 0.300602369010448 0.0305308384820819 0.00318621521582827 0.015464049950242 0.0133215886540711 0.0124119162559509 0.00233107862295583 8.23801245132927e-05 0.000234028345585102 0.0417426822707057 0.00208956529968418
0.00452031298773363 0.00546290252823383 0.0150102479849011 0.0218319930601865 0.0340665031224489 0.0712985426187515 0.136875656247139 0.057060594111681 0.0286186317913234 0.0896082781255245 0.00056036520327325 0.00361564974300563 0.00753807841101661 0.135442082583904 0.028776270058006 0.0131365447246935 0.107224676758051 0.00183522590377834 0.491745671629906 0.0314875861629844 0.236006486788392 0.00282347564643715 0.00130199085069762 0.000852698960085263 0.0100652747438289 0.00080388576752739 0.000145483184593331 0.00687067226972431 0.0170204345602542 0.00632478513143724 0.0291466051072348 0.000859453442535596 0.00574507256696961 0.425397832691669 0.312864696979523 0.0491812527179718 0.0742183655500412 0.144544504582882 0.0141363773494959 0.0232546581886709 0.102467247098684 0.132120048254728 0.0033933240454644 0.00198962652939372 0.00597140555037186
0.00165211316780187 0.00604830661322922 0.0113114782609046 0.0200428008101881 0.00440428731963038 0.00905331396497786 0.00964902702253312 0.00226952293305658 0.0100820187479258 0.0123757293447852 0.000674894911935553 0.0237265767063946 0.00180081129947212 0.00807884242385626 0.0407788143958896 0.00039757029953762 5.35449827111734e-05 0.00295457669417374 0.162952823191881 0.0362772058695555 0.000494577506105998 1.83299062683773e-05 0.000990865387575468 0.000844798835169058 1.7703985654427e-05 8.92267729324381e-07 1.46687718865612e-05 0.00211730815317424 4.82029988259081e-06 0.00071962689562497 0.00160203279156121 0.0172601892496459 0.011679183668457 0.0274456975283101 0.0737482581287622 0.294165264070034 0.278467001020908 0.0192819173447788 0.129614888876677 0.155229538679123 0.0261247927322984 0.0440350187011063 0.236753337085247 0.223788538575172 0.152591761946678
