Scripts_&_data/Maxent_result_files_2/B_zonatus_3.asc
NCOLS 594 
NROWS 330 
XLLCORNER -15 
YLLCORNER 23 
CELLSIZE 0.166666666666667 
NODATA_value -9999 
[rows 300 to 319 of 330, columns 450 to 494 of 594]
2.8224414151623e-06 3.34985021144263e-07 3.32458197505048e-06 2.60211486278195e-06 1.5521380927197e-07 9.71341639122158e-08 1.15175221715447e-07 1.1817474732112e-07 1.05971579955622e-07 9.0634211424856e-08 1.38905178026505e-07 1.41200528069874e-07 1.99457742056097e-07 4.3210957691997e-07 1.29243248214728e-08 1.82319312980184e-09 1.22637052735186e-09 1.24627300701619e-09 1.28883651528966e-09 1.13328806339297e-09 1.03622139757675e-09 9.88159687409507e-10 9.12238828920664e-10 9.80268410888385e-10 1.01962810417078e-09 1.51947154858334e-09 1.93703126871725e-09 2.45899358652935e-09 3.000175807788e-09 3.77314021138275e-09 6.000188201849e-09 1.27363511182033e-08 6.65252959830553e-08 2.51896300795806e-07 2.01177290115595e-07 8.12132701355495e-07 7.87415771696942e-07 9.24798860069131e-07 7.77108576244245e-07 5.5541866501585e-07 7.06054131427436e-07 2.52282648993685e-07 1.0684501404512e-06 6.82755241454558e-08 2.02589534814557e-08
4.34053728293193e-08 2.5298785510941e-09 1.0316877829819e-08 5.98862115452903e-08 3.36392139477226e-08 2.65060829285346e-07 2.19933286693674e-07 3.16692467379198e-06 6.82696731146848e-08 5.72259951425735e-08 5.05163880504256e-08 6.45505132013113e-08 1.96639086524897e-07 8.22349059070859e-08 2.19710923010652e-08 2.70734046292631e-09 2.49230825977165e-09 2.44929403425687e-09 1.95826992399617e-09 1.9463190059632e-09 1.83138502141134e-09 1.46518948085372e-09 1.40692391070729e-09 1.27038036756844e-09 1.51988039931439e-09 1.80959043305506e-09 2.15370231648748e-09 3.23669365753787e-09 4.93370759802048e-09 9.0230978466721e-09 2.12949077926794e-08 7.76931861068419e-08 3.12428706905621e-07 3.39425183426556e-07 3.69263829469446e-07 6.34216275585686e-07 3.87564990944611e-07 4.17656403683964e-07 5.02363177190546e-07 3.88920877725241e-07 2.38343335290381e-07 1.84233596733918e-07 1.29086046873894e-07 8.56155091710775e-08 8.96143944606465e-09
2.31486334545394e-09 1.83951935905924e-09 3.0829351516104e-09 3.87063423534784e-09 1.80985646580645e-08 1.54752270553615e-07 8.83712468535691e-08 1.52846859577949e-06 3.33926155917652e-06 4.30029668319065e-08 2.57319590524219e-08 4.56988153985094e-08 4.4424310141622e-08 7.88764189962876e-08 5.23719269285294e-08 5.20878535859026e-09 1.1331897853406e-08 5.08375778141001e-09 4.81501707394472e-09 3.53278406528545e-09 3.04203854328833e-09 2.68457226448859e-09 2.60518430161838e-09 2.78878923287706e-09 3.22700129951059e-09 4.21159760399803e-09 9.30016583744475e-09 1.58664894112093e-08 1.64707507299688e-08 6.48410062531468e-08 1.99926448374299e-07 2.77577553831065e-07 3.6824132791935e-07 3.13699596787842e-07 2.33731872967269e-07 3.61078700450435e-07 4.95141424039502e-07 2.77174415828085e-06 4.5156010948233e-07 3.45574195392828e-07 8.78035677942535e-07 2.62026365582813e-07 8.64340597317437e-07 9.98267429608291e-07 1.66672063928175e-09
1.448874953347e-09 1.62243481982571e-09 2.10249905263637e-09 4.0483547625314e-09 4.51627021336165e-09 5.44090371645822e-09 6.25149102706502e-08 5.96292590415715e-08 1.72059686036619e-06 7.04128386264102e-08 1.72370042506032e-07 2.61305019622071e-08 3.61948281124569e-08 5.5774371299222e-08 1.25016576113524e-07 3.95300186362135e-08 1.15706657144443e-08 1.22253414280848e-08 1.41588162305695e-08 1.16469946465081e-08 7.33080320891588e-09 5.66439659621665e-09 6.17277177150655e-09 7.76163429083709e-09 1.0425750407439e-08 1.48134380317799e-08 2.77147784832898e-08 8.03574473184909e-08 1.60922320802115e-07 1.86792712852935e-07 5.0150464474541e-07 3.04308370502326e-07 2.45976309720675e-07 3.5364849502173e-07 3.54402231650397e-07 4.45629387968438e-06 3.08978068019883e-07 2.81554285663788e-07 5.60084683343121e-07 3.61340234356078e-07 5.55112142031078e-07 3.43187552598323e-07 6.85238134900956e-08 1.65539277086069e-07 1.1337411010004e-09
1.33583153427708e-09 1.41753213611651e-09 2.04857707464257e-09 7.86109145556324e-09 7.00575175649476e-09 2.3430728024465e-09 8.35952796984785e-09 2.87143695487657e-08 4.0459380290514e-08 9.6314154944821e-07 3.36684368384965e-08 5.43121958074266e-08 3.67765074837934e-08 4.92166186916165e-08 2.38579107914028e-08 2.70177368033586e-08 4.04281721877453e-08 5.18357848200424e-08 5.40585856523279e-08 2.79630019583976e-08 9.18584865949867e-09 2.08719896810372e-08 3.08299012541369e-08 2.50341256058384e-08 3.90748922107775e-08 8.3628070290942e-08 1.18163081275213e-07 1.09529362379845e-07 1.20976755990654e-07 1.59158005708093e-07 1.8947357318666e-07 1.47001357930776e-07 1.87154977915327e-07 4.25513757917884e-07 2.4792897860948e-06 1.68392843136189e-07 1.28603962945562e-07 2.23575008462262e-07 1.79372517408183e-06 3.034679302516e-07 6.10992954896972e-07 3.81595377962896e-08 4.23866435284026e-08 3.3539479549205e-08 8.06045064027927e-10
1.73888397014821e-09 1.82238902857179e-09 2.0901034014642e-09 2.28959333714585e-09 4.51756442254592e-09 6.26979692053276e-08 3.79801451622086e-07 7.88909460425202e-08 3.08631934897718e-08 2.70126441215268e-08 7.42685375421104e-08 5.34262873497227e-08 1.54217986048089e-08 1.30113552709865e-08 1.05129386862579e-08 8.74304117992608e-09 9.74122219554729e-09 9.75880593001577e-09 8.16311427342953e-09 6.4476382011236e-09 6.70874317210135e-09 1.05953703255501e-08 1.78605535694487e-08 3.98958157177276e-08 6.29922380035453e-08 7.21362237499079e-08 7.64533148345237e-08 1.01223537907202e-07 1.42721637441667e-07 1.24515635491207e-07 7.97633844307199e-08 8.30228569004276e-08 1.2333914867213e-07 1.34283891526366e-06 8.02302545253042e-06 5.97060098694868e-08 1.1605728449382e-07 1.19470850492576e-06 1.34905707760424e-06 5.21553245036444e-07 2.7315424704355e-07 3.74327897234572e-08 1.9120169436615e-08 2.58577954825867e-08 6.7823399119149e-10
3.68384065474459e-09 4.39712617428256e-09 7.54181834650147e-08 8.85949338669256e-08 2.66187349895475e-07 1.79730566607361e-07 2.98611608773314e-08 2.02838705609665e-08 2.11152978435436e-08 3.06187748932984e-08 3.23152809844629e-08 2.24720596797567e-08 1.60453745734479e-08 1.93368003498229e-08 2.27347384806897e-08 4.23970207830138e-08 2.46228381461933e-08 2.17919848388703e-08 1.54179603084614e-08 1.14612083268462e-08 1.01160651744259e-08 1.33451363182324e-08 1.9533366213409e-08 2.31371407255487e-08 4.91160127014112e-08 7.00611630932713e-08 8.73165984849322e-08 1.05381807635752e-07 8.95963499836228e-08 9.46274654189949e-08 9.27504925751776e-08 7.0852354738804e-08 5.84612985132793e-08 2.15494217457035e-06 3.55916091887565e-07 5.08023986878214e-08 6.42206566148218e-08 1.42022630882366e-06 5.93519718705693e-07 3.81549958916594e-07 2.39593972395369e-07 1.31633685529486e-07 1.65067050139633e-08 2.22864449117566e-09 8.25318202668512e-10
2.10421910251668e-07 9.87482388081773e-08 2.10132780953387e-07 2.12665904264497e-07 5.13550088854231e-07 3.51145928512153e-07 2.11968330110501e-08 7.49917898890118e-09 8.36821395511222e-09 7.03060710760539e-09 1.06117646336834e-08 4.72262928763456e-09 2.96839501867652e-09 5.38093281043928e-09 1.29827792516579e-08 1.16894226742659e-08 1.03744217661017e-08 1.08138861976137e-08 1.77623775909908e-08 2.02545978988944e-08 2.13998941234195e-08 2.857662656508e-08 3.90486279977509e-08 3.77288487340977e-08 3.35939378093286e-08 5.26726245286824e-08 8.81307671285469e-08 1.00165682237474e-07 8.27417202309277e-08 3.58960100310668e-08 2.78682790177953e-08 4.85101679714717e-08 1.57809720513491e-08 7.79592800315143e-09 7.16935388833662e-09 1.3508001197593e-07 2.2835263169263e-08 5.58746042500502e-07 1.67594136035731e-07 3.57536940986947e-07 1.56627171765678e-07 6.92401386781505e-08 1.31748094878148e-08 1.6418549297903e-09 6.65243859998554e-10
6.0778284414198e-07 5.03769729220949e-07 8.77734956716836e-08 2.61659210409881e-08 6.79992941288177e-08 2.38401686059042e-08 4.04809903598036e-08 4.09921848354422e-08 1.99627307351236e-08 8.05808938464381e-09 4.48867729652136e-09 2.9916870758484e-09 2.19738065521113e-09 8.57953741384421e-10 9.82761128032195e-10 1.9413047613881e-09 3.25576329229804e-09 6.20912449234012e-09 1.26930894350785e-08 1.584110246311e-08 2.24102523205261e-08 2.44033378060671e-08 2.26528602986775e-08 1.85361032856157e-08 1.948890261394e-08 2.10269175737743e-08 1.754735541315e-08 1.86961076620307e-08 2.1194499644217e-08 1.48552238510291e-08 6.03103952334649e-09 2.82499028614325e-09 2.78058179814522e-09 2.16704368893872e-09 2.47870218794688e-09 3.46632302861138e-09 5.00526399216383e-09 5.24292181891539e-09 5.16423610430472e-08 6.49463974156106e-08 1.46241429810345e-07 8.25237238544219e-09 6.14068232929199e-09 1.92343853067101e-09 5.36334798795224e-10
1.91846684760577e-08 2.51367604064967e-08 4.82034900883832e-09 6.5517462155551e-08 4.42423082058774e-08 1.67671651896129e-08 4.0788235344813e-09 1.35713895677014e-09 7.73944242027369e-10 7.09452896430207e-10 6.25227147832419e-10 7.19899284629122e-10 5.77769121434812e-10 3.1524406418626e-10 1.4242454660085e-09 2.46381481883162e-09 1.60453288433615e-09 1.65369480331634e-09 1.92621981698338e-09 1.98386486127689e-09 2.51026976982871e-09 3.12405532554294e-09 3.70474012578725e-09 3.48132540572976e-09 4.82415707381278e-09 5.19940793752838e-09 8.13161138424334e-09 1.69763519242139e-08 1.6163350413656e-08 3.14354896557845e-09 1.91204346799978e-09 1.59077409023212e-09 1.52944494846707e-09 4.3938253146969e-09 6.58592447244644e-10 1.72954888189025e-09 3.33611065439499e-09 5.16221465574063e-10 1.43123078721885e-08 1.20093554523137e-07 1.15142185708184e-07 1.51708803963757e-08 2.35517987334788e-09 4.62434258663436e-09 7.75468389502265e-10
8.9572855799247e-10 2.63806955169699e-09 1.40872712384166e-09 1.22246223144273e-09 4.54007963446301e-09 1.12647227101803e-09 6.93596047263156e-10 3.87349052832775e-10 1.92238269747236e-10 1.57479695950258e-10 2.08083439368068e-10 1.45951750685214e-10 1.45333078904741e-10 1.58034685338038e-10 3.99731647782176e-10 9.33624144661138e-10 1.45595502321072e-09 1.37219723361781e-09 6.47603066727953e-09 1.37729452287516e-09 1.19654157693105e-09 1.44803594670506e-09 2.49912484040493e-09 3.3983455827169e-09 3.74400690450472e-09 5.69482400125665e-09 5.76489462833507e-09 2.44290525586166e-09 1.5970886058092e-09 1.92267290977099e-09 2.08519711497601e-09 8.44021474932788e-10 6.20481710456033e-10 5.67541773577318e-09 4.74625672097773e-10 1.38600447785464e-09 1.37917743892046e-09 1.34713052934998e-09 1.20673341319488e-09 2.19865064488012e-08 1.12093644810685e-08 5.7717126189516e-09 2.39846605909477e-09 2.55732283127585e-09 2.53026769536646e-09
3.98112953714502e-10 4.34115043912442e-10 4.78324246877548e-10 3.92116172864831e-10 7.03928515477514e-10 3.87377363519903e-10 2.80644862904467e-10 2.28140295543966e-10 2.97325175591112e-10 8.45498338009065e-11 2.6433735200726e-10 1.28579669134155e-10 1.17691334455827e-10 2.77360601153021e-10 3.55929841155955e-10 9.97615101638871e-11 1.33981148398021e-10 1.71904523948996e-10 8.0043932593199e-10 3.79186038124146e-10 5.37020250490627e-10 1.06024991008979e-09 2.38889171777501e-09 1.81217341133078e-09 2.06788061118957e-09 2.11977368991256e-09 2.47101125117055e-09 1.54027901544396e-09 1.35019253555413e-09 9.19207188143645e-10 5.09754860544831e-10 2.78206746529008e-10 3.14701353865132e-10 2.5702374228942e-09 1.03229640391334e-09 8.73978955873156e-10 1.43350630255057e-09 2.70248090572522e-10 1.97797389578369e-10 7.85147862281121e-09 5.19336552429195e-08 1.98858434163895e-09 2.10229306185639e-09 4.4074775384928e-09 1.92418159628005e-08
2.58274202025177e-10 2.56861909520012e-10 2.75196820886947e-10 1.83539938802824e-10 1.61294722023086e-10 9.85838743972067e-11 6.78822997812745e-11 6.50542397728771e-11 5.27949683970519e-11 5.84532866554355e-11 9.53779721868386e-11 7.99565746945063e-11 6.86519951997866e-11 8.35907898455446e-11 1.01539510133364e-10 9.13491393639276e-11 7.80287390256262e-11 1.23670063079118e-10 3.76229558618491e-10 2.66054711595132e-10 6.69816802023604e-10 7.84336684489517e-10 1.29035813145606e-09 2.06324822782378e-09 5.06234626440616e-09 3.15553142504754e-09 1.06149187217852e-09 6.96474355965648e-10 4.87996176801175e-10 3.72825237349161e-10 2.0795098976123e-10 1.51336498888099e-10 3.31770233508166e-10 1.65089497627946e-10 2.19962137393281e-10 8.02207444916547e-10 1.29718921160205e-09 1.12267040108804e-10 9.61110857566894e-11 7.26689275420966e-10 2.04755165045256e-09 1.15462809313627e-09 4.11375600251063e-10 4.00668498379275e-10 3.37019288032536e-09
1.62840663175956e-10 1.32729427448908e-10 1.04773945075465e-10 1.27219923484745e-10 8.39513680794823e-11 4.81126138929255e-11 4.69985272921747e-11 4.22533008581638e-11 4.18331702611852e-11 4.45363967926937e-11 5.94113980234567e-11 4.4012660183057e-11 4.32602398348081e-11 6.01782734754863e-11 7.39249328418623e-11 1.07590270026492e-10 1.20302179329457e-10 1.09087339161817e-10 1.20193544006497e-10 1.22254661949484e-10 1.20688392613033e-10 1.32449229361953e-10 1.76953451891393e-10 4.1655842109023e-10 7.25131088508135e-10 2.67514643770284e-10 2.04462002884043e-10 2.65526300946561e-10 2.62750043944493e-10 1.63841928912944e-10 1.26078858464496e-10 7.64606378211852e-11 7.69095787056529e-11 2.58566124067272e-10 4.46123049613334e-10 2.81909562360738e-10 1.85666693131026e-10 4.60043336758531e-11 3.23430393578406e-11 1.85810611341708e-10 6.49123643725602e-11 3.9080551017534e-10 4.48577827105723e-09 2.18905349402831e-10 2.62217680901955e-10
1.22380705569469e-10 2.50057974326978e-11 2.17908913136e-11 2.43131514920947e-11 2.38540076580307e-11 2.7524249546218e-11 2.67113553498177e-11 3.58074903061834e-11 3.48725270882255e-11 2.44479103628237e-11 2.71138445029351e-11 3.17501247515395e-11 3.45941386648008e-11 5.20686826988026e-11 6.72687350267154e-11 4.45959380535044e-11 4.77319184177816e-11 5.81238168706477e-11 7.24049376010782e-11 6.5939120830194e-11 5.06411801382001e-11 5.36468314216165e-11 6.70555388992966e-11 8.69368022016204e-11 4.80892659027177e-11 3.1784819221059e-11 3.53865936553177e-11 1.19501764039853e-10 1.3233278917113e-10 7.86110621042724e-11 5.64135183012127e-11 2.21517182374953e-10 2.2614004002719e-10 9.02452779172336e-11 5.78436298859231e-11 9.65808322206385e-11 2.69178790368585e-11 2.09999106992598e-10 9.91978499342849e-11 2.16721862678071e-11 4.87874407539834e-11 3.81219833478497e-10 2.32731979243894e-09 1.51610402010505e-10 2.2202378824332e-10
1.3349058525236e-10 1.27781984993192e-10 7.12504277800008e-11 4.89625662236648e-10 1.89712690001897e-11 1.50847223601147e-11 4.18132639623536e-11 2.21912710429706e-11 2.4432234013716e-11 1.74099845651199e-11 2.00089056434649e-11 1.84336657049755e-11 1.69078528955424e-11 1.59334101468289e-11 1.91881510680503e-11 3.03638114651506e-11 1.98327354539174e-11 2.50249154731819e-11 2.58647880890805e-11 2.59776533617639e-11 1.95897076338269e-11 3.58733498462271e-10 2.95565250052476e-10 9.63298107947708e-11 3.1181446313866e-10 1.54035140198516e-10 2.30790608846121e-11 1.96670346674921e-11 1.70551350819892e-11 1.91737403731906e-11 4.42543224288272e-11 2.12824724510341e-10 9.49859613186277e-10 1.59539592647917e-10 3.94374055634472e-10 7.55677787012132e-10 -9999 -9999 -9999 2.15634421429911e-10 1.89411830664454e-10 5.43815437126227e-11 4.14967893380691e-10 9.46444922433898e-11 1.88329074557458e-10
-9999 -9999 -9999 -9999 -9999 4.05380284895784e-10 6.5766669887779e-11 1.12776232796818e-11 7.71411823308199e-12 5.82649484215381e-12 4.52575754650297e-12 8.10795874883752e-12 8.17624079552104e-11 1.68386171672807e-10 1.85495718785234e-10 -9999 -9999 5.59770441110885e-10 1.29319646102743e-09 6.81283596204452e-10 8.30244095695321e-10 -9999 -9999 -9999 -9999 -9999 -9999 1.01839927602043e-09 -9999 -9999 -9999 -9999 -9999 -9999 -9999 -9999 -9999 -9999 -9999 -9999 4.76662231907454e-10 1.78155357133392e-10 4.22539958577772e-10 1.44371936627863e-10 1.73335956699106e-10
-9999 -9999 -9999 -9999 -9999 -9999 -9999 -9999 -9999 -9999 -9999 -9999 -9999 -9999 -9999 -9999 -9999 -9999 -9999 -9999 -9999 -9999 -9999 -9999 -9999 -9999 -9999 -9999 -9999 -9999 -9999 -9999 -9999 -9999 -9999 -9999 -9999 -9999 -9999 -9999 7.91834072755293e-09 6.43325581695109e-10 1.19075205251562e-10 1.11397746582753e-10 7.8597339747688e-11
-9999 -9999 -9999 -9999 -9999 -9999 -9999 -9999 -9999 -9999 -9999 -9999 -9999 -9999 -9999 -9999 -9999 -9999 -9999 -9999 -9999 -9999 -9999 -9999 -9999 -9999 -9999 -9999 -9999 -9999 -9999 -9999 -9999 -9999 -9999 -9999 -9999 -9999 -9999 -9999 8.75263528321568e-11 2.25396228348274e-09 4.31915449294884e-08 8.87629825196967e-10 5.71919400726983e-11
-9999 -9999 -9999 -9999 -9999 -9999 -9999 -9999 -9999 -9999 -9999 -9999 -9999 -9999 -9999 -9999 -9999 -9999 -9999 -9999 -9999 -9999 -9999 -9999 -9999 -9999 -9999 -9999 -9999 -9999 -9999 -9999 -9999 -9999 -9999 -9999 -9999 -9999 -9999 -9999 -9999 -9999 -9999 3.74786623957846e-10 1.79395709398733e-10
