Scripts_&_data/Maxent_result_files_2/B_zonatus_3.asc
NCOLS 594 
NROWS 330 
XLLCORNER -15 
YLLCORNER 23 
CELLSIZE 0.166666666666667 
NODATA_value -9999 
[rows 240 to 259 of 330, columns 360 to 404 of 594]
0.0128961088135839 0.222595523297787 0.01083800108172 0.00394063187995926 0.0340881688520312 0.0737465668469667 0.0957250647246838 0.0925585262477398 0.493124660849571 0.28167564868927 0.618183019757271 0.321451991796494 0.149527237564325 0.104545515030622 0.110400402545929 0.0825952269136906 0.405573835968971 0.452241399884224 0.673586803674698 0.735485517978668 0.753462827205658 0.548451361060142 0.0136975334491581 0.000204195861442713 -9999 -9999 -9999 -9999 -9999 -9999 -9999 -9999 -9999 -9999 -9999 -9999 -9999 -9999 -9999 -9999 -9999 -9999 -9999 -9999 -9999
0.024429880362004 0.0131822192575783 0.0198789170011878 0.0037801526254043 0.000513305135245901 0.0468995493836701 0.114892741292715 0.288671004772186 0.279812982678413 0.261292128264904 0.243247331678867 0.206599360704422 0.231674194335938 0.245469056069851 0.374325332045555 0.344055093824863 0.325320295989513 0.38113277554512 0.476443582773209 0.273903794586658 0.549609187245369 0.752934008836746 0.00617437784094363 0.000181427884672303 -9999 -9999 -9999 -9999 -9999 -9999 -9999 -9999 -9999 -9999 -9999 -9999 -9999 -9999 -9999 -9999 -9999 -9999 -9999 -9999 -9999
0.0529707184527069 0.0397775783203542 0.218427680432796 0.0351291194558144 0.0060555049451068 0.09140944480896 0.166868622601032 0.23427087366581 0.243922586739063 0.229689936339855 0.118762762099504 0.092786169052124 0.101493684202433 0.0873175762593746 0.0721952762454748 0.0632552865892649 0.0111649771220982 0.0914502814412117 0.150966907292604 0.103761966526508 0.501050701737404 0.990264958143234 0.0785380175337195 0.00899489187577274 8.87004040123429e-05 -9999 -9999 -9999 -9999 -9999 -9999 -9999 -9999 -9999 -9999 -9999 -9999 -9999 -9999 -9999 -9999 -9999 -9999 -9999 -9999
0.144380711019039 0.00860198601149023 0.0419420796446502 0.0172368910163641 0.0106066825566813 0.00442728529451415 0.0917027471587062 0.497742980718613 0.123542208969593 0.176439368724823 0.0907664895057678 0.0478326261043549 0.127117850631475 0.0837741829454899 0.0694989502429962 0.0509497962892056 0.135720431059599 0.0744714513421059 0.158847023546696 0.0919783383607864 0.360624906420708 0.469152975082397 0.676413261890411 0.00285967020317912 0.000549236552615184 0.00898966584354639 0.0118776948656887 0.00894846811424941 0.000161554897931637 0.000778521824395284 -9999 -9999 -9999 -9999 -9999 -9999 -9999 -9999 -9999 -9999 -9999 -9999 -9999 -9999 -9999
0.279780814051628 0.029416617192328 0.031855499278754 0.00709847914986312 0.000656302964489441 0.00321599440067075 0.0549997679889202 0.071127624809742 0.088395968079567 0.143307507783175 0.208159421384335 0.133651279658079 0.11140615567565 0.081628642231226 0.0713964350521565 0.0512226618826389 0.0449185932055116 0.0673918921500444 0.169051459431648 0.130039820075035 0.0919899173080921 0.307864040136337 0.565027913451195 0.323469848930836 0.000414165730762761 0.000768512167269364 0.00362941132043488 0.00318195205763914 0.00218415848503355 0.0109651824459434 0.00301135767949745 0.000837645537103526 -9999 -9999 -9999 -9999 -9999 -9999 -9999 -9999 -9999 -9999 -9999 -9999 -9999
0.433583667874336 0.184697914123535 0.0463727246969938 0.0082932147430256 0.0179137366823852 0.058376345410943 0.0463743494823575 0.0932210739701986 0.0901727437973023 0.147972928732634 0.283777692914009 0.317471098899841 0.169360263645649 0.12974331304431 0.0665835656225681 0.0569212757050991 0.0404926910996437 0.0401526272296906 0.0900797165930271 0.225905893743038 0.344601929187775 0.3949961155653 0.181722090393305 0.628813755512238 0.0491580754518509 0.000195911672562943 7.58756086725043e-06 0.000560335541376844 1.39974544936194e-05 7.49727549873569e-06 3.08940750102238e-06 0.000114656745245156 -9999 -9999 -9999 -9999 -9999 -9999 -9999 -9999 -9999 -9999 -9999 -9999 -9999
0.500040462613106 0.277674908936024 0.313807234168053 0.0471672218292952 0.123505256325006 0.100461177527905 0.0628959400579333 0.138547284901142 0.24432714432478 0.16293833553791 0.283749175071716 0.364246311783791 0.356785795092583 0.331202501058579 0.126160192489624 0.0751175370067358 0.059546222910285 0.0691450875252485 0.0593750592321157 0.0872421063482761 0.247025990486145 0.364416998624802 0.180445443838835 0.0962386943399906 0.419580328464508 0.315878450870514 0.0135145431850106 0.000429687001451384 0.00671751047484577 0.0393059892579913 0.2067775785923 0.00228721224120818 0.0306968637276441 0.000289489372153184 -9999 -9999 -9999 -9999 -9999 -9999 -9999 -9999 -9999 -9999 -9999
0.527168345451355 0.141196262836456 0.358311787247658 0.186542956531048 0.694286066293716 0.139004127681255 0.0946109309792519 0.232479293644428 0.145499600470066 0.253622977435589 0.376438236236572 0.337941187620163 0.326882049441338 0.311140590906143 0.317828902602196 0.15167530477047 0.120048137009144 0.231291987001896 0.154292772710323 0.0678330089896917 0.558631211519241 0.767056745290756 0.45965131521225 0.234095552563667 0.108968929201365 0.316707705706358 0.142730775475502 0.107653769850731 0.412246000766754 0.591091966629028 0.631104591488838 0.864335829019547 0.544167074561119 0.210827685147524 0.000788628868031083 0.000990157343039755 -9999 -9999 -9999 -9999 -9999 -9999 -9999 -9999 -9999
0.270366686582565 0.076347067207098 0.274457229673862 0.170156642049551 0.152180491387844 0.187218603491783 0.117245327681303 0.283251851797104 0.181901980936527 0.103312741219997 0.226934476196766 0.293916231393814 0.219073155522346 0.290570549666882 0.360471656918526 0.124940697103739 0.0900744505226612 0.148951946943998 0.198165807127953 0.141489098221064 0.346402701735497 0.397036379575729 0.266411323845387 0.35150742828846 0.407757905125618 0.352433714270592 0.142933006212115 0.125720749422908 0.231924752891064 0.370471939444542 0.472212234139442 0.574187815189362 0.396606186032295 0.238260158896446 0.12620798740536 0.0192007060861215 0.00139665144961327 0.00246009882539511 0.000677163639920764 7.22076296369778e-05 5.34405032340146e-05 -9999 0.000581298404722475 0.000208130219471059 0.00759970473591238
0.0764389462769031 0.199173860251904 0.0792766898870468 0.191781428456306 0.155473700910807 0.135410135984421 0.0917385503649712 0.118006395548582 0.0384115627966821 0.0272474827244878 0.147084584832191 0.183802689611912 0.543053624033928 0.352279314398766 0.347514393925667 0.15380727276206 0.095305323600769 0.0751094445586205 0.111384777724743 0.0841876477003098 0.117274239659309 0.236956182122231 0.206283849477768 0.225694468617439 0.269297093153 0.242835482954979 0.144153704494238 0.140453146398067 0.123244864493608 0.126412566751242 0.156720974296331 0.260553304851055 0.232001999020576 0.613433954119682 0.321435484290123 0.12617286965251 0.26152195930481 0.205372402444482 0.625792085006833 0.128456723317504 0.23821013495326 0.00265297966543585 0.000404310002704733 5.85258212595363e-05 7.20735132745176e-05
0.00214994408888742 0.0206906179897487 0.176187516003847 0.0328257599845529 0.19787110388279 0.148411656916141 0.158006717264652 0.667893224954605 0.146200171113014 0.123292434960604 0.218488018214703 0.289970557391644 0.27530642002821 0.246768553555012 0.159097316861153 0.134145309776068 0.0907597929239273 0.0650458861142397 0.0552051793783903 0.0999674797058105 0.0924325883388519 0.152133818715811 0.146423363685608 0.197608716785908 0.0834844786673784 0.39378599524498 0.102515189349651 0.0864692851901054 0.0548794839531183 0.0602344062179327 0.115015770122409 0.0501785149797797 0.125196496397257 0.0535286128520966 0.168117229640484 0.136379683017731 0.197340457141399 0.229467007517815 0.110414370149374 0.199063739180565 0.34567558914423 0.271169085800648 0.266949667036533 0.0619432095438242 0.00107974290731363
0.000752554382779635 0.00719978590495884 0.0746145777404308 0.0284893482923508 0.0311364544555545 0.467173823714256 0.269391775131226 0.171377127617598 0.135883029550314 0.183010116219521 0.238328662514687 0.22828932851553 0.190987992286682 0.157821384072304 0.0302586299367249 0.127204785495996 0.0863918460905552 0.0620050579309464 0.012176332809031 0.0522172287106514 0.0287479877471924 0.346108889579773 0.0854088436812162 0.125665247440338 0.125153458863497 0.184816479682922 0.0449826365336776 0.0491313565522432 0.0710989154875279 0.0351194174960256 0.0790511410683394 0.046933994628489 0.0380206234753132 0.229532225430012 0.188201422989368 0.214513531327248 0.024299602676183 0.104745899885893 0.0659028615802526 0.0502122227102518 0.077553677931428 0.0556521892547607 0.248267534375191 0.512437519431114 0.118278297409415
0.000402702568680979 0.0140562432352453 0.0041058687842451 0.0369076989591122 0.0573206163942814 0.182245829701424 0.200562547147274 0.133302564173937 0.149181035161018 0.21532467007637 0.256491401791573 0.164935000240803 0.131681445240974 0.127198360860348 0.129084484279156 0.343317317962646 0.02448710212484 0.0148476640228182 0.0625295124948025 0.153476250916719 0.0714250929653645 0.0765286833047867 0.0515961542725563 0.0552431289106607 0.0934582211077213 0.083947529643774 0.0430445989593864 0.0655226171016693 0.0252427402883768 0.032759977504611 0.0240978261455894 0.00445959555217996 0.00409438671777025 0.0540364298969507 0.0332554765045643 0.676115575432777 0.307617074251175 0.12275333032012 0.107527957111597 0.132460997998714 0.0657093293964863 0.041066755913198 0.0598005764186382 0.206063221395016 0.0114416978787631
0.000324439179894398 0.00139246408361942 0.00221808812930249 0.00426675248309039 0.0157842153683305 0.0125031744828448 0.0226251161657274 0.116775944083929 0.216704905033112 0.317673319578171 0.207237100601196 0.172231885790825 0.188175612688065 0.193996404111385 0.149560735374689 0.14864282682538 0.17138075530529 0.126142869144678 0.0899107471108437 0.0209610651712865 0.191388854384422 0.0163216839544475 0.0937616169452667 0.12237905561924 0.0541066594421864 0.0472001280635595 0.0410218602046371 0.0475898761302233 0.0339709032326937 0.0197432667016983 0.0240258445031941 0.0147021744400263 0.0114174985559657 0.00183513974770904 0.00133131839102134 0.051291347341612 0.0933686506003141 0.55440090149641 0.500871709122657 0.580665069818497 0.0252041038125753 0.0700208723545074 0.389829026162624 0.0121281407075003 0.0126267452957109
3.02578289392841e-05 0.000256293610436842 0.000744951752130874 0.00342867089784704 0.0060445238603279 0.0125177145935595 0.0122029464459047 0.135643310844898 0.139923080056906 0.124055605381727 0.190355208516121 0.208219985663891 0.143405220657587 0.175180013477802 0.180139727890491 0.162329985946417 0.130556406825781 0.0355662777088583 0.0241568673402071 0.0197209995705634 0.0830565862357616 0.0954983823001385 0.129056268185377 0.128732023388147 0.137717743217945 0.115588103234768 0.0940705060958862 0.0760472275316715 0.035755904763937 0.036641963198781 0.0237306142225862 0.0240521190688014 0.0197463779710233 0.00838990472257137 0.000987497107416857 0.0051022786879912 0.000975239017861895 0.000194784344012078 0.000455402085498235 0.00267433601839002 0.000772275183408055 0.0133921879343688 0.00498802766669542 0.00413729805732146 0.0134710363578051
2.13674947211473e-06 0.000141623924537271 5.41682630228024e-05 8.12702146504307e-05 0.000384048520936631 0.00134560606384184 0.0393049966543913 0.0123019900871441 0.116348657757044 0.0851008724421263 0.153277719765902 0.324262489378452 0.407791185379028 0.120874776691198 0.136141248047352 0.149380499124527 0.035667129792273 0.0347854829393327 0.02714515440166 0.086621804535389 0.082806870341301 0.136172206699848 0.0756454180926085 0.0671655330806971 0.0459015127271414 0.0965481512248516 0.104856494814157 0.107091628760099 0.118014221638441 0.0533281825482845 0.00476044568931684 0.0101922053843737 0.0018518537399359 0.00034649242516025 0.000155514190919348 5.11521157022798e-05 0.000101293782972789 0.000158379721688107 0.000151915223977994 3.27978040104426e-05 0.000494091426662635 0.000366796347225318 0.000238915107547655 0.000151917422408587 0.000241061782435281
3.24142384222625e-07 2.24490653863541e-05 2.49239790264255e-05 2.85595150444351e-05 2.93368174880015e-05 0.000371810259821359 0.00965010793879628 0.0994483143091202 0.0582485381513834 0.10890841782093 0.194893400371075 0.445256319642067 0.492045080661774 0.149225433915853 0.190929794311523 0.0892971772700548 0.100989857316017 0.361154860258102 0.134389907121658 0.13268678560853 0.0853905119001865 0.134291488677263 0.083137821406126 0.0733524695038796 0.0436805449426174 0.046809795871377 0.0472282476723194 0.0717657305300236 0.100528557598591 0.0618386905640364 0.0488488361239433 0.0193322594277561 0.0104603544808924 0.00100735278683715 0.000191368228479405 8.65028503540088e-05 5.81578217406786e-06 3.95249209077519e-06 4.30998669571636e-06 3.39182228344725e-05 7.4804141831919e-06 2.70666748036774e-07 4.27692959874548e-06 8.07549772616767e-06 8.04718620202038e-05
7.68637032955155e-07 1.16770862934601e-06 1.24838175594277e-05 1.87369031046103e-06 5.0491432648414e-05 0.000228755679199821 0.00149515923985746 0.00983866085298359 0.318816475570202 0.0917796857655048 0.151329315453768 0.103534787893295 0.121782858669758 0.158775016665459 0.111529868841171 0.22036320567131 0.615127697587013 0.281973233819008 0.107871513813734 0.123090191185474 0.116228229552507 0.137155986577272 0.10437360778451 0.0206625117454678 0.0329690607264638 0.0384293988347054 0.0422760903835297 0.00946699928026646 0.0257317263633013 0.0113516390323639 0.00493255071341991 0.00576623242814094 0.00241683873755392 0.00019186318058928 5.62541454200982e-05 3.56215667807191e-06 1.09469494091741e-07 1.08151502686837e-07 1.27459954768483e-07 1.65143974300008e-06 1.64462906298013e-06 1.63285444187977e-07 1.23146204344948e-07 2.01475966576936e-07 3.5772446693727e-07
1.72697578459946e-07 1.52887228779264e-06 1.10756712139448e-06 6.39628857790342e-07 6.7908361688751e-05 2.70734060904942e-05 0.000417004964765511 0.00126997795596253 0.0489715548232198 0.247155712544918 0.0909320138394833 0.0799144633114338 0.0991237133741379 0.100492879003286 0.13111435174942 0.0753369737416506 0.173500517010689 0.183701537549496 0.282217651605606 0.123673371970654 0.253163455426693 0.243575042486191 0.0911997847259045 0.0572321459650993 0.00931888949126005 0.0688416700810194 0.0070489461068064 0.0213705183006823 0.011184366280213 0.0146624827757478 0.00715191545896232 0.000752027149428614 0.000120923930808203 1.32764723730361e-05 2.65579508777591e-05 2.99717528093879e-06 6.49197386337619e-07 9.69438939790734e-08 7.32093884181495e-08 1.2004414635669e-07 8.90045365409264e-08 7.99344984869777e-08 7.81193646659517e-08 9.05867151956841e-08 8.75074094963679e-08
7.05819791058104e-08 2.86830713447372e-07 4.85998017296652e-07 5.87241107297132e-07 1.82660139671498e-06 2.50583557829032e-05 0.000454419581365073 0.00994682852178812 0.025670082308352 0.0425758097320795 0.0420212948694825 0.0747450776398182 0.0960480395704508 0.210586316883564 0.155760253220797 0.42271876335144 0.156597804278135 0.155031526833773 0.127486032247543 0.190772217512131 0.735026955604553 0.931835800409317 0.0883259199559689 0.0579556092619896 0.0148042045067996 0.014316891040653 0.0138278978178278 0.00616377629339695 0.00806851261295378 0.0258156003430486 0.058398437872529 0.0160280136391521 0.000109065993092372 1.17752358619327e-05 2.80923768514185e-06 1.42256550788034e-06 1.17379414064089e-06 1.69606421351887e-07 6.82511787530871e-08 5.86397884028145e-08 4.15524993258032e-07 8.41022135489311e-07 4.21005517381445e-07 9.20498746381781e-07 7.39485798817441e-08
