Scripts_&_data/Maxent_result_files_1/Bombus_lucorum_2.asc
NCOLS 594 
NROWS 330 
XLLCORNER -15 
YLLCORNER 23 
CELLSIZE 0.166666666666667 
NODATA_value -9999 
[rows 252 to 272 of 330, columns 368 to 413 of 594]
0.00158248969819397 0.00247540907002985 0.00308511445764452 0.00177269597770646 0.00131882660789415 0.00120401420281269 0.00117483896319754 0.00114852369297296 0.000529247371014208 0.00011803351007984 0.000833934737602249 0.000655886577442288 0.000995602196780965 0.00105311795487069 0.000836504180915654 0.000488152197794989 0.000991730304667726 0.00113993404083885 0.000342943985015154 0.000630633052787743 0.00197809882229194 0.000725351891014725 0.000541035056812689 0.000123578156490112 0.000150412201037398 0.00173680486623198 0.0016973199439235 0.00243610077304766 0.00145078172208741 0.00305215960834175 0.00391990304924548 0.0035238882759586 0.0031786258565262 0.00278822160325944 0.00562976128421724 0.00632892046123743 0.00104994499124587 0.00176971472101286 0.00330064091831446 0.00475439487490803 0.00366842644289136 0.00273860538145527 0.00138057693839073 0.00143854860216379 0.000829319644253701 0.000524036749266088
0.00224536224268377 0.00397036748472601 0.00257600650656968 0.00195549227064475 0.00180768690770492 0.00140344717074186 0.00127387404209003 0.00126346171018668 0.000842229416593909 0.000931600586045533 0.00103814864996821 0.000546691901399754 0.000907720514805987 0.000396781796007417 0.000877054588636383 0.00170349526451901 0.000856778037268668 0.000581480687833391 0.000679571082582697 0.000746242754394189 0.000302342686336488 0.000608402234502137 0.000484100211178884 0.000362957836478017 0.000229286414105445 7.75296557549154e-05 9.31437563849613e-05 0.00246396369766444 0.00039725485839881 0.00334036389831454 0.0250723822973669 0.00140568020287901 0.000447923064348288 0.00097436731448397 0.0021043875371106 0.00060250464011915 0.00110703408136033 0.00114005653886124 0.0015468030818738 0.00140467372257262 0.000836571329273283 0.000967244518687949 0.00104032142553478 0.000553403896628879 0.000338222022401169 0.00027453322254587
0.000605005904799327 0.00119624572689645 0.00218491411069408 0.00236921507166699 0.00141848099883646 0.00124472673051059 0.000774838164215907 0.000677518692100421 0.000809727294836193 0.000595942881773226 0.000372549475287087 0.000341640302212909 0.000665680161910132 0.000946283334633335 0.00156496076378971 0.00104954643757083 0.0011964475386776 0.00119561998872086 0.000993993104202673 0.000339750660350546 0.000602540691033937 0.000492195642436855 0.000485930588911287 0.000197732300875941 0.000231932497990783 0.000116257848276291 6.20903534581885e-05 0.000211874104570597 0.00035036739136558 0.000358382996637374 0.00183265349478461 0.000216922102845274 4.55336461527622e-05 0.000194684520101873 0.000266447238391265 0.000435285101411864 0.000730138289509341 0.000547973852371797 0.000901625136611983 0.00155210606753826 0.000673701532650739 0.000193078794109169 0.000316235760692507 0.000146494386717677 0.000204030520399101 0.000319187642890029
0.00101613731821999 0.000531858688918874 0.000925597047898918 0.000965888769133016 0.000959066528594121 0.00184737803647295 0.00105250120395795 0.000741694844327867 0.000535256919101812 0.000874865130754188 0.000390554263140075 0.00101115049328655 0.000657742383191362 0.00139222824946046 0.000540123571408913 0.00147696045460179 0.00102645988226868 0.000845953373936936 0.00150058375438675 0.00150527836522087 0.000756420826655813 0.000300121429609135 0.000135189443244599 0.000296912087651435 0.000151049712439999 5.68692543311045e-05 2.42042566242162e-05 2.97325997962616e-05 0.000105104262911482 8.57441631524125e-05 3.38536967319669e-05 0.000172210507298587 5.92234333453234e-05 2.90645464701811e-05 5.26476276718313e-05 0.00011280152539257 0.000127284991322085 0.000391188953653909 0.000524520376347937 0.000260694453027099 0.000125448904145742 7.9313254536828e-05 7.09706524503417e-05 8.07442811492365e-05 8.61911110405344e-05 0.000169599782384466
0.000733526732074097 0.000692894286476076 0.00191189297474921 0.00139337507425807 0.00106878724764101 0.00178848707582802 0.00326636095996946 0.00171346361748874 0.000865473627345636 0.00107520171441138 0.00132559434277937 0.00141569954575971 0.000832098606042564 0.00152147308690473 0.00350157001521438 0.000944688153686002 0.00166530252899975 0.000899106345605105 0.000827113632112741 0.000363024369289633 0.000911239709239453 0.00030578683654312 0.000457673610071652 0.000252718997944612 0.000198605984041933 5.26374238688732e-05 2.18722739191435e-05 2.09602925679064e-05 4.51506861281814e-05 4.47444846940925e-05 3.48457731888629e-05 6.21330207650317e-05 2.84546273178421e-05 2.99848285067128e-05 3.90682946090237e-05 4.92380288051209e-05 9.41516853345092e-05 3.82706919481279e-05 4.32741977419937e-05 4.80971117212903e-05 5.32265727088088e-05 5.42397385288496e-05 5.31006953679025e-05 5.28060176293366e-05 5.36752839252586e-05 5.91944906773278e-05
0.00145202487474307 0.00079500664724037 0.000969871057895944 0.000455200078431517 0.00115766358794644 0.00131609089439735 0.00166888077510521 0.0011217727616895 0.0017706562182866 0.00159594347933307 0.00120236853254028 0.000710131169762462 0.00088476239470765 0.00135696349898353 0.00118448368739337 0.000730492465663701 0.00074738753028214 0.000477806467097253 0.000209930585697293 0.000187966397061246 0.000505119166336954 0.000303274870384485 0.000265089671302121 0.000162157332670176 6.57543820125284e-05 1.86187703548057e-05 2.36507323279511e-05 3.81529023798066e-05 2.41031235418632e-05 2.44875431235414e-05 2.19321390432015e-05 1.91120065210271e-05 2.51229215791682e-05 2.46600146056153e-05 2.78578094366821e-05 3.57436263584532e-05 2.50143330049468e-05 2.78808591247071e-05 3.19109354677494e-05 3.75869263734785e-05 3.68368882845971e-05 3.80197841877816e-05 4.38994309661211e-05 4.8149472422665e-05 4.65831592009636e-05 4.67766800284153e-05
0.000623806749354117 0.00113183022476733 0.000863488879986107 0.00131900900742039 0.00117704063886777 0.000955005001742393 0.00106076765805483 0.00236783582950011 0.00149621610762551 0.00145454771118239 0.00174493750091642 0.00121443523094058 0.00295099595095962 0.00231699995929375 0.000849488901440054 0.000606778892688453 0.000119115123379743 0.000516873842570931 0.00037807056796737 0.000380009587388486 0.000264130103460047 0.00031181162194116 0.000212921883212402 7.43775868613739e-05 6.20152088231407e-05 3.2626350002829e-05 2.09385222660785e-05 3.22499317917391e-05 2.81333881503087e-05 2.17808890738525e-05 1.85939104994759e-05 1.85800811777881e-05 1.58945339535421e-05 2.05185224331217e-05 2.14285704714712e-05 2.41973797528772e-05 2.43520458752755e-05 2.49655122388504e-05 2.50550008786377e-05 3.2323938467016e-05 3.29251215589466e-05 3.85432404073072e-05 4.59966304333648e-05 4.26529160904465e-05 4.04066704504658e-05 3.47084062013892e-05
0.000522846140665934 0.000467261354788207 0.000613461289322004 0.00159607020905241 0.00132112203864381 0.0013272151350975 0.00118912549805827 0.00249866261146963 0.00134161843452603 0.00123979823547415 0.00386682318057865 0.0014236825867556 0.00520666509401053 0.00411040207836777 0.0004440562275704 0.000928243441740051 0.000159713540051598 0.00046065406058915 0.000209168693982065 0.000187249304872239 0.000136828023096314 0.000466249487362802 0.000391144587774761 0.000129669502348406 2.72276807663729e-05 2.64597973000491e-05 3.63395885869977e-05 8.42736451886594e-05 1.988440308196e-05 2.22927535105555e-05 1.83270273737435e-05 1.68787829352368e-05 2.16090345929842e-05 2.57446243267623e-05 2.2628269107372e-05 3.56295013261843e-05 2.26000451220898e-05 2.45023704337655e-05 2.72553732429515e-05 2.81226910374244e-05 2.78063233054127e-05 2.81146159977652e-05 2.79669349765754e-05 2.78449215329601e-05 2.58133124589222e-05 2.69490143182338e-05
0.000673620129236951 0.00103013560292311 0.00102852155687287 0.00156220037024468 0.00160595248453319 0.00107380841509439 0.000877219578251243 0.000914045685203746 0.00150597996544093 0.00225919517688453 0.00132611345034093 0.000990585813997313 0.00354146112222224 0.00168755210470408 0.000610601794323884 0.00079343652469106 0.000143083221337292 0.000619357379036956 0.000220803158299532 0.000111282352008857 0.000441911132656969 0.000570470979437232 0.000659311821800657 0.000170218961284263 4.51630729003227e-05 2.13787618122296e-05 9.59467331995256e-05 9.73708010860719e-05 1.58673933583486e-05 2.04178421881807e-05 1.68277728334942e-05 1.57520365064556e-05 1.909130551212e-05 1.96455873265222e-05 1.90421084880654e-05 2.03741533368884e-05 2.1549720895564e-05 2.25550549657783e-05 3.53676086888299e-05 2.92838340101298e-05 2.2979252935329e-05 2.28375947699533e-05 2.32029589824378e-05 2.39090060858871e-05 2.20625524889329e-05 2.13438512219e-05
0.00163264328148216 0.000903485144954175 0.000997265271143988 0.00126355169340968 0.00561329752672464 0.00340593275614083 0.00139716325793415 0.0012292209547013 0.00144225207623094 0.000700027478160337 0.00120385923655704 0.00119033635128289 0.000351955165388063 0.000611022140947171 0.000301382335601374 0.000570911171962507 0.000879316811915487 0.000722474249778315 0.000529347299016081 0.000283568377199117 0.000267142483789939 0.000119849726615939 0.000322232818871271 0.000288779762922786 0.000104671556982794 2.16799140616786e-05 1.80920323145983e-05 2.2977197477303e-05 1.68500360814505e-05 1.62842466124857e-05 1.455109759263e-05 1.56643437549064e-05 1.8985283713846e-05 1.82055685399973e-05 1.74471362697659e-05 1.73010152138886e-05 2.18467914237408e-05 2.32609387239791e-05 2.40226929236087e-05 2.20142141188262e-05 1.94352432117739e-05 1.86005182513327e-05 1.8697341238294e-05 1.77932884980692e-05 1.75084034708561e-05 1.77542390702001e-05
0.00219267066568136 0.00140054993098602 0.000729659711942077 0.00118056262726896 0.00788639704696834 0.000605618121335283 0.00119101601303555 0.00296129053458571 0.00101160369231366 0.00123139645438641 0.00117740373825654 0.00262282965704799 0.00174864315195009 0.00049906165804714 0.00243202274432406 0.00127816908643581 0.000657728873193264 0.000686827310710214 0.000757873174734414 0.000113719003275037 0.000109308790706564 0.000129028907394968 6.54833362204954e-05 0.000209777717827819 4.16131588281132e-05 3.18633308779681e-05 0.000293645492638461 0.000177764646650758 5.48622476344463e-05 1.85140699613839e-05 1.29193151224172e-05 1.12310299300589e-05 1.20674822028377e-05 1.23570344840118e-05 1.31740142933268e-05 1.62453063239809e-05 1.75185448824777e-05 1.74752200109651e-05 1.63831939971715e-05 1.75511584529886e-05 1.59751972205413e-05 1.44866996379278e-05 1.62199946316832e-05 1.63347996021912e-05 1.60390640303376e-05 1.54714112795773e-05
0.00272622047923505 0.00242076304275542 0.00119354610797018 0.00321600513998419 0.00108605947461911 0.00125875204103068 0.00319494777359068 0.00197098458884284 0.0017435300629586 0.00284684752114117 0.00159643181832507 0.00144046776695177 0.00112369777052663 0.000769057747675106 0.000717878737486899 0.000481700708041899 0.000381769772502594 0.0008349823881872 0.00167692846152931 0.000358966350904666 0.000494945753598586 9.58881370024756e-05 8.78284001373686e-05 0.000230225683480967 0.000245551887201145 4.25104559326428e-05 9.43365179409739e-05 0.000191577618534211 6.37747256405419e-05 1.90085168469523e-05 4.11429873565794e-05 1.05368712411291e-05 1.01216418443073e-05 1.29553087390377e-05 4.45727193437051e-05 2.87420230961288e-05 1.97015062440187e-05 2.50706283623003e-05 1.88135314601823e-05 1.50039227264642e-05 1.30911222186114e-05 1.26516100863228e-05 1.30769933093688e-05 1.34752237499924e-05 1.33928558170737e-05 1.29797872432391e-05
0.00102444923250005 0.00204336903989315 0.00090460852952674 0.00346037582494318 0.00170729869278148 0.00147443213500082 0.00281466306187212 0.000885398552054539 0.00145242069847882 0.00141098832245916 0.00125870347837918 0.00148573800688609 0.00159789802273735 0.00173108025919646 0.00220282274531201 0.000544122126302682 0.000504636974073946 0.000626796146389097 0.00134754029568285 0.00085003933054395 0.000407033463125117 0.000219867398845963 0.00041408367396798 0.000159335513308179 0.000124866358237341 4.99318060974474e-05 7.49455346522154e-05 0.000163558558415389 0.000172500158078037 8.72738291946007e-05 7.09537493094103e-05 2.83701179796481e-05 9.96283283711819e-06 1.0485640996194e-05 2.915945242421e-05 3.02460513921687e-05 3.12138638037141e-05 2.85094138234854e-05 3.43080469974666e-05 3.45954247677582e-05 2.61221979599213e-05 1.21121584925277e-05 1.08142594399396e-05 1.09297778180917e-05 1.11031028609432e-05 1.12086656372412e-05
0.00134480017004535 0.000398783475975506 0.00106928375316784 0.000952402228722349 0.000283254389069043 0.000535544834565371 0.000678624049760401 0.00200705629540607 0.000737723050406203 0.00116071462398395 0.00220530475489795 0.000948731973767281 0.00074635719647631 0.000808050279738381 0.000949922815198079 0.000631462346063927 0.000415900853113271 0.000338258307601791 0.000426114720175974 0.000251605076482519 0.00040011819510255 0.000253610080108047 0.000119928881031228 0.000160888514074031 0.000160898596368497 6.32760442385916e-05 0.000114899626350962 0.000231554287893232 0.000357667935895734 0.000522125908173621 0.000190055562416092 5.31238016264979e-05 1.81355848326348e-05 1.11245757580036e-05 1.59887836161943e-05 1.26161450680229e-05 1.34992298626457e-05 1.23348135275592e-05 1.48817689478165e-05 2.62610263234819e-05 2.45701838139212e-05 2.14757694266154e-05 1.96632124243479e-05 1.07518231743597e-05 9.38077478167543e-06 9.25280019146157e-06
0.00204451899044216 0.000394229457015172 0.000537743407767266 0.000404714679461904 0.000547677738359198 0.0013297357247211 0.00131568404613063 0.0018351033795625 0.00127382693463005 0.000566583764157258 0.000506268153549172 0.00110569261014462 0.00101400669082068 0.000617661740398034 0.000730783722246997 0.000520727413822897 0.00101362899877131 0.000254527226206847 0.000211955542908981 0.00043139360495843 0.000212491628190037 0.000190287394070765 0.000868669233750552 0.000255182846740354 0.00017614581156522 0.000116345904825721 0.000110842868889449 0.000133745506900596 0.00036779552756343 0.000450461584841832 0.000313297721731942 0.000644372520036995 0.000180134708352853 4.05968485210906e-05 1.05156319932576e-05 1.6670098011673e-05 1.21071381727234e-05 9.92262189356552e-06 1.07023890450364e-05 1.13369427708676e-05 1.3020499227423e-05 1.52567329678277e-05 2.37076508710743e-05 1.44214835927414e-05 1.07844740341534e-05 8.94029981282074e-06
0.000109018348302925 0.000330292049329728 0.00173343237256631 0.000381327347713523 0.000345023305271752 0.000345987171749584 0.000471854282659478 0.000581079220864922 0.000596826249966398 0.000402962931548245 0.000722115422831848 0.000771989219356328 0.00109973044018261 0.000642126370803453 0.000513405055971816 0.000554496338008903 0.000939539197133854 0.000731357635231689 0.000704078824492171 0.000410267611732706 0.000512262908159755 0.00035686633491423 0.0002997282994329 0.00132171035511419 0.000188633611833211 0.000157673127978342 0.000313580200599972 0.000189243345812429 0.000297904456965625 0.000145357829023851 0.000199999497272074 0.000679069547913969 0.000561858038417995 0.000185078270442318 3.73779814253794e-05 1.88645320122305e-05 2.87177850623266e-05 1.16618231459142e-05 9.81475409389532e-06 9.63560000855068e-06 9.14468637347454e-06 1.1054357582907e-05 2.70750773779582e-05 3.0331112066051e-05 1.90892503269424e-05 1.28457809296378e-05
2.00155668608204e-05 0.000106320080521982 0.000128208589012502 0.00103599745198153 0.000685584364691749 0.000166819214064162 6.41488142719027e-05 0.000138424852775643 6.21083425357938e-05 9.71116256550886e-05 0.00115955280489288 0.00303545913193375 0.00237456209724769 0.000483791559236124 0.000351574903470464 0.000348862621467561 0.00063505090365652 0.000686879048589617 0.000502000423148274 0.000297706208948512 0.000457133515737951 0.000607511139241979 0.000498886834247969 0.000477489101467654 0.000115430427104002 0.000229321930964943 0.000256486736179795 0.000111628834565636 8.18405118479859e-05 9.66463529039174e-05 9.14802571060136e-05 0.000115508680028142 0.000235029599571135 0.000307780252478551 0.000212143432872836 0.000128004003636306 4.73617667012149e-05 9.82812431175262e-05 5.30100303876679e-05 3.26790492181317e-05 1.39171293994877e-05 9.60997440415667e-06 1.11136122541211e-05 1.52871082718775e-05 1.94851856576861e-05 1.58238979565795e-05
3.55502097590943e-06 8.4290381437313e-06 2.46449049882358e-05 3.8902730011614e-05 8.0175009497907e-05 0.00020974897488486 7.03885383700253e-05 0.000154467790707713 3.31658038703608e-05 4.37055536167463e-05 0.000500021805055439 0.00175146176479757 0.00238842226099223 0.000231153039203491 8.61892687680665e-05 0.000500912303687073 0.00026518433005549 0.000138224385591457 0.00169700054684654 0.000400036122300662 0.000358772980689537 0.00114833096740767 0.000698224222287536 0.000399959218339063 0.00095587057294324 0.000229921519348864 0.000108670540794265 0.000127536926447647 0.000147416835534386 6.18984875472961e-05 6.28607736871345e-05 5.93051852774806e-05 7.00946191500407e-05 0.000163937889010413 0.000208187279349659 0.000373883589054458 0.000276664092962164 0.000180210484541021 0.000189562288869638 0.000148826871009078 3.9224903594004e-05 1.27777627312753e-05 9.47684075072175e-06 7.50898120713828e-06 9.68833328442997e-06 1.66438851010753e-05
2.12352319977072e-06 2.46880736085586e-06 8.26616314952844e-06 1.11512972125638e-05 1.22905144962715e-05 5.12106824317016e-05 4.68503272713861e-05 5.01049511512974e-05 4.19786909333197e-05 2.67559287749464e-05 3.87823842174839e-05 0.000172698756796308 0.000180753206223017 0.000469069852260873 0.000191641521814745 0.000387585160206072 5.5708248692099e-05 0.000118724724597996 0.000365124100062531 0.000525578824453987 0.000558460771571845 0.0011439488211181 0.00109730656840838 0.000647661808761768 0.00111696298117749 0.000220085264299996 0.000292250169150066 0.000202633191656787 0.00028485614748206 0.000130345407524146 3.86872505259817e-05 0.000170022947713733 5.10475583723746e-05 4.29253697802778e-05 7.67593199270777e-05 0.00018144994683098 0.000596351662534289 0.000356967549305409 0.000182902466622181 6.18611036770744e-05 5.10588382894639e-05 1.67089458955161e-05 1.05642397556949e-05 6.80264124639507e-06 5.70522761336178e-06 1.39736149321834e-05
2.0696829778899e-06 2.13408251283909e-06 2.25370031330385e-06 2.80075846603722e-06 3.90369141314295e-06 8.71904667292256e-06 1.41919653287914e-05 8.06244765954034e-06 7.69146658967656e-06 1.19275427095999e-05 7.54705524741439e-06 1.20213572699868e-05 1.06617956134869e-05 4.67285455670208e-05 0.000145292724482715 0.000654208837659098 0.00115218434948474 0.000645034370245412 0.000225048199354205 9.78443284111563e-05 0.000283826031954959 0.000424402378848754 0.00109814048628323 0.00102119664661586 0.000307481344498228 9.22613784496207e-05 9.41128782869782e-05 0.000129536010354059 0.000218835835403297 0.00010032858554041 0.000294590640987735 0.00080371169897262 0.000331875277333893 0.000124116150982445 2.71546390649746e-05 2.64207676082151e-05 6.05667613854166e-05 8.31568300782237e-05 0.000305912671319675 0.000175047520315275 5.41779059858527e-05 2.04620027943747e-05 1.01649350654043e-05 6.31441344012273e-06 4.75313242986886e-06 9.60896786637022e-06
2.21773412931725e-06 2.1351812051762e-06 2.08738092624117e-06 2.64952500401705e-06 2.05567937427986e-06 2.24087713149856e-06 2.63057580696113e-06 2.4903789039854e-06 2.57527336771091e-06 2.70723703579279e-06 3.96497059682588e-06 3.41688812568464e-06 8.86994321263046e-06 4.0030455966189e-05 6.17280260485131e-05 7.58436515752692e-05 0.000124204543681117 0.000634991590050049 0.000615543939056806 0.000996912369737402 0.000252161906973924 0.0012808635015972 0.00109196240082383 0.000717013678513467 0.000249037971661892 0.000101599340632674 0.000641999149229378 0.00010452305614308 4.74635638965992e-05 0.00016974916215986 0.000422293663723394 0.000672821429907344 0.000256948870082851 0.000101321462716442 4.86454864585539e-05 2.61423832853325e-05 2.11346297874115e-05 2.08196101993963e-05 3.56038754034671e-05 8.19940374640282e-05 7.20488711522194e-05 1.94817683222936e-05 1.04496656604169e-05 6.86831208440708e-06 5.52533711015713e-06 5.29252115484269e-06
