Scripts_&_data/Maxent_result_files_1/Bombus_mucidus_2.asc
NCOLS 594 
NROWS 330 
XLLCORNER -15 
YLLCORNER 23 
CELLSIZE 0.166666666666667 
NODATA_value -9999 
[rows 225 to 249 of 330, columns 55 to 109 of 594]
0.000192154925650079 1.56619410377479e-06 7.1187500338965e-14 7.82767359907566e-05 1.0325074129014e-15 3.39728245535298e-15 4.37427871702312e-15 1.83961061073212e-07 9.26547727431171e-13 1.62825308791525e-13 3.7425618160114e-14 1.756372824957e-14 0 0 2.35034214313146e-12 7.13786221240298e-09 5.73781733237411e-09 3.91600600835318e-09 6.75448585951699e-12 2.40076985846827e-08 9.13914664124604e-07 1.4120180367172e-07 3.95454904378312e-09 1.74798867647041e-07 4.41800324324504e-08 2.5022856675605e-09 1.9617032442909e-10 2.989153102817e-09 1.67361537961597e-09 1.1280198997099e-11 1.10184386059586e-09 3.66221252079413e-07 8.79211654591927e-09 3.46143536056331e-10 1.24233956455555e-14 2.89974377842839e-11 8.5900978774589e-09 3.69704267200177e-15 -9999 -9999 -9999 -9999 -9999 -9999 -9999 -9999 -9999 -9999 -9999 -9999 -9999 -9999 -9999 -9999 -9999
0.000216737780157872 3.00204305858642e-14 9.63606971993158e-13 1.82632630546298e-05 6.85731551908209e-07 1.8895643408845e-07 2.11043748521433e-07 1.9319684896324e-08 1.37911904118937e-13 6.41958708413881e-12 1.18590703923616e-10 9.52643408602683e-11 7.30082660993503e-14 1.11728193363803e-10 1.78443038123532e-11 2.6651902906849e-10 4.27226154897653e-08 1.12187422018906e-08 9.35286720959994e-08 0.00136882292448496 1.29158843265031e-06 3.24469488077739e-07 6.31132923700761e-10 2.56832635159299e-09 4.90511169459751e-09 2.49314879852136e-10 6.92640567123703e-10 3.80327991322815e-11 1.95872873476333e-11 2.28705943072782e-13 3.87538778845453e-11 6.59773746747305e-10 2.86111889735707e-10 9.83438219748223e-11 9.27788179616584e-11 2.91855428713461e-13 2.82995848976952e-14 -9999 -9999 -9999 -9999 -9999 -9999 -9999 -9999 -9999 -9999 -9999 -9999 -9999 -9999 -9999 -9999 -9999 -9999
9.02645895139997e-08 2.08440098958818e-08 2.47324027924378e-10 5.18918241709798e-14 0 6.78882505766865e-12 3.66056698397621e-08 1.58510182757254e-10 4.85951602513524e-08 1.00192131924359e-08 3.5341267334843e-08 1.86231005727677e-08 8.2665692957562e-09 2.48556064619265e-10 2.86023187356932e-09 9.75455591856189e-09 1.553532484877e-08 7.01357123489288e-09 7.53003178033396e-08 9.60119905357715e-08 1.67158202657447e-07 1.22196468055336e-07 1.12628526949266e-07 1.70269143229262e-10 2.65161208545805e-09 2.76135780907794e-10 4.38602043573155e-11 5.53680434833836e-12 2.23450813408022e-11 1.57880042372938e-10 8.33787483500714e-12 9.41882793981108e-11 7.17530301841407e-10 1.03421049502117e-11 6.23656681852935e-13 1.50990331349021e-15 -9999 -9999 -9999 -9999 -9999 -9999 -9999 -9999 -9999 -9999 -9999 -9999 -9999 -9999 -9999 -9999 -9999 -9999 -9999
2.2224697637796e-10 7.84783349416784e-13 2.55351295663786e-16 3.10862446895044e-16 2.82729395451042e-12 1.85955251197356e-10 5.00071593023677e-09 1.10976134237717e-07 1.52864515712281e-07 0 9.93305770968789e-11 3.22626760862477e-09 4.07915941025294e-09 6.85326710936351e-09 2.39133157720062e-08 4.27764661026231e-08 0.000666930815635081 7.43981672712834e-08 3.74723214235928e-08 5.39752477379807e-08 1.58527518578921e-07 7.56330909013059e-10 7.11342309500651e-09 2.1020074569833e-11 1.5740542202991e-11 1.05504582847971e-10 5.07938135996255e-13 5.37808242384585e-11 1.65190083833977e-12 2.91060620050132e-11 3.28826965656503e-11 2.19871343354328e-10 4.39786473904746e-10 1.17012088907131e-10 3.48721052034762e-14 -9999 -9999 -9999 -9999 -9999 -9999 -9999 -9999 -9999 -9999 -9999 -9999 -9999 -9999 -9999 -9999 -9999 -9999 -9999 -9999
2.11478390355069e-11 2.38400410523809e-12 4.10782519111308e-16 0 2.22044604925031e-17 1.03474129264924e-10 1.17436649293978e-10 8.3097762004769e-11 3.10202130648918e-10 7.66663266205114e-10 5.55260193380036e-10 1.1311400704983e-10 1.07547304395439e-13 3.67370063258932e-09 1.36789267912718e-08 2.65789992681675e-08 4.46292354183697e-09 1.34455746092499e-08 1.41742532377975e-08 2.69434366373389e-08 5.25073460266867e-08 2.0822066915116e-08 5.57895951658338e-10 4.95493313046325e-11 5.79968295610911e-12 1.66600067075251e-12 9.9831476418899e-12 6.4485761175348e-11 1.27012655948278e-10 1.54499413262954e-11 1.49301158103299e-09 6.40709885146862e-09 4.02738731253294e-11 2.03886818539445e-10 -9999 -9999 -9999 -9999 -9999 -9999 -9999 -9999 -9999 -9999 -9999 -9999 -9999 -9999 -9999 -9999 -9999 1.8542009661715e-05 0.00687709633974691 3.05401819389317e-09 -9999
2.32014407686165e-13 4.38808989144945e-12 8.22259415456106e-07 3.27699090085787e-11 2.01949568179316e-14 2.81074052921326e-12 2.59087784115763e-08 1.60003121862928e-11 5.94728488678697e-11 9.65566115951333e-10 3.64812624553679e-12 1.29924115910285e-10 1.29569588391831e-10 3.32729790386566e-09 3.5209919424517e-10 3.56690899039336e-10 4.03058919573596e-11 1.79207724215757e-09 3.95552433474222e-08 4.02420852196883e-09 1.59443800384906e-08 1.72028023825987e-08 1.61266164866447e-09 3.38451799919426e-10 9.0945329045411e-11 5.41537148457394e-11 2.10091553043412e-09 1.74496236127197e-08 9.54012833176421e-09 4.29919211342167e-11 3.98482633556796e-09 1.23915057770319e-08 8.46501757578722e-12 -9999 -9999 -9999 -9999 -9999 -9999 -9999 -9999 -9999 -9999 -9999 -9999 -9999 -9999 -9999 -9999 1.52308976542059e-10 5.78318201285288e-06 7.63830887429151e-11 3.53028917743359e-06 1.36656426548143e-06 1.24967209558235e-06
1.01268771146579e-11 9.70490354745834e-13 3.12561875270845e-09 5.35571587079175e-14 2.94619884044778e-13 2.72845079862805e-12 2.40407693752331e-13 6.4985528069883e-11 1.23245857963639e-13 3.58713059256388e-14 4.45892212042054e-12 1.83547621546154e-12 6.24436169438525e-11 3.40103056828411e-11 5.56737766999049e-11 1.47275391881863e-10 1.6629877919172e-09 2.24140226379177e-09 2.49679516173273e-08 9.63852428981227e-09 8.32616322554713e-09 8.1795896278436e-09 2.3476284027879e-09 2.2949869560307e-08 5.0697133247013e-08 2.99069959908138e-09 2.71027644771493e-13 1.79370751585139e-10 1.27507493452583e-10 5.59394086607767e-11 2.09644017701294e-09 1.33666205215377e-08 3.42304777995905e-05 -9999 -9999 -9999 -9999 -9999 -9999 -9999 -9999 -9999 -9999 -9999 -9999 -9999 -9999 -9999 -9999 -9999 -9999 -9999 1.8814893110175e-08 4.28625617132639e-07 1.82126658199167e-10
5.16280174167605e-10 1.11022302462516e-17 0 0 0 4.51894077713177e-13 1.35615962904012e-12 1.32904798277877e-13 1.71651581837295e-13 1.73409532067126e-08 3.75213193848367e-12 6.10943295953348e-11 7.32113814017055e-11 2.7193913787471e-10 6.28378060696377e-09 0.000326636497845056 7.37067153977478e-09 7.89229588349372e-09 2.2394404197712e-08 6.42148734186776e-09 1.24630432196682e-08 1.14519400540303e-07 1.82968847184384e-08 1.97418941638716e-08 6.21842275450035e-09 6.03938190124609e-08 3.56730005535155e-09 1.48541179356698e-12 5.70576919045607e-13 1.33430821946945e-11 2.53318588328e-11 6.78844713775106e-09 5.00801498104497e-07 -9999 -9999 -9999 -9999 -9999 -9999 -9999 -9999 -9999 -9999 -9999 -9999 -9999 -9999 -9999 -9999 -9999 -9999 -9999 -9999 -9999 -9999
2.19018716052233e-07 6.15145893334557e-08 9.2148511043888e-16 9.99200722162641e-17 0 0 0 1.47659662275146e-15 2.61058952233384e-12 6.83383349908695e-12 1.27742816324883e-11 2.12704076574255e-09 2.02891399680993e-08 1.14464671696624e-07 1.57090070729282e-08 1.61395817599441e-08 2.87173467228286e-09 2.97403435212118e-11 1.05310049569596e-10 1.22121832646371e-08 1.0839161568299e-09 2.14025340028456e-07 1.69828922480519e-07 6.39840891381027e-09 1.5868616287662e-08 9.68418856217568e-10 7.09648784180672e-11 6.25171026058524e-12 9.93760629341978e-14 3.56026319536795e-11 4.07388678347331e-11 1.65545284147584e-09 3.88442487064822e-09 1.5405118958256e-09 -9999 -9999 -9999 -9999 -9999 -9999 -9999 -9999 -9999 2.32603047933821e-11 -9999 -9999 -9999 -9999 -9999 -9999 -9999 -9999 -9999 -9999 -9999
1.25747445789415e-10 3.1650840810471e-07 1.01193498025509e-12 5.55111512312578e-17 0 1.11022302462516e-17 2.22044604925031e-17 0 2.22044604925031e-17 2.16191509139207e-12 7.61297371809633e-09 3.83658971259138e-09 4.32272777572962e-09 1.36024047581174e-10 2.37659651958211e-09 8.31018009961326e-10 4.59986182477223e-10 4.06863431834381e-13 2.92978863392079e-11 4.08084854797153e-10 1.22482357589604e-11 6.87066314952745e-10 1.36454929133833e-08 2.7771701383017e-09 6.37437480577319e-09 7.82198394944089e-10 1.7430402010632e-09 2.50375364885258e-09 8.43573744191417e-10 3.8047787143114e-12 1.27335242350313e-10 9.30227699313946e-09 1.58805463001954e-08 2.81881296082531e-11 1.35566002867904e-12 -9999 -9999 -9999 -9999 -9999 -9999 -9999 -9999 3.77444298038654e-11 -9999 -9999 -9999 -9999 -9999 -9999 -9999 -9999 -9999 -9999 -9999
5.53011636483802e-11 1.44988462125184e-07 1.31228361510694e-13 1.04362962716209e-11 0 0 0 0 1.59471325034133e-12 1.88038793424994e-09 8.92938789576192e-10 1.11768483357366e-11 3.48319275644826e-09 8.42160563507832e-11 1.18298115747706e-10 9.09970854223729e-10 1.98510825555331e-09 1.63275271081176e-10 2.60484189773535e-11 4.40491731978909e-10 1.60568225382463e-12 2.67179611768142e-12 9.40150179928878e-11 3.21525184254767e-10 3.69039128145232e-09 7.95718904100795e-09 2.51355736224923e-10 1.40822808969432e-10 3.69486330420443e-11 2.13140936011769e-09 2.25935492537133e-10 3.54952534031838e-10 8.45654923864458e-10 2.16121787133261e-11 1.21869070390801e-11 1.21877992143027e-09 -9999 -9999 -9999 -9999 -9999 -9999 -9999 -9999 -9999 -9999 -9999 -9999 -9999 -9999 -9999 -9999 -9999 -9999 -9999
1.18757992328966e-10 5.18886045242084e-12 4.5609023224813e-10 1.44348422104201e-10 7.54951656745106e-16 0 0 9.99200722162641e-17 2.8258906326073e-10 1.4432899320127e-16 6.64690524843081e-14 4.44089209850063e-17 1.24312782290303e-12 1.08653541719406e-10 3.99182575883117e-11 1.20696785899099e-12 9.39521238585428e-11 2.70434674654041e-11 7.07878200501e-14 2.05051864377026e-11 2.73890798929699e-11 3.24652527083913e-12 2.13307149721231e-13 1.22594823181998e-11 6.88591494935054e-10 1.2966053120067e-09 3.30265059744761e-09 5.86073589659009e-10 2.9031888004738e-10 2.26271490433305e-10 1.99628424901732e-11 1.05219832846615e-11 1.12931997087173e-11 2.38742359215394e-13 1.38000721960907e-14 -9999 -9999 -9999 -9999 -9999 -9999 -9999 -9999 -9999 -9999 -9999 -9999 -9999 -9999 -9999 -9999 -9999 -9999 -9999 -9999
3.25405835610582e-07 1.62733692832262e-07 8.36648528235173e-10 1.55085935205079e-09 2.50747291374864e-08 2.55037775787059e-08 2.05180317180975e-13 7.7715611723761e-16 3.7458258717038e-12 8.09030620274598e-11 3.25005911072651e-11 2.40373276838568e-12 7.35494998238551e-12 4.42722525306749e-12 5.51714229857225e-13 1.89083193546935e-12 1.2909118218829e-12 9.30966415069179e-13 3.03368441478824e-13 1.33159816506634e-11 2.72438849258094e-11 2.97273317073632e-13 1.54576351718561e-13 4.12114786740858e-14 5.17705878166908e-12 3.01379698974813e-11 1.14347020740979e-10 1.0855727428094e-11 3.41113914892333e-10 0 6.04850725061112e-11 1.37386768628289e-12 2.88657986402541e-16 -9999 -9999 -9999 -9999 -9999 -9999 -9999 -9999 -9999 -9999 -9999 -9999 -9999 -9999 -9999 -9999 -9999 -9999 -9999 -9999 -9999 -9999
2.11033565733487e-08 1.27603427824141e-10 5.42490141697272e-09 2.3890900369139e-11 3.42947892306711e-14 4.46177539359383e-12 9.32855792612486e-11 6.46196096631968e-11 1.55467261286901e-10 1.69462222032735e-11 6.65156818513424e-13 5.53403989300705e-12 7.80842057679365e-13 6.67541577570319e-12 0 1.58470285782641e-09 2.11316582010568e-09 7.26392812566701e-10 9.02544705638775e-12 1.20538024006578e-10 2.91481283554162e-12 1.96120897300034e-13 4.18227674714444e-12 1.22095478172213e-10 7.76920527911784e-11 1.32911892603005e-10 3.57339602352624e-11 7.07420899637157e-11 8.16517298218855e-11 2.81980594429854e-10 8.37158120603476e-12 0 -9999 -9999 -9999 -9999 -9999 -9999 -9999 -9999 -9999 -9999 -9999 -9999 -9999 -9999 -9999 -9999 -9999 -9999 -9999 -9999 -9999 -9999 -9999
1.35447209004269e-14 2.32135066724481e-10 1.24762866704486e-11 2.15218465271505e-10 1.57995643235154e-09 3.03359315445562e-10 1.92942373189453e-10 1.34199096279986e-11 4.03477500299232e-09 1.27662630688974e-08 4.55144601119173e-08 2.13175042063085e-08 7.67428929293601e-09 5.70448754899644e-09 0 1.52457516833238e-08 3.97391602291464e-08 2.65883870476102e-11 2.22024731932891e-11 4.42001990563767e-13 1.5754653137634e-11 5.24266963175535e-11 2.6192168434136e-10 9.1498160159631e-10 8.22171219994061e-12 5.38083311241166e-10 4.88047491309374e-11 8.3753926016783e-11 1.94400051611865e-13 5.62462920683515e-10 3.98507227217237e-11 -9999 -9999 -9999 -9999 -9999 -9999 -9999 -9999 -9999 -9999 -9999 -9999 -9999 -9999 -9999 -9999 -9999 -9999 -9999 -9999 -9999 -9999 -9999 -9999
6.37175290307823e-10 5.21148455767673e-07 1.29078223665147e-09 1.27409593986272e-09 2.42953834828086e-10 2.14064311876427e-07 5.77141334723308e-11 3.56863370143401e-07 0.000331526852581521 0.000330757013191896 0.000325225558555675 9.42941156267807e-09 1.62232913680782e-07 0.000279540571908221 1.6975632206595e-07 0.000273227261688147 3.74477349396329e-07 1.7842669564061e-09 1.0172418463128e-12 2.79941003711315e-10 1.17156151446807e-09 1.10531473751507e-08 4.5629806599834e-10 2.21309770509492e-10 1.23288101949726e-10 1.05513597858931e-11 1.12771891824792e-10 2.53347520740022e-10 3.17867954180429e-13 6.78808120824215e-10 0 -9999 -9999 -9999 -9999 -9999 -9999 -9999 -9999 -9999 -9999 -9999 -9999 -9999 -9999 -9999 -9999 -9999 -9999 -9999 -9999 -9999 -9999 -9999 -9999
4.03950206617765e-12 7.78970417059099e-09 1.74465128566226e-07 4.24457130066003e-07 1.69391955751053e-07 0.000335611574190076 0.000397652021226036 0.000385246502830749 0.000410741135497716 0.000386805858281736 0.000428536088996689 4.89900548927835e-07 9.2245909399935e-08 2.77367348644475e-08 1.10059460212142e-08 3.05822078772167e-10 1.01010400044288e-09 1.6965324789453e-08 8.63233964309984e-09 6.36384882568564e-09 9.4563972652395e-09 3.50738424970132e-09 9.91933757354957e-11 8.88617712746509e-10 8.14042167007756e-11 3.3507152608081e-11 1.63056608215584e-09 4.31663371713853e-10 3.08543235405523e-09 3.79600777478117e-09 -9999 -9999 -9999 -9999 -9999 -9999 -9999 -9999 -9999 -9999 -9999 -9999 -9999 -9999 -9999 -9999 -9999 -9999 -9999 -9999 -9999 -9999 -9999 -9999 -9999
5.80162463847955e-08 8.11413826795615e-08 7.2038614007397e-08 0.000190123940285392 1.31852493723272e-07 0.000292810069010663 0.000434551677762607 0.000569323454219306 0.000805277151345962 5.05066782352515e-07 2.02249657377251e-07 2.63169994241252e-08 5.51608138721349e-08 2.37040950423761e-08 4.68491123228887e-08 3.03244405586156e-08 1.75275296498967e-09 3.14681614099754e-10 5.09696285178052e-09 4.41529923733697e-10 1.18667409232387e-10 4.90707918743283e-11 2.20494733582655e-12 1.74271708175411e-13 1.06321407233878e-10 8.93312090965992e-12 6.71318556300093e-13 6.55031584528842e-16 1.70419234279962e-14 1.11022302462516e-17 -9999 -9999 -9999 -9999 -9999 -9999 -9999 -9999 -9999 -9999 -9999 -9999 -9999 -9999 -9999 -9999 -9999 -9999 -9999 -9999 -9999 -9999 -9999 -9999 -9999
7.87855810813198e-08 3.04679502960425e-08 0.000128874430736481 0.000152195437325764 0.000171192636181194 0.000225037453280219 0.000369054736960939 0.000577092515909861 5.77353148401016e-07 1.2564192957143e-07 5.66312962746451e-08 3.07065442939347e-07 2.01444450453891e-08 7.1329587569835e-09 2.81024252757334e-09 1.33241854882726e-08 4.75519357223675e-10 2.36450725665804e-10 4.14153255405836e-06 9.74796421360224e-07 7.29488078832219e-09 4.1607828293877e-12 4.69069227904129e-14 1.83414394783199e-12 3.01959568460575e-11 6.66133814775094e-16 -9999 -9999 -9999 -9999 -9999 -9999 -9999 -9999 -9999 -9999 -9999 -9999 -9999 -9999 -9999 -9999 -9999 -9999 -9999 -9999 -9999 -9999 -9999 -9999 -9999 -9999 -9999 -9999 -9999
4.84200768369192e-08 3.99379596061067e-10 0.000137564332646178 8.83280563357403e-08 0.00023378267618448 3.52880692844337e-07 0.000554987575405674 3.63216736332106e-07 3.05783555631933e-07 2.15901309275068e-08 4.9100742671726e-08 2.88157394834343e-08 5.57057955319351e-10 2.02252010694792e-09 7.74770803069202e-11 1.11163458882402e-08 6.61692922676593e-15 1.66200386786386e-14 0.0428768277168274 0.0117056638002396 0.000715354457497597 3.46833672892899e-14 4.29878355134861e-14 1.43059453172611e-11 -9999 -9999 -9999 -9999 -9999 -9999 -9999 -9999 -9999 -9999 -9999 -9999 -9999 -9999 -9999 -9999 -9999 -9999 -9999 -9999 -9999 -9999 -9999 -9999 -9999 -9999 -9999 -9999 -9999 -9999 -9999
9.34529973805387e-05 9.34180206968449e-08 2.17865203921974e-07 2.75988031717134e-07 0.000661127779486303 9.32999171254778e-08 0 5.69098688174563e-08 1.12444126898481e-07 2.19696127956581e-10 9.90574289261303e-13 3.62985520041548e-07 4.75681147804607e-09 0.044942906498909 0 0 8.69022915139794e-07 2.41193927053018e-09 0.000395891210064292 3.33066907387547e-17 5.99520433297585e-15 4.32209823486573e-14 1.97397653778353e-14 2.1316282072803e-15 -9999 -9999 -9999 -9999 -9999 -9999 -9999 -9999 -9999 -9999 -9999 -9999 -9999 -9999 -9999 -9999 -9999 -9999 -9999 -9999 -9999 -9999 -9999 -9999 -9999 -9999 -9999 -9999 -9999 -9999 -9999
0.000121226538295605 1.43753140946501e-07 0 3.6477842968452e-07 5.45409477581416e-08 2.14335955206479e-07 1.89748225238873e-06 3.27668232102951e-08 1.45393627803969e-08 1.37337138994553e-08 9.14617714897759e-10 9.75896227828343e-08 9.07875996603025e-11 4.67146310256794e-07 8.67199858589629e-09 9.58714707621766e-10 1.2002732141525e-12 7.01775788911618e-06 7.53186402135952e-13 1.33597143303632e-07 0 6.81121825607534e-14 0 -9999 -9999 -9999 -9999 -9999 -9999 -9999 -9999 -9999 -9999 -9999 -9999 -9999 -9999 -9999 -9999 -9999 -9999 -9999 -9999 -9999 -9999 -9999 -9999 -9999 -9999 -9999 -9999 -9999 -9999 -9999 -9999
3.64471617331219e-09 0.000255973873987558 1.37220041008801e-06 2.14517414942605e-10 1.70686131895081e-11 1.55984523075858e-08 3.69244794740098e-09 8.90731932656763e-13 0.263267874888743 1.93345339738471e-13 4.9471537977297e-14 3.42170736189473e-14 5.63050051027858e-11 3.63061802843845e-12 5.93139537485854e-11 -9999 -9999 0 0 -9999 -9999 -9999 -9999 -9999 -9999 -9999 -9999 -9999 -9999 -9999 -9999 -9999 -9999 -9999 -9999 -9999 -9999 -9999 -9999 -9999 -9999 -9999 -9999 -9999 -9999 -9999 -9999 -9999 -9999 -9999 -9999 -9999 1.28863586468242e-13 0 1.11022302462516e-17
2.09964341024715e-08 0.00187442865151318 3.41312650489645e-05 4.33476445849124e-09 1.6977770215254e-07 2.64906844127388e-08 6.46990239161482e-11 8.73707994841766e-11 -9999 -9999 -9999 -9999 -9999 -9999 -9999 -9999 -9999 -9999 -9999 -9999 -9999 -9999 -9999 -9999 -9999 -9999 -9999 -9999 -9999 -9999 -9999 -9999 -9999 -9999 -9999 -9999 -9999 -9999 -9999 -9999 -9999 -9999 -9999 -9999 -9999 -9999 -9999 1.06710307257174e-11 5.30047502811382e-07 4.69958911364365e-07 1.03348609670206e-09 6.01115379694761e-11 5.224529697756e-11 1.27684963506125e-05 6.47004935672157e-07
0 1.38727537125516e-05 3.36393985347239e-05 4.96042742710312e-06 -9999 -9999 -9999 -9999 -9999 -9999 -9999 -9999 -9999 -9999 -9999 -9999 -9999 -9999 -9999 -9999 -9999 -9999 -9999 -9999 -9999 -9999 -9999 -9999 -9999 -9999 -9999 -9999 -9999 -9999 -9999 -9999 -9999 -9999 -9999 -9999 6.20614670765462e-15 5.34604121860127e-07 2.7566557037062e-08 1.49723529290213e-06 1.01308499367292e-09 3.64022545440434e-10 8.57366511120006e-11 1.32955901843701e-10 4.36341725187361e-06 5.03393558147658e-05 4.13073564686783e-08 5.13123312868569e-06 3.32715653583726e-07 1.80237502700464e-10 3.91333863092314e-09
