Scripts_&_data/Maxent_result_files_1/Bombus_muscorum_3.asc
NCOLS 594 
NROWS 330 
XLLCORNER -15 
YLLCORNER 23 
CELLSIZE 0.166666666666667 
NODATA_value -9999 
[rows 240 to 259 of 330, columns 460 to 505 of 594]
8.52428097219971e-08 1.81766635591885e-06 7.42200083436728e-07 2.13138262239454e-07 5.32195213054365e-07 1.43824511411594e-07 1.09467690578846e-08 9.83766224038618e-10 7.94987617958043e-09 1.85787493300893e-07 2.38362443738538e-07 1.66520106259505e-08 1.88284022817342e-09 1.09330563491383e-09 4.0448946192484e-09 4.25933392733668e-07 7.42284132826398e-07 4.10941088269112e-07 1.1187507586996e-09 1.36357935687226e-07 8.65337783579889e-06 9.11991173779825e-07 8.38960578786185e-10 1.62835921746485e-08 6.20350393276681e-10 3.66159225162477e-10 2.40055610944978e-09 5.97069131913486e-09 1.26145351941886e-08 0.000136418416960282 2.51325737729013e-05 3.11038311728851e-07 2.16407418485165e-07 3.13135367377981e-06 2.47759690182647e-05 1.87527547268473e-05 6.8387952296689e-06 1.03552315389166e-08 9.49504763411824e-05 1.95160269056416e-08 1.01010109687216e-05 2.22277619863487e-06 1.92000785050772e-05 0.000504280976019855 3.27410867828615e-07 3.04236445063388e-06
2.44034335992183e-06 2.46659777189961e-06 1.46831624761035e-06 7.03220486002465e-06 3.19683081118072e-09 2.07725721068641e-08 6.12771158803316e-07 1.38447354629534e-06 1.29795410259703e-06 6.90534004377241e-07 2.16245215955979e-07 1.13713428673279e-09 9.05202068857136e-10 1.49160716311769e-07 2.24741787957505e-08 4.20854392890746e-08 1.50393895737011e-07 5.6189992555522e-07 5.08400188437008e-07 9.90733841632618e-09 2.47425105293075e-08 5.41120167554254e-06 3.19651527469489e-07 6.09455520605984e-08 4.29401593393663e-08 3.45267544332728e-08 1.42341815001501e-09 3.37159911101281e-10 1.52954219956314e-08 0.000117245436373636 1.51942228021618e-08 9.58301807907347e-09 2.10266545224158e-06 2.61836927962777e-06 1.06918525268895e-06 1.63442949201453e-06 4.49123703782917e-09 6.3154677043542e-09 3.10951279391958e-08 9.22469087782929e-09 1.82516992297543e-08 6.34551711300446e-05 2.62559931467621e-05 6.71537903144781e-05 4.40067994267324e-08 3.91793066212287e-08
1.30026831811847e-05 2.47780356403382e-05 2.35291332728593e-06 4.00810160955389e-06 6.87737000362176e-06 1.22583769912588e-08 7.35651137784288e-09 1.39661894280607e-06 9.80047697396458e-07 1.30228675843114e-07 2.33616563249939e-07 2.125673383091e-07 2.13247829417007e-07 4.07081626585537e-07 3.74345754083905e-07 9.83851857760953e-09 4.98678245364204e-09 1.74474745762154e-10 1.98018507147069e-09 2.70167245020048e-07 5.7865450542316e-09 5.86426419646457e-09 1.44948486213714e-08 5.55915996258705e-07 2.9179098817167e-07 5.29541440030812e-08 5.72655342034878e-09 3.52889102828158e-08 7.65519558854066e-10 1.10481462534118e-08 8.0238929989207e-08 2.88490009126008e-07 4.21350910325691e-06 1.32734531055334e-07 1.69608230748963e-07 2.23285753175873e-07 4.38552882786603e-08 1.84228379218609e-09 5.82207608346152e-07 3.6690967597508e-09 1.67747040791255e-06 1.93302538207263e-06 1.1547277642876e-05 6.01252145016051e-07 5.71563832263422e-08 1.35792174449367e-07
4.60131241664108e-08 8.43098545146859e-06 5.25231423011974e-06 9.76455606860327e-07 2.33472948139024e-06 1.72603430437235e-09 1.97604799190287e-09 2.3600518872513e-09 1.05395476790449e-09 8.59370641315138e-10 4.25640205303779e-09 3.12942648594827e-07 2.79544627346251e-07 6.31255188210389e-07 1.6412179402181e-07 4.28677054742366e-08 5.49365090307674e-08 4.95650365195388e-08 1.0190797883336e-08 1.96712925060183e-08 3.16235794883823e-08 2.7445658083991e-07 1.69966757113116e-07 3.52068106668213e-08 3.46940571382959e-08 3.76150813830023e-09 1.775574137719e-08 7.68539896167653e-08 2.76895310236114e-08 1.30747153770372e-08 4.44120380804769e-08 4.7099567889175e-07 4.37893457450045e-07 9.67881783608959e-08 2.06391752399782e-07 1.43484915948733e-08 6.47512468088252e-09 5.65002998831332e-09 5.54653735918009e-07 3.97515349845889e-06 2.48712423456254e-07 1.51746420016252e-06 4.60448799231017e-06 1.87047467625767e-08 9.04078549690546e-08 2.52771688963094e-05
2.48141840852867e-08 1.57218676966053e-09 3.06711100961365e-07 1.80881215072759e-07 3.07588013281901e-07 1.76282391173288e-07 3.47501136754858e-09 1.07222667411477e-09 1.1687196654897e-09 1.12311802080711e-09 8.0215344366863e-10 1.37647027109722e-09 2.57469197961768e-08 3.57599522438079e-08 2.25209122461933e-07 1.43371667427061e-07 3.63648279488871e-08 4.99623887151301e-08 3.4522208025578e-08 4.63364607128369e-08 7.99282848795713e-09 1.22332402874292e-08 5.67848694732476e-09 6.28167178273742e-09 5.8415546344559e-08 1.43016277187602e-07 1.39221586614724e-07 3.5356787808638e-08 7.36581168281347e-09 4.91645811839803e-09 1.76290485431885e-08 1.20523092561609e-07 7.84596135838811e-08 2.81548452107927e-07 6.1743364110356e-08 1.32517147255484e-08 9.24910197763751e-08 3.19723772346236e-08 3.35223477332391e-07 1.22330374808799e-06 3.72301711681899e-10 1.29921248204212e-09 9.30742875482338e-07 4.14449048236065e-07 2.93585534905105e-06 9.4582311894742e-07
3.91434196167495e-09 2.0716837034751e-08 2.75403173599642e-09 1.0879793066465e-09 1.98796594741424e-09 3.21420865478927e-09 1.13994780281956e-09 1.21656540397197e-09 1.28273837107784e-09 1.41526939057002e-09 1.4651152513423e-09 1.54260644258386e-09 1.24728044559319e-09 1.24297265813311e-09 3.49445727909625e-09 7.38696626090274e-10 5.68992908345223e-10 2.91601104485117e-08 2.24068256060583e-08 1.46416009483286e-07 8.85396340688516e-09 1.26892313101479e-08 2.44031349416751e-07 2.06870384744651e-07 1.87373274229685e-07 6.44204105615387e-09 3.24149290520381e-08 5.82641986879295e-09 1.28781196251371e-07 3.57056817335e-08 3.63897494359833e-09 3.85386139334365e-08 1.39075982719117e-07 1.34206371871226e-07 1.31795855062844e-07 1.28231527063427e-07 3.91010172018369e-09 1.00480163300887e-08 1.72478241111662e-07 5.46523825306622e-08 1.19618804639288e-07 7.59169862529774e-09 1.52007087805828e-07 5.28666244214992e-07 8.33969352811437e-06 3.64333416769114e-06
9.02343322284338e-10 1.52143453391318e-09 1.49777090729941e-09 1.23091397075115e-09 1.51004808657262e-09 1.63101034900137e-09 1.16945587658179e-09 1.19390364261562e-09 1.68219613794207e-09 1.89111064585745e-09 1.97338330121255e-09 1.95502964928096e-09 2.01908421093577e-09 1.93553626459675e-09 1.69653742165821e-09 1.08701094791996e-09 9.9109710438583e-10 8.06846300882569e-10 3.05622761542779e-09 1.78953085239186e-08 4.16046509599255e-07 2.77994238295776e-08 9.22307664685817e-09 3.92438955998387e-08 1.03042264498754e-08 1.70207492988794e-08 3.87125187906179e-08 2.40274411145158e-08 3.09200252290864e-08 6.68149593430201e-09 3.14402603507347e-08 4.08256880302105e-08 8.32900424185823e-09 1.40261790926299e-07 1.36464886757448e-07 1.35777093535072e-07 1.3039891968436e-07 1.00554023552135e-08 1.13362787601545e-08 9.22246793377823e-09 9.17575921910441e-09 3.58253138266207e-08 8.89099858625286e-08 1.69101583846754e-09 7.15401905493351e-09 1.64103173460717e-05
7.85695408733744e-10 1.17366496521498e-09 1.03229319536879e-09 8.41715608324023e-10 6.5203441756978e-09 2.83286275548633e-09 1.23537655660755e-09 1.83878534620874e-09 2.07076418234919e-09 2.28484267061901e-09 2.6434954225607e-09 2.87848305191574e-09 3.19794368763837e-09 2.78087957106266e-09 3.35483223423694e-09 2.5453681384846e-09 2.44324063203294e-09 1.73530363412056e-09 1.99952405743886e-09 1.06062795213191e-09 9.74406201947886e-08 3.30339289256187e-08 7.27549803514194e-08 3.26387949556306e-08 7.20423516398228e-09 8.05292922123613e-08 1.35530254574689e-08 8.09161506687417e-09 1.07168928664692e-07 2.16682315645755e-07 9.17344610940063e-08 2.07015681086276e-07 3.47588758131678e-07 2.03000158904842e-08 6.86457448662026e-09 7.84508118467642e-09 9.30309715929667e-09 4.61961242370634e-08 5.16885286794278e-09 3.68832950847775e-09 1.23767325277413e-07 5.45613595859251e-08 1.90396246679825e-07 9.27441502085458e-07 1.43586773788229e-05 3.65030447255776e-06
8.12972889008279e-10 7.27588389537459e-10 1.38096951651789e-09 1.21106009665084e-09 1.06796416474708e-06 7.93979312296855e-09 2.02649410585565e-09 2.83693717406663e-09 2.69905378047497e-09 3.7204654912415e-09 3.89265277789264e-09 4.21861456878503e-09 5.30581996116553e-09 5.12110887029849e-09 5.04249224597686e-09 4.58945930148502e-09 2.60648209682302e-09 2.18734932388998e-09 1.7676406560696e-09 5.42528699742917e-10 9.73256220060392e-10 7.13271386398873e-10 2.47271170206176e-10 2.61666155410012e-10 4.55183901237888e-08 4.6102739847953e-09 8.39516423045694e-10 3.72710795559783e-10 4.62095606224011e-10 9.46627696229996e-09 1.0676305288726e-07 1.30381022245274e-07 2.10075857931535e-08 6.51955042174635e-09 6.84389993566015e-09 5.8310715687071e-07 2.07816166497565e-09 1.19010296062427e-09 2.05674305364667e-09 2.23131424448297e-10 1.94907556760882e-10 1.26610222306311e-09 2.36435632183785e-09 1.23891909424856e-06 6.58881431903069e-07 3.63913946301864e-06
1.43628851034805e-09 6.61276201574523e-09 1.50587264879931e-09 1.4202315767875e-09 1.29077460941929e-09 1.35468123474425e-07 1.76612680036214e-09 3.85361924593042e-09 4.76114481173795e-09 5.47085567959016e-09 5.53530012936676e-09 5.71975871110908e-09 6.27074054904142e-09 7.17618142687115e-09 6.22860731880337e-09 4.21584767096306e-09 2.70392155332644e-09 1.85657298423791e-09 1.07235773594283e-09 1.87553226282944e-09 1.19694961719929e-09 1.24548157343085e-09 9.88976300853039e-10 8.11462463889967e-10 7.28423821261259e-10 8.76622530121551e-10 9.18625342460899e-10 1.37105777842095e-09 1.40940292769898e-09 1.82033409457105e-09 7.52570292306132e-08 1.56482651547663e-07 3.70500725133116e-07 3.91141631503889e-06 9.09818125061079e-08 1.00390940449557e-08 2.31034237296868e-09 5.18642683244863e-09 7.04856001343401e-09 1.74028008226301e-08 1.62890125832149e-09 1.14923679461754e-09 5.1385872723575e-08 7.01898627539777e-06 3.06464111616833e-06 1.37948259238407e-05
1.04518018684274e-09 1.43523046780558e-09 1.67524989436174e-09 2.04226533462304e-09 1.11994101770208e-09 9.74582273771674e-09 1.78554924179508e-09 2.12119399822797e-09 3.4179059138495e-09 4.05600841801856e-09 1.32608609981766e-08 7.97361430215915e-09 6.87389380971126e-09 7.11416578980106e-09 3.67863446371075e-09 2.58798866781262e-09 2.11625961199502e-09 1.97403480228786e-09 1.79792389864986e-09 3.43148089498868e-08 4.7170894301729e-09 2.12209174677014e-09 2.62866084455027e-09 1.46084955243708e-09 1.80544710293162e-09 4.76263417037437e-08 1.64556667070492e-08 1.34881388058616e-08 1.0816251205803e-08 3.58144829348817e-09 1.52652117613172e-09 9.47736045975312e-08 1.49853828834701e-07 1.48902055163713e-07 1.59629996212551e-06 2.51390673833285e-08 8.10135892814756e-09 5.504863063166e-08 1.47767929226106e-07 8.79933310105052e-08 9.66691296344635e-08 9.13838281713098e-09 1.26098938721952e-06 1.29450368433481e-06 3.13709715413779e-06 4.59154083968349e-05
1.58906747760312e-09 6.40843244026357e-09 1.79495440733035e-09 1.67310558740752e-09 1.43274732078424e-09 1.09289641780919e-09 1.11626344834193e-08 3.08357392952985e-09 2.45596916137458e-09 5.64427531379863e-09 4.0842238147043e-09 3.4056269804239e-09 3.49844988534187e-09 4.02162565471542e-09 5.14134592677351e-09 4.82225384068613e-09 3.65920249656426e-09 1.06389970833121e-08 9.25565644238624e-08 3.84012558052316e-07 1.76502460536021e-08 5.64858733786977e-08 2.53720134040236e-06 9.57230314568847e-08 1.16805616794391e-06 1.02709264671041e-07 7.61581406938383e-08 7.100442473984e-06 5.44465277698691e-06 4.76629208492341e-06 2.99166840420639e-06 7.61862388571899e-06 9.02120462742406e-07 5.65056334735914e-06 1.25659309446746e-05 6.90472904807393e-05 6.40377975568152e-06 3.63492532583498e-06 3.20580267295645e-06 6.9816936445477e-06 1.95155250594325e-05 6.36870709058712e-06 6.01781819398184e-07 7.04681519536621e-07 2.2376105640376e-06 7.86776222998276e-05
4.12995246890091e-09 3.86477503333538e-09 2.87456281000686e-09 2.41436381998028e-09 1.66569014137252e-09 1.03091349901163e-09 8.68005540777261e-09 1.62785476613969e-06 7.17342731881843e-09 1.46770648967731e-09 1.68327713989669e-09 2.09833910247426e-09 2.62316208754498e-09 3.49191218163014e-09 5.5399844711701e-09 6.03673698806872e-09 4.87036985106215e-06 1.55740625700673e-05 7.28972368960967e-05 5.32391276010458e-05 4.45642427621351e-05 8.19631503873097e-05 4.68755728405768e-05 0.000285065849675448 1.92660658288268e-05 0.000282004758582843 4.49638221653004e-05 1.51190750301566e-06 3.16563138085257e-06 1.94013614134292e-06 2.60755724639239e-05 1.64605947929886e-05 5.2042029039967e-06 5.93400837374247e-06 6.41757624748607e-06 1.58172408760038e-05 1.13686382917422e-05 0.000202921779236931 1.91707211740777e-05 1.94389372836667e-05 4.14638718666538e-06 1.16551668760678e-07 1.16103924554523e-06 1.2162455353959e-06 2.39268795313663e-05 5.07416496658086e-05
2.90423458615408e-09 7.79516451387963e-10 3.28979097297122e-09 2.3539255211702e-09 1.87116622196726e-09 2.00826990592873e-09 1.52502059869164e-09 1.12474800584295e-09 1.10261648977872e-07 3.57645958404262e-09 1.28911763486173e-09 1.91228779478081e-09 3.38786128040169e-09 4.82857389405567e-08 5.24732076705448e-06 3.27270301340832e-05 3.13235005933166e-05 1.51005407275306e-05 9.28025193388748e-05 9.54840286340186e-05 5.52834162590443e-05 6.03486166710354e-05 0.000132433894668793 3.75849917347737e-05 1.69399771126844e-05 1.69451071997173e-05 1.47166084502715e-05 4.1380213309139e-05 1.10057248889461e-05 1.90008864365154e-05 1.533361038355e-05 5.63990766409006e-06 6.19373240624554e-06 1.78982622173862e-05 8.66850608645109e-06 1.33251762804321e-05 1.43073691106221e-05 4.12216398899545e-05 1.76730465454966e-05 5.88292513292843e-05 8.6641620583805e-06 9.45175811040144e-07 6.84001600070871e-07 5.86052705813245e-06 3.62076056782512e-05 8.82054398110066e-05
2.6223646143464e-09 2.03015844135734e-09 3.40332189097126e-09 3.81938018989558e-09 1.75710397343209e-09 2.55250887093439e-09 1.73209968590271e-09 1.53336121577752e-09 1.4167167439183e-09 1.56679531571058e-09 1.96996956525197e-09 4.8892379034271e-09 1.41560628375004e-07 5.02449643809966e-06 0.000170795649864885 0.000247873023363354 7.20600855856901e-05 4.57656952221441e-05 3.22270396736712e-05 1.64825961746828e-05 0.000116106486530043 0.000192396625789115 8.67612274078056e-06 1.703084564042e-06 7.87773175037643e-05 7.5175663368654e-05 3.05521877298709e-05 2.41465307625033e-05 1.71054965758533e-05 2.49920345434806e-05 3.75886088110566e-05 4.15264680751926e-05 2.15907012023009e-05 1.33345154128883e-05 1.84554746525789e-05 6.13189535265679e-05 8.0158056606372e-05 1.9115335497788e-05 1.34922176646124e-05 0.0001204569528092 7.79295983509565e-06 3.03143749950108e-06 4.60790819567514e-06 1.92303931691562e-05 6.9235755782604e-05 5.09008117761223e-05
3.71668646970136e-09 7.61212765043595e-09 3.73881140491861e-09 2.74372564668113e-09 1.93790450353504e-09 1.92703168977459e-09 2.23004057442466e-09 1.76464172163548e-09 2.29906635951238e-09 9.86259096613651e-09 1.7823605027445e-07 1.55419916038069e-06 0.000259283317245718 0.000305280922293605 0.000113993449849659 2.47892527632132e-05 6.05700724918279e-06 1.58300263137789e-05 2.65971735643689e-05 2.84199249174777e-05 6.45874949764647e-05 6.98325856419046e-05 6.52890744134993e-05 2.57308240310561e-05 2.4316970281113e-05 2.22063154054819e-05 2.49185809888974e-05 1.47865638552291e-05 2.56750416166796e-05 7.37187763316882e-05 2.39341531208748e-05 1.8936738719233e-05 1.55610968328501e-05 1.34748444788113e-05 1.48244743743198e-05 3.02301751981537e-05 1.33175988992207e-06 4.63296117914069e-06 3.00879157066447e-05 9.37483954288609e-07 2.88363188672203e-05 8.6764168871889e-05 1.9287582934846e-05 3.97444307517092e-05 6.49845980913444e-06 6.35084568211264e-06
2.5167083528288e-09 4.49649847356071e-09 4.81320993617196e-08 7.81899702317901e-08 2.97125670734033e-09 2.66779953683738e-09 2.51476288681829e-09 1.44110932076558e-09 2.07457442336079e-09 3.56839815474075e-09 3.50142900340522e-08 1.73829383498525e-07 6.16374008615139e-06 4.18136402004166e-05 5.75558226501016e-05 8.04307733687892e-05 2.65368529426269e-05 2.71646269766279e-05 2.00048128476737e-05 6.66524052803652e-06 2.68476747828039e-05 1.39592232178409e-05 2.0283477977312e-05 2.08457250927552e-05 3.99772638173701e-05 1.11866671736904e-05 1.39551756361378e-05 2.16675680440481e-05 1.30513672511712e-05 2.15051726122351e-05 2.20992764267902e-05 1.43100250810657e-05 1.06238605696696e-05 1.25726492165801e-05 1.25124182250747e-05 1.61774391055025e-05 7.41122510161674e-06 3.89906855247091e-07 1.18526196503321e-05 7.79053799519591e-05 2.20371690425658e-05 1.72599547615171e-05 1.1708486029427e-05 5.48223654363023e-06 5.98992455791425e-06 3.56165015639509e-05
3.15148005469723e-09 2.89302732880969e-09 2.05841450329203e-08 5.78097758774376e-08 4.65731561094529e-09 2.51641436577188e-09 2.88147723459531e-09 3.31412142173804e-09 4.3161583714868e-07 2.46095143552338e-06 3.94152826004301e-06 1.19681027543894e-07 3.7469731062334e-08 8.14950012539839e-06 2.93856044208951e-05 3.83862416356351e-05 7.86815390370066e-06 1.3540861527872e-05 8.90864906750721e-06 1.45690798580067e-05 2.44555937740643e-06 3.41112536540678e-05 2.03803018390403e-05 2.00427584344354e-05 1.19195873239497e-05 4.09018119116311e-05 4.82544527491413e-05 1.71988271324253e-05 1.50745593753498e-05 1.38049876435731e-05 1.285684609168e-05 1.45427283865462e-05 1.15478298344907e-05 1.36837250635846e-05 1.34356572705441e-05 1.22161964676848e-05 1.90337093323945e-05 5.14202711835443e-05 6.87624752036653e-05 9.0878805256156e-06 1.89215039419821e-05 7.12199650302336e-06 2.9105152595954e-05 5.25460134562339e-05 3.99877528906467e-05 1.02112793551212e-05
6.44670166138894e-09 1.09196183317728e-08 3.31979305490115e-08 8.97269686661595e-08 1.10186184743011e-07 4.50433278897933e-08 1.2087181106013e-07 1.28855867753686e-08 1.38258808519698e-06 6.46273520601426e-06 8.17084114146382e-06 4.57798131066056e-06 1.09241627285428e-05 2.60934221267828e-06 1.79285952810915e-05 2.98011911013418e-05 9.60307431228102e-06 1.73344779959672e-05 4.1870600501781e-05 1.37260160914976e-05 1.24235613317869e-05 2.03750632230548e-05 1.89385978425882e-05 2.44539751330208e-05 1.05957584362715e-05 3.660638150631e-05 3.43641713485887e-05 3.65854841653856e-05 1.30406510186254e-05 9.76017931603179e-06 1.2903947882692e-05 1.53961885235199e-05 7.9067234476482e-06 9.18066498569736e-06 2.80038579293485e-05 6.90610926109558e-06 1.75391674678282e-05 1.6512743373609e-05 1.70398922244352e-05 4.72578597276674e-05 7.8259308197659e-05 4.05519492523099e-05 3.71462421569935e-05 5.96862606564552e-05 1.41816186271626e-05 4.06403669899191e-06
7.69056383020938e-09 4.98488551770038e-08 2.87076248217666e-08 4.27600720054322e-08 9.1976357419199e-08 1.15110201414081e-06 2.36479223370001e-07 1.45953592145531e-07 1.24895673270231e-07 4.95968878112762e-05 2.33308394285814e-05 1.64998491470669e-05 6.14176366013908e-06 1.24846268761303e-05 3.83407318622631e-06 9.70827830708565e-06 9.88759454089161e-06 1.04473177838238e-05 8.53681414226815e-06 3.30021219525634e-05 1.46637566190044e-05 1.02676226585885e-05 1.44465670333327e-05 1.11229293655146e-05 1.24798937230164e-05 1.22505880341572e-05 9.40202885386654e-06 8.71522920289358e-06 8.77213776157015e-06 3.39418152184745e-05 1.4827679725693e-05 1.11831997899547e-05 6.83551000455473e-06 4.53238369918507e-06 9.90786850341152e-06 9.39769116106159e-06 2.05330897215084e-05 1.00047403167491e-05 3.85503002792276e-05 1.14797297107061e-05 1.29055343065843e-05 2.62529406561574e-05 1.44127549443041e-05 1.40452081813791e-05 1.29111594660003e-06 5.70282561511704e-06
