Scripts_&_data/Maxent_result_files_1/Bombus_laesus_2.asc
NCOLS 594 
NROWS 330 
XLLCORNER -15 
YLLCORNER 23 
CELLSIZE 0.166666666666667 
NODATA_value -9999 
[rows 126 to 146 of 330, columns 235 to 281 of 594]
0.409286765381694 0.0822277683764696 0.0449330486357212 0.0593466885387898 0.0431867998093367 0.0432566681876779 0.0409961309283972 0.0446275541558862 0.0479194777086377 0.0616500116884708 0.0679942976683378 0.0516850899904966 0.0563480557873845 0.0499746287241578 0.0587499553337693 0.053276439383626 0.0759561233222485 0.118563777953386 0.0551922919228673 0.0527233935892582 0.0917366106063127 0.142554616183043 0.0531351698562503 0.0627038013655692 0.0795197595842183 0.0939532298594713 0.0864094316959381 0.0865481480956078 0.099880051985383 0.0834278535097837 0.0996915972791612 0.0644293793011457 0.0706829404458404 0.0633957352489233 0.286241383850575 0.681709373369813 0.0702074644621462 0.0912632038001902 0.0338463937863708 0.0506355015095323 0.0329325818456709 0.0513542572036386 0.0223436533007771 0.0220375364180654 0.0225492591504008 0.0205389408394694 0.0362259190529585
0.0491552894935012 0.0562113184481859 0.113663256540895 0.0584645984694362 0.0603877143934369 0.114304257184267 0.0505668686702847 0.0400980187579989 0.0551566319540143 0.0438851987943053 0.0505619432777166 0.0447476383298635 0.0472840948030353 0.109844816103578 0.0828914981335402 0.160712818056345 0.483630393445492 0.14298641551286 0.087286813557148 0.1210190795362 0.162599715590477 0.204750061035156 0.0388920309953392 0.0801920957048424 0.0377174258232117 0.0379007168114185 0.0323015814647079 0.035862778685987 0.0936992272734642 0.117504700273275 0.0301096291281283 0.0418715490959585 0.0322412350215018 0.0725122429430485 0.106744934432209 0.142755623906851 0.0313631131313741 0.0576504205353558 0.0503723548725247 0.0390250068157911 0.0396061927080154 0.025278131570667 0.0373159343376756 0.0224821155425161 0.0231018398888409 0.0209487551357597 0.0197664576582611
0.0851862642914057 0.0792562711983919 0.0995137393474579 0.0573472302407026 0.087966188788414 0.0545794792473316 0.10438876003027 0.049075928516686 0.0460723610594869 0.0613640576601028 0.191579649597406 0.049825281649828 0.0570020232349634 0.280681787373032 0.49144176322734 0.191742423176765 0.164516453444958 0.223401483893394 0.605081498622894 0.489169201254845 0.259424443542957 0.792403227090836 0.0670692279934883 0.0743972124066204 0.0694498229771852 0.0471407970413566 0.03928655795753 0.0367239527404308 0.0443741029128432 0.0397214647382498 0.047548408433795 0.0322068586945534 0.050710335560143 0.0398488162085414 0.0606043895706534 0.202988546341658 0.070878492295742 0.036282616853714 0.0500587900169194 0.0351451335474849 0.0788444561432698 0.037385774962604 0.0402254356071353 0.0397304823622108 0.0302384568378329 0.0489268774166703 0.0399488087743521
0.355256661772728 0.272574214637279 0.103948161751032 0.1350271448493 0.0539911715313792 0.0890535429120064 0.0854523155838251 0.0546260014176369 0.0573480572551489 0.0524466531351209 0.118461421504617 0.062360262311995 0.10105090662837 0.163688439875841 0.311879327893257 0.175074210762978 0.317648686468601 0.297752895951271 0.108239192143083 0.37642767727375 0.1462711378932 0.0387067053467035 0.0955721952021122 0.0622587148100138 0.061273449473083 0.0401844220235944 0.0510713722556829 0.0550422305241227 0.0469612395390868 0.0586421731859446 0.037615598924458 0.047307363152504 0.0404233442619443 0.0368834025226533 0.0376711593940854 0.171553071588278 0.324495631456375 0.233038049936295 0.291647511720657 0.0324710438027978 0.0293713388964534 0.0409060217440128 0.0407884895801544 0.0331736512482166 0.0295779719948769 0.0361475771293044 0.0207916715648025
0.672880434989929 0.464800149202347 0.570024785399437 0.904501926898956 0.0715972390025854 0.0560713997110724 0.0747958041727543 0.0617630198597908 0.0502742769196629 0.0535657143220305 0.0521157249808311 0.0690116159617901 0.0578615579754114 0.221415962278843 0.22665756046772 0.254799902439117 0.0420568874105811 0.0530310158617795 0.044170406460762 0.183532021194696 0.0859366320073605 0.0470620345324278 0.0386442448943853 0.0421308096498251 0.0410066599026322 0.0873122047632933 0.0731465648859739 0.0647488379850984 0.0428793074563146 0.0267180026043206 0.0825654372572899 0.0279917699284852 0.030957239237614 0.0341909321025014 0.041589093208313 0.0627885079011321 0.0473736684769392 0.0730027116835117 0.10928615257144 0.0445335227996111 0.0360711970366538 0.0321906393393874 0.0747090019285679 0.0328146281652153 0.0293140886351466 0.0335262475535274 0.055310626886785
0.649857699871063 0.620405435562134 0.585987433791161 0.611235052347183 0.157436660677195 0.261231948435307 0.134823925793171 0.0936028096824884 0.0625325912609696 0.083540914952755 0.0808488838374615 0.106252956017852 0.0637290749698877 0.20384701192379 0.0930302754044533 0.40870461165905 0.0795931160449982 0.108090604841709 0.024996671685949 0.0696020092815161 0.0709487050771713 0.0470074960961938 0.0716681629419327 0.0930156229063868 0.0744822163134813 0.203674411773682 0.0954577228054404 0.0630168853327632 0.0612611146643758 0.0555590495467186 0.0527216358110309 0.032746309787035 0.0487082431092858 0.0455872125923634 0.0854449953883886 0.0334475965704769 0.0351499069482088 0.0473588479682803 0.0251519553828984 0.0273389633744955 0.0318340400233865 0.0445490359328687 0.0970410100184381 0.0308701392263174 0.0444654451683164 0.030303743481636 0.0284310517832637
0.513955655694008 0.118986601382494 0.0692088600248098 0.339200712740421 0.45186555981636 0.369223305583 0.13381156027317 0.200487500429153 0.210340082645416 0.354246997833252 0.189689102768898 0.124296536296606 0.0714301615953445 0.27344458848238 0.190723426640034 0.284419378638267 0.109515301138163 0.0787793945521116 0.0283968738745898 0.353538259863853 0.158342685550451 0.0668317532166839 0.0699203707277775 0.194647125899792 0.0399745276197791 0.0600240133702755 0.0513585925102234 0.0403797574341297 0.0573063896968961 0.0960254792124033 0.0330129315145314 0.0580934677273035 0.0518933838233352 0.0489424083381891 0.111085193604231 0.134536886960268 0.0352474834769964 0.0350984225980937 0.0553707681596279 0.0490697046741843 0.0324906127527356 0.0247909650905058 0.0330427808687091 0.0383425643667579 0.0411926600150764 0.0358121586963534 0.0214603538624942
0.732650059461594 0.440121218562126 0.0668187405914068 0.140420886874199 0.224034084379673 0.11966467499733 0.0650339867919683 0.588057300448418 0.253969655930996 0.0782982878386974 0.0545091623440385 0.0826674550771713 0.0888135403394699 0.153617542982101 0.223562023043633 0.0431632993742824 0.0477817121893167 0.0461259219329804 0.092356650531292 0.126106309890747 0.197382660955191 0.107857842370868 0.227865076065063 0.252117212116718 0.151498805731535 0.0377302201464772 0.0396796336397529 0.0461164219304919 0.0307208833284676 0.0588679926469922 0.0555351808667183 0.0405966926366091 0.0244817932136357 0.0321258670650423 0.0310907199978828 0.0441982852295041 0.0372391488403082 0.0190156278433278 0.029317244514823 0.0374440508894622 0.0854260174615774 0.032807532697916 0.0420435884036124 0.0342582517303526 0.049505468388088 0.0370664307847619 0.0219580470118672
0.146136240661144 0.516517782211304 0.135980336368084 0.136491005122662 0.119711562246084 0.0696114089339972 0.125460264086723 0.257049499452114 0.650396656990051 0.351221537590027 0.0690593902021646 0.0612427867949009 0.122149064019322 0.0369450845755637 0.295035941153765 0.192660212516785 0.243108308315277 0.101618810370564 0.364546558260918 0.0797847844660282 0.131851922720671 0.481814898108132 0.233018096152227 0.189582501351833 0.113480157405138 0.0401137605309486 0.206539108604193 0.171512958407402 0.0713636297732592 0.0343735819682479 0.0239721579127945 0.0574284451082349 0.0419764127582312 0.0867524974048138 0.0546135872602463 0.0441763572394848 0.0355765638872981 0.0439136495813727 0.0499861417338252 0.0324059020727873 0.0548369186581112 0.0283170971088111 0.0295760585926473 0.0338731551542878 0.0298055049031973 0.0308794032782316 0.0345850737765431
0.324978774785995 0.196409496665001 0.06309356354177 0.174908870458603 0.277663069963455 0.279361067712307 0.604584538936615 0.443144243955612 0.521682608127594 0.135314810276031 0.0694831196218729 0.0956621956080198 0.12949885353446 0.148666908591986 0.495374321937561 0.0987513817846775 0.052337909117341 0.0654567204415798 0.674558927118778 0.619167342782021 0.30131670832634 0.10203975699842 0.0833564803004265 0.173670169338584 0.175780189037323 0.0587866293266416 0.0717427235096693 0.14318168386817 0.0701938157901168 0.0465918283909559 0.0629100052174181 0.0511389127001166 0.0866599682718515 0.124080637842417 0.0841226372867823 0.0876177184283733 0.0284987132064998 0.0349916493520141 0.0399149300530553 0.0660083282738924 0.0376770688220859 0.0290524058043957 0.0400674944743514 0.0341992628760636 0.0260234101675451 0.0334494974464178 0.0365329060703516
0.527319824695587 0.234150233864784 0.236332499980927 0.568087837100029 0.206010618805885 0.280240865051746 0.206793817877769 0.206769777834415 0.103326010704041 0.138328179717064 0.0744412250816822 0.0412269922439009 0.0924835216253996 0.530093434453011 0.248881609737873 0.0339789872989058 0.298774203658104 0.0496644202619791 0.0598054483532906 0.129372763633728 0.108733018487692 0.27235890775919 0.133881226181984 0.0690390180796385 0.10253074541688 0.0387045281007886 0.0771980063989759 0.0478758772835135 0.0916424345225096 0.0360969893634319 0.048929793946445 0.049701988324523 0.24272184073925 0.0435491191223264 0.0673804555088282 0.248201769590378 0.596225723624229 0.0765307497233152 0.153784105181694 0.105900529772043 0.219838148355484 0.344112162292004 0.166131653636694 0.0473983919247985 0.0253645501099527 0.0369229959324002 0.0414616875350475
0.312853956222534 0.141892728209496 0.0705668676644564 0.473404550552368 0.141822040081024 0.134167467057705 0.237588228285313 0.277507166564465 0.0848131481558085 0.0772065375000238 0.068969177082181 0.0695445757359266 0.0742980791255832 0.153471817076206 0.406409239768982 0.560169768333435 0.239296552538872 0.076481643691659 0.0762489054352045 0.130071694403887 0.590915551781654 0.36985642015934 0.0694869104772806 0.0436505557969213 0.0457057790830731 0.0447663307189941 0.0298997378908098 0.103461789339781 0.101140579581261 0.0953253136947751 0.0881943173706532 0.0553302632644773 0.149737782776356 0.139787682890892 0.0673691794276237 0.167611259222031 0.18856752589345 0.125299320369959 0.0672368273139 0.430627828836441 0.276745815575123 0.0568383038043976 0.040151484310627 0.0270233552902937 0.025571171566844 0.0251832832582295 0.0247087739408016
0.101043009012938 0.104034289717674 0.22907827347517 0.103259747475386 0.106110821664333 0.342731933295727 0.1467420399189 0.155431867018342 0.0596892962232232 0.0632537286728621 0.064853248000145 0.0665247853845358 0.0654735364019871 0.0796599090099335 0.100105661153793 0.508912220597267 0.35427021831274 0.0736513189971447 0.606800942122936 0.0625903470441699 0.139834693074226 0.223592598736286 0.0569245308637619 0.0328475745394826 0.0455626325681806 0.0382210349664092 0.0511558875441551 0.242672602832317 0.064141434058547 0.14601342305541 0.167919534444809 0.0281160754151642 0.164709214866161 0.236811934411526 0.0530638234689832 0.0386450933292508 0.03761400077492 0.0331792067736387 0.0348824489861727 0.0608159158378839 0.0621346864849329 0.322994439303875 0.197670623660088 0.400202697515488 0.112896175682545 0.0832870423793793 0.0296453374437988
0.275262233614922 0.274504008889198 0.4844044059515 0.175480160117149 0.0575376905500889 0.199270471185446 0.893734282255173 0.118080014176667 0.0766800709068775 0.0713802080601454 0.070486480742693 0.223736470937729 0.0507508635520935 0.187390702962875 0.227072992920876 0.119491990655661 0.0625813279300928 0.0399730052798986 0.16099668815732 0.0495350981131196 0.126498817652464 0.0415876174345613 0.0321329027414322 0.0303436432033777 0.052590973302722 0.0760898677632213 0.0495869174599648 0.0345599189400673 0.0406230797991157 0.393135753273964 0.159448899328709 0.197611238062382 0.084069737419486 0.247838957607746 0.0488938860595226 0.153138239681721 0.0504849540069699 0.0468532744795084 0.0344283355399966 0.0374603725969791 0.0481141401454806 0.133801212906837 0.0255654893815517 0.0335170129314065 0.0715951580554247 0.115021140128374 0.366399087011814
0.509342113137245 0.177717807888985 0.086581801995635 0.0713593374937773 0.04461365994066 0.164516842365265 0.245527923107147 0.0837376061826944 0.0956090565770864 0.0883872099220753 0.197503833472729 0.185881234705448 0.080687440186739 0.0580861479043961 0.236817556619644 0.0535041838884354 0.177082971483469 0.101241330429912 0.10594487413764 0.0686312980949879 0.0520264165475965 0.0451358461752534 0.0352960659191012 0.0359837703406811 0.0314302193000913 0.0539140347391367 0.0405186872929335 0.050457152351737 0.125019358098507 0.10269087292254 0.144825053215027 0.154185768961906 0.0976806201040745 0.162729092687368 0.19088908880949 0.339252185821533 0.356267422437668 0.728648281097412 0.321530394256115 0.188523101806641 0.223283690214157 0.314892661571503 0.204548801481724 0.0684229288250208 0.105881927162409 0.0895161904394627 0.186738531291485
0.224385899305344 0.119201838970184 0.0614371385425329 0.0398857219144702 0.0520304258912802 0.0724014014005661 0.0670675899833441 0.100724140554667 0.161824271082878 0.210213620960712 0.607758051156998 0.121785144507885 0.0794495761394501 0.660391223430634 0.0689763618633151 0.0353948228061199 0.142925308644772 0.132892552763224 0.0517579421401024 0.0451360376551747 0.0353065701201558 0.0684960313141346 0.0685925852507353 0.031526826415211 0.0424583725631237 0.0207394593162462 0.0313515627756715 0.0398961594328284 0.256295616924763 0.170186717808247 0.121931657940149 0.03961072396487 0.0757970981299877 0.184224927425385 0.359288626909256 0.119902607053518 0.22913184762001 0.317138758301735 0.373290881514549 0.0855583634227514 0.266784194111824 0.309866267442703 0.170844529569149 0.108269506692886 0.119882883131504 0.214928722381592 0.29802853167057
0.057773744314909 0.0323790316935629 0.0173784412123496 0.0511803604662418 0.189801324158907 0.158508448302746 0.207041621208191 0.211523422598839 0.0624145988374949 0.0636262658983469 0.193722830712795 0.167152785509825 0.329983919858932 0.376287946105003 0.461989489197731 0.582586780190468 0.272310855984688 0.086167835816741 0.0380236230790615 0.0427108149975538 0.037413764744997 0.12507913261652 0.0198742620646954 0.0280082790181041 0.0290040208026767 0.130437826178968 0.187529212236404 0.09250348508358 0.0454835155978799 0.103811302036047 0.0543541783466935 0.0249071693513542 0.0810294840484858 0.346329157054424 0.121874496340752 0.115774857252836 0.468096294999123 0.220429709553719 0.24168239235878 0.119651357084513 0.269348314404488 0.600663569569588 0.243803089857101 0.361324405670166 0.368840113282204 0.176351214945316 0.218208338320255
0.0251895387889817 0.0205014175968245 0.0822712950408459 0.0633077505975962 0.312858238816261 0.577791920304298 0.101314811035991 0.165505558997393 0.227711361646652 0.111067293584347 0.0797314923256636 0.0661674914881587 0.0555336631834507 0.0835435520857573 0.191057397425175 0.417246329784393 0.280730234086514 0.226410609483719 0.34485659301281 0.227145099639893 0.119117907434702 0.0622186149470508 0.401382249593735 0.217064338922501 0.309045284986496 0.0957200065255165 0.0327861117199063 0.0220649954397231 0.0407119212672114 0.0479695403948426 0.0339219275861979 0.0632562816143036 0.0420036239549518 0.374947082996368 0.399765855073929 0.361966517567635 0.384670132398605 0.149613597244024 0.255531048774719 0.207689623534679 0.0505442269146442 0.259363743662834 0.0468402750790119 0.288310189545155 0.359009853005409 0.137255063652992 0.223251235485077
0.0821948086842895 0.112351784855127 0.0638632649555802 0.265744864940643 0.479744076728821 0.307519915699959 0.528561353683472 0.195010876655579 0.241324576735497 0.0887660175561905 0.1171720251441 0.0554960232228041 0.07196244597435 0.105088024586439 0.0577785979956389 0.0670973252505064 0.239821498095989 0.110611320286989 0.164415843784809 0.976495176553726 0.997452580928803 0.40265301191248 0.0376748751848936 0.0383717840537429 0.060821096599102 0.0415660466998816 0.0299664793536067 0.0370427012443542 0.0833850510418415 0.0501166548579931 0.0341388631612062 0.0500081504695118 0.0402751386165619 0.0473233783617616 0.124182891100645 0.103509248048067 0.615767756104469 0.622158882021904 0.366306740045547 0.206062838435173 0.128377090394497 0.0690586607903242 0.0589008286595345 0.255768954753876 0.342314609885216 0.308785323798656 0.0493350749835372
0.125094273686409 0.0637686587870121 0.251176255941391 0.369963812828064 0.192854517698288 0.325162146985531 0.244403862953186 0.109347746521235 0.181049840897322 0.0764849971979857 0.129255151003599 0.138439457863569 0.0677572585642338 0.0619018148630857 0.0541476866230369 0.11736336350441 0.113166022673249 0.321330173313618 0.581713944673538 0.423048388957977 0.53714651465416 0.577721336483955 0.383232367038727 0.230650691688061 0.158992124721408 0.0418964955955744 0.0336716956458986 0.0507112769410014 0.0599357798695564 0.0810599636286497 0.0312540619634092 0.048043143004179 0.0448776656761765 0.0319157863035798 0.167957742512226 0.0496445158496499 0.13674501106143 0.283269518613815 0.292478048801422 0.16679762378335 0.349081069231033 0.0287956853397191 0.0305533933453262 0.108086565136909 0.209016168117523 0.415348070859909 0.126211021095514
0.796570819616318 0.0838587425649166 0.407429623603821 0.460670402646065 0.417385417222977 0.159049025177956 0.0872320458292961 0.0602760527282953 0.0632697220891714 0.360008007287979 0.554566100239754 0.609808051586151 0.395396292209625 0.069078117609024 0.0919391449540854 0.0975688654929399 0.0221346917562187 0.141708847880363 0.0667081445455551 0.100744166970253 0.0751393739134073 0.0731530338525772 0.237066188454628 0.467888221144676 0.0453688990324736 0.0374970506876707 0.0341558304615319 0.0344949566759169 0.0481218783184886 0.239517384767532 0.0876880444586277 0.0355214364826679 0.0416994147002697 0.0406061165034771 0.0455425539985299 0.161914712935686 0.264852324128151 0.0633414547890425 0.0542987501248717 0.0323241329751909 0.05653060618788 0.0277320113964379 0.0511084623634815 0.0468588436022401 0.0390852879732847 0.0711213942617178 0.149387376010418
