Scripts_&_data/Maxent_result_files_1/Bombus_sporadicus_2.asc
NCOLS 594 
NROWS 330 
XLLCORNER -15 
YLLCORNER 23 
CELLSIZE 0.166666666666667 
NODATA_value -9999 
[rows 160 to 179 of 330, columns 220 to 263 of 594]
1.38845707105872e-05 2.74906933377395e-05 1.25083677406934e-05 9.61749731693828e-06 2.52639559144008e-06 2.71647642047235e-08 1.31668141811758e-07 2.13430797002534e-07 1.45146819754416e-05 1.52458221624241e-05 1.3839831220297e-05 3.94615076860783e-06 3.17131489799616e-05 0.000111924215225445 1.21398391056404e-06 9.2375170044745e-05 2.43059965218895e-05 1.6229690643732e-05 2.23651807971237e-06 5.71148113664988e-05 4.39178625584846e-05 4.36127347314019e-05 0.00370537182753444 1.25868446430144e-05 0.000191101179080988 5.94065590848292e-05 3.69805133688339e-05 6.79389709268396e-05 0.000329208391452163 0.000202606083736567 0.000500422572030013 0.00147992990897273 0.00189103423400809 9.09887014965083e-05 0.00168560999723948 0.0032697759434162 0.0051209837919318 0.00428308485256553 0.0054623754595699 0.00176501111703784 0.00403608622526032 0.000797385040548215 8.61889017499395e-06 4.28489922444153e-05
1.38748894009666e-05 8.81513233859099e-06 1.48981226580247e-05 1.20469224874853e-05 1.00351931985543e-05 1.32832933214644e-05 1.83701241660339e-05 9.50523727567543e-06 5.20385756612729e-06 3.18127683512914e-06 1.33991033268721e-07 3.7636316393419e-07 2.4953539731698e-05 0.000225787630482732 0.000227337404852634 6.49095170246361e-05 1.03957840453361e-05 3.27974390572638e-06 4.67664885313468e-05 1.44980467653211e-05 2.05304779727911e-06 1.81291694687502e-05 3.47698831347998e-05 9.92953339057356e-06 3.99481635881216e-05 3.77463684685719e-05 0.000108710877589524 4.60582413525534e-05 0.000521079063539664 0.00018922776624547 0.00014783069145281 0.00144607334698351 0.000753084241226365 0.000574140579033933 0.000981985534171337 0.00247950337137064 0.00184844167200372 0.000968861777021412 0.00104882192299847 0.000234058418846772 0.000302056109395898 0.000224543923239895 0.000353289980095972 0.000502868726048966
2.0535956305423e-05 1.78065458250387e-05 2.93625724190338e-06 1.32365270499868e-07 6.55675110011744e-06 5.34183018460199e-06 7.56432321301626e-06 1.38878729924907e-05 4.58019159431666e-06 1.18862424441923e-06 2.04270999658251e-05 2.00536418070052e-05 8.60091670388252e-06 4.86418161804947e-05 1.07294441897832e-05 2.41121881483508e-07 1.8229117295987e-06 4.73598133227338e-05 9.84898090565789e-06 7.1196555477937e-06 7.24280587611759e-06 3.21047006968112e-07 1.06504955543762e-06 1.55267509953205e-05 6.89045874310845e-05 4.17725834098048e-05 2.94316947304418e-05 9.98049002422396e-05 3.74227080662815e-06 2.15552559181931e-05 1.01526212158531e-05 0.000440205223480483 0.00115444990980195 0.00136658720022302 0.00137391765084296 0.00071272846540259 0.000412237073578892 0.000242924830781288 0.000371821043263443 0.000634090448111357 0.000214200201325143 3.85137954683756e-07 6.70286030074463e-06 5.28308542995015e-05
2.08489392183875e-07 4.2373206140045e-05 0.000278018642217148 0.00015431364807057 8.37447121765367e-06 7.34738566601223e-06 7.23014644674613e-06 6.47154197840338e-06 3.04562860848012e-05 7.15454177346864e-08 7.90072699115019e-06 8.27413946870026e-06 8.32684086164992e-06 6.05752002946769e-07 2.695617984938e-07 1.71112012670172e-07 7.74699289572966e-06 2.22860968388638e-05 2.03968449416503e-05 4.79753556812401e-06 1.02227280529554e-05 8.59110031226073e-08 6.90067019082363e-08 8.63999441129692e-06 3.82216755282494e-06 9.58380844104934e-06 1.80447792650029e-05 8.55979137249663e-05 2.68291945225263e-05 2.18969063680685e-05 5.72490622982591e-05 0.000144450479530034 0.00021170759304171 0.000231183732389328 0.000652134304259433 0.000501447330487414 0.000256039524811735 6.0561136166748e-05 7.85505858973967e-05 7.66081656891737e-05 0.000112531779760472 6.77096427370905e-05 0.00191785332952514 0.000274499437065789
2.34551971045605e-07 7.87049740736734e-05 8.38607704782834e-05 0.000253581032239936 0.000757731116800664 0.00176657009142496 0.000116055549557359 0.000503380537501386 0.000974212719517054 4.82760520453707e-05 9.0238363038897e-06 9.31334669335149e-06 2.63285353221288e-05 9.31014335202596e-06 9.87545272095325e-06 9.32541575384693e-06 3.83690249959878e-06 1.13103759137312e-05 2.31948030580131e-06 1.67484079266034e-05 1.47296203881986e-05 1.32121394997964e-05 5.2675066269714e-06 3.24941507234833e-07 4.82931885770199e-06 1.25131338496232e-05 1.36482752612799e-05 3.16390797783228e-08 1.55829736752766e-05 1.6572435849882e-05 1.82841108965603e-05 1.11105022039149e-05 1.6634787871328e-05 1.36255260138274e-05 1.85516510762485e-05 3.27953334533504e-07 5.60215927676966e-05 7.38622244309539e-05 6.94258322057717e-05 2.42588551774281e-05 4.19505467639802e-05 3.84143109083634e-05 3.59900752196607e-05 4.78388015698994e-05
9.32744872728208e-05 0.000417239360047006 6.2321174476665e-05 2.4397997491199e-05 9.84386432290041e-06 8.07094254653862e-05 3.50112142264436e-05 7.54571139453097e-05 0.00272330506823181 0.000288795513329632 2.11777736616181e-06 2.32750550603122e-05 8.26032155832879e-06 1.1097669461102e-05 2.33702754340093e-05 5.06928564618647e-06 8.48480895536685e-06 7.09240652181364e-06 3.5915645971718e-06 7.18422228173088e-06 7.5981049883822e-06 1.83791986764104e-05 6.8619867342079e-06 3.28427906444162e-06 1.19874424564514e-07 5.88840837458804e-06 6.73140117194437e-06 5.25096786622159e-06 5.1063077787683e-06 4.11456102351604e-06 4.33318336885424e-06 2.30728183318818e-05 2.99029030861653e-05 1.47260247138625e-05 1.56740451702442e-05 2.07578467985137e-05 0.000146003108613879 0.000472333285765103 6.8184504722324e-05 2.4002085733521e-05 4.15984357972521e-05 4.65146701631336e-05 3.23391754212476e-05 2.76874604246413e-05
1.61052392665395e-06 3.22030503198789e-05 1.46442441353756e-05 5.19802367193734e-05 5.08742301807974e-07 2.35695152788651e-05 0.000261674631610798 5.81694017456558e-05 1.05331889737492e-05 0.000225303538419652 0.000327076505129031 2.48662492705609e-06 0.000104703165160658 0.000137082183938031 6.69477745147362e-05 9.74335743417765e-06 3.43540609286208e-05 3.91614275030427e-06 2.876161574078e-05 5.99444393561077e-05 6.8807659711001e-05 5.29916590638058e-05 6.92451738439903e-06 4.85716633336075e-06 3.1254432968808e-05 0.000104149057688574 8.16423221543516e-05 2.63185258065013e-05 3.43917613298994e-05 8.77613962108281e-05 0.000276878273500691 5.21981016520789e-05 2.09333113516563e-05 0.00014974920024744 0.00014816282335266 1.10243961763956e-05 8.88222348852774e-05 0.000248463606126104 8.29837537413947e-05 0.000112511831043238 9.69814377804079e-05 7.51672905704437e-06 5.42442341178173e-07 0.000474871122743303
2.49659623536402e-05 1.97225190579076e-07 7.0081512726361e-08 3.63460024388473e-07 1.69390014839177e-06 1.681943225329e-06 6.29352278203044e-07 7.33293142957336e-05 0.00014469457119064 0.000103730060848695 0.000235665790720807 0.000272926545434804 3.92476657729901e-05 1.88813307633318e-07 3.18095025757192e-05 1.10115394465038e-05 8.50166125210272e-07 9.91625981718536e-05 6.75846117479617e-05 6.49649869568947e-05 6.49746021652575e-07 7.60132915567091e-07 1.72603504024593e-05 1.00659911887235e-05 8.98286219186417e-08 5.33514518875622e-06 1.35565216343392e-05 8.12027298642271e-06 7.05736041864968e-06 8.53396537497941e-06 2.21541093160527e-06 6.57556323634401e-06 1.12903019226174e-05 2.92351325600682e-05 3.10717791147552e-05 1.12783573613329e-05 1.27272989637328e-05 3.09927191714743e-05 1.62241364510152e-05 4.16776189952395e-05 5.87679460161583e-05 3.27151673532256e-05 1.06780705941611e-05 2.31210746948984e-05
6.99298194272169e-06 5.22506423511482e-06 1.93092345796231e-05 1.38753797841673e-05 1.53735307713454e-05 1.06812738756901e-05 3.17051719568306e-06 1.73033004449152e-05 1.02182694220687e-05 3.30011459553359e-05 7.67607957219418e-07 3.54512768783177e-06 8.68978694776867e-06 1.18622020863768e-06 2.32457404436559e-08 2.11803412109468e-05 1.42297869441643e-05 2.09468857881312e-06 1.089303587406e-05 7.82911495352812e-06 2.7400158371027e-05 6.61393279707267e-06 9.18618766747592e-06 7.50245864632459e-06 1.43257429216503e-05 1.36166134531601e-05 1.30845728851137e-05 1.47867746842056e-05 1.54920645569434e-05 1.80175687300332e-05 9.56001832677078e-06 2.05867056032538e-05 9.88027772875766e-06 1.17805992267961e-05 1.38881353945575e-05 1.37532315372391e-05 2.4583811841794e-05 1.21358914711212e-05 1.19812449849377e-05 8.56580121957329e-06 1.10172745474313e-05 1.02129880241719e-07 1.10762636092221e-05 2.32879428802235e-05
1.70354549027252e-06 2.65398724309418e-05 7.23903492667599e-06 6.12728852730116e-05 0.000342969916713975 0.000132306965271811 3.71369970153523e-07 3.80539576267935e-06 1.68810329423952e-06 7.37564934816248e-06 1.51801632380932e-06 3.90698397756406e-07 1.15886616389393e-05 1.6653533472244e-07 5.92070893423724e-08 7.34336982936012e-06 1.22442323179262e-05 2.99095793577786e-06 1.35290670476795e-05 1.29596535369814e-07 5.4344949795615e-06 1.10642377888825e-05 2.2315034818321e-05 1.02936175315205e-05 1.82368840713432e-05 7.40910386641813e-06 1.72226622851657e-05 1.70173580814059e-05 1.7574277850152e-05 9.16005362520123e-06 9.47189873446996e-06 1.01061131235203e-05 1.8844630822612e-05 2.9536027410515e-07 2.44577816236546e-05 2.50773997764964e-05 2.61070459149027e-05 2.68262501787797e-05 2.62827396483201e-05 2.61900349920796e-05 2.60493455049526e-05 2.40135139595532e-05 5.03380334837544e-06 5.19296493817212e-07
4.56604639467173e-05 5.70959887623568e-06 4.65220442891212e-07 5.74230896961403e-06 0.000545008324421936 0.000714107359136951 5.98841929307259e-05 1.36773845232918e-06 1.53280341774753e-06 5.79074317608175e-08 7.2239323950396e-06 8.91409378669383e-06 9.84787722523306e-06 1.53817654124921e-07 0.000162858733861659 1.43125199261185e-05 1.4511372072501e-05 9.49448108137352e-06 1.01715893416676e-05 1.47951175470284e-05 1.16905411607693e-05 3.01218286270277e-05 2.62369502380566e-05 3.97020200160192e-08 1.34585619465111e-05 1.98753478946712e-05 1.81687300453315e-05 1.72180674524403e-05 1.8362099183844e-05 1.92001427493094e-05 9.52829020225421e-06 2.19421055155822e-05 1.2235067270705e-05 6.92556631330943e-06 1.24383426812757e-05 2.60516732421001e-05 8.92711521010003e-06 3.38407460668266e-06 1.09083680801647e-05 1.34411902877662e-05 3.5455887373026e-05 2.29162329527188e-05 2.47901327029676e-05 2.48075109377854e-05
0.000844197041133832 0.0020007049098137 0.000630838856103666 0.000249571303879836 0.000225619158801882 4.29573772321668e-05 0.0028663704748934 0.000416423552519984 4.45995783994069e-05 2.1636242250278e-05 4.27010166825781e-07 5.46257770794867e-08 9.71230613333596e-07 4.3777263922018e-06 1.03218559610596e-07 1.43784584867301e-06 9.32446760764094e-06 2.52085215035613e-07 1.16588946328378e-05 3.05004139300458e-07 3.40847793083299e-06 8.28555346674698e-06 2.45350725098681e-05 5.93388813696638e-07 8.7258423341785e-06 1.36712559966279e-05 7.03281214586848e-06 9.20709179723644e-06 1.89894707625093e-05 1.99624298645285e-05 1.00928460740834e-05 4.08032750476295e-08 7.52445491691844e-08 7.13684036833806e-06 1.1853001335993e-08 3.57873514325147e-05 1.14175377539438e-05 7.76371133003328e-06 8.31262805032207e-06 1.66645915010255e-05 1.23436256195819e-05 8.25860734792183e-06 1.92887337195691e-05 2.43123975588788e-05
6.56464537115875e-05 0.000124481594368808 0.00208849131632418 0.00306454611709341 0.00188576495856978 0.0020851817826042 0.00321145608322695 0.000524873767286949 0.0034947073989315 0.00395010194552015 4.52877782120109e-05 1.27019548595841e-06 3.14361361120064e-07 1.1212904240665e-07 5.32957092689301e-06 5.78017817257637e-06 6.1699618417066e-06 1.16091963688891e-06 1.49530335563752e-05 8.72317583328064e-06 7.93895415436285e-06 2.83352076659749e-05 1.1452161034653e-05 8.2680848770722e-06 1.30508341847912e-06 1.8224764184227e-05 5.11020395840278e-06 1.17034506709524e-05 1.73363791623693e-05 8.3369432350322e-06 2.08133243709163e-05 1.02551310498744e-05 1.01790758395337e-05 1.02069852401354e-05 2.28046504668566e-05 1.09574866742235e-05 9.92011832563478e-06 2.30280052900378e-05 2.09892424754665e-05 2.49413276539934e-05 5.73873124132263e-08 4.94535547623798e-08 1.13257872515482e-05 2.22913089224952e-05
5.38817582235396e-05 7.379837603807e-05 7.74429252870412e-05 0.000888626994812325 0.0242524672998115 0.0144551025703549 0.00928709884174168 0.00225970044411952 0.000129215811552608 0.00658323484169614 0.00444804339203984 0.000215907897857337 0.000106481814980797 1.29011935925405e-06 0.000137429906638264 3.7850641518844e-07 6.27486017368284e-08 1.30896446513429e-05 1.09441530637966e-07 8.50181864864297e-06 8.06593118164445e-06 1.66962943037863e-06 9.23517090634096e-07 2.02870116109422e-05 1.14480138224682e-07 5.19927435504997e-06 7.23737671397551e-06 7.21138396011511e-06 7.077352386331e-06 6.31761351462812e-06 1.94815118244818e-05 9.85667622539488e-06 6.95082011064052e-06 7.38862207450008e-06 2.17101815659482e-05 1.59614704523969e-05 1.45949596912276e-05 8.17260291940958e-06 1.5598949558715e-07 5.04018417526453e-06 7.85127190994217e-06 5.1997898037337e-06 7.45690801343679e-06 2.11009750250124e-05
6.82041978894432e-08 6.21935018463304e-07 7.28917491586989e-06 0.000348786316158556 0.000102371655609246 0.00164058734435528 0.00329784206114709 0.00571142668486573 0.0011199861910427 0.0113160831509504 0.00273410028135187 0.0111246422864497 0.00858578290790319 0.000135871265768728 6.19915901887147e-05 8.07659260033677e-06 0.000298078413376268 8.8851055211725e-06 1.40497215084245e-08 2.34066707183178e-07 7.5837304092663e-06 6.37171488436783e-06 7.27712331597408e-06 1.7129161796714e-05 1.26895039432751e-05 4.97691887559881e-06 4.21610125149741e-06 6.99918254776222e-07 1.18584590723003e-05 3.90470269393539e-06 7.41987274085476e-06 1.43344069147844e-07 7.22182480346056e-06 1.03720084979608e-06 8.78487943866135e-06 1.52833534025065e-06 1.8106153610864e-07 4.14840690876606e-07 8.58185133345568e-07 8.94384438676621e-07 8.07508149781588e-06 7.91975215309604e-06 7.88316224206165e-06 9.19081581174375e-08
1.24584191466548e-06 1.56649399896125e-08 8.5847216485524e-07 4.08840444118264e-06 0.000208507484600728 0.000188084287499635 0.00085220791717463 0.0147007029969245 0.00135413478674309 0.000254857163311462 0.0137891835067421 0.0215586869977415 0.0771450016647577 0.0750718783587217 0.00505406078882515 0.00210622381708019 4.45792084318719e-05 1.75217387887727e-07 1.4962822375808e-05 3.52205260903959e-06 5.91594549532726e-06 7.06374220342809e-06 5.90483431917033e-07 2.29985411244193e-06 1.24052305708888e-06 3.40548841254451e-06 7.76578203298683e-08 4.55377452542871e-06 3.95769308854099e-06 1.39213149230599e-08 4.66656690942813e-06 7.01417141758531e-06 1.26479061464124e-05 5.71208549264846e-06 5.70075935969472e-06 1.38603751587141e-07 1.58529746978608e-06 1.71746474453283e-06 1.35538187739925e-07 8.39080879433407e-07 1.624046522819e-07 3.95091613114573e-07 3.38097358631995e-07 7.51099720530668e-08
3.95299563638041e-08 2.36814080223358e-07 2.78680645116047e-08 4.2087365703658e-09 2.12328481197233e-07 4.39442490516306e-06 0.000159401658783143 1.82381894298755e-05 0.000170710099411764 0.00958484704606235 0.00154190363828093 0.0254945922642946 0.124123345315456 0.453944501280785 0.344529543817043 0.0268879367038608 0.00410722212982364 6.86952823945042e-06 9.24726526153941e-05 8.40554106741331e-06 2.63110178311265e-08 1.16787306858157e-05 1.02599878957221e-05 9.16647054367559e-06 8.64175198400652e-08 5.45077220570622e-07 3.38103592567585e-08 1.90377650061135e-06 4.1299742103984e-08 4.73780537579849e-08 5.80777210089645e-06 2.79651333061626e-06 8.24208538530158e-06 6.41989654464048e-06 1.68398902966604e-07 4.29508403083645e-06 2.70648627356263e-06 1.03606070556594e-05 1.00785707765283e-05 6.12799366095373e-06 5.43943573996231e-06 1.16747680412033e-07 7.8946347281672e-08 1.13143984314945e-07
1.02181970595971e-07 9.03149838027417e-08 1.12750216718638e-08 1.00209230358139e-08 3.32831867844163e-08 3.51241184248785e-08 1.91432720342277e-08 4.49546974554682e-06 0.000108601480775339 6.09235238945294e-06 0.0188891202558807 0.00933771298732609 0.0118697834666818 0.0301046271808445 0.201784205436707 0.17017789259553 0.128604409843683 0.00773498315934376 0.000729034405048878 5.59869331183349e-05 3.12731350987638e-06 4.53164420406438e-06 4.75242574289325e-06 2.10272535250411e-07 2.72395519806956e-08 4.33359766960351e-08 1.75962100055216e-05 8.19349804004332e-08 1.49184680653391e-07 4.4330096559686e-06 4.96093974693412e-06 7.15602990881692e-06 6.87694974299546e-08 1.24557763865329e-06 6.31587331323402e-08 1.72268622000704e-06 4.55022291845353e-08 2.65057430549609e-06 6.59992645211105e-06 4.01995755838769e-06 1.05606349641851e-06 3.07174474154515e-06 9.86022106186368e-08 7.91562272173252e-08
1.29956235718209e-06 9.46233817411546e-08 1.85238050787184e-08 9.55154983994788e-09 4.39219151993075e-07 1.16125377092047e-08 3.4956290625443e-07 2.0137172871415e-06 3.65350561581934e-08 1.55704020722292e-06 8.05717867283784e-06 0.000164716844941981 0.0040348725658987 0.000429779529270125 0.0135445809923112 0.0440767394378781 0.0210287486668676 0.0140902319236829 0.0655266791582108 0.00803632929455489 2.21186669386531e-05 1.93151650321743e-06 4.16178616350238e-05 7.43062811319195e-06 3.26953043106037e-07 6.76098880214582e-09 5.09831819539563e-08 3.85534205671334e-08 2.37883194587063e-08 2.01082634820882e-07 4.22638294065303e-06 1.71066017141674e-06 1.37861031455078e-06 1.07013863859251e-07 2.9328182697963e-06 1.53997006269169e-07 1.11643420800389e-06 4.48349694924799e-06 2.13528522721163e-06 1.84939430991626e-08 5.22184883346988e-06 6.30010616351484e-06 3.49617334594043e-06 1.00770521760385e-07
3.31157458566267e-08 5.17384077691752e-07 4.84167820391512e-08 3.01843160244175e-08 6.95271943240705e-08 7.221215064801e-08 1.48855482340338e-07 1.37857730397872e-07 1.66862589190409e-08 6.28753693767692e-06 4.53462056103637e-06 3.66811436834924e-06 6.7869100610185e-06 2.3747357836934e-05 0.0265006334753707 0.000117256348576411 0.0302762163424632 0.617245519161224 0.00871807580356373 0.00154587872729328 0.00303903257010351 0.0128646221011877 0.00176753186446167 4.53291998585015e-05 6.18715105158429e-06 6.67521171504593e-07 3.43955841781707e-06 6.33866756118984e-06 1.57946296703848e-06 3.63118052333355e-06 3.30217833784952e-06 3.36943212166929e-06 3.34412439133569e-06 7.68897473002461e-07 2.30040277010568e-06 3.56668634717838e-06 6.74648760412566e-08 7.67764396158999e-07 4.37632963160572e-06 7.17931672222782e-08 4.01577607693771e-06 2.21375407528646e-06 2.9396014703531e-07 3.45132291520445e-06
