Scripts_&_data/Maxent_result_files_1/Bombus_cullumanus_3.asc
NCOLS 594 
NROWS 330 
XLLCORNER -15 
YLLCORNER 23 
CELLSIZE 0.166666666666667 
NODATA_value -9999 
[rows 147 to 167 of 330, columns 282 to 328 of 594]
0.448788803815842 0.431369730830193 0.405632531642914 0.421512049436569 0.267911426723003 0.241788762807846 0.220586840808392 0.224130068719387 0.225280353426933 0.264494121074677 0.349141830205917 0.261875243484974 0.295546188950539 0.50977500975132 0.313158616423607 0.237935158610344 0.253589536249638 0.090717139840126 0.268571588397026 0.232421857118607 0.249839968979359 0.243234106898308 0.432858529686928 0.641783386468887 0.643205416202545 0.650600796937942 0.404452699422836 0.48398412168026 0.662851858139038 0.640250217914581 0.647478145360947 0.64534193277359 0.616321766376495 0.58764174580574 0.523804861307144 0.502922782301903 0.476391145586967 0.51083115041256 0.484455075860024 0.471632173657417 0.488822215795517 0.50704185962677 0.503084045648575 0.525861743092537 0.532309111952782 0.524866312742233 0.512371769547462
0.218005155026913 0.264201635122299 0.230226354300976 0.339037337899208 0.21155639141798 0.216398999094963 0.21804626584053 0.290563607215881 0.209235656261444 0.456963217258453 0.383699551224709 0.440797385573387 0.448321798443794 0.905344414710999 0.998999333381653 0.312921150028706 0.275413593649864 0.245770834386349 0.225382162630558 0.277603663504124 0.356157103180885 0.633810353279114 0.631954979896545 0.629340308904648 0.63652748465538 0.557015493512154 0.479748642444611 0.791516834497452 0.610735106468201 0.639351391792297 0.632482761144638 0.605392211675644 0.576785796880722 0.562673112750053 0.4721664249897 0.414051547646523 0.432328921556473 0.394214162230492 0.409596979618073 0.438914287090302 0.459199815988541 0.500647580623627 0.640255665779114 0.54592057466507 0.528585690259934 0.533385354280472 0.523821172118187
0.433237358927727 0.498315444588661 0.450836598873138 0.565079092979431 0.335522705316544 0.412027084827423 0.522188082337379 0.518088558316231 0.597882908582687 0.466643759608269 0.240516862273216 0.364673405885696 0.595332390069962 0.266583222150803 0.242660745978355 0.221064832806587 0.256586992740631 0.442181822657585 0.556419211626053 0.625121212005615 0.62141340970993 0.622595679759979 0.618285423517227 0.612141472101212 0.773696392774582 0.600832062959671 0.620232725143433 0.621302616596222 0.621584439277649 0.600905215740204 0.599022340774536 0.566088706254959 0.570941239595413 0.536984851956367 0.445490953326225 0.358494862914085 0.540659391880035 0.354337838292122 0.366511729359627 0.40193806886673 0.414703816175461 0.431702789664269 0.479358088970184 0.510049039125443 0.526247245073318 0.555220705270767 0.504576176404953
0.166025590151548 0.245042635500431 0.292123503983021 0.305817413330078 0.473779320716858 0.247382375597954 0.279808004200459 0.580495619773865 0.378112095594406 0.286020836234093 0.250406454503536 0.307058882713318 0.24141508936882 0.215471084415913 0.235282063484192 0.296967867016792 0.398375478386879 0.462442630529404 0.517613726854324 0.33461050093174 0.543649464845657 0.494259867072105 0.426897990703583 0.590881597995758 0.986892575025558 0.601850360631943 0.615950900316238 0.618513888120651 0.60961862206459 0.576376038789749 0.573002845048904 0.554097694158554 0.53784022629261 0.491866511106491 0.45759137570858 0.376587250828743 0.359924709796905 0.372664201259613 0.385947668552399 0.413562798500061 0.429271620512009 0.454051107168198 0.483480742573738 0.502760592103004 0.481929129362106 0.532170525193214 0.254331933706999
0.227196699380875 0.559078592061997 0.34451048374176 0.315667843818665 0.356462433934212 0.395455968379974 0.580251371860504 0.567359778285027 0.262019941210747 0.205043795704842 0.297578001022339 0.450134655833244 0.19442753046751 0.230689135193825 0.210855494439602 0.224663837254047 0.457719361782074 0.603567683696747 0.596703195571899 0.602280336618424 0.602115654945374 0.592347699403763 0.580482393503189 0.579684352874756 0.589606249332428 0.600914233922958 0.605327099561691 0.593981689214706 0.58273298740387 0.57369259595871 0.555688232183456 0.52951574921608 0.495102050900459 0.464411926269531 0.43688351213932 0.418174135684967 0.397795170545578 0.370609799027443 0.389426672458649 0.404918986558914 0.427217498421669 0.374222925305366 0.356922271847725 0.535744565725327 0.52037396132946 0.798301523923874 0.182415701448917
0.331217986345291 0.427916315197945 0.42873760163784 0.404166969656944 0.441164511442184 0.502837464213371 0.415036880970001 0.465311703085899 0.335232123732567 0.638880482316017 0.572050973773003 0.237594738602638 0.228308011591434 0.227685698866844 0.211253137886524 0.350747457146645 0.325162574648857 0.228971077501774 0.34207920730114 0.382324230670929 0.592110067605972 0.582132589817047 0.582004338502884 0.571688145399094 0.585311442613602 0.589563971757889 0.59092110991478 0.593975412845612 0.58181739449501 0.558714577555656 0.533857101202011 0.510573840141296 0.488308396935463 0.484927073121071 0.457588049769402 0.43568300306797 0.414080515503883 0.382965108752251 0.687563896179199 0.846914863586426 0.454959371685982 0.331985011696815 0.290339395403862 0.520250758528709 0.548427617549896 0.999999988079071 0.318946905434132
0.192379365861416 0.408106130361557 0.451866579055786 0.266521818935871 0.339905491471291 0.267741207778454 0.415084090828896 0.446454629302025 0.405372029542923 0.32680327296257 0.118469318002462 0.15047008395195 0.159161508083344 0.148998630046844 0.247068454325199 0.444149336218834 0.520069855451584 0.504618611931801 0.417024919390678 0.397163200378418 0.973069983720779 0.790650188922882 0.5782923579216 0.581665170192718 0.580149739980698 0.590931743383408 0.586475741863251 0.578727167844772 0.572229099273682 0.566370791196823 0.539922189712524 0.527132973074913 0.504118493199348 0.762066096067429 0.490938040614128 0.489662331342697 0.474138215184212 0.455314284563065 0.461601379513741 0.46962982416153 0.436448782682419 0.334854966402054 0.363379487395287 0.494433927536011 0.442682093381882 0.377754434943199 0.466311353445053
0.3614716142416 0.287343072891235 0.334331667423248 0.373374292254448 0.362238883972168 0.32920960187912 0.315985903143883 0.587398520112038 0.692309933900833 0.308788925409317 0.217601588368416 0.236955246329308 0.339261822402477 0.44349752664566 0.467464736104012 0.496734663844109 0.556250676512718 0.304805810749531 0.359504953026772 0.37433545589447 0.73066508769989 0.265288174152374 0.574039036035538 0.562572598457336 0.572823572158814 0.576907926797867 0.576326787471771 0.566928452253342 0.556192606687546 0.546509167551994 0.5319983959198 0.521407136321068 0.51103732585907 0.518741944432259 0.509110349416733 0.492223972082138 0.481826263666153 0.482691532373428 0.460263431072235 0.463260769844055 0.444662362337112 0.386678338050842 0.239168554544449 0.464617517590523 0.0627494893968105 0.265137772262096 0.485207998752594
0.262406454980373 0.258736191689968 0.223263376951218 0.335055786371231 0.267471599578857 0.231953902542591 0.222556832432747 0.781554663181305 0.334403905272484 0.373142248392105 0.320148316025734 0.427989855408669 0.287787568569183 0.157124573737383 0.323633968830109 0.458997836709022 0.45040255188942 0.459504577517509 0.423557737469673 0.477439492940903 0.531704312562942 0.533777302503586 0.541546067595482 0.548169830441475 0.559660831093788 0.55955356657505 0.552146753668785 0.563218128681183 0.558915895223618 0.550863054394722 0.539330777525902 0.536734300851822 0.5167186409235 0.529127168655396 0.504992952942848 0.500152269005775 0.483408415317535 0.473283919692039 0.477509066462517 0.458075347542763 0.458898431062698 0.447745576500893 0.429527944326401 0.297883059084415 0.16190685108304 0.292615640163422 0.516471162438393
0.238517232239246 0.221606670320034 0.239237216114998 0.244640672206879 0.218107086420059 0.283553948998451 0.637661534547806 0.429238522052765 0.603193616867065 0.379363870620728 0.223688206076622 0.292949378490448 0.437246504426002 0.460574531555176 0.394581899046898 0.51728021800518 0.493930307030678 0.425241392850876 0.363519209623337 0.510043752193451 0.478327471017838 0.53189052939415 0.538235560059547 0.543845719099045 0.54430056810379 0.538215315341949 0.53892385661602 0.545727744698524 0.547679552435875 0.69909992814064 0.533479103446007 0.518341416120529 0.529889953136444 0.5113101541996 0.555882623791695 0.507444086670876 0.479917821288109 0.483916708827019 0.475855082273483 0.471195927262306 0.457208302617073 0.437503004074097 0.460884594917297 0.474638167023659 0.160755959898233 0.16438392996788 0.158272793889046
0.26051574498415 0.261860592663288 0.229554052650928 0.17209208458662 0.263947582244873 0.292376041412354 0.60838298201561 0.310708725452423 0.391243079304695 0.216608957946301 0.322940245270729 0.576596033573151 0.483021840453148 0.463919830322266 0.382971850037575 0.495386481285095 0.488492098450661 0.267047277092934 0.376182383298874 0.600768935680389 0.16835305467248 0.923298990726471 0.79588702917099 0.46919946372509 0.731803333759308 0.964653331041336 0.465014660358429 0.52751849591732 0.529775053262711 0.539685440063477 0.532968726754188 0.522648000717163 0.521790072321892 0.511073637008667 0.502889481186867 0.500151336193085 0.469941934943199 0.479208183288574 0.416427180171013 0.453875133395195 0.445843696594238 0.431455358862877 0.971409493684769 0.998684602975845 0.295433701574802 0.292206716537476 0.427930662035942
0.47504657804966 0.292618574202061 0.546942675113678 0.357955554127693 0.255609132349491 0.375973170995712 0.347001066803932 0.274592310190201 0.452129891514778 0.281261077523231 0.426356640458107 0.134912313520908 0.307960999011993 0.491116237640381 0.480502441525459 0.475174495577812 0.422681501507759 0.297044205665588 0.477217563986778 0.643772166967392 0.400773876905441 0.555895018577576 0.596540361642838 0.493063098192215 0.688972520828247 0.55673289000988 0.503477966785431 0.484712782502174 0.504498171806335 0.524011480808258 0.526362386345863 0.516501286625862 0.509462374448776 0.508878275752068 0.500232100486755 0.494095778465271 0.488479289412498 0.485194110870361 0.459422481060028 0.451438906788826 0.437243178486824 0.515486940741539 0.604777619242668 0.997455614805222 0.361001625657082 0.40601931810379 0.416360723972321
0.38530438542366 0.409960922598839 0.341818112134933 0.351315578818321 0.406152302026749 0.408775216341019 0.345236271619797 0.437930974364281 0.31199666261673 0.372006443142891 0.296432836353779 0.401774141192436 0.372254306077957 0.41469384431839 0.339310073852539 0.353098213672638 0.41541505753994 0.330309158563614 0.468600690364838 0.478127208352089 0.48115106523037 0.484943693876266 0.487817874550819 0.492038038372993 0.501805770397186 0.499369794130325 0.509442076086998 0.503704211115837 0.489301800727844 0.445869299769402 0.50173242688179 0.504873296618462 0.49145759344101 0.483087250590324 0.864495134353638 0.566192525625229 0.524619486927986 0.364822804927826 0.467794272303581 0.455496037006378 0.451887369155884 0.435828512907028 0.778128552436829 0.513395228981972 0.403694912791252 0.398432689905167 0.40189773440361
0.239165100455284 0.334370505809784 0.373741206526756 0.382423937320709 0.509055483341217 0.531354013085365 0.534656375646591 0.332189577817917 0.34680103957653 0.451799973845482 0.448039019107819 0.476769748330116 0.365351530909538 0.594366014003754 0.447839131951332 0.446918553113937 0.446083936095238 0.447023835778236 0.448854514956474 0.447193279862404 0.465060788393021 0.475280115008354 0.455593365430832 0.45782088637352 0.486373195052147 0.486076277494431 0.478260409832001 0.499088901281357 0.491879373788834 0.491102108359337 0.501886874437332 0.500312605500221 0.489423596858978 0.879855245351791 0.952166247367859 0.738941335678101 0.309942573308945 0.439508101344109 0.453824639320374 0.447726586461067 0.442814975976944 0.427484226226807 0.374336150288582 0.925848335027695 0.322124710679054 0.386602798104286 0.385592710971832
0.326332114636898 0.297248920798302 0.340198345482349 0.439755219221115 0.386449289321899 0.439641055464745 0.439715874195099 0.442852663993835 0.440779653191566 0.440339928865433 0.438025256991386 0.43655306994915 0.444223982095718 0.57735121846199 0.604324507713318 0.539527156949043 0.387791281938553 0.189651089906692 0.363718006014824 0.508589297533035 0.345819276571274 0.403343588113785 0.367594745755196 0.446146240830421 0.407064113020897 0.470244973897934 0.422080728411674 0.481118080019951 0.486661440134048 0.48732822239399 0.493461167812347 0.494192770123482 0.481088668107986 0.473105558753014 0.465662702918053 0.816902375221252 0.432425847649574 0.46622716486454 0.43140841126442 0.415120375156403 0.352297142148018 0.413563647866249 0.423370790481567 0.305184908211231 0.489321091771126 0.511379331350327 0.599620315432549
0.42000173330307 0.281964892148972 0.419730216264725 0.378084006905556 0.413910752534866 0.433817517757416 0.437169381976128 0.435477003455162 0.419622707366943 0.435371553897858 0.399951046705246 0.352508640289307 0.368889993429184 0.438495540618897 0.439363577961922 0.438909158110619 0.879956960678101 0.685700994729996 0.168064976483583 0.368558523058891 0.454303699731827 0.447088441252708 0.452538105845451 0.451558062434196 0.645604705810547 0.41441031396389 0.468085527420044 0.48552882373333 0.463225522637367 0.467546573281288 0.470227894186974 0.472355601191521 0.469683024287224 0.465655013918877 0.453829774260521 0.491305011510849 0.462331596016884 0.450231763720512 0.447408398985863 0.390620920062065 0.320607610046864 0.271056428551674 0.581781563162804 0.386798614263535 0.735109978914261 0.587948733568192 0.810430607199669
0.413353070616722 0.323465624451637 0.285779419541359 0.356159141659737 0.397473141551018 0.452569606900215 0.425336277484894 0.426811888813972 0.551246988773346 0.534675267338753 0.349305267632008 0.424266183376312 0.428804624080658 0.431512209773064 0.360482269525528 0.227511730790138 0.210177758336067 0.421776983141899 0.375213429331779 0.322946521639824 0.336089119315147 0.444381508231163 0.476438441872597 0.40397327542305 0.402175423502922 0.424904018640518 0.439730584621429 0.470816048979759 0.443488413095474 0.412990662455559 0.26006742566824 0.45405475795269 0.463473868370056 0.455439710617065 0.0848584830760956 0.569647282361984 0.452139821648598 0.299684378504753 0.290213860571384 0.413834404945374 0.197856402397156 0.391839554905891 0.383186143636704 0.392193880677223 0.405757293105125 0.388320079445839 0.369644746184349
0.405918487906456 0.402266290783882 0.550678640604019 0.334419971704483 0.368328231573105 0.405095127224922 0.410323879122734 0.37539626955986 0.341065743565559 0.413459151983261 0.410563826560974 0.41567125916481 0.403657779097557 0.416915848851204 0.254273515939713 0.307216207683086 0.306277710199356 0.423784995079041 0.431243693828583 0.361259227991104 0.422651043534279 0.373949906229973 0.324916395545006 0.31870151758194 0.344579461216927 0.42279292345047 0.416277745366097 0.999999988079071 0.164717873558402 0.193269766867161 0.300184434652328 0.342912104725838 0.44966139793396 0.457101961970329 0.326145458221436 0.445740431547165 0.438278689980507 0.407942777872086 0.4168751090765 0.446513116359711 0.577518075704575 0.391717541217804 0.401111415028572 0.387973067164421 0.392969173192978 0.383076685667038 0.380218967795372
0.475834867358208 0.15592320933938 0.386748650670052 0.344935435056686 0.362051391601563 0.391084560751915 0.39018726348877 0.418111857771873 0.34735894203186 0.398215270042419 0.392643332481384 0.430411183834076 0.323486083745956 0.299628630280495 0.29450710862875 0.421126121282578 0.218935294449329 0.707853969931602 0.267336347699165 0.389758571982384 0.414902341365814 0.32439381480217 0.419067424535751 0.415528416633606 0.404930555820465 0.493884760141373 0.40375312268734 0.163631305098534 0.478708735108376 0.771339318156242 0.289216960966587 0.404871472716332 0.436599192023277 0.43860787153244 0.429635065793991 0.366329056024551 0.245513108372688 0.199524058401585 0.325819963216782 0.416338887810707 0.393275794386864 0.389426523447037 0.382158425450325 0.367911714315414 0.376592022180557 0.353450211882591 0.364034435153007
0.387049847841263 0.380215662717819 0.371578839421272 0.395936128497124 0.294464558362961 0.29907493442297 0.329780361056328 0.361268186569214 0.296990291774273 0.378552889823914 0.335210332274437 0.202636043727398 0.126178558729589 0.401898011565208 0.399577012658119 0.411017814278603 0.250904023647308 0.518565902113915 0.424946427345276 0.428160238265991 0.390950012207031 0.478248712420464 0.342449417710304 0.196724799275398 0.382757940888405 0.315916514396667 0.395623368024826 0.394076749682426 0.200172021985054 0.406392128020525 0.461727684736252 0.418546381592751 0.436497333645821 0.432363346219063 0.426455053687096 0.353820890188217 0.61971683204174 0.295057162642479 0.385950812697411 0.403140696883202 0.396702054142952 0.382651337981224 0.362999525666237 0.354679235816002 0.346100202202797 0.673099225759506 0.346896851062775
0.372734069824219 0.366414257884026 0.397425413131714 0.346663218736649 0.343710431456566 0.475396209955215 0.408637499809265 0.335955569148064 0.356059864163399 0.361322021484375 0.3049147605896 0.370336747169495 0.193793727457523 0.319920456409454 0.393272131681442 0.405126085877418 0.371964570879936 0.406444373726845 0.25666389465332 0.157022244483232 0.358857154846191 0.482954868674278 0.373252463340759 0.196777730435133 0.47729534059763 0.981261253356934 0.664391899108887 0.320607751607895 0.228131590038538 0.77708700299263 0.392861431837082 0.485501471161842 0.384447476267815 0.412749910354614 0.399281865358353 0.40233795940876 0.359561809897423 0.37404653429985 0.382622683048248 0.388595592975616 0.379944282770157 0.364146286249161 0.366767394542694 0.366276827454567 0.347416871786118 0.330278035998344 0.40299910902977
