Scripts_&_data/Maxent_result_files_1/Bombus_ruderatus_3.asc
NCOLS 594 
NROWS 330 
XLLCORNER -15 
YLLCORNER 23 
CELLSIZE 0.166666666666667 
NODATA_value -9999 
[rows 260 to 279 of 330, columns 92 to 137 of 594]
0.0134668478742242 0.0124083227943629 0.0180343208834529 0.00468439252581447 0.00552148395217955 0.0199705830775201 0.0194534137845039 0.0051693387562409 0.00460869707167149 0.0132433952763677 0.00353307813638821 0.0105910756159574 0.00296303710201755 0.0058015636401251 0.017941100243479 0.0179609192535281 0.0172717682085931 0.0417848311364651 0.0103893701452762 0.00574860223568976 0.00438053463585675 0.00421202308498323 0.0033326837932691 0.000733356659475248 0.000425404202542268 0.000283486826810986 0.000173623025330016 0.000112450651067775 0.000243685325040133 3.10779258143157e-05 0.000110328951814154 8.01389765911153e-05 8.61375769090955e-05 0.000121969430074387 9.92937098999391e-05 4.41385630438162e-05 0.000153270368173253 4.86658716909005e-05 4.41408385995601e-05 4.40919002357987e-05 4.238926430844e-05 5.14771162670513e-05 5.93104407926148e-05 9.84981712463195e-05 0.000249707490002038 0.000418729631928727
0.00467233653180301 0.00454933079890907 0.00421893163584173 0.00217242239159532 0.0116748571861535 0.00405127219855785 0.00448912415886298 0.00177791607566178 0.0115260226652026 0.00555967818945646 0.00871077785268426 0.0100912671536207 0.0105436497367918 0.011574990209192 0.00963229099288583 0.00839952891692519 0.00631125767249614 0.0022150655509904 0.00408219988457859 0.000895705817674752 0.00314591088099405 0.00324039102997631 0.000520490044436883 0.000458639081625734 0.000285583197546657 0.000144557464227546 8.63462228153367e-05 0.000241165903571527 0.000207363599474775 2.96897740554414e-05 2.86208533452736e-05 2.53636309480498e-05 2.1849719905731e-05 1.95245457689452e-05 2.49050628099212e-05 2.85219283796323e-05 3.74139450286748e-05 0.000106975538619736 3.87953516110429e-05 3.72918510947784e-05 4.01539870836132e-05 4.51221432740567e-05 5.39376153938065e-05 8.42313036628184e-05 0.00010756870451587 0.000135699896782171
0.00210559011320584 0.00245695388875902 0.00249583373661153 0.00210267014917918 0.00893657132983208 0.00951391109265387 0.011160005396232 0.00831878990866244 0.00962628414854407 0.00492871950846165 0.00993717638775706 0.0173049775883555 0.00793714430183172 0.00490292818285525 0.00403170618228614 0.00231857444159687 0.00185005459934473 0.00204206413473003 0.00266213212162256 0.00266317866044119 0.000970637943828478 0.000285480885213474 0.000311650294315768 0.0002755644316494 9.27587370824767e-05 4.16974624386057e-05 4.84144077745441e-05 4.2966062483174e-05 3.69234688150755e-05 2.89336949208518e-05 2.59136641489022e-05 2.45395773163182e-05 1.93085415958194e-05 2.068406924991e-05 2.18596203922061e-05 2.38681256632844e-05 2.44722908973927e-05 3.02542145163898e-05 3.50136869656126e-05 3.40314501045214e-05 3.65430905731046e-05 4.61980891486746e-05 5.06280619447352e-05 5.68503990507452e-05 5.00237775668211e-05 5.37560229531664e-05
0.00136459813220426 0.0013301957747899 0.00127009986317717 0.00524040183518082 0.00219713320839219 0.00258673132630065 0.00914067127741873 0.00977515447884798 0.00926137831993401 0.0113914029672742 0.0424554500728846 0.00604437054134905 0.00533421218860894 0.000803791242651641 0.000818755198270082 0.000487145742226858 0.000283518664946314 0.000727934739552438 0.000175878711525002 0.000212442589690909 0.000132021190802334 0.000174196614534594 0.000137105655630876 9.91582270216895e-05 4.22921287281497e-05 3.63655308319721e-05 3.7941485788906e-05 3.97985979361692e-05 3.73833250705502e-05 2.68816659627191e-05 2.47146940637322e-05 2.22769829179015e-05 1.81365621301666e-05 9.32600152736995e-05 1.98130045873768e-05 2.10250537747925e-05 2.4675714348632e-05 3.23407611176663e-05 3.52929680957459e-05 3.31422731960629e-05 3.0281303133961e-05 4.00896644350723e-05 4.18887000705581e-05 3.21500037898659e-05 2.53678783337818e-05 2.80853790627589e-05
0.000418524700944545 0.00105950154247694 0.000993290354381315 0.00155103822762612 0.00163229236495681 0.00182576457154937 0.00197161329560913 0.00789627116173506 0.00514301538933068 0.00511117267888039 0.00475991538260132 0.00176107130828314 0.000659143360098824 0.00142427278333344 0.000243417202727869 0.000117869176756358 0.000158749450565665 6.14402462815633e-05 5.07940306306409e-05 0.000209689362964127 8.70093905177782e-05 5.53588017282891e-05 5.49162083189003e-05 3.43975085797865e-05 5.83931232540635e-05 3.65879982382467e-05 3.36927420448774e-05 3.38879917308077e-05 3.40482734372927e-05 2.76126909284358e-05 2.32416635753907e-05 1.93991535979876e-05 4.94216356855759e-05 0.000156384113870445 5.47282284969697e-05 1.31268182713029e-05 1.61683129135781e-05 1.98517066564818e-05 2.40215741541761e-05 2.4394042111453e-05 2.21165843413473e-05 2.88125586394017e-05 2.6338012821725e-05 2.28998670991132e-05 2.16892955450021e-05 0.000111711517092772
0.000405335049435962 0.000430786419019569 0.000788732792716473 0.00324931242503226 0.0139412917196751 0.00376794347539544 0.00230582228978164 0.00399075185414404 0.00129971581627615 0.00107251482550055 0.00136981835821643 0.000502467295154929 0.000188681063445983 6.90966970068985e-05 5.12937149323989e-05 0.000240394976572134 0.000238108239136636 8.98682799743256e-05 2.80472714621283e-05 2.92017612082418e-05 3.00656495710427e-05 3.09471090076841e-05 3.26487341226311e-05 3.09590786855551e-05 3.19655389830586e-05 3.44633123404492e-05 2.74396448276093e-05 2.78816330592235e-05 2.89891078864457e-05 2.6152604868912e-05 2.2463417644758e-05 1.62097979682585e-05 1.423270396117e-05 1.46091444321428e-05 2.84580753486807e-05 1.04744777218002e-05 1.24268513673087e-05 1.44075038633673e-05 1.79951042355242e-05 1.98220992842835e-05 1.90520108390047e-05 1.6997102102323e-05 1.98762344098213e-05 2.46757595505187e-05 1.45018542070829e-05 1.36000567863448e-05
0.000410987662326079 0.000332985264685703 0.000267296083620749 0.00153996457811445 0.00157781548332423 0.000599845914985053 0.00204843622632325 0.00210312545532361 0.00096596737857908 0.000472072201955598 0.000242365769372554 0.000114510456114658 7.417640863423e-05 5.4458375871036e-05 3.9382071554428e-05 3.44595729984576e-05 3.43169983352709e-05 3.19281505653635e-05 2.74400108082773e-05 2.94234965622309e-05 2.94479756121291e-05 2.92345785510406e-05 2.80885595202562e-05 2.70295866357628e-05 2.73390441634547e-05 2.57376449553703e-05 2.47931612193497e-05 2.61315602983814e-05 2.56289295521128e-05 2.43167166900093e-05 1.81789895805196e-05 1.28652822240838e-05 1.33514592334905e-05 5.88744069318636e-05 6.26935103355208e-05 1.04689171394057e-05 1.13024641677839e-05 1.28531489281158e-05 2.31013806114788e-05 2.05874802759354e-05 1.27349259400944e-05 1.28776069459491e-05 1.30917882415815e-05 1.07583553699442e-05 1.04420118532289e-05 8.50122029305567e-06
0.000216061047103722 0.000239344525471097 0.000344774109544232 0.000237010899581946 0.000437172982492484 0.000384637893876061 0.000544339675980154 0.000442633283091709 0.000314587308821501 0.000102501090077567 8.13062946690479e-05 6.95871856805752e-05 5.40178122719226e-05 4.95390506330295e-05 3.86731022445019e-05 3.28601296132547e-05 3.02810589346336e-05 2.86452600448683e-05 2.63837742750184e-05 4.57241182630241e-05 2.62097306858777e-05 2.43286948716559e-05 2.49869538947678e-05 2.58161983765604e-05 2.44129018938111e-05 2.35975334362593e-05 2.48204361014359e-05 2.26021050821146e-05 2.20261482354545e-05 1.43176843266701e-05 1.29530049434834e-05 1.18501740416832e-05 2.8272276313146e-05 2.85250209344667e-05 2.32101574965782e-05 8.22135511953093e-06 9.44726982652355e-06 1.00020834452152e-05 2.39668569975038e-05 1.4381355254045e-05 1.00375580586842e-05 9.14894067136629e-06 8.2587972769943e-06 8.32166650752697e-06 6.92288648451722e-06 5.56370172262177e-06
0.000398401297570672 0.000511049920169171 0.000395920622395352 0.000496461971488316 0.000238924314908218 0.000202665578399319 0.000209554254251998 9.78351617959561e-05 8.61024256664678e-05 7.54238793888362e-05 6.21664610662265e-05 5.63634867830842e-05 4.75380820716964e-05 3.59048129212169e-05 2.89673397674051e-05 2.60594941664749e-05 2.37434329392272e-05 2.27906209147477e-05 2.34990481203567e-05 2.52355292104767e-05 2.38318316405639e-05 2.4806185365378e-05 2.21784551740711e-05 2.11577920254058e-05 2.34077144796174e-05 2.43733009028801e-05 2.18732789107889e-05 2.07871166367113e-05 1.62410152825032e-05 1.02438902786162e-05 9.40613527973255e-06 9.20079547768182e-06 7.25057303725407e-06 6.1684058323408e-06 1.84139989414689e-05 5.52652953729194e-06 7.3314496603416e-06 8.25057953761643e-06 8.91299747536323e-06 1.34076305130293e-05 6.61454131432038e-06 5.89864670246243e-06 6.3405745891032e-06 5.21381784892583e-06 4.95686074373225e-06 4.4169751163281e-06
0.000517489266349003 0.000268785730440868 0.000288540883047972 0.000125656357886328 0.000154729601126746 0.000332257263653446 7.1732859032636e-05 7.24684201486525e-05 5.97099856349814e-05 4.94859684295079e-05 3.93993774196133e-05 4.11668642300356e-05 3.44831659276679e-05 2.7587504564508e-05 2.31978026022261e-05 2.09453102343105e-05 2.02249535050214e-05 2.15494625081192e-05 2.57441000485414e-05 2.49588650603982e-05 2.21916730879457e-05 2.20517329580616e-05 2.1925183455096e-05 2.28824734676891e-05 2.23682532578096e-05 2.18659133224719e-05 2.12868043945491e-05 1.74144498942042e-05 1.19473118274982e-05 1.02366209148386e-05 8.10148643495268e-06 7.1380397230314e-06 4.90762888603058e-06 3.88441727636746e-06 4.33527644077003e-06 4.21535183363631e-06 6.34400906847077e-06 6.37253905324542e-06 5.66680467954939e-06 4.44893994995255e-06 4.92623256604929e-06 4.80876536812502e-06 3.40523706654494e-06 3.56026763483897e-06 3.31615440245514e-06 2.98005874697083e-06
8.35110293337493e-05 7.18306941053015e-05 6.14130463873153e-05 6.55789281154284e-05 6.7189814944868e-05 5.81563618652581e-05 4.57270309198066e-05 5.28278964338824e-05 5.21455387570313e-05 4.63455636236176e-05 4.29350111517124e-05 3.29594556205848e-05 3.11994660478376e-05 2.63799078766169e-05 2.32273277561035e-05 2.12748694593756e-05 2.15479219150438e-05 3.86352804525814e-05 2.59870114405203e-05 2.39148315358761e-05 3.4610847615113e-05 2.59530693710985e-05 2.35081098253431e-05 2.2519254252984e-05 2.21815111217438e-05 2.06387576781708e-05 1.50012675248945e-05 1.10734770714771e-05 9.81179766768037e-06 8.37225657051022e-06 6.6487990807218e-06 4.83568170466242e-06 3.28164691723032e-06 1.22732183854168e-05 3.36993267069374e-06 3.20707722494262e-06 4.86375281525397e-06 4.53963816653413e-06 3.93874666428928e-06 2.84493622189075e-06 2.58959429402239e-06 3.23260809409476e-06 3.10423784526392e-06 3.13039047910024e-06 2.71546402927925e-06 2.37652859595983e-06
3.75384536710044e-05 3.41795679560164e-05 4.20870826019382e-05 4.51045519184845e-05 4.6341951838258e-05 5.08176877701771e-05 4.34137914453459e-05 4.41815678641433e-05 4.02002150622138e-05 3.97112337850558e-05 3.40509998750349e-05 2.71331061867386e-05 2.61595163919992e-05 2.31199925565306e-05 2.03972796043672e-05 2.02777584490832e-05 2.15704673337314e-05 2.36527755987481e-05 2.49357548455009e-05 2.43722788127343e-05 4.39249928604113e-05 2.42386112404347e-05 2.21596870233043e-05 1.61463945687501e-05 4.3009102682845e-05 3.24088063734962e-05 1.2819361199945e-05 1.1976065638919e-05 7.82656125011272e-06 6.18803741190277e-06 4.23151204813621e-06 3.77171748482397e-06 3.05871614045827e-06 3.91989352124256e-06 3.64610522183284e-06 2.89647477984545e-06 3.17837473744476e-06 3.002073128755e-06 3.42197170084546e-06 2.55746073207774e-06 2.30053636016692e-06 2.40671649862634e-06 2.32975922926926e-06 2.67550838657371e-06 2.80429328540777e-06 2.43378507889247e-06
3.15193360620469e-05 2.56022591656802e-05 2.56054147030227e-05 2.69136533461278e-05 3.30382397805806e-05 3.58950996087515e-05 3.26466708429507e-05 3.26575656799832e-05 2.88566434392123e-05 2.76362121439888e-05 2.42261577113823e-05 1.98362679384445e-05 2.06489324227732e-05 2.02101351078454e-05 2.06105999495776e-05 2.03796961159242e-05 2.13708278351987e-05 2.10606618111342e-05 2.22602543090034e-05 5.85333123126475e-05 2.30238469612232e-05 1.79153065573701e-05 1.31792072807002e-05 1.2760371623699e-05 1.13658304371711e-05 1.21142180205425e-05 1.03390251979363e-05 6.83367994724904e-06 5.28936246837475e-06 4.7623072305214e-06 3.59545624064594e-06 5.01023365586661e-06 2.90969383627271e-06 2.97994939160162e-06 2.88302272224428e-06 2.71122918320543e-06 2.36425074433555e-06 2.6584476700009e-06 3.40491455972369e-06 3.16343984536616e-06 2.00515583230754e-06 2.09740635739308e-06 1.97780105395395e-06 1.79814408340917e-06 1.87688884807358e-06 1.67946040789957e-06
2.48925034156855e-05 2.2328959994411e-05 2.27019538669992e-05 2.25094768666168e-05 2.3546828833787e-05 2.30268074119522e-05 2.16420806282258e-05 1.97722181837889e-05 1.89945931651891e-05 1.69671242701952e-05 1.54446873693814e-05 1.49106465414661e-05 1.39203131993781e-05 1.41815122333355e-05 1.33724319994144e-05 1.2302988261581e-05 1.30242962313787e-05 1.30288600303174e-05 1.33801805077383e-05 4.11197096582327e-05 6.82068370224442e-05 9.29585849007708e-06 9.97493971226504e-06 2.65579607457767e-05 7.62850809223892e-06 6.2189693721848e-06 5.24000824952964e-06 5.24671538641996e-06 4.82672074326729e-06 4.05438952384429e-06 2.5017415197226e-06 2.82745127719863e-06 2.90113920300428e-06 2.20970461271008e-06 2.28110780540192e-06 2.80364507148079e-06 2.73370698096187e-06 2.63544614540478e-06 2.72822182409982e-06 2.60254516319947e-06 1.76579185335868e-06 1.9470970698876e-06 2.01068965850482e-06 1.72451435673793e-06 1.65515927790238e-06 1.409234471339e-06
2.02308568987064e-05 2.32772922572622e-05 2.09984190860268e-05 2.03513677661249e-05 1.90017390195862e-05 1.66260235573645e-05 1.64367554134515e-05 1.55551225816453e-05 1.56019222458781e-05 1.38326916157894e-05 1.14783833851106e-05 1.07059100400875e-05 8.00567751184644e-06 8.19054484963999e-06 6.96037377565517e-06 6.48068462396623e-06 9.63708600920654e-06 8.57296577123634e-06 6.8060700755268e-06 2.56602234458114e-05 7.55180958549317e-06 7.37714858587424e-06 7.08503375790315e-06 5.78489027702744e-06 5.30614727267675e-06 5.90328946827867e-06 5.13591046455986e-06 4.38365404988872e-06 3.2561735508807e-06 2.36594096634235e-06 1.50348629404107e-06 1.78106319594917e-06 1.84009323902501e-06 2.50810246598121e-06 2.47476611150432e-06 2.38993014534117e-06 2.22987912934514e-06 2.33698466729493e-06 2.56429335081521e-06 2.30689461488964e-06 1.64212625008986e-06 1.64480687772084e-06 1.64345925384168e-06 1.53322886262686e-06 1.5603196942493e-06 1.39489911816781e-06
1.78468107606022e-05 2.0151544458713e-05 1.74130204413814e-05 1.54352632762311e-05 1.34683225951449e-05 1.28907234966391e-05 1.27800944028422e-05 1.23677041983683e-05 1.29343497974332e-05 1.26971329791559e-05 9.59081012297247e-06 6.52487689194459e-06 4.72203147410255e-06 3.85860401479476e-06 3.5100088098261e-06 3.74773994735733e-06 5.10571393306236e-06 5.89265559938212e-06 5.17936989581358e-06 5.64202900932287e-06 4.75845258733898e-06 5.3315571449275e-06 4.97064349929133e-06 4.8172601736951e-06 4.42883375058045e-06 3.56502294494021e-06 2.83120656945357e-06 2.58856962318532e-06 2.27298070001325e-06 1.73533852318997e-06 1.10269622837222e-06 1.2737217303993e-06 1.82037905744892e-06 2.57947340571718e-06 2.49134504599624e-06 2.2784514101204e-06 2.5940580343331e-06 2.62298827351515e-06 2.66652868958772e-06 2.5852282675487e-06 1.5826489459414e-06 1.46981977877658e-06 1.5971733915876e-06 1.66461188086942e-06 1.37733744054458e-06 1.50664357363439e-06
1.72868821209704e-05 1.61240837769583e-05 1.31921516867806e-05 1.08813843553435e-05 1.12776437617867e-05 1.14628525807348e-05 1.09479839466076e-05 9.71960830611351e-06 7.7282440088311e-06 5.82432102191888e-06 4.40558944205804e-06 3.98823061686926e-06 3.422196698466e-06 2.68886660705903e-06 2.46463255564322e-06 2.55755138596214e-06 2.72531059977155e-06 2.80741751907954e-06 2.97789102887691e-06 3.21531378517648e-06 3.85441586558954e-06 3.84087925908716e-06 3.61328041549314e-06 3.32956461193135e-06 3.00545477784908e-06 2.76131748933039e-06 2.71634660293785e-06 2.30196080508449e-06 1.82644229766993e-06 7.9209264569613e-07 1.45938263358403e-06 1.27907354823265e-06 1.52412368095156e-06 2.73988246135559e-06 3.04351589193175e-06 2.81291631836211e-06 2.21768029575742e-06 2.40599734979696e-06 2.44496874302058e-06 2.63709996488615e-06 1.77026240635314e-06 1.41923728165239e-06 1.35030819876647e-06 1.39847975049179e-06 1.37254179435331e-06 1.18551715502235e-06
1.50260642158173e-05 1.23335091529952e-05 1.1047026396227e-05 1.13062606487802e-05 9.18269277008221e-06 8.86901739249879e-06 7.05468097521589e-06 4.38735201555573e-06 4.2288945621749e-06 4.27137683800538e-06 4.40865094333276e-06 3.79530689542662e-06 3.28893297023569e-06 2.79284589623785e-06 1.86248772138242e-06 1.38555610362801e-06 1.46551975319653e-06 1.4428420627155e-06 2.40572495044944e-06 2.57286753253538e-06 2.37350447207518e-06 2.18063608201646e-06 2.30251540642712e-06 2.4072145407672e-06 2.16280389508938e-06 2.17573160625761e-06 2.31950897955358e-06 1.8612796253592e-06 1.62144393982544e-06 1.44933630963351e-06 1.14114128848541e-06 1.21552937315528e-06 1.40698884649737e-06 1.77970878496581e-06 2.66877112551356e-06 2.54900292304683e-06 1.93534002903561e-06 1.97086796731583e-06 2.28956454577656e-06 2.31725217076928e-06 1.52984057137928e-06 1.51066960256685e-06 1.47257323988015e-06 1.27397008498065e-06 1.29604917447068e-06 1.29953599952159e-06
1.18479593538723e-05 1.05753155594357e-05 1.05109067362719e-05 1.02191004771157e-05 8.80479864235895e-06 5.76392230868805e-06 4.52814215918806e-06 4.28778470222824e-06 4.51149610398716e-06 3.90081294767697e-06 3.53686614289472e-06 2.77989228152364e-06 2.20259873060513e-06 2.0889843057148e-06 1.3129516275967e-06 1.16860004766295e-06 1.20442839204316e-06 1.29615044954789e-06 1.24256124820477e-06 1.54390861837328e-06 1.63413964173742e-06 2.07997888992395e-06 2.01195294096124e-06 2.08346921510838e-06 2.39502736008035e-06 2.22758342260931e-06 1.72368445703341e-06 1.49205281161358e-06 1.64765982333392e-06 1.17497173590664e-06 1.02761231488557e-06 1.27800860951766e-06 1.42613574212191e-06 1.57885501437249e-06 2.09144042457865e-06 2.12907716843347e-06 2.11476641140962e-06 1.83377273970109e-06 1.79706471783447e-06 1.87111349134739e-06 1.44594661435349e-06 1.59859382904415e-06 1.7304288547848e-06 1.62868615802836e-06 1.4060213970879e-06 1.37178579677766e-06
8.48080238711191e-06 8.18719180415428e-06 7.68190959661297e-06 7.12809036258477e-06 6.53120905553806e-06 4.88223520278552e-06 4.44863134703155e-06 4.41518397451546e-06 3.76818689460379e-06 3.23346512800526e-06 2.74381043254834e-06 2.56090568200307e-06 2.36662257293574e-06 2.03075453555357e-06 1.2679387253911e-06 1.19838384762261e-06 1.36497322102969e-06 1.46028086192018e-06 1.65327469403564e-06 1.4796254902194e-06 1.43882419649799e-06 1.75655681573517e-06 1.92931228184534e-06 1.930033945996e-06 2.20700247552941e-06 1.59780130672971e-06 1.17732169258034e-06 1.39640135898844e-06 1.36575005456052e-06 1.17080114137025e-06 1.03408578553399e-06 1.32292542360801e-06 1.28228797677821e-06 1.34862111877965e-06 1.6881403695379e-06 2.08508081698255e-06 2.56372615297096e-06 2.61174724869306e-06 2.22276434840296e-06 1.57060435128642e-06 1.30921352905489e-06 1.27980933228855e-06 1.39096264035743e-06 1.64302648784087e-06 1.77582819844702e-06 1.46374123062287e-06
