Scripts_&_data/Maxent_result_files_1/Bombus_alagesianus_3.asc
NCOLS 594 
NROWS 330 
XLLCORNER -15 
YLLCORNER 23 
CELLSIZE 0.166666666666667 
NODATA_value -9999 
[rows 80 to 99 of 330, columns 540 to 584 of 594]
1.04090069896756e-12 3.54988261008771e-12 4.23414636685493e-12 8.40328917561806e-12 2.15293338712286e-12 5.28342924965841e-12 2.46680453841464e-13 3.19921866775985e-13 7.57105489412879e-13 1.92934668241662e-11 5.99964522507435e-13 2.379085817239e-12 3.61338736709627e-12 1.09814379811723e-12 9.77218306275063e-13 2.67397215480969e-13 1.84311454987096e-12 7.18366477414634e-12 4.17635925842319e-12 1.06734621141413e-12 4.48063808278221e-13 2.57385224244899e-12 1.80210291134131e-12 4.34554614514582e-11 2.26888252630175e-09 1.11208819930653e-12 2.15248929791301e-12 2.82734946566165e-12 9.17110831721857e-13 4.6038728385156e-12 6.92692569970177e-12 2.35778063739644e-13 4.89286389182553e-13 7.67230723397461e-13 1.13422604641755e-12 3.3992808567973e-13 3.8183900485933e-13 2.03996264325212e-11 2.73191247401883e-11 1.89298576813712e-12 1.0569434216734e-12 1.79819492629463e-12 1.3916090502164e-12 2.31798913397085e-11 1.7545651598283e-10
3.92397225823515e-13 2.43440823055607e-12 4.36495284361627e-12 3.18593362802488e-10 3.12739834029685e-12 4.12547773720462e-13 6.49323927959244e-12 2.55151677563958e-11 1.33089095299965e-12 1.46835876790874e-12 7.33870741953524e-12 1.56495927328137e-12 2.54551935086056e-13 3.60286245282282e-12 9.17854681148356e-13 6.2236882314437e-13 2.48153719795141e-12 8.51591019923603e-12 9.02966590388132e-13 7.51898543427387e-13 1.76629821879715e-12 4.88251661323602e-12 4.73479921936359e-09 3.50926254721884e-10 1.20250374324726e-08 1.36742728873429e-07 2.95306668007811e-11 1.3211363891763e-09 6.68025634809055e-12 1.1786682740933e-12 1.54756318870852e-11 5.49248424519533e-12 2.72558642322451e-12 6.56452670000363e-13 8.68727312308693e-13 2.88302715034661e-12 3.40986128222198e-12 4.29858371120417e-12 4.45002923399329e-12 7.59186269405632e-11 1.17857612558225e-11 4.32728297639073e-12 8.00024491098839e-12 5.31311328266781e-11 3.01014957404533e-10
1.35501609932476e-11 1.99870657802137e-09 1.59400270760557e-12 1.19059762049289e-11 1.77771131149029e-12 1.42898248789436e-11 1.11966991234169e-11 3.8573255700669e-12 2.15586437590787e-12 8.94684326624429e-13 7.60599361271375e-12 1.77461378925159e-12 9.4663166194664e-13 1.23090426740191e-12 5.70987701564718e-13 2.15160111949331e-12 1.42597045282855e-12 1.08251851926866e-11 1.70173874991519e-12 4.80371298294813e-13 8.99392671449562e-11 2.3257707715274e-08 6.5730393139507e-08 4.91902678589895e-09 6.40664034046168e-08 4.3290351303682e-10 1.40411149374131e-10 2.7139448466329e-10 5.55377140187829e-07 5.35216115338244e-07 1.22100926780444e-07 1.1754852646817e-10 4.438086931291e-09 2.86989987330344e-11 3.89580590010041e-12 2.49085019277118e-09 1.30565336320387e-11 8.36200553244737e-11 9.41008382326913e-12 1.41630818184524e-10 1.57908242037763e-10 1.88490334451785e-11 5.46298339898499e-11 1.49835832630174e-10 6.37326413865935e-11
7.03979097238516e-12 1.23172583244013e-12 1.24105170584698e-12 7.85616016685253e-13 1.35970124048868e-12 3.16284776147313e-12 2.81294987303227e-12 4.29462021500626e-12 1.06409214772896e-11 3.72535335912971e-13 4.08231226600719e-12 2.66673350068913e-12 8.77664607656925e-13 9.27136145634222e-13 7.76301245508648e-13 6.74693634294954e-13 9.79816228152686e-13 1.39062095172449e-12 3.49636986030077e-12 1.1230516516747e-11 8.70981065048682e-13 4.41389591543384e-11 7.21975923489992e-11 2.539171958027e-07 3.26853581995579e-06 2.12029926460744e-07 8.7278821392367e-09 6.83880818641569e-10 1.27737008748241e-09 3.83471421283588e-10 7.72996954112592e-08 4.13870359139423e-07 1.0525649511095e-06 4.47630184652326e-07 1.07497540347001e-07 2.27450695833298e-08 2.94666291367207e-11 1.51189061270429e-12 4.23893142809106e-12 7.2644779081088e-12 1.03687947117237e-11 1.19762422201575e-11 1.65006563968007e-11 3.25635074460706e-12 8.93353169217903e-12
2.15776285727998e-12 3.81416009886948e-12 8.20361556463922e-12 5.01871655345099e-11 5.18844660568618e-09 3.493500844165e-09 3.4195834608397e-09 2.60032371386387e-06 3.41350186450207e-08 4.3964054619039e-12 5.14738252022084e-12 1.57681645518437e-12 1.37996836180321e-11 9.32320887159221e-12 6.46104281187831e-12 1.96642702121608e-13 5.72719649483133e-13 1.9611756663096e-12 2.40270026097278e-12 5.58835866470986e-11 3.90305452957485e-08 3.37757540824768e-09 5.89999204048119e-08 4.64283811396626e-09 1.3215197824934e-10 2.82830173725657e-09 4.39680926112018e-09 2.68490452093317e-10 1.63891344939771e-11 8.62887539199164e-13 3.16069392880536e-13 7.28306304154103e-13 8.43170866460241e-11 4.73465378014737e-11 8.60713722516948e-12 1.19461218694994e-11 1.11294307103549e-12 6.34547969724508e-13 4.11479739170773e-12 5.54047918654987e-12 9.97654181489338e-12 3.39412498107094e-11 2.45069187165825e-11 1.2758039069638e-11 7.05313585314116e-13
7.62158114397948e-12 1.59175461700301e-10 1.72606262616171e-11 2.08087929109979e-09 1.58380425885341e-08 1.38152861595131e-08 1.1957434931098e-09 1.22388675860563e-09 7.75624009463627e-12 8.52904857850945e-11 1.14325913624924e-07 3.70236441504801e-10 1.61434214551726e-07 3.99239332082857e-07 4.41498535508345e-08 4.25688040373018e-11 3.5538405551705e-11 4.65618654743594e-11 7.26108062565345e-13 2.10056416705129e-12 9.41322575442882e-12 1.66851267247026e-09 2.61779452226385e-08 6.47024418487518e-09 4.72049699329347e-10 3.97349425584892e-09 7.7003181608859e-12 1.00958907900406e-11 8.44420089407549e-12 1.33695854387383e-10 1.38113942504958e-10 6.66948052341354e-11 1.19601550885307e-11 1.07981179553462e-11 6.30497432041466e-11 2.13260853421104e-11 5.50524070774827e-12 4.71686689706985e-11 2.5025237437859e-11 1.27860277920888e-11 3.75963260523804e-11 3.71341846161499e-12 1.4156165129009e-11 3.83338916165599e-11 4.07113120992619e-11
3.54112072997737e-10 4.40822511826866e-10 9.48902068031998e-12 2.2731451165825e-10 2.86195800391909e-10 4.67010430327264e-11 4.08013084429726e-09 2.71416110697587e-09 1.29078195909571e-08 2.09054749067406e-09 2.3918529454825e-07 5.4099984703182e-08 9.41316436531281e-07 9.63123488340045e-07 2.7301410054914e-08 3.90135834749117e-10 1.14844467269393e-11 1.2767820134485e-11 2.21504300457198e-09 5.88083248764804e-11 3.21509602052572e-08 6.16361628402728e-11 4.96802077254443e-10 3.00752887039124e-09 4.87856066655468e-10 1.6168900218716e-09 1.42829181815074e-10 3.58189766735961e-10 7.99531107986695e-11 4.47577641615737e-11 1.80205406152822e-11 2.99541280668336e-11 2.51308529541916e-11 2.62687649410509e-11 2.52520637733511e-10 1.53129298130494e-10 3.05713676596042e-11 1.18702776497059e-09 4.80277817516139e-11 2.09738570955409e-10 1.63066993241756e-10 1.29950716853955e-11 3.32020300142233e-11 1.26367949437878e-10 5.80328674004704e-10
2.62748356405496e-10 1.02485386843654e-09 1.12908067340101e-09 1.92579829860762e-10 1.11029840876853e-10 2.39051201056384e-10 5.53988899198998e-10 6.25469698256609e-10 6.90317136786689e-11 1.86374349286922e-10 7.97486021664184e-10 4.83818096697064e-11 2.00577554565484e-10 1.90197568805672e-10 3.02230351856281e-11 3.33306715560866e-11 1.7593393408788e-11 1.69542366812436e-09 5.4231228652224e-08 3.27840499192433e-10 5.11017694826421e-09 1.3761538575352e-10 8.27249755364079e-09 2.82075017443706e-07 1.22775705158062e-09 2.55872789622913e-10 8.72235283999601e-11 3.97898047843626e-11 1.08284570199402e-10 8.84136430734372e-11 2.10497952402022e-11 1.21973986466628e-11 4.5332337883508e-11 5.65832836141311e-10 2.94010615853324e-10 1.0345979406523e-09 7.14922643307858e-10 9.32978849732535e-10 1.69937941496556e-10 1.50909784668585e-10 1.17926401976831e-10 3.65036001426233e-10 6.94168389436811e-11 4.12177847408657e-11 7.45879691343987e-11
4.37904013050883e-09 2.12979391900348e-09 3.45969545234581e-09 2.11096873314887e-10 3.02367419990901e-10 3.00046820722599e-10 2.56934917786111e-11 1.29514199365133e-10 9.50613032735248e-11 5.63522450924836e-10 1.51623935629175e-11 9.21274945220318e-11 2.50799873091623e-09 4.58498616850989e-10 2.96887618933539e-09 1.84058533969633e-09 2.68107408496476e-09 9.09804453996799e-10 7.52046758201175e-11 1.93055968988887e-09 9.75112612877638e-10 3.16875158334895e-09 9.68780433652228e-10 8.77010537636558e-08 4.00140587331066e-09 3.99875391687843e-09 5.38702393804158e-10 8.02368727015335e-10 5.97492666454258e-10 2.05672034958582e-11 6.60875576485864e-11 7.08688707717897e-10 1.92766502760122e-10 6.47531472885987e-10 3.20707349565907e-10 5.00238173106737e-10 3.71339015092786e-10 2.74069633654506e-10 2.9316327143647e-10 1.88639215359387e-10 2.48909159950017e-10 4.52432724618035e-10 8.44680025924305e-10 1.13710358906616e-09 2.04100980560895e-10
1.08782518215556e-08 1.42785505641285e-09 3.82375742180585e-10 1.23583864464205e-07 4.13382437614018e-06 1.04009243917513e-07 1.31430830885293e-08 3.50588685527065e-08 5.3285675871706e-10 1.4896732736247e-10 1.97488692066372e-12 2.50378051624978e-11 6.77270461935109e-11 2.55316831010433e-09 9.41382261032686e-10 3.10679026949145e-10 1.95544272996173e-09 1.60719505482021e-09 7.98678553293186e-09 2.32653704634878e-08 4.88960323563603e-08 7.79461106770185e-10 1.40939315773636e-10 1.3266904685949e-09 2.38649494610499e-09 1.12223994208627e-08 1.19402749909625e-09 3.46675743667646e-10 3.75910669259127e-10 6.99290070294012e-11 6.77449274455455e-10 6.96197310912083e-10 5.88297632830859e-10 5.80688108708927e-10 6.14668194121038e-10 1.82042803054117e-10 8.62107163435155e-11 2.49298481858062e-10 3.10389092206265e-10 7.842664961899e-10 7.7449703317356e-10 6.97270130523009e-10 7.79905018344351e-10 9.85620263183051e-10 8.22275691980678e-10
1.36992903687627e-09 4.44129977239527e-10 1.53155899074164e-10 1.83005810505676e-10 2.64899443491728e-09 6.35077190835887e-10 2.42523351479118e-07 1.5155141150025e-06 1.92871564275166e-09 2.82578076493678e-09 1.36289568519743e-10 4.79160044974947e-12 1.28147914502108e-10 2.97680213812157e-11 1.38185951570335e-10 1.58088165891357e-09 2.66167555773578e-09 2.01245882180956e-08 2.5699841144089e-08 2.86477152999787e-08 3.3286741518701e-08 6.72846711680108e-09 1.8138510360366e-09 1.00098235256141e-09 1.19332215220425e-09 8.74364884939638e-09 1.33377989763872e-09 1.07673225890892e-10 8.15308487389643e-11 2.06472516861567e-10 6.50018594505752e-11 4.46955994437559e-10 2.06869110730423e-10 1.92584781455452e-10 8.61371640681341e-11 5.90128790278754e-10 7.83037712448476e-10 3.54270413005509e-10 8.82999318108091e-10 9.2369745186005e-10 3.55880191982294e-10 8.39833080856778e-10 8.99066854298525e-10 7.91566490132567e-10 8.58553161897646e-10
3.15046672083596e-09 1.10227124205942e-08 2.28267168167484e-08 2.15882566489967e-08 7.04915253169069e-08 2.22249756043347e-08 2.29782195715345e-08 2.02850491959339e-10 2.22734119925683e-08 1.11951239389896e-09 6.33947672135093e-11 6.27367469085982e-10 1.6513747036484e-09 1.20146427251555e-09 8.6628449968984e-10 9.85058179470144e-10 8.087139280466e-09 1.24142852664377e-08 7.75571031841338e-09 1.1861360715848e-08 1.71228824452641e-09 1.7873493907139e-09 4.87001584614788e-09 2.88542979509643e-09 1.55190140738171e-09 1.92663747178301e-09 4.35654523567308e-10 5.13258102685654e-10 8.23168710972766e-10 3.28501570390216e-10 3.59575702546522e-11 1.75707048910567e-10 9.51691747630434e-10 2.35189356878607e-10 1.2891987477559e-10 2.92955670833095e-10 1.67589375710264e-10 1.8680931246351e-10 3.17479564859724e-10 5.28959109846738e-10 6.61474430785347e-11 1.48892498330611e-10 1.26914356801677e-10 1.03795549932784e-10 1.95684390913442e-10
4.30188644373608e-08 2.01784708164787e-08 7.78968208825503e-09 2.71773200610781e-09 4.2657671590618e-07 3.05784934484521e-08 8.93815920055552e-08 2.60941660168434e-08 1.75473426233808e-08 2.47828352284429e-09 6.41625013120262e-09 5.02382335398899e-08 4.95580829484865e-08 2.62123262873004e-08 1.50593233883001e-08 1.03059868639122e-08 7.60696278190309e-09 4.61250825312121e-09 4.9095767007401e-09 9.32928234664843e-10 3.08000501769712e-09 7.61941016946821e-09 5.640019334896e-08 4.81797608475887e-09 4.75879602390705e-10 6.77994982378749e-10 8.00679774703994e-09 7.28187414811288e-09 1.47955013796164e-09 3.20839266265693e-10 5.93160887074617e-10 5.96930349594515e-10 6.53524464544475e-09 5.31681587645494e-10 9.00015284521771e-11 6.17340778497066e-10 3.50747921817884e-09 1.50761516604092e-09 9.56764112380881e-11 3.72445074781069e-11 4.48386106022269e-11 2.52110887721813e-10 2.06968886473646e-10 3.19082715805052e-10 5.5862729997358e-10
4.73537063028218e-07 9.21548404253514e-08 3.46370359172177e-08 6.78517385388488e-08 2.74077088247004e-08 1.16460303551946e-06 1.37190944684562e-06 1.3464897545834e-07 1.86047774697329e-07 1.46668574840803e-08 1.64245992217982e-07 5.03616422453668e-08 4.69964806182332e-08 5.6979071905161e-09 1.49329645315888e-09 3.18196894388834e-09 2.55301919049877e-08 5.5405031573752e-08 1.18710691277002e-09 4.98629144640717e-09 2.1687985440888e-08 2.22973091990042e-08 3.46818617380507e-08 3.20919455343294e-08 5.24059943440847e-08 1.46371468279227e-09 2.20714035936709e-10 1.99977391313055e-09 2.29796054407316e-09 4.72861638733946e-11 8.23094148394432e-11 2.81082379594011e-11 9.4343246548334e-10 2.4378850826956e-09 1.61641822149505e-10 4.73048999971581e-10 3.23731916829217e-09 8.88117246411468e-11 3.85749454601125e-10 7.70492447621507e-11 3.70070418753698e-11 1.51250423297e-10 3.54531182189533e-10 7.25163273873619e-10 9.41428934808641e-10
8.88950789645904e-08 2.47351166327014e-08 1.67191594568905e-07 2.13789903358297e-07 6.89225120753534e-08 5.39624522808424e-06 8.03754448241989e-07 1.43767337190681e-07 2.28081670840652e-05 1.51424404242206e-06 2.82532615425435e-07 1.00418542303693e-07 6.76181309611223e-07 2.07193173840103e-08 5.70246125097817e-08 1.59484710049451e-07 6.9833311133749e-08 4.67801700376746e-08 7.50210967792597e-09 9.30938398591152e-09 6.4817141454121e-08 2.31286316321189e-08 1.16147218620632e-08 9.66798708912364e-07 4.47063022046557e-08 1.39594347192684e-10 1.06847208858341e-10 5.99615257446118e-10 4.21228385505401e-10 3.33904159877108e-10 1.41347389348567e-10 2.76219500605635e-09 6.16850761581134e-09 6.96882714867897e-09 1.04592033478568e-08 9.28883492345989e-10 2.80817413766954e-10 3.20255821861792e-11 1.88907001152927e-11 7.95237209416655e-12 1.81894055373277e-11 1.31288535598628e-11 2.87749379879187e-11 6.87275791833031e-11 5.39604706473185e-09
1.50236649432145e-07 7.69339101536204e-08 2.64836411267844e-07 1.29683452843032e-07 5.94374828644106e-07 1.11085324277838e-05 1.91119397929818e-07 1.4375294918878e-06 4.44576987668199e-06 1.33468394247771e-07 2.13378520874663e-07 2.2665034737912e-09 5.91443108932665e-09 6.60970219668045e-09 3.00320164181578e-08 8.99660965392179e-08 4.64105619490951e-09 8.29935762336476e-09 2.56656776942421e-09 1.12541541863465e-08 1.2506284896574e-09 5.92461579795867e-10 1.08927927745528e-06 6.54772636332623e-08 8.4065419070356e-10 2.28299767979223e-10 4.85109730163913e-11 1.51942503023861e-10 4.62788596333752e-10 1.41466460767958e-10 1.28845822899848e-11 2.14672890574974e-10 2.13834305817784e-09 4.35045555136071e-11 3.14567183412606e-10 4.67500526069031e-09 8.8175809986879e-10 1.52191426128212e-10 3.66668584383945e-11 2.39879338614912e-11 6.27512597439761e-11 4.82277440205792e-11 7.4357553447868e-11 2.32489694163007e-11 1.39367789531164e-09
3.39785254421798e-07 4.37706058846743e-06 1.1900905862916e-05 4.14216691946301e-08 3.77829391368323e-05 8.85280228430929e-05 3.29896888739967e-07 9.96918740611363e-05 3.29591610093161e-07 6.93702293386167e-09 8.79406026665919e-08 2.87889300780719e-06 2.18406818630612e-07 5.42875669973242e-09 2.02705359164668e-09 1.35272503087869e-08 4.09057583361516e-09 1.08680975330344e-09 3.3685371159109e-10 4.50522208428339e-10 4.99802266240579e-10 4.14653111846519e-10 2.07699113463633e-10 3.42767791927656e-10 1.46499534725564e-10 2.01372796215793e-10 7.92384047265671e-11 1.24548562574489e-09 4.49261464696704e-09 2.81715062389054e-10 1.56591406508255e-11 5.91454218934473e-11 1.66996894090943e-10 3.21762283483906e-11 1.27770659896775e-07 1.33353794673496e-10 1.00704619088177e-09 1.43864786750214e-10 2.59959298531953e-10 2.02810446214841e-10 2.42412800943725e-09 1.10607283332342e-09 6.1586080679632e-11 2.84932633043411e-11 2.65223798479042e-10
1.87775068827278e-09 4.10985262710994e-08 7.38764723340335e-07 1.94302193223805e-09 4.73449495164147e-09 8.59504790673426e-09 1.95460131413583e-09 1.44212797259513e-09 2.60763294290811e-09 7.46711870114325e-09 2.71685528518972e-09 2.14442307244767e-09 3.62459153802064e-09 1.18128367088133e-09 4.99916907870102e-10 1.79501127295367e-09 1.4895499389489e-09 9.79300063264077e-10 5.01018060372616e-10 6.24170193308515e-10 6.22577167597171e-10 3.52894824473537e-10 2.10144446288751e-10 2.46919296120751e-10 3.25003013390557e-10 3.07574241631414e-09 2.48417780790433e-09 3.96762587784316e-08 1.63062358948807e-08 1.92565841050651e-10 1.87859282574365e-09 1.35388966704397e-10 1.23861268574998e-08 2.27244333783627e-07 4.15519840757383e-11 2.25342744464285e-11 1.94925386942657e-10 1.42015582627053e-09 5.65360269710879e-10 2.62669829220741e-09 7.21407034109944e-10 4.06053735080292e-10 3.81212805766751e-10 1.95688300230756e-08 8.73600598527702e-08
1.82755617306185e-09 5.37986987181327e-09 1.05910506587037e-08 1.50735141368763e-08 1.95912739919812e-08 7.24729392054257e-09 7.30796845260784e-09 1.44295071446976e-09 1.33158377657594e-09 1.98403945494974e-09 1.49214323119651e-09 1.88072690754382e-09 1.583442732489e-09 1.52398766939399e-09 3.59717511333457e-10 1.4633825040633e-09 2.76618317140986e-09 4.55918680586365e-10 3.35513139493315e-10 2.83679557622207e-10 1.55889006148158e-09 9.63360102801403e-10 3.39182704145458e-10 3.56648913735214e-09 4.10193039535045e-09 4.11423136670308e-09 3.433702665534e-08 1.62901606759469e-07 2.93568610572947e-05 5.7406124298609e-09 2.35704961104588e-09 8.27502633082844e-10 2.34621934103174e-09 1.08675461074625e-08 4.13873579852009e-10 1.21020937715599e-10 4.13926626308125e-10 1.15530052191559e-10 1.33658573098216e-10 9.01397467778509e-10 8.42334271222711e-09 5.39687839640202e-08 5.49112387666639e-06 2.27302952793273e-08 5.32917932005716e-11
3.15142000051338e-08 9.34331915170006e-09 7.87472148600088e-09 5.70238843922155e-09 1.76121688899578e-08 9.24434354621084e-09 3.02824697540061e-09 2.08777187760134e-09 3.50221042166865e-09 3.42065119562918e-09 1.04734252381888e-09 1.62246680535105e-09 5.09694277894823e-09 1.96699262433597e-09 1.3620982097784e-08 4.17632300964144e-09 2.06767496457871e-09 1.59664768073498e-09 1.47174076259304e-09 1.74970667288221e-08 2.60933457063572e-09 8.92140950004006e-10 1.46365520814484e-09 1.68880142981109e-08 7.62969837642125e-07 9.27022292041002e-07 1.86615487640651e-06 7.93279964561577e-06 1.00777646969696e-06 8.88716397140499e-09 5.40507427704284e-10 9.31353327793261e-10 9.23985998824151e-10 2.29431162956928e-09 4.2333155869656e-10 4.55832960266633e-09 1.09358173627783e-09 2.05355767946003e-09 6.61898085563273e-08 3.80569821212262e-09 1.10859019741838e-09 3.86843238553425e-09 6.00454197474676e-10 5.43866385260827e-10 7.20730397585356e-10
