Scripts_&_data/Maxent_result_files_1/Bombus_pomorum_3.asc
NCOLS 594 
NROWS 330 
XLLCORNER -15 
YLLCORNER 23 
CELLSIZE 0.166666666666667 
NODATA_value -9999 
[rows 84 to 104 of 330, columns 368 to 413 of 594]
0.00260368584422395 0.00157245239242911 0.00180461128475145 0.00106956067029387 0.00124656931729987 0.000815981440246105 0.00090643119183369 0.00116506928461604 0.00254754287889227 0.00224689322058111 0.00199934275588021 0.00186752360896207 0.00387530557345599 0.0011724945739843 0.000449895120982546 0.000522689624631312 0.000687567933346145 0.000691130608902313 0.000794726688764058 0.000299374954920495 0.000655008724424988 0.00012019617461192 0.000175106458482333 0.000326386654342059 0.000418223845190369 0.000619968958199024 0.000518004733021371 0.000794116957695223 0.00066047835862264 0.000370235674927244 0.000263490698125679 0.00101106842048466 0.000826262592454441 0.000767952119349502 0.000281652811099775 0.000127520580281271 0.000198218893638114 0.000233287793889758 0.000340260114899138 0.000440955844533164 0.000580104906111956 0.000661920126003679 0.00126207336434163 0.00214826969895512 0.000672063734964468 0.00158823264646344
0.00210434625623748 0.00158896210487001 0.00162384131108411 0.00112547649769112 0.00157286437461153 0.00226867699529976 0.00151645935256965 0.00158604747266509 0.00120334007660858 0.00227027195505798 0.00258218902163208 0.00183402001857758 0.00108457565074787 0.00157579829101451 0.00280456736218184 0.000488591138855554 0.000797490138211288 0.000968786218436435 0.000650860008317977 0.000338859574549133 0.000187211836600909 0.000129642485080694 0.000257552779294201 0.000832585935131647 0.000468616555735935 0.000822570439777337 0.000967803550884128 0.00120530017302372 0.000746932893525809 0.000724926832481287 0.00178197323693894 0.000938344950554892 0.00207529788604006 0.00113729139557108 0.000140690797707066 0.00062437037267955 0.00131918520783074 0.00182636222161818 0.00108526152034756 0.000569354280014522 0.0020121339475736 0.000850764370989054 0.000537558857467957 0.00216018849750981 0.00276645073899999 0.00101815203670412
0.00241228585364297 0.0027524447417818 0.00376416527433321 0.00271388535620645 0.00310679143294692 0.0030457132961601 0.00290945847518742 0.00178691843757406 0.000921341147477506 0.00239508246304467 0.00192966621834785 0.00242011588998139 0.00236969635589048 0.00163608735310845 0.00138474406558089 0.0022870464483276 0.00197063194354996 0.00301439752802253 0.00114575871848501 0.00263399602845311 0.00144987564417534 0.000659011671086773 0.000597156723961234 0.000359662660048343 0.000409114547801437 0.000901302302372642 0.000261371865781257 0.000405367305211257 0.000689554592827335 0.00145815660362132 0.000603417027741671 0.000639227274223231 0.000780474508064799 0.00122607001103461 0.000765625151689164 0.00115366093232296 0.000410087747150101 0.000715865335951094 0.000638820810127072 0.000432983867358416 0.00101628119591624 0.00465100724250078 0.00241879547247663 0.00566933364607394 0.0149566923035309 0.00475811425712891
0.00326506376732141 0.00321774356998503 0.00330466093728319 0.00275236224988475 0.00313270404003561 0.0032543909503147 0.00356864223722368 0.00282609158894047 0.00450660190545023 0.00131731079309247 0.00191018837504089 0.0030781936366111 0.00304424597416073 0.0027637328254059 0.00132529536494985 0.00149313902365975 0.000793167555821128 0.00184567956021056 0.00377729358151555 0.000749518332304433 0.00114422233309597 0.00118284851778299 0.00130383341456763 0.00189000722020864 0.000459932276862673 0.000741723351529799 0.000923915504245088 0.00109072910854593 0.00322033992270008 0.00280227343318984 0.00454066365491599 0.00080102096835617 0.00157191509497352 0.00200986083946191 0.00187219287618063 0.00186493656365201 0.00068380263983272 0.000858912027615588 0.00679909570608288 0.00250142179429531 0.000901801128929947 0.000880767536000349 0.00432144713122398 0.00293516437523067 0.00172567887930199 0.0021825913208886
0.00302257773000747 0.00259898664662614 0.00185572483460419 0.00262101421831176 0.00252776902925689 0.00344049879349768 0.0030182022601366 0.00366039276123047 0.00427291006781161 0.00141726302681491 0.00161868039285764 0.00526009895838797 0.00250768678961322 0.00419312312733382 0.00362159260548651 0.0181383416987956 0.0107973052654415 0.000831681425916031 0.00113542024046183 0.00104480989975855 0.00171728354762308 0.000838586303871125 0.00238319755299017 0.00223447167081758 0.00138378579868004 0.00209438725141808 0.00160005141515285 0.00274987053126097 0.00297442531445995 0.000869921428966336 0.00146361838560551 0.00154566525598057 0.00124400222557597 0.00135555816232227 0.00156603748328052 0.000724456354510039 0.000988640813739039 0.000604128961276729 0.00145881926873699 0.00166937432368286 0.00084889434510842 0.000556181125284638 0.000288219780486543 0.00209018589230254 0.00328160675708204 0.00121245904010721
0.00236716878716834 0.00315938277635723 0.00186404993291944 0.0016626383701805 0.00287397580686957 0.00155811836011708 0.00264254307840019 0.00274267827626318 0.00304023220669478 0.00287880490068346 0.0027605062816292 0.00423866678029299 0.00274266813648865 0.00381462746299803 0.00758510055020452 0.00566035737283528 0.00262530604377389 0.00215894888387993 0.00185501992236823 0.00132286011939868 0.00268809999106452 0.0026125886826776 0.00307711116038263 0.00928771374747157 0.00211155408760533 0.00132900007884018 0.00169457002193667 0.0021659197518602 0.00117242095293477 0.00231184071162716 0.0013460892776493 0.0010731028392911 0.0018278153729625 0.00210596779361367 0.00196864090394229 0.00145712661324069 0.00366102468688041 0.00549881153274327 0.00409093040507287 0.00118271746905521 0.000732653195154853 0.000467599031981081 0.000414750659547281 0.00109443181718234 0.00112991388887167 0.00105860139010474
0.00213809955748729 0.00596821601502597 0.0121913900598884 0.00235835363855585 0.00194948704447597 0.00261202935362235 0.00115854300674982 0.00360934783238918 0.00649454994127154 0.0034474067739211 0.00924306460656226 0.00228846172103658 0.00164736764854752 0.00263843524735421 0.0048556961119175 0.0068292009877041 0.00393803170882165 0.00240430858684704 0.00513690311927348 0.00224335140082985 0.00235888364259154 0.0024064252153039 0.00195538467960432 0.00174187729717232 0.00375774337444454 0.00225936787901446 0.00107106321374886 0.00190731552429497 0.0014719080820214 0.00165627545793541 0.00215916277375072 0.00232555788243189 0.00235840199748054 0.00154975147670484 0.0024884588085115 0.00101768419262953 0.0013004136912059 0.00346813976066187 0.000754803312884178 0.000986286447732709 0.00119753715116531 0.00295219089603052 0.00221114843152463 0.000968025508336723 0.000826270403922535 0.00159524593036622
0.00471787604037672 0.00416410390753299 0.00276236237259582 0.0024204415967688 0.00244275144068524 0.00136069315485656 0.00172815772239119 0.00260440334677696 0.00208406630554236 0.0027967291069217 0.00568996260408312 0.00250890053575858 0.0038549609715119 0.00257436438696459 0.00234677320113406 0.0028042457648553 0.00214538623113185 0.00326611208729446 0.00514755214098841 0.0038914532167837 0.00514031986240298 0.00651665604673326 0.00326582009438425 0.0029784737736918 0.00135029515950009 0.00743867163546383 0.00671732863411307 0.00262900576926768 0.00202551546390168 0.00117350671789609 0.00263841155683622 0.00206544435350224 0.00182100853999145 0.0021232332335785 0.00168787506991066 0.000790322350803763 0.00151044834055938 0.00414117274340242 0.000221623372272006 0.00379980783909559 0.00543256767559797 0.000540017870662268 0.00113455569371581 0.000735356705263257 0.000920217449311167 0.00135443872422911
0.00227743543218821 0.001209808641579 0.00166531393188052 0.00249834790593013 0.0029045109404251 0.00227271575131454 0.00171677887556143 0.00173891938175075 0.0015121262636967 0.00159856912796386 0.00194261652650312 0.00340049359947443 0.00333834204357117 0.0021995923249051 0.0024669406702742 0.00257169143296778 0.00626390555407852 0.00210423598764464 0.00213804916711524 0.00592990848235786 0.00644919765181839 0.00377496844157577 0.00405710970517248 0.00201496272347867 0.00140642226324417 0.00209488342516124 0.00420382226584479 0.0056572463363409 0.00238027251325548 0.00300136073492467 0.00132228587754071 0.00181201850064099 0.00240799271850847 0.00284848199225962 0.00196967896190472 0.00148672516806982 0.00322750988416374 0.00341657439712435 0.0017891870054882 0.000582530291285366 0.000451119434728753 0.00126330694765784 0.000943754083709791 0.00119111265521497 0.00233629101421684 0.00115303337224759
0.00317254436668009 0.00170838204794563 0.00243958450155333 0.00338700630236417 0.00307792634703219 0.00168040877906606 0.00146092417999171 0.00126674186321907 0.0018345849821344 0.00227785664610565 0.00189900636905804 0.00450838636606932 0.00288817621767521 0.00249000451294705 0.00294278668006882 0.0023884930764325 0.00240460206987336 0.00450492976233363 0.00765718384645879 0.00524997937027365 0.00784161547198892 0.00624559475108981 0.00538473427295685 0.00357768423855305 0.0017758276371751 0.00233827469637617 0.0045715723419562 0.00260704343672842 0.00463620801456273 0.00125213541323319 0.00119788024458103 0.00111809286172502 0.00160414931015112 0.00241483463905752 0.00151727829943411 0.00161983023281209 0.00225667144404724 0.00151996670756489 0.00135866451309994 0.00108464907971211 0.00140969189233147 0.000301649863831699 0.000874490756541491 0.00048798290808918 0.000629764766199514 0.00104230410652235
0.00230948452372104 0.0142388531006873 0.00176208948832937 0.00155442138784565 0.00127675093826838 0.000815066936775111 0.00131926732719876 0.00148870234261267 0.00128354569314979 0.00199683770770207 0.001908459875267 0.00101942777982913 0.00262056058272719 0.00268385678064078 0.00640708128921688 0.0045140590518713 0.00608435920439661 0.00414655620697886 0.00620595081709325 0.00308919039089233 0.00372908327262849 0.0065953889163211 0.014271365525201 0.0158006046898663 0.0462684674188495 0.00325517782475799 0.00557415599469095 0.00256990394555032 0.0100884310202673 0.00148584648268297 0.00129170786240138 0.00118008860154077 0.00198338006157428 0.00146744572557509 0.00226071890210733 0.001976515899878 0.00872621671296656 0.0040412780828774 0.00151907691615634 0.000822923041414469 0.00148817474255338 0.00132104966323823 0.00115738958702423 0.00053802196343895 0.000623660019482486 0.000948445237008855
0.0037933946121484 0.00386291772592813 0.00275016300147399 0.00265600787242874 0.00265704152407125 0.00145777461584657 0.00146579639404081 0.00155060215038247 0.0018766773166135 0.00394209853839129 0.00173937855870463 0.00335400779731572 0.00297375947702676 0.00909127441700548 0.0446569230407476 0.00512063294881955 0.0277205039747059 0.00131345162517391 0.00580802548211068 0.00613064784556627 0.00456486204639077 0.0036355635849759 0.00339413671754301 0.0198622277937829 0.0101647617295384 0.00741315544582903 0.0206404326483607 0.00508668476250023 0.00445421778131276 0.00728943119756877 0.00358280988875777 0.00221258848905563 0.00242020663572475 0.0028831931296736 0.00248246730770916 0.00189675700385123 0.0029402595711872 0.00533284812700003 0.000956980820046738 0.00149453599588014 0.0021402170881629 0.00207506448496133 0.00183328744024038 0.00176099943928421 0.00162563027115539 0.00147733526537195
0.00447715374175459 0.014709844160825 0.00528331210371107 0.00913893240503967 0.00448027779348195 0.00403110678307712 0.00383940569590777 0.00376713443547487 0.00354454654734582 0.00380043813493103 0.00327748456038535 0.0038619568804279 0.00413753266911954 0.00829827846027911 0.00958195505663753 0.00458741583861411 0.00791032076813281 0.00484654165338725 0.00548069295473397 0.00617616176605225 0.00345357342157513 0.00647226916626096 0.0200025139376521 0.00551516800187528 0.0152889889199287 0.00193749314639717 0.0245405985973775 0.00253319350304082 0.00185088572325185 0.00155028513399884 0.00773428343236446 0.00470997266238555 0.00756233935244381 0.0084425235632807 0.00895192448515445 0.00537639083340764 0.00260371651966125 0.010583301493898 0.0106481463182718 0.00120466336957179 0.00115958343376406 0.00265483044786379 0.00183249757392332 0.00188818380702287 0.00489532197825611 0.00178584605455399
0.00244949827902019 0.00436941144289449 0.0086893348954618 0.00498116246890277 0.00719489366747439 0.0089455149602145 0.0131008339114487 0.00421142317354679 0.0119985369034112 0.00862407274544239 0.0100925832986832 0.0124272847082466 0.00505335249472409 0.003349320567213 0.00514294276945293 0.00877558020874858 0.00879010721109807 0.00839020456187427 0.00539124335628003 0.00352616591844708 0.00355735218618065 0.0157421657815576 0.00738085051998496 0.00692345537245274 0.00345967018511146 0.023897167108953 0.0930409705266357 0.0272973705548793 0.0035130743868649 0.00352078482974321 0.00146393481409177 0.00626759273000062 0.00820319596678019 0.00252189005259424 0.00235098887933418 0.00229826210997999 0.00447737483773381 0.00210922948317602 0.00220605451613665 0.00501608320046216 0.00501554666552693 0.00425213703420013 0.00155246183276176 0.00384806592483073 0.00452584510203451 0.00446194112300873
0.0146006118040532 0.0102616360003594 0.00593683028127998 0.00510414089076221 0.00419048473704606 0.0235543457791209 0.00380046640057117 0.0214286116417497 0.0291610862128437 0.00987140177749097 0.00205000190180726 0.00344071986619383 0.00203420301550068 0.00437383276876062 0.00960054527968168 0.00904184891842306 0.00948338783346117 0.0041293021524325 0.00409769446123391 0.00457588315475732 0.0109172089025378 0.00601880317553878 0.00396238925168291 0.00996453748084605 0.00639946255832911 0.012517874315381 0.0217789503745735 0.0227065356448293 0.00342699806205928 0.00328912849072367 0.00318251709686592 0.00601172999013215 0.00253707922529429 0.00274528183508664 0.00207316783489659 0.00232189173111692 0.00201186588965356 0.00428960518911481 0.00393045388627797 0.00219899313524365 0.00213076678337529 0.00249785605119541 0.0020834724069573 0.00197473714360967 0.0013493228238076 0.00060737075364159
0.0543477032333612 0.0155970714520663 0.00483699266333133 0.00256196334376 0.0119970099069178 0.0262464029714465 0.00926611768081784 0.0269919557496905 0.00207313766004518 0.00156429901253432 0.00667176942806691 0.00173104356508702 0.00369310332462192 0.0150441959965974 0.00895980396308005 0.0109947055112571 0.00998367141000927 0.00844473568722606 0.00887402626685798 0.0133053411729634 0.0072128617670387 0.0039622995769605 0.0122765272855759 0.00381407102104276 0.00349353579804301 0.0116497652605176 0.0121836261823773 0.00501350285485387 0.00964961964637041 0.0101836790796369 0.00446144957095385 0.00725516844540834 0.00375094937626272 0.00293448390439153 0.0028779320884496 0.00261280350387096 0.00244547526817769 0.00236933004343882 0.00218995310133323 0.00239092824049294 0.00246269121998921 0.00242066618520766 0.00320200663991272 0.00411570062860847 0.0046493042493239 0.0120193804148585
0.0274188441224396 0.272884730994701 0.0709426540881395 0.0166519070975482 0.0341443587094545 0.0368246918544173 0.0206827007234097 0.0114209091756493 0.0214461990632117 0.0204891393892467 0.00607771640643477 0.0248880658298731 0.0206154685467482 0.00506529265549034 0.0124382201582193 0.011624217312783 0.0114419319666922 0.00923341573216021 0.0098377791699022 0.00511096711270511 0.00600271741859615 0.0204681238625199 0.0272665921598673 0.0305332105606794 0.0108405577018857 0.0190386846661568 0.00421648169867694 0.00771902627311647 0.00433702087029815 0.0035084325587377 0.00314877373166382 0.00432283636182547 0.00650623282417655 0.00490760442335159 0.00255581706296653 0.00282066809013486 0.00254338362719864 0.00261283898726106 0.00275804044213146 0.00311640298459679 0.00343640076462179 0.00263169637182727 0.00235142399324104 0.00228733440162614 0.00228300765156746 0.00208181400084868
0.0123925641179085 0.0165827430784702 0.02445526025258 0.00486744169611484 0.0235664819832891 0.0229427551850677 0.0227903680410236 0.0209160873666406 0.0109254725277424 0.0172516909427941 0.0170847652480006 0.0141943844035268 0.0119405325502157 0.0199263204820454 0.00351485938299447 0.00670763235539198 0.0125003101304173 0.00359031576663256 0.0223214132711291 0.00594993913546205 0.00505890320055187 0.014902999997139 0.018016186915338 0.021027525421232 0.0240072079002857 0.00722110406495631 0.0105719802901149 0.00910455277189612 0.00416599942836911 0.00912468619644642 0.00274955377681181 0.00296206381171942 0.00289430770790204 0.00245535293361172 0.00602122996933758 0.00369001706130803 0.00282576546305791 0.00322508185636252 0.00327888901811093 0.00349567632656544 0.00303835737286136 0.00361588028026745 0.0035059996182099 0.00257256220793352 0.00231665666215122 0.00261198412626982
0.00597036539984401 0.0372619668021798 0.0246631761547178 0.00446845190599561 0.022810739884153 0.0220309407450259 0.00429200255312026 0.0123989860527217 0.0150297312065959 0.0201518779620528 0.0035321146948263 0.00596908202860504 0.00935324421152472 0.00489418851211667 0.0122274414636195 0.0127199050039053 0.00269679182674736 0.0137598542496562 0.00576922548934817 0.0164487224072218 0.0190169298090041 0.0126679583452642 0.0102349331136793 0.0235437505878508 0.0121139680035412 0.00423071021214128 0.00375480516813695 0.00482604417484254 0.00493083773180842 0.010146747296676 0.00854684305377305 0.00492360419593751 0.00801665117032826 0.00270816280972213 0.00576932718977332 0.007421561377123 0.00423544698860496 0.00355946610216051 0.00286996032809839 0.00552946082316339 0.00336048325989395 0.00448911066632718 0.00312514728866518 0.00328097455203533 0.00273373131640255 0.00232403754489496
0.00710608451045118 0.023457305226475 0.0229935925919563 0.00656213448382914 0.00896717603318393 0.00650757271796465 0.00967368623241782 0.0465280078351498 0.0204066020436585 0.0201452699489892 0.0161081377416849 0.0202392923645675 0.00509823791217059 0.0111486315727234 0.0123434387147427 0.0163866500370204 0.00793613372370601 0.00709160752594471 0.00994220087304711 0.0243354833684862 0.00555111391004175 0.0059206104837358 0.0110031631309539 0.0176160249859095 0.00743103222921491 0.0117332269437611 0.0095547835342586 0.0081599710509181 0.00528535274788737 0.00351526862941682 0.00363852924201637 0.00369651853106916 0.00356351530645043 0.00321483083534986 0.00322567755356431 0.00299462741240859 0.00323395549785346 0.00297030312940478 0.00276657425565645 0.00303850930649787 0.00306993830017745 0.00380728142336011 0.00307499000336975 0.00397858871147037 0.00295975788030773 0.00674321823753417
0.0244103439152241 0.024850844219327 0.0220988584682345 0.00671404632739723 0.00790726528503001 0.00951258828863502 0.0074771445710212 0.0217501529492438 0.02015908989124 0.0095324438996613 0.0219887738116086 0.00663808332756162 0.00814168020151556 0.00578441931866109 0.0682711105793714 0.00983667941763997 0.0178644810803235 0.00413464163430035 0.0133875533007085 0.0132828442379832 0.0124797513708472 0.0127576956525445 0.0096322001889348 0.0111248219385743 0.00607192721217871 0.00457602713722736 0.00460969728883356 0.0113499192055315 0.00695077022537589 0.00400693318806589 0.0040173951536417 0.00372892522718757 0.00741031682118773 0.00335718693677336 0.00329349914100021 0.00329456622712314 0.0033557559363544 0.00343082097824663 0.00351868222933263 0.00319786965847015 0.00399933883454651 0.00301734856329858 0.00299024702981114 0.003505939245224 0.00290310718119144 0.00315433349460363
