Scripts_&_data/Maxent_result_files_1/Bombus_humilis_3.asc
NCOLS 594 
NROWS 330 
XLLCORNER -15 
YLLCORNER 23 
CELLSIZE 0.166666666666667 
NODATA_value -9999 
[rows 42 to 62 of 330, columns 184 to 229 of 594]
-9999 -9999 -9999 -9999 -9999 -9999 -9999 -9999 -9999 -9999 -9999 -9999 -9999 -9999 -9999 -9999 -9999 -9999 -9999 -9999 -9999 -9999 -9999 -9999 -9999 -9999 -9999 -9999 -9999 -9999 -9999 -9999 -9999 -9999 -9999 -9999 -9999 -9999 -9999 -9999 -9999 -9999 -9999 -9999 -9999 -9999
-9999 -9999 -9999 -9999 -9999 -9999 -9999 -9999 -9999 -9999 -9999 -9999 -9999 -9999 -9999 -9999 -9999 -9999 -9999 -9999 -9999 -9999 -9999 -9999 -9999 -9999 -9999 -9999 -9999 -9999 -9999 -9999 -9999 -9999 -9999 -9999 -9999 -9999 -9999 -9999 -9999 -9999 -9999 -9999 0.391073885560036 0.304652175307274
-9999 -9999 -9999 -9999 -9999 -9999 -9999 -9999 -9999 -9999 -9999 -9999 -9999 -9999 -9999 -9999 -9999 -9999 -9999 -9999 -9999 -9999 -9999 -9999 -9999 -9999 -9999 -9999 -9999 -9999 -9999 -9999 -9999 -9999 -9999 -9999 -9999 -9999 -9999 0.395674020051956 0.12244415730238 0.0926646426320076 0.144800543785095 0.0847212262451649 -9999 -9999
-9999 -9999 -9999 -9999 -9999 -9999 -9999 -9999 -9999 -9999 -9999 -9999 -9999 -9999 -9999 -9999 -9999 -9999 -9999 -9999 -9999 -9999 -9999 -9999 -9999 -9999 -9999 -9999 -9999 -9999 -9999 -9999 -9999 -9999 -9999 -9999 -9999 -9999 -9999 -9999 -9999 -9999 -9999 0.393332806229591 0.201385544240475 0.127038058638573
-9999 -9999 -9999 -9999 -9999 -9999 -9999 -9999 -9999 -9999 -9999 -9999 -9999 -9999 -9999 -9999 -9999 -9999 -9999 -9999 -9999 -9999 -9999 -9999 -9999 -9999 -9999 -9999 -9999 -9999 -9999 -9999 -9999 -9999 0.231179457902908 0.0642905525863171 0.288931113481522 0.177088073641062 0.0782627917826176 -9999 0.275320644676685 0.285488913953304 0.0840927138924599 0.250080814957619 -9999 -9999
-9999 -9999 -9999 -9999 -9999 -9999 -9999 -9999 -9999 -9999 -9999 -9999 -9999 -9999 -9999 -9999 -9999 -9999 0.662591135501862 0.383163467049599 0.107870261371136 -9999 -9999 -9999 0.249337783455849 0.285550157725811 -9999 -9999 0.24104955047369 0.117832476645708 0.146959588676691 -9999 -9999 -9999 -9999 0.190359795093536 0.259665957093239 0.249126948416233 0.0749481271952391 0.150008043646812 0.0758613266050816 0.0531798303127289 0.075396703928709 0.0703057628124952 -9999 -9999
-9999 -9999 -9999 -9999 -9999 -9999 -9999 -9999 -9999 -9999 -9999 -9999 -9999 -9999 -9999 -9999 -9999 -9999 -9999 0.151363684237003 0.140186022222042 0.156283246725798 0.172900246083736 0.175563944876194 0.240346059203148 -9999 -9999 0.119929617643356 -9999 -9999 -9999 0.27626414000988 -9999 0.074780735000968 0.165288072824478 0.0521043378859758 -9999 0.107930395007133 0.100089509785175 0.0227148754522204 0.0507271762937307 0.0364779794588685 0.0645875100046396 0.0469572193920612 0.0632941726595163 0.0200772555544972
-9999 -9999 -9999 -9999 -9999 -9999 -9999 -9999 -9999 -9999 -9999 -9999 -9999 -9999 -9999 -9999 0.286148561537266 0.156912571191788 0.176676257699728 0.169495104253292 0.299519568681717 0.0911531981080771 0.0944739334285259 0.156556199491024 -9999 0.098420238122344 0.0978358447551727 0.412164348363876 -9999 0.372619032859802 0.237618844211102 0.122037068754435 0.126197251677513 0.153408686071634 0.112238012999296 0.101623211801052 0.0253693118691444 0.113225010037422 0.117957864701748 0.0334986606612802 0.00730632864870131 0.00851738504134119 0.00679471115581691 0.0066058337688446 0.00866691987030208 0.00782907707616687
-9999 -9999 -9999 -9999 -9999 -9999 -9999 -9999 -9999 -9999 -9999 -9999 -9999 -9999 -9999 0.176627443730831 0.145295612514019 0.0940021254122257 0.197642813622951 -9999 0.132203517109156 0.205618761479855 0.271603944897652 0.105016393214464 0.405652981996536 0.109041760489345 0.288467262685299 0.138355695456266 -9999 0.089039758220315 0.151820174604654 0.100148996710777 0.0480394806712866 0.129483173042536 0.0465156171470881 0.0350986614823341 0.0155757063999772 0.0327161818742752 0.0552474703639746 0.0194741576910019 0.00559732131659985 0.00230116758029908 0.0014653205871582 0.002466228348203 0.00362840150482953 0.00146548725897446
-9999 -9999 -9999 -9999 -9999 -9999 -9999 -9999 -9999 0.21727829426527 0.220488110184669 0.214795139431953 0.202406838536263 0.240433232486248 -9999 0.24874564409256 -9999 0.163150456547737 0.122218006849289 0.139282511174679 0.232560542225838 0.17133816331625 0.485469576716423 0.195166178047657 0.202133356034756 0.199446067214012 0.214499323070049 0.216387544572353 0.114831522107124 0.0911800377070904 0.151918399333954 0.0568328063935041 0.0119424931704998 0.00526609532535076 0.0159921524114907 0.0109892264008522 0.00479367608204484 0.00423064236529172 0.00169659688835964 0.00168268987908959 0.000922942347824574 0.000571670991485007 0.000574966968270019 0.00166971888393164 0.0007053678331431 0.000400860660010949
-9999 0.324555045366287 0.618827468156815 -9999 -9999 -9999 -9999 -9999 0.420764338970184 0.108654728531837 0.152547839283943 0.11848027408123 0.258138282597065 0.088703241944313 0.238138145208359 0.29096652418375 0.241721665859222 0.186562937498093 0.178354156017303 0.231051303446293 0.208827535808086 0.0954304747283459 0.0503868963569403 0.10538388043642 0.142957277595997 0.097369908541441 0.241276924312115 0.0594824243336916 0.0571501690894365 0.0229962846264243 0.00655104666948318 0.0120478381402791 0.00647320495918393 0.00489438334479928 0.00543203521519899 0.00180025408044457 0.000922971696127206 0.00144019728759304 0.00140338011551648 0.000717554084258154 0.000452003596001305 0.000431935049709864 0.00041409767291043 0.000329632773355115 0.000343939833692275 0.000307986306142993
0.318527951836586 0.351677724719048 -9999 -9999 -9999 -9999 -9999 -9999 0.544840550422668 -9999 -9999 -9999 0.154465790092945 0.204792439937592 0.0918227575719357 0.232723052799702 0.186428809165955 0.124578715115786 0.221780255436897 0.164222116023302 0.111271820217371 0.236467944085598 0.139096119999886 0.0856988064944744 0.0336054818704724 0.0175113159231842 0.021393190138042 0.00547043168917298 0.00208379524992779 0.00503549259155989 0.00219915126217529 0.00170425268588588 0.00237475741887465 0.00301299833226949 0.000976825749967247 0.000650665885768831 0.000550844077952206 0.000522164229187183 0.000456155664869584 0.000456535897683352 0.000314975852961652 0.000303312839241698 0.000352012380608358 0.000223567949433345 0.000107518219010672 0.000122086642659269
0.168441019952297 -9999 -9999 -9999 0.273811994493008 -9999 -9999 -9999 -9999 0.405272322893143 -9999 0.303275644779205 0.211441579461098 0.218349772691727 0.212781117856503 0.170495468378067 0.230209432542324 0.0992780655622482 0.0730629689991474 0.121406565606594 0.121661279350519 0.106237959116697 0.114001565426588 0.0799227740615606 0.0542357597500086 0.0119778503663838 0.0059346882160753 0.00220820732647553 0.00135289054596797 0.0010128466412425 0.000635704561136663 0.000724534637993202 0.00118521657423116 0.0012784092570655 0.000745484058279544 0.00074518276960589 0.000658621772890911 0.000446994675439782 0.000345745374215767 0.000440030120080337 0.00027998061850667 0.000259265831846278 0.000210376421455294 0.0001320963150647 0.000102791880635777 0.000207689020317048
0.156048827618361 0.465774518251419 0.321504247188568 0.242223857343197 0.215318943560123 -9999 -9999 0.426489064097405 0.592678052186966 0.295906157791615 0.184667620062828 0.15528266876936 0.170411564409733 0.134211374074221 0.151003357023001 0.168556042015553 0.242356377840042 0.192374440282583 0.044204293936491 0.0198304040357471 0.0285546647384763 0.0350073523819447 0.0162545836530626 0.0448498295620084 0.019422731269151 0.00372595652006567 0.00255981402006 0.00357462789397687 0.00267695544753224 0.00102841295301914 0.00052166264213156 0.000505475970567204 0.000504503925913013 0.00073445598827675 0.000475793160148896 0.000885421753628179 0.000546596336062066 0.000479388766689226 0.000461886572884396 0.000414142064983025 0.000291403441224247 0.00029046066920273 0.00018056296830764 0.000196122257329989 0.000248998151801061 0.000215608446160331
0.226711049675941 0.209967394173145 0.119337534159422 0.127730169892311 0.181576097011566 0.137760163098574 0.15037567615509 0.112188759446144 0.192617878317833 0.194035255908966 0.108582589030266 0.126333408802748 0.101850598305464 0.0634641088545322 0.146690432727337 0.0833625331521034 0.114177457243204 0.0650643672794104 0.0815055202692747 0.0175253899767995 0.00986449820920825 0.016473195515573 0.0150659708306193 0.00856685223989189 0.00159405323211104 0.000709375651786104 0.00125911368522793 0.00120415901765227 0.000842108175856993 0.000591306935530156 0.000457128521520644 0.000422970688669011 0.000427406840026379 0.000432242010720074 0.000476111186435446 0.00045347680861596 0.000542461688746698 0.000756176229333505 0.00071737808175385 0.000866832688916475 0.000254567957017571 0.000520996286650188 0.000429686886491254 0.000312010402558371 0.000213695595448371 0.000180682982318103
0.158780333399773 0.264671385288239 -9999 0.424066045880318 0.331294786930084 0.17686703056097 0.193628646433353 -9999 -9999 0.0761939316987991 0.142639990150928 0.111955311894417 0.0908526934683323 0.125992458313704 0.0501418050378561 0.137992783635855 0.0912001483142376 0.0705112151801586 0.0524625327438116 0.0524669433012605 0.0431378599256277 0.0222686685621738 0.0360544433817267 0.00797531618736684 0.00264609353616834 0.00173337493324652 0.000530112121487036 0.000430627161404118 0.000462728034472093 0.000485397569718771 0.000455621469882317 0.000529850152088329 0.00039777671918273 0.000400570506462827 0.000408058791072108 0.000450586885563098 0.000403889419976622 0.000407212643767707 0.00253924255957827 0.00283036474138498 0.00118672055541538 0.00201984401792288 0.00298008392564952 0.00294445083709434 0.00230595842003822 0.00106963105499744
-9999 -9999 -9999 -9999 0.167916864156723 0.130586459487677 0.132370098680258 0.176562467217445 0.324920672178268 0.182598173618317 0.206472939252853 0.183524450659752 0.135767387598753 0.0721781495958567 0.0635151635855436 0.0219281187281013 0.0183900761418045 0.0250738697126508 0.0287681708112359 0.0112280709668994 0.0150228002108634 0.0342518573626876 0.0202134826220572 0.0108918784186244 0.0115108036436141 0.00616744309663773 0.00345255347201601 0.00242325095459819 0.000536722035030834 0.00067879012785852 0.000628153543220833 0.000487426423933357 0.000540169823216274 0.000464384147198871 0.000364779133815318 0.000493399240076542 0.000732428877381608 0.00107734619523399 0.00314967022277415 0.00115676168352365 0.00125298285856843 0.00535555284004658 0.00373114694375545 0.00328667634166777 0.00238686570664868 0.00312371719628572
0.55394335091114 0.243838451802731 0.195536726713181 -9999 0.171694687008858 0.113189340382814 0.391612645983696 0.373882514238358 0.439683455228806 0.444223430752754 0.125662162899971 0.0865172445774078 0.301301531493664 0.110970469564199 0.0564890205860138 0.0433415435254574 0.0387808848172426 0.0457000426948071 0.0374035105109215 0.0124707552604377 0.00755929355509579 0.00688158557750285 0.00403612281661481 0.00146723521174863 0.00130466454429552 0.00175009547965601 0.00164682335453108 0.00607335756067187 0.0060166212497279 0.0071735690580681 0.00575686669908464 0.00312373228371143 0.00155229526571929 0.00180216685403138 0.00368199264630675 0.0038559430046007 0.00332764723571017 0.00378722517052665 0.00385890500620008 0.00356897986494005 0.00346515257842839 0.00156978017184883 0.00491599785163999 0.00360974913928658 0.00476534704212099 0.00346803460270166
0.15452661216259 0.0943126328289509 0.213527342677116 0.252660498023033 0.19928043037653 0.112721407413483 0.0716741107404232 0.0285663135349751 0.0341150926426053 0.12964965775609 0.0771477676928043 0.0397875502705574 0.0160038759000599 0.0132155799306929 0.0297027211636305 0.0157996843568981 0.0328235745429993 0.0423298951238394 0.0137540575116873 0.00475726150907576 0.00464007095433772 0.00143953777151182 0.00193326424341649 0.00119795850478113 0.00074139311327599 0.000643472844967619 0.00246765023330227 0.00285125471418723 0.00355000230483711 0.010376025410369 0.00497531106229872 0.00722913676872849 0.00350036381278187 0.00237362358020619 0.00284149196231738 0.00270530044799671 0.00566436329390854 0.00569628640078008 0.00543246439192444 0.00553218843415379 0.00372300273738801 0.00749933174811304 0.00493610615376383 0.0100061436183751 0.00318649606779218 0.00379854026250541
0.234419028460979 0.216723926365376 0.118961740285158 0.309908564388752 0.0859324976801872 0.0679701965302229 0.0392605938017368 0.0073587748222053 0.0327900778502226 0.0634981997311115 0.0593426924198866 0.0206808289512992 0.0891267582774162 0.0607228584587574 0.0213777961209416 0.0148980059660971 0.0224613534286618 0.00697091915644705 0.00512543357908726 0.00463529424741864 0.00203540961956605 0.000848878623219207 0.000764994055498391 0.00106925299041905 0.00283119439845905 0.00112317503080703 0.00298796229762956 0.00185601048870012 0.00543480005580932 0.00516120006795973 0.00932346279732883 0.00199225911637768 0.00621742312796414 0.00236064252676442 0.00206990357255563 0.00166094242595136 0.00266551559325308 0.00309422275749967 0.00804923148825765 0.00617925492115319 0.00722677311860025 0.0032122605945915 0.0052383619826287 0.00457593919709325 0.00495005561970174 0.00702287442982197
0.141636110842228 0.198730723559856 0.230379265546799 0.50244979262352 0.286461777985096 0.0314505709335208 0.0248034423217177 0.0318176701664925 0.0160397056490183 0.0198435928672552 0.0544498454779387 0.0796938445419073 0.0293929623439908 0.0481365155428648 0.02844816762954 0.0514329576864839 0.0314946994185448 0.0156995898112655 0.00355822111014277 0.00251491602975875 0.000958645337959751 0.00123259252868593 0.000762760097859427 0.000731001247186214 0.000736143492395058 0.000678428349783644 0.00167155744275078 0.00165281216613948 0.00229533610399812 0.00569841123651713 0.00841837688349187 0.00560902571305633 0.00522265075705945 0.00670403609983623 0.0089774583466351 0.00692070205695927 0.00855686692520976 0.00891983099281788 0.00688500320538878 0.00911294370889664 0.0077846594620496 0.0084245125297457 0.00942865191027522 0.00919540976174176 0.0115237088873982 0.00926709454506636
