Scripts_&_data/Maxent_result_files_1/Bombus_confusus_3.asc
NCOLS 594 
NROWS 330 
XLLCORNER -15 
YLLCORNER 23 
CELLSIZE 0.166666666666667 
NODATA_value -9999 
[rows 200 to 219 of 330, columns 506 to 551 of 594]
0.000171860772388754 0.000169966608518735 0.000180439582618419 0.000197032566211419 0.000205025252944324 0.000226584120537154 0.000238462780544069 0.000256400233047316 0.000290824704279657 0.00031567630067002 0.000343383102153894 0.000399722387373913 0.000426957322633825 0.000448146142298356 0.000633956052479334 0.000487191352294758 0.000728696871374268 0.000531674076046329 0.00154690854833461 0.00243056553299539 0.00132331297500059 0.000586899842892308 0.000606324459658936 0.000523490831255913 0.00113177011953667 0.000797983567463234 0.000807657191762701 0.000827470808872022 0.000852670636959374 0.000879900800646283 0.00118221743032336 0.00127781566698104 0.00129028093942907 0.000952546796179377 0.000907958834432065 0.000831294761155732 0.000836113042896613 0.000827350266627036 0.000873060419689864 0.00092494729324244 0.000977139844326302 0.00101147153472994 0.00107265447441023 0.00256667231442407 0.00665167570114136 0.00445085091050714
0.000138342695572646 0.000137882838316727 0.000160656790103531 0.000174497115949634 0.000178031106770504 0.000185804979992099 0.00020607765254681 0.000234392365382519 0.000257684499229072 0.000281792996247532 0.000309005962481024 0.000312940628646174 0.000354971496562939 0.000387088148272596 0.000425035989610478 0.000433860128396191 0.000462887935282197 0.000498440157389268 0.00149999874411151 0.000977078534197062 0.00222603334113956 0.00146979533601552 0.000825288947089575 0.000874269432097208 0.000829462960246019 0.000679853587644175 0.000835634901886806 0.000903412405750714 0.000919928139774129 0.000940005906159058 0.000963045595563017 0.000973172765225172 0.000961931978235953 0.000946176296565682 0.000927384066744707 0.00082722713414114 0.000812033109832555 0.000782838885788806 0.000793632323620841 0.000772131091798656 0.000799377143266611 0.000911568288574927 0.000937811125186272 0.000976078858366236 0.00102495127066504 0.00113399519759696
0.000103851089443197 0.000106529925324139 0.000114670687253238 0.00012817189344787 0.000137139346770709 0.000142536315615871 0.000158871332678245 0.000173136771627469 0.000207024776318576 0.00022975929241511 0.000248448507772991 0.000266491656657308 0.000289141165558249 0.000329353866982274 0.000351225132180844 0.000379356516350526 0.000395199132617563 0.000422558549325913 0.000473698516725563 0.00047884855302982 0.000476107493159361 0.000451644317945465 0.000495635186962318 0.00053866228699917 0.000517191986727994 0.000485853475402109 0.000383310551114846 0.000845334307814483 0.000935793781536631 0.000994280687882565 0.00102812824770808 0.000964839098742232 0.000910770863993093 0.000917602953268215 0.000879132447880693 0.00080993989831768 0.000817792958696373 0.000832666756468825 0.000846325283055194 0.000833481797599234 0.000807544059352949 0.000918254986754619 0.000980441446881741 0.000967032619519159 0.000971850284258835 0.00103478906676173
7.36395555577474e-05 7.52605283196317e-05 0.000116609732504003 9.78660933469655e-05 0.000115955959336134 0.000127093259652611 0.000350973619788419 0.00014015366359672 0.000167504327691859 0.000176601402199594 0.00020225174666848 0.00022550819630851 0.000252882392669562 0.000280338137963554 0.000316506903618574 0.000328327471652301 0.000334069759992417 0.000370706636022078 0.000426096994488034 0.000425414727942552 0.000432624552922789 0.000438246826524846 0.000436011679994408 0.00046316978696268 0.000499177801248152 0.00075723837944679 0.000324116158299148 0.000360158392140875 0.000704839476384223 0.00105136680358555 0.00106536183448043 0.00107350328180473 0.000901035667629913 0.00098784442525357 0.000957529203151353 0.000846666656434536 0.0007942883472424 0.000850566913140938 0.000880139082437381 0.00085370151209645 0.000879292769241147 0.00125394566566683 0.00110017849074211 0.000944881807663478 0.00107553706038743 0.000986003436264582
6.78820637403987e-05 9.06411647520144e-05 0.000109880639865878 7.1992505218077e-05 8.14121940493351e-05 9.39089281018823e-05 0.000297696310735773 0.000433258547855075 0.000148102417369955 0.000164711562683806 0.000166094680025708 0.000189025064901216 0.000211325347481761 0.000227493128477363 0.000270306210586568 0.000298275759269018 0.00029644721726072 0.000344000491168117 0.000370972818927839 0.000361841203994118 0.000379057414829731 0.000375459999486338 0.000372519304801244 0.000386091896507423 0.000376635993598029 0.00053772424289491 0.000592205012799241 0.000539394546649419 0.000434070627670735 0.000571160014078487 0.00102871435228735 0.00115525485598482 0.00115527730959002 0.00111413096892647 0.00114334211975802 0.00117412011313718 0.00120636984065641 0.00102819232270122 0.00113580603792798 0.00106985650782008 0.000936464185360819 0.00122419429244474 0.00109586933685932 0.00104375049413647 0.00126789449132048 0.00111715946695767
5.90496385484585e-05 6.02114709181478e-05 5.84639004955534e-05 0.000400353460281622 6.26887267571874e-05 7.22739861885202e-05 8.86182766407728e-05 9.91901935776696e-05 0.00011511836128193 0.000134810196686885 0.000155774108861806 0.00017138459807029 0.000180044089938747 0.000200797971046995 0.000233417558047222 0.000250811313890154 0.000273832445236621 0.000317144059226848 0.000328581739449874 0.000341812699480215 0.000346643769444199 0.000328349704795983 0.000321948572673136 0.000314448201970663 0.000354622440499952 0.000510768458480015 0.0057849136646837 0.00121835509198718 0.000428650750836823 0.000785622952389531 0.00107008344784845 0.00127688411157578 0.00113618441391736 0.00112041404645424 0.00106025307031814 0.00105981320375577 0.00109326363308355 0.00112186253536493 0.00108384235063568 0.00111065097153187 0.00111692883365322 0.00111406502255704 0.00111469041439705 0.000994806917151436 0.00113084313634317 0.000905872604926117
7.15492913514026e-05 7.56509858547361e-05 5.20536241310765e-05 4.36022513895296e-05 5.60482072614832e-05 5.24345576195628e-05 9.15468639504979e-05 0.000127794977743179 8.5733225569129e-05 9.48334931308636e-05 9.56575961026829e-05 0.000152294070721837 0.000154238665709272 0.000160794375551632 0.000181230540329125 0.000200177740043728 0.00022746371323592 0.000266890114289708 0.000298790873057442 0.000304610944294836 0.000300186611275421 0.000304826028877869 0.000336546501057455 0.000302755714801606 0.000295020434714388 0.000380546745145693 0.00396272069774568 0.00444109509699047 0.000402966779074632 0.000953130860580131 0.00130471994925756 0.0012204422528157 0.00113805000728462 0.00118669486546423 0.00113834345247597 0.00151482969522476 0.00088554150715936 0.000857328216079622 0.000917291955556721 0.000910690575256012 0.000977720474475063 0.00130390391568653 0.00108433571294881 0.00106324994121678 0.00138978362083435 0.00814917827956379
7.7576786861755e-05 7.10219997927197e-05 0.000100021886464674 9.72958197962726e-05 8.85552060935879e-05 5.47606818145141e-05 5.57997900614282e-05 0.000247648644290166 7.01795614077128e-05 7.69931817558245e-05 3.3159563645313e-05 0.000113460372813279 0.000125459434639197 0.000127840678396751 0.000142995428541326 0.000162440371423145 0.000186756489711115 0.000206314554816345 0.000262429787107976 0.000300029251957312 0.000328698294470087 0.000335756102140294 0.000362989233690314 0.00039245214429684 0.000375023180095013 0.000182723860780243 0.000237744765036041 0.00243992051109672 0.00103800518845674 0.000351758436590899 0.000398247114208061 0.000736594415502623 0.00132617941708304 0.00119236964383163 0.00253845349652693 0.000962314556818455 0.00223961654119194 0.000921268897945993 0.00220334106707014 0.00319179334910586 0.00107365445583127 0.00111712281941436 0.00120708270114847 0.0114610153250396 0.0251816818490624 0.968430244922638
3.86147066819831e-05 5.87668188018142e-05 0.000256036662176484 0.000590211240341887 0.000170591332425829 0.000104414336601621 5.89483472140273e-05 5.62658666240168e-05 6.31643377346336e-05 6.7936292361992e-05 7.8085246423143e-05 9.43310773436679e-05 0.000288995504524792 0.000704442575806752 0.000123827336574323 0.000148005503797322 0.000181037760557956 0.000232333765598014 0.000307950790011091 0.000329917347698938 0.000352442960138433 0.000334733970521484 0.000365999290079344 0.000382290715060662 0.00118704822671134 0.00132904974161647 0.00190599406487308 0.00209859110182151 0.00452428008429706 0.00389039305737242 0.00296025593997911 0.00168298913631588 0.000406860664952546 0.000995894192601554 0.00275415158830583 0.00376004672143608 0.00391928678145632 0.00229384556878358 0.00559601290151477 0.00349945129128173 0.00531596736982465 0.0172010952606797 0.0255762105807662 0.0624555006623268 0.537103268504143 1
2.14655065974512e-05 3.12363908051338e-05 0.000254542553739157 0.000729891547234729 0.000416353518085089 0.000252957407792564 0.000112343213550048 0.000153396711539244 0.000346099129819777 6.15912838838994e-05 0.000490020294091664 0.000591120781609788 0.000691033233306371 0.000788416288560256 0.000851397760561667 0.000495358800981194 0.000531321136804763 0.000291718795051565 0.000368786784383701 0.000417985591047909 0.000409068379667588 0.00233720186515711 0.00166931973653845 0.00311467113206163 0.00305090147303417 0.00338177969679236 0.00277045220136642 0.00309982303297147 0.00296032653423026 0.00278483512811363 0.00321332408348098 0.00243492443114519 0.00552409414667636 0.000472061002801638 0.00680380980484188 0.0030417135450989 0.0013156377885025 0.000947255635401234 0.00095862309099175 0.00183472955832258 0.00241981564322487 0.00143147032358684 0.00250240038149059 0.00990661247633398 0.015832547377795 0.0358946267515421
3.22788817356923e-05 4.92241300889873e-05 0.000127597658502054 0.000619577136239968 0.00124150122283027 0.000927304034121335 0.0004591801945935 0.00105360880843364 0.000103937659878284 6.77716889185831e-05 0.00079271744180005 0.000731680617900565 0.163470897078514 0.00232785220723599 0.000470879346539732 0.00426486898213625 0.00230859657167457 0.00335846930975094 0.00107439771818463 0.00122992906835862 0.00287612533429638 0.00228725037304685 0.00392349681351334 0.0156340475194156 0.00393981995293871 0.00624452277552336 0.00552257462404668 0.0159664651378989 0.0226391131058335 0.0356333391740918 0.01470857989043 0.936536765098572 0.0118144853971899 0.00717923759948462 0.0038625794230029 0.0126334645785391 0.00415409307461232 0.00307217621011659 0.00116236640023999 0.00106155544926878 0.00215102904476225 0.000130734396589105 0.000189601439342368 7.34190254661371e-05 2.75352182143251e-05 2.04932507585909e-05
2.48875111992675e-05 0.000147953941632295 0.000246345606865361 0.000884992105420679 0.00165988987428136 0.00341921495273709 0.00260080253938213 0.00058701308153104 0.00046306120348163 0.000301429510000162 0.000518629531143233 0.000214350675378228 0.00252165832789615 0.00413927775807679 0.000613616542250384 0.000874221025151201 0.000831484291120432 0.000472093607822899 0.00182365207583644 0.00309195547597483 0.00382968566846102 0.00264414590783417 0.00406931287143379 0.00535937889944762 0.00567764567676932 0.0143291944637895 0.0171029069460928 0.014731770567596 0.0139914396684617 0.00901989347767085 0.00727006886154413 0.0166238835081458 0.007820332236588 0.00720572776626796 0.00579044681508094 0.0163530890829861 0.00448450653348118 0.00547163872979581 0.00457069501280785 0.00231040563667193 0.002269740938209 0.00246177520602942 0.000343999950564466 4.99461837534909e-05 4.35255570664594e-05 0.000207939581014216
5.42589707038133e-05 0.000117492239587591 0.000236379480338655 0.000433692487422377 0.000667656536097638 0.00146957446704619 0.00244262747000903 0.00591641606297344 0.00980116766877472 0.000799952342640609 0.00223655375884846 0.0024083650088869 0.00408525082748383 0.00693732020445168 0.0066422404255718 0.0150971959345043 0.011230585584417 0.0316760148853064 0.00963534885086119 0.00123287531605456 0.00247799908975139 0.00222114122007042 0.000789207677007653 0.000321712553704856 0.000775802752468735 0.00101006553741172 0.00906017851084471 0.0166416587308049 0.00439253421500325 0.00334166910033673 0.000576886841736268 0.000334429835493211 0.000784608691174071 0.000498730121762492 0.00480730517301708 0.00164250279776752 0.00356093035079539 0.00038645143940812 0.000115272075345274 0.000180779913353035 0.000156892013910692 8.83743170561502e-05 0.000464753624692094 0.00103160603903234 0.0012903458729852 0.00834377519786358
0.000184789569175337 0.00244779327185825 0.000843567179981619 0.00166525335516781 0.000786285940557718 0.0050025672884658 0.00772506147623062 0.00911768735386431 0.0022923469892703 0.0011292780720396 0.00150762713165022 0.00190056835999712 0.00262988396571018 0.00250120973796584 0.00181579797063023 0.0082661880645901 0.00971197132021189 0.00512333973310888 0.0122676820028573 0.00460577779449522 0.00132997566543054 0.00572857833467424 0.0025213512708433 0.000299947965686442 0.000185208383845747 0.000122062285481661 0.00018365287251072 0.000190376773389289 0.000528576767828781 0.000320806528179673 0.000130997336418659 0.000118897085303615 7.67617853853153e-05 4.30276822044107e-05 3.80143969778146e-05 4.10507046581188e-05 6.1077589452907e-05 3.01789204968372e-05 7.80873611802235e-05 8.85578971065115e-05 0.000141446015913971 0.00291997509775683 0.00132665224955417 0.00059772325475933 0.000897763308603317 0.00126550894055981
9.02217940165428e-05 0.00659971099812537 0.00280068500433117 0.000585590238915756 0.00266071626683697 0.00380642506061122 0.00794175816699863 0.000446084456052631 0.000336309489648556 0.000261032451089704 0.000234470076611615 0.000211909671998001 0.000369310469250195 0.000640318267687689 0.000413702004880179 0.00149601958692074 0.00194227643078193 0.000824044496403076 0.000266595239372691 0.000158644907787675 0.000211367679730756 0.000194841380653088 0.000160055569722317 0.000182776396832196 0.00017995408961724 0.000194538568757707 0.000226562971147359 0.000207380810752511 0.000382999186695088 0.0004244071431458 9.2837533520651e-05 7.97242602857295e-05 4.70816544293484e-05 4.41593954747077e-05 4.86858971271431e-05 0.000727477503824048 0.000220269345300039 0.000498614570824429 0.000169982281659031 7.1097478212323e-05 3.18510067700117e-05 0.000150663156091468 0.000868092235759832 0.00272793300682679 0.000683960021706298 0.000812271892209537
0.000157112038868945 0.000391648858203553 0.000967458440572955 0.00287133085075766 0.00265377113828436 0.000682999327545986 0.00068768475757679 0.000540054628800135 0.000506989953282755 0.000296912417252315 0.00022413122933358 0.000304080945352325 0.000354266259091673 0.000407161132170586 0.000339554753736593 0.000273058390303049 0.000390617043740349 0.000292068182170624 0.000594291902962141 0.000342525269661564 0.000322877816506661 0.000796600399189629 0.000203129107831046 0.000165548237782787 0.000214394640352111 0.000157504043818335 0.000217893730950891 0.000187880421799491 0.000167887957650237 0.000145810801768675 0.000115463955262385 0.000178309570765123 0.000128550832232577 0.000212291223579086 0.000177271426218795 3.99866695261153e-05 3.42689824719855e-05 6.61899808619637e-05 4.36307132986258e-05 1.76339050085517e-05 1.46551394664129e-05 2.41278266003064e-05 5.21886757269385e-05 8.28731401270488e-05 0.000193249729636591 0.00102162593393587
0.000275483523728326 0.000617143159615807 0.000838015382760204 0.0130965752992779 0.005735247512348 0.00569189384113997 0.00514602430630475 0.000540225666190963 0.000349160157202277 0.000444731296011014 0.000423615302861435 0.000497081987850834 0.000424243829183979 0.000336823905672645 0.000467854827002157 0.0100550464354455 0.00191187096643262 0.000374321240815334 0.00101537921582349 0.00251522563048638 0.00137650003598537 0.0165202197618783 0.00791980614885688 0.00361533553805202 0.00193001281004399 0.00251765411812812 0.000257031188812107 0.000349594333965797 0.000622158567421138 0.000224428861838533 0.000408103656081948 0.00120663188281469 0.000453004719747696 0.000501792060094885 8.32350615382893e-05 2.60980673829181e-05 2.28845898618601e-05 2.60489844549738e-05 0.00011545606830623 2.21780748688616e-05 1.96402423625841e-05 1.94718018065032e-05 1.49490379499184e-05 1.50844247400528e-05 2.07375109766872e-05 1.4047926265448e-05
0.00039547787673655 0.000484372221399099 0.0118549149017781 0.0208434299565852 0.0144078336656094 0.00299635612173006 0.00215361370355822 0.00203506899415515 0.000621366755513009 0.00122902784496546 0.000462021231942344 0.000416442105051829 0.000340043650794541 0.00511542838066816 0.0326083549298346 0.0717997808009386 0.0451974151656032 0.00484928435180336 0.00118036765779834 0.00665030616801232 0.02295489218086 0.00875253113918006 0.00908058183267713 0.00385138266719878 0.00448184004053473 0.00620694996323437 0.000745315462700091 0.00214565404457971 0.000732220232021064 0.000473368517123163 0.000212380993616534 0.000106973244692199 6.86116682118154e-05 4.21558457674109e-05 3.15568170663028e-05 2.35956380493008e-05 2.2243301373237e-05 2.06964503377094e-05 4.869707445323e-05 1.70474037076929e-05 1.35465226776432e-05 1.10677234260947e-05 1.2970361058251e-05 1.39143682190479e-05 1.33859537527314e-05 1.12099496845985e-05
0.00314894706243649 0.000817924077273347 0.00450635016895831 0.0031933491001837 0.018091641087085 0.00511735025793314 0.00141543980571441 0.00175637588836253 0.00118450977606699 0.000466287317976821 0.000978105852846056 0.000751594078610651 0.0131771155167371 0.0163094028364867 0.0420815382152796 0.00701927307527512 0.00485210823826492 0.0233264250680804 0.0159205514006317 0.00246614395873621 0.0109782623592764 0.00111748758354224 0.000744139097514562 0.00277152833295986 0.00193474243860692 0.000194762945102411 0.000483164294564631 0.00136460073408671 0.000387804137426428 0.000209595894557424 0.000139686319744214 0.000112687976070447 9.45818419495481e-05 9.89694046438672e-05 9.43928080232581e-05 5.24101635164698e-05 3.23343492709682e-05 2.92761583295942e-05 3.80449801014038e-05 0.000319471780676395 4.1580680590414e-05 9.72244964941638e-05 0.000122703717715922 1.32465640490409e-05 9.64109083270159e-06 8.34282427604194e-06
0.0066011874936521 0.0156917649321258 0.000628828792832792 0.00692504576873034 0.000982734962599352 0.000851308790151961 0.000437831867020577 0.000405385852354811 0.000398135469004046 0.000619517015002202 0.00199177045142278 0.0108351975679398 0.013129614200443 0.0077537405770272 0.00374009953811765 0.00406424036482349 0.000700109184253961 8.81971867784159e-05 0.115135077387094 0.0375941433012486 0.000486111544887535 0.00574742718599737 0.0406855672597885 0.00707491873763502 0.000835893585463054 0.0025386658962816 0.00369202874135226 0.000815288763260469 0.000752858845226001 0.000535676631261595 0.00068240734108258 0.00024486234106007 0.000418161026027519 0.000375286574126221 0.000335554797493387 0.000908291677478701 0.00133260465809144 0.000444554074783809 0.000490378009271808 0.000175281740666833 0.000104218868364114 1.62822715992661e-05 5.13937675350462e-05 1.13310488359275e-05 9.33154644826573e-06 6.71774466809438e-06
