Scripts_&_data/Maxent_result_files_1/Bombus_norvegicus_2.asc
NCOLS 594 
NROWS 330 
XLLCORNER -15 
YLLCORNER 23 
CELLSIZE 0.166666666666667 
NODATA_value -9999 
[rows 220 to 239 of 330, columns 276 to 321 of 594]
-9999 -9999 0.312257717549801 0.0194713328033686 0.02230119490996 0.0291853887960315 0.0187385759316385 0.0875110700726509 0.0914006974548101 0.359925849735737 0.0529647264629602 0.100658020377159 0.0492635149508715 0.617522317171097 0.778727978467941 0.482443034648895 0.589843815565109 0.850648510456085 0.982850015163422 0.997193908691406 0.997345751523972 0.940039944648743 0.143270472437143 0.0928436353802681 0.324363550543785 0.00878753578290343 0.00366386722307652 0.0165054543875158 0.0387222219258547 0.0193880853243172 0.0174827325157821 0.0681787652894855 0.332470320165157 0.0391952336765826 0.107211156561971 0.0281963677145541 -9999 -9999 -9999 -9999 -9999 -9999 -9999 -9999 -9999 -9999
0.016263630753383 0.0526578526943922 0.0236803205683827 0.072772803157568 0.313228445500135 0.123680996894836 0.427180257439613 0.427197410166264 0.479001426696777 0.104232475161552 0.340143731236458 0.685838520526886 0.261243543028831 0.675078895688057 0.88235719203949 0.934565162658691 0.952240246534348 0.93662451505661 0.956620597839355 0.0774494286626577 0.289520733058453 0.0195706302300096 0.00916632222943008 0.398986706137657 0.0688841633498669 0.0407560529187322 0.00970738627947867 0.00737306666560471 0.00774935162626207 0.00615655125584453 0.0181394473649561 0.0230336612090468 0.0288091380149126 0.0185174906626344 0.0290339455008507 0.0421541115269065 0.0302736571058631 0.145605661720037 0.0368331031873822 -9999 0.0253842206671834 -9999 -9999 -9999 -9999 -9999
0.00544040910899639 0.0197423241101205 0.027311856392771 0.242933059483767 0.175905107799917 0.213151820003986 0.173358809947968 0.39919618666172 0.911459964513779 0.0928715571761131 0.0358142549172044 0.145337940752506 0.0571276945993304 0.13586647361517 0.294878022372723 0.11216269955039 0.74948028922081 0.349228595197201 0.231084688007832 0.74715861082077 0.290409383177757 0.0563756853342056 0.0180925318039954 0.0122125186026096 0.305264374613762 0.0494411002844572 0.0377392867580056 0.0237602517008781 0.0685400575399399 0.0109901327639818 0.0110160674434155 0.013324194541201 0.0386776439845562 0.03242930136621 0.0486986398696899 0.111490219831467 0.0693476125597954 0.0829597026109695 0.059106532484293 0.0413682090118527 0.0354232100769877 0.053629139252007 0.0448248432949185 0.0485098868608475 -9999 0.0341541651636362
0.13135953694582 0.206470899283886 0.284793908894062 0.37692197561264 0.207086992263794 0.404727733135223 0.101166205853224 0.279805406928062 0.303414782881737 0.869460874795914 0.650645422935486 0.272468952834606 0.0106070104055107 0.00731327245011926 0.00541713451966643 0.0288973306305707 0.174898026883602 0.0640627190470695 0.297216057777405 0.484549921751022 0.436013686656952 0.0890725012868643 0.0358667688444257 0.027496680803597 0.123991990834475 0.00961608896031976 0.00727535444311798 0.0129552504979074 0.00267896190052852 0.872899901866913 0.114342966675758 0.00910566849634051 0.00220924405730329 0.00246886097156676 0.0401663463562727 0.119965470954776 0.0895315825939178 0.0644889004528522 0.0910875998437405 0.0753211855888367 0.129682271182537 0.172665095329285 0.315060333907604 0.337490245699883 0.086221019923687 0.119030951708555
0.200376596301794 0.527767285704613 0.712940287590027 0.957100880146027 0.977937716245651 0.81943798661232 0.918112576007843 0.873556995391846 0.716239535808563 0.534363830089569 0.579727509617806 0.470883047580719 0.0071372193749994 0.00588712403550744 0.0716755326837301 0.0258383222855628 0.0024799004313536 0.00304502004291862 0.00198227480286732 0.0025723394472152 0.0025886427029036 0.00176830441341735 0.00353801420424134 0.0976361513137817 0.0140098042786121 0.00832657283172011 0.00539470503572375 0.00235585890477523 0.00804774421267212 0.00956526617519557 0.00243881365749985 0.00329058647621423 0.000926563968823757 0.000600393002969213 0.00318337061908096 0.0841102983802557 0.262697449326515 0.20529059022665 0.033484510332346 0.151635554432869 0.390884205698967 0.346335226297379 0.218681311607361 0.290305984020233 0.569527351856232 0.575797152519226
0.668449130654335 0.308896906673908 0.257373397052288 0.00216021607629955 0.0374602667987347 0.311624522507191 0.892080318927765 0.17892119884491 0.0109436894301325 0.581431353092194 0.0296456352807581 0.330970823764801 0.00816724202595651 0.00093349976814352 0.0149032624438405 0.00230118664912879 0.000822198504465632 0.000722900216351263 0.00126577763003297 0.00135981499915943 0.0119126590900123 0.0164870112203062 0.00593137494288385 0.00654660691507161 0.00675697317346931 0.00499473337549716 0.003479541442357 0.00134757697232999 0.00447614607401192 0.00360210619401187 0.0633527122437954 0.0797486618161201 0.00467301981989294 0.014155760849826 0.006164665450342 0.0458459708839655 0.0123243365436792 0.16565370336175 0.160323339700699 0.380421525239944 0.668723082542419 0.520727548003197 0.386500120162964 0.112822999805212 0.049075236171484 0.0965121448040009
0.0613828122615814 0.0249113896861672 0.00445270298514515 0.0123197454027832 0.00365634798072278 0.010513379983604 0.00342777008190751 0.00567344697192311 0.00172940797638148 0.00288938586600125 0.00773221324197948 0.00483523260336369 0.0175063703209162 0.00128038402181119 0.00046451126690954 0.000267726494348608 0.000896821508649737 0.00110262614907697 0.000588107909425162 0.00137019125395454 0.0148780237883329 0.00879868464544415 0.00703980550169945 0.00898424391634762 0.00727009424008429 0.0106690692249686 0.00190243683755398 0.00341281550936401 0.00455258309375495 0.00651712301187217 0.00183870213804767 0.00429766867309809 0.00699864630587399 0.102843401953578 0.0185418085195124 0.0785829298198223 0.0133209439925849 0.0753927279263735 0.187225656211376 0.0649481922388077 0.194200649857521 0.0343355881050229 0.0167669482529163 0.00460441166069359 0.00804004301317036 0.0368196707218885
0.0119156644679606 0.00603630584664643 0.000674481893656775 0.00068227666488383 0.000726961443433538 0.000464922704850323 0.000485038984334096 0.000786179816350341 0.00238176814746112 0.0114991316571832 0.0145464669913054 0.14092009216547 0.00367822523694485 0.00558200064115226 0.000381797779118642 0.00158273827983066 0.00302338793408126 0.00354343289509416 0.000618161182501353 0.00124619971611537 0.0149652228690684 0.00467682164162397 0.00641686944290996 0.00849327333271504 0.00625682214740664 0.0132336926646531 0.0128716429695487 0.00350828999653459 0.00522259795106947 0.0157380026765168 0.00765797174535692 0.0140996742993593 0.00591371057089418 0.0256295762956142 0.00806193477474153 0.00563832041807473 0.00666880221106112 0.0213568500243127 0.0216653473675251 0.0378788350149989 0.083936857059598 0.0180660904385149 0.0570524159818888 0.015111639816314 0.0133527377154678 0.00272236736491323
0.0507013715803623 0.0426376521587372 0.020560765452683 0.0396122103556991 0.0010446929722093 0.000653952310676686 0.00054073297069408 0.000604292075149715 0.00102696007234044 0.0632240314036608 0.950379550457001 0.984779763221741 0.00460952739231288 0.00969697632826865 0.000570694389170967 0.0214937693439424 0.00178847862989642 0.000871536682825535 0.00133358042803593 0.00228562022093683 0.00529544516466558 0.00628368156030774 0.00221891426481307 0.00714455898851156 0.00631533651612699 0.00792914251796901 0.000878369904239662 0.00167445284314454 0.00265959337120876 0.00263048693304881 0.0015446724370122 0.00349364685826004 0.0036291983211413 0.00423972432035953 0.00298148279543966 0.00373688323888928 0.00474533902015537 0.0140482149552554 0.00938949566334486 0.00285233403556049 0.00295008399989456 0.00577150788158178 0.0188818220980465 0.0577933652326465 0.0786241676658392 0.117337407171726
0.00106703482451849 0.00147450185613707 0.00381690259091556 0.00181439727311954 0.0015434100641869 0.000509987995610572 0.0006115729076555 0.000653161769150756 0.000945295178098604 0.0010810797684826 0.0013072781264782 0.00401601518969983 0.000951157265808433 0.00110076940618455 0.000659095906303264 0.00190546894446015 0.00147847716580145 0.000589712979854085 0.000726992011186667 0.00067232862347737 0.000907259562518448 0.00114646599395201 0.00541153880767524 0.0041255536256358 0.0050877678906545 0.00782443820498884 0.0042334467638284 0.00470621103886515 0.00441504989285022 0.0142386278603226 0.0841757789254189 0.0760828979313374 0.00503496814053506 0.00409727047663182 0.00152260325849056 0.0127329064533114 0.126122186332941 0.00225113012129441 0.00250897398218513 0.00233945995569229 0.00359313897788525 0.00875415671616793 0.00421977313235402 0.00341311043594033 0.00175108945695683 0.00274508688598871
0.00142353084520437 0.00245417194673792 0.00367035027593374 0.00299591738730669 0.00127167847240344 0.000650556781329215 0.00154723776504397 0.00114590032608248 0.000675304932519794 0.00130527908913791 0.000638138887006789 0.00147174307494424 0.000861679459922016 0.00140818129293621 0.00046647153358208 0.00127313286648132 0.000742164067924023 0.000750598678132519 0.00135180356446654 0.00190314383944497 0.00150720768142492 0.00141417521517724 0.0032125219120644 0.00258326106704772 0.00266267893603072 0.00334941567853093 0.00349700904916972 0.00577108708675951 0.10372361317277 0.687329292297363 0.213770346343517 0.00516552787739784 0.00201445270795375 0.00163313233060762 0.00224746045423672 0.00267641823738813 0.00185022004880011 0.00224253783235326 0.004830217291601 0.00463517250027508 0.00362001676112413 0.0036940352525562 0.00317130428738892 0.0019539165077731 0.000206521379004698 0.000169222957629245
0.00103997135884129 0.00100323014194146 0.00115610863431357 0.00649679149501026 0.00209904096554965 0.00082158669247292 0.000640445615863428 0.000678613907075487 0.000947647501016036 0.00174448323668912 0.000934587104711682 0.000916799635160714 0.000645990818156861 0.000501025796984322 0.000964524107985198 0.0012794655514881 0.00138930341927335 0.000764093588804826 0.00226738615892828 0.00393078124616295 0.00413356726057827 0.00263007138855755 0.00148811700637452 0.00236348871840164 0.00299735363805667 0.00497641002293676 0.00382740146014839 0.00741103398613632 0.0665887780487537 0.0822804525494576 0.00588955977000296 0.00356523289810866 0.0125066362787038 0.00240114030893892 0.00279422169551253 0.00339820573572069 0.00472574036102742 0.00478763389401138 0.00435237437486649 0.00367295716423541 0.00146150095388293 0.00092640605289489 0.000348086975282058 0.000374667881987989 0.000125359089724952 0.000700878523639403
0.00258432957343757 0.00153864214662462 0.00113861919380724 0.000890922627877444 0.0022456405335106 0.00106713921413757 0.00104184934170917 0.000695428351173177 0.000756680744234472 0.00111091299331747 0.000916744174901396 0.000952791050076485 0.000576866752817295 0.000573080484173261 0.000289001886994811 0.000670611357782036 0.000768570325453766 0.000744666211539879 0.00126461374456994 0.00442314411047846 0.000888597761513665 0.00195254706777632 0.00164699690649286 0.00162697266787291 0.00230488723609597 0.00512069771066308 0.00587924038991332 0.00867884990293533 0.0070684561971575 0.00721478958148509 0.00694206226617098 0.00184525178046897 0.00897753718309104 0.00380592327564955 0.00414230001624674 0.00492924340069294 0.00437057400122285 0.00383305235300213 0.00363512681797147 0.00277820252813399 0.00335772491525859 0.00349041377194226 0.00120575349428691 0.000327453548379708 0.00142220319248736 0.000521097009186633
0.00720458282157779 0.00368171825539321 0.00178756779059768 0.00166065588127822 0.00113966711214744 0.00142790352692828 0.00148894231533632 0.000872756569879129 0.000788354012183845 0.000740430445875972 0.000462903035804629 0.000762655105791055 0.000676121260039508 0.000158445119450334 0.000172031616966706 0.000724068869021721 0.000338464438391384 0.00032630298519507 0.00125310408184305 0.00319344426970929 0.001893258059863 0.00318333606701344 0.00262157443212345 0.00267083302605897 0.00202368653845042 0.00274004827952012 0.00458423364907503 0.00195278386818245 0.00189732307335362 0.00147142439382151 0.00198823526734486 0.00337937746662647 0.00721768261864781 0.0178211824502796 0.0210961163975298 0.00516552170738578 0.00521210958249867 0.00374345104210079 0.00404114832635969 0.00367867450695485 0.00227469562087208 0.00388851582538337 0.00365585123654455 0.00174604697385803 0.000596300725010224 3.2127736358234e-05
0.0044599148677662 0.00636168690398335 0.0028857514844276 0.00209936923347414 0.00167896744096652 0.00165826713200659 0.00175649967277423 0.00190021183807403 0.00143276558956131 0.00104204773670062 0.000430880120256916 0.00062560967344325 0.000102286323453882 0.000135975938246702 0.000167618438717909 0.000513585748558398 0.00078910969896242 0.00100358797935769 0.000319063106144313 0.000407075686962344 0.000792721100151539 0.00221032708650455 0.00209625958232209 0.00291524477070197 0.00231030570575967 0.00187611532164738 0.00378260486759245 0.0023578597814776 0.00712962951511145 0.0107353602070361 0.00473551079630852 0.00696721388958395 0.00745837157592177 0.0111562893725932 0.00766161102801561 0.00599565268494189 0.00550871957093477 0.00488990207668394 0.00344610663596541 0.00121621596626937 0.00070726957928855 0.000311499247618485 0.00103524039732292 0.000216800360067282 6.99174441251671e-05 8.59997739098617e-05
0.00242456207051873 0.00639352700673044 0.00442236247472465 0.0027974360389635 0.0033725910121575 0.00194363808259368 0.00324282894143835 0.00158210521331057 0.00133231928339228 0.000712974357884377 0.000576712132897228 0.000200214029609924 6.82953190334956e-05 0.000457384553010343 7.04877445969032e-05 0.000277366943191737 0.000307061497005634 0.00127006750553846 0.000926461548078805 0.00074224976124242 0.000492307284730487 0.000692809172323905 0.000746646162588149 0.000864906632341445 0.000428466033190489 0.00118383206427097 0.221846890449524 0.221077306568623 0.00294752191985026 0.00355478124693036 0.0118465517647564 0.00549948920961469 0.00616782675497234 0.00673858076334 0.00665549053810537 0.00539748538285494 0.0049417965579778 0.00244059375254437 0.00118440162041225 0.0012686031346675 0.00126552328583784 0.00034213055332657 9.61926116360701e-05 2.12163239211804e-05 1.54810409412676e-05 1.79742074124079e-05
0.0331990476697683 0.00385983758606017 0.00121777456952259 0.00103923610295169 0.00268386225216091 0.00235466804588214 0.00193383998703212 0.00141316257067956 0.000981588760623708 0.000615469735930674 0.000297257570491638 0.000165037984697847 7.63667720093508e-05 0.000158720727995387 0.000259173781523714 0.000370878099784022 0.000155662199540529 0.000466016208520159 0.00155228992807679 0.00101704088156112 0.0016696167527698 0.00250031261239201 0.0118001177441329 0.00292266217293218 0.000946855952497572 0.000595455468283035 0.0485411670058966 0.0425264677032828 0.00258523077936843 0.00328346665482968 0.00327593348920345 0.00415286363568157 0.00718998424708843 0.00641054771840572 0.00552666066214442 0.00506216948851943 0.00494417257141322 0.00441277609206736 0.000708354957168922 0.000198773750889814 0.000481102766934782 0.000321623755735345 3.58499416051927e-05 9.75296952674398e-06 2.19379124246188e-05 5.73443801840767e-05
0.00491942851804197 0.0264688024297357 0.0167915129102767 0.00336895597865805 0.0025958898360841 0.00221948858816177 0.00206303659360856 0.00153894745162688 0.00121364411315881 0.000714607513509691 0.000358119476004504 0.000260871904174564 0.000197422943892889 0.000107210138230585 0.00014948594616726 0.000263951921078842 0.00016387894138461 0.00120006832876243 0.00309147641528398 0.000588128066738136 0.00164169103954919 0.0014611343620345 0.01018957933411 0.00519133186899126 0.00355263585224748 0.000386489300581161 0.0188320097513497 0.00252165164565668 0.00177791863679886 0.00373836744111031 0.00523958462290466 0.00732252160087228 0.006183354370296 0.00687426021322608 0.00424294476397336 0.00164274086710066 0.00577497689519078 0.000568656160612591 0.000954114639898762 0.000332966010319069 0.000253464492561761 0.000360888843715657 1.59639945877643e-05 0.00065756733820308 0.000162517920216487 2.88337830625096e-05
0.00113585970830172 0.0082123399246484 0.0115728394594043 0.00449846172705293 0.00313817297574133 0.00370232919231057 0.00249002214986831 0.00179533907212317 0.00340294409543276 0.00097103007719852 0.000586862544878386 0.000398087636858691 0.00035689343494596 0.000321522014564835 0.000215579586074455 0.000175023726478685 0.00020823233644478 0.000209932440338889 0.000276478374144062 0.00120955357560888 0.00129333935910836 0.00165809536119923 0.00188370913383551 0.00537462593056262 0.00154442666680552 0.00121352704591118 0.00145672882208601 0.00465652705170214 0.00313646176364273 0.0126804247498512 0.00559314279817045 0.00183169149095193 0.00430520244408399 0.0065329032484442 0.00269455469679087 0.00117219609674066 0.000489786877005827 0.00199000032152981 0.000253182691812981 0.000659999190247618 0.00285384170711041 0.000114990274960292 0.000126253435519175 0.00108751066145487 0.00105458295438439 0.000271387955581304
0.0106418502982706 0.00202187785180286 0.00621391593012959 0.0150953898206353 0.00619440816808492 0.00197702698642388 0.00772719117812812 0.00876155099831522 0.00678673922084272 0.00139018312329426 0.000358244332892355 0.000419575783598702 0.000295276327960892 0.000261826616770122 0.000245300801179837 0.000267175899352878 0.000268852532462915 0.000321411479671951 0.00100097250251565 0.00430530111771077 0.00370433663483709 0.0047923257574439 0.000797895222785883 0.00205804733559489 0.00500894945580512 0.00653409343212843 0.00461679988075048 0.00156035410473123 0.0641685459762812 0.0451423341408372 0.0716598868370056 0.00695794988423586 0.0517898278310895 0.00142785445787013 0.0176225742790848 0.00446771131828427 0.000231199747940991 0.000374546134844422 0.00247333092847839 0.00209889502730221 0.000573248771252111 0.000432897423161194 0.0011942349083256 0.000593811579165049 0.000305837015912402 0.000177694393278216
