Scripts_&_data/Maxent_result_files_1/Bombus_argillaceus_2.asc
NCOLS 594 
NROWS 330 
XLLCORNER -15 
YLLCORNER 23 
CELLSIZE 0.166666666666667 
NODATA_value -9999 
[rows 240 to 259 of 330, columns 276 to 321 of 594]
0.882931643724442 0.806412154436111 0.383806179463863 0.727378273010254 0.971049326658249 0.964387887716293 0.966999155282974 0.741075146198273 0.917896753549576 0.896439397335053 0.629747003316879 0.313184590637684 0.238833917677403 0.431776377558708 0.476286864280701 0.342309238016605 0.0386349765583873 0.462217119336128 0.612478816509247 0.57565447986126 0.634067445993423 0.785223823785782 0.999936479330063 0.929240673780441 0.922699242830276 0.677003294229507 0.89115184545517 0.955390423536301 0.615313589572906 0.432785731554031 0.773543113470078 0.945210301876068 0.953607678413391 0.86292929649353 0.39990229010582 0.838001143932342 0.869864189624786 0.813229072093964 0.709752684831619 0.813746935129166 0.258483411371708 0.865228843688965 0.395768442749977 0.395208960771561 0.209329755604267 0.0580411974340677
0.757324457168579 0.906137526035309 0.908577275276184 0.614069816470146 0.548273620009422 0.851501077413559 0.983502531051636 0.957703691720962 0.928268760442734 0.770067620277405 0.471761485934257 0.230387446284294 0.552826383709908 0.405757278203964 0.532945138216019 0.113414443284273 0.0640923604369164 0.0802276097238064 0.0528443148359656 0.31938820630312 0.601347023248673 0.782508724927902 0.971227502822876 0.920477598905563 0.952909880876541 0.949341315031052 0.597932934761047 0.681637513637543 0.457220460474491 0.380290570855141 0.840100395679474 0.871398794651032 0.95011066198349 0.259698210656643 0.144178529083729 0.102301952429116 0.718279129266739 0.835428160429001 0.461092141270638 0.476199820637703 0.158494813740253 0.297125397622585 0.063435585424304 0.037993903644383 0.0190732148475945 0.0996273122727871
0.767515701055527 0.504436278343201 0.741180288791657 0.567038035392761 0.851814675331116 0.432294449210167 0.880915343761444 0.910125702619553 0.70742689371109 0.509926673769951 0.642755657434464 0.408281818032265 0.441570436954498 0.525944352149963 0.328353732824326 0.039146270789206 0.0396196283400059 0.149194694682956 0.645690751075745 0.483909624814987 0.696335899829865 0.925747448205948 0.951203459501267 0.96624990105629 0.940691143274307 0.642606988549232 0.753467929363251 0.807262843847275 0.197506209462881 0.107324723154306 0.365886080265045 0.502862772345543 0.71459995508194 0.438744702935219 0.329288269579411 0.677468323707581 0.265581776201725 0.240345366299152 0.142102584242821 0.0480044363066554 0.0538389109075069 0.038109003379941 0.0176593729294837 0.00136139476089738 0.00814717712346464 0.0947849776595831
0.509727481007576 0.242644044756889 0.755204379558563 0.848403525352478 0.857571095228195 0.744484633207321 0.826595079898834 0.970945954322815 0.92839549779892 0.704754590988159 0.704736286401749 0.53638773560524 0.638100072741508 0.563068073987961 0.484311661124229 0.294496300816536 0.15732424929738 0.315769770741463 0.624047979712486 0.785271626710892 0.896961957216263 0.969080185890198 0.980263966321945 0.904896831512451 0.572600054740906 0.639081692695618 0.256224530190229 0.126591327041388 0.0822519581764936 0.0661146935075521 0.0870370581746101 0.138323531299829 0.331556324660778 0.808450204133987 0.435090461373329 0.102042194455862 0.0509504552930593 0.15071178227663 0.0545894561335444 0.0301301166415215 0.0347562924027443 0.00589013310382143 0.00718704606406391 0.0156286148354411 0.0487533248960972 0.0101638755295426
0.34415610730648 0.309845623373985 0.52673926949501 0.845478975772858 0.56891958117485 0.926952636241913 0.941650521755218 0.942795085906982 0.938137298822403 0.593671223521233 0.688480174541473 0.737487769126892 0.514840325713158 0.702341741323471 0.261057603359222 0.0560481515713036 0.0895256828516722 0.131145964562893 0.714677900075912 0.802717310190201 0.992302906513214 0.981925618648529 0.424990540742874 0.576882648468018 0.267995266616344 0.513966166973114 0.191621042788029 0.0287206308916211 0.0128207977861166 0.0117151484824717 0.0242257759906352 0.258371318876743 0.719958168268204 0.709270715713501 0.184482675790787 0.0347377318888903 0.037135211378336 0.0547391695901751 0.0199750957544893 0.0185094363987446 0.00253196621779352 0.00087316870194627 0.000654336146544665 0.00130180628621019 0.000435614309390075 0.000755663152085617
0.178371386229992 0.138638862967491 0.309925255924463 0.315202382206917 0.416698011755943 0.762838155031204 0.859762585163116 0.840839529037476 0.96033987402916 0.720505517721176 0.54097792506218 0.573951494693756 0.544665092229843 0.261670233309269 0.291366383433342 0.0752438714727759 0.487773558497429 0.651530006527901 0.886519026756287 0.874530833959579 0.833211493492126 0.454270632565022 0.149338643997908 0.0426659729331732 0.0085341009311378 0.514870658516884 0.140453507751226 0.0154661694541574 0.0222708984278142 0.0116243046708405 0.0352337334305048 0.34116887152195 0.595570403337479 0.878119748830795 0.0429799987003207 0.0206451389472932 0.0473988013342023 0.0172981885494664 0.0993516067042947 0.000922490149969235 0.0014064978226088 0.00430550453602336 0.000503203156404197 0.00339239411987364 0.00261478599859402 0.0011371370535926
0.0153193314559758 0.0259240460582078 0.0999050885438919 0.178527956083417 0.229615103453398 0.418874678015709 0.811238604784012 0.85280145406723 0.850490200519562 0.975542342662811 0.939274996519089 0.63636414706707 0.362738183140755 0.311668492853642 0.105850867182016 0.196814220398664 0.676391518115997 0.707414579391479 0.637974941730499 0.705014377832413 0.341365794092417 0.167501444369555 0.0286010169424117 0.031260459497571 0.00837147822603583 0.0192243476398289 0.0210267337970436 0.0146441273856908 0.0305829452350736 0.0617230821400881 0.0203976429998875 0.914225417375565 0.824736851453781 0.170974382013083 0.00211216193274595 0.018337432295084 0.018559770192951 0.0118836311623454 0.0195621306542307 0.00971835446543992 0.00106696191505762 0.00110257644992089 0.00634536743164063 0.00173414101300295 0.00608620082493871 0.000234161529078847
-9999 -9999 -9999 0.0677721776068211 0.150275213643909 0.198166816681623 0.239618649333715 0.728140103816986 0.884823048114777 0.83762891292572 0.676781785488129 0.903677225112915 0.457904708385468 0.0787106417119503 0.263490588963032 0.425517588853836 0.361713147163391 0.185623751580715 0.114251689612865 0.380595256388187 0.0990719817578793 -9999 -9999 0.0102774318773299 0.00555718077812344 0.00575240936595947 0.00474105481989682 0.00392903657630086 -9999 -9999 -9999 0.942262309789658 0.921038648486137 0.0209752670489252 0.0119192228652537 0.00527657784987241 0.017759425053373 0.0289852064102888 0.00960939517244697 0.0111967642325908 0.00227598814526573 0.000443307492969325 0.0182898915372789 0.00124753105919808 0.00135453602706548 0.000408355728723109
-9999 -9999 -9999 -9999 -9999 0.101188568398356 0.512446403503418 0.349249640107155 0.742566937208176 0.876884126663208 0.485512462258339 0.382464724779129 0.286042721569538 0.0815402936190367 0.0565283089876175 0.0342850259505212 0.103277147188783 0.193809671700001 0.165894694626331 0.150011224299669 -9999 -9999 -9999 -9999 -9999 -9999 0.0337474642321467 -9999 -9999 -9999 -9999 0.909673029184341 0.286164356768131 0.01243294342421 0.00959050599485636 0.0252046818844974 0.0188169943168759 0.0135261276736856 0.00497115545440465 0.00283636086969636 0.000261149138896144 0.000942800694610924 0.000649962582974695 0.000162434943922563 1.68455599123263e-05 1.51846095150177e-05
-9999 -9999 -9999 -9999 -9999 -9999 -9999 0.0588346792384982 0.175349427759647 0.884552824497223 0.932134652137756 0.394550907611847 0.129644103720784 0.130293983593583 0.06008485481143 0.0659679237753153 0.0653278212994337 0.149970848113298 0.064672582782805 -9999 -9999 -9999 -9999 -9999 -9999 -9999 -9999 -9999 -9999 0.0478420849889517 0.136865118891001 0.31994780600071 0.0292581683956087 0.0103984230663627 0.0060538073303178 0.028241578489542 0.019823697488755 0.0112577585037798 0.00391815240727738 0.00409757860470563 0.00026679601505748 1.86945636642122e-05 1.61027475542141e-05 0.00033013721840689 1.87119331940266e-05 2.4498838774889e-05
-9999 -9999 -9999 -9999 -9999 -9999 -9999 -9999 0.0812504244968295 0.239515200257301 0.255531210452318 0.305076545476913 0.124579940363765 0.0618914870545268 0.0675644543021917 0.0327177656814456 0.0319217273034155 -9999 -9999 -9999 -9999 -9999 -9999 -9999 -9999 -9999 -9999 -9999 -9999 0.282916260510683 0.745499992370605 0.031729300878942 0.00948271304368973 0.0154463190585375 0.0303151978179812 0.011160029983148 0.0797151328995824 0.0142148811835796 0.00121060374221997 0.00471494820667431 0.00273705984000117 2.54676227996242e-05 0.0017066424828954 0.000319358284468763 1.6903297432691e-05 0.000105210754918517
-9999 -9999 -9999 -9999 -9999 -9999 -9999 -9999 -9999 0.0144993530586362 0.229426196217537 0.0610203670337796 -9999 -9999 -9999 -9999 -9999 -9999 -9999 -9999 -9999 -9999 -9999 -9999 -9999 -9999 -9999 -9999 -9999 -9999 0.0331201583147049 0.0153496111743152 0.0126645244192332 0.00699571780860424 0.0106111584696919 0.0122986393515021 0.0114242651499808 0.00336527447216213 0.0353592321276665 0.0013471610029228 0.00110328995215241 0.000306840817211196 0.00167080256796908 5.42388717803988e-05 1.51988863990482e-05 2.43129004957154e-05
-9999 -9999 -9999 -9999 -9999 -9999 -9999 -9999 -9999 -9999 -9999 -9999 -9999 -9999 -9999 -9999 -9999 -9999 -9999 -9999 -9999 -9999 -9999 -9999 -9999 -9999 -9999 -9999 -9999 0.0618698842823505 0.115661306679249 0.0104996148031205 0.00710782073438168 0.0265642670914531 0.014855688624084 0.0075965526048094 0.00497262761928141 8.58481018440216e-05 0.000467287896753987 0.000178692299959948 8.39533142425353e-05 0.000180337180063361 0.00307276295498014 0.00130583134305198 0.00160682743880898 0.000963766576023772
-9999 -9999 -9999 -9999 -9999 -9999 -9999 -9999 -9999 -9999 -9999 -9999 -9999 -9999 -9999 -9999 -9999 -9999 -9999 -9999 -9999 -9999 -9999 -9999 -9999 -9999 -9999 -9999 -9999 0.1105747371912 0.130945792794228 0.0259475231170654 0.00615170004311949 0.0209191532339901 0.00899259061552584 0.00538971391506493 0.00997333787381649 3.02913809264282e-05 2.03345405680011e-05 2.27762099711981e-05 5.15393010573462e-05 5.74365032662172e-05 7.0152229454834e-05 0.000109798340054112 0.0002058780133666 0.000214559280721005
-9999 -9999 -9999 -9999 -9999 -9999 -9999 -9999 -9999 -9999 -9999 -9999 -9999 -9999 -9999 -9999 -9999 -9999 -9999 -9999 -9999 -9999 -9999 -9999 -9999 -9999 -9999 -9999 -9999 0.00251047278288752 0.012378238234669 0.0238099312409759 0.00646595226135105 0.00817788644926623 0.0057966630673036 0.00459015343803912 5.67707196751144e-05 2.79100278476108e-05 3.197851110599e-05 4.5734716422885e-05 7.09246647602413e-05 9.46551306697074e-05 0.000185625456651906 9.26784356124699e-05 8.48605548526393e-05 0.00017895634227898
-9999 -9999 -9999 -9999 -9999 -9999 -9999 -9999 -9999 -9999 -9999 -9999 -9999 -9999 -9999 -9999 -9999 0.0141579750925303 0.00782335507683456 -9999 -9999 -9999 -9999 -9999 -9999 -9999 -9999 -9999 -9999 0.00672196999657899 0.00374212275492027 0.00890977447852492 0.00453578296583146 0.00970853511244059 0.00545488210627809 0.00335846616071649 2.2101839476818e-05 2.28860743391124e-05 6.17792846242082e-05 6.02743681156426e-05 0.000131285511452006 0.000186603707697941 0.000112241811439162 9.95385813439498e-05 8.6781208665343e-05 7.52304309571627e-05
-9999 -9999 -9999 -9999 -9999 -9999 -9999 -9999 -9999 -9999 -9999 -9999 0.00487994162831455 0.00826751182321459 0.018323758803308 0.000923370866803452 0.00208772769547068 0.00981011390686035 -9999 -9999 -9999 -9999 -9999 -9999 -9999 -9999 -9999 -9999 -9999 -9999 0.00650116947945207 0.169869676977396 0.00210936679504812 0.0109686062205583 0.00838703804183751 0.00842504962347448 0.000188773858826607 8.76495287229773e-05 5.6688118911552e-05 2.49112318670086e-05 0.000123781427100766 0.000293725356459618 0.000133649125928059 0.000124346858501667 0.000111724218731979 9.88714335107943e-05
-9999 -9999 -9999 -9999 -9999 -9999 -9999 -9999 -9999 0.00995873007632326 0.00193246148555772 0.00404929865617305 0.00357671037781984 0.0120830732863396 0.013787312572822 0.00337748464662582 0.00502132987603545 0.0164680150337517 -9999 -9999 -9999 -9999 -9999 -9999 -9999 -9999 -9999 -9999 -9999 0.0030382247408852 0.00771887428127229 0.0317416252568364 0.00415179003030062 0.00726127515081316 0.0230628102086484 0.00282813243684359 0.000274749662276008 0.000434458677045768 3.56903114607121e-05 3.19158183174295e-05 0.000100633651891258 0.000324281233770307 0.000229109165957198 0.000183079007547349 0.000151004671351984 0.000157563618267886
-9999 -9999 -9999 -9999 -9999 -9999 -9999 -9999 0.00154482242069207 0.0186197781935334 0.0530975316651165 0.0927360195666552 0.00300510699744336 0.00330517450347543 0.00242205180111341 0.0135434206109494 -9999 -9999 -9999 -9999 -9999 -9999 -9999 -9999 -9999 -9999 -9999 -9999 -9999 0.01059395885095 0.00290968094486743 0.0120470938738436 0.0128059750422835 0.0106837172992527 0.0172250745818019 0.0029042033769656 0.00320068253204227 4.34934740496828e-05 6.28583653451642e-05 7.28067616364569e-05 0.000118863017269177 0.000304004939971492 0.000567290670005605 0.000797417681314982 0.000387272090301849 0.000247622054303065
-9999 -9999 -9999 -9999 -9999 -9999 -9999 -9999 -9999 0.00170964138233103 0.00250486066797748 0.00457399785518646 0.0201267490629107 0.00418527009896934 -9999 -9999 -9999 -9999 -9999 -9999 -9999 -9999 -9999 -9999 -9999 -9999 -9999 -9999 -9999 -9999 0.000433363299816847 0.00418753537815064 0.0044851932907477 0.0123576240614057 0.125353123247623 0.000415984150458826 0.000134049990447238 7.82571658419329e-05 0.000208668196137296 0.000308051503088791 0.000278728459670674 0.000317772949347273 0.000315924169262871 0.000239806378522189 0.000196657182823401 0.000122726758854697
