Scripts_&_data/Maxent_result_files_1/Bombus_barbutellus_2.asc
NCOLS 594 
NROWS 330 
XLLCORNER -15 
YLLCORNER 23 
CELLSIZE 0.166666666666667 
NODATA_value -9999 
[rows 280 to 299 of 330, columns 46 to 91 of 594]
0.00990059789219231 0.0135256566987664 0.00113912327143453 0.0011349896153888 0.00144870669012676 0.000260808815957958 0.000787137606442911 0.000555082681086461 0.000316986603884928 0.00062336425028775 0.00032573374472058 0.00027262341691312 4.68328537828633e-05 3.43048557635117e-05 1.62631251392154e-05 8.96730034413151e-06 7.13198002932902e-06 4.53404969003035e-06 1.4036985975785e-05 3.6395999315264e-06 3.37314947601586e-06 4.93900518993007e-06 7.24367908536694e-06 9.17795637064289e-06 6.47433811388209e-06 2.98438447458027e-06 2.42315922245329e-06 2.23536838106497e-06 1.8263923743933e-06 1.7143004364395e-06 1.61155579977423e-06 1.64808291198693e-06 1.57691643731805e-06 1.97567139514909e-06 1.94058455637025e-06 2.27271005863727e-06 2.48882028542896e-06 2.58436708641119e-06 2.42774237886323e-06 2.45346285516757e-06 2.51012363210457e-06 2.34930574110059e-06 2.09691240637966e-06 2.13782940460261e-06 1.76395305008237e-06 1.66681308886307e-06
0.00102774915686723 0.000371873974096104 9.5911075341526e-05 0.000107416003364058 0.00022875937646667 5.35075242601213e-05 0.000114800120920489 0.000311740192708498 0.000324939301271598 0.000225078061615491 0.000432690639672728 8.66744528422281e-05 2.25421701517181e-05 1.49028198660583e-05 7.27333713679279e-06 5.49725597355222e-06 5.36235527807127e-06 3.81172950265629e-06 3.34884644508371e-06 2.56677568876151e-06 2.40475376458438e-06 2.7503625801284e-06 4.05932097131689e-06 1.11076086038553e-05 9.6431757686366e-06 2.52188048042168e-06 2.14853014915972e-06 4.01942455277027e-06 1.16917459269672e-06 1.0976692160436e-06 1.27038478734409e-06 1.40383307773995e-06 1.64515654811348e-06 1.82577586808064e-06 1.77772598014547e-06 1.93930708375367e-06 2.04360258648784e-06 2.01663487306991e-06 1.80186386660175e-06 1.84460774332873e-06 1.87571657128682e-06 1.81802167885659e-06 1.71013003987808e-06 1.69491658825738e-06 1.69840143042776e-06 1.56935487535259e-06
0.000239705526399803 0.000121348240511665 0.00033125523589792 3.26560943535892e-05 7.2131984728685e-05 8.56870040647273e-05 0.000204734561762088 0.000174928655195394 5.49279780509782e-05 3.95821441901756e-05 6.2682853081375e-05 1.86882859071424e-05 1.14309346356256e-05 1.16667040795049e-05 5.30546243695529e-06 3.72309621839984e-06 3.39827463936571e-06 3.20201420600519e-06 2.80060596019593e-06 2.3064040946319e-06 2.34703078050291e-06 2.49556839246878e-06 2.97410319645142e-06 7.9349270651452e-06 7.00230726966566e-06 2.9155890226451e-06 1.66567682875485e-06 3.21734568614618e-06 1.08255166336724e-06 9.80086085966558e-07 1.08411361946503e-06 1.2134993196633e-06 1.51208075078735e-06 1.6264586525816e-06 1.7029333290397e-06 1.7696078098095e-06 1.71901454948387e-06 1.6441629894115e-06 1.55536979183912e-06 1.59660580083543e-06 1.49154197691681e-06 1.45281384200668e-06 1.4540943230168e-06 1.44773946213483e-06 1.46269949568012e-06 1.38264439288882e-06
0.000460468472616071 0.000187914980320869 6.72916917565658e-05 5.70792142840837e-05 5.35911515288312e-05 8.7835346401155e-05 9.1686016986614e-05 7.43546578801491e-05 2.68895122864099e-05 2.48263653394587e-05 2.59894470593158e-05 6.53804062197283e-06 6.87986538999708e-06 5.23931100914199e-06 3.78394066189447e-06 3.19194416054103e-06 2.60693561913161e-06 2.38942322909885e-06 2.51937981261552e-06 3.0423919817002e-06 2.89094851764204e-06 2.90120381071235e-06 2.51456968888286e-06 2.30620378959268e-06 2.04081417856106e-06 1.76969438742125e-06 1.48481732227257e-06 1.2023491845814e-06 2.59536488879109e-06 8.53219835361685e-07 8.88268000143189e-07 1.04477395482805e-06 1.1790768492892e-06 1.40148525482608e-06 1.49057651618323e-06 1.38396877051861e-06 1.36868305052884e-06 1.31833067064102e-06 1.31244640576567e-06 1.36040682654492e-06 1.27914422313191e-06 1.29099855725734e-06 1.24052617832549e-06 1.24778504939638e-06 1.10270481776809e-06 1.09990621706135e-06
0.000331473461892529 0.000111609662328149 0.000112947886490034 6.91116688212201e-05 5.56456155445417e-05 4.96483820371818e-05 2.74768177759954e-05 3.66868512455265e-05 1.35409110138096e-05 7.09651988837212e-06 1.17935171629502e-05 5.55910021649009e-06 4.8621364399315e-06 3.32993706619877e-06 3.19870828501267e-06 3.67367711070488e-06 3.60275943827038e-06 2.52172626502567e-06 2.94707253599702e-06 2.67620283066483e-06 2.56041720732014e-06 2.11640321037265e-06 1.84630488786475e-06 1.74954042388986e-06 1.62965783953029e-06 1.4431642730961e-06 1.25968006332577e-06 1.13520170915704e-06 1.01339059689343e-06 8.43289151075677e-07 8.19489220038605e-07 9.52428114031623e-07 1.02356485729427e-06 1.14690789251304e-06 1.1137410884654e-06 1.08002563903309e-06 1.09718118292967e-06 1.07670736578802e-06 1.07024375891607e-06 1.04439030698122e-06 1.02757314875968e-06 1.08374025550306e-06 1.02400983013062e-06 9.62696498496562e-07 8.72355981840212e-07 8.55528279541939e-07
0.000481075715904922 7.62002278550611e-05 3.71040330986894e-05 2.88661225710918e-05 4.15717404472993e-05 4.28443168096093e-05 2.7934381402861e-05 2.43911973376587e-05 1.30877426222975e-05 9.56152177118419e-06 7.11030206178576e-06 6.19969590659464e-06 4.91238333388822e-06 2.76432590151643e-06 3.35700285999385e-06 4.30631231411738e-06 3.32476481190724e-06 2.59075888521254e-06 1.936173321615e-06 1.77423381101383e-06 1.88556362639147e-06 1.76855056972514e-06 1.44085278388495e-06 1.45734406808984e-06 1.34793437478464e-06 1.21362961119642e-06 1.08378485089711e-06 9.88632907028553e-07 9.04200006102141e-07 7.96325617269389e-07 7.21287831262352e-07 8.75442846925978e-07 9.17606069394949e-07 9.20703860207706e-07 9.10715016610997e-07 9.30001647703183e-07 9.40076299738024e-07 8.97594591076079e-07 8.67015564132156e-07 8.23331189692134e-07 8.09982380467478e-07 8.2666038427881e-07 7.42332744496643e-07 7.20116298136286e-07 7.07190866100493e-07 6.7619807584407e-07
0.000129559027168824 3.6769213947041e-05 1.47313212950473e-05 9.63021103241868e-06 2.48191646376128e-05 2.37552023542476e-05 1.18380775420257e-05 4.72229172104877e-06 7.0033996375285e-06 4.76016549991742e-06 5.14202075888592e-06 4.59244149274562e-06 2.6671464743111e-06 2.55005902988215e-06 2.86933511915999e-06 2.67775345353938e-06 2.27484029078351e-06 1.67316510256699e-06 1.4352395806938e-06 1.31707474209097e-06 1.45243583781207e-06 1.44199243127252e-06 1.19283734358877e-06 1.16105907614905e-06 1.07084166198756e-06 9.48963239832956e-07 8.82607910968058e-07 8.4948425193021e-07 7.75742349279351e-07 6.99909478218963e-07 6.00862533894908e-07 7.02035798794132e-07 7.55883416103664e-07 7.78122076605658e-07 7.92630449875098e-07 7.78881752661054e-07 7.69945825140894e-07 7.42653687635375e-07 7.12083786180706e-07 6.72075821528395e-07 6.36369919315705e-07 6.1437849127044e-07 5.82868035270412e-07 5.67547383989453e-07 5.57599818695742e-07 5.5508637063495e-07
1.63574569107428e-05 1.03032003603842e-05 8.48139953210092e-06 7.64092823264395e-06 8.5493407553372e-06 7.49206445466166e-06 5.46155212441946e-06 4.56050157130461e-06 2.63213222070346e-06 1.85339212261937e-06 4.63086247229905e-06 5.07258113796594e-06 1.93121091007775e-06 2.1184600420221e-06 1.99725361459402e-06 1.79005814795463e-06 1.25483810861082e-06 1.08661273943156e-06 9.65666596675074e-07 9.65777856387628e-07 1.02018082503985e-06 1.07021362124593e-06 8.85156924879116e-07 8.17374634876078e-07 8.32179752108253e-07 7.44025847476681e-07 6.61842383864464e-07 6.56098362328272e-07 6.14330941650643e-07 6.1485171534148e-07 6.94039491822007e-07 5.00939242686904e-07 5.80954792206434e-07 6.12385502851698e-07 6.30946195534499e-07 6.33948486439273e-07 6.16150953403061e-07 5.9185957189678e-07 5.60064519128378e-07 5.35824244196625e-07 5.16435872166543e-07 5.0335562636894e-07 4.71320217576565e-07 4.69265547553555e-07 4.61989467748225e-07 4.56276703597602e-07
2.37728479073884e-05 4.83540829099294e-06 4.25199345569505e-06 3.31603885377341e-06 3.32566760431474e-06 1.44765364262778e-06 1.30308914179089e-06 1.64957930121057e-06 1.50733264263625e-06 1.14171497219706e-06 3.6712712075837e-06 1.2267330216531e-06 1.39826978003965e-06 1.69381558772219e-06 1.43537185640641e-06 1.1086029188867e-06 9.85979035617035e-07 9.35144126568144e-07 7.47410511592328e-07 7.17028440921919e-07 7.90419707197287e-07 8.54193980470708e-07 7.25240080723388e-07 5.99704789916444e-07 5.95035951334033e-07 6.73486193847328e-07 6.74756983387592e-07 5.53862460228594e-07 4.7737406816406e-07 4.78754085431188e-07 4.97682752875761e-07 4.36311175522341e-07 4.23785712266866e-07 4.69490902732517e-07 5.06581159742669e-07 5.17076162998009e-07 5.07012679251684e-07 4.81935140084211e-07 4.67468057530063e-07 4.56351276123534e-07 4.39508329086458e-07 4.20114815924411e-07 3.94763061173364e-07 3.79847097020658e-07 3.68706215903014e-07 3.6621907179013e-07
5.32278555553933e-06 3.5170408615337e-06 2.68933578211339e-06 2.17826455957137e-06 1.71428150723685e-06 1.36397901248086e-06 1.03018477520811e-06 9.9659399087626e-07 9.26795097122568e-07 8.62351138009032e-07 8.87616298383964e-07 9.61592593162752e-07 1.22140930040038e-06 1.29595812399241e-06 1.18517728954215e-06 1.01459713034435e-06 9.58364834613423e-07 8.04203144888493e-07 6.63296156122595e-07 7.06833381924898e-07 7.31244442286894e-07 6.84165776654311e-07 6.17654272450086e-07 5.4874749257916e-07 4.92805285867703e-07 5.13590584394485e-07 5.41434151690723e-07 5.487734029197e-07 5.03809684671008e-07 4.27810604441969e-07 3.33028419252646e-07 3.23068401653082e-07 3.49113101683063e-07 3.64602510194434e-07 4.10164933728474e-07 4.37107150041971e-07 4.28575694166877e-07 4.11723098103778e-07 3.98237798926448e-07 3.83007427273707e-07 3.67749391627648e-07 3.52067563702541e-07 3.34995481776623e-07 3.14830240089048e-07 3.04062393152726e-07 2.97788144276723e-07
3.25244645718037e-06 2.9531139872141e-06 2.13953359730068e-06 1.83995403200132e-06 1.58745494820423e-06 1.29799032343447e-06 1.11271809227764e-06 9.73886300870141e-07 1.03112887291923e-06 1.05098258675884e-06 9.01086551596819e-07 9.60566329499812e-07 1.00101445550393e-06 1.10300549684972e-06 1.11642549223134e-06 9.40568073271031e-07 7.4825003003598e-07 6.07459066614968e-07 5.71425412410065e-07 6.97152495110487e-07 6.24769632451283e-07 6.20270941054102e-07 5.55431841087195e-07 4.83376314408535e-07 4.3687402869752e-07 4.5284501301035e-07 4.6202707847387e-07 4.46473601145581e-07 4.20216970764553e-07 4.34991301301313e-07 3.09645313723017e-07 3.32449319795369e-07 3.88145716057053e-07 3.47594964866804e-07 3.07411362554522e-07 3.29220765171723e-07 3.42641793993348e-07 3.44214856418112e-07 3.38315148284973e-07 3.26711617582021e-07 3.09371130391423e-07 2.92426995462947e-07 2.77902004508501e-07 2.68528789015843e-07 2.54332235150034e-07 2.23639633734063e-07
2.71933455422424e-06 2.69342622534197e-06 2.13509453397265e-06 1.75623474483189e-06 1.75277466279988e-06 1.497781908677e-06 1.77739237608998e-06 1.70870266591461e-06 1.75957005855709e-06 1.48345549572104e-06 1.25268423573077e-06 1.02806131714317e-06 1.00358233795506e-06 1.06840728462121e-06 9.19959054623831e-07 8.19713815203293e-07 7.39624768675284e-07 5.55686564307489e-07 5.85767211913613e-07 5.9823923693747e-07 5.48046956050374e-07 5.28707578284493e-07 4.74239731107495e-07 3.95925038310097e-07 4.6409142379078e-07 3.84328726554806e-07 4.01861707077789e-07 4.100180317268e-07 3.90179773857025e-07 3.90228724322927e-07 3.49098289287308e-07 3.24477524471511e-07 3.50426303030726e-07 3.36290574232123e-07 2.86597714871384e-07 2.42334118805143e-07 2.67970166045739e-07 2.89381217088991e-07 2.91736512503249e-07 2.80502246130521e-07 2.66030612072754e-07 2.52519159527065e-07 2.37931417212955e-07 2.35552548244478e-07 2.09641613335698e-07 1.51579131846269e-07
3.01162688257639e-06 3.77867912586538e-06 4.19600584510293e-06 3.09322124038003e-06 3.05302615227765e-06 2.53599351216494e-06 2.02587676993993e-06 1.76486477203586e-06 1.53527235220441e-06 1.32339342779897e-06 1.14353031587244e-06 8.89459646025159e-07 8.81104877148431e-07 8.6548957911603e-07 7.83661269765368e-07 7.06797655369851e-07 6.39530412249734e-07 5.12097190130678e-07 5.28053567105946e-07 5.05371122350162e-07 4.9591651830605e-07 3.89937726319456e-07 3.97701534227135e-07 3.45813305102638e-07 3.09232335959919e-07 3.42625160332233e-07 3.28458649478947e-07 3.42107500916899e-07 3.52803138481406e-07 3.44458837886474e-07 3.30917274105058e-07 3.157175466173e-07 3.11181283096928e-07 2.99760728439402e-07 2.68279486703715e-07 2.14633811357334e-07 2.83302554471287e-07 2.32717846737618e-07 2.51363798720039e-07 2.49340166635914e-07 2.41660163546875e-07 2.25057435099263e-07 2.21815606737952e-07 2.14899872252872e-07 1.41397294872725e-07 1.66192515826946e-07
2.61272721013839e-06 2.39348032052833e-06 2.71903169015708e-06 2.52916587234475e-06 2.56646918188608e-06 1.94838506696327e-06 1.43720819003601e-06 1.37801528647952e-06 1.36066595429751e-06 1.20287660594354e-06 1.04427832140486e-06 8.15497144823762e-07 7.70239344649593e-07 7.28573449970682e-07 6.6454046947495e-07 6.11708636799602e-07 5.56070131918496e-07 5.07916287462162e-07 4.29000448609607e-07 4.19217492997337e-07 4.227186898631e-07 4.09094460362969e-07 3.40520847974535e-07 3.33178113443022e-07 2.90599517205337e-07 2.77662801873024e-07 2.83147707436093e-07 2.79413661385952e-07 2.89981305756637e-07 2.91903240101643e-07 2.90608874609077e-07 2.8286734498062e-07 2.75409430727791e-07 2.71816087948906e-07 2.67681120114105e-07 2.37844875206061e-07 2.88000811643485e-07 2.38376062577927e-07 2.20838961872971e-07 2.32062233818109e-07 2.29107087856839e-07 2.13310889674023e-07 2.04511078494285e-07 1.42676124026409e-07 1.10289292776233e-07 1.5621719650083e-07
3.86334849722392e-06 2.72150636158042e-06 1.9054769477389e-06 2.03802296583344e-06 1.74943157503771e-06 1.27681564010551e-06 1.28038649521711e-06 1.37036482374953e-06 1.24151979884468e-06 9.812452505642e-07 8.00384435284407e-07 6.96170078229308e-07 6.33331569999118e-07 5.76344750979896e-07 5.29679849015086e-07 5.17795384147313e-07 5.1155507846401e-07 4.96541581940235e-07 3.99193410804966e-07 3.08936065585019e-07 3.11618559190041e-07 3.0207449305264e-07 2.96283415501808e-07 2.91335175961471e-07 2.58411990050611e-07 2.38829381604688e-07 2.38179990663667e-07 2.24508119084366e-07 2.45329755299561e-07 2.8400247544802e-07 2.71948237307029e-07 2.63385549248429e-07 2.60326566947633e-07 2.48788053691662e-07 2.44528307713487e-07 2.38266528262976e-07 2.25152486144076e-07 2.18418896680284e-07 2.0410518856151e-07 2.17929932511129e-07 1.9560856442391e-07 2.07371208327256e-07 1.42524256596666e-07 1.11554062687258e-07 1.26842521397386e-07 1.68840060188469e-07
3.79845282553193e-06 3.25777024449136e-06 2.76758741712957e-06 2.12792529672434e-06 1.41216886028195e-06 1.2133356440347e-06 1.116246150068e-06 9.2180354802629e-07 8.36809290460927e-07 7.12508490152697e-07 6.27853190804384e-07 5.90369320119244e-07 5.466834685941e-07 5.23906473903768e-07 4.85947010753218e-07 4.61868459034065e-07 4.43707609054655e-07 4.33392890930584e-07 3.3472413483171e-07 2.73570666131651e-07 2.49918591677112e-07 2.27394388929714e-07 2.31362030245208e-07 2.3398748848491e-07 2.23204208682493e-07 2.17165735194591e-07 2.32013728374003e-07 2.2788942889429e-07 2.01257360432638e-07 2.15430437822128e-07 2.23790272524393e-07 2.36397037589597e-07 2.5151317757377e-07 2.35639023760115e-07 2.39260945766873e-07 2.35307003459972e-07 2.27631543769924e-07 2.22711466879577e-07 1.97189973649703e-07 2.16907776318109e-07 2.02991996944846e-07 1.88275369683577e-07 1.45320679467709e-07 1.42310288953063e-07 1.57221644081496e-07 1.64263665536346e-07
2.93878385122515e-06 2.44296118364629e-06 2.00325595354212e-06 1.71003725691898e-06 1.38428150485703e-06 1.16128885304656e-06 9.60855395004678e-07 8.20015699454224e-07 7.51070166260526e-07 6.58490462035477e-07 5.82011621641509e-07 5.59599596683391e-07 5.31315801088894e-07 5.05396423522431e-07 4.73243644338872e-07 4.22976812552989e-07 3.87623980435681e-07 3.51082647875867e-07 2.82648295202304e-07 2.53763019342212e-07 2.32498319063801e-07 2.16816357356819e-07 2.07647235650477e-07 2.07133371921131e-07 2.07876537350327e-07 2.05705415989854e-07 2.02967372819884e-07 1.97771066967611e-07 1.97728257778085e-07 1.97002745183639e-07 1.92805947252239e-07 2.08682779634373e-07 2.10651888776781e-07 2.33172693764327e-07 2.37891697618675e-07 2.30315516702717e-07 2.25320644353655e-07 2.16469709113376e-07 1.91171002839052e-07 1.98397501138814e-07 2.05486878468442e-07 1.97688863212697e-07 1.78505479919711e-07 1.73878506148917e-07 1.78277962437079e-07 1.76390029271722e-07
2.12014787894788e-06 1.81550370338401e-06 1.58747159965111e-06 1.42211411260362e-06 1.15236474627078e-06 1.00666131006566e-06 8.16571611428341e-07 7.50243858482769e-07 6.88055348818661e-07 6.60993697143564e-07 5.87788038186599e-07 5.24125778122997e-07 4.90063790103967e-07 4.63161098684939e-07 4.00033483372031e-07 3.84091705474265e-07 3.25492305519592e-07 2.7410575061948e-07 2.55702457618856e-07 2.38418978681931e-07 2.14551555366427e-07 2.04989817542689e-07 1.94562526911746e-07 1.84098021871471e-07 1.78747905799082e-07 1.75247394385014e-07 1.79494784291467e-07 1.76253916206459e-07 1.72768811090851e-07 1.68089059504606e-07 1.72476900628382e-07 1.82754587796374e-07 1.94099168215889e-07 1.96070790492442e-07 2.1109240589956e-07 2.15252024204915e-07 2.28387042155997e-07 2.2307944512745e-07 1.90583268533384e-07 1.92017545885825e-07 2.07032062926604e-07 2.06361107624176e-07 1.8328463031736e-07 1.96712860733861e-07 2.00224816948591e-07 1.90287782164678e-07
1.60161810200954e-06 1.38479974286509e-06 1.29962934469763e-06 1.17660833900413e-06 1.00275863745836e-06 8.74579121123986e-07 7.04977511267746e-07 6.67928070241519e-07 6.75109271630614e-07 6.1138024672891e-07 5.48500524233386e-07 4.89683032012245e-07 4.52829012276279e-07 4.08939023832655e-07 3.45344749563825e-07 3.00001355879598e-07 2.79518491885788e-07 2.58497695215798e-07 2.3329217084811e-07 2.16861254298539e-07 2.0080939797662e-07 1.89128017602513e-07 1.85178029388222e-07 1.74992367729665e-07 1.71371057056113e-07 1.68607830830503e-07 1.64001097313626e-07 1.64498892996079e-07 1.64462314899971e-07 1.64436671057366e-07 1.67392571182035e-07 1.70833203361198e-07 1.80466887178543e-07 1.84360223043356e-07 1.91977974306479e-07 1.87264150852684e-07 2.01063856886119e-07 2.02766031776047e-07 1.87716612098932e-07 1.94269863129648e-07 2.10863936644934e-07 2.17582054529153e-07 1.89226812497001e-07 2.03275534882419e-07 1.97445112126715e-07 1.94392306684943e-07
1.23283015501796e-06 1.12966603538212e-06 1.07461315825841e-06 1.02010741953595e-06 9.41791775743717e-07 8.29551474434975e-07 7.34271989721869e-07 6.64582923115553e-07 6.32174932235774e-07 5.68043777349203e-07 4.9682911017479e-07 4.44734652194079e-07 3.94445008500277e-07 3.55073821001195e-07 3.0014940849421e-07 2.73455557986413e-07 2.60209177749271e-07 2.44193023180017e-07 2.16637344485626e-07 1.95351286702561e-07 1.79210752182524e-07 1.70139005972736e-07 1.74111992923276e-07 1.68358177565775e-07 1.68317362825299e-07 1.62196003250514e-07 1.57176756765409e-07 1.53308044059663e-07 1.54348514269653e-07 1.47814590256701e-07 1.53406478375917e-07 1.61416741362164e-07 1.77408289370184e-07 1.79995263338562e-07 1.80132016713852e-07 1.80353404810596e-07 1.90608182559782e-07 1.93133778003673e-07 1.95846074391159e-07 1.92186878533729e-07 1.88392947175764e-07 2.14961842792682e-07 2.06934242208412e-07 2.10270024669779e-07 2.04167044626224e-07 1.93680706839228e-07
