Scripts_&_data/Maxent_result_files_1/Bombus_vestalis_2.asc
NCOLS 594 
NROWS 330 
XLLCORNER -15 
YLLCORNER 23 
CELLSIZE 0.166666666666667 
NODATA_value -9999 
[rows 120 to 139 of 330, columns 138 to 183 of 594]
-9999 -9999 -9999 -9999 -9999 -9999 -9999 -9999 -9999 -9999 -9999 -9999 -9999 -9999 -9999 -9999 -9999 -9999 -9999 -9999 -9999 -9999 0.353454560041428 0.57097732424736 0.278339253365994 0.0818505577743053 0.187399768084288 0.272498042881489 0.0381903113797307 0.0380414558574557 0.0885151691734791 0.207658380270004 0.415597313642502 0.230223040282726 0.0368818260729313 0.0329042479395866 0.279281078279018 0.293624491989613 0.16841796040535 0.0304021157324314 0.152261352539063 0.175207521021366 0.0399675693362951 0.0264482486993074 0.0164359114132822 0.0250391704961658
-9999 -9999 -9999 -9999 -9999 -9999 -9999 -9999 -9999 -9999 -9999 -9999 -9999 -9999 -9999 -9999 -9999 -9999 -9999 -9999 -9999 -9999 -9999 0.880179077386856 0.296026749908924 0.159893284738064 0.0417463092133403 0.037108176574111 0.0374043619260192 0.068777284771204 0.0592646554112434 0.0390346400439739 0.39650916159153 0.189859780669212 0.0350243182852864 0.0325397660955787 0.409616309404373 0.604354029893875 0.194949606060982 0.0307345231994987 0.0337927483022213 0.408989751338959 0.0892702057957649 0.0258600134402514 0.0254331685602665 0.025859147682786
-9999 -9999 -9999 -9999 -9999 -9999 -9999 -9999 -9999 -9999 -9999 -9999 0.875134408473969 0.829025155305862 0.52666746377945 -9999 -9999 -9999 -9999 -9999 -9999 -9999 -9999 0.211334364116192 0.696648353338242 0.0450862545520067 0.040960156172514 0.107270593941212 0.0389207640662789 0.0383926140144467 0.052542557194829 0.0383371360599995 0.0629469446837902 0.0359254313632846 0.0331654062494636 0.0296028111129999 0.129922418296337 0.0343641253188252 0.0337061772122979 0.0330867893993855 0.0650947019457817 0.344924452900887 0.208262442052364 0.0246231958270073 0.022293883934617 0.0266096815466881
-9999 -9999 -9999 -9999 -9999 -9999 -9999 -9999 -9999 -9999 -9999 0.54470386505127 0.586036410927772 0.384435266256332 0.628940606117249 -9999 -9999 -9999 -9999 -9999 -9999 -9999 -9999 -9999 0.485989168286324 0.258927565813065 0.270257925987244 0.194118015468121 0.0764303907752037 0.0363542018458247 0.0380943562835455 0.037441223859787 0.0350922122597694 0.0364796293899417 0.0341374285519123 0.0319994634017348 0.0632013943046331 0.0346608337014914 0.0340025696903467 0.0841618604958057 0.109550879150629 0.223078154027462 0.0589522283524275 0.14408078789711 0.0359186321496964 0.0256247688084841
-9999 -9999 -9999 -9999 -9999 -9999 -9999 -9999 -9999 0.841943448781967 0.386437356472015 0.52995231449604 0.457320660352707 0.371405529975891 0.375627183914185 -9999 -9999 -9999 -9999 -9999 -9999 -9999 -9999 -9999 -9999 0.198459127545357 0.241054172813892 0.0431014306843281 0.0399561760947108 0.038357363268733 0.0353419883176684 0.0369879875332117 0.0371811470016837 0.131000762432814 0.0710703790187836 0.182010945677757 0.390162000060082 0.0349619925022125 0.0315160881727934 0.0303078735247254 0.0304148776456714 0.0297811886295676 0.0303354745730758 0.028153070807457 0.0291826970875263 0.0285836171358824
-9999 -9999 -9999 0.346469205617905 0.883275806903839 0.427085247635841 0.472947382926941 0.586879831552505 0.52215076982975 0.750161391496658 0.206571662425995 0.851018810272217 0.647548514604569 0.414548572897911 -9999 -9999 -9999 -9999 -9999 -9999 -9999 -9999 -9999 -9999 -9999 -9999 0.351174288988113 0.203033263981342 0.246817995607853 0.0387031242251396 0.0374228058382869 0.0379851778969169 0.0375135660171509 0.142699884623289 0.187701861560345 0.0583627659827471 0.16138649508357 0.187630888819695 0.0328306190669537 0.174066843092442 0.148672524094582 0.0259353280067444 0.0556508451700211 0.030534060113132 0.029968792758882 0.030359023436904
-9999 -9999 0.728842568397522 0.544865152239799 0.88085657954216 0.276649000495672 -9999 0.609650254249573 0.420946836471558 0.38922975063324 0.394227632880211 0.372142705321312 0.385588932037354 0.673049163818359 -9999 -9999 -9999 -9999 -9999 -9999 -9999 -9999 -9999 -9999 -9999 -9999 0.973725336790085 0.745083117485046 0.218392190337181 0.0789314679801464 0.0384473407641053 0.0374255185946822 0.0361650185659528 0.0383815778419375 0.0444545900449157 0.477591726183891 0.249542877078056 0.209360747039318 0.0479436840862036 0.233572679758072 0.323684081435204 0.0758434303104877 0.0305515557527542 0.0291239056736231 0.0236279161646962 0.0299475407227874
-9999 -9999 0.340208777785301 0.636644941568375 0.688636428117752 0.685496866703033 0.978396815061569 0.741572964191437 0.44496111869812 0.496409952640533 0.374816951155663 0.415948566794395 0.413562405109406 0.534105139970779 -9999 -9999 -9999 -9999 -9999 -9999 -9999 -9999 -9999 -9999 -9999 -9999 -9999 -9999 0.641211885213852 0.588585245609283 0.201784381270409 0.0379771430045366 0.0371707037091255 0.0386503346264362 0.0500977735966444 0.231720353662968 0.208321678638458 0.0432961575686932 0.262540519237518 0.144087063521147 0.154867272078991 0.139070454239845 0.0288843270391226 0.0318751532584429 0.0317678235471249 0.0331254092976451
-9999 0.861615258455277 -9999 0.171816667169332 0.693232646584511 0.453858003020287 0.67568027973175 0.890218180418014 0.447456926107407 0.411957830190659 0.632954433560371 0.364490109682083 0.377954250574112 0.39432707130909 -9999 -9999 -9999 -9999 -9999 -9999 -9999 -9999 -9999 -9999 -9999 -9999 -9999 -9999 -9999 -9999 0.297006174921989 0.251527342200279 0.0438994305208325 0.042867018468678 0.0412231842055917 0.0433480242267251 0.0304678635671735 0.155646017938852 0.0552099976688623 0.0292945366352797 0.033242055028677 0.1915442019701 0.214905592799187 0.0417119512334466 0.0425814002752304 0.0367979718372226
-9999 0.665427595376968 0.446031200885773 0.925876837968826 0.396841335296631 0.456287252902985 0.47321170270443 0.444108918309212 0.669381159543991 0.426354533433914 0.379603433609009 0.63929785490036 0.713247108459473 0.437621161341667 0.384476864337921 0.404128584265709 0.402463725209236 0.721428352594376 -9999 -9999 -9999 -9999 -9999 -9999 -9999 -9999 -9999 -9999 0.376818457245827 0.473071831464767 0.311071002483368 0.407775318622589 0.0502942262217402 0.041602860763669 0.0421483229845762 0.0440910391509533 0.0474255090579391 0.0401803366839886 0.0398926813155413 0.0383843306452036 0.0360984342172742 0.0345559814944863 0.0402094410732389 0.0386412711814046 0.0409665189683437 0.0500346774235368
-9999 0.563603031635284 0.401615113019943 0.421724647283554 0.429853400588036 0.496498939394951 0.430474248528481 0.439688467979431 0.476814633607864 0.686973887681961 0.382494387030602 0.356176191568375 0.729933887720108 0.833727478981018 0.452925232052803 0.617632180452347 0.870458251237869 -9999 -9999 -9999 -9999 -9999 -9999 -9999 -9999 -9999 -9999 -9999 -9999 0.712781995534897 0.241312077641487 0.13544843941927 0.0729839716106653 0.309452837705612 0.477159139513969 0.228477899730206 0.249716757237911 0.287483409047127 0.240980918705463 0.465929454565048 0.416489234566689 0.123817379772663 0.279124251008034 0.342174571752548 0.284152692556381 0.574104619026184
-9999 0.622584813833237 0.454350903630257 0.438590201735497 0.419474712014198 0.806857842206955 0.653895276784897 0.450335887074471 0.313431251049042 0.280902436375618 0.355829486250877 0.56958549618721 0.736900496482849 0.221484456956387 -9999 -9999 -9999 -9999 -9999 -9999 -9999 -9999 -9999 -9999 -9999 0.721518981456757 0.837276113033295 -9999 0.672834438085556 0.620513218641281 0.390514820814133 0.266446430981159 0.697038561105728 0.428420308232307 0.371764525771141 0.2492536470294 0.731964826583862 0.589692151546478 0.389781361818314 0.407567819952965 -9999 -9999 -9999 -9999 -9999 -9999
-9999 -9999 0.587155532836914 0.440481933951378 0.517013004422188 0.453404259681702 0.418956446647644 0.418355363607407 0.416632285714149 0.394350841641426 0.648462736606598 0.65378383398056 0.159993285685778 -9999 -9999 -9999 -9999 -9999 -9999 -9999 -9999 0.887567347288132 -9999 -9999 0.901970338821411 0.705371677875519 0.761839115619659 -9999 -9999 0.579591733217239 0.373660534620285 0.634046149253845 0.415971374511719 0.518026271462441 0.244889444112778 0.277820445597172 0.332536327838898 0.755023723840713 -9999 -9999 -9999 -9999 -9999 -9999 -9999 -9999
-9999 0.466137591004372 0.465595316886902 0.459552159905434 0.502027037739754 0.651255059242249 0.633697199821472 0.411821398139 0.430199027061462 0.891767090559006 0.416916024684906 0.427837836742401 -9999 -9999 -9999 -9999 -9999 -9999 -9999 -9999 0.413207730650902 0.308016261458397 0.504815337061882 0.290288390219212 0.517713150382042 0.673216450214386 0.940034919977188 0.998946714401245 -9999 -9999 0.489940121769905 0.576375693082809 0.424825215339661 0.434488579630852 0.349095061421394 0.316758900880814 0.319111767411232 -9999 -9999 -9999 -9999 -9999 -9999 -9999 -9999 -9999
-9999 0.65252748131752 0.774162894487381 0.448911890387535 0.46340928375721 0.437544533610344 0.498520785570145 0.4528230458498 0.732160705327988 0.606962096691132 0.972541785240173 -9999 -9999 0.779531025886536 0.330158647894859 -9999 -9999 -9999 -9999 0.450026059150696 0.432593095302582 0.349702686071396 0.421825781464577 0.37055598795414 0.715372949838638 0.749320220947266 -9999 -9999 -9999 -9999 0.677799224853516 0.734768056869507 0.361857137084007 0.33992030620575 0.649287062883377 0.384976273775101 0.361028870940208 0.502995491027832 -9999 -9999 -9999 -9999 -9999 -9999 -9999 -9999
-9999 -9999 -9999 -9999 0.421307671070099 0.374000334739685 0.664908742904663 0.469925975799561 0.741600698232651 0.813088601827621 -9999 0.48867871761322 0.419300562143326 0.643688100576401 0.667105716466904 0.585036298632622 -9999 -9999 -9999 0.499275371432304 0.742952257394791 0.337730371952057 0.566146469116211 0.576022642850876 0.362117037177086 0.674078285694122 -9999 -9999 -9999 -9999 0.869148117303848 0.587458515167236 0.422795647382736 0.67056912779808 -9999 -9999 0.84650097489357 -9999 -9999 -9999 -9999 -9999 -9999 -9999 -9999 -9999
-9999 -9999 -9999 -9999 0.497837316989899 0.459971439838409 0.458448016643524 0.476163464784622 0.695556497573853 0.65194638967514 -9999 -9999 0.429318302869797 0.536680111289024 0.33882597386837 0.505445131659508 0.486330324411392 -9999 -9999 0.275497017800808 0.133740649372339 0.409109580516815 0.767670625448227 0.365288266539574 0.389651703834534 0.920502251386642 -9999 -9999 -9999 -9999 -9999 -9999 -9999 -9999 -9999 -9999 -9999 -9999 -9999 -9999 -9999 -9999 -9999 -9999 -9999 -9999
-9999 -9999 -9999 -9999 0.398874709010124 0.485120439529419 0.377526733279228 0.541885966062546 0.779437029361725 -9999 -9999 -9999 -9999 0.436739128828049 0.653176110982895 0.747216415405273 -9999 -9999 -9999 -9999 -9999 -9999 -9999 0.304267917573452 0.428606235980988 -9999 -9999 -9999 -9999 -9999 -9999 -9999 -9999 -9999 -9999 -9999 -9999 -9999 -9999 -9999 0.487934878468513 0.3777024269104 0.400033697485924 -9999 -9999 -9999
-9999 -9999 -9999 -9999 0.392926052212715 0.485665854811668 0.494575101137161 0.512402871251106 0.73906027674675 0.552574318647385 0.930745548009872 0.273207895457745 -9999 -9999 -9999 -9999 0.380900314450264 -9999 -9999 0.723727804422378 -9999 -9999 -9999 0.627237904071808 0.486573752760887 -9999 -9999 -9999 -9999 -9999 -9999 -9999 -9999 -9999 -9999 -9999 -9999 -9999 -9999 -9999 -9999 -9999 -9999 -9999 -9999 -9999
-9999 -9999 -9999 -9999 0.390856727957726 0.636584931612015 0.50762891471386 0.532967367768288 0.854598259925842 0.463220652937889 0.582533895969391 0.890325045585632 -9999 -9999 -9999 -9999 -9999 -9999 -9999 0.583110451698303 0.166784679144621 0.395422956347465 0.402413854002953 0.636551719903946 -9999 -9999 -9999 -9999 -9999 -9999 -9999 -9999 -9999 -9999 -9999 -9999 -9999 -9999 -9999 -9999 -9999 -9999 -9999 -9999 -9999 -9999
