Scripts_&_data/Maxent_result_files_1/Bombus_patagiatus_3.asc
NCOLS 594 
NROWS 330 
XLLCORNER -15 
YLLCORNER 23 
CELLSIZE 0.166666666666667 
NODATA_value -9999 
[rows 160 to 179 of 330, columns 225 to 269 of 594]
0.00357182128090446 0.000244623229834739 7.9227709919627e-05 3.99828253495604e-06 3.34949246093563e-06 7.4185763090151e-06 2.80986594842658e-05 1.29577794747759e-05 5.88587214659375e-06 8.96615170677628e-05 8.54601495976493e-06 9.47485402619241e-06 1.53481041512915e-05 0.000979193141558676 6.14207213862294e-05 2.31206017791363e-05 4.08173512878029e-05 1.96216384888426e-05 0.00492700420800056 0.00013219011195067 2.81533823366487e-05 3.38896013187706e-05 9.51689625059426e-06 6.95438909325996e-05 1.30971931659229e-05 5.32197662495348e-05 5.12866579576721e-05 0.00012905552603889 4.84106180597355e-05 0.000156142166031747 0.000122873795388245 0.000112669437089963 0.000224515000099323 0.000151721760842305 0.000262664743779517 0.000163322161644586 7.17240676286313e-05 0.000301971809151647 5.58584275856533e-05 7.71716917226217e-05 0.000298708102202749 0.000123462859110512 5.60083695641422e-05 0.000319080211602862 0.000400238247597917
6.57199593367963e-06 5.51004416295964e-06 9.57967037625851e-06 1.03208017113832e-05 1.27314783294086e-05 0.000559532268513607 5.1785801764348e-05 4.07278745017114e-06 1.6926829813646e-05 6.17084785400346e-06 1.08864300597311e-05 2.43137661069537e-05 3.51266333908917e-05 1.23731277515748e-05 2.41020588356622e-05 4.61312234136813e-05 8.93829046997308e-06 8.99458254516317e-06 0.000160769486571355 3.20450921593385e-05 2.62788193781338e-05 8.92518336775838e-06 8.26006127434553e-06 9.97642967538126e-05 1.1759126674149e-05 0.00017054185750649 0.000565942735112979 2.39282144934405e-05 2.18929893021858e-05 0.000179726154498694 0.000100659589099028 0.000159346779020109 3.72531369740137e-05 3.66996035387368e-05 0.000108352044966209 0.000105449827249393 0.00014617418727132 2.19968826879136e-05 0.000220773247995587 3.19194134170697e-05 0.000275145840022617 0.000232258959126119 4.29788371867579e-05 4.01352006788147e-05 4.03498194552987e-05
6.26550163961293e-06 3.41383076930435e-05 1.5560395962666e-05 1.02360137030244e-05 3.6319173335253e-05 5.26557349214141e-06 1.39470357221616e-05 1.33717547546652e-05 1.62286018910551e-05 1.99878607085924e-05 0.000969915927242271 8.24583863226813e-05 2.66603557726897e-05 2.06342360335454e-05 3.68609514491469e-05 2.76808878699963e-05 0.000108320066920786 0.000152018393775499 3.65279457335999e-05 5.1084961836112e-05 0.00064994473070521 1.81940286755e-05 8.77025639880458e-06 0.000573936661167196 2.19512453064841e-05 3.60398786229288e-05 9.43087510608342e-05 6.72561014863238e-05 8.74696481673376e-05 0.000132443658010739 2.79988438120604e-05 3.01811788370188e-05 9.7876037557254e-05 0.000101518684942792 6.79016344667827e-05 1.63358687194526e-05 0.0020687437954181 5.02001096091442e-05 1.74966213192462e-05 7.67924041577772e-05 3.1632099785861e-05 3.74486741871571e-05 4.49160225593603e-05 7.46600918776097e-05 0.00101854035170932
9.74282334144094e-06 6.52630922578501e-06 1.80509743517021e-05 2.80499261274825e-06 5.10618534690366e-05 1.64441196645271e-05 2.25094033318385e-05 3.77894063454676e-05 3.71283728441973e-05 2.79604637171471e-05 9.07823844158884e-05 3.72602065823457e-05 9.43430469991791e-06 9.81804723607649e-06 6.5346662495358e-06 3.77366872065465e-05 7.45378975722133e-05 0.000993648637806532 1.70412852979918e-05 3.72940611740313e-05 3.97609054494597e-05 1.44574434912004e-05 1.26751854191642e-05 1.97524267098292e-05 6.45467783055853e-06 2.98052224501633e-05 9.71288693778494e-06 1.31401981478874e-05 5.00177931587964e-05 0.000262317517186417 8.22350254736759e-05 2.38725169534271e-05 5.83874530003414e-05 1.54287613902571e-05 4.28705319926781e-05 3.92455249518253e-05 9.38500031284484e-06 7.23366409030035e-06 1.67788855447326e-05 1.94276374398172e-05 0.000591661550092715 0.000124776796478321 0.00388703923880962 0.00113687177814127 0.000174394744159978
1.18368504742783e-05 0.000239382054273485 3.03461954156647e-05 4.9813150994138e-05 1.30821143824011e-05 5.39336599847395e-06 1.20253873055809e-05 4.8896580301383e-06 4.3926757450663e-05 1.42226074948515e-05 3.97845945170783e-05 5.30993055897322e-05 1.99819909858401e-05 7.06118791710342e-05 1.74916053517826e-05 2.61270123928625e-05 2.2450340298974e-05 2.44564500931688e-05 4.44308141709371e-05 5.09140326663271e-06 6.43413219838518e-06 1.04509419173837e-05 4.10418827982539e-05 1.68608090632461e-05 1.13161713738541e-05 2.70397897338626e-05 0.000106038802623232 5.49600826460273e-05 5.65036668092822e-05 0.000110042457773329 0.000171524920779209 2.19171657182216e-05 5.01007831664735e-05 4.03020683163557e-05 7.91923522908689e-05 3.09778529502314e-05 2.42877510349349e-05 2.2220900315395e-05 1.14971820437404e-05 1.49004542940312e-05 2.0905033903984e-05 0.00115558585738958 0.000325049303092095 3.6003789247252e-05 7.87708752590488e-05
7.98694440569125e-06 9.08297194657237e-06 1.12651434790445e-05 1.1992727927157e-05 5.08145025153617e-05 0.000292028612801187 5.37040827004454e-06 2.45686955188562e-05 4.02495266240144e-05 8.92204656034457e-06 0.00278084025255023 2.14676912550393e-05 7.88671649445405e-05 1.73742826731882e-05 1.32282150344221e-05 2.93010538794158e-05 2.41802159363425e-05 2.19692526311932e-05 1.72178848494298e-06 2.2244260750881e-05 1.42966970750891e-05 1.96513668360154e-05 3.48321733909529e-06 2.74492347855926e-06 8.39731900802443e-06 2.49705504845266e-05 1.73960206595325e-05 1.23737919022093e-05 8.51856660955996e-05 0.000105479761565552 6.23651527777769e-05 1.44001512016434e-05 1.23518078549378e-05 9.27026527747232e-06 2.95907702322573e-05 1.57005031684476e-05 6.22419658058426e-06 1.9163812503209e-05 2.99650430775733e-05 1.89925070920527e-05 6.54287095796846e-05 2.01857050428633e-05 2.97994897534792e-05 3.61420671184165e-05 3.42905386386261e-05
1.48485858663117e-06 6.03065790205637e-07 2.10069025984305e-06 6.66796828743266e-06 3.13019278538329e-06 9.08368152953143e-06 0.000121981946003213 4.45818728875835e-06 4.62504164479016e-06 1.86094823014793e-05 0.000106946099681027 0.000123754659079867 1.74751990957289e-05 5.1561504636255e-06 5.61667553972134e-06 5.6598118243989e-06 4.83720154574874e-06 7.67157920147365e-06 5.23708178602478e-06 2.35170945203089e-06 4.37853552069378e-05 7.8044818724976e-06 1.27713985236921e-05 8.89848726746134e-06 6.32693578676569e-05 5.44611427675368e-05 0.00117343906611697 0.00318098701478157 4.43572796739788e-05 0.000108580983519779 9.27863345724589e-05 6.92754085451996e-05 0.000178612872590733 5.92248002763474e-05 7.55872099807986e-06 6.91585352011304e-05 0.00164087354149651 0.000562871525313902 7.85708202124535e-06 0.00385154637875074 4.53491431112396e-05 4.71963426024624e-05 4.82493522101057e-05 3.37045589357099e-05 4.13237937236466e-05
1.05790899233016e-06 2.69737608504905e-05 4.90641674077974e-07 6.54103682551366e-07 1.63874007167442e-06 2.8978097261545e-06 2.08743777345477e-05 2.35698115148342e-05 0.000183959610738449 1.02250199914722e-05 1.16468164014449e-05 0.000103832975008655 1.06328800348998e-05 4.38465652705666e-06 1.39423008620909e-05 0.000304262324832716 4.67837557327821e-05 1.23689104498226e-05 4.5331089279288e-06 3.58686621326321e-05 3.53912254844602e-06 7.45272330996416e-06 2.39749969242253e-05 9.41541769101661e-06 3.53142160452791e-05 6.10013338985471e-05 2.01417068907972e-05 5.80198994718728e-05 3.06096090280095e-05 1.78212259400956e-05 7.02825000785778e-05 1.9323032046914e-05 4.14353011365165e-05 4.68265300501591e-05 2.49836753044241e-05 2.29656279981616e-05 7.22238442786294e-06 3.20069629184294e-05 4.90259026264539e-05 5.67706963873205e-05 4.97663134797821e-05 5.33160986347259e-05 2.07476705784693e-05 8.0447096203573e-05 0.00366635803051901
6.49162090149424e-07 1.38732535803765e-06 1.01401575297588e-06 1.04236456058837e-06 7.0308656838769e-07 0.000128375216678589 9.67656772241421e-05 6.36438252914151e-05 0.00845264016152035 0.000589665367493231 5.80137995529473e-06 6.65383209956794e-06 1.32632996927118e-05 2.25365899815366e-05 9.44872903383409e-06 5.50495314201149e-05 7.63685221443211e-06 3.94200900142749e-05 2.65795592881091e-05 1.2289951467892e-05 5.29330983543019e-06 1.07172820491996e-05 1.13126092173843e-05 1.21970433127672e-05 1.27246545332582e-05 3.99263465080679e-05 1.36793086930709e-05 2.08099123135241e-05 8.66395022634414e-05 3.81621479182526e-05 9.21619798692319e-05 3.51805688637796e-05 5.06798750620874e-05 3.89921744713195e-05 7.40526331810543e-06 1.68483082214621e-05 9.61105040009014e-05 4.40413745949275e-05 3.43073717249287e-05 3.58696138893055e-05 7.12348773959204e-05 2.9831443126116e-05 0.000137036550549563 8.32020409688994e-05 4.71428415441011e-05
1.67135190075607e-06 3.58063016770993e-05 6.4517426332511e-07 3.15177058590743e-06 2.32717073138655e-06 1.11518715268821e-05 1.21150841522422e-05 9.76154925285133e-06 9.9057270880365e-05 0.000719816362454662 2.37668616058784e-06 7.96181893538694e-06 1.01414916400699e-05 9.98175412405544e-06 0.000145727280778429 3.83913362639987e-05 7.37727591257453e-05 8.14235528702745e-05 3.91544362678187e-05 1.604594890523e-05 1.06575708844758e-05 1.29876242226601e-05 1.22490177972168e-05 1.24456333196576e-05 2.49260898620207e-05 2.49764676656383e-05 2.89897441707154e-05 2.08123568381069e-05 3.41878431584064e-05 2.52245964588838e-05 3.00453176123483e-05 3.76868836838185e-05 3.85098190236022e-05 3.79923079208311e-05 3.6627472377404e-05 3.90891491633738e-05 3.9205984671753e-05 7.20722578961608e-05 0.000138715818775392 6.40233816739166e-05 5.14389824900485e-05 9.07999673502302e-05 8.37028276421847e-05 0.000187471169356002 1.04067440042876e-05
5.42983348494896e-06 1.25451871314519e-06 3.78459938458198e-06 5.38918286037138e-06 1.03940757441023e-05 2.59769557384715e-06 7.89622356843767e-06 2.57320643861636e-06 2.3079109490709e-05 0.00124088021830293 5.26936694883462e-06 5.70242497702767e-06 2.82201133074977e-06 4.38187826148351e-06 1.11203481878874e-05 1.66055573018298e-05 2.78728325270094e-05 2.4841870003911e-05 0.000162467909603969 1.97938971769673e-05 1.40297469386041e-05 1.21140188241498e-05 1.13563612046619e-05 1.2798697883909e-05 1.30727482883231e-05 2.51724939761999e-05 1.21420010145812e-05 3.48862330753708e-05 6.5232982933594e-06 4.6206684141481e-05 2.73829620368815e-05 1.07450121973329e-05 1.02708039889876e-05 8.2032927598874e-05 8.78730313672915e-05 1.98529827393656e-05 4.43590245140513e-05 5.99115475097389e-05 7.53556040763326e-05 0.000173720144624678 8.58656854461626e-05 4.31225319779571e-05 6.42914947434292e-05 5.87824180456664e-05 2.78604349378875e-05
0.00010141322456938 6.67011609291057e-06 3.26220878026362e-06 2.12083138947383e-06 1.50793003638183e-06 2.53463134519905e-05 2.18154906875268e-05 9.577607051936e-06 8.12596659737208e-06 3.166544871257e-05 3.29211751221692e-05 1.01028197890152e-05 1.55197967387721e-05 3.90216667938148e-06 0.000595979631179999 1.09338152725513e-05 2.81937981043257e-05 1.72753955382632e-05 1.18622417232928e-05 1.3679496703034e-05 1.58206403476413e-05 3.06195806558662e-06 2.66174345428638e-05 1.16173460753544e-05 1.279453783809e-05 3.06387666171304e-05 5.8010891837057e-05 6.31508042260975e-05 3.38250977520715e-06 6.56357186133993e-06 6.24906227599808e-06 1.61727278747859e-05 6.54479440244105e-06 8.2846239877199e-06 4.46850938479848e-05 4.3952583844864e-05 4.564774132928e-05 6.82190960816453e-05 7.79040266252307e-05 0.000294969695715996 0.000101330285073697 0.000230055036234955 0.000126996876731056 5.02459307483605e-05 4.95384911339158e-05
2.41767137555637e-05 6.13568940482923e-06 4.81647682187836e-06 2.23170151184116e-05 3.36500994887468e-06 0.000336252580695562 0.000103478652822764 7.06593695862789e-06 7.50138090899854e-05 2.62217935009801e-07 2.1445669674991e-06 2.26634197787456e-06 2.11698975007835e-06 2.37076387072932e-06 1.64970855109914e-06 1.5236198429136e-06 9.4690148216614e-06 2.35527084845089e-05 4.61415727350811e-06 1.19309173719273e-05 9.67811537009311e-06 1.42778465708204e-06 5.30582342150865e-06 8.27175707627248e-06 1.23914816335002e-05 1.14720521310119e-05 2.98272875021155e-05 2.61032268266348e-05 3.75611150662536e-05 2.44918188627707e-05 3.32858828791416e-05 2.13925708791862e-05 3.50375290508964e-05 4.87600761062024e-05 2.39916467890566e-05 0.00241004276558668 0.000170063608288729 3.19826707651849e-05 7.41937640441503e-05 0.000103651305425967 0.000117188494914466 8.95241092848775e-05 5.49767458914219e-05 6.05941342769256e-05 4.80428728678817e-05
0.00348032169749792 0.000402673861980407 3.5246756916385e-05 2.93968801429179e-05 0.000131881560425484 8.89224357668028e-05 1.9858565999209e-05 1.91405449455617e-06 3.09259848959575e-06 5.90965893221274e-07 5.4115181386305e-05 2.8153968080924e-05 3.48565152255009e-06 4.27064033132751e-06 4.18458778819186e-06 8.05354148525339e-07 9.67021324456141e-06 4.2588277096911e-06 6.05296239086783e-06 1.05130499605366e-05 1.01797709248785e-06 1.59860858415684e-05 1.23008619815401e-05 4.27747806597267e-06 2.88298051138725e-06 1.01939794149075e-05 2.95389306138816e-05 5.51967305888468e-06 5.32321767821031e-06 2.49144518079447e-05 4.9699894202615e-05 3.38921967298234e-05 1.63183634320774e-05 8.57580931551638e-05 5.03340632036497e-06 4.3838246372041e-05 5.96570045416911e-06 2.50823536390499e-05 7.39593085654744e-05 3.31357212076e-05 2.11870300631745e-05 8.72076472205774e-05 0.000122152833586153 9.67033664210248e-05 3.55543488343102e-05
0.00707803920278114 0.000121776897051273 3.84328010906709e-05 2.30582266938506e-05 6.52603929954032e-05 5.09909846852508e-05 5.52052750000143e-05 1.92310791969574e-05 9.15096856179964e-07 8.38452876106288e-07 1.42948016946809e-06 7.51458342129752e-07 3.93839789482042e-06 6.26641938174521e-05 3.23602603180539e-06 3.56257672720073e-06 5.19555204103739e-07 9.62818784044917e-07 2.39055181641135e-06 3.21221981351982e-06 9.25192712486478e-07 8.36492432831903e-07 1.40387702000311e-05 4.92732154242503e-06 2.2850997488888e-05 8.31619623866686e-06 2.44558837238174e-05 1.36446787896816e-05 7.06720817376549e-05 3.08734317275849e-05 9.12324181044255e-05 2.351917814849e-05 3.62908964035569e-05 3.90131511522895e-05 6.5073145850647e-05 4.71713102569993e-05 5.94882691721921e-05 6.2608462538094e-05 0.000304207705903559 4.14291314200455e-05 3.73651700556366e-05 3.85531425649788e-05 2.74781851800299e-05 0.00050700383460659 0.000103938987135166
0.00484644458666494 0.0170850542463614 0.00768802748064569 8.05923887760795e-05 3.04444699414042e-05 1.46935849739127e-05 0.000127611533149696 1.2194019442846e-05 8.99537134773087e-06 5.06785510421603e-05 5.50976404178893e-07 1.34027223794853e-06 3.13988784909069e-06 3.74752112197729e-07 6.46562601014367e-07 4.60589963147129e-07 1.50999853921752e-06 5.4154672845641e-06 3.29134977780088e-06 2.01351594872889e-06 1.95146397432566e-06 2.1353014226122e-06 3.47132937701389e-06 1.63237127592808e-06 1.51966720466135e-05 1.53448935247269e-06 1.31408959438417e-05 5.22104714359983e-06 2.68394360494639e-05 5.52624983498617e-06 4.95928862534356e-05 2.25942270702717e-05 3.49481504244409e-05 9.78805086049306e-05 5.33387415686093e-05 9.73712294296547e-05 2.66319516811109e-05 3.74143490034839e-05 0.000202242704472166 0.000418835301235088 0.000579910642318382 0.00213872709066263 0.000267197864513968 9.65940649450769e-05 9.10812600295796e-05
1.51678776793562e-05 0.000324804633055464 0.00267827493490598 0.00338692138561181 0.0098750986966607 3.17987674142151e-05 0.000117154989851009 2.23295863670647e-05 5.02019788988228e-06 5.88634961792289e-06 2.07981728438722e-05 1.36651893457351e-05 3.15203200280778e-05 3.87558411374389e-07 9.62333471277166e-07 6.29449875262367e-06 6.56356790251778e-07 8.04637865847724e-07 9.18364830937435e-07 2.49922789254953e-06 1.3676692707687e-06 4.65726665410671e-06 4.82015749803111e-07 6.047442893653e-06 3.62549609054241e-06 8.56493677536818e-07 8.18308343930596e-06 6.35191061835183e-06 2.43805719819079e-05 5.20671666601968e-05 9.71776076470476e-06 1.85255058656963e-05 1.05403893968514e-05 1.11597619110171e-05 2.98507685904781e-05 4.07698763808639e-05 0.000114420008446814 0.000344431990379246 6.24068877186801e-05 2.06607951952265e-05 0.00016811765692657 3.93415077755033e-05 0.000247719956541925 8.50988557431376e-05 0.000132591553204986
4.88575423275295e-06 3.39634306743775e-05 1.14650786522619e-05 6.81386911712822e-06 0.00131595918642387 0.00668668130697644 0.000881720322618662 0.000194372818911104 0.000103131561442038 1.23202892900687e-05 2.03628587774563e-05 6.39112297120659e-05 6.75609225490481e-05 3.97412460074742e-06 2.01761844857984e-06 1.80685802761982e-06 1.16563125773794e-07 1.28213581300773e-06 7.49685194900707e-07 8.39307344373541e-06 3.13023963295911e-05 5.01494788522905e-06 5.89504318142531e-06 8.70807987185529e-07 6.01247653686521e-07 1.10979811767109e-06 1.95074503608339e-06 5.13462077478266e-06 1.25693460313769e-05 7.52203781146932e-06 4.31926681314643e-06 9.69154357992608e-06 3.83687070880656e-06 5.1399647432504e-06 1.33367144799834e-05 1.25397061935928e-05 4.40082530772656e-05 0.000118546755322824 8.04691255098078e-05 3.08554283094509e-05 9.81654385668773e-05 3.38646032787437e-05 0.000553236013274738 7.29378928643776e-05 8.65560771217355e-05
7.22802414170332e-06 1.04798462863265e-06 2.16522903129235e-07 8.20842076212358e-06 0.0012067966877278 3.69292743065408e-06 0.000113509851890747 0.0077534929602654 0.00505616519319576 0.000855177124457107 0.00226908522563054 0.000334104999002438 0.000241402451508843 0.000204882036311449 1.26030705766e-06 2.61240515241123e-05 9.82066785029101e-06 2.54546083444662e-07 5.71296962492696e-07 5.22025128191217e-06 6.11923093079336e-05 6.41419985747405e-07 7.94832906569898e-07 1.80733233072772e-06 1.5052460045073e-06 6.14004814192271e-07 5.01721957202328e-07 1.23341575419822e-06 1.96591043266636e-06 3.33321193968228e-06 3.32355818839503e-06 9.24607597627691e-06 3.6419098887297e-06 5.56120639583213e-06 1.60551677311105e-05 4.07679864125043e-06 5.43771578946917e-06 3.0521976860598e-06 2.40319186957549e-05 1.32877218618432e-05 8.95661842719164e-06 6.50771076564638e-05 3.46912701260749e-05 8.21276562703588e-06 5.78642359698733e-05
5.14199262380277e-07 5.0122713994849e-07 5.07610025268779e-07 4.88727984135906e-06 6.65210502032054e-05 1.42166400505239e-06 5.46920047138633e-06 4.49929690958806e-06 0.000334577014866866 0.0133979654029494 0.00230893876989331 0.0023320231379472 3.52080779730812e-07 0.000380704857851111 2.08983347851355e-06 2.56039594528357e-06 2.81281683256474e-07 1.03406494644798e-07 1.47720700838239e-07 5.24304766014172e-07 4.66459472172609e-06 5.78593636335611e-08 2.94094277286661e-07 4.56213079758072e-08 2.3785046612268e-07 2.81507786992208e-07 3.55835396126381e-07 3.32760226384732e-07 1.11484700644482e-06 1.7700088193906e-06 1.99387044030885e-06 3.0067274030543e-06 2.87437475061658e-06 2.26606132400775e-06 5.93508300630319e-06 2.23018134057895e-06 3.49009723950022e-06 4.80645130735979e-06 1.30286050573858e-05 4.06944237425932e-05 2.88096719476716e-05 2.24452492723515e-05 9.41060742718491e-06 3.12349350736207e-05 1.18301907555463e-05
