Scripts_&_data/Maxent_result_files_1/Bombus_campestris_3.asc
NCOLS 594 
NROWS 330 
XLLCORNER -15 
YLLCORNER 23 
CELLSIZE 0.166666666666667 
NODATA_value -9999 
[rows 88 to 109 of 330, columns 500 to 549 of 594]
3.13648426527036e-05 4.8672802222427e-06 9.18066325539257e-07 1.87381374416873e-07 1.71496844814101e-07 9.59644239628688e-07 1.84091027222166e-07 2.30106661547325e-07 1.00871989161533e-07 5.88519970090573e-07 1.25070346257417e-07 1.10808593944967e-07 8.08258789675165e-08 1.3203232356318e-07 1.43333261348744e-07 1.31682246546916e-06 2.29255761041713e-06 1.32923207729618e-07 8.7190295516848e-08 1.46544243762037e-07 1.35953519020404e-07 4.07506178135009e-08 8.07658977919345e-08 1.22569190352806e-07 4.91544778924435e-07 1.13235364551656e-07 1.54425663367874e-07 8.34159436635673e-08 1.2433320080163e-07 7.24688391073869e-08 7.39173174224561e-08 1.55276086388767e-07 6.82961399434134e-08 7.00651582974388e-08 8.29259931833803e-08 7.94178276919411e-08 5.74928094465577e-08 6.1041737353662e-08 5.22499988164782e-08 6.36792151453847e-08 5.25256268701924e-08 4.69937845082313e-08 0.552680078463845 1.1562116242203e-07 9.9653808547373e-07 2.77962044847868e-07 3.02419323361391e-08 4.28718113143489e-07 1.80100244229209e-07 3.00840042655182e-08
3.79952643925208e-07 3.59075579581258e-07 0.000168877450050842 3.87758836950525e-07 1.15962859581487e-07 1.10779092210578e-07 9.68960307545785e-08 3.39868142873456e-07 2.3764647949065e-06 5.50959398424311e-06 3.83499213967298e-06 2.75865116918794e-06 7.81401104177348e-07 4.57447135886468e-06 1.09509416233777e-05 3.36055813932035e-07 7.73640067563974e-08 1.45156946018687e-07 2.41124507738277e-07 2.17899878407479e-07 1.3772181546301e-07 1.93756727639993e-07 5.19551463185053e-08 2.02859071123385e-06 4.18364891174861e-08 9.39674521305278e-08 1.47617072343564e-07 1.04968955838558e-07 1.29204727272736e-07 4.60443743577343e-07 1.95230768486043e-06 7.15898654561897e-06 5.29385881691269e-06 2.39737554466046e-06 2.88762130367104e-06 1.1877222050316e-07 7.65237110034178e-07 6.65955326439871e-08 1.06463248836786e-06 5.52363133010658e-08 1.14636281978164e-07 4.27239541522795e-08 3.06901341673438e-08 1.01439695754379e-07 4.24697918788297e-07 9.284198313253e-07 1.29608963561623e-07 8.71221459419758e-08 3.19820600225285e-08 1.74228296356826e-07
5.77586979488842e-07 3.92756464862032e-07 3.98130714529543e-07 2.04619664145866e-07 3.18025399792532e-07 4.09723970733467e-06 2.75983836672822e-06 2.57291501384316e-06 3.1726626730233e-07 2.6316799903725e-07 8.43508737489174e-06 1.38744769628829e-07 3.99191048927605e-07 1.36753715196392e-07 1.14718653549062e-05 1.26127436487877e-05 2.80700919574883e-07 4.46331478087814e-07 5.21386632499343e-06 8.80314814821759e-08 1.22911353628297e-07 1.67110067650356e-07 6.8434178501775e-08 3.90147670259466e-07 2.03065474124742e-07 7.4800368565775e-08 1.68314488746546e-07 3.64758830073697e-07 1.33337982788362e-07 8.62415527080884e-07 1.60414456331637e-06 5.60044509256841e-07 9.8271095794189e-08 1.05804292616085e-07 3.48639332514722e-07 1.17583908831875e-07 2.13072016862492e-06 3.61796805918857e-06 1.0620933608152e-06 1.99094347408391e-07 1.34465352630286e-06 1.29630608398656e-06 8.93768708465359e-07 7.34072921204643e-07 5.01982754030905e-08 4.48643277406457e-07 1.56687860908278e-07 3.57828566848184e-06 4.24448899349894e-07 7.17556019935728e-08
3.73723128177517e-07 2.40064809986507e-07 6.39106629023445e-06 1.47969353747612e-07 2.194341050199e-07 4.64128652311047e-07 1.98019424837437e-06 2.35883604773335e-06 3.12205604586779e-06 4.17721003032057e-07 2.89886793325422e-07 2.08018241210084e-07 2.68593089458591e-07 4.36589516794594e-07 2.80709875823959e-06 5.17943817612831e-07 2.48820765591518e-07 2.47703269451449e-07 7.82452389103128e-07 1.80291124252108e-07 1.79446203674161e-07 5.5311379583145e-07 4.98370718560182e-07 3.32658009938314e-07 8.9749655671767e-07 3.5669374938152e-07 2.67726750280417e-07 3.78150161850499e-07 2.69373595074285e-07 6.11780342296697e-07 1.37483066282584e-06 6.08702202953282e-07 6.5887684286281e-07 1.00212002962508e-07 2.39051610151364e-07 3.52528145413089e-06 1.98107381947921e-06 1.80043525688234e-07 1.37733343308355e-07 1.06298048232478e-06 2.34777871810365e-07 7.64149990895024e-07 9.68569111137185e-08 1.16787055048917e-07 1.23732922929776e-07 9.29394104787207e-08 1.00717409168283e-07 6.90901089228646e-07 5.14819303134573e-06 5.34646119376703e-08
3.68886162505078e-07 4.85460896015866e-07 5.72090493733413e-07 7.28788145352155e-06 3.51452536051511e-07 3.18929323839257e-07 8.03454136075743e-06 4.20977812609635e-07 9.51720813135992e-07 1.21514767670305e-07 4.14776241086656e-07 1.81962168485095e-06 5.08580660607549e-07 5.48679099665606e-07 2.1584538217212e-06 4.24228664996917e-07 7.26183543520165e-07 2.59489274867519e-07 4.2308624870202e-07 1.40457052566489e-07 1.69903080404765e-07 8.00755515228957e-07 9.16035423870198e-07 8.51928416523151e-07 5.988494194753e-07 6.26038126938511e-07 8.91598392627202e-07 1.67578048149153e-07 2.52271524914249e-07 9.3513481260743e-07 9.13527401280589e-07 3.36838093062397e-07 3.90698824048741e-07 2.71056183009932e-07 3.28735109178524e-07 2.37613016906835e-07 3.07983100356068e-07 2.82000405604776e-07 2.22766834667709e-07 2.5032275061676e-07 4.00006774725625e-07 1.18936520721036e-07 8.96691915386327e-08 7.1171785975821e-08 5.37568621439277e-07 9.49656737248006e-08 8.79969547895598e-08 9.69948359852424e-08 2.35508525747719e-06 4.67119519953485e-08
2.07799003407727e-06 1.65249257689792e-06 3.54496455656772e-07 1.83843985723797e-07 2.43598715405913e-06 1.70850853464799e-06 7.79704614615184e-06 1.24637813314621e-07 6.66780397295952e-07 3.30150874106039e-07 3.51392236552783e-07 2.50778903136961e-06 8.65745560076903e-06 3.32641109253018e-06 1.2781471019796e-06 5.85746374781593e-07 5.00326532549833e-06 1.34773436002433e-06 1.50115442920651e-07 1.9398073618504e-07 1.34432320919586e-07 2.8007846140099e-07 6.35029346085503e-07 6.42137729300885e-07 7.60357397666667e-07 1.33401508719544e-06 6.96945562594919e-07 7.89371733844746e-07 1.99292367142334e-07 2.01667603505484e-07 4.98365034218295e-07 3.39240386892925e-07 1.7868798067866e-07 1.53537221194711e-06 5.15271131007466e-07 1.31330045860523e-07 2.24050015731336e-06 2.26442716666497e-07 1.85933356533496e-07 2.43140220845817e-07 1.97087797459972e-07 4.50994866696419e-06 9.70678775347178e-07 3.6283558983996e-07 1.33780099531577e-07 2.07655125450401e-07 1.45947642522515e-06 1.81672237431485e-07 1.3443631132759e-07 9.9517649232439e-08
6.78177639201749e-07 4.4067123781133e-07 1.4331115926336e-05 7.7959880400158e-06 1.25931501403498e-06 1.05402496046736e-06 3.87286549084931e-05 1.16574157800642e-05 1.48110184522432e-06 1.66923325650714e-07 1.75969835340961e-06 1.66389836587788e-06 1.12361149181561e-06 2.93703055831429e-07 1.83997599378927e-07 1.08250842458801e-06 1.02358962976723e-06 5.95941037317971e-07 9.90025728242472e-07 1.35283949020959e-07 1.08683298146728e-06 1.13003602564277e-07 3.24476677754371e-06 8.78697665029904e-07 8.73192129802192e-07 9.00997201824794e-07 1.29481459225644e-06 1.21701914395089e-06 9.13007443159586e-07 1.72812247001275e-07 1.07774849311681e-07 2.36640369166707e-06 1.4047959666641e-07 5.00820306115202e-07 9.03623913472984e-07 6.56412976240972e-07 2.29383135774697e-07 1.95113284462423e-07 4.574693775794e-07 6.63453829474747e-07 4.09465656048269e-07 3.2771367159512e-06 1.51596464093018e-07 3.0288622383523e-07 1.5225300558086e-07 4.54856944998028e-07 7.19039690011414e-07 4.07476954933372e-07 7.51242669139174e-07 2.67732639258611e-07
3.06406910951518e-06 4.81672599562777e-05 1.14840113383363e-05 2.26060110689597e-06 4.41697466158075e-07 2.96944517685915e-07 4.95357517138473e-07 4.27361192123499e-07 2.89743002213072e-07 1.41770397021901e-07 1.04497883057775e-07 3.00190981761261e-07 2.82862511085114e-06 1.04971968539758e-06 3.38927156917634e-07 2.18306604438112e-07 4.72551391794696e-07 1.30070247905678e-06 1.08471049315995e-06 2.39352516473446e-07 4.78469337394927e-07 2.07435641641496e-07 3.23719830248592e-06 2.35945640270074e-07 9.72438829194289e-07 6.5477561292937e-07 1.36471944642835e-06 1.33793855638942e-06 2.18110308196628e-06 6.59802435620804e-07 1.28408169075556e-07 2.18331487076284e-06 1.98317570720974e-07 6.35757242184454e-06 8.54585778142791e-07 1.21154844237026e-06 2.0082932223886e-07 2.94994174510066e-07 1.99623241314839e-07 1.77977290150011e-06 9.65697654464748e-06 6.37416319477779e-06 1.91195726984006e-07 1.96062705981603e-07 2.29763033530728e-05 1.00936749731773e-06 4.88781643070979e-07 8.14732266007923e-07 5.26654594068532e-07 3.85011207981734e-07
1.66138015629258e-06 3.3284405799372e-05 1.50443120219279e-06 5.23414655617671e-07 8.51223747004859e-06 4.64266596639229e-06 2.50514449362527e-07 2.40571375798027e-07 4.8680963118386e-07 2.47750267590163e-07 9.55470227381738e-08 3.55400084117719e-07 1.33348403521527e-06 2.08160872716689e-07 7.73047572693031e-06 2.58787845268671e-06 2.08871588256443e-06 1.23868358059553e-06 1.16045330287307e-06 1.14633494376903e-06 3.36009798047598e-06 2.59232774624252e-07 1.02277124369721e-07 2.6278448785888e-06 1.36838280074825e-06 1.08696440292988e-06 9.15006148716202e-07 8.42749795992859e-07 1.77240435732529e-06 9.48396882449742e-07 1.20123031592811e-06 3.37140068040753e-07 1.51847302731767e-07 7.72334999510349e-08 3.95969709643396e-07 2.97170140584058e-07 1.12938073471014e-07 3.2344454678257e-06 1.17250419862103e-06 1.33857738546794e-05 1.80052409632481e-05 6.36686127108987e-07 2.59298758464865e-07 2.58048066825722e-07 1.42912449518917e-06 1.10351747935056e-06 2.91671335617139e-07 7.9369310697075e-07 2.15143359127978e-07 7.99855297817231e-07
0.00014708397211517 6.43071280137519e-07 3.58645993565609e-06 5.88024704484269e-07 1.39514468173729e-06 4.31995158578502e-07 5.0170169743069e-07 2.73718342383988e-06 1.63285051257844e-07 1.42076567044569e-07 1.12017391984409e-07 2.03819649868819e-07 1.00350882803468e-07 1.61253069563827e-07 2.56061230174964e-07 4.23327667249396e-06 3.58890426923608e-06 3.04686814160959e-06 3.01298018712259e-07 7.3632795647427e-07 8.79678282217355e-07 6.15613271293114e-07 9.98018322206917e-08 1.97285089598154e-07 2.888853487093e-07 9.64448827289743e-07 6.94009622748126e-07 9.89244199445238e-07 9.64741047937423e-07 1.19125779747264e-06 2.40637764363782e-06 3.3160731618409e-07 2.88043770524382e-07 2.36468349612551e-07 5.94348762206209e-08 1.2753314422298e-07 6.05769583084115e-07 1.25193082622932e-06 9.01987095858203e-07 4.64037066660872e-07 2.1810662929056e-07 1.08176448065933e-07 1.135020830767e-06 2.80158155874233e-07 2.32664115173975e-07 2.03013337340963e-07 2.08236247090099e-07 1.46690911151381e-07 1.34748381697136e-07 5.31523164681857e-07
0.00586166325956712 1.51048705447465e-05 1.95134543901077e-06 6.08231493970379e-07 2.90148841486371e-07 1.22733172247536e-06 7.05272577761207e-07 4.47989759777556e-07 1.67382484050904e-07 2.79680284620554e-07 1.52741085912567e-07 2.5845104119071e-07 1.78283073637431e-07 2.09554559660319e-07 1.95035386241216e-07 1.99561441149854e-07 1.58442242081946e-07 1.27246094172584e-06 3.18895490636351e-07 3.07965674567479e-06 1.04905166153912e-06 8.04173432698008e-06 7.77302432197757e-08 3.5029922855756e-06 2.85256146526081e-07 2.26632710109698e-07 8.93521303169109e-08 1.62475714660104e-07 5.22214349985006e-07 1.30645275930874e-06 9.57396150624845e-07 3.02814237329585e-07 1.95474081010616e-07 3.19705395668279e-07 1.30382943552831e-07 2.45364071815857e-07 4.73545242130058e-08 8.29537020763382e-07 1.17974241281571e-06 3.22989251344552e-08 2.2203091702977e-07 1.05038327546936e-07 3.19112109536945e-07 5.00469941471238e-06 6.79872347973509e-05 7.86928620073235e-05 3.72246606884175e-05 1.56275600602385e-06 7.61328046792187e-06 2.15482024941704e-05
1.77046924363822e-05 0.000875196652487153 0.00195044041611293 0.000259988947073053 1.24721400425187e-06 8.35247737995815e-07 2.97263522952562e-07 1.4737929632247e-07 1.79171422587387e-07 2.34819322031399e-07 2.99042540063965e-07 1.88956728632839e-06 7.46718740174401e-08 3.34862556883309e-07 1.97922646520965e-06 2.75366664936882e-07 2.12135500987642e-07 4.09300355386222e-07 9.2347436293494e-07 1.74137903741212e-07 3.48089133694884e-07 3.91080857298221e-07 6.81643200550752e-08 9.3341071760733e-08 3.16513069265056e-07 1.73936177816358e-07 2.53639063885203e-07 2.06238541977655e-07 1.58713305609126e-07 3.15659781335853e-07 3.1531860713585e-07 2.46513332058385e-07 1.9211863673263e-07 3.76722505279759e-07 1.4084532722336e-07 2.51079018198652e-07 2.75971135579312e-06 5.74317027712823e-08 4.08721064104611e-08 9.10752987692831e-08 1.87202022061683e-07 4.37266407971038e-07 3.11443932332622e-07 1.13400847112644e-06 1.82941130333347e-06 1.02065154494957e-05 8.93945070856716e-07 2.19195444731701e-06 5.21911862193525e-06 4.61133868157049e-07
0.000827153539285186 0.000609330681618492 0.000744842563290371 4.24151257902849e-06 1.96494715964946e-07 8.61126682139002e-07 4.54768360214075e-07 2.10030102607561e-06 1.50656787809567e-06 9.04494390852051e-07 1.57653248606948e-06 2.55865725193871e-06 2.60770320892334e-06 6.95621247359668e-07 6.18908643446048e-07 4.09802923968527e-06 2.21921109186951e-06 5.97024836679338e-07 6.22283187112771e-07 5.75640569877578e-07 9.81359607976629e-07 5.3107028179511e-07 1.35209638756351e-06 1.2453752788133e-06 1.41472755785799e-06 1.10014991605567e-07 3.52574943462969e-07 4.88388513986138e-07 1.16169885586714e-06 0.552694819282624 0.552950417506509 0.552687454384431 7.11731354385847e-07 5.53251538804034e-07 1.75585446413606e-06 1.00341628694878e-07 1.1662045835692e-07 1.50099458551267e-07 2.66542451754503e-07 2.94079950435844e-07 2.3806092031009e-07 1.26787469412193e-14 8.27481835585786e-07 4.09782660426572e-07 2.47826756094582e-07 4.44385295850225e-07 1.68918031704379e-06 9.50299272517441e-07 3.26272697748209e-07 1.36012288294296e-06
0.000223792436008874 1.82828080141917e-05 0.0021883103065199 0.552679815892261 0.553584311250597 2.10876285564154e-05 0.000158682503388363 5.10766622028314e-06 7.13869769242703e-05 3.39175130648073e-06 3.60168240149616e-05 4.2010797187686e-06 1.03382089946535e-06 1.14294298327877e-06 3.80301730729116e-07 1.00177130661905e-06 1.54092645971105e-05 9.77626114035957e-06 4.24548927267399e-05 0.000105664600107425 0.000330491570639568 9.79962367637421e-05 8.89820075826719e-06 5.57119174118492e-05 9.09786834785153e-06 0.000385061319684799 6.42378654447384e-07 6.48725699647912e-07 3.35902200276905e-07 2.22177641262533e-07 4.69643200631253e-06 1.49153775055311e-06 6.63037208141759e-06 3.33779232773224e-05 5.35700010623863e-05 7.4711611194489e-05 3.31362716678996e-06 5.27562770002987e-07 1.25782662507845e-06 2.26373886107467e-06 9.34120907913894e-07 8.69932046043687e-07 3.41966770065483e-06 5.95032361161429e-06 5.85776797379367e-07 1.2052376405336e-06 0.552682619090228 8.54001791594783e-07 4.41536940343212e-07 1.98808857021504e-07
1.82134572241921e-06 3.45365951943677e-06 1.79142560605805e-05 0.000133237980480849 2.82642869230965e-05 6.83557736920526e-05 4.31423723057378e-07 4.17850351368543e-06 3.26814588333946e-06 1.21373905130895e-06 8.89005877979798e-07 1.02646292416297e-05 4.5526114263339e-06 5.44317372259684e-06 1.47289922097116e-05 2.25432668230496e-06 9.35389562073396e-07 4.42906139141996e-07 4.94684536533896e-07 2.44125763856684e-05 2.32456222875044e-06 6.24941386028199e-06 2.74306807114155e-05 4.1591796616558e-06 3.92887050111312e-06 4.91778337163851e-07 8.90039427758893e-07 8.99043080966333e-06 2.48251672019362e-05 3.7166256515786e-05 1.73589924088446e-06 1.80862498382339e-06 1.30528560475796e-06 1.59299816004932e-06 1.82664414964173e-05 4.85989410663024e-05 6.69191867928021e-06 1.22573947010096e-06 9.19837767111575e-06 4.57759742857888e-06 1.23990421343478e-06 1.0431484952278e-06 1.50966307046474e-06 8.83398934092838e-07 1.2808688916266e-05 0.000241293953149657 2.64080390479648e-06 7.14750931365415e-06 1.37602110044099e-06 0.552740078658098
4.88406840304378e-07 5.51611174159916e-07 1.25345450214809e-06 1.0848432793864e-06 2.63546920905577e-05 6.50288984616054e-07 9.76753108261619e-07 5.97078314967803e-07 1.09632019302808e-05 2.83004927041586e-05 1.04205088064191e-05 2.6186690411123e-05 1.68730202858569e-06 6.64227700326592e-06 3.51727278030123e-05 1.31886481640864e-05 2.26918891712558e-06 9.55380437517306e-07 1.36062599267461e-06 2.87284197838855e-05 7.6001976412976e-05 4.44108947704192e-05 2.57111005339539e-06 1.560599412187e-06 1.31952074298169e-06 3.89843080483843e-06 1.29330028357799e-06 0.552679812908204 6.63970350248677e-06 2.10280268305607e-05 4.74708467663731e-06 1.72243762790458e-06 5.11970793490857e-06 2.6766396331368e-06 3.3155916047356e-05 6.11947136349267e-05 0.000133141534752257 0.000130191072821628 0.00174954412505082 0.00147081082686813 0.000525030179415031 0.000278384028934042 8.66765971295869e-05 8.84568362380378e-07 3.61482598236762e-06 6.39279549314087e-05 2.63757956417976e-06 1.93112151464447e-05 8.20433924673125e-06 1.50121515616775e-05
4.19291109210462e-07 3.35326740241726e-07 3.75652734874166e-07 2.81603774965333e-07 2.1838923214279e-06 7.94192633293278e-06 6.47768729322706e-07 1.42983335535973e-06 1.67227826750604e-06 0.00036338937352417 4.04468191845808e-06 7.85319934948348e-07 8.96856636245502e-07 1.50328691358226e-05 3.75895317120123e-05 2.01151400812227e-05 5.66755552427023e-05 2.14737901842454e-06 9.32036709855311e-07 1.37500843371607e-05 1.48477929542423e-06 1.04624356083938e-05 1.08333384693959e-05 7.79230613261461e-06 8.95183446118941e-05 3.98118401790604e-05 9.476239210926e-06 5.58240964892431e-05 7.27859878679737e-06 1.96910128579475e-05 0.000969076505862376 0.00135804901365216 1.35973941723933e-06 7.68303048971797e-05 2.19057674257783e-06 7.87519529694913e-05 6.20200880803168e-06 2.43474205891436e-05 0.000780764606315831 0.000423311651684499 5.03855291754007e-05 0.000139730726368736 0.000258917483734067 0.000209717336110848 0.000438752723857938 0.000316813960671436 0.0684749021194885 0.00755054540932341 0.00494231665507043 0.00199965052306702
3.68528799299384e-07 5.25722680709828e-06 7.92989703768399e-07 2.91059368686675e-06 2.11448150366778e-06 6.83978760207538e-07 8.51863114803564e-07 3.9110584475599e-05 9.79503602138721e-07 2.10044323466718e-05 0.000216221599839705 0.00030598624725835 6.30680413451046e-05 0.000640919094439751 0.000119003188053568 0.00068692808272327 1.16268041892909e-05 7.95764663052978e-07 3.43514595442795e-05 9.33956383960544e-05 8.30718433513233e-05 6.30789079878236e-05 0.000935936346650368 0.100986364367418 4.37234819401389e-05 0.0001151279182523 0.000183631552499786 0.000866570300422853 4.10444568842649e-05 0.000101481591991659 3.67578140867408e-06 3.16941586788744e-06 1.53724631672958e-06 1.14928479888476e-05 2.94959114906068e-05 4.04536905989628e-05 1.60741721629165e-05 0.000129197919159252 0.00781531278044149 0.00341881355270808 0.000224312791153247 0.00660026418045304 0.00540162576362595 0.00034954608418063 6.96228606102745e-05 5.44364681494769e-05 0.00871080011129559 3.84775557904504e-06 8.82149688550271e-06 0.0675536406226464
1.10568034870084e-06 6.32957289781189e-07 5.43346732229111e-07 6.02929276283248e-07 5.744183454226e-07 9.54287679633126e-07 7.90426474850392e-07 4.78307236335351e-05 2.02937062567798e-06 3.5064309486188e-05 9.00682120118623e-05 1.70227766066122e-05 6.55994750559441e-05 0.000740388699341721 0.00053735123947275 3.49450740361412e-05 0.000607556896284367 4.8695034638524e-05 6.86191939166858e-05 0.000100647106592111 0.000667368480935837 1.3121713719555e-05 1.24344194894599e-05 8.57808845466934e-07 1.42572207550984e-06 9.58656983129913e-07 8.86232828634093e-07 6.35498508927412e-07 8.70353596837958e-07 1.15280578107058e-05 2.01999155251542e-06 7.16168651706539e-06 6.88574655214325e-06 1.70007289852947e-05 3.37603341904469e-06 0.000283447850961338 0.00204603141173767 0.000176785915391575 0.000829498493112912 0.000931038963608866 0.000463081675116161 0.000379954208619904 0.00544949853792902 0.00665333867073176 0.000294254865730281 4.22624784800818e-05 0.000227789086056951 5.04283998452593e-06 0.000124949868768465 3.51347589457873e-06
2.88663359467867e-06 2.65129277977505e-05 1.21698340080911e-06 8.04485080152517e-07 5.09890924149659e-07 1.60073632287094e-06 8.42104055408521e-06 8.37804418551968e-07 2.78769821306923e-06 2.21143956878223e-05 0.000877910596318765 0.000308152625803004 6.63024453388172e-05 8.18477710708976e-06 8.16017301986216e-05 0.000240069790743369 1.18613024931546e-05 1.66663394338684e-06 2.40368153754389e-06 2.8347674776219e-06 3.52437815308915e-05 6.63453611595699e-06 1.56183505168883e-06 4.06338571338094e-05 7.58873193262843e-07 9.02523697732249e-07 2.5472914785496e-06 7.95784581180126e-06 2.05598862521583e-06 1.64698103617411e-06 6.67403408442846e-05 9.99620315269567e-06 7.07908476252461e-05 6.15700919297524e-06 3.37349658366293e-05 3.11097974190488e-06 0.000810787271184554 0.000630903418641759 3.82585365550581e-05 3.87408159440383e-05 6.13408281226469e-05 7.43738202196309e-05 0.000100969011164687 0.00654034074396007 0.000577887662275833 0.00565416887402637 0.0646518470020967 0.000179919402580775 0.000490918569266974 3.43577471289103e-05
1.07357618617243e-06 9.25216772884596e-07 1.44881596497726e-06 2.12291783100338e-05 3.87592117476743e-06 1.66445679496974e-06 4.37327617149874e-06 5.20971159858274e-05 5.21277444932133e-05 2.48510368692223e-06 0.000722367514390598 0.000464566092705476 6.19410733634251e-05 1.1194189582675e-05 7.36433037673345e-05 4.8978348786477e-06 6.19843558524735e-07 5.83277578698471e-06 4.31528642366175e-06 1.05397839433863e-06 5.98284096291479e-06 1.16982400868437e-06 1.62761007231893e-06 2.76078390015755e-06 5.05001982674114e-05 1.01615194630034e-05 5.02868242620025e-06 1.90212216772068e-05 0.000163009765674405 1.87459823984493e-05 7.79348149080983e-05 0.000238206493668336 6.66489243652091e-05 3.10511532216395e-05 0.000127325438370496 9.53037233557552e-06 0.000784780946560426 8.9812983223081e-05 0.00802873056382069 0.0001977153830931 0.00064778286032402 9.27586169130135e-05 1.71980456798337e-05 0.000408760506082084 8.14597879070789e-06 0.00015993172419263 5.17778856708118e-05 2.0741467596963e-05 0.000502908707130845 5.53369696717709e-05
1.03620814115857e-06 1.8919992089661e-05 4.05404389312025e-06 8.31045144877862e-07 3.26991201291205e-05 1.20823760880739e-06 1.98600700969109e-06 1.95486318261828e-06 2.81933862424921e-06 2.63943857135018e-06 5.34552818862832e-05 1.81397044957565e-05 6.56163030010593e-06 3.73367955035175e-05 3.97762669667179e-06 6.35910737400991e-07 5.3201711125439e-06 1.65837136592017e-06 1.98136622202583e-06 1.25129576254213e-05 2.64041866103071e-05 4.74554275570083e-05 2.76108603429748e-06 9.07994472072793e-05 7.20613024896233e-05 3.02169475617231e-05 0.000106296659214455 4.40836414782209e-05 0.000107706421113141 0.000101170741254486 1.09853776005253e-05 9.27984205191357e-05 0.00016522930527576 9.50736051891221e-05 4.33646463103288e-05 0.00045787906385073 0.000188251468845479 2.742089855019e-05 0.000666345038917138 1.20249795145355e-05 9.00513499800804e-05 0.00284582255408226 8.43856600113324e-05 0.000469863566104478 0.000552713358774959 0.000111232063500244 8.35113241919316e-06 5.70896430872492e-05 0.000340559205506108 0.000348772911820683
