Scripts_&_data/Maxent_result_files_1/Bombus_consobrinus_3.asc
NCOLS 594 
NROWS 330 
XLLCORNER -15 
YLLCORNER 23 
CELLSIZE 0.166666666666667 
NODATA_value -9999 
[rows 220 to 239 of 330, columns 220 to 263 of 594]
1.44217970898808e-14 2.39566000370672e-10 4.30089219793928e-10 2.90491219967492e-09 2.85327317328665e-15 1.66533453693773e-16 4.44089209850063e-17 2.04714023510633e-13 1.30118138486068e-14 2.1094237467878e-16 3.05311331771918e-15 4.11368411556978e-09 1.56243151749891e-09 1.73716596663098e-12 2.13606943244571e-10 8.9901253108593e-11 7.07481850881209e-12 5.48747713935427e-12 5.43988099011017e-10 4.29114521693918e-12 7.81197329047245e-12 3.49303697078085e-11 4.40442460281076e-11 6.78448433511947e-05 1.29969876591085e-06 1.61730961956152e-11 5.01493291338306e-12 6.5625282985593e-14 4.62185845151453e-14 3.04312131049755e-14 1.68309810533174e-14 4.6029846600959e-14 3.38284955603285e-14 4.2632564145606e-14 9.28590537796481e-14 1.7599255386358e-13 4.03899136358632e-14 9.70223901219924e-14 1.65067959301268e-13 2.08721928629529e-14 1.90658600018878e-13 3.76998432471964e-13 2.02986516484316e-12 2.5329127906204e-09
8.30991941924708e-12 1.18528550527852e-06 3.03093822240363e-07 7.80720954551839e-10 2.73625566649116e-13 0 0 1.79856129989275e-15 7.32081062437828e-14 2.79443135298152e-14 1.11022302462516e-17 4.44089209850063e-17 1.4432899320127e-16 1.11022302462516e-17 2.22044604925031e-17 1.11022302462516e-17 1.23031151932906e-10 1.10784170725964e-10 1.75526260193237e-14 0 0 1.66533453693773e-16 0 4.44089209850063e-17 1.19182441693511e-13 1.71365255319245e-11 8.66540172950181e-13 1.85518267414864e-13 2.13828954542805e-14 3.95794508278868e-14 9.27147247864468e-14 1.36346489654215e-13 4.13113987463021e-14 1.54276591501912e-13 3.42181838419719e-13 3.14004378054733e-13 9.03721542044877e-15 1.512012737237e-13 7.105427357601e-16 2.14794848574229e-13 1.99840144432528e-16 0 6.83053613670381e-12 0.295824583718306
6.61416118343805e-06 1.13946021618183e-08 0 7.3648864784559e-13 3.66373598126302e-16 3.33066907387547e-17 0 8.88178419700125e-17 3.33066907387547e-17 1.75093273213633e-13 6.58362253602718e-15 5.21804821573824e-16 7.7715611723761e-17 4.38538094726937e-15 3.85560361415571e-11 5.38989963771996e-12 -9999 -9999 7.7715611723761e-17 -9999 -9999 -9999 5.88745718843597e-12 3.83026943495679e-15 7.62501173312558e-12 1.45616851909836e-12 4.45865566689463e-14 2.34368080498371e-14 1.88182802673964e-14 4.46309655899313e-15 2.60902410786912e-14 3.41637829137653e-13 1.09390274616317e-13 3.26849658449646e-13 1.53910217903785e-13 -9999 -9999 -9999 -9999 -9999 -9999 -9999 -9999 -9999
0 7.68228813896599e-12 1.48769885299771e-15 5.55111512312578e-17 2.22044604925031e-17 1.11022302462516e-17 0 1.77746706242488e-14 0 9.99200722162641e-17 6.66133814775094e-17 2.79601897190673e-12 6.22184470611131e-10 -9999 1.43556277976131e-12 -9999 -9999 3.29246629959812e-12 -9999 -9999 -9999 -9999 -9999 -9999 -9999 -9999 3.9931391526693e-13 2.45581333047085e-14 4.72955008490317e-15 1.65445435129641e-13 1.09856568286659e-13 1.78412840057263e-13 5.82867087928207e-15 4.60187443707127e-14 -9999 -9999 -9999 -9999 -9999 -9999 -9999 -9999 -9999 -9999
1.73194791841524e-15 2.59621645411823e-05 1.46607948003918e-11 1.11022302462516e-17 9.99200722162641e-17 3.33066907387547e-17 0 -9999 4.7661874447158e-14 1.90958360235527e-15 0 1.96509475358653e-15 1.03985708932441e-12 -9999 -9999 -9999 -9999 -9999 -9999 -9999 -9999 -9999 -9999 -9999 -9999 -9999 -9999 -9999 -9999 -9999 -9999 1.53654866608122e-14 -9999 -9999 -9999 -9999 -9999 -9999 -9999 -9999 -9999 -9999 -9999 1.37718985948609e-07
1.11022302462516e-17 2.41362485553509e-14 1.96206199065685e-09 8.12597766852718e-12 7.7715611723761e-17 2.22044604925031e-17 -9999 8.88178419700125e-17 0 5.10702591327572e-16 5.52091705685598e-13 3.31707994405406e-12 4.2410519540681e-15 -9999 -9999 -9999 -9999 -9999 -9999 -9999 -9999 -9999 -9999 2.22008061183665e-06 -9999 -9999 -9999 -9999 7.60675083932849e-07 3.79696274421804e-15 1.56541446472147e-15 -9999 2.43911245645378e-09 1.82187598340988e-14 -9999 -9999 -9999 3.64914765071944e-12 -9999 -9999 -9999 -9999 -9999 -9999
4.37416769472065e-13 0 5.03251418315642e-10 4.48770700600676e-09 3.33066907387547e-17 1.11022302462516e-17 -9999 -9999 -9999 -9999 -9999 1.04605213380182e-13 -9999 -9999 -9999 5.85087533977458e-15 -9999 -9999 -9999 -9999 -9999 -9999 -9999 -9999 -9999 -9999 -9999 -9999 1.72972747236599e-14 6.01740879346835e-15 1.79094516994382e-12 2.03916883378952e-12 1.32116539930394e-15 1.65645275274073e-14 8.81184014644987e-14 2.59792187762287e-15 2.72004641033163e-15 0 0 3.77475828372553e-14 3.29736238313671e-15 0 2.76445533131664e-15 2.77490586064744e-11
2.09976480647356e-13 3.49309470237813e-13 3.17856851950182e-14 3.18688205047657e-08 4.42949893659783e-06 -9999 -9999 -9999 -9999 -9999 0 -9999 -9999 4.92682561414881e-12 -9999 -9999 -9999 -9999 -9999 -9999 -9999 -9999 -9999 -9999 -9999 -9999 -9999 -9999 7.12829795190828e-13 1.52687862353673e-12 1.52844403800145e-12 6.32383034826489e-14 2.87747603522348e-13 6.58051391155823e-13 1.10342845971445e-12 5.50726131365309e-13 1.78634884662188e-14 5.44009282066327e-16 3.44169137633799e-16 3.98014954328119e-14 1.93178806284777e-15 3.56670248891078e-13 3.3018432432641e-11 4.98595659204071e-09
2.06464845220466e-12 3.31914495887986e-12 2.22044604925031e-17 5.46229728115577e-15 3.96149779646748e-13 1.32682753672952e-13 -9999 -9999 -9999 -9999 -9999 -9999 -9999 -9999 -9999 -9999 -9999 -9999 -9999 -9999 2.22044604925031e-17 0 -9999 -9999 -9999 -9999 -9999 2.22044604925031e-17 1.23900889548167e-14 6.22979445807914e-13 5.18518561420933e-13 4.60409488312052e-14 5.07927033766009e-14 7.44404538011167e-14 8.48543457721007e-14 3.26622062729598e-12 1.30360167105437e-12 1.08972830759058e-12 7.88036302878936e-14 1.07645004021606e-12 1.15144560552949e-12 2.16505480210571e-11 1.02638651744424e-07 1.35067869000416e-08
1.77802217393719e-13 1.60929047865466e-12 0 0 0 1.11022302462516e-17 1.05901953872944e-12 -9999 -9999 -9999 -9999 -9999 -9999 -9999 -9999 -9999 -9999 -9999 -9999 -9999 -9999 -9999 -9999 -9999 -9999 -9999 -9999 2.22044604925031e-17 7.7715611723761e-17 1.92879046068128e-13 1.56960666686246e-11 6.10621808672107e-10 8.98447982677908e-13 8.14126543957627e-14 2.73923106419716e-12 4.67625937972116e-13 1.57651669496772e-14 1.04904973596831e-13 1.11022302462516e-15 1.36901601166528e-12 2.19968008252636e-09 4.57973825529479e-10 3.91590471160441e-10 1.80398899263245e-08
0 0 0 0 0 2.22044604925031e-17 0 5.25357535252624e-14 -9999 -9999 -9999 -9999 -9999 -9999 -9999 -9999 -9999 -9999 -9999 -9999 -9999 -9999 -9999 -9999 -9999 -9999 -9999 3.33066907387547e-16 3.66373598126302e-16 1.31721300533627e-12 1.3617552530043e-09 1.31941124692503e-12 2.5157653738006e-14 8.69404548353714e-13 2.41140440948584e-14 7.52620188393394e-14 7.7715611723761e-16 4.44089209850063e-17 2.63122856836162e-15 1.46771483855446e-14 3.32582739126508e-11 4.45338985688437e-09 4.34320002185018e-10 3.99727229094537e-10
1.2712053631958e-14 1.11022302462516e-17 2.22044604925031e-17 0 2.22044604925031e-17 0 0 0.000535378065126046 1.13848375171699e-11 -9999 -9999 -9999 -9999 -9999 -9999 -9999 -9999 -9999 -9999 -9999 -9999 -9999 -9999 -9999 -9999 -9999 -9999 -9999 -9999 -9999 -9999 2.46469511466785e-15 5.76516612227351e-13 1.08224218475783e-10 5.63404878306528e-13 2.3347990207867e-14 1.6618928455614e-12 4.31499280750813e-13 1.11022302462516e-15 9.18209952516236e-13 5.1074164664211e-08 1.13935340939619e-08 1.35625282338125e-08 2.35986603980276e-07
7.2270034401356e-11 5.12923037376822e-15 1.11022302462516e-17 0 2.22044604925031e-17 4.44089209850063e-17 0 -9999 -9999 5.16253706450698e-15 -9999 -9999 -9999 -9999 -9999 -9999 -9999 -9999 -9999 -9999 -9999 -9999 -9999 -9999 -9999 5.21804821573824e-16 9.65894031423886e-16 1.11022302462516e-17 1.99840144432528e-16 -9999 0 1.13575815419154e-14 2.97048829978053e-11 1.90958360235527e-15 1.22124532708767e-16 6.37850883222768e-12 1.64979141459298e-13 7.76045894212984e-14 1.35247368859837e-13 1.75851555539452e-12 7.18979039637802e-09 2.03748317217922e-08 8.87962440132561e-08 1.77704273518486e-10
1.22234578014968e-10 3.45299788762077e-11 2.03982497559707e-11 9.14823772291129e-15 1.96176408451265e-14 3.87485044051061e-11 1.3169798585011e-12 3.66373598126302e-16 -9999 -9999 -9999 -9999 -9999 -9999 -9999 -9999 -9999 -9999 -9999 -9999 -9999 -9999 -9999 -9999 -9999 -9999 -9999 1.0547118733939e-15 3.14405168566623e-12 -9999 -9999 0 1.11022302462516e-17 1.77635683940025e-15 1.33226762955019e-16 3.31846772283484e-12 1.11022302462516e-16 5.32907051820075e-16 4.38514424772052e-10 4.74856487464592e-11 5.27588861487516e-11 3.5469294168422e-12 7.06693492613653e-10 3.85157905569145e-10
8.63767768422008e-10 6.73361588710009e-11 6.43152198165353e-14 4.430900091279e-14 3.89210885742841e-13 1.22124532708767e-16 7.24975635080227e-15 1.22124532708767e-16 7.7715611723761e-17 5.26245713672324e-15 1.79832815305758e-12 -9999 -9999 -9999 -9999 -9999 -9999 -9999 -9999 -9999 -9999 -9999 -9999 -9999 -9999 -9999 -9999 -9999 -9999 -9999 -9999 -9999 0 8.43769498715119e-16 2.03281835808866e-14 2.22044604925031e-17 0 2.90267809788247e-13 1.43107747874183e-14 5.88418203051333e-16 9.43689570931383e-16 4.44089209850063e-17 6.62803145701218e-15 9.99200722162641e-17
8.74412520168732e-09 2.69597479896078e-09 6.53124690996876e-08 9.7165417267675e-08 1.41225919847443e-12 9.79194503258895e-13 2.42805775485522e-14 2.15949480519839e-13 -9999 -9999 2.02968752915922e-12 1.70441438740454e-13 -9999 -9999 -9999 -9999 -9999 -9999 -9999 -9999 -9999 -9999 -9999 -9999 -9999 -9999 -9999 -9999 -9999 -9999 -9999 1.11022302462516e-17 6.66133814775094e-17 3.33066907387547e-17 0 0 0 0 4.10782519111308e-16 0 0 3.33066907387547e-17 0 0
1.28524968445731e-12 1.71266667514658e-11 3.29079230532159e-10 0.000192681167777742 3.19430060180537e-10 3.2495273332156e-07 3.33066907387547e-16 2.22044604925031e-17 0 5.21804821573824e-16 -9999 1.11022302462516e-17 2.22044604925031e-17 3.26095817015926e-12 2.22044604925031e-17 -9999 -9999 -9999 -9999 -9999 -9999 -9999 -9999 -9999 -9999 3.55047102829076e-12 -9999 -9999 2.64233079860787e-15 -9999 -9999 0 1.24344978758018e-15 2.8199664825479e-15 1.27941684769928e-06 0 2.66453525910038e-16 0 0 0 1.77635683940025e-16 1.17905685215192e-14 2.33146835171283e-16 0
2.53130849614536e-14 2.36477504245158e-15 1.31283872661925e-12 9.50128864474209e-14 3.70814490224802e-15 2.19391171896177e-13 3.04722913568867e-13 7.88258347483861e-15 0 3.33066907387547e-17 2.22044604925031e-17 0 0 2.19935181178244e-14 0 -9999 -9999 -9999 -9999 -9999 -9999 -9999 -9999 -9999 -9999 -9999 2.95874436062604e-14 -9999 -9999 1.11022302462516e-17 -9999 -9999 5.03768739723576e-08 0.00013164676743822 3.05455660765119e-13 2.78665979180914e-15 2.82872503198917e-11 6.57474075183018e-14 6.00813713751092e-05 2.72004641033163e-15 0 0 0 1.11022302462516e-17
6.98084757222439e-08 9.03691566023213e-12 1.61961111189157e-11 -9999 -9999 -9999 -9999 7.7715611723761e-17 0 2.22044604925031e-17 2.34257058195908e-15 1.55431223447522e-16 2.34257058195908e-15 0 -9999 2.54907206453936e-14 -9999 -9999 -9999 -9999 -9999 -9999 -9999 -9999 -9999 -9999 3.11972669919669e-15 -9999 0 0 0 3.33066907387547e-17 5.36681810103801e-14 0 2.07944772512292e-14 3.38618022510673e-15 4.44089209850063e-17 3.66373598126302e-16 0 0 8.01969601837982e-13 1.11022302462516e-17 1.11022302462516e-17 1.11022302462516e-17
4.10782519111308e-16 6.95343338463772e-11 3.83692300154337e-11 9.65041158096369e-11 4.97712981939458e-14 2.285038824823e-12 -9999 -9999 -9999 3.33066907387547e-17 6.66133814775094e-17 4.60964599824365e-14 0.000240537027979304 1.05804254246777e-14 -9999 -9999 0 -9999 -9999 -9999 -9999 -9999 -9999 -9999 -9999 -9999 -9999 -9999 -9999 -9999 -9999 0 1.66533453693773e-16 0 0 0 4.44089209850063e-17 7.7715611723761e-16 3.21964677141295e-16 1.23234755733392e-15 2.88657986402541e-16 4.41391256877921e-10 1.91591187359563e-13 1.11022302462516e-17
