Scripts_&_data/Maxent_result_files_1/Bombus_pomorum_2.asc
NCOLS 594 
NROWS 330 
XLLCORNER -15 
YLLCORNER 23 
CELLSIZE 0.166666666666667 
NODATA_value -9999 
[rows 168 to 188 of 330, columns 92 to 137 of 594]
-9999 -9999 -9999 -9999 0.00394294172292575 0.101565153151751 0.133294453471899 0.199379669129848 0.203482486307621 0.204141375422478 0.232111732661724 0.588705348968506 0.457846382260323 0.327422565221786 0.385198074579239 0.588823175430298 0.430538615584373 0.828572100400925 0.684197157621384 0.697453951835632 0.6183375030756 0.643329310417175 0.824021297693253 0.59341676235199 0.630052006244659 0.8421850502491 0.690584677457809 0.747454410791397 0.704444199800491 0.711179268360138 0.881109672784805 0.710149049758911 0.602618682384491 0.710043859481811 0.765801072120667 0.559061241149902 0.60175633430481 0.85766698718071 0.699974697828293 0.780448192358017 0.83360967040062 0.82123156785965 0.749234485626221 0.692116343975067 0.743834578990936 0.958624625205994
0.0164437885396183 0.0665850177407265 0.0744170259684324 0.084671713039279 0.106423225626349 0.177098486572504 0.19404257312417 0.31693284958601 0.314260821044445 0.304974795877934 0.291110430657864 0.307207873463631 0.334054391086102 0.364874002337456 0.409301844239235 0.436256974935532 0.66557799577713 0.706609058380127 0.70231506228447 0.454580569267273 0.508352416753769 0.512312334775925 0.674870663881302 0.620353898406029 0.57513764500618 0.573266679048538 0.887537372112274 0.842556375265122 0.596212854981422 0.638840842247009 0.674975824356079 0.635254281759262 0.922008317708969 0.782911801338196 0.825522607564926 0.654620265960693 0.815047889947891 0.930037039518356 0.977484333515167 0.731742715835571 0.795533579587936 0.866721844673157 0.833081263303757 0.751540583372116 0.771131068468094 0.702623438835144
0.0611532943323255 0.0872695196419954 0.128777400404215 0.112926262617111 0.163214375078678 0.167169696837664 0.233389608561993 0.315523435175419 0.287040235102177 0.296311876177788 0.34363027960062 0.369958555698395 0.392813155055046 0.40235353410244 0.424900209903717 0.606207764148712 0.643986278772354 0.819847148656845 0.673118144273758 0.814557379484177 0.662839537858963 0.489600622653961 0.478634694218636 0.455612936615944 0.683441883325577 0.600904834270477 0.490494337677956 0.604132342338562 0.686115854978561 0.77433545589447 0.565581101179123 0.726803362369537 0.967161482572556 0.971507614850998 0.969359046220779 0.813689982891083 0.783669298887253 0.779924124479294 0.889610457420349 0.810846811532974 0.716274350881577 0.852908742427826 0.747964709997177 0.781666618585587 0.752167940139771 0.645759576559067
0.043727657571435 0.15634872764349 0.116418448835611 0.132716584205627 0.609523382782936 0.201720696687698 0.229536527395248 0.292769464850426 0.27520589530468 0.393248596787453 0.644673174619675 0.464503076672554 0.625348657369614 0.51220563352108 0.807355320453644 0.482725995779037 0.485990393161774 0.784526485204697 0.847110033035278 0.738842165470123 0.552193719148636 0.489518532156944 0.419372665882111 0.434999680519104 0.438653483986855 0.422712469100952 0.466798242926598 0.599162566661835 0.60742534995079 0.539085984230042 0.781875884532928 0.741773843765259 0.589097946882248 0.944997704029083 0.928135442733765 0.789256346225738 0.520876908302307 0.866393202543259 0.978412598371506 0.934323328733444 0.977889794111252 0.977020406723022 0.916095906496048 0.942653733491898 0.966422474384308 0.826583242416382
0.0846735972911119 0.109384300932288 0.165872571617365 0.170974624156952 0.395504403114319 0.310583837330341 0.386231970787048 0.270160853862762 0.316464413702488 0.356509900093079 0.391664069890976 0.395481795072556 0.718263268470764 0.610388723015785 0.549082380533218 0.763149803876877 0.711385691165924 0.558566397428513 0.483122935891151 0.518791028857231 0.63203529715538 0.77686208486557 0.798189347982407 0.50184760093689 0.5979955971241 0.525758340954781 0.51434069275856 0.421026226878166 0.492483699321747 0.510216462612152 0.763524508476257 0.686683392524719 0.685232180356979 0.821331280469894 0.974904996156692 0.86735834479332 0.485261699557304 0.727600944042206 0.994756078720093 0.996028727293015 0.989192515611649 0.871248215436935 0.947367733716965 0.951253116130829 0.586758854985237 0.797363519668579
0.130643939971924 0.141956037282944 0.218999661505222 0.193903808295727 0.430643802881241 0.383198383450508 0.547316464781761 0.504166585206985 0.630405282974243 0.671759730577469 0.81395451426506 0.859883916378021 0.756539750099182 0.787892186641693 0.632723677158356 0.456999009847641 0.522129198908806 0.468048456311226 0.808070749044418 0.588213443756104 0.509775829315186 0.779753392934799 0.6729631960392 0.400937569141388 0.417507365345955 0.463775447010994 0.42971912920475 0.42578718662262 0.609847968816757 0.514868292212486 0.909097093343735 0.63558457493782 0.497623723745346 0.704586714506149 0.922621446847916 0.848977065086365 0.571801123023033 0.832949763536453 0.941345417499542 0.816033291816711 0.862257194519043 0.679844897985458 0.697095555067062 0.597798350453377 0.717745989561081 0.607605540752411
0.190067924559116 0.188229133933783 0.321356210112572 0.346651139855385 0.301000402867794 0.282349555194378 0.379772195219994 0.349750179052353 0.772580081224442 0.747095859050751 0.962716948986053 0.179368978738785 0.335759349167347 0.860480266809464 0.808147573471069 0.802675664424896 0.606079569458961 0.491485613584518 0.500714206695557 0.474855899810791 0.596619814634323 0.594978082180023 0.403007274866104 0.555791077017784 0.696504032611847 0.385122719407082 0.420024827122688 0.495568117499351 0.63292790055275 0.460291895270348 0.642467498779297 0.867842227220535 0.630399811267853 0.645200896263123 0.933272290229797 0.454976177215576 0.464111146330833 0.469517642259598 0.557552406191826 0.524169027805328 0.592797774076462 0.450098940730095 0.616623848676682 0.552512794733047 0.588667953014374 0.44181253015995
0.251925939321518 0.281576351821423 0.318086935579777 0.279903374612331 0.313153354823589 0.354898679256439 0.716824793815613 0.40913525223732 0.313119712471962 0.83352667093277 0.878768509626389 0.90659693479538 0.552692449092865 0.884181082248688 0.634398138523102 0.503150048851967 0.587858614325523 0.417888358235359 0.421152949333191 0.657400470972061 0.576504680514336 0.375726801156998 0.381179678440094 0.524136382341385 0.358016902208328 0.671478939056396 0.382806530594826 0.635973131656647 0.795388209819794 0.786118447780609 0.543777775764465 0.823781561851501 0.849338203668594 0.806650239229202 0.937584573030472 0.897440427541733 0.537059703469276 0.678787928819656 0.472561967372894 0.484705767035484 0.838923394680023 0.445053377747536 0.713083946704865 0.339964681863785 0.85856322646141 0.726486355066299
0.212937317788601 0.299136567115784 0.413227495551109 0.538035944104195 0.51200278699398 0.411647269129753 0.401982203125954 0.417587134242058 0.593352073431015 0.723943477869034 0.416785115003586 0.772330695390701 0.83759006857872 0.733049660921097 0.69895606637001 0.534371885657311 0.564232042431831 0.573668810725212 0.536863729357719 0.620289140939713 0.536080619692802 0.32407853603363 0.485647770762444 0.351315960288048 0.388064986467361 0.362670609354973 0.388049283623695 0.896016585826874 0.511723750829697 0.672184002399445 0.523359143733978 0.696148639917374 0.723708784580231 0.835768890380859 0.980919539928436 0.841344124078751 0.815973722934723 0.688639378547668 0.57871099114418 0.456676352024078 0.514209482073784 0.425563025474548 0.662992835044861 0.666674411296844 0.998665064573288 0.71319232583046
0.296924087405205 0.344786904752254 0.316910628974438 0.357032099366188 0.566021811962128 0.389983770251274 0.722691237926483 0.659882545471191 0.372451934218407 0.370628145337105 0.533862543106079 0.393710666894913 0.460537177324295 0.310953639447689 0.575160977244377 0.778843784332275 0.433294972777367 0.451459032297134 0.475079241394997 0.448254460096359 0.32783028781414 0.34647753238678 0.50188295841217 0.382354086637497 0.475511699914932 0.522470942139626 0.550398460030556 0.763646310567856 0.671881461143494 0.609460759162903 0.705341386795044 0.678759604692459 0.843276959657669 0.810990846157074 0.486587971448898 0.72674046754837 0.514321339130402 0.515911224484444 0.637259525060654 0.742910838127136 0.744149619340897 0.872759300470352 0.73575536608696 0.602808082103729 0.672309267520905 0.844981700181961
0.189172454178333 0.246949136257172 0.272120474278927 0.342157644033432 0.349777543544769 0.36112642288208 0.364963111281395 0.358120846748352 0.338812988996506 0.331254157423973 0.332294878363609 0.335916367173195 0.362789869308472 0.436772233247757 0.610685211420059 0.356000596284866 0.377363365888596 0.673193567991257 0.441452091932297 0.433815547823906 0.429524782299995 0.655018019676209 0.714602720737457 0.513587632775307 0.543193852901459 0.533206278085709 0.578877872228622 0.65708646774292 0.735434132814407 0.664684671163559 0.653295594453812 0.723308253288269 0.78341913819313 0.86475111246109 0.707780474424362 0.555397841334343 0.863400477170944 0.465702840685844 0.719040781259537 0.90719553232193 0.637978845834732 0.715529403090477 0.593748617172241 0.465449619293213 0.6640505194664 0.624592685699463
0.285455726087093 0.212147518992424 0.37456436753273 0.304623351991177 0.310538128018379 0.448262318968773 0.428122752904892 0.325017988681793 0.299259543418884 0.421413722634315 0.474753692746162 0.422620061039925 0.305813038349152 0.318596988916397 0.793531912565231 0.379181602597237 0.47454659640789 0.593726828694344 0.480839157104492 0.600578188896179 0.567991214990616 0.583015450835228 0.567241224646568 0.620014876127243 0.482292580604553 0.705389982461929 0.587238824367523 0.596101015806198 0.866677612066269 0.596478182077408 0.594488155841827 0.510693192481995 0.585801941156387 0.553338265419006 0.400412040948868 0.514042156934738 0.738859844207764 0.933322954177856 0.691469973325729 0.922873413562775 0.794634103775024 0.830503529310226 0.676012450456619 0.694225758314133 0.690157383680344 0.874632811546326
0.23085128813982 0.257191437482834 0.245012757182121 0.253096057474613 0.328416639566422 0.308350791037083 0.503687816858292 0.295289009809494 0.378232675790787 0.795976036787033 0.415155717730522 0.368246561288834 0.401736125349998 0.34807291328907 0.547583991289139 0.33634098470211 0.35806856751442 0.482161664962769 0.591970986127853 0.62638333439827 0.551881420612335 0.630435222387314 0.557710215449333 0.626431566476822 0.567738771438599 0.826090860366821 0.708546721935272 0.66918677687645 0.672502267360687 0.576707538962364 0.611564379930496 0.696891129016876 0.644934970140457 0.619693142175674 0.547563374042511 0.622581416368485 0.483618557453156 0.639807021617889 0.832173991203308 0.731231439113617 0.893134665489197 0.666173046827316 0.450977298617363 0.309456971287727 0.707307451963425 0.953615659475327
0.275390900671482 0.181033389270306 0.203038847446442 0.232439240813255 0.382768198847771 0.236836364865303 0.25363472700119 0.426793998479843 0.292420265078545 0.270270486176014 0.215271182358265 0.302228942513466 0.518176808953285 0.4834746748209 0.378003373742104 0.35746975839138 0.413199496269226 0.668611031770706 0.419133406877518 0.666836851835251 0.38617567718029 0.418588811159134 0.522860869765282 0.661563265323639 0.642635196447372 0.755603164434433 0.657646656036377 0.740286386013031 0.579773783683777 0.626540756225586 0.730037772655487 0.665364187955856 0.631804591417313 0.738952773809433 0.525128820538521 0.550302568078041 0.666557043790817 0.578003120422363 0.604704886674881 0.771746522188187 0.77904337644577 0.82696378827095 0.739328879117966 0.667103046178818 0.777279704809189 0.626580727100372
0.172750715911388 0.186647076904774 0.266763558983803 0.218625758588314 0.212619619071484 0.604645067453384 0.629666322469711 0.175747346878052 0.2160783842206 0.203092235326767 0.201332192122936 0.220337590575218 0.372686290740967 0.350334733724594 0.493346101045608 0.599877774715424 0.589664173126221 0.418559417128563 0.462689059972763 0.531072509288788 0.55878898203373 0.595831990242004 0.481221428513527 0.53517539203167 0.721247982978821 0.508700811862946 0.651164495944977 0.774164181947708 0.842705851793289 0.670062184333801 0.474907118082046 0.442838484048843 0.457989120483398 0.46582222878933 0.799245285987854 0.714599537849426 0.528615882992744 0.449465003609657 0.867362278699875 0.877893191576004 0.500293350219727 0.621717089414597 0.637276124954224 0.967802625894546 0.931338608264923 0.899965333938599
0.176230931282043 0.382959970831871 0.560421508550644 0.457591164112091 0.449477726221085 0.275342153012753 0.265212614834309 0.216703364253044 0.310237315297127 0.153124947845936 0.264260146021843 0.319538924098015 0.341987976431847 0.561437481641769 0.353400680422783 0.52979576587677 0.390551847219467 0.631221121549606 0.489331766963005 0.773927909135818 0.528495362401009 0.621175444126129 0.487180611491203 0.669413661956787 0.658158552646637 0.616391164064407 0.748036569356918 0.896728026866913 0.762251126766205 0.36762807071209 0.406187137961388 0.632246690988541 0.459688529372215 0.551599627733231 0.505339995026588 0.462584441900253 0.682594537734985 0.459283927083015 0.792462801933289 0.825923812389374 0.78401608467102 0.617217409610748 0.749319279193878 0.876978814601898 0.890316247940063 0.906853657960892
0.163572216033936 0.181836029887199 0.184181144833565 0.19332922399044 0.23335730433464 0.252983346581459 0.250665508210659 0.270970985293388 0.26567524522543 0.248834243416786 0.503385433554649 0.173835350573063 0.499698463082314 0.468848657608032 0.339596709609032 0.305918802320957 0.714349406957626 0.480166381597519 0.478689628839493 0.502455154061317 0.432205525040627 0.513563454151154 0.618169856071472 0.607469034194946 0.497872123122215 0.552677562832832 0.676848191022873 0.838622772693634 0.610096365213394 0.551489967107773 0.674105817079544 0.412999385595322 0.398085623979568 0.697333270311356 0.781080776453018 0.470315238833427 0.69476016163826 0.690073931217194 0.747257930040359 0.771059060096741 0.804913067817688 0.579191538691521 0.849210047721863 0.959994745254517 0.841687476634979 0.887200677394867
0.16272858530283 0.162766900658607 0.167315827310085 0.232342028617859 0.290372988581657 0.230732998251915 0.207388319075108 0.283872267603874 0.210188017785549 0.214657759666443 0.24884165674448 0.388173016905785 0.558132284879684 0.25770038664341 0.26925058811903 0.429103717207909 0.762594693899155 0.684915935993195 0.53962936103344 0.365363410115242 0.537986093759537 0.406802174448967 0.603034442663193 0.457219386100769 0.555850487947464 0.609879738092422 0.806262266635895 0.682617890834808 0.614967525005341 0.420995557308197 0.584074276685715 0.488705822825432 0.540270385146141 0.352579748630524 0.522725313901901 0.696095222234726 0.803830713033676 0.906637859344482 0.975325357913971 0.953325748443604 0.914028781652451 0.915706181526184 0.771909016370773 0.776504629850388 0.73942209482193 0.84605895280838
0.204449236392975 0.189323469996452 0.214781522750854 0.203220118582249 0.210682792961597 0.177856127917767 0.224992257356644 0.195363715291023 0.203467807173729 0.292286565899849 0.461252316832542 0.307790242135525 0.322496549785137 0.367928412556648 0.261150194704533 0.400376763939857 0.669945180416107 0.608630162477493 0.727617365121841 0.429499369859695 0.520768097043037 0.467582213878632 0.49949189722538 0.63406400680542 0.523454123735428 0.384008824825287 0.48451361656189 0.486042374372482 0.359059038758278 0.26404492855072 0.39884053170681 0.264784859120846 0.514908856153488 0.609578961133957 0.700137746334076 0.787529700994492 0.933232975006103 0.733858525753021 0.790201097726822 0.763395094871521 0.693590992689133 0.608940625190735 0.983240973949432 0.8668501496315 0.800815427303314 0.681528574228287
0.271994826197624 0.368170872330666 0.195772697031498 0.207727792859077 0.195150808990002 0.286363279819489 0.213329450786114 0.247153875231743 0.618722873926163 0.273017416894436 0.319831863045692 0.251852609217167 0.418025994300842 0.606756514310837 0.336958882212639 0.335581293702126 0.257076691091061 0.442500180006027 0.375655567646027 0.257284550368786 0.405498594045639 0.304491209983826 0.365763714909554 0.553848540782928 0.792210805416107 0.328578606247902 0.679711639881134 0.555415433645248 0.247837170958519 0.205052722990513 0.261422269046307 0.621305257081985 0.519871336221695 0.856852507591248 0.731472539901733 0.723075658082962 0.683928328752518 0.895573043823242 0.805401033163071 0.741508632898331 0.941034698486328 0.866769349575043 0.728943932056427 0.969411319494247 0.836193096637726 0.897953164577484
0.359729930758476 0.171953156590462 0.168309769034386 0.158027337491512 0.169204932451248 0.221766252815723 0.229338236153126 0.201849496364594 0.215685614943504 0.227149982750416 0.226904734969139 0.251337866485119 0.223527663946152 0.265577338635921 0.468945774435997 0.332220554351807 0.351647061109543 0.625239181518555 0.572452968358994 0.245102563500404 0.246050122380257 0.34084595143795 0.443013954162598 0.288337898254395 0.537435954809189 0.311949044466019 0.333046555519104 0.415325659513473 0.218609474599361 0.334456825256348 0.278366705775261 0.457296255230904 0.570524808764458 0.800041550397873 0.801886188983917 0.867253881692886 0.907137000560761 0.937635862827301 0.887409126758575 0.769806736707687 0.858362466096878 0.652532947063446 0.677379643917084 0.68673842549324 0.51899469345808 0.0991365658119321
