Scripts_&_data/Maxent_result_files_1/Bombus_magnus_2.asc
NCOLS 594 
NROWS 330 
XLLCORNER -15 
YLLCORNER 23 
CELLSIZE 0.166666666666667 
NODATA_value -9999 
[rows 100 to 119 of 330, columns 405 to 449 of 594]
0.00231296010315418 0.00176589326001704 0.00210721744224429 0.00115438057109714 0.00066047846339643 0.000842867651954293 0.00168989750090986 0.000883074139710516 0.000779874483123422 0.000633051223121583 0.000419707791297697 0.000485534244216979 0.00318201539339498 0.00118395914323628 0.000796722865197808 0.00266672940924764 0.0021837912267074 0.001218094129581 0.00213256874121726 0.00198280923068523 0.00129152508452535 0.00194089561700821 0.00318790469318628 0.00146761897485703 0.000998218054883182 0.0021567857125774 0.00115348249673843 0.000951118161901832 0.00192542795557529 0.00129650901071727 0.00104262966196984 0.0013471707701683 0.00248245897237211 0.00138464845949784 0.00165358388330787 0.000642449932638556 0.00189606449566782 0.0005258551951556 0.000613650272134691 0.00130394855514169 0.00215717975515872 0.00042583315516822 0.000309827757882886 0.000300797400996089 3.65829719157773e-05
0.000685155740939081 0.00152857529465109 0.00110831876518205 0.000599473583861254 0.000732123106718063 0.000929281488060951 0.00187999287154526 0.000335181615082547 0.000971069780644029 0.000702929799444973 0.000405537872575223 0.000507556344382465 0.00216047724243253 0.000935840676538646 0.0026997450273484 0.00174818511586636 0.00542559658642858 0.00146678641904145 0.00184618018101901 0.00234243394806981 0.000655829440802336 0.00074364390457049 0.00156776315998286 0.00194035910535604 0.00166363711468875 0.00208645812235773 0.00130463347304612 0.00261925403028727 0.000817683339118958 0.00328902676701546 0.00109732741257176 0.00164528435561806 0.00479200873523951 0.00273701183032244 0.00295812096446753 0.000672973017208278 0.0016902141738683 0.000795084959827363 0.00241318796761334 0.00338428472168744 0.00301365604391322 0.000811918056569993 0.000199672720918898 0.000141615758184344 3.61524358595489e-05
0.0004446464125067 0.000561370572540909 0.00085256636957638 0.00103813831228763 0.000891260954085737 0.0006611586548388 0.000497646315488964 0.000450836459640414 0.000829055462963879 0.00153370625339448 0.00112358850892633 0.00157439904287457 0.000431115797255188 0.000662871426902711 0.00207856467459351 0.000632257224060595 0.000951592560159042 0.000329423148650676 0.000768556166440249 0.000684712396468967 0.000646099520963617 0.00113035629037768 0.00144281939137727 0.00395087595097721 0.0019690322689712 0.00150879609864205 0.00211478287819773 0.00411628480069339 0.000880367693025619 0.000940690201241523 0.00120072688441724 0.000957304006442428 0.00338020897470415 0.000679961103014648 0.00305930254980922 0.000812737632077187 0.00347354365512729 0.000789828773122281 0.00132358597475104 0.000873497489374131 0.000211292543099262 0.00145027883700095 0.000353856993024237 7.98639273853041e-05 8.22376536234515e-05
0.00148602657718584 0.000948398478794843 0.00131118576973677 0.00120138083584607 0.000820726435631514 0.00123296934179962 0.000481598917394877 0.00071223524864763 0.000979358423501253 0.000434045994188637 0.000571797002339736 0.000295526924310252 0.000382532726507634 0.000415411283029243 0.000391020654933527 0.00080843202304095 0.000278608803637326 0.00042333792662248 0.000675453897565603 0.000811322475783527 0.00148937273770571 0.00230413821991533 0.00295503847301006 0.00208138842135668 0.0015640975208953 0.00125773367471993 0.00601554564200342 0.00404401342384517 0.00635964362882078 0.00251270849257708 0.00129485093057156 0.00214815614745021 0.00164930578321218 0.00122830939944834 0.00240088056307286 0.00359054249711335 0.00250555970706046 0.000665161359938793 0.00047654458321631 0.00135495634749532 0.000235397807409754 0.000695395760703832 0.00024131023674272 9.84861519100377e-05 5.3805180323252e-05
0.000694717865553685 0.00303672119043767 0.000505306397099048 0.000403267925139517 0.000853446376277134 0.000862809177488089 0.000518864765763283 0.000322112452704459 0.000313234742498025 0.000658820057287812 0.000570155226159841 0.000562344363424927 0.000317457446362823 0.000339308648835868 0.000633360509527847 0.00101684834808111 0.000192389616859145 0.000159416826500092 0.000310507070389576 0.000329483114182949 0.000708810030482709 0.00402635680511594 0.00481185279786587 0.00251955594867468 0.00156658536288887 0.00108996712369844 0.00355379390530288 0.00396477556787431 0.00209860992617905 0.00249033863656223 0.00299241133034229 0.000711962953209877 0.000518244714476168 0.000751290144398809 0.00253089424222708 0.00255177861545235 0.000343003694433719 0.00261657934170216 0.000968501239549369 0.00103440545499325 0.000574983877595514 0.000345832423772663 0.000124086781579535 0.000106351374415681 5.23287235409953e-05
0.000484349328326061 0.000600085232872516 0.000672361988108605 0.000743740797042847 0.000434569141361862 0.000189723377116024 0.000554756255587563 0.000466691836481914 0.000468664767686278 0.000247472192859277 0.00012115640565753 0.00017528987955302 0.000460594892501831 0.000307702895952389 0.000127534021157771 0.000169533162261359 0.000201785849640146 0.000168045506597991 0.000598089169943705 0.00116495960392058 0.00149732569698244 0.00210681562311947 0.00267764357849956 0.00363642484880984 0.00256063448032364 0.00101442831219174 0.000926379626616836 0.00251915256958455 0.0010827653342858 0.00435417289845645 0.00401053233072162 0.00193116273730993 0.000931580737233162 0.000566508690826595 0.00379256643354893 0.0111946247518063 0.00200690417550504 0.0022728243842721 0.00206358830910176 0.00083791445940733 0.000406495307106525 0.000210328443790786 0.000436476222239435 7.16780712537002e-05 0.000126611745508853
0.000481601210776716 0.000251422013388947 0.000217138230800629 0.000351207741186954 0.000284694481524639 0.000182573683559895 0.000413582538021728 0.000884439493529499 0.000961651199031621 0.000724451337009668 0.00108249303884804 0.000226925045717508 0.00031376495026052 0.000245738655212335 0.00025120256759692 0.000281471945345402 0.000340007938211784 0.000128026463789865 0.000662183377426118 0.000294433475937694 0.00128508629277349 0.00241081309504807 0.00161342695355415 0.00227377340197563 0.00169086378300563 0.00203605947899632 0.000946698500774801 0.00142008773982525 0.00432211458683014 0.00302445297129452 0.00479546845890582 0.00739249447360635 0.00530443824827671 0.00192598165012896 0.00599448978900909 0.00382856447249651 0.00564704444259405 0.00542393987998366 0.00104841348947957 0.00174092582892627 0.000442737626144662 0.000106229998345952 0.000154469168046489 0.000118480819219258 3.64929666829994e-05
0.0010414189659059 0.000227851112140343 0.000164446032431442 0.000884992140345275 0.000322311237687245 0.00106209621299058 0.000808955100364983 0.00155851449817419 0.000919318408705294 0.000791505863890052 0.000965887843631208 0.000897512142546475 0.00068988730199635 0.00123867276124656 0.0011619639582932 0.000143880263203755 0.00017191763035953 0.000212816879502498 0.000222172180656344 0.000645991810597479 0.00106155124958605 0.00276772053912282 0.00122437998652458 0.00145381145412102 0.00177237357711419 0.000595825092750601 0.00052133277640678 0.000398456167022232 0.000330398647929542 0.00203932602889836 0.00271660936996341 0.00188063636887819 0.00150871956720948 0.00265842592343688 0.000867383624427021 0.00319306841120124 0.00331202019006014 0.00214396016672254 0.000292696000542492 0.00318119004368782 0.000459818739909679 0.000114967819536105 0.000106953427166445 9.40138459554873e-05 4.60014738564496e-05
0.00116725601255894 0.00151884192600846 0.000808300520293415 0.000789078953675926 0.000197221880080178 0.00060354481684044 0.00122230481356382 0.000934675079770386 0.000822320044972003 0.000801265914924443 0.000706970016472042 0.000625865708570927 0.00084202450234443 0.00114732128567994 0.000674518512096256 0.00015208428085316 0.000208695529727265 0.000885397475212812 0.000919468118809164 0.00102307626511902 0.00111392298713326 0.00120445482898504 0.00301940841600299 0.00174608516972512 0.000835368933621794 0.00305933426134288 0.000829454028280452 0.00115032044705004 0.00175499443430454 0.00237403297796845 0.0027175007853657 0.00392622761428356 0.0030911766923964 0.00181493628770113 0.00182073104660958 0.00547229438088834 0.00542196496389806 0.00683915726840496 0.000800096173770726 0.00257583949714899 0.000870450353249907 0.000164990633493289 9.75435410509817e-05 0.000160530018183636 3.39845912094461e-05
0.00135088763199747 0.00072126203449443 0.000686245318502188 0.000866068876348436 0.00053949982393533 0.000274626858299598 0.000662452081451192 0.000962655385956168 0.000864592334255576 0.000747323071118444 0.00106318213511258 0.000443055108189583 0.000557059270795435 0.000692992738913745 0.00110983103513718 0.00137767216656357 0.000790847931057215 0.000834751687943935 0.000872948183678091 0.00116670054849237 0.00107216844335198 0.00151627699378878 0.0011199097847566 0.000904830009676516 0.000834549684077501 0.000977848307229578 0.00122077455744147 0.0017959738150239 0.00124249305808917 0.00146365873515606 0.00580018814653158 0.00355965597555041 0.00423949845135212 0.00108754227403551 0.00222089444287121 0.00394800715148449 0.00702079450711608 0.00287382216192782 0.00307499431073666 0.000814726250246167 0.000175473259878345 0.000309130136156455 0.00021982409816701 9.06263157958165e-05 5.30287117726402e-05
0.000259014451876283 0.000462713977321982 0.000455471687018871 0.0017427078448236 0.00144357169046998 0.00157761164009571 0.000958094908855855 0.000905493111349642 0.000785655132494867 0.000723485054913908 0.00103184106992558 0.000450671394355595 0.000621665362268686 0.000483507849276066 0.000777586060576141 0.000652554363477975 0.000751866120845079 0.000824807700701058 0.000856008636765182 0.00103144599124789 0.00128513739909977 0.0012869824655354 0.0011933866655454 0.00127719338051975 0.0862281746231019 0.00211155787110329 0.00242570107802749 0.00380427585914731 0.00243976404890418 0.00264122816734016 0.00335383666679263 0.00322331502102315 0.00229158862493932 0.00281685851514339 0.00171073661185801 0.00321922139264643 0.00200597294606268 0.000889227562583983 0.0005030672182329 0.00942132156342268 0.00135457853320986 0.000103565928293392 0.000120761883590603 9.26761087612249e-05 6.88416475895792e-05
0.00158830634318292 0.00022822912724223 0.00154000092297792 0.0010394980898127 0.000994695373810828 0.000307097763288766 0.000767094572074711 0.000945801101624966 0.00103561703581363 0.00062322705052793 0.000838038115762174 0.000537443289067596 0.000296397571219131 0.000700991530902684 0.000564168428536505 0.000601612485479564 0.000684622873086482 0.000729174085427076 0.000787128135561943 0.000810975139029324 0.000848538265563548 0.00108402869664133 0.00124156512320042 0.000708508212119341 0.000367180566536263 0.00376589028164744 0.00173312262631953 0.00141595131717622 0.00146591938100755 0.00255012302659452 0.003043666575104 0.00374042028561234 0.00384527617134154 0.00225832848809659 0.00380493411794305 0.00388388340361416 0.00101468570064753 0.00134800174273551 0.000746685452759266 0.000650381064042449 0.000505554978735745 0.000250616585253738 0.000158701010514051 0.000102674936351832 8.33786340081133e-05
0.00137634333223104 0.0019978151191026 0.00120562084484845 0.0012179714627564 0.00132698137313128 0.0012444123160094 0.00112827201373875 0.00103544627781957 0.00119448732584715 0.000736764329485595 0.0003832847927697 0.000379148783395067 0.000399589608423412 0.000168249060516246 0.000177891476778314 0.000472000043373555 0.000610306719318032 0.000697330303955823 0.000734512135386467 0.000767778581939638 0.000809061154723167 0.000807495112530887 0.000880558625794947 0.000388217234285548 0.000361606146907434 0.00205896575935185 0.00282315788790584 0.00226150671951473 0.00177717925980687 0.00271306019276381 0.00364619437605143 0.00386995067819953 0.00318649644032121 0.00327862845733762 0.0045157718937844 0.00285333716310561 0.00206545512191951 0.00220820032991469 0.00190045612398535 0.0013586858054623 0.00027512275846675 0.000296949670882896 0.000185103321564384 0.000135199194482993 0.000103675310674589
0.00151133430190384 0.00151251563802361 0.00148236718960106 0.00119310168083757 0.000580563698895276 0.00110091199167073 0.00107304635457695 0.00105264524463564 0.000916441273875534 0.00123750648926944 0.000446695525897667 0.000170120707480237 0.000286967714782804 0.000361788441659883 0.000273449328960851 0.000193275831406936 0.00017326255037915 0.000427313440013677 0.000489208509679884 0.000881875329650939 0.000443554436787963 0.000191599334357306 0.000349255361470568 0.00108532810118049 0.000956039922311902 0.00128362248651683 0.00113980732858181 0.00181789719499648 0.00238372744061053 0.00240511354058981 0.00236540054902434 0.00638175052590668 0.00320161483250558 0.00264713889919221 0.00178756723180413 0.00233465707860887 0.00121820757631212 0.00117499269545078 0.000758619583211839 0.000731244753114879 0.00049768527969718 0.000439844105858356 0.000236145473900251 0.000148764668847434 0.0001134763850132
0.00185299157164991 0.00173662984743714 0.00157262226566672 0.00156158329918981 0.000358177960151806 0.00113094369880855 0.00138802346773446 0.00102094728499651 0.00120307535398751 0.000834360858425498 0.000197417638264596 0.000168069548089989 0.000227746326709166 0.000140604798798449 0.000164483312983066 0.000145202738349326 0.000360579969128594 0.000176014369935729 0.00053448126418516 0.0013744541676715 0.000141391907527577 0.000211576104629785 0.000321299479401205 0.000196768588648411 8.69501338456757e-05 0.000863985298201442 0.00116521543823183 0.00155447528231889 0.00189078873954713 0.00356213534250855 0.00307934316806495 0.00646940981969237 0.00080624355468899 0.00130153063219041 0.00186899704858661 0.00109052195912227 0.00625509610399604 0.00220027500763535 0.00151252024807036 0.00136258411221206 0.00121979617979378 0.0004767261154484 0.000404912943486124 0.000172683075652458 0.000142306898487732
0.0028132610488683 0.00191523339599371 0.00174381057731807 0.00181060573086143 0.000926702120341361 0.00045963532757014 0.00114694621879607 0.00101081561297178 0.00093451701104641 0.000746722484473139 0.000593420816585422 0.000681170669849962 0.000264968938427046 0.00017154605302494 0.000502294604666531 0.000166429069940932 0.000420552375726402 0.000574893073644489 0.000372572685591877 0.000643056619446725 0.000228481699014083 0.000267880776664242 0.000353886398806935 0.00110642246436328 0.000850063096731901 0.000720615382306278 0.00111780392471701 0.00186242451891303 0.00186597569845617 0.00265929400920868 0.00471222652122378 0.00253683025948703 0.00171819478273392 0.00247157486155629 0.00194386558141559 0.00195181923918426 0.00218095667660236 0.00345505885779858 0.00292907962575555 0.00144760869443417 0.000979522173292935 0.000447680705110542 0 8.61403757880907e-05 0.000150947232032195
0.00182608035393059 0.00211619394831359 0.00180928795598447 0.00161286303773522 0.00142136407084763 0.000950725539587438 0.00105649738106877 0.00132501511834562 0.000860037724487483 0.000932228192687035 0.000720968411769718 0.000758136622607708 0.000478000077418983 0.000197122441022657 0.000265085784485564 0.000364025356248021 0.000150080863386393 0.000600122928153724 0.000645716895814985 0.000283265608595684 0.000240758381551132 0.000298005009244662 0.000580016802996397 0.000943662133067846 0.00113983561750501 0.00108468453399837 0.00102017419412732 0.00131942296866328 0.0019254089333117 0.00160039779730141 0.00255584064871073 0.00261085121892393 0.00285897441208363 0.00226598405279219 0.00158892660401762 0.00173317075241357 0.00197587686125189 0.00189826872665435 0.00250552985817194 0.00182614331133664 0.00126388110220432 0.00056658152025193 0.000338913971791044 0.000449489962193184 6.94619069690816e-05
0.00206294842064381 0.00190753871574998 0.00173388137482107 0.00172224501147866 0.00157014215365052 0.00080246920697391 0.00101330429315567 0.00118744191713631 0.00104285278357565 0.000394752592546865 0.000465411564800888 0.000161900086095557 0.000273808679776266 0.000397885439451784 0.000157802997273393 0.000166031444678083 0.000173066070419736 0.000312134018167853 0.000638523127418011 0.000675873772706836 0.000602489610901102 0.000887249957304448 0.000996493618004024 0.000147142032074044 0.00110678477212787 0.000915079936385155 0.00100296947639436 0.00117371114902198 0.00137099833227694 0.00154051263816655 0.00165642509236932 0.00203649089671671 0.00151494366582483 0.00159044901374727 0.00315536893904209 0.0022422659676522 0.00192312058061361 0.00217405874282122 0.00247494936920702 0.00190646927803755 0.00125080663710833 0.000677434913814068 0.000363214965909719 0.000132530901464634 0.000137578847352415
0.000440730294212699 0.00080981453647837 0.00081993731437251 0.00045591025846079 0.000531486060936004 0.000737987260799855 0.000919704744592309 0.000786502892151475 0.000514115416444838 0.000343470030929893 0.000205682805972174 0.000165370543254539 0.000215579482028261 0.000175121892243624 0.000222630612552166 0.000335670541971922 0.000190883473260328 0.000102113065076992 0.000304302817676216 0.000765143788885325 0.000524531200062484 0.000765941408462822 0.00016295251698466 0.000247363292146474 0.00038382968341466 0.000112347761751153 0.00021709110296797 0.000277422112412751 0.000359958206536248 0.000953203125391155 0.000534664024598897 0.000545161729678512 0.00189395099878311 0.00155206830240786 0.00171818058006465 0.00252499836497009 0.00211458629928529 0.00252948477864265 0.0031492262147367 0.00187891605310142 0.00122082941234112 0.000631085224449635 0.000328376481775194 0.000217743561370298 0.000144872108648997
0.00152294430881739 0.000733091926667839 0.000810476124752313 0.000801642751321197 0.000359913776628673 0.000897360779345036 0.000408060266636312 0.000577625387813896 0.000623306073248386 0.000346466532209888 0.000171901524299756 0.000161422009114176 0.000253085128497332 0.000337655888870358 0.000156437500845641 0.000153572295675986 0.000270767539041117 0.000159810573677532 0.00130551606416702 0.000297266890993342 0.000414145790273324 0.000407329565496184 0.00426874400582164 0.000446771673159674 9.59890538069885e-05 0.000215254133217968 0.000473902153316885 0.00122176755685359 0.000471300515346229 0.00108058874029666 0.000747538264840841 0.000661389005836099 0.00151149122975767 0.00191698740236461 0.00221131285652518 0.00220979172736406 0.00210386943072081 0.00326078124344349 0.00277215377427638 0.00142868894618005 0.000827524298802018 0.000576104689389467 0.000367563986219466 0.000159948391956277 8.73161392519251e-05
