Scripts_&_data/Maxent_result_files_1/Bombus_armeniacus_3.asc
NCOLS 594 
NROWS 330 
XLLCORNER -15 
YLLCORNER 23 
CELLSIZE 0.166666666666667 
NODATA_value -9999 
[rows 168 to 188 of 330, columns 230 to 275 of 594]
0.383405960351229 0.219277065992355 0.222836838662624 0.590338099002838 0.56106148660183 0.119251544028521 0.143057069927454 0.145302993059158 0.15245244577527 0.227975036203861 0.0641386406496167 0.239337357878685 0.166134201735258 0.166464194655418 0.131154360622168 0.312308982014656 0.141051530092955 0.140813135355711 0.137142147123814 0.12846268042922 0.15376960709691 0.112397730350494 0.178144431114197 0.128182244300842 0.158469513058662 0.161852403730154 0.14093109369278 0.20478204190731 0.211347602307796 0.240057019889355 0.24980086684227 0.293085925281048 0.218418425321579 0.146364238113165 0.247206602990627 0.16855992898345 0.127791003137827 0.221617214381695 0.182134833186865 0.18434900790453 0.309651362895966 0.208495564758778 0.21097905933857 0.213993091881275 0.25050602555275 0.222065405547619
0.259618176519871 0.131180714070797 0.216588227450848 0.20585775077343 0.52525472342968 0.251548767089844 0.104927784577012 0.20572333112359 0.126109795644879 0.346185365319252 0.249094352126122 0.159720931947231 0.109060431277612 0.168988531827927 0.136102326959372 0.218366567790508 0.138303272426128 0.135436354577541 0.13263578787446 0.166061125695705 0.160489239543676 0.151547132432461 0.284172546118498 0.172215218096972 0.126814104616642 0.130982498079538 0.136324011534452 0.141472567617893 0.145056215673685 0.146626479923725 0.150849934667349 0.154392405599356 0.180219812691212 0.291551990807056 0.162742467224598 0.268830282986164 0.23227169662714 0.203707091510296 0.260268531739712 0.26331303268671 0.428841403126717 0.363464087247849 0.223567456007004 0.176504864543676 0.219096466898918 0.22142062485218
0.158721975237131 0.124899943172932 0.144767767190933 0.189219877868891 0.033744040876627 0.0753593057394028 0.0872465081512928 0.145578201115131 0.171031238138676 0.104343097656965 0.22512508481741 0.130918318033218 0.137699734419584 0.470069922506809 0.171952269971371 0.139149390906096 0.139989319443703 0.136203020811081 0.132258373498917 0.127557294070721 0.162344586849213 0.118621639162302 0.143149185180664 0.470718601346016 0.171110911667347 0.131517841666937 0.277752879261971 0.303615687787533 0.177873042225838 0.108579654991627 0.120998725667596 0.152952406555414 0.153519231826067 0.155803745239973 0.204726241528988 0.164928145706654 0.137119573354721 0.171343336999416 0.179602891206741 0.271766451001167 0.232324020564556 0.242247885465622 0.42344134747982 0.247088918089867 0.167226088792086 0.528064388036728
0.185759483277798 0.248910413682461 0.168147344887257 0.154550369083881 0.251401939988136 0.0989803580567241 0.13320556730032 0.161604497954249 0.109635402262211 0.157948108762503 0.319136878848076 0.154373455047607 0.137018598616123 0.375857099890709 0.217045138776302 0.16765760332346 0.272734087705612 0.170162191987038 0.133141092956066 0.129967941343784 0.158019014447927 0.328374622762203 0.336243140697479 0.235594435036182 0.119185062497854 0.245554691600682 0.237001329660416 0.251617757976055 0.185781272500753 0.082410623319447 0.204551039636135 0.226882183551788 0.143059693276882 0.155285020917654 0.193418813496828 0.247311463952065 0.206521178781986 0.217018601298332 0.176111261546612 0.241483704745769 0.380801895260811 0.233295665681362 0.201267755776644 0.213122774660587 0.308088918030262 0.315756951272488
0.114550612308085 0.27268817871809 0.115181586146355 0.219511894881725 0.135224348306656 0.145107884705067 0.120908949524164 0.370483940839767 0.251970513164997 0.151420894265175 0.192641120404005 0.123446969687939 0.16015414968133 0.244075258076191 0.283141551911831 0.139436303824186 0.228257322311401 0.0788403864949942 0.133440467715263 0.189430998265743 0.131826828420162 0.162319325655699 0.174885460734367 0.173454312980175 0.13360934779048 0.204631134867668 0.23588011264801 0.142649570852518 0.178715703332273 0.207630303688347 0.625298094749451 0.398561587929726 0.196506889164448 0.158838175982237 0.160976638644934 0.161031090468168 0.168122106790543 0.163316130638123 0.176114429533482 0.174494478106499 0.202186739444733 0.185425350815058 0.198802281916142 0.215104813873768 0.221345345675945 0.473147961497307
0.0118256782181561 0.075005956273526 0.114796042814851 0.097547896951437 0.105169986560941 0.340704138576984 0.215807175636292 0.0525012326892465 0.277987961471081 0.141445035487413 0.113181388378143 0.202107484638691 0.274831509590149 0.123907724767923 0.262057611346245 0.242275854945183 0.168706560879946 0.173268976807594 0.224728034436703 0.267272284626961 0.138223996758461 0.173632893711329 0.266467694938183 0.278652527928352 0.141144597530365 0.0814094971865416 0.166346281021833 0.250231093168259 0.305570802092552 0.259511974453926 0.206156055629253 0.292731939256191 0.302855563163757 0.164338404685259 0.350226047635078 0.248538967967033 0.17433193102479 0.236163295805454 0.212328262627125 0.135874083638191 0.0957536727190018 0.350583712756634 0.211002062261105 0.299048380553722 0.22685110270977 0.269959034025669
0.00281725324457511 0.000557162459881511 0.00143924705917016 0.0320708287879825 0.051515637151897 0.0639856539666653 0.0580665227025747 0.196944770216942 0.616383093595505 0.158300886675715 0.127334366738796 0.20161020308733 0.200598887354136 0.102786435931921 0.123762688785791 0.244947339594364 0.201474434882402 0.232223102450371 0.144020571559668 0.212925447523594 0.21890674084425 0.299461610615253 0.204102964699268 0.223394180834293 0.194368483126163 0.218549339473248 0.358281788229942 0.312863537669182 0.184940195083618 0.286812503635883 0.184464228898287 0.215956626832485 0.198902095854282 0.331019434332848 0.437569880485535 0.416895946860313 0.427858194708824 0.441583463549614 0.232649694383144 0.221362510323524 0.200244953483343 0.20940330773592 0.304872523248196 0.227175971865654 0.269797833263874 0.206328776478767
0.00169048267125618 0.000829668517690152 0.000903736618784023 0.000939798571926076 0.00434322475921363 0.0263634114526212 0.0700225159525871 0.107098737731576 0.082323070988059 0.0875274632126093 0.144292835146189 0.107113933563232 0.158025535941124 0.240427859127522 0.134736847132444 0.212302595376968 0.300578916072845 0.159691891819239 0.231977488100529 0.443106305599213 0.283837656676769 0.191520886868238 0.150165682286024 0.22358090877533 0.253792043030262 0.263698035478592 0.182249046862125 0.28264903575182 0.268800576031208 0.296939739584923 0.285521271824837 0.358714057505131 0.393701577186584 0.420368078351021 0.238766118511558 0.332897967100143 0.419673505425453 0.440983602404594 0.243777570128441 0.261669830977917 0.261053785681725 0.552819496393204 0.2612100481987 0.265434843301773 0.225213348865509 0.242039516568184
0.0234344088938087 0.00116295944753801 0.000706560631806497 0.000481720042444067 0.00102288396410586 0.000826118835539091 0.0331442583352327 0.193047301471233 0.070980329066515 0.138696053996682 0.357407626509666 0.0836325071752071 0.0929135106503964 0.0999181132763624 0.165518140792847 0.132107815891504 0.301887185871601 0.231081365793943 0.269724500179291 0.364433118700981 0.0730237398296595 0.468924506008625 0.463530668616295 0.511295008659363 0.586961990594864 0.18597594127059 0.226433402299881 0.1537140019238 0.157912670820951 0.207453493773937 0.26952863484621 0.329026535153389 0.412246617674828 0.420500573515892 0.464705577492714 0.329105332493782 0.205212043225765 0.308610232174397 0.207891164720058 0.352363285422325 0.268452925980091 0.354239842295647 0.228729002177715 0.437668403983116 0.28914408236742 0.301782618463039
0.0888551602140069 0.0551613369956613 0.0133280691923574 0.00121146901510656 0.00116699029676965 0.000923764931212645 0.00134010078909341 0.00350665418663993 0.0540539452806115 0.0310252407216467 0.0618282687850297 0.13860415071249 0.107868276908994 0.118582980334759 0.25718138217926 0.223319414258003 0.0190353587735444 0.135531342215836 0.270616313815117 0.121648460626602 0.138772880285978 0.154590613394976 0.439995753765106 0.25296620875597 0.398030626773834 0.248107659816742 0.231579685211182 0.161285887658596 0.151829718798399 0.207046692073345 0.326756581664085 0.276946316659451 0.320392295718193 0.505797797441483 0.439588567614555 0.61371856033802 0.613556295633316 0.628700906038284 0.241803780198097 0.286967369914055 0.412029474973679 0.232009600102901 0.390944603085518 0.309832829236984 0.291496750712395 0.221250858902931
0.0638237304054201 0.0655085435137153 0.0750243136659265 0.0373654824914411 0.0139888386824168 0.00973233522381634 0.0138765982352197 0.00455899685039185 0.00493949051015079 0.0156015001237392 0.176385919936001 0.226952350139618 0.104811921715736 0.0859862949699163 0.0344695395091549 0.720249050855637 0.219769585132599 0.179212981462479 0.30793873667717 0.184881365299225 0.129102928191423 0.254336784780025 0.253284487128258 0.191325384378433 0.190913005173206 0.186637328565121 0.21533512622118 0.169534001499414 0.214756019413471 0.209968750178814 0.163664139807224 0.176466086506844 0.379673716425896 0.483401057124138 0.192951496690512 0.415742498636246 0.25380764901638 0.346140769124031 0.439605894684792 0.449927285313606 0.230800297856331 0.229917420446873 0.217332565784454 0.291886126995087 0.226957006752491 0.217248359322548
0.0693754117935896 0.0884305581450462 0.115917254984379 0.076461785286665 0.0787179287523031 0.0451899535953999 0.0064053536974825 0.00191277115336561 0.00733134492766112 0.0205504766665399 0.0211208316963166 0.00505318173673004 0.0286796615459025 0.0756019026041031 0.166193171963096 0.0557589532341808 0.0888428498059511 0.0255509598762728 0.139929283410311 0.109955867379904 0.11448820233345 0.119983468949795 0.223728275299072 0.237539693713188 0.161231461167335 0.166002939641476 0.198159413039684 0.169637350738049 0.147206400334835 0.261760796606541 0.157756748795509 0.191033819317818 0.218770270049572 0.318348222970963 0.43717126250267 0.188006138801575 0.333629876375198 0.33319636285305 0.318699221313 0.421493539214134 0.260845483839512 0.480513468384743 0.228664590418339 0.22832320779562 0.254705527424812 0.314429193735123
0.0809270769357681 0.08081099614501 0.108583182096481 0.301618386805058 0.14538909047842 0.0882969161495566 0.0226461973041296 0.00763552392600104 0.0029271843333845 0.00296532900538295 0.0188891053665429 0.0126768677029759 0.00482130881864578 0.0189932811073959 0.0685541555285454 0.0956633932888508 0.279715192317963 0.104212818108499 0.187051689252257 0.0998150609433651 0.104084003716707 0.100272090733051 0.287536129355431 0.457906499505043 0.209193879365921 0.174514508247375 0.162743931263685 0.173862515389919 0.144130351394415 0.210060754418373 0.182084190845489 0.305695930123329 0.207548516988754 0.42923846244812 0.227149663865566 0.20989345908165 0.536508947610855 0.438489052653313 0.276497879624367 0.540885877609253 0.224310597777367 0.264315088093281 0.230727282166481 0.239043362438679 0.148168656229973 0.198604436218739
0.0988512691110373 0.224664764106274 0.039825754519552 0.113392389565706 0.114686286449432 0.113625182956457 0.160490911453962 0.0132058699149638 0.00738475773832761 0.0096676001790911 0.00889610251178965 0.0139134825207293 0.0108529358170927 0.011037385603413 0.0178225533105433 0.0697327062487602 0.133313384652138 0.0628622480202466 0.253429733216763 0.234311254322529 0.143359728902578 0.184410483390093 0.151598340272903 0.198508115112782 0.168170272558928 0.168277499079704 0.167968463152647 0.359471988677979 0.169373679161072 0.145668882876635 0.174416662752628 0.310708168148994 0.352106007933617 0.578409731388092 0.429092824459076 0.200252384692431 0.244357015192509 0.556357043981552 0.473777794837952 0.273632334172726 0.224029804766178 0.224898384511471 0.240863837301731 0.231701888144016 0.216355881094933 0.202577768266201
0.132252607494593 0.45270733833313 0.133107766509056 0.0490906842052937 0.0389152703806758 0.124018161743879 0.0696735989302397 0.0557878458872437 0.0283741896040738 0.0145912281703204 0.0203476434573531 0.0153120785485953 0.0225646075792611 0.0438558516092598 0.0606966085731983 0.11744572147727 0.0906568393111229 0.121835988759995 0.0974430233240128 0.150025413185358 0.0105399436579319 0.312430618703365 0.132090598344803 0.132281465828419 0.190588404238224 0.13150734975934 0.171595324575901 0.139538069814444 0.170481342822313 0.137790165096521 0.168305489420891 0.165273936837912 0.167362713813782 0.334668385982513 0.119459977373481 0.192873518168926 0.201202207803726 0.25462758243084 0.220739494264126 0.31771696805954 0.223401074111462 0.217081287503242 0.214267966151237 0.213447616994381 0.204525777697563 0.198104855418205
0.0999412253499031 0.106702089682221 0.0714433094486594 0.0801330478861928 0.119801461696625 0.0666098188608885 0.108848206140101 0.102917072921991 0.211115554720163 0.0392691591754556 0.0151094222906977 0.0341250787489116 0.0214358016382903 0.0170413062674925 0.017775906343013 0.0197021468542516 0.0504283398389816 0.157065580785274 0.117233496159315 0.053998676687479 0.0244280396669637 0.185510616004467 0.100319423899055 0.0558771826326847 0.0588485321961343 0.197886595129967 0.150238133221865 0.148815679550171 0.308959656953812 0.359517788887024 0.308570392429829 0.392077645659447 0.338488852977753 0.210637478530407 0.460822911560535 0.134434716403484 0.200087350606918 0.266646932065487 0.212347428500652 0.210784943401814 0.204267635941505 0.203807972371578 0.201917566359043 0.235599525272846 0.208965618908405 0.1869823127985
0.128942479193211 0.102747859060764 0.0587996605783701 0.10906424857676 0.181622421741486 0.253035615384579 0.175231706351042 0.149626214057207 0.193771977722645 0.0504298012703657 0.0170975333079696 0.0480212131515145 0.0224549002945423 0.0112400997895747 0.0144613991491497 0.00931088007055223 0.116233156248927 0.205978447198868 0.182418535649776 0.199945309013128 0.178943409025669 0.118100246787071 0.124893451482058 0.105461109429598 0.13150547221303 0.296545751392841 0.149339016526937 0.143286362290382 0.176106347888708 0.420306199789047 0.404867738485336 0.312183907628059 0.260860721766949 0.442249900102615 0.456346753239632 0.219775511324406 0.189741864800453 0.266158108413219 0.271351924538612 0.199608005583286 0.192639343440533 0.194297994673252 0.200968641042709 0.201127369701862 0.192320820689201 0.182896363735199
0.157807562500238 0.222500619292259 0.23544891923666 0.418783608078957 0.181689725071192 0.137014956027269 0.26771847307682 0.189123769104481 0.133789490908384 0.134216871671379 0.00830871752114035 0.0205633715073282 0.0322712170425802 0.0126021653646603 0.0189159522298723 0.0333975915797055 0.177217967808247 0.064353746548295 0.0793442855589092 0.148014833778143 0.147225239127874 0.13058817833662 0.142918578162789 0.0241770130349323 0.129197625629604 0.306232892721891 0.165032997354865 0.152971179038286 0.216068679094315 0.30371196269989 0.123713458701968 0.256557413190603 0.492627164721489 0.421437174081802 0.208750514686108 0.202573184669018 0.202422025799751 0.194041866064072 0.188778018951416 0.187046183645725 0.184850020706654 0.179594650864601 0.188320142030716 0.202136060595512 0.198411789536476 0.103856012225151
0.181903301179409 0.220087219774723 0.11612189784646 0.240596716105938 0.169122882187366 0.115240307152271 0.181918880343437 0.238877083361149 0.170174007117748 0.0890047234483063 0.0592893512919545 0.0116969848284498 0.0474905375391245 0.0197539486456662 0.0162813358474523 0.0562317501753569 0.180155755579472 0.10692570861429 0.235358264297247 0.150523605197668 0.142440950125456 0.285184375941753 0.0952626639045775 0.312804485857487 0.273677985370159 0.231665866076946 0.291082942485809 0.324684199690819 0.171648120880127 0.215516249835491 0.373610207438469 0.335853500664234 0.250768563896418 0.271581298112869 0.273179584741592 0.207201579213142 0.317087903618813 0.557629463076591 0.20534508228302 0.173854798078537 0.221778856217861 0.181129764020443 0.431304386258125 0.198563787341118 0.205615057051182 0.300918501615524
0.184656764380634 0.333141954372695 0.149301388114691 0.120618227124214 0.11863254532218 0.119318330287933 0.120323862880468 0.150714260339737 0.429396292567253 0.0779341869987547 0.0703559855930507 0.0107771358219907 0.0569148484617472 0.0674075273796916 0.0105084840324707 0.0292457082308829 0.0241688279435039 0.0124193349387497 0.237160126119852 0.215690444409847 0.158179575204849 0.134740599244833 0.192653247714043 0.100440540164709 0.240204314887524 0.13966458439827 0.256607237458229 0.212689943611622 0.242988653481007 0.178523027896881 0.252118167281151 0.440268582105637 0.378241494297981 0.413318294286728 0.165872693061829 0.176594068109989 0.237666457891464 0.324904638528824 0.203881101310253 0.165784175693989 0.193444928526878 0.199847668409348 0.448304790258408 0.487814089655876 0.508280199766159 0.193764755874872
0.0218558059888892 0.0710235341452062 0.243234713375568 0.144212791323662 0.1176413603127 0.118115586042404 0.141004255414009 0.397536745667458 0.126768451184034 0.249162605404854 0.0554588489234447 0.0656906311400235 0.0353683364577591 0.0362879351712763 0.124773050844669 0.0402204869315028 0.0484924823045731 0.0224110855720937 0.160818995535374 0.096267253626138 0.0184507239377126 0.412646625936031 0.153027837350965 0.229352942109108 0.192687450349331 0.179749258607626 0.341001826524734 0.300476491451263 0.304315006732941 0.149127250164747 0.156230774521828 0.166565059125423 0.16465006172657 0.16929515376687 0.171406598389149 0.168183284252882 0.180762931704521 0.199741205573082 0.263030444085598 0.425668433308601 0.300575689971447 0.211520470678806 0.425392156839371 0.636401584744453 0.830322265625 0.0144746684469283
