Scripts_&_data/Maxent_result_files_1/Bombus_soroeensis_2.asc
NCOLS 594 
NROWS 330 
XLLCORNER -15 
YLLCORNER 23 
CELLSIZE 0.166666666666667 
NODATA_value -9999 
[rows 147 to 167 of 330, columns 368 to 413 of 594]
0.0265086207538843 0.0212515572085977 0.0186994433403015 0.0252632685005665 0.0130265165120363 0.01760517321527 0.0267523752525449 0.0170252335257828 0.0112640220671892 0.0138025757856667 0.00711131398566067 0.00886849849484861 0.00834726402536035 0.00475687657017261 0.00890390654094517 0.0100745804607868 0.0136840751394629 0.0131149169057608 0.0585540771484375 0.0408482490107417 0.00854650256223977 0.00744091672822833 0.00362895287107676 0.0163931958377361 0.0102364638820291 0.00660025244578719 0.00937285586260259 0.00708096409216523 0.00515489643439651 0.0146352428942919 0.0199391167610884 0.00583874606527388 0.00512135548051447 0.00582939777523279 0.00579132148995995 0.00551087316125631 0.00528159523382783 0.0073384759016335 0.00459640775807202 0.00416240172926337 0.00492877771612257 0.00466057150624692 0.0043083546217531 0.00448555438779294 0.00386600566562265 0.00372785066720098
0.0183358335867524 0.0137404726818204 0.0244735391810536 0.0233686933293939 0.0154437201097608 0.0145327229984105 0.0151635462418199 0.0229940740391612 0.0139783559367061 0.0119242995046079 0.00989743014797568 0.00868671662174165 0.0374518875032663 0.0161207647062838 0.0210862273350358 0.0111193240620196 0.0108630799222738 0.0138714796863496 0.0081663335673511 0.00829988131299615 0.00495753830764443 0.0109308148734272 0.249162398278713 0.501180335879326 0.0192593936808407 0.016356241889298 0.00812147175893188 0.00685523273423314 0.00643247291445732 0.00546671492047608 0.00566086461767554 0.00507547606248409 0.00587270907126367 0.00670313937589526 0.00838696118444204 0.00659274291247129 0.0060315215960145 0.00542785977013409 0.00479988097213209 0.00477948822081089 0.00427593153435737 0.00398999364115298 0.00353967933915555 0.00360205920878798 0.0041166222654283 0.00356998725328594
0.0241181287914515 0.0743490412831306 0.0163170386105776 0.01686125183478 0.0168659746646881 0.013286273367703 0.00999948475509882 0.0101166783832014 0.0112325040623546 0.0119102729484439 0.0109305475372821 0.00715140146203339 0.156888423115015 0.0169854908250272 0.0176441879943013 0.00425047550816089 0.00562971197068691 0.00990379117429257 0.00977381975390017 0.00770578254014254 0.00918739046901464 0.160316314548254 0.0259311143308878 0.00833727633580566 0.00666562006808817 0.00546099096536636 0.00677252546884119 0.00850960910320282 0.00616230401210487 0.00731327184475958 0.0082305183634162 0.00845339433290064 0.0128248253837228 0.0114487708546221 0.0087560121435672 0.0136388168670237 0.011451496463269 0.00541949095204473 0.00442197415977716 0.00429016086272895 0.00394243665505201 0.00408977698534727 0.00382638580631465 0.00345125936437398 0.0045266589615494 0.00602225922048092
0.0124977516010404 0.0124082497321069 0.0159942812286317 0.0151957474648952 0.011565809790045 0.0116231114603579 0.0112774168141186 0.0115581406280398 0.0154659014195204 0.0101337539963424 0.00644037812016904 0.00618952289223671 0.0142363433726132 0.0160516378469765 0.00616683647967875 0.00575451413169503 0.00545701174996793 0.0062619986012578 0.00838972958736122 0.00602920427918434 0.0206228317692876 0.00597492908127606 0.00493353556375951 0.00482704325113445 0.00477434610947967 0.00428555679973215 0.00534828081727028 0.00564824992325157 0.00894358889199793 0.00381859261542559 0.00422261317726225 0.00460530642885715 0.010711582377553 0.00961604937911034 0.0166486431844532 0.0109144982881844 0.00617896541953087 0.00526707672979683 0.00388067073654383 0.00341622841078788 0.00325291014742106 0.00318083758465946 0.00343504215124994 0.00380581791978329 0.00302449932787567 0.00314192946534604
0.00813656486570835 0.00670005986467004 0.0102124778088182 0.00643247393891215 0.0093461147043854 0.0112838248722255 0.00826418492943048 0.00841707680374384 0.0085132741369307 0.00806646039709449 0.0061087520327419 0.010040583787486 0.0173342810943723 0.00729876747354865 0.00580799989402294 0.005904346331954 0.00623599346727133 0.00614129998721182 0.0056643312331289 0.00704694949090481 0.0054381072986871 0.00501593393273652 0.00559309902600944 0.00442776433192194 0.00384408617392182 0.00358047995250672 0.00437057914678007 0.0040088817011565 0.00360848887357861 0.00336498250253499 0.00417379564605653 0.00473644931335002 0.0050138252787292 0.00502731914166361 0.00550483968108892 0.0403420757502317 0.00983482878655195 0.00662171333096921 0.00546300113201141 0.00672808988019824 0.0034976604860276 0.00316043535713106 0.00372388979885727 0.00279600985813886 0.00334214349277318 0.00262711135437712
0.00960475052706897 0.00733277904801071 0.00593738975003362 0.00612071822397411 0.00710373702459037 0.00846229009330273 0.00523487408645451 0.00881400336511433 0.00694454745389521 0.0107391910627484 0.018101856764406 0.0125972858164459 0.00930985952727497 0.00529369642026722 0.00531158777885139 0.00510997723322362 0.00518904014024883 0.00532269566319883 0.00532428668811917 0.00519087929278612 0.00486823902465403 0.00459681167267263 0.00419666483066976 0.00396814516279846 0.00366754052229226 0.00369044938124716 0.00371598768979311 0.00523973263334483 0.00398526836652309 0.00401945621706545 0.00515379633288831 0.00522754844278097 0.00492332049179822 0.00455318600870669 0.00417358751874417 0.00412069314625114 0.00375974262133241 0.00459600866306573 0.00986420190893114 0.00799044575542212 0.00409377119503915 0.00372977498918772 0.00259621219011024 0.0035001419018954 0.00264060872141272 0.00317643652670085
0.00632879044860601 0.00872323191724718 0.00611545760184526 0.00627418775111437 0.0114130576141179 0.00731672653928399 0.00670326091349125 0.0159949244000018 0.00963504463434219 0.00535254189744592 0.0030102665652521 0.00947196348570287 0.00486467219889164 0.00474967858754098 0.00449607686605305 0.00453921959269792 0.00441412155050784 0.00564230559393764 0.00465419727843255 0.00499873240478337 0.00425794860348105 0.004167385911569 0.00350978067144752 0.00362922451458871 0.00306261111982167 0.00321410989854485 0.00351850187871605 0.00347960747312754 0.00341993533074856 0.00355050466023386 0.00373325764667243 0.00490529609378427 0.00360509741585702 0.00351350007113069 0.00386672329623252 0.00405880301259458 0.00354346341919154 0.00369622418656945 0.00311067067086697 0.0028810721822083 0.00696425880305469 0.00876670340076089 0.00410584998317063 0.00317105441354215 0.00296265280339867 0.00257507909554988
0.00777462394908071 0.00654903147369623 0.00921810870058835 0.0091403694357723 0.0101856070104986 0.011472047958523 0.00517639415338635 0.00690264701843262 0.00602704957127571 0.0120424029417336 0.00638603758998215 0.00389967144001275 0.0037304971832782 0.00384504762478173 0.00371856272686273 0.00395947084762156 0.00446477173827589 0.00392940288875252 0.00407756923232228 0.0040057594422251 0.00372125648427755 0.00377260947134346 0.00376876203808933 0.00376635557040572 0.0035179773112759 0.00297147785313427 0.00310117707122117 0.00375214787200093 0.0047232277225703 0.00434476004447788 0.00359657956287265 0.00355499133002013 0.00380537398159504 0.00425785523839295 0.00349418569821864 0.00356700764968991 0.00366620577406138 0.00345135058742017 0.00325926607474685 0.0028555111726746 0.00271092156181112 0.00301009637769312 0.00331501453183591 0.00420433029066771 0.00353137452621013 0.00326628612820059
0.00658464478328824 0.0103242097888142 0.00948202982544899 0.00843440084718168 0.00723740700632334 0.00604289397597313 0.0177129969000816 0.0142145211808383 0.0345496907830238 0.0150024067610502 0.00465411199256778 0.00404723933897913 0.00367096408735961 0.00395194564480335 0.00914671011269092 0.00379028341267258 0.00324149201624095 0.00317356600426137 0.00484493176918477 0.00372770673129708 0.00731922956183553 0.00682751429267228 0.00687375133857131 0.00797555330209434 0.00392096603754908 0.00384778426960111 0.00460965146776289 0.00343155083246529 0.00453090926166624 0.00402362872846425 0.0050231842091307 0.00682447790168226 0.00449244389310479 0.00319349409546703 0.00380484280176461 0.00433257091790438 0.00307024677749723 0.00335601908154786 0.0031552433501929 0.00366970631293952 0.0034573795972392 0.00268156001111493 0.0024741813656874 0.00259267257060856 0.00314199898857623 0.00296935685910285
0.0073636494576931 0.00852199899964035 0.00564013933762908 0.0078570419922471 0.00526649849489331 0.0121547885704786 0.00521012372337282 0.00533712089527398 0.0141225067898631 0.00453452647197992 0.00404587949160486 0.00349515455309302 0.00448436259757727 0.00611442583613098 0.00550218464341015 0.00342970178462565 0.00403215470723808 0.00339495383668691 0.00361215870361775 0.00566483391448855 0.00531217860989273 0.00676299217157066 0.00862121279351413 0.00879758768714964 0.00746724531054497 0.00626007542014122 0.00596694694831967 0.00453567374497652 0.00584875969216228 0.00568867556285113 0.00610172674059868 0.00510977148078382 0.00419446628075093 0.00450171551201493 0.00354810636490583 0.00284651757683605 0.00264188949950039 0.00316372602246702 0.00442093613091856 0.00273653729818761 0.00262768028769642 0.00220758048817515 0.00211965371854603 0.00332493793684989 0.0020712573081255 0.00261540078790858
0.00521125018130988 0.00399845992214978 0.0415060246363282 0.0128106728196144 0.00589468656107783 0.00617100312374532 0.0064300328027457 0.00594545155763626 0.00809333818033338 0.00778326019644737 0.00783238699659705 0.00718186115846038 0.0064077019225806 0.00667189140804112 0.00605785755906254 0.00522288572974503 0.00402215211652219 0.00480444272980094 0.00476984842680395 0.00487680004443973 0.00526193859986961 0.00588393360376358 0.0066017484292388 0.00831035976298153 0.00909903976134956 0.0078242676332593 0.00715363388881087 0.00614335257560015 0.00588970126118511 0.00728190587833524 0.00529185924679041 0.00586171380709857 0.0058536390773952 0.00358069983776659 0.00521698393858969 0.00523299321066588 0.00492483810521662 0.00209912884747609 0.00235373434843496 0.0023526539793238 0.00265223613241687 0.002155507565476 0.00211037694243714 0.00189974601380527 0.00196415013633668 0.00225142312701792
0.00214286068221554 0.00557688884437084 0.00487138340249658 0.00394624217879027 0.00376282937359065 0.00472263521514833 0.00483350961003453 0.00607672124169767 0.00603190241381526 0.00757892713882029 0.00785462493076921 0.00760011803358793 0.00617772405967116 0.00617330265231431 0.00542301766108721 0.00499203077051789 0.00515234244521707 0.00432863959576935 0.00507533233612776 0.00438259155489504 0.00532315319869667 0.00640833999495953 0.0064933366375044 0.00717426822520792 0.00692924307659268 0.00777566116303205 0.00783424046821892 0.0068982657045126 0.00805647922679782 0.00745835150592029 0.0050676325103268 0.00505491585936397 0.00482921157963574 0.00472430374938995 0.00508823317941278 0.00502487951889634 0.00444799116812646 0.00403392498847097 0.00527246326673776 0.0040533094201237 0.00315990860108286 0.00348514248616993 0.00400569166522473 0.00379886501468718 0.00319652617909014 0.00299193514510989
0.00302662593312562 0.00493104103952646 0.00372637885157019 0.00457031095866114 0.00612347251735628 0.00437529627233744 0.00461574757937342 0.0049022916238755 0.00547766191884875 0.00633294805884361 0.00334711780305952 0.0110364585183561 0.00569847209844738 0.00640534420963377 0.00519799734465778 0.0065816285321489 0.00486077554523945 0.00532286416273564 0.00408344627358019 0.00478543487843126 0.00474857606459409 0.00428969252388924 0.00453608026728034 0.00607399542350322 0.00593831781297922 0.00703294412232935 0.00724910418502986 0.00724662728607655 0.00696423659101129 0.00648571837227792 0.00620065359398723 0.00561914753634483 0.00550092731136829 0.00390351042151451 0.00438117848243564 0.00782538703642786 0.00486824405379593 0.00679379934445024 0.00580943180248141 0.00588512411341071 0.00462811004836112 0.00391667648218572 0.00357849097345024 0.00322451159590855 0.00268565473379567 0.00262060372624546
0.00321571752429008 0.00401783839333802 0.0046984538435936 0.00380774354562163 0.00327837350778282 0.0033003997290507 0.00417695946525782 0.00561585607938468 0.00585249608848244 0.00631117862649262 0.00655210679396987 0.00562775616999716 0.00592985595576465 0.00618135973345488 0.00669996333308518 0.00571714465040714 0.00528613396454602 0.00474632298573852 0.00466619511134922 0.00424588189925998 0.00324641894549131 0.00369555151555687 0.00424745709169656 0.00473648144397885 0.00477135402616113 0.00594750056043267 0.00547912959009409 0.00462601403705776 0.00485717055853456 0.00560795832425356 0.015013028960675 0.00494952283333987 0.0042131234658882 0.00510749376844615 0.00529455109499395 0.00455261555034667 0.00516199301928282 0.00530935667920858 0.00480583764147013 0.00784049965441227 0.0075957418885082 0.00490502614993602 0.00413059135898948 0.00392213293816894 0.00291760517284274 0.00322839391883463
0.00546131632290781 0.00276602170197293 0.00257154444698244 0.00389742245897651 0.00439194487407804 0.00434164763428271 0.0045412908308208 0.00489050596952438 0.00527283025439829 0.00586140188388526 0.00678630042821169 0.00548746334388852 0.00610601264052093 0.00619123794604093 0.00614947648718953 0.00539127890951932 0.00447736296337098 0.00379400451201946 0.00397633786778897 0.00330290102865547 0.00331525169312954 0.00307584167458117 0.00359726990573108 0.00385628431104124 0.0047857720637694 0.00409717760048807 0.00399711907375604 0.00488973211031407 0.00256264238851145 0.00367569385562092 0.00376104332972318 0.00494117420166731 0.00405469601973891 0.00496561981271952 0.00419318692293018 0.00445292431395501 0.00424817993771285 0.00407661935314536 0.00371138076297939 0.00359574358444661 0.00443531461060047 0.00387888408731669 0.00397805592510849 0.00406966665759683 0.00341265929164365 0.00348991375649348
0.00500459931790829 0.00472137473989278 0.00416022446006536 0.00374771445058286 0.00444987937808037 0.0042171339970082 0.0042812179075554 0.00520231067202985 0.00641107824631035 0.00687090528663248 0.00650935587473214 0.00652620098553598 0.00551138354931027 0.00540404780767858 0.00477049904875457 0.00506881973706186 0.00405827278736979 0.00380382835865021 0.00443516350351274 0.00364572298713028 0.00311233839020133 0.00293183941394091 0.00292708310298622 0.00300824553705752 0.00317056232597679 0.0032865468878299 0.00396538055501878 0.00404651593416929 0.00405150598380715 0.00404490369837731 0.0043318607378751 0.00417646321002394 0.00364694728050381 0.00369078579824418 0.00358843426220119 0.00378058017231524 0.00453516554553062 0.00396886854432523 0.00358911186922342 0.00328423101454973 0.00393318822607398 0.00330467561725527 0.00353410132229328 0.0033051056554541 0.00280239759013057 0.00313090782146901
0.00600184351205826 0.00393207578454167 0.00416728619020432 0.00341452937573195 0.005646259826608 0.00602402249351144 0.00577190646436065 0.00652132912073284 0.00660999633837491 0.00549850724637508 0.00638531728181988 0.00553668448701501 0.00528626516461372 0.00500577751081437 0.0054443794535473 0.00496527270879596 0.0037715005222708 0.0035224424675107 0.00334427510388195 0.00297995645087212 0.00291545640211552 0.00336289446568117 0.00282743510324508 0.00290704383514822 0.00291630449937657 0.00358139525633305 0.00343644978711382 0.0037855590460822 0.00323093702318147 0.00286810775287449 0.0030430837534368 0.00305334117729217 0.00312665856909007 0.00306615442968905 0.00312361996620893 0.0030194943305105 0.00317275763954967 0.00308104648720473 0.0031981629319489 0.00318095919210464 0.00379047563765198 0.00278809579322115 0.00275825895369053 0.00289802139159292 0.00307736974209547 0.0027622674126178
0.00649522370658815 0.0058685916941613 0.00597191788256168 0.00504381428472698 0.00586412353441119 0.00629449568223208 0.00527509313542396 0.00602054842747748 0.00511458511464298 0.0052849568426609 0.00535340616479516 0.00596591758076102 0.0050333010032773 0.00527092448901385 0.00414979744236916 0.00369052963797003 0.00364943530876189 0.00330572111997753 0.00316135326866061 0.00357168823247775 0.0032980494084768 0.00330564444884658 0.00288117307936773 0.00429113863501698 0.00273445590864867 0.00283605528529733 0.00338161995168775 0.00286759790033102 0.00266965231858194 0.00331056939903647 0.00280483127571642 0.00248299408704042 0.00394497986417264 0.00265780105255544 0.0026468304102309 0.00263447690522298 0.00267570860451087 0.00275359712541103 0.0027500465628691 0.0027070940239355 0.00285434608813375 0.00281868759775534 0.00275345821864903 0.00261563652893528 0.00258130957372487 0.0026939999894239
0.00669604639988393 0.00601399529259652 0.00518386382609606 0.00620879724156112 0.00602934812195599 0.00633584272582084 0.00504929623566568 0.00508633041754365 0.00488438399042934 0.00492938801180571 0.00501877430360764 0.00494175415951759 0.00461945338174701 0.00427317994181067 0.00473515256308019 0.00374289595056325 0.00352801496628672 0.0033171022310853 0.0036108257714659 0.00354211893863976 0.0028724773786962 0.00341518990462646 0.00280885908287019 0.00312266825931147 0.00271780909970403 0.00268166043097153 0.00317527505103499 0.00266397835221142 0.00253966418094933 0.00262248039944097 0.002591004781425 0.00276100561022759 0.00288718303199857 0.00258870123652741 0.00244603507453576 0.00241298337932676 0.00242492710240185 0.0024002771708183 0.00246257381513715 0.00247233742848039 0.0024968023179099 0.00251938176807016 0.00256470004096627 0.00254804431460798 0.00273290425539017 0.00266164463246241
0.0037881443859078 0.00634906799532473 0.00723429801873863 0.00624588066712022 0.00664423611015081 0.00488934649620205 0.00487293102778494 0.00481490509118885 0.00458816662430763 0.00468191164545715 0.00453024117741734 0.00424133718479425 0.00421915920451283 0.00411514395382255 0.00385289094410837 0.00362308479379863 0.00339416509959847 0.00320986073929816 0.00306119245942682 0.00285476981662214 0.0027686056913808 0.00269673352595419 0.00311342040076852 0.00264009988168255 0.00258587598800659 0.00263763199327514 0.00248958778101951 0.00255837552249432 0.00343884967733175 0.00277309974189848 0.00243389996467158 0.00242581637576222 0.00237443518126383 0.00238614542176947 0.00232296972535551 0.00229239005129784 0.00273399634752423 0.00222474893089384 0.00219451878219843 0.00224772454239428 0.00235364885302261 0.00231812793063 0.00227511716075242 0.00259810107527301 0.00232487641042098 0.00239880450535566
0.00783257773146033 0.00678260293789208 0.00667652050033212 0.0132281230762601 0.0071494665928185 0.00553198796696961 0.0048145255073905 0.00449568971525878 0.00432804627344012 0.00427042718511075 0.00496403344441205 0.00467995118815452 0.00368011903483421 0.00363521582912654 0.0034621610539034 0.003277353849262 0.00319926638621837 0.00304834197741002 0.00290876848157495 0.00279090645490214 0.00269021833082661 0.00262145599117503 0.00258249818580225 0.00257851810893044 0.00251052076928318 0.00244404608383775 0.00239487603539601 0.00238243800122291 0.0024001133046113 0.00307043041102588 0.00254995732102543 0.00218511639395729 0.0021638446371071 0.00214565900387242 0.00214715569745749 0.00216304090572521 0.0021031379699707 0.00210019102087244 0.00206862650811672 0.00206834133714437 0.00245008365018293 0.002047027007211 0.00206427375087515 0.00211451856885105 0.00216134899528697 0.00226556146517396
