Scripts_&_data/Maxent_result_files_1/Bombus_persicus_2.asc
NCOLS 594 
NROWS 330 
XLLCORNER -15 
YLLCORNER 23 
CELLSIZE 0.166666666666667 
NODATA_value -9999 
[rows 280 to 299 of 330, columns 405 to 449 of 594]
0.00146965409512632 0.000956487879739143 4.61939988781523e-05 8.5520549021112e-06 7.62251615356035e-06 4.18330182583304e-06 1.87193775360583e-06 1.33377159698966e-06 6.86127401081649e-06 1.84332392564102e-05 1.86222517413626e-05 1.78522326223174e-05 1.32170715801294e-05 1.57557058855673e-05 7.10290672145675e-06 3.51422043536331e-06 7.43477924061153e-06 1.45428986471074e-06 2.74927066357122e-06 4.25713806180283e-06 4.31603616277698e-06 6.87151153897503e-06 2.28158804020495e-05 0.00182943530962802 0.000506692208000459 4.64803414956805e-06 1.34693107298744e-06 3.55109765592942e-07 7.76127714985364e-08 5.22708375139125e-08 4.93345666652267e-08 5.70277706724021e-08 5.88492899078474e-08 5.30968392586928e-08 4.65681250894079e-08 4.83247121429997e-08 6.37054280994143e-08 8.23525806881165e-08 9.83693581702028e-08 1.19894795891362e-07 9.50066183946774e-08 1.38084764378377e-07 3.31680306775439e-07 2.06653660050904e-07 5.62296164652309e-07
0.000857350217120256 0.000597528090293054 5.56790131668095e-05 8.32529169656482e-06 8.04472414301927e-06 4.12789879931097e-06 1.2210004619817e-06 9.79430115322088e-07 1.78386641493944e-06 1.28196524087798e-05 1.60552059696784e-05 1.55649718522e-05 9.90091264156945e-06 9.36746888555717e-06 9.35159918640238e-06 3.8458407516373e-06 1.49253909427216e-06 9.56612934288614e-07 3.79340671372574e-06 1.09477194882857e-05 3.44844670223665e-06 5.21105457096382e-06 1.19704499070394e-05 1.26723652783767e-05 1.72495597439593e-05 8.38435349805877e-06 4.83131034911821e-06 1.13520790591792e-05 2.2363415022042e-07 6.1723481370457e-08 4.27339191810816e-08 2.96072084515764e-08 3.26322897481468e-08 3.47042474535542e-08 3.02154254283593e-08 3.38546789047101e-08 5.31078527932216e-08 8.1299529397505e-08 1.27127623406054e-07 1.91615425704228e-07 1.08590101310924e-07 7.09563443113126e-08 2.0746959963347e-07 2.31441652775999e-07 4.69696339422399e-07
0.000670914755028207 0.000633696639852133 0.000954403355717659 0.000196075803614804 6.85685358803312e-05 2.47754366711206e-06 1.13445554497105e-06 1.01002440011655e-06 9.44467847929786e-07 1.91987698201501e-06 3.8679841566136e-06 6.16139543581085e-06 6.61932598404746e-06 6.9288939641865e-06 6.02273678964593e-06 2.22004556746924e-06 1.46118320714095e-06 1.40081846922158e-06 2.07069578408436e-06 5.81103135459671e-06 1.16726713486059e-05 3.34413911957654e-06 5.33297480842521e-06 5.05844429881108e-06 3.73804734408623e-05 0.000470788957318291 6.37173976656413e-06 1.71426175711531e-05 1.24846991340632e-06 2.88102362944187e-07 5.51656511138532e-08 2.26608397158046e-08 1.89025537222776e-08 1.61062925441158e-08 1.48555294732233e-08 1.63454423218745e-08 4.46250009944471e-08 6.41000870493791e-08 9.09650347935553e-08 1.33756739417734e-07 1.08823234223898e-07 5.09125599568172e-08 1.0398258640798e-07 1.9057282401036e-07 3.90583958598256e-07
0.000812919547024649 0.00333497326355427 0.000631540911854245 0.000228370696095226 4.74727595246804e-05 1.58165733864735e-05 5.27968973074167e-06 3.90183320746473e-06 1.309066885824e-06 9.91129699556836e-07 1.54689480638126e-06 4.36991353183203e-06 1.10430192535205e-05 2.15995379676315e-05 1.47333973245622e-05 4.7803276970626e-06 1.99950290635798e-06 1.50139986487829e-06 2.07183891944851e-06 1.12170048396365e-06 1.91900426500524e-06 7.60319903747586e-06 0.000104413144254067 9.36981158474737e-06 1.98895296762203e-05 3.70156096323626e-05 0.000333706311357673 4.57526530681207e-05 1.11744064838604e-05 2.86778307838631e-06 1.17579150304969e-07 4.148012558991e-08 2.36466935255031e-08 1.86167081306365e-08 1.7430366039406e-08 1.44317620076606e-08 1.72116249474996e-08 3.83802158054891e-08 5.23044991984634e-08 6.42954174012722e-08 6.64912021219877e-08 7.08447269737178e-08 1.00133821789861e-07 1.52589413282556e-07 2.73464354005881e-07
0.000423603846866172 8.68602144691977e-05 0.000228422664440586 1.86662217402045e-05 1.70390380844765e-05 1.67715185909856e-05 1.33826522301206e-05 1.01018696341271e-05 2.98554564466258e-06 2.44674852325488e-06 1.77939476131428e-06 4.00900010788519e-06 1.74054026501835e-05 2.00178826389674e-05 3.60385368367133e-05 0.000149239337952167 6.08377321441367e-05 8.40851594716696e-06 2.2571486653078e-06 1.28054314103565e-06 1.22018307706639e-06 1.99818526027684e-06 3.92435255889723e-05 6.92741154125542e-05 1.05588057181194e-05 5.8325549446181e-06 9.93769360775332e-06 0.00114722676808015 0.000505514233373106 0.000220330390584422 8.08215996173089e-07 3.91957621359573e-08 2.89799162112025e-08 2.654018285142e-08 2.61759155462116e-08 2.16156571641868e-08 1.2733809628962e-08 1.91000864568913e-08 3.92792491754612e-08 3.76450323136268e-08 4.37945121833927e-08 6.36954367028153e-08 9.02197681007522e-08 1.52903813122052e-07 2.9333836399914e-07
5.49100338844255e-05 0.00129026139475172 3.93765357330267e-05 0.000107021888652525 2.67087639713282e-05 1.08738211963555e-05 3.30550919102279e-05 1.05731500980255e-05 4.52887141477731e-06 3.41435259372247e-06 4.36621160986306e-06 1.84063595654038e-06 4.153750057867e-06 1.3188081197768e-05 1.19816969117892e-05 0.000846036657458171 0.000439925071259495 0.000481622759252787 5.57795232452918e-05 3.61079216304461e-06 8.4718341554435e-06 5.948143899559e-06 2.0371210553094e-06 4.77087170906998e-06 9.96914924371595e-06 6.55866174099629e-06 7.08100493511665e-06 9.50573837599222e-06 2.13869132721811e-05 1.25287102946459e-05 3.90948115214229e-07 5.26369793307779e-08 3.41027799555249e-08 2.83198846595667e-08 2.94229893893494e-08 2.15323942565071e-08 1.4039757278983e-08 1.92676831156646e-08 3.12951804137818e-08 3.08773577373245e-08 4.1498570058085e-08 5.56680342933547e-08 9.63109130003303e-08 1.61181149627154e-07 6.14775489538033e-07
9.87193173074274e-06 1.23533193473691e-05 7.12685751267372e-06 3.59968638079522e-06 4.76260783912608e-06 6.31194826610226e-06 6.60779006693701e-06 9.74962607642738e-06 5.26617002094554e-06 3.16825243089625e-06 1.88845645539004e-06 1.49180915371971e-06 9.90620914720353e-07 1.62318114149684e-06 5.14253426331379e-06 8.83937170783611e-06 4.44125268586504e-05 0.00022108457997092 1.01270557252064e-05 9.4590896878799e-06 0.000138272697404318 5.32201728162818e-06 3.60374676517949e-06 4.3707988766073e-06 5.04798243241566e-06 7.98882849721849e-06 1.1904450207112e-05 0.000156907999007672 8.87612101223567e-06 0.000341416514129378 2.27315807251216e-05 2.15327048325165e-07 4.39348046499255e-08 2.43937345434375e-08 2.65818782430038e-08 2.49392314799479e-08 2.06399799806967e-08 2.32339826045092e-08 3.89657095811735e-08 3.53320241397448e-08 3.84929469410267e-08 6.65597579607713e-08 9.11502608724746e-08 1.53758006238292e-07 1.97538572876965e-06
9.50931159877655e-06 3.55015463242125e-05 3.63955120761261e-06 3.81956427418118e-05 2.24775246913111e-06 2.46663809413405e-06 3.99836886231242e-06 3.80855629913412e-06 4.78811900848086e-06 2.74889757676533e-06 2.57970329755608e-06 3.63325203522891e-06 1.77674258381444e-06 1.34931628110735e-06 1.55902274485697e-06 8.88126262452715e-06 7.68361568930231e-06 8.83627004100163e-06 1.20453524800723e-05 0.000122202587226639 0.000782003143103793 0.00322334272204898 0.000624046821758384 5.09134913954767e-05 1.86382505262372e-05 7.77218926486967e-05 7.73674769902755e-06 1.24446433233061e-05 1.0733128397078e-05 0.000179451526128105 0.000101481711044471 2.86000130103048e-06 1.3038441086799e-07 2.85168409330794e-08 2.24951354321767e-08 2.50792672740197e-08 2.63636120600985e-08 2.56250301755578e-08 2.6745723846755e-08 2.48003911296202e-08 3.44905667248874e-08 6.60287183484876e-08 8.27517026680269e-08 1.28817017541749e-07 1.30551677344215e-06
3.9845879598488e-06 1.26049214259183e-05 6.32928831237223e-05 3.47500586713068e-05 1.83487440054364e-05 1.39820686211323e-06 2.05714814768498e-05 1.32938664933135e-05 4.23846791264282e-06 1.71375758135639e-06 3.18742427509733e-06 3.12919982974336e-06 1.48662362065011e-06 1.88518041923658e-06 3.22568661346168e-06 4.71000133472899e-06 4.04260545394663e-06 6.27405912609902e-06 9.67106882967528e-06 0.000130631525644276 0.0017825995979365 0.00713204172207043 0.0125180868664756 0.00056272720976267 3.07603402234236e-05 1.85576505600693e-05 1.08951782976874e-05 2.00923686634269e-05 0.000494546806294238 2.50430590313044e-05 5.69608934711141e-05 2.60213087130978e-05 4.20041220827727e-07 6.85107606979152e-08 3.19771963130933e-08 2.30086696362264e-08 2.19793389710787e-08 1.90974422387136e-08 1.93274547144462e-08 1.4581145169057e-08 2.56625712458103e-08 4.34060099752109e-08 5.44483099940152e-08 1.18506216750802e-07 6.04596334952134e-07
1.35946786308239e-06 1.18573846137338e-06 1.52779474404952e-06 1.25121150773566e-06 1.78066070475325e-06 2.647560791047e-06 3.23966273754195e-05 1.18427643940322e-06 3.21802364737778e-06 1.36159131081115e-06 1.72914153324655e-06 2.98093318775727e-06 2.84396114977881e-06 5.78760645169041e-06 3.98668528305279e-06 2.94565501803845e-06 2.87169491457462e-06 3.02226384008009e-06 3.86582467228891e-06 6.2873432170818e-06 2.06398639647887e-05 2.43689284388893e-05 0.000301441758892906 0.00358244065428153 0.000775614086887799 0.000823015029891394 0.000780704188218806 3.36443683409016e-05 2.62537279468233e-05 3.74570538951957e-05 2.2490703895528e-05 2.03460797820298e-05 2.87743900742043e-06 9.35860614559303e-08 3.65263964297036e-08 2.79888143217555e-08 2.23013906119895e-08 2.01798909360562e-08 2.07451663292169e-08 1.74790361961996e-08 2.14758231753542e-08 3.1459273142076e-08 4.02864619442056e-08 1.3953276551959e-07 2.67986262088016e-06
0.000227850847477384 3.33847071516402e-06 1.11646406661947e-06 6.35883965216522e-07 1.86831337742888e-06 1.7163995622127e-06 6.57739226284093e-07 3.3375333945429e-07 6.92569857108083e-07 1.46701688947815e-06 1.27998394905404e-06 2.65204931508833e-06 4.56728134849982e-06 5.57129693561365e-06 4.52222031981364e-06 4.2233025880023e-06 3.28869574559576e-06 3.12821537420405e-06 2.9444399700651e-06 3.09406018317304e-06 2.03519105980376e-05 0.000170599612829392 0.000623017903126311 0.00174586608773097 0.000624678061285522 0.00152845086704474 0.00735359413083643 0.0233745719306171 0.00994177157990634 0.0020538798358757 1.35743614009698e-05 1.86262553711458e-05 3.73553747010646e-06 3.09068313342209e-07 1.20584894913733e-07 5.11350990217707e-08 3.68885836987687e-08 3.74916209078258e-08 3.03607255558447e-08 2.34283967004423e-08 2.07121050088688e-08 3.14466796047519e-08 3.26401400463361e-08 6.16199321679112e-08 1.78010643523407e-06
2.72808781716094e-06 2.31661666248328e-05 5.52111088722995e-06 1.00233648385739e-06 6.89545643961509e-07 7.8932746943039e-07 9.74815425180964e-07 8.27726127283768e-07 5.72335157045245e-07 1.0625197836589e-05 1.71932905004724e-05 2.00460084158749e-06 4.251607634842e-06 3.11092940421531e-06 4.56451437287342e-06 3.59312095952191e-06 3.01782066287615e-06 3.27975397311775e-06 4.93568517185849e-06 4.44241244395016e-06 2.37906036772984e-06 1.85670283144645e-05 7.8173135946713e-06 2.05125024194786e-05 0.000309957378340187 0.000746218262065668 0.000156855162822467 0.000815067847725004 0.00121625758329174 0.00825915837194771 0.000672179857792798 0.000249566601814877 5.03216754168534e-06 1.45037026356931e-05 1.26725742610745e-06 1.51173771678614e-07 7.70173843922528e-08 5.67742972634733e-08 4.72447560073697e-08 3.08852046160268e-08 2.59626937393342e-08 2.63315951265497e-08 3.23416405212384e-08 3.74663475244397e-08 4.71346019637053e-07
5.37824127420095e-06 8.14453026833917e-06 5.29650026948048e-07 3.48587293430569e-07 6.89090376226886e-07 6.63734508421499e-07 1.57409875747305e-06 4.65018456985433e-07 6.93266096618572e-07 7.25234805543096e-07 1.26650226093261e-06 1.35778952561338e-06 9.18115308934375e-07 1.07846343908591e-06 1.98679864737983e-06 2.76403220595967e-06 1.34593507610248e-06 2.82852333413075e-06 1.96539674277574e-06 2.26976086281638e-06 1.743873065152e-06 4.93939287480316e-06 3.52823895468646e-06 3.63469936957017e-06 0.000160961973415397 1.36689512260091e-05 2.77901630738597e-05 0.000243661582862842 0.000759164640476229 0.00182189383194782 0.00340711484896019 0.00241155672702007 7.65176504501142e-05 1.59927946974392e-06 2.90808472414028e-06 2.67896737327078e-07 1.52780145246112e-07 8.1801612827892e-08 5.89315955590308e-08 4.1788961635536e-08 3.27704136715568e-08 3.29967882128912e-08 3.73244753770763e-08 4.61660402573116e-08 1.32197183599914e-07
2.84436732034266e-06 1.05711864772928e-06 2.81254921707941e-07 3.16503510378041e-07 6.56900266449156e-07 7.84523792063396e-07 2.46717449403633e-07 5.4599691199364e-07 8.23799985205653e-07 1.56687928516419e-06 1.04180483084804e-06 4.56475248356014e-06 8.37065558467742e-07 9.20444668395248e-07 1.03971992331253e-06 1.16032707140334e-06 1.58871364774882e-06 1.96721028942193e-06 3.09612563853534e-06 2.19757839516888e-06 1.95752977845132e-06 2.70313185239957e-06 2.65185111345545e-06 2.91565826415763e-06 7.45988706967182e-06 3.0956284547301e-06 1.11543026946492e-05 7.65943635997246e-05 0.000462928217166336 0.000787853069778066 0.00195739159826189 0.00795576183591038 0.00154183453123551 3.19629412501854e-06 8.83884290203696e-07 2.61132776691042e-07 1.41024872624129e-07 9.80808540163025e-08 7.07257453047561e-08 4.67011763483072e-08 3.86357768888956e-08 4.55165742208052e-08 5.28058705207002e-08 3.62898234240738e-08 1.02414664993056e-07
7.04047528188312e-06 8.74869915623577e-07 6.83065270337124e-06 2.17853667194845e-07 1.25564850828042e-07 1.80514248748764e-07 2.18280448649466e-07 8.6779372843182e-08 1.30394840924808e-07 5.54308329547837e-07 7.17205408573562e-07 5.11571988992543e-07 1.40398190637825e-06 9.49396631799715e-07 6.04646506729978e-07 8.07131972635489e-07 1.0234595741565e-06 1.5686172758933e-06 1.91558627733457e-06 1.444678883189e-06 2.08488552289054e-06 2.55095415298001e-06 2.1448981577521e-06 9.98735796997607e-06 5.68321321452459e-06 9.4556088470199e-06 9.99966900053551e-05 2.996740204253e-05 2.74820189133607e-05 3.12167800302632e-06 6.33842515185279e-06 5.39404558821843e-05 0.00106416073394939 0.00285824797465466 2.11018913944372e-05 2.43712225556081e-07 2.09867770006866e-07 2.225946933887e-07 9.32673794529215e-08 5.31021308591839e-08 4.48955390530692e-08 5.76283778364051e-08 6.89427265720965e-08 4.82353447517347e-08 6.13469795629484e-08
4.02707681068648e-07 8.13556711509733e-07 4.03120645220412e-07 2.48416170078869e-08 1.39335698290388e-07 9.46259739009747e-08 5.80166505503854e-08 6.2880032036805e-08 6.31582785182161e-08 1.2091003505077e-07 1.19537126241909e-07 1.64772194644058e-07 1.58092113196062e-06 1.76916927756565e-06 1.2684740815061e-06 5.92077677374903e-07 5.49387418757874e-07 9.23798653928998e-07 9.69501918746118e-07 1.7493569160365e-06 1.41692744222155e-06 1.42110191774236e-06 2.56189290013253e-06 5.57836367761411e-05 8.18934257722503e-06 8.92993445802404e-06 4.67576447249485e-06 4.82669131542934e-06 1.06551662383936e-05 6.89948477372582e-06 1.6661149866426e-07 3.64265278296472e-07 7.59075319365365e-05 0.00681752455420792 0.00257295368355699 6.40270878648153e-05 2.08514547139771e-07 9.82519670067461e-08 1.3883438401141e-07 7.12208080733134e-08 4.87486780609281e-08 5.19980895896666e-08 6.07350011616603e-08 6.26744368292798e-08 8.81383488193776e-08
4.90358794236201e-08 1.71060790110644e-07 2.36048410395817e-07 2.40278930641047e-08 2.77362201539511e-08 3.44512671945907e-08 8.12094993030144e-08 3.15274449214087e-08 3.3255969056345e-08 5.1351701024771e-08 4.80163558025382e-08 6.09780284044348e-08 7.81215010903225e-08 2.23787181496959e-07 6.338904761094e-07 1.5188398165833e-06 4.90542970421615e-07 7.35750411529068e-07 6.61206450303098e-07 4.44477934280485e-07 4.36228275546569e-07 2.93758039937586e-07 5.18636552726548e-07 1.26499292392168e-06 7.27046200381665e-06 2.12102793398117e-05 5.32591512410363e-05 0.000179615049637505 4.25738312230806e-06 9.63869123324912e-06 1.82723719319711e-06 1.137761673764e-07 2.24995035003062e-07 2.74664045264217e-05 0.00692665802780539 0.000398523384501459 9.18648182235415e-07 2.00534563266075e-07 9.91456679755309e-08 7.58209543150201e-08 5.00119129553944e-08 5.10398248554367e-08 5.82078839905797e-08 7.6256216896553e-08 1.18717397201706e-07
1.69554317697163e-08 3.72746716825745e-08 2.46231798506358e-08 3.55429706777599e-08 2.2132577282008e-08 2.89002696995944e-08 1.63609379599805e-07 3.47952436818844e-07 7.40340739824319e-08 4.73346855711654e-08 5.51718316588179e-08 6.1571063758592e-08 5.14438182386279e-08 9.58290363950454e-08 2.655850747324e-07 3.13276960817177e-07 8.58145064341898e-07 1.1119405712634e-06 3.8072081363083e-07 1.91093730617098e-07 2.25626974170723e-07 3.50956754324727e-07 4.85595074284362e-07 6.52327949701714e-07 5.36003861029144e-07 1.14270668035488e-05 2.99827034382361e-05 7.74685620399396e-06 3.61784677451737e-06 1.92416881716895e-07 1.03575497223396e-07 6.33425409901633e-08 1.40153286909417e-07 1.7161457728232e-07 2.49245187262659e-06 0.000234877695584146 1.59888293296717e-05 3.62027767497608e-07 9.7850863554072e-07 2.23238597882869e-06 1.46013970470094e-07 9.23832825128201e-08 8.49882044740013e-08 1.25364832093133e-07 2.10485897822466e-07
8.64615941065239e-09 1.48186853232701e-08 3.45109786636932e-08 2.10746643469761e-08 2.09323046895804e-08 2.56019566213794e-08 2.53104719849517e-08 3.80782807285485e-08 3.61385344760379e-08 4.30981087817806e-08 5.51427619566169e-08 8.16207331943986e-08 6.20330242284695e-08 5.34205234048457e-08 6.17596014329536e-08 9.85300881772844e-08 8.37666951580829e-08 2.7020267729938e-07 3.01846638528502e-07 8.60877915620506e-08 1.36846114928701e-07 1.38025663476427e-07 2.0016102046938e-07 1.22379026770147e-06 8.90325740243725e-07 2.61646400247173e-05 6.65654999352228e-06 1.03645090838711e-06 2.47273094355904e-07 4.97841685320743e-08 2.55497305978736e-08 3.95662798746699e-08 9.11008505077859e-08 4.97210789207614e-08 8.36581852681206e-08 1.08868475876989e-05 1.01115741301783e-05 9.07474485529747e-06 1.22226497580868e-05 3.50922165694101e-05 3.30312210962802e-05 6.17777129718888e-07 1.20181266538566e-06 2.69526638341233e-07 9.69326642774604e-07
1.26269362965559e-08 9.21573033441092e-09 1.64285462123104e-08 2.22254462611815e-08 2.52966814828781e-08 2.82530356332522e-08 3.56688501179647e-08 5.69447816012314e-08 3.58039209058525e-08 4.87532023085713e-08 5.67438467991011e-08 8.1087690384507e-08 4.20732379269317e-08 4.64435586877698e-08 4.07905591970348e-08 5.40654603531365e-08 6.83473121654288e-08 4.9431907844788e-08 6.80181395207313e-08 4.78324077790582e-08 2.11756143020381e-07 8.1796235740228e-07 2.90687192183725e-07 4.98467852150242e-07 1.74848870742039e-06 1.26688012649367e-06 2.31786631488262e-06 1.76230667858768e-07 7.68272286499894e-07 2.73857292896196e-06 1.0788342683643e-07 4.05069869424679e-08 3.05059707828015e-08 2.69883227987933e-08 2.95276296524705e-08 3.12111240408086e-08 3.75086265491653e-08 1.1538172117298e-06 4.82447836247957e-05 1.92343789194638e-05 2.6002884430909e-05 0.000104085999100789 2.22218610133496e-05 6.58836772799987e-06 2.91397293636919e-06
