Scripts_&_data/Maxent_result_files_1/Bombus_armeniacus_3.asc
NCOLS 594 
NROWS 330 
XLLCORNER -15 
YLLCORNER 23 
CELLSIZE 0.166666666666667 
NODATA_value -9999 
[rows 231 to 251 of 330, columns 276 to 321 of 594]
0.413409945368767 0.45977538228035 0.7639768242836 0.581484577059746 0.302073906362057 0.151565405726433 0.220374366641045 0.324794664978981 0.855211704969406 0.957112234830856 0.765574240684509 0.76521754860878 0.758915144205093 0.503837382793426 0.678553515672684 0.765284770727158 0.74971239566803 0.954043924808502 0.972642809152603 0.888351714611053 0.471211358904839 0.634136414527893 0.70585663318634 0.458454209566116 0.728076326847076 0.940627896785736 0.700505912303925 0.982727485895157 0.966433930397034 0.975536358356476 0.997359478473663 0.988034462928772 0.984738540649414 0.971935391426086 0.9833032310009 0.984826797246933 0.995210462808609 0.991859143972397 0.984432601928711 0.984426635503769 0.962039905786514 0.942062127590179 0.897767120599747 0.934478539228439 0.820237696170807 0.949036026000977
0.363903474807739 0.220699481666088 0.343267217278481 0.632438218593597 0.503504100441933 0.233526764810085 0.131653189659119 0.178245303034782 0.69134219288826 0.863821077346802 0.808958423137665 0.878385955095291 0.669350990653038 0.756710386276245 0.647111418843269 0.747810703516006 0.927617585659027 0.979651468992233 0.97172572016716 0.947018277645111 0.08316355869174 0.415943998098373 0.529081970453262 0.644855660200119 0.721459060907364 0.502256342768669 0.886860489845276 0.983761346340179 0.998949098587036 0.968370985984802 0.954782027006149 0.957052701711655 0.972701364755631 0.985727840662003 0.988402408361435 0.9887047290802 0.981736439466476 0.971407806873322 0.976235896348953 0.972208440303802 0.983713835477829 0.988096845149994 0.986228930950165 0.928109681606293 0.988025045394897 0.924345922470093
0.629692670702934 0.435746324062347 0.187696585059166 0.212666161358356 0.23735236376524 0.162751115113497 0.13915241509676 0.085915644466877 0.154244996607304 0.309373109042644 0.621340373158455 0.51254109442234 0.454790705442429 0.0694559684954584 0.0513043265789747 0.190638460963964 0.70733590722084 0.762544983625412 0.712070772051811 0.840074360370636 0.619913744926453 0.483128482103348 0.57513918876648 0.827573543787003 0.691668456792831 0.702429908514023 0.925961619615555 0.976644629240036 0.96123696565628 0.861074411869049 0.936288493871689 0.99017995595932 0.994373208284378 0.986591005325317 0.984761327505112 0.986093401908875 0.993869411945343 0.98827446103096 0.989900171756744 0.984895151853561 0.976262277364731 0.99065346121788 0.985005766153336 0.992423689365387 0.939301311969757 0.540816739201546
0.997682106494904 0.999278050661087 0.966491615772247 0.760809296369553 0.584069401025772 0.189386649429798 0.157864235341549 0.166097289323807 0.181583133339882 0.402326396107674 0.120415576547384 0.0679189331829548 0.231539975106716 0.0321780863218009 0.0563878394663334 0.537959977984428 0.782328587770462 0.755098217725754 0.49943034350872 0.405107519030571 0.298681157827377 0.658706951141357 0.697477805614471 0.675445365905762 0.752370285987854 0.548108595609665 0.722824490070343 0.6826644718647 0.964929628372192 0.981727892160416 0.995003056526184 0.995775055885315 0.997831320762634 0.995555686950684 0.998577201366425 0.994448435306549 0.993631559610367 0.994686758518219 0.989732301235199 0.952995777130127 0.92688353061676 0.869464403390884 0.982076567411423 0.878668266534805 0.792134070396423 0.469105178117752
0.862493646144867 0.554803426276339 0.992701917886734 0.677152323722839 0.428517812490463 0.206911781430244 0.145467118918896 0.193866014480591 0.177639769017696 0.173567736148834 0.0964129228144884 0.0435957882553339 0.018797242641449 0.060161392018199 0.162105970829725 0.030846212618053 0.384636849164963 0.761312931776047 0.807778263092041 0.432867854833603 0.363837496936321 0.662259656190872 0.648557525873184 0.587253323197365 0.793021142482758 0.702080416679382 0.996430027484894 0.995461255311966 0.976606273651123 0.988182938098907 0.980267685651779 0.89907301068306 0.996943408250809 0.997972339391708 0.992914497852325 0.991703939437866 0.994407796859741 0.859301656484604 0.908845156431198 0.969814693927765 0.976214700937271 0.925227451324463 0.664364355802536 0.477687984704971 0.354229938983917 0.549249884486198
0.456834517419338 0.895033621788025 0.972042173147202 0.785587757825851 0.969472450017929 0.752003067731857 0.15650322586298 0.221566262841225 0.109648034721613 0.219170056283474 0.168878849595785 0.128578477352858 0.0277648834511638 0.0440068827883806 0.0315305253490806 0.0118713892996311 0.0647084435448051 0.494110357761383 0.862402379512787 0.775688219070435 0.784259027242661 0.834092044830322 0.981284976005554 0.860637903213501 0.906042778491974 0.831881403923035 0.953511548042297 0.999978888034821 0.974181628227234 0.990871292352676 0.987650156021118 0.995346218347549 0.999207556247711 0.998025876283646 0.997063434123993 0.997757142782211 0.996578645706177 0.997593235969543 0.927867251634598 0.763283705711365 0.968823784589767 0.905827283859253 0.443838378787041 0.113448177278042 0.171944802244434 0.684809255599976
0.997099006175995 0.998253583908081 0.445961747325646 0.189350733160973 0.440992566943169 0.82061482667923 0.356398180127144 0.0550179097801447 0.115438225492835 0.123893916606903 0.100780441984534 0.0872294411063194 0.0908593386411667 0.125979388318956 0.156483676284552 0.0177565646357834 0.265610882639885 0.109301376342773 0.490422990918159 0.641470792889595 0.722182929515839 0.910120135545731 0.95364419221878 0.929638183116913 0.825746017694473 0.70945625603199 0.991172927618027 0.985617077350616 0.962193733453751 0.973500519990921 0.99870411157608 0.999553775787353 0.999703449010849 0.999253159761429 0.998787540197372 0.823824179172516 0.963837325572968 0.915641093254089 0.961679661273956 0.94031343460083 0.94320033788681 0.859747719764709 0.205700389295816 0.199983139336109 0.242250871658325 0.363029569759965
0.710177284479141 0.876621353102382 0.91015120446682 0.436745375022292 0.461987149715424 0.501924416422844 0.283054076135159 0.360654798150063 0.217931133508682 0.099268451333046 0.101036661490798 0.123557654768229 0.0547460830770433 0.0645825065672398 0.347029320895672 0.5122244566679 0.186214549094439 0.621010598540306 0.513115790486336 0.789896988868713 0.935141527652741 0.95957162976265 0.680325359106064 0.919151139259338 0.779737383127213 0.455146223306656 0.751314359903336 0.954826241731644 0.963736635446548 0.98080934882164 0.999844831228256 0.996432709693909 0.999639463424683 0.999054366350174 0.998976773023605 0.854381060600281 0.446492663025856 0.804109573364258 0.866790360212326 0.965584170818329 0.998392075300217 0.860563051700592 0.793854904174805 0.967450779676437 0.990655189752579 0.913271886110306
0.999760359525681 0.969849598407745 0.789168037174068 0.893232978880405 0.653746741572877 0.90879303663969 0.897914507240057 0.866971465945244 0.999803197383881 0.795816338062286 0.437069129943848 0.865668016672134 0.235158212482929 0.130932331085205 0.241251712292433 0.836924397945404 0.305306842923164 0.684722125530243 0.868733328580856 0.972449910640717 0.991334283351898 0.994975256919861 0.888242667913437 0.931743162870407 0.958174908161163 0.984253853559494 0.99594789147377 0.989584177732468 0.993870985507965 0.805815458011921 0.979809272289276 0.994141155481339 0.99754564166069 0.996221965551376 0.635094529527908 0.914500778913498 0.721324288845062 0.973403662443161 0.999582052230835 0.997786670923233 0.980725800991058 0.979834699630737 0.994479024410248 0.90394099354744 0.947568869590759 0.818087553977966
0.999794483184814 0.589249112457037 0.10406745816581 0.782429510354996 0.885956794023514 0.868270986271091 0.892456560139544 0.906958235055208 0.720573727786541 0.246082526026294 0.580187276005745 0.169216360896826 0.367491993308067 0.424682432413101 0.697033232450485 0.726972788572311 0.142148694396019 0.647553414106369 0.82697177529335 0.822832185029984 0.381498239934444 0.695946341753006 0.999176818132401 0.998333597183228 0.998527956008911 0.930774652957916 0.604460275174063 0.505784472078085 0.302930563408881 0.138716688601739 0.40658842921257 0.718329217098653 0.95473752617836 0.997518312931061 0.30738272794988 0.591742159632275 0.941356447339058 0.9964275598526 0.956309592723846 0.94138588309288 0.936463993787765 0.988930690288544 0.930052709579468 0.748021930456161 0.278976459801197 0.10896746404469
0.360877241125854 0.536478075385097 0.215384898340471 0.934743851423264 0.325182539224625 0.989513874053955 0.999932062625885 0.999782794713974 0.916756945848465 0.386578813195229 0.313876423239708 0.0870429310947657 0.387570311129093 0.316701221466064 0.520947155356407 0.119603990018368 0.135521177202463 0.340882831811905 0.139986124634743 0.227104975283146 0.489394760131836 0.619571712613106 0.952658802270889 0.995023638010025 0.999869483709335 0.584928227882654 0.0731607940465892 0.180116653915184 0.0246346894651653 0.030550523288548 0.389423737069592 0.387398603225628 0.675653685629368 0.201164253661409 0.00313151341979392 0.0238890231794358 0.93814951479435 0.982338154315949 0.631165292859077 0.190889324061913 0.441389349102974 0.0848348112776875 0.00868858107132837 0.00713990639196709 0.00324458399991272 0.0119338206073735
0.317969350796193 0.228596952068644 0.166116560643786 0.301910085836425 0.224544546019752 0.660459154844284 0.999287408590317 0.988560825586319 0.681308376789093 0.303935851156712 0.115155905112624 0.103405698016286 0.351984632015228 0.499683031439781 0.447723767161369 0.104807379841805 0.0729781344532967 0.144462031498551 0.110866572707891 0.120185941457748 0.691061455011368 0.938811504840851 0.454785316999187 0.357636109027573 0.1369617658312 0.0151493860421966 0.0195294801877196 0.0231662970036321 0.0147991716279648 0.00254046279333124 0.00592996921623126 0.0158065842580982 0.0395377075299893 0.0146333598997444 0.00192427037964001 0.0881023765134159 0.0670696065644734 0.0853194880124647 0.0532408961094916 0.062695511803031 0.0751040507107973 0.0080999301164411 0.00125422143755713 0.000595556616826798 0.00339601718653739 0.0743990560993552
0.287875413068377 0.0965890500694514 0.489742352068462 0.447177027328871 0.695091392509494 0.596285260468721 0.948028779029846 0.997487246990204 0.982760357856751 0.845688891410828 0.618689247965813 0.419696339964867 0.849888771772385 0.733694058656692 0.574613413214684 0.322556242346764 0.208493292331696 0.340601539611816 0.892622053623199 0.997961241006851 0.796952799872088 0.958538520336151 0.418671859800816 0.0741059149801004 0.029453343214404 0.0136271486291662 0.00293731912970543 0.0107045723591892 0.00660566154692839 0.00238941359036511 0.00111745372431784 0.00232317574555065 0.00144804476585705 0.112043699680953 0.015040022413632 0.00378099926165305 0.00854323673861472 0.0103391115670092 0.0769574100151658 0.026650955202058 0.0122183215455152 0.00598374888068065 0.003786696397583 0.00282737734087277 0.028041930263862 0.0123700251191622
0.016419090051204 0.003901572740142 0.252110781049123 0.336451382935206 0.110335002099807 0.386451827734954 0.373411650995269 0.981188082695007 0.994490772485733 0.997648584842682 0.989849656820297 0.898349660634995 0.195422257483006 0.158241232484579 0.182296313345432 0.139984086900949 0.336298421025276 0.690321886539459 0.999683851003647 0.468392381817102 0.49341912381351 0.341588773857802 0.0895541500300169 0.0938792876532716 0.00133228020276874 0.00208065541810356 0.00222902556124609 0.000992238798062328 0.000571069278521463 0.000446242924226681 0.000553031516892588 0.00152661020329106 0.00449479015078587 0.0216509237419814 0.00699214211018524 0.00375084517872892 0.0108971721259877 0.0155845103086904 0.00885502934688702 0.00806088231038302 0.00433666954049841 0.00337872526142746 0.0025465575279668 0.0020831496862229 0.00106418584764469 0.00316568677080795
0.00134967694921215 0.000414352863049317 0.0124491645605303 0.106182957483101 0.0553334636613727 0.331210204586387 0.993424475193024 0.982738971710205 0.805364026129246 0.446884546428919 0.688153717838941 0.932784026861191 0.833362185955048 0.341751280426979 0.637579357624054 0.445385026931763 0.9882164478302 0.999990773200989 0.991446161270142 0.985382056236267 0.267871580964527 0.019862481369637 0.0191775642335426 0.00291070594003031 0.000350257786703878 0.00540218912600462 0.00178404369898999 0.000317249410316267 0.000829687233635923 0.000317261871236951 0.000279646483176066 0.000736395606440632 0.00125801507820142 0.00502344965352677 0.000866726515613436 0.00116396136612867 0.0187739453045651 0.00683794238138944 0.00279766275380098 0.0017979470663704 0.000699820701265708 0.00191313540854026 0.000651512334297877 0.00072521664769738 0.000604005959758069 0.000621178664732724
0.000120817658303374 7.72793336693667e-05 0.00014453765158926 0.002311929624193 0.00779015414882451 0.0740632945723461 0.734428310953081 0.951352298259735 0.985172486305237 0.643942293630971 0.662061953320449 0.381629407405853 0.174105328957012 0.876959532499313 0.631409776210785 0.911475133895874 0.999967306852341 0.999895471334457 0.916104498505592 0.540707753645256 0.00982019051443785 0.014941089811864 0.000927868733560899 0.00159934161249247 0.000266609953541774 0.000615244096457879 0.000870116330770543 0.000982067811128218 0.000539948632421883 0.00094858742940005 0.000173878746434342 0.00353022231517316 0.0111632646250655 0.00267219994482143 6.15793540938214e-05 0.000305909635903845 0.00110936206401675 0.00151855453295866 0.00123707604652736 0.000812642475648318 0.00041884704187396 0.000408741500723409 0.0011155850806972 0.000474631527686142 0.000506470053369412 0.000409440420480678
-9999 -9999 -9999 6.03121121443451e-05 0.000198483937617766 0.000855242789725708 0.00657787542731967 0.118817519813365 0.808279597759247 0.978857415914536 0.592632080614568 0.994487965106964 0.294846145951306 0.0385930014593368 0.181622734345216 0.894342231750488 0.849438607692719 0.726853626221418 0.0868124887413452 0.00926338406279683 0.00082320283036097 -9999 -9999 9.94997310570511e-05 0.000261799949362285 0.000286489095742581 0.000132627183893419 0.00020561847013647 -9999 -9999 -9999 0.0118569594335133 0.685571810975671 0.000935816928540589 0.000413742961308516 0.00191326911008218 0.00122118649233016 0.00149579975222878 0.000534375190363789 0.000471263715917303 0.000285410784636042 0.000374640681548044 0.00265210764751656 0.00104807252937462 0.000369131414481672 0.000318239629996242
-9999 -9999 -9999 -9999 -9999 9.45178708690264e-05 0.000630629754368783 0.0049084450758528 0.142225588808651 0.219849447830711 0.131873515396583 0.293961627036333 0.201787763025556 0.036845383603291 0.0191024269908667 0.0232040009461343 0.0801642678678036 0.125598160410026 0.00843718003598042 0.00119522631203314 -9999 -9999 -9999 -9999 -9999 -9999 0.000198796607700091 -9999 -9999 -9999 -9999 0.00130414018140073 0.0016566917404752 0.000589657350980133 0.00078474120269334 0.00323291584936669 0.000871905696840258 0.0005750200145485 0.000308803665848245 0.000247987997499877 0.000190995333468891 0.000157881843915675 0.000619219506188529 0.00018688041727728 2.87713060515671e-05 2.19786200204908e-05
-9999 -9999 -9999 -9999 -9999 -9999 -9999 9.3998076083146e-05 0.00300843282784626 0.220654238248244 0.698333263397217 0.0758151448404533 0.0476742309198016 0.0381321597451461 0.021022739943146 0.0137197458905521 0.00731220283778384 0.0090930681501131 0.000798181141411525 -9999 -9999 -9999 -9999 -9999 -9999 -9999 -9999 -9999 -9999 0.0001711965760541 0.000171694360506081 0.000582449794455897 0.000792471318709431 0.000785418431769358 0.000821726224967279 0.00331673049950041 0.000587346966494806 0.000422028777666128 0.000391493374809215 0.000201902922344743 0.00019315573044878 1.59305512624996e-05 1.62259858939251e-05 0.000169213982735528 1.81249036813824e-05 1.83269169610867e-05
-9999 -9999 -9999 -9999 -9999 -9999 -9999 -9999 0.000147036066777773 0.00294636299440754 0.00437885233841371 0.0117284423788078 0.00222451974386786 0.00382716562817222 0.00390610550566635 0.00354603590167244 0.00116381087118498 -9999 -9999 -9999 -9999 -9999 -9999 -9999 -9999 -9999 -9999 -9999 -9999 0.000130519761506964 0.000241429890957079 0.000137953392186319 0.00060759692969441 0.000968582317727851 0.00538518947141711 0.00225680184084922 0.000794454412471168 0.000304329096184119 0.000243315953412093 0.000238754706424515 0.000239317788327753 1.63798604262411e-05 0.000204878255135554 0.000151487828043173 1.91550783256389e-05 2.5139201602542e-05
-9999 -9999 -9999 -9999 -9999 -9999 -9999 -9999 -9999 6.43917211434197e-05 0.000176352311439132 8.01467099439401e-05 -9999 -9999 -9999 -9999 -9999 -9999 -9999 -9999 -9999 -9999 -9999 -9999 -9999 -9999 -9999 -9999 -9999 -9999 3.29754042195707e-05 0.000103196253028348 0.000310273905597569 0.000572862398257712 0.000591703211102867 0.000572826021016226 0.00046542719073841 0.000360803524381481 0.00231043462481466 0.000264609474697863 9.22668294833784e-05 2.45048667125047e-05 0.00132710065736319 0.000100443654901028 1.60485912715558e-05 1.69711737157741e-05
