Scripts_&_data/Maxent_result_files_1/Bombus_soroeensis_3.asc
NCOLS 594 
NROWS 330 
XLLCORNER -15 
YLLCORNER 23 
CELLSIZE 0.166666666666667 
NODATA_value -9999 
[rows 120 to 139 of 330, columns 276 to 321 of 594]
0.0672631144523621 0.108670095354319 0.0752181775867939 0.0337040852755308 0.0312689853832126 0.0251790063455701 0.00423319353722036 0.00901305144652724 0.0165166659280658 0.0198931975290179 0.032415141351521 0.0241464659571648 0.0211498215794563 0.0771595731377602 0.0607580430805683 0.0481149394065142 0.0391897831112146 0.0457166355103254 0.0725656971335411 0.104794055223465 0.0117099929600954 0.0474619515240192 0.0353205248713493 0.114042308926582 0.14497634768486 0.0307387717068195 0.0373460687696934 0.0288954326882958 0.0436637848615646 0.03280811868608 0.0344971444457769 0.0203821137547493 0.0201386606320739 0.0268067993223667 0.0225116223096848 0.0429803565144539 0.0358074512332678 0.0159657934680581 0.0131881839595735 0.0284450374543667 0.018942404165864 0.0191108351573348 0.0147841528058052 0.023180172778666 0.0445319853723049 0.0305166315287352
0.0565763913094997 0.0372639797627926 0.0492731031030417 0.0394398488104343 0.0295126397162676 0.0257380036637187 0.0122963956557214 0.0169887760654092 0.00448965970426798 0.0316826529800892 0.0340599965304136 0.0386532999575138 0.0493571493774652 0.0547632806003094 0.0716842696070671 0.0201924089342356 0.0257659878581762 0.0466026037931442 0.051062872633338 0.0352692700922489 0.139254142343998 0.0589092321693897 0.0160449216142297 0.0320161601528525 0.0392987534403801 0.039217683672905 0.0263837179169059 0.0078546510078013 0.0247409394010901 0.0420130513608456 0.0318353302776814 0.0377269610762596 0.0266470771282911 0.0255569245666265 0.0317216565832496 0.0213241428136826 0.0136895335279405 0.0140774516388774 0.0429152395576239 0.0370950151234865 0.0258385287597775 0.0207028614357114 0.0319594036787748 0.0201489677652717 0.0372438851743937 0.02602070979774
0.0672850139439106 0.0486397910863161 0.0443910744041204 0.020682761259377 0.0296344202011824 0.00506458235904574 0.00368200817611068 0.00711130523122847 0.0234669355675578 0.0206435665488243 0.0335054114460945 0.0740250736474991 0.0602208487689495 0.0109070910140872 0.0833909451961517 0.0215932656079531 0.051503000408411 0.0207202469930053 0.087594249099493 0.0706874422729015 0.0499763581901789 0.186258484423161 0.0208459161221981 0.0502658102661371 0.0263597037643194 0.0415971044450998 0.0273940645158291 0.0308867391198874 0.0331566765904427 0.0331142149865627 0.0348151661455631 0.0321639899164438 0.0361378468573093 0.0285043181851506 0.0175820684060454 0.0165680196136236 0.0205839375033975 0.021592915430665 0.0228723937645555 0.0155923352576792 0.0196519926190376 0.0208541665226221 0.0152577175758779 0.0390596006065607 0.0327626492828131 0.0183624597266316
0.0228230647742748 0.015018923021853 0.0436432227492332 0.0219791378825903 0.0243313247337937 0.0031824616715312 0.00816676365211606 0.0184505986049771 0.0188644358888268 0.0165781339630485 0.0206942964345217 0.0653172716498375 0.146781699359417 0.0229452548548579 0.0712744727730751 0.0322166005149484 0.0419137805700302 0.0402801010757685 0.0363036941736937 0.0350053586065769 0.0457019779831171 0.0504833173006773 0.0378410752862692 0.0325872879475355 0.022692608833313 0.038933189958334 0.0266930671408772 0.0242443401366472 0.0360085848718882 0.0309993755072355 0.0221573850139976 0.0201096402481198 0.0374397289007902 0.0214031487703323 0.0222274366766214 0.0201487392187119 0.0448691841214895 0.0194307120516896 0.0297022812068462 0.039261282607913 0.0156970688141882 0.0224479556083679 0.047204240784049 0.0316504510119557 0.0191926967352629 0.020918801613152
0.0415941569954157 0.032388449460268 0.0490415632724762 0.0215611578896642 0.031714341044426 0.0293105009943247 0.0295779090374708 0.0354152273386717 0.017857376113534 0.0586277734488249 0.0430577371269465 0.0603509072214365 0.0938082754611969 0.0833689279854298 0.0220807604491711 0.0142195209860802 0.0403566490858793 0.0503201961517334 0.04340490847826 0.0466647706925869 0.0450697213411331 0.0348525993525982 0.0289407147094607 0.0285913500934839 0.0209325397387147 0.0359561253339052 0.0252835715189576 0.0283701211214066 0.032695771381259 0.0401310943067074 0.024320462346077 0.0249507440254092 0.0257268253713846 0.022282087802887 0.0149699196219444 0.015417117998004 0.0190036781132221 0.0147082692012191 0.0188786728307605 0.0518880642950535 0.0468556646257639 0.0192087156698108 0.0334257796406746 0.0142521847039461 0.0213095057755709 0.0162114824168384
0.0316840302199125 0.0569629743695259 0.0288061672821641 0.0455144520848989 0.040169095620513 0.0427056811749935 0.0246483666822314 0.0219990622252226 0.0202383188530803 0.0689361192286015 0.0562191613018513 0.0692752189934254 0.117633709311485 0.0668324217200279 0.00969105809926987 0.041489676758647 0.0426075045019388 0.0242069693282247 0.0617421366274357 0.0427991207689047 0.0396533533930779 0.0400731526315212 0.0263050578534603 0.0480222266167402 0.0387782249599695 0.0305845705792308 0.0390379693359137 0.0362153768539429 0.0251001073047519 0.0218188399448991 0.0236032199114561 0.0201497931033373 0.00599613403901458 0.00914519308134914 0.00529252090491354 0.0257040152326226 0.0162046499550343 0.0205091051757336 0.026355736143887 0.0199548501521349 0.0409202959388495 0.0210718534886837 0.0181607523933053 0.0140984259545803 0.0208439614623785 0.0225770082324743
0.0388277512043715 0.0340216126292944 0.0369199488312006 0.0538530290126801 0.0346202652901411 0.0671560913324356 0.0833343103528023 0.0512020248919725 0.0174581807106733 0.0344528816640377 0.0661336500197649 0.0780045881867409 0.0653412841260433 0.0589580271393061 0.016807474475354 0.044225237891078 0.0248488139361143 0.0209706425666809 0.0360553953796625 0.0474460497498512 0.0343901466578245 0.0331022921949625 0.0292299592867494 0.0288240559399128 0.0222149934619665 0.0244760204106569 0.0251874616369605 0.0262617386877537 0.0534503031522036 0.2965745434165 0.0367019575089216 0.0315710199996829 0.00729929427616298 0.0085825253278017 0.0106863612309098 0.0287152223289013 0.0236925724893808 0.0148668020032346 0.0436567388474941 0.0282516807317734 0.0195963220670819 0.0170250855386257 0.0162037583068013 0.0199543939903378 0.023807523958385 0.0170980631373823
0.0385756466537714 0.0630700461566448 0.0376126766204834 0.0547993194311857 0.034918412193656 0.0568538352847099 0.0295703396201134 0.0525388181209564 0.0724013112485409 0.0114291403442621 0.00914961481466889 0.0391399513930082 0.0229801723733544 0.0479184411466122 0.042719317600131 0.0378059685230255 0.0441019978374243 0.0416353698819876 0.0387243084609509 0.0448281619697809 0.0386085316538811 0.0407467029988766 0.0273100502789021 0.0504700846970081 0.0372531399130821 0.0269597271457315 0.0343257270753384 0.0295340282842517 0.0175872692838311 0.0440742157399654 0.0680666089057922 0.025290696695447 0.0450687114149332 0.0328813120722771 0.0979569368064404 0.0539211913943291 0.0630844965577126 0.0361907329410315 0.0247188609093428 0.0173828234896064 0.0178173530846834 0.0153353963978589 0.0262887790799141 0.0292104102671146 0.0239334989339113 0.0182855984196067
0.0619615644216538 0.0670580707490444 0.0777395643293858 0.0882958441972733 0.218360863626003 0.0861037321388722 0.0321253437548876 0.0318050229921937 0.0124862500466406 0.0110021033324301 0.0124626690521836 0.0364567182958126 0.026797573082149 0.0436422027647495 0.0261532163247466 0.0235903406515717 0.0428973477333784 0.0441144071519375 0.0390637468546629 0.0456058863550425 0.0365654684603214 0.0350902706384659 0.0354830197989941 0.0354285128414631 0.0419760353863239 0.0281913258135319 0.0293527165427804 0.0336898140609264 0.0301513588055968 0.028131259046495 0.0370405036956072 0.0181244354695082 0.0312205404043198 0.0290840653702617 0.028978986106813 0.0207040965557098 0.0216896368190646 0.0263054821640253 0.0279929086565971 0.0252236407250166 0.0186752263456583 0.0269846085458994 0.0187510823830962 0.0210416892543435 0.0200240636244416 0.0214044598862529
0.0771859616041183 0.0812028929591179 0.0802120424807072 0.152535827457905 0.158280666172504 0.0436408653855324 0.0536918539553881 0.0558256842195988 0.0281835531815887 0.0265474421903491 0.0248973034322262 0.0463534541428089 0.0268588313832879 0.0534112434834242 0.0477996882051229 0.0484770763665438 0.0432545080780983 0.0417711153626442 0.0301095912232995 0.0361690271645784 0.0331371728330851 0.038985850661993 0.037945706024766 0.022588163241744 0.0324408188462257 0.0299067407846451 0.0288633987307549 0.0233367266133428 0.0231647292152047 0.0292754823341966 0.0238590961322188 0.0406317189335823 0.0304969187825918 0.0226970313116908 0.0365715853869915 0.0263908714056015 0.0182493088766932 0.0287605188786983 0.0308896996080875 0.0368841629475355 0.0243372296914458 0.023245357722044 0.0590531166642904 0.120851165056229 0.021825996786356 0.0168943222612143
0.094111730158329 0.0811183281242847 0.113110794126987 0.0843513585627079 0.064015906304121 0.0936424493789673 0.0645403690636158 0.0561625126749277 0.0307581510394812 0.0280963435769081 0.0904099002480507 0.0244135443121195 0.0510778777301312 0.046255774050951 0.0390300553292036 0.0347442746162415 0.0374757520854473 0.0451753549277782 0.0310731820762157 0.0879011116921902 0.0857052840292454 0.0248970311135054 0.0252938510850072 0.0304850056767464 0.0442150689661503 0.0310066374018788 0.0196248400956392 0.0214914197102189 0.0274102672934532 0.0315242990851402 0.0459433004260063 0.0239406753331423 0.0333181116729975 0.0331363607198 0.037868969514966 0.0739491418004036 0.0914162054657936 0.0262145819142461 0.0453866824507713 0.032969593629241 0.0306871630251408 0.0445145528763533 0.0445907417684793 0.0347884740680456 0.0187926521524787 0.0176718454807997
0.146691471338272 0.0270221557468176 0.0187447981908917 0.0809783644974232 0.108142288774252 0.0633871860802174 0.0394672397524118 0.0448656998574734 0.00619393363595009 0.0133035875856876 0.0480752635747194 0.028961636684835 0.0464979816228151 0.0528834842145443 0.047913621366024 0.0385207865387201 0.0458830397576094 0.0647859003394842 0.031293535977602 0.032046470977366 0.0500312123447657 0.105695673823357 0.0294035639613867 0.027932352013886 0.0283541455864906 0.0330972259864211 0.0249129300937057 0.0313943579792976 0.0192520547658205 0.0310833824798465 0.0290249366313219 0.0188783243298531 0.0303515493869781 0.0239873861894012 0.0565706674009562 0.0435636609792709 0.0506946478039026 0.0838266395032406 0.0766240127384663 0.170215050876141 0.166256503760815 0.0820580564439297 0.0487434342503548 0.0334114622324705 0.0347758986055851 0.0208308586850762
0.103538945317268 0.0806017979979515 0.086398770660162 0.0652719594538212 0.0655462823808193 0.0349006094038486 0.0258613884449005 0.00499006872996688 0.0030477115418762 0.0150125487707555 0.0544775392860174 0.0483896676450968 0.0490918148308992 0.0537326145917177 0.047971710190177 0.0462851822376251 0.0449469685554504 0.0419461268931627 0.0287923272699118 0.0490965645760298 0.0527015827596188 0.121521995216608 0.0876289784908295 0.0496894985437393 0.0498894486576319 0.0455170810222626 0.0385881401598454 0.0319051558151841 0.0360198181122541 0.0370462995022535 0.0333037126809359 0.0321844073012471 0.0413286827504635 0.0309367226436734 0.0533510711044073 0.0583715461194515 0.169902621209621 0.220251215994358 0.577997282147408 0.799999994039535 0.763001763820648 0.239021469652653 0.162178289890289 0.0415867239236832 0.0878225743770599 0.0382765341550112
0.0348697662353516 0.0620808631181717 0.0692995488643646 0.0243849709630013 0.0652608007192612 0.0358932692557573 0.103530639410019 0.09859723970294 0.0316351071000099 0.0466689098626375 0.034634705260396 0.048986453935504 0.0420743402093649 0.0492917776107788 0.0262605044990778 0.0478598739951849 0.0459599278867245 0.0303224585950375 0.0813631638884544 0.0356871653348207 0.0431021597236395 0.0509169444441795 0.0904471054673195 0.0925759181380272 0.0386683207005262 0.0378050159662962 0.0428863637149334 0.0274049574509263 0.0274437392130494 0.0430344425141811 0.0368945240974426 0.0862813957035542 0.0368413362652063 0.0613239921629429 0.0435763724148273 0.147662815451622 0.0731223359704018 0.226237830519676 0.79895703792572 0.317125859856606 0.705452638864517 0.778322005271912 0.123344993591309 0.0275247680023313 0.0489123497158289 0.0206995030865073
0.0695737637579441 0.0674313127994537 0.0497898194938898 0.0775141157209873 0.0973194666206837 0.0876375667750835 0.0369307763874531 0.0259446557611227 0.0811315149068832 0.0526803322136402 0.0539885722100735 0.0412517189979553 0.0525315154343843 0.0510406401008368 0.0518209703266621 0.0370454519987106 0.0564618162810802 0.0305890550836921 0.0711622029542923 0.0450252309441566 0.0631981827318668 0.0650752387940884 0.0359823560342193 0.095116862654686 0.0957761056721211 0.0412126202136278 0.0469598226249218 0.0383938554674387 0.0880078621208668 0.065535980463028 0.0568977925926447 0.0269216818735003 0.104909285902977 0.0673824712634087 0.0404116608202457 0.180147764086723 0.160475780069828 0.130394406616688 0.203318718075752 0.725161647796631 0.580476668477058 0.17850655913353 0.086645770445466 0.0430330011993647 0.0371773432940245 0.0203656960278749
0.0710012793540955 0.0576737087219954 0.0600612960755825 0.0605516649782658 0.0684317514300346 0.0819762542843819 0.0601433556526899 0.0665190115571022 0.0761593654751778 0.109491191059351 0.0743586912751198 0.054727178812027 0.0467741668224335 0.056631064042449 0.045978269726038 0.0563146524131298 0.0386138554662466 0.0427954412996769 0.054646871984005 0.0551575481891632 0.0600512139499187 0.0758366234600544 0.0682317845523357 0.0361437082290649 0.0575573354959488 0.0348759070038795 0.0468547780066729 0.0336058657616377 0.0368422787636518 0.0362334989011288 0.0503937494009733 0.0331962522119284 0.0302991939708591 0.03678611330688 0.108654936403036 0.0455696988850832 0.0433774221688509 0.0497317060828209 0.0315072875469923 0.354228395223618 0.0819719456136227 0.0553104128688574 0.0149160123430192 0.0283087024465203 0.0103392427787185 0.014796236064285
0.0692486260086298 0.0736586831510067 0.0614399380981922 0.0697964683175087 0.0960484117269516 0.0811995044350624 0.0714904628694057 0.068382666260004 0.0863007076084614 0.057954291626811 0.0480549704283476 0.0354854088276625 0.0543169032782316 0.0507928688079119 0.0587752275168896 0.0563344929367304 0.0402619812637568 0.0428525064140558 0.044419014826417 0.0979082204401493 0.0926895298063755 0.0431555509567261 0.0316308198496699 0.0322189118713141 0.0408039316534996 0.0363542813807726 0.0395056657493114 0.0353720009326935 0.027808727696538 0.0312934529036284 0.0245054064318538 0.0231882346794009 0.0271971218287945 0.0247008953243494 0.0336082093417645 0.0293007517233491 0.0275725858286023 0.0219305312260985 0.0378185112029314 0.0364053323864937 0.0154705277644098 0.0175408940762281 0.015967567358166 0.0139977401122451 0.0131807174533606 0.0174232407473028
0.1050546400249 0.0513503260910511 0.0653843596577644 0.0591691248118877 0.1843745470047 0.0584939450025558 0.0911576062440872 0.0867135301232338 0.064369048923254 0.0703160710632801 0.11794436275959 0.0714436531066895 0.0596952117979527 0.124733385443687 0.0566205643117428 0.0322350058704615 0.0415333203971386 0.0347881220281124 0.0374605856835842 0.0347976803779602 0.0292322916910052 0.0320026945322752 0.0391074884682894 0.0263304583728313 0.0330597814172506 0.0560332890599966 0.055730003118515 0.0344128418713808 0.0303129279986024 0.0332040023058653 0.0310472264885902 0.0388998720794916 0.0680140063166618 0.0633743949234486 0.0632384292781353 0.027925257012248 0.0247650675475597 0.0222962949424982 0.0388008173555136 0.0217179451137781 0.015188473649323 0.0164848921820521 0.0202229078859091 0.0172534305602312 0.0171051422134042 0.0134393584914505
0.0385971646755934 0.0607294075191021 0.111960729211569 0.135167454183102 0.156879344582558 0.0437517631798983 0.0579853344708681 0.113835565000772 0.0768821313977242 0.0528792403638363 0.104593501240015 0.0667043313384056 0.0502319440245628 0.044062015414238 0.0474871926009655 0.0404372923076153 0.051885049790144 0.0211447959765792 0.0379902187734842 0.0294262995943427 0.0241705557331443 0.0321326918900013 0.0340728558599949 0.0348927438259125 0.0392848737537861 0.0456541404128075 0.0363907061517239 0.0276591185480356 0.0349476024508476 0.0317194819450378 0.0241905005648732 0.0345283079892397 0.0269973073154688 0.0384340491145849 0.0268598254770041 0.0304912272840738 0.0352221678942442 0.0421003039926291 0.132404916733503 0.0298362042754889 0.0180811079218984 0.0156965397298336 0.0339252579957247 0.0423095036298037 0.0111722014844418 0.0326431622728705
0.0692964911460876 0.0602423347532749 0.0614623032510281 0.0749730333685875 0.134445139765739 0.136253321170807 0.346270805597305 0.0419840384274721 0.0420344240963459 0.114237120747566 0.0517320811748505 0.0418179292231798 0.0758478932082653 0.051972596347332 0.038421730697155 0.0504650969058275 0.0225377935916185 0.0225081883370876 0.0342097975313663 0.0345665074884891 0.0355928096920252 0.036267364397645 0.0343006324023008 0.033383809402585 0.0319428589195013 0.0376444559544325 0.0342168234288692 0.0362407390028238 0.0287021685391665 0.0498052984476089 0.0507914666086435 0.0337171476334333 0.0441288445144892 0.0294142520055175 0.0466341994702816 0.0445882689207792 0.018898967653513 0.0276101797819138 0.0189754394814372 0.0132733848877251 0.0109069610014558 0.0115170545876026 0.0179542026482522 0.00990609750151634 0.00997057510539889 0.0104849853552878
