Scripts_&_data/Maxent_result_files_1/Bombus_flavidus_3.asc
NCOLS 594 
NROWS 330 
XLLCORNER -15 
YLLCORNER 23 
CELLSIZE 0.166666666666667 
NODATA_value -9999 
[rows 160 to 179 of 330, columns 440 to 483 of 594]
8.91348274009829e-05 6.06168010733654e-05 1.85746582317847e-05 3.62429341226322e-06 1.56063055932742e-06 8.35648516994691e-07 1.18550690524355e-06 1.33330743268267e-06 1.39065222732881e-06 2.05651783886651e-06 2.42036660231815e-06 2.70972277498505e-06 3.1036031260534e-06 3.29128246234767e-06 2.54136743820244e-06 1.59441080186395e-06 1.72591012443934e-06 1.43287058887998e-06 1.32545044083665e-06 1.06889479427608e-06 9.13394136337065e-07 7.87625642706402e-07 6.54994130211417e-07 4.85313423759237e-07 4.74467804778556e-07 4.2281561736246e-07 3.42922654239519e-07 3.49955004674829e-07 3.94855644070269e-07 4.07543345926076e-07 4.19166119336456e-07 4.18717251204903e-07 3.58585106496889e-07 3.76084928921383e-07 2.84891009660893e-07 1.58779965364619e-07 1.67675310747128e-07 1.80760966028704e-07 2.59303747340844e-07 2.81653062927933e-07 2.6786515920918e-07 3.76862933526567e-07 4.13236741614309e-07 6.18275096087029e-07
1.41889606067869e-06 1.21462725397592e-06 9.21506116602355e-07 9.90569322223411e-07 6.2532739408816e-07 9.16462314337618e-07 1.86970415108068e-06 2.07089953581097e-06 2.14884047682329e-06 3.25228808637501e-06 2.31594246706823e-06 2.07552985618253e-06 2.29484944442859e-06 2.60610659632565e-06 2.25987369240066e-06 3.37043241422919e-06 1.75377722573256e-06 1.56051594374373e-06 1.16021133227395e-06 9.68013172963911e-07 8.10590489064289e-07 7.8463924630956e-07 5.92599870197219e-07 4.11895282137476e-07 3.83340321830072e-07 3.75631982219016e-07 4.11980942360834e-07 4.77207382110212e-07 5.12471000257975e-07 4.80586606976807e-07 3.95162904076596e-07 3.77723289879395e-07 3.17998499388405e-07 2.55431642537385e-07 2.14548444543716e-07 1.76437255783313e-07 1.34870686097077e-07 1.1192438135188e-07 2.97854015463006e-07 2.21902785635386e-07 1.70377205599426e-07 2.50569553683633e-07 3.12340736463579e-07 4.26673437003977e-07
3.9479576894319e-06 1.88352459937757e-06 9.50673770216959e-07 7.30295769213463e-07 7.34561606652306e-07 7.58098239805882e-07 7.39335324739798e-07 8.9756634390481e-07 1.46646560498231e-06 2.92259283951601e-06 2.66827431927297e-06 2.47127002233061e-06 2.03893739115779e-06 1.76902876783958e-06 1.90310416720019e-06 1.96834817279834e-06 1.54070338856949e-06 9.00924073343745e-07 7.96023090521292e-07 9.52146227595208e-07 7.37945725470812e-07 5.59031446312197e-07 3.69860343796269e-07 4.18404623636626e-07 4.21055577037865e-07 4.53458076543622e-07 4.8895969840812e-07 3.99459224531551e-07 3.14653663024966e-07 3.24215954616847e-07 3.87847909188999e-07 3.58482656992454e-07 2.72728483474705e-07 2.09177813392802e-07 1.67451305566058e-07 1.46419500191008e-07 1.19929938258156e-07 1.03518700833582e-07 1.17316628900355e-07 1.36977812970063e-07 1.59270118182953e-07 2.47251340323995e-07 3.69664834787287e-07 4.47003021564196e-07
3.8841908529097e-06 1.50633547220114e-06 8.81020238863162e-07 8.36761136724373e-07 6.83864567008197e-07 8.84581900595371e-07 7.24335197843651e-07 7.51566316936625e-07 1.26328235441342e-06 1.84918705559145e-06 2.6129809955755e-06 2.28970026574515e-06 1.46165110403995e-06 1.23550330440869e-06 1.49320279039244e-06 2.62372626034235e-06 1.09100168161902e-06 7.92278627681498e-07 8.80226761168501e-07 8.20838970949644e-07 5.74808962083839e-07 4.1520341835799e-07 2.70431671223204e-07 3.03351278208019e-07 2.57570215611569e-07 2.45148183697363e-07 3.38606923722118e-07 3.61099836998502e-07 2.21438952618946e-07 1.98130209549952e-07 2.62511337711935e-07 2.16678452946706e-07 2.14422632716094e-07 1.94093862981859e-07 1.5343070411955e-07 1.09300831019343e-07 6.93991228373214e-08 9.23058690149858e-08 7.9866251490035e-08 8.8220479721457e-08 1.03325288780542e-07 1.55418781766503e-07 2.0904102695507e-07 3.28844476338297e-07
2.5802855443624e-06 1.14782264639679e-06 7.54494412191775e-07 1.19921224538411e-06 6.55859615872334e-07 9.90417496848917e-07 1.13414618009289e-06 1.0544780932098e-06 1.27053014815637e-06 1.88294277910783e-06 1.46182078714086e-06 1.255769191566e-06 1.28613250652831e-06 9.94321757608052e-07 8.97976157276936e-07 9.69216396362604e-07 7.00321158475514e-07 5.58475133305425e-07 8.31560489511496e-07 5.17930451260362e-07 3.70846137565106e-07 3.12281400249859e-07 2.24523132674737e-07 1.51367886702669e-07 1.40772422729807e-07 1.38094350898843e-07 1.89663318661548e-07 2.0614838427413e-07 1.47620187562758e-07 1.39461957293641e-07 2.15509694900806e-07 1.41641162121342e-07 1.20011695670108e-07 1.26907603148485e-07 8.01849040499292e-08 7.99827733821701e-08 5.87257304784927e-08 5.63194685443413e-08 8.31755313845939e-08 6.73055166156011e-08 7.17190279719837e-08 9.53613352505656e-08 2.26281681148244e-07 2.34601779824928e-07
2.11478485039329e-06 1.36018433436469e-06 9.02482212505884e-07 6.95944885220623e-07 5.71386472614233e-07 9.29389359538568e-07 8.78613635224568e-07 9.25659663442158e-07 8.51221290876225e-07 7.77113697392195e-07 7.537925316492e-07 7.39529870208422e-07 5.62282259242153e-07 5.21122423413622e-07 5.50795740639209e-07 5.1421640389071e-07 6.25824209432579e-07 4.03465358400634e-07 4.33596005899872e-07 3.0075731393131e-07 2.71830723652666e-07 2.35727351116655e-07 1.96405621100126e-07 1.33072205177331e-07 1.08780219043592e-07 9.97463247554009e-08 1.0066766600314e-07 1.11547109515886e-07 9.47837967335552e-08 9.86576645378712e-08 1.14764176961657e-07 8.00537134582058e-08 7.70665012916893e-08 6.73437269949062e-08 4.95223443308657e-07 1.64880395736589e-07 3.41726027475175e-08 2.87939944998428e-08 5.36870550016388e-08 3.63358966470884e-08 6.2590203031565e-08 8.02185678772105e-08 9.43853362245228e-08 1.10397343500157e-07
1.0416580315642e-05 1.29611635966143e-06 8.71380573108649e-07 8.22257435761919e-07 5.67622176295135e-07 8.21107550241784e-07 7.60021732204574e-07 6.50649176170415e-07 6.00873191825002e-07 4.70443927735875e-07 3.78611092266556e-07 5.17643663766609e-07 4.77814227806128e-07 4.27263054059157e-07 4.45562032003188e-07 3.40725336189784e-07 2.99425888172777e-07 3.21158829441615e-07 2.5042833610156e-07 2.2596534919872e-07 2.47544386022813e-07 1.73095035316262e-07 1.31886114551616e-07 1.23696017073627e-07 1.09058345842961e-07 8.31963648528777e-08 7.55306430844094e-08 7.15391234806795e-08 6.39046130790355e-08 7.15404897766447e-08 6.44516937153838e-08 4.52863019195782e-08 3.91244535991042e-08 4.43213032719214e-08 7.40531287291013e-08 4.06114798345847e-08 1.81856247283285e-08 1.72294681299867e-08 1.87099052251227e-08 2.33467734811477e-08 2.27424539644971e-08 3.12366724153357e-08 6.39719408668249e-08 2.60959935327598e-08
8.08045145983538e-07 8.21611401158329e-07 8.93981683181e-07 1.32274755585415e-06 4.59324704293884e-07 8.21778048809563e-07 7.73543603194149e-07 3.91803412491676e-06 6.01074555228731e-07 4.34383465974797e-07 3.22986245571144e-07 2.79703837602341e-07 3.12086556053526e-07 3.01534091950995e-07 2.76082523387178e-07 2.76814201682907e-07 2.47749009985032e-07 2.56207288784616e-07 2.21695514301956e-07 1.66353044850354e-07 1.16668389760211e-07 8.51467072737755e-08 6.76903360474768e-08 6.32916833276376e-08 6.69837339373203e-08 6.78006908283457e-08 5.17377909847738e-08 4.67732174658231e-08 4.35467214510155e-08 3.94855833585339e-08 3.44347601988204e-08 2.88261711833826e-08 2.42916282533479e-08 2.26795713875738e-08 3.89930566835339e-08 1.65750129177411e-08 1.38748760591945e-08 2.05041998047051e-08 3.70166230445612e-08 5.70301886049229e-08 3.15985211207792e-07 4.85855346621378e-08 1.15011423162947e-08 1.57901296815588e-08
6.46530628489739e-07 4.51796830791551e-07 6.36472860426895e-07 5.25346826352191e-07 3.85660419099931e-07 5.51815003668743e-07 5.99440759785352e-07 4.78871013831483e-07 4.14091001565975e-07 3.21139971959372e-07 2.29904307291751e-07 2.23935033805134e-07 2.17330948981687e-07 1.98825116681789e-07 1.9113935511017e-07 1.94510123874281e-07 2.05289642751794e-07 1.77807947443487e-07 1.27619526435474e-07 8.83787086736199e-08 8.05798531788859e-08 6.82509210814253e-08 5.92396109277971e-08 4.93412380064839e-08 5.06752194207039e-08 5.51743525423198e-08 4.45753064126642e-08 4.0567743486708e-08 3.68596570710089e-08 3.03519435251864e-08 2.46968264838721e-08 2.35065667486545e-08 1.99295796310395e-08 1.85254348972208e-08 1.57757096497235e-08 1.74369492511595e-08 1.30531921715971e-08 1.49150054196134e-08 2.26215890908321e-08 7.23313241635104e-08 3.20801307407415e-08 9.6689739881306e-09 8.22353174445567e-09 7.3365002295489e-09
3.89995807958954e-07 3.45544567481593e-07 3.75921580630934e-07 3.88977170884264e-07 5.05011731188887e-07 5.59081251993998e-07 4.75570840419159e-07 3.97812617380922e-07 3.10544229231713e-07 2.50681098989958e-07 1.92236057916517e-07 2.02125887183158e-07 1.83888105353969e-07 1.52966455158055e-07 1.38367028712505e-07 1.28023541479116e-07 1.17579935576817e-07 1.11177717854183e-07 9.35320433659292e-08 7.32491108323963e-08 6.65441645564258e-08 6.09342087565246e-08 5.15341613160913e-08 4.32239763648035e-08 4.35157259226493e-08 4.1970346775777e-08 3.76466678941867e-08 3.59305242669805e-08 3.34732507822899e-08 3.18425493528451e-08 3.03305007776089e-08 2.47663639929563e-08 1.99365732922452e-08 2.11658270132808e-08 1.57630402841669e-08 1.57076183393556e-08 1.16085688062206e-08 1.25709931020346e-08 1.11096407628963e-09 1.06793321963394e-08 1.16494979551796e-08 8.98667636972661e-09 8.58561685079806e-09 1.01250173356604e-08
4.95572909631203e-07 8.87202976029844e-07 6.66811920979615e-07 4.96575633968099e-07 5.09985041163841e-07 3.93109226204391e-07 3.12190126527945e-07 3.35686942132263e-07 2.81717280148364e-07 2.15189403018901e-07 1.73173199624621e-07 1.35208950646781e-07 1.27360363477713e-07 1.09357431066215e-07 1.00147161730124e-07 9.42124370628683e-08 8.83020028208392e-08 7.97116406991982e-08 7.26281995433453e-08 6.15598280462315e-08 5.42344715914744e-08 4.60395780166323e-08 3.12371904120923e-08 5.60577438690757e-08 3.84994416902096e-08 3.59593188781204e-08 3.50683971861443e-08 3.40076002247613e-08 3.44358318860039e-08 3.53335082969863e-08 2.9006082047367e-08 2.92276978619554e-08 2.18951893726782e-08 2.07699057286348e-08 1.92237672447249e-08 1.7848765498929e-08 1.49614128863718e-08 1.38424038231832e-08 1.18018577022205e-08 1.1398126709139e-08 1.2963945805744e-08 1.31643736134279e-08 1.28335691074177e-08 1.53524187473941e-08
1.63864354937315e-06 1.51517399348267e-06 6.50415780023561e-07 4.89823868421446e-07 4.42945184253585e-07 3.2889555884319e-07 2.67656908303771e-07 2.54039116587279e-07 2.50668612600258e-07 1.77798273370833e-07 1.44042405914036e-07 1.08615405369772e-07 8.90528652708333e-08 8.21454659516441e-08 8.57705594325964e-08 7.93622831229968e-08 7.0508276339698e-08 6.21581430548801e-08 5.33157735516099e-08 4.84340609618883e-08 4.64385768395026e-08 4.23641833613431e-08 3.58212022155691e-08 3.36599327188658e-08 3.11578472578233e-08 2.93539970441792e-08 3.18858532577515e-08 3.07177179470486e-08 2.95366826108534e-08 2.5664191871666e-08 2.93650470273299e-08 2.46177940366188e-08 2.35120745539774e-08 1.94325695757058e-08 2.21514599885175e-08 1.89813537887495e-08 1.63579612744158e-08 1.3047796565413e-08 1.2960171613674e-08 1.71509224600186e-08 2.49260934559459e-08 2.34512174235313e-08 1.50063000470269e-08 1.57486460650169e-08
8.43875311151709e-07 1.92355770689545e-06 1.80743219225787e-06 8.62080136365684e-07 3.29925223441219e-07 2.57877511722349e-07 2.49372752936239e-07 2.14880989224397e-07 1.62272229287108e-07 1.32918173545438e-07 9.9078309834244e-08 6.96947491940492e-08 6.24020342621101e-08 5.6311488727534e-08 6.32012342016708e-08 5.6591237562742e-08 5.08169751611831e-08 4.88390003328121e-08 4.54423214613087e-08 4.31447947368824e-08 4.40067553508783e-08 2.67019459876394e-09 2.78691577704215e-08 2.79340302555831e-08 2.84896914060084e-08 2.76485758510248e-08 2.52861227290069e-08 2.45230964757148e-08 2.51144049667751e-08 2.3299552931455e-08 2.68596761054951e-08 2.52052062110764e-08 2.31833805486303e-08 2.24590103736766e-08 2.13860077646899e-08 1.76271400031958e-08 1.85081717285485e-08 1.98906352832928e-08 2.20207335588363e-08 2.24602834886234e-08 2.00142729611663e-08 1.81580549707405e-08 2.4414160160191e-08 1.93205122678286e-08
5.62023897499042e-07 9.58024330399709e-07 1.12062022241677e-06 6.98116959096939e-07 5.23355614656662e-07 1.95201503105924e-07 1.44836805349158e-07 1.15364067909685e-07 8.14455203945741e-08 6.7975227735495e-08 4.24842067969777e-08 4.18791332279511e-08 5.55916437106063e-08 5.77331515483337e-08 5.51555080607891e-08 5.00129464842125e-08 4.31189008831545e-08 4.54636970736999e-08 3.74137013925413e-08 4.40805105528241e-08 4.22363557017746e-08 1.92824074041198e-08 2.46160372086024e-08 3.60590179937503e-09 5.19215878069801e-09 2.38593663715037e-08 2.71151156194804e-08 2.80958000753451e-08 2.94437904724276e-08 2.63925006183108e-08 2.4969911172068e-08 2.33598903776056e-08 1.94138587095161e-08 2.05340834003032e-08 2.06239583744328e-08 2.04040337736799e-08 2.42070627209934e-08 2.65258113807398e-08 2.90279969394902e-08 2.51487652258575e-08 2.20710433262994e-08 1.82353265265611e-08 1.64595568508119e-08 1.9067315693011e-08
4.37865246116775e-07 1.16507628025175e-06 1.40763411999867e-06 1.09213295056421e-06 4.81141766273119e-07 2.19946030843854e-07 1.17279445621676e-07 8.48249955054392e-08 5.1040688520132e-08 4.74082185064617e-08 3.29309351010387e-08 4.52531422889813e-08 5.63542705167563e-08 4.53173511272276e-08 4.57836360379105e-08 4.35191682690572e-08 3.99938945960798e-08 4.0066314632714e-08 4.01232656654926e-08 4.01148815387664e-08 2.7759420162532e-08 8.17378730255669e-09 2.16875716607667e-08 1.55001761314999e-08 2.28397959545212e-08 2.86655148618031e-08 2.70579080807742e-08 2.8014825426137e-08 3.62448207225086e-08 2.39884224262354e-08 2.22500856628116e-09 2.27300709920719e-08 2.33446478259403e-08 2.09710401266605e-08 2.61896680231466e-08 3.30858947128476e-08 3.53038019373919e-08 3.65997076867686e-08 3.36905287667832e-08 2.41211796758733e-08 2.34868991477732e-08 2.38475170721841e-08 2.17829422832772e-08 2.1614472722753e-08
4.47778216183803e-07 1.21244236077622e-06 9.80793250138223e-07 1.06190210603652e-06 9.61958094236604e-07 4.31561025848737e-07 2.50339011365064e-07 1.42923363133374e-07 1.25489691338299e-07 7.88731811529608e-08 5.23692659681885e-08 2.61314378469102e-08 2.71661243278487e-08 2.98563799905338e-08 2.84427923991082e-08 2.78488642369012e-08 2.88053966790436e-08 2.62424311281428e-08 2.61466985174152e-08 2.36481238813369e-08 2.0530003586039e-08 1.95723960594307e-08 3.06042314712762e-08 1.94221269178563e-08 2.35286842453775e-08 2.93347601432181e-08 2.67027565725719e-08 2.49783961070449e-08 2.50146709568355e-08 2.45211212002161e-08 2.49272603336514e-08 2.55529367998442e-08 2.98267604281754e-08 2.50685267433326e-08 3.02121057615956e-08 3.18274937627372e-08 3.7134537389516e-08 4.09998491490704e-08 3.03711574667354e-08 2.59725448259474e-08 2.68764523969622e-08 2.68642558642895e-08 2.70664909152174e-08 2.64366003643879e-08
5.40777866253617e-07 6.32721074345088e-07 5.67634634962566e-07 9.73036489737567e-07 9.49299932373471e-07 6.1713644347039e-07 2.99337395925914e-07 3.17119099901841e-07 1.32384067275115e-07 1.04370452136404e-07 6.401424378355e-08 3.57819694207784e-08 2.83920466137566e-08 2.14679760301983e-08 2.12156994972013e-08 2.83364604114489e-08 2.87096516338181e-08 2.59785890910358e-08 2.06636655564196e-08 1.87079569613502e-08 1.83851760482412e-08 1.98684350860567e-08 9.79206640217001e-09 2.05408239417615e-08 2.27291686694109e-08 3.15853928123389e-08 3.87677910440587e-08 1.86222551379345e-08 2.34218651473661e-08 2.52721062077299e-08 2.50593419903744e-08 2.56434023127028e-08 2.47505461126174e-08 2.71323145062397e-08 2.84036830833223e-08 2.89119865048981e-08 3.10222402988281e-08 3.59879428701859e-08 2.65346518535381e-08 2.5150263216478e-08 2.70097568422223e-08 2.92885965258449e-08 3.18368465701546e-08 2.7895333587491e-08
6.25933700193482e-07 2.67200156967018e-07 4.34387052827834e-07 7.14881336028039e-07 4.56305142804148e-07 5.58647845028126e-07 1.90210040940109e-07 1.33001285407275e-07 1.7822492378583e-07 9.6967720719654e-08 7.75928849949814e-08 4.22808118738516e-08 2.87244586227864e-08 3.25804047962563e-08 3.29442604418695e-08 4.25484643185037e-08 2.7563517024376e-08 2.28219945608288e-08 2.03239398421928e-08 1.92817001476442e-08 1.88174687831832e-08 2.0933751576635e-08 2.19468055728811e-08 2.04124506075765e-08 2.6444416900695e-08 7.3613167339559e-09 2.26271124281752e-08 2.14779188878467e-09 2.27734585633854e-09 1.20661565183866e-09 7.22190540702883e-10 1.92429162160224e-08 2.44809546634528e-08 2.62171667930744e-08 2.63498297514708e-08 2.68421043059242e-08 2.73039263865016e-08 3.08707823415411e-08 3.05842262515732e-08 3.00042923617738e-08 2.87591419123601e-08 3.05761983621089e-08 3.46217901237011e-08 3.35670454432169e-08
2.81344945995965e-07 3.78713144189025e-07 6.18414824216096e-07 1.13359169606753e-06 4.49294363236152e-07 3.77487520331066e-07 1.85251315676371e-07 5.20576891926972e-08 6.22672685524073e-08 1.31233626421423e-07 1.41990674207282e-07 7.17118026294372e-08 2.94681259060958e-08 3.8645555178185e-08 3.70167875685112e-08 3.3539104549174e-08 2.30509324516959e-08 1.89534919314838e-08 1.86027036885861e-08 1.9701950770834e-08 1.89902614189386e-08 1.92748520255748e-08 1.98324950018147e-08 1.97252130518244e-08 1.87302032994552e-08 2.52366039621421e-08 1.29675916338279e-08 6.87058376858118e-09 6.24443308172573e-10 3.79414977214054e-10 4.36749758581101e-10 1.04671471490292e-09 4.03052751285493e-08 9.51384202529937e-09 2.53319893839254e-08 2.39091376807998e-08 2.61586709626727e-08 2.58376691264495e-08 2.61473759866071e-08 2.78213440618735e-08 2.92823766456785e-08 3.06654717174837e-08 3.16850018555748e-08 3.3844212354861e-08
3.10875873710259e-08 4.55624434625435e-08 1.03148158947519e-07 1.42548982462465e-07 2.05255989138564e-07 2.45790874231488e-07 2.48298778227074e-07 1.03315895672029e-07 9.37213815221938e-08 1.23668275653355e-07 5.5147080735285e-08 4.10167954156826e-08 2.12356683682025e-08 2.33074574751413e-08 2.3444845564935e-08 2.0549084256416e-08 1.89702328512453e-08 1.90457432935887e-08 1.86982877292685e-08 1.87230326131882e-08 1.92479956639957e-08 2.10386080112812e-08 2.0691058078004e-08 1.89045155196688e-08 1.74988422196876e-08 1.596224628031e-08 2.2226613327625e-09 6.26388974023229e-10 2.32849772796584e-10 1.07767594847985e-10 5.69738667355324e-10 1.5612544013166e-08 1.87865682566013e-08 1.9218245606023e-08 1.97913263888516e-08 1.91143585293041e-08 2.10569363279234e-08 2.17754866471687e-08 2.24281361260736e-08 2.39449999273056e-08 2.47210212633853e-08 2.70001577318268e-08 3.05377543252661e-08 3.88817395391428e-08
