Scripts_&_data/Maxent_result_files_1/Bombus_brodmannicus_2.asc
NCOLS 594 
NROWS 330 
XLLCORNER -15 
YLLCORNER 23 
CELLSIZE 0.166666666666667 
NODATA_value -9999 
[rows 140 to 159 of 330, columns 225 to 269 of 594]
0.00194098132269573 0.00105873847951443 0.00159414536319673 0.00137368871555736 0.000811092702497263 0.00252694722439628 0.000157876748426133 0.00013854126455044 0.000835495495175564 5.47792482407772e-05 0.00161246990574 0.000356077987635217 0.000123282766526245 0.000209300477189345 0.000311625989217035 0.015820715011796 0.000861399953419095 9.02680508090725e-05 0.000110613266815562 5.0232303684794e-05 0.000327726566320052 0.000261823290747998 0.0010277615187988 0.00420721529808361 0.000840477868769085 7.21865283864531e-05 0.000699601612791412 0.000119114957928446 0.000458448394329025 0.000151598388720231 9.95613337181567e-05 8.931829480332e-05 3.75926225117951e-06 3.52525836384565e-06 3.55779168903503e-06 5.74162198041517e-07 8.41613307833722e-07 0.000106660550932247 0.000584694037934241 0.00253558674394299 0.00011213312595828 0.00144176654466719 0.000324511604321742 0.000744166946969926 0.000882611503402586
3.13942570605574e-06 0.000238122819115461 0.000922232336597517 0.00114825855416711 0.00154441921567923 0.000325391529258923 0.000313079291322538 0.00138613984745461 0.00095821044051263 0.00328996042444487 0.00144081131529674 0.000115520241078571 1.59739581450769e-05 0.00239267535507679 0.000643612599731114 0.0035667424888743 3.45833834765497e-05 0.000165371402385972 0.000410618513160443 0.000376345833865344 0.00345191420929041 0.000223220252428291 9.72491218135474e-05 0.00366513981716707 0.00376526483341877 0.000606976828726147 0.000115929740109766 0.000962840920499275 0.000162368281079495 3.73228354181521e-05 1.51151946378825e-05 0.000194925142286806 1.40069362203454e-05 4.27741329770415e-06 0.000291143843924146 7.15831118014876e-05 3.9974223408179e-06 4.9104190509297e-05 0.00158882728574099 0.000825737310879049 0.000479568711307365 2.38465392962794e-05 0.000219483258615583 0.000971051052874827 0.00242946248690714
0.000268471196886821 0.000846402831302839 0.00173312143469957 0.000972892339632381 0.00297994748507335 0.00155232315064495 0.000766215990915953 0.00836650844721589 0.000393671794699912 0.000624450326949955 0.000657093410745801 0.0115904456120916 0.000190786158418632 0.000230413082975645 0.000443833042481856 0.000415295158200024 0.000648880253720563 0.000442027869576123 1.28288257677966e-05 2.22351503798457e-05 0.000536928265501047 0.000469096955021087 0.00142809133394621 0.00190675074263709 0.00248779893881874 0.00252349559159484 0.000570322401654266 0.000146184813252148 1.52683344829097e-05 7.93191737196164e-06 6.63089209149703e-06 0.0005441946668725 0.000326709803817948 8.22028202673408e-05 1.42265859189861e-05 8.10906657643606e-05 0.000260157903073832 0.000261900864734344 6.39692346055654e-05 4.63653729823044e-06 1.14109284334862e-06 7.86136298371876e-06 0.000226454998255576 0.00492978254842455 0.000416068389677093
0.00300167804598459 0.000762471852976887 0.00913393961382098 0.00365551662398502 0.0204307145322673 0.0151031793793663 0.0123085285187699 0.000760181060672949 0.00348097304668045 0.00314443347451743 3.81674599353232e-05 1.53125218753658e-05 0.000956547433452215 1.1974857162711e-05 0.00092469410301419 0.00329555477583199 0.000154562148236437 0.000416434717953962 0.00068166657583788 9.79135792476882e-05 8.99125390048994e-05 4.20247330360723e-05 1.68610185671492e-05 5.63560004962937e-05 0.000369836779645993 0.00195528272524825 0.00100718079775106 0.000798766676234663 0.00157457691675518 0.000779332229649299 0.000437546730609029 0.00107391283102061 0.00254630514755263 0.000521924633540038 0.00169684377033263 2.5538733792585e-05 4.18107600591577e-06 1.6366558598202e-05 1.82122837911081e-05 7.92176080122164e-07 1.47834784233192e-06 1.77280056423701e-06 2.59684853462616e-05 0.00222280505113304 0.00258670725961565
0.000131896548032273 0.000577333726869256 0.0141482614679262 0.000488187682685748 0.000115010065974275 9.4402488173273e-05 0.000105786879146308 0.00287692267011153 0.00635283417068422 0.000859204524158486 0.000518922216178908 0.000326218314651072 2.90330332127553e-05 0.000657034945106716 0.00176773667772068 0.00315578403533436 0.0021823031551321 0.000202895469465147 0.000400912440454704 7.47277101538657e-05 0.000200876227290792 7.70187012389956e-06 1.3163645278147e-06 2.15205629237936e-05 9.97128185199148e-05 0.000319779924893737 0.00063393815762538 0.000261092212485892 7.77462948235552e-05 0.0873324654530734 0.278627763688564 0.0239986850938294 0.000147209323449715 2.25280885051138e-05 8.08907930036185e-05 8.6324767687529e-05 5.8944748676959e-06 3.82361524913222e-05 1.21092318560612e-05 4.29546400368963e-05 1.25619359377938e-06 2.80636606280194e-06 3.06206195702652e-06 3.62338955625319e-05 0.000370456818382081
0.00151705293428677 0.000527747246633226 0.00011004881904455 0.00125208624922379 0.00126416365237674 0.000554251911307802 0.000423134851553186 0.00170746428339044 0.002954280638005 0.000510074184626319 0.000990719468609313 2.78446475953098e-06 0.000509229468480044 0.000964002653199714 0.000349947345239343 0.000839030916176853 0.000588821390556404 7.89562095178553e-05 3.45694141308916e-05 8.32641537499512e-05 0.000283085225055402 0.000244855430537427 3.26222986036129e-05 3.03018654570497e-06 1.96793504817272e-05 0.000113363818013568 0.000213967344279808 0.0011722211012966 0.00508056031540036 0.00220329662406584 0.00374159007042181 0.0033692840472213 0.00224255500725121 9.55840034066568e-05 9.82936583397986e-05 0.000168874517427753 2.19036841843767e-05 9.1800445551371e-05 0.000115559533315945 0.000126787732915545 3.92124123957949e-06 8.4038607680581e-07 6.50798162160626e-07 2.15294465565341e-06 0.00054735202829761
6.86967684202955e-05 7.1705366346464e-05 0.000226383142944542 0.00163019779574824 0.000443507260570186 0.00225301232276252 0.00130808200046886 0.000115329558144595 0.00159223373630084 0.00119408711034339 0.00155316448654048 4.93821874840705e-05 0.000955021974004922 0.00101728624795214 0.00118771268244018 0.000249611146591633 0.000148035123720547 0.000672903925567425 0.000295251486191717 0.00206020405894378 0.00533019154681824 0.00564742213173304 0.00080708220921224 2.26711850228156e-05 9.39531629910562e-05 7.45730880339579e-05 0.00173755690811959 0.00015973861331986 0.000137486171377077 0.000119534554232814 0.000121286121236608 0.000810754474878195 0.0030010991544259 0.00247004257835215 4.97694544492333e-05 2.97488032216187e-05 1.72144525044438e-05 1.7347344545815e-05 5.37950350064875e-05 0.00101965054054745 0.00022094984915384 7.55381458772408e-07 4.14087834954557e-07 1.53703868539523e-06 3.12033166897097e-06
0.000322004525310149 0.00162988004740328 0.000772508473346534 0.00082003653387801 5.26869199177327e-05 0.000680482674215455 0.0017134416179033 0.00261871931361384 0.00232629943348002 0.00355254342357512 0.000912273414724041 4.85674176957218e-05 4.23384214743194e-05 1.72584215002214e-05 2.32565886186031e-05 2.45500782074526e-06 1.19033846844863e-05 0.00222054333280539 0.000137955497234543 0.00140442978517967 0.00153970359024242 0.00253455003694398 0.00393982372115715 0.00140806530107511 0.00146960352540191 0.000969485984751373 0.000649911791560953 0.000310139090015582 0.000201859465869347 3.70936114152176e-05 1.71607187525957e-05 3.34900762993584e-05 1.50727121582817e-06 1.89396349332682e-05 2.79307251872751e-05 1.05111017781878e-06 1.64355415941619e-05 6.65130392002444e-06 3.04703444061749e-06 2.68076619895918e-06 0.000151941455919768 1.03241213613714e-06 1.68532126658683e-06 1.2873459373175e-06 1.10457931736918e-05
5.1747204804542e-05 0.000177307303920315 0.000759221748467098 0.00165588587206003 0.000298092758259827 3.83065532075788e-06 0.000741890075187257 0.000396762373088677 0.00166275551309809 0.00172933123103576 0.000860260242188815 0.000299182814296728 0.00061079460720066 0.00211944505281281 0.00194429932089406 0.000185754672111216 2.44695750783563e-05 0.000173442188838635 5.87914201638284e-05 0.000931487885827664 0.00361519355647033 0.00602467288263142 0.00310523814841872 0.00257366900405032 0.00210909940869897 0.000708803253655788 0.000550084305723431 0.00117900872210157 0.000798883707466302 0.000427873809348966 6.72178279224056e-05 3.9799727202916e-06 4.90988353105681e-06 3.75452357962658e-05 4.51957081416765e-05 2.60327340565469e-06 1.89558816047319e-05 1.38882926520867e-05 0.000113215800774924 6.5349139498494e-05 8.74998454861498e-05 0.000435610818385612 0.00184901215943682 0.000290473256336554 2.05454453487519e-05
0.000243134285301494 0.00102104675424926 0.00135828818238224 0.00217667238175636 0.00104164438726002 0.00137575546687003 0.00288249659715802 0.000163113229281464 9.2745169860109e-05 0.00182633937220089 0.000793764216359705 0.000380189038787648 0.00052516539926728 0.00259816317411605 0.000802660612680484 0.00116728251523455 0.00102139918453759 5.85688836101106e-05 0.000757762299781462 0.0105971727934957 0.0015278395740097 0.00285655855841469 0.000973792613513069 0.00276896163377387 0.00201618467544904 0.00149612756104034 0.000625888523063622 0.00232626395518309 0.00285761805425864 0.00194701221698779 0.00538962759601418 0.000512248536142579 0.000251577826293214 1.753924703638e-05 7.19128991577556e-06 4.80461193262727e-05 8.80599199476473e-06 3.7411207542859e-06 3.5617616839545e-05 7.72928379802806e-05 2.50020604992685e-05 9.14436134848984e-05 0.00276693609339418 0.000675707299160422 0.000946273314184509
0.00100207468349254 0.00137892212951556 0.00101812235952821 0.00037585320751532 0.000530007060660864 0.000129043652759719 1.61044349638928e-05 0.000106786967275241 6.82190384042158e-05 0.00117986354798632 0.00174339877303282 0.000509311870877127 0.000155740023910766 0.000215011771615536 7.73666014879382e-05 0.00178584540262818 6.89210891152925e-05 1.5794908140343e-05 0.0011372673423466 0.00345793024171144 9.91640495840329e-05 6.18332983492564e-05 5.0908998415089e-06 5.06592427740316e-05 0.000156474086452363 0.000295704044037848 0.000616991434981173 0.000107444635989395 0.00171721814913326 0.00260181898920564 0.0018328183829226 0.00079498904015054 7.57097942752694e-05 0.000296298184960619 9.62215225530638e-07 1.16991130113653e-05 1.86315202525655e-05 4.48990982793163e-06 2.314495068656e-06 2.70624130822572e-06 5.30098913711363e-06 2.13264747809916e-05 0.000443104844453046 0.000126370479188154 0.00135105304379977
0.00118796858114365 0.000347435840922117 0.000587327747780364 0.000371687103961449 0.00257497559359763 0.0028048237785697 7.2397605819674e-05 1.85623765975862e-06 1.29335589674762e-06 1.01529628485864e-05 5.0152878075771e-05 0.000793012693793571 9.3778799933375e-05 0.000663107523632789 0.000470929372761475 0.000274457775412884 0.000153954296996517 0.000693390388187254 2.77394237347961e-06 6.16058369506955e-07 0.000114692829415486 2.54454817704142e-06 2.63331239758191e-07 2.71344677383212e-05 1.68476142373919e-05 0.000171288096797184 1.83082584718552e-05 5.78748980188948e-05 0.000199066092000066 0.000115926693513302 0.000344661035649096 0.000459616674925201 0.000552404785776162 6.69119337572965e-05 0.000301947846037365 2.73364077948202e-05 3.96338983591704e-05 1.67459204138964e-05 1.1573451139002e-06 4.20915425172197e-06 1.33437228448496e-05 5.46420202951481e-05 3.92637729178524e-06 2.36560172627298e-06 0.000298687435952161
0.000203435291496135 0.000263767781416391 0.000113183728331023 0.000454011120746145 0.00045670288745896 4.84660662927183e-05 4.76594408279851e-05 8.7357739802485e-05 3.90466842435599e-05 0.00200727522533271 0.000385583336083073 0.00392915450793225 0.00134607198633603 0.000734550064316863 0.00764423548826017 6.76885686849982e-06 5.0858070839821e-06 3.96532036177177e-05 3.38534351778996e-05 1.37003632144417e-05 9.38130804828408e-07 6.07414541418105e-06 3.27518007040339e-05 5.22101202637959e-07 2.30594836868603e-06 1.3349853496214e-06 1.07234273000412e-05 4.37624004667736e-06 1.94096423129508e-05 5.95729072301765e-05 2.13978111659685e-05 6.18493066212977e-05 1.19116556296373e-05 5.82726868643135e-06 1.85501931927234e-05 0.000126110608835006 2.71164068525565e-05 1.02197025555473e-06 1.96456500193509e-05 1.02630398489678e-05 8.123688652939e-06 1.41122701449614e-05 6.33042728111377e-05 8.8942650650381e-05 7.34629815692944e-06
0.000625398638476327 0.000296478393192956 0.000175794645474525 2.22414741464227e-06 8.50472904232902e-05 0.00199747309234226 0.00129152757672273 0.00244982354342937 0.000678856762624491 0.000907752962848463 0.0018918419315014 3.76292621141472e-06 1.73010759922043e-05 0.000403375235327985 0.000323389449567912 0.00013360454282747 0.00566827120492235 0.000184356262980145 0.00171312215625221 8.25113588960313e-06 0.000125849080973239 1.41034051035271e-05 3.82598921131461e-06 3.41367717411334e-06 5.06654805121354e-07 2.74515528334573e-06 1.82801545452804e-05 0.000261188900185516 0.000241140342131985 3.59034176345974e-06 1.71974722564805e-06 6.87968770853864e-06 0.00533774146315409 4.2391985144663e-05 5.27015685913845e-06 2.45078889548056e-06 2.64899434775145e-05 1.83752249804492e-05 6.82032121346765e-05 1.05906418721213e-05 0.000131977855772902 2.5439129932181e-05 4.0872770367173e-05 0.000334390826174058 2.99885288894686e-06
0.000232109584294449 0.00479632050410146 0.000177498423590805 9.63381362112159e-05 0.000514438467507716 0.000393897575213487 0.000799292295960186 0.00078361940504692 0.000910327639212483 0.00215442945482209 0.0039216603647219 0.00404174723953474 0.000283819248943473 0.000539724931877572 0.000382097843612428 0.000313908855696354 0.000275495127971226 0.000233834486948581 0.00028785958802473 6.07871951558536e-05 0.000230373724116362 0.000109462555019491 4.87846956023663e-05 0.000148657084400838 0.000181084493124217 3.077089005874e-05 0.000197265571841854 0.000105956887711045 9.34646039681297e-05 2.95260176120582e-05 6.4807700955738e-07 2.13546167293299e-05 1.53132769779907e-05 4.74715284999316e-06 2.83598861388068e-06 1.47366209771516e-05 6.07861441918045e-06 9.70797982290605e-05 1.00071870034135e-05 3.11331850594954e-05 9.24101774310015e-06 0.000105447149633164 1.16535830513631e-05 1.37180257596015e-05 3.03456527973367e-05
0.000475832249503583 0.000335646495977926 0.000242479824282782 0.00100702082272619 0.000144282866676804 7.71148133480892e-05 0.00053771790189785 0.00387782311954652 0.000127168199259131 3.29008102085027e-05 0.000294943186281671 0.000366201930046373 1.05117835885515e-05 0.00102192125978036 0.000169118657754552 0.000351996887366113 0.00031990839061109 8.57198528251502e-05 0.000685868292566738 2.76176485552782e-05 3.4185033918277e-05 0.00202439616550691 0.000549110937481601 0.000796587767035817 0.000398830471385736 0.000182957682091001 1.68072887098525e-05 3.34947688429565e-05 0.000368428037472768 0.000423227141072857 0.000154806022658249 2.78439267573205e-05 1.9982974525945e-05 9.80391074207887e-06 2.34538550669683e-06 4.91755707225927e-06 8.31451878033906e-06 7.6023214206522e-06 6.13636671301654e-06 7.60336482471757e-05 0.0018439372866851 2.6629230875308e-05 1.20600331017795e-05 1.18377075619014e-05 1.80138188942136e-06
4.95702114903906e-05 0.00245058345535654 2.59453967458967e-05 4.72181504164837e-05 0.000213650498244533 0.000170908612381027 4.89614754542345e-05 8.45403161715552e-06 1.16398435148213e-06 2.35169044708883e-06 4.27925142474805e-05 9.73343104305968e-05 0.000221777598312656 1.98324450401799e-05 2.37846570092515e-05 3.0233208339947e-06 1.15088761508453e-05 7.92677419127585e-05 2.32985758716886e-06 6.83420152411962e-06 5.0200538333911e-05 7.5161114315847e-05 0.000144084455541815 0.000129723138897475 3.76613532068859e-05 3.42977107280262e-05 0.000148066278279657 7.55521720225971e-06 3.88804547157839e-07 3.40659749398231e-07 1.73412446069499e-07 6.93534003237684e-07 4.71925007775598e-06 6.36781618156279e-05 2.39840202073127e-06 4.37481646881066e-06 5.98402010953958e-07 6.38493495741521e-07 6.62297864562067e-07 3.49284219155477e-06 0.000186348893940647 1.00766604782199e-05 1.9728043214684e-05 0.000402705608576071 0.000492270367067249
0.000386968391103437 0.000191484424476585 9.33723356411065e-05 0.00024882006828193 0.000357363555121992 6.10974596270353e-05 0.000281527411152638 5.13805748991736e-07 2.16710686167687e-05 5.7977345738891e-05 3.47534572163966e-05 9.34425227427482e-05 0.000254445068344467 0.00027696509814632 9.10045559521677e-05 0.000914253542578081 8.53474004088639e-05 0.000328736398932961 3.78360544488032e-05 3.99276414029259e-05 1.33236676848725e-05 9.01950609011326e-07 6.25661659228172e-05 1.09286888199667e-05 0.000140013300894282 0.000153753262293321 1.25335888940814e-06 2.2132368199923e-06 9.21778909868109e-09 4.65115168091224e-07 9.75453410601013e-08 2.49816038166983e-07 1.17275351774193e-06 3.52654685553677e-07 9.43589173932891e-06 4.71506222790019e-06 2.17751126770693e-05 7.67789352039472e-05 3.24256637911802e-05 2.43688749396398e-05 1.14845663668817e-05 5.03907937662973e-05 6.41432815911003e-05 1.62090767656053e-05 1.04478784962225e-05
0.000207466491065134 2.57960517785705e-05 2.76159945940435e-05 5.18656899657799e-05 7.39119204000716e-06 1.55993972185131e-06 0.000270101459591388 6.91848819883489e-05 0.000526164401222218 5.22439343256798e-06 0.000139856600560506 0.000100510899306983 0.000151820598557606 6.71735012474528e-05 0.00491905359085649 0.000196827840488822 3.77291434933369e-05 9.94798233178162e-06 1.03976290011243e-07 0.000118218485827981 4.42216803747897e-05 2.49431763401198e-05 3.81493261295551e-06 1.85134131064357e-06 0.000169274828203925 1.89336207061741e-05 8.09483527708377e-07 2.19896180319035e-06 0.000205441044071009 2.50761302027502e-05 1.50911943757936e-05 1.70463167701307e-06 0.00211533202684677 4.5886122519434e-07 5.89137538498097e-07 5.94636574322571e-06 1.27474805289296e-07 9.52954469390921e-07 2.24093577102513e-06 2.50967674355618e-06 6.09196820164915e-06 7.84286703114923e-07 3.24084876638375e-06 5.24104328226693e-06 1.89736638841476e-06
0.000117321387278935 8.21734325654688e-05 0.000250260708310179 0.000408597125442611 6.84159311788335e-05 0.000103918517230639 3.18302159784123e-06 0.000264029148650025 6.24451607864174e-05 4.41280544471567e-05 3.35182468536033e-05 3.70089924493833e-05 0.000125665772065986 0.00148449783227989 9.50433477231449e-06 3.67364872285725e-06 5.41198765047213e-06 1.17099885628358e-05 2.46298341194384e-06 0.000120347467044368 0.000162202407841505 5.40173953993417e-05 1.02321791129345e-05 0.000118507076581409 0.000647141148147057 4.42998922760784e-05 1.73645944662182e-06 3.49733474018787e-06 0.000824712942721817 0.000143172138389147 1.22239250367473e-06 2.72179983773491e-07 1.04318300717443e-05 6.42567702002772e-07 8.84720048117682e-06 1.29041983072842e-05 9.62734958910971e-05 1.11377394102608e-05 1.15590074448724e-06 5.15119477750847e-07 4.00570362613095e-07 4.31079537654977e-07 1.35227949327188e-07 6.8496926316497e-07 0.000539805908314861
