Scripts_&_data/Maxent_result_files_1/Bombus_fragrans_2.asc
NCOLS 594 
NROWS 330 
XLLCORNER -15 
YLLCORNER 23 
CELLSIZE 0.166666666666667 
NODATA_value -9999 
[rows 147 to 167 of 330, columns 94 to 140 of 594]
-9999 -9999 -9999 -9999 -9999 -9999 -9999 -9999 -9999 -9999 -9999 -9999 -9999 -9999 -9999 -9999 -9999 -9999 -9999 -9999 -9999 -9999 -9999 -9999 -9999 -9999 -9999 -9999 -9999 -9999 -9999 -9999 -9999 0.00224678745144047 0.000853946560528129 0.00175864522607299 0.00697639214340597 -9999 0.0109980234876275 0.0139272477477789 0.0109329168684781 0.00716926050372422 0.00605763474013656 0.0092366308439523 0.00527657913044095 0.00104084978956962 0.034196805395186
-9999 -9999 -9999 -9999 -9999 -9999 -9999 -9999 -9999 -9999 -9999 -9999 -9999 -9999 -9999 -9999 -9999 -9999 -9999 -9999 -9999 -9999 -9999 -9999 -9999 -9999 -9999 -9999 -9999 0.00388974626548588 0.0193212376907468 0.00583249453920871 0.0091757935937494 0.00890620779246092 0.00976289790123701 0.28942312002182 0.017374056763947 0.0077517197933048 0.00768219666788354 0.00428840344538912 0.0127657328732312 0.00889026201330125 0.0173203797079623 0.00609317049384117 0.00757804894819856 0.0131651393137872 0.104187416471541
-9999 -9999 -9999 -9999 -9999 -9999 -9999 -9999 -9999 -9999 -9999 -9999 -9999 -9999 -9999 -9999 -9999 -9999 -9999 -9999 -9999 -9999 -9999 -9999 -9999 -9999 -9999 -9999 0.00658220800105482 0.0115785909816623 0.0120282935909927 0.0037522858241573 0.00946244280785322 0.00490625153761357 0.00479641584679484 0.0132970184087753 0.00915208379738033 0.00943442601710558 0.00752045270055532 0.00907535045407712 0.0156442980282009 0.0136705107986927 0.00773770790547132 0.016502168122679 0.0142216945998371 0.0231002548709512 0.00876076845452189
0.00212814655678812 0.00184224314289168 0.00102804110792931 0.000450021873439255 -9999 -9999 -9999 -9999 -9999 -9999 -9999 -9999 -9999 -9999 -9999 -9999 -9999 -9999 -9999 -9999 -9999 -9999 -9999 -9999 0.00386053065303713 -9999 -9999 -9999 0.00620712747331709 0.0102517299819738 0.0252996130846441 0.0142041764687747 0.00541048781014979 0.00284308083355427 0.00294971542898566 0.00217062988085672 0.00119729802245274 0.00413821032270789 0.00714482632465661 0.00500242095440626 0.00371232538018376 0.0024001206853427 0.0046858987538144 0.00234254504321143 0.00702299792319536 0.00456486935727298 0.00746223134920001
0.00249536295887083 0.00144071347895078 0.00264010280370712 0.00122936794941779 0.000988814840093255 0.00153049171785824 -9999 -9999 -9999 -9999 -9999 -9999 -9999 -9999 -9999 -9999 -9999 -9999 -9999 -9999 -9999 -9999 -9999 -9999 0.00650335371028632 0.00382650974206626 0.00461047072894871 -9999 -9999 -9999 0.00681873094290495 0.00218713656067848 0.00446963510476053 0.0052497852826491 0.00253942457493395 0.00461539991665632 0.00373816599603742 0.015622292086482 0.00675107627175748 0.00517177414149046 0.0029773264657706 0.00480172594543546 0.00620939466170967 0.00918647991493344 0.0172727328725159 0.026932654902339 0.0132058082148433
0.00102516503538936 0.00123327923938632 0.00312158802407794 0.00765968086197972 0.00262975047226064 0.00226549300714396 -9999 -9999 -9999 -9999 -9999 -9999 -9999 -9999 -9999 -9999 -9999 -9999 -9999 -9999 -9999 -9999 -9999 -9999 0.0307877529412508 0.00878437105566263 -9999 -9999 -9999 0.00812820233404636 0.0125927032437176 0.0162522780243307 0.0376200471073389 0.00800872212275863 0.00333316863980144 0.00310499458573759 0.00327574145048857 0.00566863347776234 0.008829908631742 0.00386486169882119 0.00316927067469805 0.00505913058295846 0.0017925807624124 0.00813913499005139 0.00630539343692362 0.0193153965286911 0.0409938663244247
0.000604949083935935 0.00120554516033735 0.00381471262080595 0.00354553773067892 0.00338867859099992 0.00287907245801762 -9999 -9999 -9999 -9999 -9999 -9999 -9999 -9999 -9999 -9999 -9999 -9999 -9999 -9999 -9999 -9999 -9999 0.00714049753732979 0.0196172099560499 0.0678340274840593 -9999 0.0175119323655963 0.00764560312964022 0.0124074370600283 0.00788209093734622 0.00201450629974715 0.0036395262228325 0.00575513530056924 0.00247099328553304 0.0197004412300885 0.00947198602370918 0.00561601142399013 0.00724261640571058 0.00333725982345641 0.00316923523787409 0.0123499320819974 0.0115717440843582 0.00565721797756851 0.00405595637857914 0.0132546155713499 0.0145770686678588
0.00243295815307647 0.00384971924358979 0.00373238442116417 0.003893278085161 0.00340406544855796 0.00237122299149632 -9999 -9999 -9999 -9999 -9999 -9999 -9999 -9999 -9999 -9999 -9999 -9999 -9999 -9999 -9999 -9999 -9999 0.0641056105494499 0.209246174991131 0.0408987286966294 0.00779813845583703 0.00525645355228335 0.0139272016938776 0.00632015212904662 0.00330790096195415 0.00109632446619798 0.0106525346171111 0.00686185653321445 0.00465537921991199 0.00766095533035696 0.010549207450822 0.0161504093091935 0.00827528275549412 0.00565400845371187 0.0409092970192432 0.0133811708539724 0.0120035419240594 0.0133224846795201 0.0371149653568864 0.00583940506912768 0.00373533053789288
0.00457729483023286 0.0060105339391157 0.00487391744973138 0.00628254513721913 0.00195589030336123 -9999 -9999 -9999 -9999 -9999 -9999 -9999 -9999 -9999 -9999 -9999 -9999 -9999 -9999 -9999 -9999 0.0880610638298094 0.0442010913044214 0.0740484654903412 0.0137560382252559 0.00966621451079845 0.117530173063278 0.00217541385500226 0.00164058382506482 0.0159679850563407 0.00371529592666775 0.00152998225239571 0.0036829091142863 0.0100205983500928 0.00598322842270136 0.0147744700312614 0.00471575709525496 0.00435584108345211 0.00620723329484463 0.00686963638290763 0.0105253677815199 0.0249258257448673 0.0104776300489902 0.00973637038841844 0.00715745803900063 0.00457208268344402 0.0140503799542785
0.00449120958801359 0.00571789905661717 0.00290816855267622 0.00380364753946196 -9999 -9999 -9999 -9999 -9999 -9999 -9999 -9999 -9999 -9999 -9999 -9999 -9999 -9999 -9999 -9999 0.0776559269987047 0.170951830595732 0.335162024199963 0.101735422201455 0.00971761252731085 0.00983846136368811 0.0104158988688141 0.00905551677569747 0.0065601428039372 0.00713039096444845 0.00680716342758387 0.0443575348705053 0.0101897339336574 0.0145954480394721 0.00852132141590118 0.012697349768132 0.00761821959167719 0.00614293394610286 0.00433806257788092 0.00765293128788471 0.00937116346322 0.055729553103447 0.0133901461027563 0.0130734574981034 0.0148492588661611 0.0280831038951874 0.0842633865773678
0.00692003390286118 0.00569085678434931 -9999 -9999 -9999 -9999 -9999 -9999 -9999 -9999 -9999 -9999 -9999 -9999 -9999 -9999 -9999 -9999 -9999 0.00413208411773667 0.00484483526088297 0.00452702406328172 0.00695688952691853 0.0247083391994238 0.016388858249411 0.0193666345905513 0.013852482335642 0.0450401352718472 0.00906884176656604 0.0111884011887014 0.0101541799958795 0.00436319472501054 0.0047847609501332 0.00753615130670369 0.0862071010284126 0.00813156692311168 0.00366934740450233 0.00209626491414383 0.00214508020872017 0.00146960599086015 0.009167037345469 0.00706555997021496 0.0662068761885166 0.0284279011189938 0.0167804811149836 0.0113816969096661 0.0243536980822682
0.0111049790633842 -9999 -9999 -9999 -9999 -9999 -9999 -9999 -9999 -9999 -9999 -9999 -9999 -9999 -9999 -9999 -9999 0.000864272212493233 0.00580739555880427 0.00483691690023988 0.00653914120048285 0.00785786267369986 0.00680559352040291 0.00617296174168587 0.0134546691551805 0.00398339732782915 0.0140377585310489 0.00337253077886999 0.0107275781221688 0.0122128972783685 0.00282549156108871 0.00604786626063287 0.00384159572422504 0.00789834852330387 0.00589017043821514 0.0137227043509483 0.0124352314160205 0.0382715464569628 0.26263789832592 0.291705751419067 0.152769637480378 0.314921006560326 0.0486428298056126 0.00984990065917373 0.00967625780031085 0.00959777869284153 0.00702618602663279
0.0765694874804704 -9999 -9999 -9999 -9999 -9999 -9999 -9999 -9999 -9999 -9999 -9999 -9999 -9999 -9999 -9999 -9999 0.00399262482533231 0.00446570471394807 0.00391069565666839 0.00702815745025873 0.00662194876931608 0.000809908044175245 0.00206103569362313 0.00309838652610779 0.00268842381192371 0.000939198239939287 0.00204350521089509 0.0630418132990599 0.0140727840363979 0.0162019546143711 0.00529910498298705 0.0803065158426762 0.00755456439219415 0.0111604406032711 0.29608668088913 0.050927447155118 0.00816767951473594 0.00455555795342661 0.00624829946318641 0.00511091576991021 0.00330558089153783 0.00176481210583006 0.000651477896826691 0.000731478193483781 0.000601134404132608 0.000576494498818647
0.00164340289775282 0.000877206210861914 0.00192837355425581 0.00258458222961053 -9999 -9999 -9999 -9999 -9999 -9999 -9999 -9999 -9999 -9999 0.00237824930227362 0.00865365876816213 0.00201024275738746 0.00194885306991637 0.00763976247981191 0.00395637429319322 0.00394503127317876 0.0943178877732667 0.101123552024364 0.00107779646750714 0.0012730293936329 0.00486100813141093 0.00333958180854097 0.00301533219171688 0.00690224261488765 0.00812975601293147 0.0144026722759008 0.0181706064846367 0.0038674604264088 0.0127570049837232 0.363386589288712 0.380931490659714 0.277815723419189 0.0351682430133224 0.0156315505737439 0.00108207474236224 0.000270252442351193 0.000308978159500839 0.000593670194211882 0.000563916776445694 0.000488358152506407 0.000469026618520729 0.000442814121925039
0.00126627132704016 0.000803502261987887 0.000898464480997063 -9999 -9999 -9999 -9999 -9999 -9999 -9999 -9999 0.00133114313211991 0.0033732715761289 0.00217245314852335 0.00176098657539114 0.0015009391179774 0.0015850713592954 0.00245642265072092 0.255845511704683 0.0051180497277528 0.0274433072656393 0.00899996235966682 0.213420164585114 0.00957951582968235 0.00542787788435817 0.00222672271775082 0.00328576483298093 0.0119762727990746 0.00898448573425412 0.00190726500295568 0.0179712279699743 0.0292618107050657 0.00846763839945197 0.0138019450940192 0.0869563430547714 0.200606298446655 0.122309744358063 0.153171898424625 0.00449221982707968 0.000371114563313313 0.000328014083061134 0.000314349854033935 0.000482263515004888 0.000534429226536304 0.000897643256757874 0.000994878850178793 0.000833916183910333
-9999 -9999 -9999 -9999 -9999 -9999 0.00144955629948527 0.00262704816414043 0.00149904759600759 0.00155412164749578 0.00253062207484618 0.00391074339859188 0.00252560323569924 0.00253823130624369 0.00392252882011235 0.0252986179664731 0.00727463001385331 0.0107056329026818 0.0044858438661322 0.00472728861495852 0.0294584110379219 0.0490100774914026 0.369177156686783 0.0386115964502096 0.0252405257895589 0.00748867746442556 0.0073197400663048 0.0055165896192193 0.019500311743468 0.00384661433636211 0.275043904781342 0.191042236983776 0.261743503808975 0.0976432010531425 0.0799183078110218 0.114330777525902 0.325744572281837 0.245297411084175 0.0336038338486105 0.000649234623415396 0.000597011970239691 0.000397241068640142 0.000842730181466322 0.000737366747489432 0.00113687989442042 0.00126247574517038 0.00181087628589012
-9999 -9999 -9999 -9999 -9999 -9999 0.00182911457959563 0.00333186248317361 0.0028067127102986 0.0038165707141161 0.00367323281243444 0.00179667550255544 0.00345465264981613 0.00536863482557237 0.169910049438477 0.154338876903057 0.00351986815221608 0.0037081994349137 0.00560906655155122 0.00481252500321716 0.00533933697734028 0.0349856343120337 0.00928314067423344 0.00530745352152735 0.00322929822141305 0.00963335186243057 0.0121448305435479 0.0106409306637943 0.0101712068542838 0.0386100091040134 0.00904563502408564 0.00969664892181754 0.0104680371121503 0.00205280947266147 0.00319616312917788 0.0116404805332422 0.0376146595925093 0.0218526152893901 0.192606295645237 0.00697054065676639 0.000936024123802781 0.000832292233826593 0.00120452056871727 0.00159118459559977 0.00234423909569159 0.00290665072752745 0.00318950486835092
-9999 -9999 -9999 -9999 -9999 -9999 0.00326218028785661 0.00438473696121946 0.00473229039926082 0.00542974998243153 0.00440304190851748 0.00628649401478469 0.00854747071862221 0.0486348655074835 0.319548405706882 0.00420312839560211 0.0243721202015877 0.00363253115210682 0.00260284685064107 0.00360161914722994 0.00470156036317348 0.0107276763301343 0.00625850146170706 0.00509294776711613 0.00880543594248593 0.0121284510474652 0.00829343940131366 0.00462901704013348 0.00871599707752466 0.00854409759340342 0.0021131421206519 0.0020343876676634 0.000831099851347972 0.00165755330526736 0.00131786047422793 0.00187777021201327 0.00227689890889451 0.00175747012253851 0.00411047294037417 0.00721888714178931 0.00223398613161407 0.00227481718175113 0.00295634210342541 0.00317462973762304 0.00539940525777638 0.00382881092373282 0.00630955773522146
-9999 -9999 -9999 -9999 -9999 0.000700241060985718 0.00149115677340887 0.00368342036381364 0.00349251065636054 0.00477964614983648 0.00398938799044117 0.0085771556943655 0.0937947876751423 0.278601704537868 0.198888626694679 0.0152032708749175 0.0113017131108791 0.0349024772644043 0.00494752903468907 0.0305892428383231 0.00888124564662576 0.0364468302577734 0.0549725977703929 0.0219048539176583 0.00345413258764893 0.00171636965096695 0.00352988573722541 0.00314523701090366 0.00269332223106176 0.000956551704439335 0.00116554484411608 0.00105357954162173 0.00156516771530733 0.00131869488977827 0.00127731327083893 0.00095319582906086 0.00148455444723368 0.00243059101630934 0.00161349542904645 0.00538881267420948 0.0707065826281905 0.0265413518005516 0.00271040528532467 0.00323939152876847 0.0509102057665586 0.00631102919578552 0.00472449529916048
-9999 -9999 -9999 -9999 -9999 0.00106232504913351 0.00154957800987177 0.00272370976163074 0.00586816049180925 0.0065210638102144 0.00467092134058475 0.0086480486439541 0.0131385369691998 0.00575244689825922 0.0807222978211939 0.0104082816746086 0.0125463049393147 0.00967311467975378 0.0030624867300503 0.0100379709620029 0.00308228959329426 0.00300679292995483 0.00278722589137033 0.00476234161760658 0.00165597750456072 0.00330035776132718 0.00154824766214006 0.00813330123201013 0.00195694717112929 0.00110014120582491 0.00172096841561142 0.00088197122386191 0.00209494354203343 0.00103752517024986 0.00176251132506877 0.00268403729423881 0.00167938930680975 0.00174608187517151 0.00377556190360338 0.0133055805228651 0.0101590666919947 0.00399853535345756 0.00402199702803045 0.00504507091827691 0.00512276543304324 0.00563814740162343 0.00446302307536826
-9999 -9999 -9999 -9999 0.000374425949303259 0.00148377887089737 0.00158764646621421 0.00172986548859626 0.00227655499475077 0.0071592767490074 0.0066729252692312 0.00655666852835566 0.0109663641545922 0.00953549391124398 0.0120414845179766 0.00726894247345626 0.0067729436326772 0.00338424034416676 0.00559022498782724 0.00604531257413328 0.00355098836589605 0.00150759909884073 0.00180087792687118 0.0022014319722075 0.00243012775899842 0.00178850410156883 0.00208519756561145 0.00150195227761287 0.00153874763927888 0.00237259324640036 0.00290664976928383 0.0017220628215 0.00144069943344221 0.00172241632826626 0.00159357667434961 0.0015115859801881 0.0019755111541599 0.00216048597358167 0.00322346519678831 0.0050498025259003 0.00611670152284205 0.00451627774164081 0.00657596904784441 0.00654199444688857 0.0155408089165576 0.232014133408666 0.237776149809361
