Scripts_&_data/Maxent_result_files_1/Bombus_soroeensis_3.asc
NCOLS 594 
NROWS 330 
XLLCORNER -15 
YLLCORNER 23 
CELLSIZE 0.166666666666667 
NODATA_value -9999 
[rows 300 to 319 of 330, columns 506 to 551 of 594]
6.90319033243014e-06 5.89380320148436e-06 6.03100569485093e-11 5.15464226857887e-11 2.79427814220412e-11 2.5306523543378e-11 3.03230884846073e-11 5.56994561584645e-11 3.6363145827778e-11 3.29460458914355e-11 1.98692284847368e-11 3.57305518505768e-11 3.04177238952263e-11 1.86871629281882e-11 2.51335730006019e-11 4.05446454188052e-11 4.32312186049444e-11 1.09160613881443e-10 1.23352383862851e-10 2.38759678694578e-11 3.49380857578296e-11 8.2466933282177e-11 1.20356635768815e-10 3.85697651594796e-10 5.45668302753821e-07 2.54554056664524e-06 3.33884079748437e-06 1.45725046847289e-06 4.12439529586805e-06 4.59988821450708e-06 1.86477204642266e-06 1.49928481616435e-06 1.24543481270223e-06 1.24998180959235e-06 2.68615930885119e-06 7.23428589850528e-06 3.81382114831297e-06 3.86151579920835e-06 4.28464109241133e-06 3.34254096827635e-06 2.77758101479009e-06 2.70124728292132e-06 2.73221940041424e-06 2.87975558617148e-06 2.84783227559871e-06 2.80897736022467e-06
3.70512509562104e-11 3.75394160201381e-11 3.20060422609458e-11 1.17978071756397e-11 1.66999303274906e-11 2.35097608047852e-11 2.99849034490762e-11 3.27375238029504e-11 3.85249387946374e-11 2.10448547477426e-11 4.3746928302113e-11 2.55452659025934e-11 2.64707589181512e-11 2.25079732629752e-11 2.37178610085209e-11 1.59379731634601e-11 3.34054894857161e-11 2.13466466725265e-11 2.02563077422724e-11 1.22407151081916e-10 2.09680828255898e-11 3.56546014934622e-11 3.17344883704607e-10 1.49276480065907e-10 7.47107444243333e-08 3.58984966517539e-06 3.02817798711885e-06 3.21354713141986e-06 5.77198494191578e-06 1.40294425023946e-06 3.10484011700751e-06 1.50605309570118e-06 5.35209947631898e-06 3.35233518500289e-06 8.81291105656601e-06 3.87459923487654e-06 5.70041761918105e-06 4.19997141456463e-06 6.49045041818397e-06 4.04585189297535e-06 2.90130034237279e-06 2.66418827781223e-06 2.88206410505865e-06 5.41747536111359e-06 2.99291537615431e-06 2.45177388471518e-06
1.54999013624035e-11 1.40402467430079e-11 9.14971431953404e-12 1.09035336315344e-11 1.59949609113141e-11 2.1585933041024e-11 2.78906009398838e-11 5.5195292780752e-11 2.68434163785969e-11 2.53214560430592e-11 2.28526753076608e-11 2.18056239731368e-11 2.08092876263777e-11 2.06679895420336e-11 2.58393639818166e-11 1.6849044381928e-11 1.9449719612652e-11 2.12324713366741e-11 5.94071680737329e-11 3.3867109117125e-11 2.75438893915236e-11 6.41998898487373e-11 1.39632705398185e-10 4.72489840248613e-06 7.94661931182716e-06 3.33365126137242e-06 4.22551479331013e-06 4.16677136207966e-06 5.95572440040826e-06 2.88492719917599e-06 6.73521494274354e-06 4.19438228025371e-06 5.49698144958199e-06 3.72841714728622e-06 1.32768252484539e-05 7.79393308683041e-06 4.51803116980898e-06 3.59178908500013e-06 3.89021930011779e-06 3.44707865043148e-06 2.83445569611018e-06 2.78036159695461e-06 3.37583989242773e-06 1.36199785259805e-05 2.3792153291069e-06 2.04795432310334e-06
8.83308981514119e-12 8.33467739269622e-12 8.51704262672115e-12 1.11899822741179e-11 1.48049461579092e-11 1.86079263109207e-11 6.61085519659821e-11 4.2225267726792e-11 3.38427397217345e-11 3.96304433714079e-11 2.49466003410248e-11 2.32333263738838e-11 1.061749577147e-11 2.66868749321247e-11 1.99081084950592e-11 2.88493229305686e-11 1.03193154021852e-10 3.69327679550224e-11 6.5465277643284e-11 3.86048526479499e-11 4.71002348234606e-11 6.82991996292515e-11 8.65401765803853e-09 2.10525108457205e-10 3.29101332856574e-06 4.08834638094824e-06 1.70383065780655e-06 2.19196386241904e-06 2.23590394856643e-06 3.49920011357696e-06 1.68341695749863e-06 4.48832470079097e-09 5.51349576181082e-06 4.19332149874663e-06 4.40820765135186e-06 6.425899316298e-06 3.48816498716431e-06 3.38947816098667e-06 3.43747132767191e-06 3.00977924236889e-06 2.91701628096774e-06 2.88440299520687e-06 4.67605811707017e-06 2.27075919401187e-06 2.02421405566255e-06 1.73085928736327e-06
7.88510368110451e-12 9.89550663632599e-12 1.81064496729277e-11 1.04172226400578e-11 1.44754874753517e-11 1.874901345289e-11 2.48840392735872e-11 2.76964673417979e-11 1.90695903512506e-11 2.47917797402408e-11 1.12660103468443e-11 9.47362188696843e-12 4.74852490661704e-11 2.91078383618526e-11 2.62152188845732e-11 3.60164786883388e-11 6.0037186333517e-11 4.43301506614091e-11 9.53669143655134e-11 9.53851775342685e-11 8.05498667766358e-11 2.02518835035193e-10 1.72300309351225e-06 1.61535717816408e-06 3.65089644047689e-06 2.70891130836892e-06 4.05223838306767e-06 2.98975218497866e-06 1.68785405030292e-06 4.22716592556327e-06 3.55267964993189e-06 6.87772433280998e-06 4.07763387846316e-06 4.19194686038793e-06 4.08682666659388e-06 3.34001831694408e-06 5.47185328940714e-06 3.0155145305244e-06 5.62552607945577e-06 2.8034424413903e-06 2.7110870558289e-06 2.62623867843814e-06 4.63609490104488e-06 2.11568648715854e-06 1.73304060711033e-06 1.52405223214913e-06
7.68137775608579e-12 8.02639066321831e-12 7.75579600542642e-12 8.93884966046699e-12 7.6532225001813e-12 2.06038186512103e-11 2.07628358950274e-11 3.02642355620719e-11 2.16460849244982e-11 1.1380241193848e-11 2.30286678615244e-11 2.31945906925546e-11 1.26297639013728e-11 6.32632168873215e-11 5.35306465820895e-11 3.22416426890015e-11 5.86753201581303e-11 1.84435666739091e-10 2.72413558377593e-10 5.39862266002444e-11 1.11176534645097e-10 3.99885353190577e-06 3.68397437899848e-06 3.65655140575072e-06 2.44759831224961e-06 1.85504806913261e-06 3.74588909970441e-06 1.14907669117592e-06 2.62658819889516e-06 4.3258313018768e-06 4.07386883933825e-06 5.47252086384731e-06 1.42567232455093e-05 3.65520791412166e-10 2.22452145592911e-10 2.91982237214938e-06 2.78546052054907e-06 2.86804532709795e-06 5.29933977624353e-06 2.53701609409518e-06 2.32306283374228e-06 2.01978808389569e-06 2.00949408011297e-06 2.7189928491822e-06 1.54939709382518e-06 1.45657565830959e-06
1.58741020328534e-11 8.39754932258074e-12 7.34859950668465e-12 7.60721485804083e-12 1.02756914088786e-11 1.55937041057541e-11 2.80488188231232e-11 1.203541710737e-11 1.4927659108821e-11 1.8656498568248e-11 6.55291376716605e-12 3.61993102160341e-11 7.53142215259572e-11 7.20280279864483e-11 7.67980568028293e-11 3.76396736001539e-10 3.77535236406601e-10 5.62025932770993e-07 2.82016003438912e-08 2.45636944118388e-10 3.71060727757389e-06 2.30190947925202e-06 1.46568939700664e-06 3.76960908248236e-06 1.1431353055702e-06 1.49196079568537e-06 4.78694862291462e-06 3.34354793949387e-06 3.12323106150814e-06 5.56970685821057e-06 3.24050033766454e-06 3.47515110403762e-06 3.73740898025332e-06 5.72701441825529e-11 3.39014039063557e-11 1.82890480537878e-10 2.49586298473048e-06 2.61818743725328e-06 0.0004056859420416 8.32207504828375e-06 2.0530385669737e-06 2.89939566968656e-06 1.62494403062041e-06 1.6029643241211e-06 1.56447544945593e-06 1.41338206711694e-06
6.93335389101435e-12 9.95772353462598e-12 1.41982092749515e-11 8.19129208906588e-12 7.33220151261094e-12 7.15048020794029e-12 1.80034098740123e-11 8.98746632671532e-12 1.5391266039444e-11 1.60558011330636e-11 9.73886526978163e-12 2.68918776136218e-11 4.63726834709632e-11 6.48646691914223e-11 5.88947624002856e-10 1.90877402772571e-10 7.0826955411718e-11 2.69549347853282e-07 4.65325620107038e-06 5.27891959434257e-06 4.08388288950512e-06 2.62305951674868e-06 1.33781990161452e-06 1.20299835653093e-06 4.70119577773431e-06 1.13563178667508e-06 3.52377508994195e-06 8.37158795654602e-06 1.11460773773331e-05 3.11676677542394e-06 3.32062394994281e-06 3.34697087467362e-06 3.22100251120006e-06 5.07232827438031e-06 2.56173150701144e-06 5.31320159469217e-06 2.19093876654419e-06 2.07032505263882e-06 4.07185412392153e-06 1.92319071876668e-06 1.8329964599495e-06 1.65433040768548e-06 1.81091294795266e-06 1.62164571975154e-06 1.40005627118356e-06 1.35021239238142e-06
1.06546327316437e-11 1.44321998796215e-11 1.0266332228781e-11 1.08178799251846e-11 3.23610249708395e-11 1.50097045903408e-11 1.06319619774808e-11 7.71853692072e-12 5.10623987537429e-11 3.77946340890389e-11 4.16597312202782e-11 8.14681061500622e-09 6.15222428557161e-11 2.11090145363357e-11 1.6770687061296e-10 1.07258446568892e-10 2.35618046406927e-08 1.27214594414227e-10 4.95875345052354e-07 2.80669402525913e-06 1.88928958773094e-06 4.63289901135866e-06 1.20086962698274e-06 2.73074287435726e-06 6.52862716705727e-06 4.54146089028384e-06 4.71367076855245e-06 3.63148016004899e-06 4.44470160347876e-06 3.15948360971596e-06 3.2106046989e-06 3.1964098550219e-06 4.0371083593449e-06 1.44291582458322e-05 5.34053201945994e-06 2.76085968353712e-06 2.26018679887474e-06 2.14108725460349e-06 1.73361414930184e-06 2.90429695768424e-06 1.49333420758069e-06 1.49405660820889e-06 1.60409822145269e-06 1.33993593260939e-06 1.32998772541804e-06 1.34287906310426e-06
5.41894307204416e-12 1.45857326216969e-11 1.35063848993866e-11 1.03684061336651e-11 3.87447740557434e-11 5.13069697838375e-11 2.9729985140392e-11 4.6851833523931e-11 2.49631971760422e-09 2.92737833973433e-11 6.0302063342732e-11 1.02115282896165e-10 8.6273677091242e-11 1.66147207103506e-10 9.78467895595969e-10 9.18236042757314e-11 9.98931271034564e-11 1.27197974375548e-10 4.96452614073828e-07 1.44921563649536e-07 1.72948674999063e-06 1.42372571179106e-06 3.57942516533427e-06 1.97075826351423e-06 3.59841042394393e-06 5.03086970429223e-06 3.09376385843052e-06 3.23187806303693e-06 3.36656223418608e-06 3.84193694893398e-06 3.25328510224487e-06 8.22405383651414e-06 1.15206648518829e-06 2.06756397567176e-06 8.8122325472284e-07 2.02887500129201e-06 2.25850992512378e-06 1.69262141658244e-06 1.53184176303611e-06 2.55692417274744e-06 1.3157738269598e-06 1.25234494521287e-06 1.22377284190733e-06 1.23326729273288e-06 3.06578105604416e-06 1.07242493130322e-06
3.49763551454885e-11 2.00281347062514e-11 5.56908963389446e-12 1.41528788688561e-11 4.54539073047044e-11 5.14531084405689e-11 3.51070950088683e-11 9.3088303732003e-11 7.99884380953131e-11 1.6583221462696e-09 3.64161077959224e-09 1.8557108627526e-09 6.77358724665567e-11 1.61729540870681e-10 8.53262571709479e-11 8.34891711321006e-11 7.3489081486855e-11 9.10217790028867e-11 4.40615355312701e-10 2.12113902804401e-06 3.56408442412359e-06 3.61079395601038e-06 2.25850463735355e-05 2.47366787213821e-06 3.09953418318187e-06 2.59143949286056e-06 3.11928752481094e-06 3.30997805217947e-06 3.36984334596835e-06 2.61336683982094e-07 3.51993414522411e-06 3.10556599778522e-06 2.41567685996813e-06 1.34411110330745e-06 4.76005190530593e-07 1.82762908234047e-06 3.85545502181728e-06 1.53239124167648e-06 2.52493396457609e-07 1.2338011725177e-06 1.11977698686871e-06 1.07362933761124e-06 1.05746437841781e-06 1.24095383511325e-06 1.39708641908598e-06 8.62193202899597e-07
4.40779190924445e-11 4.73050376648132e-11 3.90358634305699e-11 1.67456826183354e-11 4.86855777914741e-11 5.0760695646801e-11 5.53687762305799e-11 2.97078195377054e-10 7.39740046995507e-11 3.91657865708161e-06 3.96033896787884e-09 3.75224880788672e-07 1.85654550366454e-06 3.39637718480557e-06 1.601764840653e-06 1.56102822693738e-06 3.28029281354558e-06 3.46747959438787e-06 2.02127803202723e-06 1.07223695163805e-06 3.42324407016648e-06 2.58182321974942e-06 4.44531848264873e-06 2.77357324680594e-06 2.25166190537252e-06 2.41152070974415e-06 2.79948113246498e-06 3.17373265246168e-06 3.5336034430955e-06 7.49806056319358e-06 9.39387667404645e-06 2.8920732438209e-06 7.97803978036526e-07 5.9916836103735e-07 1.21871549154662e-06 1.85839441844138e-06 1.97150089631393e-06 1.78135688568837e-06 1.52130228268099e-06 1.33144994403089e-06 1.00674440761672e-06 9.8360127283037e-07 4.25336854288361e-06 1.92653448509716e-06 1.62886068384438e-06 8.82240813382396e-07
6.03470495796898e-11 5.1141346713024e-11 7.50561501838831e-11 3.81477183175605e-11 6.54337473093847e-11 1.67133315900347e-06 7.18352932693733e-11 1.61148450569248e-06 2.09726838805713e-06 5.10660003693042e-06 2.5038698610591e-06 3.00436264198956e-06 1.29428667767773e-06 1.20623503419015e-07 1.19324812971611e-06 1.21853294194896e-06 2.73148552419888e-06 4.39007268429048e-06 5.06780287929942e-06 3.62731292238294e-06 1.88386610306956e-06 1.64833321019131e-06 2.65614624410659e-06 2.04758636463964e-06 2.08853660712549e-06 2.2203638923024e-06 2.59747803896815e-06 2.988982301666e-06 3.89657244284081e-06 4.69223822925358e-06 4.15990632856023e-06 4.92171616830461e-06 2.01441412253089e-06 1.83562057021192e-06 2.10162473202047e-06 1.72187057718709e-06 1.82936023422897e-06 1.41015213279694e-06 1.58580869737968e-06 1.27524432143034e-06 1.02759499642779e-06 9.3835621362004e-07 1.69862970587076e-06 1.31638698226411e-06 1.88740470541404e-06 1.15312652750887e-06
2.43051860656651e-06 7.63697167283084e-08 1.68237271745975e-06 5.99366456466299e-10 1.64839985060672e-06 1.5849731637152e-06 1.52480952119172e-06 3.0202915699995e-06 2.72100373323036e-06 2.58622183556545e-06 2.45922136259402e-06 1.64335783037206e-06 4.63364406522171e-06 9.08324637516333e-07 9.30042081359606e-07 2.16355138079605e-06 1.23027122864716e-06 2.10731733226721e-06 1.79890819118622e-07 5.64863659127113e-06 2.49397565301734e-06 2.97963322166694e-06 1.8999144101528e-06 5.36102202257638e-06 3.34930479253259e-06 2.09423987937996e-06 2.39584311012564e-06 3.61138153550655e-06 4.85960033902444e-06 1.85568712787187e-06 2.53393956706205e-06 2.16135446402532e-06 2.69767830936019e-06 2.22577398449886e-06 1.85100055105636e-06 1.16109156884647e-06 1.50265577554265e-06 1.45903400472491e-06 1.36085915207751e-06 1.98020851520653e-06 1.03041147943017e-06 1.8265545755014e-06 8.73687381508503e-07 8.88938379706161e-07 1.32913829959946e-06 7.15679152307747e-07
1.44835360671447e-06 2.56776679542492e-06 3.27904935748524e-07 2.20949486376965e-06 1.57928668798046e-06 5.86601979213341e-09 3.00858063517762e-07 3.42704595261978e-06 2.00672449359729e-06 2.25707562480082e-06 9.12781277873087e-07 7.77414006236654e-07 7.55407043540046e-07 1.60352086819859e-06 7.76031638949348e-07 1.72343916429174e-06 8.11234689446216e-07 1.27730880695731e-06 1.66991524821469e-06 3.91476920977851e-06 2.35536635306843e-06 2.7202801813786e-06 1.79451653297136e-06 1.82719308017276e-06 1.90848383727626e-06 2.06883453697237e-06 2.41933093310109e-06 6.38506082744073e-06 3.37734516229204e-06 1.10870538021501e-06 1.80767327098152e-06 2.93447611143804e-06 2.53291044041148e-06 2.01841594300589e-06 1.61973575636409e-06 1.58748759977456e-06 1.55787456566081e-06 1.43979847169184e-06 2.17372438156005e-06 1.0669133711616e-06 9.92647978037553e-07 9.4159895260848e-07 9.28079248319058e-07 8.87088463930041e-07 9.04393801226533e-07 1.22664601889255e-06
1.11473834447651e-06 7.30232533205921e-06 4.1919102423682e-07 2.37399243144809e-06 1.48533579918952e-06 1.45620033609184e-07 3.86839699014763e-06 2.67311258659308e-06 1.927530547019e-06 2.16684903620035e-06 1.41910827549108e-06 1.43798390148664e-06 1.73262576137478e-06 1.31080909545611e-06 1.77138021820733e-06 1.65752082443849e-06 2.86371271853714e-06 2.15832639831604e-06 4.25018068659355e-06 4.26395157901993e-06 1.41994966706971e-07 1.73183907450358e-06 1.75429165807373e-06 1.73011643389565e-06 1.935083001392e-06 2.93592591837921e-06 1.39405781993673e-05 1.94366485199993e-06 1.31683127513327e-06 7.87383028377775e-07 1.32486077228933e-06 5.20215425225956e-06 2.29691652844366e-06 1.63643203228148e-06 1.4211278499765e-06 1.3847786883403e-06 2.18450965059347e-06 2.37926327821825e-06 1.10808738740253e-06 1.04803792555508e-06 1.03313898796031e-06 9.9859579900663e-07 9.57739610019104e-07 1.01923280819705e-06 1.06089029161538e-06 1.90271951225895e-06
2.86602949726156e-06 5.49689251041485e-06 3.12137093041454e-06 1.40067444084346e-06 1.31476916296336e-06 1.19048597103655e-06 2.75598573430402e-06 2.77749984953779e-06 1.9806488630203e-06 2.15606065513407e-06 1.07938992250922e-06 9.52502533901889e-07 7.56759303743859e-07 6.42600348399469e-07 1.36224247618832e-06 9.66756273101943e-07 2.09504022450346e-06 2.11047381442064e-06 2.0114255649073e-06 1.75490335592166e-06 1.54905242091274e-06 1.5716828655199e-07 1.57325409464448e-06 2.98978692203633e-06 1.98415203875868e-06 9.27710872034027e-06 1.01027950535126e-05 1.23023668017197e-06 3.29693880480875e-06 2.42455975527633e-06 1.37418485701701e-06 4.52746126580195e-06 1.70478647785188e-06 1.5723690310665e-06 1.50831131806584e-06 1.70933362850789e-06 2.67097835600083e-06 8.97718663983582e-07 1.90679716052244e-06 5.44114244753757e-06 1.06105965018699e-06 1.76856761653355e-06 9.09702302287485e-07 8.65539591021758e-07 8.74496175251593e-07 1.12800223091014e-06
5.3386361055896e-06 1.3233321369599e-06 2.75467514996297e-06 1.22837640865736e-06 1.15597396044276e-06 1.06368002997792e-06 3.38882501960125e-06 1.951285829771e-06 1.42218650571735e-06 1.64982465732377e-06 1.46309219125618e-06 9.52840751999862e-07 1.34738434355297e-06 7.18141279099083e-07 2.80325725361408e-06 1.96009187312107e-06 1.74130553751706e-06 2.93569350899858e-06 1.48596198470408e-06 1.37847084897835e-06 1.57712449571079e-06 1.2994052720483e-06 4.22256904375473e-06 2.79580215636344e-06 1.30141389547589e-05 1.25693192615017e-05 2.52116350019094e-10 8.05533310597184e-06 5.60411208567757e-06 3.69118760481513e-06 5.0431175115051e-06 1.77097206917054e-06 1.85959828025162e-06 2.87561315381879e-06 4.92210119205083e-06 2.82372781938989e-06 5.64119377912675e-06 3.90147275943775e-06 2.02855620337061e-06 2.37615464193652e-06 1.12160635028502e-06 2.12989322934121e-06 1.52887152591319e-06 1.3950244852623e-06 9.33337646102927e-07 1.82028535906653e-06
2.53953654674177e-06 2.66386886170755e-06 2.07307612660745e-06 2.57644838754789e-06 2.46942083929058e-06 2.92911242520955e-06 1.11755259596391e-06 9.2218559790691e-07 1.16020461256028e-06 1.49018055377592e-06 1.09477268320779e-06 1.3204876579298e-06 2.71357235570591e-09 8.23420794759944e-07 5.08616690775288e-07 1.43268074856984e-06 1.32182697554217e-06 1.25836814108826e-06 2.18751113258975e-06 1.05066641380436e-06 9.95308182227817e-07 1.59317161267936e-06 1.46542959260643e-06 2.86775779567705e-06 6.63501577271575e-06 9.60639877334302e-06 5.76750081933142e-06 1.08293735287646e-05 5.97021032788803e-06 4.8859862713968e-06 3.29183627840734e-06 3.81381489447108e-06 2.7520754297683e-06 4.05809249954814e-06 4.10981926179943e-06 1.40201804552653e-06 8.88667053344783e-07 6.58543657694466e-07 1.69388676596327e-06 1.11838893150917e-06 1.36508914998501e-06 1.02319314185806e-06 1.90944934521653e-06 1.46048265525778e-06 1.61473075079854e-06 1.76606370585475e-06
2.55903436573446e-06 1.05743852730766e-06 2.15521630997362e-06 2.41983387965217e-06 2.34146924835699e-06 2.67349188562971e-06 2.67848829924588e-06 6.74143011958339e-07 1.48163766209297e-06 5.04260742240081e-07 1.96272553765198e-11 9.45368228144616e-12 3.23901463294973e-07 2.26442053801179e-06 2.21716299446673e-06 1.26603337526898e-06 1.18832927118451e-06 1.10323414239666e-06 9.50104693098197e-07 8.86316003878562e-07 1.63520700899866e-06 2.99733583251083e-06 4.14036523590511e-06 3.23245884708001e-06 9.6969465772645e-06 7.76762428742472e-06 1.3333519434866e-05 3.07971906110538e-06 2.71202223487421e-06 2.46365962475181e-06 1.90295724413758e-06 2.62852684436154e-06 3.49608486409636e-06 2.5573238032095e-06 1.72640845548244e-06 1.74494726525865e-06 9.04917075406075e-07 1.52076985866501e-06 1.65529584208457e-06 1.4780331755837e-06 9.17876134565176e-07 1.16541035941609e-06 1.5351752074011e-06 2.34678340547134e-06 9.63219315464059e-07 1.37099995658474e-06
