Scripts_&_data/Maxent_result_files_1/Bombus_sporadicus_2.asc
NCOLS 594 
NROWS 330 
XLLCORNER -15 
YLLCORNER 23 
CELLSIZE 0.166666666666667 
NODATA_value -9999 
[rows 160 to 179 of 330, columns 396 to 439 of 594]
2.01800479460057e-05 3.42151262091694e-05 2.47174193677147e-06 2.25678102790505e-05 8.87086717257235e-05 5.55914822485848e-05 2.40151566743396e-05 2.23069163866274e-05 2.20375336198675e-05 2.35479796402038e-05 1.96192789019389e-05 1.73317981699839e-06 4.52534790438275e-06 2.29525434804367e-05 9.06077803932814e-05 4.41334946003735e-05 2.1456227562755e-05 3.04794860895186e-05 2.46338421369785e-05 1.5069061655737e-05 7.95905617039239e-05 5.81740631801608e-05 4.58247819651092e-05 2.73958530428331e-05 3.45680893019562e-05 4.42717861687925e-05 5.69551097442056e-05 4.1190297730509e-05 4.57082111068985e-05 2.67891653180641e-05 3.68267267333522e-05 0.000266185415605946 0.000195815752516637 4.38450330108253e-05 0.000112080973603668 0.00019000972161507 7.03147152020023e-05 2.71042051985582e-05 3.13870702836283e-05 1.65753160544124e-05 1.64814539157287e-05 1.39433234586317e-05 4.45970760058145e-05 4.91467227933473e-05
2.59776339135431e-05 4.91695201674469e-05 2.92527032936585e-05 1.91701440741654e-05 1.73049404196601e-05 2.07550395487255e-05 1.95356794393198e-05 2.25615725726103e-05 2.06118815185952e-05 1.97775529841349e-05 1.61820251719291e-05 1.57703412867249e-05 1.98858993641693e-05 1.90925745641946e-05 2.14482220741385e-05 1.81795107280891e-05 1.10297649872138e-05 1.21357275883582e-05 2.14163889189933e-05 1.08478843905857e-05 1.47833492970761e-05 2.62084693872566e-05 7.68714968138795e-05 3.38210289626772e-05 3.71865141730154e-05 4.37829723509253e-05 3.73461156968347e-05 3.98436106166855e-05 5.79791779500849e-05 5.20027163929626e-05 7.39423735893752e-05 6.02904601407772e-05 3.54448997910595e-05 4.04784419799853e-05 0.000155895858058841 1.5282813554407e-05 0.000547818419261148 0.000117403762547497 7.20141714026568e-05 0.000473162738103383 1.03233965846772e-05 2.32310378799561e-05 4.3760840966911e-05 5.04787757705571e-05
2.57574724600085e-05 4.43200045657788e-06 1.40700628492252e-05 1.38732226048544e-05 1.46852077549053e-05 1.54710567073946e-05 1.35209989323926e-05 1.6131930459562e-05 1.99133454885203e-05 1.98836082859311e-05 1.64039315507125e-05 1.41490066276617e-05 1.61007583713513e-05 1.3666906298937e-05 1.64654840915546e-05 1.50939195954436e-05 1.05987876626301e-05 1.00314864919682e-05 9.48632032695684e-06 1.08019115540259e-05 2.86831611440164e-05 3.80526054009067e-05 1.36162989853972e-05 2.72217330753222e-05 4.07319563294095e-05 3.38189239442954e-05 4.70767713892428e-05 2.62602401861045e-05 4.39136965141529e-05 3.6774548715357e-05 4.28671305741091e-05 4.50791391131133e-05 8.13553156945091e-05 5.13018442973134e-05 5.12383885848067e-05 0.000150646007843136 4.08996891685831e-05 6.90771655712297e-05 6.04136254793275e-05 0.000451395656796216 0.000161059591042112 2.9439496392758e-05 0.000253545049975124 6.67122482412186e-05
6.99664591465754e-05 5.55291784479661e-05 8.34024968838776e-06 8.84200572741633e-06 1.02562414916463e-05 1.00467867113707e-05 1.03006886959633e-05 1.06334004335906e-05 1.20842014283085e-05 1.24615865395583e-05 1.4123579822467e-05 1.40142811709154e-05 1.51858827045714e-05 1.03235296059268e-05 1.05307182785452e-05 1.15632620321549e-05 1.36752710268695e-05 1.0992257606901e-05 1.22277752112154e-05 1.38045447393154e-05 1.60348492663331e-05 1.44949406919892e-05 1.50285950237361e-05 1.50436951592781e-05 1.67215208563221e-05 2.19765537636363e-05 3.04196270164425e-05 3.19239955501871e-05 3.04055497593936e-05 2.58896514225171e-05 2.51370546109797e-05 3.02160199595392e-05 2.24489491266411e-05 2.35098954853186e-05 2.98290867682738e-05 0.000275011356444566 0.000359330673720137 7.63736295255057e-05 9.22264431210684e-05 0.000119964578073017 0.000121645893779043 0.000119317135534003 0.00011294111009259 8.97748191849956e-05
2.16434853546943e-05 1.22045026436979e-05 7.62879433509056e-06 1.58665486032494e-05 2.32065814338545e-05 8.1496838092221e-06 8.29181945150026e-06 8.60726415865543e-06 9.1065078507313e-06 9.67241857239287e-06 9.67411054091372e-06 9.7517693887994e-06 1.16115720054211e-05 1.20532469679802e-05 1.17928328556616e-05 9.85910525379552e-06 1.04086440174456e-05 1.14066332120188e-05 1.38982662157616e-05 1.6790826635571e-05 2.08596933305216e-05 1.77614096834589e-05 1.34631868736079e-05 1.49317705570695e-05 1.42353079024105e-05 1.61131047743623e-05 2.37686450034857e-05 3.34542819786066e-05 4.70210640401203e-05 5.07400485162179e-05 3.20250463815341e-05 3.1428485941376e-05 2.26054823485811e-05 2.54570728237979e-05 2.26669478053054e-05 2.27294543478251e-05 4.90565830233436e-05 8.85496680780307e-05 5.10526643438425e-05 5.54951827894001e-05 7.53529125859131e-05 0.000123172833173202 8.06308517838028e-05 6.92603267452907e-05
1.18201902931769e-05 7.02525930407205e-06 7.31793811787895e-06 8.71897975116553e-06 1.0924818603586e-05 8.69100890312779e-06 8.07601622625498e-06 8.11931976159031e-06 8.22171787078219e-06 8.24358890980648e-06 8.31672934573646e-06 8.31854598324355e-06 8.18434096245824e-06 8.83970908418519e-06 1.01623430492026e-05 9.99537227208691e-06 1.20504751343731e-05 1.19911874019607e-05 1.22175272874614e-05 1.33627025075356e-05 1.50964176910406e-05 1.70757554911916e-05 2.15918193575249e-05 1.90423711572407e-05 1.47372935799694e-05 1.4761827224774e-05 1.90275448204602e-05 2.15258918281336e-05 2.91502112858666e-05 3.11509698079249e-05 3.92583856950068e-05 2.84785359291106e-05 3.73988975198358e-05 3.07860337315446e-05 2.77019082339791e-05 2.5800998979264e-05 4.26810135922828e-06 3.39670556101623e-05 3.41842054794483e-05 5.70939627777989e-05 7.40158748669728e-05 7.87867788176411e-05 6.10235278429627e-05 7.06316427624754e-05
3.12208317097884e-05 2.22056614820332e-05 7.05085631693692e-06 7.2418655758355e-06 7.63084326216301e-06 7.72142300640155e-06 7.73301943013394e-06 7.36096794113905e-06 8.15534909825999e-06 7.58115385899316e-06 6.84085631128539e-06 7.16531378017748e-06 7.47211664666736e-06 7.91312794099497e-06 8.39349552421709e-06 8.96489083359597e-06 8.55987941541514e-06 8.95026332266014e-06 1.2613638050496e-05 1.2847713367492e-05 1.52075344509228e-05 1.44642443355991e-05 1.85330787431326e-05 1.80740152018188e-05 1.87888005321213e-05 1.91399024792815e-05 1.66833342820638e-05 1.83517484998674e-05 2.33854132133615e-05 2.22522803952074e-05 2.92307735776376e-05 2.03170511706929e-05 2.51749316788619e-05 3.46067423365071e-05 3.49113815246938e-05 3.08412484713472e-05 7.19083742238835e-06 0.000121760608925914 3.39288652014602e-05 4.44484288507852e-05 4.99635295952317e-05 7.15892188651424e-05 7.77595876854886e-05 6.62667248491289e-05
6.43372814890242e-06 2.95197520428836e-05 1.40729082268365e-05 6.70139190717123e-06 6.34612071728213e-06 6.48583710969319e-06 6.44194597274606e-06 6.38815218483302e-06 6.56995509995539e-06 6.53818836262587e-06 6.27747894839104e-06 5.96417002878269e-06 6.82109453240543e-06 6.39632127850121e-06 6.30465809869918e-06 7.06582346197138e-06 7.54367365090047e-06 8.12495072892716e-06 1.09325599307653e-05 1.10450055341715e-05 1.25193077209929e-05 1.18739419807667e-05 1.14509612561875e-05 1.29773179413206e-05 1.76506922507258e-05 2.3603017591256e-05 1.91991448744488e-05 1.71877865255965e-05 1.78230548339542e-05 1.96753433364449e-05 2.8566659116791e-05 2.00819237431205e-05 2.76929119394254e-05 2.52554269209782e-05 2.91964178558146e-05 3.83938723999222e-05 3.34411931433465e-05 2.78921731812432e-05 3.0226313739945e-05 3.97494684520439e-05 4.51977438316931e-05 6.50820308891298e-05 6.85427579327325e-05 5.35949661198742e-05
5.85205630194707e-06 6.15254920757202e-06 1.36159766795707e-05 5.76689572806544e-06 5.67276715259801e-06 5.60312537052354e-06 5.67293394917456e-06 5.00446772848662e-06 4.98187381410276e-06 5.31802664474057e-06 5.0612920465376e-06 4.62124797997454e-06 4.42435297385302e-06 4.47149471654029e-06 4.80405579672549e-06 5.45589779665789e-06 5.78714482628584e-06 5.98360218333482e-06 6.14195131873885e-06 7.42417612169533e-06 9.208134752825e-06 1.10461802552919e-05 9.07278845616588e-06 1.2742563549395e-05 1.60841919957022e-05 1.86323572670233e-05 1.84380715744226e-05 1.58706672554132e-05 1.85926503810663e-05 2.0585564632114e-05 2.1967195311845e-05 2.0729261009933e-05 2.16216597756613e-05 2.77074249240172e-05 2.82685576571851e-05 3.1648228742398e-05 3.62698445265153e-05 1.34179378434851e-06 2.53188581847752e-05 3.25536439326868e-05 4.60809365804948e-05 4.9412784828462e-05 6.0745923147465e-05 5.14461386586618e-05
4.65052317711878e-06 4.73299677646866e-06 7.30283527019537e-06 5.67404108000602e-06 4.61316203248519e-06 4.94576992378093e-06 4.92990243796676e-06 4.41133605835198e-06 4.58908353011545e-06 3.5933294736834e-06 3.55834786925913e-06 3.71636691656185e-06 3.28272821406017e-06 3.31273121476627e-06 4.11384602685416e-06 4.27152889512783e-06 4.45172029674978e-06 4.23108904303859e-06 4.90842671405645e-06 5.75192863703222e-06 7.49644243072112e-06 9.421788389119e-06 6.38618433601579e-06 1.01686184972749e-05 1.00193224888301e-05 1.39289013972643e-05 1.88738533417165e-05 1.98445721800056e-05 2.17667524388787e-05 2.27223138097088e-05 2.54890136616837e-05 2.5714185843384e-05 2.35153138966382e-05 2.41793198526352e-05 3.33252076401891e-05 3.59681474520812e-05 3.48455028010619e-05 2.61364546091158e-05 2.82568064562838e-05 3.08311244772597e-05 3.64092465666488e-05 4.80620715904934e-05 5.21462835365583e-05 3.75797641638087e-05
3.43539703837603e-06 3.68720745687057e-06 3.61242314379506e-06 3.94643628587321e-06 3.31394244212913e-06 3.13829451283887e-06 2.97155975789165e-06 3.22907891399105e-06 2.7391788797293e-06 2.45850225999433e-06 2.7797739466151e-06 2.71487297897055e-06 2.6618551656199e-06 3.42301462458172e-06 3.37432864206955e-06 3.39359039376319e-06 3.43365341479718e-06 3.03706938789006e-06 3.37254288107491e-06 3.86053247276585e-06 5.72298109311475e-06 8.09808642028287e-06 6.1388436968457e-06 6.77521998238007e-06 9.44976159615862e-06 8.89564282466893e-06 1.2121073102378e-05 1.52803248898437e-05 1.63833600815622e-05 2.01886060537504e-05 2.00608489436149e-05 2.32199287076185e-05 2.43595165009936e-05 2.33986528172636e-05 2.43501267128465e-05 2.69614332545132e-05 2.57933311612391e-05 2.59997343633245e-05 2.32247300203881e-05 2.50663702153986e-05 2.90550787720889e-05 4.10046748008597e-05 3.72971626639185e-05 2.77469042213596e-05
2.65620021719926e-06 2.76803892806932e-06 2.96668755627172e-06 2.7916474191203e-06 3.36991660526698e-06 2.27713451930178e-06 2.18219278410592e-06 1.79162148741252e-06 1.75861297158075e-06 1.82784094686639e-06 2.16118228677509e-06 1.93517081075179e-06 1.88215192088448e-06 2.31568935434856e-06 2.96316121142226e-06 2.10629504405757e-06 2.00631539011287e-06 2.21028179204774e-06 2.8669032470896e-06 3.59539818637344e-06 4.31043977622281e-06 4.90500827856621e-06 4.79313307426565e-06 5.477986965019e-06 6.02693456173142e-06 7.22399460606482e-06 6.64297259564961e-06 9.90120957311547e-06 1.01512304571116e-05 1.56608518366852e-05 1.41206338785338e-05 1.2665348550378e-05 1.64982061598096e-05 1.86488678664887e-05 1.67060589056689e-05 1.95271893591809e-05 1.91849695877266e-05 2.35051804963859e-05 3.06208855858081e-06 2.3109768813967e-05 2.48524791381044e-05 2.6527220004624e-05 3.46902236216806e-05 3.44973246555469e-05
2.12418436796868e-06 2.09618746949136e-06 2.10511161008453e-06 2.16481335596486e-06 2.20129824017867e-06 2.50232644728454e-06 1.5362789140827e-06 1.44151392029723e-06 1.43010106067321e-06 1.60891132472418e-06 1.61348136934469e-06 1.58581264511071e-06 1.36974301414572e-06 1.64704729673781e-06 1.50638652860469e-06 1.5335133845773e-06 1.63170989031514e-06 1.801408256763e-06 2.26715574070946e-06 2.76280461163347e-06 3.36556980440328e-06 2.67492584608009e-06 3.44792805813121e-06 4.46240580354029e-06 4.38374457454316e-06 5.10311528314489e-06 5.38529222717798e-06 5.96692310228519e-06 6.83350881054423e-06 7.64227020422226e-06 8.04926152859764e-06 1.2067415470618e-05 1.21159108322999e-05 1.19793099111476e-05 1.35652881514403e-05 1.7107432874397e-05 1.45709894344037e-05 1.78474504824777e-05 1.69594683377738e-05 1.5236714038469e-05 1.59183967731735e-05 1.9512396990784e-05 2.97493916797009e-05 3.00997521403445e-05
1.92868292021586e-06 1.83416085333121e-06 1.69052020559946e-06 1.69480250095111e-06 1.68441578374257e-06 1.62625738605593e-06 1.41218160640832e-06 1.33889259401609e-06 1.38339382423913e-06 1.28276459239185e-06 1.27727634637864e-06 1.34990258824352e-06 1.35910225249614e-06 1.48902481085234e-06 1.30076295804527e-06 1.18522958907352e-06 1.26870788312861e-06 1.30951451249306e-06 1.58318533366453e-06 1.93839783687588e-06 2.93145861008925e-06 2.48246266663088e-06 1.20876401981107e-06 1.26568444449582e-06 2.79032501427912e-06 4.65135117480031e-06 5.6194500936968e-06 6.15970696937751e-06 7.79597633595586e-06 6.95896804092655e-06 7.29127568090959e-06 7.07679357638824e-06 8.15768883741796e-06 1.03327582161583e-05 1.27647346214843e-05 1.34209702126853e-05 1.21584959030585e-05 1.20649722902932e-05 1.27526743272988e-05 1.25674291082234e-05 1.18427168501078e-05 1.46893595346143e-05 1.7421270665352e-05 1.58647403078582e-05
1.79889947761191e-06 1.67674743576374e-06 1.52923056044862e-06 1.37437222782477e-06 1.51472774935213e-06 1.46069934889859e-06 1.23887657534905e-06 1.20543888969538e-06 1.19554464989013e-06 1.14180826426002e-06 1.00902742866671e-06 9.47583486710091e-07 1.11206661306262e-06 1.31658492733555e-06 1.24813052898576e-06 1.42845034636352e-06 1.32604136520165e-06 1.12096705950915e-06 1.37878134840452e-06 1.04271594477678e-06 1.28742391000136e-06 1.97143298571456e-06 3.06563618927003e-06 1.94967827953363e-06 1.61574551286181e-06 1.91618928612192e-06 2.75800066819043e-06 3.18726305241768e-06 4.23830792106727e-06 6.55428748270737e-06 8.09680396329782e-06 6.3088511547349e-06 8.11492764629662e-06 1.01619491115201e-05 1.15210318838876e-05 9.35567207891452e-06 9.13973755771735e-06 1.17937412053237e-05 1.01232055774503e-05 1.15350326900909e-05 1.0449332171536e-05 1.09281240485259e-05 9.86928685287047e-06 1.01092641431322e-05
1.67705408196106e-06 1.55464999918031e-06 1.40030758837284e-06 1.27900440445305e-06 1.39229642150962e-06 1.33675471715167e-06 1.14479829027569e-06 1.09033628022948e-06 9.97870046381966e-07 8.82571964533341e-07 9.04715102978404e-07 9.84740342491186e-07 1.33342951802451e-06 1.21201133939097e-06 1.20930783844564e-06 1.13693862507924e-06 8.74918717386208e-07 8.70567265953692e-07 1.01946753355842e-06 1.11928777588588e-06 1.07663645723122e-06 1.45694917587091e-06 1.65655509521967e-06 1.58599298000217e-06 1.41240812874255e-06 1.49327552352307e-06 1.752424949375e-06 2.33466951580219e-06 3.40393868529798e-06 4.77380053585108e-06 6.00061409175012e-06 6.14922751278613e-06 7.75954951421909e-06 7.80500220969316e-06 9.88290578840534e-06 8.38128508577895e-06 7.57783054323724e-06 7.14982622431748e-06 7.76534893960346e-06 9.34785983339737e-06 8.05127419507556e-06 7.34914593945035e-06 7.51701220760292e-06 9.62874631826871e-06
1.65685775102009e-06 1.47725403372156e-06 1.30847047637994e-06 1.34607156062616e-06 1.43356699071617e-06 1.31290646991911e-06 1.11439617510589e-06 9.66998800477903e-07 9.21759133531985e-07 8.2655529833886e-07 7.41767858702946e-07 7.05050259663942e-07 8.63302657760912e-07 9.5039038662259e-07 9.79328817396485e-07 8.6202261756485e-07 7.41834212092396e-07 7.90183147825196e-07 9.10372161777584e-07 1.05288119425229e-06 9.66302348792691e-07 1.25368040828633e-06 1.8482721807711e-06 1.58006189298066e-06 1.52555956429712e-06 1.95511719772723e-06 2.25498052185413e-06 2.33745275241004e-06 3.51082447551665e-06 2.79639968154832e-06 2.74356024293487e-06 3.74330582117999e-06 4.19266421336495e-06 5.10611274524564e-06 7.27029686009573e-06 6.94334012640851e-06 5.89543920375135e-06 5.48588372888403e-06 6.24555374404423e-06 5.79517515939543e-06 5.51129910735249e-06 5.59726419990803e-06 6.21717108841846e-06 8.90132095499041e-06
1.54306066796339e-06 1.40385938869336e-06 1.4560021023069e-06 1.51856192979194e-06 1.30698489121395e-06 5.41028682943256e-07 1.27092375871163e-06 8.98340911226203e-07 8.69606648579158e-07 8.19053636591516e-07 6.78745046489571e-07 5.88861782957473e-07 6.2337202061391e-07 6.82013631003731e-07 6.80941865782714e-07 6.92956246062249e-07 6.8724083123195e-07 6.46732775599901e-07 6.97966879759093e-07 7.72242263136214e-07 7.11124235708294e-07 8.07308516814764e-07 8.01700284858153e-07 1.08011250148365e-06 1.21241552224483e-06 1.52025216920704e-06 2.42582580056716e-06 2.12806092279028e-06 2.03409116286135e-06 2.67118914025755e-06 2.70239827719898e-06 3.45369050327449e-06 3.91975994240568e-06 4.72507120070631e-06 6.10577989501593e-06 6.58454533963848e-06 5.237558918747e-06 3.49938402052885e-05 4.97291262826494e-06 5.65125092251151e-06 5.03867469854313e-06 5.01294671000352e-06 5.44355385989626e-06 7.35900028097092e-06
1.37317016578598e-06 1.34050935993724e-06 1.46433540809676e-06 1.49038825782988e-06 1.24283978023554e-06 1.09376651649118e-06 9.60883207989927e-07 8.3340174025226e-07 7.40574117474857e-07 7.29565627977102e-07 6.31154129482336e-07 5.7015445436015e-07 5.59344005046647e-07 5.90228486363475e-07 6.00870906186657e-07 5.69042599041225e-07 5.77143439561834e-07 5.62894096078903e-07 6.04376099289095e-07 6.41618471741712e-07 6.95198331779334e-07 6.46604417453567e-07 6.21701548753073e-07 6.16526011332219e-07 8.72022206044321e-07 1.33335369697507e-06 2.05205796984798e-06 1.81361403530644e-06 1.96686024150905e-06 1.91985821673679e-06 2.83736007895552e-06 3.08144275396049e-06 3.99320221644572e-06 3.94037307653861e-06 3.37269015759922e-06 4.03679842859717e-06 3.43459280087721e-06 1.97894459099679e-06 3.98189486676692e-06 3.38943679794035e-06 3.58984730675083e-06 4.32768153872942e-06 4.68710789736093e-06 5.62442778884176e-06
1.39723586961571e-06 1.32727228381313e-06 1.47699597344841e-06 1.52418701507839e-06 1.25181001914276e-06 1.02361664544581e-06 8.99530725606557e-07 8.35823807765479e-07 6.84578803511471e-07 6.76817588918244e-07 6.4063339448861e-07 5.58223728697183e-07 5.0317037519898e-07 5.05884875190432e-07 4.83167324449862e-07 4.73938063538792e-07 4.61495148718072e-07 5.30621735350678e-07 6.08238155641594e-07 5.94541504073121e-07 6.28161848981179e-07 7.35081381442182e-07 7.9533744593574e-07 7.45190638395954e-07 6.94346406748814e-07 7.45869000162713e-07 8.66495251272692e-07 9.49159457153126e-07 1.2588026286342e-06 1.45942096995144e-06 1.77611844344172e-06 2.27132238675987e-06 2.49228210307262e-06 2.15567712980036e-06 2.07008122116159e-06 2.35204962003577e-06 3.2021831732898e-06 3.9690389074476e-06 3.65167599229999e-06 3.09763210177838e-06 2.95033496455765e-06 3.17075399797195e-06 3.27774093906719e-06 3.43937697482311e-06
