Scripts_&_data/Maxent_result_files_1/Bombus_portschinsky_2.asc
NCOLS 594 
NROWS 330 
XLLCORNER -15 
YLLCORNER 23 
CELLSIZE 0.166666666666667 
NODATA_value -9999 
[rows 280 to 299 of 330, columns 540 to 584 of 594]
4.18077672481587e-10 1.07513176139662e-09 1.18129352966179e-09 3.76867523854685e-09 3.35924931205156e-09 3.44031757526508e-09 1.9013109309185e-09 2.945758081907e-10 1.74607532876792e-09 3.53864002544668e-09 8.36167912687813e-11 2.12178008496267e-10 9.62240120916391e-10 7.85661808500038e-08 1.11785365808359e-07 4.72929041483994e-08 2.44357845211596e-06 0.00013469708901539 0.0243703125976026 0.260443861782551 0.0043195423335419 0.000186465156298254 8.34927231139204e-06 7.22780132718981e-05 1.4537568142714e-05 9.58760935532155e-08 6.22266819672035e-07 0.00249457458849065 0.00214286025729962 4.81022580970603e-05 8.68758078240717e-06 0.000208070184908138 3.38379049793502e-05 0.000113358927990248 0.000199830997257777 0.00102074671285663 1.57023938887946e-05 2.08965239753667e-05 7.70532215852882e-05 0.000332958966936303 0.000241141014072355 0.000662272792669682 0.000161276179539982 2.04394179334599e-05 7.632360272396e-05
3.23709536953487e-10 9.25967513776271e-10 2.43308425629252e-09 9.76229430627029e-10 2.55676309013353e-09 1.12969623655701e-09 3.6607793685306e-09 4.19814930596729e-09 1.41638656359078e-09 2.11862039023458e-09 7.11447456502867e-11 3.33261196416856e-12 9.5450980452938e-12 5.76668834906258e-10 3.841127912807e-06 1.19484599823139e-06 1.32057904664862e-06 3.8626302945044e-08 2.95593525545534e-08 0.00510561835253611 0.129849083349109 0.00180078670709918 0.255626895278692 0.0521795469336212 0.000509256242730771 1.37880002526458e-05 1.86464778384465e-07 1.90014875478539e-06 2.14877206246911e-05 0.000411623895161028 0.000689156167936744 3.04927054060045e-06 0.000584021266513446 0.000476390294170415 0.000392203119736223 0.000279995630444319 0.00100857570623702 0.00065473127704081 0.000218141296383578 0.000129176187560631 0.000115727858963055 1.70027470197454e-05 3.60201156397011e-05 4.99726959674263e-05 8.70120946139252e-06
2.02632833845584e-09 2.03414984856209e-09 8.19790990647107e-10 8.16983392049053e-10 2.82654218919376e-09 2.25626692884617e-09 1.14083289481925e-09 1.2464863474726e-09 1.47303493847062e-09 5.29555436168394e-09 3.35323492306472e-09 1.11293596560813e-10 1.41994638269693e-11 7.53561635313815e-10 1.0035842701317e-08 7.38529983035363e-07 1.72587968444438e-06 1.30128551267816e-09 2.92462898343615e-10 5.95741928499649e-07 0.000383800416057056 0.114705853257328 0.0999669885262847 0.000959860550938174 0.00041559676064935 2.37178635076329e-07 5.42748987840014e-05 1.13984958138857e-09 2.8424740044386e-05 0.000256248765799683 0.000576971161353867 0.000361848733791703 0.000162139003327866 0.00103551268693991 0.000364799237740954 0.000425012298182992 0.00212639308228972 0.00185237969271839 0.000621317602872296 6.10786558524978e-05 0.000297184391183691 4.21654611812983e-05 5.88416595974195e-05 0.000388806394857966 8.97467427307674e-05
1.67227770520029e-09 1.69125122795322e-09 1.77925597588668e-09 7.47981077076076e-10 2.19508009546843e-09 9.56436430055163e-10 9.93503002089113e-10 3.4840901275146e-09 3.23978183169871e-09 4.71076215813326e-09 1.82819361871367e-09 5.67482794089358e-10 1.41035250145194e-10 1.78080727941676e-10 3.95460908908518e-07 2.98087223127297e-07 1.42623799692654e-07 7.34399160529087e-07 9.51180694541698e-08 3.49341347183341e-08 7.13932579721188e-11 2.6318019684668e-07 0.00990847891080193 0.0327155346283689 0.0113081172399689 0.000258830645577746 0.0126111058751121 0.0425972922705114 0.00949804436240811 0.062578019592911 0.00333052244604914 7.23206671978005e-05 0.000355576082984044 0.00356544301175745 0.00105852249944292 0.00245104276982602 0.00587537884421181 0.0144001292530447 0.00397638316062512 0.00162226013599138 0.0316124445060268 0.000553423945257236 0.000156307250654208 4.50520537810917e-05 6.42985141666941e-05
4.93763319120433e-10 5.28989163584015e-10 5.54579393519106e-10 1.53316233042489e-09 6.58418042309705e-10 2.12371999985805e-09 7.41249528424248e-10 9.45123901363587e-10 2.81854314332364e-09 1.52973346212448e-09 4.53696482605182e-09 1.85164827914974e-09 6.46448095054097e-10 4.10833256303533e-11 6.85146939183312e-11 1.47470215372536e-08 1.70659033571496e-09 1.2124940699243e-07 2.5738262825481e-07 4.48707081268651e-08 6.07441983380141e-09 5.11685194215517e-10 1.51082585775342e-08 5.74791915952666e-08 9.22811749237695e-10 0.0348352749017067 0.0410239065764472 0.000343178843922942 0.50061912946403 0.00318195295840269 0.000702560338550029 0.000240878853469439 0.00013764836877499 0.000254590080044181 0.00138413379681879 0.00624926293094177 0.0138495569699444 0.0117352038272656 0.0868581460556015 0.0117111053143162 0.00439920985518256 0.000352389727959235 0.000249158180577069 0.000270711531720735 6.55132161455185e-05
4.29558089098947e-10 4.47065751085773e-10 4.75943073841023e-10 1.40439769813483e-09 5.48282996781779e-10 1.51144968763006e-09 1.6677500824791e-09 7.69957797519538e-10 2.40895989822576e-09 3.57187944777237e-09 4.35905346263255e-09 4.63905721614921e-09 1.53031998184616e-09 1.62588620344906e-09 3.48866791011204e-10 1.2549297156994e-10 2.88489621080856e-10 1.47674883432813e-10 4.54089177370776e-10 6.54712084546816e-10 1.5364007438512e-07 1.13377196520048e-10 7.02948899089506e-10 7.0706307475632e-11 1.96482607961457e-10 1.16371653424707e-09 1.37993239257561e-07 0.000245045005522115 0.343381202407181 0.00211452239127539 0.0105222336336737 0.00591656000906369 0.00622696174687007 0.00418359560535464 0.000190207333685066 0.000772792546376877 0.0351890868740156 0.000188112582247868 2.08961098238092e-05 0.000706496537895873 0.00021175937033604 9.42180879292209e-05 7.3798385756163e-05 0.000330257215318852 0.00015485855501538
3.64718666379105e-10 9.85869808012296e-10 4.26273694120738e-10 1.11715020567615e-09 1.12025568821394e-09 1.16464148325335e-09 1.16811706973863e-09 1.40058558084633e-09 2.06403710789616e-09 8.49825498860923e-10 1.05180630871615e-09 3.07108573016635e-09 1.18819007965953e-09 3.35651514360435e-09 1.20567394956694e-09 1.70438974045339e-09 8.86218431972452e-11 3.57393337147016e-11 5.84225401389915e-10 5.83550208155259e-11 4.4978243352034e-12 5.92590976289387e-11 8.28193069679628e-12 5.36907518444707e-11 4.48547843312497e-10 5.31066857156759e-11 4.12090448431712e-09 8.87707669562587e-05 0.00753248623223044 0.0267834436439443 0.187065777368844 0.399270811863244 0.00544134835945442 0.454816615208983 0.133263807650656 0.0103779201977886 0.0194638865767047 0.029459552327171 0.00409736785586574 0.00131993085087743 0.000837276102174656 0.00139415518115129 0.00105180430082328 5.82847582279555e-05 0.000259612219724659
3.25394333700046e-10 3.42177697287838e-10 9.11960440497239e-10 3.6538073677761e-10 9.10874908832682e-10 3.62206675763588e-10 3.58378959841588e-10 1.13600963080884e-09 4.87312412644769e-10 5.7893717597679e-10 6.54458531812452e-10 8.55602866334237e-10 8.77894823503311e-10 1.54224313320128e-09 7.48300632569254e-10 2.04483551202728e-09 8.80262540636778e-10 3.17291648510576e-10 7.11573022726952e-12 6.56591225833836e-11 1.19312337787392e-12 6.63098465025769e-12 2.06394996649095e-08 1.25592678368314e-08 4.93899952780375e-07 5.6157448358185e-09 1.40227951472838e-10 8.72361627379803e-11 2.25575419621205e-07 1.07151111639059e-07 2.32941983338009e-06 2.26299267338526e-06 0.0165226509940112 0.00165492474225175 0.031743337563239 0.0517554514342919 0.0122959532338427 0.004568793575163 0.00290372174640652 0.0940852190135047 0.106263218168169 0.0485184168210253 0.0272047744365409 0.00100881454809496 0.00185679455535137
2.81320322592649e-10 3.0079391200033e-10 7.81927400606008e-10 7.96241539369191e-10 3.27864602134298e-10 3.18457926695714e-10 3.10976366879601e-10 3.06904079927506e-10 3.76327979889624e-10 1.07718319819483e-09 1.28206576466283e-09 1.67196921863066e-09 7.25971616155618e-10 6.53042808718141e-10 5.87060444701137e-10 1.98387420935475e-09 5.69279223761043e-10 2.23185417924654e-09 1.64961652115991e-09 2.82765477699343e-11 2.20962137476022e-12 6.07328631829773e-12 1.40041755969378e-11 1.75239825983553e-08 9.45816717612402e-08 4.2581264736441e-09 8.48191517022201e-12 2.19491980146813e-11 3.96727095619553e-12 2.06095233101777e-09 7.16109838094781e-11 9.95461713060308e-11 4.51102051798102e-05 1.03895749890004e-06 0.000912378149223514 0.111369385104626 0.0238220263912808 0.292123027332127 0.004061217616254 0.148742440063506 0.156245461851358 0.00105581089374027 0.0624372785445303 0.0973175998777151 0.014854044013191
2.31775509895726e-10 2.46878284482221e-10 2.53655996207414e-10 6.40808783813895e-10 2.51204590462351e-10 6.71528788132036e-10 2.65899935403269e-10 2.78589740165813e-10 9.75045155726662e-10 3.3673066557327e-10 3.6844652884227e-10 1.38098635860118e-09 1.42932211621982e-09 1.53987411710688e-09 4.91344043229702e-10 4.60808713409477e-10 1.0921651250051e-09 1.18857466091526e-09 4.39520286832362e-10 5.42565437022802e-11 1.37796885013586e-11 9.61016821676708e-12 3.50938167414938e-12 6.15225403954867e-10 8.02988464942977e-08 3.49770212793032e-11 2.30966690217826e-11 3.25673031875695e-09 1.41100020556451e-11 6.75222988633095e-11 9.83086945183231e-12 3.2692737406137e-12 3.46592754496555e-12 1.02694796333402e-08 1.44418709657757e-08 0.000281818789062527 0.112048011552542 0.000530519140829711 0.022642880002968 0.0510572851402685 1.19038089355428e-05 3.82799540020073e-05 0.000135780922721551 0.08528843363747 0.0361644531134516
1.86485749065213e-10 2.03593009118208e-10 5.4064068777393e-10 2.22192497734142e-10 5.90369653163947e-10 6.19066964357984e-10 6.5479930366763e-10 2.57692001071064e-10 2.60484589453824e-10 2.73250355675714e-10 2.98737645731961e-10 3.61224117284564e-10 4.61799720685718e-10 4.74231809377557e-10 1.03267530082718e-09 9.54321299762029e-10 9.69600977285268e-10 3.47226714048077e-10 1.49432355378565e-10 1.32884424575153e-09 1.35675236601074e-09 4.34759894751835e-11 1.45424404740524e-09 2.25162000155876e-11 9.80704406572386e-12 1.83467796510683e-10 1.46699885572588e-10 7.2255924910003e-09 1.07516751057801e-10 4.21044890064337e-09 3.16547343892637e-11 5.64952503112615e-08 1.95459204377357e-11 7.7335593484662e-11 3.21446992357366e-09 5.23843568434046e-07 5.84504275948916e-06 4.89383618418326e-07 1.57433880097813e-05 0.00167740951728774 2.81725466315663e-06 3.05058119494106e-06 0.000217457604009041 0.000357126098060689 0.0160478670557495
6.26104390555326e-11 1.84259663082997e-10 1.93931615211085e-10 5.00469676811832e-10 2.20341511703026e-10 5.66526159317959e-10 2.21313245507559e-10 5.57361901076803e-10 2.21614804285508e-10 2.3745818644727e-10 2.5731536901219e-10 8.07100208888301e-10 9.12664754881831e-10 1.05152475615711e-09 3.41174311024872e-10 8.0853207462539e-10 1.0792937543691e-09 2.9515648813927e-10 4.66848437685741e-10 8.11140166145918e-10 8.41512670657352e-10 7.82901699025729e-10 7.65758412235584e-10 1.25515153825972e-12 3.43267658742263e-10 3.17043058473132e-12 3.86362497550863e-11 1.92407423327268e-11 1.30696120592688e-11 3.57115670368557e-11 2.94865420968904e-10 2.08703387905018e-11 5.41247369145736e-10 9.83139902821506e-11 5.06066744065947e-11 1.35316211569148e-09 4.54666595484099e-09 1.15248401373336e-06 1.12267152956314e-06 3.46653789193851e-05 5.32350766810907e-06 1.07419711437018e-05 0.000134049976907136 0.000395550335724693 0.0421970577910542
1.40801592607431e-11 3.93124421904645e-11 1.64434343918884e-10 1.74768799432456e-10 5.14417974883941e-10 1.91321103404363e-10 1.90361848506626e-10 4.86609952332628e-10 1.9786958738166e-10 2.07477346414464e-10 2.20799478700684e-10 2.40165809461956e-10 6.70901645349886e-10 2.7625238763207e-10 7.50514173031291e-10 3.01107427880254e-10 6.61816512703695e-10 6.21488149832317e-10 4.91362728283207e-11 2.56760057659733e-10 5.84907000611423e-10 6.01476124462152e-10 2.38026842680483e-10 2.94548341273071e-10 1.26875165928908e-10 5.95364868516413e-12 1.73383640778013e-11 4.57071824833122e-11 8.86583029213739e-12 3.09992032043738e-12 5.65639757255099e-12 1.78300707531776e-12 4.46110925977905e-12 6.20675177920305e-11 3.833119377461e-11 5.15678943990849e-10 2.68338318232253e-10 1.41062739267284e-10 4.70464675594862e-07 1.98221958065403e-06 2.11528044331999e-05 1.37410529305271e-05 5.69655637377764e-05 0.000117894638515281 0.00113005683288065
2.18025597575888e-13 1.25413013307707e-12 6.43138875489058e-12 1.27029331498107e-10 4.58849558349073e-10 4.21105061931826e-10 1.61273450149935e-10 1.66437863491353e-10 1.72783931606801e-10 1.77581749305489e-10 4.88834439593688e-10 4.73881933693576e-10 5.47126932648467e-10 5.62187252306501e-10 2.54185450465627e-10 6.04826655425939e-10 6.31876606593806e-10 5.46722833671964e-10 1.13046405569861e-10 5.43654921081327e-10 4.7822511506368e-10 4.33912894504118e-10 1.66532954093412e-10 1.62832236583199e-10 3.74982578321692e-10 1.11727116447469e-10 1.65413238661927e-12 4.32220703672215e-11 6.29687413322699e-12 1.52369228345606e-12 6.96167568037254e-12 1.07350128786265e-11 2.22434293206675e-12 1.57593937899492e-12 8.84070594509012e-12 6.27066953917676e-11 2.42295072894194e-12 1.13032161408455e-10 3.39209494937265e-09 7.22405057995701e-10 2.70957361578894e-06 9.19824246814471e-06 0.000354115821392043 0.00727462959039258 0.00160059468707914
9.11493103217253e-15 1.06026298851702e-14 9.7666319476275e-14 3.08867154075187e-11 9.93014781514034e-11 2.7705626681751e-11 3.19410642379836e-10 1.40006028992445e-10 3.57394769334718e-10 4.2656547183384e-10 1.57871660189102e-10 1.58929669424879e-10 4.46742975945824e-10 4.8188826262674e-10 5.66455726769277e-10 6.50019871262231e-10 5.71514280345298e-10 4.68295002775676e-10 4.13921674713436e-11 4.62273752610542e-10 4.49720827244704e-10 1.44547940283957e-10 3.65234276156201e-10 3.07222813855645e-10 1.07403308469145e-10 1.00273256364858e-10 3.14540826718002e-10 1.86879067776147e-11 5.30234578466349e-10 1.38512020741999e-09 6.8193228841551e-13 1.50190970771291e-12 3.85789178380946e-12 2.32099894859061e-12 1.43967060495243e-12 1.85017556830758e-12 2.17109663580572e-12 3.70647956771109e-12 6.72388811295832e-12 2.87168955281913e-11 1.51136714254818e-10 6.35192486715397e-06 2.71387317685168e-06 2.53706697872502e-09 0.000100234913315944
3.53717055645575e-14 2.18824958153618e-14 1.81854531433601e-14 8.46790415565124e-12 9.93526705350689e-11 9.18885745271325e-11 2.90748580766831e-10 1.10436948475012e-10 1.24764187869886e-10 3.17382276016076e-10 1.3904997153702e-10 3.81573816987668e-10 2.54234910901374e-10 2.95731261701349e-10 4.02604760640912e-10 5.12360631699238e-10 4.94178176158044e-10 3.99690125441055e-10 3.53057738600171e-10 3.60237339958047e-10 3.46197803757775e-10 1.22876764319102e-10 3.12549008896212e-10 9.74097913442051e-11 2.65616795225299e-10 9.71804636762386e-11 2.61259514022782e-10 9.70679314704625e-11 1.02327601947394e-10 1.32042377032349e-11 1.32376010153479e-10 2.07067696322838e-13 1.05536246408633e-11 6.78770373241377e-12 1.49750212230515e-12 1.00149222248547e-11 1.13523634936996e-12 1.37827527169065e-12 1.99412708568047e-12 7.95213894733138e-12 1.6506307431996e-11 1.31907370692907e-08 3.5511896756546e-10 2.86794921144917e-11 1.87014329577906e-09
5.17363929475323e-15 2.27439178601685e-12 5.32796029517613e-13 6.39516217759706e-12 1.04574116033263e-10 1.05674657913113e-10 1.03722397337691e-10 2.41065389872119e-10 1.05948938511347e-10 2.72005362678129e-10 1.1394806209708e-10 3.13035708465748e-10 3.38728267657018e-11 3.95097177197101e-11 2.85938761557247e-10 4.14993428510257e-10 3.97049693123819e-10 1.47331247202231e-10 3.22200099933667e-10 1.22668275537308e-10 1.24309207372164e-10 3.27642013520091e-10 2.42913200665384e-10 8.8121754338033e-11 8.44990966086812e-11 8.29023849568955e-11 8.4487727924909e-11 2.20657392357992e-10 2.42717124177005e-10 2.91622836989802e-11 2.13392115089306e-10 5.06610309258804e-12 1.11961784288184e-10 2.58942867148448e-12 5.59864377080999e-12 1.76912928750994e-12 1.3716994207158e-11 1.30209509840995e-11 3.87563314774297e-12 4.66481298033727e-12 3.19452242436569e-12 1.22726162565812e-11 8.37945268727935e-12 3.95120602902921e-12 5.55589907413889e-11
3.58602036953926e-15 7.35754790426313e-12 6.60353993708895e-12 1.91904270252508e-10 8.93909168908635e-11 9.58753854085614e-11 9.07571684471975e-11 9.90307058579276e-11 3.52311846363307e-11 9.3816698853999e-11 9.67610103153049e-11 4.36258251745869e-11 1.08375364238356e-10 2.33785657499652e-10 2.61982850968678e-09 1.27333743549229e-10 3.3176861258255e-10 3.50524298475818e-10 3.19159165762528e-10 5.2955928531162e-11 1.08178233038103e-10 2.56766841122413e-10 2.3469133303422e-10 8.48845993495217e-11 8.25203794185825e-11 7.72398478510183e-11 1.92995752712477e-10 7.71257391285474e-11 7.7827921884932e-11 4.00363298069806e-11 3.91298882185254e-11 6.04540084658822e-11 2.04440908646575e-12 4.97552887779307e-11 2.63078447915177e-13 3.87307963478634e-12 1.96316296552368e-12 1.63238311756686e-12 2.71938027651686e-13 6.15951734062037e-13 1.34231514792305e-12 5.88673554346997e-12 9.39956890100291e-11 1.38112699055171e-10 4.3578218811291e-11
4.9871218266162e-14 4.65982807895671e-12 4.64523530752103e-11 1.8733008477767e-10 7.93340060312175e-11 8.30281066122041e-11 2.19104401288917e-10 1.03520003680302e-10 9.33808363967614e-11 2.26862184593557e-10 8.5366524960051e-11 9.44244460399091e-11 8.27249824197907e-11 1.94999705271925e-10 8.66094973517306e-11 9.87524839679566e-11 1.03772679338476e-10 2.65056410153619e-10 1.17010856559574e-10 1.00699582006314e-10 9.34051280765402e-11 9.50731382509673e-11 8.65407967509668e-11 1.90424642720899e-10 1.85899651228283e-10 6.98136881638334e-11 6.71741329227871e-11 1.72788949814873e-10 1.76076242475176e-10 6.63153199020883e-11 6.46883546728816e-11 5.74938541220149e-11 3.45303785564965e-12 7.92004239968946e-12 6.08642358734812e-11 4.53814319456569e-11 3.35176331134335e-14 2.59253729595343e-12 3.30325655717445e-11 1.08650199948102e-11 5.14843723209424e-13 3.31390470620363e-13 2.30743202322969e-12 7.5440764746304e-12 1.3809686727484e-11
1.76349018721211e-09 2.16255902074636e-12 4.36878089260517e-11 2.04172789786128e-11 1.69650227199725e-10 6.64329147248566e-11 2.15023299166006e-10 1.04806230361021e-10 9.32052879321077e-11 8.47301451223359e-11 8.74520122984279e-11 8.30298274578922e-11 5.76007574970561e-11 1.56212343060957e-10 1.59984736569641e-10 1.78981418574864e-10 8.30623014813625e-11 9.48840006564922e-11 2.60306354249451e-10 2.56604593129595e-10 9.25127197071163e-11 8.31361424147303e-11 2.1308843578538e-10 1.90022286794544e-10 1.93037585916045e-10 6.20709261767161e-11 5.90670401479088e-11 5.90058224503309e-11 1.46064194073148e-10 5.69578939568771e-11 1.44772105414859e-10 4.65106841929241e-11 1.07150743833273e-10 1.8808343771326e-11 4.53470483385843e-11 7.20512538521234e-13 6.0009774927039e-13 2.01305638825033e-13 8.78205286269917e-12 1.05160857799547e-10 7.43636263678127e-12 3.09519077035247e-13 9.11359876454298e-13 4.29715929506358e-11 1.05936270866636e-10
