Scripts_&_data/Maxent_result_files_1/Bombus_consobrinus_3.asc
NCOLS 594 
NROWS 330 
XLLCORNER -15 
YLLCORNER 23 
CELLSIZE 0.166666666666667 
NODATA_value -9999 
[rows 100 to 119 of 330, columns 264 to 307 of 594]
0.0427554305177182 0.0794522284530103 0.0105407316819765 0.0529837024863809 0.019671103078872 0.0213091678160708 0.220620028674603 0.542025275528431 0.145170909166336 0.135144934803247 0.215241447091103 0.19069801941514 0.146444246172905 0.165606924146414 0.07746247574687 0.0545252329437062 0.0261519237887114 0.454393095523119 0.031254873371654 0.0535282256547362 0.0142190217040479 0.0484829925000668 0.0379170831292868 0.031832156132441 0.0142674959701253 0.0390670927008614 0.101660742610693 0.019271618523635 0.0167625779984519 0.0269642699044198 0.0188020769041032 0.0138230893062428 0.00391949150998698 0.0264396370854229 0.0367976943962276 0.00858823829912581 0.000851291768867668 0.00125605534840361 0.00825901845819317 0.720488172769546 0.0397307722829282 0.0347637961152941 0.0285436365986243 0.0246655809925869
0.0954022459685802 0.0499087138101459 0.0704658484086394 0.050978616066277 0.00696766884066165 0.119268165156245 0.0713464136235416 0.112757445126772 0.12143165320158 0.188454945385456 0.180586163699627 0.165516099333763 0.144264495372772 0.131867138296366 0.11581642255187 0.0998246867209673 0.0853205434978008 0.0683589968830347 0.0444518927484751 0.0373135500587523 0.3802794508636 0.119192574825138 0.114740963280201 0.0536640367470682 0.00601343557136715 0.00269050650167628 0.100475910305977 0.0378056333051063 0.020259731344413 0.0109120537992567 0.0985214076936245 0.0747402167879045 0.0619305552914739 0.00137210892571602 0.138493363559246 0.00787676598556573 0.00503190750596332 0.00631398777477443 0.00834870598046109 0.000135376691577926 0.0109711558638082 0.0277673090575263 0.000320567798317406 0.000465329822566685
0.0149064651399385 0.0676582520827651 0.0169877591222757 0.00822380314930342 0.0256434219889343 0.00594364947228314 0.0335680624004453 0.0194972346536815 0.0580398513018736 0.0529699967242777 0.0650991037487984 0.0814547568559647 0.0997842498123646 0.107459226250648 0.109713055938482 0.0998343333601952 0.0872014440596104 0.0731484778225422 0.0563904015347362 0.0390335968695581 0.0344344291836023 0.0323165059322491 0.00626877705217339 0.00355603237258038 0.0103778703050921 0.0114820364280604 0.00254983030490621 0.00510316537111066 0.0433008414693177 0.0417201128322631 0.0346539861522615 0.0114472446963191 0.0224361283704638 0.0205276485532522 0.0757676213979721 0.00279181737423642 0.0154480646247976 0.0151784528512508 0.00285583603290434 6.83470031381361e-05 0.000340783162430391 0.000176085151005945 0.00519350904214662 0.102497730404139
0.0165354808792472 0.00507230539515149 0.00891116928505653 0.00483290854899678 0.00346795723162359 0.048427849682048 0.00382342617522227 0.00559860645794288 0.0153835750970757 0.185847868770361 0.0357953852042556 0.0438291151076555 0.0637377571314573 0.0801339533179998 0.0694424148648977 0.0675647042691708 0.0659945622086525 0.0631042547523975 0.0503547113388777 0.0367423251271248 0.0332612882368267 0.027674021339044 0.0394580990425311 0.0030963920729846 0.00416531752612173 0.00913932446856052 0.00271548491309659 0.0141716923448257 0.0484619248658419 0.00474101262516342 0.0474656311795115 0.0027113413088955 0.00407501652662177 0.017176910629496 0.00167382018353237 0.00685582463629544 0.0163742234697565 0.0894287377595901 0.00164375559324981 0.0301921598613262 0.0338882821146399 0.00480450731120072 0.00326811195700429 0.101249992847443
0.00652654943987727 0.0673571242019534 0.019026802200824 0.0108004235313274 0.0142899903177749 0.00891433394281194 0.00877438922761939 0.0129040532337967 0.0188092754222453 0.00318370557688468 0.00783909045130713 0.0245725678279996 0.030286976415664 0.0320618133060634 0.0371472427621484 0.0372529476881027 0.0353195155970752 0.0330892220139503 0.0315307572484016 0.0299420287366956 0.0293417395558208 0.0355188723013271 0.0308258716555429 0.00343996118172711 0.00980147915543057 0.00202784874891222 0.000893088351813276 0.0102149990736507 0.0100257222249638 0.0385573797859251 0.0408553359011421 0.0136592888207815 0.0220317556522787 0.000901498502753384 0.00241218302544439 0.034641698282212 0.028060685377568 0.0248599754297175 0.00709371799771361 0.0112910431576893 0.0379131394438446 0.0542550412937999 0.145388145744801 0.00154428886157802
0.0207250270061195 0.00865032191504724 0.0118386463262141 0.00768489449401386 0.0125222265254706 0.087255903147161 0.0937473058700562 0.05837676320225 0.00929974386817776 0.00351454518022365 0.00298497718104045 0.0861888462910429 0.022373281698674 0.0220116510521621 0.0249666763469577 0.0272166626527905 0.02404103144072 0.0239144958555698 0.022635873220861 0.0231780469883233 0.0240830535069108 0.0471313263755292 0.00926264898316731 0.0408096365397796 0.00788756912807003 0.00265210511206533 0.000545244054910654 0.0390717416303232 0.0039368207577354 0.0443172615719959 0.00317914910119725 0.00360508944140747 0.000890169802732998 0.0224595854058862 0.033543508220464 0.0155749132391065 0.0130416935367975 0.0185752055956982 0.0279294471954927 0.0901856936980039 0.0127147268736735 0.00546914763745008 0.000253541823349046 0.0182938021607697
0.0119417179143056 0.00910474739637266 0.00139303216456028 0.017164064804092 0.0144657037686557 0.0814869178459048 0.0189520325628109 0.0152365624744562 0.0162074642285006 0.0169221741147339 0.0206195623148233 0.00686299685039557 0.00486919351969846 0.0208506412804127 0.0194264441728592 0.0100249628099846 0.0063949239893077 0.00314795117266442 0.0136441524065905 0.0166268382687122 0.0181097476975992 0.00329206848017094 0.00188881880931149 0.00137592176668022 0.00776110890078598 0.000770505433774815 0.000876195410273795 0.000911604069915484 0.00420491683180444 0.0376200961880386 0.00171190250985092 0.00300219889322761 0.0608897479251027 0.0355626134900376 0.0219045388046652 0.00996434653643519 0.0030742297458346 0.00592086343967821 0.0128932223102311 0.00261135642940644 0.0137297369306907 0.00358979292504955 0.00563468700565863 0.00073719349111343
-9999 -9999 -9999 -9999 -9999 -9999 0.000242209729965737 0.9 0.893633669614792 0.856765395402908 0.310322202183306 0.00390958533753292 0.00800392959156397 0.016209588223137 0.013711995142512 0.00491755029433989 0.00104319237680102 0.00240662076757872 0.00943501775036566 0.000315878333731234 0.000242509956495951 0.102957377396524 0.000832365063342877 0.000829557733663933 0.0028014652295667 0.00132778803308611 0.000356731822716938 0.00223322471210849 0.000478623313347271 0.00265368530103842 0.00267386310151778 0.0199840710265562 0.0005399794669529 0.0022185592999449 0.0352377858012915 0.0490247706882656 0.006102986773476 0.0391689890523594 0.00470709450920594 0.00425652625999646 0.000289055567850482 0.00386579074111069 0.00365859665907919 0.00790815996442689
0.838365688920021 0.00628757597296499 0.021339843980968 0.0173026058604592 0.00813701731531182 -9999 -9999 0.8 0.96321205496788 0.330993378028506 0.0426347536966205 0.0916761636734009 0.0638614717870951 0.00293199750121857 7.80310372022197e-05 0.00649766713322606 0.0200719776330516 0.00589833834965248 0.00409410265856422 0.0564120078459382 0.212292447686195 0.00313543789961841 0.00230532121713622 0.000863181033855653 0.0549955813789237 0.000766150883927708 0.000559187605176703 0.000467814438979985 0.0042520804941887 0.00315509906504303 0.00915588003117591 0.00328578661428764 0.0011707398109138 0.000308874794973235 0.00260297687927959 0.0344718933105469 0.00317760152101982 0.00982100592518691 0.00854509277887701 0.0121508705159158 0.0013867980324676 0.000561924548310344 0.0202888321597129 0.0535235675051808
0.0751946531236172 0.0252495024353266 0.0151536785706412 0.00233190076978644 0.0331722556613386 0.101018423214555 0.000443058076680825 0.010499688430904 0.000128729445284492 0.00804134227079273 0.0255758901548688 0.00697325561195612 0.0407245308160782 0.00204934263459222 0.00541588014457375 0.0144580067601055 0.067406702414155 0.00258939411869505 0.00333703437063377 0.00100082460685371 0.00313208155130269 0.000395753932468779 0.0382022725512483 0.00186752215204251 0.000252492422211503 0.000196339580566018 0.00454594574985094 0.0122961039189249 0.00365636698843446 0.000735939681908349 0.000383321473736942 0.000585794269863982 0.00302171584335156 0.000899024834507145 0.000787773564479721 0.00033259859417285 0.033322124273127 0.0105322826610063 0.000174990474361891 0.00730429693358019 0.00158479296405858 0.000410645601186843 0.0137064283248037 0.00295929620333482
0.0349027826217935 0.0424705564044416 0.0250836028950289 0.0195054603740573 0.0386879096738994 0.0460341279394925 0.0621085399142341 0.0809391304850578 0.0201152821537107 0.00132761632939946 0.0105061945330817 0.155893420371922 0.00723113475833088 0.00081896828050958 0.0015587378089549 0.00165502679519705 0.000185767655761992 0.00420514892684878 0.0474370272830129 0.000244913181336415 0.000464955561574243 0.000811779952618963 0.0549742204342775 0.000170904262839144 0.000184477962250185 0.00388203383772634 0.00356760194772505 0.0289551849593594 0.000202272564183659 0.0049003645661287 0.00258113194577163 0.02286857443396 0.0014388077048352 0.00285302032716572 0.000970993800910946 0.000562779450996231 0.000346292895272882 0.0250989855087937 0.00131408811503206 0.000650534439228068 0.000477047808817588 0.00145675640596892 0.00353301059803925 0.000167566069376335
0.00889071887286264 0.0229004948399961 0.0407228795811534 0.0427587881684303 0.00318525601614965 0.0100401319214143 0.332588532567024 0.0202085350640118 0.021128196734935 0.0273070518858731 0.00435138468164951 0.000209676941040016 0.00272889657499036 0.00845341107342392 0.00326426733954577 0.00485950091388077 0.00326307228096994 0.00233377033582656 0.400237854130546 0.000643441132660882 0.00205617799074389 0.000215990221886386 0.00100929738587183 0.000710850881102942 0.000986158716114005 0.000122579149666535 0.00104789549512247 0.000529864002362501 0.0228650541976094 0.0271429454049212 0.00375540730892681 0.00017172755970023 0.000716925742563035 0.000217906620468966 0.00166416404827032 0.00149338516066564 0.000691657084007602 0.000459526284873846 6.7291352628851e-05 0.00928740272704882 0.000178740437719682 0.0252124316990376 0.00239844112657011 0.000733740611212852
0.00561131627619034 0.00195196828390181 0.00189382710705104 0.00210224241054675 0.000529340323282668 0.00220485416211886 0.00344370371749392 0.00280031070142286 0.00135942565066216 0.00087688793541929 0.00147754066856578 0.00100036006879236 0.000900083243323024 0.00336801249359269 0.00262907434080262 0.000977950146807416 0.00050920950843647 0.00294296505962848 0.000588755527678586 0.0039626399113331 0.00264722973515745 0.000282638366024912 0.000811963291562279 0.00147616571302933 0.000709288225516502 0.00235235915170051 0.000732505674750428 0.00155827017770207 0.00169158932076243 0.00171918806154281 0.000890214843093418 0.000261663424794278 0.00889017868321389 0.000249919495968243 0.000699135971626674 0.00254228206031257 0.00141452068637591 0.00335515431361273 0.00288539903995115 0.000225566502489016 0.000911992816600105 0.0117868723595166 0.00107381592624733 0.000452055127698259
0.00215532595466357 0.00320551678014454 0.00334150129638147 0.00103332095495716 0.00154567669451353 0.000214934364180408 0.000188764343266712 0.00238664256693575 0.00018272376061077 0.00076742909038785 0.000570726517980802 0.00141252499670372 0.00077829483707319 0.00417201742529869 0.00148681159698754 0.00342100637790281 0.00334328831522726 0.0055686501582386 0.000167512397263181 0.00387940725777298 0.000791051162627809 0.00133160742358314 0.00089404181617283 0.000707791898184951 0.00342625576013234 0.00122307188630657 0.0034854712721426 0.00121606959801284 0.0481257267529145 0.0050666352501139 0.0010333340291254 0.000771723344587372 0.000847037935091066 0.000176629115014748 0.000396505227035959 0.000158638717449833 0.000976085311776842 0.00178747154823213 0.00143502922946936 0.000419274985392804 0.00443629275541753 0.00114125064666268 0.00935338370081809 0.00210409407736734
0.00342375875698053 0.000798564917022304 0.000655471045865852 0.000693119315837976 0.00191298006466241 0.00172356557886815 0.00075781632658618 0.0042841771034773 0.000151194436119795 0.0157631424255669 0.000504529548788923 0.000365044890486388 0.00284275835001608 0.00312721797963604 0.00109474849159596 0.00241384938562987 0.00247119831183227 0.000788029412069591 0.00295491689466871 0.0141042450559326 0.000686680444209742 0.0153226509411078 0.00152090878553111 0.000235099725705368 0.00468559163855389 0.00531852266867645 0.01142199318856 0.0148828982259147 0.00442338201683015 0.100164967775345 0.0512282161042094 0.0053692567977123 0.00683527484652586 0.000581057742510893 0.00165113639377523 0.000266219197601458 0.00287731552962214 0.00228654913371429 0.000717341162271623 0.000653798184339394 0.000173708319526611 0.0007502404924427 0.000284112497467959 0.000133710343449422
0.00326178572940989 0.002911967086402 0.000814796157646924 0.00125031404404581 0.0269313680473715 0.0515652204863727 0.00248674394679256 0.00170516995058279 0.000689170073474088 0.001317902260962 0.00210268038354116 0.0002906603966494 0.00269414017675444 0.000556048975340673 0.00193252407043474 0.00135718235178501 0.000421893276234186 0.000479503028827821 0.000517065126632588 0.00174993429609458 0.000898133937516832 0.0031937809617375 0.000722144464725716 0.00334436041885056 0.00158176475270011 0.00183180114690913 0.00623021871433593 0.00206532182419323 0.00429975491715595 0.0151009723660536 0.0235973448492587 0.0122260143980384 0.001919020753121 0.000521129617834504 0.000362611773948629 0.000189461211652997 0.00398841380374506 0.00186384724802338 0.00267367810665746 0.00030454300317615 0.000571708290226525 0.0173799390904605 0.000188334715096516 0.00408176311175339
0.00199038934806595 0.000811005250216112 0.00120616713029449 0.00227430167178682 0.00258523461525328 0.00523881587141659 0.0251161683350801 0.0025976191056543 0.00160035058033827 0.000590068226847507 8.74628908746899e-05 0.00031290359720515 0.000258439245817499 0.726938980817795 0.0056757134036161 0.00148350547024165 0.00202190585114295 0.00077504239307018 0.000666450144854025 0.0289836777374148 0.00121141064119001 0.00292837991728447 0.000940192280904739 0.00654832021682523 0.00359096297179349 0.00156556602596538 0.00131338428727759 0.00207610181969358 0.00593388484348907 0.00292207314341795 9.83029718099715e-05 0.000248129510191575 0.00343869964999612 0.00276634737383574 0.000229905760443216 0.00180059441918274 0.000318433556370934 0.0006633037894062 0.00281883501302218 0.00219780926272506 0.0083303414285183 0.00261801748420112 0.00213903208423289 0.00207647064235061
0.00411131195287453 8.38410414957025e-05 0.000903462543647038 0.00295301640289836 0.000947437095965142 0.00354031474271324 0.00101088121009525 0.00212040963378968 0.002490674478031 0.000119257253220439 0.000207302998524028 0.00172477248706855 0.0154260747251101 2.51192965754488e-06 0.0137514984066684 0.000771942237952317 0.00257586847728817 0.00244398899376392 0.00242297545191832 0.00491506508551538 0.00201116361422464 0.0022752151475288 0.00270983946975321 0.0032326580490917 0.00855404512840323 0.00406700208550319 0.0108276558108628 0.00682504124706611 0.006570508229197 0.00369820453068628 0.0119722619187087 0.00423770665074699 0.000448444271944481 0.00247293396969326 0.00015086218135707 0.00125352993356955 0.0091935538337566 0.000598917013758182 0.00038368414273009 0.00289636652887566 0.00218178871291457 0.000447897320646007 0.00258034017824684 0.0307332225143909
0.00101160230078676 0.000972378514052252 0.000954820130573353 0.00103326908229064 9.95798472331444e-05 4.54178536381633e-05 0.000796187809442017 0.000853009538928973 0.000906300389726766 0.0196757771074772 0.00662968056276441 0.000183213979509567 3.44207960546683e-05 0.000972517150739805 0.00103888133908185 0.00149830213071596 0.00186839660877922 0.0022282789228484 0.000340657098058728 0.00193536299630068 0.00180164442863315 0.000922326987711131 0.000696055319713196 0.00129435026246938 0.00291616298200097 0.00886144638061523 0.00253881899043336 0.00163374799667508 0.00138730051003222 0.00277773235902714 0.000351397937765796 0.000139984578032681 0.0013393227243796 0.0355364477261901 0.00249631195911206 0.000715467857480689 0.00390077129704878 0.00239047166978708 0.00316913926435518 0.000552046683151275 0.00138717060908675 0.00180080110658309 0.00184476171198185 0.0019812614787952
0.0193686538841575 0.00308602088771295 0.000592250448698906 0.000460226684353415 0.0010874804102059 0.00164134078440838 0.0107296038419008 0.0318919813260436 0.025641477201134 0.00868920309003443 0.0127198490314186 0.00964604303226224 0.00951429534470663 0.000508296578568235 0.00147700664561904 0.00863085614691954 0.000281805176248184 0.00056097993037838 0.000535695114476198 0.00152670047827996 0.00142901066865306 0.000991823313961504 0.00227315547381295 0.00107259396427253 0.00241220674652141 0.00170415921438689 0.000391051462065661 0.00148551177990157 0.00116504494380933 0.000739332388002367 0.000289019169804305 0.00046443072387774 0.000228031624305913 0.00198132963851094 0.00222552802442806 0.00589685787272174 0.00209286838799017 0.00213618718989892 0.00182847849209793 0.00208522782195359 0.00189179950903053 0.00202778469902114 0.00216714107373264 0.000639365109600476
