Scripts_&_data/Maxent_result_files_1/Bombus_laesus_2.asc
NCOLS 594 
NROWS 330 
XLLCORNER -15 
YLLCORNER 23 
CELLSIZE 0.166666666666667 
NODATA_value -9999 
[rows 105 to 125 of 330, columns 517 to 563 of 594]
0.00648579909322962 0.00340619196908136 0.000373147697429843 0.000644893348726328 0.000837931186333662 0.000155904741041013 0.000579969701175287 0.000760944668036245 0.00124116313090781 0.00128089448335231 0.000363546186054009 0.00131601569664781 0.00080133313058468 0.000359891716425409 0.000408660298361951 0.000135937214921267 3.43030576145598e-05 4.2288901028642e-05 0.000724129370572157 0.000405889926897807 2.4323693817152e-05 1.01143088409028e-06 5.57679644574982e-08 1.03745160391355e-05 1.99791765236323e-06 1.39631593619738e-06 6.29769117175272e-06 0.000207715358528526 1.40410746634512e-05 5.72014853750247e-07 2.55727301379238e-07 5.24275807578523e-07 5.57952062330003e-09 6.79782279355834e-09 6.48356868193645e-09 3.87493195097566e-07 1.41141878107209e-07 2.48813748397136e-05 3.27746069775814e-05 0.00054527604218606 0.00590418441861402 0.00388329475608771 0.00365720978006721 0.000977753537517856 0.0017805785391829 0.000360576579601002 0.000294018231834059
0.00353888667454498 0.00151211735361585 0.00011757735100133 0.000639141171632218 0.000464650971662195 0.000242954685526797 0.000587479890793929 0.000184770803363676 0.000449478223951871 0.000495357943067987 0.000552378029682288 0.000833103508002608 0.00146636698765974 0.000851903767420481 5.24941596652728e-05 6.08235048256356e-05 3.07484939856995e-05 0.000507231116661089 6.50580483409158e-05 0.000156713469323222 7.78181577473336e-05 4.06522498674899e-07 4.27964386999768e-06 2.23657004740474e-05 6.78747943738678e-07 3.48796301381515e-06 6.81919446998691e-07 1.50344291217408e-05 3.64057470587653e-06 1.6787761371484e-06 4.1008918010621e-06 8.76435743057957e-07 1.07691581998637e-05 4.93374182619633e-09 6.7394021363576e-09 2.06755932152802e-08 6.80148891651911e-08 1.52267556752239e-07 4.65832754592554e-09 6.11515312831656e-09 1.10433361343309e-06 0.00504418683703989 0.000978369432414183 0.00158229089101951 0.002693189564161 0.000687748563291279 0.00427778238154133
0.000532168913776765 0.00564946653179277 0.000693928563748614 0.00112445032065835 0.00214978540459469 0.00242378622812822 0.00242513778462126 0.0021314131532904 0.0114004993316485 0.0100682020172826 0.0128221255086828 0.0100704920544558 0.00105223855455456 0.000844313213158898 0.00021601960983304 0.000167752685297273 0.000114365321008236 4.37227617726243e-05 0.000167511589694058 4.18530697241515e-06 1.55905675480739e-07 1.70870313824789e-06 7.9010058519069e-07 1.6933569405797e-06 7.39450075791792e-06 3.01905643372846e-06 3.39032514828919e-07 2.61611238745463e-06 2.67831005817953e-08 6.89183200508481e-09 3.00352356485956e-07 1.46974035120095e-07 9.19656716679151e-06 1.60304328045147e-07 1.5300121058992e-09 1.21562064858693e-09 5.28836576862979e-08 1.90360945895307e-09 6.39774133670556e-09 2.83058383217849e-05 4.41575257354998e-06 3.37751825774113e-06 7.44599853563788e-05 0.00089796757122258 0.0361558998469263 0.00496654900489375 0.00141486623106175
0.00216315846152213 0.0051836684022561 0.00029126356186282 0.000948042142542249 0.00127149438942809 0.00247703995758144 0.00833856270339766 0.00999147346137761 0.00560117385802528 0.00272876278860394 0.00701268599824516 8.61323007527615e-05 0.000782518041988212 0.000377361767609408 4.55262167237791e-05 5.19305534330217e-05 0.00191928393620628 0.000391267762616376 0.000101923581098617 8.03054449193041e-05 1.51612058758133e-05 5.24538806723207e-08 9.09443873653437e-08 2.23589669212654e-06 7.06444217646318e-07 1.72850500980148e-06 1.72313328852258e-06 3.63905433079514e-06 8.20687060429925e-06 2.16633975584912e-06 1.14743482680923e-06 8.14180847186208e-09 1.11218056175755e-07 3.72352864552727e-06 2.27169598469024e-06 3.98824592329206e-06 8.96876580680495e-07 1.97080638938418e-06 8.86011427476685e-06 6.97993342782866e-05 1.47987836520702e-06 2.47997850660653e-05 5.89242583060146e-05 0.000348439314015536 0.000178097707926383 3.09480477175938e-05 0.00269404829305131
0.0124723484390415 0.010300899772119 0.0142689031548798 0.00260456228960919 0.00436451990955646 0.00439304012870423 0.00176276147394674 0.00298373371488765 0.00513110615936512 0.0015234955244523 0.00767059786528534 0.00136652488254185 0.000676701353037856 0.00261865743806951 0.00049980218454948 0.000213418966414736 0.00224552548442034 0.000170020004085814 6.98750675610427e-05 1.39379263718098e-05 9.99278781451673e-06 1.82204912876349e-06 3.88845365622004e-05 0.00124819807101737 5.17349080708662e-07 2.02056300420139e-06 1.15093582164771e-07 5.42437824491149e-07 6.75720431829729e-06 1.90517118013989e-05 3.54359203581622e-05 6.35724222119993e-07 5.24178791312391e-06 0.00051356873327677 3.42418537115918e-05 5.83911493223788e-07 0.00013793174125567 1.53803338385217e-05 2.29287415098867e-07 2.54013404599185e-06 1.06331616297251e-05 7.78692917378976e-05 0.000515865282704908 0.000174814194178907 0.000359312891191621 0.000244373816421728 0.743755723990034
0.000791385258558819 0.0041212132608166 0.00387679172839626 0.00540813934198781 0.00266879878905968 0.00476754422961676 0.000366511315769458 0.000876970592457837 0.0039271717258373 0.00348822863797977 0.0021624786770559 0.000188061249264138 0.000115874431466523 0.0024369826154043 0.00109020807361162 0.000298264369249068 0.000194328974851032 0.000648146503783309 0.000126524461677491 7.4940646311461e-05 3.96907565772153e-05 0.00391343038355387 5.40114015570192e-05 2.87021730708936e-05 0.000150652991003053 9.64943595926915e-07 5.95815009755141e-06 6.03956737699196e-07 4.15240223505808e-07 4.49408079096658e-05 0.00112056100367539 6.82892550364578e-05 0.00236750910912633 0.000714290577440835 6.75306774104545e-05 0.000111642454236094 0.000531086487887311 4.56239043440387e-05 0.00093112978425296 0.00102212654703635 0.00054841055198267 0.00131337135353533 0.000517812213547586 8.54327494835161e-05 0.00119881591308513 0.000726270491622927 0.000396709395636208
0.00416885735651249 0.00413790829829992 0.00429239462220181 0.0016798267147351 0.00166003672056831 0.00166836880120869 0.0030116795166407 0.00209896889795544 0.00333863038213451 0.00371888281757862 0.0005237638997869 0.000562856645410648 0.000228969254135336 0.00095881859488145 0.000839791698246017 3.26862475461098e-05 0.000725197683186707 0.000187723122587613 0.000590715392801933 0.000277684171707859 0.000253757929187515 0.00174484785497384 0.0012168375505702 0.00030214127049808 0.000379016068379201 0.00196182215586163 0.00113484018993795 0.000341108116757294 0.00072087411494266 0.000402172425107494 0.000372981414105311 0.000109816982788402 9.86886531644249e-05 0.000105457659516706 0.0037911515463108 0.000447535353694661 1.39383622081435e-05 0.000123273088046716 0.000827724862183032 0.00294953340860218 0.00259518978759914 0.00127628705888583 0.0034996824742791 0.00190996710494176 0.00132000842116256 0.00554770426438154 0.00376706965524249
0.00231747674952203 0.00325494064965994 0.00361952065290865 0.00406389577523498 0.0055352350919307 0.00610745727212532 0.000628406624566935 0.00341345936142261 0.000946171414929253 7.354806612625e-05 0.00287101943429207 0.000910705183559912 0.000142448067788337 0.000219794737790835 6.48965849637806e-06 3.81448591067368e-05 0.000825602631164202 0.000441886762564536 0.000865232758349066 0.000267918452647109 3.60796308918054e-05 0.000732725253632793 0.0001993147342227 2.44303848177307e-05 2.37027486397645e-05 3.48664712005231e-05 0.000139685559314007 0.00335772758032533 0.00166928474512389 0.00371031940568969 0.00268537817422896 0.0044993601608013 0.0053446784097531 0.00283780770950557 0.000296158951871917 0.000475431298217899 0.00209297231345147 0.000971136430624142 0.00123935733031715 0.00109532446061564 0.000264684480487176 0.000899557840273246 0.00098581012645127 0.000663025672898243 0.000958186472604439 0.00198142341085372 0.0029250382349062
0.00232893130523735 0.000532587858106126 0.000127131335557351 0.00135770560614219 0.00200997921201633 0.00300604301038447 0.00347920684446237 0.00215404251070055 0.00194757534781047 0.00176431858139807 0.00950265117996878 0.000478073433468218 0.00111122323879123 0.000905566830951443 6.87800786484338e-05 0.000492708877061432 0.000791896856293306 0.000693229150670049 0.000530769476517889 0.000586849598857953 0.0133713577131857 1.29657570653308e-05 2.58053098034505e-07 4.45399943048375e-05 0.000240644862469708 2.79320533820737e-05 0.00021294156225764 0.00928735695561045 0.0018248433066006 6.08965341440726e-05 0.000548504285097806 0.000579835954758323 0.0013513770479733 0.000326918352750738 0.000172619109489247 3.96496431133708e-05 0.000517128790926336 0.000726290341611957 0.000645037808499183 0.000895075000426004 0.000566979929499212 0.0016014486347558 0.000599839450296713 0.000675641330235521 0.00248366753254459 0.000818658701973618 0.000288153515005973
0.00139085020899188 0.00369507513201199 0.000549266722339325 0.00225706702185562 0.00121980707676812 0.0035281938590856 0.0013459954453765 0.00266061932297816 0.00135769411208457 0.00233822392390408 0.00838275026692372 0.00601346680159622 0.00125168770315618 0.000984730604552908 0.00496079650310293 0.000473561988891902 0.000113779901210886 7.33919289757523e-05 0.000281304435716656 1.05226304306427e-05 1.95871117981694e-06 2.65527710485713e-08 6.69564912467724e-06 6.95446970850888e-06 5.25093830441303e-06 4.59762336991742e-06 0.000717204442550212 0.00217433672647189 0.00159281140768996 0.0011089832146741 0.000552494161877526 0.00606451127465277 0.00394262826617364 0.000220595984501415 5.78487294369268e-05 0.000136759789414498 0.00243705595421488 0.00215486644821397 0.00115886850362585 0.0021939995496723 0.00229458836693084 0.00250481664254494 0.00369325708900732 0.00223136343811348 0.00110579727786728 0.00217119723705821 0.000766419485864844
0.00672120734161581 0.0119834065459145 0.00298174269752565 0.0018774805846455 0.002899049248213 0.00106558815787139 0.000986238081895863 0.00203804003788264 0.00303122591426472 0.00333597034475588 0.00148939095201968 0.00112571215453272 0.00139950035191987 0.00416062375331876 0.00294355125857351 0.00105363072239939 0.00288770387688118 0.000663866080008546 0.000300370108952208 0.00108231154955547 2.92590377085844e-05 3.58652746246246e-07 2.06868131731319e-05 0.000112037634267903 7.21782052760522e-06 0.00013050146250233 0.000274521264327632 8.96588425128853e-06 0.000278416980391327 0.000136421334968873 0.00150927804399998 0.00178013919297371 0.0170693366148043 0.00138170598579563 0.00208395001100143 0.00157740685936005 0.000949889860203257 0.000750612390402239 0.00155065515573369 0.00219067577381793 0.00160324911812495 0.0016053952174218 0.00410009576365269 0.00184898299266933 0.00109823387865617 0.00137110030991607 0.0015793100816154
0.00305037074917891 0.0102783116395585 0.0058104549839797 0.00371483913420718 0.00048523041405133 0.00142682777140237 0.00297601934454974 0.00602220648831917 0.00186028090435144 0.00383754115121064 0.00285244137330096 0.00184361483370949 0.000382669874516495 0.000860659903123917 0.00195942405685798 0.00229559298251729 0.00122784340559008 0.0003329236205591 0.00491576954119637 0.000211291630734678 0.000510924489856279 0.00166625144702266 0.000235559779366667 5.90177870764985e-05 0.00151313545882275 0.000103271794655413 0.00146507432812086 0.00148188501770505 0.00438683317639459 0.00675910976131036 0.00154122824683967 0.0024864401291893 0.00207172636364703 0.00126200593440444 0.00132655928246095 0.0024740630917222 0.00165297215353348 0.0019022326094273 0.00190047059677454 0.00131436333249439 0.00288154485576229 0.00229906778458826 0.00143374252511421 0.00229786070823366 0.00144425213547947 0.00100149444215276 0.000103219610673477
0.00177960598979325 0.00767541949990118 0.00437757682943385 0.00271155498931535 0.00207195873140478 0.00282624429619318 0.00387328624888141 0.000361838074942966 0.00204056767690588 0.00413714471269486 0.0144068187451921 0.000136824191427465 1.26465024186562e-05 0.000209562342817549 0.00495601028629551 0.0028572267694031 1.40200096016119e-05 0.00393285422363334 0.00239081814043516 0.00393120351730118 0.00190822411650799 0.000253236974185711 0.000539917778223753 0.00298610323130433 0.00137424282784195 0.00396677164135326 0.000832994638304285 0.000643714464685274 0.00258783295498688 0.00200364462035623 0.0017442892344036 0.00179972781261313 0.00158711533877067 0.00163763237324588 0.00264585059776437 0.00115083118143957 0.00171020476773265 0.00142622864950681 0.00181802854785929 0.000449990106426412 0.00110543659629911 0.00485904692941261 0.00355315616561427 0.0009967419457098 0.00107352117847768 0.001553728988074 0.000756864410050184
0.00420902291407401 0.00323383009332474 0.00850897650234401 0.000988421685534746 0.00187145752164497 0.00668165004211403 0.00727988659847938 0.00302279224235207 0.00409810100827599 0.0102868952337303 0.00164594790634141 9.5138944016071e-05 0.00151135654993766 0.00013944877655705 0.000248434813751164 0.00318117458387803 0.00238935360721371 0.00792797467852324 0.000993026734170144 0.00251936178793244 0.00138581151075883 0.0032117983994965 0.00347797707733832 0.00494818290196406 0.00272870934591509 0.00102293755798399 0.00221270925940189 0.00221578429320743 0.00249912875576683 0.00262038302297469 0.00178097488205822 0.0023094213596778 0.000755825150554301 0.00107224296953063 0.00182911579140637 0.00207072021142949 0.00112096091688727 0.0006565533036337 0.00200896620081039 0.00217544392580749 0.000824894902689266 0.00144561325796531 1.66195634321298e-05 3.68450711789592e-05 0.000852533764555119 0.00127480336595909 0.00123405621561687
0.00463762499369409 0.00183349910750437 0.00483362346240028 0.00481561038866403 0.00670855880118779 0.00670890562328168 0.00810498040227685 0.00215047898530827 0.00461657292871678 0.0033061183949485 0.00123999615019841 0.00185713288596219 0.00107288903678864 0.000627919182022652 0.00590678960079458 0.00197115124841076 0.00215581609113968 0.00353730268016434 0.00309160656388485 0.00372122565937332 0.00162596455652277 0.00333205581290414 0.00903309130462731 0.0044432670116521 0.00164052708207691 0.00180640342696279 0.00141318309688359 0.00116767586032438 0.000791374047993543 0.00319698979494945 0.00139789990353165 0.00108553542959271 0.00173608311451972 0.804629206855316 0.00217759516672231 0.00421648493211251 0.00176806114941428 0.00163857586376253 0.00162281759548932 0.00232053885993082 0.00183060087583726 0.00668217006041232 0.00377919392003605 0.00208959532756126 0.002174184400792 0.00133415241361945 0.00134165027629933
0.00181443725014105 0.00194949955121047 0.00420739298601802 0.00336615984384991 0.00570636301375629 0.00594700223118707 0.00363480278413988 0.000659621320664883 0.00204861300298944 0.00131606983727011 0.00182016263087093 0.00263756103151991 0.00272418782094519 0.00137725384993246 0.00121533721519427 0.0015863489745243 0.0015443694552232 0.00150730998720974 0.001556016325776 0.00153230663490831 0.00123627426073654 0.00196129328178358 0.00337357941965308 0.0020180945100492 0.00143239869648824 0.00142521515153931 0.00283847375902724 0.0037016903648535 0.00114296100512661 0.00157875883160159 0.00142807466472732 0.00154625218710862 0.00284880724849472 0.00205708583276021 0.0019173146578396 0.000861422497109743 0.00145794956479222 0.00148353582827667 0.00388522155177782 0.00545718139884457 0.0050308927598735 0.00227759026893182 0.00165950826194603 0.00196172504511196 0.000982570172709529 0.00105459757251083 0.00153313012851868
0.00290749241103185 0.00259923528938089 0.00335801374603761 0.00376820316305384 0.00293856493080966 0.00172808495553909 0.00171715875039808 0.00171702142833965 0.0028298338103923 0.00308446559647564 0.00214199503243435 0.00191554033153807 0.00200747247363324 0.00156131905678194 0.00159202353097498 0.00157241272681858 0.00153280816375627 0.00158187977212947 0.00156256136542652 0.00160429111128906 0.00172378325587488 0.00163571103621507 0.00372701427874063 0.00174495236278744 0.00157166256685741 0.00278780504318661 0.00440984039210264 0.00223520926956553 0.00232774163523573 0.00243506338374573 0.00144444206380285 0.0024150379736966 0.00287774966873258 0.00164042333070427 0.0013303223286357 0.00161943485325082 0.00147301296892692 0.00146781873481814 0.00192195748022641 0.00220119864880246 0.00157693824367016 0.00173777419549879 0.000416554571984307 0.00165933653406682 0.00109715102080372 0.00220740536678932 0.00156481053418247
0.00997117941587931 0.011604331184617 0.0183758486164152 0.0108986725201248 0.00945620589191094 0.00413396950170863 0.00851092910161242 0.00532542657165322 0.00294506162608741 0.00287652070546756 0.00277319205488311 0.00184562346985331 0.00160242163183284 0.00189239107712638 0.00131511635991046 0.00161264664202463 0.0016214984250837 0.00265478985093068 0.00263038588891504 0.00158046228825697 0.00195396449089458 0.000876135225553298 0.00271750264505499 0.00286541833190768 0.00235810085405319 0.00142483887256049 0.00641562340941277 0.00408795809514544 0.00292948798596626 0.00279401902662357 0.00240277185971536 0.00146801002338179 0.0014916468244337 0.00105560591827043 0.00184136616762061 0.00193574273775994 0.00186678162317548 0.00154127665009582 0.00129632729840523 0.00111744755099323 0.00120637305019358 0.00297242127871868 0.00212864356290083 0.00188074328743824 0.00087599057587795 0.00072475082361052 0.00298631822934112
0.00451860150933499 0.00169236326619284 0.00403350095002679 0.0390081968005688 0.0209477257943945 0.0125416111118284 0.0139331019774545 0.00371013726544334 0.00540405668580206 0.0114964570107986 0.00549010174581781 0.0201031605494791 0.00572158925933763 0.00307555839099223 0.00258932987198932 0.00157420189207187 0.00158689067538944 0.00161445625126362 0.0025665745139122 0.00266841011325596 0.00242346375307534 0.00230848792780307 0.0024295337847434 0.00219345325022005 0.00153754789062077 0.0014571882209566 0.00352062812835356 0.00553150700297067 0.00272476045377061 0.00240718899417516 0.00249898610479704 0.00188811540137976 0.00276101209267381 0.000975679928160389 0.00282411868228039 0.00391619537040242 0.00254474214455058 0.00233194140596424 0.00326129852508217 4.70013899985133e-05 0.000885290736118094 0.0011157896317286 0.00142526903000544 0.00138276026045787 0.00178806667972822 0.00175713799751733 0.00114780938849179
0.00296544962620828 0.00253964376752265 0.00254134885326494 0.00284290334675461 0.00241763713856926 0.00317747522785794 0.00329746055213036 0.00297197025211062 0.00260417820536531 0.00624775380420033 0.0741379890590906 0.157362305885181 0.0126814895698772 0.00638951193541288 0.0127519405912608 0.0081980480463244 0.00295368407678325 0.00239724968996597 0.00241056724698865 0.00242626963008661 0.00254396390228067 0.00235244046052685 0.00219876402843511 0.00320077249962196 0.00180852600824437 0.0022092440692191 0.00199705459858706 0.00240089982761447 0.00913471398891375 0.00256219272541784 0.00362400503545359 0.00388691800509378 0.005307931106654 0.00425670729746344 0.00842093362589367 0.00487094972013438 0.00252618368488129 0.00525838542089332 0.00387880072958069 0.00227164730800098 0.00589533663532507 0.00269923513382082 0.00382774614243999 0.00288354861496458 0.00478722560680183 0.00225131933307239 0.00132534210206359
0.0125558203319088 0.0161135827191174 0.0114605079172179 0.00674363954458386 0.017445128550753 0.00581074292422272 0.0025247176818084 0.00261862241168274 0.00252834848070052 0.00312772376055364 0.00987200774252415 0.00638669579057023 0.00505200817715377 0.00253911029139999 0.0090094180428423 0.0435499204322696 0.00613657541107386 0.0113303989171982 0.00381320928281639 0.00201181939191883 0.00200168897572439 0.00200072345032822 0.00215087840115302 0.00214443894219585 0.00218596811464522 0.00391484972060425 0.00188077269704081 0.00324375348609465 0.00278137513814727 0.00217900692696276 0.00426431124534758 0.000675368194039194 0.002223726583793 0.3472247925587 0.00066720705131047 0.00505457284693875 0.000966320681027355 0.00282294200481488 0.00172611161092391 0.00179556177008635 0.00386780471162638 0.0017906225999468 0.00235784989781678 0.00227452997351065 0.00208468189733679 0.00180914970674593 0.00203055045841438
