Scripts_&_data/Maxent_result_files_1/Bombus_campestris_3.asc
NCOLS 594 
NROWS 330 
XLLCORNER -15 
YLLCORNER 23 
CELLSIZE 0.166666666666667 
NODATA_value -9999 
[rows 154 to 175 of 330, columns 150 to 199 of 594]
0.0757833704352469 0.0446622192859747 0.0698809176683608 0.106974422931701 0.127215683460273 0.112915456295042 0.225697255134633 0.132382035255446 0.102861484885236 0.0970087110996469 0.104402858018896 0.0982453405857368 0.122490495443358 0.0759234815846147 0.132093513011952 0.113397306203872 0.142207473516511 0.0904429137706994 0.0775280296802719 0.104386848211315 0.0957350283861374 0.176950615644556 0.140893948078211 0.102890169620548 0.120110350847284 0.104240822792084 0.0880093991756724 0.170377492904775 0.0994703024626107 0.158365145325688 0.135608780384125 0.151257392764119 0.126801198720952 0.0897802919149604 0.0865156382322503 0.132235705852552 0.105390638113051 0.102523189783112 0.0801186382770691 0.0283019110560445 0.0645165830850735 0.0878549158573394 0.0716851681470931 0.0137819800525936 0.0559013873338798 0.0225549496710346 0.0192472994329206 0.00802157856524136 0.0406202331185417 0.0691142052412277
0.0893382847309363 0.148413211107304 0.154564875364357 0.122870951890973 0.0831277549266916 0.0516802996397133 0.0478310354054024 0.0798669487238112 0.0411154471337839 0.0213969025760953 0.0846966683864821 0.0741843372583548 0.0808929592371152 0.134251675009743 0.0707025349140369 0.102689945697814 0.114720922708523 0.100075092911743 0.112556016445229 0.0842570513487437 0.100694745780535 0.109825265407583 0.0946621984243717 0.127390989661237 0.115781751275078 0.157056435942675 0.145426788926148 0.165921247005559 0.0916328728199257 0.124315354228042 0.11922366619115 0.133967897295975 0.0886668026447569 0.0916040569544079 0.0995764285326125 0.081432488560699 0.098846694827101 0.0648829340934874 0.0725436672568394 0.0178146831691307 0.0343531712891994 0.049816854298124 0.06601516902448 0.0472975298762398 0.0476491332054219 0.0802499547600813 0.0574612155556731 0.0627631023526265 0.0681357949972211 0.043275836110364
0.130548506975213 0.170936077833263 0.198660969734399 0.193305808305839 0.0930831462145064 0.0498685613274675 0.0222034059464995 0.0378488510847135 0.0363561235368292 0.0226153053343354 0.0207946054637487 0.12805246114732 0.0916018724441725 0.131639000773453 0.108959114551573 0.146441870927865 0.0985651463270404 0.117268618941317 0.0811752915382544 0.116207602620138 0.116419592499751 0.114256188273444 0.0786867588758622 0.133423697948495 0.124457579851166 0.0944575756788391 0.129100823402454 0.116580802202274 0.109980854392092 0.127161088585875 0.115152645111104 0.129467469453834 0.164949530363185 0.162871050834742 0.0805341899395214 0.087551251053824 0.0791687667370003 0.0924077659845475 0.0600335836410648 0.0720710337162208 0.0515123322606181 0.0361828282475544 0.0565890640020469 0.0745925113558833 0.0632660120725739 0.0599151432514306 0.0320946663618151 0.0523362815382284 0.0609535619616563 0.065590125322348
0.127769154310271 0.187529081106286 0.182011431455763 0.130168282985746 0.18316661119781 0.144359350204523 0.137760984897666 0.0812168329954361 0.0551702901721118 0.0263777785003244 0.022219330072409 0.0233662858605446 0.0283996857702797 0.0918246209621757 0.144795256853157 0.0890805900114136 0.132131558656703 0.0854803740978397 0.102952301502254 0.0980828613043015 0.123422408103963 0.124983003735563 0.181300538778339 0.114509052038235 0.115254372358354 0.162169444561079 0.196977514028782 0.193378710746889 0.0767609983682938 0.0997970700264362 0.0834764629602686 0.0928167730570167 0.112085843086257 0.0801938951015659 0.118764847517052 0.119814062118561 0.110502755641966 0.0639452904462946 0.0824279844760962 0.0570746511221029 0.0511947616934874 0.07636273950339 0.0776152953505585 0.076191440224654 0.0622915625572318 0.0785644099116396 0.0583931773901094 0.0161842621862924 0.0147143211215768 0.0268427569419167
0.111127394437806 0.122329753637348 0.107876420021096 0.0866235494613937 0.134580218792014 0.100487023592009 0.0697493255138644 0.0881629526615252 0.0743372201919796 0.0243725977838108 0.0413033850491096 0.0220285281539021 0.0259143039584221 0.0345273442566484 0.170746397972164 0.0824509173644518 0.127053359150902 0.108833241462735 0.100095492601416 0.0827100932598289 0.108764040470157 0.110830539464989 0.198815214634166 0.189077919721739 0.195695024728941 0.167030400037834 0.199389910698244 0.163641971349817 0.148466473817902 0.145375102758432 0.13181622028357 0.176052993536107 0.130068576335955 0.0940562874079002 0.103758800029784 0.0869702965021212 0.0853881984949331 0.110702502727523 0.0780397772789074 0.0535633742809404 0.0777356982231207 0.0613925486803156 0.0792229533195566 0.0544768467545622 0.0526181682944395 0.0522175714373692 0.0991904199123588 0.0696200102567811 0.0727983102202477 0.077210462093361
0.14622927904134 0.132261759042778 0.084753033518813 0.0686308979988295 0.0988899409771191 0.165725779533415 0.054204918444168 0.0261863410472933 0.0441964536905381 0.0213930889964163 0.0294538214802806 0.0311433583498121 0.0214506030082751 0.074691376090073 0.0263223052024936 0.026296556741006 0.0990679919719937 0.0802206665277688 0.0835081696523749 0.0968079447746468 0.0869141846895406 0.107752937078504 0.133133417367989 0.192758429050588 0.185389369726304 0.171551364660378 0.207391709089328 0.198979109525859 0.127043068409029 0.126185059547493 0.123366791009956 0.180646198988002 0.166658312082403 0.149096807837515 0.12683986723425 0.0748723953962532 0.086697158217453 0.15074840486052 0.0498503670096484 0.0511973321437944 0.0797577813267778 0.0499181836843575 0.0779699996113851 0.0893729746341793 0.0541455551986995 0.0934393256902796 0.095068433880817 0.0931619793176884 0.0795515120029518 0.093409258127224
0.121568113565487 0.0907642394304564 0.103771355748204 0.0287261694669797 0.0331981763243753 0.0794980898499565 0.0418581634759993 0.0421384930610748 0.0442445591092217 0.0317264601588337 0.0259642630815573 0.0428170874714976 0.0206672519445477 0.0410267397761467 0.139843344688491 0.0887699276209093 0.090144273638748 0.0865309685468915 0.0792421728372779 0.0299856975674709 0.0278933361172753 0.109901595115691 0.129881030321166 0.102761185169258 0.120656090974851 0.0835857987404082 0.16436114907272 0.13066963255407 0.117163151502654 0.1049984276295 0.106284534931217 0.132634782791159 0.0935013949871338 0.109333872795137 0.0783925950527344 0.0188969269394917 0.0568198114633641 0.0741357833147232 0.0744291022419987 0.049057392776021 0.0620764166116839 0.067629078030599 0.0419900864362802 0.0837796792388027 0.0706710129976431 0.0949815526604735 0.0618366718292361 0.0662625461816934 0.078584104776398 0.0649433821439878
0.0799121171236345 0.100400975346595 0.0598157197237192 0.0711985051632086 0.0836745351553155 0.0200305953621911 0.0242350287735525 0.0830814719200335 0.031897871196278 0.0377335876226518 0.019382254779346 0.0360385686159216 0.030518382042654 0.0626388877630398 0.159510785341329 0.0641942799091493 0.0902844250202415 0.0550682693720013 0.102253744006187 0.0903690487146598 0.0299678795039735 0.109393611550382 0.0962746858596802 0.128680658340508 0.0866104871042296 0.128300225734761 0.111137008667032 0.112457931041753 0.0940082669258369 0.15812771320351 0.0956569820642714 0.108293855190311 0.0752113938331787 0.122155126929295 0.0958747655153367 0.0802151918411429 0.100138717889794 0.0140150450170071 0.0256305258721136 0.0401005275547535 0.0115501962603782 0.0109477393329184 0.00894897175021921 0.0522473290562718 0.0554148837930087 0.0559463351965067 0.0646907925605904 0.0955468237400146 0.0957668676972478 0.0639887630939633
0.105850407481228 0.152781927585668 0.152030926942892 0.121550410985984 0.0278904929757188 0.0216619037091792 0.0972540050745404 0.0785422652960062 0.109754830598856 0.0673141479492479 0.0426660209894308 0.111890834569972 0.089519983530084 0.0322459161283943 0.0303221024572943 0.0883483350277183 0.0749745249748465 0.0321969926357402 0.137710118293809 0.119022458791764 0.134064102172894 0.115740907192266 0.123793041706125 0.107207539677671 0.0959844022989697 0.122866457700791 0.11106801033026 0.120638495683738 0.113378036022228 0.165458577871402 0.112841701507583 0.0738244920972645 0.123097851872463 0.0647017091512845 0.0661282151937725 0.0957270398736105 0.0999096617102712 0.0567815274000271 0.0249440722167544 0.020366385579113 0.0420579165220334 0.0225350648164768 0.0266332503408217 0.0135701663792166 0.0381206616759398 0.0624740540981444 0.0944903060793977 0.0447798937559255 0.0677762180566993 0.0819324195385218
0.0683923751116033 0.139965182543025 0.14742422699935 0.183166956901689 0.168749827146624 0.169396173954101 0.107646703720125 0.136006820201928 0.0948205560446152 0.1376835763455 0.101265490055125 0.0999082297087041 0.119978934526479 0.090383997560396 0.0374526530504381 0.10483729243283 0.12635318934925 0.152996391058084 0.0968113750219671 0.122048532962841 0.101275956630734 0.162986025214219 0.0715324461460427 0.0596486598253414 0.0695411920547835 0.06692681312564 0.0450976654887347 0.0999258697033345 0.0693998605013088 0.0653869360685549 0.117205563187673 0.115800464153335 0.144439387321496 0.222802859544823 0.178191050887141 0.0847409948706732 0.063430210948006 0.0744743883610194 0.0482326567173134 0.0472369715571547 0.0668458610773135 0.0111895062029386 0.0441448554396707 0.0413538232445749 0.0331286221746911 0.0536473631858935 0.0588537871837735 0.0965989142656744 0.0912293672561952 0.0945007771253875
0.12025733590129 0.169764253497149 0.153342062234947 0.132860475778636 0.19944847822214 0.266898906231025 0.166422998905288 0.253585791587912 0.179931551218122 0.0553721488528806 0.116187596321148 0.108369922637975 0.132720422744806 0.12330874204642 0.141489195823738 0.176373684406406 0.198549699783642 0.184821045398845 0.158584743738253 0.141548717022008 0.0823465496301939 0.190779221058098 0.179261636734187 0.0636997789144709 0.0628433585167253 0.0985022127628426 0.059476697444931 0.060476413369724 0.105578833818473 0.0528609976172583 0.0684704959392707 0.0564953729510445 0.064553791284575 0.0773566156625918 0.058317646384254 0.0755774378776797 0.0548300743103168 0.0488014742732147 0.0437461629510018 0.0485413327813278 0.0485562369227503 0.0559159323573153 0.0216266572475486 0.0733142405748422 0.0227314803749343 0.0606370002031469 0.10953781008722 0.0766986966133385 0.066319775581379 0.0764055818319542
0.0765051573515166 0.0734978407621577 0.10501236766578 0.0996297866106151 0.133352023363163 0.130062586069154 0.1802281379701 0.194129824638495 0.18052839636815 0.130178660154394 0.119568926096005 0.117036318779022 0.130161625146901 0.116930341720627 0.198817157745554 0.150118756294323 0.181597679853545 0.182535141706581 0.0331735208633149 0.122435653209761 0.178492903709532 0.0616683036089116 0.0642120838165437 0.0267766378820007 0.0704906076192917 0.0746101528406271 0.0635085225105453 0.0426602855324842 0.0614853031933352 0.0510699078440779 0.0407894372940137 0.0653337851166773 0.0459486678242762 0.0451283633709053 0.0476636826992131 0.0429408892989234 0.100866571068781 0.0482497841119904 0.109691815078273 0.0369558632373881 0.0644935138523636 0.0595574080949342 0.0620875447988603 0.0821726739406746 0.0434565648436638 0.0162363402545487 0.0915640011429862 0.0813445866108103 0.0669916421175144 0.0437147825956508
0.129071110487034 0.115880763530765 0.0979151815176274 0.15113365650179 0.106803134083784 0.153033936023771 0.147271722555217 0.123024213314099 0.120089268685875 0.0984615266323378 0.170683991909093 0.162431395053932 0.173662143945776 0.1377947747708 0.106000185012856 0.197429203987384 0.19074458479901 0.115803128480974 0.0773509114980804 0.0485112875700152 0.0790262937545981 0.085051941871666 0.104853615164769 0.0933372870087723 0.0394056975841596 0.0104244165122533 0.0310477405786577 0.0265011735260534 0.0390078201890097 0.0367672935128281 0.0333543047308979 0.0475594706833397 0.028205128014093 0.0478834718465842 0.00708517935127192 0.0309709385037513 0.0296560958027888 0.0372880488634173 0.0970485195517652 0.0247490637004449 0.0780921801924791 0.123276853561419 0.0638009510934422 0.0857621967792799 0.0866460442543331 0.067850235104576 0.0426970139145944 0.0324951797723802 0.0305502850562362 0.0616978943348084
0.107073032856013 0.139578819274968 0.0949810773134489 0.132602721452759 0.0980995088830285 0.104618173837686 0.140493512153674 0.129475140571642 0.146527540683796 0.0976211518049513 0.16138784289367 0.145383018256498 0.155568146705689 0.10704467296604 0.102697938680672 0.138720643520419 0.109891116619168 0.0876654356718399 0.0871091753244687 0.0778784930706296 0.0756551563740037 0.11451603174211 0.0826092839241292 0.0432828679680945 0.0515110015869317 0.022628571465618 0.589467757940292 0.00464188627666071 0.0369833931326939 0.0294974565506029 0.027667425572877 0.0280299536883874 0.0332872301340175 0.0302651226520596 0.0195196339860632 0.0270439513027717 0.0283323094248837 0.0364313259720874 0.038871872425346 0.068569464981562 0.0527499735355497 0.0861720681190579 0.0442080155015122 0.137210544943842 0.0700220167637101 0.0529229104519035 0.0610721290111665 0.0214826114475768 0.021142388135199 0.0719655811786767
0.0357722893357368 0.0529831945896261 0.0956348001957198 0.0591189503669942 0.133769100904511 0.155694097280585 0.0592724710703066 0.112526762485546 0.170811602473284 0.162340795993882 0.135209035873456 0.12460344433789 0.118444061280518 0.131986004114205 0.103101021051448 0.0993615895510175 0.10744141936306 0.138448107242605 0.128636679053327 0.134439685940766 0.0955080986023324 0.0829655885696644 0.0637138575315557 0.0669223248958779 0.0370053529739482 0.0288586989045215 0.0224939957261166 0.0373430520296175 0.0461736783385389 0.0407186403874124 0.0359660848975241 0.0321864560246521 0.0270246826114403 0.0322393164038719 0.0340895667672233 0.026602140069012 0.0303591251373343 0.0255766123533293 0.0549188554287109 0.0399881839752273 0.0726697713136744 0.0380219712853576 0.0468048363924138 0.033436638116846 0.0569874018430865 0.0515357136726509 0.0488206371665095 0.0600441634655181 0.063116046786321 0.0562564350664737
0.0344898387789807 0.116142392158538 0.0970799624934327 0.154757639765763 0.131792742013977 0.12709714174274 0.163150745630343 0.0982485234737741 0.0768876045942546 0.163912355899882 0.174180534482028 0.136132907867488 0.182653516531107 0.122493833303488 0.187774354219474 0.127558976411878 0.118845644593255 0.0892852038145387 0.0964779078960744 0.115359342098282 0.134510183334453 0.123208814859441 0.118190532922807 0.143558466434561 0.0898376911878873 0.0493703410029541 0.0455566570162876 0.0443011581897806 0.0491854116320698 0.0391038760542956 0.0456933885812849 0.0474921584129441 0.0389965236187065 0.0736343473196083 0.0541880816221363 0.0586102962494049 0.0901362776756401 0.0469568952918138 0.0542556762695423 0.0449344813823798 0.0432061612606161 0.0438529372215371 0.0569857001304735 0.0540990889072539 0.0537819713354253 0.0527761846780932 0.0512354671955245 0.0569926202297338 0.0351760566234642 0.027846658602362
0.0417562827468015 0.0925480693578923 0.0983635813010665 0.117128485441249 0.130751132965134 0.168678867816979 0.163142794370747 0.157767945528099 0.136338853836105 0.117005604505577 0.162701809406358 0.120720607042358 0.132714277505933 0.157718324661276 0.0836396902799895 0.152336430549643 0.137346512079259 0.0933969467878629 0.0944043487310733 0.0885317116976055 0.0786227762699386 0.0851074159153004 0.159351560473472 0.0862846225500346 0.120617106556908 0.0672922253608902 0.0682094663381718 0.0639149099588522 0.0877375796437337 0.0474394202232466 0.0803141653537815 0.0456212773923154 0.0551154792308924 0.054545558989059 0.0747148245573098 0.0991508245468406 0.0643587440254816 0.0564823091030239 0.0900615096092303 0.0481874451041337 0.0528283149004128 0.0914634183049284 0.065567551553254 0.0111422603949945 0.0336832806468099 0.0618062555790119 0.0702055752277549 0.0519921347499003 0.0863314718008333 0.0759594827890639
0.0627719677984788 0.114579439163238 0.160108202695869 0.0952310264110869 0.133993607759519 0.139381140470575 0.0999985337257385 0.197904145717764 0.138530707359364 0.0919568061828905 0.0971393018961262 0.172293066978546 0.115322983264962 0.0941036313772551 0.106223142147102 0.0884058088064489 0.0802941620350167 0.105276858806648 0.0889855891466418 0.132525497674985 0.146664905548114 0.0919680863619106 0.0871853858232728 0.0952680349350282 0.075503519177463 0.121550643444079 0.0839396685362089 0.076626095175763 0.0814210802316894 0.0938713505864241 0.0629936397075786 0.0641749888658671 0.0871750608086674 0.0645445108413912 0.054419550299656 0.0517626449468944 0.0627886980772166 0.0871010407805516 0.0500174105167524 0.0452552050352252 0.0606289893388925 0.0474289163947151 0.0513557031750798 0.029324376583104 0.0345590054988945 0.0517822295431649 0.0604768931865875 0.0776667892933224 0.0657832413912039 0.0794170528650491
0.0660127893090323 0.0989539057028686 0.1061873108161 0.143429416418119 0.0931384712457952 0.0563258200884037 0.197350752353826 0.124571001529739 0.161316436529224 0.165255886316319 0.0912137120973324 0.127639496326463 0.163377916812999 0.120206302404457 0.0930450737476713 0.115268546342893 0.108928221464197 0.112744623422664 0.123749870061929 0.11607352495198 0.169718515872977 0.121978616714513 0.0949430704117063 0.127842432260552 0.113432979583778 0.097759699821506 0.103267240524328 0.0671675860881991 0.0921050071716521 0.0984617039561372 0.0623318672183756 0.0605764359235904 0.0734102606773556 0.0927695766091448 0.08504334092141 0.0624429315328739 0.0571661323309047 0.0541169926524294 0.0472572073340536 0.0783524479717173 0.0393295809626678 0.0557475149631629 0.0502315908674347 0.0529011100534868 0.0742014259100148 0.0602848708629818 0.0808538258075979 0.0861215427517996 0.0509672760963602 0.0545793130993922
0.156988197565144 0.115813624860182 0.110924905538597 0.0967419266701033 0.114155948162107 0.15418066978461 0.0877762377262386 0.15398874878885 0.115926498176267 0.0927660286426791 0.0948672890674221 0.0908695369959197 0.12795628309258 0.117057031393102 0.0900317937136031 0.0889639049768754 0.15193258523943 0.0984938651336513 0.167122054100114 0.169237881898942 0.221884387731619 0.222568428516434 0.120075595378918 0.103050065041819 0.0940220922232005 0.079432496428506 0.116830152273219 0.0748145490890221 0.0504486143589156 0.0574971586465991 0.0681845813989855 0.0767007380724227 0.0546490758657567 0.0533475190401184 0.0563901171088336 0.0754635423421922 0.0795069932937686 0.041518464684776 0.0234226904809518 0.0158515315502912 0.0135464012622856 0.0264480017125652 0.0309939205646584 0.0282877907157025 0.0324884459376451 0.064357599616064 0.0978160440921893 0.032451744377624 0.0214908637106476 0.0546627759933647
0.159939485788411 0.106974744796782 0.0630638450384293 0.0263979889456819 0.0885689318180314 0.083375561237362 0.158609208464644 0.114610707759895 0.145640259981175 0.0861107498407646 0.147799104452153 0.12099726796155 0.105622959136995 0.0800753414631117 0.136380529403701 0.119411092996629 0.101727026700999 0.16048698425299 0.0991136521101306 0.164269581437132 0.080551299452807 0.143100190162675 0.180190256238008 0.181262665987039 0.0773080497980333 0.140890902280826 0.124057382345258 0.107730644941368 0.0568205475807342 0.0874338120222456 0.0748577743768952 0.0936666205525498 0.0521597802639136 0.0489718258380989 0.0916291013360108 0.0359735868871246 0.0496920123696421 0.0183896586298958 0.0203049350529927 0.0613125115633103 0.046416950225838 0.00900837630033694 0.067467820644398 0.0967881768942165 0.0727407097816615 0.0359278693795296 0.0508525416255053 0.0296988412739887 0.0436421871185413 0.0441010698676211
0.160136693716122 0.0686888009310009 0.146302905678767 0.139858314394969 0.12257877588276 0.11772970557216 0.139404901862163 0.095464158058187 0.105486565828368 0.125475960969964 0.115070128440895 0.0980997622013377 0.141954267025012 0.0825632750988242 0.0836843639612442 0.135445308685319 0.030277162790307 0.136757820844682 0.100765118004005 0.0999021589768763 0.0961235851049683 0.120884525775946 0.162412080168745 0.178795859217671 0.117967870831504 0.121192024624201 0.0864095985889765 0.142886918783212 0.157213202118903 0.0961590111256013 0.0689802795653124 0.061634564399734 0.0603563725948504 0.0525282159452259 0.0500686421990497 0.0224032074213067 0.00889056604355651 0.0155787259340305 0.0190667621791394 0.0318612799048481 0.037726569175726 0.0639485657215295 0.0706961363554147 0.0297611862421101 0.0379546359181484 0.0379083529116976 0.0427794039249517 0.0309627175331176 0.033531592041257 0.0415614157915194
