Scripts_&_data/Maxent_result_files_1/Bombus_argillaceus_2.asc
NCOLS 594 
NROWS 330 
XLLCORNER -15 
YLLCORNER 23 
CELLSIZE 0.166666666666667 
NODATA_value -9999 
[rows 100 to 119 of 330, columns 138 to 183 of 594]
0.199369359016418 0.175103206932545 0.187497366964817 0.173840440064669 0.0212070562876761 0.0136871452908963 0.0136570366565138 0.00747147595975548 0.00409029012080282 0.00367495445534587 0.00301894425210776 0.00427144003624562 0.0161923075094819 0.142814721912146 0.0365313529968262 0.0107876020832919 0.0069480836042203 0.00303439780545887 0.00747647238895297 0.0048041638918221 0.00318063667509705 0.00722475226502866 0.00695336540229619 0.00908899358473718 0.00891379702370614 0.00425779868382961 0.00614197289105505 0.00238334487657994 0.00648365742526948 0.0129126561339945 0.0149652516935021 0.00512201292440295 0.00546129064168781 0.00398320686072111 0.00231038059573621 0.00554657499305904 0.00500160430092365 0.0064886519452557 0.00582396131940186 0.0164493951015174 0.00834342087619007 0.028672437928617 0.0516133598983288 0.0160869238898158 0.0149101229384542 0.0467344559729099
0.107410456240177 0.15727551355958 0.239830362796783 0.0267731660977006 0.0456547414883971 0.00656388548668474 0.0725195743143559 0.00602386093232781 0.008519341587089 0.00223001385456882 0.00183245285588782 0.00824294039048254 0.00566118273418397 0.00305144516169094 0.426820629835129 0.0510712182149291 0.0615287229418755 0.0136061535682529 0.00223049002815969 0.00594719664659351 0.0069699130486697 0.00331651305314153 0.000770784050109796 0.00400024076225236 0.00663498966023326 0.00203088489361107 0.0032154907588847 0.0046208047773689 0.00341547296848148 0.00485598013037816 0.0159250375349075 0.022318653203547 0.0081762304995209 0.00410435756202787 0.00356171210296452 0.00485681393183768 0.00540682449936867 0.0114934110548347 0.0216727897524834 0.728872239589691 0.0118631279096007 0.00715975929051638 0.0326955936849117 0.0184249564539641 0.00643499768339098 0.0758393909782171
0.22124662399292 0.0652056436985731 0.014590201433748 0.117944579571486 0.00734319263137877 0.00610798716079444 0.0034364276623819 0.00624881293624639 0.00678452948341146 0.00298104216926731 0.00922915721312165 0.014246887434274 0.0196471068076789 0.00600102508906275 0.0163797319866717 0.174991861730814 0.486883935332298 0.38325442969799 0.0919581167399883 0.0341629484668374 0.0295091919600964 0.0123876959551126 0.0049934774171561 0.00865283170714974 0.00940024326555431 0.00662371856160462 0.00946702975779772 0.0119250182062387 0.00459921695291996 0.00487437945557758 0.00613232196774334 0.00476252138614655 0.0150121057406068 0.0049196235020645 0.00354851469164714 0.0342166446149349 0.0502289019525051 0.0179855451919138 0.0207138231955469 0.722293162345886 0.807167929410934 0.414675617218018 0.649672973155975 0.0659535940736532 0.064826574921608 0.0172376185655594
0.109961645305157 0.0598400048911572 0.0176404959522188 0.00730648818425834 0.00865674838423729 0.00388222188921645 0.00227865858469158 0.00490307094296441 0.00844954453641549 0.0115759757813066 0.00578173024114221 0.00316485923249275 0.0182601990178227 0.0695424549281597 0.0418911583721638 0.0989184852689505 0.89754074215889 0.389900098741055 0.993362993001938 0.188246705383062 0.0484327020123601 0.0194548724219203 0.0528827995061874 0.0633149102330208 0.0323545208200812 0.00985364522784948 0.0126060570124537 0.0194017507135868 0.0189252186566591 0.01068652914837 0.00856061945669353 0.00803862484171987 0.00886424188502133 0.00714810905046761 0.0042788531864062 0.020805287361145 0.00888254251331091 0.0154558103531599 0.0250371353700757 0.018225569371134 0.186759655177593 0.440295198559761 0.301416513323784 0.0465816307812929 0.0511141832917929 0.0843413881957531
0.0169667521025985 0.00639110733754933 0.010865508322604 0.0060883445374202 0.00155530904885381 0.00345760581549257 0.0192305270582438 0.00529285692609847 0.0125253044068813 0.00304211339098401 0.0114791544154286 0.0206195069476962 0.0549773741513491 0.0631695531308651 0.089892840385437 0.128108073771 0.102756290882826 0.149912672489882 0.213052968680859 0.509323415160179 0.019763901643455 0.0156085966154933 0.0331852115690708 0.0874542489647865 0.141715896129608 0.00663771526888013 0.00712670776993036 0.0224974035285413 0.00494063376681879 0.00980942850001156 0.0074546632822603 0.0112373560434207 0.0275972096249461 0.0202834126539528 0.0157112775370479 0.0286206964403391 0.0202178319916129 0.0297711968421936 0.0313327629119158 0.00575028536841273 0.0243657642044127 0.0512847756966949 0.0547705113887787 0.0374220808967948 0.0830511610955 0.354020099341869
0.00478048372315243 0.00877264924347401 0.00653493035351858 0.00640469626523554 0.0127142047509551 0.00614528770092875 0.00885785270947963 0.0040676926379092 0.00747172881383449 0.0126958971959539 0.00760873595718294 0.0291788293980062 0.0974260173738003 0.0134386088699102 0.723932462930679 0.100523294135928 0.0254253366030753 0.0333112131804228 0.231048834323883 0.557741323113441 0.028363267891109 0.286113628745079 0.110115152597427 0.0254851979203522 0.0727868761867285 0.0513275399804115 0.0408474657684565 0.08132812269032 0.0107340565882623 0.0096163195092231 0.00733104241080582 0.0139734262600541 0.0138535148464143 0.0382961055263877 0.0825915738940239 0.0235642345622182 0.0190151155926287 0.0307786140590906 0.0146178875584155 0.0330385396257043 0.0166506203822792 0.0217643319629133 0.0330805102363229 0.0296600731089711 0.414792090654373 0.459799808263779
0.0154633381403983 0.0216394556686282 0.0175732524134219 0.0378202965483069 0.0295690837316215 0.0101889062207192 0.00467274416005239 0.00561403732281178 0.0972653511911631 0.225088161230087 0.0315734978765249 0.0139070367440581 0.012186407065019 0.0231708738021553 0.677923965454102 0.121425331383944 0.0140842705965042 0.0663360640406609 0.870278006792068 0.151589494943619 0.149203097075224 0.138549323379993 0.152734425663948 0.0346390761435032 0.0225948155857623 0.0278101224452257 0.0455735117197037 0.0173101167194545 0.0404383098706603 0.0237606909126043 0.0311016531661153 0.0202117283828557 0.00977289052680135 0.016981771029532 0.037974126636982 0.102991808950901 0.0248472974635661 0.0409557102248073 0.0636790290474892 0.0249617932364345 0.0199480802752078 0.0542729165405035 0.289322671294212 0.127241200953722 0.0242292586714029 0.0293569926172495
0.0462611386552453 0.208514662086964 0.0153897253796458 0.00935096384491771 0.011166059342213 0.0121085807681084 0.0256110345944762 0.0158636418171227 0.0139756959863007 0.0451969457790256 0.0435319069772959 0.0130426076240838 0.793787372112274 0.777555960416794 0.061013238132 0.0576143309473991 0.0654991414397955 0.0554665744304657 0.732507932186127 0.287260277569294 0.451220685243607 0.0148652829229832 0.0314537541940808 0.0230093588121235 0.0626186698675156 0.0400208650156856 0.0780627578496933 0.0416531847789884 0.0315070262178779 0.0174197359010577 0.360023438930511 0.0296018401160836 0.0804024398326874 0.0259395691566169 0.026434819586575 0.0319057589396834 0.032892626337707 0.0693234521895647 0.0283847212791443 0.0267422471195459 0.0314869632944465 0.0965038165450096 0.174716930091381 0.114744101464748 0.065642523765564 0.112634398043156
0.315525902807713 0.0745801296085119 0.0072349569760263 0.0214373914059252 0.0340899730101228 0.0590325858443975 0.0203154928982258 0.0387027760967612 0.0337338292971253 0.0329077553004026 0.0138595398515463 0.0451223151758313 0.0466847730800509 0.599795591831207 0.32083914577961 0.202487583458424 0.573401737213135 0.0340039362199605 0.725656518340111 0.238467371463776 0.0508434442803264 0.0468195855617523 0.0691769670695066 0.0818825870752335 0.0350830271840096 0.111194632947445 0.0742059666663408 0.0895885057747364 0.172404802590609 0.159688697010279 0.688713449239731 0.11880291774869 0.0584321159869432 0.0302414773032069 0.0418362647294998 0.0214380103163421 0.0515070233494043 0.0560953881591558 0.0372428512200713 0.0381160376593471 0.0539393547922373 0.113145188987255 0.0631948549300432 0.0487977096810937 0.0450243405997753 0.0290431331843138
0.0454281780868769 0.00608123110141605 0.0145325364079326 0.0251685230061412 0.0298179310746491 0.0251184550113976 0.0756487030535936 0.146905213594437 0.0432002725079656 0.0363513980060816 0.0500433050096035 0.415129780769348 0.0654613789170981 0.509554681181908 0.263879428803921 0.237972062826157 0.529000362753868 0.13380936011672 0.208001504838467 0.934077972173691 0.361519116163254 0.0565094128251076 0.10094706043601 0.0582034647464752 0.0768943548202515 0.400563856959343 0.285711869597435 0.274490110576153 0.0440440163016319 0.0374368162825704 0.555006554722786 0.611621159315109 0.254952152073383 0.0413995690643787 0.0390775000676513 0.052021399140358 0.0536227840930223 0.377371230721474 0.233955974876881 0.288261087238789 0.0648144274950027 0.0573785305023193 0.335938011109829 0.0601527944207191 0.045772498100996 0.0356191337108612
0.0156962670851499 0.0363456103950739 0.0354815231636167 0.0957525700330734 0.118465860560536 0.0229916553013027 0.140405706316233 0.146571251004934 0.0184098705649376 0.0491656193509698 0.189271000027657 0.355406346917152 0.325400198996067 0.284892380237579 0.381607928872108 0.217911998927593 0.718906486034393 0.283115909993649 0.261647738516331 0.812232273817062 0.367836362123489 0.192641918361187 0.0259517226368189 0.0616281796246767 0.107849967479706 0.0805622268468142 0.370251372456551 0.877775448560715 0.531855797767639 0.571310806274414 0.0901196680963039 0.892972493171692 0.451649305224419 0.4537478774786 0.575893270969391 0.248166635632515 0.0653164569288492 0.259598025679588 0.0586033295840025 0.176017645001411 0.133623686432838 0.260356265306473 0.221759934723377 0.643825525045395 0.161680729687214 0.0893260810524225
0.156248286366463 0.309273105859756 0.574498450756073 0.255972418189049 0.239215256273746 0.126364541053772 0.113821720331907 0.292789410054684 0.0545732527971268 0.0769457519054413 0.0574562579393387 0.234743270277977 0.782730180025101 0.627579706907272 0.879190427064896 -9999 0.718430405855179 0.285673804581165 0.213675034791231 0.66511242389679 0.34887672662735 0.0668569814413786 0.069391867145896 0.549415174126625 0.152088927477598 0.231020687520504 0.138478565216064 0.0646628279238939 0.361473268270493 0.380006465315819 0.881701046228409 0.595640325546265 0.854547142982483 0.894710850715637 0.593759822845459 0.260641960799694 0.280548353493214 0.30975683182478 0.618424987792969 0.518526300787926 0.0838708318769932 0.0933153320103884 0.219039179384708 0.299464160203934 0.52758272588253 0.422567838430405
0.145307683944702 0.0248921042773873 0.309824188053608 0.521326285600662 0.385912176966667 0.302108159661293 0.0599818591028452 0.40948132276535 0.334518894553185 0.511662551760674 0.269009923934937 0.651428127288818 0.536021515727043 0.828844290971756 0.414185908436775 -9999 -9999 0.534836366772652 0.638074472546577 0.301446534693241 0.10411766692996 0.0564402565360069 0.246513848006725 0.27902626991272 0.536777397990227 0.263093218207359 0.172125459462404 0.275505262613296 0.667378628253937 0.189059615135193 0.537196713685989 0.661980122327805 0.894995361566544 0.677455675601959 0.89328670501709 0.587477281689644 0.974065291881561 0.177298229932785 0.728339946269989 0.154569244384766 0.0612361904233694 0.258497285842895 0.334122967720032 0.78889799118042 0.151619724184275 0.468972232937813
0.378709664940834 0.503788235783577 0.405717766284943 0.274684628844261 0.102869802713394 0.0452803295105696 0.0705294717103243 0.108829483389854 0.0732381507754326 0.730569213628769 0.78607183098793 0.872548717260361 0.961516869068146 0.532494714856148 -9999 -9999 -9999 -9999 -9999 0.371218711137772 0.69533771276474 0.0793677724897861 0.099465972930193 0.330996550619602 0.0842750262469053 0.182603339105845 0.0940725367516279 0.152071542292833 0.983035916090012 0.986919242143631 0.628997582197189 0.938904929161072 0.806143343448639 0.810827225446701 0.814496719837189 0.628970611095429 0.737288731336594 0.770970815420151 0.360094624757767 0.33111809939146 0.799907410144806 0.0841832056641579 0.696480441093445 0.464571937918663 0.426992306113243 0.561378163099289
0.0866953207179904 0.0608214866369963 0.149697887152433 0.0366151105612516 0.0458180984482169 0.120332137495279 0.112896995991468 0.176708639413118 0.19051656126976 -9999 -9999 -9999 -9999 -9999 -9999 -9999 -9999 -9999 -9999 0.193147858977318 0.0751072812825441 0.0959696028381586 0.111503022909164 0.432731029391289 0.104025167226791 0.259897202253342 0.156875879317522 0.722445219755173 0.844531840085983 0.797380012273788 0.786193358898163 0.822115904092789 0.835344469547272 0.886549419164658 0.87866535782814 0.857035213708878 0.582383239269257 0.845159929990768 0.370018312335014 0.233346751332283 0.246458770334721 0.656743907928467 0.27384095042944 0.164420355856419 0.0918697468936443 0.0818986892700195
0.0606551542878151 0.183589821308851 0.126868942379951 0.102299603074789 0.331099879741669 0.187943679839373 0.264528967440128 0.0649318721145391 -9999 -9999 -9999 -9999 -9999 -9999 -9999 -9999 -9999 -9999 -9999 0.321092270314693 0.246910166740417 0.234171161055565 0.231754672527313 0.384218895435333 0.702537995576858 0.16150339692831 0.678802073001862 0.968604111671448 0.79078089594841 0.794761657714844 0.691938376426697 0.843562006950378 0.823267960548401 0.765108305215836 0.990892004966736 0.628563570976257 0.106567115336657 0.45583179295063 0.76406444311142 0.183154737204313 0.601701813936234 0.782302504777908 0.219149757921696 0.229285170137882 0.427976626157761 0.187586285173893
0.238932350277901 0.0552369982004166 0.0499059353023767 0.0650424137711525 0.37862151414156 0.434819415211678 -9999 -9999 -9999 -9999 -9999 -9999 -9999 -9999 -9999 -9999 -9999 -9999 -9999 -9999 0.316534429788589 0.469953954219818 0.381198254227638 0.567939218878746 0.29881599843502 0.296185560524464 0.133500194549561 0.674288421869278 0.806176710128784 0.639370608329773 0.76402285695076 0.929769736528397 0.394597214460373 0.28358753323555 0.435283270478249 0.150953643769026 0.131197413057089 0.722302383184433 0.575089314579964 0.968340957164764 0.825253754854202 0.670764309167862 0.70599519610405 0.475068926811218 0.349817907810211 0.51255370080471
0.0508544232696295 0.0648879662156105 0.146448504179716 0.359050104022026 0.0222205863334239 -9999 -9999 -9999 -9999 -9999 -9999 -9999 -9999 -9999 -9999 -9999 -9999 -9999 -9999 -9999 0.946093583106995 0.890574032068253 0.663719540834427 0.334634171426296 0.479414862394333 0.83972048163414 0.997965490818024 0.547770071029663 0.297151197493076 0.156642241030931 0.1962153211236 0.0931066043674946 0.258040814101696 0.257896664738655 0.621307796239853 0.217657501995563 0.33481225669384 0.596065956354141 0.793283098936081 0.816967612504959 0.327809444069862 0.372068658471107 0.221967332065105 0.0718489907681942 0.064340590313077 0.354595258831978
0.400152057409286 0.360213139653206 0.0131517427973449 -9999 -9999 -9999 -9999 -9999 -9999 -9999 -9999 -9999 -9999 -9999 -9999 -9999 -9999 -9999 -9999 -9999 -9999 0.502542930841446 0.837094187736511 0.456035479903221 0.421683016419411 0.626560992002487 0.45629406273365 0.458498844504356 0.0939720787107945 0.0546437501907349 0.111481796205044 0.208259439468384 0.165652301907539 0.393116492033005 0.0685751289129257 0.458205085992813 0.251336699724197 0.897090703248978 0.778580492734909 0.585156893730164 0.191992676258087 0.190037004649639 0.443042695522308 0.124403037130833 0.249592714011669 0.541457480192184
-9999 -9999 -9999 -9999 -9999 -9999 -9999 -9999 -9999 -9999 -9999 -9999 -9999 -9999 -9999 -9999 -9999 -9999 -9999 -9999 -9999 0.430817702412605 0.902374124526978 0.929602068662643 0.340673410892487 0.400724932551384 0.225152456760406 0.737338626384735 0.307546082139015 0.237565168738365 0.395483300089836 0.238712358474731 0.104204777628183 0.0613044675439596 0.0715126577764749 0.356685256958008 0.0686459518969059 0.725053405761719 0.398307785391808 0.464145648479462 0.231799533963203 0.749976897239685 0.239957021176815 0.315755380690098 0.158069590479136 0.208868297934532
