Scripts_&_data/Maxent_result_files_1/Bombus_zonatus_3.asc
NCOLS 594 
NROWS 330 
XLLCORNER -15 
YLLCORNER 23 
CELLSIZE 0.166666666666667 
NODATA_value -9999 
[rows 260 to 279 of 330, columns 405 to 449 of 594]
1.65538283312117e-05 2.39200557103914e-05 2.40315431199178e-05 2.34246789375447e-05 2.3954761329037e-05 2.46814894467207e-05 2.49802094828055e-05 2.31002585792339e-05 2.12477149332813e-05 1.96168813303643e-05 1.74741536540068e-05 1.52330346622875e-05 1.34813622274521e-05 1.15966126529088e-05 8.98955099160048e-06 7.00778479583164e-06 6.37689265445829e-06 5.4229186893906e-06 4.46284954005449e-06 3.53977281317697e-06 2.81826733612434e-06 2.43027331645607e-06 2.07356013577353e-06 1.8176791641622e-06 1.60408789113831e-06 1.50981805564498e-06 1.39655090629631e-06 7.79673301067874e-06 1.29106372710908e-05 1.63760980482763e-06 1.51135685086956e-06 1.42250366188534e-06 1.75651645246688e-06 7.67910431562768e-06 3.53382040927386e-06 3.21055116394575e-06 2.53261149509854e-06 2.50226752385174e-06 2.74459987821274e-06 2.90630007917514e-06 6.07349443555449e-06 3.76369680594735e-06 4.0527610508434e-06 5.7038394189135e-06 5.02808427427226e-05
1.67229471273345e-05 1.75215252738781e-05 1.86615024489356e-05 1.81528934490416e-05 1.79775315530151e-05 1.78413352401208e-05 1.68142143110117e-05 1.63825437553555e-05 1.62692586357593e-05 1.44264193025379e-05 1.2754099048351e-05 1.11332082880722e-05 9.710921690953e-06 7.82949542603717e-06 6.77404796753933e-06 5.74419581376162e-06 4.50364129900294e-06 3.8651388601707e-06 3.33990994949573e-06 2.76379561006124e-06 1.97776175259179e-06 1.80568442740281e-06 1.65823580724478e-06 1.48776213162449e-06 1.29489856401932e-06 1.33732368219341e-06 1.411545552088e-06 8.47493203863792e-06 1.79616082164102e-05 1.29586502248813e-06 1.23333366808254e-06 1.34010792285366e-06 1.17934857584601e-05 7.13155650828412e-05 9.01295799849322e-05 2.18012436306481e-05 4.02036598146083e-06 8.26309499188938e-06 3.2996004545538e-06 2.81404737840774e-06 3.13874505017964e-06 3.14910294534343e-06 4.66816512556534e-06 4.40537204156044e-06 4.42953083279463e-06
1.27493937256418e-05 1.26925949786028e-05 1.44723134724245e-05 1.40157310191569e-05 1.29979800661317e-05 1.41306305565081e-05 1.40499143689965e-05 1.36466864276485e-05 1.29906481227238e-05 1.11486406893846e-05 9.87597926851436e-06 8.5234822996938e-06 7.18225204856537e-06 6.19607648211229e-06 4.96750828098413e-06 4.26341490431526e-06 3.69813993241763e-06 3.12231129129259e-06 2.53068363367248e-06 1.8152941681393e-06 1.62573655653198e-06 1.55683545606244e-06 1.44520252378655e-06 1.37418116836763e-06 1.54156679297301e-06 1.29970890498932e-06 1.42078016613922e-06 1.11240672907797e-05 1.2353260662934e-05 1.11512957348126e-06 1.05847098237355e-06 1.15472450126219e-06 1.55692425849452e-06 2.6765736544121e-05 6.81874648762459e-05 0.000281278063266654 2.53220827687528e-05 2.06354293993627e-05 2.12873208909059e-05 3.13384410389972e-05 3.61041843959242e-06 2.93396067156948e-06 1.02488164884562e-05 2.78684740067092e-05 2.92969615038885e-06
3.03370403628378e-05 1.16989670104317e-05 1.06226558223454e-05 1.00783672799309e-05 9.95979836702077e-06 1.01906375469696e-05 1.04343626240677e-05 1.01090762754552e-05 9.37040293180758e-06 8.78073241281641e-06 7.8530917644315e-06 7.86356372941555e-06 5.83033042218517e-06 4.82002770674228e-06 1.94285659972593e-05 1.71562575303597e-05 3.09207037680892e-06 2.12120033484808e-06 1.68802107296528e-06 1.48698080053578e-06 1.39985295191103e-06 1.26777623723484e-06 1.24645477255214e-06 1.48180837484801e-06 1.35808129755333e-05 8.76401049865194e-06 6.81925210841428e-06 5.50514749519948e-06 1.25320463872924e-06 1.06598004068204e-06 1.06732064755199e-06 1.24720261283073e-06 1.55396345604686e-06 6.55293675038138e-06 6.73535777480083e-06 0.000108413124416984 0.00027818774797197 7.12460752538391e-05 4.14080151358576e-05 3.4001282938334e-05 1.7139746202588e-05 1.06526281598462e-05 4.27805555105465e-06 8.10814994451903e-06 2.72701963410782e-06
1.41594368656683e-05 1.70265504806366e-05 6.35432424246574e-05 6.53784076916963e-05 8.38731837831119e-06 7.73328623147052e-06 7.6280348075386e-06 7.58332070844858e-06 7.22408638154093e-06 7.0901325376127e-06 3.92039431602598e-05 7.03470042935805e-05 9.68227135899724e-05 3.7357534080229e-05 5.95871502433454e-06 4.07159074402585e-06 2.48460746021806e-06 1.90074868839929e-06 1.51384359385887e-06 1.24851135518966e-06 1.14052139954524e-06 1.1022489981638e-06 1.10724620960845e-06 1.54513294514658e-06 2.5954327005806e-06 1.91676414704744e-06 4.90025082697798e-06 3.46532969160762e-05 1.68163313361447e-05 4.77620572780779e-06 1.05928219102935e-06 1.22094500891734e-06 1.60948570506747e-06 2.13076770876341e-06 2.3492933717506e-06 4.15902381746491e-05 0.000126665680909355 0.000208599533198139 7.72619715462497e-05 1.42908690008881e-05 3.07469874343269e-05 3.65885780922781e-05 4.0464442353283e-06 3.5992280391639e-06 3.09506571340989e-06
7.33916549968683e-06 8.74148524374618e-06 1.33689652798807e-05 1.32979551622725e-05 4.51648454827591e-05 4.33203997147302e-05 6.74992529745566e-06 5.69608894593898e-06 5.39853983916316e-06 4.99658071593245e-06 5.42853604237337e-06 7.21744481708697e-06 9.72965811740778e-06 8.27342356259919e-06 4.85081960839295e-06 2.91240777254842e-06 7.90253836093768e-06 1.44441611142909e-06 1.08413763237891e-06 9.88769311804916e-07 1.01679323933901e-06 1.04807453462641e-06 1.14165446527537e-06 1.1935145259212e-06 1.08181281088804e-06 8.94905118320466e-07 1.42175980588632e-06 2.46873621620125e-05 4.42287839405253e-05 3.42066649068329e-06 1.08149287214587e-06 1.2537536095536e-06 1.48946630629254e-06 1.93643209573935e-06 2.10513871046203e-06 3.89224162873347e-06 8.82934465380458e-06 6.86033102283545e-05 9.35122688815682e-05 1.23210100070992e-05 2.02647877614481e-05 4.86937811956523e-05 2.56208535631686e-05 1.31903167925884e-05 6.47874979676999e-05
5.88320068253267e-06 6.18904855151925e-06 6.70606737891433e-06 7.61824424664326e-06 8.60924835066612e-06 4.06521913902225e-05 7.61554372772366e-06 5.8058190063548e-06 4.77996411571979e-06 4.30450577546537e-06 4.72863917870825e-06 2.05396152125559e-05 1.9596804223454e-05 4.34102509139223e-06 3.29118489954539e-06 2.04916791473053e-06 6.39765596908148e-06 1.23560764384578e-06 9.70761722096647e-07 9.21793727615139e-07 1.0032189988074e-06 1.0878363729816e-06 1.87975732925949e-06 2.56730535106442e-06 9.44145375658678e-07 5.91216571343978e-07 9.67393690443075e-07 3.46897932210766e-06 8.03449743216333e-05 1.57989648528201e-05 1.56474319901179e-06 1.57609862192487e-06 1.62991245407085e-06 1.84122956490285e-06 2.40073055302048e-06 2.09339943317843e-06 3.72452986567851e-06 4.2299245023969e-06 1.04759255236786e-05 6.595658715014e-05 7.53112096845143e-05 0.000113278665708094 1.81492193064514e-05 3.04034436339862e-05 3.70107164769706e-05
2.42701292080483e-05 5.16789031337339e-06 5.23856366356767e-06 4.92350282108589e-06 5.89205336609666e-06 4.33020648074489e-05 1.18146274971309e-05 8.60264866275884e-06 5.789721770455e-06 4.36623773047984e-06 1.93231530474236e-05 1.44162923575664e-05 4.24335992136093e-05 4.3457570626515e-05 3.57772171042825e-05 1.59147380798252e-06 1.00209614919411e-06 8.74009131246467e-07 8.84504067033554e-07 9.02361900356752e-07 9.65274288633467e-07 1.28336342251067e-06 2.35810691702198e-06 7.12035883196904e-06 9.81726435256292e-07 6.68923438240654e-07 8.22912432441036e-07 1.21658475507047e-06 6.86138226626554e-06 2.91485772777378e-05 2.34637185485553e-06 1.60937016620011e-06 2.04197106228321e-06 2.10675221250511e-06 2.33018949771235e-06 2.09922326988021e-06 3.10542912487222e-06 5.04570255301928e-06 7.50470955779292e-06 1.18492470534193e-05 2.06029740354552e-05 3.12685809475965e-05 4.31017966320724e-05 0.00017756608340278 0.000359083449075115
0.000183177116650768 0.000148668110750805 5.1509956119844e-05 6.59586813327451e-06 4.75325804423221e-06 5.19725009340277e-06 6.68649403330335e-06 7.73060028151917e-06 6.20118747391984e-06 1.58876185665235e-05 1.32029526938027e-05 2.56654568246972e-06 1.95554923134722e-06 1.8792196031292e-06 2.98894564423335e-06 1.87007452536747e-06 1.07291420603506e-06 9.51940157589704e-07 9.60414318029734e-07 7.96342225584112e-07 8.72051138856023e-07 1.27407396495194e-06 1.30142743528516e-06 1.15351817044917e-06 9.5121217640326e-07 5.89685185881095e-07 4.68094607120051e-07 5.38769678548601e-07 1.02341990855237e-06 3.04760311166774e-05 1.27493847259075e-05 1.21746874359729e-06 1.45567287459514e-06 1.52414361149766e-06 2.08069233842423e-06 2.62941845718956e-06 4.8448082459629e-06 6.98781486363487e-06 7.29507920169681e-06 1.18914214993993e-05 8.37319947549986e-05 6.93030005209039e-05 9.77302249793865e-05 4.43438780621364e-05 4.89761560857005e-05
0.000225352549023228 0.000254694850536907 0.000197536327505077 1.67000465665978e-05 5.88723320618101e-06 4.44862209967312e-06 3.45544657207597e-06 4.29659623417678e-06 2.36813247624923e-05 4.54596595957923e-06 1.17251497286475e-05 2.03914352692181e-06 1.68618720790548e-06 1.50026651968282e-06 2.3783794025789e-06 2.40474520580847e-06 1.44336946639179e-06 5.86472984327457e-06 1.47778725629877e-06 1.9269651510001e-06 8.34495994306295e-07 8.79677373344379e-07 1.07147485071124e-06 1.83986565023275e-06 1.72041029706804e-06 7.30464272380438e-07 4.68880469095545e-07 4.20605504536375e-07 5.35713207239219e-07 2.54600859165066e-05 2.62418438325085e-05 9.89907501569576e-07 9.79300626724466e-07 9.97713785988452e-07 1.59327895481454e-06 1.88863037902109e-06 6.89705180576539e-06 1.19175600588051e-05 1.41798037248009e-05 1.73568523962331e-05 0.000125144958110468 3.1236099164289e-05 4.4525011389851e-05 4.30070124139093e-05 8.3393036175039e-05
0.000669398501486285 0.000396737729170127 2.27207679074581e-05 1.99644732106208e-05 7.20468860890833e-06 4.78495529456779e-06 3.06024213436729e-06 2.5535450755676e-06 2.17845739513223e-05 3.47816864785244e-06 2.35848512311065e-06 1.90371174202397e-06 1.35671140633065e-06 1.07112902640871e-06 1.76197059991168e-06 1.57625529677574e-06 2.10961224142991e-06 8.70509776191852e-06 2.56629176220713e-05 2.879366499009e-06 7.94215012089872e-07 7.81438662511569e-07 1.396418936217e-06 2.91239905934049e-06 3.15969066662092e-06 8.93707337557004e-07 5.89426447805685e-07 4.98047194597007e-07 4.19466003798163e-07 6.62808667017956e-07 1.03890720182243e-06 7.16352138119269e-07 7.5787366269342e-07 7.45968951942899e-07 8.67331910869851e-07 1.2832025805487e-06 2.38914827992431e-06 1.02753938392652e-05 1.38473544211593e-05 3.45242812159086e-05 2.53230354815059e-05 1.85191438674792e-05 0.000256391638686182 7.55655040848069e-05 0.000132404397481878
3.09407065742562e-05 0.000460005196509883 0.000306023047232884 7.20861706554388e-05 8.58472981164482e-06 4.42002392997409e-06 2.71213944804671e-06 2.00746349685588e-06 1.33731415935756e-05 2.54562126054125e-06 2.51501414050281e-06 1.85869955195983e-06 1.66499189298008e-06 9.23526363916238e-07 9.17440637060451e-07 9.58541983608896e-07 1.29662402494901e-06 1.4237875147316e-06 2.25603781291994e-06 5.26025451375034e-06 8.72668904117191e-07 9.40580157227089e-07 1.57824083490965e-06 1.67969227380382e-06 1.75016738754863e-06 1.14758043054941e-06 7.22113416617987e-07 5.77885796748667e-07 4.96707454888945e-07 4.40467561202418e-07 5.15630824038382e-07 5.54748441805586e-07 6.91965975141429e-07 6.59194658325646e-07 7.37969582509379e-07 9.38253067772621e-07 1.03249277167983e-06 2.40999301386324e-06 1.14576952398693e-05 0.000100138677044015 0.000264742408580787 0.000122373824160604 2.8001023588331e-05 0.00020927828099957 0.000342499612452229
8.56387949426107e-06 1.35808396947823e-05 0.000101808000454184 7.92958270722011e-05 7.9965486733613e-06 4.29414063809475e-06 2.65357087458895e-06 2.16415641292045e-06 2.09056910280836e-06 7.4650707517776e-06 9.92253145533084e-06 1.76850508722737e-05 4.88067281366966e-05 1.49208548350543e-05 9.15528242551034e-07 1.46984289579599e-06 1.7457884294636e-06 1.66125960125996e-06 1.78421647989424e-06 1.24151597145072e-06 8.19369745719278e-07 7.99498272074928e-07 1.38921697425687e-06 1.2347980755667e-06 1.50932549400906e-06 1.18715435641903e-06 7.81489469336982e-07 7.14957097258662e-07 1.41140137985829e-06 1.08216907870329e-06 5.58115036186635e-07 5.14556769015684e-07 6.87939838739382e-07 6.80893300852858e-07 7.5479937149403e-07 1.03465623957355e-06 1.08951597912466e-06 1.43515400861105e-06 2.26131301701571e-06 4.88257101594058e-06 1.56343898311206e-05 2.69605945504736e-05 6.89657747898309e-05 0.000115413470666681 3.65747160685714e-05
3.76046141582265e-05 1.22836745958921e-05 9.46857481949337e-06 1.18503686323379e-05 7.69879578683685e-06 4.40287680987694e-05 3.74408321761166e-05 1.07061509112327e-05 2.75579692257111e-06 5.37438924297362e-06 2.71832459461052e-05 6.22943433995715e-05 7.84856932114053e-05 1.56105701591969e-05 1.30073613915371e-06 3.2142303098226e-06 1.66864257948873e-06 1.20278485455927e-06 6.46315783150442e-06 4.4957991157446e-06 8.26324083158525e-07 8.32135596695593e-07 8.81580151590455e-07 1.00193243239843e-06 8.99109132079801e-07 1.06436910116692e-06 7.96184306173231e-07 7.67123526701496e-07 1.69058669197142e-06 3.8617074466174e-06 8.60151756176819e-07 5.14558324860026e-07 5.79419861268526e-07 6.08999459839055e-07 6.61325408701785e-07 9.68168536275016e-07 1.60710590089153e-06 2.24514349138616e-06 1.55019455746697e-05 6.47563519805772e-05 7.30343138457101e-05 2.1478650512563e-05 2.15043006960514e-05 2.29755580676283e-05 9.14172803277324e-05
1.46781477496916e-05 7.4753528778615e-06 4.90522982033781e-05 1.01849307796442e-05 1.2766688931265e-05 7.26658126950497e-05 0.000260880312271183 5.55875946872675e-05 3.57950251697048e-06 6.17565899005967e-06 9.0204347117151e-06 3.2622707902874e-05 8.22620037297384e-05 7.65701332454682e-06 1.05294036694126e-06 8.01831947128129e-07 1.0763390453139e-06 4.45715901165045e-06 4.48608306591325e-06 3.35588694611033e-06 1.0115593959803e-06 9.55641846944744e-07 9.06099775299651e-07 8.76015640582928e-07 1.07329808911594e-06 1.61556145741315e-06 8.18298809268647e-07 6.23983700265285e-07 7.7977973469423e-07 8.62013547875407e-07 5.86779558320316e-07 4.68497310712745e-07 5.3465404085129e-07 5.47448179111232e-07 6.36417704003023e-07 6.79568498318517e-07 8.45114514458345e-07 1.20332002961909e-06 1.37399651425341e-06 2.22282272268615e-06 6.53004883446329e-06 5.47253150443794e-05 2.74400348416748e-05 1.34473041669025e-05 3.90185724086223e-05
2.08642569418771e-05 1.02171666043205e-05 1.20424321522705e-05 1.0259014383962e-05 2.69880968062353e-05 3.02592965908843e-05 0.000127749203056737 0.000100783254924863 4.43288454121671e-06 2.892119309017e-06 4.9670411137015e-06 1.02780452479578e-05 0.000136678660874168 2.79643802855389e-05 2.73788315237056e-06 7.8616897029038e-07 8.96689007001683e-07 4.16139075198885e-06 7.74302229302748e-06 7.31001205735993e-06 2.89405980815616e-06 4.04145023189528e-06 1.34741322490584e-06 1.20562944232461e-06 1.15306190870967e-06 1.12055008751888e-06 8.84340652440585e-07 5.51108741453366e-07 5.86949762071409e-07 6.60871990021406e-07 4.59826079701742e-07 4.32253637827618e-07 4.34510247071529e-07 4.84952742940692e-07 5.23180559663938e-07 6.08652550659894e-07 7.28046282016948e-07 9.40039778862811e-07 1.39475818592416e-06 1.92990265652782e-06 5.847063241049e-06 1.61153098986233e-05 5.1943758694506e-05 7.43596798855606e-06 2.65206169114407e-06
1.21717719224534e-05 8.99296093166413e-06 6.73227768501761e-06 8.8127924584569e-06 1.79863302491867e-05 4.4889411310578e-05 0.000276678249792894 0.000249039789378003 2.45166423553655e-05 5.72620810004309e-06 1.13243484733516e-05 1.12777027766242e-05 3.84166637097394e-06 7.77765431365651e-06 4.74163425288054e-06 9.10119693831035e-07 8.19055377343503e-07 1.77000521999204e-06 3.39738157961733e-06 8.45893448797597e-06 3.39531697477469e-05 7.33648948809673e-06 2.34061253109985e-05 2.13770927022239e-06 1.44001169362085e-06 7.86007704256519e-07 5.77060193440726e-07 5.58374101278236e-07 4.9356884503915e-07 4.49273735692035e-07 4.31992866667397e-07 5.22061215035841e-07 4.48487944360032e-07 4.41666154638032e-07 4.94068701140105e-07 5.54961129572984e-07 6.5450458648364e-07 8.70392342910975e-07 1.13761226114839e-06 2.25804367612881e-06 4.01202756208363e-06 6.46888482336294e-06 1.50331247795066e-05 1.84773451451292e-05 5.37569377172531e-06
5.57236208464928e-05 1.15465444565643e-05 1.0484973728353e-05 7.23625902168123e-06 8.73821264519847e-06 1.83689520781627e-05 0.000203575058549177 0.000688008190627443 0.000262269496306544 0.000176369223481743 1.88014630793987e-05 2.40231909742761e-05 4.77796086819637e-06 5.47558614485411e-06 3.22205464211578e-06 1.16049865375167e-06 7.74082620225158e-07 1.08963068803369e-06 4.10932072618664e-06 5.37049078388918e-05 0.000356250709046435 8.01066797748717e-05 4.67710194470783e-05 5.07789781210022e-06 1.65649702541515e-06 1.0296661915099e-06 6.0728030152335e-07 5.12805530583638e-07 4.49518518874648e-07 4.46151883271018e-07 5.34429187992735e-07 6.33190364907055e-07 4.83396812389625e-07 4.24763595296973e-07 4.62837087822354e-07 4.52589109412038e-07 5.63731444158666e-07 7.75926054386034e-07 1.21998372306642e-06 1.85211965533227e-06 3.25338369933093e-06 2.97321444655552e-06 2.90775720337422e-06 1.51553809303095e-05 2.11390817128176e-05
0.000104439548772461 1.94064884794898e-05 1.66766985387312e-05 8.93661672165535e-06 5.64251405918981e-06 6.67670159160139e-06 1.0492945249041e-05 0.000307976663316367 0.000603769397275755 0.00132370933424681 0.0005205731766182 0.000199320483261545 6.13722583935328e-06 7.27068499770667e-06 8.30701103637921e-06 3.74650060699366e-06 1.07117014294111e-06 1.90503514234663e-06 2.20070539302952e-06 1.40487100935616e-05 1.48526650235681e-05 7.42607596066591e-05 0.000172018908506288 8.1617216821428e-06 4.13158947800696e-06 3.40124801780917e-06 2.16875686618323e-05 3.01707069976231e-06 5.72757250627554e-07 4.61803277052031e-07 6.40802292151133e-07 6.36601801229375e-07 5.19388347242078e-07 4.70084367898416e-07 4.74751067547352e-07 4.74651627491163e-07 5.01625876958567e-07 6.44888929324239e-07 8.52626863867556e-07 1.11642418749724e-06 9.40108449185573e-06 3.49788073719992e-05 1.3706218093823e-06 1.19095108441769e-06 8.18851246293662e-06
0.000477840700659726 0.000132618617180924 1.75966621156931e-05 1.6150702805362e-05 8.84916722156959e-06 6.62873485737236e-06 5.95145257804575e-06 8.76089184771445e-06 2.61045591059883e-05 4.72721482537963e-05 0.000274738359257753 0.000220267801432783 9.72335129034718e-06 3.90169646152572e-05 1.50590272880891e-05 5.98935638578268e-06 2.30039643014379e-06 1.2204975859742e-06 1.55610594179123e-06 7.96493050359004e-06 1.23251045181405e-05 5.87836973977574e-05 0.000107016775382363 6.90246261683569e-05 8.89119352649459e-06 4.48860672790374e-06 1.90599990563811e-06 3.19585029178171e-06 4.2429140962863e-07 3.86957815490252e-07 4.76162834905924e-07 5.7158635380361e-07 5.02619256359527e-07 4.37698055877345e-07 4.51309987836712e-07 4.57287713562238e-07 4.7647638260484e-07 5.95343836473639e-07 8.54058759736098e-07 7.91229917163072e-07 8.34900255042292e-07 1.27197506230026e-06 1.26867486622828e-06 9.03563597631773e-07 1.38437380754475e-06
