Scripts_&_data/Maxent_result_files_1/Bombus_confusus_3.asc
NCOLS 594 
NROWS 330 
XLLCORNER -15 
YLLCORNER 23 
CELLSIZE 0.166666666666667 
NODATA_value -9999 
[rows 100 to 119 of 330, columns 230 to 275 of 594]
0.0241182519122958 0.143259573727846 0.0883253820240498 0.140861334651709 0.0370263883844018 0.0960775963962078 0.00882783550769091 0.0144214594736695 0.0301626363769174 0.0403538577258587 0.0142982885241508 0.0219312967732549 0.0892611593008041 0.0134387696161866 0.0219755074009299 0.0401346083730459 0.0239757340401411 0.0089872237527743 0.00791987311094999 0.0150578523054719 0.025585425645113 0.00552850911626592 0.00715155745856464 0.0106561136431992 0.0192139124497771 0.0141160153783858 0.0366927469149232 0.00954681374132633 0.0158366896212101 0.00634999801404774 0.00230312435887754 0.0131914997007698 0.0617782678455114 0.0329613570123911 0.0103033529594541 0.00987000693567097 0.0279318226501346 0.012642430420965 0.0481958474963903 0.0350210214033723 0.0323091050609946 0.0182934116572142 0.00418947816360742 0.00417316522216424 0.0043569156434387 0.00429088466335088
0.0663689106702805 0.248772822320461 0.11923254057765 0.203312306106091 0.120109514892101 0.194715781509876 0.091377229616046 0.0272696910426021 0.0155740439891815 0.0608443032950163 0.0644273985177279 0.0671863976866007 0.0276512077078223 0.0511781832203269 0.085618182271719 0.0173962675035 0.0521907862275839 0.0163409235887229 0.0348015174269676 0.0230487659573555 0.185350833833218 0.0429053833708167 0.0142500662244856 0.0110802894923836 0.0127552917227149 0.0100545834749937 0.0100428941659629 0.0086068510543555 0.0386480422690511 0.119458092749119 0.149060740321875 0.0571803383529186 0.0768303941935301 0.0685747545212507 0.0109884140081704 0.0119095427915454 0.00974684841930866 0.01284587867558 0.0472476910799742 0.0121531899087131 0.0223577291704714 0.0200313689187169 0.00439991677412763 0.00449652525130659 0.00434065128210932 0.00413582817418501
0.158605563640594 0.23516431003809 0.0767625603824854 0.0282174816355109 0.0231061693280935 0.0267402162775397 0.0158848420716822 0.0961028859019279 0.12834904640913 0.100498723983765 0.144212824106216 0.137427252531052 0.201700370013714 0.137005797028542 0.172879972308874 0.0154717031866312 0.0397508891299367 0.0598812285810709 0.0768577422946692 0.0888853147625923 0.180295319855213 0.0298642879351974 0.0106847179122269 0.0119261054322124 0.0104297374840826 0.0476176360622048 0.139517947286367 0.00851132576353848 0.0252974587492645 0.0580246958881617 0.0401639459654689 0.0260942181572318 0.0481955293565989 0.0557135097682476 0.0491503622382879 0.0552130073308945 0.044531999528408 0.0060784260276705 0.0136527182534337 0.0482565078884363 0.125038247555494 0.152079103142023 0.0708150677382946 0.00756111335940659 0.00372256005648524 0.00359879574971274
0.234091784060001 0.191090225428343 0.21006014496088 0.0768170893192291 0.0149807427078485 0.0193279880098999 0.0216762631200254 0.0803442288190126 0.102385842055082 0.0529743984341621 0.0695779487490654 0.0733817644417286 0.0260087573900819 0.170296181738377 0.148749186843634 0.0143808348104358 0.13877068310976 0.141165307164192 0.12215241342783 0.0741550669074059 0.0805018328130245 0.109127060323954 0.10765904635191 0.0225961777381599 0.0523495748639107 0.0356974894180894 0.0109979937784374 0.010609900765121 0.0112115560099483 0.0129110491834581 0.0114392448216677 0.05440220721066 0.0292289119213819 0.0850056387484074 0.0332620242610574 0.031043457146734 0.101026474684477 0.0980431601405144 0.0629467027261853 0.0580643031746149 0.0799258768558502 0.122691076248884 0.0511825639754534 0.0134065783582628 0.00331891562091187 0.00327032218920067
0.0891122594475746 0.115331511944532 0.0765635371208191 0.034787761606276 0.0275959141552448 0.0376271612942219 0.0255147082731128 0.0272177282720804 0.0883614793419838 0.108560845255852 0.0251631004735827 0.0725868627429009 0.0741761155426502 0.144778074324131 0.0420568509027362 0.0207679456099868 0.0113282973878086 0.0812718197703362 0.104418750852346 0.0454402219504118 0.0292452807538211 0.0862087726593018 0.189028806984425 0.109348449110985 0.039483579993248 0.0412742659449577 0.0564364932477474 0.0378618113696575 0.0598130863159895 0.0131982256192714 -9999 -9999 0.0483469862490892 0.0389812543988228 0.00420558315236121 0.0231785578653216 0.0330981435254216 0.103504440188408 0.0617141667753458 0.0340028926730156 0.0517436899244785 0.0692365139722824 0.118943722546101 0.291326126456261 0.0391359305009246 0.0028794905229006
0.260754008591175 0.0853243887424469 0.030833737179637 0.180671706795692 0.0657265409827232 0.0911765374243259 0.0479521235451102 0.20360478758812 0.223590172827244 0.243984273076057 0.0563943644985557 0.16018508374691 0.102870212495327 0.0436205264180899 0.0602571953088045 0.0380322966724634 0.0158736337907612 0.0247035693377256 0.016860287822783 -9999 -9999 -9999 -9999 -9999 -9999 -9999 -9999 -9999 -9999 -9999 -9999 0.0108330143615603 0.036218941770494 0.0497088875621557 0.0343071596696973 0.0228543081320822 0.0316757280379534 0.0416985278949141 0.0427885526791215 0.0136935589835048 0.0115758717991412 0.014802962820977 0.0337611895054579 0.00657995105721056 0.0198443268425763 0.0124937857501209
0.0611332107335329 0.0330818623304367 0.159279718250036 0.0538668127730489 0.187284226715565 0.0791318167001009 0.0418024744838476 0.0732555717229843 0.108215965330601 0.999920505285263 0.444271245598793 0.0315369006246328 0.030566774494946 -9999 -9999 -9999 -9999 -9999 -9999 -9999 -9999 -9999 -9999 -9999 -9999 -9999 -9999 -9999 -9999 -9999 -9999 -9999 -9999 -9999 0.00725721451453865 0.0286255473271012 0.0236704440787435 0.0109677540138364 0.00890512866899371 0.0129161170683801 0.0381834503263235 0.108478225022554 0.0853858463466168 0.0483296111226082 0.00507182152941823 0.028478214982897
0.0345728906802833 0.0513146379962564 0.0870541963726282 0.124493242800236 0.117509432137012 0.230385561287403 0.170859886705875 0.0357730017974973 -9999 -9999 -9999 -9999 -9999 -9999 -9999 -9999 -9999 -9999 -9999 -9999 -9999 -9999 -9999 -9999 -9999 -9999 -9999 -9999 -9999 -9999 -9999 -9999 -9999 -9999 -9999 -9999 -9999 -9999 -9999 -9999 0.0305260363966227 0.68278813958168 0.702350014448166 0.0742091987282038 0.110454123467207 0.0826149858534336
0.0331628752872348 -9999 -9999 -9999 -9999 -9999 -9999 -9999 -9999 -9999 -9999 -9999 -9999 -9999 -9999 -9999 -9999 -9999 -9999 -9999 -9999 -9999 -9999 -9999 -9999 -9999 -9999 -9999 -9999 -9999 -9999 -9999 -9999 -9999 0.0497198197990656 0.00999472513794899 0.0115629318170249 0.124280667304993 0.0500876605510712 -9999 -9999 0.912313950061798 0.864891183376312 0.164862953126431 0.0702368840575218 0.0818758718669415
-9999 -9999 -9999 -9999 -9999 -9999 -9999 -9999 -9999 -9999 -9999 -9999 -9999 -9999 -9999 -9999 -9999 -9999 -9999 -9999 -9999 -9999 -9999 -9999 -9999 -9999 -9999 -9999 0.0158897815272212 -9999 -9999 0.0776767045259476 0.0897578373551369 0.122701726853848 0.124105887115002 0.0865714125335217 0.148834355920553 0.0871261045336723 0.122071028500795 0.139038199186325 0.542378586530685 0.24395944327116 0.554407054185867 0.35188128054142 0.0678732078522444 0.0146168944425881
-9999 -9999 -9999 -9999 -9999 -9999 -9999 -9999 -9999 -9999 -9999 -9999 -9999 0.139252243936062 0.248613809049129 0.109703230857849 0.203010953962803 -9999 -9999 -9999 -9999 -9999 -9999 -9999 -9999 -9999 -9999 -9999 0.0653767582029104 0.0854765139520168 0.0229733197949827 0.0261377315036952 0.147887806594372 0.113945478945971 0.119980313628912 0.119328752160072 0.109953478723764 0.0870912335813046 0.121388007700443 0.119790408015251 0.287227283418179 0.153414011001587 0.10731944963336 0.0492116425186396 0.113894324749708 0.0865360748022795
-9999 -9999 -9999 -9999 -9999 -9999 0.292898464202881 0.308589673042297 0.98245507478714 0.718242090940475 0.440531444549561 0.337538793683052 0.374647489190102 0.180772759020329 0.166096021980047 0.233395363390446 0.310736727714539 0.317341566085815 0.33941964507103 0.245898708701134 0.166101968288422 0.180834697186947 0.187032628059387 0.178050652146339 0.203980277478695 0.127230434864759 -9999 -9999 0.972720146179199 0.286059574782848 0.129413986206055 0.236272251605988 0.128884271532297 0.152240572869778 0.0823920838534832 0.115496838092804 0.132877121865749 0.114962884783745 0.0616672482341528 0.096447729319334 0.115475269407034 0.101205953210592 0.0561536643654108 0.031606050953269 0.0160309088416398 0.0481513330712914
-9999 -9999 0.0516923073679209 0.278563766181469 0.346738758683205 0.429597219824791 0.402682510018349 0.426597347855568 0.429875043034554 0.40995629131794 0.351740878820419 0.34081446826458 0.458425855636597 0.366400617361069 0.272622659802437 0.28058668076992 0.285303843021393 0.308504545688629 0.26104231774807 0.234985154867172 0.115571110695601 0.207811865210533 0.100708096474409 0.0988244608044624 0.174369885027409 0.137904513627291 0.0743570558726788 0.112025679275393 0.0469103079289198 0.0418405368924141 0.157305750250816 0.0635340299457312 0.0500379275530577 0.0640281729400158 0.152293838560581 0.121028810739517 0.107798323780298 0.18595734089613 0.0341572027653456 0.174728375673294 0.0994884610176086 0.0135965147987008 0.0103401626460254 0.00634820631239563 0.00462580088060349 0.00800656224600971
-9999 0.155116497725248 0.207628682255745 0.132598539441824 0.476826068758965 0.372983139753342 0.433410137891769 0.473967212438583 0.371977773308754 0.26074148863554 0.264059135317802 0.441293954849243 0.228248505294323 0.277633313834667 0.223144267499447 0.279262098670006 0.255000492930412 0.274019953608513 0.258243353664875 0.23731042444706 0.275660721957684 0.112938337028027 0.117823319882154 0.0799699001014233 0.108408637344837 0.0160524615086615 0.0386619111523032 0.258723142743111 0.203898921608925 0.268681605160236 0.202260805666447 0.19862340092659 0.174016606807709 0.0311557568609715 0.183291181921959 0.0301330418325961 0.0214204880408943 0.014072669390589 0.0128588770516217 0.0332678746432066 0.0299503738991916 0.00475144069641829 0.0308240870945156 0.00512245793361217 0.00615364364348352 0.0065317761618644
-9999 0.17137570977211 0.383505472540855 0.220286348462105 0.182106268405914 0.48110269010067 0.408833998441696 0.303688502311707 0.363642805814743 0.0242029024288058 0.365789842605591 0.389307770133018 0.309441533684731 0.30646932721138 0.314015397429466 0.291432908177376 0.261180257797241 0.112854307889938 0.301958701014519 0.252588565647602 0.226775942742825 0.151428200304508 0.0747619532048702 0.0141589412465692 0.00253585948375985 0.00252591295866296 0.0423803312703967 0.116141609847546 0.0320938427001238 0.0811539433896542 0.115911709517241 0.033698265068233 0.090389858186245 0.126554851233959 0.231862431764603 0.0777828481048346 0.0166117997840047 0.0154800922609866 0.0127721826545894 0.0505857072770596 0.00891987322829664 0.0204129762016237 0.0679239775985479 0.105898381769657 0.0511002730578184 0.0103710482828319
-9999 0.148237800598145 0.217664651572704 0.191710315644741 0.318868765234947 0.178380417823791 0.296638503670692 0.395089197158813 0.419974145293236 0.194791884720325 0.488252079486847 0.468588352203369 0.386081477999687 0.308859357237816 0.277308040857315 0.279428923130035 0.252704539895058 0.242141823470592 0.263311444222927 0.214716087281704 0.270893014967442 0.171857994794846 0.0667343821376562 0.00290425876737572 0.00271154153160751 0.0026493847486563 0.022570014744997 0.144271297752857 0.0800642888993025 0.0333200822584331 0.0348763924092054 0.0876297097653151 0.0188290775753558 0.0134966424666345 0.0156509052030742 0.119991678744555 0.0757115472108126 0.0146854866296053 0.0299014093354344 0.242015931010246 0.0866757769137621 0.179306977987289 0.0579434011131525 0.09316585958004 0.105275051295757 0.0634775783866644
-9999 0.227595603466034 0.169139149785042 0.202468255162239 0.110218093171716 0.112152936682105 0.180752351880074 0.37891857624054 0.221249178051949 0.139598867297173 0.121220100671053 0.0902209937572479 0.275502127408981 0.220649085938931 0.253396227955818 0.192832973599434 0.14300037920475 0.243187496066093 0.307811246812344 0.194011996686459 0.190101581811905 0.234582790732384 0.178256675601006 0.0441401824355125 0.00291081111063249 0.00281457489472814 0.0239696660079062 0.0348964460194111 0.0189179512672126 0.017404505237937 0.0957387283444405 0.0342268291860819 0.0328820124268532 0.0906817764043808 0.0298868105746806 0.0857368193566799 0.105897829309106 0.157210606336594 0.14548362866044 0.114057805389166 0.150254489481449 0.116729382425547 0.0740518726408482 0.072853397205472 0.0420545032247901 0.0587206240743399
-9999 -9999 0.106805106624961 0.226130771636963 0.180365044996142 0.306344047188759 0.293325310945511 0.302269496023655 0.163980763405561 0.162596889585257 0.0261731283739209 0.0822533238679171 0.278588879108429 0.428890523314476 0.244701747596264 0.170204240083694 0.375337353348732 0.123070879280567 0.210029925405979 0.277418738603592 0.573404151201248 0.293277812004089 0.138251552730799 0.0960792949423194 0.00396478534676135 0.00467049377039075 0.0188368439674377 0.0151541664265096 0.0644388314336538 0.095804551243782 0.0331473675556481 0.0338562192395329 0.138489033281803 0.0256148345768452 0.0319215301424265 0.0477215129882097 0.0915284182876348 0.114295681566 0.0889054782688618 0.0206844347529113 0.0702781286090612 0.135310000181198 0.10452536419034 0.0713235061615705 0.0563820008188486 0.0843033820390701
-9999 -9999 -9999 -9999 -9999 -9999 -9999 0.329702880978584 0.502015674114227 0.198559215664864 0.171913791447878 0.210279041528702 0.183078274130821 0.170213747024536 0.193226763606071 0.11504682675004 0.139917405694723 0.33205538392067 0.361997726559639 0.30326201915741 0.283314520120621 0.272147753834724 0.202256637811661 0.130416125804186 0.123440125584602 0.0438657972961664 0.00871205462608486 0.0103331171907485 0.018463558703661 0.274263140559196 0.0349438948556781 0.0883676812052727 0.03338741986081 0.0802705321460962 0.167061331868172 0.113127940893173 0.202359738945961 0.120995477586985 0.0439348822459579 0.0577068157494068 0.183341659605503 0.168635635077953 0.14858492910862 0.132422754913569 0.0754549019038677 0.0336146481335163
-9999 -9999 -9999 -9999 -9999 -9999 -9999 0.109360573068261 0.192801973223686 0.119652442634106 0.23119237869978 0.160559557378292 0.241560408473015 0.233247289061546 0.146749776601791 0.212740854918957 0.253571805357933 0.314377889037132 0.268477715551853 0.315044650435448 0.226141163706779 0.262774458527565 0.228946225345135 0.117769458144903 0.0991772696375847 0.0442416537553072 0.00159551335382275 0.00457198431249708 0.0406703552231193 0.164271207153797 0.235342948138714 0.0851940512657166 0.23816669434309 0.113864047080278 0.0315115354955196 0.0134021355770528 0.0821990188211203 0.171564599871635 0.212364068627357 0.144972842931747 0.146237900853157 0.173398593068123 0.152326643466949 0.120129350572824 0.119570222496986 0.115532121062279
