Scripts_&_data/Maxent_result_files_1/Bombus_haematurus_2.asc
NCOLS 594 
NROWS 330 
XLLCORNER -15 
YLLCORNER 23 
CELLSIZE 0.166666666666667 
NODATA_value -9999 
[rows 160 to 179 of 330, columns 90 to 134 of 594]
0.0132004444720224 0.0206961680203676 0.00865244553424418 0.0143759053200483 0.00370350266457535 0.0115207684691995 0.0158148429356515 0.000684807986544911 -9999 -9999 -9999 -9999 -9999 -9999 -9999 -9999 -9999 -9999 0.0134697083616629 0.0296461205463856 0.00209191938047297 0.0113081716699526 0.00561125898966566 0.00767047530971468 0.0145134769147262 0.0129496190289501 0.454702068865299 0.0730631040409207 0.0312643126584589 0.0229532943572849 0.0127647969871759 0.031142360996455 0.0081697357352823 0.0041383616218809 0.0102424310287461 0.00775543373310938 0.0590535487979651 0.0155672525055706 0.032656975928694 0.0427543582394719 0.1956742182374 0.0306998609565198 0.0347208729013801 0.140069794282317 0.0961379267275333
0.016617678059265 0.0267232035286725 0.00585022806772031 0.00532706914236769 0.00395704549737275 0.00378276452538557 0.0116036396240816 -9999 -9999 -9999 -9999 -9999 -9999 -9999 -9999 0.00121976627415279 0.00396391017711721 0.00135213489702437 0.00916779374238104 0.013607486570254 0.0133513213135302 0.0100822180043906 0.0979724511504173 0.00819429701659828 0.0230337762739509 0.0175683714915067 0.027397417742759 0.0108845569659024 0.00779634977225214 0.0203880045097321 0.00933925608405843 0.0414657661691308 0.00834117096383125 0.0228356799809262 0.015217734221369 0.0111405081115663 0.0162114232778549 0.0134116132277995 0.00117575971671613 0.00287657702137949 0.0330220489762723 0.22821120172739 0.118616906180978 0.0597057913430035 0.0968131193891168
0.00390811160905287 0.00264134825556539 0.00795392575673759 0.018734783725813 -9999 -9999 -9999 -9999 -9999 -9999 0.00820366415427998 0.053870365768671 0.0130362083669752 0.0106881792075001 0.00101919483859092 0.000308400033100042 0.0011679575429298 0.00217113178223372 0.00392770435428247 0.00764368616801221 0.00467259994184133 0.00454113564628642 0.00126935029693414 0.000972622314293403 0.00708976137684658 0.00240221599015058 0.0131226031924598 0.00872190460795537 0.0138308478752151 0.00261058455507737 0.00456738507491536 0.0102326971944422 0.0182670556474477 0.0334569298662245 0.0347265924327076 0.0112354047130793 0.0247374278493226 0.00464545068098232 0.00622133506694809 0.00879992372356355 0.153966376930475 0.793649256229401 0.855349862575531 0.0677689745090902 0.0491881930734962
-9999 -9999 -9999 -9999 -9999 -9999 -9999 -9999 -9999 -9999 0.0199630644638091 0.017111703613773 0.0132511686300859 0.0134201131295413 0.00429664169205353 0.00515171268489212 0.000491132638853742 0.00229171759856399 0.0113705361029133 0.00959524518693797 0.00421191767673008 0.00407963058096357 0.000217795326170744 0.000802846631995635 0.000567533542198362 0.0119255769765005 0.0493623875081539 0.00672557919751853 0.00183313537563663 0.000940939039719524 0.00117385332559934 0.00148423609498423 0.00152195385308005 0.00241218279843451 0.00674691355088726 0.000574988012522226 0.00644882979104295 0.010315867967438 0.0404340472072363 0.0114650164730847 0.0380305647850037 0.167364874482155 0.927740120887756 0.20089143961668 0.0280310622882098
-9999 -9999 -9999 -9999 -9999 -9999 -9999 -9999 -9999 -9999 0.000993583558010869 0.00107200751372147 0.000532445330463815 0.000347276528191287 0.00497750880313106 0.0172321532620117 0.00740561062702909 0.00943117211572826 0.0360694224014878 0.00121685115736909 0.0103951055789366 0.00262711878458504 0.00326175825903192 0.00284425555728376 0.0019401019817451 0.00240417493623681 0.000470210903586121 0.00202280024532229 0.000474915237646201 0.000209820645250147 0.002465846267296 0.005612670595292 0.012211995292455 0.0748636785894632 0.00226286644174252 0.00224270499311388 0.0110642744461074 0.00188583932613255 0.0142428292427212 0.00282771757192677 0.00750811258913018 0.0148605415481143 0.0180484920274466 0.382613080739975 0.0646053904667497
-9999 -9999 -9999 -9999 -9999 -9999 -9999 -9999 -9999 0.034198979800567 0.00942975173238665 0.000946681603090838 0.00914364032214507 0.000290890823089285 0.000722291634156136 0.00515036666765809 0.0056457902683178 0.00657243447494693 0.02304784192238 0.00766044489573687 0.0146686273161322 0.0161829552613199 0.00549369982909411 0.0125298250466585 0.00306161403423175 0.00732789528556168 0.0336685385555029 0.00668848918285221 0.00252836658619344 0.00948428539559245 0.0014943503701943 0.00124620312417392 0.00134112485538935 0.00464519525703508 0.029586323373951 0.040605351049453 0.00227835531259188 0.00268515640927944 0.0116139779798687 0.0105471540882718 0.00841513174818829 0.0431055158376694 0.0311426898930222 0.0180519169429317 0.116567078605294
-9999 -9999 -9999 -9999 -9999 -9999 -9999 -9999 -9999 0.00672633147332817 0.0251776920631528 0.0178917951881886 0.00058412958169356 0.000203612465702463 0.00170584341685753 0.000113542248982412 0.00111661975024617 0.000428861461841734 0.00123044962383574 0.00324708593543619 0.000863746064715087 0.000428518397529842 0.00209674986763275 0.00254599680192769 0.0023297068051761 0.000925870304490672 0.00090921080118278 0.000821703633118887 0.00093959449986869 0.00147285014536465 0.00137679832732829 0.00463068917451892 0.00751283118734136 0.020875066309236 0.00929295315872878 0.0051887740904931 0.00316254740318982 0.0110068860347383 0.0195887149078771 0.0170633319183253 0.0338214580900967 0.0706717822700739 0.0134249144932255 0.00577240744896699 0.0224321004003286
-9999 -9999 -9999 -9999 -9999 -9999 -9999 -9999 0.00520520674181171 0.00358826733427122 0.00579500961466692 0.00520479104015976 0.00268936120846774 0.000155847681162413 0.000142670304012427 0.000537975257611834 8.09020015367423e-05 0.000111396674583375 0.000484690183657222 0.000377182589181757 0.000363220417602861 0.000948878670169506 0.000948923796386225 0.000597655669844244 0.00470915987389162 0.00329798907623626 0.00520284716330934 0.0115281189442612 0.0215598956216127 0.0053005409630714 0.00458535645593656 0.019635860726703 0.0191210293443874 0.0021246920368867 0.00260402761341538 0.00379115623654798 0.0116746926272754 0.00487482204043772 0.00803521331981756 0.0181063262396492 0.155915760993958 0.0438637071754783 0.0655613425187767 0.0681942597962916 0.00657759314926807
-9999 -9999 -9999 -9999 -9999 -9999 0.0010137710673007 0.0128265293315053 0.00327109269564971 0.0110997264506295 0.000285210397851188 0.000848121328453999 0.00129667591390898 0.00237428656837437 0.000374775435193442 9.15512851861422e-05 0.000285334906948265 0.000427403268622584 6.76857473990822e-05 0.000429430837903055 0.00017794101859181 0.000865098224312533 0.00140895923541393 0.000604849701630883 0.00086718859965913 0.000888860327358998 0.00216072277544299 0.0165909986477345 0.0286684795166366 0.0207511309301481 0.00669224923185538 0.00486311568820383 0.00144081285980064 0.00269746635312913 0.0320475875400007 0.148757088556886 0.0357043616473675 0.00669247977493796 0.00436697439436102 0.00567335651139729 0.0315927905030549 0.0214183438336477 0.0997777504846454 0.0111238701967523 0.00327211371331941
-9999 -9999 0.0145952050341293 0.00141842155862832 0.00193886050838046 0.000561085584922694 0.000535052546183579 0.015226418338716 0.00450953636900522 0.00842738549690694 0.0020615043467842 0.000215606069468777 0.000523290594719583 0.000101646521397925 9.48032857195358e-05 7.96584664385591e-05 7.49394618651422e-05 0.000298728135385318 0.000321659611836367 0.00165159770549508 0.000980175424047047 6.62590310639644e-05 0.000503504170774249 0.000792968076711986 0.00126493031420978 0.00071471083938377 0.00159712115855655 0.00364277375047095 0.0122618725872599 0.0073222307197284 0.0100934848422185 0.0239589910488576 0.0208859244128689 0.0277866895543411 0.0666328258812428 0.025325513491407 0.0285995974438265 0.00836095462436788 0.00618860426184256 0.0199858846142888 0.130944932997227 0.118952262215316 0.0648560297675431 0.082705325819552 0.0529227352701128
-9999 0.00740268969675526 0.000555302706197835 0.00335305808112025 0.00963958220090717 0.00175274373032153 0.0101510749431327 0.000379507868638029 0.00247490620531607 0.00372366310912184 0.000179649226993206 0.000297465071707848 0.000119601325241092 9.80098873696988e-05 0.000223149617158924 8.0923964651447e-05 0.000255645395009196 0.00188829874095973 0.00235366443521343 0.00375044131651521 0.00390050968708238 0.00260421235871036 0.00172223872359609 0.0010732985305367 0.000260865470409044 6.77389694828889e-05 0.00194517740164883 0.00190715560747776 0.00302221969468519 0.00183678141402197 0.00234239651326789 0.00459365566493943 0.00810047000995837 0.0628650033846498 0.0948049183934927 0.0807893466204405 0.0416332553140819 0.00840727835893631 0.00752595067024231 0.0922937367111445 0.0727448115125298 0.125267096981406 0.0770428910851479 0.0329346619080752 0.0257738077780232
-9999 0.065732587967068 0.00241714562289417 0.0166527597699314 0.0164496901794337 0.0141144335153513 0.931722569465637 0.0069095247425139 0.00513549100724049 0.00321735321776941 0.000914479725179263 0.00187664909753948 0.00458713383413851 0.00476444201776758 0.00360672554816119 0.00151880543271545 0.007390301162377 0.037824865244329 0.00106603637541411 0.000904601832735352 0.00121892072929768 0.000832955635269172 0.00129919230239466 0.00107135476137046 7.46123330827686e-05 6.02851785515668e-05 6.62288511193765e-05 8.47313436679542e-05 0.00204575132811442 0.00186501214921009 0.00353222489648033 0.00542107817600481 0.0142711262684315 0.0198030216619372 0.0150509977247566 0.0465305889956653 0.0981794890016317 0.0190626400522888 0.00648726354120299 0.0135506484191865 0.160748799145222 0.0251585756894201 0.0729853253811598 0.0797948183491826 0.0160347227705643
0.00448327320627868 0.00674866228364408 0.000442855730943847 0.00125215416774154 0.00548706649569795 0.00914218181278557 0.0442669642157853 0.00375558063969947 0.00501478705555201 0.000144220591573685 0.00199331277253805 0.000107016631045553 0.00163696358649759 0.000486603233002825 0.00878737451275811 0.0100456586747896 0.00126202548563015 0.00429598655900918 0.00317462713574059 0.00147152543795528 0.000563844831413007 0.000950199764338322 0.00126475063079852 0.00333930481574498 0.00253631361410953 0.00116529705701396 0.000556569041509647 0.00143701059714658 0.00175397724233335 0.00518117627652828 0.00251950909587322 0.00373935094103217 0.0338435967452824 0.00553223566384986 0.00697969314642251 0.030957499705255 0.798907166719437 0.00894041866995394 0.0123623719904572 0.00878731121774763 0.392046880722046 0.806830167770386 0.51477824151516 0.0617539944127202 0.0170840792357922
0.00787167211528867 0.00369076204951853 0.00195712136046495 0.00407973121036775 0.0128287917934358 0.000323775920696789 0.0230781953781843 0.00874232721980661 0.0155405629891902 0.00425078272819519 0.00391305796802044 0.00320237244013697 0.00827917917631566 0.189057817310095 0.00665569296106696 0.00388078615069389 0.00198509438196197 0.000276349304476753 0.0017672195477644 7.36331721782335e-05 0.00385912667843513 0.0039045873680152 0.00228396715247072 0.00966611194889993 0.00742129271384329 0.00349422699655406 0.00163943813677179 0.000973757961037336 8.4242615957919e-05 0.00412130063923541 0.00277657652040943 0.00345012883772142 0.0170599160250276 0.00478028492070734 0.00661234350409359 0.00728766866959631 0.100253558531404 0.00961436715442687 0.00852847110945731 0.0161144347861409 0.0241395255550742 0.0130585289560258 0.0477771707810462 0.00768303594086319 0.028951262915507
0.00402938605111558 0.00329662478761747 0.00376550146611407 0.000456400776602095 0.00824609664268792 0.0119080160278827 0.0135144737083465 0.00491588833974674 0.00666774729033932 0.000380603327357676 0.00276916203729343 0.00507992068305612 0.739779829978943 0.226059259101748 0.19375226572156 0.0725888142362237 0.00286466539255343 0.00340274343034253 0.00170367812534096 0.00152258323505521 0.000668984788353555 0.00186344598478172 0.00648871740559116 0.00679863661061972 0.00103020527167246 0.00145411585399415 0.0052325148077216 0.000152548532059882 9.59210332439398e-05 0.0038251529331319 0.00493003106676042 0.00463253045454621 0.0208205480594188 0.0214866685681045 0.0153799932450056 0.00967915984801948 0.0426350474357605 0.00094271564448718 0.00107757958903676 0.00555419930024073 0.011240867478773 0.0143287143670022 0.0131518559996039 0.0152966751018539 0.189362314343452
0.0136599679477513 0.00204923618293833 0.00477309561683796 0.00602763245115057 0.00569562203017995 0.00279656230413821 0.000297518855950329 0.000666115491185337 0.0119624581653625 0.000485768148064381 0.00688373858574778 0.0185462028253824 0.0075730110052973 0.107120269350708 0.349760299175978 0.0160798394936137 0.00351937753439415 0.00383841126167681 0.00179825311060995 0.00013569279544754 0.00017709508902044 0.00747422249987721 0.00621687121456489 0.000353684845322277 0.000292432354035554 0.00159958713629749 0.000309024246962508 0.000939366979582701 0.000746160047128797 0.00159488724311814 0.00812531679403037 0.0345747668296099 0.079486882686615 0.0705397091805935 0.0305469273589551 0.023884638864547 0.70969443321228 0.0481712667271495 0.00907085004728287 0.0132665681187063 0.0129636606201529 0.0150597240892239 0.0253572677262127 0.0314865092979744 0.0533898781985045
0.0108795311825816 0.000292859633918852 0.000255211924377363 0.00677186218090355 0.00607993057928979 0.00452489921590313 0.00308031992171891 0.000456787049188279 9.20952867090818e-05 0.000600251179275801 0.00238627356302459 0.00849229281302541 0.00214497904235031 0.00414520896738395 0.00811222680495121 0.00399742774025071 0.00340535821160302 0.00428669513203204 0.00204094559012447 0.00299311954586301 0.00574897842598148 0.0166897884104401 0.0154775570612401 0.000544219375296962 0.000343705448904075 0.000228323047485901 0.00055354711075779 0.00168093121756101 0.00205342099943664 0.0372644226066768 0.00723060639575124 0.0144691166467965 0.0114484105492011 0.0285972277633846 0.0131800500676036 0.0103238862706348 0.0760786481201649 0.0165856020059437 0.0122244871687144 0.0194946812931448 0.018268221244216 0.0107913391606417 0.100119324401021 0.0486003821715713 0.293573536723852
0.00185748677758966 0.013232996314764 0.00409515638602898 0.00446190526708961 0.00276823278109077 0.00193046007771045 0.00236392390797846 7.57165577851993e-05 0.000935472369019408 0.000718378613964887 0.000150745079372427 0.00014098881965765 0.000203020307526458 0.000892920645856066 0.0015019783138996 0.0063662671513157 0.0462845345027745 0.0100394617416896 0.00362125532701612 0.00293860261153895 0.00211540309246629 0.00151890973793343 0.000562539072416257 0.00133539700182155 0.000242705531127285 0.000197090181245585 0.00257330850581639 0.00461670730728656 0.00264655319042504 0.00634851059876382 0.0211635592393577 0.0276503743603826 0.02280317787081 0.0106326383538544 0.0103231225628406 0.00434369752183557 0.000372839550982462 0.0116526267956942 0.00998080823337659 0.011827809526585 0.0245269361650571 0.131269335001707 0.0604235221631825 0.0626851033419371 0.101274644397199
0.000450779318634886 0.000306568788073491 0.00134260490303859 0.0015030013571959 0.000132761851818941 0.000144311749500048 0.000226087397459196 9.02538558875676e-05 9.31928957470518e-05 0.000123310238450358 0.000179318082882673 0.000190740638572606 0.000156047763812239 0.00012843145395891 0.000822693179361522 0.00191176767548313 0.00702891742112115 0.000828688303590752 0.00168862107821042 0.00141363159928005 0.0048133592994418 0.00560804230626673 0.00452094693901017 0.00644358907593414 0.00192353210150031 0.0051695360452868 0.00299257230071817 0.00527840028516948 0.00825337423011661 0.019218379817903 0.0745553098618984 0.0266056653112173 0.00911933938041329 0.00839100484736264 0.00594882767181844 0.00770365239586681 0.00551009438931942 0.00764277861453593 0.0295376200694591 0.0119252341566607 0.040474454080686 0.0346895914524794 0.0367151284590364 0.113448839262128 0.161612419039011
0.00536051353556104 0.00652237086324021 0.00699180928058922 0.000235425679420587 0.0050489924615249 0.00256950717594009 0.000138656143826665 0.000168502610176802 0.000543724818999181 0.000121868787391577 0.000241658016238944 0.0121238713618368 0.0109479377744719 0.00674560063052923 0.000136305123305647 0.000461561681731837 0.0181797291152179 0.00245369200711139 0.00415306342765689 0.00351386555703357 0.0052161927043926 0.00549976488109678 0.00507609019987285 0.00500045635271817 0.00324357668287121 0.00423723970307037 0.00331647387938574 0.00383933619596064 0.00520789786241949 0.0433404756709933 0.237872341275215 0.020852965535596 0.00669738182332367 0.00425948661286384 0.00194479571073316 0.00540791439125314 0.00458023522805888 0.00690591880702414 0.0157918540295213 0.0704310419037938 0.058638662379235 0.0180507403798401 0.0174826960428618 0.116417615115643 0.205822502821684
