Scripts_&_data/Maxent_result_files_1/Bombus_armeniacus_3.asc
NCOLS 594 
NROWS 330 
XLLCORNER -15 
YLLCORNER 23 
CELLSIZE 0.166666666666667 
NODATA_value -9999 
[rows 168 to 188 of 330, columns 276 to 321 of 594]
0.532432624697685 0.971691453456879 0.966894739866257 0.484461165964603 0.250607624650002 0.255172714591026 0.298564256727695 0.263936984539032 0.312084001302719 0.283296737074852 0.293958972394466 0.306673745810986 0.322737593948841 0.332296438515186 0.337454517185688 0.421216416358948 0.405021980404854 0.68926916718483 0.363715954124928 0.38375683426857 0.387964797019959 0.705534756183624 0.22163633108139 0.209979330003262 0.208616381883621 0.570959401130676 0.405263087153435 0.403966394066811 0.554542195796967 0.880593830347061 0.854056829214096 0.623803389072418 0.631116530299187 0.348242093622684 0.941289794445038 0.965010440349579 0.344192606210709 0.312703502178192 0.366499422490597 0.239867404103279 0.456931829452515 0.233746543526649 0.375948724150658 0.378971871733665 0.381880086660385 0.380945113301277
0.206551111489534 0.120782086253166 0.765462525188923 0.837116313166916 0.201492486894131 0.251560202240944 0.296306040883064 0.261844097077847 0.274508528411388 0.290402373671532 0.277134276926517 0.265495099127293 0.315176710486412 0.341337728500366 0.319177949428558 0.343538418412209 0.281836798787117 0.278963924944401 0.392142382264137 0.402165848016739 0.39783498942852 0.442189821600914 0.232420274615288 0.388522297143936 0.372766479849815 0.767069053649902 0.410647332668304 0.395803681015968 0.338063907623291 0.313045915961266 0.378324434161186 0.680132204294205 0.944997173547745 0.950724762678146 0.374940979480743 0.263069100677967 0.397225573658943 0.373542392253876 0.369888107478619 0.475394892692566 0.44028951972723 0.36431689709425 0.357090221345425 0.365209664404392 0.367737953364849 0.380455449223518
0.226112607121468 0.404445117712021 0.714276728034019 0.120767282694578 0.176873212680221 0.520095518235981 0.324194390233606 0.467585463821888 0.242972041666508 0.328172093629837 0.237642939761281 0.291558559238911 0.334961065649986 0.330035066604614 0.31859588176012 0.322803767025471 0.206912180781364 0.280303148925304 0.401743996143341 0.377905628085136 0.496048909425735 0.639355574315414 0.327503535151482 0.367680582404137 0.380678218603134 0.398761561512947 0.407793861627579 0.411757189035416 0.41029127240181 0.34075003862381 0.365698850154877 0.526286247372627 0.983766895532608 0.930000478029251 0.251047928631306 0.400855243206024 0.430967950820923 0.353930586576462 0.344455659389496 0.36402443498373 0.439852252602577 0.35833085924387 0.346435734629631 0.348478004336357 0.360964140295982 0.377303606271744
0.235291329026222 0.392690631747246 0.214159272611141 0.268984597921371 0.428649229556322 0.552577239274979 0.988548272848129 0.183302902523428 0.864814919233322 0.909232026338577 0.717557919025421 0.350109720975161 0.261806873977184 0.295058096945286 0.314235311746597 0.309990011155605 0.290011477470398 0.349539464712143 0.373983237147331 0.348597776889801 0.162237509712577 0.481722211837769 0.346855112910271 0.362263837456703 0.43291717171669 0.403800714015961 0.459646767377853 0.344391752779484 0.382128858566284 0.405606812238693 0.402657651901245 0.461735466122627 0.384820970892906 0.222057582437992 0.401840525865555 0.530569544434547 0.430530726909637 0.333366507291794 0.322552521526814 0.615958365797997 0.24810155655141 0.356902535259724 0.439391721785069 0.396687525510788 0.361372339725494 0.364132818579674
0.310427863895893 0.472993725538254 0.377021610736847 0.37539547085762 0.238259464502335 0.420121850073338 0.348629093915224 0.975355380773544 0.842683202028275 0.873196697235107 0.928258496522903 0.884968000650406 0.866464799642563 0.550191187858582 0.412062054872513 0.310234110057354 0.412707170844078 0.381648126244545 0.353429800271988 0.277864669263363 0.187041260302067 0.327576072514057 0.299008369445801 0.310569530725479 0.316729630529881 0.371104750037193 0.209775580465794 0.403192749619484 0.404254487156868 0.405642154812813 0.404011988639832 0.403705376386642 0.397122311592102 0.395875403285027 0.390124946832657 0.889151317771757 0.505689282715321 0.462389367818832 0.542463079094887 0.519747135043144 0.339425590634346 0.348633332550526 0.347663325071335 0.221081578731537 0.354897686839104 0.363174092769623
0.208786255121231 0.314143803715706 0.306370347738266 0.300656126439571 0.352061700820923 0.249145068228245 0.299517767131329 0.493292674422264 0.400621634721756 0.868910160660744 0.357949237522553 0.997109788656235 0.944712620973587 0.450483632832766 0.458758082985878 0.118522888505872 0.0661343060433865 0.371524697542191 0.359074160456657 0.289553320407867 0.3263282507658 0.299034309387207 0.309867568314075 0.342185327410698 0.293491673469543 0.385944697260857 0.398308607935905 0.39964751303196 0.402576175332069 0.455731615424156 0.510423856973648 0.440182226896286 0.467980954051018 0.364922174811363 0.350241515040398 0.24151389747858 0.523979192972183 0.23848023340106 0.977109611034393 0.588815522193909 0.499078595638275 0.186925911530852 0.498678573966026 0.897479218244553 0.7003153860569 0.868068981170654
0.24298262745142 0.236009474098682 0.358357146382332 0.389015524089336 0.455552878975868 0.251393622159958 0.393566626310348 0.301986114680767 0.226793962717056 0.349003767967224 0.328466957807541 0.311055429279804 0.258007244765759 0.222743701934814 0.348460583388805 0.15057311351411 0.0992582205049985 0.441471895575523 0.426808439195156 0.180695991989342 0.273378899693489 0.189494214951992 0.317265278100967 0.331962615251541 0.361324492096901 0.392685824632645 0.395255693793297 0.391726642847061 0.394337201118469 0.355933132767677 0.738636368513107 0.500414097309113 0.43627682030201 0.427269166707993 0.354778164625168 0.342498649656773 0.388927266001701 0.288372680544853 0.679866173863411 0.985691553354263 0.974622678756714 0.844915854930878 0.946267515420914 0.908067053556442 0.841906803846359 0.448383939266205
0.28438241481781 0.246388217806816 0.247005020081997 0.248300415277481 0.322877143323421 0.251396259665489 0.349430739879608 0.490094318985939 0.340416140854359 0.40761424601078 0.312664411962032 0.269930973649025 0.392436191439629 0.293293415009975 0.276826326549053 0.314450395107269 0.328806355595589 0.55154230594635 0.581210753321648 0.515225273370743 0.437389028072357 0.189645391702652 0.312786585092545 0.321923594176769 0.343814122676849 0.397311013936996 0.745018360391259 0.811448484659195 0.373689734935761 0.343989399075508 0.395493239164352 0.394823974370956 0.388065820932388 0.377819222211838 0.341323465108871 0.36333384513855 0.357854399085045 0.348966526985168 0.332839964330196 0.638581663370132 0.33431830406189 0.334871180355549 0.319023099541664 0.335449866950512 0.403580446541309 0.521022489666939
0.247029723227024 0.242954623699188 0.245105181634426 0.246054753661156 0.309422957897186 0.252214694023132 0.244402302801609 0.532275465130806 0.255510321259499 0.255069118738174 0.260633440315723 0.269093452394009 0.333635812997818 0.270672015845776 0.300499761104584 0.313997833430767 0.323485028743744 0.377798867225647 0.384526665508747 0.32446641176939 0.456159669160843 0.738871604204178 0.338554169982672 0.501075413823128 0.664614489674568 0.509455258514208 0.328934147953987 0.564649549126625 0.340670511126518 0.567908069491386 0.225690054893494 0.376191687583923 0.384779000282288 0.374925854802132 0.385988914966583 0.383923646807671 0.377272480726242 0.372671493887901 0.386718258261681 0.506621584296227 0.680114710330963 0.499579550325871 0.430076211690903 0.326741494238377 0.447079412639141 0.678180435299873
0.220758630335331 0.220736616849899 0.224465714395046 0.232929748296738 0.248264598846436 0.252925507724285 0.234416848421097 0.291262172162533 0.221218268573284 0.240640425682068 0.259548710286617 0.263831388950348 0.26597692668438 0.267337574064732 0.329561686515808 0.377678734064102 0.363841891288757 0.296376721560955 0.783958256244659 0.417191991209984 0.338984078168869 0.403334733843803 0.429343658685684 0.468006274104118 0.873436611890793 0.523325634002686 0.322134537994862 0.361664652824402 0.313820388913155 0.198499985039234 0.225953887403011 0.363772854208946 0.389098799228668 0.478253448009491 0.37910823225975 0.379593652486801 0.41010308265686 0.437040311098099 0.36934041082859 0.355957993865013 0.448149517178535 0.657405781745911 0.635044932365417 0.544042026996613 0.445381423830986 0.3777115046978
0.215238639712334 0.205055984854698 0.203287680447102 0.220096236467361 0.231713308393955 0.242201718688011 0.222479498386383 0.2161456823349 0.215444800257683 0.235137748718262 0.253616815805435 0.259791694581509 0.252851708233356 0.420950821042061 0.285382854938507 0.163640905916691 0.23637478351593 0.184597676992416 0.321783937513828 0.339060610532761 0.344331556558609 0.302861659228802 0.277908571064472 0.281470416486263 0.568641221523285 0.426013667881489 0.324561852216721 0.371533378958702 0.312145254015923 0.31677048355341 0.341183498501778 0.355174174904823 0.365712484717369 0.379007813334465 0.378375506401062 0.366386875510216 0.447934883832932 0.578808206319809 0.427742230892181 0.385196235775948 0.474417549371719 0.420209097862244 0.784894323348999 0.410845753550529 0.345712637901306 0.352195826172829
0.216336959600449 0.204929773509502 0.211389641463757 0.221061071753502 0.224921114742756 0.226446458697319 0.211210504174232 0.213625074923038 0.212247049808502 0.225226354598999 0.283810377120972 0.233455608785152 0.227039037644863 0.0730048543773592 0.526035216450691 0.643387141823769 0.251820552349091 0.278181353211403 0.290764024853706 0.302648614346981 0.323242756724358 0.294819335639477 0.282027274370193 0.285248599946499 0.388618788123131 0.356331263482571 0.311829878389835 0.307717032730579 0.312357027828693 0.304629427194595 0.311969421803951 0.344566005468369 0.358942517638207 0.321152117848396 0.342859253287315 0.351868465542793 0.354961547255516 0.676487952470779 0.281941904127598 0.372978472709656 0.889617508649826 0.594691602885723 0.896180617809296 0.402524384856224 0.514166328310967 0.879087656736374
0.234430265426636 0.154967446625233 0.203004494309425 0.195402440428734 0.210759003460407 0.205638171732426 0.203944778442383 0.198280909657478 0.198016475141048 0.205933219194412 0.219309836626053 0.22049106657505 0.147755252756178 0.481568872906485 0.250196148827672 0.165554062835872 0.226379087567329 0.242021225392818 0.261476173996925 0.269274795055389 0.285100677609444 0.295436483621597 0.284047794342041 0.33473866134882 0.901825475692749 0.798797965049744 0.353213453292847 0.288003501296043 0.282649654150009 0.289894866943359 0.310235612094402 0.19182795137167 0.307796202600002 0.185243001580238 0.328972062468529 0.331169965863228 0.341060867905617 0.667706197500229 0.36147488951683 0.828391361236572 0.729722237586975 0.654249578714371 0.389344754815102 0.384047320485115 0.309938783943653 0.315334428846836
0.213109298050404 0.237386514261324 0.181925471127033 0.179919278621674 0.185885815322399 0.183853715658188 0.185447655618191 0.18145300000906 0.183567038178444 0.196155670285225 0.195502863824368 0.198671577870846 0.236209939420223 0.045656798966229 0.0440177541226149 0.0811873170896433 0.212787666916847 0.187328560650349 0.591013863682747 0.60682752430439 0.254324144124985 0.2496437728405 0.259448024630547 0.281888669729233 0.630565306544304 0.43533247304149 0.276049549877644 0.273028108477592 0.270634733140469 0.290319226682186 0.295131914317608 0.286446325480938 0.303553126752377 0.311085347831249 0.317539685964584 0.319399628043175 0.402769514918327 0.323722824454308 0.547062441706657 0.728173041343689 0.653356528282166 0.618496954441071 0.529727095365524 0.326260741055012 0.391584870219231 0.334617629647255
0.17867845594883 0.140456519275904 0.190558734536171 0.218934100866318 0.101170357316732 0.172502408921719 0.17111748456955 0.173923371732235 0.166919629275799 0.175675889849663 0.188172718882561 0.195703507959843 0.12267193980515 0.12512763235718 0.200242586433887 0.128548429347575 0.245478335022926 0.435690325498581 0.907757782936096 0.64789308309555 0.87042361497879 0.992027294635773 0.877895677089691 0.802386897802353 0.561401158571243 0.674126589298248 0.53300952911377 0.272561997175217 0.311938674747944 0.278362812101841 0.285782335698605 0.339301437139511 0.295412147045136 0.299516120553017 0.310984402894974 0.311959020793438 0.308678179979324 0.311187498271465 0.688229662179947 0.341730666160584 0.323980431258678 0.317025098204613 0.660265344381332 0.306268940865993 0.300125536322594 0.288350699841976
0.173768149316311 0.161575573682785 0.158677738904953 0.152651381492615 0.0953698076307774 0.155932097136974 0.157836674153805 0.15857597142458 0.187795223295689 0.167913684248924 0.182990553975105 0.194262364506721 0.20476785749197 0.118184910714626 0.193759298324585 0.205098554491997 0.216577306389809 0.454340291023254 0.524017030000687 0.730970588326454 0.268636827915907 0.510203635692596 0.442373566329479 0.844829529523849 0.83778640627861 0.77317082285881 0.258031782507896 0.263915993273258 0.27271952778101 0.282841908931732 0.28983673453331 0.348317259550095 0.285098145902157 0.247183176875114 0.304737477004528 0.310106979310513 0.306631951034069 0.305924923717976 0.309625767171383 0.310148911178112 0.308122304081917 0.225421506166458 0.297423906624317 0.286153680086136 0.284250386059284 0.27318567186594
0.177182400226593 0.177098362147808 0.170727771520615 0.168169003725052 0.0434013136697104 0.0923314549028873 0.149288140982389 0.154129498451948 0.166509127616882 0.177260738611221 0.186565461754799 0.195466619729996 0.195766367018223 0.204738879203796 0.208074912428856 0.214795032143593 0.350905922055244 0.514533254504204 0.488558086752892 0.203164131939411 0.212642493844032 0.213089786469936 0.218291991949081 0.227522790431976 0.242987218499184 0.253463043272495 0.256018131971359 0.257336263358593 0.317188364267349 0.261482654511929 0.278072482347488 0.291679880023003 0.292901307344437 0.287470234930515 0.301042932271957 0.302321037650108 0.301597118377686 0.515697255730629 0.1602185331285 0.240972717106342 0.241816747188568 0.257490603625774 0.277972234785557 0.273000532388687 0.516646093130112 0.489832931756973
0.264485003054142 0.165443842113018 0.166717833280563 0.166952262073755 0.0954640068113804 0.540502914786339 0.144480866193771 0.16342044621706 0.177728319168091 0.189291766285896 0.202544331550598 0.206252045929432 0.208925820887089 0.21108024418354 0.21173485070467 0.244830712865713 0.525741878151894 0.35336437523365 0.20518973916769 0.200750803202391 0.201446048915386 0.209104868769646 0.214946740865707 0.219666896760464 0.229385121166706 0.243017607927322 0.245688019692898 0.241799347102642 0.246479931473732 0.251845529675484 0.269767746329308 0.294736532866955 0.282140956819057 0.278725787997246 0.281541618704796 0.271755182743073 0.283860301971436 0.285238268971443 0.546497386693954 -9999 -9999 -9999 -9999 -9999 -9999 -9999
0.278844426572323 0.33347337692976 0.157904165238142 0.152631464600563 0.160988479852676 0.347241509206464 0.386368850246072 0.172438967227936 0.18483959287405 0.193771968781948 0.196966958791018 0.198120204359293 0.192491997033358 0.191641661524773 0.523806455731392 0.439597219228745 0.220613760873675 0.17965197339654 0.191121429949999 0.20184328854084 0.197063091397285 0.20357319638133 0.209712848067284 0.202517822384834 0.204576725512743 0.238461385667324 0.341778601706028 0.222664898633957 0.221396774053574 0.225713926553726 0.234163275361061 0.239104622602463 0.239073884487152 0.232941630482674 0.235065919160843 0.494361853599548 0.406282442808151 -9999 -9999 -9999 -9999 -9999 -9999 -9999 -9999 -9999
0.519043853878975 0.326202602684498 0.306601099669933 0.178864589333534 0.375904649496078 0.219772262634069 0.32785592675209 0.171343123912811 0.174086928367615 0.247457797825336 0.234185715019703 0.406818175326704 0.12017512395978 0.328249768912792 0.466521891951561 0.288828735053539 0.148127853125334 0.162550318241119 0.16892359033227 0.183568905293941 0.190671849995852 0.188137223571539 0.175766305625439 0.17190927490592 0.172462210804224 0.430815362930298 0.535260614752769 0.199931211769581 0.195848763734102 0.377182972431183 0.471605569124222 0.323140288889408 0.156988768465817 -9999 -9999 -9999 -9999 -9999 -9999 -9999 -9999 -9999 -9999 -9999 -9999 0.217581172287464
-9999 -9999 -9999 -9999 -9999 -9999 -9999 0.119210379011565 0.617450621724129 0.44818654358387 0.156836041624308 0.216992309010362 0.080020759627223 0.0728754827752709 0.124891666695476 0.126703992858529 0.132602943480015 0.141542998328805 0.148694836720824 0.158584807813168 0.150505086779594 0.152405408397317 0.144003754109144 0.138926171511412 0.142348824813962 0.354204881191254 0.54612679630518 0.378273515403271 -9999 -9999 -9999 -9999 -9999 -9999 -9999 -9999 -9999 -9999 -9999 -9999 -9999 0.364820174872875 0.236886617541313 0.211851662397385 0.161859332025051 0.0962395668029785
