Scripts_&_data/Maxent_result_files_1/Bombus_bohemicus_2.asc
NCOLS 594 
NROWS 330 
XLLCORNER -15 
YLLCORNER 23 
CELLSIZE 0.166666666666667 
NODATA_value -9999 
[rows 100 to 119 of 330, columns 230 to 275 of 594]
0.672151428461075 0.518553206324577 0.267669361829758 0.492089784145355 0.433944502472878 0.31476062387228 0.224875105917454 0.360716032981873 0.581814980506897 0.508616590499878 0.646118623018265 0.655134785175324 0.259069591760635 0.171674604713917 0.452524280548096 0.447596269845963 0.513999092578888 0.429985368251801 0.542949655652046 0.48606653213501 0.42893306016922 0.617134672403336 0.387710782885551 0.38347219824791 0.475052067637444 0.360642901062965 0.405117356777191 0.339275231957436 0.202260495722294 0.154499141126871 0.0631810978055 0.213636821508408 0.364370676875114 0.501399901509285 0.292783629894257 0.448552832007408 0.316965112090111 0.322745034098625 0.269411386549473 0.421808823943138 0.410776087641716 0.351535382866859 0.168260350823402 0.167047863453627 0.17948295623064 0.175471925735474
0.467159497737885 0.452138313651085 0.43458606004715 0.709513741731644 0.610295021533966 0.36705376803875 0.596589195728302 0.750171566009522 0.660355472564697 0.594223755598068 0.556931391358376 0.526812252402306 0.331597679853439 0.257463492453098 0.355874195694923 0.568617302179337 0.613825392723083 0.526725560426712 0.436965829133987 0.543609917163849 0.543918341398239 0.628951460123062 0.533224719762802 0.595674067735672 0.576950705051422 0.31979298889637 0.420944872498512 0.397919303178787 0.596105855703354 0.84627822637558 0.603459221124649 0.285675218701363 0.3134780138731 0.725252467393875 0.509465673565865 0.447960576415062 0.506968879699707 0.440725010633469 0.257853974401951 0.402961423993111 0.355737936496735 0.284554779529572 0.169764477014542 0.177941963076591 0.172065743803978 0.16608302667737
0.413705185055733 0.548924875259399 0.825469309091568 0.827451801300049 0.828175961971283 0.736063069105148 0.84709370136261 0.880982255935669 0.557969349622726 0.629823648929596 0.485895138978958 0.448003873229027 0.496769720315933 0.860373818874359 0.712723106145859 0.543209588527679 0.54684140086174 0.602312660217285 0.643576872348785 0.638921505212784 0.853601777553558 0.490037953853607 0.630457723140717 0.636011934280395 0.575600636005402 0.606363153457642 0.511510157585144 0.583826941251755 0.535519263148308 0.515618169307709 0.486688902974129 0.548734194040298 0.598657840490341 0.386371538043022 0.49962882399559 0.519088181853294 0.463581213355064 0.205529297888279 0.266656211018562 0.355266678333282 0.40966699719429 0.548567998409271 0.464704325795174 0.181740370392799 0.141080548614264 0.137287721782923
0.486692577600479 0.508236458897591 0.413489744067192 0.819167590141296 0.773432952165604 0.597822242975235 0.681008476018906 0.688972228765488 0.745357811450958 0.76246589422226 0.672159940004349 0.662459707260132 0.655905210971832 0.700775921344757 0.85492330789566 0.643920522928238 0.652990370988846 0.671485328674316 0.629567235708237 0.513462600111961 0.361187964677811 0.632022678852081 0.663432276248932 0.585668706893921 0.700601649284363 0.666149199008942 0.651957011222839 0.628357607126236 0.623605751991272 0.429152196645737 0.592921245098114 0.462634193897247 0.514297178387642 0.514144092798233 0.502872928977013 0.411816501617432 0.441938012838364 0.38257842361927 0.315677088499069 0.38984300494194 0.270890639722347 0.422503647208214 0.518812218308449 0.253855818510056 0.119300004094839 0.121035815030336
0.411568388342857 0.591295903921127 0.754272657632828 0.873944419622421 0.900395327806473 0.712969475984573 0.768471479415894 0.773474264144898 0.86917769908905 0.799042493104935 0.729459464550018 0.737421160936356 0.737386000156403 0.77679802775383 0.673503392934799 0.528343161940575 0.477951097488403 0.768662410974503 0.698701167106628 0.439844965934753 0.443401423096657 0.888996475934982 0.55694582760334 0.339182880520821 0.668353623151779 0.623122292757034 0.462985822558403 0.496092638373375 0.549780651926994 0.620669710636139 -9999 -9999 0.399619618058205 0.331608980894089 0.285451522469521 0.479445639252663 0.439076068997383 0.371139192581177 0.526495778560638 0.505778387188911 0.486519828438759 0.545470762252808 0.497719189524651 0.429689317941666 0.219425186514854 0.101583803445101
0.798963510990143 0.610963690280914 0.899887222051621 0.841459828615189 0.686349481344223 0.671006274223328 0.585096889734268 0.84276095032692 0.82245717048645 0.950194519758224 0.619865483045578 0.725248777866364 0.752724546194077 0.788721108436584 0.62876198887825 0.51505254805088 0.530346378684044 0.779893529415131 0.50037214756012 -9999 -9999 -9999 -9999 -9999 -9999 -9999 -9999 -9999 -9999 -9999 -9999 0.272138401865959 0.48966044485569 0.583798152208328 0.595908045768738 0.571374928951263 0.587767452001572 0.461032500863075 0.506073087453842 0.422604528069496 0.601011961698532 0.57500147819519 0.450158792734146 0.0757665079087019 0.212814137339592 0.198300123214722
0.743391853570938 0.895411318540573 0.81206071972847 0.83772115111351 0.80241357088089 0.763352429866791 0.901418042182922 0.949682295322418 0.639460876584053 0.962589210271835 0.730316632986069 0.878064614534378 0.634030741453171 -9999 -9999 -9999 -9999 -9999 -9999 -9999 -9999 -9999 -9999 -9999 -9999 -9999 -9999 -9999 -9999 -9999 -9999 -9999 -9999 -9999 0.359677803516388 0.453971812129021 0.424954530596733 0.435270285606384 0.384511840343475 0.577593541145325 0.474952912330627 0.46102794110775 0.317581114172935 0.332477712631226 0.0979736320674419 0.132055166363716
0.835121846199036 0.880568486452103 0.878146749734878 0.918906211853027 0.784698629379272 0.822780209779739 0.950028496980667 0.907538115978241 -9999 -9999 -9999 -9999 -9999 -9999 -9999 -9999 -9999 -9999 -9999 -9999 -9999 -9999 -9999 -9999 -9999 -9999 -9999 -9999 -9999 -9999 -9999 -9999 -9999 -9999 -9999 -9999 -9999 -9999 -9999 -9999 0.317996144294739 0.541834571957588 0.420639637112617 0.513113921880722 0.449619981646538 0.254044383764267
0.756777918338776 -9999 -9999 -9999 -9999 -9999 -9999 -9999 -9999 -9999 -9999 -9999 -9999 -9999 -9999 -9999 -9999 -9999 -9999 -9999 -9999 -9999 -9999 -9999 -9999 -9999 -9999 -9999 -9999 -9999 -9999 -9999 -9999 -9999 0.914121252298355 0.263292649388313 0.375200101733208 0.522954180836678 0.257683628797531 -9999 -9999 0.989304375648498 0.8686678647995 0.561445167660713 0.266752636432648 0.472995114326477
-9999 -9999 -9999 -9999 -9999 -9999 -9999 -9999 -9999 -9999 -9999 -9999 -9999 -9999 -9999 -9999 -9999 -9999 -9999 -9999 -9999 -9999 -9999 -9999 -9999 -9999 -9999 -9999 0.606515341997147 -9999 -9999 0.423885467648506 0.618746256828308 0.440331703424454 0.337961664795876 0.341120648384094 0.323027524352074 0.140136912465096 0.159375967085361 0.165219895541668 0.566872894763947 0.515261822938919 0.53536534011364 0.519207957386971 0.450140151381493 0.0549667812883854
-9999 -9999 -9999 -9999 -9999 -9999 -9999 -9999 -9999 -9999 -9999 -9999 -9999 0.707281720638275 0.807373738288879 0.765051883459091 0.676333212852478 -9999 -9999 -9999 -9999 -9999 -9999 -9999 -9999 -9999 -9999 -9999 0.478271871805191 0.195674924552441 0.230822515487671 0.152624434232712 0.208798423409462 0.237365953624249 0.261450052261353 0.205472567677498 0.188289031386375 0.206562156975269 0.162937113642693 0.169764879345894 0.477106124162674 0.245298883318901 0.14416301548481 0.0928808130323887 0.180038976669312 0.26508297175169
-9999 -9999 -9999 -9999 -9999 -9999 0.462301966547966 0.896233510971069 0.999997669458389 0.954580724239349 0.750228494405746 0.542329293489456 0.761725890636444 0.40630512535572 0.35456739962101 0.347672206163406 0.252065715193748 0.198574417829514 0.40635883808136 0.172404943406582 0.186237935721874 0.447049421072006 0.578954070806503 0.638254141807556 0.664717620611191 0.39136960208416 -9999 -9999 0.459848091006279 0.665005326271057 0.322021153569222 0.428887686133385 0.257023003697395 0.195886029303074 0.0979717940092087 0.166220469772816 0.171564650535584 0.158176542818546 0.105086975544691 0.16096103489399 0.194432696700096 0.268808971345425 0.271726919710636 0.166363131999969 0.0490503538399935 0.0665042467415333
-9999 -9999 0.681288754940033 0.43652275800705 0.529589965939522 0.521527513861656 0.404059010744095 0.448651412129402 0.4659797757864 0.444993358850479 0.402921560406685 0.405829975008965 0.43779521882534 0.291331818699837 0.269862599670887 0.29723165333271 0.230759507417679 0.19431322067976 0.194695928692818 0.17622038424015 0.103737340122461 0.103433874249458 0.115557835996151 0.0743049271404743 0.308742392063141 0.298484325408936 0.39739443063736 0.442579060792923 0.452757099270821 0.389928621053696 0.424441289901733 0.201304490864277 0.15747672021389 0.10666036978364 0.208069187402725 0.18510986417532 0.118014411628246 0.177632731199265 0.0605089232325554 0.208061674237251 0.164934386312962 0.0462304688990116 0.0515888273715973 0.0614830832928419 0.0761495016515255 0.0647358652204275
-9999 0.262253813445568 0.252807050943375 0.235117568075657 0.581612008810043 0.558455801010132 0.305612480640411 0.60180059671402 0.451822760701179 0.444779658317566 0.514368569850922 0.421547472476959 0.32560233771801 0.307219353318214 0.207492293417454 0.245240093767643 0.21934035718441 0.203922069072723 0.201077152788639 0.184227855503559 0.13627218529582 0.0602087646722794 0.0605311837047338 0.0859095126390457 0.259779642522335 0.13744260519743 0.123769477754831 0.186275778710842 0.557990437746048 0.428294238448143 0.169986692070961 0.242884700000286 0.316130873560905 0.0853861734271049 0.242930729687214 0.0789719793945551 0.0675902102142572 0.079725106805563 0.0615229979157448 0.0966149359941482 0.0814261451363563 0.0726329497992992 0.0745727844536304 0.0708638988435268 0.0471406374126673 0.0879625357687473
-9999 0.166586357355118 0.366740986704826 0.231996922194958 0.322891464829445 0.421167066693306 0.558943778276443 0.515893146395683 0.402338483929634 0.124268502369523 0.387575554847717 0.360822480916977 0.371357142925262 0.634355837106705 0.250627432763577 0.244487771391869 0.229080514609814 0.186960147321224 0.238595049083233 0.204864816367626 0.192728286981583 0.276214401423931 0.207437136769295 0.0739195939153433 0.0649276200681925 0.0661878485232592 0.0873415261507034 0.142948870360851 0.0736101247370243 0.11347256526351 0.118442842364311 0.0873475551605225 0.322347551584244 0.167287844419479 0.31507283449173 0.0883330874145031 0.104566927999258 0.0986692376434803 0.0540188260376453 0.0981803260743618 0.0910954833030701 0.107085853070021 0.0634664986282587 0.1369539514184 0.06342553794384 0.102406246960163
-9999 0.094225237518549 0.31972314119339 0.315370264649391 0.430196890234947 0.255417795479298 0.419567978382111 0.40018190741539 0.516058951616287 0.250279162824154 0.387133866548538 0.352996096014977 0.495846942067146 0.270426899194717 0.266336461901665 0.254068927466869 0.241242645680904 0.231652721762657 0.212167617678642 0.244453936815262 0.17724824398756 0.23451367020607 0.159668946266174 0.0730357781052589 0.0696501903235912 0.0690220650285482 0.0717222642153501 0.152271939814091 0.0839236751198769 0.0733496405184269 0.080723886936903 0.109820348024368 0.0729926265776157 0.0914792381227016 0.269922077655792 0.355451413989067 0.0875659793615341 0.0731331132352352 0.276674145460129 0.531868812441826 0.142073859274387 0.167263954877853 0.13677578791976 0.136178934574127 0.191162538528442 0.0737492885440588
-9999 0.456380346417427 0.226910583674908 0.252236886322498 0.244738195836544 0.293378873169422 0.287807236611843 0.348024395108223 0.461554226279259 0.277845725417137 0.210523536801338 0.304372900724411 0.301631686091423 0.330531722307205 0.257715073227882 0.304830792546272 0.111010088771582 0.241896818578243 0.255500440299511 0.255413901805878 0.245731037855148 0.196244640648365 0.19005785882473 0.115123865008354 0.0770932041108608 0.0746617995202541 0.131020396202803 0.0589317679405212 0.084700645506382 0.0704972472041845 0.12910296395421 0.0895558997988701 0.0942507363855839 0.126149219274521 0.0900413759052753 0.107094776630402 0.12542705014348 0.235408662259579 0.215448884665966 0.279965540766716 0.170809398591518 0.176957184076309 0.076448830217123 0.101174736022949 0.0560629103332758 0.0798749890178442
-9999 -9999 0.314707970619202 0.327910998463631 0.127221117168665 0.389222186803818 0.697583371400833 0.551429411768913 0.23239332139492 0.427049544453621 0.227202056348324 0.283677479624748 0.272132587432861 0.464719259738922 0.256552098691463 0.337873741984367 0.50126451253891 0.187774716317654 0.316974729299545 0.207387360930443 0.480460160970688 0.156259255111217 0.198378251492977 0.0968870654702187 0.064907594025135 0.0797915201634169 0.231494821608067 0.162428350746632 0.202556492388248 0.261473427712917 0.0841901022940874 0.0948191873729229 0.161081172525883 0.158464240282774 0.418449646234512 0.126591990888119 0.114189840853214 0.309127786755562 0.222297424077988 0.0865887708961964 0.0730763755738735 0.188626262545586 0.161998543143272 0.0668914124369621 0.0646179012954235 0.111059389263391
-9999 -9999 -9999 -9999 -9999 -9999 -9999 0.668214720487595 0.370296055078506 0.170845784246922 0.133385170251131 0.374925199151039 0.337178644537926 0.306633752584457 0.349980556964874 0.324774688482285 0.33547839820385 0.211612565815449 0.407804295420647 0.220950752496719 0.195291149616241 0.190839582681656 0.226343888044357 0.102116896957159 0.163891516625881 0.0600608456879854 0.112535915523767 0.108841190487146 0.155291685461998 0.249883218109608 0.121788650751114 0.106085275113583 0.0998948939144611 0.0994047626852989 0.336167329549789 0.266729672253132 0.210969033837318 0.142549926042557 0.104611223936081 0.118150143325329 0.211082032322884 0.21174548715353 0.193137474358082 0.142810639739037 0.062149565294385 0.12015542536974
-9999 -9999 -9999 -9999 -9999 -9999 -9999 0.31861364543438 0.416847664117813 0.161048471927643 0.252621494233608 0.282801273465157 0.235830356180668 0.26427925825119 0.340261775255203 0.351991763710976 0.573294788599014 0.284651592373848 0.393859934806824 0.423534721136093 0.327205500006676 0.24305657595396 0.191285420954227 0.103551882505417 0.125930990278721 0.115891287475824 0.0574652452021837 0.078254197910428 0.174882936477661 0.191971190273762 0.277272522449493 0.114862044900656 0.311553290486336 0.13897117972374 0.259773661196232 0.229300162196159 0.104476551711559 0.209493803977966 0.261458012461662 0.22922895103693 0.195425222814083 0.163523711264133 0.156701552867889 0.152890828251839 0.146408449113369 0.144912841916084
