Scripts_&_data/Maxent_result_files_1/Bombus_lucorum_3.asc
NCOLS 594 
NROWS 330 
XLLCORNER -15 
YLLCORNER 23 
CELLSIZE 0.166666666666667 
NODATA_value -9999 
[rows 200 to 219 of 330, columns 225 to 269 of 594]
2.70799191639526e-06 2.56049847848772e-06 2.31840603603928e-07 1.16502998253054e-06 2.59785798334633e-05 7.79972074269608e-06 1.49001763993795e-07 9.2906583715191e-08 1.54582728555397e-06 8.65960703322344e-06 1.04966524304473e-05 7.15191322342434e-07 1.16796861675539e-06 4.49145693437458e-07 1.85385015356587e-06 3.31783274987174e-07 7.53203227787935e-08 8.08245340522262e-07 1.50663572640042e-06 6.28789950951614e-07 1.31474395175246e-06 8.99541792023228e-06 7.8921792123765e-08 4.660566446546e-07 4.44268596311304e-07 9.00369900591613e-07 3.67985387583758e-07 7.96081294538453e-06 4.54489429557725e-07 5.62789370661676e-08 4.69525254231939e-08 2.80344960401635e-07 2.80829063115107e-07 7.82832967161084e-07 1.60404530902269e-07 1.13679061541916e-07 8.42174117110517e-08 1.27001553718031e-10 2.4635026241171e-10 -9999 -9999 -9999 -9999 -9999 -9999
2.03671021381524e-07 2.00505073166823e-07 8.50166383514761e-08 3.28778592972867e-07 6.15834885309141e-07 4.27843459505084e-07 1.62592883512502e-07 2.45044455837728e-07 4.77324678627156e-07 5.88548340729744e-08 5.35299135435707e-06 7.11427563970801e-08 1.70003950188402e-06 7.67695001968605e-07 9.13812937142211e-07 5.54664069341015e-08 4.02323547632477e-07 8.85760255187051e-07 8.0444533523405e-07 8.76125994864196e-08 2.31721342061064e-06 0.100447491323575 2.49802051257575e-06 3.55973370460561e-06 1.54960180225316e-06 4.56420343653008e-07 3.36197018668827e-07 2.72931737299587e-07 6.18183321421384e-07 2.92540744339931e-07 6.55238466151786e-08 3.90971926833572e-08 2.45015595368159e-08 1.64775946132067e-07 1.81251934350257e-07 1.53127376734119e-07 8.77470910154443e-08 6.97355380907538e-07 -9999 -9999 -9999 -9999 -9999 -9999 -9999
6.41423648630734e-06 8.54035556585586e-07 5.84738521602901e-08 2.06664058310935e-07 3.50395424675298e-07 3.02112745487193e-07 1.41995507618731e-07 9.62321973929647e-07 1.75329543949942e-07 9.07080126921755e-07 5.91466854160672e-08 5.673962064634e-08 8.76758042522852e-07 4.54347531331223e-07 6.45971866219952e-08 2.1766148563529e-07 7.20547757282475e-07 2.76302250767912e-07 3.51658754880191e-06 1.50452087765984e-07 1.88821900337643e-07 1.62837254347181e-08 6.7563260586212e-07 4.69146669956899e-07 3.32968804173106e-07 4.19732572254361e-07 5.71180671613547e-06 3.17833553253877e-07 0.063222079132001 4.87741234067585e-09 2.85166577668861e-05 1.18423276944668e-06 1.35517103316829e-08 1.36579562592942e-07 4.22800107147125e-09 4.0804561507457e-08 4.34428957305499e-06 -9999 -9999 -9999 -9999 -9999 -9999 -9999 -9999
4.86810794342318e-08 3.01366938515457e-08 1.99067508219741e-05 2.36130671282808e-07 2.70697459825442e-07 2.52822894708515e-07 4.96307038133636e-08 3.75163214272334e-08 1.43162608878811e-07 4.34424825357382e-07 1.78210282797409e-07 1.45361517667197e-07 2.03884779281793e-08 2.47974739409074e-07 2.32967227020708e-07 1.35803182388372e-07 3.98957917013831e-07 8.84156929714663e-07 1.96785424577683e-07 3.63344298648371e-07 1.62752245103093e-07 1.4334420717077e-08 1.66681982705086e-07 5.12984684064577e-07 7.38465132599231e-08 1.09497332232422e-06 2.49665081355488e-06 2.65515086539381e-07 5.63492335459159e-07 5.09489234445937e-07 7.13169860944163e-09 3.89567571801308e-07 8.39313133838004e-07 8.64595051552897e-08 2.90111643153068e-07 5.45822700814824e-08 2.60103549010182e-07 -9999 -9999 -9999 -9999 -9999 -9999 -9999 -9999
3.74901894701907e-06 4.67819663185765e-07 5.38542035428691e-05 7.87690044035116e-07 1.29869747524936e-06 2.29433516096833e-07 5.48778280062834e-07 7.82116469366656e-08 1.27199923554144e-06 3.51663993569673e-07 1.534959409355e-07 1.54209465108579e-07 6.02002797611689e-09 2.43385647635819e-08 1.06152576506702e-07 1.56376005122638e-07 3.83289787464491e-07 9.46730965623033e-08 1.63906229033728e-07 1.29760645961596e-07 1.49761867618281e-07 1.82747007215767e-07 5.40095179246691e-08 1.09143744708717e-08 1.43925576878701e-07 6.96338265697705e-06 9.00667288306067e-08 2.55285550920803e-08 2.20265528696473e-06 1.53579762685041e-08 7.85916654422181e-08 5.52207659154647e-08 3.42577543221978e-08 3.23030207027841e-07 4.35987317359832e-07 1.90174554859368e-07 8.25761262603919e-06 -9999 -9999 -9999 -9999 -9999 -9999 -9999 -9999
2.59335811279016e-05 1.45134814033554e-06 1.08442820874188e-06 2.089905046887e-06 7.36233532805386e-08 1.18281937488973e-07 4.67494805889146e-07 8.67238759383326e-06 3.15365814458346e-06 9.13317162485328e-06 1.25253733131103e-05 1.12391957372893e-05 1.72996931269154e-06 4.32677197750309e-06 1.27171026065298e-07 5.73554711991164e-07 1.29285349430575e-06 8.83950690422353e-08 3.38288251100494e-07 1.21777184176608e-06 1.49651873471157e-06 1.4666576433342e-07 8.83063677292739e-08 3.84207472059472e-08 9.74562271771617e-08 1.65728233696427e-06 5.20971193509467e-06 1.68606547958916e-06 6.42784220872272e-07 2.53940397669794e-06 7.85706288297661e-07 1.96921814676898e-06 2.50218954533921e-06 4.74049038530211e-06 1.48322355641994e-07 9.59445187618258e-06 0.101013793237507 -9999 -9999 -9999 -9999 -9999 -9999 -9999 -9999
0.000143472335184924 0.000301717186812311 4.87993079900662e-07 7.58093010517769e-06 1.08309429833753e-06 2.95082442391958e-07 1.25325489364059e-07 8.8246815366233e-08 1.09186506946912e-07 2.66815287375266e-07 1.08924290742607e-07 1.23255590978033e-07 8.76765739121765e-08 6.87075850436258e-08 6.9277469805229e-08 4.0146108517547e-07 3.08935425152868e-07 2.72026110906154e-05 1.4631245903729e-07 1.10217015247827e-07 3.61960451300547e-07 1.14612555535132e-06 4.26615468995806e-07 5.62713367457945e-07 2.06819374248823e-07 1.40951188321026e-07 2.50988795613694e-07 9.50773426211526e-07 5.82175471208757e-06 3.76808739019907e-06 3.87705049433862e-06 2.87131055642931e-07 6.22363568254514e-06 7.69399584896746e-06 3.10226619149034e-06 9.48798094668746e-07 7.49452214222401e-05 -9999 -9999 -9999 -9999 -9999 -9999 -9999 -9999
0.000720080954488367 0.000267519056797028 0.00121320965699852 0.000139813384157605 2.58198255323805e-05 9.5049772994571e-07 2.80335198965531e-07 3.63038620321277e-07 3.92568347251654e-07 3.06871262978348e-07 1.89970516650817e-08 9.56459428991252e-08 6.30686412428361e-08 1.18551500065678e-06 1.02532769474806e-07 1.05920181425745e-07 1.06487717488335e-07 9.73350623212354e-08 3.64369546446142e-07 2.29378646565692e-07 1.26134658451349e-07 9.43410514082643e-06 1.20517377810714e-07 5.41837818834878e-08 1.67875717806965e-06 5.28443260918721e-06 4.64343033854675e-06 1.36673413742017e-07 6.43087130924869e-07 1.07827860119869e-05 1.34944984893082e-05 1.45051611184499e-06 6.53941591735929e-05 0.000475375517271459 0.0128432668745518 2.05830579943722e-05 -9999 -9999 -9999 -9999 -9999 -9999 -9999 -9999 -9999
0.0323896460235119 0.00404309630393982 0.0033655016683042 3.58074912583106e-06 0.000724547309800982 0.000682481203693897 1.98279164578707e-05 8.40173511278408e-06 2.1014684374876e-07 1.74919197775125e-06 3.52681206905459e-07 4.89439099027322e-08 6.66271862570511e-07 3.72859049946328e-07 4.17756477588682e-07 1.07572738556883e-06 3.6096161295518e-07 9.24029176729846e-08 7.75231530525389e-08 4.72361356695927e-09 7.19569239748807e-09 2.61985420365818e-05 8.01359223601139e-07 3.95719733205624e-05 6.3345401576953e-05 5.77262929368771e-07 2.79730331385508e-05 1.67269736266462e-05 2.65177803981942e-07 1.39266380756453e-05 6.87455169099849e-05 2.49056201937492e-05 0.00372228459455073 -9999 -9999 -9999 -9999 -9999 -9999 -9999 -9999 -9999 -9999 -9999 -9999
0.00453560082241893 0.160396897792816 0.0204725049436092 0.0970800489187241 0.0607236176729202 0.0145577127113938 0.0010338327876525 0.000336800530203618 1.6564951329201e-05 0.00030374241177924 4.30112340836786e-05 0.000170048046857119 0.000177373959741089 0.000156242356752045 0.000179919897345826 7.23739041859517e-05 8.82895397147365e-07 4.42584222781761e-07 9.37393150479693e-07 1.87957628128288e-07 3.51954699908674e-06 8.07484084361931e-06 0.000325308355968446 0.00025821917806752 6.82022195519494e-07 2.73055244178977e-05 3.85595831176033e-06 0.000119257804180961 8.02118756837444e-06 7.55281049350742e-05 1.39596916426399e-06 0.000467749719973654 0.0468838915228844 -9999 -9999 -9999 -9999 -9999 -9999 -9999 -9999 -9999 -9999 -9999 -9999
0.00162223977968097 0.000217713846359402 6.84427372107166e-05 0.00534553156612674 4.03561982238898e-05 0.000933262170292437 0.00097655332647264 0.000863886385923251 0.000169283249852015 0.000322860549204051 0.000810970459133387 0.000216666329652071 0.000101980267209001 0.000305374042363837 6.0001157271472e-05 3.44539919751696e-05 3.39221063768491e-05 8.55482037877664e-05 3.01619460287839e-06 1.05304692397112e-06 1.51081475451065e-05 0.000167982756101992 0.000136474052851554 4.78860609291587e-05 3.14155717205722e-05 2.30670462769922e-05 1.35339605549234e-05 8.825911936583e-05 0.000195085513405502 7.25391691958066e-06 8.79077770150616e-06 7.87845158356504e-07 -9999 -9999 -9999 -9999 -9999 -9999 -9999 -9999 -9999 -9999 -9999 -9999 -9999
0.000849058502353728 9.94943279692961e-06 0.0012421406165231 0.010705978050828 0.00799953453242779 0.0286567252129316 0.00669352933764458 0.00340587362879887 0.00417763786390424 0.0107665121555328 0.000165072915842757 0.0092720091342926 0.00113340716343373 0.000201038975501433 3.50056502611551e-06 0.000103443820262328 0.000248536729486659 0.000808937405236065 1.75362788468192e-07 5.03409864904825e-05 0.000147215227480046 4.64235854451545e-05 4.13486897741677e-05 2.81925827039231e-07 7.90898542618379e-05 6.81186305882875e-05 6.1320483655436e-05 0.000160911804414354 0.000151886793901213 8.97251165952184e-06 2.00084807602252e-05 3.87138902624429e-07 -9999 -9999 -9999 -9999 -9999 -9999 -9999 -9999 -9999 -9999 -9999 -9999 -9999
0.00258800070732832 0.000255556494812481 0.000666672142688185 0.199559736251831 0.0127241183072329 0.00196112848352641 0.0469445705413818 0.00176906241104007 0.000220223003998399 4.79856903439213e-06 0.0158739913254976 0.00752495583146811 0.000319018927984871 0.000192482987040421 8.31908018881222e-05 0.000188034930033609 2.93397824862041e-05 1.76038633071585e-05 7.06004357198253e-05 7.63764919611276e-06 6.1019862869216e-07 1.33478403370191e-06 7.35950823127496e-07 5.13003624291741e-07 7.74583378415628e-07 8.22671191258451e-07 2.87118614323845e-06 3.44492293606891e-06 1.9045377484872e-06 0.000148701703045617 1.0227162965748e-05 -9999 -9999 -9999 -9999 -9999 -9999 -9999 -9999 -9999 -9999 -9999 -9999 -9999 -9999
0.0169099915772676 5.76776492380304e-06 0.00198382749222219 0.000118035287960083 4.1870158383972e-06 0.0449517950415611 0.00193903646431863 6.67607832838257e-06 2.25208954361733e-05 4.99087445859914e-07 7.71875065765926e-06 2.40019306545491e-06 2.59510525211226e-06 3.56144560100802e-06 2.47250368659024e-06 4.35761518019717e-05 2.84889880276751e-05 1.34182184410747e-05 4.28476666911593e-06 3.92053659936664e-07 1.00540319181164e-06 3.33145071635954e-06 5.86116639169631e-06 4.01382169457065e-07 2.29197071348608e-06 3.1145767934504e-06 1.98703801288502e-05 2.33201890296186e-06 3.34658331269111e-08 2.43086047291285e-08 6.34322273981525e-05 -9999 -9999 -9999 -9999 -9999 -9999 -9999 -9999 -9999 -9999 -9999 -9999 -9999 -9999
0.00101234365720302 3.60743040801026e-05 0.0011014829389751 0.000389106350485235 0.0239640293992124 0.0280537847429514 0.0368552716448903 0.000746859319042414 0.000632006011437625 4.26898461114433e-06 6.91701299615488e-07 2.01335106453371e-07 1.44853632377817e-07 1.15650153453828e-08 1.41078859883237e-07 4.46010841415045e-07 1.81877690010879e-06 1.95763729493592e-07 2.49780720196213e-07 2.40758589598045e-07 2.97393654147271e-10 1.31530453195694e-11 0.0977461014955452 2.9960251168859e-09 2.6720721507445e-06 3.90661607525544e-06 6.16805796198605e-06 3.0955337024352e-06 2.4298596912331e-08 3.62217406291165e-08 3.30645153923115e-08 3.41916284618549e-08 -9999 -9999 -9999 -9999 -9999 -9999 -9999 -9999 -9999 -9999 -9999 -9999 -9999
0.00390049866400659 0.0400289201177657 0.00136770978569984 0.00468478575348854 0.00347059927880764 0.2 0.195458447933197 0.184986335039139 0.0996806770563126 0.00455715907737613 0.000748794618993998 0.000619771134370239 7.27844424545765e-05 1.15948786969966e-05 5.18764215939882e-07 1.31874898556816e-07 2.39003131241589e-07 2.65638004748325e-07 8.71251290845976e-07 0.0977501524361287 9.67960716025118e-08 6.0975088311821e-10 1.95165946479392e-06 3.55609499536058e-07 1.12654911390564e-06 3.63484254251034e-07 4.37209883408229e-08 1.80820725290687e-05 1.13331559532526e-06 3.29141499832986e-08 3.10060336516926e-08 2.33114021952474e-07 5.14876761741334e-06 -9999 -9999 -9999 -9999 -9999 -9999 -9999 -9999 -9999 -9999 -9999 -9999
3.30660679992434e-06 0.000239943561609834 0.00769076114520431 0.000182209772174247 0.0264041468501091 0.183708572387695 0.1271479845047 0.199767416715622 0.0632915645837784 0.0902778849005699 0.0836279094219208 0.000482516479678452 0.0796957075595856 0.000606255955062807 0.000150443144957535 5.96179103013128e-05 6.04669710355665e-06 8.10046770993722e-08 2.50693035752647e-07 3.87883556385304e-08 6.57479777146364e-06 4.29737423246479e-07 2.64992020770904e-08 3.50295099451614e-06 1.10618364601578e-07 3.43051546991546e-07 1.6379801754951e-07 9.51148024341819e-06 0.000142663094447926 5.61751379791531e-05 8.87991359377338e-07 1.36894956881406e-07 1.14032719178425e-07 -9999 -9999 -9999 -9999 -9999 -9999 -9999 -9999 -9999 -9999 -9999 -9999
0.0146173326997086 7.3144152702298e-05 0.0264450155198574 0.000105429139512125 0.031061227247119 0.267921423912048 0.0474636897444725 0.0156435295939445 0.00951125416904688 0.0768923819065094 0.297744792699814 0.011232640966773 0.0334091626107693 0.000265882126404904 0.00208852523937821 0.000121474388288334 2.7192761990591e-06 1.02427914043801e-06 2.9938308216515e-06 9.35310305294479e-07 6.78226988384267e-06 3.02621256196289e-06 1.46433237091514e-07 5.15098186326668e-08 2.6664695340628e-09 5.61012122091142e-08 7.46748291646782e-08 1.04929497979356e-07 7.92083625356099e-09 1.7285862363714e-08 1.06990464018963e-05 2.08742433756015e-06 2.45423136036038e-08 -9999 -9999 -9999 -9999 -9999 -9999 -9999 -9999 -9999 -9999 -9999 -9999
5.70790568588109e-08 1.58284183982005e-08 0.10972928404808 0.00114712070208043 0.000158393188030459 0.000185216433601454 0.025584885943681 0.049707043170929 0.0270563155412674 0.192292195558548 0.0666099771857262 0.0234590239822865 0.00953420959413052 0.0969314992427826 0.000809690158348531 4.86827491840813e-05 4.22759073899215e-06 1.48514690323509e-08 2.32513706066584e-08 4.4043353568668e-07 3.58276384559986e-07 7.68028553466138e-07 1.58668553922325e-06 5.64715762152446e-08 6.73387638983058e-09 4.8269054531147e-08 4.23711576047481e-08 4.2120139198687e-08 7.69143380097148e-09 4.16846160078421e-07 5.28341138306132e-07 1.54880765990129e-07 3.67365259990038e-08 1.24973816184593e-08 -9999 -9999 -9999 -9999 -9999 -9999 -9999 -9999 -9999 -9999 -9999
1.11777135316515e-06 5.38216704626393e-07 4.4130181777291e-05 6.72723253956065e-06 3.61782925839549e-10 9.28842815994813e-09 0.000941996020264924 0.000128992131794803 0.000462878518737853 4.60324910818599e-05 0.000155315175652504 4.0908096707426e-05 0.000177115725819021 0.00229863724671304 7.0498138666153e-05 9.26111945318553e-06 8.89216252630831e-07 2.97714996122522e-06 7.13354666004307e-07 7.02849155231888e-07 2.89914547124681e-07 3.52236654066473e-08 3.04041186893755e-08 1.71290054140627e-07 6.37162614225417e-08 3.26032164821299e-08 2.50071295226917e-08 2.77408801707679e-08 3.2601342070393e-08 8.73230305842299e-08 6.88148389826892e-08 8.80492564192536e-08 2.88716481833262e-09 1.30881107907044e-07 6.28557410564667e-09 0.00275508551858366 -9999 -9999 -9999 -9999 -9999 -9999 -9999 -9999 -9999
