Scripts_&_data/Maxent_result_files_1/Bombus_confusus_2.asc
NCOLS 594 
NROWS 330 
XLLCORNER -15 
YLLCORNER 23 
CELLSIZE 0.166666666666667 
NODATA_value -9999 
[rows 168 to 188 of 330, columns 184 to 229 of 594]
0.834041726589203 0.730553561449051 0.781010788679123 0.763610178232193 0.820957827568054 0.773388981819153 0.666304117441177 0.87846485376358 0.765125685930252 0.76356812119484 0.83111914396286 0.811168158054352 0.812638771533966 0.910940051078796 0.906077086925507 0.988001370429993 0.983687525987625 0.987553906440735 0.781849575042725 0.747795617580414 0.981572365760803 0.952348107099533 0.936812394857407 0.928094583749771 0.934986877441406 0.934008222818375 0.796535891294479 0.795513308048248 0.923678582906723 0.898202854394913 0.799352383613586 0.780824083089829 0.754296982288361 0.728560161590576 0.57680432498455 0.748676079511643 0.826633286476135 0.798983842134476 0.756618452072144 0.710089510679245 0.812258666753769 0.689775741100311 0.625281953811646 0.644429749250412 0.621332377195358 0.709711802005768
0.755968964099884 0.792855113744736 0.622640419006348 0.772771298885345 0.805803263187408 0.800563830137253 0.811296314001083 0.830596321821213 0.854634970426559 0.858040457963943 0.822903400659561 0.821134054660797 0.859886294603348 0.880055272579193 0.868350195884705 0.983571749925613 0.981562089920044 0.984052067995071 0.976312166452408 0.976590204238892 0.987385636568069 0.899574273824692 0.910552185773849 0.947889351844788 0.951110965013504 0.951692825555801 0.981369966268539 0.96246440410614 0.967981547117233 0.686718207597732 0.552321916818619 0.810384881496429 0.814902549982071 0.83570739030838 0.871299314498901 0.804534035921097 0.910830795764923 0.771554201841354 0.815030550956726 0.787184143066406 0.78009979724884 0.700681799650192 0.842833000421524 0.593985986709595 0.738194918632507 0.664351773262024
0.705186468362808 0.806753486394882 0.776682043075562 0.785613197088242 0.730600792169571 0.848437821865082 0.835604393482208 0.733471918106079 0.716935670375824 0.935716372728348 0.840056192874908 0.871914005279541 0.897108030319214 0.85883127450943 0.939844620227814 0.945410400629044 0.954176884889603 0.880859714746475 0.957918357849121 0.880904817581177 0.936872851848602 0.924097663164139 0.894815248250961 0.896585243940353 0.867580950260162 0.944687283039093 0.936791169643402 0.960643601417541 0.947701388597488 0.935686850547791 0.949458146095276 0.799395430088043 0.879522979259491 0.827951365709305 0.80551735162735 0.754250556230545 0.860029321908951 0.905218100547791 0.814967238903046 0.914116650819778 0.828954005241394 0.787384182214737 0.884125936031342 0.847056704759598 0.812676280736923 0.711603271961212
0.839023649692535 0.826905000209808 0.855876535177231 0.740086674690247 0.849909037351608 0.903002732992172 0.827645468711853 0.674262082576752 0.89489124417305 0.808559668064117 0.905313163995743 0.860526448488235 0.911382031440735 0.939764910936356 0.937927186489105 0.859260523319244 0.166226577013731 0.84378057718277 0.916248178482056 0.89114727973938 0.815933340787888 0.78076246380806 0.853865873813629 0.694127297401428 0.812434124946594 0.719856750965118 0.908834987878799 0.795151448249817 0.911267268657684 0.907660663127899 0.772078138589859 0.80869557261467 0.697400403022766 0.56099711060524 0.640322732925415 0.516931384801865 0.56450072824955 0.634707963466644 0.870583134889603 0.920201951265335 0.846684122085571 0.930570441484451 0.858637326955795 0.900620973110199 0.91768953204155 0.749743419885635
0.741838449239731 0.88610845208168 0.863694328069687 0.871025264263153 0.880846750736237 0.993265360593796 0.855923300981522 0.89568344950676 0.863927584886551 0.875559920072556 0.94758665561676 0.95327782034874 0.935130143165588 0.846401059627533 0.895363044738769 0.790661782026291 0.813610351085663 0.916449701786041 0.858646589517593 0.815244650840759 0.737544792890549 0.894948118925095 0.908090656995773 0.921760123968124 0.616877147555351 0.794329535961151 0.689393073320389 0.679440844058991 0.879071527719498 0.893460315465927 0.916835230588913 0.766591370105743 0.651222866773605 0.850135898590088 0.62072639465332 0.711491471529007 0.455480760335922 0.567395517230034 0.647404104471207 0.767143082618713 0.728806096315384 0.742127656936646 0.895340102910996 0.929751759767532 0.871155226230621 0.893524420261383
0.859748965501785 0.760988515615463 0.784818989038467 0.869630479812622 0.854420828819275 0.853399276733398 0.757683849334717 0.816403859853745 0.869989174604416 0.859250742197037 0.951594763994217 0.922707796096802 0.859418576955795 0.84299955368042 0.72237823009491 0.901990538835525 0.896289765834808 0.873893654346466 0.830089575052261 0.913620120286942 0.860633850097656 0.842922854423523 0.86160700917244 0.722558528184891 0.899309140443802 0.760312074422836 0.561323860287666 0.649812263250351 0.825027996301651 0.84906165599823 0.736815685033798 0.80552134513855 0.818356412649155 0.875513863563538 0.693541675806046 0.573200640082359 0.430460441112518 0.461811026930809 0.552732142806053 0.388232329487801 0.34363374710083 0.522781565785408 0.702433967590332 0.871070945262909 0.968860727548599 0.892497009038925
0.761183995008469 0.712440127134323 0.912067043781281 0.660446244478226 0.648332107067108 0.525864094495773 0.540125158429146 0.655153650045395 0.924681347608566 0.917249709367752 0.928250592947006 0.87437242269516 0.72882821559906 0.780090469121933 0.967418247461319 0.719844961166382 0.498695966601372 0.715653514862061 0.662282484769821 0.865807050466537 0.462183111906052 0.664921128749847 0.579534947872162 0.609543204307556 0.743119359016418 0.765418356657028 0.570902985334396 0.68054381608963 0.609528422355652 0.858893686532974 0.668987816572189 0.746284466981888 0.438214367628098 0.784756380319595 0.452522456645966 0.645914167165756 0.774263745546341 0.780428713560104 0.709427720308304 0.476277190446854 0.502825403213501 0.39031899869442 0.674515378475189 0.883783668279648 0.881707334518433 0.938383716344833
0.834734034538269 0.802030503749847 0.60408091545105 0.875602662563324 0.660987895727158 0.820219272375107 0.716878896951675 0.887644112110138 0.881849843263626 0.829806923866272 0.896003264188767 0.83562188744545 0.87220516204834 0.782969707250595 0.52519902586937 0.810530585050583 0.497121691703796 0.911935430765152 0.745732408761978 0.672730058431625 0.759521317481995 0.711487656831741 0.702670413255692 0.831483834981918 0.702223616838455 0.592793700098991 0.443244463205338 0.699985656142235 0.475450271368027 0.499818259477615 0.520720148086548 0.406965315341949 0.396731072664261 0.995594334602356 0.552011460065842 0.450073343515396 0.659931439161301 0.536046659946442 0.26676712334156 0.573616841435432 0.444918605685234 0.492238634824753 0.426674976944923 0.433132204413414 0.681047290563583 0.96622805595398
0.888728392124176 0.711786770820618 0.874689787626266 0.768419593572617 0.799379026889801 0.761566233634949 0.59449434876442 0.825515341758728 0.906152677536011 0.884136259555817 0.823321515321732 0.612790560722351 0.700823438167572 0.78700003027916 0.789417791366577 0.781264972686768 0.721566504240036 0.442251387238502 0.575844475626946 0.675193005800247 0.726461035013199 0.580379551649094 0.72692883014679 0.570598700642586 0.448433783650398 0.586039438843727 0.285830816626549 0.321031391620636 0.242362786829472 0.480173987150192 0.257424023747444 0.638791877031326 0.642507117986679 0.862580984830856 0.534089851379395 0.531183823943138 0.684430766105652 0.621405917406082 0.579886984825134 0.774391531944275 0.709367978572846 0.59592719078064 0.477336764335632 0.681393432617188 0.647046786546707 0.352683398127556
0.817507165670395 0.832392728328705 0.873094242811203 0.882645398378372 0.8028469145298 0.606463843584061 0.704596328735352 0.841699802875519 0.852070963382721 0.717613339424133 0.770686429738998 0.759036201238632 0.80956979393959 0.655820256471634 0.709752118587494 0.514192259311676 0.688241559267044 0.465335920453072 0.456262937188148 0.508407843112946 0.495318549871445 0.457370948791504 0.34762197136879 0.636634594202042 0.680483746528626 0.557893294095993 0.656885308027267 0.461139976978302 0.386945852637291 0.376297324895859 0.447351226210594 0.558643102645874 0.683549404144287 0.686182248592377 0.295551420748234 0.704081451892853 0.574185299873352 0.599233585596085 0.681469619274139 0.636592268943787 0.669598311185837 0.74099600315094 0.853628981113434 0.706357854604721 0.703200167417526 0.771991831064224
0.906865668296814 0.81345801949501 0.852822369337082 0.957838374376297 0.999969232082367 0.839348441362381 0.661811965703964 0.772784167528152 0.983194041252136 0.94753777384758 0.733306789398193 0.644830691814423 0.561538529396057 0.613702630996704 0.736436349153519 0.544381105899811 0.591837549209595 0.509634456038475 0.447810918092728 0.536359426379204 0.373957744240761 0.389058014750481 0.627243179082871 0.553275680541992 0.669326859712601 0.584224465489388 0.460925197601318 0.755918973684311 0.411089777946472 0.732378631830215 0.615465950965881 0.487513065338135 0.604116749763489 0.701128488779068 0.695036226511002 0.587238126993179 0.605531972646713 0.589658236503601 0.790712189674377 0.671205031871796 0.535791343450546 0.653759384155273 0.617429721355438 0.574818563461304 0.787965339422226 0.893822884559631
0.861561036109924 0.824837630987167 0.767458319664001 0.977472269535065 0.898860102891922 0.820434641838074 0.728851664066315 0.731961935758591 0.866394299268723 0.526137727499008 0.47063036262989 0.58472146987915 0.579258847236633 0.608814662694931 0.51651192009449 0.511086428165436 0.381322309374809 0.380862790346146 0.309470698237419 0.465205615758896 0.433553400635719 0.505167376995087 0.532869485020637 0.534631299972534 0.893005472421646 0.52477470934391 0.410317274928093 0.406969010829926 0.464470428228378 0.22371531277895 0.997186106443405 0.526401153206825 0.562363827228546 0.591464978456497 0.615830481052399 0.501172530651093 0.587441545724869 0.561105793714523 0.581112068891525 0.591253608465195 0.544963681697845 0.606916069984436 0.604882949590683 0.678499603271484 0.72650745511055 0.633110904693604
0.11266568787396 0.222505274415016 0.881377321481705 0.939774775505066 0.843058997392654 0.79681259393692 0.403523513674736 0.342160430550575 0.528107425570488 0.708570212125778 0.572756162285805 0.66443218588829 0.540609446167946 0.517273896932602 0.514861711859703 0.536790463328362 0.345000699162483 0.377562889456749 0.260431969165802 0.260814568400383 0.486303561925888 0.42107663154602 0.430098438262939 0.343087816238403 0.626330918073654 0.418242645263672 0.520059335231781 0.508530089259148 0.79741233587265 0.388065895438194 0.301084032654762 0.392976650595665 0.627175831794739 0.374805390834808 0.500831511616707 0.415649792551994 0.711334717273712 0.590516912937164 0.604147148132324 0.610324478149414 0.524167659878731 0.503479620814323 0.520913648605347 0.478102326393127 0.450993007421494 0.511363607645035
0.706409901380539 0.926080167293549 0.972538435459137 0.973508685827255 0.908845168352127 0.86177162528038 0.640402048826218 0.604469782114029 0.55393168926239 0.551241341233254 0.607287973165512 0.817511522769928 0.729421484470367 0.59782857298851 0.750439637899399 0.628217041492462 0.602237057685852 0.554204499721527 0.774442011117935 0.676689353585243 0.916735172271729 0.381665763258934 0.380924460291862 0.386296314001083 0.414482116699219 0.576109486818314 0.280729666352272 0.275572630763054 0.261501722037792 0.333197084069252 0.241722576320171 0.52588198184967 0.41371531188488 0.335616993904114 0.565567919611931 0.504617550969124 0.426020756363869 0.60895032286644 0.606104189157486 0.491072028875351 0.512859070301056 0.390934094786644 0.502692303061485 0.617078763246536 0.4881177932024 0.478452467918396
0.715188431739807 0.175547152757645 0.875556343793869 0.896946358680725 0.948554515838623 0.854512614011764 0.693405038118362 0.711080455780029 0.726430416107178 0.650214171409607 0.637614119052887 0.62728705406189 0.508487376570702 0.412095141410828 0.495175018906593 0.504333308339119 0.982925182580948 0.386050808429718 0.289053852856159 0.86289187669754 0.935454875230789 0.465271207690239 0.452209937572479 0.331135049462318 0.290112468600273 0.340391537547111 0.236061143875122 0.280235895514488 0.22862935513258 0.11389452368021 0.272884848713875 0.28491266220808 0.320855352282524 0.275998118519783 0.315817087888718 0.775997924804688 0.684542512893677 0.581043910980225 0.558650749921799 0.405264717340469 0.396081930398941 0.396348011493683 0.36439813375473 0.431283664703369 0.382065197825432 0.351410841941833
0.891629135608673 0.971451765298843 0.975843691825867 0.940106076002121 0.871527749300003 0.852768981456757 0.809672009944916 0.601796489953995 0.727015227079391 0.639531707763672 0.518204990029335 0.610988140106201 0.495481124520302 0.397603899240494 0.474613136053085 0.709415382146835 0.392197838425636 0.360199680924416 0.364615014195442 0.572934085130692 0.825490385293961 0.66953849196434 0.416742172837257 0.356818288564682 0.300377467274666 0.266107229888439 0.244219356775284 0.259587627649307 0.290037544071674 0.171811704337597 0.294303332269192 0.309199619293213 0.301105591654778 0.333951377868652 0.471453940868378 0.504751801490784 0.513957744836807 0.452090689539909 0.354832664132118 0.373181590437889 0.452031725645065 0.372317558526993 0.366452348232269 0.366665667295456 0.414698883891106 0.477766689658165
0.919890433549881 0.950718975067139 0.941439282894134 0.946701270341873 0.89914522767067 0.919989585876465 0.763338446617126 0.725126880407333 0.718585705757141 0.503097996115685 0.571392017602921 0.559118211269379 0.39686231315136 0.380595731735229 0.397328397631645 0.490353715419769 0.508098986744881 0.908809897303581 0.281790198385716 0.342290517687798 0.325783255696297 0.338490101695061 0.351823762059212 0.309353038668633 0.340963166952133 0.231353498995304 0.343030375242233 0.489052027463913 0.349809601902962 0.254522851109505 0.387614789605141 0.390797787904739 0.354210132360458 0.309467512369156 0.326396018266678 0.453194415569305 0.41559799015522 0.367664071917534 0.389055392146111 0.359273883700371 0.420864716172218 0.467991659045219 0.52267162501812 0.51041411459446 0.64677968621254 0.45510847568512
0.939952981472015 0.867786532640457 0.905061268806458 0.852761858701706 0.823642712831497 0.887521451711655 0.783263802528381 0.629659527540207 0.537131994962692 0.514547309279442 0.56936286687851 0.762713414430618 0.534570416808128 0.507057419419289 0.182666338980198 0.448272204399109 0.388877123594284 0.250082829594612 0.236580200493336 0.374814906716347 0.198651675879955 0.256888744235039 0.273862218856812 0.294757883250713 0.457102581858635 0.230407749116421 0.337867480516434 0.348354336619377 0.265651765465736 0.271715535223484 0.274390816688538 0.283340671658516 0.350578516721725 0.3956373244524 0.305638617277145 0.324661865830421 0.341659051179886 0.635902243852615 0.345270454883575 0.458017653226852 0.648009383678436 0.528497841954231 0.580458492040634 0.569139105081558 0.530049207806587 0.542225340008736
0.901985549926758 0.95007866024971 0.935388082265854 0.909811514616013 0.77100625038147 0.782084012031555 0.788328635692596 0.710190027952194 0.629164910316467 0.56212691962719 0.360688936710358 0.309078845381737 0.100400844216347 0.161263385415077 0.0815134573727846 0.332042580842972 0.302324816584587 0.244610525667667 0.292692893743515 0.436897149682045 0.220055817067623 0.34634180366993 0.249038527905941 0.370914623141289 0.431225523352623 0.257310774922371 0.324740236997604 0.254239562153816 0.267498497664928 0.389218789339066 0.352184563875198 0.360064446926117 0.336694574356079 0.363517573475838 0.352403053641319 0.183611260727048 0.269192612171173 0.28464939892292 0.390432345867157 0.442157310247421 0.526016440987587 0.609909069538116 0.542695447802544 0.523303937911987 0.608751726150513 0.433454632759094
0.961162739992142 0.93985790014267 0.937688589096069 0.875469893217087 0.711662822961807 0.59851336479187 0.653949403762817 0.723891204595566 0.662717115879059 0.425347858667374 0.132448007911444 0.157504040002823 0.219146864116192 0.414328998327255 0.32817959189415 0.259599779546261 0.231400541961193 0.211403158307076 0.300503760576248 0.372281265258789 0.26298390775919 0.225796154141426 0.260562932491302 0.247120505571365 0.33494268655777 0.342807167768478 0.383768144249916 0.40691841840744 0.328978976607323 0.352525478601456 0.367396411299706 0.274479340016842 0.482389515638351 0.353671765327454 0.407348018884659 0.399859890341759 0.360122615098953 0.281689274311066 0.330667999386787 0.428368932008743 0.568631237745285 0.623291131854057 0.494653052091598 0.680766242742538 0.720431196689606 0.431980910897255
0.965202242136002 0.853729426860809 0.894968575239181 0.808552306890488 0.6118656873703 0.605105268955231 0.39183304309845 0.431758731603622 0.356935584545136 0.52548965215683 0.55522735118866 0.412922099232674 0.300780889391899 0.331175485253334 0.259367272257805 0.336716565489769 0.289126940071583 0.306817960739136 0.312031853199005 0.446133136749268 0.229191766679287 0.363015773892403 0.0894046823028475 0.0566450802609324 0.368940824270248 0.268090461194515 0.708112269639969 0.477294009923935 0.356366738677025 0.378357371687889 0.398863643407822 0.36318471133709 0.384595021605492 0.438146457076073 0.352209427952766 0.334257665276527 0.297114154696465 0.267952156066895 0.352478542923927 0.334408178925514 0.618074297904968 0.47600671350956 0.514175829291344 0.538347879052162 0.655855113267899 0.550901770591736
