Scripts_&_data/Maxent_result_files_1/Bombus_bohemicus_2.asc
NCOLS 594 
NROWS 330 
XLLCORNER -15 
YLLCORNER 23 
CELLSIZE 0.166666666666667 
NODATA_value -9999 
[rows 160 to 179 of 330, columns 230 to 275 of 594]
0.13026417940855 0.12961308285594 0.109948789328337 0.176251392066479 0.319673758745193 0.187919889390469 0.152470861375332 0.261791849136353 0.535845452547073 0.281443922221661 0.19653462022543 0.0952456131577492 0.559027564525604 0.278630550205708 0.357516688108444 0.267101222276688 0.154845264554024 0.126985102146864 0.223132021725178 0.320278596878052 0.286672231554985 0.288483473658562 0.388483470678329 0.35225675702095 0.241354118287563 0.221882326900959 0.182089926302433 0.190732683241367 0.178474071621895 0.105564618110657 0.21926352083683 0.243435451388359 0.274616777896881 0.103435555845499 0.148684997856617 0.229219038784504 0.196287325024605 0.14072100520134 0.189464089274406 0.183871972560883 0.20115994811058 0.378126561641693 0.191063144803047 0.0930978074669838 0.187610885500908 0.209280157089233
0.328843829035759 0.287851113080978 0.152467477321625 0.293031013011932 0.214723539352417 0.344671991467476 0.271485677361488 0.289541336894035 0.294260886311531 0.1179643034935 0.203177544474602 0.121645766496658 0.141787391901016 0.339884251356125 0.214124868810177 0.0711669661104679 0.144159457087517 0.133658491075039 0.229375492036343 0.121869347244501 0.447215434908867 0.315390908718109 0.0833516575396061 0.216354237496853 0.14878613948822 0.220808310806751 0.17079526335001 0.176560638844967 0.17016242146492 0.155504819750786 0.08845199868083 0.108836211264133 0.127131865173578 0.201484341919422 0.150053311884403 0.215369972586632 0.213419069349766 0.109811809659004 0.112286508083344 0.117132928222418 0.157854586839676 0.179451233148575 0.110935842245817 0.0376398473978043 0.35591147840023 0.11195025369525
0.160069121420383 0.175271850824356 0.124947335571051 0.178612047433853 0.329894253611565 0.430141723155975 0.298529058694839 0.12601679712534 0.135786692798138 0.124571867287159 0.110712587833405 0.234860295057297 0.193006235361099 0.049549276381731 0.0518849521875381 0.0926788039505482 0.129181538522244 0.144281639158726 0.277107052505016 0.0968953870236874 0.0850400552153587 0.306999751925468 0.201427096128464 0.236292031407356 0.248876185715199 0.180310106277466 0.169669319689274 0.164238621294498 0.119333700835705 0.148507590591907 0.129108318686485 0.304531735181808 0.180775058269501 0.0991474941372871 0.0706617064774036 0.121315076947212 0.121678600460291 0.134393392503262 0.162016665935516 0.113862328976393 0.215338003635407 0.196507123112679 0.136941233277321 0.051847567409277 0.17084608823061 0.0832926072180271
0.107827959209681 0.115042840689421 0.133875036984682 0.270054739713669 0.381050089001656 0.295538707077503 0.322191077470779 0.166189502179623 0.157071699202061 0.0642534162849188 0.173861379921436 0.418233880400658 0.469738021492958 0.0782395221292973 0.15831047296524 0.150885705649853 0.197506646811962 0.106445010006428 0.109809428453445 0.122976270318031 0.0834948405623436 0.144655695557594 0.161659111082554 0.150335510075092 0.0817264966666698 0.133540545403957 0.156999024748802 0.13212509304285 0.118267244100571 0.121549801528454 0.117212554812431 0.132060545682907 0.157107222080231 0.137853928655386 0.130591285973787 0.376785752177238 0.162365728616714 0.390041393041611 0.287175944447517 0.152176579833031 0.141342279314995 0.132533590495586 0.0685357928276062 0.254645444452763 0.106218723207712 0.113818195462227
0.095455277711153 0.135458304733038 0.187784910202026 0.15677859634161 0.145313310623169 0.184197434782982 0.339978581666946 0.170464387536049 0.289012199640274 0.163264672458172 0.070395165681839 0.0618600606918335 0.0740832686424255 0.202513772249222 0.0557687822729349 0.0910090044140816 0.040163248218596 0.35708175599575 0.0430640392005444 0.0949429489672184 0.0476846005767584 0.0818269535899162 0.221737389266491 0.088406328856945 0.0506381623446941 0.26071171015501 0.126295210421085 0.119687680900097 0.114414623379707 0.0963799461722374 0.101404327899218 0.091722583770752 0.0899382539093494 0.0907670110464096 0.0910623200237751 0.0944015771150589 0.11624217107892 0.207357849180698 0.100347377359867 0.148253619670868 0.131722688674927 0.476674655079842 0.642753785848618 0.290685123205185 0.318947121500969 0.172444307804108
0.587198650836945 0.33914258480072 0.294346818327904 0.203619922697544 0.346363255381584 0.497918274998665 0.0817304857075214 0.280208049714565 0.187778702378273 0.0964220307767391 0.287154281139374 0.100490429997444 0.123437298834324 0.0356520351022482 0.191281116008759 0.0654855974018574 0.0677526134997606 0.0328386699780822 0.0278881900012493 0.173929862678051 0.193121442198753 0.103139098733664 0.11205045953393 0.112692377716303 0.112624278664589 0.118613546341658 0.131902648508549 0.144963003695011 0.104896336048841 0.0897411599755287 0.086900033056736 0.0828186549246311 0.0855851203203201 0.0856399238109589 0.159538549184799 0.177632734179497 0.15114431977272 0.111547613888979 0.0987707003951073 0.0913623966276646 0.109295750409365 0.284060728549957 0.866212171316147 0.524282252788544 0.315490311384201 0.158983612060547
0.284432248771191 0.392003202438355 0.244119784235954 0.249244917929173 0.400324022769928 0.463859370350838 0.276496163010597 0.33408727645874 0.173416249454021 0.181414219737053 0.172832171618938 0.153251861035824 0.0947960801422596 0.135245966911316 0.176240423321724 0.0610649604350328 0.0509869940578938 0.0377410151064396 0.0746045596897602 0.466016030311584 0.124757814407349 0.299772599339485 0.206030742824078 0.0641260180622339 0.0602859448641539 0.111723080277443 0.0685163874179125 0.0507207464426756 0.0483211696147919 0.0984196327626705 0.0399934336543083 0.268565453588963 0.326498982310295 0.132306451350451 0.290002416074276 0.0908371724188328 0.0931364841759205 0.0854304954409599 0.0837638959288597 0.0902714394032955 0.181251223385334 0.156309030950069 0.0931872315704823 0.11800213009119 0.0486537020653486 0.0601824499666691
0.485541507601738 0.136715465784073 0.351575380563736 0.20776638686657 0.21556284725666 0.35038628578186 0.385614171624184 0.208238707482815 0.199165888130665 0.15824847817421 0.365243658423424 0.375546526908875 0.0776764798909426 0.111151241511106 0.0803999938070774 0.0372083432972431 0.0787658862769604 0.0836759641766548 0.0424703795462847 0.0693231325596571 0.168860594928265 0.121711157262325 0.0728266015648842 0.100313727557659 0.0918631106615067 0.155286453664303 0.0445595733821392 0.0415628243237734 0.0770687788724899 0.0629001721739769 0.0733750313520432 0.0735185362398624 0.0539698902517557 0.0345076197758317 0.0711996112018824 0.0743335358798504 0.0731338534504175 0.0793757133185864 0.0416497468948364 0.145181415975094 0.0719064984470606 0.0295911524444818 0.0661377418786287 0.136003322154284 0.138653172552586 0.0416649803519249
0.296397098898888 0.317485556006432 0.262165910005569 0.484848439693451 0.740220838785172 0.207000526785851 0.199767994880676 0.321331617236137 0.196233460307121 0.08405606970191 0.0538728341460228 0.0510002970695496 0.0986834414303303 0.0826035089790821 0.0373454058542848 0.0864783518016338 0.0328009221702814 0.0357538975775242 0.0347040720283985 0.0366955533623695 0.0627578776329756 0.0970451094210148 0.0703182928264141 0.0860707074403763 0.0740989591926336 0.0906745590269566 0.0382477670907974 0.0559328205883503 0.0644395913928747 0.0359581116586924 0.0441218473017216 0.29579711407423 0.0641976591199636 0.082418068498373 0.0471465285867453 0.0371633997187018 0.0712827403098345 0.0729336615651846 0.0299015417695045 0.0516717001795769 0.0377794925123453 0.0220316912047565 0.0230041002854705 0.0232083186507225 0.0807822622358799 0.0237970532849431
0.184868034720421 0.313197162747383 0.236674851179123 0.622319209575653 0.439622819423676 0.0970667354762554 0.0787050895392895 0.160536481440067 0.0820093974471092 0.285273724794388 0.164024069905281 0.0979255199432373 0.149031760543585 0.106675033271313 0.0415388032793999 0.0459894724190235 0.0380326606333256 0.0358233816921711 0.0361813962459564 0.0600312352180481 0.0630630727857351 0.0866116672754288 0.114062996953726 0.169164568185806 0.0384902449324727 0.037729680351913 0.038514075614512 0.0371967986226082 0.0350778440013528 0.0337607607245445 0.0349320052191615 0.0330285178497434 0.156096748262644 0.103860709071159 0.0358951577916741 0.0548841938376427 0.0667660396546125 0.0942102819681168 0.0938760541379452 0.0254983987659216 0.176321297883987 0.0615403801202774 0.0427416019141674 0.0437847055494785 0.0213378641754389 0.0220746483653784
0.129153026640415 0.180689224600792 0.120122426748276 0.307363525032997 0.0644810792058706 0.073964474350214 0.0782121360301971 0.0625587891787291 0.0627029698342085 0.0560841619968414 0.0826530180871487 0.0700122516602278 0.0569859940558672 0.471516704559326 0.115723575651646 0.0402280131354928 0.0367728412151337 0.0340363297611475 0.0338422827422619 0.0346794730052352 0.058796065300703 0.036466839723289 0.0850602366030216 0.0330486634746194 0.061507710441947 0.0380556311458349 0.030837937630713 0.0634974453598261 0.0514672465622425 0.0361808005720377 0.0448955532163382 0.0306257952004671 0.0321544578298926 0.0349844221025705 0.0650104735046625 0.0363709574565291 0.0497173931449652 0.031088238582015 0.0259911965578794 0.0329648964107037 0.0314155526459217 0.0358832605183125 0.0174813812598586 0.0186719076707959 0.0501589804887772 0.0360159955918789
0.276823648810387 0.395611560344696 0.194357487559319 0.165482848882675 0.152005317807198 0.123073559254408 0.131595107913017 0.115510961413383 0.057841357588768 0.109564144164324 0.127277331054211 0.228012797236443 0.0533008452504873 0.0771177612245083 0.0514741241931915 0.10719767510891 0.0297537857666612 0.0555097181349993 0.0343399425968528 0.0347245793789625 0.0619615241885185 0.278466774523258 0.168876072764397 0.026783843152225 0.0314559606835246 0.0646041620522737 0.0384532906115055 0.0327204380184412 0.0219556611031294 0.0226809030398726 0.023933395370841 0.0880138576030731 0.0410477660596371 0.0331347141414881 0.0612163376063108 0.0509105645120144 0.055567080900073 0.0541720271110535 0.0252574069425464 0.0357366148382425 0.0179735582321882 0.0358313340693712 0.0223621619865298 0.024489245004952 0.046102361753583 0.0165071098133922
0.66839844584465 0.277236945927143 0.242616531252861 0.176274786889553 0.057123526930809 0.152793109416962 0.098261658847332 0.305736312270165 0.158930268883705 0.0508736934512854 0.0483772069215775 0.0612155977636576 0.0808576084673405 0.041484397277236 0.0904814518988133 0.0368037471547723 0.0258452231064439 0.0224937641993165 0.0335726391524076 0.0483781848102808 0.0342563264071941 0.0597067303955555 0.0577856637537479 0.0617123004049063 0.0371730245649815 0.0492784965783358 0.0382540641352534 0.0325693186372519 0.0322914209216833 0.0631255719810724 0.165373489260674 0.153167003393173 0.0466569904237986 0.0315405055880547 0.035411705262959 0.0397428834810853 0.0349124202504754 0.0717756435275078 0.0259821966290474 0.0214638814330101 0.0670064069330692 0.0199185842648149 0.0217307819053531 0.0254194296896458 0.0259585967287421 0.0196841038763523
0.282952642440796 0.226534056663513 0.0976527109742165 0.212318003177643 0.106514281779528 0.23874317407608 0.171087461709976 0.0446453709155321 0.10916515365243 0.111130089312792 0.0372035793960094 0.146021872758865 0.110784094780684 0.0407523348927498 0.0628434922546148 0.0267970344051719 0.0489741843193769 0.053483297675848 0.036052905768156 0.0278852023184299 0.0339611932635307 0.0615928046405315 0.0329540595412254 0.0296734480187297 0.0367823706939816 0.0472129408270121 0.100265419483185 0.0309901753440499 0.0541644051671028 0.0182265920564532 0.0498962301760912 0.0177751357667148 0.0246984442695975 0.0303492903709412 0.0271835310384631 0.0232687398791313 0.0322928830981255 0.0514314126223326 0.0948095373809338 0.0367337822914124 0.0431768469512463 0.045587283372879 0.0267155652865767 0.0449721895158291 0.0281784804537892 0.139266391098499
0.780111217498779 0.625608825683594 0.544751387834549 0.425729554891586 0.312182983756065 0.227460673451424 0.187745177745819 0.119913382083178 0.295534051954746 0.0770328111946583 0.0622944205999374 0.0403307512402534 0.0389581486582756 0.080794944614172 0.0311033653095365 0.0297184828668833 0.0288784762844443 0.086722819507122 0.0261275989934802 0.105882769078016 0.0418041620403528 0.102761629223824 0.053440073505044 0.145119892805815 0.0592166099697351 0.130556446313858 0.0670936148613691 0.0713881339877844 0.110032396018505 0.0727177776396275 0.0870621778070927 0.0419525176286697 0.0902919732034206 0.159311245381832 0.0440478093922138 0.0468277920037508 0.0426969353109598 0.0469067055732012 0.160078604519367 0.087523428350687 0.0272424990311265 0.0278462018817663 0.0382393274456263 0.0285307839512825 0.101278372108936 0.0678730927407742
0.650132793188095 0.722299647331238 0.776365453004837 0.737855863571167 0.422678336501122 0.271401207149029 0.239563597738743 0.164536388218403 0.0707158632576466 0.146893900632858 0.0302819767966866 0.0548155657947063 0.135274088382721 0.0503670807927847 0.125883106142282 0.060497260093689 0.042353904992342 0.0819237552583218 0.0337761368602514 0.169128979742527 0.0270731046795845 0.061015335470438 0.0766173470765352 0.137166838347912 0.0402061279863119 0.130163243412972 0.118233539909124 0.0772678032517433 0.118609166890383 0.0736013699322939 0.0925040259957313 0.040052654594183 0.0587253209203482 0.118862510472536 0.0605019949376583 0.327781328558922 0.130059023201466 0.0971009820699692 0.111796233803034 0.121150694042444 0.0516759779304266 0.104535260051489 0.100493690371513 0.132018026709557 0.066439276188612 0.0272262705489993
0.276532481610775 0.76016880273819 0.816810119152069 0.709434229135513 0.780595165491104 0.722419625520706 0.192910255491734 0.285354992747307 0.0982080817222595 0.086695322394371 0.155579253286123 0.0220595979131758 0.0211522324942052 0.0205629612319171 0.153261845558882 0.0750289488583803 0.0526517018675804 0.0359443018212914 0.0977884970605373 0.0863958038389683 0.0812470708042383 0.173392182588577 0.126165434718132 0.0981970474123955 0.188691145181656 0.055767298489809 0.123955257236958 0.025251454859972 0.0240952430292964 0.0454548645764589 0.0789662182331085 0.106902622431517 0.0625569690018892 0.0734734360128641 0.0447964079678059 0.14814672395587 0.133569251745939 0.111232976615429 0.0322035087272525 0.0889534875750542 0.0502602256834507 0.0385810818523169 0.0298237496986985 0.0283698039129376 0.0409620955586433 0.0474322181195021
0.16360610127449 0.214878053963184 0.465312451124191 0.719659930467606 0.777469348907471 0.766481399536133 0.775320714712143 0.569312536716461 0.152752342820168 0.0436671536415815 0.051259545609355 0.0208950547501445 0.0287414323538542 0.0716503381729126 0.130549055337906 0.0813570104539394 0.0207044437527657 0.0377484321594238 0.0406394707038999 0.0714648935943842 0.0180987722240388 0.0253567434847355 0.0538284502923489 0.102621252834797 0.0710202865302563 0.0735869858413935 0.201111231744289 0.10873254314065 0.0224266986362636 0.0387647271156311 0.0569596733897924 0.0829444825649261 0.166594450175762 0.0493016228079796 0.0556920479983091 0.0672485381364822 0.055222312733531 0.076174721121788 0.139005213230848 0.1385233476758 0.0406158283352852 0.0321131898090243 0.0367505181580782 0.0453029617667198 0.0408408790826797 0.0200906804762781
0.085612765699625 0.0972084984183312 0.202496449649334 0.370162272453308 0.45262493789196 0.841142696142197 0.70528878569603 0.920050060749054 0.587239408493042 0.282223719358444 0.154769840091467 0.122685445100069 0.0473326124250889 0.0217888530343771 0.0491143770515919 0.269148598611355 0.0401869088411331 0.0938445717096329 0.0284863986074924 0.0594647809863091 0.0161309218965471 0.0394964553415775 0.0492498386651278 0.0861212164163589 0.0352911654859781 0.0868826381862164 0.0716339856386185 0.0654736753553152 0.0759293004870415 0.140614950656891 0.0203342349268496 0.0214086732827127 0.0205210894346237 0.0414552818983793 0.0172334874048829 0.0380665242671967 0.111548306047916 0.0409328285604715 0.0250726630911231 0.0589334741234779 0.028253510966897 0.0259828619658947 0.0605549946427345 0.0445971831679344 0.0220753893256187 0.0189654735848308
0.0432940244674683 0.0889787048101425 0.14594779163599 0.173259875178337 0.210753904283047 0.55601794719696 0.869319802522659 0.812649440765381 0.740751969814301 0.475347122550011 0.513646161556244 0.4042903393507 0.169099237024784 0.0705706655979157 0.0532008808106184 0.0359325962141156 0.0184184013865888 0.0105218437500298 0.0143269614316523 0.0132126211188734 0.013035171572119 0.0142102422192693 0.0338768316432834 0.0440209798514843 0.0606296051293611 0.055376710742712 0.091070020198822 0.0719798114150763 0.0204531637951732 0.0821081310510635 0.0196607519872487 0.0646035853773355 0.0759055726230145 0.0845402382314205 0.0809783846139908 0.0222872080281377 0.0414102055132389 0.022360211238265 0.0581187929958105 0.028783942759037 0.0228507414460182 0.0194092456251383 0.0238532396033406 0.021598593890667 0.0712141510099173 0.142874582111835
