Scripts_&_data/Maxent_result_files_1/Bombus_bohemicus_3.asc
NCOLS 594 
NROWS 330 
XLLCORNER -15 
YLLCORNER 23 
CELLSIZE 0.166666666666667 
NODATA_value -9999 
[rows 300 to 319 of 330, columns 0 to 45 of 594]
-9999 -9999 -9999 -9999 -9999 -9999 -9999 -9999 -9999 -9999 -9999 -9999 0.000168847987879417 7.41842582385743e-07 7.02701596821953e-07 6.04301872897395e-07 1.68391680119839e-06 8.20411560198409e-07 7.56164358506339e-07 7.52470026554874e-07 6.63813821688564e-07 4.37573972078553e-07 3.55079774294609e-07 2.89879837112039e-07 2.50764189146935e-07 2.32606652161849e-07 1.08259589026716e-07 4.09352420405185e-08 3.462136275445e-08 2.11971660224464e-08 1.50445371271957e-08 9.80132173200587e-09 7.11853446189181e-09 6.22745716105655e-09 4.51996463590731e-09 3.9047594380115e-09 3.40994471548228e-09 2.68973654460325e-09 2.0831454561332e-09 1.63061590896518e-09 1.21091692228958e-09 9.57089796305155e-10 7.21325188468569e-10 6.42078212820252e-10 5.34010891062309e-10 4.47547587878461e-10
-9999 -9999 -9999 -9999 -9999 -9999 -9999 -9999 -9999 -9999 -9999 -9999 5.38029661356632e-07 4.13483277128535e-07 4.77872422521841e-07 5.3438627247715e-07 6.38465496649587e-07 7.00791710528392e-07 7.69228192609717e-07 7.19327046283524e-07 4.94212930846061e-07 3.68395834016155e-07 2.12634411056456e-07 2.00948724327077e-07 2.25698782685413e-07 1.44874437779663e-07 7.35053852451983e-08 4.95667292987889e-08 3.58860266391758e-08 2.29145289409871e-08 1.35731935024808e-08 9.09295453377368e-09 6.47951688970139e-09 4.80083257592412e-09 3.91021244272594e-09 3.30654854607815e-09 2.91580231071009e-09 2.45968696521715e-09 1.71488091504912e-09 1.18118160807867e-09 2.22463970578346e-09 1.93814807536441e-09 5.54365953142621e-10 5.12806130892329e-10 4.93104657106613e-10 4.66178928792971e-10
-9999 -9999 -9999 -9999 -9999 -9999 -9999 -9999 -9999 -9999 -9999 5.12502673899462e-07 5.37139412415399e-07 5.42297060235342e-07 5.18362698898045e-07 5.64638256150829e-07 6.21215168905564e-07 5.86449695560987e-07 6.52091998176729e-07 5.32732275360104e-07 4.12575506913981e-07 2.45155637301764e-07 2.01392810339485e-07 2.36398571829e-07 1.94643239481707e-07 9.99471000184826e-08 4.21288966379052e-08 3.11225773153012e-08 2.22334921140543e-08 1.54413696717981e-08 9.85931438712839e-09 6.32204051331797e-09 5.03364913084781e-09 4.11519216481082e-09 3.39203566346313e-09 2.81909422472637e-09 2.44487277090144e-09 1.90584450443509e-09 1.31345390119719e-09 9.94652726848955e-10 8.09746769636632e-10 5.49365664070933e-10 5.11758668775286e-10 5.58592216926002e-10 1.48670371569182e-09 1.20370277079118e-09
-9999 -9999 -9999 -9999 -9999 -9999 -9999 -9999 -9999 -9999 6.5579456895648e-05 4.36003940507135e-07 4.90691677157429e-07 4.20386904664838e-07 4.32370805469873e-07 4.22884813389146e-07 4.48230876060052e-07 4.52152440288955e-07 4.10705570175196e-07 3.65390738465976e-07 3.3195554109966e-07 1.95173962325157e-07 1.58849905673719e-07 1.75033087401744e-07 8.7385629576886e-08 5.26726602778638e-08 2.41481592055948e-08 2.51434249864957e-08 1.7688068454369e-08 1.07056013831652e-08 6.38330165392276e-09 4.84221397423212e-09 4.14156912098562e-09 3.30925979952212e-09 2.61853052574423e-09 2.02750358724302e-09 1.87594075828912e-09 1.56003026052787e-09 1.15594953609133e-09 9.28364818353344e-10 7.27979665438028e-10 5.7232094619053e-10 6.33635899305318e-10 6.09684369656804e-10 5.78799363992744e-10 5.17170795077959e-10
-9999 -9999 -9999 -9999 -9999 -9999 -9999 -9999 -9999 -9999 9.88029239579191e-07 4.44913987962536e-07 3.89420691249143e-07 3.43480549958031e-07 3.51213486737834e-07 3.67457095507007e-07 3.99629193026385e-07 4.18726771300726e-07 4.06373305139596e-07 3.48160170915435e-07 2.47431636424267e-07 1.41222212057812e-07 1.055866945876e-07 6.06626983312708e-08 3.06599080790448e-08 1.70053641834755e-08 3.42069217396102e-08 2.89505581729799e-08 8.92932806584312e-09 7.78774769116808e-09 5.26222441177282e-09 4.20217913799092e-09 3.34847145566641e-09 2.79549807746804e-09 2.20734726052996e-09 1.69282279305349e-09 1.44194091111771e-09 1.21507758299444e-09 1.02825943315565e-09 8.40945368896229e-10 6.7667179637354e-10 6.32412999745924e-10 5.29452759412408e-10 4.83142259533054e-10 4.62193039396652e-10 4.06575884071003e-10
-9999 -9999 -9999 -9999 -9999 -9999 -9999 -9999 -9999 0.000192129277274944 1.06632936365259e-06 3.74241761846861e-07 3.37325754173889e-07 2.85154406043375e-07 2.9656884095175e-07 3.31641771822433e-07 3.63729934349521e-07 3.65483452924309e-07 2.86846088215498e-07 1.86244095345955e-07 1.28264335685913e-07 9.50066949556572e-08 7.71029013968416e-08 3.21126640834279e-08 1.79654160437082e-08 1.8883015862059e-08 4.89019352789555e-09 6.61548766878184e-09 1.83245347784577e-09 7.35388420158856e-09 4.31084676844051e-09 3.1195956262664e-09 2.74182674342427e-09 2.29727618039632e-09 1.86321973405512e-09 1.38191991183589e-09 1.15110433407395e-09 1.01256302231789e-09 8.96224894297859e-10 7.61365681611892e-10 5.89187854060924e-10 5.14500264614526e-10 3.7524081619722e-10 3.0402380613026e-10 3.3445252123343e-10 2.89391799412897e-10
-9999 -9999 -9999 -9999 -9999 -9999 -9999 -9999 -9999 7.00685147592139e-07 3.29993773107162e-07 3.17438615837773e-07 2.14240310825176e-07 1.90406646893848e-07 1.90605749850192e-07 2.08449115035592e-07 1.9112266258503e-07 1.28561323364806e-07 1.02302242410701e-07 9.20738619569761e-08 7.27090686325482e-08 6.69601020852895e-08 4.2192994786916e-08 1.98417952290697e-08 1.14233423165189e-08 7.1466826678801e-09 4.51907169463084e-09 3.05047997972707e-09 2.55655817626987e-09 4.80969689631294e-09 2.31375488768393e-09 2.79818522797015e-09 2.17510535138743e-09 1.43484115699977e-09 1.12187080736348e-09 9.07070429878587e-10 7.42562888955689e-10 6.88663559511582e-10 6.35107444413308e-10 6.62122501271511e-10 5.91715421105477e-10 3.42174877321355e-10 2.73849298793039e-10 2.22082319201178e-10 2.07345407510218e-10 2.30316510307915e-10
-9999 -9999 -9999 -9999 -9999 -9999 -9999 -9999 -9999 2.54969555868456e-07 3.10600113095916e-07 2.94004213685639e-07 2.54326738158284e-07 2.38770806859634e-07 1.85456681123242e-07 1.56558498787263e-07 1.59081591633026e-07 1.39466564519353e-07 9.75811298431495e-08 1.75348502295947e-07 4.7406617120771e-08 3.61631189882416e-08 2.3774567114998e-08 1.25915510684749e-08 8.83002911900022e-09 5.89211440749082e-09 3.60387657494243e-09 2.46785919477688e-09 1.99515375332027e-09 1.6576608863339e-09 2.43933280241748e-09 2.30446448590271e-09 1.70284725209413e-09 1.15398034461478e-09 9.24910847910354e-10 7.49288675550019e-10 6.40016550867983e-10 5.59892066043233e-10 5.41543321297411e-10 5.4565593154976e-10 4.85631257429731e-10 3.41511174895004e-10 2.86575152497193e-10 2.39082953434888e-10 2.0046102555682e-10 1.81884118877207e-10
-9999 -9999 -9999 -9999 -9999 -9999 -9999 4.65559271106031e-05 3.37095787017461e-07 2.39453595796135e-07 2.84816956508394e-07 2.43963382473567e-07 2.35529780567845e-07 2.05689045884583e-07 1.85827805054828e-07 1.6558004212186e-07 1.60910217061883e-07 1.81497908258166e-07 1.52444319745371e-07 6.51688887742807e-08 3.44509721195152e-08 2.69314025747036e-08 1.82848963081739e-08 9.4725846722099e-09 6.31520340466096e-09 5.0927773553866e-09 3.36340424400561e-09 2.56523432495825e-09 1.9345530732906e-09 1.53532829783032e-09 1.66040970972503e-09 1.61389220876273e-09 1.37926244869746e-09 1.05928291693758e-09 8.62290128189613e-10 7.61208174271388e-10 6.88851409247349e-10 5.61885793448624e-10 5.14228437609177e-10 4.70370165039924e-10 4.40477987417864e-10 3.81433196139369e-10 3.90108889636309e-10 3.47292317126602e-10 2.85902068686283e-10 2.62831811870257e-10
-9999 -9999 -9999 -9999 -9999 2.49399107815407e-05 3.52717933083113e-07 3.41999305675245e-07 2.69386447726561e-07 2.12574812863409e-07 2.35178904262057e-07 1.96579752298476e-07 2.25468829739839e-07 1.74799374974555e-07 1.64130658575345e-07 1.51857697439084e-07 1.57137030498689e-07 1.36742696454917e-07 1.04153345326097e-07 4.90710768907832e-08 2.3935362092331e-08 1.75951236691674e-08 1.2274497462883e-08 8.77458601333814e-09 6.21028938274648e-09 5.14861361322616e-09 4.29969717608003e-09 3.56352617414402e-09 2.66797425263476e-09 2.0094072739063e-09 1.64268859625949e-09 1.36682177798164e-09 1.1533053623225e-09 1.0654648274766e-09 8.84733308836871e-10 7.53229778549525e-10 7.34755201126092e-10 6.70093935895011e-10 5.918008083583e-10 5.05700692432498e-10 4.70069361213632e-10 4.57988869051462e-10 4.45926007230923e-10 3.52835605177404e-10 2.65151800515895e-10 2.4356265893033e-10
-9999 -9999 -9999 -9999 7.47296168412959e-07 2.88834517192527e-07 2.54206157279668e-07 2.38115068640354e-07 2.00984144527183e-07 1.82276670201986e-07 2.02018621564548e-07 1.79362215035894e-07 1.97048487038387e-07 1.62888423815843e-07 1.44144828695403e-07 1.36073808754134e-07 1.06861074833375e-07 7.50549990158334e-08 5.88704224924186e-08 3.47733572603204e-08 1.554653845659e-08 1.11879432829198e-08 8.43472839351378e-09 8.12850105003093e-09 6.88900557710426e-09 5.39177807956648e-09 4.24722718106452e-09 3.51221858263528e-09 2.5376315493375e-09 1.9762368186349e-09 1.44041218952395e-09 1.10264909425339e-09 8.60685256398597e-10 7.79646891491126e-10 7.43249783941025e-10 6.09644978943891e-10 5.8450290163492e-10 5.24227694587154e-10 4.71405703361682e-10 4.56486770605835e-10 4.39470959623378e-10 4.3739847299662e-10 4.36044866880536e-10 3.68726782440376e-10 2.893414396965e-10 2.54321230741539e-10
-9999 -9999 -9999 6.49508740480087e-07 2.89756439997291e-07 2.36721836088805e-07 2.00929341076517e-07 1.92864965598005e-07 1.60800104964665e-07 1.7057918242358e-07 1.73639856981822e-07 1.70517118291968e-07 1.55478842600587e-07 1.41380861506946e-07 1.24001276446961e-07 1.05182908605173e-07 7.4432721763884e-08 4.85202333422308e-08 3.08578674612647e-08 1.82223453881747e-08 1.05000554917467e-08 9.98624165582385e-09 9.00186956087623e-09 6.67878162774471e-09 5.79468227845936e-09 4.29214332964278e-09 3.6179337636888e-09 2.77371706713936e-09 1.82604688037102e-09 1.3067478765727e-09 9.73230152023774e-10 7.94963439521013e-10 6.78394129760562e-10 6.1033791354248e-10 5.47921141791363e-10 4.83788031857557e-10 4.40960079561847e-10 4.49868142737841e-10 4.15021861321918e-10 3.72226993672342e-10 4.01751309997422e-10 4.09310307869504e-10 4.30835533915541e-10 3.81512355041025e-10 3.17557224960297e-10 2.90021195947787e-10
-9999 -9999 -9999 5.16483714818605e-07 2.7333981655886e-07 2.47794758578834e-07 2.29907028881371e-07 1.72411880683399e-07 1.51215086319212e-07 1.683383402451e-07 1.4525185125791e-07 1.54274909647256e-07 1.3444836248766e-07 1.28074685079582e-07 1.0705731696703e-07 6.1522079874976e-08 3.64020479981519e-08 2.42761379443124e-08 1.79737508654299e-08 1.04306196235804e-08 7.83673356208325e-09 7.59955279816538e-09 6.86168524222097e-09 5.39656238585096e-09 4.65439539132362e-09 3.43390359480722e-09 2.1983670106529e-09 1.65270507279658e-09 1.19960353872628e-09 9.41279010291396e-10 7.25149895686172e-10 5.95927640567595e-10 5.33452648721067e-10 4.80724748896932e-10 4.34439662022612e-10 3.8840337612811e-10 2.9910413035239e-10 3.4570208917728e-10 3.72297948025846e-10 3.53801410390986e-10 3.36307115489376e-10 3.50592532782912e-10 3.41278050264293e-10 3.13873360635597e-10 3.06908642944137e-10 2.80589318446545e-10
-9999 -9999 2.29401696287823e-06 2.56015542277055e-07 2.58383456852584e-07 2.36524344643385e-07 2.15909040690576e-07 1.37343200279361e-07 1.12422812925672e-07 1.29313117902541e-07 1.28537449839428e-07 1.13590954597953e-07 1.05760926771836e-07 9.22822827931213e-08 5.2150762108738e-08 3.25365710818204e-08 1.82662808878575e-08 1.58099604963269e-08 9.16207191226093e-09 6.04333306730709e-09 5.73262085579174e-09 5.06441864001061e-09 3.80207425543233e-09 3.19311497243291e-09 2.71008330221534e-09 1.86188283679556e-09 1.25123004179883e-09 1.04069660666894e-09 8.5604390243077e-10 7.07023750656788e-10 6.13283024364364e-10 4.83033679721245e-10 4.0371960219332e-10 3.7671733510436e-10 3.44790329620537e-10 3.04557268293593e-10 2.72584754767991e-10 2.76991418690642e-10 3.27620597317946e-10 3.17334691857241e-10 2.51564435949092e-10 2.48499321120477e-10 2.73021949492858e-10 2.69244360140419e-10 2.58648336082246e-10 2.52446374915394e-10
-9999 -9999 2.4671005114385e-07 2.3512030367101e-07 2.20136034911889e-07 1.91978416452798e-07 1.78445815279815e-07 1.34564922404934e-07 9.71710873542975e-08 1.02477995866934e-07 1.00198372265936e-07 9.16707822540275e-08 7.80101887976059e-08 4.70604509139605e-08 3.19519080527186e-08 2.64158245499857e-08 1.24083159747101e-08 7.58631569786061e-09 4.2112507925296e-09 3.94426762362343e-09 3.7263185426184e-09 3.22518854956044e-09 2.13749158373133e-09 1.71909523283276e-09 1.36927480465232e-09 1.00825195969989e-09 7.58157514546554e-10 6.76023059753561e-10 5.9354242631926e-10 5.32696919908204e-10 5.11898012867107e-10 3.89966803293618e-10 3.34651517608364e-10 2.72150313396224e-10 2.47190923285956e-10 2.41576980641867e-10 2.67600785974764e-10 2.8193578582858e-10 2.47592679691877e-10 2.71213984603946e-10 2.64055810550445e-10 2.336642879186e-10 2.44424591677728e-10 2.4301626266876e-10 2.14214257443501e-10 1.88362381248197e-10
-9999 3.09532600113016e-05 2.2127311751774e-07 2.14866635417366e-07 1.90038200997833e-07 1.57433650826988e-07 1.55644585930759e-07 1.37055472038128e-07 1.26739065819947e-07 8.29195029083962e-08 7.79260449057517e-08 6.969028589765e-08 4.51379001731311e-08 3.08615262234468e-08 2.30966769265706e-08 1.70544244948445e-08 1.19883690086198e-08 6.93316714039938e-09 4.00930624255835e-09 2.6299847744049e-09 2.28016815428944e-09 1.93538463033605e-09 1.14255404026764e-09 8.19044354560816e-10 8.32305524500754e-10 6.6919443320046e-10 5.74072267500725e-10 5.14426989894901e-10 4.45951731098404e-10 4.00851674076108e-10 4.01022526297368e-10 3.306586005003e-10 2.48180209716509e-10 2.16733064828389e-10 2.16603879277244e-10 2.37650299439451e-10 2.58802057562235e-10 2.51790366334603e-10 2.11636885794064e-10 2.32384100851135e-10 2.44462228238262e-10 2.18763140935607e-10 2.12602446758581e-10 1.91349658340556e-10 1.78401060590971e-10 1.64784952350061e-10
-9999 6.56086828598745e-07 2.13947225802258e-07 2.00684976903176e-07 1.6658972192829e-07 1.51362953104695e-07 1.38621344447643e-07 1.38168592478394e-07 1.261387078344e-07 7.35449087407858e-08 5.62610213528103e-08 4.53779724018943e-08 3.0961436259247e-08 2.23888990014132e-08 1.74609898984102e-08 1.19806114806664e-08 6.8319815471618e-09 3.70813060257547e-09 2.97753885991625e-09 1.53066321839646e-09 1.11574234296086e-09 9.88084314368365e-10 7.35883787239544e-10 5.62974278306427e-10 5.44581857386817e-10 5.09357733768923e-10 4.60547111558185e-10 3.88747123380995e-10 3.38046135528458e-10 2.99003333203984e-10 3.04227298908444e-10 2.52078669049638e-10 2.0073469553239e-10 1.98391481021076e-10 1.96385485651263e-10 2.04350347754456e-10 1.97843519345042e-10 1.84155424243215e-10 2.00857819265821e-10 2.12381201514233e-10 2.11907302816172e-10 1.76318026845479e-10 1.72897329786537e-10 1.83524673236235e-10 1.71811043170322e-10 1.36953026697029e-10
-9999 6.85487711393762e-07 2.07858710155051e-07 1.67341237755636e-07 1.29952613647788e-07 1.26285330281917e-07 1.08175323276782e-07 1.18337902144106e-07 9.91723858589921e-08 5.80075753653375e-08 4.35872870241383e-08 3.18454352665754e-08 2.29144763608247e-08 1.75081656283993e-08 1.14249669280753e-08 5.61385290476224e-09 3.78899038810943e-09 1.99757964614022e-09 1.59896518248104e-09 1.01896255877421e-09 7.53128293062844e-10 5.95535021297167e-10 4.99574936974057e-10 4.23253032622029e-10 3.79773446024245e-10 3.61313812202724e-10 3.2430209628842e-10 2.91666546470282e-10 2.58916410533772e-10 2.35394037595427e-10 2.2639838892502e-10 2.01595762305828e-10 1.97464777862422e-10 1.82356363342961e-10 1.70663916332359e-10 1.6893406673546e-10 1.62097912870252e-10 1.59373247932137e-10 1.5757404270289e-10 1.44532996682045e-10 1.68238611930605e-10 1.61033575363234e-10 1.42940992375884e-10 1.48118539655684e-10 1.50227852380169e-10 1.25852583909847e-10
-9999 5.28885527728562e-07 1.98809471996242e-07 1.61542429211181e-07 1.1217512785322e-07 1.03837218645708e-07 1.02263960499727e-07 9.86861227403324e-08 7.88712326560415e-08 4.89691646343715e-08 3.24446858268601e-08 2.12334730242958e-08 1.4174809370715e-08 7.81749237566132e-09 3.46448210120087e-09 2.22727746246321e-09 1.69666061200502e-09 1.31400121894387e-09 9.7463118686747e-10 7.07522718190745e-10 5.5122663100704e-10 4.11714207171343e-10 3.4019497219262e-10 3.29467153559193e-10 2.91504553828759e-10 2.73563782737796e-10 2.25654295249456e-10 2.17802431645708e-10 2.2294084356389e-10 2.21371543318583e-10 2.20510665283058e-10 1.93917670809896e-10 1.77124948042007e-10 1.61921631658402e-10 1.48038403757766e-10 1.4128440639638e-10 1.22048515738271e-10 1.10016984411487e-10 1.10365716565752e-10 1.14886578028717e-10 1.23131593809944e-10 1.48572221192467e-10 1.39725597758655e-10 1.14178078103322e-10 1.19168208634335e-10 1.15641596298843e-10
-9999 2.08982950411496e-07 1.86929522882906e-07 1.53352011622587e-07 9.91677325146156e-08 9.61606989591246e-08 9.49241716341476e-08 9.07839510233543e-08 6.8805116537618e-08 4.24615419714058e-08 2.39857127048992e-08 1.50747930138806e-08 7.3333480510307e-09 3.6961162575011e-09 2.17423102855108e-09 1.28047009662069e-09 1.08731600390044e-09 9.37920285881688e-10 6.98383229025268e-10 4.98882291033453e-10 4.17494017135311e-10 3.58558749358195e-10 3.31738525538583e-10 2.95540836248165e-10 2.41257580579912e-10 2.23672025345678e-10 2.1309111142287e-10 2.02518113390227e-10 1.98086669289665e-10 2.03653360841827e-10 2.05085504134672e-10 1.64383273659752e-10 1.58377533310272e-10 1.46020806557345e-10 1.21534660113554e-10 1.13064468898472e-10 1.06724273862824e-10 9.93372939461779e-11 9.22855458718175e-11 1.01262165319582e-10 1.07695863338364e-10 1.18628362688611e-10 1.27586452514095e-10 1.19540533027873e-10 1.0240904790848e-10 1.16548437567587e-10
