Scripts_&_data/Maxent_result_files_1/Bombus_persicus_3.asc
NCOLS 594 
NROWS 330 
XLLCORNER -15 
YLLCORNER 23 
CELLSIZE 0.166666666666667 
NODATA_value -9999 
[rows 273 to 293 of 330, columns 282 to 328 of 594]
-9999 -9999 -9999 -9999 -9999 -9999 -9999 -9999 -9999 -9999 -9999 -9999 -9999 -9999 -9999 -9999 -9999 1.82063299214441e-06 1.34064594481398e-07 1.28730791504328e-07 3.61158632000702e-08 7.85546716564056e-09 1.75128677792902e-07 5.68997024859019e-06 1.11525667989554e-07 9.14545081553975e-08 6.62925250694002e-08 1.47865446820106e-07 5.7722919444525e-05 1.59612123246111e-05 8.17086873053929e-06 7.06298691418583e-06 1.31900306670985e-05 1.3446023664887e-05 1.06105432794545e-05 9.67429564466826e-06 1.11159137852646e-05 9.69044224004012e-06 1.39656582177183e-05 1.44806802945707e-05 1.44380592462579e-05 1.13790643420097e-05 3.4855835663028e-05 1.01498888218199e-05 8.65761869216497e-06 1.00736314558425e-05 8.98724780640237e-06
-9999 -9999 -9999 -9999 -9999 -9999 -9999 -9999 -9999 -9999 -9999 -9999 -9999 -9999 -9999 -9999 -9999 9.60690005324949e-10 1.58177645718238e-06 1.00664336958323e-06 7.93205325118063e-06 8.15702717371636e-08 5.12801071916869e-07 2.09848663912382e-07 2.35127431298388e-06 3.36151502984272e-06 1.90255877616785e-06 7.08672063960414e-06 3.66568744195606e-06 4.06924741965797e-06 2.23521366001456e-05 5.89431040962651e-06 9.98772266950221e-06 1.23284630031306e-05 1.16109981503798e-05 1.00207748575998e-05 1.0670246409461e-05 1.25637665964295e-05 1.2883375283923e-05 1.34236275778576e-05 1.44938444069376e-05 2.14393664052626e-05 2.48053489943612e-05 1.86705532673082e-05 1.37123012795337e-05 1.14438042806198e-05 7.19431815439098e-06
-9999 -9999 -9999 -9999 -9999 -9999 -9999 -9999 -9999 -9999 -9999 -9999 -9999 -9999 -9999 -9999 -9999 5.21804821573824e-16 3.48505171909874e-06 8.1853897652584e-06 2.41526017186189e-08 5.91321869158889e-07 2.19508545473701e-07 8.05466804365551e-13 4.57734039853719e-06 4.27676345043926e-06 3.85369078618192e-06 1.11412550632961e-06 2.02109498635972e-06 3.66683199933826e-06 5.62189679098601e-06 7.91549619704179e-06 1.02081724039471e-05 1.23759199760043e-05 1.29799065300862e-05 1.17361022540341e-05 1.09382710748007e-05 1.20859363769155e-05 1.02962992005518e-05 1.14876599353719e-05 1.49277842557471e-05 2.7791464212501e-05 3.4909863742838e-05 5.17334871206421e-05 1.06273788501254e-05 1.15722383598693e-05 8.95320941717292e-06
-9999 -9999 -9999 -9999 -9999 -9999 -9999 -9999 -9999 -9999 -9999 -9999 -9999 -9999 -9999 -9999 5.66577895710907e-12 3.28405825866795e-09 7.73427197534593e-06 2.22044604925031e-17 1.80414072892265e-07 5.39021249301719e-08 1.04221032104501e-07 4.99279173560296e-11 1.17335350672265e-06 1.12693347213977e-06 1.7199222464237e-06 2.93222723896092e-06 2.15688222882093e-07 8.29566260804882e-06 5.48838550600284e-06 1.05147847704656e-05 1.11151710619373e-05 1.05275580990716e-05 1.3369662941165e-05 1.13264019788395e-05 1.13623809496644e-05 9.7953507542381e-06 1.01634516006088e-05 1.09377021339285e-05 1.26011455783615e-05 8.4958710945493e-06 1.33802604310063e-05 0.000100613772732694 2.26297493490457e-05 7.4756021636091e-06 7.19545089263862e-06
-9999 -9999 -9999 -9999 -9999 -9999 -9999 -9999 -9999 -9999 -9999 -9999 -9999 -9999 -9999 -9999 1.90355321505464e-08 3.71175708058225e-08 7.5180133966235e-06 4.44089209850063e-17 3.18929458387185e-07 1.19942483709501e-06 2.7283445314108e-08 1.61262585951505e-08 2.00773117834396e-06 1.00217393997903e-06 1.54245217003357e-06 3.24699932403583e-06 3.24435323086902e-06 3.41088065939354e-06 4.69478013432889e-06 9.12021949601716e-06 9.31575501154081e-06 1.03035636773829e-05 1.18209772695277e-05 1.58257674548246e-05 9.6729180903421e-06 8.36427684313135e-06 9.02955346300249e-06 2.80460085227752e-05 2.88813114724173e-05 7.75606254422856e-06 8.03158679613114e-06 1.55967046274741e-05 8.52915303497515e-06 7.50130688409456e-06 6.75062025373707e-06
-9999 -9999 -9999 -9999 -9999 -9999 -9999 -9999 -9999 -9999 -9999 -9999 -9999 -9999 -9999 1.41813817022829e-08 4.50788936068314e-08 1.74539193098511e-08 1.63666665442541e-07 4.12210416467218e-07 3.48638546365798e-06 2.98645377116991e-06 3.80848775849429e-07 3.62237426443368e-07 5.68839316306136e-07 8.61169957511176e-07 1.55795203199416e-06 4.59298188968393e-06 5.10168832289493e-06 7.85454284916165e-06 1.9918079007275e-05 6.56217745481635e-06 9.20098461755226e-06 9.64476862425068e-06 1.23198702483562e-05 1.21535835140518e-05 8.08974306983901e-06 7.51618689454059e-06 7.69621585249292e-06 8.19679688989217e-06 8.75929862506064e-06 8.23309366663194e-06 7.96684783022084e-06 8.12051896814658e-06 7.06277015585233e-06 6.95375086168237e-06 6.21283260009431e-06
-9999 -9999 -9999 -9999 -9999 -9999 -9999 -9999 -9999 -9999 -9999 -9999 -9999 -9999 7.95610371362443e-08 2.41521063149008e-09 8.87519809422699e-08 7.19713216545959e-07 6.71545283958963e-07 1.9984474931567e-07 4.61133132185765e-06 2.03887721748064e-06 9.9374581030709e-08 3.18052459225004e-07 5.49217803780255e-07 7.77979418831176e-07 1.51655307452092e-06 4.51945788459973e-06 8.62273434854011e-06 1.18987485648536e-05 1.30547923266056e-05 2.37924023656855e-05 2.12623176872317e-05 8.20111165125148e-06 1.01133272689014e-05 1.00702960550536e-05 8.90924965549766e-06 7.42794532810898e-06 6.43322372357868e-06 6.74914837154317e-06 7.9770295846826e-06 7.97122230168368e-06 7.46660787036557e-06 7.01558614235598e-06 6.77702918865375e-06 6.12425095213309e-06 5.53648437934262e-06
-9999 -9999 -9999 -9999 -9999 -9999 -9999 -9999 -9999 -9999 -9999 -9999 -9999 6.33212776324221e-08 2.6858568658028e-08 6.41021945746445e-08 3.33501175375783e-07 4.20559376934637e-07 3.69239893738271e-07 4.35412727251006e-07 3.3603041092789e-06 3.30113493940409e-07 1.86590436863643e-06 4.19970742249198e-07 1.70683106980318e-06 8.81180013501126e-07 1.62260496027189e-06 4.09416183183575e-06 1.20521887003844e-05 8.36833143937898e-06 1.40896867465989e-05 1.16653989972626e-05 2.98919656865682e-05 2.81173699507309e-05 8.420604705206e-06 8.49326442399212e-06 8.68511329484845e-06 8.59896781951752e-06 6.1184588413532e-06 6.2362989933229e-06 6.43968660428707e-06 6.6769786284393e-06 6.35979307515022e-06 5.75153045491161e-06 5.63224462521994e-06 5.68898309031285e-06 5.75059414369417e-06
7.65980840977676e-09 8.72215479064131e-08 5.11654446919696e-06 -9999 -9999 8.42926890709528e-07 2.21793631016709e-07 -9999 3.59400349991823e-07 7.82670046950429e-07 8.5677809658069e-07 2.29507307902832e-07 1.41467960845798e-07 6.83850177707335e-08 1.08848251878513e-07 1.04646866505576e-07 3.42835376310191e-07 4.444655978042e-07 4.96644786940337e-07 1.74614694348207e-07 4.02846191888129e-06 5.66240991539679e-07 1.16792723213743e-06 5.43232228966684e-07 7.7068839440253e-07 1.21469022579257e-06 1.77950753638134e-06 3.56754524525327e-06 6.81275506563273e-06 8.09105123052989e-06 1.75814382298856e-05 3.28918845227899e-05 1.15754469151796e-05 8.41214573411575e-06 9.5972674171052e-06 8.51321824016926e-06 7.29001138624064e-06 8.18338908686878e-06 5.29616453222026e-06 4.92903925004562e-06 5.18568977577738e-06 5.48232202456367e-06 5.66470449411272e-06 5.17454191732991e-06 4.72615034294854e-06 4.8607275571988e-06 5.07091595371989e-06
5.92999033210972e-09 6.77737877707862e-08 1.38446274255966e-07 7.58032244307927e-08 7.39629730794888e-08 8.036003952272e-08 8.36246259794393e-08 9.14305825605588e-08 9.95472462905767e-08 1.05560836449747e-07 1.05157376040221e-07 9.17499922481468e-08 9.68416360880298e-08 1.17817778766405e-07 1.13609014484872e-07 1.31076683407283e-07 1.97957290071216e-07 5.24484720432206e-07 1.5822098126117e-07 2.44757206113722e-07 6.43259880561686e-07 4.42143565249076e-07 3.78625430608182e-07 1.41811395998337e-06 9.22661901292532e-07 1.65901430392301e-06 2.19075417052794e-06 4.63816086062607e-06 7.68940808220098e-06 9.48360409154248e-06 1.32218471901702e-05 1.56331297469503e-05 1.35225416835749e-05 1.04430738914529e-05 8.42697243236268e-06 6.61945220141735e-06 6.19734917362003e-06 4.40789965223676e-06 4.7719993780726e-06 4.01122245665686e-06 4.19813071876884e-06 4.95231627117843e-06 5.85740136114232e-06 5.58852437784196e-06 4.74867206065044e-06 4.15448674514485e-06 4.8171087992821e-06
3.18853909941907e-09 5.49173994057739e-09 1.66728633543833e-07 1.53340353148401e-07 1.65677542551812e-07 2.0671596588917e-07 2.4186389836478e-07 2.50735747675535e-07 2.18444346067326e-07 1.63042904999244e-07 1.92617644390047e-07 1.61648541507908e-07 1.34817818886468e-07 1.45999236966787e-07 4.75405967115261e-07 1.74448835643659e-07 2.25744227377866e-07 2.18831737763825e-07 2.92577508009817e-07 5.68419819391153e-07 6.82350324732184e-07 5.50978834479299e-07 7.89371602183397e-07 8.25463396370019e-07 1.1090476903286e-06 1.89631907516752e-06 3.80179263411717e-06 5.82367457306887e-06 8.89352651918252e-06 1.61481972671629e-05 1.38280076806163e-05 1.55563207638543e-05 1.62608613728521e-05 1.55186045605382e-05 1.19044883455266e-05 7.7062990565202e-06 6.84806799996496e-06 5.18885123877988e-06 4.80184086152358e-06 4.16056213251581e-06 4.3495188644882e-06 4.62610009301922e-06 5.35182944342294e-06 4.97562403837248e-06 4.25894000196658e-06 4.35959611613246e-06 4.64949215247534e-06
1.14364615555473e-08 5.24693722581127e-08 1.00482074849584e-07 2.86761132772817e-07 3.35405773566055e-07 4.45457151354578e-07 5.48003306621858e-07 5.40981394736573e-07 4.48948469000676e-07 3.82364933393386e-07 3.65764546661484e-07 2.85279510991998e-07 2.32338474637217e-07 2.40460590006375e-07 2.04445833240641e-07 2.88375198553847e-07 9.04852071270668e-07 3.30261418479694e-07 5.10271941200902e-07 9.21669096110023e-07 9.11484226340242e-07 6.85011003853653e-07 2.26830288374558e-06 1.32102771011056e-06 1.66057187066526e-06 2.18450906390721e-06 3.70005084109337e-06 7.37197650273469e-06 1.20574158045561e-05 1.3554254966508e-05 2.27687851070968e-05 2.00718749031936e-05 2.08880708357007e-05 1.60486560649264e-05 1.24348465301516e-05 9.92439111592303e-06 7.59003264699798e-06 1.94878126080322e-05 5.36799569391677e-06 5.06145268533986e-06 4.98863633673352e-06 4.86313366500068e-06 4.63307804462465e-06 4.48789283646889e-06 4.04377444226389e-06 3.78249512227313e-06 4.06074184151617e-06
1.06429606772096e-07 2.64500830537973e-07 5.00983842921521e-07 3.19409675553217e-07 5.76530032281308e-07 8.16036288331379e-07 9.38928464522259e-07 7.97932368168386e-07 6.20638692838682e-07 4.76643894997686e-07 3.64514189277187e-07 4.24088183159643e-07 4.01741097644237e-07 3.16845049819214e-07 2.62489411773092e-07 3.51748828142373e-07 4.68761495808767e-07 5.52701682665635e-07 5.0242627651631e-07 1.10921369985695e-06 6.66028074880476e-07 1.0188082253948e-06 1.17053809198797e-06 1.89133326957691e-06 4.11120566190526e-07 1.10125715821141e-05 5.01274926508755e-06 8.09125431294744e-06 9.16534002824987e-06 1.22121546736853e-05 1.50026812364312e-05 2.32956743365542e-05 1.76412630851663e-05 1.65356668125227e-05 1.45892244571955e-05 1.08060735911408e-05 6.46995506855541e-06 4.19760402742275e-06 6.12020199082242e-06 5.89369233384707e-06 5.15725387776334e-06 4.60048754611364e-06 4.10701466512231e-06 4.28332470450155e-06 3.81735095215108e-06 4.09388494357899e-06 4.50025008064125e-06
3.12247878375693e-07 3.84178421408699e-07 1.29758328888396e-06 3.49464328042171e-07 6.53731551158998e-07 9.0772732650457e-07 8.79095902217575e-07 9.60934250504586e-07 8.70410764397533e-07 9.56095811810442e-07 6.9651454519537e-07 5.29223349365893e-07 5.62237795631582e-07 4.99438051437817e-07 4.43498577307189e-07 4.6802244232369e-07 5.51897017164737e-07 7.00415312171465e-07 7.96986834361579e-07 8.73240209808834e-07 6.63320442295667e-07 9.16731578270991e-07 4.58717525464447e-06 3.34508344957962e-06 5.33167882627028e-06 1.83885034719333e-05 6.51055780983567e-06 9.39194993296866e-06 1.30596434449903e-05 1.27952974002477e-05 1.76441268303518e-05 1.72328129920407e-05 2.40851651492902e-05 2.08585477626033e-05 1.41262792321073e-05 1.41177277677262e-05 2.16176423695202e-06 1.55059841033811e-07 4.56682455296509e-07 5.10142546928938e-06 4.83335966021681e-06 4.99922167075395e-06 4.97535624531809e-06 5.10006304798027e-06 4.51658456025461e-06 4.47379180618102e-06 4.57557424483612e-06
4.70280244690979e-07 3.13979551525012e-07 1.52410329223862e-07 1.5430982979181e-07 5.7856171158388e-07 9.61812692590325e-07 1.13725001917864e-06 1.52864387489293e-06 1.48322926227795e-06 1.42512658946048e-06 1.16985271914061e-06 8.84212201712753e-07 7.67290584113844e-07 4.92928645601243e-07 4.39774771865409e-07 4.93237762577703e-07 9.49602972277752e-07 7.84673364695454e-07 8.5525939146347e-07 8.40253559675208e-07 6.69578920498015e-07 1.20134722491061e-06 2.8483053172379e-06 4.89965701477857e-06 5.79661284562105e-06 6.82263226253754e-06 9.84801126348023e-06 1.20495576875546e-05 1.51118929784699e-05 1.6109732664471e-05 1.61093821462677e-05 1.71019628113722e-05 1.63498288882069e-05 1.78434650241477e-05 1.3194760235391e-05 1.03358259362807e-05 1.69038509318931e-06 3.37258426075238e-08 7.18954282441509e-08 7.56830453652047e-07 4.20375810467055e-06 4.87029814703055e-06 5.03622153092964e-06 4.85314896445654e-06 4.44987095973293e-06 4.08434196111918e-06 3.61056314213126e-06
3.68222444457889e-07 2.67648637897189e-07 8.61066991320047e-07 2.87302048210814e-05 3.85394294644126e-07 6.71945388397432e-07 1.17767020005877e-06 1.33324444158145e-06 1.21533709632748e-06 1.49163603407887e-06 3.47190823946075e-06 1.00081243832317e-06 1.06527296961367e-06 7.09957453337573e-07 6.07827238707781e-07 8.01327583010991e-07 6.517351151758e-07 1.72870197036046e-06 1.22112414950859e-06 7.26009954243878e-07 7.3836831585572e-07 1.31700210662666e-06 4.16704206431806e-06 8.0473899423561e-06 2.19182954129593e-05 9.00225567077584e-06 1.0541045889767e-05 1.02216707535741e-05 9.12953076278589e-06 1.27055347348248e-05 1.66028870195345e-05 1.102828637084e-05 1.24552916168974e-05 1.68654879121544e-05 1.56439112686257e-05 1.20745600626582e-05 7.15914629283443e-06 2.04033196116171e-07 1.16342178091422e-07 4.1084807229641e-07 4.67930882875889e-06 4.2861892283419e-06 4.45813221111591e-06 4.37992667575715e-06 3.71897950389721e-06 2.90623697032366e-06 2.29098666445493e-06
2.41222912933381e-07 1.76452168321184e-07 -9999 -9999 4.94456769228879e-07 5.26650706944576e-07 1.21473233636316e-06 9.14201484381039e-07 7.87193937434871e-07 1.17263881609375e-06 1.70139523633095e-06 1.81555104961095e-06 1.39770466529576e-06 7.62411636090476e-07 5.00321422747252e-07 6.88163374717998e-07 6.24204555677021e-07 8.74635941816582e-07 1.04004442519345e-06 3.28345240179218e-06 1.59911935588841e-06 1.70983102967259e-06 4.23030094092169e-06 6.32192242490115e-06 7.80779784298469e-06 1.06209611336117e-05 9.51702880294114e-06 7.51878919872384e-06 7.57288837194281e-06 9.92230748239065e-06 1.03781402974734e-05 1.5652870784244e-05 1.33091565151622e-05 1.55174419566251e-05 1.24903326538139e-05 1.01614291707297e-05 6.92983124713775e-06 3.78992016571988e-06 2.37476799777037e-06 2.73707012627966e-06 7.15110847682166e-07 3.65254624633549e-06 4.31718097551048e-06 4.39232831592751e-06 3.80795715319016e-06 2.65311156782966e-06 2.15156099112601e-06
7.02985867451211e-07 4.7843219529442e-07 -9999 -9999 1.77052173121472e-06 4.14596111109056e-07 1.19085235407157e-06 1.2392740702194e-06 1.05404172324741e-06 8.85585849985659e-07 1.86666305960204e-06 2.09667596391405e-06 1.44864704588743e-06 1.16763282510535e-06 5.53222472921e-07 4.71145723990318e-07 9.10125602748835e-07 3.66862797557266e-06 3.30285115776041e-06 1.68135836581262e-06 1.91337888044707e-06 2.37609946521777e-06 6.7273017996472e-06 7.44232861890071e-06 8.34306473235236e-06 1.11959581663545e-05 1.14619408865702e-05 1.03535073985084e-05 9.54612076553563e-06 8.19410469269366e-06 1.19675902054639e-05 1.37284826345785e-05 1.42946255047405e-05 1.04876249386709e-05 6.00372602915789e-06 5.31419500399144e-06 5.3296593460872e-06 5.30687403704766e-06 6.26074413000444e-06 4.07287246318999e-06 4.3037565080728e-06 4.44932452478008e-06 4.61617957417948e-06 4.12690156733619e-06 3.00223629567942e-06 2.54637985394046e-06 2.09141674736291e-06
1.62461220730714e-06 1.58393919951205e-06 1.4417913486886e-06 -9999 -9999 3.38491341622671e-07 8.26792242336616e-07 1.13478815236823e-06 1.81366879126177e-06 1.66158172361097e-06 1.16094221975782e-06 1.36975394838812e-06 1.07450938794384e-06 1.07442615217002e-06 9.546078936995e-07 6.29657454320753e-07 2.10183729172364e-06 -9999 2.00179047978866e-06 2.84423635340536e-06 2.17839513847462e-06 2.50601084422764e-06 6.49157817279589e-06 1.01630678279618e-05 9.79888009813301e-06 1.03026745716717e-05 1.13975340567118e-05 9.40747226244598e-06 1.0031972688862e-05 1.20940042527384e-05 1.13438251148845e-05 1.27709352905958e-05 1.20961337668479e-05 7.69968105553964e-06 5.28556529169055e-06 4.9662588433752e-06 5.16539477299904e-06 5.05199427196512e-06 4.49932063447678e-06 3.74508382956495e-06 4.29130477098694e-06 4.40959285969988e-06 4.94263766178671e-06 3.66292233724419e-06 3.19703859014142e-06 2.70799280336353e-06 2.31791790222813e-06
2.09705616782685e-06 1.58876310433209e-06 8.54470786382233e-07 1.74273559725435e-06 -9999 4.85044648687039e-06 5.93779369217895e-07 1.24955723024289e-06 9.51439314256231e-07 1.75614528519219e-06 1.23386066436248e-06 1.16971790198317e-06 1.07022324798978e-06 9.2296997411534e-07 1.3823390638823e-06 1.21815527764912e-06 -9999 -9999 2.80993437514754e-06 3.1813138575254e-06 3.08313956831618e-06 2.81562793369439e-06 5.11349448953924e-06 8.89450707594053e-06 2.84822727059098e-05 8.30425552995617e-06 9.65239885909464e-06 9.91211058053443e-06 9.06194888141698e-06 9.75504563562879e-06 1.09164298802478e-05 1.35260346525889e-05 7.38458290524546e-06 6.11849616916071e-06 4.93618331999235e-06 5.08266890675291e-06 5.01830767858369e-06 5.29105391301465e-06 4.45627199150422e-06 4.02921192218519e-06 4.27824186043368e-06 3.99862912886517e-06 3.71270435681748e-06 3.28490817130822e-06 3.36028947340861e-06 3.0881201022348e-06 2.51451000763403e-06
1.50722780789536e-06 1.31491700952058e-06 8.1004089427239e-07 5.74923882468159e-07 -9999 -9999 1.13262007961135e-05 1.20690253501143e-06 2.12460679888116e-06 2.40574305441221e-06 1.45893639798e-06 1.51492406350595e-06 1.61470311897949e-06 1.38112995413664e-06 3.15523106185767e-06 2.69030794722847e-06 -9999 7.04356745392376e-06 3.37758632651397e-06 3.37112649494431e-06 4.10283840537318e-06 2.90104802032065e-06 4.69131077749374e-06 7.07929306973387e-06 2.51364412224842e-05 9.49958641801585e-06 7.71988504764121e-06 7.99321228147631e-06 9.00234128596855e-06 9.1587943878535e-06 1.00330434895213e-05 9.74515005487398e-06 7.3270049869123e-06 6.06728498490083e-06 5.02406092437457e-06 4.86100346650531e-06 4.56157945963875e-06 4.70665067150433e-06 4.43384763829657e-06 3.98245363369965e-06 3.96747051419899e-06 4.05201328059768e-06 4.19405615349477e-06 3.88015771687344e-06 3.51874363749838e-06 3.15110453007472e-06 2.77711112495194e-06
