Scripts_&_data/Maxent_result_files_1/Bombus_lucorum_2.asc
NCOLS 594 
NROWS 330 
XLLCORNER -15 
YLLCORNER 23 
CELLSIZE 0.166666666666667 
NODATA_value -9999 
[rows 126 to 146 of 330, columns 322 to 367 of 594]
0.0729896061122417 0.0627255398780107 0.139099581539631 0.10598391443491 0.0763915501534939 0.0856227912008762 0.0664624989032745 0.0591876324266195 0.0658822048455477 0.0749315202236176 0.0672013487666845 0.135018880665302 0.0546150796115398 0.11796712949872 0.12583397179842 0.0572762530297041 0.116596588492393 0.0548929262906313 0.0568018969148397 0.0835764549672604 0.0551842447370291 0.0531027521938086 0.0665145263075829 0.0650337398052216 0.0623887818306684 0.0710829384624958 0.0646079692989588 0.0726663023233414 0.0612498849630356 0.0568139437586069 0.0579256646335125 0.0570486534386873 0.0512819219380617 0.0548354972153902 0.0696875363588333 0.0610692910850048 0.0519756931811571 0.0517636198550463 0.0547510869801044 0.0587470665574074 0.0450984977185726 0.0447422709316015 0.0453357305377722 0.0407864011824131 0.0355179950594902 0.0248022446408868
0.136260035634041 0.190430934727192 0.0893949657678604 0.084723649173975 0.0859942585229874 0.101660889387131 0.0917241923511028 0.0893043980002403 0.0867148965597153 0.0689848799258471 0.0633443243801594 0.0826997481286526 0.033703214302659 0.0548606503754854 0.0604730241000652 0.0552719496190548 0.0550196442753077 0.0565295308828354 0.0701063737273216 0.0548856973648071 0.0652270313352346 0.0726989075541496 0.0584970887750387 0.0547996781766415 0.0456187687814236 0.0510982763022184 0.0652371007949114 0.0471143275499344 0.116405575722456 0.0519466429948807 0.0460990879684687 0.0577996235340834 0.064642047137022 0.0529154907912016 0.049159163236618 0.0595154222100973 0.0569408573210239 0.0458864741027355 0.0481333985924721 0.0372631024569273 0.060807042196393 0.0619123999029398 0.0391385026276112 0.0241060759872198 0.0243252523243427 0.0221919124945998
0.112885395437479 0.0906467616558075 0.083213547617197 0.068322491645813 0.08472650796175 0.0559140726923943 0.0682529881596565 0.0549137428402901 0.0532882817089558 0.0620151035487652 0.0632910005748272 0.0612995367497206 0.0305766781792045 0.0654670942574739 0.0533921081572771 0.0564874913543463 0.052933818474412 0.0608666997402906 0.0577278144657612 0.067020308598876 0.0507731541991234 0.084396805614233 0.0847519181668758 0.0631860915571451 0.0776345483958721 0.0405737150460482 0.0715030744671822 0.0819867521524429 0.131846139580011 0.0594602987170219 0.03362190797925 0.0453762318938971 0.0449725415557623 0.0393114797770977 0.0254283839836717 0.0308804545551538 0.0289196208119392 0.0253110403195024 0.0231211435049772 0.0236133571714163 0.0271813144907355 0.0342262834310532 0.0397358190268278 0.0296421797946095 0.0339460767805576 0.0384525235742331
0.167681415379047 0.0725950732827187 0.0782274357974529 0.0896882973611355 0.0791646309196949 0.073513837903738 0.0620344031602144 0.0624683696776629 0.0518531106412411 0.0436713714152575 0.0349538788199425 0.0617822539061308 0.0576745085418224 0.0588647045195103 0.0697829775512218 0.116506727039814 0.112059070914984 0.0514997620135546 0.0692591518163681 0.0554561279714108 0.0795626856386662 0.144126656651497 0.106494176387787 0.0669905390590429 0.065487090870738 0.059832813590765 0.0695340700447559 0.0459562361240387 0.0700293265283108 0.122867687791586 0.128869400918484 0.0646842215210199 0.0726848680526018 0.0701350174844265 0.0389759067445993 0.0281891511753201 0.0241937825456262 0.0226889805868268 0.0216855945065618 0.0366962179541588 0.0258667273446918 0.0334785537794232 0.0235709059983492 0.0337041089311242 0.0273874185979366 0.0782312661409378
0.10326344743371 0.138534446060658 0.0938044257462025 0.0927801676094532 0.152385492622852 0.0811500124633312 0.0625390775501728 0.0613507825881243 0.0516899056732655 0.0501820545643568 0.0945697702467442 0.0571650352329016 0.0549739185720682 0.0517982676625252 0.0688498757779598 0.0777881488204002 0.0475035406649113 0.03781295157969 0.0399331014603376 0.0643024161458015 0.0822869800031185 0.0632166296243668 0.0543487697839737 0.0570467591285706 0.0548504080623388 0.0678325563669205 0.0559494249522686 0.057616151869297 0.136434116214514 0.10014883056283 0.124455713480711 0.20222180634737 0.0846429571509361 0.039448968321085 0.0557094041258097 0.0551347143948078 0.0447477888315916 0.0262338692322373 0.0236558228731155 0.0281673405319452 0.027086323313415 0.0825942754745483 0.0815304525196552 0.0887586683034897 0.0702928986400366 0.0463982179760933
0.111838729679584 0.142472362518311 0.0988334074616432 0.0688076414167881 0.0671818468719721 0.0837862581014633 0.0991455666720867 0.0668558914214373 0.0676148146390915 0.0684438269585371 0.17033873051405 0.0544094935059547 0.070925235748291 0.054037894308567 0.0353304097428918 0.0460888139903545 0.0702012836933136 0.0334886994212866 0.0620926324278116 0.0532118115574121 0.05185716599226 0.0513422828167677 0.0489488042891026 0.0492802694439888 0.0619125686585903 0.0762850113213062 0.0331704055890441 0.0453161783516407 0.0478252790868282 0.0727136217057705 0.0386169172823429 0.0338059240952134 0.0645379792898893 0.0679019376635552 0.0287311855703592 0.0559065658599138 0.0554811999201775 0.0428183425217867 0.0713182996958494 0.0304288398474455 0.0449441146105528 0.0315490145236254 0.0342914728447795 0.0333132468163967 0.0347504481673241 0.0249547665938735
0.101409868150949 0.114793283492327 0.0870718240737915 0.0975296653807163 0.0819800533354282 0.100764202326536 0.0930021397769451 0.0702489748597145 0.0764364190399647 0.0515705116093159 0.0762533284723759 0.075556156039238 0.0628524471074343 0.0554659958928823 0.0487780291587114 0.0386224996298552 0.0577837903052568 0.0538083370774984 0.0680340129882097 0.0599997282028198 0.0534376334398985 0.0575144555419683 0.0476827632635832 0.0435198310762644 0.0426795870065689 0.033444395288825 0.0569996770471334 0.0356667317450047 0.0354419399052858 0.0509881190955639 0.0694469030946493 0.040504028648138 0.0316930072382092 0.0311841685324907 0.0346460545435548 0.033395179361105 0.0288338700309396 0.0291696043685079 0.0284724308177829 0.0284956155344844 0.0277778463438153 0.0275416474789381 0.0266938176006079 0.0235933247953653 0.0250598357990384 0.0180521024391055
0.115249092876911 0.105094369500875 0.0960966482758522 0.0762198470532894 0.0802455566823483 0.0883596144616604 0.0655901338905096 0.0785995811223984 0.0711594518274069 0.076176843047142 0.0569249179214239 0.100613270699978 0.0450102385133505 0.056370060890913 0.050785918533802 0.0576412759721279 0.0710666794329882 0.0634588558226824 0.0500565979629755 0.0421045001596212 0.0706571407616138 0.05224299877882 0.055929984152317 0.0641977999359369 0.0536912310868502 0.0529162585735321 0.0548093393445015 0.0552338305860758 0.0614858936518431 0.044543058052659 0.0510765891522169 0.0506045691668987 0.04863869138062 0.0315390618517995 0.0315486934036016 0.0286025427281857 0.0258903635665774 0.0300732018426061 0.0289123196154833 0.025940659083426 0.0271988669410348 0.0204284992069006 0.0201967528089881 0.0349588690325618 0.0298907499760389 0.0282977292314172
0.0783937126398087 0.0972729355096817 0.0835004672408104 0.101999431848526 0.0745628148317337 0.194728991389275 0.0693657524883747 0.126340743899345 0.0943572610616684 0.0451388023793697 0.115014016628265 0.183002710342407 0.144267882406712 0.102514782547951 0.116723417490721 0.0819179303944111 0.0694465987384319 0.0548129949718714 0.0589405108243227 0.0830213390290737 0.0573229428380728 0.0588604725897312 0.0543022401630878 0.0686397135257721 0.0496193829923868 0.0323563504964113 0.0571303732693195 0.0522987980395555 0.0587344236671925 0.0488256394863129 0.0520298559218645 0.0507692486047745 0.0477508127689362 0.03456059563905 0.0228821776807308 0.0321821274235845 0.0222572838887572 0.0196847037412226 0.0268290160223842 0.0263286583125591 0.025889914855361 0.0260704509913921 0.0237876331433654 0.0294026775285602 0.0318546364083886 0.0330749610438943
0.0652671486139298 0.0665029309689999 0.147939018905163 0.0764187544584274 0.060019588470459 0.0962264381349087 0.107105157524347 0.0897511355578899 0.113646148890257 0.086238044500351 0.0803166456520557 0.034113734960556 0.0562594555318356 0.0481327593326569 0.0686151273548603 0.0379766747355461 0.0663620103150606 0.0675721723586321 0.0658298887312412 0.0454266261309385 0.0490751802921295 0.109416976571083 0.0616702068597078 0.168086043000221 0.0516454298049212 0.059739600494504 0.0617406032979488 0.0536349333822727 0.0473688744008541 0.0451624918729067 0.104524824023247 0.11570456251502 0.0422444179654121 0.0234523091465235 0.0238036151975393 0.0331017358228564 0.0303289515897632 0.0222233936190605 0.030327139608562 0.0293156538158655 0.0246045233681798 0.0285750856623054 0.020768641680479 0.0219096276909113 0.0222188593819737 0.0430456321686506
0.152136574685574 0.0876158215105534 0.0954348541796207 0.075759407132864 0.0757265344262123 0.0769248887896538 0.0985878191888332 0.1047348074615 0.0679868847131729 0.101208568364382 0.0773500226438046 0.0560214165598154 0.0784963972866535 0.0344702869653702 0.0821369908750057 0.0351809894666076 0.0437544230371714 0.0586327858269215 0.0507394913583994 0.0395823959261179 0.129202931374311 0.17309881746769 0.0403800684958696 0.0698977321386337 0.0619476661086082 0.0642017755657434 0.0373682113364339 0.0270925119519234 0.0261458542197943 0.0257190218195319 0.0253204176202416 0.0367513038218021 0.0533894203603268 0.0506333846598864 0.0438171904534101 0.0254977203905582 0.0241164153441787 0.030596699565649 0.0311023036018014 0.0252425452694297 0.0295605145394802 0.021259137429297 0.0220287276431918 0.0231430513784289 0.0233530377969146 0.0393592763692141
0.154516145586967 0.193987384438515 0.0700255859643221 0.0661725871264935 0.0869203060865402 0.145048066973686 0.106978992372751 0.0997217983007431 0.0700542472302914 0.0698183462023735 0.0663383055478334 0.0635910097509623 0.0701809205114841 0.0675534795969725 0.105829398334026 0.0518314216285944 0.0579055972397327 0.0541811522096396 0.0410341843962669 0.059491902962327 0.033292406052351 0.0493811812251806 0.0628786485642195 0.0520839899778366 0.053225889056921 0.0683957066386938 0.0513529352843761 0.0371537160128355 0.0369303651154041 0.0411647360771894 0.0527670193463564 0.054872427880764 0.0683336708694696 0.046957578882575 0.0348232660442591 0.0233647923916578 0.0263217432424426 0.0228464785963297 0.0319828100502491 0.0218692077323794 0.0299768727272749 0.0305253397673368 0.0230530748143792 0.0235236519947648 0.0236549945548177 0.0244775131344795
0.0777358718216419 0.0809581950306892 0.0759413324296474 0.058407748490572 0.0612140983343124 0.0776107095181942 0.0641035579144955 0.101545847207308 0.111705923080444 0.0599140733480453 0.0611977830529213 0.0800122708082199 0.0885380648076534 0.075721800327301 0.0546686299145222 0.044680767506361 0.10341948568821 0.0494795214384794 0.0311093309894204 0.0788943722844124 0.035624061897397 0.0691626455634832 0.0320864036679268 0.0643883425742388 0.0499293942004442 0.0500715803354979 0.0517699223011732 0.167683462798595 0.0901538074016571 0.0496129021048546 0.112885309755802 0.060496312007308 0.0558295670896769 0.0458705984055996 0.059101652354002 0.0282775180414319 0.0259565882384777 0.0373186867684126 0.0343946544453502 0.039890893176198 0.0343649826943874 0.0408219430595636 0.0462433196604252 0.046233231946826 0.0410667341202497 0.0341632734984159
0.0633353210985661 0.0484877161681652 0.0546647101640701 0.0403122112154961 0.0495243962854147 0.0488160371780395 0.0577568631619215 0.0620798498392105 0.115233109146357 0.0466363754123449 0.0786346167325973 0.0673919305205345 0.0834660485386848 0.0644099783152342 0.059821043536067 0.0606388747692108 0.0506503958255053 0.0461348745971918 0.0428943853825331 0.0397968582808971 0.0535445470362902 0.0414188612252474 0.0478320263326168 0.0363273851573467 0.0410840757191181 0.0470732912421227 0.0550262592732906 0.0536435056477785 0.0563821960240602 0.0609582033008337 0.0445747140794992 0.0475766204297543 0.046824062615633 0.0528718415647745 0.0319166209548712 0.0314751757308841 0.0328423928469419 0.03616545163095 0.0484823137521744 0.0432554066181183 0.0457542359828949 0.0424502585083246 0.0320796180516481 0.0326739953830838 0.0386468108743429 0.03301483951509
0.0528699405491352 0.0584082536399364 0.0561328466981649 0.0512282397598028 0.0367494888603687 0.0649457212537527 0.158751964569092 0.0428271245211363 0.0685403175652027 0.0637805681675672 0.0617797806859016 0.0528467696160078 0.0560589727014303 0.0522726826369762 0.0613338779658079 0.0642999187111855 0.059687640145421 0.0400377444922924 0.042276893928647 0.0352705562487245 0.0438425064086914 0.0526832595467567 0.0442492816597223 0.0458465803414583 0.0552631959319115 0.0330982925370336 0.061450981348753 0.039469550549984 0.0351083509624004 0.0382584288716316 0.0261125396937132 0.0421655863523483 0.0459824915975332 0.0575554389506578 0.0351590678095818 0.0239057954400778 0.0236028274521232 0.033067112416029 0.0231369122862816 0.0220948291942477 0.0214501902461052 0.0211295988410711 0.0224012054502964 0.0216948714107275 0.0234385017305613 0.0299744667485356
0.0452771492302418 0.0427465226501226 0.0401747103780508 0.0372596818953752 0.0363296121358871 0.0339044516906142 0.0312172159552574 0.0295674040913582 0.029019433259964 0.0408397316932678 0.0276311902329326 0.0386848766356707 0.04034090526402 0.0261517966166139 0.0561339408159256 0.0527127787470818 0.0399184878915548 0.037662872299552 0.0279334228485823 0.0533486522734165 0.0363956235349178 0.0515837389975786 0.0523725401610136 0.0681396819651127 0.0333177020773292 0.0299650628119707 0.0644755844026804 0.0477355368435383 0.0270795598626137 0.027680547721684 0.0377842076122761 0.0485357217490673 0.0453388903290033 0.0506475303322077 0.0338551864027977 0.0299792215228081 0.0242257717996836 0.0237756654620171 0.0229536700993776 0.0221965605393052 0.0214448854327202 0.0215969616547227 0.0175775835290551 0.021273884549737 0.0221059927716851 0.0288747129961848
0.0435008343309164 0.0523837711662054 0.0404066294431686 0.0383601881563663 0.0357137106359005 0.0437604621052742 0.0366522148251534 0.0287341378629208 0.0298577912151814 0.0453450169414282 0.0401189729571342 0.0407587081193924 0.030919654481113 0.0402734488248825 0.0502447694540024 0.0460006587207317 0.0378640342503786 0.0334020340815187 0.0280299657955766 0.0356941867619753 0.0489156518131495 0.0487994469702244 0.0564923986792564 0.0491067167371511 0.0420466873794794 0.0371745508164167 0.0406046953052282 0.0384039234369993 0.0256919406354427 0.0263340258970857 0.0342779902741313 0.0358323197811842 0.0357521891593933 0.0465918097645044 0.0212458727881312 0.0315659591928124 0.0332766603678465 0.0277449691668153 0.0646184742450714 0.0543606203049421 0.0285362619906664 0.0294015046209097 0.0201910031959414 0.0198811026290059 0.0317489856854081 0.049303075671196
0.0384672746062279 0.0421864151954651 0.0373820116743445 0.0382237087935209 0.0290976313874125 0.043908978626132 0.0591652579605579 0.0289995346218348 0.0275586254894733 0.0339610086753964 0.0418558865785599 0.0442235920578241 0.0358046725392342 0.0311966711655259 0.0414219092577696 0.0268685994669795 0.0382531687617302 0.041735428199172 0.0374465219676495 0.0384877607226372 0.0546694256365299 0.0522682428359985 0.0503510821610689 0.0502341248095036 0.036967845261097 0.0506799109280109 0.0290688412263989 0.0239266205579042 0.0248688751831651 0.0245675349608064 0.0244857179000974 0.0916723370552063 0.0334397001191974 0.0227038046345115 0.0169014057144523 0.0284775879234076 0.0219243947416544 0.0430907104164362 0.0357664292678237 0.0301962837576866 0.0155471870675683 0.0192312147468328 0.0204170007258654 0.0235037226229906 0.0209335070103407 0.0354645736515522
0.0415089022368193 0.0347112471237779 0.0394069630652666 0.0437457084655762 0.0337320420891047 0.0306465400382876 0.0299737675115466 0.0310437824577093 0.028829294629395 0.0347832024097443 0.033383216150105 0.0341444788500667 0.0352571604773402 0.0389077223837376 0.0386587731540203 0.0514492031186819 0.0367952611297369 0.0265228163450956 0.0360290495678782 0.0452743105590343 0.0485595565289259 0.0338355550542474 0.0274843595921993 0.0273090369999409 0.0458212107419968 0.0343036636710167 0.0247726151719689 0.025084026157856 0.0255890069529414 0.0246236309409142 0.0319759497419 0.0194212920032442 0.0244836682453752 0.0162119864486158 0.0211007382720709 0.0221637845039368 0.021801265142858 0.0212241036817431 0.0206895904615521 0.0196844756603241 0.0148039017803967 0.0180633656680584 0.0210699543356895 0.0274714719504118 0.0266673026606441 0.0279636604711413
0.0362477034330368 0.0389825075864792 0.036498012766242 0.0355644501745701 0.033051267080009 0.0633134748786688 0.0385538574308157 0.0364522282034159 0.0564218610525131 0.0301935410127044 0.0253890885040164 0.0274990258738399 0.0377195281907916 0.0286550153046846 0.0341247109696269 0.0372568329796195 0.0259705491364002 0.0359641989693046 0.0338262394070625 0.0436965484172106 0.0463267222046852 0.0506095856428146 0.0540442805737257 0.0378907736390829 0.0359749343246222 0.0335110642015934 0.0375320535153151 0.0336883377283812 0.0242229744791985 0.024292540922761 0.0219359710812569 0.0178808677941561 0.0124804126098752 0.0117755352519453 0.0179207493551075 0.0148032708093524 0.0207903349772096 0.0196436239406466 0.0190500449389219 0.0182206660509109 0.0298128748312593 0.0186674281023443 0.0194928040727973 0.0250780763104558 0.042737016454339 0.0282207768410444
0.0330430688336492 0.0346357796341181 0.0329488141462207 0.0298077985644341 0.0298352913931012 0.028851423971355 0.0392040397971869 0.0410857032984495 0.0306396842002869 0.0268022622913122 0.0261740172281861 0.0268991975113749 0.0285457639023662 0.0264483388513327 0.0267550881952047 0.0257983755320311 0.0262613760307431 0.0314010832458734 0.0347560755908489 0.0431578785181046 0.0257764460518956 0.0429876126348972 0.0407927993685007 0.0276749504730105 0.0234785508364439 0.0248485593125224 0.0297705728560686 0.0234039945527911 0.0313262648880482 0.0474609926342964 0.0356333764269948 0.0234989996999502 0.0233058637008071 0.0130716422572732 0.0108386367559433 0.0167023786343634 0.0134423711337149 0.0179481774568558 0.0179487122222781 0.0243021246045828 0.0205822104588151 0.0169689618982375 0.0219039052724838 0.0281417988240719 0.0262293577194214 0.0276277745142579
