Scripts_&_data/Maxent_result_files_1/Bombus_barbutellus_2.asc
NCOLS 594 
NROWS 330 
XLLCORNER -15 
YLLCORNER 23 
CELLSIZE 0.166666666666667 
NODATA_value -9999 
[rows 140 to 159 of 330, columns 230 to 275 of 594]
0.405619275569916 0.326909233629704 0.245300084352493 0.309068524837494 0.27167606651783 0.183530075848103 0.189701452851295 0.207368488609791 0.240604953467846 0.285998797416687 0.285654330253601 0.468664076924324 0.234871251881123 0.245059137046337 0.234425763785839 0.190371960401535 0.180014723539352 0.248251691460609 0.183099985122681 0.131542700529098 0.200716564059258 0.256203831732273 0.18059340568243 0.127712221443826 0.124327597767115 0.142505786567926 0.128933446109295 0.146407899260521 0.104120666533709 0.116692382842302 0.132930672168732 0.100137066096067 0.13217800334096 0.103900523483753 0.0927293746266514 0.0843931257724762 0.0986157514154911 0.109848956018686 0.0967740319669247 0.0897576600313187 0.0908946000039577 0.0858881019055843 0.22916195243597 0.0783554244786501 0.0713009759783745 0.0721828881651163
0.297857150435448 0.242481773295107 0.263873459398747 0.214577655494213 0.390865132212639 0.167958310246468 0.26393431276083 0.256121940910816 0.260368113219738 0.310674872994423 0.28222216963768 0.326628747582436 0.202678823471069 0.199096807837486 0.179402868449688 0.181906981766224 0.180694057047367 0.19843781888485 0.196946486830711 0.152915848046541 0.218512344360352 0.367709013819695 0.19863084761081 0.177484622597694 0.150614167749882 0.155370558798313 0.176220233738422 0.194745908677578 0.124231734126806 0.0939337559044361 0.104028013348579 0.110722953081131 0.134250212460756 0.0960486672818661 0.0914180159568787 0.0992589242756367 0.143572987616062 0.111837510764599 0.0916962817311287 0.0913750343024731 0.0920181162655354 0.0802308619022369 0.112720400094986 0.0760983385145664 0.0838271930813789 0.0729169901460409
0.260682085063308 0.282365110516548 0.248809365183115 0.350489035248756 0.297476960718632 0.267910195887089 0.165231145173311 0.0899741854518652 0.312009426951408 0.189571072161198 0.20677896887064 0.168432043492794 0.174339477717876 0.2458471134305 0.239065435528755 0.160412494838238 0.163718770444393 0.13571846857667 0.135873448103666 0.136345566809177 0.183290837705135 0.289583624899387 0.139814136177301 0.191949500143528 0.179337853193283 0.190661898255348 0.111597473174334 0.171230374276638 0.149249470233917 0.130297499895096 0.249154782295227 0.304956194758415 0.104971510916948 0.122581804543734 0.132062275707722 0.112029714137316 0.178230835497379 0.106444607675076 0.107633458822966 0.0897031128406525 0.0900302924215794 0.0965648002922535 0.0763129495084286 0.0762813054025173 0.0757627502083778 0.106437039375305
0.212865336239338 0.214379139244556 0.309427012503147 0.220540954172611 0.199783219397068 0.1123306106776 0.0905115470290184 0.262325221300125 0.26115774512291 0.176437726616859 0.179343837499619 0.210321027040482 0.178688727319241 0.167983563244343 0.198072572052479 0.199816752970219 0.213490979373455 0.221059533953667 0.185186256468296 0.145533529669046 0.127969815582037 0.117454706132412 0.122723643481731 0.1415875390172 0.131564434734173 0.115736132860184 0.152436093986034 0.110470075160265 0.0424122788012028 0.117002576589584 0.168645617365837 0.125846844166517 0.119200742989779 0.130644433945417 0.140204034000635 0.0989604637026787 0.0797069921158254 0.176860801875591 0.087217053771019 0.0829676523804665 0.084710605442524 0.0813226372003555 0.0769049093127251 0.0758543383330107 0.071863129734993 0.08903893455863
0.165156925469637 0.12226562127471 0.282659523189068 0.241859149932861 0.288960866630077 0.315745159983635 0.357013779878616 0.24493024200201 0.17961530983448 0.185453693568707 0.154035133868456 0.393613648414612 0.240959513187408 0.178537553548813 0.241537071764469 0.196314041316509 0.251400122046471 0.226159055531025 0.282602873444557 0.311976906657219 0.184840531647205 0.133227884024382 0.160692937672138 0.0975977681577206 0.645630991458893 0.999888867139816 0.444954141974449 0.191349602490664 0.166220784187317 0.106583070009947 0.101477843523026 0.122716116160154 0.117875996977091 0.158475916087627 0.114351419359446 0.0967089347541332 0.0897884704172611 0.184397685527802 0.113960547745228 0.0861387990415096 0.0885858356952667 0.275002589821815 0.381712257862091 0.0710377555340529 0.0875455141067505 0.0691898755729198
0.338364809751511 0.234586527943611 0.648045682907105 0.588941782712936 0.398697471618652 0.451802471280098 0.277666157484055 0.180910824239254 0.176256643235683 0.204049204289913 0.186525321006775 0.200674225389957 0.238578334450722 0.34524689912796 0.250374372303486 0.21609807908535 0.205256748199463 0.297701174020767 0.251757779717445 0.230538785457611 0.15599667429924 0.1475631326437 0.113850922137499 0.0932831153273583 0.10606520101428 0.116351360082626 0.133087701350451 0.0894871436059475 0.0547565255314112 0.0378737425431609 0.0941477306187153 0.121036778390408 0.108336386829615 0.101498083770275 0.101196921616793 0.122957034409046 0.0995188839733601 0.130102057009935 0.1080671235919 0.0806458413600922 0.10102182328701 0.111514004319906 0.10168405175209 0.0724342696368694 0.0671564485877752 0.0798577651381493
0.313719373941422 0.277681522071362 0.556525960564613 0.364038932323456 0.202046094834805 0.273436798155308 0.234356184303761 0.178359469771385 0.268208633363247 0.184613557159901 0.211226113140583 0.279031318426132 0.334357041120529 0.360437253117561 0.241131830215454 0.192745721340179 0.152264980226755 0.156541270017624 0.239092299342155 0.174120797216892 0.156804214417934 0.205281838774681 0.13035382181406 0.157333944737911 0.12856186106801 0.116808129101992 0.100708688795567 0.0773959137499332 0.104880888015032 0.108875520527363 0.114930741488934 0.127302113175392 0.127387902140617 0.108420453965664 0.083848425000906 0.0939450770616531 0.0919211849570274 0.0974391333758831 0.0937585242092609 0.0622096005827188 0.0796454973518848 0.126655607670546 0.104008758440614 0.0838227607309818 0.101029925048351 0.075143825262785
0.279801027476788 0.3255790412426 0.258077578246593 0.254946374893188 0.214424401521683 0.191666805744171 0.230998502671719 0.357508999109268 0.29577279984951 0.315868973731995 0.248036313056946 0.320637208223343 0.188197200000286 0.24880083501339 0.156408209353685 0.149116767942905 0.167494224011898 0.137759532034397 0.143071005493402 0.133853513747454 0.179946318268776 0.247457614541054 0.122157993912697 0.122075501829386 0.174060323834419 0.143010294437408 0.13605435192585 0.150349394977093 0.131001365929842 0.119679230451584 0.107465586066246 0.126387048512697 0.122777239978313 0.124349831044674 0.121201688051224 0.0962508745491505 0.101281325519085 0.109012884646654 0.123210620880127 0.136101599658286 0.0923652805387974 0.11864427626133 0.130222882330418 0.0732259828597307 0.0685876000672579 0.0647204179316759
0.336391365528107 0.329442012310028 0.316955292224884 0.25021513402462 0.25613212287426 0.193982246518135 0.386868932843208 0.184035860002041 0.18026939034462 0.195913372933865 0.21678004860878 0.26526138484478 0.223616021871567 0.276592479646206 0.15683124884963 0.154884557425976 0.236448359489441 0.146369079500437 0.141353755444288 0.132830838114023 0.12694865167141 0.139212477207184 0.126990611106157 0.118311086297035 0.109008876234293 0.143808329850435 0.168355078995228 0.194072157144547 0.127372042834759 0.145963507890701 0.14799939095974 0.240081508457661 0.124271162599325 0.105474837124348 0.149763102829456 0.301909130811691 0.0857090257108211 0.0838166154921055 0.0865354888141155 0.112796423584223 0.105079956352711 0.144562787562609 0.063836157694459 0.067928808182478 0.0618946027010679 0.0799209423363209
0.279735499620438 0.351243776082993 0.338465222716332 0.305171141028404 0.254644355177879 0.188769052922726 0.385544720292091 0.176956684887409 0.307610800862312 0.196877079266415 0.180450408160686 0.306002980470657 0.397722500562668 0.357944330573082 0.344491770863533 0.311908078193665 0.422669616341591 0.187613333761692 0.126203839480877 0.138904090970755 0.145836736261845 0.13471696972847 0.115919161587954 0.103217905759811 0.113884811103344 0.193938131630421 0.10373992100358 0.157094003260136 0.17370697259903 0.176267446577549 0.12628660351038 0.141046771407127 0.146799719333649 0.118324629217386 0.15896995216608 0.458835384249687 0.11731977686286 0.0693893108516932 0.0775592662394047 0.0773858673870564 0.224550694093341 0.0713890105485916 0.0839500039815903 0.0642553400248289 0.053487940877676 0.106173193454742
0.219585530459881 0.299332863092422 0.320092271268368 0.381654464755593 0.291238258779049 0.246348905563354 0.334255790710449 0.203567869961262 0.199126301705837 0.224133467674255 0.184025737643242 0.225316451489925 0.297390165925026 0.250598655641079 0.207147906720638 0.204155853390694 0.200495757162571 0.312067255377769 0.198943305015564 0.165085406601429 0.1499806009233 0.200928415358067 0.0975963965058327 0.12936037927866 0.107654705643654 0.123913285881281 0.115217248350382 0.196711921691895 0.12214482575655 0.144028267264366 0.186933888494968 0.135823611915112 0.14150370284915 0.140008729696274 0.152281554043293 0.167423360049725 0.129641090333462 0.0808343149721622 0.0952085673809051 0.113706391304731 0.326415383815765 0.0706098731607199 0.0626042723655701 0.0661797150969505 0.0691303245723248 0.0547434113919735
0.221710903942585 0.53793303668499 0.345943236351013 0.31476112306118 0.32219121158123 0.290332761406899 0.193843945860863 0.241434749960899 0.279063469171524 0.283535562455654 0.216761584579945 0.284865912795067 0.265644606947899 0.279180106520653 0.113035034947097 0.267792367935181 0.247773367166519 0.206985273957252 0.302100509405136 0.211183106899261 0.186627332951502 0.299105938151479 0.215449343622069 0.14081484824419 0.189367768168449 0.213690803572536 0.152578781545162 0.10370716303587 0.148175986111164 0.106061354279518 0.1415562979877 0.131325614452362 0.138020467758179 0.118861424177885 0.149478064477444 0.148418466746807 0.132760172337294 0.136733224987984 0.0932566918432713 0.0809405162930489 0.0844014078378677 0.150118142366409 0.0654803737998009 0.0792445488274097 0.0633106499910355 0.0732306092977524
0.42649530172348 0.343263375759125 0.406592282652855 0.390250572562218 0.229935450851917 0.239846169948578 0.296054665744305 0.185760109126568 0.304579421877861 0.629440632538899 0.274624039232731 0.352829232811928 0.195876386761665 0.281605626642704 0.39954873919487 0.226377311348915 0.227665054798126 0.223359881341457 0.21413176804781 0.232487528026104 0.274561183154583 0.222109436988831 0.202515955269337 0.11117440611124 0.150301588326693 0.198676109313965 0.157899105548859 0.179645067453384 0.169607821106911 0.151194460690022 0.120321210473776 0.138764358311892 0.123696268349886 0.173238199949265 0.143699267506599 0.144927294552326 0.132962665706873 0.129249841321143 0.403999641537666 0.123427624255419 0.095923044718802 0.13065862506628 0.0858255550265312 0.0737741578370333 0.0655537456274033 0.0575911149382591
0.248748888075352 0.174643212556839 0.255947782099247 0.277249340713024 0.247501935064793 0.231613847613335 0.198887060582638 0.25487063229084 0.251998534798622 0.184557168185711 0.266610981523991 0.259902694262564 0.271834671497345 0.184573948383331 0.317886757850647 0.289256627857685 0.269781467318535 0.236975428462029 0.24006172567606 0.220401546359062 0.241563740372658 0.191495880484581 0.12995572462678 0.143527390807867 0.173585757613182 0.159146165847778 0.194698031246662 0.150478480604114 0.258927193284035 0.191987799108028 0.180093345046043 0.150231385231018 0.144603049755096 0.119329304248095 0.134039966762066 0.125967788696289 0.128340566903353 0.112760430574417 0.0846313484013081 0.0877237401902676 0.119783470779657 0.106756992638111 0.993038284778595 0.107043658941984 0.102340395748615 1
0.185876601934433 0.174209462106228 0.175738625228405 0.215943531692028 0.322946630418301 0.249466054141521 0.516940975189209 0.197628702223301 0.244263327121735 0.174674740433693 0.298779138922691 0.287542703747749 0.241677251458168 0.344897472858429 0.307872608304024 0.248837228119373 0.172807911038399 0.0517074600373235 0.144090198725462 0.154927475750446 0.310914155840874 0.137519908696413 0.179690296947956 0.183357071876526 0.357838582992554 0.195361530780792 0.263499952852726 0.258207629621029 0.218058653175831 0.187481988966465 0.160591675341129 0.146104262769222 0.133823320269585 0.0725664287805557 0.127431607246399 0.127096699178219 0.100838274508715 0.130393882840872 0.09084692299366 0.114116568118334 0.0954206816852093 0.067825973033905 0.0779737424105406 0.0670596446841955 0.0978588208556175 0.0480418264865875
0.190375266969204 0.330190819501877 0.938010114431381 0.220014625787735 0.242294004559517 0.253249394893646 0.204995061457157 0.271604238450527 0.196483175456524 0.233581555799174 0.179867625236511 0.234096373617649 0.192952728271484 0.301691710948944 0.363234153389931 0.301864793896675 0.360758811235428 0.162937924265862 0.153803158551455 0.157813400030136 0.181378695368767 0.222376589477062 0.115564324706793 0.146446572989225 0.120708090811968 0.13888742774725 0.176681914925575 0.183255913853645 0.157451206445694 0.157978770136833 0.183082820475101 0.14852856695652 0.147981931269169 0.21188530176878 0.109711905568838 0.445894630253315 0.209187656641006 0.157093757390976 0.131101822853088 0.109544982761145 0.0938283175230026 0.119196833670139 0.0796378128230572 0.0706116523607051 0.0857297964394093 0.115154106169939
0.206516106426716 0.184471875429153 0.393708503246307 0.211093871295452 0.327543732523918 0.298701594769955 0.217806781828403 0.311651617288589 0.380933636426926 0.330492672324181 0.242228746414185 0.267844405770302 0.318920770287514 0.22214215695858 0.296542443335056 0.130841600714484 0.206325346231461 0.171012224256992 0.209830625355244 0.199701501429081 0.192918457090855 0.162852768599987 0.254384130239487 0.150427930243313 0.225590628385544 0.206935952603817 0.197738815844059 0.19485779479146 0.302647729218006 0.17079990208149 0.164942663908005 0.118644017726183 0.118081866949797 0.116778416186571 0.16088389903307 0.284421670436859 0.199156756699085 0.111134861409664 0.0744795981794596 0.0919683031737804 0.0981724970042706 0.0670786879956722 0.108321619778872 0.0980871103703976 0.0327948272228241 0.0891382984817028
0.187180662155151 0.185991109907627 0.263014729321003 0.242313076555729 0.357534757256508 0.394322483241558 0.375330233573914 0.33952234685421 0.268410529196262 0.209555469453335 0.178493636846542 0.205990190804005 0.172145569324493 0.264050707221031 0.300162690877914 0.267647208273411 0.191204717755318 0.211853991448879 0.280517321825027 0.245632980763912 0.153649272024631 0.221636027097702 0.240047626197338 0.0416748734482098 0.134821119904518 0.0995842196047306 0.21323858499527 0.152156871557236 0.131149875372648 0.190821418166161 0.160377331078053 0.154747423529625 0.120129888504744 0.148804157972336 0.142113707214594 0.13981765806675 0.120625529438257 0.132598445564508 0.127893476933241 0.0777821406722069 0.0893772289156914 0.0709825672209263 0.0671227257698774 0.0596456961240619 0.081272678822279 0.0745666977018118
0.277963450551033 0.312759506702423 0.450580742955208 0.329437953221436 0.407007107138634 0.341446143609937 0.332818710803986 0.282859246432781 0.224762462079525 0.280759350955486 0.277942910790443 0.271160995960236 0.283561837673187 0.221374998986721 0.399681490659714 0.285062196850777 0.257630027830601 0.265299521386623 0.267842796444893 0.157087843120098 0.199720893800259 0.19353953152895 0.274448700249195 0.195455390773714 0.273838074505329 0.232761061191559 0.226475560665131 0.207343561947346 0.161551848053932 0.13208140283823 0.183060981333256 0.0672705583274364 0.132566682249308 0.147154401987791 0.145048759877682 0.162115575373173 0.12683065161109 0.147689808905125 0.13504943549633 0.0275653876800789 0.110495263338089 0.129832787066698 0.0759787350893021 0.0726062561526945 0.112995202094316 0.0653394233435392
0.281401461362839 0.357825326919556 0.384603425860405 0.403735455637798 0.367750027775764 0.381089368462563 0.394806835055351 0.305285879969597 0.224213173985481 0.338161501288414 0.268480218946934 0.283171740174294 0.290572917461395 0.240693171322346 0.416549360752106 0.396331563591957 0.181629729270935 0.217090329527855 0.16873674839735 0.233539932966232 0.317809617519379 0.277751842141151 0.30546657294035 0.294269953668118 0.263181309401989 0.177417814731598 0.165474773943424 0.198569749295712 0.174291288852692 0.189700338244438 0.192935945093632 0.17538902759552 0.230114299058914 0.155048421025276 0.113673231750727 0.149068467319012 0.128092881292105 0.134358565509319 0.13440218269825 0.140122533589602 0.503217918798327 0.0721237143501639 0.0992699578404427 0.0701977518299827 0.098914245411288 0.0629074715077877
