Scripts_&_data/Maxent_result_files_1/Bombus_ruderatus_3.asc
NCOLS 594 
NROWS 330 
XLLCORNER -15 
YLLCORNER 23 
CELLSIZE 0.166666666666667 
NODATA_value -9999 
[rows 100 to 119 of 330, columns 276 to 321 of 594]
0.000392251700395718 0.000409170129569247 0.000310075197194237 0.000723856617696583 0.000481268447765615 0.0019013081851881 0.00669792862609029 0.00905595785006881 0.00428776699118316 0.000609199839527719 0.000342640282906359 0.000370938064588699 0.000415295094717294 0.000962013591197319 0.000398765494173858 0.000381952183670364 0.000209336468105903 0.000217289406282362 0.000625473051331937 0.000628651589795481 0.000843416167481337 0.00119335897034034 0.00104644399834797 0.000725421885726973 0.000554767978610471 0.00315003385767341 0.00650621301028878 0.00197117018396966 5.3627668057743e-05 4.7072797860892e-05 4.20326477978961e-05 3.77727597879129e-05 0.00124918468354736 0.00636953520588577 0.00527844976168126 0.00303598374594003 0.00067185141670052 0.00092630309809465 0.000572665588697419 0.00114995837793685 0.00109607337508351 0.000955257151508704 0.000478433190437499 0.000364914405508898 0.00160875007277355 0.00788579280488193
0.000418671556690242 0.000398618608596735 0.000359405469498597 0.000323439426574623 0.00029570438346127 0.000249287424230715 0.000196308848535409 0.000166550549693056 0.000271425701066619 0.0155801462009549 0.0106664960738271 0.0136387990787625 0.00125389873865061 0.00154446005471982 0.000710386110586114 0.00128975472762249 0.000640102953184396 0.000622244486294221 0.00121559122926556 0.00113479430146981 0.00126408657233696 0.00217118904110976 0.00197903764783405 0.000210890262678731 0.000296190608059987 0.000579248958092648 0.00141789131739642 0.00221276138327084 6.78206237353152e-05 4.13483066949993e-05 0.000520353512547445 0.00093825833464507 0.00356618434889242 0.00123519872431643 0.000778757003718056 0.000748070265399292 0.000650849647354335 0.000489860671223141 0.00188969445880502 0.000464522960828617 0.000453030776407104 0.000545129542297218 0.00059613517660182 0.000637021150032524 0.00313897357555106 0.00177264917874709
0.000365339027484879 0.000365291009075008 0.000362479746399913 0.000347444677026942 0.000308741643675603 0.000282054258423159 0.000217482834705152 0.000178256187791703 0.000162107057622052 0.000319936970481649 0.0106786588206887 0.0140998881310225 0.00704289199784398 0.0028049279586412 0.00212588007561862 0.000496574128919747 0.000811817147769034 0.000720853506936692 0.000791732224752195 0.00695739861112088 0.00563303928356618 0.00102361537574325 0.00179199783597141 0.00110784780117683 0.00154582284158096 0.00504581111017615 0.00668735974468291 0.00158128846378531 0.000671189041167963 0.000525972954346798 0.0122274979483336 0.00157232197816484 0.00101911145320628 0.00349081309977919 0.000692516309209168 0.00059105687396368 0.00064779311651364 0.00159504430484958 0.000985159710398875 0.000594236601318698 0.000731534796068445 0.000557208310056012 0.0009467988362303 0.000688352601719089 0.00250726168742403 0.0019705627229996
0.000270251499023289 0.000297915096598445 0.000269405645667575 0.000265348940592958 0.000259204344183672 0.00026213780438411 0.000215557186311344 0.000176400530472165 0.00015784112692927 0.000138496743966243 0.000264326285105199 0.00482359239831567 0.000497274121153168 0.000529975543031469 0.00118653763784096 0.000340748754388187 0.00101830656640232 0.00110688174318057 0.00127461820957251 0.000953528302488849 0.000861139921471477 0.000993058193125762 0.0015950680419337 0.00055537343287142 0.00143742391373962 0.00147353999200277 0.00380305136786774 0.00194189205649309 0.00273294022772461 0.00431243828497827 0.00523409966845065 0.00146120649878867 0.00153882286394946 0.00180973122478463 0.000532164389733225 0.000403308488603216 0.00131144774495624 0.0017687366285827 0.00116845644370187 0.000527171145949978 0.000432831078069285 0.00362022662302479 0.000784561953332741 0.000364961659943219 0.000256364263623254 0.00165104591287673
0.00018722300810623 0.000196898233843967 0.000200549906003289 0.000195091849309392 0.00018578834933578 0.000184226499550277 0.000177051147329621 0.000161490456594038 0.000153687306737993 0.000252354096301133 0.000189541807048954 0.00268434439203702 0.00693452747073024 0.00383722600527108 0.00184565893723629 0.00548685181420296 0.00101701683597639 0.00147930729435757 0.00125454113876913 0.00117009286477696 0.00123997598711867 0.000613891045213677 0.00361049906350672 0.00149242601473816 0.00122330351732671 0.00049009238864528 0.000732600699120667 0.000669175619259477 0.00104194485757034 0.00102185063879006 0.00211269345018081 0.000779704551678151 0.00117985689721536 0.00112479358795099 0.00454094234155491 0.000559681851882488 0.000480359735956881 0.00156422189902514 0.00106402696692385 0.0011943868448725 0.00109273541893344 0.00204923105775379 0.00282091564149596 0.000586172795738094 0.00107857035181951 0.000691041038953699
0.000166617994545959 0.00015520922243013 0.00015171052509686 0.000154185905557824 0.000147471486707218 0.00013895711308578 0.000124348570170696 0.000125777047651354 0.000119102917597047 0.000453499281138647 0.00198591435910203 0.0238834095187485 0.0104936159215868 0.000785935076419264 0.00318236995954067 0.00110576734878123 0.00264382091118023 0.00094467208837159 0.0025482400204055 0.00125589143717662 0.00423396879341453 0.00324345238041133 0.00146562507725321 0.0015112757391762 0.000449537792883348 0.00036162913456792 0.000454023550264537 0.000909430859610438 0.000716984836617485 0.00072054615302477 0.00340832395013422 0.000955104766762815 0.000919456966221333 0.0013580855622422 0.000791487998503726 0.00174733350868337 0.00137701179191936 0.000535632953688037 0.000505047648039181 0.00173822749347892 0.00328898003208451 0.00155104015138932 0.00137936862302013 0.000794314217637293 0.000597160735924263 0.00458391400752589
0.000187344982259674 0.00013495684688678 0.000126613424799871 0.000260238758346532 0.000965386006282643 0.000578968232730404 0.000713849662861321 6.79799954014015e-05 6.7823060817318e-05 0.00222143495921046 0.00915818838402629 0.000728987800539471 0.000463233202754054 0.000740687453071587 0.000898491404950619 0.000898528250399977 0.00126583766541444 0.00152365417452529 0.00103943129943218 0.00112282654445153 0.0014740574057214 0.000844624944147654 0.000525410452974029 0.000578598452557344 0.000320634567469824 0.000414956183522008 0.000305451087479014 0.000362841733294772 0.000789311609696597 0.000699425733182579 0.00129739253316075 0.00128778025391512 0.000514537030539941 0.000606823158159386 0.00139821553020738 0.00406058420194313 0.00454268273897469 0.00132557419419754 7.97545437308145e-05 2.52093389008223e-05 1.26228106978488e-05 0.000294570085316082 0.000865840174083132 0.00103110812196974 0.00380449121585116 0.000812370421772357
0.000778354500653222 8.56602624480729e-05 6.36439297522884e-05 0.0112392178736627 0.00414662376279011 0.00263964199693874 0.00682011083699763 0.00922446418553591 0.00425929001066834 0.023554337117821 0.000744977782596834 0.000619423711032141 0.000266628054669127 0.000720263394759968 0.00305966675514355 0.00132414168328978 0.000473148150194902 0.00147667160490528 0.0012153583986219 0.00150925504858606 0.000371471505059162 0.00315372691256925 0.000519995897775516 0.000845419414690696 0.000446690658282023 0.000250427937862696 0.000238063280266942 0.000456741311063524 0.00296164633473381 0.00612054257653654 0.00427935181651264 0.00498116805683821 0.00181217438657768 0.0015475750726182 0.000827491709787864 0.00192007996956818 0.00674207194242626 0.00271096118958667 0.000164276243958739 7.52400529563602e-05 0.000410214283328969 0.00041244449239457 0.000462576171412366 0.00162686239345931 0.000762494729133323 0.000802794859919231
0.00862821014598012 0.00357773852301761 0.00465736158657819 0.0167242317460477 0.0265281088650227 0.0158930071629584 0.0072535565122962 0.0131046487251297 0.00412518214434385 0.00559178203111514 0.00494921612553298 0.00079683332296554 0.000198285032820422 0.00148477692855522 0.000719531005597673 0.000600487811607309 0.000997785059735179 0.000627435525530018 0.00132155155879445 0.00287321945652366 0.00278364579426125 0.00210167189943604 0.000828287616604939 0.00151487548137084 0.000545233010780066 0.000496504128386732 0.000305105088045821 0.000273550245037768 0.000243415384466061 0.00246700358111411 0.0229951795190573 0.00180801195092499 0.000249932366568828 0.000491569710720796 0.000637538332375698 0.000449990015476942 0.00291797099052928 0.00112676477292553 0.00134655942383688 0.0041418943204917 0.00405343967722729 0.0025188775616698 0.00175660803215578 0.00323746590875089 0.00676535204984248 0.00285449728253297
0.0119739396497607 0.00695296123158187 0.00454705961747095 0.0101507731247693 0.0125413271132857 0.0050251409295015 0.00575297090690583 0.0043651890126057 0.00596437766216695 0.00174416316440329 0.000295804096822394 0.000484977732412517 0.00108117344789207 0.0025779529591091 0.0052559812553227 0.00193606112152338 0.000659944709332194 0.000885146498330869 0.00325985554372892 0.00348422701936215 0.000878026621649042 0.000708637843490578 0.000577948466525413 0.00181456913123839 0.00024711809164728 0.000400458328658715 0.00164729416137561 0.000582659711653832 0.000749356296728365 0.00218483493081294 0.00457441760227084 0.000581669138045981 0.000924280675826594 0.000255065201054094 0.000359154572652187 0.00571957919746637 0.00103677702427376 0.000768634205451235 0.00103995779063553 0.000999976761522703 0.000891976853017695 0.00140204709023237 0.000882071256637573 0.00304584627738222 0.00285422442248091 0.000389050431112992
0.00577755378326401 0.00518133437726647 0.00075106939766556 0.00129915651050396 0.00161896532517858 0.00816801125183702 0.00608178647235036 0.00297140144975856 0.00319645911222324 0.000605976856604684 0.00029538412563852 0.00148414160939865 0.00244974836241454 0.00660293800756335 0.00189279578044079 0.000748263819332351 0.00268994219368324 0.00674543173518032 0.00849965722300112 0.00447140571195632 0.00640435256063938 0.00100906851002946 0.000582639727508649 0.000658761008526199 0.000719496433157474 0.000371361504949164 0.000422216330480296 0.000364871168130776 0.00210877532954328 0.000723019354336429 0.00280600142432377 0.00100132820662111 0.00298940635402687 0.00114504644006956 0.000257234043965582 0.00160245338338427 0.00334233674220741 0.00336442448897287 0.00328905311180279 0.0056803927058354 0.00140766173135489 0.000733096554176882 0.00187743389687967 0.000933037928189151 0.0018434087454807 0.000923515172326006
0.00535593832610175 0.0164679513312876 0.00563385782297701 0.00147998436586931 0.00616275395732373 0.00491512798471376 8.61882039997486e-06 0.000597461013239808 0.00504003108944744 0.00285313563654199 0.000649821966362651 0.000385419577651191 0.00107085538329557 0.0020707588060759 0.000295081113290507 0.00036181960022077 0.00834918851032853 0.000815976542071439 0.000908795086434111 0.00160549634601921 0.000618051513447426 0.00165754109038971 0.0029622187721543 0.000376697944011539 0.00186785458354279 0.00115252255345695 0.000248391785862623 0.000187430760706775 0.00102133389445953 0.000991644567693584 0.000543329598440323 0.000641223561251536 0.00100731008278672 0.00249744032043964 0.00167553085484542 0.000229335842595901 0.00155347667168826 0.00565814333967865 0.00300253737950698 0.00296516608796082 0.00276600938523188 0.00604336287360638 0.00333019873360172 0.00287268195534125 0.00289553985930979 0.0155893401242793
0.000866594299441203 0.00665004518814385 0.00519187094178051 0.00718221708666533 0.00328714833594859 0.00810425265226513 0.00322557899053209 0.00149851487949491 0.00454838094301522 0.00333500802516937 0.00085911599744577 0.00114717167743947 0.000869499600958079 0.0014253226283472 0.00092962387134321 0.00107243310194463 0.00474379216320813 0.00487820027628913 0.00454455488361418 0.00246057468466461 0.000735553650883958 0.0018175954988692 0.0035974522237666 0.0028986070654355 0.00272087836638093 0.000478664660477079 0.000436502454977017 0.000881739569013007 0.000393794041883666 0.000352560690953396 0.00209799968870357 0.00123342279694043 0.00022264474973781 0.000261015824071364 0.000354956192313693 0.000246991340827662 0.000384650575870182 0.00142119694501162 0.00148084631946404 0.00726003132294863 0.0116444123908877 0.0110779709648341 0.00268318536109291 0.0248741611838341 0.0129315658472478 0.0372968809679151
0.0042472203145735 0.00199439399293624 0.00106221966561861 0.0089772904291749 0.00584896178916097 0.0241431498900056 0.00208895056857727 0.00145690909703262 0.000482759006263223 0.000354951339249965 0.000723957089940086 0.00079865989391692 0.0015666150546167 0.00110301583190449 0.00149190607480705 0.00502970670349896 0.00138913056289312 0.000954725622432306 0.000764712871750817 0.000562600274861325 0.000495374370075297 0.00221543887164444 0.00198606736958027 0.00105526762199588 0.000587150032515638 0.00204629668151028 0.00286258332198486 0.00144031749805436 0.000460702937562019 0.000300350732868537 0.000341190441395156 0.000539576001756359 0.000405923133075703 0.000262572748033563 0.000215354937972734 0.000288251133315498 0.000226344976545079 0.000341974564071279 0.00273971991846338 0.00041627134924056 0.000536967261905375 7.53556909909303e-06 0.0124949934426695 0.0039693976403214 0.00491698106052354 0.00372329920064658
0.00869021136313677 0.0015738083049655 0.00630908554885536 0.00563427701126784 0.0073357047745958 0.00127343496424146 0.00135070021788124 0.00534890369744971 0.0004866498085903 0.000285507347143721 0.000330473791109398 0.00349381820997223 0.00520973624661565 0.0048668974544853 0.00626195049844682 0.00186868551536463 0.00137433841009624 0.00205958378501236 0.00164526903536171 0.000706266838824376 0.00120377969869878 0.00226066272007301 0.00387353018159047 0.00341742831515148 0.000849107804242522 0.00354128449689597 0.00243669892079197 0.00263753753388301 0.000988120853435248 0.000625049075460993 0.00132093744468875 0.00104299715021625 0.00166949214763008 0.000619826730689965 0.000465174924465828 0.00360717781586573 0.0025236441520974 0.00227994476445019 0.00239380141720176 0.000604542091605254 0.000442529132124037 0.000121276238678547 0.00108969938301016 0.0267843475565314 0.0048277067951858 0.0113760700915009
0.00163198129157536 0.00461116983788088 0.0153608616441488 0.00762718718033284 0.000546853836567607 0.000567665832932107 0.00057653153053252 0.00435336953960359 0.000952525594038889 0.00147202558000572 0.000891207976383157 0.00156709241564386 0.00472509656101465 0.00519108783919364 0.0141586468555033 0.00450471076183021 0.00139014330343343 0.00212642329279333 0.00802089525386691 0.00610712973866612 0.00361489140195772 0.00107304246048443 0.00165717872441746 0.00186391697498038 0.00666195305529982 0.0035752123920247 0.00391581704607233 0.00210890367743559 0.000402627290168311 0.000983872046344914 0.00169714548974298 0.00992824919521809 0.0219884090125561 0.00558645657729357 0.0026409185375087 0.0034656387171708 0.00135053276317194 0.00019834602062474 0.0023431898560375 0.000201106428721687 0.000540888535033446 0.000432724892743863 0.000193154272346874 5.98722697759513e-05 0.00381983885308728 0.00472116759046912
0.00705388986971229 5.74864571175504e-05 0.0554018914699554 0.00515331835485995 0.0049619655823335 0.000982366720563732 0.000888097722781822 0.00182037039776333 0.00490994005231187 0.00151963736861944 0.00551389153115451 0.0017641911865212 0.00166525990352966 0.00466819920111448 0.00500606255372986 0.00501434199977666 0.015756297763437 0.00701035163365304 0.00293955492088571 0.00324485951568931 0.00714087411761284 0.00886711180210114 0.00271172949578613 0.00851813452318311 0.00241817528149113 0.00277703354950063 0.00378940663067624 0.00321234604343772 0.00487592440331355 0.00374448443762958 0.00309965425403789 0.00304739759885706 0.00419663486536592 0.00315679226187058 0.0088786996435374 0.0108466505073011 0.00472632795572281 0.00404586170334369 0.000926383136538789 0.000611567181476858 0.000271290543605573 0.000293931848136708 0.000266755215852754 1.66909579775165e-05 1.57306760002029e-05 0.00022821642269264
0.163298337906599 0.00494776609120891 0.00106216280546505 0.0113563073799014 0.00860530699137598 0.00154194080387242 0.00153729577432387 0.00654329897370189 0.00151345081976615 0.00153026476618834 0.00161829593125731 0.00164270281093195 0.00203378383303061 0.0148094596341252 0.00594085918273777 0.00617505244445056 0.0134634496178478 0.0076156399140018 0.0243014624342322 0.00637365230359137 0.00393897064495832 0.0105212945025414 0.00226490228669718 0.00468510536011308 0.015117203257978 0.00341028752736747 0.00284355862531811 0.00865113460458815 0.0035357995540835 0.00205568799865432 0.00526311311405152 0.0186515877023339 0.0231477301567793 0.0108191137667745 0.00554195153526962 0.00431014894274995 0.020113961212337 0.0148284480907023 0.00926454206928611 0.00789693775586784 0.00128805007843766 1.96950570170884e-05 1.42838075817053e-05 1.02778674886395e-05 1.67427621818206e-05 1.6859197080521e-05
0.000183429572643945 3.59698888132698e-05 3.28978360812471e-05 9.7930198899121e-05 0.0189466902986169 0.0015449289989192 0.00063756738381926 0.00162451791693456 0.00155496451770887 0.00488758546998724 0.00548314321786165 0.00511910215718672 0.0017275043297559 0.0120068155229092 0.00718232162762433 0.00573089885292575 0.00553467673016712 0.0163333368487656 0.00822291278745979 0.00467115887440741 0.00913179661147296 0.0119567393325269 0.0012152018112829 0.00482627063756809 0.00735809816978872 0.00406787272077054 0.00779384695924819 0.00413996654096991 0.000986741622909904 0.00498118619434536 0.00359781618462875 0.00350630232132971 0.00579914397094399 0.0140252649784088 0.0222479162737727 0.0159967523999512 0.0186659924685955 0.00476263316813856 0.00425583312753588 0.00469000751618296 0.0136173899285495 0.0115866359323263 0.0008516188361682 0.000307246147713158 1.53387823274898e-05 6.05583950346045e-05
0.0410550687462091 0.0560551591217518 0.0024560761929024 0.00177754284231924 0.00511763383401558 0.0056511654984206 0.000465538377466146 0.00166373776155524 0.00152594332466833 0.00524413934908807 0.0117800873238593 0.00525869954144582 0.00179946711868979 0.00795611748471856 0.00758976014330983 0.0115832592360675 0.00749488992150873 0.00519953503971919 0.00859386951196939 0.0109140768181533 0.00522941006347537 0.00850273522082716 0.00653424703050405 0.022358135599643 0.00769098533783108 0.00560461147688329 0.00469486417714506 0.0041896819951944 0.00459425954613835 0.0036578697967343 0.00394085777224973 0.00331908636144362 0.0172192101366818 0.0268498107790947 0.0278435822576284 0.0317805130034685 0.0400256033986807 0.0261028073728085 0.0272536663338542 0.00794964279048145 0.00937085947953165 0.0106255728751421 0.0124560836702585 0.0118214761372656 0.00186798953800462 0.00237759193987586
