Scripts_&_data/Maxent_result_files_1/Bombus_soroeensis_3.asc
NCOLS 594 
NROWS 330 
XLLCORNER -15 
YLLCORNER 23 
CELLSIZE 0.166666666666667 
NODATA_value -9999 
[rows 180 to 199 of 330, columns 138 to 183 of 594]
0.796053206920624 0.797127169370651 0.671996408700943 0.619028264284134 0.515126442909241 0.502386808395386 0.526377731561661 0.53644278049469 0.365931805968285 0.369612729549408 0.488196116685867 0.538485008478165 0.636754155158997 0.689287561178207 0.472428494691849 0.727548521757126 0.698343580961227 0.46929731965065 0.618482744693756 0.585905510187149 0.593425869941711 0.418782049417496 0.630771088600159 0.480209544301033 0.542841708660126 0.51089306473732 0.670098942518234 0.664400666952133 0.684721153974533 0.460530877113342 0.551471698284149 0.490252542495728 0.477612191438675 0.672160106897354 0.671869349479675 0.447555637359619 0.265188503265381 0.358536651730537 0.379484620690346 0.318553546071053 0.536024731397629 0.398128345608711 0.502799981832504 0.60810010433197 0.519558906555176 0.393673801422119
0.797738522291183 0.777955794334412 0.57205656170845 0.502798181772232 0.393840697407722 0.631827133893967 0.643556010723114 0.487668961286545 0.549788051843643 0.392323043942451 0.46693519949913 0.649018120765686 0.756099498271942 0.766169786453247 0.781689077615738 0.613765585422516 0.720054543018341 0.580741989612579 0.521588492393494 0.599738645553589 0.471251231431961 0.482948225736618 0.623468220233917 0.596536153554916 0.516459107398987 0.535371327400208 0.535413241386414 0.770204490423202 0.76027529835701 0.790148079395294 0.757860660552979 0.705123835802078 0.74824697971344 0.799837428331375 0.799575531482697 0.79999994635582 0.799074816703796 0.79157680273056 0.787205332517624 0.439084231853485 0.642499816417694 0.693106406927109 0.794689881801605 0.698889005184174 0.760278296470642 0.798348635435104
0.553787070512772 0.50797466635704 0.366953060030937 0.355280929803848 0.412256559729576 0.521309781074524 0.338110414147377 0.278154012560844 0.284603428840637 0.471078673005104 0.667778408527374 0.756664156913757 0.792211651802063 0.794126003980637 0.783523017168045 0.789749908447266 0.782706964015961 0.78866685628891 0.706850475072861 0.573882347345352 0.79905663728714 0.790741282701492 0.798030257225037 0.796978795528412 0.769031256437302 0.781575745344162 0.766666346788406 0.79935896396637 0.799292850494385 0.799996602535248 0.799988812208176 0.79997227191925 0.799683636426926 0.799999934434891 0.799999296665192 0.798709040880203 0.793808507919312 0.795322561264038 0.772765278816223 0.797786098718643 0.797916680574417 0.799957495927811 0.798211002349854 0.78524381518364 0.799966609477997 0.791970187425613
0.699164742231369 0.598957180976868 0.689384001493454 0.798580980300903 0.681257605552673 0.460117554664612 0.392844516038895 0.527949172258377 0.750766736268997 0.767305505275726 0.743641203641891 0.730092602968216 0.798526132106781 0.799991947412491 0.8 0.8 0.8 0.799998509883881 0.799999988079071 0.799989032745361 0.799999940395355 0.8 0.799895972013474 0.77082724571228 0.797568964958191 0.780469673871994 0.773825347423553 0.797802662849426 0.775715446472168 0.799999839067459 0.799462115764618 0.79854062795639 0.72678582072258 0.700001140853692 0.799990057945251 0.797402501106262 0.799680376052856 0.798413109779358 0.799938929080963 0.799475538730621 0.799857330322266 0.799744260311127 0.781312084197998 0.778167015314102 0.762784469127655 0.777552980184555
0.63633621931076 0.665250813961029 0.45061771273613 0.752595883607864 0.560149282217026 0.631238901615143 0.64479820728302 0.759045684337616 0.799308979511261 0.57620330452919 0.799967634677887 0.799999994039535 0.799999809265137 0.8 0.8 0.799999994039535 0.8 0.799991977214813 0.8 0.799999982118607 0.799991083145142 0.799999988079071 0.799999994039535 0.799988800287247 0.799999713897705 0.8 0.79999737739563 0.798204916715622 0.699987512063899 0.797169262170792 0.796375751495361 0.799577897787094 0.799634951353073 0.799999886751175 0.799976861476898 0.799995809793472 0.799321556091309 0.798339372873306 0.799493902921677 0.799974393844604 0.76623403429985 0.751628512144089 0.712540990114212 0.613337028026581 0.372475695610046 0.52480354309082
0.546259331703186 0.70170441865921 0.640904325246811 0.794674408435821 0.799973714351654 0.70013426047517 0.926424109935761 0.799999994039535 0.78942978978157 0.8 0.926424109935761 0.8 0.799999988079071 0.799996757507324 0.799999892711639 0.8 0.8 0.8 0.500838047184789 0.700164715072606 0.8 0.7 0.7 0.7 0.7 0.7 0.7 0.7 0.700000000000316 0.700000371267902 0.799999994039535 0.7 0.700000009302162 0.799993795156479 0.797013980150223 0.799187403917313 0.785637015104294 0.788512969017029 0.727081722021103 0.79994598031044 0.799033331871033 0.792764508724213 0.550719809532165 0.237391617894173 0.554554486274719 0.106829503923655
0.796815943717956 0.759943526983261 0.799999296665192 0.700000000001866 0.700120214419439 0.599999856246473 0.700005208933362 0.700000000524993 0.8 0.799752771854401 0.799999988079071 0.8 0.694463872909546 0.7 0.799999463558197 0.8 0.466826724340353 0.434090347329169 0.7 0.699951589107513 0.799999505281448 0.79999463558197 0.7 0.926424109935761 0.7 0.799988615512848 0.79999971985817 0.799918562173843 0.8 0.799737149477005 0.799988681077957 0.799906057119369 0.799984240531921 0.799909114837646 0.799955749511719 0.799985146522522 0.798853754997253 0.746678292751312 0.68256362080574 0.787847316265106 0.751498544216156 0.78144291639328 0.676958870887756 0.152595500648022 0.121032489091158 0.0658343009650707
0.798306751251221 0.799971342086792 0.700000001313048 0.7 0.7 0.700000000000006 0.8 0.799999487400055 0.799721211194992 0.8 0.8 0.799479782581329 0.799999994039535 0.797587025165558 0.799955755472183 0.788051599264145 0.445841419145108 0.7 0.926424109935761 0.799772602319717 0.798511034250259 0.799658411741257 0.799607288837433 0.796840137243271 0.799999868869781 0.799988323450089 0.799996113777161 0.799999982118607 0.799999970197678 0.796473199129105 0.79852015376091 0.799948418140411 0.799892371892929 0.788595110177994 0.799980485439301 0.798507183790207 0.696561503410339 0.573487991094589 0.245278479158878 0.752256351709366 0.431521421670914 0.738508474826813 0.796062833070755 0.24680255651474 0.106690504401922 0.148544729501009
0.8 0.7 0.695208388566971 0.799998784065247 0.799996757507324 0.7 0.700000059409439 0.8 0.8 0.8 0.799999642372131 0.799999856948853 0.79970560669899 0.798337668180466 0.375475297790936 0.7 0.699999988310345 0.792288857698441 0.795007336139679 0.616824758052826 0.763256078958511 0.773652237653732 0.799999409914017 0.79911984205246 0.799998742341995 0.799965119361877 0.799999749660492 0.799996268749237 0.789162689447403 0.796018105745316 0.798006737232208 0.798793894052505 0.798381948471069 0.786017245054245 0.797395861148834 0.763292437791824 0.621032691001892 0.551597028970718 0.327227512001991 0.378409662842751 0.552066135406494 0.41929537653923 0.610281807184219 0.43927506506443 0.288313364982605 0.335912391543388
0.8 0.7 0.699619265807161 0.799894887208939 0.799999898672104 0.799999535083771 0.700000000020636 0.799999499320984 0.8 0.799999982118607 0.699933540821075 0.7 0.794034707546234 0.789104771614075 0.799901288747787 0.698963063955307 0.699997943639755 0.663023149967194 0.52811872959137 0.337279626727104 0.70220667719841 0.799628883600235 0.799874812364578 0.775955992937088 0.799671316146851 0.799927550554276 0.799880039691925 0.785090112686157 0.682647293806076 0.616343969106674 0.714368957281113 0.79577739238739 0.799996203184128 0.799640017747879 0.799879193305969 0.700082110747462 0.796249461174011 0.796029227972031 0.795325523614883 0.792300081253052 0.783625888824463 0.742989712953568 0.425659331679344 0.65268542766571 0.731441998481751 0.255851989984512
0.926424109935761 0.799949985742569 0.79871621131897 0.784559416770935 0.77053896188736 0.788176673650742 0.797775572538376 0.798654699325562 0.686145853996277 0.7 0.7 0.799870353937149 0.799554586410522 0.784758204221725 0.798046934604645 0.7 0.926424109935761 0.794628798961639 0.346278959512711 0.623559844493866 0.738220047950745 0.799996566772461 0.799997401237488 0.926424109935761 0.798488759994507 0.733377873897552 0.731491386890411 0.779171830415726 0.472851967811584 0.123429582268 0.386180117726326 0.531310844421387 0.477930217981339 0.395648178458214 0.795497512817383 0.797816324234009 0.774466097354889 0.672388780117035 0.369598719477653 0.77354325056076 0.543027263879776 0.357786518335342 0.299138471484184 0.280536612868309 0.230196812748909 0.127823150157928
0.699993896484375 0.616245454549789 0.766658300161362 0.404526975750923 0.308110651373863 0.477188476920128 0.516654473543167 0.297507634758949 0.613932156562805 0.798905038833618 0.769899523258209 0.787604856491089 0.797923338413238 0.635357403755188 0.926424109935761 0.69997256398201 0.729748076200485 0.332668119668961 0.732015210390091 0.695955747365952 0.74877313375473 0.761791115999222 0.654644131660461 0.623654294013977 0.164135272800922 0.269089165329933 0.346010461449623 0.284243240952492 0.0663651749491692 0.0425858967006206 0.0544383056461811 0.14578812867403 0.2142183765769 0.139299016073346 0.198397631943226 0.339476175606251 0.655670410394669 0.480630812048912 0.508022055029869 0.468044921755791 0.400074750185013 0.287287187576294 0.275010702013969 0.22726242095232 0.157820814847946 0.0897711083292961
0.785154402256012 0.732865488529205 0.37515664100647 0.24386927485466 0.21233678907156 0.406230819225311 0.368520081043243 0.278347876667976 0.548745918273926 0.420730212330818 0.683043104410171 0.772745710611343 0.739251470565796 0.679503607749939 0.33544402718544 0.422269442677498 0.553339594602585 0.465062755346298 0.644271630048752 0.527903747558594 0.681628322601318 0.766189533472061 0.402818843722343 0.0980837464332581 0.185894925892353 0.101496500521898 0.0298733200877905 0.0295277863740921 0.0302362877875566 0.0317016910761595 0.0211701014079154 0.0216522895731032 0.0592245511710644 0.256722943484783 0.35339867323637 0.540517580509186 0.531987795233727 0.688245183229446 0.355469989776611 0.312099003791809 0.093387807905674 0.0930802583694458 0.172142274677753 0.105824991315603 0.153289406001568 0.101391629129648
0.68514249920845 0.285613563656807 0.23894464969635 0.266608035564423 0.634064716100693 0.432395991683006 0.523752790689468 0.611016404628754 0.475621703267097 0.423280748724937 0.514348596334457 0.2902348279953 0.227251617610455 0.401349553465843 0.248191130161285 0.243078136444092 0.166941018402576 0.196449555456638 0.523558294773102 0.277545207738876 0.32603674530983 0.233702652156353 0.0884743481874466 0.0383992236107588 0.0353804856538773 0.0516259558498859 0.0222253235056996 0.022854589857161 0.0243822753429413 0.0273568829521537 0.0424027374014258 -9999 0.0172214224003255 -9999 0.275991885364056 0.331555849313736 0.233135078847408 0.357928678393364 0.64672799706459 0.643781912326813 0.144435429573059 0.132190796732903 0.210698471963406 0.170768220722675 0.0504580572247505 0.0570433866232634
0.289605537056923 0.120836592465639 0.0933163024485111 0.0442399196326733 0.311789321899414 0.249162225425243 0.545848561823368 0.375081484019756 0.108301840722561 0.142071955651045 0.0330666551366448 0.0821307431906462 0.144752669334412 0.482988375425339 0.108172858506441 0.0486485440284014 0.104102625697851 0.110425951331854 0.0723522171378136 0.176381823420525 0.103472363948822 0.0432885793969035 0.0245113836601377 0.0190646291710436 0.0207114730961621 0.0433441236615181 0.023796521499753 0.0292842401191592 0.0519447959959507 -9999 -9999 -9999 -9999 -9999 0.177547703683376 0.225583240389824 0.0626392882317305 0.266171276569366 0.647024738788605 0.580859088897705 0.1504658177495 0.124523682892323 0.0741580981761217 0.0914138086140156 0.0281515393406153 0.055955433100462
0.0892851263284683 0.0263504611328244 0.0244237679988146 0.0342498434707522 0.0518513549119234 0.0615040224045515 0.148291923850775 0.155409181118011 0.0211716508492827 0.0204858608543873 0.0211341641843319 0.0194089418277144 0.0181878481060266 0.0177212377078831 0.0204565411433578 0.0360660891979933 0.0335308255627751 0.0839145138859749 0.0470345567911863 0.0210268247872591 0.0475213617086411 0.0458382781594992 0.0383895713835955 0.102006114274263 0.0328557636588812 -9999 -9999 -9999 -9999 -9999 -9999 -9999 -9999 0.0523091435432434 0.0435012347996235 0.0695189867168665 0.124167512357235 0.138607285171747 0.30717334151268 0.255509838461876 0.316632795333862 0.129438529908657 0.0549075055867434 0.0242636291310191 0.0432790577411652 0.0411660704761744
0.0202668013051152 0.0277530543506145 0.0216551562771201 0.0201086787506938 0.0189746806398034 0.0357258461415768 0.0236230006441474 0.0175986624322832 0.0168604417704046 0.0165056781843305 0.0159092606045306 0.0178435501642525 0.0146171025000513 0.0138697189278901 0.0121787349693477 0.0126543371006846 0.0167554236017168 0.0119256047531962 0.0107779972720891 0.0216778107918799 0.0122379775159061 0.0120913295075297 0.0265250645577908 0.0136962153017521 0.0248254127800465 -9999 -9999 -9999 -9999 -9999 -9999 -9999 -9999 -9999 0.0676246199756861 0.157192716002464 0.135240565985441 0.115470779687166 -9999 0.0706082323566079 0.34984405040741 0.542593812942505 0.136091497540474 0.0450200505554676 0.0193590264767408 0.0180193790234625
0.0585490331053734 0.014798675943166 0.0207854472100735 0.0167212704196572 0.0162254052236676 0.0143378776498139 0.0130269014276564 0.0156862755306065 0.0147453125566244 0.0139058727771044 0.0237998137250543 0.0167912794277072 0.0138855423778296 0.00830082762986422 0.0106476463377476 0.0111109908670187 0.0169655830599368 0.011014387011528 0.0106543785892427 0.0112709962297231 0.0111345129087567 0.0117093777284026 0.0140534518286586 0.0124894458800554 0.0151912904344499 0.0296500517055392 -9999 -9999 -9999 -9999 -9999 -9999 -9999 -9999 0.0729969121515751 0.043979487195611 0.124692292511463 -9999 -9999 0.097230863571167 -9999 0.257228881120682 0.116394180059433 0.133870585262775 0.111556353420019 0.0473130073398352
0.00906581939198077 0.0279907573014498 0.0106964410282671 0.0217554174363613 0.0153668028302491 0.0158789659850299 0.0420569203794003 0.0366036899387836 0.0362397324293852 0.0140411941334605 0.0109672500751913 0.0149664304219186 0.0120894450694323 0.00742859714664519 0.0112587528768927 0.0215054066851735 0.010960857430473 0.00923049710690975 0.0107112541329116 0.00862311772070825 0.0102725762408227 0.0183905813843012 0.00976676368154585 0.0071684708353132 0.0117566525936127 0.0280263328924775 0.00369128812494354 -9999 -9999 -9999 -9999 -9999 -9999 -9999 -9999 0.0959358930587769 -9999 -9999 0.183757711946964 -9999 -9999 0.249552197754383 0.203107090294361 0.197772541642189 0.151886579394341 0.0880461990833283
0.0187620470300317 0.0186984837055206 0.0215499777346849 0.0113391431979835 0.0192885178141296 0.0524923823773861 0.0705178298056126 0.128144381940365 0.127448192238808 0.0694338038563728 0.064708149433136 0.0515038043260574 0.0127541737630963 0.0205699048005044 0.0134426521137357 0.0150018305517733 0.0119167609140277 0.0145415170118213 0.00921552209183574 0.00895060417242348 0.00612942529842257 0.00882527129724622 0.0100313358940184 0.00697017977945507 0.0112212327308953 0.0449439860880375 -9999 -9999 -9999 -9999 -9999 -9999 -9999 -9999 -9999 -9999 -9999 -9999 0.0425424301996827 -9999 -9999 0.275990408658981 0.380838397145271 0.10505248606205 0.204556052386761 0.193605551123619
