Scripts_&_data/Maxent_result_files_1/Bombus_cingulatus_3.asc
NCOLS 594 
NROWS 330 
XLLCORNER -15 
YLLCORNER 23 
CELLSIZE 0.166666666666667 
NODATA_value -9999 
[rows 220 to 239 of 330, columns 220 to 263 of 594]
4.22459765836436e-08 4.63756639002e-07 2.91229139282034e-07 2.69006867703592e-06 2.86579197894543e-07 1.73988605038922e-06 3.04392420602539e-08 2.14242909413187e-08 2.18087345960072e-09 8.9720372242752e-10 7.31119108932088e-07 4.4579715053894e-07 1.06644037844994e-07 2.2930967014112e-08 2.67499499873036e-07 9.05971334291822e-06 1.01436930521892e-08 2.31903410030654e-08 1.75555475279143e-07 2.95218279822151e-09 4.47272107351182e-08 4.19837659415556e-08 1.59249952547125e-07 1.40943761361978e-07 8.50371395522131e-10 3.13235608451201e-08 3.70013076178566e-08 1.25818827700908e-07 5.76143532882156e-10 4.0670109502372e-10 3.52751295951137e-09 3.37982142273319e-10 2.89585277979398e-10 3.28110205671805e-10 4.17806766961348e-10 2.29476578850196e-09 1.34622615388658e-08 1.47935167782443e-08 1.708843994086e-08 7.75807129649309e-10 3.83477505305763e-10 2.41139711532057e-09 1.37168472580385e-07 4.45977048313395e-07
4.2646375497668e-08 9.65421173478864e-06 1.09862304376041e-07 7.1145666586947e-07 4.38956924064815e-06 2.07803838225828e-07 2.73528395489109e-09 7.55256911677549e-08 1.84003223102636e-08 1.21732414593012e-08 1.46297191028211e-09 2.93196633049941e-07 8.03897315382329e-10 3.14040715654329e-10 5.81982954050986e-09 7.45101770283085e-09 2.35348758859111e-07 1.21553231435811e-07 4.80114785705865e-09 1.07058167886365e-09 8.53297721370438e-10 8.96458761667773e-09 9.13572782978989e-09 2.31242735071469e-08 7.30158798201153e-08 1.11127462454341e-07 1.11109754963312e-07 2.59405823377357e-08 2.92443513849605e-10 2.69078781478527e-10 5.8561828719661e-10 5.19043630298199e-10 2.76750367067535e-10 4.92396123874528e-10 5.04193242711892e-10 4.92371965421512e-10 4.77261224984815e-09 3.22497017979373e-09 1.99360912178648e-07 1.96970788757245e-07 3.11511512030016e-08 1.91964869444838e-08 1.59132008399343e-06 0.271960973401474
4.63043769571847e-07 3.29198072435144e-07 1.69196250032755e-07 1.58229289071166e-07 3.24107064297863e-08 5.14868953027658e-09 6.07327521606749e-12 1.41530263952916e-08 3.91330351456887e-09 7.53417376708754e-08 1.88608023532488e-08 6.34730449311505e-09 1.22477880060146e-09 1.45997874567705e-08 7.871576835905e-08 3.26140528805752e-08 -9999 -9999 5.15345155438496e-09 -9999 -9999 -9999 3.33124109377358e-06 1.73754172605456e-07 8.96267447462185e-06 7.0404851532313e-06 4.09448466465179e-08 4.61363693915473e-09 3.1068779771104e-10 7.52292461658755e-09 7.99437471776798e-10 4.09097311582229e-10 4.50949433350445e-10 3.15307280285282e-10 1.26206190309563e-07 -9999 -9999 -9999 -9999 -9999 -9999 -9999 -9999 -9999
5.79556940216719e-09 5.35773771570547e-08 4.82572607751752e-07 6.93509606408682e-09 6.51343985413888e-09 3.69643508024708e-09 1.52407967357604e-08 1.90707380167909e-05 3.34728219586466e-09 4.76392203352383e-08 1.66540123691661e-08 1.51272834991722e-07 3.80462484544486e-05 -9999 4.56431039451699e-06 -9999 -9999 7.93373219607485e-06 -9999 -9999 -9999 -9999 -9999 -9999 -9999 -9999 9.72756886152837e-09 2.79872847119833e-09 1.70376796004845e-09 1.19409857446406e-08 3.96238133304472e-08 3.39035011176492e-09 2.2033786750697e-08 3.45224231423913e-09 -9999 -9999 -9999 -9999 -9999 -9999 -9999 -9999 -9999 -9999
6.74333457961751e-09 1.21819893079689e-05 1.06873813389141e-06 1.84185285245775e-07 1.47413697915155e-09 2.31103626235907e-09 7.47341298845683e-09 -9999 1.16791658615334e-05 1.91187029841e-07 3.76289408521302e-09 1.02148750058539e-07 1.44376580812899e-07 -9999 -9999 -9999 -9999 -9999 -9999 -9999 -9999 -9999 -9999 -9999 -9999 -9999 -9999 -9999 -9999 -9999 -9999 3.25252686672606e-08 -9999 -9999 -9999 -9999 -9999 -9999 -9999 -9999 -9999 -9999 -9999 1.62093448943246e-06
1.3455825431663e-08 1.13394552536672e-07 2.10726134342032e-07 2.85936543820142e-07 2.09687750052367e-08 7.24683424380146e-11 -9999 1.05528883309614e-07 1.25287339391988e-09 1.57933618294415e-08 2.53102063466626e-06 1.87839614922414e-06 3.46290319641618e-08 -9999 -9999 -9999 -9999 -9999 -9999 -9999 -9999 -9999 -9999 3.14484451885422e-06 -9999 -9999 -9999 -9999 1.02196775329078e-05 1.53034618199932e-08 2.40416219524642e-06 -9999 1.00957397080048e-06 1.26423764323924e-07 -9999 -9999 -9999 1.37089105962662e-06 -9999 -9999 -9999 -9999 -9999 -9999
1.61039370550897e-06 1.74457448487431e-11 1.04250235668513e-06 1.7248736552844e-06 1.3124940735354e-07 1.6406915196443e-07 -9999 -9999 -9999 -9999 -9999 3.32419656557947e-06 -9999 -9999 -9999 1.18466472964762e-08 -9999 -9999 -9999 -9999 -9999 -9999 -9999 -9999 -9999 -9999 -9999 -9999 2.55823903764218e-06 2.1543505102084e-08 1.07105886563152e-06 1.68659632804324e-07 1.94207499859544e-08 6.72689132619197e-08 1.89596182864626e-08 1.06487502371522e-08 8.23315682296766e-10 2.8985813749216e-12 3.14297476933234e-12 3.21812602122051e-09 4.27324839957777e-09 6.73463396161367e-11 9.28946648492968e-09 3.39344934041419e-05
1.03078006188362e-06 1.43554458220674e-07 1.48937948085681e-08 1.36852828933609e-06 6.25047067615014e-05 -9999 -9999 -9999 -9999 -9999 9.70045117787421e-08 -9999 -9999 3.56665896372732e-08 -9999 -9999 -9999 -9999 -9999 -9999 -9999 -9999 -9999 -9999 -9999 -9999 -9999 -9999 1.64075209249326e-05 2.33846485132583e-06 1.72070815905867e-06 7.49440906888665e-08 3.63168986667883e-06 1.6519976447138e-06 2.50301998594438e-07 1.09718182208507e-06 3.60363961782184e-08 3.7201139946319e-10 7.17914394599006e-11 6.84214140900252e-10 1.66826033876077e-08 7.78653893585002e-09 3.23684922376444e-07 8.81001972008466e-07
1.52728350411024e-08 5.34522967665652e-08 1.3112256125325e-08 7.04130793005575e-08 7.53332039848953e-07 1.14179137578052e-07 -9999 -9999 -9999 -9999 -9999 -9999 -9999 -9999 -9999 -9999 -9999 -9999 -9999 -9999 9.84931092240515e-10 3.22763260562908e-11 -9999 -9999 -9999 -9999 -9999 1.22327870832883e-08 6.63777061428172e-06 1.65424854277063e-06 3.76651389225602e-06 3.38738422356322e-07 3.13204152990743e-07 4.46302503209761e-07 3.71495490714135e-07 7.63138181403278e-07 2.34767907125732e-07 3.81432240126323e-08 2.88240268975226e-07 8.31908494758338e-08 2.05408373454841e-07 3.14666108636175e-07 3.69243535363051e-06 0.00015263640734986
1.16637750102733e-07 1.6028122373779e-08 1.90205131644916e-09 1.24993089212211e-09 6.00887828383634e-10 1.70484314998554e-08 7.94757417321712e-08 -9999 -9999 -9999 -9999 -9999 -9999 -9999 -9999 -9999 -9999 -9999 -9999 -9999 -9999 -9999 -9999 -9999 -9999 -9999 -9999 3.48020504636892e-08 1.53890012377644e-07 5.66923074253323e-06 9.17015134136445e-06 2.59932450972222e-06 5.13850054484344e-07 9.47992057120928e-07 3.84199333376412e-06 3.54405341412845e-06 4.4185162428878e-08 1.78540567885577e-08 3.61539882920425e-08 2.36646009913466e-06 1.03076048555084e-05 2.04898549113208e-06 1.83993324068155e-05 1.65962085729721e-07
2.74072897710198e-09 1.44317972017305e-09 2.47875164838263e-11 4.16723655582985e-11 3.95841491807047e-09 6.53117004922876e-11 2.40414910201991e-11 2.76749469463322e-07 -9999 -9999 -9999 -9999 -9999 -9999 -9999 -9999 -9999 -9999 -9999 -9999 -9999 -9999 -9999 -9999 -9999 -9999 -9999 2.39186810017111e-06 4.28725913229622e-06 1.01557455897017e-05 8.05270625232613e-06 6.80136078480942e-05 0.000155459401851055 1.12006908607465e-05 1.70500625895631e-07 9.01811728959423e-08 6.85562675295515e-08 5.13591677298031e-08 1.12366989712953e-08 1.23185581096252e-05 1.01286748746987e-05 0.000147574435356579 3.06611375995303e-06 2.74398751143323e-06
5.18031215701598e-09 8.28458357471362e-10 7.98623086550876e-09 5.55491064258007e-10 1.02940500568138e-10 3.70718552522575e-09 8.50999415380471e-10 0.00053583615244861 6.58849720835963e-07 -9999 -9999 -9999 -9999 -9999 -9999 -9999 -9999 -9999 -9999 -9999 -9999 -9999 -9999 -9999 -9999 -9999 -9999 -9999 -9999 -9999 -9999 6.4136092270739e-06 2.55195981239353e-05 1.88037641552175e-05 2.66229530730966e-06 3.10865509101088e-07 8.45361552047619e-06 1.37542940753521e-06 1.64705305150115e-07 2.47237417871915e-07 1.43226217507286e-05 5.61459065558267e-05 2.33468023878913e-05 4.94557684792341e-05
1.35099005582617e-07 1.96917921191364e-08 7.43329162666839e-09 6.2581806181683e-09 1.4828459961036e-07 1.86779285038519e-08 4.0956310465301e-08 -9999 -9999 1.93748205490341e-07 -9999 -9999 -9999 -9999 -9999 -9999 -9999 -9999 -9999 -9999 -9999 -9999 -9999 -9999 -9999 1.87940281892729e-08 2.00151239247992e-06 3.26094832994173e-06 4.95571262048022e-06 -9999 9.4448715448614e-08 1.20907834059492e-05 1.38422203649236e-05 8.35763452389227e-07 4.95559560498293e-08 0.000444164328192553 1.9310638312886e-05 9.53019513103559e-06 8.14880418553709e-07 1.20536759824486e-06 4.02801662866103e-05 5.05502827535587e-05 0.000107925598321401 1.52765767933438e-06
2.4866554125591e-06 8.13262146615035e-07 4.89492957123083e-07 9.88040767979648e-08 3.11090395777036e-08 4.26992649656954e-06 9.94132296772143e-07 1.37146714150882e-06 -9999 -9999 -9999 -9999 -9999 -9999 -9999 -9999 -9999 -9999 -9999 -9999 -9999 -9999 -9999 -9999 -9999 -9999 -9999 7.11177591683487e-07 1.64273942686588e-06 -9999 -9999 1.70070714178294e-09 2.2298841136914e-07 8.20586021542669e-06 8.97044709008421e-06 3.18296022277509e-05 7.22468584157809e-07 1.88724723439337e-05 0.000609267410156455 6.2166643133521e-06 1.15101390850469e-05 1.03616057431921e-06 6.38891084586701e-06 9.07380551770087e-06
4.59257082282671e-05 9.23244579931204e-07 1.81679881827712e-07 1.57133684897115e-07 2.24270492997447e-05 1.37717357961975e-08 1.32645442810775e-06 1.09533185410626e-07 2.30322023841989e-07 4.22625372586971e-08 6.06479771847468e-07 -9999 -9999 -9999 -9999 -9999 -9999 -9999 -9999 -9999 -9999 -9999 -9999 -9999 -9999 -9999 -9999 -9999 -9999 -9999 -9999 -9999 6.85372089748171e-08 8.57819487660727e-06 9.22628830915428e-05 1.19709824735192e-06 1.29833259698842e-09 0.00010863417738185 4.06240030670246e-05 1.41553755421686e-06 5.12629471494108e-07 1.27162053986662e-07 2.14773675609736e-06 2.45925037778427e-08
2.62091712705193e-05 1.54912386177486e-05 2.74073130150043e-05 4.82771857960529e-05 3.9082516601896e-07 2.928552339998e-06 4.56424823058743e-07 1.16121206549247e-06 -9999 -9999 5.59002770184058e-08 7.54603152086641e-07 -9999 -9999 -9999 -9999 -9999 -9999 -9999 -9999 -9999 -9999 -9999 -9999 -9999 -9999 -9999 -9999 -9999 -9999 -9999 5.6913217316712e-06 2.71854566381569e-06 6.99463080577889e-07 3.26653061266669e-09 1.88656006372412e-09 5.48784554466053e-09 2.00480328005348e-08 2.11088767317902e-06 8.32633476610667e-09 7.99102006787677e-11 6.53226405955554e-07 5.12218995551983e-08 1.21872028024939e-09
2.54933963403925e-06 2.85644031914334e-06 6.46628399828542e-06 9.76824205139337e-05 8.15737163080588e-05 1.25903682890116e-05 3.26772253700369e-08 5.38749946765726e-08 1.24295786528839e-06 1.75414087235648e-06 -9999 1.68151029744656e-07 6.00447456899911e-07 6.2474881177832e-06 1.05051975367587e-06 -9999 -9999 -9999 -9999 -9999 -9999 -9999 -9999 -9999 -9999 1.49142315492345e-05 -9999 -9999 1.16897060783439e-06 -9999 -9999 1.27320376464013e-12 2.77835193792653e-06 2.12613072946177e-05 0.160908668267075 1.64570937988273e-09 4.45379473987817e-06 1.6011714287778e-09 4.66560456935383e-11 1.71916481050971e-11 2.64679167472082e-11 2.54125800736027e-08 3.79067555122958e-11 1.63578419698496e-09
4.36907320289226e-07 2.72860671490793e-07 4.04809748415502e-06 6.92890833908777e-07 3.6023837257293e-05 1.03518524521284e-06 9.30784325184009e-05 1.46671543339583e-06 7.39994953091738e-09 6.23026730206533e-09 6.63841899228856e-09 1.39584806491122e-08 1.45571858012339e-08 2.00518606807698e-06 1.21627866800367e-07 -9999 -9999 -9999 -9999 -9999 -9999 -9999 -9999 -9999 -9999 -9999 2.69670384412279e-05 -9999 -9999 1.30349725918633e-06 -9999 -9999 0.000135978065330988 0.599639050979749 6.63516629538119e-05 2.25986784263554e-07 0.00176385719019869 8.07659843027775e-05 0.580562484080583 3.45942514012876e-06 3.69526259591524e-08 3.1250195431376e-09 1.48988135162398e-09 6.30552410285645e-10
0.0158297281508567 2.00280757418625e-06 5.93424508239293e-05 -9999 -9999 -9999 -9999 1.21826967280914e-07 1.10210582882075e-09 8.3041965792674e-08 3.18144895961048e-07 2.74565956591699e-06 4.31861374405873e-07 2.46740336395934e-07 -9999 1.00526338328022e-06 -9999 -9999 -9999 -9999 -9999 -9999 -9999 -9999 -9999 -9999 8.70917121332804e-06 -9999 2.51603803391731e-07 3.84617154519651e-06 1.3202627391351e-07 2.68686030805321e-05 0.000353236283707781 3.48115593351572e-07 4.31958758583484e-05 5.61292440477423e-06 8.1263237386997e-07 2.398031150741e-06 8.29164495952384e-09 4.21900725466884e-10 4.43750524337094e-07 9.5235121566617e-08 8.66167296442733e-08 1.73448459372949e-08
1.9510558294189e-06 2.54914451954913e-05 2.67684385069522e-05 3.30339753628284e-05 7.47263535353371e-06 8.51328811772856e-06 -9999 -9999 -9999 7.20826880185044e-08 4.85159175297456e-06 0.000350426230010137 0.572443958308213 3.79172322466759e-05 -9999 -9999 8.35288409328783e-08 -9999 -9999 -9999 -9999 -9999 -9999 -9999 -9999 -9999 -9999 -9999 -9999 -9999 -9999 2.26352928883733e-06 1.55557641751236e-05 9.30463517501145e-07 1.21171169975565e-07 2.74890231355407e-08 2.8994449324804e-06 1.33947129533629e-06 1.73074119491634e-07 1.31210065379417e-07 4.85678418582491e-07 5.44535397825396e-05 1.00509865254006e-06 2.6783069815739e-06
