Scripts_&_data/Maxent_result_files_1/Bombus_confusus_2.asc
NCOLS 594 
NROWS 330 
XLLCORNER -15 
YLLCORNER 23 
CELLSIZE 0.166666666666667 
NODATA_value -9999 
[rows 84 to 104 of 330, columns 138 to 183 of 594]
-9999 -9999 -9999 -9999 -9999 -9999 -9999 -9999 -9999 -9999 -9999 -9999 0.0277784585487098 0.0244733761064708 0.0156138694379479 0.00443065648432821 0.00497985843103379 0.00897554457187653 -9999 0.152411539852619 0.214925993978977 0.196070946753025 0.00806062819901854 0.00812480801250786 0.00381827167002484 0.00190400514984503 0.00202949356753379 0.00211883811862208 0.00155332237482071 0.00050319971924182 0.00089418375864625 0.00129648530855775 0.00123583815875463 0.00120379758882336 0.0013445736374706 0.00249273041263223 0.00675816554576159 0.00751327711623162 0.0106715200934559 0.0021149258420337 0.00623060931684449 0.00510490072192624 0.00616128433030099 0.0159013334196061 0.00559661609586328 0.0229919038712978
-9999 -9999 -9999 -9999 0.0165531870443374 -9999 -9999 -9999 -9999 -9999 0.372429531812668 0.0470259149558842 0.188489269465208 0.016359055088833 0.0119127212557942 0.0116826053941622 0.0343226432800293 0.0465942464768887 -9999 0.045626160595566 0.117565223947167 0.10478726439178 0.0933341946452856 0.00617447814438492 0.00309016882674769 0.00254600791959092 0.00172843153122813 0.00174623149796389 0.00160508386907168 0.00483445121208206 0.00696949753910303 0.00118180162098724 0.00236750009935349 0.00192674691788852 0.00288240482332185 0.00311024362454191 0.00429599130875431 0.013740769866854 0.00972694046795368 0.0188285194337368 0.0211406897753477 0.0210847789421678 0.0205724476836622 0.0103918283246458 0.0111372166778892 0.0147148119285703
-9999 -9999 -9999 0.00250747899408452 0.00500882298802026 0.00704833613708615 0.0107233816757798 -9999 -9999 0.000400241854367778 0.0062858420656994 0.0167633312754333 0.735522556304932 0.00461298655718565 -9999 -9999 -9999 0.343514972925186 0.0328046207781881 0.067247286438942 0.00428673743735999 0.00259520065737888 0.00165850467747077 0.0015318903257139 0.0020020189229399 0.0015026357199531 0.00135782626457512 0.000576381984865293 0.00132297358941287 0.00282472193939611 0.00508573182160035 0.00101439124846365 0.0013762911374215 0.00465797306969762 0.00776817423757166 0.0167985085397959 0.0229382094461471 0.0106080080382526 0.0203706262633204 0.0160574043635279 0.0219769593328238 0.0334331860765815 0.031136335618794 0.0108491836581379 0.00870880763977766 0.00937132210237905
0.0165922569576651 -9999 -9999 0.0021223236748483 0.00214976306888275 0.00742787760682404 0.0107584806159139 0.021533567737788 0.00450963000766933 0.00947432019747794 0.018866679770872 0.0246728245168924 -9999 0.000688995337986853 0.00240366203361191 0.0162950747646391 0.0290100269019604 0.167055412009358 0.0104386807885021 0.00907309772446752 0.00501581153366715 0.00284252157434821 0.00651960673276335 0.00255867067025974 0.00146892045158893 0.00176582253770903 0.00125029131886549 0.00124251648958307 0.00262219567666762 0.00174460926209576 0.00161630457732826 0.00824498659931123 0.0100585567764938 0.0206562765873969 0.037584781460464 0.0176377861760557 0.0237564073875546 0.0511305294930935 0.172777465730906 0.15234110057354 0.0214674198068678 0.00470161498524249 0.0193258252926171 0.0219332535751164 0.0158910526894033 0.0131747499806806
-9999 -9999 0.0180554148741066 0.0177507225889713 0.00307449363172054 0.00617319119628519 0.00899894260801375 0.00769955390132964 0.00359149161959067 0.0101963185705245 0.0154019480105489 0.0153424157761037 0.0300167369190604 0.00934475599788129 0.0089712155982852 0.00431138759013265 0.00482356445863843 0.00738707528216764 0.00300900343572721 0.00342099535046145 0.00167719298042357 0.00165589292300865 0.00161902693798766 0.00192698071477935 0.00205943037872203 0.00150607859832235 0.00102410920953844 0.000140392719731608 0.00141824092133902 0.00127072150353342 0.00156759989913553 0.00606149635277689 0.0136856525205076 0.0388944966718554 0.0229966586455703 0.0432183224707842 0.0512939022853971 0.014798586955294 0.0731852129101753 0.128438094630837 0.202359376102686 0.0171485051512718 0.0206096351146698 0.0146561192115769 0.0151355234673247 0.0165279278531671
0.0270978525280952 0.184946171194315 0.00782030217815191 0.00347447238164023 0.00464538901578635 0.00442512154113501 0.00484047562349588 0.00729228891432285 0.00402581940870732 0.00734741052147001 0.0080198758514598 0.00619986699894071 0.00761488256976008 0.0191146495752037 0.00530998515896499 0.00163388694054447 0.000780660923919641 0.00211270157597028 0.00204266255022958 0.00293510941555724 0.00249259962001815 0.00205212281434797 0.00197614898788743 0.001330976159079 0.00119510550284758 0.00139512468012981 0.00201549584162422 0.00113253760500811 0.00123004092019983 0.00154662140994333 0.00159371496993117 0.00158154579694383 0.00157636962248944 0.00171002625720575 0.0020823112456128 0.00530631674919277 0.0302052969112992 0.0240470097400248 0.00991188263287768 0.130447415262461 0.112248016893864 0.0107571556698531 0.0202923367731273 0.0182054426521063 0.0180391321890056 0.0209167575463653
0.00313135574106127 0.0305318227037787 -9999 0.00438047120114788 0.010782307619229 0.00469325818121433 0.00241224919445813 0.00184603171655908 0.00178744327276945 0.00192985478788614 0.00488306051120162 0.00282450761878863 0.0038689783657901 0.00539354500360787 0.00347554031759501 0.00352407213067636 0.00317785306833684 0.00290346387773752 0.00240377468289807 0.00248256570193917 0.0015121478238143 0.00137962917797267 0.00135889335069805 0.000840423666522838 0.0010330734308809 0.0012477574753575 0.00124766228254884 0.00154734739335254 0.00122309694124851 0.00118591992068104 0.0015981828502845 0.00161377041367814 0.00126999597996473 0.00115292481787037 0.00153368525789119 0.00149826541310176 0.00156303754483815 0.0146077043376863 0.00852938209427521 0.214815102517605 0.0183374602813274 0.0120995501987636 0.0190970437601209 0.0271780399605632 0.0173896389082074 0.0222200878895819
0.0169195426627994 0.015491078607738 0.00217678511980921 0.109999105706811 0.0121224964503199 0.00255830099340528 0.00155640078010038 0.00101922677713446 0.00109369125566445 0.00132669372251257 0.00148351186653599 0.00351192951202393 0.00346308202715591 0.0012120173429139 0.00115836979239248 0.00113806106674019 0.000788899266626686 0.00111043655488174 0.00103784614475444 0.000980418900144286 0.00129100767662749 0.00094744895468466 0.000186457218296709 0.000327376152563374 0.00111062769428827 0.00101846258039586 0.00159336435608566 0.00189333599992096 0.00154814488487318 0.00133721608144697 0.000797027369844727 0.00079869827022776 0.00160651678743307 0.00166327271726914 0.0025874434330035 0.00615294207818806 0.00701828643213958 0.00299997171969153 0.164677928388119 0.0473479602485895 0.00940523056779057 0.0237291741650552 0.0212940947152674 0.0153462643269449 0.0280605524778366 0.0226377253420651
0.00812636036425829 0.00829871265450493 0.00516868396662176 0.00754632152384147 0.00195523856091313 0.00192045026342385 0.00284911636263132 0.00170550027978607 0.00228790605906397 0.00153905674233101 0.00256053090561181 0.00218772939406335 0.00106541613058653 0.00107891026709694 0.00124745239736512 0.00114884754584637 0.001114397982019 0.00108025292283855 0.00106669688539114 0.001211526824045 0.00119759740191512 0.000385695054137614 0.000236536672673537 0.000616900449676905 0.00108783002069686 0.00116644226654898 0.00122226618404966 0.000732748898735736 0.000699835865816567 0.00114404782070778 0.000629367186047602 0.000673815363552421 0.0015024489723146 0.000378421581990551 0.000765802332898602 0.00140135125257075 0.00234191867057234 0.0174758424982429 0.0127899089828134 0.0244591756723821 0.0226865210104734 0.0222796533256769 0.022988248616457 0.137633993476629 0.0356067974120379 0.0330640710890293
0.00122534164693207 0.00137209515814902 0.000568893243325874 0.000637179233308416 0.00108053743497294 0.000898871191020589 0.000747500948637025 0.00190047708965722 0.000391903475247091 0.00116122397012077 0.000695245745009743 0.00101908376964275 0.000838825959363021 0.000544277834706008 0.000541577924741432 0.000761208958283532 0.00113656187604647 0.00196757250232622 0.00107079599401914 0.00139693997334689 0.000869451626203954 0.000766143083455972 0.00061876838299213 0.000276900998142082 0.000664305580721702 0.000723856937838718 0.00029028216667939 0.000589609891176224 0.000644566566916183 0.000705253543856088 0.00101199667842593 0.00341687264444772 0.00379038735991344 0.0031226250808686 0.00182080960221356 0.0126934748026542 0.00191633784561418 0.0120512748602778 0.0269366814754903 0.0269205909222364 0.0276692252606153 0.0231161938980222 0.0204994890838861 0.0275396076031029 0.0318831793963909 0.0205089643131942
0.00146812762104673 0.00070909005444264 0.0011400279996451 0.0012162364408141 0.000556416327890474 0.000620926682313439 0.000468839192035375 0.000574751978274435 0.000796158643788658 0.00129324290610384 0.000785698639811017 0.000645334445289336 0.000591733895998914 0.00070514606195502 0.00099448794790078 0.00133789876999799 0.00176017312915064 0.00124104439164512 0.000731029847520404 0.000448194782075006 0.000871201793779619 0.000960919607314281 0.000543466083763633 0.000312498502171366 0.000499708179268055 0.000665001265588216 0.000521767041936982 0.000778831471689045 0.00071148386632558 0.000553628140187357 0.00106586963811424 0.000492717256202013 0.00125520789006259 0.00275570774683729 0.00260937577695586 0.00856441726209596 0.00323718262079638 0.00175414658151567 0.00449200413422659 0.0185493706725538 0.0269729728577659 0.0206517838872969 0.0287331158295274 0.0258767241612077 0.0257433640770614 0.0231656837742776
0.00447175116278231 0.000521834926621523 0.000630123815790284 0.00144581173080951 0.00187328919564607 0.00152195215923712 0.00180130360531621 0.00137205056962557 0.000592296272225212 0.000449025291891303 0.000507138224202208 0.000480659381719306 0.000563360151136294 0.000419158127624542 0.000599732430418953 0.00135298757231794 0.000588691249140538 0.00185415064916015 0.00103162640589289 0.000811234672437422 0.000768034992506728 0.000569928268669173 0.00025679092577775 0.000563952684751712 0.000302241653116653 0.00075985965813743 0.00107928408833686 0.000809374355594628 0.000688461553363595 0.000319232994661434 0.00069807026302442 0.000894420762779191 0.00188846428936813 0.00239923678163905 0.00498339350451715 0.0108413215260953 0.0124149942304939 0.00813966208370403 0.0127537212800235 0.0181707627605647 0.0258814669912681 0.0297915407456458 0.0223300418350846 0.0244071648456156 0.0376376426778734 0.0263471116311848
0.00146007767034462 0.0016831656510476 0.00133860697969794 0.00127611209172755 0.00180451566557167 0.0015076021256391 0.00197678078548051 0.00399854314746335 0.00246422297204845 0.000520607933140127 0.000662178309721639 0.000677293914486654 0.000660171310300939 0.000687767952331342 0.00130655774846673 0.000257730687008006 0.000371708470629528 0.00106800023204414 0.00107542748446576 0.000874015089357272 0.000729429992497899 0.000115450248267734 0.000487451603112277 0.000349632609868422 0.000759728344564792 0.00128864506550599 0.00332490160944872 0.00187102749914629 0.00208467585034668 0.000382212953991257 0.00042124258397962 0.000683718672371469 0.000571220357960556 0.00305759432958439 0.00441405252786353 0.0077849839348346 0.00543954106979072 0.0121532715274952 0.0171529951505363 0.0151278489734977 0.0113549955596682 0.0157564492430538 0.0239647885318846 0.0379590095952153 0.0308156719896942 0.0247097184415907
0.00102717115223641 0.00120129137503682 0.000985935736389365 0.00120107547700172 0.000756538426503539 0.000407100209849887 0.000579962685151258 0.00213286805083044 0.00364603468915448 0.00268987034214661 0.00147771904012188 0.00134442400885746 0.000532496137020644 0.00055436064285459 0.00192864229320548 0.000971542953629978 0.00118677564023528 0.00213363934599329 0.00127505096315872 0.00122019819391426 0.000913951566326432 0.000301279849372804 0.00145390397228766 0.00306879028794356 0.00101007349439897 0.000790426041930914 0.00121798956679413 0.00226338687934913 0.00388244290952571 0.00828049835399725 0.00682262724731117 0.00492303178180009 0.000377256578940433 0.000603015915839933 0.00155209481163183 0.00385771336732432 0.012974261213094 0.00758831182029098 0.014943618531106 0.0193461354356259 0.0175476255826652 0.0314468500670046 0.0318179493304342 0.0223319596610963 0.0361667311750352 0.0265350304543972
0.00146839988301508 0.00247621454182081 0.00258692863280885 0.00183237765086233 0.00040507504127163 0.000798919965745881 0.00069111800257815 0.000400116620585322 0.0013483171525877 0.00187654771143571 0.00251806839369237 0.00279513568384573 0.00180296374019235 0.00187917606672272 0.0010024929913925 0.000918059519608505 0.00212933535221964 0.00125013927026885 0.00236062475159997 0.0179490925977007 0.00174681587377563 0.000833109798259102 0.00109405025432352 0.00101566915400326 0.0011827613809146 0.000649307588173542 0.0018732987169642 0.00129542864451651 0.00149596434202977 0.00360267387586646 0.00485838235472329 0.00670611098175868 0.000498161857467494 0.000457277980240178 0.00152082214844995 0.00151117420828086 0.00100778139385511 0.00944281606934965 0.0180947899352759 0.0155252775643021 0.0196641545044258 0.0250141378957778 0.0303023267537355 0.0268738365499303 0.0141629371617455 0.0189387773280032
0.000861477779835695 0.00190699724262231 0.00109698094929627 0.00373072176298592 0.000567136955578462 0.000682961527490988 0.00067085511109326 0.000804371156846173 0.00130724377813749 0.00156934911501594 0.0010952730284771 0.00104956187715288 0.00240600525285117 0.00301161798997782 0.00126366393524222 0.000815440161386505 0.000959101403714158 0.00140303515654523 0.0127110280562192 0.0158841079915874 0.00205797558446648 0.00162235170137137 0.00209861277253367 0.00176557953673182 0.00325078375753947 0.00394424266996793 0.000133723971975996 0.00378567888983525 0.00234408953110687 0.00139347895456012 0.0083789398195222 0.00270073914434761 0.00416891670611221 0.010227444418706 0.00401277641649358 0.0219826516695321 0.0161255775368772 0.0149763551307842 0.0203272638842463 0.0150893739424646 0.0200442449189723 0.0312073951587081 0.0157499737571925 0.0219287165440619 0.0260555021697655 0.0329644140321761
0.000513703166507184 0.000614969588059466 0.000524964885698864 0.000442454808944603 0.00090148264716845 0.000800313032232225 0.001122494507581 0.00133331987890415 0.00115176712570246 0.000976795091992244 0.00120092429278884 0.00168864618754014 0.00445034506847151 0.0760237144306302 0.00600692020962015 0.00128950095968321 0.00108986199484207 0.000880640410468914 0.0010877257125685 0.00903912301873788 0.0139869661419652 0.00574531073216349 0.0118153149262071 0.00722879733075388 0.0048767518135719 0.00467650585196679 0.010112361703068 0.00872385727707297 0.0101085552712902 0.00213325277727563 0.00536789234029129 0.00449959950492484 0.00551244358066469 0.00877987677231431 0.0147793068317696 0.021675681322813 0.0225352895213291 0.0265775597887114 0.0322375604882836 0.0247050655540079 0.0220052653457969 0.0258342476561666 0.0332221321761608 0.0226219607982785 0.0181153393350542 0.0266160525381565
0.000984843174228445 0.000489206175552681 0.000856085526174866 0.00110235845495481 0.00214043875457719 0.00174191216356121 0.00879898784914985 0.00178214248735458 0.0017630728543736 0.000625135602604132 0.00120658146042842 0.0017352455877699 0.00247512389614712 0.0143505357438698 0.195856976509094 0.0166680639609694 0.00984196127392352 0.00809140980709344 0.00284277362370631 0.0155685271369293 0.0133675688877702 0.019563810992986 0.0104052108014002 0.00758568694000132 0.0110170065192506 0.0100321147707291 0.0220296236686409 0.0626313471700996 0.00816158934030682 0.0103467831504531 0.00549896386219189 0.0102671907981858 0.00561170369619504 0.0109418762847781 0.0170705385506153 0.0232955885818228 0.0255130754318088 0.0234737055609003 0.0575578517280519 0.287216128408909 0.0388939533382654 0.022558222990483 0.0219884161837399 0.0197513718623668 0.0333372506313026 0.0387407159432769
0.000494822525797645 0.000967837049392983 0.00109382316295523 0.0013885659573134 0.000773519810172729 0.000213174842792796 0.00117752384394407 0.00203317719278857 0.00170074482157361 0.00290365405089688 0.0191063452977687 0.0129374698735774 0.0114910296630114 0.0173475919058546 0.0212987816892564 0.128733503818512 0.125533387809992 0.263246339559555 0.146770136058331 0.152149623632431 0.104070489853621 0.0175862216390669 0.0193328699562699 0.0145042582182214 0.0131314724683762 0.0169316736282781 0.0132496806792915 0.0159163430100307 0.018906641472131 0.0107261879602447 0.0111581861507148 0.0208777379244566 0.0165173085173592 0.0125531921396032 0.0227623224258423 0.116003051772714 0.0280899653211236 0.0211540681775659 0.15580231398344 0.318317940831184 0.0811346478760242 0.0712747782468796 0.244162531197071 0.0298874704167247 0.0382736898958683 0.0246506474213675
0.000336923082068097 0.000899209224735387 0.00117363517056219 0.00114967758418061 0.001579943113029 0.00221476943115704 0.00179664207680617 0.00115867722197436 0.00151631427579559 0.00747769310837612 0.0187487584538758 0.0170681105344556 0.0741789188235998 0.0349709536414593 0.0177017915062606 0.0678861651569605 0.225155529379845 0.107929872721434 0.167392118275166 0.18464265242219 0.128600871562958 0.115415615402162 0.131607606634498 0.131444697082043 0.0977875657379627 0.0149566678097472 0.0156459239078686 0.019441427430138 0.0190056696534157 0.0159305880311877 0.014638939476572 0.0109006910817698 0.0139503521611914 0.0197135511087254 0.0185556110925972 0.0183306348975748 0.0209965614136308 0.0220664415508509 0.0240151401376352 0.0273929835762829 0.0666057549417019 0.185803201049566 0.228610773384571 0.0323588821105659 0.176455850154161 0.0458292662166059
0.000824091300455621 0.00148306461051106 0.0017134991066996 0.00119800156680867 0.00120354954851791 0.00201204676413909 0.0084502523415722 0.00255219673854299 0.0018391793651972 0.00138981993659399 0.0081565955420956 0.0129285337869078 0.0276721056550741 0.0345201133750379 0.038542949128896 0.0735963944345713 0.15864134542644 0.112567259371281 0.0731486671604216 0.121251954883337 0.150841367430985 0.0210891981609166 0.127898454479873 0.138174062222242 0.0966530509293079 0.0243764091981575 0.0258979506324977 0.022100984165445 0.0199611461954191 0.0189637337112799 0.0218353107338771 0.0124698076630011 0.018632030999288 0.0217829106841236 0.0215795339783654 0.0248720701783895 0.0235170452855527 0.109382555633783 0.12687263675034 0.0352771252393723 0.0310676475055516 0.191574352607131 0.103525544609874 0.0316917067393661 0.0471335684880614 0.398743200302124
