Scripts_&_data/Maxent_result_files_1/Bombus_laesus_2.asc
NCOLS 594 
NROWS 330 
XLLCORNER -15 
YLLCORNER 23 
CELLSIZE 0.166666666666667 
NODATA_value -9999 
[rows 147 to 167 of 330, columns 94 to 140 of 594]
-9999 -9999 -9999 -9999 -9999 -9999 -9999 -9999 -9999 -9999 -9999 -9999 -9999 -9999 -9999 -9999 -9999 -9999 -9999 -9999 -9999 -9999 -9999 -9999 -9999 -9999 -9999 -9999 -9999 -9999 -9999 -9999 -9999 0.000198057040146393 6.8272010763859e-05 9.85185392629373e-05 0.00138683835064484 -9999 0.0107856489787537 0.00502608905444504 0.00812938610888523 0.00138435024689443 0.00118288533776649 0.00388717441655899 0.00198800471472822 8.07538238296157e-05 0.0243299504341849
-9999 -9999 -9999 -9999 -9999 -9999 -9999 -9999 -9999 -9999 -9999 -9999 -9999 -9999 -9999 -9999 -9999 -9999 -9999 -9999 -9999 -9999 -9999 -9999 -9999 -9999 -9999 -9999 -9999 0.000667034721181814 0.004467853709275 0.00525967097519242 0.00608991114977471 0.0047119442152507 0.00530358284227077 0.0212460673154965 0.00871997284275494 0.00354411364210137 0.000601207518190217 0.000842241394426324 0.00970710275778401 0.00203538582632063 0.0025133991237908 0.00578652001840965 0.00379614763087375 0.00814662334214518 0.011822330445284
-9999 -9999 -9999 -9999 -9999 -9999 -9999 -9999 -9999 -9999 -9999 -9999 -9999 -9999 -9999 -9999 -9999 -9999 -9999 -9999 -9999 -9999 -9999 -9999 -9999 -9999 -9999 -9999 0.00103757464480054 0.00375875543468283 0.025481797102475 0.00368580833082888 0.00459896827992452 0.00161647761337917 0.00224348149617981 0.00367981855251855 0.0042507652857239 0.00547037243395607 0.00600688164468011 0.00460596639877622 0.00842346551744413 0.00387758361102897 0.00291667471465189 0.00896074359516206 0.00877559134096373 0.0110421772573318 0.00865530948467494
0.000224321996894083 0.000196949092836274 7.93908560576373e-05 1.43390897507922e-05 -9999 -9999 -9999 -9999 -9999 -9999 -9999 -9999 -9999 -9999 -9999 -9999 -9999 -9999 -9999 -9999 -9999 -9999 -9999 -9999 0.000373842627002796 -9999 -9999 -9999 0.00145759187186343 0.00891880510698684 0.0371491300662456 0.005781018234984 0.00357504054341007 0.00195544500293181 0.000959977816489754 0.00147467891003998 0.000609569971186375 0.00319134722699346 0.00532384032903792 0.00350373617684454 0.00238748823744572 0.00184256168358843 0.00330961875861249 0.00215481786426608 0.0056711167389949 0.00296378667098907 0.007168378174174
0.000273576490718241 0.000482537385434512 0.000313738569847644 0.000395622173910581 0.000361122373613654 0.000156209662601625 -9999 -9999 -9999 -9999 -9999 -9999 -9999 -9999 -9999 -9999 -9999 -9999 -9999 -9999 -9999 -9999 -9999 -9999 0.00117289517079087 0.000847124231523821 0.00180913810171432 -9999 -9999 -9999 0.00283188355547281 0.00202834238957621 0.00332245127920032 0.00384356773502077 0.000894499343496591 0.00180979848000788 0.00234062363056182 0.00582963138822379 0.0043672407545273 0.00356723115910427 0.0018808424740655 0.00210376696481944 0.00491486097998859 0.00885486091428902 0.0123570823991031 0.019976485803636 0.012994884402724
0.000312508195239047 0.000335588611124038 0.000408495360900574 0.00113686329101448 0.000778551073704392 0.000480745736293287 -9999 -9999 -9999 -9999 -9999 -9999 -9999 -9999 -9999 -9999 -9999 -9999 -9999 -9999 -9999 -9999 -9999 -9999 0.00723446661659182 0.00237062069328999 -9999 -9999 -9999 0.00280912338143935 0.00690572926278037 0.00955874488136033 0.0104368001362218 0.00370726871415172 0.000919110207246376 0.00229805075068725 0.00223485945825814 0.00444388024925502 0.00461620656969899 0.003043944067349 0.00254830332505662 0.00367524329940352 0.00117510598288391 0.00824884050998662 0.00936997694552701 0.00710774140025023 0.0302991307456978
0.00021845778331091 0.00042275723857621 0.000543131117517248 0.000485139456136352 0.000463273950406773 0.000474385560484691 -9999 -9999 -9999 -9999 -9999 -9999 -9999 -9999 -9999 -9999 -9999 -9999 -9999 -9999 -9999 -9999 -9999 0.00130923466207165 0.0145384388195453 0.0185668959184113 -9999 0.0126170069081127 0.00275784301613839 0.00605925049230791 0.00737599049462005 0.00526267361938153 0.00270115658433951 0.0024395975610787 0.00109833200024241 0.00438291081372881 0.00382272309034306 0.00167491327115386 0.00415110591725352 0.00209363356730137 0.00268579584599138 0.00831279254271067 0.00847446917250636 0.00571631904622336 0.00374350524816691 0.0106726265745237 0.0115805120141886
0.00163602033505583 0.00142177520249902 0.00117372377096103 0.000536433972383321 0.000453394973115451 0.00024744751027157 -9999 -9999 -9999 -9999 -9999 -9999 -9999 -9999 -9999 -9999 -9999 -9999 -9999 -9999 -9999 -9999 -9999 0.00862407935096599 0.0283764803967642 0.0109808426463815 0.0369074249556434 0.0078318034033714 0.00738508791891945 0.00202048628600551 0.00658187682674907 0.00129591139049694 0.00353514859957613 0.00243002326058104 0.00202157230301054 0.00311547266423986 0.0037312886855716 0.00506810171395955 0.00454649014691313 0.00432287924622869 0.0103444981454231 0.00742032219714019 0.00726728673835169 0.0067068760859911 0.0197913792420877 0.00423864069725823 0.0035063257213551
0.00156313224192388 0.000969809104101671 0.00198749953476778 0.00167482374936725 0.00018952394784375 -9999 -9999 -9999 -9999 -9999 -9999 -9999 -9999 -9999 -9999 -9999 -9999 -9999 -9999 -9999 -9999 0.000505779985485688 0.0293856215841515 0.0170092502066836 0.0177151482809677 0.00547464835185565 0.136530838464387 0.00231977144582629 0.00151368441701152 0.00525684472877401 0.00865108047510148 0.00434128517758836 0.00223842478612823 0.00357966365809261 0.00277818888212096 0.00611287354950036 0.00394311724267027 0.00357234397833963 0.00540311032164027 0.00602660049771657 0.00924834331053717 0.0124060527443362 0.0113119354879018 0.00908182441344252 0.00680123230122263 0.00411679750377516 0.0080240176170264
0.000999058408606857 0.00290490912046266 0.000855184609497428 0.000625868080106939 -9999 -9999 -9999 -9999 -9999 -9999 -9999 -9999 -9999 -9999 -9999 -9999 -9999 -9999 -9999 -9999 0.00447816555736154 0.0247561279698857 0.188400637730956 0.262068586796522 0.00807098146842691 0.00661095557065892 0.00641030664564823 0.00436570772344567 0.00327352973977213 0.00450938842814139 0.0024960659103499 0.0119621680680211 0.00652252001855231 0.00447488230920499 0.00735368432397081 0.00700619431481755 0.00572608981383382 0.00406743115445352 0.00366230874569737 0.00591417987607201 0.00841510467289481 0.0160404917336564 0.00997883788331819 0.0117068230712903 0.0113827700919501 0.0147738762272638 0.0207833195760031
0.00195088706597772 0.000298663448800207 -9999 -9999 -9999 -9999 -9999 -9999 -9999 -9999 -9999 -9999 -9999 -9999 -9999 -9999 -9999 -9999 -9999 0.000775469450145039 0.00199861172147848 0.00129343118527885 0.00339842297020141 0.00395453453714936 0.0293525919900276 0.00502712547522606 0.00415460900055678 0.00880538763512959 0.00330359025672351 0.00381456924746999 0.00544139887333586 0.0030432984622621 0.00245665622089746 0.00802742639134522 0.00881482358381618 0.0062623513967992 0.00272066247766816 0.00182255151053141 0.00309155819210218 0.00444855812429523 0.00865783636581909 0.00694467362955038 0.0152542255651497 0.00984411654480937 0.00744389481678809 0.011398439205368 0.0174912416929146
0.00327360219680344 -9999 -9999 -9999 -9999 -9999 -9999 -9999 -9999 -9999 -9999 -9999 -9999 -9999 -9999 -9999 -9999 4.80817856440496e-05 0.0015209418448709 0.00205426213682358 0.00285958666591313 0.00264956849158864 0.00317576113579889 0.00285362527799862 0.00371170468422406 0.00210112096801822 0.00560772087645773 0.00274617755926556 0.00424957532252392 0.00565163131291229 0.0037399580166948 0.00441862853108432 0.00404139438469429 0.0069211536208968 0.00619233685756626 0.0146879974450712 0.0338928192806634 0.0391556455113459 0.550144445151091 0.468999294191599 0.463423699885607 0.145912442542613 0.015888600193648 0.00724019010394841 0.00804735055062338 0.00775063770051929 0.00643636285167304
0.000263127835071264 -9999 -9999 -9999 -9999 -9999 -9999 -9999 -9999 -9999 -9999 -9999 -9999 -9999 -9999 -9999 -9999 0.000569446520407979 0.00113726656261406 0.000833188157831799 0.00318385240412624 0.00835953512385004 0.0016075017234698 0.00174937704457534 0.00345641795506708 0.00289995885555072 0.000660667517593083 0.00187292819941831 0.0136185109382495 0.010112295486897 0.00649501311959284 0.00372389281392316 0.0130905608572903 0.00546043569356698 0.011090641132796 0.0577590376778971 0.890073689818382 0.220561371278018 0.0948740491527133 0.0434346417736379 0.0710414724162547 0.0125210144720768 0.00345095761958873 0.00226252060679144 0.00415236650642328 0.00129195509125566 0.00286410598341718
0.000202629863910531 0.000275376767134361 0.000342200952189842 0.000379696136032948 -9999 -9999 -9999 -9999 -9999 -9999 -9999 -9999 -9999 -9999 0.000474302760289014 0.00178820476181158 0.00095500299375999 0.00150714670187426 0.00336485309516092 0.00364734420268178 0.00280463299229723 0.0117174722636264 0.501527899503708 0.00158912880787625 0.00186514683432506 0.00310906483301778 0.00336718832022598 0.0201693464368873 0.00699306923042968 0.00493954773191945 0.00767475848942922 0.0199974009628932 0.0052013669091707 0.00621533328685473 0.0353420198298409 0.0623549090698361 0.61680164784193 0.027757712861785 0.0591408872976899 0.0130046752039561 0.000852967501771218 0.00168032508680653 0.00116609777467147 0.000688277549795657 0.000948287156325023 0.000532353193068502 0.000490289200166671
0.000155411643641123 0.000347978585321229 7.35484229870909e-05 -9999 -9999 -9999 -9999 -9999 -9999 -9999 -9999 7.51321243305014e-05 0.000953902617537494 0.000930912577007348 0.00118995896148704 0.00105119869391501 0.00119061743351949 0.00203894193771248 0.0530608434288297 0.00396990908866428 0.0062555443709698 0.00507140398647152 0.0227090607906575 0.0049408407914143 0.00594093741110555 0.00352822231898244 0.00264974859762788 0.0211394017936982 0.00891012142401451 0.0027987426472464 0.0150574070865332 0.0138546815463997 0.00616534689606851 0.00783737388283043 0.0162142969638808 0.0191287609271967 0.0262879074856755 0.438333830237389 0.0153754723590282 0.000674270398360477 0.000535865499455213 0.00249495886903333 0.000887060831132658 0.00282338851429813 0.00199713859105941 0.00280183827817382 0.00192263710223415
-9999 -9999 -9999 -9999 -9999 -9999 0.000116930386985792 0.00104160469358945 0.0011960770667514 0.0012310640021667 0.00136611816526226 0.000629927278620812 0.00142183404900607 0.00179290636496034 0.00219323480403091 0.00394433984404259 0.00323604137888651 0.00428745493509268 0.00362743551800122 0.00394540769098057 0.00723239904950788 0.00894524644372723 0.00279560396217473 0.0109747083767616 0.00755685573453775 0.00831700167254894 0.0104001497587888 0.00493521613761914 0.00839085433358377 0.0103567493260016 0.0331493546254933 0.0193764225754421 0.0290758574890788 0.0174563145412321 0.015794917851963 0.0187173849513783 0.0454012546455488 0.720618245005608 0.173748922266532 0.0011684152638054 0.00037163841316783 0.00143283509871708 0.0014282625043279 0.00293017159224291 0.011456151047696 0.00260620209282934 0.00356623895313533
-9999 -9999 -9999 -9999 -9999 -9999 0.000211341888735461 0.00039540948599921 0.0010299417133524 0.00155700436294524 0.000999746410204239 0.0013832865042616 0.00155992007787518 0.00251190503818748 0.00855663223615011 0.0091609553734088 0.00337409242681588 0.00344126813647563 0.00235083856100573 0.00436890316887002 0.00451986814910015 0.0079668486610899 0.00909015393290247 0.00337269891092546 0.00180074620745927 0.0117066971844906 0.0149368646343646 0.011579775865539 0.0107061182130565 0.0132574222619951 0.0111858567599484 0.00257790382629537 0.00571185788171533 0.00365731100894209 0.0033593862527141 0.0121316243094043 0.0196496806642244 0.0112710270163916 0.348066419363022 0.0166569989171876 0.000972870815462556 0.00140219932518448 0.00277307369942719 0.00399888576575904 0.00345540162797988 0.00715085391802859 0.00342683088438207
-9999 -9999 -9999 -9999 -9999 -9999 0.000462004830275475 0.000519588374905311 0.000640283472051806 0.00083444442134919 0.00221655271798795 0.00246649960394052 0.00275008593644657 0.00520762613450643 0.0176074863600661 0.00375558358505259 0.00574918308896031 0.00334791891443729 0.00220124338243295 0.00115367178923407 0.00413355543955731 0.00539532198436063 0.00548741982156571 0.00497529732692783 0.0072117488251024 0.00721984922820411 0.0088115465696319 0.00498284576005972 0.00513499459211744 0.019318532669422 0.00185235101903345 0.00118781336618667 0.00174020090344129 0.000618350691729574 0.000665370691615408 0.00151996707750186 0.00204861876700306 0.00161814658113144 0.00372823697075546 0.019705792527202 0.00234539276953001 0.0030207349264856 0.00267471559527621 0.00322651004535146 0.00378579615862691 0.0044587278029212 0.0114619057294476
-9999 -9999 -9999 -9999 -9999 3.61057252956765e-05 0.000520981343045435 0.000689739272817746 0.00144361114247431 0.00169880512424925 0.00252202255450129 0.00265501974621998 0.00860762743138821 0.0116790876856612 0.0110356299689556 0.00467888999288562 0.00325128051057391 0.00673639357271441 0.0030521824368634 0.00848100324710685 0.00580978317752852 0.00733045025758656 0.018813581453287 0.00655297543680717 0.00307405148341786 0.00159521920097632 0.00247274336393275 0.00126622248003514 0.00102416558861478 0.000323201249284466 0.00112743886053295 0.0015949230748447 0.000722134894749615 0.000237788864819777 0.000276959836321566 0.000292025156670661 0.000458089920971361 0.00178156559973104 0.000517507983124688 0.00640600050537614 0.0435443969843618 0.108061726432061 0.012879651197909 0.00536275617523643 0.0382241683342727 0.00633761501376284 0.0018263840373038
-9999 -9999 -9999 -9999 -9999 6.35845120869005e-05 0.000520178161013973 0.00087753687971599 0.00103655084201364 0.0011336025470257 0.00111161732476148 0.001547992942983 0.00461443503672854 0.00457640196882494 0.0050889264428406 0.00584194531836602 0.00628192026597389 0.00467741971078794 0.000632470293908227 0.00411651947144946 0.00215776456251433 0.000944689930679488 0.00118225563395526 0.00140853861394135 0.000394265021941465 0.000428632858893252 0.00086366157320299 0.00164223690462677 0.00083903682439086 0.000437682137555839 0.000400602247827919 0.000300909295390284 0.000372413558932294 0.000390023716408905 0.000739498246457515 0.00107059928909621 0.00105194415086771 0.00149747057266723 0.00179876774800505 0.0145000849093776 0.00533622568109422 0.0110345145287283 0.00285986684611998 0.00409642411686946 0.00187684664342669 0.0067910660902271 0.0126885365149064
-9999 -9999 -9999 -9999 9.9540356675365e-06 0.000406797318663621 0.000976332862833829 0.00123636251292965 0.000962332996786586 0.00128815697430014 0.00282176829095988 0.00339492143484676 0.0022367851191575 0.00456363291445996 0.00476923056994565 0.0063438463712373 0.00593787281954974 0.00151188758220542 0.000934786689538214 0.00277101176964152 0.000784843038638883 0.000198704569308461 0.000632287882143601 0.000311586566112965 0.000825959860077319 0.000463380257855306 0.000255112565668014 0.000794586512233764 0.000346829896659528 0.000399275612062411 0.00126515729830317 0.000498599317620574 0.000469836418324121 0.000523940332732309 0.000511836118153042 0.00058596209883035 0.00138251140774628 0.00160729631697905 0.00421313333299622 0.00418335515551007 0.00387426785018761 0.00141635161180602 0.00586498165212106 0.0053673936483392 0.0240268021923839 0.248357988521457 0.191705423523672
