Scripts_&_data/Maxent_result_files_1/Bombus_velox_2.asc
NCOLS 594 
NROWS 330 
XLLCORNER -15 
YLLCORNER 23 
CELLSIZE 0.166666666666667 
NODATA_value -9999 
[rows 140 to 159 of 330, columns 230 to 275 of 594]
0.0159626150038093 0.10831406712532 0.109460772015154 0.0117408770200711 0.051650361251086 0.144433197006583 0.170602941513062 0.0886165568605065 0.0435051368549466 0.010052265739796 0.0133202455459468 0.00564681619289331 0.11790434718132 0.114394428953528 0.0759301159530878 0.217191898077726 0.196923693269491 0.0511932625551708 0.043767817425487 0.249876092374325 0.0414820124395192 0.0540593763813376 0.0804278552532196 0.117354747280478 0.16881638020277 0.108440857753158 0.121017823368311 0.0022322784003336 0.00363607963081449 0.00670929400948808 0.000583818115410395 0.000999170375871472 0.103851878270507 0.18662383556366 0.0779557768255472 0.089522017724812 0.195004936307669 0.194864919781685 0.243447375297546 0.238159935176373 0.220324958860874 0.210418629646301 0.00302362771471962 0.1952611297369 0.21090112477541 0.218436275422573
0.111066306754947 0.0350013670511544 0.103667686320841 0.119367897510529 0.00544064661371522 0.141213250532746 0.0846927469596267 0.0324566806666553 0.00917405495370032 0.00769239169775773 0.00269722443117676 0.00466697472074884 0.158781783282757 0.181952034682035 0.234753157198429 0.260053032636642 0.204765062779188 0.143564178794622 0.102745592594147 0.0674540126754437 0.0185099013715899 0.00176433929773339 0.0668525421991944 0.0804644087329507 0.0830373119562864 0.0395355897955596 0.0385892398655415 0.00405486252857372 0.00904247569851577 0.0860419066622853 0.0280682313255966 0.00661752083105966 0.0636538470163941 0.178736323863268 0.176419059932232 0.175576544553041 0.0396555357612669 0.168234439194202 0.202696412801743 0.207699972391129 0.206890199333429 0.200159782171249 0.0873519010841846 0.192648278176785 0.187843378633261 0.21208281069994
0.110928900912404 0.127366802096367 0.162657872214913 0.0439760810229927 0.0137551698108382 0.0343793192645535 0.0129857711024022 0.000162457492487655 0.012651097984417 0.181111282855272 0.132139280065894 0.151437196135521 0.192082297801971 0.0378053603693843 0.0530662819743156 0.26164116114378 0.267329967021942 0.288065610826015 0.301388031244278 0.286352467536926 0.0626942757517099 0.0125288589857519 0.187440548837185 0.0170170477125794 0.0292551564984024 0.0126659712288529 0.258483634889126 0.0201539071706065 0.0137168822460808 0.00839222103822976 0.000619628818822093 0.000465925212483853 0.125470419973135 0.0427040345966816 0.000778439651185181 0.000666786594956648 0.00607326881727204 0.161639063060284 0.139121063053608 0.191614234447479 0.192267500609159 0.166126124560833 0.195842860639095 0.195774255692959 0.1874616317451 0.0746140170842409
0.0197317294655956 0.00631783683519833 0.0172592752864148 0.00743823254362261 0.00450028384477434 0.000145321214961602 0.000109497201995779 0.000788972872068006 0.0305106611456722 0.199767887592316 0.184527594596148 0.142093614116311 0.201855885237455 0.225849055498838 0.139244721457362 0.119392912089825 0.0764526447281241 0.0393650192767382 0.109262402355671 0.234943273663521 0.301136563718319 0.303513783216476 0.331310726702213 0.246921782195568 0.287505029141903 0.253037217259407 0.0403279538266361 0.182717153429985 0.143263218551874 0.0655497428029776 0.00692171276314184 0.00645350352860987 0.00992881760466844 0.0205635004676878 0.00174583821208216 0.0025865800504107 0.00255284503800794 0.0388754962012172 0.168914088606834 0.169305518269539 0.179312673956156 0.176526401937008 0.180017793923616 0.187639587372541 0.162844000011683 0.114240989461541
0.000169204546597712 0.000142902511124554 0.00189988809369217 0.000836081016679813 0.000686050413998951 0.00119717486961427 0.00125179628216429 0.0501215165480971 0.181617327779531 0.184778118878603 0.153010699898005 0.00502328081056476 0.165382320061326 0.186087556183338 0.0782622389495373 0.159498348459601 0.0184667764231563 0.00253715426078998 0.00107667322105272 0.00395479765099935 0.0906485355924815 0.261241139471531 0.201218477636576 0.171586933732033 7.45103992812801e-05 3.48287065854436e-11 1.11095956099705e-05 0.0292094591073692 0.0378720776177943 0.102006018906832 0.0477357220835984 0.0103764281608164 0.045914585981518 0.0033533186709974 0.065445339679718 0.00220657045429107 0.00210362485377118 0.00954106363933533 0.0610944088548422 0.162448393553495 0.157345510274172 0.000986273348098621 0.000227349073247751 0.148937691003084 0.134328448027372 0.168755179643631
0.0308568039676175 0.112172467634082 0.000354609006171813 0.00036599069226213 0.0314281522063538 0.00355038979292939 0.00375367405940779 0.178726843744516 0.190225272625685 0.169439106807113 0.184468422085047 0.180611202120781 0.101227375492454 0.00150751482869964 0.101722645759583 0.182525200396776 0.162993056327105 0.0296744357794523 0.00592680918052793 0.030121804960072 0.148177301883698 0.223225621879101 0.278240624070168 0.225440508127213 0.216621652245522 0.175416887551546 0.0975806917995214 0.150061724334955 0.124698307737708 0.0910886596888304 0.0603745088912547 0.0337441137060523 0.0805728452280164 0.0730366302654147 0.0981094781309366 0.0080208475003019 0.00161645862972364 0.00128715696919244 0.00500452055130154 0.152820170670748 0.0808759370818734 0.0757552424445748 0.0790412079542875 0.151720921695232 0.140197612345219 0.106011909618974
0.0661383606493473 0.112296830303967 0.00372178651741706 0.0188549414277077 0.126384553685784 0.0403436672873795 0.0762140153907239 0.173040746897459 0.0799280550330877 0.186688099056482 0.145815969631076 0.0556323607452214 0.0104766567435718 0.00840617158346504 0.151624163985252 0.265730519592762 0.206319251656532 0.193871554732323 0.0472667782567441 0.125039145350456 0.114820289611816 0.00768648990169243 0.163950461894274 0.0759042918682098 0.129975358769298 0.119295807182789 0.06828542817384 0.114327029511333 0.111912628635764 0.0629927563481033 0.0293484271038324 0.0291715832427144 0.0286613027565181 0.0488297773525119 0.126426038518548 0.112245595082641 0.00134354410402011 0.0006599787142477 0.00242578373290598 0.00970620544394478 0.138666232302785 0.0717117367312312 0.0769144674763083 0.071382724493742 0.0326493209693581 0.0902955777943134
0.0784240018576384 0.0510719951242209 0.126427991315722 0.0943848634138703 0.108022899180651 0.140165858715773 0.0799936709925532 0.00922594874864444 0.0205124769359827 0.00992309332359582 0.00564871516544372 0.0192660009954125 0.21338023096323 0.0954036861658096 0.256255201995373 0.256380219757557 0.225026972591877 0.181333896517754 0.186324951797724 0.194856116175652 0.0811894480139017 0.00667036694976346 0.162218865379691 0.129083744063973 0.0161916805896908 0.037154976464808 0.0566212512552738 0.00298551091691479 0.0358751825988293 0.0355139074381441 0.00212616569187958 0.00970310822594911 0.00450426655588672 0.00625877982238308 0.00553757798625156 0.0966681240126491 0.00211462078732438 0.00372067986754701 0.00320676609990187 0.00638184164417908 0.00137955495156348 0.0557521178387105 0.0284779829438776 0.121567748114467 0.1241175763309 0.112969879433513
0.000396665520815986 0.00573708798171761 0.0456814573612064 0.102824807912111 0.10309847779572 0.159721950441599 0.0197265890892595 0.187953525781631 0.149452506005764 0.164803034812212 0.121960783749819 0.0416984673589468 0.143051322922111 0.0455252580344677 0.228989718109369 0.209428057074547 0.147044033557177 0.185973987728357 0.175118897855282 0.16756134852767 0.173338088393211 0.14949616342783 0.171531595289707 0.169523707032204 0.152948131412268 0.0648784224875271 0.010091502009891 0.00524915064452216 0.0285386874806136 0.0196057491470128 0.004740511381533 0.00185838186007459 0.0117823772015981 0.0451906324364245 0.0297315049450845 0.00104139828763437 0.117414315789938 0.104834012687206 0.0755625065416098 0.0293176248669624 0.00434648407972418 0.00790328596485779 0.10136769041419 0.116228326410055 0.113638290762901 0.0519778085872531
0.0120956343725339 0.00846624100695408 0.0113887918956607 0.0617406628094614 0.0934689871966839 0.169976555556059 0.00944141475483775 0.196431195735931 0.123121653869748 0.115108636394143 0.1943677932024 0.0389996763318777 0.013327284087427 0.00150194112999378 0.00716967773159824 0.0150292594451457 0.000959200478973798 0.175646239519119 0.163234236836433 0.163266040384769 0.165128367394209 0.174389114975929 0.137883219867945 0.130877789109945 0.118535432592034 0.0136553904041648 0.114273475110531 0.0289493047283031 0.0161387487547472 0.00814100783318281 0.05165986251086 0.0158720066770911 0.00923340461449698 0.0524118457920849 0.026064077951014 5.48004688425863e-05 0.0602880280464888 0.0866716649383306 0.0978641523048282 0.0922837072983384 0.00176362906640861 0.0271661562845111 0.0832267550751567 0.104587987065315 0.0892675910145044 0.0212959642754868
0.0898697894066572 0.0366697803139687 0.028776123886928 0.0135258682654239 0.00671168780537372 0.0176081308158302 0.0177628796292993 0.142989736050367 0.145045494288206 0.104423845000565 0.172909642755985 0.08928616438061 0.0177615420427173 0.0180748845300286 0.00584696638305898 0.0873049275949597 0.0850312069058418 0.0177933569997549 0.0825031535699964 0.123508448526263 0.137642492726445 0.143970708549023 0.130221475288272 0.113679442182183 0.1064588367939 0.0540231833234429 0.101584231853485 0.0400137516204268 0.00416901244707333 0.00167469005682506 0.0038340538245393 0.0259942260337994 0.0106879905448295 0.00582989825634286 0.00104457694542361 0.00386211249278858 0.0261955650523305 0.088342254050076 0.0673936962150037 0.0308016244322062 0.00018712701403274 0.0906994815915823 0.0799641804769635 0.0909909041598439 0.0786191061139107 0.0234953174600378
0.0731892380863428 0.00311367888352834 0.000284894308151706 0.000639486370346276 0.0101078861393034 0.0139674114936497 0.0603988843038678 0.0462221720255911 0.00143021533600076 0.0104175459914018 0.0854152198880911 0.0569388351403177 0.0450547997839749 0.0043619433301501 0.00745016540167853 0.00317376778111793 0.007676877011545 0.000594394932704745 0.0157073728041723 0.0446829557418823 0.0423051396850497 0.0102335273521021 0.0232542150653899 0.0915575889870524 0.0700653108768165 0.0146869963733479 0.0930899059399962 0.0884640246629715 0.0616269716992974 0.0857948768883944 0.037173812976107 0.0401247373316437 0.0222241877578199 0.00191732694947859 0.00721473454032093 0.0154278193367645 0.0266844854224473 0.00746789358090609 0.0048082566820085 0.0719139062799513 0.070592603366822 0.0186899771913886 0.0659948632121086 0.0596997288055718 0.0774041311815381 0.00457771456858609
0.00811256829183549 0.0120844515389763 0.00200528345974078 0.000910152875771075 0.00746395211965116 0.0884393624961376 0.0375796400010586 0.147236470133066 0.137101304903626 0.00847678314894438 0.0149366849800572 0.0046858700690791 0.0569223142229021 0.0131142064579763 0.00197025132365525 0.00319072706624866 0.004129652940901 0.0508521897252649 0.00128343491232954 0.00666119007510133 0.00239153641159646 0.00639991869102232 0.00820360555080697 0.0218461765674874 0.0510451557580382 0.0280613265000284 0.0498586691450328 0.0163878610823303 0.0121634362149052 0.0289320896146819 0.06391681144014 0.0290205519180745 0.00150902862806106 0.0121842550230213 0.0152711468399502 0.011273977952078 0.0167325492831878 0.0202856031479314 0.000295974985783687 0.00935465501970612 0.0127292156219482 0.00333385941339657 0.043160050176084 0.0710012381896377 0.0659704189747572 0.0637128395959735
0.0599956472404301 0.0725028859451413 0.0506548524834216 0.040303785726428 0.0184212315878995 0.0141454043984069 0.014026154554449 0.0380325889680535 0.0972746040672064 0.127269656583667 0.0870633821934462 0.0376236679498106 0.0833102837204933 0.0778750585392118 0.00478241148521192 0.0171242485521361 0.0157969806459732 0.0106615623924881 0.00889367028139532 0.000719853083137423 0.00720832704100758 0.0348534852033481 0.0680220413953066 0.0676092596724629 0.00143743499647826 0.000703789088584017 0.0060994581959676 0.0876611488871276 0.0069640334288124 0.000530373061337741 0.00146105853345944 0.0307976162526757 0.0178037179401144 0.0437090737745166 0.0129169747466221 0.0187893758062273 0.0187876738840714 0.0338249362073839 0.0583170651458204 0.00493372576893307 0.00451122276717797 0.00698810251196846 0.00141271732281893 0.00541806365945376 0.0112313337041996 1.49479463544822e-06
0.0539943841751665 0.05448452020064 0.0580307493917644 0.061908963881433 0.0194129341747612 0.0441479942761362 0.00110531629761681 0.0989509213715792 0.0871385490521789 0.107460134476423 0.0207695442717522 0.0253580668009818 0.0515713804401457 0.00653552070725709 0.0157126480247825 0.0338332159910351 0.0649222047068179 0.0308433060301468 0.0547236988320947 0.0706437831744552 0.00555768584017642 0.0651982638053596 0.0311424359912053 0.024351222300902 0.0066413271939382 0.00137317735207034 0.00185795545548899 0.0085113865963649 0.00203527970006689 0.000949108442000579 0.0186131472233683 0.00713850678293966 0.0240199665771797 0.01912615748588 0.00854772718157619 0.00996830575168133 0.0427443075925112 0.00464357034943532 0.0167043914203532 0.0124028750462458 0.0214169575367123 0.0455119298771024 0.0598048853687942 0.022084777103737 0.034008616139181 0.0237435794435442
0.04252610062249 0.00303250578581356 3.35501541037786e-07 0.0264707089634612 0.0462555400561541 0.0383091687224805 0.0639531410299242 0.0222851282684132 0.0763700775802136 0.0790449675172567 0.0806074431166053 0.0624533051624894 0.0571758817415684 0.00516133817727678 0.00330040258122608 0.00259425651165657 0.000639139678969514 0.0528616797644645 0.0521505121141672 0.062752527743578 0.0438972182571888 0.00972971151350066 0.00980355033534579 0.0509335760492831 0.0413031678181142 0.0203146424959414 0.0064491030148929 0.00916942239273339 0.000940584364434471 0.000308272702568502 0.00175693866985966 0.00882754997583106 0.0039385100157233 0.000457050211662136 0.00740001666708849 6.51813245895028e-05 0.00181227546854643 0.00308906160062179 0.00629240505513735 0.00319644290138967 0.000932221387483878 0.00391687660594471 0.0572080384008586 0.0548679095692933 0.0253850000910461 0.00642344651278108
0.0342437668005005 0.0337478654459119 0.00190190002977033 0.00122003587093786 0.0012294098669372 0.0364700801437721 0.0574108223896474 0.0319123454391956 0.025649762689136 0.0146932858158834 0.00202021995719406 0.0181508241104893 0.0251056227367371 0.00390521139197517 0.00248661367513705 0.0153074542293325 0.0286329440772533 0.052107788156718 0.00948381660855375 0.0287923041731119 0.0331905011320487 0.0579338313546032 0.0132360911229625 0.00114638260783977 0.000352229224154144 0.000275644017347076 0.000204368308004632 0.000593493171948012 0.00065784346730382 0.000861801837709208 0.00882657847832888 0.000844839009369025 0.000903579193982296 0.000908886150136823 0.00119194811559282 0.000378071550494496 0.00266299892100506 0.0152958816150203 0.0454730454366654 0.0423883904702961 0.0267524072434753 0.0394573931582272 0.00999749135808088 0.0236459982581437 0.0143096221727319 0.0224316870328039
0.0372708769515157 0.0168491061951499 0.00214232355865533 0.0226669465657324 0.00767161655239761 0.0118561295908876 0.00997432784060948 0.0137256611837074 0.0449428084306419 0.0495973392389715 0.0473724456503987 0.029917122470215 0.0235436150571331 0.0108677275246009 0.00260148797096917 0.00299365046230378 0.00190612196092843 0.0130587178864516 0.000852525140453508 0.00611633581102069 0.049504621187225 0.0029082399662002 0.000481814546947135 0.000476697666454129 0.000508024849114008 0.00262684540939517 0.000777483099955134 0.00186344862013357 0.00059520167633309 0.00977811438497156 0.0112485961755738 0.0114301162306219 0.0464118937496096 0.00727576392237097 0.0150013313745148 0.0108212078688666 0.0131255090120249 0.0134224392648321 0.00664395948988386 0.0122519650263712 0.0396050286944956 0.0317233414389193 0.0476986078545451 0.00944144627428614 0.0449779103510082 0.0586166044697165
0.00631118539022282 0.0042644850036595 0.00593124991573859 0.00791981088987086 0.00231114814378088 0.0219831645372324 0.0248055262025446 0.0379455003188923 0.0441918584285304 0.00353882864010302 0.00293269437529489 0.00333344021200901 0.0012058134747349 9.1195885875095e-05 0.000937374384329814 0.00597382859268691 0.00246990593586816 0.00299329381959978 0.00134051354980329 0.0432771674823016 0.00908943109388929 0.00142041711515049 0.0147641038056463 0.00103503378089016 0.00189865645079408 0.00439468535769265 0.00143659545428818 0.00188782334599678 0.000266316681882017 0.00105194186035078 0.00126811293666833 0.000593626496265642 0.00200132630416192 0.000211003668027843 0.00017194900042341 0.0010850326041691 0.000410638757239212 0.00054527232205146 0.000692470791545929 0.00958675480214879 0.00927388320560567 0.00589577940991148 0.0437131869606674 0.00461253948451486 0.00105811030152836 0.0572342338971794
0.006516755928169 0.00154943934394396 0.00679596764948656 0.00587087083840743 0.014684870862402 0.00824848954798654 0.00456807387818117 0.0224629305186681 0.0355487514752895 0.00887362734065391 0.000297654412042903 0.000319289316712457 0.000448775827589998 0.000354987049831834 0.000595587956956933 0.00147424017632147 0.0246658094809391 0.0109169726580149 0.035452186781913 0.00765694038709626 0.00177809191009146 0.000608134652065928 0.000762109029528801 0.000776997246157296 0.00343780680757391 0.000494203388370806 0.000251000709249638 0.000532957947234536 0.000238512739088037 0.00240220811247127 0.0152594992192462 0.00883067878021393 0.00171623992209788 0.0013095967573463 0.000586849392493605 0.000138615485775517 0.000303327985784563 0.000165486754212907 0.000640935639967211 0.00142442777459308 0.00025451668388996 0.000605510699460865 0.0357906645629555 0.00783096355444286 0.00162682750794207 0.0423611134290695
