Scripts_&_data/Maxent_result_files_1/Bombus_sichelii_2.asc
NCOLS 594 
NROWS 330 
XLLCORNER -15 
YLLCORNER 23 
CELLSIZE 0.166666666666667 
NODATA_value -9999 
[rows 140 to 159 of 330, columns 220 to 263 of 594]
0.000245997938327491 5.65867907425854e-05 9.16405908355955e-05 0.000197804704657756 0.000111630371247884 0.000341695362294558 0.000115491155884229 0.000334926613140851 0.000250968476757407 0.000101392393116839 0.000310087876277976 0.000133613418438472 0.000339024374261498 0.00191183183342218 0.000577614391477255 9.92883258732036e-05 0.00020122934365645 0.000398782693082467 0.000737154678758145 0.00408422313630581 0.00259864716790617 0.00611899215728052 0.00193827928742394 0.000684100979287905 0.0011750272475183 0.000456981919705868 0.000445052015129477 0.000516041857190808 0.00134663386270404 0.000186174764530733 0.00130551461408253 0.00404390897704465 0.00218229257716633 0.00126302191056318 0.000375989216104244 0.00077736243392792 0.00239711377653293 0.00339343743398786 0.00123732006177306 0.00123099922202528 0.00641156136989593 0.00168626373633742 0.00141892595565878 0.000251151178963482
7.45196593925357e-05 7.74338288465515e-05 0.000101023139723111 8.86643858393654e-05 0.000685294141294435 0.00183443445712328 0.00312564880599006 7.28269224055111e-05 0.000116870674537495 0.000131526740733534 7.10535736288875e-05 0.000193436484551057 7.59905309678288e-05 9.11931769223884e-05 0.000920285820029676 0.000117857242003083 0.000846163075230777 0.00113256041076966 0.00253522573038936 0.00332903638482094 0.00244123614393175 0.00305143678560853 0.000321905349619556 0.000502030702773482 0.000453380309045315 5.59510608582059e-05 0.000277416367796624 0.00196135329315439 0.000266525882761925 0.000541179324500263 0.00273690475150943 0.0201751865446568 0.00518249198794365 0.00119088998735606 0.00804624900920317 0.000754397338278068 0.000575398269040761 0.00173573554493487 0.00117059336043894 0.000280654331709229 0.000419526140602233 0.00120553690940142 0.0123143821605481 0.000120557809714228
0.000393344985786825 0.000775231933221221 0.00030891988999997 0.000192545301979408 0.000145682666334324 0.000431866152212024 0.000259216676931828 6.57220167340711e-05 0.000115706768701784 8.78816586919129e-05 0.000178882676118519 0.000240460020722821 0.000424512673635036 0.00171474637464065 0.00215687556192279 0.00241492874920415 0.00260999798774719 0.00269094345276244 0.00241992268711329 0.000198904797434807 0.000452085700817406 0.000382862682454288 0.000435389566700906 0.00143864294782361 0.00124246496998239 0.000211598619353026 0.000238294445443898 0.000122984708286822 0.000117146800039336 0.000120740430429578 0.000744062964804471 0.000787427148316222 0.00033198422793248 0.00186370597221062 0.0016471593986622 0.00246847439557314 0.000265743886120617 0.00259999679401517 0.00216953689232472 0.00487683815881611 0.0106078963726759 0.00427948553115129 0.00052060026209807 0.000958492333302274
0.00810831049457192 0.000747821060940623 0.000905419915216044 0.000682419615918661 0.00010266711578879 7.72319181123748e-05 0.000105576385976747 0.00346614625304937 0.00353599423542619 0.000313957408070564 0.00053779766894877 0.0017448634840548 0.00264048045501113 0.0011495812330395 0.00139430079143494 0.00227694141212851 0.00353305741155054 0.006227414496243 0.00123088460859435 0.000125685415696353 0.000104367863968946 0.000315715416809326 0.000227431952953339 0.00018957385327667 0.000437920657486757 0.00167271564714611 0.00872693342389539 0.000614776750080637 0.00118244541808963 0.000454747467301786 0.000115469441516325 0.000142445584060624 0.000195029797032475 0.000176698504947126 0.000344618852250278 0.000269655586453155 0.000321092031689285 8.6677199578844e-05 0.00027364423731342 0.000455681944731623 0.00281469626575668 0.00228775017894804 0.000899931860063052 0.00130200751261782
0.000162520521553233 6.95574533892795e-05 0.000165429271874018 0.000994766084477305 0.000654557609232143 0.00064895695541054 9.8940753377974e-05 0.00371489580720663 0.00620910595171154 0.00157816330029164 0.000972169596934691 0.00131557688000612 0.000548283901298419 0.00569289438426495 0.00187763329595327 0.00277540693059564 0.00376555472612381 0.00603962206514552 0.000155805551912636 9.79858945356682e-05 8.63167777424678e-05 0.000414510106202215 0.000200112914899375 0.000301141885574907 0.000715867332473863 0.000281078742476559 0.000739219110490896 0.00257978807203472 0.00491579882800579 0.00379332602024078 0.000753560526718711 0.000415707484353334 0.000535574788235416 0.00188182704164083 0.00962635576725006 0.107381296157837 0.054368906095624 0.000705435529252651 0.00379682147176936 0.000517753094936779 0.000756046618334949 0.000879974826243157 0.0112581153749488 0.00124341393820941
0.00499249491840601 0.00198148768395185 0.00455700643360615 8.67813861987088e-05 0.00360789853148162 0.00055328335147351 0.000113566376967356 0.000343041261658072 0.0011492553865537 0.000986541877500713 0.000666754390113056 0.00017361095524393 0.000575053622014821 0.00187038469593972 0.000424933993785748 0.001316837023478 0.00215670322068036 0.000159499881556258 9.47879190789536e-05 0.000193013140233234 0.000118494644993916 0.000170517835067585 0.000442180530990299 0.00229725269600749 0.00653668103041127 0.000292595930475403 0.000250578750247687 0.00124132561745398 0.0024209369905293 0.00133799491972368 0.000491913430784052 0.000285085533180707 0.000108653289498761 0.000371469301171601 0.000125253087026067 8.94818527740426e-05 0.00107073951512575 0.000139562920958269 0.000976746110245585 0.000562261330196667 0.000302149282106257 0.00149117656983435 0.000477045367006212 0.000371739703405183
0.00846890658140182 0.00019501379574649 0.000198459385137539 0.000120643968693912 0.000195095982053317 0.000437993858941299 0.00168117802822962 0.000103441585088149 0.000170364372024778 8.24197428300977e-05 0.000201505521545187 7.53338419599459e-05 0.00127302752808176 0.000238992949016392 9.91080916719511e-05 0.000300560612231493 0.00102508898125961 8.48783005494624e-05 0.000353012839332223 8.90206109033897e-05 0.00021595032885795 0.000729980040539857 0.00320145478472114 0.00392623040825129 0.00053434323053807 6.57890501315705e-05 0.000122661213390529 0.000178399376454763 0.00103456967044622 0.00031640698944102 0.000493208010584567 0.00260636620223522 0.000416024075821375 0.000638571955401268 0.000475659328501277 0.00032677269178123 0.000181023159530014 8.00001056632027e-05 0.000113265320396749 0.00177803484839387 0.000829229201190174 0.000976869277656078 0.000901284441351891 0.00431006172439083
0.000201012741308659 0.000293997040716931 0.000111092405859381 8.50688644277397e-05 0.000128255665185861 0.00218300502747307 0.000233250619203318 8.84704690179206e-05 0.0001168085669633 0.000350920858954851 0.000238030299078673 0.000469597056508064 0.000107165239114693 0.000122825803555315 0.000124302190351955 9.51675086980686e-05 0.000470565518799049 0.00106421920889312 0.00114391475166542 0.00176355354487898 0.000959093123674393 0.00152232897184845 0.000115522975102067 0.000678041830053644 0.000162148784147575 0.000179265270708129 0.000118830622523092 0.000117904489161447 9.97110881144181e-05 0.000105481289210729 0.000591303803957999 0.00301610780879855 0.000193882390158251 0.000377045036293566 0.00123829944905794 0.00135903467889875 0.00100553210359067 0.00206701010465622 0.00524434801191092 0.00438052416429855 0.00110477216076106 0.000770340865138175 0.000559441256336868 0.000895104091614485
0.00039470090996474 0.00015396737435367 0.000408846993377665 4.87351177071105e-05 0.000209446967346594 0.000338358252040649 9.63518148637377e-05 7.85721822467167e-05 0.00388244111090899 0.00564036313444376 0.00396531131118536 0.00224385159090161 0.000480392358463744 9.93837980786338e-05 0.000146022593253292 9.9603072158061e-05 0.00133465784602704 0.000107925714110024 0.000111188824666897 0.000105468338006176 0.000406245002523098 0.00175423317123204 0.000314189506767093 0.00115035492062816 0.000166060286574066 0.000119765201816335 7.10131043888396e-05 0.000121001915249508 0.000118676287820563 0.000114545451651793 0.00015416270471178 0.000229987333295867 0.00010484286758583 8.96987156011164e-05 0.00016731598880142 0.00112604612950236 0.00140111162429339 0.00183374937623739 0.00090707311173901 0.00102065873204822 0.00178919662721455 0.00185684994794429 0.00103176420627538 0.000380213942844421
8.97327641723677e-05 7.31219759472879e-05 0.000755795312579721 9.94244581306702e-05 0.000298712250150857 0.000367605674546212 9.21282720810268e-05 0.000204019609373063 0.000642932122354978 0.000710350705776364 0.00137940607964993 0.0029457604046911 0.00185744185000658 0.000562390559935011 0.000173749623354524 9.98647214146331e-05 0.000685557688126703 0.000145383240305819 0.000109661454916932 0.000293954706285149 9.67034546192735e-05 0.000412045430857688 0.00467297845470378 0.0101905165240169 0.0113444078713655 0.0012931156437844 0.000450856529641896 6.19072234258056e-05 0.000137442157574696 0.000120731504284777 0.000110689374560025 9.97349823592231e-05 0.000130423544032965 0.000351834910543403 0.000120173727918882 0.000519285265909275 0.000105117744533345 0.000929129543117779 0.00113863921046118 0.00148600023269388 0.000622239338918007 0.00072492997342124 0.00141833485645267 0.000971560715697706
6.69170753099024e-05 0.000106359350320417 0.000262808962725103 0.000247827975545079 8.77781367307762e-05 0.00018740252853604 0.000113850255002035 0.00014645695919171 8.08077151305042e-05 9.22511433600448e-05 0.000230253941845149 0.00132381255971268 0.00267567946575648 0.0033045930787921 0.00211590826511383 0.001657400932163 0.00137281044735575 0.000409627344924957 0.000383546843659133 0.000502299377777149 0.000111530596041121 0.00102497730986215 0.00141097518104839 0.00201176446862519 0.0018364098854363 0.00048978675564656 0.00045143869065214 0.000700729631700225 0.000861369271297008 0.000251051798115776 0.000176971062319353 0.000621556863188744 0.000662687956355512 0.000114443676284282 0.000336477618839126 0.00148028737166896 9.09017689991742e-05 0.000767149318742977 0.0122829560190439 0.00211726538836956 0.00207881834357977 0.00370999603765085 0.00105699411649685 0.00124894287437237
0.00111243959981948 0.00139038016786799 0.000101074833946768 8.10816633020295e-05 0.000115253782860236 0.000119191568410315 0.00012698544524028 0.000102459931804333 7.75498017901555e-05 0.000406161654973403 0.000145335262004664 0.00100083355436726 0.00363017404451966 0.00256224190816283 0.00142768612162146 0.00150853586387849 0.000544023886322975 0.000810192455288217 0.002209806535393 0.00288453353568912 0.000495431281160608 0.000504180095026641 0.000426081381738186 0.00201739729382098 0.0063173059374094 0.00793184284120798 0.000818299292586755 0.00151686996687204 0.00094068705357131 0.00545342095429078 0.00336921624839306 0.00262236576527369 0.00442837886513037 0.000200209536706097 0.0010742363985667 0.00160104867536575 0.000455284444615245 9.1960869031027e-05 0.0021848757751286 0.000188106557470746 0.00193374140653759 0.00449192483793013 0.00287598432041705 0.00109968213364482
0.000235928132315166 0.000353483828478696 0.000186238728929311 9.57125404966064e-05 7.31882348190993e-05 5.79082145122811e-05 6.67308282572776e-05 0.000174331857124344 0.00022489579860121 0.000136006943466782 0.00143622920598517 0.00121795151032524 0.00353630678728223 0.00425176406279206 0.00146437343209982 0.000264836003771052 0.000411886227084324 0.000130354439897928 0.000537485395034309 0.00898952931165695 0.00126920681913596 0.00290074339136481 0.000585729080194142 0.00135710803077757 0.0145117048174143 0.00187419233843684 0.00115159791894257 0.00178335459495429 0.0020377236418426 0.000809710472822334 0.00548553019762039 0.000931368675083166 0.00106212981048652 0.000806042371550575 0.000460628544384178 0.00136723427567631 0.000401536712888628 0.00100973856751807 0.000937146036039849 0.00757076191948727 0.000284611372155907 0.0119089119834825 0.00191968092694879 0.000796480372082442
0.000116965168854222 8.6505978833884e-05 0.00016704723238945 0.000157729853526689 6.91193570673931e-05 7.08141507857363e-05 7.32945118215866e-05 0.000401835859520361 0.00139371510595087 0.000433437735834308 9.35583122554817e-05 0.000110785847573425 0.000178977876203135 0.000378366064978763 0.00139720067381859 0.00134544537868351 0.00132696338227215 0.00677698910003528 0.000248842981091002 0.000168207834940404 0.00107895797118547 0.0014532720670104 0.000895487413172436 7.70269592976547e-05 0.00124081582762389 0.000752637989570459 0.000708996698085684 0.00112056557329367 0.000754501764590421 0.00213771322742105 0.000780248351144219 0.00227731139166281 0.000206472619902343 0.00029997336678208 0.00129829212091863 0.0022635305300355 0.000684907753051389 0.000438458635471761 0.00610302463173866 0.00311199119314551 0.00225575361400843 0.00147611231077462 0.00110555046703666 0.000375170522420376
0.000139463433879428 5.24251328897662e-05 7.89245794294402e-05 0.000423689145827666 7.50468982005259e-05 6.20795472059399e-05 9.20897899959527e-05 7.42069751140662e-05 0.000260700796216751 0.000180534124956466 7.94239342212677e-05 0.00010925187052635 0.000108607228321489 6.93875190336257e-05 0.000324388864100911 0.00028199938024045 0.0013721508490562 0.000159517707652412 0.000183285687671741 0.000108633073978126 0.000528500211657967 0.000537618226373293 0.000331484444905239 0.000589722843142226 0.00121324123640534 0.000470221356962897 0.000233720170217577 0.000828021020788583 0.000243959156796336 0.000178157835034654 0.00118327519405739 0.000183061457937583 0.000121541186060614 0.00592725910246372 0.00596280489133146 0.000787922786548734 0.00598764419555664 0.000581845774157319 0.00216845059767365 0.00244022002443671 0.0014940106018912 0.00197241903143522 0.000893623568117619 0.00173991109970757
5.33463688043412e-05 5.05980555317365e-05 0.000108772188832518 0.000142845415393822 6.49786001304165e-05 9.07560610357905e-05 7.4836775456788e-05 6.10708972089924e-05 0.000410999457380967 0.000243989482987683 0.000164516970107798 0.000355620577465743 0.00297156912274659 0.000306417036335926 0.000358658857238803 0.000109358940972015 0.00016300487332046 0.0028441472328268 0.000118299351015594 0.000355641881469637 8.6961779743433e-05 0.000197540823864983 0.000259713371819958 0.000336657950538211 0.00182158088018176 0.00175399631266421 0.00068801847519353 0.000206776426057331 0.000114388859947212 8.02037553512491e-05 0.000370694354116452 0.000827097447472624 0.000208854209631681 0.000280156038941104 0.000101784311118536 7.03419398632832e-05 0.000144684806725459 0.000840470043294772 0.000701442081481218 0.00154365180060267 0.000259648764040321 0.000673279631968171 0.0015079467091712 0.000925811682827771
4.73327745567076e-05 6.57317412787961e-05 0.000163240186520852 0.000176197325345129 0.000310128880664706 0.000145500192593317 0.000140094151720405 0.000131630929752424 0.000154918199405085 0.000105297160553164 0.000118537400703644 0.000209529063431546 0.00453706979751587 0.00457643996924162 0.00182145959697664 0.000542123675090489 0.000281631201505661 0.000417945516528584 0.00224587928350957 0.00193963691854151 0.00118210341315717 0.00519746418576688 0.000655440766786342 0.0018096457236449 0.00252982908859849 0.000272779853548855 0.000153950050413187 0.00016899099573493 0.000717419272655795 0.00047645582396143 0.00049113517452497 0.000213429561699741 0.000556158526616457 0.000671279314211015 0.00154366698116064 0.00179561590775847 0.00374584998935461 0.00396157968789339 0.00246907058171928 0.00295651303604245 0.00121676252024052 0.00122340838424861 0.00120834247209132 0.00121475253254175
4.76596233056625e-05 6.9828244522796e-05 0.000111834815470502 7.348827784881e-05 5.89643190323841e-05 0.000122222265054006 5.94969606027007e-05 8.54926940519363e-05 6.47599961666856e-05 3.34034183651966e-05 0.000133997554075904 0.000253139180131257 0.000912991398945451 0.00042224987577697 0.000881801274989391 0.00114904887361007 0.00202558785350671 0.000857363606340089 0.000207091707125073 0.000224400812294334 0.000160838570445776 0.000301865610526875 0.000223876023665071 0.000746574956428958 0.00203113417220759 0.00152446554225948 0.010200546681881 0.000613818302641711 0.00243804142810404 0.00147957243025305 0.00024814767530188 0.00148209328763187 0.00103838895447552 0.000237772916443646 0.00118146622553468 0.0029043223708868 0.00138016440905631 0.00115908158477396 0.00193432923406363 0.00127657450175409 0.000986161875471225 0.00148630755422801 0.000364826705714449 0.00157693526556955
0.00113607165403664 0.000619678758084774 8.38928934172145e-05 5.39199558261316e-05 8.64602468936937e-05 8.52150116770645e-05 0.000138601561775431 0.000584057035621299 0.000294742698315764 0.000305868090390504 0.000580558812816889 0.000679639296140522 0.00715749133378267 0.00145882890792564 0.00168815143406672 0.000915247367785654 0.000807889202685907 0.000306663036012211 0.000264113009644873 0.0010494526475668 0.00239842790178955 0.00142685140017621 0.00187858333811164 0.00309860529378057 0.00192396816564724 0.00105454639713116 0.00152049656026066 0.00121507374592901 0.00163195496425033 0.000151064113015309 0.000494702957803383 0.00110640828497708 0.000560280520949163 0.0009455575956963 0.00588540434837341 0.00196086196228862 0.00115813352167606 0.00583797283470631 0.00348965767771006 0.00215512234717607 0.00259463461115956 0.00548471193760633 0.00154900569468737 0.0039434946142137
7.55376830056775e-05 0.00150358924875036 0.000114435970317572 8.42111092424602e-05 3.26064182445407e-05 0.000316265938454308 9.00498416740447e-05 7.01020035194233e-05 0.000254275923362002 0.000173332940903492 0.000771496929719873 0.00119759740773588 0.00331158828921616 0.00163682149733346 0.000524241930179414 0.000804819562449666 0.00227738050384714 0.000486456055944073 8.49781208671629e-05 0.00240961447834707 0.00236809584312141 0.00280508007854223 0.00261191059835255 0.00225530513562262 0.0060396202839911 0.00401843022555517 0.000276306493784073 0.0067187058768468 0.000180473903310485 0.00039049064507708 0.0045171057805419 0.00434691477566957 0.00151220201514661 0.00114331687800586 0.00314569985494018 0.00259920097887516 0.00344059215858579 0.00372850522398949 0.00441600233316422 0.00443299729377031 0.00116572993219961 0.00134224984797386 0.00189614272676408 0.00318772625178099
