Scripts_&_data/Maxent_result_files_1/Bombus_distinguendus_3.asc
NCOLS 594 
NROWS 330 
XLLCORNER -15 
YLLCORNER 23 
CELLSIZE 0.166666666666667 
NODATA_value -9999 
[rows 180 to 199 of 330, columns 230 to 275 of 594]
0.018263946659863 0.02849035654217 0.0404963027685881 0.0648778610862792 0.0512770809233189 0.0696421626955271 0.117583002150059 0.137336814403534 0.335387924313545 0.290930959582329 0.632474946975708 0.486923250555992 0.325843769311905 0.191842240095139 0.136039508134127 0.236525417864323 0.153522431105375 0.0166459433734417 0.0115160975605249 0.0455217568203807 0.044993301667273 0.0627577804028988 0.0642865058034658 0.107914736121893 0.0433156924322248 0.0907535813748837 0.0784754663705826 0.0856940925121307 0.0500395029783249 0.0767235968261957 0.0934679538011551 0.0426867684349418 0.0950237885117531 0.025662530399859 0.084540493786335 0.0655743382871151 0.0192537151277065 0.0479027608409524 0.0508978310972452 0.013869196921587 0.0458383813500404 0.0581504013389349 0.0361553583294153 0.0335729319602251 0.0690598018467426 0.0460204312577844
0.0231277413666248 0.0678527444601059 0.0428295791149139 0.0623360972851515 0.0497028134763241 0.0528923176229 0.133220772445202 0.224772796034813 0.419975909590721 0.444097581505775 0.446742632985115 0.560102787613869 0.507804375886917 0.323971608281136 0.134628592431545 0.192394708096981 0.0409297462552786 0.0236266239546239 0.0455795917659998 0.00987707865424454 0.0565399896353483 0.0105092289857566 0.0194155720993876 0.0224514985457063 0.0280128302052617 0.0743540268391371 0.0684391755610704 0.0292584435315803 0.0820194020867348 0.0564820565283298 0.072927413508296 0.0109786032233387 0.0261513901874423 0.0119354881346226 0.0291866224259138 0.0573096446692944 0.081643395498395 0.031608847854659 0.0102064048871398 0.086314532533288 0.041896690800786 0.0387850917875767 0.035913342423737 0.0327847748994827 0.0304348176345229 0.028532887250185
0.0135642318055034 0.0365859057754278 0.0464816704392433 0.0547013390809298 0.0690800115466118 0.0575073592364788 0.0693747833371162 0.801783668994904 0.65892641544342 0.59518461227417 0.589848905801773 0.62582134604454 0.602023953199387 0.817404681444168 0.30323777794838 0.0648589350283146 0.0727740969508886 0.0821886390447617 0.0768349319696426 0.00993557595647871 0.0100762689020485 0.0146166228689253 0.0634155265986919 0.0553922411054373 0.0095237756613642 0.0393808292225003 0.0694726515561342 0.0476700350642204 0.0822369381785393 0.0504511266946793 0.0742356300354004 0.059141942486167 0.0544991921633482 0.0383666792884469 0.111173418164253 0.0505965922027826 0.0499413412064314 0.0750223405659199 0.0482757110148668 0.0201131879352033 0.0395330123603344 0.0347356082871556 0.032333368062973 0.0314795970916748 0.029178255610168 0.0280334543436766
0.0256239641457796 0.0289013348519802 0.0308869266882539 0.0411107728257775 0.0629237536340952 0.0682483736425638 0.100670033693314 0.0877198450267315 0.325040146708488 0.509256741404533 0.572821301221847 0.675518983602524 0.931779563426971 0.58525139093399 0.286769869923592 0.1446678429842 0.140940561145544 0.111725462973118 0.0263821160420775 0.0113882904406637 0.0142128824722022 0.0159876547753811 0.0348908383399248 0.0277760738506913 0.0057071564020589 0.0313314786180854 0.0533429760485888 0.0692660514265299 0.0159971275366843 0.014954411610961 0.0114822925068438 0.0135437602177262 0.0248923069797456 0.0842319555580616 0.164867428690195 0.0782205175608397 0.0477770995348692 0.0450747793540359 0.0425991356372833 0.0388745879754424 0.0345225375145674 0.0326520528644323 0.0298709424212575 0.0397367985919118 0.0280524775385857 0.026425145380199
0.0229575279168785 0.0256834670901299 0.0202690966427326 0.0346575859934092 0.0316733514890075 0.0280120503157377 0.0536526668816805 0.0736563391983509 0.121514229476452 0.219874505698681 0.610187166929245 0.71468340754509 0.613221538066864 0.761789083480835 0.32738935649395 0.294197994470596 0.0274514304473996 0.0335752505809069 0.0325789527967572 0.0125356085598469 0.0532418185845017 0.0623693414032459 0.052866480499506 0.0315255699679255 0.0449565660208464 0.027401610603556 0.0547800119966269 0.067394857108593 0.0104705243837088 0.0277177209034562 0.0157893364317715 0.00922711561433971 0.00825378918088973 0.0116561320610344 0.107167039439082 0.0689060904085636 0.0612363733351231 0.0437752649188042 0.0176573989912868 0.0357618290930986 0.0328867495059967 0.0317250436171889 0.0305098714306951 0.0284353867173195 0.025673202238977 0.024161733314395
0.0145650001242757 0.0196608259342611 0.0301645966246724 0.0245045783929527 0.0270214397460222 0.0828093569725752 0.0577938120812178 0.191196773946285 0.103190785646439 0.264378063380718 0.729683774709702 0.906608045101166 0.587748745083809 0.671172422170639 0.573250699043274 0.426795664429665 0.316631609201431 0.108333507925272 0.0144140408374369 0.0103781207464635 0.0395843094214797 0.0669900812208652 0.00584264493081719 0.00493634417653084 0.00728769791312516 0.00234770003735321 0.0084581985604018 0.0576504554599524 0.0302013931795955 0.0103793073445559 0.00758557459339499 0.00670664901845157 0.0357657009386457 0.0134718020359287 0.12096560895443 0.0596279554069042 0.080642032623291 0.0394968830049038 0.0549369100481272 0.0338827546685934 0.0327327547594905 0.028847872838378 0.026273825019598 0.0259958514943719 0.0244778071530163 0.0150169076398015
0.0170615342445672 0.0210685504600406 0.103721648454666 0.0231185553595424 0.02921247407794 0.0936111219227314 0.0260949207469821 0.0322365963831544 0.0462300568819046 0.0655919443815947 0.125922942906618 0.421773794293404 0.63795011639595 0.463981398940086 0.341089299321175 0.411127144098282 0.0845246866345406 0.0250586606562138 0.0223341018892825 0.0317542446777225 0.0168192586861551 0.0171725017717108 0.00675213430076838 0.0113202251493931 0.0084482557605952 0.00761918663047254 0.0151094489730895 0.0109529178589582 0.0566889449954033 0.0167256771586835 0.010477825673297 0.0103499444201589 0.0207391352392733 0.0235731541644782 0.0113027147948742 0.0619472939521074 0.0118956693448126 0.0139271956344601 0.0493625802919269 0.0306673847138882 0.0521540377289057 0.0284835761412978 0.0355021556839347 0.0235764388926327 0.0231655239127576 0.0338786944746971
0.0304247302934527 0.0341623859945685 0.132068967074156 0.0736401818692684 0.073588040843606 0.0779446143656969 0.088550690561533 0.0856445021927357 0.0510578198358417 0.0609414726495743 0.0689066734164953 0.680171054601669 0.656197702884674 0.959192091226578 0.457165023684502 0.448108980059624 0.596096032857895 0.227186286449432 0.0276631567627192 0.0163930086418986 0.0147684910334647 0.0481902491301298 0.0293322082608938 0.00553545295260847 0.00829422860406339 0.0402813429012895 0.0577242854982615 0.0228335179388523 0.0286790629848838 0.0532740127295256 0.014624887239188 0.0156485138460994 0.0143848633393645 0.0135366970673203 0.0347558850422502 0.0381739843636751 0.0421598875895143 0.034529410302639 0.0495518097653985 0.0839047029614449 0.0307755164802074 0.0294580526649952 0.110176621377468 0.0166242177598178 0.041185505874455 0.0214092282578349
0.0680192392319441 0.022525810264051 0.0677958279848099 0.105098657310009 0.0645824648439884 0.0683382235467434 0.108005331456661 0.0422513937577605 0.0967998344451189 0.0817600756883621 0.109980551898479 0.126832634210587 0.475869792699814 0.62350280880928 0.522176313400269 0.470746648311615 0.656641846895218 0.331582614779472 0.0479387771338224 0.0197828398086131 0.0104145514313132 0.00389165255692205 0.00742159383371472 0.0351098505780101 0.0201956362463534 0.00611615909729153 0.0136743959505111 0.00873263832181692 0.00673881773836911 0.0349111646413803 0.0364474665373564 0.040215309895575 0.0365406986325979 0.0402680035680532 0.0404429385438561 0.0344797395169735 0.0389709051698446 0.0435757448896766 0.0334991760551929 0.298670530319214 0.176803107559681 0.0300767635926604 0.0401800319552422 0.042220619879663 0.0725963667966425 0.286658541858196
0.0764790985733271 0.0396327652037144 0.014464786183089 0.0900856502354145 0.089350850135088 0.104656744003296 0.0993252009153366 0.133051577210426 0.0194990300573409 0.0203406246379018 0.0358497187495232 0.0981331147253513 0.127434232831001 0.607560223340988 0.553299856185913 0.410193961858749 0.176258111000061 0.319927561283112 0.0670585468411446 0.0284925200045109 0.00924701793119311 0.0119278833735734 0.0123119613621384 0.0112430942244828 0.0086617146153003 0.0432976014912128 0.0375838041305542 0.0538213811814785 0.0314219374209642 0.0490041211247444 0.0150421916507185 0.0513006700202823 0.0505479399114847 0.0477593664079905 0.0388835977762938 0.0288596240803599 0.0397028755396605 0.0376052170991898 0.0403457701206207 0.0402611829340458 0.261791124939919 0.240025551617146 0.0394392089918256 0.011212917038938 0.889261531829834 -9999
0.0613782867789269 0.0175105961970985 0.0164105077274144 0.0444514118134975 0.012425294239074 0.0175714328885078 0.049190978333354 0.0173384521156549 0.0213775200769305 0.0125764553900808 0.0301953485235572 0.0497973410412669 0.0587972946465015 0.0452200481668115 0.0903771050274372 0.295661553740501 0.0666750300675631 0.314831683039665 0.0449441619217396 0.0326680721715093 0.00676946343155578 0.0120495814830065 0.0228571673855186 0.0567067008465528 0.0367248672991991 0.0451863763853908 0.0185734731145203 0.006782859377563 0.0211235235445201 0.0335221624001861 0.00734590357169509 0.0374970572069287 0.0461848814040422 0.03598125372082 0.0377838106825948 0.0364316930994391 0.0381065852940083 0.038053666241467 0.037773884087801 0.0363820973783731 0.0682248085737228 0.0779876183718443 0.0193523851688951 0.10992224290967 -9999 -9999
0.0267626349814236 0.0094871241832152 0.0156782066449523 0.0611977431923151 0.0118643072899431 0.0323908511549234 0.0386755088344216 0.012929642945528 0.0135762139689177 0.0357026034966111 0.0419302202761173 0.016670196224004 0.029235272295773 0.0401939924806356 0.0550315883010626 0.0429088328033686 0.0685809914022684 0.0556941825896502 0.0553035750985146 0.0342546494677663 0.0230040349066257 0.0101207310799509 0.00719905484002084 0.00987295396625996 0.0282049592584372 0.0264373334124684 0.0340577295050025 0.0357284845784307 0.036823158711195 0.0469706207513809 0.0354751609265804 0.0372786005958915 0.0456528836861253 0.0545968361198902 0.0373377172276378 0.0359972355887294 0.0516216356307268 0.0365472905337811 0.0350832493975759 0.0349068595096469 0.0339799776673317 0.0318153605796397 0.12471729926765 -9999 -9999 -9999
0.0175489109940827 0.0160467469133437 0.0231716318055987 0.015609113778919 0.0880146313458681 0.0159379146061838 0.0151737698353827 0.019935146626085 0.0232906471006572 0.0364423200488091 0.0250667165033519 0.0466076070442796 0.024406467564404 0.0461142702028155 0.077979963645339 0.0488761361688375 0.0809684216976166 0.551861837506294 0.530242994427681 0.0326030094176531 0.0352988082915544 0.0114406790118665 0.00983762047253549 0.0188581921160221 0.0191410886822268 0.0317743077874184 0.0298826748505235 0.0264326095581055 0.0551596820354462 0.0542389433830976 0.0284689546562731 0.0141059249639511 0.0493546379730105 0.0575230097398162 0.031501223705709 0.0342138653621078 0.0513352375477552 0.042303054779768 0.0194339446170488 0.0312762447370915 0.0200600748794386 0.063947394862771 -9999 -9999 -9999 -9999
0.102979812026024 0.144786662608385 0.250226140022278 0.10056638866663 0.059795936755836 0.0383582113310695 0.0256573946215212 0.0448360648006201 0.0925593070685864 0.283591775596142 0.0637374710291624 0.0453829055652022 0.0694847147911787 0.139920841902494 0.0287017254158854 0.0438544990494847 0.0747576158493757 0.360889282822609 0.6453742146492 0.124359051883221 0.0425559516996145 0.0122281192336231 0.00514359006192535 0.006630169795244 0.0211162637981033 0.00829813579039182 0.0105476261643994 0.0208740474656224 0.0346357192458527 0.0208632272668183 0.0322182852774858 0.030334053048864 0.0284504104405642 0.0170316178666326 0.0238064898992889 0.0304531264016987 0.0124700762090811 0.0107050897937263 0.0170179452967261 0.0987257979810238 -9999 -9999 -9999 -9999 -9999 -9999
0.295927853882313 0.784059846401215 0.471375197172165 0.67794024348259 0.320071280002594 0.0689436387270689 0.396374961733818 0.859474873542786 0.770634937286377 0.837166261672974 0.877464646100998 0.386339920759201 0.153781602531672 0.599165010452271 0.244985730946064 0.0751741480082273 0.0523724518716335 0.0676458965986967 0.0615865763276815 0.0589749172329903 0.0245978070423007 0.0141141128726304 0.00589012422133237 0.00949233075405118 0.00829939256549323 0.00792181151228419 0.00669970305245897 0.010048838853254 0.0336895604954861 0.0116409971029498 0.0199225877819117 0.0199042207401362 0.0127557178828283 0.0334033228151384 0.028208487342863 0.0351619894626282 0.0394249282218395 0.0280740267404861 -9999 -9999 -9999 -9999 -9999 -9999 -9999 -9999
0.424563485383987 0.377868545055389 0.678412014245987 0.313936764001846 0.259219533205032 0.0957162875682116 0.128935434669256 0.155194678902626 0.310683479905128 0.485285210609436 0.279035410284996 0.358840191364288 0.544173565506935 0.426458621025085 0.141135679930449 0.0758490476757288 0.0488336753100157 0.0499527297914028 0.0337371431291103 0.0274037145078182 0.0248851128853858 0.0119712645187974 0.00926477728131658 0.00713583878315447 0.0044307957319818 0.00663821553117927 0.00711202583879977 0.0017213475217875 0.00668709594860638 0.0129564282473224 0.0247283821153701 0.0147850698741024 0.0152715086886673 0.0237680806362445 0.045471347050108 0.0201767527745531 0.0229570240101481 0.00485849207193037 -9999 -9999 -9999 -9999 -9999 -9999 -9999 -9999
0.0786399412900209 0.143907018005848 0.315808102488518 0.346706131100655 0.224236851930618 0.0379947019740939 0.0470795456320047 0.0362248649820685 0.0394102999940515 0.0203835709951818 0.110114475339651 0.100572612136602 0.145581831783056 0.145035175979137 0.0864880535751581 0.0603162374347448 0.0405935328453779 0.0230508611537516 0.0102838762104511 0.0118050007615238 0.0111332553904504 0.0110070086968491 0.00419171132179394 0.00373737814082984 0.00822913498307369 0.00370758939748523 0.00405587963963069 0.0022232605319384 0.0142100739664423 0.00163965674123929 0.00838659418864154 0.0128557024370101 0.0382761290416962 0.0324944475705583 0.0226362530430521 0.00804069540948927 0.00930375615347459 0.0104104202707126 -9999 -9999 -9999 -9999 -9999 -9999 -9999 -9999
0.0251606019213796 0.0325218016281724 0.0250938698649406 0.0327187187969685 0.0301410313695669 0.0184414093382657 0.0151834521326236 0.0319223273545504 0.0298225361853838 0.0104163979180157 0.015110881626606 0.0210169325582683 0.0201732439920306 0.0130582346580923 0.00836203339276835 0.00659394678659737 0.00711218772921711 0.0124034686479717 0.00845992756076157 0.00283845048397779 0.00513758300816434 0.00482389189068546 0.00415034826401257 0.00615217809795734 0.00361092275536804 0.0033139330998988 0.00308008697696636 0.0165719327823248 0.010169619161911 0.0058336736879312 0.00445881288032979 0.0014660430193544 0.0110177130988568 0.0170368884030833 0.0500080103063319 0.0302470892669451 0.00489578535782038 0.00267719862749877 -9999 -9999 -9999 -9999 -9999 -9999 -9999 -9999
0.00546454602917947 0.0127394080162048 0.0147203489206731 0.00951623008586466 0.0155907087959349 0.0132774061363307 0.0184294727630913 0.0111545233055949 0.0304039159789681 0.00302529439650243 0.00835904628038406 0.0112771001178771 0.00342909713217523 0.00425785410916433 0.00337363368598744 0.00372861695794882 0.00199982546773744 0.00833314870756912 0.00641726662841656 0.00378844005550413 0.00376020212964426 0.00385390783460218 0.0040388536238988 0.00427222239960077 0.00372173911655459 0.00355507892542675 0.00503355914818663 0.0174033057962641 0.00490150642870449 0.0132733003469184 0.00474746075924486 0.00223102572854259 0.00255103555031629 0.0109418227104477 0.00949565758928742 0.0172944332473077 0.00342078644316846 0.361760039627552 -9999 -9999 -9999 -9999 -9999 -9999 -9999 -9999
0.00211188671021952 0.00310003471002549 0.00841255850609741 0.00520942017210473 0.0066011423346936 0.00768492774391749 0.00604078286560252 0.0415429206565022 0.0313509507104754 0.0248235002727597 0.00912781751976581 0.00489116136450321 0.00341963515384123 0.0122361139924806 0.00244742005925289 0.00142900647106299 0.000927810299109122 0.00125306276247131 0.00514374457005866 0.00349435751622352 0.00635574188303935 0.0039189046027048 0.00416549736890126 0.00428230091863511 0.00367934915057346 0.00402804599300244 0.015078385501081 0.0111358477967297 0.0138990735803463 0.01226602117531 0.0278268417343497 0.00238274954327782 0.0210695410148075 0.00514497801195839 0.212897343933582 -9999 -9999 -9999 -9999 -9999 -9999 -9999 -9999 -9999 -9999 -9999
