Scripts_&_data/Maxent_result_files_1/Bombus_cullumanus_3.asc
NCOLS 594 
NROWS 330 
XLLCORNER -15 
YLLCORNER 23 
CELLSIZE 0.166666666666667 
NODATA_value -9999 
[rows 84 to 104 of 330, columns 282 to 328 of 594]
0.00131315023463685 0.00139930585864931 0.000397801362123573 0.000894132156099658 0.00531712571973912 0.00463877455331385 0.00208792376797646 0.00629928568378091 0.00341891626012512 0.00302786538959481 0.0068743183510378 0.0124895028246101 0.00315379973035306 0.00345456911018118 0.00370751798036508 0.0378193358890712 0.0213889861479402 0.0181595127098262 0.05384701192379 0.0149034040980041 0.0132240306353197 0.0113399880705401 0.00593268633820117 0.0160210611764342 0.0436271222773939 0.0090048233512789 0.0292863360140473 0.00715552273904905 -9999 -9999 -9999 -9999 -9999 -9999 -9999 -9999 0.0686387661844492 0.0160131944809109 0.00356582221575081 0.00316769786877558 0.00656981142237782 0.00616285660071298 0.0170229093637317 0.0188076271675527 0.0128448472823948 0.0156625253148377 0.0180582332075573
0.00295907311374322 0.000166437352527282 0.000745959022606257 0.104115420160815 0.0331958343740553 0.0113890366919804 0.00641786649357527 0.00101828463375568 0.0080388258676976 0.00428029291797429 0.0127132189460099 0.00887523638666607 0.00496465698233806 0.0251896832836792 0.150706907734275 0.0574445510283113 0.00805355946067721 0.0148990188725293 0.00836815324146301 0.00392813073704019 0.00811569464858621 0.00308797379839234 0.00542348249582574 0.0206776787526906 0.020295263454318 0.0286889593116939 0.011971139209345 0.0136403335956857 0.0339872774784453 0.0410122481174767 0.0330839218571782 0.00358718242496252 0.00250992611981928 0.00353594326879829 0.0156913732382236 0.0797018009470776 0.0425492901122198 0.0347108104499057 0.0449012283235788 0.0623715179273859 0.0740281919948757 0.0718942195177078 0.00485273647354916 0.0457674315199256 0.01534009790048 0.00242112023406662 0.0125386175699532
0.00121926458668895 0.0115568443885422 0.0010959159117192 0.00546106798574328 0.00963713161181659 0.00190509047242813 0.00211726045818068 0.00179887242120458 0.00256443053949624 0.00808275922900066 0.0987767902086489 0.0112138011842035 0.00563751435256563 0.0039107320131734 0.00199569581309333 0.365573331713676 0.379030418395996 0.00171711919538211 0.00201565544994082 0.0291755005717278 0.00870532005792484 0.0159782128874212 0.00320895600016229 0.00141588002734352 0.00187413147068582 0.000849100660707336 0.0020905328769004 0.017227243585512 0.0235428638290614 0.0118761472520418 0.0221595472190529 0.0130459992215037 0.0391395449871197 0.0334075258811936 0.0366029223660007 0.119240138446912 0.0192302492112503 0.00771825333940797 0.0270726905204356 0.0267915352247655 0.0334543865174055 0.0251023010117933 0.0441919758915901 0.0265364154241979 0.0162840311881155 0.011376534588635 0.00354603949235752
0.0162017504335381 0.00646101796301082 0.00637170306872576 0.000474855647189543 0.0013072248766548 0.00216648632922443 0.00732169146649539 0.0139285736717284 0.0122084625298157 0.188718789815903 0.0177348088473082 0.0139425679575652 0.00778363511199132 0.00537259310658555 0.00174434611690231 0.00203393439296633 0.00846152047161013 0.0036515255458653 0.00429310263716616 0.0244889785535634 0.00516661586007103 0.00193574339500628 0.0162217317265458 0.0485407601925544 0.00574110036686761 0.0174538434192073 0.0961471069138497 0.0681105862022378 0.00244022097613197 0.00305442999233492 0.00237679869751446 0.00813152524642646 0.014814306050539 0.0688932104967535 0.0119792631827295 0.0200296020186215 0.00567153497395338 0.151543923997087 0.0184994368464686 0.00444953093538061 0.00275875307270326 0.0123721990967169 0.00538151527289301 0.00381076884805225 0.0110861874185503 0.0058470914256759 0.00553693689871579
0.00939222272718325 0.0550192549824715 0.0278314040973783 0.0131173638626933 0.0229662308469415 0.030548539198935 0.0747444242238998 0.00323721604072489 0.0479553617537022 0.652573290467262 0.769481670856476 0.0438290159218013 0.00218977999757044 0.0114924775029067 0.00374232775648124 0.00265368006657809 0.00468714712187648 0.00263140604365617 0.0166696542408317 0.0129645085893571 0.0112608399358578 0.00556295408168808 0.000374946775991702 0.00201830840378534 0.0156827943632379 0.00550523560959846 0.0168763071764261 0.0138142744544894 0.0245872269151732 0.0226628104166593 0.0180926793022081 0.0246914979681605 0.0138544479792472 0.0024228016496636 0.0110157512041042 0.0107887140009552 0.033551802393049 0.113339854497463 0.00678652415517718 0.0235717134550214 0.00633907017763704 0.0106690059881657 0.038259899802506 0.00760380640858784 0.016084248572588 0.00646633250871673 0.00496902564773336
0.00322967891697772 0.00253012699977262 0.00505112062674016 0.00343778426758945 0.0238446492701769 0.0220729094929993 0.00604753900552168 0.00660540314856917 0.00315437983954325 0.00860048565082252 0.00557528567733243 0.0698863681405783 0.0512976324185729 0.0273568468168378 0.0361104401759803 0.00439045074163005 0.027300317119807 0.00989561742171645 0.00254339725943282 0.0248685818165541 0.00512228534789756 0.0012482297650422 0.00832077459781431 0.0137152143579442 0.0167990164714865 0.01230544768041 0.00562510254385415 0.00833197263418697 0.104333999240771 0.0801001650514081 0.0262517267954536 0.0142001823172905 0.00809559857007116 0.0968444997095503 0.00261586863925913 0.00145815393188968 0.00519058090867475 0.040987956430763 0.147542382241227 0.0577454634825699 0.0146766905672848 0.0233297106809914 0.0114399214275181 0.0741229876875877 0.0120197265408933 0.00400138805853203 0.010057460796088
0.00235989525826881 0.00765062689315528 0.00292720899451524 0.00251034531975165 0.0133172049187124 0.0227837174199522 0.00910640931688249 0.0147795189870521 0.0107731987867737 0.0078638075501658 0.0145127984927967 0.0118440083228052 0.0421757942065597 0.00975243954453617 0.0238340963609517 0.0256990286521614 0.103773002699018 0.0321345563977957 0.00621105118189007 0.0215567012317479 0.0613702520728111 0.00747775026829913 0.00579471767414361 0.00544918877712917 0.0306158493447583 0.0102016285178252 0.0243689131806605 0.0255147362709977 0.084715208504349 0.0273555780557217 0.0112490349041764 0.0392613496340346 0.0324823123519309 0.0185955232649576 0.00212145820987644 0.00328199598588981 0.017808270547539 0.0181805306347087 0.0356601650448283 0.0290886919945478 0.0237223598174751 0.0180610195733607 0.0262671388685703 0.0535722151398659 0.0603439334779978 0.0135276621207595 0.00908417101018131
0.00272114637773484 0.00617942498065531 0.00637515854614321 0.00402447038795799 0.00587425070116296 0.00621573681710288 0.00949628073722124 0.0113651441410184 0.0615943675860763 0.0412910694722086 0.116156930476427 0.0174210867378861 0.0674314234405756 0.0415599133819342 0.0635528733022511 0.0200894010253251 0.755902761220932 0.613445767760277 0.286813125014305 0.0769515622407198 0.0619962211698294 0.0864023268222809 0.018294386100024 0.00779240932315588 0.00822985381819308 0.00888687331462279 0.00283465192478616 0.0690031372476369 0.200594176910818 0.0210626017767936 0.0032463350740727 0.0315604327770416 0.290696424106136 0.0878852549591102 0.0052140260435408 0.00865075434558094 0.00869643152982462 0.0385360332438722 0.0452923648525029 0.0192143272608519 0.00932194101624191 0.0129215312190354 0.0173266316764057 0.0482077460736036 0.0543118324130774 0.0131152532063425 0.0150577391963452
0.00256901170796482 0.0100544211134547 0.0053164011798799 0.0197379079647362 0.00778921646997333 0.0170954880188219 0.0411751185893081 0.017736752028577 0.0290348185226321 0.0415518699213862 0.115548628568649 0.140039414353669 0.0315147190354764 0.263526850938797 0.281973545253277 0.245380029082298 0.19160263389349 0.0150099891703576 0.210799520462751 0.929425209760666 0.523391628265381 0.166230612248182 0.148068125545979 0.0940276350826025 0.0880894050002098 0.00635137454373762 0.00165501875744667 0.0212837935891002 0.108288375620032 0.0514866354933474 0.00721720901201479 0.127344441809691 0.0645672612561611 0.0405003630556166 0.0320226297306363 0.00465082158625592 0.00650254412321374 0.00852962514618412 0.0121780840214342 0.0113889161031693 0.039968822710216 0.0466388758271933 0.0313516474328935 0.0552123688161373 0.0413837686181068 0.00623710795771331 0.0253732131794095
0.0150896059349179 0.00707227357197553 0.0128870836691931 0.0166706228163093 0.00659538004547358 0.00271905361005338 0.0113367162295617 0.0429643049836159 0.0200951950624585 0.218984238803387 0.0786861330270767 0.239112070202827 0.242955088615417 0.229773269593716 0.231371361017227 0.299224017560482 0.265218234062195 0.0718903888016939 0.243012845516205 0.372106698155403 0.370464470982552 0.797050774097443 0.929500067234039 0.210890090465546 0.0462430108338594 0.0425636895000935 0.0248276280239224 0.00204493175260723 0.00841963310958818 0.205733988434076 0.0128445845562965 0.0693632921436802 0.0182088678411674 0.0108847086783499 0.0259588917600922 0.0302429219707847 0.0149704146198928 0.0161602129228413 0.00876427334733307 0.011811499716714 0.00567903858609498 0.0140597912948579 0.020853918697685 0.0140240011736751 0.0146945024840534 0.0199219319969416 0.0742487460374832
0.00291882966994308 0.0111947557423264 0.198986817896366 0.0244656343944371 0.0163540489505976 0.00792281471658498 0.0367083383724093 0.0423374142497778 0.0146690982859582 0.0422319648787379 0.264316844940186 0.226332646608353 0.322444766759872 0.0301995077170432 0.359885165095329 0.0819861263036728 0.192196067422628 0.256818959116936 0.192498078942299 0.234961523115635 0.327348285913467 0.360492654144764 0.805398088693619 0.27150331735611 0.191961979866028 0.0446719432249665 0.0187265223357826 0.00234932652965654 0.00801863723900169 0.608556738495827 0.180498324334621 0.00370661512715742 0.0279107792302966 0.0127646563574672 0.0152415263466537 0.0215899705886841 0.0151600889861584 0.0036301061976701 0.00319108435651287 0.0144179647322744 0.0142443546559662 0.0149155575782061 0.0243305581621826 0.0294473329558969 0.10692762658 0.0185457015410066 0.0208115991204977
0.00560920133721083 0.0118472361937165 0.0252332082483917 0.025280920881778 0.0143501394428313 0.0895197793841362 0.163194547593594 0.131554467976093 0.0415125001221895 0.0127556061837822 0.0956317864358425 0.219592934846878 0.183460281789303 0.119495017081499 0.24046351313591 0.337947154045105 0.715860748291016 0.745262840390205 0.232291638851166 0.187013702839613 0.770000451803207 0.865655511617661 0.420502668619156 0.181643388420343 0.169490551948547 0.107501707971096 0.180330261588097 0.0567550154402852 0.109139633178711 0.064362844824791 0.0295993347652256 0.0509215712547302 0.0418839193880558 0.0393715919926763 0.0187310109846294 0.0427137568593025 0.232463218271732 0.0675714541226625 0.0485386900603771 0.0648908134549856 0.0712905444204807 0.165138193964958 0.0560267536900938 0.0535458927974105 0.066414300724864 0.0240870064124465 0.0506747832521796
0.00508970289956778 0.00988278114236891 0.0143411608645692 0.0133058680454269 0.102699215710163 0.228657746315002 0.0940156362950802 0.0936847243458033 0.0611990718171 0.011931272642687 0.0588255073875189 0.284642374515533 0.393557703495026 0.294910249114037 0.172774529457092 0.440960994362831 0.905254662036896 0.892391234636307 0.805525857210159 0.13762569129467 0.896956753730774 0.878534245491028 0.77237731218338 0.269807805120945 0.103844626620412 0.128597350418568 0.075873189419508 0.156777112931013 0.367783087491989 0.0660346757620573 0.0499484453350306 0.0308815142139792 0.0296819943934679 0.0246546743437648 0.0404939221218228 0.0315095882862806 0.0185981631278992 0.00825330018997192 0.00697938688099384 0.03018768299371 0.163003472238779 0.0850375667214394 0.114521145820618 0.0377777740359306 0.00717598211485893 0.0182620672974735 0.00716802368406206
0.0138771856203675 0.259350994229317 0.0165347232483327 0.031919988617301 0.0558551747351885 0.179098755121231 0.126181621104479 0.124051398783922 0.0934275977313519 0.0164539964403957 0.0330201841890812 0.0644614435732365 0.0358328031376004 0.0621315877884626 0.00648590023047291 0.654178106784821 0.914078778028488 0.901759058237076 0.893628150224686 0.892530864477158 0.887846952676773 0.885267090797424 0.885708200931549 0.0811527070589364 0.239740365743637 0.269788317382336 0.438827410340309 0.242357407510281 0.192197318375111 0.0914330564439297 0.0218847283162177 0.0177674006670713 0.0600613072514534 0.0731535524129868 0.145667660236359 0.0375929746776819 0.0531260812655091 0.0306731688790023 0.0239675198448822 0.0203913844190538 0.0699539307504892 0.074221621081233 0.224085313081741 0.160203981399536 0.0600171905010939 0.0160729570314288 0.0879811145365238
0.0107353188330308 0.0258128987625241 0.0323768429458141 0.04002919588238 0.0929688416421413 0.199142216145992 0.0422574570402503 0.11143760830164 0.144008873403072 0.0709745395928621 0.0554269846528769 0.00618230486288667 0.0348267264664173 0.126474062353373 0.0651985876262188 0.341159236431122 0.372524529695511 0.607447263598442 0.835621589422226 0.893053531646729 0.890198802947998 0.887739109992981 0.886495250463486 0.888278836011887 0.770915102958679 0.0325073613785207 0.0589915089309216 0.115964145213366 0.102678533643484 0.0154242664575577 0.100195161998272 0.0871547468006611 0.0806554414331913 0.0233535971492529 0.0347215240821242 0.0382126740179956 0.0183102392591536 0.0228414147160947 0.0150087899528444 0.111120545119047 0.0697613582015038 0.0452877391129732 0.0850887183099985 0.01386491402518 0.00740507680457085 0.0164894252084196 0.0228741466067731
0.0164564683102071 0.0408642081543803 0.0285233428701758 0.0088429850526154 0.0423710554838181 0.0263242650777102 0.0785900428891182 0.029045400954783 0.022614185907878 0.0389189883833751 0.0395449550822377 0.0372420722618699 0.0329770501703024 0.0403513425961137 0.0913694612681866 0.151421624422073 0.164743782579899 0.0912258435040712 0.40723742544651 0.264725686609745 0.656082019209862 0.888535463809967 0.896184182167053 0.895537710189819 0.895478236675262 0.491358849406242 0.125768440961838 0.0395842408761382 0.117179747670889 0.0741391655057669 0.0640293944627047 0.104713453352451 0.0585662070661783 0.0134540934348479 0.00631768174935132 0.0119235226185992 0.00875548259355128 0.0198940753005445 0.0166118090972304 0.0407391849905252 0.0507481532171369 0.0886231921613216 0.0200150268618017 0.0359919989481568 0.0213443761691451 0.0171618483960628 0.0157397526316345
0.744677132368088 0.414333322644234 0.0593017656356096 0.0421170284971595 0.0238339378498495 0.0712253820151091 0.032409150339663 0.184110184013844 0.047778856754303 0.0241907970048487 0.00800613700412214 0.00709520098753273 0.0175983958877623 0.0344908272847533 0.0802137948572636 0.110548634827137 0.103164175897837 0.0777677897363901 0.0181329254060984 0.090321134775877 0.0853608101606369 0.184818768501282 0.906371682882309 0.906696981191635 0.909537303447723 0.910688489675522 0.0375369943678379 0.0544387623667717 0.219122229516506 0.125670862197876 0.0209842413663864 0.123506943881512 0.0186985568143427 0.0353709727525711 0.028546660579741 0.135494440793991 0.0821143757551908 0.0214479491114616 0.0568300273269415 0.064007475040853 0.156164032965899 0.109035698324442 0.0157731591723859 0.0161605150438845 0.0689131818711758 0.0178234919905663 0.0159216058440506
0.95207684636116 0.95212197303772 0.990493959188461 0.398472180962563 0.375075504183769 0.0925591252744198 0.0265230475924909 0.0337489784695208 0.0797969270497561 0.0531245151534677 0.0246182067319751 0.0225618188269436 0.112880040705204 0.272036820650101 0.122204549610615 0.101498426496983 0.29398238658905 0.0700785294175148 0.0264773160219193 0.0585685808211565 0.0634188037365675 0.109418750181794 0.843330377340317 0.915497648715973 0.111470676213503 0.157968017458916 0.0799581857398152 0.0524689072743058 0.0248312311246991 0.0250505640171468 0.0240682640112936 0.0119996129535139 0.0322976582683623 0.0213586805853993 0.0174586876295507 0.0224498470313847 0.0207994925789535 0.0204959682188928 0.0445647900924087 0.0434640612453222 0.0647828761488199 0.00403612825321034 0.0200539589859545 0.0203988390043378 0.152013476192951 0.0184573396109045 0.0473724210634828
0.952590268850326 0.953071278333664 0.952367055416107 0.885927134752274 0.0919047307223082 0.0165331822587177 0.0740132447332144 0.0279585087671876 0.0348648354411125 0.0257979825139046 0.16630005389452 0.104351210594177 0.0852022297680378 0.0793351449072361 0.263241674005985 0.0314327768981457 0.0443124974146485 0.0495437437668443 0.134202648699284 0.219455501437187 0.057363049313426 0.134690989553928 0.101329985633492 0.070193975046277 0.230090969800949 0.126049894094467 0.202511674165726 0.0856967359781265 0.0301921382546425 0.0169407689012587 0.0208219254389405 0.0688655067235231 0.0583912247791886 0.0286883965134621 0.0343029417097569 0.018802787642926 0.0824889536947012 0.0201771643012762 0.0531441688537598 0.0229280188679695 0.016267466545105 0.0170089585706592 0.0154910109937191 0.0164898381568491 0.0378079872578383 0.0375661447644234 0.0803592674434185
0.952933502197266 0.953225600719452 0.952109706401825 0.952544075250626 0.837757611274719 0.121246360242367 0.0396952310577035 0.0733551844488829 0.0331321556121111 0.0119774241000414 0.124710476398468 0.0986087709665298 0.113357741385698 0.0288377596065402 0.0272494019009173 0.0357140175998211 0.0730316467583179 0.0542060282081366 0.147590502351522 0.115005648881197 0.152672016620636 0.0376793015748262 0.0502339418977499 0.10021257288754 0.253880824148655 0.113842821121216 0.120382755994797 0.0323580536991358 0.0234426026232541 0.0338773937895894 0.0224456096068025 0.0319163478910923 0.0659660279750824 0.0107624946860597 0.0235521851107478 0.149394711852074 0.0233730537816882 0.0193620341829956 0.0166712156496942 0.0416403947398067 0.0294942145235836 0.0402416193857789 0.0298476535826921 0.037375296652317 0.0658710446208715 0.135659804940224 0.0623156035318971
0.952356505393982 0.952407240867615 0.951021730899811 0.799322336912155 0.606493604183197 0.0801386717706919 0.0483933925628662 0.0950295008718967 0.0556261040270329 0.243879933655262 0.199894508719444 0.141828548908234 0.125424347817898 0.0314809673465788 0.0309805416502059 0.02529715038836 0.0584157705307007 0.130045326799154 0.0962917014956474 0.015977528411895 0.0269615623168647 0.0345925789326429 0.0842647261917591 0.0852112621068954 0.236261284351349 0.0635216996073723 0.0509640963748097 0.0344047874212265 0.186543536186218 0.0272717943415046 0.0251722261309624 0.0488079080358148 0.040520297922194 0.10232117921114 0.0265221214853227 0.0349693628028035 0.0441501945257187 0.0258674256503582 0.0325084801763296 0.0231283145025373 0.0355394778773189 0.0481240877881646 0.0994017291814089 0.0514526670798659 0.0193032843992114 0.148787526041269 0.139799655973911
