Scripts_&_data/Maxent_result_files_1/Bombus_hortorum_3.asc
NCOLS 594 
NROWS 330 
XLLCORNER -15 
YLLCORNER 23 
CELLSIZE 0.166666666666667 
NODATA_value -9999 
[rows 140 to 159 of 330, columns 138 to 183 of 594]
-9999 -9999 -9999 -9999 -9999 0.280816996097565 0.770837509632111 0.459433844685554 0.396533370018005 0.430495727062225 0.247956585884094 0.111753662675619 -9999 -9999 -9999 -9999 -9999 -9999 -9999 -9999 -9999 -9999 -9999 -9999 -9999 -9999 -9999 -9999 -9999 -9999 -9999 0.482230359315872 -9999 -9999 -9999 -9999 -9999 -9999 -9999 -9999 -9999 -9999 -9999 -9999 -9999 -9999
-9999 -9999 -9999 -9999 -9999 0.988756012916565 0.950279545783997 0.817680257558823 0.790922367572784 0.185862445831299 0.406645593047142 0.249061185121536 0.439001083374023 -9999 -9999 -9999 -9999 -9999 0.240151487290859 -9999 -9999 -9999 -9999 -9999 -9999 -9999 -9999 0.738270336389542 -9999 -9999 -9999 0.171599233150482 0.321229532361031 0.327347305417061 -9999 -9999 -9999 -9999 -9999 -9999 -9999 -9999 -9999 -9999 -9999 -9999
-9999 -9999 -9999 -9999 -9999 0.186301772296429 0.865130776166916 0.573260420560837 0.799266189336777 0.49045541882515 0.464124044775963 0.219836784899235 0.855164635181427 0.316645240783691 0.257024535536766 0.250236567854881 0.178429073095322 0.514917853474617 -9999 -9999 -9999 -9999 -9999 -9999 -9999 0.746125021576881 0.136705461144447 0.219466526806355 0.200159028172493 0.206195460259914 0.799055165052414 0.11667757704854 -9999 -9999 -9999 -9999 -9999 -9999 -9999 -9999 -9999 -9999 -9999 -9999 -9999 -9999
-9999 -9999 -9999 -9999 -9999 -9999 0.276945546269417 0.193133081495762 0.173496271669865 0.197562173008919 0.27548581212759 0.660031485557556 0.26683908700943 0.121438817679882 0.28065240830183 0.166589288413525 0.813360768556595 -9999 -9999 -9999 -9999 -9999 0.174584126472473 0.253768080472946 0.999987924098969 0.428555682301521 0.197684524953365 0.250784492492676 0.250491897761822 0.237621898949146 0.302712148427963 0.245333409309387 0.390418508648872 0.131666226685047 0.242653848230839 -9999 -9999 -9999 -9999 -9999 -9999 -9999 0.349636632204056 0.104896064847708 0.165274214744568 0.151809107512236
-9999 -9999 -9999 -9999 -9999 -9999 0.0958015039563179 0.697499907016754 0.783358681201935 0.385342141985893 0.263381095230579 0.39886554479599 0.210159350931644 0.323199233412743 0.309697219729424 0.952802562713623 0.938651728630066 0.238409246504307 0.20970554202795 0.458734658360481 0.912223106622696 0.253071857988834 0.223082090914249 0.266729266941547 0.19576910585165 0.307483699917793 0.308986812829971 0.353688403964043 0.353743782639503 0.361945590376854 0.352344977855682 0.228227590024471 0.331748339533806 0.182705618441105 0.375708836317062 0.0832831881940365 0.161191612482071 -9999 -9999 0.28092300593853 0.189341716468334 0.25176604539156 0.203792650997639 0.25064100176096 0.220489510893822 0.296834388375282
-9999 -9999 -9999 0.889973247051239 0.345234358310699 0.365349644422531 0.346207389235497 0.127863352000713 0.272707557678223 0.705995333194733 0.924324589967728 0.998334240913391 0.997183740139008 0.561995780467987 0.483004227280617 0.206908160448074 0.281923708319664 0.217475661635399 0.400952485203743 0.270749615132809 0.508872762322426 0.118968130648136 0.258281379938126 0.152378511428833 0.239426304399967 0.399412381649017 0.200348484516144 0.300369989871979 0.346015012264252 0.504493221640587 0.337613153457642 0.216751912236214 0.237167416512966 0.338159555196762 0.242414791882038 0.194589249789715 -9999 -9999 -9999 0.136051396280527 0.272058548033237 0.390910041332245 0.355710795521736 0.265512914955616 0.339078024029732 0.272021105885506
0.999987006187439 -9999 -9999 1 0.414847660064697 0.26475280970335 0.228421820700169 0.279982785880566 0.751284044981003 0.283815580606461 0.929152655601502 1 1 0.996592253446579 0.531266731023788 0.190345875918865 0.523845055699348 0.212081636488438 0.286075769364834 0.19959339350462 0.888014233112335 0.376385936141014 0.145381180942059 0.153310328722 0.169970342516899 0.58433997631073 0.445473885536194 0.347463518381119 0.29689005613327 0.217799365520477 0.436812937259674 0.947943919897079 0.217960153520107 0.22299936413765 0.192959840595722 0.328604650497437 0.496695554256439 0.338618379831314 0.402914950251579 0.25882770717144 0.467265257239342 0.333141386508942 0.173190324008465 0.179268757998943 0.146766066551208 0.331747782230377
0.998838722705841 0.89923889040947 0.999924981594086 0.676469576358795 0.302942404150963 0.236282584071159 0.533177924156189 0.175046692788601 0.198099806904793 0.357991513609886 0.56243679523468 0.978989565372467 0.982487416267395 0.697800594568253 0.38958877325058 0.275098958611488 0.329445880651474 0.204874289035797 0.201810844242573 0.349824190139771 0.264742067456245 0.376409187912941 0.248799596726894 0.336677950620651 0.205734600126743 0.2904148042202 0.353281393647194 0.43601570725441 0.659318655729294 0.545355254411697 0.59118133187294 0.222004203498364 0.190423473715782 0.224417026340961 0.396685707569122 0.46186275780201 0.158458487689495 0.215346996486187 0.387125730514526 0.538019378483295 0.598852330446243 0.236368949711323 0.625227683782578 0.178910411894321 0.189679898321629 0.476202777028084
0.271071842312813 0.961723661422729 0.365747091174126 0.995648670196533 0.717314088344574 0.406990057229996 0.269791826605797 0.380658283829689 0.392169749736786 0.309624290466309 0.352296575903893 0.744638329744339 0.403269562125206 0.264842861890793 0.964126312732697 0.391428887844086 0.341015443205833 0.307163217663765 0.323601570725441 0.304830574989319 0.216090838611126 0.322340422868729 0.227997094392776 0.181352598965168 0.145747266709805 0.282457306981087 0.266726295650005 0.191561551392078 0.402236792445183 0.898516100645065 0.868313413858414 0.838683986663818 0.617964029312134 0.224199688434601 0.166087204217911 0.239655004441738 0.1583869561553 0.193790186941624 0.295580565929413 0.244744978845119 0.15860233604908 0.396366813778877 0.325445029139519 0.178161498904228 0.255429702997208 0.211532880365849
0.467634624242783 0.999975168704987 0.462284737825394 0.999877959489822 1 1 0.802073270082474 0.292936678230762 0.589114767313003 0.206313571333885 0.444087210297585 0.774771046638489 0.894713515043259 0.46883370578289 0.215673053264618 0.319589322805405 0.227834348380566 0.511477836966515 0.218919835984707 0.236285771429539 0.296461048722267 0.332436117529869 0.338264659047127 0.218317553400993 0.224326394498348 0.217001706361771 0.168840703368187 0.396379038691521 0.655581587553024 0.773498386144638 0.282675769925118 0.292122608423233 0.437057861685753 0.833136439323425 0.340405902266502 0.282397481799126 0.222862875461578 0.598335826396942 0.261745294928551 0.150138154625893 0.100975497066975 0.227905978262424 0.218729361891747 0.258170185983181 0.16197759360075 0.159142492711544
0.806901049613953 0.335694319009781 0.438640534877777 0.298682074248791 0.577657431364059 0.584384071826935 0.440614578127861 0.687678962945938 0.371775907278061 0.5714006960392 0.418293732404709 0.584974974393845 0.720249807834625 0.933422315120697 0.249221193790436 0.330297380685806 0.176394787430763 0.165382677316666 0.243970017135143 0.233764445781708 0.19212954044342 0.132091800868511 0.171146307885647 0.113048381358385 0.186745278537273 0.145089840888977 0.213404151797295 0.151508484780788 0.244624438881874 0.167023994028568 0.164887674152851 0.183069312572479 0.341883516311645 0.686682164669037 0.561738213896751 0.45388140976429 0.256099799275398 0.227999229729176 0.196511325240135 0.152958542108536 0.213810101151466 0.219023881852627 0.22707886248827 0.332945927977562 0.289844489097595 0.236748130619526
0.560516348481178 0.892588490247726 0.243365477025509 0.476553720235825 0.49095211327076 0.25309666544199 0.27476968318224 0.355206421017647 0.190143170952797 0.320339822769165 0.46583739221096 0.670120519399643 0.587085789442062 0.618405896425247 0.854120081663132 0.370419046282768 0.180620542168617 0.146985749900341 0.122865522652864 0.147435267269611 0.152289594709873 0.228292973339558 0.227228358387947 0.287662130594254 0.151300653815269 0.144923872500658 0.163010039925575 0.149289084970951 0.179360957443714 0.109800619632006 0.233246126770973 0.272515948116779 0.370298290252686 0.312970252335072 0.351002952456474 0.344603705406189 0.267964634299278 0.117757968604565 0.170116870105267 0.132459991425276 0.506682392954826 0.419705355167389 0.222677500545979 0.610417434573174 0.138790054619312 0.137325245887041
0.410874047875404 0.554415321350098 0.685244160890579 0.187589138746262 0.469469520449638 0.25246007591486 0.234941756725311 0.654908472299576 0.249377852678299 0.158208003640175 0.409915828704834 0.479157474637032 0.938106423616409 0.244309774041176 0.244657592475414 0.330553144216537 0.519208255410194 0.152036747336388 0.182138903439045 0.353574937582016 0.222465299069881 0.244297805428505 0.241104370355606 0.605373477935791 0.132263781130314 0.409700188040733 0.2659159719944 0.0993660651147366 0.0833584241569042 0.237965945899487 0.325543361902237 0.990466958284378 1 1 0.987562477588654 0.374702867865562 0.23117189258337 0.113440488278866 0.348799884319305 0.157759785652161 0.246570920944214 0.121078933030367 0.207924126088619 0.341346624493599 0.343615144491196 0.447928014397621
0.53971500992775 0.288368225097656 0.256221243739128 0.501646348834038 0.186340810358524 0.295892745256424 0.184592224657536 0.459950193762779 0.95260374546051 1 1 0.999999737739563 0.518060404062271 0.738723766803741 0.221044553816319 0.457107600569725 0.998729532957077 0.405304223299026 0.171268080174923 0.151423323899508 0.301197272539139 0.628500258922577 0.163398353755474 0.189912517368793 0.297200259566307 0.196000111103058 0.28437385559082 0.464093410968781 0.10722476541996 0.243965555727482 0.998676031827927 0.690625563263893 1 0.665408036112785 0.20510485433042 0.733864665031433 0.293709906935692 0.122050935029984 0.219766785204411 0.519186371564865 0.189204500615597 0.447458338737488 0.484272417426109 0.517151015996933 0.274746650457382 0.408955070376396
1 0.26550375521183 0.518218946456909 0.961997389793396 0.999959641695023 0.999762618541718 0.690168595314026 0.398901742696762 0.595107203722 0.522112664580345 0.952540040016174 0.999767088890076 0.245987218618393 0.978064161539078 0.999999976158142 1 0.374562248587608 0.312615901231766 0.458630567789078 0.171972750127316 0.261340963840485 0.287252435088158 0.199778680503368 0.290966835618019 0.181828917562962 0.244741086661816 0.174316002428532 0.200600005686283 0.375548082590103 0.224083289504051 0.259750731289387 0.320693230628967 0.201400958001614 0.170983888953924 0.74693563580513 0.314570790529251 0.370930749177933 0.279732498526573 0.29070131778717 0.229401437193155 0.30370976626873 0.749178773164749 0.88642560839653 0.702717804908752 0.385149711370468 0.23674161285162
0.614989572763443 0.434854570031166 0.995999014377594 1 0.998785835504532 0.537164300680161 0.261833089590073 0.418958422541618 0.946976709365845 0.265552279353142 0.32090283036232 0.644254374504089 0.30004386305809 0.433890360593796 0.889682829380035 0.384587094187737 0.165709272027016 0.211806529760361 0.211891131103039 0.289223372936249 0.18755124360323 0.999999326467514 0.637433701753616 0.202357962727547 0.199571013450623 0.234411354362965 0.50722408592701 0.347708243131638 0.0867625467479229 0.180577786266804 0.262473353743553 0.55168584883213 0.54109782576561 0.719793492555618 0.681757414340973 0.224723924696445 0.128300985693932 0.189841088652611 0.629416429996491 0.254763193428516 0.19349255412817 0.476182097196579 0.405655357241631 0.584820282459259 0.291395315527916 0.24848166257143
0.908718645572662 0.999731910228729 1 0.975515270233154 0.76231877207756 0.714097529649734 0.40263460278511 0.584253233671188 0.568019068241119 0.478069806098938 0.429776939749718 0.228218902647495 0.340787065029144 0.587336379289627 0.216782408207655 0.258038686215878 0.411741024255753 0.14811777472496 0.710806101560593 0.212749534845352 0.219511659443378 0.332782995700836 0.261750130355358 0.119476018846035 0.301942360401154 0.394690999388695 0.267324110865593 0.268115541338921 0.219083647429943 0.0966576427221298 0.134336049109697 0.105658458173275 0.150651717931032 0.129841524362564 0.14203527495265 0.197147551178932 0.133470376580954 0.190599885582924 0.382861375808716 0.516305640339851 0.260368999838829 0.560624104738235 0.513429307937622 0.556659132242203 0.371552906930447 0.269243262708187
0.999171298742294 0.537359130382538 0.901019316911697 0.647282272577286 0.999953126907349 0.548452770709991 0.594654178619385 0.418535259366035 0.595025652647018 0.679434067010879 0.442104265093803 0.532930535078049 0.483075457811356 0.343560680747032 0.733905452489853 0.13271195217967 0.820487439632416 0.672467982769012 0.486997720599175 0.294837924838066 0.692643636465073 0.315631692111492 0.528202366828918 0.56683441400528 0.451053854823112 0.542479288578033 0.287317502498627 0.382592105865479 0.114140986651182 0.194631165266037 0.151877348124981 0.200948922336102 0.17246076464653 0.186976370215416 0.245849224925041 0.293412095308304 0.161360228061676 0.188677398860455 0.22008543908596 0.345856957137585 0.538611453771591 0.512233170866966 0.259396746754646 0.302377262711525 0.207567262649536 0.277552258968353
0.752047455310822 0.523197972774506 0.600175154209137 0.437240794301033 0.349931612610817 0.572834467887878 0.500498357415199 0.307012164592743 0.551277041435242 0.610300451517105 0.520132368803024 0.999891346693039 0.279542599618435 0.459083303809166 0.482479429244995 0.381204345822334 0.377379724383354 0.477310264110565 0.621925014257431 0.301077964901924 0.55026890039444 0.815207690000534 0.236699992418289 0.913659650087357 0.345442289113998 0.966836225986481 0.270584380626678 0.196071416139603 0.268402560055256 0.237944015860558 0.174995003640652 0.166123135387897 0.244857124984264 0.37947281897068 0.414224879443645 0.406245961785316 0.367244364321232 0.401649990677834 0.185156598314643 0.662065464258194 0.848796433210373 0.461800938844681 0.419758182764053 0.456364503502846 0.382160291075706 0.25823360234499
0.842390507459641 0.879849976301193 0.896764600276947 0.852721828222275 0.612845349311829 0.703765112161636 0.732669299840927 0.46498609483242 0.995343005657196 0.624902629852295 0.588043415546417 0.296121050417423 0.45566720366478 0.375764378905296 0.290825137495995 0.259449850022793 0.298337814211845 0.40583022236824 0.158583769202232 0.563283795118332 0.218000134825706 0.495696496963501 0.28965420126915 1 0.492593014240265 0.992355728149414 1 0.587250709533691 0.40846363902092 0.221380610764027 0.209753772616386 0.248331470787525 0.30887910425663 0.259561955928802 0.278574003279209 0.49096617102623 0.772646349668503 0.255439774692059 0.80355761051178 0.654096817970276 0.833045214414597 0.790686011314392 0.862275046110153 0.869715332984924 0.894824981689453 0.872164916992187
