Scripts_&_data/Maxent_result_files_1/Bombus_soroeensis_3.asc
NCOLS 594 
NROWS 330 
XLLCORNER -15 
YLLCORNER 23 
CELLSIZE 0.166666666666667 
NODATA_value -9999 
[rows 220 to 239 of 330, columns 46 to 91 of 594]
0.004520119773224 0.0101835313020274 0.00663919458165765 0.0100124842952937 0.0242804199457169 0.0056817875651177 0.0804281814023852 0.0563312035053968 0.0308090555481613 0.0162759678438306 0.0348273251205683 0.0158816263079643 0.0151730623096228 0.0152574308216572 0.0245441323146224 0.00840758914127946 0.0064579552039504 0.0100180860608816 0.0295237097889185 0.0132954495958984 0.0228036906570196 0.0634852930903435 0.10552231669426 0.431706392765045 0.239572682976723 0.0819885645061731 0.0135742438025773 0.0221511516720057 0.118267708271742 0.0199651501141489 0.0127940244972706 0.01173649225384 0.0125761308940127 0.00754900251049548 0.00647643553093076 0.00767153687775135 0.00621163917239755 0.0121235518949106 0.00628909519873559 0.0030609815265052 0.000900207455589452 0.00215331360232085 0.00211464572348632 0.00752730341628194 0.0021168117702473 0.00281398216611706
0.00388994566164911 0.00463541266217362 0.00597365954308771 0.00667356294579804 0.0193190360907465 0.0558121878653765 0.048648271523416 0.0223383607342839 0.0405240945518017 0.0217704592272639 0.0174467317759991 0.0180807173252106 0.0167332405224442 0.0166055676527321 0.0155715062282979 0.019859491661191 0.0422631822526455 0.0139764933846891 0.0522362425923347 0.0583313696086407 0.121025003492832 0.182795089483261 0.289972499012947 0.125359116494656 0.0926181681454182 0.0369097141548991 0.0107617887668312 0.0157907919026911 0.0167579422704875 0.0259604732505977 0.0284401112236083 0.0324691968038678 0.0246704407036304 0.0225782121531665 0.0136026658117771 0.00587725176010281 0.0173395628109574 0.0146349670365453 0.00917410769034177 0.00946718477644026 0.00327134969993494 0.00258064098889008 0.00640795417129993 0.003065391787095 0.00446533580543473 0.00356939844787121
0.00832043625414372 0.012176704860758 0.0179358644410968 0.00739811663515866 0.0276700727175921 0.0224178628064692 0.015840402059257 0.0388942711986601 0.0524657942354679 0.14498785212636 0.058814363181591 0.0174568651244044 0.0189496146515012 0.0186257300898433 0.0182310069911182 0.0161476785317063 0.0639588225632906 0.028735139220953 0.0246198385953903 0.230864876508713 0.33485866189003 0.269063115119934 0.0113586346618831 0.00934609076939523 0.00756076392717659 0.0224919142201543 0.0180507712066174 0.0265727370977402 0.0187187721952796 0.0184120317921042 0.0121256797574461 0.0312247829511762 0.027374080941081 0.0182275204919279 0.0253333151340485 0.0123910770751536 0.0145922232884914 0.0249812178313732 0.0178682845085859 0.0044806006597355 0.00611291865352541 0.0108484487980604 0.00314794214209542 0.00754580665379763 0.0075937989866361 0.0172937413677573
0.00666611818596721 0.0222437990829349 0.0150733649730682 0.0116018372238614 0.0183175461133942 0.0252768862061203 0.0260755192022771 0.0211294981651008 0.0220566844101995 0.0455787220969796 0.0513400204479694 0.038868049159646 0.0644304491579533 0.0811963319778442 0.0809054501354694 0.0152389385737479 0.0116539460606873 0.0269192688167095 0.109393811225891 0.24253123998642 0.0785955302417278 0.0250701207667589 0.011504071787931 0.00871729720383882 0.0153615190647542 0.00892891548573971 0.0313123762607574 0.0149110140278935 0.00506234300555661 0.0214624030515552 0.0247321388684213 0.0392191061750054 0.0277001996524632 0.0306242825463414 0.0303428271785378 0.0121707210782915 0.0194622760638595 0.0284721313044429 0.0320141802541912 0.02563331509009 0.013159361295402 0.0232234910130501 0.00637751622125506 0.0969530776143074 0.0567942954599857 0.0652456004172564
0.0106344225350767 0.0213687702082098 0.0182478801347315 0.0144698606571183 0.0159337071236223 0.0153796884231269 0.0803590254858136 0.0399358528666198 0.0278848423622549 0.0287702633067966 0.0261659667827189 0.0492424715310335 0.0354808376170695 0.123032154887915 0.0313433475792408 0.0444172386080027 0.0102045839186758 0.0108046474866569 0.0107925418764353 0.0213481347076595 0.00485751943197101 0.00820043085841462 0.00929261273704469 0.0210230805911124 0.0142740179784596 0.0285058237612247 0.0222735883668065 0.00537428923416883 0.0173236118629575 0.0276705550029874 0.0832280490547419 0.132593086361885 0.125718297064304 0.114688984304667 0.0963753953576088 0.0343564974144101 0.01640390669927 0.0222254575230181 0.0352038538083434 0.0542683474719524 0.0587349209934473 0.0478007335215807 0.0191518124192953 0.0467425018548965 0.0527613572776318 0.00683565996587276
0.0212709370534867 0.0287849982269108 0.0233542029280215 0.0190390168689191 0.0102782186120749 0.0221824414096773 0.00488505004323088 0.0151348941959441 0.0371458580717444 0.0776016924530268 0.0441884176805615 0.0437083492055535 0.127309030294418 0.102107691019773 0.0397946884855628 0.0283027122728527 0.0686841867864132 0.00928135162685067 0.0054722732398659 0.01827357634902 0.00910368617624044 0.135339800268412 0.00427816572812685 0.00800008525839075 0.0036051929811947 0.00646307861898094 0.00484380249399692 0.00192598490975797 0.0211688375100493 0.00874072513543069 0.0182954041287303 0.126844380050898 0.239780282974243 0.420366442203522 0.0567323427647352 0.0408714432269335 0.0164462194778025 0.0315804291516542 0.024829235393554 0.0783900119364262 0.440094164013863 0.163713310658932 0.0576170828193426 0.0194772876799107 0.0118771086912602 0.0113973246887326
0.0278778564184904 0.0127839425578713 0.0113896391820163 0.0288930537644774 0.0190762034850195 0.00763248591683805 0.00185720300069079 0.00498547808965668 0.019906342215836 0.129372387379408 0.0964760713279247 0.107238018512726 0.0788330920040607 0.0751403853297234 0.0519611492753029 0.0341779721900821 0.0230197838507593 0.00832378483610228 0.0134446192649193 0.00353686097078025 0.00519362373743206 0.0084816794609651 0.00269509828649461 0.00685685320058838 0.00345917697995901 0.00821293639019132 0.00357462003594264 0.0147349356673658 0.00731251058168709 0.0105129121802747 0.021828256174922 0.0455975908786058 0.0498448640108109 0.162771593034267 0.0724965766072273 0.0565807156264782 0.0132297209464014 0.010221985494718 0.0105542264413089 0.00915503725409508 0.0258357606828213 0.107021755725145 0.037616915255785 0.00693293169606477 0.0103021100629121 0.00746307321824133
0.00460914709838107 0.00754264222923666 0.00139054064056836 0.00262530566542409 0.00330652107659262 0.00345836829801556 0.00336159925500397 0.00326819950714707 0.00653586282860488 0.00973260456230491 0.0135039621964097 0.00745775853283703 0.00261685752193443 9.21618349135733e-05 0.00745853330008686 0.0260631382465363 0.0132917469367385 0.00552987842820585 0.00434468504972756 0.0049311836482957 0.00650382442399859 0.00291911556851119 0.00393031280254945 0.00210619876161218 0.00293169617652893 0.00441799133550376 0.0044060569955036 0.018020036444068 0.02026586830616 0.0101298235822469 0.0129246738739312 0.0620420545339584 0.00838116561062634 0.024167990218848 0.0228323246352375 0.0130775018595159 0.0141171840019524 0.0298225132748485 0.0203376553952694 0.00840354668907821 0.0157939931377769 0.0154612350743264 0.00719514540396631 0.00684503552038223 0.0165758907794952 -9999
0.00329930682783015 0.00215306635654997 0.00205274053587345 0.00146577088889899 0.00247449624293949 0.00421046518604271 0.00296449894376565 0.00083949918844155 0.00182248029013863 0.00247955127852038 0.00326768286759034 0.00197458856855519 0.00261035957373679 0.00488683904986829 0.0165470895823091 0.0329938219860196 0.00376734475139529 0.00327965244650841 0.000264174925850791 0.00387974162003957 0.00155341330682859 0.00173005071701482 0.00274579325923696 0.00703864647075534 0.00598697080276907 0.0049304598942399 0.00695783705450594 0.00883156759664416 0.0143179198727012 0.0223838614299893 0.0043108511948958 0.00694173173978925 0.00916600238997489 0.00846442885231227 0.00948299579322338 0.0088457465171814 0.0141381906811148 0.00943245962262154 0.0199781880713999 0.0222204837948084 0.0125469267833978 0.0228524175472558 0.0144726985599846 0.0161691282875836 -9999 -9999
0.00335097701463383 0.00261788296629675 0.00179515587515198 0.00146397700154921 0.00139771517569898 0.00413933439413086 0.000795019651559414 0.00158842160162749 0.00125171760155354 0.00126205891137943 0.00225587514578365 0.00122629099205369 0.00346237629419193 0.00974000114947557 0.00419314638129435 0.00880552917951718 0.00750867472961545 0.00316789775970392 0.00277890719007701 0.00228654507664032 0.00240316282724962 0.00377825114992447 0.00185808920068666 0.00490566219668835 0.00745874191634357 0.00209035927546211 0.00414766387548298 0.00440344864036888 0.00768274171277881 0.0109410377219319 0.0194975525140762 0.00811946433968842 0.00866348226554692 0.00206890175468288 0.00160918883630075 0.00393743993481621 0.0110047085676342 0.0137828200589865 0.00408111719880253 0.00601130925351754 0.00431563270976767 0.00312821420375258 0.0115130193065852 -9999 -9999 -9999
0.00233183630334679 0.00109570171698579 0.00198537113028578 0.00303152549895458 0.00212007365771569 0.00183280035562348 0.00147861761506647 0.00123358798300615 0.00231805469084065 0.00269082073646132 0.00201779321359936 0.00431643130723387 0.0187477541621774 0.00266318348585628 0.00219554660725407 0.00489053835626692 0.00248238210333511 0.00924661888275296 0.00381256940308958 0.00546661798143759 0.00397720119217411 0.0026504832378123 0.00184125154628418 0.00203159642405808 0.00203415418509394 0.00267854778794572 0.00224966718815267 0.00574841303750873 0.00270991417346522 0.00572357927449048 0.0130750022828579 0.00819654050283134 0.00556939959060401 0.00419058697298169 0.00345980520360172 0.00302326052915305 0.0077456334605813 0.0148202646523714 0.00740965369623154 0.00258860106696375 0.0022748984163627 0.00419065533205867 -9999 -9999 -9999 -9999
0.00183118939166889 0.00318777374341153 0.00165413257054752 0.00155936032533646 0.00204621751327068 0.00424499221844599 0.00215413000260014 0.00153667596459854 0.00239952164702117 0.00249024986696895 0.00341250498313457 0.01155627053231 0.002803808322642 0.00316452590632252 0.00189862220431678 0.00177043884032173 0.00253452610049862 0.00481127372477204 0.00467806083615869 0.00161857027269434 0.00185114534106106 0.00448509182897396 0.00201758748444263 0.00223497724800836 0.00351340831839479 0.00170084915589541 0.00172700510302093 0.00604056562297046 0.0050081706373021 0.00319483780767769 0.00369046793784946 0.00274170432821848 0.0113476035185158 0.00814699837937951 0.0040775450412184 0.00389554633875377 0.00228474406758323 0.00422762660309672 0.00767672269139439 0.0027746285428293 0.00304677236126736 0.0284525367431343 -9999 -9999 -9999 -9999
0.00494819511659443 0.00183556035335641 0.00122295440596645 0.000437013975169975 0.00166502084466629 0.00181981849600561 0.00224332245707046 0.00227407656639116 0.00211420094565256 0.00331163045484573 0.00218249579775147 0.000874504860086667 0.00353535572066903 0.00581378113711253 0.0109492059098557 0.0026189702708507 0.002985065971734 0.00565550200408325 0.00782743461895734 0.00284908144967631 0.00353091658325866 0.00270009820233099 0.00160439620958641 0.00238481193664484 0.00298208352178335 0.00260963537730277 0.00262351565761492 0.00548763482365757 0.00550724428612739 0.00436380754690617 0.00382079856935889 0.00788444667123258 0.00839553726837039 0.00407627599779516 0.00566750708967447 0.00537993919569999 0.00183716014144011 0.000815436732955277 0.00461759010795504 0.00333677025628276 0.00214814897044562 0.00919298504013568 -9999 -9999 -9999 -9999
0.00310941865027416 0.00178413686808199 0.00201574218517635 0.00246004328073468 0.00170772326819133 0.00217814878269564 0.00276456725550815 0.00321702655928675 0.00116217948670965 0.00168679542257451 0.00333048338070512 0.00411400238517672 0.00429802013095468 0.00467575509101152 0.0035292286251206 0.00329027699772269 0.00424053961760365 0.00368434879055712 0.00177153539261781 0.00268560194526799 0.0019637057906948 0.00363901001401246 0.00265600273851305 0.00490266324486583 0.00497069975826889 0.00269223857321776 0.00253052814514376 0.0025486106693279 0.00429764944128692 0.00236704194103368 0.00366356777958572 0.00361420530825853 0.0233855983242393 0.00673792846500874 0.00288127418607473 0.0067878729198128 0.00297360245604068 0.00123388347565196 0.0064380512572825 0.00299685025820509 0.00100121381110512 0.013793740933761 0.00954703052993864 -9999 -9999 -9999
0.00340502334292978 0.00149366264231503 0.00501514715142548 0.00114523455849849 0.00277036317274906 0.0127310800831765 0.00523862283444032 0.00267963658552617 0.00288279378437437 0.00118022699607536 0.00199335785582662 0.00128414733335376 0.00386053308611736 0.00424410719424486 0.00299790051940363 0.00350527284899727 0.00526292886352167 0.00386947592487559 0.00360799300251529 0.00481238467618823 0.012397681735456 0.00186911528580822 0.00182470529398415 0.00131696025200654 0.00228726946515962 0.00281366646522656 0.00343969741952606 0.00314515272038989 0.00267791145015508 0.00407379750395194 0.00243912935839035 0.00509031664114445 0.00762854479253292 0.00455500257667154 0.00329540595412254 0.00367474098457023 0.00327206823276356 0.00200312327360734 0.00186804544646293 0.00264947118121199 0.00187698703957722 0.00314873799216002 0.0134059853386134 0.0205919429194182 -9999 -9999
0.00279125217930414 0.00293579056160524 0.00303300658124499 0.00213395721511915 0.000815749060711823 0.00173658327257726 0.00392731255851686 0.00177393162230146 0.00203496742178686 0.00715804265346378 0.00211257867049426 0.00751622687093914 0.00972077182959765 0.00171396911464399 0.00218431545217754 0.00149983296869323 0.00322075530420989 0.00586347865173593 0.00734903269913048 0.00578249317477457 0.00427161071565934 0.00149576450057793 0.00181515473232139 0.00278712151921354 0.00158898774825502 0.00161196248081978 0.00236748222087044 0.00388109696214087 0.00271454776520841 0.00558479591272771 0.00448793696705252 0.00577462174696848 0.00299527429742739 0.00300174196017906 0.0056658792309463 0.00509703011484817 0.00356474371510558 0.00564801224973053 0.00376115717226639 0.00388683397322893 0.00549963319208473 0.00593572636134923 0.00452448498690501 0.00500985748367384 0.00687513598240912 -9999
0.0012641191642615 0.00113637486065272 0.00151125737029361 0.00370897058164701 0.00217946257325821 0.000442971786833368 0.000326495970512042 0.00199960517929867 0.0016748812966398 0.00621683186618611 0.00204584069433622 0.00499520925804973 0.002727211517049 0.00387008447432891 0.00187465098424582 0.0017947654298041 0.0045464959111996 0.0103381711989641 0.0051670266664587 0.00474016258958727 0.0024311323009897 0.0045642938115634 0.00297026446496602 0.00290108676417731 0.00439379693707451 0.00163351585506462 0.00295823904452845 0.00502813386556227 0.00345763696241193 0.00431532876100391 0.00142695817048661 0.00192882111878134 0.00422421888797544 0.00243348674848676 0.00218145572580397 0.00220102822058834 0.00305047064903192 0.0045128106023185 0.00320356885204092 0.00209812003886327 0.00302506035077386 0.00399603804107755 0.00299023678526282 0.00370679922634736 -9999 -9999
0.00161349105474073 0.00176262875174871 0.00213590243074577 0.00373229358810931 0.00242061951721553 0.00609058064874262 0.00421252968953922 0.00202868955093436 0.00444353729835711 0.00231237683910877 0.0047915335628204 0.0074434827780351 0.00429378152475692 0.00726531994296238 0.00478344212751836 0.00366037564235739 0.00272190923860762 0.0024269466070109 0.00238391119346488 0.0017691022483632 0.00250994099187665 0.00308549252222292 0.0013202706904849 0.000975468693650328 0.00312542456085794 0.00137264077202417 0.00128423925198149 0.00322184746910352 0.00286088709835894 0.00809661960229278 0.00202628511469811 0.00192922438436653 0.00504178086412139 0.00272381702670828 0.00283526847488247 0.00251483382016886 0.00235014092468191 0.00473401972558349 0.000296016713701652 0.00381545747513883 0.00358455605746713 0.00269270158023573 -9999 -9999 -9999 -9999
0.00170955593639519 0.00184113158466062 0.00245381777349394 0.00414363872841932 0.00258944215602241 0.00567555091693066 0.00303320420207456 0.00478653240134008 0.00560949987266213 0.00252642757259309 0.00492314824368805 0.00322686666040681 0.00263787639560178 0.00419349514995702 0.00148178253439255 0.00106326728127897 0.00280890642316081 0.00139861485513393 0.00383646141272038 0.000857840957905864 0.00529461540281773 0.00106262686022092 0.00195137330592843 7.55654973705333e-07 0.00178378546261229 0.00159738468937576 0.00151641391857993 0.00172974076122046 0.0231144342571497 0.00263212899444625 0.00202186794485897 0.00217380166286603 0.00193667277926579 0.00199188669794239 0.0020397692656843 0.00298481760546565 0.00125266116083367 0.00214954126859084 0.00152304911753163 0.0020546862797346 1.3719755838415e-06 -9999 -9999 -9999 -9999 -9999
0.00199770897452254 0.00128900066483766 0.00151120810915018 0.00166797793353908 0.00403034269693308 0.00243653951329179 0.00691802739165723 0.00126543953811051 0.00250262469926383 0.00314794411242474 0.00085123485623626 0.000395175642916001 0.00075674225736293 0.00243493606685661 0.00347106674453244 0.00102462838913198 0.00259452101599891 0.00178653780312743 0.00385115769458935 0.00747542878380045 0.0042512972606346 0.00270661630784161 0.00100854913180228 0.000533462079278557 0.0030612422619015 0.00235974184470251 0.00965229915454984 0.0140340766869485 0.0151708795689046 0.0139468492940068 0.00842781323008239 0.00579297406366095 0.00171388804446906 0.00138252727629151 0.0017086312873289 0.00142416249145754 0.00179297318099998 0.00216345619410276 0.000793983665062115 0.00408916814485565 -9999 -9999 -9999 -9999 -9999 -9999
