Scripts_&_data/Maxent_result_files_1/Bombus_pomorum_3.asc
NCOLS 594 
NROWS 330 
XLLCORNER -15 
YLLCORNER 23 
CELLSIZE 0.166666666666667 
NODATA_value -9999 
[rows 126 to 146 of 330, columns 414 to 459 of 594]
0.025025319121778 0.0216846214607358 0.014383155759424 0.035665219835937 0.0169807029888034 0.027063443697989 0.035865999571979 0.0225541308522224 0.0198337055742741 0.0580540683120489 0.0154534048400819 0.0213920710608363 0.0157423656433821 0.0173345815390348 0.0201253260485828 0.0166382264345884 0.0572177968919277 0.107424421608448 0.0999450691044331 0.0771648466587067 0.0108200551010668 0.0563477575778961 0.015006591193378 0.0128928060643375 0.0140443959273398 0.0153377912938595 0.0161234821658581 0.023644198756665 0.0173875467851758 0.0214291627518833 0.0125240734778345 0.0183804758824408 0.0257282133214176 0.0191598215140402 0.0684311307966709 0.0508975790813565 0.0083029760979116 0.00558504196815193 0.010593712516129 0.711764764785767 0.0263793314807117 0.0136332872323692 0.00534560517407954 0.00753762940876186 0.00901617920026183 0.0053627525921911
0.0464057711884379 0.0129403452388942 0.026582801900804 0.0380729984492063 0.0379730047658086 0.0223139947280288 0.0336116341874003 0.026006936840713 0.0235178692266345 0.0148546079173684 0.02529357355088 0.0210469470359385 0.024238433688879 0.0292426481842995 0.0131019568070769 0.0239034563302994 0.0390193307772279 0.0821723461151123 0.0847743190824986 0.0140168808400631 0.0245557172223926 0.0148429391905665 0.0824534825980663 0.0452814169228077 0.030166027136147 0.0108689386863261 0.0193386872299016 0.023924164287746 0.0157124171033502 0.0180252895690501 0.0171000359114259 0.0104571435134858 0.0277728833258152 0.0170661154203117 0.018131281202659 0.064347231015563 0.00517863093409687 0.0189623177982867 0.0258062582463026 0.366039054095745 0.0913142956793308 0.0250701144337654 0.014657224342227 0.0323957672342658 0.0213214877992868 0.0258266812190413
0.00951278358697891 0.0203354654833674 0.0156063417904079 0.0146471206098795 0.0148758692666888 0.0565339412540197 0.0448917653411627 0.0599437650293112 0.0474516950547695 0.0298022367060184 0.0221148720011115 0.0581396766006947 0.0649141203612089 0.0519523780792952 0.027575177513063 0.0167405384592712 0.0230502419173718 0.0577696930617094 0.0139856561087072 0.0174384297803044 0.007549242163077 0.0191920784767717 0.0493710836395621 0.0652120348066092 0.0335341347381473 0.0369542445987463 0.0122152803465724 0.0135182023048401 0.0182184037286788 0.0180455298628658 0.0178120006807148 0.00319668031297624 0.00426423018798232 0.0448243035003543 0.0186265389900655 0.0231304586865008 0.0185370050370693 0.0281205225735903 0.017129119951278 0.0224170947447419 0.0139680429361761 0.0134764884598553 0.0571584505960345 0.0135045544244349 0.0610712304711342 0.076850326359272
0.0186687961220741 0.0162669355049729 0.0149544993415475 0.0246254321187735 0.0315954739227891 0.0982679523527622 0.125509233027697 0.116506626456976 0.114350602775812 0.13089387267828 0.0627427883446217 0.0855586625635624 0.0928194113075733 0.0741152435541153 0.0206126525998116 0.0154177197255194 0.0248467292636633 0.0199988468550146 0.012750297691673 0.0216088357381523 0.0200610665604472 0.0209940148051828 0.0246106829494238 0.111782160401344 0.11223329231143 0.100519738346338 0.105411010980606 0.0234083137474954 0.0187954497523606 0.0137434853240848 0.0421883879229426 0.0175814938731492 0.0181595584843308 0.0178775074891746 0.0225496609695256 0.013212648127228 0.00390550408046693 0.0274055197834969 0.0198224735911936 0.00453212421853095 0.00482624359428883 0.0327678944915533 0.0164293308742344 0.0118362737819552 0.024899994302541 0.0565506575629115
0.130764288455248 0.0253178983926773 0.026914338581264 0.0520972713828087 0.100712168216705 0.188354256749153 0.120742879807949 0.126386097818613 0.0759148202836513 0.0512133177369833 0.0395834902301431 0.0628437373787165 0.0441895715892315 0.0499796997755766 0.0153711927123368 0.0153791986405849 0.0184473211877048 0.0150957706384361 0.0126966401003301 0.0153028575703502 0.0301538874395192 0.0215043777134269 0.0217779458500445 0.0448968157172203 0.105764458328485 0.113002316653728 0.113477074354887 0.0842935457825661 0.0490300126373768 0.0340946624055505 0.0687652844935656 0.0301941141486168 0.0260183684527874 0.0185721350833774 0.0179262259975076 0.0158621689304709 0.0181335449684411 0.0145300386473536 0.012362752109766 0.0160970527678728 0.0242647492326796 0.0146873305551708 0.0241682648658752 0.0192065563052893 0.00604329057969153 0.013068719021976
0.0333208059892058 0.148160476982594 0.133344864100218 0.124390576779842 0.124463964253664 0.121703959256411 0.122364246845245 0.112060689181089 0.12996294721961 0.136997471749783 0.0571183133870363 0.0893377274274826 0.125437942892313 0.0295116905122995 0.0382343165576458 0.0841470085084438 0.0595294754952192 0.0508188348263502 0.0139135890640318 0.0143217222765088 0.0216777613386512 0.0215524046681821 0.0220783362165093 0.0153100474737585 0.0732931848615408 0.0792129434645176 0.110070046782494 0.0873135447502136 0.011805617203936 0.0149209273047745 0.0183313886635005 0.0427356988191605 0.0243776331655681 0.0130436720326543 0.0120031299069524 0.0179635500535369 0.00522893161978573 0.0468681145459414 0.00415247743949294 0.00578110688365996 0.0203714959323406 0.0457108434289694 0.0348491316661239 0.0174146587960422 0.0280506351962686 0.0204474560916424
0.129370931535959 0.128476241976023 0.10573723167181 0.0479767113924027 0.0193988871760666 0.0573572508990765 0.0933239877223968 0.127740886062384 0.129231909662485 0.132182112336159 0.125172896683216 0.137542809545994 0.121385192871094 0.0951709173619747 0.134709700196981 0.123855559527874 0.130451606959105 0.0448541633784771 0.0185556972399354 0.022491186670959 0.0121438321657479 0.021270397445187 0.0223195925354958 0.0334480747580528 0.114411879330873 0.0817317791283131 0.112438005208969 0.0837981559336185 0.0361338332295418 0.0248279650695622 0.0204551421105862 0.0421885151416063 0.0140799654647708 0.0107769169379026 0.0235452365130186 0.0124326881021261 0.00554658486507833 0.0176683172117919 0.00697908098809421 0.0131192455068231 0.0174295863136649 0.0287468511611223 0.0290946681052446 0.0481955390423536 0.0435719303786755 0.0505688119679689
0.0400879325345159 0.0752076424658299 0.0979388631880283 0.0938311353325844 0.0137406442314386 0.025336891785264 0.127776818722487 0.114052285254002 0.112271690368652 0.122650311142206 0.0845065720379353 0.121905658394098 0.0463848873972893 0.0893212750554085 0.120104195177555 0.100653477013111 0.0686010550707579 0.00568493604660034 0.0265781944617629 0.0176046724431217 0.00634829606860876 0.00954897883348167 0.00637341090478003 0.073743112757802 0.105144762247801 0.0938223421573639 0.106560051441193 0.0827585309743881 0.0776807025074959 0.0554337810724974 0.0463949151337147 0.0244426941499114 0.0132487411610782 0.0146283583715558 0.0217546719126403 0.00548206113744527 0.0066752627491951 0.018896994041279 0.00413695801980793 0.0096934009809047 0.141949563100934 0.0137173475697637 0.0224659853614867 0.0328400479629636 0.0315056018531322 0.00446747960522771
0.114706762135029 0.0961757205426693 0.0934913858771324 0.111404726654291 0.106598906219006 0.0544201709330082 0.0672197621315718 0.0473286531865597 0.0558854233473539 0.109292580932379 0.0973482109606266 0.10159051194787 0.0359773349016905 0.0246099781244993 0.0237129908055067 0.0300585858523846 0.018791757710278 0.0300824085250497 0.0240044230595231 0.0221941269002855 0.0227232269477099 0.00887022446841002 0.0224669837392867 0.0777933821082115 0.0817604880779982 0.108515863865614 0.108864416182041 0.0979922331869602 0.0369909157976508 0.0407333601266146 0.0319901006296277 0.0119270658120513 0.0115544728003442 0.0202014422975481 0.0179103463888168 0.0181386638432741 0.0196285572834313 0.0133049347437918 0.00299043861450627 0.00629472602158785 0.0313436504453421 0.0669751770794392 0.0469232454895973 0.0497459854930639 0.0362579291686416 0.00838097529485822
0.094730781018734 0.116722602397203 0.115965546667576 0.107929033041 0.0885830119252205 0.141414657235146 0.0899140790104866 0.117528925836086 0.117003858089447 0.132525054365396 0.0548207640647888 0.0683712337166071 0.0745927751064301 0.0542292021214962 0.0454787082970142 0.0244875758886337 0.00635149537120014 0.0280697650276124 0.021387890027836 0.0217904613353312 0.0210553620941937 0.0216168470680714 0.0124191582202911 0.11733077019453 0.105322040617466 0.107483367621899 0.0999104984104633 0.104794044792652 0.0598312355577946 0.0538855265825987 0.0304220803081989 0.0101940133608878 0.0158917522057891 0.0190436184406281 0.0290600953623652 0.0188887800090015 0.00373621694743633 0.00717704617418349 0.0183396147564054 0.0678725332021713 0.0749425359070301 0.0467848535627127 0.0498585741966963 0.0128925615921617 0.0335978321731091 0.0331843376159668
0.0835400603711605 0.0824443116784096 0.0911308959126473 0.0907265827059746 0.092752431333065 0.114995048940182 0.106008042395115 0.10478903055191 0.0850404925644398 0.0961193047463894 0.0624579768627882 0.0591102842241526 0.0661877315491438 0.0546948846429586 0.106806646287441 0.0537228092551231 0.0244457438588142 0.0226387008093297 0.0209765694104135 0.00333512504585087 0.00689962115138769 0.0125744545832276 0.0140945869497955 0.0142425706610084 0.0495611384510994 0.0933839127421379 0.0946148872375488 0.0791748318821192 0.0897156961262226 0.0264888912439346 0.0160039799287915 0.0233737329952419 0.0208403702825308 0.032340832427144 0.0176772957667708 0.0036194606218487 0.00923549551516771 0.0089649073779583 0.0481256816536188 0.0749915271997452 0.0714278656989336 0.0573665574193001 0.0522512689232826 0.068667521327734 0.577403353154659 0.0202832127921283
0.0931866019964218 0.107396983355284 0.0906918860971928 0.0902518540620804 0.0861667595803738 0.0824278309941292 0.0838923238217831 0.10257286131382 0.117151065170765 0.104078451544046 0.0588492464274168 0.155348458141088 0.0224005110561848 0.098080849647522 0.0576204590499401 0.114994591474533 0.017233051173389 0.0147626452147961 0.0302330452948809 0.0137907965108752 0.00316725764423609 0.0243235326372087 0.0218179486691952 0.026750124245882 0.0658339492976665 0.0124827360734344 0.0118365322705358 0.0424841023981571 0.0126672369427979 0.0850655013695359 0.00896874042227864 0.0157556901685894 0.0109840300865471 0.0036162153352052 0.0304025266319513 0.0164641443639994 0.0255465363152325 0.00456626950763166 0.0254032289609313 0.0621713969856501 0.0649011559784412 0.0539880570024252 0.0515145413577557 0.0552085211500526 0.773103082180023 0.124699610471725
0.107486453652382 0.0727894630283117 0.0938374936580658 0.0802720330655575 0.0850180976092815 0.0794406063854694 0.0835791572928429 0.0824091590940952 0.0788732036948204 0.0768121838569641 0.086904376745224 0.0761682588607073 0.218407613039017 0.036218249425292 0.0307254636660218 0.0444953292608261 0.0271701484918594 0.0136904017999768 0.0218392878770828 0.0211033280007541 0.00407687432598323 0.00642894459888339 0.00820303913205862 0.0252517402172089 0.0344495628029108 0.0153276724740863 0.0295245653018355 0.013682712521404 0.0268927417695522 0.00478613805025816 0.0183351221494377 0.00712222675792873 0.0175141173880547 0.00270824878243729 0.0127309218049049 0.040061043202877 0.0614745151251554 0.0261833973228931 0.241049993038177 0.0629590541124344 0.0616933986544609 0.0541119523346424 0.0545635506510735 0.0494912013411522 0.0403635179623961 0.0357505461201072
0.0935233436524868 0.0585781507194042 0.0994235821068287 0.0906345002353191 0.0749830529093742 0.0787828296422958 0.0771534509956837 0.0811412055045366 0.10376115962863 0.0827623955905437 0.0436562072485685 0.193762375414371 0.0795935973525047 0.0675840552896261 0.093316638469696 0.066800295189023 0.0308909071609378 0.0201416512951255 0.0112575208302587 0.012277408502996 0.00867660115472972 0.00830846317112446 0.0102063997648656 0.0205340519547462 0.0132791305892169 0.0163913254160434 0.00896979863755405 0.0184962972532958 0.0184243285097182 0.00810480634681881 0.00348935718648136 0.00800847378559411 0.0030815226607956 0.017677632253617 0.0964780300855637 0.0915668129920959 0.0932220824062824 0.0823591373860836 0.0646623551845551 0.0370658168569207 0.0220416247844696 0.0408040717244148 0.0464558731764555 0.060734698548913 0.0395890224725008 0.00728196180425584
0.0818300649523735 0.0889133982360363 0.0785516709089279 0.0726877082139254 0.0759255904704332 0.0772407442331314 0.101902779191732 0.0748596977442503 0.0844158016145229 0.0885035753250122 0.0671416770666838 0.165119276940823 0.0686501983553171 0.0669953633099794 0.0549080744385719 0.0334120767191052 0.0109945096541196 0.0163726285099983 0.0137534467503428 0.00870583904907107 0.00559417139738798 0.0112703046761453 0.00577769414521754 0.0166032940149307 0.00308082054834813 0.0144513983279467 0.00902502755634487 0.00997314639389515 0.00719483466818929 0.00647321757860482 0.00524009766522795 0.0117381053976715 0.0282331455498934 0.0766004521399736 0.0645859859883785 0.0815060965716839 0.0598495502024889 0.0611915871500969 0.063465715572238 0.0535774935036898 0.0129603927023709 0.0442571375519037 0.0291746973991394 0.0557112358510494 0.0366057205945253 0.012653785571456
0.0819797463715077 0.075474439561367 0.114940444380045 0.0773563489317894 0.0739657670259476 0.0683671779930592 0.0685833938419819 0.0671091817319393 0.0754444278776646 0.0561762638390064 0.0889673136174679 0.0565120849758387 0.067934450507164 0.0832764357328415 0.0885113976895809 0.0500176001340151 0.0591915968805552 0.0202655732631683 0.0132028124295175 0.00860661561600864 0.0148592059500515 0.00518734189681709 0.0178592728916556 0.0104207001626492 0.0204386332072318 0.0051453109132126 0.00923441718332469 0.0130813919007778 0.020791070535779 0.0216956566087902 0.016584126278758 0.0436901900917292 0.0321554969996214 0.0723116394132376 0.0632563669234514 0.051989559456706 0.0566508680582046 0.0429971957579255 0.0398791924118996 0.0379910364747047 0.0541583176702261 0.0291022215038538 0.0276954051107168 0.0379094844684005 0.0262022605165839 0.00639294807333499
0.0851928241550922 0.0651607375591993 0.0332411147654057 0.0579947892576456 0.0698147881776094 0.0679252676665783 0.0824153251945972 0.0697295870631933 0.0736485280096531 0.0765914216637611 0.0840414896607399 0.0898502565920353 0.0919148340821266 0.0558839611709118 0.0798989046365023 0.0831763416528702 0.024368854612112 0.00904473112896085 0.00206511677242815 0.00410886451136321 0.0135435725562274 0.0259986691176891 0.0185616118367761 0.00836701197549701 0.0153686046600342 0.0151067569851875 0.00340957976877689 0.0129714234732091 0.0139902887865901 0.0248577726073563 0.0392103333026171 0.0647045079618692 0.048610008880496 0.0567145559936762 0.038306737318635 0.0352421425282955 0.0397766686975956 0.0445317704230547 0.025866224989295 0.0167702429927886 0.03325125426054 0.0358106231316924 0.0255077891051769 0.0236840119585395 0.0229310540482402 0.0248849486932158
0.0905058212578297 0.0873205527663231 0.0703323785215616 0.0724298898130655 0.0694228537380695 0.0590915206819773 0.0617577571421862 0.0786473575979471 0.0719361547380686 0.0779460292309523 0.0958782181143761 0.0978446699678898 0.0568328022956848 0.0588005051016808 0.0565970923751593 0.0116207084618509 0.016609481535852 0.00395750496536493 0.00413194606080651 0.0140246004797518 0.00634773275814951 0.0163418717682362 0.0103641081601381 0.0187985623255372 0.0115766612812877 0.0171073943376541 0.0091300118714571 0.0178780058398843 0.0118873218074441 0.0438190165907145 0.0392954513430595 0.0370543088763952 0.0405399583280086 0.0250497402623296 0.0329471495002508 0.0279544569551945 0.0298553764820099 0.0299390096217394 0.0332638109102845 0.0289926672354341 0.0311641024425626 0.0312973340973258 0.023415519297123 0.0227433033287525 0.0208989034406841 0.124268263578415
0.0742038272321224 0.0719953026622534 0.073768912255764 0.0691350225359201 0.0646932624280453 0.0602379236370325 0.058984948694706 0.0685366716235876 0.069182763621211 0.0781113017350435 0.0794868130236864 0.0889153897762299 0.0373829457908869 0.0943149797618389 0.0185123562812805 0.00762568302452564 0.00775192407891154 0.00540176760405302 0.0123866393929347 0.0191471515223384 0.0174422283656895 0.00687980242073536 0.0091520395129919 0.00930358422920108 0.013885361328721 0.02931146658957 0.0377583269029856 0.0265950794331729 0.0395303074270487 0.0481988467276096 0.0341272186487913 0.0222458615899086 0.0236310586333275 0.033767550997436 0.0307976614683866 0.0245261110365391 0.0224179996177554 0.0268582075834274 0.0383486663922668 0.0257421186193824 0.0266676256433129 0.0237774020060897 0.0112652882933617 0.022692565433681 0.0208338731899858 0.00470801279880106
0.0770051546394825 0.0673178412020206 0.0612081874161959 0.0580796379595995 0.0588106915354729 0.0583760101348162 0.0648654192686081 0.0676653932780027 0.0696180753409863 0.0748769290745258 0.0808062791824341 0.247498063743114 0.0209963729605079 0.0472445197403431 0.0244935337454081 0.00885283704847097 0.00932481228373945 0.00999041334725916 0.00186246472876519 0.00529662519693375 0.00680084782652557 0.0172560616396368 0.00956335929222405 0.0206747277639806 0.00659206937998533 0.0125248699914664 0.0258447050116956 0.0132710017263889 0.0637275695800781 0.0282224977388978 0.0213132500648499 0.0124587595462799 0.0199693563394248 0.0201251842081547 0.0210909023880959 0.0231804963201284 0.00732962288893759 0.00484109099488705 0.0245013996958733 0.0320340286940336 0.0238913331180811 0.0220975594595075 0.0237719711847603 0.0183559177443385 0.021348141413182 0.00785901143681258
0.0587149661034346 0.0547782242298126 0.0531303022056818 0.0554515391588211 0.0605246510356665 0.0889945909380913 0.0846731446683407 0.0682940244674683 0.0680954866111279 0.0668237920850515 0.0716031558811665 0.407783669233322 0.0685242399573326 0.0491705894470215 0.088079396635294 0.0200320918112993 0.0135213748551905 0.0109052670188248 0.00390943689271808 0.0098220834042877 0.00824390896596014 0.0195390466600657 0.0142261419445276 0.00650510531850159 0.00540704592131078 0.0175417145248502 0.0184777600690722 0.0990615263581276 0.0307263877242804 0.0269383681938052 0.0160808903165162 0.00227645640261471 0.0196351508609951 0.0198866565711796 0.0190353026613593 0.0203069555573165 0.0245954301208258 0.0216879149898887 0.0252215299755335 0.0221800956875086 0.0237180097028613 0.00695779535453767 0.0227693163789809 0.0220007340423763 0.0133141175843775 0.0202117652632296
