Scripts_&_data/Maxent_result_files_1/Bombus_lapponicus_2.asc
NCOLS 594 
NROWS 330 
XLLCORNER -15 
YLLCORNER 23 
CELLSIZE 0.166666666666667 
NODATA_value -9999 
[rows 280 to 299 of 330, columns 308 to 351 of 594]
1.30907130024838e-08 6.15652160362856e-08 1.5974822195064e-07 1.84952644977088e-08 1.56086219393892e-08 3.95319849078035e-09 1.98097678261178e-09 8.71068572827483e-10 2.81495282639099e-10 3.95125565599841e-10 4.09391398559222e-10 4.10088141222786e-10 2.15121231939008e-10 2.41516007193354e-10 2.64332489230412e-10 2.94035806813753e-10 2.63420663060288e-10 2.0301467174022e-10 1.91643922953233e-10 1.91094307044892e-10 2.01293037793704e-10 2.12526529708157e-10 2.39782405042632e-10 2.10914941067841e-10 1.46894085784055e-10 1.05327446764392e-10 8.27650614709796e-11 5.42568767691876e-11 3.42674222331141e-11 2.55117371672497e-11 1.12208575764328e-10 2.27912244632478e-11 1.97137750568288e-11 1.6810497438513e-11 1.60515489788793e-11 1.52076795600919e-11 1.53149160020405e-11 1.6922352408244e-11 1.58097868130369e-11 1.41684219912008e-11 1.24028010084487e-11 1.25798149674949e-11 1.38705824603846e-11 1.55808144164382e-11
1.35882522234176e-08 3.56887049690613e-08 4.45354742528714e-08 2.00123548621534e-08 1.57849309401215e-08 2.94766549502334e-08 2.05199939262712e-09 3.02904368254531e-10 4.80925999024606e-10 3.75449349387935e-10 8.11206124495811e-10 1.00950785508758e-09 1.33049304906763e-10 1.30997424019341e-10 1.57295332314789e-10 1.91942328697792e-10 1.96757121706526e-10 1.62946200976677e-10 1.34865685286201e-10 1.4642361767514e-10 1.66787794686485e-10 2.2290432832861e-10 2.07282069286663e-10 1.75467129714946e-10 1.29235555590412e-10 8.81699269150715e-11 5.53301182648625e-11 1.56436597009701e-10 1.0805545347381e-10 2.45802267428985e-11 7.05232872100226e-11 2.12119433129487e-11 1.76817893660086e-11 1.64643187972047e-11 1.45374712268165e-11 1.23399512830247e-11 1.39000255749977e-11 1.64088631571246e-11 1.43128064955533e-11 1.2311651698127e-11 1.31027966254749e-11 1.37460376414822e-11 1.45374157156652e-11 1.40251588121032e-11
2.84689442353603e-08 5.78986879218313e-08 4.29010051705703e-08 1.56424526220889e-08 6.87883933148115e-09 6.88985968277933e-09 9.37929300892648e-10 3.5176961343808e-10 2.77512601787322e-10 1.67165792319679e-10 4.60956839365423e-10 9.27964816099802e-11 1.09808329096239e-10 8.64228244523701e-11 1.00020336457618e-10 1.46878609275092e-10 1.94585403345826e-10 1.88769955222767e-10 1.40241962487409e-10 1.20759113819702e-10 1.58607760258889e-10 2.02194494480779e-10 1.96322424983464e-10 1.4936540893018e-10 1.07529196657907e-10 7.11538272746282e-11 4.71972572135826e-11 2.4514246188545e-11 1.13173814764167e-10 1.98227767533865e-11 2.1282875461992e-11 1.76238690308139e-11 1.61225699457646e-11 1.59148139111664e-11 1.51804901982189e-11 1.17115983577776e-11 1.22519105971719e-11 1.37648448195193e-11 1.17494680651475e-11 1.1722300907735e-11 1.37705402636357e-11 1.55331747464515e-11 1.53774104560966e-11 3.81087827960869e-11
6.72790207323359e-08 5.03340957469511e-08 3.39494840240206e-08 3.42532969543896e-08 1.10336230929597e-08 5.91055137055818e-09 9.88743964480676e-10 1.06391665477545e-09 1.54100170401961e-09 2.27584362466615e-10 2.08878225826936e-10 1.39803202348077e-10 1.07238817825817e-10 9.05908126291877e-11 1.07609499089278e-10 1.27672239447207e-10 1.65274882668598e-10 1.50383172581314e-10 1.21167431643698e-10 1.27619703693682e-10 1.46469547601669e-10 1.66507430066076e-10 1.83617088200805e-10 1.39171607571598e-10 7.84185272273419e-11 5.37487498952771e-11 5.09941533444191e-11 3.77616271585168e-11 3.29936411525011e-11 2.31642593995218e-11 2.05502947991931e-11 1.85021997722856e-11 1.68216662821408e-11 1.6568391103533e-11 1.58103641290097e-11 1.37533651134447e-11 1.14632747738597e-11 1.04635744513359e-11 9.8070773724146e-12 1.07735043108903e-11 1.3237200224836e-11 1.40694011996345e-11 1.29429578166196e-11 1.11400222380098e-11
3.10865778341274e-08 5.73371473300277e-08 5.05277242046631e-08 2.78669386011288e-08 4.48619846160625e-08 2.23445800417998e-08 8.93916676236728e-09 2.67576378831791e-09 1.12746786351536e-09 6.93201818169342e-10 4.1102787839975e-11 1.09548609072974e-09 1.60337032539815e-10 1.44208056607198e-10 1.45525591577211e-10 1.3182152036606e-10 1.20406651316074e-10 1.21190302238006e-10 1.06091258000873e-10 1.04714015236596e-10 1.25293520003567e-10 1.26636334751851e-10 1.46712142434779e-10 1.27976196306889e-10 8.02276911571198e-11 6.78067824111395e-11 5.93832094608615e-11 3.94473009812657e-11 2.914514185548e-11 2.50060971929145e-11 2.28339791519261e-11 2.08464023820909e-11 1.79556480794929e-11 1.58862811794336e-11 1.56029189568585e-11 1.46609724360758e-11 1.29426802608634e-11 1.20281784532494e-11 1.0124900917674e-11 1.02016617375966e-11 1.06716191439205e-11 1.356379453199e-11 1.40081835020567e-11 1.07431397111668e-11
2.1988435294773e-09 4.6128850406113e-09 1.63074237558014e-08 3.12044329375816e-08 2.49782867389747e-08 2.79994699425856e-08 8.02610217176536e-09 3.43441804995237e-09 2.13603025267517e-09 2.98155002909084e-09 1.94958793553468e-10 2.91596746748723e-11 9.05405972417839e-11 9.98803706409035e-11 1.86229875964727e-10 1.31943966863446e-10 1.03562158848547e-10 1.23509036331626e-10 1.04950714785446e-10 1.23929244644216e-10 1.58007806838611e-10 1.62825997129801e-10 1.24247545585376e-10 9.6070718047514e-11 6.47366049655318e-11 9.76291936183316e-11 6.28208152164689e-11 3.85235288113961e-11 3.22223248083731e-11 2.6075852588292e-11 2.15526485547457e-11 1.80354398082727e-11 1.89957716223432e-11 1.69310454545268e-11 1.52600598823938e-11 6.96439794722892e-11 1.55242263488731e-11 1.37793554344512e-11 1.26606725103784e-11 1.12978626454208e-11 9.43910505313283e-12 1.00817465487069e-11 1.17249876474546e-11 1.10299880340392e-11
1.92115915398361e-09 1.32776983852168e-09 3.17587445231027e-09 8.99851181346278e-09 2.22833527074862e-08 1.70521782139055e-08 2.12116575859511e-08 8.51262079715198e-09 3.05092938690521e-09 4.71024338422055e-09 2.12210327088513e-10 4.83940443274378e-11 3.00286573384767e-11 1.64364566401787e-10 1.57595791971943e-10 1.72010028443026e-10 1.69997260712762e-10 1.97487404207664e-10 1.65391922379854e-10 1.65975055921308e-10 1.87877446933271e-10 2.23577523161822e-10 7.77677144903066e-11 3.99374644466377e-11 6.16849349377446e-11 8.42771186171376e-11 6.330688195888e-11 4.98838748086428e-11 3.5528757713621e-11 2.69658406715223e-11 2.13679296479086e-11 1.83424053723513e-11 1.76683334629502e-11 1.56939461426475e-11 1.45657041983327e-11 1.49201206944838e-11 1.64219637888152e-11 1.70406244670573e-11 1.53635104638283e-11 1.31398114611159e-11 1.1301748426007e-11 1.10843223488644e-11 1.04004027612348e-11 1.19098286788244e-11
1.10616359405569e-09 7.80894704455193e-10 1.68458585969589e-09 2.09604179568501e-09 3.06663990867762e-09 1.4850060514604e-09 3.10705733364003e-09 2.50460452377865e-09 8.7205536125623e-10 1.58045349030189e-09 1.56985846544444e-10 8.34327607002194e-11 4.66052418879315e-11 3.3402913768299e-11 1.23604571022895e-10 1.57755475349575e-10 1.79850823123218e-10 1.90015281287259e-10 1.58374557912566e-10 1.41727241054213e-10 1.18076404209688e-10 8.17743206482646e-11 3.66064845103153e-11 1.32230604243944e-10 3.42641470751914e-11 5.62841551143833e-11 5.0451864908041e-11 4.31335189787774e-11 2.92373347754449e-11 2.33440711205901e-11 2.26197838237852e-11 2.07950434649717e-11 1.77086900698953e-11 1.62396651681718e-11 1.40999656395024e-11 1.68301816927396e-11 1.66760494302309e-11 1.64147362369249e-11 1.43760781057267e-11 1.36727407173964e-11 1.38648093006566e-11 1.35326638783795e-11 1.22086452059023e-11 9.96377425011019e-12
1.14189736555304e-09 1.25597549027745e-09 1.64892097753722e-09 7.50626916179442e-10 1.59875556127176e-09 3.57751639423753e-10 7.59410212491929e-10 8.51934556234113e-10 1.76118410966097e-09 8.00756116969836e-10 2.59619159503899e-10 7.64225127625196e-11 1.12959863685091e-10 3.84079101856116e-11 2.46932807534961e-11 1.2385862335762e-10 1.39509337415689e-10 1.51990997565576e-10 1.19161003286905e-10 7.39072802957708e-11 5.71354297207449e-11 4.62110683052686e-11 3.2561631169159e-11 1.6577857975264e-10 3.1442848325014e-11 4.86630180596137e-11 4.96034324726224e-11 4.32233915326208e-11 2.69944622210971e-11 2.03989047875552e-11 1.89075866074973e-11 2.00528815774703e-11 1.78319470300892e-11 1.55795154554994e-11 1.38916322889315e-11 1.45050527144974e-11 1.3821321864782e-11 1.26294530389259e-11 1.20774279466218e-11 1.16705090036362e-11 5.03311170518828e-11 1.36821332041848e-11 5.49931100657375e-11 1.12152509501584e-11
1.12132262364284e-09 1.90532124522136e-09 2.62507960924196e-09 1.4359389011176e-09 1.39208840010951e-09 3.22548967535141e-09 1.97589178352331e-09 4.90450930978881e-09 2.34011724442595e-09 5.16511977632916e-10 2.6057095370291e-10 2.42780640036244e-10 2.5958541982618e-10 2.56435983558845e-11 2.2431456692118e-11 2.43206010885899e-11 1.3556674671733e-10 1.5935441854964e-10 1.28884114491967e-10 6.93438528820423e-11 5.32072053083255e-11 3.76415898450944e-11 2.08043648974865e-10 4.07180622552517e-11 3.72541997251119e-11 4.39167147092689e-11 4.47789694213441e-11 4.14177248053704e-11 3.69054453663864e-11 2.80469314439813e-11 2.23209006833258e-11 1.93900229206179e-11 1.75820469294763e-11 1.67185598698438e-11 1.5220036342356e-11 1.47900358626885e-11 1.36258448968363e-11 1.21714971434983e-11 1.19111942531447e-11 1.09486308907947e-11 1.02889696762531e-11 1.13955622715878e-11 4.52314519172603e-11 9.41042799240677e-12
5.00964214555921e-10 6.49445619504974e-10 1.18020094808102e-09 2.7418251780098e-09 3.69603012639885e-09 7.56209652674755e-09 3.756408251121e-09 2.34085669736928e-09 1.55001389501308e-10 1.37757960594342e-10 1.47521084237212e-10 1.67434588416171e-10 1.25392618510745e-10 2.32110330955493e-11 1.32746602599099e-10 1.44944267699287e-10 1.66725178107896e-10 1.47392797966717e-10 7.81839593066991e-11 6.08333494689361e-11 5.18934006876748e-11 5.02619723619091e-11 4.68921235174946e-11 4.32689106766304e-11 3.98140853619111e-11 3.73978847889589e-11 3.58519880450103e-11 3.47562534308565e-11 3.06458858290171e-11 2.63852495407946e-11 2.2889790063374e-11 1.99766203579088e-11 1.80968351415345e-11 1.7113421790782e-11 1.51992307628745e-11 1.63397406716115e-11 1.50393919540193e-11 1.35603306361531e-11 1.28083654793443e-11 1.20112586543542e-11 1.14950937657454e-11 1.12804876550854e-11 4.58243110124101e-11 4.80985917761245e-11
3.51823004063334e-10 6.44402353700002e-10 1.03405287665836e-09 2.06108807798699e-09 3.79561553298657e-09 4.90149691945163e-09 3.50185852537876e-09 1.02372942345497e-09 1.24074972518429e-10 1.18954712746699e-10 1.35946265356068e-10 1.54465695789696e-10 1.45284961838854e-10 1.0262045657683e-10 1.31893584942588e-10 1.42289180438127e-10 2.19141915724919e-10 1.1916619913066e-10 8.98670249327438e-11 6.94535429168752e-11 5.49489453938179e-11 4.87607065835505e-11 4.56667814674461e-11 4.47122228131036e-11 4.02790911735451e-11 3.70263042448471e-11 3.41977224316281e-11 3.28836957663725e-11 3.09838710244037e-11 2.85541368327813e-11 2.53730925159346e-11 2.16592299651097e-11 1.97233673837616e-11 1.78392856042819e-11 1.56154422725763e-11 1.51509804702243e-11 1.42636569222532e-11 1.3389089836835e-11 1.31329613850539e-11 1.3006051791109e-11 1.22811094627195e-11 1.17629350704362e-11 1.1229839280702e-11 9.72120162145984e-12
2.74440337122428e-10 4.10446576726287e-10 8.76475014788269e-10 1.12582626554669e-09 8.51288906034142e-10 9.89332893386319e-10 2.53807408423512e-10 1.79235037922609e-10 1.28423771617037e-10 1.33768529586575e-10 1.37759159635209e-10 1.59096147367421e-10 1.37900824093151e-10 1.18728915587951e-10 1.21488419324578e-10 1.18383214342543e-10 1.14010700880129e-10 9.18689013751361e-11 1.06460673610087e-10 8.9094143174151e-11 6.12614958761526e-11 4.97970220614263e-11 4.71866767881579e-11 4.61423232955838e-11 4.50392723116977e-11 4.13861167558593e-11 3.68478358936386e-11 3.35195871059568e-11 3.152337280099e-11 3.16216941520509e-11 2.96834223867393e-11 2.5131274838941e-11 2.21302087766162e-11 2.0244839138428e-11 1.72349134963667e-11 1.46712642035141e-11 1.48457912629851e-11 1.41291756072803e-11 1.45445877564043e-11 1.36534561434587e-11 1.16246567927192e-11 1.18514975611106e-11 1.15520815135994e-11 1.03645314553091e-11
2.19255669176022e-10 2.85252432785654e-10 3.92384591485495e-10 6.1336850043503e-10 7.277759728197e-10 4.75360228957555e-10 2.94877766648938e-10 2.17297768667635e-10 1.51100465473064e-10 1.49575862806728e-10 1.36001021555643e-10 1.54995338785824e-10 1.48939727218078e-10 1.29930144421309e-10 1.2302274754461e-10 1.23248899974726e-10 1.30724731040033e-10 1.22702892291215e-10 1.10905373773562e-10 9.50714840186606e-11 7.97509391858853e-11 7.01634195188205e-11 6.45338338323143e-11 5.86499737664781e-11 5.30367416651245e-11 4.56800486325903e-11 3.95695476385072e-11 3.54513973732651e-11 3.27150417867017e-11 3.08748915323065e-11 2.87388668418487e-11 2.61064059259297e-11 2.37758701615576e-11 2.14168127676828e-11 1.90629290131028e-11 1.71990421904411e-11 1.64021574100559e-11 1.53283052917175e-11 1.42143963266506e-11 1.27020061135852e-11 1.12694631404509e-11 1.14020681785121e-11 1.08042574886724e-11 1.00951025316931e-11
1.9925548988553e-10 1.82245962765393e-10 2.08640427157292e-10 2.56496412998075e-10 4.19485424174582e-10 4.70288485932002e-10 2.4946024135275e-10 2.14885487181959e-10 1.97811911295531e-10 1.300284768746e-10 1.40381439805992e-10 1.27583310582935e-10 1.48849221837111e-10 1.46230938469216e-10 1.1383397557907e-10 1.19128618081277e-10 1.21907928196663e-10 1.18285636840909e-10 1.06368713836957e-10 9.54448409196118e-11 8.312440735736e-11 7.56553486525036e-11 7.46926187566999e-11 6.74748701356975e-11 5.89332249667507e-11 5.05493646940636e-11 4.29848379113196e-11 3.77167852505522e-11 3.48809092720614e-11 3.18903015106287e-11 2.91374480099194e-11 2.63538191269674e-11 2.4333546289057e-11 2.35094721467988e-11 2.1345225587055e-11 1.9056534128481e-11 1.83384751828441e-11 1.66582969640672e-11 1.50975898449701e-11 1.3485124128465e-11 1.25087273872282e-11 1.19413035015725e-11 1.09635522882456e-11 1.00257691038053e-11
3.97886723568774e-11 2.07603290114378e-10 1.86583559713682e-10 2.13797857195885e-10 2.81242296118478e-10 3.7365563976266e-10 2.50665521672744e-10 1.79837378322389e-10 1.39403344423528e-10 1.68540559286612e-10 2.1550903284151e-10 1.79620651685752e-10 1.5268499797827e-10 1.46518519539285e-10 1.1239443820088e-10 1.20822873928006e-10 1.29322863529069e-10 1.25475552170684e-10 1.15669485101222e-10 1.06033659630356e-10 9.96342786052651e-11 9.18633835667038e-11 9.31839938544954e-11 8.63115801053027e-11 7.48741402212261e-11 6.31869889744507e-11 4.97129448717715e-11 4.15104395301569e-11 3.65323105100401e-11 3.20478199533625e-11 2.87158297140877e-11 2.62382893190249e-11 2.47422304866518e-11 2.38732589252777e-11 2.22131646410162e-11 2.0426982327848e-11 1.86753501552062e-11 1.767328505764e-11 1.60842783536452e-11 1.51312962159977e-11 1.40977673979137e-11 1.30806254716731e-11 1.09572684259263e-11 9.18792819604164e-12
3.84654752494384e-11 5.69795211013968e-11 4.12934131333031e-11 2.22033758046081e-10 2.75379719028024e-10 3.29018312594798e-10 2.19903562026502e-10 1.57009161227961e-10 1.43936373930842e-10 1.92172266988422e-10 3.11935821617482e-10 2.16028483990272e-10 1.69813041406286e-10 1.47566214803163e-10 1.30377930673831e-10 1.39549283240115e-10 1.28727273285278e-10 1.45610445922983e-10 1.33801625334939e-10 1.42445066853014e-10 1.23761190184979e-10 1.01684327624696e-10 1.01245867245581e-10 9.47315115240599e-11 8.59018745025253e-11 7.56076867780564e-11 5.89558513119925e-11 4.74696504326744e-11 4.07612388286793e-11 3.41011219262555e-11 2.98897684380961e-11 2.73360223346231e-11 2.56744292492783e-11 2.40575226406747e-11 2.25017560140373e-11 2.09198325329396e-11 1.95472305009048e-11 1.90756854756557e-11 1.66928582068238e-11 1.64009361647288e-11 1.45114475991193e-11 1.25944144002688e-11 1.13968057213754e-11 9.66998703333388e-12
1.6531737090375e-10 3.08791892056348e-10 3.92039178898074e-11 4.00345201434504e-11 1.42138001368863e-10 3.63857988183724e-10 2.36277453158351e-10 1.85211268544094e-10 1.65094360404794e-10 1.89725934962581e-10 2.29962293651909e-10 2.28179886097024e-10 2.12586492853717e-10 1.87219928449167e-10 1.60969282347878e-10 1.49291812245878e-10 1.29065513831961e-10 1.36139821638182e-10 1.75133663127269e-10 1.78761139224548e-10 1.35986144567113e-10 1.2395688919753e-10 1.30776578455283e-10 1.17067566751672e-10 9.39428534962872e-11 7.79573183784521e-11 6.43780362352686e-11 5.71852343256296e-11 4.86467977012239e-11 4.01208621880755e-11 3.27003091271649e-11 2.89597235081374e-11 2.65456434611622e-11 2.48316700535156e-11 2.30842567283673e-11 2.11135664507367e-11 1.9650892024714e-11 1.86651027966889e-11 1.86604509622157e-11 1.71598513176718e-11 1.47700296437847e-11 1.27246657655178e-11 1.1663736643186e-11 9.65979518596782e-12
4.88631590744859e-10 1.96794902596054e-10 2.7142832426108e-10 3.61947249949424e-11 2.10770578767949e-10 2.23543072941368e-10 2.37471908803855e-10 2.40195774381391e-10 1.9118303606902e-10 2.0671295786201e-10 1.70373104513288e-10 1.45055245592829e-10 1.43252076867384e-10 1.27733568167088e-10 1.16311793529889e-10 1.23037469101916e-10 1.58047075426992e-10 1.93164895190279e-10 1.77377745824714e-10 1.93143823157271e-10 1.83519255347875e-10 1.60776902902171e-10 1.30217592264614e-10 1.09741482567927e-10 9.29750942901819e-11 7.6710038321437e-11 6.43605946315517e-11 5.40829714346103e-11 4.61812144081364e-11 4.00727229177278e-11 3.47469608641404e-11 3.02065705781729e-11 2.69412270270664e-11 2.43327136217886e-11 2.25706564549455e-11 2.05040429079872e-11 1.92742599658402e-11 1.88237536669078e-11 1.87244109106643e-11 7.09210246085945e-11 1.49094181445264e-11 1.22730381413305e-11 1.11704312466543e-11 9.58368939762977e-12
1.99192594085851e-08 7.55927559437097e-09 2.76132794407857e-10 2.41871600525911e-10 2.40522901595597e-10 2.94981672421812e-10 2.02868166709891e-10 2.58487253823603e-10 2.76921563457933e-10 2.13880291255464e-10 1.53461754415218e-10 1.42554978932452e-10 1.27566890384401e-10 1.18963228157298e-10 1.15241272080624e-10 1.44240230870452e-10 1.78414671925253e-10 1.66021529857119e-10 2.03316607993997e-10 2.51490772651408e-10 2.08094774745149e-10 1.67702740583309e-10 1.35377553611704e-10 1.10903142225283e-10 9.05163721753866e-11 7.82707232360735e-11 6.64731603094992e-11 2.38170361210877e-10 4.28941993035892e-11 3.80891096440905e-11 3.40577677171439e-11 3.09856473812431e-11 1.9275558926779e-11 4.81722439715782e-12 5.13199482909954e-12 1.98350558200389e-11 1.81504589136239e-11 1.75550796122081e-11 1.71248903946264e-11 1.67414637708418e-11 1.49476986344155e-11 1.30345734206117e-11 9.9718899804202e-12 8.24202928129125e-12
