Scripts_&_data/Maxent_result_files_1/Bombus_bohemicus_3.asc
NCOLS 594 
NROWS 330 
XLLCORNER -15 
YLLCORNER 23 
CELLSIZE 0.166666666666667 
NODATA_value -9999 
[rows 280 to 299 of 330, columns 46 to 91 of 594]
0.000310666988661978 0.000501133553916588 7.656121852051e-05 2.1893659595662e-05 1.60241695539298e-05 5.42000946097687e-06 4.08137040039946e-06 1.62711525604209e-06 1.69104663655162e-05 3.23064849908405e-05 2.1700672004954e-05 1.11988495973492e-05 2.06877602693112e-07 1.0555125768974e-07 3.43547267078748e-08 7.47021238201029e-09 5.63302633427298e-09 3.19481209265504e-09 3.02920706296561e-09 2.42095846703094e-09 2.2546205569185e-09 4.16218830512349e-09 6.87352571526745e-09 2.17243836697634e-08 9.54081786908034e-09 2.1998539767587e-09 2.63870915118147e-09 3.95613773962467e-09 3.1114917198316e-09 2.14988816749084e-09 2.03032601842068e-09 1.38444017361294e-09 1.29541115612142e-09 1.76689665121188e-09 2.29473888779808e-09 2.20062152944678e-09 2.43977139602336e-09 2.4982277690988e-09 2.28932112156244e-09 2.36347090787348e-09 2.4564072553801e-09 2.25520643271082e-09 1.97884075792132e-09 2.06784914746905e-09 1.56799681017006e-09 1.48891868834156e-09
7.01839937846671e-06 1.32970704385116e-06 8.01603673039608e-07 2.38419732312423e-07 6.37672185632709e-07 6.67168545476216e-07 2.40783523395294e-06 3.11647432681639e-05 1.95766675005871e-05 1.96114043774287e-05 3.13672087031591e-05 3.58692963686735e-07 1.79288023982593e-08 5.81763002216462e-09 4.8758215909217e-09 3.58796780064452e-09 3.71607975502286e-09 2.45878738480698e-09 2.25725051983261e-09 1.59012135680925e-09 1.50031290724328e-09 1.83950072951689e-09 3.19787553104689e-09 4.32658970872524e-09 4.09834565173739e-09 1.81907715557372e-09 2.37110343581648e-09 4.09907396914377e-10 7.21425263972009e-10 7.09094072348648e-10 9.38217858958978e-10 1.11598162932935e-09 1.4398191083842e-09 1.70859033588044e-09 1.60778571567377e-09 1.85451110024104e-09 2.00157102003828e-09 1.89086217794454e-09 1.62993009089618e-09 1.70181421177418e-09 1.7365756277421e-09 1.67911903270479e-09 1.58457974519521e-09 1.5628919936006e-09 1.56339288182039e-09 1.44007658020584e-09
8.14764964616188e-06 4.07992316695527e-06 5.31138070982706e-06 3.85174023165291e-07 1.37218982274589e-06 1.7973752051148e-06 1.18835603643674e-05 6.3178460322888e-06 3.12731755514051e-07 1.54112806072249e-07 2.2960186072396e-07 2.7136310087883e-08 1.00236872135895e-08 1.03959983510649e-08 3.21602106057028e-09 2.20628266767164e-09 2.0540467771113e-09 1.96320476542056e-09 1.73908234479825e-09 1.3829584033509e-09 1.4539657255952e-09 1.64384473810841e-09 2.10192904193107e-09 3.25226010566837e-09 2.46830378358709e-09 3.96335676500215e-09 1.1488862750042e-09 1.04788629995411e-09 6.82470313595473e-10 6.08842221083705e-10 7.5119622744424e-10 9.31531229930727e-10 1.32290879362174e-09 1.46222189911782e-09 1.56011340513018e-09 1.69799059257514e-09 1.62371955880758e-09 1.47408854012099e-09 1.37605379313399e-09 1.44148644132258e-09 1.34176562083255e-09 1.3101925988579e-09 1.2981180796956e-09 1.26462140759287e-09 1.31022285243532e-09 1.25491439462166e-09
4.04917722335085e-05 6.65891061544244e-06 2.21611367692276e-06 1.19464267243075e-06 1.0553357299159e-06 1.46435753833885e-07 3.90952628492869e-07 1.18757646916379e-07 1.74990955947862e-08 3.52273676007542e-08 4.47462040753521e-09 4.05367326372641e-09 4.33057915083523e-09 3.09055806502201e-09 2.12021545875629e-09 1.77953637381378e-09 1.39199223259112e-09 1.32719676360082e-09 1.48866050597718e-09 2.04975416639996e-09 1.9803855666467e-09 3.27567193370015e-09 1.76381215188925e-09 1.63120270624262e-09 1.44769596310823e-09 1.23764759552003e-09 1.00152983684154e-09 7.65435670402326e-10 8.6549237776623e-10 5.18981146946373e-10 6.00461924626927e-10 7.60633134255784e-10 9.05732600031683e-10 1.16815965789385e-09 1.28406328903097e-09 1.20338218279059e-09 1.19150813659985e-09 1.16188882959278e-09 1.17907404950657e-09 1.22859749041027e-09 1.12386271400311e-09 1.12449108913282e-09 1.0785602189145e-09 1.09103418521883e-09 9.50255329978944e-10 9.32508947837363e-10
1.72644511167164e-05 2.22993066927302e-06 8.52466700962395e-07 6.76383645270562e-07 5.56580809529805e-07 1.80235921476424e-07 1.40335346188181e-07 8.98824574768753e-09 9.02807721914201e-09 4.36412631588112e-09 1.12197383828061e-08 3.64709460409784e-09 3.5967706590867e-09 1.75909087296588e-09 1.71051872666084e-09 2.21004531342217e-09 2.28420120595985e-09 1.45504057691426e-09 3.00495479610419e-09 1.75043840533462e-09 1.73092663535712e-09 1.39295724954636e-09 1.16747111977844e-09 1.11954427950423e-09 1.0579535025812e-09 9.38388555749015e-10 8.10999944977908e-10 7.30226579204185e-10 6.41596553663248e-10 5.32862087787578e-10 5.36703315123788e-10 6.85810719325275e-10 7.65206087383064e-10 9.11891373522877e-10 8.99532082154764e-10 9.07478370226755e-10 9.34817590003689e-10 9.26632059972121e-10 9.29599985877161e-10 9.01784269480288e-10 8.75357086815853e-10 9.34094268600916e-10 8.84992357175207e-10 8.08242728300712e-10 7.12007397485337e-10 6.90425028260222e-10
4.48175160272513e-06 1.21937442543185e-06 7.01368023214854e-07 2.63635666186701e-07 1.41864700253791e-07 1.00582716200392e-07 1.52538021325199e-07 4.66604399562698e-09 1.00759900423242e-09 1.5386185547861e-09 4.79763363481212e-09 3.99358207614497e-09 2.96458039228398e-09 1.4193004882479e-09 1.93928633152041e-09 2.80102600003218e-09 2.04086847421792e-09 1.50905581364214e-09 1.05939700345559e-09 9.78744529867015e-10 1.1172989200503e-09 1.07225683887435e-09 8.40912883770528e-10 8.82123574186267e-10 8.20862577910475e-10 7.56788964828559e-10 6.79274481107939e-10 6.23783957820479e-10 5.78183256827458e-10 4.99676311438435e-10 4.52194992561772e-10 6.18296158716447e-10 6.70994282359061e-10 6.96756985441027e-10 7.0539178942397e-10 7.24195092782765e-10 7.34098060117816e-10 7.05721747706889e-10 6.88430301654108e-10 6.53888843071826e-10 6.48888387466684e-10 6.56571830237596e-10 5.85277803999418e-10 5.72739222715057e-10 5.61543522792363e-10 5.3793018928161e-10
6.93702811531693e-06 1.2280741543691e-07 1.94671405662206e-08 4.40555121272723e-09 7.48529476624071e-08 1.41051407709369e-07 1.68012281864804e-08 2.64322936871508e-09 2.74303260106024e-09 3.79145759232813e-10 8.6862487203021e-10 2.84720298449059e-09 1.36377819037747e-09 1.35609093954159e-09 1.61755305816413e-09 1.47632227553984e-09 1.91057002441042e-09 8.39569913591021e-10 7.17059489563354e-10 6.71066902047102e-10 8.03400701521184e-10 8.27296142702494e-10 6.66016808370529e-10 6.52000642364925e-10 6.20505047344011e-10 5.51097489864816e-10 5.17604059613319e-10 5.10585118629336e-10 4.63747751311416e-10 4.03938982262986e-10 3.43786599188434e-10 4.73679351298273e-10 5.29542976135389e-10 5.57157164848832e-10 5.82844339458433e-10 5.7897997507439e-10 5.80358439083994e-10 5.78147241192539e-10 5.69896130286907e-10 5.39653710607269e-10 5.0182934474563e-10 4.7542897396724e-10 4.46854020452747e-10 4.365130035211e-10 4.31852908988617e-10 4.39129221874168e-10
2.60806692686799e-08 3.59613701039763e-09 2.00562630947587e-09 4.6538195741519e-09 4.79335083847232e-09 5.57322900052171e-09 3.12483260378471e-09 2.56945370535888e-09 1.30084049088097e-09 8.22854706594711e-10 6.87800894016988e-10 1.63742215342211e-09 9.30047538982848e-10 1.05593561672279e-09 9.86021786442137e-10 1.42964607929841e-09 5.81575598790351e-10 5.02629038390268e-10 4.53732618144187e-10 4.58585780460652e-10 5.06902031460754e-10 5.47649803284145e-10 4.46077474958173e-10 4.3154423368108e-10 9.03212826752764e-10 3.56832308145982e-10 3.43232631205836e-10 3.60547569577818e-10 3.54023010906701e-10 3.54237195132612e-10 6.84343304246937e-10 2.89975587985936e-10 3.78609266160623e-10 4.20718970772782e-10 4.60355464859674e-10 4.77549622068807e-10 4.66405303267692e-10 4.60392468593085e-10 4.34436098206703e-10 4.058814395691e-10 3.91540211364116e-10 3.7669031227594e-10 3.53414408849062e-10 3.60486485107003e-10 3.5654770247362e-10 3.5645665308337e-10
2.76962903722477e-09 1.9549184826495e-09 1.49043292152484e-09 1.26185697446601e-09 1.28239521224316e-09 4.65550564765493e-10 4.42384229248916e-10 6.34958607914626e-10 6.02803507110394e-10 4.41323178002051e-10 1.8364679998939e-09 5.14814135765818e-10 6.20740225887317e-10 8.13616629624647e-10 6.84446821441753e-10 5.00180463713917e-10 4.4044983216196e-10 4.17220424875353e-10 3.18800352783199e-10 3.12881942576837e-10 3.65946517533189e-10 3.9873412349678e-10 3.33287653031533e-10 2.78167944234298e-10 2.85412782297101e-10 1.04767976516484e-09 3.76472042429299e-10 3.56832607906199e-10 2.32814656442315e-10 2.46726372665762e-10 2.76174971780563e-10 2.3536352866671e-10 2.42519948567832e-10 3.04956859764616e-10 3.41756312138841e-10 3.66717789468396e-10 3.7011378406504e-10 3.53287410437275e-10 3.43554795723122e-10 3.3758679185425e-10 3.2822943252242e-10 3.18657722431226e-10 2.94126634159397e-10 2.79656997559385e-10 2.73436673303706e-10 2.72749800522831e-10
2.49905176552545e-09 1.31169732853209e-09 8.1608381163889e-10 7.01124103219541e-10 5.49881329359181e-10 4.41860437128128e-10 3.39890871003945e-10 3.48833983920827e-10 3.40960415456948e-10 3.53225315663508e-10 3.76429432069614e-10 3.87389242906266e-10 5.41700007072876e-10 5.93541704674294e-10 5.31139865422858e-10 4.5508802282157e-10 4.27447466311293e-10 3.40030625878285e-10 2.583735003725e-10 4.45708292495794e-10 2.90550750126073e-10 2.73340083900564e-10 2.44864650777998e-10 2.19519424859982e-10 2.05961725452397e-10 2.23785412423183e-10 2.53946130790439e-10 3.23210735952983e-10 3.36748073870297e-10 2.78046086155115e-10 1.53882251385795e-10 1.56532320438885e-10 1.83363302319606e-10 1.95300953187427e-10 2.55992549380579e-10 2.80990042345053e-10 2.66406130489116e-10 2.65350730277447e-10 2.67965238887058e-10 2.61056831707407e-10 2.52270027090162e-10 2.42959696805656e-10 2.33279573436107e-10 2.2544440758665e-10 2.20415430352006e-10 2.11129724814185e-10
8.87496898194229e-10 8.71867300578089e-10 6.50675036073523e-10 5.78118120042603e-10 6.52095843989287e-10 4.50633219628571e-10 3.75453268475212e-10 3.42876504966227e-10 3.89806509293322e-10 4.10471567846571e-10 3.4228285761273e-10 3.77797182427031e-10 4.14754408595286e-10 4.85712636777436e-10 5.13516906774925e-10 4.15060663616629e-10 2.96736335503311e-10 2.17862505813571e-10 2.06911410227661e-10 4.25466717413059e-10 2.42390352234168e-10 2.4204107607062e-10 2.06366579380557e-10 1.72664049724602e-10 1.60695523554466e-10 1.87224391545726e-10 1.99303362702352e-10 1.96099747551415e-10 1.98741623158583e-10 2.61118948685635e-10 1.78240178172473e-10 1.69702496499724e-10 2.18114704075845e-10 1.91163929130767e-10 1.61378210794538e-10 1.96994243140125e-10 2.12951201117306e-10 2.14416973065568e-10 2.11677331218851e-10 2.09540995665947e-10 2.0382663334928e-10 1.91678872774048e-10 1.83606874148978e-10 1.80245196546025e-10 1.65942004581865e-10 1.39149014533047e-10
7.35533034479374e-10 8.13477984973332e-10 6.74632671948672e-10 5.60424784357139e-10 6.036644517593e-10 5.26534005285129e-10 7.19643300506334e-10 7.22082171833449e-10 7.88947440710785e-10 6.5175425056907e-10 5.33787070100544e-10 4.23342116917524e-10 4.18437917648618e-10 4.52295534358882e-10 3.8506573485364e-10 3.38431171975628e-10 2.86443313513018e-10 2.05603045699831e-10 2.23855456393807e-10 2.38584496603522e-10 2.15832351990741e-10 1.95796834301376e-10 1.61379343222023e-10 1.3147618549425e-10 2.52476362039289e-10 1.39510047958424e-10 1.56735646683614e-10 2.01926431131483e-10 2.2947183042632e-10 1.8924481981486e-10 1.68800828870275e-10 2.11382333858978e-10 1.89849502785222e-10 1.79357939611435e-10 1.50989476477292e-10 1.22247867384573e-10 1.51700074724204e-10 1.73065051178867e-10 1.84160964256108e-10 1.82929982273095e-10 1.71447933627888e-10 1.60617630307058e-10 1.49736500976161e-10 1.48882783879145e-10 1.30905120077074e-10 8.95980067916469e-11
8.98898633305833e-10 1.40322140573801e-09 1.76333202484003e-09 1.2489365208701e-09 1.33760639231539e-09 1.12210556402204e-09 8.80794315261113e-10 7.77691822051452e-10 6.62500398984633e-10 5.67975755316752e-10 4.80841721994807e-10 3.52314932783315e-10 3.45047068694981e-10 3.41553063609723e-10 3.09293646250097e-10 2.66927369096948e-10 2.4466317860572e-10 1.92580307256662e-10 2.05110095574668e-10 1.97835126058976e-10 1.89374471659676e-10 1.31273569792256e-10 1.31953226123471e-10 1.15359044539076e-10 1.13352538466671e-10 1.29178490126947e-10 1.19474219406612e-10 1.40837641549041e-10 1.5888914628448e-10 1.59480928463296e-10 1.65516378380914e-10 1.56912893789496e-10 1.499321222731e-10 1.43371647887136e-10 1.32110034023469e-10 9.98921056982738e-11 5.17913700814887e-10 1.27148169770663e-10 1.53898571664257e-10 1.57433510672433e-10 1.48983791969926e-10 1.41321299107489e-10 1.41991585156376e-10 1.37435374192307e-10 8.26990698143959e-11 1.76752357194943e-10
8.11155853597256e-10 8.09145939140166e-10 1.03784878469071e-09 1.00051337215135e-09 1.12667662977017e-09 8.20539569623691e-10 5.78323466893238e-10 5.6395137448817e-10 5.65041113897991e-10 4.95200280781205e-10 4.20472445750164e-10 3.13825609943308e-10 2.93814372831491e-10 2.814808941487e-10 2.49626008752557e-10 2.28382412981176e-10 2.09866801714753e-10 1.9121774164077e-10 1.60611934862942e-10 1.55335677654023e-10 1.54466939239484e-10 1.97188998463105e-10 1.38294964369123e-10 1.09393460956397e-10 9.69272662132425e-11 9.68981894722276e-11 1.00274477610185e-10 1.04024644453915e-10 1.18762999434807e-10 1.32901023519594e-10 1.38533617910497e-10 1.38693512230503e-10 1.31247934742618e-10 1.26955268520135e-10 1.27086663415099e-10 1.15335518913184e-10 5.51528800407652e-10 2.00760896795771e-10 1.22048071649061e-10 1.30777100260104e-10 1.32548227949059e-10 1.26903343389273e-10 1.25378973869772e-10 8.16558376470766e-11 5.79828407509808e-11 9.30896359996325e-11
1.46147122181972e-09 1.01258178508701e-09 6.79018763438677e-10 8.00270150147497e-10 6.96689761436886e-10 4.8614611225517e-10 4.80928319390728e-10 5.5024603762277e-10 5.03615182889661e-10 3.8276142255711e-10 3.00944769104916e-10 2.5702099337721e-10 2.3899241474723e-10 2.1134859418126e-10 1.88293391989447e-10 1.90930182775162e-10 1.93147287053108e-10 1.9386149352485e-10 1.51718682062096e-10 1.10892495186476e-10 1.11642162181624e-10 1.03668429396464e-10 1.0292072749607e-10 1.02750929986684e-10 9.25838183896133e-11 8.4413065426503e-11 8.36521851788064e-11 8.02483524076081e-11 9.24414877978563e-11 1.26008370404662e-10 1.22150045633873e-10 1.17632747986818e-10 1.22465826368767e-10 1.21040644174286e-10 1.19020315825225e-10 1.18685494765458e-10 1.19741994097922e-10 1.22895826848435e-10 1.15512899245829e-10 1.25790822202987e-10 1.09490794208966e-10 1.23223709014297e-10 8.14338596555331e-11 5.951343862165e-11 6.92094603849114e-11 1.02246955346885e-10
1.5662731778221e-09 1.37134332778288e-09 1.17125920073846e-09 8.71827876558484e-10 5.21321030788613e-10 4.33597013849152e-10 4.09594114181289e-10 3.37025385377387e-10 3.11264491958951e-10 2.54087340056941e-10 2.22678575578783e-10 2.18667550733187e-10 1.99082050844623e-10 1.87375681637292e-10 1.77552983426921e-10 1.74312797529552e-10 1.72977543400066e-10 1.69761615875785e-10 1.23836674248423e-10 9.91751458734314e-11 8.6049289915735e-11 7.67001462342876e-11 7.9427309174207e-11 8.14436629248405e-11 7.96871346686601e-11 7.68529906380877e-11 8.46193892733993e-11 8.3929352356904e-11 6.77087830247558e-11 7.84534881503873e-11 8.8584006796566e-11 1.0125846827691e-10 1.15135301292923e-10 1.0861495036707e-10 1.17891274520332e-10 1.25279875362594e-10 1.22526577772675e-10 1.18009224614468e-10 1.02103692167788e-10 1.20023357919052e-10 1.16573106723195e-10 1.10788089813241e-10 8.31763657949125e-11 8.13040967884149e-11 9.14313291744406e-11 9.78197967071992e-11
1.19068666037947e-09 9.69202584855111e-10 7.70340891076415e-10 6.40526864881252e-10 5.03594821399389e-10 4.21466117561664e-10 3.46895590030982e-10 2.91448676303929e-10 2.61518984245868e-10 2.34245778329978e-10 2.12108908215214e-10 2.04884842425201e-10 1.95865323959765e-10 1.89358062563372e-10 1.79690351487238e-10 1.58411772588352e-10 1.43616596393059e-10 1.26939447842034e-10 1.01104635774618e-10 9.01472452241592e-11 7.78791586775185e-11 7.19760917533563e-11 7.33474170289128e-11 7.37934602312862e-11 7.41898653622286e-11 7.3401662525896e-11 7.1921524291696e-11 6.81268597091389e-11 6.60733467938712e-11 7.18375137154226e-11 7.28401228222708e-11 8.24227908147179e-11 8.49814218994993e-11 1.01190755774638e-10 1.10750886239686e-10 1.17785114994717e-10 1.19288012800922e-10 1.13581155591902e-10 9.67731339507338e-11 1.01644159755665e-10 1.13065934392864e-10 1.13770814991199e-10 1.05163977526246e-10 1.02088670850264e-10 1.04771702424955e-10 1.04758357544199e-10
7.79230724390345e-10 6.63727839356199e-10 5.76416570030602e-10 5.18605225430235e-10 4.2048216020163e-10 3.67408770074462e-10 2.94652025001341e-10 2.63353849838666e-10 2.37680242154425e-10 2.4277728716271e-10 2.19169615789383e-10 1.96322924583825e-10 1.79991543891589e-10 1.7118741979516e-10 1.46213741114565e-10 1.45375911309031e-10 1.21735665992162e-10 1.02692865322496e-10 9.62895985168188e-11 8.9375606915354e-11 7.57106044524392e-11 7.20637771678412e-11 6.78374023621586e-11 6.33785468551196e-11 6.06767858180035e-11 5.94376881046799e-11 6.08800343471216e-11 5.87414783481677e-11 6.17522255552672e-11 6.08622152675764e-11 6.33788466153362e-11 6.92015778014365e-11 7.62193086423224e-11 7.76294473148198e-11 9.43309319545449e-11 1.00361896571144e-10 1.1024615664823e-10 1.11245268552551e-10 9.40706068597308e-11 9.58345847124065e-11 1.06201158978081e-10 1.08592645986505e-10 1.01941433072739e-10 1.15575971015858e-10 1.18176046726148e-10 1.11805886771066e-10
5.60509916258667e-10 4.84988527116315e-10 4.63911764558844e-10 4.2634862307267e-10 3.63988228446743e-10 3.19934145842637e-10 2.3996985509811e-10 2.28516405798018e-10 2.43136999422688e-10 2.17088524934184e-10 2.01682237577216e-10 1.80948633854427e-10 1.65437652466238e-10 1.55329993312137e-10 1.31329358499244e-10 1.15460763172592e-10 1.04765041086807e-10 9.68968350001376e-11 8.66440141855662e-11 7.99127430894941e-11 7.12733316809988e-11 6.41595665484829e-11 6.23448070946608e-11 5.81817150013819e-11 5.75796299528974e-11 5.87506709948116e-11 5.39402522647947e-11 5.80719250464767e-11 5.87234483262478e-11 5.91204973865445e-11 6.06130035052388e-11 6.29824636888543e-11 7.50322470821629e-11 7.7967188261141e-11 8.21918644255959e-11 7.99268651263674e-11 9.12358300020344e-11 9.29080257172643e-11 8.62538263035617e-11 9.52842360568695e-11 1.07382558400815e-10 1.14441878196203e-10 1.0122962468273e-10 1.18853948904984e-10 1.1575056468871e-10 1.13487363950782e-10
4.2238386122051e-10 3.91125798415715e-10 3.84971354794317e-10 3.74635611422036e-10 3.48515760695278e-10 2.96469604421645e-10 2.55433951767969e-10 2.34401287269037e-10 2.26041718676129e-10 2.00452654475214e-10 1.86827764370179e-10 1.67640090698029e-10 1.51343815257832e-10 1.35384914390357e-10 1.14815845719818e-10 1.01787156481237e-10 9.58983226162502e-11 8.93771834320489e-11 7.82115705533215e-11 6.9597083651729e-11 6.19806872492745e-11 5.61530044684844e-11 6.12645378872401e-11 5.96742655289972e-11 6.11459438637496e-11 5.71080072120367e-11 5.38256217375022e-11 5.2905568814765e-11 5.39022715351223e-11 5.16276688067308e-11 5.43726064172745e-11 6.14708728363667e-11 7.22226389804348e-11 7.83081155475429e-11 7.54376450196048e-11 7.36272931511905e-11 8.29638024946178e-11 8.68398908338008e-11 8.87331208510034e-11 8.89443851903593e-11 9.41935418552475e-11 1.1608958239151e-10 1.10066133984787e-10 1.13340847818222e-10 1.15821252588688e-10 1.11689890669453e-10
