Scripts_&_data/Maxent_result_files_1/Bombus_fragrans_2.asc
NCOLS 594 
NROWS 330 
XLLCORNER -15 
YLLCORNER 23 
CELLSIZE 0.166666666666667 
NODATA_value -9999 
[rows 294 to 314 of 330, columns 329 to 375 of 594]
1.90411174116889e-06 1.88027314607098e-06 1.74013550804375e-06 1.60025074364967e-06 1.44127446901621e-06 1.26204898833748e-06 1.23606179727176e-06 1.20253039881391e-06 1.12735054358382e-06 1.00664192927979e-06 9.60642154268498e-07 8.9992947778228e-07 9.07391068949437e-07 8.60045679473842e-07 7.89113113341955e-07 7.90743609968558e-07 7.40712101787722e-07 6.83566000247993e-07 6.15916010815454e-07 5.86496852861274e-07 5.87931904760808e-07 5.61639527063562e-07 5.3450343671102e-07 4.77904762874459e-07 4.17009493958176e-07 3.8513286710895e-07 3.68652327153995e-07 3.40398251807983e-07 3.4268871331733e-07 4.15873503811781e-07 4.17633054894395e-07 3.94196473507691e-07 3.89489107988084e-07 4.12146685846437e-07 3.94956961713433e-07 4.0091665169939e-07 4.02568328183861e-07 4.02486215023146e-07 4.13487711625748e-07 3.74907025957327e-07 4.79067230685359e-07 3.71102984786376e-07 3.4349211261997e-07 3.20733647640736e-07 2.87308698432298e-07 2.25179210389115e-07 1.61897004602451e-07
2.19859252865717e-06 2.25847788897227e-06 2.20179197185644e-06 2.01285889716019e-06 1.79752149733758e-06 1.51883278931564e-06 1.34837526388765e-06 1.21235142387377e-06 1.0756738447526e-06 1.0173146051784e-06 9.6976203280974e-07 9.2534074269679e-07 9.4548852302978e-07 9.1701694486801e-07 8.85504027792194e-07 8.50644926231325e-07 8.25983198637914e-07 7.73225821149026e-07 7.29608598248888e-07 6.89295322331418e-07 6.63290580860121e-07 5.7727844762212e-07 5.13509397137568e-07 4.24426968947955e-07 4.13348334404873e-07 3.88717568000629e-07 3.84340242476355e-07 3.73274671972013e-07 3.61884865185402e-07 3.6719201688129e-07 3.60160072432336e-07 4.00907690334407e-07 4.56054016240159e-07 4.69797640789693e-07 4.36814013937692e-07 4.3312597313161e-07 4.37482395909683e-07 4.33794730270165e-07 4.00268875466736e-07 4.18453312533984e-07 3.9537895020203e-07 3.62614771631797e-07 3.35092251191327e-07 3.10954244753248e-07 2.70669248436661e-07 2.32506307895619e-07 1.69810149941441e-07
2.52191426852733e-06 2.53405677312912e-06 2.3698805875938e-06 2.24287235823795e-06 2.03696246217078e-06 1.74723707004887e-06 1.50724092691235e-06 1.31572012378456e-06 1.13173982754233e-06 1.04721607954161e-06 1.0329352789995e-06 1.01778919656681e-06 9.51260267356702e-07 9.39816851541764e-07 9.23809494679517e-07 9.00054459407329e-07 9.34122408580151e-07 8.28173989475545e-07 8.42390966226958e-07 7.61286611350442e-07 6.72597755624338e-07 6.33503037761329e-07 5.66573939408954e-07 4.98001372761792e-07 4.5448037155893e-07 4.55906013030472e-07 3.85454463014412e-07 4.07952072123408e-07 3.95467593250487e-07 3.57700123743143e-07 3.3115751563173e-07 3.79798912319984e-07 4.22273072331336e-07 5.79124397859232e-07 4.76086526646213e-07 4.1534273407251e-07 4.34127500170689e-07 4.33889837836432e-07 4.61256755102113e-07 4.29993363582071e-07 3.97082722258801e-07 3.7899872467051e-07 3.27530338495308e-07 2.97161962237169e-07 2.54760615092664e-07 2.1619092009928e-07 1.68566565861283e-07
2.95578977329569e-06 3.07900943425921e-06 2.87859634227061e-06 2.46017651761576e-06 2.24489633637859e-06 1.8871540987675e-06 1.63928984875383e-06 1.53707785557344e-06 1.30615006810331e-06 1.15562474434228e-06 1.10913129560686e-06 1.05401163068564e-06 1.05804811028065e-06 1.03394314692196e-06 9.68168620829601e-07 9.40625488965452e-07 9.26509233067918e-07 9.48572471770603e-07 9.11580889351171e-07 7.86338932812214e-07 6.88684161787023e-07 6.72310520144492e-07 6.01328741822726e-07 5.46278798196909e-07 4.72369916337811e-07 4.34961361861497e-07 4.14106639823331e-07 4.17444030631486e-07 3.98375090071568e-07 3.5602529493417e-07 3.22972061894689e-07 3.10342183240664e-07 3.32218243670468e-07 4.62388319988349e-07 4.36855918906076e-07 4.15619550153679e-07 1.44215850923501e-06 6.18384541439809e-07 4.83583730215287e-07 4.43034787167562e-07 3.90292760243938e-07 3.60862814829943e-07 3.22903935057184e-07 2.73154572028034e-07 2.43222613249827e-07 2.0785946830415e-07 1.78831051300676e-07
3.86161650567374e-06 3.25240605434374e-06 2.81706420537375e-06 2.44476350417244e-06 2.13260700547835e-06 1.78951823954776e-06 1.57616582328046e-06 1.43614425951455e-06 1.3295213307174e-06 1.22327449503246e-06 1.14402488406995e-06 1.07118705159337e-06 1.05255690527883e-06 1.03374489981434e-06 9.75328799768249e-07 9.6696603577584e-07 9.73778696788941e-07 1.01202392102095e-06 1.22269495932414e-06 8.3818178495676e-07 7.24890460901406e-07 6.80444338740926e-07 6.21079837515026e-07 5.71994172560153e-07 4.77840595181078e-07 4.52671787343206e-07 4.37763659988377e-07 4.26800559694129e-07 4.07413740788343e-07 3.89251840715588e-07 3.64108369410587e-07 3.46559150443682e-07 3.33578817901525e-07 3.38995448601054e-07 3.83122772973365e-07 3.40696195166856e-07 3.79375347847599e-07 5.99868644712842e-07 4.38807614955294e-07 4.16864833141517e-07 3.64405143216118e-07 3.32278446535383e-07 2.99343241749739e-07 2.52909755715791e-07 2.22895267398826e-07 2.0127450994778e-07 1.76637767879129e-07
3.9351298028123e-06 3.37954363658355e-06 2.86042195511982e-06 2.40355915366308e-06 2.03057137468932e-06 1.85452123560026e-06 2.11297618761819e-06 1.30225926682215e-06 1.26293588778026e-06 1.18228815040311e-06 1.15833400400334e-06 3.52062995716551e-06 2.68015509163888e-06 2.14032561416388e-06 9.06353096752355e-07 8.88979320734506e-07 9.00055590591364e-07 9.20629167922016e-07 9.35816882474683e-07 8.60866731500209e-07 7.57839541165595e-07 6.09964740760915e-07 5.41867001402352e-07 5.21165134159673e-07 4.66144985011852e-07 4.23723787434938e-07 4.33337717709037e-07 4.27435060146308e-07 4.06929899554598e-07 3.54285417358824e-07 3.02272289331995e-07 3.29187287206878e-07 4.04666593567526e-07 3.30075452836809e-07 3.96623562437526e-07 3.97921780859178e-07 3.90937611882691e-07 3.9765111239376e-07 3.86492902748614e-07 3.63969429884037e-07 3.28013796035975e-07 2.9087751016732e-07 2.73078232737589e-07 2.34711426116974e-07 2.06881824027505e-07 1.88082983498816e-07 1.68281697199291e-07
3.99075588575215e-06 3.27344159813947e-06 2.6161052005591e-06 2.27668555226046e-06 1.95312430832928e-06 1.62863777859457e-06 1.39626714599217e-06 1.38914203944296e-06 1.34922904067025e-06 1.22938748177148e-06 2.91323931378429e-06 3.5062652614215e-06 2.58169195603841e-06 4.53831596587406e-06 2.07852122002805e-06 1.0562760621724e-06 8.38127755287132e-07 8.54950627626749e-07 9.02378241107726e-07 7.87219971698505e-07 7.17292732588248e-07 6.51621292035998e-07 5.21334726499845e-07 4.80108070632923e-07 4.5946049738177e-07 4.01366567359673e-07 4.33971283086976e-07 4.08872456603149e-07 4.03904273582611e-07 4.04097636419465e-07 3.44188450185356e-07 2.98798617848206e-07 2.71337425772344e-07 3.57610339563053e-07 5.7695409623193e-07 3.18551245470644e-07 3.36947165635593e-07 3.72253403213563e-07 3.28847836783552e-07 3.11654351037305e-07 2.9664459475498e-07 2.62700046960163e-07 2.33654472481248e-07 2.02407890981249e-07 1.8413033231468e-07 1.78335772460514e-07 2.13634061196899e-07
4.08537084695126e-06 3.13814675791946e-06 2.28810698672532e-06 2.05431764470632e-06 1.56193831344353e-06 1.48115263982618e-06 1.48637415122721e-06 1.52178967027794e-06 1.47848447795695e-06 1.43895842938946e-06 3.01591041989013e-06 1.24553540672423e-06 2.57613788789968e-06 1.12873362922983e-06 1.03203128105633e-06 2.94587931648493e-06 2.17350611819711e-06 8.07632562782601e-07 8.27990015750402e-07 7.81320130727181e-07 7.09380051944208e-07 6.63272643919299e-07 5.55718884243106e-07 5.22522034884787e-07 4.5018396690466e-07 4.43101049540928e-07 4.34448770647577e-07 4.31348755114413e-07 4.00615957119044e-07 3.76116588540754e-07 3.18760284301334e-07 2.41375573750702e-07 2.96143576861141e-07 2.69992285950593e-07 3.60142786348661e-07 2.78009804333124e-07 3.18147891675835e-07 3.71934689269438e-07 3.11335746516761e-07 2.7301592524509e-07 2.46868941644607e-07 2.38864716095577e-07 2.30195611550243e-07 1.97078422559116e-07 1.88282205471069e-07 1.86074547059434e-07 1.78222219204827e-07
4.17922103679302e-06 3.39691669068998e-06 1.7257921399505e-06 1.69847850202132e-06 1.41653974878864e-06 1.44157884278684e-06 1.5556782841486e-06 1.56692693735749e-06 1.66037278859221e-06 2.59271528193494e-06 3.63086483048392e-06 5.12252063344931e-06 1.42108825684772e-06 1.31103392959631e-06 1.22103589887956e-06 2.16971459394699e-06 3.60748488219542e-06 3.65985825965254e-06 8.10063301059927e-07 7.63487827271092e-07 7.01066062447353e-07 6.18003048202809e-07 5.48542152500886e-07 5.17219154971826e-07 4.82499535792158e-07 4.28852962386372e-07 4.28048601008868e-07 3.75002215946552e-07 3.2626527257662e-07 2.96591447579431e-07 2.83968756775721e-07 2.59545394953875e-07 2.15766804956274e-07 2.8516975447701e-07 3.32007907388743e-07 3.54804453195356e-07 2.58520279317054e-07 2.6155773298342e-07 2.81427520576472e-07 2.60646119443209e-07 2.36838738487677e-07 2.19927473921189e-07 2.0571350347609e-07 2.1703718431354e-07 2.59806239455429e-07 1.94137568598762e-07 1.70565173363002e-07
2.88313997316436e-06 4.32553354130505e-06 1.91050838793672e-06 1.67821700642889e-06 1.70356811395322e-06 1.98075846356005e-06 1.60673895379659e-06 1.56727322746519e-06 1.7623831581659e-06 3.06005906622886e-06 2.32989534652006e-06 2.35588677242049e-06 1.70057528521284e-06 1.46248208920952e-06 1.33614495325673e-06 2.62927313769978e-06 4.55080985375389e-06 4.95562874220923e-06 2.48163299829685e-06 1.73838604951015e-06 6.86179086528682e-07 1.33684623051522e-06 1.17606979870288e-06 5.14022156039573e-07 4.61213807056993e-07 4.12302341601389e-07 4.41703949149996e-07 3.641292025236e-07 2.78201814296608e-07 2.84157933094775e-07 3.15618515855931e-07 3.45896800979517e-07 2.66665091430696e-07 2.7323723088557e-07 2.73545249740437e-07 3.38428314705652e-07 2.67313023982751e-07 2.54258205245606e-07 2.37924763268893e-07 2.33322236908862e-07 2.39475818375468e-07 2.36812051923607e-07 2.49097227822404e-07 2.41043797899465e-07 1.89030036068516e-07 1.64841556937745e-07 1.9020160308969e-07
2.61996461858871e-06 3.24502675539406e-06 2.16974871136699e-06 2.04117549174043e-06 2.49635770614987e-06 2.06151447628145e-06 1.7879431993606e-06 2.07391707363058e-06 3.31183139223867e-06 2.73747814389935e-06 2.27052339596412e-06 1.99935429918696e-06 1.73746341260994e-06 1.51254499769493e-06 1.58912856704774e-06 1.04700578731354e-06 2.87040907096525e-06 4.79538188074002e-06 4.20467686126358e-06 2.10949890515622e-06 7.29865590187728e-07 1.51111382251656e-06 1.14536151727407e-06 5.44386048773049e-07 4.32528801752596e-07 3.88593873879017e-07 3.52776416434608e-07 2.98625252526108e-07 2.72520726696257e-07 3.36616800211686e-07 3.37903638580883e-07 3.49448178837974e-07 3.4752220159362e-07 3.33261699836385e-07 2.80141054531668e-07 2.99657445168577e-07 2.58891198257061e-07 2.54668221089105e-07 2.52825950042279e-07 2.23497577422904e-07 2.17884906561494e-07 2.49569448840248e-07 2.99498501021844e-07 2.7849083323872e-07 2.04579671958527e-07 2.05711343426174e-07 2.14608487425494e-07
3.69598158158624e-06 3.45440830642474e-06 2.15807056065387e-06 1.88069103614907e-06 1.90322654134434e-06 2.10436875249798e-06 2.75115016847849e-06 2.98592315175483e-06 3.57391400029883e-06 3.44262507496751e-06 2.45907207272467e-06 2.06705743721614e-06 1.75709614040898e-06 2.20004053517187e-06 1.72869996504232e-06 1.03105696211969e-06 1.02819032576917e-06 2.46336931013502e-06 8.55344922001677e-07 8.4408929978963e-07 1.57155147917365e-06 5.72725451775113e-07 1.10614710706614e-06 4.20111183530025e-07 4.01361700141933e-07 3.27870921523754e-07 3.22188371626453e-07 2.6861177389037e-07 2.66383871405651e-07 3.19045631158588e-07 3.57374149473344e-07 3.34818285807614e-07 3.31392224950378e-07 3.38658426812799e-07 3.14556989167158e-07 2.80843087807625e-07 2.68476988196653e-07 2.24301938089866e-07 2.54890578332834e-07 2.39552683467537e-07 2.17570073601792e-07 2.25066035142163e-07 2.32197393046363e-07 3.06543259398495e-07 2.22605263644482e-07 2.13405184013027e-07 2.03479707039378e-07
3.73826380837272e-06 2.82598791727651e-06 1.90682438869771e-06 1.89198386806311e-06 2.55959544119833e-06 2.85447538317385e-06 2.95686140816542e-06 2.69974561888375e-06 2.53739708568901e-06 2.88721580545825e-06 2.48290002673457e-06 1.88333857522593e-06 2.06389591994594e-06 2.44166222955755e-06 1.49615024156446e-06 1.20328458592667e-06 1.07835788298871e-06 9.97341294350918e-07 1.97940686348375e-06 1.76613987150631e-06 1.44811746736195e-06 5.00644031831143e-07 4.11107677678046e-07 8.43822652996096e-07 7.35890733949418e-07 3.74454721452366e-07 2.64986326214967e-07 2.47712235790232e-07 2.63222290186604e-07 3.1185551137014e-07 3.49094192131361e-07 3.31742822368142e-07 3.47870248162963e-07 3.35334895851247e-07 3.22552125453512e-07 2.81379350042243e-07 2.37786328227685e-07 2.00858828947048e-07 2.24270071669253e-07 2.57690672356148e-07 2.09437714460137e-07 1.96887030057269e-07 2.13604287324642e-07 2.36665369612865e-07 2.19369211862386e-07 2.02083450062673e-07 1.91110711256215e-07
3.31622281919408e-06 3.31586174979748e-06 2.12779585808676e-06 2.32472068546485e-06 2.75374059128808e-06 2.68553973228336e-06 2.5160513814626e-06 2.1331385596568e-06 2.45468430648543e-06 2.78236473150173e-06 1.95448146769195e-06 1.40248995990078e-06 1.80702234047203e-06 1.99370072095917e-06 1.81956875167089e-06 1.4368354754879e-06 1.12241012288905e-06 9.21321901614647e-07 1.65079546832203e-06 8.17465686964169e-07 5.71442856767135e-07 5.50677020783041e-07 1.61868633199447e-06 3.8483273243628e-07 4.15909578066476e-07 6.41076891838566e-07 2.83057954675314e-07 2.40037369536594e-07 2.64552767959003e-07 2.95755872059544e-07 3.42992542812226e-07 3.491069236361e-07 3.97986048028542e-07 3.16005630907057e-07 3.31319267843355e-07 2.85070157701739e-07 2.54358386087006e-07 2.19528516964829e-07 1.99512708576322e-07 2.03086317895895e-07 1.94188137925266e-07 2.0343937237044e-07 2.17410649128169e-07 2.49553631448407e-07 2.50998674999892e-07 2.33720746223298e-07 1.75151571824017e-07
5.00954365634243e-06 4.64852682853234e-06 4.16552688875527e-06 2.05407948214997e-06 1.83870166665656e-06 1.88174210506986e-06 2.20701106172783e-06 2.04250377464632e-06 1.75982665950869e-06 1.44663935657263e-06 1.25142219076224e-06 1.17762014610889e-06 1.36476029979349e-06 1.5090921351657e-06 1.61336151904834e-06 1.37307631575823e-06 1.18561483191115e-06 9.61186930226177e-07 8.08354025139124e-07 7.47218845731368e-07 1.36067934022321e-06 8.73584124860827e-07 1.11584981823398e-06 9.33032063699102e-07 3.04004680629078e-07 2.60377373706433e-07 2.22193126830916e-07 2.40435210940859e-07 2.50424316305953e-07 2.90186362406075e-07 3.29676915100663e-07 3.44084813264089e-07 2.77060892983627e-07 3.98273238033653e-07 3.51460512604262e-07 2.91646132666301e-07 2.4091424108974e-07 2.30846727333756e-07 2.16385033269262e-07 2.09427829389597e-07 2.06860305240753e-07 2.06551717951697e-07 2.10283487689367e-07 2.3308342278483e-07 2.26877610032261e-07 2.15461221841906e-07 1.85096095606241e-07
4.58571157651022e-06 5.08391094626859e-06 4.22134103246208e-06 2.02574991590154e-06 1.82803410098131e-06 1.43072883815876e-06 1.63607612648775e-06 1.70295785437702e-06 1.81633046167917e-06 1.57165907239687e-06 1.276804596273e-06 9.64181379004003e-07 9.35369195076419e-07 1.17726611392754e-06 1.26057465195117e-06 1.56678349867434e-06 1.26273279192901e-06 9.98923877659763e-07 6.97661505455471e-07 6.03281392841382e-07 2.66791969352198e-06 2.64986464912909e-06 2.36448054522498e-06 8.61164141952031e-07 9.4727461146249e-07 2.36105784523488e-07 2.41257147592933e-07 2.16234301575469e-07 2.46950726534578e-07 2.74084339224601e-07 2.93601178213976e-07 3.33265208496414e-07 3.07178694924914e-07 2.55001826587886e-07 2.83846391369025e-07 3.01558519311129e-07 2.45498802087241e-07 2.56517641616938e-07 2.1535580359e-07 2.02986210950939e-07 2.02019852224566e-07 2.1139231805023e-07 2.1605946614045e-07 2.14903625561647e-07 2.3541141800365e-07 1.89719546028755e-07 1.81095369100603e-07
7.457605761374e-06 3.84167965421511e-06 3.59139537522424e-06 1.5559813107302e-06 1.32999283550816e-06 1.24790088307236e-06 1.05019666989392e-06 1.20623598718339e-06 1.4856801044516e-06 1.07458752722778e-06 9.03340463764835e-07 7.92809271388251e-07 7.62808986110031e-07 8.4488652021264e-07 7.5725140789018e-07 8.53872086281626e-07 8.07539569791516e-07 6.5154272874679e-07 6.17505961031384e-07 5.39602206117706e-07 4.78763001865445e-07 1.61616643197249e-06 3.97220998706871e-06 1.19665961335613e-06 3.87466901230482e-07 5.87081288472291e-07 5.44945892499982e-07 2.18792856543359e-07 2.19020135716619e-07 7.14960290792987e-07 7.99890926828084e-07 2.61810467350188e-07 3.25988072802375e-07 2.80659099161085e-07 2.66477199772908e-07 2.70114336586857e-07 2.95790567861332e-07 3.47208703033175e-07 2.78495289762759e-07 2.1205311853123e-07 1.99136932366173e-07 2.05804330022374e-07 2.14997715630716e-07 2.02654013037318e-07 2.06198667029867e-07 1.89358472368895e-07 1.6755478142727e-07
3.69349475022318e-06 3.15012571263651e-06 3.28122471273673e-06 1.82226002607422e-06 9.36116737193515e-07 1.07109299278818e-06 8.56813076666185e-07 8.87606390165274e-07 8.50276489927637e-07 7.32185162632959e-07 6.85926605115128e-07 8.10695345876411e-07 6.36673820508804e-07 6.35523360870138e-07 6.76078079209219e-07 7.07718194803419e-07 5.03485797764824e-07 4.23163969287543e-07 5.0766695665061e-07 3.99756834212894e-07 3.98096915432689e-07 7.65864095342295e-07 8.11558970781334e-07 3.3667209109467e-07 1.08534187006626e-06 7.34980470440405e-07 5.73928639369115e-07 2.14033697787386e-07 1.98772635684463e-07 4.73203101591935e-07 6.94018044100631e-07 3.06388764670373e-07 3.02820745901045e-07 5.33638376509771e-07 3.97054591871893e-07 2.47118409646418e-07 2.70171833705035e-07 2.57453736196567e-07 2.44287022610479e-07 2.18026608678201e-07 2.37708635353329e-07 2.13089812461931e-07 2.15942318959605e-07 2.12496642859605e-07 1.9667398660772e-07 1.72050861735329e-07 1.54154090381553e-07
4.19048574258341e-06 3.01658883472555e-06 2.18862018073196e-06 1.08471422208822e-06 7.72766921386392e-07 6.7391239895187e-07 6.90614658083177e-07 6.8046614103423e-07 6.35238797030979e-07 6.49503977001587e-07 8.02670169264275e-07 8.47789218028083e-07 5.71934222648451e-07 4.70714405764738e-07 5.60736407351214e-07 5.41513517759995e-07 3.91478877759255e-07 3.48265239580314e-07 3.90005109807134e-07 3.80928754850629e-07 3.18781164310167e-07 3.78609441042954e-07 3.19538212778525e-07 7.4576603310561e-07 2.67078650040276e-07 2.82734627887748e-07 6.63466047967631e-07 1.94427510180617e-07 2.2158851606946e-07 2.15282484816726e-07 2.06632135757445e-07 3.42155014720902e-07 3.01566986138369e-07 4.0976746618071e-07 2.88554360139415e-07 3.76113591471494e-07 3.96892657761327e-07 2.71576134025509e-07 3.91368369889733e-07 3.10601463127114e-07 3.60070654892297e-07 2.19318258132262e-07 2.16711101330702e-07 2.07064413615399e-07 1.89936777417188e-07 1.58847720754807e-07 1.50388563113779e-07
4.57757200820197e-06 2.99944265407248e-06 1.39606304401241e-06 9.49783265014048e-07 7.60484070383427e-07 5.6516188351452e-07 1.10981760599316e-06 6.75365603797218e-07 7.11066860503706e-07 6.29061892709615e-07 8.67820065764136e-07 7.68744612855699e-07 4.54145526873617e-07 3.69027152657964e-07 3.57416833196567e-07 3.50157368700366e-07 3.03026509840265e-07 2.70007299008057e-07 2.64842230635054e-07 2.45184623182126e-07 2.59147191172815e-07 2.85485615592052e-07 2.90788571533085e-07 2.92888046260487e-07 6.42661773042619e-07 2.74429259405906e-07 2.48096431931799e-07 1.91670648774789e-07 1.9905317572011e-07 1.96435130916939e-07 2.11136294581138e-07 1.9912960738111e-07 4.75377198938531e-07 6.0712164895449e-07 3.657417408931e-07 3.32144099957077e-07 2.7913629949694e-07 1.77456815464438e-07 1.83026598676861e-07 3.04269963180559e-07 2.96203299399167e-07 2.02937259530245e-07 2.0141745693536e-07 2.0010295713746e-07 1.85801104990446e-07 1.63104704142825e-07 1.49618530187468e-07
2.08315072995902e-06 4.87781021547562e-06 1.16050514975541e-06 1.45086527822968e-06 9.5315997441503e-07 8.05821329663559e-07 7.08572636654026e-07 1.26340535757663e-06 1.23456611618167e-06 6.45071207827641e-07 6.44908919866793e-07 5.29036239527159e-07 4.11440336733904e-07 3.67383346144834e-07 3.91202060257001e-07 3.28535155347254e-07 3.69353846707554e-07 3.28438436980605e-07 2.97611392596764e-07 3.26198335187655e-07 3.08253879666154e-07 3.33284729947536e-07 3.24938999796132e-07 3.09698148726056e-07 2.90499275479306e-07 5.84394591385262e-07 3.6211443728007e-07 4.91559713111656e-07 2.09564009168162e-07 2.05947139519935e-07 2.20391723715352e-07 1.91290293827251e-07 2.12334415650162e-07 3.46164169684471e-07 4.09148086077948e-07 3.54410121872206e-07 3.20679393439605e-07 1.6845033314894e-07 1.59484083184225e-07 2.59754072828855e-07 2.3579493415582e-07 3.29132444676361e-07 1.95282602177826e-07 2.18480592195647e-07 1.98018881647499e-07 1.59752142536718e-07 1.52850419965489e-07
