Scripts_&_data/Maxent_result_files_1/Bombus_magnus_2.asc
NCOLS 594 
NROWS 330 
XLLCORNER -15 
YLLCORNER 23 
CELLSIZE 0.166666666666667 
NODATA_value -9999 
[rows 40 to 59 of 330, columns 495 to 539 of 594]
5.56014306994257e-05 9.28759923226607e-05 8.68852017447352e-05 7.61499093187012e-05 6.72522395689157e-05 6.87061335156614e-05 5.04560225635942e-05 6.15709031990264e-05 6.30923485005042e-05 7.33524339011637e-05 6.9163489206403e-05 5.80619792572179e-05 6.80563096693732e-05 4.3496860155301e-05 4.33916944643897e-05 4.61286538666172e-05 5.64646538180114e-05 5.80781300925537e-05 3.98362303826616e-05 4.03300274058438e-05 0 0 3.61750675182293e-05 3.95911959799378e-05 5.74012248193867e-05 3.54958842478936e-05 5.555894464635e-05 0.000228191400674405 -9999 -9999 -9999 -9999 -9999 -9999 -9999 -9999 8.66466727188708e-05 5.4976610404367e-05 3.87539262220571e-05 3.34508508146314e-05 5.12494469660396e-05 4.80968789872804e-05 3.91114999558795e-05 4.1278829814928e-05 4.82186608564916e-05
5.99387580450639e-05 9.35208868213522e-05 9.75762529378699e-05 9.35708852466632e-05 9.17783748263901e-05 6.04724220465869e-05 6.30158650892554e-05 5.19250195793575e-05 6.63813468236185e-05 6.94682455559814e-05 4.36354428529739e-05 5.20653639796365e-05 5.62349993174394e-05 4.99622220104357e-05 4.55560110253828e-05 4.22815207571148e-05 0 0 0 3.87088396053059e-05 3.82545348003305e-05 3.59576166545139e-05 5.38198592209937e-05 5.73425365132607e-05 5.50881551021121e-05 5.08437482949375e-05 3.81780726911529e-05 5.64625166475707e-05 5.30844651223106e-05 3.76222723161845e-05 0.00140284644439816 -9999 -9999 -9999 -9999 -9999 -9999 1.97219156575557e-05 5.67970663567507e-05 3.16668728046921e-05 4.91880999618388e-05 4.8934012073687e-05 2.92675634170791e-05 2.74876462128759e-05 2.64728255899627e-05
5.51987591052239e-05 9.46454244513006e-05 5.95751214859774e-05 7.45780970646592e-05 5.23931938005262e-05 4.96156790177338e-05 4.73375792353181e-05 4.6363511319214e-05 4.54505737252475e-05 4.44050357145898e-05 4.9132038566313e-05 4.26964340476843e-05 4.33657917255914e-05 7.38616509806889e-05 4.88734563305115e-05 4.59483849681419e-05 6.37306051999076e-05 4.88067525111546e-05 5.25365638168296e-05 5.87411811011407e-05 5.64224230174659e-05 6.0444543930771e-05 4.98259237815546e-05 5.48194991210948e-05 4.25464030740841e-05 5.45386563089778e-05 5.79374945004929e-05 3.61605954253719e-05 3.45344342576936e-05 4.81594036216393e-05 0.000615325701755864 -9999 -9999 -9999 -9999 -9999 -9999 -9999 0.000144749706305447 5.64428262379124e-05 4.26390815817967e-05 3.23573873629357e-05 3.69226238206011e-05 2.7469195492813e-05 2.6998440364423e-05
5.63040006113624e-05 6.47046733774914e-05 8.10534279935382e-05 5.19755832101509e-05 5.3237953397911e-05 5.48152556802961e-05 4.86972235194116e-05 5.27161216268723e-05 4.77339530334575e-05 4.4204721780261e-05 4.28453553467989e-05 5.09769028667506e-05 7.22819748034453e-05 4.42512569406972e-05 6.59103068301192e-05 6.41185897620744e-05 6.06522503517226e-05 6.27961914915431e-05 5.74499591152744e-05 6.00679011768079e-05 5.44713985618728e-05 5.77532934926239e-05 5.85137397138169e-05 5.70659799222994e-05 5.75088802918344e-05 4.28557241093586e-05 3.4880420855643e-05 3.22932503422635e-05 5.28211708910931e-05 5.70487256879915e-05 4.02712077416822e-05 0.00017691100074444 -9999 -9999 -9999 -9999 -9999 -9999 -9999 -9999 9.66506105044118e-05 2.83038241214228e-05 2.55037549379722e-05 7.85690930399596e-05 2.51402064122885e-05
7.40595522984222e-05 5.57780195777013e-05 5.35115225829941e-05 7.14681722456589e-05 8.24800486952881e-05 6.30805197033624e-05 6.66256343720306e-05 4.67099401248561e-05 4.55556503766275e-05 4.44644098024583e-05 4.33988449003664e-05 4.17029367326904e-05 4.05788535772444e-05 3.98809628677554e-05 4.1059670775212e-05 4.42714604560024e-05 5.07046066559269e-05 5.51869924606763e-05 6.0950721399422e-05 5.84701278398825e-05 5.80933618834933e-05 4.60683742346646e-05 3.48018661512128e-05 4.18265474962709e-05 5.57311252634918e-05 3.20347484148442e-05 5.25426305330257e-05 3.26703385326255e-05 3.49115441167669e-05 4.39458253936209e-05 3.32418631217024e-05 -9999 -9999 -9999 -9999 -9999 -9999 -9999 -9999 -9999 -9999 3.22158074212098e-05 3.07257810277406e-05 3.21921997908703e-05 3.43142391216134e-05
8.95313850378443e-05 6.51983181342075e-05 9.07181419734116e-05 5.38092186729955e-05 5.31426586576345e-05 8.89887723133143e-05 7.29068619421014e-05 4.71153078251518e-05 5.4453788243336e-05 4.46535474111442e-05 4.34440195931529e-05 4.22876618358714e-05 4.09365926770988e-05 4.06759091674758e-05 3.87859363854659e-05 4.15523050378397e-05 5.38215789902097e-05 5.16539071497846e-05 6.39372976252162e-05 5.39899974000946e-05 5.99468044015339e-05 5.19990460588815e-05 5.0257871885151e-05 4.63128169144511e-05 5.64215438600968e-05 3.81624638521316e-05 3.55099360945133e-05 3.1817394801692e-05 3.12572027041824e-05 5.51505011571862e-05 0.000114636364708076 -9999 -9999 -9999 -9999 -9999 -9999 -9999 -9999 -9999 0.000177634871397458 3.92889634468929e-05 2.09067952539499e-05 1.99077081447285e-05 1.98741148324189e-05
7.00217137818981e-05 7.1903529624251e-05 9.09880894141679e-05 7.80427655627136e-05 5.822195289511e-05 5.04267784890544e-05 6.40592269064655e-05 6.49147104013537e-05 6.05956466642965e-05 4.5033027890895e-05 4.3743931064455e-05 4.28289145929739e-05 4.19095249071688e-05 4.01721623347839e-05 4.90694838163108e-05 5.03278420410425e-05 6.24256737978612e-05 3.93457135345443e-05 3.79370848264671e-05 3.80045663320061e-05 3.6426093748787e-05 3.75289337682716e-05 5.46555368941881e-05 3.6416056377675e-05 3.53175889131307e-05 3.43969277878386e-05 5.34077625616192e-05 3.14338878297349e-05 3.9164465357544e-05 0.000180859047395643 -9999 -9999 -9999 -9999 -9999 -9999 -9999 -9999 -9999 4.28424330010557e-05 2.39781145978668e-05 2.10092813745177e-05 2.13779079274445e-05 1.92525814497912e-05 1.78325486899666e-05
6.62316675516195e-05 5.32719944203563e-05 5.2300679453765e-05 5.22440268468927e-05 8.50130980779795e-05 9.17598175874446e-05 5.49465413314465e-05 4.95408152346499e-05 4.77713325381046e-05 4.40535031430045e-05 4.28704834121163e-05 4.20447900978616e-05 4.11263003570639e-05 4.04014243486017e-05 3.95370804199047e-05 6.56422864039996e-05 7.02832919955654e-05 3.73567373799233e-05 6.07533172683361e-05 3.3011564690355e-05 3.67818714039458e-05 3.70542430630394e-05 4.12300977799873e-05 5.35627374233627e-05 5.54138009647431e-05 5.34357249193818e-05 5.17458018634898e-05 3.42980882464872e-05 3.97024342419172e-05 3.51862494241573e-05 -9999 -9999 -9999 -9999 -9999 -9999 -9999 -9999 3.64664979869644e-05 2.37163942074403e-05 2.96560055687678e-05 3.08370899290367e-05 2.01919463961531e-05 1.93091531400569e-05 1.79857039711351e-05
5.44144008017611e-05 5.45367152881227e-05 5.96331346059742e-05 8.64391137838538e-05 6.60066004002147e-05 4.94223007990513e-05 4.82478573758272e-05 5.36649745754403e-05 4.62962736946793e-05 4.41120341292844e-05 4.34464533555001e-05 4.27041741659195e-05 4.18881403675186e-05 4.21072149947577e-05 4.26954240310806e-05 5.49921527976949e-05 4.54299596697183e-05 6.01832556412774e-05 4.34466865613103e-05 4.13758192081559e-05 4.36112846927017e-05 6.11490233694667e-05 4.72485482205798e-05 4.70555451101973e-05 5.37467526783075e-05 4.28596257165736e-05 3.21317100997476e-05 5.25243826359656e-05 3.81414960884285e-05 3.38662352675101e-05 0.000389879303111229 -9999 -9999 -9999 -9999 -9999 -9999 0.000191337363298771 3.21121897655985e-05 2.44976920612316e-05 2.29315549518105e-05 2.22986035510075e-05 2.04161842816575e-05 2.00387075778963e-05 2.2837905862616e-05
6.46786118522868e-05 5.67546798265539e-05 5.28809106072004e-05 5.13281158418977e-05 4.98882249303278e-05 4.92011459755304e-05 7.52742133499851e-05 7.89100473639337e-05 8.09461521157573e-05 8.09520560778765e-05 8.30338228524852e-05 5.38220941507461e-05 6.19325126308468e-05 5.75836787675144e-05 6.90889189399968e-05 5.90351391849708e-05 6.88469139504377e-05 5.42288996030038e-05 4.72605589834529e-05 6.0687663869885e-05 5.02445052802614e-05 4.33844503731962e-05 3.97411969629502e-05 4.36408954499257e-05 5.99320963999617e-05 3.98387430550429e-05 3.11933473881254e-05 3.06438755728777e-05 3.45665765621561e-05 4.52050733088072e-05 0.000157167512043088 -9999 -9999 -9999 -9999 -9999 0.000132914149526187 3.05659595497332e-05 2.66221324864091e-05 2.60235192968139e-05 3.03540297068139e-05 2.23801319748418e-05 2.05472818038288e-05 1.98917005491239e-05 1.82232219913203e-05
-9999 0.000135953965673252 8.76600010542461e-05 8.36995075360392e-05 6.68031811528635e-05 4.90003248614812e-05 5.13783728820272e-05 5.78162477722799e-05 6.27370643201175e-05 5.48441266118971e-05 4.86430314765585e-05 7.13874142434179e-05 6.09020525189408e-05 5.64164326760874e-05 6.80453704603678e-05 5.64601738574311e-05 7.56692329559883e-05 4.18496516431333e-05 3.69068402505945e-05 7.13131540805989e-05 4.8594201382457e-05 3.98113223241126e-05 4.64894096921853e-05 4.26843629043105e-05 3.33545787043477e-05 3.22664757845814e-05 4.39756991454487e-05 3.30824239313188e-05 4.38597237973681e-05 3.63770661095941e-05 -9999 -9999 -9999 -9999 -9999 -9999 -9999 0.000334330701298313 3.05068000230335e-05 4.15654224639184e-05 3.21828505548183e-05 2.22058767803901e-05 2.05154586410572e-05 1.95365561694416e-05 1.85285533689239e-05
-9999 -9999 -9999 -9999 7.32622727014132e-05 5.3225343071972e-05 4.88434193357534e-05 4.84741854506865e-05 6.07109755264901e-05 5.3366849692793e-05 5.50170678252471e-05 8.3618388339346e-05 7.28086114804682e-05 4.64909975335104e-05 5.30575518951082e-05 5.41940325092582e-05 5.38241440835918e-05 6.16990583466759e-05 3.59057315336031e-05 3.56474620048175e-05 3.43743193980117e-05 3.34562716489018e-05 3.44652643548216e-05 6.31827532288298e-05 4.67503234233391e-05 5.6672209205999e-05 3.37732363732357e-05 3.15332972149918e-05 5.21350361168515e-05 3.44219993593242e-05 4.93716738674266e-05 -9999 -9999 -9999 -9999 -9999 -9999 -9999 0.000255103952804347 3.70582276104869e-05 2.33273735148032e-05 2.16610393863448e-05 1.99945571921489e-05 1.8229287138638e-05 1.80138049699963e-05
-9999 -9999 -9999 -9999 5.9819877890277e-05 8.55187642855526e-05 4.83248558794003e-05 4.79679683394352e-05 5.27998095094517e-05 5.73690330838872e-05 7.49457231904671e-05 8.45816730702609e-05 3.43884885523948e-05 4.36932657748912e-05 3.97273832049905e-05 6.61228562762517e-05 4.81001782816293e-05 4.64922228928799e-05 4.46231656809459e-05 4.25677925818491e-05 5.90653952599496e-05 3.35209272179782e-05 4.45408503537692e-05 4.01048796788928e-05 3.58404146595603e-05 3.13306088969512e-05 3.81002438075484e-05 5.74398494393336e-05 3.84607713854734e-05 5.74195274225531e-05 -9999 -9999 -9999 -9999 -9999 -9999 -9999 -9999 3.75836790880157e-05 2.73531179232123e-05 2.19057326830807e-05 2.11796028906974e-05 2.02751174811056e-05 1.88269297041188e-05 1.72462946011365e-05
-9999 -9999 -9999 -9999 -9999 0.000158314481086563 8.58229825780654e-05 8.92465073093263e-05 5.06670588151792e-05 6.41489831423314e-05 4.41231463355507e-05 4.69158472014897e-05 4.89787306150902e-05 5.02608424540085e-05 4.3793592953989e-05 5.11800170329479e-05 6.72001753741824e-05 3.65219073273693e-05 3.55300207615983e-05 3.46738506209476e-05 3.35888907670778e-05 3.28386024420979e-05 3.18838912107822e-05 3.17546388032497e-05 3.29911071276001e-05 3.11917541921503e-05 3.30597537868016e-05 4.71784905698769e-05 5.74916223968103e-05 3.60585025944715e-05 -9999 -9999 -9999 -9999 -9999 -9999 -9999 -9999 -9999 -9999 -9999 -9999 -9999 -9999 -9999
-9999 -9999 -9999 -9999 -9999 -9999 -9999 0.000475953733985079 -9999 0.000102352525405536 4.72504358526749e-05 7.45828652725322e-05 4.34549275723839e-05 4.29391270699853e-05 3.96156453916774e-05 3.86206271969058e-05 3.73618154981159e-05 3.62126956702014e-05 3.51967088704441e-05 3.61771815278189e-05 3.2935013439328e-05 3.22250577596606e-05 3.20182951327297e-05 3.13365688157319e-05 3.13581429054466e-05 3.08238046841325e-05 4.71454486671519e-05 5.34409139021363e-05 5.7874552027215e-05 3.6875740605069e-05 0.000385841725801583 -9999 -9999 -9999 -9999 -9999 -9999 -9999 -9999 -9999 -9999 -9999 -9999 -9999 -9999
-9999 -9999 -9999 -9999 -9999 -9999 -9999 -9999 -9999 0.000129427716387909 5.99648708771383e-05 4.42953937863422e-05 4.56843462870893e-05 7.62856277901847e-05 4.89737416870639e-05 6.2115809947727e-05 4.91183877556978e-05 6.80899651626987e-05 3.69205838978814e-05 3.70977701209085e-05 3.70730000440744e-05 3.28272189335621e-05 3.23862321579327e-05 3.4753237912355e-05 3.08001591747598e-05 3.00599457432327e-05 2.923808159494e-05 2.90345427856664e-05 5.24619802490633e-05 3.55067331994974e-05 7.42846264671471e-05 5.11481452093676e-05 0.00036075267707929 -9999 -9999 -9999 -9999 -9999 -9999 -9999 -9999 -9999 0.000489955284865573 0.000213263938348973 3.22592383895426e-05
-9999 -9999 -9999 -9999 -9999 -9999 -9999 -9999 0.000364924762106966 7.53482920913484e-05 5.32651631942827e-05 5.70262299277147e-05 7.19601191349284e-05 6.33591871064709e-05 6.59136644344471e-05 4.1062688171678e-05 4.84015099118551e-05 7.12544881764643e-05 5.3441718398517e-05 3.46112170291235e-05 3.34779479203462e-05 4.18762968536157e-05 3.34763338173616e-05 3.20696619269256e-05 3.07862974636919e-05 3.02393671177015e-05 3.64398438250646e-05 2.95232783059873e-05 2.89472774397836e-05 2.86797152853069e-05 4.91639594599746e-05 2.76415755024573e-05 2.76214402106234e-05 4.73604420051288e-05 3.92226244748883e-05 0.000408086469542468 -9999 -9999 -9999 -9999 -9999 -9999 2.07316702699245e-05 1.75382654560963e-05 1.64142756602814e-05
5.37338891263062e-05 9.18114087653521e-05 0.000508359407831449 -9999 -9999 -9999 -9999 0.000135018320042946 3.99137283011441e-05 4.69133692831747e-05 6.99955929462703e-05 7.04929195535442e-05 3.87848169339122e-05 5.02236045349491e-05 7.83549933828453e-05 5.94307869732802e-05 3.7849738771456e-05 3.53057838083259e-05 3.78082217025622e-05 6.36652009006866e-05 3.59984041210737e-05 5.37044134205189e-05 4.81229882154821e-05 3.71981271314326e-05 3.05681957911474e-05 2.9549066960044e-05 2.93892214585867e-05 3.2853691436685e-05 2.91675395715174e-05 2.84192780554804e-05 2.78818380365919e-05 2.71611347898215e-05 2.64557745367711e-05 2.60760541550553e-05 3.48406553030145e-05 0.000207324248185614 -9999 -9999 -9999 -9999 -9999 0.000163357011297194 1.99499166228634e-05 1.80101197202021e-05 1.65107147495291e-05
4.65808016087976e-05 4.24946226303291e-05 3.86513214380102e-05 7.7705130877348e-05 -9999 -9999 0.000140214293651297 4.9779038079123e-05 3.81237498231712e-05 4.94520087841011e-05 4.17934402548781e-05 4.35244178220273e-05 3.84726276024594e-05 6.07989484535665e-05 7.76782487605487e-05 4.50662622711207e-05 4.05489624426991e-05 4.40840164060319e-05 5.78851247212242e-05 5.1062699844806e-05 3.56862718561501e-05 3.81206395637435e-05 4.43987227981779e-05 5.43242475146144e-05 3.03296049992241e-05 5.98012373359325e-05 3.93455031939993e-05 3.69672536635335e-05 2.95900843980235e-05 2.82066315548946e-05 2.75059552905077e-05 2.69175654921128e-05 2.66636201558867e-05 7.44458830808981e-05 -9999 -9999 -9999 -9999 -9999 -9999 -9999 -9999 0.000356186569479178 2.2333795322993e-05 1.78324666194385e-05
3.91693762139766e-05 3.85571322567557e-05 3.63461096640094e-05 4.25331625365288e-05 4.22086554635825e-05 3.90923612258121e-05 3.86317432230499e-05 7.86189134487358e-05 4.39044165432279e-05 8.02048785374154e-05 4.26623235398438e-05 3.70137827758299e-05 3.78512014322041e-05 3.95548194660478e-05 3.73821912603489e-05 3.77230772755865e-05 3.60253317694514e-05 5.63960905054728e-05 6.45961001708884e-05 3.79274176623312e-05 3.57702736373255e-05 4.41072357844519e-05 3.57107745202256e-05 3.98446891153981e-05 4.83996603122705e-05 4.76413159248068e-05 5.062419126034e-05 5.00796642313617e-05 2.88788860871136e-05 2.80540319863576e-05 2.7437064136393e-05 2.65209120243526e-05 3.34407303171247e-05 -9999 -9999 -9999 -9999 -9999 -9999 -9999 -9999 -9999 -9999 -9999 2.80087610462942e-05
