Scripts_&_data/Maxent_result_files_1/Bombus_campestris_3.asc
NCOLS 594 
NROWS 330 
XLLCORNER -15 
YLLCORNER 23 
CELLSIZE 0.166666666666667 
NODATA_value -9999 
[rows 132 to 153 of 330, columns 200 to 249 of 594]
-9999 -9999 -9999 -9999 -9999 -9999 -9999 -9999 -9999 -9999 -9999 -9999 -9999 -9999 -9999 -9999 0.107070037722628 0.0847348004579768 0.111430773139015 0.111678799986852 0.0761511266231702 0.0901091337204226 0.110705122351662 0.0636811256408826 0.105449178814901 0.101642549037944 0.104711538553252 0.0980458021164054 0.0668443113565507 0.14754233956343 0.0609669357539327 0.0715408086776807 0.0932297527790163 0.0942574054002852 0.0959982126951321 0.0540325060486846 0.0941733419895284 0.0905137941241378 0.0787323281169009 0.0918162658810706 0.077084209024913 0.077885349094876 0.0773557886481362 0.0749725133180691 0.0706128180027071 0.0550336122512874 0.0725481480360108 0.0756774842739193 0.0630077213049064 0.127674490213451
-9999 -9999 -9999 -9999 -9999 -9999 -9999 -9999 -9999 -9999 -9999 -9999 -9999 -9999 -9999 -9999 -9999 0.0910224854946385 0.102622970938692 0.115839409828201 0.118143829703348 0.116850215196626 0.113857781887071 0.163472956419019 0.127319577336326 0.0643959403038094 0.0958197236061194 0.0565169245004715 0.0937826156616329 0.0857053667307 0.0674745768308706 0.0622476458549651 0.0917242586612793 0.0301691971719297 0.0925827145576565 0.0747704356908955 0.0795156598091405 0.0829527303576571 0.0736540898680765 0.0760998055338934 0.0755830109119497 0.0817857131362058 0.047614663839344 0.0740136086940834 0.0961194470524914 0.0583824291825364 0.0981311500072603 0.070589874684819 0.0104831688350202 0.0551109582185796
-9999 -9999 -9999 -9999 -9999 -9999 -9999 -9999 -9999 -9999 -9999 -9999 -9999 -9999 -9999 -9999 -9999 0.112667748332038 0.11362964510919 0.113401246070877 0.119596430659312 0.111518847942368 0.112750571966185 0.112602636218084 0.0677036583423688 0.0992932856083022 0.0940542906522848 0.0661963999271461 0.0847082346677872 0.0856218382716282 0.0859774261713124 0.0876578286290253 0.0894937396049584 0.0664352029562062 0.0570903733372746 0.0926004245877373 0.0813709005713546 0.0750445604324422 0.0714971601963119 0.0726368114352305 0.0856014147400952 0.127060666680351 0.0742965936660836 0.053761404752742 0.112492674589168 0.0889773473143678 0.0747513577342138 0.0912147939205284 0.0857154175639276 0.0873549997806798
-9999 -9999 -9999 -9999 -9999 -9999 -9999 -9999 -9999 -9999 -9999 -9999 -9999 -9999 -9999 -9999 -9999 0.0601208332140333 0.121885603666339 0.111509674787536 0.116973730921761 0.116636821627632 0.102303054928791 0.111392259597794 0.103420093655598 0.0984015434980503 0.0763365894556111 0.0522400632500695 0.0160880282853311 0.0840306639671413 0.084023104608067 0.0898625284433459 0.0907052710652439 0.0942187994718646 0.096329522132883 0.0569494530558647 0.0803919643163765 0.059691438078888 0.0705636084079814 0.0696597576141421 0.0733515009284087 0.068981815874583 0.0784011706709937 0.0487970903515912 0.0903768509626482 0.0869945645332438 0.186725813150442 0.0984363734722267 0.0893472075462451 0.0111376881846057
-9999 -9999 -9999 -9999 -9999 -9999 -9999 -9999 -9999 -9999 -9999 -9999 -9999 -9999 -9999 -9999 -9999 -9999 0.0541271895170382 0.119358384609237 0.112484720349326 0.125097599625602 0.119199636578573 0.102177682518991 0.120621284842508 0.109424948692336 0.0934981346130468 0.0893214702606304 0.0879821375012489 0.0876516476273621 0.0871098205447279 0.091141037642965 0.0965884447097885 0.0641272902488849 0.0407412506639993 0.0603336051106499 0.071400974690921 0.0671941712498727 0.0641452550888174 0.0728250712156368 0.0913999438285909 0.0780749484896738 0.0892926648259255 0.00284871961921453 0.151105704903638 0.174103999137908 0.103473481535928 0.0796641811728565 0.0691728711128301 0.0696226015687047
-9999 -9999 -9999 -9999 -9999 -9999 -9999 -9999 -9999 -9999 -9999 -9999 -9999 -9999 -9999 -9999 -9999 0.124133917689337 0.0824082896113496 0.123740747571007 0.150148859620115 0.125633096694977 0.137632843852059 0.136660373210927 0.190854141116178 0.0817662239074808 0.105221709609044 0.0948496729135612 0.100654152035724 0.0962688952684503 0.110697993636143 0.103109803795824 0.0910397186875437 0.0865575075149625 0.0850764825940219 0.0674034804105927 0.0484546080231805 0.0705512687563978 0.0626388654112882 0.0743893444538196 0.0766997262835585 0.0599269628524841 0.0677588507533138 0.109985953569427 0.006829671561718 0.143561786413222 0.0864524379372695 0.0862637817859745 0.0665949925780369 0.0591055765748078
-9999 -9999 -9999 -9999 -9999 -9999 -9999 -9999 -9999 -9999 0.150643080472993 0.106604485213765 0.188053822517419 0.131084233522429 0.0614831351708072 -9999 -9999 0.090048116445552 0.066329939663419 0.119892382621781 0.119040077924742 0.0611531436443393 0.0439941033721023 0.0391070686280771 0.0822374686598874 0.105581617355361 0.0978481709957235 0.0894400507211771 0.0825316652655689 0.0936427816748723 0.0863994717598078 0.0535098150372567 0.0735853195190605 0.0914676308632333 0.172426968813023 0.141885009408016 0.0885125249624346 0.0726825132966112 0.0826695844531146 0.0797881007194604 0.048077021539216 0.0811270639300433 0.0786605268716891 0.0866937264800174 0.0767061397433365 0.0927389368414986 0.0873764768242932 0.0882018968463804 0.0849317982792952 0.0900148421526061
0.0446077167987942 -9999 -9999 -9999 -9999 -9999 -9999 -9999 -9999 -9999 6.41942093482673e-05 0.116049671173112 0.615891867876053 0.121226224303307 0.13598721027376 0.139243823289889 0.079070101678381 0.128345438838024 0.125420427322407 0.117031630873696 0.114361178874982 0.112075746059431 0.113787192106262 0.0721290558576656 0.0397373951971579 0.037500382214789 0.0317269600927865 0.0308036893606219 0.0723830789327694 0.033259619772438 0.0772547140717611 0.0967037245631339 0.0882459208369349 0.055952444672594 0.0152449474161035 0.10141723752023 0.07735114842654 0.0565866678953277 0.118926736712471 0.0725914165377709 0.05476602017881 0.117830187082354 0.0990575700998667 0.123928484320656 0.0919218346476656 0.092623111605655 0.0750895157456467 0.0975473240018015 0.0922894477844327 0.0877087086439224
0.151955038309187 -9999 -9999 -9999 -9999 -9999 -9999 -9999 -9999 -9999 -9999 0.114987991750249 0.0917874991893873 0.13485065400602 0.131971690058724 0.0175864960998334 0.126445803046244 0.123339620232596 0.122651124000567 0.0754096940159902 0.0587628573179385 0.0726644366979754 0.0427358672022866 0.0189203657209926 0.0331287927925625 0.0358291998505632 0.0699104622006485 0.0384214885532898 0.0309167750179798 0.0944685950875379 0.0731587469577949 0.0833764880895691 0.106074297428142 0.108536642789856 0.0904302179813488 0.0756453007459719 0.080741843581208 0.0638211011886676 0.0678764641285027 0.0748611479997728 0.0871675074100731 0.0996341824531869 0.0870261371135813 0.0914422526955704 0.0803814306855299 0.0933148324489684 0.092122048139581 0.0615689352154797 0.0674478828907099 0.0678806483745636
0.0808084875349468 0.185769742727346 -9999 -9999 -9999 -9999 -9999 -9999 0.0446078196168044 0.063884715735918 0.131548357009905 0.134281212091463 0.131573709845561 0.131509676575677 0.124276387691514 0.125880077481284 0.113541546463979 0.117955937981618 0.116614666581167 0.110915195941937 0.105793726444256 0.10414081811906 0.0314454004168545 0.0931279867887586 0.0975753962993748 0.0813862726092426 0.140632900595684 0.0665709570050295 0.0708994999528001 0.0298626109957727 0.072727562487131 0.0557286202907629 0.0259788416326071 0.0872586503625006 0.0926402956247576 0.0638932585716314 0.100513303279889 0.0908584088087187 0.111910843849198 0.109315665066257 0.131481829285643 0.0767656445503315 0.0781177639961329 0.0861178666353312 0.0904298409819689 0.0471510976553057 0.0742377132177432 0.0772507190704433 0.0535987570881952 0.0539985954761567
0.13419406712057 0.0960772722959795 0.0314597234129983 0.0183015281334537 0.0446351327002104 0.0256099198013562 3.43058914609173e-15 0.135595434904117 0.122284346818941 0.123575443029418 0.125572061538711 0.126844424009338 0.128666418790833 0.125144070386901 0.0924688994884717 0.108366981148732 0.110669863224041 0.0343076214194335 0.100014063715945 0.120497748255744 0.116386118531238 0.0956626564264408 0.0855136737227535 0.0725007474422591 0.0697453752160145 0.097908321022995 0.0996740996837711 0.06476241946221 0.0860024228692139 0.0620476946234768 0.0388749860227142 0.109793159365665 0.140893140435235 0.103232368826882 0.0999628975987567 0.0896093130111798 0.101472476124778 0.123835530877135 0.0961029306054236 0.0828935131430711 0.0858414486050693 0.0684364795684884 0.0863750457763753 0.0938311561942205 0.0893189206719499 0.0744666546583249 0.0748289629817085 0.0699568882584633 0.0703601464629236 0.06941681206227
0.0859197854995963 0.08400964885951 0.107028642296816 0.0320193462073835 0.0219413205981315 0.021654738858345 0.0756075650453708 0.0244747467339108 0.118342080712334 0.121359214186683 0.118704435229315 0.108719089627279 0.146231374144574 0.0961633026599993 0.118801799416556 0.127941071987165 0.030894771963361 0.0788583800196722 0.0546283423900697 0.0755000799894407 0.552679813615601 0.0981511682272054 0.096753925085081 0.0742832973599524 0.0455813601613144 0.0441023901105003 0.0785232007503582 0.14443564414982 0.00647573098540319 0.0703139111399732 0.090771055221568 0.097260916233078 0.0802966982126335 0.107686313986795 0.11079652905466 0.157800972461736 0.176472690701523 0.140406695008311 0.0984984427690619 0.0825945675373153 0.0466880798339888 0.079799249768266 0.0793076857924543 0.0791339457035141 0.092710137367258 0.0771133989095775 0.0787623271346184 0.0741370767355052 0.0841921284794896 0.077629590034492
0.0780031353235435 0.0981640875339788 0.126482525467886 0.0723017871379925 0.0210196904838129 0.107111614942562 0.0694388508796853 3.53779065220827e-07 0.0255037273746044 0.0750026673078736 0.155965286493323 0.116153377294553 0.102521309256582 0.0256935567189663 0.077513447404265 0.109901994466811 0.0798416271805839 0.063910445570954 0.0407111376523999 0.0575921744108248 0.0724363625049648 0.0371294721961052 0.0696434795856535 0.149344027042406 0.0734331041574605 0.0852346837520668 0.0762410193681786 0.100996702909492 0.13431853652004 0.128823080658928 0.125962853431729 0.14021376669409 0.0816935300827295 0.140963587164902 0.142064106464416 0.188868314027821 0.162715348601367 0.0837314531207186 0.0821182236075479 0.0851680785417639 0.0634304732084334 0.0732805937528819 0.0984020784497349 0.098732064664373 0.0914484277367692 0.0785337343812073 0.0683050632476883 0.0679638415575096 0.0895897030830491 0.0868303403258416
0.162692821025877 0.105463436245932 0.117027881741536 0.0834511160850684 0.0923437252640815 0.076143592596068 0.0585809260606904 0.00955447556009215 0.104632341861738 0.0798197180032995 0.0753719732165426 0.11658537983896 0.101877290010487 0.104030752182045 0.0855679765343768 0.107771477103244 0.062054434418684 0.0365618936717546 0.0448243223130753 0.0247469097376615 0.0462312310934119 0.0486536145210374 0.0644717201590601 0.0420958980917992 0.0871650367975379 0.0734637066721994 0.0633781328797384 0.0800438806414678 0.0875644057989224 0.0869158416986566 0.0591199427844955 0.0954619675874792 0.0721171438694218 0.088399785757095 0.0470097571611501 0.0738525599241461 0.0615873172879281 0.0801361694932061 0.0816214725375249 0.0860653087496846 0.085433581471451 0.0885544225573627 0.104420150816452 0.0366794869303797 0.0916633367538562 0.087184844911108 0.0834046706557363 0.0934240549802891 0.0603144966065941 0.0755464971065606
0.103640511632598 0.0838685959577877 0.0493911504745547 0.06885640621187 0.0655805438757084 0.0839128613472057 0.0965186536312188 0.0796217948198519 0.0683346778154515 0.107066273689281 0.106358271837246 0.0765621960163354 0.204931634664573 0.168784427642851 0.0582487836480207 0.0988126426935495 0.0589038997888703 0.0656399890780535 0.106050965189946 0.0978016093373427 0.0913904547691591 0.0346936151385364 0.036719967424876 0.0599761724472088 0.0545027047395801 0.0677901700139103 0.0444015897810508 0.0722275987267553 0.0463861525058841 0.0828038945794178 0.043466030061254 0.0588954627513996 0.0827381759882231 0.0766323089599764 0.0579478994011935 0.0751086026430269 0.0804941222071743 0.0803949505090788 0.0627186417579798 0.0847421735525209 0.085721191763887 0.093647502362739 0.114295595884338 0.108264648914351 0.0595687508583213 0.0508091837167842 0.02518092542887 0.0915846854448394 0.0859513834118939 0.0658748611807895
0.0806547880172957 0.0880546718835917 0.0690112382173675 0.015962598472953 0.029136373847726 0.0982306540012449 0.108825474977508 0.0853366404771992 0.101560407876979 0.0789064094424326 0.123009684681904 0.0836905017495237 0.0841334313154431 0.152756011486076 0.139573833346386 0.0824451938271616 0.0554899036884363 0.0463079273700755 0.0464634135365521 0.0394425444304976 0.0379367917776138 0.0282046779990241 0.0578370571136516 0.047362546622757 0.0444326534867326 0.0443486131727749 0.0280557975173049 0.0167870212346329 0.0376631803810631 0.0778457194566808 0.0581528574228399 0.0674198806285978 0.0364480718970376 0.0461670517921549 0.0159203991293942 0.0780621647834854 0.0866605520248504 0.0590008318424401 0.0896995827555763 0.084226693212996 0.0576949968934119 0.0952182486653439 0.08825058788062 0.0913919702172379 0.0787218481302333 0.066243118047721 0.0794199869036753 0.0234918206930186 0.0681362420320575 0.0638006374239982
0.0904700547456818 0.0155567698180712 0.0433450721204314 0.0576750040054434 0.0874377042055203 0.0908426180481999 0.0698681414127492 0.0938588470220654 1.1022719403897e-10 0.0651582837104921 0.0720525920391216 0.0690877526998656 0.103961798548707 0.0462878927588498 0.0727259635925368 0.0596296340227176 0.0350827433168922 0.0414530113339456 0.0291385695338291 0.0383528731763397 0.0397725313901937 0.0297532811760947 0.0233431696891827 0.0347413390874915 0.066813960671431 0.0315058894455463 0.0663023114204458 0.0459131151437818 0.0800861865282281 0.0965449124574987 0.086893475055705 0.112450379133239 0.0523464649915817 0.0541802823543653 0.0553426355123623 0.0769305214285922 0.0746138215065184 0.0769559428095887 0.0281767599284679 0.064806661009795 0.0930134624242878 0.0884806558489908 0.0841245770454501 0.0922634229064097 0.0758487537503313 0.0345432989299331 0.0291787244379568 0.0215407881885789 0.0236653115600372 0.0283590819686679
0.071691986918457 0.0982332423329787 0.067488110065474 0.0849100857973171 0.06801371574403 0.0755129322409702 0.032902923226363 0.0634572684764984 0.095242080092442 0.066386902332318 0.0880508899688795 0.0830189213156768 0.0616031050682195 0.0248361803591275 0.0216367270797511 0.0423041418194839 0.0471417196095031 0.0389976240694556 0.0356803819537221 0.0288440920412615 0.0454407490789922 0.0271305635571501 0.0410649046301926 0.0213523209095037 0.0663551867008317 0.101175472140321 0.0446507290005768 0.0421927541494451 0.0493933178484619 0.0665376007557126 0.0961289077997329 0.0738070935011102 0.0923475012183299 0.0494986891746643 0.0545046061277491 0.0746851563453742 0.060963231325166 0.0734253644943304 0.0499516069889149 0.103665801882754 0.0819124951958734 0.0724356532097044 0.0602235868577374 0.199641644954721 0.126395872235319 0.0705773174762907 0.0535580903291861 0.0667901158332881 0.0218122422695184 0.026227610558274
0.0624593079090246 0.109168237447768 0.101759728789354 0.0689411446452217 0.0291342392563853 0.06860914528371 0.061373522877987 0.0549721688032241 0.0148384116590057 0.0318299435079126 0.0708328694105211 0.0241964809597914 0.0757373407483168 0.025794970244174 0.0185833059251326 0.0169035438448206 0.0297248959542248 0.036706771701577 0.0326756834983877 0.0415103316307097 0.0300967335701033 0.029408246278767 0.0477307498455089 0.0055741634219899 0.0261441785842202 0.0444383263588033 0.0209079004824203 0.0533094882965178 0.0771059885621138 0.0786107301712108 0.0955960124731148 0.0973563537001715 0.0782097592949955 0.0965907812118647 0.107214638590827 0.0874721542000879 0.050772835314287 0.0833759829402048 0.082682520151146 0.0861549019813628 0.075504507124432 0.0801758393645381 0.0874597579240904 0.0919680029153945 0.10901720523836 0.0751550853252488 0.0678764700889661 0.0665330961346686 0.0670424863696171 0.0634789347648684
0.0482475295662958 0.0222417768090983 0.020505931228401 0.0788104772567894 0.0696560233831537 0.0824611634016096 0.0789207428693833 0.0938352465629651 0.0275808081030872 0.0468575462698976 0.0639622807502802 0.0659087285399496 0.046517623960979 0.0678966492414523 0.049031585454945 0.0406563289463553 0.0354217320680676 0.0381424412131337 0.0264678932726421 0.0409962855279482 0.05268770307303 0.0515226989984623 0.0376885354518948 0.0181112147867695 0.0286514714360285 0.013641222566369 0.0478068083524784 0.0408502764999902 0.079839126765735 0.0204254180192992 0.0272961750626613 0.0813247293234131 0.0747275650501378 0.076987877488145 0.0774595528841104 0.0759628355503167 0.0661084860563344 0.071440581977375 0.163719749450709 0.0914989724755401 0.0770302101969802 0.0502692773938313 0.0608096599579005 0.0623130120337072 0.00359752885997296 0.0593405708670675 0.0550982497632562 0.0554645374417381 0.045913586020482 0.0821294441819275
1.22743348818233e-10 0.00908018834895077 0.0192217916250246 0.0257919222116513 0.139882910251662 0.0221549580805061 0.0713194489479137 0.0861472815275325 0.00984832607209828 0.0268699057400252 0.0243310831487202 0.0266522310674214 0.0376565545797416 0.0544155925512351 0.0343693390488677 0.0408667981624632 0.0277688995003735 0.0263990558683908 0.038836281001575 0.038989938795574 0.038847939670241 0.0322575330734314 0.0559355974197431 0.0566864028573078 0.0737026080489209 0.0662665963172963 0.0723938345909176 0.0767562568187783 0.0632592052223601 0.0583302021026727 0.0611603409054635 0.0928386762738341 0.103695024549973 0.104896208643924 0.0928153812885407 0.0462836831808183 0.0228011123836089 0.0501194968819664 0.0757519870996658 0.0446183249354416 0.0779972508549776 0.0644886538386417 0.0380550302565143 0.0794071868062113 0.0980815619230373 0.0548042096197654 0.0294206894934209 0.0699060261249618 0.0558096006512695 0.0496858589351228
0.0668264105916073 0.0413493320345928 0.0159588769078278 0.0228886760771311 0.0419361487031017 0.0221861436963102 0.0587676346302156 0.0744503557682113 0.0518117412926367 0.0399608165025757 0.0342682614922548 0.0136278487741964 0.058224374055868 0.048410205543049 0.0519245952367869 0.615891867876053 0.0535523712635115 0.0283170834183756 0.0310361608864083 0.0393632665276593 0.0473389662802252 0.0612864091992422 0.0532360047102051 0.0437155887484626 0.064774674177175 0.0444507911801414 0.0716636061668455 0.0775232583284527 0.0754678249359209 0.0847575411200612 0.0390655308961953 0.025121999531987 0.0260070450604017 0.0524446487426866 0.0775294959545223 0.0821697458624939 0.0331028737127818 0.0725557804107747 0.0492098867893323 0.0723764121532506 0.109128957986844 0.046686407923706 0.0989812225103511 0.0164530385285633 0.0363818705082031 0.0478621929884076 0.0474850788712612 0.0685843244195053 0.0556593686342298 0.0577404066920337
