Scripts_&_data/Maxent_result_files_1/Bombus_persicus_2.asc
NCOLS 594 
NROWS 330 
XLLCORNER -15 
YLLCORNER 23 
CELLSIZE 0.166666666666667 
NODATA_value -9999 
[rows 220 to 239 of 330, columns 315 to 359 of 594]
-9999 -9999 -9999 -9999 -9999 -9999 -9999 -9999 -9999 -9999 -9999 -9999 -9999 -9999 -9999 -9999 -9999 -9999 -9999 -9999 -9999 -9999 0.000107644681520469 0.0119275314733386 0.00524629175197333 0.000183416510844836 0.0234618389047682 0.0711277730762958 0.00509153851307929 0.0428548728115857 0.418575954437256 0.41774789839983 0.510571825504303 0.596929037570953 0.0961366811767221 0.669458365440369 0.54824462980032 0.472653958201408 0.920340067148209 0.582715886831284 0.0173402996733785 0.0578841098584235 0.037558032758534 0.0676866699010134 0.115784032270312
-9999 8.86512361830682e-05 -9999 -9999 -9999 -9999 -9999 -9999 -9999 -9999 -9999 2.21725254050398e-05 -9999 -9999 -9999 -9999 -9999 -9999 -9999 0.000166702758360771 5.5972377595026e-05 0.000259604990424123 0.259361478686333 0.279568487405777 0.150366607308388 0.0903537662699819 0.109572862461209 0.0494212998077273 0.335524286329746 0.331602749228477 0.49847424775362 0.546397763490677 0.15886348746717 0.716127622127533 0.755432319641113 0.658172300457954 0.797391736507416 0.525069965422153 0.764921873807907 0.724055543541908 0.443833245337009 0.338413343578577 0.267953735589981 0.0447769092395902 0.0821711713448167
0.00010608216161927 0.000131935309036635 0.000507878218195401 0.000101632494988735 4.57579479189008e-05 -9999 4.5529026465374e-05 5.84920615438023e-05 2.91564472263417e-05 0.000353217759402469 8.73817869432969e-05 0.000125957734780968 3.7163395427342e-05 0.000194412938435562 9.34945783228613e-05 2.65631460024451e-05 8.63662456140446e-05 0.0003641857249022 0.000225509006122593 0.00347872509155422 0.00567645919509232 0.25711173787713 0.298112419247627 0.25362673252821 0.556325553357601 0.364069704711437 0.904264777898788 0.95557074546814 0.87204601764679 0.52636541724205 0.740831565856934 0.685077276825905 0.651380282640457 0.796697664260864 0.781949299573898 0.881610029935837 0.763802456855774 0.793325924873352 0.805814111232758 0.77305166721344 0.92468798160553 0.514988449215889 0.199480928480625 0.306848326325417 0.356969636678696
0.00210428345599212 0.000118907824435155 0.000267776962573407 0.000365727340977173 9.14478872800828e-05 9.62080834142398e-05 8.31140834634425e-05 0.000469349941704422 0.000512171653099358 0.00115157637919765 0.0194974387995899 0.113580027967691 0.00312136579304934 0.0318890988826752 0.00223756163031794 0.0212956618983299 0.00289721402805299 0.127006218954921 0.0175224144943058 0.697214198112488 0.455280223488808 0.337307788431644 0.727488604187965 0.758188009262085 0.683624428510666 0.795644325017929 0.730149048566818 0.824071925878525 0.78823356628418 0.869261062145233 0.777769809961319 0.901386207342148 0.950676900148392 0.699764883518219 0.348657487332821 0.278617297112942 0.569751518964768 0.60391286611557 0.774329119920731 0.668475919961929 0.969114089012146 0.991922336816788 0.970441818237305 0.727690559625626 0.238069371879101
0.00665099010802805 0.0166299199685454 0.100657368823886 0.238351219892502 0.189879067242146 0.025899444334209 0.0645268967375159 0.655926394462585 0.781590217351913 0.451811078190804 0.724041086435318 0.942695611715317 0.844520807266235 0.931269991397858 0.687096124887466 0.902530127763748 0.350750191509724 0.507257428765297 0.503857216238976 0.657221493124962 0.823814934492111 0.752688121795654 0.938114005327225 0.851316028833389 0.687011861801147 0.824515002965927 0.899283015727997 0.804251718521118 0.822755974531174 0.925386208295822 0.75895192027092 0.75948252081871 0.870346975326538 0.690679621696472 0.070011712051928 0.545327153801918 0.570180740952492 0.16987661011517 0.913069903850555 0.920136916637421 0.873620057106018 0.865843814611435 0.944191324710846 0.88926243185997 0.142510940879583
0.279054522514343 0.290520849823952 0.206168804317713 0.556006732583046 0.827128291130066 0.914163607358933 0.951448184251785 0.94454682469368 0.854241973161697 0.708955910801887 0.75174714922905 0.866730111837387 0.896360737085342 0.944105076789856 0.948072278499603 0.998104453086853 0.99601012468338 0.937099194526672 0.997186189889908 0.882146614789963 0.998544532060623 0.850098496675491 0.759750145673752 0.933523863554001 0.901090306043625 0.934918504953384 0.993789827823639 0.973923122882843 0.956149107217789 0.989031022787094 0.794131618738174 0.282137359678745 0.274357064068317 0.457235361635685 0.899181830883026 0.927495056390762 0.492644044756889 0.554864257574081 0.990299367904663 0.90762289762497 0.996623688936234 0.286944459378719 0.943557572364807 0.736207857728004 0.795211446285248
0.623194471001625 0.569629597663879 0.786995986104012 0.4362464427948 0.391894090175629 0.610677170753479 0.83277662396431 0.932494449615479 0.94448813199997 0.901886558532715 0.814773720502853 0.965893185138702 0.967155635356903 0.9377710044384 0.982824420928955 0.740391945838928 0.999195742607117 0.932868707180023 0.998667591810226 0.930414462089539 0.920182830095291 0.913448971509933 0.683822947740555 0.997646909952164 0.990663456916809 0.974702644348145 0.976475495100021 0.914858502149582 0.932846856117248 0.913308221101761 0.301915626227856 0.947248965501785 0.945712250471115 0.919399380683899 0.971335780620575 0.930173265933991 0.897624844312668 0.878685629367828 0.685604357719421 0.861633139848709 0.674429088830948 0.997631967067719 0.999918854236603 0.865439820289612 0.931067055463791
0.776843726634979 0.667893177270889 0.970563399791718 0.829451012611389 0.347788074612618 0.657652068138123 0.97623148560524 0.893485015630722 0.88603492975235 0.900833797454834 0.937831515073776 0.990857976675034 0.816652429103851 0.908064615726471 0.911101233959198 0.92744922041893 0.928385490179062 0.931201386451721 0.919772219657898 0.923823183774948 0.920726907253265 0.997203350067139 0.961426919698715 0.989636325836182 0.903530192375183 0.84821891784668 0.737725925445557 0.642056500911713 0.559040412306786 0.447425276041031 0.792790502309799 0.850343632698059 0.989512258768082 0.995795631408691 0.995722454786301 0.930566340684891 0.864355045557022 0.690323740243912 0.25464583337307 0.23067653849721 0.199147769063711 0.965930503606796 0.923580813407898 0.876961350440979 0.916723817586899
0.965068775415421 0.793889266252518 0.991751170158386 0.93292790055275 0.926644158363342 0.873752057552338 0.800990438461304 0.764955532550812 0.877812111377716 0.903545844554901 0.923665630817413 0.917481160163879 0.957098084688187 0.998266565799713 0.98439057469368 0.86520859003067 0.68981905579567 0.785889834165573 0.587744867801666 0.888333415985107 0.904751271009445 0.864721989631653 0.98123345375061 0.984646338224411 0.872625297307968 0.769782888889313 0.318580308556557 0.55207787156105 0.904193675518036 0.989879983663559 0.918604016304016 0.826000088453293 0.707900959253311 0.921542257070541 0.965966409444809 0.909135562181473 0.988365828990936 0.808403116464615 0.322520484030247 0.335638488829136 0.312625126540661 0.347962927818298 0.28773657977581 0.8465671479702 0.907812482118607
0.758195579051971 0.814732629060745 0.931374597549439 0.992002290487289 0.846457374095917 0.752298933267593 0.816005051136017 0.928434872627258 0.885813081264496 0.884099596738815 0.910119885206223 0.726765406131744 0.935925495624542 0.996650826931 0.907816690206528 0.923448997735977 0.697460073232651 0.37499575316906 0.595867413282394 0.906496220827103 0.916799283027649 0.978172427415848 0.858470261096954 0.83662623167038 0.796430224180222 0.92572101354599 0.94494936466217 0.86172446012497 0.979521256685257 0.985811287164688 0.91236577630043 0.491782757639885 0.280765511095524 0.352672669291496 0.600921308994293 0.810497188568115 0.994020414352417 0.995747500658035 0.920814448595047 0.84676279425621 0.650263634324074 0.594496637582779 0.1241355471313 0.24535141736269 0.739522647857666
0.88298956155777 0.84624183177948 0.871319150924683 0.842691105604172 0.767218595743179 0.373472830653191 0.324873933196068 0.59756236076355 0.366092623770237 0.711319380998611 0.815760493278503 0.918773466348648 0.953243285417557 0.929098922014236 0.831393575668335 0.818117332458496 0.661600875854492 0.835234117507935 0.757130283117294 0.746135890483856 0.511526098847389 0.904963684082031 0.831276255846024 0.549158146977425 0.521115511655807 0.409851494431496 0.578807899355888 0.564187675714493 0.513350635766983 0.440007853507996 0.331512054800987 0.451587009429932 0.344228431582451 0.265855693817139 0.776159799098968 0.776685762405396 0.890399533510208 0.959826570749283 0.618958568572998 0.917850178480148 0.932781547307968 0.2796581286937 0.231746278703213 0.321665745973587 0.427361449599266
0.858242452144623 0.724885445833206 0.660625433921814 0.515811097621918 0.53089859187603 0.33700685352087 0.630606734752655 0.812694239616394 0.814579045772552 0.845664513111114 0.938940411806107 0.893850237131119 0.991114151477814 0.902097129821777 0.861657416820526 0.909889262914658 0.788633263111114 0.945061862468719 0.97220624089241 0.956991988420486 0.821280407905579 0.721902316808701 0.864610290527344 0.887353503704071 0.664366918802261 0.306210146844387 0.458064651489258 0.603064197301865 0.172867365181446 0.249073258042336 0.110168155282736 0.15339039042592 0.407989177107811 0.708902716636658 0.881878817081451 0.991477411985397 0.887422043085098 0.857361924648285 0.881049317121506 0.826731109619141 0.977457845211029 0.153796921670437 0.61151909828186 0.347419938445091 0.1795593932271
0.804155659675598 0.84229810833931 0.874979001283646 0.699533492326736 0.514021381735802 0.72652508020401 0.586702218651772 0.831613749265671 0.897928845882416 0.905783569812775 0.975456255674362 0.915734368562698 0.987374597787857 0.724814474582672 0.768606156110764 0.723252922296524 0.451678109169006 0.630765491724014 0.575467064976692 0.763040280342102 0.644519281387329 0.338680613040924 0.272832655906677 0.642149740457535 0.604155367612839 0.257750996947289 0.335717219114304 0.123429447412491 0.126275710761547 0.107630769908428 0.131348066031933 0.316722825169563 0.637127470970154 0.728645461797714 0.785649532079697 0.983857840299606 0.839601814746857 0.645415526628494 0.622141879796982 0.962772661447525 0.990001142024994 0.977752268314362 0.726457536220551 0.345001503825188 0.208636718988419
0.852492064237595 0.780334842205048 0.893948304653168 0.892379027605057 0.755973714590073 0.606686142086983 0.146193172037601 0.102029661089182 0.363871912658215 0.523287552595139 0.421846640110016 0.400379383563995 0.257143211364746 0.177987258136272 0.0964162543416023 0.186424839496613 0.701741588115692 0.151447301357985 0.825886207818985 0.445487821102142 0.672002083063126 0.560574722290039 0.44061713218689 0.15558517947793 0.168206945061684 0.269927528500557 0.188881243765354 0.175185848772526 0.23692838549614 0.0828953750431538 0.212910810112953 0.144437877833843 0.49015249311924 0.483042153716087 0.87668804526329 0.834308522939682 0.662324982881546 0.908825677633285 0.385125747323036 0.751779931783676 0.914300006628036 0.939728760719299 0.747038263082504 0.544621330499649 0.207806947827339
0.691094464063644 0.61915400326252 0.503557580709457 0.683842486143112 0.361022113263607 0.451295581459999 0.114385951310396 0.0195529655786231 0.00923593149054796 0.0473554776981473 0.0289781857747585 0.308158776164055 0.123708310723305 0.17817789837718 0.152444051206112 0.234261113405228 0.3448266685009 0.453087157011032 0.219499328732491 0.142337992042303 0.098739330843091 0.381942921876907 0.0733118619769812 0.108224811404943 0.119720605760813 0.178796577453613 0.188747972249985 0.172493171691895 0.854423075914383 0.570457750558853 0.622722053527832 0.837710493803024 0.768435287475586 0.630837422609329 0.362272270023823 0.910859322547913 0.634949749708176 0.856686979532242 0.666067439317703 0.472723966836929 0.725370311737061 0.848496550321579 0.831486129760742 0.825847828388214 0.455406042933464
0.925489431619644 0.702217841148376 0.718942928314209 0.233656285703182 0.119976057112217 0.066336471028626 0.122863174974918 0.206159488856792 0.147594055533409 0.059234556555748 0.250972813367844 0.0340602807467803 0.314223197102547 0.131543525308371 0.0727995079010725 0.237867173552513 0.209849309921265 0.27733318656683 0.20445512086153 0.37045097053051 0.79361515045166 0.6559789031744 0.393472665548325 0.315056030452251 0.0934582382440567 0.0619598057121038 0.1382703140378 0.65510685145855 0.593684595823288 0.973740845918655 0.641165453195572 0.965596926212311 0.947354286909103 0.580987900495529 0.713779586553574 0.88024240732193 0.922779393196106 0.576315942406654 0.586459842324257 0.391863650083542 0.623134684562683 0.87277969121933 0.790147268772125 0.701207900047302 0.404867306351662
0.615312027931213 0.846858912706375 0.705948013067246 0.119459167867899 0.017361777368933 0.0192645664676093 0.166380808502436 0.346853588521481 0.280986693501472 0.0552055064588785 0.0231580130755901 0.0730189241468906 0.141685297340155 0.0858341660350561 0.188861605525017 0.404229938983917 0.148027455061674 0.106989416480064 0.105111289769411 0.264138153195381 0.196545948088169 0.188159527629614 0.513424175977707 0.653101187944412 0.77003647685051 0.231628713011742 0.10285043977201 0.289122177660465 0.986405742168426 0.197117874026299 0.549997925758362 0.542975869774818 0.533167028427124 0.575267684459686 0.863327592611313 0.949081790447235 0.736039137840271 0.687542927265167 0.570047643780708 0.544580143690109 0.659636241197586 0.854943060874939 0.914177131652832 0.479076892137527 0.341712659597397
0.823082774877548 0.759510654211044 0.48189280629158 0.0332279354333878 0.0806102391332388 0.073331530764699 0.14647056683898 0.03609750487376 0.536018264293671 0.250813689827919 0.474964508414269 0.480165010690689 0.214401920884848 0.111564953252673 0.0609258208423853 0.0674520490691066 0.0338789194822311 0.0377109445631504 0.0599204506725073 0.0334279963746667 0.0307640327140689 0.0334798226132989 0.127488566562533 0.339464853703976 0.588655054569244 0.415185394883156 0.848422831296921 0.97777498960495 0.944020080566406 0.813037109375 0.670416849851608 0.799816757440567 0.784279203414917 0.564542013406754 0.841520142555237 0.976542598009109 0.722979032993317 0.74133882522583 0.637462663650513 0.787972581386566 0.802090871334076 0.815482157468796 0.819841957092285 0.347049301862717 0.229357160627842
0.606590706110001 0.823987179994583 0.63509127497673 0.474777033925056 0.74497994184494 0.942443585395813 0.592859655618668 0.269520926475525 0.281343157589436 0.332018441706896 0.524370808899403 0.170985797792673 0.0254299601539969 0.0187128471210599 0.0295182395726442 0.035298413131386 0.0127598838414997 0.00761409143451601 0.0204716220032424 0.0298324379138649 0.0407870281487703 0.00290426125429803 0.000764145185166853 0.048772313632071 0.112238164618611 0.200037667900324 0.482478728890419 0.787766963243484 0.709314125776291 0.866639965772629 0.760653686523437 0.840930932760239 0.794507640600205 0.764324706792831 0.279327200353146 0.237740490585566 0.766255974769592 0.752837884426117 0.762949764728546 0.85896315574646 0.63099085688591 0.789167904853821 0.85871884226799 0.372069105505943 0.172968848049641
0.7608462870121 0.849853950738907 0.773187738656998 0.928376197814941 0.263327797874808 0.794352912902832 0.269558034837246 0.359693178534508 0.561204767227173 0.0738375801593065 0.0149009117856622 0.00643708319403231 0.0022503201267682 0.000292908685514703 0.000197640418900846 0.00315922986483201 0.000466291059274226 0.000205298373475671 0.00169599015498534 0.00101921700115781 0.00408750653732568 0.00523870724719018 0.000255787329660961 0.00103611811937299 0.00459622775670141 0.0162603790871799 0.0521401345729828 0.111288176104426 0.320821326971054 0.363597717881203 0.490033388137817 0.702275985479355 0.856908279657364 0.667902380228043 0.65864771604538 0.543289360404015 0.75994365811348 0.766738206148148 0.87185360789299 0.495135647058487 0.641891288757324 0.782579523324966 0.349385780096054 0.334077394008636 0.335189983248711
