Scripts_&_data/Maxent_result_files_1/Bombus_consobrinus_3.asc
NCOLS 594 
NROWS 330 
XLLCORNER -15 
YLLCORNER 23 
CELLSIZE 0.166666666666667 
NODATA_value -9999 
[rows 140 to 159 of 330, columns 396 to 439 of 594]
0.000776775009265407 0.000845736300677413 0.000324697898437254 0.000120204916563049 0.00177837272077592 0.000479016673742472 0.00130989187559556 0.00871931496030811 0.00332513113725836 0.00552352123595483 0.000682325414980767 0.0188989543757089 0.00330884548643553 0.00967210943044847 0.00626369578710069 0.000925585995396005 0.00196039992872628 0.000376144911481024 0.000179169730385897 0.0030506658191026 0.00337486737097947 0.00114823229332148 0.00223842594146966 0.00426066374099179 0.00246822067143739 0.00260095872587867 0.000573336035357064 0.00325427005886032 0.00233722967850856 0.000517450196711189 0.00390156709537592 0.0059639683802061 0.0108236802729721 0.0119710079173883 0.00255170671848646 0.0103350152377971 0.00200409801936985 0.00106090274252892 0.00475411028310191 0.000684833079867531 0.00057671621384543 0.000848732866143109 0.00179804371364298 0.000547757156891748
0.000907301516803005 2.52917273149356e-05 0.000751099700542923 0.000240435965804109 0.00241884382596638 0.000712657100533587 0.000553009930789128 0.0115364754788686 0.0205327036562721 0.0263305173661138 0.0042559033430507 0.028413827350596 0.0144488411012389 0.00209854967565892 0.000768879321764904 0.000261057878059034 0.0011253964759959 0.00123506720948399 0.00147189773212002 0.00406603050123522 0.00104635169531578 0.00137189114252818 0.00159028830812673 0.000943523883986586 0.00115064840254377 0.00131218533597021 0.0017231977314192 0.00165963822787193 0.00203624498273783 0.00303097168489188 0.0102056414273562 0.00214221348281733 0.00883418461335594 0.00777237617013332 0.00816470846215225 0.0106661608078866 0.00229414245313819 0.00138853829466825 0.000564360305059353 0.000553103098900465 0.00112941839470295 0.000743179290429907 0.00413569872544031 0.0109586930484511
0.000591426386526683 8.20781367634083e-05 0.000252682769941825 0.00147620775323513 0.00261360170632949 0.00616096711492475 0.00875125903504355 0.00104868665791997 0.00333662050560406 0.0102011450494956 0.0140894003610811 0.00306831748508785 0.0226931152090401 0.00762481017085861 0.00357776953336426 0.000353819031937697 0.00163243039059466 0.00137155509225693 0.000757055882212398 0.00433390624162264 0.00391739994838645 6.08208965279244e-06 0.000941587245909647 0.000820342224596715 0.000493413680646138 0.00193412021412396 0.00256655921185001 0.00271811808272213 0.00456930376458189 0.00199360117862586 0.0114862961993012 0.00564722621332976 0.0052097947627102 0.00762535326884546 0.020960175430082 0.00558899049137835 0.00403273719130084 0.00762899326509796 0.00105257261438965 0.000826543461425899 0.00122380340035306 0.000680001180808176 0.00119936226492428 0.000678902004619886
0.000217185622423588 0.000449557338136897 0.00104580384991774 0.00173325079799311 0.00149751765271109 0.00199125155044291 0.00241443568441451 0.000143499448249074 0.000975561033544281 0.00185655904633863 0.00841865851401451 0.00177177896297208 0.00537766374467026 0.00387402137763004 0.00168210843585013 0.000517317568866149 0.0062966412804802 0.00058867713208981 0.00173292642490982 0.00136927396631332 0.00346005927654005 0.00137097908559269 0.00184869284901943 0.000329998800558906 0.000720310692532555 0.000377549590601067 0.00226959626351837 0.00230865158125384 0.000927653681098262 0.00653041927993137 0.00452208911635426 0.000300828456827251 0.00436847738111581 0.00446901904397237 0.0173730118200183 0.00134681089657533 0.00120957871367864 0.0022363783493347 0.00125349881745933 0.00217487510235514 0.000902253684034804 0.00133582309790654 0.000931531626019932 0.000564148585408475
0.00041472980288112 0.00142439743350606 0.00198932283111271 8.63770621382987e-05 0.00431072396029041 0.000138020178163012 6.66109820395722e-05 0.000482806017727677 0.00337740395450581 0.00675261246470757 0.00497136282619266 0.000510775534672769 0.00373334135852055 0.00292226726013771 0.00209356116417085 0.0011819962251354 0.0020182889429031 0.00232982006844592 0.0033856970304047 0.00275899330330809 0.00528215047754657 0.00333539894957227 0.00137066632518779 0.000522740749075767 0.000564777689863771 0.0017565747287217 0.0013070347639094 0.00275003503679536 0.00536268518211891 0.00593991790851733 0.00277386977120386 0.0036248046962001 0.00250964832960676 0.00300412064907505 0.00195456262299558 0.00194834094654652 0.00342735363519751 0.00261577642086195 0.00376203753985465 0.00122112703011226 0.000962151862495375 0.00083870324988311 0.0182042273227125 0.00105623935480423
0.00198960877283869 0.0011914740578666 0.00164813990963681 0.0018827305820058 0.00246965195290172 7.81275825331051e-05 2.40034360487473e-05 0.000150780758181979 0.000296838049682691 0.0025579063895161 0.00153732965752462 0.000969619399679122 0.0018898092584766 0.00255107940644823 0.00386212942329574 0.000512274533661849 0.000117290785101398 0.00189117531670882 0.00411360960729219 0.00192549367369867 0.000997223539058123 0.000669851252513409 0.000608838596490036 0.000542661528504673 0.00153058707421594 0.00208613998143066 0.00171780917504113 0.00241711722660583 0.00117186315990243 0.000218968991178303 1.73784417256684e-07 0.00251140337679875 0.00521952732679205 0.00767043642117642 0.00167428326899426 0.0019265908991656 0.00581314058508724 0.00171876902822987 0.00184334868918086 0.00182425884704571 0.00130049393446825 0.00100853116109647 0.0037252287438605 0.00493400061677676
0.00269638319545544 0.000978791957808833 0.00160340844682292 0.00192786097506972 0.00130993945440588 0.000198376315939663 2.38090779186129e-05 4.70296156378391e-05 0.000464479643012761 0.00130703476767857 0.00138929923919026 0.00100149178094487 0.00178733807800355 0.00121015348165356 0.00157300105267502 0.00129560608762057 0.00165757323169438 0.00126848149082145 0.00123400958381829 0.000650653993974792 0.000613635214371389 0.000606155702772226 0.0014355332094544 0.00274020668068582 0.00256077278088717 0.00352063298363134 0.00179148464944722 0.0011588616206444 0.00137395270907729 5.77493233202109e-05 0.00120512142784128 0.00404513097094536 0.00811410693309398 0.0147232602117583 0.00255806748828036 0.00888726276461966 0.00173374053042039 0.00463109948614147 0.00198792923329165 0.00306263198581291 0.00145047270852956 0.000953211590604042 0.000624507141174036 0.00064556157849438
0.000566246230816003 0.000198849977808158 0.000154357769724089 5.80196923749887e-05 0.000527516722150856 0.000909333719110683 0.0011686497382157 0.00117293471445808 0.00112879658721736 0.000136909162604271 0.000840172427382779 0.000734050769312689 7.50938831992176e-05 0.000219169084141391 0.000950170963135089 0.000689838850755675 0.000946152990088656 0.000449313995797007 0.000337929437398499 0.000559273385968428 0.0006058905328861 0.000856497705521453 0.000214707165380446 0.00406594705079409 0.00239289043579447 0.00033988999073955 0.00143212992240787 0.000646969356797844 0.000706180320703376 4.52627639113468e-05 0.000883585959928146 0.00277459271179036 0.0154193246236105 0.00161942973572877 0.0017118100386142 0.00592695203667972 0.0125616916688159 0.00304301829455653 0.00235681780868617 0.00112378574503964 0.000803651244132197 0.000430531920869726 0.00198884771380108 0.00124713832174166
4.59687676740428e-05 0.000301501492825729 0.000655228320133072 0.00139544098620853 0.000789675591998873 8.63955304193143e-05 0.000166279741705766 0.00224552516377516 0.00114929416607978 0.000904474698613777 0.000699210426813324 0.000693546387057731 0.000508798657392973 0.000651790563375798 0.000315859768283955 0.000231180298711042 0.000114006773412545 0.000343874987163895 6.37659160336534e-05 6.54124227172703e-05 3.15933771108834e-05 0.000818861595876785 0.00170311369344782 0.00164707391738421 0.00112568296616702 0.00125767354540279 0.000587887530860809 0.00040493705410467 0.000758652412923155 0.000121270802065854 0.00104637237684528 0.00388876695897391 0.00102090702453097 0.000992408057845751 0.00554806228610687 0.00276339512784034 0.00185074717483076 0.00689638598123565 0.0020413424277649 0.00309782853048546 0.00113758608140415 0.000551028031395617 0.00836261014919728 0.00347400912054994
2.22188922277433e-05 7.64650681649437e-05 0.000124036466511435 0.0012607443271356 0.000336809050607989 0.000637253891306133 0.000353694283563755 0.000442389878350724 0.652682146430016 5.67164595508207e-05 0.000371874742271994 0.000338350904851759 0.000276758203851191 0.000335177767253747 0.000234945605566195 0.000258133138584116 5.02010040136391e-05 3.21899705946205e-07 1.48129790511486e-07 3.48611896128226e-07 1.26890668479485e-05 9.68413750338737e-05 0.000429405316306453 0.000944876855459109 0.00144931886654298 0.000535539401795782 0.000361393827228129 0.000464803021002702 0.000697704965282109 0.000446913999716025 0.000207084590729978 0.000701027224069861 5.45285506131643e-06 0.000795808186649083 0.00277522055112058 0.00123206219850545 0.00174634415816399 0.00994865022221347 0.00272691945829138 0.00171246580521256 0.0015935029467073 0.00177030934901268 0.037560464462149 0.00749822175415886
4.98543199510926e-05 5.18548729136259e-05 0.000120036897127818 0.000122116665327243 2.34297641811043e-05 0.00120846956184246 0.000268390795336038 0.00161502270388425 0.00108429227764661 2.80950065917329e-05 0.000165501094483456 0.000103211355524846 0.000127179899755814 8.06647842551356e-05 3.16719056019266e-05 1.81596596645517e-05 7.70734736951995e-05 7.67601482298042e-05 3.61635008862105e-05 3.18092972950712e-07 2.06463557651748e-05 0.000162834704887915 0.000120254766911987 4.07026242478681e-05 9.22959380456057e-07 0.000361857592056825 0.00078021785095822 0.000722434547128348 0.000507501992313686 0.000290514906625228 0.000376948093426277 0.000600982833225594 0.0010843966937198 0.0043211324877575 0.00591270522127161 0.000365338815606719 0.00166103356405074 0.00141701575921616 0.00233036351855844 0.00153042720376106 0.00319477975353948 0.017416852817405 0.00131931481473828 0.00284249948342605
4.4484957155666e-05 3.4016836206896e-05 0.000115155380519816 0.000133958002945722 0.000241424476339835 0.000320641946983646 0.000335639887844763 1.5669210091962e-05 5.55195085293669e-05 2.5927321428032e-06 3.04910552843096e-05 7.65493518905314e-05 0.000123454706918014 0.000105223298843171 1.33972571161989e-05 4.56909086379298e-05 5.30338087469939e-06 5.11931397966792e-05 3.50398644259897e-06 9.80874912356322e-05 1.54387288975877e-05 1.71145888472335e-07 8.1434302276262e-05 7.78721153328332e-06 1.45053309345e-06 2.64550523336626e-05 0.000243515584055021 0.000252810197850961 0.000652752910898402 2.99148792639259e-05 0.00043132004100912 0.000599441759269403 0.00117022998386874 0.000424553832353169 0.00576767447200837 0.00304989678406855 0.00285435427031189 0.00167891886849247 0.00352176303131273 0.00167179422605841 0.00880265111045446 0.0632662072894163 0.00156087358584361 0.000397628859476629
1.69557973459633e-05 5.14986543576068e-06 3.6656455018047e-06 6.6803537810789e-05 0.000166385625558529 0.000191965540586458 0.000100806066976478 0.000119695875459624 6.10181259033338e-05 4.74210791451157e-05 4.34903714152668e-09 2.58892594777738e-06 5.19517277486337e-07 4.42992460184533e-06 4.58681784653359e-05 2.82906862945076e-06 4.57442365120908e-05 9.64429938152822e-06 1.36705424985006e-05 3.5126996818069e-06 1.19497116413125e-07 3.30175607965444e-09 4.27170728789505e-09 1.70002366997046e-06 3.4817377854679e-05 1.36849326401456e-05 3.13191098402776e-05 5.27614402296317e-05 0.000122361413988492 0.000153195331583267 0.000163686045476918 0.0050300937904467 0.000360552428782257 0.00045342906569793 0.00211308596416302 0.0108231529909972 0.0111808830099108 0.00132994587293069 0.0181178712518886 0.0110848961434385 0.0639222912010155 0.000748954448229988 0.000724385117152226 4.37414171540196e-05
2.57103887031929e-05 2.41249341006888e-05 4.21298334141951e-05 4.60249263165569e-06 3.87060694556629e-05 5.30859231761216e-05 5.75969665551845e-05 9.03707463729586e-05 6.055057673372e-05 4.72217500075645e-05 2.20905936552329e-05 3.42387136212263e-05 7.73218580107926e-07 2.18091334991399e-09 5.0831687525843e-09 3.88347563229363e-07 2.82457465227148e-06 2.59142824191705e-05 4.16039393047463e-08 1.16863921375554e-06 2.82240287807767e-09 2.14049022950746e-10 2.03601846493484e-10 1.23163981821106e-06 2.67492010304293e-05 1.56996300020085e-05 1.91776006733702e-05 2.18313831214068e-05 3.94493653280481e-05 7.81075534630249e-05 3.2011329057835e-05 0.000182659358209847 5.92806258922107e-05 2.14286729105062e-05 0.00994922569298069 0.00449782089593178 0.0327047251403201 0.0339451714185998 0.00334423497188254 0.0149063306977041 0.0113730318087619 0.000333106785299631 0.000190790134337471 0.000111607930428148
1.302063592723e-07 7.62239235607698e-07 2.44201193273508e-05 3.20241661774578e-05 2.51775797274756e-05 3.39145713633693e-06 3.86162434113602e-05 3.33362330186326e-05 3.8572592995012e-05 3.00117046569404e-05 3.42822867155146e-05 2.12223839356041e-05 2.32980414241246e-05 2.8218332787433e-06 1.25502206849148e-08 2.36444867018903e-09 1.72274037143483e-06 6.05883407438501e-06 1.42487437340688e-05 1.59367673865152e-05 1.93293858918864e-08 2.44547826433461e-11 1.19992195957153e-08 8.54652839965553e-07 6.42447611685082e-06 1.12667133422506e-05 1.10474208569022e-05 1.60016662212215e-05 7.16064071204503e-06 2.51783094507241e-05 0.000123000362189674 0.000142267729165257 0.000109032169518031 0.000131335703478586 0.000355759644099296 0.000684208094011318 0.0100580318720176 0.0170408416946884 0.000902261875307886 0.0229532192694023 0.0299908546265215 0.00011400005058223 1.06127721055671e-09 7.0581764779476e-06
1.86783337796648e-08 7.3786824592581e-07 3.15280534346485e-08 2.20679918783162e-11 1.66208282537106e-07 2.18377832980399e-05 6.11062119603156e-06 3.15224108926593e-07 1.82876121869291e-05 5.66085777427006e-06 6.78385495478384e-06 9.79293757219502e-07 5.15977830412018e-06 2.11788967697801e-05 9.43100799424279e-06 3.21048338081109e-06 1.55254072231603e-07 8.30428144849016e-07 1.29951053639443e-05 8.04562735313708e-06 1.61245382507169e-05 1.68157387845591e-05 3.91597010374056e-10 5.75965477533913e-09 8.89599114017869e-07 1.10900111121026e-06 6.49228613406327e-06 1.05220609960543e-05 1.17071058652996e-05 1.36907585277179e-05 6.50396875453429e-06 6.49895903251929e-06 1.14712548573315e-05 5.16710932694342e-05 3.13190753249426e-05 0.000759046424937537 0.00359332358308464 0.00342531655850422 0.00103342114688435 0.00497525449426348 0.00449308806547322 0.000507680641179931 3.57075300438936e-08 3.35840355525363e-11
5.29412957916975e-11 1.34535727003282e-10 1.69961822393816e-12 5.09304109996833e-10 8.30493810388688e-09 5.31017894100927e-09 1.79553469915605e-06 6.90220889479898e-06 8.36329660239832e-06 3.81383143022163e-07 2.74972689062736e-10 1.90545689057187e-06 2.01597082019056e-06 4.86384219084979e-06 4.12835727389149e-06 1.06237053709712e-08 3.18740544196228e-06 2.05205044552237e-06 8.83354996927821e-09 7.18040484934956e-06 5.96330801121425e-06 5.08271646992853e-11 1.93952631732941e-12 1.01830860410601e-09 2.60228979476196e-09 5.31868553643733e-09 1.40246126730803e-06 3.98774567710314e-06 5.40147540334379e-06 4.3071014686813e-06 1.43461875655615e-05 2.16297084688621e-05 2.33273584632543e-05 3.4156024182197e-05 0.000115083643242364 6.59931849746775e-05 0.000405603569094759 0.000781783149591853 0.000639885485047942 0.000971917460749783 0.000532771541754107 0.000226324444951687 5.21647385842705e-08 9.02631303034696e-12
6.21092066666051e-13 3.24968940645931e-12 2.56932253250852e-12 5.68067815009954e-13 4.18042267469332e-12 6.40744861724052e-08 4.66289229450467e-12 4.27957669302259e-13 4.72709649201875e-12 2.55152959056648e-06 6.51485878733204e-07 2.54869682370096e-07 7.66666751195189e-09 3.45853102334814e-07 9.12524511131885e-07 1.64402719181611e-06 1.53781642705519e-06 1.0716187628379e-07 2.37780705000246e-06 6.96407513645081e-07 1.03916680784799e-06 1.68018932100722e-12 4.2232883856741e-14 7.96340771103132e-12 0.459639343074701 4.40214531494121e-12 2.39593678230676e-11 1.3303139434484e-08 1.52788121043912e-09 2.64870836375053e-10 4.13244536604518e-06 1.03827897006359e-05 9.35264100726529e-06 1.70123694535063e-06 3.82398668633099e-05 2.16792352053519e-05 9.48702810837587e-05 7.20757218635182e-06 1.79408318600638e-05 0.00010954838372047 0.000406278828299911 0.000164670480334583 1.52577940082388e-05 7.64764918059768e-12
4.70568917165792e-11 8.21441803466882e-12 1.38677958005928e-13 1.32671651442706e-13 3.50985907004997e-13 1.97086791331458e-13 1.06858966120171e-13 9.25703957932455e-14 3.64708263589364e-14 1.084021761244e-13 8.18129564095216e-11 2.53198148336686e-08 1.62545704684991e-07 1.28029528656537e-07 6.61153887193677e-10 1.10784057372193e-08 7.36046227634013e-08 2.60505137461564e-09 1.25348620372279e-12 8.26272383847026e-13 1.00597308261285e-13 8.03668243065658e-13 7.94175836205113e-12 7.06027569741252e-11 1.00861652363449e-11 2.33999486454195e-12 2.54155585466265e-12 3.55826479392363e-14 1.79745107686813e-14 7.2504113823868e-12 2.54324652448901e-09 1.56733468903436e-07 2.86583272224306e-08 1.13948335230263e-05 1.00906928368616e-08 2.30267799913308e-06 2.69412839869143e-05 3.93826326526514e-05 4.8450719240023e-05 3.70695693106327e-05 8.54986066244123e-05 7.82890791150459e-05 1.96175520272845e-11 1.0601852729053e-12
1.3485979000194e-11 4.79839501466017e-12 3.57541773965409e-12 2.20046203480706e-13 2.43915998510147e-13 7.7715611723761e-15 3.03979064142368e-14 7.99360577730113e-15 4.62851978966228e-14 9.50270306887546e-11 5.20472553944273e-14 2.18158824338843e-14 9.96203119996153e-14 1.68420832835636e-14 5.6799009939823e-14 5.44009282066327e-15 9.88098491916389e-16 7.54951656745106e-16 5.78426195829707e-15 1.11199494057246e-11 4.19476675617148e-12 3.6830227756468e-11 8.20454815197991e-15 9.67548263730578e-13 4.17921253159648e-13 2.52989851290408e-12 1.25607635403924e-10 4.23257762172113e-11 1.40794154113166e-11 1.2445600106048e-14 1.67976743625786e-14 3.29847260616134e-14 1.67210689738795e-13 6.08189054673858e-12 9.2432728138192e-13 5.45232747839464e-12 1.3371193041678e-12 1.71265135406884e-09 3.21595927390561e-06 5.51955081640188e-10 5.10108105162832e-06 2.49959262316191e-05 6.51398934792269e-12 9.8282493254942e-13
