Scripts_&_data/Maxent_result_files_1/Bombus_patagiatus_2.asc
NCOLS 594 
NROWS 330 
XLLCORNER -15 
YLLCORNER 23 
CELLSIZE 0.166666666666667 
NODATA_value -9999 
[rows 180 to 199 of 330, columns 484 to 527 of 594]
2.31308971976318e-11 4.28785895678629e-11 7.95329246905396e-11 1.38073785738158e-10 1.77952019786431e-10 4.0022419822705e-10 4.3684934558641e-10 2.42180631104816e-10 1.28480825978272e-10 1.10381503937163e-10 5.86170778582584e-11 1.53087564846999e-10 7.46812722773882e-11 9.02429686533424e-11 9.61749679895263e-11 8.29967761184491e-11 8.0031037352768e-11 6.79015177418307e-11 7.5466821680692e-11 7.16400383460325e-11 6.40661967921119e-11 5.32574762068805e-11 5.85320791834931e-11 6.04511773971694e-11 5.60113178060817e-11 5.7569060629703e-11 7.87226950293984e-11 1.12035503097019e-10 1.45541523277615e-10 1.55560686554423e-10 1.65899260995417e-10 2.20304774423141e-10 2.90758739307506e-10 2.94823876423322e-10 3.12675974001309e-10 5.92454307835055e-10 1.40815571425534e-09 1.74149705767235e-09 3.35982878185703e-09 2.08649537647432e-09 3.39536651017269e-09 4.10736875622319e-09 3.50597170184486e-09 2.10558430691066e-09
2.08699058035222e-11 3.15706905062996e-11 5.13703413140831e-11 1.02250574673945e-10 1.9818244823e-10 3.73129760422586e-10 4.04040811918804e-10 2.00055039201175e-10 1.1925814780156e-10 6.37367825184754e-11 6.51506959492565e-11 4.85871898270318e-11 4.58169513439799e-10 4.34756453060459e-11 4.86491624762664e-11 5.63757929228359e-11 1.09270250070459e-08 4.61339855206688e-11 4.05631528366257e-11 4.53221571383722e-11 4.21189971788749e-11 4.15596224101478e-11 4.44875136729195e-11 4.26750856874492e-11 4.47793357949422e-11 4.77904604778701e-11 6.0226723608281e-11 8.81966721877347e-11 1.21159460242382e-10 1.50959189593181e-10 1.92786719921401e-10 2.09129624728632e-10 2.23633966900394e-10 2.87154133804535e-10 3.093767131368e-10 3.93940802201342e-10 5.08975095403485e-10 8.20039347537715e-10 1.08610695992439e-09 1.59915555242307e-09 2.95606155109596e-09 3.02157256992785e-09 2.39653030753573e-09 1.96303477917326e-09
1.65070401791922e-11 2.23044693825614e-11 3.16354165086352e-11 5.64249424961361e-11 1.29810595606017e-10 2.02221894785026e-10 2.76920042452389e-10 1.34996891443251e-10 8.84693651670432e-11 7.4442674247166e-11 5.11205966446937e-11 4.55619764139215e-11 3.91085941409131e-11 3.45162121107023e-11 3.34830496662164e-11 3.11609071879104e-11 3.10518610824317e-11 3.37898486968413e-11 3.62137542175844e-11 3.29342886296047e-11 3.30614646770755e-11 3.25093063580084e-11 3.71514707886433e-11 3.9980130317474e-11 4.33429070412217e-11 4.63768357050753e-11 5.04183250704671e-11 6.49554965370669e-11 8.83530693052137e-11 1.04949049450909e-10 1.45689138530969e-10 1.25244581372641e-10 1.53736290364748e-10 2.9746933805086e-10 3.2973029862049e-10 3.77843467624928e-10 5.48302114822263e-10 9.69355273827688e-10 8.38812308501247e-10 9.01598573577189e-10 1.68358805785473e-09 1.26871687600172e-09 1.23572740928779e-09 9.09997899256609e-10
9.53953582794043e-12 1.65892299897052e-11 2.42022402119346e-11 3.38831740442913e-11 6.37861208296897e-11 9.07962149909736e-11 6.42163766606529e-11 5.96646732020645e-11 4.73455386007515e-11 4.12586298459416e-11 3.52924578450597e-11 3.44155481890596e-11 3.13098325044336e-11 2.61606292184524e-11 2.57367349654203e-11 2.73001510286974e-11 2.75307443509121e-11 5.49971215235701e-09 2.57383558910362e-11 2.51400900097565e-11 2.8352142855681e-11 2.98523761266267e-11 2.99241853518595e-11 3.14922421473796e-11 3.68128971750536e-11 4.129101505157e-11 4.13242773333877e-11 4.58452054097336e-11 5.56246271266048e-11 6.43072817219092e-11 7.56521179035019e-11 8.72886984915056e-11 1.10335773850778e-10 1.71357494860303e-10 2.16428097665755e-10 2.92884938524196e-10 4.19141610308316e-10 5.11228903654626e-10 4.58359983301904e-10 4.76903505575166e-10 6.11204364897588e-10 7.02093505555723e-10 7.80663833577222e-10 5.7892408644733e-10
6.14768236317786e-12 1.02621577902084e-11 1.52021395471991e-11 2.07978190225333e-11 2.96966784496533e-11 4.11336298355991e-11 3.27324722881883e-11 2.94528845756759e-11 3.0251345872756e-11 3.00598879121594e-11 2.52403764555709e-11 3.03463809636639e-11 2.47809439635205e-11 1.83577042456307e-11 2.08236317078558e-11 2.24923413227884e-11 2.22838303365336e-11 2.53645948689041e-10 2.18115525640883e-11 2.04489647437356e-11 2.05620964699449e-11 2.63619015505867e-11 2.54492427131936e-11 2.56391796682465e-11 2.90368395994278e-11 3.0718561028209e-11 3.46036865828125e-11 3.70019903606078e-11 4.49162596005692e-11 5.96332094815466e-11 7.9309636635827e-11 8.90169493672488e-11 1.03204389478861e-10 1.19923415642376e-10 1.43166978272546e-10 1.82285464500609e-10 1.83805459741393e-10 1.92677873656066e-10 2.29317598243739e-10 2.91632851201484e-10 3.43754646969785e-10 6.16387207941216e-10 8.45598846499485e-10 4.50623527381566e-10
5.25034460352458e-12 6.53028742192419e-12 9.02889984999433e-12 1.20103260670135e-11 1.70879865812878e-11 1.8929757761299e-11 1.9088186586913e-11 1.97918459399205e-11 1.93436267004188e-11 2.03334349357931e-11 1.851502284822e-11 1.8979351423809e-11 1.52618140347727e-11 1.4616619026242e-11 1.50296664003236e-11 1.44899980902835e-11 1.65326419221401e-11 1.62439506290468e-11 1.66794578149165e-11 1.87218573977077e-11 2.1400092808932e-11 2.33343455668944e-11 2.20033657960528e-11 2.24333107645691e-11 2.54803733668041e-11 2.72973421644451e-11 2.97187274789223e-11 3.39762662449061e-11 3.8846781347246e-11 5.00253727331312e-11 6.69996724766975e-11 8.83248363336975e-11 9.3406649082084e-11 8.71082317388527e-11 7.64200591696351e-11 8.86705819880262e-11 1.08851916369446e-10 1.21150189880126e-10 1.55187740435991e-10 1.59926483167538e-10 1.86847071148577e-10 2.37800001912092e-10 4.03189903686041e-10 2.60107857474878e-10
4.54384307957412e-12 4.68342031822999e-12 5.18649567737839e-12 7.36923855271243e-12 1.02725383754887e-11 1.27311050590606e-11 1.66199498607966e-11 1.66705760307195e-11 1.43907774585728e-11 1.2895684520231e-11 1.15793041821632e-11 1.32284405651717e-11 1.08205666649042e-11 1.16868292820982e-11 1.35094380127043e-11 1.14913745186129e-11 1.33306032878977e-11 1.35218947150406e-11 1.27690302775818e-11 1.50397472253871e-11 1.77906356313429e-11 2.23187246461976e-11 1.98942973206329e-11 2.10589878868461e-11 2.23591589687544e-11 2.32943886402381e-11 2.71140776497703e-11 3.22063486990487e-11 3.31339511383533e-11 4.34643765423459e-11 5.42873856979043e-11 6.66988242414845e-11 7.10122627367582e-11 5.98004867846669e-11 6.08223915676831e-11 6.80877354497511e-11 8.48085490723349e-11 1.0255823967853e-10 1.15673493006341e-10 1.20522813951141e-10 1.11233200428273e-10 1.3873531212738e-10 1.69146363582229e-10 1.5648388140832e-10
2.64486210710402e-12 2.65135691179808e-12 2.66355826283871e-12 3.61182195263154e-12 5.1016191271458e-12 6.19534423762502e-12 8.15706391321669e-12 8.6300411261675e-12 8.69119221036385e-12 1.07946263039338e-10 1.01994079848566e-11 8.3571150000239e-12 7.55234763616386e-12 9.31933419323627e-12 1.02807318214104e-11 1.03518860150587e-11 1.15700671265984e-11 1.05818576123795e-11 1.17774345831378e-11 1.35716771154648e-11 1.37978517500414e-11 1.47415302187426e-11 1.67846403442695e-11 1.6664103430486e-11 1.86176518646164e-11 1.8652213107373e-11 2.07634798243816e-11 3.01096814148139e-11 3.55521723172103e-11 4.12561318441362e-11 4.71388372780268e-11 5.02250130374193e-11 4.53549087175986e-11 4.27179736028904e-11 4.47432757511024e-11 5.56822699060433e-11 7.30097649004335e-11 9.71021596463117e-11 9.57092516351565e-11 9.62986357322393e-11 1.04278785606482e-10 1.14303022602513e-10 1.0565647245997e-10 9.31255517144791e-11
1.05598862987222e-12 1.1742273819948e-12 1.43001166463819e-12 1.93161042716383e-12 2.61225485687078e-12 3.3268832133615e-12 4.250966245678e-12 4.83614259749743e-12 5.71457325904134e-12 6.03617156258451e-12 5.24913446042774e-12 5.27111687631532e-12 5.6285309746329e-12 6.12663253463097e-12 7.33083593829065e-12 7.85327358698851e-12 8.63337179524137e-12 9.38531474758975e-12 9.192047123463e-12 8.58328963460053e-12 9.88696902126662e-12 1.14035891840558e-11 1.29333987963776e-11 1.42920231205323e-11 1.42772460520746e-11 1.51849532947779e-11 1.74610104153317e-11 2.16699436172973e-11 2.43229325569416e-11 2.8887525704846e-11 3.40927175379591e-11 3.49858142456583e-11 3.14504422505024e-11 3.39366978963085e-11 3.58841401038035e-11 4.4840731128204e-11 5.29065680154872e-11 5.70869795879503e-11 6.25748119986724e-11 6.87435774970879e-11 7.69443952997051e-11 9.50088452356113e-11 7.46992689926174e-11 5.63689650512345e-11
5.74662539776227e-12 5.41844347168308e-13 7.12629955046396e-13 9.62296908824101e-13 1.36026745423123e-12 1.80807591121379e-12 2.33751906719704e-12 2.86825008188885e-12 3.78852504923088e-12 3.19421156191879e-12 3.11863868063256e-12 3.38228334229029e-12 3.45766748566234e-12 4.06393807494965e-12 4.74996708632602e-12 5.16173770392925e-12 5.30021582179074e-12 5.7160276512036e-12 5.552702742051e-12 4.67542671245269e-12 5.86147796965975e-12 7.07409686384608e-12 8.08326738876986e-12 9.29957222339795e-12 1.08939635090621e-11 1.24307564242088e-11 1.43424050413898e-11 1.62511559764766e-11 1.84347981324606e-11 1.98388971917041e-11 1.97986405048312e-11 1.98061789191684e-11 2.32046604153879e-11 2.5910029677334e-11 2.52376897158513e-11 2.7198510110793e-11 3.24262616757665e-11 3.65668606505665e-11 4.2628278684731e-11 4.86172102576177e-11 5.6519211533157e-11 6.38730401902876e-11 5.18695086881849e-11 4.15971701528406e-11
7.05315328364264e-10 5.37114797083404e-11 2.42095232749762e-13 3.18112203245846e-13 5.2492454827302e-13 7.52498063860685e-13 1.05209174705578e-12 1.69063651966894e-12 1.88826732028247e-12 1.61104463103356e-12 1.87905246917808e-12 2.05735428693288e-12 2.16565654298506e-12 2.33802976978836e-12 2.59829935345124e-12 2.83741918849501e-12 3.20802273634513e-12 8.44137271194256e-10 8.31172397575131e-10 3.18177706404299e-12 6.74985001225537e-10 3.09979197865573e-10 4.60435023441619e-12 6.1817995167246e-12 7.28803684069135e-12 8.50701731280878e-12 9.60845847330916e-12 1.07064579424332e-11 1.20426890681813e-11 1.20950693904831e-11 1.25392585204054e-11 1.45089940062348e-11 1.54797286100461e-11 1.49893986112204e-11 1.59981694558553e-11 1.7920531725224e-11 2.43092213025875e-11 2.84455681232032e-11 3.39315908703952e-11 3.82278320110174e-11 3.52547990800645e-11 3.41383366020409e-11 3.57001983530836e-11 3.51843887358427e-11
1.53848045414406e-12 3.06002889693957e-11 2.63300437008951e-10 1.62763672539867e-09 3.23954862935238e-11 2.41495712316464e-13 4.74231764968636e-13 7.65842944616679e-13 9.979905790658e-13 9.61930535225974e-13 1.03028696685215e-12 1.0664025218432e-12 1.19506626816701e-12 1.72538983100878e-11 1.56923363192618e-12 1.55938595369776e-12 1.94344540460634e-12 5.81064429905354e-10 9.18774201164041e-10 2.93077784263573e-12 3.05045988469033e-12 3.26431104369362e-12 3.81858988873773e-12 4.4739878468647e-12 4.51370052445554e-12 5.41477973570181e-12 5.76744207947399e-12 6.30541174828636e-12 7.30041582741592e-12 8.27813373405206e-12 8.37077074322678e-12 8.89013307414643e-12 9.80721059917755e-12 1.01616937087101e-11 9.96274174269729e-12 1.21542886866166e-11 1.59457114179418e-11 2.06459738194553e-11 2.81055956286025e-11 2.38969843913139e-11 2.23001839216863e-11 2.35625075006851e-11 2.08943085056035e-11 1.86693993597942e-11
8.98503493829139e-14 6.24056362141801e-14 8.54571968744722e-12 2.75596473420237e-09 2.60664233531216e-09 4.27964552685012e-11 1.90236715269521e-13 3.08764125378502e-13 3.33555405518382e-13 3.78652664778656e-13 3.5808467302445e-11 5.56483303881805e-11 5.56332757639666e-13 1.21810339592798e-12 1.62468927200621e-12 1.58706381370166e-12 1.52027279654021e-12 1.92200699800082e-12 2.0352275420521e-12 1.73768777145256e-12 1.5822232413143e-12 1.72299952083677e-12 1.83467685488381e-12 2.03363992312688e-12 2.13967732420883e-12 2.19932960732194e-12 2.57009968862576e-12 3.0191515953959e-12 4.26472190895311e-12 5.23383558714841e-12 5.26557686342244e-12 5.9617089043229e-12 7.34010630054627e-12 8.99177399205087e-12 8.5593976351106e-12 8.03242805602622e-11 8.86285489443139e-12 1.13476672503054e-11 1.56348267665862e-11 1.6064249930281e-11 1.54503076998935e-11 1.93926208424955e-11 1.82250659008787e-11 1.38629219215147e-11
4.71622740860767e-14 6.92931267920471e-12 5.45963718678877e-11 7.88186449440786e-10 5.48071970030151e-09 3.18238113639069e-10 9.57012247226885e-14 1.25144339335748e-13 1.31961108706946e-13 1.06428532653524e-11 1.20203302866884e-10 3.29369864715545e-13 4.01867428223568e-13 4.68125538333197e-13 6.6650018837322e-13 8.60478355235728e-13 8.49909032041296e-13 9.86133397162803e-13 1.0899503521955e-12 9.84667902770298e-13 7.57105489412879e-13 8.56459347886585e-13 1.03885788860225e-12 1.10405018460824e-12 1.26922916621197e-12 1.32744926162331e-12 1.26169075187477e-12 1.5333290193098e-12 1.69190217391701e-12 1.9047430299679e-12 3.28882476807735e-12 4.47464287844923e-12 5.52858869795614e-12 6.25278717691913e-12 5.85442805345338e-12 5.47484280133403e-12 4.83435513842778e-12 6.10684836033215e-12 7.66838814669768e-12 8.85628237412561e-12 1.10452202939371e-11 1.45173317811498e-11 1.62950986037913e-11 1.24016241720426e-11
8.86666851052098e-11 5.40916200719721e-12 1.2466383481069e-11 3.59293483853662e-11 7.08515468517135e-12 4.85056439458731e-14 5.15254505728535e-14 5.96411808828634e-14 6.86228851520809e-14 1.35675914947342e-11 1.57674429068777e-11 1.57351909280123e-13 1.80189196896663e-13 2.06989980711114e-13 2.43405295918819e-13 2.94719804116994e-13 3.50686146788348e-13 3.82571752055583e-13 4.13202805304991e-13 4.6251891205884e-13 3.32167626737601e-13 3.18156612166831e-13 3.66173757981869e-13 4.0849545968058e-13 4.71911398847169e-13 5.62194735209687e-13 5.60473889521518e-13 5.43143308107119e-13 5.75417491432972e-13 1.05681019491044e-12 1.53492774046526e-12 2.08159045556044e-12 2.78319589597231e-12 3.64798191654359e-12 2.62052601840423e-12 3.14095416342752e-12 3.07447400871297e-12 3.56348284213936e-12 5.15546494384012e-12 6.31589225363882e-12 7.57970353149062e-12 9.32244281770522e-12 1.09953157689802e-11 1.03995478895058e-11
6.70404235458832e-09 1.22229766308379e-08 1.84662651836476e-10 9.23190413004704e-12 1.34448008282106e-14 1.81621384598429e-13 2.15338857856295e-13 1.91662241633139e-12 3.12638803734444e-14 3.27071703054571e-14 3.77953224273142e-13 5.58442181386454e-14 6.49369447103254e-14 7.4629191715303e-14 8.20454815197991e-14 1.21336274361283e-13 1.28663746323809e-13 1.36102240588798e-13 1.45705669751806e-13 1.70696790036118e-13 1.87638793391898e-13 1.98030480902389e-13 1.85873538782744e-13 2.0202728379104e-13 2.23332463633596e-13 2.1529444893531e-13 2.15372164547034e-13 2.59015031645049e-13 2.97928348658161e-13 4.13102885232775e-13 7.25997040262882e-13 9.7675201260472e-13 1.14800391415315e-12 1.20956578086862e-12 1.65260027884528e-12 1.43418610321078e-12 2.13439266261162e-12 2.52396992195258e-12 2.91294766086025e-12 3.0885960455862e-12 4.78256323432902e-12 6.70146160786089e-12 8.23651147285886e-12 7.99214028290862e-12
4.16800481684021e-08 3.24172502508269e-08 3.47319670579438e-08 4.18069051377756e-08 1.4956509708508e-08 2.68970401506863e-11 1.03361763592602e-14 1.16684439888104e-14 1.22790666523542e-14 1.55275792224074e-12 1.21236354289067e-14 1.85185200507476e-14 2.10276240864005e-14 1.7785772854495e-14 1.68642877440561e-14 2.28927987677707e-14 3.32178728967847e-14 4.12558875950708e-14 5.77649039712469e-14 8.39661673524006e-14 8.67750316047022e-14 8.21454015920153e-14 7.53286322208169e-14 8.7030382900366e-14 7.96251953261162e-14 7.94697641026687e-14 8.12017120210839e-14 9.04498698162115e-14 1.17295062551648e-13 1.57351909280123e-13 2.14994688718662e-13 3.08075787103235e-13 4.22206714034701e-13 5.54700729793467e-13 8.40993941153556e-13 7.65087992959934e-13 8.12572231723152e-13 1.00486285958823e-12 1.08780762175797e-12 1.36567424036116e-12 2.98613356264354e-12 3.80768749863591e-12 5.31834576378287e-12 6.52360387931594e-12
1.02772024224151e-10 1.40690677996602e-09 2.37034901817701e-08 3.46487987856747e-08 3.18499240092862e-08 3.37226340851871e-08 1.42935177027681e-09 2.43914244357768e-10 2.2749845340897e-10 3.74093200861125e-11 3.22772919503223e-12 1.37334588146132e-12 8.72446559441187e-13 1.16328058297199e-12 9.19220255468645e-13 7.90478793533111e-15 9.6034291630076e-15 1.10689235555128e-14 1.57429624891847e-14 2.39808173319034e-14 2.76667577736589e-14 2.4757973449141e-14 2.71671574125776e-14 3.71480624039577e-14 3.89910326248355e-14 2.83550960489265e-14 3.67816888058314e-14 3.80029341329191e-14 3.32944782854838e-13 5.61661828157867e-14 9.09050612563078e-14 1.12421183473543e-13 1.30861987912567e-13 1.29951605032375e-13 2.05946371067967e-13 3.37196937039153e-13 3.91509047403815e-13 4.05242506218428e-13 4.08384437378118e-13 3.72823993899374e-13 6.32549568280183e-13 1.06775699393324e-12 2.41813236101507e-12 3.03120861744333e-12
2.04725125740879e-13 6.71385169681571e-13 2.03860338610085e-09 1.08668037457349e-08 1.68578730530555e-08 7.97466197521857e-09 5.91337601107966e-10 1.26340038431039e-10 1.60662017023583e-10 6.80999701074825e-13 7.65311147787884e-12 3.66664254514149e-11 1.64501745558709e-13 1.69864122767649e-15 2.14273043752655e-15 3.74145159298678e-15 4.81836792687318e-15 6.93889390390723e-15 2.55684362571174e-14 6.48370246381091e-15 7.11652958784725e-15 8.79296635503124e-15 9.07052211118753e-15 9.49240686054509e-15 9.30366894635881e-15 7.97140131680862e-15 6.89448498292222e-15 5.8786309153902e-14 4.4273473776002e-13 6.46260822634304e-14 3.89577259340967e-14 1.70552461042917e-13 6.21502849185163e-14 5.69877478540093e-14 9.08717545655691e-14 1.21302967670545e-13 1.6672219160796e-13 2.15372164547034e-13 2.11131112592966e-13 2.33324470855223e-13 2.62456723021387e-13 3.51174644919183e-13 4.536038211711e-13 1.09252606961263e-12
1.53518309176093e-12 1.03163033671194e-12 1.08625997086165e-11 2.26389929025572e-10 1.00329122787457e-10 8.53178483417594e-10 4.75126604726483e-12 1.59094959428785e-14 7.32747196252603e-16 9.54791801177635e-16 1.29896093881143e-15 1.04816155754861e-13 1.19593224212622e-13 6.66133814775094e-16 5.88418203051333e-16 7.105427357601e-16 1.27675647831893e-15 1.57651669496772e-15 5.81756864903582e-15 3.61932706027801e-15 3.27515792264421e-15 2.93098878501041e-15 2.87547763377916e-15 3.21964677141295e-15 3.99680288865056e-15 5.01820807130571e-15 5.08482145278322e-15 6.65023591750469e-15 1.04471986617227e-14 1.41109346429857e-14 1.91402449445377e-14 2.28483898467857e-14 3.0142555118573e-14 1.24511512211711e-13 3.83026943495679e-14 5.33351141029925e-14 1.05282449425204e-13 1.37556632751057e-13 2.37088126908702e-13 2.63344901441087e-14 1.55986334959834e-13 4.9483306341358e-12 7.46447570421083e-11 1.23065224677532e-11
