Scripts_&_data/Maxent_result_files_1/Bombus_zonatus_3.asc
NCOLS 594 
NROWS 330 
XLLCORNER -15 
YLLCORNER 23 
CELLSIZE 0.166666666666667 
NODATA_value -9999 
[rows 220 to 239 of 330, columns 360 to 404 of 594]
0.73927840590477 0.694782477617264 0.384949859976769 0.222778350114822 0.35205979347229 0.331574685871601 0.198729965090752 0.13001441732049 0.095609999075532 0.121700196713209 0.172771006822586 0.249014574289322 0.804605883359909 0.582696807384491 0.248238411918282 0.107531137764454 0.0302265483886003 0.0112039746250957 0.0758801929652691 0.639008978009224 0.429541854560375 0.788434290885925 0.778502243757248 0.401974931359291 0.0363685995806009 -9999 -9999 -9999 -9999 -9999 -9999 -9999 -9999 -9999 -9999 -9999 -9999 -9999 -9999 -9999 -9999 -9999 -9999 -9999 -9999
0.805397993326187 0.783144277334213 0.90167880654335 0.554363465309143 0.304680290818214 0.0526877611875534 0.156159974634647 0.169958784431219 0.202762831747532 0.226407295465469 0.199360134452581 0.0703326523303986 0.34932025372982 0.618910437822342 0.543163201212883 0.616401833295822 0.268093754351139 0.0841917220503092 0.172690448909998 0.645930075645447 0.83116267323494 0.763833278417587 0.999701768159866 0.728367680311203 0.0853646334260702 -9999 -9999 -9999 -9999 -9999 -9999 -9999 -9999 -9999 -9999 -9999 -9999 -9999 -9999 -9999 -9999 -9999 -9999 -9999 -9999
0.724528503417969 0.585873156785965 0.627872270345688 0.871282261610031 0.762839710712433 0.675343763828278 0.957050502300262 0.611713081598282 0.11731475815177 0.553616246581078 0.685670614242554 0.43537785410881 0.355393135547638 0.239330551028252 0.380873650312424 0.566274771094322 0.387438434362411 0.586636212468147 0.474537691473961 0.382873824238777 0.709890449047089 0.854135900735855 0.988167107105255 0.8527024269104 0.496087768673897 0.0331176205538213 -9999 -9999 -9999 -9999 -9999 -9999 -9999 -9999 -9999 -9999 -9999 -9999 -9999 -9999 -9999 -9999 -9999 -9999 -9999
0.600987228751183 0.275924256443977 0.33414378464222 0.72159515619278 0.74459890127182 0.713109022378921 0.284275399893522 0.613988789916039 0.805516308546066 0.116434840857983 0.161110440641642 0.288945481181145 0.268575561791658 0.0835405956953764 0.104284849343821 0.0852281746601875 0.236458235606551 0.453283080458641 0.65939191877842 0.726463449001312 0.591918894648552 0.63925119638443 0.614139652252197 0.310639353096485 0.134991976618767 0.127001226413995 0.00688909736927599 -9999 -9999 -9999 -9999 -9999 -9999 -9999 -9999 -9999 -9999 -9999 -9999 -9999 -9999 -9999 -9999 -9999 -9999
0.596681591868401 0.452880474925041 0.719104146957397 0.756216555833817 0.984122675657272 0.649921381473541 0.689566111564636 0.995948898792267 0.697016650438309 0.7515873670578 0.464512172341347 0.132728287577629 0.125981129705906 0.165063069015741 0.348134882748127 0.176141935586929 0.626302409172058 0.613750493526459 0.251138576865196 0.391832584142685 0.802640473842621 0.590569785237312 0.254017668962479 0.101856152713299 0.02886953339912 0.00453287978343724 0.0028023959705024 0.0292563050985336 -9999 -9999 -9999 -9999 -9999 -9999 -9999 -9999 -9999 -9999 -9999 -9999 -9999 -9999 -9999 -9999 -9999
0.6606276512146 0.891186040639877 0.980374765396118 0.49557398557663 0.378300386667252 0.337795716524124 0.636852115392685 0.394155365228653 0.420976737141609 0.682443177700043 0.645792916417122 0.14189420491457 0.178176006674767 0.166978241503239 0.322182759642601 0.601598542928696 0.567591059207916 0.197875027917326 0.156825300306082 0.453887477517128 0.0798729468137026 0.0331655502319336 0.0680020917207003 0.0278418371919543 0.0261250865180045 0.00219940173337818 0.00484729300369509 0.000401410737549668 0.0134584504063241 0.08885383810848 0.0296051731565967 0.0126805145526305 -9999 -9999 -9999 -9999 -9999 -9999 -9999 -9999 -9999 -9999 -9999 -9999 -9999
0.31956330537796 0.84647456407547 0.770800846815109 0.97226984500885 0.923637628555298 0.66516997218132 0.647120314836502 0.446802288293839 0.260607968270779 0.416701301187277 0.633702284097671 0.505559068918228 0.171494759619236 0.142245280742645 0.0665826028212905 0.0987036496400833 0.485775896906853 0.115573942661285 0.161956651508808 0.0124815708957613 0.0488508276641369 0.00713255316950381 0.00701357427242328 0.00241007135518885 0.0101352766068885 0.0015873242102316 0.0022819190964583 0.00431116067920811 -9999 -9999 -9999 -9999 -9999 -9999 -9999 -9999 -9999 -9999 -9999 -9999 -9999 -9999 -9999 -9999 -9999
0.364619180560112 0.686656761169434 0.635845774412155 0.309788390994072 0.499008691310883 0.562178081274033 0.767975944280624 0.243282328546047 0.550257661938667 0.920945250988007 0.747183579206467 0.376971247792244 0.491660442948341 0.146894239634275 0.142500400543213 0.0548725534230471 0.0810713414102793 0.0371580395847559 0.0491843513213098 0.0119290214264765 0.0990882098674774 0.0532652381807566 0.00298217488452792 0.0151913244219031 0.0251062469207682 0.00172694238171971 0.0365179600194097 -9999 -9999 -9999 -9999 -9999 -9999 -9999 -9999 -9999 -9999 -9999 -9999 -9999 -9999 -9999 -9999 -9999 -9999
0.823905038833618 0.813646394014359 0.529482826590538 0.316436144709587 0.228789606690407 0.226873269677162 0.467642158269882 0.783185875415802 0.5390111297369 0.834752833843231 0.919786542654037 0.659185081720352 0.106609812378883 0.344068017601967 0.149636138230562 0.368725773692131 0.0270104791969061 0.0887601524591446 0.0590969916433096 0.0690177723765373 0.132734902948141 0.139394041150808 0.0828134153038263 0.00843318530824035 0.0112388969224412 0.00299209388576855 0.0493474637158215 -9999 -9999 -9999 -9999 -9999 -9999 -9999 -9999 -9999 -9999 -9999 -9999 -9999 -9999 -9999 -9999 -9999 -9999
0.64028223156929 0.912069410085678 0.872784304618835 0.902267789840698 0.572099095582962 0.208795048296452 0.22492511421442 0.484546908736229 0.750739902257919 0.738317626714706 0.888949429988861 0.67390673160553 0.330065679550171 0.0915529184043407 0.331850905716419 0.11862321048975 0.102112083882093 0.061308098770678 0.102507538720965 0.107723379135132 0.0130208228249103 0.0138840388506651 0.0223817975260317 0.0553275994956493 0.0120861008297652 0.0123507018754026 -9999 -9999 -9999 -9999 -9999 -9999 -9999 -9999 -9999 -9999 -9999 -9999 -9999 -9999 -9999 -9999 -9999 -9999 -9999
0.776645487546921 0.745518559217453 0.869338393211365 0.521784746646881 0.690641576051712 0.716424995660782 0.930137294530869 0.603922316431999 0.615964162349701 0.818929028511047 0.561020636558533 0.713535624742508 0.568299075961113 0.0894557930529118 0.325473602116108 0.362046203017235 0.0888898335397243 0.119924906641245 0.0835591483861208 0.168206273019314 0.0734758015722036 0.0234995678067207 0.0160218150122091 0.123953747749329 0.0641226604580879 0.0456350154709071 -9999 -9999 -9999 -9999 -9999 -9999 -9999 -9999 -9999 -9999 -9999 -9999 -9999 -9999 -9999 -9999 -9999 -9999 -9999
0.116482160240412 0.062790347263217 0.229483711719513 0.613488963246345 0.906934773921967 0.538141250610352 0.67805997133255 0.756179660558701 0.803847002983093 0.469791126251221 0.426592567563057 0.649892354011536 0.26844622194767 0.260273005068302 0.276008549332619 0.264431911706924 0.27973031848669 0.28689661026001 0.087944071739912 0.0859329424798489 0.0919816453009844 0.223855710029602 0.0545405710930936 0.161127930134535 0.149054308980703 0.0648265969008207 -9999 -9999 -9999 -9999 -9999 -9999 -9999 -9999 -9999 -9999 -9999 -9999 -9999 -9999 -9999 -9999 -9999 -9999 -9999
0.11107267215848 0.0221508329734206 0.542375001311302 0.628127574920654 0.641993135213852 0.587931817770004 0.667721772193909 0.702769500017166 0.914060425758362 0.754290610551834 0.309660175442696 0.237731699645519 0.258657976984978 0.264088149368763 0.275382499396801 0.269675332307816 0.333589562773705 0.307108095288277 0.295374211668968 0.0854239676147699 0.0684006098657846 0.322245481610298 0.164994612416194 0.0149634136515033 0.0179711068276902 -9999 -9999 -9999 -9999 -9999 -9999 -9999 -9999 -9999 -9999 -9999 -9999 -9999 -9999 -9999 -9999 -9999 -9999 -9999 -9999
0.167635624855757 0.261025552451611 0.216623003780842 0.442007756233215 0.370013090968132 0.746934115886688 0.335712730884552 0.518316245079041 0.664457175135613 0.753597635030747 0.285155445337296 0.326377601921558 0.317588347196579 0.322040462493897 0.284061682224274 0.312555156648159 0.354052734375 0.372075048089027 0.302659676969051 0.0804167754948139 0.163445119559765 0.047635105624795 0.1533521797508 0.023652390378993 -9999 -9999 -9999 -9999 -9999 -9999 -9999 -9999 -9999 -9999 -9999 -9999 -9999 -9999 -9999 -9999 -9999 -9999 -9999 -9999 -9999
0.281355927884579 0.378799623250961 0.374780178070068 0.282784324884415 0.259248864650726 0.503814661502838 0.563439652323723 0.759879320859909 0.842431831359863 0.617127233743668 0.59682189822197 0.166254192381166 0.791528326272964 0.755597573518753 0.556088671088219 0.506373700499535 0.635714185237884 0.660040187835693 0.764090597629547 0.828109812736511 0.630401009321213 0.309455296397209 0.168778107315302 -9999 -9999 -9999 -9999 -9999 -9999 -9999 -9999 -9999 -9999 -9999 -9999 -9999 -9999 -9999 -9999 -9999 -9999 -9999 -9999 -9999 -9999
0.297852626442909 0.117030142247677 0.285009026527405 0.527166345715523 0.81844020485878 0.722419148683548 0.688765376806259 0.454960653185844 0.69667301774025 0.767794221639633 0.744544643163681 0.977258682250977 0.992134267091751 0.904577386379242 0.679209095239639 0.809461361169815 0.832009410858154 0.694619637727737 0.886329758167267 0.926968395709991 0.938052773475647 0.772927939891815 0.12926746532321 -9999 -9999 -9999 -9999 -9999 -9999 -9999 -9999 -9999 -9999 -9999 -9999 -9999 -9999 -9999 -9999 -9999 -9999 -9999 -9999 -9999 -9999
0.224648731946945 0.207065427303314 0.331479325890541 0.255668859183788 0.316986404359341 0.828655791282654 0.805586785078049 0.677361589670181 0.719281113147736 0.924259096384048 0.8260134100914 0.881062746047974 0.815542131662369 0.850741159915924 0.709360176324844 0.366584151983261 0.451742964982986 0.503152406215668 0.689342159032822 0.784031683206558 0.993221408128738 0.854716747999191 0.806699877977371 -9999 -9999 -9999 -9999 -9999 -9999 -9999 -9999 -9999 -9999 -9999 -9999 -9999 -9999 -9999 -9999 -9999 -9999 -9999 -9999 -9999 -9999
0.672485899925232 0.561154529452324 0.227878628671169 0.301192034780979 0.606688430905342 0.253854337334633 0.541910859942436 0.671147978305817 0.748325127363205 0.749335062503815 0.76111621260643 0.696270495653152 0.891419434547424 0.592587971687317 0.464414831995964 0.603152251243591 0.898094820976257 0.984354346990585 0.877069360017776 0.684127068519592 0.838796991109848 0.747092771530151 0.0947381747886538 -9999 -9999 -9999 -9999 -9999 -9999 -9999 -9999 -9999 -9999 -9999 -9999 -9999 -9999 -9999 -9999 -9999 -9999 -9999 -9999 -9999 -9999
0.0760269112884998 0.129103028774261 0.0974655132740736 0.762913769483566 0.792558300495148 0.449957460165024 0.659190353751183 0.541713708639145 0.544171985983849 0.422810271382332 0.451497146487236 0.5561453551054 0.760054409503937 0.804121017456055 0.635860204696655 0.783361321687698 0.306048379838467 0.507438930869103 0.69466558098793 0.999980711936951 0.746076261997223 0.754325842857361 0.573501035571098 -9999 -9999 -9999 -9999 -9999 -9999 -9999 -9999 -9999 -9999 -9999 -9999 -9999 -9999 -9999 -9999 -9999 -9999 -9999 -9999 -9999 -9999
0.0895763508975506 0.222713041305542 0.0438104985281825 0.0269369769841433 0.577969005703926 0.19361520409584 0.540446588397026 0.999999886751175 0.858170759677887 0.389187881350517 0.404996147751808 0.531802389025688 0.338017243146896 0.651129633188248 0.68573933839798 0.885312765836716 0.778950566053391 0.942027568817139 0.979811799526215 0.929241335391998 0.733130347728729 0.982852470874786 0.668696096539497 -9999 -9999 -9999 -9999 -9999 -9999 -9999 -9999 -9999 -9999 -9999 -9999 -9999 -9999 -9999 -9999 -9999 -9999 -9999 -9999 -9999 -9999
