Scripts_&_data/Maxent_result_files_1/Bombus_magnus_2.asc
NCOLS 594 
NROWS 330 
XLLCORNER -15 
YLLCORNER 23 
CELLSIZE 0.166666666666667 
NODATA_value -9999 
[rows 160 to 179 of 330, columns 225 to 269 of 594]
0.0359994061291218 0.00402763169258833 0.00316524496302009 0.00343388738110662 0.00334392432123423 0.0032670684158802 0.00212676688097417 0.0028542123734951 0.00464947177097201 0.00442105890251696 0.00496798455715179 0.00415597762912512 0.00925639700144529 0.0109922306612134 0.0059247212484479 0.00601790715008974 0.00418340042233467 0.0139259047806263 0.00648258081637323 0.00597467226907611 0.0131564708426595 0.00596315488219261 0.00398556832224131 0.00509488950483501 0.00408104159869254 0.0113904807716608 0.0148642282932997 0.0160578460432589 0.010227918997407 0.0118304297327995 0.00692275613546371 0.00383965997025371 0.0066095014102757 0.00394779145717621 0.0165639848448336 0.00410078926943243 0.00440247873775661 0.00506078293547034 0.0029466618783772 0.00487466221675277 0.00633979002013803 0.00587768219411373 0.00666235610842705 0.00521094305440784 0.00559452408924699
0.00439822971820831 0.00402673846110702 0.0024425046518445 0.00354720959439874 0.00326814213767648 0.00389503221958876 0.00352436671964824 0.00376052567735314 0.0058299888856709 0.00477948300540447 0.00566463861614466 0.00437250593677163 0.00442607533186674 0.00515784379094839 0.00354661913588643 0.00101250942097977 0.00400187904015183 0.00804085694253445 0.00613742172718048 0.00441850926727057 0.00278333984315395 0.006225626450032 0.00597587414085865 0.00482469284906983 0.00985668860375881 0.00635351594537497 0.00627628611400723 0.0247833238914609 0.00716536026448011 0.00324595156125724 0.00678481180220842 0.00328167290426791 0.00396133130416274 0.0036997877061367 0.00369972437620163 0.00205363282002509 0.00270256674848497 0.00319236489012837 0.00468794424086809 0.0056447952054441 0.00570949297398329 0.00607211412861943 0.00373655874282122 0.00381301743909717 0.00408840794116259
0.00166304935701191 0.00228716349229217 0.00104354089125991 0.00339706595987082 0.0024116569198668 0.00330816255882382 0.00244552069343627 0.00251527293585241 0.00436775591224432 0.00502874571830034 0.00626330319792032 0.00438126339577138 0.00383509714156389 0.00371388271450996 0.00285076485015452 0.00304415430873632 0.00394792798906565 0.00343168219551444 0.00144216809421778 0.000938812061212957 0.000688431295566261 0.00506127653643489 0.00475804973393679 0.00464362856000662 0.00280883894301951 0.00370802073739469 0.00571077871136367 0.0154201176017523 0.0144741415046155 0.0193330459296703 0.00419781170785427 0.00443573147058487 0.00414464576169848 0.00260674552991986 0.00265823020599782 0.00289804553613067 0.0036282907705754 0.00233490993268788 0.00264409296214581 0.00218642712570727 0.00387219814583659 0.00415905797854066 0.00470535950735211 0.00489795706234872 0.004157461412251
0.00368046909570694 0.00192560129798949 0.00182103659026325 0.00895354188978672 0.00176090626046062 0.000784813892096281 0.000806606118567288 0.000830460002180189 0.00308210072107613 0.00265876725316048 0.00177045599557459 0.00173178364057094 0.00483791269361973 0.00440823556855321 0.0012422886909917 0.000952201650943607 0.00327922580763698 0.00914854574948549 0.00253449976444244 0.00276223928667605 0.00253102099522948 0.00310114254243672 0.00263730445876718 0.00384448189288378 0.00275049251504242 0.00273682633414865 0.00433328580111265 0.0048298736102879 0.00368692213669419 0.0023957097902894 0.00299014924094081 0.00399091821163893 0.00300830435007811 0.00273101385682821 0.002562485774979 0.00241784863173962 0.00232465893495828 0.00510468413121998 0.00428011743351817 0.00496225208044052 0.0069818495772779 0.00915860757231712 0.00618356624618173 0.0141009006649256 0.00470924936234951
0.00965835638344288 0.00984713844954968 0.00887178555130958 0.00536363809369504 0.0054778890684247 0.00189611362293363 0.00247099578846246 0.00435225581750274 0.00100418352521956 0.00376793649047613 0.0039234665222466 0.00554082682356238 0.00478150071576238 0.00381802027113736 0.00315154090058058 0.00136756640858948 0.00120434393174946 0.000675191660411656 0.0013103405945003 0.00088439651299268 0.00170582318678498 0.000701102329185233 0.00206766158808023 0.000801200070418417 0.0019278607214801 0.000955089367926121 0.000726787082385272 0.00118681420572102 0.00225805127993226 0.00100009164307266 0.00160960447974503 0.00329313175752759 0.00282600084319711 0.00251675704494119 0.00168568789958954 0.00126411321107298 0.00132203218527138 0.00152879583183676 0.00228448701091111 0.00254122326150537 0.00294257863424718 0.00605966988950968 0.00529033774510026 0.00341434683650732 0.00519354054704309
0.00396782904863358 0.00362303028814495 0.00417173276655376 0.0114668599329889 0.00806534010916948 0.00899724187329412 0.00465959273278713 0.00348251038230956 0.00390258729457855 0.00589120667427778 0.0159184301272035 0.00261453418061137 0.00121910399757326 0.00183894885703921 0.00261085941456258 0.0046730718575418 0.00677036317065358 0.00250646399799734 0.000417007063515484 0.00119910684879869 0.000536989682586864 0.000478861664305441 0.00043171108700335 0.000218374864198267 0.00256530707702041 0.00235872536431998 0.00220108102075756 0.00341952173039317 0.00257058697752655 0.00247317044995725 0.00321007706224918 0.0035855496302247 0.00310105010867119 0.00242348504252732 0.00184825933538377 0.00150226966943592 0.00174896134994924 0.00136590370675549 0.00140981551958248 0.0026523188687861 0.00379313128069043 0.0103333089500666 0.00371329188346863 0.00558082154020667 0.00310063976794481
0.00380850853398442 0.0029416531091556 0.00301183159463108 0.00508610978722572 0.00555640580132604 0.0050820569973439 0.00523528354242444 0.0059060126543045 0.00679965987801552 0.00669552870094776 0.00792933935299516 0.0045119808986783 0.00530149936676025 0.0052286958321929 0.00566890127956867 0.0056632955558598 0.00497400863096118 0.00234732809476554 0.00200602975673974 0.00307734939269722 0.00129421926103532 0.00146235504653305 0.00099003694485873 0.00214029187336564 0.0110942341387272 0.00467053195461631 0.0142804127186537 0.00351988598704338 0.00170672698877752 0.000896914722397923 0.00210547968745232 0.00285349190235138 0.000461100391112268 0.00077501826453954 0.0022287308704108 0.000423326063901186 0.00579020818695426 0.00497136905323714 0.00219175510574132 0.00390334273688495 0.00259822010993958 0.00357193986419588 0.00215064000803977 0.00276490496471524 0.00461924346163869
0.00229970023501664 0.00657884567044675 0.00320919496007264 0.00346699906513095 0.00358185321092606 0.0053176642395556 0.00294718453660607 0.00587531700730324 0.00229215112049133 0.00567048583179712 0.00556291677057743 0.0056944228708744 0.00558165013790131 0.00611150711774826 0.00520379794761539 0.0059047288261354 0.00572480019181967 0.00138330142945051 0.00290549122728407 0.000741089455550537 0.000884979451075196 0.00134713663137518 0.00152881055837497 0.000556207110639662 0.000531152135226876 0.0020351339597255 0.0012083383044228 0.000660742493346333 0.00202780913095921 0.00573644451797009 0.00227571572177112 0.00125120156444609 0.000744785985443741 0.0017139888368547 0.00160520451609045 0.00175895248539746 0.0017624934669584 0.00125982887111604 0.000670804688706994 0.00281062060967088 0.00223856931552291 0.00230826209299266 0.00276906425133348 0.00173014628235251 0.00305448595900089
0.00295791770331562 0.00121127390302718 0.0025512995198369 0.00368929160758853 0.00384126044809818 0.00634853821247816 0.00406246269121766 0.00622323602437973 0.0019638879224658 0.0124357112683356 0.00402144649997354 0.00505297677591443 0.00348969157785177 0.00443921824917197 0.00163839042652398 0.000152492622146383 0.00072242229944095 0.000842735997866839 0.000659963063662872 0.00078212704975158 0.000577490724390373 0.000671323941787705 0.000689901632722467 0.000679845712147653 0.000701370358001441 0.000550671355449595 0.00129674102645367 0.000984308775514364 0.00147638181224465 0.00185216183308512 0.00155199838336557 0.000746314565185457 0.000509197765495628 0.00111558116041124 0.000356841640314087 0.00103858696529642 0.00378762064501643 0.00102875262964517 0.00136569212190807 0.00150758717209101 0.000808813341427594 0.00202195048332214 0.00122024606680498 0.000793425599113107 0.00407271906733513
0.00443145637400448 0.00380586716346443 0.00206365452613682 0.00269599878229201 0.00361998993903399 0.00298347782809287 0.00277200848795474 0.00452906228601932 0.0104932313784957 0.00245539031457156 0.00151935499161482 0.000613047962542623 0.00105522365774959 0.000780806830152869 0.00318022575229406 0.00160028885584325 0.000758575508370996 0.00287018185481429 0.0013689122046344 0.000790710421279073 0.000567090592812747 0.000706431630533189 0.000673841737443581 0.000681690045166761 0.00046255553024821 0.000487558433087543 0.00074261812842451 0.00286874072626233 0.00101139203179628 0.000754007778596133 0.00074215509230271 0.000760584056843072 0.000712249940261245 0.000664866174338385 0.000631593290017918 0.000651334907161072 0.00062799186562188 0.000811889837495983 0.000649927626363933 0.000771762302611023 0.000925688352435827 0.00130784327629954 0.000640081980964169 0.000571653555380181 0.00256147640757263
0.0410428769886494 0.0102476269006729 0.00567739880643785 0.00415635006502271 0.00248794336803257 0.00290283896028996 0.0037962082773447 0.00399134149774909 0.00211189636029303 0.000533349288161844 0.000615833059418947 0.000760047417134047 0.000492959143593907 0.000640253210440278 0.000258867064258084 0.00124660516157746 0.00122788390144706 0.000983391597401351 0.00904083298519254 0.000547710226965137 0.000703026686096564 0.000650746951578185 0.000624914257787168 0.000631851283833385 0.000651564780855551 0.000450249033747241 0.000661724020028487 0.00134545896435156 0.000215603463584557 0.000499641918577254 0.000720269989687949 0.000448923802468926 0.000459398527164012 0.000446582434233278 0.000280628522159532 0.000879574776627123 0.000611858197953552 0.000657606014283374 0.000743538653478026 0.000552717206301168 0.000866761757060885 0.00127201278228313 0.000848322722595185 0.00078242861200124 0.00134690606500953
0.0290426978841424 0.0202872182242572 0.0127454116009176 0.0120454709976912 0.00813048612326384 0.00681970966979861 0.00694764601066709 0.00399720380082727 0.0031709604896605 0.00198207977227867 0.00177357303909957 0.000977970112580806 0.000280915055191144 0.000329660187708214 0.000168171332916245 0.000955730606801808 0.000842382700648159 0.000878251669928432 0.000430066138505936 0.000483552808873355 0.000488777336431667 0.000365931121632457 0.000421851067221724 0.000612326146801934 0.000628336641239002 0.00042854149651248 0.00145296906121075 0.00086302487179637 0.000336753495503217 0.0010423325933516 0.00108607388101518 0.00119164539501071 0.000623539253138006 0.000160615323693492 0.000123626839194912 0.000432789145270363 0.00129412135574967 0.00033448833564762 0.000714087346568704 0.00060845673433505 0.000709011591970921 0.000639086458249949 0.000595198239898309 0.000788376550190151 0.000491574819898233
0.0339005880057812 0.0179492061957717 0.0143396656960249 0.0134966230019927 0.0132139805704355 0.0142992832697928 0.00531524687539786 0.00531349498778582 0.00242729429155588 0.00106289139948785 0.00302023738622665 0.000784285552799702 0.00317075354978442 0.00252041174098849 0.000362971355207264 0.000430713407695293 0.000909266504459083 0.000540339396684431 0.000477158604189754 0.000499766855500638 0.000616776832612231 0.000239857565611601 5.95689358306117e-05 0.000577231467468664 0.00040340285631828 0.000586153712356463 0.000398765670252033 0.000446815224131569 0.000476874498417601 0.000719605095218867 0.000542737555224448 0.000532576930709183 0.000648912304313853 0.000749942846596241 0.00138713871128857 0.000759493984514847 0.0009122250135988 0.00137710140552372 0.000687086948892102 0.000802691385615617 0.000942219106946141 0.000910368585027754 0.00135624909307808 0.000815698073711246 0.000723202043445781
0.00649916967377067 0.0131655376404524 0.017760268971324 0.0171734254807234 0.0900753393769264 0.0175776224583387 0.00202995231375098 0.00239178829360753 0.00399270846974105 0.00372600718401372 0.0047628675121814 0.0012285697972402 0.000353842240292579 0.00127020142972469 0.000783248874358833 0.000188128807349131 0.000660554994828999 0.0008882787078619 0.000621995009714738 0.000185434633749537 0.000281749467831105 0.000391469564056024 0.000359470990952104 0.000402744463644922 0.000333345658145845 0.000564513029530644 0.000399985729018226 0.000433279911521822 0.000413315207697451 0.000703488604631275 0.00049167750403285 0.000525723185273819 0.000450002565048635 0.000318550324300304 0.000202806945890188 0.000804243527818471 0.000231560232350603 0.000385741202626377 0.000661320268409327 0.000472105038352311 0.000216069014277309 0.000849718321114778 0.000576789502520114 0.000658612040570006 0.00083685809513554
0.00452192691154778 0.0106560030486435 0.0181114744395018 0.0164187209680676 0.0247639987617731 0.0507875926792622 0.103643891215324 0.0434337139129639 0.00697789429686964 0.00490629076957703 0.00392497917637229 0.00533831035718322 0.00221954011358321 0.00350698730908334 0.000466985668754205 0.000404703462845646 0.000855758832767606 0.000831650150939822 0.00119862633291632 0.000532505440060049 0.000747095386032015 0.00025766544858925 0.000430666521424428 0.000475704204291105 0.000373494933592156 0.000379412248730659 0.000526038953103125 0.000428682035999373 0.000616109633119777 0.000482838589232415 0.000578052166383713 0.000433901941869408 0.000452876975759864 0.000568499782821164 0.00048107341863215 0.000412136656814255 0.000357192096998915 0.000439679264673032 0.000984821049496532 0.000358852033969015 0.000368727347813547 0.000322821695590392 0.000545512360986322 0.00314430808648467 0.000592221063561738
0.00222151437774301 0.00321708032861352 0.0180435657501221 0.0052743915701285 0.016380351036787 0.0236878477036953 0.0508807346224785 0.0538480021059513 0.0450363263487816 0.0233231116086245 0.00668723220005631 0.00385184227488935 0.00287383580580354 0.0020507930777967 0.00141993453726172 0.000341424462385476 0.00104522618930787 0.00119086895138025 0.000735782680567354 0.00123064094223082 0.000363269535591826 0.000198565179016441 0.000351721837068908 0.000467282847966999 0.000948894629254937 0.00032593592768535 0.000381294116959907 0.000689402403077111 0.000510458520147949 0.00051217011641711 0.000730750488582999 0.000561440095771104 0.000550843600649387 0.000692077516578138 0.000481157866306603 0.000562521768733859 0.000188293858082034 0.000407721882220358 0.000777509494218975 0.00369038004428148 0.00218798241112381 0.00198515541851521 0.000810612121131271 0.000862572726327926 0.00105650725308806
0.000830773101188242 0.00191302080638707 0.00393867357634008 0.00809520012699068 0.00391910786274821 0.0086590688675642 0.0551614105701447 0.0681946031749248 0.180262646079063 0.188138598203659 0.0589034512639046 0.00551264425739646 0.00393177885562182 0.0038005038164556 0.00139955759514123 0.00157702838769183 0.000364132746472023 0.000366443837992847 0.000371609712601639 0.00128422123380005 0.000360831341822632 0.000269691864377819 0.000382307829568163 0.000505151005927473 0.000391272245906293 0.00284315519966185 0.00301811557728797 0.00238710882840678 0.00171082892920822 0.00233552770805545 0.000449447092250921 0.000729194201994687 0.000562160986009985 0.000544454011833295 0.000377512886188924 0.000412430509459227 0.000645674951374531 0.000196797846001573 0.0005117058288306 0.00035445645917207 0.00165615929290652 0.00228588064201176 0.00065626431023702 0.000841325335204601 0.000715307286009192
0.0165702018886805 0.0120742086321116 0.00122688522096723 0.00418167007155716 0.00317706491332501 0.00785638294182718 0.0144170620013028 0.0213809119537473 0.0530884601175785 0.106912869215012 0.106692299246788 0.0619827583432198 0.0328584544360638 0.00425517328549176 0.00036297868937254 0.000265490508172661 0.000515212758909911 0.00022755953395972 0.000351909967139363 0.00153048102511093 0.000363645557081327 5.10023772221757e-05 6.29449939879123e-05 0.000238620335585438 0.000782441231422126 0.000372921500820667 0.000468024710426107 0.000319441402098164 0.000469615135807544 0.000454246945446357 0.000475793972145766 0.00269143062178046 0.00146410365123302 0.000529675086727366 0.000350178178632632 0.000462899974081665 0.000424872554140165 0.00161740549374372 0.000305197527632117 0.000504144909791648 0.000203656384837814 0.000319916754961014 0.000480409560259432 0.00188112123869359 0.00117563628591597
0.0077086454257369 0.00837595611810684 0.0111420769244432 0.00799745675176382 0.00207090538460761 0.00170597799587995 0.00257907211780548 0.00823906636796892 0.00928978477604687 0.0233817782253027 0.0427022486925125 0.0267888076603413 0.0762870624661446 0.0283053576946259 0.00840886710211635 0.00146102248691022 0.00155151882208884 0.00111216623336077 0.00031164531246759 4.98310870170826e-05 0.00316120309871621 0.000238739638007246 0.000493020215071738 0.000155806113616563 0.000268615255481564 0.000326431618304923 0.000296408263966441 0.000347129616420716 0.000524672796018422 0.000309134999406524 0.000522207928588614 0.000383470248198137 0.000395171591662802 0.000375071354210377 0.00146422404795885 0.00049382567522116 0.000500631734030321 0.000351183424936607 0.000260536355199292 9.16378543479368e-05 0.000287856272188947 0.000628946977667511 0.000713162682950497 0.000497573637403548 0.000636003026738763
0.00530709512531757 0.00367676252499223 0.00813882313668728 0.00806585839018226 0.00101689926814288 0.00193159910850227 0.00162296886555851 0.00402048965916038 0.0012884764932096 0.00910293986089528 0.0140791026875377 0.0524779133498669 0.197696912288666 0.0173322360962629 0.00709765572100878 0.00514199957251549 0.0178756506182253 0.00283222142606974 0.00132797565311193 0.000639103353023529 9.46444662986323e-05 0.000158272928092629 2.19817451579729e-05 0.000131453978247009 0.000262709200615063 0.000273394069517963 0.000297480559675023 0.000232810556190088 0.000319585809484124 0.000303098469157703 0.000331462849862874 0.000619793171063066 0.00039584735641256 0.000487702409736812 0.000522355735301971 0.000480174599215388 0.00035772833507508 0.000454107183031738 0.00137244635261595 0.000635231356136501 0.000199643042287789 0.000657558883540332 0.000256891216849908 0.00155249782837927 0.000752839609049261
