Scripts_&_data/Maxent_result_files_1/Bombus_hortorum_3.asc
NCOLS 594 
NROWS 330 
XLLCORNER -15 
YLLCORNER 23 
CELLSIZE 0.166666666666667 
NODATA_value -9999 
[rows 280 to 299 of 330, columns 138 to 183 of 594]
4.51467641049419e-11 4.37745062420447e-11 4.09646205845604e-11 4.45959269512741e-11 4.95406826672706e-11 6.12297101909576e-11 8.3682238916083e-11 1.2141186944703e-10 1.84529891367191e-10 3.0832219000132e-10 5.2498586589067e-10 7.00909696949026e-10 8.55874715544047e-10 1.27198584998212e-09 1.69298661756301e-09 2.05308434697571e-09 2.11544562978006e-09 2.58747863135511e-09 2.99891771415872e-09 2.95614295264812e-09 2.78935807784819e-09 3.0376693271883e-09 3.04953448049261e-09 3.00043000445171e-09 3.40001790055666e-09 3.77497876291599e-09 4.12415497308416e-09 4.22123046517342e-09 4.42255131405389e-09 3.88286850450115e-09 2.83216294860722e-09 2.47585955071017e-09 1.77975192361401e-09 1.38492181056549e-09 2.40066950762952e-09 1.10572341283088e-09 3.17358775925314e-09 2.57955762306139e-09 1.69160846441585e-09 2.16816098408401e-09 3.08048976327413e-09 4.86376521280363e-09 7.52206337217842e-09 1.4106661105906e-08 1.27520283110805e-08 1.09187008767719e-08
4.73372674392181e-11 4.31288227353832e-11 4.33855396053673e-11 4.59522753182284e-11 5.35265387568984e-11 7.12161996041516e-11 1.0047670473412e-10 1.43538358976514e-10 2.14212025895222e-10 3.36311067883344e-10 5.37811495338047e-10 7.03234415144749e-10 9.10248010299597e-10 1.30881816495787e-09 1.64838693805791e-09 2.60615499181327e-09 2.05610107828491e-09 2.34475030502779e-09 2.66377256918915e-09 2.54446737013581e-09 2.38474455738213e-09 3.26710871689784e-09 3.27571791913783e-09 2.99599381969884e-09 3.24447068100753e-09 3.21878026454669e-09 3.71401823739959e-09 4.357842031677e-09 4.84013031876174e-09 6.2255856803084e-09 7.30264870796304e-09 2.65395950771463e-09 2.18112005123672e-09 1.42406992864608e-09 1.2113388292434e-09 3.59263980787006e-09 1.73443024387154e-09 1.34237554405559e-09 1.0152221285864e-09 1.43216802861446e-09 2.28976522187452e-09 3.39093867429696e-09 5.59291657431515e-09 9.26325706140929e-09 1.0320190324542e-08 9.98430002008277e-09
3.25728666261682e-11 3.28204019517386e-11 3.47725626070883e-11 4.22116563925101e-11 5.33783128808807e-11 7.09094227779872e-11 9.0360219306973e-11 1.22652521472588e-10 1.69300840013875e-10 3.01055635976155e-10 5.37935707090043e-10 7.64460017510515e-10 9.52220591265984e-10 1.19065773906968e-09 1.63828668409138e-09 2.09429917852333e-09 2.39634141419032e-09 2.43358935225757e-09 2.7799147317431e-09 2.82438984422484e-09 2.63269861466853e-09 2.8371365479174e-09 3.27771945141109e-09 3.30887982569195e-09 4.02325590620478e-09 4.09396914147209e-09 3.80934681576406e-09 4.93704700454956e-09 6.64548164275303e-09 6.94795604383458e-09 7.5178384517649e-09 8.4354369378481e-09 1.53678533232338e-09 2.66709213603278e-09 1.11292605131652e-09 1.03729563827315e-09 9.21615894711181e-10 9.37901267761276e-10 1.11465366936514e-09 1.21617464987622e-09 1.65699662879604e-09 2.15868678488107e-09 4.30851938570953e-09 6.3027458696574e-09 6.10647259424724e-09 8.24774895047398e-09
3.28198357379961e-11 3.28019167383786e-11 3.20599879977124e-11 3.3961833345586e-11 4.41009118112845e-11 5.84468362596624e-11 7.74334818487432e-11 1.05085662394089e-10 1.63988822521333e-10 2.84809442696599e-10 5.78492875824566e-10 7.87455878281662e-10 1.00962366245128e-09 1.32645919803664e-09 1.53300567795611e-09 3.87184253547446e-09 2.50159305492659e-09 2.56879146842692e-09 2.44373096203176e-09 2.5427106864484e-09 2.71721257716351e-09 2.63831755331623e-09 3.09105283591293e-09 3.22980050482258e-09 3.95422971033454e-09 4.37343402603929e-09 4.56744332355541e-09 4.77606244553286e-09 4.81316971834289e-09 5.04302992698769e-09 1.22623293075108e-08 3.55193375822793e-09 1.29378590063567e-09 1.19577842072616e-09 1.02306442206768e-09 8.67007687865851e-10 9.31416477278901e-10 1.20008749604494e-09 1.1132254562618e-09 1.10869843306105e-09 2.27385781315093e-09 1.71878392629665e-09 2.86192478604619e-09 3.83763840705598e-09 4.16516094947639e-09 5.77756978925592e-09
3.0500979519843e-11 3.34468674978439e-11 3.63531649227866e-11 4.01316424536446e-11 4.3498282753518e-11 5.41093614359056e-11 7.70914554415469e-11 1.04241582032927e-10 1.40847999929861e-10 2.66778554802727e-10 5.40204847521153e-10 7.52266504644439e-10 1.11638049915541e-09 1.41157049382556e-09 1.43923999385009e-09 1.86110503674897e-09 2.42931121885448e-09 2.44345386146705e-09 2.43237886499159e-09 2.43167586067017e-09 2.67418672761366e-09 2.81062380036445e-09 2.70357641829477e-09 3.03412100999267e-09 3.72132398229752e-09 4.21618848722716e-09 4.25651094371204e-09 4.19488568326187e-09 4.18452238415412e-09 3.91454647585832e-09 3.37373561309917e-09 4.48569184019476e-09 1.7789040795968e-09 2.53975884767499e-09 1.12201430368941e-09 8.62363525033771e-10 1.1690336476633e-09 1.20693693927976e-09 1.60222785039466e-09 1.3748100102795e-09 1.94687997945309e-09 1.47969031472073e-09 2.11971202812578e-09 3.35323367961493e-09 3.08510046398425e-09 4.91246276990154e-09
3.03167824178274e-11 3.16570769598457e-11 3.52756823751577e-11 3.95278143550115e-11 4.80597006635719e-11 5.86035220351278e-11 7.26819049390315e-11 9.37970701109236e-11 1.31779320788894e-10 2.33015229333944e-10 3.94217336552316e-10 7.13468362167902e-10 1.04888078222842e-09 1.24558799940999e-09 1.7328851575904e-09 1.5389630791951e-09 1.95380701617509e-09 2.10683070989148e-09 2.4643854068529e-09 2.44544715588546e-09 2.33215572409406e-09 2.40155180186719e-09 2.52197261962905e-09 2.71674980290015e-09 2.93889741431741e-09 3.42130572761334e-09 3.4530676762401e-09 3.4261617876119e-09 3.30018943284216e-09 3.1539913680767e-09 2.86406300897823e-09 3.38098264940356e-09 4.50477437574648e-09 1.79637759112339e-09 1.46596232930563e-09 1.23708385757482e-09 1.2984563646512e-09 1.32034765343292e-09 1.48649597075945e-09 6.90406176673264e-10 9.04240249344213e-10 1.54390547013605e-09 1.52976719069997e-09 2.01572737390521e-09 2.30760081043613e-09 4.91917054867841e-09
3.72719410890454e-11 3.53369444816565e-11 3.41624506461358e-11 3.63934993252713e-11 4.51600201678559e-11 5.67941804696659e-11 7.49858730664243e-11 1.07325048848139e-10 1.28259092235794e-10 1.88817061985702e-10 3.63221797083924e-10 5.3772910568739e-10 7.98954746805691e-10 1.04079792562217e-09 1.72604823767131e-09 1.49095129575727e-09 1.67537340667323e-09 2.06207229069832e-09 2.42131208416652e-09 2.42119940763175e-09 2.37432852268071e-09 2.21337400629906e-09 2.2252333309325e-09 2.63516165555089e-09 2.8076154179324e-09 3.08614040989141e-09 3.10176075934976e-09 3.04446334808972e-09 2.98708490165112e-09 2.87594029702021e-09 2.60872976554083e-09 2.41451808546955e-09 2.14950593990793e-09 1.92736570037155e-09 1.68386457000125e-09 1.66214905172879e-09 1.72354607252956e-09 1.50592325276477e-09 1.37360082197446e-09 1.54067260060842e-09 1.22956319570378e-09 1.4811866289044e-09 1.63369761052579e-09 1.42804934544216e-09 1.82503983037208e-09 2.76556173517406e-09
3.80582787506967e-11 3.98280519675609e-11 4.40761871445261e-11 4.43322267784652e-11 4.87897389156444e-11 6.23442519831485e-11 8.19935452867071e-11 1.32017052845157e-10 1.91852134179271e-10 2.01717653691702e-10 4.13593026493686e-10 6.16288320376412e-10 6.7491302546685e-10 8.25076518218282e-10 1.00740630282203e-09 1.34517419425606e-09 1.75049700290586e-09 1.94986827795063e-09 2.3031194951173e-09 2.45781162089287e-09 2.51859263444842e-09 2.45333187098851e-09 2.49020813969381e-09 2.48150405779413e-09 2.51225201752803e-09 2.78200348313717e-09 3.14434045467493e-09 3.12943363445228e-09 2.89333065284225e-09 2.7910557753863e-09 2.64234002456121e-09 2.58788741547278e-09 2.47837188549482e-09 2.27036972555439e-09 2.12891154705019e-09 2.09981605436838e-09 1.96752688585988e-09 1.56392686578855e-09 2.16338872371935e-09 2.1287248630486e-09 2.99879229226363e-09 2.48490797938317e-09 2.22130119853503e-09 1.80782170344784e-09 1.70259217835422e-09 2.79768925803836e-09
3.9983194533022e-11 4.33959312928778e-11 5.05129271743954e-11 5.67190405753593e-11 6.25520191199769e-11 8.18124346047e-11 1.0899772195927e-10 1.40167422113535e-10 2.18093176851397e-10 2.58026267019318e-10 4.3552972339711e-10 6.02238758862228e-10 7.09077330185437e-10 8.61069926472169e-10 1.00661814439462e-09 1.3779908880629e-09 1.77879588836305e-09 2.1590085608203e-09 2.42832880470445e-09 3.41216801480471e-09 2.12516655384576e-09 2.41739541717578e-09 2.23431037005284e-09 2.57529766400921e-09 2.61996859762803e-09 2.47139542164376e-09 2.55885120870047e-09 2.73713370857465e-09 2.84386961757477e-09 2.95569582142718e-09 2.6820038301345e-09 2.66517227176521e-09 2.78233038830678e-09 2.59218654319326e-09 2.41469529926874e-09 2.32431192070948e-09 2.16727110702308e-09 1.68809625167299e-09 2.80440484168309e-09 2.35145929394776e-09 1.90024155299895e-09 2.63762608421203e-09 2.70163467153139e-09 2.44214138911403e-09 1.68138792888683e-09 2.13688833294867e-09
4.51430004488884e-11 4.98790009295647e-11 6.11081629742216e-11 8.00889132790417e-11 1.0539272787824e-10 1.22121746048975e-10 1.37998101834569e-10 1.62358393396289e-10 2.19069007378891e-10 2.73185607468918e-10 4.3467759391902e-10 6.38898722815639e-10 7.75416619802627e-10 9.17874565242727e-10 1.00070033370869e-09 1.44072952457108e-09 1.94899681948968e-09 2.05594827829003e-09 3.39326685638852e-09 3.67290183822533e-09 2.28110031974538e-09 2.68734514641267e-09 2.58258422425328e-09 2.55628775924777e-09 2.47199526404174e-09 2.49975655730594e-09 2.70839549676438e-09 2.8964649345653e-09 2.85494868856873e-09 2.64966838470215e-09 2.58712873346667e-09 2.64328126053925e-09 2.59810895020252e-09 3.58544647305337e-09 3.79230936653485e-09 3.42102953743151e-09 2.87182962965815e-09 1.95325672303071e-09 2.42927957749828e-09 2.48915905665115e-09 2.25493093086726e-09 3.90760322988015e-09 3.36319643245986e-09 2.6565316058047e-09 2.67919310070752e-09 1.94570659584059e-09
6.56141696531165e-11 7.80301934177885e-11 9.47953493479758e-11 1.08896813788562e-10 1.20928311808655e-10 1.92326754522298e-10 1.66978197935208e-10 2.38096187210601e-10 2.92772728283097e-10 3.49115314435267e-10 4.28094137916446e-10 6.39279462699704e-10 7.87554432779558e-10 9.68177882310073e-10 1.61691456890267e-09 1.99721259530605e-09 2.05205303860367e-09 2.84308685483126e-09 2.01347546413544e-09 2.26685332727072e-09 2.2988157377668e-09 3.36871521788851e-09 2.50462021122999e-09 2.62024624220203e-09 2.82112729843575e-09 3.12029303506378e-09 3.01909526267963e-09 2.82522542027763e-09 2.68401016967346e-09 2.5406390657956e-09 2.60550614417099e-09 2.68748607812341e-09 2.9235105669656e-09 3.76282123237814e-09 2.59802517277308e-09 2.96732769466956e-09 3.49130224730487e-09 2.17269603419723e-09 2.52207892348366e-09 2.43632830576601e-09 2.37240729283883e-09 3.5224358874153e-09 3.08084553424237e-09 3.45629401765635e-09 2.92384653155509e-09 2.8837138454918e-09
1.05530817418042e-10 1.17779497266213e-10 1.17355936080088e-10 1.17807641419887e-10 1.24772348009117e-10 1.4699303996224e-10 1.91906912583306e-10 2.7691919868289e-10 2.61556309943955e-10 3.41871764231172e-10 4.44351255790565e-10 5.26279941848173e-10 7.3422536939205e-10 1.23232721804811e-09 1.69298813856855e-09 1.60442635843694e-09 1.79536708833083e-09 9.78487268987749e-10 1.93224630740119e-09 2.3082756039905e-09 2.32548331702276e-09 2.94209882012453e-09 2.2422927292709e-09 2.79717560225379e-09 2.87770830498246e-09 2.894670114717e-09 2.83654459920513e-09 2.83129570899376e-09 2.75266777149952e-09 2.75560569917843e-09 2.85808076094796e-09 2.80508466454776e-09 2.81633814047666e-09 2.76088875095226e-09 2.63344422934964e-09 2.57962322613992e-09 2.32445525050196e-09 1.93168303574964e-09 2.31933613425994e-09 2.55914659463841e-09 2.52658028943031e-09 3.70283405048966e-09 4.04648982099687e-09 4.25184104591025e-09 3.18516963915272e-09 3.62153032007484e-09
1.15116594034959e-10 1.22093413157387e-10 1.35000777223837e-10 1.33427802140318e-10 1.32074140513083e-10 1.51879864240811e-10 2.20925611138512e-10 2.80797241014596e-10 3.31364968797487e-10 3.90177423703619e-10 7.4185647624958e-10 6.31087926361573e-10 8.06090816318772e-10 9.87708270727694e-10 1.14577923815418e-09 1.57714290516253e-09 1.97036765792191e-09 2.96962862078587e-09 2.17526989754191e-09 2.71191893386202e-09 3.09294989619957e-09 4.80182491546799e-09 3.10403728276398e-09 2.72126047251575e-09 2.69252165008282e-09 2.73236561154633e-09 2.6303794364857e-09 2.66225290701527e-09 2.94360910091385e-09 3.04985288135384e-09 2.9633015596886e-09 2.88384630620087e-09 2.895295514449e-09 2.8811679819718e-09 2.79658962654139e-09 2.69771079919323e-09 2.23305482993652e-09 2.22171070429766e-09 1.96158463916518e-09 2.5019308291796e-09 2.53158003449272e-09 3.16277120049335e-09 4.37993082913479e-09 3.85930790658406e-09 3.91142243039155e-09 4.43151779716544e-09
1.11832165750059e-10 1.19168852563689e-10 1.28240906782651e-10 1.38829225893033e-10 1.54343327007922e-10 1.37412536904691e-10 1.98000504880724e-10 2.87816437349875e-10 3.90650423121031e-10 5.16204945455456e-10 5.65963387266777e-10 5.93686289018791e-10 8.1844940824638e-10 9.62946433702427e-10 1.13987173033792e-09 1.34034207066591e-09 1.75089867049394e-09 2.91972239718774e-09 2.14604984893896e-09 2.93387110161802e-09 3.25587311555964e-09 3.36023328051382e-09 3.29656059117056e-09 2.78982086321378e-09 2.53111921422189e-09 2.47864954117105e-09 2.47268798769795e-09 2.94665062350319e-09 3.10590355656615e-09 3.01952969294916e-09 2.89116461882344e-09 2.73983428167313e-09 3.66362085113536e-09 5.08773502216897e-09 2.37639873335027e-09 2.51398344364162e-09 2.49021252507475e-09 1.9983280030722e-09 2.15052112784164e-09 2.18946197838577e-09 3.88915261106959e-09 5.49089653745227e-09 6.82962344455973e-09 3.05457343863225e-09 3.63851363482937e-09 1.0802556593692e-08
1.12821685327447e-10 1.23508414606732e-10 1.33429534088236e-10 1.63235658323657e-10 1.70219371931069e-10 1.61668956000227e-10 2.20502516246057e-10 3.33615346459482e-10 3.73596020786238e-10 4.61124272099767e-10 7.05657721145059e-10 7.0872805402189e-10 7.75306563394196e-10 9.11101516454238e-10 1.04613602225356e-09 1.25736450140579e-09 1.37265024902078e-09 2.06661571189315e-09 2.30214157737052e-09 2.51123782879503e-09 2.54140687383497e-09 2.64148792838981e-09 3.31157159472184e-09 3.36306505976935e-09 2.96536823984894e-09 2.58297739863522e-09 2.76983432856426e-09 2.82597316658695e-09 2.82980470167615e-09 2.77864717901366e-09 2.73833788977385e-09 2.57198724540331e-09 2.58751647885802e-09 5.86694370863228e-09 3.53639270089801e-09 2.62443410337099e-09 3.59340385225337e-09 6.74692242075281e-09 2.3820100114591e-09 2.11641716374444e-09 2.71932456552548e-09 2.9627556297207e-09 6.08134874680033e-09 6.68301032291652e-09 5.43280388454193e-09 1.29229992373858e-08
1.52996959545959e-10 1.81447357139319e-10 1.64914615297107e-10 1.73770042799504e-10 1.74139613839941e-10 1.84645010392614e-10 2.2551428502382e-10 3.77182696187361e-10 3.87765342058088e-10 4.78691419836252e-10 7.22714421641513e-10 7.15858461397545e-10 9.55238477207132e-10 7.29242066732638e-10 1.19273790843977e-09 1.09308404550035e-09 1.4183705765447e-09 1.79411114853423e-09 1.93612966770118e-09 1.89443488674002e-09 1.73566229166866e-09 2.1602024280476e-09 2.71250029104664e-09 2.49870851787293e-09 2.01116477915875e-09 1.83579862422789e-09 1.96579028610699e-09 1.98038493381958e-09 2.19139794088719e-09 2.18728862799722e-09 2.27086036641566e-09 2.30714932714093e-09 2.35520608571349e-09 4.61339704216357e-09 3.6179705453776e-09 5.84531284486545e-09 4.80387217782763e-09 2.46435517547994e-09 3.19432102990902e-09 2.6421091758877e-09 5.27216279522236e-09 4.48501067396023e-09 1.4120564795217e-08 3.16448161896687e-08 2.91928637929928e-08 2.48416300974164e-08
1.58871260591553e-10 1.65288549514031e-10 1.66279290336746e-10 1.80886738920805e-10 1.76741010715631e-10 1.91266513738242e-10 2.83100365372491e-10 3.63998997610082e-10 4.30759794500801e-10 4.8460691015606e-10 6.60359822379775e-10 6.67915223129256e-10 6.56305476631758e-10 7.20778303708869e-10 9.48723266613882e-10 1.0464803024135e-09 1.2205256028075e-09 1.27864274723777e-09 1.50411808563788e-09 1.95044289608148e-09 1.56527237837878e-09 1.21717818046818e-09 1.21144093645498e-09 1.29520876246403e-09 1.25260003480676e-09 1.47585101917258e-09 1.55482808850138e-09 1.45163198128628e-09 1.63955171661456e-09 1.64267874858126e-09 1.68139862033456e-09 1.86270379121112e-09 1.92475384519497e-09 4.35221306771538e-09 5.00604911968239e-09 5.99210862040067e-09 2.66990817232582e-09 2.17161701954183e-09 2.4855564051407e-09 2.98096247686175e-09 3.23835537274775e-09 3.24413463870243e-09 8.33646995879178e-09 4.823979349311e-09 1.10789947438406e-08 1.83235626560752e-08
1.14831633091228e-10 1.31557120752745e-10 1.28010968492021e-10 1.37015332413171e-10 1.52979728884617e-10 1.61222002414974e-10 1.88213911123114e-10 2.07588635170453e-10 2.6554650700561e-10 3.02181257794132e-10 3.52950668691676e-10 4.64006599809608e-10 5.4456759102095e-10 6.96962643154109e-10 7.8167772255e-10 8.49274706116177e-10 9.19867138016173e-10 9.99180116423304e-10 1.15710386827672e-09 1.46944855172748e-09 1.46283244406575e-09 1.10065491165656e-09 1.26587835769243e-09 1.1886999162769e-09 1.10689188925761e-09 1.00452254292449e-09 1.03761867986663e-09 9.67711510924119e-10 1.0154765028858e-09 1.5226985894401e-09 1.56732589129405e-09 1.72384301277972e-09 1.66560323311415e-09 1.56075858903648e-09 1.76189168810126e-09 2.7722008244524e-09 4.93602791973302e-09 2.29272044682816e-09 2.39693690451404e-09 2.40364025350104e-09 5.65773012883852e-09 2.55152813322113e-09 3.50729573161956e-09 3.66879013835586e-09 4.87619196132272e-09 3.84400168362831e-09
1.2262061366286e-10 1.4376904111657e-10 1.27514854231237e-10 1.28324362247412e-10 1.50288603784077e-10 1.77032011272615e-10 2.17015494463624e-10 2.49056142376247e-10 2.52637888387142e-10 2.98219859917737e-10 3.28173244135144e-10 3.38069583438738e-10 3.73959085919751e-10 4.22711043945867e-10 5.05401187567145e-10 6.74907041364747e-10 8.82213413433419e-10 9.90922832677654e-10 1.13857505645854e-09 1.30052983937645e-09 1.23365548887477e-09 1.01668455876336e-09 9.57114598687525e-10 1.2294036788596e-09 1.09506708145801e-09 1.07393870463213e-09 1.05586379639533e-09 9.02117924805879e-10 1.1648582876056e-09 1.36032535236197e-09 1.24975838566854e-09 1.39063548454388e-09 1.49401681026617e-09 1.42678477921265e-09 1.58014785700544e-09 6.60716480416212e-09 2.69790505491585e-09 2.12753654693643e-09 1.71041674157379e-09 1.9427419561957e-09 1.69676916961237e-09 1.60991472375471e-09 2.14154644018194e-09 3.25232332176739e-09 4.2156842350316e-09 4.64002529731999e-09
1.38526012882778e-10 1.4585015417623e-10 1.29576815943722e-10 1.39704836588095e-10 1.54666246476864e-10 1.54080115333244e-10 1.64716873474191e-10 1.93625226962979e-10 2.04859473829089e-10 2.57091803401721e-10 2.35437558337992e-10 2.75426470519591e-10 3.7753563608689e-10 4.3828758400366e-10 5.84721382423936e-10 7.54739493125101e-10 8.0336307606288e-10 7.46558959097143e-10 7.72557173789323e-10 8.39312785938517e-10 8.16066436648555e-10 9.18969034202632e-10 9.79387859700864e-10 1.06509334685256e-09 9.51888645683851e-10 9.45746159164429e-10 9.22502707556561e-10 8.96346541434667e-10 9.94463211778651e-10 1.26746002582223e-09 1.53866255292456e-09 1.38993379028562e-09 1.50455710112851e-09 1.51472371312522e-09 1.48550616252408e-09 2.21287796975389e-09 2.39798646495259e-09 1.92045120916973e-09 1.69876426259208e-09 1.65928124573611e-09 1.79412072975893e-09 1.85969345478654e-09 1.8988737915393e-09 2.58087952120789e-09 2.99488943644732e-09 4.070002057599e-09
