Scripts_&_data/Maxent_result_files_1/Bombus_velox_2.asc
NCOLS 594 
NROWS 330 
XLLCORNER -15 
YLLCORNER 23 
CELLSIZE 0.166666666666667 
NODATA_value -9999 
[rows 160 to 179 of 330, columns 506 to 551 of 594]
0.0430475232191384 0.0403832269366831 0.0424864295870066 0.0384223262313753 0.0368968144990504 0.0377115673385561 0.0385397285223007 0.0382515810895711 0.0374044914729893 0.0360291171818972 0.0380755800288171 0.0404435845091939 3.37168085934536e-05 0.0523272912949324 0.0524085134267807 0.0515006774105132 0.0554810063913465 0.0623099446296692 0.0664197564125061 0.0686567913740873 0.077964561805129 0.095426325686276 0.115950735099614 0.119713290035725 0.10931126344949 0.0757036859169602 0.0720229214057326 0.0671949827112257 0.0627096623182297 0.060266100615263 0.0557763115502894 0.0620626948773861 0.0582465858198702 0.0550567164085805 0.0495721995830536 0.0453704389743507 0.0416003754828125 0.0415176843293011 0.0412023629061878 0.0387051556725055 0.0358593915123493 0.0306826277635992 0.0290251917671412 0.0289702814072371 0.0279703923966736 0.0263944174163043
0.0415715687908232 0.038347689062357 0.0399567123968154 0.0399790110532194 0.0386861069127917 0.0429412730969489 0.0443329040426761 0.0407391323242337 0.0384643704630434 0.039064561529085 0.0390995325520635 0.0456854763440788 0.0244927912484854 0.048015902377665 0.0477810582146049 0.0511680779978633 0.0612956924363971 0.0628966191783547 0.0677792538888752 0.0820964146405458 0.0985992215573788 0.0986906610429287 0.114710287563503 0.0969077900052071 0.0819721072912216 0.0782068377360702 0.0842946710065007 0.0711618253029883 0.0653960147872567 0.0652926295995712 0.0612718519754708 0.0647827100940049 0.055769473221153 0.0486716927029192 0.0473300839774311 0.0463699211366475 0.0466226169839501 0.0433877862524241 0.0412118023261428 0.0437503980938345 0.0376358896493912 0.0353719266597182 0.0336919744964689 0.0341793009079993 0.0328102425672114 0.0328146759886295
0.0401324143167585 0.0403563434723765 0.0400777872186154 0.0418726095464081 0.043618326028809 0.0457501724362373 0.0415690944064409 0.0364753561094403 0.0389580738265067 0.041286162706092 0.0439812151249498 0.045434662560001 0.0425210653338581 0.0448755771387368 0.0518271737731993 0.0545400535687804 0.0468330877833068 0.0652020919136703 0.0605780831538141 0.0699080904945731 0.0922622323036194 0.0632898906245828 0.082843130454421 0.0910146486014128 0.0922097891569138 0.092876404710114 0.0796359101310372 0.0656525480560958 0.0651780104264617 0.072235306724906 0.0869346776977181 0.0806308716535568 0.0670047945342958 0.0595430908724666 0.0637534020468593 0.066021629050374 0.0643391456454992 0.0547810026444495 0.0319182718638331 0.0615876174531877 0.0506239329464734 0.0409210480283946 0.0375815872102976 0.0383826591540128 0.03846619669348 0.0378553415182978
0.00959511580877006 0.0155186416115612 0.0387967493850738 0.0390879674814641 0.0385284837801009 0.0373409146908671 0.0363758516032249 0.0394316513091326 0.04482412179932 0.0470372631214559 0.0456067049875855 0.043024490820244 0.0450401575304568 0.0498234808444977 0.0530741452239454 0.0576504033058882 0.0558668899349868 0.0551121118478477 0.0603071419522166 0.0689065871760249 0.0828562697395682 0.0894664248451591 0.101433806866407 0.126364159584045 0.0950903542339802 0.0810888277366757 0.0793478455394507 0.074123209528625 0.0723648110404611 0.0727293414995074 0.0749200247228146 0.0750950636342168 0.0685270158573985 0.0613524992018938 0.0689901446923614 0.0791401403024793 0.0892136037349701 0.0421966018155217 0.0598958091810346 0.0708999956957996 0.0596214402467012 0.0502164955250919 0.0465525741223246 0.0520931706763804 0.0588371187448502 0.0437382824253291
0.0253058806061745 0.0285251746885479 0.0377374065574259 0.0377009710296988 0.0365357012487948 0.0407594203483313 0.043587735388428 0.042888155579567 0.0451824483927339 0.0439400686416775 0.0460636876057833 0.0484783727675676 0.0451344660017639 0.0446054958272725 0.05395069392398 0.0620027435012162 0.0624321022070944 0.0636791891418397 0.0824510781094432 0.0889485718682408 0.0832466140389442 0.0888783596456051 0.105748470500112 0.101476889289916 0.0757855443283915 0.0735265455208719 0.0809940721839666 0.0847528023645282 0.0893008118495345 0.0822682963684201 0.087024299800396 0.0896841296926141 0.0811281526461244 0.0760102704167366 0.0785886626690626 0.0728647688403726 0.0799747863784432 0.0797530410811305 0.0970519609749317 0.0915898522362113 0.0836422109976411 0.073333518113941 0.0610376456752419 0.0508955178782344 0.0546858755871654 0.0469704632647336
0.0210547660477459 0.0280537999700755 0.0389920889399946 0.0388191217556596 0.0390767526812851 0.0384264703374356 0.0392422784119844 0.0425106140784919 0.0450529889203608 0.0499626860953867 0.056732495687902 0.0512615508399904 0.0418113491963595 0.0450854363385588 0.0521087793633342 0.0556507213041186 0.0625039162114263 0.0691215633414686 0.0972445564344525 0.0871424600481987 0.0970677431672811 0.0941589638590813 0.0961596256121993 0.0733615671284497 0.0716857404448092 0.0822459625080228 0.0865656897425651 0.0898566165938973 0.0950747862458229 0.0976584641262889 0.110069240629673 0.110392208024859 0.118185064941645 0.142386931926012 0.125541582331061 0.0902978787198663 0.103109916113317 0.0964938366785646 0.10328510850668 0.124524485319853 0.132929105311632 0.141482758149505 0.107144330069423 0.0690121658146381 0.0632765053771436 0.0616724714636803
0.0306130312848836 0.0338257314171642 0.0342197885736823 0.0326546964701265 0.0330483196303248 0.0389975633006543 0.0420724010095 0.0436117024626583 0.0457031893543899 0.0437857305631042 0.0461837453301996 0.0464504575822502 0.0449134340044111 0.0472155523486435 0.0535574801266193 0.0573757447302341 0.0636509357020259 0.0772872341796756 0.0959376018494368 0.0552301589399576 0.0659331480972469 0.0682842551730573 0.0766334136016667 0.0731068746186793 0.0806038854643703 0.0728299946524203 0.0726957039907575 0.0775313004851341 0.0955459764227271 0.115135345235467 0.123912684991956 0.108899121917784 0.131940973177552 0.163010538741946 0.147936134040356 0.0885009666904807 0.0644777008332312 0.102397789806128 0.144734039902687 0.126730154454708 0.126155077666044 0.104900240898132 0.107965568453074 0.0805403258651495 0.0853196259588003 0.0948956280946732
0.0309068485628813 0.0333817346952856 0.037488186173141 0.0351453917566687 0.0316348975989968 0.0345207489095628 0.0358135457616299 0.0351448791101575 0.0371392866130918 0.041278667980805 0.0483546526171267 0.0520403695292771 0.0468817866407335 0.0554297256283462 0.0617249544709921 0.0651626215316355 0.0745605690404773 0.0870349610224366 0.0770485864952207 0.0639553262852132 0.0585058234632015 0.00239659391809255 0.00263189924298786 0.0839965414255857 0.0752921137958765 0.0742248381488025 0.0771849520504475 0.078449054248631 0.100741037167609 0.0924011066555977 0.102289573661983 0.0856739236041903 0.0801609303802252 0.0866259196773171 0.0925760252401233 0.0943772554397583 0.0962637605145574 0.0776898667216301 0.0806454390287399 0.078521622531116 0.116160146892071 0.113920107670128 0.0877695173025131 0.0981440477073193 0.13038465641439 0.154035849496722
0.031705908337608 0.0339592163916677 0.0358393896371126 0.0335436892695725 0.0342555327806622 0.0355332721956074 0.0366454202216119 0.0361657429020852 0.0378925542347133 0.0431283214595169 0.047530731279403 0.0523945949040353 0.0512422317638993 0.0539125634357333 0.0698657718487084 0.0752027508802712 0.0673904865980148 0.0661768707446754 0.0508219338022172 0.0522546840831637 0.0702423618175089 0.0807100065052509 1.09559520979019e-05 0.00204217759310268 0.103877766430378 0.0813271973282099 0.0853322718292475 0.092325814627111 0.0700842001475394 0.0660821752622724 0.0697127112187445 0.0783529106527567 0.100391636230052 0.10488272998482 0.0775230495259166 0.0626120519824326 0.0825128924101591 0.082123064622283 0.0600149913690984 0.0747663281857967 0.10642477478832 0.11285577211529 0.164642253890634 0.132002437487245 0.126405769586563 0.148198874667287
0.0309783681761473 0.0301451965700835 0.032902306271717 0.0325032565742731 0.0356027033179998 0.0369987344369292 0.0364545943681151 0.040277224034071 0.0406743562314659 0.0397705306764692 0.0433535277843475 0.0507777801714838 0.0543585293926299 0.0571827599778771 0.0554039125330746 0.0624539132229984 0.0499568889848888 0.0682704513892531 0.073697014618665 0.0315247859805822 0.0473337438888848 0.0262996853794903 8.58939598401776e-05 0.0874159986153245 0.0836033573374152 0.0955589724704623 0.110702351480722 0.106241213530302 0.0977149832993746 0.0835713043808937 0.0689775385893881 0.0764666217379272 0.0720314878039062 0.0748442528769374 0.0778630204498768 0.0905502611771226 0.0953397421166301 0.109610306285322 0.109654748812318 0.130160680040717 0.133319322764874 0.101605742424726 0.12622257322073 0.139323895052075 0.161551838368177 0.140339063107967
0.0313097547739744 0.030858749942854 0.0336451898794621 0.0356362026184797 0.0411199551075697 0.0400466529652476 0.0399309540167451 0.049366930546239 0.0541337470524013 0.0498573408462107 0.0465130205266178 0.0497610281221569 0.0553155194967985 0.0516104456037283 0.0476981417741627 0.0530960384756327 0.0578564875759184 0.0641443236730993 0.0698187127709389 0.0770472642965615 0.0872079737484455 0.0635421366430819 0.0994328241795301 0.100720474869013 0.110196882113814 0.120948086865246 0.150427705049515 0.174582178145647 0.142705040425062 0.0804208971560001 0.0857284910976887 0.121915188059211 0.112969245761633 0.127876117452979 0.112035829387605 0.147126873210073 0.199429422616959 0.197484163194895 0.175141979753971 0.149339322373271 0.191606104373932 0.176478661224246 0.127213567867875 0.0914285806939006 0.13815342746675 0.145227036625147
0.0315601983573288 0.0353777765762061 0.0337051510345191 0.0375601375475526 0.0479721562005579 0.0447668028995395 0.043164586275816 0.0519592453725636 0.0633194371126592 0.0548355927690864 0.0519354709424078 0.0570537501946092 0.0690699269063771 0.0612593337893486 0.0586399715393782 0.0566420416347682 0.0564126970246434 0.0589390932582319 0.073145776707679 0.0867131177335978 0.0916126046329737 0.0737347390502691 0.0975955063477159 0.12617720849812 0.141046508029103 0.14137733951211 0.179791368171573 0.143957057222724 0.105344451218843 0.121212140657008 0.140536025166512 0.14425531513989 0.195932707935572 0.143933475390077 0.129993997514248 0.0818346977292094 0.00690892555836133 0.240460149943829 0.187850846722722 0.146871911734343 0.20765297934413 0.223341651260853 0.255355148017406 0.130955927073956 0.12506893761456 0.147725557163358
0.0324554199818522 0.0364382636733353 0.0384054305497557 0.0411985971964896 0.0475910483393818 0.0541319808922708 0.0493254433851689 0.0524580906145275 0.0545529620721936 0.0614131819456816 0.0574812880717218 0.0563922679051757 0.0581498543731868 0.0677929364144802 0.0632715443149209 0.054529251717031 0.0570245775394142 0.0721867450512946 0.0807059953920543 0.0815051330253482 0.0706657893024385 0.0749086651019752 0.0984746722504497 0.108178626745939 0.0816969333216548 0.100919342041016 0.148836755752563 0.130121315270662 0.121737431548536 0.134865891188383 0.171247874945402 0.20042387098074 0.304502933472395 0.231527871638536 0.200201044231653 0.133810032904148 0.12837535738945 0.104839634522796 0.14669097661972 0.158534324914217 0.371818964183331 0.295320124179125 0.217115635424852 0.107453530468047 0.119611950963736 0.171336958557367
0.0329824327025563 0.0352381398435682 0.0394747903570533 0.0390325874555856 0.0405038097407669 0.0445490879472345 0.0393501183018088 0.0419580823276192 0.0634676398709416 0.0874763878062367 0.074592203181237 0.0771780814044178 0.0702281096950173 0.0602749385870993 0.0645388420671225 0.0681039256043732 0.0634633119218051 0.0838266907259822 0.102759734168649 0.118358714692295 0.0996980326250196 0.0921390464529395 0.162518803775311 0.174990760535002 0.0753408276475966 0.0671339178457856 0.0857289846986532 0.14902280382812 0.184525997191668 0.191175034269691 0.175019883364439 0.187572680413723 0.227679121494293 0.19938546307385 0.135745013132691 0.132358154281974 0.166048340126872 0.236262565106153 0.168566448614001 0.104226780775934 0.31086717993021 0.313769452273846 0.260013754665852 0.107561297342181 0.090149355866015 0.155173974484205
0.0330532208550721 0.0349743106868118 0.0367115295026451 0.0304137414321303 0.0308396277483553 0.0344428900163621 0.0315088375238702 0.0421890092082322 0.0554874624125659 0.0676448647864163 0.0869030188769102 0.0901192817837 0.0840519495308399 0.063934335578233 0.066539029404521 0.0733500024303794 0.0741743908263743 0.0662118436768651 0.0712394780479371 0.101486209966242 0.090809839963913 0.157008600607514 0.210685630142689 0.101228656806052 0.0696133942343295 0.0621508969925344 0.122641763091087 0.150684672221541 0.213434010744095 0.245599004626274 0.227115950733423 0.282710774242878 0.238221477717161 0.307591854780912 0.303907447308302 0.157825189083815 0.16235839612782 0.0894683951511979 0.185559553280473 0.181009016558528 0.270228028297424 0.204336383938789 0.188749270141125 0.0686070582829416 0.0615062383934855 0.127891323901713
0.0253239698708057 0.0296072256984189 0.0316392068751156 0.0266688920091838 0.0262086678296328 0.0259750369470567 0.0266200953861698 0.0340355653781444 0.0424973562825471 0.056587874982506 0.0507527336478233 0.056988691072911 0.0448921907227486 0.0161671080859378 0.0445018367376179 0.0460808768868446 0.0501774679869413 0.056688301730901 0.064300530590117 0.0692570626735687 0.085221572034061 0.108338962681592 0.158039926365018 0.12817419283092 0.0770708125084639 0.0542724928818643 0.0589147991500795 0.10761316716671 0.171671004965901 0.143532557785511 0.21773179769516 0.180596521124244 0.120788381807506 0.166489940881729 0.176375267654657 0.0846066731028259 0.146130606532097 0.155489280074835 0.201490695402026 0.191597930714488 0.19491424523294 0.117913953214884 0.150448375195265 0.0467680043075234 0.0431637999136001 0.0987779073417187
0.0190012071165256 0.020628829614725 0.021735887369141 0.0224066208349541 0.0198762954212725 0.0202598753501661 0.0203308070427738 0.0236421787412837 0.0280724674463272 0.0322481838054955 0.0335294068790972 0.0322073847986758 0.0330665392801166 0.0354460736736655 0.0377966875210404 0.0524837415665388 0.0654787668958306 0.0670186798088253 0.067394177056849 0.0719133794307709 0.0865069638937712 0.147968477010727 0.116851241700351 0.0561407444067299 0.0809221489354968 0.102542219497263 0.112999952957034 0.0875323481857777 0.108372436277568 0.212414000928402 0.19593916349113 0.0976438228040934 0.0740900962613523 0.101940473169088 0.0642323071137071 0.176483613625169 0.189610610157251 0.0655430038459599 0.0571823513135314 0.076194310747087 0.0647003254853189 0.0618545138277113 0.0669549847021699 0.0366516786627471 0.0488149592652917 0.0774308606050909
0.0163400831748731 0.0158568336279131 0.0151119485730305 0.0154606049181893 0.0151480596861802 0.0183081973227672 0.0221694674575701 0.0306144752306864 0.0288592154392973 0.028648903616704 0.0311504115583375 0.0352979568298906 0.0384432713966817 0.0419761900790036 0.0493344021495432 0.0559011649340391 0.0606678897514939 0.0858122804202139 0.0975220093503594 0.0740435943007469 0.0513664315454662 0.0517143107019365 0.0475924143567681 0.042060853401199 0.0619086110964417 0.0959673259407282 0.101352812349796 0.153584510087967 0.129651127383113 0.174898114427924 0.142695878818631 0.121921836212277 0.0523535622283816 0.0381996802054346 0.0729548350907862 0.180890427529812 0.305354483425617 0.250159035623074 0.121031204052269 0.0473651823587716 0.043112408509478 0.0485791083425283 0.0379441887605935 0.0514480254612863 0.0783395654521883 0.0636663756333292
0.0121554449666291 0.0107092810387257 0.0112043519329745 0.0127847213123459 0.014322315424215 0.0165087580098771 0.0197581993299536 0.0250346357701346 0.0321671055164188 0.0315226920647547 0.0298000521492213 0.0380896578077227 0.0498901025857776 0.0507673767395318 0.0521580023691058 0.058811891824007 0.0679892107844353 0.132568871229887 0.137707534432411 0.117280195839703 0.0676128109917045 0.0414713388774544 0.0483623953536153 0.054432194121182 0.0632784070447087 0.0516857326030731 0.0484509944915772 0.0581602418795228 0.0804817682132125 0.114175047539175 0.0898347400128841 0.0666891212575138 0.0739727768115699 0.0348694011569023 0.0377490719314665 0.056159354839474 0.119229991361499 0.090877353772521 0.0700478569604456 0.0379551967140287 0.0257403185591102 0.0280338520184159 0.0297441338188946 0.0668095988221467 0.142499354109168 0.0884897220879793
0.00881756464368664 0.009564579941798 0.0107733689772431 0.011700535507407 0.0157716585963499 0.0207165126805194 0.0242422680836171 0.0242751772864722 0.0144105797517113 0.0320107547333464 0.0304472769144922 0.0371268462389708 0.0473743288312107 0.057375637255609 0.0983066044747829 0.0855324642732739 0.0840835671871901 0.124486420489848 0.190115305781364 0.162506704777479 0.0942431434988975 0.0689413114450872 0.07299227071926 0.0911385802552104 0.0654680424369872 0.0408207250293344 0.0283224045531824 0.0334706651512533 0.0439599492587149 0.0345386230386794 0.0399046892300248 0.0448144834022969 0.0920847959816456 0.0909130420535803 0.0588120901025832 0.0361770197749138 0.0269339215243235 0.0479518779087812 0.0371285104658455 0.0220022387802601 0.020781908929348 0.0263712465297431 0.0315630868077278 0.0519020798616111 0.10202678181231 0.0767506707459688
