Scripts_&_data/Maxent_result_files_1/Bombus_pomorum_2.asc
NCOLS 594 
NROWS 330 
XLLCORNER -15 
YLLCORNER 23 
CELLSIZE 0.166666666666667 
NODATA_value -9999 
[rows 105 to 125 of 330, columns 414 to 459 of 594]
0.0103026229888201 0.0125708536244929 0.0104681944474578 0.0128076106309891 0.010067135700956 0.005981356324628 0.00544281697366387 0.00777929299511015 0.00438516060821712 0.00402483867947012 0.011268570786342 0.0158109236508608 0.0188078918494284 0.0150857415050268 0.0184098575264215 0.00469007445499301 0.00612371517345309 0.00731227435171604 0.00570760129485279 0.00726995887234807 0.0105286709032953 0.0102411347441375 0.00912877600640058 0.00875338846817613 0.00756226712837815 0.0119323154911399 0.00531217814423144 0.0091212123632431 0.0104712373577058 0.00579008739441633 0.009257130487822 0.0416219942271709 0.011855900241062 0.013718270463869 0.0123659138567746 0.0130737047176808 0.0181278908625245 0.0194876675494015 0.0162931234575808 0.0114394896663725 0.0194977183826268 0.00476087538991123 0.011298735300079 0.0078025862108916 0.0178512292914093 0.0180683493614197
0.0146522535942495 0.0269128389656544 0.0145074496045709 0.00876775798387825 0.013902891241014 0.00899995472282171 0.00940115284174681 0.00629373746924102 0.0044258181238547 0.00547415122855455 0.00560128553770483 0.0161774094216526 0.0169905600138009 0.00819581267423928 0.00999780595302582 0.00763414902612567 0.00829097013920546 0.0133434165269136 0.00869119418784976 0.00938302529975772 0.0160818204283714 0.0105291176121682 0.00959090772084892 0.0112505269236863 0.00879741506651044 0.0112833237741143 0.00798582136631012 0.0132743048481643 0.0227983675897121 0.00548030089121312 0.0372895546257496 0.0119063661899418 0.00927770170383155 0.0154170210473239 0.0149840327911079 0.0215376917272806 0.0342328181490302 0.0200436814688146 0.0125955649651587 0.0193583805114031 0.0121998346410692 0.00733942775987089 0.025888311304152 0.00651017683558166 0.00861114789731801 0.00499337390065193
0.0148678347468376 0.0237645603716373 0.024123577773571 0.0148443568497896 0.0153607801534235 0.0255761640146375 0.00520960688591003 0.00820625787600875 0.00446769772097468 0.00472716807853431 0.00993644744157791 0.0101530455984175 0.00937657323665917 0.0232876693829894 0.00510551685001701 0.00661562546156347 0.00989795755594969 0.00866526830941439 0.00499704666435719 0.00384009419940412 0.0156520394608378 0.0168561926111579 0.0135916505940258 0.00863939877599478 0.00992815969511867 0.0104554335586727 0.00450328040169552 0.0132651508320123 0.0138106503989547 0.00861089457757771 0.0133486838079989 0.00524676172062755 0.00846333969384432 0.0128863365389407 0.0141093803569674 0.0200430394150317 0.0247829673811793 0.0215606928803027 0.0132972500286996 0.0122202352620661 0.00980120184831321 0.00794547540135682 0.0211693367920816 0.00440900037065148 0.00360114381182939 0.005525346333161
0.026307000592351 0.0167185846716166 0.0298246746882796 0.0283899880945683 0.0160124307498336 0.0263414388522506 0.00554843312129378 0.00736737656407058 0.0208453786559403 0.0196398345753551 0.0184699396602809 0.017162673547864 0.0165220391005278 0.0210949974134564 0.0078399573918432 0.0130430466495454 0.0156121916137636 0.00635449383407831 0.00953178480267525 0.00993084469810128 0.0171201242133975 0.00885813795030117 0.0109559641685337 0.0109253552276641 0.00824853032827377 0.010155013948679 0.00960784507915378 0.0119006684049964 0.0104855646844953 0.0080453404923901 0.0120760686695576 0.0091363123152405 0.0104658098891377 0.015399728808552 0.0104138746857643 0.0145763677544892 0.0479324342682958 0.0151584431529045 0.014323571510613 0.0252536368556321 0.0217286444269121 0.0130880076438189 0.0225149544887245 0.00459160937462002 0.00373467293102294 0.00900220233015716
0.0169617684558034 0.0277949102222919 0.0261665537953377 0.029611412063241 0.0270612257532775 0.0160901839844882 0.0284424079582095 0.0226976875215769 0.021387006342411 0.0201714616268873 0.0120422718115151 0.0172178668901324 0.0169064275920391 0.0190908243879676 0.0158798904158175 0.0130032169632614 0.0704571045935154 0.0169900039210916 0.0196364952251315 0.00729786106385291 0.00959571138955653 0.0109447845257819 0.00940942065790296 0.0115159224718809 0.00802860460244119 0.0109839478973299 0.00739370863884687 0.00999094629660249 0.00779348802752793 0.0100583108142018 0.00921804970130324 0.00972548485733569 0.0141385150142014 0.015008473675698 0.0150018906220794 0.0473707057535648 0.0308306246995926 0.0631336342543364 0.022778581827879 0.0251943936571479 0.0228381329216063 0.0147449288517237 0.0239729246124625 0.0135485085658729 0.00471220163162798 0.0109914478845894
0.0171770161017776 0.0383428813889623 0.0293299451470375 0.0331980353221297 0.016717261262238 0.0178438406437635 0.0270005648955703 0.0239667647518218 0.0223519473336637 0.02122908141464 0.0205261628143489 0.0181457688100636 0.01773387407884 0.0172388157807291 0.017556194961071 0.0098805861081928 0.0932431500405073 0.0210388913750649 0.0217053306289017 0.0189939918927848 0.019863037019968 0.0195740185678005 0.0189869184978306 0.0124196270015091 0.010962220095098 0.0104763029143214 0.0112257694359869 0.0132249956019223 0.00985425831750035 0.00933510190807283 0.0152946925722063 0.0117695558350533 0.011224762769416 0.0170731958001852 0.024581999797374 0.0245018479414284 0.0247996755875647 0.0165319493040442 0.0246575689874589 0.339907823503017 0.0257416170090437 0.0250344730913639 0.0247777859680355 0.0128765707835555 0.0245807783678174 0.012935324665159
0.0315410787239671 0.0309139367192984 0.0331229016184807 0.0278026752173901 0.0326345585286617 0.0302171535789967 0.0289366498589516 0.0264185272157192 0.0239272310398519 0.0226386670023203 0.0208849183283746 0.0197421969845891 0.0196292783133686 0.0180166103877127 0.0071328115882352 0.0186233149841428 0.0343097417615354 0.0618536166846752 0.0114004694856703 0.0186924925073981 0.0202220648527145 0.0202352117747068 0.0205162344500422 0.0195642213337123 0.0105615442618728 0.0105322835501283 0.0139298996888101 0.00506242942065001 0.0104575577192008 0.0105800614226609 0.0115065327379853 0.0143391865771264 0.0230421555228531 0.0257557698525488 0.0253843198530376 0.025526774302125 0.0259046213701367 0.0262705964036286 0.012857524305582 0.0259284060448408 0.0263872997835278 0.0314656268805265 0.0292447103187442 0.0260029532015324 0.0047532262513414 0.00496885359752923
0.0341860704123974 0.0270154023543 0.0300717525184154 0.0349611235782504 0.0391965672373772 0.0296911299228668 0.0333076272159815 0.0284686140716076 0.0264306080527604 0.0243072213605046 0.0226234813220799 0.0213325114920735 0.0103839934803545 0.00325023563345894 0.00769451092928648 0.00659252079203725 0.0118789016269147 0.0197431406006217 0.0193892481736839 0.0194260855205357 0.0220065317116678 0.0149647680111229 0.0210563005879521 0.0110337235033512 0.0199822895228863 0.0139669315889478 0.0196389550343156 0.0128965198993683 0.0113700545858592 0.011586664384231 0.0126797166652977 0.0113895665854216 0.0256831592880189 0.0260882060974836 0.0269641123712063 0.0262792579829693 0.0271123689599335 0.0274446142837405 0.0335467359051108 0.0275680109858513 0.0148531439714134 0.0161279084160924 0.0151437030173838 0.0248592746444046 0.0298220375552773 0.0273385172709823
0.030634468048811 0.0280696142464876 0.0335845995694399 0.116306576877832 0.141003127396107 0.0832008197903633 0.0469768181443214 0.0317312754690647 0.0278195278719068 0.0270988550037146 0.0215260710567236 0.0254312353208661 0.0237101240083575 0.0179126208648086 0.0170305675826967 0.0192853370681405 0.0186229722574353 0.0182609152048826 0.0200297250412405 0.0207341917790472 0.0213974885642529 0.0549569301307201 0.038451942615211 0.0205612435005605 0.0203846573829651 0.0117838204838336 0.0122957849875093 0.0139736803248525 0.00830214167945087 0.00965465060435236 0.010596663178876 0.0140645594336092 0.0157278193160892 0.0271160728298128 0.0275809120386839 0.0272815714590251 0.0282909573987126 0.0253077274188399 0.0292958365753293 0.0179388818331063 0.0284935997799039 0.0278137951157987 0.027921949326992 0.0276759590022266 0.0284214489161968 0.040115506015718
0.0344926884397864 0.0367528721690178 0.0343797288835049 0.0563936311751604 0.0337684085592628 0.0465198092162609 0.0359225273132324 0.0318736897781491 0.0287900200113654 0.0306793039664626 0.0120425359811634 0.00868039997294545 0.0376319758594036 0.0163314607925713 0.00635252383071929 0.00644713069777936 0.0121274799108505 0.0202332724817097 0.0206748203374445 0.0209453132934868 0.0225753922946751 0.0355779996141791 0.0134167491924018 0.00762280086055398 0.0107604963239282 0.0119267268572003 0.0162577339448035 0.00861535468138754 0.0125612736679614 0.0103665766771883 0.0113983246032149 0.0244745418429375 0.0157022125087678 0.0174422480165958 0.0326259896159172 0.0177268275991082 0.0283045971766114 0.0287015953101218 0.0296847607940435 0.0180928386747837 0.0294753095135093 0.0332522463053465 0.0267292406409979 0.0280787484720349 0.0282072240486741 0.0278015308082104
0.032831815071404 0.0362334182485938 0.036830453760922 0.0303982388228178 0.0312928475439549 0.0386460209265351 0.0295351581647992 0.0337506940588355 0.0348782818764448 0.0274669406935573 0.0321660755202174 0.0175844402983785 0.0293417697772384 0.0315406113862991 0.0128476683050394 0.0214756822213531 0.0218847109004855 0.0212808907032013 0.0210130690596998 0.0215802618302405 0.0220056282356381 0.0130175890401006 0.0136645670980215 0.0133039368316531 0.0131491777487099 0.0200870153494179 0.0201899997889996 0.0122902855277061 0.012794116511941 0.0137681556865573 0.0152548968791962 0.0250538524240255 0.0407326333224773 0.028224398009479 0.0515579368919134 0.0286086129024625 0.0296294121071696 0.0295747726224363 0.0292844915762544 0.00910884737968445 0.0302189504727721 0.032579044252634 0.049814766459167 0.0300705151632428 0.0344164449721575 0.029959699511528
0.0333820044994354 0.0374144781380892 0.0357927614822984 0.0384056188166142 0.0314708024263382 0.030007036216557 0.0330545391887426 0.0404870934784412 0.0349054019898176 0.0770149536430836 0.0443304024636745 0.0387817610055208 0.0275986600667238 0.0410835163667798 0.0365316342562437 0.0218562566675246 0.0210625623352826 0.021050448063761 0.0220141344703734 0.0220097768120468 0.0218476162292063 0.0139933629892766 0.0218746815808117 0.0406851354986429 0.0135306834243238 0.0202216950245202 0.0202972883358598 0.0200280366465449 0.01956293201074 0.0201853347010911 0.0142052746377885 0.024923179205507 0.0255409935489297 0.027561979368329 0.138619688898325 0.107350508868694 0.0318068776279688 0.0303433580324054 0.00492967888130806 0.0100539354141802 0.029743545036763 0.019399693235755 0.0323376012966037 0.0326421119272709 0.0297300616279244 0.0294802389107645
0.0301512463018298 0.035454280488193 0.0402075964957476 0.0312279645353556 0.0361153764650226 0.0432780377566814 0.0494279827922583 0.03730688393116 0.0454659366980195 0.030889405310154 0.0287174146622419 0.0303035624325275 0.0283487590029836 0.0222639970481396 0.0467991337180138 0.0221608011052012 0.0221460940316319 0.0224887636490166 0.0226422177627683 0.0230733719654381 0.0237076674588025 0.023725918866694 0.0219462325796485 0.0217080344446003 0.0208161840215325 0.0235530450940132 0.0205110967159271 0.0205515065230429 0.0209952644072473 0.021797788515687 0.0237946413457394 0.0246461225673556 0.0262716670520604 0.0284249351359904 0.0479076746851206 0.0514591176062822 0.0569391336292028 0.0306138947606087 0.00519357727607712 0.0310376109555364 0.0193944013677537 0.0335142197087407 0.0425970928743482 0.0325967339798808 0.0344910157844424 0.0289888186380267
0.0348807975649834 0.0483040988445282 0.0435051333159208 0.0590205851942301 0.0506027549505234 0.0451129604130983 0.0444869121536613 0.0295447694137692 0.0421081034466624 0.0290189828723669 0.0285529389977455 0.0255275154486299 0.0263070033863187 0.018367519788444 0.0607441298663616 0.019596575666219 0.00867275930941105 0.0154334255494177 0.0192914847284555 0.0276579620316625 0.0217910308390856 0.0237243739888072 0.0677640669047832 0.023772404436022 0.02180589819327 0.0214847717434168 0.0217173320241272 0.0215563351288438 0.021151895262301 0.0223716028034687 0.0151467404328287 0.0248366818763316 0.0252865672111511 0.0286132363602519 0.146571086347103 0.0188945112749934 0.0538037106394768 0.0195442833006382 0.0317300923168659 0.0338807350024581 0.0345524072647095 0.0189167170785367 0.0364601545035839 0.0334659114480019 0.0317191615700722 0.036235717125237
0.0302215717732906 0.0408339321613312 0.0387644074857235 0.119747210294008 0.0977885656058788 0.0445204060524702 0.0437923833727837 0.05326017588377 0.0503868166357279 0.0513146229088306 0.144068659842014 0.137739580124617 0.139087452739477 0.404789242148399 0.106846160441637 0.0221605009399354 0.0225871933624148 0.0131807681173086 0.0143511521629989 0.0264746218919754 0.0236062078736722 0.0227320440113544 0.0863238550722599 0.0276434218510985 0.0219689294695854 0.0219490164890885 0.0212829431518912 0.0220008977688849 0.0136901963502169 0.0149217938072979 0.0251019193790853 0.0250288063660264 0.0251967717893422 0.0292356494814157 0.0356839353218675 0.0299491610378027 0.0357640022411942 0.0360129544511437 0.0390196062624455 0.129139396548271 0.0811584997922182 0.0318897122517228 0.0376327173784375 0.0321626482531428 0.0326100410893559 0.0322337412275374
0.0389514179900289 0.039605256728828 0.0338045630604029 0.0388404846191406 0.0398438399657607 0.0370431203395128 0.039450778067112 0.0722430799156427 0.0932006772607565 0.0522044185549021 0.0593080658465624 0.240518225729465 0.356047862768173 0.698825007677078 0.0262818276882172 0.0301709430292249 0.031388964317739 0.024581859447062 0.0246020649559796 0.0270205134525895 0.0206573724746704 0.0264757413417101 0.0232210068032145 0.0226076568476856 0.0213799860328436 0.0212441085837781 0.0212368814274669 0.0217584872618318 0.022841730248183 0.024651884008199 0.0251215925440192 0.0252431044355035 0.016381920222193 0.0186318290419877 0.0323618445545435 0.651215356588364 0.801828819513321 0.0311127804219723 0.0330900330096483 0.0337675280869007 0.0321947995573282 0.0321078097447753 0.0324738241732121 0.0333438869565725 0.0329771781340241 0.0488645412027836
0.0363467808812857 0.0386375315487385 0.0771941758692265 0.0863598488271236 0.0389016404747963 0.081281366199255 0.062409420311451 0.0571996178478003 0.0310301560908556 0.030160566419363 0.0332871481776238 0.0343150613829494 0.0316505871713161 0.0348838502541184 0.0311713598668575 0.0293726343661547 0.0271577036008239 0.0377146968618035 0.0297121677547693 0.0617598596960306 0.0370611285790801 0.0224638005718589 0.0227611330337822 0.0239286193624139 0.0218314147554338 0.0232342015951872 0.0207839484326541 0.0214702107012272 0.0232251514680684 0.0245942192152143 0.025369562022388 0.025564768537879 0.0274855381809175 0.0303036665543914 0.0144956930540502 0.0237916678190231 0.0483298659324646 0.032068819180131 0.034232260286808 0.0274168033152819 0.0284842791035771 0.0290997985750437 0.037003256380558 0.0411321284249425 0.0386459954082966 0.0349154582247138
0.0558701995760202 0.0577672321349382 0.0473095383495092 0.0636341329663992 0.0387964341789484 0.0326441694051027 0.0315401220694184 0.0442590609192848 0.0361438278108835 0.0305926222354174 0.0299881864339113 0.0305798446759582 0.0350170893594623 0.0339557318016887 0.0261787541210651 0.0663656648248434 0.0619976375252008 0.0860470078885555 0.0978607967495918 0.114323525130749 0.0848093263804913 0.036045952886343 0.0240624567493796 0.0214558159001172 0.0199707265943289 0.0213634378276765 0.0210576402954757 0.0215239213779569 0.0240007532760501 0.0258032514713705 0.0277700876817107 0.0264494761824608 0.0317346559837461 0.032416719570756 0.01983542740345 0.0215953312814236 0.0458209533244371 0.0809728618711233 0.0286709195002913 0.0298585034906864 0.0301836097612977 0.0827451705932617 0.0354603126645088 0.0329890755936503 0.0466017406433821 0.0450807511806488
0.0583963572978973 0.0407857466489077 0.0900673784315586 0.0427789431065321 0.0606595251709223 0.0510810431092978 0.0551138084381819 0.0322855956852436 0.0472081359475851 0.0455864377319813 0.0319864228367805 0.0332222692668438 0.030525635369122 0.0272526981309056 0.0428005684167147 0.0471407953649759 0.0513599906116724 0.236018608510494 0.0494938176125288 0.05354840233922 0.0466852020472288 0.0294204266741872 0.0216195307672024 0.0220115967094898 0.0208771754987538 0.0237567000091076 0.0213610851205885 0.0226056694053113 0.0250845151022077 0.0258834013715386 0.0270341601222754 0.0302304312586784 0.0272674162872136 0.0289938993752003 0.0338463243097067 0.0255867635831237 0.12122395709157 0.109254067391157 0.0348841141909361 0.0351818446069956 0.0349671157076955 0.0445503555238247 0.0305243575945497 0.0315103478729725 0.100878259539604 0.0338626293465495
0.0746426075696945 0.0717649299651384 0.0403711702674627 0.033420848287642 0.0337835801765323 0.129950734972954 0.0334407161921263 0.055812181904912 0.156296046823263 0.11952560544014 0.0392707735300064 0.0325696537271142 0.0342353789135814 0.0362810641527176 0.0518096528947353 0.0665519136935473 0.0716287914663553 0.0598768524825573 0.112106195092201 0.0497653942555189 0.0468406070023775 0.0583785180002451 0.0244146646931767 0.0253452552482486 0.022246780898422 0.022320263646543 0.0231902616098523 0.0234578263014555 0.0282577473670244 0.0273302059620619 0.0277649197727442 0.0336001381278038 0.0374234437942505 0.0301760388538241 0.0313254423439503 0.0369187030941248 0.126302178949118 0.0257820181548595 0.0403334941715002 0.03505674675107 0.0349716018885374 0.0386022424325347 0.0360186358913779 0.0374003518372774 0.0367951745167375 0.0222429446876049
0.204137971997261 0.0703412409871817 0.0552309986203909 0.0534530978649855 0.0652025353163481 0.0931872487068176 0.0462980955839157 0.0362546414136887 0.034366537258029 0.149521665275097 0.0371389165520668 0.0330616476014256 0.0334240144118667 0.0393057573586702 0.0360749265179038 0.0831615954637527 0.0413783937692642 0.0918428644537926 0.0750018879771233 0.0742278724908829 0.0519358120858669 0.0744584534317255 0.0328923465684056 0.0252757482230663 0.0287023575976491 0.0238102450035512 0.0239725322462618 0.0248919679783285 0.0273332176730037 0.0283489866182208 0.0286063060164452 0.0300427038222551 0.0331511341035366 0.0343611773103476 0.0328134929761291 0.0367929333820939 0.0427418366074562 0.0253259368240833 0.0133119861595333 0.0312290422618389 0.0429354067891836 0.0405678376555443 0.0362448833882809 0.0384331217035651 0.150401312112808 0.0286392528563738
