Scripts_&_data/Maxent_result_files_1/Bombus_argillaceus_3.asc
NCOLS 594 
NROWS 330 
XLLCORNER -15 
YLLCORNER 23 
CELLSIZE 0.166666666666667 
NODATA_value -9999 
[rows 220 to 239 of 330, columns 506 to 551 of 594]
0.367418441176414 0.172676538676023 0.686675715446472 0.86601248383522 0.707188230752945 0.594995558261871 0.473896020650864 0.426117274165153 0.180721570551395 0.727155911922455 0.819036591053009 0.655567097663879 0.381332039833069 0.686347550153732 0.483515879511833 0.432595255970955 0.0909732282161713 0.405037820339203 0.465019118785858 0.668765807151794 0.453268420696259 0.477320438623428 0.363816061615944 0.44568127989769 0.456862697005272 0.310630488395691 0.113834848254919 0.0368478767573833 0.0690874468535185 0.132557497173548 0.0896233022212982 0.019703502394259 0.00982647626660764 0.0220579521730542 0.0127781894057989 0.0283223828300834 0.0446094667539001 0.0594817537814379 0.0350490966811776 0.00825040685012937 0.0229487241245806 0.0337526053190231 0.00806264248676598 0.00288090179674327 0.00357677424326539 0.00408440502360463
0.265141443908215 0.129663207381964 0.647070282697678 0.835713469982147 0.806099170446396 0.800347727537155 0.803952389955521 0.848015362024307 0.853820562362671 0.718019771575928 0.626463502645493 0.491123130917549 0.250732800364494 0.46733615398407 0.747740960121155 0.292211370170116 0.288595612347126 0.147293349355459 0.365118843317032 0.313326920568943 0.486243098974228 0.31667802631855 0.556702703237534 0.770225965976715 0.40248829126358 0.399098521471024 0.479717913269997 0.0484140414744616 0.0443648364394903 0.070420029014349 0.0503703694790602 0.0213449817150831 0.0261751092970371 0.0238073606044054 0.0223286248743534 0.0282686658203602 0.0760527692735195 0.0410561259835958 0.0645778523758054 0.388146094977856 0.0120347847230732 0.00557228948455304 0.00034610967268236 0.000146921594568994 0.00071395032282453 0.0035887188045308
0.246178942918777 0.626068529486656 0.406417837738991 0.429468899965286 0.873894894123077 0.730659776926041 0.761026304960251 0.473952651023865 0.338865801692009 0.0731304913759232 0.240594953298569 0.0321714558405802 0.293643769621849 0.270814119279385 0.0981681741774082 0.164352432638407 0.112959453463554 0.120641224086285 0.299527408182621 0.307168880105019 0.212826330959797 0.709531265497208 0.564569824934006 0.316217140853405 0.298358696699142 0.3616520434618 0.48236665725708 0.473138400912285 0.0645474206656218 0.0317223839461803 0.0284526951611042 0.02453802395612 0.0301056338474154 0.0196278301998973 0.017194243054837 0.0377463752403855 0.0546813689172268 0.016207433026284 0.00787493083626032 0.00606873366050422 0.00113546284264885 0.000143432095501339 2.57200802025181e-05 0.000412748998496681 0.0172116472385824 0.0019940739046433
0.0777361813932657 0.186132743954659 0.476548632979393 0.752525424957275 0.802403235435486 0.788280302286148 0.474260148406029 0.0819171126931906 0.131998607516289 0.19252627491951 0.183931240439415 0.100554017722607 0.0856995526701212 0.124300957471132 0.181191943585873 0.0925433740019798 0.114089654386044 0.394631892442703 0.598834410309792 0.374183282256126 0.38895149230957 0.537891128659248 0.453589028120041 0.691028970479965 0.577734443545342 0.327501738071442 0.365682932734489 0.221494293212891 0.101301745325327 0.0205883945338428 0.00507588519249111 0.00127043765969574 0.0015477858716622 0.0019681362551637 0.00519600617699325 0.0205664195120335 0.00739620313979685 0.0031732524628751 0.00324108791537583 3.36394932219264e-05 2.23074658151745e-05 0.00223361209500581 0.0104525215923786 0.0108320030383766 0.00186860418325523 0.00170180429850006
0.219902560114861 0.308973228931427 0.501619333028793 0.648498475551605 0.392589005827904 0.0764428965747356 0.00838832943409216 0.0280099033378065 0.173361806571484 0.289096194505692 0.478772336244583 0.0822482436895371 0.148624032735825 0.195462483167648 0.128862096369267 0.0986465871334076 0.126037323474884 0.278836612403393 0.338166829943657 0.562000221014023 0.91917427778244 0.586144930124283 0.369883778691292 0.381020155549049 0.371059411764145 0.702343791723251 0.408707651495934 0.5378233730793 0.220141297578812 0.0800127491354942 0.0181482606567442 0.0130068338941783 0.0142391909845173 0.0116283943876624 0.00910268151201308 0.00396568230353296 0.0121765389572829 0.00305667974171229 6.81366946082562e-05 9.72687722423871e-05 0.0114028080832213 0.0134895849041641 0.0229506862349808 0.0273627448827028 0.000955005107243778 0.000423451606184244
0.0718081425875425 0.0476668100804091 0.175547745078802 0.00960055730538443 0.000712677865521982 0.00219882830861025 0.0363210320239887 0.356551805138588 0.198966736346483 0.333059470355511 0.279099524021149 0.429643151164055 0.249930527806282 0.343181866407394 0.818564862012863 0.332340778410435 0.168224187940359 0.260835616290569 0.359591975808144 0.425826492905617 0.692757469415665 0.688033407926559 0.442021173238754 0.498599022626877 0.6224116563797 0.319436538219452 0.313647723197937 0.137798316031694 0.345530125498772 0.217828589677811 0.0650060392916203 0.00565109470626339 0.00997990681789815 0.0020180088635243 0.00127437619084958 0.00111680941699888 0.000949039690749487 0.000882723951508524 0.0196152047254145 0.0247980875894427 0.0299520326778293 0.0335595604032278 0.00107992285775254 0.00134631514374632 0.00245141282794066 0.00196746853762306
0.501729947328567 0.500224879384041 0.245607687532902 0.14689360037446 0.315619295835495 0.255255591869354 0.466030210256577 0.163106681406498 0.206800774484873 0.112471102923155 0.273253864049911 0.21428984478116 0.1398805744946 0.297172416746616 0.341529661417007 0.475027647614479 0.607893201708794 0.538070097565651 0.975778150558472 0.926591724157333 0.897602862119675 0.636075669527054 0.568470677733421 0.398288112878799 0.709713542461395 0.532362538576126 0.160304965078831 0.0370424611493945 0.105860678851604 0.147169178724289 0.124895568937063 0.0189694820903242 0.000222560655492998 0.00046294751628011 0.0274867737200111 0.00508973813266493 0.00989448070758954 0.00215398929722141 0.00415444555110298 0.00752510876045562 0.00869940235861577 0.00573517180746421 0.00685244668275118 0.000933953463390935 0.000689965369383572 0.000527662235981552
0.429161411523819 0.382964819669724 0.163961710780859 0.22647812217474 0.267841632664204 0.562064677476883 0.0503315463545732 0.655241763591766 0.665705460309982 0.306787803769112 0.631841629743576 0.629239910840988 0.743022400140762 0.573408508300781 0.558632937073708 0.703502124547958 0.788973277807236 0.884878695011139 0.786814743280411 0.63011502623558 0.339792694151402 0.798402053117752 0.306371891498566 0.214891067147255 0.577151584625244 0.669585347175598 0.0498103365302086 0.0176471510902047 0.00952026140876114 0.000314874869945925 0.000323680406654603 0.000501146370879724 0.000331844766333234 8.07976155556389e-05 0.000855795342067722 0.00117563766107196 0.00682998339179903 0.00560898154508322 0.00472681033716071 0.00268879471404944 0.00121197198168375 0.00110118698212318 0.000881948821188416 0.00035974429883936 0.000469219627848361 0.000206420463655377
0.215326505899429 0.340643090009689 0.686070784926414 0.384289133548737 0.808665728569031 0.799517565965652 0.690457379817963 0.935968911647797 0.828921520709991 0.691894268989563 0.877457624673843 0.933652293682098 0.89045627117157 0.815810650587082 0.230399579368532 0.151397774275392 0.3631880749017 0.0458167223492637 0.0611671756953001 0.0662725642323494 0.141173534840345 0.220649448037148 0.0159385366830975 0.0291928249411285 0.48408155143261 0.00127241492591565 0.00270534709125059 0.000904196489864262 0.00200668532052077 0.00150883947935654 0.00184778285911307 0.000952640880132094 0.000546835453133099 0.00143004419078352 0.00123678661111626 0.00336690728436224 0.0163162140874192 0.00288866801711265 0.00103697902959539 0.000577271536894841 0.000922941324824933 0.000643485539330868 0.000389212853770005 7.32788926143257e-05 3.5409414113019e-05 7.26528664017678e-05
0.844215446710587 0.775735032558441 0.14724746150896 0.111314740683883 0.822345918416977 0.419975186139345 0.835127490758896 0.734786784648895 0.815857797861099 0.853606534004211 0.859013730287552 0.229173934459686 0.0120777446951251 0.1155372928828 0.0595884434878826 0.107807136327028 0.00776743743335828 0.0496734832413495 0.00207418870268157 0.0440006913617253 0.0482344936579466 0.0461670752614737 0.0520578056573868 0.0712724909186363 0.000677775315125473 0.000660522522230167 0.00462754665350076 0.00127946542925201 0.0019875646699802 0.0014539939496899 0.00160984688263852 0.00198137465049513 0.00179799401084892 0.00178325654560467 0.00207861423550639 0.0054739557497669 0.00189009579917183 0.000685998049448244 0.00104478312277934 0.000137164044735982 0.00188120649545453 0.00173919700027909 3.6163381400911e-05 6.52688136142388e-05 0.000131712058646372 0.000127569131291239
0.0236013522837311 0.0100122673378792 0.0142177969100885 0.237082163989544 0.0109414366015699 0.0209868308564182 0.0172210025601089 0.0331349934451282 0.0132199519779533 0.0196321813156828 0.0193810804747045 0.0151985983829945 0.0018566473008832 0.0507705440744758 0.0205087732058018 0.156258074939251 0.00355397751554847 0.00359813248214778 0.000898311882338021 0.000523279222397832 0.000635217204398941 0.000122896990069421 9.58772712692735e-05 0.000156560133837047 0.000987170501321088 0.0172515192069113 0.000648863168316893 0.000478967323579127 0.00010468429136381 0.000312538117032091 0.000976269327657064 0.000616262346738949 0.00106861374806613 0.000971817924437346 0.000557345013294253 0.000311763982608682 0.000318415341826039 0.00102692106884206 0.0016981250300887 0.00183615765126888 0.00315694557211828 0.000628952994884457 9.37928458370152e-05 0.000163586700364249 0.00135103711072588 0.000328056354192086
0.0294706457294524 0.0153682412696071 0.0243248290149495 0.00770337734138593 0.00605941434623674 0.00263862117135432 0.0164045113604516 0.0389487989479676 0.0604992545675486 0.00359715679369401 0.0315368545707315 0.00816477744956501 0.095262611284852 0.229242615401745 0.245057854056358 0.0825849786400795 0.0337069014087319 0.00315545925986953 0.0011231750875595 0.0170448494609445 0.00191716676345095 3.05980719758736e-05 3.54196296029841e-05 0.000330996073898859 9.31568474697997e-05 5.06882433455758e-05 0.000105978633746417 0.000172815918085689 7.31251520392107e-05 8.75137550792715e-05 2.35578380170409e-05 9.05637205505627e-05 0.000635822269396158 0.000948898051137803 0.000458934285052237 0.000165861715322535 0.00044624227884924 0.00084751986869378 0.00227623974788003 0.0524194332771003 0.0399874413618818 0.00154948005074402 0.00172229750460247 0.00109827685373602 0.000248636333708419 2.96980291750515e-05
0.175764016062021 0.00264274921501055 0.0852541830390692 0.198498321324587 0.503221949934959 0.546130672097206 0.240479440242052 0.24335795044899 0.639030212163925 0.187873386777937 0.00852384717436507 0.268354948423803 0.0182017904706299 0.497342592477798 0.0881504667922854 0.0007568189088488 0.00104835889069363 0.000591480876028072 0.000390888851325144 0.000159694450303505 3.04231807376709e-05 4.81545606589862e-06 6.51987894002559e-06 5.58616666694434e-05 1.54189638692515e-05 2.90840957859473e-05 5.94485774854547e-05 2.35629418511962e-05 3.1006159701974e-05 3.08808375848457e-05 8.51242118187656e-05 3.45301072229631e-05 6.58929375276784e-05 0.000235001432156423 0.00103568333361181 0.00012303791463637 7.36481792046106e-05 0.00149835345218889 0.00284396856441163 0.0429905828088522 0.0726763729006052 0.00209573234460549 0.00155136894900352 0.000973612954840064 0.00114966253313469 4.38432278315304e-05
0.434094074368477 0.108530702069402 0.197334107011557 0.17845324575901 0.228772814013064 0.206797355227172 0.260264302045107 0.0222469365457073 0.0193367954809219 0.0183565125800669 0.129211763292551 0.215865321457386 0.0812125569209456 0.171640160679817 0.00275954525568523 0.0015156123554334 0.00106871500320267 0.000287364425821579 0.000275237469759304 0.000104887161887746 1.18187672228487e-05 7.92102401874217e-06 9.82691263970992e-06 7.12913294591999e-05 0.000280735313208424 5.44938112852833e-05 2.83277896187428e-05 3.12712927325265e-05 4.15885443544539e-05 4.87289298689575e-05 0.000308338066133729 2.23443014647273e-05 1.88090044616729e-05 8.05498452791653e-05 0.000389945710776374 0.000733447897073347 0.000311803701515601 0.000814928085310385 0.00226113217067905 0.00200606944854371 0.000521292860503308 0.000279777283867588 0.000363435793406097 0.000177313244057586 9.98175384665956e-05 0.000122608796300483
0.695833438634872 0.575166955590248 0.635975331068039 0.667387425899506 0.0145932182436809 0.0813540774397552 0.626330786943436 0.25460410118103 0.311327193677425 0.384904298186302 0.203163399547338 0.0994375040754676 0.00579181381908711 0.00229315026954282 0.000159622094724909 6.36786889117502e-05 8.73805579999498e-06 0.000207442739520047 1.94322076367826e-05 1.55423558112489e-05 2.08306234981137e-05 6.83888563344226e-06 2.48955206188839e-05 5.26064211499033e-05 0.000107953353744961 5.38211136699829e-05 3.27740837519741e-05 1.81236093453663e-05 1.53431274270588e-05 5.61276630833163e-05 7.01355414548743e-05 0.000100658982410096 6.52490507945913e-05 4.31480532370188e-05 0.000118046415991557 0.000703912005701568 0.00102655433365726 0.000528148322337074 0.000181523526953242 0.000389805830491241 0.00168565127241891 0.00129322303982917 5.79994009967777e-05 2.19577289044537e-06 2.03844884367754e-06 1.99417188184725e-06
0.662584143877029 0.561734703183174 0.762025213241577 0.640329802036285 0.566471999883652 0.670241725444794 0.686447274684906 0.64726722240448 0.489049649238586 0.190380050241947 0.120049602538347 0.211460001766682 0.00142474375170423 0.00099990775634069 0.0005182879845961 0.000341427666717209 0.000258342972119863 3.61305286332936e-05 2.80702707584624e-06 6.37291626048864e-06 1.62121318567188e-05 1.67212837823172e-05 1.55733145447812e-05 1.81742746690361e-05 1.34153382873592e-05 1.23437845900298e-05 9.18418704713986e-06 7.07194042774972e-06 6.85274380884948e-06 9.92419788303778e-06 1.9296354355447e-05 3.23619002983833e-05 7.48194636798871e-05 0.000348251923787757 5.56482195406716e-05 0.000235010798678559 0.000323633029256598 0.00163163639226696 0.0011124557844596 0.000597532271785894 0.000644719331467059 0.000489157553238329 0.000114176121132914 1.378629476676e-05 2.26654895527645e-06 1.56345562629667e-06
0.613608866930008 0.53688171505928 0.787808501720428 0.71721196770668 0.703941816091537 0.619023013114929 0.526271706819534 0.431040701270103 0.437894463539124 0.0360550570068881 0.225125999003649 0.0514878740534186 0.00689959287410602 0.000705733041831991 0.0121101209428161 0.00368409377988428 0.00030120945048111 6.48868133907854e-06 1.7097774616559e-05 9.26431245034109e-06 3.06131444858693e-05 1.25610765053352e-05 3.77096689817336e-05 2.85761363784331e-05 1.50038144965947e-05 5.82523401533308e-06 5.45825368476471e-06 7.75330732381008e-06 1.21701312878031e-05 3.30993022771509e-05 4.40225540614847e-05 3.03883444530584e-05 5.38167354989128e-05 0.000163234427236603 7.21135723324551e-05 4.52731290181418e-06 0.000163242967573751 0.000294847086115624 0.000283230414788704 0.000972693810763303 0.000586779897275846 0.00026189122654614 5.10738585944637e-05 5.42829407095269e-05 7.18680372528979e-06 6.38720497363465e-06
0.744285425543785 0.563603615760803 0.345350378751755 0.456351533532143 0.532314229011536 0.72154461145401 0.43863482773304 0.466254594922066 0.490880453586578 0.019248308124952 0.0503933532047085 0.0145117946318351 0.00610729547333904 0.00520845506107435 0.00143688151292736 0.000652100432489533 0.000251484818545578 3.77787875549984e-05 5.20290813255997e-05 0.000182526120988769 4.60703810404084e-05 1.08841113387825e-05 1.0948799263133e-05 2.62103503928301e-05 6.98758840940172e-06 1.23374788472574e-05 1.12077344965655e-05 1.75765125845828e-05 2.35361671002465e-05 5.13943895384727e-05 2.65208143218842e-05 1.47320209862301e-05 2.15855633882711e-05 6.32202861197584e-05 0.000168313142421539 1.01310564389223e-05 4.92108697471849e-05 0.00015677757182857 0.000851815008354606 0.00101206602193997 0.00102831397525733 0.00175697545928415 0.000393455716402968 3.17657814775885e-05 1.29231641494698e-05 5.92918518123042e-05
0.230392530560493 0.209315998852253 0.224698348343372 0.301855900883675 0.463468250632286 0.584925669431686 0.533251169323921 0.467663931846619 0.20210128724575 0.0987153453286737 0.0406162435188889 0.0803122336510569 0.00396875872393139 0.00197306295740418 0.000734774742159061 0.000343752854314516 0.000224517288552306 0.000214977557152451 5.04792122683284e-05 0.000128110835066764 0.000462721127769328 6.51676165034587e-05 1.64878158784632e-05 3.56790670593909e-05 1.10194498290639e-05 6.43390616517081e-06 4.76935795745703e-06 1.16439557530157e-05 3.35881408091154e-05 2.5680742055556e-05 1.23537657543693e-05 1.66203341791515e-05 1.28825429271728e-05 3.74674632894312e-05 5.15412972106333e-06 2.70663015271566e-05 1.87198485491535e-05 0.000128483854587103 0.000985332064010436 0.00247302262869198 0.00188220028794603 0.00463611370068975 0.00276470239332411 0.000284972629378899 2.97955418318452e-05 7.32424714442459e-05
0.154696962982416 0.0982151113450527 0.179091486334801 0.204463884234428 0.8191734790802 0.670223736763001 0.557803919911385 0.417401185631752 0.137276104092598 0.0843430185690522 0.0954571150243282 0.00629834530991502 0.00428147810744122 0.00195902120904066 0.00125650974077871 0.000632281999423867 0.000314481121313293 0.000285213963434217 4.69921923922811e-05 3.3993572833424e-05 2.33735901247201e-05 2.03630435635205e-05 1.06003966152457e-05 3.987247778241e-05 1.73735340013081e-05 1.1250918390715e-05 1.96408507463275e-05 2.88107851474706e-05 1.97134967379498e-05 3.33634935486771e-05 3.24910011386237e-05 2.31000428811967e-05 8.98446529618013e-06 1.82956632556852e-05 0.000194927189295413 0.000175104034315154 0.000106803043308901 0.00023418037162628 0.00109383749950211 0.00108351025701268 0.00162801856786245 0.000807331812393386 0.00148315499245655 0.000446659922090475 0.000106385164326639 0.000468482413270976
