Scripts_&_data/Maxent_result_files_1/Bombus_magnus_2.asc
NCOLS 594 
NROWS 330 
XLLCORNER -15 
YLLCORNER 23 
CELLSIZE 0.166666666666667 
NODATA_value -9999 
[rows 160 to 179 of 330, columns 315 to 359 of 594]
0 0 0.00744359064847231 0.00234372992999852 0.00241208057850599 0.000608938210643828 0.000597129843663424 0.000590444880072027 0.000585196889005601 0.000731192831881344 0.00530610787682235 0.000994678214192391 0.000503135100007057 0.000488384696654975 0.0030925368424505 0.000581867957953364 0.00156507468782365 0.00409272434189916 0.00261234971694648 0.000451735354727134 0.000463883765041828 0.000479527725838125 0.000471984519390389 0.000524509302340448 0.00463852463290095 0.00101769501343369 0.000395885721081868 0.00301039130426943 0.00375932268798351 0.00209719471167773 0.000877142290119082 0.000400173984235153 0.000398109410889447 0.000380389561178163 0.000390675436938182 0.000404519791482016 0.00041665161261335 0.000946295727044344 0.00043169689597562 0.000423121842322871 0.000402687338646501 0.000381683686282486 0.000332160032121465 0.000340408855117857 0.000909668509848416
0.000734012329485267 0.000721970596350729 0.00382976587861776 0.00267651570029557 0.000627139327116311 0.000620144745334983 0.000588163989596069 0.00331143639050424 0.00096522553358227 0.000553059671074152 0.00143407844007015 0.00140841898974031 0.000834829814266413 0.00372662618756294 0.00181510429829359 0.00180397811345756 0.00355444131419063 0.000457055971492082 0.000450329278828576 0.000309699674835429 0.00055827799369581 0.000534922390943393 0.00055694350739941 0.000441088294610381 0.00416525462642312 0.00252499142661691 0.00138006370980293 0.00025900291511789 0.00380435809493065 0.000482028460828587 0.000451951421564445 0.000439523468958214 0.000413540797308087 0.000422919780248776 0.000430484279058874 0.000430408312240615 0.000424654694506899 0.000439349090447649 0.000439227296737954 0.000223900144919753 0.00041845478117466 0.000390655937371776 0.000351576862158254 0.000224422558676451 0.000196162529755384
0.000780356221366674 0.00104358658427373 0.00068476505111903 0.000685780064668506 0.000654412806034088 0.000661025557201356 0.000914052379084751 0.000494194083148614 0.000215891299012583 0.000668368500191718 0.000572977017145604 0.0029923572903499 0.00184180631767958 0.00200050580315292 0.000907014973927289 0.00074486542143859 0.000505475082900375 0.000480456490186043 0.000469630880979821 0.000543354044202715 0.000593198218848556 0.000574492936721072 0.000599604949820787 0.000634778826497495 0.000607583083910868 0.000588840240379795 0.00336992694064975 0.000674804853042588 0.000531897094333544 0.000507642416050658 0.000469923304626718 0.000477977195987478 0.000464889651630074 0.000454473873833194 0.000450516369892284 0.000470725679770112 0.000439975957851857 0.000446574745001271 0.000999489915557206 0.000660105503629893 0.000422080111457035 0.000411832059035078 0.00297331367619336 0.000901644863188267 0.000645505887223408
0.000809728156309575 0.00119320842786692 0.00118211566004902 0.00073003510478884 0.000307373979012482 0.000344859296455979 0.000682260398752987 7.32265347323846e-05 0.000669494678732008 0.00061849455232732 0.000586276309331879 0.000620066159171984 0.000595010473625734 0.00234332804102451 0.000281659071333706 0.000529091246426106 4.06933584599756e-05 3.79157274437603e-05 0.000823745015077293 0.000616641290253028 0.000623793381964788 0.000635178398806602 0.000657365110237151 0.000663181801792234 0.000655594770796597 0.000651989039033651 0.00077477254671976 0.00140805813716725 0.000572856608778238 0.000544005748815835 0.000528965622652322 0.000496404117438942 0.000980704696848988 0.000605566089507192 0.000480019277893007 0.000451564672403038 0.000411722779972479 0.00041081789531745 0.000388648320222273 0.000385063595604151 0.000354911579051986 0.00046092449920252 0.00695550348609686 0.000851082487497479 0.00039893364883028
0.000846686447039247 0.00200793647672981 0.00079252275172621 0.000793667871039361 0.000463438883889467 0.000760306313168257 0.000500461726915091 0.00152944009751081 0.000728569808416069 0.000712696951813996 0.000663084897678345 0.000671324197901413 0.000645412172889337 0.000349890993675217 0.00235547681804746 0.00280481614172459 5.19166122103343e-05 0.000620571197941899 0.000671868328936398 0.000681761984014884 0.000725192931713536 0.000495537696406245 0.000767602020641789 0.000797346653416753 0.000784753717016429 0.000748466717777774 0.000647178024519235 0.000620808027451858 0.000642041169339791 0.00156681918306276 0.00187482514884323 0.00246714022941887 0.000299734278814867 0.000520764588145539 0.00050323226605542 0.000487851642537862 0.000451657135272399 0.000407300662482157 0.000397354218875989 0.000434075546218082 0.000420929084066302 0.00181619492359459 0.00283351524267346 0.000654695404227823 0.000577589831664227
0.000900328904390335 0.000906584423501045 0.00100267573725432 0.000202976052241866 9.14844233193435e-05 0.000810804427601397 0.000826977472752333 0.000811289972625673 0.000833516183774918 0.000816000415943563 0.000791788194328547 0.000748967903200537 0.000704328203573823 0.000701997603755444 0.000722858484368771 0.000993367144837976 0.000402186816791073 0.000689579668687657 0.000727358739823103 0.000735762692056596 0.00309545645723119 0.00158533018548042 0.0008496297406964 0.000871057715266943 0.000871138973161578 0.000870431098155677 0.00325682575348765 0.000747068924829364 0.00259158641565591 0.00343081189785153 0.000640692369779572 0.000559222640004009 0.000568098772782832 0.000564978912007064 0.000544945086585358 0.00051522504654713 0.000463725702138618 0.000428866531001404 0.000400675041601062 0.000669508153805509 0.00128085184842348 0.00117608604487032 0.00046100027684588 0.000740036292700097 0.000362778650014661
0.000835705548524857 0.000850267603527755 0.00231365176150575 0.000376864784630016 0.000628764892462641 0.000443947815801948 0.000830967794172466 0.000850049045402557 0.000886076246388257 0.000881631183438003 0.00087202211143449 0.000857853435445577 0.00262013543397188 0.000787990563549101 0.000942569994367659 0.00307993809692562 0.000677584367804229 0.000694941869005561 0.000768737948965281 0.000768206408247352 0.000783983792643994 0.000848172802943736 0.000886551348958164 0.000933755550067872 0.000965916435234249 0.000937965826597065 0.000907378876581788 0.0013055487186648 0.00123619794030674 0.000362734554801136 0.000676398788345978 0.00112951557384804 0.000556563056306913 0.00028222156688571 0.000506822427269071 0.000416760079679079 0.000329605638398789 0.00173004227690399 0.000903492909856141 0.000421254936372861 0.00060373127926141 0.000417690450558439 0.00046864801843185 9.50598987401463e-05 5.85465524636675e-05
0.000695111055392772 0.000680343841668218 0.00136506429407746 0.00176887593697757 0.000736393488477916 0.000726466614287347 0.000725221005268395 0.000767038494814187 0.000796586519572884 0.00082719842903316 0.000791326758917421 0.000775887852068991 0.000755554682109505 0.000567136274185032 0.000767887732945383 0.00389704713597894 0.00276126028038561 0.00234373356215656 0.00450799278914928 0.00187569845002145 0.00184958025347441 0.000868189171887934 0.000926226668525487 0.000963736558333039 0.000989473040681332 0.00105842998018488 0.000988253625109792 0.000920500361826271 0.000610917207086459 0.000793015514500439 0.00033181743347086 0.000357291469117627 0.000298015936277807 0.000543608737643808 0.00137257181340829 0.00142426048405468 0.00151849633548409 0.00152411127928644 0.000683539244346321 0.000126468062808271 0.00021670477144653 0.000183673269930296 6.51295413263142e-05 6.43930099613499e-05 7.16095324605703e-05
0.000619937921874225 0.00288674305193126 0.0020520071964711 0.000590759399347007 0.000606029515620321 0.000615662755444646 0.000609652535058558 0.000696845969650894 0.00321762529201806 0.000761689885985106 0.000758565147407353 0.000756643537897617 0.000738334550987929 0.000671280443202704 0.000695962412282824 0.000727076479233801 0.000789276917930692 0.00104107623919845 0.000717351702041924 0.00188235507812351 0.00205969209782779 0.00634956732392311 0.000808130053337663 0 0.000467638624832034 0.00106214649276808 0.00107457413105294 0.000720915826968849 0.00260203359648585 0.000980608770623803 0 0.000556235673138872 0.000962063216138631 0.000503473577555269 0.000102313491515815 0.00057402221718803 0.000216354137228336 0.000609801401151344 0.000260959810111672 0.000202358429669403 0.000409372264402919 0.000105854822322726 8.18530083051883e-05 6.48380606435239e-05 8.17213378468296e-05
0.0117474561557174 0.00452779103070497 0.000535204831976444 0.000502453569788486 0.000534910196438432 0.000541889609303325 0.000607106438837945 0.000687920080963522 0.00120468700770289 0.000717366323806345 0.000715909211430699 0.000731969613116234 0.000735149602405727 0.000649258960038424 0.000638586049899459 0.000689178553875536 0.000740136101376265 0.000819522852543741 0.000453750544693321 0.00088728453265503 0.000871841714251786 0.00110270323930308 0.00190198123455048 0.000364581245230511 0.00159392899367958 0.00247674183920026 0.00194755748379976 0.000464470416773111 0.00232294069137424 0.00089639131911099 0.00017455059569329 0.00050237349641975 0.00103159536374733 0.00011400529765524 0.000233772456704173 0.000345299152832013 0.000319384940667078 0.000122864525474142 0.000127084007544909 7.53191256080754e-05 7.70697723055491e-05 6.99129755957983e-05 0.000109910326136742 7.76308672357118e-05 0.000264199731373083
0.00271651372313499 0.00255592623725533 0.000512563867960125 0.000470437679905444 0.000476845656521618 0.000516794854775071 0.000592321180738509 0.000602709816303104 0.000673689227551222 0.000760428153444082 0.000726697384379804 0.000704410497564822 0.000687593955080956 0.00064411498606205 0.000648965872824192 0.000652564386837184 0.000417541898787022 0.000738493097014725 0.000837801326997578 0.000900232361163944 0.00087545010028407 0.000895314733497798 0.00756608182564378 0.00182553845224902 0.0032211656216532 0.00182070399168879 0.00360029183793813 0.00112023093970492 0.000936249678488821 0.000301703601144254 0.000834014429710805 0.00122974981786683 5.37546315172221e-05 0.000209806056227535 0.000144276466744486 0.00017703234043438 0.000606334391341079 0.000105443118445692 7.44025994208641e-05 8.2732339433278e-05 9.28151894186158e-05 6.90928136464208e-05 8.32613968668738e-05 8.94048214831855e-05 0.000104852990625659
0.00244454639032483 0.000842654728330672 0.000505544000770897 0.00079799797385931 0.000376809202134609 0.000521288032177836 0.000534626992885023 0.000592970580328256 0.000674189219716936 0.000762773293536156 0.00079091825755313 0.000739853654522449 0.00068628410808742 0.000636963848955929 0.000656181923113763 0.000798979168757796 0.000650371913798153 0.00041775272693485 0.000439291971269995 0.000895212346222252 0.000472830864600837 0.000477351760491729 0.000909764191601425 0.000964109168853611 0.000575660885078832 0.00159679525531828 0.00112503177952021 0.000704376841895282 0.00155154053936712 0.00139256318216212 0.0014871375169605 0.00242775742663071 0.000319220809615217 7.96649248513859e-05 0.000266588824888458 0.000509508256800473 0.000338925341202412 0.000440105058078188 9.91800116025843e-05 8.64328787429258e-05 0.000102567652356811 0.000112512071427773 0.000124227952255751 8.90448005520739e-05 0.000104966447906918
0.00117210119497031 0.000511278165504336 0.000493075675331056 0.000481832411605865 0.000811730697751045 0.000505796645302325 0.000548425456508994 0.00054831609595567 0.00116234016604722 0.0007023437297903 0.000695310160517693 0.000746311049442738 0.000539448333438486 0.000705942115746438 0.000669116526842117 0.000714289268944412 0.000800134113524109 0.000521278602536768 0.00186487365281209 0.000590271665714681 0.000552676187362522 0.000882636290043592 0.000867232936434448 0.00179295704001561 0.000492866599233821 0.00085937607800588 0.00141336214728653 0.00160674013313837 0.000695773307234049 0.000866232818225399 0.00068893636635039 0.000883764261379838 0.000773619755636901 0.000175989881972782 9.27652734389994e-05 0.000115675598499365 0.000105263339719386 0.000248700748488773 0.000186223217315273 0.00012461186706787 0.000133941169769969 0.000293137104836205 0.000131242958650546 0.000128921974692275 0.000134959893239284
0.0111489246133715 0.00290479445829988 0.00758036160841584 0.00455378629267216 0.0121502613648772 0.0101805839687586 0.00581996208056808 0.00064305723644793 0.000591985229402781 0.000598114996682853 0.000654466869309545 0.000644678378012031 0.000573160243220627 0.000704921840224415 0.000758521456737071 0.000915622664615512 0.000932087993714958 0.000869116396643221 0.000808822532417253 0.00159312128089368 0.000946510257199407 0.000956541358027607 0.000904544175136834 0.000873789726756513 0.000911829038523138 0.00174574182601646 0.00143890758045018 0.00168641177006066 0.000672782951733097 0.000437526774476282 0.000597545286291279 0.000185687532939482 0.00030778425571043 0.000145268185588066 7.92132828792091e-05 0.000130444886599435 0.000137596515014593 0.000104454412030464 0.000210864071414107 9.70150682405801e-05 0.000132905079135526 0.000126084673865989 0.000132176773422543 9.36113913667214e-05 0.000149987397435325
0.004490523529239 0.00393336694687605 0.00413842210546136 0.00125840086257085 0.00110236434265971 0.0757541446015239 0.0869199238717556 0.0083895668387413 0.00433196779340506 0.0033557889983058 0.000418296304997057 0.00188932474702597 0.000733256665989757 0.000745091994758695 0.000772704661358148 0.000945802207570523 0.000891850283369422 0.00227187830023468 0.000852784956805408 0.00195512779755518 0.000873054168187082 0.00100568231428042 0.000932315282989293 0.000819808850064874 0.0008638406987302 0.00355386794544756 0.00123894495773129 0.000416989665245637 0.000271419019554742 0.000548714183969423 0.000155787159746978 0.000150122493505478 7.83937157393666e-05 8.24994347567554e-05 9.25754866329953e-05 7.38151618861593e-05 0 0 0.000396968839049805 0.000109068971141824 8.30620103442925e-05 9.68552223639563e-05 0.00954822637140751 0.00560910785570741 0
0.00396617348305881 0.000510077003855258 0.000505234382580966 0.000512415671255439 0.000463870412204415 0.000641055381856859 0.00337120392359793 0.00578782930970192 0.00327954031527042 0.00501181557774544 0.00948508400470018 0.00625591147691011 0.00163997684139758 0.00297111552208662 0.000938868394587189 0.000938213744666427 0.000870564975775778 0.000458201218862087 0.000901724922005087 0.00993224391713738 0.00333746739197522 0.000504914886550978 0.000414629554143175 0.00040723571437411 0.000700417696498334 0.000648221757728606 0.000978706747991964 0.000423325345036574 0.000312312037567608 0.000345943751744926 0.000194178489618935 8.62267610500567e-05 7.73676933022216e-05 7.83685507485643e-05 0.000116710802012676 0.000725709073594771 0.000839494501269655 0.000152027558215195 0.000130670113867382 0.000137351667740404 0.000206719343168515 0.141216346621513 0.248608666658401 0.0202021740376949 0.000690806178317871
0.00175199143122882 0.00178179708309472 0.0013072072993964 0.000882870145142078 0.000444023590534925 0.000969042535871267 0.00747087356285192 0.00537884328514338 0.000551228353288025 0.000819674564991146 0.00711203655228019 0.0322248362004757 0.00268817311152816 0.00349395493976772 0.00273386314511299 0.000930648390203714 0.000481721269898117 0.000878100038971752 0.000600819813553244 0.0007221196196042 0.00328705818392336 0.00256330603733659 0.000544135592645034 0.000760703755076975 0.000417526747332886 0.000409318169113249 0.000571608729660511 0.000405496649909765 0.000181425071787089 9.71200643107295e-05 0.000100834520708304 0.000122001636918867 0.000132714340725215 0.000209969239949714 0.000116984270061948 0 0 0.000132876417774241 0.000130286321200401 0.000334014762120205 0.000134440897727472 0.165054601430893 0.0261074617505074 0.000173578475369141 0.00120080662891269
0.000624224112834781 0.00194181771948934 0.00299700261093676 0.00273566660471261 0.00225779870525002 0.000964789162389934 0.00101872405502945 0.00548715423792601 0.00349145974032581 0.000490748975425959 0.000829412136226892 0.000791448494419456 0.000662510050460696 0.000910950975958258 0.00182920435909182 0.00674435552209616 0.00421010367572308 0.00044254717649892 0.000940330314915627 0.000480285176308826 0.000483854755293578 0.000763852859381586 0.000770607765298337 0.000430567556759343 0.00118720824248157 0.0008364393026568 0.000587660388555378 0.000255901046330109 0.000381301384186372 0.00023610022617504 0.000134833539777901 8.96476856723893e-05 9.48478445934597e-05 0.000465832802001387 0.00104420441202819 0.000112745196020114 0.000121737984318315 0.000321383536902431 0.000319296800989832 0.000124942862748867 0.000136231056148972 0.000160700263586477 0.0322500556707382 0.00664335354231298 0.000117016683725524
0.000758758245501667 0.00140245147049427 0.000892337353434414 0.0109845361672342 0.0131167005747557 0.000543977355118841 0.0012056001694873 0.000482651882339269 0.00186873830389231 0.000691201665904373 0.000422498642001301 0.000702511530835181 0.000737883744295686 0.00160712227225304 0.00135667764116079 0.0011957231501583 0.00243118382059038 0.00539478398859501 0.000957054749596864 0.0023085477296263 0.00172217263607308 0.000874369812663645 0.000900243152864277 0.000764260860159993 0.000517500855494291 0.000836098095169291 0.00074726227321662 0.000411638774676248 0.000256264163181186 0.000238327594706789 0.000135191062872764 0.000113267646520399 0.000137227423692821 0.000158734231081326 0.000123808064017794 0.000139646357183665 0.000188895475832851 0.000147111758360552 0.000135867690187297 0.000151103585267265 0.000141047068746047 0.000135854745622055 0.000296801334570773 7.63452353908178e-05 0.000280708173158928
0.00375112807378173 0.0147669890895486 0.0135065421462059 0.00639445669949055 0.00355224735103548 0.00417998861521482 0.00876712473109365 0.00755879282951355 0.00477373106405139 0.00209818687289953 0.00826857131905854 0.00182575129438192 0.00305656883865595 0.00228792792186141 0.00528226969763637 0.000929052103310823 0.00103714632568881 0.00175221614772454 0.00180498387198895 0.00112317495513707 0.000531413889257237 0.00082964594475925 0.000653784046880901 0.000743457477074116 0.000389981822809204 0.000995764724211767 0.000737564888549969 0.000384038366610184 0.000242022916791029 0.000101670133881271 0.000135797089387779 0.000580515852198005 0.000168719602515921 0.000699553173035383 0.000111531740549253 0.000125418795687438 0.000119142605763045 0.000132933413078717 0.000191034637600751 0.000333956187660078 0.000327377850953781 0.000313561270831997 0.000170870570491388 0.000288017459570256 0.000159753963521325
