Scripts_&_data/Maxent_result_files_1/Bombus_sporadicus_2.asc
NCOLS 594 
NROWS 330 
XLLCORNER -15 
YLLCORNER 23 
CELLSIZE 0.166666666666667 
NODATA_value -9999 
[rows 140 to 159 of 330, columns 352 to 395 of 594]
0.00051492512131972 0.00110739563961033 0.0019201547918783 0.0159812396974303 0.000770302540331613 0.000598206282336378 0.000580373492903163 0.000703112541077644 0.00062757522840684 0.000589719945742218 0.000574837716192178 0.000192473548167982 0.000606400042966016 0.000611182353361528 0.000616749093273938 0.000297476393166107 0.000183250878649233 0.000498313146908913 0.00127498398596799 0.0114408670458943 0.000442054792620183 0.000214460021220475 0.000146042889558373 0.000452520684427782 0.000909487837031975 0.000339507130212269 0.000283119889007821 8.83706865067779e-05 8.75142019651776e-05 0.000895396561827511 0.00103119272971526 0.000197713989672543 0.000569519134875507 0.0110639443621039 0.000224459090176643 3.81246237945554e-05 0.000201104596429702 8.06549004901735e-05 0.010793008422479 0.00261596291893511 0.00162136492035643 8.79910398512318e-05 6.60515957605523e-05 6.03414248863232e-05
0.000511203780558844 0.00122769296958722 0.00167219115610351 0.0136090689338744 0.00131930231873412 0.000253032607179193 0.000570619830466512 0.000595007959259419 0.000582742730716745 0.00056113176819963 0.000570481335967088 0.000640992407545582 0.000238327956776629 0.000209910283774661 0.00063226119502815 0.00019849415614317 0.0001962689767538 0.000929071131213277 0.00161394938986632 0.000208579944137455 0.00087290149299406 0.00119920207807809 0.000893991723933141 0.000190113443602513 0.00033525321651382 0.000302045795604045 0.000316695315893867 7.03293839663388e-05 0.000100534911811057 0.00193319648960598 5.96860450992276e-05 9.55778767582349e-05 6.62843548813075e-05 4.87599522880022e-05 4.05029661277645e-05 4.17642056661061e-05 0.00022065082912367 0.00119706840864637 0.140140679478645 0.0014503354006019 3.6960929569263e-05 2.56302586779333e-05 2.27751530368359e-07 1.84065291814695e-05
0.000491414150155833 0.0015638810757082 0.0025686138716992 0.0120989400427788 0.00019006193184623 0.000185428274437527 0.000639991040793575 0.000269974144180196 6.79034697672609e-06 1.05068536466746e-06 0.00166268535908785 0.00069945823343005 0.000206008027669213 0.000208521303659381 0.000601898662171152 0.00266589828970609 0.00159639477569726 0.0052049005869776 0.000396931408886303 0.000180786465205074 0.000367363097666384 0.00431023136152362 0.0001720761133015 0.00212333118033712 0.000324581672066415 0.000214554848242088 0.000204823812532595 2.7797540100849e-07 0.522376016527414 0.0001314253649353 5.21455097988732e-05 4.52196348033063e-05 5.10202947353045e-05 4.09882044508869e-05 0.0307771096006036 0.393802629740094 0.000972948440306665 0.000105788227400783 4.59833786037978e-05 3.62438329317594e-05 3.38080252735073e-05 2.65337616775718e-05 2.80010766957606e-05 6.19770192793578e-05
0.000466282761442471 1.19898311410127e-05 0.000609386793985323 0.000187294788008785 0.000191443661856283 0.000261151415611494 0.000207465391929418 1.31221758868927e-06 8.56503130990394e-06 5.16115767935643e-06 0.000328465943357514 0.000547180067178488 0.000289995763250772 0.00274969877500553 0.000523101140151994 0.002889297332149 0.00367805790156126 0.082360839471221 0.00525986699503847 0.00170698124406954 0.00288964625578956 0.00201959628539043 0.000442346668455684 0.000472448435721162 0.000632564558281956 0.000105973772580259 5.38465762218054e-05 0.00290298233157955 0.000166154523204398 9.19733609578088e-05 0.00410479985876009 0.000119681683192174 4.72468189088637e-05 9.02104155726335e-05 3.10260300100396e-06 7.35871179106451e-05 4.3928756111522e-05 4.33159892001767e-05 4.58125993435532e-05 4.45089964822953e-05 3.20169785226976e-05 3.73378290293158e-05 3.96568604451586e-05 6.36849111118498e-05
0.00014485547032308 0.000169832916935775 0.000486821241509006 0.000157754130236754 0.000167537004836049 0.00057073792590927 0.0005816967411306 0.000609831055976429 0.000603738226197947 0.00063294537172851 0.000240869446599845 0.000806246692081913 0.00259129738988122 0.0801036041229963 0.0262455432675779 0.00213209073946476 0.000258244446972622 0.0419421054422855 0.0893569365143776 0.00477902065613307 0.0012772676142049 0.074234445206821 0.00504694377304986 0.00241281343251103 0.000307664669754981 5.04542785797035e-05 0.000164947720050312 0.00210170161226415 0.0380142820067704 0.127159538865089 0.000103877115499529 0.000655098045058367 0.00176442492630784 0.000105148776187769 0.0001609203337961 5.63172777879095e-05 6.02955403022465e-05 4.78551271536398e-05 4.4270140431546e-05 0.000115328548107807 3.56750283419083e-05 4.00013667366972e-05 2.07018676915527e-05 4.06912452848518e-05
0.000161414840351881 0.00042671205374063 0.00018260912771666 0.000204865431840062 0.000227350126499459 0.000169951460543416 0.000575101110871401 0.000991964113904942 0.000573609733601188 0.000580844791613799 0.00154271053761477 0.00182686076695973 0.000366826602817127 0.00208071590168402 0.000913074242336087 0.00605105643044226 0.00841587083850754 0.0186893111094832 0.00365436334977858 0.00844945884309709 0.000724002528258472 0.136129432171583 0.0589719783514738 0.00124762533469038 0.000102599049531849 4.12781658201133e-05 0.000611358181653177 0.000510819352038738 9.77851178084355e-05 3.34842268417956e-05 1.77162596475489e-05 0.00452951101760846 0.000135294690546328 3.83104832660131e-05 6.34918411500762e-05 4.55931945964605e-05 0.000210722836932731 0.000173877251747223 0.000397113386692194 3.4894953805098e-05 5.35219791273578e-05 1.60037686417924e-05 0.000112309870363614 2.76036333594187e-05
1.91039778736801e-05 0.000207758412534531 0.000206612021247565 0.000146192103159137 0.000212423331618083 0.000358875603933484 0.000166059725142986 0.00133344392891104 0.000870279831076459 0.000180462713592533 0.0113119774032384 0.00215067258541239 0.0191012110793963 0.0379942424595356 0.0242954910732806 0.00807103582192212 0.00739117424673168 0.00810587288578972 0.0259386358549818 0.0519572975113988 0.000361961468685223 0.0827693197876215 0.0980009570717812 0.0238952755462378 0.00011624869689193 0.000167269562773997 0.000122972008610878 0.000136524509063507 8.15081376790538e-05 3.38922577167278e-05 9.80371378601408e-05 0.000218922573573366 0.000112264365204717 1.79553344423766e-06 3.33597338340041e-06 0.000104330040909317 0.00091388227449658 0.00061147188880093 0.000135056748693452 0.000186397403438643 1.33515233751713e-05 2.30855285984211e-05 2.43283671254924e-05 3.06946300890676e-05
0.000218636340821377 0.000418553183772019 0.000157556381753921 0.000869059451747489 0.000322103415714992 0.000203310655183486 0.00052597365671545 0.000521020349765422 0.00202117771902977 0.0420732591301203 0.00919204467209056 0.00111804374791973 0.0244017956778407 0.00580848740501097 0.000695755768083473 0.00593434232578147 0.00097680688231776 0.00924133847584017 0.0330164365470409 0.0563616901636124 0.000789090185844543 0.00165812693923132 0.0328855885498342 0.0376461612526327 0.000136291081239293 0.000100339497083846 0.0012543030920952 0.00989700953796273 4.53564299434661e-05 2.34162182538689e-05 2.99214878826559e-05 2.13646604614759e-05 3.9035889788841e-05 0.00046113620294691 0.0114299058398599 0.00827205703755148 0.0954096952453256 0.024431765367035 0.000444600139269125 6.18709577673515e-05 1.34337868984091e-05 2.89764846607921e-05 1.5471678540091e-05 2.47570373355654e-05
0.000562055271598183 1.42909657130375e-06 2.34107146251938e-06 0.000563818041916875 0.000947573677376568 0.000526824980840956 0.000534018853034013 1.24167793273955e-06 0.266376314487206 9.76741635256295e-05 0.000331237517502814 0.000276583799382024 0.000950769079918246 0.00072544677445876 0.030759827233851 0.00456671071151504 0.0451206090860069 0.062404360063374 0.00870744265848771 0.0153168396791443 0.000268854136642405 0.000266595710860162 0.000687208402096373 0.00517486284886868 8.45842705094579e-05 0.00013850161803648 5.43811802946714e-05 5.59153628890363e-05 9.16571559095303e-08 9.07225575297321e-07 4.43928781302949e-06 0.000113240967645989 4.11472401390167e-05 8.46852260294462e-07 6.47906814976729e-08 2.04037957459824e-05 0.00174201826678415 7.21222971713509e-06 0.100000039283648 0.900000000007982 9.50814668512212e-06 9.14468523788292e-06 1.94161100191437e-05 2.45078960714573e-05
0.000153558339803794 0.000191872630136913 0.000502198261665399 0.000524339027936094 0.000522762402283661 0.000471837169197897 0.000686421602279097 1.0900046893858e-06 1.86344008399453e-05 0.0286760757677257 0.00101284482498158 0.000201350098700459 0.00159577265221742 0.000305926601504325 0.0041573018708732 0.000517231046069355 4.88346616830393e-06 3.24796070752864e-05 0.0046791741202469 0.00393896629497748 0.000300653120637806 0.000181757801494298 3.05831377761301e-05 5.73236148982414e-05 4.30778143172605e-05 5.43692047691446e-05 0.000135959022598098 3.63140416368091e-05 0.827891570329666 0.000223625305434139 5.24384504387965e-05 4.28891562372802e-05 6.80720333446239e-05 2.43318397312731e-05 8.29999737785858e-05 0.000195798060581709 0.00010550546386483 1 0.1131242520223 8.8237009440939e-06 1.41338189283191e-05 1.25079675239892e-05 3.21083943849665e-05 3.76061906828373e-05
0.000479183773836667 0.000183566578687078 0.000493563363272642 0.000475485514664342 0.000145316191738232 0.000177086946291638 0.000430988954349232 0.000242892785411186 0.00111160155047401 0.00024571327388685 0.000631430180874304 0.000579399075559195 0.000796303735114634 0.000967484992725076 6.47260877942313e-05 0.000224077586355698 0.000866357434777054 0.00864712639595382 0.0131677315861452 0.00447696406140627 0.00150358146452796 0.00225655497178554 0.000107398664653469 3.71025200481157e-05 0.000146760877383134 3.97080899937174e-05 3.86899623677994e-05 2.62008231940891e-05 6.98206747605234e-05 4.58066737098806e-05 2.92102790736104e-05 2.22526311025373e-05 1.80471468001153e-05 2.73631524798201e-05 9.9348512333286e-06 2.08141581779842e-05 8.87871987487188e-08 6.65356740440215e-06 1.29742457273596e-05 1.18356026643895e-05 1.26475590811248e-05 9.15637574472328e-06 8.25679678904123e-06 1.41788481428762e-05
0.000472548170353093 0.000464293654601988 0.000423303549030152 0.00044319420866259 0.000424175633781942 0.000148895286946527 0.000407631293603572 0.000393192557817201 0.000347966508235231 0.000354940872330189 0.000232681124793999 0.000124141705532566 0.000994554069802689 0.00011873738181255 9.21699942501908e-05 8.00300560792944e-05 0.000150508435391239 8.07193483206459e-05 0.000111095030194774 2.59270895372365e-05 1.73747404949243e-05 8.42001373098422e-05 8.65846522349889e-06 2.65291163148662e-05 5.09128843887763e-05 1.1574367744982e-05 2.45822646287142e-05 6.48958408934419e-05 0.000791016508812536 1.32140575150319e-05 2.59367126890675e-05 2.70646695207821e-05 3.2496884739297e-05 3.04993271235232e-05 2.41018839347795e-05 2.11313371379362e-05 1.96593048305216e-05 1.51599211761888e-05 1.18051182210088e-05 1.02692397714543e-05 7.1103919084603e-06 5.98474930431081e-06 7.98354047688576e-06 8.14483257203236e-06
0.000185784432153469 0.00015481077819004 0.000206097300679176 2.70401746888749e-05 0.000387631928515475 0.000638996054635754 0.000407920233760706 0.000113691350243528 0.000121882557033359 9.41584480358415e-05 0.000440266028772385 0.000135942360439145 2.53147504827522e-05 1.68325555845561e-05 5.65227076249952e-05 1.388888720536e-05 9.18913350356876e-05 1.7730285365436e-05 2.82086338370124e-05 1.76637665104007e-05 1.47788141628191e-05 0.000257163907186297 5.43167960451729e-06 2.64936947560579e-05 2.52509933109879e-05 8.30508534278573e-06 1.86392718226625e-06 0.000348749941643955 1.11593935205767e-05 2.12677130083994e-05 2.23276395176941e-05 1.96975134098665e-05 2.13216293492802e-05 2.15081829975317e-05 2.07326487554615e-05 1.92844014810012e-05 1.62310397328058e-05 1.32179533196997e-05 1.03106334240599e-05 8.77420891605141e-06 7.1641161267344e-06 7.24118958830289e-06 7.26360815463956e-06 7.66867403143579e-06
0.000526521807660174 0.000391139806674801 0.000129647983760606 3.36340338336072e-07 0.000123674820565611 0.00012838708848335 0.000346185160378809 0.000122997935693547 0.000102824235938215 7.76347878087336e-05 1.88566560992198e-05 3.2675833463347e-05 4.83463812442464e-05 3.3844447747422e-05 4.05849917041401e-05 2.08287321633804e-05 3.18183743881706e-05 1.11668794456121e-05 1.29602595948741e-05 5.29305220343668e-06 2.1028864954642e-05 5.92764310094473e-06 4.75536420629918e-06 3.00064330942873e-05 2.23239931313568e-05 4.90466985444415e-06 8.33987809274461e-06 1.5870231379389e-05 1.81543682975405e-05 1.84654210098945e-05 1.73706345521829e-05 1.687516940031e-05 1.5431355862372e-05 1.67417815256421e-05 1.65799724016202e-05 1.53447396790907e-05 1.24728057737777e-05 3.92260470525319e-06 7.04446555488403e-06 6.22477793243981e-06 5.4353881315361e-06 5.99801895666552e-06 7.67603242519677e-06 7.67157517556072e-06
7.78489580710584e-07 0.000348898278485876 0.000376175973633508 0.000352554553654727 0.000336178286710265 0.000309379081676298 0.00029552388912748 0.000310954471513014 0.00027007065845055 0.000198301095096554 6.43615332129865e-07 0.000171829407239787 3.84893310452106e-05 3.32288627082344e-05 9.22551530571081e-06 9.08777784617287e-06 7.61334537606739e-06 7.95600851680733e-06 1.71824798373743e-05 1.32349930946907e-05 1.66815404904042e-05 2.44548372455577e-05 1.13672062677428e-05 6.29810561640909e-06 6.59470485392388e-06 2.73082867321972e-05 0.000129012731827693 2.12376968809824e-05 7.96007623299344e-06 1.21681311963551e-05 1.08678909630733e-05 9.43703934028761e-06 9.85131543589368e-06 1.16562982541923e-05 1.2393771665753e-05 1.21933994989942e-05 9.01447544958689e-06 1.04210438561347e-05 9.36996875514629e-06 9.72362456493903e-06 9.47009732801263e-06 5.59675223079648e-06 6.63399195612868e-06 8.61328690446861e-06
0.000302415825490243 0.000316121144470571 0.000337977287955482 0.000346569326541157 0.00031402913800207 0.000327853155943103 0.000314584677556695 0.000289070063917052 0.00021888083954309 0.000207946631803679 0.000196471589867997 5.28988823127463e-05 2.33079614447851e-05 4.39106827127778e-05 1.27550063447446e-05 1.08745723711334e-05 2.46088660166732e-05 1.7989425554743e-05 1.43492865348094e-05 1.42760143010512e-05 1.32264764551748e-05 6.43154802424384e-06 3.05499219840355e-06 2.06362045883424e-05 1.26064552349314e-05 1.79084931865803e-05 1.5564915732913e-05 1.28873808663665e-05 1.17325389207168e-05 9.56438294904549e-06 6.57492159383821e-08 2.80014532137995e-06 7.1671322591893e-06 7.44655520025228e-06 7.8054474129674e-06 7.79765148144484e-06 1.05033869840399e-05 9.01447682232215e-06 1.02940040739297e-05 1.26711645869082e-05 1.33697081662554e-05 1.14796240571091e-05 1.04516793965725e-05 7.48494681670486e-06
0.000245655791439958 0.000280977331226495 0.00028893255188791 0.000310192122736908 0.000306523194052488 0.000288935631635923 0.000282410192875204 2.71988448802274e-06 1.64341335867624e-06 0.000200769083392061 0.000186752900665965 5.51541021991397e-05 3.5285446575839e-05 2.18869680136624e-05 3.45134930929691e-05 2.69229101665824e-05 2.44783298881668e-05 8.65618282510638e-06 1.45635752982876e-05 5.28898715379533e-06 1.29245155711111e-07 1.84454793915156e-05 3.7496080851529e-05 1.33006918434542e-05 2.0499705082333e-07 1.21371584310248e-05 1.12535874637332e-05 1.61115394742728e-05 1.42281459347582e-05 8.79310983097348e-06 2.25109420945557e-05 5.65688672331532e-06 5.25551933376889e-06 5.55776400994468e-06 5.07243885614628e-06 6.17884833600257e-06 6.31037441723992e-06 1.14434043726352e-05 0.000216303319600208 2.53303055485321e-05 1.12447323292741e-05 9.72678735101651e-06 9.64294701603086e-06 7.81750390235203e-06
0.000247829828305157 0.000256333523094554 0.00026177019969964 0.000266879639428907 0.000282928890612766 0.000253152022878567 0.000241745476677124 6.90463043682144e-05 0.000231915736156907 0.000232433909116025 6.72133558538235e-05 0.00018366156429579 8.46126340447562e-05 3.88808743757352e-05 2.4804641553966e-05 8.0672266568016e-05 0.000296500691279711 0.000134705214366848 0.000133379302975811 2.74258165829155e-05 7.46339932450324e-06 7.14943331211471e-06 7.87021872711291e-06 8.87564322323842e-06 9.05630457018747e-06 9.89739174337423e-06 1.26566466277511e-05 1.07149816662822e-05 9.24873743516352e-06 9.24836288118791e-05 2.14622234867901e-05 6.48771533890979e-06 5.60413511072611e-06 5.00772834846064e-06 5.54744139191765e-06 6.62761827685543e-06 1.21706861919257e-05 2.48657593150736e-05 6.5625294411753e-05 0.000261597835668192 8.45680145200034e-05 0.00028639517384873 6.75233099104888e-05 5.35440891611061e-05
0.000219857576331606 0.000235677384586097 0.000222334450518247 0.000232953968043148 8.04612936722293e-07 3.20264321479025e-05 9.528316782621e-05 9.09128979600382e-05 0.000218036640831087 0.000209423132764641 0.000197151531304485 0.000182035452851892 0.000144156560830311 2.78895995042827e-07 1 1 3.73097412394996e-06 1.2418898303912e-05 7.19923202284756e-06 6.86438497251585e-06 6.48253717584479e-06 5.97903559831359e-06 6.62630706913525e-06 7.3749551715907e-06 8.95142910801727e-06 9.54589157120544e-06 1.87235951243925e-05 0.000146829714417396 8.68337664645669e-06 9.42176755087676e-06 6.86052920246816e-06 5.81775729435741e-06 0.000127383324775132 1.60367989925803e-05 3.12260246246865e-05 5.18726922898338e-05 6.03615236883681e-05 1.84093082481351e-05 2.96478184424465e-05 3.68966939279236e-05 7.2011785647863e-05 4.37280856669164e-05 4.61455044286296e-05 3.61366190212986e-05
0.000169433286947651 0.000174029625293315 0.000191507666426105 0.000197580411361287 1.20474371478441e-05 0.000185346688977006 0.000129182839870623 0.00071451264825555 0.000217208439025285 0.0001892046454401 0.000160984175286671 0.000156868023907464 0.000131824693687577 0.0110639320012533 1 1.35638727394305e-07 5.38587837198845e-06 4.74748124581481e-06 4.02432776748229e-06 4.26858088633519e-06 6.28310170505131e-06 4.31552526384271e-06 5.11729848763354e-06 5.66395138021925e-06 6.74177621790006e-06 7.23579052395174e-06 8.69744266016603e-06 1.4534279207945e-07 8.30815839026888e-06 0.000233136827277669 6.57048419995809e-05 2.4029244448831e-05 0.000115773260375829 1.74264920488554e-05 8.91811915977314e-06 8.81849669909229e-06 8.33077118613801e-06 8.48207856734007e-06 9.87544779178506e-06 1.6357189750249e-05 2.24941632099518e-05 2.79448323230902e-05 3.54220541288752e-05 3.41784246775667e-05
