Scripts_&_data/Maxent_result_files_1/Bombus_terrestris_3.asc
NCOLS 594 
NROWS 330 
XLLCORNER -15 
YLLCORNER 23 
CELLSIZE 0.166666666666667 
NODATA_value -9999 
[rows 63 to 83 of 330, columns 517 to 563 of 594]
9.73753049038351e-06 1.46748934639618e-05 1.4561727994078e-05 9.57568818193977e-06 1.06991896700492e-05 1.4956616814743e-05 1.48339690895227e-05 8.11321322609526e-05 -9999 -9999 -9999 -9999 -9999 -9999 -9999 -9999 -9999 -9999 6.0465619299066e-06 8.91597110239673e-06 9.08629658624704e-06 9.58981436269823e-06 1.69789006122301e-05 1.74755975422158e-05 1.23608844432965e-05 1.35093581093315e-05 2.35493613672588e-05 2.57805307228409e-05 1.53575192143762e-05 2.8103601289331e-05 2.89921247031089e-05 2.65520498487604e-05 3.09658228616172e-05 1.90641529798086e-05 2.29198260285557e-05 4.3078240014438e-05 1.31410838207557e-05 5.3492847337111e-05 5.41682408083943e-06 1.04250751974178e-05 2.17437990272629e-05 2.62334162698608e-05 3.01781200505502e-05 3.81002296762745e-05 4.1164928688886e-05 9.05968465474416e-06 3.32240287264085e-06
1.04763551007636e-05 1.0611573316055e-05 1.53337859501335e-05 1.03554752058699e-05 1.03688190847606e-05 1.76935911468945e-06 -9999 -9999 -9999 -9999 -9999 -9999 -9999 -9999 -9999 -9999 -9999 7.25455593020286e-07 1.04592728803254e-05 1.0263837657476e-05 1.0549327089393e-05 2.01756856768043e-05 1.19999035632645e-05 2.26692993692268e-05 2.34505107528094e-05 1.39037923418073e-05 2.35738947594655e-05 2.48370449753565e-05 1.55872489585818e-05 1.61829031412708e-05 2.76868758191995e-05 1.84899015494011e-05 2.70178003120236e-05 2.94574616873433e-05 3.72045277799771e-05 9.6327901303539e-06 3.234724408685e-06 2.64707823191657e-05 5.82682732215289e-06 1.20588681625122e-05 2.36602509744444e-06 6.93461698574538e-05 3.31666621150362e-05 3.8931172912271e-05 4.76095038948188e-05 4.9845027729134e-05 5.72437064647602e-06
1.14038255105697e-05 1.96080991372582e-06 1.11640330942464e-05 3.07189920931705e-05 3.01455041835652e-06 -9999 -9999 -9999 -9999 -9999 -9999 -9999 -9999 -9999 -9999 -9999 -9999 1.15359987830743e-05 1.16725300813414e-05 1.99494166281511e-05 2.08020137961284e-05 1.29845009269047e-05 1.30004033962905e-05 1.36189777549589e-05 2.28331747621269e-05 1.42729762956151e-05 1.53514589783299e-05 1.57782873429824e-05 2.95093540898961e-05 1.70890056551798e-05 2.96360755328351e-05 1.75275230276384e-05 1.80916872068337e-05 3.16655565711699e-05 2.65932792217427e-05 3.75410085780459e-05 2.36880073998691e-05 2.64066653699047e-05 3.15028766522119e-06 8.85014148252594e-05 1.25660893331769e-05 1.395848453285e-05 0.000107799924398932 4.34689766734664e-05 5.48702540299928e-05 5.93083233752623e-05 6.07054362717463e-05
5.52829000071142e-06 6.97358096601874e-07 -9999 2.02407057781073e-10 -9999 -9999 -9999 -9999 -9999 -9999 -9999 -9999 -9999 -9999 -9999 6.97371025140114e-06 1.10920199631437e-05 1.3394622146734e-05 1.34560126298311e-05 1.41005372370273e-05 2.54756114372867e-05 1.49791995681881e-05 1.44975017519755e-05 1.45182604683214e-05 1.45193997013848e-05 1.5416678161273e-05 1.64993786256673e-05 1.65942237799754e-05 1.69158763583255e-05 3.34431872488494e-05 1.84358005299146e-05 1.99539719460518e-05 2.06313114631485e-05 3.81982039925788e-05 3.83314813461766e-05 3.6315367719908e-05 3.47149225490284e-05 5.21288349318638e-05 5.08004998209799e-05 0.000186915009999211 5.91221480021886e-06 6.99279230502725e-06 3.08867834746707e-05 5.52564485133189e-05 6.0755521781175e-05 6.25927619239519e-05 6.99534599334584e-05
2.87466853478691e-05 1.0422130230836e-06 -9999 -9999 -9999 -9999 -9999 -9999 -9999 -9999 -9999 -9999 3.81916893419043e-05 1.15351001227282e-05 1.24076069369039e-05 1.34432732011192e-05 1.48550666835945e-05 1.63264513503236e-05 1.66252827057178e-05 1.61560736160027e-05 1.59730988798401e-05 1.63792195962742e-05 2.61746418800612e-05 2.66791027115687e-05 1.90588357327215e-05 2.03224394681456e-05 3.99004150494875e-05 3.47439819051942e-05 2.85536903447792e-05 3.33164907033279e-05 2.95702071070991e-05 3.08527817196591e-05 5.93937538269529e-05 5.78411938022327e-05 6.28337923444633e-05 4.50963465254972e-05 1.72806488421884e-05 6.01168443608913e-05 0.000290569524440798 4.8852125289045e-06 7.23647410723061e-06 1.18910540933825e-05 9.54325336408601e-06 6.56860695698924e-05 0.000116385746855485 3.74552113953541e-05 3.70721633430549e-05
-9999 -9999 -9999 -9999 -9999 -9999 -9999 -9999 9.06451421935239e-05 9.14271964085001e-05 5.96701564177238e-06 2.55296936160221e-06 1.32571849007945e-05 3.60302547051106e-05 1.5208968807201e-05 1.5645346366e-05 1.71177518495824e-05 1.85864520972245e-05 1.83985122021113e-05 1.92255865840707e-05 2.07124562621175e-05 3.70673361430818e-05 2.11384719477792e-05 1.97439965177182e-05 2.08350786579103e-05 2.27185661969997e-05 2.5267925730077e-05 1.37260587848687e-05 3.15598113502347e-05 3.45634752193291e-05 1.84551098755037e-05 4.40063230598753e-05 6.15851011389168e-05 7.69563861013012e-05 4.26020525083004e-05 5.4906874174776e-05 4.10138297411322e-05 8.6063389244373e-05 5.85783517976779e-05 2.11153578902667e-05 7.32929542209604e-05 3.37542706006388e-05 0.000317365435194006 2.34680530752485e-05 0.00010006734955823 0.000126270710143217 3.90545963682598e-05
-9999 -9999 -9999 -9999 -9999 -9999 -9999 2.72290377267836e-06 1.5010275228633e-05 6.12241165072191e-06 6.92817679919244e-06 1.45023995173688e-05 1.4502979001918e-05 4.59729656085983e-06 1.75908664914459e-05 1.16495308475351e-06 6.8834361172776e-06 2.37681389535282e-05 2.43560169110424e-05 4.76109372812061e-05 5.17109305746999e-05 3.23517005654139e-05 3.38675038165093e-05 3.12717514589167e-05 2.72858519565489e-05 9.01312366181628e-06 2.85591596821178e-05 3.21731115036528e-05 3.31280291447911e-05 3.29611735196522e-05 3.36578803853627e-05 7.26306804608612e-05 6.9209312187013e-05 7.35255688596226e-05 5.09956017594959e-05 6.1218190830914e-05 7.75991013824751e-05 6.26719641331874e-05 0.000127300871190528 2.60399686965229e-05 0.000608349355366045 2.94386144901182e-05 2.16354913931127e-06 1.89733906008627e-07 4.80250452739028e-06 1.08442111979912e-05 2.28645529659843e-05
1.11584706701251e-05 6.46257466883071e-06 9.16147729981276e-06 1.10044327302217e-05 -9999 -9999 1.62226743818716e-05 9.85314095487411e-06 2.11976422974658e-06 9.15407085244624e-07 1.74522322595294e-05 1.78638963006961e-05 1.70981118117197e-05 1.76939053289971e-05 1.93723088614206e-05 4.36296235193367e-06 2.15615136312408e-05 2.87830913521248e-06 2.78662965229159e-05 2.73602934612427e-05 2.54106028478418e-05 3.57852261458902e-05 3.95151739667199e-05 3.24344467571791e-05 2.58375643625186e-05 2.83479005702247e-05 4.87352773689054e-05 4.37934876572399e-05 3.88787052543194e-05 6.06859111030644e-05 4.52508115245109e-06 4.01377018079074e-05 4.29110102686536e-05 4.12295840305887e-05 4.84296040667687e-05 4.22718498498398e-06 0.000336868257272727 0.000119930654591371 6.54690940336877e-05 9.72857550777917e-05 7.16019171932203e-05 2.55504833717168e-05 2.94619848091315e-06 4.76452200700805e-05 0.000156923561394251 0.000157468601196342 4.40654213548441e-05
1.71094517099846e-05 1.75367203155474e-05 1.22030245620408e-05 5.90701804696892e-06 7.48723796277773e-06 4.41203468426465e-06 1.83889806493198e-06 8.84165805246084e-06 4.97525941796084e-06 3.45972741797596e-06 1.43915520425253e-06 1.1571397226362e-05 2.16028234262922e-05 1.11852508098309e-05 7.35387047825498e-06 2.49334959335101e-05 2.43298753503041e-05 2.31717061978998e-05 2.50053019044572e-05 2.59940488376742e-05 2.66327152530721e-05 2.75865565981803e-05 2.95189661756012e-05 2.49923228011539e-05 1.83427144065718e-05 3.08147361465672e-05 4.73034292554075e-05 2.89988333861402e-05 6.28324998615426e-05 4.05187120577466e-05 4.58133427400753e-05 9.52101800066885e-05 3.8034337217141e-05 1.56543346392368e-06 8.35839264709648e-05 6.41060287307482e-05 7.00099273672095e-05 1.74095181989742e-05 2.86223265106855e-06 4.38318515534775e-05 2.29165643048645e-06 5.74568311435542e-06 2.19181197053331e-05 3.20197762704311e-06 5.11879950522598e-05 1.98804889492976e-06 0.000138438989233691
4.20588180674031e-06 1.08843109387635e-05 8.27829122727053e-06 1.5991724808373e-06 0.000163270148368611 6.38780415101792e-05 0.000332986069406616 2.89700674784399e-05 0.000151112406729226 4.85430495622552e-07 2.57834445847038e-06 2.57067415532219e-05 1.24772721619593e-05 2.31604522014095e-05 3.19185278954137e-06 5.42540836931948e-06 1.21623167387952e-05 3.06640664803126e-05 2.94002105420077e-05 3.20346881835576e-05 2.78569488273206e-05 2.97750612617165e-05 3.78317990907817e-05 3.44968775152665e-05 3.13178391024849e-05 2.98426078188641e-05 2.98951478271192e-05 3.27535462929518e-05 3.70521770491905e-05 4.02731901886e-05 4.32624309269158e-05 4.4533674054037e-05 1.53617531509553e-05 4.93037154683407e-05 0.000100682737911484 3.46593020367436e-05 0.000121432860896675 6.46319771703929e-05 3.64996624924174e-07 8.13713451819353e-06 0.000219004545692769 2.31269982123194e-05 2.19755714851999e-05 6.10613192520759e-05 5.53112036243419e-06 4.70660118736532e-06 6.40111583948055e-05
6.02097306909855e-06 8.80619586496323e-06 8.91606254782573e-07 8.28188335617597e-06 1.21645811397286e-06 1.81443697329087e-05 8.92122681534602e-05 0.000107175281300442 0.000183959376863641 7.58315926532305e-06 2.82019661653976e-05 3.68123577345614e-06 5.52485801563307e-05 3.25047808019008e-05 3.10154539420182e-05 3.17419353450532e-05 2.41901925164711e-05 9.37307693220646e-06 3.28534162918004e-05 1.17318135949063e-05 4.87126957523287e-05 3.79680649984948e-05 3.87526388749393e-05 3.75118349893455e-05 3.13915971219103e-05 0.000253053716915019 3.42001695116778e-05 4.46579217168619e-05 5.91061279919813e-05 6.1225398667375e-05 5.81553247684496e-05 2.94889634687934e-05 5.80504566642048e-05 4.24122686126793e-05 1.05544194468621e-05 1.19093606599563e-05 3.85744056643489e-05 3.70207010178092e-05 3.74757587451313e-05 1.04299094516591e-06 3.85935616549204e-06 3.14914604587102e-05 2.42113365175101e-05 1.08531774678511e-06 0.000161172805110255 6.02124613280353e-07 2.95432239383331e-06
2.5099152844632e-05 8.76283247635001e-06 7.01232138453634e-05 1.17044743603856e-06 8.38823945741751e-05 7.78566727603902e-05 2.37980311794672e-05 1.25777421033035e-05 4.12325793377022e-05 1.23997548886479e-06 2.14951795101115e-06 8.2074827832912e-05 2.3624399068467e-05 2.08564044896775e-05 1.91634884743053e-06 2.41774943560813e-05 1.00631560030706e-05 4.07965679642075e-05 2.77134453881445e-05 1.93027791056011e-05 3.64949050435826e-05 3.77883525743528e-05 3.62979522833484e-05 3.27998966440646e-05 3.2081072595247e-05 4.33203748343658e-05 5.5865499552965e-05 6.11103016126435e-05 6.61574653349817e-05 3.43385450605638e-05 4.46260551370869e-05 4.19181420738823e-05 6.83043215872203e-06 0.00014321143653433 8.76941531942066e-06 2.6613380038043e-05 7.21012242479446e-06 8.90433676659086e-05 2.15148177630908e-05 3.11505835810522e-06 4.5462640159144e-07 0.000490480387270509 9.95479644529951e-06 0.000202915382192259 0.000250218820247028 7.70424423137683e-06 1.45001078635687e-05
1.18108705237319e-05 2.79940108157461e-05 2.7742449856305e-05 1.07942731943922e-06 3.59282851150056e-06 3.37641107535092e-06 2.94559079520695e-05 0.000104124104655057 3.72393879217725e-06 2.705211236389e-05 1.98772843532424e-05 1.30719098621057e-06 1.06460905044514e-05 1.21379895176688e-05 1.07376642120016e-06 1.08235556240288e-05 1.49729481677241e-05 1.51476509472559e-05 8.02289065404693e-06 3.60609327344719e-05 3.04611528918031e-05 1.53889897092085e-05 8.09517969173612e-06 3.83558188786992e-05 4.38142848906864e-05 4.70587675408751e-05 4.05904226909115e-05 1.19622217653159e-05 1.61268496412958e-05 1.96404176904252e-05 1.84150256473004e-05 5.68015542512512e-06 0.000138675674452315 8.45869601562299e-05 2.18159911895555e-06 6.2306006259405e-05 4.52906693766408e-06 1.24513599985221e-05 0.000241441697926348 3.01875719443956e-06 8.64295334395138e-05 2.41350535702622e-05 5.11528047923093e-05 4.54068713473532e-07 4.3751296902883e-05 0.000338625292079087 0.000356966618255683
7.40497649758254e-06 1.81262360214873e-06 2.9890522569076e-06 4.02078836714281e-06 1.51170375488618e-06 1.04309782273049e-05 7.35517159000665e-07 2.14000124003633e-06 3.51761342187729e-06 9.87764437923033e-06 3.51322014694233e-05 1.00125608213375e-06 2.36972527147827e-06 3.90171990147792e-05 1.66290862125606e-05 4.66260647780103e-07 3.48764140767344e-06 5.54402289481004e-06 8.91338978590284e-06 1.08670224108209e-05 1.68358727023588e-05 2.00214259166387e-05 1.11440503928861e-05 4.84794066778704e-05 5.11845439177705e-05 5.39372626008117e-05 6.19456988033562e-06 1.41423050905587e-06 2.11208119537787e-05 2.17775509909757e-06 1.26437219059028e-06 4.29672621322652e-06 9.09144237766668e-05 3.6861405803279e-07 4.76251466920985e-06 1.8882248502905e-05 2.59506494231232e-06 7.41015150424573e-05 1.85459315446224e-05 1.79640056899188e-05 1.77809252932093e-05 0.000120648999114792 0.000197753456313876 7.29636643541198e-05 4.38715474615492e-05 3.72532705199546e-06 8.92434781690099e-05
1.2317967252784e-05 6.07368444605072e-06 8.38001783449727e-06 4.12841178842882e-06 6.80749367631961e-07 1.8325167218336e-05 7.75798504264458e-06 5.41077419711655e-05 3.38121169676242e-06 6.51216718324577e-05 4.31951072187076e-05 1.57485118734257e-05 4.13774567391556e-06 7.22667849686331e-06 0.000165012320439928 3.14240626721585e-05 1.07648242320124e-06 0.000101413847733056 1.49793367540951e-06 6.01659097810625e-05 5.54642637780489e-05 2.56125709483968e-05 5.89432835568005e-05 6.04913393544848e-06 7.61317913600124e-06 6.24030350536486e-05 6.54419243346638e-06 0.00016656640882502 4.50759331215522e-05 1.207088636761e-05 1.31028448208781e-05 1.55357093660768e-05 5.06520397721033e-05 2.02250183534147e-06 1.11685472148793e-05 2.60451495108782e-06 0.000190423088361058 1.92819911504216e-06 8.59642233592695e-06 5.36698805007063e-06 7.74714627368667e-05 5.79252202115299e-07 1.86620751833289e-05 0.000393583163713629 2.1726726288307e-05 5.64385432085146e-05 0.000122563889522098
1.65090935411172e-06 4.58767879081279e-06 0.000113752131255751 9.99094129383593e-06 1.67908309322229e-05 3.10619415358815e-05 4.61142747099075e-06 3.29111484916211e-05 8.37742572912248e-07 1.67098236943275e-05 1.54914002962414e-05 7.37086085109695e-05 0.00016586794063187 0.000141879561761016 5.2606230838137e-05 2.0846644622452e-05 6.2522472899218e-05 3.60493264679462e-06 3.75398421056161e-05 3.39119779653174e-06 5.91916837890949e-06 1.2969409229413e-05 7.50973977119429e-06 1.62298160191199e-06 3.16476101858143e-06 4.57158936114865e-05 6.21833094555768e-05 6.414760109692e-05 0.000149269658413687 9.54191612436261e-05 5.26080140616614e-05 3.50314676040853e-06 0.000198586991973571 2.51030275421726e-05 1.81156523609616e-05 2.21448122204038e-05 8.88693428350962e-05 2.2506653488108e-05 0.000219774371021231 0.000683006400140584 9.16635770408902e-05 2.03782183660906e-06 9.32340384451891e-05 0.000129501527362663 0.000169482749788585 0.000202403231605786 0.000195128087284502
3.6253897997085e-05 6.83412217313162e-05 2.36577193049925e-05 0.00010248084745399 7.12584968823649e-05 4.0978441165862e-05 6.1708903899671e-06 1.94024518805236e-05 1.05627347352311e-05 1.01927635455468e-05 6.89367327026957e-06 3.24380214578923e-05 3.61141308076185e-05 8.87730811598431e-06 3.19265877124053e-05 3.04198189127192e-06 0.000165187367019826 0.00027664377257679 0.000194474461113714 0.000373518268679618 2.75923679282641e-06 1.03298385880635e-05 0.000218882574245072 1.15073395022591e-05 0.000410865788217052 0.000106311147101223 1.79344036610019e-05 7.33718574338127e-05 0.000106223452985432 0.000236951139959274 4.94336620022295e-05 5.3733337608719e-05 1.20243893093175e-05 8.63797732108651e-05 0.000148867119219176 9.41506537515124e-05 0.000746111725038645 4.20484138430766e-05 7.14280110969412e-06 0.000165841355101293 8.14180676456999e-05 1.42927166024265e-05 0.000124359902793003 0.000168876754150915 0.000170888218053733 1.33729727537002e-05 6.35497698624476e-06
4.25657592586504e-05 5.68429136365012e-05 2.4754637956903e-05 8.22013110735043e-07 1.60202239101181e-06 5.03628057515471e-06 7.04911162472399e-06 1.87964917586214e-06 2.55187630955334e-06 5.95182733832189e-05 4.49243965931601e-05 4.47504221483541e-05 8.68130568960623e-06 2.45180965947611e-06 1.98113205556183e-05 5.55382904394719e-05 4.55241979580023e-05 2.0778443990821e-05 3.33134139054891e-05 0.000137413433549227 2.75038907375347e-05 2.39304623391945e-05 3.50760523815552e-05 1.7883045779854e-05 1.33091599025192e-05 2.55355606100238e-05 7.07717795762619e-06 4.31136659813092e-06 8.05588447576611e-06 5.13763695835223e-05 7.31674230792123e-05 3.9476071037825e-05 2.53433014336224e-05 2.2515891743069e-05 2.03308780726275e-05 7.81783186766916e-05 8.39445227256874e-05 6.57754927260612e-05 6.09114428584689e-06 0.000110114898870961 4.31942378398276e-06 2.76427957146552e-05 0.000153293998141635 1.71536845755327e-05 2.64974597484979e-05 7.89756681342624e-05 0.000229035118331922
4.85997603050237e-06 4.02438915898529e-06 4.25283615186345e-06 3.82483882788165e-06 2.93900977794692e-06 1.88905097076031e-06 4.67331800564352e-06 5.92120589999467e-06 1.09927082803551e-05 5.56163749024563e-05 3.9960645381143e-05 9.64120766184351e-05 5.85181204826313e-06 3.39905954973574e-06 3.11240164933224e-05 7.31255303207945e-06 3.9010821865304e-05 0.000173189734687185 0.000126829992905186 4.2922974230919e-06 8.56453391406831e-06 1.42458557661485e-05 9.09540048837698e-05 5.38535460009371e-05 1.11659828661459e-05 6.05863819600927e-05 1.98778056983429e-05 1.41558918542728e-06 1.12014295439167e-05 1.84274054049638e-05 3.86384878652279e-05 0.00129095283409697 1.34794262123705e-05 0.000291267333523137 0.000236060879251454 4.08946229324414e-07 4.27974522835939e-05 4.43673314407533e-06 6.90505709499689e-07 0.00014102126601756 2.91535407029642e-05 0.000411426834671147 0.000226454902258411 9.47928476307425e-05 3.94877340870181e-07 3.47701798997235e-07 3.37572942399333e-07
3.91409030271461e-06 3.05472325408118e-06 2.0482843851255e-06 2.00489994881536e-06 1.81204366924703e-06 3.54848662027507e-06 2.91670420438095e-06 9.80729371917732e-06 2.96735115341562e-06 2.28425829220669e-06 2.38628185911693e-05 2.39101022998511e-06 4.05492073696223e-06 3.08998963419072e-05 7.68480574322439e-06 4.9061390609495e-05 0.000146499924312593 2.12818023101136e-05 6.76707932143472e-06 5.85042599254848e-06 3.60899792894998e-05 7.34855112341393e-05 1.37548782333852e-05 3.28429627984406e-05 6.11296485146795e-06 6.09639963045083e-06 1.8366461279129e-05 4.13240568093443e-05 2.23168728325618e-05 0.000306817116234015 0.000105605007365739 6.4897254594598e-05 2.58228832876739e-05 8.57274375221095e-05 9.63908960102344e-05 3.62552797923854e-05 0.00013094616269882 7.42615520266554e-05 6.07350139944174e-05 1.70559340972432e-05 1.98478055438045e-05 3.13883113221891e-05 0.000270943601333329 2.37063834396256e-07 4.26868188241336e-07 5.07135926164359e-07 1.78206516494583e-06
1.52080585706926e-06 3.22360050404313e-06 1.72075648833925e-05 3.69772925523648e-06 6.10333728445767e-06 2.04719837029188e-05 2.127076453462e-05 1.41003985390853e-05 5.38005721466561e-06 8.98784323624113e-06 2.87602745601134e-06 2.3346765289034e-06 6.29227835986512e-06 1.9017193721993e-06 5.26769940051963e-05 0.000216753407312353 8.76010835327179e-05 0.000105865243494918 0.000127263805006805 4.87656912127932e-05 8.86314792069243e-05 0.000135669725568732 8.91706773700207e-06 4.2804443046407e-05 0.000194629332554541 3.28506831237974e-05 5.26107105656592e-05 0.000205407699377247 0.000911955183801183 3.84590175258381e-05 1.83626385023672e-05 4.84411486070257e-06 1.15664870520504e-05 0.000574684415005322 1.41522321740695e-05 3.91488940977069e-05 0.000278080029875127 0.000193650427263492 0.000383145769501425 8.74982379855283e-05 2.66175953470338e-05 1.41429443431207e-05 2.02563570439906e-05 6.32462629823749e-06 4.02030908617235e-06 1.49409177225834e-06 1.53592662712754e-06
