Scripts_&_data/Maxent_result_files_1/Bombus_distinguendus_3.asc
NCOLS 594 
NROWS 330 
XLLCORNER -15 
YLLCORNER 23 
CELLSIZE 0.166666666666667 
NODATA_value -9999 
[rows 80 to 99 of 330, columns 506 to 551 of 594]
0.000288292649202049 0.00041190143674612 0.000290437365765683 0.000306424642622005 0.000678994490590412 0.000955058477120474 0.000389216077746823 0.000467732250399422 0.000278719772177283 0.000325360813440057 0.000285746339068282 0.000362345087341964 0.000354854662145954 0.000383585956296884 0.00101054656843189 0.000961045693838969 0.000881914862839039 0.000645051896572113 0.000393976368650328 0.000252453089342453 0.000589123633108102 0.00130253106472082 0.000768563742167316 0.000706799718318507 0.00026721835747594 0.000419628893723711 0.000419037853134796 0.000387433147989213 0.000734869761799928 0.00111365192278754 0.000500295974779874 0.00131957184348721 0.000659134805027861 0.000312025335733779 0.000249148714647163 0.000621096072427463 0.000641065095260274 0.000850008093402721 0.00144166950485669 0.000611139681132045 0.000533401999564376 0.00102226946910378 0.000730868056416512 0.00132295868825167 0.000622096209554002 0.00049436939007137
0.000396375825221185 0.000351831380976364 0.000417818239657208 0.000942164260777645 0.000420439694426022 0.000351031577156391 0.000755559577373788 0.000294177843898069 0.000281811142485822 0.000364420466939919 0.000308571135974489 0.0003924839940737 0.000291229764115997 0.000280734214902623 0.00119021428399719 0.000984435604186729 0.0005773134806077 0.00130282720783725 0.000559007271658629 0.000297887952910969 0.000754470942774788 0.000443621097656433 0.000847937929211184 0.000677960594475735 0.000579829901107587 0.00105668418109417 0.000275146172498353 0.00125677374599036 0.000942708097863942 0.000384724003379233 0.000365800895087887 0.000726650551951025 0.000916404435702134 0.000924135503009893 0.00064140996983042 0.000739406055072323 0.00079930157517083 0.00104949938540813 0.00125129321531858 0.000988360546762124 0.000616246029676404 0.000774799293139949 0.00105050526326522 0.00043153845181223 0.000484846548351925 0.000357508033630438
0.000624268378305715 0.000353368480864447 0.000336315648746677 0.000414776369871106 0.000343575848091859 0.000453980473685078 0.000608821370406076 0.000539531429240014 0.000627792955492623 0.000410849828040227 0.000284369529981632 0.000677638506749645 0.000273283072601771 0.000280093784385826 0.000446352407743689 0.000581143706222065 0.000280950265005231 0.000624046110897325 0.000365169810538646 0.000329863849037793 0.000248142977216048 0.000406066999130417 0.00101125774090178 0.000559686352789868 0.000397404805698898 0.000226339385699248 0.000357912208710331 0.000918359428760596 0.000418686168268323 0.000476034672465175 0.00039468786562793 0.000379898378741927 0.000373332547314931 0.000770348293008283 0.000403188900963869 0.000440478045493364 0.00107057271234225 0.000903787423158064 0.000812776855309494 0.000842137594008818 0.000542142719496042 0.000349320132227149 0.000280058121279581 0.000461211735091638 0.000956065999343991 0.000561631884193048
0.000994149711914361 0.000486776854086202 0.000453691725851968 0.000357298542803619 0.00038457095506601 0.000628070055972785 0.00040139308111975 0.000437298019824084 0.000323301983007696 0.000480936108215246 0.000668928935192525 0.000434673795825802 0.00032000958599383 0.000267603369138669 0.000273318794643274 0.000279234170739073 0.000559194770175964 0.000256504467688501 0.000337542776833288 0.000336436183715705 0.000306006365281064 0.000258714953815797 0.00040957367309602 0.000290342729567783 0.000276558820041828 0.000313899928005412 0.000924947418388911 0.000846000781166367 0.000826720602344722 0.000421655736863613 0.000391560868592933 0.000471313085290603 0.000566716323373839 0.000814641706529073 0.000477158327703364 0.00100172036327422 0.000310213482589461 0.000292784470366314 0.00116661704378203 0.000864369221380912 0.000456437931279652 0.000357023245305754 0.00026731591715361 0.000406943456619047 0.000559964148851577 0.000253871388122207
0.000613851434900425 0.000612575921695679 0.000444886325567495 0.000547603653103579 0.00089515293657314 0.000757549534318969 0.000328906466893386 0.000580729557259474 0.000480489159235731 0.000349238047783729 0.000290688159293495 0.000324780101072975 0.000434602101449855 0.000317769194953144 0.000353373747202568 0.000281391934549902 0.000262633263628231 0.000261370190128218 0.000276127368124435 0.00026058912917506 0.0004411978792632 0.000361061451258138 0.000362985089304857 0.000336292282736395 0.00029813649089192 0.00127138360985555 0.000470768078230321 0.000427366953226738 0.000302896757784765 0.00100729801051784 0.000433863715443294 0.000591223534138408 0.00105289022321813 0.00121362215722911 0.000379500522103626 0.000233606219990179 0.000306337465008255 0.000713763904059306 0.000407967904175166 0.000559324825007934 0.000504283679765649 0.000197919394122437 0.000270881478354568 0.000787872920045629 0.00037042655312689 0.000407520904263947
0.000961326994001865 0.000798722018953413 0.00102438976755366 0.00157009686809033 0.00105025053780992 0.00118090705364011 0.000459793435584288 0.000410856763483025 0.000480958126718178 0.000420089862018358 0.000382771375006996 0.000474254452274181 0.000549319821584504 0.000395679557550466 0.000323603875585832 0.000320000961073674 0.000318645600782474 0.000273012415709673 0.000446171016665176 0.000579281206591986 0.000553557300008833 0.000497455275035463 0.000573327830352355 0.000481352119822986 0.000326412926369812 0.000157908927212702 0.000544993438234087 0.000496257834311109 0.000464692901005037 0.000417963250947651 0.000464296191057656 0.00398071500239894 0.00108481210772879 0.000369014090392739 0.000309765247220639 0.000547500023094472 0.000289824140782002 0.000533095897117164 0.000270235587959178 0.000488089532882441 0.000483013031771407 0.000368632304889616 0.000203526328550652 0.000482339106383733 0.00020526887892629 0.000269030379422475
0.00107746422290802 0.000450696767074987 0.000905604142462835 0.00081831268616952 0.000721277738921344 0.00135470771347173 0.000747193035203963 0.000551839450781699 0.000756920129060745 0.000282179839268792 0.000324609355448047 0.000153089655395888 0.000177614049607655 0.000418275702395476 0.000350452607381158 0.00044337017388898 0.000611169714829884 0.000535222834150773 0.00030781340537942 0.000378564986749552 0.000385118868143763 0.000292239733971655 0.000440892727056053 0.000608518475200981 0.000295149155863328 0.00059748723579105 0.00057350781862624 0.000397224303742405 0.00130765357753262 0.000481951527763158 0.000591535901185125 0.000361018665716983 0.00076797928486485 0.00018932675011456 0.000586003391072154 0.000382145575713366 0.000338860905321781 0.000283374125865521 0.000268875539040891 0.000407141467439942 0.000254097233846551 0.000387328301439993 0.000454347229970153 0.000452668716025073 0.000352360452234279 0.00036838135929429
0.00215574272442609 0.00446179951541126 0.00160639883251861 0.00181555052404292 0.00167105867876671 0.00156517437426373 0.00132976568420418 0.000591802874987479 0.00124181802966632 0.000361445899761748 0.000213324022479355 0.000365708277968224 0.000331337911484297 0.000497474931762554 0.000729563002823852 0.000884791812859476 0.000705711853515822 0.000587114147492684 0.000723978111636825 0.00102551603340544 0.000446712774282787 0.000511460642155726 0.00063302829512395 0.000506048019451555 0.000380786214373074 0.000583651685155928 0.00030552783573512 0.000381622159329709 0.0004936362412991 0.000654742919141427 0.000531988091825042 0.000250975701055722 0.000267186090059113 0.000248451629158808 0.000345636597194243 0.000256457272917032 0.000295070245920215 0.000249628232268151 0.000299009470472811 0.000616477061703336 0.000232523823069641 0.000372739297745284 0.000323957318323664 0.000245854766399134 0.000384802823828068 0.000285552951390855
0.00803597362246364 0.00702435588464141 0.00118600441492163 0.0011119336792035 0.00179861553478986 0.00131721472134814 0.000690512178698555 0.000955666802474298 0.000494801430613734 0.000416502010193653 0.0005841623962624 0.000785461234045215 0.000978518842021003 0.000564066384686157 0.000817696718149819 0.000626875308807939 0.000662406752235256 0.00193881507730111 0.0007473184610717 0.000535001850221306 0.000473854098527227 0.000527775654336438 0.000772477244026959 0.000375379300385248 0.000341686888714321 0.00065078540937975 0.000564480815955903 0.000649709350545891 0.000708357407711446 0.000717681788955815 0.000635377937578596 0.000842982417088933 0.000313607245334424 0.000264258914830862 0.000340177046018653 0.000472275223000906 0.712566049396992 0.000476115632045548 0.000353767942578997 0.000408379653526936 0.000537739605351817 0.000768375411280431 0.000358103722101077 0.000291549117537215 0.000296615484694485 0.000317543897108408
0.00227006897912361 0.00175477008451708 0.000665049810777418 0.00111869694082998 0.000632762163877487 0.00031133506417973 0.000409300402679946 0.000473612078349106 0.000551585179346148 0.000478721849503927 0.000374140788335353 0.000503357160778251 0.000823652226245031 0.000557702408696059 0.000473312842950691 0.000912631879327819 0.000580167822772637 0.000907777948305011 0.000357824018283281 0.000457704850123264 0.00057297936436953 0.000601384683977812 0.000469811714719981 0.000406540629046503 0.000446854394976981 0.000619913679838646 0.000425338468630798 0.00038707883504685 0.000290082147694193 0.000395360578841064 0.000442259064584505 0.000466223343391903 0.000283222959842533 0.000255197571823373 0.000275327241251944 0.000470994091301691 0.000372870777209755 0.000454865366918966 0.000293007201980799 6.35448817774886e-05 0.000432057623402216 0.000574232582584955 0.000341144164849538 0.000327503297012299 0.000466942015918903 0.000227940528566251
0.000379745171812829 0.000899367354577407 0.000582641355867963 0.000403159960114863 0.000527623902598862 0.000450201374769676 0.000848892962676473 0.000483527993492316 0.000555321986030322 0.00074855659622699 0.000365861534373835 0.000670987696503289 0.000453944655600935 0.00038112538313726 0.00038637837569695 0.000616324043949135 0.000498613576928619 0.000858571848948486 0.000565238352282904 0.000293405001866631 0.000440019852248952 0.000752364541403949 0.000494840582541656 0.000916615498135798 0.000711126514943317 0.000665196543559432 0.000485411701083649 0.000414121098583564 0.00047944420366548 0.000649152704863809 0.000516426107787993 0.000445319812570233 0.000366456952178851 0.000373182148905471 0.000326207313628402 0.000354575863457285 0.000223752933379728 0.000322024882916594 0.000243198774114717 0.000210399487696122 0.000227309717593016 0.000336441364197526 0.000265094928181497 0.000363576950621791 0.000226718668272952 0.000234460042702267
0.00315813499037176 0.00136426380486228 0.000449912184558343 0.000768183456966654 0.000478154883603565 0.000576910184463486 0.000662875987472944 0.000328953129064757 0.000353468101820908 0.000837241660337895 0.000627836535568349 0.000531365189817734 0.000871640478726476 0.000666359254682902 0.000700762907217722 0.000850887395790778 0.000761831388808787 0.000558540166821331 0.00118180318095256 0.000521691789617762 0.000625578401377425 0.000628223631065339 0.000971609572297893 0.000941695316578262 0.00064112093532458 0.000861086539225653 0.000809408503118902 0.000403825941612013 0.000536627607652917 0.000379289577540476 0.000293353302549804 0.00029117059748387 0.000449300432228483 0.000460276007652283 0.000291811979695922 0.000387083363602869 0.000335880623606499 0.000348911563924048 0.000510287878569216 0.000326240339927608 0.000436330231605098 0.000272916605172213 0.000369787728413939 0.000227831619122298 0.000264774575043702 0.000308045087876962
0.000812381328432821 0.00072701578901615 0.000410425728478003 0.000401243037777022 0.000655554255354218 0.000622924105846323 0.00111265646410175 0.000421463411475997 0.0003480530824163 0.00087405075901188 0.000820054160431027 0.000834794359980151 0.000623358426673803 0.000536976126022637 0.000492953340290114 0.000806457310682163 0.000997992078191601 0.000955379384686239 0.00103117516264319 0.000684694501978811 0.000198251553229056 0.000561549041594844 0.000478133286378579 0.000596236666024197 0.000553985642909538 0.000754324006265961 0.0011560117447516 0.000772395243984647 0.000400012801401317 0.000404848682228476 0.000389103619090747 0.000513511686585844 0.000413809144811239 0.000606622232589871 0.000270714789803606 0.000484218013298232 0.000286951981252059 0.000419236494053621 0.000552428596711252 0.000389225241087843 0.000463241715624463 0.000404147556400858 0.000266988144721836 0.000331974012078717 0.00030617196825915 0.000241702832863666
0.000884755462175235 0.00069476755161304 0.000611665108590387 0.000818641736987047 0.00166180591331795 0.000591705447004642 0.000759490954806097 0.00040966941305669 0.000491050243726931 0.000811645481735468 0.000980694845202379 0.0010207512328634 0.000807514027110301 0.00056807474757079 0.00058847615000559 0.000418937845824985 0.0010270991071593 0.000695788749726489 0.000467897337512113 0.000552969583077356 0.000979421698139049 0.000474048814794514 0.00233767565805465 0.0011305187450489 0.000817077807732858 0.000482121734239627 0.000698904498131014 0.000501305778743699 0.000878856921917759 0.000557451987697277 0.000292441132478416 0.000669476589246187 0.000711767165921629 0.000664276025781874 0.000687013496644795 0.000341220802511089 0.000378869540872984 0.000472847184573766 0.00041924285251298 0.000487265565607231 0.000817341246875003 0.000414324330631644 0.000451591316959821 0.000350897849421017 0.000447296774655115 0.000466271619370673
0.000768001910182647 0.0011291405709926 0.000669044462847523 0.000915866802097298 0.000612058897968382 0.000915834825718775 0.000803904430358671 0.000743345788214356 0.000656159338541329 0.000996078236494213 0.000717951837577857 0.000448476230667438 0.0010875223291805 0.000446294868015684 0.000491560489172116 0.000456808760645799 0.000854654831346124 0.000841217473498546 0.000614499396760948 0.000373050574125955 0.000194970802840544 0.000732396938838065 0.000919745795545168 0.000133586488300352 0.000588079981389456 0.000451095410971902 0.00087308645597659 0.000716502014256548 0.000720834825187922 0.00073479788552504 0.000506136192416307 0.000520059105474502 0.000643520713492762 0.000637391164491419 0.000533296639332548 0.0004611138952896 0.000573263395926915 0.00050108382711187 0.000486863707192242 0.000604637217475101 0.000733102767844684 0.000455407681874931 0.000668335767113604 0.000730867241509259 0.000419602653710172 0.000337547695380636
0.00368196596391499 0.00436512222513556 0.00313593782484531 0.00256883284309879 0.00193926518550143 0.00647464115172625 0.000817347544943914 0.000984399297158234 0.000859774381387979 0.000993350122007541 0.00073663750954438 0.000505169991811272 0.000964687869418412 0.000838677628780715 0.000774646372883581 0.000574884648085572 0.000655541644664481 0.000621114383102395 0.000699827002245001 0.000626868617837317 0.000124393795704236 0.000301385742204729 0.000237609074974898 0.00106418621726334 0.000357038050424308 0.000436881236964837 0.000448191397299524 0.000889226578874514 0.000706520932726562 0.000857873528730124 0.000470331670658197 0.000384351635875646 0.000389272427128162 0.000774953258223832 0.000441704281547572 0.000414629143779166 0.000581544745364226 0.000692109795636497 0.00068705725716427 0.000359603917604545 0.000596232351381332 0.000484710259479471 0.000704820462851785 0.000638154111220501 0.000574802252231166 0.000329397401947062
0.00863473892677575 0.0224904772825539 0.00749394586309791 0.00329709643265232 0.00183532000519335 0.0068975652102381 0.00615323714446276 0.000588602060452104 0.000496131338877603 0.000342771870782599 0.000483947386965156 0.000874360991292633 0.000900287082185969 0.000874008750542998 0.000905414129374549 0.000659734115470201 0.000225586549640866 0.000552086535026319 0.000518520115292631 0.00103217926225625 0.000711610526195727 0.00049152087449329 7.75354596044053e-05 0.000581298812176101 0.00026180499990005 0.000746321948827244 0.000532027188455686 0.000758180921548046 0.00134788557188585 0.000607306668825913 0.000496287636633497 0.000646198642789386 0.000621202329057269 0.000609514230745845 0.00051414876797935 0.000905045494437218 0.000505539501318708 0.000626554770860821 0.000746412042644806 0.000535179048893042 0.000659984361846 0.000560406566364691 0.000712886537075974 0.000804662070004269 0.000450426120369229 0.000666112898034044
0.00252462602220476 0.0195190774276853 0.00125785394338891 0.000539878182462417 0.000452831815346144 0.0019042469735723 0.00121826024842449 0.00324105841573328 0.00241497576935217 0.000968420368735678 0.000421783028286882 0.000566051799978595 0.000658707765978761 0.000595040633925237 0.000853696779813617 0.000996118813054636 0.000608915809425525 0.000581710721598938 0.000796929295756854 0.000926376599818468 0.000972279414418153 0.000971976306755096 0.000922567708767019 8.80123137903865e-05 2.80505612863635e-05 0.000767043646192178 0.000586901229689829 0.000348318062606268 0.000569580608862452 0.000972894646110944 0.000409770580881741 0.000505724053073209 0.000612071904470213 0.000443071470363066 0.0003637149638962 0.000865462387446314 0.000523959980637301 0.000836498182616197 0.0012792310473742 0.00256669521331787 0.00209725723834708 0.0015024300897494 0.00136462887749076 0.00296305435476825 0.00409271984826773 0.003773412713781
0.00721297836862504 0.00148904918460175 0.000964285142254084 0.000528910948196426 0.00113336025970057 0.000549436712753959 0.000981372356181964 0.00182038220809773 0.00736905427183956 0.0399409865029156 0.00205004834569991 0.00153182831127197 0.00105974785983562 0.00113516405108385 0.000908085244009271 0.000836502391030081 0.00073956424894277 0.000654207280604169 0.000851267573307268 0.000934600477921776 0.000480938531109132 0.000603354958002456 0.000743164627056103 0.000535219638550188 0.000872275434085168 0.000780094746733084 0.00124394784215838 0.00140571278170682 0.000794541867799126 0.000679200011654757 0.000695241938228719 0.000908837196766399 0.000564860262966249 0.00035626541939564 0.00135202672681771 0.00100555923418142 0.00194034471642226 0.0117385752499104 0.0175207994878292 0.039273632876575 0.0596496865153313 0.0393738655373454 0.0475193325430155 0.0319098526611924 0.0487960983067751 0.0446169136092067
0.00187385496683419 0.00594910418149084 0.00193304455606267 0.0020831392146647 0.00431143457535654 0.0017810380726587 0.00136901883524843 0.000970623487955891 0.00083909472450614 0.00152057005907409 0.00177839240641333 0.00211994021665305 0.00442879009060562 0.00563710359856486 0.000889522061333992 0.00131203956552781 0.000383147623506375 0.000579909085354302 0.00044542628020281 0.000462119455914944 0.00287257677991874 0.00110364331339952 0.00104561945190653 0.00188175212824717 0.00156933601829223 0.00471610515378416 0.00261550577124581 0.00113626352977008 0.000832858847570606 0.000699254201026633 0.00103070684999693 0.000911378243472427 0.000797402730677277 0.000479039606580045 0.000798155614756979 0.00143252880079672 0.00151275323005393 0.00409102155826986 0.00757604939863086 0.0107333246152848 0.0171770355664194 0.00782316559925675 0.00558814413379878 0.00691399059724063 0.0129431398585439 0.045909658074379
