Scripts_&_data/Maxent_result_files_1/Bombus_barbutellus_2.asc
NCOLS 594 
NROWS 330 
XLLCORNER -15 
YLLCORNER 23 
CELLSIZE 0.166666666666667 
NODATA_value -9999 
[rows 40 to 59 of 330, columns 230 to 275 of 594]
-9999 -9999 -9999 -9999 -9999 -9999 -9999 -9999 -9999 -9999 -9999 -9999 -9999 -9999 -9999 -9999 -9999 -9999 -9999 -9999 -9999 -9999 -9999 -9999 -9999 -9999 -9999 -9999 -9999 -9999 -9999 -9999 -9999 -9999 -9999 -9999 -9999 -9999 -9999 -9999 -9999 -9999 -9999 -9999 -9999 -9999
-9999 -9999 -9999 -9999 -9999 -9999 -9999 -9999 -9999 -9999 -9999 -9999 -9999 0.28081776201725 0.212123191356659 0.411035472154617 -9999 -9999 -9999 -9999 -9999 -9999 -9999 -9999 -9999 0.301886661350727 -9999 -9999 -9999 -9999 -9999 -9999 -9999 -9999 -9999 -9999 -9999 -9999 -9999 -9999 -9999 -9999 -9999 -9999 -9999 -9999
-9999 -9999 -9999 -9999 -9999 -9999 -9999 -9999 0.282395385205746 0.27485133856535 -9999 -9999 0.362849327921867 0.308090972900391 0.280185590684414 -9999 -9999 -9999 -9999 0.346245774626732 -9999 -9999 -9999 -9999 0.21094928458333 0.116537942737341 0.0902179446071386 0.0891208210960031 0.317584130167961 0.124201532639563 0.273579970002174 -9999 -9999 -9999 -9999 -9999 -9999 -9999 -9999 -9999 -9999 -9999 -9999 -9999 -9999 -9999
-9999 -9999 -9999 -9999 -9999 -9999 0.276814414933324 0.251197174191475 0.126929651945829 0.337770092487335 0.122711510211229 0.104096925631166 0.114596587046981 0.206887850165367 -9999 -9999 -9999 0.808517670631409 0.323026603460312 0.885338300466537 -9999 -9999 -9999 0.16027697250247 0.110742001235485 0.0853389041498303 0.107734882086515 0.159358816593885 0.184084544703364 -9999 -9999 -9999 0.160437410324812 0.0634788481518626 0.104968427121639 0.233995160460472 -9999 -9999 -9999 -9999 -9999 -9999 -9999 -9999 -9999 -9999
0.269465347379446 -9999 0.14432158600539 0.245441267639399 -9999 0.277061741054058 0.147792703658342 0.145718007534742 0.0993795573711395 0.0738708894699812 0.0948982819914818 0.179979529231787 -9999 -9999 -9999 0.120156870025676 0.068765358440578 0.0720066664740443 0.0629463916644454 0.0702325417194515 -9999 -9999 0.0532481863163412 0.0722125362604857 0.055345612578094 0.146398888528347 0.0812300555408001 0.0999759037047625 0.704251670837402 -9999 -9999 0.0720194187015295 0.0740833155810833 0.0674752002581954 0.0717691529542208 0.0979364505037665 0.101760254614055 0.0962159538641572 0.768282705545425 0.136160051822662 0.720972448587418 0.335611647367477 -9999 -9999 -9999 -9999
0.279371598362923 0.200125768780708 0.131291447207332 0.0757423918694258 0.0796865260228515 0.0987785737961531 0.0507817536592483 0.0439733382314444 0.0275695761665702 0.0306322999298573 0.0702389232988935 -9999 -9999 0.0373438978334889 0.0210805166047066 0.019139645807445 0.0263599012047052 0.0384108021855354 0.0419719770550728 0.0631073850818211 0.0781592743471265 0.0550733336247504 0.0419511528685689 0.0206223315559328 0.0222694659605622 0.0308552427217364 0.023274989798665 0.0412508702836931 0.00811456428200472 0.0117632756009698 0.0245587330311537 0.0273481181822717 0.242521540820599 0.0457677166908979 0.0396580882370472 0.0411347001791 0.0774502981454134 0.067996090836823 0.453702974319458 0.105545873567462 0.100121554732323 0.112780335173011 0.110963340848684 0.12180311717093 0.220375390350819 0.318541753292084
0.167020313441753 0.0846094623208046 0.0559557858854532 0.0350816057994962 0.0199803158640862 0.0163552949205041 0.0209277119487524 0.0273533580824733 0.0204536750912666 0.0338393705370891 -9999 -9999 0.0578294976614416 0.023914251010865 0.0412723896093667 0.0345480434596539 0.0367697202600539 0.0285693407058716 0.0297094061970711 0.0336563978344202 0.0250732100568712 0.0149101964198053 0.0103690702468157 0.00947126997634768 0.010541494237259 0.00915691931731999 0.00955419195815921 0.0080431975889951 0.00614810013066744 0.00959274787455797 0.00825604252167977 0.013395341578871 0.0198030044091865 0.0251578538736794 0.0125549448188394 0.0181624260731041 0.0348840782418847 0.0447791561484337 0.418001426756382 0.048833942040801 0.102201351895928 0.113515283539891 0.163603709638119 0.186712070484646 -9999 -9999
0.0598711032420397 0.0263789687305689 0.0225735364481807 0.0365177419036627 0.0148206197656691 0.0105633710511029 0.0272229686379433 0.0365059092640877 0.0333302187733352 0.0487195715308189 0.110893902927637 0.064892343711108 0.0404619698412716 0.0217918497044593 0.0193003820255399 0.0293864822015166 0.0418407659977674 0.0604732755571604 0.0353286234661937 0.0235410217195749 0.0170754974707961 0.0102845991495997 0.0090403557755053 0.00812111739069223 0.00651320400647819 0.00678825965151191 0.00653310152702033 0.00848153298720717 0.00501397406915203 0.00812278338707983 0.0075433845166117 0.017053550761193 0.0884755373001099 0.0309859435247972 0.0328023276488238 -9999 -9999 -9999 0.10137799680233 0.0978191981441341 -9999 -9999 -9999 -9999 -9999 -9999
0.0112830089368231 0.0103777213022113 0.00913947359658778 0.0100001006387174 0.0109521626494825 0.00648935912176967 0.0185366969089955 0.0188280975446105 0.0283265769481659 0.0205214193090796 0.00971850462956354 0.0131103238090873 0.0113963678479195 0.00495228061918169 0.0104755552485585 0.0583575151860714 0.0146090209949762 0.0119604128878564 0.00665726969018579 0.00534929081331939 0.00458423937670886 0.00311332230921835 0.00355481237056665 0.00450143821071833 0.00431330965366214 0.00524657894857228 0.00778940333984792 0.00696532768197358 0.00490225671092048 0.00605295500718057 0.00870731943286955 0.00846062549389899 0.00781625911477022 0.010927249584347 0.018356129154563 0.0207973196171224 0.0448908347636461 0.0555845199211035 -9999 -9999 -9999 -9999 -9999 -9999 -9999 -9999
0.00607635353226215 0.0071721498388797 0.00748616559430957 0.00547723534982651 0.00354549774201587 0.00302714164135978 0.00444598693866283 0.00899468478746712 0.00677852309308946 0.00446421813685447 0.00332738468423486 0.00227084878715687 0.000925078940053936 0.00242406171746552 0.00224176386836916 0.00202377195237204 0.00291073652915657 0.0031472448608838 0.00546928034164011 0.00375639873091131 0.00355753663461655 0.00256160560238641 0.00318062654696405 0.00374999339692295 0.0021609460003674 0.00379587772767991 0.00525374356657267 0.00677346093580127 0.00550351317506284 0.00441772859776393 0.00508223052602261 0.00638718027621508 0.00689448369666934 0.00546834982233122 0.00540409730747342 0.0100811858195812 0.0146666906774044 0.0242116475477815 0.0656232796609402 0.0517524514347315 0.0789721606299281 0.0634874351322651 0.122307934612036 0.0809606596827507 0.110638021305203 0.0617343192163389
0.00649003619328141 0.00365226489957422 0.00424574164208025 0.00540352410171181 0.00491882159840316 0.00266953015234321 0.00365165735129267 0.00307121274527162 0.00333160259760916 0.00367185967043042 0.00240838018944487 0.00301278525730595 0.00169024352508131 0.00161159317649435 0.00142914265670697 0.00198709963806323 0.00195912729250267 0.00419392657931894 0.00558895037975162 0.00427512754686177 0.00315309428842738 0.00360331909032539 0.00247195646807086 0.00218750748317689 0.00320945077110082 0.00326923769898713 0.00327407671138644 0.00174204342183657 0.00542393137002364 0.00302458703517914 0.00384637436363846 0.00453303303656867 0.00499589461833239 0.0116168123990064 0.0131129802204669 0.00816386830992997 0.00827350118197501 0.0123740404844284 0.0124883032403886 0.0137198058888316 0.0240716650150716 0.0192981917883913 0.0303801840171218 0.0247394443489611 0.0335904033854604 0.0608349017798901
0.00451284940354526 0.00234146931907162 0.00264228333253413 0.00354720789473504 0.00315340063534677 0.00192844143602997 0.00218481348711066 0.00242495691636577 0.00442726721521467 0.00205884325550869 0.00111199916227633 0.00198628004727652 0.00184939340688288 0.00164927404694026 0.00160379090903007 0.00227881401006016 0.00240095424815081 0.00263016390381381 0.00340828374028206 0.003146780107636 0.0023373048636131 0.00274075848283246 0.00269822216359898 0.00132918981835246 0.00433604223653674 0.00314425127580762 0.000560095966552865 0.000327581900251062 0.000349466732015458 0.00293611343831799 0.00134394594890637 0.013375372448354 0.00886219150163114 0.00607627443450838 0.00266547927749343 0.0108537751249969 0.0126685111783445 0.0296416811645031 0.0254991001449525 0.00791473555896403 0.00757924122293616 0.00314733194873043 0.0158621769398451 0.0180904580280185 0.0100929741980508 0.00210286517931308
0.00269076483382378 0.00191651287314016 0.00169748070038622 0.00203387235524133 0.00339843882247806 0.002599405660294 0.0013119233713951 0.00259934747591615 0.00185620671836659 0.00217706413241103 0.00209229087922722 0.00245021026348695 0.00209952318109572 0.0016258627481875 0.0027997540011711 0.00187878750148229 0.00294990880647674 0.00295406777877361 0.00258293193764985 0.00298444584477693 0.00429719564272091 0.00577192887431011 0.00375421658391133 0.00578310445416719 0.00261925610975595 0.00245310586575442 0.00205759326294981 0.00131479714062834 0.000763983981960337 0.00152092723983515 0.00180446407005093 0.00436345647867511 0.0156546358019114 0.0113810717113665 0.00553350665754522 0.0127086825108563 0.0128371450118721 0.0272487338632345 0.0115032438194185 0.00379613351542503 0.00349714810145088 0.0072553271195454 0.00758159053511918 0.0175349386408925 0.0146387275308371 0.0185688961297274
0.00190046737916418 0.00220762589160586 0.00213123057474149 0.0023819949128665 0.00286713191308081 0.00234714327380061 0.0025306525058113 0.00272497736150399 0.00267579209757969 0.00304698967374861 0.00293953841319308 0.00163741553660657 0.00183268383843824 0.00162440222629812 0.0021924160013441 0.00146312191500328 0.00283274053363129 0.00264053387800232 0.00285247291903943 0.00403029697481543 0.00419996392920439 0.00193867410125677 0.00997653510421515 0.00377313069984666 0.0034339285644819 0.000459888046776769 0.00207485991213616 0.00763100849580951 0.00520465313456953 0.00788882228080183 0.00274128923920216 0.0155812670476735 0.00657258260730487 0.00726896884170556 0.00715970333467339 0.00346088335909371 0.00736335221840818 0.00797963508521207 0.00544340410270623 0.0032281982828863 0.00542595339938998 0.00384226727037458 0.0064987917750841 0.00882292289752513 0.0132548489621968 0.0131516861729324
0.00183563672289893 0.00203242195566418 0.00370732260635123 0.00395901487208903 0.00316720139235258 0.00299603673629463 0.00245032123057172 0.00318106315098703 0.00293609889922664 0.00280917620984837 0.00292282041627914 0.00240264207823202 0.00265401701908559 0.00262555695371702 0.00180980269942665 0.00251577754388563 0.0040842795278877 0.00862416210584343 0.00390790622300301 0.00435111262850114 0.00310392379760742 0.017480607284233 0.00663015184607048 0.00578285150695592 0.00762015521759167 0.00393457675672835 0.0181813506409526 0.00103231947525302 0.0040692790877074 0.00194296146682973 0.00700329053298674 0.0107566600199789 0.01231619422324 0.0070880134779145 0.0106031931078178 0.0149255481082946 0.0170678556896746 0.00345844391267747 0.000975811858370434 0.00761732009548837 0.019598448346369 0.0101244431258237 0.0100902512684115 0.012536387698492 0.00520394302620844 0.0116528471931815
0.00219425816831063 0.0017399034491973 0.00315188872627914 0.00591429691994563 0.00288792084902525 0.00334690583404154 0.00337661928497255 0.00321583182085305 0.00473987846635282 0.00309907018672675 0.0028842510888353 0.00236020709271543 0.00309061619918793 0.00366902854875661 0.004016750655137 0.00726930010132492 0.00713054391089827 0.00941790277138352 0.0045598445343785 0.00176796821760945 0.00659175317268819 0.0118428701780147 0.0166722198016942 0.0139652469428256 0.0101738679944901 0.0640008059999673 0.0107774267507921 0.0145479476545006 0.0190152996219695 0.017447170522064 0.0140235954429954 0.00973038386814551 0.0162529831752181 0.00513177122047637 0.0149655714165419 0.0115778843930457 0.00692718350328513 0.0238691483624279 0.0164798887446523 0.0219825160689652 0.0241422997787595 0.0232676504994743 0.00702467502560467 0.0123204487084877 0.00606296819223475 0.0027004944276996
0.00229193780396599 0.00173499851953238 0.00303904046304524 0.00242218130733818 0.00270897611044347 0.00298482454381883 0.00251627772813663 0.00305920466780663 0.00307783557800576 0.0032932392321527 0.00246211907360703 0.00312018713448197 0.00241414234042168 0.00535817213822156 0.00442419240716845 0.00313518898510665 0.00362585273105651 0.00482873234432191 0.00468588324729353 0.00481361213605851 0.00512512675486505 0.00761250900104642 0.0109623742289841 0.0131001060362905 0.00957245816243812 0.00802230183035135 0.0041199131635949 0.00564627045823727 0.0121556357480586 0.00599904184928164 0.00962511654943228 0.00384098210751401 0.00388854810891672 0.00824265798437409 0.00337373419315554 0.00508013644102903 0.00306466154288501 0.0162506682798266 0.0228082606568933 0.0231769279576838 0.00676625177729875 0.01601400047075 0.0221377569250762 0.0228647832758725 0.0105091429315507 0.0214317877776921
0.00396335220430046 0.00331201083026826 0.00386969157261774 0.00434406436979771 0.00415115692885593 0.00484235568437725 0.0054046505712904 0.00435413446975872 0.0031044268165715 0.00288681914098561 0.00320231902878731 0.00405507069081068 0.0041051042964682 0.0048855620669201 0.00511581120081246 0.00261066458624555 0.00572446887381375 0.00748135272879154 0.00803564400412142 0.0111186716705561 0.00746692319517024 0.00563161386508 0.00375692354282364 0.00431386596465018 0.00432395565439947 0.00646963068284094 0.00660515413619578 0.00802057847613469 0.00171429938345682 0.0049177903943928 0.00786848629377346 0.00864207977283513 0.00763119976036251 0.0065204655053094 0.0172499362379313 0.0175709217786789 0.00216320200806877 0.0189598756260352 0.0267239445820451 0.0166992763057351 0.0337566316127777 0.0202957318164408 0.0231778357177973 0.0241218522191048 0.0282920965924859 0.0343296829145402
0.00789034136105329 0.00374174006283283 0.00530803943984211 0.00834729583002627 0.00840949438534153 0.00633892123587429 0.00804989938624203 0.00393535231705755 0.00456084595061839 0.00479254911188036 0.00564495965372771 0.00481977469753474 0.00371267000828084 0.00735575275029987 0.00696675821673125 0.0137627106858417 0.00596232836833224 0.00147177752987773 0.0106465708231553 0.00728197652497329 0.00706126114819199 0.0104081007651985 0.0097500545438379 0.00726681847008877 0.00799388685263693 0.00544705137144774 0.00713948998600245 0.00449850228615105 0.00831347904168069 0.00938547658734024 0.00975014199502766 0.0105889277998358 0.006529962769946 0.00798014415122452 0.0121472137048841 0.0129305982962251 0.0179253893904388 0.0216429525986314 0.0155630301684141 0.00635240686242469 0.0226551646366715 0.0216201120056212 0.00710649234242737 0.00557249823468737 0.0265243723988533 0.0174307357519865
0.010507339797914 0.00936864838004112 0.0105836970265955 0.0154058749787509 0.0105324923060834 0.0150077661499381 0.00440200616139919 0.0079671389888972 0.0135454954113811 0.00421578560490161 0.00814673868007958 0.0140062033664435 0.0103622870286927 0.0185251188813709 0.0166769046336412 0.00580625187139958 0.0024511558885095 0.000345632633958104 0.000347622418595073 9.33320019751771e-05 0.000145599040552025 0.00536765862057678 0.00483013375571772 0.000952124036180635 0.00028786429474934 0.00135700124810683 0.00321915882232133 0.00129746911943016 0.00102134810367716 0.0028951705565504 0.010235359123908 0.00378100945381448 0.0106258279643953 0.0117871987633407 0.00676114107482135 0.0191962258890271 0.0167835101950914 0.00641691908385837 0.00781719432561658 0.0137730582617223 0.0051852609438356 0.00434488714090548 0.00370212106499821 0.00992244738481531 0.00387245800811797 0.0128718793741427
