Scripts_&_data/Maxent_result_files_1/Bombus_ruderarius_2.asc
NCOLS 594 
NROWS 330 
XLLCORNER -15 
YLLCORNER 23 
CELLSIZE 0.166666666666667 
NODATA_value -9999 
[rows 273 to 293 of 330, columns 184 to 229 of 594]
-9999 -9999 -9999 -9999 -9999 -9999 -9999 -9999 -9999 -9999 -9999 -9999 -9999 -9999 -9999 -9999 -9999 -9999 -9999 -9999 -9999 -9999 -9999 -9999 -9999 -9999 -9999 -9999 0.000167041012537084 0.00199937885336112 0.00993318001274019 0.0010696724319132 0.000132959452821524 1.77060970145249e-05 4.01033610614832e-05 4.0448964045936e-05 0.000106701426739164 4.03390775318257e-05 3.33950887124956e-05 2.56462369634392e-05 2.32507990858721e-05 2.11879393191339e-05 1.69700233755066e-05 1.38477079644872e-05 2.16002144497907e-05 -9999
-9999 -9999 -9999 -9999 -9999 -9999 -9999 -9999 -9999 -9999 -9999 -9999 -9999 -9999 -9999 -9999 -9999 -9999 -9999 -9999 -9999 -9999 -9999 -9999 -9999 -9999 -9999 4.67092571852845e-05 0.000157165181735763 0.00102127730206121 4.0059822913463e-05 0.000122123776236549 3.16355883114738e-05 3.67848761015921e-05 2.95251298666699e-05 2.57679866535909e-05 2.07035270705092e-05 1.80762106992916e-05 1.88650506515842e-05 2.30864303830458e-05 1.88349439895319e-05 1.58698266659485e-05 1.31036133780071e-05 1.06705713506017e-05 9.07465973796207e-06 -9999
-9999 -9999 -9999 -9999 -9999 -9999 -9999 -9999 -9999 -9999 -9999 -9999 -9999 -9999 -9999 -9999 -9999 -9999 -9999 -9999 -9999 -9999 -9999 -9999 -9999 -9999 7.90671583445146e-05 1.55490433826344e-05 1.05764563159028e-05 1.75449175912945e-05 2.03116906504874e-05 7.86101288667851e-06 2.04888966891303e-05 1.84077217454615e-05 1.77637029537436e-05 1.62394895824036e-05 1.15150996407465e-05 1.02840131603443e-05 1.05706439853748e-05 1.43372796856056e-05 1.56435654389497e-05 1.31783210235881e-05 1.18469899007323e-05 1.07383074578138e-05 9.90913981695485e-06 9.63052967790645e-06
-9999 -9999 -9999 -9999 -9999 -9999 -9999 -9999 -9999 -9999 -9999 -9999 -9999 -9999 -9999 -9999 -9999 -9999 -9999 -9999 -9999 -9999 -9999 -9999 -9999 -9999 6.0403731254155e-06 1.75006844074233e-05 1.71475242268571e-05 1.13956016775774e-05 1.32166469484218e-05 1.21859977980421e-05 1.04781571963031e-05 9.18650039238855e-06 1.02553619626633e-05 9.02936000102272e-06 8.05287357934503e-06 7.32174389668216e-06 8.4163906080903e-06 1.0490194358681e-05 1.0442879886341e-05 9.9554799589896e-06 1.01599511936001e-05 9.87834924899289e-06 9.87460440455834e-06 1.02495921169066e-05
-9999 -9999 -9999 -9999 -9999 -9999 -9999 -9999 -9999 -9999 -9999 -9999 -9999 -9999 -9999 -9999 -9999 -9999 -9999 -9999 -9999 -9999 -9999 -9999 -9999 -9999 5.67578103982669e-06 1.3497625832315e-05 4.44096048113352e-06 5.80409488293299e-06 5.85487750868197e-06 6.54639375170518e-06 6.03856021257343e-06 5.42008306751995e-06 6.94315266400736e-06 7.52182354517572e-06 7.41941403248347e-06 7.69064009773501e-06 8.11654557537622e-06 8.10680193126245e-06 7.65061895435792e-06 7.34600962459808e-06 7.79768032543871e-06 9.04300641195732e-06 9.09848434957894e-06 9.24538122717422e-06
-9999 -9999 -9999 -9999 -9999 -9999 -9999 -9999 -9999 -9999 -9999 -9999 -9999 -9999 -9999 -9999 -9999 -9999 -9999 -9999 -9999 -9999 -9999 -9999 -9999 -9999 4.68189799107677e-06 4.2405615545249e-06 3.51764766719498e-06 4.03760178642187e-06 3.67025223795281e-06 3.86776277991885e-06 3.99474334358274e-06 3.83417557259236e-06 5.23513983807788e-06 5.73899418441215e-06 6.01897946808094e-06 6.12788754210669e-06 5.96348023691462e-06 6.83904142988467e-06 6.82047254940699e-06 6.88195038947015e-06 6.91723026875479e-06 7.17375618251026e-06 7.56578948539755e-06 7.50089611756266e-06
-9999 -9999 -9999 -9999 -9999 -9999 -9999 -9999 -9999 -9999 -9999 -9999 -9999 -9999 -9999 -9999 -9999 -9999 -9999 -9999 -9999 -9999 -9999 -9999 -9999 -9999 2.08547383863333e-05 3.33208437268695e-06 2.88811630184682e-06 3.00350738484667e-06 2.47561437163313e-06 2.36846152006365e-06 2.84869686026923e-06 3.39502168458239e-06 4.13126473972625e-06 4.5085986698723e-06 4.79046505006409e-06 4.96496575124183e-06 5.25092131056226e-06 5.25815542005148e-06 5.63812791369855e-06 5.55589859345673e-06 5.79029423874999e-06 6.01059922473723e-06 6.47458216462837e-06 6.25475624929095e-06
9.89236855275522e-06 1.09055144321246e-05 0.000273907877271995 -9999 -9999 -9999 -9999 -9999 -9999 -9999 -9999 -9999 -9999 -9999 -9999 -9999 -9999 -9999 -9999 -9999 -9999 -9999 -9999 -9999 -9999 -9999 -9999 3.06998799430858e-06 2.52092627022193e-06 2.45637825173617e-06 2.42297975034944e-06 2.1771937667836e-06 2.00412441699882e-06 2.86990546669585e-06 3.42517396632047e-06 3.89464014460827e-06 4.03485299784734e-06 4.132769277021e-06 4.28397239033984e-06 4.25221230102579e-06 4.53112128866451e-06 4.88281148705028e-06 4.70269062589068e-06 4.52528404935038e-06 4.97911794923311e-06 4.90775885850781e-06
9.34651416173438e-06 9.48030337895034e-06 1.03940610188147e-05 1.2589140919772e-05 1.6536827388336e-05 2.18051844285583e-05 1.20341830324833e-05 3.23746486174059e-05 3.40557877279934e-05 0.000114458778261906 -9999 -9999 -9999 -9999 -9999 -9999 -9999 -9999 -9999 -9999 -9999 -9999 -9999 -9999 -9999 -9999 -9999 3.37893888513463e-06 3.77814005787513e-06 2.29494686720955e-06 2.08105124386293e-06 1.91477011242114e-06 1.82354420275033e-06 2.3644483036378e-06 2.87966391567807e-06 3.29739767437331e-06 3.22622222483915e-06 3.21270504173299e-06 3.47765617902951e-06 4.37045322883023e-06 6.41226750985879e-06 3.51306950392427e-06 5.40255850864924e-06 5.10820456725014e-06 3.93568119534393e-06 3.86192838846e-06
1.00985693961775e-05 9.71940808085492e-06 1.07343090121503e-05 1.1271587459305e-05 1.16819699314874e-05 1.21382461657049e-05 1.30110615373269e-05 1.33773157813266e-05 1.3441478176901e-05 1.30516444642126e-05 1.27529297515139e-05 1.30440042994451e-05 7.68210185924545e-05 -9999 -9999 -9999 -9999 -9999 -9999 -9999 -9999 -9999 -9999 -9999 -9999 -9999 -9999 2.13585908852565e-06 2.49927690845198e-06 2.23614727872246e-06 1.98003796185731e-06 1.53456613247727e-06 1.68573726853083e-06 2.12233804859352e-06 2.60794184612223e-06 2.85424524122391e-06 2.68597743797727e-06 2.70393910284383e-06 5.06251467982111e-06 4.11638357604716e-06 7.46686415595832e-06 4.41280345171435e-06 5.77528585381515e-06 4.22288283630223e-06 4.31934005860057e-06 5.24897368450183e-06
1.02902860817267e-05 1.16348911433306e-05 1.1587238714128e-05 1.08046467403256e-05 1.09622815671173e-05 1.16133181109035e-05 1.2823647375626e-05 1.34299440105679e-05 1.43464083976141e-05 1.50772995311854e-05 1.54839620790881e-05 1.35186552370214e-05 1.32760482074445e-05 3.0318661038109e-05 1.15051651619069e-05 -9999 -9999 -9999 -9999 -9999 -9999 -9999 -9999 -9999 -9999 -9999 2.24020525081414e-06 2.81624560329874e-06 2.38523519158207e-06 1.85429287427041e-06 1.41398359119194e-06 1.3415692492913e-06 1.37559593440528e-06 1.84341184876757e-06 2.30425841323267e-06 2.27354117896539e-06 2.06198924672663e-06 2.22500529503122e-06 4.53938462783299e-06 5.65999737887069e-06 4.98657200296293e-06 4.86069815224255e-06 5.87355999641659e-06 3.09282692683155e-06 4.12768686146592e-06 3.95632878280594e-06
1.00403974329311e-05 1.12654205167928e-05 1.15673416075879e-05 1.19123714966918e-05 1.20662184372122e-05 1.14275498162897e-05 1.3301670128385e-05 1.37009950549327e-05 1.42601045581614e-05 1.59295354478672e-05 1.66611751865275e-05 1.55350167915458e-05 1.4087191220824e-05 1.27781774608593e-05 1.17102850936135e-05 1.08998108089509e-05 8.10591325716814e-05 -9999 -9999 -9999 -9999 -9999 -9999 -9999 -9999 1.20489607752461e-05 1.65248475099133e-06 2.12124597567254e-06 1.95582636024483e-06 1.58154239926489e-06 1.34460186842489e-06 1.20908774192685e-06 1.25099319490118e-06 1.57924796013731e-06 1.91554101718339e-06 1.6629796050438e-06 1.75871071945721e-06 1.9362343323337e-06 2.70678088725163e-06 4.54496101269797e-06 2.9403274197648e-06 3.98502440930315e-06 4.38067144159504e-06 3.23042464742684e-06 5.38410463377659e-06 3.64983835652311e-06
1.07944025330653e-05 1.12848925937215e-05 1.10471539755963e-05 1.17298152872536e-05 1.3641850773638e-05 1.39551125812432e-05 1.45765067145476e-05 1.53883760049212e-05 1.16806312917106e-05 1.28492808926239e-05 1.60734223300096e-05 1.52461529751235e-05 1.49592459138148e-05 1.40677257604693e-05 1.25222631822908e-05 9.3756064416084e-06 8.98295760407564e-06 2.88471934709378e-05 -9999 -9999 -9999 -9999 -9999 -9999 2.70595981817223e-06 2.04213025369882e-06 2.10793297412692e-06 1.75614101181054e-06 1.44605759118122e-06 1.31920959347553e-06 1.21450245700316e-06 1.09060726742882e-06 1.12065539354944e-06 1.43797792304667e-06 1.62522739515225e-06 1.57913674030397e-06 1.66392089084866e-06 1.84509222265206e-06 2.14515444270091e-06 2.26472326119165e-06 2.46760286302106e-06 2.56450659890106e-06 4.53657991101863e-06 2.74725973667955e-06 2.95492972668399e-06 3.24615406270823e-06
9.33572637222824e-06 1.07280415704736e-05 1.15320811119091e-05 1.09919645410628e-05 1.50809215028858e-05 1.41321838327713e-05 1.45908621107083e-05 1.54415081851766e-05 1.41066248943389e-05 1.49734139995417e-05 1.46295518561601e-05 1.47283979231361e-05 1.52588400851528e-05 1.4709039896843e-05 1.37429839014658e-05 1.25876884567333e-05 9.93282733361411e-06 8.43100254996898e-06 5.99231457272253e-06 1.09480409037133e-05 4.39564736552711e-05 3.26265588228125e-05 3.44817809718734e-06 1.21751965451722e-06 2.22058479266707e-06 1.96907257645762e-06 1.67710451819403e-06 1.3997091997453e-06 1.28544984789869e-06 1.27859496359406e-06 1.18853488260129e-06 9.38196383515333e-07 1.13783956408042e-06 1.36991757528904e-06 1.49879845565692e-06 1.56239913593481e-06 1.74448418306383e-06 1.8280269813431e-06 2.04723816636943e-06 2.19863574102419e-06 2.32271736990697e-06 2.57560966758774e-06 2.74125261512381e-06 3.04809397562167e-06 3.11774221586347e-06 3.23232130199358e-06
8.34506140563462e-06 1.6230567052844e-05 1.21780662993842e-05 1.18251003414116e-05 1.36283030769846e-05 1.67404624335177e-05 1.69708720477502e-05 1.47579759413929e-05 1.55156127220835e-05 1.56262281961972e-05 1.6051590000643e-05 1.68031474913732e-05 1.55674798406835e-05 1.47205615348867e-05 1.52773727222666e-05 1.53115322746089e-05 1.30479394101712e-05 9.51423764945503e-06 7.20190691936296e-06 5.15872401365414e-06 3.31528684114346e-06 3.20090188097311e-06 2.86894720318287e-06 2.31575266127493e-06 2.26042995734588e-06 1.6826377873258e-06 1.49752763434208e-06 1.35180882239183e-06 1.28909766630159e-06 1.2293012176201e-06 1.10750071087296e-06 9.71898859347675e-07 1.14208176853481e-06 1.31612205791498e-06 1.52533287831602e-06 1.63170629718934e-06 1.86195474896067e-06 1.98485327018716e-06 2.10666569842033e-06 2.23276064730271e-06 2.40274915768168e-06 2.45256876496569e-06 2.65500832483667e-06 2.83004860648362e-06 2.87086274965986e-06 3.06871326642977e-06
6.2790015704195e-06 1.14890362738151e-05 1.77314177562948e-05 1.39880375172652e-05 1.42949611017684e-05 1.76035347521974e-05 1.74061389770941e-05 1.48413836541295e-05 1.57919067987677e-05 1.62110615292477e-05 1.70813679233106e-05 1.78722695636679e-05 1.56780686211277e-05 1.65815755735821e-05 1.68482348726684e-05 1.73166318745643e-05 1.52409352267568e-05 1.08217584056547e-05 7.92432257412656e-06 6.36373123370504e-06 4.76817351682257e-06 3.64957954843703e-06 2.81011170386591e-06 2.00657973437046e-06 1.6931492865524e-06 1.60663279302753e-06 1.48495887088984e-06 1.3618377110447e-06 1.29380134552548e-06 1.2083518058148e-06 1.02547958960031e-06 1.00669948039922e-06 1.1741543687549e-06 1.20559760148353e-06 1.22433313407555e-06 1.52425053840943e-06 1.77101875635799e-06 2.10214687399457e-06 2.06107831104418e-06 2.13950837064658e-06 2.22225907009488e-06 2.24650751192712e-06 2.36354403568839e-06 2.12791618992014e-06 2.15704401966832e-06 2.44025047777541e-06
7.32119697204325e-06 8.28330280455702e-06 1.53101189880545e-05 2.00789771497512e-05 1.84863205959118e-05 1.79304505763866e-05 1.86172768280812e-05 1.71484473867167e-05 1.69290278790868e-05 1.72379691775859e-05 1.64524347837869e-05 2.00954780211759e-05 2.0042032474521e-05 1.91384746813128e-05 1.7679492066236e-05 1.79510946964001e-05 1.70656001500902e-05 1.31820746446465e-05 9.22250701478333e-06 7.07975834757235e-06 5.5077373531276e-06 4.69283656912012e-06 3.77653294663105e-06 2.4724270929255e-06 1.47852806549054e-06 1.48595404141361e-06 1.52054568047788e-06 1.36078048456056e-06 1.21952165699213e-06 1.1137997574906e-06 1.12565020486954e-06 1.09649450195093e-06 1.09679925515138e-06 1.10504530823619e-06 1.25740469343327e-06 1.46068985031889e-06 1.71284101782021e-06 1.96350081296259e-06 1.95987728943692e-06 1.99053937990357e-06 2.0364629051528e-06 2.25376994080762e-06 2.3229068517594e-06 2.0652310524838e-06 2.22049998797047e-06 2.26360861574904e-06
8.85913145793893e-06 8.92331104296318e-06 1.05091673958668e-05 2.30217549869849e-05 2.42059270021855e-05 2.05862228995102e-05 2.38648849517631e-05 2.3104663068807e-05 2.01295777515043e-05 1.19727619221521e-05 1.22974553733002e-05 1.49630629493913e-05 2.25505273647286e-05 2.01905500034627e-05 1.85355458143022e-05 1.94062167793163e-05 1.61545712217048e-05 1.08067215705887e-05 1.03543671457373e-05 8.23178530708901e-06 7.54812341483557e-06 5.5403131455023e-06 4.23316566866561e-06 3.70689440956085e-06 2.74185610464883e-06 1.9644555436571e-06 1.57469163752921e-06 1.40108586208498e-06 1.33902340735403e-06 1.30738432062572e-06 1.24979541737957e-06 1.17251824036657e-06 1.16279322384116e-06 1.3528363496107e-06 1.49701522786927e-06 1.58979217985689e-06 1.70665084908705e-06 1.77911247760676e-06 1.95082025129523e-06 2.1548795984927e-06 2.40247987335351e-06 2.56330764045742e-06 2.65252701296959e-06 2.31766152865021e-06 2.18347011013975e-06 1.92855005138881e-06
8.69710127062717e-06 9.040536019711e-06 1.00964105058665e-05 2.31135964895657e-05 2.57542185863713e-05 2.38653526139387e-05 2.72847633823403e-05 2.11540625969064e-05 2.03657895781362e-05 1.41587860980508e-05 9.64149437550077e-06 9.43752279454202e-06 1.4900593623679e-05 2.12146956528159e-05 1.63755346875405e-05 1.53179893004562e-05 1.26537364621981e-05 9.6432662985535e-06 8.34528980249161e-06 7.40847345923612e-06 6.00191052626542e-06 5.18736246704066e-06 4.83062710827653e-06 4.46466796120149e-06 3.66060652368105e-06 2.80881728826898e-06 2.03677341232833e-06 1.65964412701669e-06 1.57102641082929e-06 1.46327033689886e-06 1.32286854181984e-06 1.38348209475225e-06 1.48165023290403e-06 1.63833061606056e-06 1.83665205213401e-06 1.95955835238237e-06 1.94263512298676e-06 2.15901326328094e-06 2.45389614974556e-06 2.63208535216108e-06 2.55643702189445e-06 2.49756970447379e-06 2.40666976196735e-06 2.02410983547452e-06 1.96675936763313e-06 1.64834953864101e-06
8.62293395584857e-06 1.11236562588601e-05 1.28927448258764e-05 1.53634323851293e-05 2.00657560526452e-05 2.16186214856862e-05 2.14399572541879e-05 1.66157879448292e-05 1.29658044897951e-05 1.10138650370573e-05 9.1003603529316e-06 8.22246072402777e-06 1.09270005850703e-05 1.51183482103079e-05 1.46632328778651e-05 1.5416313908645e-05 1.25767474401073e-05 9.44826388149522e-06 6.45491264776865e-06 4.8428750005769e-06 3.47593493188469e-06 2.75307277775028e-06 3.15821200160826e-06 4.2341142375335e-06 4.47406752073221e-06 3.87984454732759e-06 2.08453054995061e-06 2.10237773217159e-06 1.78248095892286e-06 1.55884050343502e-06 1.60925274599322e-06 1.70550344762432e-06 1.7518787217341e-06 1.93606838934102e-06 2.12873824807502e-06 2.21540714164803e-06 2.32048159887199e-06 2.35611464631802e-06 2.71542986638451e-06 2.88774614318754e-06 2.98213537917036e-06 2.87095039084306e-06 2.62361364207209e-06 2.2690347407206e-06 2.03760587282886e-06 1.61451549729463e-06
1.41931612233748e-05 1.04572083728272e-05 9.06538016351988e-06 9.5301714281959e-06 1.17559844511561e-05 1.35151261474675e-05 1.32489567931771e-05 1.25009694784239e-05 1.10855184175307e-05 1.21255164685863e-05 1.01995205568528e-05 7.34417451440095e-06 1.01886761740388e-05 1.6203459836106e-05 1.53970830069738e-05 1.53594293806236e-05 1.21561807645776e-05 8.53722499414289e-06 5.36514713758152e-06 4.34601322467643e-06 3.88413261589449e-06 3.72509508679286e-06 3.97514691030665e-06 4.05514643944116e-06 3.35041459607055e-06 2.97064785854673e-06 1.8294432464927e-06 1.95412738719369e-06 2.11113940622454e-06 2.09015428254133e-06 2.04707086481903e-06 2.11852871530027e-06 2.22051060632111e-06 2.251676414744e-06 2.22368773847847e-06 2.59854772366452e-06 2.54769031471369e-06 2.71768434458863e-06 2.75818232466918e-06 2.87642990315362e-06 2.91905657832103e-06 2.91862478434268e-06 2.51957107479939e-06 2.45950593580346e-06 2.43831920556659e-06 1.96668679564027e-06
