Scripts_&_data/Maxent_result_files_1/Bombus_vestalis_2.asc
NCOLS 594 
NROWS 330 
XLLCORNER -15 
YLLCORNER 23 
CELLSIZE 0.166666666666667 
NODATA_value -9999 
[rows 300 to 319 of 330, columns 0 to 45 of 594]
-9999 -9999 -9999 -9999 -9999 -9999 -9999 -9999 -9999 -9999 -9999 -9999 0.00126124154485296 3.97034994193746e-05 3.89916267977242e-05 3.53873860376552e-05 0.000223097538764705 4.84699572098179e-05 4.82605105844414e-05 5.14514033966407e-05 4.89286418542179e-05 4.13463837503514e-05 4.81041063267185e-05 3.5749571497945e-05 4.06917820782837e-05 0.000144370931411686 0.000257044937461615 0.00021482357824425 0.000128048185797525 8.1264843174722e-05 5.47296680906584e-05 3.49223656485265e-05 2.71618702527121e-05 2.36393314935413e-05 1.7864476660634e-05 1.49400785744547e-05 1.27477064040704e-05 1.02256596449024e-05 8.13588602568416e-06 6.51154514343943e-06 5.12806779511266e-06 4.27465889032419e-06 3.45672684289866e-06 3.16012927257248e-06 2.78136496874026e-06 2.42860598405059e-06
-9999 -9999 -9999 -9999 -9999 -9999 -9999 -9999 -9999 -9999 -9999 -9999 3.27997952808801e-05 2.73871830131611e-05 3.15885559075468e-05 3.57914072083076e-05 4.31567640589492e-05 4.81625297197752e-05 5.40775858098641e-05 5.52780830730626e-05 4.29835846716742e-05 3.47643767327099e-05 2.8562783131747e-05 3.37074102617407e-05 7.02638724760618e-05 0.000162486064982659 0.000238729097691248 0.000174597865952819 0.000122761255443038 7.60252606596623e-05 4.46034214292013e-05 3.25209560742223e-05 2.45249636009248e-05 1.90512652579855e-05 1.54919576971224e-05 1.29600566651789e-05 1.1200047578086e-05 9.43811178331089e-06 7.03224778249023e-06 5.25008149026007e-06 8.81389730977844e-06 7.97087481743119e-06 2.83405827019578e-06 2.70078075601532e-06 2.62309494161173e-06 2.51167760367821e-06
-9999 -9999 -9999 -9999 -9999 -9999 -9999 -9999 -9999 -9999 -9999 3.29909201354894e-05 3.51284842054156e-05 3.59910443194167e-05 3.62972338962209e-05 4.04608696499054e-05 4.59002651496121e-05 4.65200801954779e-05 5.28776477040083e-05 4.83835020531842e-05 4.196704117021e-05 3.06959118915984e-05 3.25836876299945e-05 5.6301588392671e-05 0.000120419947961636 0.000174364371741831 0.000158058581837395 0.000118014223426144 8.1210601820203e-05 5.4087832404548e-05 3.39742334517723e-05 2.45221330487766e-05 2.01045744574913e-05 1.67068230439327e-05 1.36183649772192e-05 1.12503982961698e-05 9.76633726850196e-06 7.95016801760084e-06 5.86908188040525e-06 4.63911719350563e-06 3.87064656308667e-06 2.8425756184447e-06 2.70106156747829e-06 2.89033725806576e-06 6.42388841498587e-06 5.48200470547044e-06
-9999 -9999 -9999 -9999 -9999 -9999 -9999 -9999 -9999 -9999 0.000624507892644033 3.14550746679743e-05 3.50235236965091e-05 3.25788119653225e-05 3.41743053695609e-05 3.55398051851807e-05 3.85760100016341e-05 4.16365512592165e-05 4.17694968746218e-05 4.27062224389374e-05 4.1842526934488e-05 2.90891015538364e-05 2.99452865192507e-05 6.66262939375883e-05 0.00011049526538045 0.000151113044103113 9.99799995042849e-05 9.4111736780178e-05 6.32198536550277e-05 3.79541037546005e-05 2.50190776910131e-05 1.99251178969462e-05 1.71605161654043e-05 1.38176225448206e-05 1.11569117450472e-05 8.95921727419591e-06 8.17940029662623e-06 6.85777488627082e-06 5.33106344704493e-06 4.37991082691269e-06 3.55164211853776e-06 2.93725649740395e-06 3.16171165479773e-06 3.08361324883322e-06 2.96691894448031e-06 2.7098707825246e-06
-9999 -9999 -9999 -9999 -9999 -9999 -9999 -9999 -9999 -9999 6.15999772435316e-05 3.30097802134333e-05 3.12029865881414e-05 2.96867904353348e-05 3.15046362629801e-05 3.44773153301503e-05 3.84147604108875e-05 4.29476016506669e-05 4.72578017706837e-05 4.50444366379088e-05 3.7601919939334e-05 2.57056502277919e-05 3.33852970015869e-05 7.42307694054034e-05 9.04176673429902e-05 8.29272754344856e-05 6.43959313947562e-05 5.07303691392735e-05 3.60260050456418e-05 2.83397748717107e-05 2.14351417071157e-05 1.75305001107517e-05 1.44096199676369e-05 1.20361340009367e-05 9.79921275074958e-06 7.73079657960807e-06 6.66877848516378e-06 5.67636083559364e-06 4.83311258250296e-06 4.03979565675172e-06 3.40220676875447e-06 3.18803795877898e-06 2.80292711565266e-06 2.63399261370978e-06 2.54325007205125e-06 2.28882182256029e-06
-9999 -9999 -9999 -9999 -9999 -9999 -9999 -9999 -9999 0.00118285801872844 7.71978664488415e-05 3.01367671909247e-05 2.9295371336957e-05 2.75596230721931e-05 2.9442999107232e-05 3.35917010033882e-05 3.80727362880862e-05 4.32260892466729e-05 3.91709114410332e-05 3.1462032188756e-05 2.66004483137294e-05 2.66532981299861e-05 4.08703228231388e-05 7.74875731167413e-05 8.05749873961759e-05 5.23509402000855e-05 2.84645563056074e-05 2.03372436828886e-05 1.95076842317121e-05 1.91353165007513e-05 1.24045128927719e-05 1.38557662694438e-05 1.23630415885145e-05 1.04179048037167e-05 8.59836105178147e-06 6.62512377402891e-06 5.58236327066197e-06 4.91971694884796e-06 4.42793767660987e-06 3.78183981126767e-06 3.05365840134186e-06 2.70641130626359e-06 2.18782277414675e-06 1.89417461129437e-06 2.01378601509816e-06 1.74320818899787e-06
-9999 -9999 -9999 -9999 -9999 -9999 -9999 -9999 -9999 2.80841590665659e-05 2.81813741139558e-05 2.83075723473303e-05 2.23690188704495e-05 2.16395968664074e-05 2.22618067937219e-05 2.51558576110256e-05 2.67936364480192e-05 2.2817671424491e-05 2.24619791993064e-05 2.37162245070977e-05 2.78429742252229e-05 3.42371189958612e-05 5.38455106152469e-05 7.41909099360782e-05 6.25846862021717e-05 4.12107401302819e-05 2.61059263380048e-05 1.70153897101954e-05 1.61210533065059e-05 1.37886700485979e-05 1.1087934174725e-05 1.28359850691595e-05 1.03896562848149e-05 7.33105375729792e-06 5.81816055529316e-06 4.79107175550553e-06 4.02802563428395e-06 3.6976674550715e-06 3.37502651177601e-06 3.39575321319785e-06 3.09634092801048e-06 2.04905439318281e-06 1.73885974277255e-06 1.4865559393229e-06 1.38630034669518e-06 1.45715157575665e-06
-9999 -9999 -9999 -9999 -9999 -9999 -9999 -9999 -9999 2.34577067089958e-05 2.82667027249772e-05 2.79277230220032e-05 2.62254650806426e-05 2.63722607087402e-05 2.33577402696028e-05 2.34677594107779e-05 2.77889701237655e-05 3.17674993311812e-05 3.43740859989339e-05 6.99612465496102e-05 3.97832974158518e-05 4.8130020741155e-05 6.08457295811604e-05 6.60509943145371e-05 5.04132174000915e-05 3.46488821605817e-05 2.13789915846974e-05 1.42741758168086e-05 1.08951276928337e-05 9.34491160080597e-06 1.19269125946175e-05 1.12447080141465e-05 8.61639827292038e-06 6.09474550969935e-06 5.00153935547587e-06 4.18433328519541e-06 3.60002195236575e-06 3.1677511834971e-06 3.03105314714003e-06 2.99640243426325e-06 2.71905121564942e-06 2.05389790011168e-06 1.78760746827322e-06 1.57548020389697e-06 1.36097658476331e-06 1.21666565053857e-06
-9999 -9999 -9999 -9999 -9999 -9999 -9999 0.000540842965710908 2.73034818292217e-05 2.33176509595978e-05 2.76780580861669e-05 2.50953980184931e-05 2.60655684769517e-05 2.5513347964079e-05 2.64711258978423e-05 2.77492310260641e-05 3.16099611836762e-05 4.98192462373481e-05 6.56517396691925e-05 5.183158964428e-05 5.75735123902632e-05 6.38720344795729e-05 6.64579419662914e-05 5.40571689498393e-05 3.74452808046044e-05 2.9562786983206e-05 1.95138762137503e-05 1.43800866794663e-05 1.05584054949759e-05 8.77971366151087e-06 8.97760847635709e-06 8.60037041547912e-06 7.2930373590907e-06 5.68998344192551e-06 4.77289548115323e-06 4.22666460764276e-06 3.80879372912091e-06 3.23063935425694e-06 2.92787694107233e-06 2.68886036707272e-06 2.54689405849717e-06 2.24073207917286e-06 2.24374866455435e-06 2.07478015923357e-06 1.76868835310984e-06 1.6172931307068e-06
-9999 -9999 -9999 -9999 -9999 0.000512983312364668 2.68284638877958e-05 2.71633434067553e-05 2.44694216803509e-05 2.20532393882422e-05 2.47986801241495e-05 2.25698199528779e-05 2.68265268687173e-05 2.52308590461325e-05 2.71787169367599e-05 2.94574682811799e-05 4.56750018656749e-05 6.64397545733664e-05 9.79161824034236e-05 8.10623017514445e-05 6.73045614121293e-05 6.61295312283983e-05 6.55630238952654e-05 5.06286464542427e-05 3.65083542419598e-05 2.89405793523656e-05 2.30884345455706e-05 1.79999747956572e-05 1.31619718388265e-05 1.07745575888885e-05 9.0702342191662e-06 7.67872072913178e-06 6.46187488655414e-06 5.83919195378257e-06 4.91642271072124e-06 4.23327389285078e-06 4.05751441974189e-06 3.70706103609564e-06 3.31227159833247e-06 2.87022715568241e-06 2.68356739780984e-06 2.58761538489694e-06 2.46003944823769e-06 2.08388240778845e-06 1.68127676154484e-06 1.5352965155202e-06
-9999 -9999 -9999 -9999 2.83900802060089e-05 2.34048151696697e-05 2.23462823441878e-05 2.27714693210146e-05 2.09302622124596e-05 2.08292118486497e-05 2.29795109930819e-05 2.3028668920233e-05 2.65780199924848e-05 2.65964198433721e-05 2.75975685099183e-05 4.03252070782401e-05 6.16972131638249e-05 8.79529975009064e-05 0.000119192328111239 9.85131245670345e-05 6.90060277975135e-05 6.18357069015474e-05 5.00781181017373e-05 4.62038203977499e-05 3.7624538970249e-05 2.83160488947942e-05 2.1376821598551e-05 1.70465525741292e-05 1.28059527696678e-05 1.07336554037829e-05 8.28619962760513e-06 6.65183063688346e-06 5.27127420042461e-06 4.65420233126679e-06 4.30787658984855e-06 3.61996577993295e-06 3.43763454040413e-06 3.10207081781755e-06 2.80985443410486e-06 2.68754761236778e-06 2.56730985910281e-06 2.51429682265325e-06 2.4374677934702e-06 2.13966150148792e-06 1.77909647476326e-06 1.59448806034135e-06
-9999 -9999 -9999 2.6084762271239e-05 2.37081257637328e-05 2.14335198620574e-05 1.981483843565e-05 2.04712215122527e-05 1.87197303034736e-05 2.02921134473399e-05 2.17305247474542e-05 2.41425515923765e-05 2.57999038922208e-05 2.71799198117151e-05 3.61310625294209e-05 5.45906192883194e-05 7.98543267592322e-05 0.00010591489590297 0.000103803750016596 8.60119328535802e-05 5.86662082241674e-05 5.55856293885881e-05 4.96163206662459e-05 3.73101829268307e-05 3.13644423272308e-05 2.19924829366391e-05 1.74707257656337e-05 1.35478590436833e-05 1.02779878005776e-05 7.98701568101024e-06 6.28298323874787e-06 5.25251207079691e-06 4.4328789030601e-06 3.83275342556999e-06 3.42004494555681e-06 3.04066720957508e-06 2.78975411518445e-06 2.82017455859318e-06 2.57546756472493e-06 2.29798148367877e-06 2.39533462860209e-06 2.38795108415957e-06 2.42115969655288e-06 2.1674454750098e-06 1.91746367335099e-06 1.77441086677277e-06
-9999 -9999 -9999 2.40096797028855e-05 2.35481995446207e-05 2.31379441288482e-05 2.28157559263309e-05 1.91951662714018e-05 1.83362853249491e-05 2.11217885748738e-05 2.12296500649245e-05 2.45139185039989e-05 2.55913141472774e-05 3.48207693605218e-05 4.77331413776483e-05 6.28735642749234e-05 8.40398355649086e-05 8.86731224909454e-05 8.75325956258166e-05 5.810276320517e-05 4.59787375007181e-05 4.31376938877293e-05 3.72895138752938e-05 2.95130209678973e-05 2.50655882837236e-05 1.78555431432414e-05 1.15316681728928e-05 9.51836509273107e-06 7.59434732628961e-06 6.24745246682323e-06 5.08365086915319e-06 4.2314691967249e-06 3.67674193668677e-06 3.24211560140952e-06 2.88684431239972e-06 2.59009365848328e-06 2.11568915950977e-06 2.33463952454827e-06 2.38055947576754e-06 2.22266912466296e-06 2.10001128699844e-06 2.13903407555449e-06 2.05916470790157e-06 1.89454153840529e-06 1.87388894090645e-06 1.74916234811917e-06
-9999 -9999 5.39002502137009e-05 2.22724913555794e-05 2.35610484423887e-05 2.32349165685264e-05 2.28329505034708e-05 1.69873089475914e-05 1.58140464463941e-05 1.9360964677162e-05 2.11140885880923e-05 2.18063794250156e-05 2.92997281349017e-05 4.18092972722661e-05 5.21611532121824e-05 7.53083532345045e-05 7.21513084499747e-05 7.9321259909193e-05 5.34113025651095e-05 3.78578652089345e-05 3.47039248708825e-05 3.00039975741129e-05 2.26139514552415e-05 1.88856561123885e-05 1.60117375742175e-05 1.12664887552683e-05 7.81651525585403e-06 6.89648455534098e-06 5.88370534160276e-06 5.03434134202507e-06 4.46252280141834e-06 3.56444070064299e-06 2.99429916594818e-06 2.75326470884352e-06 2.46714635778744e-06 2.19241991317176e-06 1.98516493910006e-06 1.98067989742867e-06 2.2001013668671e-06 2.06890028344731e-06 1.73770043438992e-06 1.69756080339312e-06 1.77565965309157e-06 1.69960373597178e-06 1.66153396321533e-06 1.63945921478614e-06
-9999 -9999 2.12278569506452e-05 2.18515918504636e-05 2.17736299191529e-05 2.06779154609649e-05 2.08116012913706e-05 1.79289392804094e-05 1.60117888640343e-05 1.79221601911195e-05 1.92828429476322e-05 2.21891708406474e-05 3.41003706807896e-05 4.45783244003906e-05 6.4373090663139e-05 8.73163482083328e-05 6.72392751994266e-05 4.59364113794436e-05 2.85169492713067e-05 2.59569275954163e-05 2.34225055010029e-05 1.99428792484468e-05 1.39307778340481e-05 1.12857906259478e-05 9.14047829496667e-06 6.88907220194324e-06 5.59723878410523e-06 5.05531630210498e-06 4.53243341382858e-06 4.09166042061315e-06 3.90331197479554e-06 3.06265428875463e-06 2.62004421287543e-06 2.18232813722352e-06 1.96653016999448e-06 1.88049783069744e-06 1.99318103568658e-06 2.0310007201374e-06 1.80138987566636e-06 1.86951502421095e-06 1.82607903127519e-06 1.64841431171681e-06 1.63973512954385e-06 1.59626383826605e-06 1.46233880240487e-06 1.35525776219225e-06
-9999 0.000272392826809664 2.0648892382269e-05 2.1137502824331e-05 2.02225116936461e-05 1.87467754926729e-05 1.93231819139328e-05 1.92056342143587e-05 2.05161558142208e-05 1.65866483939681e-05 1.78022415980195e-05 2.50231381301091e-05 3.66446482303218e-05 5.23907474416774e-05 6.97824685630621e-05 7.82861827246961e-05 6.55452867704298e-05 4.14046792229783e-05 2.68466461193384e-05 1.83586486457443e-05 1.54022035360413e-05 1.29340327987393e-05 8.49876620350187e-06 6.31104647510483e-06 6.10425877312082e-06 5.08636651801453e-06 4.55182251783981e-06 4.10853559884572e-06 3.70083034226809e-06 3.3825896409212e-06 3.259451936799e-06 2.71886224325613e-06 2.1473652484616e-06 1.88239392748812e-06 1.79595368940966e-06 1.86768748875465e-06 1.95360032364533e-06 1.88286950866257e-06 1.6265850113939e-06 1.69908724956258e-06 1.73742034093038e-06 1.57152215400913e-06 1.4861475458261e-06 1.36863721600378e-06 1.286079204732e-06 1.21998926942979e-06
-9999 2.58074406474407e-05 2.0760990355484e-05 2.06249631787614e-05 1.89142846693358e-05 1.8628489317507e-05 1.88555594377249e-05 2.1151986231871e-05 2.19026029526503e-05 1.65597731552225e-05 1.84287756326285e-05 2.67761187274118e-05 4.01929889676467e-05 5.81792170351036e-05 7.0260848815451e-05 6.60812431306113e-05 4.19442065776821e-05 2.56053721159333e-05 2.08774636178077e-05 1.18197050483104e-05 8.82777114270539e-06 7.6915234359376e-06 5.85668019681407e-06 4.52349424335807e-06 4.42836103218269e-06 4.23046975441821e-06 3.82984491977822e-06 3.32494397810024e-06 3.02060717274344e-06 2.7429634819498e-06 2.67003364768925e-06 2.2614524127107e-06 1.83982390815629e-06 1.77411610842171e-06 1.70061726869619e-06 1.70734465285705e-06 1.64773279749397e-06 1.54305785606823e-06 1.60335744787687e-06 1.61426266558351e-06 1.56049741413256e-06 1.35141988639731e-06 1.32400920289655e-06 1.33315595665096e-06 1.25001215049991e-06 1.05820864213513e-06
-9999 2.6018435255537e-05 2.0776802432465e-05 1.84729915758908e-05 1.59863991939346e-05 1.69583462366063e-05 1.72142427004474e-05 2.09552924616219e-05 1.9629270502719e-05 1.59574840267851e-05 2.08171396934631e-05 3.07217563317863e-05 4.25556572963615e-05 5.68838241633785e-05 6.18188462112812e-05 3.82605750928633e-05 2.67308906131802e-05 1.61430770788229e-05 1.29651408656173e-05 8.61761036787811e-06 6.41862155532635e-06 5.13298861051226e-06 4.26379185398673e-06 3.68483488770721e-06 3.40958830733484e-06 3.27270627096254e-06 2.97274026337391e-06 2.71337344130984e-06 2.49467295390104e-06 2.28231172982873e-06 2.16070429388537e-06 1.91998236402924e-06 1.83345720223826e-06 1.69293805427628e-06 1.5835856402191e-06 1.52189902635769e-06 1.44322830912813e-06 1.40159051866817e-06 1.3726957025284e-06 1.25508393029605e-06 1.33409823206421e-06 1.28244834218805e-06 1.15676532264075e-06 1.15496496650991e-06 1.13279581785974e-06 9.94069043791512e-07
-9999 2.35562690818369e-05 2.05792427209417e-05 1.84552104087743e-05 1.50116294776126e-05 1.61111445549977e-05 1.82709911655365e-05 1.98544244881305e-05 1.83851741780927e-05 1.9546157784589e-05 2.45175841655509e-05 3.11476174147174e-05 4.00596076133297e-05 4.14890266256407e-05 2.81888354834336e-05 1.92114273431798e-05 1.46313663833553e-05 1.15168957449896e-05 8.68329447314409e-06 6.35016613443895e-06 4.88010269918959e-06 3.71200078461698e-06 3.15635019205729e-06 3.10610649947307e-06 2.79404371994474e-06 2.65833632155932e-06 2.27616403449815e-06 2.21902009513997e-06 2.24376168205254e-06 2.1634754681088e-06 2.12371070134054e-06 1.87238043025673e-06 1.7129835825358e-06 1.57944571697044e-06 1.442333472923e-06 1.34427079316879e-06 1.18460059645997e-06 1.08866628423243e-06 1.07360950405422e-06 1.08132487337542e-06 1.10289326666901e-06 1.21876724090697e-06 1.15009243213393e-06 9.73735951426136e-07 9.67502285575961e-07 9.35110151178975e-07
-9999 2.04061931299293e-05 2.02613665123863e-05 1.84340717623854e-05 1.46383317201071e-05 1.64775572329745e-05 1.85388298518774e-05 1.99042777694558e-05 2.13249771150004e-05 2.48946353849533e-05 3.04682170053638e-05 3.41730020636533e-05 3.25167288906414e-05 2.95499968842705e-05 1.93897822441613e-05 1.22705233934539e-05 1.01477864490107e-05 8.69847790170297e-06 6.55664428279579e-06 4.81000879233306e-06 3.9294756092545e-06 3.33014414692912e-06 3.13499562309971e-06 2.88034868631826e-06 2.46194547699474e-06 2.29315464537194e-06 2.19427684271523e-06 2.09314138821526e-06 2.0420569441626e-06 2.02585773152464e-06 1.99471390693873e-06 1.68361476013956e-06 1.59562291486282e-06 1.47317745380349e-06 1.25555265846344e-06 1.1572951260419e-06 1.08323127943066e-06 1.0103263367256e-06 9.43113779783289e-07 9.90230813258108e-07 1.00905267856888e-06 1.050100069655e-06 1.0819780269955e-06 1.01968423766863e-06 8.7994284356796e-07 9.43643145401296e-07
