Scripts_&_data/Maxent_result_files_1/Bombus_terrestris_3.asc
NCOLS 594 
NROWS 330 
XLLCORNER -15 
YLLCORNER 23 
CELLSIZE 0.166666666666667 
NODATA_value -9999 
[rows 147 to 167 of 330, columns 517 to 563 of 594]
5.6694500381127e-05 0.000344965533804498 0.000107904160904582 0.000830583481729263 7.05864651536103e-05 0.00131085759767302 0.000487973004419473 0.000377040765306447 0.00109120730285213 0.000271890507792705 0.000413682950056682 1.06826787668934e-05 6.57109708879222e-06 1.05512257772777e-05 2.30391504272287e-06 5.48511407161278e-07 4.23972383956084e-07 0.00147820148704341 0.00174512799712829 0.000181582360710308 0.000140962547266099 5.98121799612272e-05 5.21041005413281e-05 3.31906274823268e-05 0.000139496243900794 0.00127629869930388 9.1621573210432e-05 0.0023680045553192 0.00221928517157721 0.0016894932348805 0.00522595098154852 0.000471869913599221 0.000777881448084372 0.000195380476725404 0.00029422009101836 0.00123459222468227 0.0022177434326295 0.00269821818637865 3.88023077100286e-06 0.00451149775117301 0.00555174216970045 9.99739159851742e-05 0.00458600848232891 0.000665972121623781 0.00042891471148323 2.06099485282607e-05 0.000891829552710988
5.8459664160182e-06 8.93270032975124e-05 0.000110580191721965 5.35807115738862e-05 0.000161754546934389 5.91208494370221e-05 0.000133057785933488 0.000156968550436432 7.55363522330299e-05 3.78903190721758e-05 4.01455863907607e-07 4.22706079143964e-06 0.000166034857640796 0.00022387782676816 0.000427154461794999 0.000364925455869525 0.000487694147705042 0.00102182231476036 0.00466052513329487 0.00114411791764724 0.000348760884298827 0.000350854443422577 0.000325084703217726 0.000188577898734366 0.000134175612038234 6.41266668026219e-05 0.00067113567256456 0.0137161156979346 0.00716716901706604 0.0033389792417438 0.000451417958811362 0.00249350264066379 0.0049630770483418 0.000423511948974919 9.07553111133552e-06 0.00032060853418443 7.39668732785415e-07 9.93404588420788e-05 2.74073424599619e-05 0.000201480084979266 2.02656945564872e-06 0.000751629305705137 0.00563314273413198 0.00664425191644114 0.00384924287081958 0.00139059111643292 0.00130281794590701
1.63429251188063e-05 5.73413912206888e-05 0.000362916172889527 2.69676850628287e-06 7.21911810614984e-06 0.000106547082759789 1.966797563e-05 2.20700904719706e-05 2.50555687671294e-05 3.03317546240578e-05 3.94641951061203e-05 7.23069137620769e-05 4.50120228911999e-07 4.55081540351454e-07 3.14367364353529e-05 0.00023447951189155 1.84827107887031e-05 7.43300645808631e-05 0.000612141903548036 0.00050795707047655 0.000155825414913124 2.73010921546302e-05 0.00024222972606367 5.45887618955021e-05 4.46651488346106e-05 4.47379077286314e-05 4.19822093135735e-05 0.000814687348793086 0.000782540909312957 0.000677075569183216 0.00124110068809387 0.000154038989876426 0.000441749497076671 0.000178417828556121 0.000148990586603759 0.000248425255813345 0.000495273094202275 0.00211391405846371 0.00808690994617791 0.00321092578851676 0.00432656026459881 0.00281423160686245 0.00697006962163869 6.12128853532568e-05 3.31247671212509e-06 0.0024412803195446 0.0021336045310818
3.82840908059734e-05 2.31527073083271e-05 8.52500638757192e-06 5.64307972581446e-06 0.000119461942449561 0.000110975837378646 1.98955654923338e-05 2.11303287869669e-05 2.27923908823868e-05 2.71547187367105e-05 3.44964091709699e-05 4.81674129204635e-07 5.58171267584839e-05 6.63359674945241e-05 6.6101161428378e-05 6.61723508528667e-05 6.49486350994266e-05 4.78375622151361e-05 3.48928593352227e-07 7.22908598618233e-05 6.85013897054887e-05 6.0800320807175e-05 5.6594846319058e-05 5.35199670594011e-05 4.71763282348547e-05 4.56511858374142e-05 4.5316073419599e-05 0.000286003862674988 0.000197091971858754 0.00030992051879366 0.00181211560993688 0.00100702157978958 4.55321534445829e-05 0.000253757547307032 0.00021227067009022 0.000370164218020363 0.000285839229218254 0.000119566323428444 1.91299529063826e-05 0.000275404144122149 0.00143150782214434 0.000606118378527754 0.00887185859883175 0.00829788917799306 2.65336529992055e-05 0.00820252302619338 0.00521003390840633
1.1068226694988e-05 1.59323663865507e-05 6.13363597494754e-06 1.87572519280366e-05 1.86468807441997e-05 1.85694795618474e-05 1.95832813915331e-05 2.19855793147872e-05 2.4370426308451e-05 2.95052667752316e-05 3.63482950888283e-05 4.65766242086829e-05 4.03176159824437e-07 5.88207827604492e-05 1.68131676218763e-05 0.000146992461304762 6.08459943578055e-05 5.62561149308749e-05 6.58173774354509e-05 7.00272336871421e-05 6.34740653367771e-05 5.4258100772131e-05 5.51715829715249e-05 7.6686949660143e-05 3.11651537231228e-05 4.68061364699679e-05 5.34885220076831e-05 0.000333633003992873 0.000215011423642864 0.000275153901384328 5.16995713951474e-05 0.000131743745441781 0.00246749591351545 0.00108203023555689 0.000382582368001749 0.000395100743935473 0.000192192049871664 2.44573531338332e-07 0.000154364973241172 0.00025594963126423 0.000669259554797463 0.000482213895429595 0.000647754884994356 0.00970216700188757 0.00501749978993757 0.00594679369287405 0.00182814537138256
3.12620380782391e-06 2.80288591966382e-05 5.86769724577607e-06 3.39428770530503e-05 1.7811477300711e-05 1.89036561096145e-05 2.13675264603808e-05 2.40164065871795e-05 3.02621514492785e-05 3.19392724122736e-05 3.59551088877197e-05 4.0896218160924e-05 4.63569474959513e-05 4.82345663840533e-05 5.07192878103524e-05 5.17199719070049e-05 5.85661767217971e-05 6.12387176261109e-05 6.05149533839722e-05 5.96287804000895e-05 5.96251361457689e-05 5.73995650483994e-05 1.19869361697056e-05 5.38864470399858e-05 0.00032371364577557 4.90263242681976e-05 5.30804184563749e-05 5.22413924500142e-05 5.07426964759361e-05 5.02938659337815e-05 1.03436466474704e-05 5.59110192625667e-05 0.000173857862228033 0.00277997913108265 0.000247638588734844 2.7567676443141e-05 0.000387666059577896 1.57751330107203e-05 0.000152046988023358 0.000137904119947052 0.00329989686215413 0.00155619291654148 0.000181829703797121 0.000396491971150681 0.00775977581015468 0.00172965232268325 0.00377555108952947
0.000156829198022024 5.89443139688228e-05 1.58009342158039e-05 1.78932410562993e-05 4.2551637136512e-06 8.24364728941873e-06 2.22032321289589e-05 2.36797955039947e-05 2.61731061073078e-05 3.40993688041635e-05 3.72520526980225e-05 3.84642822609749e-05 3.80204578505072e-05 3.76017651433358e-05 4.10145070418366e-05 4.72503326818696e-05 5.58612000531866e-05 1.78140317984798e-05 5.07248952089867e-05 4.82027348880365e-05 5.25200255651725e-05 5.46174808732758e-05 5.28234102603164e-05 3.55789836248732e-05 5.3906206630927e-05 5.43622064469673e-05 2.37487047671792e-07 7.79288691798996e-07 4.81230230434448e-05 4.76176796837535e-05 1.02430501556228e-05 1.07390138737173e-05 1.04769374843272e-05 0.00347885101255088 6.24898496425885e-05 1.58218652813957e-05 5.78703704377404e-05 6.2784548572381e-05 0.000419925557616807 0.000157681186101399 0.00119393562381447 0.000393987819552422 0.000355792306072544 0.000274081198585918 0.000463467184272304 0.00408300993058219 0.003147454973805
0.000106280283944216 4.36401409388054e-05 0.000102731726656202 0.000159434975648765 6.16883328348194e-06 1.89132667401282e-05 2.17907894693781e-05 2.30707409173192e-05 2.66032197032473e-05 3.16641927383898e-05 3.61490206159942e-05 3.53366495801311e-05 3.10267695567745e-05 3.03428962979524e-05 3.23880793985154e-05 3.72949269149103e-05 3.93345226257225e-05 4.24127330916235e-05 4.50060443654365e-05 4.33250338573998e-05 4.45308162852598e-05 1.05941106539831e-05 1.43465838846168e-05 0.000253868055006023 4.71979667054256e-05 4.78486614156282e-05 4.80802689708071e-05 2.76830086858304e-06 2.17912681177435e-07 4.54478434221528e-05 4.84173759105033e-05 4.94089439143863e-05 5.1768511912087e-05 0.00013865583405277 1.67656962732909e-06 1.09447486224212e-05 5.50344739167485e-05 5.85628014960093e-05 1.20442491038375e-05 2.29127495998682e-06 0.00028990469436394 0.000171933238016209 0.000159162499676313 3.48634556303296e-05 0.000251869201565569 0.000755463772111398 0.000104798272877815
0.00053088880085852 0.000120424421402276 0.000110999974276638 6.76972067594761e-05 0.000121345097431913 5.08174971400877e-05 2.1483004456968e-05 2.55041197306127e-05 2.77540208116989e-05 1.2230604848007e-06 2.47784531893558e-05 2.41292675127625e-05 2.27908676606603e-05 2.24612427700777e-05 2.61682518612361e-05 3.06620069750352e-05 3.43995228831773e-05 3.52903767634416e-05 3.71106139027688e-05 3.7224893549137e-05 3.65732647878758e-05 3.67158525477862e-05 6.21875015895057e-05 0.000225234512254246 3.8108258468128e-05 8.44818164580374e-07 3.87451758797397e-05 3.82197543331131e-05 3.98061948544637e-05 4.18812270254421e-05 4.3192630255362e-05 4.34421292084153e-05 4.53949587608804e-05 1.39326574981169e-05 1.80091499487389e-05 0.00130001109355362 0.000115271089725866 5.41142169822706e-05 0.000156514127229457 2.85419713691226e-05 6.29797605142812e-05 2.69283688339783e-05 5.53189212041616e-05 1.47126520914753e-05 2.42291500399006e-05 0.000212839319647173 0.000311192200388177
0.000113365143988631 0.000113994615094271 0.000199296285973105 4.86653631014633e-05 0.000173029889265308 0.000137912316495203 0.000177530244764057 2.95952220767504e-05 2.92493703454966e-05 2.45386104325007e-05 2.23835450015031e-05 2.08943960387842e-05 2.01214195840294e-05 2.03058209081064e-05 2.41426403590594e-05 2.70421278401045e-05 2.77165840088855e-05 3.17100480970112e-05 3.15906953801459e-05 3.41703620506451e-05 3.38066376571078e-05 3.3424679259042e-05 3.22534853694378e-05 3.17871679726522e-05 3.03903332678601e-05 2.32503044571786e-05 3.17327936500078e-05 1.77577315999544e-06 3.34205804392695e-05 3.92716209717037e-05 4.19930093812582e-05 4.40518068899109e-05 0.000267396281742549 0.00011889978813997 4.91775356749713e-05 0.000231312100731884 0.000288913200711249 5.06566926560481e-05 5.51186592929298e-05 5.7559306605981e-05 1.22597134861735e-06 1.48823432027712e-05 1.5761354507049e-05 5.36285695488914e-05 4.70232167572249e-05 0.000579357127207913 0.000236795263481326
0.00012807801431336 0.000866698197933147 0.000107137315717409 0.000163695215451298 4.06502509576967e-05 0.000126392536549247 0.000152755096496549 8.47628787596477e-05 8.41281323573639e-06 2.3717407566437e-05 2.20010702832951e-05 1.98710449694772e-05 1.92115858226316e-05 2.09076342798653e-05 1.46691788085462e-06 2.51632880463148e-05 2.47691474214662e-05 2.58226180449128e-05 2.50364341809473e-05 2.7473679256218e-05 2.82279444036249e-05 2.7146785032528e-05 2.67766222350474e-05 2.64042518210772e-05 4.15297934145631e-05 2.94866535305416e-05 2.07333303478663e-05 2.49920753958577e-05 2.88326096779201e-05 3.44474513440218e-05 3.86626660656475e-05 4.53393086900178e-05 4.55500654425123e-05 4.73536470053659e-05 4.85095403746527e-05 5.18628455211001e-05 0.000106155068078806 0.000140607016237482 0.00011612276903179 5.78528110054322e-05 1.24093649276347e-06 5.81333441004972e-05 6.2641830118082e-05 5.95392599279876e-05 1.13043376359201e-05 2.39519698880031e-05 0.00010564101039563
0.000176230423676316 0.000233246975767543 0.000138624760620587 6.23094039838179e-05 1.42241396588361e-05 2.96731762318814e-05 1.94616856333596e-05 0.000153849089838332 2.31653712944535e-05 8.05544298145833e-06 2.10568427064572e-05 5.03764300447074e-05 9.40092788368929e-05 2.03583023903775e-05 2.34036804613424e-05 5.99512397457147e-05 2.38005224673543e-05 2.65085071987414e-05 2.92947719572112e-05 2.65481137830648e-05 2.80938768810302e-05 2.70138780251727e-05 2.40223347645951e-05 2.36949323152658e-05 2.24609763790795e-05 2.24020399421931e-06 2.11145072171348e-05 2.31233841077483e-05 2.53988074291556e-05 2.88239374640398e-05 3.25416246596433e-05 3.67045957318624e-05 4.0794734377414e-05 4.57525027741212e-05 4.65518592136505e-05 5.17919463163707e-05 5.78503431825084e-05 5.26423597875692e-05 0.000140427450514835 1.39987279908382e-05 5.32850993295142e-05 6.05432169322739e-05 5.30575696757296e-05 4.66909667920845e-05 2.90678175588255e-05 3.89951952456613e-05 8.26061293082603e-05
3.25736549712019e-05 2.31245786380896e-05 0.000174306447479466 2.58371404925128e-05 2.40257643781661e-05 2.90327455331862e-05 8.86558286765648e-06 2.19722786823695e-05 8.48881829824677e-06 2.12597156860284e-05 8.33391923151794e-06 8.70977863087319e-05 7.08930754626635e-05 2.02191480639158e-05 2.04048803425394e-05 2.23578223085497e-05 2.15234316783608e-05 2.26070700591663e-05 2.33325690714992e-05 1.0628616678332e-06 2.16757033740578e-05 2.07431668968638e-05 1.95737319700129e-05 1.91332875147054e-05 1.78475605935091e-05 2.08360809665464e-05 2.10723955206049e-05 1.89200379281829e-05 2.07984535336436e-05 2.04268048037193e-05 2.43859052716289e-05 2.81224494756316e-05 3.26032214616134e-05 3.74158011254622e-05 4.23685574787669e-05 4.98195406180457e-05 5.85932249123289e-05 5.85500393754046e-05 0.000365448814955016 0.00255946675697487 0.000259926103353791 5.30745069227123e-05 4.90943770273589e-05 4.5663174114452e-05 2.10053530736332e-05 5.19335410899657e-05 4.31856680734199e-05
0.000113080694427481 0.000284897143863982 9.83637678473315e-06 9.17332035896834e-05 0.0001650017209613 0.000144211768201785 8.11181025710539e-06 9.11847168026725e-05 0.000121247314382344 1.94677724721259e-05 9.22790190088563e-05 6.23559179075528e-05 0.000106007189606316 2.73465426289476e-05 6.81944831740111e-05 8.57429804455023e-06 2.12131359148771e-05 2.8314998417045e-06 2.21889922613627e-05 2.17578493902693e-05 1.86261813723831e-05 1.82670612957736e-05 1.79116424988024e-05 1.85864924787893e-05 1.88746068488399e-05 1.98663483388373e-05 1.92390342817816e-05 1.97302783817577e-05 1.97260134882526e-05 2.09997090678371e-05 2.58479950389301e-05 2.97206694995111e-05 3.09603684399917e-05 3.25522528328293e-05 3.63058038601594e-05 3.87572569707118e-05 4.64626495158882e-05 5.27356229213183e-05 5.17281574502704e-05 5.56100824724126e-05 0.000175383663918183 0.000559328101735446 5.21037858561613e-05 5.39390262929373e-05 4.37653380686243e-05 3.82109312340617e-05 3.8654843592667e-05
0.000494412316038506 8.97345014436723e-06 1.10435087208316e-05 0.000170662242453545 0.000176334092975594 9.72338289102481e-06 5.5657312987023e-05 9.10379505512537e-05 0.000104000436112983 9.78809235675726e-05 0.000252229084435385 6.04285472945776e-05 8.65871392306872e-05 1.97577681319672e-05 0.000103544496232644 1.90834605746204e-05 2.04934596695239e-05 2.18150982618681e-05 2.04980366106611e-05 2.05266116608982e-05 1.85102784598712e-05 1.9362641069165e-05 2.07872102691908e-05 2.01269506760582e-05 1.97083103557816e-05 1.84197483577009e-05 1.90250118066615e-05 2.02340475880192e-05 1.88300977242761e-05 2.09809455554932e-05 2.19839819692425e-05 2.31954072660301e-05 2.2126149997348e-05 2.49864243414777e-05 2.611090294522e-05 2.76464237686014e-05 3.02973789985117e-05 3.55916035914561e-05 3.74514985196583e-05 4.76112792057393e-05 5.44881162568345e-05 0.000136346033468726 5.55269341930398e-05 6.03461882747069e-05 5.70455721572216e-05 4.56468731499626e-05 3.92861427826574e-05
0.000185962790055783 5.73883193339952e-06 1.45727602780532e-06 0.000161676491552498 8.2140215090476e-05 0.000443155249740812 4.96733129651261e-06 0.000204600166762248 0.000186198529991088 8.34677113743965e-05 0.000453837432723958 9.99102870991919e-05 7.91045764344744e-05 8.37872445117682e-05 1.69827652825916e-05 1.94977654246031e-05 2.12393535548472e-05 2.11660375498468e-05 1.94281930816942e-05 1.82267229320132e-05 1.75896786458907e-05 1.71297067936393e-05 1.82077172212303e-05 1.76421805008431e-05 1.74349357621395e-05 1.72088522958802e-05 8.89668735908344e-05 6.64551280351589e-05 1.68356136782677e-05 1.63228418387007e-05 1.79289123479975e-05 1.96690996745019e-05 1.9399900247663e-05 2.0214081814629e-05 2.1077247311041e-05 2.15386047784705e-05 2.63778093540168e-05 3.10196788632311e-05 2.98114807264938e-05 3.69356651390262e-05 4.31237917837279e-05 5.37419893589686e-05 5.21050318639027e-05 6.50146066618618e-05 5.52496146156045e-05 4.46094153630838e-05 4.10839563301124e-05
3.49997034390981e-05 9.54708841618412e-06 2.85978871033876e-05 1.0437969240229e-05 0.000150504632983939 6.65321034830413e-05 1.08729939256591e-05 0.000148202099444461 5.20316858455772e-05 8.14602988157276e-06 9.01634339243174e-05 8.90411654836498e-05 8.14494087535422e-05 9.29525471292436e-05 1.95700446056435e-05 1.96295051864581e-05 2.00546330233919e-05 1.98174437173293e-05 1.9561915723898e-05 1.82120438694255e-05 1.74510876604472e-05 1.74700064235367e-05 1.76420335264993e-05 1.69658471349976e-05 1.56839130795561e-05 1.59028641064651e-05 4.17964463849785e-05 3.90991230915461e-05 1.5540636559308e-05 1.59639355842955e-05 1.55924069986213e-05 1.68855925949174e-05 1.71025854797335e-05 1.78232599864714e-05 2.06909397093114e-05 1.92367033378105e-05 2.08268813366885e-05 2.38078458096425e-05 2.25946339924121e-05 2.23716830078047e-05 2.86070481706702e-05 3.64571804311709e-05 4.13277651205135e-05 5.6543681967014e-05 4.91344600959565e-05 3.30530063820333e-05 3.65729696113704e-05
2.75660740953754e-05 8.66585862695501e-06 3.53797185198346e-05 2.68123127170838e-05 2.31732873544388e-05 4.60144514363492e-05 1.63708309628419e-05 1.92521501958254e-05 0.000102324601175496 0.000109314527071547 9.63886841418571e-06 7.35716384951957e-05 3.72682712622918e-05 2.06204133064602e-05 1.48521909068222e-05 2.10859617908454e-06 1.865181420726e-05 1.81412478923448e-05 1.79327369551174e-05 1.83158517756965e-05 1.82527775905328e-05 1.83156160346698e-05 1.68767399372882e-05 3.39439007802866e-05 1.53720774505928e-05 1.50496237438347e-05 1.47106590702606e-05 1.58112399731181e-05 1.67497259099036e-05 1.66021696713869e-05 1.71190447872505e-05 1.61822033987846e-05 1.70159320987295e-05 1.77525895196595e-05 1.90582828508923e-05 1.96828063963039e-05 1.77141764652333e-05 2.0089508871024e-05 2.2831907881482e-05 2.84196014035842e-05 3.09787566948216e-05 3.9058360925992e-05 4.65937728222343e-05 4.4738112410414e-05 5.05635827721562e-05 5.96229299844708e-05 6.25569992735109e-05
7.77914401624002e-05 3.89813049878285e-05 3.40084732670221e-05 2.83229784145078e-05 2.74141068985045e-05 9.90278686003876e-06 2.11166158806009e-05 7.64939577493351e-05 0.000114572984603001 5.01783328218153e-05 3.37203793606022e-05 9.57203912548721e-05 0.000104383990037604 7.95566861597763e-06 1.94336429558462e-05 1.83950876817107e-05 1.78408159626997e-05 1.75668687006691e-05 1.02170632544585e-05 1.00645238262587e-05 1.89293932635337e-05 2.01570548597374e-05 2.17024364246754e-05 2.06282569706673e-05 1.65352599651669e-05 1.55755631567445e-05 1.41501849611814e-05 1.43101789944922e-05 1.75534744812467e-05 1.97835457129258e-05 2.17133418573212e-05 2.05062357053976e-05 1.72326992469607e-05 1.73466001797351e-05 1.76346429725527e-05 1.81878680450609e-05 1.81753208380542e-05 1.93772852071561e-05 2.15693728023325e-05 2.55119002758875e-05 2.61271534327534e-05 2.72722954832716e-05 3.03280832667951e-05 3.49517449649284e-05 4.38019187640748e-05 5.38038130798668e-05 5.35445922650979e-05
2.79579744130842e-05 3.2810182619869e-05 3.12459683300403e-05 2.69159271738317e-05 8.74428728820931e-06 2.36792209761916e-05 4.12895507906796e-05 7.57256930228323e-05 0.000498570086347172 8.32332094432786e-05 1.70230832281959e-05 1.56495057126449e-05 2.25770451834251e-05 1.88848093785055e-05 2.10591822906281e-05 2.03188310479163e-05 1.8562623517937e-05 1.69106973771704e-05 1.72594489413314e-05 1.70589904882945e-05 1.63920603881706e-05 1.73113900928001e-05 1.95107165382069e-05 1.84826772056113e-05 1.3880903043173e-05 1.42971784043766e-05 1.44310280120408e-05 1.73607103079121e-05 1.47407889016904e-05 1.59756567882141e-05 1.47594508234761e-05 1.73568493664789e-05 1.6874258290045e-05 1.81011957465671e-05 1.94273359738872e-05 2.15909853068297e-05 2.1150575230422e-05 2.03436631636578e-05 2.11223488804535e-05 2.18604542169487e-05 2.07522956770845e-05 2.21773359953659e-05 2.49270231506671e-05 3.0377217080968e-05 3.28914049532614e-05 3.57501494363532e-05 4.49015424237587e-05
2.2543421937371e-05 2.810003736613e-05 2.05519598580395e-05 2.24542857722554e-05 8.09244488664262e-06 2.04341960852616e-05 4.43052780610742e-05 5.1240756874904e-05 0.000156531711036223 8.85978306541801e-06 4.85231742609504e-05 0.00346668497620044 8.69070117914816e-06 2.10928414162481e-05 2.05220858333632e-05 1.88219795745681e-05 1.79496983037097e-05 1.65108118380886e-05 1.61107334861299e-05 1.55813460878562e-05 1.50595030390832e-05 1.45119306580455e-05 1.37522289151093e-05 1.27221144794021e-05 1.27337515550607e-05 1.21832124932553e-05 1.07696597297036e-05 1.06243775917392e-05 5.68732227748114e-06 1.2909722772747e-05 1.4840274980088e-05 1.46240804497211e-05 1.68208054674324e-05 2.01059972823714e-05 2.22491833483218e-05 1.96672316633339e-05 2.39728407905204e-05 2.31599558901507e-05 1.94787069631275e-05 2.09172323593521e-05 2.09209458262194e-05 2.1893231132708e-05 2.22187518374994e-05 2.23861638005474e-05 2.65505870629568e-05 2.57075027548126e-05 3.64679777703714e-05
