Scripts_&_data/Maxent_result_files_1/Bombus_flavidus_3.asc
NCOLS 594 
NROWS 330 
XLLCORNER -15 
YLLCORNER 23 
CELLSIZE 0.166666666666667 
NODATA_value -9999 
[rows 160 to 179 of 330, columns 484 to 527 of 594]
1.22769296923009e-06 1.91117990119283e-06 1.22574542812393e-06 2.78613456851096e-06 8.47707948314902e-07 7.967992130542e-07 1.01225434603336e-06 1.57980610351327e-06 2.38230346315538e-06 1.98712592412997e-06 1.33829276171005e-06 8.16444846152287e-07 8.89809833426458e-07 9.23462641166939e-07 9.22960979987675e-07 1.15895658812093e-06 1.16451023606245e-06 1.02634158843928e-06 1.05020249483445e-06 1.09248352311297e-06 1.75186345380274e-06 3.18617185023351e-06 1.45568613554303e-06 7.23948898062599e-07 7.66359966275498e-07 1.39991521259653e-06 1.14860633347869e-06 5.11804407210548e-07 6.47147482168986e-07 1.01651308737072e-06 6.42577367970798e-07 8.36242485369176e-07 7.98327031359403e-07 1.6721142994891e-06 1.07154240156504e-05 9.86219923770903e-07 2.49658156956656e-06 1.72972683399886e-06 1.77540687896771e-06 1.42286271473946e-06 3.68085197792745e-06 3.24072826239918e-06 1.98158238976509e-06 4.63354281536876e-06
5.99129319134306e-07 1.92424843459271e-06 1.95618482010662e-06 9.24792648469008e-06 1.00811576839721e-06 3.00508674667688e-06 2.44282186359079e-06 1.02198731083414e-06 1.4084393013869e-06 1.36207675653921e-06 6.80608967063012e-07 7.25296098247341e-07 9.89471331724889e-07 7.81254278048316e-07 8.14082342637246e-07 9.1169078874076e-07 1.11882572298994e-06 1.59225013464104e-06 1.54680513837491e-06 1.15461632698155e-06 9.75009185055775e-07 9.78543714380553e-07 7.59158307617192e-07 7.45069086238725e-07 8.29247391043175e-07 6.35573235197029e-07 5.90829062019349e-07 8.22118199506061e-07 2.020979227213e-06 8.76371221780747e-07 6.09882451696464e-07 9.74473175596735e-07 1.50041538210521e-06 7.66536780005822e-07 6.60336898645752e-06 9.03044971323208e-07 1.31247469015161e-06 1.62470998392727e-06 1.47506340978376e-06 4.04203476991327e-06 4.15916365161806e-06 4.26657948469078e-06 6.96324150162297e-06 6.85368208449555e-06
5.7929483385788e-07 9.05518947558193e-07 1.09029164974128e-06 2.5428736944777e-06 3.04374767750026e-06 1.88348481585665e-06 2.70159406217108e-06 2.48294029950857e-06 3.25391571202038e-06 1.12365331675912e-06 8.90545807163967e-07 7.93277308930307e-07 7.84861583880136e-07 7.55444685951456e-07 8.67996270104143e-07 9.39449659531633e-07 1.16823238929253e-06 1.35432392094348e-06 1.22525825887454e-06 1.02301178983577e-06 1.00102732397689e-06 8.92694856835519e-07 7.61400368176624e-07 8.0073483685883e-07 7.26509808657294e-07 7.1006385660155e-07 7.53087585425582e-07 8.02752038242538e-07 6.97674743377341e-07 5.97736528828996e-07 8.89760064559653e-07 9.33366805100366e-07 1.0887823040151e-06 1.14612497523758e-06 1.16403644284668e-06 1.07833861751061e-06 1.52868210936408e-06 3.66582365965984e-06 2.22987435503086e-06 2.61190364390096e-06 5.85442678723291e-06 6.79679686947932e-06 1.29303532217406e-05 4.14730676984165e-06
4.54915639225284e-07 4.55005150301613e-07 8.42753835028631e-07 9.40988838993295e-07 3.01180732290574e-06 3.54073636518182e-06 4.0600095691401e-06 1.94555440833355e-06 1.27609640425685e-06 1.36508049123352e-06 8.4441289874837e-07 1.09547201853077e-06 8.24784691966229e-07 9.00272890536069e-07 9.36101283444124e-07 9.74236379192028e-07 1.15888899892003e-06 1.24636827444347e-06 1.05286037607177e-06 9.16536469430795e-07 7.40319026060199e-07 3.16530899047152e-08 3.5624263139411e-08 3.13538994434204e-08 6.86470040700549e-07 6.97866816490311e-07 6.63261414490801e-07 6.41766588693748e-07 5.84193693131674e-07 7.95907150996644e-07 1.30781882526909e-06 1.57993780891541e-06 2.20670238159082e-06 8.75231239594321e-07 8.02902085816903e-07 9.02426541604662e-07 1.20024521480522e-06 2.35791188399892e-06 1.70075435074191e-06 1.43347614549594e-06 2.37858782611289e-06 5.3549959076804e-06 3.09853663913451e-06 5.20188793169396e-06
1.63223220339681e-07 2.90461451513124e-07 4.63586406374006e-07 5.53121960866765e-07 1.28047404288623e-06 2.03936545318806e-06 2.45576846832352e-06 2.45136828860293e-06 1.69228576626379e-06 1.88919766405116e-06 1.36944336900369e-06 1.16562150148658e-06 9.51732673704075e-07 8.42610970663848e-07 7.36841067827676e-07 8.02874718175417e-07 9.11069208076043e-07 1.01657874085337e-06 4.41421726726787e-08 1.29607602727955e-07 4.30650548555178e-08 3.13478459745831e-08 1.38456972420542e-07 6.63245546039803e-08 6.96186247306496e-07 6.76341024530291e-07 6.10213899487899e-07 7.34809555613669e-07 9.28786667375725e-07 7.67073953089614e-07 8.23298685248552e-07 9.5639576148665e-07 8.03415175709699e-07 8.55172186009501e-07 8.67644894253505e-07 8.25219444444691e-07 1.10449146678571e-06 1.43107467782677e-06 1.96522191853177e-06 1.842171822386e-06 2.25470083492496e-06 5.11403387077891e-06 5.42305196580273e-06 3.35907885551379e-06
9.19611759631067e-08 1.51141453308412e-07 2.82636550053006e-07 4.25592279573728e-07 7.18232535557028e-07 9.0926581216566e-07 1.7347767358622e-06 1.85337012342801e-06 1.34014966128859e-06 1.48878744279379e-06 1.26272788578685e-06 1.26918105356477e-06 1.1484502434711e-06 9.22752563448093e-07 8.53585370030885e-07 8.8763022718652e-07 9.50107558506108e-07 9.73295097039806e-07 4.4512676655728e-08 2.96540994122463e-06 2.68709547057711e-08 5.32952879650494e-07 4.35949106183386e-06 5.0755373153244e-07 7.75311643019805e-07 5.65382864592401e-07 7.10741040577112e-07 6.65546978662057e-07 6.88730826259309e-07 7.8939461886085e-07 8.00267862322013e-07 1.03241107444196e-06 1.34399026719967e-06 1.38680510622935e-06 7.5434485355963e-07 8.40565167092855e-07 1.05630484007468e-06 1.26210877031685e-06 1.75946851167508e-06 2.19570204533781e-06 5.02345179564934e-06 1.41847669850925e-05 1.30760391092721e-05 1.15865031396378e-05
1.1141457578745e-07 1.64783919665013e-07 2.06377119205126e-07 2.98052061820098e-07 4.74328653032874e-07 9.5364672946241e-07 1.2376011841897e-06 1.17171109526026e-05 2.18204402685496e-06 1.50809498860038e-06 1.25322248180071e-06 1.15030897583912e-06 1.18292238596718e-06 1.2414428341323e-06 1.12011533826006e-06 9.89305599496948e-07 9.35785912525855e-07 7.53487548499354e-07 1.02896872444802e-07 2.11628388779861e-06 4.76477360011884e-08 6.73342624324391e-08 5.44697960647156e-07 7.24244514993533e-07 6.05501932759989e-07 5.27562122354386e-07 5.5448881273179e-07 7.53439211897966e-07 7.90256419547219e-07 8.12098256419702e-07 9.05184620147992e-07 8.83172011856281e-07 9.81076385941915e-07 9.38762344382393e-07 8.65876704647661e-07 8.87407657457206e-07 1.36724169724767e-06 1.37934201923651e-06 1.52069972052526e-06 2.79813567335419e-06 1.30493549442834e-05 3.18712416397249e-06 3.26261922556359e-06 2.82434917311392e-06
3.31231278405397e-08 6.65997567428356e-08 1.40379669000268e-07 2.8809430880905e-07 5.40271654281277e-07 8.36967508055508e-07 1.28875604678003e-06 1.41880699968677e-06 1.58363501199243e-06 1.23426715341601e-06 1.16251628412556e-06 1.24681310859076e-06 1.43650459633049e-06 1.46612864927453e-06 1.29409947273729e-06 1.11834648004461e-06 1.05312612738162e-06 8.82845775573848e-07 3.66903075266212e-07 7.30448240160442e-07 6.56191702352871e-07 4.79473951209286e-08 5.69514967130313e-07 6.13398525950437e-07 7.26321997646107e-07 6.25343074189821e-07 5.17396320365293e-07 6.00082067758745e-07 6.18249301198581e-07 5.95477049503135e-07 6.83325160133474e-07 7.9800426511234e-07 1.01282130564595e-06 1.11437916070489e-06 9.55644048750148e-07 1.2253068492396e-06 1.450226021249e-06 1.74782023462106e-06 2.17166058139595e-06 4.10751156951772e-06 7.34260829973188e-06 3.5724607676535e-06 1.84718785070093e-06 4.06685200132983e-05
1.22455482753914e-08 1.65863785706044e-08 4.68111640450353e-08 1.19225155903457e-07 3.35343283219824e-07 7.65172623073962e-07 1.10437945670672e-06 1.16980518994891e-06 1.22552540463561e-06 1.25913791785281e-06 1.34441133982088e-06 1.45763930345932e-06 1.65285466590115e-06 1.6096381165176e-06 1.52540859120753e-06 1.68881124164022e-06 1.54265659109143e-06 1.03832676475735e-06 9.46938549628573e-07 7.64843668532578e-07 7.2149518621778e-07 5.07874486532778e-07 6.3009965415306e-07 6.84864418576403e-07 7.53418224774816e-07 6.27928946994594e-07 6.80488198701035e-07 6.76118687470417e-07 6.74380459120272e-07 6.76432184643083e-07 6.93214689084787e-07 8.53051648563863e-07 9.77914586175466e-07 1.20917555656019e-06 1.16385566024668e-06 1.18395540683602e-06 1.81684345557098e-06 2.14313582990178e-06 2.19500686857721e-06 1.98633870361897e-06 1.51997646177238e-06 1.29959518949674e-06 2.01431233444183e-06 2.69309932239281e-06
1.63990675483561e-08 2.83241928689115e-08 2.99979287965435e-08 1.21701388511308e-07 2.96543764599644e-07 7.49412725142839e-07 1.51166209021447e-06 1.36426869468131e-06 1.42112846388542e-06 1.84264340343798e-06 1.52402929088913e-06 1.89588452489398e-06 1.8662798597191e-06 1.77725271344187e-06 2.03902611766171e-06 1.8175565368761e-06 1.43557591686383e-06 1.42938577406548e-06 1.71286056775966e-06 1.12805066715405e-06 8.20588619721008e-07 7.08136334948151e-07 5.92972729562824e-07 5.51618470134851e-07 6.35155233719154e-07 6.03625666451002e-07 6.97262642657126e-07 7.37518704874152e-07 7.01464760444193e-07 8.0500408193851e-07 8.18923687173623e-07 7.79869229661223e-07 8.58041679618893e-07 1.2472250496387e-06 1.24848658927812e-06 1.35603985432775e-06 1.32307667628506e-06 1.59934351674496e-06 1.27148591948512e-06 1.87340232373767e-06 2.25927615402632e-06 1.275958561191e-05 8.53572845294082e-06 1.74441865805619e-05
1.85133812724558e-08 3.21516388179788e-08 3.49400289922919e-08 6.72302103321698e-08 1.92821833799872e-07 6.70283440462605e-07 1.4939018248783e-06 1.65132279684732e-06 1.49579187568305e-06 2.00214366373741e-06 1.84241192356938e-06 2.51240685019694e-06 2.48376819879104e-06 2.84717523284517e-06 2.51224261037519e-06 1.6814421424427e-06 1.7452818094843e-06 1.79173597513183e-06 1.46653738357649e-06 1.04059754105768e-06 8.2607161702164e-07 6.64869844946292e-07 6.42714070153705e-07 6.06002644876202e-07 6.55611526634292e-07 7.1418735942963e-07 8.98636722623802e-07 8.41008513918773e-07 8.23937121319229e-07 1.13908300840571e-06 1.31730276617947e-06 1.17937066573814e-06 1.01933151762656e-06 1.12160288240348e-06 1.27864248490317e-06 1.18455489220848e-06 1.07901113601816e-06 1.23966960043909e-06 1.39834065856492e-06 1.72530400924797e-06 2.11495862448841e-06 5.38722329030961e-06 3.53078262320672e-06 1.36052773362039e-05
2.24878754728763e-08 3.23119583534037e-08 3.69493325713677e-08 5.59205822425746e-08 1.91437978669384e-07 6.54200854222076e-07 1.13971003915525e-06 1.4387192338261e-06 1.79397939877868e-06 2.56921710508617e-06 2.09721950348296e-06 2.87850033535708e-06 3.05473916372145e-06 2.53684186392045e-06 2.19992431288452e-06 1.95400241637111e-06 1.97215695629804e-06 1.51056903195945e-06 1.26869018555187e-06 9.51083655664764e-07 9.08343707561876e-07 6.77235152501954e-07 6.48509585643442e-07 7.87557661996452e-07 6.99832060235828e-07 8.16354314425727e-07 1.190048134736e-06 1.06211692748603e-06 9.74881088944279e-07 1.27273906688208e-06 1.7903557398502e-06 1.41676441166583e-06 1.23486715275511e-06 1.40655364042619e-06 1.9455996852269e-06 1.54525401250272e-06 1.46626925059401e-06 1.35517333688107e-06 1.39904227154375e-06 1.48705505662594e-06 2.09992722963737e-06 4.06583613230538e-06 3.1333089608454e-06 2.25131255496835e-06
2.22852023612496e-08 4.16553785020923e-08 4.13411201161118e-08 8.1951440167316e-08 1.70742940830415e-07 4.52519258153927e-07 7.91011637646388e-07 1.08691273328354e-06 1.90967607446302e-06 1.5832094734658e-06 1.69976666264393e-06 1.88582522113734e-06 1.93791968481349e-06 2.68541866836891e-06 1.96565453514097e-06 1.30488857125188e-06 1.10964348400966e-06 1.16425376144313e-06 1.14565968080127e-06 1.01725140303488e-06 8.44977975378303e-07 5.91442107111817e-07 6.62816741048289e-07 8.24462780468771e-07 8.92330647661588e-07 1.00208083213538e-06 1.26484661668869e-06 1.55756691626596e-06 1.30658620781654e-06 1.42772351303666e-06 1.54474659311843e-06 1.76201345962745e-06 1.55541930726422e-06 1.47538678585413e-06 1.61285940722955e-06 2.09906096211299e-06 1.81859294600129e-06 1.39680415097709e-06 1.48949316239877e-06 2.20010616809319e-06 2.67464084696689e-06 2.73331790516806e-06 2.08091022602108e-06 2.24990404424918e-06
2.45604218074291e-08 4.75851548942252e-08 4.96955398054944e-08 6.5657544157105e-08 1.85048439194091e-07 4.30982161325755e-07 1.10212545986199e-06 1.34955556905236e-06 1.3234976096399e-06 1.08943348411383e-06 1.46799839505496e-06 1.57640312082874e-06 1.13479272053629e-06 1.19143241549269e-06 1.62069759459538e-06 1.21117357771983e-06 9.34327373725008e-07 1.03981395496167e-06 9.81284447421071e-07 9.25001482487975e-07 8.4469469137094e-07 7.95731886193973e-07 6.82892028280868e-07 7.69079659990179e-07 9.32896843008901e-07 9.08465893778576e-07 9.64517899426642e-07 1.13244269573931e-06 9.3938692365958e-07 1.01611242692146e-06 2.00157696123027e-06 3.42029890005868e-06 2.66668088889643e-06 2.75410319833247e-06 2.39402327074645e-06 1.85884463010932e-06 2.00855333607475e-06 2.13795161050356e-06 1.86375007019679e-06 2.93961158905898e-06 4.35670032961077e-06 5.4388013180251e-06 3.96983217563207e-06 3.34762898357432e-06
2.64284184536834e-08 3.87158073378302e-08 9.47975836496084e-08 1.21865147584277e-07 1.26372645303796e-07 3.54002423719191e-07 7.24691937803446e-07 1.09290683015795e-06 1.2996380560959e-06 1.25405469901807e-06 1.1452004433421e-06 1.398645952011e-06 1.14996818577628e-06 8.5059607556337e-07 9.14492732151384e-07 9.83184414438121e-07 7.23376962330491e-07 6.46895541622783e-07 6.15357850197729e-07 5.72511901453243e-07 6.47508641238304e-07 7.89422225755398e-07 6.71441620703206e-07 7.4861030492368e-07 8.20846538618358e-07 5.97541739477681e-07 5.98502690041247e-07 7.14069479967883e-07 6.13916190128627e-07 9.87223444282037e-07 1.58373455021454e-06 2.24907427097687e-06 3.60000425947415e-06 3.89884293574561e-06 3.41340203273699e-06 2.09239231492297e-06 2.1502615443092e-06 2.48467225238969e-06 2.4341667982708e-06 2.04552786217116e-06 2.30839122601356e-06 4.20421745688238e-06 3.67780852539301e-06 9.34782381278865e-06
3.31413688159365e-08 3.64223316284829e-08 6.02407735694754e-08 1.28216480843601e-07 1.76752296543459e-07 3.93814146815163e-07 7.2579215737445e-07 1.56499838749324e-06 1.61488363048523e-06 1.22976944163522e-06 7.86541555719555e-07 9.23145613240806e-07 1.04411723977904e-06 8.84215574381564e-07 6.01669818223183e-07 6.50827244608188e-07 7.45840766247507e-07 5.19496921969065e-07 2.0839536396533e-08 5.30178734736708e-07 4.98129483095244e-07 4.73395802791376e-07 4.30165585951769e-07 5.62207688215022e-07 6.26058586339351e-07 4.76992412179467e-07 4.56214956645606e-07 4.41446768040255e-07 4.53852497972473e-07 6.76043898750756e-07 9.97562690829845e-07 1.6347129015104e-06 1.35378296024502e-06 1.65982035728041e-06 1.10979855592053e-06 6.43159843245478e-06 1.08359121970825e-06 1.13716144880538e-06 1.28413968769614e-06 1.55979716017773e-06 1.90479873770633e-06 2.13959110701989e-06 3.015413959917e-06 4.61844661527877e-06
3.63110526313548e-08 4.95882292450567e-08 8.32429240094079e-08 1.63718779977451e-07 2.37738969099954e-07 4.17884209691355e-07 8.41710663257445e-07 2.19803390463236e-06 1.31152911969634e-06 9.15279180302431e-07 6.86795362281334e-07 5.3181045027717e-07 6.24606630783564e-07 6.8140702975672e-07 4.50575158650324e-07 4.123759034802e-07 4.57854863411544e-07 6.64014716356132e-07 4.14152779970589e-07 4.47084204413528e-07 3.6579858132546e-07 2.81338530028208e-07 2.61211730878674e-07 3.13351911351845e-07 3.42150986898382e-07 3.5631621223553e-07 2.92519199140973e-07 2.8968375465066e-07 2.81954230096915e-07 3.63803456415734e-07 4.88649003815844e-07 6.27016516829837e-07 6.6043702769969e-07 6.20083067659483e-07 6.50970328608391e-07 7.39393015658507e-07 8.17727505342258e-07 1.4392487517445e-06 2.04414802321695e-06 2.14035575190064e-06 2.13741768666509e-06 2.40701018933143e-06 3.24751486093788e-06 8.39884105889865e-06
4.16714264872553e-08 6.28408606040409e-08 1.61749384497423e-07 3.64220251536373e-07 4.40355480424426e-07 7.93332461868079e-07 1.01430320929019e-06 1.04032169861989e-06 1.05282120006489e-06 7.85501464539706e-07 6.27014761411804e-07 5.30092135564431e-07 3.78125399758122e-07 3.30202261245027e-07 3.40235238527331e-07 4.01973725461247e-07 4.00761059560217e-07 4.86484985784408e-07 4.98077977006961e-07 3.82101056339845e-07 3.12752714037856e-07 2.38777593741801e-07 2.18715198185837e-07 2.08462911521767e-07 1.89675181472282e-07 1.93257107194977e-07 1.8351578469078e-07 2.45361960082846e-07 3.41335667930487e-07 5.4655103689516e-07 4.98083767119795e-07 4.95899729513472e-07 5.84444600471024e-07 7.22450044798872e-07 8.3363981647766e-07 9.78910808113742e-07 1.31816124865347e-06 1.65320712620654e-06 1.91364901968027e-06 3.50220131744017e-06 4.19221983620766e-06 2.48252685465244e-06 1.3424073751489e-06 1.36620725739167e-06
5.08981615188198e-08 8.14162202100732e-08 2.0799656103021e-07 5.38136101291276e-07 7.82890718242779e-07 1.10271934516959e-06 9.91120682114488e-07 8.17466977798276e-07 8.15851057733852e-07 6.10829818303849e-07 3.13837902010672e-07 3.68929410765606e-07 2.49103027372133e-07 1.80807798677574e-07 3.00289989041413e-07 3.92991735587156e-07 3.19719826724629e-07 4.16808661385382e-07 3.52275697856896e-07 2.438912246161e-07 2.09922581595468e-07 1.87709041321593e-07 1.38948795169735e-07 1.14215477731161e-07 1.13524580525048e-07 1.41068173931114e-07 1.76599860501891e-07 2.03375109342208e-07 2.72076657226172e-07 4.01334364896755e-07 5.93682714977728e-07 5.84817940851856e-07 5.26727087124534e-07 8.34939844485127e-07 1.35135676060383e-06 1.39751517186371e-06 1.48054451559743e-06 1.84608530748864e-06 2.36529210078107e-06 8.01419241249768e-06 8.21833107051973e-06 5.77736370392934e-06 2.00733158830513e-06 9.46028930792764e-07
5.85348274850794e-08 1.10745612147412e-07 2.80983925593503e-07 4.56278824534362e-07 7.46593135403373e-07 9.91394461413719e-07 9.12617663861859e-07 6.67062248782546e-07 3.15085334745557e-07 3.66017125030815e-07 1.92076649441209e-07 9.33363025978906e-08 1.06329924198789e-07 1.78137021245028e-07 2.15493967692382e-07 1.49286022166351e-07 1.46001565692888e-07 1.300190967779e-07 1.34411812013902e-07 1.35872605933063e-07 1.20092221367329e-07 9.20242940960492e-08 8.46682090216433e-08 9.55855947393225e-08 1.11509435052337e-07 1.28293027690241e-07 2.05336326197791e-07 2.98586596958472e-07 3.87732764295379e-07 4.00981702219916e-07 2.80606168836517e-06 6.06852843798578e-07 5.41652880836629e-07 7.76841395955241e-07 1.22833894714569e-06 1.73043159561459e-06 4.58683453306019e-06 3.56168607873464e-06 3.39533883063625e-06 7.14210117642722e-06 1.6208213357416e-05 1.14471058019205e-05 3.78596576471324e-06 2.14383852562561e-06
