Scripts_&_data/Maxent_result_files_1/Bombus_subterraneus_3.asc
NCOLS 594 
NROWS 330 
XLLCORNER -15 
YLLCORNER 23 
CELLSIZE 0.166666666666667 
NODATA_value -9999 
[rows 294 to 314 of 330, columns 92 to 137 of 594]
2.39550396852195e-08 2.07761381210148e-08 8.29632467169716e-09 2.60098574789147e-08 3.28821120665346e-08 4.0234376730286e-08 4.68658780450326e-08 5.73324315911172e-08 5.45694117448647e-08 4.61773149607048e-08 6.73415309404568e-08 2.69182114487343e-08 2.41499914510612e-08 8.704581266894e-08 3.14286497937744e-08 4.13391182507716e-08 2.80854106415873e-08 4.83822880648077e-08 2.95088305568569e-08 7.87105057797888e-08 6.87953944145114e-08 8.27672124614764e-08 3.50983643149227e-08 7.78444958382529e-08 7.7266959030986e-08 6.67406690690875e-08 5.74637438743864e-08 6.20573040954753e-08 6.11319079690809e-08 6.37999806762934e-08 6.47841707279717e-08 7.51402455811956e-08 7.51689987366078e-08 7.85581066531371e-08 7.60289931345248e-08 7.3963162394719e-08 7.3381156073804e-08 7.10946620685604e-08 7.2576666743096e-08 7.90122222649181e-08 8.73781818677699e-08 9.81771635877315e-08 1.09806651027444e-07 1.17298841362246e-07 1.26670434041909e-07 1.2906676470914e-07
2.69196424484974e-08 8.44100050967356e-09 1.93288297478666e-08 4.22114913578575e-08 3.37751073220538e-08 3.73536093722926e-08 3.50867830789525e-08 4.27309448824964e-08 4.22572213887307e-08 4.17821693909914e-08 4.4713582558753e-08 4.44538988952914e-08 3.34643286636904e-08 1.66676342394645e-08 2.91476480174246e-08 2.90352625054169e-08 1.26161691538229e-08 1.74719050227701e-08 4.65533798843509e-08 1.80013778772192e-08 1.15843682757522e-08 9.46598999074233e-08 5.59599989458093e-08 8.08445568711846e-08 7.97964803345153e-08 7.77316601863198e-08 6.88372205903676e-08 6.57239972223778e-08 6.73183179977777e-08 6.68667144765322e-08 6.89664966357917e-08 7.33043951428591e-08 7.69344029927232e-08 7.68463872868885e-08 7.67040246874018e-08 7.39277265626725e-08 8.15166461554107e-08 8.36098338119484e-08 8.98767380852483e-08 9.07215115586446e-08 1.05565543251362e-07 1.13823760194975e-07 1.16765888558135e-07 1.42597430285996e-07 1.65150721087581e-07 1.88671806311547e-07
1.7535352081488e-08 2.62485606916663e-08 2.27913859451867e-08 4.26018394006356e-08 3.02473635693801e-08 3.34021414083452e-08 3.58343547723905e-08 3.46620586566537e-08 8.45980677732783e-09 1.05083880819201e-08 5.42541853776335e-08 7.03252759803874e-08 2.57658443802988e-08 1.76870571522159e-08 3.75619648385062e-08 1.17796687737481e-08 1.11723141738018e-08 1.55889255282204e-08 1.30916560481253e-08 1.14437372356058e-08 1.17671195565272e-08 6.88497488909867e-08 1.00862475671537e-07 9.77018273951025e-08 9.52745603077787e-08 8.52725578259772e-08 6.79652097379524e-08 7.46647691007851e-08 8.17298069999417e-08 7.23573454708415e-08 7.27063623529034e-08 7.61140141247729e-08 7.9218640214318e-08 8.02111607911549e-08 8.39764155768918e-08 9.58120047966915e-08 1.11951473713567e-07 1.1288779346863e-07 1.1259332957092e-07 1.05850938947327e-07 1.08905779783175e-07 1.19744300319802e-07 1.5088631050153e-07 1.67419025387527e-07 1.74082308124213e-07 1.70781233466144e-07
2.16610781422766e-08 2.19853334204601e-08 3.01232148780528e-08 4.1687775875765e-08 2.77929878333971e-08 2.8220602599216e-08 2.89990303992127e-08 1.4599396713777e-08 2.13009046512447e-08 1.54630750315299e-08 1.62382298607433e-08 5.05518465199195e-08 1.68213624585078e-08 1.85164828581108e-08 1.17743230942935e-08 1.69293902563261e-08 1.16125998927963e-08 1.32604010882886e-08 1.28745016203524e-08 1.40971184947603e-08 2.87635796403229e-08 6.24174598784499e-08 1.03387758687568e-07 9.09119558301086e-08 8.67542551352685e-08 8.41270707763187e-08 8.89911818235944e-08 1.09873990261633e-07 9.32757695859543e-08 8.97852455827852e-08 9.00000792558586e-08 9.33373783484903e-08 9.89442611953884e-08 1.00776308686878e-07 1.06490097617762e-07 1.22272939628854e-07 1.21586514234551e-07 1.15572178049916e-07 1.14359705694067e-07 1.24051784300416e-07 1.28380768504854e-07 1.38141137695502e-07 1.495324522649e-07 1.65285104047896e-07 1.95797668856024e-07 1.51212924670574e-07
2.72107475440819e-08 2.84019768037602e-08 2.99732807240716e-08 1.54546809238987e-08 3.18316311642697e-08 2.09834878583948e-08 3.76807978152982e-08 4.02040537084147e-08 5.10059842695476e-08 4.98823969685702e-08 5.35245023414177e-08 3.28059164056427e-08 1.74042197209623e-08 2.2486659279064e-08 1.78675864215272e-08 1.25410583473595e-08 1.26986056447898e-08 1.21889029980338e-08 1.34353573821855e-08 1.79031010683062e-08 5.28642700392545e-08 1.04668205191949e-07 1.09294711048147e-07 9.10629874728563e-08 8.70788028128899e-08 8.76057734133795e-08 1.04828788849431e-07 1.10767454808425e-07 1.07831033713257e-07 1.060351069615e-07 1.11285177684106e-07 1.13179794380969e-07 1.0766576575838e-07 1.12457517165154e-07 1.27836349550492e-07 1.13048498917578e-07 1.10082336424178e-07 1.34144445795847e-07 1.25431874431481e-07 1.2882223865418e-07 1.28007657973495e-07 1.15002392642172e-07 1.08925471109522e-07 1.03036298615411e-07 1.06104855113198e-07 1.21126659835546e-07
2.83897822583867e-08 2.88614087740058e-08 2.81716495464934e-08 3.80511497755087e-08 3.19578677299148e-08 4.46808029908041e-08 4.08495898218675e-08 6.40984967326119e-08 9.02249812750888e-08 9.58979180398778e-08 7.01983808970574e-08 3.61701172568729e-08 1.77222157615731e-08 3.25237885179241e-08 1.44710248672908e-08 1.19303910417479e-08 1.20338395581676e-08 1.27364818247599e-08 1.44617457786822e-08 2.88797369241145e-08 6.8327696567394e-08 7.63088686128732e-08 8.64699738700736e-08 8.06264194741502e-08 8.43107369585816e-08 1.0079029600929e-07 1.11282339720908e-07 1.3134021297212e-07 1.39524548381509e-07 1.31572550543524e-07 1.26978493764085e-07 1.28788475606267e-07 1.21785531415064e-07 1.1238833802496e-07 1.14897462588637e-07 1.06867302507307e-07 1.05101691860732e-07 1.03406558615848e-07 9.90052111848883e-08 9.24928207468589e-08 1.01886948855601e-07 1.02300011695089e-07 1.12806038898849e-07 1.1658947859372e-07 1.20575871409567e-07 1.28434623902773e-07
2.88253439006958e-08 2.84780081960534e-08 2.78620877813829e-08 2.72456763594775e-08 2.98482016547474e-08 3.47300467828937e-08 7.08014151307168e-08 8.92633396087916e-08 1.82340229926137e-07 1.60864253706539e-07 5.09490339140051e-08 3.30172469142909e-08 4.01878044842263e-08 1.98896847325436e-08 2.63682090717587e-08 2.67252701191545e-08 3.9034828802631e-08 3.52200991926566e-08 2.73375456716352e-08 6.72026974957163e-08 1.24084651709211e-07 9.73038439822105e-08 7.68603613421348e-08 7.56053127548562e-08 8.10114881510948e-08 1.01028965004968e-07 1.20367746103689e-07 1.42979821760036e-07 1.44076660180126e-07 1.49648818514869e-07 1.29351563160629e-07 1.30238771511859e-07 1.13639347132377e-07 1.15001368061751e-07 1.29332505771629e-07 1.11587788054202e-07 1.20432005856763e-07 1.0277120383595e-07 1.05543094497396e-07 1.02360064646589e-07 1.04780313447961e-07 1.13967010817451e-07 1.30700148315288e-07 1.26705996728038e-07 1.21643136219429e-07 1.27778981429127e-07
2.70847607675151e-08 2.57160817307422e-08 2.40069343959703e-08 2.96023992985006e-08 4.17969290400499e-08 5.9509281857828e-08 3.71758010597745e-08 6.32320437010669e-08 1.013145641382e-07 7.12296523097677e-08 3.1944349365709e-08 3.03566609294315e-08 3.38174345637654e-08 3.62408259735325e-08 3.70732495591497e-08 3.55770261806221e-08 3.53446226952769e-08 5.53711680950641e-08 6.31543998097506e-08 6.37539637415863e-08 7.50365227730754e-08 7.07482102235701e-08 7.2796744543524e-08 7.7438715906375e-08 8.68023711464439e-08 9.466709025574e-08 1.1409697704412e-07 1.28688318601355e-07 1.44662946566232e-07 1.36872841083324e-07 1.16477916767277e-07 1.23371895832669e-07 1.09877754239651e-07 1.28037720070751e-07 1.33601411966833e-07 1.20120131041901e-07 1.18661954340293e-07 1.05825435492424e-07 1.07415919081699e-07 1.08716314861645e-07 1.19147468657932e-07 1.33769653087867e-07 1.32563044730194e-07 1.1756628588433e-07 1.16749246958925e-07 1.15247117382644e-07
2.51806853257541e-08 2.47379194684427e-08 2.4970898981902e-08 2.6459184576666e-08 3.13631283721527e-08 4.28147748365859e-08 4.44839506785755e-08 5.56598771073169e-08 4.77703134049712e-08 3.86338625313343e-08 2.90668153990481e-08 2.87298659640278e-08 3.02679802222094e-08 3.47796799804456e-08 3.88516707694464e-08 3.4537826909542e-08 3.32984079198795e-08 4.01549499429166e-08 4.53555285218066e-08 4.99470929726797e-08 5.82778005409068e-08 6.44054163223551e-08 7.06984617071527e-08 7.9760988047628e-08 8.5081793610442e-08 8.83685052910366e-08 9.38457695442985e-08 1.07299830442997e-07 1.27976179509215e-07 1.3773169147413e-07 1.40011194904588e-07 1.35087821573343e-07 1.29270384174873e-07 1.22034390070969e-07 1.19565871881111e-07 1.22915297740001e-07 1.20287287419529e-07 1.08399672993364e-07 1.06020767420834e-07 1.03909768656152e-07 1.12734761015254e-07 1.09998064401484e-07 1.10208410009083e-07 1.120520225939e-07 1.11277128767018e-07 1.09885682952893e-07
2.15985896168114e-08 2.31084784307889e-08 2.39980649907601e-08 2.68779003720354e-08 2.73207906520412e-08 3.44223519688214e-08 3.71141513300088e-08 3.79934984917618e-08 3.4635595824728e-08 2.98824605837744e-08 2.61042215066176e-08 2.77218612732e-08 2.23561350876089e-08 2.81282119041215e-08 3.12298753191165e-08 2.71856055000796e-08 3.15221358571094e-08 3.7193788293699e-08 3.77199975587494e-08 4.06617815640331e-08 5.31325456964993e-08 5.92142912037019e-08 6.59540865477482e-08 7.31791791608316e-08 8.41220232916662e-08 9.35762702436449e-08 1.00647948864108e-07 1.00229012411912e-07 1.07909108193471e-07 1.40356071098857e-07 1.44476658736625e-07 1.47938885175503e-07 1.24496224185311e-07 1.15726949800887e-07 1.30528684583187e-07 1.20114591173337e-07 1.10310702250427e-07 1.05532318550594e-07 1.14873661760662e-07 9.76333682789488e-08 9.82636443991325e-08 1.01961864296118e-07 1.05394746430232e-07 1.07541271332501e-07 1.06051909631866e-07 1.05568575203829e-07
1.87597697265396e-08 2.1245680237314e-08 2.53744818823343e-08 2.61839632864636e-08 2.40530548367701e-08 2.55036052609903e-08 2.88467916331747e-08 3.00826864862991e-08 2.82060666378925e-08 2.45569960255487e-08 2.28863411666502e-08 2.17527778123561e-08 2.32079707562782e-08 2.3863084985809e-08 2.37851776385689e-08 2.71790722039533e-08 3.18085806805257e-08 3.64280768105907e-08 3.94607129416968e-08 2.82174889343345e-08 4.05151178828334e-08 5.43948458164856e-08 6.17606139341476e-08 7.57150981578469e-08 8.88783155628126e-08 1.02174823801704e-07 1.09092803235455e-07 1.1071352928882e-07 1.08278382116023e-07 1.04344012985536e-07 1.0691614300562e-07 1.03512214866264e-07 1.02341621466273e-07 1.10823357946099e-07 1.18855617847746e-07 1.04171620607385e-07 1.10661398622369e-07 1.12023854692556e-07 1.10713963441533e-07 9.30224704487337e-08 8.42947173174124e-08 9.48591913352281e-08 1.01051286949261e-07 1.03825166775096e-07 1.04296970659945e-07 9.91076769207844e-08
1.77793247013724e-08 1.96654491801951e-08 2.04541801496205e-08 2.20261221595131e-08 2.30196047223963e-08 2.49946445873839e-08 2.71735779211468e-08 2.68497349020791e-08 2.43892143592106e-08 2.32502745944885e-08 2.18445200483863e-08 1.95797759894312e-08 1.92519727826301e-08 2.15368928802029e-08 2.29339888746516e-08 2.70429054483046e-08 2.91855926426443e-08 2.81597120177501e-08 2.92017174441384e-08 3.12969134053098e-08 3.8079089337284e-08 5.23531349494455e-08 6.10594821814914e-08 7.16890395935366e-08 8.33877656813975e-08 9.36207632196151e-08 1.06906740571233e-07 1.15180861604003e-07 1.07071592403418e-07 1.02132600032778e-07 1.05211685275108e-07 1.0382349850957e-07 9.95234980649684e-08 1.16772031466539e-07 9.82333779764311e-08 8.56711793950638e-08 1.08629174278008e-07 1.1440433796972e-07 9.91528961824528e-08 1.1857720910724e-07 7.86127401619652e-08 8.58245820078984e-08 9.20870685594544e-08 9.62352295075242e-08 9.69037870501843e-08 9.36986339405976e-08
1.69682203066124e-08 1.94699159572487e-08 2.17904731258933e-08 1.98272897100615e-08 3.06802144245388e-08 2.57717806984026e-08 2.52837517700222e-08 2.38752274728249e-08 2.32493926666244e-08 1.90096789975946e-08 2.37745233055975e-08 2.42986185505778e-08 1.87556607800232e-08 1.90215722617459e-08 2.15387541135925e-08 2.1725372911785e-08 2.31706265507725e-08 2.46656701619052e-08 2.75774469593593e-08 3.08533628201602e-08 3.99950570884044e-08 4.56469745446775e-08 6.03896171402774e-08 7.0860448864174e-08 8.45922225933826e-08 8.60174623085186e-08 9.63349860105822e-08 9.04828862058338e-08 1.0051912087139e-07 1.01930437879094e-07 7.98114341393763e-08 1.02005915236791e-07 1.02732924278648e-07 1.32463297686236e-07 7.8294592453787e-08 8.39215035464136e-08 9.88923299138911e-08 1.04091211439172e-07 1.05535015160196e-07 1.16765367419447e-07 1.11226121124464e-07 7.94352204125381e-08 8.3755794644258e-08 8.47913923185395e-08 8.75726284932377e-08 8.92850781974985e-08
1.47183003007534e-08 1.59830775836589e-08 1.89712963338806e-08 2.04050232155417e-08 2.22196325561086e-08 2.15450745355561e-08 2.3502690116306e-08 2.42686190143893e-08 2.21158327762261e-08 1.59621621587114e-08 1.69733375909864e-08 1.80428826990209e-08 1.80216593981264e-08 1.91374266544919e-08 1.86366519216996e-08 2.00048445364587e-08 2.05610151238211e-08 2.50943982260665e-08 2.57546085236093e-08 2.93356924196964e-08 3.69906227981609e-08 3.70694678064609e-08 4.4872953530728e-08 5.58360914171274e-08 6.02344670475041e-08 6.44812988115362e-08 7.90428539287902e-08 9.80111998560851e-08 7.66405401031456e-08 1.16162455932045e-07 1.03834753195642e-07 1.19514830099199e-07 1.83432789824245e-07 2.19624577524336e-07 1.24462689554683e-07 8.00463421990472e-08 8.80493241317559e-08 9.88005715685247e-08 1.05709153364053e-07 1.04395361699705e-07 1.06984605330318e-07 1.20547201742927e-07 7.68488616520457e-08 8.03928917325614e-08 8.89734534048614e-08 9.19751073968911e-08
1.3178671398606e-08 1.47573187336825e-08 1.91446870245748e-08 1.73312312945484e-08 1.58537022287852e-08 1.56712978149898e-08 1.45727866329715e-08 1.53606877884016e-08 1.44256435463674e-08 1.52620008631033e-08 1.49812887650924e-08 1.62095427524989e-08 1.6756318732547e-08 1.77013897761924e-08 1.91192217946501e-08 1.97719144834352e-08 2.23025469869853e-08 2.6607114211874e-08 2.47885386106539e-08 2.89620365911958e-08 3.23800805501762e-08 3.21660234781085e-08 3.60884206185297e-08 4.21483398738154e-08 4.92888801550961e-08 5.10929134112104e-08 9.35891391051769e-08 1.54364956117536e-07 1.33176760019893e-07 1.0616195366131e-07 1.43591472823168e-07 2.13438971163882e-07 3.18022203193991e-07 2.70715255268339e-07 1.37768506469627e-07 1.04072367723695e-07 8.08697869891795e-08 8.53548119073011e-08 1.01855232670367e-07 9.59140440293105e-08 1.01521261153259e-07 1.019526578383e-07 8.55131912169682e-08 8.84989919014423e-08 7.37288173513484e-08 7.78016557179129e-08
1.62001139836221e-08 1.46637090803203e-08 1.70652674880145e-08 1.57618050500297e-08 1.25600783440483e-08 1.27588525411504e-08 1.21482801818118e-08 1.21955570420162e-08 1.32690698206872e-08 1.43049189382793e-08 1.64304999605847e-08 1.6059043828065e-08 1.7204446756125e-08 1.83312879098452e-08 1.83494287653296e-08 2.081263760223e-08 2.31719839094424e-08 2.37544095837983e-08 2.41385383903392e-08 4.4560196710286e-08 3.21700609484665e-08 3.18731728898847e-08 3.46573425069607e-08 4.23823808826107e-08 4.46705130219272e-08 5.05312946597059e-08 8.53173517945116e-08 1.14405028095454e-07 1.26027623825742e-07 1.07870638255125e-07 1.61975266488312e-07 3.30862838437973e-07 3.71173748603404e-07 2.43698716584362e-07 1.63487136761731e-07 1.05295919183845e-07 1.17742538763288e-07 7.2035139497828e-08 7.95057464642035e-08 8.83334269397018e-08 1.42501422584207e-07 9.86075395115193e-08 1.22015783377005e-07 2.04469963915876e-07 1.14758142832905e-07 1.18539986204702e-07
2.39673197621748e-08 1.89091011737474e-08 1.52552774079773e-08 1.58321495802305e-08 1.47805066963436e-08 1.34002164142721e-08 1.2436044849462e-08 1.28701729162906e-08 1.24203065055006e-08 1.427731816106e-08 1.86157198323045e-08 1.86339062735463e-08 1.81701549140101e-08 2.07217679681904e-08 1.99227067620988e-08 2.31332730860068e-08 2.59625992038437e-08 2.57827029948032e-08 2.64540735095409e-08 4.58441122286324e-08 4.23217950573651e-08 3.4158619999225e-08 3.74676176528865e-08 4.07660589840653e-08 4.75448243886234e-08 7.13283145215016e-08 1.11140565206558e-07 1.32936317365218e-07 1.10875061132276e-07 1.08009167176792e-07 2.05035700495682e-07 2.66795623793392e-07 3.99002113327107e-07 5.31370262113473e-07 3.62937749387449e-07 1.73250013524306e-07 1.76561141873588e-07 1.37450826542818e-07 9.55644304467818e-08 9.41799083831185e-08 2.08958137215554e-07 1.31754388066341e-07 1.55386665523505e-07 3.54297796711922e-07 6.2603147599205e-08 2.71960971598428e-07
2.71419786979088e-08 2.11256599991216e-08 1.96306201183383e-08 1.69479059008992e-08 1.61535764764409e-08 1.42138921854773e-08 1.36288042296151e-08 1.44175942073943e-08 1.44774348731502e-08 1.74355944571047e-08 2.2302949309605e-08 2.1613436307355e-08 2.10833969949142e-08 2.18569767951315e-08 2.26916206491623e-08 2.78859213831417e-08 3.08374916047072e-08 2.90094931076901e-08 3.02204130164796e-08 5.76360114190599e-08 6.16025042310398e-08 3.67749739438317e-08 3.71472832716435e-08 5.44265467583571e-08 8.63955253005422e-08 1.55864166861974e-07 2.0549388672908e-07 1.02114892386318e-07 1.16316140441608e-07 1.13911174959291e-07 1.57694904601158e-07 1.99814577861446e-07 2.43090090701337e-07 3.0238902567481e-07 3.54884065922878e-07 4.39991915712756e-07 2.41947585377655e-07 2.18455298595099e-07 2.07252149508896e-07 2.19548782964818e-07 2.1161637470124e-07 2.89492541127867e-07 2.54534873600498e-07 1.16012932316334e-07 3.16365570973698e-07 3.61516347779922e-07
2.77363184753021e-08 2.58680647569065e-08 2.29242615001901e-08 1.87812120855391e-08 1.6785691203669e-08 1.47953541862478e-08 1.48910881736519e-08 1.53880030495657e-08 1.63713365752827e-08 2.02547206229475e-08 2.38522850359857e-08 2.27709779476726e-08 2.61094426856623e-08 2.50816995839287e-08 2.43281662370975e-08 2.80204856206723e-08 3.25933656619704e-08 3.21042713080644e-08 3.69405766975639e-08 5.96379228889887e-08 1.07619982048224e-07 5.37868581229617e-08 5.33509561306822e-08 9.84277310767112e-08 1.21560078836236e-07 2.01034449121007e-07 4.9107346280497e-07 1.81155153045065e-07 1.1812185606308e-07 1.3627803789884e-07 1.89070978939831e-07 2.85227566976243e-07 2.64818852657722e-07 2.87920541164333e-07 2.95483245127404e-07 3.50445436558822e-07 4.15698116762453e-07 4.10177293663772e-07 3.7387803379918e-07 3.6390377821105e-07 3.07713648706187e-07 6.82620433978265e-07 6.37907869349696e-07 4.93379587973575e-07 5.96285046483569e-07 1.45578707921867e-07
2.87946319232901e-08 2.5349740395697e-08 2.10010601686683e-08 2.00205329314862e-08 1.81132945975548e-08 1.55112125810319e-08 1.56892590474911e-08 1.7507715055487e-08 1.93518441271578e-08 2.25558364097544e-08 2.54956964207409e-08 2.55812215299578e-08 2.81894194431587e-08 3.08078906829934e-08 2.82501482873343e-08 2.86679017746927e-08 3.1180557014121e-08 4.37504146577616e-08 5.13303822002875e-08 6.23195698601364e-08 9.85084130489255e-08 7.77958144015933e-08 7.83781823665564e-08 1.50059799275404e-07 2.73651637605621e-07 3.52830086725042e-07 9.74267289199915e-07 1.01353994419462e-07 1.70734569193698e-07 1.12766020854416e-07 1.99162194625124e-07 3.11982736289629e-07 3.47636474185009e-07 2.76986631042586e-07 3.25861417349582e-07 3.11262051688743e-07 4.00957790047673e-07 5.25924234950903e-07 6.19214631747411e-07 5.40751308408805e-07 4.30593257372269e-07 5.1731466200744e-07 5.98246855110229e-07 6.84043527043876e-07 6.39449139872017e-07 2.10255089672096e-07
2.83151968316631e-08 2.80711813349654e-08 2.31122324279021e-08 1.83304415091179e-08 1.72509956097855e-08 1.59430202373301e-08 1.64792560042315e-08 1.65628460280232e-08 1.86737405649673e-08 2.19575989168774e-08 2.41719331994794e-08 2.73243970116965e-08 3.00915416695524e-08 3.13934013229655e-08 3.15548817519939e-08 3.4456965047891e-08 3.76456294470806e-08 5.15738120099307e-08 5.72308255564202e-08 5.81313344016898e-08 9.14905809445976e-08 1.37247421749809e-07 1.59398939436617e-07 2.10512630416382e-07 4.56524829139937e-07 1.5874510717051e-06 5.2325201918002e-07 2.59957855752724e-07 2.53124487181733e-07 2.4529696810438e-07 2.37418090121011e-07 3.65435097626765e-07 4.97463857918046e-07 4.29766356691008e-07 2.47373112227667e-07 3.4666168329256e-07 4.12122270254667e-07 5.5705541462947e-07 7.40683922761942e-07 7.17646654424531e-07 8.35947084432131e-07 8.31466602946307e-07 1.16665133603755e-06 1.15842693126922e-06 1.10647141424725e-06 4.10404071415904e-07
