Scripts_&_data/Maxent_result_files_1/Bombus_persicus_3.asc
NCOLS 594 
NROWS 330 
XLLCORNER -15 
YLLCORNER 23 
CELLSIZE 0.166666666666667 
NODATA_value -9999 
[rows 42 to 62 of 330, columns 235 to 281 of 594]
-9999 -9999 -9999 0.000338194342027975 1.53017244014952e-05 -9999 -9999 0.000230685932381824 0.000703924416063728 0.000127398623492647 -9999 -9999 -9999 -9999 2.93478148351123e-05 -9999 -9999 -9999 -9999 5.43365826861653e-05 0.00105265939819219 0.00112155375136354 0.000257022203732049 1.25936234401047e-05 9.24606974876951e-06 9.72830898339216e-06 -9999 -9999 -9999 -9999 -9999 -9999 -9999 -9999 -9999 -9999 -9999 -9999 -9999 -9999 -9999 -9999 -9999 -9999 -9999 -9999 -9999
-9999 2.70066724087803e-05 0.000168525347534931 0.0013916787233029 0.000162437286664707 0.0011888249337062 0.000612102372724621 0.0016675867169397 0.000168995256284177 -9999 -9999 -9999 9.71631379531601e-06 0.000102455210211638 1.96715783488899e-05 -9999 -9999 -9999 0.000100722302274647 0.00211068209609949 0.00113661040704756 2.80614784589739e-05 0.00149565175879616 0.000186252824237876 -9999 -9999 -9999 2.16736148212937e-05 3.14997847893461e-05 5.85763603210276e-05 0.000536001272365638 -9999 -9999 -9999 -9999 -9999 -9999 -9999 -9999 -9999 -9999 -9999 -9999 -9999 -9999 -9999 -9999
0.000195494292344023 0.000639069216686083 7.36702154206625e-05 0.00018649306473435 0.000174245163452724 0.000291558038634321 3.47989148249739e-05 -9999 -9999 -9999 1.15128278182164e-05 0.000630494399592862 0.000706069056832348 0.000753650817932794 0.000655775348796794 -9999 -9999 0.000367643964671061 0.000359672176273307 0.000678362088365247 0.000115468712198619 0.00103660977511026 5.16929833172974e-05 7.53577636133151e-05 -9999 -9999 0.000241712096612901 0.000141956598963588 0.000221891008550301 0.000970958794641774 0.000391975130696665 0.00152595221588854 0.000427824745474936 6.13341261198608e-06 3.0538920163059e-05 0.000104410299949009 0.000195727533470103 -9999 -9999 -9999 -9999 -9999 -9999 -9999 -9999 -9999 -9999
0.000193130034949718 0.000304133275949425 0.00021877980636944 0.0001686280564964 0.000204025847917322 0.000391917582795198 -9999 -9999 6.28045499051932e-05 0.00239865886687767 0.000280519318386263 0.000444261785014532 0.000646465897443704 0.00066781191926566 7.31523910929788e-05 7.71490158683719e-05 0.000281128960705246 0.000549524977395777 0.000188486123809306 0.000205528897575913 0.000250716469173817 0.000326442238983882 0.000701450948638538 0.00145628029422608 0.00442500013160181 0.00231131008519654 0.00123130843625123 5.88791399347088e-05 0.000417889775417279 0.000212603426290237 0.000255232192689192 0.000568378448588192 0.000184581329813227 5.73980733499013e-05 0.000205197995023809 6.11546569814436e-05 0.000140645333465272 0.000223425657941334 0.000305896894610669 0.000113991315070017 3.5979391806007e-05 -9999 -9999 -9999 -9999 -9999 -9999
0.000131920550146114 0.000127992706261715 0.000167115326069578 0.000180963527457445 0.00202401654619271 -9999 -9999 0.000320231021697737 0.00717834294773638 0.00756674702861346 0.00284108561027097 0.00662633384636138 0.000291231680743309 0.000309984920343109 0.00364922327862587 0.00128601778415032 0.000321227271784275 0.000262600922235001 0.00023022322828411 0.000256650449505136 0.000270835666193192 0.000303450691235951 0.000341338500258537 0.00139900371616959 0.00111903776260216 0.00135593295239654 0.0011342823651759 0.00138054528567029 0.00168774555218383 0.00117953369085848 0.000302314485119259 0.000322838907323586 0.000365653228072915 0.000221390036006586 9.34479730624882e-05 0.000207305224103038 0.000225401086527199 4.97682873003669e-05 5.82482246916927e-06 -9999 -9999 -9999 -9999 -9999 -9999 -9999 -9999
0.000150868846456231 0.000657951587345451 0.000295492091299088 0.00190131871931953 0.00318885583837982 0.00103334246032318 0.000379623310436727 0.0146030164207332 0.0042837970337132 0.00125164794153534 0.0174197493121032 0.028548773320622 0.000686484365724027 0.00078077707439661 0.00425764220854035 0.00126491818955401 0.000361979949911562 0.000387053169337748 0.000407047440670083 0.000432029137937628 0.00042422564463428 0.000443371567465323 0.000466853229325015 0.00151007942264654 0.00039911721584398 0.000433083254225208 0.000685460794526627 0.0023886805280199 0.00022519956171867 0.00015238168323215 -9999 -9999 -9999 2.75854156981836e-05 4.75571638513639e-05 -9999 -9999 -9999 -9999 -9999 -9999 -9999 -9999 -9999 -9999 -9999 -9999
0.000157462807302688 0.00115691921237158 0.000394816942922449 0.000378435459532434 0.000695663109862554 0.000937971122074899 0.00119374089408666 0.000562550331960665 0.00023754714748877 0.000869973110093269 0.000536416092716641 0.00536293658515206 0.00359342089795973 0.000486816200434514 0.000431882085120849 0.000491660703537955 0.00135580776879717 0.0014467568000686 0.000538790141258372 0.000425440113519004 0.000454368396074833 0.000558506587898455 0.000631917964247053 0.00155906935933778 0.000344519262193954 0.000362923935230597 0.000371091195171136 0.00011227806627403 0.000609554632757181 0.00140004681888968 0.00149756435421295 0.0031412735581398 0.00483822236710694 -9999 -9999 -9999 -9999 -9999 -9999 -9999 -9999 -9999 -9999 -9999 -9999 -9999 -9999
0.000297618926198395 0.000185734847044272 0.000336941109896838 0.000422744793408281 0.00063784520430481 0.000411895332403867 0.000281834656389068 0.000120161986091161 8.4324030272287e-05 0.00014276535881893 0.00014694650533309 0.000234081626288929 0.000321992642048363 0.00046349979528344 0.000442547745835253 0.000512457246791054 0.000441515454233177 0.000372183472372012 0.000493295119677672 0.000472435500470425 0.000414369247081403 0.00047008432840645 0.000588554273594788 0.000451406331008208 0.000347072781964619 0.000341707591799356 0.000407315521799678 0.000263683918274182 0.000701985264881766 0.000671159176515057 0.000295082780576195 0.00124031129614715 0.00277491421975713 0.00249001551912329 0.0206987051060423 0.00460339089913759 0.00194914539461024 0.00124416118651425 0.00208320231831749 0.000129794606311862 2.27708980622854e-05 2.17047428399342e-05 -9999 -9999 -9999 0.000314860884550683 0.00113927971078738
0.000360638085576137 0.000234135045477069 0.000217369866169503 0.000273630665469404 0.000375246385390426 0.000199158583758585 0.000125308713561256 8.93708678567751e-05 8.25086796734431e-05 6.27310808645643e-05 0.000115634320905722 0.000200386737898794 0.000245278169589713 0.000627473178724358 0.000574061094964495 0.000491520063462492 0.00046470057175243 0.000303334781996423 0.000286482087521645 0.000334853585841499 0.000400766397290397 0.000558181001320035 0.00056879644021981 0.000191730014039737 0.000380251083303607 0.000415396308631 0.000885671578466329 0.00548618544416968 0.00323512756440323 0.00194845249252374 0.00168833973552607 0.00121108821551722 0.00138777398051477 0.00136435405548113 0.00210732982794291 0.00501789376139641 0.00474906380477506 0.00108179365431225 0.000505615227377765 0.000624569649744444 0.000604849587868128 0.00357494426934863 0.00314132860512473 0.00115992503415328 0.00823028617051511 0.00997289402294481 0.00466989607957657
0.000185947722860036 0.000148356117201254 0.000158409547424154 8.42734035359172e-05 0.000120703010965961 0.000269246046230653 9.23314509228446e-05 8.18487780246402e-05 7.18266322734085e-05 6.89435838047037e-05 0.000161370291516871 0.000211516549262658 0.000188435446497759 0.000352999880454963 0.00034975351062092 0.000265514525728261 0.000322049399997038 0.000306989019957815 0.000310671679364205 0.000501781492837949 0.000327585222746718 0.00100099879000668 0.00204832436779727 0.000157955066651994 0.000809535547415419 0.00155053838455919 0.00127506667995121 0.00166492810385742 0.00146113769733347 0.00767524125985801 0.00189810498302094 0.00233311632975748 0.00432696757202393 0.00354053294543543 0.000944518073674772 0.0221222278662026 0 0.00263135859568138 0.00235365599946817 0.0016345738171367 0.00161023715045303 0.00147162148252846 0.00141068848024588 0.00268595852830913 0.000610985557434096 0.00216467079007998 0.00953171911532991
0.000203797077123191 0.000149386458549772 0.000146008171318168 0.000102492564884304 9.82522738284142e-05 9.39907849261234e-05 8.73601210159447e-05 8.86968270717436e-05 4.75465225578953e-05 7.83173724315134e-05 9.66767805415159e-05 0.000250368684926072 0.00031126147426539 0.000346220912009765 0.000449217951182179 0.000499521180518847 0.000476939495709428 0.000457863385709389 0.000387375437482174 0.000625356698914359 0.000899183604284959 0.00132817414965174 0.00105961554290843 0.000973960860353762 0.00302640110021603 0.00410697993726676 0.00123410630767489 0.00106685669231137 0.0016066847347323 0.00333674021898037 0.000239210809072332 0.00561654300142016 0.00248770400814919 0.00108862097040565 0.00726367675528101 0.00248032668753295 0.000988183384652663 0.00132074700949643 0.000649631848260412 0.000882426998293961 0.000566957926113432 0.00100074401679606 0.00122389056778047 0.00116598574386444 0.00598977814661339 0.00286359760211781 0.00648321039043367
0.00011783467092229 0.000102690253798543 0.000114237034101183 9.17896573133681e-05 0.000161601675952938 0.000154262525635573 0.000313448839933783 7.82502217661962e-05 5.28477822614559e-05 8.65995651368912e-05 0.000188975311815698 0.00016843264087647 0.000244512859620982 0.000367966744167236 0.000419148931894442 0.000673688634869141 0.0021231216553133 0.00206383670738433 0.000995808147641653 0.000996060145493693 0.00121400196841327 0.0226605634208772 0.0270497695506642 0.00528727009008279 0.0260418270714581 0.000564976694067998 0.00105127547334841 0.0011760719789891 0.000426606009796204 0.00160598831539908 0.000357426058087673 0.00497872298912743 0.00115939736588047 0.000254501917720518 0.00422525880570925 0.00606492350927608 0.0053580488708576 0.0009184099377606 0.00130417678777689 0.000122391230161156 0.00106830814106615 0.0010463728220202 0.00164393028244376 0.00143255224975292 0.00222114893840626 0.00502776200026815 0.00705431301612407
0.00015836295433328 0.000129280012587518 0.000171818184841221 0.000124079017283785 9.91427891470997e-05 0.000136437164686976 0.00010018182519641 8.31005084336311e-05 7.45120770675789e-05 0.000109991530721132 7.50610225456749e-05 0.000248060079862644 0.000262340065395406 0.00062153897466537 0.00129238347144565 0.000189957977159649 0.00134152310422451 0.00357138889958151 0.00514908197947079 0.0388118908274919 0.0605595054104924 0.148851091321558 0.00242819929608781 0.00323683288626192 0.000628375804950776 0.00107059033047712 0.000727522668791714 0.000945575511771357 0.000854619461033812 0.000540801664267332 0.00111460210639226 0.00558266282621505 0.00441994078374941 0.00361117938152067 0.00370467961456599 0.00406963947752956 0.00155406912599575 0.00610344340093434 0.00860203356050988 0.00143832214696099 0.000723369659317541 0.000876595767600874 0.00112339246244129 0.00101607659720528 0.000861950034324299 0.00749849986568734 0.00144155918897517
0.000195447742889665 0.000181409675231436 0.000212602784357407 9.53319481595827e-05 0.000137208198862648 0.000106627406047466 0.000146490475348771 0.000160100074578695 0.000204269857776662 0.000362819753562127 0.000101111468300052 0.000156505073177404 0.000477467113405494 0.000890167146969389 0.000929716346284959 0.000922613555086704 0.000255618397432045 0.00175389610256691 0.00309546404532739 0.00385259017930366 0.000554696859352943 0.00110192458580514 0.00147224649554119 0.00171217901252589 0.00161357206180714 0.00167047871645372 0.00119873112352836 0.00121282804126285 0.00200733147321444 0.000609685691410844 0.00154864354568502 0.0002011191870679 0.00123912822142648 0.0014397342712054 0.00210756681512404 0.00209482253948052 0.00163002496410627 0.00039954880658738 0.000724710653867189 0.00903484227894081 0.00975233464851044 0.00529807738654346 0.000813464225939464 0.00199830321564516 0.00813511620236538 0.00237857156193915 0.00613388300825903
0.000125997572490288 8.29179323069029e-05 9.32396931697776e-05 8.62581085592007e-05 0.000149824616958261 0.000100335160754461 9.42808694385233e-05 8.87313052013838e-05 3.89805712558755e-05 0.000208543674498529 0.000875084335008713 0.000310119684855092 0.000432745510915011 0.000466052778254267 0.000611155509228267 0.000593784871465797 0.000834340908872611 0.000303461169309527 0.000673745713258933 0.000365088186622875 0.000153496356106197 0.000284075585271271 0.000148427502080306 0.000286454987534412 0.000587332155676901 0.000418947222351562 7.89771579320586e-05 6.22549123107774e-05 0.000384602816061308 0.000668032100777016 0.00114218288627898 0.00071052872481232 0.00144403956909016 0.00175628257169078 0.00142206599922442 0.00111151229538657 0.00350566718323394 0.00153151815156595 0.00210324998013576 0.000685887172678101 0.0140983958961442 0.0273788116423882 0.0437972481713432 0.00416334142794065 0.00556432697921991 0.00348994313972071 0.00230381043027988
9.61717470775336e-05 1.8095818717434e-05 2.29031455778905e-05 7.60651289432479e-05 9.89326004186886e-05 0.000118959037542965 0.000240660319336816 0.000179958692447224 0.000193916581964204 0.000227871343486108 0.00018632057507143 0.000179446029545971 0.000192129773182737 0.000566903342587 0.000709154565140946 0.000283745544075797 0.00110726730249578 0.000733417696391836 0.000509993831312272 0.000500154648816287 0.000534869962266515 0.000845797297369766 0.000207230032445249 0.000220594150848996 0.00013030610493161 0.000245882087250604 0.000275806239383769 0.000507929816672004 0.00187374366651056 0.00211654733815578 0.00265713956991362 0.000466178888069735 0.000674062244888773 0.00317034142769402 0.00470588625175878 0.00246340602419535 0.0083849200406803 0.000683991287257868 0.00199560502282369 0.00284059481346048 0.00509545445092954 0.0218883431516588 0.0055860659269042 0.00161424044870273 0.000763391729992691 0.00102879151199815 0.00225847377295648
0.000760770630951924 0.00028293971163359 0.000165590776189872 0.000127507734932497 0.00018752016613075 0.000296803188937111 0.000296102703238155 5.92426827054737e-05 0.000281443215768806 0.000382755561211168 9.09624314076041e-05 0.000397182331030521 0.00109268975443857 0.000937292313334415 0.000323848896828804 3.66652001375201e-05 0.000305616237794648 0.000253921028569304 0.000347907649965451 0.000464505775068369 0.000413734621403072 0.000597375305571213 0.000524421791278928 0.000706613197689876 0.00118010487640277 0.00139957209466957 0.0012213408597745 0.000744353508707718 0.000938859517737001 0.000550608372577699 7.60149922492404e-05 0.00040829353966767 0.00199951236271101 0.00384538965698493 0.00313862357331725 0.000960027154668597 0.00191067164753475 0.000927402142497846 0.00144381247082642 0.000773098038092712 0.00821890303632244 0.00771538448752835 0.00442174746599449 0.000540696071953994 0.00190905380147228 0.00280010149916494 0.00353147468708812
0.00172303141735028 0.000357041855761342 0.000232211350561029 7.04612328263798e-05 5.61648222446642e-05 0.000251686206060475 4.87795140198477e-05 9.83314399407353e-05 5.88177892602459e-05 0.000436067724638178 0.00103148223125361 0.00150577620086777 0.00108831221768926 0.0043895206163406 0.00474323392846352 0.00080936448440494 0.000726051701043429 0.000597260513716391 0.00052027136318884 0.000316784618850519 3.75313507632313e-05 0.000308636411264729 0.000608820301526747 0.000311772005670718 0.00111890962315034 0.000578782348215556 0.00139015766040964 0.00100022205249076 0.000453213391176921 0.000283608893283827 0.000626112551721347 0.000671749576127423 0.000168675121750561 0.000282577997147304 0.000697724701603875 0.00282793354261558 0.000674097201044788 0.00102636314859451 0.00316053120768629 0.000131416211129931 0.000148637722259082 0.00124166356094534 0.00153076810529456 0.0143129646312445 0.0322533475700766 0.000963533177765863 0.00242554830965673
0.000797391958802407 0.000542381319792184 7.8754328396835e-05 6.92367406405214e-05 7.22149057872934e-05 0.000146434597627776 9.48617466190016e-05 0.000150264365545871 0.000158395751411533 0.000502935481979816 0.000835302141378136 0.00186853244694282 0.00216109181588625 0.00105919376464139 0.000967684717497863 0.000597200357822203 0.000416163967240468 0.000488222337475608 0.000447976206075396 0.00164294915157772 0.0360192820182419 0.00230254738164909 0.000549121209041914 0.00260117168729579 3.53838009260699e-05 0.000382623008195138 0.000548156373461817 0.000613400532888975 0.000313409347506877 9.95097270561018e-05 0.000577366673402091 0.00468296262680769 0.000425280170670139 0.00143725909642818 0.000276289829412235 0.000280946791446968 0.000441288250317351 0.00321196428015745 0.000703613784541068 0.00200537535138612 0.00110225431101122 0.00126049839527373 0.000785466797111423 0.00107113713213272 0.00145397121030186 0.0039094785718324 0.00130942477643353
0.000750792523858956 0.00045883431865531 0.000261435256574005 0.000412602780740734 0.00011692358833838 0.000218832530330793 0.000390444479571583 0.00023491953105772 0.000913326370412049 0.00155319887714258 0.000329532056730386 0.00241829303181581 0.0011330753970262 0.0012536547177481 9.70198957973789e-05 0.000261991766636072 6.71581315641046e-05 0.000193987299984255 0.000390210074026787 0.000128044395871463 3.78587243140771e-05 0.000343596845869465 0.000481797939682871 0.000306975319765224 0.000211249639796895 0.000169124331833159 3.21112098362164e-05 0.000236241420952865 0.000522927591263778 0.000167477148397666 0.000649384305892986 0.00279443737905328 0.000917689438087288 0.000438719129523979 0.000400311349325599 0.000113386910377855 0.000391206605854688 0.000150648033741163 0.000534481864313785 0.000392241172061647 0.000550739068307848 0.00189286728855222 0.000574727904313477 0.000126825507095429 0.00168653399184358 0.00227684941791182 0.00302817505144048
0.00101901208981872 0.000240338936881856 0.000406017833650818 0.000387492074350215 0.000337859494617465 2.97519617053599e-05 0.0012429718089892 0.000386974297884979 0.000830039333418942 0.000462183912020542 0.000423053669721751 0.000101331851839825 0.000237184671338353 0.00041122372493656 0.000376809261404598 5.14691645079557e-05 0.000279229003752834 0.000361479473371273 0.000236189822885569 0.000338947550948765 4.72231071060869e-05 7.55409771787896e-05 7.22694309153837e-05 9.12014441595943e-05 0.00037327647155504 0.000360741029726341 0.000231487433620714 0.000468309196878658 0.000324884472684062 0.000454750594022069 0.000311078952108801 0.000909382438545514 0.00106237196150937 0.000585388618559579 0.00339235429335925 0.000676303697376268 8.87794716261103e-05 0 0.000323704146901271 0.000871463425159835 0.000370112069947259 0.00159745166360779 0.000139088945144472 0.000822424937786082 0.000401452480218967 0.00572019568644464 0.0125145403668284
