Scripts_&_data/Maxent_result_files_1/Bombus_laesus_2.asc
NCOLS 594 
NROWS 330 
XLLCORNER -15 
YLLCORNER 23 
CELLSIZE 0.166666666666667 
NODATA_value -9999 
[rows 105 to 125 of 330, columns 423 to 469 of 594]
0.00422611033589533 0.00366695361444727 0.00322186591802165 0.00498616016702727 0.00230048864614218 0.00228012908191886 0.0201226174682233 0.00614182726167201 0.00402017121959943 0.000448139418949722 0.000894443238939857 0.00307111532893032 0.00263611273549031 0.00231894462194759 0.00112191464286298 0.000599952927950653 4.47485988249841e-05 6.85105807137765e-06 1.55909942098131e-05 1.08389929222463e-05 9.7353174608461e-07 1.25247651896476e-06 7.35888602427237e-05 3.769569669132e-06 3.04815333341812e-06 0.000740062374825357 0.00267128291015979 0.00227016041462775 0.00263441841525491 0.00231393752910662 0.00195198918081587 0.00423968178220093 0.000418105386194156 0.00189959239796735 0.00228485937113874 0.00198786982218735 0.00205096131539904 0.00195595208351733 0.0021015155405621 0.00214243608352263 0.00216465823032195 0.00170472464815248 0.0014848136852379 0.000477772242265928 0.00104304759879597 0.0109028753842949 0.00143813961667547
0.0059547888522502 0.00623776928987354 0.00409588178736158 0.00573301738477312 0.0021034671983216 0.00343419921700843 0.00680154380679596 0.00430003954788845 0.0029607864562422 0.0019526582211256 0.00380078943562694 0.00374038656009361 0.00318333234172314 0.00685605653561652 0.00312768879812211 0.000276663842851121 1.68712395394843e-05 5.71872124492945e-06 1.2921549359457e-05 8.09168564161689e-05 9.60057700527539e-07 2.79995493520091e-05 2.36048250934484e-06 0.000364375143544748 0.00259829767164774 0.00256269407400396 0.000686021657747915 0.00819515628973022 0.00255673441570252 0.00221776675898582 0.00228813438880024 0.00175782967708074 0.00308408937271452 0.0021085335931275 0.00241319394408492 0.00394851711425872 0.00352319575565616 0.00343141910897913 0.00241535294917412 0.00169495284935692 0.00281308513804106 0.00220771968597546 0.00216593110526446 0.00195807810814586 0.00139765744825127 0.00830981675007933 0.000716136724140171
0.00580018101099995 0.0122572902648244 0.0030063130077906 0.00457907184609212 0.00118810350613785 0.00277400079229437 0.00757115928149688 0.011675097915213 0.00790759829924354 0.00432432770448941 0.00463003504701192 0.00313877020962536 0.00524665908887982 0.00952981123700738 0.00233328580652596 0.00143307684047613 0.000213291537960458 1.3699682255619e-06 0.000118671494432876 0.000247809992304582 6.86772913354616e-05 5.39833126202982e-06 5.41969507117379e-07 0.000726470366498688 0.000989725763793103 0.00191615996882319 0.00130755269055953 0.00494247899332549 0.00276805448811501 0.00227522973145824 0.00194181229162496 0.00138681394746527 0.00236121912384988 0.00235130357759772 0.00431058960457449 0.000975312423179275 0.00305281933178776 0.00253341816020196 0.00315838297246955 0.0114495060872287 0.00155432089086389 0.0016748230176745 0.00155099594485364 0.00185810295952251 0.00131639949267992 0.0110632466617972 0.00329354238783708
0.00415178070543334 0.00409003976965323 0.00390878227772191 0.00375778901507147 0.0058467551949434 0.00325197640631814 0.00762309691053815 0.00619018659926951 0.00452121674024966 0.00348070403560996 0.0033473391784355 0.00334634083556011 0.00377144021331333 0.00348809304996394 0.00307936594472267 0.000884805494570173 0.000101124506619499 2.12911621074174e-05 2.73488035422709e-05 6.39007190553764e-06 4.22388050344002e-06 2.03578801220683e-05 2.43491057757339e-05 0.000646289924770827 0.00348103535361588 0.00511823152774014 0.00142088965076255 0.00339997124683578 0.00282453078543767 0.00239824965537991 0.00170141393464291 0.00246017001627479 0.0023083003150532 0.00243373658158816 0.00472214440933385 0.0101941148768674 0.00117162875685608 0.801524076238275 0.00238279348777724 0.00231130554193442 0.00386656166333523 0.00337140713477311 0.00121576636247482 0.00243893548631604 0.00148387743188323 0.00326452035799321 0.00109289455140242
0.00413684936938807 0.00381079049548134 0.00387108773575164 0.00636190280783921 0.00552854611887597 0.00511143662442919 0.0096901755023282 0.0170267594978213 0.00390146455320064 0.00437170197255909 0.00451588633295614 0.00375686609768309 0.00403829829301685 0.00406510547618382 0.00211467813060153 0.000469782192158164 5.90138474600543e-05 5.29556367169226e-06 8.21062144750195e-06 2.47762520924066e-06 4.93988530627654e-06 1.12690914761626e-05 0.000135862671004361 0.0042761362157762 0.00379800088121556 0.00343698682263494 0.0125622811261564 0.000887667760252953 0.00116473310481524 0.00283415762532968 0.00250584111490753 0.00445535701001063 0.00274360184266698 0.00257047587656416 0.00264314828382339 0.00378377465312951 0.002830877006636 0.00130887898994843 0.00119975575362332 0.00214676950854482 0.00412779470389069 0.0452932603191584 0.00174207720738195 0.00216721741736592 0.00147878219213453 0.00156724665316688 0.00185138841625303
0.00419257325702347 0.00647771861986257 0.00632754063117318 0.00610551079153083 0.00549739366397262 0.00535735657904297 0.0125934793613851 0.0111794266151264 0.00538623476750217 0.00567217473289929 0.00344226341112517 0.00349191503482871 0.00363305367063731 0.00349085560883395 0.00219776619633194 0.00133518862567144 0.000944396769773448 3.07136072119629e-05 5.29715427004862e-05 3.74776178126979e-05 0.000119149475540326 3.95078864051324e-05 3.68191502953863e-05 3.74831323512126e-05 0.00185656437533908 0.00341289971838705 0.00322444524208549 0.00322284987196326 0.00300080716842785 0.00287362652888987 0.0119585237815045 0.00590476052602753 0.00270569387939759 0.00268642096198164 0.00298990297014825 0.00260522975877393 0.0018868134560762 0.00160061590631813 0.00215072607461479 0.00343372321658535 0.0047415959823411 0.00439943338860758 0.00341854663565755 0.00249112109013367 0.00366085148561979 0.00265303165924706 0.00327076352718905
0.00419095326215029 0.00388504710281268 0.0036724581674207 0.00582992621348239 0.0057071854127571 0.0210915501695126 0.0495387123897672 0.0314169734716415 0.0182320479070768 0.00205179776821751 0.00372609089245088 0.00334932415862568 0.00342690841644071 0.00367408510646783 0.00394351573777385 0.00253503470157739 0.00232871221960522 0.00225666301266756 0.682654338842258 0.000317188008193625 0.00059692351569538 0.00135397707053926 0.000119364681404477 0.00310163669637404 0.00377021336462349 0.003367920636083 0.00329016321629751 0.00326631383504719 0.00306433039659169 0.00342670569953043 0.00283551609609276 0.00466134106682148 0.00489563742885366 0.00518666433636099 0.00267439768940676 0.00172469308627115 0.00404755213849057 0.00152121583450935 0.00305797959736083 0.00256419198449294 0.00354879819060443 0.0068057227472309 0.002364129567286 0.00235943500883877 0.00394437553477474 0.00360715614224318 0.00167860179208219
0.00421431750874035 0.00399226627778262 0.00374904591590166 0.00386773577774875 0.285036955215037 0.0711337324697524 0.0117417637724429 0.00434201983734965 0.00525312122190371 0.00524236513883807 0.00297950688691344 0.00513676632544957 0.00350795610575005 0.00396446356899105 0.00433628981700167 0.00414419483859092 0.00432416762341745 0.00358662421931513 0.00295536100165918 0.000226147795274301 0.000141122069817357 0.0020286968559958 0.000342946514501818 0.00393306036712602 0.00362267317832448 0.00376614095875993 0.00347058084444143 0.00349671955336817 0.00312810395553242 0.00472985143132973 0.00301242329005618 0.00320273100805935 0.00295618147356436 0.00328390863141976 0.00540211579937022 0.00508217201277148 0.00478123783832416 0.00174039858304695 0.00242972064006608 0.0261510831536725 0.00218903759378009 0.0020387897719047 0.00232840679236688 0.00240000450285152 0.00235517849505413 0.00226142023748253 0.00220032563374843
0.00608847748953849 0.00814967073965818 0.00764781394973397 0.0166098667075858 0.238821992278099 0.00898650585440919 0.00312067702761851 0.00484926938079298 0.00275594523118343 0.00479954096954316 0.00507790272240527 0.0031801245873794 0.0163887002039701 0.0134719833149575 0.00408634798950516 0.00346055010450073 0.00181311568303499 0.00282431278028525 0.00136910985893337 0.000348675969871692 0.000433620825424441 0.000526427687873365 0.00121848995913751 0.00270260327961296 0.0038458839931991 0.00354152549989521 0.0033533048524987 0.00355255357571878 0.00643850860069506 0.00522602255805396 0.00247624711773824 0.0050190138805192 0.00294565293006599 0.00291237429773901 0.0028646653459873 0.004713618682581 0.00405491381534375 0.00299474613566417 0.00359006759535987 0.00293902791599976 0.00144561344313843 0.0027089562267065 0.00252428372914437 0.00252149688021746 0.00114279724366497 0.00238453561032657 0.0022827709588455
0.00648415330797434 0.00582886980846524 0.0151504795765504 0.0642479833215475 0.212936498224735 0.107423597574234 0.0266286342404783 0.00277021202491596 0.0029721045109909 0.00310282203718089 0.00306474632234313 0.0054299941577483 0.0107655605883338 0.00496423973236233 0.0115596268442459 0.00124606477183988 0.00245214678288903 0.00225905998959206 2.27317780140623e-05 0.00139476977929007 7.92219323102472e-05 0.000800756909302436 0.00435451515368186 0.00262888374272734 0.00358733073808253 0.00522975680069067 0.00231377841555513 0.00353047106764279 0.00332519378862344 0.0054364292009268 0.00298502194345929 0.0048435379518196 0.0044076120480895 0.00282748836325482 0.00298498759511858 0.00495232010725886 0.00288151303539053 0.00277246284531429 0.00242546414665412 0.00260717546916567 0.00313439428718993 0.00254412773065269 0.00253241959726438 0.00253248067456298 0.00138949912652606 0.00301260300038848 0.00233869710064027
0.00612078476697206 0.00654618587577716 0.0172671506181359 0.182325427979231 0.264576950669289 0.00513150180922821 0.00328071737894788 0.0043159749940969 0.00445409580715932 0.00497757400735281 0.00306009732885286 0.00319334456580691 0.00374380577704869 0.00343214598251507 0.00283852621214464 0.00287396832718514 0.00321414123754948 0.00357736577861942 0.00302726639201865 0.00349018581910059 0.0030376159993466 0.00177402009430807 0.00397637083660811 0.00780302920611575 0.00713780705773388 0.0125913990195841 0.0036366754269693 0.00716549411299638 0.00352743617841043 0.00337357705575414 0.00435926723148441 0.00576312069315463 0.00572228679666296 0.00479397226590663 0.00423689721501432 0.00450452036748175 0.00414701592817437 0.00363737248699181 0.00378972091421019 0.0051292754127644 0.00287806165288202 0.00314087642764207 0.00285778129473329 0.00266472280491143 0.00248650345893111 0.00249207849265076 0.00240590202738531
0.0576977366581559 0.0526523143053055 0.0488672353327274 0.388487027585506 0.0523493030108511 0.0108803747338243 0.00565418506739661 0.00331464057089761 0.00297770518809557 0.00306422032299452 0.00315265741664916 0.00271485288976692 0.00269466236350127 0.00519642859580927 0.00931314475601539 0.00259844230022281 0.00277867988625076 0.00324255807790905 0.00365138396155089 0.0035284634825075 0.00371828456991352 0.00335368695668876 0.00407802084228024 0.00395843599690124 0.00396672587376088 0.0354470792226493 0.0168358274968341 0.00640993974520825 0.00372142660198733 0.806084919394925 0.683335216110572 0.00334261826355942 0.0035776917648036 0.00524256596108899 0.00520107938791625 0.00316702970885672 0.00310771558724809 0.00198250033135992 0.00300510245142505 0.0048900086840149 0.00444209497363772 0.00569221521145664 0.17116193997208 0.00277951945317909 0.00258838474692311 0.00429197249468416 0.002407993588713
0.00674257499631494 0.0065444705542177 0.00560810901224613 0.0102361172437668 0.0350708265788853 0.118079053238034 0.00574516025953926 0.00330858571105637 0.00317353160935454 0.00312034685630351 0.00303904749453068 0.00291776123340242 0.00399426809453871 0.00409677142160945 0.00255502926884219 0.00268408043484669 0.00464265577611513 0.00473123042611405 0.00309187991952058 0.00314048907312099 0.00322243949631229 0.00350834164419211 0.00390452368301339 0.00434089190675877 0.00417442452744581 0.0110270008211955 0.0104773448896594 0.0288847925839946 0.00372100110980682 0.786773014033679 0.00368071573902853 0.0036233555234503 0.00549275409430265 0.00808160522719845 0.00565826701349579 0.00527833254309371 0.00402361418236978 0.00409103969868738 0.0041812305978965 0.00303273340105079 0.00503696983214468 0.00285869580402505 0.00275587426149286 0.00535381625522859 0.00412540037359577 0.00362407336069737 0.00434481991105713
0.0049682374636177 0.00682583525776863 0.00579803846194409 0.00626620129332878 0.0360173921566457 0.078934053145349 0.0102799525833689 0.0312609624117613 0.0161617691861466 0.00459421515406575 0.00367964016331825 0.00197024967637844 0.00351399040373508 0.0114231546293013 0.00426260811800603 0.00259614997485187 0.00260872113867663 0.00462602806510404 0.00288927358342335 0.00326858029002324 0.00367311559384689 0.00301438624155708 0.00410121085587889 0.00410120430169627 0.00411123185767792 0.038022387586534 0.00395201119827107 0.0110267652431503 0.00411194349289872 0.00389941948815249 0.00643639675108716 0.00606841874541715 0.00398923542816192 0.0126071048667654 0.00615132130333222 0.0034920537378639 0.00527410046779551 0.00423880675225519 0.00322038452140987 0.00571995726786554 0.0030928096442949 0.00305782041396014 0.00300488500215579 0.004679968272103 0.00478788146865554 0.00236038855218794 0.00541884305421263
0.0136683760676533 0.0395562014076859 0.0127418486517854 0.0300944531336427 0.054334104526788 0.0283576757181436 0.0287612631218508 0.023001947090961 0.00452459197840653 0.00326303752372041 0.00409196151595097 0.00273705596628133 0.00321534506219905 0.0122462079511024 0.00415463334647939 0.00290278350003064 0.00289386881049722 0.00281810724700335 0.00291607014951296 0.00325791160576046 0.00343935193959624 0.0037403830094263 0.00375199996051379 0.00411303087021224 0.00449500113609247 0.00678156443173066 0.00532959928386845 0.00627688791137189 0.00664950049831532 0.00615258399047889 0.028140166355297 0.0118749632267281 0.00384122921386734 0.00599459875375032 0.00379936814424582 0.00366526153520681 0.00345580240827985 0.00518608473939821 0.00674298724043183 0.00422511943615973 0.00676975094247609 0.00314699715818278 0.00314492484321818 0.00482026906101964 0.0040645333356224 0.00676507109892555 0.00804223279701546
0.0163009484764189 0.00854663049103692 0.0783270817250013 0.0884148314595223 0.12532692886889 0.00443611723894719 0.00582257049391046 0.0921205392107367 0.00437518620456103 0.00309342702967115 0.00439809460949618 0.0030801104629063 0.00450733672478236 0.00257902265584562 0.00273658439982682 0.00303794580395333 0.00315543829347007 0.0033256386523135 0.00307660896796733 0.00296824228717014 0.00552455616998486 0.00384856259333901 0.00393549065338448 0.0039049505314324 0.003540435701143 0.00435518783633597 0.050354007165879 0.0172901214391459 0.00574906234978698 0.0057385640218854 0.00682173251989298 0.00398574165883474 0.00397549131303094 0.00398811908671632 0.00664227850502357 0.00374730654293671 0.00982900303788483 0.0187124941963702 0.00415348050300963 0.00500836150022224 0.00566505894530565 0.0041232446586946 0.00395476315461565 0.00382400566304568 0.00391138330160175 0.0027649983385345 0.00451841928588692
0.0060619309078902 0.00750855163205415 0.00678503948147409 0.00651572226779535 0.00529319974011742 0.00446531673078425 0.0047437502478715 0.00899183468427509 0.00768709112890065 0.00343482964090072 0.00834705370943993 0.00373803097463679 0.00303612920979504 0.00376037187525071 0.0044706707529258 0.00311476154602133 0.00563380977837369 0.0034376778989099 0.00328964057262056 0.00340028921491466 0.00338781680329703 0.00361430254997686 0.00378174477955326 0.00713172371615656 0.00696161459200084 0.0076088072033599 0.0214534436818212 0.0143174188793637 0.00421562232659198 0.00508150662353728 0.00823159771971405 0.0052152608288452 0.0050641218374949 0.00583129600272514 0.0055746412021108 0.00589260420529172 0.0059271035483107 0.00469390850921627 0.00442790526140016 0.00438402676663827 0.00443723829521332 0.00517994169495069 0.00551061814185232 0.00453761541866697 0.00659389501670375 0.0385124928317964 0.00392047789646313
0.0218934120843187 0.00590522920247167 0.00454552171868272 0.0065679945750162 0.00626090197474696 0.00423226927523501 0.00948557042283937 0.00805418119998649 0.0188785112462938 0.0212145796976984 0.0294825838878751 0.0148040532134473 0.00368396330159158 0.0030716612978722 0.00496793749625795 0.0029723478219239 0.0046646284929011 0.00320026359404437 0.00359155348269269 0.00374749662587419 0.0037255049450323 0.00610310487682 0.00400740038021468 0.00703345370129682 0.00657876166515052 0.00549579861108214 0.00434846098069102 0.00694020709488541 0.0146230029291473 0.00556142810964957 0.00532328113331459 0.00526267413515598 0.0181133989710361 0.00500992730958387 0.00507034372712951 0.00170236616831971 0.00567180790822022 0.00492108655744232 0.00503804082400165 0.00557155000860803 0.00481497307191603 0.00459056838881224 0.0039616775669856 0.00638551797601394 0.0055210447171703 0.0141248582163826 0.0608894716948271
0.0465055484324694 0.00603633600403555 0.00741851158672944 0.00441122885677032 0.00575941660208628 0.00526477855164558 0.00562388836406171 0.00598768625059165 0.046165606752038 0.00570828692871146 0.00644559506326914 0.00566999893053435 0.00322537683823612 0.00398155825678259 0.00312337593059055 0.0049708430597093 0.00458469921723008 0.00325202368549071 0.00349601938505657 0.00626405488583259 0.00390451057464816 0.00371700963005424 0.00594210102572106 0.00468183299526572 0.00775184046942741 0.00807078829966485 0.00583200113615021 0.0497345446143299 0.0244627819396555 0.00920751764206216 0.00918987988261506 0.00558603343670256 0.00593042725813575 0.00524335593217984 0.00504541588306893 0.016336902952753 0.0047756012150785 0.00896783173084259 0.0394958092831075 0.00495846574194729 0.00783860504161566 0.00429135449812748 0.00486663952760864 0.0100158159271814 0.00728100764099509 0.00734064179705456 0.00419388567679562
0.201088930666447 0.0066846483736299 0.0048183954320848 0.00728752702707425 0.00537222140701488 0.00663468798738904 0.0109703354537487 0.0103481467813253 0.00750651205889881 0.0288368692621589 0.00612335434416309 0.00531108398572542 0.00751257059164345 0.00363710589881521 0.00463295127847232 0.00338732330128551 0.00353761475998908 0.00368048617383465 0.00382194632547908 0.00653451880789362 0.00686791279586032 0.00418337201699615 0.00622478319564834 0.00703650370705873 0.00462732170708477 0.00470081446692347 0.00770192665513605 0.0560484365560114 0.00477191597456113 0.0134556372067891 0.0129210532060824 0.00438513808185235 0.00726200263015926 0.00430422152276151 0.00778643367812037 0.00426124891382642 0.00440718573518097 0.00395184547523968 0.004918996890774 0.00818746290169656 0.00532173698302358 0.00526602341560647 0.00698689724667929 0.00536905630142428 0.00241800087824231 0.00248505782219581 0.00437803198874462
0.0584963958710432 0.00634419551352039 0.00673129992792383 0.00511544885812327 0.00711624438408762 0.00512050350662321 0.0138098152820021 0.00493632386787795 0.0175034931860864 0.0132566971704364 0.0132478271378204 0.00553771663689986 0.00684751031221822 0.0039909520332003 0.0045543058833573 0.00575353217427619 0.00396751228836365 0.0066433675296139 0.00395077905268408 0.00426121359923854 0.00419726287946105 0.00427799599710852 0.00429807003820315 0.00738019355339929 0.00700289004016668 0.00467038099886849 0.00706996940425597 0.00911779864691198 0.0209423966705799 0.014490340591874 0.00869554340606555 0.00686886981711723 0.00666130418539979 0.00442124482942745 0.00753459309926257 0.0305577925872058 0.0282455018721521 0.0133471426554024 0.00534743979224004 0.00473568871384487 0.0067308692377992 0.00459657711035106 0.00440667630755343 0.00890679869335145 0.0129431499633938 0.0193416081368923 0.00540706457104534
