Scripts_&_data/Maxent_result_files_1/Bombus_cullumanus_3.asc
NCOLS 594 
NROWS 330 
XLLCORNER -15 
YLLCORNER 23 
CELLSIZE 0.166666666666667 
NODATA_value -9999 
[rows 168 to 188 of 330, columns 188 to 234 of 594]
0.241388010978699 0.326110117137432 0.190233348309994 0.373942202329636 0.245860157907009 0.341629394888878 0.366122624278069 0.267085513472557 0.230792324244976 0.252877223491669 0.0795575212687254 0.224120952188969 0.322227229177952 0.345503649115562 0.140575813502073 0.731243115663528 0.63477523624897 0.106547319889069 0.0862978622317314 0.223226408660412 0.25662869066 0.224885575473309 0.343037340044975 0.167539697885513 0.218736019730568 0.216539147496223 0.185013189911842 0.227567888796329 0.168359336256981 0.197432924807072 0.235555291175842 0.217132942378521 0.26054402589798 0.254220269620419 0.216404972970486 0.190280751883984 0.229983732104301 0.183682736754417 0.293935072422028 0.0758244201540947 0.0951949689537287 0.205777849256992 0.168361779302359 0.0793908018618822 0.184636502712965 0.771288304030895 0.580599120259285
0.309541635215282 0.314928664267063 0.253276033699512 0.254938660562038 0.277849800884724 0.267032180726528 0.300803381204605 0.229000303149223 0.229305517673492 0.257205532491207 0.0973670601844788 0.361642082035542 0.442669978737831 0.343988837301731 0.0990034513175488 0.241277992725372 0.379540786147118 0.370197772979736 0.200692276656628 0.256468816101551 0.224161724746227 0.231001424789429 0.237382508814335 0.180887475609779 0.204599979519844 0.216297377645969 0.0984562750905752 0.210250763595104 0.27122715562582 0.30143911242485 0.28156244456768 0.30384928882122 0.26800339370966 0.174417677521706 0.256505437195301 0.148915174603462 0.143226906657219 0.109673549979925 0.238902528584003 0.240175914764404 0.271944269537926 0.263117115199566 0.25778806656599 0.157512294501066 0.256952245533466 0.448614603281021 0.797715485095978
0.245378346741199 0.269459342956543 0.256627693772316 0.201031965017319 0.203037197887897 0.360583493113518 0.238243633508682 0.222167736291885 0.276417914032936 0.262113335728645 0.266806337237358 0.251348255574703 0.201339733600616 0.147146913409233 0.250263684988022 0.266096359491348 0.224470467865467 0.198458044230938 0.230586269497871 0.214310356974602 0.209141391515732 0.274397338926792 0.244215478003025 0.339824067056179 0.165112139284611 0.212508730590343 0.411266750097275 0.169124960899353 0.246199689805508 0.210373671352863 0.167384049296379 0.160080362856388 0.203710359334946 0.237652865052223 0.314195844531059 0.254651437699795 0.169060872495174 0.197734428942204 0.197214262187481 0.266645216941834 0.246229068934917 0.460269346833229 0.297992151975632 0.312993387877941 0.25120719820261 0.477809897065163 0.0383531654253602
0.251682883501053 0.296087798476219 0.190679900348186 0.146755021065474 0.257073436677456 0.113973713666201 0.277463653683662 0.235467483103275 0.20737843811512 0.308574062585831 0.29768258035183 0.235254266858101 0.0234051416628063 0.211781421303749 0.431488841772079 0.336512821912765 0.201424692571163 0.107607635110617 0.237309840321541 0.769133192300796 0.266086159646511 0.339468210935593 0.376225861907005 0.182929679751396 0.223399685323238 0.274064241349697 0.176852352917194 0.267283196747303 0.0971238296478987 0.0964258398860693 0.0578300788998604 0.0238975677639246 0.0250659524230286 0.0773373438045382 0.17773245871067 0.190041206777096 0.227729634940624 0.294724431633949 0.210100495815277 0.217285090684891 0.223428669571877 0.178804175555706 0.257347424328327 0.415453484654427 0.290955421328545 0.103265204280615 0.352038250863552
0.206352001428604 0.809794679284096 0.210732607543468 0.216462528705597 0.22794314622879 0.220864214003086 0.110116540640593 0.243967354297638 0.217208205163479 0.151045948266983 0.193705843389034 0.20692924708128 0.206182184815407 0.256498849391937 0.640071940422058 0.330856612324715 0.249413983523846 0.219464133679867 0.342388713359833 0.15339827761054 0.19227891638875 0.373742365837097 0.257577028870583 0.563661447167397 0.298037135601044 0.276596261560917 0.340724350512028 0.188844904303551 0.0650160191580653 0.20428738296032 0.061211671307683 0.155958647280931 0.0512209726497531 0.0282573393546045 0.0328299621120095 0.194172710180283 0.204546551406384 0.155773064494133 0.216854554414749 0.224564790725708 0.210664413869381 0.208193935453892 0.360964480042458 0.246826885640621 0.30206286907196 0.339222019910812 0.257007642090321
0.200370392203331 0.266317881643772 0.239341895282269 0.157760706543922 0.176502948999405 0.143130613863468 0.343421599268913 0.208448721468449 0.139284348487854 0.134276896715164 0.0442974043078721 0.202627824246883 0.268138806521893 0.216680504381657 0.263114167749882 0.436419162154198 0.336033619940281 0.372889372706413 0.218218775093555 0.376252484321594 0.293652036786079 0.372062221169472 0.714686906337738 0.629709577560425 0.452125236392021 0.299835400283337 0.195431876182556 0.21484437584877 0.236307688057423 0.423374085128307 0.150099252909422 0.0473144201561809 0.643079412728548 0.0298572344705462 0.0314344685524702 0.0184778919443488 0.00869268395763356 0.0207984012784436 0.0588763071224093 0.209235918521881 0.286393786966801 0.381724190711975 0.169837158173323 0.0629555085673928 0.0775699060410261 0.259201879799366 0.131196397542953
0.201480819284916 0.466149145364761 0.436630174517632 0.233566825091839 0.200531801581383 0.0813328355550766 0.209217584133148 0.17470737695694 0.0690097708255053 0.0767528466880321 0.625199117511511 0.0690107874572277 0.0253763903630897 0.0780342640355229 0.100448311120272 0.277720089256763 0.165823670476675 0.280554981529713 0.772454376518726 0.359202888607979 0.278261664509773 0.265356479585171 0.42817000746727 0.260152548551559 0.242344331741333 0.3401238322258 0.136277891695499 0.115195155888796 0.0210489286109805 0.38831257596612 0.0351898347958922 0.120622259378433 0.300841765105724 0.256519772857428 0.11243618875742 0.0183238906320184 0.0315971164032817 0.00666699288412929 0.0302664478775114 0.19515750259161 0.176755725592375 0.239598548412323 0.303572818636894 0.414323815703392 0.335572442412376 0.24824295938015 0.214010269939899
0.222897425293922 0.171498595178127 0.182636053860188 0.159344018995762 0.0555936122313142 0.155615973472595 0.206313878297806 0.163682506978512 0.174411226809025 0.0776955518871546 0.0204584931023419 0.133916309475899 0.0184284971561283 0.269636170566082 0.148820783570409 0.29424509704113 0.283026628196239 0.111828301101923 0.143638496845961 0.361300194263458 0.1986871778965 0.297109379991889 0.0390482272021472 0.806662862934172 0.0349597099237144 0.0640563237946481 0.10888463743031 0.0154628714197315 0.0177228381857276 0.766723987460136 0.127410501241684 0.0880698282271624 0.182471130788326 0.495631083846092 0.100376036390662 0.0933610126376152 0.0176359527511522 0.0131091457325965 0.0112406689208001 0.00599934035271872 0.017698106658645 0.235440760850906 0.265271551907063 0.306369256973267 0.104772673547268 0.110526362061501 0.270734146237373
0.152008892595768 0.168773585557938 0.178836300969124 0.1284773029387 0.128792031854391 0.140724364668131 0.58538306131959 0.0336155502125621 0.267260499298573 0.0832905258983374 0.146524695307016 0.131726033240557 0.0688079834915698 0.0181721673347056 0.0440771291032434 0.154348921962082 0.295273560658097 0.109562938660383 0.18891970962286 0.0517694073729217 0.0150767089799047 0.0497639873996377 0.0188101974315941 0.0527429020032287 0.0433654133230448 0.0505017362535 0.0729918465018272 0.126162515580654 0.169699527323246 0.326144906878471 0.123561576008797 0.0963388472795486 0.228796742856503 0.205049754679203 0.248760612308979 0.251811128854752 0.122277714684606 0.0748879123479128 0.0137074779253453 0.0264515612274408 0.0133861526846886 0.0104565300862305 0.105573669448495 0.249276767671108 0.16951901987195 0.0364315148442984 0.0404550077393651
0.14705828204751 0.108971723914146 0.128473933786154 0.126437337696552 0.471804708614945 0.150128911621869 0.101692150905728 0.237687295675278 0.211825628578663 0.168318145722151 0.14857861995697 0.0327058197930455 0.123494258522987 0.0296005255542696 0.0289264472201467 0.0394108921289444 0.150711658596992 0.0434163957834244 0.0202301741577685 0.133842498064041 0.166205018758774 0.130436135828495 0.192252571880817 0.176399873942137 0.0724488943815231 0.032771023735404 0.0326824920251966 0.123646157979965 0.180899533629417 0.0997678399085999 0.0135409219190478 0.154185422509909 0.20927616506815 0.251189504563808 0.236004635691643 0.266330759227276 0.179837353527546 0.181048469245434 0.224787603318691 0.0507258780300617 0.0211803573183715 0.0411650181747973 0.00440550218627322 0.0122344275354408 0.218540699779987 0.294058832526207 0.0461791437119246
0.795383232831955 0.168425101041794 0.1387545093894 0.161614894866943 0.550796356424689 0.521426615864038 0.179859486222267 0.216325263679028 0.371227023005486 0.236733959615231 0.237065514922142 0.223030939698219 0.160307694226503 0.236243791878223 0.119368913024664 0.0852423831820488 0.109055456519127 0.134608384221792 0.188022387400269 0.044713999144733 0.169634013995528 0.0974858950823545 0.0605599574744701 0.261988197267056 0.0383387738838792 0.443867441639304 0.321135705709457 0.213254448771477 0.212788870930672 0.111918918415904 0.106121369078755 0.256928759813309 0.180835442245007 0.248201003670692 0.132493215054274 0.242191542685032 0.193129852414131 0.21203498095274 0.130828403681517 0.0989652670919895 0.136823751777411 0.343246475420892 0.0443680331110954 0.0162173422053456 0.0104737741639838 0.0314644750440493 0.268411633372307
0.228746861219406 0.170325417816639 0.148010478913784 0.13638234063983 0.166958943009377 0.150524218380451 0.190771096944809 0.212884463369846 0.217207632958889 0.220900258421898 0.211980538070202 0.214997370541096 0.137309908866882 0.179463374614716 0.132387144118547 0.153193468600512 0.115632139146328 0.152230468392372 0.15958187431097 0.17082517594099 0.701332356780767 0.0433455865830183 0.0300853097811341 0.0424186803400517 0.0672267792746425 0.0366085830144584 0.79155999571085 0.232957334816456 0.230363993346691 0.213245207071304 0.22924565076828 0.204759250581264 0.251081308722496 0.241604919731617 0.251315496861935 0.25101862847805 0.228227323293686 0.189224345982075 0.184421557188034 0.140448665618896 0.144775383919477 0.0357076553627849 0.0555194087326527 0.0642547354102135 0.0717724557965994 0.0429985824972391 0.00783749833062757
0.171484769880772 0.104707601666451 0.27262916341424 0.460870170593262 0.14451168179512 0.190433540940285 0.104681017994881 0.183414463698864 0.21107584387064 0.207417294383049 0.206933273375034 0.189293017983437 0.118753110617399 0.176327128708363 0.0800024431198835 0.0297152554616332 0.10977260582149 0.0941752579063177 0.145523047447205 0.0746085330843926 0.144651430100203 0.0541981952264905 0.0642239939421415 0.0640590775758028 0.669196494668722 0.0844253730028868 0.171425111591816 0.241826191544533 0.21970351934433 0.173591677844524 0.224287824332714 0.186211238801479 0.331849758327007 0.103915395215154 0.239586170017719 0.254172602295876 0.217977936565876 0.204372391104698 0.19453157633543 0.117188204824924 0.142973817884922 0.080411072820425 0.0876008287072182 0.0249012837652117 0.0867115292698145 0.40965667963028 0.048141679354012
0.142560620605946 0.152219890058041 0.0245416088961065 0.140237329900265 0.0855227939784527 0.125201684609056 0.189162799715996 0.175799684226513 0.153161019086838 0.18594886213541 0.196512036770582 0.196682585030794 0.706757017970085 0.307978563010693 0.785675151646137 0.808001517131925 0.869536724872887 0.192272336035967 0.154466427117586 0.192292456328869 0.184377031773329 0.212849903106689 0.273612222075462 0.149892543256283 0.144981732964516 0.176560609042645 0.0601009473204613 0.169356222450733 0.0628696214407682 0.163112475723028 0.197569928318262 0.236272288858891 0.297624304890633 0.260056851804256 0.256027714908123 0.138121841102839 0.223824915289879 0.161393942683935 0.144701401144266 0.206392412632704 0.155435825884342 0.0990074567496777 0.0179372648708522 0.0312036758754402 0.0221016281750053 0.10270673930645 0.0691931184381247
0.127445129305124 0.129486986994743 0.193785139173269 0.104005188494921 0.164365093410015 0.193936377763748 0.171119704097509 0.173914872854948 0.143362977355719 0.180604064464569 0.206761971116066 0.236743396520615 0.710726498439908 0.151652344316244 0.14876839146018 0.651862628757954 0.243190685287118 0.299996547400951 0.175924250856042 0.181469894945621 0.161283223330975 0.187267412245274 0.141406377404928 0.157394410669804 0.13881509155035 0.165605362504721 0.117205745726824 0.149823468178511 0.0406726596876979 0.212932203710079 0.198006831109524 0.314697356522083 0.229946275055408 0.249378547072411 0.232091464102268 0.171848234534264 0.164475432038307 0.157880239933729 0.147100541740656 0.106258646398783 0.0467632798478007 0.0894785214215517 0.141350363940001 0.21445574760437 0.138722916692495 0.0597595270723104 0.0483406661078334
0.124632795900106 0.118108329921961 0.158307582139969 0.0849547110497952 0.170026582479477 0.100394290685654 0.20089572519064 0.163659114390612 0.0477380519732833 0.0563017535954714 0.113861345499754 0.664806712791324 0.0530441634356976 0.168249386548996 0.139408676326275 0.743989457190037 0.717927506566048 0.516417004168034 0.180589523166418 0.210681135952473 0.171201756596565 0.152247602492571 0.144216664135456 0.147656179964542 0.0935788452625275 0.158885100483894 0.152360232174397 0.141930010169744 0.152312219142914 0.173772950470448 0.217703594267368 0.211494724452496 0.16753970682621 0.196402405202389 0.159080505371094 0.158857703208923 0.173103809356689 0.117200568318367 0.115360650420189 0.111193780601025 0.144809690862894 0.138623176515102 0.0725421007722616 0.0936714224517345 0.0829326264560223 0.0730737444013357 0.140536966919899
0.115172798931599 0.161528559029102 0.128997979313135 0.170036762952805 0.132254913449287 0.137744122743607 0.151524668186903 0.0539384316653013 0.0217829315923154 0.135958617180586 0.74360917955637 0.179259636998177 0.224493704736233 0.0608399586752057 0.149315980821848 0.143956827372313 0.202478034794331 0.159906845539808 0.146405401825905 0.189951875805855 0.190978138148785 0.142974823713303 0.186462730169296 0.0750135783106089 0.148571436852217 0.159929844737053 0.163398237526417 0.190975193679333 0.167433527112007 0.152731443196535 0.155605728179216 0.199457302689552 0.174156259000301 0.162090908735991 0.162423512339592 0.130527710914612 0.0851301532238722 0.11434892565012 0.185865834355354 0.203320951759815 0.263200050592422 0.125592495501041 0.0990037716925144 0.0733511511236429 0.05338479205966 0.132006315141916 0.164073312282562
0.0820551067590714 0.132602134346962 0.130529224872589 0.0643282078206539 0.062498739734292 0.122310046106577 0.0792409725487232 0.397165015339851 0.0718866162002087 0.503982545435429 0.282045498490334 0.148943293094635 0.143512336909771 0.137144450843334 0.136110519617796 0.106389819830656 0.088156696408987 0.111618825793266 0.14275204539299 0.100138120353222 0.139874438196421 0.142687267810106 0.181873513758183 0.184756354987621 0.148043440282345 0.148688348382711 0.147306536883116 0.147895015031099 0.165868511795998 0.187668126821518 0.151542363315821 0.15309729129076 0.153892727941275 0.233537295460701 0.117477069050074 0.275863114744425 0.100301190838218 0.0770752709358931 0.104139240831137 0.133196486532688 0.134270260483027 0.168352910876274 0.175033728778362 0.208780796825886 0.197707735002041 0.332424886524677 0.176268368959427
0.0806259833276272 0.0820416420698166 0.148563531041145 0.146671104431152 0.117725629359484 0.0953746074810624 0.137877698987722 0.0787252221256494 0.334271088242531 0.196703916415572 0.593336281180382 0.183696335554123 0.111326714605093 0.150276786088943 0.146529518067837 0.138842774182558 0.132832089811563 0.142915376275778 0.126753297448158 0.189851026237011 0.206604421138763 0.147365155816078 0.193094179034233 0.145073252171278 0.14779899418354 0.2086062297225 0.178031243383884 0.177619905769825 0.157537911832333 0.172078715264797 0.15952934473753 0.0215156805701554 0.0620549015700817 0.0893037330359221 0.122400728613138 0.0694030806422234 0.0490189697593451 0.0913863241672516 0.0552800413221121 0.156623715907335 0.285114538669586 0.137590373307467 0.21182509213686 0.259654906392097 0.222165785729885 0.18640521466732 0.249113604426384
0.0594034973531961 0.0267008440569043 0.0490513417869806 0.180475963652134 0.181012842059135 0.179665795713663 0.169568797945976 0.581369465589523 0.442326807975769 0.110868897289038 0.128413653373718 0.128355603665113 0.119331733882427 0.139865581691265 0.0776119329035282 0.150515838712454 0.166315719485283 0.0676962252706289 0.326138839125633 0.174124810099602 0.25032529681921 0.195775276422501 0.189842292666435 0.17241398319602 0.164253236353397 0.178392311930656 0.183287319540977 0.144816450029612 0.208982352912426 0.161596904695034 0.187264035642147 0.071828344091773 0.15557621717453 0.115274107456207 0.12322850972414 0.126275973767042 0.147795956581831 0.71849856050685 0.348264220356941 0.181918519735336 0.363837957382202 0.0676396880298853 0.161017086356878 0.842497476935387 0.349809187650681 0.274067695438862 0.270134235918522
0.0612858258187771 0.0429922301322222 0.0237406907603145 0.0506513502448797 0.511018212139607 0.146968733519316 0.168587219715118 0.099341457337141 0.102254903316498 0.122979622334242 0.106323327124119 0.108771672472358 0.141473259776831 0.117283035069704 0.146463694423437 0.106792977452278 0.146510118246078 0.175461456179619 0.0787498159334064 0.48350787460804 0.169374522566795 0.120675192773342 0.101608537882566 0.186462871730328 0.179389555752277 0.186896263062954 0.191992451250553 0.179672321677208 0.185359711945057 0.194610071182251 0.165733259916306 0.170781730860472 0.116189705580473 0.112579544633627 0.0422302652150393 0.0258564924821258 0.110284691303968 0.0281054547987878 0.520957234501839 0.216854281723499 0.200243227183819 0.816140190511942 0.152371924370527 0.179408517479897 0.384316116571426 0.323849791288376 0.262523564696312
