Scripts_&_data/Maxent_result_files_1/Bombus_monticola_2.asc
NCOLS 594 
NROWS 330 
XLLCORNER -15 
YLLCORNER 23 
CELLSIZE 0.166666666666667 
NODATA_value -9999 
[rows 280 to 299 of 330, columns 45 to 89 of 594]
0.00363487680049599 0.000152220096620559 0.000394924394277851 8.12020552118153e-05 9.96479185504384e-06 1.46396934472715e-05 2.89488582583264e-06 3.05630280610369e-06 5.24578776798235e-06 9.90442372286182e-06 1.69808477139322e-05 2.16857387971725e-05 1.74200748162434e-05 4.15535143738488e-08 1.49342266886343e-08 2.07501751336991e-09 6.88793211356398e-10 1.47305057041081e-10 8.02468647087551e-11 2.72395306311068e-10 6.09205463852902e-11 5.60883783862209e-11 9.73519265201617e-11 1.70267921983935e-10 1.15659199995122e-09 4.8427779564264e-10 5.03021180264795e-11 1.49873224941643e-10 1.60815927241487e-10 1.19566756495715e-10 9.41769995321806e-11 3.97841981580882e-11 2.11011985662424e-11 1.98363103720567e-11 2.73075229095809e-11 4.00923405585729e-11 3.30526384040297e-11 3.79476450262928e-11 3.96794708201753e-11 3.6446057283257e-11 3.68871044820196e-11 3.79674736095126e-11 3.47083362051137e-11 2.95313218323656e-11 3.0200353329235e-11
0.000106426156008155 3.18453648411321e-06 3.512928662186e-07 3.38012930267695e-07 2.46154134186938e-08 3.06967759078347e-07 2.97224029055521e-07 2.35166101114626e-06 1.53256381688283e-05 8.32455482701055e-06 1.16712461922353e-05 1.6974552189164e-05 7.30769974421896e-08 1.87803611551018e-09 1.96095617521763e-09 1.48468437544125e-10 1.01660102558299e-10 9.92496751450744e-11 6.326765777942e-11 5.3511328701461e-11 3.77080588975787e-11 3.50625306566599e-11 4.26846336054609e-11 7.51070761140227e-11 9.41908440132977e-11 8.78734418563454e-11 3.95374954997862e-11 1.26163501867893e-10 5.1984481164169e-10 1.30730315461847e-11 1.19100729278898e-11 1.45500833603762e-11 1.68058789107306e-11 2.12341588756715e-11 2.4431556777671e-11 2.34296471113282e-11 2.64672506133934e-11 2.8543978292106e-11 2.78504885820041e-11 2.37643127398712e-11 2.45326203796026e-11 2.51046405885802e-11 2.40350295221958e-11 2.19568252468605e-11 2.17582729611365e-11
0.000506853631395643 1.0741532081826e-05 2.61225210173022e-06 1.22280240990591e-06 6.47640039930231e-08 3.61153799754987e-07 1.83302961414e-06 8.28778592472101e-06 2.00812039202747e-06 9.98445341737764e-08 3.96404989944088e-08 5.79957823654276e-08 2.08108216215308e-09 4.19358470171716e-10 4.30801694317751e-10 9.6697760909592e-11 5.95735905051242e-11 5.30762322981104e-11 4.96375274217087e-11 4.18605705654329e-11 3.25497850894863e-11 3.399222014977e-11 3.74378750223059e-11 4.89499663025583e-11 8.28633384131194e-11 4.94296270581174e-11 2.84756329627101e-11 2.15636064559988e-11 1.53387624823864e-10 1.1708733982374e-11 1.02082342579024e-11 1.16646137193754e-11 1.36534117345377e-11 1.87396764772529e-11 2.07658001905031e-11 2.21276330591991e-11 2.31627383939781e-11 2.22401652649751e-11 2.09854911226159e-11 1.94328220182172e-11 2.00331751187832e-11 1.80932158144742e-11 1.74057546153961e-11 1.75035652638655e-11 1.74915193440484e-11
0.000433454340532791 2.96924703443779e-05 7.52103215143629e-06 7.83015785110752e-07 2.46585062524396e-07 2.1711720588069e-07 1.58960340668202e-07 2.86283747019667e-07 1.84854962337333e-08 6.61097366849717e-09 1.38085278544864e-08 1.23443242294741e-09 1.30108390727912e-10 1.38537559202234e-10 9.52368406359483e-11 6.1250693406123e-11 4.89161045003073e-11 3.79412834483617e-11 3.37819661133665e-11 3.65821484216156e-11 4.80880113506998e-11 4.55319892900263e-11 7.09468039872263e-11 3.83998721709133e-11 3.40953487665274e-11 2.87144641397674e-11 2.35347519250695e-11 1.84146364823334e-11 1.36867073230462e-11 1.699205220973e-11 8.40603142648888e-12 8.8265617037564e-12 1.1049727799417e-11 1.31512911671905e-11 1.67224789571208e-11 1.82426296291283e-11 1.64370628219501e-11 1.61767488293663e-11 1.52475698733667e-11 1.50602419424217e-11 1.58247526194089e-11 1.4546330806553e-11 1.47817980078457e-11 1.39103506491267e-11 1.40084721600431e-11
4.59628428289616e-05 1.55197440521282e-05 2.03068544700757e-06 3.66548666363986e-07 4.90600917835149e-07 1.58151539986218e-07 4.97773445906624e-08 4.76618846501076e-08 5.868130315001e-09 4.24047675862127e-09 6.63773580544813e-10 8.84656770061554e-10 1.33319355555273e-10 1.32371158478861e-10 5.21760745719746e-11 4.96672925009989e-11 5.98759597458809e-11 5.87632054127596e-11 3.65310004468711e-11 7.02748415015719e-11 4.03413635829963e-11 3.82463394288379e-11 2.95771740432826e-11 2.51817344754102e-11 2.35505059897889e-11 2.12454720482924e-11 1.78460579647322e-11 1.4688483762626e-11 1.25759180846785e-11 1.07439501739748e-11 8.23722201559463e-12 7.93675125621007e-12 9.81001946342985e-12 1.08040687507582e-11 1.26469723582545e-11 1.20960685912053e-11 1.14661946604144e-11 1.16936127447786e-11 1.13327125461637e-11 1.11934350677245e-11 1.07990283382264e-11 1.05655928450687e-11 1.13833387160867e-11 1.04533715017396e-11 9.62515622759952e-12
7.27119445336211e-06 1.94779964869385e-06 6.5836272762354e-07 4.30558883912635e-07 4.70176918954124e-08 4.34137037763627e-08 1.3423070788221e-08 3.90295190944023e-08 2.14485664784547e-09 7.77598485601771e-10 3.48019935092481e-10 1.54973434085548e-10 1.26823607171644e-10 9.02720453943573e-11 4.14723810848727e-11 5.35951505398202e-11 7.54832862881472e-11 5.33870503360845e-11 3.85674270297898e-11 2.60497623472133e-11 2.34000041565707e-11 2.57127874547791e-11 2.36219599436538e-11 1.78980386067451e-11 1.81909376451017e-11 1.63384195062122e-11 1.39100619911403e-11 1.17992837722625e-11 1.03461128553306e-11 9.07468544752987e-12 7.58515472654153e-12 6.67176314195217e-12 8.70528094054634e-12 9.26222432084955e-12 9.24071930086257e-12 9.05338026768732e-12 9.32719457225062e-12 9.46994704875692e-12 8.83094708470367e-12 8.36957170236019e-12 7.75077779735511e-12 7.53275219977922e-12 7.78108688592738e-12 6.6475491777851e-12 6.34087227169289e-12
2.58408786442121e-06 4.05653422055341e-06 5.63263689579152e-08 3.8842581817633e-09 1.7594451673375e-09 2.5913185364157e-08 4.65962645357365e-08 1.53865062912928e-09 9.2873342349975e-11 2.99143376736311e-11 4.61742155621891e-10 5.84678150339357e-10 8.53442760906376e-11 4.02029076695953e-11 3.74565378713498e-11 4.42821557200546e-11 4.03277633509447e-11 8.09493916342774e-11 2.13940865023687e-11 1.74252945406295e-11 1.54613100100676e-11 1.78556169849742e-11 1.78376091675148e-11 1.39037448221302e-11 1.33568156535091e-11 1.1757739226681e-11 9.85682646614805e-12 8.86046791492845e-12 8.33422220125613e-12 7.3269612599347e-12 6.38460395663287e-12 5.16324760724274e-12 6.33600949484503e-12 7.01045888007457e-12 7.28360705082309e-12 7.44230232996301e-12 7.23499038457476e-12 7.09324821102086e-12 6.66913191338381e-12 6.21696027991447e-12 5.69561064978075e-12 5.27698995611559e-12 5.03336261559184e-12 4.66381377961511e-12 4.47765158284596e-12
4.03897333911551e-08 6.03756492578711e-09 7.4160985130689e-10 9.46730804862739e-10 4.25717383567559e-10 2.16493489801906e-10 2.73889433355379e-10 1.15378329113014e-10 8.96523522087023e-11 4.1555170415819e-11 2.55775955970705e-11 5.39767897045351e-10 9.83533032794526e-11 2.62749488832981e-11 2.98761904105049e-11 2.76121459030776e-11 4.56928161973735e-11 1.43563050336581e-11 1.17819309863876e-11 1.00453867446504e-11 1.00506492017871e-11 1.09672715353781e-11 1.19563026146352e-11 9.35097554943809e-12 8.34547986272582e-12 3.73735375980289e-11 6.16508732953491e-11 6.08068040364174e-12 5.8716698170258e-12 5.26243493226275e-12 5.27742294309519e-12 3.85587117790465e-12 3.97268884455571e-12 4.82032191939652e-12 5.15294473757422e-12 5.31656940694347e-12 5.30624433281446e-12 5.08123543241368e-12 4.74849048970327e-12 4.37505587314035e-12 4.12415657180532e-12 3.90285581630678e-12 3.76924047529315e-12 3.41204842158049e-12 3.36588534821658e-12
1.74527559071436e-09 2.22080626111065e-09 1.59822610701355e-10 8.27959922844457e-11 2.02159744500108e-10 5.91988680298527e-11 1.89214199863841e-11 1.6184897866367e-11 2.2084034601022e-11 1.93641658263743e-11 1.3106049578937e-11 4.89057350172573e-11 1.42216682874619e-11 1.69008584904873e-11 2.20230500502794e-11 1.72719949453892e-11 1.21378018747009e-11 1.0403478079013e-11 9.69145874663013e-12 7.16832149194602e-12 6.75218769785602e-12 7.75152164678161e-12 8.88763507234103e-12 7.10492775723992e-12 5.51585443986369e-12 5.48119327703489e-12 7.45733585993946e-11 4.9261084100749e-11 1.07107545055385e-11 3.82868181603158e-12 3.75872666324994e-12 3.9158454256949e-12 3.27246008069437e-12 3.10685921434128e-12 3.516442692586e-12 3.90312226983269e-12 3.97946120500592e-12 3.83478804266701e-12 3.55072637958642e-12 3.39022143691636e-12 3.26449978160781e-12 3.07708303282084e-12 2.86047852071647e-12 2.61947130653084e-12 2.48174814032609e-12
4.47281756077444e-10 3.18431037094058e-10 1.02092723164304e-10 4.42900160990689e-11 3.31719429702559e-11 2.39688602299282e-11 1.75094272414356e-11 1.18195342402316e-11 1.10768727523691e-11 9.87381287842481e-12 1.10423448163033e-11 1.14240283899392e-11 1.01503139227077e-11 1.39923517217255e-11 1.52386658847092e-11 1.35972011428009e-11 1.08141606780521e-11 1.00406127856445e-11 8.01183563936547e-12 6.35820285310729e-12 1.37094890995115e-11 7.48489048518763e-12 6.89002188636323e-12 5.99280625124266e-12 5.11261033508958e-12 4.41170433518323e-12 4.60661508938642e-12 4.80240291977907e-12 1.32220789872406e-11 6.24630347445532e-12 4.8716142231342e-12 2.29847252342097e-12 2.16656692586525e-12 2.37611041953301e-12 2.52029508374108e-12 2.89981372247894e-12 3.16612291939578e-12 3.09398062725563e-12 2.89086532490046e-12 2.72717404214973e-12 2.567901447037e-12 2.41375808229805e-12 2.25659491093211e-12 2.08937311896307e-12 1.88526971811598e-12
2.69173872080586e-10 6.27703888866904e-11 5.1093917985412e-11 3.23208571018085e-11 2.63010613288372e-11 3.26700222430532e-11 5.56777846050238e-11 1.30404353981817e-11 1.06274877786916e-11 1.14198761558271e-11 1.17111431663375e-11 9.48272571577036e-12 1.03003161555648e-11 1.08193676240376e-11 1.23166699061983e-11 1.24479648810905e-11 9.85723724866716e-12 7.38481498174792e-12 5.70355984663706e-12 5.26492183183791e-12 4.3325565357577e-12 5.99478244822649e-12 5.99407190549073e-12 5.26696464220322e-12 4.46633841022503e-12 3.94935195657808e-12 3.97487598391422e-12 3.93067800530389e-12 3.67854635641152e-12 3.26548788009973e-12 9.17534936917264e-12 4.66083838190912e-12 2.22346585587729e-12 2.73695510699667e-12 2.33634223079093e-12 1.96660465690002e-12 2.10943484901804e-12 2.21781482068195e-12 2.23162599510829e-12 2.17403872682098e-12 2.05424566246393e-12 1.88233872933097e-12 1.73173697604057e-12 1.60083057920701e-12 1.5137890940764e-12
6.66785737735154e-11 4.74954187090759e-11 4.44261516463484e-11 3.2067770661115e-11 2.46679898729951e-11 2.47194154034958e-11 1.98345451174475e-11 2.46845099916015e-11 2.3102997293023e-11 2.41228703679042e-11 1.90440885283749e-11 1.50631729312067e-11 1.13540399304668e-11 1.09753317545369e-11 1.21099241745526e-11 9.80898695601695e-12 8.37251379337545e-12 7.44873052127559e-12 4.97818453126797e-12 5.34871036350637e-12 5.47497602809699e-12 4.88007412258185e-12 4.81382711470246e-12 4.3245851344409e-12 3.45803385926047e-12 2.72455391581161e-12 3.35234062731615e-12 3.40696360012771e-12 9.26331233941369e-12 6.64074351064414e-12 2.90925061818825e-12 2.46443976337218e-12 3.22607496272553e-12 2.37043717987717e-12 2.23780993735545e-12 1.77269310341899e-12 1.39620537353835e-12 1.57505120057522e-12 1.74225078808377e-12 1.74342762448987e-12 1.62941882209111e-12 1.50982559787849e-12 1.40156775074729e-12 1.28659305431711e-12 1.26653132426213e-12
5.49282286321784e-11 5.25671950413198e-11 6.96387947307642e-11 8.18196177476693e-11 5.4094773105362e-11 5.22721199658349e-11 4.01163879892863e-11 2.93284174723851e-11 2.40559683284403e-11 1.99794847333123e-11 1.61838542567239e-11 1.32403532582259e-11 9.41081657046539e-12 9.3602903206147e-12 9.117251398294e-12 7.9042328238188e-12 6.97968349783196e-12 6.0135563195729e-12 4.36961578031969e-12 4.57702764578016e-12 4.31986668658624e-12 4.2884362727591e-12 3.1949332068848e-12 3.3415492595168e-12 2.80213630077242e-12 2.99602564979295e-12 3.44438921828782e-12 2.62191379718502e-12 2.61368704457254e-12 2.59203769559235e-12 2.46076492516067e-12 2.22856177956032e-12 2.08756345543293e-12 2.06749062314771e-12 1.95931049162823e-12 1.62996283137318e-12 1.18791643188842e-12 9.5132457467173e-12 1.29052324382428e-12 1.40751854615928e-12 1.37838629399312e-12 1.32591715384933e-12 1.18476339849849e-12 1.15373266496022e-12 1.10088604898806e-12
4.88195373016254e-11 4.17410217501413e-11 3.67330832418133e-11 4.45452119635092e-11 4.05438016493065e-11 4.03070465893052e-11 2.75370393154617e-11 1.80845338704216e-11 1.7138035435238e-11 1.69123937077131e-11 1.4248680013651e-11 1.17789000775304e-11 8.3553386431845e-12 7.72114594482787e-12 7.07413017053682e-12 6.28229690491366e-12 5.5956461686435e-12 4.88075135862687e-12 4.31573665693463e-12 3.42856854018692e-12 3.37107008974158e-12 3.48069351119307e-12 6.26997342934033e-12 4.11992662208149e-12 2.6310065237567e-12 2.19642082299742e-12 1.99392724553604e-12 2.03648209406992e-12 1.99404937006875e-12 2.01951788625365e-12 1.92710292168385e-12 1.87331261614077e-12 1.78025372221668e-12 1.73570047223848e-12 1.71678227189886e-12 1.65635283266852e-12 1.36778366410795e-12 1.02843733529312e-11 3.39296368778719e-12 1.18896004153157e-12 1.2744694188882e-12 1.2453038600313e-12 1.11125553203806e-12 1.03473896118089e-12 6.17406126224296e-13
1.03186437172553e-10 7.0136252361408e-11 4.33473812400109e-11 2.67789679320174e-11 2.91731971913123e-11 2.3647128699622e-11 1.5323642355014e-11 1.57269086642486e-11 1.71589742414824e-11 1.48527523613495e-11 1.06831432589161e-11 8.08509925676049e-12 6.67647048757658e-12 5.74346126214209e-12 5.09416953065056e-12 4.58409976644703e-12 4.37548886011996e-12 4.32421876084277e-12 4.11889411466859e-12 3.07789349562881e-12 2.19690932112826e-12 2.23799867526964e-12 2.20781171123008e-12 2.15653050972264e-12 2.08657535694101e-12 1.78014269991422e-12 1.59868784876949e-12 1.59965374280091e-12 1.43166589694488e-12 1.59859903092752e-12 1.86355375575431e-12 1.73401293324105e-12 1.66447966520877e-12 1.5970336164628e-12 1.46243017695724e-12 1.4250711721786e-12 1.35959021818621e-12 1.2339018695684e-12 1.16707754571621e-12 1.05453423770996e-12 1.15604192885144e-12 9.93261028980896e-13 1.06492592522045e-12 6.16173778666962e-13 4.3666181781532e-13
8.56997806053528e-11 6.72994882044975e-11 5.46269807166766e-11 4.38098890498395e-11 3.05011127466059e-11 1.76538672569393e-11 1.44884992892003e-11 1.28714039426825e-11 9.77363745491289e-12 8.45882253130981e-12 6.87104817487239e-12 5.74799097208256e-12 5.16299225594707e-12 4.68458605240585e-12 4.48635573135903e-12 3.99157373820458e-12 3.65244501310258e-12 3.44301254173729e-12 3.36208838547236e-12 2.41241471243825e-12 1.83695281208429e-12 1.66214819685706e-12 1.48219214679557e-12 1.52183821100493e-12 1.54262158602592e-12 1.42937883751415e-12 1.36551880913771e-12 1.47348799828251e-12 1.43753897674515e-12 1.23672183605095e-12 1.32791555529366e-12 1.35534916623214e-12 1.42239553468926e-12 1.53351775722399e-12 1.38534739235752e-12 1.37193589822004e-12 1.31635813360731e-12 1.25036647702359e-12 1.2158274387275e-12 1.02167163618105e-12 1.16061604771289e-12 1.04162234393357e-12 9.24871290663987e-13 6.33881835909733e-13 6.14719386504703e-13
5.87713100408394e-11 4.65938176930081e-11 3.6529779201544e-11 2.82465495438089e-11 2.30779395593572e-11 1.73418057691777e-11 1.3499235063108e-11 1.03275277218984e-11 8.28952462228472e-12 7.4121264681537e-12 6.084344139623e-12 5.06179542725249e-12 4.80622208698378e-12 4.47741843601079e-12 4.1570857867157e-12 3.76798592327532e-12 3.21607185327366e-12 2.86198842402996e-12 2.56219490069043e-12 1.9158563624444e-12 1.66034963555717e-12 1.51768597689284e-12 1.37428957103225e-12 1.25843779841261e-12 1.25318644350614e-12 1.26002541733783e-12 1.24520393995908e-12 1.22847287897798e-12 1.19519949492997e-12 1.21560539412258e-12 1.15401022071637e-12 1.10854658785797e-12 1.2266521132176e-12 1.23395738071963e-12 1.39633860030131e-12 1.39273037547127e-12 1.2873591082041e-12 1.23738796986572e-12 1.16876508471364e-12 9.81348335926668e-13 1.03437258758277e-12 1.07287512207677e-12 1.00077723885761e-12 8.54039061692902e-13 8.22064638583697e-13
3.56449647576085e-11 2.99758662336558e-11 2.45003906051977e-11 2.05542916020818e-11 1.77166725734423e-11 1.31984867479673e-11 1.09242059842529e-11 8.13898948237579e-12 7.36412042456891e-12 6.57509602319806e-12 6.05018257715528e-12 5.08564301782144e-12 4.31050750648865e-12 3.97073485203236e-12 3.67285091229519e-12 2.98303604040484e-12 2.79233303146498e-12 2.21942464406766e-12 1.75752745690261e-12 1.60478297317468e-12 1.45005119023267e-12 1.2925438497291e-12 1.21396226404613e-12 1.13502540699528e-12 1.0594414234788e-12 1.02619024389128e-12 1.00266461799947e-12 1.04376507437109e-12 1.0307088516015e-12 9.65694191279454e-13 9.24282872460935e-13 9.56190682188662e-13 1.02928776612998e-12 1.10326192626076e-12 1.11693987392414e-12 1.17328369242387e-12 1.18920429059699e-12 1.28755894834853e-12 1.23557830633558e-12 9.82725012477204e-13 9.90874049477952e-13 1.09999787056836e-12 1.08857367564497e-12 9.02711239092468e-13 9.87843140620726e-13
2.30580665672164e-11 2.03592254166551e-11 1.6714418737962e-11 1.5412637832668e-11 1.33970945448425e-11 1.07279074512689e-11 8.83774164961437e-12 6.74117428545173e-12 6.26739771192319e-12 6.2521321453346e-12 5.48752154827525e-12 4.62109239762754e-12 3.92362808909752e-12 3.52734508268782e-12 2.98422397904119e-12 2.35683694782551e-12 1.95157223714659e-12 1.79729564564468e-12 1.61393121089759e-12 1.40167877304975e-12 1.2610024135995e-12 1.15292220215224e-12 1.08820730204684e-12 1.064770493997e-12 9.89808235374312e-13 9.61830615153758e-13 9.26714260884864e-13 9.22573129003013e-13 8.97171226199589e-13 8.9749319087673e-13 8.96438479003336e-13 9.18687348416824e-13 9.4002583495012e-13 9.57922630107078e-13 9.82725012477204e-13 1.04043440529722e-12 1.00031094518727e-12 1.08304476498233e-12 1.09339204357184e-12 9.75630687349849e-13 1.01235686500445e-12 1.13273834756455e-12 1.17782450459458e-12 9.56146273267677e-13 1.03856923061585e-12
1.79438242042806e-11 1.40282119254209e-11 1.24355969965961e-11 1.1556344770014e-11 1.07140518679216e-11 9.64207602649481e-12 8.2654438848806e-12 7.07918168529886e-12 6.11770634151299e-12 5.70425928714258e-12 4.97529795140395e-12 3.99494881619944e-12 3.39834826945662e-12 2.82924794703376e-12 2.44050335496127e-12 1.94372296036249e-12 1.73262515446027e-12 1.6233903110674e-12 1.48810963551682e-12 1.26029187086374e-12 1.09185993579786e-12 9.81692505064302e-13 9.38649158399585e-13 9.41768885098782e-13 8.97470986416238e-13 8.89432971717952e-13 8.62288018765867e-13 8.39461833379573e-13 8.12538925032413e-13 8.21209766854736e-13 7.72082398015073e-13 8.12327982657735e-13 8.4586782023166e-13 9.44300193594927e-13 9.30677757082776e-13 9.53026546568481e-13 9.69679891937858e-13 1.01785246897634e-12 1.02218233877238e-12 1.04131148148667e-12 1.00818242643186e-12 9.63851221058576e-13 1.15256693078436e-12 1.09272590975706e-12 1.11605169550444e-12
