Scripts_&_data/Maxent_result_files_1/Bombus_humilis_3.asc
NCOLS 594 
NROWS 330 
XLLCORNER -15 
YLLCORNER 23 
CELLSIZE 0.166666666666667 
NODATA_value -9999 
[rows 210 to 230 of 330, columns 230 to 275 of 594]
0.37575047314167 0.210380019247532 0.304477179050446 0.258187608420849 0.312628746032715 0.243380762636662 0.26622312515974 0.169936667382717 0.286710348725319 0.182872386276722 0.102803198248148 0.27931612432003 0.253094567358494 0.179939633607864 0.137945833057165 0.156584970653057 0.159992900490761 0.134576288610697 0.143040604889393 0.104641316831112 0.123459102958441 0.0848783507943153 0.115600196272135 0.131023778766394 0.065824643149972 0.0682286202907562 0.0651802346110344 -9999 -9999 -9999 -9999 -9999 -9999 -9999 -9999 -9999 -9999 -9999 -9999 -9999 -9999 -9999 -9999 -9999 -9999 -9999
0.998507505655289 0.768256574869156 0.340609890222549 0.275863893330097 0.46971794962883 0.50536093711853 0.376895314455032 0.39122996032238 0.315530011057854 0.393337190151215 0.277096979320049 0.257600831985474 0.2681112870574 0.0673088863492012 0.150446805357933 0.284338867664337 0.221339018642902 0.21300730407238 0.244996647536755 0.110079072415829 0.107237262278795 0.0999361768364906 0.0799609340727329 0.171471010148525 0.195440444350243 0.177305054664612 0.139637625217438 -9999 -9999 -9999 -9999 -9999 -9999 -9999 -9999 -9999 -9999 -9999 -9999 -9999 -9999 -9999 -9999 -9999 -9999 -9999
0.789657157659531 0.523020261526108 0.405599570274353 0.260658556222916 0.454074043035507 0.441827523708343 0.333849102258682 0.220869061350822 0.36072028875351 0.217446526885033 0.323891261219978 0.299268558621407 0.331881231069565 0.267582346498966 0.116108971834183 0.0733543068170548 0.172106502950192 0.178170599043369 0.139682011306286 0.143594081699848 0.0832092449069023 0.138081380724907 0.13245151117444 0.228902964293957 0.622634023427963 0.356627207994461 -9999 -9999 -9999 -9999 -9999 -9999 -9999 -9999 -9999 -9999 -9999 -9999 -9999 -9999 -9999 -9999 -9999 -9999 -9999 -9999
0.762406104803085 0.73001766204834 0.418304532766342 0.282567645609379 0.514313274621964 0.360977640748024 0.223671278357506 0.182764621078968 0.182198549807072 0.139780824631453 0.184095376729965 0.136284892261028 0.144621400535107 0.296199464797974 0.19829543530941 0.0957786276936531 0.141682977974415 0.0818333201110363 0.133310873061419 0.166390044987202 0.237972813844681 0.124160403013229 0.193443512916565 0.207550196349621 0.258738324046135 0.242855948209763 -9999 -9999 -9999 -9999 -9999 -9999 -9999 -9999 -9999 -9999 -9999 -9999 -9999 -9999 -9999 -9999 -9999 -9999 -9999 -9999
0.997921365499497 0.996996164321899 0.792219358682632 0.569560438394547 0.263084302842617 0.218848262727261 0.168272233009338 0.121654268354177 0.143451647460461 0.131614476442337 0.0907110206782818 0.217971393465996 0.177185149490833 0.0753008835017681 0.0710918039083481 0.106677899509668 0.0666424095630646 0.142295089364052 0.144446270912886 0.158239333331585 0.135710735619068 0.187931644916534 0.232422910630703 0.128450518846512 0.113732375204563 0.102565831691027 0.30411431491375 -9999 -9999 -9999 -9999 -9999 -9999 -9999 -9999 -9999 -9999 -9999 -9999 -9999 -9999 -9999 -9999 -9999 -9999 -9999
0.893318092823029 0.895855420827866 0.996971547603607 0.755734485387802 0.579006493091583 0.337523651123047 0.17669769525528 0.268189376592636 0.597781407833099 0.167773200571537 0.0673939257860184 0.121884270012379 0.109309927374125 0.192067769169807 0.117738503962755 0.161163814365864 0.130024406313896 0.172313775122166 0.0995753683149815 0.180226345360279 0.220270609855652 0.206296852231026 0.263191333413124 0.266191911697388 0.0876965187489986 0.0791605889797211 0.0736953433603048 0.256928004324436 -9999 -9999 -9999 -9999 -9999 -9999 -9999 -9999 -9999 -9999 -9999 -9999 -9999 -9999 -9999 -9999 -9999 -9999
0.91183534860611 0.932411074638367 0.978318220376968 0.979618638753891 0.929657655954361 0.997776085138321 0.394868829846382 0.920837008953095 0.289271858334541 0.396103963255882 0.20714685022831 0.137622947990894 0.125947986543179 0.212487269937992 0.151454496383667 0.232838508486748 0.278011524677277 0.308506396412849 0.213125446438789 0.138594175875187 0.204551570117474 0.28589380979538 0.326826375722885 0.316503867506981 0.200653018057346 0.107289725542068 0.0947337299585342 0.095112494379282 -9999 -9999 -9999 -9999 -9999 -9999 -9999 -9999 -9999 -9999 -9999 -9999 -9999 -9999 -9999 -9999 -9999 -9999
0.998827594518662 0.816129207611084 0.676045936346054 0.78019118309021 0.841415512561798 0.865947300195694 0.892371696233749 0.912924182415009 0.750993055105209 0.499107038974762 0.667989498376846 0.602183955907822 0.27642662525177 0.270973090827465 0.12589757964015 0.106928689032793 0.120712293684483 0.219650280475616 0.120126756280661 0.273758473992348 0.159220792353153 0.169799347221851 0.240497025847435 0.338633301854134 0.346435388922691 0.194025336205959 0.108644957840443 0.111521971970797 -9999 -9999 -9999 -9999 -9999 -9999 -9999 -9999 -9999 -9999 -9999 -9999 -9999 -9999 -9999 -9999 -9999 -9999
0.568308264017105 0.423705106973648 0.702605336904526 0.766311502456665 0.823779493570328 0.97791274189949 0.821233308315277 0.726201403141022 0.937549585103989 0.655888938903809 0.521370074152946 0.583317977190018 0.372922760248184 0.204662674665451 0.377442944049835 0.33400727212429 0.335373508930206 0.141146866977215 0.119034402817488 0.254239369928837 0.153459425270557 0.143737779557705 0.127167230844498 0.194375908374786 0.139854067564011 0.182412756979465 0.228751789033413 0.0975928999483585 0.128028070926666 -9999 -9999 -9999 -9999 -9999 -9999 -9999 -9999 -9999 -9999 -9999 -9999 -9999 -9999 -9999 -9999 -9999
0.223970866203308 0.577452570199966 0.499201825261116 0.674809110164642 0.509263649582863 0.280019852519035 0.318415910005569 0.329861202836037 0.266666868329048 0.353710836172104 0.470233306288719 0.51541608273983 0.570165580511093 0.628363054990768 0.545645040273666 0.340636759996414 0.324053803086281 0.252163101732731 0.146790818870068 0.182852846384048 0.119168578833342 0.10852515399456 0.104789306223392 0.101851775497198 0.178158892691135 0.102849514782429 0.105897615849972 0.181642201542854 0.0844936318695545 0.0876715235412121 0.583085817098618 -9999 -9999 -9999 -9999 -9999 -9999 -9999 -9999 -9999 -9999 -9999 -9999 -9999 -9999 -9999
0.415586611628532 0.740170109272003 0.405541336536407 0.73960497379303 0.816096323728561 0.539888483285904 0.434438639879227 0.477818590402603 0.516498067975044 0.338048335909843 0.339312738180161 0.51730420589447 0.365089911222458 0.188041247427464 0.376653805375099 0.304610070586205 0.392713475227356 0.446292626857758 0.0966240406036377 0.088105908036232 0.161736831068993 0.0921108104288578 0.091295737028122 0.088546434789896 0.0887671865522861 0.115824574232101 0.182642237842083 0.190509821474552 0.197139821946621 0.0938264183700085 0.131644063442945 0.140880031883717 0.367296472191811 0.816218847036362 -9999 -9999 -9999 -9999 -9999 -9999 -9999 -9999 -9999 -9999 -9999 -9999
0.124035524576902 0.372550544142723 0.463391262292862 0.495170256495476 0.10256770029664 0.301700666546822 0.656026673316956 0.751955538988113 0.538567066192627 0.409562110900879 0.224091039597988 0.262482784688473 0.295806059241295 0.254981924593449 0.326846408843994 0.21770800948143 0.279661443829536 0.180107481777668 0.0676813904196024 0.0726789124310017 0.129407192021608 0.127193247526884 0.0784133285284042 0.108013968169689 0.0909159176051617 0.089229678362608 0.152133405208588 0.148322625458241 0.611788493394852 0.527446499466896 0.434414479136467 0.328731206059456 0.770840221643448 0.968803578615189 0.925035130977631 0.840252447128296 0.401171776652336 0.20564219802618 0.2912817299366 0.207604341208935 0.360083451867104 0.325603103637695 0.384181877970695 0.372001647949219 0.747058552503586 -9999
0.127309772372246 0.155452407896519 0.0965174101293087 0.208622625470161 0.673771369457245 0.249618370831013 -9999 -9999 0.0962113790214062 -9999 -9999 -9999 0.761820334196091 0.130584139376879 0.372229290008545 0.318838685750961 0.111660671979189 0.101047985255718 0.0564587529748678 0.126325899362564 0.122546216100454 0.0725666292011738 0.0801623843610287 0.107241327315569 0.435209184885025 -9999 -9999 -9999 -9999 -9999 -9999 -9999 -9999 -9999 -9999 0.810984402894974 0.407541358470917 0.514135950803757 0.267894688248634 0.337909725308418 0.304231116175652 0.194854985177517 0.319030401110649 0.433412897586822 0.358255743980408 0.555336779356003
0.318448057770729 0.204366806149483 0.501738622784615 -9999 0.670664393901825 -9999 -9999 0.416549247503281 -9999 -9999 -9999 -9999 -9999 -9999 -9999 -9999 0.0610311970114708 0.0838211536407471 0.0791461989283562 0.0971069112420082 0.219688336551189 0.134557412564754 0.108217319101095 0.138087968528271 -9999 -9999 -9999 -9999 -9999 -9999 -9999 -9999 -9999 -9999 -9999 -9999 0.795188564062119 0.795620846748352 0.611450868844986 0.826695817708969 0.466774746775627 0.583774358034134 0.7791623711586 0.44928982257843 0.606575459241867 0.80201963186264
0.226523751020432 0.262107701599598 0.289342480897903 -9999 -9999 -9999 -9999 -9999 -9999 -9999 -9999 -9999 -9999 -9999 -9999 -9999 -9999 -9999 -9999 -9999 -9999 0.28568360209465 -9999 -9999 -9999 -9999 -9999 -9999 -9999 -9999 -9999 -9999 -9999 0.377624216675758 0.257225485146046 0.286971566081047 0.338804203271866 0.435156959295273 0.328331220149994 0.400444108247757 0.764769047498703 0.609844440221787 0.510995149612427 0.418377080559731 0.352826231718063 0.597575628757477
0.443728360533714 0.657777106761932 0.192410209774971 -9999 -9999 -9999 -9999 -9999 -9999 -9999 -9999 -9999 -9999 0.667680126428604 -9999 -9999 -9999 -9999 0.822922760248184 0.077891967445612 0.367205390334129 -9999 0.772931188344955 0.352081400156021 -9999 -9999 -9999 0.353905233740807 -9999 -9999 -9999 -9999 -9999 -9999 0.869734036922455 0.342980378866196 0.24134164005518 0.413974958658218 0.776796382665634 0.380829039216042 0.124036166071892 0.280740708112717 0.195792515575886 0.0770798601210117 0.435218745470047 0.481968092918396
-9999 0.396525946259499 -9999 -9999 -9999 0.230907316505909 -9999 -9999 -9999 -9999 -9999 -9999 -9999 -9999 -9999 -9999 -9999 -9999 0.0823083594441414 0.077301712334156 0.145992010831833 0.0800321936607361 0.0613605283200741 0.128136906027794 0.174266871809959 0.097739464789629 0.0896105848252773 0.0998859256505966 0.0748411186039448 0.0975526936352253 0.157379165291786 0.126228499412537 0.095713796466589 0.290785560011864 0.486566972732544 0.505460792779923 0.360012322664261 0.405897733569145 0.300615325570107 0.351088264584541 0.136063323169947 0.433450946211815 0.269230382144451 0.21103680729866 0.247244167327881 0.35592038333416
0.296474450826645 -9999 -9999 0.221476349234581 -9999 -9999 -9999 -9999 -9999 -9999 -9999 -9999 -9999 -9999 -9999 -9999 -9999 -9999 0.0723165821284056 0.129969317466021 0.236466661095619 0.0891901277005673 0.165357325971127 0.169465361535549 0.12070747166872 0.269850340485573 0.12603749409318 0.0923356235027313 0.0571010947227478 0.0594556055963039 0.102693700790405 0.173574429750443 0.283831277489662 0.325728875398636 0.863520765304565 0.776345527172089 0.648102176189423 0.51477541923523 0.267666366696358 0.462655013799667 0.144109753519297 0.193335047364235 0.128864187002182 0.242360229790211 0.278235039114952 0.164367680251598
-9999 -9999 -9999 -9999 -9999 -9999 -9999 -9999 -9999 -9999 0.102195580303669 0.0460120368748903 -9999 -9999 -9999 -9999 -9999 0.0387776754796505 0.0738410942256451 0.0776033520698547 0.0895534306764603 0.132026687264442 0.129107186943293 0.231499129533768 0.120253105461597 0.115539735555649 0.0711244065314531 0.106857555359602 0.149706873297691 0.0653955150395632 0.0577203042805195 0.220837025344372 0.118325410783291 0.232758946716785 0.398654159903526 0.636367970705032 0.565493154525757 0.194558346271515 0.632523834705353 0.387187942862511 0.598735493421555 0.574149793386459 0.441559612751007 0.535640400648117 0.480211079120636 0.120745395123959
-9999 -9999 -9999 -9999 -9999 -9999 -9999 -9999 -9999 -9999 -9999 -9999 -9999 -9999 -9999 -9999 -9999 0.0314571963623166 0.0320540392771363 0.0436606664210558 0.1370267406106 0.246671316027641 0.148813463747501 0.150899228453636 0.128043323755264 0.101305975019932 0.0547354675829411 0.0857258714735508 0.0752234905958176 0.138125979155302 0.322890558838844 0.207350504398346 0.279903754591942 0.10996405556798 0.181396727263927 0.413221281766891 0.366942119598389 0.406334510445595 0.877316671609879 0.610424327850342 0.444164857268333 0.215654164552689 0.0703089028596878 0.155462139099836 0.0656632669270039 0.0727030392736197
-9999 -9999 -9999 -9999 -9999 -9999 -9999 -9999 -9999 -9999 -9999 -9999 -9999 -9999 -9999 -9999 -9999 0.044294292666018 0.0408704431727529 0.163878437876701 0.546176862716675 0.282871742546558 0.043072310090065 0.0954938717186451 0.041399373114109 0.048928527161479 0.0459945697337389 0.0865614503622055 0.0403005193918943 0.133017137646675 0.15843216329813 0.179597787559032 0.122538357973099 0.0402176238596439 0.10554431900382 0.0885394655168057 0.257996009290218 0.311629393696785 0.48588433265686 0.368327444791794 0.37874296605587 0.429564353823662 0.387490475177765 0.124219726771116 0.160106210410595 0.0931488193571568
