Scripts_&_data/Maxent_result_files_1/Bombus_flavidus_3.asc
NCOLS 594 
NROWS 330 
XLLCORNER -15 
YLLCORNER 23 
CELLSIZE 0.166666666666667 
NODATA_value -9999 
[rows 260 to 279 of 330, columns 308 to 351 of 594]
4.58483003784593e-08 4.66826981293522e-08 1.90784069431516e-08 2.62101741532739e-08 4.48057102531152e-10 7.73693442646106e-11 8.91078100195841e-11 5.90690041324393e-10 6.21290574542854e-11 4.75399608568239e-11 4.36680136495227e-11 1.83264425857033e-10 2.15589435192953e-11 2.0842527703735e-11 8.62470650453417e-11 1.68048241988572e-11 1.51096024580966e-11 1.46930800859479e-11 1.39350420091944e-11 1.33529520773834e-11 1.3229806139492e-11 1.18354770428653e-11 9.18296549912157e-12 7.65477681241578e-12 6.67638166973461e-12 5.31497068578801e-12 4.35321778624598e-12 4.30150359775894e-12 2.22224461055021e-12 1.95130578362068e-12 2.06753503206869e-12 1.84414705728386e-12 1.12356790538115e-12 1.2445600106048e-12 1.29292132555747e-12 1.23547838626337e-12 9.91629001134697e-13 6.85673740008497e-13 4.06563671617732e-13 1.00845998218801e-12 1.90980564696019e-13 2.49988918454846e-13 2.34667840715019e-13 7.53352935589646e-13
4.28594921775272e-08 1.09765055933408e-09 6.79224120281319e-09 9.35556148107253e-09 1.61925284292153e-10 1.54468404733876e-10 8.70722827173154e-11 6.33956664941593e-11 5.60476887123684e-11 5.70178237957464e-11 4.31981783677315e-11 2.10163109137795e-11 1.87014070895941e-11 2.18837614696099e-11 2.20534701611541e-11 2.11753392598268e-11 1.93107085877386e-11 1.95094274069163e-11 1.88306703563512e-11 1.60502389157102e-11 1.5158541089022e-11 1.43023926035823e-11 4.6626003058492e-11 9.66171587180042e-12 7.74221797783525e-12 6.05137051579163e-12 3.86064513691053e-12 2.25993224134413e-11 1.20625953670128e-11 1.1634027075047e-11 8.12200307009903e-12 1.92006410770773e-12 1.67814651064191e-12 1.4295342687376e-12 1.13090647957392e-12 4.46542802734484e-13 4.95115060061835e-13 8.35409519339692e-13 4.92839102861353e-13 2.70738986785091e-13 2.29416485808542e-13 2.1378454562182e-13 2.42617037571335e-13 1.88649096344307e-13
2.4754318406206e-08 7.08794970383231e-08 7.76101493071835e-09 4.5836619277928e-09 1.89180131560107e-09 8.00290211877552e-10 1.3829754008654e-10 1.28610488925318e-10 1.55935764301063e-10 9.50426404244809e-11 2.10713668735707e-10 2.70710787120265e-11 2.43495668073024e-11 2.56820453792272e-11 2.70978128824595e-11 2.9884039687289e-11 2.83119416799593e-11 2.9493874009745e-11 2.63321808802175e-11 1.60527813264366e-11 1.69808500594115e-11 1.40061517939216e-11 1.11774589584002e-11 9.38251698556769e-12 8.18377587918917e-12 5.98092686487917e-12 4.73068251238828e-12 3.63336027930927e-12 3.09017256228117e-12 3.49751339001614e-12 1.84116721868577e-11 3.59998697518904e-12 2.89024360000667e-12 1.93152160932186e-12 1.53574930550349e-12 3.77331499379352e-13 1.23134835661176e-12 2.97765145873541e-12 5.84710058149085e-13 3.31290550548147e-13 5.75095526755831e-15 1.45794487593776e-13 2.271738352988e-13 2.11364259428137e-13
3.86158473753007e-07 2.78358685990021e-08 2.74040153569466e-08 1.88525403066464e-09 4.04541100618161e-10 2.87617518690553e-10 3.76371800392405e-10 2.33540076166605e-10 1.69781844139294e-10 1.09809294990271e-10 5.87740078827892e-11 4.00485755669422e-11 3.35133809592492e-11 3.67988084448712e-11 4.39710379218639e-11 4.73528327660233e-11 4.18365564414103e-11 3.27805116384638e-11 1.68973834924202e-11 1.65070179747318e-11 1.86558324344332e-11 1.42910794309614e-11 1.0613665502035e-11 1.10924713858651e-11 9.12944164710439e-12 7.36790628508288e-12 7.11458669755416e-12 5.88630255649036e-12 4.38842295835684e-12 5.1131432421414e-12 6.22805140793048e-12 5.29447596875343e-12 4.11584100135087e-12 2.52783349807828e-12 1.37485245410573e-11 1.20908838496803e-12 4.67522687230826e-12 6.24267304516479e-13 6.06914518641588e-13 3.86435328181278e-13 6.3726801613484e-15 6.08735284401973e-14 6.07180972167498e-14 2.37232455901903e-13
2.84835816843909e-07 3.17869421673223e-08 6.48136968539603e-09 4.18671641799762e-10 3.88113197136164e-10 3.44212258696075e-10 3.29013127853273e-10 3.28531213344974e-10 2.49414866537734e-10 1.57901669517457e-10 9.74822667032527e-11 7.06500080660533e-11 6.00108518433728e-11 5.34075672575796e-11 4.8882686787266e-11 4.74733141686556e-11 1.80751524858636e-11 7.46848138888367e-12 3.09211767302031e-11 1.56566204445596e-11 2.04312122775718e-11 1.58427271301775e-11 1.2974221696993e-11 1.28466681736938e-11 1.00243702227942e-11 8.18390910595213e-12 3.02179614664055e-11 3.97064825463644e-11 7.35360661252571e-12 7.31908977869011e-12 3.28233662472144e-11 2.45474529592116e-11 4.26970681033367e-12 1.02335695473244e-11 9.95621363131249e-12 1.30592203717583e-12 9.36617450264521e-13 5.01999553037535e-12 3.8246072975312e-13 4.7223336352431e-13 1.38000721960907e-14 1.77762249364832e-12 5.39679412270289e-14 1.96187510681511e-13
8.90917033480321e-09 4.29021558279175e-09 3.01013971526487e-09 4.25862012320977e-10 2.5234567768706e-10 9.19780385189029e-10 1.97390837008982e-10 2.02962724404898e-10 1.87566895348823e-10 1.50386758601684e-10 1.13418097136275e-10 8.72387162509369e-11 6.97625845980099e-11 5.96039106959267e-11 4.23206025779166e-11 3.4643654611699e-11 2.63605692829572e-11 1.77521553013094e-11 2.38717157152735e-11 2.25042096069217e-11 2.43761344442817e-11 7.146003788705e-11 1.50791157338404e-11 1.45166101361838e-11 1.13445697280667e-11 8.70062910607317e-12 9.42742550691378e-12 7.34096117227523e-12 7.29531990373289e-12 7.00514091178661e-12 2.85512502529173e-11 4.76353401168694e-12 3.69316799364583e-12 3.11157766219594e-12 2.25631735517595e-12 1.56551438479369e-12 9.3641316922799e-12 7.08277880789865e-13 3.99436039799639e-13 5.17985654369113e-13 4.77384798358571e-13 7.4273920347423e-15 2.09499084746767e-14 3.01314528883267e-13
5.39113842457084e-10 8.23844747976921e-10 1.43897759263822e-09 2.3814931138233e-10 2.00120919835456e-10 1.67456937205657e-10 1.31639421585561e-10 1.3227868800314e-10 1.36583577781124e-10 1.22597321183804e-10 1.0690802687563e-10 8.70019722931659e-11 6.89358459204925e-11 5.92124793641346e-11 5.52609513704283e-11 3.52844753415127e-11 2.72170619375345e-11 9.79580860871465e-12 1.31777033729463e-11 3.24793636430343e-11 2.21645146680771e-11 1.54365631388487e-11 1.13918541266855e-11 1.01528896401248e-11 7.71885888539714e-12 7.95080667970183e-12 9.52382617214198e-12 7.50568496243886e-12 5.45279377206498e-12 4.32424096530326e-12 4.09818845525933e-12 4.42323955240909e-12 3.99972277520533e-12 4.40746328322916e-12 3.17569304186804e-12 1.91002769156512e-12 1.26989530002675e-12 3.36626282404495e-12 2.54849474856655e-12 1.92443838642475e-12 1.66572311499635e-12 4.9480419761494e-13 3.91708887548248e-13 4.2312819914514e-13
6.98182078817666e-10 8.05948741078311e-10 7.24346094216344e-10 2.18380591388012e-10 2.16479623116328e-10 1.21258725283013e-10 9.98694571485714e-11 1.0758073321071e-10 1.09642261936216e-10 1.00606756259225e-10 7.53060724889565e-11 7.59171059350194e-11 5.54317369783064e-11 6.49141407293996e-11 4.49230430632497e-11 1.60563362605615e-10 2.78563727640346e-11 2.29836816245665e-11 7.30708826779391e-12 3.27236793218333e-11 2.85308887626456e-11 1.54073753755313e-11 1.68533964561846e-11 1.17959642054188e-11 1.32942101771505e-11 9.37756872154694e-11 8.6266327414819e-12 6.01450000914383e-12 4.97771823759763e-12 4.94174701159977e-12 3.85376175415786e-12 3.521627434111e-12 2.95681257256319e-12 3.22361026761087e-12 3.13551407060686e-12 2.30966357150919e-12 1.53218548959444e-12 1.11780584788335e-12 6.79123424163208e-13 2.91509039129778e-12 5.57165424908135e-13 1.53422829995975e-12 1.45445877564043e-12 2.80033773947252e-12
5.53402057512642e-10 1.20949095183676e-10 1.67213654034271e-10 2.77630918255056e-10 1.52450663204462e-10 3.74749342668679e-11 3.72868069753451e-11 8.46793302144988e-11 8.88722206937587e-11 8.80979622586153e-11 8.61630100601474e-11 8.41833491804778e-11 6.51007803220693e-11 8.3272644335608e-11 5.6997606634468e-11 4.24497992312922e-11 4.37979874590155e-11 2.80564127486116e-11 1.91739180088746e-11 3.21916382439724e-11 2.4823931799034e-11 2.4632773598654e-11 2.13967510376278e-11 1.83712489665311e-11 1.58343116396509e-11 1.05110808945597e-11 8.55582271697131e-12 6.87671031229797e-12 5.7238769279877e-12 4.54933868354601e-12 3.95594668134436e-12 3.32254224133521e-12 9.61197788029722e-12 2.37452280060779e-12 2.65265587273689e-12 2.29035679311096e-12 8.30731039513921e-12 5.24906784704626e-12 8.81061890112278e-13 6.17417228454542e-13 5.75761660570606e-13 4.78583839225166e-13 7.7715611723761e-15 1.00364161426114e-14
2.40411315055589e-07 2.4255360819847e-08 2.92672397428362e-10 1.50700985024343e-10 8.58860760288849e-12 8.85653772542128e-12 1.89129045757852e-11 2.71206168633853e-11 4.784771467925e-11 7.21674719983412e-11 7.24861726197901e-11 7.66844254762589e-11 7.97070409674916e-11 7.05176583792877e-11 5.90319015891794e-11 5.08351138961416e-11 3.99136168560688e-11 6.9936256785752e-11 8.90392870545043e-11 1.56859225608486e-10 2.83733037065304e-11 2.43138398303699e-11 2.06880734765491e-11 7.17104930991752e-11 1.30210731086322e-11 3.91179977299316e-11 8.35820301858803e-12 6.15359985189912e-12 4.57109905482866e-12 4.13227230211532e-12 3.73716613211172e-12 3.1065039429734e-12 2.54655185827346e-12 1.99695815439327e-12 2.06704653393786e-12 2.13113970914947e-12 1.68202118899785e-12 1.2073786415101e-12 1.00773833722201e-12 8.32933721994777e-13 7.11741776626695e-13 4.83313389310069e-13 3.89077658979886e-13 4.15478762505472e-13
2.57036339452732e-06 4.42544614469576e-06 3.63906420330906e-08 2.60768717730286e-10 2.20170253140139e-09 1.26028465441408e-10 4.16306988881843e-11 1.69550151696285e-11 2.79387957213828e-11 5.21128917796432e-11 5.24706833537891e-11 6.22995877108679e-11 6.38819219744846e-11 6.15466344555671e-11 5.3300508451315e-11 4.59284166254292e-11 2.62522004135235e-11 3.9955827535465e-11 2.02334704546558e-11 3.02090130688271e-11 1.65496683024458e-10 2.16581086398548e-11 1.7559942389056e-11 1.53872914410158e-11 1.38982381159281e-11 1.1217216044912e-11 8.19290191245159e-12 6.33694208218571e-12 4.80545603309679e-12 4.53271864486737e-12 3.43338690811379e-12 2.8747448865829e-12 2.43930431409467e-12 1.95210514419841e-12 1.75747194575138e-12 1.7064683000001e-12 1.65024660603308e-12 1.27716726083804e-12 1.0237477532371e-12 8.53672688094775e-13 7.76079200903723e-13 5.28121990583941e-13 4.70423699994171e-13 6.66355859380019e-13
1.67074681722834e-07 9.8566998985028e-08 4.59839537669815e-07 1.5936525432636e-10 9.47537825979339e-11 5.10985898038996e-10 5.38031574848219e-10 1.13001830115422e-11 1.7370538341055e-11 2.76312417391011e-11 4.00278254986119e-11 4.88360796246923e-11 5.32177857337501e-11 5.32198396463457e-11 4.81432560484052e-11 4.18469814356115e-11 3.71232933282784e-11 3.85211973430444e-11 3.34653971201249e-11 1.50320056402364e-10 2.46865639041971e-11 1.88960624925016e-11 1.8301815618571e-11 1.68917102527644e-11 1.51521906133212e-11 1.16656795334791e-11 9.04858410422094e-12 6.24703622165157e-12 4.69450034401575e-12 3.74732467278704e-12 3.16110471132447e-12 2.64988031517532e-12 2.33668639992857e-12 1.9432677689224e-12 1.56012980312425e-12 1.46960221769632e-12 1.6183498985356e-12 1.18393073123002e-12 9.98767735183037e-13 8.66806626476091e-13 7.22955029175409e-13 5.34516875205782e-13 5.62105917367717e-14 3.1863400806742e-15
2.745191096587e-06 1.67735827900639e-06 3.28727191778455e-06 3.44021633402747e-10 4.2902759123109e-11 1.29457244923969e-10 6.69690636279085e-11 5.26367394115823e-11 1.24203647366983e-11 9.54958334631328e-12 2.26913932088735e-11 1.09795794678291e-10 3.89767107478178e-11 2.64005373118437e-11 3.07762482165685e-11 4.31402136236159e-11 3.78418074653553e-11 3.63843843942391e-11 3.06569880592633e-11 2.56457188818615e-11 2.09703698850205e-11 1.85234494409769e-11 1.74004588515686e-11 1.56698765074736e-11 1.35711997195642e-11 9.33662036572969e-12 7.2453931743155e-12 5.14005504825832e-12 3.86437548627327e-12 3.04419822683144e-12 2.38732367208172e-12 2.14066542270075e-12 1.9697687925202e-12 1.66627822650867e-12 9.36301036702503e-12 1.2772782831405e-12 1.45417011765403e-12 1.23956400699399e-12 1.04588560034813e-12 8.33888513795955e-13 7.59914353665181e-13 5.65791857809472e-13 3.7070346792234e-13 1.69975145070111e-14
3.6849625462132e-09 6.80973932687401e-08 2.02038120677983e-09 1.8577733795766e-10 4.48705295141849e-11 8.31383850652401e-12 6.50984821604084e-11 3.11777270667335e-11 9.81272840760994e-12 6.75671740779649e-12 1.25710775122911e-11 2.23554841305429e-11 1.86372806076918e-11 2.27574514788387e-11 2.77551648331098e-11 3.91591870041452e-11 1.8199518558859e-10 3.47355588736775e-11 2.59685828396528e-11 1.60363944345931e-11 1.50127688058888e-11 1.78313031007349e-11 1.53939305747031e-11 1.40784162105945e-11 1.21026522137413e-11 8.65086891010947e-12 5.98838756360465e-12 3.77523567962612e-12 3.51190188041528e-12 2.50821585723315e-12 2.49901210835901e-12 2.32125429988628e-12 1.8286483438601e-12 9.71314140230106e-12 1.11515241485449e-12 1.11521902823597e-12 1.11375353384346e-12 1.0594414234788e-12 8.99624819084011e-13 7.56983364880171e-13 8.44191383464477e-13 7.13928915985207e-13 4.31299440606381e-13 2.11339834521596e-12
7.58538187817237e-10 7.80206377282155e-10 2.55509746693861e-10 2.54977328140171e-10 1.58456181509337e-10 1.21993970481071e-11 1.62921787172365e-11 3.70935060445277e-11 1.56236579229585e-11 8.43694003549444e-12 1.29678268123712e-11 2.16363926774932e-11 1.86880511066079e-11 2.03874028770201e-11 2.66496269496486e-11 1.41173850387588e-11 1.11824327575505e-11 1.67957203700553e-11 2.13720374730997e-11 1.9647417026647e-11 1.68060454441843e-11 1.27390764603774e-11 1.26103127939814e-11 1.19243614982167e-11 1.11902376254136e-11 7.61406493410277e-12 4.54689619289184e-12 3.42977868328376e-12 2.72063482853468e-12 2.53248533255146e-12 2.60246268979358e-12 1.96935801000109e-12 1.66464619866247e-12 1.23278054431353e-12 1.07188702358485e-12 9.11914987966611e-13 1.03655972694128e-12 9.00191032826569e-13 7.35667082807367e-13 5.78981307342019e-13 7.061018436616e-13 6.06337202668783e-13 5.39479572125856e-13 4.24771329221585e-13
8.09465061646364e-10 1.22048382511508e-10 5.55216317366103e-11 3.11976444677953e-11 1.94385618712545e-11 6.9320216233848e-12 1.56284318819644e-11 2.59962829041172e-11 2.22216689493848e-11 1.36095690272953e-11 8.57582893587505e-12 1.3224532580125e-11 2.56911936169502e-11 3.48923556714453e-11 3.00536595609913e-11 1.21895715743392e-11 8.44821990142464e-12 3.42601502723028e-12 2.0507684439508e-11 1.50192747128131e-11 1.25070287460005e-11 1.09634745726339e-11 9.02004027025782e-12 8.51291259706954e-12 7.40296712820054e-12 6.02936589544356e-12 4.56450433006239e-12 3.40893979711154e-12 3.11276560083229e-12 2.74381628528886e-12 2.31760166613526e-12 1.81477055605228e-12 1.53340673492153e-12 1.14790399408093e-12 1.02572395022094e-12 4.7014503401499e-12 8.28093149607412e-13 7.44238004557474e-13 6.34592378645493e-13 5.24635890286618e-13 5.46462874950748e-13 6.50490772358126e-13 6.92812474056836e-13 5.06261699229071e-13
1.45235934390087e-10 1.90572990721449e-10 3.08127945380932e-10 6.54972298619327e-11 3.74177799855602e-11 1.48567047553172e-11 1.52509449513616e-11 9.64616164722543e-12 2.26980656492515e-11 1.02858832562447e-11 8.35811420074606e-12 1.90408577793733e-11 2.31762276037273e-11 3.04958502894692e-11 2.62250332561109e-11 1.97237559618202e-11 1.40862321806878e-11 8.75965966429249e-13 6.33264551908042e-12 1.69245395476025e-11 1.51813006610269e-11 1.0461098653991e-11 8.09922129363372e-12 7.15717485277878e-12 5.88780135757361e-12 5.29838395380011e-12 4.80825379511884e-12 3.63921115464905e-12 2.97275537519681e-12 2.40130137996175e-12 1.77738934681315e-12 1.59832147517136e-12 1.34090516468177e-12 1.04488639962597e-12 9.50661771526029e-13 8.24140755639746e-13 6.80233647187833e-13 7.5547346156668e-13 2.7795432622213e-12 5.77538017410006e-13 5.30064880877035e-13 5.25968157916168e-13 5.84787773760809e-13 5.31763522104711e-13
1.76299896903487e-10 1.48585299619697e-10 1.81512693764319e-11 2.68169597639201e-11 3.98908239773732e-11 2.6947344355932e-11 2.38635222693517e-11 2.76364819917774e-11 3.94890675714521e-11 3.97979760258238e-11 6.22480955669857e-12 1.21209375869569e-11 1.73010161752529e-11 9.59237134168234e-11 1.12219145087522e-10 1.63699831468023e-11 1.83639325967988e-11 1.20608079079432e-11 1.50827017542099e-11 1.49933065962671e-11 1.14882103829927e-11 1.01666453033999e-11 8.65549854012215e-12 7.86686271680992e-12 7.79697417740976e-12 6.34059471593673e-12 4.6514014861998e-12 3.65224517295815e-12 3.24326121514673e-12 2.11831663321504e-12 1.6333046026773e-12 1.4065859588186e-12 1.14116494032146e-12 8.87756534950768e-13 7.93165533252704e-13 7.89956988711538e-13 6.75870470701057e-13 6.44106989966531e-13 5.27233812164241e-13 4.96802599059265e-13 4.92084151204608e-13 4.86555240541975e-13 4.69757566179396e-13 4.82791584488496e-13
2.11429229679538e-10 1.0494274005346e-09 1.16608822597897e-10 5.38383782000551e-11 1.1987086878662e-10 1.95360061461258e-11 1.75172876204499e-11 1.69329661403594e-11 3.94281052251699e-11 4.03576505547676e-11 9.74722524915705e-12 9.46965839077052e-12 1.19450116464748e-11 1.64197544449962e-11 2.06977990302448e-11 1.81341275329316e-11 1.69176450626196e-11 1.79492198881803e-11 1.29709576413006e-11 1.18502208046323e-11 9.26244636545448e-12 8.21211987300785e-12 8.94609941681779e-12 8.7582718855117e-12 6.78261891096099e-12 5.34097210902473e-12 4.10650402571378e-12 3.30315774732526e-12 2.2228441309835e-12 1.55335744267404e-12 1.23792087691754e-12 1.05331299238287e-12 8.90609808124054e-13 7.75057795721068e-13 7.0207173408221e-13 6.54010179346187e-13 5.8413274217628e-13 5.78126435613058e-13 4.88364904072114e-13 4.70157246468261e-13 4.64517313503165e-13 4.74364991731591e-13 4.68802774378219e-13 4.53570514480361e-13
3.38619976503196e-10 1.24421508651551e-09 7.99824306785268e-10 1.43129164076328e-10 6.20744566859344e-11 1.05456865462372e-10 8.44399217214686e-11 8.48311421108861e-12 1.50274237498138e-11 1.65974567423177e-11 1.18703047391477e-11 8.32208746359697e-12 6.98536783971804e-12 9.60300727825825e-12 1.49649626024484e-11 1.59660173970622e-11 1.42837408567686e-11 1.2250112035872e-11 1.04324548999557e-11 8.48610071102485e-12 7.49340589578651e-12 8.04750710514668e-12 9.81958958590212e-12 8.32756086310837e-12 6.23476825722946e-12 4.86253259879277e-12 3.80803166777355e-12 2.57728283159508e-12 1.64723790163634e-12 1.12572173804892e-12 3.34425820369688e-12 8.44402325839155e-13 7.02304880917382e-13 6.33637586844316e-13 6.08246786271138e-13 5.86819481895873e-13 4.8739901004069e-13 5.13733500184799e-13 4.75841588354342e-13 4.82802686718742e-13 4.32232027947066e-13 2.61306531967875e-12 5.10103070894274e-13 4.72444305898989e-13
