Scripts_&_data/Maxent_result_files_1/Bombus_norvegicus_2.asc
NCOLS 594 
NROWS 330 
XLLCORNER -15 
YLLCORNER 23 
CELLSIZE 0.166666666666667 
NODATA_value -9999 
[rows 120 to 139 of 330, columns 460 to 505 of 594]
0.00538929593749344 0.00190261144307442 0.00110815641819499 0.0010648137453245 0.00232715188758448 0.00177457210374996 0.00182806414086372 0.00169558614725247 0.00190827936166897 0.00172236760263331 0.00154315292311367 0.00154372500546742 0.00139504042454064 0.000703843971132301 0.00151482892688364 0.00116359314415604 0.00119584553176537 0.000915703360806219 0.000285755550066824 0.00202104017953388 0.000469745114969555 0.000286940027945093 0.000163766545483668 0.000785582233220339 0.000684865511721 0.000780338852200657 0.00143921401177067 0.00176249279174954 0.000856769373058341 0.0119399069342762 0.00127355910663027 0.049057933408767 0.00165486061596312 0.00156241164077073 0.00056916516405181 0.00428261678898707 0.000201970974012511 0.00159168757963926 0.00201132760266773 0.00270163811510429 0.0257362995762378 0.00228192288486753 0.00841444183606654 0.000587089393229689 0.000418917650677031 0.000816718231362756
0.00234656509710476 0.00216495194472373 0.00162600513431244 0.00223807456204668 0.00187988325487822 0.00230207128915936 0.00183765174006112 0.00097993680392392 0.00223449975601397 0.0020147293980699 0.0017777364642825 0.00150479325966444 0.00170269967638887 0.00140672846173402 0.00101884494361002 0.000586702757573221 0.00109007088758517 0.000963892361323815 0.000903627742081881 0.000855662985122763 0.000806915783323348 0.000684215862565907 0.000859468666021712 0.000600679173658136 0.000401159146713326 0.0008208181388909 0.00122078682470601 0.000833711153245531 0.00071114266756922 0.000920123042305931 0.00100683561176993 0.00210828821873292 0.000384159202076262 0.000421713192918105 0.00247423436376266 0.000373682818462839 0.000524943441268988 0.0004569595468638 0.000201663276311592 0.000501914144842885 0.009496492985636 0.0171175673604012 0.000405566411791369 0.00384223331930116 0.00102758294087835 0.00333037551608868
0.00161812748992816 0.00313025508075953 0.00201181581360288 0.00215686523588374 0.00203722435981035 0.00166229278547689 0.000895300885895267 0.00105005278019235 0.00199575608130544 0.000376131765369792 0.000643931158992927 0.000730031533748843 0.000546786170161795 0.000574976803909522 0.000635655822406989 0.000520728774426971 0.000461636780528352 0.00113500734732952 0.00130313757399563 0.00102766660857014 0.00098723937117029 0.00108933465380687 0.00175264394492842 0.000395641665090807 0.00035530076129362 0.000825965248805005 0.000862936620251276 0.00129937134624925 0.000646905747998971 0.000677577102032956 0.00111827257787809 0.00407643897924572 0.000626825101790018 0.000480229004460853 0.0847190940752625 0.00172342497389764 0.00170613030786626 0.00133159257820807 0.0010935054247966 0.000888522277818993 0.00448906644014642 0.000807050721778069 0.000931772761396132 0.000118065601054695 0.000281577447458403 0.000484927961952053
0.00105332590464968 0.00463241161778569 0.0025527287973091 0.00189702298375778 0.00213992507196963 0.00111312099033967 0.000817199106677435 0.00128329422441311 0.00126145053072833 0.00224551348946989 0.000976152115617879 0.000685179035644978 0.000558038633607794 0.000675114820478484 0.00112495765497442 0.000892963859951124 0.000827697236672975 0.000761571869952604 0.00067569963139249 0.000635618409432936 0.00100231727119535 0.000555264582362724 0.00112956335942727 0.000962219809298404 0.00135971848212648 0.00130113197665196 0.000740331457927823 0.00198036124347709 0.00184644778491929 0.00946201549377292 0.000912921455164906 0.0111627891194075 0.00045061617565807 0.000786784832598642 0.00153564025240485 0.000866283109644428 0.00111261114652734 0.000832174622337334 0.000998663780046627 0.000622127496171743 0.000948495064221788 0.000178178037094767 0.0009305753512308 0.000897811845061369 0.000235994692411623 0.000209772262678598
0.00337264856789261 0.00232127628987655 0.00552481678314507 0.00511889038607478 0.00179054173640907 0.000970970722846687 0.00169230569154024 0.00499642631039023 0.00373150239465758 0.0019388985063415 0.00138715812354349 0.0015734082669951 0.00256204853067175 0.00159426988684572 0.00145078356727026 0.00126672492187936 0.000966030337440316 0.000930973968934268 0.00188390508410521 0.000936809348058887 0.000585062793106772 0.000540226128941867 0.000902173170470633 0.0659509115736 0.00046199375501601 0.000587769314006437 0.000349916110280901 0.00131192747503519 0.00094826873682905 0.000779844468343072 0.000547903245023917 0.000361476836405927 0.000580459099728614 0.000826652464456856 0.00105206095904578 0.000295136756903958 0.000988201073778328 0.000570934409915935 0.00393201800761744 0.00258247214369476 0.00232787309505511 0.0016977319464786 0.000313097015896346 0.000502869285264751 0.000534258979314473 0.000992972613312304
0.0188218655064702 0.00210723869386129 0.00242654429748654 0.00408596213674173 0.00212012967094779 0.00186307785334066 0.00102204252034426 0.000645743033965118 0.000719717325409874 0.00145722389570437 0.000675477684126236 0.000621764501556754 0.00112202439922839 0.000661426351871341 0.000916208743001334 0.0011482865200378 0.00115435186598916 0.00109866685525049 0.000676937971729785 0.000554245516832452 0.00103011829778552 0.00113508817739785 0.00177001154224854 0.0271767370402813 0.000858776160748675 0.00150027374329511 0.000509214188787155 0.00340390253695659 0.000917021566419862 0.000838858661882114 0.000801866145047825 0.000543851987458766 0.00082302748633083 0.000376306573161855 0.000453850164194591 0.00104490908561274 0.000741103384643793 0.00323246201151051 0.000863836737698875 0.0075095200445503 0.00053182268893579 0.000504380617348943 0.000321750161674572 0.000271396229072707 0.000319025100907311 0.000330215004942147
0.00281885594595224 0.00188286848715506 0.00320366192609072 0.00102581022365484 0.00259914755588397 0.00133805114310235 0.00157643267302774 0.000615708722034469 0.000415445379621815 0.000883515013265423 0.00149286205705721 0.00196042358875275 0.00156892834347673 0.00142252747027669 0.00141575874877162 0.000791583058889955 0.00126499434700236 0.000980333682673518 0.000982204459432978 0.000854366677231155 0.000937780829553958 0.000905399411567487 0.000575807492714375 0.000735556514700875 0.00102005568915047 0.000661508849589154 0.000520249662804417 0.00082170391397085 0.000419826427241787 0.000358256518666167 0.000820018669764977 0.000889011501567438 0.00102802307228558 0.000768925379088614 0.000930750239058398 0.000868300333968364 0.000659710603940766 0.000370422452397179 0.000387673964723945 0.000222903166650212 0.00015871956202318 0.000444870263163466 0.000289157451334177 0.000249081698711962 0.000451355610857718 0.000289870276901638
0.00128476946265437 0.001418321399251 0.00138619857607409 0.000987028583767824 0.000771252723643556 0.000636863065301441 0.00058829493355006 0.000464866009133402 0.000558669671590906 0.00134726850665174 0.00169514088192955 0.00189958574483171 0.00124059686204419 0.00153626769315451 0.00138560673804022 0.00131444978178479 0.00119214132719208 0.00126791114453226 0.000928174650471192 0.00107045882032253 0.000853109211311676 0.000960578268859535 0.000747031910577789 0.00090849430707749 0.000484801910351962 0.000194701068539871 0.000144162393553415 0.00039125769835664 0.000300929249351611 0.000534458407491911 0.000946171313989908 0.000843254316714592 0.00116964978806209 0.00133691637602169 0.000310281641577603 0.000627112132497132 0.00038224838062888 0.000515312880452257 0.000341920659411699 0.000294580607442185 0.000160002472694032 0.000124895018961979 0.00029645561662619 0.000274515963246813 0.000240999033849221 0.000279524188954383
0.000397946522571146 0.000301224573922809 0.000844408984994516 0.00197366516804323 0.00137762946542352 0.00145264157908969 0.000364147467189468 0.000398759053496178 0.000426558748586103 0.000406350058619864 0.000488644937286153 0.000452110277547035 0.000590203054889571 0.000679930121987127 0.000732942065224052 0.000989885331364349 0.000923274992965162 0.000562979685491882 0.000359875839058077 0.000278957606496988 0.000244621784077026 0.000151155449566431 8.97133963007946e-05 0.000125854973884998 7.92598804764566e-05 0.000307239541143645 0.00027317463682266 0.0011880436737556 0.000330219566239975 0.00138728841848206 0.000384523422690108 0.000278822292602854 0.000385590775840683 0.000495781617064495 0.000173202107544057 0.000341535138431937 0.000268954576313263 0.000602254294790328 0.000362569098797394 0.00038943060717429 0.000157489925913978 0.000121178929839516 0.000188143968989607 0.000416956834669691 0.000292536834604107 0.000173627762342221
0.000707042688736692 0.00577186709269881 0.00093111036112532 0.00190786636667326 0.00176045167027041 0.000858889758819714 0.00020444997571758 0.000374430298688821 0.000195546332543017 0.00052626957767643 0.000492259899328928 0.000521530691185035 0.000706862146034837 0.000786625980981626 0.00109860673546791 0.000990616175113246 0.000575551122892648 0.000452142325229943 0.000198662404363859 0.000344412057165755 0.000412676486303098 0.000410911403014325 0.000312915376707679 0.000240311775996815 0.000178044462518301 0.000129763563745655 9.7855515559786e-05 0.000242105314828223 0.00045455919316737 0.000138177239568904 9.60403300268808e-05 0.000196795425290475 0.000244345433748094 0.00011467621952761 0.000211517935895245 0.000203629979296238 0.000198880070456653 0.000154023899813183 7.94729408880812e-05 7.80358410338522e-05 0.00011633660269581 0.000117093331391516 7.00620559655363e-05 0.000122923265735153 7.04729960489203e-05 0.000293122715083882
0.000783550477353856 0.00129353592637926 0.000557699376076926 0.000521020410815254 0.000641880891635083 0.000477234898426104 0.0001713028861559 0.00032889517096919 0.000329175757360645 0.000482309014478233 0.0003336986679642 0.000423328104079701 0.00046815492096357 0.000304195994249312 0.000470245261385571 0.000581969114136882 0.000387220988341141 0.000387924518145155 0.000422535531106405 0.000765240786131471 0.000739268018514849 0.000822738168062642 0.000634377424285049 0.000606627293018391 0.00114148675347678 0.000337503600894706 0.000334001482406165 0.000353661035478581 0.000193786757517955 0.000365434229024686 0.000419274962041527 0.000741688943526242 0.000945106087601744 0.000284579449362354 0.000320465986442286 0.000208160256079282 0.000141613221057923 9.89113139439723e-05 0.000194164802451269 0.000311935467470903 0.000132702021255682 0.000105104919748555 0.000108566876770055 9.55270199483493e-05 5.78438395677949e-05 0.000153659829447861
0.000660813419381157 0.000265161024435656 0.000295167153672082 0.000216204205935355 0.00026780906773638 0.00020611385916709 0.000583955008187331 0.000366962002590299 0.000211793911148561 0.000204267422668636 0.00050805703504011 0.00303928930079564 0.00100332068977877 0.000435527185618412 0.000464327995723579 0.000452046214195434 0.000341471534920856 0.000616037096187938 0.0011582469480345 0.000396120485675056 0.00120302618888672 0.000359319598646835 0.000333197804866359 0.000247868632141035 0.000300405354209943 0.000154166170977987 0.000292733100650366 0.000144928782174247 0.000162188680405961 0.000162804045248777 0.000137932963116327 9.1519203124335e-05 9.93634963379009e-05 9.50141289649764e-05 8.81964650034206e-05 0.000203529581995099 0.000139861205752823 7.05166320585704e-05 8.57973218444386e-05 6.41572320091654e-05 0.000143947129981825 8.04073682957096e-05 6.09838727541501e-05 0.000100157099586795 5.32470989128342e-05 5.91065837397764e-05
0.000238634776178515 0.000172821518208366 0.000587715086294338 0.000273855433624703 0.000267125722893979 0.000443029678717721 0.000246028119727271 0.00020348334001028 0.000270994484162657 0.000204310513072414 0.000205823589203646 0.000185543233237695 0.000184701191756176 0.000176689903310034 0.000156357439846033 0.000120087113464251 0.000442396037396975 0.000393084526876919 0.000203306519324542 0.000291754445061088 7.66298278904287e-05 9.16956738365116e-05 7.37921118343365e-05 6.14590555414907e-05 0.000114941137871938 0.000282573873118963 0.000238504262961214 0.000123292879288783 0.00031506989907939 0.000112623811401136 7.62438250603736e-05 8.47356517624576e-05 0.000115799683044315 8.21799787445343e-05 4.54183086276316e-05 2.22074764224089e-05 5.40606695267343e-05 2.73534507186923e-05 8.05559157015523e-05 3.95232422761183e-05 7.80322950959089e-05 5.21282231602527e-05 5.27426094777184e-05 5.93551835663675e-05 7.13503839506302e-05 3.70557925180037e-05
0.000280955056950916 0.000110078859506757 0.000378335277491715 0.000733843598573003 0.000321260865166551 0.000229751114966348 0.000595540156064089 0.000260671106661903 0.00017721607000567 0.000225782156849164 6.57865311950445e-05 0.000414271847694181 0.000295460922643542 0.00051407494029263 0.000133496723356075 0.000243985312772566 0.00113352478365414 0.00165680279606022 0.00145777052384801 0.00030530139192706 0.000218074705480831 0.00021702853628085 6.46808186502312e-05 7.14062983206531e-05 0.000413384528656024 0.000560031065833755 0.000223286702384939 6.30965781965642e-05 5.95709121625987e-05 7.64122782129562e-05 9.08637883185293e-05 7.72276589486864e-05 4.14259173339815e-05 4.73058898933232e-05 0.000206571509988862 9.06026828488393e-05 5.16384942329751e-05 5.88451355270081e-05 6.70716502099822e-05 8.91362096353987e-05 5.65988228117931e-05 8.35249235933588e-05 3.76443880213628e-05 5.77825676373322e-05 5.66030924346705e-05 4.10167203881429e-05
0.000840214433264919 0.000571347586810589 0.000533415825339034 0.000206951941800071 0.000428618288424332 0.000146102794315084 0.000841695230337791 0.000280988310987595 0.000137616213942238 0.000277708085923223 0.00020469806077017 0.000476853208965622 0.000483773411542643 0.000268273564142873 0.000182551963007427 0.000246706805046415 0.00022979182031122 0.000604029072565027 0.00156144624925219 0.00171660504420288 0.00179031694424339 0.00210217922576703 0.000725124651216902 0.000496008455229457 0.000365287257591262 7.46509960663389e-05 4.31535062489274e-05 6.4285539156117e-05 8.61559035911341e-05 8.54063788210624e-05 6.89999922542484e-05 6.5261333475064e-05 6.50164310172841e-05 0.000132186094197095 5.14646711053501e-05 3.03858851566474e-05 6.90189752276638e-05 3.24628736507293e-05 3.74954462131427e-05 2.75263290859584e-05 4.57054758953746e-05 7.07816795056715e-05 2.91669433863717e-05 6.1997285047255e-05 5.65655062928272e-05 0.000140200842906779
0.000387319995206781 0.000351168171619065 0.000199223522940883 0.000305915182980243 0.000159396493836539 0.000194958248175681 0.000240192486671731 0.000157136098277988 0.000128611968102632 0.000199069480731851 0.000257917424460175 0.000439309815556044 0.000715386579395272 0.000473296591371764 0.000428433770139236 0.000528249851777218 0.000301728754129726 0.000269904088054318 0.000344956052140333 0.000321692993020406 0.0001908402540721 0.078753636800684 0.00815885874908417 0.000329207733011572 6.79893813867238e-05 6.86765171849402e-05 6.98910545906983e-05 6.96374643666786e-05 7.16896493031527e-05 9.24944682992646e-05 7.30025590200967e-05 5.72527226722741e-05 6.52727970191336e-05 5.30230608092097e-05 8.68507574523392e-05 6.82374773532501e-05 0.000103453162773803 3.44768917784677e-05 4.33018994044687e-05 2.23833663540063e-05 9.06028492863697e-05 5.09435374624445e-05 0.000132829432186554 5.24634571320348e-05 8.91549998414121e-05 4.17582837144437e-05
0.000280356413713889 0.000248277835999033 0.000315978220896795 0.000204116847089608 0.000241726491367444 0.000262386648682877 0.000402488183317473 0.000289763862383552 0.000295468123658793 0.000196744898858014 0.000178286014852347 0.000151783045657794 0.00012099505875085 0.000145984076152672 0.000124938045701128 0.00014842952878098 0.000270586329133948 8.1740476343839e-05 7.48931566704414e-05 5.97764514168375e-05 0.000207713095005602 0.000306719211948803 0.00015074707880558 6.39180219877744e-05 7.11195109033724e-05 7.82663330937794e-05 5.59934315788269e-05 7.79670031988644e-05 4.2859346149271e-05 9.19227706617676e-05 5.48543439435889e-05 0.000112714950410009 0.000109093777609814 5.74302020140749e-05 0.000105806752708304 8.94877883183653e-05 8.75102257850813e-05 4.74980021408555e-05 5.63197051633324e-05 5.36372064743773e-05 9.56694988417439e-05 5.55654717572906e-05 9.74791686530807e-05 9.52564743784023e-05 9.54129458477837e-05 0.000174215862170968
0.000497639350942336 0.000370483189908555 7.54175413021585e-05 0.000204675069107907 0.000254121160105569 0.000214428030449199 0.000132333694455156 0.00014262105578382 0.000218054365177522 0.000200945116375806 0.00012177880780655 0.000168271772417938 0.000210115054869675 0.00010450000736455 0.000152291629638057 0.000420649348961888 0.000144696347342688 9.2395309911808e-05 7.43699387385277e-05 6.09885794801812e-05 9.53651317104232e-05 6.3321050038212e-05 5.95423271079198e-05 6.69472268782556e-05 8.62104583575274e-05 0.000117222772132664 9.02198446055991e-05 0.000102071010951477 6.73400767482235e-05 6.49611943117634e-05 6.4333700993302e-05 5.30825692294457e-05 7.10774589606444e-05 7.57090176193742e-05 5.07337265844399e-05 4.98794172017369e-05 0.000106227560536354 7.15046461664315e-05 0.000105031639031949 7.79629368480528e-05 9.25642547372263e-05 0.000133906383234716 7.08178064087406e-05 8.10892537629115e-05 0.000107379061864776 0.000128015711743501
0.000245719309896231 4.29409234129707e-05 0.000231593443459133 0.000138326579326531 0.000230705033027334 0.000182289611257147 0.000174105336191133 0.000321718405029969 0.000106688796950039 0.000214965933992062 0.000113585921644699 0.000177567873106454 0.000105977784551214 9.36322216148255e-05 0.000281726938919746 0.000587864479166456 0.00116132951225154 0.000310849339439301 0.000112604263813409 0.000190493839181727 0.000163104187595309 6.55392508633668e-05 6.41990858639474e-05 6.86037670675432e-05 6.70222738335724e-05 7.2420813194185e-05 0.000102265772329702 0.000206920242635533 7.03650712239323e-05 8.44097796289134e-05 6.04069306064048e-05 2.65169190697634e-05 6.0678401041514e-05 4.27282396231021e-05 4.39804781763087e-05 9.53187916820752e-05 0.000103929149190662 9.4877075025579e-05 7.98935989223537e-05 8.23573043817305e-05 7.87636692621163e-05 9.20915214010165e-05 9.71984960415284e-05 5.60195126126928e-05 0.00983386661391705 0.000719939451664686
0.000394952748320065 0.000446715908765327 0.000464685684710275 9.40686735702911e-05 0.000182765850331634 0.000107452990778256 0.000125509108511324 0.000113981979848177 0.0001247221363883 0.000101885345611663 0.00010201963596046 7.84135075264203e-05 0.00015288042013708 0.000100222437140474 0.000190563941578148 0.000190988105896395 0.000208855942764785 2.91796963892921e-05 9.84506283202791e-05 0.000594410190387862 0.000111090052996587 5.64045696592075e-05 5.93915139688761e-05 6.25413627858506e-05 6.94899663358228e-05 9.77994926870451e-05 5.33480124431662e-05 5.8979900131817e-05 0.000167837099070312 0.000102874578442425 9.33077524678083e-05 7.52072302930173e-05 0.000107630043203244 0.000115834974349127 0.000177642320340965 0.000101884645482642 0.000100351063701964 9.46760066653951e-05 0.000111028653373069 6.39988275906944e-05 6.26557532086736e-05 5.33687980350805e-05 7.73512731029769e-05 9.69714275925071e-05 2.46385390937576e-05 6.32605746432091e-05
