Scripts_&_data/Maxent_result_files_1/Bombus_jonellus_3.asc
NCOLS 594 
NROWS 330 
XLLCORNER -15 
YLLCORNER 23 
CELLSIZE 0.166666666666667 
NODATA_value -9999 
[rows 240 to 259 of 330, columns 450 to 494 of 594]
1.51027875205934e-08 1.17066276672517e-08 6.58362253602718e-15 3.1641356201817e-15 1.59872115546023e-15 1.36557432028894e-15 2.09832151654155e-15 2.40918396343659e-15 1.69164682262135e-13 3.54272167157887e-14 1.56716195576223e-11 1.18016707517654e-14 4.68246774687486e-09 1.94289029309402e-15 5.10702591327572e-15 1.68753899743024e-15 1.40998324127395e-15 3.33885141756696e-12 3.07489700368535e-11 6.87672141452822e-13 2.77144973637178e-13 2.85876691208387e-09 3.53750495563077e-09 7.32021554483708e-11 4.41358061209485e-13 8.51518189293188e-11 5.56655133099326e-09 4.38995291229816e-09 3.61043486218904e-09 4.4453237313391e-09 4.27329062135939e-09 2.62977417619936e-12 1.84297022087776e-15 3.68516328563828e-13 2.23490004280791e-11 1.19038112700309e-12 5.38518131421029e-08 2.38548839925912e-07 4.68777282724986e-07 0.00117356495466083 0.000393903238000348 1.00953664872172e-08 1.93264945158589e-09 1.76840408983026e-09 1.01960273557467e-10
1.45398623918602e-08 2.7127626145429e-09 3.25827191893779e-09 8.22669710132118e-12 2.37587727269783e-15 2.44249065417534e-15 2.64233079860787e-15 2.68673971959288e-15 1.1475731476196e-10 2.00722360954586e-09 8.91468502350889e-09 3.71950044097957e-09 9.8205422127684e-09 7.78457864836213e-10 3.33153504783468e-12 2.59310573014204e-11 4.84602247219357e-11 9.87829736898149e-09 8.66616464145764e-09 1.61798596742813e-10 1.32891031512372e-11 6.68250239588275e-09 5.99371108300772e-11 1.07508446589577e-12 9.97292914917125e-11 1.30340183090993e-14 2.25375273998907e-15 1.91839877317079e-11 1.78729253619281e-12 1.21363030736177e-11 3.14909188725565e-09 4.19802081985665e-11 9.88098491916389e-16 8.65973959207622e-16 9.10382880192628e-16 1.02140518265514e-15 5.43413092302103e-12 1.80504500235656e-12 8.63684102192508e-07 0.00139093103352934 1.22477472608296e-11 3.80462328308795e-13 3.35287353436797e-15 2.49780096606145e-10 1.18793863634892e-15
1.75377062427984e-08 7.86531340057905e-09 1.72775357465405e-08 2.28442632588255e-09 3.93988216496055e-09 1.25978439902141e-09 2.40602581191851e-09 3.65563024296023e-11 1.10560605115495e-10 1.53633861188496e-10 3.82438773982585e-09 9.97029290239482e-09 1.02715169369993e-08 1.18782035984921e-08 1.38403066785031e-11 6.8104212047615e-09 5.3880658490435e-09 6.17321298523876e-09 5.46397178613489e-09 9.10265252063169e-09 1.23358290249342e-10 4.29531965551178e-12 7.22674364794784e-11 1.87307391819047e-11 3.56558449432498e-11 1.31006316905768e-15 1.14352971536391e-15 2.37898589716679e-13 1.06581410364015e-15 1.65423230669148e-15 8.13682454747777e-14 6.59621249843312e-09 3.06143110861967e-11 8.54871728961371e-16 2.42028619368284e-15 5.88418203051333e-16 1.06581410364015e-15 3.66373598126302e-16 1.33756450360067e-11 6.13620265710324e-14 3.94129173741931e-15 2.05768735384027e-13 5.71563869566916e-09 7.54951656745106e-16 1.52100554373646e-15
5.14121248906818e-09 2.16109744433091e-08 6.66895090262187e-09 6.24445507524385e-09 1.32636834848654e-09 1.72087805117016e-09 1.47541187045519e-09 1.1237340169501e-09 9.27890432267375e-09 1.26383048915102e-08 6.0739024920764e-11 1.4266443582045e-11 2.00693212049075e-09 5.57638002440797e-09 2.20934381900406e-15 1.11656239809577e-12 7.20877839643919e-09 7.23010763481469e-09 7.01864800722873e-09 6.13004063065858e-09 3.93457290082111e-09 9.40700850549092e-12 1.52812762443943e-11 4.44917486186469e-09 2.18725038081402e-13 7.21644966006352e-16 1.01030295240889e-15 7.66053886991358e-16 5.99520433297585e-16 9.10382880192628e-16 4.10782519111308e-16 1.11799458579753e-14 2.53130849614536e-15 7.54951656745106e-16 6.66133814775094e-17 5.6621374255883e-16 5.77315972805081e-16 5.10702591327572e-16 5.21804821573824e-16 9.32587340685132e-16 1.12132525487141e-15 1.32116539930394e-15 2.73114864057789e-13 2.99760216648792e-16 3.21964677141295e-16
1.68301261815884e-10 6.92722121886646e-09 5.96625111537463e-09 7.58716223181466e-10 1.14543864726535e-08 5.90667493804986e-09 8.79287851418553e-09 1.27042798503396e-10 4.49394466084385e-10 5.16363005687026e-09 2.02151184680588e-11 1.84074977482851e-14 3.15303338993544e-15 2.43138842392909e-15 3.71924713249427e-15 2.78665979180914e-15 7.92535523874704e-09 9.14099851367922e-09 6.90353010313061e-09 7.08917432534761e-09 6.95241308967809e-09 6.39384502010287e-09 5.03642757498923e-09 4.35565742362698e-09 5.56710233468038e-13 1.50990331349021e-15 1.38777878078145e-15 6.88338275267597e-16 6.43929354282591e-16 5.44009282066327e-16 5.21804821573824e-16 9.99200722162641e-16 3.77475828372553e-16 2.44249065417534e-16 5.55111512312578e-17 1.11022302462516e-17 1.11022302462516e-17 5.55111512312578e-17 2.33146835171283e-16 3.10862446895044e-16 9.99200722162641e-17 1.11022302462516e-17 4.44089209850063e-17 2.44249065417534e-15 7.54951656745106e-16
1.66265897605378e-08 4.04564826084197e-11 3.45068418283745e-13 9.21526976949139e-10 1.73216470056303e-09 7.98429700132886e-10 8.18300982530218e-13 3.85536488289873e-09 1.51001560144692e-09 2.45191377201692e-09 3.45317934247191e-09 3.96058572604829e-09 1.27089361257049e-10 1.01338126778927e-10 8.74924799276755e-11 9.79849290594359e-09 5.8831503557677e-09 7.6844690388711e-09 9.67432917109434e-09 1.11966892091253e-08 1.16987849629879e-08 1.10349757220796e-08 1.49314149489044e-08 8.21823483709849e-09 1.37254474452675e-10 6.17950477455054e-09 3.53251206064442e-11 6.77236045021345e-16 6.88338275267597e-16 6.66133814775094e-17 5.77315972805081e-16 6.88338275267597e-16 4.44089209850063e-17 3.33066907387547e-17 3.33066907387547e-17 3.77475828372553e-16 3.88578058618805e-16 2.55351295663786e-16 2.22044604925031e-17 4.44089209850063e-17 1.77635683940025e-16 4.44089209850063e-17 1.11022302462516e-17 2.22044604925031e-17 1.11022302462516e-17
3.04325724620469e-09 1.91589542897219e-08 1.51889611998968e-13 2.49023024423423e-14 3.27515792264421e-15 6.96191957416659e-09 2.83106871279415e-15 2.18713935851156e-15 1.02982233851634e-10 3.17489335932564e-09 3.93836687706539e-09 4.71775570831667e-09 6.40535241513973e-09 6.89646252327591e-09 5.73930165614911e-09 1.49273671201655e-10 9.40876992983064e-09 1.95638260924724e-08 1.6894501098097e-08 2.27097946337018e-08 2.5373314971322e-08 2.29241229776633e-08 2.71361334069908e-08 2.51192487144003e-08 2.0468951322794e-08 1.47293689689576e-08 6.59353622811665e-09 4.17892350723648e-09 1.32116539930394e-15 1.12132525487141e-15 5.35127497869325e-15 1.28785870856518e-15 3.77475828372553e-16 1.15463194561016e-15 3.77475828372553e-16 9.99200722162641e-17 5.77315972805081e-16 9.43689570931383e-16 8.88178419700125e-17 3.33066907387547e-16 4.77395900588817e-16 2.88657986402541e-16 3.66373598126302e-16 3.33066907387547e-17 1.11022302462516e-17
6.53265391292734e-07 3.01576430494777e-11 1.38444811170757e-13 3.08642000845794e-15 3.38618022510673e-15 3.11794158269763e-09 1.66443858695686e-11 1.72084568816899e-15 6.03614268568364e-09 2.6657224538873e-09 3.88100720449813e-09 4.89901379463475e-09 7.92827327122936e-09 7.4660693627493e-09 1.32127759400191e-08 2.87191825876221e-11 2.24210284449633e-08 2.62429205033499e-08 3.27253253717963e-08 3.92458660902761e-08 5.28594503945712e-08 6.26768828171365e-08 7.96126966018385e-08 1.24884339880449e-07 9.09801182724657e-08 9.0334383695545e-08 3.73895321370554e-08 2.78626632099765e-08 2.04281036531029e-15 2.24265050974282e-15 1.62092561595273e-15 9.43689570931383e-16 1.08801856413265e-15 1.08801856413265e-15 3.1863400806742e-15 8.77076189453874e-16 3.21964677141295e-16 2.55351295663786e-16 4.88498130835069e-16 2.77555756156289e-16 1.47778456138781e-12 2.53634668823111e-11 1.24344978758018e-15 1.22124532708767e-16 2.1094237467878e-16
3.52934950811346e-06 7.52148676674835e-10 1.32680716413702e-09 5.59672863609251e-11 2.00839345154691e-14 1.52100554373646e-15 2.17730278251338e-12 8.8294338507211e-11 3.65293069126693e-09 3.51103662810104e-09 2.94765675201702e-09 5.02957250292369e-09 1.00090377430639e-08 8.12277178852128e-09 1.84852924522971e-08 5.28383814479838e-10 2.97708995899981e-08 7.26999247468996e-08 1.22183558826094e-09 1.24739352047598e-07 1.34824478381645e-07 1.5197228119268e-07 2.49413814068511e-07 2.39359774001358e-07 2.11304624642139e-07 1.44214950792421e-07 7.62156054823215e-08 2.15484289078915e-08 1.52712230527818e-08 1.1723699788746e-11 5.36936268780153e-09 5.32783706042039e-11 4.58899584998562e-13 1.09111608637136e-12 1.87627691161651e-15 9.65894031423886e-16 9.54791801177635e-16 7.54951656745106e-16 2.05391259555654e-15 2.00839345154691e-14 5.09592368302947e-15 1.62092561595273e-15 4.74065231514942e-15 3.1299074443325e-12 1.3974077006651e-09
5.15475667498322e-05 3.33632332711886e-06 3.08756225964046e-07 7.01167224281818e-10 3.62154750632726e-14 4.9515946898282e-15 2.31873187317433e-11 1.66320790473407e-10 5.2860593124926e-09 6.66042887509377e-11 8.06957840548961e-09 8.26786535901292e-09 1.72560093325558e-08 2.55680957961246e-08 2.37658366430971e-08 3.38021166612634e-11 2.41858500449332e-08 1.38723278753083e-07 2.48834917115914e-07 3.30713513063685e-07 3.17590171849957e-07 3.4830339799008e-07 3.86586533451805e-07 4.87893097833592e-07 3.11170814493167e-07 1.01623458559352e-07 3.12360127430189e-08 1.19111836949237e-08 8.45607776023272e-09 1.68289559732138e-08 7.24314445088581e-09 9.79352815511092e-09 7.27571936032234e-09 5.53240209200112e-09 4.88370420770323e-09 8.37232946304667e-09 8.08530045137701e-09 2.11331245281166e-08 2.13378436364486e-08 1.72750702631674e-14 1.09912079437891e-15 9.99200722162641e-16 8.00503241471517e-10 4.60037025096227e-07 6.98762172679501e-08
6.3213106971105e-10 1.31583593923068e-06 1.34615715232655e-06 2.90606049224706e-09 3.51517481789188e-11 3.78586051397178e-15 5.15091302943915e-12 8.89554453431529e-09 9.3202124351599e-09 6.87959227363422e-09 1.0920070636633e-08 1.82800089287838e-08 2.09801279127397e-08 3.24089888481538e-08 1.92595067782797e-08 1.50630840578536e-08 3.58564278268858e-10 3.42055598734348e-08 1.12829393406066e-07 3.54632920362974e-07 4.44720130854392e-07 7.60720866921361e-07 5.06153840440504e-07 4.3286680764254e-07 8.21669128736602e-08 3.02604796220685e-08 1.74604629976649e-08 1.34040015309367e-08 2.78459645008944e-08 1.7426830379863e-07 1.2485790391592e-07 3.01071767183636e-08 4.76271358018643e-08 1.74935970043144e-08 2.21595973348698e-08 6.03335247317815e-09 2.94627623631527e-08 1.83045366757284e-06 8.77551268985144e-07 1.61690893374367e-07 4.65183447317941e-14 3.52640139311688e-13 2.57302000106208e-07 1.03665210238191e-07 3.27942921951596e-07
1.08812958643512e-12 2.83394839817319e-09 1.29606772003577e-07 2.03146287569567e-09 9.50605150151773e-12 1.33344735253615e-10 1.0369483049999e-14 2.14420801669668e-08 1.97151573844145e-08 1.37485869022846e-08 1.43144042397125e-08 2.12987571024392e-08 5.87739812374366e-10 4.84443270054591e-08 1.7445573474717e-08 1.00522260071401e-08 3.45112481370258e-08 3.05768398489725e-08 5.33781719269655e-08 1.05408560235887e-07 9.86844502781636e-08 8.90177721202257e-08 8.2717597804649e-08 1.01344465597286e-07 1.54124844620185e-07 1.25457870203682e-07 1.29659593062215e-07 8.3828046149037e-08 1.33915103450732e-07 1.77362285458393e-07 5.26160016178778e-07 5.32859670476782e-07 3.8826473414133e-07 4.43626237633943e-08 3.37740259084285e-06 1.03573487848507e-06 6.96446105785675e-08 1.06484093698178e-07 2.31113436832686e-07 2.74220834439731e-07 8.48331171643402e-08 6.88039116680805e-08 1.99883260165734e-07 2.13201516103823e-06 7.0130974654603e-05
1.9106296640814e-06 8.42022791402996e-07 5.32394812857717e-07 6.43197973770882e-09 5.3672376587599e-07 5.24499517773336e-07 1.97174800309341e-07 7.06236535918947e-10 4.07018190373698e-08 8.78963914763275e-08 1.07230246071399e-07 1.21156677157508e-07 7.91805729871697e-08 6.18632814197717e-08 2.55080654487649e-08 8.69165802663829e-09 7.93998817805175e-09 1.25336481748839e-08 2.96558716694761e-08 1.87324747602524e-08 2.0869827965786e-08 3.04837466380548e-08 4.56879706622892e-08 8.52167549192373e-08 2.19151824332187e-07 3.79726658117363e-07 4.4815705955159e-07 7.52573970430603e-07 2.7045600575093e-06 1.56785102660706e-06 1.69927189048735e-05 2.3002479247225e-05 0.000138274517030368 9.73894246101281e-06 3.6618927335752e-06 2.27395923619866e-06 5.50038260200836e-06 4.61815055317061e-06 1.29373384158527e-05 5.40225307332776e-06 4.72449492718852e-06 1.67567023039439e-05 9.40613475904684e-05 1.60980555563128e-05 6.57283240101947e-07
4.45806831521622e-05 2.17633235820358e-05 4.34775685960176e-06 5.2966105812402e-06 1.91222633603161e-06 5.31097921196988e-10 4.06674693920195e-14 7.47790718236274e-13 2.61639800935853e-07 1.76591490363975e-07 7.40109762364938e-10 4.99378316476395e-13 1.13199249984763e-07 6.01664405186497e-08 3.71072507387993e-08 1.36420738705567e-08 2.86344269628813e-08 1.57875099882077e-08 2.0488372032279e-08 3.88308049825703e-08 1.39012596322985e-08 3.53669901698161e-08 2.79385140222743e-07 5.14209366819785e-07 1.35677063255457e-06 2.21350771738571e-06 1.69476720543571e-05 1.29125087369175e-05 7.70873718920484e-05 0.00022314141398283 0.000231276929616797 2.08899144411134e-05 0.000254510920967732 9.73450489254901e-05 1.3305824130283e-07 0.000817469724279363 0.000449325000114986 0.000171597068401752 0.00115537600941025 0.00100486796000041 0.000584491834160872 0.000167279009474441 3.67887089702812e-07 5.21322765223431e-06 6.35291968364982e-06
5.86821336323595e-07 4.07595838769481e-07 1.79313767489475e-05 1.34624367376546e-05 1.56957876924935e-05 2.63925200627568e-06 2.16885346127071e-07 2.47002418518605e-13 6.21474394169042e-10 1.1693684260905e-07 4.71838996873863e-08 3.13680825758667e-08 1.50502059403923e-07 2.201251788847e-07 7.17953767326307e-08 3.3138916810671e-08 4.35343032068047e-08 3.51204935467031e-08 2.66972304152624e-08 3.76549649683255e-08 1.09850091833952e-07 4.32972487729444e-07 3.40567798176039e-06 2.17817796851705e-05 3.38765220021742e-05 0.000233550355915213 0.000987440627068281 0.000758896151091903 0.00145519255893305 0.00133629058545921 0.000440338164571585 0.000289887868061101 2.09109776392324e-05 0.080135893953029 2.38590352637402e-05 2.73331339030847e-05 6.96920556038094e-05 8.58026067085405e-07 2.56643167417803e-07 1.06703979234624e-06 2.06188173601518e-07 5.61737383577565e-05 6.36166745948685e-09 1.49740886357108e-11 4.41315066268544e-07
0.000232269362277293 5.58278195272877e-07 8.16479143406212e-08 4.36116517832374e-07 1.45882756648064e-06 7.8147363979042e-06 7.75787395923544e-07 5.38596578447681e-10 1.98942420315262e-09 3.6789141844018e-09 2.34136822685471e-07 2.84009615825198e-10 4.43077118328361e-09 1.19726550895649e-07 1.23337814339486e-07 7.57861376210478e-08 1.06382678455308e-07 6.3881282563738e-08 2.58071919301273e-07 2.23386168940465e-06 7.61592635001307e-07 2.66563643776863e-05 0.000594732555327937 0.000660516609968909 0.000781531926622847 0.000307101561338641 0.0813795319496421 0.0812958577473182 0.000654829270206392 5.7716134074326e-05 2.00007465764429e-05 2.44610726895189e-05 2.39417974626122e-05 3.5172091905622e-10 6.14882058336264e-07 8.09872654805588e-07 1.48359995861824e-06 2.86476759991938e-07 5.17137555000602e-11 3.23339329838745e-05 1.02721202432932e-08 7.59864284827216e-07 5.24920107380922e-12 1.94030826428104e-07 2.54140282685e-07
9.11016606551129e-05 0.00024218424987339 4.3732551461062e-06 2.39790337430712e-07 4.46243144658354e-09 2.3188693054621e-08 7.45244142286161e-08 1.42302776084957e-07 2.23145763955657e-07 1.64364477583945e-10 2.83940142509209e-09 2.36407709497399e-07 2.68183597640359e-07 3.1410336589488e-07 1.9724170337021e-07 1.6995904701389e-07 1.65446245503631e-07 1.02698005077784e-07 2.74629797702985e-07 4.53730623473092e-07 2.27890996740143e-07 1.87161603832919e-06 4.84091929138231e-06 1.8466259791694e-05 0.000130863745111753 0.000248071362413782 0.000347726891050115 0.000102113705622742 0.000234937929781154 0.0335048917741631 3.37131167427174e-10 8.13102915886432e-08 5.10472198023138e-07 6.80243587414253e-07 1.41375619875816e-05 1.36135541295435e-07 5.97825791093243e-09 2.63083688167853e-10 1.54051454426263e-07 1.51068479041783e-06 2.7873161556613e-10 2.41023534464091e-11 1.02247876831996e-11 2.4540391940775e-11 1.92370200491343e-07
2.48053386542324e-05 9.93458349114462e-06 1.24985487746088e-06 1.36939148343007e-07 1.13167474280473e-08 2.39340325336457e-10 4.10183309540457e-10 7.04823586383796e-08 2.69831188193237e-07 2.23077212258005e-10 2.10693110469506e-07 2.62123374294987e-07 2.71534520823735e-07 2.98198438741792e-07 3.46712038457042e-07 1.6791043082609e-07 3.18962798617761e-07 5.567919924232e-07 4.13768859175434e-07 8.20439597093436e-07 1.4000232113176e-06 9.91897329640778e-06 2.3343427551481e-05 1.27510625134164e-05 1.68092659997399e-05 4.31127693346411e-05 0.000235689677720075 0.000493314443883719 1.14998402906963e-05 2.40502635240336e-07 8.59643822792577e-10 1.56839652376561e-11 2.27933649732393e-10 3.72519615154943e-10 1.63174155476398e-07 3.42972846965495e-05 7.88337531048455e-05 2.02269090365803e-11 1.03259734096639e-11 3.04734975031806e-09 5.40506105983773e-07 7.11684413445823e-07 2.04090522260003e-11 1.68432394809237e-08 5.89320695532081e-07
5.73247035390523e-05 1.04952369298417e-05 3.08579718977242e-07 7.02398289087469e-08 3.86128642393402e-08 2.76036611568387e-08 3.40537698040322e-10 6.93971612175659e-08 1.33825891279749e-07 8.28375094830136e-07 9.48339966200251e-07 8.70578636913422e-07 5.60981924913051e-07 6.17657464196952e-07 5.28859437709528e-07 1.25239875075067e-06 2.67459228382449e-06 2.33654603931654e-06 1.61170069219452e-06 2.13525767046585e-06 2.63613703310739e-06 1.22230343322371e-05 1.12661976569672e-05 7.76865821308093e-06 3.23282098090516e-05 0.000254129814311455 0.000334706888679648 2.88976366735749e-07 1.45399220059517e-05 1.44647458233393e-07 1.16326729049376e-07 5.73816549831463e-12 1.6726819929147e-11 5.29007060379172e-11 8.96039838327312e-08 3.3178419403157e-05 2.99142770245453e-05 4.60096835922741e-05 4.72855710142994e-09 7.72860664355335e-12 5.58693714625136e-09 6.21807272338515e-11 6.46303476514731e-08 3.16375132047852e-07 2.85455415905744e-05
1.33882904762572e-11 7.48297831734135e-06 1.22639069299879e-06 7.11574995926334e-08 1.14555803176764e-08 7.04103442217274e-14 1.40110145707695e-13 6.79891698496249e-12 6.68095732070384e-08 1.70360157658589e-07 1.81933203471374e-06 5.32385799516533e-06 1.38792268387533e-05 2.81400599305925e-05 3.09513970591979e-05 2.2869167241879e-05 5.44896142855578e-05 0.000147585995546251 0.000145048997728736 0.000160509542911313 3.00635625166024e-05 0.000147632578864432 0.00014734012511326 0.000278114533284679 0.000274366662779357 3.31379408237353e-05 2.59214726194834e-07 3.36217409468986e-10 8.9659640489792e-08 1.17200679454754e-05 2.79987321638586e-07 1.3017302280538e-08 1.93780828017243e-07 1.57143767087753e-07 1.79472292582972e-10 1.56008472806946e-10 5.66458633333156e-09 3.15163450892442e-12 1.27004851080414e-11 5.46939099876909e-05 3.86644050109908e-12 2.34201547044677e-12 3.42716965917589e-12 5.05222732982702e-08 6.90612811382607e-10
