Scripts_&_data/Maxent_result_files_1/Bombus_lapponicus_2.asc
NCOLS 594 
NROWS 330 
XLLCORNER -15 
YLLCORNER 23 
CELLSIZE 0.166666666666667 
NODATA_value -9999 
[rows 280 to 299 of 330, columns 88 to 131 of 594]
7.07945591038595e-11 7.12313319439772e-11 6.23261997567681e-11 5.97620841702451e-11 6.30892005304418e-11 5.94811533360939e-11 5.76332426227566e-11 5.70812286326827e-11 5.72324854175577e-11 6.571847510628e-11 6.51875886603648e-11 6.40611230728894e-11 6.43360142937866e-11 6.36437680334723e-11 6.03350591710239e-11 5.85860582269504e-11 5.39753464146031e-11 5.0916959537517e-11 4.9366444265786e-11 4.94376428683552e-11 5.09460140740714e-11 5.0214810087823e-11 4.75891437368148e-11 4.18814316560656e-11 4.33714286707243e-11 3.8780822997353e-11 3.48714612741219e-11 3.17428749951887e-11 3.10002801207077e-11 2.96283220180271e-11 3.09505643336649e-11 3.1421343305027e-11 2.51039522503049e-11 2.33454922060616e-11 2.32656671705911e-11 2.42130093752735e-11 2.19214535412959e-11 2.04141148429926e-11 1.85420345744092e-11 1.76228143189405e-11 1.72269198905894e-11 1.74092407156934e-11 1.66598623785319e-11 1.6388679302537e-11
5.63970425915272e-11 5.86829362880792e-11 6.16412809684164e-11 5.73761593791744e-11 5.50168355317737e-11 5.57590307259659e-11 5.55937407220597e-11 5.23053822476527e-11 5.52579093593408e-11 6.63134991363279e-11 5.99888916319458e-11 5.9136839869467e-11 5.91436677410684e-11 6.04234551282445e-11 6.0687221914435e-11 5.76776515437416e-11 5.50339773752739e-11 5.31761967792477e-11 5.25575027943148e-11 5.30914090468571e-11 5.92491722350985e-11 5.80760994850493e-11 4.70291694476543e-11 4.58939330982844e-11 4.35210201210623e-11 3.5974423440166e-11 3.24088533787403e-11 3.00543478992665e-11 2.98665980835722e-11 2.81945577995657e-11 3.03500113929545e-11 2.82213696856104e-11 2.4227009287614e-11 2.37541319947354e-11 2.4035351486873e-11 2.4158886002823e-11 2.18532525408932e-11 2.07139527752531e-11 1.90959359436249e-11 1.72921454932862e-11 1.68844271897228e-11 1.66444857896408e-11 1.62765356748196e-11 1.61729629688523e-11
5.07518915782157e-11 5.40799516279833e-11 5.38791788962101e-11 5.08122655062948e-11 4.72451411326347e-11 5.0390325245786e-11 4.94842611331592e-11 4.95489427265738e-11 5.28412535949485e-11 5.36835242925804e-11 5.27440424669123e-11 5.35539390611461e-11 5.6945759219218e-11 5.83639803153346e-11 5.65785640560534e-11 5.37810018741425e-11 5.43269540465019e-11 5.688047810537e-11 5.76815262220975e-11 1.180480713181e-10 5.9044735767344e-11 5.26673593626015e-11 4.70401939622889e-11 4.68938776698735e-11 4.39087988191034e-11 3.54237084110309e-11 3.1481306450587e-11 2.90534041269552e-11 2.81749068520298e-11 2.80362066895634e-11 3.01247138345673e-11 2.60020338593847e-11 2.30050201110998e-11 2.37060038266179e-11 2.49157139364797e-11 2.27431073973605e-11 2.15977236095455e-11 2.05345518367039e-11 1.97423855041734e-11 1.84305792849671e-11 1.67831082364955e-11 1.5536216757539e-11 1.61991087210822e-11 1.60037982865902e-11
4.57582194357542e-11 4.60828264436941e-11 4.04377975549153e-11 4.34177915842326e-11 4.38492020471415e-11 4.24962509626425e-11 3.95425914234693e-11 4.11008227452214e-11 4.07695988080548e-11 4.40342318164255e-11 4.68988736734843e-11 4.8715464995297e-11 5.07369257718437e-11 5.09006281568247e-11 5.20472220877366e-11 5.37002886602522e-11 5.79270298395329e-11 5.86666382140777e-11 6.05873906600607e-11 6.28593288531931e-11 5.96066529467976e-11 5.19635445783706e-11 5.00464780728294e-11 4.67698990647136e-11 4.11876532879774e-11 3.41865313835399e-11 3.11322523316449e-11 2.86963897089265e-11 2.80475420666448e-11 2.91997426238311e-11 2.79608780573426e-11 2.34676944543821e-11 2.28170815574913e-11 2.53391752025323e-11 2.55274135163575e-11 2.23348672889756e-11 2.10565120895012e-11 2.07294625909071e-11 1.96072824643068e-11 1.93536742187916e-11 1.86545334734944e-11 1.71495262435428e-11 1.63510538442324e-11 1.63033253564038e-11
3.59535068383821e-11 3.59003160532723e-11 3.45970696535858e-11 3.45718231820058e-11 3.23337912000454e-11 3.07782355157826e-11 3.0848945620221e-11 3.34404393065313e-11 3.62177066115521e-11 3.99626998159874e-11 4.29805191437538e-11 4.37869296376903e-11 4.49339787600422e-11 4.55812942945499e-11 4.79926542951148e-11 5.25469667778111e-11 5.78257219885359e-11 6.07609296210399e-11 6.47233044936968e-11 1.11560982674064e-11 5.70420377599135e-11 4.62601734696477e-11 5.2734516753361e-11 4.60347315822673e-11 3.80305564817718e-11 3.31839222766916e-11 3.12093573207051e-11 2.87555534939088e-11 2.81723533390732e-11 2.62325494659876e-11 2.43065456650982e-11 2.27787788631417e-11 2.43526310228503e-11 2.50897747022805e-11 2.46723197427912e-11 2.29412044916444e-11 2.16295092947405e-11 2.06294759053094e-11 2.02057592879612e-11 1.94546156961906e-11 5.37645039599965e-11 1.69757985446495e-11 1.66364033660216e-11 1.66445857097131e-11
2.89837931433112e-11 2.83532641809359e-11 2.76836664703239e-11 2.63548405321501e-11 2.58152055288008e-11 2.52772580644489e-11 2.6497981586715e-11 3.09722913982569e-11 3.27472160499553e-11 3.35302452469932e-11 3.50889983735669e-11 3.55537155272145e-11 3.68167052400281e-11 3.9142222796329e-11 4.11537248723448e-11 4.51704451620572e-11 4.8042259059855e-11 5.37701438929616e-11 5.71134028959364e-11 5.38976419051096e-11 4.67624938771394e-11 4.29739133167573e-11 5.06016450962932e-11 4.55129156584633e-11 3.59370755376176e-11 3.29370308804755e-11 2.95617530454706e-11 2.8382396433102e-11 2.68617572629637e-11 2.46151099503322e-11 2.29490093595075e-11 2.46389131319802e-11 2.47647680140517e-11 2.48129294888599e-11 2.46702769324259e-11 2.35468644582681e-11 2.1721235921035e-11 1.98337013479488e-11 2.00486849344372e-11 1.94145366450016e-11 1.88582482962829e-11 4.93242668930804e-11 1.73878800246996e-11 1.69853131559705e-11
2.2691371004413e-11 2.19264495449067e-11 2.11630490909442e-11 2.0688428747917e-11 2.03466465897861e-11 2.04669059478135e-11 2.34072650151518e-11 2.44010145422635e-11 2.48820297699126e-11 2.53160492569293e-11 2.62825095020958e-11 2.75484524081548e-11 3.00776181738627e-11 3.26175753073699e-11 3.55918627903407e-11 3.84945408882231e-11 4.21163548480763e-11 4.63398874828158e-11 5.50992584891219e-11 4.64749905226824e-11 3.89219989571643e-11 4.24172919011312e-11 4.34777103208717e-11 4.19401624540683e-11 3.68196473310434e-11 3.34608341034937e-11 3.04848923882162e-11 2.81146550484834e-11 2.51618836877299e-11 2.50029996706758e-11 2.60878318947277e-11 2.53464582655738e-11 2.33916663816558e-11 2.23073226557347e-11 2.09188222299872e-11 2.08609796104042e-11 1.98049132649203e-11 1.92130977794136e-11 1.96009986019874e-11 1.95826244109298e-11 1.94590010771378e-11 1.8091717013391e-11 1.78866810252032e-11 1.72851843949218e-11
1.72352798699649e-11 1.67043934240496e-11 1.66048064187407e-11 1.6448598039176e-11 1.64791624790439e-11 1.72965530786939e-11 1.86666460066931e-11 1.82061143938483e-11 1.94063098923891e-11 2.09595452105304e-11 2.23024154699658e-11 2.29981367283472e-11 2.48872034092074e-11 2.64224309098893e-11 2.87333157267256e-11 3.08722603037381e-11 3.17164072782816e-11 4.42369363362616e-11 4.76812256344772e-11 3.74225539445661e-11 3.45581341321122e-11 4.08539868601565e-11 4.2299297398074e-11 3.9505609894519e-11 3.72598507603072e-11 3.24495874615138e-11 2.86466073085023e-11 2.67580846369242e-11 2.43555842160958e-11 2.556810319021e-11 2.59157362236806e-11 2.32658559085053e-11 1.9939661033419e-11 1.86530346724112e-11 1.858625475748e-11 1.93350890853594e-11 1.9677670604068e-11 1.93178251173265e-11 1.96972216315316e-11 2.0023471769548e-11 1.94457117075331e-11 1.86869186791228e-11 1.86295645576706e-11 1.81479720140487e-11
1.39804057219806e-11 1.40721323482751e-11 1.38089539802877e-11 1.38626332635283e-11 1.41197720182618e-11 1.54339985236618e-11 1.54243950944988e-11 1.65075175750928e-11 1.69864788901464e-11 1.78910108949992e-11 1.89851578902278e-11 1.98953187258155e-11 2.12865391979733e-11 2.30528596212309e-11 2.31610841616714e-11 3.27446847414592e-11 4.30234070591951e-11 4.13110212704737e-11 3.15579784526676e-11 2.85153456403009e-11 3.3603320126474e-11 3.80696252300083e-11 3.85020348936393e-11 3.71826680556353e-11 3.38214456441222e-11 3.03211789010049e-11 2.91274560026977e-11 2.83326806460593e-11 2.6254431961803e-11 2.48180809236942e-11 2.34427144363281e-11 2.0538071243692e-11 1.84781523415722e-11 1.85597204271915e-11 1.89207316481088e-11 1.94143034981664e-11 1.99575356241155e-11 1.98386751470991e-11 1.98749905422346e-11 2.0358770225215e-11 1.96052285517112e-11 1.94456561963818e-11 1.9175605547872e-11 1.86935467105798e-11
1.28938415500102e-11 1.18222320821815e-11 1.11503695165993e-11 1.12607478897075e-11 1.17454712622589e-11 1.17568066393403e-11 1.22270638058808e-11 1.31914479339912e-11 1.37516553699868e-11 1.57008628320909e-11 1.74343650627407e-11 1.69282809991955e-11 1.79144143963583e-11 1.92703852874843e-11 2.00254590687621e-11 3.23823634573728e-11 3.45210082741687e-11 2.91620172454543e-11 2.44272935212564e-11 2.63903232600171e-11 3.03332581275129e-11 3.46468853607007e-11 3.62720187219168e-11 2.87992629743883e-11 2.76743739036078e-11 2.99714475460178e-11 3.05640734943324e-11 2.32659447263472e-11 2.52696752411907e-11 2.28568386440031e-11 1.99605887374332e-11 1.86019422088179e-11 1.87845961008293e-11 1.88097648567975e-11 1.93953186844453e-11 2.01961114498772e-11 2.10237049991235e-11 2.08695727366148e-11 2.07354022840889e-11 2.08233097431787e-11 1.9474699630706e-11 1.9830825870315e-11 1.9407297990881e-11 1.9505042025969e-11
1.15371934228392e-11 1.04166675285455e-11 1.00659369728362e-11 9.07787178761055e-12 8.71268612812059e-12 9.07081076917393e-12 9.52344869631361e-12 1.15696674463095e-11 1.18586807040799e-11 1.25150334540081e-11 1.26109123144147e-11 1.43563383403489e-11 1.55384483058185e-11 1.75465419971488e-11 2.53754239842863e-11 2.44241959990177e-11 2.73563394159737e-11 1.05132635930261e-10 4.33587721282436e-11 4.35739888615672e-11 2.96536573074491e-11 3.66189634171121e-11 9.51489886880097e-11 2.7538404889782e-11 2.62399990624829e-11 2.81480061481432e-11 2.90231061406132e-11 2.46941578296855e-11 2.05324313107269e-11 1.82274861870724e-11 1.8254475708801e-11 1.85806481312056e-11 1.90155335921816e-11 1.95228722077445e-11 2.01394012577794e-11 2.11581863140964e-11 2.21212381745772e-11 2.21567875158257e-11 2.19834594972212e-11 2.27748930825555e-11 2.03890460070966e-11 2.06553218973227e-11 2.06114125766987e-11 2.05481520687556e-11
9.93652937708589e-12 9.00867158648566e-12 7.69689867397005e-12 4.99554841937311e-12 7.08779701596995e-12 8.33560998003691e-12 9.13368269905845e-12 9.83089165629281e-12 9.51714262953374e-12 1.03266284412484e-11 1.0858158816518e-11 1.20150223104076e-11 1.81622716866059e-11 1.9786461358251e-11 2.42551534412883e-11 2.08698391901407e-11 2.24246066160561e-11 2.38535824426123e-10 2.45833753353963e-10 5.69766167579644e-10 2.65536703736302e-11 3.65765417953412e-11 2.78198908354454e-11 2.54994025894462e-11 8.60690851922641e-11 2.44529618775857e-11 2.60261034945586e-11 2.38021935494714e-11 1.75792269629937e-11 1.81672676902167e-11 1.75545800118471e-11 1.91181404041174e-11 2.01102579033829e-11 2.0567647585068e-11 2.11449302511824e-11 2.24267382442633e-11 2.28294050330646e-11 2.32476815575922e-11 2.40348407842816e-11 2.42350695067728e-11 2.21706097924823e-11 2.15002349257531e-11 2.19985252236654e-11 2.16578421863289e-11
7.93216603511837e-12 7.38841210434771e-12 4.52156090346989e-12 1.89924187488089e-11 6.34408081623405e-12 6.83070267015751e-12 7.10028702499699e-12 7.24558191222968e-12 8.07595101903757e-12 8.60146398551365e-12 9.39018862666785e-12 1.09889652932793e-11 2.05841121925232e-11 2.4026469702676e-11 2.48577380901338e-11 1.95357729992907e-11 1.90874693828391e-10 7.0796344342483e-10 9.57003953860891e-10 4.06250533213637e-10 7.84587617097543e-11 3.67661678879472e-10 2.48557519011428e-10 2.62712518406261e-11 9.48983669424308e-11 2.38060238189064e-11 2.28685403946827e-11 1.84779413991976e-11 1.61409219323616e-11 1.70915726016574e-11 1.72077463389542e-11 1.90141236089403e-11 2.08097650222783e-11 2.11934914062795e-11 2.19251061750469e-11 2.35004016246876e-11 2.30509833443193e-11 2.40925057681807e-11 2.50189979844606e-11 2.5299218275876e-11 2.4530566467007e-11 2.22727170040571e-11 2.29104624160925e-11 2.22679541472814e-11
7.30207005972261e-12 4.75377515130049e-12 3.47007977907765e-12 5.05402386608011e-12 6.25474116944247e-12 6.30895335973491e-12 6.07873751334864e-12 6.16964257460495e-12 7.29237781271763e-12 8.67499405643457e-12 9.71536184835031e-12 1.58833501906486e-11 1.91213933575796e-11 1.86218374054192e-11 1.55396695511456e-11 1.52928891772319e-11 1.29747247390455e-09 9.4349464907495e-10 6.5546608141176e-10 5.97365379384485e-11 1.34638666882125e-10 9.5779155717679e-10 1.63613467218937e-10 2.44168352203644e-11 2.24221308187111e-11 5.78644465676348e-11 2.05670369624045e-11 1.85048421030842e-11 1.62132751668764e-11 1.60118585057489e-11 1.82291404193791e-11 1.99092853314653e-11 2.05737538117035e-11 2.09288142372088e-11 2.10133910272248e-11 2.29112173677493e-11 2.34860131342884e-11 2.51951459695476e-11 2.58923660290122e-11 2.42048159293518e-11 2.5206792209076e-11 2.34648522834391e-11 2.28633445509274e-11 2.25895413485944e-11
5.0718318433951e-12 3.78297393410776e-12 4.24039692248357e-12 5.58600943278975e-12 5.78832537456719e-12 1.18386522807157e-11 2.52684673185399e-10 6.31633634284867e-12 8.31117397126491e-12 1.0512402059959e-11 1.2843115460015e-11 1.61489155381389e-11 1.52035606326706e-11 1.27638566382871e-11 4.31570890135902e-11 6.09188033351416e-11 5.4651297931585e-10 1.3846389590455e-10 1.3131747911288e-10 7.58131335487633e-11 1.21494492244523e-10 1.2719895137181e-10 5.83444137447486e-10 2.3797486203847e-11 2.04134265047173e-11 2.4354507299762e-11 9.12016129284154e-11 2.10124251331933e-11 2.04460115504901e-11 1.87726612033146e-11 1.82419523930832e-11 2.08151607061779e-11 2.04418815208385e-11 2.03556949074368e-11 2.21432538971555e-11 2.44225972778622e-11 2.43464248761427e-11 2.57873722375734e-11 2.59149368631029e-11 2.39925301848132e-11 2.4213619997937e-11 2.35720110097759e-11 2.42154740703882e-11 2.59613996966834e-11
5.23020515785788e-12 5.11052311580329e-12 5.61926061237728e-12 5.81322767700954e-12 2.32757146889639e-12 2.06826022974838e-10 1.27708521535652e-10 2.63954524903909e-11 8.77110606367637e-12 9.71833724605631e-12 1.37188926885301e-11 1.20510934564777e-11 9.20919007718624e-11 1.18799858839225e-10 4.60692817227937e-11 1.66132974044331e-10 3.53431173216734e-10 1.4202609421865e-09 1.22817456205127e-10 1.30337063364294e-10 2.01697192281358e-10 1.57273383205592e-10 4.02923083786533e-10 1.29176991325863e-10 1.61278257415631e-10 2.88892798572249e-11 6.56021015288388e-11 9.93473747712414e-11 2.15240270051709e-11 2.01848648906378e-11 1.81572867852253e-11 1.74345538006548e-11 2.02750594091583e-11 2.17415085934647e-11 2.31279217999258e-11 2.4537372134148e-11 2.56009435872784e-11 2.53296827956717e-11 2.58753685145052e-11 2.56859755687344e-11 2.81966228143915e-11 2.85626744478407e-11 3.02257552320384e-11 2.98209124061088e-11
6.60608234781535e-12 6.41321440397746e-12 6.58663124042391e-12 6.38811226139069e-12 1.1841283509284e-11 3.40516392860479e-11 5.12083486725601e-11 2.66021427108853e-11 7.58841878223393e-12 8.48368042483116e-12 9.37011579438263e-12 9.36994926092893e-12 2.91238133609539e-10 6.13534378857139e-10 1.07221642675626e-10 1.47356349344818e-11 3.76049136274759e-10 7.67063812467938e-10 1.19692888933542e-10 8.09542477497871e-10 7.78150799352062e-10 1.95704752403714e-10 3.90322307808333e-10 2.41681463730714e-10 1.45649192706543e-10 5.07234032554038e-11 3.1180047432855e-11 2.89114399087964e-11 2.66833222184459e-11 2.21306861725168e-11 1.73133618552868e-11 1.99705363357339e-11 2.19658513600507e-11 2.07996841972147e-11 2.18106532834383e-11 2.42873277045419e-11 2.57863841390815e-11 2.63192467819806e-11 2.8424596010268e-11 3.30527272218717e-11 3.91894849904872e-11 3.79901332614452e-11 3.77429310027821e-11 3.63928776003775e-11
7.42755856819599e-12 7.29551974387732e-12 7.45355999143271e-12 6.94913016019427e-12 1.01930019980045e-11 2.02928340797826e-11 7.42947925402859e-12 2.2540247446301e-11 6.48636699907001e-12 6.1836979980967e-12 4.81184203593443e-11 1.4369957446192e-10 2.96495883400638e-10 9.7812483668136e-10 7.18472503713485e-11 1.13981213356595e-10 6.7034592321491e-10 1.90634041885573e-09 8.60630988697153e-10 2.35819719307528e-09 2.52068320660825e-09 3.98932231693294e-10 3.78525000233054e-10 1.82658110858824e-10 1.17293563750565e-10 6.36715791202391e-11 3.1880309503407e-11 2.70521494094567e-11 2.44576692232101e-11 2.22821761042269e-11 2.3421342643104e-11 2.84882228918093e-11 2.44039899399695e-11 2.44738673771394e-11 2.55902632417815e-11 2.90369950306513e-11 3.03764902120918e-11 3.0584745847051e-11 3.56104257193124e-11 4.263635000612e-11 4.4210535232736e-11 3.98256982947487e-11 3.94806409786952e-11 4.24566160006634e-11
8.41672287421602e-12 7.74437181050303e-12 7.38918926046494e-12 7.18209935968162e-12 6.66526833725811e-12 7.19547754712835e-12 7.50026707407869e-12 4.08204581248128e-11 7.50192130638538e-12 1.2985220676498e-10 2.03514716190512e-10 6.21295204172867e-10 1.79290027269019e-10 8.54379678116857e-11 1.47630185853842e-10 2.99401936576515e-10 1.11523583701256e-09 1.3305431423305e-09 4.11395707500262e-09 9.34542265795812e-10 5.43534872665674e-10 4.1852807997067e-09 7.7940768283824e-10 2.07463524137808e-10 7.38346273010393e-11 3.31295546551758e-11 3.368113565827e-11 2.63437938130551e-11 2.36157315924856e-11 2.34369412766e-11 2.76400347054562e-11 2.85087842222254e-11 2.74735900696044e-11 2.85221068985209e-11 2.95168778308152e-11 3.12455172846171e-11 3.21577653394911e-11 3.36172201187424e-11 3.9770120530136e-11 3.74743014397438e-11 3.65809382785187e-11 4.68473149162207e-11 4.50315451594463e-11 4.46308212609381e-11
9.66225988108249e-12 9.53468415332281e-12 8.2444162607942e-12 7.22976123412877e-12 7.8327233588027e-12 7.35256300288256e-12 6.86892764889535e-12 1.83601689407453e-11 7.24523774309205e-12 1.8446446592435e-10 7.43125450064497e-11 5.7324656133062e-11 1.16285225892909e-10 9.67857682887541e-11 4.28313495781651e-11 1.1049680059827e-10 8.23135670735553e-11 9.25488685687981e-11 4.33073810146567e-10 2.34224273309991e-10 3.21135473768663e-10 5.24384602407224e-10 4.62929494737807e-10 1.69286062945417e-10 5.49112866288226e-11 4.12260003912479e-11 2.47329601243962e-11 2.14585793578692e-11 2.28607910379708e-11 2.6953295151344e-11 3.001753290377e-11 3.41415340443518e-11 3.65315666606136e-11 3.49787976361426e-11 3.3862646020566e-11 3.36261574140906e-11 3.15031556397116e-11 3.1254798749103e-11 3.25819482505096e-11 3.05743097506195e-11 3.22436743971366e-11 3.3878200245141e-11 3.36128014311043e-11 3.13640224902656e-11
