Scripts_&_data/Maxent_result_files_1/Bombus_sichelii_2.asc
NCOLS 594 
NROWS 330 
XLLCORNER -15 
YLLCORNER 23 
CELLSIZE 0.166666666666667 
NODATA_value -9999 
[rows 60 to 79 of 330, columns 352 to 395 of 594]
-9999 -9999 -9999 7.78196439910062e-07 6.21134624907427e-06 8.83618099010164e-06 1.44192994696368e-05 1.56100447100016e-05 1.75472513092245e-05 1.86640993547371e-05 1.924247462739e-05 1.96295027421911e-05 2.05047557528815e-05 2.13634780948269e-05 2.49519922363106e-05 2.28340902253876e-05 1.81080462198224e-05 0 -9999 -9999 -9999 -9999 -9999 -9999 -9999 -9999 -9999 -9999 -9999 -9999 -9999 -9999 -9999 -9999 -9999 4.75826000183588e-06 7.64408591749088e-06 3.03694945159805e-05 1.5854248732694e-05 1.68672324576846e-05 2.64715673438332e-05 2.86036928116573e-05 3.09043278036825e-05 3.14724588861282e-05
-9999 -9999 -9999 7.82416873335023e-07 0 1.45091005208542e-05 9.70913135915907e-06 8.25376351372142e-06 9.35038923728371e-06 7.26026510164957e-06 2.79137288998754e-06 1.92262703421875e-05 5.64498856832074e-06 -9999 -9999 -9999 -9999 -9999 -9999 -9999 -9999 -9999 -9999 -9999 -9999 -9999 -9999 -9999 -9999 -9999 -9999 5.02068502328257e-07 2.4356263907066e-05 3.60204727940072e-05 2.75225060704543e-05 2.94619531359785e-05 3.04984385820717e-05 2.93727818132083e-05 2.79520015055823e-05 3.02420323350816e-05 3.30741347113417e-05 2.37555720758564e-05 2.39694540425717e-05 3.434700405478e-05
-9999 -9999 7.34613877284573e-08 1.2931767594182e-05 1.35309588245036e-05 0 0 1.15972563559552e-05 0 8.17244152813146e-06 -9999 -9999 -9999 -9999 -9999 -9999 -9999 -9999 -9999 -9999 -9999 -9999 -9999 -9999 -9999 1.01798692469401e-05 8.47728806547821e-06 2.05992068458727e-05 2.05802751906958e-05 1.25321348832586e-05 2.40795863760468e-05 4.0556636281508e-05 2.89102547355924e-05 1.90805311802933e-05 2.86425183332994e-05 3.02779834896683e-05 2.1740418196714e-05 1.88510645102724e-06 2.34856783549731e-05 3.0451410572141e-05 1.72210336131684e-05 5.36341799488582e-05 3.66804220675476e-05 2.46739214020408e-05
-9999 2.30347711749346e-07 1.3905700700434e-05 1.46015134248501e-05 1.5374730548956e-05 0 0 4.72118146319644e-06 -9999 -9999 -9999 -9999 -9999 -9999 -9999 -9999 -9999 -9999 -9999 -9999 -9999 -9999 -9999 -9999 -9999 1.24482967294171e-06 2.16438975030542e-05 2.49596749256398e-05 3.33015558965144e-05 3.85785657044835e-05 3.60053518875247e-05 4.65666183572466e-05 3.00974070626125e-05 2.58983056312445e-05 2.3620205951147e-05 6.28475361850178e-06 1.21478820602761e-06 1.07739344912261e-07 3.52535430238277e-05 9.02245827319348e-05 2.86864343706839e-05 1.05658920489304e-05 2.80480210165024e-05 3.77477154472672e-05
-9999 4.105413893285e-08 1.39832593504252e-06 2.48865937464871e-05 1.09808532556599e-05 1.07375505336904e-05 9.19795265303947e-06 0 2.66900239509482e-06 -9999 -9999 -9999 -9999 -9999 -9999 -9999 -9999 -9999 -9999 -9999 -9999 -9999 -9999 -9999 -9999 2.17102205681385e-05 2.23126139417218e-05 2.40707116745398e-06 2.97617392220673e-05 4.16632185135768e-05 4.15532262593388e-05 3.76690137272817e-05 3.44326355332214e-05 3.11617648378615e-05 3.08499204834334e-05 2.93231253124304e-05 1.96728322691797e-05 1.17198073894542e-05 6.72019098146848e-08 1.72996990954744e-08 2.430043586088e-05 1.8740608722112e-05 3.84044639716308e-06 3.11397772492228e-06
-9999 -9999 -9999 3.54739563732664e-06 2.30722974947639e-07 8.46782894896592e-06 0 0 0 0 0 0 -9999 -9999 -9999 -9999 -9999 -9999 -9999 -9999 -9999 -9999 -9999 -9999 1.75619855212972e-05 1.6147207378836e-05 1.43362415926163e-05 5.51222196065737e-06 4.51966045034169e-06 9.63126020110394e-06 4.68974454918225e-05 4.69481897994228e-05 4.42911504762833e-05 3.92111405460582e-05 3.63762995732486e-05 1.82301834456666e-05 3.29809817287696e-06 1.9548347052023e-05 5.55268234734285e-06 4.22402587076931e-06 4.3869835053556e-06 1.57971994148909e-05 2.99303023343356e-06 2.56682615926707e-06
-9999 -9999 -9999 -9999 -9999 5.71388005710105e-07 1.15988808602197e-05 9.78961942195156e-06 1.05286354255441e-05 0 0 0 0 -9999 -9999 -9999 -9999 -9999 -9999 -9999 -9999 -9999 1.92047673806428e-05 5.98322678797558e-06 7.49708257501425e-06 1.02375995389536e-05 1.19547677826404e-05 4.64094985375141e-07 2.60606429769439e-07 3.07994958461677e-06 4.15697203891341e-05 4.60509644369722e-05 1.68957094388134e-05 6.08051768153928e-06 1.48044355299248e-06 3.97642708094281e-08 6.64656425897192e-08 9.60621022727537e-08 7.02788170769963e-08 6.87857283310223e-07 5.76543664010387e-07 1.13774996179927e-07 6.56683319277818e-07 1.61323947160952e-06
-9999 -9999 -9999 -9999 -9999 5.11665911133719e-06 1.20531526363266e-05 0 0 1.96608815656418e-05 1.03133981575354e-05 1.16067458662883e-05 1.06476873440897e-05 1.29495818796954e-05 6.47475407049569e-06 7.34058060061216e-06 5.14500853370237e-06 2.05978532790141e-06 2.38861716432837e-06 3.99981520565973e-05 1.20110566612652e-05 1.2917092300313e-05 1.01839868719367e-05 9.54571957407779e-06 1.38575648307437e-06 2.06537653255623e-06 1.5030889031209e-05 6.33462558852216e-07 1.93876950049798e-08 8.42560353930821e-08 1.24431872734476e-06 2.49204833835392e-06 4.99206194604085e-08 3.28901478496846e-06 3.55927127770883e-08 2.55915431068843e-08 2.45631085249443e-08 1.59476433525541e-07 1.79901903374358e-07 2.4711845281189e-07 2.21913555975561e-08 3.06947810990721e-07 4.63214135493217e-08 3.48676280736981e-08
-9999 -9999 -9999 -9999 9.66648516680379e-06 1.26177124911919e-05 5.90701066727206e-07 1.07626134315808e-07 5.89398759842652e-07 2.40691552733097e-07 7.07299479287826e-06 5.39768425085185e-06 1.23287328168686e-06 1.53786099943432e-06 1.17265728903249e-05 9.2653119644126e-06 1.92659176860843e-06 1.67870961753636e-06 2.09531202301605e-05 9.68212744609787e-06 8.56563212465744e-06 3.1512267838707e-06 3.08224980400951e-06 1.30016159829438e-06 3.20050542228501e-06 2.7311254768847e-07 6.31301425357833e-08 6.07086803938728e-08 6.97748680522636e-07 4.15292468858297e-08 5.68874968465138e-08 2.37227101251847e-07 1.49210063682403e-07 1.99536673939349e-07 5.04240757592811e-08 8.01217360901774e-08 1.56502261177138e-06 4.60489536058262e-07 9.35883637698254e-07 1.49459176013167e-07 4.27642632416791e-08 5.64755611609513e-07 2.7589071223133e-07 7.75748402759291e-07
-9999 -9999 -9999 3.01366177268392e-05 1.56257705654639e-06 4.94396444707945e-06 2.03344389149152e-07 5.45218078684684e-08 8.05579816187674e-09 6.21134182310357e-08 2.05968885325092e-07 2.80345006231641e-07 3.66822848008042e-07 3.79032400132928e-08 1.30644758158383e-06 3.96296809412888e-07 7.76519900114181e-07 4.07490043485836e-08 1.44241692296987e-06 6.09176643635578e-06 3.3339766181939e-05 8.28565072126253e-06 2.33112775340771e-06 1.19818083277323e-06 2.10164794012258e-06 2.81343147889856e-08 6.65560538237742e-08 2.17849500216971e-08 8.85172397602219e-08 2.65004888433396e-07 5.50884544381347e-07 1.74638337391286e-07 3.41631180624802e-06 9.88919666156107e-07 3.02943970567071e-06 1.43639812355545e-06 3.38882242592042e-06 3.32754756908749e-06 7.87453217476752e-07 8.85042513942835e-07 4.18693317350005e-07 2.19798902412194e-07 1.63345918124946e-07 4.7078601994599e-07
-9999 -9999 -9999 5.15464407158106e-07 1.11422574988751e-07 4.69169194161623e-08 8.57659699704527e-08 2.15853103213703e-07 1.31760810262449e-08 1.30843943679793e-08 1.02592552009284e-08 7.29517346087505e-08 5.43120030727096e-08 5.2108399017925e-08 3.13877865920631e-08 2.06311342054732e-07 2.04883438073011e-06 2.453072866615e-07 2.18149398278911e-07 8.55671652288947e-07 1.35675965111659e-06 1.6538846750791e-06 7.87669392821044e-07 4.60145568013104e-06 6.97518173353728e-07 3.60654738074118e-08 7.29189807913144e-07 2.08462752127048e-07 1.96924125006603e-08 1.55359751374817e-07 1.63151963761266e-07 4.7068223949509e-07 6.8402265931411e-07 1.0439017685826e-07 2.48776315903143e-07 5.3989948874289e-06 2.07949756884318e-05 1.37400720356951e-06 3.67083224714904e-06 1.34793143084622e-05 9.2903302562064e-08 4.63521383187171e-07 2.05426395716302e-07 4.63146062656961e-07
8.53062346095612e-07 8.22139071487982e-06 -9999 9.60965803642466e-07 5.28638565810979e-08 2.57113946133813e-07 1.39201983984094e-07 4.21782743842414e-07 3.86120842676974e-07 3.69491260698851e-07 3.0043877643493e-07 1.13498603582229e-07 2.23398036780509e-07 6.93543893248716e-07 6.30303640507535e-06 2.03752675531632e-07 4.73364444530944e-08 4.48420316789822e-07 4.4461273898122e-07 4.03233144652404e-07 0 5.60867670174048e-07 1.89140428119572e-06 9.14913464100664e-07 1.33553219967553e-06 1.69659080711426e-05 6.26449867979773e-08 1.01868323554299e-07 4.04124921260518e-07 2.35408276694216e-07 2.54219746267381e-06 1.42391441130485e-05 5.55407143281172e-06 2.52385277121903e-08 1.72371697360063e-08 1.28447263492149e-08 5.41115618979404e-10 1.70137850474816e-09 1.78756148550008e-08 1.83931846589047e-06 4.66934392619578e-05 2.58889472481982e-07 3.99857303094109e-05 2.87819409625634e-06
2.55471366017446e-07 3.5197602272774e-07 3.08645201130275e-07 1.37352918727629e-07 5.86201715577772e-06 2.07847555353524e-06 1.38452723987825e-06 3.63470737951843e-07 5.4172784338391e-07 2.02062859777641e-09 4.68080926907533e-08 8.98353917477834e-08 2.57016819205091e-07 1.35370642055932e-06 1.74572807054574e-07 4.3251211536699e-06 1.55386020196602e-05 1.36834917157103e-06 8.0628615819478e-07 1.00398068525465e-07 2.33972050409648e-06 1.71184956343495e-06 1.32739981495433e-06 2.21393439581163e-08 3.6660622981799e-07 1.61149700943497e-05 0.000587175243708771 3.42647729212331e-07 2.47559188437663e-07 2.0144642398634e-09 2.57501937994675e-07 2.30032451753459e-06 3.24033786824884e-07 3.7925715794529e-07 1.36762973390603e-08 5.25290620601027e-07 2.40636972925756e-07 2.15729207049264e-06 7.76381128275716e-09 1.25624302427241e-07 3.87313749694584e-06 2.11206239555395e-06 4.48337184622005e-06 4.55952904871992e-06
3.91175173717784e-05 1.47859382195747e-06 3.49849585745687e-07 8.26598136427492e-07 8.36600372622343e-07 1.80427588247767e-06 3.70538561771383e-06 8.37772631712141e-07 5.56699370690694e-07 3.78230645026179e-08 7.50630586310308e-07 9.2877260158275e-07 3.98616975871846e-07 5.39769320084815e-07 2.34375369245754e-07 5.6105616295099e-07 2.58959207712905e-06 1.06645924802251e-06 2.19972365812282e-05 4.05548917115084e-07 3.51137832694803e-06 0.000129413453214511 9.06711602510768e-07 4.18712424732348e-08 1.99764990327367e-08 7.832431379029e-08 7.64059667979211e-08 1.71455731887704e-06 1.43041715361392e-07 4.17359256488226e-08 2.38666309826385e-08 1.67825655594811e-09 1.6653205037187e-09 1.01772015259627e-09 8.06274300657606e-08 3.80924870313493e-08 2.53483649004238e-07 9.73220232225458e-07 2.03728621528398e-08 6.55156431328408e-09 6.67668305087687e-08 4.01729037702303e-08 2.32515975362446e-09 2.48806505993571e-06
1.77491994691081e-05 2.66131262833369e-05 0.000150217051123036 3.79636794605176e-06 1.32856837353756e-06 9.63370470685732e-07 1.64848206622992e-06 5.66637618248933e-06 2.46092163251888e-06 1.86943350399815e-07 1.28118576085967e-06 2.09925178751291e-06 5.31037778728205e-07 3.34659544023452e-06 2.760387700107e-06 6.78975048273855e-07 4.35620358985034e-07 3.86294501367956e-05 2.49351242018747e-05 0.000441386340207828 8.07485728273605e-06 1.72571909899943e-06 1.73457213747952e-07 3.16243667839444e-06 9.91491197510186e-05 2.12491622662014e-06 2.13073921635498e-06 1.02276610959962e-05 1.61250360164455e-07 2.47544274023515e-07 8.58996467378859e-07 5.00655892210489e-07 1.93241518009479e-08 9.76284364710978e-06 2.99951616398175e-06 1.18733007639094e-06 3.47159563318655e-09 2.30723293270785e-07 1.03661801476029e-08 9.95380607804463e-07 1.22238081985415e-06 1.3001207417318e-07 4.79584038259873e-08 1.87798063677747e-06
2.03032691388216e-06 1.92531259017414e-05 2.53751491072762e-06 1.797514687496e-06 0.000136563082196517 3.95697111343907e-06 4.66766291538079e-06 7.72153052821523e-06 1.14708360570148e-05 3.74286290025339e-05 3.71863256987126e-07 7.65826198687591e-06 2.50281523506146e-08 8.21580483005846e-06 3.46613854773636e-07 1.71341525145863e-07 5.42444187345836e-09 6.41361619386771e-06 0.000208756615029415 0.000154301009752089 2.88513168911209e-08 4.24798201947851e-08 0 1.71030080764467e-07 5.01416374873998e-06 3.04224613305593e-06 2.65152510081634e-06 3.82464882342504e-07 4.46965115052933e-07 6.03758786610342e-07 2.53200023735189e-05 2.67475960015418e-05 8.23883008482795e-09 2.306973388988e-07 2.3244698468261e-06 5.94835626088752e-08 1.26630682188988e-06 2.7842500458064e-05 5.10606747411657e-05 2.39332730416209e-05 3.40794977091718e-06 0.000145267670609428 4.16416578445933e-06 4.2820238945751e-07
7.94996829426964e-05 4.2789750295924e-05 2.49156597419642e-05 6.34140378679149e-05 2.18695868170471e-05 0.000109669340599794 7.24926403563586e-06 1.13838981633307e-05 2.87568842395558e-05 6.21476192463888e-06 1.80176317371661e-05 2.26045536692254e-05 4.07196748710703e-06 4.44874721665656e-06 4.33488598901022e-06 1.56837593749515e-05 1.80703979140162e-06 1.35434371713927e-05 1.61193879648636e-06 1.16549025733548e-05 9.11137363800663e-05 9.63471939030569e-05 3.04352621327553e-08 4.30328678646674e-07 9.4022124343951e-07 2.52246735726658e-05 2.98063157970319e-05 3.95961704271031e-05 3.82115938919014e-05 3.73943616978067e-06 7.08444407791831e-05 9.37312585325145e-09 1.75942833635645e-09 1.2520580824571e-05 9.04584783256723e-07 9.73423348114011e-06 5.65365498914616e-06 1.09279935145423e-07 3.61773436452495e-07 0.000179322240728652 5.12162645463832e-05 9.71622102952097e-06 7.54675452299125e-06 1.88831827472313e-06
2.5551901308063e-05 0.000423297084489604 8.60943735460751e-05 1.99381509446539e-05 5.51078792341286e-05 7.4201358074788e-06 5.69601564848199e-07 2.58686282904819e-05 2.75261847491493e-05 1.8508161281261e-05 5.32246262082481e-05 4.61806246676133e-05 0.000257489603245631 0.000219340398325585 8.48659165058052e-06 1.81820920261089e-05 1.54221891932593e-06 4.10841098528181e-06 1.53637171024457e-05 9.70777227848885e-07 0.000108990517765051 7.78676771915343e-06 6.68208813294768e-05 0.000181817486554792 0.000198243618342531 3.29301314195618e-05 1.06429590687185e-06 3.29929353029002e-05 4.90968257508939e-05 3.71284779248526e-05 2.53829749681245e-05 5.03892271808581e-05 9.79752542207279e-08 8.57788871826415e-06 0.000106702829725691 2.31381519427032e-05 9.79214973995113e-08 1.61574439516698e-07 1.24344641250218e-08 1.93468697034405e-05 0.000151513018136029 1.95791702935821e-05 1.21942281111842e-05 0.000106221983151045
2.706742961891e-05 6.82598780258559e-05 3.72998281818582e-05 1.26149822790467e-05 9.15682932827622e-05 1.44111131703539e-06 7.7875622537249e-06 2.79225860140286e-05 1.46111837239005e-05 1.65332545293495e-05 9.85448103165254e-05 0.000380419702560175 5.04920943058096e-05 0.000466157484333962 0.000204333534929901 4.45751575171016e-05 2.34827195527032e-05 0.000270074408035725 0.000493209332489641 0.000143703240610193 0.000502167303056922 0.000497938948683441 0.00189325166866183 0.000768596917623654 0.000521262771144393 0.0021250533638522 0.00107960990862921 0.00027319798246026 0.00062937060429249 5.58378844289109e-05 7.65359669458121e-05 5.22690887009958e-05 7.07943770976271e-05 2.85441517007712e-05 4.12670146033633e-05 2.08965955607709e-05 7.79513584348024e-06 1.10464199678972e-05 1.33808509417577e-05 3.37935271090828e-06 7.85400690801907e-05 0.000364431703928858 0.000108805041236337 0.000384958984795958
2.5222640215361e-05 0.000180366314089042 7.71965365856886e-05 0.000151186051425611 0.000520848880842095 0.000314025999978185 3.45004796145076e-06 3.40325799697894e-05 0.000470465436956147 0.000715423913061386 0.00179550121538341 0.00102785565577506 0.000235246324155014 0.00048933899961412 0.00104269175499212 5.1848471230187e-05 0.000131995924311923 0.000853267242200673 0.00247186684282497 0.0017285441106651 0.00475616808980703 0.0121302511892281 0.00267309483024292 0.00110886167385615 0.00157425477664219 0.00196191726718098 0.00371483056806028 0.00566265841480345 0.001069295569323 0.000214783957926556 0.000162213132716715 3.46972432453185e-05 6.33511284831911e-05 0.000184947613161057 2.56227889622096e-05 2.10065643841517e-05 1.25010574265616e-05 2.44491621970155e-06 3.30505354213528e-05 1.24629990750691e-05 9.91318607702851e-05 0.000340540509205312 0.000213462649844587 0.000353792554233223
