Scripts_&_data/Maxent_result_files_1/Bombus_mucidus_2.asc
NCOLS 594 
NROWS 330 
XLLCORNER -15 
YLLCORNER 23 
CELLSIZE 0.166666666666667 
NODATA_value -9999 
[rows 175 to 199 of 330, columns 55 to 109 of 594]
-9999 -9999 -9999 -9999 -9999 -9999 -9999 -9999 -9999 -9999 -9999 -9999 -9999 -9999 0.000117279150708982 0.000341558719765633 6.20257568751281e-05 -9999 -9999 -9999 -9999 -9999 -9999 -9999 -9999 -9999 5.57640805709525e-07 0.00604666161769906 0.00381679368804839 0.0222655040839982 0.0144491261176881 0.0103091730474262 0.00554512362145942 0.0193952896399423 0.0127862766385078 0.00254120222998608 0.00473054522508392 0.00527641220251098 0.00259018672513776 0.00163797813911515 0.000265714369301051 5.67094593861839e-07 3.97389167497209e-05 0.000373954552787836 1.66533453693773e-16 2.01237387955189e-05 6.24413718469441e-05 0.000447067245841026 9.07790526980534e-06 1.34797858208913e-08 0.0968789048027247 0.0968465564437793 3.99490119889379e-05 0 0.000388992740772665
-9999 -9999 -9999 -9999 -9999 -9999 -9999 2.0257661007328e-06 6.0397388199851e-05 2.64718335746261e-06 0.000179590809023422 8.52468956169306e-05 0.000178839113956075 0.000135465610078433 0.000191347064809289 0.000287627594928341 0.000229972136378542 0.000194210238595627 -9999 -9999 0.000720144335502038 4.57510012562334e-05 0.00152300174381204 0.00012918154692283 0 8.46408113375219e-08 5.15065858053276e-07 0.00203121521644221 0.0118957469038721 0.00922335788200144 0.0164347847894533 0.0104672359069809 0.00908056282205507 0.0108156852889806 0.00463583546224982 0.00260967760696076 0.0108907626290458 0.00946814385534209 0.00126377372871502 0.00144365867127387 0.00193547210583453 0.00217960724122239 0.000362504553049803 0.000275094271637499 0.000224376772530377 0.000122836430091477 7.94599356595538e-05 0.000107344379648566 0.00010247427271679 0.0969980239751749 0.0969005757768173 4.28989063948393e-05 4.54862747574225e-05 0.00010225644800812 1.82187598340988e-14
-9999 -9999 -9999 -9999 -9999 -9999 2.48350862097624e-10 4.54129044901164e-06 0.000103668026699211 8.30363312161464e-05 0.000435077782641424 0.000925606479385799 0.000822675737835155 0.000259927171387087 0.000229775550375455 0.00038664666180992 0.000733266476081873 0.00032515481912192 0.000326323972228337 0.00122297280718261 0.000621202200881754 0.00148137241982056 0.00244091769471062 0.00121742435905929 0.00204236803871254 0.00117681246401844 0.0265825994951001 1.60485415108269e-06 0.00500177824869752 0.0234978344383877 0.0300071384549349 0.0304989418840595 0.0286286350805312 0.00637078609452146 0.00561736288946122 9.15908640308771e-07 0.0023366794019239 0.00339331943832804 0.0014219180396168 0.00101528488812619 0.000594457699304485 0.000209957361221313 0.000294595025479794 0 0 0.000487067128268848 0.000353793846497308 0 0.000233650440350175 0.000110039580613375 1.61103467689827e-05 8.46653638291173e-06 5.31896599568427e-05 2.41843779804185e-05 0.000400717012522311
-9999 -9999 -9999 -9999 -9999 -9999 -9999 -9999 -9999 0.00012563573177431 0.000156984829664142 0.000321235792337027 0.000462822839658061 0.000270851598877664 0.00108375640501386 0.00127132391430056 0.000243678159468352 0.000774053998222257 0.000406118931136845 0.000613932283079066 0.000670997899477754 0.00193459292050875 0.00343058440711275 0.00610684233216963 0.00559566611593709 0.00199487203317403 0.00174186832482519 0.0141263477792419 0.0184879355291363 0.00125998720935669 0.005790116564458 0.00138602741576104 0.0135534040280618 0.0270203104708344 0.00400617984923883 0.0088127773595676 0.00545670013773414 6.19925913269981e-07 0.00321089394419687 0.00173219049393083 0 0 0.000294501218013465 0.000221552141010761 0.000273851933889091 0.000582773353566657 0.000683991031777353 0.000369691966328256 0.000347403343766928 0.000258101732470095 0.096913867269177 1.39306488563307e-05 0 0 0
-9999 -9999 -9999 -9999 -9999 -9999 -9999 -9999 4.53315148940536e-07 0.000270236242113242 3.8652100897707e-08 6.45994268804739e-05 0.000261199922737276 0.000578435392463517 0.000537043580287888 0.000609262879734018 0.00043187597697667 9.39819886588644e-05 0.00113168792854133 0.000523861981710638 0.00430068568815827 0.000711375792430502 0.0013791158115346 0.00552731675045521 4.28471093982807e-07 4.73453019367298e-07 0.00609796369390096 2.43127724388614e-06 0.0102635135583114 0.00731267546943855 1.65711517183809e-06 0.023349933239776 0.00140210108687033 0.0122690330666956 2.49972254096065e-06 0.0103847447200678 0.000291396854299819 0.00667470447369851 0.0669902383560384 0.00349372032201907 0.00176461293813195 0.00139696937740742 0 0 0.000279119820334017 0.000855454556679514 0.000563585830538615 0.000705102552547032 8.50417506464529e-05 0.000363769917748868 0 3.48889181623235e-05 0.000117331289220601 9.7551679937169e-05 9.42435523029417e-05
-9999 -9999 -9999 -9999 -9999 -9999 -9999 -9999 -9999 1.98450251787108e-08 8.76864548748912e-08 1.71706542839711e-07 0.00303262299765 0.000488560766453938 0.000482448335516583 0.000545474836363269 0.000292380166852535 0.000542287437102607 0.000844834178889475 0.00115017475317604 0.00193287550341559 0.00103095642317754 0.00244860423222235 0.0064743260669502 0.0192081205865179 0.0225666217451362 0.00506886621263902 0.00459626465108158 0.022870946068445 0.0229602625513728 0.0239727007851915 0.0245286957191909 0.0219836409659114 0.0183684987016022 0.00987404994666576 0.00576971383416094 0.00703661229636054 0.00209396407917666 0.00503924653748982 0.00199471878208897 0.00438405511562578 0.000968931199531653 0.000755302577272243 0 0.000317299691960216 0.000917577888164123 0.000162241762862902 0.000815969497853619 0.000222944609137699 3.39818856446295e-05 0.000298935314640403 0 0.000455919140949845 0.000491578783839941 0.000120017060545385
-9999 -9999 -9999 -9999 -9999 -9999 -9999 -9999 -9999 -9999 -9999 -9999 -9999 -9999 0.000905796619993748 1.83621688198965e-07 0.000306085979735582 0.000225455212010628 0.000170623162803774 0.000217970076176943 0.000330139489049364 0.00101684552223134 0.00259377939219121 0.00628089534748142 0.00432420710292263 0.00439398410389913 0.0197624666878255 0.00749884459801251 0.00143019568043901 0.0246204097762164 0.030430121723839 0.0243494663351907 0.0218221763880103 0.0197729135235897 0.0098021806566976 0.00522844425286166 0.00352631666319212 0.00386754576029489 0.0686236074265204 6.64271556161111e-07 0.0753798495259616 7.26348753232742e-07 0.00230796113124777 0 0.000256898091174662 0.000562867496137187 0.0012840489661611 0.00189992309642549 0.000524462608621512 5.29838145336359e-05 1.96836132090539e-05 7.7455997434972e-05 0.000327523401938379 0.0002017844002694 5.89361759395501e-10
-9999 -9999 -9999 -9999 -9999 -9999 -9999 -9999 -9999 -9999 -9999 -9999 -9999 -9999 -9999 -9999 6.46232782841594e-09 1.32483696235752e-08 1.33082170261645e-07 9.01348721993322e-07 3.3297418156053e-09 0.0012644512681419 0.00256257879281634 0.00542290595212762 0.00274614855811706 0.0486687388806786 0.0162272866582498 0.0190351951052435 0.0360105919091438 0.0273874464070038 0.0227634640177712 4.23358142143115e-06 0.0155669235042296 0.00952625690260902 0.00321932551250939 0.00658980772132054 0.00627518944966141 0.00379806241544429 0.00430044850363629 0.00483084614388645 5.89890669289161e-07 4.1972862163675e-07 0.002653400078998 0.000777782472096089 0.000243270050641775 0.000798221667332655 0.0035106985582388 0.00104631877202337 0.00248705219246403 0.000146030312332635 0 2.62012633811537e-15 0.000144140236969481 0.000301213399285416 0.000323836226346075
-9999 -9999 -9999 -9999 -9999 -9999 -9999 -9999 -9999 -9999 -9999 -9999 -9999 -9999 -9999 -9999 -9999 -9999 -9999 -9999 7.3500115302938e-07 0.000663796883537415 0.00210131344595794 0.00707830786083932 0.0222873071286813 3.92837246181443e-06 0.0158411582233384 3.98084157495759e-06 0.0286690404702289 0.028906611317288 0.0283941744607997 0.00410912340594667 3.33839598170016e-06 0.00192792942152011 0.0070602566760499 0.00417234431442921 0.0023554803397019 0.0026192060624453 0.00266725791734643 0.0183730764673783 0.00174591571776546 0.000153293089772433 0.00131642931883109 0.000636718164741978 0.000533740529704119 0.000211341771000662 0.00158800176141101 0.00289340580129647 0.00230736360213015 8.67542461492232e-05 0 0.000656463671476037 2.50742581567986e-05 0.00169031481202369 0.00256968116848668
-9999 -9999 -9999 -9999 -9999 -9999 -9999 -9999 -9999 -9999 -9999 -9999 -9999 -9999 -9999 -9999 -9999 -9999 -9999 -9999 -9999 -9999 0.000285524156618711 7.63291652106091e-09 1.06010054891748e-05 0.152593654931479 0.00768287052342202 0.0311504014969039 0.0593381958482496 0.033072184138628 0.0320791637840752 0.00213302658768673 0.0248534480342641 0.0134492390556261 0.0163209268823266 0.00409205681935418 0.00373009262621053 0.00137771216882356 0.00706189976772293 0.00360058039805153 0.00213003273695449 1.64797245361115e-07 0.000814807153074415 0.00085444769656533 0.000780126817517157 0.000981677270510772 0.000654733327519352 0.000265081021035485 0.00096317786519653 0.000336955557577312 0.000122011394705623 0 4.97946832938911e-05 1.56612500745723e-12 0.00189664060083357
-9999 -9999 -9999 -9999 -9999 -9999 -9999 -9999 -9999 -9999 -9999 -9999 -9999 -9999 -9999 -9999 -9999 -9999 -9999 -9999 -9999 -9999 -9999 0.0150832941861154 0.0453299002489075 0.087718154117465 0.0289331052660633 0.0299883214164675 0.03212562976374 3.46977831213735e-06 0.0195777213899419 0.0376253168855133 0.0350205132823822 0.0272521650418639 0.0158437262987718 0.0132959946873598 0.0113407296700133 0.00860472270287573 0.00319830217249546 0.0692888550172795 0.00468327804119326 0.00270451176475035 0.00248114104186344 0.00256716917429006 3.16800282007534e-08 0.00217324174172973 1.54861594436895e-08 0 3.2085445411667e-15 0 0 0 1.77933060285795e-08 2.25251483243483e-07 0.00273193196360171
-9999 -9999 -9999 -9999 -9999 -9999 -9999 -9999 -9999 -9999 -9999 -9999 -9999 -9999 -9999 -9999 -9999 -9999 -9999 -9999 -9999 -9999 6.0693991132954e-08 0.0149551018187228 0.0214741472899 0.0261275897678278 0.027835524740019 0.0437027174288232 0.0340238913298838 0.0390703611103058 0.0402709525167355 0.0407231529529182 0.0402404361073747 5.77490027353633e-06 0.009610645556495 0.0120977571466938 0.0056987985244632 0.00557004563743249 0.00518388996715657 0.00299816310871392 0.00551900368882343 0.00195314955708454 0.0001198092807704 0.00213761129057275 4.6412836240961e-08 0.0041438308879151 5.11034548011935e-12 0 0.000164223671890795 0.000145585264544934 0 0.004587874567369 0.00197094249292604 0.00975440056063235 0.000867632344210278
-9999 -9999 -9999 -9999 -9999 -9999 -9999 -9999 -9999 -9999 -9999 -9999 -9999 -9999 -9999 -9999 -9999 -9999 -9999 -9999 -9999 -9999 -9999 0.0254937090096064 0.0195793367615843 0.0249837564120938 3.60393423761707e-06 0.0304763545326375 0.00222183898377641 0.0358599078190972 0.0421661558076432 0.0443861961895362 0.0462734908513458 0.0452181516998301 0.00292707991611465 0.0310631437705204 0.0157507205789556 0.00585725194541737 0.00295369391096756 0.00523245579679497 0.00492547600297257 0.0058198680402711 0.00015430538007779 0.00129605919155253 0.00124975197177432 8.45925336761866e-05 0 0.000209819435012959 0.000922472186877599 0.00234272924280958 0.00573780106180379 0.00407875528326258 0.00646765452693217 0.00483275073420373 0.00760928716044873
-9999 -9999 -9999 -9999 -9999 -9999 -9999 -9999 -9999 -9999 -9999 -9999 -9999 -9999 -9999 -9999 -9999 -9999 -9999 -9999 -9999 -9999 -9999 -9999 0.0439498430350795 0.0241230605818906 0.0274633977392598 0.0274851702977807 0.0287702496127033 0.0322131458741906 0.0138688314082174 0.0439111706242792 0.0503519517499794 1.0147417197004e-05 0.0519098405981383 0.0294409081936465 0.00496370422933978 0.00358164988065255 0.00442590207676403 0.0175602527133378 0.0700612805233223 4.76987634101533e-07 0.000275104094311063 0.00473673374592058 2.1148176188035e-08 0.00426106461952074 0.00155118650000077 0.00482857864117254 0.0119058213877906 0.00479071042209398 0.00538999054697342 0.0290677862270968 0.00577146244431788 0.00322345389358887 0.002936931869593
-9999 -9999 -9999 -9999 -9999 -9999 -9999 -9999 -9999 -9999 -9999 -9999 -9999 -9999 -9999 -9999 -9999 -9999 -9999 -9999 -9999 -9999 -9999 -9999 -9999 4.95208596351659e-10 0.0397227931534871 3.80169658455998e-06 0.0251850108402768 0.0275330110305124 0.040883902949281 0.0387635072825583 7.55996079533361e-06 0.0517068913272173 0.0547878498897345 9.75170987658203e-06 0.0408787192370065 0.02348683001984 0.00658672853023745 0.00262802789047782 6.6678985604085e-07 0.0098144107065345 0.00967763164080747 6.9078223532415e-07 0.0055515697707289 0.00505748980003209 1.37959457080505e-08 0.00788298241232361 2.25957155635115e-06 0.0305351047972586 0.0014591602757946 0.0139593160893128 1.74522996530868e-05 0.0747511793299054 0.0713997044733272
-9999 -9999 -9999 -9999 -9999 -9999 -9999 -9999 -9999 -9999 -9999 -9999 -9999 -9999 -9999 -9999 -9999 -9999 -9999 -9999 -9999 -9999 -9999 -9999 -9999 -9999 -9999 -9999 1.58609818754485e-06 0.0281470148562462 0.0415825193515047 0.0376779183773765 0.00294582799338183 0.0536444828419562 0.0523187275500578 0.0563270365030556 0.0524483382859958 0.0344839359799097 0.0209506775798414 0.0158973688665962 0.0139176579890773 0.0787468187466891 0.0815391616053668 8.98381222214084e-07 0.0112451816059092 0.00250862410745736 0.00412878538481892 0.0105694854166359 0.00883736031028093 0.0384080387644392 0.00957632065983489 0.0132243346684845 0.00815000031470845 0.0104391971377481 0.0533936686755624
-9999 -9999 -9999 -9999 -9999 -9999 -9999 -9999 -9999 -9999 -9999 -9999 -9999 -9999 -9999 -9999 -9999 -9999 -9999 -9999 -9999 -9999 -9999 -9999 -9999 -9999 -9999 -9999 5.48189234450547e-08 0.0307710143463332 0.0349448609047097 0.0412900145245183 0.0171602796253865 9.30001406231895e-06 0.0342876304261154 0.0552428174753551 0.0537115765662298 0.0450253120993021 0.0103877969397672 0.0174548903945833 0.0107851800741628 0.00669331475510262 0.0131016899598762 0.00367349637381267 0.00280939380246892 0.00167341239630689 0.00143454279168796 0.00516141235129908 0.00798879821340961 1.70400075148791e-05 0.0216454827575944 0.0107485254731728 0.00551227042587925 0.010405351501322 0.0106147708007484
-9999 -9999 -9999 -9999 -9999 -9999 -9999 -9999 -9999 -9999 -9999 -9999 -9999 -9999 -9999 -9999 -9999 -9999 -9999 -9999 -9999 -9999 -9999 -9999 -9999 -9999 -9999 -9999 9.54183621004745e-11 3.48614266840741e-06 0.0364359275403961 0.0424522797720589 0.0468065389735281 0.0516289013014216 0.0527579020360533 0.0546084898873232 0.0496273433895657 0.0210839253479207 0.0352218221002733 0.0248272745404392 0.02117630681023 0.00952142546007053 0.0249769752845168 0.0046004132629605 0.00231564038184757 0.00307085294480203 0.0208714570704615 0.00261574625765206 0.00565983310807496 0.0132830618880689 0.00940290687431116 0.00866881754336646 0.00789672031460214 0.00596771944437933 8.46398033900186e-06
-9999 -9999 -9999 -9999 -9999 -9999 -9999 -9999 -9999 -9999 -9999 -9999 -9999 -9999 -9999 -9999 -9999 -9999 -9999 -9999 -9999 -9999 -9999 -9999 -9999 -9999 -9999 -9999 0.0107894716061764 8.21176217868924e-06 0.0416889264415172 0.0441825040871829 0.0466179421503603 0.0462822934103101 0.0514584427297206 7.25503123248927e-06 0.0383813558786642 0.0732144228968536 0.00265065391695316 0.0223350440151989 0.00792949115275405 0.000509844172364637 8.28356587589951e-07 0.0484156077201987 0.0176750450395048 0.00986458720617647 0.0277382719737943 0.0296363604084303 0.0591756728186738 0.00977678728522733 0.0116269636549987 0.0155759603250772 0.0137072081444785 0.00195347328590856 0.0026748767240637
-9999 -9999 -9999 -9999 -9999 -9999 -9999 -9999 -9999 -9999 -9999 -9999 -9999 -9999 -9999 -9999 -9999 -9999 -9999 -9999 -9999 -9999 -9999 -9999 -9999 -9999 -9999 -9999 -9999 1.35357306421113e-06 0.0490951636675163 0.0459752205179221 0.048000916092996 0.0495312880586032 0.0818636802679975 6.49256035103463e-06 0.0193488618773699 0.0157327168228221 0.0252459451090544 0.0165759006049484 0.00890440282964846 0.00743145216838457 0.0131723715369844 0.00857049743644893 0.0114087163819931 0.00400207378393386 0.0539120685192782 0.0691612075731427 0.024159979633987 0.00968585139489733 0.00803464952623472 0.0122337721753865 0.00656656173523515 0.00385708540734413 0.00155859252320951
-9999 -9999 -9999 -9999 -9999 -9999 -9999 -9999 -9999 -9999 -9999 -9999 -9999 -9999 -9999 -9999 -9999 -9999 -9999 -9999 -9999 -9999 -9999 -9999 -9999 -9999 -9999 -9999 0.0459937401581556 2.29009504693067e-09 4.22411083889074e-10 0.0591854152735323 0.0476491769220876 0.0029181675135078 0.0508298485561562 0.0260557032333281 0.0715915942477295 0.0222889014271914 0.0219188968185335 0.115022047318053 0.0232007637852803 0.0848452330334112 0.0507991074806341 0.0487222414087228 0.0160135559504852 0.00352239327779666 0.018742504602457 0.0191354951275571 0.0418631860171445 0.00440186717605684 0.00520759166502103 0.00474531649670098 0.105700216256082 0.00877632540468767 0.0106535681618038
-9999 -9999 -9999 -9999 -9999 -9999 -9999 -9999 -9999 -9999 -9999 -9999 -9999 -9999 -9999 -9999 -9999 -9999 -9999 -9999 -9999 -9999 -9999 -9999 -9999 -9999 -9999 -9999 0.280739781633019 0.11158834528178 2.73433214094121e-06 0.00482076719582025 0.0310154969105497 0.0409439108567312 0.0495955459380639 0.10003865507897 0.0322408880107105 0.0366561645641923 0.0219606600003317 0.023822084791027 0.0209379510954022 0.0144238833338022 0.0165014885365963 0.0170270847040264 0.004571515659336 0.00446063209262412 0.0143548879087575 0.0182408510678215 0.00221530101443932 0.00313065174268559 0.00398959980448126 0.00859870265558129 0.0212377328425646 0.00713466641318519 0.00425251252090675
-9999 -9999 -9999 -9999 -9999 -9999 -9999 -9999 -9999 -9999 -9999 -9999 -9999 -9999 -9999 -9999 -9999 -9999 -9999 -9999 -9999 -9999 -9999 -9999 -9999 -9999 -9999 -9999 0.00031997639302459 0.0785398470237851 0 0 0 0.0454865995328873 0.0428954623639584 0.0387132974574342 0.0316471747122705 0.0347423092229292 0.0432082558050752 0.0822611971292645 0.0229021100560203 0.0180582618457265 0.0194535481743515 0.00869178986395127 0.00577810931655449 0.0048393340277471 0.00606003408756806 0.00572108832420781 0.00228869936818228 0.00595809694059426 0.00359040562834707 0.00707810612366302 0.0299508415162563 0.0185494655976072 0.0153164896648377
-9999 -9999 -9999 -9999 -9999 -9999 -9999 -9999 -9999 -9999 -9999 -9999 -9999 -9999 -9999 -9999 -9999 -9999 -9999 -9999 -9999 -9999 -9999 -9999 -9999 -9999 -9999 -9999 0.172765105212237 0.128690532174801 0.0237514698586892 0.0821368574636253 2.4479282728862e-06 0.00313288812321844 0.00856485274853185 0.042615826940164 0.0385173614369705 0.017823721608147 0.0163008512143278 0.0333359647542238 0.000984002120932459 0.00458300500904443 0.0105156539308155 0.000434105639042848 0.0103675751699485 0.00699000216263826 0.00497965174727142 0.0033802062025643 0.00145654494599334 0.00977939483709633 0.0053142047021538 0.01467529181391 0.00570190259313677 0.0107225346844643 0.0147570710629225
-9999 -9999 -9999 -9999 -9999 -9999 -9999 -9999 -9999 -9999 -9999 -9999 -9999 -9999 -9999 -9999 -9999 -9999 -9999 -9999 -9999 -9999 -9999 -9999 -9999 -9999 -9999 -9999 1.55062725171184e-07 0.0282286313573422 0.0123740025795996 0.139216207014397 0.0969199552200735 0.0039960739784874 5.77503924432676e-06 1.4028325676918e-05 6.05223212915007e-06 0.0407078126482482 0.060982829410932 0.0395187009125948 0.00669141092512291 0.00562147670425475 0.00674361970535813 0.0183744248139476 0.000686064572073641 2.97966107609682e-06 0.00866299199406058 0.00510116739023943 0.0123230097582564 0.00863699829205871 0.00186460421755328 0.0115994991734624 0.0515989935025573 0.0450897056609392 0.0299119697883725
