Scripts_&_data/Maxent_result_files_1/Bombus_sporadicus_2.asc
NCOLS 594 
NROWS 330 
XLLCORNER -15 
YLLCORNER 23 
CELLSIZE 0.166666666666667 
NODATA_value -9999 
[rows 240 to 259 of 330, columns 352 to 395 of 594]
0.00237491519656032 0.00117687444435433 2.77454983910519e-05 0.000554011686472222 0.000253542719963207 1.61873312642058e-05 7.24771598958895e-06 2.29334662249503e-06 9.03023356324528e-07 7.01094658384083e-07 1.31058785740601e-06 1.60212921329617e-07 1.62503859846286e-07 4.37239494166519e-08 1.47883308299068e-07 2.35727164522581e-06 1.10745081956409e-05 1.71063932929649e-05 6.37821888906931e-06 2.83706676209583e-06 8.01650168638091e-06 1.40802929257111e-06 4.74996820720719e-06 2.14395497877273e-06 2.05741062316744e-05 3.13270211533157e-05 1.26189045875691e-05 6.94042948327089e-06 1.0120072290043e-05 0.000624926095770206 5.49779992546906e-06 4.46260130015919e-07 -9999 -9999 -9999 -9999 -9999 -9999 -9999 -9999 -9999 -9999 -9999 -9999
0.00277157640084624 0.000528494571335614 1.96410268557767e-05 0.000540114176692441 0.00103746735258028 1.75753021125047e-05 4.96791994508694e-06 2.73850703874645e-06 1.87200378554131e-07 2.53263647898017e-07 2.13062667775432e-07 2.8206497165062e-06 1.25057355093716e-06 3.65915139965978e-08 2.76682726021438e-06 0.000318595195130911 0.00117910424014553 0.000385834040935151 1.33031109655457e-05 7.286724311939e-06 1.1344018415127e-05 7.648396676041e-06 2.45025690888911e-05 6.24451016963068e-05 4.82508579719876e-05 8.43475461804744e-06 1.68132116245667e-05 1.5713602305012e-06 6.57696787023099e-06 3.58690134215856e-05 1.14670233311909e-05 4.39543782593255e-08 -9999 -9999 -9999 -9999 -9999 -9999 -9999 -9999 -9999 -9999 -9999 -9999
2.29561907028497e-05 0.000667682406492531 0.000214822090661693 4.772883035431e-06 4.79504847127887e-05 0.00010950198505798 1.06028917739032e-05 2.78806460505265e-06 2.83267937994935e-09 7.84105530948764e-08 6.3601160251725e-07 3.33608632940852e-07 3.10233267408755e-06 5.5032833200519e-07 4.59988685765911e-06 1.94692311604072e-05 0.000131915028623553 3.71587114801231e-05 4.04825368131023e-06 2.05041743125411e-06 2.12783199972089e-06 1.14404729955053e-06 1.42283872044402e-06 1.31488490163756e-06 2.01888110825665e-06 5.18435524876626e-07 1.33091269405305e-06 5.28021490031616e-07 5.24759802460473e-06 2.10874404791284e-06 1.62039826460902e-05 4.80349234297517e-06 6.22332947819437e-07 -9999 -9999 -9999 -9999 -9999 -9999 -9999 -9999 -9999 -9999 -9999
5.22116531058825e-05 3.77938349915508e-05 1.91701592030524e-05 9.87489264726138e-05 1.47799452854258e-05 4.73861543108578e-05 7.51840650527913e-05 2.93306830756457e-06 2.43504334179745e-06 4.487660457686e-08 3.40208373084128e-07 1.79102804018783e-06 4.19103706358337e-06 9.94355840999717e-09 9.37280701052146e-08 1.35912084431311e-07 2.10909313441254e-05 4.87639790893724e-06 1.43662199192374e-06 6.21902387176743e-07 3.22989505741056e-07 1.19750743078351e-06 7.92698222318311e-07 2.62868166667207e-07 4.00426357294315e-08 4.37805589914575e-07 1.25859926216609e-06 3.18474124627599e-07 1.70326376939256e-06 9.14681522486194e-05 5.03791329986569e-05 7.95608745111087e-06 1.30492271188665e-07 5.95071093478783e-07 0.402580848477855 7.33933667873554e-07 4.85700838515068e-07 4.11775125375158e-07 -9999 -9999 -9999 -9999 -9999 -9999
1.84443847736082e-06 1.28689286610362e-06 4.30864006281118e-06 7.00497423915536e-06 1.9892085886708e-06 6.4686900348554e-06 4.4223554948597e-05 1.6070134460977e-05 4.32822526695853e-06 1.63191015795094e-06 8.02440011593575e-07 3.58969533711395e-06 3.07400186364548e-06 4.61476978275144e-07 2.58619892901102e-07 6.31424655017643e-07 3.9046828430811e-06 1.98465339984466e-06 4.38024647060331e-06 1.76306359342959e-06 1.49366979610432e-06 1.03154431982944e-06 7.58333129924349e-07 4.06847402856236e-07 1.56755690483568e-07 2.55256455106156e-07 1.23698250326099e-06 5.36992547894854e-07 1.39476180005538e-07 7.81184070075547e-07 3.4850586089763e-06 7.65538212949224e-05 1.83219714349203e-06 2.59593744944553e-08 2.17427633453227e-08 4.31540675578601e-05 2.1736800992489e-08 2.61717431060404e-09 5.50032554720303e-06 1.97644446743306e-06 -9999 -9999 -9999 -9999
1.13638361569635e-06 6.41779595422776e-07 7.63267238523824e-07 2.84787861892788e-07 1.9664069160763e-07 1.52392971860538e-05 1.469986204512e-05 3.50572412943229e-05 1.00756149614689e-06 3.95233433218012e-06 2.89495489336211e-07 3.29438224555556e-07 2.67618659732793e-07 1.10683140219781e-07 2.50606230212114e-09 4.78415156290879e-07 4.97508652996803e-07 2.98254060273617e-06 1.24379004689645e-05 1.11700312146579e-05 2.16523597761364e-06 1.37130056274692e-06 4.80333124996957e-07 1.87493923997639e-07 1.08948679888865e-07 1.36025398778106e-07 3.89567960079606e-07 2.14446227153609e-06 2.4980037239164e-06 8.03457447284828e-07 1.01140349517692e-07 4.20499517822526e-06 0.000108289785497295 2.0439072173084e-06 5.79178522430723e-07 1.02009526645741e-06 2.84501400160675e-07 1.22619054796491e-06 1.51909403113271e-06 4.32983863596359e-07 -9999 -9999 -9999 -9999
5.68399339706538e-08 6.46549788041462e-08 1.8255537238554e-07 5.86171364780341e-08 1.52245243856264e-08 9.36785412453123e-07 2.69974633315684e-06 0.000156739734214195 5.80508916042666e-06 1.4421933195341e-06 3.87042088711986e-08 1.42891189502947e-07 1.14175694199137e-07 1.22547617461555e-06 1.63882497572487e-09 1.51731547670675e-07 7.42904530204314e-07 1.41459643299147e-06 7.27411463419259e-06 2.81477745357583e-05 2.68448900377138e-05 1.07872954792754e-05 1.34975615431188e-06 3.329815872255e-07 2.89871774727946e-07 3.67987534888314e-07 2.6982833106759e-07 5.01688566489911e-07 4.71131651564871e-06 3.0472187417796e-05 1.61436270496029e-07 1.88439444714916e-08 2.85861156434919e-07 9.94821280882019e-05 7.56923039343382e-06 1.42152797607542e-06 2.76405924372947e-05 9.11214191290366e-06 6.13966337888017e-05 1.9315327565983e-05 0.000224565523059128 7.10492764092185e-06 -9999 -9999
2.00557809137969e-08 6.43048030379845e-09 5.68975915271608e-09 1.13295631209986e-08 2.35467293330238e-08 1.57273696177462e-08 6.67647631492629e-06 4.53491463271116e-05 5.0616739698417e-06 1.2330622358725e-07 5.38810590272609e-06 1.48738308194396e-06 1.14277951801522e-07 2.86581141804021e-06 1.00539287671841e-06 4.78139312853898e-07 2.28585195261033e-07 2.48738005970139e-08 9.66462753524411e-06 0.000111583929846126 5.35425081770957e-05 0.000123462190930468 3.34920595834842e-05 1.43897279395455e-06 9.8246950671621e-07 4.9723925758971e-06 1.90792628012026e-06 7.2864467166589e-07 1.35746963647598e-07 3.41352140931228e-07 9.19972354562759e-06 4.51705599890939e-07 2.95386682891419e-08 8.69673436709739e-08 7.64546372433728e-08 2.07610744690667e-05 3.13703199363857e-06 5.62656358590319e-06 2.17924443038142e-05 4.07802279918101e-05 0.000118163950831085 0.000214837941425206 7.22386114585527e-06 2.35856607910812e-07
1.08587525871062e-07 1.82257338221525e-08 2.17301141747228e-08 1.42301242878062e-07 1.55754901531857e-07 9.32629184513534e-07 1.3407424385159e-07 2.2595141014381e-05 3.12842842969618e-05 1.5549835668538e-06 8.16998772839028e-06 1.97718243938327e-06 1.73944763705025e-06 1.52727520645879e-06 6.16922605800596e-07 7.53684806231725e-08 6.61086386721799e-07 1.67372470182281e-06 2.88831520282029e-06 1.26066021437832e-05 3.82120847045586e-06 2.6168762208334e-05 2.35216508156832e-05 9.80432505048867e-07 4.81090983028842e-07 1.29709920754228e-06 3.42729199647174e-06 1.49763729505592e-06 1.25515823294897e-06 1.16624859223258e-06 1.4559906818401e-05 4.81544683148538e-06 4.1277474141066e-06 4.93345270780043e-07 2.29932967887869e-08 2.2985669811959e-08 7.39799381310746e-08 2.62620255142565e-07 6.09706125220821e-07 1.70499797552681e-06 4.26751640875356e-05 0.00212953058653511 0.000397532719694038 0.000253182237058569
2.12707761626518e-08 2.718027597437e-08 6.1989002531071e-08 2.37531472990771e-07 5.49445281772254e-07 4.16453341567369e-07 2.54713262729522e-06 2.28945755439414e-06 3.44677081025591e-06 3.94133298750265e-05 2.55079094345634e-06 2.77885521173804e-06 2.31467142857156e-06 7.64675787734426e-07 1.56098376981051e-06 7.47099638898074e-07 7.60081404238555e-07 1.03357662316617e-06 1.42394646216459e-06 1.64803500344313e-06 5.15216453567113e-07 2.34306844590471e-05 2.95512287237676e-05 1.61875983595294e-06 9.06507155440384e-07 6.02863161969225e-07 1.06058524703689e-06 9.38033682540418e-07 1.13535931923758e-06 3.90330248712933e-06 5.99799204015206e-06 6.42506195293047e-06 4.37145322910171e-06 1.57322885079303e-06 3.7474367583501e-07 3.13289899600555e-07 5.54526933749244e-07 6.04412691773692e-07 9.58668760409065e-07 8.47894092492751e-07 4.87236624224785e-07 7.88765853304563e-06 0.000287528282478888 0.00214445804012939
1.1843149050339e-08 6.25169023216188e-09 1.44188713302462e-08 2.55245103120139e-07 2.85668350030743e-07 3.09491999694877e-08 4.02923620024254e-09 1.91656135406504e-10 8.77028893953025e-11 1.04097293329719e-07 4.25513721902249e-07 2.52386956267614e-07 2.88246956523519e-06 1.5454606708154e-06 1.72099375088663e-06 1.17155057666185e-07 8.81639779559684e-07 1.40980122729228e-06 2.36589219004824e-06 1.12955983269103e-05 7.06041533695689e-06 2.8328914237985e-06 1.64529281709846e-06 9.83895710204852e-07 6.14019708367053e-07 4.27748967690711e-07 3.69321915605347e-07 9.40524698400669e-07 1.9333932562704e-06 3.54489536293912e-06 2.43668762235361e-06 4.00967798402929e-06 3.98842019627699e-06 1.27904163005343e-07 9.29700331830929e-07 4.25063810738369e-07 5.17906067254437e-07 1.31920504520266e-09 1.59038859859351e-09 3.07229815654786e-07 9.50044052550059e-07 6.245919828618e-06 0.000101076829747626 0.000290897869854234
3.68235377856685e-08 1.0635431191286e-08 7.15630652514676e-09 6.02919353775988e-08 1.13096570275584e-07 5.23188706025302e-08 2.3706123941647e-08 2.338455429296e-09 5.06479005402127e-09 1.13408071256149e-07 2.28840799072483e-06 2.59701744420582e-07 3.72897477174394e-07 9.71974573726886e-07 5.22483439130417e-06 1.87296567599748e-06 1.16968835521813e-06 1.9637741670131e-06 4.26981685415218e-06 6.88436470976939e-06 2.23047780505414e-06 1.05248372982425e-06 8.82551834369139e-07 7.89438751402916e-07 5.7111500968432e-07 4.42777064391109e-07 4.34671965454658e-07 3.74520377721677e-07 1.69655020244575e-06 5.44248918088463e-07 2.56561903227981e-06 1.93060310877957e-06 1.45377366610466e-06 3.95774992001385e-08 4.00263886779495e-07 2.07515725458851e-07 1.428240525847e-09 5.31435923711854e-08 1.29501321444181e-08 4.36875460141373e-08 4.79572532796624e-08 1.788358686583e-07 6.21713515944755e-06 1.92501227261221e-05
5.06080929385533e-09 1.53757815590794e-08 3.47867294525628e-08 8.91164197991401e-09 7.93343871485774e-08 4.18331623341928e-08 4.25255041069938e-08 1.66106552235146e-07 7.50948688788e-08 4.12660239113016e-07 3.71780947028277e-08 1.13426142528406e-06 2.19400591104924e-06 1.41522015399964e-06 4.46716638627942e-06 2.18436400254429e-06 2.13654226358662e-06 3.54065154563044e-06 6.8510096140173e-06 1.78252173972382e-06 9.55387798018403e-07 7.79517371807259e-07 7.57600480671972e-07 5.09617931698791e-07 8.01519119819627e-07 4.50868861867626e-07 4.60196333662566e-07 1.46132845824098e-07 6.49067371683021e-07 9.27422460161864e-07 8.96490545754247e-07 7.15925117111826e-07 1.20197496741303e-06 1.1576719971873e-06 1.90220901874483e-07 4.59544857256411e-07 4.85334642252866e-08 9.57980377358503e-08 2.03810622700917e-07 1.14179732013664e-07 4.61015533192999e-08 3.01240657640811e-08 9.67832317622097e-08 2.02836656792993e-07
2.21369760300405e-09 1.18083582911765e-09 8.12445014597429e-09 2.4036947099404e-08 2.79502467726012e-08 4.28109092287521e-08 4.24665505316391e-08 1.4512058531535e-07 1.45294879461133e-08 1.99317078930505e-07 8.53223672825365e-09 1.2501271284826e-08 1.18974429552665e-07 1.16492268320556e-07 2.35485423094595e-07 1.39608267875069e-06 5.58048918853915e-06 1.7614735822058e-05 4.63522865633559e-06 2.31915449040443e-06 1.62260545720772e-06 1.75958626245087e-06 8.73156774261474e-07 9.24960401305075e-07 1.12858534589977e-06 8.83481067937009e-07 7.35122404882382e-07 8.50664401119694e-07 4.66091925499512e-07 9.78703398391012e-07 1.32458873451924e-06 2.49786528224716e-06 6.82388871575679e-07 4.39779503580429e-07 3.70294810947414e-07 4.33559287116303e-07 1.59914450303944e-07 2.54050691783636e-07 2.80130157548353e-07 7.42403272413483e-08 5.45760444614629e-09 1.13407635504714e-08 5.79380801113416e-08 1.27326109655712e-09
1.98363696579662e-09 5.34071287194848e-10 2.63305433012562e-10 2.55331544796178e-10 4.75097992058693e-09 4.38793808843485e-08 6.99738337828215e-08 1.70886092609734e-08 2.56250180408202e-08 1.47167673603121e-09 1.14865638112249e-09 2.06493556365039e-08 3.86437041255405e-08 9.07007042694197e-08 1.46723762972645e-07 2.62420616892189e-07 2.26070257887123e-06 1.45863418673509e-06 4.00555889668031e-06 3.38256505605372e-06 9.8861364548064e-07 1.20991279290994e-06 1.35392426166003e-06 9.7504391698422e-07 7.27438570624628e-07 1.2625314828596e-06 9.55220335363549e-07 9.07607489974982e-07 7.76335799745897e-07 1.06431248884098e-06 1.994629598423e-06 2.3487702067837e-06 3.1943674728141e-06 1.84813595563993e-06 1.52985652118742e-06 1.10212649703234e-06 3.10070613762647e-07 2.70144847802634e-07 1.28032396262689e-07 7.91754829476687e-08 6.07619238035539e-08 2.22448505060591e-08 1.0870174738109e-08 7.26566517172955e-08
6.84832190955831e-12 1.09590447827657e-10 8.90078788451376e-11 2.64868538213392e-10 8.69450067497723e-11 1.96197564639178e-08 8.55540620792183e-08 2.02349309086358e-08 4.47442001783038e-08 3.19184718544641e-08 1.55806107460243e-08 1.71244493030187e-09 7.01001059422168e-09 4.49691393011875e-09 1.03855321790247e-06 1.35500526887711e-07 1.97411129224667e-06 5.39719695724639e-07 1.17716960799097e-06 2.72200507389631e-07 6.11140712469815e-07 4.66137100791908e-06 1.04797556268466e-06 9.71148087458573e-07 9.69793506477856e-07 1.21784227248289e-06 1.09091799852523e-06 7.81698046015133e-07 6.27354666404845e-07 9.71460507914745e-07 7.51997461612142e-07 3.08568959187516e-06 3.6563869016959e-06 2.18322281347882e-06 2.97898242652694e-06 3.24567822532762e-06 4.25560239594169e-06 7.99293502518061e-07 1.32429850473459e-06 5.74405217423912e-07 2.85605795791177e-08 3.26734573841136e-08 8.93672833179871e-08 9.21938002607092e-09
2.4224211525592e-11 7.67394703338198e-11 1.82412485116856e-10 3.13900583304161e-10 6.79307943229901e-11 1.99772798303854e-10 6.81497973609169e-09 9.35507217247888e-09 1.48695089796647e-08 1.99391589306153e-07 5.65027044152622e-08 7.93972025903145e-09 4.71225408693599e-09 1.24372512289028e-10 8.33639443031942e-09 1.71308144244597e-05 1.1382559462314e-06 1.10561699604439e-06 2.7684735795952e-06 3.88060548917046e-08 8.20395787304307e-08 8.043573410077e-06 1.45328786749221e-07 1.43700696765281e-06 8.87093971946307e-08 2.66356488243247e-07 1.21875529249804e-06 1.48730530712404e-06 7.98095113696551e-07 8.12097519842236e-07 1.23692598719138e-08 1.52169504396005e-06 2.16646612394289e-07 1.49395242988737e-06 1.12378816291558e-06 1.10593419614391e-06 2.16877705896401e-06 9.06569410386027e-07 2.5471505908814e-06 3.77552887820265e-07 2.39948948654867e-07 1.27028506491378e-08 2.70754266118445e-08 1.62083200416774e-08
6.02623040357741e-10 1.02970322268803e-09 7.44540595842835e-10 5.00725361174403e-10 3.40874761750598e-10 4.3840476804391e-10 4.13836277468604e-09 7.69622835461448e-09 6.4461961657436e-09 1.38518244208186e-08 1.19552099930864e-07 6.10580038973296e-08 4.42426475455449e-09 1.21711978162686e-08 3.78732528893977e-08 4.94873706058385e-07 5.10179722554849e-06 4.69532593763144e-06 8.32552299845357e-07 3.56165643145001e-07 8.28634720284604e-07 1.44888524945541e-06 1.87148645653945e-06 2.23360425816166e-06 2.5145618780642e-06 2.0227634811798e-06 2.62765259120279e-06 1.27836940320147e-06 9.73291604322579e-07 1.24947006515663e-06 7.98268499013766e-07 3.02624864190193e-07 1.17833301248593e-06 2.28390675149903e-07 2.83786755972404e-07 5.98177265731525e-07 1.84967665200819e-05 2.73909314036924e-06 1.05446751856864e-06 1.65618018221902e-07 7.01301194894199e-10 1.3728033931848e-09 8.59892591575928e-09 1.37048029369424e-08
1.84156023763649e-10 4.03289290851205e-10 5.87495918580316e-10 5.03444608224157e-10 4.02954614120432e-10 2.87706969359647e-11 2.53227727675664e-10 1.79900243590936e-09 7.23115554102094e-09 1.65495039117225e-08 1.35804035350517e-08 6.11395111205226e-09 4.91395669599548e-08 2.26327301489082e-07 5.84428826603256e-06 4.39719446501119e-05 2.45208325439727e-05 7.3183749391692e-06 3.23579158342246e-06 4.1305975721162e-06 1.57420500218608e-06 1.04795929967705e-05 2.71809496251718e-06 4.65367657864757e-07 4.99559185641596e-06 3.51568317971118e-06 2.00891288878458e-06 2.59763464838247e-06 4.58696064908892e-08 1.05120277837933e-07 8.82315787442689e-07 3.45161918480219e-07 2.32800992805426e-07 2.14848645668786e-06 2.22995713512586e-05 6.44884097517062e-06 3.91885906275702e-06 5.7262254599677e-06 1.62726403463154e-07 1.55776988641776e-08 7.36739469431313e-10 2.16461073510033e-09 5.80911263536876e-10 7.36634987452689e-09
4.50447013022881e-11 2.61458832362393e-10 3.20175841395098e-10 3.10966352667918e-10 2.31600438826973e-10 3.49043949299244e-10 4.66790273101481e-10 4.30472435475338e-10 8.9123312063677e-10 1.80642356628624e-09 2.68574948947276e-09 6.10504327092087e-09 2.08637479071072e-08 1.40853379948513e-07 9.78281006003279e-07 7.17576234567918e-06 1.73036428608997e-06 5.34847086153256e-07 3.9190086399743e-06 4.03008524330062e-08 8.43000602701593e-07 2.34993002085071e-06 1.77877145625116e-06 2.03780114393926e-07 3.33455249684755e-06 2.09009064797705e-06 8.2431348524814e-09 1.58310792494065e-06 5.89171771359087e-07 1.9492161694501e-06 1.18042254607653e-06 8.18630685928134e-07 4.80859437057557e-07 2.4771712445415e-06 1.10499065537617e-06 4.61645430467339e-06 1.93481168282439e-06 6.83947448757438e-06 9.09556156314384e-07 6.11065434030778e-08 7.23569167915272e-09 1.22596037765987e-09 9.61970977320092e-09 7.33371507966041e-10
