Scripts_&_data/Maxent_result_files_1/Bombus_patagiatus_2.asc
NCOLS 594 
NROWS 330 
XLLCORNER -15 
YLLCORNER 23 
CELLSIZE 0.166666666666667 
NODATA_value -9999 
[rows 100 to 119 of 330, columns 308 to 351 of 594]
0.000343439703953408 0.18522694632411 0.0759015955030918 0.154036077857018 0.205834642797709 0.0567602016031742 0.303724364191294 0.379804038256407 0.482938878238201 0.0688642786350101 0.0436333996709436 0.133036588085815 0.422265949845314 0.73311026096344 7.1337178396691e-07 0.189080427773297 0.287711776047945 0.292037583142519 0.0670231231488287 0.19447924643755 0.140459659695625 0.0498352776514366 0.216628496348858 0.614210903644562 0.150220876932144 0.0435848647728562 0.0457189654931426 0.0475929802283645 0.322610827535391 0.0949418015778065 0.195153863728046 0.261967197060585 0.129656859114766 0.178965170681477 0.20091093108058 0.0807927450165153 0.943084532022476 0.207558365166187 0.687360823154449 0.0827099366113544 0.274869497865438 0.0563539750874043 0.0581163452938199 0.616880151629448
0.162590432167053 0.0615965764969587 0.127912794426084 0.103366325050592 0.178272469714284 0.108744380623102 0.0564986341632903 0.155879983864725 0.254624758660793 0.478350457549095 0.157942149788141 0.219178276509047 0.560361871123314 0.694518268108368 0.553055752813816 0.0171951419339612 0.134840862744022 0.243230536580086 0.0734272418543696 0.270882550626993 0.176578196883202 0.0804976875893772 0.0397326722741127 0.0538484426215291 0.0810066860169172 0.0426488159224391 0.0444752773270011 0.351632878184319 0.0456716623157263 0.216664708405733 0.149666047096252 0.0463727898895741 0.295736142992973 0.398382164537907 0.865351754426956 0.545959052210674 0.614561404287815 0.301903420686722 0.0952399894595146 0.1109563825652 0.0720786418765783 0.350445839762688 0.427885709702969 0.0552323265001178
0.0165643751272 0.287286933138967 0.183322434872389 0.219490409642458 0.272153342142701 0.01468912048731 0.0147371502942406 0.174206770956516 0.127384644933045 0.310920063406229 0.0508326542563736 0.141524475067854 0.409068417549133 0.230353463441133 0.0241759330928289 0.0292244839442446 0.0409903295978438 0.0528779539745301 0.187720023095608 0.180805123969913 0.0625384379178286 0.0529045471921563 0.0414774632081389 0.0689571872353554 0.042073605582118 0.0848966157063842 0.283097842335701 0.364645090699196 0.0877951752394438 0.0445594323799014 0.0444094398990273 0.0437037114053965 0.314114654064178 0.223637556284666 0.619902358949184 0.24159273058176 0.314087845385075 0.0990778459236026 0.224841041117907 0.0972609547898173 0.529363571852446 0.317354696989059 0.926852303743362 0.476060429215431
0.0315646460512653 0.079753977060318 0.13306329883635 0.0576874389040313 0.368210440501571 0.0420151866041124 0.0240478423889726 0.0935109350830317 0.0490399037254974 0.0756490476429462 0.170440502464771 0.0412287451908924 0.0360643078951398 0.127011828869581 0.0520468990551308 0.000566072250447292 0.00740029713069319 0.175737954676151 0.0362005309201777 0.155907460302114 0.0393706196919084 0.209275158494711 0.0475691570900381 0.0812992675229907 0.0830335255712271 0.0421067174524069 0.261690548062325 0.220931057631969 0.191529815644026 0.0440897589549422 0.0792162811383605 0.355959402024746 0.336944632232189 0.261730328202248 0.63644392862916 0.0835843877866864 0.0694336410611868 0.213243528455496 0.1616733700037 0.0832654548808932 0.479021862149239 0.329975314438343 0.0491515159606934 0.050134021230042
0.0690687987953424 0.0532194130122662 0.0787365159019828 0.0363284710794687 0.0392617547651753 0.0546940420521423 0.0783088391646743 0.0431293103843927 0.095759804174304 0.0638359082862735 0.129887024313211 0.054373976867646 0.0888535210397094 0.0900477539747953 0.538319666683674 0.00451300382090203 9.97726719809133e-07 0.0449919426755514 0.258210074901581 0.336174173653126 0.268827535957098 0.0917947676032782 0.0404423356056213 0.310686634480953 0.391993978619576 0.726656502485275 0.0414496356621385 0.0886771468445659 0.218610749393702 0.0784556584432721 0.041553663648665 0.259518172591925 0.304750745743513 0.329279804229736 0.455798009037972 0.133967505395412 0.19453419148922 0.220878971368074 0.227093674987555 0.0822639426216483 0.227261056005955 0.277067659050226 0.34053910523653 0.29909224063158
0.055093414708972 0.0255706564988941 0.0496715703979135 0.0678641159087419 0.0367490550503135 0.060367992753163 0.0828607394360006 0.313880422711372 0.649222487211227 0.0200931178405881 0.027306749438867 0.1394247289747 0.0669127307832241 0.209450916945934 0.101718110963702 0.00116314118475834 0.00248765202809302 0.459535556100309 0.268128196895123 0.0482883915305138 0.189459165930748 0.312435494363308 0.154419147968292 0.264869343489408 0.0797915816307068 0.0393616206943989 0.128851994872093 0.281308803707361 0.133958813548088 0.18244249522686 0.0402076672762632 0.204045534133911 0.37997141033411 0.507061767578125 0.0425090439617634 0.042610733397305 0.255372374504805 0.169164427369833 0.156712227314711 0.272827081382275 0.360264885425568 0.336566051840782 0.358769242465496 0.276573876291513
0.0316164718591608 0.0291218051686883 0.0379525121767074 0.146685002744198 0.0284856172278523 0.00694144043920915 1.02368909434825e-06 3.50968594187151e-09 1.69777836234175e-09 2.29354163538531e-05 0.00818612817674875 0.0267657871823758 0.0450380345806479 0.0229431931860745 0.251753019541502 0.000228325996091649 0.0659992764140043 0.434326739609242 0.0594772949814796 0.249990125745535 0.211290846019983 0.384859871864319 0.290794363617897 0.194753688573837 0.0376982395537198 0.0768777005374432 0.038522186037153 0.204328237473965 0.210098942369223 0.0384610874578357 0.0391129828989506 0.279681314527988 0.0400878594256937 0.0401772767305374 0.098359583877027 0.328580485284328 0.122266979515553 0.0561260402202606 0.144042568653822 0.124681671336293 0.0431945824995637 0.0436263150535524 0.0434077673591673 0.0445365006104112
0.0618731949012727 0.0830369816510938 0.140653872862458 0.235114987939596 0.0916639748960733 0.00576623389497399 2.63327013485082e-05 2.50719989662862e-06 1.77081333516682e-06 5.7384644199443e-05 0.0155306546759675 0.030222408939153 0.0250559763982892 0.0205070440657437 0.168671279028058 0.0268060524016619 0.190420470386744 0.558087879419327 0.110505286231637 0.233083173632622 0.172835374623537 0.0342763904482126 0.255801714211702 0.224734662473202 0.642507928609848 0.20561790317297 0.295412451028824 0.205881834030151 0.322750926017761 0.0363910552114248 0.58762668967247 0.276100040972233 0.185923746228218 0.039306809194386 0.120410257019103 0.192686437815428 0.322362034022808 0.0397936002351344 0.207984835654497 0.0407320312224329 0.144611456617713 0.1131940767169 0.0401724318042398 0.0410009988583624
0.0030609976329572 0.0183288581038141 0.169593181536698 0.0140936733572744 0.0552363974973559 0.010940258949995 0.0378614553716034 0.0578807383775711 0.194067241623998 0.117192178405821 0.0315962408669293 0.163686077296734 0.444063918292522 0.0511320197023451 0.183211663365364 0.166511826217175 0.0250602791085839 0.512115231156349 0.188183015584946 0.696004861593246 0.260157683491707 0.120149394869804 0.0352194833569229 0.397533136606216 0.809769576787949 0.348350325226784 0.132596240565181 0.0367495986633003 0.236845509707928 0.0547127610072494 0.0383132194168866 0.182768182456493 0.0354684492573142 0.0363716405816376 0.0366987247951329 0.30723522901535 0.311721447110176 0.187021880596876 0.150960453599691 0.0371673963963985 0.271805397421122 0.0862449567764998 0.199412579089403 0.0404732769355178
0.0338778856676072 0.00137090964657602 0.0228623562899884 0.123538957536221 0.0188993263989687 0.126531463116407 0.0179815007839352 0.0181589353829622 0.00616233771434054 0.068730000971118 0.177121013449505 0.668627974390984 0.16924121491611 0.00283516078889079 0.109539089351892 0.144058376550674 0.0623144192621112 0.0083445933094481 0.00859559430391528 0.0865743802860379 0.16737864613533 0.238013073801994 0.295817469060421 0.0341954468749464 0.336812581121922 0.181506332010031 0.0353834549896419 0.06381781026721 0.0360856285318732 0.0347851328551769 0.0339590614661574 0.0343397898599505 0.24982233196497 0.273085291683674 0.259255629777908 0.119339879602194 0.180243487656116 0.119897301495075 0.269169910252094 0.0354218150489032 0.190133255720139 0.0377599305473268 0.0385326894000173 0.16983362659812
0.168626462295651 0.232554325577803 0.00216934091416909 0.0439627080224454 0.0911515355110168 0.0685667686164379 0.104381256923079 0.133127238601446 0.104746421426535 0.0560033490657588 0.242710967361927 0.0806971671059728 0.0495928548742086 0.0117799294064753 0.144013303518295 0.136401030048728 0.122315971553326 0.205955048650503 0.017766663711518 1.97235060385825e-05 0.446508898586035 0.181240794807672 0.662663945555687 0.472906085848808 0.260848139226437 0.17536438331008 0.162005529552698 0.199378395080566 0.248613126575947 0.714683964848518 0.663048774003983 0.25878424346447 0.214151669293642 0.0461240267381072 0.00203186596204453 0.073921709666773 0.167882477492094 0.170921262353659 0.176120632141829 0.109088542312384 0.0363188198767602 0.0381766761653125 0.135017617605627 0.201619528606534
0.0224161413607362 0.0276829939801246 0.0551769217476249 0.0086130192904875 0.257729926891625 0.133931165933609 0.0947712861001491 0.102006645873189 0.103177569061518 0.139394487068057 0.151109059900045 0.106198140233755 0.448133078217506 0.0935919193550944 0.157686719298363 0.10776883661747 0.161730143427849 0.126312952116132 0.315664274245501 0.0782690556719899 0.282785275019705 0.626664105057716 0.801137912273407 0.156766944378614 0.176505166012794 0.414774215221405 0.0285315485671163 0.193098886311054 0.252199944853783 0.0454500850755721 0.0467117418535054 0.024612522201096 0.00893027309253824 0.00623673210639879 0.0119917033272515 0.0725805882364512 0.158020512387156 0.194539355486631 0.219631451368332 0.0866540810093284 0.0356176745146513 0.0367392934858799 0.195928934216499 0.0367408913560212
0.00149138296517326 0.00276058387589511 0.0347606168143102 0.0099686702792269 0.0178011367090221 0.713736359472387 0.378523226082325 0.659229186177254 0.55838256329298 0.155306019634008 0.261199986934662 0.122992608323693 0.0548244385514408 0.131822310201824 0.174958100914955 0.111592462286353 0.0203866772353649 0.104901618137956 0.135164760798216 0.113157106377184 0.51684186309576 0.99987245798111 0.124718955159187 0.198588956147432 0.1987424261868 0.176483309268951 0.165139453858137 0.156199000030756 0.187805483490229 0.0295093351043761 0.0813913185149431 0.0553461879491806 0.0286581681109965 0.214939654618502 0.244806660711765 0.0300470168702304 0.0309992920607328 0.119679908826947 0.245694260299206 0.034084989875555 0.0334367029368877 0.0337288485839963 0.176096294820309 0.0666068449616432
0.0113617930146575 0.00120456586924695 0.000978578478723846 0.000359964940946267 0.000999558557400659 0.00189200954746307 0.197054076194763 0.732204274833202 0.00357384950420965 0.99973224401474 0.168657455593348 0.304026781022549 0.118004162237048 0.160384629666805 0.126027071103454 0.153016659617424 0.177658026665449 0.0748760255053639 0.137297413498163 0.175241937488317 0.168621247261763 0.139029865711927 0.13901821821928 0.115736142173409 0.49272848367691 0.240738433599472 0.0272245462052524 0.31220084130764 0.0280491692945361 0.0284211514517665 0.0277946534566581 0.0553275786340237 0.0287689249962568 0.0289058452472091 0.0287600815296173 0.220303404331207 0.0289396869018674 0.249014413356781 0.0309821246191859 0.174526245519519 0.0313401527702808 0.0615441659465432 0.0307660182006657 0.030244489107281
0.265946784848347 0.0676269384101033 0.0296272135805339 0.150229594111443 0.08851277846843 0.0333781961351633 0.0380300682038069 0.0123510029749013 0.00510716644366767 1.72880370998829e-05 8.62456287671343e-05 0.0479003148153424 0.140796444192529 0.124544600583613 0.151378263533115 0.120110431313515 0.158710876107216 0.130231197178364 0.11266764588654 0.116693104803562 0.128009328246117 0.137134461849928 0.1531508885324 0.170416767150164 0.21411040648818 0.176106158643961 0.159613971784711 0.206497623026371 0.189886414259672 0.510813787579536 0.629873606562614 0.0260117385536432 0.0271914905868471 0.0978500436991453 0.13458620198071 0.0269160739146173 0.138936101272702 0.227496623247862 0.296537380665541 0.0289005307480693 0.0288764859549701 0.0282465670257807 0.0287129724398255 0.0298567458987236
0.0759430491365492 0.0933829165995121 0.450598841905594 0.269613453745842 0.0771491959691048 0.000281438132890344 0.0897531820461154 0.00283252006809107 0.0251587997505226 0.0118539752612378 5.06479402349491e-05 7.2918061033711e-09 0.0017065008732061 0.09243298843503 0.150401298701763 0.112577075324953 0.0983996484428644 0.124178412929177 0.10593583099544 0.270048489421606 0.870255225896835 0.151467948406935 0.101832957006991 0.189171656221151 0.15322681106627 0.0260609566234052 0.188179665058851 0.168417109549046 0.16597653478384 0.199650267511606 0.0462638542056084 0.0504015451297164 0.185205722600222 0.13491942808032 0.139395359531045 0.0266748682595789 0.140241045504808 0.208130435831845 0.168025355041027 0.141242980211973 0.101235018670559 0.0276899825781584 0.0562775384634733 0.0297437371686101
0.101835509389639 0.0782032620161772 0.167038693279028 0.18392167314887 0.271153520047665 0.312333261966705 0.00922228295821697 0.00264203319311491 0.000583717056588284 0.000926234523407299 0.000645844958114417 8.49838621697074e-10 9.42252953439748e-10 0.000154282134194139 0.106622230727226 0.0623684857040644 0.134557309374213 0.0884556125849485 0.145252553373575 0.115527791902423 0.440548242628574 0.111093570664525 0.180008376389742 0.193930651247501 0.115693573281169 0.0235679073259234 0.0252573193050921 0.0262561854440719 0.0253870193380862 0.166893497854471 0.348459662497044 0.122131942212582 0.12504700794816 0.179184343665838 0.190451399236918 0.11934380941093 0.127188013494015 0.0503466134890914 0.0254447721410543 0.0255533202551305 0.0264817995019257 0.0268467309884727 0.132936511188745 0.124216611683369
0.0785265080630779 0.131384878978133 0.109324135631323 0.1105184558779 0.07701196083799 0.0704965491779149 0.170322056114674 0.0539206718094647 3.84227011098748e-05 8.57747162186229e-10 3.85732156216179e-09 7.67505764498466e-09 8.3285266461175e-10 8.52601422796084e-10 8.97171348324122e-10 1.50314652735406e-05 0.0557914238423109 0.0786839051172137 0.13324375860393 0.123906414955854 0.0971526846289635 0.158160383999348 0.0979519356042147 0.148947309702635 0.143777999281883 0.0903436157852411 0.12797812409699 0.150584757328033 0.167070725560188 0.0993860602378845 0.0952900486066937 0.689933288097382 0.165654508769512 0.105435247533023 0.10839486643672 0.0569200835889205 0.457372615486383 0.179162482172251 0.0292635161429644 0.127284974604845 0.1230125579983 0.127926460653543 0.175215825438499 0.0779189969412983
0.0806408070027828 0.0669311428442597 0.0719329814426601 0.0754124987870455 0.0962479507550597 0.0862147768959403 0.0882049825042486 0.0833594370633364 0.0519771346822381 0.0923794477246702 0.000532514294900466 0.000524438512942993 6.6747668170386e-09 5.40159478368274e-08 2.23854797254397e-07 0.0620553090237081 0.111651780456305 0.113663167133927 0.0777863252907991 0.114886987954378 0.129282085597515 0.139462204277515 0.128132553398609 0.132111072167754 0.0876583246514201 0.0907525967806578 0.14700882807374 0.0873477715998888 0.202727717906237 0.124477694183588 0.125877848640084 0.128640662506223 0.106719884648919 0.100679897889495 0.120980605483055 0.119623842835426 0.0775598702952266 0.0431178087368608 0.110649329796433 0.152200660854578 0.108566965907812 0.105077040940523 0.0198665379546583 0.141000140830874
0.119713757373393 0.0630631096661091 0.0633212334476411 0.0604056730400771 0.0534185370488558 0.0477400457020849 0.0631564735434949 0.066073933430016 0.0695988377556205 0.0640073172748089 0.0982366507872939 0.0437090532155707 0.00519069098081673 0.0494338713819161 0.532595352828503 0.255771869421005 0.0734651541337371 0.10341854840517 0.112547175958753 0.116134132444859 0.0955906722694635 0.127666578069329 0.121994783729315 0.126784884557128 0.0795538248494267 0.0987304512411356 0.24742114841938 0.0241228894330561 0.151998711377382 0.146667661517859 0.147373622655869 0.121550495177507 0.134202604368329 0.127845913916826 0.157985120266676 0.0839368287473917 0.113901989907026 0.102529641613364 0.126105720549822 0.153252989798784 0.141137406229973 0.0179879536153749 0.0175356073770672 0.135589775070548
