Scripts_&_data/Maxent_result_files_1/Bombus_patagiatus_3.asc
NCOLS 594 
NROWS 330 
XLLCORNER -15 
YLLCORNER 23 
CELLSIZE 0.166666666666667 
NODATA_value -9999 
[rows 80 to 99 of 330, columns 225 to 269 of 594]
-9999 -9999 -9999 -9999 -9999 -9999 -9999 -9999 -9999 -9999 -9999 0.00070155066953248 0.00229965113030636 0.00408638867382503 0.0130617875904417 0.133577501075418 0.000850097988359266 0.000417173638481927 0.055259322946072 0.00421961053514849 0.00802298267070561 0.0379968971529934 0.00889006714803872 0.00155205815652292 0.299949047855114 0.212775776488706 0.000331723326939226 0.000618056918317933 0.00233340454493088 0.00245695700956587 3.9987647344808e-06 1.0314393658728e-05 7.40716734200397e-05 0.000124085839585142 3.22269686771182e-05 2.31152571470106e-05 0.000118341064089833 1.65754383774086e-05 4.83692529679169e-06 4.59819909490733e-06 4.20884748719708e-08 0.00584195652667671 0.00280790929746388 0.000177164356390369 0.00451925602654087
-9999 -9999 -9999 -9999 -9999 -9999 -9999 -9999 -9999 0.00334402304338255 0.0210980484029278 0.00766324805018221 0.00366803536456638 0.01992091619342 0.0293432147733832 4.68574703740288e-05 3.94021839355219e-05 0.0257175469703346 0.0675139706005716 0.0118483547841679 6.28545279013792e-05 0.000869822987806423 0.000631349013372084 0.639322485018533 0.00377119834274714 0.000326973429143962 2.74658074062017e-13 9.21044428059403e-08 4.87887023712386e-05 3.94910969503837e-05 0.000102155777034341 8.06613604353856e-07 4.08359737404496e-05 0.000208842377855944 4.48015221127251e-06 2.62967287857352e-06 2.56441665945628e-06 0.000327143768931726 0.000400547142180607 4.32968999763972e-08 0.000166559059737736 0.000101705232807259 8.96077355851954e-06 3.31066018037229e-05 0.000250012266144806
-9999 -9999 -9999 -9999 -9999 -9999 -9999 -9999 0.00229707832513668 0.0500948452750232 0.000989819064852782 0.0010739971693738 0.00624121185761144 0.00197276131830225 2.66171738374066e-05 0.0059377335979255 0.018305471574473 0.00319246154494977 0.000432375156105991 0.53677213696792 0.00137203268873236 0.00199385389264535 0.00850674542812887 0.00427480811886242 0.000153035979221627 0.0131433432506738 1.84334707762246e-05 1.84317864526662e-08 9.9967811806323e-13 3.56036368853729e-07 0.000522529595224341 0.783881272096187 0.00712193796171101 0.00482639850797572 0.00104987915979111 0.00031647368443829 0.000500860293505689 0.000501777282727656 0.00044539046209594 0.000372032948189371 7.00331537202281e-06 1.12802188592998e-05 4.07729683932212e-06 2.38241946203033e-05 0.000233239357925241
-9999 -9999 -9999 -9999 -9999 -9999 -9999 0.00219520728533098 0.00161855243013633 0.00213355213627439 0.00102849866125329 2.72303090391279e-05 0.000122528651003506 0.0004976664317212 0.0091622653350802 0.00303453314554886 0.0018840871048269 0.0185181966314118 0.000334916479629044 3.70216332818529e-05 0.0279995492916896 0.0068883831731276 0.00822435936861471 0.548656359847519 0.0075114266512015 0.300404689112565 0.00424156944791469 0.00462212244475494 0.0738833980867783 0.00782601953430229 0.0162411050311111 0.00116705754481705 0.00104470116157697 0.000104455904615719 0.0177017159968853 0.000319676459200657 0.000383425565252082 0.00116900447839445 0.00082752124790213 4.01881827667427e-05 0.000244638527626151 9.85633961949617e-06 0.0188791192458131 0.000525206134466316 0.000209459821155633
-9999 -9999 -9999 -9999 0.000125040784391928 0.000396870439021768 0.000965472539883194 0.00576964118445221 0.00233219766855655 0.001555591513943 0.000931301358377823 0.228969756513834 0.020659431737374 0.0203846196530956 0.0060030726005613 0.000155333484904219 0.0309002841379327 0.00260515039371967 0.0833207100076834 0.0113824362237759 0.0101798520698591 0.010531582025605 0.0173945578892084 2.28767344376379e-05 0.0284918934926282 4.00310736164755e-05 0.0625438912422412 0.00527151018323087 0.00818453475662283 0.005481231313753 0.000196291358548706 0.0452707883240699 7.28097721587329e-06 0.0868245711431882 0.000434832898873205 0.00359873559796454 0.00237972166729112 0.0325737034943303 0.000986214126901908 0.00418040780641604 0.000162024428084351 7.97218103599562e-05 2.39476322533738e-05 4.90458957926876e-05 0.000527804681041744
-9999 0.00146616107449519 0.000477168967097441 0.022676947941165 0.000286608228805108 0.000669429945708089 0.00141737179492338 0.00185654357774209 0.00884887052943009 0.0120936355750066 0.000567560897712838 0.0221787791789925 0.0770474070919105 0.0230813128374494 0.0177455904391928 0.0413182067309059 0.0358485434787147 0.00295646997838124 0.00703363055270166 0.00120165064507773 0.00402805024314149 0.174545256892338 0.00788213555433837 0.00279470550913175 3.05580846929665e-05 0.0131095801305516 0.0661070518602567 0.000119628371245994 0.00310300818819093 0.00146920088895968 0.0661313039367161 0.00497845796819084 0.195043328956457 0.0597308359314635 0.0022526498552048 0.00172258335407029 0.010220157032226 0.00791152335612292 0.0192492285389794 0.00603583269589054 0.0217443982186098 0.000446988413341387 0.000141957297068984 0.000264134805206595 0.000630685934675057
0.000493620890483726 0.0171400727750099 0.00303371638783574 0.00271116421299669 0.00107594565097315 0.000790699412232243 0.00100932555815234 0.00146521549559111 0.00590508613513557 1.13495084195669e-05 0.00803841179076728 0.00591951946698845 0.00487581303832513 8.35618934491578e-08 0.000140558280646452 0.0456410404631055 0.0726177954691742 0.189956475051056 0.0164680209636358 0.00212615250147792 4.9719720141006e-08 0.000301009718401701 0.00168622977157612 0.00506470488040458 0.00635904585433333 0.00190437261053376 0.00664142451387307 2.06020217066616e-05 0.0199654357285029 0.000943329940668036 0.134951639082345 0.00230257932798852 0.0019445626858216 0.00190109842151813 0.0468979513118398 0.00265851039441817 0.00167378077023369 0.0042267669953597 0.321427769193269 0.00234562427870694 0.00675559016527274 0.00128116984979075 0.0546336629534264 0.000227648547672743 0.000104754458027401
0.00195167434349059 0.00522647876168796 0.000667488514022807 0.000642406520228178 0.000333022586437437 0.000463990669459236 0.000325663886044936 2.16570494517399e-05 6.81105455543118e-05 4.35306051116857e-05 0.523634978872212 0.0176599284065727 0.0266960680759447 0.000404466086797584 0.00468696789467021 0.00433810230897879 0.0101928001538953 0.000132020425661494 0.000198879084453907 0.00282606932087225 0.00397078081005067 0.0042406608976356 0.00293361215190091 0.00203715024181292 0.000750051111356242 0.00449811322032543 0.00144550849686311 0.00425553361150904 0.0229152084390979 0.0702218518360156 0.00205952487995097 0.00580931958247727 0.00270436007424896 0.255000273204098 0.0120794730129967 0.00482217607066365 0.00226341055532981 0.0176697426484627 0.00228679249560058 0.0158050379876034 6.16925103225086e-09 1.2391269899048e-08 4.58943238192511e-05 0.00152070235667452 0.0436278724613417
0.00518778306459495 0.0064184168927466 0.0135444791356374 0.00973270284849239 0.000453226184680489 0.000498019077139134 0.000190261958013593 5.34023641757142e-05 0.00265009122195017 0.00245166217137066 0.00920591801212575 0.0110119811393898 0.000267386165523931 0.0177384037912295 0.0133624748212511 0.000360506584200948 0.00448003631536347 0.00390311474111866 0.00111360125956708 6.69912841754217e-06 0.00096750456823429 0.00372537304137961 0.00173029464199317 0.00322809406497983 2.4388797978947e-07 0.000270451370387548 0.00404234638190305 0.00410873182736938 9.27814845381736e-06 0.000917147448421929 0.00268879935611429 0.00137719985727927 0.00622859405775675 5.5355930592782e-05 0.0016674821679774 0.00216086361906656 0.00304499169287856 0.00112377747864864 0.000570405478288216 0.00138309113627398 0.10798280457725 6.67226280781641e-08 8.17023892984992e-11 1.88806381640205e-09 2.2615131989312e-10
4.31751590078022e-05 0.00980188316301427 0.00392739289470513 0.00297187251910017 7.1212920338759e-05 0.000919770000655296 3.71008404797202e-05 4.05831538122792e-06 0.0294783129027048 0.00265943812191864 0.0211510247478633 0.0126786370944912 0.0260818677441064 0.00348847669702141 0.0024135008245147 8.79943331966615e-05 3.35658419964968e-05 0.0013616126893794 3.26288318731605e-06 5.2073468031999e-05 0.000563234990622696 0.00416980672489544 0.00294425618594693 0.00118744046494612 9.68587798855225e-10 0.0125586713984403 0.00363903996949404 0.00366502893594032 0.00271043394213848 4.15478026817961e-05 0.0326546029849027 0.0011038878450339 0.000184229225010313 0.000224069642240465 8.22028258884444e-05 0.0359506067746837 0.00320829692864925 0.00240274573226228 0.000657246772152698 0.00035437948502024 0.000549504953232882 0.413287625671364 0.00133956534755271 0.00237502793388624 9.82079753075738e-09
0.00631751439607584 0.00301108021943185 0.0325960638490075 0.0586299668808351 0.00923725157405828 0.000197427685934315 0.000821075388989845 0.0126650897099674 0.0321590926342708 0.00273123808965512 0.00202083622389205 0.0103980954436119 0.00178395114671737 0.00158075091794672 0.00315272939951696 0.00328130664074762 0.000346419946316701 0.00047833121484474 0.000480295302804745 0.00173537722403149 1.01522322011327e-06 1.11716322603872e-07 0.000681408600735267 0.00380308794265163 5.50311890181066e-05 1.6899336212306e-05 1.64391253709706e-06 0.00149929847284511 0.004418230097512 3.28999627327242e-05 6.18801892827703e-05 0.000183341742785692 3.3978929520595e-05 0.000386256912702276 0.000655557314985344 0.00249754094547829 0.00831789352030267 0.000192837122617107 0.00167339494001105 0.00452010881712575 0.00443946974705641 0.802314888685942 0.00203983955188392 0.000386807713866943 0.00234481230438045
0.00362823922594304 0.0318184318922349 0.312419258803129 0.000258171420750841 0.00142449551467877 0.00297567441066553 0.016133491798234 0.00080474864953437 0.00152469637632762 0.000797540968346766 0.00603249249425287 0.000889572166715913 0.000300913075705023 0.00254460658852632 0.00277447505923197 0.00462915296104974 0.000501989844588213 3.93194069429281e-05 0.000653278297249926 0.000818889661877631 8.99125536002465e-07 0.00267100908677095 0.000119527994622359 7.39706637187254e-07 5.74267335298195e-06 1.18659396910137e-05 9.00827329175513e-08 0.00273776587309843 0.000792844454372399 0.00250747842728769 0.00819774962510591 5.51780177104888e-11 1.13481472702515e-05 2.7864662259125e-05 0.000323526326273793 0.0013730440134168 1.61009725285766e-07 7.32214134038234e-06 0.00141901306524913 0.280192507528352 9.1029371040996e-09 8.7451530025362e-05 2.14961659644741e-06 4.13081509442748e-08 0.00486989004131074
0.00954505014365825 0.0522135818305287 0.00132118634538203 0.00705007313527098 0.000748245060106001 0.000748522525327666 0.0170175643346441 0.00180497496049175 0.0015220462477374 0.0013770595922324 0.00178019674276584 0.000688426259785058 0.000273430288962118 0.000702956152417777 0.000641992798546209 0.00129395814710739 0.00221987857758001 0.000418815401951633 0.00145860312932219 0.0002690525042226 0.00104489845298331 0.00230799942701201 0.00190401597037637 0.000182967636556697 1.98727365576801e-06 0.00311896539242388 0.00337515096398493 0.00318243442998287 0.00119642422932884 0.000872556342710595 0.00107504763382167 4.10529440163288e-05 0.00281033996834633 0.000464540118639434 1.25050460531018e-07 0.0145147091300469 0.0019370181798877 1.16688355413341e-05 8.25095324621827e-05 0.0032678563839003 3.54079600350943e-07 0.00881792031336774 0.0017150206699891 0.000283826219962879 0.866432967782021
0.000204359873208659 0.000157600579686346 0.0363129031453802 0.0349566731439371 0.000974143408802819 0.00203910725213359 0.00537839975783714 0.00119123000449691 0.000679124043062995 0.000450973170677571 0.000233135000121365 0.000624551035366494 0.00131692773293257 0.00105721207955869 0.000307534095713902 0.000528703669897379 0.00129622586136975 0.00186559692128871 0.000990014720991905 0.00356658587552942 0.00148419450624734 0.00440916116422205 3.60234336581833e-05 0.0356848928961255 0.00148340949235718 0.00143554840433356 0.000558862583739073 0.00177422948909226 0.0036076657244853 0.00428748977938322 0.000144596658546448 0.00259878459910436 1.04073763769197e-05 0.00213885004996313 0.00111130208078996 0.00112035231650297 0.000426208642056736 9.62666242772414e-05 0.00192531098546327 0.00189488062133026 4.66364212496906e-06 3.5147423194104e-09 8.92300418664505e-08 3.57202045719873e-12 0.000194300731894259
0.0100481185417445 0.00129597605928217 0.000241403216614344 0.000649761834097262 0.00143117847642316 0.000467356833905797 0.00151237772397516 0.000228525885358977 0.00107314756728558 0.00062637136925332 0.000148924919233195 0.000585080369205582 0.000729325701740891 0.000436920606841795 0.000381480898818165 0.000343191988622504 0.00138693688595601 0.0019084178014965 0.00150139684811026 0.000551917780103406 2.0740276306741e-05 0.000615946883681329 0.00193349018500157 0.00213008135197018 0.00239472926114118 0.00187819790508003 0.00221441006597194 0.00720764824081388 0.00321278894334751 0.0041009049680736 0.00129999438076993 0.0110344926684451 0.00356707211276686 6.02693128378462e-05 1.20438163674352e-06 1.68209401582242e-05 5.35340596749645e-05 0.000360470637156141 0.000505932753731075 0.00182076795772581 0.000108010233449818 1.87646231886163e-11 6.41903909759378e-07 4.22629110059969e-05 0.00149723531249037
0.0069535500523903 0.000489274954861685 0.000318868346835188 0.000398325464561833 0.000677522830164889 0.000163066619046504 9.98481707284782e-05 6.23868668824912e-05 0.000221885341818506 9.57016004132782e-06 0.000439458261939762 0.000488736264355794 0.000739634228602881 0.000965050745116969 0.000409332508024829 0.00175926741894729 0.00184747207313425 0.00156087519389989 0.000308714519962905 1.17235948138283e-07 0.000790396429897555 0.00123058783465247 0.00151068038176575 0.00144287277553303 0.00204758462186887 0.00160628534886201 0.00255305063256014 0.000306662376544864 0.0011670611504089 0.00266657446527461 0.0026075723475517 0.00204151837460818 0.00142580618648936 3.71582558374994e-06 0.000231214282496239 1.09366644074349e-08 4.19266843465493e-12 1.05320663329245e-05 0.000944993595430788 0.00233737362323172 0.000443455590050235 3.59650981562876e-07 0.000404734795165496 0.00115807105503336 3.01778633493566e-07
0.000609733278383828 0.000608475906619788 0.000798499603320124 0.000534345222945376 0.000219590346137011 0.000107810906888517 8.31629809141532e-05 0.000154213329693675 4.21222102602314e-05 0.000302929703263999 0.00159839188791032 0.00146047777889242 0.00111827815344444 0.000915350250170466 0.000993190103508834 0.0181398276431924 0.00294425458816816 0.00054113964087037 8.38676028624974e-10 0.000785599242954083 0.00206902481222646 0.00103637640968373 0.00191480255998752 0.00120734061574698 0.000122117519190112 2.99445579864166e-05 0.000856778396155278 1.40307342818113e-05 0.00273631497111672 0.00167353883243783 0.00185243176310934 0.00141117390394397 0.00254104125015173 0.00272870531080116 0.000965211626589746 0.00185192952121787 0.000340661103905404 1.18267086491874e-06 0.000304554730837481 0.00316639242009877 0.00230100942881173 4.00385280485693e-11 8.01906319125578e-12 8.15066722922309e-05 1.58305304253203e-05
0.0231182971244243 0.000156264650706817 0.000436801646253571 2.68267196703142e-05 0.000727216805626085 0.000686021735077702 4.68166997052988e-06 1.65263833840079e-08 0.000429215806821048 0.00482245693450835 0.0010478314013212 0.0380082505397223 0.00420518132233271 0.00143516415796513 0.00076622575793408 0.00614043867019066 0.000518603632178838 5.38824481588485e-08 1.98522134842172e-08 0.000462613278460822 0.00137022994040309 0.00110944477537487 5.18458001089961e-05 0.000596226867696714 2.36461046132508e-07 4.70059964285952e-09 0.000301217245191765 0.00136536314594196 0.0918896036143867 0.00218904650428225 0.000833111843076051 0.00184253330371582 0.000912952514909193 0.00104073507627626 0.000947129470932873 0.00046867029213904 3.47280070922551e-08 2.30685114344098e-09 3.75303521593651e-10 1.01067125947374e-05 9.89142021290412e-08 1.41911402329331e-06 0.0031057181680808 0.0560140506054488 1.23291620513388e-05
0.000231434560265598 0.00069139351935521 0.000621392676589494 0.000870225708376893 0.000352929762118492 0.000556666326929189 0.00106448708422704 7.63904026479523e-08 0.000871565559032217 0.000263461912709317 6.97171025610288e-05 1.73028871941483e-07 5.85023544384722e-05 0.000988645212555639 0.000701895856082047 0.00101937335366529 5.34025965497342e-05 2.85729429005954e-10 9.51671990101488e-09 0.0975117642817776 0.00137871124652535 5.07013323003402e-07 0.000726531911755046 0.000331837429337156 0.000238554554204029 0.000602406830626023 0.000867272216646597 0.00184891068965967 0.0013769820314341 0.00128873833955367 0.000860564371032579 9.81062970765167e-06 4.18542501448016e-06 0.000250192824847772 1.8150090030844e-05 0.000126230440548625 6.33586324046975e-06 0.000987825480661098 0.000422061782910532 6.12757332973501e-05 0.000779695592837015 3.23108946242545e-05 0.000234702319210101 0.0035083444279739 0.00209585342600763
0.000581656530357577 0.00119608880813801 0.00126434821777548 0.000694814985831782 0.000133631551025815 6.67179738016443e-05 6.86994412213426e-06 0.0176950082311773 0.013092848859751 5.81383303577376e-05 0.000914486977390538 0.000850428035596451 0.000520509814816705 5.86077962634324e-06 0.00018978333940538 0.000540630077921378 5.79318275857332e-05 4.55591120385179e-13 8.79047449902082e-06 0.00135948403294877 0.000830967291972229 0.00133629462216177 0.00209676796039527 0.00896439121024835 0.000198176474384582 0.000725579594745795 0.00105471419292381 0.000345928707611165 0.000268727872162344 0.00037667885612791 2.18200880796715e-05 9.54812547776518e-06 1.30514552498795e-09 5.05919284243816e-10 1.62509141365952e-08 5.13662606323351e-05 0.000646428761320361 0.000528538782418764 0.00124326048935484 0.00143738092392642 0.00213151607495095 0.0015095051663593 0.00276885827297594 0.00369918966316853 0.0032158486414263
