Scripts_&_data/Maxent_result_files_1/Bombus_lapponicus_3.asc
NCOLS 594 
NROWS 330 
XLLCORNER -15 
YLLCORNER 23 
CELLSIZE 0.166666666666667 
NODATA_value -9999 
[rows 140 to 167 of 330, columns 448 to 511 of 594]
0 5.44009282066327e-16 0 1.13242748511766e-15 0 0 0 6.55031584528842e-16 0 2.22044604925031e-17 1.11022302462516e-17 0 0 1.11022302462516e-17 0 0 0 0 0 0 0 0 0 0 0 0 0 0 0 0 0 0 0 0 0 0 0 0 0 0 0 0 0 0 0 0 0 0 0 0 0 0 0 0 0 0 0 0 0 0 0 0 0 0
3.33066907387547e-17 0 1.35447209004269e-15 0 0 0 4.02122779519232e-14 0 0 8.88178419700125e-16 0 0 0 0 0 0 0 0 0 0 0 0 0 0 0 0 0 0 0 0 0 0 0 0 1.11022302462516e-17 0 1.11022302462516e-17 0 0 0 0 0 1.11022302462516e-17 1.11022302462516e-17 0 0 0 0 0 0 0 0 0 0 0 0 0 0 0 0 0 0 0 0
0 1.99840144432528e-16 0 9.43689570931383e-16 0 0 3.31068505943222e-14 0 0 0 0 0 0 0 0 0 0 0 0 0 0 0 0 0 0 0 0 0 0 0 0 0 0 0 0 0 0 4.44089209850063e-17 0 1.11022302462516e-17 1.55431223447522e-16 6.66133814775094e-17 2.22044604925031e-17 0 0 0 0 0 0 0 0 0 0 0 0 0 0 4.19664303308309e-15 0 0 0 0 0 0
0 0 0 0 0 0 0 0 0 0 0 6.43929354282591e-15 0 0 0 0 0 0 0 0 0 0 0 0 0 0 0 0 0 0 1.11022302462516e-16 0 0 0 0 0 0 0 0 2.1094237467878e-16 0 0 0 0 0 0 0 0 0 0 0 0 0 0 0 0 0 0 0 0 3.83548748317253e-13 7.48060857702626e-10 0 0
4.44089209850063e-16 0 0 0 0 0 0 0 0 0 0 0 0 0 0 0 0 0 0 0 0 0 0 0 0 0 0 0 0 2.77517557822904e-09 0 0 0 0 0 0 0 0 0 0 0 0 0 0 0 0 0 0 0 0 0 0 0 0 0 0 0 0 0 0 0 0 0 0
0 0 0 0 0 1.11022302462516e-16 0 0 0 0 0 0 0 0 0 0 0 0 0 0 0 0 0 0 8.88178419700125e-17 5.55111512312578e-17 0 0 0 1.22124532708767e-16 7.31049827340513e-09 0 1.77635683940025e-16 0 0 0 0 0 0 0 1.88737914186277e-16 5.55111512312578e-17 0 0 0 0 0 0 0 0 0 0 0 0 0 0 0 0 0 0 0 0 0 0
0 0 0 3.21964677141295e-16 0 0 0 0 0 0 0 0 0 2.22044604925031e-17 0 0 0 0 0 0 0 0 0 0 0 1.21005679698527e-08 0 0 0 0 2.22044604925031e-17 0 4.13287543077345e-08 1.11022302462516e-17 0 0 0 0 0 8.88178419700125e-17 0 0 0 0 0 0 0 0 0 0 0 0 0 0 0 0 0 0 0 0 0 0 0 0
0 0 0 0 0 0 0 0 0 0 0 0 1.11022302462516e-17 2.22044604925031e-17 1.23234755733392e-15 2.77191825048817e-11 0 0 2.88657986402541e-16 0 4.70734562441066e-15 0 0 1.11022302462516e-17 0 2.06501482580279e-15 0 0 0 0 1.11022302462516e-17 1.8283986280565e-08 4.12919999304151e-09 1.11022302462516e-17 0 0 0 0 0 0 0 0 0 0 0 0 0 0 0 0 4.44089209850063e-16 1.11022302462516e-17 0 0 0 0 0 0 4.44089209850063e-17 0 0 0 0 3.33066907387547e-17
1.11022302462516e-17 7.43849426498855e-16 0 1.11022302462516e-17 0 0 0 0 0 1.11022302462516e-17 7.7715611723761e-17 0 9.99200722162641e-17 5.10702591327572e-16 4.15112388907346e-14 2.06333838903561e-12 0 2.22044604925031e-17 0 2.12052597703405e-15 0 0 6.66133814775094e-17 8.70305195954657e-07 3.57237663894949e-09 2.22044604925031e-17 0 0 5.55111512312578e-17 8.73456862393596e-13 0 0 0 2.33146835171283e-16 0 0 0 0 0 0 0 0 0 0 0 0 0 0 0 0 0 0 0 0 0 0 0 4.10782519111308e-16 1.37097364416583e-07 0 0 0 8.94506690940489e-14 1.12345091954902e-05
0 0 0 0 0 1.27287069773274e-13 0 0 0 0 1.22124532708767e-16 3.83026943495679e-15 1.11022302462516e-16 6.43929354282591e-16 6.66133814775094e-17 1.11022302462516e-17 1.11022302462516e-17 5.99520433297585e-16 2.22044604925031e-17 2.22044604925031e-16 0 0 3.91065142490987e-09 4.6240906871331e-07 7.16573467229864e-12 7.27358995256111e-10 4.67676492310609e-08 7.7715611723761e-17 6.77236045021345e-15 7.30367610835003e-09 6.76542314392847e-09 7.60642538955025e-09 2.64017585571708e-11 9.99200722162641e-17 0 0 0 0 0 0 0 0 0 0 0 0 0 0 0 0 0 0 0 1.11022302462516e-17 0 0 6.66133814775094e-17 1.11022302462516e-17 0 0 0 0 0 0
0 2.22044604925031e-17 0 0 1.11022302462516e-17 2.22044604925031e-17 3.39728245535298e-15 3.99680288865056e-16 0 1.66533453693773e-16 1.11022302462516e-17 8.7101437173942e-12 0 0 1.11022302462516e-17 1.11022302462516e-17 3.79696274421804e-15 4.44089209850063e-17 9.99200722162641e-17 2.11390904780728e-12 0.00177610541610425 0 0 1.11022302462516e-17 3.70468100641119e-11 1.36173962106412e-09 7.44423411802586e-11 1.220970745619e-08 2.09767691439211e-08 2.72796230049721e-12 7.02704561206247e-13 1.9947055118763e-11 5.7671085406108e-07 6.97048974096504e-11 0 0 0 0 0 0 0 0 0 0 0 0 0 0 0 0 0 0 3.33066907387547e-17 5.55111512312578e-17 0 0 0 0 0 0 0 0 0 4.35207425653061e-15
7.7715611723761e-17 0 0 0 5.55111512312578e-17 2.1094237467878e-16 6.66133814775094e-17 1.11022302462516e-17 4.44089209850063e-17 3.04167802056554e-13 1.11022302462516e-17 1.47354864088456e-07 1.14459761668684e-09 1.31006316905768e-15 1.26480174111876e-09 2.34923192010683e-14 1.87516668859189e-14 2.1329582544638e-11 1.06125286336578e-10 1.81926806952504e-11 1.11022302462516e-17 2.35027375339314e-10 7.66053886991358e-15 1.04942499135063e-11 1.05261721672356e-08 1.22917342970652e-11 7.00619562366001e-12 1.6904261768147e-08 1.28168834101494e-08 1.69439229313895e-09 1.86073378927176e-14 0 8.37401298303675e-09 6.82882950187036e-10 0 0 0 0 0 0 0 0 0 0 0 0 0 0 0 0 0 0 1.11022302462516e-17 0 0 2.77555756156289e-16 0 0 0 1.11022302462516e-17 1.11022302462516e-17 0 0 0
5.75095526755831e-15 3.33066907387547e-17 0 0 1.18793863634892e-15 6.66133814775094e-16 1.71097886969562e-09 1.16573417585641e-15 5.79536418854332e-15 8.65973959207622e-16 3.5527136788005e-16 1.11022302462516e-17 0 2.29971597320855e-12 1.78836259578929e-08 5.46634996301254e-07 0.362237669629696 0.00991741362614606 6.42073694212542e-09 0 1.70776119245986e-08 4.33789670850615e-12 6.55406839911166e-12 1.21700693966886e-10 1.60893312006749e-09 4.83161288755696e-12 1.25899290992493e-14 1.09997884911728e-08 5.5330462767067e-09 1.14686038443779e-14 7.06241150005837e-09 1.36227695790581e-12 1.40998324127395e-15 1.79856129989275e-15 7.7715611723761e-17 3.33066907387547e-17 0 0 0 0 0 0 1.11022302462516e-17 0 0 0 0 0 0 0 0 0 0 0 0 0 0 0 0 0 0 0 0 0
0 0 0 0 1.95399252334028e-15 6.43929354282591e-16 9.02089514198678e-13 4.17110790351671e-14 3.7920293904925e-09 1.83237107709289e-09 3.31388738672445e-10 5.44009282066327e-16 2.59081667230987e-10 4.18665102586147e-14 0 3.83052667141115e-08 5.48757296270352e-09 0 0 4.23313891717569e-09 2.06424007054284e-07 2.19759765940353e-12 2.5157653738006e-14 0 0 0 0 3.61962682049466e-12 8.63451119048619e-08 7.4273920347423e-15 2.6692614785162e-10 0 3.19777537782784e-13 0 1.11022302462516e-17 0 0 0 0 0 0 0 7.54951656745106e-16 0 0 0 0 0 0 0 0 0 0 0 0 0 0 0 0 0 0 0 0 0
2.80660171769753e-09 5.33684207937313e-14 0 5.72875080706581e-15 3.00673095643411e-08 1.71806909865513e-07 4.88259808251179e-08 6.43831060687106e-08 1.28519414631656e-06 0.533222718375667 4.37784902229676e-07 2.06489381149311e-11 6.25625393935181e-08 5.50002710042463e-11 6.78198608383695e-12 4.1195979960662e-11 6.40113917427243e-10 5.3442124059444e-10 2.10720330073855e-14 1.80300219199125e-14 1.69753100465186e-14 6.88572540097354e-09 3.19459692033064e-10 1.62111595258807e-09 2.3037127760972e-14 2.83821743884971e-10 9.49240686054509e-15 8.28226376370367e-15 4.38538094726937e-15 2.16970774680192e-11 9.96980276113391e-15 3.77557074493495e-09 1.77635683940025e-16 2.22044604925031e-17 0 0 0 0 0 0 4.99267294173933e-14 1.62482693966126e-11 0 0 0 0 0 0 0 0 0 5.55111512312578e-17 1.11022302462516e-17 0 2.22044604925031e-17 0 0 0 0 0 0 0 0 0
3.50897089163027e-13 6.12418190026887e-07 1.27865816157424e-08 6.22613631762192e-09 1.2296439200199e-09 4.16498247002295e-10 7.5051861392339e-10 1.66244795707371e-13 1.79170112080129e-10 0 5.70987701564718e-14 4.44200232152525e-14 4.83835194131643e-14 4.56079618516014e-14 1.94001088638096e-08 7.12987446860325e-12 4.88994796982167e-06 2.72004641033163e-14 2.32369679054045e-14 1.77635683940025e-14 1.56097357262297e-14 1.55542245749984e-14 1.53987933515509e-14 1.45550238528358e-14 1.36224365121507e-14 1.0769163338864e-14 1.44106948596345e-14 6.23945339839338e-15 4.45199432874688e-15 5.00710584105946e-15 5.98410210272959e-15 1.03559172348611e-10 4.06341627012807e-15 0 0 0 0 5.55111512312578e-17 8.88178419700125e-17 1.91613391820056e-13 2.99760216648792e-16 6.72434974369196e-10 0 0 0 1.11022302462516e-17 0 0 0 0 0 1.95966620708532e-10 2.22044604925031e-16 3.33066907387547e-17 0 2.22044604925031e-17 0 0 0 0 3.44169137633799e-16 0 0 0
7.46458450606724e-13 3.77040144561303e-07 6.4028782276182e-13 5.17952347678374e-13 2.60422151576734e-07 5.1352255781012e-13 5.4452836684149e-10 3.64885899273304e-13 1.53432822003197e-13 1.00630614952024e-13 5.59996493620929e-14 4.70179450928754e-14 4.32893982793558e-07 5.69655433935168e-14 4.81281681175005e-14 3.8974193657948e-07 3.94129173741931e-14 3.06421554796543e-14 2.31370478331883e-14 2.12163620005867e-14 1.95399252334028e-14 1.64535052249448e-14 1.53987933515509e-14 1.71307412699662e-14 1.81743509131138e-14 1.54543045027822e-14 9.12603326241879e-15 4.86277684785819e-15 3.43058914609173e-15 6.0752458619362e-11 6.33293417706682e-13 5.2097237634996e-11 9.80326930744013e-15 0 0 0 0 0 0 1.35323197092418e-11 2.23899084494938e-08 1.36626265856421e-12 2.68929323254952e-13 2.97761815204467e-14 4.44089209850063e-17 1.63202784619898e-15 2.07611705604904e-15 0 5.77315972805081e-16 6.66133814775094e-17 1.11022302462516e-17 7.7715611723761e-17 0.000314268224452219 1.07719388964256e-12 1.28727963844e-09 1.54082308201353e-07 3.49717482495127e-07 2.88657986402541e-16 0 0 3.77475828372553e-16 5.55111512312578e-17 1.53876911213047e-14 0
1.01606612424754e-05 1.1541191975506e-05 9.09783359759331e-13 6.80733247548915e-13 5.67612623569858e-13 6.10722583616052e-13 6.29963170517556e-10 3.12871950569615e-13 2.85399748278792e-10 5.5573667478992e-08 6.93223256575948e-14 4.7528647684203e-14 4.21995771660022e-14 5.04707386994596e-14 5.27355936696949e-14 4.00651131660101e-07 1.52491583582659e-08 6.09689299047034e-10 4.90727125601609e-10 2.04614103438416e-14 1.85851334322251e-14 1.57222013186242e-12 2.32702745961433e-14 6.87406187527273e-09 1.90292226420752e-14 8.8928864272475e-15 4.44089209850063e-15 3.47499806707674e-15 3.61932706027801e-15 4.07451850037432e-15 5.295763827462e-15 1.94756444305e-10 1.20152998661638e-11 0 1.09801057135428e-14 1.11022302462516e-17 0 5.55111512312578e-17 1.33226762955019e-16 3.13847627886332e-09 2.6661006735651e-12 9.94012211430473e-09 1.11509357303419e-11 1.33226762955019e-16 1.15862874849881e-13 4.44089209850063e-17 8.9754027376987e-08 3.22660909102268e-10 6.63516487309224e-09 6.23349816208929e-11 6.32827124036339e-16 0.000490915760301802 0.343505727444964 5.61199408610769e-08 7.39674987926264e-11 3.00460767377331e-12 9.54791801177635e-16 1.22124532708767e-16 2.36566716660391e-08 2.44249065417534e-16 2.64767336943805e-09 1.02840513882541e-11 1.31228361510694e-14 8.62157489844861e-10
1.32484023751545e-12 9.01645424988828e-13 8.63065174883104e-13 8.73123795486208e-13 7.16060544192487e-13 6.94833079961654e-13 4.00739489537782e-06 3.95192434332614e-11 7.91928078669457e-11 5.15506515252895e-10 2.70575441385645e-08 4.1892045388181e-12 9.36385979866117e-10 3.85210276754311e-07 3.57602836231763e-14 3.04364311531913e-12 1.48472167893487e-08 2.50910403565285e-14 1.83963955180388e-14 1.74527059471075e-14 1.33928423906582e-11 1.20740972775479e-11 1.21458398893992e-14 1.20459198171829e-14 1.03916875104915e-14 7.86037901434611e-15 4.31876756579186e-15 2.69784194983913e-15 2.55351295663786e-15 3.07531777821168e-15 4.69624339416441e-15 1.99797564048865e-09 1.9346746427118e-12 4.071324655186e-09 2.09676254137037e-10 9.58059571676273e-09 3.21221937937821e-12 1.31370436751155e-10 3.06421554796543e-15 1.01181285572238e-10 2.03170813506404e-14 2.69913787787068e-07 2.38267338636966e-08 1.3695925431545e-07 4.00516388276984e-08 4.92237686611219e-08 6.24541196536654e-11 3.67061174122441e-08 4.92853616695932e-08 1.57416417123635e-08 1.99565074465724e-08 2.48223330778785e-11 1.53488333154428e-13 6.4041707892315e-08 1.50768286744096e-13 5.3118449938605e-08 3.55218887637676e-10 1.2679305783081e-08 1.3733466086574e-08 1.04775044196259e-10 3.9561558473622e-10 1.15194139669317e-06 3.00038838219052e-10 2.68562949656825e-14
2.72382116861536e-13 1.31002231285038e-10 1.66766925824291e-09 8.22653056786749e-13 9.06708041981119e-13 5.81268366772747e-13 2.18594951809647e-06 1.68176583770219e-13 1.23279164654377e-13 8.65973959207622e-14 6.42819131257966e-14 3.39415437944357e-07 3.24518190097933e-14 9.86921655510287e-13 2.82107670557252e-14 1.65423230669148e-14 1.99174010617753e-14 1.77968750847413e-14 1.38444811170757e-14 9.88098491916389e-15 6.67244037799719e-15 6.62803145701218e-15 5.57331958361829e-15 7.03881397612349e-15 6.31716901011714e-15 4.27435864480685e-15 2.25375273998907e-15 1.87627691161651e-15 2.70894418008538e-15 2.09832151654155e-15 3.17523785042795e-15 6.15063555642337e-15 3.04150306051909e-08 7.92699239582362e-15 8.81062261148813e-08 4.03426777539906e-09 1.90841042968515e-10 1.19509502294335e-10 2.92089108455684e-10 9.17493375718337e-09 2.12070361271799e-12 2.80442336020315e-14 5.17518916609561e-11 3.56472582785372e-08 8.54760706658908e-14 1.01903856464247e-09 6.27046892187622e-10 1.48952294942717e-11 9.30699961543269e-14 1.31261668201432e-13 1.3908874052504e-13 5.47739631429067e-13 1.60896209688843e-09 1.11588516205074e-13 1.00408570347099e-13 1.07791553460856e-13 1.8869293572088e-09 8.69082583676572e-14 9.88015225189542e-12 8.59867732572184e-14 2.9769376153066e-08 8.10351785673902e-14 1.46760899433218e-08 6.63223920227551e-12
7.42628181171767e-14 1.98718819177657e-13 3.12549985892474e-13 4.84723372551343e-13 7.20756787586652e-13 7.20323800607048e-13 3.91883525630021e-11 1.41031630818134e-13 1.18073202864943e-06 1.0538236949742e-13 7.54285522930331e-14 4.51860771022439e-14 3.42725847701786e-14 2.57127652503186e-14 1.95288230031565e-14 1.9719781363392e-13 9.10382880192628e-15 6.68354260824344e-15 4.52970994047064e-15 4.9737991503207e-15 6.21724893790088e-15 6.3726801613484e-15 6.51700915454967e-15 6.53921361504217e-15 4.92939022933569e-15 5.42899059041702e-15 2.37587727269783e-15 7.66053886991358e-16 8.99280649946377e-16 9.10382880192628e-16 2.08721928629529e-15 2.79776202205539e-15 8.42187682925655e-09 4.37427871702312e-15 5.99520433297585e-15 5.68624369812198e-11 9.31535657500149e-09 3.85624336907142e-09 7.94045307284108e-10 2.25564011913093e-13 3.72762931633019e-12 2.630118345337e-14 2.41908382214717e-11 1.29611369747984e-08 2.88774757439825e-09 3.32165116523342e-09 1.54503482674428e-08 4.72843986187854e-14 6.35158592388052e-14 7.66497976201208e-14 8.80961970040062e-14 1.47167393826919e-09 3.53958468202187e-08 1.06947783962141e-13 1.11632925126059e-13 1.22701848681572e-13 1.9123347305694e-08 1.16689968798767e-10 3.55178831124015e-08 5.92760306361573e-07 5.63781760309912e-07 2.45976235713208e-08 1.79887221563035e-08 5.55555601522428e-14
1.41830991395864e-13 3.39972494600715e-13 1.82442949636652e-13 2.01860750337346e-13 2.75579559172456e-13 3.7443381728508e-13 2.46791476143926e-13 0 1.65711888655551e-13 1.03950181795653e-13 4.67181848762266e-14 3.44613226843649e-14 2.51354492775135e-14 2.55684362571174e-14 1.46105350040671e-14 6.62803145701218e-15 5.6843418860808e-15 5.48450174164827e-15 6.98330282489223e-15 8.81517081552374e-15 9.5368157815301e-15 8.28226376370367e-15 5.63993296509579e-15 4.74065231514942e-15 2.73114864057789e-15 1.79856129989275e-15 1.17683640610267e-15 7.32747196252603e-16 3.5527136788005e-16 3.21964677141295e-16 7.75218778059639e-12 5.16031661845773e-14 5.88418203051333e-16 7.88258347483861e-16 9.88098491916389e-16 1.26565424807268e-15 9.54791801177635e-16 9.27222965074748e-11 2.17423123949345e-10 0.00157619469479392 3.53684859177861e-11 9.2148511043888e-16 8.20743473184393e-12 5.42184075413843e-12 2.28299759097439e-09 8.86188573634428e-09 1.80855330711438e-14 2.33368879776208e-14 3.68593255917204e-10 4.10116385296533e-14 4.92716978328644e-14 6.09179373611823e-14 8.46656078579144e-14 1.58107749115288e-11 1.66072700036324e-10 1.34248168137674e-13 1.092903545441e-13 7.99011505159264e-07 6.67799149312032e-14 8.53507264864106e-12 8.14253109382434e-12 5.19473353222111e-14 4.82280881897168e-14 6.13882278344136e-12
4.84168261039031e-14 2.6549873410886e-13 2.41850983684344e-13 2.16326956348212e-13 1.52100554373646e-13 1.22812870984035e-13 1.34492417203091e-13 1.27264865312782e-13 8.33999536098418e-14 2.34701147405758e-14 2.09721129351692e-14 2.99427149741405e-14 1.83075776760688e-14 1.0547118733939e-14 4.59632332194815e-15 6.09512440519211e-15 5.98410210272959e-15 6.91668944341472e-15 8.24895707296491e-15 4.91828799908944e-15 1.85407245112401e-15 1.63202784619898e-15 4.07451850037432e-15 3.27515792264421e-15 1.84297022087776e-15 9.32587340685132e-16 3.44169137633799e-16 1.88737914186277e-16 5.55111512312578e-17 9.99200722162641e-17 3.32511795875234e-14 8.88178419700125e-17 1.33226762955019e-16 1.99840144432528e-16 1.55431223447522e-16 3.21964677141295e-16 1.54883179614984e-09 1.89404048001052e-14 1.14718345933795e-11 9.99200722162641e-17 1.99840144432528e-16 0 0 2.23295559820258e-10 7.55140394659293e-13 3.97681887420731e-13 5.10702591327572e-15 1.17794662912729e-14 1.64757096854373e-14 2.81885625952327e-14 3.75921516138078e-14 4.90496532279394e-14 8.32112156956555e-14 1.21036514144635e-13 1.18582921260213e-13 8.52096171399808e-14 7.70161712182471e-14 6.85784762310959e-14 4.92383911421257e-14 1.97018134695526e-08 3.75905434801815e-07 5.01043651013333e-14 5.80202552669107e-14 7.27529148036865e-14
3.2174263253637e-14 8.42548253388031e-14 1.97963867520912e-13 1.48969725444203e-13 5.99187366390197e-14 4.53415083256914e-14 6.16173778666962e-14 1.72128977737884e-13 3.45168338355961e-14 1.79745107686813e-14 2.52686760404686e-14 1.91735516352765e-14 8.68194405256872e-15 4.46309655899313e-15 1.89848137210902e-15 1.90958360235527e-15 4.32986979603811e-16 2.1094237467878e-16 1.26565424807268e-15 1.45439216225896e-15 4.21884749357559e-16 4.66293670342566e-16 7.88258347483861e-16 3.33066907387547e-16 2.88657986402541e-16 3.99680288865056e-16 1.66533453693773e-16 3.33066907387547e-17 1.11022302462516e-17 1.11022302462516e-17 1.11022302462516e-17 0 0 4.51111925592329e-11 3.33066907387547e-17 3.33066907387547e-17 1.05652264714706e-11 2.46312215068656e-10 4.21229717773031e-13 8.65973959207622e-15 3.03868041839905e-14 5.55111512312578e-17 1.11022302462516e-17 6.93607538071461e-10 6.78363576422925e-10 5.64186475315864e-12 5.51558798633778e-13 9.28146448586631e-15 1.13020703906841e-14 1.5931700403371e-14 1.96065386148803e-14 3.59268170768701e-14 6.19837514648225e-14 8.95727936267576e-14 7.42406136566842e-14 5.69100322422855e-14 4.15223411209809e-14 0 0 0 3.60489416095788e-14 3.59490215373626e-14 3.59712259978551e-14 3.62376795237651e-14
1.9151347174784e-14 4.75841588354342e-14 2.54796184151473e-14 1.69309011255336e-14 1.58983937126322e-14 1.13908882326541e-14 1.01696429055664e-14 1.0458300891969e-14 6.46149800331841e-15 4.85167461761193e-15 6.18394224716212e-15 2.88657986402541e-15 2.30926389122033e-15 1.58761892521397e-15 5.32907051820075e-16 2.1094237467878e-16 7.7715611723761e-17 1.4432899320127e-16 2.1094237467878e-16 2.88657986402541e-16 6.66133814775094e-17 3.33066907387547e-17 2.55351295663786e-16 4.44089209850063e-17 1.11022302462516e-17 1.11022302462516e-17 0 0 0 0 3.79696274421804e-15 0 0 0 0 0 0 0 2.22044604925031e-17 3.33066907387547e-17 2.75399703042467e-12 0 4.86725548753952e-11 2.48363918320393e-10 3.97470945046052e-13 2.47475373527095e-12 2.96429547574917e-15 2.05391259555654e-15 1.77635683940025e-15 1.83186799063151e-15 3.70814490224802e-15 1.06470388061553e-14 1.53210777398272e-14 8.29379951272635e-08 0 0 0 0 0 0 2.62900812231237e-14 2.62234678416462e-14 2.11719530796017e-14 3.13415959851682e-14
1.21014309684142e-15 2.07611705604904e-15 2.40918396343659e-15 9.54791801177635e-16 1.04360964314765e-15 6.99440505513849e-16 8.77076189453874e-16 9.10382880192628e-16 2.02060590481778e-15 5.21804821573824e-16 3.5527136788005e-16 5.6621374255883e-16 4.32986979603811e-16 2.22044604925031e-16 1.11022302462516e-16 1.33226762955019e-16 5.55111512312578e-17 1.11022302462516e-17 2.22044604925031e-17 1.11022302462516e-17 0 0 1.11022302462516e-17 0 0 0 2.46469511466785e-15 2.06612504882742e-14 0 0 9.35362898246694e-14 0 0 0 0 1.11022302462516e-17 0 0 0 0 3.86841458865916e-10 9.99200722162641e-17 1.80265802285362e-12 1.04771746833876e-13 4.9960036108132e-16 2.11961781459991e-10 5.77315972805081e-16 6.21724893790088e-16 1.02140518265514e-15 6.66133814775094e-16 5.55111512312578e-16 1.45439216225896e-15 4.9515946898282e-15 9.73665592596262e-15 0 1.39943612254001e-13 0 8.26561041833429e-14 0 0 2.5113244817021e-14 4.81725770384855e-14 2.29372076887557e-14 2.20934381900406e-14
3.33066907387547e-17 5.55111512312578e-17 3.33066907387547e-17 7.7715611723761e-17 1.66533453693773e-16 1.22124532708767e-16 7.7715611723761e-17 1.55431223447522e-16 1.66533453693773e-16 1.33226762955019e-16 2.88657986402541e-16 9.99200722162641e-17 2.22044604925031e-17 1.11022302462516e-17 1.11022302462516e-17 4.44089209850063e-17 1.11022302462516e-17 0 0 0 0 0 0 0 0 0 0 0 0 0 0 0 0 0 1.11022302462516e-17 0 0 0 0 0 0 6.66133814775094e-17 1.88737914186277e-16 0.00464646789716694 3.8093639354031e-12 4.08648481720064e-09 3.88578058618805e-16 3.44169137633799e-16 3.99680288865056e-16 5.10702591327572e-16 1.04360964314765e-15 8.99280649946377e-16 1.98729921407903e-15 2.89768209427166e-15 0 1.38888900380607e-14 0 0 9.49240686054509e-15 7.98192867357272e-09 1.33337785257481e-14 1.00808250635964e-14 1.33226762955019e-14 1.01343042269164e-07
1.11022302462516e-17 0 0 0 0 0 0 2.22044604925031e-17 2.22044604925031e-17 4.44089209850063e-17 3.33066907387547e-17 1.11022302462516e-17 0 0 0 0 0 0 0 0 0 0 0 0 0 0 0 0 0 0 0 1.16573417585641e-15 2.44249065417534e-16 0 0 0 0 0 0 0 0 3.33066907387547e-17 1.55431223447522e-16 2.1094237467878e-16 3.99680288865056e-16 2.55351295663786e-16 2.44249065417534e-16 3.10862446895044e-16 4.66293670342566e-16 6.10622663543836e-16 5.88418203051333e-16 7.88258347483861e-16 8.10462807976364e-16 7.54951656745106e-16 0 1.62092561595273e-15 2.87547763377916e-15 0 5.44009282066327e-15 9.05941988094128e-15 1.39555034195382e-14 1.35336186701807e-14 1.0547118733939e-14 1.4388490399142e-14
