Scripts_&_data/Maxent_result_files_1/Bombus_monticola_3.asc
NCOLS 594 
NROWS 330 
XLLCORNER -15 
YLLCORNER 23 
CELLSIZE 0.166666666666667 
NODATA_value -9999 
[rows 160 to 179 of 330, columns 225 to 269 of 594]
0.204281637509121 1.64496054666508e-08 1.05515159942726e-09 2.08494377318402e-10 1.0263355720852e-10 5.7418070298354e-12 2.44353648426454e-11 6.6728733649768e-12 1.65400804164051e-11 4.59685856046832e-10 1.90101379082819e-11 3.82111453589573e-10 2.63671107170183e-10 6.83614014285183e-09 3.37317840326534e-11 8.74620331714482e-10 7.62117424724096e-10 5.73767895133415e-06 1.65868425328064e-08 4.87999307630105e-11 2.17813955760704e-10 4.87126006198935e-11 5.64137625502781e-12 9.37172894843741e-11 1.41607836567914e-12 3.6409402159876e-10 3.07624736017864e-08 1.76529765361089e-08 1.01954666931192e-11 1.29270940618653e-09 5.10026633149252e-09 6.21935014599728e-10 1.26860011384622e-10 2.22508955705081e-10 4.11572648184588e-09 1.56829545239212e-08 4.25019264227444e-10 1.62785641633079e-09 1.2862590992313e-10 2.44901865453784e-10 1.60207835886439e-10 2.2712246527945e-10 5.18289555717644e-10 5.75639069744227e-10 5.00157959493208e-10
1.00388375390281e-09 4.66008953647901e-10 7.00827174071605e-12 1.45394207784477e-10 2.53017118367893e-10 3.74883998288667e-09 3.46354925850889e-09 6.91885770898182e-11 3.33142158304156e-10 1.93226878941743e-11 1.30482291638145e-12 1.86278770186732e-12 3.92712529162509e-10 6.83608725182694e-13 5.30566035550351e-11 8.52184101063358e-11 5.17843745662105e-10 1.59676960542754e-10 2.58006415121415e-09 8.72857341960298e-13 7.14804881951636e-12 6.6902450246431e-11 4.86518603182162e-11 3.51499940265398e-11 1.27249544235042e-11 2.06118899725993e-11 4.89832147065883e-09 2.59326245366509e-08 4.21151113982887e-11 3.24500659676374e-10 5.22365617428022e-09 4.97138774591122e-11 7.50445261488153e-12 6.49564846355588e-12 1.49212864286596e-12 2.03504990636816e-12 3.45898421016955e-11 2.5126678515619e-12 6.26681151416619e-11 2.83779999499245e-11 9.52071310678093e-11 2.15598194852618e-10 6.19339846075206e-10 2.86870860399802e-11 3.6540104275673e-11
1.07559285922321e-09 3.35961813924257e-11 8.40441050087293e-12 1.66692126768453e-10 2.02070660204612e-10 6.15747675070111e-11 5.34482125225111e-11 7.71787078690522e-11 4.74288386342891e-12 2.67631139472257e-11 3.5852290025673e-09 2.71470501633786e-10 1.63155822185956e-11 2.27902263727486e-10 1.65631508508568e-10 1.88730209238486e-10 1.20158745176013e-08 1.07932351944839e-10 1.07753539424493e-10 2.92382229538646e-11 3.74883679654658e-11 9.90694193347963e-12 4.6425241428949e-11 1.88473860962546e-09 1.67708069653827e-12 1.27544051986561e-09 1.00314667683676e-10 6.16325346314284e-10 5.6612627918895e-10 1.58462192256792e-09 5.05477881773686e-12 6.35876906684985e-12 2.1870061317486e-12 1.70710112712413e-12 4.06330524782561e-13 1.35598199335618e-12 2.28356511478012e-10 7.77145570118876e-11 5.50920198350013e-11 6.63432864200786e-11 5.0839776832845e-12 1.30116029062322e-11 1.87985071953278e-11 1.06065715099746e-09 1.45519596372878e-11
3.56467714235365e-09 9.87747550418305e-11 1.63656643792365e-11 1.48991475823479e-09 1.52260237751278e-10 2.87194712456085e-12 3.33942873353976e-12 3.95421473342594e-12 3.29091565109962e-10 5.11236655231784e-09 2.12257855736198e-10 1.26360588659225e-11 2.41886222163146e-10 1.3809193788461e-10 2.12009779732014e-09 1.22951648862113e-12 1.03752540669966e-08 5.61281591426876e-08 6.89242551921154e-11 1.92261651044134e-11 1.69676495076487e-12 3.04165581610505e-12 4.26914059659111e-13 1.0946299422443e-11 2.78016054622299e-11 1.15798481914453e-12 1.59450230796665e-12 2.35871322473713e-12 1.03229647052672e-12 2.31004926298795e-10 2.68824962290637e-12 3.73299169353913e-12 8.12709899378206e-12 4.84002393719152e-11 8.03490607381718e-13 4.081401883127e-13 9.04293306902559e-12 7.09632352879908e-13 1.86160864501517e-11 5.57501822484596e-12 5.52774327422512e-09 7.59295071262045e-11 1.91688775963428e-10 9.21138378795483e-08 1.97672345159106e-10
5.53332648589588e-09 2.62374532766785e-08 2.67318266411465e-09 4.71230632292929e-10 1.14447784582694e-11 8.46518632968696e-11 2.89887447380011e-11 7.50774331592652e-11 4.07364142418487e-12 1.33388522449707e-10 4.01702782149016e-11 4.50671389096158e-11 6.11417583229468e-11 1.15610643280917e-10 6.10896000452499e-11 6.53950227302857e-12 5.28066479432709e-12 4.07522904311008e-12 1.15942733192043e-10 1.49415702033195e-11 5.23160403886891e-12 2.9171109972026e-13 7.64158514243718e-11 3.78985731686043e-13 4.67499372547309e-12 6.24267304516479e-13 4.3417491824016e-13 6.09445827137733e-13 5.39351452388814e-11 8.9351895882217e-10 2.42767025371293e-09 9.28073617956215e-11 7.63833440942108e-13 6.73128219830232e-13 7.18677339861529e-12 5.46038769755342e-12 4.87150320083174e-12 6.51747544822001e-12 2.22667884131056e-11 4.36287561633719e-11 8.71693828230491e-11 1.39032341195389e-11 9.0354064785636e-09 7.2828321151519e-10 8.087385872102e-10
4.65066873900355e-12 5.32167310218767e-11 1.07739928090211e-11 2.30435337478241e-11 4.89930207514533e-11 1.52027549105149e-08 5.49349454814774e-13 9.6437302588015e-13 1.11081699394333e-11 1.40559786032668e-12 9.89985093902135e-11 1.72579850410415e-10 1.86317627992594e-13 6.51261267137215e-12 1.75848824390812e-10 7.00051128177392e-13 5.0247133120962e-10 9.03128682949728e-12 9.37354638352872e-12 3.25956550639717e-10 1.99840144432528e-13 1.11566311744582e-13 3.07187608683535e-13 6.07586203571486e-12 8.33244584441672e-12 5.21404031061934e-12 5.44779776845417e-12 2.03781880259157e-11 1.45292222697435e-11 1.92541316224037e-11 3.12321946083216e-11 1.06797903853817e-12 9.53825907146211e-13 7.77223840842112e-12 5.15845144377636e-12 4.0591974226345e-12 8.38044078577127e-12 4.42144099110919e-12 7.10133063464013e-12 1.5129009156567e-13 5.20829157579783e-11 6.51852349875526e-11 9.98978677557716e-12 3.20237393269807e-09 7.04197855583288e-10
1.46871403927662e-13 8.52085069169561e-13 1.05060404820279e-13 2.16815454479047e-13 8.29718516115463e-12 7.98738852836323e-13 3.39736239141075e-11 1.56469281975546e-12 2.48588927220794e-12 1.4738210651899e-13 1.20227705568965e-10 1.08446585045385e-13 9.07776298575413e-11 2.03156824696293e-11 1.23162591236792e-12 1.44413370151142e-12 8.41082758995526e-13 1.84424253646398e-11 1.59727786552821e-13 6.57252030578093e-15 1.76744396895856e-11 7.15316694765988e-14 4.69979610784321e-13 5.59219337503691e-14 1.68601432815052e-10 1.43918099659857e-11 2.58308721079459e-09 2.29549623753655e-10 1.25520704941096e-12 6.04630789879934e-12 8.38351610354948e-13 1.89931403937749e-11 1.1745160399812e-12 4.61567450926736e-12 2.45614639737823e-13 2.41713316029291e-12 4.23224055801086e-10 1.99289140745407e-10 8.49653680745632e-13 3.88541331108883e-08 9.46176470506543e-13 7.43856132245924e-10 1.20641574508085e-10 2.42082842660807e-10 2.16218885018549e-09
3.19231308054668e-12 1.33410704705739e-10 1.32738264824184e-13 1.59183777270755e-13 1.88293824976427e-13 1.43685063846988e-13 5.65878455205393e-12 4.82336393048399e-13 4.88616639371386e-09 7.75579600542642e-13 2.28272956093178e-13 2.16003104291929e-11 7.23787696443878e-13 1.12646558747542e-12 8.58935145231499e-13 1.79604719985349e-10 3.0337592438201e-10 5.2394755201135e-13 1.24420473923692e-12 1.67167409914626e-09 3.92333943111112e-12 6.76414479983123e-13 2.16049400592055e-13 1.06770148278201e-13 5.02375918642883e-14 1.19093623851541e-12 9.34918809036844e-14 4.36728431196798e-13 6.92956803050038e-12 1.01275210440122e-11 2.86626278267477e-13 3.57170959475184e-11 4.19053680644765e-13 3.76374487132125e-12 1.80067072363954e-13 1.51900714229214e-13 7.86798404206479e-12 3.02452507483508e-12 9.1576746186206e-13 9.42592226493844e-11 7.89365239839412e-12 8.71789973544423e-11 1.50022361200541e-10 1.16942344696724e-11 1.08294216705218e-08
2.53352894219461e-14 4.9960036108132e-15 5.19362330919648e-14 3.85269594005422e-13 5.47561995745127e-14 9.23271459285502e-12 5.60410606809114e-12 1.20299836758875e-10 2.98616367633286e-08 2.36788536889243e-08 9.22124598901064e-12 3.26921822946247e-12 3.66010333152644e-11 3.5933034325808e-12 7.0190129264347e-10 1.07763483137013e-08 7.84259324149161e-12 6.81277256830981e-13 1.25122134875255e-13 7.8292927696566e-14 2.99549274274113e-13 7.67830243830758e-14 8.28781487882679e-14 7.15982828580763e-14 5.86308779304545e-14 2.86770607260678e-14 1.31092914301689e-12 1.42484912757368e-12 4.74864592092672e-13 3.81754627909459e-12 1.70549130373843e-12 2.93165491882519e-13 3.29603011550716e-13 2.11795025961692e-12 1.36535838191065e-10 1.80338965982685e-11 1.62057578467767e-10 2.88669088632787e-12 6.66581234654018e-12 5.28232568797193e-11 3.73149289245589e-12 7.0862482548506e-11 4.26987667445644e-11 1.04895425678819e-11 1.09973952167053e-10
9.94926363517834e-13 1.02449493333268e-11 7.35522753814166e-14 7.77811148822138e-13 1.47026835151109e-13 2.16908713213115e-12 2.01980099312493e-11 2.24398277737237e-13 1.57083563934179e-09 6.83336406570589e-08 3.86478848923844e-11 2.56135990195361e-10 1.23385601735748e-10 6.03660965659003e-10 3.07557648682177e-08 1.02904351706457e-12 7.89168730364054e-13 4.27435864480685e-15 1.29130039994152e-12 1.24500409981465e-13 1.03639319348758e-13 8.80517880830212e-14 6.53810339201755e-14 5.93636251267071e-14 3.84359211125229e-14 4.48197035041176e-14 4.02500255347604e-13 1.67709179876852e-12 1.79773196329336e-11 1.80833126250945e-13 2.17337259300621e-13 3.2032154706485e-13 2.91588975187551e-13 2.86481949274275e-13 2.61535237910948e-13 3.6569636208128e-13 3.9558356590419e-13 1.11495257471006e-11 9.37103727949307e-12 2.0845325465757e-12 2.94319013605104e-11 3.43345241127224e-11 6.98829882850305e-13 8.67628191514314e-13 2.70495259524495e-10
7.04105684867784e-10 6.8273164899324e-13 1.16391341009603e-12 1.37757583118514e-12 7.13757941639415e-12 1.24198429318767e-12 9.13180642214684e-13 6.54007958900138e-12 8.67157456951873e-12 2.95706084063596e-09 1.45858569666757e-10 1.80439618802097e-10 1.82145409866052e-11 5.95878568709907e-11 6.82855327838183e-11 2.8602453738813e-12 9.82403047800062e-13 4.00224298147123e-13 1.62512249213265e-09 1.32338584535319e-14 9.79771819231701e-14 7.53841433720481e-14 5.47339951140202e-14 5.12034858957122e-14 4.84168261039031e-14 3.49054118942149e-14 4.72843986187854e-14 2.85915735531717e-13 2.40727437983423e-12 1.38666855775682e-13 1.73649983281621e-13 5.57565105197e-13 1.13177245353313e-12 6.04960526118248e-14 5.53890266985491e-14 4.59909887950971e-13 4.0215608620997e-13 7.00517421847735e-13 1.58295598851055e-12 3.65620866915606e-12 5.67643709814547e-12 8.79256667474237e-12 6.83354484110055e-12 1.060712628842e-11 1.83675730180965e-10
1.89710562725764e-07 1.54323487322472e-09 2.47346509940627e-10 9.46188682959814e-12 3.19466675335889e-13 4.12458733833887e-11 1.1299992053182e-10 1.02226338505318e-11 4.55058213333359e-13 2.24849253660508e-09 7.15760783975838e-14 5.4944937488699e-14 4.90096296879017e-11 1.09492970246095e-11 1.62572884043755e-09 1.18661747094961e-12 2.67263988718014e-13 1.78912440418344e-13 3.03812530688674e-12 1.00519592649562e-13 6.78346268045971e-15 2.76312306368709e-13 1.28896893158981e-14 4.71511718558304e-14 4.6074255521944e-14 1.82853732155763e-14 5.11579667517026e-13 3.42392780794398e-12 9.15612030638613e-13 3.38576311431638e-10 7.10320691155175e-14 8.96758223234428e-12 3.6395109148657e-11 7.05927538646733e-12 4.67044214413903e-10 3.45155570791178e-11 1.28963506540458e-13 3.85613763143056e-13 1.4458101382786e-12 2.38769004567985e-12 1.79011805379048e-11 5.65201219160372e-12 9.95709070750195e-12 1.04505404330268e-11 1.84513071488368e-11
2.87216220139497e-06 3.82506041840536e-08 1.31418653737114e-10 5.93867812259674e-08 8.55387085385573e-08 4.60916457112326e-08 1.57709566517283e-09 2.12813211497576e-11 8.62789939493069e-10 2.45368170226357e-12 4.04565270173407e-14 1.26343380202343e-13 1.20492071875589e-10 1.34240396576502e-12 3.66275898500135e-12 1.71507252844094e-12 9.13380482359116e-14 1.21902488103842e-14 7.75157715793284e-14 1.54143364738957e-13 5.6399329650958e-14 6.45539177668297e-13 2.03954630961789e-12 3.28626015289046e-14 2.89102075612391e-14 4.1000536299407e-14 1.72750702631674e-14 4.38538094726937e-14 7.66053886991358e-14 1.48825396451002e-13 2.37410091585843e-13 2.74513745068816e-13 2.24553708960684e-13 2.01283434364541e-13 1.99830152425307e-12 8.70737378866338e-09 5.23242560390713e-12 1.30332189485216e-11 1.45928824579755e-12 4.35388392006075e-12 9.69725411081868e-12 1.02285735437135e-11 7.71851027536741e-11 1.66163194315061e-11 1.70170655344748e-11
1.1634923757553e-06 3.91245132069451e-05 5.20353899602366e-07 2.47666173739391e-06 0.00155078361890446 2.89668042352531e-07 1.30182753466102e-11 6.32525143373641e-12 1.29719568420228e-12 4.2721381987576e-14 4.33779678843393e-12 2.02200978183242e-10 4.53889148488429e-12 2.65681476818713e-11 5.0004445029117e-14 2.87458945535946e-13 2.91211499359179e-14 1.62736490949555e-12 2.02171612784241e-14 1.83675186171683e-11 2.03304040269359e-13 6.83897383169096e-15 1.41553435639707e-14 2.85660384236053e-14 6.58140208997793e-14 4.68403094089354e-14 2.69562150378988e-14 1.50157664080552e-13 8.16302581085893e-13 1.8034462812011e-13 2.05258032792699e-13 1.49880108324396e-14 2.36854980073531e-13 2.67915689633469e-12 4.10852463161859e-12 1.34272593044216e-12 4.27257118573721e-12 1.48606682515151e-12 1.68542957368345e-12 2.09946282581086e-11 2.31630725711085e-10 1.04627417840675e-11 2.31179297927042e-11 2.90724111451368e-11 1.62105551204661e-11
4.99454564439894e-07 1.13397537418236e-05 0.0132466328388546 0.000621967057394102 0.0413288984476822 9.76101730884027e-06 0.0902704765554518 1.83435134981647e-05 1.10899955885202e-11 8.68194405256872e-15 1.37811984046721e-13 4.64517313503165e-14 1.27076127398595e-13 1.13419607039589e-10 1.12200360113945e-11 5.10702591327572e-16 1.79301018476963e-13 3.337996545838e-13 6.45150599609678e-14 9.68114477473137e-15 9.72155689282772e-13 5.83976200729808e-12 4.85500528668581e-14 2.61901611509074e-14 2.04281036531029e-15 4.32542890393961e-14 4.27351487530814e-12 6.40043573696403e-14 1.56874513379535e-13 1.36346489654215e-13 1.21780363571133e-13 6.27290441812534e-12 2.25305329948355e-12 1.4144352356027e-12 8.30857604938728e-13 5.53890266985491e-14 3.05400149613888e-13 1.55442325677768e-13 1.33102484589642e-10 6.6176308877175e-11 7.73091701766759e-11 2.11288775364693e-10 5.31197308362152e-12 1.31067548103658e-07 8.1081474867517e-12
7.3122040112894e-07 0.0137756303233857 0.000978052646974348 0.00111603928107797 0.0726860014721751 0.983918470144272 0.0720219932496548 0.063214243366383 0.00556878637689806 8.90514080420512e-07 5.37849542681101e-11 8.21565038222616e-15 1.13704712312313e-11 4.74065231514942e-15 1.34003919072256e-14 6.88338275267597e-16 5.77315972805081e-15 3.09530179265494e-14 5.05706587716759e-14 1.48969725444203e-13 3.77475828372553e-16 1.15056852934003e-12 4.11892742135933e-15 1.67588165567167e-13 1.54932733309465e-12 6.04405414605935e-14 2.41362485553509e-14 7.00550728538474e-13 3.83026943495679e-15 1.47437617670221e-13 3.99226207647985e-12 5.53435075545394e-13 3.17101900293437e-13 8.87154794071421e-12 8.95050700222555e-13 5.79228887076511e-12 4.34910552016277e-11 1.2931300474861e-11 2.7863604756817e-10 1.9498014980357e-09 1.09502968537178e-07 1.6170539907101e-09 1.31703446037967e-08 3.49458073589659e-10 2.75439480112993e-09
0.00122910209864969 0.000717573700802632 0.000343125469584038 0.00138209258225857 0.329974047854193 0.0395716109429486 0.947716236114502 1 0.0026174620284678 0.00116927544389256 0.00439516425103648 4.20107253762403e-08 1.12828457687897e-10 5.60662627435704e-15 5.32907051820075e-16 1.87472259938204e-13 2.77555756156289e-16 6.21724893790088e-16 1.12132525487141e-15 6.20438145304547e-12 1.63202784619898e-14 1.57685131618734e-10 2.47801779096335e-14 2.52891041441217e-12 3.38510330877284e-12 3.40538708343274e-13 9.40056144038692e-11 4.54591031484597e-11 2.15514606161094e-11 1.6416420334231e-09 5.03375119365046e-14 8.33333402283643e-14 1.09934283898383e-13 1.3079537453109e-13 1.3997691894474e-13 2.31148433726958e-14 1.00665853430826e-10 2.04883173759995e-09 1.70076275285425e-10 4.13119427555841e-11 1.97164120585569e-09 7.24971527255036e-11 1.76263448281588e-11 3.79527742566665e-11 3.12817327596804e-11
4.35768747497622e-07 6.68242949107056e-05 0.000292397025192026 9.66821179177346e-05 0.00239539075826087 0.0505907307462663 6.37009701627278e-05 0.692495354264975 0.690125052630901 0.143353857978946 0.692155764997005 0.749017679691315 6.78350376936976e-07 4.78177164531246e-11 7.05546732149287e-14 6.48925357893404e-14 1.01030295240889e-14 7.7715611723761e-17 7.12763181809351e-15 3.65629748699803e-13 1.34841471322034e-11 3.40307892976455e-11 1.02575281601958e-11 8.59867732572184e-14 3.11750625314744e-14 2.3392399128852e-14 4.51305659510126e-14 1.2767009671677e-11 9.83990666725276e-14 1.94135041375887e-11 1.71751501909512e-14 7.46618988856085e-11 7.23532345148215e-13 1.20203846876166e-13 1.16762155499828e-13 4.24238422169765e-13 6.56474874460855e-14 9.16667930450643e-10 1.13722155026252e-09 1.04061759209628e-11 7.67289770609025e-09 4.4382082453609e-10 1.69627225377056e-08 7.14517778277468e-11 1.03779801419179e-08
1.16155437801524e-07 2.54682856359878e-08 1.76071601665218e-07 5.99676251115455e-05 0.00394614973857301 1.59625223793869e-05 0.000172858683001209 0.000390981116453304 8.77451408669572e-05 0.977758413553238 0.980013006925583 0.000448431169343166 0.00569261987111531 1.70642137589994e-05 2.51647940263666e-09 1.5533330177675e-11 4.19841938992249e-13 1.55431223447522e-16 3.25295346215171e-14 8.36850588825655e-12 3.68152985874559e-10 5.86752868514395e-14 3.06266123573096e-13 6.13644690616866e-12 8.33777491493492e-15 1.29674049276218e-14 1.85407245112401e-15 5.46229728115577e-15 1.81952231059768e-12 3.62820884447501e-14 1.11894937759871e-12 2.665645482125e-14 9.79216707719388e-15 6.28386231937839e-15 4.12617051637199e-11 2.46125342329151e-13 3.06621394940976e-13 1.60997881692992e-12 1.42000700087408e-10 1.28166910418059e-10 9.27199428346626e-12 1.29549482252855e-11 9.1794638557019e-11 7.5677549782327e-10 1.86739212981735e-10
1.11140238323593e-07 6.74791838295441e-08 4.68505168960132e-07 4.0435698905994e-06 0.00149440304502031 7.86443984799323e-06 3.37167654679282e-06 2.42510213954716e-07 0.000197689456716255 5.78038497038857e-06 0.108887725602835 0.0217304590703861 0.622140938043594 1.3287184747246e-06 9.05321373423362e-12 3.71173314306361e-11 6.03610417204692e-10 1.71529457304587e-14 4.44089209850063e-17 8.88178419700125e-17 3.22930571172719e-13 9.25481913327531e-14 2.35333974529794e-13 6.58906262884784e-13 2.96429547574917e-15 4.72955008490317e-15 7.74935671188359e-15 2.90656387846866e-14 1.27675647831893e-14 1.22013510406305e-14 7.31636973227978e-15 1.91771598601065e-11 2.50210963059772e-13 1.23334675805609e-13 1.3366863171882e-12 2.08055794814754e-13 8.70414851306123e-14 2.78147505028414e-12 2.80375722638837e-13 4.63448390775056e-10 9.27298093866824e-09 2.80564460553023e-11 2.35766070000309e-09 8.34195434951113e-10 1.26285699675321e-09
