Scripts_&_data/Maxent_result_files_1/Bombus_melanurus_3.asc
NCOLS 594 
NROWS 330 
XLLCORNER -15 
YLLCORNER 23 
CELLSIZE 0.166666666666667 
NODATA_value -9999 
[rows 120 to 139 of 330, columns 138 to 183 of 594]
-9999 -9999 -9999 -9999 -9999 -9999 -9999 -9999 -9999 -9999 -9999 -9999 -9999 -9999 -9999 -9999 -9999 -9999 -9999 -9999 -9999 -9999 0.0249281483702362 0.00563808174920268 0.00181013007531874 0.00102705220342614 0.00824228804558516 0.0120654048863798 0.00107385028968565 0.00336580869625323 0.00409786733143847 0.00402863217605045 0.00457099784471211 0.0057424383398029 0.00381935854238691 0.00281329249119153 0.0674771853722632 0.156213761121035 0.00989535635453649 0.00565895305044251 0.00862419138138648 0.00849183225218439 0.0149445365765132 0.00958955120295286 0.00904182721860707 0.0017236027517356
-9999 -9999 -9999 -9999 -9999 -9999 -9999 -9999 -9999 -9999 -9999 -9999 -9999 -9999 -9999 -9999 -9999 -9999 -9999 -9999 -9999 -9999 -9999 0.100709943659604 0.0058885682374239 0.00117894980940036 0.000401138060260564 0.000602647527557565 0.000494728051126003 0.00458320771576837 0.00328620029467856 0.012128147968906 0.0121103665558621 0.00278072950895876 0.000858237485226709 0.000701471636421047 0.0104811852565035 0.0249765265034512 0.00701163174235262 0.00376770057191607 0.00462687639519572 0.014617305417778 0.013755318056792 0.00296925192233175 0.000845060480060056 0.0011533063283423
-9999 -9999 -9999 -9999 -9999 -9999 -9999 -9999 -9999 -9999 -9999 -9999 0.0330811910331249 0.0183306546416134 0.0119809287600219 -9999 -9999 -9999 -9999 -9999 -9999 -9999 -9999 0.0219366101548076 0.00585316865181085 0.000403140259732027 0.00115452576137614 0.000950850080698729 0.000620912307931576 0.000457739079138264 0.00167666737688705 0.00310067210521083 0.00799874504446052 0.00114627537550405 0.000886762831942178 0.00060938069182157 0.00075371114508016 0.00128941193979699 0.00153685294208117 0.00206667111779097 0.0089185035409173 0.0173622474481817 0.00857147294882452 0.00688487535808235 0.00937855780357495 0.00360755908477586
-9999 -9999 -9999 -9999 -9999 -9999 -9999 -9999 -9999 -9999 -9999 0.0199717672541738 0.0072406001156196 0.00428192282561213 0.00909116687253118 -9999 -9999 -9999 -9999 -9999 -9999 -9999 -9999 -9999 0.0102657360956073 0.00521546835661866 0.00325129937555175 0.00536972568952479 0.00120449233509135 0.000653636430797633 0.00144997083989438 0.000666116816864815 0.000438171426139888 0.000490567759698024 0.000530199537752196 0.00074329526614747 0.00270572362351231 0.00134172628168017 0.00192469782195985 0.00654278266010806 0.0238026902719866 0.0048921565998171 0.0101350503275171 0.00432183866869309 0.00338226786698215 0.00193012677482329
-9999 -9999 -9999 -9999 -9999 -9999 -9999 -9999 -9999 0.0214349062182009 0.0030642582976725 0.0151089428807609 0.00389114951249212 0.00422746397089213 0.00528687733458355 -9999 -9999 -9999 -9999 -9999 -9999 -9999 -9999 -9999 -9999 0.0207881772425026 0.00302865637786454 0.00134385454002768 0.000493042120069731 0.000540971459122375 0.0013735194603214 0.00101769162865821 0.00103037051449064 0.000420400529401377 0.000740944448625669 0.000435818210826255 0.00324515039101243 0.00193824302114081 0.0057525736221578 0.0037309191073291 0.00218708097818308 0.00171041398425587 0.00289721567824017 0.000958556210389361 0.00220581774919992 0.00112989849876612
-9999 -9999 -9999 0.019595749815926 0.0195958421565592 0.0447679681703448 0.0288352036848664 0.016027798037976 0.0137007494922727 0.00646843060385436 0.0385622039437294 0.0577445190399885 0.0205681325867772 0.00350893032155 -9999 -9999 -9999 -9999 -9999 -9999 -9999 -9999 -9999 -9999 -9999 -9999 0.00481658732751384 0.00433862749196123 0.00289019071205985 0.00170408946869429 0.00237611976335756 0.00187337838724488 0.0011429763486376 0.00213243275356945 0.00679249410750344 0.0119290225760778 0.00444084439659491 0.00925135643337853 0.00192737218458205 0.00457544981181854 0.00356707198661752 0.0127296938153449 0.00466756206005812 0.000628331083862577 0.000464283000474097 0.000443033722694963
-9999 -9999 0.0176053156610578 0.00722186279017478 0.245981502532959 0.0142095175106078 -9999 0.0662156583741307 0.003289672837127 0.00186016595107503 0.00294094865093939 0.00258294648374431 0.00272587987128645 0.0120629298966378 -9999 -9999 -9999 -9999 -9999 -9999 -9999 -9999 -9999 -9999 -9999 -9999 0.329699504375458 0.0242744748480618 0.00594844172592275 0.00189834035409149 0.00162418926192913 0.000829628054634668 0.00158655486011412 0.00616821573930793 0.0337637468706816 0.00922453002131078 0.00474905481823953 0.00360101498517906 0.00187208245915826 0.0367041820660233 0.0382927084341645 0.00945031271548942 0.000421486792765791 0.000354475600033766 0.000276671864048694 0.000262714089694782
-9999 -9999 0.00143123547168216 0.0186500076204538 0.0146155641414225 0.0171508513856679 0.00446985480375588 0.051671857945621 0.00551370329922065 0.00495387057308108 0.00346450142096728 0.00453799746464938 0.00678530288860202 0.0126024942845106 -9999 -9999 -9999 -9999 -9999 -9999 -9999 -9999 -9999 -9999 -9999 -9999 -9999 -9999 0.0178835047408938 0.0162981214001775 0.00270525737505523 0.00182672878872836 0.00126030382525641 0.00307237059168983 0.00396819204761414 0.00864202939119423 0.00428363178652944 0.00405302045692224 0.00307837492873659 0.022127098008059 0.0128488998278044 0.0133474834234221 0.00322566977120005 0.00111412574769929 0.000855573412263766 0.000636679271701723
-9999 0.009940200811252 -9999 0.0806208208203316 0.109356956556439 0.0029702642117627 0.0330043827183545 0.0207374005578458 0.00613605533726513 0.00331794945523143 0.00593270099489018 0.00336685063084587 0.00243387033115141 0.00403906708816066 -9999 -9999 -9999 -9999 -9999 -9999 -9999 -9999 -9999 -9999 -9999 -9999 -9999 -9999 -9999 -9999 0.00432396326214075 0.00284205508451123 0.00233907664514845 0.00233184861208429 0.00181506245280616 0.00277596034284215 0.00736433670972474 0.00759624910133425 0.0027348604722647 0.00207633573445491 0.00919155154842883 0.0039421252993634 0.00245037647728168 0.00255633991910145 0.0020227120960044 0.00161262025067117
-9999 0.0179113056976348 0.00489686680957675 0.00449051192263141 0.00638066972605884 0.00304560798685998 0.00206945692771114 0.00226376312784851 0.0191197505686432 0.00199953166302294 0.00242511571850628 0.00641751599032432 0.0140244985930622 0.00190096401493065 0.00287959774723277 0.00241120599675924 0.00192551675136201 0.0396533936262131 -9999 -9999 -9999 -9999 -9999 -9999 -9999 -9999 -9999 -9999 0.0412085611373186 0.00226406921283342 0.00519924390828237 0.002743593608011 0.00240163402522739 0.00130214092350798 0.00109196724515641 0.00230623107854626 0.00217439929183456 0.00142780683017918 0.000904428387002554 0.00118958373204805 0.0013581498817075 0.00192065415903926 0.00185838908655569 0.00106743974320125 0.00156981703839847 0.00196810786710557
-9999 0.0272557067684829 0.00546126280678436 0.00361708244308829 0.00267781353322789 0.00229956796974875 0.00250837306957692 0.00328695448115468 0.00209334386745468 0.0195496065076441 0.00210725403740071 0.00304692088393495 0.00766108543612063 0.0204681307077408 0.0627399636432528 0.0114527814323083 0.00274410058627836 -9999 -9999 -9999 -9999 -9999 -9999 -9999 -9999 -9999 -9999 -9999 -9999 0.00975843528285623 0.00584358292690013 0.00222120648695636 0.0022839405661216 0.00263873441017495 0.00747751920571318 0.00357254682894563 0.00448442177221295 0.00290727082247031 0.00111169235606212 0.00546315422470798 0.00716765206452692 0.0039042114491167 0.0032275788471452 0.00582285977288848 0.00276384409626189 0.00895334997912869
-9999 0.0526298576965928 0.00463003364857286 0.00267298212274909 0.00313632561592385 0.0116671830881387 0.00648550291080028 0.00339946373132989 0.00434075798839331 0.0047737168322783 0.00714920447207987 0.0101820395793766 0.0109580835327506 0.0447551093995571 -9999 -9999 -9999 -9999 -9999 -9999 -9999 -9999 -9999 -9999 -9999 0.0161777477711439 0.017018481483683 -9999 0.10159362629056 0.00603395097423345 0.00423916869331151 0.00397851301313494 0.00467128613199748 0.00279689768613025 0.0286425047903322 0.0021258956665406 0.00595538134220988 0.010914793307893 0.0742844861000776 0.0186221620533615 -9999 -9999 -9999 -9999 -9999 -9999
-9999 -9999 0.00445199178066105 0.00371900228783488 0.00293914803769439 0.00331818014383316 0.00273356415564194 0.00260557569563389 0.00250504313735291 0.00228673469973728 0.00603615960571915 0.031482105422765 0.0152920270804316 -9999 -9999 -9999 -9999 -9999 -9999 -9999 -9999 0.0187333720736206 -9999 -9999 0.103727906383574 0.0102295828983188 0.0212317960802466 -9999 -9999 0.0123389506014064 0.00212966652470641 0.00628843163140118 0.00681100317742676 0.0435647319536656 0.00493647046096157 0.00394665738422191 0.00234714081743732 0.00807448399718851 -9999 -9999 -9999 -9999 -9999 -9999 -9999 -9999
-9999 0.0451433463022113 0.00285313406784553 0.00260607288801111 0.00307630221359432 0.00672337946016341 0.00562017164193094 0.00268509709276259 0.0023724275175482 0.0149431891273707 0.00201204308541492 0.00233453819528222 -9999 -9999 -9999 -9999 -9999 -9999 -9999 -9999 0.00619010059162974 0.00326590453623794 0.224455024302006 0.0169271922204643 0.0255248840898275 0.00497169505106285 0.047811678564176 0.0694684132933617 -9999 -9999 0.0175252188229933 0.016096561588347 0.00189755273750052 0.00415890922304243 0.00271291449316777 0.00499268103740178 0.0037732251745183 -9999 -9999 -9999 -9999 -9999 -9999 -9999 -9999 -9999
-9999 0.00627321843057871 0.0227219379507005 0.00325902025797404 0.00240339504962321 0.00303681999212131 0.00266967992065474 0.00215656188665889 0.00600671377032995 0.00783520033583045 0.0374187527224421 -9999 -9999 0.00347840803442523 0.00348958158865571 -9999 -9999 -9999 -9999 0.000643646191747393 0.00219716959982179 0.00216536201769486 0.00178302091080695 0.000509858567966148 0.00677513745613396 0.0828606564551592 -9999 -9999 -9999 -9999 0.175121093541384 0.00512264999561012 0.00289452710421756 0.00283838711911812 0.00591243014205247 0.00182828243996482 0.00253725055372342 0.00270800349535421 -9999 -9999 -9999 -9999 -9999 -9999 -9999 -9999
-9999 -9999 -9999 -9999 0.00733060990460217 0.00427045394317247 0.00452481348183937 0.00198631371895317 0.00644201739924029 0.0220732024870813 -9999 0.0030402555828914 0.00143435010686517 0.00310226110159419 0.191843320429325 0.00309848398901522 -9999 -9999 -9999 0.0388385309837759 0.0059511681785807 0.00179755622812081 0.00364666893146932 0.00415848720585927 0.00187277955119498 0.0297365204431117 -9999 -9999 -9999 -9999 0.01004224489443 0.0165657750796527 0.00166879973839968 0.033799384906888 -9999 -9999 0.0161792583763599 -9999 -9999 -9999 -9999 -9999 -9999 -9999 -9999 -9999
-9999 -9999 -9999 -9999 0.00174652517598588 0.00264541823416948 0.00191629801120143 0.00175146715191659 0.000883073234581389 0.0028687265352346 -9999 -9999 0.00377191891893744 0.00125250756391324 0.00251897165435366 0.00123795985127799 0.00825315967667848 -9999 -9999 0.0240452785976231 0.0113849516492337 0.00646942385938019 0.0110660763923079 0.00158613811945543 0.0104854983044788 0.0151497745886445 -9999 -9999 -9999 -9999 -9999 -9999 -9999 -9999 -9999 -9999 -9999 -9999 -9999 -9999 -9999 -9999 -9999 -9999 -9999 -9999
-9999 -9999 -9999 -9999 0.00466983171645552 0.00230552336433902 0.0039198984275572 0.00204368441482075 0.00992399042006582 -9999 -9999 -9999 -9999 0.00678925768006593 0.0107639736495912 0.0140604088548571 -9999 -9999 -9999 -9999 -9999 -9999 -9999 0.00162556494178716 0.00220516883418895 -9999 -9999 -9999 -9999 -9999 -9999 -9999 -9999 -9999 -9999 -9999 -9999 -9999 -9999 -9999 0.121487382054329 0.00213654104736634 0.00309364554705098 -9999 -9999 -9999
-9999 -9999 -9999 -9999 0.0183619676157832 0.00328571808640845 0.00204500714608002 0.00158102986461017 0.00494655915535986 0.0158488892950118 0.0593335496261716 0.0152745784725994 -9999 -9999 -9999 -9999 0.0057279005413875 -9999 -9999 0.0080685495166108 -9999 -9999 -9999 0.0139966012444347 0.0132167129311711 -9999 -9999 -9999 -9999 -9999 -9999 -9999 -9999 -9999 -9999 -9999 -9999 -9999 -9999 -9999 -9999 -9999 -9999 -9999 -9999 -9999
-9999 -9999 -9999 -9999 0.0158456403296441 0.019084080029279 0.00615067051257938 0.00164334658184089 0.0120055157225579 0.00122053278028034 0.00581721079070121 0.0173891420010477 -9999 -9999 -9999 -9999 -9999 -9999 -9999 0.00184990092529915 0.00117090398271102 0.00212417867151089 0.00552102067740634 0.00395093716215342 -9999 -9999 -9999 -9999 -9999 -9999 -9999 -9999 -9999 -9999 -9999 -9999 -9999 -9999 -9999 -9999 -9999 -9999 -9999 -9999 -9999 -9999
