Scripts_&_data/Maxent_result_files_1/Bombus_mlokosievitzii_2.asc
NCOLS 594 
NROWS 330 
XLLCORNER -15 
YLLCORNER 23 
CELLSIZE 0.166666666666667 
NODATA_value -9999 
[rows 160 to 179 of 330, columns 414 to 459 of 594]
0.0026895162416622 0.00322354091331363 0.00403234839905053 0.00361504852771759 0.00410734117031097 0.00380312746856362 0.00456686322577298 0.00506570041179657 0.0055570320924744 0.00389647460542619 0.00485953805036843 0.00283855360466987 0.00358539652079344 0.00513433520682156 0.00382688466925174 0.00355165449436754 0.00620858070906252 0.00502787097357213 0.00479153087362647 0.00438665191177279 0.00583810801617801 0.00552976587787271 0.00155251528485678 0.00165257416665554 0.00634214393794537 0.00699297317769378 0.0121772381477058 0.0129264200106263 0.00460683593992144 0.00365073475986719 0.00316918883472681 0.00206208633026108 0.002278228092473 0.00227540084160864 0.00220874955412 0.00265072142938152 0.00277438835473731 0.00274857954354957 0.00281850030878559 0.0030886922380887 0.00345003646798432 0.00193406085018069 0.000831700651906431 0.00176365039078519 0.00175042873015627 0.00147687806165777
0.00275862093549222 0.000846661711693741 0.00215183846885338 0.00245131872361526 0.00281405285932124 0.00333645499777049 0.00372729045338929 0.0037949308520183 0.00377928318921477 0.00450363229028881 0.00549235783983022 0.00504799420014024 0.00465549710206687 0.00507455635815859 0.00287029683822766 0.00391635000705719 0.00568002015352249 0.00286568108713254 0.00523475622758269 0.00369572769850492 0.00447995190043002 0.00483691180124879 0.00269111102679744 0.00452210267540067 0.00336193307302892 0.00502067790366709 0.00324248853139579 0.00292736632982269 0.000986915145767853 0.00277106635039672 0.00163274395745248 0.00191479983041063 0.00278121110750362 0.00279549150727689 0.00285616422770545 0.00358551373938099 0.00276122617069632 0.00241287006065249 0.00237342085456476 0.00239605663809925 0.00215786101762205 8.18896302007488e-05 0.00170044479309581 0.00172877011355013 0.00150770535692573 0.00122881671995856
0.0018364530405961 0.00234020045027137 0.00219729230739176 0.00217318061040714 0.00173314653220586 0.0029686218011193 0.00334815541282296 0.00215812980895862 0.00418082708492875 0.00261718964902684 0.0037752382690087 0.00385975625831634 0.00399024246726185 0.00406984721776098 0.00413595160935074 0.00380494443234056 0.00392629276029766 0.00606833263300359 0.00541387121193111 0.00394016043283045 0.00448577606584877 0.00579594185110182 0.00754824122413993 0.00697667666245252 0.00686195101588964 0.0019640511716716 0.00622747000306845 0.00350355221889913 0.00223948271013796 0.00175428990623914 0.00161755267181434 0.00170044330880046 0.0016961604822427 0.00185217004618607 0.00229906882159412 0.00306237138574943 0.00279376566177234 0.00266156493453309 0.00220523299649358 0.00192281191702932 0.0019295776844956 0.00201826225966215 0.00166027525556274 0.00124071970931254 0.00109380564535968 0.00120335098472424
0.0021303552784957 0.00220467408653349 0.00221768125193194 0.0018452774558682 0.0024236764293164 0.00237807038938627 0.00211590974358842 0.00243387767113745 0.00392119982279837 0.00136129946331494 0.00287764422828332 0.00233987328829244 0.00209456158336252 0.00279896646970883 0.00169570330181159 0.00173125812434591 0.00196576763410121 0.00433925318066031 0.00468376090284437 0.004579171910882 0.00428732358850539 0.00534342587925494 0.00560544850304723 0.0062745513394475 0.00759930820204318 0.00222581898560748 0.00308749368414283 0.00289928927086294 0.00198166671325453 0.00172664180281572 0.00156664252281189 0.00179119440144859 0.00165598780731671 0.00169880643370561 0.00199002295266837 0.00227498081512749 0.00263118155999109 0.00241375709883869 0.00182278628344648 0.00155321518541314 0.0017067754175514 0.00249287617625669 0.00135740210535005 0.00105488973204046 0.00107262888341211 0.000954574515344575
0.00219855713658035 0.0023611510056071 0.00250565427122638 0.00210823509842157 0.00171195276780054 0.00179370240075514 0.00178505583899096 0.000843322140281089 0.00255664954893291 0.00290428287116811 0.00452221017330885 0.00399785761255771 0.0023812543367967 0.00221877114381641 0.0017325361026451 0.00179886047844775 0.00150910045485944 0.00150201604701579 0.00254860703134909 0.00429387558251619 0.00159127864171751 0.00351177982520312 0.00272181158652529 0.00546304800081998 0.00172110253479332 0.0037964578368701 0.00369407800026238 0.00237204268341884 0.00171159595483914 0.00248189594130963 0.00154261629213579 0.00191788305528462 0.00196899644215591 0.0018567367689684 0.00198754372540861 0.00227799959247932 0.00189740695059299 0.00162372027989477 0.00161939437384717 0.00138485782081261 0.00118462445097975 0.001198862248566 0.00101652485318482 0.000848759670043364 0.000952635682187974 0.000740385305834934
0.00200975663610734 0.00199998943135142 0.00199305659625679 0.00213454968761653 0.00241640204330906 0.00208563153282739 0.00178436997812241 0.0018018627888523 0.00268906796118245 0.00207027105498128 0.00222552148625255 0.00224472397239879 0.00246323097962886 0.00198848575237207 0.00105823205667548 0.00207465295097791 0.0018301434640307 0.00159665836836211 0.000491524414974265 0.00176929903100245 0.00161287097726017 0.00114239516551606 0.00301483414368704 0.0031102871755138 0.00256432454334572 0.00334005270851776 0.00327688931720331 0.00259601436555386 0.0019850317388773 0.00151856110896915 0.00135060629690997 0.00172961571952328 0.00162669821293093 0.00150349457398988 0.00142645392916165 0.00131262914510444 0.00121646892512217 0.00116126987268217 0.00100303159561008 0.000873603607760742 0.000837158912327141 0.000812506061629392 0.000957380799809471 0.000691238534636795 0.000672462128568441 0.000574248065822758
0.00195159433642402 0.00192577139241621 0.00203083747765049 0.00190077595179901 0.00216007662238553 0.00204480905667879 0.00204113256768323 0.00208559839520603 0.0016735392739065 0.00175889458623715 0.00202018368872814 0.00179888164275326 0.00198902678093873 0.001466002833331 0.00170564099098556 0.00215063754003495 0.0021094148978591 0.00188841113704257 0.000602596899261698 0.000797402743774001 0.00156927740899846 0.00206499934429303 0.00214847280876711 0.00285712141776457 0.00293832711176947 0.00277505172416568 0.000950605823891237 0.00235835057683289 0.00179672526428476 0.00160279345000163 0.00131694162264466 0.00160692636854947 0.00142869042465463 0.0011872343311552 0.00108651146292686 0.00096386935620103 0.000789032925968058 0.000869619264267385 0.000816053207381628 0.000720853620441631 0.000701263482915238 0.000613609218271449 0.000575777617632411 0.00056984362017829 0.000522407022072002 0.000485930446302518
0.00181192954769358 0.00180133981630206 0.00185014101443812 0.00163384701590985 0.00159849250339903 0.00168771276366897 0.0020775162265636 0.00228894803440198 0.00182865979149938 0.00161576683167368 0.00163610092713498 0.000719154396210797 0.00243703295709565 0.00143977053812705 0.00169759627315216 0.00154160283855163 0.0017815085418988 0.0019704629550688 0.00169993246672675 0.00138195662293583 0.0014612530474551 0.00178392275120132 0.0019893673423212 0.00233624851098284 0.00237560652894899 0.00209930425044149 0.00167081251274794 0.00161008709692396 0.000717951709521003 0.00214006637688726 0.00111693090875633 0.00156018300331198 0.00143279447220266 0.000316903406928759 0.00113393943174742 0.000888607156230137 0.000699784356402233 0.000607179291546345 0.000619126175297424 0.000565217938856222 0.000512499100295827 0.000512142301886342 0.000472377429832704 0.000485737025155686 0.000453983980696648 0.000380485079949722
0.00144075899152085 0.00160785032203421 0.00169989949208684 0.0016292052634526 0.00141400579595938 0.00180584314512089 0.0019442853750661 0.00187079320894554 0.00170972874620929 0.00155857276986353 0.00175863901386037 0.00178750531049445 0.00169431369868107 0.00146857885993086 0.00144712765468284 0.00174753580358811 0.00158485122374259 0.00164892899920233 0.00157181177055463 0.000456230311829131 0.00118212480447255 0.00142028681584634 0.00178036617580801 0.00178706229780801 0.00204726869706064 0.00183764629182406 0.0014494828064926 0.00116394615033641 0.00173117715166882 0.00116176551673561 0.000973193816025741 0.00114813949912786 0.00114657811936922 0.000978530713473447 0.000875577531405725 0.000728157529374585 0.000565752841066569 0.000526250098482706 0.000484492737450637 0.00044405460357666 0.000423322927963454 0.000408825892372988 0.000410665984963998 0.000406660461158026 0.000339193468971644 0.000280947184364777
0.00142897943151183 0.00152363536763005 0.0016528309264686 0.00151280536083505 0.00121026482665911 0.00212460951879621 0.00150581581983715 0.0016681709617842 0.00178757690591738 0.00175481971236877 0.00184223171672784 0.00187783034634776 0.00191967425635085 0.00173370155389421 0.00152248727390543 0.00147400696296245 0.00164270600071177 0.00163976692711003 0.00146597392740659 0.00116618367610499 0.00124750593677163 0.00132481278269552 0.00140943166334182 0.00158253980916925 0.00162682305090129 0.00128419472603127 0.00103197986609302 0.000928206791286357 0.00104353560018353 0.00105343580944464 0.00116829635226168 0.00116389006143436 0.000986726867267862 0.000890662777237594 0.000733076612232253 0.000610039700404741 0.000490760352113284 0.000474167788343038 0.000427929386205506 0.000368708305177279 0.000342527903558221 0.000325141609937418 0.000307161590899341 0.000298724147432949 0.000290299365587998 0.000257159949978814
0.00117794530815445 0.00123874355340376 0.00149314786540344 0.0015086751896888 0.00126956204767339 0.00139574964996427 0.00152851708699018 0.00130247722263448 0.00157739132409915 0.00156848023179919 0.00162957404390909 0.00172334681847133 0.00160712964716367 0.00167618188424967 0.00159639964113012 0.00151954882894643 0.0014613636827562 0.00138804833986796 0.00127778275636956 0.00123630944872275 0.00110857938998379 0.0011919955490157 0.00113646108657122 0.00135222263634205 0.00125615141005255 0.0010366695583798 0.000958752824226394 0.000925071348319761 0.00113668535486795 0.00123898005113006 0.00115044221747667 0.000927497481461614 0.000744319433579221 0.000746938577503897 0.000655185003415681 0.000528535639750771 0.000447747345606331 0.000372579938266426 0.000352931498491671 0.000310332942171954 0.000291026596096344 0.000283344839408528 0.00027610281977104 0.00024832613999024 0.000235597798018716 0.000220651669951621
0.00123353929375298 0.00129543251241557 0.00134993296815082 0.00128570311353542 0.00123388067004271 0.00125682544894516 0.00122932480880991 0.00131648054812104 0.00114668534952216 0.00130498801008798 0.00133174348156899 0.00143862414406613 0.00127679539727978 0.00117066172533669 0.00131271063582972 0.00137936361134052 0.00121164580923505 0.00133419260382652 0.0011326672625728 0.0011548396316357 0.000374510111578274 0.00106149744824506 0.00109420964145102 0.000980695165344514 0.00125391011824831 0.00129062930354849 0.00107363360002637 0.00106255333521403 0.00109498674864881 0.00118003410752863 0.00104026295011863 0.000804147060262039 0.000655022481805645 0.000613004912156612 0.000605984721914865 0.000459707761183381 0.000405708778998815 0.000335578745580278 0.000290217388828751 0.000280504373949952 0.000279260138631798 0.000255414340062998 0.000231506324780639 0.000216864824324148 0.000201153468515258 0.000188480949145742
0.00114381193416193 0.00112607246846892 0.00121142617426813 0.00104378086980432 0.0011695955763571 0.00121318062883802 0.00112525752629153 0.00110141964396462 0.00115324740181677 0.00116477039991878 0.00114249956095591 0.00105333967949264 0.000965945216012187 0.00121495746425353 0.00117079533520155 0.00106703556375578 0.00113318391959183 0.00118671767413616 0.00104987847153097 0.00105958124622703 0.000881776420283131 0.000752813229337335 0.000792257708963007 0.000958110758801922 0.00128744221874513 0.00114590736338869 0.00108055796008557 0.00123286297312006 0.0012463349965401 0.000822364768828265 0.000720872101373971 0.000675313401734456 0.000652270784485154 0.000567161059007049 0.000475712670595385 0.000406367272080388 0.000335325102787465 0.000268030846200418 0.000241485010337783 0.000233014505647589 0.000248851490323432 0.00023132950955187 0.00020731352706207 0.000193462768220343 0.000185193683137186 0.000175076344021363
0.00106943163555115 0.001091549906414 0.00128649816615507 0.00113044407917187 0.000467953686893452 0.000411013535631355 0.00108816333813593 0.0012264599557966 0.00125360855017789 0.00128382041002624 0.00125171258114278 0.0010366142319981 0.000924519772524945 0.000923910940764472 0.000971618448966183 0.00106609191861935 0.00112174085224979 0.00105004928191192 0.000982083496637642 0.000844949454767629 0.000792219548020512 0.000759464121074416 0.000709272618405521 0.000801449437858537 0.000810116934007965 0.000707904258160852 0.000783387041883543 0.0014450445480179 0.00130782632040791 0.000767749865190126 0.00059855722647626 0.000603692646836862 0.000543889112304896 0.000441269807924982 0.000335848506074399 0.000280860399652738 0.000206715077365516 0.000211618950561387 0.000236499765014742 0.000235415290808305 0.000231421690114075 0.000220692663424416 0.00020304117933847 0.000204249049420469 0.000181249829620356 0.000206151360180229
0.00094669145764783 0.000866821760428138 0.000948072646860965 0.00112959464313462 0.00118697432917543 0.000363313234265661 0.000873720267554745 0.000885227991966531 0.00100946439779364 0.000930049846647307 0.00102147867437452 0.00106756464228965 0.00104978201561607 0.00087423779477831 0.00100046708248556 0.0010299093730282 0.000952758782659657 0.000842903088778257 0.000796401433763094 0.00138970183325 0.000774003472179174 0.000832773451111279 0.00066540026164148 0.000674944248748943 0.000583620631368831 0.000579615257447586 0.000819548242725432 0.00129276379011571 0.000969636207446456 0.000854250375414267 0.00059371943352744 0.000493514229310676 0.000403416465269402 0.000298269063932821 0.000256290454126429 0.00021888682822464 0.000188049228017917 0.000230393819219898 0.000241177755378885 0.000214148159284377 0.000222977325029206 0.000215643313276814 0.000207375271565979 0.000221376244007843 0.000236790022609057 0.000259258113510441
0.000905817741295323 0.000842560292221606 0.000857674379949458 0.000984668650198728 0.0010622154281009 0.000921062959241681 0.000752683228347451 0.000772297321236692 0.000334995513549075 0.000904522548080422 0.00102890620473772 0.00105301425792277 0.00101668332354166 0.000927474308991805 0.000968335487414151 0.000998789834557101 0.00093927868292667 0.000779935804894194 0.00025057172315428 0.000903583876788616 0.000856240841676481 0.000864208341226913 0.000609479055856354 0.000548347135190852 0.000493335374630988 0.000630954036023468 0.000909142917953432 0.0010558394191321 0.000879704314866103 0.000729648667038418 0.000482709481730126 0.000363047985592857 0.000258220577961765 0.000206218723178608 0.000205883684975561 0.00019406878927839 0.00017236541971215 0.000179245448089205 0.000177856187656289 0.000191316822747467 0.000194934662431479 0.000193507062795106 0.000202288733999012 0.000185030088323401 0.000185928736755159 0.00016528779087821
0.000841536404914223 0.000849731583730318 0.000834405981004238 0.000936084563727491 0.00102438756730407 0.000881187841878273 0.000811411617905833 0.000920305927866138 0.000888755213236436 0.000853642972651869 0.000980666716350242 0.000827851684880443 0.000784236419713125 0.000878915408975445 0.000847308555967174 0.000921500052209012 0.00103878119844012 0.000882564255152829 0.000331819194252603 0.000856241342262365 0.000240833756834036 0.000719799270154908 0.000561436466523446 0.000489153867238201 0.000519587125745602 0.000669303382164799 0.000947841559536755 0.000807076238561422 0.000592720578424633 0.000500475699664094 0.000315164933272172 0.000246197075466625 0.000223128749348689 0.000228810058615636 0.00020045485071023 0.000183153703983407 0.000195586213521892 0.000227751313650515 0.000214128034713212 0.000170022284146398 0.000170361590426182 0.000229476323147537 0.000232318118651165 0.000226382122491486 0.000167552415223327 0.000148609817551915
0.000751104330993257 0.000763122815988027 0.000750779744703323 0.000718711371882819 0.000714304347638972 0.000757693810737692 0.00073799702222459 0.000853301407187246 0.000966815336141735 0.000842121499590576 0.000755797565216199 0.000248877418925986 0.000824573668069206 0.000856448017293587 0.000908095447812229 0.000917885694070719 0.000967960042180493 0.00090109936427325 0.000761303436593153 0.000277456222102046 0.00032980246032821 0.000659840076696128 0.000558535463642329 0.000495063987909816 0.000525301898596808 0.000694489982561208 0.00101700040977448 0.000664318873896264 0.000435236335033551 0.000336079913540743 0.000267193255422171 0.000251552928239107 0.000236446603958029 0.000205431433278136 0.000175139694329118 0.000203468840481946 0.000227185748371994 0.000267667770094704 0.000224498839816079 0.000254895898979157 0.000262233125977218 0.000331624948012177 0.000232811786554521 0.000193023210158572 0.000191218571853824 0.000180520099820569
0.000698548564105295 0.000714764467556961 0.000714751245686784 0.00068569442955777 0.000673188135260716 0.00067475225077942 0.000682628684444353 0.000772036577109247 0.000898857510765083 0.000242773094214499 0.000345980729616713 0.000808885635342449 0.000882995643769391 0.000910546025261283 0.000943282444495708 0.000925856837420724 0.000864725848077796 0.000876611971762031 0.000274341754266061 0.000342673451814335 0.000734251763788052 0.000549053656868637 0.000493964782799594 0.000509000639431179 0.000516401443746872 0.000623078513308428 0.000741223403019831 0.000417937088059261 0.000306998011365067 0.000253756208985578 0.000230548383115092 0.000211911339283688 0.00019285562884761 0.000181685810093768 0.0001953223189048 0.000245133337739389 0.000297592511924449 0.000281430801260285 0.000232229545508744 0.000305432449385989 0.00030840659601381 0.000294705061241984 0.000222154465154745 0.000185298801079625 0.000184142609941773 0.000197505189134972
0.000700905232224613 0.000769662053789943 0.000725928021711297 0.000720175105379894 0.000741585405194201 0.00069164800515864 0.000694560664123856 0.000694725391804241 0.000704579160083085 0.000700731191318482 0.000775510014500469 0.000779406804940663 0.000796617372543551 0.000835346351959743 0.000842653959989548 0.000802991996170022 0.000804987509036437 0.000889296425157227 0.000889029243262485 0.000798423000378534 0.000645422012894414 0.000527700569364242 0.000466728101309855 0.000442043320799712 0.000438409551861696 0.000479308600188233 0.000411131570581347 0.000291694435873069 0.000225289946683915 0.000197329271031776 0.000184411118971184 0.000177109677315457 0.000163593135948759 5.77965965931071e-05 0.000200099218636751 0.000259904582344461 0.000307762609736528 0.000212148285208968 0.000200271845824318 0.000230245840066345 0.000241369583818596 0.000222589021723252 0.000208273462340003 0.00022138058920973 0.000206815970159369 0.000207735908043105
