Scripts_&_data/Maxent_result_files_1/Bombus_velox_2.asc
NCOLS 594 
NROWS 330 
XLLCORNER -15 
YLLCORNER 23 
CELLSIZE 0.166666666666667 
NODATA_value -9999 
[rows 120 to 139 of 330, columns 230 to 275 of 594]
-9999 -9999 -9999 -9999 -9999 -9999 0.363395567238331 0.0016069826495368 0.00133688409696333 0.000768383240210824 0.201556827127933 0.237328551709652 0.295262506604195 0.0077928893500939 0.00226504022721201 0.0175236762966961 0.00612817481160164 0.199273210018873 0.187212339043617 0.0712839499115944 0.0268413895741105 0.236379016935825 0.08920873478055 0.0275831366889179 0.00826115866657346 0.00111910989799071 0.000503071065759286 0.112393260374665 0.144137907773256 0.0147497034166008 0.00715479089412838 0.000801540215616114 0.00120546605612617 0.00131684752414003 0.000932117865886539 0.00163643226842396 0.00443837253842503 0.00436704604653642 0.00417548750992864 0.118157559260726 0.0511650873348117 0.0216253062710166 0.00482778404839337 0.0647108621895313 0.185870124399662 0.0130038570147008
-9999 -9999 -9999 -9999 -9999 -9999 0.0428415121510625 0.00330786288250238 0.0202584088779986 0.112412524968386 0.262467055022717 0.204111164808273 0.0210903346538544 0.0723346997052431 0.00590890673920512 0.00534052987350151 0.00641922364011407 0.0177007823716849 0.0029939231229946 0.00579864894971252 0.00852569630369544 0.00132392459199764 0.00117616857751273 0.00225527395377867 0.0305090906098485 0.132927906140685 0.0126491178758442 0.18346948698163 0.158212041854858 0.00959103419445455 0.000256728534441208 0.0104165963130072 0.0981545209884644 0.0744061280041933 0.0312073785811663 0.00115429873694666 0.00209128051064909 0.128522071614861 0.0387941960245371 0.0523177212104201 0.113340325653553 0.0334344733506441 0.00637578689493239 0.00435625856043771 0.0184231521561742 0.00712203185539693
-9999 -9999 -9999 -9999 -9999 -9999 0.0923810819163919 0.0243305111303926 0.111600955575705 0.0605572482571006 0.0367520540952683 0.158288290351629 0.0309246133081615 0.0675745781511068 0.0386305142194033 0.0175318870227784 0.00390477181063034 0.0160375714302063 0.00281171717215329 0.0260113823227584 0.00493917551357299 0.00339552225777879 0.00204406437696889 0.00235379072837532 0.0478119991719723 0.0252455827780068 0.000657973770285025 0.262673269212246 0.145450357347727 0.111189832910895 0.244735607504845 0.176541657745838 0.0209075663704425 0.123860218375921 0.0684805560857058 0.00440472731133923 0.00404028767952695 0.0102589105255902 0.267304690182209 0.286897331476212 0.172096674144268 0.00178648899309337 0.00281836786307395 0.0221364062279463 0.0205310238525271 0.00953447837382555
-9999 -9999 -9999 -9999 -9999 -9999 0.991083753108978 0.111155845597386 0.0185856070369482 0.0346092285588384 0.0126563286874443 0.00711357838008553 0.0122450937284157 0.218277987092733 0.117652963846922 0.0524367574602366 0.0222496716305614 0.0198019346687943 0.00642286457587034 0.0287216413766146 0.00435343241551891 0.0582249671220779 0.156161354482174 0.0557666255161166 0.0258966138586402 0.0035659171291627 0.00613886297214776 0.214917105436325 0.200544232875109 0.21087651476264 0.164427138119936 0.0726571004837751 0.0231536885723472 0.00229515004903078 0.00201362775405869 0.00382279044715688 0.000868161889957264 0.000950230329181068 0.0582632400095463 0.164442484080791 0.00469329555053264 0.0051555076148361 0.00606270639691502 0.00149740199558437 0.0305726450867951 0.0177411643788218
-9999 -9999 -9999 -9999 -9999 -9999 0.138203710131347 0.0177824041806161 0.0804022027179599 0.00522361118346453 0.00304696877719834 0.00447530006058514 0.0152975042816252 0.0619760762900114 0.00693027158267796 0.0137153361458331 0.00601303717121482 0.00325726055307314 0.0123246477451175 0.0190612439531833 0.136635435372591 0.153236921876669 0.0244751926511526 0.0348992673680186 0.0137921473011374 0.00394527609460056 0.055164741538465 0.224888382852077 0.228741881251335 0.222824253886938 0.145916034281254 0.196434324234724 0.0219977389089763 0.00223766258568503 0.00208754485356621 0.0108932491391897 0.00277702602325007 0.00667581427842379 0.0604687757790089 0.13117413893342 0.00438309075543657 0.0196150955744088 0.0230530807748437 0.0254718760028481 0.0133061268366873 0.0111622653901577
-9999 -9999 -9999 -9999 -9999 0.0161218795084034 0.0010381192123482 0.000883800322564632 0.00153759201002686 0.261894088983536 0.00417450966779143 0.00279997957404703 0.00233854324324057 0.00929182409308851 0.0488079937174916 0.0578821618109941 0.00628637096378952 0.0128533232957125 0.106827871873975 0.220978778600693 0.0743225647136569 0.00170663503813557 0.0146203790791333 0.107968959957361 0.0121557483682409 0.163994114845991 0.172076992690563 0.216848856210709 0.233248218894005 0.0730527386069298 0.138790947198868 0.173611526191235 0.12472406513989 0.0660161592066288 0.00897941666189581 0.0507431933656335 0.0319998583756387 0.0287974396720529 0.238809849321842 0.131433241069317 0.0026021376485005 0.00299026066204533 0.0089153905864805 0.0151023207232356 0.0098279959987849 0.000601022104092408
0.00376813029288314 0.00215738033584785 0.0116732115158811 0.00595252644270658 2.2672983868155e-08 8.19128122712121e-06 0.00760402893611172 0.0269160086289048 0.00148650882183574 0.0805727787315846 0.0872807204723358 0.0351316759362817 0.00951633113436401 0.00605553830973804 0.00265619619749486 0.00864360393024981 0.0247797217220068 0.0849914789199829 0.0539737179875374 0.00365045422804542 0.0142310678260401 0.000770022162760142 0.126018248870969 0.0815873969346285 0.0586423872038722 0.185823950916529 0.231392784416676 0.114551424235106 0.00790736263152212 0.0116066384129226 0.20854814723134 0.0762833369895816 0.187752596288919 0.100490810349584 0.0109728903509676 0.00821615299209952 0.0047760866349563 0.00364323196699843 0.0760864954441786 0.219978040456772 0.133948828279972 0.00455844586249441 0.00714582612272352 0.00734221683815122 0.00164519006502815 0.000638857565354556
0.0641942592337728 0.0124427186325192 0.0032367962267017 0.00460659377858974 0.00130318373703631 0.00794045996153727 0.00276307660428756 0.00212386367088934 0.0575819411293196 0.085165449231863 0.206602413952351 0.0039243720122613 0.0187951029278338 0.0417836518026888 0.0410885067656636 0.00959989787079394 0.0392565391026437 0.0525385228917003 0.0800888951867819 0.118948238343 0.115889783576131 0.0912531267851591 0.0850105309858918 0.13593977689743 0.228316000103951 0.252963815629482 0.251926165819168 0.00295411489787512 0.00419212088454515 0.0128142929635942 0.0271592384204268 0.010946428286843 0.0139126175548881 0.00222245852346532 0.0014465517597273 0.000820754849701188 0.00116402159910649 0.000950098119210452 0.00887149819172919 0.0447730021551251 0.151721236854792 0.0384824646636844 0.000865892070578411 0.00162187572568655 0.00113875051320065 0.000959204437094741
0.0814532902091742 0.0913210244849324 0.00398999966564588 0.118779032304883 0.126515097543597 0.0886719008907676 0.0628312174230814 0.136652260646224 0.0281895453110337 0.000887696348490863 0.00747247578110546 0.101373217627406 0.0258783521596342 0.00600919992430136 0.0456359080970287 0.020400801487267 0.00360387560795061 0.0382367161102593 0.0375566939823329 0.061363166756928 0.20675760358572 0.21583641692996 0.25326978713274 0.215652845799923 0.127977243065834 0.243094518780708 0.236280307173729 0.105362895876169 0.00351544306613505 0.000795183755690232 0.00127500174276065 0.00151791907264851 0.0157963930163533 0.00111135261831805 0.000719460577238351 0.000811476854141802 0.000754009041702375 0.0010349698131904 0.00687128745485097 0.0644389908760786 0.264185009896755 0.19678123742342 0.00134525113098789 0.00163081874488853 0.00755352256819606 0.00396767662605271
0.102128037065268 0.0937015265226364 0.0989852916449308 0.102181943506002 0.127723296359181 0.142853846773505 0.137173851579428 0.0797666715458036 0.139074650779366 0.014757663779892 0.000643554249836598 0.00064760727545945 0.00352098254370503 0.00719969585770741 0.0238449594937265 0.0149154268205166 0.0282077988609672 0.0632709881290793 0.123728914558887 0.11150040961802 0.229852380603552 0.267879317700863 0.274242529273033 0.207951784133911 0.256471379101276 0.256799526512623 0.0750817697495222 0.190982183814049 0.123973903059959 0.00152555175009184 0.00196262284880504 0.00116519495786633 0.000714789621997625 0.000736494467128068 0.000602508703013882 0.00119492203521077 0.00118261119059753 0.00161797010805458 0.00241524749435484 0.0168736240826547 0.176123005896807 0.202970708906651 0.129361541569233 0.000766116013983265 0.0655569544062018 0.0126818845048547
0.116821682266891 0.0903496697545052 0.100490662641823 0.104266938753426 0.12453248500824 0.109340493381023 0.127677489817142 0.134861756116152 0.121181226894259 0.0538119659759104 0.0112065629567951 0.0780868904665113 0.0390801365487278 0.01213139872998 0.0387957298196852 0.0302986556664109 0.056935572437942 0.0192448375280946 0.144878842309117 0.212275529652834 0.25422049164772 0.0268860857002437 0.0260636446997523 0.0101424581836909 0.0628676427528262 0.0419883329421282 0.0104105400387198 0.0180351102724671 0.0130557019263506 0.00198589543579146 0.00379335958277807 0.0011708552527125 0.00135937996674329 0.004707108263392 0.000821203822852112 0.00240278891287744 0.00317529389867559 0.000934061533189379 0.00222935470519587 0.00136703237658367 0.0482001855969429 0.00382637273287401 0.119579280912876 0.0638138668611646 0.115995360165834 0.102680254355073
0.14179907143116 0.133037617057562 0.112914570048451 0.111184779927135 0.123445311933756 0.116264812648296 0.121703953295946 0.132488212361932 0.137948320433497 0.127924042753875 0.156842475384474 0.132544144615531 0.101300731115043 0.06329001551494 0.116433348506689 0.0917692398652434 0.164829309657216 0.0717031512409449 0.154120556637645 0.0928859226405621 0.20039189606905 0.124219935014844 0.149487064778805 0.0372744884341955 0.104592525213957 0.12191598303616 0.0145060585346073 0.140208938345313 0.0250105234328657 0.0226515535730869 0.00307333156233653 0.00129725169535959 0.000778994371648878 0.0013618916622363 0.000991559860995039 0.000875536003150046 0.000749267236096784 0.00133052535238676 0.00299036889337003 0.0276637956500053 0.0142299774568528 0.00111389572848566 0.00183930790517479 0.00627371122827753 0.00352864279411733 0.00100781884393655
0.108472881093621 0.144245367124677 0.143570397794247 0.130455822125077 0.117122774384916 0.115071911364794 0.0790755288675427 0.033503550523892 0.146385373175144 0.152145793288946 0.154390592128038 0.126280150189996 0.155546514317393 0.17200124822557 0.187973888218403 0.167215634137392 0.188455537706614 0.104585010558367 0.0429157267266419 0.000244917764671015 0.206730857491493 0.159721823036671 0.158336403220892 0.0280887157656252 0.203085912764072 0.256901152431965 0.124505931511521 0.148330691456795 0.247704680263996 0.0183342796284705 0.000635342866007704 0.00102757167187519 0.00230656536878087 0.00075462645618245 0.0178703937679529 0.0114891141653061 0.000842537847347558 0.000775590070406906 0.00180207663215697 0.0468954291194677 0.13296518586576 0.0208902578800917 0.00296899367240258 0.000918633834226057 0.00105575878405944 0.00226984905893914
0.134942281991243 0.0769311621785164 0.158151080831885 0.123985372856259 0.125719343870878 0.0362976787611842 0.00135621373483445 0.0401335264090449 0.123510333709419 0.151577467098832 0.119778127223253 0.0332734369323589 0.146774970367551 0.174274522811174 0.077671567723155 0.0577775304205716 0.0555698594078422 0.0930389799177647 0.152310534566641 0.187867670506239 0.0470949466340244 0.00935468287207186 0.00801608401816338 0.0771206394536421 0.218616861850023 0.218663397431374 0.170001640915871 0.168312046676874 0.221550209075212 0.218393336236477 0.0050021838163957 0.00196446602931246 0.00255661511910148 0.000568218386615627 0.00106764369702432 0.00104327065346297 0.000468446503509767 0.000463707008748315 0.0100763789145276 0.016180676734075 0.0507830990478396 0.00309568803058937 0.00825461854692549 0.0353556525893509 0.010434614866972 0.00291735674254596
0.150074253976345 0.18014445155859 0.164166351407766 0.132860643044114 0.121714753657579 0.0941554601304233 0.128108550235629 0.11458572819829 0.123242094367743 0.115619587525725 0.0400570594705641 0.0905637765303254 0.1670898668468 0.0693139581009746 0.147708828747272 0.0601637860760093 0.0119374786037952 0.0762505901861004 0.0233413092326373 0.0978152630850673 0.145948939025402 0.213018412142992 0.0447008749470115 0.248522222042084 0.0437651099637151 0.201438859850168 0.0784104898571968 0.0220919486135244 0.218538016825914 0.19720938578248 0.0223445788491517 0.000165576644940302 0.000281666653609136 0.00935017934534699 0.0052236394258216 0.00121744671487249 0.000587057374650612 0.0119829415343702 0.104747133329511 0.104451011866331 0.0706193592399359 0.00238556221011095 0.0006185906167957 0.000699949574482162 0.00260781800607219 0.00287747590336949
0.182014372944832 0.157414450868964 0.154432076215744 0.130648875236511 0.121004447340965 0.126205071620643 0.129353518784046 0.0334331485442817 0.135638776794076 0.149149179831147 0.162151654064655 0.158383666723967 0.190648364275694 0.175266640633345 0.156373420357704 0.0605602279305458 0.00210493887441442 0.111138573102653 0.163949669897556 0.170255758613348 0.108263670280576 0.00438281674869359 0.0027950550080277 0.151518077403307 0.18973194360733 0.215987738966942 0.166057338565588 0.128642108291388 0.122729348391294 0.226172828674316 0.0790082139894366 0.00868598716333508 0.000828358190483414 0.0256390199996531 0.0516957528889179 0.00898510874249041 0.0475121838971972 0.169353169947863 0.196998520940542 0.162596534192562 0.173052880913019 0.0104473955230787 0.0257016717456281 0.0999051947146654 0.180265900492668 0.00316524994559586
0.167047572880983 0.152587936446071 0.117148262262344 0.0744049603119493 0.113795924559236 0.134054665639997 0.147617483884096 0.147895295545459 0.0364596780389547 0.155900372192264 0.165376309305429 0.176426270231605 0.140918711200356 0.0214495715219527 0.00126076449195656 0.00226711885514099 0.017064475649272 0.158915280550718 0.241761173307896 0.229496515542269 0.0833153432235122 0.240649330615997 0.0572854420170188 0.0808920109644532 0.19756593555212 0.161719745397568 0.203937444090843 0.23658648878336 0.153193416446447 0.162505534291267 0.0515498792752624 0.0617604695260525 0.0541819824837148 0.0580719601362944 0.0427188213914633 0.022394947335124 0.089846570417285 0.18176059871912 0.0855193706229329 0.133041032403708 0.0114719948731363 0.000205909430587781 0.1961041405797 0.2543925344944 0.223561331629753 0.264741446077824
0.126038727164269 0.127442986890674 0.122516969591379 0.122358775138855 0.11681670602411 0.0309772494249046 0.00214220078196377 0.0671374242752791 0.155938020348549 0.144492645934224 0.148674638569355 0.161078508943319 0.185900115966797 0.0618817041628063 0.0050302129873993 0.000684366572167294 0.0566112705040723 0.111578357219696 0.206649319827557 0.243631121516228 0.239266416430473 0.106369554623961 0.138880716264248 0.170533490926027 0.245922534167767 0.232392066717148 0.221802794933319 0.134654622152448 0.0032650325098075 0.00106943695573136 0.0958100035786629 0.0151065386366099 0.189791949093342 0.0363077024929225 0.0274408390745521 0.138084823638201 0.111052492260933 0.168744334578514 0.103666299581528 0.111994363740087 0.18598035722971 0.160236322134733 0.240837447345257 0.207806711643934 0.240439686179161 0.250825750827789
0.000619987923710141 0.00226510816719383 0.0442957089282572 2.25213732552021e-07 0.00347907549003139 0.0330084437038749 0.0806263219565153 0.156850021332502 0.0921604309231043 0.0867687664926052 0.17851118594408 0.167072201520205 0.0986802142346278 0.0373140381852863 0.00717488004884217 0.0266413535922766 0.00810640900344879 0.0277945787645876 0.0432345583969436 0.00696751902942197 0.185408435761929 0.144638357684016 0.116620032861829 0.25387932062149 0.0884482026100159 0.265769566595554 0.266275687515736 0.170780771225691 0.0138239587191492 0.000734176912010298 0.00380849526263773 0.0426341857761145 0.0649813577532768 0.0887105334550142 0.180869418382645 0.18229571133852 0.0329410743899643 0.18537180274725 0.168626286834478 0.0974232506006956 0.0511874788440764 0.0640855472534895 0.00574245622847229 0.0097089460818097 0.0930359784513712 0.188167367130518
0.0275053285295144 0.0107064933865331 0.124260069616139 0.117019525356591 0.0708231231197715 0.130866052955389 0.176321927458048 0.151598206907511 0.126278251409531 0.011001362442039 0.0627476945519447 5.46314985072627e-07 0.00366809970125125 0.00391603311260838 0.0052681507172565 0.044825132470578 0.133257654029876 0.0195373509628212 0.152131894230843 0.213701612502336 0.119575329124928 0.00289222533901921 0.0279203038895503 0.209837190061808 0.118275829032063 0.243625386059284 0.113490786030889 0.00513699073344469 0.00353000878822058 0.000460733305953909 0.000693025438522454 0.00118772571731824 0.00650837670546025 0.0598229367285967 0.176541033387184 0.131457632780075 0.168413179367781 0.176854188740253 0.222540035843849 0.101938741654158 0.226280142366886 0.120234033837914 0.0244711570441723 0.0165131407324225 0.0250535723753273 0.106869480013847
