Scripts_&_data/Maxent_result_files_1/Bombus_lapidarius_3.asc
NCOLS 594 
NROWS 330 
XLLCORNER -15 
YLLCORNER 23 
CELLSIZE 0.166666666666667 
NODATA_value -9999 
[rows 60 to 79 of 330, columns 405 to 449 of 594]
1.3904835395806e-05 2.32467169553274e-05 0.000226876314263791 0.00020896436762996 0.000199270885786973 0.000169181416276842 0.00023654320393689 0.000148540860391222 6.75873438012786e-05 3.89754286516109e-05 4.27442699219682e-05 5.04236366396071e-05 4.4989741036261e-05 3.96499115595361e-05 4.23049634264316e-05 4.85655406009755e-05 5.22309084772132e-05 4.64884946268285e-05 4.32176118920324e-05 3.99992239181302e-05 3.69206065442995e-05 3.62399619916687e-05 3.6804510273214e-05 3.73968148778658e-05 3.70300665963441e-05 3.88794596801745e-05 3.60599809937412e-05 3.00600007903995e-05 2.38804249420355e-05 1.97646521883144e-05 6.65723156998865e-05 5.92200303799473e-05 2.0289678741392e-05 2.16664384424803e-05 1.86865096111433e-05 1.88447154869209e-05 1.84443956641189e-05 1.90147216926562e-05 5.61405904591084e-05 5.81780637730844e-05 7.6125240593683e-05 6.7291859886609e-05 1.75402629793098e-05 1.51205586007563e-05 1.70007100678049e-05
8.3959350376972e-06 1.64905242854729e-05 6.43340721580898e-05 0.000127175002126023 0.00017929098685272 0.000464703398756683 0.000126899106544442 3.75271898519713e-05 3.75721609088941e-05 4.00695185817312e-05 5.04467083374038e-05 5.67405117180897e-05 5.62738747248659e-05 5.03899782415829e-05 5.43700913112843e-05 4.93990399263566e-05 0.000116743834223598 4.42841877884348e-05 4.41501406385214e-05 4.21070457377937e-05 3.87872531064204e-05 3.77503703930415e-05 3.53881392584299e-05 3.15747087370255e-05 3.26252182276221e-05 0.000106493677594699 3.14469662043848e-05 3.16760926580173e-05 7.70617771195248e-05 2.29094121095841e-05 1.99287059331255e-05 4.466603641049e-05 1.90765924344305e-05 2.1275019935274e-05 1.89326513464039e-05 1.63612565302174e-05 1.71368502378755e-05 1.62738072503998e-05 1.73561801602773e-05 7.73758540162817e-05 4.95243206387386e-05 2.30848336286726e-05 1.86859791028837e-05 1.49545509884774e-05 1.62640316375473e-05
9.67196883721044e-06 4.09414014939102e-06 0.00012579756148654 0.000108906190144487 4.34056853919174e-05 4.49602595836041e-05 3.40153037541313e-05 3.49986506989808e-05 4.81073730043136e-05 8.81910862517543e-05 3.68193130270811e-05 4.81466904602712e-05 5.23538838024251e-05 4.50815899966983e-05 0.000125094252871349 4.27490936999675e-05 4.27747327194083e-05 3.90708351915237e-05 4.1304602746095e-05 4.13853076679516e-05 3.72103266272461e-05 9.38645243877545e-05 3.38207637469168e-05 3.17244383040816e-05 5.37459287443198e-05 0.000201804461539723 2.63297195488121e-05 3.26706696796464e-05 2.13482217077399e-05 4.99161025800277e-05 5.07922864926513e-05 4.9064709310187e-05 1.81922971023596e-05 1.79223218765401e-05 0.00013915344607085 5.6411960395053e-05 1.78613976459019e-05 1.79999716237944e-05 1.79448778908409e-05 1.86507329090091e-05 1.80312164957286e-05 1.95788095879834e-05 1.8728719351202e-05 1.66027942213987e-05 2.35444843383448e-05
1.20664439236862e-05 0.000106072152266279 8.90674462425522e-05 3.65072370186681e-05 0.000268096243962646 3.8599730032729e-05 3.91870902603841e-05 4.88631776534021e-05 4.17676443248638e-05 4.16309947468108e-05 3.77646203560289e-05 5.06472508277511e-05 4.28989857027773e-05 4.7971411186154e-05 4.85105556435883e-05 5.33766273292713e-05 5.11748228746001e-05 4.04854281441658e-05 3.8230161590036e-05 3.66500678865123e-05 3.56411717802985e-05 3.19081989800907e-05 3.20448136335472e-05 3.22172854794189e-05 2.96437670840533e-05 2.58084220149613e-05 2.20213551074266e-05 3.24033132528712e-05 4.37794944446068e-05 4.11728498875164e-05 1.79330474566086e-05 1.86813660548069e-05 1.8832826117432e-05 2.3976445208973e-05 1.80788686520827e-05 1.78717884409707e-05 4.4371127296472e-05 1.74513459569425e-05 1.77120034095424e-05 1.70672698004637e-05 9.94260393781588e-05 5.54082856979221e-05 1.79626272256428e-05 1.7022289102897e-05 1.69735569215845e-05
0.000180020660627633 0.000251669256249443 0.000182795501314104 0.000381202634889632 0.000223350297892466 4.04363445341005e-05 8.60292580910027e-05 7.21998305380112e-05 7.0684607635485e-05 5.52497922399198e-05 5.66930117201991e-05 0.000208203549846075 4.79272595839575e-05 4.33059640272404e-05 4.99627447425155e-05 5.15141160576604e-05 3.62118249540799e-05 3.59036945155822e-05 3.53737266777898e-05 3.29460313878371e-05 3.17742933475529e-05 3.25855649862206e-05 3.4783602313837e-05 3.03450173305464e-05 3.2239581378235e-05 2.45354765866068e-05 2.23802031541709e-05 2.24968795919267e-05 2.14981063436426e-05 2.10034656447533e-05 2.03812456675223e-05 2.39507787227922e-05 3.68547662219498e-05 4.47773854830302e-05 7.1801122976467e-05 3.99007476516999e-05 6.71254238113761e-05 1.84093408279296e-05 1.77112860910711e-05 2.42188640186214e-05 1.695999826552e-05 1.57524206770177e-05 1.56149657414062e-05 1.67236864399456e-05 1.76428618033242e-05
8.20983812445775e-05 2.93289382170769e-05 3.3580944636924e-05 6.43916551780421e-05 9.6894173475448e-05 0.000128042927826755 3.5873457454727e-05 4.38131748524029e-05 3.13841172101092e-05 7.30397967345198e-05 4.72478515803232e-05 4.79981605167268e-05 5.17319425853202e-05 4.41768419477739e-05 4.95717089506797e-05 3.55437401594827e-05 3.13325424940558e-05 3.17650934448466e-05 3.49759313394316e-05 3.99919415940531e-05 5.36658830242231e-05 5.78031895202002e-05 3.47706190950703e-05 0.000102176483778749 2.68059777226881e-05 2.8831378040195e-05 2.40965094235435e-05 3.67712207662407e-05 3.0085924663581e-05 3.7764694661746e-05 2.17187575799471e-05 5.81810250878334e-05 5.54684898816049e-05 2.78306276413787e-05 1.845449596658e-05 3.12184911308577e-05 9.08603818970732e-05 7.30779516743496e-05 1.78617136043613e-05 2.06028166758188e-05 1.67233441061398e-05 1.53036516167049e-05 1.71217232491472e-05 1.72117835063546e-05 2.08523347282608e-05
6.68959139147773e-05 3.64999533303489e-05 5.26317649928387e-05 4.66161538497545e-05 3.8888729068276e-05 2.54968342233042e-05 0.00011142517614644 0.000126382489725074 3.31597413605778e-05 8.26206747660763e-05 0.000105302644442418 8.32509913379909e-05 7.46990450352314e-05 3.80840998332133e-05 4.52659367510932e-05 4.48014468929614e-05 4.02411238610512e-05 4.23349662014516e-05 6.7156363002141e-05 8.6695445861551e-05 6.92238932970213e-05 6.71105368382996e-05 0.000367716909386218 8.63572216985631e-05 3.85441931939567e-05 3.32993199663179e-05 2.55851276961039e-05 2.6784834699356e-05 6.65143221340259e-05 8.26994764793199e-05 3.05164066958241e-05 3.67715842003236e-05 2.36551006310037e-05 3.08266814499802e-05 2.77849743724801e-05 8.66707589011639e-05 6.72640264383517e-05 5.39094914529414e-05 2.94349477371725e-05 6.46019138002885e-05 6.22451727394946e-05 4.53571499747341e-05 4.51254119070654e-05 1.65263370945468e-05 2.35138427342463e-05
0.000257535692071542 2.59945670677553e-05 4.87826158405369e-05 4.01047085688333e-05 5.66284959859331e-05 8.61383394294535e-05 0.000259467400610447 0.000140259333420545 7.49315320717869e-05 0.000136997894696833 0.000615587935317308 7.64933594837203e-05 8.03879060185864e-05 0.000188469089334831 7.66042687246227e-05 4.3564955740294e-05 5.32772936821857e-05 6.97385134117212e-05 7.60964232540573e-05 7.4099718767684e-05 8.37840146232338e-05 0.000138860689185094 0.000136478728381917 0.000116852344945073 7.80600532380049e-05 0.00012076482817065 6.00990449129313e-05 3.22365149258985e-05 0.000107514607952908 0.000143772974843159 0.000131485715974122 5.29420304701489e-05 5.53651114387321e-05 0.000122990165255032 5.4378769300456e-05 0.000356068243854679 6.50036183287739e-05 6.36137215224153e-05 3.51389319803275e-05 2.83107589893916e-05 9.95143504951557e-06 2.02407126835169e-05 2.81659276879509e-05 2.67721628915751e-05 2.15396622479602e-05
0.00024036662071012 0.00012184226361569 5.77050726860762e-05 1.56005988174002e-05 5.08125871419907e-05 5.22510803421028e-05 2.40189412579639e-05 0.00037022068281658 0.000101526043727063 0.000160346021584701 0.000118330964960478 4.41043268892827e-05 0.000150181207936839 5.26607214851538e-05 7.34775963792345e-05 8.48864787258208e-05 0.000127198142581619 9.64486247539753e-05 8.64898461259145e-05 7.16865817139478e-05 6.84529550198931e-05 8.622240202385e-05 0.000116384704597294 5.77294705180975e-05 0.000107273709727451 5.10589793066174e-05 5.97868670865864e-05 7.71840798734047e-05 7.69605005189078e-05 0.000145783158950508 0.000153752419282682 9.79048140834493e-05 5.50886232304038e-05 5.41822473678621e-05 6.21312923613004e-05 3.94263683119789e-05 4.81168397527654e-05 7.44421481613244e-05 0.000165779009694234 0.000140566563641187 3.19397389830556e-05 1.61375362949912e-05 4.0754704423307e-05 4.44670663455327e-05 4.17771510910825e-05
0.000158529076725245 8.23084972125798e-06 7.6716068724636e-05 3.57025615812745e-05 2.62383888184559e-05 1.87041594472248e-05 0.000244581012520939 0.000109319694456644 5.68195394407667e-05 5.53158547518251e-05 7.7680085269094e-05 8.65618814714253e-05 6.9412744460351e-05 8.20652970560332e-05 0.00021538685032283 7.16021051630378e-05 0.000185643639997579 0.000139090765151195 0.000135259688249789 8.88793373633234e-05 9.40494734095409e-05 6.46012886136305e-05 0.000110724692058284 8.43629633891396e-05 5.66395173336787e-05 4.46400545115466e-05 5.42243564268574e-05 4.60050214314833e-05 4.89917889353819e-05 3.9715315324429e-05 2.79207342373411e-05 6.03132670221385e-05 8.24746248326846e-05 8.746132516535e-05 4.38837147612503e-05 9.22206701943651e-05 5.92998705997161e-05 1.07991088952986e-05 4.45863857748918e-05 6.73199130687863e-05 4.34161273005884e-05 7.8167245737859e-05 8.08788638096303e-05 0.000103075563674793 2.26488693442661e-05
4.79688583254756e-06 2.80610343907028e-05 4.3105251097586e-05 5.02920402141171e-06 3.25939170579659e-05 3.06409303448163e-05 4.62980455267825e-05 0.000143613197997183 0.000139366322218848 9.64985008977237e-05 0.000222231270890916 8.76874181813037e-05 6.58785064388212e-05 6.65116478558048e-05 0.000105022876778094 0.000120708193207975 2.20234738662839e-05 9.17098295758478e-06 3.67644779544207e-06 7.55602770368569e-05 8.39787069708109e-05 4.33287379564717e-05 6.76209281664342e-05 1.20270646220888e-05 1.50714098708704e-05 6.74897877615877e-05 2.35638807225769e-05 7.44644610676914e-05 5.22760878084227e-05 0.000177102416637354 0.000163374033218133 0.00032907451641222 0.00030703392221767 0.00026661793472158 8.31740719149821e-05 4.35800800914876e-05 4.0480234019924e-05 0.000103926594601944 7.69893516007869e-05 7.32512048671197e-05 9.43349898989254e-05 6.57929179396888e-05 6.58350359117321e-05 0.00010767508065328 6.14390184637159e-05
1.06345580206835e-05 3.28662505125976e-05 9.36669922339206e-05 6.89821655214473e-05 5.64908106071016e-06 6.08635647949996e-05 1.57513743033633e-05 2.36976707128633e-05 0.000106427016817179 0.0002052044703305 0.000336292578140274 8.87257427166332e-05 0.000119052662466856 0.000182094765841612 6.24389669155789e-05 0.000175283904536627 4.95472868351499e-06 6.00596118602636e-05 4.53175682650908e-05 4.39787243522005e-05 0.000112152054498438 0.00020076248983969 1.528707180114e-05 0.000269662331629661 0.000121725416101981 3.06036416077404e-05 2.01461007236503e-05 3.39049685862847e-05 7.65851582400501e-06 5.97056041442556e-06 1.05040717244265e-05 7.30421845219098e-05 1.26309987535933e-05 3.35974888002966e-05 3.67341108358232e-06 8.35230821394362e-05 0.000290689428220503 0.000120961494394578 8.14225818430714e-05 9.51203299337067e-05 4.8694280167183e-05 1.99732108740136e-05 2.08021590424323e-06 2.62956629740074e-05 4.53957414720207e-05
1.77464120497461e-05 9.62945356150158e-05 0.000210015632910654 0.000242865402105963 0.000500428697705502 0.000599541503470391 0.000180726210237481 6.58237302559428e-05 3.95852257952356e-05 0.00010982753819917 0.0002251864381833 0.00038216563007154 0.000184106414053531 0.000301513834710931 0.000180092241498642 9.33776991587365e-06 1.43511195346946e-05 2.67077381067793e-05 6.67532840452623e-05 2.69004081019375e-05 3.44356915775279e-05 1.15776880420526e-05 0.000123489317320491 0.000104461236878706 4.93969780109182e-05 2.83564651908819e-05 5.81616583730238e-06 4.04092555982061e-05 3.0986730416771e-05 2.55460603511892e-05 1.18401873805851e-05 3.36102384608239e-06 3.02539549011271e-05 8.51282253279351e-05 4.03865564976513e-05 0.000191785778588383 0.00013793723010167 7.26471756024694e-05 1.07732446736009e-05 3.18510487204549e-05 2.32241728099325e-05 3.85953651857562e-05 1.182667131161e-05 2.80275962722953e-05 9.3564294729731e-06
6.468733336078e-05 0.000538377466727979 0.000111013805144466 3.15729455905966e-05 0.000692770525347441 0.000467001980359782 0.000203388632144197 0.00072731639520498 0.000507320486940443 0.000564724279320217 0.000266507907872438 4.94529875595617e-05 0.000118230398220476 0.00010950101132039 6.53506518574431e-05 6.14276890701149e-05 0.000355695786493015 0.000100855191612936 0.00010049840720967 0.000144299042585772 8.42961108446616e-05 2.8192555618034e-06 3.12804628208596e-06 4.91129665078915e-05 3.07645610178042e-06 4.72105231892783e-05 9.8851700022351e-05 5.7699102035258e-05 3.01558713545091e-05 3.71871334209573e-05 2.43208458414301e-05 2.73405223197187e-05 9.71687658420706e-05 5.01973100199393e-05 5.93806396636865e-05 0.000204716719599674 7.70521001868474e-05 0.000152497063390911 1.03086832837107e-05 2.04715087761542e-06 1.91780478871806e-05 3.78298856958281e-05 6.03592008701526e-05 4.28498052315263e-05 8.55946374940686e-05
0.0007208637021904 0.00105092278682009 0.00143416021819577 0.000299005406850483 0.000574063288513571 0.00107533035079053 0.000718344771303236 0.000430161235271953 0.000101726262255397 4.94157225148228e-05 2.82436912129924e-05 2.23825794819277e-05 8.64135326992255e-06 5.13202612637542e-05 2.08173663850175e-05 7.85772324888967e-05 0.000461408944102004 9.09811865312804e-05 2.49004187821811e-05 9.78202218902879e-05 4.17887425101071e-05 3.54639379565924e-05 1.57780396250473e-06 0.000123696845730592 0.000535195122938603 0.000277652515796945 9.22030737910973e-06 7.84617939615373e-06 1.27895404489209e-06 1.17856795895932e-06 1.4608138769745e-06 4.44964782218449e-05 0.000353820202872157 4.38501327153062e-05 0.000144576770253479 0.000385835871566087 6.14069421772001e-05 0.000107451645271794 4.40051342593506e-05 0.000100844027292624 0.000193414297245909 0.000162931202794425 0.000144696983625181 0.000212844731868245 8.46796334371902e-05
0.000446223351173103 0.00057805550750345 0.000285854691205378 4.50356637884397e-05 0.000260450452333316 0.000112479411473032 0.000285246630664915 3.71521329952884e-05 1.66102458024397e-05 0.000105098279891536 2.90831858364982e-06 0.000202587933745235 2.09045625524595e-05 4.66997138573788e-05 2.05242951778928e-05 7.87539363955148e-05 0.00028514918340079 0.000143001245123742 3.72457232970191e-05 3.47789446095703e-06 6.12213360000169e-05 1.78819867869606e-05 1.0251153594254e-05 1.60626503202366e-05 3.66347467206651e-05 2.90981971829751e-05 5.25127561559202e-06 4.77487701573409e-06 2.58247011516e-05 6.29822743576369e-06 0.000422962434822693 0.000249727345362771 0.00036844172864221 0.000125520137953572 0.000468146055936813 0.000225184820010327 5.71589938772377e-05 0.000109270998837019 6.38218657513789e-05 0.00010216389400739 8.42657880639308e-05 9.87471892585745e-05 0.00012219515920151 0.000169267583987676 0.000226197051233612
0.000226460630074143 2.91685053070978e-05 1.88563142638376e-05 0.000279674881923242 1.0501822544029e-05 8.49020834721159e-05 4.07746154905908e-05 6.21212520854897e-06 9.17187731829472e-05 2.48011653638969e-05 9.37265562242828e-05 6.07963114816812e-05 6.4987366204261e-05 0.000516811187844723 0.000202242776867934 0.000231336098477186 0.000146633115218719 3.3337807872158e-05 1.31417173179216e-05 6.63828546547673e-06 5.77864384471161e-06 1.74213205355045e-06 1.45276731018384e-06 2.32047616009368e-05 0.000260725667249062 2.24314031584072e-05 1.55494712771542e-05 1.08208495475992e-05 5.04736104630865e-05 0.000529206427745521 0.000267094595074013 0.00042837027576752 0.000283062587914174 0.000238776073092595 0.000431551021756604 0.000317797675961629 8.44253969262354e-05 6.29800168098882e-05 8.15451290691271e-05 7.38639588234946e-05 0.000350689544575289 0.000150450432556681 0.000378838895994704 0.000157720252173021 0.000263122920296155
0.000250118160926327 0.000221762016053617 0.000243695627432317 7.09719315636903e-05 6.95362788974308e-05 0.000131964060710743 0.000173250253081036 1.01777268355363e-05 8.94947053893702e-05 0.000293090817285702 0.000220768380677328 0.000123581578372989 0.000613780133426189 0.00028850574163849 0.000453058769926484 0.000196154386507108 0.000410518979697372 7.35626315872651e-05 1.26722844015603e-05 3.67446227755863e-06 2.87187438516412e-05 6.13128270742891e-05 0.000219826991087757 0.000148287128718039 7.29200515479533e-05 1.99996669834945e-05 6.56871263345238e-05 2.06095132853079e-05 1.66335565154441e-05 2.22553733692621e-05 5.7135591214319e-05 0.00014882743707858 0.000276732165366411 0.00046139410696926 0.000367803819244727 0.000351241382304579 0.000369532126933336 0.00014147904003039 0.000288065028144047 0.000214960490120575 0.000101449698559009 0.000182421802310273 0.000194256386021152 0.000179000428761356 0.000258092361036688
0.000476478612851949 0.00025562081725693 0.000498586321555194 3.84804587380216e-05 8.30806376438176e-05 0.000229354934158721 3.35526702656352e-05 1.18963467805488e-05 0.000157755185500896 0.000316228979500011 0.000454662530682981 0.000287537329131737 0.000354653561953455 0.000332183964221799 0.000184245841955999 2.71829657322087e-05 0.000771902110864175 0.0010256456793286 0.000213663693284616 0.000137995758268517 0.000100435179047054 3.98792552005034e-05 1.5597547417201e-06 3.27700328853098e-05 5.96708559896797e-05 0.000335610925685614 0.000249117665263987 0.000767251243814826 0.000284358998760603 9.36824857490137e-05 3.83266507014923e-05 3.32000861817505e-05 3.74091214325745e-05 0.000353192520560697 0.000150392670184374 0.000499877752736211 7.61479002903798e-05 6.86874062012066e-05 0.000456722604576498 0.000402273971121758 0.000121553866483737 0.000118147800094448 9.18942954740487e-05 0.000205616143648513 0.000275411023176275
0.000453651323914528 0.000447587273083627 0.000331681888383173 0.000688860774971545 0.000312016718089625 0.00075566899042383 0.000708995219103781 0.000560168502852554 0.000259389650067832 0.00157518926106859 0.000741317716892809 0.000348176661646027 0.000158365230890944 0.000271469925078704 0.00110209408575944 0.000190706085420445 0.00145001474315117 0.000374649767763935 0.000843890546821258 0.000323743530316278 0.000300001655705273 0.00010880183235713 0.000214923164458014 5.67853800021112e-05 8.92908981908636e-05 0.000104659544012975 9.98242066998722e-05 0.000926155503938531 0.000562536355573795 0.000438050052616745 0.000133366228692466 6.42799459456e-05 9.47605993133038e-05 0.000137737839759211 0.000244128351914696 0.00021869374322705 6.10571041761432e-05 0.000114309159107506 0.000157574593322352 0.000188100591185503 0.000124828734260518 0.000144832447404042 0.000107542502519209 0.000158204285253305 0.000252213701605797
