Scripts_&_data/Maxent_result_files_1/Bombus_muscorum_3.asc
NCOLS 594 
NROWS 330 
XLLCORNER -15 
YLLCORNER 23 
CELLSIZE 0.166666666666667 
NODATA_value -9999 
[rows 280 to 299 of 330, columns 276 to 321 of 594]
2.54454580672636e-06 5.73630883856646e-06 8.66699420523087e-06 1.41757518702601e-05 1.79318476894896e-05 5.9480915759913e-06 -9999 -9999 -9999 -9999 -9999 -9999 -9999 -9999 -9999 -9999 -9999 -9999 -9999 5.56442524035639e-07 2.59763643706279e-08 1.34270779295065e-07 1.97296257671287e-06 4.12564407803462e-07 3.26515640636238e-07 5.03608900503938e-07 1.53409036662833e-07 1.13456857098182e-07 7.19210849098317e-08 6.80202354352843e-07 1.11002177465291e-06 5.90205753936424e-07 1.36787878712852e-07 4.93174816540431e-08 9.01874186443052e-10 4.16391436885988e-08 7.61491286027649e-08 3.55961496278923e-08 2.38514782906485e-06 2.1751143390647e-06 1.53470410573231e-06 1.17926613958375e-06 1.66322686199205e-06 1.63972763225217e-06 1.14225684987312e-06 1.15999633027997e-06
4.35634708038091e-06 1.24486137182855e-05 3.87263304803209e-05 1.67819942400782e-05 1.09810875712713e-05 6.46117439189187e-06 1.42115440283641e-06 1.04819184088001e-07 6.22127172430487e-06 -9999 -9999 2.79178458866269e-06 7.23363902055407e-07 -9999 2.01861152763216e-06 5.32847246472623e-05 4.2779467580023e-06 1.1982226351348e-06 8.8045626188693e-07 4.05013258619746e-07 2.44481914524197e-07 3.91260640120183e-07 6.86500558000347e-07 9.33073742270807e-07 9.00855576269066e-07 1.47834911490285e-07 3.13654096473215e-08 8.88821127809081e-09 5.63723994595477e-08 9.66357343323843e-07 4.69113022505407e-07 1.14574011167434e-07 1.33005927605012e-07 1.97310691341102e-08 5.54621223614049e-08 4.16801658076338e-08 1.08968521672637e-07 2.18706953769576e-08 3.45793429445962e-08 1.58309393313294e-06 1.39679149513405e-06 1.08083061001185e-06 1.96348072023511e-08 1.55173226623617e-07 9.24837320481764e-07 8.31005538715068e-07
1.38635123095754e-05 3.56759100122672e-05 2.99929257751907e-05 1.51724789484886e-05 1.3058871424565e-05 1.82594916304568e-05 1.91584827291535e-07 2.97701001272799e-07 2.7892549958608e-08 1.35066271026441e-06 1.07944650238334e-06 7.28995478094241e-07 6.29343811497929e-07 5.06606060435288e-07 4.72923637140354e-07 3.85925900148187e-07 4.25686363347832e-07 3.36186961491514e-07 3.52152386406956e-07 3.73851534229974e-07 4.0223338723111e-07 4.49429207427521e-07 5.68674075163145e-07 6.05883004023422e-07 2.69121131568628e-07 1.09818899873826e-07 5.24566428072859e-09 1.13958335989928e-08 7.17706352182379e-07 1.10666575010576e-06 2.2295816282103e-08 1.16550923134895e-08 1.07972381702126e-08 4.13394724674276e-08 6.28226342058724e-08 4.32054978460883e-08 4.14613951171816e-08 9.27799593597456e-08 1.09207013473389e-06 2.25017217653223e-06 1.83210084091501e-06 1.59506773346196e-06 2.1791336568544e-07 9.2088408254476e-07 8.42073799334209e-07 6.81013655057239e-07
2.32711990420964e-05 3.92688110046224e-05 1.73363528493842e-05 2.60030816244594e-05 3.96660142843341e-05 1.3628197801252e-05 4.82719451611047e-07 8.54273266726047e-07 1.43909484318083e-06 1.00270352620946e-06 8.81760426540978e-07 7.10352772659295e-07 5.8229211077343e-07 5.84530862179911e-07 6.73574506171448e-07 4.68611831860866e-07 3.54890527343166e-07 3.97619250491754e-07 5.29812110572347e-07 4.39088362824691e-07 8.21505534442935e-07 5.74001008180058e-07 6.85929576516031e-07 3.87393228551414e-07 1.67787474025793e-08 9.53594327168794e-08 1.02117677658331e-07 1.16994539123283e-07 1.12125684885722e-06 1.33359566611979e-07 2.59201468510994e-07 9.76089521431689e-09 3.9692550046766e-08 4.28103660965462e-08 6.02619486755884e-08 1.49603686594446e-07 7.26545616558383e-08 5.45109403837785e-08 3.102391693377e-06 1.55471004532615e-06 6.31263061823262e-08 1.74058974106162e-06 1.53881012564527e-06 1.16718134200999e-06 9.50559445489496e-07 7.16544352219461e-07
2.85885834997113e-05 5.74177060069125e-05 5.16291133423441e-05 4.78285550412183e-05 5.30451238553553e-05 1.75606863376254e-06 2.68019397090535e-06 3.81877979067635e-06 1.82069482292935e-06 9.11701337691362e-07 7.37636765502092e-07 7.7610361344238e-07 7.81429252194599e-07 8.30387340955419e-07 6.74525582855523e-07 5.53318460216889e-07 4.763987361045e-07 5.27197720434636e-07 4.17432912225291e-07 4.22724442905587e-07 5.49027906893151e-07 9.88937464041495e-07 1.01244270642731e-06 3.37948615680705e-07 9.33743677156151e-08 1.43340066161013e-07 1.53632950805616e-09 1.05196282240705e-08 1.24983706065729e-06 3.55568774423887e-08 8.89533298131795e-09 1.65709584987184e-07 1.92171130564134e-08 6.86040550590405e-08 1.19582074376012e-07 1.16588949339302e-07 3.02401735297053e-07 2.29995676193084e-07 1.45056086608975e-07 9.31837920603584e-08 2.32997025140236e-07 5.10458544877856e-07 2.22432399212824e-06 2.26677814487708e-06 9.37724013250207e-07 7.95418081411814e-07
3.35733352654355e-05 5.67570757699753e-05 1.55968542145168e-05 4.70763217919057e-07 5.1914277685583e-07 1.52102293601297e-06 1.55138954197609e-06 3.09917602718812e-06 3.62462722115486e-06 1.2045247519854e-06 1.09224725550749e-06 1.01516758543863e-06 1.04913997783784e-06 9.38465993416404e-07 1.01010915719568e-06 1.09904379342884e-06 5.71259699078119e-07 4.96537525385143e-07 4.529182788926e-07 6.14115462949094e-07 7.56741198204569e-07 7.9497170940579e-07 4.09249154564861e-07 1.74449268175447e-07 2.20915033677382e-07 1.9856178692379e-07 5.32452226753577e-08 1.23418778857909e-06 4.46844388657386e-07 1.8265691172914e-07 5.26975345138681e-08 4.1627242541864e-08 2.00415253781561e-06 2.54401036481333e-06 5.19348823324606e-07 1.01269383989688e-07 1.33116660805399e-07 2.88160645567359e-07 9.63335901715823e-08 5.48824307256002e-07 2.89825274357725e-07 3.28044615471867e-08 3.32987860840461e-08 1.45753855658182e-06 1.17167740245616e-06 9.90008468304548e-07
5.06194417150052e-05 7.32745130349488e-05 6.93639964310933e-07 1.06236021194528e-06 2.08421683864923e-06 2.03453125876552e-06 1.66812344284395e-06 1.18885098920885e-06 1.5890943689878e-05 1.25001428952221e-06 1.21966838459997e-06 1.27429369469745e-06 1.3275846664218e-06 1.37834604497789e-06 1.22399561828246e-06 8.75212539086512e-07 7.78778261034674e-07 7.02249452211312e-07 4.80096352795112e-07 5.37454413052085e-07 5.4681798996592e-07 4.38503903377185e-07 3.49618670292262e-07 2.47560931920798e-07 2.83810583023847e-07 2.68081755150362e-07 2.96864891791149e-07 8.71043814720807e-07 1.70128186409713e-06 5.28954585465868e-08 8.59773634453997e-07 4.38540319388503e-06 3.10783824550853e-06 3.1378742498589e-06 2.78485984209764e-06 9.24701582993848e-07 1.43320123413559e-07 8.83948841234883e-08 1.83886394466981e-07 1.36248298687747e-07 4.71789465272821e-08 9.83067984350328e-08 4.64718874937375e-08 1.15157390010445e-06 9.04070628271469e-07 8.45522946801847e-07
2.31011633644584e-07 8.94293822405246e-05 6.1935570708882e-06 2.56530428822677e-06 1.44744709067446e-06 1.97370325657475e-06 1.75349146955828e-06 1.78566079146458e-06 2.28079912080181e-06 1.45317949686863e-06 1.36962215419034e-06 1.33314782306826e-06 1.62491466594306e-06 1.47438552329238e-06 1.30267989453259e-06 1.13460229778095e-06 8.71150235592921e-07 9.12479736869809e-07 7.50306989727445e-07 8.06856884671969e-07 5.75052030304946e-07 5.27411096806763e-07 6.08801288493055e-08 3.46167336229275e-07 3.93635300399708e-07 4.08820880315464e-07 9.13688304271521e-07 8.75194526372969e-07 3.18846523328364e-07 1.97533373831327e-06 3.52768062996667e-06 4.53327384775104e-06 4.0762516259063e-06 3.58531125632666e-06 3.39150120803877e-06 2.97116163322508e-06 3.42372975870031e-06 4.37816409509795e-06 2.64096706653616e-06 2.09424833470528e-06 1.28211173343606e-06 4.20180914062485e-08 2.43191311621871e-07 3.52998975925445e-06 2.07243912760946e-06 7.42388826291407e-07
4.62153610777394e-06 2.64897702276778e-06 1.93980200274835e-06 1.31248335871748e-06 2.75532701939918e-06 1.89712602184366e-06 2.11971509080922e-06 1.82939751852684e-06 3.77740320676168e-06 0.000201236290114259 1.34977502707079e-06 1.59031617186223e-06 2.15272270167599e-06 2.16761993958592e-06 2.11260329787688e-06 1.62025626851969e-06 2.22145703903109e-06 1.18384375382696e-06 9.3270044313476e-07 8.90751634474718e-07 7.13409938557508e-07 5.304881072421e-07 6.03017574940523e-07 1.021914172461e-06 5.0772670370236e-07 5.27954031448452e-07 6.89643153750641e-07 9.22361388844273e-07 4.20070394469008e-08 9.54354899107557e-08 7.53257147111386e-06 5.02184653118354e-06 5.00540645249625e-06 4.76298134164388e-06 4.3618767275766e-06 3.52890581917231e-06 3.80468479354024e-06 2.59574155898612e-06 1.11420987850552e-06 2.94786661787505e-06 1.02675769103611e-06 1.27626484739407e-06 1.24767673720383e-06 8.30142778263099e-07 9.20170754126204e-07 7.96144779591223e-07
1.82393160097494e-06 6.27605476211102e-07 6.06610591091794e-08 1.62849622296068e-06 2.99272542226836e-06 1.83862220325404e-06 1.54290993057415e-06 1.79419115623469e-06 -9999 -9999 1.80384603051253e-06 1.89911491200734e-06 2.14600504009343e-06 3.56293519105932e-06 3.37142177183614e-06 2.06315800354018e-06 1.12946890346022e-06 9.86554973747555e-07 1.2071825579052e-06 1.30166900987883e-06 1.81854002653248e-06 9.20266740844777e-07 7.20222709027496e-08 5.29213358391178e-07 8.00245286314283e-07 1.15233190607356e-06 8.37387776553289e-07 1.17726820583197e-06 2.24279364235969e-07 5.62415728211363e-08 4.67297329300731e-06 5.25591760593969e-06 6.32461969634068e-06 5.49753765781702e-06 5.35063141323677e-06 4.29880757831791e-06 3.92833202715881e-06 5.69031826103128e-08 1.83912213636006e-07 5.84008660098334e-08 1.28966662592545e-06 2.07846547456425e-06 1.25149476992714e-06 5.10062890468621e-07 6.60279787290108e-08 8.04194905945632e-07
1.74840424681522e-06 2.35061642683831e-07 7.8742578319968e-07 1.90635952822538e-06 2.2670427023308e-06 2.78099083851346e-06 1.92441974669055e-06 1.60570972730367e-06 -9999 -9999 2.98233865650643e-05 2.39796397534242e-06 2.60222846032443e-06 3.68040214093757e-06 3.33774443433965e-06 2.85464604963259e-06 1.53772121170848e-06 1.50959366799208e-06 1.72852470264884e-06 1.39189999728284e-06 2.98583245571527e-06 3.00142520489599e-06 4.64200278393889e-07 8.18311980432807e-07 2.22950290055257e-06 7.98454612915833e-07 1.09705002170335e-06 1.46653549228937e-06 3.27636532015951e-06 3.10052420858797e-06 3.7939168036516e-06 4.02918933417595e-06 4.57163341351929e-06 3.90424804104228e-06 3.98792621291166e-06 4.39307529231936e-06 2.15243215822003e-06 6.22917076142926e-08 4.82414325375657e-08 4.70046655820511e-08 1.32587052910083e-06 9.91012810525049e-07 9.60970769314784e-07 9.03982794064895e-07 1.0233786463143e-06 1.07443967178877e-06
4.83104755323316e-06 3.03465122821756e-06 1.99453387671467e-06 2.24355454782055e-06 2.62790529289569e-06 3.30461443366348e-06 6.36632383187452e-06 8.26396291295772e-06 1.5307859300151e-07 -9999 -9999 2.95570678575663e-06 3.65024778012923e-06 5.63660540358057e-06 2.7291638119431e-06 2.75184346519852e-06 3.62447420610978e-06 3.01330661682808e-06 3.15974040204781e-06 2.32941188970104e-06 2.36528449730766e-06 2.61603033737678e-06 1.19135270542081e-06 -9999 1.24458404187067e-06 9.63717055446622e-07 1.4612861858998e-06 1.9661071167576e-06 2.15289021344711e-06 2.20905454639819e-06 2.83606852952145e-06 2.74520057295113e-06 3.47740707220545e-06 3.09111107289484e-06 3.49460139756896e-06 3.44259819433645e-06 2.59220152036832e-06 1.06362291840689e-06 5.41914252139009e-08 2.77016086958071e-08 1.15178669235494e-06 9.56594211942718e-07 9.2508856361917e-07 8.02309016734171e-07 6.98893881323492e-07 5.87297837983947e-07
7.93348572691865e-06 4.42185618108049e-06 2.99274895342316e-06 3.10292926086753e-06 2.8646461614712e-06 3.5081551615912e-06 5.59724468520706e-06 7.34361395969829e-06 3.14066393135581e-06 5.4891542608404e-05 -9999 0.000200183517366703 4.54111173116001e-06 4.42674345455529e-06 8.50864989498934e-06 3.99437659368562e-06 5.61819993747381e-06 7.52233651538647e-06 7.98188585757753e-06 5.49059084543613e-06 5.69809616612904e-07 9.75165183747517e-07 -9999 -9999 1.93616274060116e-06 8.65119569315453e-08 7.69103398168269e-07 2.18578234909561e-06 2.4303459331021e-06 1.99553504515171e-06 4.26388652807752e-06 1.94759732220495e-06 2.73657985387921e-06 2.379473606684e-06 2.67402267971617e-06 2.79420468816127e-06 2.55270045107503e-06 1.65717695548295e-06 1.41503110827612e-06 1.22689205331872e-06 1.01631273901059e-06 1.04785609740254e-06 9.76909916283741e-07 9.91978330155963e-07 7.06229454006113e-07 6.31852493049312e-07
2.53633166423239e-05 1.0837514965889e-05 4.95726668314767e-06 3.35094841927841e-06 3.21921047515827e-06 3.29575357855827e-06 4.60899303850182e-06 5.84652587500845e-06 6.47116498184719e-06 1.08478376155019e-05 -9999 -9999 0.000552938159883665 9.2946554872686e-07 1.72690720093849e-06 5.3885617662619e-06 6.7279794855879e-06 9.07882438458962e-06 5.13112459756826e-06 3.13911462272998e-06 4.95971236524895e-08 5.28815383038506e-08 -9999 1.94017805463798e-05 5.33817272019288e-07 2.8864618757396e-07 1.93733348804459e-06 2.82737658880983e-06 2.81961495267602e-06 2.41018090948453e-06 3.13799233713219e-06 2.29248083436495e-06 1.86467779245136e-06 1.581388497085e-06 1.7557280736713e-06 1.89098036762481e-06 2.28446349714861e-06 1.899773610059e-06 1.3439817743599e-06 1.07828630122597e-06 9.81688627088584e-07 9.17312060910724e-07 8.62890578090525e-07 8.44943928857145e-07 7.81929323567798e-07 6.86463474952603e-07
1.29227083256467e-05 1.04830545662571e-05 6.54973901867972e-06 6.64975986687244e-06 6.82653442954928e-06 6.82727962247887e-06 6.66839511322959e-06 6.80498867012824e-06 1.02916862275815e-05 1.45223196813871e-05 -9999 -9999 -9999 6.10380702751323e-06 1.08514832852791e-07 1.37324923854543e-06 4.29504973898931e-06 6.56993866436917e-06 6.72951456920368e-06 4.06143514056767e-06 4.73227809294485e-07 6.54345787332033e-08 -9999 2.19078457744937e-06 5.82078534705488e-08 4.63379430826194e-08 2.3492351626575e-06 3.13009489453231e-06 2.91900216129459e-06 2.48504596360721e-06 2.80605011648838e-06 3.38604407367216e-06 1.24651907994489e-06 1.00192319536507e-06 1.0901266530694e-06 1.09505979061231e-06 1.49527960550122e-06 1.59308754404952e-06 1.24842703461692e-06 9.98656803485876e-07 9.43744582548867e-07 8.14455380160339e-07 7.94161933836968e-07 7.24193996570754e-07 7.23779528721824e-07 7.52359841638128e-07
2.18314563525723e-05 2.14312097721603e-05 1.04186230807546e-05 7.29194815320966e-06 7.27763202549303e-06 7.86820797238352e-06 6.87397608806206e-06 1.47840918462983e-05 1.7703580991224e-05 1.26705920936221e-05 3.75196780051157e-05 -9999 -9999 4.10195937367019e-05 4.10537226518404e-06 4.11690927180075e-06 4.0591641270793e-06 3.26551429206123e-06 1.8317354500974e-06 8.01286216045582e-08 1.23633660965572e-06 0.000142144007842293 -9999 2.08751255244e-06 3.02487611872904e-06 1.84998712805529e-06 3.48231735457505e-06 1.52476936217116e-06 3.01199917674966e-06 2.54673584163534e-06 1.8091680470067e-06 9.19794967302323e-07 1.04849355054837e-06 8.40397978918439e-07 7.45304986082829e-07 7.58041681836463e-07 1.05796810428993e-06 1.25538973759776e-06 1.13110464378119e-06 9.19284836764511e-07 7.23172055761001e-07 8.48125691088608e-07 9.11057586872044e-07 7.62891227801266e-07 6.62434581499838e-07 6.91415941334039e-07
2.0823890192645e-05 1.6623432088636e-05 1.69392318051464e-05 9.15080063528251e-06 1.01148668874451e-05 1.22683593957063e-05 1.10373146180121e-05 1.82451251635518e-05 1.18085398581713e-05 1.49745698691639e-05 1.27619152944902e-05 -9999 -9999 0.000527624443363694 2.10301211632791e-06 2.74125070466313e-06 4.18432207754948e-06 1.09440762138591e-05 4.93262193128619e-06 3.33321393775066e-07 2.81837833581156e-06 -9999 -9999 4.12006348462501e-06 4.14086565840854e-06 3.45731772918301e-06 5.306842977848e-06 2.98054027272343e-06 2.44183438609102e-06 3.84921497875723e-07 1.22165401251761e-06 9.35725155970513e-07 6.62742139279082e-07 6.57636877754442e-07 1.0277531887426e-06 7.21056257169117e-07 9.27173833453754e-07 1.0957356406216e-06 9.26529592604197e-07 7.76929139190141e-07 7.79073275747333e-07 9.06510162534957e-07 1.06311087965105e-06 9.42210700838331e-07 7.67394332545912e-07 6.61089539233384e-07
2.00101380944062e-05 1.68027975346874e-05 1.33762059803644e-05 1.07311774726782e-05 1.20520067463659e-05 1.33740004944594e-05 1.42364033648867e-05 1.335758387917e-05 5.71345356448205e-07 5.61043697899777e-07 8.24908488039622e-06 7.45330855985715e-06 -9999 -9999 7.05072040409593e-05 4.89760152677654e-07 2.63480667994642e-06 1.52665894810777e-05 7.48713854799021e-06 4.44508146048017e-06 1.87111452873978e-06 -9999 0.00168151015042093 4.31782269227909e-06 4.67631675206137e-06 3.70338284412242e-06 2.68224013031393e-06 2.37094491520873e-06 1.61326393899319e-06 2.86756577571046e-06 1.07373937540123e-06 1.33493452718625e-06 1.63844585997497e-06 5.16018997274159e-06 5.34339323321476e-07 5.23143362440859e-07 8.7362852202455e-07 1.08955118518494e-06 8.32441905807002e-07 7.8884489234099e-07 7.63436077955149e-07 8.3731519351371e-07 9.03737811130956e-07 8.97865476290338e-07 8.58440245199432e-07 7.93854034064623e-07
2.09178834321477e-05 2.04064687316929e-05 2.04539157287797e-05 1.98419804895877e-05 1.86295364398958e-05 1.05197069892427e-05 1.35280038888297e-05 1.39256108363739e-05 1.37050816770401e-05 4.02407828303808e-07 1.83805528994441e-05 8.64514197375099e-06 8.20806536694363e-07 -9999 -9999 -9999 9.39414679901329e-07 1.02961763825959e-07 8.28416651305064e-06 6.04970493831569e-06 0.00116259636688272 -9999 1.16029199109136e-05 1.03010383010194e-05 8.72501394297842e-06 3.65524323865385e-06 3.52148825496501e-06 4.90860718050934e-06 2.75742092477049e-06 2.63184856005294e-06 2.09539267801428e-06 1.0044228922923e-06 5.10858454383367e-07 5.00718811391465e-07 5.54593875790044e-07 7.89673677437097e-07 6.48214357390486e-07 7.36280361524067e-07 8.30052095890377e-07 8.55272246380601e-07 7.74697950023384e-07 8.12435215069573e-07 7.35134061158327e-07 7.16898708097435e-07 6.9361104737542e-07 6.48648974377331e-07
2.23613558343771e-05 2.31494914412878e-05 2.19062631778399e-05 2.34143115662278e-05 2.89548208254331e-05 1.64049523159626e-05 1.46096364103343e-05 2.07805092877322e-05 1.66694626646091e-05 1.79996488359535e-05 1.4694406540583e-05 2.3237552248645e-06 6.68590845911421e-06 2.39285287208957e-05 -9999 -9999 7.18253878804087e-05 4.31839339121165e-06 2.66544042158978e-06 4.3844767093737e-06 0.00028505947161287 -9999 -9999 -9999 -9999 6.11321895050976e-06 2.91707818246278e-06 2.50602062428218e-06 7.09142874333324e-07 1.43729519205271e-06 2.49562131180436e-06 2.35935815551258e-08 6.37442601814087e-08 1.57570509529137e-08 6.66587175901512e-07 6.58574968792625e-07 7.18085093931453e-07 7.2896839502512e-07 7.76247004175001e-07 9.10928715225356e-07 9.15065720508146e-07 8.33132457556118e-07 6.6034755186184e-07 6.4537587971536e-07 6.10465359229817e-07 5.84709955797624e-07
