Scripts_&_data/Maxent_result_files_1/Bombus_melanurus_3.asc
NCOLS 594 
NROWS 330 
XLLCORNER -15 
YLLCORNER 23 
CELLSIZE 0.166666666666667 
NODATA_value -9999 
[rows 280 to 299 of 330, columns 230 to 275 of 594]
0.00143530998611823 0.00152215778944083 0.00176113260095008 0.0022281849058345 0.00269911724608392 0.00317484838888049 0.00374482836341485 0.00461828181287274 0.00573809500783682 0.00653862704057246 0.00719384914264083 0.00760378757258877 0.00698256918694824 0.00609718043124303 0.00642475900240242 0.00607363113667816 0.00569584798649885 0.00546678137034178 0.0051493197446689 0.00508402918931097 0.00506369032664225 0.00485582474502735 0.00431222968036309 0.00819573514163494 0.015850655012764 -9999 -9999 -9999 -9999 -9999 -9999 -9999 -9999 -9999 -9999 -9999 -9999 -9999 -9999 -9999 0.000239962934460891 0.000744563089187977 4.87408502198861e-06 6.63762224320408e-05 2.46649415274192e-05 2.23592141068707e-05
0.00119519428699277 0.00138351963250898 0.00152925243601203 0.0017280759580899 0.00204103380674496 0.0023992202593945 0.00297462942544371 0.00345702624181286 0.00418288958026096 0.0049448742880486 0.00600480462890118 0.00687844237545505 0.0127802558010444 0.00723135938169435 0.00725682806223631 0.0145847122184932 0.00656242498662323 0.00628984342329204 0.00609620230388828 0.00597241744981147 0.00568816037266515 0.00531069872085936 0.00497645856812596 0.00444666853290983 0.0038203831325518 0.00356862563639879 0.00322541184141301 0.00284237947489601 0.00703753037378192 -9999 -9999 -9999 -9999 -9999 -9999 -9999 -9999 -9999 0.00677835920068901 8.88769426431679e-05 7.45629362313593e-05 2.31735612032935e-05 7.57099058773747e-05 6.66237787072532e-05 4.31214639917243e-05 3.65451403638417e-05
0.00109025416895747 0.00122621437767521 0.00136062582605518 0.00163398996228352 0.00175262872362509 0.00211628122488037 0.0024195994483307 0.00265210735378787 0.00316576219629496 0.00373697534669191 0.00462130398955196 0.00532643456244841 0.00615666249068454 0.00664376615313813 0.00657163416035473 0.00630356193287298 0.00631951303221285 0.00643734494224191 0.00632318002753891 0.00626752417883836 0.00612521309521981 0.00582506021601148 0.00552306725294329 0.00499536865390837 0.0045633859175723 0.00407629541296046 0.0035903778654756 0.00309839298861334 0.00303046751650982 0.00316236431826837 0.00312569860834628 0.00304607731522992 0.00215377082640771 -9999 -9999 -9999 -9999 0.00340087876247708 0.00036273800753861 2.757804652056e-05 2.32406335513247e-05 5.89131917280383e-05 1.75648989085175e-05 1.28866785132686e-05 2.29067512293568e-05 8.56644127225081e-06
0.000686856033280492 0.000847277152934112 0.00124725552741438 0.00156197633477859 0.00198398139327764 0.00187771135242656 0.00203757790150121 0.00225303107872605 0.0024060798343271 0.0027400755090639 0.00333174526458606 0.00397996914107353 0.00466464483179152 0.00535112704383209 0.00568695615511388 0.0055462671094574 0.00547320190817118 0.00563418070087209 0.00573280601529405 0.00574857346946374 0.00567162139341235 0.00541270274552517 0.00527673726319335 0.00497378180734813 0.00471861460828222 0.00424863227817696 0.00399231384508312 0.00355244191305246 0.0033548177278135 0.0033013598585967 0.00323090126912575 0.00284286746755242 0.00255880180629902 0.00241386336274445 0.00149618925352115 0.0022337956528645 0.0012152835886809 0.000393690139480896 0.000389967322917073 5.7236610521727e-05 1.19939034893157e-05 1.41055911644372e-05 8.75206416246499e-06 1.61844679922751e-05 1.66687662897402e-05 2.37290221889452e-05
0.00134069594787434 0.00137150874361396 0.00134436475345865 0.00131790653103963 0.0015886073873844 0.00116300614317879 0.00110623129294254 0.00117960812640376 0.00210893695475534 0.00231215866515413 0.00262331009143963 0.00317190833156928 0.00393005677033216 0.00472884165355936 0.0050363379647024 0.00531206431915052 0.0053284889087081 0.00548811420449056 0.00522078904905357 0.00509616778581403 0.00498970050248317 0.00470054594334215 0.00471674290602095 0.00483273325953633 0.00475122093921527 0.00451758195413277 0.00427305199555121 0.0037901043164311 0.00329441416251939 0.00339755649620201 0.00323098358639982 0.00261402768956032 0.00230998657352757 0.00207808164268499 0.00181291069020517 0.00161784942029044 0.00152625668051769 0.00137581135641085 0.00133863741793903 0.000738945870034513 0.000218560265238921 7.85354535082661e-05 7.37074669586946e-05 1.03330907137433e-05 1.19962022353093e-05 6.11972133128802e-06
0.00123607772984542 0.00127375886077061 0.00127444242825732 0.00132657091598958 0.00142572814365849 0.00104155735753011 0.00099219921103213 0.00146153444657102 0.00192171338712797 0.00217229748377576 0.00230397384148091 0.00266238594194874 0.00321553819230758 0.00392913576215506 0.00440627152565867 0.00461955136270262 0.00489737539901398 0.00517765554832295 0.00496524610789493 0.00468625305220485 0.00384066075203009 0.00369549744063988 0.00423604928073473 0.00474719916237518 0.00447242875234224 0.00360607465263456 0.00258080170606263 0.000940234851805144 0.00187408532656264 0.00200059753842652 0.00193449718935881 0.00191356985305902 0.0018353183142608 0.00175663918780629 0.00162696994084399 0.00142830980475992 0.00124191352369962 0.00111307699553436 0.00105204622086603 0.00102657839015592 0.00092848621570738 0.000339888755843276 0.000431076173117617 0.000134984830765461 1.00257193736297e-05 1.55138665661525e-05
0.00136857531615533 0.00139707214548253 0.00143362110247836 0.00142649938934483 0.00147978109307587 0.00149604032631032 0.00153823373257183 0.00149923169519752 0.00183062992291525 0.00204505374422297 0.00223975935950875 0.00263275072793476 0.00280186805757694 0.00335009712143801 0.00396108805434778 0.00410219389596023 0.00433438534382731 0.00448275554226711 0.00436204188154079 0.00354915326461196 0.0029879486100981 0.00283753072144464 0.00254576846782584 0.00254993228591047 0.00181840069708414 0.00144709593732841 0.000405649526601337 0.000513556482655986 0.000466560615495837 0.00108213495186646 0.00142502530798083 0.00134909784246702 0.00135354224184994 0.000701638454484055 0.00115290174289839 0.00107119102322031 0.000969469823758118 0.000911600356630515 0.000903325532271992 0.000828397904115263 0.000695765392447356 0.000394253990089055 0.000438154575385852 8.71206521878776e-05 6.694584253637e-05 0.000150101789540713
0.00148341309977695 0.00150513451662846 0.00168120191665366 0.001543787837727 0.0013413444685284 0.00134184485068545 0.00123364122700877 0.00125932869850658 0.00149795247707516 0.0018848717212677 0.00212500139605254 0.00246382376062684 0.00304704568115994 0.00325048375525512 0.00395078572328202 0.00294740181416273 0.00310543489758857 0.00426202818052843 0.00411712471977808 0.00270893402339425 0.00254431829380337 0.00230646007403266 0.0015444442993612 0.00144780548725976 0.0014157778234221 0.00129440969321877 0.00120743582519935 0.00118626223847968 0.00117037607415114 0.00119427716126665 0.00116363770794123 0.00120628969161771 0.00119819294777699 0.00114158378273714 0.00103787127882242 0.00099409592221491 0.000908941074158065 0.000847514680936001 0.000778904149774462 0.000704342435346916 0.000693790744116995 0.000726630497956648 0.000801274890545756 0.00104991368716583 0.000965172174619511 0.000253438497747993
0.00124078299268149 0.00118893343606032 0.0011509980307892 0.00106437735375948 0.00106923811836168 0.00114704202860594 0.00106214588740841 0.00115117440582253 0.00123325138119981 0.00159188177785836 0.00205512439133599 0.00239931541727856 0.00304309682687744 0.00347218017559499 0.00386883753817528 0.00390495767933317 0.00415205034660175 0.00406111959600821 0.00389226856641471 0.00258465058286674 0.00202600900956895 0.00163407600775827 0.00137694431614364 0.0013018541620113 0.00122601126931841 0.00120786836487241 0.00114439806638984 0.00106594402022893 0.00103509782347828 0.00108449202671181 0.00116316776548047 0.00115981517592445 0.00112133908260148 0.00110247658449225 0.00108687897445634 0.00108875330188312 0.00103147972258739 0.000880312311346643 0.000858266561408527 0.000885243891389109 0.000911057426128536 0.000959760160185397 0.0010060592670925 0.00122311185696162 0.00153723293915391 0.000796018455002923
0.00133505348931067 0.00113364935386926 0.00112307168310508 0.0010158275894355 0.0009328723535873 0.000849527074024081 0.000845915504032746 0.00168411293416284 0.000856660748831928 0.00135335823288187 0.00198686406947672 0.0024348430277314 0.00305142080178484 0.00355768109438941 0.00229840191313997 0.0025939516548533 0.00388145375181921 0.00393984788679518 0.00265485660056584 0.00190031278179958 0.0014804498074227 0.00133180985139916 0.00123711657652166 0.00117922849021852 0.00118770856788615 0.00112636061967351 0.00109050096943974 0.00112651909876149 0.00112516842200421 0.00116852528299205 0.00116517134010792 0.00110121623729356 0.001141340599861 0.00113921840675175 0.00108689410262741 0.00102952676243149 0.0010080563777592 0.00100541983847506 0.00101660336949863 0.00111096837790683 0.0012150029942859 0.00126358446432278 0.00153433288796805 0.00196491711540148 0.00204591461224481 0.0017792975588236
0.00112838678760454 0.000965236069168896 0.00098802013671957 0.00103573041851632 0.000949909019982442 0.000784488010685891 0.000729587429668754 0.000749377490137704 0.000792676163837314 0.00101535044959746 0.00201003120746464 0.00273763453005813 0.0029269101418322 0.00616352107026614 0.00245853135129437 0.0034788868855685 0.00366269293008372 0.00348670315579511 0.00479739176225849 0.00152044851420214 0.0012677338643698 0.00113509373477427 0.00110941821185406 0.00107713347679237 0.00105704728630371 0.00108244298025966 0.00107626235694624 0.00107868297782261 0.00108602331602015 0.00116919212741777 0.00118476272909902 0.0012235734902788 0.00124185920576565 0.00126187412533909 0.0011985148768872 0.00120053678983822 0.00123000613530166 0.00126942178467289 0.0013907648564782 0.0015064321400132 0.00167065550922416 0.00179875997710042 0.00189761841902509 0.00141012499807402 0.000684820154856425 0.000657593341020402
0.00108561122906394 0.00107489349320531 0.0010667682508938 0.00100277356687002 0.000833534792764112 0.000868258415721357 0.000818502035690472 0.000846954755252227 0.000960412007407285 0.00140268742688932 0.0020808738481719 0.0029348389536608 0.00366776101873256 0.00385021756519564 0.00338150818133727 0.00261944143276196 0.00300581018091179 0.00285250896704383 0.00209386872884352 0.00147051012027077 0.00111196185753215 0.00108168560691411 0.00105946262483485 0.000986031694628764 0.000963990335003473 0.000898580570355989 0.000913264957489446 0.0010766404971946 0.00115200962172821 0.00122116022394039 0.00132448482327163 0.00140866249566898 0.00139221732388251 0.00138587387627922 0.0014317073917482 0.00153268226422369 0.00158936594380066 0.00170575982774608 0.00185658207628876 0.00207193803507835 0.00179187108878978 0.00161473653279245 0.000715277323615737 0.000731429923325777 0.000479767867545888 2.89692261731034e-05
0.00127883901004679 0.00130632587242872 0.00128847757587209 0.00108565811533481 0.000967670138925314 0.000898363534361124 0.000935619487427175 0.000960144092096016 0.00111699065018911 0.0016290581173962 0.00236617267364636 0.00357274582202081 0.00605469745059963 0.00522387450619135 0.00211405696027214 0.00129626695124898 0.00171773869224126 0.00244569145725109 0.00188369329262059 0.00123699547257274 0.00105778393917717 0.00106147949554725 0.000967849064909387 0.000956459589360747 0.000918998348060995 0.00090379829343874 0.000986992215621285 0.00106929229805246 0.00115736982552335 0.00117711368366145 0.00136816244921647 0.00143957561231218 0.00163459139293991 0.00179292720276862 0.00196314506465569 0.00223002971615642 0.00239567102398723 0.00254365969449282 0.0025889023207128 0.00250914522912353 0.00183120829751715 0.00188201515702531 0.000478941094479524 0.00134781894739717 4.97363661452255e-05 0.000297546749789035
0.00153299908852205 0.00141212653834373 0.0014181446575094 0.00113665392273106 0.000980817666277289 0.00102879395126365 0.000949479779228568 0.00107930178637616 0.001239605693263 0.00172453307604883 0.00236791000934318 0.0035893531749025 0.00385872477781959 0.00344453336147126 0.00263539715961088 0.00236251263413578 0.00211926019110251 0.0019063075480517 0.00141264425765257 0.00117090781859588 0.00100232349941507 0.000903326120169368 0.000918286523665301 0.0009257388766855 0.000896658669807948 0.000892951455898583 0.00096835081349127 0.000944462459301576 0.00122256290051155 0.00142562758410349 0.0016089393699076 0.00196949766250327 0.00223903286969289 0.00248354708310217 0.00299071728950366 0.00322211316088215 0.00352084434125572 0.00305706231156364 0.00311452635796741 0.0026948825805448 0.00260503705358133 0.00278373428154737 0.00278363381512463 0.00177932659862563 0.00105014370637946 0.000108802694830956
0.00187166178366169 0.00140618698787875 0.00141656776540913 0.00110558435553685 0.00107871402869932 0.00105257508694194 0.000989122019382194 0.00114226067089476 0.00127195201639552 0.00154377382132225 0.00216014365141746 0.00277141183323693 0.003146600414766 0.00304407887451816 0.0026839564263355 0.00235551927762572 0.00215461602783762 0.00216833964805119 0.00135345172311645 0.00129084704967681 0.00108926666143816 0.0010691749950638 0.00112334882724099 0.000985523796407506 0.00102400851319544 0.000975840748287737 0.00112030939781107 0.00126207588473335 0.00154536954360083 0.00197166200960055 0.00252006558002904 0.00291968992678449 0.00265775154111907 0.00271039009094238 0.00288650173461065 0.00360681433230638 0.00315670607378706 0.00307666683802381 0.00315733217867091 0.00336499401601031 0.00344355613924563 0.00364399536047131 0.00417572532314807 0.00590568457264453 0.00128540893201716 0.000146041749030701
0.0021892981720157 0.00159276189515367 0.00154133257456124 0.00141241953824647 0.00125244259252213 0.00105705055175349 0.00101705479319207 0.00115467127761804 0.00135353576042689 0.00166367783676833 0.00196326352888718 0.0022228353889659 0.00237151442852337 0.00238209971575998 0.00224864253541455 0.00209946322720498 0.00196766295703128 0.00182999551179819 0.0013771597383311 0.00120359854772687 0.00113347618316766 0.00104307982837781 0.000943702709628269 0.000858050709939562 0.00102662909193896 0.00110316181089729 0.00122917921398766 0.00155168219353072 0.0022317478666082 0.00263275937177241 0.00334782301215455 0.00404016536194831 0.00436082081869245 0.00385379882063717 0.00317531970795244 0.00321980832377449 0.00351308267563581 0.00411167428828776 0.0048975280020386 0.00504439051728696 0.00552753177471459 0.00586608340963721 0.00590929915197194 0.00308264133054763 0.000165732724781265 0.00135861586022656
0.00220141066238284 0.00218920367769897 0.00188299764413387 0.00167527216253802 0.00127124496502802 0.00107377357780933 0.00109932345803827 0.00124011146835983 0.00129650766029954 0.00142140806419775 0.00178872499382123 0.00194713927921839 0.00203847803641111 0.00205108952941373 0.0019775629567448 0.00185688934870996 0.00181201146915555 0.00139174385985825 0.00121675937261898 0.00122093742247671 0.00117047316743992 0.00111931844148785 0.00112693351111375 0.00108438552124426 0.00115300733596086 0.00123727424070239 0.00165996024734341 0.00201365377288312 0.00259563904255629 0.00378334106644616 0.00519398602191359 0.00548010831698775 0.00481941031757742 0.00456844044383615 0.00419738087803125 0.00442220945842564 0.00608440833166242 0.0047589321853593 0.00479802256450057 0.00497992064338177 0.00523155357223004 0.00545985973440111 0.00544799424242228 0.00470885871909559 4.97041430207901e-05 0.00342440227977932
0.00218040393665433 0.00267351606162265 0.00207319448236376 0.00185063505778089 0.00131051885546185 0.00118041769019328 0.00112520336988382 0.00119422875577584 0.00124113408382982 0.00131695041200146 0.00147970315883867 0.00170915586058982 0.00181004896294326 0.00184411990921944 0.00179552486515604 0.0016264603997115 0.0013995774614159 0.00138976345770061 0.00144900281447917 0.00140022425330244 0.00134641826152802 0.00117379443254322 0.00127295826678164 0.00136147161247209 0.00148068877751939 0.00207405246328562 0.00257165908114985 0.00334146694513038 0.00418221950531006 0.00516927500721067 0.00616071750409901 0.00577118874061853 0.00522680736612529 0.00130923138058279 0.00485736506525427 0.00481738029047847 0.00527252350002527 0.00486714073922485 0.00501521769911051 0.00519192079082131 0.0052629284793511 0.00528595549985766 0.00527495294809341 0.000609344593249261 0.000171095038967906 0.00620463129598647
0.00210857237689197 0.00268559142714366 0.00243931603617966 0.0018442596658133 0.00150321811088361 0.00128625933430158 0.00119814206846058 0.00113471953081898 0.00120107771945186 0.00127422353834845 0.001329218770843 0.00138620088691823 0.00148494514869526 0.00147037492133677 0.00138095443253405 0.00133409308036789 0.00133935463964008 0.00129252846818417 0.00124724376946688 0.00136144930729643 0.00143701035995036 0.00151440565241501 0.00157375347916968 0.00150823928415775 0.00171686232788488 0.00223317956551909 0.00279655082849786 0.00346847883192822 0.0035080538247712 0.00454133942257613 0.00546304872259498 0.00606246960815042 0.00448634854983538 0.00463614764157683 0.00471495788078755 0.00518981928471476 0.00504166386090219 0.00510036656633019 0.00494017999153584 0.00503297327086329 0.00504026869311929 0.00510157484095544 0.00514147584326565 0.000789330477709882 0.000872529589105397 0.0050221508834511
0.00275494126835838 0.00277807391248643 0.00278315227478743 0.00195007998263463 0.00176115401554853 0.00130816771415994 0.00135201183147728 0.0012165566382464 0.00113338733208366 0.00122350122546777 0.0012923683563713 0.00135789320338517 0.00138572117430158 0.00137522788718343 0.00137170983362012 0.0012981409963686 0.00124096383224241 0.00122405207366683 0.00116576325963251 0.00122223393409513 0.00126542066573165 0.00135939661995508 0.00141126957023516 0.00166184999980032 0.00206492005381733 0.00203607922885567 0.00304797844728455 0.00335232717916369 0.00423886033240706 0.00596767331007868 0.00675602236296982 0.00485709733329713 0.00458633007947355 0.00514433255884796 0.00570558176841587 0.00600309479050338 0.0054862117394805 0.00509343429002911 0.00427345787175 0.00395499188452959 0.0046304572140798 0.00465852783527225 0.00478820437565446 0.0018758357851766 0.000143733303593763 0.00231156632071361
