Scripts_&_data/Maxent_result_files_1/Bombus_confusus_3.asc
NCOLS 594 
NROWS 330 
XLLCORNER -15 
YLLCORNER 23 
CELLSIZE 0.166666666666667 
NODATA_value -9999 
[rows 180 to 199 of 330, columns 414 to 459 of 594]
0.000792311620898545 0.000775656782207079 0.000773665917222388 0.000770779597223736 0.000745087799441535 0.000744909672357608 0.000750865277950652 0.000747828080784529 0.000724367519433144 0.000729247961135115 0.000989874874358066 0.000683711358578876 0.000680235725303646 0.000700736748694908 0.000934307623538189 0.000661213448620401 0.000644418208685238 0.000629438358009793 0.000612048464245163 0.000596833022427745 0.000596243064501323 0.000600475177634507 0.000593841579393484 0.000590017456852365 0.000592387297365349 0.000591504825570155 0.000573040134622715 0.000570186936238315 0.000582110845425632 0.000579213797755074 0.00059134934854228 0.000580407324014232 0.000575622003816534 0.0007689311663853 0.000558948187972419 0.000555094618175644 0.000536737522634212 0.000525704282335937 0.000518274687055964 0.000518591336731333 0.000530219676147681 0.000530702044488862 0.000529638974694535 0.000519012757285964 0.000516518311633263 0.000514519051648676
0.000790866123861633 0.00076307474373607 0.000783683353802189 0.000777179267606698 0.000769075559219345 0.000756407091103029 0.000732643101946451 0.000712758656300139 0.00072253282123711 0.000708958254836034 0.000706716206332203 0.000708399356517475 0.000710493442602456 0.000706068231374957 0.000683156176819466 0.00065721568535082 0.000642010755836964 0.000629514206957538 0.000622869579819962 0.000621059436525684 0.000607629628211726 0.000607110449345782 0.000598601867386606 0.00060355802270351 0.000581800522923004 0.000562718663422857 0.000567121963831596 0.000575486486195587 0.000582730151654687 0.000585846144531388 0.000583817415463272 0.00057794789026957 0.00058574346912792 0.000576991334673949 0.000567023125768173 0.000551180478942115 0.000540387873479631 0.000521371157083195 0.000519738958973903 0.000530653023452032 0.000543720553105231 0.000531514883914497 0.000524450597004034 0.00052060288580833 0.000522073599859141 0.000525212194770575
0.000808783413958736 0.000800405579502694 0.000798328549717553 0.000792705549974926 0.000777297632885166 0.000765869129099883 0.000760432715469506 0.000721989100566134 0.000731164097669534 0.00071994091704255 0.000728630044613965 0.000731289554096293 0.00071822346362751 0.000702239094243851 0.000668145476083737 0.00065507116378285 0.000659991416614503 0.000649401094415225 0.000641231662302744 0.000640068631037138 0.000642909316229634 0.000635622744448483 0.000626054518215824 0.000614043102541473 0.000585508118092548 0.000587296261801384 0.000582501220924314 0.000589516812760849 0.00059247778262943 0.000597671708965208 0.000597927495255135 0.000593269472301472 0.000586573082546238 0.000583896247553639 0.000561253921478055 0.000543053692672402 0.000544161458674353 0.000535937558743171 0.000532749952981248 0.000548532992252149 0.000755649452912621 0.000533085894130636 0.000526853244809899 0.000527042722387705 0.000737588961783331 0.000532212456164416
0.000808424557908438 0.000807634458760731 0.000797163884271868 0.000778546123183332 0.000783081745612435 0.00078385385859292 0.000783078675158322 0.000743235129630193 0.000738373036438134 0.000745446301880293 0.000746234139660373 0.001007027446758 0.000716568557254504 0.000700461106316652 0.00067800740362145 0.000677643080416601 0.00067786012950819 0.000685158972919453 0.0006684895924991 0.000664491522184107 0.000674625558895059 0.000665671481692698 0.000660150263865944 0.000654117617523298 0.000609371860628016 0.000618892737838905 0.000599404948297888 0.000604098445910495 0.000606456078821793 0.000817460074904375 0.000862983499246184 0.000857963570160791 0.000591451149375644 0.000585071540263016 0.000555188722501043 0.00054975236998871 0.000562327956140507 0.00056299369171029 0.000562175431696232 0.000800666450231802 0.000879448279738426 0.000821597667527385 0.00075659727153834 0.000548428640468046 0.000547050085151568 0.000548590791004244
0.000805717121693306 0.000808585566119291 0.00112526364973746 0.000794948742259294 0.00078961439721752 0.000794044049689546 0.000782276302925311 0.000766494966228493 0.000769267659052275 0.00077021335309837 0.000757601828081533 0.000755619691335596 0.000732718035578728 0.000714051397517323 0.000706158310640603 0.000713879457907751 0.000706559569516685 0.000701850136101712 0.00069766274682479 0.00069072950136615 0.000689094085828401 0.000684580345114227 0.000673225671926048 0.000652878153778147 0.000627528880431782 0.000635689488262869 0.000620313141553197 0.000829159331624396 0.000622566224774346 0.000612490152707323 0.000611608107283246 0.000841769610997289 0.000600070781365503 0.00058661236835178 0.000572559281135909 0.000553950648463797 0.000551223181537353 0.000557963599567302 0.000565514006302692 0.000560295155446511 0.000555578230705578 0.000539741909597069 0.000547332044516224 0.000760866106429603 0.000762153885443695 0.000550443195970729
0.000803282376728021 0.000809574031154625 0.000810505574918352 0.00080607638519723 0.00113297792267986 0.000803323640138842 0.000802733551245183 0.000790588426752947 0.000785424746572971 0.000781670821015723 0.000767138841911219 0.000762916001258418 0.000765784495160915 0.000757958789472468 0.000752660885336809 0.000743225932819769 0.000733753701206297 0.000727625962463208 0.000722346658585593 0.000716070480120834 0.000700380049238447 0.000686429928464349 0.000971695614862256 0.000674470148805995 0.000645943327981513 0.000632000312907621 0.000642523224814795 0.000839799706591293 0.000899155859951861 0.000870425779430661 0.000625673591275699 0.000940936210099608 0.000843525672098622 0.000588804816652555 0.000578305896488018 0.000564113307336811 0.000562492913741153 0.000563437519303989 0.000566003464336973 0.000570216961205006 0.000556537126249168 0.000794693996431306 0.000800168301793747 0.00101749549503438 0.000802182139887009 0.000784347964508925
0.00140791481826454 0.00077977137407288 0.00110642236541025 0.00110222189396154 0.00109042428375687 0.000796642649220303 0.000793827619054355 0.000792318701860495 0.000789728719973937 0.000787173563730903 0.000784638407640159 0.000776465085800737 0.00076712568406947 0.000767954680486582 0.000765525139286183 0.000754698531818576 0.000748651765752584 0.000745104849920608 0.000740843804669566 0.000738851792993955 0.00100534165685531 0.000990201471722685 0.000708063930505887 0.000697934954951052 0.000646829792822245 0.000634994852589443 0.000635340230655856 0.000634740536042955 0.000639281481562648 0.000640912857488729 0.000628889363724738 0.000882740816450678 0.000605278986040503 0.000585145785589702 0.000584868820442352 0.00058314466587035 0.000573773484211415 0.00057535150408512 0.000577258615521714 0.000797896487347316 0.00055094383424148 0.000554217436001636 0.00055794727668399 0.000558189174626023 0.000568188057513908 0.000827148408279754
0.000916343041171785 0.00107076201820746 0.000937398147652857 0.000972957894555293 0.000757178443018347 0.00079573366092518 0.000791629782179371 0.000789262473699637 0.000790653956937604 0.000795198971172795 0.000792315561557189 0.000792816778994165 0.000790301279630512 0.000780811873846687 0.00077556682517752 0.000776078618946485 0.000776535508339293 0.000765900962869637 0.000757974546286278 0.000752359998296015 0.000755188454058953 0.000690398200822528 0.000674998862086795 0.00066399606585037 0.000655134076077957 0.000654360860062297 0.000658875798399095 0.000659097165043931 0.00065185028797714 0.000646486987534445 0.000636681998730637 0.000630627381906379 0.000625960949400905 0.000602123235876206 0.000608622924482916 0.000866505084559321 0.000833037693519145 0.000608313121483661 0.000826267621596344 0.000957411853596568 0.000906526498147286 0.00101391561329365 0.000869090185733512 0.000928107564686798 0.00168695683823898 0.00355435831006616
0.000782854431599844 0.000916900264564902 0.000873768617748283 0.000863027776358649 0.000648211610678118 0.000668595655588433 0.000706119675305672 0.000749143958091736 0.000779681644053198 0.00108298396808095 0.00109226383210625 0.000782706719473936 0.000781391782220453 0.00078448521962855 0.00108427075610962 0.000787581407348625 0.000789470790186897 0.00112759969197214 0.00119295446202159 0.00107383973663673 0.000766071790712886 0.00104231528239325 0.000701437187672127 0.000682130845962092 0.000680367712629959 0.000951142760459334 0.00096364869386889 0.000915175097179599 0.000651104449934792 0.000649317314673681 0.000636304455110803 0.000900189815729391 0.00064009652560344 0.000870454634423368 0.0006213838714757 0.000897976446140092 0.000863769470015541 0.00056970492732944 0.000877216186199803 0.000840753364900593 0.00091224190837238 0.000854396962677129 0.000868663497385569 0.00132683772244491 0.00178462743060663 0.00151591218309477
0.000686359874089248 0.000708294365904294 0.000569229378015734 0.000573167834954802 0.000562104946584441 0.000869399920338765 0.000859537167707458 0.0008835739310598 0.00100785767281195 0.000766554672736675 0.000768866634462029 0.000772822013823315 0.000775333537603728 0.000775524842902087 0.00105123305111192 0.000758741784375161 0.000754692204645835 0.000737837950873654 0.000740691657119896 0.000749658333370462 0.000726508408843074 0.000706179488042835 0.000690522046352271 0.000682928453898057 0.000671334522485267 0.000673998825368471 0.000664086129108909 0.000661971351655666 0.000652161988546141 0.000644844323687721 0.00063656688289484 0.000886721261485945 0.000880479333864059 0.000951288011856377 0.000632613236666657 0.000898387857887428 0.000858971342677251 0.000884201287408359 0.00102639926481061 0.000778785294096451 0.000814848831214476 0.000814712634019088 0.000805681372003164 0.00106827972922474 0.0014917029067874 0.000873704461264424
0.000439377018483356 0.000451106649416033 0.000978810162632726 0.000703343597706407 0.000509005786443595 0.000709761257166974 0.000540209881728515 0.000548529758816585 0.000842520831793081 0.000680358837416861 0.000703626383619849 0.000686999634490348 0.00065898450120585 0.00106299653416499 0.000760672611068003 0.000750442544813268 0.000746130981133319 0.000725343140948098 0.000709223633748479 0.000707785833219532 0.000703975654323585 0.000704642588971183 0.000697828644479159 0.000682906759902835 0.000670773764431942 0.000664497808611486 0.00066270247916691 0.000659568456467241 0.000659443692711648 0.000647033250425011 0.000633005684358068 0.000635885412339121 0.000938420876627788 0.00124351539998315 0.000904837479174603 0.000908794997667428 0.000742000891477801 0.00125263353111222 0.0013204637914896 0.00110772147309035 0.000997582622221671 0.000777759244374465 0.000773420257610269 0.00108880596235394 0.000855975691229105 0.000616949445975479
0.000372881229850464 0.000527275499189273 0.00058172515273327 0.000616800299030729 0.000610911624971777 0.000444858978153206 0.00064271114388248 0.000981345813488588 0.00105389374075457 0.000782124928082339 0.000605591290513985 0.000621751049766317 0.000841274045524187 0.000930189969949424 0.00103619834699202 0.000756307321717031 0.000754551024874672 0.000737610005307943 0.000730862803175114 0.000732897574198432 0.000722942734137177 0.000719094669329934 0.000985717763251159 0.000695368942979258 0.000680228038982023 0.000667747858096845 0.000657829201372806 0.000657336114090867 0.00066090907639591 0.000656810343207326 0.00065894494910026 0.000944344424351584 0.000943301466759294 0.00160095390747301 0.00142494553001598 0.000453885145543609 0.00156683683162555 0.00217681475332938 0.00197235462255776 0.00120789973880164 0.0066352897323668 0.00109044487762731 0.00132360196439549 0.00106844814727083 0.000870941404718906 0.000710385154525284
0.00030181016845745 0.000339666987565579 0.000380144333757926 0.000389339933462907 0.000359179327642778 0.000616880279267207 0.000835904735140502 0.000844440815853886 0.000817484091385268 0.000753986962081399 0.000905228694318794 0.000581820680235978 0.000808004861755762 0.000987471919506788 0.00086493618437089 0.00100538922997657 0.000755561486585066 0.00102371796674561 0.0010151674185181 0.00127844842500053 0.000733125203987583 0.00106197161658201 0.00116795264475513 0.000705018933513202 0.000697117607342079 0.000681029992119875 0.000665951796690933 0.000660295397392474 0.00117809560615569 0.0011656001675874 0.00123083920916542 0.00118061297689565 0.00160152481403202 0.00236647098790854 0.00113138373708352 0.00100288005778566 0.00532122361473739 0.00672215626109391 0.00239991161506623 0.0023134421906434 0.00255632945336401 0.00601785918697715 0.00103313555300701 0.000345715264847968 0.000738993489358108 0.00091759103233926
0.00045610858942382 0.000612875158549286 0.000420168042910518 0.000444327983132098 0.000463378903805278 0.000593583728186786 0.000702015656861477 0.000846932243439369 0.000708611455047503 0.000589696476527024 0.000605697389983106 0.000615743311936967 0.000885347684379667 0.000939940172247589 0.000782528601121157 0.000813763446058147 0.000701139819284435 0.00106123612204101 0.001333062723279 0.00115747155214194 0.000729038307326846 0.0010244070115732 0.00112929381430149 0.00071312874351861 0.000700206769397482 0.000689725697156973 0.000680137910239864 0.00106959175027441 0.000900402059778571 0.00135788380284794 0.00247923060087487 0.0027368446229957 0.00225409048143774 0.00167012138408609 0.00105602007242851 0.00089447459904477 0.000344207125453977 0.00296808236744255 0.00280944567639381 0.00296060636173934 0.00178683599224314 0.000604504515649751 0.000128218506506528 0.000644609075970948 0.000808733704616316 0.00245310146128759
0.000715146138099954 0.000985247635981068 0.00063884770788718 0.000582223452511244 0.000415214960230514 0.000332536020869156 0.000454782675660681 0.000614413936273195 0.000656726746819913 0.000776572019094601 0.000827439955901355 0.000794414765550755 0.000577014988812152 0.000786768080433831 0.00100367763079703 0.00121333901770413 0.00103010231105145 0.000928239122731611 0.00145039952476509 0.00155763523071073 0.00124936858192086 0.000994410336716101 0.000716725867823698 0.000710176808934193 0.000702313076180872 0.000696164269174915 0.000690502814541105 0.00104576454032212 0.001018813738483 0.00242030436638743 0.0027798508759588 0.00221776103135198 0.00125122935860418 0.000918584855389781 0.000636468650191091 0.000894367485307157 0.00218977341428399 0.00305368589470163 0.003027423331514 0.00362003055633977 0.00264078452019021 0.0024499318911694 0.000503755336103495 0.000402705855958629 0.000380589353153482 0.000165977058350109
0.000865990968304686 0.000764591677580029 0.00072294517303817 0.000599581291317008 0.000404845461889636 0.000279209777363576 0.000621670726104639 0.00112929881433956 0.00066743491042871 0.000776140380185097 0.000879544712370262 0.0012189628847409 0.000921754419687204 0.000886186983552761 0.00112800313509069 0.000979774747975171 0.0010520035692025 0.000944854595582001 0.00087615088414168 0.000879036230617203 0.000683215344906785 0.000959129192051478 0.000707345719274599 0.000701921494328417 0.000692747472203337 0.000685012515168637 0.000965885253390297 0.000844457998755388 0.00232855614740402 0.00318611582042649 0.0032301596715115 0.00297784095164388 0.00235510061029345 0.00186960142455064 0.00061979681631783 0.00123941830242984 0.00210179903078824 0.00266268585110083 0.00273684686981142 0.00362933560973033 0.00379251298727468 0.00284875086508691 0.003569865913596 0.00248814277583733 0.00246025314554572 0.000767437618924305
0.000572536347317509 0.000619876710698009 0.000762186906649731 0.000679177694837563 0.000493884018214885 0.000447770516620949 0.000739126882399432 0.002013804030139 0.00117024045903236 0.000823533569928259 0.00125253653968684 0.00162989459349774 0.00133432109141722 0.00137062082067132 0.0016018197638914 0.000864896457642317 0.00076090166112408 0.000606356852222234 0.000628873014647979 0.000652451827772893 0.000684508857375477 0.000965095081483014 0.000704378266527783 0.000695540742890444 0.000688922834524419 0.000683208604459651 0.000735227759287227 0.000712207243486773 0.00215494226431474 0.00292531774612144 0.00319469445385039 0.000565347500378266 0.00127127806772478 0.000912589946528897 0.000570660780067556 0.00139188672765158 0.00203307048650458 0.0023885398870334 0.00243144822306931 0.00316496872110292 0.00330435069045052 0.00339130476349965 0.00338948027929291 0.00240934723988175 0.00319265322759747 0.000351629345095716
0.000400191653170623 0.000428283185465261 0.000589127236162312 0.000398969669186044 0.000434961718565319 0.0004304980073357 0.000704082672018558 0.000663181880372576 0.000486694028950296 0.000615693736472167 0.00162600296316668 0.00119346391875297 0.000806630981969647 0.000918153850943781 0.000821485510095954 0.000748930234112777 0.000548886597971432 0.000842413381906226 0.000601863120391499 0.00086973388097249 0.000902183208381757 0.000924460378882941 0.000940669581177644 0.000692567558144219 0.000964496296364814 0.00088328922574874 0.000600947221391834 0.000723777494567912 0.00196174700977281 0.00243813233682886 0.00269413922214881 0.00210679564625025 0.00167292108526453 0.000724333104153629 0.000521950139955152 0.000923362764297053 0.00235164880286902 0.00212874267599545 0.00228479822399095 0.00260002930881456 0.00265701200114563 0.00277685500914231 0.00282791563076898 0.0028785077156499 0.00216290485113859 0.000131156661154819
0.000374751357594505 0.000555899340542965 0.000551817772793584 0.000528297174605541 0.000306719177024206 0.000347714395320509 0.00051256385340821 0.000519748206716031 0.000598152546444908 0.000536434276727959 0.000876030171639286 0.000719475941150449 0.000971948794904165 0.00061594437866006 0.00060732628335245 0.000773878168547526 0.000644393972470425 0.000743279622111004 0.000847535906359553 0.000947969380649738 0.00147867397754453 0.00152943738503382 0.00101760548714083 0.0010832619125722 0.000672991525789257 0.000670540532155428 0.000413977127755061 0.000783581309951842 0.00168897139956243 0.00209565793047659 0.00165633679716848 0.00155301984050311 0.00116375682409853 0.000469779995910358 0.000488357096037362 0.00109036857029423 0.0019723052799236 0.00197387857479043 0.00129354399978183 0.00176022410159931 0.00199582321220078 0.00248790149344131 0.0024551552021876 0.00192264402867295 0.00421763095073402 0.00442874634172767
0.00038611379059148 0.000284337308403337 0.00033598388909013 0.000356227027077693 0.00035128806339344 0.000303031931252917 0.000256316432205495 0.00045553439122159 0.000698476357501931 0.000791218160884455 0.000433353954576887 0.000410459165868815 0.0010215889516985 0.00148611011100002 0.000844170717755333 0.000412348977988586 0.000639515921648126 0.000865036755567417 0.00150662519736215 0.000562869204441086 0.00236665691481903 0.00320328257512301 0.00240265642059967 0.00234824637882411 0.00156072651734576 0.00047497312334599 0.000392148740502307 0.000860473816283047 0.0014221461606212 0.00180051537463441 0.0017338368925266 0.00114416304859333 0.000409213198872749 0.000433265465835575 0.000439049540727865 0.00139575259527192 0.0018785257532727 0.00182825679075904 0.00127109666354954 0.00156559670576826 0.00163220630493015 0.00223450344055891 0.00243660237174481 0.00179919110960327 0.00178412564564496 0.000444305461132899
