Scripts_&_data/Maxent_result_files_1/Bombus_terrestris_3.asc
NCOLS 594 
NROWS 330 
XLLCORNER -15 
YLLCORNER 23 
CELLSIZE 0.166666666666667 
NODATA_value -9999 
[rows 147 to 167 of 330, columns 141 to 187 of 594]
0.475737404823303 0.258420878648758 0.139607846736908 0.491523605585098 0.189782080054283 0.169546207785606 0.329853299260139 0.400956171751022 0.563212043046951 0.499971795082092 0.492012697458267 0.44200012087822 0.432599490880966 0.267529240250587 0.192045316100121 0.169447615742683 0.248366591334343 0.356487363576889 0.386081087589264 0.328982692956924 0.279819098114967 0.39585736989975 0.119790066033602 0.438968539237976 0.485032421350479 0.297105410695076 0.226128834486008 0.339516925811768 0.0878316409885883 0.304619884490967 0.341366231441498 0.196308623254299 0.185815700888634 0.0874961689114571 0.251166954636574 0.122808691114187 0.223582382965833 0.492445981502533 0.235497030615807 0.145068294554949 0.204276788234711 0.189848661422729 0.0957029066979885 0.383621424436569 0.226975554227829 0.357529848814011 0.178162610530853
0.499988406896591 0.457510542869568 0.374379467964172 0.222716927528381 0.313872823119164 0.325505265593529 0.383511304855347 0.386488950252533 0.482907509803772 0.331607297062874 0.267503860592842 0.494665080308914 0.38912096619606 0.371994256973267 0.248624610900879 0.349872159957886 0.228154319524765 0.275211653113365 0.328821164369583 0.236224618554115 0.178720587491989 0.338060534000397 0.25226956307888 0.260929015278816 0.135485254228115 0.258559909462929 0.468280190229416 0.488972967863083 0.463813680410385 0.276515781879425 0.265959963202477 0.206630137562752 0.155135087668896 0.183625590801239 0.221606832742691 0.160649138689041 0.227967542409897 0.0585785448551178 0.458295041322708 0.330396926403046 0.215243077278137 0.279223570227623 0.191366046667099 0.261003834009171 0.199782651662827 0.156861940026283 0.238167202472687
0.498557394742966 0.158992600627244 0.100610123960541 0.350993281602859 0.256432291865349 0.333915889263153 0.166499809920788 0.347085332870483 0.418872708082199 0.498810338973999 0.267618751525879 0.25259008705616 0.310405677556992 0.187041588127613 0.161729523539543 0.38103346824646 0.270143201947212 0.170542138814926 0.274747556447983 0.275737971067429 0.302589851617813 0.283298060297966 0.371515774726868 0.255380487442017 0.20633453130722 0.214965313673019 0.459056574106216 0.283934187889099 0.178600281476974 0.328812038898468 0.480360424518585 0.187948828935623 0.323841565847397 0.370631569623947 0.0751991793862544 0.0867159798741341 0.263014394044876 0.025223623495549 0.384439122676849 0.403887921571732 0.247873786091804 0.22869813144207 0.101402820646763 0.20201246291399 0.413867461681366 0.301067879796028 0.417000883817673
0.272148209810257 0.362405571341515 0.388460218906403 0.283922252058983 0.387910228967667 0.222724333405495 0.346829122304916 0.37428959608078 0.271508139371872 0.499570494890213 0.417646849155426 0.133704294264317 0.47456042766571 0.293752801418304 0.269858375191689 0.380927443504333 0.247613656520843 0.176549288630486 0.144774489104748 0.342735010385513 0.267075547575951 0.245437902212143 0.273022973537445 0.333169746398926 0.200615188479424 0.252637267112732 0.324379807710648 0.136235173046589 0.399146038293838 0.331916117668152 0.296934306621552 0.415305203199387 0.234312757849693 0.170390300452709 0.277339923381805 0.309592092037201 0.0641570240259171 0.168656629323959 0.248474583029747 0.209769657254219 0.459525507688522 0.167060518264771 0.320386147499084 0.259205037355423 0.442116588354111 0.26220109462738 0.180095425248146
0.294591471552849 0.30134751200676 0.248201018571854 0.289960870146751 0.334452253580093 0.176595993340015 0.39547084569931 0.265739351511002 0.497464990615845 0.358017021417618 0.29992208480835 0.359959131479263 0.38592848777771 0.254880955815315 0.302732187509537 0.275410333275795 0.192695462703705 0.18005014359951 0.30400356054306 0.308321708440781 0.117640116810799 0.241307011246681 0.421685767173767 0.281053474545479 0.294300752878189 0.275391834974289 0.287215614318848 0.307203978300095 0.230876090377569 0.264488583803177 0.422138887643814 0.285719043016434 0.311359262466431 0.200247547030449 0.213574746251106 0.184852212667465 0.179040992259979 0.422207140922546 0.271845746040344 0.276952758431435 0.0810492789983982 0.126793473958969 0.0850504271686077 0.0609135072678328 0.127766254544258 0.181844794750214 0.0676023468375206
0.16830363124609 0.22508242726326 0.252214750647545 0.404225301742554 0.29379178583622 0.403739315271378 0.188863864541054 0.425287884473801 0.326217606663704 0.220772172510624 0.371563118696213 0.279793414473534 0.400269186496735 0.201252065598965 0.183749058842659 0.357069379091263 0.27881033718586 0.294827443361282 0.333452171087265 0.366202050447464 0.104243253916502 0.1739208355546 0.342291635274887 0.120958060026169 0.218570783734322 0.0581569358706474 0.231752210855484 0.0963790480047464 0.537839011997858 0.827465581893921 0.474617670082034 0.0927818553580437 0.181264959275723 0.35433794260025 0.261700063943863 0.194673562049866 0.155552737414837 0.415646713972092 0.139712381362915 0.0809617094695568 0.0632984023541212 0.153607960045338 0.227888888120651 0.262338310480118 0.215214070677757 0.214180913567543 0.343694990873337
0.378851717710495 0.15177017301321 0.290457579493523 0.16368720382452 0.440293616056442 0.488716113567352 0.474222248792648 0.827465581893921 0.407481405138969 0.250107273459435 0.31871502995491 0.36162633895874 0.195841020345688 0.133682824298739 0.243113535642624 0.211632019281387 0.327481198310852 0.123472353816032 0.26770458817482 0.325586575269699 0.144741302728653 0.258823457360268 0.286433812975883 0.455773687362671 0.157184404879808 0.24059122800827 0.339493131637573 0.5 0.0878079788329491 0.827465581893921 0.141099441249116 0.494582772254944 0.471702718734741 0.104713016748428 0.167653185129166 0.226943624019623 0.0824048065580428 0.208077356219292 0.234491097927093 0.349521863460541 0.179601535201073 0.192695674300194 0.36331769824028 0.130976022779942 0.436897319555283 0.0753583289682865 0.306181249022484
0.499015456438065 0.499985027313232 0.499970948696136 0.396276205778122 0.247247114777565 0.386524918675423 0.324231833219528 0.489062005281448 0.464624184370041 0.118680247664452 0.276414307951927 0.248018580675125 0.0994368894907211 0.287362995743752 0.275851005315781 0.244527944922447 0.165948612987995 0.288155749440193 0.148339032381773 0.21966261267662 0.254890543222427 0.188494628667831 0.295624858140945 0.0766897987574339 0.269188013672829 0.292385306954384 0.160906533896923 0.274484354257584 0.106708703190088 0.250933545827866 0.428430762887001 0.485837179422379 0.370264282822609 0.286747562885284 0.33257457613945 0.120048533380032 0.512058568000793 0.219642543792725 0.324830096960068 0.442713993787765 0.216410073637962 0.171574354171753 0.256526327133179 0.229597869515419 0.351362478733063 0.254260048270226 0.0958681687712669
0.499296718835831 0.499977135658264 0.425399154424667 0.0996477875858545 0.141116338223219 0.492982506752014 0.315885946154594 0.338751977682114 0.302740871906281 0.171636737883091 0.324224290251732 0.395182204246521 0.29341915845871 0.0984397538006306 0.144413794577122 0.108610440790653 0.252430018782616 0.109225530922413 0.0984267583487963 0.0961432865355164 0.265549239516258 0.271121102571487 0.172226482629776 0.323971402645111 0.315610301494598 0.17469959706068 0.226902082562447 0.359018284082413 0.325607478618622 0.271409511566162 0.124592186510563 0.41389576792717 0.0774039812386036 0.0966378293931484 0.0357926165685058 0.169827026128769 0.426409196853638 0.187546724081039 0.120631456375122 0.370354419946671 0.160939458012581 0.123637725412846 0.218140190839767 0.138224011659622 0.108321416378021 0.355086666345596 0.284236484766006
0.499999284744263 0.562963140010834 0.493372333049774 0.286365714669228 0.294830760359764 0.310662853717804 0.312919962406158 0.195635280013084 0.231195902824402 0.328778326511383 0.440805298089981 0.496237587928772 0.44946311712265 0.324781036376953 0.137320649623871 0.0932250510901213 0.209252962470055 0.216951391100883 0.12998731136322 0.197894629836082 0.166190925240517 0.20774290561676 0.0773176582122687 0.223508271574974 0.211666095256805 0.351233172416687 0.206539085507393 0.262405487895012 0.134540122747421 0.0805087815970182 0.140294378995895 0.337191081047058 0.277873207628727 0.131517142057419 0.0523492511361837 0.218831253051758 0.295119100809097 0.147168374806643 0.150568383932114 0.109309620410204 0.139712902903557 0.464102578163147 0.450942325592041 0.173986177146435 0.058427955955267 0.265442141890526 0.120870800316334
0.484993606805801 0.5 0.263095593452454 0.344775345921516 0.253816482424736 0.314992839097977 0.266644722223282 0.0928270902484655 0.43405105471611 0.318676850199699 0.490373432636261 0.484221422672272 0.0488564042374492 0.430798381567001 0.445024716854095 0.20329432040453 0.205093467235565 0.306424170732498 0.157540856301785 0.0972479481250048 0.157330310344696 0.162895607948303 0.0826947302790359 0.309214046597481 0.269553408026695 0.277888187766075 0.371201258897781 0.321169227361679 0.315928396582603 0.0741866923868656 0.0716548666357994 0.11871629357338 0.245487830042839 0.348033177852631 0.411795371770859 0.491036117076874 0.567284572124481 0.178274494409561 0.383745574951172 0.233573216199875 0.104110395163298 0.198396015167236 0.345279806852341 0.214584857225418 0.414293545484543 0.268125927448273 0.303600633144379
0.359743475914001 0.242572456598282 0.325974363088608 0.453932178020477 0.304522690176964 0.355939739942551 0.14152839332819 0.348322147130966 0.433726018667221 0.148347063362598 0.373132562637329 0.179563950002193 0.123719614744186 0.424933964014053 0.117400112003088 0.143075079470873 0.0661339998245239 0.0863357586786151 0.0954902376979589 0.102791780233383 0.0989807080477476 0.170237615704536 0.0993342237197794 0.332332435250282 0.328183680772781 0.116320410370827 0.213296538591385 0.305840259790421 0.325569114089012 0.214793968200684 0.364028978347778 0.499399727582931 0.446423131227493 0.495794683694839 0.486124128103256 0.496295791864395 0.491086786985397 0.491005092859268 0.200051391124725 0.297987666726112 0.482334017753601 0.387477695941925 0.245867967605591 0.327292865514755 0.229431557655334 0.151514498889446 0.0294204483207878
0.192024168372154 0.106980488076806 0.461794281005859 0.370832628011703 0.349493050575256 0.451713675260544 0.346928644180298 0.290429198741913 0.154467770457268 0.379002285003662 0.322391629219055 0.218354257941246 0.202625504136086 0.232923230528831 0.135418991744518 0.169494071602821 0.132047028839588 0.119638103246689 0.279865097999573 0.218663081526756 0.0916143915682824 0.178960435837507 0.100797959091142 0.0867342397213533 0.167083024978638 0.198577529191971 0.238572871685028 0.346774625778198 0.246562480926514 0.307807305455208 0.282046782970428 0.281740418076515 0.498518145084381 0.495657557249069 0.44610099196434 0.3383640229702 0.49971085190773 0.250925770401955 0.384893256425858 0.343588423728943 0.225246967375278 0.487012559175491 0.256708779931068 0.168470564484596 0.242576602101326 0.217775335907936 0.091904222778976
0.131654535233974 0.136120995879173 0.466716247797012 0.218406134843826 0.353780555725098 0.29560995772481 0.43906689286232 0.352911150455475 0.10445723310113 0.257361841201782 0.166629806160927 0.22925955504179 0.275777480006218 0.199048422276974 0.0993844270706177 0.208044311404228 0.124933384358883 0.161413887143135 0.130280995368958 0.369832801818848 0.360379564762115 0.0908410670235753 0.176811856031418 0.151425373693928 0.346834015846252 0.231961247324944 0.265906718373299 0.264530104398727 0.0870044220238924 0.186169894039631 0.128128706663847 0.388599455356598 0.3421158015728 0.267595446109772 0.347570335865021 0.295891445875168 0.171753221750259 0.330976748466492 0.305813592672348 0.279938170313835 0.156110864877701 0.141951189935207 0.167507262527943 0.28247906267643 0.321357691287994 0.101202872022986 0.0944667756557465
0.312665459513664 0.303856453299522 0.371865808963776 0.395181626081467 0.268154349923134 0.322095358371735 0.201663917303085 0.214421774446964 0.236878409981728 0.15361480563879 0.189216972887516 0.18486313521862 0.334257730841637 0.264239475131035 0.174842781573534 0.0950389370322227 0.267089894413948 0.194383347034454 0.264034339785576 0.0941693857312202 0.193674823641777 0.162724451720715 0.290648913383484 0.358498710393906 0.263854309916496 0.259191745519638 0.310658159852028 0.220868976414204 0.265675100684166 0.302760320901871 0.1144106316533 0.827465581893921 0.194517801702023 0.279037180542946 0.287507081031799 0.42503319978714 0.392964035272598 0.289664676785469 0.237084083259106 0.256246387958527 0.132049541920424 0.291483908891678 0.222669154405594 0.212350943684578 0.223787024617195 0.208537825942039 0.213688164949417
0.22294325530529 0.466000252962112 0.237962734699249 0.308617949485779 0.336005938053131 0.247857367992401 0.39111687541008 0.210939900577068 0.118226847797632 0.256230837106705 0.242786657810211 0.366046148538589 0.381637042760849 0.193652626872063 0.104444404505193 0.099403871037066 0.186552289128304 0.275871190428734 0.0877242027781904 0.207542911171913 0.286136505007744 0.0902871691389009 0.170509494841099 0.118167322129011 0.275030764937401 0.165244144201279 0.207481785863638 0.207742601633072 0.281022024154663 0.322591078281403 0.364470964670181 0.321289986371994 0.0984311698935926 0.356086683273315 0.478567463159561 0.450280636548996 0.210091905295849 0.28741118311882 0.281879752874374 0.201568385958672 0.234079337120056 0.192519776523113 0.344755703210831 0.0693286468158476 0.24076279103756 0.240945518016815 0.174092088639736
0.299962693452835 0.323814880847931 0.359882164001465 0.37035099864006 0.458869737386704 0.180097219347954 0.170176430046558 0.406330245733261 0.247043266892433 0.166576711833477 0.464781880378723 0.442405104637146 0.486439424753189 0.46972051858902 0.490231221914291 0.330864602327347 0.389614427089691 0.211255486309528 0.41845874786377 0.34244179725647 0.369268083572388 0.237601456046104 0.293319195508957 0.210717196762562 0.164379607141018 0.239451671391726 0.294058314710855 0.317043164372444 0.386062932014465 0.246880084276199 0.10428698733449 0.234760928153992 0.18818888515234 0.124605305492878 0.0879422746598721 0.18352769613266 0.18020216524601 0.307185256481171 0.302393963932991 0.278499463200569 0.461896300315857 0.259373232722282 0.265092954039574 0.319548830389977 0.163249790668488 0.276480773091316 0.117917922139168
0.247966057062149 0.173365828767419 0.30554892718792 0.118010738492012 0.0384979084134102 0.216782499849796 0.442927569150925 0.355415171384811 0.12827158421278 0.157222194969654 0.181290888786316 0.292041504383087 0.385206699371338 0.499494159221649 0.196672792732716 0.486029672622681 0.22821099460125 0.49733219742775 0.128677359223366 0.428487128019333 0.371402353048325 0.319837319850922 0.187150709331036 0.344267243146896 0.495197975635529 0.499810039997101 0.494959861040115 0.45425351858139 0.454413568973541 0.30465415418148 0.405921832472086 0.13682844392024 0.142399208247662 0.0728188858542126 0.219953879714012 0.364041942358017 0.354951840639114 0.480297064781189 0.241477715969086 0.240476420521736 0.200436532497406 0.274922582507133 0.205711361765862 0.287929773330688 0.149434532225132 0.293421676754951 0.222611977159977
0.280506983399391 0.186854735016823 0.331564486026764 0.165391406416893 0.0581867594271898 0.10189952403307 0.194711861014366 0.036879831366241 0.0494793836027384 0.100831345096231 0.181704872846603 0.1082594871521 0.122657598555088 0.421405839920044 0.314361599087715 0.492696964740753 0.497280675172806 0.46042839884758 0.226877760887146 0.367106240987778 0.444109010696411 0.114108669757843 0.390547907352447 0.498569297790527 0.271072271466255 0.487303447723389 0.49656565785408 0.280813553929329 0.149005179107189 0.312886190414429 0.202521201968193 0.125008539110422 0.129093424230814 0.227385872602463 0.140370823442936 0.0757183588109911 0.208796972036362 0.274950721859932 0.0802252743858844 0.199188098311424 0.167370623350143 0.146182796359062 0.137707759439945 0.214435723423958 0.279422125220299 0.0641203857958317 0.25899518430233
0.475901687145233 0.234496992826462 0.162257628142834 0.268484279513359 0.178392976522446 0.243713666498661 0.0992367468774319 0.0340218686498702 0.0411116573959589 0.177449467778206 0.297740685939789 0.277373915910721 0.198018008470535 0.290060567855835 0.178431950509548 0.344028055667877 0.439583212137222 0.341561931371689 0.268773406744003 0.291658365726471 0.475212442874908 0.491121923923492 0.490879899263382 0.347906219959259 0.499348604679108 0.497765469551086 0.134588881582022 0.119282728433609 0.219624269008636 0.270635432004929 0.220402613282204 0.191075614094734 0.185420104861259 0.136301036179066 0.129105292260647 0.0836681066080928 0.0899488270282745 0.0751230298541486 0.101129702478647 0.122104196250439 0.140955092012882 0.226651602983475 0.159329903125763 0.0625440818723291 0.0631095015793108 0.245338198542595 0.174764673411846
0.827465581893921 0.3746173620224 0.463253666693345 0.509556576609612 0.230520510673523 0.0862448539584875 0.18038421869278 0.20433052778244 0.167871157824993 0.308981317281723 0.1206943762023 0.259566012024879 0.215811464190483 0.296234890818596 0.302644348144531 0.264658337831497 0.454442864656448 0.36885843873024 0.257570821046829 0.305202388763428 0.168747977912426 0.468720597028732 0.387119352817535 0.0608549649827182 0.458392918109894 0.362128448486328 0.342350688576698 0.388924425840378 0.385847806930542 0.302710834145546 0.208557289838791 0.297998967766762 0.259438449144363 0.060999707155861 0.0670964404125698 0.827465581893921 0.035110706091602 0.0704274376854301 0.145749358832836 0.16832694709301 0.0526578454533592 0.0596798671409488 0.0863352589309216 0.074660994343202 0.235454633831978 0.187220871448517 0.215122854709625
