Scripts_&_data/Maxent_result_files_1/Bombus_monticola_3.asc
NCOLS 594 
NROWS 330 
XLLCORNER -15 
YLLCORNER 23 
CELLSIZE 0.166666666666667 
NODATA_value -9999 
[rows 220 to 239 of 330, columns 45 to 89 of 594]
0 0 0 0 0 0 8.88178419700125e-17 0 3.33239991157086e-11 3.73822195420814e-11 4.48596715330041e-13 1.85806592334359e-11 2.18088103132175e-11 2.10002448763902e-10 8.31330704276212e-10 3.28401374760645e-08 9.28130905464286e-12 7.01895208621295e-12 2.23169149826674e-11 5.83855186420124e-11 1.10490809834829e-09 1.56732381517699e-09 2.67071043680289e-06 0.000225158908533096 2.86201651267248e-10 0.000485738499355759 0.00416812695758324 8.73578645754769e-08 1.70894767628216e-06 2.38940569874391e-07 6.50930173096143e-09 3.68732957833906e-08 1.80523241910535e-09 1.20839753690483e-05 1.50742858662234e-07 1.53765639443471e-08 6.95760324265215e-07 9.74558021438199e-07 6.54737290982754e-05 1.22395273094433e-07 1.90409374933864e-09 0.000700924042730833 2.05087001825532e-09 1.90144576750484e-09 5.36907518444707e-11
0 0 0 0 0 1.81299419921288e-14 8.5623730328166e-13 1.31483712806357e-13 0.00971951857209763 4.38333243035771e-09 1.73738801123591e-13 1.70342628891262e-12 1.84252180179811e-10 1.10985518553264e-09 1.84562854999015e-09 1.595027332435e-09 4.86810147748429e-11 5.93954685434994e-10 5.2984328036132e-11 9.95872732056924e-09 3.56009412204594e-06 4.40416626146578e-05 0.000188195531322677 4.98904284329527e-07 0.000187194866139917 6.51153005379879e-06 7.19160656509343e-05 5.08582363789589e-07 4.2744052508592e-08 2.86450982001085e-07 3.00866115394705e-06 6.8292224452704e-06 0.000341570960803039 3.07056892488333e-05 8.4051136483021e-07 9.31095214229405e-07 1.57171203274409e-08 2.92165546311729e-08 8.7920373757866e-05 2.70726863838e-07 4.54580293884899e-06 6.85052092830318e-10 3.07572234348186e-10 2.11039230535448e-10 2.72719323901605e-08
0 0 1.99840144432528e-16 3.66373598126302e-16 7.18314296932476e-15 2.75926641481461e-05 6.71197794209766e-06 6.07771610816599e-12 0.00036627166611356 2.99242741697015e-11 1.51571255546656e-10 1.36917221960076e-07 7.12127068425161e-10 3.66461061496182e-09 1.75094451160263e-09 3.58932122912492e-09 2.64279598205519e-11 1.35148387037098e-08 9.76776437511262e-10 1.95484735691087e-06 0.000615076168911344 2.91244954632175e-06 7.74558445160167e-08 4.8862622219592e-06 9.38398192484868e-10 2.1958792895127e-08 6.26008831106084e-08 8.16182676999233e-11 3.36164873715461e-10 5.42284248616909e-09 1.39303483470687e-07 1.66739270512917e-07 0.000102512861710258 4.01064625594749e-06 1.41563198768901e-06 2.34503895379934e-07 1.65078866909418e-08 1.78304081621672e-07 3.41995292902908e-06 0.000179027958389577 3.79053934906892e-09 6.94261737543833e-08 5.01801400154545e-07 4.06243694239805e-10 4.08624227867804e-06
0 0 4.32986979603811e-16 7.62234719786648e-13 2.46469511466785e-15 5.21142965226318e-08 2.4846791291111e-14 2.12567030644095e-10 7.52532630188263e-07 6.97806097238463e-08 5.17558621603964e-05 1.32393252064156e-05 6.08594939759399e-06 0.0123141430705175 3.21754018996589e-05 2.20406162256825e-06 2.10341664863556e-08 0.000141565515032227 7.11381137885603e-07 3.73940462838895e-07 4.05059944904584e-06 3.83132969794531e-11 5.3524861488019e-06 2.4577138650117e-06 7.24151050235378e-10 1.26106602937881e-10 1.32399091690161e-11 9.81268022393067e-10 8.00599975203653e-10 5.7101442796359e-09 4.78104667096524e-06 5.48005772044169e-06 1.91248994418913e-09 9.95342703509539e-05 1.38144520278716e-05 2.67402650422022e-05 6.24850351460538e-09 1.35643382102035e-06 3.45775377847413e-05 1.21229707335524e-05 1.08220972695472e-06 3.00163805355691e-07 0.00056425084986399 1.11737420827596e-05 2.85933546787187e-05
0 1.40998324127395e-15 2.09809947193662e-13 2.80085621362502e-11 1.25455201782643e-15 1.01482290348898e-09 1.88280724344736e-11 7.28528348759028e-14 2.22044604925031e-17 2.89237589434777e-10 3.65205643504396e-12 4.49360626053608e-07 0.100000042148507 0.000432029931258493 1.08898445816408e-11 3.32240885025925e-08 8.42405879342145e-07 3.83299065565001e-07 5.36563906305965e-08 2.63069137584893e-09 2.72771013543061e-06 1.19972100032228e-08 1.72466624448475e-07 1.64484328057934e-07 3.42264550035054e-11 9.55090451171259e-12 1.32465038937823e-11 7.00760560690128e-12 8.85798434602236e-11 5.78567638243044e-11 5.67283331420754e-11 2.53479529477296e-07 1.80439176689196e-05 1.02523596843263e-06 8.81127929046488e-05 3.25985537001916e-05 8.75664085706607e-06 2.53599138355654e-09 6.50648901645567e-08 2.71751875676074e-05 1.81329741895109e-05 0.00158535816953673 0.000139696113213306 1.00985085039751e-05 4.41116170113442e-07
5.55111512312578e-17 8.73745520379998e-15 6.66133814775094e-17 5.88418203051333e-16 5.21804821573824e-16 0 0 0 0 4.38538094726937e-15 8.04233346585193e-11 1.54569999518683e-06 1.47954326568112e-10 4.66848781854878e-14 6.88619161692827e-11 1.6625600895992e-11 1.52456229884912e-07 7.2055976759744e-07 7.89736685777198e-05 4.97284414337384e-05 2.69884961379141e-08 0.00224387360127294 1.26723530557982e-09 2.19194629114128e-10 4.86765172613701e-10 2.07561856591099e-11 8.58473403475557e-11 2.41365007980221e-09 4.52436299536174e-10 1.91635596280548e-13 1.67739155898516e-12 5.85391735086205e-12 5.66268853856577e-06 0.00605367366360319 0.000102967126994036 2.76289201086244e-05 0.000501865154856396 1.42211337615938e-06 1.15204640993571e-07 7.51273855370549e-06 0.00128615098084444 0.11346235955082 0.000914905169390678 6.68581518727396e-05 1.67229853254014e-07
0 3.78586051397178e-15 1.11022302462516e-17 0 2.23043805647194e-14 2.22044604925031e-17 1.11022302462516e-17 0 0 1.11022302462516e-17 2.72333489093057e-11 1.15463194561016e-15 2.00173211339916e-14 1.85407245112401e-15 2.09447570398424e-11 0.00268987861374481 0.112867209073374 0.212537407279066 0.000489953646658958 1.71716126280419e-06 6.87544528865658e-08 2.70285499093248e-08 1.26941974709638e-09 2.51200830136966e-09 1.1772619878947e-09 2.62737650524869e-09 1.04131370193272e-11 6.4109706432447e-11 2.81150658310025e-12 2.70750089015337e-13 8.30890911629467e-14 8.86377637954183e-12 1.95440604500163e-07 1.34653141876662e-06 8.62214907154657e-06 2.33152718807972e-05 0.000466367392853684 0.0024442691366545 6.70676224767686e-06 9.44697747347734e-05 0.000570257450984435 0.00250086562601126 0.000435522919386955 0.000319365668564142 4.15676508502827e-07
1.11022302462516e-17 0 3.33066907387547e-17 0 0 0 0 1.11022302462516e-17 0 4.44089209850063e-17 7.43849426498855e-16 3.82899267847847e-12 3.68376483761423e-09 5.21707262945981e-09 0.000160132674500368 3.10424012395227e-07 0.000101308290608249 2.95327422824232e-05 1.2685595995876e-08 3.78969966519094e-11 5.7752508331177e-10 2.75053535503389e-11 2.38790098805453e-12 4.18088230702551e-10 1.47804768424464e-11 1.20202736653141e-12 6.83142431512351e-13 5.11497511013204e-12 3.05413472290184e-12 8.39339708846865e-13 3.42967210187339e-11 2.44414033456763e-10 2.28184471318116e-11 3.77567810572188e-08 0.00334044087457035 0.0306264762770979 0.000598435963989374 0.0131713568909312 0.000526124660307659 1.17880674048276e-05 0.00145560042231666 1.68976101100005e-05 0.00920836543525638 2.97470442091718e-05 3.16740914285685e-07
1.11022302462516e-17 1.11022302462516e-17 0 0 9.54791801177635e-16 0 5.55111512312578e-17 2.22044604925031e-17 0 0 5.6621374255883e-16 1.39278588662251e-12 1.22606451946616e-06 0.0005952073871754 2.60845804955778e-09 3.86853474598769e-07 7.10102643353139e-11 6.10600248140969e-10 9.19860188020039e-11 2.00373051484348e-13 1.20273144665894e-08 1.87569071385951e-11 4.33747482375679e-12 1.67321712041257e-12 1.49655843273422e-12 8.85592710275773e-12 7.2686301422209e-14 1.58475121914137e-11 1.07746034316847e-12 9.53008783000087e-12 1.3555456757075e-11 2.20910456594225e-09 2.29333578793955e-09 3.89956740461717e-05 4.95208250258505e-06 3.22054050975185e-06 6.03128860065971e-05 0.017561051576206 1.22973533174697e-05 0.000246981186217221 4.68868421195423e-05 0.195786842034431 0.00150318258632867 0.00318776808661769 3.66466967882673e-11
0 1.54321000422897e-15 0 1.5798473640416e-14 1.48903112062726e-13 3.77475828372553e-16 8.15635424367134e-07 3.26139115713886e-13 0 0 0 5.08482145278322e-15 6.13809592042713e-10 0.100000000070368 0.00128387680397372 1.63047985113352e-09 5.04141292045901e-09 8.32600293154684e-09 3.77538045270853e-10 8.67298122209092e-11 5.51371548418445e-10 3.51811996202045e-09 2.21930035460005e-09 3.14187564853796e-12 5.17497156238278e-13 2.83233436704222e-12 4.422018307082e-12 8.87523388115596e-13 1.56260560046917e-12 1.01361141702228e-12 3.23597704188217e-11 6.76789635445374e-10 1.77510434862249e-07 0.00140606611418092 1.06757132424251e-06 3.34794725587173e-07 6.89581844973697e-06 0.0266714406542235 5.09364793597644e-05 0.000190488230474339 1.57007465069636e-05 1.22005633473865e-07 3.01153865334136e-07 3.41615624677161e-13 -9999
0 0 0 1.54554147258068e-13 1.83186799063151e-15 3.3806291099836e-14 1.17428289314603e-13 1.46145318069557e-12 3.80081655038111e-10 8.91557472293414e-10 1.68864922045486e-14 3.33066907387547e-17 1.82698300932316e-13 1.11216147402615e-11 5.7065463465733e-15 7.99360577730113e-16 5.33743504949058e-10 3.39527739257051e-11 2.41504568398998e-07 9.45103184601947e-10 5.03248070327089e-08 1.45053721256616e-09 2.60272959851093e-09 5.29593036091569e-12 1.82014792127205e-10 1.73786196544512e-10 1.36267948036561e-09 1.62146740478875e-11 7.36581906579659e-12 2.14047779500959e-11 2.33160157847578e-12 1.20468619524416e-09 5.08739575255657e-07 4.03869802378942e-08 7.02713846334468e-08 2.91507303851191e-08 2.94209306617166e-07 8.89122190317337e-09 3.71668062081665e-05 4.10815397051234e-05 5.91748380296409e-09 3.79218878521215e-13 8.85602702282995e-13 -9999 -9999
0 0 0 5.13210918207108e-11 8.05160493833057e-11 1.11022302462516e-17 5.59974289160436e-13 3.65596442009064e-14 2.40724895572697e-10 5.52702328349142e-13 0 1.11022302462516e-17 1.39965816714493e-13 2.29816166097407e-15 1.28397292797899e-13 7.7715611723761e-17 2.98649993624167e-15 8.97423504397921e-09 1.09142003212881e-08 9.24624754727876e-07 1.30246434859593e-08 6.42831576858072e-10 9.47129275008507e-10 6.85372758546521e-11 1.00719241835634e-09 4.1594527822042e-11 5.56932278072964e-12 3.71777053587152e-12 1.87300175369387e-12 2.58526533514214e-13 1.8154477920973e-12 8.34580182740297e-12 3.35937067053038e-10 8.43936154293345e-10 3.10575483553066e-08 4.21903445513294e-09 0.000115356952881673 1.55787219013881e-08 1.64084263879705e-05 0.000373552521516585 3.16814154133205e-08 7.09321490433012e-14 3.75510985639593e-09 -9999 -9999
0 0 1.32116539930394e-15 1.21165584232585e-09 0 0 1.9373391779709e-14 0 0 0 8.02691246803988e-15 5.56488188863113e-13 0.392551781849677 1.58242965023758e-06 0.0259731179915366 5.3295146074106e-13 1.02229336107484e-13 2.37993084151178e-07 8.02418067658017e-08 2.13229434109508e-13 2.75672734639798e-09 6.30930052647472e-10 7.953339098421e-11 7.9787176865409e-12 2.83195689121385e-13 2.18047802036381e-14 1.69908531688634e-13 1.22291066162461e-13 9.99156313241656e-13 4.41535696893425e-14 2.93387536487444e-13 3.04114622373675e-11 2.78699174849351e-11 1.07070160515477e-09 2.50319642791652e-10 1.12513581784768e-08 9.45755695980211e-12 1.21112344919627e-07 6.89549203181095e-08 4.38342915680678e-06 0.00103467903782839 7.15494330449928e-12 4.43312053732825e-14 -9999 -9999
0 0 0 1.00137667047306e-09 3.57913698678658e-13 1.32764910176775e-11 3.86288094178511e-08 0 0 0 0 2.22044604925031e-17 4.9960036108132e-16 1.72628578098966e-13 1.09998565811509e-11 1.89041571618809e-08 6.89057921832159e-11 2.58861287960599e-10 9.33523690294091e-07 5.97954589176552e-09 1.3143305555019e-09 5.38143973827232e-12 3.53305162903439e-12 5.81101833319053e-13 7.92699239582362e-13 6.92990109740776e-13 1.13797860024079e-14 5.48981660131176e-10 8.91073370645756e-10 1.97231120324659e-13 3.52757378863089e-11 6.73350264435157e-14 3.38229444452054e-13 8.80424066984631e-11 1.42083074194943e-09 6.14440051061038e-09 2.65924549103236e-07 1.11203918040648e-07 2.51486212077268e-08 9.14252242369962e-06 0.000159808301124931 1.83775217266202e-13 1.88878912510404e-12 1.48300260960355e-12 -9999
3.33066907387547e-17 1.99840144432528e-16 0 5.6710192097853e-14 0 0 1.52700074806944e-12 1.11022302462516e-17 0 0 0 0 0 1.12908571381354e-12 3.03090885722668e-15 1.27193033883088e-11 1.96957561371391e-11 2.69206323899596e-11 1.9282848762181e-09 3.06556113827128e-10 2.2358781492926e-13 2.83872925166406e-13 1.81410442223751e-13 1.035546537409e-10 5.90216764351226e-13 1.50199852555488e-12 6.3282490359029e-12 6.37793373670092e-11 1.55826267445036e-09 5.22576693029464e-10 7.0572049648554e-09 1.70474667715581e-10 1.1207479388986e-12 6.01587557547134e-11 7.22098159045004e-11 1.29049856245622e-08 5.45682765640265e-09 2.18893295711453e-09 1.05720088239281e-10 4.62734799877573e-07 6.65682086153918e-07 2.48636444766248e-11 4.06831235366667e-12 8.23816946105005e-07 0.525569944316521
0 0 1.11022302462516e-17 2.95319324550292e-15 0 3.33066907387547e-17 1.17683640610267e-15 7.26640969617165e-14 9.99200722162641e-17 0 1.19904086659517e-15 0 2.22044604925031e-16 1.85307325040185e-12 2.9967047945334e-07 1.14684364396878e-05 7.63068241969034e-06 8.0401427959842e-09 1.16446297049322e-11 3.77138320573067e-12 1.80312542674699e-11 3.13237328297689e-09 2.54085641415713e-13 5.92728421899835e-11 7.1585959382503e-12 2.86271006899597e-12 1.00142116821189e-12 3.95200205893786e-10 3.2360879420601e-09 1.93673410642248e-10 2.52671221723233e-09 1.66641330623385e-08 1.85655574580501e-08 1.55377955168845e-08 1.96719629474984e-10 9.07603769917387e-11 4.88864964842683e-08 1.71203384868868e-07 1.24567916981455e-08 7.9488711168807e-10 1.65297660781327e-08 5.00522818136506e-06 8.95208944973192e-08 0.000288114672884421 6.05845756895818e-08
2.05391259555654e-15 0 0 0 3.10862446895044e-16 1.48991929904696e-14 0 0 4.77395900588817e-16 4.77395900588817e-16 4.44089209850063e-17 1.76414438612937e-14 8.88178419700125e-17 0 3.40838468559923e-15 1.10964211152975e-09 0.000132920045954299 5.62105917367717e-14 1.68753899743024e-14 3.23074900165921e-15 4.9073396457544e-10 3.06412595130201e-07 6.9046666010264e-07 1.53729251550772e-11 3.15650616755647e-11 7.10431158346125e-11 1.47379530801572e-10 5.03857555678167e-10 5.61626078976474e-10 1.38656949699723e-08 3.19627849743043e-09 3.1174773873488e-11 5.81751535833064e-10 1.29603352827523e-08 3.23716274897023e-09 1.17739376026549e-09 2.60415100594713e-10 1.01290270726473e-08 5.86778363786955e-08 5.0974626741862e-10 1.84346704568128e-09 3.80539477040642e-08 3.51334423717153e-06 1.01234410998519e-07 3.79830855656849e-10
2.01032523960976e-12 0 0 0 9.88098491916389e-16 0 3.33066907387547e-16 0 0 4.77395900588817e-16 0 1.33226762955019e-16 2.33146835171283e-15 3.05644398679306e-14 4.00457444982294e-14 3.88578058618805e-15 2.65643063102061e-13 6.11399819661074e-14 1.39269151766541e-11 1.19930321229589e-10 5.16586773358085e-14 1.1951062361959e-11 1.93376981094673e-11 4.15645073914561e-11 2.81356786757669e-09 1.78761061069288e-06 5.81849996406092e-08 4.54620839862585e-09 1.37264315080987e-07 2.70649443967486e-09 2.84971989894522e-08 9.03135888297157e-10 1.41691436361668e-11 4.43309452480278e-09 4.83010353935498e-10 6.42994001376351e-09 5.86177725248049e-09 6.61742693974787e-10 6.11995865207327e-08 5.86534517843518e-08 1.08754996119842e-09 1.12919037453807e-09 2.10510536780006e-08 -9999 -9999
1.66533453693773e-16 1.11022302462516e-17 0 0 0 0 5.77315972805081e-16 0 2.88657986402541e-16 0 2.22044604925031e-17 6.21724893790088e-16 0 0 1.11022302462516e-17 0 0 3.40838468559923e-15 1.55875312657372e-14 7.48178186071868e-12 9.99200722162641e-17 7.58248197563205e-10 6.68494037903145e-11 3.17638965130485e-09 0.0871199667453766 9.90989512672513e-11 6.07403016772423e-14 1.37903688468555e-11 4.11965095370448e-10 6.62338000001483e-09 2.7139028913048e-09 1.10816151810411e-09 2.46372144907525e-11 2.3307680230289e-09 9.94707483048529e-10 5.64079849496579e-10 5.98571858745345e-10 1.98716598731608e-12 4.72001582263459e-10 9.86064230268369e-11 1.5246817142156e-10 0 -9999 -9999 -9999
1.11022302462516e-17 0 0 0 0 0 0 2.22044604925031e-17 0 0 0 0 0 0 1.11022302462516e-16 6.31050767196939e-14 0 0 1.11022302462516e-16 0 0 2.22044604925031e-17 3.33066907387547e-17 3.33066907387547e-16 1.47113391468778e-09 9.22595333463505e-15 1.83064674530442e-13 2.95282909235084e-11 3.00058537483494e-07 3.74391629920368e-08 1.192557585461e-07 1.17109731800902e-08 1.26638990405326e-08 8.30388957595574e-10 1.90157145585346e-10 2.96067370619824e-10 1.41859857194504e-11 4.39469571844597e-11 4.20907253495528e-10 9.72744107485823e-12 1.59439128566419e-13 -9999 -9999 -9999 -9999
