Scripts_&_data/Maxent_result_files_1/Bombus_mocsaryi_2.asc
NCOLS 594 
NROWS 330 
XLLCORNER -15 
YLLCORNER 23 
CELLSIZE 0.166666666666667 
NODATA_value -9999 
[rows 100 to 119 of 330, columns 368 to 413 of 594]
0.0855282961390913 0.400178025673085 0.598960827512201 0.175770930200815 0.161643385887146 0.207685932517052 0.0573268461975436 0.0254754085792229 0.0758475165814161 0.10638517299667 0.0273832250386477 0.11615526676178 0.0617330957204103 0.0401912905275822 0.017192575824447 0.0184049677569419 0.02037458200939 0.0104893607727718 0.0106979909527581 0.046307398378849 0.0270248409360647 0.08899070834741 0.0780281629413367 0.0432661131024361 0.0472603362053633 0.0955893061620849 0.00439158189401496 0.0101440781261772 0.00593556938983966 0.0025743697071448 0.0109897613176145 0.0135919340886176 0.0175995345925912 0.00619977162339345 0.00359627773868851 0.00207551713028806 0.00183801403072721 0.00160426593911325 0.00130333031063401 0.00245175675154314 0.00229122398231993 0.00512639885710087 0.00279566564713605 0.000875446088301146 0.00263506604351278 0.00269671331770951
0.0448670197304804 0.142608233727515 0.0974292647559196 0.084746752679349 0.0975099448580295 0.0989180558826774 0.0991123832762241 0.105736749898642 0.0368216559290886 0.105460062623024 0.0996705882251757 0.122366878390312 0.0527273233980045 0.107209808146581 0.112789966545779 0.0272955034859478 0.0148679778561927 0.107507285379461 0.090561645431444 0.0224828655831516 0.0199906423687935 0.0205002097412944 0.0763019664260767 0.0545562354530944 0.122297271341085 0.0265732894651592 0.0177157413214445 0.0199070348404348 0.0105007668724284 0.0168485954607604 0.0108261041925289 0.00962345332372934 0.00928369687462691 0.0107120483444305 0.0149900604272261 0.0104699629824609 0.00858645892003551 0.00438882236776408 0.00171399706664488 0.00166301898426582 0.00143628411746448 0.00707455145182874 0.00209022893836845 0.00104090202691509 0.0111067325458862 0.00178727987404272
0.17928720433265 0.0550741764716804 0.100424215337262 0.106143046962026 0.103440137906 0.104339710995555 0.0421453298528334 0.0393670629712389 0.0512594360860763 0.109366060653701 0.115385779134704 0.0850029121196712 0.0553128590089203 0.0651724100112915 0.0192925016162917 0.0181555119575933 0.0100247875787318 0.0142176837660372 0.0457733180373907 0.0206185217481107 0.111345567926764 0.0272200477309525 0.0534742271527648 0.0380771043664999 0.0155592861352488 0.0849776119378991 0.0331237349659204 0.0298145575448871 0.0257889525964856 0.016430456051603 0.0143822904617991 0.0108672093134373 0.0223047697218135 0.0351568557322025 0.0217773831449449 0.0126863769663032 0.0190956805832684 0.00859846961684525 0.00525056037877221 0.00390147119469475 0.00246592844414408 0.00346106213401072 0.00459182365448214 0.00587063290295191 0.00690810835512821 0.00752534616622143
0.0038066795105988 0.109237058833241 0.108597572380677 0.0832075556842028 0.0636450585737009 0.082569283277553 0.0568263602725286 0.277025315165521 0.113530767383054 0.113393935654312 0.0354407897684723 0.110516450973228 0.0219600957818329 0.027053174842149 0.0244486404582858 0.0182673844508827 0.0232011481188238 0.00556158959516324 0.0217564433813095 0.0868942835368216 0.058089690282941 0.0396236417815089 0.0445112885907292 0.0145809400244616 0.00629401493351907 0.0103382934234105 0.0141512936272193 0.0062723945826292 0.00512793907526867 0.00247915706422646 0.00164233495652297 0.00183953263276635 0.00585990049075917 0.00142214038223756 0.00369525691203307 0.00216749555693241 0.00163400284795898 0.00106965482107455 0.000781435635271954 0.0211368916764513 0.00239258521323791 0.00388670508400537 0.00242033978138352 0.0060848745459225 0.020702496136073 0.0297741935588419
0.0673416309062246 0.0209248383063823 0.113492900924757 0.0847436246694997 0.0740015064495765 0.0716461677104235 0.0938520224704007 0.110164416255429 0.112907171295956 0.0442894279957013 0.0681373305621862 0.0272641539573669 0.014496733964188 0.00472074222343508 0.15852112621069 0.020606854185462 0.0290081471670419 0.0618122121319908 0.0175001835683361 0.010186315496685 0.015664603584446 0.0154840379371308 0.00839015968958847 0.0156131712254137 0.00599666446214542 0.00361824173596688 0.00506166454870254 0.00775987732195063 0.0040880320717406 0.00227458598310477 0.00192644173694134 0.00368355636310298 0.00898169304709882 0.00386227484850679 0.00375568092276808 0.00386799565458205 0.00106382486331924 0.00109053320897972 0.00118954031918896 0.00558894746063743 0.00890039979130961 0.00138942760149803 0.00152864003666764 0.00513959838135634 0.0100904155173339 0.0112540446862113
0.0343856045976282 0.0862065256316669 0.0509297803044408 0.0999788269400616 0.169529184699059 0.108233702788129 0.111060524964705 0.0222829775884748 0.117523580982805 0.110902961762622 0.114387689065188 0.035557206813246 0.0334522133693099 0.107290493184701 0.0167951294337399 0.0210820300504565 0.0973327936219903 0.0910979178268462 0.0911200948457598 0.0462935077957809 0.0185957561247051 0.0590174850076438 0.0120881381328218 0.0123939172597602 0.0160169771173969 0.00734339592163451 0.00314019706420368 0.00329644430239568 0.00654393946679193 0.00414038226008415 0.0101395808800589 0.00678205732838251 0.00355554824345745 0.00477999393770006 0.00502660469792318 0.00606273884903512 0.00895854093832895 0.00588610922859516 0.00365714475847199 0.00195212206672295 0.00177094136161031 0.00326371902380294 0.011522497102851 0.0179677949112374 0.0173768714594189 0.0270015168935061
0.113647144986317 0.0742504442179552 0.0508639318868518 0.187408813971575 0.0832262292504311 0.0748102106153974 0.0424310024830069 0.0584795956762151 0.0491248541511595 0.0569015599787249 0.0208878751378506 0.0176213308470324 0.0190011634025723 0.0224474067799747 0.00660469979629852 0.013887026917655 0.0112510573817417 0.0922513053286821 0.0969858947092234 0.107287596911192 0.00703917414648458 0.0553038246929646 0.008050190389622 0.00192632572834555 0.0101297662185971 0.0105338857101742 0.0140745889162645 0.00177752465606318 0.00358024353918154 0.00201842557762575 0.0146299259737134 0.00835341570782475 0.00168381767743995 0.00636659670853987 0.00577176207734738 0.00874894430744462 0.0248827605741099 0.0231072740250966 0.00445797944412334 0.0173311785853002 0.00926682569868946 0.00977073695829809 0.00705081166088348 0.00401098313450348 0.0244398413226008 0.0131077950185499
0.11863663867116 0.06589635590082 0.107545499689877 0.0710203161463141 0.0197079451289028 0.00921287266537547 0.0192775667412207 0.108690700214356 0.111847717128694 0.11267253216356 0.115899596689269 0.114479318307713 0.110834688786417 0.108720947243273 0.0510077267885221 0.0954645830206573 0.0272869721055031 0.0940693579148501 0.0378777001055286 0.0243722934275866 0.0652757659567548 0.0962056787416486 0.0189460445195436 0.0125924119667616 0.0119832488126121 0.0170337501913309 0.0103132099960931 0.0181008165469393 0.018793947249651 0.0133433537790552 0.0156691512092948 0.076673176139594 0.0937182309105992 0.0999200338963419 0.109580986062065 0.109886471508071 0.0921883963048468 0.111433728318661 0.0149935418739915 0.0180708198808134 0.0426857686432413 0.0308126955991611 0.0301493678241968 0.035103277489543 0.114540818540672 0.103745635598898
0.0486775025725365 0.12400724068284 0.0539668921381235 0.103497381042689 0.103719604667276 0.0490825615847847 0.0749247514974513 0.112616763450205 0.112862001964822 0.0549870520830168 0.0761229229184231 0.0268939048051834 0.119693183805794 0.0741937105823089 0.0325626838952303 0.102104055788368 0.0964171815663576 0.0955755739938468 0.0955307402648032 0.0494136095047058 0.0933161410503089 0.0145656264852732 0.0217343629337847 0.00948309297673404 0.0912312242668122 0.0562701553106308 0.0904059381689876 0.0918150847777724 0.0943940665985274 0.0338834080845118 0.0974407453555614 0.0967857770156115 0.103993657650426 0.106928156968206 0.1123431106098 0.112713269982487 0.0793535340523931 0.116179084638134 0.0617081784871061 0.0948272773995995 0.0233414904680103 0.0128749715629965 0.0144823072769213 0.0294659066945314 0.0261085553094745 0.0678916536296219
0.104462076257914 0.101329327141866 0.101170529844239 0.0987997650634497 0.100781214982271 0.0654133727677767 0.0989001652225852 0.0709648491618509 0.106982796778902 0.111243525194004 0.114031271915883 0.119120858795941 0.0204882998950779 0.0307904852554202 0.106588257150725 0.108003875333816 0.100423354748636 0.100866945553571 0.0390589185061446 0.0679063562930196 0.0798397287726411 0.077145331725479 0.0980225723647436 0.010482620226685 0.0928773102350533 0.0927443874068558 0.0389350524674626 0.0204316854244098 0.0416071588173509 0.0970780116971582 0.0982126352842897 0.0986556643620133 0.100744187878445 0.108428945532069 0.0556521747261365 0.0506982360037557 0.105837869644165 0.0264420351944864 0.101799136772752 0.0271179309580475 0.0259982129558921 0.0142566388996784 0.00829792962322244 0.0160608211066574 0.0273349143564701 0.0884439386427402
0.105145541764796 0.0974198924377561 0.0655615409408501 0.0928918124176562 0.0616439296563518 0.00883834965061396 0.0474440688267363 0.100570137612522 0.0674290647004119 0.0598893030569418 0.105934347398579 0.107306062895805 0.111259094020352 0.11530498820357 0.114424009248614 0.111745423823595 0.113190367859394 0.111929375911132 0.110207127779722 0.0436246871950584 0.0953010465018451 0.0962999500731321 0.0991288051474839 0.0959526321385056 0.0955754009541124 0.0654188345885132 0.097130532605266 0.0987920237705111 0.0977470984682441 0.104265076294541 0.0410477779808083 0.108753008022904 0.107200097944587 0.114331102650613 0.119127282034606 0.123225885024294 0.135837130993767 0.015727949864231 0.0186500821728259 0.0257201134576462 0.123368528040328 0.0940329067409049 0.109088026032644 0.101468616817147 0.0949806693941355 0.0594774161445107
0.09651367100887 0.053908984500438 0.0952350642066449 0.0934390893206 0.0928905530367047 0.0936133169569075 0.0965297486633062 0.097192630590871 0.0246597426012158 0.103421129053459 0.108379782363772 0.107378813670948 0.0310011923313141 0.115416678972542 0.116417196858674 0.0426314789801836 0.044356690719959 0.11688418360427 0.0446586616339608 0.104400374740362 0.0994468475691974 0.0962918816134334 0.095921932021156 0.0997490322683006 0.0631588830471959 0.038689137995472 0.0795057687281542 0.0409432053568512 0.10736314044334 0.116938575869426 0.0456159656867385 0.0946781624137657 0.119208675157279 0.119177276175469 0.123475068435073 0.0525554337073495 0.178978076204658 0.0547175967600197 0.0182810491882265 0.0998408406972895 0.0587667763233199 0.0213898061774671 0.0066797153733205 0.0177656304556876 0.0980747825000435 0.0421853359814074
0.0966268672607839 0.0352105461063273 0.0826719358563603 0.0933401562739164 0.0927063468843699 0.0930054833181202 0.0939360742922872 0.0582005079835653 0.100826179236181 0.0895609300583601 0.0976363427005708 0.05768832165898 0.0444934122266777 0.0784457969071582 0.112827588943765 0.0558264572196214 0.0940989960014122 0.11149949496612 0.0696345315518343 0.0559117322061431 0.0732638059544115 0.0862328820949188 0.100004076771438 0.0997760049067438 0.0485679995292746 0.112016399437562 0.171241544745862 0.0248385855695233 0.114856088906527 0.115547396801412 0.11338743660599 0.119321312988177 0.12584748188965 0.126020194421153 0.0442427596077543 0.0308097934350372 0.123824311001226 0.121521250205114 0.122660675689339 0.119293116126209 0.119164011394605 0.113940906990319 0.111071932222694 0.103845285531133 0.0962574472185224 0.0527085833635809
0.0845515675842762 0.0861936677247286 0.101994024217129 0.0349973132835963 0.0625868548186872 0.0943011465948075 0.0942288991063833 0.0945729015860707 0.0636064409969322 0.0592856966591977 0.0456129428022017 0.111702637374401 0.112970431381837 0.10528516843915 0.121696432726458 0.0980428255614243 0.125737430155277 0.184792524576187 0.0587850503647208 0.127237855549902 0.119708481896669 0.0782957844439535 0.0872441914121737 0.118096316652372 0.112490079598501 0.0497471537466251 0.0972298830747606 0.117626545578241 0.0705173559490099 0.115861663036048 0.119619019376114 0.12462166249752 0.0825873931869864 0.0196444161236286 0.124286723462865 0.0412940043956041 0.0941270125869778 0.120645578671247 0.121053656144068 0.119073617924005 0.119891794212162 0.0978590406477451 0.0833720207217935 0.111454155249521 0.0947139161638915 0.0865397030487657
0.0851424459368607 0.101121877133846 0.0952387362718582 0.0825649283826922 0.0748151324692739 0.0632870163471353 0.0724055273836711 0.0950068654958159 0.0350093169140142 0.0982585899531841 0.0445830609671865 0.0461161352696484 0.0550587479027772 0.100727555155754 0.111191249266267 0.126164211798459 0.0471730858089991 0.0478479094805593 0.0583367425972091 0.10706828683635 0.125942666409537 0.0510237194600221 0.0543832600119432 0.069206544757224 0.0418060287835877 0.110936713218689 0.114026625454426 0.0546536970507141 0.0891222902238951 0.117620092444122 0.0383723121136427 0.125478022545576 0.0621982783079255 0.123400563327596 0.124376440513879 0.13128511137329 0.0580403387570141 0.126085793785751 0.124894609628245 0.124645425844938 0.0461096566172995 0.106270632147789 0.0638277456167447 0.077310028356419 0.0981217881664634 0.0671734118644963
0.0351616306232916 0.0958758411929011 0.0494520605722581 0.0947033078409731 0.0911142140161246 0.0643629291469551 0.0434406295440176 0.0640162245692864 0.0985693447291851 0.104885666072369 0.105012652277946 0.104670252650976 0.0881063111126474 0.108930610120716 0.0737560205164625 0.112860795855522 0.130048430711031 0.118489922583103 0.287305077910423 0.271350671350956 0.0928912103176117 0.099748157709837 0.580284821987152 0.628487482666969 0.115023089200258 0.124125215411226 0.090986459702654 0.0860976426293786 0.115071787359193 0.120188940409571 0.122514586616307 0.125386834563687 0.123797448026016 0.123280159989372 0.0602015413343906 0.0994520872831345 0.0735371317716347 0.0841981562749425 0.112696331506595 0.113101985724643 0.0593471616999154 0.108088859170676 0.125113332271576 0.116378572303802 0.109854454221204 0.0883675852790475
0.0915487702935934 0.0770597957078272 0.0934299767017364 0.107591258734465 0.0841101370751858 0.087638558447361 0.092827070504427 0.109217772632837 0.0940446197986603 0.0578718915584503 0.105570208281279 0.0879668112844229 0.10577728971839 0.105890367180109 0.111559005826712 0.0465863529907889 0.0226398315742244 0.109579427540302 0.226969961822033 0.6 0.72642410993576 0.438109859451652 0.528651791810989 0.107143360376358 0.122213428467512 0.0974781952798564 0.0527056101712436 0.0440298277888046 0.114589153276756 0.121008927887306 0.121786152897403 0.125998339196667 0.123662057518959 0.129890419822186 0.0225429886952043 0.0990316160023215 0.0851972207427057 0.0694054093212375 0.100839446519967 0.112835544999689 0.11740992856212 0.119622324407101 0.103280548751356 0.156275644898415 0.086166134600353 0.104488143557683
0.0870074238628358 0.0975714979693294 0.0916343361139298 0.089248213917017 0.0961408488452435 0.0735683836044607 0.111284761875868 0.100548472255468 0.107738504558802 0.106521889939904 0.0927897002547979 0.0795181632041931 0.0616418621968482 0.0222455491497588 0.177031196653843 0.13752233684063 0.10406479164958 0.117156691849232 0.078277413547039 0.186227267980576 0.156686714291573 0.108531107753515 0.0505589604380571 0.111629821360111 0.120339093357325 0.122180180251598 0.100244027003646 0.111942436546087 0.139101937413216 0.148939648270607 0.140526279062033 0.115334837883711 0.125634057819843 0.127489008009908 0.108139447122812 0.0785998631269401 0.0935335900052451 0.0883411213348154 0.0352024747058749 0.0387689806520939 0.105001520947553 0.117149395402521 0.091046479716897 0.0923304297034033 0.0453677423301821 0.0515639895090096
0.099044294655323 0.0980423002969474 0.0685173057022837 0.0377169180663642 0.0936520770192146 0.101695064455271 0.0777429919689894 0.132410987466574 0.105231161415577 0.106512680649757 0.109315443783998 0.246188813247136 0.168171310424805 0.0567171851638705 0.106949088722467 0.107933148741722 0.0964179933071136 0.134639161080122 0.109352428466085 0.0879088785499339 0.0788375481963158 0.10612907409668 0.0832973632961512 0.104693022370338 0.109895403683186 0.109057427197695 0.120430442690849 0.123776837065816 0.103818908333778 0.10851685218513 0.11664747595787 0.108675565570593 0.152088332176208 0.128037955611944 0.0738382149953395 0.117815352976322 0.082251089066267 0.0748999526724221 0.0738628506660461 0.101472797244787 0.101536616683006 0.0978776477277279 0.248465582728386 0.167181062698364 0.0701155245304108 0.0899664416909218
0.101157281221822 0.0988626196049154 0.0982742378022522 0.091014832817018 0.0620947517457678 0.0419480971992016 0.0856835105922073 0.027538863196969 0.0906816237606108 0.066004637293895 0.0989965349901468 0.071579629140615 0.0358169394545257 0.101827536011115 0.0589146638867927 0.101566928625107 0.158873598277569 0.0727855395529063 0.106748191267252 0.114124146103859 0.0997544467449188 0.107735339552164 0.0885790053755045 0.103714740276337 0.199373288452625 0.113120407611132 0.122254386544228 0.12918506860733 0.131877095997334 0.124410524591804 0.130896567925811 0.125013811886311 0.141769702732563 0.117150530219078 0.0900924686342478 0.0684261068701744 0.0643329286947846 0.487852478027344 0.338553032279015 0.0517147215083241 0.143519330769777 0.126072704792023 0.30092651695013 0.178149281442165 0.0672946881502867 0.207293727993966
