Scripts_&_data/Maxent_result_files_1/Bombus_monticola_2.asc
NCOLS 594 
NROWS 330 
XLLCORNER -15 
YLLCORNER 23 
CELLSIZE 0.166666666666667 
NODATA_value -9999 
[rows 220 to 239 of 330, columns 540 to 584 of 594]
4.15374037876504e-07 6.8460145672411e-07 1.14479510510135e-06 9.97678057956808e-07 1.90422269463753e-07 4.3809997857247e-07 7.90130709449333e-07 4.6799108960327e-07 1.73798492131283e-07 9.03174965261044e-08 3.32880195541563e-07 6.95374204939814e-07 8.43146891849056e-07 2.73674295993009e-06 5.79452393734137e-07 1.34747867674978e-07 6.15714502183451e-07 2.29427743247967e-07 1.81841718802644e-06 4.4679104969525e-06 4.78402733850025e-06 1.15082958238588e-05 1.10093985001836e-06 9.63231438477763e-07 1.74947425601868e-07 1.4758561650563e-08 3.86671842322883e-09 4.74273270656411e-09 2.12883827233057e-09 7.55482565395482e-10 2.09799322359316e-10 1.79941157751884e-08 9.22112497470096e-10 1.10604542191695e-09 1.67313086718579e-09 2.75925650106146e-09 2.93152835340038e-11 1.65875091440171e-11 1.14144915741576e-11 9.20108433888345e-12 1.75974679272883e-11 1.0066381062046e-11 1.03403285933723e-11 8.961392738982e-11 2.15240311129961e-09
2.37093663688626e-06 2.83795705587897e-06 7.16754316889556e-06 1.33685136183281e-06 7.28207025701977e-07 1.02392286635222e-05 2.80687042398808e-06 7.20629699513253e-07 1.49670050575423e-08 4.47995794905509e-09 3.93257812647541e-08 3.05623304486247e-07 5.47500844494397e-07 2.24994906080633e-06 2.84887851904614e-06 9.1932328540878e-07 6.09201137606874e-06 3.9861634467897e-06 4.91211249906698e-06 7.1522983822625e-06 6.16671907394117e-07 3.76830007942086e-07 1.07603254172473e-06 1.93075414616217e-06 4.9719934340775e-07 1.77043511406794e-08 1.19471559867357e-08 4.45969912110655e-09 1.76040349075812e-08 4.3697327312131e-09 2.69939158803467e-09 3.15888185609126e-09 1.17675799105044e-09 7.67009977753474e-10 8.48460213198621e-10 1.86324877748945e-10 2.15805484593545e-11 1.34934396989195e-11 8.21392953653799e-12 1.94512850271167e-11 3.69158148494364e-11 5.38960764906449e-11 5.24726040396217e-11 1.50794077224958e-10 8.61440707655703e-10
2.57804509125048e-06 2.40997573706103e-06 3.05056130170955e-06 6.27293454236177e-06 1.69515880444226e-05 1.01190858161626e-06 5.80254442605899e-08 3.42780399620324e-09 9.04124208833679e-10 1.1538460220617e-08 9.41972696233417e-07 1.9947195095682e-07 5.10917138507594e-07 2.46514095170181e-07 1.69655553610148e-06 1.23777708216366e-06 1.03657971213256e-06 6.55063322607674e-06 2.80413529096801e-06 9.68841798887343e-07 1.9087084301983e-07 7.829805478754e-07 2.93929974770624e-07 2.41969824477106e-07 4.83702473408343e-08 2.06412142822465e-08 3.10689585725221e-08 4.49914800970674e-09 1.32102890848529e-09 3.88835041942315e-10 8.10915801174872e-10 6.34702645996299e-10 3.45016037961443e-10 7.52535322945391e-10 2.34954342648308e-09 8.69690985894067e-12 6.94233559528357e-12 6.45377085106702e-12 6.9893202336857e-12 1.4635194167667e-10 7.51019801903396e-11 5.48121659171841e-11 1.37859493820613e-09 9.40887678879676e-10 6.00813609974438e-10
7.60480777395323e-07 6.04251550786472e-06 2.03716794913156e-06 5.1595723103981e-07 2.56724158287369e-07 7.61968359519472e-09 2.54966109336507e-09 1.15263194766513e-07 7.42791567420742e-07 3.63645481908925e-06 4.44612319860926e-07 1.12073471991714e-07 1.84243425338515e-07 1.94510084353672e-06 2.26551596349545e-07 2.74361567798032e-07 1.23777677041304e-07 8.1419165818275e-07 3.08797298220753e-07 3.98587790162441e-06 2.59202978980522e-07 4.15965362821069e-08 2.69182281908975e-08 3.34711037974778e-07 4.63891472790579e-08 2.56581104041143e-07 1.12402506380338e-07 1.07017749839677e-07 1.98937459838788e-09 4.03951616601006e-10 1.09865023745215e-09 3.80307740854846e-10 1.3256269415507e-10 5.1448422189182e-10 2.12635642427017e-09 1.18013719907495e-09 4.02817301736746e-10 5.65935220908642e-10 1.26086552310056e-09 5.19103282581312e-10 5.36147670704423e-10 2.10765982444627e-10 7.97353849613103e-11 4.00142963208339e-10 6.01978578096407e-11
2.28535874089442e-06 6.47632053829561e-07 1.81654632669392e-06 5.00099398081932e-07 1.92828009337731e-07 1.27082732648276e-07 7.17207381140117e-07 2.5164122238186e-06 5.01333300112483e-06 4.30602087335696e-06 2.72742912654778e-07 9.76487521509029e-07 2.07155986018392e-06 2.48706870915605e-06 8.2551714196688e-07 7.84754170246593e-07 1.22594811656773e-06 1.72455988012299e-07 2.48789542534045e-07 3.91512731245935e-07 5.26119478949649e-07 1.21607560082948e-06 3.65643864264076e-07 3.01240920652646e-08 2.84418281149001e-09 2.03333783144188e-09 1.7716414779656e-09 3.93655796848691e-10 7.85146558879291e-10 1.10308862044661e-10 3.42816053322537e-10 3.91068977201314e-10 2.46299269868189e-10 5.65430902099706e-10 1.87086668379521e-10 3.91011401035257e-10 7.04498115400298e-10 2.75503453384118e-10 3.67862074135417e-11 5.88444404314714e-11 9.95611815213238e-11 8.01670840822055e-11 3.57280205420807e-11 4.46394032849184e-12 3.88968857123473e-12
1.89309656632997e-06 1.72720815182492e-06 1.55290317974677e-06 5.12912959660383e-07 6.59533600861906e-06 2.94743844072576e-06 3.812211386367e-06 8.05222493124313e-06 3.64386170748077e-07 4.5007359110727e-07 2.65858655228435e-06 1.07671415294774e-05 1.60705599983046e-07 9.38125446059424e-07 7.58172880732655e-07 4.97470881298812e-06 5.57031787395967e-07 5.12959116838463e-07 2.38907694594115e-07 1.32293861165866e-07 7.50754857836711e-08 1.15492140506657e-07 8.76348311473762e-08 7.84362208516853e-10 1.66761909836666e-09 1.28445598601701e-10 2.44540332428045e-10 3.20342419257713e-10 1.45106036075759e-09 2.23333873616838e-10 9.79492376096403e-11 4.78802031356196e-10 1.78310433085471e-10 6.90142953896355e-10 5.47773459924628e-10 1.25760912794703e-09 2.26659359059411e-09 3.60394969423083e-10 2.61410593171973e-10 4.18873824514776e-12 3.47729622873771e-12 3.44209105662685e-12 3.10527159541607e-12 2.82693868314254e-12 2.58809640385493e-12
4.01301365401396e-06 1.84753348390077e-06 5.59386757048586e-07 1.3558433767713e-06 6.62004093943125e-07 4.05351323840009e-07 3.18487831174608e-07 3.23304092630927e-07 3.79246466675198e-07 8.68526014430326e-07 1.78179194919581e-06 1.07682418480914e-06 3.74819258697201e-07 1.88551696567174e-07 1.05185450016698e-07 2.71114419092555e-07 9.35840060445337e-08 1.35242512355749e-07 3.14710666660112e-07 6.35919560787457e-08 2.99541406567627e-08 1.89139953810091e-08 6.50800969781429e-09 1.53439967398583e-09 2.89188673008312e-11 8.55684412215396e-12 4.7961823401721e-11 1.52014179022331e-11 8.0705553351379e-12 1.42055478491443e-11 3.70944053251776e-11 1.66446789684471e-10 1.19042455892782e-09 2.4080571980889e-10 4.11060741001279e-11 5.7749804938112e-12 3.96542798597466e-12 3.67881280993743e-12 3.38640226971165e-12 3.13475911895011e-12 3.02340374958021e-12 2.8250068950797e-12 2.67691424582495e-12 2.49112952488417e-12 2.19673168544432e-12
2.38231241614928e-06 1.92491863960642e-06 3.92007198471989e-06 1.0598168823428e-06 4.69162484330043e-06 4.45165388374136e-07 1.81951739753883e-06 5.72533302256595e-07 5.79468586625609e-07 3.11120718698987e-07 1.13390773118782e-06 2.37706737449273e-07 4.24431737866549e-08 2.18179505684368e-08 2.90040526707003e-08 4.22662163024334e-07 2.69167180100283e-08 6.22098509261981e-08 2.54310026592819e-08 4.05088239618934e-09 1.54927138451555e-08 2.81597685169999e-09 1.00952757264849e-10 3.04075986612418e-11 1.1906431396369e-10 2.08511508059672e-10 2.45535403120556e-10 6.61412880020862e-10 1.15450538018536e-11 7.60668195098901e-12 7.18465287263825e-12 5.87264681328747e-12 4.16109369183459e-12 3.27866622740203e-12 5.55903101329136e-12 5.2682080919908e-12 3.11828340926468e-12 3.05206970807603e-12 3.03969072135146e-12 2.83707501935737e-12 2.58714161205376e-12 2.50821585723315e-12 2.47954989873733e-12 2.3400059667722e-12 2.05648831297367e-12
1.63506739241592e-05 6.73174193331905e-06 6.70366621502438e-07 6.9664249502388e-07 7.98846562788391e-07 4.00123978583355e-07 1.63332636871072e-07 1.73210102805133e-07 7.70751393375235e-08 8.24055288450864e-09 2.29080431290996e-09 9.63679754883984e-09 2.12927782516914e-08 7.31830185451976e-08 1.49107540758919e-07 8.81099692096044e-09 7.34595901885626e-09 5.81100956242864e-10 1.31449295892594e-10 1.48983725356544e-10 9.17682818624144e-11 2.55334953180864e-10 2.43579689751527e-10 2.38785089479165e-09 2.27868690583222e-10 5.65572455535346e-10 1.3349834127041e-09 3.90558319018908e-10 2.63727706339978e-11 5.10380626650431e-12 3.83292286798564e-12 3.46146444840656e-12 3.01051406026431e-12 2.53491672097539e-12 2.68893796118164e-12 4.66279237443246e-12 2.64300803465289e-12 2.64022137486108e-12 2.71888067615578e-12 2.43295383839381e-12 2.33648655978413e-12 2.34418040534479e-12 2.30566676862054e-12 2.15173434625626e-12 1.84525728030849e-12
8.97350637516503e-06 1.51622731391021e-05 4.46603155381808e-06 2.18647468939182e-06 8.90973073297552e-07 2.36611282233845e-08 1.53397407731681e-07 1.42295294103256e-08 1.9336638290568e-09 1.71862733711059e-08 4.67719684094092e-09 4.63725432497952e-09 3.66434019793971e-09 9.49992972065772e-09 1.13961650338723e-08 5.00776764500443e-10 5.12890618864503e-10 3.90057042221059e-10 2.44703780571953e-09 2.83624509433977e-08 2.48612161968254e-09 5.81718876402348e-09 1.76582632960276e-09 1.46161642788911e-09 1.9654254668211e-09 3.94440147211128e-10 5.18792897530318e-11 5.4302340402046e-12 3.9201419888002e-12 3.25929283562232e-12 3.06621394940976e-12 2.94586577354039e-12 2.57566190597913e-12 2.29359864434286e-12 2.17046380868169e-12 3.81729092779892e-12 2.47085685245452e-12 2.54440912783593e-12 2.52192711158727e-12 2.31281660489913e-12 2.29589680600384e-12 2.34701147405758e-12 2.0952128920726e-12 1.82250881053392e-12 1.50953693989209e-12
4.68002302578263e-07 1.97124040646202e-07 1.56764007108734e-07 1.12692695977135e-06 1.01540125942989e-06 2.19703064296972e-08 7.83835435447244e-09 2.1611520184539e-08 1.60005513283323e-09 7.14829244685689e-09 1.53479571274318e-09 2.79606606756744e-09 1.67310409970867e-09 9.78121154071587e-09 3.2171729058561e-09 9.74917635510053e-10 2.85604628835756e-10 3.35630212511262e-10 5.16948372997206e-10 1.38516442760306e-10 6.3891250623449e-09 8.12649880721494e-10 1.66050903027681e-09 9.19246734287782e-10 3.27962279556004e-10 4.80311346251483e-12 3.497191425339e-12 3.11357606364027e-12 3.08987280206452e-12 3.11203285363604e-12 2.89690493815442e-12 2.78499445727221e-12 2.410194266389e-12 2.13734585585712e-12 2.03722594349642e-12 2.98943092502668e-12 2.44724240872074e-12 2.54292142898294e-12 2.39622766073921e-12 2.29309904398178e-12 2.29193330980593e-12 2.13196127418769e-12 1.81258341669377e-12 1.49246170977335e-12 1.26084698237605e-12
4.49465752616618e-07 2.06999951624098e-08 9.58426005448487e-08 3.3440294444631e-08 7.77669429963268e-09 1.34093296466631e-08 5.23777509142675e-09 4.95539165257242e-10 3.49886537520661e-09 1.43855831691297e-09 2.70236999444506e-10 3.95503185757207e-10 1.22376997424567e-11 1.05094377644832e-11 1.06655795306665e-11 3.50014595085213e-10 5.3180361225813e-10 1.77806261936198e-09 1.24469577977848e-09 1.46633865050205e-09 6.44829700746641e-10 4.88082463334649e-11 5.2423065888263e-12 4.50182113809206e-12 4.89303042527922e-12 3.09444692092597e-12 2.68109978662778e-12 2.58257859542255e-12 2.6905144778766e-12 2.76677569743811e-12 2.70494737719673e-12 2.45166109635875e-12 2.15552020677023e-12 2.00865990507282e-12 2.15120143920444e-12 3.95644628170544e-12 2.60261812101703e-12 2.35966801653831e-12 2.19287921154887e-12 2.23976392987879e-12 2.10043094028833e-12 1.82508452795105e-12 1.6129986235569e-12 1.35647049148702e-12 1.12765352611177e-12
9.15193950257187e-06 1.29193607811828e-08 3.01180961281844e-09 1.31460898722402e-08 5.20011292914901e-09 4.11792475674133e-09 2.73235193581911e-08 2.03498616846431e-09 1.45106697768682e-09 1.47948960860234e-09 6.38442210210144e-10 2.21242513198661e-10 4.63609850509528e-10 1.38949973749192e-10 5.99768568143588e-11 5.23246723727055e-10 7.02463143209542e-10 8.92923690543057e-10 2.96428293022899e-10 5.70230307417319e-11 4.50741666213617e-12 3.44644313088338e-12 3.33182370582108e-12 3.23515658706697e-12 3.07647241015729e-12 2.71473954427393e-12 2.60174104482758e-12 2.58596477564765e-12 2.53778109637892e-12 2.52317056137485e-12 2.5092594668763e-12 2.27506902206187e-12 1.94585458856977e-12 1.8478774066466e-12 2.07455164158432e-12 3.32838201444474e-12 2.4214519278587e-12 2.19573248472216e-12 2.1389001680916e-12 2.30550023516685e-12 2.02001748661473e-12 1.64772639976718e-12 1.48192569326966e-12 1.29466437570613e-12 1.07208686372928e-12
1.62268196723048e-05 8.53995941239027e-06 1.26827180435551e-07 8.82051034878373e-08 1.08707269963482e-08 2.23479878713739e-08 6.95237629688705e-09 4.80378220535371e-09 2.9880027341278e-09 2.30508417908837e-09 2.1265923466629e-09 1.08193179970684e-09 1.10130173869294e-09 5.59878909900391e-10 2.43867670501885e-10 9.36492439151948e-10 4.58076654386019e-10 1.43100206129176e-09 6.79618361587586e-11 5.25451904209717e-12 4.34846603170058e-12 3.93196586401245e-12 4.1086467561513e-12 3.58466589744921e-12 2.64466226695959e-12 2.4700130829558e-12 2.52872167649798e-12 2.59202659336211e-12 2.41801023648236e-12 2.48433495997347e-12 2.47873943592936e-12 2.27893259818757e-12 2.09433581588314e-12 1.93322025054954e-12 2.04073424825424e-12 2.90720780782294e-12 2.10921280441312e-12 2.03180805513625e-12 2.0516477405863e-12 2.26546559289886e-12 1.86711757166336e-12 1.49013024142164e-12 1.39456224346191e-12 1.18123288928018e-12 1.03421715635932e-12
0.000662744438201945 6.15341534584424e-06 2.32939326667125e-05 1.10694007490197e-06 3.45229272502579e-08 1.88054898542234e-08 4.77592436709529e-09 3.52621778443307e-09 6.73451194810326e-10 7.51794182463073e-12 7.19007076099842e-12 6.73907596393519e-12 4.99410290899505e-11 9.95628735012133e-10 8.88161999501591e-10 1.33357331844053e-09 7.4680721606768e-10 1.8851042171697e-09 5.52724532809634e-12 4.39205338764737e-12 3.7671643582371e-12 3.62738727943679e-12 3.79654085946868e-12 4.07179845396399e-12 3.156575001384e-12 2.78005396481262e-12 2.92358359743616e-12 2.87289081413178e-12 2.60148569353191e-12 2.56468180026559e-12 2.56726861991297e-12 2.52220466734343e-12 2.36550778964784e-12 2.22115659198607e-12 2.40550912522508e-12 3.857059116541e-12 2.03725925018716e-12 1.95256033563851e-12 2.09235961889931e-12 2.16927587004534e-12 1.67603708689512e-12 1.48957512990933e-12 1.39068756510596e-12 1.10000897279861e-12 1.04021236069229e-12
0.000108422563801724 1.27225144084697e-05 1.70773834796467e-05 2.65079735144447e-06 1.11973045159308e-06 1.60165469972329e-06 3.68988025467587e-08 2.02014402761463e-08 2.29470338286575e-09 2.60252464023836e-10 3.65667718327245e-11 4.11156664270607e-12 2.43477671357795e-10 6.13299248053423e-09 8.83019424247067e-10 7.23506743405267e-10 7.46958617181548e-10 2.92795010459201e-11 4.22831769597565e-12 3.37672112493692e-12 3.18339798965894e-12 3.12772030497399e-12 3.04369862647036e-12 3.15861781174931e-12 3.36592975713756e-12 3.51563222977802e-12 3.69125841004347e-12 3.57852636412304e-12 3.17843529273887e-12 3.61348728716848e-12 4.09768885489825e-12 5.36636290959791e-12 5.00036678729998e-12 3.39888117650844e-12 2.5448088081248e-12 3.34191563311492e-12 1.98610017321244e-12 1.84275927850308e-12 1.79705139657926e-12 1.85640391947572e-12 1.58890678392254e-12 1.64733782170856e-12 1.35922384458809e-12 1.1902145935494e-12 1.07025499573865e-12
0.000160045486197913 0.00379253771496133 0.000172778989499989 3.25753877386425e-05 3.61647860547265e-06 7.50609617062858e-06 1.32387302439474e-06 7.68399965989097e-08 1.47852420306904e-09 3.07940966060016e-09 3.34871674834147e-10 6.51541931517841e-11 2.01297386537291e-09 3.13011283559206e-10 1.7293614762437e-09 6.22932494476203e-10 7.62397411868676e-10 3.92462728981968e-12 3.27087246176916e-12 2.9908520104982e-12 3.07532888044193e-12 3.00601765701458e-12 2.88031820616652e-12 2.86978218966283e-12 2.90099055888504e-12 2.93742807855324e-12 3.31304983447467e-12 3.78636011433287e-12 3.8086200859766e-12 3.29470895010786e-12 3.23315818562264e-12 3.04094527336929e-12 3.37020411578237e-12 4.52097248526684e-12 3.20778958950996e-12 3.02422531461843e-12 2.1941115591062e-12 1.96593852308524e-12 1.8116064204321e-12 1.79116721454875e-12 1.6173173911227e-12 1.82980297580571e-12 1.51392232083936e-12 1.26298971281358e-12 1.27725607868001e-12
1.61252781146537e-05 8.39215877661781e-05 3.60605923745649e-05 1.93247303633015e-05 5.11655104573627e-06 2.63020946446035e-06 2.81000947107701e-06 7.58255870958457e-07 2.68598542041421e-07 9.37770816555883e-10 1.35230548981013e-10 2.2876767813429e-09 5.77689573955098e-10 9.49271783401429e-10 3.0751424739961e-10 3.05234948427824e-10 3.79541953421381e-12 3.36728422922761e-12 2.87858625824811e-12 2.83191248229286e-12 2.95696800378664e-12 3.06462633048454e-12 2.880384819548e-12 2.82310841370759e-12 2.98024938061303e-12 3.03641556342882e-12 3.27607940775465e-12 3.39894778988992e-12 3.62533336684123e-12 3.13330472678786e-12 3.04513081417213e-12 2.86395351878355e-12 2.66805466608844e-12 2.55032661655719e-12 2.92547097657803e-12 4.07940348168268e-12 2.00081062828872e-12 1.93282057026067e-12 1.8185675187965e-12 1.72446501522927e-12 1.98204785917255e-12 2.60503985050065e-10 1.86215487474328e-12 1.34317001965201e-12 1.44041445437892e-12
0.000396854436895977 0.00125825824233678 0.000155204553658683 1.26785658413731e-05 9.64101147271634e-07 2.95949395423545e-07 1.10264661046244e-06 3.27750608453137e-07 2.63321539284433e-07 1.44395671619613e-07 6.64119370608063e-10 2.80846368383436e-10 2.32832864099919e-10 2.42942688188919e-10 2.34752106642588e-10 1.94183014112781e-10 3.55224738513016e-12 2.89243073936518e-12 2.88160606487509e-12 3.23729931750449e-12 3.47625261909457e-12 3.51063622616721e-12 3.06689118545478e-12 2.94418933677321e-12 2.96798141619092e-12 3.05718783621955e-12 3.19967385919995e-12 3.40641959084564e-12 3.44758666059874e-12 3.21268567304855e-12 3.1468050387673e-12 2.95651281234655e-12 2.82224243974838e-12 3.90781851322686e-12 3.23425730641702e-12 2.37586617046759e-12 2.06027417348764e-12 2.0759616248256e-12 1.97528660095259e-12 2.03608241378106e-12 2.26367813382922e-12 4.42154091118141e-12 1.53753676457313e-12 1.51045842500253e-12 1.61236579643287e-12
3.86948047055302e-06 0.000121798836936249 5.67359556018499e-06 5.69872079525524e-06 2.23463570357962e-06 8.85003827455488e-06 1.14465143691289e-06 1.69186549894285e-06 2.21007761014302e-07 2.87840793766758e-07 7.67526481260106e-09 1.15705307779379e-08 1.16854864673499e-09 7.99583954602667e-11 2.41369413345183e-10 8.36670954740271e-10 3.85598220020711e-12 2.9587110539353e-12 3.05975245140644e-12 3.75904862792709e-12 4.32203162148426e-12 4.25900426037629e-12 3.26343396750417e-12 3.0967561848172e-12 3.09223757710697e-12 3.17579296194026e-12 3.33920668893484e-12 3.3751557104722e-12 3.53090889859686e-12 3.46819239993579e-12 3.55989682176983e-12 3.21038751138758e-12 3.66358055003957e-12 5.30571142576264e-12 2.84812173845239e-12 2.45587994385232e-12 2.33507657654286e-12 2.29717356248216e-12 2.20139462214775e-12 2.79852807594239e-12 2.0708990078333e-12 1.81764603368606e-12 1.74080749815175e-12 1.89578353015918e-12 2.14153139665996e-12
