Scripts_&_data/Maxent_result_files_1/Bombus_mocsaryi_2.asc
NCOLS 594 
NROWS 330 
XLLCORNER -15 
YLLCORNER 23 
CELLSIZE 0.166666666666667 
NODATA_value -9999 
[rows 60 to 79 of 330, columns 276 to 321 of 594]
0.0222442953032441 0.030124535318464 0.0223482964094728 0.0257455554325134 0.00231595879995439 0.172488666325808 0.142517499625683 0.0290234334766865 0.0198785042547684 0.0243370344146768 0.0158269689060944 0.418164204061031 0.00283016363392188 0.0329213841818273 0.00973453223705292 0.00932432112167589 0.0391218721575569 0.0612436094786972 0.112912699843582 0.00643978700977127 0.00860240068290596 0.146090882248245 0.0748900664242683 0.0840131522971205 0.0442076124250889 0.0142408453792687 0.00106362949943439 0.214219320969159 0.0555556325563765 0.00437174279473589 0.00363626218534332 0.00312902140722144 0.00056929607049534 0.000484434371537645 0.000408403595435658 0.000560569130482236 0.000635427760371865 0.0262055862694979 0.137973101437092 0.000811708542092582 0.0867467977106571 0.0153729557991028 0.00265492724793148 0.00449200814546202 0.00251810201850771 0.000995409787720003
0.0264927840529708 0.00600512179080397 0.00869966723221296 0.0259977531270124 0.0223072161898017 0.108268940332346 0.104383729188775 0.00330577623244608 0.0575503633080615 0.0161925578257069 0.00387698273314498 0.00759876001138764 0.00738545251078904 0.0965614732354879 0.0268267061467714 0.0356345730767202 0.00715692204801381 0.0634560087727891 0.0629927329973725 0.186181399226189 0.0266690970165655 0.0407099361065775 0.105150998663157 0.190398086607456 0.0281412235214717 0.00990436803440389 0.126754962652922 0.143370838835835 0.271653505414724 0.0422662440454587 0.00418137100205058 0.00296129327634844 0.00374509449750766 0.00113425796744195 0.00187671875028173 0.0355550609529018 0.000532194438392253 0.00294295024941675 0.00599833987653255 0.13326063901186 0.0459885973483324 0.125273977220058 0.141644665598869 0.192559099197388 0.186253651976585 0.14903786033392
0.00760909280797932 0.00383741368460707 0.00199094712006911 0.001615462217585 0.00549667046589093 0.0123461765469983 0.0122193993534893 0.101600408276749 0.102524413245783 0.00958686811009102 0.00971192331298795 0.0149650967679918 0.0127091720493887 0.000954517110403685 0.574903190135956 0.0730133620556444 0.0880501807609107 0.151789436349645 0.0681935240863822 0.00259177002617212 0.0149606853257865 0.00533826587270596 0.0371809041127562 0.0390124375931919 0.0407866284251213 0.0372392982011661 0.348794001340866 0.279690125584602 0.101337929069996 0.448571971058845 0.0474248760379851 0.00930355612654239 0.00356163170895343 0.267148119211197 0.148714490607381 0.0467231299728155 0.0103986652335152 0.00518891100218752 0.00390025150263682 0.000496649152046302 0.000445177315555156 0.00715638543479145 0.107858365774155 0.00647175037302077 0.073174187541008 0.118167866021395
0.00861591199645773 0.016840035386966 0.0358206771197729 0.0171156536787748 0.0128980786073953 0.00926316522454726 0.00435341364900523 0.00476912509766407 0.00639998066442331 0.0276286882348359 0.104576838671346 0.00723548376408871 0.103221267435151 0.00402957188343862 0.0146514459513128 0.0120777675532736 0.0162556634517387 0.0114825596101582 0.00394270064280136 0.010332895591273 0.00644678588723764 0.0201838423265144 0.0126004211371765 0.0198106565279886 0.0360291637014598 0.029493663739413 0.0498256254708394 0.145997535996139 0.00791735198872629 0.321159695088863 0.0942212988542451 0.069899478939106 0.175770525052212 0.0809626358070254 0.0718891614056767 0.0820590054606555 0.0829414241015911 0.00444504486662479 0.00631517392493374 0.0131003223301377 0.0219376787543297 0.0487596003338695 0.0170329848537222 0.0310591273009777 0.0589443253353238 0.0616089291870594
0.00832320904464723 0.0347049534786493 0.0193870714632794 0.00451362073290511 0.00325540699705016 0.10587592353113 0.0072696622723015 0.00269633598145447 0.124764840479293 0.000877441643751808 0.0164822952807299 0.0301166924647987 0.0455427144654095 0.0213371128658764 0.00254351780895377 0.0108125022612512 0.0123873078438919 0.00973009434643525 0.00714491840772098 0.0100219815642049 0.00630201321146181 0.0198373342165736 0.0168693279854779 0.0185752253513783 0.0270587666425854 0.0758909112773836 0.0399952325038612 0.0752478530630469 0.265796764194965 0.255148946493864 0.00680142268538475 0.0750844087451696 0.236157818138599 0.145149632543325 0.19547308459878 0.15720475204289 0.0929341471058272 0.0345309282555394 0.0556073047862515 0.0568224489183839 0.0756897115468037 0.065432694926858 0.0887953978031874 0.0023357185520581 0.013155153952539 0.011038663960062
0.00574446610407904 0.0117321579018608 0.0280723444768228 0.0306737331673503 0.00102712857169536 0.000102135083991861 0.000358201119752266 0.000194769906011061 0.211960881208506 -9999 0.0118350463570096 0.0074655130301835 0.0238185165915638 0.0135202850913629 0.0229374935850501 0.00129419918522103 0.010824424579266 0.000585640643368457 0.006477118267685 0.00218865771223724 0.0201629384420812 0.00780686518328709 0.10589122993988 0.0143535861745477 0.0103816794347949 0.00872324460651725 0.0398956281132996 0.0360304587520659 0.0391506277024746 0.0161988558451412 0.0421970022143796 0.128414423763752 0.15452069126768 0.0780709900000038 0.0148718438279252 0.13325744625181 0.188345293700695 0.112969910975923 0.0819097926374525 0.0751247628910744 0.0229388366278727 0.0497770120248544 0.226023704558611 0.193491419841303 0.237956941858283 0.134452590253204
0.00181698349283579 0.0024122800983605 0.00338134098565206 0.0027895825838641 0.00120805221010869 0.00349587324999447 0.00132497733787293 0.00146865033175345 0.000329340139438727 -9999 -9999 -9999 0.00342459713232017 0.0109045861521736 0.00934663093357813 0.00443685070276842 0.0387148441414705 0.00172146991387297 0.00242540099427542 0.00609398731680386 0.00943601258622948 0.00923957844497636 0.00753684696537675 0.00246397662997613 0.0065610104206843 0.00614777532628068 0.0242612850342084 0.0263954236696009 0.0225247701881017 0.0170722220907919 0.0551645219908096 0.0195944897190202 0.0371808595211405 0.0341587479226331 0.0348427050796961 0.103074579044369 0.0872037739492953 0.00399331709473757 0.00871503678093986 0.154544192925096 0.0719852697104216 0.0199520982045215 0.0194897563269478 0.00259036356837896 0.0126739418570651 0.0166541304555722
0.00121558210919375 0.00025200406876138 0.000250610560078712 0.00286137131643573 0.11892873570323 0.0206479839514941 0.00357013150351122 0.0271583216381259 0.00304981229091936 0.000670862266019867 0.000181535783792697 -9999 -9999 -9999 0.000125892108604508 -9999 -9999 0.000193076921050306 0.00023649884541328 0.000157132687375849 0.0111393119441345 0.0121075697243214 0.0141031183535233 0.00694552462082356 0.10939314812606 0.00855881073762044 0.000702131824801211 0.000458058237566894 0.00897526697463036 0.00611539913356525 0.00995705269341584 0.0942655137645102 0.0115745991177391 0.00939444345424115 0.00241229758976407 0.00641812771215773 0.0187005213470787 0.0492504905210808 0.104630634002388 0.0541843063896522 0.0269506007847667 0.098381769657135 0.0819549426436424 0.0253094339044765 0.0118228897044901 0.00585385970916832
0.00831853417912498 0.00272531950295161 0.000578621744151064 0.00241060053231195 0.000716496261316024 0.00197398308643244 0.0135165624392851 0.00927368032862432 0.00183360726232422 0.000223679868245708 0.00283169673948578 0.000184527996339767 0.000845893348952131 -9999 -9999 -9999 -9999 -9999 -9999 -9999 -9999 0.00013402763641821 -9999 0.000140051735433078 0.000591730746759911 0.00236549092210721 0.0163191114208293 0.00532452706801243 0.00544743901122723 0.014158052951149 0.0135892093186213 0.0128082119924509 0.0568604760276069 0.0180007654317527 0.013469657942187 0.0158703240100294 0.0213868138613179 0.01412490938497 0.0103672638069841 0.00406031954298669 0.00277067012665952 0.00792388864792883 0.00342629623482935 0.00359870426909765 0.0150469015119597 0.0518045709468424
0.00407748407451436 0.00766714364872314 0.000760926163638942 0.00104396940969309 0.00208296251928459 0.00614428283734014 0.00609722040244378 0.0105816188501194 0.00108172437567191 0.000436199221076095 0.00274209912724688 0.000673161597205763 0.000823532108279323 0.000125409383986153 0.000149661289961978 -9999 -9999 -9999 -9999 -9999 -9999 -9999 -9999 -9999 -9999 -9999 0.000298870421352149 0.00049283744309665 0.00269679905743487 0.0101256165404948 0.0113874749861004 0.00150282252922072 0.000989298298790686 0.04842325639911 0.0208780723112447 0.0361573880087468 0.0400660764425993 0.0246105833851061 0.0872112457597794 0.0614041790403848 0.0883285149205459 0.019812331488046 0.0128950410875131 0.00621989067883708 0.0118926881696871 0.0498930600157394
0.0275117913610302 0.000371314335700423 0.00074441995457164 0.000271477106509177 0.0144463478121907 0.0347943522036076 0.00715671625564516 0.00364405289583374 0.000715272262277722 0.000583772031041008 0.000260782819441374 0.0044685511013995 0.000216141798711078 0.000193859476894731 0.00203233873398858 0.000870555756409885 0.000461058910030943 -9999 -9999 -9999 -9999 -9999 -9999 -9999 -9999 -9999 -9999 -9999 -9999 -9999 -9999 -9999 -9999 -9999 -9999 -9999 0.000334974219870088 0.00108685383388938 0.0110487741953343 0.000579800801642849 0.014797982560648 0.0253123609453724 0.0549143062555231 0.0104665192313871 0.0538647298941411 0.0866108001820596
0.10081194244558 0.00713401230459567 0.000283203283970579 0.000315167222298729 0.0010385876315986 0.00156162454283996 0.000961153017988181 0.000187607624661723 0.000626035933601088 0.000211552111318269 0.00180560847511515 0.000792047155893572 0.00109815637624706 0.00104133287188718 0.00124059877126534 0.00739220997347729 0.00769632440410294 0.106098268128699 0.00261702712243258 0.00258129214562359 0.000173736264414215 -9999 -9999 -9999 -9999 -9999 -9999 -9999 -9999 -9999 -9999 -9999 -9999 -9999 -9999 -9999 -9999 -9999 -9999 -9999 -9999 1.42852640771518e-05 0.000468861505929952 0.00047764922231579 0.00067993901657315 0.00889541098154288
0.00898337656202939 0.0077436406572815 0.00193548303930986 9.29446890954533e-05 0.000691381115031009 0.00218721006431699 0.00341958653904246 0.00429828914348036 0.00421584148910046 0.000561831089726428 0.00323586888329163 0.00570004363643857 0.00187804519092161 0.00117355663705075 0.00193491830044478 0.00568410618628773 0.00667626833892427 0.00769584266963648 0.0116254112694014 0.0138151030289009 0.00293321137072979 0.00288062603292029 -9999 -9999 -9999 -9999 -9999 -9999 -9999 -9999 -9999 -9999 -9999 -9999 -9999 -9999 -9999 -9999 -9999 -9999 -9999 -9999 -9999 -9999 -9999 -9999
0.00055964748193511 0.000344127696994823 0.000656794116875703 0.00786854650025719 0.000620442947911215 0.00228209849202409 0.0354188679717481 0.00540004925569519 0.00204809758819867 0.000736791681311788 0.00288132617188104 0.00249413349354188 0.00220042160479382 0.00143615618911842 0.00370456771563659 0.00250720914002267 0.00168607230880842 0.000847489278931568 0.00669552400067914 0.00447548992372049 0.00131991025992132 0.000763971317793033 0.000219938734405301 -9999 -9999 -9999 -9999 -9999 -9999 -9999 -9999 -9999 -9999 -9999 -9999 -9999 -9999 -9999 -9999 -9999 -9999 -9999 -9999 -9999 -9999 -9999
0.00510688200796748 0.000314775198785566 0.000415033767059247 0.000351169460932843 0.00101735613604319 0.00583392209409794 0.00353747122308889 0.00452436498258101 0.00130885842537012 0.000826805029647715 0.00475221933107264 0.0112479647122772 0.000540119736993572 0.000390762016468227 0.000125081137412053 0.000326739834420409 8.82491208913705e-05 0.000168493673118064 0.000527170102975583 0.000679353651786863 0.000231525872368366 0.000544800420175318 -9999 -9999 -9999 -9999 -9999 -9999 -9999 -9999 -9999 -9999 -9999 -9999 -9999 -9999 -9999 -9999 -9999 -9999 -9999 -9999 -9999 -9999 -9999 -9999
0.000367560006566237 0.00244683509372408 6.36465731696401e-05 0.000515863654444271 9.66990111986754e-05 7.06885929168233e-05 0.000542998602041034 0.00157680642151587 0.00128043576566548 0.0112364181691987 0.00452797834150964 0.00428309227984978 0.00150010268460755 0.000782347098001512 8.77857731742648e-05 0.000138209974249293 0.000202666430664422 0.000144198894850134 0.000330739908408328 0.000911094542693847 0.000349402125010312 -9999 -9999 -9999 -9999 -9999 -9999 -9999 -9999 -9999 -9999 -9999 -9999 -9999 -9999 -9999 -9999 -9999 -9999 -9999 -9999 -9999 -9999 -9999 -9999 -9999
0.00075559623427619 0.00276130639940675 0.000723020524401363 7.02214958451353e-05 6.67475938835427e-05 0.000287740605031239 0.0015213236452837 0.000594294909389126 0.000461252380046284 0.00120807902807432 0.00366423500369026 0.00642835011366357 0.000688814203177668 0.000110684116953697 0.000422147067808798 0.00105164213455606 0.000282005640119332 0.0010329296155021 0.000137003001978009 0.000290681403084037 0.000200592166220603 -9999 -9999 -9999 -9999 -9999 -9999 -9999 -9999 -9999 -9999 -9999 -9999 -9999 -9999 -9999 -9999 -9999 -9999 -9999 -9999 -9999 -9999 -9999 -9999 -9999
0.011813978117425 0.0108499560039397 0.00519043042187144 0.0120149302529171 0.00268835059191588 0.00183014698480974 0.00020640441514469 0.000559171353237342 0.000140595333536231 0.00017493845478368 0.00023883268492142 0.000498556335469402 0.000695165455615965 0.000564688813066994 0.000998459282045594 0.00124828089469465 0.000155549444177472 0.000401460575985269 0.000298817303771681 0.000475379711400126 0.000287267754669074 0.000515500046621042 -9999 -9999 -9999 -9999 -9999 0.000836941634042887 0.000642531286575831 -9999 -9999 -9999 -9999 -9999 -9999 0.00419162328988705 0.00115263258311202 0.000342305568615731 7.26538901083096e-05 -9999 -9999 -9999 -9999 -9999 -9999 -9999
0.00097947634766149 0.00011861013228156 0.000164238723154142 0.00390130293272586 0.00855560611380497 0.00203455206982001 0.0001607528520708 0.00195215038320351 0.00170112940248509 5.0709125935211e-05 0.000200198282441622 0.000203466508441608 0.00026992451143748 0.000110465095572421 9.01078383323761e-05 7.33665326824839e-05 0.00110412955256284 0.000146471125755609 0.000245236855860909 0.000319592622803466 0.000142620377628333 0.00151593863311037 0.000601766302824869 -9999 -9999 -9999 -9999 -9999 -9999 -9999 -9999 -9999 -9999 -9999 0.00048650346532213 0.000256974336420102 0.000864692389321353 0.000315012758173427 0.0250744428271506 0.0103740205040936 0.000461282274670793 -9999 -9999 -9999 -9999 -9999
0.000428565561014693 0.000637028964873387 0.00691604730400286 0.0155664940363502 0.00253438716031269 0.000380252811006609 0.00361720365642844 0.000531697917715601 0.0194890121008607 0.00240592138580367 0.00012391261859267 0.000365895874907074 0.00052497412805792 0.000409302601413786 7.32616270399444e-05 0.000997902303713338 0.00102331157504523 0.00100025044433819 0.00102607233032611 0.000637437561942278 0.000952868556034048 7.97016676415296e-05 0.000648088501202437 -9999 -9999 -9999 -9999 -9999 -9999 -9999 -9999 -9999 -9999 0.000596508597550227 0.000620424717140344 0.000866122710449568 0.00947475818998669 0.00294011627790951 0.00157330642764472 0.0232240827779606 0.0140397597666945 0.000759154132988804 0.00124833773611499 0.00236860461614905 0.00354042512201478 0.00207391924923286
