Scripts_&_data/Maxent_result_files_1/Bombus_flavidus_3.asc
NCOLS 594 
NROWS 330 
XLLCORNER -15 
YLLCORNER 23 
CELLSIZE 0.166666666666667 
NODATA_value -9999 
[rows 140 to 159 of 330, columns 44 to 87 of 594]
0.00190887196949916 0.000208634942421781 0.00192559377119323 0.000843616149631998 0.000447922019338876 0.00145514062096481 0.000523041649444167 0.000176220297765894 0.000609622618776484 0.00181359606967817 5.36604186660128e-05 0.000469372534826107 2.87793664483615e-05 -9999 -9999 -9999 -9999 -9999 -9999 -9999 -9999 -9999 -9999 -9999 2.43690133885366e-06 0.00411442074473598 0.0116453066060785 0.0263852062635124 0.0149249085923657 0.0227205810952 0.00444146292902587 0.00920213743229397 0.0483890758827329 0.0158718998834956 0.00588745909335557 0.00230891294878148 0.00152491247944369 0.000147779451799579 0.000105853879051665 0.000599415322960795 -9999 -9999 -9999 -9999
0.000555976157079385 0.000351347885572295 0.00115311095078141 0.00154654010730155 0.000364361825654669 0.000351005476863975 0.00201274168375676 0.00335979249794036 0.00202242151299288 0.00049120548958399 0.000319769492284649 0.000134123158747457 8.71869231799938e-07 -9999 -9999 -9999 -9999 -9999 -9999 -9999 -9999 -9999 -9999 -9999 -9999 0.00239897666324396 0.0108115432725754 0.0061913601733977 0.036685968702659 0.0164649501908571 0.00306839404820494 0.00529384622204816 0.00915290699340403 0.0170581898652017 0.00825601331889629 0.000287058855189315 0.000163793168436477 0.000407852974986955 0.00264653352219284 0.00816385278012604 0.00637070532538928 0.00302799709170358 0.00501194755779579 -9999
0.0027540690076421 0.00221836062191869 0.00949679762125015 0.000331817451422012 0.00195057359123894 0.000349218021938213 0.000630597959752777 0.0019939547035392 0.00110564607343804 0.000367371757192814 0.000100854891775271 -9999 -9999 -9999 -9999 -9999 -9999 -9999 1.62337003313695e-05 4.63845416362574e-05 -9999 -9999 -9999 -9999 -9999 -9999 0.00120625809631747 0.00238894631402218 0.00373421656549908 0.00969023419456789 0.00266004581408197 0.0175342653528787 0.0365893648704514 0.0127254866412841 0.0181358920875937 0.00210315901276772 0.000170459313459403 0.000178976297229383 0.000511790410285706 0.00346743797845193 0.000550412565644365 0.00326617283281585 0.0224520796144187 0.00750165202271091
0.000701225476177569 0.000868404166430992 0.000254305353485051 0.000575816514719918 0.000406184448502245 0.000434080411355353 0.000335477751593771 0.00366173809597967 0.000279557154476606 2.14040049790754e-05 -9999 -9999 -9999 -9999 -9999 -9999 -9999 -9999 -9999 -9999 -9999 -9999 -9999 -9999 -9999 -9999 -9999 -9999 -9999 0.00673989257047651 0.00545005211170064 0.0108008856943343 0.00439061089637107 0.00880264646111755 0.00843879092717543 0.00788607598515228 0.001429299868812 0.00133237116631879 0.000286856962202364 0.00178662232938224 0.000910954899518401 0.000872814104878694 0.00064473963002456 0.0227448194054887
0.00110092497816368 0.00171776956194662 0.000260093170101072 0.000312522520221137 0.000233846992125564 0.000262171097870123 0.000284054952544466 4.13097218288527e-05 -9999 -9999 -9999 -9999 -9999 -9999 -9999 -9999 -9999 -9999 -9999 -9999 -9999 -9999 -9999 -9999 -9999 -9999 -9999 -9999 0.000197797541682121 0.00166629573404862 0.02092889866326 0.00467870057400432 0.0147996875384706 0.0255812492454425 0.037995595857501 0.0131635391677264 0.00455576488457154 0.00126380284164046 0.0029942572087748 0.00109906672299589 0.00153130998951383 0.000962051770511607 0.0169221804128028 0.000924809047501185
0.00043547086468152 0.00271935110504273 0.000504329046884777 0.000456621227726828 0.000211652423092801 0.000245725377902772 0.000181147165761786 0.000992017682528967 -9999 -9999 -9999 -9999 -9999 -9999 -9999 -9999 -9999 -9999 -9999 -9999 -9999 -9999 -9999 -9999 -9999 -9999 -9999 -9999 0.00160857769540144 0.000724130215894547 0.021492954576388 0.00535189613874536 0.017621726449579 0.00951910151634365 0.0156879792455584 0.000522505550824803 0.00108768263233969 0.00437511011820604 0.0175677404702151 0.00642426581762265 0.00565151794071426 0.00142923229795997 0.000669963425571041 0.000294608774124061
0.000452354206458949 0.00335407029124326 0.000439110082379557 0.000801218993001385 0.000211736965871978 0.000763087253699268 0.000147734841209513 0.000181188148471278 1.38589926077515e-05 -9999 -9999 -9999 -9999 -9999 -9999 -9999 -9999 -9999 -9999 -9999 -9999 -9999 -9999 -9999 -9999 -9999 -9999 -9999 9.2050360626672e-05 0.000707226265342342 0.00198742323173064 0.000507771898173814 0.00022471421097805 0.000747159881780135 0.108303853869438 0.0114228657563217 0.0112007409963553 0.000178069720340124 0.00713319142232669 0.00481488254445221 0.0232768389050533 0.00603399855754105 0.00648353844590021 0.000615296091837081
0.00020885631214469 0.000434347865098061 0.0057912785676308 0.000229943394839438 0.000469658603310563 0.000282344721154004 0.000148834757162319 0.000213365370973406 1.30488995765177e-05 -9999 -9999 -9999 -9999 -9999 -9999 -9999 -9999 -9999 -9999 2.20547877716193e-07 -9999 -9999 -9999 -9999 -9999 -9999 -9999 7.41546530385051e-06 0.00077442894826163 0.001476193243019 0.400815817649175 0.0100976598375382 0.000127720086746308 0.000294074067298311 0.108013650402427 0.0119174543244299 0.0380705800838768 0.00126527971108317 0.00150595396416976 0.0211757041077362 0.0136573890631553 0.0047530633630231 0.0587741771712899 0.00165544619030698
0.000258632601986619 0.00117859131769364 0.000848643152858131 0.000605357463791734 0.00069318570640462 0.00523075652163243 0.000721954132905012 0.000159345347867657 0.000309159322657671 -9999 -9999 -9999 -9999 -9999 -9999 -9999 -9999 -9999 -9999 8.67212670087269e-05 0.000110021402304028 3.05522979758166e-05 5.07811655296564e-05 0.00122453221774776 0.000557080025009782 0.00276468004740309 0.000342870925624084 6.92833413580729e-05 5.47198030814045e-05 0.00508611972909421 0.0170872868737206 0.0243941592052579 0.0149379011709243 0.0376990516204387 0.0583470401354134 0.00492413744796067 0.0142747919366229 0.000166884629917474 0.000962790748599263 0.398498276723085 0.0231837996601826 0.102679128572345 0.0064349138410762 0.00102294316084226
0.000523669488211453 0.000680569910582562 0.000825970993810188 7.08469867504391e-05 0.000149528502856811 0.000159789096764484 0.00138223122849013 0.00140148354530538 0.00115567037864821 2.26287155693505e-06 -9999 -9999 -9999 -9999 -9999 -9999 -9999 -9999 -9999 -9999 0.00257984379350091 0.00289699776185444 0.0653823647648096 0.0113507896428928 0.0209659294923767 0.0108377267839387 0.00492204210895579 0.0251779707148671 0.000505727522840793 0.00451134253598866 0.00461323963809264 0.00391411153323133 0.000542764602914758 0.0291027687606402 0.00464574761554104 0.00941211446333909 0.0741546208038926 0.00188501737723362 0.00299195128264436 0.0285855864854966 0.00858810586942127 0.0299674598732969 0.0873162154108286 0.0927680768072605
0.000160793994763253 0.000218727703054356 0.00029320003459361 0.000188982568488427 1.86547282085003e-06 0.0001402892003739 0.000271118650175595 0.000720224691212934 0.000625075015886978 3.07794954910179e-06 -9999 -9999 -9999 -9999 -9999 -9999 -9999 -9999 1.52913099948915e-07 8.69969738404031e-07 1.94295512101483e-07 0.000277164879980774 0.00853907212149352 0.0205381449777633 0.0161914882366546 0.0208807074697688 0.0122462966595776 0.00665966471424326 0.000206807475415904 0.000907130483913221 0.00116781025792676 0.00293462801876103 0.0110186659503597 0.0614953337237239 0.225502311438322 0.00445296800644428 0.00498307116213255 0.0023239786616297 0.0232334443016157 0.0112076354529587 0.0129597686813213 0.0559220730909146 0.0208738066779915 0.157612146437168
0.00195368472232076 9.3560475772847e-05 0.000104025469890701 0.000146610707139416 1.00981383464149e-05 2.36642346340687e-05 0.000167998764743515 0.000251372529407945 8.15885135864391e-05 -9999 -9999 -9999 -9999 -9999 -9999 -9999 -9999 -9999 -9999 -9999 -9999 7.5330713923405e-07 0.00457166974374559 0.00743158595869318 0.0184781605377793 0.0197161156916991 0.00175195830997836 0.00144728775430849 2.13923617389367e-05 0.000354646211827236 0.000470457935080049 9.17051424155879e-05 9.62436205554695e-05 0.000612457666552002 0.00548900488004733 0.00141981184206088 0.00104166351938326 0.00309668510205676 0.00301433464414442 0.0104723440192267 0.0493561290553771 0.0217963911243714 0.0103823361554532 0.00713781473968993
0.000123124040349865 0.000101364318730646 0.00067558305354396 0.000148291406927115 0.000208671959143203 0.000311893545585917 1.98503804682559e-06 6.90503542216447e-05 9.66120722278863e-07 -9999 -9999 -9999 -9999 -9999 -9999 -9999 -9999 -9999 -9999 -9999 -9999 2.90953328752064e-07 0.00146050334042229 0.00845298979256768 0.00393860448966734 0.00140886058989054 0.00216724631154648 0.00354050691967132 0.00512690311297774 0.000125430686268757 4.69534360945656e-05 0.000355820196932655 0.000111318327162735 5.60904564570919e-05 0.000141238465448446 0.000355216378459533 0.00259821199870236 0.00170137607274465 0.00529912072525393 0.0122472802270989 0.0126452038311982 0.0671935706050137 0.0567307600460486 0.123857177048922
0.000788766280493292 0.000121341354912374 0.000132386235611648 0.000229377212849613 0.000134134246661688 4.91667503212057e-05 3.06674329173973e-05 5.02087726741429e-06 -9999 -9999 -9999 -9999 -9999 -9999 -9999 -9999 -9999 -9999 -9999 -9999 -9999 2.95414023010476e-07 0.00178443709737621 0.0222042882931419 0.00273119321773265 0.00272812551665993 0.00202699625033347 0.00320052997922176 0.000288961120546016 0.000156450870417812 0.000229305911767019 0.000433410242843735 0.000266277191713016 0.000107589722986745 0.000139470791967966 0.000182422472922306 0.000839414254998783 0.00227281406478141 0.00725914811773691 0.155624099075794 0.0165510152306524 0.008258226281032 0.10749858468771 0.0852638360112905
0.000492122004607154 0.000106155602253466 0.000109336190010367 0.000680511514019599 5.886674071931e-06 4.53645707865213e-07 1.36676503863953e-05 2.14197694048401e-07 -9999 -9999 -9999 -9999 -9999 -9999 -9999 -9999 -9999 -9999 -9999 -9999 1.02686722003309e-07 0.000397823267985586 0.00355649161938345 0.0259236992802471 0.00500313114316668 0.00146678379542209 0.00313947579707019 0.0041702783008077 0.000402469295587693 0.000125867517999756 7.37744186153577e-05 0.000132508600190384 6.81718152698241e-05 7.53729044618012e-05 0.000186070739641842 0.00097185447357333 0.00363650905928807 0.00241066876769764 0.0110406672363752 0.121197328716516 0.00435474036385131 0.00788326272449925 0.020519083426916 0.150649126619101
2.19184287437724e-06 -9999 -9999 -9999 -9999 -9999 -9999 -9999 -9999 -9999 -9999 -9999 -9999 -9999 -9999 -9999 -9999 1.5360301430789e-07 1.7675637858261e-05 0.000119027042285325 0.000230701238334063 0.00144375956078875 0.00289038590126438 0.00523219209135277 0.00316878388548503 0.00144212820318899 0.00183724835160319 0.00260547053985647 0.000134570733647144 0.000182864740600086 4.95570224758102e-05 6.05330194957787e-05 2.95963841665525e-05 4.59024283429699e-05 0.000436011711008177 0.0091523395240074 0.0366462236270308 0.0031480799021665 0.00558804862666875 0.00220350853232958 0.0888229921460152 0.00513693423390578 0.0178662931837607 0.0045078455659685
-9999 -9999 -9999 -9999 -9999 -9999 -9999 -9999 -9999 -9999 -9999 -9999 -9999 -9999 -9999 8.56499063832672e-06 5.41058340793654e-05 7.53766216256224e-05 9.35640485437261e-05 0.00013184065924321 0.000780264834565969 0.000723103012296633 0.000423006796779646 0.00241366700647632 0.00197985193208297 0.0024931594482041 0.00393814639537595 0.0085971380234696 0.00183763161767274 0.000162725263662367 0.00031040111862477 8.53311897117237e-05 0.000357758500287619 0.000216199977884024 2.45335039494421e-05 0.0034236195460835 0.000285155365418177 0.000445913271141762 0.0219370042672381 0.00278584656261955 0.000850550562336139 0.00246109970394173 0.00158980630294565 0.000417591029565756
-9999 -9999 -9999 -9999 -9999 -9999 -9999 -9999 -9999 -9999 -9999 -9999 -9999 -9999 -9999 3.66865494716428e-06 0.000461228665153612 2.96746499490297e-05 1.72168867562661e-07 5.93905105494841e-07 0.000356000410261004 0.00194631714985007 0.00293613085814286 0.0080736490432173 0.00675836303271353 0.0579898080322891 0.000394081121411816 0.00900015825209266 0.0021392289429059 0.00519520040252246 0.000556075692657032 5.18970196354829e-05 0.000154053865117021 6.8421194828483e-05 6.54471175948856e-05 7.05692904602984e-05 8.54805897688493e-05 0.000417932921845932 0.00017887252734673 0.000127211021413132 0.000295512314323787 0.00109132418001536 0.00233021083986461 0.00015884546075543
-9999 -9999 -9999 -9999 -9999 -9999 -9999 -9999 -9999 -9999 -9999 -9999 -9999 -9999 -9999 -9999 -9999 -9999 -9999 -9999 -9999 7.52567948225646e-07 -9999 0.0001959983143621 0.00697528301971033 0.00840087204705924 0.000916538646742993 0.000916950521866511 6.9356436176804e-05 1.57160347960428e-05 0.000584304279459502 0.000281180481563148 2.29852533152553e-05 2.00992035559011e-05 0.000285225471088779 0.000202592440120675 0.000897751216120923 0.000830865202408404 6.57791151070342e-05 3.62675222618236e-05 5.25318347399661e-05 0.0025725536228543 0.00168121568863295 0.000305297269706317
-9999 -9999 -9999 -9999 -9999 -9999 -9999 -9999 -9999 -9999 -9999 -9999 -9999 -9999 -9999 -9999 -9999 -9999 -9999 -9999 -9999 -9999 -9999 -9999 -9999 1.37171049150453e-06 8.28263319533562e-05 -9999 -9999 0.00676661852630787 9.53635140149345e-05 0.000158596824109747 3.10224496615774e-05 6.53108299957239e-05 0.00119329780698081 5.88218179473188e-05 3.38335920105237e-05 0.00021883899007662 0.000313350579598737 0.000423476496379749 0.000286892476859257 0.00184703026010977 0.0277921282751777 0.00102913690515489
