Scripts_&_data/Maxent_result_files_1/Bombus_mucidus_2.asc
NCOLS 594 
NROWS 330 
XLLCORNER -15 
YLLCORNER 23 
CELLSIZE 0.166666666666667 
NODATA_value -9999 
[rows 200 to 224 of 330, columns 55 to 109 of 594]
-9999 -9999 -9999 -9999 -9999 -9999 -9999 -9999 -9999 -9999 -9999 -9999 -9999 -9999 -9999 -9999 -9999 -9999 -9999 -9999 -9999 -9999 -9999 -9999 -9999 -9999 -9999 -9999 0.0155942615467211 0.0182814749021418 0.0130610305853736 0.103623678198801 0.0824517762288451 0.0404640819877386 0.0429572951367991 2.86817376036197e-06 2.30040168389678e-06 0.0668745122660766 0.0276670007068118 0.0213656023398809 0.0060460452164989 0.0051938789722044 0.00496780253048396 0.00825781308522012 0.000283622112666426 0.0121230775110462 0.00796853589708917 0.00656415775592905 0.0588237872593311 0.00216709348169388 0.00377386080217548 0.00335485886898823 0.00905835169614875 0.0133902381945518 0.0250802694979939
-9999 -9999 -9999 -9999 -9999 -9999 -9999 -9999 -9999 -9999 -9999 -9999 -9999 -9999 -9999 -9999 -9999 -9999 -9999 -9999 -9999 -9999 -9999 -9999 -9999 -9999 -9999 0 0.0827943068667082 0.00728432076411991 0.000499210531144945 0.00394595053820694 0.00740651659098077 0.0278446720913053 0.115784204087686 0.0408399708103389 0.019288641680032 0.0165536087037935 0.0208756863950788 8.2181004472659e-07 6.14178634350537e-07 3.73255443264497e-07 0.000189440260722096 4.75519840392735e-08 0.00111070417484843 0.000483882744497277 0.00154416039804346 0.00930721932090819 0.000889159628228953 0.0015430321162623 8.93155520316213e-06 0.00761861158534884 0.00266339165973477 0.0170017265249044 0.150586970988661
-9999 -9999 -9999 -9999 -9999 -9999 -9999 -9999 -9999 -9999 -9999 -9999 -9999 -9999 -9999 -9999 -9999 -9999 -9999 -9999 -9999 -9999 -9999 -9999 -9999 -9999 -9999 0.000139331903760886 0.0105614628889337 0.0038092046890597 0.000307477298694681 0.000365284139691013 0.00100753621663898 0.0114081945447314 0.10926775916148 0.114211664150935 0.0136749909899663 0.0173689485068382 5.20199910170049e-07 5.75855210627196e-07 0.0116621162156679 0.00773408080835514 0.00565384114015615 1.82398252945859e-08 0.000174259784698938 0.00125661220772599 0.00844545629806817 0.00970610270742327 0.0785564383229939 0.0285148936989258 0.0136784289032221 0.0144262005807832 0.0409794854000211 0.0277712129056454 0.0323808545111433
-9999 -9999 -9999 -9999 -9999 -9999 -9999 -9999 -9999 -9999 -9999 -9999 -9999 -9999 -9999 -9999 -9999 -9999 -9999 -9999 -9999 -9999 -9999 -9999 -9999 -9999 -9999 2.48970817499083e-06 0.000852705819269417 0.00256527907895361 0.00739072708746775 0.00930337705140119 0.00585308948948295 0.00319261013319192 0.0341767813057231 0.0774499032879248 0.00809902937107836 0.0767368699917592 0.0771085206145071 0.0117412349839371 0.00901450060337083 9.75050852503046e-08 5.23876909473864e-05 1.44525770906512e-08 0.00343772627984436 0.00368986601170036 0.013992863581916 0.00603098763513117 0.010811470146291 0.00885599937755615 0.00974546540528536 0.0184640332125127 0.0190078440355137 0.0893588709179312 0.161768773198128
-9999 -9999 -9999 -9999 -9999 -9999 -9999 -9999 -9999 -9999 -9999 -9999 -9999 -9999 -9999 -9999 -9999 -9999 -9999 -9999 -9999 -9999 -9999 -9999 -9999 -9999 -9999 0.0133975522016748 0.000185066702841929 0.000986219538845035 0.00994026891421527 0.0171130404953146 0.0223943008692004 0.0173566484358162 0.0196181581763085 0.0767114705092567 0.0761614898209863 0.0755734734389188 0.0759929147283494 0.0120229201902351 0.010080192174064 0.0066055768840367 0.00379617841912818 0.00451036931106677 0.00552973466780935 0.00584904052084312 1.34295360112446e-06 2.26768997890758e-07 0.0142642270599026 0.00669593015918508 0.00596399467031006 0.0090233362512663 0.0115261141909286 0.0101789619245324 0.118937067873776
-9999 -9999 -9999 -9999 -9999 -9999 -9999 -9999 -9999 -9999 -9999 -9999 -9999 -9999 -9999 -9999 -9999 -9999 -9999 -9999 -9999 -9999 -9999 -9999 -9999 -9999 5.43377448369853e-07 0.00112387864909209 0.0158656149473245 0.000269520308734172 2.20116385207803e-07 0.0120171140526031 0.0137989484363916 0.00513412673026323 0.0145744304501339 0.00707007363671437 0.0751218116639937 0.0753112409012877 0.0759266276773215 0.0765102526834087 0.0771082257164783 0.0740177324082306 0.0698821490516847 1.05639890080056e-07 0.00607041731927893 0.0108105712744873 0.0152098602923846 0.0314716793025582 0.0126520399469882 0.0110688467975706 0.103890258818865 0.00975668830888026 0.200661095604301 0.0778912923764437 0.147129534641135
1.6614285814176e-05 -9999 -9999 -9999 -9999 -9999 -9999 -9999 -9999 -9999 -9999 -9999 -9999 -9999 -9999 -9999 -9999 -9999 -9999 -9999 -9999 -9999 -9999 -9999 -9999 -9999 0.00233772756423016 0.00246887713699815 0.00594651579177139 0.00860413266275444 0.00515562289394991 0.00546092528417317 0.00648321613079212 0.0131195362446112 0.0171713422847794 0.0789308143386885 7.77195111822948e-08 1.47448349707702e-07 2.81317034023232e-07 0.0765827743407911 0.078779009028469 0.074360670040187 0.00391353248269297 2.33146835171283e-16 8.81007144926116e-07 0.0128782005624104 0.0234497506813516 0.0341934346060807 0.0195685358718038 0.231576184928417 0.159346560202539 0.427421459555626 0.303781784354942 0.0595434480358597 0.000870834409958132
0.000355745173394217 0.000117573292790707 0.000155050413746327 0.000104143596521478 7.77590330458544e-08 1.23934364382183e-06 3.21364623800946e-10 -9999 -9999 -9999 6.98208690974589e-08 1.7746544581243e-05 0 7.35514803308135e-05 2.40024231412672e-07 -9999 -9999 4.60702120397283e-07 4.27036602079767e-08 -9999 -9999 -9999 -9999 -9999 -9999 0.000133029293803588 0.00376770431736617 0.00169003370741881 0.00232203953193704 0.00621662051158496 0.000111705788918037 0.0172532058473735 0.0277237610374868 0.00938147701355541 0.000163138386076089 0.0205963359825546 0.0267083232145524 0.0762595783529365 0.000513850864126653 6.04927981839864e-07 1.08668600660167e-06 0.0197562540637271 0.00059065959171849 0.000550034181414616 0.0115175229595056 0.0147971988628683 0.0294838794775279 0.0151357121852925 0.317240236699581 0.181223111698637 0.193894216921763 0.134207045508462 0.00185767546003088 0.00432999042189408 1.12763274273675e-09
0.00286314363676534 0.011011267099083 0.00996456714012766 0.0181867383893177 0.031885556706618 0.01377581075595 0.0129839593494495 0.0124745229585415 0.00283258837970202 0.000767003968539803 0.000527112087236803 0.000295840950620874 0.000867455607217593 0.00667848076275419 0.000871720427074441 0.0165869781134766 0.00599431794161656 0.00141274863967226 0.00579187136414059 0.00753167117663306 0.00507769702015963 0.00113623543217278 0.00248589936365995 0.0243063796551954 0.0616224911506833 0.0148737906956089 0.00344432466020903 0.00167343858323727 0.0016846800910681 0.00419158820456351 0.00299959185773631 0.00596617197380738 0.0284990589105291 0.0156762042330229 0.0124091570090968 0.033327325549908 0.00957327031283057 0.0160362203605473 0.0147765878355131 0.049857933097519 0.0178763380041346 0.0879837770015001 0.0102998285132117 0.00762659179420098 0.00646306607793576 0.0149497054514487 0.00925618750895865 0.0437969304274044 0.0154778802127112 0.00687600461369584 0.0176068883913103 0.00224466571324911 5.33787306267186e-07 3.95073953995961e-08 0.000656917877495289
0.356793813407421 0.412833988107741 0.103150237351656 0.279022918641567 0.285574747622013 0.320053325034678 0.137523444835097 0.114145434816601 0.0688455127179623 0.0120241855796849 0.0035662078356836 0.0402490361884702 0.0168026169063523 0.0187578830402344 0.0661769440339413 0.0370985541267146 0.05756239514958 0.0208035756563163 0.0781354847131297 0.0653297658544034 0.112698344071396 0.0942309235688299 0.054710975321359 0.057202514821256 0.0109247260181292 0.00723960924588027 0.0101786158025789 0.00975700689136829 0.0220735626749956 0.0786761544295587 0.0570653860922903 0.302926317229867 0.0217982218251564 0.0123582347277988 0.0130511834648132 0.0133898370841052 0.0102833608565561 0.00385891579644522 0.00698243135266239 0.00743319878674811 0.0145925676857587 0.00929713033256121 0.00863869054301176 0.00868527906131931 0.00760084042558447 0.00603198486496694 0.0115708173136227 0.0129262321221177 0.00684483100485522 0.0749767897183133 0.0920533445459796 0.0839050885140523 6.68758111355139e-07 0 -9999
0.404361906275153 0.25803994479993 0.447101980634034 0.19241955820471 0.263104751738138 0.233965194877237 0.595167350769043 0.232724082143977 0.140178161300719 0.0655220780987293 0.15136426682584 0.0313600542634958 0.110843859240413 0.117701070476323 0.0445742294192314 0.102267469838262 0.0270547042076942 0.0321099977736594 0.014695434877649 0.0191310009016888 0.00943152924264723 0.0170437465159921 0.0810295753180981 0.0140384167327284 0.0100874888481485 0.093264754548909 0.11671641881403 0.0632365508703515 0.14942923237395 0.441367086209357 0.444377367198467 0.568071860074997 0.446352224610746 0.696378177404404 0.719475096464157 0.616552099585533 0.674492186307907 0.231442706938833 0.0302079846849665 0.0249241908706608 0.0416496281830405 0.0835308853769675 0.00645683715119958 0.0181571000772237 0.0327393665531417 0.0229337355456664 0.206634982302785 0.0880474507575855 0.0245193809675191 0.210442996025085 0.0598094560314166 0.0445929894779345 5.92042933567072e-09 -9999 -9999
0.0145022162701935 0.00149584505201044 0.198019141921804 0.10208851469215 0.0118630076619995 0.153996663086582 0.0819104406130805 0.00130902131389464 0.031240017678815 0.141443519882341 0.103958828639236 0.133534927658525 0.00419783656114063 0.00727298947123356 0.0589159882627428 0.0420076892478392 0.0306817853124812 0.00901473165722564 0.009572188986931 0.0145858670744929 0.00570394926312474 0.0320063550956547 0.00956603856029687 0.0210600090795197 0.0133163652964868 0.012283067649696 0.0181751940166578 0.0373868003167445 0.256715014542897 0.124525520048155 0.321165216744703 0.506458381563425 0.547275298438035 0 0.31161176459514 0.136793971680987 0.699984979629829 0.699939668178558 0.474002862162888 0.446545233111829 0.699321818351746 0.54382073993329 0.276031450337905 0.571783357643289 0.165444289393781 0.35490074492991 0.430993737280369 0.548891568183899 0.311025567352772 0.123825430310677 6.43891888274517e-06 5.96596438917629e-11 0 -9999 -9999
3.13838086185569e-08 2.42195596911188e-09 5.20872163178865e-07 0.00535354645625148 0.0892135606465445 0.0029738036809249 0.0233743069979482 0.0604917659063403 6.61121475786786e-08 0.0760171422689609 0.00029147040368116 1.41904342854104e-07 1.10988640500409e-09 0.194737755582742 1.43956596730277e-05 0.0152398505095838 0.0057209187207575 0.0156094859463337 0.0050115200629105 0.00160221009412667 0.0039483135116825 0.00304598734639967 0.00479036909750903 0.0117937670886745 0.0152348602028073 0.0457622999616433 0.120890463958494 0.0106960886783781 0.0473061500117183 0.00479517671628855 0.00688276295841206 0.0143885194936956 0.0929975163773634 0.482052776217461 0.714699453115463 0.602191889286041 0.582683199644089 0.691260230541229 0.7 0.699461138248444 0.260379147711973 0.639254239201546 0.28488776688464 0.76321205496788 0.7 0.0463702133633681 0.488047770080925 0.411841276288033 0.335141324438155 0.00711726586936265 0.17579740981727 0.00275556635103911 0.00224627050528881 -9999 -9999
8.76995909493417e-06 5.5602513384656e-07 3.46538308804156e-07 2.05163496502792e-07 2.2446115508501e-07 0.000128228928737606 3.97763869841583e-07 0.00125959444215967 2.68359090114245e-06 2.75486290775007e-06 0.00505617294286081 4.06377366743982e-06 1.37744673338602e-06 3.68198998330627e-06 0.00140001162278054 0.00933944435282683 0.00103084804575921 0.000767391017235886 0.00271169557016389 0.00110840105026299 2.14836200029822e-07 7.59369868319482e-07 5.7938632380683e-07 0.00453113459627534 2.10726375371451e-06 2.8157113774796e-06 0.00601913335982989 0.00244818314192727 0.00231318129517604 0.00463856588446263 0.00244035505273312 0.00046250363419631 1.15570990594449e-05 0.000966168105358767 0.00687976739198026 0.000174655446175054 0.00447461541616576 0.0904815786372637 0.440415491908789 0.664567598700523 0.648055690526962 0.314651796221733 0.10090279669756 0.00658070617949278 0.625280585885048 0.656117564439774 0.23018873333931 0.652587819099426 0.59727570656687 0.37564205158269 0.169732927158475 0.0679774890122644 0.00138456285861418 0.563713578926399 -9999
0.0128013377140646 1.63116346811876e-06 1.71532690274034e-07 2.5903186724463e-07 1.46391239468358e-06 0.00466647287336838 1.90094760910142e-06 0.00270031885837733 0.00249562354296018 0.00272047839318303 0.00363900701600246 0.00319108338765193 0.00349607359284703 2.69469637714792e-06 0.0891985727026622 0.258658345788717 0.0842407652176917 0.160633297479944 0.0104241474968148 0.0106430048373113 6.40164075775829e-06 0.0158874112719474 2.438670154703e-10 7.44768298804876e-06 6.33705099062354e-08 6.73999409173121e-08 3.28733250398727e-08 1.5100306882232e-06 1.10204045995488e-06 0.000146901399568211 0.000419022985658657 0.0287951080110361 0.00940621998888673 0.0478605427430011 0.000164838134184464 6.28603595378863e-05 1.02347371053635e-05 0.000708686335565289 0.0118918472857331 0.000369237319046611 0.00490081374661457 0.0174043111037463 0.052636439021444 1.52136861391039e-05 0.262081959599163 0.260128967941273 0.405401133862324 0.683500862121582 0.120082975877449 0.0418988305241328 0.0471644797084309 0.0327717875866556 0.00208437055208606 5.91120326021155e-09 -9999
7.99522877059644e-07 5.83427072342602e-07 3.47141053680389e-07 1.31088672787882e-06 6.07151378062554e-07 1.27761486510281e-06 1.15534367068904e-06 2.91339148361658e-08 0.00234785246965026 0.00212024429712726 0.00235549314344611 0.00222067884870958 1.25686010505888e-06 0.0211618798260433 2.1449508835758e-14 0.000190678841465797 0.024854576972939 0.000457370195795193 0.100653432263061 0.0651439877576195 0.109467623906676 0.000255917528801841 7.06537397698881e-08 5.58126032598194e-06 7.58221219143707e-09 1.54290837883764e-09 4.47083969845607e-09 6.00558450969402e-08 9.48295053149195e-08 1.42290082294494e-07 1.06858601611748e-07 1.50723490150995e-06 6.89184025759459e-07 4.02441401092801e-07 1.31510569190141e-06 0.000395840532691238 0.000224116575270017 0.00129143973767896 0.000389317758629204 0.000534207043733459 0.0146874765632674 0.0142755932407454 0.000161403156696238 0.0121788771866193 0.113405289107072 0.216489227954298 0.112157121684868 0.113455724325286 0.0445266836426072 0.0871155557622842 0.26866164180974 0.0154756949427167 0.00485894892127661 1.10119185592339e-07 -9999
1.40269742132659e-07 6.6090319705836e-07 0.00584201647809954 0.00433533704974207 1.16444562081597e-06 1.72064244452486e-07 1.26587985960214e-07 1.15861007543572e-07 1.89474701528525e-07 1.28413512356929e-06 1.70163948496338e-06 0.00238691635125752 2.26921129069524e-06 5.63108878850471e-06 1.02329789086752e-09 1.22322237482431e-05 0.00013641705261741 7.67930111716941e-05 2.66889710057505e-05 3.46863989231783e-05 2.06816775971674e-07 8.21085830082779e-07 1.90344647020835e-06 1.73147469340051e-07 1.98684719565634e-06 3.44708865895882e-09 4.31700755143538e-08 1.09161283035064e-07 1.68063607475233e-09 8.35255864473083e-10 8.24949381694751e-08 3.21627027233262e-09 1.27593182241981e-07 2.59905300481478e-07 0.00296618806540737 6.54854329695809e-07 4.58606882602908e-07 7.93043582234532e-06 0.000496622789967205 3.85248458769638e-06 0.00076917524326916 1.89834463526495e-05 0.00230638096848592 0.0161083568832055 0.0197708186176897 0.000337618309367826 0.00027565712471187 0.040739478440878 0.0131108514673542 0.216157957911491 0.0911433802088368 0.00572220752655994 0.00719415712615046 0.0013023178934688 -9999
5.13477687036357e-08 6.87303190716193e-07 5.64624940579961e-08 2.0667970602517e-06 3.63789126822667e-07 1.2756466276187e-06 1.76921048478107e-08 3.28360692947172e-07 0.00227924415080278 0.00228637446945825 0.0022915537941426 9.84898906608578e-07 3.59031531615983e-08 2.26750580623047e-06 1.82643816515338e-06 6.11196765021305e-07 1.32815301867595e-08 1.06788467329699e-05 2.28979744054669e-09 7.30881355437418e-10 9.10436597223452e-09 6.93607626089943e-07 0.000110596550343223 0.000334385953220817 6.63662527098374e-06 3.67952113222714e-11 2.95104367609156e-09 1.316322340017e-08 1.31274706660633e-09 5.75961500715039e-13 2.00114143922292e-08 1.19309845558746e-08 3.60404617261167e-10 1.17512570341205e-08 5.98367080328899e-09 5.22374875799869e-08 0.00174374624481035 0.00185207230345378 0.00142065086919283 3.75820263798232e-07 0.00301096919813227 0.00498088843106846 0.0102206254801247 2.27916316362098e-05 0.0142398375436642 0.00170848855618715 0.0353585981899968 0.00159189901303947 0.0256526904249569 0.0560516454525022 0.047611913104035 0.00345628063805634 4.29604438789699e-07 -9999 -9999
6.02482487011002e-07 3.56560849468224e-07 9.0035229050045e-08 2.02207866095705e-07 1.609784521861e-06 6.28604254870879e-08 0.0016773683950305 1.05180831155849e-08 1.39007750021847e-07 2.28150183829712e-06 4.49409344582818e-07 1.81721134140389e-06 6.15971487150091e-08 9.53781977841572e-08 1.55234611156629e-06 1.15800376079278e-06 1.03136085272126e-07 7.03203397733887e-08 3.27629527419049e-07 6.31968717357267e-09 1.39869853228447e-06 2.75209149549482e-06 2.70076156994037e-07 7.55929763229801e-12 2.16455853241371e-11 1.60992330577869e-12 5.7426186028664e-11 1.0498490610189e-08 0 2.19824158875781e-15 4.88071183468719e-10 2.27361383053903e-09 1.41551510068894e-08 8.38702707284256e-10 2.95134327643609e-08 6.65436985514134e-09 2.5993620056397e-08 0.000974272851254931 7.96411558923182e-10 0.00145536971420144 9.54856659518555e-07 2.72298802883597e-06 0.00433470356457469 9.32131428271532e-05 8.70557778398506e-06 0.000229005990695441 0.00146929684802899 0.499332863109951 0.0952982612657576 0.00136848243494647 -9999 -9999 -9999 -9999 -9999
9.70087148743915e-07 9.08260744836298e-08 1.89607305856043e-08 4.90426771193597e-08 2.66968953610558e-08 5.72349620142631e-08 7.01758793297813e-09 1.36366026026735e-08 8.3662405359064e-08 1.90654236575938e-07 6.28759948995139e-08 1.66504339205176e-09 1.19904086659517e-15 5.09994663389079e-08 3.45544394804165e-06 7.90122442140273e-08 1.38578242214749e-09 8.31152703995031e-08 2.88291084871162e-06 1.63791737577412e-06 9.65710023592692e-07 8.18573766991904e-08 3.41969268902176e-08 4.42507475106879e-11 9.14379683081279e-14 1.4358958466687e-12 2.27274498332264e-08 8.67488658684579e-10 6.7066108222491e-11 1.95549132442352e-12 2.21562213020832e-10 7.39027639085066e-10 1.04172798387481e-08 4.44393926102293e-09 7.03120832667992e-09 2.09340322854246e-10 1.49956669304174e-10 3.94464692021756e-09 4.65543337213603e-08 2.27038162847748e-06 0.00559221881996423 0.000353638043313842 0.038305397930344 0.000158630000396442 0.00215668174566872 0.00595425534314111 0.0111473500852298 0.386146780418949 -9999 -9999 -9999 -9999 -9999 -9999 -9999
1.84040277417807e-07 5.17893522555823e-07 0.00400010389982813 0.00267883548305504 0.00214626760899668 9.89645855042909e-08 1.64520031376014e-08 1.20087875643549e-08 5.94646216711681e-09 2.21564874891556e-08 1.83076195980902e-08 2.66640171275867e-08 2.42796875937756e-09 0.0140557518702758 0.00626370939385197 4.79352344484596e-09 2.0620193317511e-05 9.3896002084648e-13 9.6466159504871e-09 7.74783256929368e-07 3.82503685614211e-08 1.11333406493941e-07 2.27827726462237e-08 3.50194229170597e-10 2.2832846724441e-13 6.20649087679226e-12 3.27967164537313e-09 3.5250855567881e-10 4.86922724363126e-12 1.3853348690418e-09 4.35962732581174e-09 0 3.18795549958395e-09 2.54900047735873e-09 7.98070374230519e-09 1.27801893512469e-09 1.03079766944347e-11 1.65099962146087e-08 2.32618080353575e-10 2.17952855763315e-09 5.81138030440798e-05 0.000378148137986045 6.65831976220943e-09 2.21424579649465e-06 7.28650018572807e-05 4.15226741878882e-12 -9999 -9999 -9999 -9999 -9999 -9999 -9999 -9999 -9999
1.13448095362401e-06 0.00546801719382221 0.00286480315805183 0.00210294846342696 0.00186987532374954 0.00172362273140562 2.73577938969538e-08 5.70955251077976e-08 2.67550689159179e-08 1.08055746750324e-07 5.79991478844022e-08 0.00230347446390304 0.00232153817390648 0.00025751587720122 2.16611732188121e-05 6.50500536159004e-07 6.26055962626992e-10 3.95178556544806e-11 8.32339885903366e-10 1.53684842629787e-11 2.58403298758481e-12 2.01727523574391e-14 4.92645257921254e-11 4.54381812176052e-09 1.11412212788764e-11 8.91678268999385e-09 3.68634234249043e-11 6.71343940439328e-09 2.08263406520359e-11 4.53513804288264e-10 2.10197477201746e-09 3.8388403567069e-11 1.3130134313144e-09 1.80017096340634e-08 6.68895694388993e-10 1.71959402273103e-10 7.06588494381322e-09 2.13794282899471e-07 1.24726099670625e-08 6.84575354625849e-08 4.15827466380136e-06 2.22044604925031e-17 -9999 -9999 -9999 -9999 -9999 -9999 -9999 -9999 -9999 -9999 -9999 -9999 -9999
1.1521940024295e-08 4.74644451742279e-08 1.05145718407584e-06 1.25743590615457e-06 0.00221898983535869 0.00195894319211384 3.86213372394195e-08 1.18754599043314e-07 8.95128266620304e-08 1.25305869005388e-06 0.00521283410274549 0.270509590301663 0.000348128941128689 7.38031857849819e-13 1.07203579347015e-11 1.85329920299182e-09 1.18480159017054e-07 1.1911850378965e-06 4.05848550144583e-07 6.9829226845286e-10 1.08083642036405e-10 1.18605680832218e-11 1.0142030548721e-10 8.90158915467509e-09 9.83161925205422e-09 1.39744045668522e-08 1.90388482756987e-10 1.97162961512731e-09 4.7249059823451e-06 2.01296423973929e-11 4.10427247743428e-13 1.01568309318623e-11 6.44025321960839e-10 3.62814418508606e-09 1.14616952373581e-08 1.26034436220834e-08 8.22730669369776e-08 4.88543543930575e-07 3.19420744177013e-07 2.03294936440557e-11 -9999 -9999 -9999 -9999 -9999 -9999 -9999 -9999 -9999 -9999 -9999 -9999 -9999 -9999 -9999
0 9.98295046628073e-10 5.10011204823968e-07 3.81454601239284e-10 1.91304905250433e-10 5.14581000032877e-10 2.05841899081349e-11 1.74504855010582e-13 1.11022302462516e-17 1.08786424313223e-11 0.000457357470440911 1.00847324713271e-08 1.46331680106471e-10 3.62221364014204e-13 4.30592983491351e-09 3.55637098437001e-08 0.00127569802569837 6.22625566393253e-07 4.69600507813084e-08 8.55575721381285e-11 1.855220688185e-09 3.60544021305031e-09 1.21868977132067e-09 3.08118899283727e-09 1.47068789146942e-08 2.2292956369796e-11 5.69062947874954e-09 2.01400169430599e-08 2.10875095163487e-10 7.84768139361347e-11 2.22244112002556e-11 5.00964825178585e-12 6.70841160399505e-12 7.12139236469511e-12 5.26576648951504e-10 2.39803085833046e-08 5.79214069830192e-06 3.50762820744421e-07 7.14056502815197e-10 0 -9999 -9999 -9999 -9999 -9999 -9999 -9999 -9999 -9999 -9999 -9999 -9999 -9999 -9999 -9999
0 1.91975324526084e-12 0 0 0 3.40187944480874e-10 5.51003687121465e-14 0 0 1.25455201782643e-15 6.93399826445784e-09 1.77835524084458e-13 0 9.01456687074642e-13 1.04537477341182e-08 8.386184902065e-09 2.32874583616649e-08 1.11481676867697e-07 1.09107695323019e-08 2.71796182005346e-08 1.71381699942685e-08 1.84032096228748e-09 1.02371533472478e-09 3.65492347498275e-09 1.78904116410195e-08 3.52135232084549e-10 9.81063785765457e-11 3.71732511439404e-08 2.26181740003994e-09 7.47197415051915e-10 4.18971635163246e-11 1.47156364871392e-10 1.62753526211645e-09 1.26356713980869e-10 4.83280082619331e-14 3.58183360785747e-06 6.61862031847704e-08 1.66358950082213e-07 -9999 -9999 -9999 -9999 -9999 -9999 -9999 -9999 -9999 -9999 -9999 -9999 -9999 -9999 -9999 -9999 -9999
