Scripts_&_data/Maxent_result_files_1/Bombus_argillaceus_3.asc
NCOLS 594 
NROWS 330 
XLLCORNER -15 
YLLCORNER 23 
CELLSIZE 0.166666666666667 
NODATA_value -9999 
[rows 120 to 139 of 330, columns 414 to 459 of 594]
7.44297605706379e-05 8.95394798135385e-05 0.000418937095673755 0.000413911078067031 0.000312781493994407 0.000549908803077415 0.000356377004936803 0.00142483203671873 0.000614674255484715 0.000871167171862908 0.000755652342922986 0.00170280092861503 0.00321096980478615 0.00496472425293177 0.00022107290715212 2.46977511778823e-05 0.000324935387470759 0.000416391248290893 6.91264333454455e-06 2.35545299801743e-05 0.000165468455816153 2.05954309421941e-05 8.0578342476656e-06 1.05017448731815e-05 1.35652015615051e-05 1.40303646276152e-05 1.52847571825987e-05 1.20182073260366e-05 9.88874699032749e-06 1.74839969076856e-05 1.50347590988531e-05 1.34327741307061e-05 1.65028850460658e-05 2.38197841099463e-05 1.33570461002819e-05 0.00244002005783841 0.00123488231038209 0.00028157567139715 0.000170657144190045 1.28903422137228e-05 8.90438004716998e-06 8.9184720764024e-06 8.86087186700024e-06 1.04132489013864e-05 7.43547197998851e-06 0.000198912515770644
0.000494334351969883 0.000453180965268984 0.000681923041702248 0.000694673019461334 0.000423906501964666 0.000610885123023763 0.000291400910646189 0.000495028815930709 0.00100122462608852 0.000496143996133469 1.80416902367142e-05 0.000131806833815062 0.000224969405098818 0.000260599490138702 0.000184118666948052 6.02775029619806e-05 0.000190453404502478 7.58380323532037e-05 0.00010961599618895 0.000270270851615351 0.000123213379993103 2.01086830202257e-05 1.10726310595055e-05 2.32446835980227e-05 1.25805032894277e-05 4.26070828325464e-05 1.46087677876494e-05 1.26758088299539e-05 1.28328257687826e-05 1.13409375444462e-05 1.16846912533219e-05 1.14666658646456e-05 1.64932832376508e-05 2.38237388657581e-05 0.000302046904107556 0.000369662609591614 0.00106197554268874 1.01972552783991e-05 0.000264068752585445 0.00014723783970112 0.000335264841851313 0.000303458192502148 8.87592526851222e-05 9.6988747100113e-05 2.80884500170941e-05 0.000220688443368999
0.000481206178665161 0.000446374388411641 0.000377320330881048 0.000485138170188293 0.000388175826810766 0.000396084443491418 0.000395537719305139 0.000358571350807324 0.000219666089105885 0.000622440103325062 0.000481173690059222 1.35655965550541e-05 8.6804523380124e-05 3.3330046426272e-05 0.000165253679733723 0.000268737899023108 0.000230770938651403 0.000159263056411874 0.000574607378803194 0.000883224265999161 0.000523165555205196 0.00011295533804514 0.000139865688106511 9.99077306005347e-06 8.68401743900904e-06 2.12131869375298e-05 1.07832313460676e-05 1.42774408686819e-05 1.46572058838501e-05 1.31634375520662e-05 1.95157055713935e-05 1.32264844069141e-05 2.7337218671164e-05 9.7727188403951e-05 1.88877575965307e-05 1.69114849995822e-05 6.73913134960458e-05 0.00117579326033592 0.000407198675384279 0.00032610913622193 0.000316374702379107 0.000704441062407568 0.000279471803514753 0.000295292500231881 0.000322851086093578 0.000269903370644897
0.000514686125097796 0.000387833356217016 0.000847906235139817 0.000376727135153487 0.00050948625721503 0.000465963920578361 0.000466354750096798 0.00147837723488919 0.00095360524719581 0.000515475144493394 0.000455902527028229 2.77066274065874e-05 1.22678724892467e-05 0.000388681782351341 0.000166741140856175 0.000168251521972707 0.000172499814652838 0.000732028394122608 0.000167331611737609 0.000179687861964339 0.000119003506188164 0.000104620309866732 0.000287098348781001 8.37084621707618e-06 1.45424987294973e-05 4.2805501834664e-05 9.61833820838365e-06 1.1442539471318e-05 2.24449195229681e-05 1.35332422360079e-05 1.06265720660303e-05 0.000128780647355597 1.72956540154701e-05 1.75805796970963e-05 6.10511720879003e-05 5.1033150703006e-05 0.00299054358620197 0.00261282293358818 0.000122243955047452 0.000703625046298839 0.000536436654510908 0.000306946344790049 0.00035069485893473 0.000308500957908109 0.000685901011456735 0.000366504724661354
0.000650395438424312 0.000577476463513449 0.000436814065324143 0.000749360394547693 0.000437767297262326 0.00296394453616813 0.000926736180554144 0.001965640950948 0.00219772257842123 0.00256177693372592 0.000452851812588051 1.56842276282987e-05 2.96322369649715e-05 0.000236014142865315 0.000204027426661924 0.000177261606586399 0.000289234521915205 0.000206571912713116 0.000799440508126281 0.00017196449189214 0.000154099781502737 0.000240016343013849 0.000142515846528113 3.96649485992384e-05 9.52495138335507e-06 1.10389249584841e-05 1.25434919482359e-05 1.33119587189867e-05 0.000252033761353232 2.13053134757502e-05 1.38487561343936e-05 4.8196723946603e-05 9.88427113043144e-05 1.54319039666007e-05 1.54414789903967e-05 5.38403081009164e-05 0.00159245553659275 3.82815040211426e-05 0.000239505167701282 0.000248344449937576 1.19555794299231e-05 2.38966286815412e-05 1.16105695269653e-05 1.4068769678488e-05 1.11448958705296e-05 2.7234089520789e-05
0.00170590062625706 0.00117214589263313 0.00103225602651946 0.000766079599270597 0.00164494648342952 0.0026673782733269 0.00186948785558343 0.000375944038387388 0.000375527454889379 0.00203096333425492 0.000382669773534872 0.000456489621137734 1.87490274583979e-05 6.17990181126515e-05 0.000207273285195697 0.000388629469671287 0.000161408358690096 0.000487646179681178 0.000417019872111268 0.000387803248304408 0.000223236846795771 0.000168517303245608 7.23966491932515e-05 0.000114091331852251 6.11023035162361e-05 1.35118637899723e-05 1.55426926539803e-05 1.27925924061856e-05 1.56113453158468e-05 1.39674874844786e-05 1.40238704261719e-05 1.38804483867716e-05 2.43805990066903e-05 2.99698145681759e-05 1.55704033204529e-05 4.55692981631728e-05 3.65716385203996e-05 0.00053731298976345 0.000170748300843115 0.0014093377511017 6.55244904919527e-05 0.000115556845776155 1.24813083857589e-05 1.81284573045559e-05 0.000953240180388093 1.99148157207674e-05
0.00170038234209642 0.00328602927038446 0.0017811773577705 0.00056863411446102 0.000489962918800302 0.00053018850449007 0.000569725781679153 0.000446388142881915 0.000406490702880546 0.000798434010357596 0.000410147305228747 0.000346505707420874 0.000462704253732227 0.000291435715917032 0.000325127637188416 0.000197477807523683 0.000496208728873171 0.00178010815288872 0.00167424477403983 0.00115337799070403 0.000179251217195997 0.000598169874865562 0.000189775625767652 0.000206966303812806 0.000272841851983685 4.35301977631752e-05 1.15049081614416e-05 0.000111847517473507 0.00053525633411482 5.9545348995016e-05 0.000792861130321398 6.79994496749714e-05 0.000133670815557707 3.12501473672455e-05 0.000649502692976967 0.00452959806425497 8.25658673420548e-05 2.15889986975526e-05 0.00144806236494333 0.0145645742537454 0.00341877144528553 0.000554211638518609 1.65018436746323e-05 0.000938352569937706 4.78096587812615e-05 2.89633313514059e-05
0.00469298362731934 0.00132650200976059 0.000540996296331286 0.000646726190461777 0.00063604629249312 0.00043511536787264 0.000547188511700369 0.000400931504555047 0.000398014843813144 0.000353715644450858 0.000378616462694481 0.000344078995112795 0.000352172878046986 0.000342544124578126 0.000265258952276781 0.000301925218082033 0.000350753376551438 0.00108676141244359 0.0012856672226917 0.000237198275863193 4.82598934468115e-05 0.000225429658894427 0.00132728652679361 0.00052970485703554 0.000225869193673134 0.000297961696924176 5.14513056259602e-05 0.000109248979060794 0.000492429771111347 0.000722758570918813 1.64067883815733e-05 2.3870572749729e-05 0.00012680087093031 0.000587556179380044 1.95779214664071e-05 0.000562690227525309 0.000631622836226597 0.000114791942905867 0.000684996842755936 0.00372817566385493 0.00195348097477108 0.000643489582580514 0.00044894221064169 0.00154501436045393 0.000404425658052787 0.000501368215191178
2.47320879680046e-05 0.000656871951650828 0.000635609321761876 0.000483300056657754 0.000497614528285339 0.000875095563242212 0.000577409510151483 0.000835504228598438 0.000591821476700716 0.00044192913628649 0.000426350723137148 0.000706089727464132 0.00085687686514575 0.000529013390769251 0.000344604876590893 0.000343032153614331 0.000370923790615052 0.000603220006451011 0.000279894459526986 0.000387349599623121 1.60385498929827e-05 1.21592837786011e-05 0.000431574613321573 0.000886024278588593 0.000353382845059969 0.000460561361978762 0.000329912216693629 4.35159316111822e-05 1.75996703546843e-05 1.91468307093601e-05 1.52989595335384e-05 1.38068811338599e-05 2.49237836214888e-05 0.000216118345269933 2.33569786360022e-05 8.74244138685754e-05 1.92553176930232e-05 0.00016033875872381 6.44116618786939e-05 0.000401009002234787 0.000543645385187119 0.000408111761498731 0.000306568600353785 0.000400349897972774 0.0015227721305564 0.00253911181353033
0.000812635343754664 0.000643385693547316 0.000418095677741803 0.000654959288658574 0.000501347778481431 0.00240516518242657 0.0054342467803508 0.00268920866074041 0.00233415348920971 0.00301060099154711 0.000797416779096238 0.00126651006867178 0.00139715690747835 0.00104419079725631 0.000290903990389779 0.000329815300938208 0.000413521322479937 0.000396240722329821 0.000327852532791439 0.000463220331585035 1.40175151045696e-05 1.73590817212244e-05 0.000359004153870046 0.0022976731066592 0.00270052463747561 0.00242196159670129 0.00294664545217529 0.000309400040714536 1.26412805002474e-05 0.000449693002155982 0.000806500850012526 0.00058539476885926 2.31826801609714e-05 1.88052152225282e-05 0.00046683820837643 5.47079749594559e-05 4.76590548714739e-05 0.000620386892114766 2.09788198844763e-05 1.06302361473354e-05 2.09686014386534e-05 0.000117245106230257 4.41412967120414e-05 0.000532753355219029 0.000210620717552956 0.000555920443730429
0.00103516368835699 0.000544725179497618 0.000630367480334826 0.00508468970656395 0.00737049914896488 0.00982411331497133 0.00734587144106627 0.00338958286447451 0.00129710930632427 0.00064194415754173 0.000483444167184643 0.000767837977036834 0.000481382376165129 0.000552669548778795 0.000358668307308108 0.000335214374354109 0.000346302166872192 0.000542731856694445 0.000235691134002991 0.000417207668942865 9.59059401793638e-05 1.78314920049161e-05 1.46604364090308e-05 0.000525728263892233 0.00571690963115543 0.00376252314308658 0.00363486657151952 0.00214581339387223 0.000876522233011201 0.000639635417610407 0.00139071411686018 0.000505673914449289 0.000114431292604422 1.84790004823299e-05 1.5798450613147e-05 6.81117468047887e-05 1.86819856935472e-05 5.1610557056847e-05 8.13893115264364e-05 0.000169430120149627 0.000228447708650492 0.000686971077811904 0.000478973783901893 0.000401542607869487 0.000638479422195815 0.00138286358560435
0.000694921222748235 0.00632928658742458 0.0052652042126283 0.00804239385761321 0.00714515596628189 0.00749357219319791 0.00773936477489769 0.00563755182083696 0.00658295438624918 0.00454372288659215 0.000816109383595176 0.00138265653513372 0.0027872699778527 0.000454483594512567 0.000486283440841362 0.00133765799109824 0.000769870015210472 0.000613053966662846 0.000356938308686949 3.05930980175617e-05 1.31167270865262e-05 1.25574110370508e-05 1.38007156238018e-05 0.000334075302816927 0.00116296749329194 0.00149067240417935 0.0029110683943145 0.00223580424208194 0.000510306557407603 0.00039080808928702 6.18873471466941e-05 0.000655289087444544 0.000200397545268061 4.01950814193697e-05 4.84108579257736e-05 1.5362095200544e-05 2.16574995647534e-05 0.000161121400742559 4.67363173811464e-05 0.000775544909993187 0.00401723927352577 0.00134093184024096 0.000728305731900036 0.000693717203103006 0.000353628187440336 0.00332608912140131
0.00441193054430187 0.00818618186749518 0.00293818365316838 0.00127628115587868 0.000653509944095276 0.00148710086941719 0.00283534748014063 0.00495309429243207 0.00492892742622644 0.00507888698484749 0.0077137703076005 0.00487960793543607 0.00289179482497275 0.00178857852006331 0.00340742842527106 0.00573354274965823 0.00416265075327829 0.000355603246134706 4.30342990512145e-05 1.44195148550352e-05 3.44116588166798e-05 1.51033383644972e-05 2.08444919735484e-05 0.000476567956502549 0.00313320808345452 0.00170070882304572 0.00359042814234272 0.00667912578210235 0.000611190780182369 8.05528172350023e-05 0.000702013808768243 0.000706177338724956 0.000389599661866669 0.000309511390514672 6.2075237656245e-05 4.3581933095993e-05 5.72028422539006e-05 1.49378389323829e-05 2.89111759229854e-05 3.11730813336908e-05 0.00333991706138477 0.0015173586725723 0.000921887654112652 0.00195981750730425 0.00157974222674966 0.00365141435759142
0.0101469188462943 0.00366726808715612 0.00340686220442876 0.00150861976435408 0.000334107974776998 0.000595521213836037 0.0047302879858762 0.00332421933999285 0.00536464934702963 0.00725579007994384 0.00335995282512158 0.00380672784522176 0.000690757457050495 0.00183888022438623 0.00665621354710311 0.00699891876429319 0.00175129637354985 0.000718537624925375 9.4973764862516e-05 5.04890196680208e-05 2.21487286580668e-05 3.00739831800456e-05 2.70746026217239e-05 0.00157849249080755 0.00551879131235182 0.00242739674868062 0.00519108232110739 0.00661058514378965 0.00195023007690907 0.0011393656837754 0.000727299952995963 0.000459114628029056 0.000602015687036328 0.000567335824598558 0.000762191612739116 2.9401169558696e-05 0.000225014855095651 1.66535194694006e-05 4.0250258280139e-05 0.00140756074106321 0.000874515657778829 0.00192493759095669 0.00116091064410284 0.00135157342883758 0.0046197151998058 0.000795777987514157
0.0105279575102031 0.00979109779000282 0.00872012581676245 0.00398576150182635 0.0116908047348261 0.0034403387689963 0.00186115797841921 0.000978228490566835 0.00177505235187709 0.00830530384555459 0.00567472798284143 0.00308011572342366 0.000912858051015064 0.00068180822127033 0.000430149940075353 0.00169890485703945 0.000972218930837698 0.000223746904521249 5.89001136177103e-05 1.43475737331755e-05 1.75828848114179e-05 2.18365974433254e-05 5.79832358198473e-05 0.00174864950822666 0.00699425442144275 0.00343874101527035 0.00376112058293074 0.00281060582492501 0.000902563479030505 0.000623038524645381 0.000568063053651713 0.000582040860899724 0.000519285947666504 0.000615321975783445 0.000586132938042283 3.01598771329736e-05 3.01104128084262e-05 9.48447446717182e-05 0.000916522071929649 0.00122627198579721 0.00142732487875037 0.00531397142913193 0.00440415549091995 0.00713478599209338 0.00299673934932798 0.000381470669890405
0.00493553541600704 0.00855499994941056 0.00902899140492082 0.00892845634371042 0.00782239828258753 0.00707838593516499 0.00805827113799751 0.00914283061865717 0.00444842907600105 0.00996075812727213 0.00158389025600627 0.00183694919687696 0.00217761200619861 0.0016144092194736 0.000905929948203266 0.00027512032102095 1.90871838640305e-05 0.000110934047552291 1.75707578819129e-05 1.96152735952637e-05 2.11746681998193e-05 2.12163571632118e-05 0.000496021631988697 0.0066623522201553 0.00355363811831921 0.00344113293103874 0.00611798902973533 0.00356002894695848 0.00128840022371151 0.0010515782283619 0.000484440906438977 0.000498501962283626 0.000382966961478814 0.000515514021390118 0.000256206057383679 0.000338093728350941 3.70121753803687e-05 0.00104034576797858 0.000538604616303928 0.00320741921896115 0.00411200451198965 0.00858539445325732 0.00538124081213027 0.00439537313068286 0.00409549390897155 0.00473142433911562
0.003378747520037 0.00381165510043502 0.00939469137229025 0.00921844621188939 0.00857563219033182 0.00707647362723947 0.00811449363827705 0.00609904022421688 0.00304425387876108 0.00200191203621216 0.00156953493133187 0.0017872711585369 0.00219072095351294 0.00122825576690957 0.00373669263208285 0.00143514476367272 0.000487395073287189 0.000577951309969649 9.74109731032513e-05 2.91568584543711e-05 1.960046511158e-05 2.93940668598225e-05 4.54724784503924e-05 0.000457109799026512 0.00086793887312524 0.00260558003792539 0.00251317343208939 0.00190889819059521 0.00233081479091197 0.000394894513010513 0.000834781781304628 9.96444447082467e-05 8.86706900928402e-05 0.00335535191698 0.000939395144814625 6.11846277024597e-05 0.000387369931559078 0.000109489220267278 0.00124042652896605 0.00289215907687321 0.00309971001697704 0.00295631251065061 0.00608863618690521 0.0112730474676937 0.0158281554933637 0.00320356948650442
0.00453768491279334 0.0101083148736507 0.00928233079612255 0.00909411003813148 0.0080954025965184 0.00719786789268255 0.00741908987984061 0.00836888300254941 0.00432756508234888 0.00464323773048818 0.00108347469358705 0.00240439391927794 0.000605021460796706 0.00545099186711013 0.00126589585561305 0.00070525445335079 0.000337198248598725 0.000374163259402849 0.000669329013908282 0.00162316367495805 1.77566961156117e-05 0.000403469410957769 0.000483448764134664 0.000558085535885766 0.00160564525867812 0.000345674622803926 0.000503442299668677 0.00058661944931373 0.000628567262901925 0.00297285376582295 0.00102591394024785 0.00059765933547169 6.68614571623038e-05 7.88832338002976e-05 0.000213809606066206 9.75087048573187e-05 0.00659303173888475 0.000802454896620475 0.00129063175409101 0.00125501797301695 0.00276032433612272 0.00385836220812052 0.00329583482816815 0.00204663140466437 0.00863475077785552 0.00796283767558634
0.00848951814696193 0.00253213965333998 0.0076700353063643 0.00708687687292695 0.00888727130368352 0.00711848507635295 0.00852890270762146 0.00755203706212342 0.00754505437798798 0.00834325151517987 0.0044841238646768 0.00322806696640328 0.00772284022532403 0.000908540913951583 0.000506502157077193 0.000848784582922235 0.000476404547225684 0.00030399306997424 0.000336526660248637 0.000480495324882213 3.67682943760883e-05 2.28236869588727e-05 2.54569869866827e-05 0.000534470277489163 0.000818387145409361 4.12687058997108e-05 0.00161720538744703 8.22297337435884e-05 0.0047002922045067 0.000125104259495856 3.96428047679365e-05 0.000632489513373002 4.03657131755608e-05 3.21592077852983e-05 0.000626407831441611 0.000722263683564961 0.00059440795739647 0.000369311499525793 0.00925720701925456 0.00168669673148543 0.00268945604329929 0.00152799091883935 0.00255141406087205 0.00700693423859775 0.000367939920033677 0.00473271948285401
0.0082453690469265 0.00169319610577077 0.0119498175103217 0.00681025297380984 0.00710260607302189 0.00876204646192491 0.0110641410574317 0.00840756432153284 0.00589858589228243 0.00293184334877878 0.00177897320827469 0.00326475558103994 0.00339894280768931 0.00436194478534162 0.00439761967863888 0.00198752895230427 0.000494543756940402 0.000309620120970067 0.000616043506306596 6.19649905274855e-05 8.14474708022317e-05 0.000357995369995479 0.000109780493221479 0.000100005232161493 5.76650225411868e-05 0.000231493417231832 0.000128245192900067 1.91182483831653e-05 2.37187718994392e-05 5.67982293432578e-05 0.000104735018248903 7.58322465117089e-05 3.85678704333259e-05 0.000889696070225909 0.00570720077957958 0.00435625505633652 0.00213771687122062 0.00194565118872561 0.00156213617883623 0.000702477394952439 0.000203617344232043 0.000888146433862858 0.00298840379109606 0.00321213229326531 0.000946775934426114 0.000141482854496644
