Scripts_&_data/Maxent_result_files_1/Bombus_soroeensis_2.asc
NCOLS 594 
NROWS 330 
XLLCORNER -15 
YLLCORNER 23 
CELLSIZE 0.166666666666667 
NODATA_value -9999 
[rows 294 to 314 of 330, columns 46 to 91 of 594]
1.76269586518174e-05 1.39147999107081e-05 1.08469881979545e-05 1.22386595649004e-05 1.1320163957862e-05 9.16228459573176e-06 8.50373489811318e-06 9.33844899009273e-06 9.03460204426665e-06 7.77976538302028e-06 6.68888887958019e-06 6.06729136052309e-06 6.12523681411403e-06 5.51312557490746e-06 4.98302977121057e-06 5.21972619935696e-06 5.18436245329212e-06 5.29395026660495e-06 4.46157478108944e-06 3.54648364009336e-06 3.48347184626618e-06 3.04861891891051e-06 3.01028078411036e-06 3.08894486806821e-06 2.85599986682428e-06 2.69703524509168e-06 2.6478798304197e-06 2.78754231430867e-06 3.14630715365638e-06 4.32629001352325e-06 4.37634835179779e-06 4.10390812248806e-06 4.3463285692269e-06 4.57413616459235e-06 4.52009828677546e-06 4.62750097085518e-06 5.07140691752284e-06 5.54070552425401e-06 5.52480066744465e-06 5.77676860302745e-06 5.37070570771903e-06 6.03951405082626e-06 4.8118920858542e-06 4.05707635309227e-06 4.51032383352867e-06 5.6589055702716e-06
1.87446392374113e-05 1.73084016751091e-05 1.57100866090332e-05 1.32823272906535e-05 9.35571724767215e-06 8.12171306279197e-06 7.92158484728134e-06 7.2927652126964e-06 7.15431824573898e-06 6.09437697676185e-06 5.68114603538561e-06 5.96412232880539e-06 5.49572889667616e-06 5.05965604133962e-06 5.06645744735579e-06 5.27432478065748e-06 5.29967369402584e-06 5.10143440806132e-06 3.9566912164446e-06 3.42224711857853e-06 2.92268257453543e-06 2.61308491644741e-06 2.64634458062574e-06 2.698711409721e-06 2.74237804660515e-06 2.73620759116966e-06 3.01462296192767e-06 2.99550590625586e-06 2.47706992695385e-06 2.8834152658419e-06 3.3736432897058e-06 3.95176762140181e-06 4.13911936902878e-06 4.04503693971492e-06 4.6298874394779e-06 5.19180141509423e-06 5.18098943302903e-06 5.11077291776019e-06 4.74003693398117e-06 5.52543376670656e-06 5.69876306144579e-06 5.74880543808831e-06 4.85814175590349e-06 4.78657041185215e-06 5.17648084041866e-06 5.41052995686186e-06
1.6585788125667e-05 1.43089248012984e-05 1.19879321573535e-05 1.02862014955463e-05 8.81983269209741e-06 8.14269287729985e-06 7.41497060516849e-06 6.6972216245631e-06 6.09848898420751e-06 5.97871608079004e-06 5.86085757277033e-06 5.69089147575141e-06 5.5101732868934e-06 5.45844752650737e-06 5.40293619906151e-06 5.05987557062326e-06 4.71392670533532e-06 4.06636097523005e-06 3.48533192209288e-06 3.20516633109946e-06 2.68560967242593e-06 2.58619777468994e-06 2.82436934639918e-06 2.83103806850704e-06 2.82869259535801e-06 2.78535983397887e-06 2.7057301053901e-06 2.55497645866853e-06 2.38287306046914e-06 2.84085539306034e-06 2.94856416758194e-06 3.24871919019643e-06 3.36560724463197e-06 3.81513959837321e-06 4.25554376306536e-06 4.93876032123808e-06 5.15449439717486e-06 5.01370991514705e-06 4.58887516288087e-06 4.78859185477631e-06 5.35759318154305e-06 5.63077658171096e-06 5.61329959509749e-06 5.51047546650807e-06 5.61006906991679e-06 5.64423762625665e-06
1.25534951621376e-05 1.1095741592726e-05 9.96298945210583e-06 9.31054578359181e-06 8.37038528516132e-06 7.79559154580056e-06 6.96984825481195e-06 6.19433326392027e-06 5.72017520426016e-06 6.26972250756808e-06 6.09963899478316e-06 5.81322105972504e-06 5.34862124368374e-06 5.18301662850718e-06 4.79811317291023e-06 4.90917673232616e-06 4.41404022240022e-06 3.95294396184909e-06 3.74878111415455e-06 3.63391704922833e-06 3.021403654202e-06 2.93011909207053e-06 2.78619218079257e-06 2.61864897765918e-06 2.48461988121562e-06 2.4236608510364e-06 2.40340085611024e-06 2.26189052909831e-06 2.56969641441174e-06 2.56101916420448e-06 2.60393954931715e-06 2.79362884612055e-06 3.12184711219743e-06 3.16862781346572e-06 4.07314169024176e-06 4.31068981470162e-06 4.6048019612499e-06 4.7932366214809e-06 4.48033908924117e-06 4.53793211363518e-06 4.81752913401579e-06 4.97238218031271e-06 5.30857028024911e-06 6.02262948632415e-06 6.09618632552156e-06 5.94303271554963e-06
1.03408634913649e-05 9.44912376326101e-06 9.0536855168466e-06 8.69649470587319e-06 8.0015292041935e-06 7.54159541429544e-06 5.89973660680698e-06 5.69114504287427e-06 6.18123622189159e-06 5.67633530863532e-06 5.77190676267492e-06 5.53185911940091e-06 5.21470349212905e-06 5.39512661816843e-06 4.92794213187153e-06 4.48598614184448e-06 4.04832455842552e-06 3.85961370739096e-06 3.61052223070146e-06 3.48389244209102e-06 3.10963009724219e-06 2.72035728130504e-06 2.61695511198923e-06 2.47310742906848e-06 2.45315362690235e-06 2.57922902164864e-06 2.22179774027609e-06 2.52423349138553e-06 2.52453987741319e-06 2.5230508867935e-06 2.55347003985662e-06 2.62607039758223e-06 3.38035069944453e-06 3.45925918736612e-06 3.55188185494626e-06 3.58546369625401e-06 4.1167442304868e-06 4.12995989336196e-06 4.00841099690297e-06 4.48995538135932e-06 4.87040451844223e-06 5.15096148774319e-06 5.08218413415307e-06 6.10657389188418e-06 6.03552334723645e-06 5.97605255734379e-06
9.06089949239686e-06 8.66558784764493e-06 8.71807451403583e-06 8.68493684720306e-06 8.21298717710306e-06 7.02114025443734e-06 6.19639290562191e-06 6.03401599619247e-06 5.91271891607903e-06 5.33736754277925e-06 5.66599392186617e-06 5.44243944204936e-06 5.36768288839085e-06 5.06395826960215e-06 4.54191813332727e-06 4.05212285841117e-06 3.87146490083978e-06 3.71011260540399e-06 3.44007721650996e-06 3.21341492508509e-06 2.8946514476047e-06 2.52266713687277e-06 2.86188425207001e-06 2.83092446125011e-06 2.93514883651369e-06 2.65813282567251e-06 2.44391744672612e-06 2.40510490812085e-06 2.41748042526524e-06 2.34578866411539e-06 2.4047812075878e-06 2.76770330174259e-06 3.2041629538071e-06 3.68748251275974e-06 3.36489013079699e-06 3.17067942887661e-06 3.71219234693854e-06 3.97930709823413e-06 4.01551392315014e-06 4.10521099638572e-06 4.63479843801906e-06 5.58536908101814e-06 5.27155298186699e-06 5.43731921425206e-06 5.82674774705083e-06 5.92601797961834e-06
9.20708635021583e-06 8.68256929607014e-06 8.48815275276138e-06 7.68749423514237e-06 7.22170289009227e-06 6.97595860401634e-06 6.73939930493361e-06 6.05695981903409e-06 5.57461701191642e-06 5.38191011401068e-06 5.20021592365083e-06 5.17990511070821e-06 4.9523612460689e-06 4.46574376837816e-06 4.11402318150067e-06 3.95021681924845e-06 4.06993278829759e-06 3.84421452963579e-06 3.48414193922508e-06 3.49533440839878e-06 3.3350886496919e-06 2.94804053737607e-06 2.76453622518602e-06 2.66725404571844e-06 2.44674175746695e-06 2.40486281199992e-06 2.30988747489391e-06 2.30222522077383e-06 2.26755756784769e-06 2.22120755779542e-06 2.59671389812866e-06 2.94544446433065e-06 3.3705250643834e-06 3.40791098096815e-06 3.40311751187983e-06 3.3791562600527e-06 3.31987994286465e-06 3.78710826680617e-06 4.1146414787363e-06 3.98084578137059e-06 4.37345074715267e-06 4.52661886356509e-06 9.93270905382815e-06 4.92585591018724e-06 4.86537810502341e-06 5.94636294408701e-06
9.87252283266571e-06 9.25866743273218e-06 9.18918422030401e-06 8.01116893853759e-06 7.35887183509476e-06 7.27320725673053e-06 6.44149490653945e-06 5.81590438741841e-06 5.74145819882688e-06 5.52772455648665e-06 5.10446918724483e-06 5.53498098270211e-06 5.12352273744909e-06 4.51429277745774e-06 4.45427008344268e-06 4.27659390425106e-06 4.08239000080357e-06 3.73703010154713e-06 3.52456297605386e-06 3.31820758674439e-06 3.17010540129559e-06 3.00540402804472e-06 2.51384135481203e-06 2.25014362058573e-06 2.23348572490067e-06 2.29600583452338e-06 2.2704948946739e-06 2.2480944153358e-06 2.27757757329528e-06 2.57545317481345e-06 2.99389027986763e-06 3.04805021187349e-06 3.27650909639488e-06 3.40397627951461e-06 3.40843500907795e-06 3.34521610056981e-06 3.42465573339723e-06 3.47822440289747e-06 4.04055292619887e-06 3.36083810452692e-06 3.63560106961813e-06 3.44218544796604e-06 3.69088575098431e-06 4.65537116269843e-06 4.71263299459679e-06 4.87530298869387e-06
1.0195325830864e-05 9.95492405309051e-06 8.49884045237559e-06 8.05980621407798e-06 7.48208267395967e-06 5.8854182043433e-06 5.88703410357994e-06 6.09623889431532e-06 5.64712597679318e-06 5.33485813321022e-06 5.51388716303336e-06 5.31576592948113e-06 4.46659478257061e-06 3.99719422148337e-06 3.98568256514409e-06 3.71116984752007e-06 3.3386492077625e-06 3.15540735300601e-06 3.11709543439065e-06 3.16127582209447e-06 3.01011505143833e-06 2.85450819319522e-06 2.85101583585856e-06 2.40826738036048e-06 2.21826895767663e-06 2.26459657142186e-06 2.31198024494006e-06 2.21811437768338e-06 2.51154237957962e-06 2.79174892057199e-06 2.94839510388556e-06 3.03096420566362e-06 3.21200279813638e-06 3.36139748924325e-06 3.27920424751937e-06 3.3903368830579e-06 3.50187101503252e-06 3.48520304669364e-06 3.38217139415065e-06 2.85198132132791e-06 2.92613819965482e-06 3.4111807053705e-06 3.20917642966378e-06 3.92375734463712e-06 4.43863298187353e-06 4.31666430813493e-06
9.99828321255336e-06 8.95971197678591e-06 7.57139528104744e-06 6.651600369878e-06 5.59410048026621e-06 5.16112556852022e-06 5.64672820928536e-06 5.73941665606981e-06 5.02354384934733e-06 5.33365232513461e-06 5.04081149301783e-06 3.96316966089216e-06 3.53800487573608e-06 3.47601960584143e-06 3.39784203333693e-06 3.16373809710058e-06 3.07633683860331e-06 2.94815066581577e-06 3.29479976244329e-06 3.52189176737738e-06 3.61302081728354e-06 3.51829601186182e-06 3.08468061120948e-06 2.96963014534413e-06 2.55525872034923e-06 2.20364945562324e-06 2.62666343360252e-06 2.92735413722767e-06 2.89270468556424e-06 2.81027346318297e-06 2.91205159328456e-06 2.96872694889316e-06 3.19141472573392e-06 3.27473408106016e-06 3.29875429088133e-06 3.39098082804412e-06 3.38555935286422e-06 3.24122142956185e-06 2.99799424965386e-06 2.83996569123701e-06 2.4075707983684e-06 2.44340029667001e-06 2.83568112990906e-06 3.15016739023122e-06 3.58297636466887e-06 3.51105829849985e-06
7.334004067161e-06 5.98883493694302e-06 5.30548265942343e-06 5.44960548722884e-06 5.19191989951651e-06 4.99952316204144e-06 5.41117724424112e-06 5.38057256562752e-06 5.21575784659945e-06 4.86194164750486e-06 3.90474497180548e-06 3.73968082385545e-06 3.81806555651565e-06 3.36028906531283e-06 3.19059965931956e-06 3.58199151833105e-06 3.44857410254917e-06 3.47837544723006e-06 3.62009302534716e-06 3.90555828744255e-06 4.07354270919313e-06 3.71409871604556e-06 3.42678367815097e-06 3.72483423234371e-06 3.68300059108151e-06 2.84787787450114e-06 3.04442567085061e-06 3.01465266829837e-06 2.9124295906513e-06 2.92427655494976e-06 2.94252345156565e-06 2.94593224907658e-06 3.12040078824793e-06 3.19712200962385e-06 3.25702069403633e-06 3.32455647367169e-06 3.32878787503432e-06 3.04540410525078e-06 3.03848738667511e-06 2.7692428602677e-06 2.01420773464633e-06 2.11554400948444e-06 2.35988565009393e-06 2.87680055635064e-06 3.05661427546511e-06 3.12173790462111e-06
6.42627669549256e-06 5.48174737105e-06 5.36283332621679e-06 5.22691127571306e-06 4.95782351208618e-06 4.76156860713672e-06 4.96518844101956e-06 5.54996588562062e-06 5.38837587100716e-06 4.74728158224025e-06 4.19693615185679e-06 4.29306865044055e-06 4.32755889505643e-06 4.13746911362978e-06 3.86306865038932e-06 3.81725515126163e-06 3.76396465071593e-06 3.74732373984443e-06 4.33147436069703e-06 4.42124396613508e-06 4.47381578396744e-06 4.36144605373556e-06 4.21173506310879e-06 4.4455960733103e-06 4.32943415944465e-06 3.64021025234251e-06 3.01775943398752e-06 2.88440311351224e-06 2.87187336880379e-06 2.91385413220269e-06 2.90438219963107e-06 2.92480490315938e-06 3.06056157342027e-06 3.07330013811224e-06 3.15542804401048e-06 3.06008681718595e-06 2.76382276069853e-06 2.7153354380971e-06 2.66240942892182e-06 2.52585964517493e-06 2.14929273170128e-06 1.96179452132128e-06 1.77531516101226e-06 2.35177791410024e-06 3.03150894751525e-06 3.09478084545844e-06
6.52984622320218e-06 6.00658377152286e-06 5.94658265526959e-06 5.32060821569758e-06 5.12684810018982e-06 5.52915012121957e-06 5.40536132120906e-06 5.91874254496361e-06 5.60375374334399e-06 4.51052296739363e-06 4.11853138757579e-06 4.78461570310174e-06 4.49565816325048e-06 4.13427244438935e-06 3.88906423722801e-06 4.78132240004925e-06 4.05422897529206e-06 4.97529397307517e-06 4.84524064177094e-06 5.25711152477015e-06 5.16080424404208e-06 4.83027490645327e-06 4.59046391370066e-06 4.46267449660809e-06 4.27148897870211e-06 3.77715507511311e-06 3.28592395817395e-06 2.92932388674672e-06 2.92772519969731e-06 2.81903779750792e-06 2.75164052254695e-06 2.72788605570895e-06 2.8066438062524e-06 2.71542727432461e-06 2.98032861110187e-06 2.89801588451155e-06 2.58215495705372e-06 2.39539538142708e-06 2.61205195783987e-06 2.49938420893159e-06 2.22048496425487e-06 2.2576494416171e-06 1.74294555108645e-06 1.806053967357e-06 2.67739804939993e-06 2.91058393031562e-06
6.26983846814255e-06 6.77708949297084e-06 6.3570103066013e-06 6.34374350738653e-06 6.65889792799135e-06 6.21740009592031e-06 5.45426901226165e-06 4.95283638883848e-06 4.2846614633163e-06 4.05492553454678e-06 4.37739718108787e-06 4.40607295786322e-06 4.24206571096875e-06 3.9579686244906e-06 4.23363339905336e-06 3.96137668303709e-06 4.21164522776962e-06 4.35252443367062e-06 4.81999029489089e-06 4.82005059438961e-06 5.10926624883723e-06 4.90766203711246e-06 4.62901764421986e-06 4.39663499491871e-06 3.91163182484888e-06 3.89751289731066e-06 3.60778856247634e-06 3.32709505528328e-06 3.07640044638902e-06 2.64293015561634e-06 2.61239662222579e-06 2.63874572965506e-06 2.56970098462261e-06 2.61960042280407e-06 2.63186665279136e-06 2.61329367958751e-06 2.33764626500488e-06 2.32825584589591e-06 2.64084135324083e-06 2.61324213397529e-06 2.36249974250313e-06 2.18619054521696e-06 1.93880113101841e-06 1.7428586488677e-06 2.89440284859666e-06 3.82796386020345e-06
7.66088401178422e-06 7.37682767066872e-06 7.03133891875041e-06 7.22597628737276e-06 6.82053114360315e-06 5.44303450169536e-06 4.21271752202301e-06 4.24248191848164e-06 4.04273798721988e-06 4.68626089968893e-06 4.55390652405185e-06 4.29140545747941e-06 4.18553709096159e-06 4.08500986850413e-06 3.86716885714122e-06 3.83624260393844e-06 3.62887494702591e-06 3.88085352369671e-06 4.4357039314491e-06 4.73341724500642e-06 4.94604385039565e-06 4.70267812033853e-06 4.23359176693339e-06 3.93431928387145e-06 3.75575370981096e-06 3.65051457720256e-06 3.67523368822731e-06 3.26670826780173e-06 2.92755419195601e-06 2.77361000371457e-06 2.64190313146173e-06 2.78763998267095e-06 2.59397523905136e-06 2.61923545394893e-06 2.60388651440735e-06 2.55212911497438e-06 2.54482257560085e-06 2.6564589006739e-06 2.54838713544814e-06 2.36508348052666e-06 2.37044599771252e-06 2.35613285894942e-06 2.1958769707453e-06 1.93656450164781e-06 1.92575403161754e-06 2.19631435811607e-06
7.21473047633481e-06 7.34113118596724e-06 7.12748474143154e-06 7.14596503712528e-06 5.90921749790141e-06 4.46810010998888e-06 4.40554088072531e-06 4.20173821567005e-06 4.56440081961773e-06 5.04064878441568e-06 4.70968409445049e-06 4.76373265883012e-06 4.47608269951161e-06 4.04741736019787e-06 3.93447310216288e-06 4.1570578559913e-06 3.8695611692674e-06 4.07861575695279e-06 4.13866093822435e-06 3.94164651424944e-06 4.44379888904223e-06 4.18215925037657e-06 4.01181844154053e-06 3.97995902403636e-06 3.74768883375509e-06 3.80020308057283e-06 3.51501516888675e-06 3.21860284202558e-06 2.84911460539661e-06 2.95154658260799e-06 2.92929014449328e-06 2.84510900883106e-06 2.74749794471063e-06 2.95487607218092e-06 3.03047112311106e-06 3.03877832266153e-06 3.29798806433246e-06 3.18983788929472e-06 2.91998395596238e-06 2.91455471597146e-06 2.44993636897561e-06 2.38199235127468e-06 2.38047994116641e-06 2.4939953732428e-06 2.53919971555661e-06 2.77777444352978e-06
8.33452108963684e-06 7.59151175770967e-06 7.19613331057189e-06 6.32064529781928e-06 4.60850001218205e-06 4.34202597716649e-06 4.58253903161676e-06 4.24049756020395e-06 4.98452332067245e-06 5.12217645791679e-06 4.99620293794578e-06 4.60636920252e-06 4.49069796104595e-06 4.2244874748576e-06 4.04302152219316e-06 4.57547923815582e-06 4.63245155515324e-06 4.69021354092547e-06 4.49303454388428e-06 3.93982520563441e-06 4.19260416038014e-06 4.37805447290884e-06 3.86031185826141e-06 3.8201533470783e-06 3.9584391970493e-06 3.99555819967645e-06 3.84362781460368e-06 3.56195657786884e-06 3.40295814567071e-06 3.59636485427473e-06 3.09869780039662e-06 3.23246636071417e-06 3.32756956140656e-06 3.31773474044894e-06 3.43255542247789e-06 3.43218948728463e-06 3.471365198493e-06 3.41721695349406e-06 3.34293974901811e-06 3.06612231497638e-06 2.9064597811157e-06 2.96323760267114e-06 2.72605374220802e-06 2.7676047920977e-06 2.92046013328218e-06 3.37434162247519e-06
8.95032540029206e-06 8.35394339446793e-06 7.27234219084494e-06 5.94134608036256e-06 4.71998723696743e-06 5.05339687606465e-06 4.59342527392437e-06 4.14325484143774e-06 4.47622132924153e-06 4.99069651596073e-06 4.91743619477347e-06 4.94626292493194e-06 4.60940707398549e-06 4.81225340536184e-06 4.60021326489368e-06 4.54880391771439e-06 4.45285211299051e-06 4.69654371499928e-06 4.68457678834966e-06 4.18525578425033e-06 4.34273567861965e-06 4.27135914833343e-06 4.33676082138845e-06 4.12429449170304e-06 3.90700295156421e-06 3.53255975369393e-06 3.69526901522477e-06 3.48347314229613e-06 3.43539497862366e-06 3.49124109106924e-06 3.43795616117859e-06 3.44468121511454e-06 3.38273985107662e-06 3.30802963617316e-06 3.33877419507189e-06 3.36057630647701e-06 3.40217454777303e-06 3.45902662957087e-06 3.54762173628842e-06 3.49805695805117e-06 3.60454057499737e-06 3.5256970932096e-06 3.56119658135867e-06 3.53104928763059e-06 4.24433519583545e-06 4.31743671924778e-06
8.52119255796424e-06 7.81700005063612e-06 6.58529033898958e-06 5.140348457644e-06 4.87197733036737e-06 5.05321700075001e-06 4.39002894836449e-06 4.03132887640822e-06 4.15052302287222e-06 4.33294962931541e-06 4.26885633260099e-06 4.50111597274372e-06 4.5310698396861e-06 4.68559012460901e-06 4.69608260118548e-06 4.81100319120742e-06 4.58299193724088e-06 4.44188647179544e-06 3.81783725060814e-06 3.87407656035066e-06 3.66986398603331e-06 3.74019227820099e-06 4.19434436480515e-06 3.87151696941146e-06 3.49796223417798e-06 3.40973049333115e-06 3.39784578500257e-06 2.97671471116701e-06 3.07790176066192e-06 3.2156474844669e-06 3.29317019804876e-06 3.29675726788992e-06 3.15827776375954e-06 3.15236256938078e-06 3.24311454278359e-06 3.22850908105465e-06 3.33295986365556e-06 3.45586111052398e-06 3.51850187598757e-06 3.7048268268336e-06 3.75110653294541e-06 3.8885517142262e-06 4.02354057769117e-06 4.15013998917857e-06 4.68568548512849e-06 4.98289787174144e-06
7.41123417355993e-06 7.91317006587633e-06 6.74761940899771e-06 5.98737110522052e-06 5.34713749402727e-06 5.02832283473253e-06 4.86195888242946e-06 4.54671030638565e-06 4.07346078645787e-06 4.05662542561913e-06 4.10344832744158e-06 4.62180280464963e-06 4.6380500180021e-06 4.20303783812415e-06 3.98325846617809e-06 4.16827090248262e-06 4.15807160152326e-06 3.9925334021973e-06 3.86666620215692e-06 2.99410263551181e-06 2.59302703398134e-06 2.60283342186085e-06 2.91098414209046e-06 2.942517039628e-06 3.06984649114384e-06 2.75365266588778e-06 2.70326445388491e-06 2.75829181646259e-06 2.6527560521572e-06 2.68457500851582e-06 2.63722865838645e-06 2.84990951513464e-06 2.93537161724089e-06 3.00537853945571e-06 2.81005063698103e-06 2.95716322398221e-06 3.16035808509696e-06 3.41221934831992e-06 3.57995554622903e-06 3.79915754820104e-06 3.72534332200303e-06 3.79834825707803e-06 4.09096262501407e-06 4.18523973166884e-06 4.50106208518264e-06 4.90089607865229e-06
5.70142810829566e-06 6.13696252003138e-06 6.06383696322155e-06 5.66403668926796e-06 5.18470085353329e-06 5.35234457856859e-06 4.87605525449908e-06 4.31548203323473e-06 4.12799322475621e-06 4.05597761528043e-06 3.93268041989359e-06 4.53856907824957e-06 4.31605658377521e-06 4.65679549961351e-06 3.80253359253402e-06 3.85538771752181e-06 3.98262016005901e-06 3.7882073684159e-06 3.70430225302698e-06 2.98931902307231e-06 2.26995560979049e-06 2.21540652773911e-06 2.09063858847003e-06 2.32182113677482e-06 2.6268094416082e-06 2.61186175976036e-06 2.53009967536855e-06 2.69315071363962e-06 2.43824055132791e-06 2.56884983400596e-06 2.56271958960497e-06 2.56657475574684e-06 2.55289503456879e-06 2.62658990095588e-06 2.61087243416114e-06 2.72417561291149e-06 2.84845151554691e-06 3.45052194461459e-06 3.79857310690568e-06 3.78826932774245e-06 3.73150060113403e-06 4.03052310957719e-06 4.06080757784366e-06 4.07539366733545e-06 4.26033034273132e-06 4.70214931738155e-06
