Scripts_&_data/Maxent_result_files_1/Bombus_mlokosievitzii_2.asc
NCOLS 594 
NROWS 330 
XLLCORNER -15 
YLLCORNER 23 
CELLSIZE 0.166666666666667 
NODATA_value -9999 
[rows 100 to 119 of 330, columns 230 to 275 of 594]
0.0275269472971559 0.0248965006321669 0.0820150844752789 0.772808945178986 0.0436003835871816 0.0144297131337225 0.0371940828859806 0.0270499907433987 0.165969135612249 0.0267175757326186 0.0727687366306782 0.0857166394591331 0.169486125558615 0.0455189580097795 0.0127189090941101 0.219159892201424 0.14286215826869 0.101516437530518 0.00782406635116786 0.0103480328340083 0.0408907765522599 0.0460626515559852 0.0123015654273331 0.0179926636628807 0.151192071288824 0.0238462389446795 0.375428737699986 0.229845883697271 0.197346113622189 0.284112896025181 0.29106085896492 0.221788095682859 0.118175212293863 0.0186051340773702 0.0120044228853658 0.0145721444394439 0.0428185248747468 0.0112956712720916 0.117825340293348 0.26517096310854 0.0550783475860953 0.594323739409447 0.893878042697906 0.894306367635727 0.904238456487656 0.903279393911362
0.0626216854900122 0.0784470912069082 0.0471957635134459 0.184570516645908 0.103120947629213 0.0551076523959637 0.0778796937316656 0.121740309894085 0.0865216977894306 0.142644004523754 0.547759118676186 0.413688930869102 0.00745832058601081 0.186612103879452 0.00774062995333225 0.0801709860563278 0.150072611123323 0.068755954131484 0.03536317050457 0.162972924113274 0.642961096763611 0.132011486589909 0.0142467398196459 0.0857774786651135 0.070633390545845 0.0367411467246711 0.141951712965965 0.213307885080576 0.138168436288834 0.114718046784401 0.585255950689316 0.259613905847073 0.0584261547774076 0.289693711698055 0.0520790269598365 0.0118831059429795 0.0184095366857946 0.0115471003111452 0.0781595906242728 0.103587045520544 0.293106013536453 0.546905189752579 0.897348099946976 0.903924316167831 0.900753319263458 0.89569975733757
0.00946189467795193 0.0826158210635185 0.0692307785153389 0.0444317603483796 0.141119869798422 0.089100719243288 0.0107786638196558 0.0525171130895615 0.206846313923597 0.093442552164197 0.303315769135952 0.0110929832328111 0.0801891144365072 0.385332457721233 0.310769058763981 0.0313916720449924 0.0183323162607849 0.0673802372068167 0.25173551440239 0.0365189550444484 0.399288116395473 0.0551746306940913 0.0360474544577301 0.0412603319622576 0.138700810819864 0.272388872504234 0.558789679408073 0.0703316912055016 0.0605785775929689 0.157004561275244 0.0445406686514616 0.205743306130171 0.15848326459527 0.186663924902678 0.265203243494034 0.273027269542217 0.133975623548031 0.00201368193374947 0.0124799087177962 0.81873232126236 0.40526131093502 0.0969880808144808 0.377522148191929 0.559205108880997 0.866073608398438 0.86604505777359
0.00881279236637056 0.0127856276463717 0.132073590904474 0.0689125914126635 0.0137018658686429 0.0129584127105772 0.155656043440104 0.345213405787945 0.139660726487637 0.165879792720079 0.0718321207910776 0.0698440667241812 0.0188922440167516 0.0530571937561035 0.0828795999288559 0.00841180451679975 0.0913509182631969 0.295584113895893 0.17063956707716 0.158826347440481 0.00632351355161518 0.139605850726366 0.0906778376549482 0.00740630940999836 0.331403819471598 0.185680227726698 0.0345514886081219 0.0655609333887696 0.0218183184042573 0.00121031396847684 0.0321407359093428 0.218508810549974 0.0278470695950091 0.123814733326435 0.0818942449986935 0.314591774344444 0.350881253182888 0.0480891514569521 0.0772375017404556 0.282252156734467 0.100680194795132 0.767866724729538 0.120838168263435 0.534013995528221 0.833146399259567 0.837197804450989
0.0124765287153423 0.0390234502032399 0.0222291324287653 0.106875888258219 0.0482920587062836 0.0261485019698739 0.0872295130044222 0.0101217564661056 0.309094657748938 0.0310577274300158 0.0205716773867607 0.0533580152317882 0.266404262185097 0.112418612092733 0.0330253085121512 0.0183242208790034 0.00773557801730931 0.356630106270313 0.434194266796112 0.0781614016741514 0.0310265900567174 0.347053888440132 0.0114134998526424 0.0550177793949842 0.169798896834254 0.0119273963849992 0.26616396009922 0.0178206742741168 0.405537176132202 0.0190545789431781 -9999 -9999 0.0222186297178268 0.0062662216136232 0.00213728981325403 0.0155150596983731 0.0538350995630026 0.276700584590435 0.425493893027306 0.2599843993783 0.127308616600931 0.266656423360109 0.311038860678673 0.778169697523117 0.732040429115295 0.798224008083343
0.125688065215945 0.0164252267684788 0.107524354755878 0.0549575848504901 0.0577086605131626 0.100988251715899 0.0180715420283377 0.122374626994133 0.294735057651997 0.197632036358118 0.0977904509752989 0.0862684551626444 0.114556227251887 0.0225807829760015 0.0464339775964618 0.0372202901169658 0.0182372510433197 0.0162231746595353 0.0260928497649729 -9999 -9999 -9999 -9999 -9999 -9999 -9999 -9999 -9999 -9999 -9999 -9999 0.235635258257389 0.296715523302555 0.141692864894867 0.144790116325021 0.333224495500326 0.0966595254838467 0.0347302542999387 0.0324806204997003 0.00136494250327814 0.0542833305895329 0.0863727129995823 0.0181953053921461 0.0018041065428406 0.0491703771054745 0.0617297559976578
0.0433314548805356 0.0929759066551924 0.056995727494359 0.200203987956047 0.0370450861752033 0.0223617874085903 0.111299928277731 0.253420233726501 0.0422511661425233 0.552362057566643 0.134021899476647 0.240966046601534 0.144295364618301 -9999 -9999 -9999 -9999 -9999 -9999 -9999 -9999 -9999 -9999 -9999 -9999 -9999 -9999 -9999 -9999 -9999 -9999 -9999 -9999 -9999 0.00920673916116357 0.0272729855962098 0.0473221619613469 0.0755464434623718 0.0991464052349329 0.0472325969487429 0.00890357317402959 0.242781406641006 0.200137704610825 0.537619045376778 0.00808566524647176 0.174200746417046
0.173904879763722 0.183174207806587 0.0754075346514583 0.0468438422307372 0.392480510473251 0.615753322839737 0.446527889370918 0.0276053314097226 -9999 -9999 -9999 -9999 -9999 -9999 -9999 -9999 -9999 -9999 -9999 -9999 -9999 -9999 -9999 -9999 -9999 -9999 -9999 -9999 -9999 -9999 -9999 -9999 -9999 -9999 -9999 -9999 -9999 -9999 -9999 -9999 0.0416962627321482 0.15879525616765 0.118842703476548 0.0427152468822896 0.149857047200203 0.303267931938171
0.183595918864012 -9999 -9999 -9999 -9999 -9999 -9999 -9999 -9999 -9999 -9999 -9999 -9999 -9999 -9999 -9999 -9999 -9999 -9999 -9999 -9999 -9999 -9999 -9999 -9999 -9999 -9999 -9999 -9999 -9999 -9999 -9999 -9999 -9999 0.378818833827972 0.00689042983576655 0.00700479581719264 0.0370870750397444 0.0718568790704012 -9999 -9999 0.723723068833351 0.623828148841858 0.0875485070049763 0.149977774918079 0.11655998788774
-9999 -9999 -9999 -9999 -9999 -9999 -9999 -9999 -9999 -9999 -9999 -9999 -9999 -9999 -9999 -9999 -9999 -9999 -9999 -9999 -9999 -9999 -9999 -9999 -9999 -9999 -9999 -9999 0.0960370901972055 -9999 -9999 0.443491379916668 0.648270773887634 0.222998668253422 0.263371294736862 0.366339544951916 0.0996703714132309 0.0075870905071497 0.0057088503614068 0.0543708713725209 0.00395514407427981 0.128633619472384 0.166064526513219 0.135033153742552 0.0192697932943702 0.0220874750521034
-9999 -9999 -9999 -9999 -9999 -9999 -9999 -9999 -9999 -9999 -9999 -9999 -9999 0.409083937108517 0.754724586009979 0.675690078735352 0.0800729367882013 -9999 -9999 -9999 -9999 -9999 -9999 -9999 -9999 -9999 -9999 -9999 0.169784801453352 0.0397726023569703 0.0260604975745082 0.0775275697931647 0.0753870368003845 0.0689662013202906 0.0979102823883295 0.0579434752464294 0.0519907249137759 0.0666350714862347 0.0510265726596117 0.0529533319175243 0.0945695251226425 0.0470333347097039 0.0470529252663255 0.00626345302443951 0.106190606951714 0.0129313020966947
-9999 -9999 -9999 -9999 -9999 -9999 0.610131922364235 0.831996297836304 0.985942524671555 0.627635914087296 0.374205981194973 0.152380320429802 0.207172810286283 0.0396896053105593 0.0289265572559088 0.0266015644185245 0.0833897259086371 0.0767447449266911 0.171437525749207 0.0658879365772009 0.0250323859043419 0.590457627177238 0.519916447997093 0.0232483276166022 0.73387485742569 0.0604785876348615 -9999 -9999 0.723684942722321 0.504165956377983 0.351400253176689 0.10002286657691 0.0954339262098074 0.0575140360742807 0.00811088061891496 0.00565009661950171 0.0489356523379684 0.00548819846007973 0.00570037413854152 0.0488337000831962 0.0672947384417057 0.12983415350318 0.429430986940861 0.0136265194043517 0.0226884764386341 0.00754188082646579
-9999 -9999 0.0678484417498112 0.0810218758881092 0.520498928427696 0.243875573575497 0.10874546058476 0.119117538630962 0.12531360834837 0.107904031127691 0.0963690925389528 0.132037527114153 0.161155633628368 0.0208520249463618 0.00902756131254137 0.0920568764209747 0.0783229347318411 0.0774464759975672 0.0713101074099541 0.0706925433129072 0.00942520482931286 0.112837355583906 0.0519181840121746 0.00745670625474304 0.166766741126776 0.40719601213932 0.353185772895813 0.402953071892261 0.347619108855724 0.295584312081337 0.0526930473744869 0.0206790660507977 0.00929782739840448 0.0153381357435137 0.0699898451566696 0.159523904696107 0.124006411060691 0.110324023663998 0.0043802332947962 0.0983414186164737 0.0631184086203575 0.00278559002326801 0.00249303409364074 0.00153677386115305 0.00768168144859374 0.00188740805606358
-9999 0.100934068113565 0.0556507896631956 0.0517551746219397 0.058928887359798 0.530658918619156 0.2009731490165 0.225798799842596 0.117456933110952 0.0163197237998247 0.274699109792709 0.15569811873138 0.368861259520054 0.0135390599723905 0.00822049863636494 0.0787399258464575 0.070984410867095 0.0735866498202085 0.0733514048159122 0.0639075875282288 0.131960840523243 0.0470030430704355 0.00884062449913472 0.0162604455370456 0.523342251777649 0.0213313670828938 0.0201871639117599 0.0952355956658721 0.261464621126652 0.113513975217938 0.114445789344609 0.0926341589540243 0.283315652608871 0.0260761386249214 0.0890458017587662 0.0291523253545165 0.0031000008166302 0.00275118502322584 0.00282490154495463 0.00340397944673896 0.00316147601697594 0.0152862144634128 0.00500633630435914 0.00577878796029836 0.00136567063455004 0.00335544370464049
-9999 0.0971266463398933 0.253261266648769 0.0427231658250093 0.0219749806448817 0.144954877719283 0.527132833003998 0.161394468694925 0.110599858313799 0.0291834281757474 0.0152570391073823 0.0184140130877495 0.118225955590606 0.36662073135376 0.078264169767499 0.0766278076916933 0.0795200612396002 0.0401789745315909 0.111475316807628 0.0890375882387161 0.0918244484812021 0.10743006542325 0.0688637264072895 0.56014284491539 0.715336468815803 0.713400688767433 0.89661186337471 0.153246734291315 0.0258869995828718 0.013790160859935 0.135051879286766 0.0307259136345238 0.183497253805399 0.0109780822182074 0.116630439832807 0.0430695615708828 0.00263856826350093 0.00257223694352433 0.00250161044532433 0.0131531091406941 0.00324177254224196 0.0492293275892735 0.00661571037489921 0.0436431962996721 0.00538755122106522 0.040967408567667
-9999 0.1738460034132 0.234328906238079 0.07529601380229 0.386719727516174 0.0117391033098102 0.0417131651192904 0.130053974315524 0.164447396621108 0.0183625731617212 0.160490111261606 0.158460561931133 0.0859247986227274 0.0770167719572783 0.0776460565626621 0.0755484651774168 0.0916320450603962 0.0951015926897526 0.0704892922192812 0.252210177481174 0.0659927807748318 0.102094067633152 0.230164103209972 0.736651599407196 0.722197553515434 0.716622683405876 0.950295186042786 0.115971305221319 0.0385944279842079 0.0295944540761411 0.0303908710833639 0.0471433859318495 0.00330160541925579 0.00413843860151246 0.0177372339181602 0.333260172605515 0.042677722685039 0.00290899199317209 0.0312317970674485 0.0608417872339487 0.0110416915034875 0.0950798209756613 0.0133520624600351 0.00758362738415599 0.0955950353294611 0.00650036884471774
-9999 0.752869307994843 0.0634557027369738 0.0589628703892231 0.0163678904995322 0.0197267426177859 0.0446894789114594 0.0868934333324432 0.261644448339939 0.0584634825587273 0.0381316812708974 0.0243598777800798 0.1032212164253 0.163143433630466 0.0795912478119135 0.142898830026388 0.00665782727301121 0.0888720866292715 0.108072761073709 0.294798509776592 0.27261098921299 0.0860621543601155 0.00866296477615833 0.256165982782841 0.73231974542141 0.724067723751068 0.966013753414154 0.0563474278897047 0.00252374839619733 0.00259215738915373 0.0776495585218072 0.0300679868087173 0.0301223539747298 0.0719807397574186 0.0287648021709174 0.0980511320754886 0.122680239006877 0.0783094877377152 0.0818620588630438 0.414476051926613 0.0519591368734837 0.0712795581668615 0.105943253450096 0.00791546432301402 0.006609569885768 0.00778098988812417
-9999 -9999 0.140458782762289 0.0997082728892565 0.00854136510752141 0.057347584888339 0.663961413502693 0.065866657346487 0.0447561003267765 0.0368716605938971 0.0039561512239743 0.0214235887862742 0.0766947243362665 0.0846859350800514 0.0670330766588449 0.0904705863445997 0.840540063381195 0.0437574550509453 0.239340132474899 0.0646663103252649 0.125239877402782 0.0642259653657675 0.0373983567580581 0.145249275118113 0.0466760531067848 0.358779533207417 0.044592915289104 0.0124694386962801 0.0214689786545932 0.0524045152589679 0.0297968338709325 0.0307791993487626 0.131924363598228 0.0998939517885447 0.17309158295393 0.00605990074109286 0.122516627237201 0.269180583953857 0.0334678841754794 0.0344506606925279 0.0596624203957617 0.0744939878582954 0.063414166495204 0.00756429436150938 0.00597494742833078 0.0430411365814507
-9999 -9999 -9999 -9999 -9999 -9999 -9999 0.626065593957901 0.159429683163762 0.102485281787813 0.0923563467338681 0.229810057580471 0.154119143635035 0.113217076659203 0.177747610211372 0.138841594010592 0.21289966404438 0.0704010829329491 0.0743338208645582 0.0694756053388119 0.0650252554565668 0.0664211750030518 0.0816827662289143 0.0074629787588492 0.175984714925289 0.241960416734219 0.00850009156856686 0.00281316307955422 0.00298586752614938 0.120355895534158 0.0362084283959121 0.0483069222420454 0.0317201751284301 0.0454817318357527 0.363904692232609 0.425407502055168 0.112640511244535 0.119285829737782 0.0085237649967894 0.0184304258320481 0.153993348032236 0.138082539662719 0.125743915140629 0.0431491300463676 0.00386140991467983 0.103279209882021
-9999 -9999 -9999 -9999 -9999 -9999 -9999 0.062713235616684 0.0268196039833128 0.00994567088782787 0.101304014399648 0.106176753342152 0.0694774415344 0.0736504826694727 0.0510084390640259 0.0920984730124474 0.676718872785568 0.0828818626701832 0.160482086241245 0.368705305457115 0.14323672875762 0.0748903054744005 0.0678571134805679 0.00583043983206153 0.00739097138866782 0.148130244761705 0.0488744225353003 0.347724983096123 0.679460141062737 0.0673780489712954 0.103295943140984 0.0149811159353703 0.109352547302842 0.132396892830729 0.0354588156566024 0.0136763483751565 0.0965910267084837 0.170358088240027 0.103131785802543 0.0794677257537842 0.0525434233248234 0.0505749449133873 0.0471000855788588 0.0446582861244679 0.0433037588372827 0.0646059837192297
