Scripts_&_data/Maxent_result_files_1/Bombus_niveatus_3.asc
NCOLS 594 
NROWS 330 
XLLCORNER -15 
YLLCORNER 23 
CELLSIZE 0.166666666666667 
NODATA_value -9999 
[rows 60 to 79 of 330, columns 495 to 539 of 594]
6.71411428925239e-06 6.14851797706706e-06 5.08202254394519e-06 4.70324578145664e-06 3.64695914214508e-06 3.10399584435572e-06 2.91836860029093e-06 2.39789226199605e-06 1.97459554982515e-06 1.5679986084649e-06 1.28758944200058e-06 1.08460054448756e-06 8.49945811509656e-07 6.49672458230555e-07 6.45221684258956e-07 5.48750363016381e-07 6.37673761261226e-07 6.15298090167471e-07 6.62431458309243e-07 3.17762625190454e-07 1.27553343176601e-06 5.28564462456416e-06 1.04403967952749e-05 1.08180826828175e-05 1.17422042876569e-05 5.12890055688331e-06 1.36699060870882e-07 8.38545633374821e-08 7.75811468400889e-08 1.61349786909071e-07 1.20048430263253e-07 6.480348522242e-08 7.57340466339684e-08 1.02131829606833e-06 -9999 -9999 -9999 -9999 -9999 -9999 -9999 -9999 -9999 -9999 2.93899079224502e-06
1.09162030469179e-05 6.94730951238398e-06 6.03636687230846e-06 5.04294693968177e-06 4.47513736361316e-06 3.76034212763443e-06 3.52723070307093e-06 3.15461884241586e-06 2.70223545655313e-06 2.10965480889058e-06 1.50025460001757e-06 1.16826012757087e-06 9.40802512516825e-07 7.80835497948829e-07 6.97853934816806e-07 6.50932072332466e-07 7.17286351203938e-07 5.29437860130599e-07 4.16434720484915e-07 3.80970818092408e-07 3.13901046133935e-07 3.04675589113401e-07 3.75218007420131e-07 5.21143836529347e-07 4.714938434347e-07 2.59653445766617e-07 1.3652653696461e-07 1.17304173219424e-07 9.99068145546289e-08 9.03974475274794e-08 7.90613969181564e-08 7.23649718592512e-08 8.58892761357311e-07 0.00010299037094228 -9999 -9999 -9999 -9999 -9999 -9999 -9999 -9999 -9999 -9999 4.35241605778458e-07
1.10051872525219e-05 2.87031085235867e-05 6.1435760301265e-06 2.44838556326954e-06 5.18327590981471e-06 4.75742195789053e-06 4.4662229640835e-06 4.37257844652095e-06 3.3106768057678e-06 2.56014350341616e-06 3.18600671818103e-06 2.04949908848562e-06 1.44725118857991e-06 1.1933597420466e-06 1.12502908642398e-06 1.00753500902329e-06 2.10536405020889e-06 6.38936380426003e-07 1.44912624620019e-06 5.14808358786922e-07 5.19356940209548e-07 6.43319068416304e-07 7.88027212550446e-07 4.75883447137448e-07 3.69999016403e-07 3.64663596919002e-07 6.10062942563161e-07 1.59168523250486e-07 1.35701793713139e-07 2.48744169351056e-07 1.79183054456189e-06 -9999 -9999 -9999 -9999 -9999 -9999 -9999 -9999 -9999 -9999 -9999 3.42367665666643e-06 4.1444686260661e-07 4.99475999404808e-07
1.41186528367143e-05 2.95727789421107e-06 1.20660808363482e-05 5.35152521763393e-06 7.72069105892115e-06 9.30488526051931e-07 2.72699803360865e-06 5.53360684421023e-06 4.46309393282718e-06 3.63675336103597e-06 3.25960820930504e-06 2.88977468656526e-06 2.30191995456153e-06 2.34706671520257e-06 1.60194444802642e-06 1.44026834369981e-06 1.16395512463896e-06 8.67164932927267e-07 2.04891850543731e-06 1.53869478509705e-06 7.42263193842518e-07 1.46029012384474e-06 4.03425570993932e-07 6.92009712288666e-07 4.45477512656112e-07 3.05551544244054e-07 7.27434609970601e-07 2.95949150697083e-07 3.17742935962428e-07 2.92715181785752e-05 -9999 -9999 -9999 -9999 -9999 -9999 -9999 -9999 -9999 -9999 1.92014980200383e-06 3.98254006839238e-07 3.93958665512173e-07 4.02969483737081e-07 6.95218797552855e-07
1.77008234516052e-05 1.49392044818342e-05 2.58105948063303e-06 1.2399844095512e-06 2.72004589874086e-06 8.78684844707323e-07 1.39965028949973e-05 7.4603279671237e-06 6.17178639856775e-06 5.39494105140648e-06 4.40730212432072e-06 3.72469090308414e-06 3.11173600664461e-06 2.7605310762624e-06 2.26232036624197e-06 1.70618087977914e-06 1.49116815570949e-06 1.23430101304223e-06 1.13181025866993e-06 1.30308055652506e-06 7.47041044846242e-07 7.44920864548249e-07 5.88625986885916e-07 5.10368082906609e-07 1.01790243718369e-06 3.78235486575562e-07 3.66822426123292e-07 4.56188554949222e-06 -9999 -9999 -9999 -9999 -9999 -9999 -9999 -9999 -9999 -9999 -9999 3.98274546586919e-07 4.63187691845945e-07 4.5119889833245e-07 5.18352810274791e-07 6.57462931918928e-07 6.35450997776843e-07
1.43998211171947e-05 1.78826839032808e-05 2.01031908090954e-05 2.04300634209176e-05 3.07657800107108e-06 7.77401193943206e-06 1.14600167023582e-05 6.88601506624309e-06 1.61367534587953e-06 6.85507766888804e-06 8.65886968171026e-07 8.84097045883436e-07 6.87428555323777e-07 4.06672331081381e-06 1.23096095521191e-06 2.30367815632349e-06 1.97888157558168e-06 1.76965928204709e-06 1.4992624620902e-06 1.27596634165172e-06 1.16591847962866e-06 1.02394982626208e-06 8.27386347523884e-07 3.75188076340294e-07 6.49714445088989e-07 9.74558306499063e-08 9.53594458508178e-07 -9999 -9999 -9999 -9999 -9999 -9999 -9999 -9999 -9999 -9999 -9999 -9999 5.29565481066641e-07 5.80417408357903e-07 9.05403978634922e-07 1.10729540736543e-06 7.27241466869088e-07 8.6283493629935e-07
3.16212941015692e-05 3.12947739985248e-05 1.28786602715536e-05 2.18857609070255e-05 1.83644735670896e-05 6.53920117770213e-06 5.40166198845782e-06 5.79458586855708e-06 1.9688950658292e-06 4.25380583237711e-06 5.51634619796459e-06 2.85146272744896e-06 4.3894388468857e-06 3.7984946487768e-06 1.07605488324225e-05 1.24534062919679e-06 3.658169987375e-06 3.51349382832211e-07 1.87497059442876e-06 3.93808276442087e-06 2.31010564277767e-07 4.38891800236263e-07 2.68608864750775e-07 5.66090686788812e-06 -9999 3.11796327878255e-05 -9999 -9999 -9999 -9999 -9999 -9999 -9999 -9999 -9999 -9999 -9999 4.64067465486551e-06 7.15909256143732e-07 7.13938177732132e-07 7.49052479598333e-07 8.07111308986919e-07 1.44271341078195e-06 9.0208790037849e-07 8.59803728125996e-07
7.27713655237494e-06 1.63597276014116e-05 1.3701777265851e-05 6.19538915998419e-05 5.19105295097688e-05 4.80386734125204e-05 2.16101642763533e-05 1.05143530618079e-05 2.10656174601809e-06 1.327574213974e-05 -9999 2.52085896136123e-05 5.97386301706138e-06 7.06001062553696e-06 -9999 5.61408586463585e-06 4.38347376530146e-06 5.02978853660352e-06 3.89180895012942e-06 3.69828110251547e-06 1.14340469323793e-06 6.43098100550077e-08 4.25410934568049e-07 1.33869630829508e-06 -9999 -9999 -9999 -9999 -9999 -9999 -9999 -9999 -9999 -9999 9.29919008285651e-06 4.4387488344455e-06 9.96509137962676e-07 1.15653877905686e-06 1.03875270660581e-06 1.03152467758605e-06 1.05684945737039e-06 1.15491862544559e-06 1.17258017127142e-06 1.05495686568702e-06 1.87171340400027e-06
5.30631609763077e-06 5.6952888712658e-06 1.10336584612014e-05 3.49468550666643e-05 6.85611332755798e-06 4.71323520514488e-06 1.96393453279597e-05 1.32011661435172e-05 1.38493290080532e-05 3.55093479583957e-05 -9999 -9999 -9999 1.00285492862895e-05 8.69587256602244e-06 1.51581325553707e-05 -9999 2.45928145886865e-05 1.50248359204852e-05 2.01635384655674e-06 1.95853225477549e-06 7.09700420884474e-06 -9999 -9999 -9999 -9999 -9999 -9999 -9999 -9999 1.42055340347724e-05 5.51359038354349e-06 2.26040490645119e-06 1.61676085408402e-07 2.05393327448178e-06 2.5686799629554e-07 1.62026216266042e-06 1.51487825448271e-06 1.45090197207765e-06 1.4755262029098e-06 1.42658770379001e-06 1.41440186283148e-06 1.44799005816765e-06 2.74633844554728e-06 1.43462628585667e-06
4.3536127805055e-05 1.01477928581062e-05 1.10320299711475e-05 2.30727914640738e-06 8.56796297625806e-06 6.81835178397705e-06 1.78791592986727e-05 1.54005746821895e-05 1.31765135904516e-05 1.25877394964391e-05 4.93289312828438e-06 1.62660703324491e-06 3.30514705524365e-06 5.61309564659496e-06 1.09462103409896e-05 -9999 -9999 -9999 -9999 -9999 -9999 -9999 -9999 -9999 -9999 -9999 -9999 -9999 -9999 1.32282451090759e-06 3.1389167148177e-06 2.39257251877234e-06 2.95601760740283e-06 3.08301548415102e-06 2.7553366116706e-06 7.45951263780853e-07 2.33127703666014e-06 7.19272245675029e-07 1.44605475682624e-06 1.71472126240246e-06 1.91994824518815e-06 2.43229336547301e-06 3.03175468587824e-06 1.82711076774922e-06 1.68337796466744e-06
2.6101940056833e-05 5.06868633465274e-06 4.14026551993629e-06 7.37692116103972e-06 2.69504919359065e-07 7.14735183748871e-07 6.11554518670232e-07 7.27746288475828e-06 1.60097725711239e-05 1.22686693089236e-05 1.17630978650141e-05 1.09556683469236e-05 9.81498760097566e-06 9.1490068712119e-06 4.66413315223235e-06 1.7332160879846e-06 2.02909432545084e-07 5.63684416476917e-07 1.56448276200649e-06 3.05132562061772e-06 1.81398765874974e-06 5.65403301777678e-06 5.7127186607886e-06 2.3113821683296e-07 1.08274412156106e-06 5.49989845239907e-06 -9999 -9999 4.40981114024908e-06 3.87493627869162e-06 2.31872700595659e-07 6.97288053430611e-07 3.7008175567621e-06 3.27058736218078e-06 3.21474250313258e-06 3.18849179166136e-06 2.73425424310858e-06 1.06988385795148e-06 2.53792332216562e-06 1.13786408526551e-06 2.26377269072486e-06 2.19025492640412e-06 2.11653225434816e-06 1.99972678842641e-06 1.98154837818265e-06
4.9805132249503e-06 5.7132992787956e-05 8.39975194253384e-06 1.1725950349728e-05 2.96810515010293e-06 6.69535585196002e-08 2.80819931219867e-07 1.58383408148666e-06 4.183460640661e-06 2.23225039945874e-06 3.44297670835658e-06 2.97076718140943e-06 4.6711119253473e-06 9.92782458411057e-06 2.38053271175431e-06 1.30771622224302e-06 5.3876187493529e-07 3.52696691692245e-06 1.18803237683096e-06 1.76808892149438e-06 3.05384657011132e-06 6.04249331104256e-06 5.54340530527497e-06 5.32341584715823e-06 6.50477006161054e-06 3.38679516573848e-06 3.15734993989736e-06 1.2786865724479e-06 4.8726221848483e-06 3.44163047927282e-07 1.66093181341864e-07 1.31567380705633e-06 4.52825960906011e-07 1.14441848637625e-06 3.86456967476079e-06 3.94325851686972e-06 2.83172746833316e-06 2.95960957785724e-06 3.03506904373307e-06 3.08420970185352e-06 2.98980474155996e-06 2.70725084305923e-06 2.51372606570044e-06 2.60832737950523e-06 2.6473357209511e-06
2.16293261587452e-05 1.09534971841185e-05 2.11114518577915e-06 8.93390003398054e-06 6.41910260128498e-06 1.19316300128958e-05 2.86316687976296e-06 2.99851198448664e-07 3.112062323396e-08 1.06489995687298e-05 5.57046350309065e-06 1.99117401962212e-06 2.0005925392752e-06 1.67274393874095e-06 1.88020180900139e-06 2.8081713537631e-06 1.84115586847611e-06 1.50077669758275e-06 2.69752419157499e-07 1.27889036036777e-06 5.37852733728528e-07 6.14674872423393e-07 5.87855356215527e-07 3.83170252860054e-08 6.51895020453708e-07 8.46355909445151e-07 6.76600649285319e-08 1.85837359367724e-07 2.60602190937931e-08 1.03194808254159e-07 7.52796664116318e-08 6.80306040834466e-07 5.33866192498067e-07 4.49474044756926e-06 3.79441723339369e-06 4.35522777877395e-06 9.33908046363285e-07 3.05448718478374e-06 2.31538197965619e-06 3.48271485677287e-06 3.3322598753216e-06 3.2727280441236e-06 3.8616862894969e-06 3.48939028071982e-06 2.99845467139903e-06
1.35725595740155e-07 9.77517753852908e-07 4.3272498061242e-06 7.70802517138236e-06 2.48249167952963e-05 2.28061223651821e-05 7.32945331378687e-06 1.95256019878798e-05 9.38519858273423e-08 1.75300804272638e-07 1.32271355198554e-05 2.61190073729267e-06 7.39668374762914e-06 1.74594480668588e-06 3.73028574642831e-06 8.66650152602233e-06 9.36766417112267e-06 9.0731303572511e-06 4.86625538655971e-06 4.28289173441954e-06 4.183805805269e-06 2.22582208664335e-06 1.25440675944333e-06 5.85704843558688e-07 1.3144329933823e-06 1.55492876263708e-07 1.44895345499663e-07 1.48891664863982e-06 2.1963032592609e-08 1.17376594843677e-07 2.66922301150885e-08 3.78790744193225e-07 1.00958176432187e-06 2.4300092974272e-06 9.98128214391158e-07 7.51060136394699e-07 4.5628308726009e-06 4.28832871364193e-06 4.96222808550328e-06 1.001444280746e-06 4.2513791328247e-06 2.38950979678521e-06 6.10618633061222e-06 3.9339698972185e-06 3.7240819281692e-06
8.58519450730455e-07 2.272603691722e-06 4.44735280211717e-06 2.15601746731409e-05 5.3679489951719e-06 3.45601253854966e-06 3.25234922229356e-06 3.04688286689725e-06 9.44879245423635e-07 1.04780427356843e-07 2.35687839378329e-07 1.4884384292202e-06 1.35945948045446e-05 1.25846835544507e-05 5.32344843833243e-06 3.83968953485692e-06 1.07640478574922e-05 1.03553592282424e-05 7.61737146035557e-06 1.84491833863376e-06 1.14578754789818e-05 1.14802152495486e-05 8.97934013721624e-06 7.25696971244361e-06 1.32289714827039e-06 3.87525656542209e-07 1.25997309936565e-06 1.27101525535522e-06 8.27813092598717e-06 1.54518341588528e-07 5.53120568458354e-08 3.50391464820632e-07 4.28478296043977e-06 2.38137523496107e-06 8.43473430478525e-07 2.22588950578029e-06 4.29861484363414e-07 1.41725131186377e-07 1.30394178725624e-06 4.62835152319485e-06 5.68306098500671e-06 4.92635315083589e-06 4.47499334654822e-06 4.38273512628484e-06 4.45996246725144e-06
2.00248788928548e-06 1.90599364486843e-06 9.26828030856086e-07 4.87100582091671e-07 3.76126585877046e-06 2.20903127683414e-05 2.17661968235916e-05 1.44649567801025e-05 1.87303412644724e-05 5.09466458424868e-06 1.34787839378703e-07 2.90787485113242e-07 8.47063766684641e-07 2.75237269846684e-06 1.29708130941708e-05 1.23081824483506e-05 1.18775202452071e-05 4.79754904176843e-06 8.99274512278225e-07 1.34564886735689e-06 1.04432921773423e-05 5.25702627101055e-06 9.60663442697296e-06 1.03173825664271e-05 1.02081524005371e-05 1.37234392596497e-06 4.52028595390175e-06 4.44355909081651e-06 8.88263712113258e-06 1.30912455489351e-06 2.43385500908744e-07 1.2671435922762e-08 2.91245127570505e-08 4.08884758940076e-07 1.28608511396067e-07 1.05447994336316e-07 4.63910228454267e-08 4.00691609172554e-06 4.14890081685826e-06 4.19976126408983e-06 2.62574538112403e-06 5.07982296227283e-06 4.90988257126901e-06 2.61473890645902e-06 2.90433019642933e-06
3.26748695300694e-07 2.1448483451536e-07 5.91963432583498e-07 3.10323895291731e-07 3.43683498442715e-06 1.29884526032242e-06 4.7283518142649e-06 1.08214778364868e-06 7.4154476621402e-07 3.73349236681975e-07 1.28555860712254e-06 2.3027588866853e-06 1.17994830084456e-07 5.21147624255036e-07 2.92652015190242e-06 7.12942397740335e-06 2.60799255471511e-06 4.45093822065701e-06 2.59269921798477e-07 3.4054629225011e-06 1.44482266534851e-05 1.42128202980985e-05 6.63712171729003e-06 3.81995011480285e-06 4.3133996882716e-06 6.72056847861313e-06 3.73528340276152e-06 1.66715710250287e-06 9.98122627748899e-07 8.74018642349483e-07 5.89294064212709e-08 6.09469413159758e-08 5.11852014994929e-07 8.28672755304183e-08 1.79718845849663e-07 6.25455762914839e-07 3.69826392585537e-06 7.21044179385899e-07 4.44752426709272e-07 7.6297463280639e-08 2.01193753639473e-06 6.52677771739718e-07 4.18524593328584e-06 5.10646183613517e-06 1.58293876992843e-06
5.60094765233998e-07 1.82266954737997e-06 4.40644172705618e-08 7.17064414956781e-08 2.24945042788249e-06 2.74450196435794e-07 4.55788665121304e-07 2.60320877387699e-07 4.70239086070023e-07 1.14598109064445e-06 3.5227476757882e-07 1.42043809248094e-07 2.78966372775358e-06 6.2630350505799e-07 3.19679287770214e-06 1.32113518063193e-06 2.75737600787807e-06 1.52580376834521e-05 7.422834411841e-06 1.70658509148325e-05 1.32776191549056e-05 1.25903487969481e-05 2.30698468470791e-06 7.31334272252582e-08 8.14110222080444e-07 6.90342700337965e-08 8.19244832683808e-07 1.08349126382024e-07 3.69212079220915e-07 2.12009786366707e-06 2.89929462482519e-07 2.26523572308679e-06 1.50096231834596e-06 3.17655845449849e-07 5.01117954954111e-07 7.6955627434927e-07 2.3131743418503e-06 8.6065855043671e-06 4.16214073872823e-07 1.97633649445805e-08 6.71914696681597e-07 6.17879347544203e-06 6.39340028953939e-06 7.40099495999402e-06 5.51437904761087e-07
2.3405460012782e-06 1.2081004392428e-07 1.74868093516523e-07 1.65782903494005e-07 3.07385113273995e-07 1.26657114662976e-07 8.17571977229647e-08 2.57005198989191e-06 3.37479210941183e-06 3.43738285835116e-07 1.98715033263852e-06 6.25592759888605e-06 1.72454532361144e-06 7.84167384360046e-08 6.63555607793853e-08 2.1510950052317e-07 2.96588953290211e-06 3.83529064720278e-06 3.01135162175115e-06 9.80555110174919e-07 1.09131346377467e-06 5.52912250650905e-08 7.91856914617028e-07 2.36106664033287e-06 2.19861479564543e-06 4.0913070634474e-06 1.57030263153501e-05 1.43394657300178e-05 4.53730226297466e-06 7.86531289875825e-07 2.15248350627917e-06 1.27143720263234e-07 5.23816783726261e-07 8.72576582366946e-07 2.7046236951378e-06 1.73889511358993e-06 4.6716652775558e-06 1.18445326364736e-06 6.9885630864519e-07 1.2965012139432e-07 3.42486911897311e-07 4.8485202590598e-07 1.99008348289453e-07 1.51027608836785e-06 9.9581059558318e-07
2.1462357949531e-06 2.04374424583875e-06 7.66018924025502e-07 1.48846599401509e-07 1.44610095986764e-07 4.26585803126045e-08 4.21340046852237e-08 5.41081011107281e-07 8.27039454520673e-07 3.02246340311285e-06 2.73305449809413e-06 5.0923697926919e-06 6.62725485511828e-07 2.70125516550479e-06 5.31834186290325e-07 1.40315112773237e-07 1.96162654475529e-06 2.17502317525486e-06 1.29030169659927e-06 2.92326115847175e-07 4.80420091264477e-07 1.22011113603548e-06 1.11406486098531e-06 3.16096472943173e-06 6.08635307912664e-06 8.29671652127217e-06 1.52492252922798e-06 9.68451855953845e-07 1.91581203239366e-06 9.84115770208405e-08 3.80841353830874e-07 7.19905592916348e-07 6.43335257421995e-07 7.81112305503484e-07 2.83922500443623e-06 1.06291802737246e-06 1.5314281753831e-06 7.1567910637782e-07 4.25080678780887e-06 2.07302167538614e-06 1.63948606015651e-06 1.95803379270387e-06 4.03246594657958e-06 1.01682658240065e-06 1.46758809478342e-06
