Scripts_&_data/Maxent_result_files_1/Bombus_hortorum_3.asc
NCOLS 594 
NROWS 330 
XLLCORNER -15 
YLLCORNER 23 
CELLSIZE 0.166666666666667 
NODATA_value -9999 
[rows 180 to 199 of 330, columns 460 to 505 of 594]
1.51562182452381e-05 1.53096474434733e-05 1.42020362432049e-05 5.89181476273737e-08 1.32389757141027e-05 1.43235022846966e-05 1.42145716324649e-05 6.36688042399136e-08 7.51406961763124e-08 5.99144926449746e-08 1.20540075954523e-05 1.19366319211167e-05 1.24408814144772e-05 1.26239266194261e-05 1.24184915364367e-05 1.22587508144534e-05 1.24848403288524e-05 1.28417964390337e-05 1.27406000615338e-05 1.380130613029e-05 1.50695785180233e-05 1.71193618371035e-05 1.85075810577473e-05 2.16316956766605e-05 2.53752691264708e-05 2.7281306893201e-05 3.7356681991696e-05 3.7691574038945e-05 4.13641137811283e-05 4.96690735644734e-05 3.72262953533209e-05 3.24980431059885e-05 3.27184769957967e-05 4.33953763604222e-05 5.14617026965425e-05 3.70542126901796e-06 6.42229176264664e-05 5.20586938364431e-05 4.77078135190823e-05 4.05664609161249e-05 3.85984628564984e-05 3.51612570739235e-05 3.40540646675436e-05 2.90602484483315e-05 2.44911365825828e-05 2.22594093543194e-05
1.52047210178807e-05 1.4715064480697e-05 1.33871585035195e-05 1.27242994324206e-05 1.23045906860852e-05 1.17698340062589e-05 1.23605473788757e-05 1.30256955173991e-05 1.18796908481045e-05 1.21831355045288e-05 1.28132992642804e-05 1.20201087497662e-05 1.1778770942783e-05 1.19642932475017e-05 1.2106910617149e-05 1.14705508792667e-05 1.08367367914752e-05 1.0959972649971e-05 1.14770890832006e-05 1.31016877674028e-05 1.46660707514457e-05 1.60693112320587e-05 1.81101140526607e-05 2.00512806941333e-05 2.38098523254848e-05 2.27376597081275e-05 2.66189576223042e-05 3.11080899223271e-05 3.92732289583364e-05 3.94494488773489e-05 3.2471560734848e-05 2.68203929408628e-05 2.65804294485861e-05 3.30992481394787e-05 3.84304025374149e-05 4.25839411718698e-05 2.7246140936299e-06 4.11607433306926e-05 4.0323674670617e-05 3.38735080504193e-05 1.67005903817241e-07 3.28900443037128e-05 2.78958156627596e-05 2.65265216057742e-05 2.52620033279527e-05 2.36148062867869e-05
8.02692861845422e-08 1.36571893335713e-05 1.3600307681827e-05 1.22196040024392e-05 1.13388692540184e-05 1.16031249916659e-05 1.24822719897111e-05 1.29104805751012e-05 1.17888391059751e-05 1.14620440569979e-05 1.12746512058948e-05 1.21134660389544e-05 1.17567954987408e-05 1.18953594778759e-05 1.15951905399925e-05 1.11054834178503e-05 1.06166009516073e-05 1.06536293145609e-05 1.10315601119737e-05 1.10909429338335e-05 1.21633378114439e-05 1.43012043622548e-05 1.50285929464644e-05 1.77949524982068e-05 2.01377399548619e-05 2.11589632385767e-05 2.33845701814062e-05 2.70203906552524e-05 3.07052690459386e-05 3.01386602245657e-05 2.87170320461882e-05 2.35423788240041e-05 2.33808427765325e-05 2.55206670431107e-05 2.47082951545963e-05 2.74016179332648e-05 2.89877187810816e-05 2.78042018521774e-05 2.67021544118506e-05 2.53543716894455e-05 2.74247634479252e-05 2.39653271364659e-05 2.32104122687815e-05 2.30818993145476e-05 2.11880756864957e-05 2.15483651459181e-05
7.12331964969337e-08 1.43166600764744e-05 1.25914667989946e-05 6.07360577054017e-08 1.08708285125658e-05 1.16227959836124e-05 1.23248757745387e-05 1.06539128495342e-05 4.85515868620112e-08 9.76663492053831e-06 1.04852812143008e-05 1.1292122468376e-05 1.02360455457529e-05 1.05189220221291e-05 1.0627150592768e-05 1.03048795978111e-05 1.02704221063732e-05 1.08545084344769e-05 1.11793165388008e-05 1.10113051022154e-05 1.17310990276565e-05 1.18092679031179e-05 1.32954246112149e-05 1.51884500724009e-05 1.54109802736002e-05 1.78520889846823e-05 1.87687961954452e-05 2.10019861924593e-05 2.33746805747614e-05 2.16388169178572e-05 1.90197055076169e-05 1.78733957909571e-05 1.85209982987544e-05 2.06123010343617e-05 2.13799138009563e-05 2.11781625012009e-05 2.03664685500371e-05 1.99098462758229e-05 2.08279538128409e-05 2.20431854927483e-05 2.34919919648746e-05 1.13168678117503e-07 2.34875300861859e-05 2.01418086021476e-05 2.0728774836698e-05 2.07629820693e-05
6.81883829511953e-08 1.32883608330303e-05 1.18090692723172e-05 4.60663818091511e-08 4.44450636627458e-08 1.07597148087279e-05 9.80867934288199e-06 4.97024833290283e-08 9.58221862674691e-06 1.00134505061078e-05 1.04245992275764e-05 9.9736173524434e-06 9.61608647855883e-06 9.66331172378432e-06 9.8401170220086e-06 9.58501823618008e-06 8.50189379093536e-06 8.76085625520773e-06 8.58572436186478e-06 1.0011931502163e-05 1.0813381504704e-05 1.00365283032033e-05 1.10102395467493e-05 1.09312431703756e-05 1.16560239234786e-05 1.33912164756111e-05 1.51192827047453e-05 1.68568288813731e-05 1.78906599728634e-05 1.63713272399946e-05 1.44424922382314e-05 1.40655786537991e-05 1.51737104431504e-05 1.79781611848284e-05 1.77884382935645e-05 1.94952184642716e-05 1.91474260645919e-05 1.8110073705202e-05 1.96880243038322e-05 1.97580716530865e-05 2.00231830831399e-05 9.82171445507163e-08 1.86571077506414e-05 1.80947242711227e-05 1.95061396993879e-05 1.94969859705907e-05
1.20632273024057e-05 6.55172817554117e-08 5.94586247459894e-08 4.77854488756257e-08 9.77178115704191e-06 4.42192591099122e-08 8.63733416451851e-06 4.57826726085742e-08 8.38051940377227e-06 4.04107494245132e-08 9.17654079160002e-06 9.11257292841583e-06 8.52081166158314e-06 8.30843359267419e-06 8.55183669727921e-06 4.1703275566185e-08 4.09470507278797e-08 4.15603662595743e-08 8.43605692182336e-06 8.82637581867129e-06 9.72072089382436e-06 1.06339212351259e-05 1.0672929747102e-05 9.97500247308381e-06 9.68194647441578e-06 1.01562753485496e-05 1.17576351385651e-05 1.2431198882723e-05 1.25882449651726e-05 1.25220346490096e-05 1.24119545660051e-05 1.21765233529914e-05 1.44113919191113e-05 1.42513518198939e-05 1.53723006690143e-05 1.75525426698186e-05 1.60666394776854e-05 1.61883862517698e-05 1.69433437065436e-05 1.64683881791916e-05 1.67597565052802e-05 1.64971677293124e-05 1.74285727837287e-05 1.80578873198556e-05 1.70721965446319e-05 1.78534008398401e-05
1.25027729836802e-05 1.05360057911508e-07 1.00169512751158e-07 5.12066234525932e-08 9.36699460964974e-06 9.03272260188714e-06 8.69224251403011e-06 8.2441201442407e-06 7.58522352271029e-06 3.88490708602696e-08 8.48913911681848e-06 8.28661651439688e-06 8.1386693807417e-06 4.15645650786445e-08 3.63015792759214e-08 3.27114448639421e-08 3.16857241888791e-08 2.56488749905692e-08 5.65438002411156e-06 5.49807212166797e-06 3.81030568541441e-08 8.00366317719181e-06 8.00070550042165e-06 7.70312179270149e-06 7.06280433462325e-06 7.28285016009522e-06 8.04336868043265e-06 9.3629508938875e-06 1.05261645785504e-05 1.10422504491225e-05 1.23710999218929e-05 1.21460746925095e-05 1.14238851665505e-05 1.14599688856742e-05 1.35805046568294e-05 1.38414366233519e-05 1.26952666278157e-05 1.4709476556618e-05 1.51008285342868e-05 1.40263903801952e-05 1.41755592210302e-05 1.46158627785553e-05 1.47847835251014e-05 1.53895450921482e-05 1.7409444109262e-05 1.81450605964528e-05
1.1650678810593e-07 7.09788159025671e-08 4.42530861066714e-08 4.4547299637987e-08 8.65798509721571e-06 8.58511106116566e-06 8.19295643168516e-06 8.33356416478637e-06 8.06389387264517e-06 7.07438994851373e-06 8.12530751659324e-06 8.24884717474106e-06 7.74325604879778e-06 7.54738082093809e-06 5.94440990369094e-06 2.68580324425116e-08 5.08636469760404e-06 4.23757859238094e-06 4.06735185549678e-06 2.41288019120489e-08 2.63388169052803e-08 6.01534090662881e-06 7.16528646762526e-06 7.36809565751173e-06 6.5813652071256e-06 5.71659730468355e-06 5.80546693385031e-06 6.84904744616688e-06 7.18160834196624e-06 7.99911699687073e-06 8.49196118792861e-06 7.75224009998965e-06 8.51333680884636e-06 5.63946712883734e-08 1.24784061711125e-05 1.08871581289804e-05 1.16332342741998e-05 1.24940622129088e-05 1.19230405402959e-05 1.09562586629863e-05 1.12613288507646e-05 1.24803919447913e-05 1.48463319817438e-05 1.49498429152573e-05 1.48114331864235e-05 1.51146716746098e-05
5.10625964178502e-08 1.12685974706928e-07 4.58107860867862e-08 4.41070677870137e-08 4.31179379645208e-08 3.72984749086314e-08 3.53765483351864e-08 7.17426016194622e-06 7.60853148165097e-06 6.14276933816882e-06 7.32034349084643e-06 7.69914920226711e-06 8.53256279356174e-06 7.25178441030039e-06 5.7829813968624e-06 5.69026769738912e-06 5.12426346404027e-06 2.152639942965e-08 2.40490949043881e-08 5.32580273104877e-08 2.77750252797304e-08 1.88205197648728e-08 2.55847782959506e-08 4.10669627513016e-06 3.33383641191176e-06 3.68927913925177e-06 3.89917943763862e-06 4.54462916223974e-06 5.22449430491179e-06 5.87425631124461e-06 6.50982493652919e-06 7.24478624078984e-06 7.80616116458077e-06 8.46019493963013e-06 8.65131553382525e-06 7.83799418115905e-06 8.75618852091975e-06 1.00681727673191e-05 1.01811738403512e-05 1.05376558423131e-05 1.05055393220255e-05 1.06614680845496e-05 1.0597965754755e-05 1.08548260470798e-05 1.17352002206417e-05 1.21837784718082e-05
4.90509289186036e-08 3.88471318113481e-08 3.79608096956474e-08 3.68007546547311e-08 3.10289269167541e-08 5.94599651559946e-07 6.30132484746859e-08 7.16457040028651e-08 6.3212442000804e-06 6.06965403449067e-06 5.64170099437433e-06 5.39214642856223e-06 5.27842410775747e-06 5.39507372252501e-06 2.83966799075053e-08 5.567633775172e-06 4.25913780333076e-06 3.62761734962191e-06 3.70915559044782e-08 6.2568230430049e-08 3.12611137198715e-08 2.21683190915201e-08 3.48505632672413e-06 1.44756150621816e-08 1.43832521226628e-08 2.94741336972493e-06 3.2565939399376e-06 3.58235974573518e-06 3.73008801233254e-06 4.49721431294847e-06 5.17652227784993e-06 5.92807976858012e-06 6.72094676588131e-06 5.63675567093469e-06 5.57698287764197e-06 6.21827840916467e-06 6.5652833995955e-06 6.72831029220333e-06 6.76995778121636e-06 7.09326693879575e-06 7.82244768799956e-06 7.52651979780694e-06 7.44886194183891e-06 8.17864789155465e-06 8.86291009294382e-06 8.4441158151094e-06
6.41821212954419e-08 2.36189704616585e-07 1.26060985905507e-07 8.79198634562428e-08 1.72562831179945e-07 7.01863618779441e-08 2.98047763469533e-08 5.74716062828884e-06 5.08242918328961e-06 4.89366579188299e-06 4.51352428996188e-06 3.77603942283145e-06 2.40731114153903e-08 2.09540822804222e-08 2.06842155958675e-08 3.78588084686271e-06 1.73822137794488e-08 2.23053901349246e-08 3.5137249561501e-06 3.51859203746585e-06 3.68184679828687e-06 3.70288954698594e-06 1.64553631276654e-08 1.17989336412272e-08 3.8260940848911e-08 1.04216324015027e-08 2.07511002017213e-06 2.47098247712074e-06 3.20390614021449e-06 3.63899886579588e-06 4.11461811751224e-06 4.40936373280465e-06 3.93998525538564e-06 3.94176311147021e-06 4.52756755606742e-06 4.53961604591768e-06 4.49960267445704e-06 4.98535084716423e-06 5.44974104457196e-06 6.11626568201018e-06 6.32035790886221e-06 3.67346807084168e-08 3.64550638898287e-08 5.77285901357527e-06 2.75562362705983e-08 3.33936182150829e-08
4.4535051690886e-08 1.12361976989384e-07 4.6245483342755e-08 7.05559873748207e-08 4.60370187416181e-08 5.30216370697723e-08 3.49587324866008e-08 4.7992329385238e-06 4.89385867474823e-07 3.90746219736116e-06 3.50804812399019e-06 2.89419043824068e-06 2.91467288846547e-06 1.49697101936574e-08 3.71951078825816e-08 1.25562943265045e-08 2.21694357871449e-08 1.14331088596487e-08 1.62695782401912e-08 2.92029416613104e-06 2.74092585854646e-06 1.41743439208142e-08 2.30352691730218e-06 1.00047525375402e-08 9.06718047311017e-09 8.75120091947679e-09 3.16563745883514e-08 3.1014692924991e-08 1.17647980690805e-08 2.47194429618958e-06 3.02124331028608e-06 3.39470366981232e-06 3.25713046720466e-06 3.15625608280357e-06 3.40593304244408e-06 3.52283867286474e-06 4.17426183076941e-06 2.24579449148443e-08 4.55311811720094e-06 4.63235135725881e-06 5.12074672798235e-06 2.66606264620606e-08 3.4173544871674e-08 4.86602478844134e-06 4.8975040527921e-06 5.02528408787839e-06
1.66632705234093e-07 2.11263211324919e-07 1.28653400910395e-07 6.32957517621158e-08 6.67549759469921e-08 7.25830267556127e-08 3.93390058084364e-08 7.59795637961247e-08 4.57931800590394e-08 2.59255655943313e-08 3.10143165704879e-08 2.98820386879228e-07 2.82393043393725e-08 1.60244834734868e-08 1.62964507555152e-08 1.11581779926873e-08 1.49921353997939e-08 8.99092718054106e-09 2.81113189393167e-08 1.21811618125633e-08 2.15607954379138e-08 2.01436153233203e-06 1.90838602627252e-06 1.6424336674703e-06 1.48069421008756e-06 1.14768748122884e-06 6.26564560235465e-09 8.52282424634865e-09 1.55785954247811e-08 1.16762532975656e-08 2.0290019151048e-06 2.14724151597068e-06 1.98410272425065e-06 2.24340141841139e-06 1.49852178221721e-08 1.27425629048439e-08 3.49663507179798e-06 3.89683886012904e-06 4.67803182431226e-06 4.49470863372881e-06 4.31101550333324e-06 4.80739144137488e-06 4.19772382400652e-06 3.92002004758751e-06 3.36550451791595e-06 3.68469354228296e-06
8.0277221614633e-08 1.0743649298206e-06 2.89621766236259e-08 1.56122631744804e-07 6.35293461725972e-08 6.73283457763851e-08 3.38048403270008e-08 4.57884133941988e-08 1.17172298952362e-07 5.35665442003008e-08 2.70050452777504e-08 4.63607037870517e-08 4.4041776947612e-08 1.22369014365908e-08 9.44810276681807e-09 1.24902423626061e-08 9.48692753244273e-09 1.59557828949275e-08 9.20416378669131e-09 1.60632880552569e-08 1.56768050207923e-08 1.5418149790225e-08 1.22483043152322e-08 7.28612422618014e-09 1.22211445834353e-06 5.88119187794334e-09 1.38199162891262e-08 1.15743314377248e-08 1.17646859032483e-08 3.59137115601982e-08 1.34637673028237e-06 1.46768833459987e-06 1.50355664487734e-06 8.64965711278032e-09 1.65940371443796e-08 2.18266688065682e-06 2.40331189260701e-06 2.58085704061273e-06 3.19016789944726e-06 3.56104201628682e-06 3.30036154423396e-06 3.39448804496101e-06 3.50698176632136e-06 3.18442058429014e-06 2.88557823964197e-06 3.00210491133157e-06
2.6060082003454e-07 2.1839658110423e-06 5.77017734704199e-08 1.24739467333157e-07 7.76699950910675e-08 8.21028759312448e-08 6.87342986416262e-08 5.70326190607595e-08 8.39650844297601e-08 2.04411513637925e-07 3.35163466536059e-08 3.22667748964278e-08 7.66219178549576e-08 1.33305713689857e-08 2.46759550348585e-08 2.81701073245877e-08 2.00496292235286e-08 8.42588805394229e-09 1.19601115011747e-08 6.88646429880535e-09 7.31224155670063e-09 1.33935887047798e-08 7.84810736398356e-09 6.30620026198514e-09 2.11718366949221e-08 4.87558576844904e-09 6.95186107568801e-09 1.18200156218329e-08 6.4355967555052e-09 1.06991595760775e-06 1.13170339410829e-06 1.23753607823573e-06 1.39541734966997e-06 7.8919005885858e-09 9.16017505181443e-09 1.66097054083991e-06 1.85598677440169e-06 1.94988592667755e-06 2.13565310254182e-06 2.25334719843318e-06 2.42180486296206e-06 2.54709960216815e-06 2.3045225375995e-06 2.21342208845954e-06 1.89075670604666e-06 1.78514638236038e-06
8.57430328959907e-08 3.66602687318363e-07 9.85305959821936e-08 8.50201359203773e-08 8.52278072338564e-08 1.17496112761462e-07 6.56979011748327e-08 7.41747319676911e-08 5.72869556458855e-08 3.70169396024522e-08 3.56672262169511e-08 1.08773465679057e-08 1.95622586018906e-08 9.47631961789597e-09 2.47094965821759e-08 2.63020095370159e-08 7.58228366759539e-09 8.21995335131831e-09 1.02941787538668e-08 8.28701393063014e-09 8.93647161825939e-09 1.14179850463358e-08 1.37261703447855e-08 1.12095804638557e-08 1.53531507174343e-08 7.33998064550434e-09 1.25307982878908e-08 6.53511615933411e-09 6.7418955573828e-07 3.84717285806246e-09 4.41685161778338e-09 5.02258433732194e-09 1.05567630193093e-06 1.22983574257773e-06 6.99091478040259e-09 1.19783193888168e-06 1.3003822346036e-06 1.52123116663461e-06 1.49080332079166e-06 1.71004724762724e-06 1.75698114475153e-06 1.76168715526615e-06 1.73360143485013e-06 1.71679457956486e-06 1.70288572824973e-06 1.68723594562437e-06
8.33019786705691e-08 1.19892015149059e-07 1.21009887832368e-07 1.06469063365644e-07 7.07558518442397e-08 6.66454800568594e-08 8.29963749837681e-08 5.74291629362733e-08 5.25437256038153e-08 1.44695095793956e-08 3.00422516752441e-08 2.52167529080083e-08 7.21429680106134e-08 1.59100259433664e-07 2.12248278397276e-07 4.4680379429618e-08 1.47762328062129e-07 2.66156819250796e-08 3.79848843379271e-08 6.7435842954211e-07 7.24843163046884e-08 8.28210784176164e-08 1.18830717488194e-08 6.18387704376389e-09 1.09437859441286e-08 1.42026252980543e-08 1.09004486548159e-08 1.18537508364547e-08 6.6451161129244e-09 1.64546418601752e-08 7.32833990646498e-07 7.44424174214942e-07 7.71756475081986e-07 3.94343101506323e-09 7.79267966422026e-07 8.60672556157738e-07 8.97118575515776e-07 8.49582431783347e-07 8.34818255590619e-07 8.9865584680382e-07 1.06312389522856e-06 1.25925008447325e-06 1.40552772585067e-06 1.60465051450842e-06 1.59845108740342e-06 1.47914709955899e-06
2.73027347064136e-08 1.12439308719292e-07 1.37689228707494e-07 7.5911941810336e-08 8.44849737835496e-08 8.03508603541836e-08 6.73077541923917e-08 7.72077977218011e-08 7.00528208108508e-08 2.59920825529392e-08 7.43903216804398e-09 1.01918445349902e-08 6.95715099974237e-09 2.98890443950484e-08 4.46454202718272e-07 2.12230058194152e-08 1.64253209011811e-07 2.67720345448197e-08 2.46740908660392e-07 2.22334575017413e-07 2.06916793366041e-08 7.23504435251598e-09 3.50436608620441e-09 2.38333150992531e-09 1.29188363007238e-08 1.04790492727602e-08 1.51065009723617e-08 1.17545959743559e-08 1.22023004256455e-08 1.07162258511373e-08 3.63782058920847e-08 8.17067602465471e-09 7.83246009161687e-09 1.31732576735821e-08 5.12093232263311e-09 3.43614914299906e-09 3.23654164580134e-09 3.67958650215883e-09 3.79123878957444e-09 6.75418571738362e-07 6.77570560014828e-07 7.35135090934591e-07 8.53800982447694e-07 9.59390798094262e-07 1.02739422764841e-06 9.40639901614304e-07
4.6463915914785e-08 8.78089533307147e-08 2.33972675545147e-07 9.40013573202947e-07 6.51877820168068e-07 7.51817913036135e-08 6.89510920470759e-08 5.69995082799757e-08 3.84461687708004e-08 3.89596796379621e-08 1.91262779059009e-08 8.49484278475643e-09 2.33512434388849e-08 1.26631073316119e-07 1.04006477485985e-07 2.02904134716242e-08 2.77294791017901e-08 7.42531490827147e-07 2.50039688898251e-07 8.89400147396913e-07 7.33822752465585e-06 1.06017843961581e-06 7.04935436024456e-08 4.23550270078898e-08 1.99741650996899e-09 6.60789207795887e-09 1.04764048991512e-08 6.89135062348356e-09 9.63417126076394e-09 6.26010144832989e-09 4.07734986884734e-08 1.35962151981417e-08 1.18320483410983e-08 2.85132862876125e-09 1.28253449083182e-08 1.04082824914364e-08 2.54057755944004e-09 3.94006367976374e-07 3.92858525533057e-07 5.06002302991249e-07 5.63826466937201e-07 7.64398588759541e-08 1.00281161041771e-07 5.6083654351724e-07 5.76570756916084e-07 6.66761477674527e-07
8.40282257219549e-08 7.41143747373663e-08 1.49759304868269e-07 1.08979336879145e-06 5.89281385354745e-08 5.33049648643313e-08 3.80666864585599e-08 2.37466920127716e-08 1.0685887541495e-08 1.0838062514118e-08 9.27598093891646e-09 7.80215946294405e-09 4.84505011666414e-09 8.67607834464934e-09 1.22140887182098e-08 5.22217434850702e-09 6.09300368714649e-08 4.69165409855421e-08 6.66080622879761e-08 4.40837372939207e-08 4.02220354245308e-08 1.60203252996816e-08 2.1588606202716e-08 1.12072155777909e-08 6.69127334762543e-08 3.74747245790452e-08 6.85042701453753e-09 4.13774080554319e-09 8.11321180238522e-09 5.00655832347263e-09 1.12629915283158e-08 4.13474995353269e-09 3.29861316394897e-07 3.58202814609854e-07 3.8706117075904e-07 1.59319529791091e-09 1.69396999760707e-09 3.04293031305747e-07 2.56332866399589e-07 2.58727104274215e-07 3.36741124229434e-07 3.38724081139219e-07 1.04417873936224e-07 5.12854676415486e-07 4.59432803978643e-07 4.33918779663145e-07
