Scripts_&_data/Maxent_result_files_1/Bombus_cingulatus_3.asc
NCOLS 594 
NROWS 330 
XLLCORNER -15 
YLLCORNER 23 
CELLSIZE 0.166666666666667 
NODATA_value -9999 
[rows 220 to 239 of 330, columns 308 to 351 of 594]
0.0174271908806134 1.38340074521404e-06 2.9458687509698e-06 1.92258984410554e-07 -9999 -9999 -9999 -9999 -9999 -9999 -9999 -9999 -9999 -9999 -9999 -9999 -9999 -9999 -9999 -9999 -9999 -9999 -9999 -9999 -9999 -9999 -9999 -9999 -9999 1.11351659459746e-07 3.21054681132638e-05 4.88817987956303e-05 3.75068475143792e-05 0.000226380949713878 6.37363990381945e-05 1.668664676997e-05 0.000369842126178377 0.0074023598471836 0.00138593052782896 0.000410035663367969 7.25063436743056e-05 2.83319779637026e-08 0.00043370187665519 0.000130480939996569
3.30357467603903e-08 8.79758652594376e-09 5.63829394284454e-09 8.75840864278388e-09 6.45499796947391e-09 3.83385243796219e-07 8.78799146845188e-05 -9999 1.26644290486588e-05 -9999 -9999 -9999 -9999 -9999 -9999 -9999 -9999 -9999 1.48554318988303e-06 -9999 -9999 -9999 -9999 -9999 -9999 -9999 2.67778254170459e-07 5.31669765324594e-08 6.46014329552802e-07 0.014254595595412 0.0786823077127337 0.261725506186485 0.000121184468402291 2.05620305621324e-05 8.06085971220227e-05 0.0125849628641607 0.014161638207196 0.000304146784004078 6.16603191115228e-05 0.00063568566695853 0.000560482376594784 0.000168283417155457 0.00339342555439066 0.000809201830180628
1.09622421796685e-06 2.80097538496449e-08 9.70868416994009e-08 1.5870959455544e-07 1.71818838712312e-08 7.70975921215999e-08 3.90438084085787e-08 7.65444322370357e-09 8.14467427945331e-09 1.13289497227775e-07 1.03736304435387e-08 1.09614620629195e-06 -9999 1.48103474251204e-07 4.55024602552534e-08 3.59989196230259e-08 3.07261666077085e-07 7.80376664843985e-07 1.31356050069087e-05 1.09820618179324e-06 1.05229898214043e-06 4.31425285563058e-07 4.87339060262215e-05 7.25945296950359e-05 4.5683096150384e-08 2.97319610986779e-07 1.53951876063485e-05 0.000194621691544294 0.103197238594294 0.0263682735152543 0.050115916877985 0.00170926718776371 3.98468439414157e-05 0.00946695052552968 0.0028654484951403 0.00198531812634297 0.0154900597804176 0.000371421851490994 0.000511936915314715 0.000711457461388454 0.00184225004838847 0.00026352571918028 0.0010802229499429 0.000277040813109464
4.18716658012741e-09 9.24084793396673e-07 5.29889111477999e-09 3.84864277447328e-08 7.71333997051649e-07 8.0201792196366e-08 1.10599251712529e-07 2.46436924344895e-07 2.54591500914447e-07 1.92248998631683e-07 5.9805836065685e-07 3.23554519927605e-06 1.29688891681301e-07 1.89676235629044e-07 6.13579461239411e-07 1.74006809076088e-06 6.51302988536884e-06 0.000236032574484568 0.000606064245221205 4.13850103617719e-06 1.69458425635871e-05 9.74766326855558e-07 3.31880019466269e-07 8.14974861562678e-07 0.000325376242754238 0.000155795233242173 0.0818674846552312 0.00297497613035631 0.00961028087622253 0.0206289530644426 0.000281418868336947 0.000207059298328116 2.41503650997288e-05 4.25880919124544e-05 0.000101184959467027 1.27463965142849e-05 0.0162267085514031 0.0125115751036859 0.00141643068596854 0.00128994911817468 3.98640533997407e-05 3.84088386411463e-06 1.56406386606633e-06 6.96456385718136e-06
2.79802048419597e-08 1.77766875220087e-08 6.77269526017099e-09 3.9276606627836e-06 1.36711985776472e-07 1.43239984083943e-06 2.50897490705615e-07 6.17874059771761e-07 2.93617056457141e-07 9.78273846138356e-06 6.76607901620385e-05 6.47854805960413e-05 5.03792760091493e-06 4.17735964206578e-05 0.0220889628864825 0.0204976350069046 0.000514328833118327 0.000104650150897168 0.0029964314861104 0.00768007056612987 0.00511923637654945 0.00707446152810007 0.00144857830410059 0.00335546540445648 0.00585076052002478 0.0110121522075588 0.00535177031148351 0.00758469031711684 0.000232569644015601 0.0483320537023246 0.02909796833992 0.000191325636628226 0.00571423609508201 0.00265042467999912 0.000517226423021533 0.000350211673414957 0.0234254975337535 0.00331365883295135 0.000720275696109007 0.0001357186425894 1.41703334668564e-05 0.000144315470854905 1.68965462722825e-05 6.97616799243406e-06
4.44957360845599e-08 6.97794912984939e-07 5.00267283154443e-10 6.97356901113722e-09 6.70091100385406e-09 2.39443728289324e-07 4.94261640648919e-07 2.48112479673823e-06 1.38455152461248e-05 0.00044414227582743 0.0103005857090466 0.00674109845422208 0.000321939788575065 0.000226216948171842 0.000115855237017948 0.0898765936493874 0.00736324921281266 0.00295433597057126 0.000347028247251813 7.82669659536661e-05 0.000212342669800236 0.00187663627552865 0.000209291980857707 4.84356873270642e-05 0.000107572653189625 6.84737767467247e-05 2.05451905153087e-05 0.0001648228865891 0.00672832136802981 0.00931719995473941 0.000111576672223557 0.00210166544420645 0.00089063586059126 1.72314896317527e-05 0.000866390679674112 0.00546859879104886 0.00255345139686298 0.000657918177399253 6.00783236863744e-05 2.2753555334365e-05 9.68832168829259e-05 0.00270990644936719 2.3979624679904e-05 1.4571016901499e-06
5.90310238468561e-09 7.12808833347456e-06 4.81861972323472e-08 1.00891947751869e-07 5.22637669797543e-07 1.97768262422127e-07 1.57885804872304e-06 4.3295069773075e-06 0.000234949954733576 4.3486308284324e-07 9.14902175130905e-09 1.4844356743815e-09 1.85879968084279e-09 4.05839039980815e-06 0.00054978768238243 6.37647070971026e-05 5.19059950359502e-05 0.0010504660010298 0.000145612945427853 0.00011707060656202 0.000167940357811869 0.001790810549174 3.315337660319e-05 0.129439328925218 0.000600311714190127 0.00290852129243717 0.00498301312712783 0.00559276455263671 0.00567365405546525 0.0056305224830794 0.00291192301146452 0.000595552761329676 0.000878830616015225 0.00021206218286185 0.00466569413981688 0.000358431504109902 0.011832190718269 0.0751839272677923 0.00443575883409721 6.5376348124746e-05 3.06065143808043e-06 1.91968563244216e-05 1.42479074838442e-05 7.61667229625118e-06
5.59982049286312e-08 9.35149802716584e-07 1.71689108015238e-05 2.39136681914109e-05 6.62474673834401e-05 9.08000324281177e-06 3.19716422126692e-05 2.36565855375348e-05 0.000110423914716762 0.00165651278985992 9.86842847545688e-06 5.7292744692905e-08 7.66999981860472e-08 2.72009131982998e-06 2.55586563895349e-06 2.21030559319879e-05 3.41499029726133e-05 7.60800151932361e-05 0.00316405795803405 1.73900652272518e-05 0.000184922511139662 0.000162379370808496 0.000712519289798763 0.00426729701512159 0.00297966436139632 0.00518830831274499 0.00494658334404221 0.00527393382923265 0.00133187956852367 0.000564073358475869 0.0260084291776239 0.0057457627577719 0.00130686252898045 0.000700831125969614 0.00342817763230414 0.000456141114999997 8.89149802606237e-05 4.94698562576223e-05 2.75646422210229e-05 0.000191571986698613 0.000150037733965347 1.37697992984021e-05 7.30448648778026e-07 1.58619533900506e-05
6.01725141251563e-06 1.16675660024268e-05 6.37392169409168e-06 1.19858324239996e-05 3.25367093511497e-05 4.57493482732829e-06 1.89824596418475e-05 3.79681250244346e-06 5.83368499036396e-06 2.10804782866836e-05 7.64188725033255e-05 0.00151984212734533 0.0307767177000642 0.00365572619484737 0.00168207401867448 0.00136106688101449 0.00507292704498923 0.00231557984819233 0.000283473963452963 0.00113434138077082 0.00135902597393738 5.57910386508875e-05 4.12630241939382e-06 2.34092752755877e-05 0.000364971913923284 0.000170985493053166 0.0209212290414143 0.00017707939864362 0.0611125475832523 0.00194499759482625 0.000795332769274282 0.00052902248224731 0.000321918413396816 2.53944685813745e-05 0.000190164925926162 0.000231101748986795 0.00134617436791586 0.00295045268803165 0.00127405366540074 0.000646102880124033 0.000400719167034325 0.000677493714347221 0.00549314675376991 2.12910293772794e-05
1.52505832887395e-05 1.0992698582879e-05 1.5737776385194e-06 0.00131350909676069 0.00168628847601155 3.57656386000826e-06 4.31434938725772e-06 3.53258930836375e-06 1.04910884743958e-05 0.00025768791577363 8.18040218631744e-05 2.68776502843959e-05 5.04271875172435e-06 1.75701425974562e-05 0.000418360838830267 5.7000105522631e-05 4.52319708627025e-05 0.000189994046609954 2.67599928106543e-06 1.5016097345244e-05 0.00226016032791136 0.00427827978069217 2.81058018640423e-05 6.64395369009974e-07 4.21626162605548e-06 0.000142730326344909 0.00246131279067185 0.00333204139366217 0.000628693166831518 0.00584457491682997 0.00307704396568624 0.00302786468981822 0.000657424945332252 0.000945519141922091 0.00423964000485739 0.00119057207244049 0.0014015753662028 0.00745826751090135 2.3047030420642e-05 8.37262879833656e-06 1.07550300274983e-05 1.65368097571394e-05 0.00151969527618405 0.000421010161790669
2.07454622209724e-06 1.52580308006023e-06 3.31703401457162e-06 5.049269140045e-06 2.30032060564156e-06 3.03986340774998e-06 2.75976587011062e-05 6.61469034429318e-05 2.65353545073732e-05 6.15775901275373e-05 3.27240267896323e-05 7.39149487998247e-06 1.60068763543908e-07 1.30643589291157e-07 1.74536409058845e-06 3.2628991775141e-07 5.1021706639176e-06 1.60710126977714e-05 0.0005797292942475 8.23116225328047e-06 2.32624826679295e-06 1.59576429101804e-05 7.74577971727863e-05 3.23865607271601e-05 0.00043884499594995 0.000288088403972608 0.00054182698059293 0.000200731994397429 0.00450857888680503 0.00202978295539538 0.000544563052217484 0.000543739625197048 0.000190227089150063 0.000599952320082764 0.000383724818554043 0.000248073439190222 0.000118020851560185 3.34303330253083e-05 0.000196471990404146 2.96844351179382e-05 1.78206702411532e-05 5.57300621481183e-05 3.76725171315151e-05 5.56158157596465e-05
2.90558772714222e-06 3.11945696367388e-06 4.82729645199242e-06 7.48618333545892e-06 3.8355466219997e-06 4.80816531086337e-05 9.89785332906501e-05 3.74548717753331e-05 3.54511666209589e-06 1.63478331147715e-06 2.98643551932543e-07 3.96048678763528e-07 9.03007700725489e-08 1.70162629204995e-06 2.32480968077375e-05 0.0070481972114294 0.00634875071762053 7.90683837186057e-05 0.000230726323952268 0.00283694510917059 0.000204648276323383 5.56640962097954e-05 0.000479111120056075 7.1910102757633e-05 1.53027959591712e-05 0.000140225592454746 0.000413191087836395 0.00130592820181619 0.00059787890841676 0.00292851064153865 0.00544356727706372 0.000382737519192489 2.49700384061247e-05 0.000131874768577234 0.000632034145628424 5.69661215203965e-06 1.7631889226033e-05 1.6562708026413e-06 4.82097732991127e-06 6.48840717359933e-05 0.000683162044417429 0.00662058913363808 0.0059024187283967 9.4906820325602e-05
5.86720848594346e-07 7.94949093858577e-06 1.06099812740124e-05 3.57778151744981e-05 2.68467747364887e-05 2.21252375589676e-05 1.76082465204064e-05 1.06840682377651e-05 2.847766054902e-05 8.62667437843245e-05 3.07418221332512e-06 3.9244076314171e-07 6.39689835892909e-06 9.84546621518589e-07 2.7300689044174e-05 0.000381391097259609 2.35077065680045e-06 9.84113387837438e-06 4.24586987080033e-06 5.20906670384624e-05 4.15762938459352e-06 1.97170329408136e-05 2.82608398745054e-06 6.09018278086015e-07 3.44282766984172e-07 2.30477493839087e-05 0.000378443527925043 0.000154492360062974 4.38556708828197e-05 1.76897470380188e-05 0.000301644849393767 0.000202611342885461 1.79559070060953e-05 3.72159900611679e-05 1.93167964361862e-06 2.78865588243526e-07 1.47676317077128e-06 2.37573620722742e-06 2.18047840050417e-06 0.000369582278163461 0.000829810297950928 0.00141874159228337 0.000864532231108228 0.00870265380992805
1.11334835878996e-05 7.18082017217014e-06 4.35244176771876e-06 4.80493724027364e-05 2.44471898238841e-05 1.18996731657828e-05 2.45352103791951e-05 3.4739228996794e-05 9.54530495818062e-06 0.000334761035676934 0.000498164560197267 1.06788304833572e-05 1.50682496622423e-06 1.73247413748356e-08 2.01673281408077e-09 3.53838217281854e-08 1.36433081687759e-07 1.99923126773527e-06 1.0934075066471e-07 1.11421920578891e-08 8.38771041511421e-08 1.51976758622219e-08 1.23502397775255e-07 6.77711247760726e-06 1.38217448251154e-06 2.23015173274388e-05 6.9274180084733e-06 0.000135995811189726 0.000235666040612159 0.000111531494473027 2.17966034128381e-06 1.56622100924153e-06 7.74990021603639e-06 1.57323578848789e-06 4.23183732234378e-07 3.52643078720405e-06 6.78902234341194e-07 0.000159061753588108 4.45619182303236e-06 1.11412957219281e-05 7.24638617876749e-05 2.25325293257583e-05 7.56269287239597e-05 0.000131241031034346
2.19668942216922e-05 1.13256540842932e-05 3.05816758487953e-05 0.000118143057515641 0.000178066011317579 8.12586953279015e-05 1.38664569618974e-05 2.19384093966823e-06 1.05348784620318e-06 3.35614712188015e-07 3.81702394349759e-06 3.21860380814165e-07 1.36044546727998e-07 7.83606235454926e-10 1.37085898188616e-12 2.17703632898747e-13 2.81498074850006e-09 5.3754156681407e-11 2.91335246926927e-08 2.99750277932276e-09 5.79658550048379e-09 2.44504707591631e-09 8.31377779952902e-09 2.25018938042609e-06 0.000127188064256512 5.24718117067557e-08 8.77437852597751e-08 1.07192770049114e-07 0.000144816446145435 1.47833752994764e-07 2.12235241714431e-08 2.86207388344728e-08 1.48963439636773e-06 1.5263846844249e-06 1.72123226160892e-06 1.1081236421373e-05 5.23648346875572e-05 0.000124777421520694 0.000860056306947854 5.48157331259014e-05 2.19228299602747e-06 7.85994274110635e-09 6.38258455598617e-07 5.29171999446021e-06
1.44457272711951e-05 7.32555659187728e-05 0.00138992864008571 0.000109544937172645 6.31699610610381e-05 7.53716892232248e-08 1.85809591046748e-08 2.2234803912724e-06 3.62096647315013e-06 6.20967111675252e-07 3.48375973846515e-08 2.72706022208524e-09 3.49296747081951e-10 4.79251939244918e-09 1.78162944841631e-08 4.17431380572708e-09 5.45886891245573e-11 5.54809969544046e-07 1.97796667933403e-11 1.58660494742335e-09 2.42803374073119e-09 3.49570672408817e-10 1.76295709142238e-08 9.03127636009415e-08 3.49553954448467e-08 1.08763212214313e-08 1.03568542466626e-06 9.19512430821445e-05 2.43051230350844e-06 4.98768215806411e-07 8.44401246380411e-07 6.0749179686681e-09 6.30722174488341e-10 2.12855263859169e-08 2.97336553138905e-06 4.78739796979988e-05 2.30521118954385e-05 1.17214215222816e-06 7.11959974682208e-05 4.6270496598666e-07 5.04576240478727e-07 1.33290886705772e-06 3.20866244347684e-06 1.00465930984228e-05
8.35531691617319e-05 0.000139207046043743 5.87983975990913e-05 3.88502288271919e-05 0.000113354386111286 5.88884387198729e-05 8.71175014904857e-07 5.5849612468073e-08 1.79354537905851e-06 3.13286851438832e-07 3.03422431624512e-09 2.10662598476574e-12 8.81196227098258e-12 2.31617134582862e-08 7.37631184577481e-08 1.57923820132133e-08 2.15900519684453e-11 2.35732544595635e-12 4.28548529995965e-11 3.92182233355243e-09 7.76680308955946e-10 9.00396636138723e-09 2.22124013915526e-07 2.39495872800255e-08 4.28534359109278e-09 1.83014341681442e-08 1.43166278721019e-08 1.18048486752453e-07 9.03448222122627e-08 3.63522235566904e-06 8.43175210151203e-06 3.750609063502e-06 2.09205826884329e-08 2.63101194719617e-08 4.54097930813191e-08 0.0108842304733116 1.40557526573382e-05 3.98067797657831e-07 4.37268504971389e-07 3.51363129236226e-07 3.69944068767669e-07 5.20917177226909e-07 0.000158579313637131 1.97507624537518e-05
3.35726222955191e-05 0.000282532118189494 1.3991598325469e-05 5.04902726294887e-09 8.02087926399242e-07 4.94776631865257e-07 1.74998487363354e-06 5.64311191897371e-07 6.0703754406477e-07 1.98799245754167e-07 5.85853587864449e-12 7.51417431610335e-09 3.63745444875718e-10 5.90055815319346e-09 5.16701829100796e-09 5.91001728666995e-09 6.72759110420529e-08 6.01053141147112e-08 2.99751875032506e-07 1.04600693884294e-08 3.65875600927268e-09 1.0623833479606e-09 7.25575177717985e-10 1.58839641439812e-10 1.99308725079561e-10 6.95766999569969e-10 2.49130760465732e-10 9.98472859947697e-11 1.54270485275276e-10 3.48826788565404e-09 2.33118851999947e-08 3.27178278407558e-06 5.53996837848736e-08 1.93372217642818e-06 0.00179358231983372 1.92783773272254e-05 6.14384202746177e-06 8.06283384502393e-06 2.91371361811343e-06 1.04399593783278e-06 2.52354488383677e-07 1.75245842872762e-06 0.000268525458870528 3.50871662661456e-05
1.3807885568462e-05 0.000421159843659069 7.22694312429439e-06 5.08758636219575e-08 1.46106549081537e-10 1.69259685711687e-08 1.09782361690236e-07 1.26789295520346e-06 4.32550313604341e-05 7.38884663453732e-08 6.34282714684353e-08 3.11081203300256e-06 5.69897787343621e-05 3.50977076273296e-05 8.11327158711794e-07 8.34802062588125e-08 1.17563406232257e-08 1.97881500296759e-08 4.18015336789423e-09 4.20551482527287e-11 5.57959234370742e-12 8.97664165222523e-11 2.20082219115625e-10 6.05796524055791e-12 2.04747330201371e-13 3.85441678574239e-12 2.31487717883283e-11 1.18216336719712e-10 7.4273920347423e-15 6.26165785888588e-15 1.05217434764882e-10 2.53605881850305e-09 1.48385637110948e-08 3.57206417000988e-08 2.43987194159523e-07 4.10183182033563e-06 1.2032117176819e-06 1.08676447624467e-05 0.000447480605102157 5.59096956556537e-05 4.1395425677293e-05 1.04697393799036e-07 1.11463719132399e-07 0.000165426487505904
0.000569200284254878 2.56625388583842e-06 2.95390665058903e-05 2.89804665631888e-07 3.11664379859522e-09 1.23454213976082e-06 3.93618308319632e-05 1.54967317826604e-05 1.08147951665138e-06 6.53755080218588e-05 2.51796233218582e-05 2.61319191174891e-08 1.90566859972208e-06 4.62630610520431e-07 1.88843252690862e-07 6.91987794732007e-08 4.77441786106425e-10 9.77622427456026e-12 1.56862300926264e-12 7.25948190449799e-12 4.41791381255996e-11 3.17501580582302e-13 6.67831345779746e-12 2.9149604952039e-11 3.58689855595173e-11 5.60294033391529e-12 7.21573911732776e-12 2.12472262006713e-12 1.60363833323629e-11 3.10471648390376e-11 6.66388055847733e-12 2.16904272321017e-13 4.3276193739672e-11 1.76290160247561e-09 9.38840306607958e-09 2.1912320028461e-07 3.38640943242652e-07 1.06917829680864e-06 9.48595475450675e-06 0.000905245335735572 6.27975693096583e-05 0.000115123230559 5.31694805841476e-05 0.000240945494154232
