Scripts_&_data/Maxent_result_files_1/Bombus_ruderatus_3.asc
NCOLS 594 
NROWS 330 
XLLCORNER -15 
YLLCORNER 23 
CELLSIZE 0.166666666666667 
NODATA_value -9999 
[rows 280 to 299 of 330, columns 460 to 505 of 594]
1.25170665832286e-08 9.27789514548749e-08 2.60296787457648e-09 2.50753632302647e-09 2.17249717104906e-09 2.18020451692169e-09 2.35809360926709e-09 2.73030922315343e-09 3.08121015368812e-09 4.20769472597726e-09 5.2102812952981e-09 5.0556203556873e-09 4.75551351630799e-09 5.18016866069004e-09 5.06063816407831e-09 4.45059656684066e-08 5.85562032195952e-09 5.61824304856629e-09 4.46815306975878e-09 3.6335396358389e-09 3.23904407739661e-09 2.88831967232284e-09 2.74035173442044e-09 3.03815065327839e-09 3.60953332778635e-09 4.24920217900748e-09 9.84399439740713e-09 1.42655975032824e-08 2.65444556557526e-08 5.70757613616024e-08 1.49874196608835e-07 1.24819109359464e-07 1.13767587350821e-07 8.14618239530773e-08 1.56309239685015e-07 2.04491665556361e-07 4.46054538372209e-07 1.00233707769348e-06 2.09289908639221e-06 5.39441781484129e-06 1.61267205385229e-05 4.70800251605397e-05 0.00010396494762972 0.000136696724075591 6.44588302748161e-05 1.99611732568883e-05
9.71911287006577e-09 1.98706226228751e-07 1.91295781881706e-08 2.88778877477469e-09 3.12999233198497e-09 3.11301368016714e-09 2.98684945665428e-09 3.81647874414526e-09 4.16411009007689e-09 5.14368583282021e-09 6.77703330120849e-09 6.97909913194295e-09 8.04527672260136e-09 7.77868246482072e-09 7.07290243040504e-09 1.44777282962139e-07 7.09323834113818e-09 6.0098081844373e-09 5.1309423043655e-09 4.0399308121053e-09 3.6330000563467e-09 3.19184073616086e-09 3.34588475814357e-09 3.62572651901871e-09 4.48012370535267e-09 5.03398793760823e-09 1.39281076450004e-08 1.27102133928858e-08 1.99154660318612e-08 7.79491944769006e-08 1.24642139809339e-07 7.38647868203657e-08 8.58984522622563e-08 1.17315760128633e-07 1.90714400361003e-07 3.3601352953383e-07 7.95603664016653e-07 4.59567331745347e-06 1.12544057628838e-05 2.75462648460234e-05 3.5168454360246e-05 5.6841622608772e-05 9.18149373319466e-05 0.000213248718500836 5.62890607398003e-05 3.81000860215863e-05
3.94176197238139e-09 2.80670482410983e-09 3.35305258003515e-09 3.69239888664552e-09 3.96990614826009e-09 4.41398655404157e-09 4.55391506726244e-09 5.51451110331058e-09 6.13893158529777e-09 6.85393963806291e-09 1.04344506368648e-08 1.2502972013273e-08 1.06794029730573e-08 9.4775009062964e-09 4.98093549516909e-08 2.1260071036977e-08 7.78416437974272e-09 6.51085888536684e-09 5.9405080632402e-09 4.58942127634643e-09 3.97720535394441e-09 3.33234509986013e-09 3.83205313037038e-09 3.92511912972182e-09 4.53794865018509e-09 6.16342492598676e-09 8.27740977982216e-09 1.67447026244716e-08 3.13880666791277e-08 8.51452766070793e-08 8.9917513790283e-08 2.71159198206306e-07 4.88010830679286e-07 8.89169550077895e-07 9.75505511746633e-07 1.57828189912834e-06 1.96967632291489e-05 1.62614405780914e-05 8.80805051565403e-05 2.58342451161297e-05 5.696752541553e-05 4.90412799990736e-05 4.06940741413564e-05 3.1060457968124e-05 9.30923579289811e-06 3.08146371935436e-05
5.59903845509524e-09 4.50340555957496e-09 3.85291375470942e-09 4.43142242900763e-09 6.17507903699632e-09 7.44218179304923e-09 9.18022201590318e-09 9.74273094422884e-09 9.84301082862515e-09 1.09136724768533e-08 1.05611637657432e-08 1.366894837318e-08 1.36563100161524e-08 1.11829957738507e-08 4.33578316805239e-08 7.7773836482109e-09 8.18516252554247e-09 6.85439194292314e-09 5.4815334382674e-09 4.53394506383376e-09 4.1366604364157e-09 3.68382293558511e-09 3.7258416574204e-09 3.6289603988493e-09 4.67256894287615e-09 6.87405752319847e-09 1.04642295717383e-08 2.31631063218884e-08 8.37999669656142e-08 6.72424758363377e-07 2.43211464407977e-06 3.49277424334105e-06 1.56675645939686e-05 3.19708444749267e-06 7.88548502441699e-06 1.06197757759219e-05 2.47676288381626e-05 9.74798299466784e-06 0.000139282688178355 0.000145779746162589 4.91184433485614e-05 4.34059296821943e-05 1.97417794879584e-05 2.69824800398055e-05 4.20254529672093e-05 4.21258049755124e-05
6.50612936858863e-09 7.36875113149793e-09 6.60382040162943e-09 8.9443584871951e-09 9.61115155240222e-09 1.01863330437268e-08 1.37126088262107e-08 1.39781280328322e-08 1.3398230125361e-08 1.30773429862785e-08 3.70640045765924e-08 3.24755067726556e-08 4.11668732880344e-08 3.96941961078312e-08 1.02163171922243e-08 8.43695503460751e-09 8.99334908766036e-09 7.32263253366838e-09 5.36733600897676e-09 4.41560790154227e-09 4.03828145367768e-09 3.86229511706304e-09 3.82457184811003e-09 3.74966192540072e-09 4.76569164131746e-09 7.00137658959932e-09 1.20170962514266e-08 3.90511767811574e-08 1.61635137274629e-07 1.53819557340285e-06 1.05290354923682e-06 1.11000290559105e-06 1.1734828558474e-05 3.27430645484128e-05 1.952848970177e-05 8.54183108458528e-06 1.78435944690136e-05 5.81093829168822e-05 0.000115053166882717 0.000182658967969473 0.000193157023750246 0.000168351809406886 5.75648731683032e-05 7.12798493623268e-05 3.41497499903198e-05 2.26812990149483e-05
8.90727036573224e-09 1.23616326286324e-08 1.12832792664719e-08 9.50713987535323e-09 8.99794824205102e-09 1.04197683703511e-08 1.46883166740608e-08 1.66330755169142e-08 1.50430628620413e-08 1.37576218417479e-08 1.27479950373655e-08 1.57250902743655e-08 1.26755694163094e-08 1.29267837323255e-08 1.07679910765768e-08 9.52273335741438e-09 9.75789493651291e-09 8.5278727190996e-09 6.45526196940693e-09 5.84301860229175e-09 4.6911055595622e-09 3.61552041638902e-09 3.51897249117883e-09 3.26012498108597e-09 4.07852850381474e-09 6.0137022250828e-09 1.14486228497412e-08 7.41809799365001e-08 1.67697383446352e-07 2.40153621078321e-07 7.23957064963088e-07 5.60084979497333e-06 5.34612854607985e-06 1.01564215128747e-05 2.83058534478187e-05 7.75984954088926e-05 1.66406068274227e-05 0.00012487476633396 0.000365652496111579 0.000107294870394981 0.00010361658551119 0.000361497532867361 2.4569606375735e-05 6.75638059419725e-06 7.83602804403927e-06 1.08039811493654e-05
8.49065296959495e-09 1.3455740854873e-08 1.20984482210318e-08 1.32250572715265e-08 1.05771464919968e-08 1.16702577157568e-08 1.67163251685309e-08 1.67033856746102e-08 1.59391354781491e-08 1.61714828861292e-08 1.5904017525159e-08 1.84282780146816e-08 1.87735301082625e-08 1.54256082796067e-08 1.29710034046937e-08 1.33050197748119e-08 1.11947559888748e-08 1.00263597202499e-08 7.42298565947763e-09 6.48000175740293e-09 4.88263964815161e-09 3.78130959877154e-09 3.29178185820567e-09 2.85783977593823e-09 3.44598385382255e-09 5.21141491072186e-09 8.97152971912618e-09 2.34299011303563e-08 7.35527715178819e-08 2.96253452347628e-07 2.16581345284794e-06 1.89022581693621e-06 3.80938630755168e-06 1.10367665001831e-05 0.000101140303377178 9.68874282989418e-05 0.000469652691390365 0.00198503762949258 0.00123857658472843 0.000573176742182113 0.000164568540640175 5.9110452002642e-05 1.63432014232967e-05 8.95776956895134e-06 5.7662758308652e-06 6.40895832475508e-06
8.66058774695588e-09 1.08605627935354e-08 1.11905444910576e-08 1.02285661940371e-08 1.07855141706636e-08 1.49120585213325e-08 2.0298289493681e-08 1.99646818632715e-08 1.84399621794284e-08 1.8850584093677e-08 1.82449710006694e-08 2.42747142387145e-08 2.40927756411935e-08 2.02631410317622e-08 1.64684298198381e-08 1.4928740998954e-08 1.14580848808998e-08 1.01294911791783e-08 7.71118360276546e-09 6.64502586289473e-09 5.15341790352508e-09 3.72519208813316e-09 3.0133882944483e-09 2.7476203423582e-09 2.8913051508539e-09 4.09188419814299e-09 7.23783616374263e-09 2.69310151956859e-08 6.24240372282259e-08 2.91737373459e-07 6.73975721383613e-06 1.89705760249126e-05 8.7996771253529e-05 6.95809219905641e-05 0.000110142950506997 2.30133464356186e-05 1.62680711582652e-05 3.4640542253328e-05 0.000104777158048819 0.000106080148179899 0.000150512360414723 2.50990516178717e-05 2.67296511538007e-06 6.29807552741113e-06 8.60492091305787e-06 1.6112110006361e-05
8.65247437031869e-09 8.54559648599817e-09 8.03555196826622e-09 8.94439377008283e-09 1.05766444047362e-08 1.04743215323388e-08 1.16060077770541e-08 1.73802083835994e-08 1.96378413086506e-08 2.13955805072885e-08 2.59966414617452e-08 3.78818556079352e-08 3.437017062069e-08 2.36659167374142e-08 2.00374057346409e-08 1.57834487923836e-08 1.25399526096359e-08 1.1068452177021e-08 9.32228279015845e-09 7.47510022769404e-09 5.68959179769735e-09 3.78941245049447e-09 3.13644505922639e-09 2.56035682655309e-09 2.31732676381213e-09 2.81154479697676e-09 6.80534433250557e-09 2.61898399855909e-08 4.0279357094164e-08 3.08329542519914e-07 9.58077166046678e-07 1.35913310714386e-05 6.60996183796669e-05 4.66573243102175e-05 6.93120080541121e-05 2.2300290856947e-05 3.72937397514761e-06 1.35543681949457e-06 1.80183622546792e-06 1.809921086533e-05 1.70749153312499e-05 4.29637691468088e-06 3.01309485166712e-06 8.14510165128013e-06 7.05341462889919e-06 1.10549160126538e-05
1.1098792351838e-08 1.10371699335587e-08 8.26401974629576e-09 1.03272247975461e-08 1.10349378745767e-08 1.14892390046251e-08 1.45912737448128e-08 2.25068527814898e-08 2.29503432258582e-08 2.69661333707205e-08 4.03271817717155e-08 4.47034247841316e-08 3.54838179283945e-08 2.7063374696823e-08 2.26793189561647e-08 1.74647783790505e-08 1.49597579657268e-08 1.56502426129634e-08 1.19792295416588e-08 9.40412961947246e-09 6.56665162246384e-09 4.31840845305231e-09 3.56835598847027e-09 2.54762403395503e-09 2.43404658650803e-09 2.5270747161521e-09 6.38054870050198e-09 1.65225574777494e-08 3.2984680187198e-08 5.04907548304345e-07 3.04800815911221e-06 6.28785596745729e-06 6.44477539026411e-05 4.96900333018857e-05 9.76400201579963e-07 1.55316455447974e-06 5.24077898944597e-07 3.70616126588175e-07 1.43103609389073e-06 5.96395750562806e-07 3.81653115937297e-06 5.78262863655254e-06 5.44947185971978e-06 4.62773425624619e-06 3.99408894509179e-06 3.98737828390949e-06
8.90637685824203e-09 1.08456311709304e-08 1.21333608049667e-08 1.2034525731508e-08 1.34354591674324e-08 1.50830213430098e-08 1.92403182275314e-08 2.91393389417749e-08 3.16930322430409e-08 3.70539496863387e-08 4.66442153346236e-08 4.44464771653941e-08 4.16224549937283e-08 3.97004255248135e-08 2.88307212770178e-08 2.37561527782759e-08 2.57100160716561e-08 1.99085361973772e-08 1.03643486348837e-08 1.35530165978892e-08 8.51492137909915e-09 5.91260664872806e-09 3.57655929317247e-09 2.84578961506909e-09 2.60561746623367e-09 2.64131080340846e-09 6.20598661349447e-09 1.33345650965566e-08 7.99501753689924e-08 9.41681821586826e-07 1.25562774883292e-05 9.30961896301596e-06 0.000140544606256299 3.5292601933179e-05 5.58424576411198e-06 1.00060854606454e-06 9.60293048635208e-08 4.12650005188198e-07 4.14974646645305e-07 3.29273370169858e-07 1.73210607385954e-06 3.4034838563457e-06 3.72478541521559e-06 2.173081793444e-06 1.67009661140582e-06 2.4477157921865e-06
1.00566002081415e-08 1.25007702855839e-08 2.00345053880113e-08 2.47995123547895e-08 2.79300085281875e-08 2.88217403721092e-08 3.62013087951141e-08 3.77685840824427e-08 4.21061460365024e-08 4.29344034991175e-08 6.67982526181277e-08 5.72962592038095e-08 6.10469053974327e-08 4.12621935730328e-08 3.44006116037576e-08 2.59467928476198e-08 3.5614116811189e-08 3.33080171888156e-08 2.32185075610403e-08 1.62085866506345e-08 1.13315435257277e-08 6.86487524603763e-09 4.1610685119764e-09 3.55382956396255e-09 3.18712271019095e-09 4.17591531354233e-09 8.62338452867206e-09 2.43515232423164e-08 5.013252405206e-07 5.01043352869601e-06 5.01471849929658e-06 2.91425656541833e-05 5.75564456084976e-05 9.85306716756895e-05 6.35107437574334e-06 4.36967299322077e-07 6.1061440526089e-08 4.73195314931729e-08 5.86618281062101e-08 1.14992543487347e-07 3.20082870075566e-07 8.65744576117322e-07 1.64100258643884e-06 1.60672534548212e-06 1.00660098212302e-06 1.03931437820393e-06
2.48938796687526e-08 2.76275124111436e-08 3.9617999370023e-08 4.68245593410188e-08 5.18313030717366e-08 8.09640628318675e-08 9.78559295816694e-08 6.97201338439868e-08 5.8215211495849e-08 5.34345847569284e-08 6.09241950222383e-08 4.5423448824522e-08 3.85759044263523e-08 3.58525543919797e-08 3.37188093890717e-08 3.50672019422404e-08 3.64923123274963e-08 3.72748794497113e-08 2.50905177523464e-08 1.7416342767973e-08 1.38130491711408e-08 1.00880355735633e-08 6.13551288664027e-09 5.81862361626051e-09 6.03149195033126e-09 7.83021206762768e-09 2.12002926769372e-08 5.95109540313388e-08 1.12725916494583e-06 3.06256827684592e-06 8.03114271548111e-06 2.68198274170572e-05 4.46329857368255e-05 0.000119115064990183 2.40285845620747e-06 6.44940107541459e-08 2.79525055191243e-07 6.72591988326587e-08 5.53352016652298e-08 6.93965764853033e-08 4.57304559375871e-07 9.93147168060204e-07 1.28197572450972e-06 6.40663114381823e-07 7.57019354580279e-07 4.03919629832217e-07
3.78062471106944e-08 3.86638356886237e-08 4.63087200586187e-08 6.10524219624153e-08 5.64649894840841e-08 4.97935191745569e-08 4.89283525695328e-08 2.59806325786371e-08 3.16641401543194e-08 5.67790944039359e-08 4.70225400839297e-08 3.58130655353506e-08 3.68634673009183e-08 4.19739766499561e-08 4.9513845468141e-08 5.29898169787657e-08 4.93942138746206e-08 5.04134555434632e-08 3.86689408937713e-08 2.77290046479806e-08 2.17255307521924e-08 1.88879343276938e-08 1.43349075942822e-08 1.19785373176029e-08 1.37201698890976e-08 2.1480436895871e-08 4.08974481835855e-08 7.66909032279273e-07 1.44900860732378e-06 1.49312714711414e-05 2.09519710097084e-05 6.65884555928642e-05 7.20331434422405e-05 7.2714765155979e-05 5.35697184744777e-07 2.50880453300795e-08 1.06109087205652e-07 6.91797075624834e-08 8.11861900373856e-08 4.28618687653426e-08 1.73997944941107e-07 3.31245326279372e-07 2.67541872034371e-07 2.28633036414294e-07 2.34218506633965e-07 2.34071365312616e-07
2.6511764872339e-08 2.48789693291229e-08 3.08143923710702e-08 3.48438504715887e-08 3.28257598436466e-08 3.30311541230088e-08 2.14951478838543e-08 1.43339731639713e-08 1.50834221335217e-08 3.40188894387694e-08 4.78907302259302e-08 5.16068342726328e-08 4.90208999615049e-08 3.68735560307698e-08 4.03394071923913e-08 3.98203283680232e-08 4.10708683062921e-08 4.09532365797105e-08 4.13111804764554e-08 3.71803376530977e-08 3.8297743376603e-08 3.74498347444074e-08 2.9306570814569e-08 2.70331689922187e-08 3.18354941075683e-08 5.59754483653308e-08 1.19069025039664e-07 1.23277406771649e-06 1.9764920466514e-06 2.59869757428532e-05 2.51934797233844e-05 6.41886030280148e-05 3.45333124641911e-05 1.72867030869384e-05 1.86941140967178e-07 1.9900307046683e-08 4.86985761050107e-08 4.80957686121997e-08 2.83993172978114e-08 6.26649645951716e-08 1.03278172147725e-07 1.70176392444432e-07 3.83052294239405e-07 3.11850464385088e-07 1.60036443119793e-07 1.77597699391185e-07
2.07542328878318e-08 2.54661246312793e-08 2.56107030693897e-08 2.43343964978493e-08 2.37234221156513e-08 2.31849865528488e-08 1.6174899619692e-08 1.22510582123425e-08 8.36700608797258e-09 1.33638866639529e-08 4.18205490682055e-08 4.31305182679864e-08 2.82283838082265e-08 2.68710049766696e-08 2.98925020736362e-08 3.97798683327011e-08 3.87269570634174e-08 4.32556252150107e-08 5.7300293221374e-08 6.66051411357671e-08 8.1206347068985e-08 8.68051628799549e-08 6.46156482098092e-08 6.13862364495788e-08 6.93729238498975e-08 1.34868801637822e-07 6.84085154034619e-07 1.48558947330457e-06 2.45053711864784e-06 3.79553614038741e-05 4.93927815114148e-05 7.8789028339088e-05 7.67235791499843e-05 6.19766840372904e-06 8.66006867994429e-08 9.39253574916421e-09 2.2997137527625e-08 2.67043637425246e-08 4.20225610753278e-08 1.86325963547063e-07 6.3596824517731e-08 7.33631656757439e-08 6.65824331669285e-08 4.98706820728501e-08 4.9154117132133e-08 4.76609301358621e-08
1.61114619867675e-08 2.08601711459977e-08 2.1039698472336e-08 1.74168610866943e-08 1.70259185638955e-08 1.47439206621414e-08 1.14637262349504e-08 7.82235445306867e-09 6.85292134150473e-09 1.16613224854234e-08 2.39714552652259e-08 2.73448518495201e-08 2.13734988818715e-08 3.23732510576491e-08 4.7017546833672e-08 7.47208254381349e-08 7.06612105716431e-08 7.01251202883668e-08 7.60978052127825e-08 7.61841109309103e-08 7.44188564993919e-08 8.82538838453684e-08 7.47318678051556e-08 1.49313943786922e-07 1.72518578978043e-07 2.71661026118863e-07 8.35272248878027e-07 1.66410320048271e-06 9.35882396788657e-06 5.51076305782772e-05 4.60877005025395e-05 7.86190106737195e-05 4.9989327089861e-05 9.08502802587918e-07 5.84342971343688e-08 7.72539038296216e-09 2.07743600544319e-08 1.58963753627006e-07 1.1419657425904e-06 1.62323979566281e-05 2.95464548798918e-05 3.97405113972127e-06 2.53130773941734e-07 5.1225419284151e-08 4.45030966744753e-08 2.90160783400495e-08
7.32873402853329e-08 2.35790289515592e-08 1.57452752169718e-08 1.5646376105849e-08 1.03623340574899e-08 1.09367098266588e-08 9.19973878188429e-09 8.82187490836017e-09 7.52769360179428e-09 1.02685542402448e-08 1.50117884345491e-08 1.82022578787411e-08 2.11413008655015e-08 3.81428477691514e-08 6.90107436085441e-08 7.62124945374865e-08 7.26590511312963e-08 6.48692457083655e-08 6.3350114576366e-08 7.13640826432993e-08 9.55429127813545e-08 1.16249153947479e-07 1.7338859166216e-07 2.4642100946437e-07 3.73133129727421e-07 5.74032415556758e-07 1.35294491769855e-06 4.72166516374273e-06 2.29620995469304e-05 5.88002745644189e-05 2.09464869385556e-05 4.73400199552998e-05 1.70584138686536e-05 7.28842712760525e-07 4.13220367256883e-08 1.38612195721421e-08 2.80314381129188e-07 5.12643211550312e-05 9.50200737861451e-05 8.47634615638526e-05 2.64475510903139e-05 1.51321841940444e-05 1.4556066548721e-05 7.07478768617875e-06 5.57429220862105e-06 2.70444622856303e-06
2.94611139395329e-07 7.09974946389025e-08 3.43408334213535e-08 2.37930711577405e-08 9.2502465021127e-09 6.52640722575981e-09 6.27508833783708e-09 6.62863949285608e-09 7.95169265987994e-09 1.25525148719774e-08 1.34400005125102e-08 1.63570111899602e-08 1.86580146888105e-08 2.04653447077874e-08 2.70822315684427e-08 3.27782958109424e-08 4.35565624457013e-08 5.49139708816426e-08 7.00857555990808e-08 9.47919554405985e-08 1.51934761660755e-07 1.74881017400708e-07 2.5881316148002e-07 4.85741639977277e-07 7.73793122732513e-07 1.54904722649007e-06 2.9561313965587e-06 1.35310197038052e-05 2.83104519439803e-05 1.61309651048214e-05 5.40121287485817e-05 2.35597749451699e-05 1.6766239559729e-05 2.07445479531998e-06 7.26242314286196e-08 9.23356916260332e-08 7.94632858003297e-07 4.95582167786779e-05 4.43513383288519e-05 2.99582432489842e-05 2.27940185141051e-05 2.61987980593403e-05 3.83560211957956e-05 2.11074961043778e-05 1.47595842008741e-05 1.63806002092315e-05
4.67334233178462e-07 1.78030841269106e-07 1.04040914727932e-07 3.77070257684409e-08 1.82708832729972e-08 1.22442046279758e-08 7.87286762449213e-09 8.2266166878675e-09 1.31433856687124e-08 1.4897312183848e-08 1.34523933326136e-08 1.67206733570069e-08 1.8488294362129e-08 2.60755875114427e-08 2.58851832857232e-08 4.24019536371389e-08 5.31457918562239e-08 7.77633509585485e-08 1.02281289038331e-07 1.40007475657455e-07 2.18637148208245e-07 3.37649968074061e-07 5.66024622372652e-07 1.01620475589925e-06 1.40741703091862e-06 8.51636036713899e-06 7.15316971309221e-06 1.9393640832277e-05 2.10062908081454e-05 5.75344642129494e-05 1.76095684309985e-05 1.23963147416362e-05 6.17568950929126e-06 3.08126865320446e-06 2.18069857993441e-07 5.40102734447601e-07 4.2483526272008e-06 6.93325823704072e-06 1.50933909935702e-05 3.62077109457459e-05 2.22781678530737e-05 3.63794990335009e-05 3.83293880076962e-05 2.26709420530824e-05 2.04194722755346e-05 7.05941622527462e-06
