Scripts_&_data/Maxent_result_files_1/Bombus_lucorum_2.asc
NCOLS 594 
NROWS 330 
XLLCORNER -15 
YLLCORNER 23 
CELLSIZE 0.166666666666667 
NODATA_value -9999 
[rows 294 to 314 of 330, columns 184 to 229 of 594]
0.000299242862092797 0.000332481833174825 0.00035620026756078 0.000346358233946376 0.000359984411625192 0.000354562024585903 0.00031141538056545 0.000289260239514988 0.000285318878013641 0.000295532257587183 0.000294421170838177 0.000207188166677952 0.000191415524750482 0.000258776753616985 0.000274624525627587 0.000284678427851759 0.000252348641515709 0.000196298804075923 0.000148413393617375 0.000133884521346772 0.000117446565127466 0.00012273000611458 0.000130050248844782 0.000132059222960379 0.000123867182264803 9.89564090559725e-05 8.75461679243017e-05 9.80111610260792e-05 0.000109511558548547 0.000112689576053526 0.000119816670485307 0.000131407051230781 0.000139310843951534 0.000152610181976343 0.000175903283525258 0.000171657514874823 0.000173983642889652 0.000188121743849479 0.000197755290719215 0.000193289639719296 0.000157442432828248 0.000135918123851297 0.00012607223688974 0.000119708270358387 0.000119458236440551 0.000100101033604005
0.000432368108886294 0.000462238083127886 0.000406043979455717 0.000596332672284916 0.000586809910601005 0.00035601259151008 0.000394201677409001 0.00033629763929639 0.000361018962576054 0.000337303499691188 0.000288344369619153 0.000221540899656247 0.000168321747332811 0.000240488440613262 0.00029950836324133 0.000316266747540794 0.00028726016607834 0.000228089639858808 0.000184912286931649 0.000138524659996619 0.0001227599401318 0.000127510055608582 0.000153038342250511 0.000170437392080203 0.000139599834801629 0.000127954593335744 0.000127483402320649 0.000125024013686925 0.000139926389238099 0.000146347806730773 0.000146164218313061 0.000160160631639883 0.000169777787232306 0.000173683113825973 0.000183045622543432 0.00016503805964021 0.000164484027482104 0.000178900758328382 0.000184269227611367 0.000199529418023303 0.000194127611757722 0.000195836735656485 0.000150239939102903 0.000117884795326972 0.000115766713861376 9.68332482443657e-05
0.000322318506368902 0.000373587937792763 0.000586328865028918 0.000622996367746964 0.000705122941872105 0.000401076723937877 0.000432255753548816 0.000574671363574453 0.000586053793085739 0.000365220027742907 0.000245073239784688 0.000249760520819109 0.000171126349596307 0.000171561262686737 0.000306564455968328 0.000238853441260289 0.000247912315535359 0.00022916248999536 0.000208475168619771 0.00019948707340518 0.000169632362667471 0.000163481140043586 0.000149706211232115 0.000171525952464435 0.00020121129200561 0.000190700800158083 0.000189007546578068 0.000154371673124842 0.000170314127171878 0.000182734854752198 0.000196283734112512 0.000192688487004489 0.000197651998314541 0.00019495225569699 0.000172813716926612 0.000156350923498394 0.000155472649930744 0.000161503499839455 0.000174638409225736 0.000181892636464909 0.000197247836331371 0.000208542314067017 0.000190413926611654 0.000165393239876721 0.000121578233665787 9.25836291571613e-05
0.000365442648762837 0.000460090267006308 0.000509979433263652 0.000531331603997387 0.000448536284966394 0.000382488727336749 0.000415160725242458 0.000390564059489407 0.00033223929349333 0.000279275185312144 0.000253110591438599 0.000251741167448927 0.000236972753191367 0.000219709970406257 0.000216899458609987 0.000226013195060659 0.000235163448087405 0.00023072023759596 0.000229501824651379 0.000216443065437488 0.000197161255346145 0.000192453891213518 0.00019606131099863 0.000183040350384545 0.000174884576699696 0.000192591338418424 0.000214014145603869 0.000269126813509502 0.000256070152681787 0.000214860575215425 0.000220387591980398 0.000222823680087458 0.00020499821548583 0.000183720121276565 0.000166589027503505 0.000154002134513576 0.000153760539978975 0.0001569533982547 0.000164084197604097 0.000173081562388688 0.000187895911221858 0.000196428151684813 0.000202209973940626 0.000201314662990626 0.00016786465421319 9.43326755077578e-05
0.000391575816320255 0.000458827090915293 0.000486586321494542 0.000556249456712976 0.00042677175370045 0.000412008143030107 0.000368198455544189 0.000342124639428221 0.000258010855759494 0.000238903830177151 0.000234420166816562 0.000203526057885028 0.000229416902584489 0.00023909453448141 0.000223442442074884 0.000210443930700421 0.000235742738004774 0.000269871031923685 0.000276242919790093 0.000271175026136916 0.000282511609839275 0.000257003758451901 0.000246373044501524 0.000257003460137639 0.00026796755118994 0.000250065777800046 0.000246850475377869 0.000275338858773466 0.000267816340783611 0.000286808490636758 0.000207964963919949 0.000193831839715131 0.000187123518844601 0.000178198871435598 0.000160167797002941 0.000152631791570457 0.000149923698336352 0.0001520262871054 0.000157366707571782 0.000163321758736856 0.000172242314147297 0.000188155876821838 0.000197487635887228 0.000199107594380621 0.000167246772616636 0.00012352026096778
0.000350596287171356 0.000402633944759145 0.000403146573808044 0.000610419630538672 0.000483606974012218 0.000382900165277533 0.000358435389352962 0.000354824765236117 0.000270650560560171 0.000240649291663431 0.00019573599420255 0.000168371234758524 0.000176957198709715 0.000179457949707285 0.000220189007814042 0.000248232203011867 0.000269001993001439 0.000282936528674327 0.000268279637384694 0.000317482152604498 0.000327790470328182 0.000326953720650636 0.000327873247442767 0.000310152710881084 0.000295963745156769 0.000275791226886213 0.000266968044161331 0.00029195555835031 0.000302778300829232 0.000256549485493451 0.000204185557959136 0.000190001346345525 0.000173358402389567 0.000161400520300958 0.000153178423352074 0.000147579802433029 0.000146730270353146 0.000145192978379782 0.000150067174399737 0.000158561691932846 0.000166300621640403 0.000180156809801701 0.000190258485963568 0.00018422034336254 0.000165076584380586 0.000136889091663761
0.000333047358435579 0.000355690383003093 0.000322762108407915 0.000325936905574054 0.00033174263080582 0.000339303727378137 0.000309866142924875 0.000314012984745204 0.000291891765664332 0.000382674825959839 0.000306843798898626 0.000252031662967056 0.000216640405415092 0.000278242968488485 0.000315071918885224 0.000368888906086795 0.000319466015207581 0.000294841971481219 0.000323549893801101 0.000318440623232163 0.000307159796648193 0.000298461895727087 0.000301444657088723 0.000300082912144717 0.000302255507267546 0.000285597327456344 0.000257907799095847 0.000223512847151142 0.000217891353531741 0.000223343538527843 0.000193313081399538 0.000178783056617249 0.000169663495034911 0.000162040098803118 0.00015221783760353 0.00014994885204942 0.00014427094720304 0.000141715757490601 0.000148801101749996 0.000158653614926152 0.000162573499255814 0.000171455308736768 0.000160896046145353 0.000161128082254436 0.000161655247211456 0.000150653088348918
0.000320406400715001 0.000277097904472612 0.000280439750349615 0.000293136759137269 0.000393999982043169 0.000422016400261782 0.000358968952787109 0.000400554586667568 0.000444271953892894 0.000470021434011869 0.000378986279247329 0.000329478774801828 0.000312579714227468 0.000319140811916441 0.000326180516276509 0.000348817952908576 0.00030741214286536 0.000298679088882636 0.00029917126375949 0.000313805762561969 0.000324840491521172 0.000325564539525658 0.000314698662259616 0.000288958272722084 0.000280190011835657 0.000267565589456353 0.000253910514584277 0.000235735645401292 0.000215236512303818 0.000198662526963744 0.000186923678847961 0.00017687159270281 0.000169842326431535 0.000162277287745383 0.000154713573283516 0.000146534434315981 0.000142293135286309 0.000141398262348957 0.000148978485958651 0.000153334788046777 0.000156794475333299 0.000167331306147389 0.000175579758069944 0.00015385374208563 0.000149668301310157 0.00014805272439844
0.00026279321173206 0.000253726696246304 0.000271115968644153 0.000286302993481513 0.000292293797247112 0.000388551398646086 0.000453559649758972 0.000596297695301473 0.000671482348116115 0.000675383000634611 0.000597194058354944 0.000582529520033859 0.000360311978147365 0.00035908943391405 0.000399784298497252 0.000266644696239382 0.000260664090455975 0.000327578248106875 0.000335567342699505 0.000331049342639744 0.00031644057307858 0.00030018910911167 0.000289269589120522 0.00027036386745749 0.000266165150969755 0.00025830172089627 0.000245229617576115 0.000230068802193273 0.000213922921102494 0.000202791595074814 0.000192123933811672 0.000178978842450306 0.000166451378026977 0.000157293929078151 0.000151807375368662 0.000148737707786495 0.000143687730451347 0.000140589928923873 0.000142276958649745 0.000149463851266773 0.000150862695591059 0.000163136185437907 0.000168019787815865 0.000173854987951927 0.000149746749957558 0.000145099475048482
0.000269533573009539 0.000270615535555407 0.00026763063215185 0.00032949301530607 0.000311922462424263 0.000377734113135375 0.000470746794599108 0.000486892720800824 0.000753102113958448 0.000840552151203156 0.00055232297454495 0.000677940994501114 0.000335953940520994 0.000291035095870029 0.00044240276911296 0.000303234513557982 0.000273831633967347 0.000312807661248371 0.000306946187629364 0.00031019093003124 0.000298670111806132 0.000290236533328425 0.000277108482259791 0.000269712368026376 0.000263214102596976 0.000250354369927663 0.000239265499112662 0.000227979078772478 0.00021723863465013 0.000210731892730109 0.000198043609270826 0.000177881204581354 0.000160092799342237 0.000150012790982146 0.000146643674816005 0.000141306340083247 0.000137270999402972 0.000134096464898903 0.000135555791348452 0.000145050484570675 0.000150192985893227 0.000160259568656329 0.000165264797396958 0.000168347165163141 0.000170921378594358 0.000142307997157332
0.000254526516073383 0.000261739904817659 0.000275757012423128 0.000299196128617041 0.000306666402320843 0.000278748912387528 0.00058356944937259 0.000565174562507309 0.000551901388098486 0.000774322124198079 0.000479460373753682 0.000597681783256121 0.000340845268510748 0.000241272483253852 0.000419405789580196 0.000242380728013814 0.000246222532587126 0.000284976110560819 0.000287149664654862 0.000285798720142338 0.000286621446139179 0.000276256431243382 0.000268482991668861 0.000260611376143061 0.000254787789890543 0.000248751741310116 0.00023986487503862 0.000225776870502159 0.000210875854827464 0.00020167475740891 0.000183106018812396 0.000165592957637273 0.000151706946053309 0.000146813727042172 0.000139912570739398 0.000182814589061309 0.000133194639784051 0.000122570701933 0.000124606992903864 0.000143648184894118 0.000149141501606209 0.000158977312094066 0.000162167476082686 0.000165143860795069 0.000168965471675619 0.000143849442247301
0.00024728876305744 0.000244002971157897 0.000253773374424782 0.000278929751948454 0.000278297331533395 0.000277213720255531 0.000316460072644986 0.000459736047196202 0.000557400897378102 0.000599026249255985 0.000577139444067143 0.000604167187702842 0.000308825656247791 0.000439684686716646 0.000350016538868658 0.000247412864700891 0.000242339381657075 0.000249478696787264 0.000261338957352564 0.000274534357595257 0.000269464669690933 0.000266301986994222 0.000256279426685069 0.000247639596636873 0.000240350929379929 0.000237638612452429 0.000230562352226116 0.000216906401328743 0.000195905806322116 0.000187535205623135 0.000170955472276546 0.000159113314293791 0.000148252943472471 0.000140543535235338 0.000133417613687925 0.000132649306760868 0.000131167459039716 0.000126584010286024 0.000123639440425904 0.000142851340933703 0.000148597200313816 0.000157022874918766 0.000160809165390674 0.00016270472551696 0.00016402352048317 0.000164795992895961
0.000254221643263008 0.000230978502077051 0.000251383228169288 0.000258002814371139 0.000261373288230971 0.000265826817485504 0.000267970793356653 0.000309536253917031 0.000442493346054107 0.000579050203668885 0.000556161010172218 0.000511391687905416 0.000350172285106964 0.000478119897888973 0.000326592635246925 0.000223741789523046 0.000253474360215478 0.000255873093556147 0.00025084105291171 0.000249971663288306 0.00024806477886159 0.000256481912219897 0.000241174851544201 0.000234638671099674 0.000227216383791529 0.000224481892655604 0.00021808173332829 0.000205836458189879 0.00019013075507246 0.000179083792318124 0.000166897838062141 0.000154324799223104 0.000142351396789309 0.000134374603658216 0.000130818838078994 0.000128124005277641 0.000125143353943713 0.000125795211351942 0.000128494807722745 0.000133529529557563 0.0001477266283473 0.00015514630213147 0.000157791262608953 0.000159773655468598 0.000162146140064579 0.00016187239671126
0.000257562732440419 0.000251313748594839 0.000270300357078668 0.000255877975723706 0.00026631230575731 0.00025796060799621 0.000276814948301762 0.000288108161475975 0.000290029960160609 0.000300741450337227 0.000402703194413334 0.000371038494631648 0.000368686183355749 0.000297503381443676 0.000218239180685487 0.000255694921361282 0.000256180383439641 0.000250764391967095 0.000242594890005421 0.000233238212240394 0.00023075663484633 0.000245219760108739 0.000234230648493394 0.000226170844689477 0.000213493911724072 0.000214492589293513 0.000208494349499233 0.000193109789688606 0.000179527969157789 0.000171129277441651 0.000161310825205874 0.000151250608178088 0.00014239757656469 0.000136461984220659 0.000129935688164551 0.000129250987811247 0.000129091141570825 0.000128571679670131 0.000128237263561459 0.000128371177561348 0.000141015297413105 0.000151220866973745 0.000153458106797189 0.000157124066026881 0.000159118749434128 0.000159597775200382
0.000232077061082236 0.000227651362365577 0.000258089625276625 0.000254318614315707 0.000260499806609005 0.000271733617410064 0.000264215972856618 0.000268281692115124 0.000255768767965492 0.00025874319835566 0.000190353502694052 0.000254551364923827 0.000292384141357616 0.000268950623285491 0.000200116343330592 0.000231297226855531 0.00023051981406752 0.000221230942406692 0.000214356495416723 0.000220116495620459 0.000223168030788656 0.000234542159887496 0.000220619922038168 0.000210610307112802 0.000207749435503501 0.000205013713275548 0.000195965042803437 0.000179552084591705 0.00016675447113812 0.000158142701548059 0.000155379698844627 0.000149264134233817 0.000140934214869048 0.000133692022063769 0.000131341238738969 0.000133157505479176 0.000130669178179232 0.000130612111388473 0.000125618560559815 0.00012585890290211 0.000126427250506822 0.000144352895586053 0.000151263278530678 0.000153860888531199 0.000155446505232248 0.000155447309953161
0.000200458752806298 0.000221678493835498 0.000225578338722698 0.000231146605801769 0.000253796060860623 0.000255030336847994 0.000251302329706959 0.000253474271448795 0.000259538857790176 0.000232933546067216 0.000297585944645107 0.000214842207788024 0.000226622838818002 0.000214309882721864 0.000220192286360543 0.00020515727228485 0.000205589590768795 0.000194356255815364 0.000172829223447479 0.000155631628877018 0.000195184399490245 0.000218197655340191 0.000212696808739565 0.000201394541363697 0.000198120220738929 0.000197742666932754 0.000186128317727707 0.00016925571981119 0.000159589553368278 0.000153068718645955 0.00015066649284563 0.000144850707874866 0.000135471065732418 0.00013182772527216 0.0001375778199872 0.00013620158933918 0.000133631133212475 0.000130920929223066 0.000125128761283122 0.000121781520283548 0.000120782829617383 0.000141139428160386 0.000149913806671975 0.000150452405068791 0.000153831521311076 0.000152240123134106
0.000199169230472762 0.000211237014445942 0.000220204162178561 0.000229310205031652 0.000246838410384953 0.000257693667663261 0.000252203611307777 0.000252779229776934 0.000249283571611159 0.000258989533176646 0.000245505038765259 0.000249341024027672 0.000190904828195926 0.000180777817149647 0.000195500062545761 0.000202948674268555 0.000197476329049096 0.000197447235404979 0.00019082570070168 0.000183663744246587 0.00018026226607617 0.000203450986009557 0.000201970827765763 0.000194344506599009 0.000191017678298522 0.000191758062283043 0.000179071158345323 0.00017285673529841 0.00016486577806063 0.00015071297675604 0.000145550158777041 0.000139489796856651 0.000132946667145006 0.000136527608992765 0.00013884584477637 0.000135719237732701 0.000133043842652114 0.000126942757196957 0.000125051764189266 0.00011951409469475 0.000125707594997948 0.00014209273722372 0.000147844065941172 0.000148833511047997 0.000152613539830782 0.000157094845781103
0.00015891535585979 0.000206371386593673 0.000217166413494851 0.000232301487994846 0.000244150446087588 0.000234976758656558 0.00025005424831761 0.000236686611606274 0.000224699215323199 0.000227598486526404 0.000226016019587405 0.000213160458952188 0.000190535819274373 0.000200046449026559 0.000210696627618745 0.000231745238124859 0.000227645022096112 0.00022387321369024 0.000220160130993463 0.00020491226168815 0.000200187161681242 0.000201453838963062 0.000193020257574972 0.000186641678737942 0.000185394828440621 0.000181219037040137 0.000172363819729071 0.000166948697005864 0.000158182962331921 0.000150507066427963 0.00014397612249013 0.000137317537155468 0.000136979453964159 0.000138095267902827 0.00013650028486154 0.000134205265203491 0.00013280340572237 0.000131279940978857 0.000123305266606621 0.00011884671766893 0.000125593585835304 0.000142387703090208 0.000145605073339539 0.000150330065662274 0.000155447298311628 0.000169482509954832
0.000193408271297812 0.000191987074504141 0.000215406774077564 0.000239006713673007 0.000236700612003915 0.000202050065854564 0.000219498680962715 0.000208846945315599 0.000204228215443436 0.000205365105648525 0.000205908429052215 0.000197591625328641 0.000202776039077435 0.000203118615900166 0.000223241485946346 0.000245397620892618 0.000240494858007878 0.000231504708062857 0.000221858295844868 0.000212305464083329 0.000208208528056275 0.000200348142243456 0.000191959773655981 0.000187131160055287 0.000182848791882861 0.000174808011797722 0.000164607544138562 0.000162234919844195 0.000155649034422822 0.000147355035733199 0.000141861978045199 0.000139988859154982 0.000135991733986884 0.000134468216856476 0.00013358035357669 0.000132242223480716 0.00013129664803273 0.000129685716092354 0.000118707089131931 0.000121603133447934 0.000126950073899934 0.000141837671253597 0.000144863171590259 0.000147490903327707 0.000150935140118236 0.000154142441169824
0.000190754931827541 0.000195736024761572 0.000222559041867498 0.000223976974666584 0.000193860322178807 0.000195193714171182 0.000181310706830118 0.000183545215986669 0.000169593868486118 0.000180160520540085 0.000200736940314528 0.000185010214045178 0.000178598365164362 0.000186954737000633 0.00017644974286668 0.00019258208485553 0.00019260711123934 0.000176807345997076 0.000175753622897901 0.000178256000799593 0.000182167383900378 0.000184990835259669 0.000186877678788733 0.000185064632387366 0.000177788190194406 0.000165539032605011 0.000166947662364691 0.000161903079424519 0.000156070626690052 0.000149320502532646 0.000144733156776056 0.000139979011146352 0.000133464208920486 0.00013374853078858 0.000130444181559142 0.000129934640426654 0.000129739958356367 0.000124211052752798 0.00011771569334087 0.000122836996888509 0.000127141826669686 0.0001418843967258 0.000143949052289827 0.000142577315273229 0.000143043969001155 0.000152014494233299
0.000191494892351329 0.000204255197604653 0.000211509274959099 0.000201781975920312 0.000187027503852732 0.000178629776928574 0.000168436919921078 0.000179586258309428 0.000162353231280576 0.000202955158601981 0.000178709914325736 0.000172534937155433 0.000165384517458733 0.000180874357465655 0.000167802606301848 0.000164349935948849 0.000167089741444215 0.000171236680762377 0.000172321111313067 0.000178955699084327 0.000183404894778505 0.000185873713053297 0.00018222093640361 0.000176842683868017 0.000172792431840207 0.000169206860300619 0.000165368220768869 0.00016020273178583 0.000154603987175506 0.00015117536240723 0.000146819131623488 0.000141631074075121 0.000135192865855061 0.000136700788425514 0.000133928194554755 0.000132296180527192 0.000124800232879352 0.000117895002767909 0.000120149071153719 0.000125906922767172 0.000132290386682143 0.000139515010960167 0.000136440192727605 0.00013849103852408 0.000141311251354637 0.000141810421337141
