Scripts_&_data/Maxent_result_files_1/Bombus_melanurus_3.asc
NCOLS 594 
NROWS 330 
XLLCORNER -15 
YLLCORNER 23 
CELLSIZE 0.166666666666667 
NODATA_value -9999 
[rows 220 to 239 of 330, columns 322 to 367 of 594]
-9999 -9999 -9999 -9999 -9999 -9999 -9999 -9999 -9999 -9999 -9999 -9999 -9999 -9999 -9999 0.00152888043362509 0.0142832752724644 0.00441737594665028 0.00726883753959555 0.0352281417232007 0.0554866711609066 0.0197303198976442 0.0397545631509274 0.355613762885332 0.104564760997891 0.1009122941643 0.315633355081081 0.170185514912009 0.61775426864624 0.200504048168659 0.354107828438282 0.985673302412033 0.286562831699848 0.00653695394285023 0.0555984228849411 0.0550315236207098 0.0653578734025359 0.0200284043094143 0.0530655577778816 0.0447377692908049 0.0742717823944986 0.062598617747426 0.0433794775046408 0.0444401634857059 0.0218391265429091 0.0284197086613858
-9999 -9999 -9999 -9999 0.000918963295407593 -9999 -9999 -9999 -9999 -9999 -9999 -9999 0.00285345622978639 0.000942149131196857 0.00180581998374691 0.0869967573322356 0.332533117383718 0.0988426879048347 0.015888210432604 0.0226945326197892 0.0268200635910034 0.358193190395832 0.409754084050655 0.174702828377485 0.21242570579052 0.0554289056919515 0.785147315263748 0.737949138879776 0.932323175668716 0.942706882953644 0.19747264161706 0.944894486665726 0.58157180249691 0.0896988019347191 0.0519102675840259 0.0515627898275852 0.0516474485397339 0.172535495180637 0.120429142564535 0.0159570511896163 0.0212090464541689 0.0307796414126642 0.0430473943240941 0.0142592657211935 0.00878107713178906 0.0138122734118951
0.00115137650063843 0.000353853868000442 0.000860209472557472 0.00176107962724927 0.0133935753867263 0.00432643516905955 0.00616921105829533 0.00235083969600964 0.00541940605035052 0.00445986156119034 0.0130137865271536 0.0019284576231712 0.00861007166095078 0.00782430418767035 0.211419367417693 0.464761674404144 0.0534586040303111 0.192317675054073 0.0851569093763828 0.722687885165215 0.83911457657814 0.886726897954941 0.803954142332077 0.781360858678818 0.688168284296989 0.618060111999512 0.980244594812393 0.813793987035751 0.966799610853195 0.777177947759628 0.806763815879822 0.820715975761414 0.80869368314743 0.974777686595917 0.118275810778141 0.0410297084599733 0.0874575508758426 0.106730649247766 0.062585717625916 0.298660520464182 0.0142264377675019 0.019238277443219 0.0923138694837689 0.078911364544183 0.249749507009983 0.0663220603018999
0.00140724493739981 0.00194663373258663 0.00332758584045223 0.025444605841767 0.121941876038909 0.00617203883302864 0.0136195164872333 0.00222526401012146 0.0198594093555585 0.00428612126706867 0.126972709409893 0.0141324253025232 0.756078553199768 0.737273091077805 0.840874260663986 0.741223937273025 0.565169063210487 0.524408334493637 0.770908063650131 0.468011313676834 0.651448401808739 0.528621342778206 0.889020925760269 0.982855832576752 0.99428163766861 0.998868441581726 0.619634404778481 0.216698622703552 0.189667934179306 0.576760083436966 0.787380874156952 0.832081013917923 0.507673355937004 0.996775025129318 0.867365962266922 0.793046894669533 0.349019403755665 0.0811883684247732 0.0215510750655085 0.163291124999523 0.107915586791933 0.0797379909083247 0.0851101815700531 0.193318871036172 0.044632625207305 0.0492657573893666
0.661548778414726 0.815844744443893 0.315042440593243 0.476587277650833 0.881475579738617 0.910169619321823 0.930187427997589 0.648495596647263 0.886407274007797 0.179405262321234 0.727672347426415 0.66791660785675 0.954594004154205 0.976988869905472 0.59779239743948 0.873172467947006 0.984910202026367 0.673091831803322 0.868960672616959 0.992373883724213 0.906643062829971 0.954335671663284 0.958420389890671 0.945251840353012 0.855048459768295 0.961757385730743 0.911031424999237 0.0570876891724765 0.466605916619301 0.507693499326706 0.6444819688797 0.986598414182663 0.999698102474213 0.994260692596436 0.86167825460434 0.630992639064789 0.76976600587368 0.128708094917238 0.521339374780655 0.693558615446091 0.734269499778748 0.107931784167886 0.694939067959785 0.230121255666018 0.105096384324133 0.0628826117608696
0.961491477489471 0.931842941045761 0.912118202447891 0.803321093320847 0.925557279586792 0.968994653224945 0.968295830488205 0.987646847963333 0.990470725297928 0.976183933019638 0.964112836122513 0.999080181121826 0.89928674697876 0.993871253728867 0.972134333848953 0.96882261633873 0.961569011211395 0.930187875032425 0.983678895235062 0.971787524223328 0.994456034898758 0.999103432893753 0.99578070640564 0.996522122621536 0.345912602543831 0.203895985335112 0.381173904240131 0.987092214822769 0.959793049097061 0.471090289950371 0.546067848801613 0.98944593667984 0.987965047359467 0.999956125020981 0.491228565573692 0.781380921602249 0.726115575432777 0.878682243824005 0.443103274703026 0.853498774766922 0.992988055944443 0.898075246810913 0.440206973254681 0.325760470330715 0.212117440253496 0.095980772934854
0.934766381978989 0.929149150848389 0.876128393411636 0.737000572681427 0.971628946065903 0.974940395355225 0.947310918569565 0.985857605934143 0.807199305295944 0.996612542867661 0.962400591373444 0.997777473926544 0.990474998950958 0.995420527458191 0.994124537706375 0.962975227832794 0.997444772720337 0.996125888824463 0.997113710641861 0.996712672710419 0.986787414550781 0.986087000370026 0.978322046995163 0.459205028414726 0.994714784622192 0.990094417333603 0.952715885639191 0.988679093122482 0.939972698688507 0.880221539735794 0.781199133396149 0.722920292615891 0.744939547777176 0.676750332117081 0.780255085229874 0.775520223379135 0.925991302728653 0.997704744338989 0.988728839159012 0.828631412982941 0.607994276285172 0.987602281570435 0.999728155136108 0.996815264225006 0.48661715388298 0.33241188377142
0.976134562492371 0.848529332876205 0.891591542959213 0.966349047422409 0.979082757234573 0.7687156021595 0.889145660400391 0.896338313817978 0.941917878389358 0.973718369007111 0.970887446403503 0.978962421417236 0.980953806638718 0.986847501993179 0.998209053277969 0.998337054252625 0.999989306926727 0.98906626701355 0.975509268045425 0.947404265403748 0.930158680677414 0.86685978770256 0.762539798021317 0.932580357789993 0.86552956700325 0.99594064950943 0.999745404720306 0.99818828701973 0.984611839056015 0.856409847736359 0.412488290667534 0.210824423283339 0.0597299107350409 0.0614455372095108 0.492198222875595 0.738374149799347 0.939818900823593 0.989830940961838 0.998450338840485 0.949533581733704 0.984270870685577 0.998312938213348 0.996724158525467 0.959633541107178 0.381113995611668 0.0704744949936867
0.631517469882965 0.644231271743774 0.933976328372955 0.932718652486801 0.885082584619522 0.964247727394104 0.985345458984375 0.938320326805115 0.696866512298584 0.718057978153229 0.862092381715775 0.759777164459228 0.973827755451202 0.946504753828049 0.976654899120331 0.992453217506409 0.995485979318619 0.998765683174133 0.969812709093094 0.624086010456085 0.851777499914169 0.960946261882782 0.997477126121521 0.989159232378006 0.96897200345993 0.934913182258606 0.975926452875137 0.993554705381393 0.990996503829956 0.976631075143814 0.654321551322937 0.322862692177296 0.312383678555489 0.299174550175667 0.24585802257061 0.136824184283614 0.70709422826767 0.846246457099915 0.99626550078392 0.993640971183777 0.986864393949509 0.998413640260696 0.996075063943863 0.998534619808197 0.997731328010559 0.489265006780624
0.90417612195015 0.943509316444397 0.808480387926102 0.838032287359238 0.717070287466049 0.933326029777527 0.982661670446396 0.934003663063049 0.766371423006058 0.543350037932396 0.44508455991745 0.721727961301804 0.954939728975296 0.967775821685791 0.989914518594742 0.990275204181671 0.969017016887665 0.958358508348465 0.966444337368011 0.978593641519547 0.984655791521072 0.998943769931793 0.9982550740242 0.995650261640549 0.95282536149025 0.847202068567276 0.794824457168579 0.862105906009674 0.971544015407562 0.998811119794846 0.988802373409271 0.948361372947693 0.734342873096466 0.589979791641235 0.639764034748077 0.12800469622016 0.346406474709511 0.73815341591835 0.524365839362144 0.889823222160339 0.964937800168991 0.966403245925903 0.999159985780716 0.994279623031616 0.986697453260422 0.518380665779114
0.440669551491737 0.293951866030693 0.548326024413109 0.652762007713318 0.872209733724594 0.891391777992249 0.793498557806015 0.642467957735062 0.789690679311752 0.619121438264847 0.83332571387291 0.802535665035248 0.831846183538437 0.693419522047043 0.965572375059128 0.94515175819397 0.813010531663895 0.802986353635788 0.708866646885872 0.847671288251877 0.831208908557892 0.78938250541687 0.717800354957581 0.604574567079544 0.781693118810654 0.662627866864204 0.589829608798027 0.921681332588196 0.92308070063591 0.941529709100723 0.987766373157501 0.715318167209625 0.881261640787125 0.836521887779236 0.803761941194534 0.223024733364582 0.17805242612958 0.326485054194927 0.542176547646523 0.892236042022705 0.964711678028107 0.995633214712143 0.999234437942505 0.991163861751556 0.999970746040344 0.999978530406952
0.616945958137512 0.890940517187119 0.886959099769592 0.734072417020798 0.759701269865036 0.953306442499161 0.760002624988556 0.644357362389565 0.794285172224045 0.641944435238838 0.68804692029953 0.878605943918228 0.869590574502945 0.87580743432045 0.821009546518326 0.941492295265198 0.97452141046524 0.834973293542862 0.483013373613358 0.66517174243927 0.839261358976364 0.338754098117352 0.461115714907646 0.261833396553993 0.353410461544991 0.678575220704079 0.92444474697113 0.990207237005234 0.997798997163773 0.99038143157959 0.993032270669937 0.97550106048584 0.904923534393311 0.984918534755707 0.479175579547882 0.491961261630058 0.292411749064922 0.245442345738411 0.188232720829546 0.610237234830856 0.455811116099358 0.462500455975533 0.988331705331802 0.996120697259903 0.993003559112549 0.322458876669407
0.613339501619339 0.780798071622849 0.593338450789452 0.700484442710877 0.41215632557869 0.619555056095123 0.411305940151215 0.507538843154907 0.482990947365761 0.291106797754765 0.29280948638916 0.46492412686348 0.74311780333519 0.662662470340729 0.42841389477253 0.362201906740665 0.73662428855896 0.720474380254746 0.384555411338806 0.479606851935387 0.219741000235081 0.172337074577808 0.216544835269451 0.255108800530434 0.403723511099815 0.827701663970947 0.900212556123734 0.937469065189362 0.986816430091858 0.988171362876892 0.922531163692474 0.88071506023407 0.977065116167068 0.9760478079319 0.982316833734512 0.796707159280777 0.368715497851372 0.257358728349209 0.124975318461657 0.119677109271288 0.263510496914387 0.334470753371716 0.55358604490757 0.961483162641525 0.926508069038391 0.310413029789925
0.11273210644722 0.107366376370192 0.229697056114674 0.274503713846207 0.16045653000474 0.102170076593757 0.1047617752105 0.060309124365449 0.12666297480464 0.347607699036598 0.128271716088057 0.526087331771851 0.333051058650017 0.616007077693939 0.607442331314087 0.503721830248833 0.197399359941483 0.201459990441799 0.319422872364521 0.222585232555866 0.176030023396015 0.432984089851379 0.145266753435135 0.413771417737007 0.266234138607979 0.50932309627533 0.633214002847671 0.995478838682175 0.945291268825531 0.831714862585068 0.984328383207321 0.692427721619606 0.837203878164291 0.958933484554291 0.984591919183731 0.757791185379028 0.53006417453289 0.158837446570396 0.0700577449053526 0.130728696286678 0.156228828430176 0.351942810416222 0.171884825080633 0.721839565038681 0.992404466867447 0.508277732133865
0.0591155946720392 0.028022338822484 0.0233145999722183 0.0494773726910353 0.122345877438784 0.049343984387815 0.0687043130397797 0.0630128396674991 0.0919565912336111 0.206130374968052 0.290127709507942 0.205545075982809 0.0908372785896063 0.0801640555262566 0.345323079824448 0.0811548124998808 0.12572692707181 0.137716951966286 0.188043188303709 0.19919393286109 0.197895047068596 0.667094624042511 0.597508504986763 0.687584987282753 0.889822244644165 0.756713515520096 0.532176306843758 0.895512533187866 0.676461398601532 0.640545752644539 0.961898535490036 0.866451478004456 0.725171837210655 0.873918926715851 0.894940328598022 0.819864094257355 0.625294804573059 0.288598987460136 0.255839435756206 0.169581731408834 0.170719524472952 0.228108511865139 0.263747270405292 0.308386611938477 0.322866623103619 0.779082298278809
0.0739179145544767 0.0569601041264832 0.0923882693052292 0.0698964154347777 0.171079010516405 0.108348613604903 0.0456052942201495 0.0845314025878906 0.0792269729077816 0.101897627487779 0.0920032672584057 0.0772223927080631 0.201044780015945 0.582150268554688 0.346091255545616 0.428812304139137 0.442878466844559 0.110694750398397 0.115420235693455 0.131786312907934 0.422148647904396 0.556590357422829 0.870313239097595 0.434578761458397 0.810193288326263 0.87063165307045 0.433082318305969 0.598006039857864 0.866399610042572 0.775252908468246 0.703174528479576 0.774651122093201 0.642028567194939 0.798613697290421 0.924174571037293 0.770225822925568 0.657944229245186 0.340249094367027 0.219326962530613 0.097182971611619 0.117142176628113 0.42639936208725 0.908616459369659 0.580722531676292 0.371280282735825 0.417321999371052
0.101765352860093 0.105943712033331 0.0620986649766564 0.0120753189781681 0.0340588892344385 0.183537689596415 0.0365737070329487 0.0523666526190937 0.106786658614874 0.0279724943451583 0.0317202711477876 0.0558869544416666 0.099286151304841 0.107830872386694 0.10496530123055 0.299653343856335 0.396878522634506 0.46910420358181 0.279810963571072 0.0635432488285005 0.406391634047031 0.921954315900803 0.20275521799922 0.329963545501232 0.342272873222828 0.353405557572842 0.415672206878662 0.517852729558945 0.860425639152527 0.752355408668518 0.759214532375336 0.724663624167442 0.714418572187424 0.771811264753342 0.884427279233932 0.907783418893814 0.435702270269394 0.159002668038011 0.0880521383136511 0.0652333121746778 0.11793625280261 0.189403475821018 0.407231038808823 0.736015653610229 0.738566088676453 0.489130848646164
0.121280525997281 0.0920251499861479 0.152624721080065 0.140802027285099 0.186450377851725 0.0527580718509853 0.026273878198117 0.0132954679662362 0.0202793373726308 0.015118420845829 0.0165990819456056 0.0176278936676681 0.0126503366744146 0.0229500043205917 0.017861540382728 0.035997349023819 0.128185991197824 0.312013413012028 0.232013704627752 0.664026585221291 0.932434070110321 0.839564335346222 0.945613360404968 0.692287680506706 0.586449414491653 0.796113479137421 0.390139785408974 0.762193357944489 0.891858410835266 0.69798424243927 0.764288884401321 0.72022460103035 0.8330078125 0.823231381177902 0.776980096101761 0.730899828672409 0.29689876139164 0.153161676228046 0.218793839216232 0.251645793020725 0.197570054978132 0.177643852680922 0.211400411278009 0.193474265933037 0.396430799365044 0.553802442550659
0.0663842407986522 0.226151544228196 0.167490286380053 0.0695282191038132 0.0694189704954624 0.0128845273051411 0.0188010548707098 0.018564394954592 0.0122090466320515 0.00723494249396026 0.00350852826959454 0.0174168439116329 0.0180598389357328 0.0229397984221578 0.0155754203035031 0.00113443310547154 0.0383064427413046 0.0273480957839638 0.0523347830399871 0.175854907184839 0.262283572554588 0.356370785832405 0.622525477409363 0.461461988091469 0.743191874027252 0.818902707099915 0.724008619785309 0.641975262761116 0.626711267232895 0.743188840150833 0.714002931118011 0.75235208272934 0.856054842472076 0.672384774684906 0.787099307775497 0.58862487077713 0.379451704025269 0.111331545934081 0.193520674854517 0.147416543401778 0.117748330719769 0.650215700268745 0.588025003671646 0.202392841875553 0.354755303263664 0.38071982562542
0.0548048105090857 0.152727641910315 0.0235361586790532 0.0106746449600905 0.00421217666589655 0.000466630109076505 0.00024471549095324 0.00120985424218816 0.000421596836895333 0.000276413164101541 0.000186590390967467 0.000352525495327427 0.000301694747213332 0.00174308583518723 0.00148860085610067 0.000141535482998734 0.000141182216566449 0.000891485342435772 0.00568448962876573 0.00410472499206662 0.0198250835761428 0.147372999787331 0.173684641718864 0.252807748317719 0.421908533573151 0.740693384408951 0.526808661222458 0.562436935305595 0.483973374962807 0.707880610227585 0.733494794368744 0.846546965837479 0.493478894233704 0.61247141957283 0.689752507209778 0.280463247001171 0.282037664949894 0.226005207002163 0.116954855248332 0.276211835443974 0.232321426272392 0.242713104188442 0.240922790765762 0.123637858778238 0.0565459742210805 0.227236462384462
