Scripts_&_data/Maxent_result_files_1/Bombus_modestus_2.asc
NCOLS 594 
NROWS 330 
XLLCORNER -15 
YLLCORNER 23 
CELLSIZE 0.166666666666667 
NODATA_value -9999 
[rows 60 to 79 of 330, columns 176 to 219 of 594]
-9999 -9999 -9999 -9999 3.9380662100208e-05 7.30559663823516e-05 0.00028534114224219 0.000242376238012898 1.23249171587458e-06 3.33039869395146e-05 1.05582639663426e-06 1.00287969912349e-05 2.39386531934782e-05 1.77226860387236e-07 6.67147919131139e-09 2.17780625467734e-06 2.45589005132274e-08 6.03212350069882e-09 5.28993618909013e-09 1.37313134640493e-08 5.6862981523409e-08 2.05925169893817e-07 1.50429940504182e-08 6.98139933785757e-07 4.91139338976154e-08 2.2579701362746e-05 1.45045178214787e-06 0.000112103845462919 2.58704349113681e-05 0.000144905433997899 0.000320194487049563 0.000236919519418388 0.000164532708027054 0.000183611991842103 0.000259425170972805 7.10938056732724e-06 2.85878347661139e-09 6.41712571969322e-11 2.97770378665518e-07 3.06038749897652e-11 2.4201670667523e-10 7.69044223858373e-09 7.94675503179576e-10 4.03241062763016e-10
-9999 -9999 -9999 3.97441351109862e-06 2.41614667838341e-05 3.7014688961412e-05 -9999 1.19810556498123e-07 5.28808584476792e-07 2.55783106697383e-06 3.63796473720868e-05 1.77627226261023e-09 9.61103832075594e-09 7.33509693873202e-08 4.50955695896482e-08 1.27595971213812e-05 1.61207783097361e-05 5.14023969344635e-07 9.54127322927434e-08 2.96630054436364e-05 2.75780429092265e-05 5.36484435542661e-08 2.75572148211722e-07 3.53129407818509e-06 6.81233632360279e-06 1.42177701495161e-05 9.56468611583716e-06 7.02757806730903e-06 6.46405795148408e-05 0.000428444263584893 0.000218384689675954 0.000300070265106922 0.00032555712390423 0.000373939052281047 9.18271747677002e-05 0.000334410718687872 2.13616692690266e-07 6.49461262547391e-11 2.31365815395179e-10 1.58054687116049e-09 6.59881371767312e-11 4.42056991012407e-10 1.60088253764457e-09 3.8804360835698e-10
-9999 -9999 -9999 -9999 -9999 0.000383683495818277 1.69082377401431e-06 5.48504758646207e-06 8.50495598588852e-06 6.62675975048321e-06 6.10428958935927e-08 1.95762783761211e-09 1.20896495037215e-09 1.85534932306552e-08 2.56771437889824e-08 1.41463169711642e-06 6.62446859689414e-07 4.33670738864134e-06 0.000312376458990149 8.30859380585025e-07 5.63520688956487e-07 7.64079334913959e-08 7.11925445102679e-06 2.94929713390957e-05 9.85736664915748e-07 8.38479287267546e-05 0.000142643606527515 0.000449460465484519 0.000307666166933129 0.000362566276477905 0.000300655548953899 0.000293501053274725 0.00021646962271058 0.000303083600056142 0.000307740795009226 0.000308072636905454 3.21507453921677e-05 3.65460294915465e-08 2.88345902710319e-11 1.73008696258137e-10 6.46617870359023e-11 1.80592296672444e-10 2.91496271564995e-11 4.64262184252107e-11
-9999 -9999 4.5433048914012e-05 2.70021745906179e-06 2.14375539542289e-08 3.00369131322253e-05 0.000157203636619951 6.7633842825332e-05 6.00903434837985e-05 2.01878958705493e-07 2.08694084236072e-08 4.42295567948392e-09 5.21774859318924e-08 2.66970426876512e-09 3.81395665272066e-08 3.55309057352704e-06 3.22806099586348e-06 2.46432750827807e-07 7.14846791538548e-08 9.51041386088036e-08 1.38852778946763e-05 5.10220820615359e-07 9.55706091243513e-06 0.00181612774570887 0.000106219423472198 0.000137301979064863 8.29414639175186e-06 6.94978283732994e-05 0.000191867857942418 4.94091931618423e-05 5.22744419872878e-05 0.000340725918094131 0.000123829732186143 0.000285252480560849 1.85221986614192e-05 2.37642416325845e-05 0.000144909229133461 3.04539139506232e-07 1.56805746165389e-10 1.02774966315167e-10 1.30211219584453e-10 9.94359261596855e-11 9.6127839022131e-11 3.54907458977038e-10
0.000878175870426023 4.84113969755562e-05 0.000610023403199489 1.86767841674373e-05 6.4883205411459e-05 7.72681225679417e-05 0.000729527593345114 6.1379389704852e-06 7.63168486628274e-07 1.35838021231294e-07 1.06519141815919e-06 5.39794484666345e-08 3.59293355067791e-09 1.80346273737086e-07 5.92580113334407e-07 2.83003851109243e-07 1.15928221937511e-05 6.2537282019548e-08 9.00604675280192e-08 3.35193135470035e-07 5.72323720859913e-08 2.00230806515211e-06 1.88601896411456e-07 2.0139009251352e-07 4.06077735539245e-05 1.76242625465339e-05 1.06249208331133e-05 8.39709508016151e-05 1.45480335052794e-05 0.000110600219343504 1.39839039903222e-08 3.89987961924021e-09 5.54533641228261e-11 6.15970662920518e-08 7.82774289831423e-11 1.4444258011892e-10 5.70783531550489e-11 8.38607294717519e-10 7.70104321645704e-08 1.64987890016732e-10 4.97386909437125e-11 8.14187939290889e-11 2.61546029278748e-10 9.97989291207091e-10
5.85081777881857e-06 2.13891875474603e-06 4.24380200860774e-06 5.79278538125672e-05 0.00548449376841798 0.000209130062682639 0.000180011711308792 5.46210831904981e-05 1.92903007700806e-07 2.81630505931219e-05 8.18540283964442e-06 4.16692867988289e-09 8.95578253334861e-08 8.20935997591921e-07 9.05459862643454e-09 1.36544654472104e-09 1.86340230361459e-06 4.42095570186707e-06 6.17960358806346e-06 2.05063130129246e-05 2.84285779348581e-05 0.000156287243598885 1.79306305655658e-05 3.70278357879617e-06 2.3759984287941e-06 2.69869478872753e-06 1.08573913167098e-05 0.000405423389796877 0.00026523861453317 6.70428585181071e-07 1.35754197572169e-07 5.56917072458418e-08 1.29744029209178e-07 1.8327424022857e-10 1.29144017702032e-10 7.83143105920203e-11 9.69380020698907e-11 7.04189034195224e-08 8.50218526693425e-08 0.000258807241347603 4.08664504902845e-07 1.58295974017619e-07 1.06493995843948e-08 1.63021232069127e-08
1.85892169213275e-08 1.724564117489e-06 3.93522102588473e-05 2.17256609184036e-05 5.4464420831124e-06 0.000345620818841352 0.000204112754029462 8.62281396507569e-08 3.26532223482445e-08 1.03725579680969e-08 4.34219992939688e-07 4.97614976779914e-08 3.93694390371513e-06 2.49344106125648e-05 1.05945048289868e-06 2.31603394241775e-06 1.74055007847729e-06 1.03167976561735e-07 1.47076116266964e-05 0.000107394051157683 5.36707197795749e-08 1.17214362021612e-05 2.14929013965248e-06 2.65120365838811e-07 9.91857866949886e-09 1.35125529943103e-07 1.03550642727157e-08 1.64701285942925e-09 1.41745049031528e-10 3.26226146096786e-10 1.71549929817161e-10 4.04569497902685e-09 9.86163986027577e-09 1.04510211595965e-10 2.02969818730026e-10 5.58968682451422e-10 2.6651222340135e-10 4.70177887734735e-09 1.21841367217712e-08 2.40906361526072e-10 1.23556598286001e-10 3.45337376472798e-08 8.25753630806503e-08 1.61187446445776e-07
3.01406782909908e-07 2.77212956967254e-07 5.28259043619528e-08 1.94528256550752e-06 4.20953767843457e-08 8.96151708396076e-09 0.000592681052527677 0.000234194721278558 7.3893821538884e-06 7.51577840685247e-07 6.79499244168324e-06 1.53068930330846e-07 2.76886964467593e-09 1.05478140995929e-06 2.37887496041922e-05 1.690602539417e-06 3.50679372789986e-05 6.84809172548984e-05 1.76232351808747e-05 0.000873060291981287 0.000230032036786076 0.000132999572090908 4.78407200719122e-06 9.15237507115307e-08 2.54675580890762e-07 1.46511939647098e-07 1.05638800818042e-08 1.00377083533942e-08 1.10396653596467e-07 1.16144257163997e-06 5.83206878346232e-09 6.28490737231147e-10 4.67264618109198e-09 9.46256420775171e-07 9.24804638202659e-08 5.39039751856762e-07 2.91016579723191e-08 3.28384142100901e-10 9.65991402424038e-09 5.82085483813444e-08 4.71279079761189e-08 4.24912371954633e-10 7.67101031584616e-09 5.61753708439028e-08
1.91432217633292e-08 2.31598372701924e-09 3.2200890665024e-08 1.61326538546946e-06 5.26802466538356e-07 3.46771537351742e-07 9.46209115693097e-07 2.14797196917971e-08 2.92949778213369e-07 2.89732622604788e-07 1.28163301277295e-05 0.000872390380236099 4.12573048391596e-05 1.13445050375693e-05 0.000183520303127416 0.000217781175185883 1.96840126596043e-05 6.85330014704721e-05 0.00221712087075805 5.09011874783027e-07 3.28103144653369e-09 0.00043251562167822 0.000554017664471129 0.000754333252677519 0.000710616179356094 1.62672182341894e-05 8.06855638302295e-08 1.64877449471135e-09 1.21035757416621e-08 2.60975419053011e-08 4.18051175898881e-08 5.26603787420754e-07 1.21951505321904e-06 1.33224320962855e-05 3.82123480451302e-06 0.000127381354106781 0.000904649798777635 8.04065857669123e-06 1.37254141918675e-07 2.71927251560555e-07 2.08662961088346e-05 2.35105649155631e-06 4.46709818793245e-06 1.50276631757595e-05
5.75420544931537e-06 1.61766342900993e-06 1.01196172183737e-05 6.85588038334961e-06 6.78319745973655e-05 3.39749873105033e-05 6.94848313298468e-07 1.13422376557537e-07 1.88661158517789e-07 2.07585817412204e-06 7.5075309725281e-06 0.000112814274330664 0.000156314074417407 3.12675045283872e-05 3.84153545385235e-06 1.15698314857582e-06 2.8318060686261e-06 4.5816231875051e-08 1.29742394605614e-09 4.45628465683967e-08 3.38271917144084e-09 9.61646273722749e-10 5.5306439890046e-07 4.82190618645295e-05 2.85446226655495e-09 1.51938337467072e-07 1.95411310244253e-08 1.60850408548185e-09 3.15903503356196e-10 5.76674832331037e-09 8.13926117615438e-09 7.5621928772307e-07 1.47311151522889e-05 6.49588446322014e-07 6.24143031022761e-06 1.0065257083669e-05 2.53075901129329e-05 0.000704074883843841 0.00498130153917319 0.00102078956553759 8.36445135072084e-05 0.00021513997926873 4.33479872301579e-06 7.57161046749388e-07
4.79424879819001e-06 1.6923471412722e-05 3.39744001398579e-06 9.32043212753531e-07 8.35495075091064e-07 3.60486417842032e-05 5.19823384910745e-05 4.11493056219792e-05 8.65195143019415e-06 2.13357197941244e-06 6.06441681167968e-06 1.16340386741465e-05 0.000410601001995359 6.11434545146006e-05 1.62983519659266e-06 3.50336968324427e-09 1.55226755893523e-09 2.23251301889604e-09 6.70623649057234e-07 4.82197748408186e-07 5.16619343216007e-07 5.83719850233422e-11 1.80881654099352e-10 1.7732899149081e-09 7.2243416582296e-09 1.27165193930523e-09 1.1787630871396e-09 2.97873259391679e-10 1.44258189838098e-09 2.63520449905741e-09 3.05270475564612e-09 3.46900236536385e-08 5.16436746702986e-05 0.000440154608815613 2.34575411015347e-05 0.000456297339417144 0.00590894687964213 0.0058297988033349 0.0121774036462195 0.016547314798845 0.00249331651339455 0.0129517459815025 0.000105079751330772 0.0017569254710547
1.38798519344618e-08 4.59818899400943e-08 9.78195578227314e-07 4.77782646157721e-07 9.19840786106629e-06 4.71027633487386e-06 9.84564307235147e-05 3.4349081401952e-05 9.93525463865996e-07 2.03700983553157e-06 0.000205089536048852 8.03265269520792e-05 3.47219436674928e-05 7.0387573221109e-05 0.00032055915803525 3.70602072511494e-05 3.91051071346737e-07 2.99480307219824e-09 4.61488724567971e-07 6.50665299417597e-09 5.96749453052325e-07 7.15806407924902e-07 2.40370582105243e-08 3.19141322258076e-09 2.16492512805644e-10 1.44376905097943e-08 5.86348622988453e-09 5.21840902933945e-08 1.37090614772406e-06 0.00010923551453913 3.02180633299676e-05 0.000134665105726817 0.00164261651236781 0.0211534991894341 0.002865915093799 5.41241039184626e-05 0.00133457388734202 0.00372045636212864 0.0995137821020762 0.0348900066222996 0.00527544602015269 0.0312043393196745 0.000309390999180092 0.00563744980060008
2.82277022733979e-07 7.99911831619315e-06 2.22145554292785e-06 6.49763330784481e-07 7.37600876173916e-06 2.31961132612923e-07 2.34057930361242e-05 0.000211287848675623 0.000218802542109442 0.000180567576914825 0.000172219742685475 4.37280341432089e-06 3.17510560066125e-09 7.74877321418899e-08 4.00380858993632e-06 1.78265088379703e-07 5.74347495785332e-08 4.97946537336702e-09 3.16301118630236e-09 2.49104881167028e-10 2.18391910493665e-06 3.10093798816524e-07 7.50796562698497e-09 4.17456180734632e-11 4.6826632571495e-10 9.30773680352104e-10 2.19196367723384e-09 5.59718316139879e-08 3.53208255551518e-05 9.00835693763424e-06 0.00046409366188207 0.000256297667515892 0.00326949208995988 0.00180161870092919 0.0228426538472825 0.00272070490766835 0.0282259944923473 0.00901069250143559 0.0146487616065638 0.0139734704073416 0.0366894347927882 0.0330442154520824 0.0449755997753243 0.00751951248158633
3.97712137791828e-06 9.56258489227202e-05 7.52589228833256e-05 0.000143740509531387 1.15069478853203e-06 2.18311738537924e-06 2.5812225067734e-05 1.11029276013808e-05 0.000186585189673516 0.000129985241806296 1.84755754164101e-05 2.90141042569303e-07 4.1782022890624e-06 2.87955572275678e-07 3.7549959808203e-10 7.87485809894406e-10 8.27363546562765e-09 7.61854135333806e-11 2.76673439714159e-10 1.05545817641328e-09 3.89667065281429e-10 2.0873730521842e-10 6.64851722831372e-07 9.03681666386547e-07 1.03105999471609e-07 7.5746934280474e-10 1.74111399076082e-08 7.47646588195039e-08 4.34534285886912e-08 3.28361511492403e-07 5.94027517308859e-07 4.14337642727802e-05 0.000130127463491503 0.00155008388689707 0.00184617633944659 0.00670769549975577 0.0198405631002469 0.0572425309997925 0.0756132079754025 0.277819688851014 0.0132349856987275 0.0111606871734011 0.0423194707525454 0.0960350523491798
8.10331075679072e-06 1.73127140461471e-05 2.870749449424e-06 3.40263482949799e-05 0.000123528228146696 6.56138377064241e-07 3.86758697686895e-06 2.46398587933072e-07 2.1659991762446e-05 1.3480992677728e-08 5.1578702198185e-09 6.17097441590886e-08 3.69366560448725e-08 1.002393084093e-08 5.10133801867596e-09 5.31938049164182e-11 7.18764492368962e-11 2.65174271429913e-10 5.0184437938583e-09 3.6381675450059e-09 1.07412506666904e-09 2.02806271776268e-10 2.05313770429427e-09 3.3141312805185e-09 4.19753272140611e-09 2.07514794237085e-10 1.37897400165343e-09 8.00649235799256e-09 6.49584084300159e-09 1.64566795035626e-07 2.86104230329598e-05 3.14860742950729e-05 1.273285647585e-07 1.01394510118702e-05 1.98696267036835e-05 0.000124141207201689 0.000523504661419694 0.00523487981502637 0.583658843301237 0.0250803727556288 0.107301056373399 0.0070704834254542 0.0945772254170151 0.0510283884450701
3.08519520340944e-05 1.25447350004415e-05 7.96286913135824e-05 0.000129921166813318 1.97296969421279e-05 6.5158346843841e-06 0.000349800364820529 8.05798204509656e-05 2.10444239206131e-05 1.33381341527183e-08 1.42476088704768e-09 7.90747090029242e-10 9.46964733294919e-09 9.9692480937108e-10 2.10424544455634e-10 1.50220058614536e-09 3.19714381191716e-08 3.88554457497747e-09 1.8182961136759e-09 1.10886255288989e-08 5.25917653870778e-10 6.69686173182527e-09 1.75719079287262e-09 3.24337943169439e-09 3.07283878342446e-09 1.92814666455376e-09 1.26605297623428e-07 4.59717745115995e-07 2.20165061365352e-06 3.94317751784001e-09 4.05575910633615e-09 4.28441790066847e-06 0.165879330807365 1.49634655829178e-05 0.000307247298774982 0.00181733858781131 2.2771765543661e-06 5.86075730105717e-06 0.000170845852495538 0.0224942338821847 0.116445561547152 0.0108729287043399 0.0379666456707795 0.0446742989639247
1.58501894479746e-05 6.24468593782401e-05 5.74604971937953e-05 0.000123206048747704 3.55478143332033e-05 0.000100765273968184 2.40437642791469e-05 2.05304364502723e-05 1.10300027245103e-07 2.32382859621794e-09 4.30796571748715e-09 4.30530944228735e-11 3.39503687385445e-09 2.10930557311695e-06 2.53854631885542e-05 3.9296240038178e-06 5.41988516289393e-09 1.44065780638414e-08 3.30504577039648e-09 2.79349883225422e-09 1.29418576966245e-09 3.56957408076397e-10 2.16253191354099e-07 1.23326465484297e-08 2.7569673193284e-07 3.51263029330084e-08 6.71985648115214e-07 3.72038027762756e-07 3.19290084009882e-06 6.76647723597545e-06 3.96093048044555e-05 0.000104999652833282 4.42632168424217e-05 0.00258257789566979 0.00499680191337727 0.00911336317975787 0.0026323554109756 0.00279072262390885 0.00927529943327841 0.00143405509480211 0.0162638723893186 0.000103972890095527 0.00555371745545018 0.00731135390911483
1.86378129018894e-05 2.99887607988159e-05 4.37211914701252e-05 3.99551878226267e-05 9.50757203110886e-07 7.59856338856668e-06 8.63897585089424e-06 4.40114035884509e-06 2.63634758468356e-09 5.3617180029164e-09 3.45784901585322e-06 3.61781462743238e-07 4.92389297335194e-08 8.85319799692752e-09 8.96634588798406e-10 2.02972010754365e-08 2.79978910266987e-07 1.50332052727409e-06 3.0650142889721e-06 5.75752505937999e-07 1.11016656101359e-07 7.43089685784071e-07 1.02688620984281e-07 0.000281817634830195 0.000113070851054953 5.7172433117203e-06 1.68974685266221e-07 6.12440981061502e-06 2.00015361771611e-05 0.00283388495848556 0.00217655664326568 0.00321731856126465 0.00347634712265781 0.0155958224133804 0.00617953352793046 0.00679375908786142 0.0432244614527008 0.00493469240060449 0.0138296715827892 0.446843774383888 0.0399684747221386 0.00908020107280834 0.00261434841073015 -9999
0.000122626344097576 9.20346326934163e-05 8.25866853160662e-05 2.86719514412503e-05 2.44920149275907e-05 4.36306458149849e-05 7.97372322274281e-06 2.17543913549889e-07 2.98225257822082e-09 3.86624314785422e-09 3.49938021892981e-09 2.65555688550023e-10 3.04471163836695e-09 1.05693747087798e-08 6.27635909911106e-10 5.37187150317919e-10 1.31345929688109e-08 2.40686941488377e-09 9.07327972754501e-08 0.000102040084314159 0.00126832756279365 1.08334359539164e-05 9.63516708024081e-05 0.00196467218939907 0.00326683865899279 0.00198923291277442 0.00278683276861686 0.000411000254110117 0.0172187369830226 1.37963144096753e-06 0.000215317009880256 1.85121105462538e-05 0.0024038777688533 0.00502311512893441 0.01924598069531 0.0211465455672265 0.50515712313354 0.0354468242261646 0.0295242354277434 0.0359116886437169 0.00560167174397876 0.0354663182369803 -9999 -9999
1.36209706400825e-05 5.941344861915e-05 2.04793337618248e-05 3.75453695602768e-05 9.05014871932508e-09 8.93561558079625e-11 2.50034588589187e-08 1.78938025784392e-06 5.74778187001357e-07 2.72546252233496e-08 1.10283590970539e-07 8.47145102236269e-06 1.34133925611124e-07 4.15896314165387e-08 8.9903600120067e-10 4.44610193106598e-09 1.21711474676545e-08 5.37545101764181e-09 3.28055893561441e-09 1.83208455006856e-06 5.56288796374038e-05 0.00432610176606261 0.000118313000715586 0.00562737474819546 0.00732281729823822 0.00552473921572307 0.00558363553178284 0.00789701342710579 0.0104597706367057 0.00709680579656699 0.000248828687477676 0.00386214264124209 0.000185861987943936 0.00467502497015282 0.71494029648602 0.715699706599116 0.0750703236524714 0.0599088706143448 0.0242341723676248 0.0411674682213629 0.0111599858494071 -9999 -9999 -9999
