Scripts_&_data/Maxent_result_files_1/Bombus_persicus_3.asc
NCOLS 594 
NROWS 330 
XLLCORNER -15 
YLLCORNER 23 
CELLSIZE 0.166666666666667 
NODATA_value -9999 
[rows 273 to 293 of 330, columns 470 to 516 of 594]
7.2340580149044e-06 1.24851616195576e-06 2.91033604621349e-06 7.34887362613401e-06 1.51983940505196e-05 5.99763713499124e-06 3.40331737829214e-06 1.38822239941216e-06 1.36675178712409e-06 1.3616193522914e-06 1.58568889444544e-06 7.44346997647583e-06 1.52348266168834e-05 3.81554744304236e-06 4.09534273119183e-06 1.13498054162497e-05 2.42311367244286e-05 0.000111891743316073 6.51836026387631e-05 1.23315455605844e-05 1.03623770583927e-05 6.99286575069902e-06 9.18395969812247e-06 2.23790221213216e-06 3.25904613857064e-06 6.29642606175818e-06 3.06286455760141e-06 3.38213641194462e-06 4.58301715751119e-06 9.85924770104951e-06 3.63700915902099e-05 0.000156362698083456 9.7728057826818e-05 3.8505297018554e-05 8.4469401092202e-05 0.000257338279998387 0.00221778470553736 0.000123177307628775 0.000365175452064348 6.67475276321716e-05 2.33343182443724e-05 1.46003007948425e-05 1.12410885170111e-05 2.10670274718439e-06 1.54182043607953e-06 1.00456963564977e-05 8.41878649192607e-06
5.30506358398242e-07 6.86444394670804e-07 7.21130476377674e-07 1.84649174219675e-06 2.36036983508603e-06 2.07155144407167e-06 1.51818431111117e-06 9.57075038166e-07 1.24946317606733e-06 1.20097029855382e-06 2.92558883623339e-06 8.3240036957255e-06 1.15486345327542e-05 1.02018177682628e-05 1.22039318914857e-05 1.37203316173951e-05 1.35389261440855e-05 3.73405176118835e-05 8.39971966206665e-06 4.26082703826047e-06 2.58041864464875e-06 2.26610764768598e-06 2.35519399072182e-06 3.08366708020591e-06 5.85237608502487e-06 2.55185832113147e-06 2.81682116812787e-06 5.76010980868347e-06 1.2773667967092e-05 1.88590650092135e-05 5.33309320749575e-05 0.000638449293398935 0.000801981690983666 0.000124570332021356 3.15528943590326e-05 5.51675213006808e-05 6.008640511459e-05 2.0021250511848e-05 2.01293651793999e-05 3.45618947935056e-05 3.65115777022917e-05 2.03805496783782e-05 2.06190690531516e-06 7.41479819797997e-06 1.53463713561397e-06 9.66305303468085e-06 2.57754261543508e-05
4.39132329044245e-07 5.43060659685679e-07 7.52730103359411e-07 9.17287285828738e-07 8.38428645166811e-07 9.26429797498685e-07 9.07458739718425e-07 7.21539897496903e-07 8.04289913203249e-07 8.77021093603769e-07 1.38675815902767e-06 2.73963829141577e-06 8.64155315176696e-06 4.36905516415509e-06 4.02266348235036e-06 8.13426113959181e-06 6.25764145439911e-06 5.52876607305963e-06 4.52742341693346e-06 2.7162978264772e-06 1.01809964379029e-06 1.59738875676885e-06 3.31684611548644e-06 7.18560338029972e-06 3.54686713608388e-06 4.27796357708177e-06 9.73251121395569e-06 3.83343691962801e-05 2.83710091440459e-05 3.59942449960626e-05 4.96482164657142e-05 0.000103761958093262 9.81909819783633e-05 0.000349006780038508 2.73204431753715e-05 1.30685171409795e-05 6.89845276070633e-06 4.3966364753123e-06 3.42916030916518e-06 4.72110827967054e-06 2.11313374732014e-05 2.69248572544178e-05 2.03137635719441e-05 1.66944386207457e-05 8.5127893587611e-06 4.83461287683617e-06 7.14110422683767e-08
3.83465865494426e-07 5.16648480453075e-07 6.41055459849049e-07 6.49699456378716e-07 6.11831220598269e-07 6.01318589443789e-07 6.86603673394348e-07 7.37127548045002e-07 6.08745524710574e-07 1.23109730999493e-06 2.44251294381215e-06 8.44838285116722e-06 4.42242232648882e-06 2.24750858200951e-06 1.57016170023727e-06 1.99861818455105e-06 1.43433774798529e-06 2.6295809765875e-06 2.44274705782921e-06 1.99939172526031e-06 2.3240807287439e-06 3.88601739707006e-06 6.68938081361814e-06 4.23046688896589e-06 7.55309548351457e-06 6.60733210989806e-06 1.89622401443268e-05 0.000123185402979287 0.000180279648707682 7.68900076226986e-05 3.61249539143738e-05 0.000107186361102052 4.69013078349234e-05 0.000107235634975111 5.89279504788487e-05 1.12325322585982e-05 5.9407386435506e-06 4.66569933861294e-06 5.30758165149248e-06 4.7431431045708e-05 1.27457353866545e-05 8.01793602995815e-06 9.02087067233825e-06 1.8292942746978e-05 2.13675032299188e-05 3.62840771872541e-09 9.77784442413032e-08
3.5432262078805e-07 4.60278239000633e-07 5.19894980854918e-07 5.58867839184352e-07 5.74517934615049e-07 4.47916898038692e-07 1.06322442863238e-06 1.75584397533735e-06 5.58775673886736e-07 8.06370199157858e-07 1.11019360996556e-06 1.26031857753395e-06 1.4342553775526e-06 1.1642343663576e-06 8.77401453036608e-07 9.09793980807816e-07 1.31575157555908e-06 1.56534035039568e-06 2.56749417302249e-06 2.45745396797448e-06 1.94644671672739e-06 1.19891538209238e-05 8.77889788082342e-06 8.34610961956139e-06 6.95678141192646e-06 5.86150947664676e-05 0.000155616104994194 0.000170625149750236 5.63153531424332e-05 2.71502931970202e-05 2.62128205243517e-05 2.78190181403737e-05 3.5386270303539e-05 8.25127889257926e-05 5.00441615232328e-05 4.47019734069909e-05 6.5068955527936e-06 4.25905580460073e-06 1.19302535083299e-05 9.33303285370224e-05 1.44568626426422e-05 1.05224365273715e-05 9.51900357319957e-06 9.24836126555695e-06 1.87699784071071e-07 4.03762836609367e-08 1.2299738438859e-07
4.20995821870385e-07 4.37498867056352e-07 5.22696891691599e-07 6.96154380486203e-07 1.92248287866903e-07 3.3065402653687e-07 2.00481382520712e-06 6.42826033647736e-07 3.54855340201077e-07 1.56965671557208e-06 6.13350791101031e-07 5.40021320083461e-07 1.91043578656735e-07 5.55441480842855e-07 1.0655976174001e-06 9.57710897298014e-07 8.88700760326433e-07 9.51381668368168e-07 1.33218169563465e-06 2.09468884834196e-06 2.33449500539606e-06 6.79385900983487e-06 6.8254898236586e-06 8.36628432199227e-06 1.28734346450554e-05 3.05762737994097e-05 0.00012163243265354 3.22294423129699e-05 1.75786079664841e-05 2.57625888133939e-05 2.16156007169288e-05 2.52149161438897e-05 3.18819700146133e-05 5.75352433887399e-05 6.06174930637415e-05 3.76148080352912e-05 1.10733553705167e-05 7.04044527307657e-06 4.02072699438261e-05 0.000347958702390183 2.76648015375969e-05 1.0733283915243e-05 1.02603190539563e-05 1.77301995158641e-05 3.46956813279675e-09 7.2382732430043e-08 2.61627523645558e-08
4.35657080621876e-07 4.8025919789918e-07 5.43557674825834e-07 5.66898819809314e-07 1.44068719354351e-07 3.11268643771179e-07 4.44833552526447e-07 6.73170701948056e-07 6.02928752724274e-07 3.72575987372947e-07 3.44817876796188e-07 4.30117308902744e-07 3.86551179454298e-07 5.03779334426469e-07 7.41418230121305e-07 4.67043455287808e-07 7.53804116504497e-07 1.09119017915882e-06 2.04072424999646e-06 1.7386259359764e-06 7.83758387598032e-06 9.28713423048455e-06 7.31930312629636e-06 8.14907276611709e-06 1.00778302906224e-05 1.84349120525673e-05 1.69535419781375e-05 3.98118718497709e-05 2.57125745038222e-05 2.64891412868895e-05 1.92348932173236e-05 2.2687700953905e-05 3.9888806106847e-05 0.000124343410669781 0.00021315977757882 9.93479873342196e-05 5.50428088383903e-06 1.59815522971618e-05 3.04015215222386e-05 7.28820316935108e-05 2.47526842813706e-05 9.03249517140159e-06 6.26225667363922e-06 1.62341500541285e-05 1.09956379257259e-07 3.37803661709657e-09 3.15975698939042e-09
5.44392341439437e-07 6.02097670243662e-07 5.92133766452729e-07 5.68091040342722e-07 5.44248618949972e-07 1.586502959805e-06 7.25651234045888e-07 8.43900839764267e-07 7.92120625958681e-07 6.83207506635419e-07 5.09002593929164e-07 4.42828879221313e-07 4.19239206617128e-07 4.20343888107855e-07 4.46041461599211e-07 4.85734791233483e-07 1.19612538695968e-06 1.8083040229655e-06 2.03102817167844e-06 2.54658719855971e-06 1.63134792665054e-05 1.20059152758478e-05 9.05328607403444e-06 8.67507358797148e-06 1.58090235558683e-05 1.59142809483925e-05 1.84682619471577e-05 0.000100041215560742 3.55597757677017e-05 2.95331643461516e-05 5.66191769729385e-05 4.6679897694768e-05 5.88548984341242e-05 5.39536210057645e-05 3.28776001680575e-05 1.60968179781618e-05 1.31860234026004e-05 2.82329191876651e-05 7.58468964132675e-05 6.86931153649262e-05 2.40223757272062e-05 9.06453345844715e-06 7.73024914166864e-06 1.41382292612846e-05 1.14661126693338e-07 2.10043523685144e-09 2.54712717584482e-09
7.33742139069626e-07 7.03808999580335e-07 6.72181250949144e-07 6.16852855439554e-07 5.78242764015524e-07 3.93240978235898e-07 8.00597683081605e-07 9.87128924900826e-07 1.19479782118015e-06 8.91657666568513e-07 7.49679913536472e-07 6.12525784471352e-07 6.06096163702219e-07 6.05679034437756e-07 7.62234559614772e-07 5.57166176551327e-07 1.23075621621949e-06 1.411441616328e-06 1.44595568976058e-06 3.60889797154096e-06 1.48688230450111e-05 1.20482889551798e-05 1.21519409364113e-05 1.47598495707002e-05 1.86233088629639e-05 2.99287996092579e-05 4.81744604926004e-05 4.63250983472441e-05 4.53774021926034e-05 6.99386049192951e-05 3.86386639210534e-05 3.1998446776893e-05 4.21444008530059e-05 6.63190482353748e-05 3.03592607866832e-05 1.48963166032745e-05 2.82052489450568e-05 2.56953046563368e-05 6.14597984140985e-05 3.24408509329466e-05 2.18848741611821e-05 8.76798677198476e-06 7.41308598973811e-06 8.23409233432493e-06 3.14416453317534e-08 6.1884867896822e-09 1.16528120486237e-09
8.81211943482008e-07 8.35923749686884e-07 7.46177019472771e-07 6.59936964853003e-07 2.94563657754487e-07 7.82147793698673e-07 9.29919904202325e-07 1.25769841722301e-06 1.49711966941357e-06 1.0981213316219e-06 8.59030442057485e-07 7.16570948111617e-07 7.24251052297564e-07 6.91803482355535e-07 6.82202923463215e-07 7.4313541977844e-07 8.33780391751304e-07 1.41714780809155e-06 4.95239006004233e-06 9.00061182954604e-06 1.41478953685992e-05 4.08386133297745e-05 4.08953526447875e-05 8.80423606622993e-05 5.53715833336743e-05 9.96350862912721e-05 7.07908929071466e-05 3.38524647500948e-05 4.42924258134414e-05 2.43183637917643e-05 4.82498412051391e-05 3.16640242201016e-05 2.66289682327669e-05 1.72381386224774e-05 1.01426885158906e-05 2.13711692594765e-05 2.78446438876645e-05 7.55794506553498e-05 5.1761872736078e-05 3.18182679612033e-05 2.35217701717305e-05 1.29182157582175e-05 5.82538525252252e-06 1.00515672754931e-05 8.7951600447056e-09 1.98844786192254e-08 1.01128261320582e-09
9.20331270437558e-07 9.58621262303616e-07 9.55987859385665e-07 7.84145152199489e-07 7.41478988031119e-07 8.23137888295022e-07 1.13756837299972e-06 1.34914291670674e-06 1.21395622187936e-06 1.02221282043402e-06 8.11523237365108e-07 7.34188353135323e-07 7.05833764558239e-07 6.75061988886227e-07 7.2520679295085e-07 7.92982723163416e-07 9.37684573742992e-07 1.58217418690931e-06 3.80425209856039e-06 5.55380174234177e-06 7.04348256606036e-06 2.77623255960924e-06 3.36529475064573e-06 1.16329452339969e-05 8.89182440646841e-05 0.000113274470694824 3.93384652672246e-05 0.000102451677371418 0.00019454643509027 2.51305964749649e-05 1.3014230620112e-05 1.55078196073077e-05 1.31768942064014e-05 1.93555663758893e-05 2.63249168543256e-05 2.39311215727178e-05 1.9716061072006e-05 5.00387810588365e-05 3.37978814476725e-05 2.112912280815e-05 2.09108416224013e-05 1.12966760858257e-05 5.78729289520963e-06 2.33251062710105e-06 5.72873245507921e-08 5.67100166826151e-10 7.77362951787097e-10
9.30680677557749e-07 8.0784706399939e-07 5.05987698576904e-06 1.25138356832366e-06 1.64549377551504e-06 9.81250935350175e-07 1.35413045558863e-06 1.27776045807382e-06 1.01775078054089e-06 8.58242830992229e-07 7.55721270229159e-07 7.3436508937208e-07 7.00693235777816e-07 6.79797595082299e-07 6.80155054999521e-07 6.88350627531253e-07 9.11647094969936e-07 1.77903809408519e-06 5.61515327401896e-06 6.50406978202067e-06 3.00414462316434e-06 8.85494994558034e-06 8.70439253534139e-06 8.44880199937226e-06 0.000152521329906719 0.000312533876144538 0.000472909547094391 0.000159574451030831 6.8734251792868e-05 0.000137409873098326 0.00016026540503461 5.60563466451836e-05 5.1367034736427e-05 3.04643491753076e-05 1.92628884124302e-05 1.58819445213454e-05 4.25499583744937e-05 2.60816299537781e-05 1.95399483996939e-05 2.30250914038721e-05 1.64012072913944e-05 7.20720742876102e-06 5.72976414712212e-06 1.02341388043214e-05 4.3699403762254e-09 4.35649993857368e-10 7.48107209513904e-10
8.45364152401995e-07 1.24856524562622e-06 7.37135518491527e-07 6.98952223654459e-07 7.77771521964787e-07 1.19376947776972e-06 1.36825632827131e-06 1.14458699176367e-06 9.67166929299878e-07 8.77054261805288e-07 7.3816434211782e-07 6.97104174141039e-07 6.49997487733867e-07 5.93207193977374e-07 5.68486804042312e-07 5.88088006481247e-07 9.35103750876465e-07 2.36517130118852e-06 3.45178369414167e-06 2.52018658796205e-06 3.39523806832664e-06 5.50859655364944e-06 3.34508121170973e-05 7.09440550092144e-05 0.000139274400336753 0.00128518749739414 0.000852381330933405 0.00123859874074096 0.00025877094410921 2.31841742578731e-05 2.10118596298048e-05 2.93627043213007e-07 1.23817182601682e-05 6.69444538594632e-06 1.06423079206719e-05 9.49210220334562e-06 2.88076806943094e-05 2.4584090683355e-05 2.27717572212849e-05 3.70512390842626e-05 1.63182157751351e-05 8.12138869002999e-06 5.18422311718281e-06 9.06428548876903e-06 2.11610834410791e-09 4.19337981005796e-09 7.52531570391568e-10
1.46450673654819e-06 1.71706131083527e-06 1.47527088559807e-06 1.09179193998887e-06 1.18059083322741e-06 1.50603364745816e-06 1.17392955680806e-06 9.32595443403628e-07 8.29324372064733e-07 8.03295336804233e-07 6.46002195803241e-07 5.98204769441946e-07 5.77021883174655e-07 5.15443467818955e-07 4.89879401233129e-07 5.18143425554118e-07 6.57264518755252e-07 1.31937340733801e-06 2.65236112292344e-06 3.40842098849325e-06 6.98023668829206e-06 2.09316375343604e-10 3.88500343007081e-13 0.000462885159870963 4.13372866278294e-05 3.37019804501071e-05 0.000219462370942092 0.00178513564407582 9.81222674241167e-05 1.99881859027085e-05 1.81594344570213e-05 9.16175592007296e-06 7.14700093321641e-06 6.57028544114313e-06 6.1578706974541e-06 2.50587912969058e-05 2.33135426153996e-05 5.35321704420166e-05 0.000210710462843333 7.4425411684087e-05 1.53090334068628e-05 6.44972361147911e-06 4.35468954192997e-06 9.52043979496331e-07 2.98029919965082e-08 9.54742163106204e-10 2.22704934271789e-08
2.0374888196284e-06 2.39134399774299e-06 2.23196893980315e-06 1.69355925657699e-06 1.52706610914155e-06 1.47999218110817e-06 1.0033552464761e-06 7.36091890340962e-07 6.49426508825268e-07 6.04785200353231e-07 5.94186365543425e-07 5.49492675494534e-07 5.14278374297294e-07 4.71712314664696e-07 4.38163657900947e-07 4.93936977130627e-07 6.69235550643243e-07 1.73454073206791e-06 2.25099140935825e-06 3.20840892180652e-06 1.49242703459285e-05 1.32032451638509e-10 2.81374594628403e-06 0.000127206541331737 1.85276916147337e-05 2.17972656335053e-05 1.54657754798948e-05 2.04801271225019e-05 6.86490510132032e-05 1.73069469109e-05 2.4331342114281e-05 1.68666244291238e-06 4.07169443716882e-09 4.11420889134817e-06 5.09491302869147e-06 2.45361632332908e-05 2.33557164019293e-05 5.39705423324932e-05 0.000164226620353525 6.30096538390523e-05 1.1629374793487e-05 4.89806212746746e-06 3.7989602413635e-06 2.83055875516247e-08 2.76540311761053e-09 9.19635445573164e-10 4.2315162933626e-07
2.87375313436922e-06 3.25518907924316e-06 3.22072775801319e-06 2.54946011633006e-06 2.08570420588972e-06 1.42396319421367e-06 1.03586728542604e-06 8.76419527928718e-07 7.83924939762315e-07 6.4906760948169e-07 6.00741937084592e-07 5.45596137069282e-07 4.92881499503106e-07 4.36521172952897e-07 3.97644080518678e-07 4.11857373427971e-07 9.09507790680664e-07 1.92161690404369e-06 2.03705211130334e-06 2.87355548378443e-06 4.27855013698242e-06 2.24395353080498e-05 2.81832117902003e-05 1.94506155368646e-05 1.15095829385514e-05 4.03046374380933e-06 1.28340558177564e-06 1.23922627112139e-06 1.52351686283358e-06 5.65151265931041e-06 6.21708751807892e-06 3.07662614194015e-06 1.6684694887914e-07 6.48509489715732e-06 6.42288942802605e-06 1.43581553443739e-05 2.12376304675077e-05 5.04386767790077e-06 4.09407409019957e-06 2.02164123899506e-05 7.60842697450359e-06 4.18833725052137e-06 3.95141432125712e-06 4.93228233811038e-09 1.68047004867056e-08 1.22156934567741e-09 4.91754019726898e-09
4.39076606979505e-06 4.16869250596807e-06 3.96462597206382e-06 3.14758503492385e-06 2.85327136860802e-06 2.16540177229163e-06 1.33257961111299e-06 1.17628719438212e-06 9.47311055787825e-07 1.04176984792037e-06 5.80689953089131e-07 5.12061368551642e-07 4.6816910939107e-07 4.08029846632463e-07 3.88871563794524e-07 3.89704441294825e-07 9.83182147673567e-07 2.15212954852717e-06 2.2171552948258e-06 4.88288743042409e-06 6.31287285370874e-06 6.00154704499811e-07 4.96992234632843e-05 5.21231870623362e-05 9.84802440329169e-07 1.28235446621439e-06 8.51518929478878e-07 8.20986043414962e-07 1.19579793206315e-06 1.05383013567772e-06 2.87090054087447e-06 3.6937325666897e-06 3.68418092357992e-06 4.08204758926001e-06 3.63347733366437e-06 3.74955914175246e-06 4.66178624286551e-06 3.2123776617099e-06 9.9572178655194e-06 1.08309321070754e-05 3.4466994128235e-06 4.35078822980106e-07 4.67675805426726e-07 7.82402065357957e-10 1.1632456631272e-08 6.93363266801583e-10 3.07947011224385e-09
5.54925432297848e-06 5.22831198309648e-06 4.90240706119138e-06 4.83377958192532e-06 4.27018864895823e-06 4.52974714886256e-06 7.90562828056895e-06 3.94678542185223e-05 3.70978548660084e-05 8.90879091752783e-07 5.88868313766699e-07 5.22250172885208e-07 4.43965675722691e-07 4.01528667437478e-07 4.1436280734386e-07 3.7176787279769e-07 2.21988742203916e-06 1.51178865506196e-06 2.51407377416246e-06 9.70440407817019e-06 2.8625237218094e-05 8.32567443973087e-05 5.64306176007445e-05 1.04989777731768e-05 1.71885579697273e-06 8.01300259312132e-07 3.00477605041927e-07 2.44182821185213e-07 5.34454463818612e-07 7.49485341278167e-07 1.74724258202863e-06 2.73171738035538e-06 2.88283413265589e-06 2.71424670319487e-06 2.13069686889611e-06 2.49069907610755e-06 2.16382108997326e-06 8.25453886439398e-06 8.4060502355765e-06 6.69726940633053e-06 1.01640739982312e-06 4.90792365892556e-07 3.44990075396012e-09 2.24076918131644e-09 1.52702593236853e-08 6.94957169589117e-10 1.07778693747562e-09
6.33035595004605e-06 9.95323886356925e-06 7.44644871999434e-06 1.03423782108703e-05 1.45652057044754e-05 4.38493716006461e-05 2.52845149832925e-05 4.13419136959803e-06 8.39541441544078e-07 6.99025930983588e-07 6.04817213278874e-07 5.12568232602373e-07 4.2279582521676e-07 4.18431704940492e-07 3.91777507280366e-07 3.94846149254224e-07 9.4966903733118e-07 2.1146379214354e-06 6.42660453527011e-06 1.10930064870174e-05 3.42162806051594e-05 4.70648210011193e-05 2.67774994360703e-05 1.81659828479175e-05 3.25858239573762e-06 4.23176296304728e-07 2.43947273415035e-07 2.16893401561169e-07 2.2978771772042e-07 3.29397629206252e-07 6.98441811408657e-07 1.26980907966256e-06 1.65639421888519e-06 2.00743398557357e-06 1.68930182423699e-06 1.43296660537473e-06 1.38737484456364e-06 1.38416678406861e-06 1.3244431638415e-06 9.48219457808097e-07 3.13746125235603e-07 2.16817815734682e-07 1.111563696643e-09 1.28308367264296e-09 4.85080492440559e-09 7.01859326213139e-10 1.09860303076914e-09
1.81420740842486e-05 3.77959750387236e-06 1.52679491230656e-05 8.57397677778149e-06 3.29090006555566e-06 4.68773007857859e-06 1.41941342075569e-06 1.05934193670443e-06 8.32944416118142e-07 7.06173202758009e-07 6.33735426680548e-07 5.69929196581054e-07 4.81291627318914e-07 4.21712475495717e-07 4.41699572162335e-07 6.55697025142565e-07 1.94891381467555e-06 3.01474903779964e-06 8.01332977391489e-06 2.05245981275137e-05 3.20891023031678e-05 4.16811994170096e-05 1.72197840128119e-05 1.31107617414972e-05 1.90349945294876e-06 2.75530686077996e-07 3.41708231288429e-07 2.55801999504701e-07 2.26917766255053e-07 2.46082507604495e-07 8.69947123827153e-07 1.18098460262228e-06 1.45849057704428e-06 1.04665534800263e-06 1.2545074897341e-06 9.24264436519273e-07 7.14008394009369e-07 9.02827276016982e-07 6.74811317535884e-07 3.99102023995734e-07 1.71604877119425e-07 1.68483808016262e-08 1.43370031402412e-09 1.03787797245403e-09 5.13877228547344e-09 1.30895585481738e-09 1.75618991571369e-09
2.13512313369524e-06 1.59653431394124e-06 1.60460057255785e-06 1.58979216960953e-06 1.4969661342179e-06 1.45767944924602e-06 1.27488288943489e-06 1.11238207658459e-06 8.91772959465964e-07 7.71556819889607e-07 6.77046920671831e-07 5.83060257475232e-07 5.65993880807802e-07 6.41305861859287e-07 8.32006544437824e-07 1.19537548154414e-06 2.14360959325255e-06 9.58836476887548e-06 8.30634086479431e-06 3.18979088080873e-05 0.000192661938418115 2.83874347138502e-05 1.0653099353497e-05 1.01822141524766e-05 9.24562918658278e-07 1.94568864053668e-07 4.2393237487115e-07 2.59502239441378e-07 2.83373761322814e-07 2.18974046761744e-07 4.00690525925729e-07 6.96505328889874e-07 6.24721864450617e-07 5.37405019906956e-07 6.68195545139305e-07 1.07752652483972e-06 5.32748782888781e-07 6.34451957437498e-07 4.99576500523347e-07 2.23173607916127e-07 1.49768069379608e-07 3.96024614879309e-08 6.580895939301e-10 1.26887326201697e-09 7.60770135777022e-10 7.44805306318597e-10 2.56824730371363e-09
