Scripts_&_data/Maxent_result_files_1/Bombus_lapponicus_2.asc
NCOLS 594 
NROWS 330 
XLLCORNER -15 
YLLCORNER 23 
CELLSIZE 0.166666666666667 
NODATA_value -9999 
[rows 140 to 159 of 330, columns 484 to 527 of 594]
3.72930108937908e-05 1.12828472651927e-05 1.42463797665471e-05 1.54457293547239e-05 3.16069168121658e-05 1.49352013124826e-05 1.58153006978523e-05 1.23969524679524e-05 2.99228902861159e-05 3.18011314732303e-05 3.16424560139694e-05 9.95722474641525e-06 3.21091020225595e-05 8.65941467793618e-06 3.34285199670603e-05 3.42218645016601e-05 2.21852207033635e-05 3.18118391447797e-05 2.65955567854803e-05 1.08106674687747e-05 1.35538416294878e-05 1.73830249678986e-05 3.65362383746515e-05 3.53416652131955e-05 2.34183343621908e-05 3.86693081878775e-05 1.37668976833538e-05 1.62738023171016e-05 1.56758966951998e-05 1.28141364157841e-05 1.53935703764319e-05 1.21761787042374e-05 9.71902609947506e-06 3.09964130394746e-05 1.08798956027556e-05 2.68374327561105e-05 3.63342700779867e-05 2.41855588555495e-05 1.00498210898081e-05 1.00587747805747e-05 1.02621646782097e-05 1.00788865843526e-05 5.15737698787433e-06 1.01686330708617e-05
3.01296678458129e-05 1.01031871885482e-05 2.13347193579239e-05 1.23550370688008e-05 2.73137823910474e-05 1.7392334805777e-05 3.93731171925538e-05 3.93787593452544e-05 2.9890298495161e-05 3.08312910505037e-05 3.10136213300893e-05 1.93780851617476e-05 3.21192944852555e-05 3.28329156985774e-05 3.23143753405475e-05 1.77651836310133e-05 3.03868594613732e-05 3.06707676685392e-05 2.95589538239938e-05 7.48635573657452e-06 1.05616290085209e-05 3.64518728844132e-05 3.69893637440555e-05 2.0162883792807e-05 3.75381831787536e-05 3.60323571612753e-05 3.5480188913084e-05 3.47963680383145e-05 1.76004726661461e-05 6.91152228107228e-06 1.12024903700103e-05 1.30843479432485e-05 1.02880701998487e-05 6.45484010348696e-06 6.69119868526025e-06 8.87333454109296e-06 8.64435694580834e-06 8.7076172512468e-06 8.78495380050026e-06 8.38885694385283e-06 8.55640320480688e-06 8.58089229325287e-06 8.68440911574453e-06 8.68469308663578e-06
4.42548671628629e-06 1.91206541501288e-05 3.84004268084936e-05 2.48702427938952e-05 5.46171157566278e-05 7.04631575217718e-05 4.2754766161579e-05 2.84547170451788e-05 3.48834115470709e-05 2.96708092946574e-05 3.03231297493767e-05 1.08451965736833e-05 3.0483674441939e-05 2.93181785735896e-05 3.0660573358432e-05 2.63947372289408e-05 1.14912077442852e-05 1.17784475548888e-05 3.33069357282056e-05 1.7373402999965e-05 3.22277581403796e-05 5.44101531886554e-05 2.55877768978507e-05 3.6234701497051e-05 1.53953553962083e-05 1.20097612583692e-05 1.31109954402575e-05 1.27025052414353e-05 3.45821409126756e-05 1.16412080323869e-05 1.05111158376303e-05 9.90429963536599e-06 9.0376086564703e-06 2.10084279174794e-05 8.81286925071834e-06 8.40226207330375e-06 7.59239057082084e-06 7.54565791893924e-06 7.66460786145729e-06 7.71984414633664e-06 7.67943525161741e-06 7.60009076152812e-06 8.20127640963619e-06 8.27404355518979e-06
1.47118803312196e-05 6.22281098827671e-06 2.25834610176889e-05 6.02291107952624e-05 3.06405265632748e-05 2.75041237074447e-05 3.03015853347688e-05 2.84517566370823e-05 2.87677165431433e-05 2.81336060737658e-05 2.82142605186664e-05 2.73718744381313e-05 2.90781330136269e-05 3.3459739674413e-05 1.13868787600779e-05 1.53758445037511e-05 2.75022235427969e-05 3.27345587891159e-05 1.14518029597832e-05 2.21678235163836e-05 9.90757190919567e-06 1.08177536844778e-05 3.30171097118637e-05 1.20579499281348e-05 0.000228943364459155 0.00105519021044529 1.58108288431436e-05 1.25564615238716e-05 3.42161769310678e-05 1.10689892650839e-05 1.00366525700224e-05 9.1568824394983e-06 2.35970651104367e-05 1.64055461937096e-05 6.3372062641065e-06 2.08847058502215e-05 1.92840311378006e-05 1.37959930768261e-05 2.19290050893051e-05 1.96685178195821e-05 6.21564245175676e-06 7.28709371173863e-06 2.08664789184354e-05 2.21375474694696e-05
1.75512145148105e-05 1.12739487633462e-05 2.19779932137953e-05 2.71942301736772e-05 2.32005587861295e-05 2.36741390494899e-05 2.55086968820706e-05 2.51402044398219e-05 2.64645592466195e-05 1.92700906552545e-05 1.69984507195409e-05 2.98674814786182e-05 3.36742517362154e-05 1.1728345252493e-05 3.21679834144106e-05 3.40597452009206e-05 3.67048031762351e-05 3.45332903094686e-05 1.18518927060052e-05 1.17106798114719e-05 1.1716472101142e-05 1.06012913057896e-05 1.23787926426644e-05 1.21125056246285e-05 1.35727182140499e-05 1.35951911651944e-05 1.30534407936977e-05 3.42664471389753e-05 3.05960400112326e-05 7.33375811933001e-05 8.29670476036881e-06 2.62315853973405e-05 2.40860213608585e-05 2.94857621895517e-05 2.91498107173993e-05 2.01418375226581e-05 1.869278955553e-05 2.53051543950278e-05 4.04078594328894e-05 3.70596624179598e-05 6.43250675445017e-06 1.69071437824186e-05 1.38217812889252e-05 5.17267068749216e-06
1.88991493089929e-05 2.30436437192338e-05 1.97404526446121e-05 1.87065160233146e-05 4.27721710934748e-05 4.98469089620812e-05 3.49054291802986e-05 2.67266547638201e-05 2.44931544244764e-05 3.71619795089373e-05 1.14339982189904e-05 3.22725852782924e-05 3.82161622951571e-05 3.38031558982266e-05 1.26385024778131e-05 1.39542640937407e-05 1.69762225695536e-05 1.59837619818859e-05 1.39341352273448e-05 1.38788843855764e-05 1.23249594743413e-05 1.1896936702982e-05 1.19669987277859e-05 1.18766801811887e-05 1.34317667360051e-05 1.28752426292067e-05 2.22031369233378e-05 3.86714338617367e-05 2.91104555429911e-05 4.8133186112409e-05 2.80850310986125e-05 8.69958993916953e-05 2.89858987230218e-05 2.44716617402219e-05 3.82757837257941e-05 3.50040993509992e-05 4.77541791156e-05 2.54182290518656e-05 0.000104233644742635 2.02313813403521e-05 1.91448271323225e-05 1.72896768788178e-05 1.52664054070328e-05 4.58969618875926e-05
1.71651756531332e-05 1.79221115146788e-05 1.84724944773507e-05 5.30261445646829e-05 8.02174601304273e-06 2.14110771906917e-05 7.18730598379125e-06 8.86578342473854e-06 1.02256288734281e-05 4.34831388460566e-06 8.47230298859358e-06 9.99027424839483e-06 1.64861852027798e-05 1.24668055654809e-05 1.49079692050691e-05 1.66446462159797e-05 1.57741495669939e-05 2.82906301208641e-05 1.85050712516954e-05 1.68216704707902e-05 1.43754976640764e-05 1.38395654573742e-05 1.35349544692076e-05 3.86129881377428e-05 1.19208087092204e-05 4.17871234930089e-05 4.17920266528426e-05 1.34668613220867e-05 3.72065929241216e-05 0.00014824005202172 0.000122493962408043 8.38802615817258e-05 5.01905078863274e-05 0.000203173737827456 5.44114797321527e-05 4.03388043650921e-05 0.000175358796332148 0.000205540331626253 5.80449869630684e-05 5.70130579490069e-05 2.7934566088561e-05 1.70090094897546e-05 1.63523534197907e-05 2.75501799933409e-05
1.72419980344785e-05 1.68742586410531e-05 1.63640827594236e-05 1.71808059889145e-05 1.94291365161803e-05 1.96693026495609e-05 6.61200607439127e-06 6.51996901375185e-06 2.23031324807721e-05 1.22132356217719e-05 6.84597651812169e-06 2.48910066744656e-05 9.70713172918636e-06 1.62288374028208e-05 1.25652826596934e-05 1.26008595749738e-05 2.43657695868649e-06 7.63194758732766e-06 1.27844419758105e-05 5.11079184263963e-05 3.8612852668507e-05 2.64289529184225e-05 4.97848151781e-05 2.67788168358152e-05 4.82914284305025e-05 4.63873248122582e-05 4.58016994116406e-05 5.81168325766157e-05 0.000227943052414048 0.000553225509065669 5.26879717426709e-05 4.09888877129561e-05 0.000104023647782014 0.000432387481851038 5.2547364396105e-05 0.00010576866707197 3.38670133260166e-05 0.000161502372975519 2.52416063801775e-05 4.59784782037787e-05 5.53973522301021e-05 3.01407909034879e-05 8.7668994001433e-05 6.22061544390817e-05
1.43438657318029e-05 1.56366491339099e-05 2.13238873811861e-05 9.58095827172656e-06 1.00767650152989e-05 7.08084406433329e-06 1.60588624680713e-05 1.45889033632329e-05 7.60656298481877e-06 9.83656425503909e-06 1.10503100366088e-05 1.19926135845105e-05 1.31945950279544e-05 1.25587025706864e-05 2.40168712565492e-05 5.47611529270853e-05 9.31128246975277e-05 2.18650580492863e-05 1.88936770413761e-05 2.99186450490652e-05 4.33052477262663e-05 4.84990449308498e-05 0.000509792844241019 4.09270888496849e-05 4.3095898851675e-05 3.74273197650155e-05 0.000196885531477164 0.00076104334439151 0.000200386711549072 0.00042679330217652 0.000317476196141797 0.000214066998887574 0.000283953390680836 4.5526182066169e-05 0.000137872082086687 0.000129297909552406 0.000190387832662964 9.80317670382647e-05 0.000212850816751597 0.000241151700720366 0.000236723989110033 6.57705558296584e-05 3.4831124048651e-05 2.70336590574516e-05
1.36961259926238e-05 2.28609729617801e-05 1.3127097363963e-05 1.40708014804147e-05 5.06491865088776e-06 4.30372600810358e-06 1.33561800318205e-05 7.24805604050971e-06 8.55163416701998e-06 9.96533245256614e-06 1.38887640076746e-05 1.66883874086921e-05 3.804214566685e-05 4.1082348548116e-05 2.37372055991614e-05 6.45760946667906e-05 3.98936223328095e-06 6.59971148081695e-05 2.83712498088562e-05 9.47883864910182e-05 6.49179382321563e-05 5.76590751506956e-05 5.80126867248509e-05 6.42990326014115e-05 4.76559559842826e-05 4.92315821247757e-05 3.68527750765679e-05 4.9459057072454e-05 0.000108994248535055 0.000141924075433053 0.00015237070438161 5.1110775655161e-05 9.60251715241611e-05 8.74711198775913e-05 0.000327954877138836 5.53555103351755e-05 0.000107001552805741 4.23579602056634e-05 0.000210985986359447 5.98349788560881e-05 5.42532894087344e-05 4.91455984501954e-05 4.16805819440924e-05 3.40112437697826e-05
1.15888407222542e-05 3.78146595707562e-06 1.14354127411787e-05 4.1777348521066e-06 7.14491293258845e-06 1.54468166371657e-05 1.86310547803714e-05 2.2808588943235e-05 8.83726220948233e-06 1.14981057741659e-05 1.40978530481561e-05 1.1500641021911e-05 1.27527291596152e-05 1.2919041033399e-05 1.81972078095782e-05 5.68912615904083e-05 5.30858103616083e-05 1.93117133164833e-05 5.45674214578185e-05 3.98709152534593e-05 9.64519638955608e-05 2.18296742133361e-05 2.64253490151134e-05 6.8286911175619e-05 6.34268338444599e-05 5.81723534367029e-05 0.000302863918568619 0.000262433211264579 9.00055522432552e-06 0.000104344651845167 0.000317729728703853 0.000257642117685464 7.72819692429039e-05 0.000140768782694067 7.04865968145896e-05 3.51641588054008e-05 4.15725365201069e-05 0.000330652824413846 0.000376740458523273 6.33745945378905e-05 6.1438362536137e-05 5.72577750972414e-05 4.90759126478224e-05 3.9500398634118e-05
2.06003390594844e-06 4.31228544357509e-06 5.54216717496558e-06 9.82813618861655e-06 1.09654627337363e-05 1.91039188052855e-05 1.32085910209412e-05 1.56824483767082e-05 7.80732053513589e-06 1.09920294100618e-05 1.32076665082081e-05 1.02058031501429e-05 8.83491647485357e-06 1.27753474579606e-05 5.15781856904596e-05 2.04063746807037e-05 1.43623379166513e-05 5.61332602309506e-05 6.74124195541026e-05 1.73278466466087e-05 3.72668414286181e-05 3.14013431221838e-05 1.50770317397075e-05 1.8486354462155e-05 3.9448614964499e-05 2.41306894068316e-05 4.88865067652e-05 3.55060475641267e-05 3.83625376144892e-05 4.62743761886486e-05 5.55261381919081e-05 0.000252681483834749 7.66989807971186e-05 5.11168031835041e-05 7.10128002538113e-05 5.54905903754843e-05 7.20941702638811e-05 7.33406057406682e-05 7.56557317799889e-05 7.18314599907899e-05 6.63346847431967e-05 5.86648869102646e-05 4.93891436235572e-05 3.88483837468812e-05
1.00355225200133e-05 5.61523712576673e-06 3.08654108636119e-06 7.12332264178883e-06 1.10359193399745e-05 1.69124413844202e-05 3.337621370747e-05 1.61113348738695e-05 1.65548845188823e-05 1.72569501316389e-05 2.09888596742758e-05 9.63936744398097e-06 2.78729512075415e-05 3.4358754945174e-05 3.14958413895283e-05 4.71639596639761e-05 1.29919507827481e-05 5.17813248080756e-05 7.77105824781188e-05 3.62344739272658e-05 2.54182869497299e-05 9.28711391566139e-05 1.56043140947304e-05 3.70224429161681e-05 3.29325042969231e-05 4.69491294182944e-05 3.4044659308563e-05 2.40786607150767e-05 0.000231675670602272 6.85653001369246e-05 4.23429228305849e-05 3.38433880187949e-05 4.83066724200398e-05 0.000210305855580373 0.000106846689186568 6.38891188827984e-05 9.41830086048867e-05 7.63608715715236e-05 7.4242011669412e-05 6.36326553831168e-05 6.07225131716405e-05 4.97937189720687e-05 4.74689697966824e-05 4.21106482008327e-05
1.76974066505409e-05 7.68102307588947e-06 4.33759215070495e-06 8.85685028322314e-06 9.4766519850964e-06 1.11924903634986e-05 8.0484904901823e-05 1.58236725866345e-05 1.75859787134414e-05 1.67310762577699e-05 1.18418787323549e-05 3.95202366462399e-05 3.20560771683631e-05 2.87709990857365e-05 9.29944785355019e-06 2.80785351918666e-05 2.74991656510792e-05 2.78806611675009e-05 3.20843704912477e-05 5.18846355987534e-05 2.99874524458232e-05 7.57124257617647e-05 1.37632517692055e-05 2.88769699920977e-05 3.58075818922998e-05 2.93988213030616e-05 2.90499448681203e-05 2.08773666791728e-05 5.1369078888186e-05 1.10253962489537e-05 3.27400569460679e-05 4.03235805208624e-05 2.22017489406312e-05 0.000114038650917792 0.00026358397126387 9.28009747440228e-05 8.14745108073112e-05 0.00140117922856007 4.53090182872984e-05 6.77581573654607e-05 6.63656744109176e-05 6.22846328042215e-05 4.7104889563343e-05 4.41503845650004e-05
8.54118267668014e-06 6.8395171762603e-06 7.18442057916491e-06 1.9827605049727e-05 9.25608273064427e-05 0.000140151144660194 1.93604546808501e-05 1.66189654095206e-05 2.92867202460911e-05 1.7620379304617e-05 2.13498923045563e-05 2.51577057980512e-05 2.30140008738999e-05 2.42815758497272e-05 3.45643817524888e-05 5.33322096202937e-05 4.3717386120079e-05 3.30176717682207e-05 4.98000974744173e-05 2.65836072799175e-05 3.35413817055041e-05 3.31918952980459e-05 2.96275676433311e-05 2.407250787968e-05 3.3947006053836e-05 2.39533198794106e-05 2.05993520530967e-05 2.74905783612667e-05 2.90141074998473e-05 1.8771909197568e-05 4.84782462251587e-05 4.08010865328379e-05 8.8427663240509e-05 0.00018774980926537 0.000228848582992214 0.00047523219800496 0.000124072307698952 6.21495045379561e-05 9.06952125660609e-05 7.75997969867603e-05 7.57268962843227e-05 6.55166712022037e-05 5.15543087658443e-05 4.60977365037252e-05
2.8410519632871e-05 4.96180795380496e-05 5.08705789343367e-05 8.35817646475334e-05 7.13964031547221e-05 0.000188315035484266 2.70533896411962e-05 1.41517557608495e-05 1.78483376032545e-05 3.96301079376826e-05 2.24000579549966e-05 3.58047258430361e-05 3.03546435020507e-05 2.64604366691401e-05 1.69669257203964e-05 0.000197817438311176 7.45296701779807e-05 4.6445960526853e-05 3.33833615115964e-05 4.41436331470868e-05 2.71455494129214e-05 1.8533458397485e-05 3.22602853429999e-05 2.56045445780728e-05 8.18178017652826e-05 1.51553140590011e-05 2.4484800422897e-05 2.49550888355543e-05 2.16740292742656e-05 5.9267539143093e-05 6.02209229896289e-05 0.000221202346210703 8.51135500852251e-05 5.37437277102981e-05 0.000113395380094516 0.000464682062738575 0.00029872740888095 0.000311612107725523 0.000130697191934814 8.85934048710624e-05 7.29031440641847e-05 6.68733304337366e-05 5.60660326300422e-05 7.50114033507998e-05
1.21848679555114e-05 8.47825975966998e-06 7.4933392419041e-06 9.94157122477191e-05 0.000303871574942605 0.000117242031683418 0.000110445193695341 0.000113494532706682 4.38851222952508e-05 0.000110633388885617 0.000121974500598299 1.86682287619533e-05 9.05098020666628e-05 5.3303173342556e-05 3.46918294837906e-05 5.33737555656444e-05 0.000747547092032619 0.000134379889823322 0.000208458891393093 0.000380985567971948 0.000405539146595402 7.65875283150308e-05 2.42626415200675e-05 2.29815263850242e-05 7.98231415956252e-05 4.04787650722938e-05 0.00011210181091883 2.1237548537556e-05 6.03599246801423e-05 5.69709217529635e-05 4.37731167323818e-05 7.13951665261448e-05 0.000152055378748628 0.000163106248146505 0.000218002023757435 0.00010290143372913 0.000233130104243173 0.000353223979618633 0.000213913455172587 0.000342325915698893 6.46093956675031e-05 6.53731447528116e-05 8.56722264870768e-05 0.000100211758035584
1.64522502728914e-05 4.47533419901447e-05 4.9160078060595e-05 0.000137275533961656 3.78895087806086e-05 0.000301573829528934 0.000144468734470138 5.49630172827165e-05 0.000140549633579212 4.29559292683734e-05 0.000295949123756145 0.000162851260120078 0.000215313951048302 5.99248556909515e-05 8.62227695051843e-05 0.0006815380504122 0.000954690750222653 0.000315189174216357 0.000153024318569805 0.000127605192665214 8.13578851193597e-05 6.36609883940764e-05 0.000245098038794822 7.2821080493668e-05 0.000186776915143128 0.000152675790559442 0.000100591073896794 0.000175694555582595 0.00017936864605872 0.000135227786904579 7.47940232713518e-05 9.03904239294207e-05 0.000322867465365562 0.000183284875674872 4.00844674288692e-05 0.000311734925344354 0.000380530392067158 7.2960766055985e-05 0.000228073886228231 0.000145769849405042 0.000174085604066931 7.02951243511052e-05 8.80200190295e-05 0.00010472557569301
4.92310813797303e-05 0.000106446076642897 5.91078241086507e-05 0.000130329945568519 3.8532810367542e-05 4.11989552958403e-05 0.000239198062627111 0.000367825489593088 0.000269116461640806 0.000242817026810371 0.000117899824181222 0.000260029816490714 0.000239098923157144 0.000200585676793708 0.000223564420230105 4.83800690744829e-05 5.90062610172026e-05 0.000310150607765536 6.12447588537179e-05 0.000298507993647945 0.000149774178862572 0.000199930007511284 0.000210046301435796 3.21367550213836e-05 0.000188320447705337 5.39252805992874e-05 0.000178865334964939 0.000101299195011961 0.000281530669599306 0.000221219625018421 0.000202471048214647 0.000124254458023643 8.35177537055642e-05 0.000135572184990451 9.94071298919152e-05 0.000214768707610347 8.09245417258353e-05 3.69641242059515e-05 6.74792926474765e-05 4.86390648347879e-05 0.000423294686697773 0.00010069972340716 6.2142166416379e-05 0.000117477306230285
0.000103991904961731 0.000100394994569797 0.000103810850851005 0.000180408786764019 4.51155753353305e-05 4.38634183410613e-05 3.01138453096428e-05 0.000248014595126733 5.57273714548501e-05 0.000174748334211472 0.000168780153126136 5.80449685912754e-05 5.36622132131015e-05 6.1613035541086e-05 6.2607312520413e-05 0.0001053629859598 0.00022194583189048 5.70433429857076e-05 6.04894532443723e-05 6.40092883259058e-05 3.41758600598041e-05 6.28300325843156e-05 4.88378374484455e-05 5.87117800023407e-05 3.59468208444014e-05 5.6409641092614e-05 0.000206947513288469 0.000129110889338335 0.000134353965131595 0.000169673212349153 0.000299606863336521 4.87356270241435e-05 0.0002036597003098 6.22526992628991e-05 3.91955386930931e-05 0.000205047542385728 7.40729125027428e-05 6.7541480075306e-05 7.20544090654585e-05 6.76345084684726e-05 0.000105667341449589 7.49873471249884e-05 0.0001148095496319 0.000107228624983691
