Scripts_&_data/Maxent_result_files_1/Bombus_melanurus_3.asc
NCOLS 594 
NROWS 330 
XLLCORNER -15 
YLLCORNER 23 
CELLSIZE 0.166666666666667 
NODATA_value -9999 
[rows 280 to 299 of 330, columns 414 to 459 of 594]
0.0695888925343752 0.0699986763298512 0.0342548551503569 0.0128053586697206 0.037341031851247 0.0323770661838353 0.0197638875804842 0.0329903348349035 0.010881199548021 0.0165843781316653 0.00498292702250183 0.0113672147272155 0.0015209849421808 0.0038065945787821 0.0042278069013264 0.00205908531534078 0.00217906835896429 0.0014543579032761 0.0012831584954256 0.0049182777882379 0.0048298817986506 0.0046992788251373 0.00489817044799565 0.00510627111289068 0.00482190013135551 0.00467425762253697 0.00462785931304097 0.00471064340381417 0.00456490373326233 0.00468604460766073 0.00460160697257379 0.00413974866969511 0.00441010529466439 0.0056963398179505 0.00461830632993951 0.00659756197710522 0.00623613331699744 0.00466383052116726 0.00372504587576259 0.00380711512407288 0.00311771060223691 0.00215185187698808 0.00208389138570055 0.00265889971487923 0.00134799085244595 0.00138267831353005
0.0529636258259416 0.0634161848574877 0.061953579261899 0.0430921333841979 0.0416806259192526 0.030053145904094 0.0205718206707388 0.0106981305754744 0.0064987028890755 0.00641431033145636 0.00521240871748887 0.00386706098215654 0.00520991958328523 0.00393060742644593 0.00240580261306604 0.00120328747188978 0.00200625082507031 0.0130535042146221 0.00520714246667922 0.00304548482854443 0.00523446938750567 0.00494734523599618 0.00488840347316 0.00523784642973624 0.00521160166426853 0.00513029904104769 0.00504986483028915 0.0051752106694039 0.00508097412675852 0.00516950115415966 0.00525611668126658 0.00460971014690585 0.00393538204953074 0.00490766267175786 0.00496689437422901 0.00630299566546455 0.00708828882779926 0.00512278368405532 0.00379554845276289 0.00292526887933491 0.00240015223826049 0.00162634007356246 0.00141812283764011 0.0018703562382143 0.00226706946268678 0.00236113455321174
0.0148439469747245 0.0243078857194632 0.0315999757498503 0.032621734496206 0.034051435161382 0.0303043307736516 0.013767259940505 0.00115629663523578 0.00168570832174737 0.00292867800599197 0.00544951712072361 0.00202816856763093 0.00159017109399429 0.0108200333081186 0.00152334694721503 0.00349001111026155 0.00153889441226056 0.000418741331088768 0.00305530962941702 0.00113745689304778 0.00553935884236125 0.00593304743451881 0.00539156784725492 0.00560029679563741 0.00567054301027383 0.00549692327404046 0.00528945619043952 0.0051718433303904 0.00542416280441103 0.00515598096390022 0.00526553426316241 0.00486988145275973 0.00376225618529134 0.00415546311269281 0.00467573531786911 0.00600355314672925 0.00607033604755998 0.00789841241203249 0.0059237950888928 0.00769591314601712 0.00205969190428732 0.00139811057597399 0.00146489837061381 0.00104923346953001 0.00119978586444631 0.000742747564072488
0.00952793426113203 0.0130419599823654 0.0250238706357777 0.0501843150705099 0.0193653552792966 0.0464075166732073 0.0254816849716008 0.00312216797028668 0.000582666184891423 0.00669623360154219 0.000502306073758518 0.00126770223341737 0.00122283621749375 0.0025995320538641 0.00416472650540527 0.00292182713310467 0.00231531971730874 0.00162366258055044 0.000615269176705624 0.00316080207412597 0.00102864428408793 0.00111944048730948 0.00554513265051355 0.00574007033010275 0.00554995508609863 0.00556197131791123 0.00547641957637097 0.00542606565832102 0.00543674436994479 0.00531308977151639 0.00520256180097931 0.00481423521414399 0.00421064739930443 0.00441826210299041 0.00435585723025724 0.00518123491492588 0.00931719940854236 0.0108680637553334 0.0102009068825282 0.00937257843324915 0.00223074368404923 0.00128786643763306 0.00124795538940816 0.00154134687763872 0.00130179555271752 0.00180764531396562
0.0176158763701096 0.0146687251748517 0.0243659016210586 0.0282916739583015 0.00231244415081164 0.00122513645746949 0.00661243839422241 0.00657988269813359 0.0398936749435961 0.00110849110042182 0.000563957466511056 0.00145523142127786 0.000720601659850217 0.00195214517661952 0.00135669980709281 0.00337955879513174 0.000712585491965001 0.00120405999714421 0.00515219952139887 0.00281277323992981 0.00182939434707805 0.0031720762297482 0.0060279432022071 0.00600283697986015 0.00600304740692081 0.00597562288912741 0.00588072953360097 0.0055492691982181 0.00561013281349005 0.00503662602604891 0.00498989300758694 0.00473488652787637 0.00477163309042226 0.00487332181364764 0.00465533197275363 0.0053573323006276 0.010103975632228 0.0111088132020086 0.00880696162348613 0.0114025197690353 0.00388196314743254 0.00143123715024558 0.00128910792991519 0.00157563890097663 0.0014715420504217 0.0013933863985585
0.0226963104680181 0.0319591232109815 0.0151076935930178 0.0264444279484451 0.061580741032958 0.00228803883583169 0.0106964913662523 0.00252749917126494 0.0034520979723311 0.0179393480997533 0.00197919930033095 0.00097991812726832 0.000646269270191624 0.00189987350313459 0.0027381880703615 0.000874725776930063 0.000388778771952047 0.00147268239552432 0.00292825095166336 0.000530872231877311 0.00260637269384461 0.0033320967489999 0.00607918911846355 0.00620506129580463 0.00618896241958282 0.00621666117967834 0.00608230870111584 0.00586694283629186 0.00560650370698568 0.00543048667059338 0.0053286388021661 0.00529888245655457 0.00560253072035266 0.00520802639221074 0.00482206090819091 0.0071582859440241 0.0210983112454414 0.0173685241956264 0.00922450048383325 0.00833438774570823 0.00322676479700021 0.00155276505029178 0.00155396430709516 0.00137950761563843 0.00141278740920825 0.00139716066187248
0.00119947056591627 0.0153044088277966 0.0128447652910836 0.0107998623745516 0.0149112171726301 0.0189129009842873 0.00507053308538161 0.00331681753596058 0.00114820788890029 0.00558892916887999 0.0223421460483223 0.01169683461776 0.00963992807082832 0.0195461832452565 0.00157320571452146 0.00132821809966117 0.000991489991611161 0.00315519848008989 0.00133857427817929 0.00125047726687626 0.0230195801239461 0.00819459374761209 0.00649023421428865 0.00635385321365902 0.00617327721865877 0.00626701809869701 0.00620692229549604 0.00612744240534084 0.00581905018007092 0.00578502818134439 0.00569670477270847 0.00617935521513573 0.00607483002750087 0.00572685543738771 0.00527309685858199 0.0110684917774051 0.025553604029119 0.017365434486419 0.0106399911921471 0.00886361127486452 0.00313669147144537 0.00158340183043038 0.00130034371759393 0.00118776715098647 0.00138987351529067 0.00138747102901107
0.000140942827191992 0.00122763856343227 0.0335405658464879 0.0159112521680072 0.00284406895952998 0.0143071684287861 0.0416215376928449 0.0425508715212345 0.0204865027684718 0.0138680881122127 0.00273852324462496 0.00473098494985607 0.0137594897765666 0.0210743667325005 0.0155081918463111 0.0726747876033187 0.00459953708923422 0.00361882181605324 0.00288319936662447 0.00271957812074106 0.0053262161105522 0.039724431745708 0.016201118635945 0.00683098820882151 0.00628271540717833 0.00631187223334564 0.0063911148603438 0.00636357350449543 0.00626317791848123 0.0063340586160848 0.00619795189795695 0.00625835116843518 0.00638785787086817 0.0060581758240005 0.00599886021518614 0.00923259637784213 0.0338261870667338 0.0161514783743769 0.0111345404526219 0.0142359133576974 0.00551264639943838 0.00179315270434017 0.00125353704424924 0.00105843264100258 0.00124043938922114 0.00130986245785607
7.47188168475077e-05 0.00183708740660222 0.0115460687607992 0.0141291725914925 0.0164974213112146 0.0242567085195333 0.0312442739494145 0.0263803866226226 0.0203582677291706 0.0143503949278966 0.000623022949434926 0.00666095426167885 0.00333063273501466 0.00801932557951659 0.00396263538568746 0.00827786844456568 0.00652831233019242 0.00214687658299226 0.00264606693745009 0.00532595882032183 0.000648066566895977 0.00979962473502383 0.0138489123433828 0.00277200366181205 0.00650514191620459 0.00633986821230792 0.00637200963283249 0.00643427953727951 0.00633266393670056 0.00622492895017786 0.00618526559246675 0.00634015827090479 0.00650002752045111 0.00643044396601908 0.00643661468348 0.00785693419165909 0.0117159818182699 0.0179235192015767 0.0107535161077976 0.01981211444363 0.010302620078437 0.00293618323194096 0.00159680903525441 0.00129047566806548 0.0010999390440702 0.00134885916195344
9.03085679087923e-05 0.000537355353344537 0.0107571783533785 0.0234046083409339 0.0388365316204727 0.0284223649185151 0.0224268416408449 0.0216351958923042 0.021555596543476 0.00326475319452584 0.00222300772875315 0.000506449155091104 0.000172741293120993 0.00055350999370205 0.00562524276610929 0.00316309302143054 0.00438679772196338 0.0215903913602233 0.0046853267471306 0.00300224912061822 0.00232556161463435 0.00315515890251845 0.0215586686041206 0.0134950659004971 0.00680766969016986 0.00653696120389213 0.00643262281028001 0.00630897405371797 0.00625915717355383 0.00623020591956447 0.00621632430011232 0.00629018433519377 0.0063876855187118 0.00620412097268854 0.00663786344084656 0.0131567873293534 0.0157088522333652 0.0238453556783497 0.0195829373784363 0.013351652235724 0.017621969524771 0.00716725911479443 0.00257265963737154 0.00159038987403619 0.00124882136151427 0.0017356261407258
0.000329916508212591 6.71321960213689e-05 0.00109014557056071 0.0014380567085027 0.00444184647058137 0.0324897341895849 0.0126766533008777 0.00363973366911523 0.0120156970107928 0.00138044994828306 0.00441887518391013 0.00160122167071677 0.000438742532571723 0.00090462508710516 0.00352230920843795 0.00210695245227726 0.00404185495062848 0.00944523486541584 0.0143252601381391 0.0157070303335786 0.00540999532677233 0.00512412714306265 0.0369241732638329 0.00496555158752017 0.00754148018895648 0.00706785041838884 0.00674089837848442 0.00659927913402498 0.00651877084783337 0.00639966474209359 0.00637256587979209 0.00628779822418437 0.00641038491376094 0.00626708452800813 0.00654312936894712 0.0104987910715863 0.0412478974089026 0.0346523361280561 0.0289299591444433 0.0295554399490356 0.0318200066685677 0.0151231567841023 0.0148684210609645 0.00466131711145863 0.00171277857443783 0.00119187772070291
0.00117961972573539 0.00026415771676227 0.000301967495244071 0.00205089203373063 0.00119605591644358 0.0060097310168203 0.000892129849216872 0.00472678616642952 0.0247404416557401 0.0048117786180228 0.00164126106974436 0.000816960713200388 0.000660034303200519 0.00017175811403618 0.000241905227429129 0.000967562754703977 0.0113190022311755 0.00168871475736978 0.0017946611385014 0.0167023929796414 0.0119099339237437 0.0333851357921958 0.0157756753033027 0.0028616787516512 0.0147496597375721 0.0101771074114367 0.00726740389072802 0.00694461080202018 0.00666430134224356 0.00657643964623276 0.00650810135957727 0.00634685198583611 0.00643440696912876 0.00652839069443871 0.00654517030707211 0.00794609003060032 0.0177755165379494 0.0274821375496686 0.0309079698286951 0.0526238963007927 0.0209530693478882 0.01959686758928 0.0116966606117785 0.0157157986890525 0.0047565420740284 0.00196210687136045
0.000330674348492721 0.000948991967197799 0.000178553634346912 0.000216940609794847 0.0014963867753977 0.00910588998813182 0.000912351864280936 0.000230679392620914 0.00339261950284708 0.00055900891939018 0.0013341737423616 0.000511982283114776 0.00348332618596032 0.000171050117227622 0.000118613209975393 0.00248677231666079 0.000369634588977874 0.000238876387631137 0.000544076664971271 0.00250186617950021 0.0031300214388466 0.00941968796541914 0.0172992953797802 0.00427676800754853 0.0111265750601888 0.00906017915112898 0.007764854063862 0.00743392871372635 0.00696190149901668 0.00683968912235287 0.00663646120410704 0.00648008429634501 0.00654993947373441 0.00669522184471134 0.00672329228800663 0.00718927842390258 0.00602038694487419 0.0176422606687993 0.0216550369281322 0.0345824280753732 0.0242655548267066 0.023358174180612 0.0137025612872094 0.00557866493472829 0.0107636978849769 0.00342043769778684
0.000179513329333858 6.68729465090223e-05 3.12887778581405e-05 3.95388739818703e-05 0.000794234050545128 0.0122147903894074 0.00960035626776517 0.00959132791031152 0.00175863665645011 0.00104561531261425 0.00108586821952485 0.000841395059978822 0.000956805127862026 0.000326268690093912 0.000126835732712038 0.000744535587864448 0.000274468960230934 0.00066273560105401 0.00109287457526079 0.00602032736642286 0.00257143616818212 0.00381883376703627 0.00494664441794157 0.00207702878760756 0.00172374167450471 0.00909479738475056 0.00144787067119978 0.00754029145027744 0.00721737031417433 0.00711292245978257 0.00678076160875207 0.00670234591489134 0.00674660355616652 0.0068494599454425 0.00663580077562074 0.00715973483092966 0.0158611876890063 0.0157726772129536 0.016948090493679 0.0240231996402144 0.0361247172579169 0.0457843689247966 0.0223214549943805 0.00431392902974039 0.00360322298947722 0.00313501978525892
6.61417728981206e-05 5.90199063715602e-05 2.46049496988032e-05 6.39426553735944e-05 4.03072820895911e-05 0.000150585019339644 0.000795182481306256 0.0018307542995899 0.00404275832988787 0.000411251751847885 0.000147679685859714 0.000559266711024975 8.97672454083676e-05 0.000162316896265224 0.000333302315959827 0.000994636667201121 0.000141239521834535 0.000790019188389124 0.000534318709651416 0.00138078807867714 0.000370681885897284 0.000441422522612811 0.000249214692485111 0.00285208044369938 0.00662702061235905 0.0049708359350916 0.00412814080627868 0.000990974520027521 0.00102432130465786 0.00406797710247702 0.00673714169679442 0.00687977873712953 0.00693567886155506 0.00700436998304213 0.00685134826999274 0.00699188149555994 0.00925515376729891 0.018136198585853 0.0166250644717366 0.0248730417340994 0.0444301148876548 0.0437720686197281 0.020034590549767 0.006608107581269 0.00334258248913102 0.0023984586194274
0.0001075661549649 7.27592379469399e-05 8.18158682164949e-05 0.000435868968941122 8.84448669300042e-05 4.57850620231959e-05 2.98573102878841e-05 4.39544386323654e-05 0.000476193926351698 0.00059595100410661 0.000639890300590196 0.000429420429918537 0.000528950085026736 0.000245786040483154 0.000503330840194849 0.00011737097930471 0.00010955509871664 9.39840918681156e-05 0.000512260854134183 0.000642202232847922 0.00162333844345994 0.00359313611370453 0.00288075976641267 0.000344851672844015 0.00762838929658756 0.00645168242044747 0.00284570988587802 0.00437087843783956 0.00725709644029848 0.00403083005585358 0.00550362730682537 0.00695889602284296 0.00694883853575448 0.00700955941319989 0.00700667523306038 0.00716710587439593 0.00842753397300839 0.0116126232896931 0.0176966376136988 0.0256654960103333 0.0335662345401943 0.0101021363865584 0.00640493908431381 0.0055424180929549 0.00605334244901314 0.00278463318536524
5.97757594826831e-05 9.63610133759118e-05 0.000192951479024828 3.69276738524604e-05 0.000482389019032325 0.000530151179543736 9.09669743929697e-05 5.07571380923721e-05 6.78434616901313e-05 0.000224912159228552 0.000216945114618738 0.000516156250159838 0.000205658373283768 8.84151602264183e-05 0.000237849646271115 0.000342418319087301 0.000222615421233741 0.000567889109868247 0.00359333219530527 0.0154932046774775 0.00138680592790479 0.00212676537812513 0.0004051427723752 0.000699689065504572 0.000213284825628079 0.00592531952424906 0.00176534387283027 0.00408149850263726 0.00761358954332536 0.00693194930572645 0.00502449287450872 0.0070901494982536 0.00709928894539189 0.00713351624290226 0.00718011093558744 0.00744017891047406 0.00789411346777342 0.0190128821413964 0.0154035836923867 0.0187835820484906 0.00715470352442935 0.000752254188773804 0.00253845809274935 0.000692329146477277 0.00911181722767651 0.00351409109425731
6.18721272450884e-05 0.000276622675175986 0.000798724915171078 0.000587742509014788 0.000225178748746657 6.8239120889757e-05 0.00013273611582747 0.000153789705942131 0.000274572203659318 8.33180706472092e-05 0.000135934054853237 0.00010068485056749 0.000437586023258518 0.00147420073517424 0.00311405975699017 0.000341739075520309 0.000800872690160759 0.00292773238616064 0.00366729322704487 0.0123917602933943 0.00870077648141887 0.00326606250982877 0.000377412781924136 0.000303530821454956 0.000574578622490662 8.86356304860669e-05 0.000412089178257702 8.60820443321586e-05 0.00149578195778304 0.00522902876837179 0.00375159164887009 0.00647299424672383 0.00734116549792816 0.00727795943166711 0.00748977561743232 0.00790619375766255 0.00781495991250267 0.0061740541132167 0.0122790470486507 0.00918383469106629 0.0168458885513246 0.020342589635402 0.00809907785151154 0.0119380122050643 0.00773008076939732 0.0157084813341498
0.000330664150681059 0.000287834679045318 0.000871045910935209 0.000188259840058436 7.93033180620739e-05 0.000162233642871001 0.000748462745627876 0.000407035881426054 0.00012532040738904 7.71600248008042e-05 0.000177106473373101 0.000640605757598678 0.000458819568234503 0.00112485317567916 0.000703056121801637 0.000289018702460453 0.00248660528159235 0.000688201780826603 0.000494104755580338 0.00176729828635871 0.000591670146241086 0.000310188636336761 0.00172370862592288 0.00421785180715233 0.00747449856353342 0.000711012306874181 0.000367110249044345 0.000377249267876323 0.000341388368815387 0.000479754517027686 0.00387152251787484 0.00420129880149034 0.00429161761858268 0.00537946237236611 0.00793315034825355 0.00950488004600629 0.00550298462621868 0.00552497557946481 0.0146507608704269 0.00251483753090724 0.00504969478351995 0.0125250077340752 0.0151129076490179 0.0107112489873543 0.0079858124256134 0.0196021525189281
0.000807983912341115 0.000352245197063894 0.000178542061414078 0.000281349785819884 0.000603738397921916 0.000491279323273375 0.000560084738208388 0.00115947665926797 0.000487130142869319 0.0007519161604705 0.00104164145009236 0.000241031765517619 0.000151251804197727 0.000405439090513937 0.00159855225356296 0.000708836679223168 0.00131940993160242 0.000793903817611863 0.00357122507193708 0.000422517617016638 0.000804507920656761 0.000582599476319956 0.00633428502078459 0.00228583513599006 0.00750369734487322 0.00740093089007132 0.00723990063343081 0.00719740067943349 0.00504856917250436 0.000958285452179552 0.000495572225736396 0.00252917139114288 0.000513886052613088 0.00464055544289295 0.00578769941930659 0.00125394772039726 0.000660645017342176 0.00602261252934113 0.00510882207890972 0.0183311759028584 0.00175561112409923 0.0127664742758498 0.0110897336853668 0.00991384531371295 0.00788050568662584 0.0132789448369294
