Scripts_&_data/Maxent_result_files_1/Bombus_cingulatus_3.asc
NCOLS 594 
NROWS 330 
XLLCORNER -15 
YLLCORNER 23 
CELLSIZE 0.166666666666667 
NODATA_value -9999 
[rows 280 to 299 of 330, columns 484 to 527 of 594]
5.96744875736022e-14 5.72986103009043e-14 3.28992388887173e-13 7.20712378665667e-13 1.27373667169195e-12 1.91218152423289e-12 6.17114217504877e-09 1.31701183292421e-09 5.14573406107388e-10 4.0433142389773e-10 1.70678869926277e-09 3.5112820317984e-09 5.25250534177957e-09 1.42675845582474e-09 4.57772408868351e-10 2.54977849944993e-10 5.62196722508901e-10 2.73362310565517e-10 3.33902816507248e-10 1.47407330786109e-10 4.55838478075066e-11 8.28230817262465e-12 9.09202713117452e-12 1.55499502163536e-10 4.74066788047622e-09 1.02931625778346e-08 2.21065565852996e-10 6.65856259018938e-13 4.44355663375973e-13 2.683409050519e-14 2.22044604925031e-17 1.16573417585641e-15 8.65973959207622e-16 5.52891066263328e-15 3.95028454391877e-13 1.20048415652718e-13 1.14241949233929e-13 1.28730359705287e-13 2.48689957516035e-15 3.86690679476942e-14 1.49324996812084e-14 9.43689570931383e-16 7.7937656328686e-15 7.31636973227978e-15
1.12032605414925e-13 5.24580379135386e-14 2.47857290247566e-13 1.74071868030978e-13 1.76825221132049e-13 4.08194589240907e-12 8.60612823228024e-09 1.65296029086548e-09 3.35059865408382e-09 7.33090103066658e-09 6.18404311092391e-09 2.97577070207389e-08 5.55545450753314e-09 1.25105609205534e-09 7.1673740276168e-10 1.16610964218111e-09 1.81554349332202e-10 4.70357530701904e-11 6.41577568849527e-11 2.45450026969962e-10 2.87595169901067e-11 4.14339673682207e-12 1.04190212013577e-10 7.49249051690271e-10 3.43301139738017e-09 3.14984993643463e-10 9.48382816723381e-11 9.40858502218589e-13 5.12201392410816e-13 1.00364161426114e-14 1.11022302462516e-17 3.5527136788005e-16 6.88338275267597e-16 5.39568389967826e-15 2.67108557494566e-13 1.06303854607859e-13 1.11222142606948e-13 4.0911718457437e-14 1.32116539930394e-15 1.90958360235527e-14 4.38538094726937e-15 5.01820807130571e-15 2.18269846641306e-14 2.72892819452863e-14
6.47926157171241e-14 6.24500451351651e-14 5.89750470680883e-14 1.05904174318994e-13 1.14914744386851e-12 1.07671038751533e-10 1.38407021399445e-09 2.78497979011583e-08 3.8015580461348e-08 4.22864215865459e-08 2.05486830551216e-08 1.03145828683759e-06 6.9399530122638e-09 2.03314165503343e-10 2.86432211282772e-11 2.4704682743959e-11 1.13458731298977e-10 2.60428234533094e-11 1.08726361247591e-11 5.44789768852638e-12 1.88483673113637e-12 2.11809014771802e-11 9.72515623587355e-11 3.89784424736916e-09 1.40082117017215e-08 3.84914977669126e-10 6.12457178306158e-09 8.16640088885379e-12 2.56517029839642e-13 1.82742709853301e-14 1.11022302462516e-17 6.43929354282591e-16 6.21724893790088e-16 1.15463194561016e-15 5.88418203051333e-15 1.1367573549137e-13 2.05180317180975e-13 1.12132525487141e-15 7.4495964952348e-15 4.55191440096314e-15 2.04836148043341e-14 7.99360577730113e-16 9.32587340685132e-16 1.0325074129014e-15
4.0689673852512e-14 3.88244991711417e-14 4.32986979603811e-14 8.76299033336636e-14 1.66966440673377e-12 2.63277177836585e-12 1.57618362806033e-12 7.18638482055667e-12 6.72519817612738e-12 2.11590855947463e-11 9.85886511317702e-09 1.69901341218193e-08 1.10883346948754e-10 6.68258226532714e-11 1.5274181919267e-11 1.36979316778252e-12 1.15413234524908e-12 1.01125774421007e-12 1.88703497272513e-12 6.40754116432163e-12 2.03297711998118e-11 3.2903779700888e-11 4.31635838182842e-11 7.60246987585589e-10 3.22115740747364e-09 8.21784418292282e-11 7.24825566233989e-10 9.84464731956791e-12 3.81683573635883e-13 3.69060337845895e-13 2.22044604925031e-17 3.33066907387547e-17 4.66293670342566e-16 5.6621374255883e-16 9.2148511043888e-16 3.61555230199428e-13 1.4210854715202e-15 1.15463194561016e-15 8.43769498715119e-16 5.76205749780456e-15 6.07291994469961e-15 1.21014309684142e-14 9.10382880192628e-16 9.76996261670138e-16
2.1183055309848e-14 1.64757096854373e-14 2.52353693497298e-14 1.00919272938427e-13 6.3962279917007e-12 8.14137646187874e-13 8.46767100881607e-14 4.45943282301187e-13 8.30335800117155e-13 5.32795485508331e-10 1.37083255080661e-08 1.80433642676947e-06 2.18634759742153e-06 3.04356603031408e-08 3.04097147463267e-10 1.49569084895163e-09 1.09857788421763e-09 5.23968091137306e-11 1.8370930332523e-10 1.74503966832162e-11 1.19437459922267e-11 1.40391143155227e-11 2.50587395278501e-10 7.47931605538099e-11 4.57593407610091e-11 1.37892974816367e-10 6.04120087288607e-11 1.33368871502171e-12 5.34861044343415e-13 5.34794430961938e-14 1.11022302462516e-17 1.11022302462516e-17 4.55191440096314e-16 3.38618022510673e-15 2.68673971959288e-15 3.19744231092045e-15 4.66293670342566e-16 6.99440505513849e-16 5.08482145278322e-15 7.32747196252603e-16 8.10462807976364e-16 8.88178419700125e-16 1.94955163124177e-14 8.99280649946377e-16
9.02611319020252e-15 7.90478793533111e-15 1.57762691799235e-14 3.16924264609497e-13 5.64426283489183e-13 1.06248343456627e-13 1.12887477143886e-13 2.45192754988466e-13 5.42570455230873e-10 3.81101373791992e-09 2.15152212490466e-08 2.22523504197936e-05 3.06022863146849e-05 2.61847234839241e-06 9.3033867831771e-09 1.98126293149414e-11 6.07646155614816e-12 5.63686763932481e-11 2.3216206734844e-12 6.34281516198598e-13 9.20094000989025e-12 4.68320937585531e-12 7.31802174414042e-11 7.77586328659652e-11 1.11159192961452e-10 2.9682689639543e-10 9.54891832272153e-11 3.18558512901745e-12 4.89208673570829e-13 6.169509347842e-14 1.11022302462516e-17 1.55431223447522e-16 4.88498130835069e-16 1.43218770176645e-15 7.58948459633757e-14 8.43769498715119e-16 6.88338275267597e-16 4.2854608750531e-15 6.66133814775094e-16 6.88338275267597e-16 1.42663658664333e-14 7.66053886991358e-16 6.32827124036339e-16 6.43929354282591e-16
4.55191440096314e-15 4.6296300126869e-15 7.07212066686225e-15 4.18332035678759e-14 1.50257584152769e-13 1.68476343986868e-13 1.99590344251988e-12 2.90679702530383e-11 3.77707657706061e-08 4.87511339232194e-06 3.79717668419488e-10 6.3501559566248e-11 6.24707424679016e-09 8.51090582454361e-09 1.40852000063418e-09 1.42341805009494e-11 1.72879488502531e-12 1.71201941512322e-12 6.43629594065942e-13 8.90787443807994e-13 1.30117028263044e-12 3.85629195243098e-11 4.75071315619857e-11 3.16832082791763e-10 2.10104478259865e-10 1.11517195477973e-10 7.26044118160019e-09 1.46650469545762e-12 2.91899837634446e-13 1.33226762955019e-16 1.11022302462516e-17 6.88338275267597e-16 8.99280649946377e-16 2.74225087082414e-15 1.25588428545598e-13 2.76334510829201e-14 3.31956684362922e-15 1.25677246387568e-14 4.9960036108132e-16 4.9960036108132e-16 5.21804821573824e-16 2.99760216648792e-15 1.14797060746241e-14 6.77236045021345e-16
3.01980662698043e-15 4.48530101948563e-15 7.61612994892857e-15 9.77329328577525e-14 1.28508315100362e-13 1.56397117478946e-13 4.08746370084145e-12 2.49299763832589e-08 5.23905501537136e-08 9.96648575890546e-09 5.63507018824794e-12 4.404254738688e-12 2.01557659451623e-12 1.09984465979096e-11 7.3437866898729e-11 1.38144495842596e-11 2.14655626606941e-11 9.9298347322474e-13 7.31548155386008e-13 1.28119737041743e-13 3.30946381410513e-13 5.38588385001759e-10 7.51531392673144e-11 1.1854989212523e-09 5.21968357425351e-11 2.70773625743459e-11 6.83229472997482e-11 5.12823117304606e-13 2.31903385383703e-13 2.17825757431456e-14 1.11022302462516e-17 5.88418203051333e-16 1.59872115546023e-15 1.52655665885959e-14 4.04454247870945e-14 3.74145159298678e-15 2.58681964737661e-15 4.77395900588817e-16 4.40758540776187e-15 3.66373598126302e-15 9.79216707719388e-15 3.37507799486048e-15 7.19424519957101e-15 5.55111512312578e-16
2.35367281220533e-15 3.40838468559923e-15 2.3392399128852e-14 1.62836411021772e-13 1.12920783834625e-13 1.47015732920863e-13 2.63944421874385e-13 2.00238270409159e-11 2.37449393480915e-11 3.84943743547694e-11 1.17900134100068e-12 3.97237798210881e-14 3.19744231092045e-15 6.10622663543836e-15 1.52544643583497e-14 5.72319969194268e-13 7.07800484889276e-13 1.17661436149774e-13 3.64819285891826e-13 1.62123647839962e-12 2.24706919738082e-12 4.02814448463573e-12 1.44796397094638e-12 1.14287468377938e-12 1.07771569446413e-12 3.91116172782091e-10 4.75974815117297e-12 5.72564218259686e-13 9.5456975657271e-14 6.21724893790088e-16 0 5.88418203051333e-16 4.21884749357559e-15 9.2370555648813e-15 4.9960036108132e-16 4.77395900588817e-16 4.9960036108132e-16 5.21804821573824e-16 5.21804821573824e-16 5.32907051820075e-16 2.8421709430404e-15 4.9960036108132e-16 4.44089209850063e-16 4.10782519111308e-16
2.88657986402541e-15 2.50910403565285e-15 3.14082093666457e-14 1.85473858493879e-13 1.05959685470225e-13 1.74134040520357e-12 5.06694686208675e-13 1.50423582478965e-09 4.84122297805811e-11 1.67656444283182e-11 1.02140518265514e-15 2.22044604925031e-15 6.77236045021345e-16 6.43929354282591e-16 1.29896093881143e-15 3.41948691584548e-15 1.05970787700471e-13 2.28317365014163e-13 2.4891200212096e-13 4.72666350503914e-13 4.14790424230205e-13 7.07556235823859e-13 1.7187362644222e-13 2.85360624019404e-13 7.22936155383991e-12 2.11046180531582e-11 1.10256248575524e-13 1.35447209004269e-15 3.33066907387547e-17 4.44089209850063e-16 0 4.77395900588817e-16 3.8968828164343e-15 5.55111512312578e-16 4.44089209850063e-16 4.77395900588817e-16 2.60902410786912e-15 4.44089209850063e-16 3.66373598126302e-15 3.10862446895044e-15 0 9.99200722162641e-17 3.10862446895044e-16 8.88178419700125e-17
2.94209101525666e-15 1.57651669496772e-15 4.33653113418586e-14 8.01247956871976e-14 2.36044517265555e-13 1.42453493445771e-11 5.50539946964079e-11 4.30188825673028e-09 6.3019556240107e-11 3.39528405390865e-13 1.59872115546023e-15 2.66453525910038e-16 1.11022302462516e-17 2.55351295663786e-16 6.66133814775094e-17 6.21724893790088e-16 1.42774680966795e-14 8.82294237669612e-14 1.18360876655288e-13 3.10473868836425e-13 7.14983627858601e-14 2.34079422511968e-13 3.95450339141235e-13 1.86753945641271e-12 3.3696823109608e-12 1.8992696304565e-12 4.66293670342566e-16 1.99840144432528e-16 4.88498130835069e-16 3.21964677141295e-15 0 4.44089209850063e-16 4.44089209850063e-16 2.67563748934663e-15 3.88578058618805e-16 3.45279360658424e-15 4.44089209850063e-16 4.85167461761193e-15 0 1.11022302462516e-17 1.11022302462516e-17 0 0 0
1.32116539930394e-15 1.06581410364015e-15 1.86739512741951e-14 1.86961557346876e-13 6.06324990215512e-12 5.70860025916886e-12 3.53787477092027e-10 8.82149353564898e-10 1.74353420590023e-11 1.23394627848938e-12 1.23678844943242e-14 1.55431223447522e-16 1.11022302462516e-17 0 1.11022302462516e-17 3.33066907387547e-17 3.88578058618805e-16 4.9960036108132e-15 1.73194791841524e-14 4.06230604710345e-14 2.99982261253717e-14 2.3037127760972e-14 2.8377300509419e-14 4.22106793962485e-14 5.51003687121465e-14 1.61648472385423e-14 1.88737914186277e-16 6.66133814775094e-17 4.21884749357559e-16 4.44089209850063e-16 0 1.11022302462516e-17 5.88418203051333e-16 3.66373598126302e-16 3.88578058618805e-16 7.54951656745106e-15 2.1094237467878e-16 8.99280649946377e-16 5.55111512312578e-17 3.33066907387547e-17 3.33066907387547e-17 2.22044604925031e-17 1.11022302462516e-17 0
1.06581410364015e-15 4.40758540776187e-15 1.42486022980393e-13 3.33411076525181e-13 6.99038604778934e-12 8.05213340449029e-11 2.83234968811996e-10 4.6124254415858e-10 3.32930349955518e-12 1.01892938531023e-12 2.52020626589911e-15 1.11022302462516e-17 1.11022302462516e-17 1.11022302462516e-17 0 1.11022302462516e-17 7.105427357601e-16 3.59712259978551e-15 1.09134923320653e-14 4.5852210917019e-15 1.17794662912729e-14 4.64073224293315e-15 2.25375273998907e-15 6.92779167366098e-15 2.43138842392909e-15 2.44249065417534e-16 1.11022302462516e-17 0 0 4.66293670342566e-16 0 4.77395900588817e-16 2.80886425230165e-15 3.5527136788005e-16 0 0 0 1.11022302462516e-17 3.33066907387547e-17 1.11022302462516e-17 0 0 1.11022302462516e-17 2.22044604925031e-17
6.03961325396085e-15 1.96620497661115e-14 1.24111831922846e-13 1.81431536461218e-11 3.94950738780153e-12 7.91703813618483e-11 5.90012846579668e-08 4.31691526969757e-10 5.11618525322888e-12 3.02902147808481e-13 3.21964677141295e-16 0 4.44089209850063e-17 1.11022302462516e-17 1.11022302462516e-17 0 4.44089209850063e-17 2.44249065417534e-16 2.88657986402541e-16 2.88657986402541e-16 9.2148511043888e-16 1.45439216225896e-15 5.88418203051333e-16 1.19904086659517e-15 5.55111512312578e-16 1.11022302462516e-17 1.11022302462516e-17 4.10782519111308e-16 0 0 0 3.5527136788005e-16 0 4.44089209850063e-17 0 0 0 1.11022302462516e-17 2.22044604925031e-17 2.22044604925031e-17 1.11022302462516e-17 2.22044604925031e-17 2.22044604925031e-17 1.99840144432528e-16
1.82076576038526e-15 3.69593244897715e-14 4.93494134445882e-13 7.25088877828739e-12 4.66507943386318e-12 1.25570897013816e-09 5.12981792710754e-08 2.98117086572347e-11 1.21924692564335e-13 2.43249864695372e-14 9.99200722162641e-17 0 1.11022302462516e-17 0 0 0 1.11022302462516e-17 4.44089209850063e-17 6.21724893790088e-16 6.66133814775094e-16 2.77555756156289e-16 1.4432899320127e-16 6.66133814775094e-17 6.66133814775094e-17 1.11022302462516e-17 0 1.11022302462516e-17 0 0 0 3.66373598126302e-16 2.22044604925031e-17 1.11022302462516e-17 1.11022302462516e-17 1.11022302462516e-17 0 1.11022302462516e-17 1.11022302462516e-17 1.11022302462516e-17 1.11022302462516e-17 1.11022302462516e-17 1.11022302462516e-17 0 0
1.31006316905768e-15 6.63358257213531e-14 2.25847118784372e-12 2.46034304041132e-12 3.97991639644602e-12 2.20383952198588e-09 4.38577174577404e-11 4.14813405846814e-11 8.91708928918433e-13 7.64943663966733e-15 1.11022302462516e-17 0 0 0 0 0 0 0 1.11022302462516e-17 0 0 1.11022302462516e-17 1.11022302462516e-17 2.22044604925031e-17 0 0 0 0 0 2.17603712826531e-15 0 0 0 1.11022302462516e-17 0 0 0 0 0 0 5.55111512312578e-17 1.11022302462516e-17 2.22044604925031e-17 1.77635683940025e-16
1.82076576038526e-15 1.0081935286621e-13 1.04608544049256e-12 4.03407307558723e-12 1.78865511291093e-10 5.40460207698601e-09 1.78459469424297e-12 5.62855317909339e-12 8.13642486718891e-12 7.99360577730113e-16 0 0 0 0 0 0 0 0 0 0 0 0 0 0 0 0 0 2.88657986402541e-16 3.66373598126302e-16 6.18394224716212e-15 0 0 0 0 1.11022302462516e-17 0 0 0 0 1.11022302462516e-17 3.33066907387547e-17 5.55111512312578e-17 7.7715611723761e-17 3.44169137633799e-16
3.73034936274053e-15 2.69362310234555e-13 4.24593693537645e-13 4.30987467936461e-12 1.97926119938074e-11 4.17466061719551e-13 3.10818037974059e-13 1.33196786933354e-12 3.97915034255902e-13 6.10622663543836e-16 1.11022302462516e-17 0 0 6.66133814775094e-17 1.11022302462516e-16 1.33226762955019e-16 0 0 0 0 0 0 0 0 0 2.22044604925031e-16 1.88737914186277e-16 7.7715611723761e-17 2.44249065417534e-16 0 0 0 0 0 0 0 0 0 0 1.11022302462516e-17 1.11022302462516e-17 3.33066907387547e-17 2.1094237467878e-16 5.10702591327572e-16
8.88178419700125e-15 1.87494464398696e-13 2.26951790693875e-13 3.35814709373494e-12 3.14107628796023e-12 7.96679389125643e-12 7.24970417032012e-11 2.23193685755518e-12 3.88090670710994e-12 2.8510527272374e-14 1.11022302462516e-17 0 0 5.55111512312578e-17 8.88178419700125e-17 9.99200722162641e-17 1.11022302462516e-17 0 0 0 0 1.11022302462516e-17 0 0 1.16573417585641e-15 1.77635683940025e-16 2.94209101525666e-15 0 0 0 0 0 0 0 0 0 0 0 0 1.11022302462516e-17 1.11022302462516e-17 1.11022302462516e-16 5.77315972805081e-16 2.99760216648792e-16
2.2726265314077e-14 1.26623156404548e-12 2.49789078310414e-13 9.17632636543431e-13 3.76243480815219e-13 2.50577336657898e-13 2.20135021322676e-13 9.13791264878228e-13 6.88227252965135e-14 4.89408513715261e-13 1.33226762955019e-16 0 0 1.22124532708767e-16 8.88178419700125e-17 9.99200722162641e-17 1.22124532708767e-16 1.22124532708767e-16 1.11022302462516e-16 1.4432899320127e-16 1.22124532708767e-16 0 1.22124532708767e-16 7.7715611723761e-16 1.04360964314765e-15 0 0 1.11022302462516e-17 0 0 0 0 0 0 0 0 1.11022302462516e-17 0 1.11022302462516e-17 1.11022302462516e-16 1.99840144432528e-16 9.99200722162641e-17 1.11022302462516e-17 4.44089209850063e-17
