Scripts_&_data/Maxent_result_files_1/Bombus_alagesianus_3.asc
NCOLS 594 
NROWS 330 
XLLCORNER -15 
YLLCORNER 23 
CELLSIZE 0.166666666666667 
NODATA_value -9999 
[rows 60 to 79 of 330, columns 495 to 539 of 594]
1.44995238038348e-11 1.3045997615535e-11 1.19672716181185e-11 1.17091558671234e-11 1.1668199739745e-11 1.08615560989733e-11 9.10577169221938e-12 8.85895801161496e-12 8.38529246038888e-12 8.34016189443787e-12 7.82337528093535e-12 7.26052551414114e-12 7.12822023629656e-12 6.80666634167437e-12 7.15264514283831e-12 6.86352086276543e-12 8.00565169711831e-12 7.13136216745625e-12 8.93976004334718e-12 5.1119664057353e-12 2.62100896541995e-10 1.43159461245546e-06 1.46970880905428e-05 2.81917636584694e-05 4.374531463327e-05 4.04340478326048e-06 4.92490492831621e-12 3.58906238062673e-12 3.38030714530646e-12 5.631917154858e-12 4.2647441134136e-12 2.92336155283124e-12 3.27757820883789e-12 5.75185481355156e-08 -9999 -9999 -9999 -9999 -9999 -9999 -9999 -9999 -9999 -9999 2.48077596687324e-08
1.6868295649175e-11 1.37931999155683e-11 1.31731847652361e-11 1.27848509556827e-11 1.22465815266537e-11 1.14219189661924e-11 1.00542019154659e-11 8.99899044171093e-12 8.60497229027146e-12 7.95360444172388e-12 7.71233077401234e-12 7.68960450869827e-12 7.61398721849105e-12 6.62789823024923e-12 6.14307493762567e-12 5.5997984027556e-12 6.92624846365675e-12 5.50441914271005e-12 4.50126602657974e-12 4.40453229444415e-12 4.4113379615851e-12 5.29370991486644e-12 6.79404310588438e-12 1.21521126494883e-11 1.0946887840646e-11 5.52949908083633e-12 3.40082406680153e-12 3.12991854656275e-12 2.94134716583017e-12 2.80256928775202e-12 2.84240408987557e-12 2.96556112999724e-12 2.49274240360364e-08 0.0552706882357597 -9999 -9999 -9999 -9999 -9999 -9999 -9999 -9999 -9999 -9999 9.6783692171698e-13
2.26658203317243e-10 4.38633330768212e-09 1.27036470232156e-10 4.9871218266162e-12 1.25883081736333e-11 1.18492771150613e-11 1.11424092175127e-11 9.66923208167714e-12 8.89304185847095e-12 8.164291465107e-12 9.45077349712165e-12 7.87514498057362e-12 6.15985040752776e-12 5.68016744750821e-12 5.1786241961338e-12 4.79351003335182e-12 1.11348708031755e-11 5.189138008177e-12 9.88191750650458e-12 4.52432535880121e-12 4.53187487536866e-12 6.70431488103418e-12 1.62513780210816e-11 6.45618003503046e-12 4.52803350370345e-12 4.57159865518975e-12 2.02093897172517e-11 3.19393400616264e-12 2.98121527464446e-12 5.39991384940208e-12 4.15130218357262e-05 -9999 -9999 -9999 -9999 -9999 -9999 -9999 -9999 -9999 -9999 -9999 5.5695754896945e-09 1.24233956455555e-12 7.18414217004693e-13
1.54490642501059e-11 4.31871205464063e-12 7.33917371320558e-12 1.59423807488679e-11 1.19250720409525e-11 2.73175926324143e-12 5.96664939678249e-12 1.01973096633401e-11 8.64089910734833e-12 7.6997408449131e-12 6.82310874466907e-12 5.99390537203703e-12 5.66505731214306e-12 5.75552938641977e-12 4.66005012356163e-12 4.25545154669749e-12 4.09056122308016e-12 4.70158356691286e-12 1.61382240904118e-11 7.55168150234908e-12 4.11650713516565e-12 1.57504009834497e-11 3.74410502601563e-12 5.37466737782211e-12 4.14964729245071e-12 2.96845881209151e-12 9.99502702825339e-12 3.68103325598668e-12 4.02090583051518e-12 0.000127926795812527 -9999 -9999 -9999 -9999 -9999 -9999 -9999 -9999 -9999 -9999 3.16980552916846e-11 1.19312337787392e-12 1.00089936339032e-12 9.08217945294609e-13 1.04162234393357e-12
1.88499216235982e-11 1.36545996731741e-11 3.06762393265103e-12 5.83160186806708e-12 6.10733685846299e-12 4.29030144744047e-12 1.2244294467223e-11 9.6346819411508e-12 8.38162872440762e-12 7.24784676719992e-12 6.30786534117078e-12 5.89674975515209e-12 5.54047918654987e-12 4.76183537045927e-12 4.41601200051878e-12 4.32167635011638e-12 4.06777944661485e-12 3.91298105029136e-12 3.78089781705171e-12 4.54801751814671e-12 3.33970628929592e-12 3.56670248891078e-12 3.14780423948946e-12 3.02110558791924e-12 6.1720073496474e-12 2.9156232983496e-12 2.73100431158468e-12 4.57454036517646e-07 -9999 -9999 -9999 -9999 -9999 -9999 -9999 -9999 -9999 -9999 -9999 9.13358277898624e-13 1.34035005316946e-12 1.20281562487889e-12 1.00809360858989e-12 9.89175408250276e-13 7.87603315899332e-13
1.22267196367432e-11 1.54425472409514e-11 1.74542491571117e-11 1.8714385596752e-11 4.36903846434689e-12 1.49427137330349e-11 1.12678755215256e-11 2.55624410527844e-12 3.62463392633572e-12 7.36631866615767e-12 2.03251859787201e-12 3.03000957657673e-12 9.27891097290967e-13 5.38515898540481e-12 9.93527482506806e-13 4.2296499636052e-12 3.72396558034893e-12 3.50754980615875e-12 3.31896732319592e-12 3.15594217425996e-12 2.93705060272487e-12 2.86565216001122e-12 2.84878787226717e-12 5.62638824419537e-13 2.80070411307065e-12 6.55664411652879e-13 4.05865577812747e-09 -9999 -9999 -9999 -9999 -9999 -9999 -9999 -9999 -9999 -9999 -9999 -9999 1.45992107292159e-12 1.29675159499243e-12 1.43094425197887e-12 1.44982914562775e-12 9.21651643892574e-13 8.48454639879037e-13
2.52664555944193e-11 2.43525311027781e-11 4.84683404522457e-12 1.74084968662669e-11 3.19042747776166e-10 1.0529760396949e-10 4.2352676921098e-11 1.0708478548338e-11 6.95188351329534e-12 4.07024625115326e-10 4.1739035117061e-09 2.74933287247592e-10 5.85408388431574e-12 4.78478368037827e-12 3.32576410855268e-11 8.13238365537927e-13 4.5668580028746e-12 8.38329405894456e-13 3.04919423044225e-12 9.08384256703698e-11 7.83806353155114e-13 1.33928423906582e-12 1.29847910201875e-11 5.93210056631932e-09 -9999 0.0030229325289838 -9999 -9999 -9999 -9999 -9999 -9999 -9999 -9999 -9999 -9999 -9999 1.9265483097719e-09 2.21058726879164e-12 1.38039579766769e-12 1.25714993970405e-12 1.11973763594619e-12 1.48713263925515e-12 9.56035250965215e-13 9.60886925582827e-13
3.98764232745208e-10 1.52107049178341e-10 1.02697506054739e-10 4.96037291419782e-07 2.13144867529991e-05 2.49158978931518e-05 0.000348631224187557 4.62730822325952e-08 1.14724771904662e-09 9.96150995025147e-10 -9999 6.31677891760774e-05 7.38904438435384e-07 9.37781184617847e-07 -9999 1.68832873903568e-08 1.44649556865772e-07 1.12321110634639e-08 5.22382106682429e-08 3.57940515227639e-08 3.48873263611438e-11 6.93934909534732e-12 8.42736991302218e-13 1.81169523827407e-12 -9999 -9999 -9999 -9999 -9999 -9999 -9999 -9999 -9999 -9999 1.53917244061219e-08 2.28640106847422e-11 1.85507165184617e-12 1.46243017695724e-12 1.2929768367087e-12 1.1854850434645e-12 1.11031184246713e-12 1.11033404692762e-12 1.04914965604053e-12 1.01539887609192e-12 1.50420786937389e-12
1.8192576995979e-07 1.0386196458434e-08 6.45985338554311e-08 1.88783576327012e-07 1.29843621721193e-07 4.99176480150965e-08 3.30833949124809e-10 8.39195379853663e-12 7.81599229782159e-12 4.27897162147417e-11 -9999 -9999 -9999 4.35790752373322e-08 1.88981730375737e-08 6.28452895625742e-06 -9999 0.000345829272919218 2.99516875745809e-08 4.18372548827151e-09 3.30142153615043e-09 2.11987476572695e-08 -9999 -9999 -9999 -9999 -9999 -9999 -9999 -9999 1.95384721290992e-08 7.08095699852862e-09 1.10988551682567e-11 3.80262488164362e-13 1.63844493528131e-12 3.78685971469395e-13 1.49975587504514e-12 1.4147238935891e-12 1.30611077509002e-12 1.16832099550379e-12 1.14771525616675e-12 1.05957465024176e-12 9.72266711585235e-13 1.50607304405526e-12 9.04776253918271e-13
8.71104299804415e-12 2.1222867907511e-11 3.96385924084086e-11 5.27467958200134e-11 6.29800656071211e-12 2.58939647501677e-11 9.79988312721503e-12 8.09075029195583e-12 6.64137633776818e-12 6.1152860553193e-12 2.93900459524821e-12 1.20808696379981e-11 1.52173551537516e-10 9.61086099593445e-11 1.01950064368417e-07 -9999 -9999 -9999 -9999 -9999 -9999 -9999 -9999 -9999 -9999 -9999 -9999 -9999 -9999 1.89478604140092e-08 2.05203631864492e-12 8.31212876306608e-13 7.84106113371763e-13 1.55803148160771e-12 1.62866387043437e-12 3.67317287697233e-13 1.4271583914649e-12 1.33959510151271e-13 4.9782400424192e-13 1.17705845070759e-12 1.03672626039497e-12 1.07053255149481e-12 1.28841382007749e-12 8.16913203749436e-13 8.1654683015131e-13
1.8299112105602e-07 2.70364064469675e-11 5.83698644973651e-12 2.64775978919829e-12 1.53844381678425e-11 3.28596039267381e-12 2.56590304559268e-12 2.76882961003366e-12 4.66743310667539e-12 5.7668203545802e-12 6.03315175595753e-12 5.64194246877037e-12 5.16293674479584e-12 4.74710271092249e-12 4.51522152999928e-12 2.40092390413338e-12 8.74966765707086e-13 9.42657063518482e-13 7.07385261478066e-12 3.34265948254142e-12 1.48514534004107e-12 1.36376798742788e-11 2.63222776908378e-12 1.20478071963248e-12 1.16827880702886e-11 8.6149587819051e-08 -9999 -9999 3.41128019165637e-09 5.28320720505349e-12 2.86104473445903e-13 1.78679293583173e-13 1.60059743237184e-12 1.63188351720578e-12 1.7122303574979e-12 1.5813350628946e-12 1.54013468645076e-12 5.80246961590092e-13 1.49209533617523e-12 2.82807111062766e-13 1.11786135903458e-12 1.1611711592252e-12 1.19200205261905e-12 9.24837983973248e-13 9.02178332040648e-13
3.1552538359847e-12 1.84743220721373e-11 2.47247777807047e-12 2.34063879389623e-12 3.62282426280558e-12 1.26408772338493e-11 9.10870268100439e-12 9.25703957932456e-13 3.55614426794659e-12 2.70499178611772e-12 2.12455608661344e-12 5.50970380430726e-13 1.15095710739865e-12 4.79455364299497e-12 1.10347286863544e-12 3.95561361443697e-13 4.52682336060661e-13 7.88247245253615e-13 4.39492886528114e-13 3.43214345832621e-13 6.55875354027558e-13 3.04458680489006e-12 3.01798586122004e-12 2.95452551313247e-12 2.47216691562357e-12 7.26386395477618e-11 6.08586403494371e-11 1.45468970202955e-11 1.07840347762789e-10 4.14090983724691e-12 2.56972221279739e-13 7.32380822654477e-13 1.5217826998537e-13 1.03299591103223e-12 1.6070922370659e-12 1.37393429966437e-12 7.31648075458224e-13 1.40436551276935e-12 1.51256784874931e-12 1.5694778809916e-12 1.42110767598069e-12 1.39609435123589e-12 1.36586297827535e-12 1.28557164913445e-12 1.16956444529137e-12
3.75076636416338e-12 4.93476370877488e-12 3.08333358844948e-12 5.59590151993916e-12 1.37367561769963e-11 1.02596042772518e-11 1.43700606969333e-12 2.1048296439119e-11 5.98993077360888e-12 2.18085549619218e-12 9.93405357974097e-13 1.56981094789899e-12 1.69200209398923e-12 1.23134835661176e-12 1.67578173559946e-12 8.61799520635031e-13 8.205769397307e-13 1.63855595758378e-12 2.53957965767881e-12 2.18730589196525e-12 5.98887606173548e-13 1.29424249095678e-12 1.57545088086408e-12 3.85591558682563e-13 1.31910038447813e-12 3.46411788143541e-13 1.15933040945038e-11 2.69403832575676e-11 7.50326467624518e-12 2.81965673032403e-11 7.06912306469576e-12 2.99271718517957e-13 7.81041897823798e-13 1.68328684324592e-12 1.38166145191576e-12 1.4600431974543e-12 7.2588601796042e-13 5.99975624737681e-13 1.31838984174237e-12 1.40177869312197e-12 1.46164191860976e-12 1.33968391935468e-12 9.79261116640373e-13 9.51494438794498e-13 1.15744080986246e-12
2.39129827050988e-12 1.22254428802648e-12 2.43969289215329e-12 2.03784766839021e-12 8.39033287292068e-12 7.35387306605162e-12 6.09712280663643e-13 6.16104944839435e-12 2.19728679695663e-12 1.18164367179929e-12 4.37099245687023e-12 5.20505860635012e-13 8.88564777312695e-12 1.03903552428619e-12 2.04050110141907e-12 1.93266513903723e-12 3.75930397922275e-12 3.68541863693395e-12 3.37178063247734e-12 3.44843043009746e-12 1.35826905278691e-12 6.84563516983872e-13 4.64417393430949e-13 7.09488023886706e-13 3.10917958046275e-13 3.96038757344286e-13 4.41902070491551e-13 1.07478470567912e-12 6.8122174567975e-13 1.40208844534584e-11 1.29023347561485e-11 7.40318917280547e-13 1.7231993609812e-12 3.74500430666558e-13 3.22819548870257e-13 2.60447219346815e-13 1.62164726091873e-12 1.56232804471301e-12 1.27458044119066e-12 8.97171226199589e-13 1.36044508991517e-12 8.91464679853016e-13 1.32862609802942e-12 1.34712241361967e-12 1.32469590852224e-12
9.31121846292626e-13 5.26666488198657e-12 1.98098204506891e-12 7.99504906723314e-12 1.76438863519479e-12 1.84201542907658e-12 1.49666945503668e-12 2.44942954807925e-12 2.85418355616685e-12 2.51061393896634e-12 1.17831300272542e-12 5.88018522762468e-13 4.18153289771794e-12 3.98668875689623e-12 8.59035065303715e-13 1.86330950668889e-12 3.80290243739978e-12 3.72012420868373e-12 1.69591007903591e-12 2.00672811700997e-12 2.85338419558911e-12 2.73073785805877e-12 3.18880477578887e-12 1.37519995391244e-12 6.95521418236922e-13 3.8326009033085e-13 8.2475137830329e-13 8.51196890749861e-13 2.94313462489981e-12 2.29460894729527e-12 1.22333254637397e-12 2.26265672864656e-12 1.74985681500317e-10 2.7651658740524e-12 8.89543994020414e-13 7.11194436675555e-12 3.09163805667367e-13 1.57315271920311e-12 9.94360149775275e-13 1.45767842241185e-12 1.22076793118708e-12 1.30329080860747e-12 1.5017875831802e-12 1.54385393358325e-12 1.54846135913544e-12
3.87696541537252e-12 2.19125273481779e-11 7.42940153841687e-12 1.3083234495781e-11 7.64344143533435e-13 2.9519164890246e-12 6.56616983008007e-12 2.5477620013703e-12 5.34705613119968e-12 1.06699094004625e-12 1.57566182323876e-12 2.00000016548074e-12 5.83222359296087e-13 9.35729271844821e-13 4.01002564487385e-12 3.97680777197706e-12 3.82740505955326e-12 2.01281213918492e-12 1.43063338953198e-12 4.49087433906925e-12 3.62062602121682e-12 3.58404417255542e-12 3.24924531724946e-12 3.6116443169476e-12 3.54998253015992e-12 6.20981044363589e-13 7.79265540984397e-13 7.74036390538413e-13 3.03845837379413e-12 7.19824200245967e-13 3.51152440458691e-13 4.95422591839656e-12 3.47961659485918e-12 4.24941193344353e-12 1.32814870212883e-12 2.52464715799761e-13 4.94826402075432e-13 6.78590517111388e-13 7.21622761545859e-13 1.38077327349606e-12 6.15674178305881e-13 1.66929803313565e-12 9.07540709249588e-13 1.72535319364897e-12 4.12070377819873e-13
1.50906842577569e-11 4.18776902044726e-11 1.23629884107856e-11 2.07587058653758e-11 8.68936034237322e-12 4.42724745752798e-12 3.14019921177078e-12 7.08344494171342e-13 6.29263308127292e-13 7.03026525883388e-13 6.27764507044048e-13 6.58628707128628e-13 1.00941477398919e-12 5.36493072189614e-13 9.01900776284492e-13 1.7744250513374e-12 3.47558648527979e-12 2.21029861080524e-12 6.56930065900951e-13 2.19800844192264e-12 3.41863204411652e-12 3.33539862396037e-12 3.32009975068104e-12 1.55607748908437e-12 1.51644252710526e-12 1.73043801510175e-12 7.84894371719247e-13 3.80273590394609e-13 3.76598752183099e-13 8.65729710142205e-13 4.16130463420927e-12 5.53235235400962e-13 9.60709289898887e-13 8.61883897584903e-12 5.3283377710045e-12 1.06500364083217e-12 2.12726503079352e-12 1.96176408451265e-13 2.6487700921507e-13 2.2065682614425e-13 8.36675173587764e-13 7.51809725585417e-13 6.87894186057747e-13 1.49381618186339e-12 2.0353718710453e-13
9.79172298798403e-13 2.09607997625483e-11 1.9360768543919e-11 3.01730862517502e-12 5.95701266092874e-13 1.29108945756684e-12 1.49830148288288e-12 1.26166854741427e-12 5.79026826486029e-12 2.25744978266107e-12 8.08331179769084e-13 7.9782846995613e-13 6.86217749290563e-13 5.09892128519596e-13 5.61317659020233e-13 1.27340360478456e-12 1.49342760380478e-12 4.87959672668126e-12 1.5466739000658e-12 3.60808050103856e-12 4.01390032322979e-12 3.65694141635231e-12 2.14371853601847e-12 6.71340760760586e-13 2.07229788884433e-12 2.00953698126227e-12 1.13209441821027e-12 1.04846131776526e-12 4.89774887313388e-13 8.42959035907143e-13 7.57616192004207e-13 1.6821766202213e-12 7.31503746465023e-13 1.15720766302729e-12 5.62871971254708e-13 6.45716813352237e-13 6.14130968301652e-13 6.35298480489155e-12 6.23656681852935e-13 1.79604109362685e-12 2.29438690269035e-13 1.50941481535938e-12 1.67232894199287e-12 1.77801107170694e-12 7.16149362034457e-13
3.8811660552085e-10 7.0878081182002e-12 6.82240930416356e-12 4.55785409414489e-12 3.26185523036315e-11 4.81469308866167e-12 3.61040086716002e-12 1.14856013588849e-11 5.18386444881003e-12 1.58276725059636e-12 1.55958579384219e-12 1.33068001062497e-12 1.35967903602818e-12 9.09561315154406e-13 5.12001552266383e-12 2.44150255568343e-12 2.2246426922834e-12 2.87894152961599e-12 9.80859837795833e-13 1.42342804210216e-12 5.69788660698123e-13 8.43780600945365e-13 4.79749573401023e-13 4.8797743623652e-12 1.03878017299053e-12 9.00080010524107e-13 3.77771147697103e-12 4.37345715198489e-12 8.40849612160355e-13 1.70297109747253e-12 3.61288776673518e-13 1.20701226791198e-12 2.01572092350943e-12 2.46903608669413e-12 1.45620182578909e-12 8.07909295019726e-13 5.24389420775151e-12 1.17457155113243e-12 2.03000949383636e-12 9.85389547736304e-13 2.9259927813996e-13 1.53757007126387e-12 3.21983550932714e-12 3.77504694171193e-12 1.04718456128694e-12
7.5321786585647e-10 2.03493932815491e-10 4.81409356822837e-12 2.36102692952045e-11 1.12334319624097e-10 2.40459430145279e-11 8.73444649940325e-12 2.99527069813621e-12 6.74967859382036e-12 4.83409978713212e-12 7.98152655079321e-12 3.99733579570238e-12 8.23874302113836e-13 5.3517190679031e-13 3.19824167149818e-12 5.50694934098317e-11 1.07885700373345e-11 1.23769883231262e-12 1.39865896642277e-12 1.38827838114253e-12 6.16603434977492e-12 2.79775091982515e-12 1.65841784749432e-12 1.42431622052186e-12 2.31742736112039e-11 4.55738780047454e-12 2.56680232624262e-12 1.5708212508514e-12 3.21173088124738e-12 6.61902754828247e-12 4.33627911355927e-11 2.38012942688215e-12 3.86014553654945e-12 1.34973143772754e-12 3.50971474105677e-12 8.90351126159317e-12 1.72688530142295e-12 2.15794049296392e-12 2.13806750082313e-12 7.28528348759028e-13 6.47482067961391e-13 7.02538027752553e-13 2.25730545366787e-13 3.45601325335565e-13 5.9331428658993e-13
