Scripts_&_data/Maxent_result_files_1/Bombus_confusus_2.asc
NCOLS 594 
NROWS 330 
XLLCORNER -15 
YLLCORNER 23 
CELLSIZE 0.166666666666667 
NODATA_value -9999 
[rows 189 to 209 of 330, columns 230 to 275 of 594]
0.484421905875206 0.206892354786396 0.380228382349014 0.513332709670067 0.478630092740059 0.532656440138817 0.477248930931091 0.4882448554039 0.403301519155502 0.326373958587647 0.393735501170158 0.440014487504959 0.430610135197639 0.330325767397881 0.405704724788666 0.267773769795895 0.304799416661263 0.436275485157967 0.653760010004044 0.464202183485031 0.312616048753262 0.960000503063202 0.939755809307098 0.416392907500267 0.367519915103912 0.427874538302422 0.389851114153862 0.454812416434288 0.326451870799065 0.397568354010582 0.411067408323288 0.39826272726059 0.39052309691906 0.362768170237541 0.344023376703262 0.300813442468643 0.350406277179718 0.330229461193085 0.343421086668968 0.336529558897018 0.263849851489067 0.219127750396729 0.173224936425686 0.280102106928825 0.562611475586891 -9999
0.421836352348328 0.378002890944481 0.466821044683456 0.480282375216484 0.368345028162003 0.455781629681587 0.514382606744766 0.35376954972744 0.545457071065903 0.302403894066811 0.374371933937073 0.434930619597435 0.433643385767937 0.276037892699242 0.297718419134617 0.390380588173866 0.29200109988451 0.302388149499893 0.327359369397163 0.539089819788933 0.556183701753616 0.466070553660393 0.264082875847816 0.31172733604908 0.37082137465477 0.398542022705078 0.407383480668068 0.31385940015316 0.582518810033798 0.327344805002213 0.304606246948242 0.386566725373268 0.354537311196327 0.321717968583107 0.33113631606102 0.319527566432953 0.33205871284008 0.330014237761498 0.32467457652092 0.308217570185661 0.133574406057596 0.0810696475207806 0.0828676328063011 0.342732770740986 -9999 -9999
0.418584850430489 0.434527584910393 0.375251618027687 0.449378475546837 0.410116991400719 0.463479128479958 0.548307517170906 0.298951402306557 0.293889553844929 0.407401168346405 0.423159298300743 0.286086514592171 0.328305386006832 0.392903986573219 0.356833618879318 0.250943763554096 0.4064179033041 0.41236469745636 0.224749974906445 0.407292681932449 0.441361781954765 0.277295283973217 0.173334349691868 0.162993746995926 0.303091701865196 0.293389381468296 0.369044536352158 0.371489131450653 0.205820846557617 0.373001992702484 0.326261696219444 0.327066096663475 0.362090936303139 0.3800990909338 0.319788193702698 0.304293033480644 0.358985644578934 0.304335817694664 0.288540866971016 0.265045017004013 0.252462427318096 0.227643083035946 0.127308913320303 -9999 -9999 -9999
0.552426022291183 0.494251701235771 0.485436424612999 0.41683557331562 0.47975204885006 0.364376375079155 0.340874803066254 0.349790775775909 0.403871437907219 0.478741365671158 0.389225459098816 0.48118614256382 0.231493411958218 0.428297850489616 0.515511909127235 0.404790967702866 0.316287106275558 0.587150210142136 0.343442003428936 0.331783473491669 0.582991379499435 0.473652812838554 0.387703055143356 0.627301660180092 0.314179444313049 0.35023045539856 0.32768292427063 0.288149286806583 0.135941111296415 0.202146543562412 0.260186415910721 0.442986235022545 0.33768190741539 0.247125659883022 0.26456932425499 0.276152294874191 0.332392337918282 0.361817497014999 0.241358096897602 0.0984830617904663 0.0701625116169453 0.207738311588764 -9999 -9999 -9999 -9999
0.514051404595375 0.505392017960548 0.819310688972473 0.56033564209938 0.774903655052185 0.567256885766983 0.438375407457352 0.505913197994232 0.608231115341187 0.611291360855102 0.517650300264359 0.375584083795547 0.48531442284584 0.547937622666359 0.33823236823082 0.365606942772865 0.475307855010033 0.352446204423904 0.0595220845192671 0.359762436151504 0.599405428767204 0.419802263379097 0.311047455668449 0.478771075606346 0.187761853635311 0.205441570281982 0.225597225129604 0.250582464039326 0.112645342200994 0.374843542277813 0.321082773804665 0.208192780613899 0.25011373013258 0.24084624350071 0.294500932097435 0.156589616090059 0.227218505740166 0.132984255999327 0.0966747649013996 0.105247211456299 -9999 -9999 -9999 -9999 -9999 -9999
0.570641356706619 0.331396339833736 0.0842050079256296 0.0678449209779501 0.524272614717484 0.396769696474075 0.27578182220459 0.425331851840019 0.363831506669521 0.0663314837962389 0.0522465266287327 0.454100251197815 0.640358972549439 0.594445785880089 0.567902249097824 0.209405310451984 0.338888305425644 0.265308482944965 0.35664785951376 0.451191180944443 0.35112307369709 0.471372351050377 0.275276681780815 0.233934091031551 0.239362692832947 0.20742112994194 0.18822557926178 0.20884406119585 0.12305049970746 0.207346960902214 0.281152087450027 0.0733165591955185 0.207932959496975 0.135307266563177 0.131147007644176 0.108343578875065 0.202421082556248 0.102418636530638 -9999 -9999 -9999 -9999 -9999 -9999 -9999 -9999
0.970016115903854 0.515961948037148 0.487127661705017 0.478841808438301 0.467895220220089 0.537416079640389 0.489427179098129 0.436252015829086 0.269794230163097 0.175732124596834 0.322294294834137 0.523350194096565 0.316844736039639 0.452860417962074 0.261980928480625 0.303976014256477 0.325270074605942 0.476861071586609 0.441089817881584 0.546942231059074 0.575159186124802 0.460605570673943 0.308292683959007 0.201448158919811 0.159227803349495 0.209512729942799 0.211802408099174 0.20842243283987 0.235379713773727 0.114707613736391 0.0660365164279938 0.0479723073542118 0.152223410457373 0.275672613084316 0.284313172101974 0.156742770969868 0.10723324380815 0.0327866568230093 -9999 -9999 -9999 -9999 -9999 -9999 -9999 -9999
0.382525691390038 0.360210260748863 0.384727844595909 0.397102251648903 0.362771764397621 0.372355046868324 0.542684489488602 0.532182136178017 0.522129920125008 0.388367199897766 0.721569156646728 0.251441994309425 0.324217119812965 0.688153517246246 0.66442563533783 0.605961108207703 0.668172252178192 0.581075718998909 0.360503751039505 0.444419884681702 0.408962738513947 0.282380847632885 0.169239841401577 0.177514211088419 0.115882448852062 0.137364248931408 0.132158369570971 0.419364374876022 0.194722312688828 0.240780040621758 0.143702615052462 0.028454814106226 0.210104854404926 0.142657015472651 0.0932542648166418 0.0754789106547833 0.0645856145769358 0.0784274538978934 -9999 -9999 -9999 -9999 -9999 -9999 -9999 -9999
0.234412479400635 0.265601570904255 0.56724798977375 0.690898084640503 0.628367602825165 0.983487790822983 0.87966970205307 0.643678498268127 0.67740735411644 0.404560008645058 0.399673518538475 0.465030226111412 0.782668793201447 0.436131030321121 0.75487425327301 0.491843998432159 0.477210834622383 0.410315352678299 0.373214218020439 0.218515634536743 0.258986349403858 0.253414867818356 0.165952631831169 0.193638728559017 0.139522018283606 0.128242740035057 0.119843126088381 0.187123262882233 0.142772479355335 0.223204553127289 0.172194124758244 0.134803736954927 0.192067325115204 0.0669208109378815 0.0510002408176661 0.109306994080544 0.00717046408681199 0.0137437198369298 -9999 -9999 -9999 -9999 -9999 -9999 -9999 -9999
0.232991324365139 0.200576221942902 0.380357280373573 0.324192367494106 0.371408912539482 0.428939515352249 0.374938812851906 0.445201480388641 0.593988656997681 0.85785226225853 0.377053213119507 0.406880611181259 0.692384672164917 0.388787752389908 0.19223852455616 0.264124166965485 0.593229365348816 0.241666524112225 0.209769356250763 0.162867526710033 0.160719573497772 0.163495047390461 0.160877142846584 0.156806024909019 0.140481598675251 0.131582681834698 0.144836308807135 0.10557250007987 0.160689289867878 0.0581727124750614 0.164543600380421 0.177039042115211 0.0710534192621708 0.0219655153807253 0.0191793653648347 0.0647429220378399 0.0542048759758472 0.191500288248062 -9999 -9999 -9999 -9999 -9999 -9999 -9999 -9999
0.173603396117687 0.152261028438807 0.309924593567848 0.262120449542999 0.31393261551857 0.259134019911289 0.267577584087849 0.352551847696304 0.332703310251236 0.284425166249275 0.287390184402466 0.316748908162117 0.287188400328159 0.288348700106144 0.259054873883724 0.22560803592205 0.288790443539619 0.254134006798267 0.20853715389967 0.201763288676739 0.216522455215454 0.158065271377563 0.157316644489765 0.152287311851978 0.134917920827866 0.0816347904503345 0.0857908509671688 0.138162980973721 0.0952349998056889 0.0342929853126407 0.219769865274429 0.0566126018762588 0.0747700855135918 0.00559074369957671 0.0216700045391917 -9999 -9999 -9999 -9999 -9999 -9999 -9999 -9999 -9999 -9999 -9999
0.0806724343448877 0.116005750000477 0.121137258410454 0.1811882391572 0.16882541924715 0.15972163900733 0.217536374926567 0.180329337716103 0.185466665029526 0.227317579090595 0.149915534257889 0.146018076688051 0.167853324115276 0.23118824660778 0.157541523873806 0.256852072477341 0.214207898080349 0.177972535789013 0.140231531858444 0.135502573847771 0.19394139945507 0.137839584797621 0.161969743669033 0.179865628480911 0.180147670209408 0.170567217469215 0.134514278918505 0.174706168472767 0.112694752961397 0.14883870780468 0.145048686116934 0.141689141839743 0.00862445625243708 0.0040511819999665 -9999 -9999 -9999 -9999 -9999 -9999 -9999 -9999 -9999 -9999 -9999 -9999
0.118566951900721 0.102735034376383 0.199648186564445 0.131245701014996 0.144764103740454 0.165664161741734 0.200520811975002 0.153419488668442 0.173292502760887 0.178325173258781 0.144631663709879 0.131516323238611 0.171572452783585 0.155481190979481 0.166151329874992 0.146352331340313 0.702575987577438 0.412015369534492 0.199785476922989 0.152698843181133 0.131947495788336 0.129078902304173 0.129822003096342 0.147508205473423 0.146837505698204 0.105845717340708 0.154062941670418 0.17690951526165 0.165248237550259 0.135705789923668 0.153191106021404 0.0840815588831902 0.0378551453351974 -9999 -9999 -9999 -9999 -9999 -9999 -9999 -9999 -9999 -9999 -9999 -9999 -9999
0.106079525500536 0.107020054012537 0.190581265091896 0.162115131318569 0.129153371602297 0.11322563290596 0.087222383916378 0.14539303407073 0.170475639402866 0.0866108745336533 0.107158660143614 0.12275857180357 0.113965203613043 0.172390428185463 0.105584714561701 0.0781319081783295 0.166875214874744 0.181900617480278 0.146960233896971 0.156158730387688 0.122879307717085 0.300681366026401 0.162209859490395 0.143492583185434 0.168182730674744 0.096059425920248 0.123193142563105 0.129084087908268 0.164554905891418 0.154610121250153 0.142169436812401 0.248201064765453 -9999 -9999 -9999 -9999 -9999 -9999 -9999 -9999 -9999 -9999 -9999 -9999 -9999 -9999
0.134058009088039 0.0995574362576008 0.103708618879318 0.11415301784873 0.129836155474186 0.0998782455921173 0.132661420106888 0.101143261790276 0.104401021450758 0.144290637224913 0.129812190681696 0.131852785497904 0.126793768256903 0.100628773868084 0.114461946487427 0.0936749130487442 0.105636292695999 0.0723521661013365 0.0822386354207993 0.0935794040560722 0.151831082999706 0.0711680989712477 0.153372286260128 0.0778361197561026 0.0877337027341127 0.0708902604877949 0.135892237722874 0.130702491849661 0.105460664629936 0.128365479409695 0.102343883365393 0.102375926077366 -9999 -9999 -9999 -9999 -9999 -9999 -9999 -9999 -9999 -9999 -9999 -9999 -9999 -9999
0.0546068497002125 0.0590715441852808 0.0824253544211388 0.113344166427851 0.0898442961275578 0.097225059568882 0.0969863504171371 0.105158194899559 0.0985881879925728 0.0873866938054562 0.0983772896230221 0.138728941977024 0.142286217957735 0.0937189854681492 0.0886601395905018 0.156367239356041 0.164482381939888 0.114668557047844 0.0820625633001328 0.102001827210188 0.10646960735321 0.108000086247921 0.124350384622812 0.12011399269104 0.120570453256369 0.130590689182282 0.12760863378644 0.123950906097889 0.122969319671392 0.148393987864256 0.111619643121958 0.19076801687479 -9999 -9999 -9999 -9999 -9999 -9999 -9999 -9999 -9999 -9999 -9999 -9999 -9999 -9999
0.094226511567831 0.0817320980131626 0.114462094753981 0.0697778888046741 0.0710989985615015 0.0766584817320108 0.072068278118968 0.0289631053805351 0.058547105640173 0.0534779116511345 0.0426865860819817 0.0585247874259949 0.0820372134447098 0.064808414876461 0.0544869296252728 0.13076249808073 0.0965276628732681 0.122816611081362 0.141694022715092 0.170020696520805 0.158606150746346 0.216228850185871 0.194152434170246 0.133002886921167 0.199195264279842 0.170487780869007 0.180422404408455 0.181291647255421 0.206663477420807 0.145013944804668 0.13641150072217 0.0117159879300743 -9999 -9999 -9999 -9999 -9999 -9999 -9999 -9999 -9999 -9999 -9999 -9999 -9999 -9999
0.128922671079636 0.0938949644565582 0.0849623657763004 0.0893693841993809 0.128874979913235 0.0893635265529156 0.0924583122134209 0.084313628077507 0.0786086790263653 0.0782851323485374 0.108488590270281 0.132019466906786 0.0907360389828682 0.0430299650877714 0.0906802706420422 0.123424926400185 0.118833844363689 0.17994911968708 0.160977387428284 0.250934056937695 0.197226814925671 0.206151406466961 0.200339861214161 0.186325697600842 0.198899511992931 0.193253672122955 0.269612677395344 0.304914323985577 0.212587893009186 0.175465397536755 0.133099737018347 0.036702604778111 -9999 -9999 -9999 -9999 -9999 -9999 -9999 -9999 -9999 -9999 -9999 -9999 -9999 -9999
0.158630967140198 0.115936788916588 0.122919104993343 0.142493646591902 0.126420244574547 0.0915796592831612 0.0971487082540989 0.182281704246998 0.140577509254217 0.0873342446982861 0.095969008654356 0.0899966977536678 0.0885898925364017 0.106638491898775 0.0915503807365894 0.138109780102968 0.15908692330122 0.168085147440434 0.141162814199924 0.197616848349571 0.230779981613159 0.250903952121735 0.174858595430851 0.255097478628159 0.225654515624046 0.270695397257805 0.213084818422794 0.148200591653585 0.43208364546299 0.253643187880516 0.295008507370949 -9999 -9999 -9999 -9999 -9999 -9999 -9999 -9999 -9999 -9999 -9999 -9999 -9999 -9999 -9999
0.296748796105385 0.499747064709663 0.116563259065151 0.154511058330536 0.184509861469269 0.157604791224003 0.114222442358732 0.173414075374603 0.156309838593006 0.127304990589619 0.138775264471769 0.10598731637001 0.0887601785361767 0.0856507770717144 0.0752320237457752 0.101427976042032 0.13051615357399 0.18391525298357 0.200001126527786 0.234504699707031 0.172720113396645 0.311672282218933 0.172293645143509 0.174164190888405 0.250239373743534 0.361601430177689 0.249113884568214 0.712795341014862 -9999 -9999 -9999 -9999 -9999 -9999 -9999 -9999 -9999 -9999 -9999 -9999 -9999 -9999 -9999 -9999 -9999 -9999
0.651380628347397 0.491558200120926 0.373149767518044 0.248453967273235 0.240819665789604 0.205100426077843 0.278978581726551 0.225889593362808 0.342372640967369 0.283055445551872 0.189285196363926 0.222438837587833 0.151906277984381 0.235612308979034 0.140621867775917 0.0766819197684526 0.148431192338467 0.379203441739082 0.428174781799316 0.188200610876083 0.230756613612175 0.0943433649837971 0.149673978984356 0.139594858139753 0.214334279298782 0.187127368152142 0.188162310421467 0.0576703231781721 -9999 -9999 -9999 -9999 -9999 -9999 -9999 -9999 -9999 -9999 -9999 -9999 -9999 -9999 -9999 -9999 -9999 -9999
