Scripts_&_data/Maxent_result_files_1/Bombus_confusus_3.asc
NCOLS 594 
NROWS 330 
XLLCORNER -15 
YLLCORNER 23 
CELLSIZE 0.166666666666667 
NODATA_value -9999 
[rows 280 to 299 of 330, columns 184 to 229 of 594]
2.42504628999995e-07 1.15406991074707e-07 5.15817936275198e-07 -9999 -9999 -9999 -9999 -9999 -9999 -9999 -9999 -9999 -9999 -9999 -9999 -9999 -9999 -9999 -9999 -9999 -9999 -9999 -9999 -9999 -9999 -9999 -9999 3.53812487974281e-08 7.88573511378843e-08 8.5781129488538e-08 8.79072345583154e-08 7.88764789483309e-08 7.35394100725983e-08 1.2341671258298e-07 1.67676607176759e-07 2.07036446653319e-07 2.22594951893029e-07 2.23102718166501e-07 2.07540006691431e-07 1.85502908944812e-07 2.33999264231954e-07 2.137540993985e-07 2.7582251522773e-07 2.90831125404623e-07 3.33916506178866e-07 3.21307608253107e-07
2.82554049668704e-07 2.40181221577984e-07 2.05488724880354e-07 2.17118231837787e-07 2.58962212917879e-07 4.4440813606883e-07 1.1202376839492e-07 7.19349520750256e-07 4.5201290745922e-07 3.14950826663107e-07 -9999 -9999 -9999 -9999 -9999 -9999 -9999 -9999 -9999 -9999 -9999 -9999 -9999 -9999 -9999 -9999 -9999 2.93429290199043e-08 5.01629853211227e-08 8.35493273676491e-08 7.66547381125804e-08 7.15095783032638e-08 7.00865956382302e-08 1.04732485350922e-07 1.45568847909061e-07 1.85251743900494e-07 1.8584004255473e-07 1.88071944506873e-07 2.08886147667897e-07 1.58182126064332e-07 1.51968087713783e-07 2.14233312689771e-07 1.64185213691326e-07 1.82406730253604e-07 2.61989922023531e-07 2.54732059978835e-07
3.7116627815692e-07 3.32461388019567e-07 3.62569008593994e-07 2.68418285287453e-07 2.20055810551401e-07 1.93296142114718e-07 1.92691237010934e-07 2.05878228776157e-07 2.01446888326018e-07 1.79234783370674e-07 1.23987249356361e-07 9.25019723041487e-08 1.99085523888698e-07 -9999 -9999 -9999 -9999 -9999 -9999 -9999 -9999 -9999 -9999 -9999 -9999 -9999 -9999 6.39704169635991e-08 5.8362826260705e-08 5.79035846826059e-08 8.62818135161092e-08 5.70607185945704e-08 6.81704745986167e-08 9.77692259596097e-08 1.37127294230766e-07 1.6124611885715e-07 1.52588883040039e-07 1.5730954743276e-07 1.18993990305682e-07 1.34583386657283e-07 1.02335373242113e-07 1.34885950409114e-07 1.44803385104808e-07 1.71650467173379e-07 1.77020666569661e-07 1.5907005064264e-07
4.88310136148584e-07 5.43199053737453e-07 4.42012074586273e-07 3.71402739673954e-07 3.31711622081343e-07 3.00319432788854e-07 2.91814705910554e-07 3.06675818428914e-07 3.1986040571752e-07 3.04002188578067e-07 3.1441517513997e-07 2.68644208212265e-07 2.41175145987427e-07 7.06110949266758e-07 1.55436553228583e-07 -9999 -9999 -9999 -9999 -9999 -9999 -9999 -9999 -9999 -9999 -9999 3.97063892432215e-08 1.3106969065646e-07 9.4091768332305e-08 7.05083493812708e-08 5.18689467376987e-08 5.03679986607608e-08 5.4389338366434e-08 8.40980093563815e-08 1.220166714333e-07 1.26335871097893e-07 1.1457054220898e-07 1.29452263752938e-07 7.13275840169558e-08 7.14643929811132e-08 9.22831039140703e-08 1.16178908449172e-07 1.1485179784998e-07 2.07618449188374e-07 1.79704027480909e-07 1.79313384940372e-07
5.65267347951703e-07 6.25984479540875e-07 5.97547431269163e-07 5.5627428707794e-07 5.10740522230435e-07 4.39290269227399e-07 4.05978636663917e-07 4.12373304925495e-07 4.30711538612627e-07 4.4119700497447e-07 4.562589126067e-07 4.21859728305662e-07 3.61998771047922e-07 3.2187620604418e-07 2.92645291644078e-07 2.29875910839894e-07 5.91187568232954e-07 -9999 -9999 -9999 -9999 -9999 -9999 -9999 -9999 5.62523415403859e-08 5.21931463826064e-08 7.93395344089731e-08 7.63027032668617e-08 6.0997554385267e-08 5.15349974250512e-08 4.59684579290354e-08 4.82042278093786e-08 7.16648053789015e-08 9.84284667993052e-08 8.60842501282377e-08 9.61672878219133e-08 1.12339761582092e-07 9.13277970582271e-08 8.8528479214034e-08 1.1533255168672e-07 1.2892806129372e-07 1.16924622250991e-07 1.22452692163932e-07 1.27061788912641e-07 1.73724547991583e-07
4.59514424733243e-07 7.15755486524472e-07 6.69768436978302e-07 7.04688217112448e-07 8.26422638056101e-07 6.66721103570467e-07 5.80037476893835e-07 5.59420657353371e-07 5.1990415208536e-07 5.16661649285766e-07 5.82508192081832e-07 5.24247310451642e-07 4.94889860291892e-07 4.54187372156412e-07 3.75679269737361e-07 2.83597039363315e-07 2.35299015471924e-07 2.68082329668573e-07 -9999 -9999 -9999 -9999 -9999 -9999 5.61447029756579e-08 7.38900482133431e-08 8.0453460826746e-08 6.68921321889116e-08 5.41209431048628e-08 5.1164829484307e-08 4.81878664748692e-08 4.16526258373295e-08 4.12558907036953e-08 6.21246857068769e-08 8.25160170858652e-08 8.30298176879296e-08 9.166062997501e-08 1.06643727626476e-07 1.31387429558316e-07 1.39446107016994e-07 1.56649350113724e-07 1.70604096005889e-07 1.13379431709859e-07 1.90633572216825e-07 2.10252255605781e-07 1.82250119173943e-07
4.53246127918305e-07 7.48217235013726e-07 7.99395812833836e-07 7.32736202380124e-07 1.14806058562067e-06 9.98866705259616e-07 8.82441187144423e-07 7.96458881069384e-07 7.96597637986451e-07 7.45027454485125e-07 6.45457261683191e-07 6.84471829259792e-07 6.49252040929582e-07 5.8309713928395e-07 5.19427058520705e-07 4.42704583036857e-07 3.19984441077281e-07 2.51555193209185e-07 1.51341715692865e-07 3.85611448994183e-08 3.92032830731637e-07 2.87591220526906e-07 8.16942451464797e-08 1.35303729775771e-08 9.79711081150469e-08 7.83949869465062e-08 6.45918097230691e-08 5.27010143969164e-08 5.00637504341483e-08 5.23820751663351e-08 4.87903170753867e-08 3.17116237269488e-08 4.19292012665551e-08 5.89084600655099e-08 7.47042880444582e-08 8.3761317837272e-08 9.94781261809408e-08 1.05941713535174e-07 1.23231113402511e-07 1.36535127914783e-07 1.4992666939051e-07 1.75643491218125e-07 1.88749359875118e-07 2.18760961878672e-07 2.25966310907211e-07 2.42101353364887e-07
3.45573641169494e-07 6.54017205192758e-07 9.54310818457316e-07 8.85648540105421e-07 1.06143554745586e-06 9.74754595262084e-07 1.36300290876079e-06 1.10535176389703e-06 1.0797175498567e-06 9.6076640403453e-07 9.13787868483951e-07 8.40083566799876e-07 7.50067303556534e-07 7.29263761201082e-07 7.33546146847175e-07 7.3089288505912e-07 5.77028076875763e-07 4.20775621989833e-07 2.71906588622528e-07 1.7406247803109e-07 1.18653744962671e-07 1.36966012220796e-07 1.32020242649133e-07 9.89081528679492e-08 1.06646812891853e-07 6.83057260530973e-08 6.01442445180567e-08 5.4171773156142e-08 5.33724792362023e-08 5.24975245941306e-08 4.35129497322606e-08 3.19432143625065e-08 4.51368322718082e-08 5.96358983084855e-08 7.73248336471966e-08 8.85724641630503e-08 1.08959515099372e-07 1.18440314267332e-07 1.28823987743942e-07 1.43541170061212e-07 1.55733464701768e-07 1.55114401678702e-07 1.72357122085742e-07 1.87908869531128e-07 1.94749439241804e-07 2.13615285460378e-07
4.03844956053945e-07 6.85751750140184e-07 9.726374536001e-07 1.23548361514736e-06 1.22387803003221e-06 1.63656166591863e-06 1.60067637580141e-06 1.27405318934848e-06 1.30072482633636e-06 1.19261364375234e-06 1.06268074944182e-06 1.32203556759691e-06 1.03375077031842e-06 1.01382247521542e-06 1.1844516599524e-06 1.16439131048196e-06 8.78436650708636e-07 6.4477905681315e-07 4.86832806601001e-07 3.74458350904661e-07 2.47112349072154e-07 1.75349966369254e-07 1.31956310323034e-07 7.99090046577078e-08 6.52268175027615e-08 6.67313545754666e-08 6.35028444495589e-08 5.88152471614478e-08 5.63790007568343e-08 5.2592790389383e-08 4.17612374015164e-08 3.79563939834071e-08 4.81375618477387e-08 5.28169852742621e-08 5.63970735445452e-08 8.01344612000321e-08 9.86553328807815e-08 1.23502847770851e-07 1.21670215680325e-07 1.24657253142146e-07 1.25125114180946e-07 1.22556712334188e-07 1.3177980084933e-07 1.17800997578854e-07 1.2136365206139e-07 1.46806318568338e-07
5.32767682059898e-07 6.1230943977364e-07 1.07341323385413e-06 2.17739626862112e-06 1.90050957371568e-06 1.81633408402604e-06 1.89808166197736e-06 1.66697393382265e-06 1.54750773049273e-06 1.51175022722327e-06 1.40160261139499e-06 1.98688418180382e-06 1.32701846382588e-06 1.63693572403645e-06 1.66937798979916e-06 1.63973655702421e-06 1.44135531883194e-06 9.19633150431309e-07 6.28418908021899e-07 4.85220500934247e-07 3.62352636251728e-07 2.93113582117144e-07 2.13678221783198e-07 1.10276791875918e-07 4.97852843839297e-08 5.73607037868129e-08 6.705410156016e-08 6.01792670806844e-08 5.31229493727636e-08 4.7705415573418e-08 4.83628670444602e-08 4.74282863205389e-08 4.56986077868038e-08 4.72634102965941e-08 5.63098195627276e-08 6.90451046558849e-08 8.79779926243884e-08 1.04562204628067e-07 1.02913084454315e-07 1.04372078624237e-07 1.10361981420226e-07 1.25878848233896e-07 1.30769380479734e-07 1.16035869357489e-07 1.27728802379323e-07 1.33326708873227e-07
4.44732105009393e-07 7.30773676238528e-07 8.87675206229233e-07 1.95455355935792e-06 3.05636600330672e-06 2.40594434615105e-06 2.83244711454245e-06 2.67177236565885e-06 2.10257298931538e-06 1.02221050610751e-06 1.02000408617187e-06 1.39203777109742e-06 2.67975786272245e-06 2.24084881921272e-06 1.92215176895161e-06 2.14491474537226e-06 1.59856175798723e-06 9.02945009073619e-07 7.60655809983746e-07 5.91281862227788e-07 5.64598802910155e-07 3.78807866319164e-07 2.6386623463992e-07 2.14730695802245e-07 1.36406493123076e-07 9.22041730966328e-08 7.32404023651156e-08 6.42936931249949e-08 6.11295130514833e-08 5.94015493238231e-08 5.54755958726005e-08 5.13618473751976e-08 5.0477761082135e-08 6.08344180363929e-08 6.93584731426e-08 7.46185029765201e-08 8.27858400942461e-08 9.07984557318997e-08 1.0460208472729e-07 1.21613256442998e-07 1.4107154244769e-07 1.55962463210813e-07 1.63713763345896e-07 1.43090955351255e-07 1.34465288770258e-07 1.17030751400904e-07
6.93708200572019e-07 7.46248592875531e-07 8.65401160865531e-07 1.94023650266217e-06 3.70388848978109e-06 3.14701883041835e-06 2.30380767334282e-06 2.40817014542927e-06 2.31055871040553e-06 1.35923409558814e-06 7.59105875403065e-07 7.44770910188208e-07 1.49139784824115e-06 2.86439386627535e-06 2.04745384451144e-06 1.70275342128434e-06 1.22565405291652e-06 7.94403518966647e-07 6.43520554532984e-07 5.33401483338025e-07 4.02752653272387e-07 3.3287282938943e-07 3.25755901187108e-07 2.97241227720235e-07 2.2488481192795e-07 1.56321727562414e-07 1.05726777110959e-07 8.09931931300412e-08 7.45212923813909e-08 6.78824684463564e-08 6.08349255859508e-08 6.50402256052729e-08 6.94669146206195e-08 7.78738829421144e-08 9.36033861087537e-08 1.00025207405707e-07 1.00778537337476e-07 1.19098614170809e-07 1.43761227366923e-07 1.60760615486311e-07 1.59085552642324e-07 1.59052464088205e-07 1.54409021124735e-07 1.291419899907e-07 1.26227879349017e-07 1.03675712592732e-07
6.87917991015752e-07 1.02931600238776e-06 1.28122473910253e-06 1.64579574715162e-06 2.28587336010833e-06 1.86488657050177e-06 1.9492101316132e-06 1.78122936205227e-06 1.27409463814843e-06 9.80383750004421e-07 7.19664683046517e-07 6.2338387394334e-07 1.00387961694537e-06 1.70758460029674e-06 1.60336063999011e-06 1.72096036976654e-06 1.27935215346042e-06 7.95324656621688e-07 4.5576227094557e-07 3.02972260435297e-07 1.8229589855423e-07 1.29015623562267e-07 1.65448586741945e-07 2.76742576588163e-07 2.9941890868912e-07 2.39213651020975e-07 9.77725415296504e-08 1.12231055071632e-07 9.05317329991107e-08 7.49189105420101e-08 7.80246353748737e-08 8.50573224298046e-08 8.77978366009557e-08 9.51628617684719e-08 1.11972088934209e-07 1.17450488268389e-07 1.28354921979934e-07 1.34913269977943e-07 1.66437088022775e-07 1.8447869303273e-07 1.98573123455503e-07 1.93926886282725e-07 1.76691887077141e-07 1.50953796307363e-07 1.34799396711571e-07 1.03771685955323e-07
9.01361630667452e-07 1.03417966528241e-06 8.60579920214377e-07 8.43763114488638e-07 1.19224658803319e-06 1.44452467836231e-06 1.40227894718237e-06 1.27775282834364e-06 1.05243849475301e-06 1.17172009836963e-06 8.60949294789748e-07 5.46799455136693e-07 9.30142440580539e-07 1.92564266967565e-06 1.77728622361428e-06 1.67965761050937e-06 1.15738102479668e-06 7.0173858333078e-07 3.53955725884703e-07 2.64289012186225e-07 2.39422318593085e-07 2.3964247741759e-07 2.63551534906981e-07 2.62651076354814e-07 2.01176042757822e-07 1.72904426687381e-07 8.38924877566427e-08 9.96291411592409e-08 1.16601148070217e-07 1.15882396256595e-07 1.10012861664899e-07 1.14040992915676e-07 1.21554799470402e-07 1.18559395012596e-07 1.16672825933861e-07 1.62605617681777e-07 1.47005963402336e-07 1.61844801116473e-07 1.71810993254695e-07 1.87587893751839e-07 1.97505941912368e-07 2.00270591399487e-07 1.7007384558454e-07 1.67942817341782e-07 1.68832286639997e-07 1.3318092770831e-07
7.13243667238572e-08 7.6257408432312e-08 8.33777767894617e-07 9.805782156036e-07 1.17988202603669e-06 1.37509436655137e-06 1.21857677086723e-06 1.08359215715836e-06 1.07512664939691e-06 1.26611179780411e-06 1.57057588836551e-06 6.69136428044226e-07 6.36493105332647e-07 1.46873058994856e-06 1.87735641645759e-06 1.85178916467521e-06 1.35891932444565e-06 8.03775288460429e-07 4.46998106085061e-07 3.26650115134441e-07 2.59408166236597e-07 2.89428479760545e-07 3.30707632834049e-07 3.46799164496758e-07 3.0166056248504e-07 2.00755070345338e-07 1.42208049869197e-07 1.56640792692286e-07 1.64466853824763e-07 1.563862407572e-07 1.57497312969213e-07 1.51903180345414e-07 1.51930301584002e-07 1.5603503324968e-07 1.59982373393319e-07 1.41166830847084e-07 1.48570624736166e-07 1.74950372766602e-07 1.97140876334601e-07 2.17677332603472e-07 1.91727191101165e-07 1.75232759680455e-07 1.65859973844107e-07 1.61142828147831e-07 1.61732146697346e-07 1.39326027071007e-07
1.21782438711193e-07 1.36259554306406e-07 7.21287156224548e-07 1.43979883375778e-06 1.29914578366197e-06 1.2880558550421e-06 9.73426665495936e-07 1.33426873887288e-06 1.08332938921762e-06 1.43957311138365e-06 1.24855881651342e-06 7.38592057558662e-07 4.58336718978103e-07 9.48323990002109e-07 1.64762480068248e-06 1.91244837566273e-06 1.6882401496332e-06 1.03076401813951e-06 6.27738564418223e-07 3.25379891918942e-07 2.41410976720147e-07 2.67778903051408e-07 3.98234473841796e-07 4.95990472160202e-07 3.42975098099885e-07 2.56651371088878e-07 2.29997064060683e-07 2.01714625980287e-07 2.21143980461136e-07 2.01675801392298e-07 1.86492506593083e-07 1.85354599402388e-07 1.83336432968417e-07 1.72547557930613e-07 1.61034047119202e-07 1.37175367731501e-07 1.40257087810625e-07 1.64332593621808e-07 1.72145044974314e-07 2.05997171232042e-07 2.19066618090125e-07 2.32535785826826e-07 1.88367441023019e-07 1.5383481208886e-07 1.53353455178973e-07 1.33464447715781e-07
1.13761511233434e-07 1.57077585249965e-07 1.49838990353146e-06 1.74017397966963e-06 1.97602811766728e-06 1.61217458298779e-06 9.58496496394901e-07 1.60970118088244e-06 1.76959427591328e-06 2.08368983294349e-06 1.0367367188735e-06 1.0248210301711e-06 4.93010486835033e-07 5.2580150118331e-07 6.53586480581225e-07 9.573175567823e-07 9.9608304608978e-07 8.9328611281303e-07 6.9977920951203e-07 4.84885145013436e-07 3.34662100520688e-07 3.38753314821361e-07 3.31023188593349e-07 4.11393699017992e-07 5.20327406050569e-07 4.09725229566504e-07 4.04224170047485e-07 2.42353521962002e-07 2.56878867155308e-07 2.66782046232095e-07 2.47957093701956e-07 2.23857278136563e-07 2.1805874528269e-07 1.96623747505953e-07 1.58626756308067e-07 1.31053410479254e-07 1.31644385614749e-07 1.44845009009131e-07 1.60793464720754e-07 1.712171054713e-07 2.06669608449062e-07 2.38157067489198e-07 2.22092084989356e-07 1.999026324917e-07 1.56195248735003e-07 1.24322583072711e-07
1.16790812043632e-06 1.91957445139224e-06 2.37875333937154e-06 2.59537846716285e-06 2.09821327530335e-06 1.53880053801458e-06 1.54009158563895e-06 1.58461190125081e-06 1.32656656646191e-06 1.07798925483848e-06 1.06859975943507e-06 1.15197441417081e-06 9.49848824660649e-07 7.91384746889889e-07 6.82526346196255e-07 6.28761976528835e-07 6.47882768944896e-07 6.45035601820609e-07 6.468614387245e-07 5.3787182672238e-07 4.21740046263608e-07 3.945985300291e-07 4.12015289263934e-07 3.63664475067083e-07 2.74000303335242e-07 2.6003518129869e-07 3.84667316133402e-07 5.40274269411611e-07 4.5227469875897e-07 2.98212701110856e-07 2.71571247267843e-07 2.63784926879396e-07 2.32188314086557e-07 1.92794589537471e-07 1.54960322129583e-07 1.29174227048168e-07 1.29843575180644e-07 1.37490210416757e-07 1.47218757273748e-07 1.61941559095879e-07 1.87260171102821e-07 2.10745207418483e-07 2.28585214667731e-07 2.32419377788062e-07 2.01995428827928e-07 1.21586023382747e-07
1.30748825029059e-06 1.83123820676201e-06 2.14610562778716e-06 1.98045892574328e-06 1.93465744757759e-06 1.59405415729452e-06 1.14428045847603e-06 1.05109779582335e-06 7.03642063726306e-07 7.22098234717805e-07 8.57659352959672e-07 2.04461179187376e-07 8.99884192051559e-07 1.00842331178796e-06 8.44155862722573e-07 6.14632479312149e-07 6.50818648395557e-07 7.65966358073911e-07 7.93717473257516e-07 6.8426737129812e-07 7.1839095276971e-07 5.17887679762907e-07 4.88982373525459e-07 4.92728809220466e-07 4.69561201832391e-07 3.84839836797823e-07 3.9878237831914e-07 5.45719849398552e-07 5.04018138514084e-07 3.18227270845739e-07 2.52755397855964e-07 2.16985949652582e-07 2.0172919539263e-07 2.14862057656973e-07 1.41688010524277e-07 1.28200792737232e-07 1.25136985040797e-07 1.29156827810561e-07 1.37085484963606e-07 1.48627902518683e-07 1.61998017933485e-07 1.92623313655105e-07 2.19353133967815e-07 2.2818093166066e-07 1.89056153576672e-07 1.47502583214276e-07
1.2334020112803e-06 1.55702484647691e-06 1.7047526213787e-06 1.31790612130089e-06 1.21957127561245e-06 1.56825619228584e-06 1.0764275785391e-06 1.02941420720981e-06 7.61222506895365e-07 6.59204510355948e-07 2.9422235883203e-07 2.59107312672313e-07 2.94598481431763e-07 4.15824863608805e-07 8.14114164171542e-07 7.80580806392095e-07 7.6437030678278e-07 7.24981335764596e-07 7.26923056859619e-07 7.26817817309211e-07 6.92165744808904e-07 6.24565450024761e-07 6.00883312884548e-07 5.51244233548687e-07 5.26012589219249e-07 4.35399126885727e-07 3.94474377962695e-07 4.83980934085082e-07 5.65130251928281e-07 4.18022035297838e-07 2.48586931927974e-07 2.11917970105446e-07 1.71233118884118e-07 1.45535630835525e-07 1.29210411792258e-07 1.19781596286117e-07 1.20205666709339e-07 1.1779799780065e-07 1.24132866163862e-07 1.38329884835642e-07 1.51898202105372e-07 1.75859346551732e-07 2.04671970216452e-07 2.00193864774434e-07 1.80554045847714e-07 1.54259486517816e-07
