Scripts_&_data/Maxent_result_files_1/Bombus_velox_2.asc
NCOLS 594 
NROWS 330 
XLLCORNER -15 
YLLCORNER 23 
CELLSIZE 0.166666666666667 
NODATA_value -9999 
[rows 60 to 79 of 330, columns 184 to 229 of 594]
0.00160527014813852 1.3109317420934e-06 4.61300501919393e-07 6.47513448711834e-05 4.96526792748142e-07 2.63337433636934e-07 0.000936967823008672 5.26457332172825e-09 1.97561873199081e-05 0.00770650024714996 0.00594201435305877 0.000283664110051518 4.85157341922893e-07 8.8990776858644e-09 7.52605728399081e-06 6.11801498351383e-10 7.74873018185129e-05 1.87924485652635e-05 1.70045109104677e-09 1.88604687423322e-13 1.27394217397381e-10 2.90489854393172e-13 1.10134124042816e-14 3.88578058618805e-16 2.55351295663786e-16 2.55351295663786e-16 5.04041253179821e-15 8.65818527984175e-13 1.35993261096701e-10 1.00648722689556e-10 1.06283959411257e-09 3.57777252268932e-11 1.77070358375886e-11 4.79262185493212e-12 8.1903595017252e-12 1.16342269151914e-11 2.8526259132633e-11 3.03665315115609e-11 2.36932362618347e-11 2.02597050247277e-11 1.40640055157348e-11 5.89872595213592e-13 1.94136373643516e-11 3.88024057329517e-11 1.6461942919932e-11 1.01816666209231e-11
9.16617930784014e-06 1.42022265059438e-09 1.25159557164523e-05 0.62600040435791 0.00086160310215746 1.00043625972379e-06 2.25437650820393e-06 3.09172687451564e-12 7.2095823755447e-10 1.80403010848762e-06 2.05289839847467e-05 2.5678370652038e-09 7.08917526949904e-05 8.01438248744901e-05 1.99372377940321e-08 5.66964253323476e-12 5.22959453519434e-12 2.76689782197081e-13 3.21360271726689e-11 1.06990305503984e-11 2.32658337040448e-13 2.99760216648792e-16 1.55431223447522e-16 3.99680288865056e-16 9.15933995315754e-15 3.06532577099006e-14 1.16795462190566e-14 6.20614670765462e-15 9.05742147949695e-13 3.18363779783226e-11 1.13745513008467e-10 1.33510535960113e-11 3.21663029545505e-11 9.8381636171041e-12 4.80220307963464e-12 7.08237912760978e-12 1.02208352892319e-11 1.78484227397746e-11 3.92538446192248e-11 2.27485918991022e-11 2.40419240071787e-11 1.58691726426241e-11 3.91580767811206e-11 3.52385676194444e-11 3.38305272684636e-11 3.2250768722264e-11
5.35637567633529e-10 7.25961435410483e-10 0.00151520285653532 0.909205532073975 0.676777286082506 8.38979619288693e-05 2.77826344060372e-05 1.76772298909889e-08 1.64644555766813e-09 2.24426921491272e-11 4.47060216623996e-09 3.30524538131982e-05 3.01396225205197e-06 4.05652216164398e-05 6.00202022238427e-07 5.12709661808941e-05 1.4398323479492e-06 2.06960487377783e-06 4.32077706946643e-12 7.84927678409986e-15 1.66533453693773e-16 2.66453525910038e-16 5.6621374255883e-16 1.77635683940025e-16 1.99840144432528e-16 2.22044604925031e-16 2.05391259555654e-15 2.17603712826531e-15 3.97903932025656e-14 2.24336105247858e-12 4.73016736890486e-11 2.63954524903909e-11 2.63326249694273e-11 1.96497706994592e-11 4.44528303056302e-11 3.93007071330942e-11 3.84733245262225e-11 6.83473944107504e-11 4.94322471844555e-11 4.31520374988281e-11 4.70977812305762e-11 3.52956663896009e-11 5.40767652879026e-11 3.4688829586571e-11 3.6340330744622e-11 2.97084246092538e-11
4.19264101214623e-10 4.17183840842883e-06 0.00263163580984838 0.00593615493853576 0.0297930954606272 0.26905402764678 6.66550247672149e-05 5.20077314547507e-12 8.64749383211461e-12 1.90869328009491e-08 0.000574886338769431 0.0177041978218767 4.36881416087775e-05 1.08060166059687e-07 5.53568302308349e-13 7.00550517596099e-10 3.21070434683435e-09 8.73722871830296e-11 4.01540326544492e-09 9.72362412809957e-11 2.73003841755326e-14 2.34923192010683e-14 2.37920794177171e-14 3.64153152077051e-15 1.25122134875255e-14 4.37427871702312e-15 4.86943818600594e-14 4.0822900615467e-14 1.29007915461443e-14 7.30016047612025e-13 2.63787547361005e-11 3.85265153113323e-11 7.7337936055244e-11 5.07869857280241e-11 5.79798542510446e-11 7.80677189560208e-11 2.25026852707089e-10 6.30204777252175e-11 6.31697805175691e-11 3.85071530217829e-11 1.9927259842234e-11 2.22453166998093e-11 1.23987153877181e-11 4.8852477618766e-11 1.75421677184318e-11 2.87705637092017e-11
2.59043144135163e-06 0.0013133582307546 0.176407971698791 0.673945070803165 0.685139046981931 7.31938464393345e-08 4.32305286013346e-09 3.47610669138021e-09 3.93463039927155e-14 2.36503305073299e-07 0.000274709230077974 0.00537377628675131 2.12069937508996e-05 4.13294146017762e-08 5.24325353679078e-07 3.83113767382648e-06 8.0462636553591e-12 3.17779136338459e-13 2.45599096615479e-12 1.58761892521397e-13 1.1034350100303e-10 1.70238201313566e-10 1.61836766210399e-11 4.27528012991729e-12 3.28315374886756e-11 1.78823622576374e-12 1.68215996687593e-11 1.90235049934984e-11 3.66840224863552e-11 1.77563297398819e-11 4.07906708410621e-11 1.29302124562969e-11 6.67731203662925e-11 7.35596250578396e-11 2.87042056790199e-11 1.75397585344683e-11 7.07083724904578e-11 7.25765003650736e-11 3.01238811672988e-11 2.95859781118679e-11 7.27316762372254e-11 2.53087883983483e-11 9.64884838694502e-12 2.08116190947294e-11 5.01035213318346e-11 2.88159829331391e-11
5.0209134139223e-08 5.46229728115577e-15 2.72448064109199e-11 0.406100471597165 0.250917932298034 6.1556801655982e-09 0.000185373917526022 0.12233348491136 4.93555307734539e-11 4.49476011965544e-12 5.00848251760999e-12 2.73161693264967e-10 2.89782309259579e-11 4.30988578159486e-14 1.52908874451185e-10 2.11430745133967e-09 2.76540323973506e-10 7.60292273582763e-11 7.59170504238682e-14 6.32827124036339e-15 5.44009282066327e-15 5.63089574967535e-12 6.67709476598333e-10 6.98074923866088e-08 4.56164835904715e-09 2.11038297948107e-11 2.98008617782841e-11 4.50468218282651e-11 5.73519454150073e-11 2.04064543041227e-12 1.33837418925253e-10 2.62895933356155e-08 3.38059014115544e-10 9.13143560765661e-11 3.83692633221244e-11 2.82423973096968e-11 2.28721486195127e-11 3.71083830330576e-11 4.70175343103563e-11 2.22025287044403e-11 4.97915375596847e-11 3.19639092971613e-11 1.91475946209607e-11 1.71107461532927e-11 2.40662156869575e-11 1.3074219484821e-11
2.58956908811392e-05 0.00855907472869149 9.98956451114807e-07 2.67782204634859e-06 4.82685130753779e-09 6.46321263175764e-10 1.53247301857284e-06 9.65589497248232e-10 1.08943937204842e-09 4.3579762846413e-06 1.31419319870929e-12 1.37445610448594e-14 7.0151762177062e-11 1.82455606179133e-11 4.43762804280823e-12 6.01374505748709e-13 4.45113945701792e-12 3.00873881364794e-11 5.00003149994654e-10 1.89342153067429e-10 1.98135730045124e-11 9.99998972517346e-12 8.10665978789871e-12 1.45041090249265e-11 2.1151091988969e-11 1.51226475786359e-11 1.0116196769161e-11 1.78866033095915e-11 2.31189400956566e-11 1.47868717270683e-11 3.64531516083844e-11 2.8310664923481e-11 6.07803918306615e-11 5.30859134428852e-11 1.40450351349131e-10 1.16161369412282e-10 2.74742625316904e-09 1.51379608848146e-10 2.36383135288065e-11 2.0191504024325e-11 1.46484269158975e-11 3.36346395179987e-11 6.62662147377091e-11 5.2999160615741e-11 3.90515841885986e-11 2.07935113571978e-11
9.64424096139283e-12 1.25803685580017e-08 5.79869485761719e-13 6.33199625843517e-08 0.0104130173505837 1.40593120478982e-09 1.04282117385779e-09 2.52260268229776e-10 8.48584702506372e-10 3.41955352922696e-12 2.10183515036988e-10 4.70734562441066e-15 6.13953332617712e-15 1.3035128532124e-13 5.07838215924039e-13 3.79185571830476e-13 1.09803277581477e-12 2.80483636316831e-11 1.74544726450065e-09 6.03298855317291e-11 2.12553903367052e-09 8.53479634743692e-09 5.19811749200016e-10 2.99096525324671e-11 2.29136598584034e-11 9.58887413915477e-11 4.18959866799185e-11 4.95975815972827e-10 9.19095910489887e-12 3.27083582440935e-11 2.9325164518923e-11 9.28440879732761e-11 6.56802168208515e-11 2.24064766740639e-11 2.47236564554498e-11 6.81976253247285e-11 7.85225398036715e-09 9.27482946000424e-09 5.66930354883866e-09 2.90041807793351e-08 4.15053098556939e-09 1.0155603696882e-07 1.46510065968108e-08 7.62581109370331e-11 1.66258307121581e-10 1.76647918515016e-11
6.36741919191053e-09 9.54691232735172e-09 4.84168261039031e-14 2.85216295026203e-14 6.76242395414306e-12 1.82298953710358e-11 1.03805852802452e-14 2.90989454754254e-14 1.85042894340626e-09 3.53100881866908e-12 3.09086090055644e-14 2.37465980212903e-10 5.98392324580033e-10 7.38298311375729e-15 5.6621374255883e-16 1.55431223447522e-15 1.70974345792274e-15 8.26783086438354e-14 1.15079057394496e-11 6.62805366147268e-12 4.21308765652384e-11 2.61768828835329e-11 7.81556042106502e-11 1.81929116216395e-10 3.26078652967965e-10 1.06653035292226e-09 2.17658930878883e-09 5.792645849656e-08 1.27367077173979e-07 3.28066908084068e-09 1.84794513025111e-10 2.36089126026684e-10 3.27083249374027e-09 1.39472172699939e-09 5.4946202032724e-09 4.56563162831713e-09 2.27766583371647e-10 1.03435950138397e-08 1.22111594835772e-08 4.4541488775085e-08 9.38075035206154e-08 6.54614009321097e-07 8.84611367490962e-09 5.58737087708039e-09 8.19065593127277e-10 2.17419415804443e-10
1.46214283236468e-08 9.8496333311715e-11 1.20864429575818e-12 1.48769885299771e-15 2.21045404202869e-14 1.78365100467204e-12 7.20501436290988e-13 6.61226629006251e-13 3.52869389264043e-10 1.9248607973088e-07 5.64354118992583e-11 1.3523758779499e-10 2.13527151515791e-09 1.81510195762513e-10 3.9712233501632e-11 6.64519550497289e-12 1.52040047218804e-10 4.15773193651603e-11 1.7658541295873e-12 3.13634673787533e-12 2.20572560216681e-11 3.2193692156568e-11 1.77636572118445e-11 4.75395678378732e-10 1.56136622520009e-09 2.60783705741119e-10 1.19860421587958e-09 2.11910465841569e-09 3.60151120037955e-09 6.39914789046792e-08 1.74351261827965e-07 1.00843911587933e-07 1.57647143228523e-08 2.04340796616798e-08 2.33716834774356e-09 5.7771537553819e-10 5.89356333846602e-08 1.3929953301961e-09 8.58713933293842e-10 9.94897220163438e-09 5.34365530713288e-09 5.76163290411102e-09 1.86015368663917e-08 4.42312840798209e-09 3.2583544751219e-10 7.42630474892536e-09
2.21700435787398e-13 2.87056378667216e-11 4.537525910564e-12 5.93499693835042e-12 2.33146835171283e-15 3.26960680752109e-14 3.75532938079459e-13 6.7667538239391e-12 2.46749620735898e-11 1.84070503284062e-10 1.71178605823386e-07 3.83911991197472e-08 1.86187931738857e-10 4.3238324032302e-11 9.4322372135025e-11 1.32799549135143e-11 2.48966403049167e-12 1.38826505846623e-11 4.86718443326595e-12 5.29951638128523e-12 5.76249048478417e-12 2.08714157068357e-12 4.48771020344907e-12 4.70298910926203e-11 2.99371895051692e-09 1.72186770730498e-08 4.79263490005266e-09 2.36962038435706e-08 1.00030765142201e-06 5.42643847945001e-07 1.51710111148118e-06 5.4969126164206e-07 1.27755931800255e-07 1.40576078726529e-06 8.27001970238328e-09 2.3418168089151e-07 2.20623928148811e-07 5.26870011841041e-08 3.70609718469694e-09 7.12046577255876e-10 1.04511652665451e-09 1.90127615873337e-09 1.38730753551641e-09 1.6982839357027e-09 2.23811735811097e-10 8.29191526552364e-10
3.33387639717131e-10 4.44482006756175e-11 7.03881397612349e-15 4.85056439458731e-14 8.64863736182997e-15 1.28785870856518e-15 3.95239396766556e-15 4.42312853010662e-14 1.63394853203158e-12 4.57356930105846e-11 2.54820630152253e-09 5.3429678459338e-09 3.67467177511571e-05 1.07875884947095e-07 2.11295352325891e-09 1.86126081214155e-10 3.08191694387006e-11 2.1538326677728e-12 1.88599358352803e-11 3.63158392246987e-11 1.57748880624808e-10 4.53178118364761e-09 1.6460294460785e-09 1.01232355054215e-08 1.90103351449533e-07 9.16358802027784e-07 9.8129660819346e-08 7.03512142985474e-09 1.22473031616277e-07 5.54894637960768e-07 6.71498721719344e-06 4.23209639870414e-06 3.57083678848014e-07 1.13309653662075e-06 1.55649755129161e-07 9.80776976822195e-07 1.0061461300781e-07 2.3517101320758e-07 1.50234958362638e-08 6.54951589629249e-09 1.99439614823049e-09 2.98072244664382e-10 2.05500735317443e-09 2.32427754820463e-09 2.05860467561436e-09 3.73140141007866e-10
8.77076189453874e-16 2.18713935851156e-15 1.15352172258554e-14 5.59086110740736e-13 6.45749009819951e-12 1.7617018954752e-12 1.60704782814491e-13 5.74096326033668e-13 4.62899052422472e-11 1.44637413157511e-11 5.84837733796917e-12 5.5900872819592e-11 3.35913439528213e-05 1.09688882536929e-06 1.12635356597224e-10 4.39837721799563e-11 1.28191679493739e-11 1.24011134694513e-11 1.43475897829148e-11 7.60540963540279e-11 4.24403417964569e-09 5.46905694065458e-09 5.40443154339876e-08 2.75354250733884e-08 3.2164406646995e-07 6.55190835796571e-07 8.56154574649937e-06 7.95429832711747e-07 2.68337596486257e-06 1.57135023652888e-06 6.69651603860677e-06 6.71469356353649e-06 1.10505979272757e-06 2.39884296995285e-06 4.34707042330507e-06 1.90014256580273e-06 2.04532046286232e-06 4.40923088728118e-06 8.99305587065413e-07 4.65730885634841e-08 1.03094940251403e-07 2.69718380963013e-10 9.1362340137735e-09 2.29654295580417e-10 9.12272983821794e-09 1.21847401057806e-09
9.04831765069503e-15 1.68198788230711e-14 2.97906144197668e-13 1.57830748470644e-11 1.08735243031788e-13 2.44071429733594e-13 1.18914655899971e-11 5.27598853494737e-11 1.06417600287401e-09 6.18423090514852e-11 9.1093388387975e-11 5.91346305256479e-11 1.22617405118319e-10 7.90895127167346e-11 3.21851607054668e-07 1.66912850005474e-05 1.61993991554255e-08 1.86872406437999e-11 4.36895186695097e-11 1.23334875645753e-10 7.48068607059338e-11 2.77951572869029e-10 5.47673573159102e-10 1.35754772312424e-08 3.99650173510402e-08 7.00709724066328e-07 4.61491939718339e-07 2.54542228520505e-06 5.79742127234661e-06 2.39873414962233e-06 5.95521132725763e-06 8.77132456535978e-06 4.85596059940363e-07 4.68617943827354e-07 1.64299144684854e-05 1.1840987787326e-05 0.000261959273316781 1.75644748474646e-06 7.04498651415975e-07 5.54330019753024e-07 -9999 -9999 -9999 -9999 0.000694844947429374 -9999
5.72342173654761e-13 5.77166869852874e-11 1.02773378696241e-10 2.00144345541275e-12 1.22905019495079e-12 1.68920433196718e-12 2.5155666438792e-11 3.08946312976843e-11 4.05003475201227e-11 1.41800127195779e-11 2.0349750773363e-10 3.27967764057746e-11 3.49923201525826e-11 3.25334759132545e-11 1.71725433872894e-10 1.18248033587065e-10 7.01010016701531e-10 1.75787717715536e-11 1.54493418058621e-11 2.22312501740873e-11 5.73649017177047e-11 1.16886755829881e-10 3.79958154939075e-09 7.80518210063974e-09 8.07482902764889e-10 3.32086136367593e-09 9.94251678765323e-09 3.25635030162808e-08 3.10866494968032e-07 3.29301514074842e-06 3.8241783845705e-06 1.18197952361343e-05 3.24873613864574e-05 6.20721217126086e-07 3.40223327041755e-05 3.37279017725067e-05 9.53011189666064e-06 2.70629283948165e-05 7.57439431897211e-05 2.12459558838418e-05 -9999 -9999 -9999 -9999 -9999 -9999
3.34525740441904e-12 1.23892118786273e-11 1.95828453453117e-10 3.81148557160316e-11 1.03965915876358e-09 2.91245250139127e-11 2.66973332330167e-11 1.80474390987229e-10 1.97175030747232e-09 2.4324841030321e-10 3.32111338430252e-11 1.07944142513361e-10 3.78464148909075e-11 2.08492112463432e-11 3.55377727245809e-11 3.13663650608476e-11 8.04257549447129e-11 1.17660536869124e-10 1.74394421126323e-10 1.90437887681583e-10 7.42627914718241e-10 3.80294240542867e-11 2.90681145820315e-11 1.04742088335996e-09 5.62608669540943e-08 6.93098174409101e-09 1.05047791576496e-07 1.74409667452746e-07 9.32117716345715e-10 2.2040337777085e-09 8.77958633127562e-08 3.94024971251961e-06 6.15803521239133e-05 5.96371870362877e-05 7.38953047757507e-05 0.000784753558467122 1.63947611113713e-05 -9999 -9999 -9999 -9999 -9999 -9999 -9999 -9999 -9999
3.41798811476224e-12 3.47515904941531e-11 7.38236916042467e-11 4.76777506364101e-11 4.01945809969106e-11 2.44394514625768e-09 1.13393763996328e-06 4.74148175388933e-08 1.36163702535441e-10 8.48125403241085e-10 3.03417069247303e-11 3.10904080258467e-11 1.06706243840904e-10 3.18388870823583e-11 5.31774402290353e-11 2.67161404110539e-11 3.77263909001613e-10 8.09842304327901e-11 7.35163285803253e-10 1.29457631281582e-09 1.66038258697654e-09 3.06373937331017e-09 1.30794836183945e-08 2.8024592513276e-08 1.66518154487427e-08 4.60863999929284e-07 8.95431331393581e-07 2.21311404422497e-06 5.82635680612675e-07 5.56810020868603e-07 6.25944762777664e-07 1.76329276879716e-07 6.96798683758049e-06 1.80941555849579e-08 2.73106401079692e-06 0.00112077703815885 -9999 -9999 -9999 -9999 -9999 -9999 -9999 -9999 -9999 -9999
1.6151757709082e-11 4.40440794946539e-11 3.10971687289552e-09 1.8574723537057e-09 1.55379397126509e-09 1.749948519425e-10 1.29492960798672e-10 1.50556200839702e-10 2.43239733910272e-09 6.95142832185525e-10 1.51563994688075e-09 8.82067596741365e-10 1.44840039961736e-10 3.52363038746972e-10 1.19014187394129e-10 3.43018764836778e-08 5.94600877423801e-09 2.6944178443955e-09 4.22760215723628e-10 4.66550755806594e-09 1.40576289719974e-08 1.37155721779969e-08 7.64878979730987e-07 8.94236525972314e-07 5.62087991795579e-07 5.89912410784432e-06 1.31016817689344e-06 7.06385689419609e-07 7.90083563523281e-06 5.50865126147659e-07 2.06054965282698e-06 3.55701919034224e-05 3.41286835409127e-06 2.10619522421629e-06 1.66831451050564e-06 -9999 -9999 -9999 -9999 -9999 -9999 -9999 -9999 -9999 -9999 -9999
4.06813693842878e-11 2.38858632872763e-10 1.14394560490894e-10 6.14093997874932e-11 4.02093480733612e-10 1.43773906113864e-09 4.23074464350748e-11 8.34544544581206e-11 1.70377922881215e-10 4.05003253156622e-11 5.94778482021496e-10 5.87172007238124e-08 4.88550876309723e-08 9.7689747513563e-09 4.22295489355129e-08 3.22813901798558e-07 9.91138492478782e-07 4.20866480166371e-07 8.79388310148777e-07 8.61923375450324e-08 6.61139907043307e-08 1.32177319089877e-09 2.77013435967532e-08 1.5037609191193e-08 2.04898717660607e-06 5.01882827873557e-06 1.26740214910215e-05 1.01409937088626e-05 3.23918484355645e-05 3.37138881804311e-05 9.91651900306145e-06 0.000150675555961666 4.32482691554714e-06 0.00868152965122135 -9999 -9999 -9999 -9999 -9999 -9999 -9999 -9999 -9999 -9999 -9999 -9999
9.67503854809593e-13 2.7903053201328e-10 3.04532185024797e-09 7.33688786835884e-08 6.88243340096761e-10 1.25419497010171e-10 2.83005285872662e-11 3.38364336549546e-11 9.50579281955299e-11 6.73770927939188e-11 1.27259158766435e-10 1.02341765062519e-09 4.37310180734229e-08 1.52154775671098e-06 5.49280303463462e-08 7.91129159716242e-07 6.6968093506925e-06 1.71616271510411e-06 4.96838206359707e-06 7.99572671901228e-06 1.14535655484915e-05 4.97841708705371e-06 1.79292030189071e-07 2.77322327613128e-07 9.38187918575473e-08 1.15752617839693e-06 3.53220571049917e-06 3.00264446196241e-05 0.000120871759281804 0.000124998288083966 0.0002572360071737 5.60503140155322e-05 6.53645210673015e-05 -9999 -9999 -9999 -9999 -9999 -9999 -9999 -9999 -9999 -9999 -9999 -9999 -9999
