Scripts_&_data/Maxent_result_files_1/Bombus_bohemicus_2.asc
NCOLS 594 
NROWS 330 
XLLCORNER -15 
YLLCORNER 23 
CELLSIZE 0.166666666666667 
NODATA_value -9999 
[rows 80 to 99 of 330, columns 460 to 505 of 594]
0.00277755375718698 0.00221626387210563 0.00245277339126915 0.00124511024332605 0.00425766072003171 0.00370922033907846 0.00235114018432796 0.00317775892326608 0.0030895848874934 0.0088761658873409 0.0082120721694082 0.00689113661646843 0.00767924822866917 0.00588773156050593 0.00310021014884114 0.00292152902111411 0.00377017160644755 0.002239400066901 0.00623998278751969 0.00538526948075742 0.0025556051521562 0.000111776950143394 0.000152238109149039 0.000143111115175998 0.000322512724960688 0.000864424643805251 0.00130253170500509 0.000717124919174239 0.000658500904683024 0.000763078196905553 0.00066348199325148 0.00259775099111721 0.00324635920114815 0.00654535319190472 0.00226913696387783 0.00197114710463211 0.00178291060728952 0.000578416633652523 0.000822330330265686 0.000660076280473731 0.000659447055659257 0.000643328015576117 0.000690879591275007 0.000307753577362746 0.000612094614189118 0.000253437853825744
0.00609543798491359 0.00870688441209495 0.00659460281021893 0.00283203853759915 0.00231238442938775 0.00535022688563913 0.00312103186734021 0.00109914733911864 0.00123041913029738 0.00202723577385768 0.00217777626821771 0.00270596445770934 0.00889714513905346 0.00482933060266078 0.00739824040792882 0.00363341453485191 0.00143902146955952 0.00292964476393536 0.00731581193394959 0.0076215383131057 0.00166087043471634 0.000867603023652919 0.000129783684678841 0.000193901647435268 0.000113719300497905 0.000122847262537107 0.000549814500845969 0.00063175356190186 0.000337850408686791 0.00256384938256815 0.0101378357969224 0.00621171726379544 0.00717278732918203 0.00134864391293377 0.000854939478449523 0.00148813668056391 0.0041491593234241 0.000833963870536536 0.000511206948431209 0.000719834538176656 0.00087687507038936 0.00171059284475632 0.00141035484266467 0.00101304741110653 0.000956873054383323 0.000557293021120131
0.00156940872548148 0.00150857633561827 0.00572612700052559 0.00373257249593735 0.00295347583014518 0.00306269888533279 0.00402508780825883 0.00212102871155366 0.00442008897662163 0.00231013305019587 0.00149616274284199 0.00310276384698227 0.00442287591286004 0.00225705058546737 0.00156724501866847 0.00198982604779303 0.00278809019364417 0.00298377850558609 0.00388914309442043 0.00253304961370304 0.00212633619084954 0.00420144479721785 0.000202771295880666 3.21737950798706e-05 6.06509962381097e-05 0.00025334569872939 0.000766941549954936 0.00151849071262404 0.000974852964282036 0.00233894941629842 0.0176518426276743 0.00452025209087878 0.00743003166280687 0.00671149622648954 0.00654738044831902 0.00384046708932146 0.00135546724195592 0.0017099046963267 0.000582676779595204 0.000948389759287238 0.000944295601220801 0.000308972076163627 0.00111717162071727 0.00122571082320064 0.00143768714624457 0.00123550873831846
0.00143201925093308 0.00311272377148271 0.0148247695527971 0.00240206641610712 0.00481081013567746 0.00344652661588043 0.00476002455689013 0.00235485247103497 0.0015629704692401 0.00121016207849607 0.00105050811544061 0.00236507196677849 0.0094480917789042 0.00303454237291589 0.00914187841117382 0.00295036974130198 0.00680771130137145 0.0115936004091054 0.0024343426222913 0.00112936639925465 0.000781326700234786 9.4827233988326e-05 0.000236993221915327 0.000127461120064254 0.000134399035960087 0.000126779241327313 0.00056779678852763 0.00041188031755155 0.00204745539231226 0.00700297034345567 0.00794205460697412 0.0085105967707932 0.00422357777133584 0.00593018215149641 0.00758920996449888 0.00630020324606448 0.00495794566813856 0.00477892211638391 0.0020949556492269 0.00220730296568945 0.000947300618281588 0.00150369487237185 0.00142823859350756 0.00205935699632391 0.000998186256038025 0.000786650279769674
0.00165693586459383 0.0129928268492222 0.00806486690416932 0.00264044542564079 0.00170849565183744 0.00272243465296924 0.00159510407829657 0.00195167354540899 0.00187840887811035 0.00531623451970518 0.00479145310819149 0.00434535834938288 0.00378270144574344 0.000748297912650742 0.000868004898075014 0.00206719882553443 0.00151797508588061 0.000836032774532214 0.000756874319631606 0.000455385926761664 0.00021240785063128 8.68097618877073e-05 0.000114416382712079 0.000102313491152017 5.11386846483219e-05 6.67923679429805e-05 0.0017870194860734 0.00346149608958513 0.00815956103615463 0.0095741939265281 0.0086722316686064 0.0103977196384221 0.00451217994559556 0.00870424220338464 0.00467023500241339 0.0046050886856392 0.00331517064478248 0.00451232641935348 0.00632121674716473 0.00180987797211856 0.00176879202481359 0.000655918216216378 0.000451980775687844 0.000634516120771877 0.000444962189067155 0.000572295603342354
0.00299965653102845 0.004018764058128 0.00234886824619025 0.00533143980428577 0.00430251569487154 0.00705080346670002 0.00267198395449668 0.0048225776059553 0.0129402734339237 0.00739464582875371 0.00875621545128524 0.00656232424080372 0.0038092507282272 0.00156998026068322 0.00270062384661287 0.00664093452505767 0.00153775651706383 0.000749373814323917 0.000467656145337969 2.9206278577476e-05 0.00069516729854513 4.25218888267409e-05 5.37049538252177e-05 9.33332907152362e-05 6.22874587861588e-05 0.000656385027104989 0.000684594368794933 0.00163693930953741 0.0024155915598385 0.00639673569239676 0.00823634671978652 0.00148605051799677 0.00102311256341636 0.00120571003062651 0.000535677032894455 0.00117965930257924 0.000698256213217974 0.000598095895838924 0.000760878412984312 0.000842589081730694 0.000122924125753343 0.000199796326342039 0.000326394665171392 0.000194092740275664 0.000250812472950201 0.000374970148550346
0.00408965495880693 0.00530109936371446 0.0035634751431644 0.000897359399823472 0.00145549323642626 0.00648722141049802 0.00835157316178083 0.0048524420009926 0.0114633155986667 0.00484131777193397 0.00909272050485015 0.0120795851573348 0.0114380588755012 0.00609186287038028 0.0112405465915799 0.00603207764215767 0.00366203596349806 0.00185775550780818 0.000426745368167758 0.000280757951986743 0.000171857485111104 4.87655239339801e-05 7.3543781763874e-05 0.00023099832542357 0.000145267786137993 0.00481253028847277 0.0108166429679841 0.00379711289424449 0.00154333008686081 0.00108081576181576 0.00261005220236257 0.0020411123521626 0.00218393781688064 0.0012441020400729 0.00147248633438721 0.000652226587408222 0.00017521488116472 0.000766314676729962 0.000604920875048265 0.000459308424615301 0.00109572631190531 0.000792743789497763 0.00123358182609081 0.000865256803808734 0.000976116419769824 0.000863738969201222
0.0109901438001543 0.0134671896696091 0.0111141368746758 0.00194390821270645 0.0021523023606278 0.00725880288518965 0.00551216290332377 0.00492880858946592 0.00239450023509562 0.000573475012788549 0.00260293688625097 0.00604957062751055 0.00833650706335902 0.00857573966495693 0.0111342783551663 0.00214493697276339 0.00269621210172772 0.000428008126618806 0.000930110161425546 0.00246224035508931 0.000236208653950598 3.94198001231416e-05 6.79146964102984e-05 0.00169711725320667 0.00577881666831672 0.0121149575337768 0.0109087195713073 0.00719646252691746 0.0126877278555185 0.00897839539684355 0.0126722259446979 0.00637412890791893 0.0103635125327855 0.0135540143586695 0.0146221624687314 0.0019738630973734 0.00128012920613401 0.000510419384227134 0.000935434270650148 0.00101683344691992 0.00158881874522194 0.00167407426051795 0.00199128518579528 0.00122098812717013 0.00149689497193322 0.00127805355004966
0.0082757530733943 0.00565541498363018 0.00828235787339509 0.00920781437307596 0.00313640616368502 0.00118962626438588 0.0013306312088389 0.000950860977172852 0.00161158045521006 0.00109931295737624 0.00091904925648123 0.00134877250529826 0.00200472489232197 0.00193027550121769 0.00122368147131056 0.00261212119366974 0.000533672081655823 0.00115775832673535 0.000819734868127853 0.000597310753073543 8.73289929586463e-05 0.000321837233786937 0.00297828980255872 0.0117947020567954 0.0107765970285982 0.0106660027522594 0.0150081262923777 0.00820830254815519 0.0061921080108732 0.0043020109180361 0.00445971053559333 0.00937687321566045 0.0121530049480498 0.00910522891208529 0.00796186039224267 0.0118399784434587 0.00750597938895226 0.00473902891390026 0.00531471348367631 0.00904329451732338 0.0175392864271998 0.00771238431334496 0.00319268411258236 0.00362181137315929 0.00221075324807316 0.00483954490628094
0.00223409305326641 0.00212958372430876 0.00277796946465969 0.00875239507295191 0.00279596000909805 0.00114985281834379 0.00319392897654325 0.00151075796457008 0.00645430437289178 0.0019214783096686 0.00205336916260421 0.0014092116500251 0.00156295577762648 0.0016143316635862 0.000333597585267853 0.00012986755973543 0.00026304385610274 0.00023533116618637 0.000561210463638417 3.99511865907698e-05 0.00019671501358971 0.00349658168852329 0.0124376145191491 0.0133248255588114 0.0161487154662609 0.013625275157392 0.0107475646771491 0.0158527205698192 0.0152490733191371 0.00474530479405075 0.00564846449997276 0.015014829672873 0.00885647973045707 0.00758916009217501 0.00731525071896613 0.00548866165336221 0.00415012810844928 0.00411646573338658 0.00340106931980699 0.00755468490533531 0.00313679124228656 0.00353942078072578 0.0128709367476404 0.00245648667914793 0.000779457832686603 0.000870057288557291
0.00374735470395535 0.00202076982241124 0.00118985925219022 0.00144122028723359 0.000874444050714374 0.00208260975778103 0.00153023295570165 0.00205024946480989 0.00236356713576242 0.00692219557240605 0.0118299850262702 0.00487591177225113 0.00458782878704369 0.00468924103770405 0.000745139236096293 0.000331698643276468 0.000736696331296116 0.000219824751548003 0.000431881668919232 0.000553914302145131 0.000152097838872578 0.00184334487421438 0.0131957124918699 0.0188299423083663 0.0222027709707618 0.0211966400966048 0.022572023794055 0.00984022463671863 0.0102364966180176 0.0184589026495814 0.00332717848941684 0.0050305089680478 0.00531524643301964 0.0138829356990755 0.011348600499332 0.0196790974587202 0.00707964058965445 0.00514146077912301 0.00279510081745684 0.00397237027063966 0.00271991011686623 0.00253874054178596 0.00342528140172362 0.00114326429902576 0.00110983785707504 0.000637374952202663
0.00163166510174051 0.00160967798437923 0.000578159716678783 0.00173162759747356 0.00118948051240295 0.000600358899100684 0.00084553433698602 0.00296880473615602 0.00913318041712046 0.0103787985630333 0.00921844467520714 0.0112103706225753 0.0100601728539914 0.001776805636473 0.000932981551159173 0.000975124660180882 0.000803963921498507 0.00130777379963547 0.000556777598103508 0.000984359538415447 0.000973036821233109 0.000766001132433303 0.000590099979308434 0.00424864629749209 0.0149520114064217 0.0219171162694693 0.0136921086348593 0.0133281250484288 0.00898999897763133 0.0109852525405586 0.00925841685384512 0.0102166260126978 0.00667011793702841 0.00527260769158602 0.00301585271954536 0.00857713879086077 0.00385465007275343 0.00361256685573608 0.00267433925764635 0.00167979059042409 0.000885426416061819 0.000771377916680649 0.000730723171727732 0.000751995813334361 0.000833569106180221 0.00059087066911161
0.00261143788229674 0.00130103849805892 0.00244413950713351 0.00404176048468798 0.00237989010056481 0.00153200924396515 0.00390599828679115 0.00602751083206385 0.00376442479901016 0.00454727131873369 0.00879804869182408 0.0129125538282096 0.0127849158830941 0.00739645450375974 0.00215571274748072 0.000674539158353582 0.000948967243311927 0.00173863226082176 0.000583634941722266 0.000733569823205471 0.000205817636015126 0.00100380824878812 0.000801483303075656 0.000206226020964095 0.00131735860486515 0.00866984217427671 0.0110224390402436 0.0142522474750876 0.0108916527591646 0.017945400159806 0.0126557881012559 0.0164797814562917 0.0232105495408177 0.0111055162735283 0.00983056789264083 0.0148678167723119 0.0117907427717 0.0118499512784183 0.00375130365137011 0.00151488279225305 0.000901203037938103 0.00104770243633538 0.000548799446551129 0.000853839219780639 0.000587903580162674 0.000405275580123998
0.00236794023076072 0.00156945636263117 0.00115726388758048 0.00478508984670043 0.00683321100659668 0.00907634203322232 0.00651402957737446 0.00793149168603122 0.0114779176190495 0.00494647263549268 0.00807962673716247 0.0170177793130279 0.00791596625931561 0.00692878952249885 0.00180667089298368 0.00300628638360649 0.00244831654708833 0.00574097316712141 0.00873370380140841 0.00312283062376082 0.00231308337533846 0.000897339347284287 0.00110864047310315 0.00131128630018793 0.000350798928411677 0.000140751979779452 0.00106852919852827 0.00129204642144032 0.00122826644219458 0.0187028835527599 0.0166018937714398 0.00939362174831331 0.0140706565231085 0.0122990756761283 0.0104714894667268 0.0150207229889929 0.0116469854023308 0.00322124040685594 0.00173675529658794 0.00190846449695528 0.00087644457235001 0.000698976509738714 0.000802246679086238 0.00111719265114516 0.000656083397916518 0.000249856902519241
0.0034121599746868 0.00262321770424023 0.00249055468011647 0.0074043198954314 0.0120872847735882 0.0118762062862515 0.0115378959104419 0.00598647317383438 0.00920880944468081 0.00524003803730011 0.00467805524822325 0.0128714439459145 0.0150828671641648 0.00746577638201416 0.008714161766693 0.0124608560465276 0.0299783004447818 0.0178725684992969 0.00291266266722232 0.0199410633184016 0.016722715459764 0.00485907376278192 0.0149216582998633 0.0037786568980664 0.00123855979181826 0.000993218616349623 0.000588171806884929 0.000163438476010924 0.000188045781396795 0.000414473953424022 0.00312193176941946 0.000688051234465092 0.00459001397248357 0.00730154332704842 0.00813800906762481 0.00829042135737836 0.00647325708996505 0.00119370159809478 0.00156458792625926 0.00218980788486078 0.0031559438444674 0.00186465081060305 0.00105605379212648 0.00104659966309555 0.000870942941401154 0.00122120949672535
0.0115635752212256 0.0149663924239576 0.0102104615420103 0.00591322970576584 0.0111883291043341 0.0122748605906963 0.00811427445150912 0.00856215720996261 0.0160347429104149 0.00417583913076669 0.00705773094668984 0.00395251549780369 0.00385378275532275 0.00983465788885951 0.00452332294080406 0.00866815284825861 0.0335394397377968 0.0155843592248857 0.00889201550744474 0.0136850539594889 0.0132780513726175 0.0123695405665785 0.0124188800808042 0.0123919198289514 0.0161856669001281 0.00478510777465999 0.00120787983760238 0.0010213173693046 0.00292717688716948 0.000598428497323766 0.000394757589674555 0.000298034075240139 9.55883780989097e-05 0.000391503743594512 0.00318202185444534 0.0116116431541741 0.0109093805775046 0.00185036064358428 0.00152952718781307 0.00161559790140018 0.00185287132626399 0.00169514480512589 0.00144896584679373 0.000910100719192997 0.00207035868661478 0.00124712506076321
0.0101190434303135 0.0159213721752167 0.0072153527289629 0.0106664371211082 0.00773130063898861 0.0117315196897835 0.00966552705504 0.0065701003652066 0.0185119790956378 0.00346710195299238 0.0132050242275 0.00518690922763199 0.00179437311599031 0.00438154339790344 0.0112585455179214 0.0177914591506124 0.00775657356716692 0.00295522341039032 0.00471098877023905 0.0144790549762547 0.0154789260588586 0.014829214848578 0.0168965491466224 0.0238958837464452 0.0121669656597078 0.0134815850295126 0.0186373670585454 0.00439654148649424 0.00161830801516771 0.000783585704630241 0.000322059511381667 0.000695401284610853 0.000747103759204037 0.000120664272253634 0.000347853386483621 0.0101906808558851 0.00530563248321414 0.00346284620463848 0.00247694421559572 0.00167936309007928 0.00123382841120474 0.00150911075179465 0.0022756693768315 0.00403790064156055 0.00361677238252014 0.00329430983401835
0.00852330490015447 0.0127788127399981 0.0120627882890403 0.0100633951835334 0.0129791285842657 0.0122918296139687 0.0044347888790071 0.0056701960042119 0.00181845533661544 0.00524947042576969 0.0145682976581156 0.0123329771216959 0.00332692142110318 0.00993235246278346 0.00426251401659101 0.00386977083981037 0.00886797392740846 0.0118522751610726 0.0176469938829541 0.00764433555305004 0.00424675599206239 0.0072884464636445 0.00484638381749392 0.0021003378322348 0.00428613715339452 0.012862005084753 0.0141029261983931 0.012899162247777 0.0039032720727846 0.00292216255329549 0.00213214315008372 0.00280836718156934 0.0022650744067505 0.000456981366733089 0.000312344991834834 0.00201048736926168 0.00568950003944337 0.0091402820777148 0.0114645625464618 0.0106009196955711 0.00399238602258265 0.00147321398835629 0.000544198285206221 0.00104790562181734 0.000418516743229702 0.000432327718590386
0.00371467515360564 0.0100346839986742 0.00710121775045991 0.0100165458396077 0.00998391252942383 0.00593738693278283 0.00684114936739206 0.00580060258507729 0.00835198075510562 0.00617311606183648 0.00996307879686356 0.00888679856434465 0.011637719720602 0.010154663445428 0.00737696532160044 0.00878060380928218 0.0106577545404434 0.00582311504986137 0.0107926642056555 0.00528212976641953 0.014728297945112 0.00609529321081936 0.00646568136289716 0.00519496710039675 0.00899254255928099 0.0167812801897526 0.0147060564719141 0.0134853170253336 0.0042820340488106 0.00157539293868467 0.0010732639930211 0.00150731190806255 0.00199858122505248 0.00197074905736372 0.00113550362875685 0.000242223696113797 0.000374680976528907 0.00133893512538634 0.00442010562401265 0.00919960914179683 0.0112244294956326 0.00211641115602106 0.00134253005962819 0.000892436178401113 0.000839252927107736 0.000836380262626335
0.00379878687672317 0.00353936497122049 0.00272141715977341 0.00401026871986687 0.00666197426617146 0.00619208125863224 0.00834700474515557 0.00362765134777874 0.0038814514875412 0.00679073967039585 0.00399602048564702 0.00754508078098297 0.00482273995876312 0.015333130210638 0.0109118814580142 0.00685125296004117 0.00423296983353794 0.0047585163731128 0.00755926193669438 0.0126461295410991 0.0117241710424423 0.00255390561651438 0.00442763830069453 0.00294965729117393 0.0029007876990363 0.00210347669199109 0.00534995645284653 0.00443165104370564 0.00456827117595822 0.00441148532554507 0.00104059251607396 0.000798586633754894 0.000668366707395762 0.000649066257756203 0.00317375611048192 0.000926993717439473 0.000120048011012841 9.1835801868001e-05 0.000284460573311662 0.000166599830845371 0.00306029032217339 0.00428061636630446 0.00664518023841083 0.00461940369568765 0.000584385587717406 0.00142873437143862
