Scripts_&_data/Maxent_result_files_1/Bombus_pomorum_2.asc
NCOLS 594 
NROWS 330 
XLLCORNER -15 
YLLCORNER 23 
CELLSIZE 0.166666666666667 
NODATA_value -9999 
[rows 210 to 230 of 330, columns 276 to 321 of 594]
-9999 -9999 -9999 -9999 -9999 -9999 -9999 -9999 -9999 -9999 -9999 -9999 -9999 -9999 -9999 -9999 -9999 -9999 -9999 -9999 -9999 -9999 -9999 -9999 -9999 -9999 -9999 -9999 -9999 -9999 -9999 -9999 -9999 -9999 -9999 -9999 -9999 -9999 -9999 -9999 -9999 -9999 -9999 -9999 -9999 -9999
-9999 -9999 -9999 -9999 -9999 -9999 -9999 -9999 -9999 -9999 -9999 -9999 -9999 -9999 -9999 -9999 -9999 -9999 -9999 -9999 -9999 -9999 -9999 -9999 -9999 -9999 -9999 -9999 -9999 -9999 -9999 -9999 -9999 -9999 -9999 -9999 -9999 -9999 -9999 -9999 -9999 -9999 -9999 -9999 -9999 -9999
-9999 -9999 -9999 -9999 -9999 -9999 -9999 -9999 -9999 -9999 -9999 -9999 -9999 -9999 -9999 -9999 -9999 -9999 -9999 -9999 -9999 -9999 -9999 -9999 -9999 -9999 -9999 -9999 -9999 -9999 -9999 -9999 -9999 -9999 -9999 -9999 -9999 -9999 -9999 -9999 -9999 -9999 -9999 -9999 -9999 -9999
-9999 -9999 -9999 -9999 -9999 -9999 -9999 -9999 -9999 -9999 -9999 -9999 -9999 -9999 -9999 -9999 -9999 -9999 -9999 -9999 -9999 -9999 -9999 -9999 -9999 -9999 -9999 -9999 -9999 -9999 -9999 -9999 -9999 -9999 -9999 -9999 -9999 -9999 -9999 -9999 -9999 -9999 -9999 -9999 -9999 -9999
-9999 -9999 -9999 -9999 -9999 -9999 -9999 -9999 -9999 -9999 -9999 -9999 -9999 -9999 -9999 -9999 -9999 -9999 -9999 -9999 -9999 -9999 -9999 -9999 -9999 -9999 -9999 -9999 -9999 -9999 -9999 -9999 -9999 -9999 -9999 -9999 -9999 -9999 -9999 -9999 -9999 -9999 -9999 -9999 -9999 -9999
-9999 -9999 -9999 -9999 -9999 -9999 -9999 -9999 -9999 -9999 -9999 -9999 -9999 -9999 -9999 -9999 -9999 -9999 -9999 -9999 -9999 -9999 -9999 -9999 -9999 -9999 -9999 -9999 -9999 -9999 -9999 -9999 -9999 -9999 -9999 -9999 -9999 -9999 -9999 -9999 -9999 -9999 -9999 -9999 -9999 -9999
-9999 -9999 -9999 -9999 -9999 -9999 -9999 -9999 -9999 -9999 -9999 -9999 0.0540366150438786 0.110051871091127 0.159008157998323 0.124440740793943 0.193862260878086 0.0976996317505836 0.185766576975584 0.066907037422061 0.183304527401924 0.0477665930986404 0.0363226437941194 0.182867542654276 0.100152193754911 -9999 -9999 -9999 -9999 -9999 -9999 -9999 -9999 -9999 -9999 -9999 -9999 -9999 -9999 -9999 -9999 -9999 -9999 -9999 -9999 -9999
-9999 -9999 -9999 -9999 -9999 -9999 -9999 -9999 0.0201704434119165 0.108739580214024 0.253666132688522 0.212497654557228 0.35011260509491 0.26254743039608 0.366239875555038 0.385359710454941 0.691096973419189 0.517246568202972 0.209916608780622 0.406028944253921 0.182811789959669 0.148070427030325 0.310522413253784 0.366373160481453 0.247554378211498 0.00588397951796651 -9999 -9999 -9999 -9999 -9999 -9999 -9999 -9999 -9999 -9999 -9999 -9999 -9999 -9999 -9999 -9999 -9999 -9999 -9999 -9999
-9999 -9999 -9999 -9999 -9999 -9999 0.0139404981397092 0.146050744503737 0.151479531079531 0.119597528874874 0.264564725756645 0.336631366610527 0.472501322627068 0.533336445689201 0.417130115628242 0.473898056149483 0.601226103305817 0.710207229852676 0.146257072687149 0.193415711820126 0.223955853283405 0.0483467186801136 0.117901685647666 0.135431276261806 0.522530993819237 0.411222383379936 0.261122032999992 0.118907310813665 0.0773594215512276 0.150430883467197 0.0575651928782463 -9999 -9999 -9999 -9999 -9999 -9999 -9999 -9999 -9999 -9999 -9999 -9999 -9999 -9999 -9999
-9999 -9999 -9999 -9999 0.198637016117573 0.3290950268507 0.144636358320713 0.150502371042967 0.130214369297028 0.369688272476196 0.403913143277168 0.607281917333603 0.551084113121033 0.443203061819077 0.59954009950161 0.508821034431458 0.870717453956604 0.540012484788895 0.338195967674255 0.251321291178465 0.352878871560097 0.147865835949779 0.350529998540878 0.0153118898160756 0.0478701759129763 0.258275134861469 0.450704772770405 0.384918785095215 0.185721652209759 0.185759836435318 0.18094427883625 -9999 -9999 -9999 -9999 -9999 -9999 -9999 -9999 -9999 -9999 -9999 -9999 -9999 -9999 -9999
-9999 -9999 0.0963165327906609 0.129395671933889 0.193195544183254 0.198022116720676 0.119801392406225 0.212708108127117 0.239573849737644 0.938041949272156 0.142232590168715 0.0380174718331546 0.148037355951965 0.371483382582665 0.397882491350174 0.89506801366806 0.827317696809769 0.545057612657547 0.398842352628708 0.198881448805332 0.167920552939177 0.51285914182663 0.0811279450543225 0.0386720234528184 0.359297057986259 0.0433728393167257 0.04517453731969 0.133723280206323 0.510673353075981 0.42653391957283 0.403880247473717 0.264229355752468 0.0390498045831919 0.033248570933938 0.227545097470284 0.146696463227272 -9999 -9999 -9999 -9999 -9999 -9999 -9999 -9999 -9999 -9999
0.00571269895881414 0.0358791224658489 0.103844867646694 0.161782997846603 0.116541511565447 0.279555071890354 0.0645576406270266 0.0696268331259489 0.50643108189106 0.0261333881469909 0.0852710210718215 0.339703471958637 0.0829834609292448 0.108871152997017 0.660439395904541 0.547666448354721 0.364255665242672 0.715394443273544 0.988853645324707 0.241670477390289 0.580671927332878 0.158598979562521 0.215237471461296 0.547827216982842 0.403412291407585 0.714712804555893 0.533048060536385 0.22694745361805 0.290935006737709 0.598841536045075 0.295809283852577 0.357109281420708 0.302585923671722 0.154538948088884 0.124080786108971 0.137740645557642 0.139023288339376 0.35280649960041 0.00754189928993583 -9999 0.00976691762916744 -9999 -9999 -9999 -9999 -9999
0.39850495159626 0.408504754304886 0.191921982169151 0.37220162153244 0.569221130013466 0.463226953148842 0.477538159489632 0.567858090996742 0.558835232257843 0.445511177182198 0.270572406053543 0.404708516597748 0.287005512416363 0.304565477371216 0.312580579519272 0.450241792201996 0.674237930774689 0.834340524673462 0.442751036584377 0.418131007254124 0.690749263763428 0.108253099024296 0.563000865280628 0.177757704257965 0.665574073791504 0.627859795093536 0.76478459239006 0.591186016798019 0.751130563020706 0.864193135499954 0.753890401124954 0.690073430538177 0.472651425004005 0.318601110577583 0.370538222789764 0.301421125233173 0.308268928527832 0.376961246132851 0.271169693768024 0.167071823775768 0.162053848057985 0.242898681759834 0.0941333599388599 0.022066390234977 -9999 0.0285231918096542
0.467482236027718 0.466622135043144 0.368711060285568 0.905676001310349 0.698822379112244 0.604664045572281 0.705148231983185 0.852841198444366 0.745081073045731 0.564511530101299 0.588016054034233 0.60752580165863 0.418711918592453 0.482981458306313 0.562192538380623 0.140133134275675 0.628771442174912 0.298569409549236 0.790113002061844 0.820971947908401 0.900722056627274 0.571132582426071 0.261698243021965 0.327533486485481 0.689887940883636 0.359793539345264 0.252373860776424 0.335225090384483 0.32485188767314 0.971495532989502 0.354782001674175 0.210441333055496 0.0643554001115263 0.431133784353733 0.462559354305267 0.641119903326035 0.896881276369095 0.701466679573059 0.547921094298363 0.696149492263794 0.267283457517624 0.390877649188042 0.458420941233635 0.641728270053864 0.239566320180893 0.296228174865246
0.444786801934242 0.862855529785156 0.695842462778091 0.344418358802795 0.10097977630794 0.367309346050024 0.279341941326857 0.332175324857235 0.464364257454872 0.634910762310028 0.900439023971558 0.552077880501747 0.469150280952454 0.461702799797058 0.4091702491045 0.167230914533138 0.0424027223140001 0.0528425503522158 0.0644086673855782 0.100488498806953 0.0839295338839292 0.0787097290158272 0.138389742560685 0.746530055999756 0.38723686337471 0.346817153692245 0.217546567320824 0.124059806764126 0.218228599429131 0.129234829358757 0.12743562348187 0.283371689170599 0.322702543437481 0.680274403095245 0.436318001151085 0.482290750741959 0.844320994615555 0.790855830907822 0.801558494567871 0.724210280179977 0.633472466468811 0.710188335180283 0.477981439232826 0.621554690599442 0.38675519824028 0.335370954871178
0.158054574579 0.283248826861382 0.331847205758095 0.0674526020884514 0.417889016866684 0.81945858001709 0.0673179153352976 0.52481968998909 0.18714753985405 0.979671144485474 0.37505250275135 0.455231201648712 0.421786221861839 0.16894094645977 0.173079350590706 0.0321126447990537 0.0147730370052159 0.027200124412775 0.041561028175056 0.0507287383079529 0.221773298084736 0.34072513282299 0.241738452017307 0.268113350868225 0.199433007836342 0.141546572744846 0.0732377858832478 0.093910168018192 0.147191931307316 0.0911467327736318 0.325926840305328 0.279120555520058 0.318951871991158 0.605195212364197 0.152762786485255 0.419657927751541 0.299337306618691 0.462956237792969 0.560763904452324 0.70819855928421 0.700122374296188 0.770900601148605 0.789241644740105 0.262307313084602 0.32074356675148 0.414300861954689
0.106074386462569 0.119627177342772 0.0061718947137706 0.00244971904612612 0.01049453986343 0.113114829361439 0.172613038867712 0.19179400652647 0.0736082542687655 0.150778745114803 0.216318653523922 0.143362157791853 0.305732142925262 0.206698493659496 0.0649878434836864 0.0141239677090198 0.0207743901759386 0.032033858820796 0.0203028266318142 0.0545781847089529 0.316421431303024 0.216009891033173 0.267423802614212 0.316466458141804 0.27024033665657 0.120602802932262 0.0597511645406485 0.112656188383698 0.156909384578466 0.26912753880024 0.0881514824926853 0.195856118202209 0.182486143708229 0.591958129405975 0.300484699010849 0.439910414814949 0.308103422820568 0.336491006612778 0.461177861690521 0.402565735578537 0.458776897192001 0.293985316157341 0.394980075955391 0.118732004612684 0.265986527502537 0.318150907754898
0.0112786238780245 0.00875521332491189 0.00160369725635974 0.00167455634800717 0.00158211772795767 0.0097663733176887 0.0444362957030535 0.0622735496610403 0.102481184154749 0.188499607145786 0.197531233727932 0.375802701711655 0.106885099411011 0.238499991595745 0.0210668684914708 0.0260390723124146 0.0592609509825706 0.0753833539783955 0.0246339188888669 0.0484081394970417 0.235335862636566 0.186676754057407 0.267837537825108 0.401118808984756 0.24163903594017 0.321803569793701 0.202847093343735 0.114412363618612 0.174397659301758 0.224372681975365 0.147059573233128 0.221186383068562 0.116559962928295 0.262153296172619 0.184109757840633 0.36204127073288 0.405009630322456 0.244752722978592 0.251013359427452 0.332235263288021 0.485727581381798 0.26927659958601 0.430978432297707 0.29457320868969 0.301831771433353 0.269146341085434
0.0266383638605475 0.0494035318493843 0.0397240936756134 0.0124181723222136 0.00116722352540819 0.0049564647488296 0.00580723236780614 0.0289205923676491 0.0446112487465143 0.365852043032646 0.997111803293228 0.996810054779053 0.128169168531895 0.0960335589945316 0.0141567884013057 0.136981452256441 0.0441847432404757 0.0283755254000425 0.0307037647813559 0.0396068194881082 0.115830802172422 0.168001037836075 0.391387385129929 0.19816088527441 0.218018914759159 0.194410832226276 0.0986233374103904 0.0635810121893883 0.0603134259581566 0.0586459349840879 0.0837161738425493 0.12667414881289 0.265724501013756 0.246286970376968 0.203785805404186 0.21759487837553 0.282118082046509 0.156565691530704 0.238724148273468 0.396549707651138 0.329511699080467 0.248482343554497 0.149869966506958 0.166816997528076 0.229115775227547 0.286395692825317
0.00596486511640251 0.00532440366223455 0.00272846028674394 0.00187111521372572 0.00237902004737407 0.00364134819246829 0.0179795503616333 0.0169235492125154 0.0492527417838573 0.0370095262303948 0.0287796387448907 0.0660498678684235 0.0360082188621163 0.0292290119454265 0.0173410010524094 0.0389397200196981 0.0590241998434067 0.0278768558055162 0.0275014523416758 0.0152376027777791 0.0175544230267406 0.0531742576509714 0.176883732527494 0.180543506145477 0.178271225094795 0.34452004134655 0.129739149659872 0.0893453814089298 0.0820389688014984 0.141709369421005 0.511863082647324 0.217567983269691 0.272345441579819 0.229037624597549 0.154387171566486 0.108465676754713 0.220230004191399 0.218922983109951 0.261265258491039 0.312005232274532 0.341056063771248 0.141894991695881 0.326978173851967 0.230422340333462 0.193540930747986 0.188833731412888
0.0034965290222317 0.0031663816422224 0.00327845197170973 0.00276767320465297 0.00250646576751024 0.00203484965022653 0.0338926022872329 0.0302714111283422 0.0265278942883015 0.014860284794122 0.0308846762403846 0.020094022154808 0.0193872442469001 0.0363987248390913 0.0189295997843146 0.0312321338802576 0.0293086325749755 0.0220956327393651 0.0554837081581354 0.0931905161589384 0.0207913964986801 0.020963261090219 0.0796125814318657 0.129121771454811 0.136101290583611 0.160376250743866 0.148836491256952 0.118653223663568 0.509928977489471 0.219201666116714 0.43320876955986 0.267499385774136 0.175086468458176 0.149476072192192 0.175551676750183 0.190474086999893 0.188433729112148 0.234267364442348 0.332654014229774 0.321351903676987 0.259891161322594 0.252792166173458 0.230713884532452 0.197342617809772 0.0464454989880323 0.0382385078817606
