Scripts_&_data/Maxent_result_files_1/Bombus_niveatus_3.asc
NCOLS 594 
NROWS 330 
XLLCORNER -15 
YLLCORNER 23 
CELLSIZE 0.166666666666667 
NODATA_value -9999 
[rows 220 to 239 of 330, columns 45 to 89 of 594]
0.0262643466237932 0.470551000162959 0.0481057876721025 0.0095011533703655 0.114015358686447 0.180007905513048 0.0383807238191366 0.0812682349234819 0.184997090697289 0.597373214364052 0.382845392823219 0.0601248264312744 0.0159363532671705 0.0121950001688674 0.00854683407815173 0.0122856866568327 0.0335568893700838 0.0225513067562133 0.0312542472616769 0.0620793100446463 0.0259660294279456 0.105045630782843 0.386694006621838 0.105710625089705 0.118906403332949 0.262600206583738 0.0515692310407758 0.120141496509314 0.165713068842888 0.164322566241026 0.163736733794212 0.0223137533292174 0.0292672876268625 0.0116519856732339 0.00753282574005425 0.0128619782626629 0.0116643264424056 0.00411519387271255 0.00562641457654536 0.133781810849905 0.0325376460328698 0.010861344402656 0.0107409600168467 0.0126588517799973 0.00891245906241238
0.0566114988178015 0.250714604184031 0.0515629114583135 0.0383822585456073 0.0380517065525055 0.0462256584316492 0.070705684274435 0.118879818916321 0.200669698417187 0.377509912848473 0.0850829806178808 0.0284187437035143 0.0124174511991441 0.00841033878969029 0.00732042754534632 0.00780653574038297 0.0260114401578903 0.0290046529844403 0.0603549670428038 0.0325470143929124 0.370884542167187 0.362488506734371 0.57675499022007 0.172707028687 0.250479297339916 0.0564813141827472 0.0637161392718553 0.0149199492298067 0.0425590554252267 0.0752447675913572 0.0705071125179529 0.0462716683745384 0.00285670491866767 0.0072474324144423 0.0100998205132782 0.0564119961112738 0.0269354898482561 0.513383790850639 0.00452331218402833 0.19855143353343 0.0470309101045132 0.0138378620147705 0.03615603428334 0.0110407767817378 0.0302811767905951
0.681276158615947 0.0589666610583663 0.0248582975007594 0.0293957367539406 0.0195676011033356 0.0199746186845005 0.0235928480513394 0.0598025523126125 0.139832727611065 0.273835460841656 0.431306701898575 0.107207477465272 0.0226150584407151 0.0204850248526782 0.0111586988670751 0.00830170118715614 0.0230512604117393 0.0672806115821004 0.0561536962166429 0.0997210355475545 0.312773498892784 0.777840614318848 0.230778106302023 0.0172894828021526 0.00209353601276234 0.0161245057824999 0.0366728479042649 0.0251655777450651 0.0592963289469481 0.338765496015549 0.0554805565625429 0.0169506853446364 0.0093198289629072 0.0186475799418986 0.109331947565079 0.276393754780292 0.638658004999161 0.49881030023098 0.0696012578904629 0.0106946061365306 0.0217240337282419 0.0117327681276947 0.0368043286725879 0.028148940205574 0.00229465019656345
0.579374601319432 0.0172092651482671 0.018184298928827 0.0372738774865866 0.0272186962887645 0.0144900043029338 0.032789814285934 0.0716531522572041 0.121735986322165 0.318575954437256 0.528619050979614 0.556330749392509 0.125714576244354 0.261828884482384 0.298285393416882 0.564850017428398 0.259512940049171 0.0926961828023195 0.343204906582832 0.435830944776535 0.534841790795326 0.29225616902113 0.174777445197105 0.071200043708086 0.24951815456152 0.0454880632460117 0.0229314850177616 0.0803468182682991 0.143184189498425 0.00895467409864068 0.143402138352394 0.0390392845496535 0.0623628709465265 0.00195983403827995 0.0334887936711311 0.0147147213108838 0.681632286310196 0.137443548440933 0.536369401216507 0.402814710140228 0.0551017057150602 0.00414569523418322 0.00587589968927205 0.000753862896817736 0.0951363947242498
0.162615370936692 0.309936215728521 0.0340932853519917 0.0337958494201303 0.0354402782395482 0.0288325930014253 0.0412530623376369 0.0144207117613405 0.0621608410030603 0.0628573190420866 0.434158113598824 0.52653691470623 0.410914209485054 0.246446414291859 0.374830001592636 0.460030888020992 0.25440219193697 0.287398672103882 0.100739504024386 0.0655865160748363 0.0297160050831735 0.0213373506441712 0.271329705417156 0.307594886422157 0.132078631222248 0.164148188382387 0.0927043840289116 0.114648573845625 0.0588364873081446 0.186018969118595 0.322645775973797 0.313423138856888 0.258045992255211 0.0367763943970203 0.00837830035015941 0.00361560933524743 0.0387790355831385 0.213368628919125 0.81587193608284 0.214751262962818 0.151262155175209 0.00609856173396111 0.0160144481807947 0.0230269348248839 0.127030495554209
0.00260768326697871 0.0822111550718546 0.0735242702066898 0.0454836778342724 0.0405839512124658 0.016411310993135 0.00421015418251045 0.00243417870951816 0.00488462704233825 0.0790531843900681 0.0824821468442678 0.165859922766685 0.222628518939018 0.225319806486368 0.398584254086018 0.384354873001575 0.0173702987842262 0.020889718644321 0.000871693872613832 0.00139573918422684 0.0405716549605131 0.0121410286054015 0.713725146651268 0.290182860940695 0.128541310876608 0.308654996752739 0.305712661147118 0.106091330200434 0.393252900242805 0.128268402069807 0.0820635128766298 0.123878251761198 0.184876342117786 0.190240624547005 0.0757549066096544 0.00254448730265722 0.00128662345814519 0.260127140581608 0.38102687895298 0.00959441438317299 0.0112335775513202 0.100880654901266 0.0819384068250656 0.0444682274013758 0.0351109437644482
0.0190499050542712 0.0182533495128155 0.00648246478522196 0.0257510218303651 0.0255723952315748 0.0133951841620728 0.00757506283698603 0.0342443333938718 0.0396863898262382 0.126210689544678 0.048921213299036 0.191706047207117 0.332625833153725 0.296582855284214 0.396520645916462 0.122105068713427 0.0443571614101529 0.00385518535040319 0.00262191992951557 0.0148768355604261 0.0609261617064476 0.0549990143626928 0.0902137715369463 0.170353154838085 0.169817161560059 0.280226029455662 0.0693644512444735 0.13496311455965 0.159313064813614 0.0402595261111856 0.0607790045440197 0.0607559582218528 0.104964858293533 0.418799711763859 0.0411525633186102 0.0402978314086795 0.00816458226181567 0.00211802938720211 0.00976340011693537 0.00693847462534905 0.00333920991979539 0.00553251765668392 0.0812475882470608 0.0570764536038041 0.00751770515926182
0.0134261923842132 0.030254327878356 0.0355401398614049 0.0330422153696418 0.0678339067846537 0.0524399038404226 0.0381071716547012 0.0278104219585657 0.153214494138956 0.082560833543539 0.141944628208876 0.0739774078130722 0.0782469764351845 0.146074911952019 0.115397650003433 0.0840468142181635 0.0318553112447262 0.0261936515569687 0.00972556115593761 0.0160750246606767 0.00867227143608034 0.0194410791620612 0.0836753096431494 0.109979403764009 0.197239103913307 0.165302816033363 0.147131978720427 0.227079477906227 0.0815838981419802 0.126233111321926 0.0648934174329042 0.0511036299169064 0.0316902533173561 0.0170847292523831 0.00608215166721493 0.00427229970227927 0.00198804349056445 0.00159655080642551 0.00514071995858103 0.0256251375190914 0.00139587272424251 0.0442858854308724 0.092813178896904 0.0063747322652489 0.00437860682141036
0.00723134162835777 0.0224920494481921 0.0388614596799016 0.118442703783512 0.0980721443891525 0.08441231995821 0.0269427828490734 0.0895544685423374 0.209040939807892 0.141570933908224 0.0838231503963471 0.136932498216629 0.109164613485336 0.152815147489309 0.123732493072748 0.100459702312946 0.0538845239207149 0.00709349093958736 0.00594634695444256 0.0161171569488943 0.0349740983918309 0.0463309574872255 0.0780077271163464 0.130233922600746 0.0830472208559513 0.0606348861008883 0.0476917358115315 0.0658684473484755 0.117697840929031 0.0711136117577553 0.0769207675009966 0.0154906773008406 0.0173946227878332 0.000972056030877866 0.00128889080369845 0.0108822170179337 0.00355131514370441 0.00297933442052454 0.0117041661869735 0.00941902734339237 0.0795643072575331 0.00503382359165698 0.00650394449476153 0.105121109308675 0.0277620606124401
0.0359499434009194 0.0384788572788239 0.0903675451874733 0.0724625647068024 0.0518794842064381 0.0848317876458168 0.0421178989112377 0.151382199674845 0.184380100667477 0.10172940120101 0.116622433066368 0.134994696080685 0.284505861997604 0.181520690023899 0.174156737327576 0.0793241191655397 0.11098016127944 0.0434020150452852 0.0781413994729519 0.0955682069063187 0.115613756328821 0.160650342702866 0.0994387906044722 0.129369262605906 0.0890914395451546 0.0671346303075552 0.212117390334606 0.19369872957468 0.213169330358505 0.108528126776218 0.0476430956274271 0.181274624168873 0.0129931201227009 0.00210206538322382 0.00326587103772908 0.00119612484995741 0.00118663970497437 0.000967863341793418 0.00787691483274102 0.00100873257906642 0.00214702003868297 0.00178368055494502 0.0239160959841683 0.0316277647390962 -9999
0.0152022822760046 0.0448845013976097 0.0782362319529057 0.0841310441493988 0.097638662904501 0.135352242738008 0.144117806106806 0.0780527297407389 0.108438928425312 0.130288130789995 0.159420622885227 0.219106255471706 0.159793785214424 0.173950226604939 0.203995747864246 0.127568250894547 0.0185744564048946 0.0478544922545552 0.0192408754024655 0.0546026684343815 0.0553452011197805 0.0857066679745913 0.236057198047638 0.167819121479988 0.211274538934231 0.203480857610703 0.207590588927269 0.252900387346745 0.0596879998221993 0.237923559546471 0.128086958825588 0.237959580123425 0.106951643526554 0.0346308091655374 0.00731374733150005 0.00240266702021472 0.00713546150363982 0.0157755870372057 0.00471639218740165 0.124813377298415 0.00168446506140754 0.0142689149826765 0.00446160576539114 -9999 -9999
0.0267343757674098 0.0585174888372421 0.0403213309124112 0.0851184621453285 0.0979829341173172 0.102164535224438 0.150273566693068 0.127744303643703 0.11388086155057 0.231971649825573 0.158802060782909 0.356923112273216 0.214996337890625 0.183027578890324 0.0891038596630096 0.0512173365801573 0.11054624542594 0.00826169224455953 0.0339709835126996 0.0411393562331796 0.0092378196073696 0.0101840529590845 0.185653646290302 0.132885150611401 0.187932272255421 0.167997145652771 0.185412566363811 0.194507575035095 0.0581831086426973 0.157614114880562 0.17736506909132 0.12755484059453 0.0866605661809444 0.0149026204366237 0.00929738786071539 0.0171643894165754 0.00109059861279093 0.00439199262764305 0.00123223760747351 0.0428932232316583 0.00183352602180094 0.0159555515274405 0.0114332686178386 -9999 -9999
0.0239102897234261 0.0391399297863245 0.0710031598806381 0.086853352189064 0.0898850679397583 0.105069790035486 0.114181998372078 0.114777977764606 0.111184744536877 0.100186461955309 0.140482319891453 0.11461920440197 0.12387226447463 0.104090391099453 0.0656189020723104 0.180961594730616 0.193272801488638 0.0430982310324907 0.0276264576241374 0.249858421087265 0.0158659252338111 0.0793646909296513 0.0980817209929228 0.08838981539011 0.109831503033638 0.027238771179691 0.11657283231616 0.127748197317123 0.0545464340597391 0.135580351948738 0.121077615767717 0.0411339873448014 0.0350892599672079 0.0131837168242782 0.0265319529920816 0.00598357554990798 0.0197444987483323 0.00090166466543451 0.00059117054042872 0.0188612287864089 0.00230197871569544 0.00478644692339003 0.0100816927384585 -9999 -9999
0.00591428456827998 0.0390154529362917 0.0374815741553903 0.0717216435819864 0.0714842438697815 0.0783325873315334 0.0848087348043919 0.0898961305618286 0.0438888221979141 0.00887180895078927 0.00653191641904414 0.0933763965964317 0.174680018424988 0.108567298948765 0.10264010950923 0.116253040730953 0.105328023433685 0.129205609112978 0.0386526526883244 0.00887439893558621 0.0350183306261897 0.0940549492835999 0.0296304704621434 0.024447032622993 0.0398409390822053 0.0446525249630213 0.13710932508111 0.250287376344204 0.30013549476862 0.166355538368225 0.292146262526512 0.0402794095687568 0.0282165030483156 0.0132200591266155 0.00881078508682549 0.0419546507298946 0.0357701247557998 0.00267885673092678 0.00118953982018866 0.138947477191687 0.000349583516072016 0.00445671235211194 0.00926521699875593 0.0185394398402423 -9999
0.004393978882581 0.0110618888866156 0.00681691260542721 0.00423650981392711 0.00967802207451314 0.0228536850772798 0.0292017644271255 0.0180527155753225 0.0332270670682192 0.0169228159822524 0.427928811311722 0.0604740450158715 0.580367262661457 0.744633001089096 0.084759283810854 0.171968991309404 0.1827890843153 0.0972977884113789 0.154674739390612 0.103177997469902 0.0492370756343007 0.0372221590951085 0.10842570066452 0.193645134568214 0.142604532837868 0.192101521790028 0.241782030463219 0.261706592142582 0.3193534091115 0.378411191701889 0.343488729000092 0.281419639289379 0.0748480934649706 0.0290800901129842 0.043305753543973 0.0713700380176306 0.0691913090646267 0.051665173470974 0.032194616086781 0.00370742266532034 0.00289929665159434 0.00741385128349066 0.00813230066560209 0.0243145232088864 0.000324036701204022
0.0071566856931895 0.0101696236524731 0.00377971446141601 0.00656342604197562 0.0909961462020874 0.388580226898193 0.205087772756815 0.0930967051535845 0.0932068891823292 0.103902238607407 0.0897863976657391 0.103991813585162 0.342996905744076 0.18057001978159 0.126474748551846 0.117334946244955 0.154066246002913 0.170572680234909 0.128446625173092 0.144331273436546 0.0400012383237481 0.0197696973569691 0.13745706230402 0.216770187020302 0.181171946227551 0.222556132078171 0.213718619942665 0.319130052626133 0.521565759181976 0.346911898255348 0.13122847750783 0.0321195758879185 0.100786550343037 0.101652497798204 0.0569177486002445 0.0400498386472464 0.0804666455835104 0.0563859362155199 0.0527791541069746 0.0346841828897595 0.00784633960574865 0.00753080016002059 0.00483649782836437 0.0144838331732899 0.0272802795283496
0.0130863410420716 0.0120569166261703 0.00895946207456291 0.0166996880434453 0.0507064290344715 0.109410621225834 0.499052849411964 0.686097583174705 0.110015726089478 0.14388419687748 0.0696167156100273 0.109874577820301 0.147773993015289 0.401079542934895 0.233670148253441 0.0979882098734379 0.113743806630373 0.162180894613266 0.231598255038261 0.16677183881402 0.140730386227369 0.0634478025138378 0.0418466381728649 0.211209781467915 0.189984656870365 0.157928543537855 0.320833203196526 0.338560146093369 0.0222776885144413 0.00992003171704709 0.128595193848014 0.0224893086822703 0.0103693356271833 0.0678205139935017 0.0460212387144566 0.0337061090394855 0.037722603417933 0.052800190076232 0.0180371598340571 0.033018509298563 0.00597357833757997 0.00341299435822293 0.00150358293903992 0.0111227624583989 0.0129926036577672
0.0211646802723408 0.00657413476146758 0.0179276429116726 0.0572421085089445 0.147500669956207 0.0410297099500895 0.0428162321448326 0.104726228117943 0.195528781414032 0.0300979780033231 0.0412351553328335 0.0426304588094354 0.141691342741251 0.141858229786158 0.057749530300498 0.10977715998888 0.162184350937605 0.176786454021931 0.0241845553740859 0.251179896295071 0.322350257635117 0.111182008683681 0.510749347507954 0.0936864830553532 0.0176820074673742 0.00983510864898562 0.0046750039793551 0.00368671219330281 0.00429020368028432 0.0236665113829076 0.0904552310705185 0.0111351121682674 0.0285154465585947 0.0201267185620964 0.0112834044266492 0.0185701630078256 0.0281243754550815 0.0264267677441239 0.0208717765286565 0.0336833106353879 0.0207934366539121 0.00760800712741911 0.0146397427190095 -9999 -9999
0.00248404021840543 0.0237900793552399 0.0313033308833838 0.0579896871000528 0.0919935673475265 0.0241593807004392 0.0388139398768544 0.0210880926810205 0.0483417145907879 0.0703715264797211 0.0373125538229942 0.0775332853198051 0.0739704880863428 0.141238621622324 0.192846548557282 0.0585712529718876 0.101931797713041 0.442644479870796 0.612001167237759 0.126258709281683 0.0408499423414469 0.157429300993681 0.0218324225395918 0.00558406210038811 0.0139546178281307 0.0127126943320036 0.0977474488317966 0.0311106892302632 0.0182716379873455 0.299371951073408 0.017084091855213 0.017275417689234 0.0188658711034805 0.00579305812716484 0.0294231677427888 0.0228044487535954 0.0225448727607727 0.0162525157444179 0.0261928649619222 0.020716673694551 0.0048534834291786 0.0332934938371181 -9999 -9999 -9999
0.00273010269738734 0.0193396542221308 0.0613748453557491 0.0890133805572987 0.0435336370021105 0.0867716893553734 0.188013707101345 0.168237871676683 0.154750081151724 0.0811549846082926 0.11863095536828 0.0881275221705437 0.079280724003911 0.189806625247002 0.673188677430153 0.253816547989845 0.0638333845883608 0.0669973742216825 0.0119714725762606 0.0366563903167844 0.0455283036455512 0.0247151631861925 0.0387966215610504 0.0486074972897768 0.102272693812847 0.0280736644752324 0.0191779572051018 0.40096283853054 0.204154951870441 0.0742529172450304 0.0133194053079933 0.0522732581943274 0.077828449010849 0.0220303148031235 0.00482834912836552 0.0436318896710873 0.0195981623604894 0.00818813354708254 0.00422195212449878 0.0039306019898504 0.0160220492631197 -9999 -9999 -9999 -9999
