Scripts_&_data/Maxent_result_files_1/Bombus_soroeensis_2.asc
NCOLS 594 
NROWS 330 
XLLCORNER -15 
YLLCORNER 23 
CELLSIZE 0.166666666666667 
NODATA_value -9999 
[rows 63 to 83 of 330, columns 230 to 275 of 594]
0.0335987489670515 0.0463207686319947 0.0308126186951995 0.0275490187108517 0.0284248489886522 0.0269704708829522 0.0297013210132718 0.0281221870332956 0.0309717074036598 0.0328475898131728 0.0269792646169662 0.0264720637351274 0.0243598200380802 0.0297021254897118 0.0283855063840747 0.0340075138956308 0.0318192400038242 0.0383916055783629 0.0274125393480062 0.03861014097929 0.0229336957447231 0.0238356934860349 0.0293070638552308 0.0228070482611656 0.021525249350816 0.0372055316343904 0.0299586618319154 0.0308544060215354 0.0328346494585276 0.0439361741766334 0.0335907014086843 0.0481060978025198 0.0472999138757586 0.0273986648768187 0.0360422994941473 0.0469657365232706 0.0581065308302641 0.0359885925427079 0.0284901544451714 0.0280890800058842 0.0268012497574091 0.0221984185278416 0.0322825279086828 0.0393181608989835 0.0346166891977191 0.0400508470833302
0.0417823255062103 0.0310545334592462 0.0369930790737271 0.0298883624374866 0.034353038109839 0.0404081286862493 0.0445086322724819 0.0494241997599602 0.0301490351557732 0.0311935225501657 0.0302291544154286 0.0398708829656243 0.0293781939893961 0.0620578361675143 0.0412330236285925 0.0199303461238742 0.0279807133600116 0.038837725110352 0.0380044842138886 0.0328779529780149 0.0410878270864487 0.0244545137509704 0.0277307750657201 0.0289671516045928 0.0120104031637311 0.008340402552858 0.0457385502755642 0.0443865761160851 0.0375768095254898 0.0482989907264709 0.0444434290751815 0.050342346355319 0.0296072717756033 0.0559161890298128 0.0382895676419139 0.0387595057487488 0.0338108140975237 0.0330924853682518 0.0366116838529706 0.0241974962875247 0.0229414785280824 0.0272516325116158 0.0245465501211584 0.0255167064256966 0.02604572288692 0.0241457000374794
0.0402182666584849 0.0603926245123148 0.040182507969439 0.0436018973588943 0.0554806809872389 0.0414413176476955 0.0543155446648598 0.0459286630153656 0.0394422855228186 0.0354348246008158 0.0324075566604733 0.0345302607864141 0.0349533706903458 0.0438708527013659 0.0442337477579713 0.0321746995672584 0.0330414351075888 0.0212085881270468 0.0299167409539223 0.0409712105989456 0.0304702972993255 0.0117715708911419 0.0386526366695762 0.0348245522007346 0.0213623352348804 0.0320857709273696 0.00845227800309658 0.0450576100498438 0.036016271263361 0.0372443253174424 0.0538116119801998 0.0390916235744953 0.0350470809265971 0.0309718796983361 0.0351980799809098 0.0222580818459392 0.060403373837471 0.023009635694325 0.0217058178037405 0.0321117661893368 0.030732025578618 0.0183952135033906 0.01853894200176 0.0189626516774297 0.0189417138695717 0.0245569860562682
0.0588921938091517 0.0731933619827032 0.0563038092106581 0.0333211466670036 0.0582540709525347 0.0665402118116617 0.0490560844540596 0.0423540581017733 0.0773235451430082 0.0421431230381131 0.0442040266469121 0.034171655960381 0.0343890259042382 0.0498733792454004 0.0370387921109796 0.0619794685393572 0.0547750717028975 0.0418826185166836 0.0358249614015222 0.0427889313548803 0.0450603077188134 0.0382412128150463 0.0363297928124666 0.0424460284411907 0.0372562324628234 0.0379500826820731 0.0320544142276049 0.0357820320874453 0.0360141612589359 0.0331274949014187 0.0363458873704076 0.0269964234903455 0.044175803847611 0.0371065547689795 0.038225245475769 0.0321700099855661 0.0454237138852477 0.0420087935402989 0.0440723801031709 0.0259888524189591 0.0351501608267426 0.046372857503593 0.0598851125687361 0.0522771250456572 0.0931404247879982 0.0692236356437206
0.0770972274243832 0.0965491123497486 0.087697497010231 0.120744182169437 0.0820232592523098 0.0592432837933302 0.105657762289047 0.0777094356715679 0.0617340993136168 0.0531769026070833 0.0551849108189344 0.085134706646204 0.0430826310068369 0.0430798556655645 0.0999776694923639 0.0719545111060143 0.0702555149793625 0.0500427506864071 0.0607377037405968 0.0642168555408716 0.0828550457954407 0.0394760884344578 0.041188283264637 0.0357598390430212 0.0406444203108549 0.100815555080771 0.0336997656151652 0.0351041248068213 0.0337081069126725 0.0373697470873594 0.0408945720642805 0.020939885918051 0.0436823237687349 0.0370336862280965 0.0504282645881176 0.0344216315075755 0.064632572978735 0.0735263977199793 0.0358592983335257 0.0329908428713679 0.0689016420394182 0.0881357230246067 0.0966044761240482 0.0491189908236265 0.0702406149357557 0.0645982146263123
0.0611783158034086 0.0647181905806065 0.102219213545322 0.100993776321411 0.0772784359753132 0.0935976110398769 0.110683966428041 0.11993795260787 0.101151865720749 0.0745020024478436 0.0659508239477873 0.121443004161119 0.152100442349911 0.198218759894371 0.27750052511692 0.0839173756539822 0.0656847335398197 0.0991871684789658 0.0519952043890953 0.0691393122076988 0.0674900241196155 0.043595502898097 0.0418126385658979 0.0369323339313269 0.0725382287055254 0.0824747011065483 0.0439878970384598 0.0549797158688307 0.0383028574287891 0.0399470768868923 0.0401229649782181 0.04010313116014 0.0376545352861285 0.0416141951456666 0.0424334678798914 0.0391481675207615 0.0378396742045879 0.0395720560103655 0.0508392807096243 0.0435758398845792 0.0406251883134246 0.0646772153675556 0.0774740464985371 0.0728321231901646 0.0479873828589916 0.044973424077034
0.164644140005112 0.185312774777412 0.118457826972008 0.083884747326374 0.11150615811348 0.147462865710258 0.200312805175781 0.1098407946527 0.146590000391006 0.154365666210651 0.157409640401602 0.125884099304676 0.137989050894976 0.152954064309597 0.188560873270035 0.0983463384211063 0.0950153231620789 0.095807620882988 0.0726107940077782 0.0802085891366005 0.13103516921401 0.0648410718888044 0.0642187274992466 0.0498250808566809 0.0452100016176701 0.0424461139366031 0.0447664268314838 0.0545583747327328 0.0465877704322338 0.054875685274601 0.0475960709154606 0.0417502293363214 0.051591894030571 0.0399265244603157 0.0381480453535914 0.0550450067967176 0.0559051759541035 0.0368268461897969 0.0542895279824734 0.0502872914075851 0.0439685145393014 0.0561112243682146 0.110435721278191 0.154435259103775 0.116135824471712 0.0985274657607079
0.0924870006740093 0.231749634444714 0.158415481448174 0.110710357874632 0.107505778223276 0.0874779909849167 0.0729218233376741 0.122527312487364 0.134937422722578 0.116963163018227 0.131370697170496 0.0950458616018295 0.165255376696587 0.10850697234273 0.123335143923759 0.0698645874857902 0.0791125878691673 0.0925595127046108 0.0785749644041061 0.0633012212812901 0.0893723759800196 0.0656317636370659 0.0504055704921484 0.0514307841658592 0.0451760441064835 0.0422943385317922 0.0401414003223181 0.0533308193087578 0.0439779136329889 0.04167749453336 0.0448641398921609 0.0555778261274099 0.0550950329750776 0.0436227563768625 0.0400922507047653 0.044915234670043 0.035898813419044 0.0453843329101801 0.0424311503767967 0.0553134862333536 0.072052001580596 0.0607108388096094 0.073592147603631 0.175700002908707 0.155830430984497 0.235010750591755
0.114406732469797 0.113995541632175 0.228130505979061 0.197376237809658 0.315439802408218 0.132398526370525 0.182584130764008 0.178903706371784 0.12495935857296 0.213097666203976 0.121003342419863 0.135140804201365 0.14239240065217 0.0556550871580839 0.0892250314354897 0.0859988577663899 0.12991436496377 0.0726163797080517 0.0626438021659851 0.062573954090476 0.0786093849688768 0.0432347856462002 0.0628201965242624 0.0687970243394375 0.0451864551752806 0.0425050046294928 0.058791371434927 0.0657733712345362 0.0612599518150091 0.0648962534964085 0.0278876405209303 0.0643346507102251 0.0500866319984198 0.048357567936182 0.044735961407423 0.040388491563499 0.0364455908536911 0.0365550417453051 0.0546063113957643 0.0531122170388699 0.0434929821640253 0.0462544817477465 0.063984403014183 0.0813753187656403 0.149804463982582 0.122778452187777
0.124135302752256 0.135041838884354 0.146938419342041 0.155917404592037 0.26288093328476 0.540268310904503 0.164010022580624 0.16018024533987 0.121250812709332 0.164860529452562 0.107330966740847 0.05298235937953 0.0592623341828585 0.0999964863061905 0.0490055549889803 0.0701581798493862 0.0849783055484295 0.0179284165613353 0.0415520258247852 0.0525399904698133 0.0524889621883631 0.0756186861544847 0.0262072818353772 0.0549926999956369 0.0718726683408022 0.0577007792890072 0.0524216283112764 0.0567817769944668 0.0591322302818298 0.0749712347984314 0.0724489044398069 0.048907159268856 0.0556280508637428 0.0449354972690344 0.0538064748048782 0.1049684420228 0.0639010772109032 0.0495716098695993 0.0331153213977814 0.0238028595224023 0.0358711268752813 0.0302075693383813 0.035598167963326 0.0413486754521728 0.051229777187109 0.100771948695183
-9999 -9999 -9999 -9999 -9999 -9999 -9999 0.498811602592468 0.193332989513874 0.146780391782522 0.0731363669037819 0.0519626323133707 0.17690060287714 0.0953238040208817 0.0726519331336021 0.0442763045430183 0.0290781008079648 0.0247282397001982 0.0201567167416215 0.0678356178104877 0.0803059790283442 0.0685043394565582 0.0616375844925642 0.0756476912647486 0.0742459882050753 0.0830883480608463 0.0573459189385176 0.0767961580306292 0.0580643385648727 0.0608382821083069 0.0699380319565535 0.0616578504443169 0.0500540029257536 0.0483517181128263 0.0557056609541178 0.0553597133606672 0.0448564153164625 0.0502472158521414 0.0445224585011601 0.0334333248436451 0.0364880764856935 0.0335735963657498 0.0597478169947863 0.0603175632655621 0.0615672171115875 0.0494725581258535
-9999 -9999 -9999 -9999 -9999 -9999 -9999 -9999 -9999 -9999 -9999 0.425280433893204 0.152462276816368 0.100183337181807 0.118480009585619 0.132927298545837 0.0551135692745447 0.0292227936908603 0.0348062753677368 0.0549670495092869 0.0406366817653179 0.0256222255527973 0.0502522177994251 0.0610283628106117 0.0819032669067383 0.068321792408824 0.0673985447734594 0.0997257955372333 0.0482070297002792 0.0559248499572277 0.0560338221490383 0.0560540433973074 0.0507799297571182 0.0694417007267475 0.0633346203714609 0.058526649326086 0.0504191435873508 0.0543968830257654 0.0436568979173899 0.0476110458374023 0.0373989503830671 0.0175450367853045 0.16437142342329 0.0420464687049389 0.105342150479555 0.132176902145147
-9999 -9999 -9999 -9999 -9999 -9999 -9999 -9999 -9999 -9999 -9999 -9999 0.191631668806076 0.140925505757332 0.122122107446194 0.142766758054495 0.0940694123506546 0.0393481068313122 0.0593328177928925 0.0313080724328756 0.0205229421146214 0.0474586483091116 0.0865845419466496 0.0254064157605171 0.11631072089076 0.085708724707365 0.103206274658442 0.089080872386694 0.0555345084518194 0.0566526390612125 0.0354657789692283 0.02620186265558 0.0743398822844028 0.0786407478153706 0.0528078231960535 0.0469976514577866 0.061973787099123 0.0491565272212029 0.0483483925461769 0.0358653657138348 0.073739954829216 0.0453701686114073 0.0945621460676193 0.0838398896157742 0.0536614805459976 0.0771203305572271
-9999 -9999 -9999 -9999 -9999 -9999 -9999 -9999 -9999 -9999 -9999 -9999 0.219806495308876 0.260286609828472 0.169191715121269 0.122759076207876 0.145903503894806 0.056105338037014 0.14041064530611 0.0518306449055672 0.0446425292640924 0.0702810056507587 0.0466189719736576 0.0445681732147932 0.107508645951748 0.140081445127726 0.108574908971786 0.105898486822844 0.130146930366755 0.0940514586865902 0.070948413386941 0.0515600863844156 0.0613772753626108 0.0990531176328659 0.0769627705216408 0.0945554539561272 0.0499961543828249 0.0527394346892834 0.0544446963816881 0.0588101740926504 0.0664736658334732 0.0942559003829956 0.0934083566069603 0.080974530428648 0.0497071504592895 0.092369756102562
-9999 -9999 -9999 -9999 -9999 -9999 -9999 -9999 0.809414434432983 -9999 -9999 -9999 0.678745830059052 0.541701087355614 0.294976805150509 0.2731450766325 0.229939861595631 0.241885660588741 0.14112164080143 0.182860247790813 0.0572341576218605 0.0457246884703636 0.0639786951243877 0.0406076876446605 0.0545828081667423 0.201914669573307 0.16276388168335 0.172730520367622 0.179824896156788 0.101901029795408 0.103031124919653 0.0962224960327148 0.10432952567935 0.102513188123703 0.079565243050456 0.13525410592556 0.120389819890261 0.0843257196247578 0.0206159003078938 0.0602069605141878 0.166943415999413 0.157141019403934 0.120528358221054 0.133312213420868 0.0937911733984947 0.182138396799564
-9999 -9999 -9999 -9999 -9999 -9999 -9999 -9999 -9999 -9999 -9999 -9999 0.400825825333595 0.256270030140877 0.198796507716179 0.181128819286823 0.0934634812176228 0.103592247515917 0.117452657222748 0.254707838594913 0.125788880884647 0.162407621741295 0.137883757054806 0.0970903784036636 0.0714195940643549 0.18143724501133 0.182283380627632 0.172142049670219 0.134602840989828 0.1124257594347 0.130104535073042 0.122818215191364 0.159292803704739 0.100640051066875 0.178021715581417 0.080250771343708 0.0981299482285976 0.108631339669228 0.104759734869003 0.176913326978683 0.174834407866001 0.207938151061535 0.0993608377873898 0.151131463050842 0.21177980452776 0.129116065055132
-9999 -9999 -9999 -9999 -9999 -9999 -9999 0.536564344167709 0.247205512225628 0.20816934555769 0.0728020802140236 0.0910346880555153 0.103877940773964 0.0847109235823154 0.118970790505409 0.0590129088610411 0.292893221974373 0.180819323658943 0.131090753525496 0.258139863610268 0.113114232569933 0.139875794202089 0.131286028027534 0.0975633814930916 0.162501998245716 0.189077398180962 0.19210562556982 0.134689189493656 0.250417746603489 0.187588512897491 0.202109064161777 0.21273677200079 0.131889564543962 0.114666505903006 0.057706468552351 0.21222106218338 0.134507778286934 0.14717139005661 0.0800946123898029 0.0901900790631771 0.0676339942961931 0.103476817160845 0.131184706836939 0.154446229338646 0.134090375900269 0.057397449016571
-9999 -9999 -9999 -9999 -9999 -9999 0.363721787929535 0.096967164427042 0.0653354357928038 0.158023738861084 0.15823732689023 0.115732435137033 0.0888754941523075 0.143869529664516 0.054499214887619 0.214043512940407 0.267482794821262 0.0744847171008587 0.27993691265583 0.307522810995579 0.295672133564949 0.0891368575394154 0.125665793567896 0.181821271777153 0.546137171983719 0.187636418640614 0.205028793215752 0.176990711688995 0.246390368044376 0.270016358792782 0.157594972848892 0.159661641716957 0.201046794652939 0.275769825279713 0.161097000539303 0.172637318074703 0.0853356949985027 0.163898828625679 0.0936470031738281 0.0871752560138702 0.100122889131308 0.0540067184716463 0.0808412685990334 0.106011924147606 0.500266045331955 0.075372614338994
-9999 -9999 -9999 -9999 0.519658914208412 0.173117005825043 0.0575757790356874 0.0640807121992111 0.0638437200337648 0.0617652405053377 0.075577112659812 0.0957141898572445 0.0592055145651102 0.100814807415009 0.0885688163340092 0.210879053175449 0.123319642245769 0.104987095296383 0.0967154532670975 0.114886838197708 0.0956285983324051 0.267115084826946 0.227248707413673 0.214644005894661 0.192130345106125 0.170622156560421 0.137092732638121 0.172012503445148 0.291527655720711 0.165644952654839 0.203578293323517 0.156169404089451 0.176297774910927 0.0836765341460705 0.195617452263832 0.156477373838425 0.125079847127199 0.145742063224316 0.108903241157532 0.209964866936207 0.132332003861666 0.0910343773663044 0.114181409031153 0.172442126274109 0.194188930094242 0.0683037422597408
-9999 -9999 -9999 0.482785189151764 0.169120411574841 0.0776209712028503 0.080980359762907 0.0480736624449492 0.0788438286632299 0.103660623729229 0.0531061712652445 0.105066990107298 0.160196712613106 0.0910211853682995 0.0869398303329945 0.0943645276129246 0.0804667472839355 0.0562653612345457 0.0692119583487511 0.0297175487503409 0.126631309092045 0.44138405174017 0.235340817272663 0.196366599202156 0.184985841810703 0.236384589970112 0.525123786926269 0.248390577733517 0.160761049389839 0.247610157728195 0.264217394590378 0.269701075553894 0.184092962741852 0.195606301724911 0.178559072315693 0.179039934277534 0.154626761376858 0.0840906217694282 0.137604632228613 0.13134686127305 0.107956510782242 0.0976185701787472 0.141085561364889 0.139148139208555 0.20370806157589 0.186544521898031
-9999 -9999 0.142941585183144 0.180200926959515 0.151767297834158 0.0719751864671707 0.130202516913414 0.157383906841278 0.0985364139080048 0.0555076405405998 0.0742020048201084 0.0856853283941746 0.109658291935921 0.126478553563356 0.0563615970313549 0.0481149369850755 0.0712069701403379 0.135560830682516 0.119521951675415 0.138776851445436 0.213397862017155 0.0962923683226109 0.164045893400908 0.170634450763464 0.132705234736204 0.269450433552265 0.254170539975166 0.264963626861572 0.233966654539108 0.507464736700058 0.220670376718044 0.29324477314949 0.417648461461067 0.177740789949894 0.214579784870148 0.297886842489243 0.169298395514488 0.165967555344105 0.168779391050339 0.109380945563316 0.0830121837556362 0.112230688333511 0.155447445064783 0.142690344154835 0.15138491243124 0.221297515928745
