Scripts_&_data/Maxent_result_files_1/Bombus_muscorum_3.asc
NCOLS 594 
NROWS 330 
XLLCORNER -15 
YLLCORNER 23 
CELLSIZE 0.166666666666667 
NODATA_value -9999 
[rows 80 to 99 of 330, columns 184 to 229 of 594]
0.00458549606220231 0.0081491757708136 0.000968972413102498 0.00632987821300048 0.00439898297190666 0.00799949833308347 0.0060489374678582 0.0055541817098856 0.00468125615734607 0.00756367305293679 0.00525539095688146 0.00481861669832142 0.0106419043673668 0.00556133084464818 0.0118746573105454 0.000992744258837774 0.00158229566295631 0.00131213132553967 0.00147967835655436 0.000940220588745433 0.000978399423911469 0.00110243332601385 0.00269332513562404 0.00240431218408048 0.000850814014847856 0.00187192188750487 0.00720271128229797 0.00117134493921185 0.00180228398021427 0.0061947543406859 0.00638463833602145 0.0183633940294385 0.0149988004006445 0.0281659889034927 -9999 -9999 -9999 -9999 -9999 -9999 -9999 -9999 -9999 -9999 -9999 -9999
0.0080683438514825 0.00433486728579737 0.00827225996181369 0.00343713397815009 0.00153898424252361 0.00260348076117225 0.00581709165126085 0.00735997227020562 0.00927007971331477 0.0070408740080893 0.00839425348676741 0.00483822245150805 0.00765018975362182 0.00714144040830433 0.0157072452828288 0.0112881610635668 0.00156113662524149 0.00180400647514034 0.00175021323811961 0.00228751064569224 0.000829988323675934 0.00189340463330154 0.00204933488857932 0.00198382817325182 0.00248341668047942 0.00271369667025283 0.00266709542484023 0.00133239260321716 0.0102160819806159 0.00599236876005307 0.00228454462485388 0.00457634882477578 0.00315895715611987 0.0043986672651954 0.02256298083812 -9999 -9999 -9999 -9999 -9999 -9999 -9999 -9999 -9999 -9999 -9999
0.0177382769063115 0.0221589042572305 0.00954602733254433 0.0142131800297648 0.00515668673906475 0.00606023414875381 0.00793059756979346 0.00254248995915987 0.0088676389772445 0.00959089654497802 0.0130379521753639 0.00560727468691766 0.00122042452858295 0.00302362601505592 0.00166165007831296 0.00256083864951506 0.00441844966262579 0.00234129771124572 0.00267368923960021 0.00166969742640504 0.00153428715711925 0.00133614224978373 0.00162499071157072 0.00153183272632305 0.00121187766344519 0.00129066078079632 0.00158380592474714 0.00149386440971284 0.00323206125758588 0.003315302458941 0.00324601816682844 0.00754767010221258 0.0184568693395704 -9999 -9999 -9999 -9999 -9999 -9999 -9999 -9999 -9999 -9999 -9999 -9999 -9999
0.0227418764028698 0.0133229708997533 0.00359084245283157 0.00340667380951345 0.002268532209564 0.0015834724821616 0.00128081422881223 0.00168285793770337 0.000936453681788407 0.00214152368716896 0.0014994258468505 0.00129094576259376 0.00298744833562523 0.00121221671870444 0.00198142448207363 0.00128683274379 0.0175410404801369 0.00133655943063786 0.00106668880980578 0.0020215276403178 0.00247365094255656 0.00190868010831764 0.00236230939481175 0.00206416070723208 0.00248128381499555 0.00315118498983793 0.00374422112945467 0.00484884825709742 0.00634613345027901 0.0045012603426585 0.00421291899401695 0.0192907141521573 -9999 -9999 -9999 -9999 -9999 -9999 -9999 -9999 -9999 -9999 -9999 -9999 -9999 -9999
0.0093402664642781 0.00865135088097304 0.00194967877177987 0.00312502035521902 0.00238910233019851 0.0016850975844136 0.000788730612111976 0.0016667845658958 0.00656084688380361 0.00686860855203122 0.00114761976583395 0.00171851673803758 0.00137155305565102 0.00116202468780102 0.00165141000034055 0.00329544221895048 0.00191089128129533 0.00237416352319997 0.00299946647864999 0.0021984683102346 0.00615082970180083 0.00580755684059113 0.00649961359449662 0.00666308021172881 0.00782639853423461 0.00789112418424338 0.00527258766815066 0.0978014490945498 0.00524571513815317 0.00378744068439119 0.0224692936986685 -9999 -9999 -9999 -9999 -9999 -9999 -9999 -9999 -9999 -9999 -9999 -9999 -9999 -9999 0.0126001332653686
0.00682810693979263 0.00519697763957083 0.00292701497965027 0.00399812449177261 0.00281296487373766 0.00229929890192579 0.00323681898298673 0.00718448995612562 0.0024051321510342 0.0026134404091863 0.00234573681955226 0.00657835896126926 0.00123801937297685 0.00114662932755891 0.00158971295168158 0.00245753405033611 0.00354225937771844 0.00484578484902158 0.00256845164985862 0.00309454717789777 0.00304496745811775 0.00296791720902547 0.00828435695148073 0.00672564138658345 0.0077187274582684 0.0136107482016087 0.00906613855622709 0.40341489315033 0.0694138564169407 -9999 -9999 -9999 -9999 -9999 -9999 -9999 -9999 -9999 -9999 -9999 -9999 -9999 0.049178159981966 0.0240559892728925 0.0196988921612501 0.00520797283388674
0.00340623639058322 0.00419954899116419 0.00667298417538404 0.00742916590534151 0.00487533823761623 0.00797047821106389 0.00777901575202122 0.00545344022393692 0.006112095201388 0.00389898656285368 0.00276286508669727 0.00351964482397307 0.00323899362992961 0.00336636283536791 0.00521643629763275 0.00711431493982673 0.00457129460701253 0.00470610926859081 0.00393289739149623 0.00468943355954252 0.00483769081765786 0.00508795504865702 0.0359386088326573 0.0395418453961611 0.0407657142728567 -9999 -9999 -9999 -9999 -9999 -9999 -9999 -9999 -9999 -9999 -9999 -9999 -9999 -9999 -9999 -9999 0.0232887306716293 0.0148709382396191 0.0110744840232655 0.00594617535243742 0.00575664290226996
0.00469962009228766 0.0041473635181319 0.00731858308427036 0.00472238598158583 0.00541432708705543 0.0132188882213086 0.00832476667128503 0.00827900973381475 0.00633108814654406 0.00561190847947728 0.00449650423397543 0.00438427221379243 0.0069578641327098 0.00807548543671146 0.00883463976206258 0.0103550013387576 0.0121529648313299 0.00811215050052851 0.00917801158502698 0.0073604483040981 0.0087311529321596 0.0685798097401857 -9999 -9999 -9999 -9999 -9999 -9999 -9999 -9999 -9999 -9999 -9999 -9999 -9999 -9999 -9999 -9999 -9999 -9999 0.0285319428890944 0.0209543985314667 0.00895465339999646 0.00471812232863158 0.00464530128519982 0.00729932123795152
0.0101202453253791 0.00636795235914178 0.00404683297965676 0.00433541506063193 0.0059582973306533 0.0137158982921392 0.0154308523284271 0.0203466762788594 0.0312688763253391 0.0145213902229443 0.00777190394874197 0.00885289371944964 0.00595042793429457 0.00797854293487035 0.00857599780429155 0.0130134988576174 0.0255409106612206 0.0248713407665491 0.300470717251301 0.146635238081217 -9999 -9999 -9999 -9999 -9999 -9999 -9999 -9999 -9999 -9999 -9999 -9999 -9999 0.0597535204142332 -9999 -9999 0.0990802675485611 0.079951573163271 0.0412958942353725 0.0203679451718926 0.0156045140232891 0.010828161938116 0.0200574677437544 0.0100845702458173 0.00490444450988434 0.00340719831874594
0.00651291107060388 0.0138393325731158 0.00734781022183597 0.0103574787732214 0.00718778786249459 0.0145956290420145 0.00888370216125622 0.0166381943970919 0.0250725764781237 0.0154439226724207 0.0132783352979459 0.0217081207316369 0.0482127209194005 0.00932914314325899 0.0112462533405051 0.028777554538101 0.133798203617334 -9999 -9999 -9999 -9999 -9999 -9999 -9999 -9999 -9999 -9999 -9999 -9999 -9999 -9999 -9999 -9999 -9999 -9999 0.198363001644611 0.048631276935339 0.0184899228625 0.0112384608946741 0.0352645374834537 0.0173261216841638 0.00986883817240596 0.00983470501378179 0.0696363866329193 0.0208816019818187 0.0109759395010769
0.00603547253413126 0.00971331334440038 0.0175127579830587 0.0188199027441442 0.00974537282017991 0.0158928542863578 0.00907149976119399 0.00860497393878177 0.00716583893517964 0.00740235372213647 0.0143043756484985 0.0121685660909861 0.0535225661471486 0.0548661787062883 0.0610519582405686 0.0521969508379698 0.0707117348909378 -9999 -9999 -9999 -9999 -9999 -9999 -9999 -9999 -9999 -9999 -9999 -9999 -9999 -9999 -9999 -9999 -9999 0.11989898905158 0.0445798899978399 0.0301425766199827 0.0302747908979654 0.0158864321187139 0.00855959041509777 0.0121462020091712 0.0134499726817012 0.0126092848367989 0.0136696981266141 0.00800347588956356 0.0155045306310058
0.00818436649860814 0.00739049159456044 0.00716752236476168 0.00890259210718796 0.0266798081807792 0.0162693368736655 0.0173690872266889 0.00767208863398991 0.00903750882716849 0.0164737960323691 0.0134442756185308 0.0212527403607965 0.0200407584197819 0.0902574054896832 0.138713172078133 -9999 -9999 -9999 -9999 -9999 -9999 -9999 -9999 -9999 -9999 -9999 -9999 -9999 -9999 -9999 -9999 -9999 -9999 0.031387778930366 0.0183862492674962 0.0362538177520037 0.0211951921693981 0.0354367842897773 0.0242414114996791 0.0243101193569601 0.0263156713917851 0.0421495448797941 0.0313547398895025 0.0422307457774878 0.0105134858284146 0.012129720300436
0.021206306386739 0.0174443443771452 0.0134932826273143 0.0186313207726926 0.0303463906981051 0.0184165225364268 0.0213100203312933 0.0214938648045063 0.0202615288551897 0.0200355702778324 0.0453979320824146 0.026196887716651 0.0246540749445558 0.153419236838818 -9999 -9999 -9999 -9999 -9999 -9999 -9999 -9999 -9999 -9999 -9999 -9999 -9999 -9999 -9999 -9999 -9999 -9999 -9999 0.0247035910375416 0.0607279524207115 0.0320608740672469 0.0130739002954215 0.0130331327207386 0.0200536095537245 0.0173448827117682 0.012567168334499 0.0129733636043966 0.0120676919817924 0.0160977049730718 0.0195331586524844 0.00828185696154833
0.0153687261976302 0.0162996633909643 0.0173140750266612 0.0201970419846475 0.0181645531672984 0.0193030289839953 0.025908817909658 0.0217023962642998 0.0232551013119519 0.0277555051259696 0.177293527126312 -9999 -9999 -9999 -9999 -9999 -9999 -9999 -9999 -9999 -9999 -9999 -9999 -9999 -9999 -9999 -9999 -9999 -9999 -9999 -9999 -9999 -9999 0.0896291598677635 0.0235494581982493 0.0258539695292711 0.0176615992560983 0.0162534401286393 0.0229685660451651 0.0217746570706367 0.025436539016664 0.024586980137974 0.0122858633287251 0.0188993429765105 0.0140314808115363 0.00726548144593835
0.00907926836516708 0.00967619320726953 0.0129963521845639 0.018585216999054 0.023255112208426 0.0266159847378731 0.0312481581233442 0.0302888100966811 0.0314005857333541 0.0357873470522463 0.0650656197220087 -9999 -9999 -9999 -9999 -9999 -9999 -9999 -9999 -9999 -9999 -9999 -9999 -9999 -9999 -9999 -9999 -9999 -9999 -9999 -9999 -9999 -9999 -9999 0.127114343643188 0.0529656149446964 0.0350763522088528 0.021281173825264 0.0140439127571881 0.0432287864387035 0.0146076065022498 0.0175093029625714 0.0105779504403472 0.0154625184834003 0.00798649531789124 0.00877130888402462
0.0168738314881921 0.0213935121893883 0.015405798656866 0.0110541390953586 0.0243607895448804 0.0315875438973308 0.0291756488382816 0.0219796199351549 0.0356007620692253 0.0419728184118867 0.0871116958558559 -9999 -9999 -9999 -9999 -9999 -9999 -9999 -9999 -9999 -9999 -9999 -9999 -9999 -9999 -9999 -9999 -9999 -9999 -9999 -9999 -9999 -9999 -9999 0.0255189439281821 0.046023073233664 0.0204534804448485 0.0133583315648139 0.0103059428976849 0.0122619002591819 0.010990439215675 0.0122327707707882 0.0125800206675194 0.00782241343986243 0.0106469314778224 0.0076331379939802
0.0184964729472995 0.0487800493836403 0.0159618082921952 0.0255606340244412 0.0285072727128863 0.0412566058337688 0.0501435966230929 0.0379174008965492 0.0586219063028693 0.0621229138225317 -9999 -9999 -9999 -9999 -9999 -9999 -9999 -9999 -9999 -9999 -9999 -9999 -9999 -9999 -9999 -9999 -9999 -9999 -9999 -9999 -9999 -9999 -9999 -9999 -9999 0.0317394345067441 0.0253474065568298 0.0132789320021402 0.0157911486923695 0.0194793188013136 0.0130822766572237 0.00688369834097102 0.00768612945685163 0.00907921688631177 0.0141933112405241 0.0203578255139291
0.0356729896739125 0.0243036865256727 0.0575315974652767 0.0225814566016197 0.0268550179433078 0.0663887068629265 0.080366662144661 0.0620438355952501 0.0949677899479866 0.0500778643414378 -9999 -9999 -9999 -9999 -9999 -9999 -9999 -9999 -9999 -9999 -9999 -9999 -9999 -9999 -9999 -9999 -9999 -9999 -9999 -9999 -9999 -9999 -9999 -9999 -9999 0.11645660623908 0.0907135710120201 0.0585000571794808 0.0476849807426333 0.0429747816175222 0.0284580147825181 0.0256185113452375 0.0182113420218229 0.0155514833284542 0.0602032467722893 0.050612972676754
0.00866500381962396 0.0124380309483968 0.0252675312571228 0.0493161410093308 0.0595421571284533 0.0156406684196554 0.0195025293622166 0.0283231343142688 0.208587904274464 -9999 -9999 -9999 -9999 -9999 -9999 -9999 -9999 -9999 -9999 -9999 -9999 -9999 -9999 -9999 -9999 -9999 -9999 -9999 -9999 -9999 -9999 -9999 -9999 -9999 -9999 -9999 0.0756073545664549 0.118528360128403 0.05303701069206 0.0221888879779726 0.0382224559783936 0.0621911350637674 0.0272859110496938 0.0202591201290488 0.0116885528172133 0.0311223829165101
0.0317092427518219 0.0407148473896086 0.0883816726505756 0.0749463304877281 0.0603810910135508 0.0394235763698816 0.025848418136593 0.0266627767123282 0.0899473167955875 -9999 -9999 -9999 -9999 -9999 -9999 -9999 -9999 -9999 -9999 -9999 -9999 -9999 -9999 -9999 -9999 -9999 -9999 -9999 -9999 -9999 -9999 -9999 -9999 -9999 -9999 0.164077913761139 0.198728085309267 0.175447764992714 0.0640459861606359 0.0396746533922851 0.0591334583237767 0.0513019472360611 0.0399919973686337 0.0420014102011919 0.0619616556912661 0.047532020881772
