Scripts_&_data/Maxent_result_files_1/Bombus_soroeensis_2.asc
NCOLS 594 
NROWS 330 
XLLCORNER -15 
YLLCORNER 23 
CELLSIZE 0.166666666666667 
NODATA_value -9999 
[rows 84 to 104 of 330, columns 460 to 505 of 594]
0.000405954194138758 0.00586917526088655 0.00744178316090256 0.00130611684871838 0.000526084369630553 0.0024179863743484 0.00326236464316025 0.00441376507515088 0.00113155821454711 0.00827182465000078 0.00250184988835826 0.00584030831232667 0.00472545938100666 0.000308495700301137 0.000624312853324227 0.0010978257341776 0.000340094711282291 0.000363097798253875 0.000558973994338885 0.00127928871661425 0.000656102527864277 0.00164491335162893 0.0008489103987813 0.000969181532855146 0.00148424942744896 0.000489807326812297 0.000770364288473502 0.00134599770535715 0.0014155610348098 0.00146707755047828 0.00344930731225759 0.00348390097497031 0.0102970696345437 0.00178157798945904 0.0014427277375944 0.00183096976252273 0.000985154061345383 0.00130560844554566 0.00126990867429413 0.000634815383818932 0.000375316060672048 0.000272032295470126 0.000251284703699639 0.000384082508389838 0.0003915413908544 0.000551332300528884
0.000680593750439584 0.000949941470753401 0.00135738387471065 0.00278992832172662 0.0219413292594254 0.00282189481658861 0.0157518207095563 0.00299645438790321 0.00425007462035865 0.0029203373240307 0.0029512623208575 0.00452586496248841 0.00239930364768952 0.000820774212479591 0.00116993801784702 0.00268500753445551 0.000659145356621593 0.000525218757684343 0.000827339151874185 0.000761741935275495 0.00122713396558538 0.00090349153324496 0.00156156207667664 0.000462628420791589 0.000299278262536973 0.000987405504565686 0.000943162490148097 0.000569440395338461 0.000950823939638212 0.00423272211337462 0.0186661179643124 0.000574898300692439 0.000307749044441152 0.000304380207671784 0.000350828962109517 0.00105430528055876 0.000777909019961953 0.000444153825810645 0.000340453394164797 0.000379689267720096 0.000198302365606651 0.000165439589909511 0.000305808176926803 0.000284791408921592 0.000224614628677955 0.00030109563813312
0.00463568880222738 0.00780018111690879 0.00403383208904415 0.000695129882660694 0.000613377025001682 0.00431586725171655 0.00500296277459711 0.00262571062194183 0.00487312488257885 0.00263847154565156 0.00306027237093076 0.00440082889981568 0.00382408890873194 0.00262744330102578 0.00633275033906102 0.00517241796478629 0.0146586916176602 0.000940786808496341 0.00315959024010226 0.00258872710401192 0.00147120144101791 0.000633539978298359 0.000767726200865582 0.0021664374275133 0.00193804251030087 0.00321408489253372 0.00391359510831535 0.00332715511322021 0.000880606105783954 0.000634529566741548 0.00146602240856737 0.00158729471731931 0.000690213742200285 0.000450267508858815 0.000620798979070969 0.0012436757737305 0.000180996939889155 0.000356360446312465 0.000390663876896724 0.000297280265658628 0.000731994630768895 0.000382589591026772 0.000844436921761371 0.000803562143119052 0.00056921714276541 0.000729678204515949
0.00648217941634357 0.0070159493945539 0.00518096631858498 0.00102890410926193 0.00115225609624758 0.00451898362953216 0.00444658438209444 0.00386385526508093 0.00158289564424194 0.000774884439306334 0.00256685045314953 0.0035302019212395 0.00304743215674534 0.00408215199131519 0.0435387142468244 0.000999425008194521 0.00157367327483371 0.00327449032920413 0.000942925584968179 0.00170677613932639 0.0020375213585794 0.000755426837713458 0.000460133179149125 0.00468596424907446 0.00254417250398546 0.00531422016210854 0.00478085337672383 0.00583855444565415 0.00470812551211566 0.0106837040744722 0.00646605021320283 0.00586789702065289 0.00414440871682018 0.00353828798979521 0.00393769547808915 0.00133061163360253 0.000948494038311765 0.000755278836004436 0.000901374517707154 0.00118074026540853 0.00093746074126102 0.00120915081351995 0.00262850075960159 0.00105031250859611 0.00965976185398176 0.00314244071487337
0.0057490514125675 0.0053472523810342 0.00554349394515157 0.00609768475405872 0.00211274967296049 0.000943424314027652 0.000824325729627162 0.000564116259920411 0.000827938166912645 0.00070411452325061 0.0012239488249179 0.000623335017007776 0.000930886901915073 0.00118510613683611 0.000919924816116691 0.00161822214722633 0.0110404737759382 0.00301092414883897 0.000668650990701281 0.0112947913468815 0.00259431265294552 0.0016899599111639 0.00722428257577121 0.00513061115052551 0.00511354685295373 0.00564370504580438 0.00787662537768483 0.00753747695125639 0.007605698145926 0.0747179114958271 0.0296806526370347 0.0264954587444663 0.00727448235265911 0.00395353136118501 0.00360246379859745 0.00530461587477475 0.00420584385283291 0.00619443571195006 0.00450536622665823 0.0036178913898766 0.00388191605452448 0.0041273943381384 0.00269792802864686 0.00173996054800227 0.00409773015417159 0.0138718879781663
0.00203512531006709 0.0065468851593323 0.00307655682554468 0.00927340104244649 0.00238238441525027 0.00118307966622524 0.0060628586797975 0.00169688239693642 0.00406057878863066 0.00163932935101911 0.00177505932515487 0.00145151111064479 0.00121527637238614 0.00159835354425013 0.00213034307816997 0.000290609068179037 0.000622252403991297 0.000313791797088925 0.00124175776145421 0.000830234307795763 0.00407172287814319 0.00574473233427852 0.00545857991091907 0.00597223630174995 0.00726773184724152 0.00593578005209565 0.00635011540725827 0.0052609788486734 0.00943922027945518 0.00318141332827508 0.101733992807567 0.00740196001715958 0.00703206667676568 0.00498062861151993 0.00452091749757528 0.00502363597042859 0.00731776221655309 0.0274983116891235 0.0104378588031977 0.0111839538440108 0.00248746296856552 0.00349237874615937 0.0131253720261157 0.00760245660785586 0.000613506010267884 0.0006848472985439
0.0064097891212441 0.00131946565816179 0.00124784227809869 0.00127543247072026 0.00101807345636189 0.0015336191165261 0.00273472749395296 0.00142555981874466 0.00294970584800467 0.00402681997511536 0.017996311513707 0.00548813079949468 0.00381244947202504 0.00572552450466901 0.000917527242563665 0.000460090473643504 0.000648727299994789 0.000265018524078187 0.00164136862149462 0.000960308179492131 0.00187081681797281 0.00162815007497557 0.00782023854553699 0.0147734389640391 0.0262566621880978 0.0982888603582978 0.025303178280592 0.00700505743734539 0.0061239518225193 0.0122289217077196 0.00328080467879772 0.0327883598860353 0.00640570279210806 0.00725984876044095 0.00624067392200232 0.00940129295922816 0.00491905536036938 0.00432148076361045 0.0146288144402206 0.00649477988481522 0.00648303972557187 0.006777508626692 0.0045270879752934 0.00313513750443235 0.0014072441146709 0.000474292530270759
0.00131414848729037 0.00116967569338158 0.0010128868452739 0.00168356354115531 0.000839664076920599 0.00130996765219606 0.0013245390902739 0.00276099974289536 0.00926974113099277 0.0082790142390877 0.00539588646497577 0.0112222337163985 0.00813408484682441 0.00198566507315263 0.00110298900399357 0.00135452583781444 0.00090661805588752 0.00133313816040754 0.000773710489738733 0.00152289175894111 0.00163367253844626 0.00481011462397873 0.00261466290103272 0.00668189199641347 0.00858024819754064 0.0160657284781337 0.010317332111299 0.014135262183845 0.00680324910208583 0.00649615400470793 0.00762356459163129 0.0081908212043345 0.011599537031725 0.00629473836161196 0.001566578715574 0.00855509568937123 0.00169684048742056 0.00525157561060041 0.00422658149618655 0.00402230634354055 0.00398508019279689 0.00128730160067789 0.000367449714394752 0.000671492901165038 0.000481464703625534 0.000373076707182918
0.00236540791811422 0.00243069095304236 0.00223966103512794 0.00402493108995259 0.00338129778392613 0.00186844496056437 0.00605519127566367 0.00744219878688455 0.00629954559262842 0.00716238026507199 0.00938974898308515 0.0107254877686501 0.0122579231858253 0.00705474163405597 0.0026846471009776 0.0012978371756617 0.00104498192667961 0.00174262168584391 0.000738122971961275 0.00103672991972417 0.00186911094933748 0.00125540951848961 0.00136460605426691 0.00128878512769006 0.00425195372663438 0.01214520316571 0.0112351876683533 0.0107414880767465 0.00973019837401807 0.0140069500543177 0.00915243462659419 0.0158927732147276 0.020996973104775 0.00824733548797667 0.00670219995081425 0.00694286096841097 0.0424583053216338 0.0450993025675416 0.00479327610228211 0.0032535967649892 0.00238434292841703 0.00172178887296468 0.000485296710394323 0.000558705904404633 0.000354299720493145 0.000511702141375281
0.00244476005900651 0.00233454225817695 0.00176934556802735 0.00757378484122455 0.0102348041720688 0.00885588596574962 0.0138173887506127 0.00611660401336849 0.0120027252472937 0.00666517000645399 0.0119963928125799 0.0135972338728607 0.00982429434079677 0.00956494654528797 0.00239256635541096 0.00394837250933051 0.00598055873997509 0.0102872365154326 0.00901156445033848 0.00269555284176022 0.0017807268188335 0.00160276172682643 0.00128667750395834 0.00246566578280181 0.00251603686483577 0.00181675765197724 0.0117794307414442 0.00609853580826893 0.0116573196370155 0.00955006303265691 0.0123123400844634 0.00940486625768244 0.00586348990909755 0.00700277532450855 0.0067622993607074 0.0111896267626435 0.079732810985297 0.00556609923951328 0.00359886114019901 0.00268568735336885 0.00148818892776035 0.00146877173101529 0.00122235625167377 0.00191100023221225 0.000415275165869389 0.000309344724519178
0.0051826695445925 0.00334629707504064 0.00304877897724509 0.0113233600743115 0.0103505442850292 0.0117498008534312 0.0111034212633967 0.00727383084595203 0.0071915041655302 0.00715051824226975 0.00494614902418107 0.00985810933634639 0.0106322087347507 0.00769532155245542 0.0134842912200838 0.011914256028831 0.0264388296753168 0.0228790169581771 0.00318008712492883 0.0192334969528019 0.0169848524034023 0.0100317428819835 0.0237171119078994 0.0470697009470314 0.0068570839241147 0.00177244446240366 0.00206926559330896 0.00213994041550905 0.00281246978556737 0.00837868573144078 0.00338572037871927 0.00480208336375654 0.0123795579653233 0.00903675216250122 0.00924954530782998 0.00640580062754452 0.00551561303436756 0.00216140886768699 0.0036523787304759 0.00249155161436647 0.00290589015930891 0.00372981964610517 0.00139377769082785 0.0016237523581367 0.00173899850342423 0.00157278685946949
0.00894473921507597 0.0157608383335173 0.0100180272012949 0.00309702719096094 0.00659074680879712 0.00984988636337221 0.0111673855222762 0.0107423183508217 0.0116486320272088 0.00799833578057587 0.0088429753202945 0.00466606812551618 0.00697257639840245 0.00569421332329512 0.00636443067342043 0.0110399509780109 0.0252529758960009 0.0344256341457367 0.0139395224861801 0.0314288195222616 0.0115301901474595 0.00848592333495617 0.0395117102190852 0.0123798310756683 0.0109640865586698 0.00457229597959667 0.00147252714959905 0.00180710800923407 0.0120611729566008 0.00205303560942411 0.00476093277102336 0.00358108401997015 0.00113173690624535 0.00258933352306485 0.00719648743979633 0.00718970065936446 0.00769677180796862 0.00220282189548016 0.00170682965544984 0.00203261286951602 0.00455320025794208 0.00276008375221863 0.00171750647132285 0.00191677464172244 0.00564141822978854 0.00292365534696728
0.0127231339924037 0.014071078505367 0.0154288196004927 0.0168343186378479 0.00680219996720552 0.00705583579838276 0.012914093863219 0.0160801491700113 0.023094114754349 0.00244487436721101 0.0125571958720684 0.0071023287717253 0.0024906215723604 0.00505410847254097 0.00633820076473057 0.0134921684861183 0.00749110574834049 0.00399600623641163 0.00490878345444798 0.00741321239620447 0.00809069187380373 0.0136993327178061 0.00943131470121443 0.0250403977930546 0.01573700113222 0.00790527807548642 0.0138425310142338 0.00354710714891553 0.00184527165256441 0.001290254824562 0.000315881158167031 0.00109882384422235 0.00509303616126999 0.00579158095642924 0.000315367053553928 0.00691997371613979 0.0044964712113142 0.00440918919630349 0.00233232080936432 0.00313685985747725 0.00123304159496911 0.00646718501811847 0.00469647638965398 0.00436053380835801 0.00374990939162672 0.0023574533755891
0.00738722062669694 0.0102037290111184 0.0125829599797726 0.0198850685730577 0.0214777551591396 0.00752413822337985 0.0108968764543533 0.00663964460836723 0.00149484183639288 0.00474511394277215 0.014267176669091 0.00792564968578518 0.00283181691775098 0.00684202006086707 0.00479258906561881 0.00507148737087846 0.0144303707405925 0.0106995589099824 0.0181289070285857 0.00916711464524269 0.0042460735887289 0.0126779713667929 0.00595236117951572 0.00277504309779033 0.00482858163304627 0.0153815533034503 0.0128298409283161 0.00906313601881266 0.00293310983106494 0.00131424976862036 0.00229683862999082 0.00154422926716506 0.00206289568450302 0.0020056584966369 0.0026072810171172 0.000518850516527891 0.00290400206577033 0.00497749024070799 0.014942278759554 0.00690519441850483 0.00267943877261132 0.00232681122142822 0.000669072481105104 0.00127763347118162 0.000426512741250917 0.000642478579538874
0.00104658706113696 0.00651934710331261 0.00405143622774631 0.00470040771178901 0.00533353614155203 0.00787190878763795 0.0102346583735198 0.00481180814094842 0.0054202786879614 0.0942889523692429 0.00534843883942813 0.00374208090361208 0.00523862028494477 0.00663222153671086 0.00881007905118167 0.00505312143359333 0.00963529860600829 0.00160127638373524 0.00968710291199386 0.00537359453737736 0.0149936874397099 0.0120519472286105 0.00788199249655008 0.00483370465226471 0.0148890106938779 0.0157384767662734 0.00728610074147582 0.00946307159028947 0.0123759708367288 0.00289233725052327 0.00142247664625756 0.00136413027066737 0.00341218224493787 0.00316242445260286 0.00463587415870279 0.0064542134758085 0.00383129727561027 0.00227775009116158 0.0410264939069748 0.00360906817950308 0.00494641731493175 0.00126990251010284 0.00105408356757835 0.000556684369803406 0.000496713921893388 0.000935956795001403
0.00277894377941266 0.00305057312361896 0.00181001051096246 0.00148558276705444 0.00343554408755153 0.00937173292040825 0.00743053401820362 0.00368307023309171 0.00338542223908007 0.00505428183823824 0.00221083090873435 0.00428226522635669 0.00223377307411283 0.0215675199404359 0.0108840932138264 0.00744284118991345 0.0042304647853598 0.0029297455213964 0.00516925593838096 0.00944479540921748 0.0122390453703701 0.003298943140544 0.00907021574676037 0.00217218860052526 0.00231315193232149 0.00349912852980196 0.00475257171783596 0.00438587490934879 0.0194659397471696 0.00522242726292461 0.00230020432500169 0.00132250493625179 0.000757033104309812 0.000572897167876363 0.00625940893078223 0.00361369862221181 0.00471809515729547 0.0031692624441348 0.00206214863574132 0.000421952467877418 0.000793396268272772 0.000712705176556483 0.00309257553890347 0.00179236716357991 0.000502659031189978 0.00104260518564843
0.000886716914828867 0.00243036923930049 0.00145828513195738 0.00022388216748368 0.000933757133316249 0.00103058341192082 0.0015557985403575 0.00122735542245209 0.0101902853697538 0.0323677053675056 0.009383833874017 0.0052075526677072 0.00249586491845548 0.0306968514341861 0.00654586788732558 0.0142123318277299 0.0133460394106805 0.00639691459946334 0.00598345550242811 0.00206764606991783 0.00642607300542295 0.00261863330379128 0.00161684794584289 0.00113746220013127 0.000983894558157772 0.00181210869923234 0.00187680140370503 0.00190162751823664 0.00461372977588326 0.00172324178274721 0.00184010894736275 0.00141691958415322 0.00121590358903632 0.00084258466376923 0.000674972549313679 0.00127974035567604 0.00266220478806645 0.00196437005652115 0.00519631584174931 0.00154455327428877 0.000232464353030082 0.000273295893566683 0.000320240797009319 0.0030707175610587 0.00162464887835085 0.00105417123995721
0.00100855718483217 0.00130249047651887 0.00161180575378239 0.00152263316558674 0.000593969927285798 0.00184153092559427 0.0026573346927762 0.00192705976078287 0.0101390413241461 0.00238010078901425 0.00220038825646043 0.0043353279819712 0.00379088679328561 0.0111076235771179 0.00330004143761471 0.00422816567588598 0.00959044899791479 0.0120452074334025 0.00240960179362446 0.000511407290468924 0.000986644451040775 0.000722497020615265 0.00142021629726514 0.00175363810267299 0.000931539479643106 0.000946669542463496 0.00136270197108388 0.00146443545818329 0.00193527464289218 0.00376469569746405 0.00197123928228393 0.00196928678778931 0.00152653141412884 0.000939360342454165 0.000321859383257106 0.000751472121919505 0.000555665785213932 0.000847897480707616 0.00205998562742025 0.00346334096975625 0.00137729283887893 0.00315730135189369 0.00191994301276281 0.00267031042603776 0.117080895975232 0.00346296923235059
0.00222470625303686 0.00032689772779122 0.00050164625281468 0.000851733068702742 0.00214190419064835 0.0046002758666873 0.00170464208349586 0.00070093129761517 0.00216196074616164 0.00362308297771961 0.00147288941079751 0.00668993869330734 0.00238987056072801 0.0019746548961848 0.00426669423468411 0.00210876548080705 0.000836901552975178 0.00228012311272323 0.00235479160910472 0.00242777077946812 0.00113487807102501 0.00120785086764954 0.00102282895240933 0.000991470407461747 0.000596276574651711 0.000719761656364426 0.000703396304743364 0.00095210648723878 0.00109097120002843 0.00274788604583591 0.0061316647566855 0.00328705885913223 0.00124789565452375 0.000877769500948489 0.000731323950458318 0.000453904797905125 0.000395103867049329 0.000446309876861051 0.000459399670944549 0.000514547977945767 0.000474311373545788 0.000531814535497688 0.000621533649973571 0.000403470144374296 0.00196213466115296 0.000571940743247978
0.000410052080405876 0.000907799240667373 0.000253191379306372 0.000266311693121679 0.00041826966626104 0.000837208103621378 0.00135015298146755 0.000657671745284461 0.0014496294897981 0.00143538102856837 0.00285963258938864 0.00321587300859392 0.0033339033019729 0.00709562518168241 0.00188312998507172 0.000482560432283208 0.000531327241333202 0.00145907154656015 0.00236204530810937 0.000667307287221774 0.000975075282622129 0.000430573374615051 0.000992092600790784 0.000999455252895132 0.000580461215577088 0.000820098019903526 0.000490244716638699 0.000914336991263554 0.000727897780598141 0.000752705137711018 0.000931581441545859 0.00529664595378563 0.00283683881862089 0.000616819941205904 0.00046554263390135 0.00101242417586036 0.000791120284702629 0.000888501870213076 0.000957032828591764 0.000579448768985458 0.000503373186802492 0.00077696640510112 0.00061577764863614 0.000759475835366175 0.000988792022690177 0.00108472937135957
0.00111535772448406 0.00134789333678782 0.00151766737690195 0.000408246493316255 0.000321665845694952 0.000364659944898449 0.000277457021002192 0.000311213877284899 0.000699566776165739 0.00107794101350009 0.000708119774935767 0.000528539225342683 0.000919352209893987 0.00130364138167351 0.00252870544791222 0.00229142978787422 0.000545759522356093 0.000735479191644117 0.00138561151688918 0.000372895081818569 0.000889688113238663 0.000832647155039012 0.00117588365683332 0.00168020308483392 0.000576365683809854 0.000540049566188827 0.000629277911502868 0.00129685782594606 0.00039444750000257 0.000575150424265303 0.000637008002377115 0.000378491243463941 0.0012358671054244 0.000848361611133441 0.000488836877048016 0.000624091696226969 0.00059695667878259 0.000465390915633179 0.00153010833309963 0.000638732762308791 0.000494475840241648 0.000901611981680617 0.00180230252444744 0.000532855986966752 0.000825786869972944 0.000487870516371913
