Scripts_&_data/Maxent_result_files_1/Bombus_zonatus_3.asc
NCOLS 594 
NROWS 330 
XLLCORNER -15 
YLLCORNER 23 
CELLSIZE 0.166666666666667 
NODATA_value -9999 
[rows 120 to 139 of 330, columns 135 to 179 of 594]
-9999 -9999 -9999 -9999 -9999 -9999 -9999 -9999 -9999 -9999 -9999 -9999 -9999 -9999 -9999 -9999 -9999 -9999 -9999 -9999 -9999 -9999 -9999 -9999 -9999 0.0200607970356941 0.00103399550134782 0.00031655231869081 0.00012458581240935 0.0141838434152305 0.00169822983443737 0.000102132773008634 0.000600636928720633 0.000984626403078437 0.00208839008118957 0.00169965431850869 0.00273209540173411 0.000877947952540126 0.000121596784083522 0.0209732401184738 0.128989770635962 0.00595471701817587 0.00143984428432304 0.00522284248145297 0.00787154347635806
-9999 -9999 -9999 -9999 -9999 -9999 -9999 -9999 -9999 -9999 -9999 -9999 -9999 -9999 -9999 -9999 -9999 -9999 -9999 -9999 -9999 -9999 -9999 -9999 -9999 -9999 0.0886027321219444 0.000735830829944462 0.000275267337383411 3.61382843038882e-05 0.000311816048269975 0.000101424065542233 0.000621675351794693 0.000131264921037655 0.00204372655716725 0.004480678611435 0.000592168318689801 0.000332548064034199 0.000318714552122401 0.0037342181924032 0.0426233317703009 0.00465089137433097 0.000721779424929991 0.00100787894771202 0.00619402264710516
-9999 -9999 -9999 -9999 -9999 -9999 -9999 -9999 -9999 -9999 -9999 -9999 -9999 -9999 -9999 0.00115020577795804 0.00202952536055818 0.00475228605791926 -9999 -9999 -9999 -9999 -9999 -9999 -9999 -9999 0.0111746017821133 0.000840963050723076 2.70519539753877e-05 0.000232600633535185 0.000165187073434936 3.29022644564247e-05 3.79790383249201e-05 0.000174489483470097 0.000498584529123036 0.000866237183799967 0.000235955432617629 0.000581812341988552 0.000947329785412876 0.000117424081145145 0.000339133044690243 0.000375879263083334 0.000324665198786533 0.00125256906903815 0.00914436229504645
-9999 -9999 -9999 -9999 -9999 -9999 -9999 -9999 -9999 -9999 -9999 -9999 -9999 -9999 0.0528773456811905 0.0409783061593771 0.0231751379556954 0.0286874774843454 -9999 -9999 -9999 -9999 -9999 -9999 -9999 -9999 -9999 0.0239804027602077 0.00372363179922104 0.00104217692933162 0.00181210398150142 3.91637233178699e-05 0.000211722558196925 3.547800549768e-05 3.84276128443162e-05 0.000309909634597716 0.000180760532748536 0.0005461553180794 0.00085164682532195 0.000226044631563127 0.000440579317000811 0.000531203899299726 0.000938409078662517 0.00247162640444003 0.00264024771749973
-9999 -9999 -9999 -9999 -9999 -9999 -9999 -9999 -9999 -9999 -9999 -9999 0.000866811396554112 0.0304552024230361 0.0122398647479713 0.0347182096913457 0.0207506897859275 0.032696894556284 -9999 -9999 -9999 -9999 -9999 -9999 -9999 -9999 -9999 -9999 0.018206802289933 0.000269999188822112 0.000184157443072763 2.47587843887231e-05 2.62605340139999e-05 0.000268382070316875 0.000162502935199882 0.000234378070672392 0.000117588966531912 0.000207871452585096 0.000861369208723772 0.00909242208581418 0.000582780116383219 0.00441834778175689 0.00152423203544458 0.000325375268221251 0.000111242148977908
-9999 -9999 -9999 -9999 -9999 -9999 0.000138316978336661 0.000507787833339535 0.00561545032542199 0.0352785052731633 0.0142595040611923 0.0224223063327372 0.0308299945667386 0.0424488592892885 0.107038804143667 0.0374579899013042 0.0322793252766132 -9999 -9999 -9999 -9999 -9999 -9999 -9999 -9999 -9999 -9999 -9999 -9999 0.022144909016788 0.000652683175576385 0.000112540761801938 3.10077634821937e-05 0.000178396566298034 5.79627158913354e-05 0.000250942282218602 0.000444244502432412 0.0250664850696921 0.0049497599946335 0.0564470715820789 0.00227288433234207 0.000553110393229872 0.00243933076853864 0.0014275492168963 0.00521359948907048
-9999 -9999 -9999 -9999 -9999 0.00150026078918017 0.00481707332655787 0.0488089542835951 0.00270565585233271 -9999 0.0194723047316074 0.0129959342069924 0.0292306428775191 0.0234552107751369 0.00575895556248724 0.0355248497799039 0.00564361645374447 -9999 -9999 -9999 -9999 -9999 -9999 -9999 -9999 -9999 -9999 -9999 -9999 0.00253719442407601 0.0740461904555559 0.000953817780828103 3.75033473119402e-05 3.04005806356145e-05 3.1849011520535e-05 0.000377159169875085 0.00461661277222447 0.0263518232852221 0.00432143924990669 0.00375424386002123 0.00153690552251646 0.000112735851234902 0.0118476654170081 0.0692942997440696 0.00232349032303318
-9999 -9999 -9999 -9999 -9999 0.00709970900788903 0.041146669909358 0.0158734817989171 0.0184397955425084 0.00500093351583928 0.0399752458557487 0.0201772551052272 0.00526838847436011 0.00377407881896943 0.0166188973933458 0.0141852024942636 0.0185753980651498 -9999 -9999 -9999 -9999 -9999 -9999 -9999 -9999 -9999 -9999 -9999 -9999 -9999 -9999 0.0320300564169884 0.003767298348248 0.000107596998986992 3.40637030831203e-05 3.24576553794031e-05 0.00055259690816456 0.00262449228903279 0.00152387085254304 0.00381931102601811 0.00279890558449551 0.000950270041357726 0.0192495936527848 0.0162426477298141 0.0121470957994461
-9999 -9999 -9999 -9999 0.00337121996562928 -9999 0.0429490203037858 0.00557629000395536 0.00495151847135276 0.0895042441785336 0.00850441744551063 0.0174384822137654 0.00856792591512203 0.00757805020548403 0.0184564203955233 0.00591532005928457 0.0128074391745031 -9999 -9999 -9999 -9999 -9999 -9999 -9999 -9999 -9999 -9999 -9999 -9999 -9999 -9999 -9999 -9999 0.00275190436514094 0.000361489484203048 8.11565801086545e-05 8.95886874786811e-05 8.22279616841115e-05 0.000763217044732301 0.00148295286344364 0.00289296344271861 0.00088883046846604 0.00239829928614199 0.0200764227192849 0.00478632501326501
-9999 -9999 -9999 -9999 0.0149099115282297 0.000903907255269587 0.0348535997793078 0.0149313719943166 0.00176822881912813 0.00359891813714057 0.00287281775381416 0.00502598457969725 0.00423333593644202 0.00514962750021368 0.0277264941483736 0.0174760185182095 0.006729999743402 0.00374089959077537 0.0113681499380618 0.00596751007251442 0.000707492014043964 -9999 -9999 -9999 -9999 -9999 -9999 -9999 -9999 -9999 -9999 0.0197624589316547 0.00377355706878006 0.00253111512865871 0.00110601336782565 0.000185662573858281 5.24811881859932e-05 5.38670861260471e-05 0.000677015296241734 0.00027142466060468 9.28419408410264e-05 6.62190157072473e-05 7.74951753555797e-05 0.000351520220829116 0.00103974314042716
-9999 -9999 -9999 -9999 0.0219817508012056 0.000920392872649245 0.00199124764185399 0.00268651903606951 0.00264620739035308 0.00185585026629269 0.00117741078720428 0.00315279222559184 0.00712328390218317 0.00617663781158626 0.00513492266181856 0.0156473719514906 0.195844472944736 0.0334248706698418 0.0125202502589673 0.0037669368670322 -9999 -9999 -9999 -9999 -9999 -9999 -9999 -9999 -9999 -9999 -9999 -9999 0.0476645816117525 0.00696405002381653 0.00055583606226719 0.000617250706272898 0.000730191402544733 0.00314253130927682 0.00259508755989373 0.0150334388948977 0.00319210337183904 0.0020956921580364 0.0029685630579479 0.00704748029820621 0.000487423090089578
-9999 -9999 -9999 -9999 0.000665349939663429 0.0101528713013977 0.003523069457151 0.00244907569140196 0.00233241650275886 0.00280870187561959 0.00131851205951534 0.00206545057881158 0.00533343751449138 0.019186809938401 0.0346526665613055 0.063506655395031 0.000207366162067046 -9999 -9999 -9999 -9999 -9999 -9999 -9999 -9999 -9999 -9999 -9999 0.0036224479903467 0.00150765989383217 -9999 0.180089284479618 0.0120567454956472 0.00259649261133745 0.00733789622318 0.00164929421734996 0.00163517751789186 0.0186655294150114 0.0172974367626011 0.0134031887631863 0.0327779090963304 0.0927259005606174 0.0300310218706727 -9999 -9999
-9999 -9999 -9999 -9999 -9999 0.0179557409137487 0.0128372752573341 0.00550820443313569 0.00509739832486957 0.002228291798383 0.00242817348334938 0.00307388054206967 0.00485368310473859 0.0143499271944165 0.0733137093484402 0.0304100960493088 -9999 -9999 -9999 -9999 -9999 -9999 -9999 -9999 0.00245123322820291 -9999 -9999 0.177540764212608 0.0897610750049353 0.0925843171775341 -9999 -9999 0.0983533404767513 0.00845157806761563 0.00788212036713958 0.0246289879083633 0.0304726801812649 0.00225358618190512 0.00211311796447262 0.00611020568758249 0.0110740179661661 -9999 -9999 -9999 -9999
-9999 -9999 -9999 -9999 0.0107706790324301 0.00323055787011981 0.0028115673456341 0.00558344891760498 0.00236707435688004 0.00240883596707135 0.00228754018899053 0.010173369012773 0.0360796334221959 0.0426543451845646 0.0481494039297104 -9999 -9999 -9999 -9999 -9999 -9999 -9999 -9999 0.0319630337879062 0.0683346550911665 0.0488103365525603 0.049718776345253 0.0613827362656593 0.0212311544455588 0.254881452769041 0.0133974632946774 -9999 -9999 0.0945596996694803 0.0285577880218625 0.00842055869288743 0.037446865066886 0.00784731134772301 0.00280405196826905 0.0031216278206557 -9999 -9999 -9999 -9999 -9999
-9999 -9999 -9999 -9999 0.00644559324719012 0.0190824368968606 0.00818907581269741 0.00230155233293772 0.00116554133710451 0.0015457290224731 0.00271068714791909 0.00591419299598783 0.0175013085827231 0.00633532218635082 -9999 -9999 0.00501384343951941 0.000368847439312958 -9999 -9999 -9999 -9999 0.109682209789753 0.0624569248408079 0.0538778450340033 0.0203758724033833 0.0188267249614 0.0266656991094351 0.363084199279547 -9999 -9999 -9999 -9999 0.251131477952003 0.0185256109572947 0.00583120125811547 0.00453396772500128 0.0180762944743037 0.0126459510996938 0.00672279726713896 0.0238314406014979 -9999 -9999 -9999 -9999
-9999 -9999 -9999 -9999 -9999 -9999 -9999 0.00999923022463918 0.00216096662916243 0.00278825478162616 0.00252469043480232 0.00622777335811406 0.00701322029344738 -9999 0.0320269731804729 0.0293595990166068 0.0116365036461502 0.119776916503906 0.0307633887045085 -9999 -9999 -9999 0.0722996566444635 0.030497439391911 0.0860893670469522 0.0527761597186327 0.0290744628757238 0.0142707280814648 0.000751736509118928 -9999 -9999 -9999 -9999 0.0163378313183784 0.0853567730635405 0.0259053060784936 0.00097676104051061 -9999 -9999 0.00241180876037106 -9999 -9999 -9999 -9999 -9999
-9999 -9999 -9999 -9999 -9999 -9999 -9999 0.0144234315957874 0.00132965689990669 0.00193474643747322 0.00249568665167317 0.00457457259763032 0.0220666146837175 -9999 -9999 0.0349826525896788 0.0114994192495942 0.0141027887351811 0.0116758386604488 0.0817082423716784 -9999 -9999 0.0326231202110648 0.0640986822545528 0.107547760754824 0.142838215082884 0.0196473808959126 0.081402787938714 0.00254418324911967 -9999 -9999 -9999 -9999 -9999 -9999 -9999 -9999 -9999 -9999 -9999 -9999 -9999 -9999 -9999 -9999
-9999 -9999 -9999 -9999 -9999 -9999 -9999 0.00947261373512447 0.0017635946162045 0.00216219620779157 0.00237371833063662 0.0113840731326491 -9999 -9999 -9999 -9999 0.0324694041162729 0.0162694528698921 0.0470347614958882 -9999 -9999 -9999 -9999 -9999 -9999 -9999 0.143998055905104 0.0661382958292961 -9999 -9999 -9999 -9999 -9999 -9999 -9999 -9999 -9999 -9999 -9999 -9999 -9999 -9999 -9999 0.000977086162311025 0.0754162162542343
-9999 -9999 -9999 -9999 -9999 -9999 -9999 0.011974608246237 0.00848284745588899 0.00236047069774941 0.00171151832328178 0.00471861730329692 0.0104476145934314 0.0140409455168992 0.00617003114894032 -9999 -9999 -9999 -9999 0.0425641909241676 -9999 -9999 0.0027714345313143 -9999 -9999 -9999 0.0121121532283723 0.072092242538929 -9999 -9999 -9999 -9999 -9999 -9999 -9999 -9999 -9999 -9999 -9999 -9999 -9999 -9999 -9999 -9999 -9999
-9999 -9999 -9999 -9999 -9999 -9999 -9999 0.0122561264317483 0.0171114232391119 0.0126413196325302 0.00223402315750718 0.0134115650318563 0.00294696247437969 0.00683756342623383 0.000899876243784092 -9999 -9999 -9999 -9999 -9999 -9999 -9999 0.0165928588714451 0.0112681653816253 0.0450289770960808 0.037006171233952 0.108451543003321 -9999 -9999 -9999 -9999 -9999 -9999 -9999 -9999 -9999 -9999 -9999 -9999 -9999 -9999 -9999 -9999 -9999 -9999
