Scripts_&_data/Maxent_result_files_1/Bombus_patagiatus_3.asc
NCOLS 594 
NROWS 330 
XLLCORNER -15 
YLLCORNER 23 
CELLSIZE 0.166666666666667 
NODATA_value -9999 
[rows 220 to 239 of 330, columns 540 to 584 of 594]
4.44089209850063e-17 2.22044604925031e-17 0 0 6.66133814775094e-17 2.57571741713036e-15 2.77555756156289e-16 0 0 0 0 0 0 0 0 0 1.11022302462516e-17 0 9.99200722162641e-17 2.76667577736589e-14 7.13429315624126e-14 1.11022302462516e-17 1.11022302462516e-17 5.0053627909108e-12 1.59723589909788e-10 9.34282096132222e-11 2.4270991213049e-06 4.1895413084303e-07 7.88441404164786e-08 1.32839601529877e-07 2.44331526788599e-08 1.84761872468187e-11 3.344218235668e-11 5.80178638465156e-10 1.45883305435746e-14 6.01085847762306e-13 7.29485916117767e-11 8.97500962437903e-11 2.25384599872314e-11 3.27493587803929e-12 1.1489031948031e-12 4.01656485848889e-13 6.75348665879483e-14 1.53210777398272e-15 2.34257058195908e-15
1.11022302462516e-17 0 3.33066907387547e-17 3.28670424210031e-13 3.03154168435071e-12 3.61932706027801e-15 0 0 0 0 0 0 0 0 0 0 6.66133814775094e-17 1.16573417585641e-15 1.53210777398272e-15 3.33066907387547e-17 0 7.11986025692113e-14 2.57259702429735e-10 2.14528395048319e-13 4.44089209850063e-17 0 2.22044604925031e-17 3.76365605347928e-15 5.12836995092414e-11 8.65999180144073e-09 2.85141196210148e-09 1.36726974186985e-10 5.41737765757944e-12 2.11065720456816e-11 9.66782209843586e-14 4.15445455814734e-14 1.59023239021394e-11 4.48189929613818e-11 1.18907106383404e-12 1.12132525487141e-15 4.55191440096314e-16 1.55431223447522e-16 5.55111512312578e-17 3.33066907387547e-17 1.11022302462516e-17
0 0 0 0 0 0 0 0 0 0 0 0 1.11022302462516e-17 1.11022302462516e-17 5.55111512312578e-17 1.69864122767649e-15 6.93889390390723e-15 6.41886543917281e-13 1.91069382537989e-14 1.11022302462516e-16 0 2.22044604925031e-17 0 0 0 0 0 0 4.49357440146514e-11 3.41334627229628e-11 3.7987102352588e-11 1.75970256144353e-09 5.95595683883232e-11 1.95942151393069e-12 2.99238411827218e-13 3.78158615532698e-12 1.61296531686617e-12 5.28665999866007e-13 2.20901075209667e-13 3.33066907387547e-16 5.55111512312578e-17 1.11022302462516e-17 4.44089209850063e-17 0 0
0 0 0 0 0 0 0 0 0 0 0 0 0 0 0 7.7715611723761e-17 0 0 0 0 0 0 0 0 0 1.22124532708767e-15 1.11022302462516e-17 3.5704772471945e-14 1.37034827929483e-13 3.59682283956886e-11 7.08452185804731e-12 4.56890081323991e-13 7.10668982883966e-08 8.18068945918071e-12 4.34507985147547e-13 5.18862730558567e-13 1.45738976442544e-13 1.63880020664919e-13 5.12034858957122e-14 1.85407245112401e-15 9.95870053088765e-15 4.2410519540681e-15 1.11022302462516e-17 1.11022302462516e-17 0
0 0 0 0 1.11022302462516e-17 1.11022302462516e-17 0 0 0 0 0 1.11022302462516e-16 1.11022302462516e-17 6.66133814775094e-17 8.93729534823251e-15 2.30149233004795e-14 2.89190893454361e-13 0 0 1.13575815419154e-14 1.70848302172288e-10 2.81605849750122e-12 1.60141899741006e-12 2.63006283418576e-12 1.54359235393642e-09 1.28416166589318e-12 1.43744460778805e-11 1.11417541859282e-12 1.2756188327856e-10 5.65994917600676e-11 4.65649740988283e-13 1.17378329278495e-12 9.83644388163896e-11 5.70336000649263e-12 1.80789827552985e-12 1.78845827036866e-12 6.42952358020921e-13 1.59390278753335e-12 8.62182425453995e-10 4.85833595575969e-14 2.58681964737661e-15 5.55111512312578e-17 0 9.54791801177635e-16 2.66453525910038e-16
3.33066907387547e-17 5.55111512312578e-17 7.99360577730113e-16 1.11022302462516e-17 0 0 0 0 0 0 0 2.72004641033163e-15 0 2.17273976588217e-12 1.83760784366882e-12 3.52596840613728e-12 2.54352094941623e-14 6.39144293046456e-13 4.49924253409506e-10 2.92732504902915e-13 5.30399391074354e-11 1.04275477141869e-12 9.69913038773029e-13 3.57454288391068e-11 2.52608156614542e-11 6.54964971147365e-13 1.18576837238038e-10 6.44062581045546e-13 6.31956709185033e-12 7.81211761946565e-12 2.60282906339171e-12 7.71827046719409e-14 1.88478121998514e-12 1.67899028014062e-13 1.48436818392383e-13 4.89386309254769e-14 6.50479670127879e-14 5.04596364692134e-14 4.66293670342566e-16 2.53463916521923e-14 1.4477308241112e-14 4.36317648677686e-15 1.4432899320127e-15 1.19904086659517e-15 5.10702591327572e-16
1.11022302462516e-17 2.66453525910038e-16 1.11022302462516e-17 5.55111512312578e-17 0 0 0 0 0 1.18962950601542e-11 1.01043529099343e-10 1.31812338821646e-12 2.22163176744061e-11 3.74703934546972e-10 6.65416388656581e-11 5.89095439096354e-12 3.67483821150927e-15 7.86259946039536e-14 3.67428309999696e-13 4.82376172339372e-10 2.5661387459408e-10 1.83965065403413e-12 6.50191012141477e-13 1.0628498081644e-12 3.73912012463506e-13 1.61053437253145e-10 1.22279963932215e-13 1.38422606710265e-13 1.30361388350764e-11 6.76861899862047e-12 1.54543045027822e-14 1.2356782264078e-14 2.35611530285951e-13 5.51780843238703e-15 2.48689957516035e-15 2.07822647979583e-13 1.05260244964711e-13 5.99964522507435e-14 4.85944617878431e-14 2.1271873151818e-14 1.05804254246777e-14 2.83106871279415e-15 2.59792187762287e-15 6.32827124036339e-16 2.66453525910038e-16
6.02295990859147e-13 5.10702591327572e-16 0 0 3.33066907387547e-16 2.99760216648792e-15 7.06542602202376e-12 5.58697532682118e-12 2.1849366760307e-11 6.46701803219685e-11 1.54336210478334e-10 1.16569587316206e-10 1.71667835502376e-10 3.67758046238009e-12 7.75535191621657e-13 8.21148704588381e-12 1.09628861544309e-11 2.21580198633831e-11 6.34060581816698e-12 3.13358228254401e-12 1.73761427468833e-10 3.49631312790422e-10 4.9857082351501e-09 4.77655914821185e-10 1.012562256264e-11 7.62867546910684e-12 3.34725802630942e-11 1.06040731751023e-12 4.00790511889682e-15 1.70141678523805e-12 2.83582046733954e-12 4.45201653320737e-12 2.57960319771655e-12 1.10903508598881e-12 3.14626102948523e-13 7.67608199225833e-14 9.91429160990265e-15 7.8381745538536e-15 8.83737527601625e-15 5.20694598549198e-15 2.27595720048157e-15 1.49880108324396e-15 7.7715611723761e-16 3.44169137633799e-16 5.10702591327572e-16
2.45949816068958e-11 2.88657986402541e-16 0 8.04911692853238e-15 2.37047492746001e-11 1.10650775209109e-08 3.58623131191393e-12 5.3714210856981e-11 1.00993657881077e-12 5.08571142310288e-08 5.93006865834411e-11 1.742203458166e-08 5.89649605808873e-09 3.86558853815444e-09 3.06336067623647e-12 9.01003816000667e-10 6.8065997282929e-12 1.33614947772642e-08 6.08103076782385e-09 1.43021233744989e-09 1.11090611931708e-08 1.17010706679466e-09 1.73748937459806e-10 1.32719335521614e-10 8.37896685368378e-10 6.10435146874977e-11 4.89002172088249e-12 1.03478337010188e-12 7.14983627858601e-15 2.65478750094417e-12 2.56229482076264e-12 1.71833658413334e-12 1.37662103938396e-12 1.85118587125999e-13 1.2401191185063e-14 1.10689235555128e-14 2.77555756156289e-15 8.43769498715119e-16 7.54951656745106e-16 9.88098491916389e-16 1.90958360235527e-15 8.77076189453874e-16 4.32986979603811e-16 1.55431223447522e-16 4.44089209850063e-17
9.44796796353842e-11 1.82402981607765e-12 6.46083186950364e-13 3.16329994975995e-08 1.40835834805397e-07 8.18434839788829e-08 2.8623241743464e-08 4.93116806166149e-08 2.99765322148149e-06 7.42681173226956e-09 1.23451335265479e-08 4.55370361418517e-09 2.20998707223252e-08 3.2955635553833e-09 7.01594727869903e-09 1.15318008253595e-08 1.27354529144696e-09 4.15070422477015e-11 8.69892402555195e-10 1.91171114494182e-09 1.51611223575543e-10 4.19656647210331e-09 6.43929354282591e-16 4.81931716755923e-11 5.89036486253747e-11 2.844091628873e-12 1.18682841332429e-14 2.99802405123728e-12 1.78369541359302e-12 3.50911522062347e-12 9.71500657698243e-13 1.31011868020892e-12 6.38888941750793e-13 1.63957736276643e-13 5.45119505090952e-15 4.74065231514942e-15 2.09832151654155e-15 1.96509475358653e-15 7.66053886991358e-16 5.99520433297585e-16 1.26565424807268e-15 1.66533453693773e-15 3.99680288865056e-16 9.99200722162641e-17 4.44089209850063e-17
7.89965853176255e-08 2.19122514577563e-08 1.80953436901277e-08 3.2786604622359e-07 3.43154296089665e-09 4.38955829462628e-09 1.60998763765186e-08 6.71496335202804e-09 3.64709081601688e-08 2.92802750934129e-08 7.19767353496437e-09 3.88516854243903e-09 6.50298381810188e-10 1.9809724971509e-09 3.91194895366098e-09 1.36226989688737e-09 3.54654861034476e-11 4.06299549560174e-11 2.25756957572543e-10 1.01372588101611e-09 2.26546226222979e-11 0 1.58945856476578e-11 9.40675315419526e-12 6.40221209380343e-13 1.93446036966805e-11 7.8840933781521e-12 1.66093805376022e-12 1.74386061146947e-12 1.70723435388709e-12 9.98923166406485e-13 5.81035219937576e-13 3.69171360148357e-13 2.05502281858116e-14 3.86357612569554e-15 7.4495964952348e-15 4.77395900588817e-16 3.77475828372553e-16 2.44249065417534e-16 8.88178419700125e-17 8.88178419700125e-17 1.33226762955019e-16 6.66133814775094e-17 1.11022302462516e-17 0
2.89867267300181e-08 1.29500907553037e-08 6.31947735496574e-07 7.79805317807636e-07 1.07102741937481e-06 1.0704359453384e-06 1.43127680818367e-09 3.71045473235299e-09 3.38578528547018e-09 2.77466974951679e-09 1.25879803247741e-09 1.48389570631124e-09 6.53238236836273e-09 4.9198768836689e-09 2.54849664704793e-09 2.31502150782603e-10 7.09081582339621e-10 3.65509911226525e-10 5.42080125232047e-10 9.44966327409702e-13 3.0453417565468e-14 2.65754085404524e-13 4.21383372639639e-11 1.96285321329981e-11 1.06653796905221e-11 1.16261222871117e-11 1.13197562434664e-11 6.06071859365898e-12 2.3259172365897e-12 3.16981996206778e-12 2.24724683306476e-12 1.60700341922393e-12 3.06366043645312e-13 1.01363362148277e-14 4.42978986825437e-15 7.39408534400354e-15 1.29896093881143e-15 2.55351295663786e-16 2.1094237467878e-16 1.22124532708767e-16 4.44089209850063e-17 3.33066907387547e-17 1.11022302462516e-17 0 0
6.28778140665531e-11 4.27251978241117e-09 9.48706403436361e-09 5.40186877895366e-08 6.73381031446318e-07 1.12850406019938e-08 1.28930199849719e-12 4.07752820397178e-10 1.32784836459621e-09 6.42560282759774e-10 4.34432296803067e-09 4.73583572357938e-10 2.0691586222199e-10 2.76194400683494e-11 5.62748736498975e-12 3.61095409129319e-10 2.17516230582859e-09 1.03398420936429e-09 1.73542979986507e-10 3.92574861507455e-13 1.46843281978448e-10 8.43696112973191e-11 3.67375019294514e-11 2.27757368520543e-11 2.74024580804166e-11 1.97677318958256e-11 1.75478742647783e-11 1.13233422638359e-11 6.76404487975901e-12 7.55467910451557e-12 4.23463486498576e-12 2.50610643348637e-12 2.00572891628781e-13 4.79616346638068e-15 4.72955008490317e-15 2.24265050974282e-15 3.33066907387547e-16 4.77395900588817e-16 5.55111512312578e-16 2.77555756156289e-16 2.1094237467878e-16 9.99200722162641e-17 2.22044604925031e-17 1.11022302462516e-17 1.11022302462516e-17
1.65892947157076e-09 9.29325505438783e-11 5.31811827908513e-10 4.88016286825932e-08 5.17634484387131e-08 1.53787038659203e-10 3.64525121199222e-10 6.43877173800433e-11 1.40206080079253e-10 2.33600927490585e-10 1.85087534188e-10 1.94114058160721e-10 1.63942803776962e-10 2.03860750502827e-10 2.92089674669427e-10 7.16016868018698e-10 4.61010218888447e-10 6.62427057651627e-10 2.14716988633512e-10 1.59338919836216e-10 2.10558592783627e-10 7.58683116330872e-11 2.68611910492211e-11 2.45383824371004e-11 2.28500107724017e-11 3.20211746007715e-11 4.65457339338116e-11 6.01777516706647e-11 6.47274123188879e-11 2.70299338467339e-11 1.60275570593171e-11 3.3716029967934e-12 1.21280763210052e-13 9.28146448586631e-15 3.75255382323303e-15 3.90798504668055e-15 4.88498130835069e-16 1.46549439250521e-15 6.10622663543836e-16 7.88258347483861e-16 8.88178419700125e-17 1.66533453693773e-16 1.33226762955019e-16 7.7715611723761e-17 1.11022302462516e-17
6.98546664956723e-11 5.71771519020103e-12 3.1348035278711e-12 3.63894914201524e-11 7.84261544595211e-14 1.11165723737372e-08 7.14302839099901e-11 1.16486198464827e-10 2.60638066684749e-11 1.42713196815691e-10 1.67446390086923e-10 3.45941542079231e-10 1.27149402118221e-12 2.98321700675785e-11 2.38143860187279e-10 9.20066955956145e-10 6.32407903822241e-11 2.84005374773244e-11 7.49716788650545e-10 5.00153152227512e-10 2.33235852853397e-10 3.31937588526898e-11 3.19643533863712e-11 3.47423978475092e-11 2.8415891861755e-11 3.03782998756219e-11 7.81563369578464e-11 1.12360387660715e-10 1.12425346809886e-10 5.31437116535471e-11 2.12391770837428e-11 7.40818517641628e-13 1.10400577568726e-13 1.24567023362943e-14 1.30229160788531e-14 1.58650870218935e-14 3.23074900165921e-15 5.77315972805081e-16 1.22124532708767e-16 8.88178419700125e-17 1.33226762955019e-16 4.32986979603811e-16 6.55031584528842e-16 1.4432899320127e-16 3.33066907387547e-17
2.56149749189305e-09 3.91074957972748e-09 6.0441823768187e-10 3.5527136788005e-16 4.15223411209809e-15 6.25166585166426e-14 6.79780676193786e-12 9.84727854813627e-12 2.9149516134197e-11 1.79487646967402e-11 3.78852504923088e-13 7.93859311620793e-11 6.91680046571719e-13 3.65575236749294e-11 4.79076223136587e-11 2.78746203896674e-10 5.77416670033415e-11 1.01350039471981e-12 7.54051832085878e-10 2.86540380312061e-10 1.2614036482006e-10 5.35504973697698e-11 6.66867450149766e-11 9.77590786099825e-11 1.23013332853361e-10 7.14267534007718e-11 5.36031774522883e-11 6.50288378700736e-11 9.96522420138035e-11 2.03383532237922e-11 1.20632392963671e-12 6.41930952838266e-14 1.55764290354909e-14 3.30180327523522e-14 6.96775970254748e-14 6.93889390390723e-15 4.66293670342566e-15 2.39808173319034e-15 1.11022302462516e-16 9.99200722162641e-17 1.11022302462516e-16 7.21644966006352e-16 9.2148511043888e-16 1.77635683940025e-16 6.66133814775094e-17
4.68331601277683e-09 2.60791388484449e-14 1.23064336499112e-11 8.00529642575043e-12 5.99520433297585e-15 2.34257058195908e-15 4.05231403988182e-15 4.33320046511199e-14 6.7195138342413e-13 1.2965384321717e-11 2.65021338208271e-13 9.82480763411786e-12 2.27881269410091e-11 2.40550124264161e-10 3.9404346452443e-11 2.62189847610728e-10 1.27856591980446e-10 7.34571403704365e-10 4.35158165057459e-10 9.70734936878159e-11 6.5572758334298e-11 7.68402230733045e-11 1.71150982275492e-10 1.63138047515332e-10 1.18279164240676e-10 1.28313959457671e-10 8.2747675378414e-11 7.52427564698621e-11 7.46294692710592e-11 4.47037962203467e-11 4.6176285017907e-12 5.37233590947039e-12 6.66999788734302e-13 4.98490138056695e-14 2.55351295663786e-14 1.05693231944315e-14 9.71445146547012e-15 2.95319324550292e-15 2.24265050974282e-15 4.21884749357559e-16 1.68753899743024e-15 2.1538326677728e-15 2.16493489801906e-15 2.09832151654155e-15 1.77635683940025e-16
7.30090444756026e-07 4.96342411615558e-11 1.44084744135853e-13 9.11940523096177e-12 1.25677246387568e-14 1.00081054554835e-12 2.20934381900406e-15 0 4.35906866158575e-13 2.98691071876078e-12 5.21915843876286e-14 4.56808368909378e-11 6.70354660670114e-11 3.25645361787252e-09 6.2543198819931e-08 7.39508676517175e-11 8.6461499071433e-10 1.18429102080597e-09 6.51247233918184e-10 3.22637627725442e-10 3.14070558449231e-10 2.88808366111226e-10 1.88804194500847e-10 9.53209955412149e-11 1.0482468226769e-10 1.16864440347086e-10 1.38777556113467e-10 1.23277865693439e-10 6.65539068300802e-11 4.2199299610246e-11 4.14106415824733e-11 1.66472280405117e-11 8.69673222325673e-12 5.131384206436e-12 3.43702843963456e-13 1.72195591119362e-13 3.76032538440541e-14 1.74082970261225e-14 3.70814490224802e-15 5.18474152499948e-15 4.75175454539567e-15 8.88178419700125e-17 1.20348175869367e-14 6.7612582199672e-15 1.23234755733392e-15
4.12117007186907e-12 1.70431668777837e-11 3.99680288865056e-16 3.10773629053074e-13 8.88178419700125e-17 0 0 0 0 5.27355936696949e-15 1.80049086750955e-11 9.91873162492496e-09 7.06569136532664e-11 5.01633312666172e-10 5.12550735187744e-10 1.48849732539702e-10 1.67890966684681e-09 1.32451717371751e-09 1.51460423092331e-09 1.05318290755108e-09 6.49384968021138e-10 5.41251399255316e-10 4.1894613334037e-10 1.97634875132024e-10 1.21711907219435e-10 1.04602893014061e-10 1.1679921474439e-10 1.44686584935272e-10 7.38537897504443e-11 2.24168128504232e-11 2.94523405663938e-11 3.03625569131327e-11 2.74350986373406e-11 3.88346355073566e-11 1.90306992386979e-11 3.99880129009489e-12 6.47026876521295e-13 3.31379368390117e-13 1.67210689738795e-13 1.35025324254912e-13 1.03306252441371e-13 6.66133814775094e-17 2.23487894857044e-14 1.63979940737136e-14 1.23234755733392e-14
6.91317697865124e-07 3.31269111031318e-08 1.33226762955019e-16 1.3070655668912e-13 3.29691829392686e-13 1.04321329352786e-11 2.77555756156289e-16 1.26620935958499e-13 8.88178419700125e-17 1.65858438094801e-12 3.70810049332704e-12 1.34472655233253e-11 1.76764158865694e-11 3.49218842732313e-10 2.66618083166748e-10 4.59525062446176e-10 3.58902110253467e-09 1.9465201894775e-09 1.40515695745691e-09 1.39022360290397e-09 6.07684347286863e-10 6.17511131117965e-10 4.81162520937772e-10 4.93874707796493e-10 1.73477998632876e-10 1.21673859876381e-10 1.79117676246676e-10 1.46201939443813e-10 4.4859305159406e-11 1.71132219506376e-11 1.68729807903389e-11 1.98311922439132e-11 2.7200808272454e-11 4.23983848030218e-11 9.1630258935993e-12 5.55430146320646e-12 3.6541547565605e-12 1.20590204488735e-12 8.20210566132573e-13 1.11984865824866e-12 8.03590527453935e-13 2.35100827694623e-13 5.8608673469962e-14 4.95936625100057e-14 1.79967152291738e-14
