Scripts_&_data/Maxent_result_files_1/Bombus_mlokosievitzii_3.asc
NCOLS 594 
NROWS 330 
XLLCORNER -15 
YLLCORNER 23 
CELLSIZE 0.166666666666667 
NODATA_value -9999 
[rows 80 to 99 of 330, columns 495 to 539 of 594]
1.24514535748688e-07 2.49738055657645e-07 7.70151277862396e-08 1.08344871563304e-07 4.78174223772498e-08 3.58064694339078e-08 1.59570836988365e-08 9.04100008192188e-09 1.09297159767152e-08 1.33927363421549e-07 1.41810409104437e-06 1.4523707347891e-08 1.22482077813402e-07 3.5815132992667e-08 2.07303459287544e-08 2.16420637411119e-08 1.64835406213371e-08 4.88997743408603e-09 8.59819350162994e-09 1.40497022460551e-08 4.23151947259726e-08 9.67143042318597e-09 4.97705824109573e-08 2.89432339872775e-08 3.25004148038488e-08 7.88952702057699e-09 2.09285122121372e-08 4.1870209632755e-09 8.97475527228409e-09 1.46773276910039e-07 5.60025819051901e-09 2.82072670776401e-09 4.25816113480693e-09 3.65657358836202e-09 1.72517804486461e-08 5.50417607048104e-09 4.75205029104586e-08 1.2713340282744e-07 2.55301187968016e-09 1.1086992213194e-08 1.042488473324e-08 3.41116641600081e-09 1.64469659003075e-08 1.04271123291255e-08 2.34503572116296e-09
2.90425797189187e-07 7.03211389918579e-07 1.5352435234206e-07 2.9414175140019e-08 8.38651553536351e-08 7.0700147070113e-08 2.06292705584588e-07 7.93911681284953e-08 9.08259803367173e-08 5.42746557030682e-08 2.08413811719765e-07 9.65079109960243e-08 7.88034775212054e-08 8.38929590685211e-08 9.18957386630836e-08 1.15934225419778e-07 2.68795899316387e-08 3.0296749020664e-08 1.49496814261241e-08 1.92048520641919e-08 4.69332172237102e-08 7.54434485994437e-09 8.31103524889798e-09 3.19498271394991e-08 2.43612745975952e-08 1.64099015265151e-08 5.79320721172394e-08 8.80117331902852e-08 7.79691973207264e-07 2.15705975392666e-06 7.70680946837743e-09 2.75453896358968e-09 3.10549581605812e-09 6.17781035217035e-09 2.80196373658725e-08 3.052694141914e-08 4.92443950061983e-09 2.66583841668222e-09 1.3626463868377e-08 6.91160746413289e-08 6.86740150968035e-08 3.57188135069464e-08 1.73939412873025e-09 3.24564470854938e-09 1.88615464136177e-08
1.8846270108952e-07 2.20171889964149e-07 2.83261706002236e-07 1.16984915976559e-07 1.82678904536715e-07 1.92922286856856e-07 6.53028571662162e-08 2.84586910481721e-07 1.72585985325213e-07 2.38142370534433e-07 2.38132766128274e-07 8.76945696504094e-08 6.47469919456967e-08 2.35526174563461e-08 9.7007742105859e-08 6.3877113021249e-08 2.21492732777051e-07 6.41238599996541e-07 1.07603984034199e-07 2.28340188002107e-07 4.63725637445123e-08 1.10937584629767e-07 4.04165974998705e-07 5.06091600627201e-08 4.41305018306082e-08 9.04456969763601e-08 1.38807705063471e-07 1.71079982846933e-08 1.89228283176135e-07 4.41391020622461e-08 1.19488441807647e-08 6.92521021639081e-09 4.47990859964165e-09 4.46788076535753e-09 3.97088109949095e-08 4.67681013915922e-08 5.1678840540248e-09 5.17471480110387e-09 1.0486173707136e-08 1.13902243370489e-07 5.46601545465819e-06 1.71600572684838e-06 1.69214664946793e-08 1.21872129499323e-08 5.98976306775967e-08
5.43436146926979e-07 2.05375999584589e-07 9.4051173959997e-08 3.49736856719574e-07 2.00393370874963e-07 1.37645784192841e-07 4.79719136592394e-07 2.21488115670354e-07 1.43957193543542e-07 2.68778017442628e-07 1.36587138754862e-07 3.47644255782598e-07 4.70431461785381e-08 1.07031363150156e-07 1.52262604657949e-07 5.88706421922325e-07 5.31783645385531e-07 1.06797841681328e-07 4.80374046674115e-06 4.94039483101005e-07 2.33190523601934e-07 9.21170610013178e-07 8.76232540747424e-08 4.97308834113142e-08 1.39523431474942e-08 4.85863278498755e-08 6.44635320234954e-08 4.67343539423126e-08 1.00476569731001e-08 1.67159483144275e-08 5.76340136504427e-08 2.07877924207622e-08 1.52462433788969e-08 6.34166015700544e-08 8.98377904290371e-09 1.83262698350006e-08 4.67557501160343e-08 1.11455085161083e-08 2.23196614523857e-09 1.14953629948289e-08 1.44763378617796e-08 3.63069672992822e-08 1.89328935817912e-07 4.85922976523057e-08 1.51153882299582e-07
5.34593605721057e-06 7.20234961448796e-08 9.46170640503396e-08 4.50848048672015e-07 2.4693555396027e-07 2.65165280666224e-07 2.47099266204032e-07 1.66115469113492e-07 1.69652358650296e-07 2.48882043152321e-07 4.44669089461058e-07 2.40669410445094e-07 5.01001902364351e-07 2.51008172114098e-07 1.94087971294721e-07 2.06359132448597e-06 2.80889633472725e-06 6.66910898416972e-06 2.16411503970448e-06 7.20973682177828e-07 1.27461533772077e-07 5.0999950218511e-08 1.25861253685855e-07 8.99225351957966e-08 7.4185945067029e-07 1.36642320853753e-06 3.69671365518798e-08 2.6843759126649e-08 4.34243440317061e-08 3.18002294275033e-08 2.34090415496269e-08 1.65188626510826e-07 8.31805454737378e-08 8.8113797680478e-08 5.89683136098529e-08 1.93377446944254e-08 6.95860091326495e-08 4.02367341223453e-08 1.78827525587621e-07 2.98060585990356e-08 7.60101850350026e-09 7.37473713208203e-09 4.00120755417177e-09 9.68731728168137e-09 1.63287828591763e-08
8.8566108189525e-07 1.38410268277767e-06 1.93880514132161e-06 6.13436915841703e-07 8.44749641260023e-07 1.24948238067191e-06 4.29955174041652e-07 9.83249421437904e-07 7.09684616140294e-07 7.46100445780939e-07 1.1910882022903e-06 1.01854337799523e-06 4.63208947110161e-07 3.57372515225052e-07 9.57001671508806e-07 4.72200596846051e-07 1.33667092541145e-06 5.51236961428003e-06 1.63686468823698e-07 4.04093465533606e-07 5.05572157294409e-07 1.36271934003673e-07 9.99083616193275e-07 1.57617369495711e-05 8.0517772858002e-07 4.87712657815109e-08 7.1307309745805e-08 8.91710284278702e-08 3.68151443108644e-08 3.34932381917952e-07 2.84056599042515e-07 4.15447829027471e-07 1.77225616937449e-07 4.23605477806177e-07 2.54203921201679e-07 1.02281524618775e-06 1.72173930934605e-06 1.39701240868817e-06 3.0071546817112e-07 1.41071628334544e-07 4.95932289013012e-08 4.01454265386292e-08 8.92513105199555e-08 2.05778549116076e-06 6.35665475812175e-08
6.20572691190091e-07 1.08294715914781e-06 8.37848160983867e-07 3.09880261539774e-07 2.16627995541785e-07 2.30939962193588e-06 1.47428636978475e-06 2.92136152779676e-07 3.33556535636603e-07 1.06436804117038e-06 3.8274904952118e-07 1.07062525955826e-06 1.12187711920342e-06 4.81536460483767e-07 1.79967772169221e-06 2.84315648713118e-07 1.43146665436689e-06 2.19980785587381e-07 2.09682388785382e-07 6.7431182344535e-07 3.17941429557322e-06 1.59661630618757e-06 4.52234398835571e-06 1.00990536793688e-05 5.16781204851213e-06 7.31913178242394e-07 3.19397217936057e-06 4.14280331995087e-07 2.70815900194066e-07 6.40123054118646e-08 7.70961330331943e-08 4.48607390346467e-08 7.11104785722227e-08 6.93513965188686e-07 5.46180558558262e-07 1.5043413100102e-06 5.61413671107402e-07 6.79521909319192e-07 3.56794258777882e-06 6.35359204181896e-07 4.94025972841428e-07 1.05921070314707e-07 1.4236125096545e-07 7.78112129751207e-07 6.68496602429514e-07
6.99440772677917e-07 1.16917644703562e-06 4.26705365157432e-06 3.86542987484972e-07 3.87788428213298e-07 8.12289236762354e-07 7.52467738607265e-07 7.23848098971303e-07 7.34230664534152e-07 7.65763412857723e-07 7.50746669098135e-07 9.44595376495272e-07 8.58262495739837e-07 8.43117813076333e-07 6.75467606470193e-07 9.31412822069433e-07 8.79153313348979e-07 6.30016415215096e-07 3.15034803577419e-07 5.54541838937439e-07 3.02616157199509e-07 1.44811648006282e-07 8.6132094736513e-07 1.15049601561168e-06 2.0118243583056e-06 1.73264607781221e-06 4.95498520791671e-07 4.16748690668101e-07 3.25017613889145e-07 3.64991136336812e-07 4.52395009631346e-07 1.2644796250072e-07 7.83730985887132e-08 6.41246032273557e-07 5.85136913855422e-07 6.25255677277892e-07 3.21537264014182e-07 1.15317023841044e-07 1.65065138446607e-07 1.89536107519928e-07 4.29114736988367e-07 2.31803877426273e-07 6.95184404264637e-08 1.40613387600297e-07 6.51359629344483e-08
7.65637244057871e-06 9.84035077067347e-07 1.01885149916825e-06 5.41479920457277e-06 1.55781148805545e-05 2.36911697584219e-06 1.63387330076148e-05 4.76620567013697e-07 3.69006406231165e-07 7.43467765573769e-07 6.2814038273018e-07 6.94768695552739e-07 1.08915345720106e-06 3.38062564253505e-07 6.98418766376108e-07 8.48240435402659e-07 9.29949578676315e-07 4.75467137306396e-07 7.919718143512e-07 2.43115545472961e-07 1.89031441522047e-07 8.9828567126915e-07 2.68520568056374e-06 1.14445934116247e-06 2.65278223423593e-06 9.90773534681466e-07 3.20670331177553e-07 5.5256438855622e-07 4.17675689590169e-07 2.20417986156463e-06 2.78363789618652e-07 8.65463887578244e-07 1.83735770242777e-07 6.1992553384016e-07 1.29066818921331e-07 1.6114556924407e-07 2.45058093994999e-07 2.89334757752613e-07 4.51415544944211e-07 5.48425785495965e-07 1.92837440238236e-07 2.30373462173361e-07 3.33819294695559e-07 9.50853562997622e-08 7.73146779486922e-08
1.29279795146431e-05 2.17077343052097e-06 1.44029473858609e-06 8.7881715273852e-07 1.16658593896091e-06 8.86481164741326e-07 9.37223086339145e-07 6.36613422102528e-06 1.01542970014634e-06 2.71653226491253e-07 2.49771998639403e-07 2.90658476131966e-07 3.19109236102122e-07 2.35047812324751e-07 9.29814056860323e-07 5.2506872094682e-07 2.53269286787372e-07 3.29613280314334e-07 3.65445202987758e-07 1.82964323585111e-06 1.87692990039068e-07 2.05499353356231e-07 2.90022154203484e-07 1.87534325846173e-06 2.59416966130743e-07 2.32276968681333e-07 3.79000716748124e-06 5.64685376502894e-07 1.15816051220463e-06 1.587464058872e-07 3.70174550567981e-07 2.21975139780284e-07 5.36276137097502e-07 2.01171702229885e-07 1.92174024604697e-07 2.09732894340675e-07 3.41373768719677e-07 6.80417237930442e-07 1.20254956392785e-07 1.46408641299445e-07 9.91141503092763e-08 3.9185494387084e-07 2.96409455557978e-07 9.7713511593156e-08 8.15285993382986e-08
1.81485102075385e-05 9.12828623768291e-05 1.98174872139134e-06 1.48744951218305e-06 8.61355971437661e-07 2.00168723836214e-06 1.05959812231049e-06 1.69930074775948e-06 1.11923038588202e-06 2.22944839833872e-06 1.11445203572202e-06 2.15912616852165e-07 6.8320767638852e-07 1.99139140732996e-07 3.34110607269622e-07 1.67734758065308e-06 4.25991827768257e-07 2.82672939988515e-06 9.32017152877052e-07 1.74639858414594e-06 7.53213762436644e-06 2.15071925779853e-07 1.21374196453417e-06 2.99180949525635e-07 3.35795879635725e-07 1.98018685892976e-07 4.87674900995216e-07 9.15657622613253e-07 1.31472225746165e-06 2.00273627797287e-06 1.36458353772184e-07 3.41906320500129e-07 5.06686474182061e-06 2.28313714245587e-07 7.33635420147039e-06 1.93521465007507e-05 3.58558612560955e-06 3.67273391077561e-07 2.7692144257685e-07 6.03237195946349e-06 6.64893650537124e-07 1.54111678511981e-06 4.02129546728247e-07 5.56603852430726e-07 4.29754151554107e-07
4.33134622426223e-06 2.67341857238534e-06 2.3541956295503e-06 1.99890278906878e-06 1.14329493499099e-06 6.94026465453135e-07 3.75392576046352e-07 6.93798787665401e-07 1.03967981033293e-06 3.96096871924101e-07 1.62568264556739e-06 4.74544722237624e-06 3.58923928445165e-07 3.39890443967761e-07 1.9459935060695e-06 1.41510489868324e-06 9.1842088068006e-07 2.2213109104996e-06 1.31596195096506e-07 2.8947194579132e-07 6.72945027417882e-06 1.94647964519845e-06 1.49365757238229e-06 8.63571001445962e-06 6.98473462534821e-07 5.09494923051079e-07 7.27624460523657e-06 5.75721023778897e-06 7.82815970978845e-06 1.51906534483714e-05 5.55039232494892e-06 1.26189402180898e-06 1.6824076709554e-06 9.96487756310671e-07 1.1283820231256e-05 1.08114711338203e-05 6.54035790148555e-06 1.40391381592053e-05 1.42786329249134e-07 1.77452261027611e-06 1.12002884655737e-07 7.68163397779631e-08 1.03396815198664e-07 2.58916266915321e-07 2.11341768263651e-07
1.80609134076803e-05 1.27978704313136e-05 5.47308904970123e-06 1.24031642201317e-06 9.08351476880398e-07 8.67643056068346e-07 1.01311529761006e-06 2.59593333566954e-06 1.33630133376528e-06 1.55704198050444e-06 2.4667247942034e-06 4.45469977421453e-06 1.8072829192306e-06 4.03724553876828e-07 2.32607080263847e-07 1.78481956254473e-06 1.25759217155519e-06 3.32614790181651e-06 6.06166025818311e-07 2.34312707547701e-07 2.4634622548092e-06 8.17283187188878e-06 1.87703413701001e-06 3.48373774841093e-06 1.05494264062145e-06 8.88373585894442e-07 7.59571571506967e-06 1.68901949109568e-05 1.09755730363759e-05 1.16395781788015e-05 1.06605592236519e-05 1.04225019185833e-05 9.33468530206483e-07 1.1873247103722e-06 8.74104159720446e-06 7.49823518617632e-06 5.20653167086493e-06 2.3539031474229e-06 1.0547497566904e-06 7.37293417785168e-07 5.15390826194562e-07 6.35952567051845e-08 1.44887511908109e-06 5.29781361535697e-07 1.3531148738366e-06
2.01850661596836e-05 1.06105144368485e-05 1.94438118228391e-06 1.27692801044077e-06 1.81788002535654e-06 7.38000543876183e-07 3.83734459674656e-07 9.66113077538466e-07 1.01199551352238e-06 7.05510985454794e-07 1.64264628438104e-05 2.53253798234709e-06 5.94783254115327e-07 1.65038595127953e-06 3.50771800867733e-06 1.91984765365305e-06 2.61869755746602e-07 1.49531762190236e-06 2.74862705751389e-07 8.67314349761728e-07 7.83864543336677e-06 8.51051981953788e-06 1.18227418624883e-05 1.36014388658623e-06 1.44235768004819e-06 2.6433711923346e-06 1.49868096741557e-06 1.03509565860804e-05 1.06832116898659e-05 2.72228360699955e-05 4.2917749578919e-05 1.52831700006573e-05 2.56955265740544e-05 3.66579816954982e-06 1.72822036574871e-06 7.23131779523101e-06 1.34582869861788e-06 1.15373714777434e-06 3.29392263665795e-05 6.30563288268604e-06 2.86054240916656e-07 8.88840318680195e-08 5.98902997239747e-07 6.49675223485247e-07 5.16274245399018e-07
1.90267579910142e-05 4.65130984821371e-06 9.73403761861391e-07 1.42903855504528e-06 1.71057291993293e-06 1.13814790267952e-06 1.78983618752682e-06 1.13248333875049e-06 2.91376372274499e-06 5.45982108945964e-07 6.66772127715376e-06 5.45386567864625e-05 3.26861166968229e-06 1.46316322968687e-06 4.06763750504524e-07 3.67871767252836e-06 1.04780605738597e-06 2.82801119411147e-07 4.07952221621599e-06 1.95505184592548e-06 2.2023757946954e-05 1.7430223260817e-05 2.98413037853607e-05 1.59265545335074e-05 7.86469266245149e-07 7.6364770507098e-07 5.87826092157684e-07 6.7441088731357e-06 7.73183751334727e-06 3.28156272189517e-05 3.40008764396771e-05 6.08481302151631e-05 3.31581508362433e-05 9.35195282636414e-06 1.6929935668486e-06 8.94619546443209e-07 4.82911231358685e-07 1.08148503841221e-06 1.01550301394582e-06 1.69190254382556e-05 1.40720294666608e-05 1.07591370976934e-06 1.05310654134882e-06 7.40082696211175e-06 3.90538416468189e-06
0.000136178834873135 0.000122677350373124 1.16471616365743e-05 1.01213264969147e-06 9.63520184882327e-07 1.71978496723568e-06 1.15285646913321e-06 9.62459107256564e-07 1.00301998884333e-06 1.43191239203588e-06 1.01741483007345e-06 1.09241712351604e-06 1.55803191148607e-06 9.1729610147695e-07 5.5373849434659e-07 6.49835673982579e-07 8.04190348446809e-07 3.99914706861182e-07 1.03200050943997e-05 1.90234302124281e-06 1.52314414663124e-06 2.22557180222793e-06 3.76888810933451e-05 2.22483841298526e-05 2.98740673088105e-06 2.70676166564954e-06 1.01053929313366e-06 1.49310390327173e-06 1.24905850782397e-06 7.81822328690396e-06 8.08535112355457e-06 3.81001696041494e-05 7.03634729688929e-05 9.41490585319116e-05 1.1353578724993e-05 1.93334276232804e-07 1.78254967053704e-07 1.88599646122611e-07 6.04086781095248e-06 3.1451756228762e-06 6.83487076003075e-06 7.41001292681176e-07 2.69988183276837e-06 2.10987695226095e-07 5.10338097683416e-06
5.14850206855044e-05 1.03285060504277e-05 9.51520740954948e-06 1.05903551229858e-05 1.28621386750183e-06 7.31042867130327e-07 9.18530207627555e-07 1.24060973973883e-06 9.21086544281025e-07 1.79931333263994e-06 9.88984083960531e-07 1.69036345027962e-06 1.17619889863363e-06 2.34993892718194e-06 9.69885971358053e-07 1.05351062700265e-06 8.07459755947093e-07 7.69338046779922e-07 3.40975197232751e-07 1.39187164052146e-06 1.99620906826681e-07 6.51916897140836e-06 3.39779848218313e-05 2.98172770271776e-05 3.0057480216783e-05 8.57938912304235e-06 1.97593581674482e-06 1.79565107032431e-06 6.03104282959066e-07 9.05761476133193e-07 2.00139596927329e-05 3.21734167300747e-05 2.81560402527248e-05 5.98623491896433e-05 3.43339791015751e-05 4.25827957769798e-05 2.02748898345817e-06 5.05576250020567e-07 5.83926177455396e-07 5.65436679380582e-06 1.16936950291802e-06 2.37684677983907e-07 2.84798593384039e-06 1.1170364444979e-06 3.1367183396469e-06
9.34137122385437e-05 5.522902474695e-05 0.000297888130444335 1.24663273027181e-05 7.78655290559982e-05 2.00169153288243e-06 9.15944814039449e-07 5.99167449877314e-07 7.15716518584486e-07 5.50458117487551e-07 6.24617608480094e-07 4.99008290262282e-06 6.02118400649943e-07 4.66311492175464e-07 2.34898459794408e-07 2.23358661344264e-07 8.41331218737196e-07 5.48865244098806e-07 6.23306436864368e-07 8.36976781215526e-07 5.97487154152532e-07 2.46076562149256e-07 5.04828280156744e-07 1.24157671734793e-06 3.64148219887284e-05 7.28926956981013e-06 1.30956823795714e-05 1.01495047601929e-06 7.14900809839492e-07 1.02620646629248e-06 9.18347031984013e-06 1.09442202983701e-05 1.03788419437478e-05 9.22517911021714e-06 4.51229759164562e-05 8.83638133018394e-05 1.37390659347147e-06 1.01373027519003e-06 1.17314356096188e-07 2.49504542892964e-07 1.34323610154752e-06 1.7999707040417e-07 4.51425775338521e-07 3.45663023608722e-06 1.54720552458798e-07
0.000344830458925571 0.000192992231313838 0.000141171932773432 4.7071134304133e-05 8.56008596201718e-05 0.000100338959964574 7.36982111675388e-06 5.83994318503755e-06 5.68333100403606e-07 4.23437412422345e-07 5.85255861551559e-07 3.16830594329076e-06 7.31050118929488e-07 3.98369561338541e-07 1.16882869320989e-06 4.50511895166983e-07 1.14418633643254e-06 5.13895714249202e-07 4.83458467925857e-07 6.99457933706071e-07 7.37891403446156e-07 5.15737980322228e-07 4.01927641746624e-07 7.83551445238118e-07 2.21277880143589e-06 7.74464474488923e-06 1.6980051043447e-06 7.00480536863779e-07 1.12267822771628e-06 2.21972148892746e-06 2.15688530431635e-06 1.68942907841085e-07 1.06459739868114e-06 6.55415817618632e-06 3.43857989719254e-05 6.74458450475868e-06 1.44263460128968e-06 1.46349893839215e-06 4.43839568902149e-06 6.9005596117222e-07 2.40354441984891e-06 2.7194528797736e-07 1.01677531574751e-05 5.24744210395056e-07 6.9849941652933e-08
0.000264793927635765 0.00167063330882229 0.000966345591587014 0.000675914347812068 8.89751085196622e-05 6.67642657390388e-05 8.17456307231623e-05 5.79499460400257e-05 1.37447927954781e-06 1.51902283050731e-05 1.5104852263903e-05 1.70982806366737e-06 6.95090051294756e-07 3.20370442068452e-06 2.28874349659236e-06 2.43518231854978e-06 1.64510391869044e-06 1.63279876801425e-06 8.87133040805566e-07 3.24639271198635e-07 1.56111876776777e-06 5.15816248025658e-07 1.7756339218522e-06 8.67590035795729e-06 5.2049361158879e-07 8.72132633276124e-06 2.83303195942608e-06 1.74342326531018e-07 2.14897800532299e-07 2.4460365786183e-07 2.46318215246788e-07 1.45313878761044e-06 1.74378078554582e-06 4.85775395873134e-06 4.85789868065467e-07 2.8988202416258e-06 5.3512943907208e-07 6.3657840456699e-07 5.32499495875527e-06 8.68582415591845e-07 1.08536935385928e-06 9.73949818217079e-07 4.57994249813964e-07 3.26468833122817e-07 9.57946589608127e-08
