Scripts_&_data/Maxent_result_files_1/Bombus_persicus_2.asc
NCOLS 594 
NROWS 330 
XLLCORNER -15 
YLLCORNER 23 
CELLSIZE 0.166666666666667 
NODATA_value -9999 
[rows 240 to 259 of 330, columns 405 to 449 of 594]
-9999 -9999 -9999 -9999 -9999 -9999 -9999 -9999 9.94061857682027e-06 1.06414572485392e-05 1.10963876181813e-05 1.12214381715603e-05 1.23877347334655e-05 1.20615456182804e-05 6.71148830519996e-06 1.88762971173873e-06 1.33524961283271e-06 5.25281802197242e-06 3.6271996645354e-06 4.17481854526613e-06 1.92560762414473e-05 0.00042287428968848 0.00156940597080393 0.00911555736092851 0.097118142619729 0.052935397811234 0.0675065234303474 0.217070090770721 0.467429766058922 0.376488044857979 0.286913648247719 0.190364878624678 0.589986863732338 0.0221707155928016 9.45606519508146e-05 0.00183554160030326 0.000243721256629215 0.00195149364299141 0.00199479574803263 0.00114401807659306 0.000241653333614522 5.50659919099417e-05 9.33849197508607e-06 1.41439458275272e-05 9.73577664353797e-06
-9999 -9999 -9999 -9999 -9999 -9999 -9999 -9999 0.000127300500298588 9.12660881908778e-06 1.05939929767374e-05 1.13033641525817e-05 6.04490390969659e-06 4.96014389170796e-06 2.18557851994206e-06 1.42278902703907e-06 1.29400016586345e-06 7.36291511316267e-06 1.41662463363446e-05 9.39382196293082e-05 0.000181760290433886 0.000437240285464213 2.83796248453427e-05 2.92102131481897e-05 0.000635888848592003 0.00336305672244634 0.00401288547145668 0.016473019355908 0.0291831999551505 0.0908929973840713 0.0894861869513988 0.103624281287193 0.563860866427422 0.906916254758835 0.509795892238617 0.000358552118268562 2.7509858381336e-05 0.000104812903873608 8.01677327672223e-05 0.000127818358305376 2.86397568743268e-05 1.82945190772443e-05 6.18862045485002e-05 8.54288340406128e-06 2.53230880815636e-06
-9999 -9999 -9999 -9999 -9999 -9999 -9999 -9999 0.000327231334813405 2.71926010952939e-06 2.01988240640105e-06 2.34854275653618e-06 1.65631832169666e-06 1.80327052383689e-06 1.31787338437661e-06 4.34647480709316e-06 2.6494514762021e-05 1.79190276554664e-05 0.000398561781912576 0.00261896250303835 0.00514573133550584 0.000181570449058199 2.29900993559795e-05 3.94271861978268e-05 0.00107964422204532 0.000178774865844389 0.00271352557465434 0.023530513420701 0.0125388096086681 0.00772625099052675 0.00761308228829876 0.0135425391490571 0.0119798520696349 0.0286748313345015 0.693398559093475 0.325405669212341 0.0798426432535052 0.00602994505898096 0.00309272545855492 0.000377423507052299 1.16299553042154e-05 3.06471773455996e-05 1.63100074814793e-05 8.33267040434293e-05 1.59696075115789e-05
-9999 -9999 -9999 -9999 -9999 -9999 -9999 -9999 0.005866669974057 0.000129769837622007 6.99812088242879e-06 7.39361866912702e-06 2.68921259074517e-06 1.66489796047387e-06 8.41150328545481e-07 3.51152618058848e-06 4.12042894026854e-05 0.000342007492145058 0.000490353177883662 0.000941708841128275 0.0250579476356506 0.0475242677144706 0.00280327612708788 0.00713390369201079 5.52872169691909e-05 0.00171612797566922 0.00430796426371671 0.0313205510843545 0.000271933513249678 0.00254930566443363 0.000205883465696388 0.000281717867983389 0.00244376794726122 0.00333026144944597 0.00699736297829077 0.47199239730835 0.306113521754742 0.0158338735578582 0.00316063422069419 0.00181379292916972 4.51163906291185e-05 2.25143733132427e-05 2.06561120421611e-06 1.02712715008835e-06 1.61095078055951e-05
-9999 -9999 -9999 -9999 -9999 -9999 -9999 -9999 -9999 0.000265487354226934 0.000110430345671375 1.14409162810247e-06 9.81371785968577e-06 4.81672635260111e-05 6.56386360788019e-05 5.86649302931619e-05 0.000363957721856423 0.000490068056387827 0.00144311948097311 0.0486457107588649 0.000189960551324475 0.000705919740357785 2.73565173699808e-05 0.00140992401029507 0.000401555778080365 0.00505298464559019 0.0113715648010839 0.169406390190125 0.0320407022722065 0.066399740986526 0.33546159863472 0.00647979476489127 0.000379629687631677 0.000272966637567151 0.00159678032505326 0.00663374564610422 0.0135154515039176 0.142009625583887 0.0406214428134263 0.0115928864805028 0.000635478597905603 2.26727840811236e-05 1.62205629870016e-06 9.59992182991698e-07 4.32934786545047e-06
-9999 -9999 -9999 -9999 -9999 -9999 -9999 -9999 -9999 0.00157227006056928 4.0062923608275e-05 2.58041366436146e-05 0.000198340186761925 0.000296205520135118 0.000252391083631665 0.000282371250796132 0.000256331142736599 0.000435849257337395 0.0438852863386273 0.000372386508388445 1.18423001765677e-05 1.04701018614151e-05 7.20691073041735e-06 8.97075723969465e-05 0.000365658566443017 1.97917981040518e-05 8.49379447572574e-05 0.000204774568555877 0.000374422256572871 9.21903620110243e-05 0.00310711122874636 0.121925694122911 0.244892032071948 0.0655482778325677 0.00613830744405277 0.00542194046429358 0.00637994728749618 0.040619533509016 0.174559834599495 0.334265720844269 0.113515971601009 0.0041008544008946 0.00201260641260888 0.000318091967528744 6.30983258673723e-06
-9999 -9999 -9999 -9999 -9999 -9999 -9999 -9999 -9999 0.016502918722108 0.000366012776794378 0.00131562711321749 0.000386555921431864 0.00046216260525398 0.000303738236107165 0.000368271466868464 0.124029912240803 0.0475432383827865 0.000461405785972602 1.6492319241479e-05 1.08860577256564e-05 6.20341461825547e-06 6.0211405994437e-06 7.60816059255376e-06 9.44430680647201e-06 9.1274259830243e-05 0.000617133965715766 0.000332183357386384 0.000251713788020425 0.000561754026421113 0.00206893197610043 0.00244563138403464 0.00102149441372603 0.343585908412933 0.0526579233352095 0.0428840645123273 0.00237110902089626 0.00613379103015177 0.00105386898794677 0.0424020620062947 0.254642902314663 0.480440530180931 0.178111006319523 0.00846801373409107 0.00144249589939136
-9999 -9999 0.000179135834332556 0.000887071288889274 0.000756061318679713 0.00420796688413247 0.025516489893198 0.00194590540486388 0.00113798323145602 0.000975668730097823 0.0034812229918316 0.000292840732436161 0.0013844600354787 0.00909340421203524 0.263818211108446 0.0871776763349772 0.00704871922498569 0.000257908266394224 1.52792061726359e-05 5.6852858278944e-06 7.70530185718599e-06 5.73078976628949e-06 8.3701051096341e-06 1.88215831940397e-05 8.22559864900541e-05 0.000140370634289866 0.000338424209621735 0.000583859598555136 0.00195299407641869 0.00264603390678531 0.00161564988229657 0.00037934878928354 0.00163912107964279 0.0028796045051422 0.0503564562648535 0.0106650334666483 0.00302250530803576 0.0036947761895135 0.000576022059249226 0.000384421395574464 0.00177016000598087 0.004444787587272 0.00307252916536527 0.00685938888345845 0.00185142112022731
9.3798436500947e-05 0.000276795613171998 0.00017033783988154 7.66271194152068e-05 0.000565090065356344 7.29949785636563e-05 0.000141858987990418 0.0304787936620414 0.112544595822692 0.658929231762886 0.0694145482033491 0.399331973493099 0.30413553416729 0.278070771694183 0.014873433043249 0.000224649211668293 0.000153732428680087 3.62520463568217e-05 1.72732986925439e-05 1.73386444089374e-05 1.23731904068336e-05 8.60125502185838e-05 4.75649095733388e-05 1.42644805350756e-05 0.000114776028203778 0.00183629722741898 0.0116790421539918 0.00845670340349898 0.027145274518989 0.0187497917097062 0.00192989128845511 0.000760301624541171 0.000691407489648554 0.000645682506728917 0.00426764927688055 0.0170415987726301 0.00298500161152333 0.0458280570805073 0.0305622769054025 0.0264400384854525 0.0392805213108659 0.000331859529069334 0.00010096902043415 7.15577771529752e-05 8.67974635070823e-05
0.000357058561348822 3.31881251440791e-05 0.000113610858352331 4.35630802712694e-05 7.60408098358312e-05 0.000290073754149489 0.00319379947613925 0.134886936843395 0.462434431910515 0.0583475191146135 0.0382299893535674 0.122062857449055 0.0576986594125628 0.00158490177418571 8.73416238391655e-05 3.26074723261627e-05 0.000176721846764849 0.000266385477152653 0.000232261545534129 0.000242264192638686 4.43673954123369e-05 0.000129546204061626 7.54935524128086e-05 0.000240979641057493 2.77939395090243e-06 6.65144953927665e-05 0.000171285607029859 0.00133535858476534 0.00241718941251747 0.03061513598077 0.0347503566648811 0.0566966409794986 0.00293152809608728 0.000222897567255131 0.00098193159501534 0.00807010434800759 0.00111439417232759 0.112059473618865 0.0599624469876289 0.0123161269584671 0.10543685182929 0.129566266387701 0.00229360761222779 8.23434194074935e-06 2.53394509684313e-05
5.79959334572777e-05 3.20980481774313e-05 8.03968430773239e-05 6.12188432569383e-05 0.00556150349439122 0.00563232824206352 0.119962379336357 0.0754233583807945 0.100456964224577 0.0107576980255544 0.00147918719158042 0.00105257397954119 7.13719436134852e-05 2.58300965469971e-05 3.43376043019816e-05 5.58851899768342e-05 0.000198224357518484 0.000936684632324614 0.000121844774002966 0.00048114721867023 0.000251113667400205 5.33827270032816e-06 6.77196729554907e-06 1.66698238004415e-06 1.39065194915133e-06 1.32467299920336e-06 1.1541554030714e-06 1.02962096732995e-06 3.77178329244998e-06 1.19975149232232e-05 2.17864929709322e-05 0.000320854637902812 8.46814846227062e-05 0.0010572840765235 0.013837348530069 0.00085630860121455 0.000215160354127875 0.0217075639404356 0.0484465785324574 0.061556095816195 0.00751193441683426 0.241526915132999 0.324693640321493 0.000309067476518976 1.09896062646442e-05
0.87935231924057 0.73729952275753 0.0338132112286985 0.0194365092087537 0.0072689022636041 0.159564675763249 0.645848828554153 0.0266620942391455 0.010222446359694 1.26353950179237e-05 2.40438138916943e-05 1.49996951449793e-05 7.12563023910207e-06 9.44095850172744e-06 7.8146461646611e-06 7.92972631415978e-06 0.000167791856438271 7.30040407688648e-05 0.000561124061641749 0.000823150496580638 0.000208266836489202 2.32242057563781e-05 1.70996813153579e-06 1.46398598914743e-06 1.51026384145325e-06 1.18938781170641e-06 9.87108493433197e-07 1.07035871508288e-06 1.00507100881941e-06 1.03908811084352e-06 1.16538278760459e-06 7.94565700061867e-06 2.51857697548985e-05 6.41129920950334e-05 2.5257220659114e-05 0.000283828376268502 4.43774059931457e-05 1.31466565647997e-05 1.4283342153476e-05 0.00161342788196634 0.0606223253533244 0.149597685039043 0.00176868231355911 3.64416449372129e-05 1.78456187907017e-06
0.390095455944538 0.153492932021618 0.264482400566339 0.57316509783268 0.407528236508369 0.297779576480389 0.00536329760216177 0.000825208613241557 0.000215488020330667 0.000211351117832237 1.012500152342e-05 6.58218183957615e-06 1.18504864644819e-05 1.37382947173137e-05 9.62240399644543e-06 6.31833543138782e-06 4.80607250494813e-06 1.00804149781197e-05 4.37711168615351e-05 6.18775551629369e-05 0.000136819678937172 5.07683420892136e-05 1.78438035618456e-06 1.52335335812381e-06 1.77441640403231e-06 1.33148089886959e-06 2.48703479144297e-06 1.55378216959434e-06 1.15160217220023e-06 2.35658706060349e-06 0.000347244012664305 0.00039383627481584 4.22775897277461e-06 1.5421521470671e-05 5.28076644457087e-06 0.000423403045715531 0.000393335842818487 0.00140193017869024 1.3085687200487e-05 1.68296080857999e-05 1.50910604389765e-05 0.00206612016627332 0.000237943571801225 2.82821775016373e-05 0.00168038361734943
0.121891471371055 0.0476992415264249 0.135223685204983 0.343552155792713 0.0936195379123092 0.00273286194424145 0.000749563792487606 0.00287770298309624 0.000879389741749037 0.00081219311687164 6.54434398654757e-06 4.9777554238517e-06 4.20741936011382e-06 1.02499121737765e-05 6.7607436903927e-06 1.00622934553485e-05 8.61237919593805e-06 4.09648866934731e-05 1.31179261188663e-05 1.26017260640765e-05 8.11007309380329e-06 3.04755581197469e-06 1.32865540436455e-06 2.18171344243956e-06 5.66513071191821e-06 1.45211138615764e-06 8.95148443760263e-06 1.07078934604488e-05 0.000330101371218916 0.000237541455862811 8.01659997478055e-06 1.01150499318692e-05 5.18371504654169e-06 3.47311303094955e-06 8.54503622633729e-06 0.000691069254753529 0.000740152416619821 0.00196707448631059 7.61736374442989e-05 0.0003498885933368 0.00315278270863928 0.0664098718203604 0.0242037949617952 0.00237695354007883 0.000250593517284869
0.0332947019487619 0.203922272473574 0.0401927944272757 0.00126825053594075 2.12323718415064e-05 0.000104666693368927 1.18135462571445e-05 0.000107374753861222 0.000480021460680291 0.000326513999243616 6.50969503226406e-06 5.36037905760622e-06 6.60407766304161e-06 5.11755903005451e-06 3.16744851573958e-06 1.04365641448112e-05 0.000127999562664627 4.64208063419846e-06 3.27485065412247e-06 1.38844066839283e-06 1.26647492955101e-06 1.10934728141387e-06 9.57302224335876e-07 2.65988308001397e-06 0.000168275656506012 1.40057905355206e-05 1.83988151292169e-06 4.55144180705247e-05 3.72685383922544e-06 6.25961395144259e-06 4.71206510042066e-06 5.15321542167158e-06 5.21783597832837e-05 0.000139395385485841 0.000503364772157511 0.00581658810842782 0.0141733143245801 0.00526006902800873 0.00146719287731685 0.00089595312892925 0.00103213828406297 0.004022696003085 0.194229361414909 0.114117339253426 0.00257740015367744
0.0014956570637878 0.00200893059372902 9.22737938708451e-05 7.82321574206435e-06 2.74783242559806e-06 2.40862074036841e-06 2.98120024666559e-06 4.15126314408099e-06 2.05192574185276e-05 8.92356169515551e-05 1.3354970110413e-05 2.55679610972948e-05 0.000325556737880106 0.00022937427238503 2.30528821703047e-06 1.19404344722795e-06 1.49870332037949e-06 1.43247974193628e-06 1.10651510212278e-06 1.14798476964495e-06 1.24536677112985e-06 9.21267561793115e-07 7.23444449590716e-07 8.12804726280092e-07 1.3534262450321e-06 2.3324399444391e-05 1.00194276683396e-05 1.68806226028551e-06 1.93744532737128e-06 2.01631729055407e-06 1.72116734518113e-06 2.55688250945241e-05 0.000117956061876612 6.70234665449243e-05 0.000375129677559016 0.0233451365493238 0.00119418352260254 0.00291632443550043 0.00519366805674508 0.001091756860842 0.00953470545355231 0.00146930035552941 0.00500527264375705 0.000993561166978907 0.0240850992035121
5.07458744039013e-06 1.19547535426534e-06 1.33884327340184e-06 1.52260432955131e-06 1.59009802089827e-06 1.4814989842904e-06 1.45934601967213e-06 1.60036883443126e-06 2.21369723192311e-06 3.08700449380694e-06 3.01323287601463e-06 6.08980061826969e-06 2.76757139943129e-06 1.79091820129429e-06 1.26840932885841e-06 1.10800675194866e-06 1.079892739142e-06 1.1037068642139e-06 9.80938560246614e-07 9.66682106451344e-07 9.96284401466596e-07 9.10020520095145e-07 6.96336079464288e-07 5.80685225060051e-07 5.00043214124446e-07 1.01465764039688e-06 1.17085836066622e-06 3.34037040659041e-06 2.99026664606572e-05 2.6346654703957e-05 1.10816788208012e-06 7.34739970909004e-07 1.25529365320176e-06 1.11522600647618e-06 2.1283374877612e-06 8.32837955613286e-06 1.61012852231579e-05 9.82581562993801e-06 5.25476194525254e-05 0.00017217514478034 0.00125672811955155 0.00259037763171364 0.00284162852040026 0.000128022708827302 0.000840302463984699
1.07258165193969e-06 9.20478114707635e-07 1.2542643229807e-06 1.04020342668321e-06 1.03611257493696e-06 1.42957192750259e-06 1.80287232396381e-06 1.69572327735068e-06 1.87465020644595e-06 2.22221037589065e-06 1.38169589654069e-06 1.36937351058464e-06 1.2647515394093e-06 1.23607716702168e-06 1.15259675190771e-06 1.24569620894022e-06 1.17377789656814e-06 1.01631620879061e-06 9.4545505220367e-07 8.78843320251121e-07 1.06390158620684e-06 1.0365176358107e-06 6.90500163713637e-07 6.81164784666066e-07 4.80069500419233e-07 5.95651062518243e-07 6.75470652211629e-07 1.02573564682018e-06 5.01879411629602e-07 4.79067600167582e-07 3.7747452630299e-07 3.97155555198481e-07 4.96482054224146e-07 4.50223309123032e-07 5.53257866187096e-07 8.96400221961358e-07 8.90386542806709e-07 7.52966736428107e-07 7.76293204296508e-07 1.27791540194266e-06 1.42756604333272e-06 2.28923778493595e-06 0.000199952699267669 0.000894499677087879 0.00019653899325931
8.21513527071716e-07 7.46056825562391e-07 1.2389097925336e-06 1.28321102934592e-06 1.74137175363853e-06 2.68315523044294e-06 2.17220740452717e-06 1.91402533715745e-06 1.36484409978266e-06 1.26643413445038e-06 1.1102495104609e-06 1.22511479716536e-06 1.2145280731346e-06 1.13991289438786e-06 1.12266901233227e-06 1.00291878446512e-06 9.16068945500115e-07 8.8453751807549e-07 7.56276165958525e-07 6.76947991706811e-07 6.34883785899376e-07 6.7679277258037e-07 4.67361069134142e-07 4.68541092502051e-07 4.64716509895879e-07 4.67769186762723e-07 9.1881206927269e-07 1.0099883798631e-06 2.91494479967014e-06 3.2667049453039e-06 7.5903224470153e-07 5.73157484495823e-07 6.09638980719751e-07 4.88108500462658e-07 4.71600230511626e-07 6.1667215884853e-07 4.51753912322772e-07 6.63323857708065e-07 7.05934685640841e-07 1.02907393610963e-06 1.24867384698746e-06 1.44881748980197e-06 1.36421299004041e-06 1.07684192016677e-06 8.78346747583691e-06
1.01318623215718e-06 1.21815665181657e-06 1.16221749877354e-06 1.13056161623604e-06 1.06264842685277e-06 1.01881418181904e-06 1.00489577512519e-06 9.29761593937428e-07 1.00026200122727e-06 9.65957454113209e-07 9.782169055228e-07 1.02971407009989e-06 1.01908270764284e-06 9.29665578297545e-07 8.9836677261701e-07 8.59552342191705e-07 8.16305581707866e-07 7.5416602882683e-07 6.73281219221167e-07 6.04547622096163e-07 5.37458449301198e-07 4.56548892024955e-07 3.96763107168852e-07 3.80012452971812e-07 3.78138824252972e-07 3.39520522096848e-07 5.03031719034652e-07 6.72688102199004e-07 2.53463860389047e-06 7.32149237236968e-07 4.38945894032372e-07 4.49099810317932e-07 4.62742418605444e-07 3.08115522607011e-07 4.50912411942284e-07 7.02364059179672e-07 3.5180268014301e-07 3.82897975370611e-07 4.30881603286082e-07 4.80179474493525e-07 9.63653756969052e-07 7.35442792176855e-07 1.18180626280662e-06 1.22088378233798e-06 1.56337814232188e-06
