Scripts_&_data/Maxent_result_files_1/Bombus_argillaceus_2.asc
NCOLS 594 
NROWS 330 
XLLCORNER -15 
YLLCORNER 23 
CELLSIZE 0.166666666666667 
NODATA_value -9999 
[rows 300 to 319 of 330, columns 92 to 137 of 594]
1.07256363435226e-05 1.07478374957282e-05 1.06724791749002e-05 1.07159662206868e-05 1.13620560114214e-05 2.81433522786756e-05 4.044409679409e-05 4.27157770900521e-05 3.30623895933968e-05 3.38884759912617e-05 2.31257204177382e-05 1.19276731766149e-05 1.37419351176504e-05 2.53056845394894e-05 4.47442383574526e-05 1.74544341462024e-05 1.34997235818446e-05 3.22913747822895e-05 3.20831978569913e-05 3.02648223623692e-05 2.83006202607794e-05 2.37466452290391e-05 2.00069130869451e-05 1.95742066352977e-05 2.01989195147689e-05 2.33123296311533e-05 2.61010239228199e-05 2.90302115899976e-05 2.89467134734878e-05 2.93533999411011e-05 2.65756867975142e-05 2.64837531631201e-05 2.41507335431379e-05 2.39925739151658e-05 2.57502050317271e-05 2.3380075708701e-05 2.43894463892502e-05 2.34997057305009e-05 2.43041590238136e-05 2.42087749029452e-05 2.45020808961272e-05 2.50074254836363e-05 2.65738373400382e-05 2.61367124494427e-05 2.56168861596961e-05 2.62166753145721e-05
1.03109166389004e-05 1.00646763257828e-05 9.72404423009721e-06 1.12408345671611e-05 2.05348989993581e-05 1.82336006901096e-05 3.31056801542218e-05 4.12176851796175e-05 4.88414631035994e-05 3.10211130454263e-05 1.16880721861889e-05 1.13475868261048e-05 1.27384495726801e-05 1.3282506415635e-05 1.34397301508216e-05 1.30571392901402e-05 1.29493920098867e-05 2.38893910363913e-05 2.61075554590207e-05 2.25067120027234e-05 1.99136342644124e-05 1.8870676581173e-05 1.90039088010963e-05 1.95988844325257e-05 2.08419609180055e-05 2.18388350276655e-05 2.45714526499796e-05 2.66557966369874e-05 2.89110326775699e-05 2.77172845926543e-05 2.46646597588551e-05 2.55058980201284e-05 2.35277672345546e-05 2.56082819760195e-05 2.61868352481542e-05 2.42463630456768e-05 2.40199281961395e-05 2.26787219162361e-05 2.35364231230051e-05 2.39038822655857e-05 2.48646495037974e-05 2.65714211309387e-05 2.64262445853092e-05 2.47181740178348e-05 2.4631343285364e-05 2.44522706452699e-05
9.76996939243691e-06 9.77907716332993e-06 9.89132649920066e-06 1.03762856042522e-05 1.16221978942121e-05 2.06766482506282e-05 2.12594600043303e-05 2.40621942111829e-05 3.42746207024902e-05 1.47515062963066e-05 1.10020099668873e-05 1.14169351491e-05 1.18808446018193e-05 1.31339640006445e-05 1.38267927923152e-05 1.27282822177222e-05 1.23858179904346e-05 1.35182682470258e-05 1.41492811508215e-05 1.49947688669272e-05 1.64825744604968e-05 1.74516474089614e-05 1.84771968633868e-05 1.9803112286354e-05 2.05998370120142e-05 2.10323759802122e-05 2.16825807228815e-05 2.34488093610707e-05 2.6244385571772e-05 2.72752637101803e-05 2.73518887297541e-05 2.67961094778002e-05 2.58788491919404e-05 2.46876202254498e-05 2.43195494476822e-05 2.44740574089519e-05 2.40453658534534e-05 2.27359999826149e-05 2.31981262459158e-05 2.29727450005157e-05 2.37542406011926e-05 2.35596859056386e-05 2.36522168961528e-05 2.38029258980532e-05 2.36708524880669e-05 2.34484197790152e-05
9.18173849413506e-06 9.15076130922898e-06 9.5228392297031e-06 1.03873749708328e-05 1.05427664834679e-05 1.23029629207849e-05 1.28160448639392e-05 1.30043177023254e-05 1.22615916552604e-05 1.11806090103528e-05 1.02909425095277e-05 1.12407986648577e-05 1.04186988323818e-05 1.21828464443752e-05 1.25289239690574e-05 1.11310057263836e-05 1.20987412060458e-05 1.32312949631341e-05 1.27225241499218e-05 1.31231605564608e-05 1.5498854895668e-05 1.65238822091851e-05 1.7654631028563e-05 1.88510675343423e-05 2.04494979925585e-05 2.16589343381202e-05 2.25587127033577e-05 2.24129016714869e-05 2.32961218443961e-05 2.74280280336825e-05 2.77550397186133e-05 2.82599437468889e-05 2.50940610385442e-05 2.38618672483426e-05 2.54154260801442e-05 2.39967200741376e-05 2.26893938361172e-05 2.23445476194684e-05 2.37372080391651e-05 2.14933564393505e-05 2.17909288494411e-05 2.22809866272655e-05 2.27443317953657e-05 2.30122613629646e-05 2.27556460913547e-05 2.2675771788272e-05
8.96291858225595e-06 9.25307713259826e-06 9.76138131818516e-06 9.96510390223193e-06 9.70992331303933e-06 1.01625698221142e-05 1.09495942638205e-05 1.11339878458239e-05 1.07485242892835e-05 9.78209415052333e-06 9.35507777057865e-06 9.81324166104969e-06 1.94756896007675e-05 1.91847817859525e-05 1.02796159012541e-05 1.11489152800459e-05 1.23659651762864e-05 1.29840253180191e-05 1.28857744471134e-05 1.0703256987199e-05 1.29923856093228e-05 1.55957014385422e-05 1.68150803347089e-05 1.90379307468902e-05 2.09287399911773e-05 2.26793994443142e-05 2.35712557696388e-05 2.37117312735791e-05 2.33094953500768e-05 2.25688238060684e-05 2.27652581997972e-05 2.23250116732743e-05 2.20897087956473e-05 2.30118774425137e-05 2.38525191434746e-05 2.19493880877053e-05 2.2954831001698e-05 2.33270179478495e-05 2.28308806754285e-05 2.05162330985331e-05 1.97066642158461e-05 2.12299027680274e-05 2.2079784480411e-05 2.24054667114615e-05 2.22953896354738e-05 2.16579069956424e-05
8.61910231151342e-06 8.6637114691257e-06 8.74870509051107e-06 8.98340499588812e-06 9.19693401328914e-06 1.00129274983374e-05 1.05194536786257e-05 1.03119281220643e-05 9.67304789583068e-06 9.3530475623993e-06 8.98825583135476e-06 9.20012382721325e-06 9.39314868446672e-06 9.91708465107877e-06 1.00500462281161e-05 1.10663107761866e-05 1.16110302087691e-05 1.08321711536519e-05 1.06160079553774e-05 1.10416960410475e-05 1.24521556358559e-05 1.51022292357084e-05 1.65436214956571e-05 1.82543783921574e-05 1.99767361891645e-05 2.13540452250527e-05 2.31167872016158e-05 2.41293265844433e-05 2.3015364058665e-05 2.22245158511214e-05 2.24261694938832e-05 2.22059691623144e-05 2.16041755720653e-05 2.38872120462474e-05 2.12250120966928e-05 1.9752850516852e-05 2.31182996913049e-05 2.39116875036416e-05 2.14243757682198e-05 2.39406715309087e-05 1.86995109515919e-05 1.99352524987262e-05 2.08517308692535e-05 2.14860466712707e-05 2.14518787970519e-05 2.09896332080461e-05
8.36033088376098e-06 8.6146811497656e-06 8.98402116717989e-06 8.48048081820707e-06 1.88863553717056e-05 9.86074286402072e-06 9.79013851747368e-06 9.46618461057369e-06 9.2697164063793e-06 8.06183115855674e-06 9.3807532948631e-06 9.78891513341296e-06 9.03832486756073e-06 9.14467884740588e-06 9.76064068254345e-06 9.68339232940707e-06 9.55419425281434e-06 9.75703226231417e-06 1.02047081554701e-05 1.09078775722082e-05 1.27595632648081e-05 1.37551968805383e-05 1.62698988560805e-05 1.79293327391861e-05 1.99733146473591e-05 2.01568909233174e-05 2.15495631891827e-05 2.07367283564963e-05 2.20223934320529e-05 2.20590983417424e-05 5.06926950038178e-05 2.1888329729336e-05 2.2113773889032e-05 2.61185136878339e-05 1.85692151262629e-05 1.95699609321309e-05 2.17649046135193e-05 2.2490604237646e-05 2.24906590801766e-05 2.36531072232538e-05 2.29484573765149e-05 1.88365491794684e-05 1.98628060843475e-05 1.98370013777094e-05 2.03009195956838e-05 2.05054547450345e-05
7.52966320760606e-06 7.48436674484765e-06 8.33242661997247e-06 8.50638809311022e-06 8.62682676370241e-06 8.68889947582829e-06 9.20516569067331e-06 9.49617185597162e-06 8.88414681980976e-06 7.2406915251122e-06 7.52721278445279e-06 7.84226594419124e-06 7.86516329753795e-06 8.45152479200806e-06 8.33146564218623e-06 8.50319511300768e-06 8.53081269838185e-06 9.63129890578784e-06 9.55843464680584e-06 1.03506738582837e-05 1.20035206123248e-05 1.20478226563137e-05 1.34582450755261e-05 1.54475577119229e-05 1.61116882509305e-05 1.66852081065372e-05 1.89273349405994e-05 2.15134706650133e-05 4.96319036756177e-05 2.40776320879377e-05 4.86811843074975e-05 2.44205289845922e-05 3.27620133703022e-05 3.69129150385561e-05 2.47327667011632e-05 1.88139956435407e-05 2.02560983325384e-05 2.20412043518081e-05 2.34662643833872e-05 2.24219935262227e-05 2.2251412838159e-05 2.44837449827173e-05 1.85800040981121e-05 1.91226735751115e-05 2.05791931193744e-05 2.08257059966854e-05
6.56863959420662e-06 6.83392905784785e-06 7.90440115565616e-06 7.32021428007101e-06 6.97127913440454e-06 6.99659985343715e-06 6.75897812811854e-06 7.12208703816941e-06 6.87729932451475e-06 7.04825721413727e-06 6.91576981921571e-06 7.27799423998476e-06 7.43442896578017e-06 7.63915805350734e-06 7.98976300870891e-06 8.1184705720716e-06 8.67998846274531e-06 9.68561631680131e-06 9.26525053728255e-06 1.01406663588932e-05 1.09734300622222e-05 1.08680904418179e-05 1.16347292646424e-05 1.27610307004034e-05 1.40716795158369e-05 1.43381205361948e-05 2.10337439739305e-05 4.23917505941063e-05 4.2555257323329e-05 2.2967061545387e-05 2.77476460269099e-05 3.60865491074946e-05 4.79658007861872e-05 4.24826789640065e-05 2.63961687778647e-05 2.20136570760587e-05 1.88901143928888e-05 2.00925047238343e-05 2.30750946457192e-05 2.15867315318974e-05 2.17312778431733e-05 3.50160699781554e-05 1.92479170664228e-05 1.9627545611911e-05 1.76723682898228e-05 1.83431741106688e-05
7.17786905966022e-06 6.57756298210188e-06 7.1892511130045e-06 6.88172421519084e-06 6.03543860222544e-06 6.1441418921504e-06 6.09382389029633e-06 6.17179897517417e-06 6.48776332354828e-06 6.76207649235039e-06 7.23955334365201e-06 7.11998440579009e-06 7.49689965573452e-06 7.76989692781172e-06 7.76489781628698e-06 8.34119345540785e-06 8.86745751813578e-06 8.97870008316204e-06 9.03574497783666e-06 1.33690565121469e-05 1.08148666299712e-05 1.07350396888251e-05 1.12224018153029e-05 1.26880335642454e-05 1.3116599973273e-05 1.41514297524736e-05 1.96518451957672e-05 2.40496922515376e-05 2.52027416081546e-05 2.30211742064057e-05 4.84730281641532e-05 4.79299517792242e-05 5.1792496105918e-05 3.85630426535499e-05 2.94457882773713e-05 2.21401092858287e-05 2.38532266848779e-05 1.73662341467207e-05 1.92917925232905e-05 2.04114069219941e-05 2.70150661890511e-05 5.49057949683629e-05 2.68023149828878e-05 3.36634408085956e-05 2.28366837518479e-05 3.43335660090815e-05
8.79113263181353e-06 7.64577607696992e-06 6.76272352393426e-06 6.9751721753164e-06 6.73747063615338e-06 6.42748415771166e-06 6.21623021004325e-06 6.30496227813637e-06 6.18197237542972e-06 6.6868282260657e-06 7.72816579797109e-06 7.68719490338299e-06 7.6190374898033e-06 8.28353749966482e-06 8.11542771543827e-06 8.94522583507751e-06 9.55297182372306e-06 9.46964609056522e-06 9.54977780907029e-06 1.35053435315058e-05 1.28445569657742e-05 1.12192994834004e-05 1.17953771564316e-05 1.24169755849834e-05 1.35542789962528e-05 4.61202471797151e-05 6.4649125579308e-05 2.63935390194092e-05 2.29467270401074e-05 2.27986753998266e-05 9.49134659094852e-05 4.18815805460326e-05 5.42592192687152e-05 6.61149868392386e-05 5.0649707827688e-05 9.71585473962477e-05 3.10026139231923e-05 2.62589464455232e-05 2.08034011393465e-05 2.06798423278087e-05 5.63338944630232e-05 6.85883239384566e-05 4.09381176268653e-05 4.90241338411579e-05 5.49022890481865e-05 5.87798327615019e-05
9.50902728504843e-06 8.25211355959254e-06 7.90986130709825e-06 7.28915459831114e-06 7.08375028466435e-06 6.66139041527458e-06 6.51679539487304e-06 6.70959838657836e-06 6.68456351604618e-06 7.41847111953575e-06 8.7783548394782e-06 8.66915942197011e-06 8.45727491309844e-06 8.60586520730067e-06 8.78006578659552e-06 9.92021758179362e-06 1.05211047184639e-05 1.00195295260619e-05 1.01628501852247e-05 1.54677562363759e-05 1.606843876516e-05 1.1553211595583e-05 1.17751355105611e-05 1.48237146504471e-05 2.00386073856862e-05 2.96002014692931e-05 5.65775112590927e-05 5.99530203544418e-05 2.37191232145051e-05 2.36093154171613e-05 2.93144087663677e-05 3.3911497621375e-05 3.90146565678151e-05 4.47467105004762e-05 4.93405833367433e-05 5.69474739677389e-05 6.02610732130415e-05 5.73722027183976e-05 5.51405870282906e-05 5.74341805076983e-05 8.37974528621999e-05 0.00014331005349959 0.000153834460797952 8.10521636594785e-05 0.000127620816056151 0.00010705303739087
9.6187587246277e-06 9.24074487329563e-06 8.67322189037623e-06 7.7164801609797e-06 7.20220019161388e-06 6.69660566359198e-06 6.83366415614728e-06 6.90369643621125e-06 7.14142911988347e-06 8.2038384448424e-06 9.24186184647624e-06 9.0807963943007e-06 9.8582844145767e-06 9.47453428921108e-06 9.26320655025847e-06 9.93164431974947e-06 1.07542054820442e-05 1.05881709828282e-05 1.15911932994095e-05 1.56811275132895e-05 2.33470782632139e-05 1.45702560075733e-05 1.45805003171517e-05 2.20917052274672e-05 2.48460795091887e-05 0.000124132928613108 0.000101672693926957 2.9958260802232e-05 2.44198278551266e-05 2.61013772387741e-05 3.27172714605695e-05 3.89689676012495e-05 3.76616172616195e-05 3.74985952930729e-05 3.69132822470419e-05 4.84688627693686e-05 0.000140156803172431 5.34530634467956e-05 5.04934413584124e-05 4.98434635119338e-05 0.000122181137703592 7.63046144129476e-05 7.21034206435434e-05 0.000164591844077222 0.000258457587187877 0.000134136520682659
9.74438002572242e-06 9.02501769246555e-06 8.0942767453962e-06 7.93342105680495e-06 7.47175613469153e-06 6.8159074714913e-06 6.9940475441399e-06 7.41327188507057e-06 7.93475853129166e-06 8.70941379957912e-06 9.45251387065582e-06 9.63598411090061e-06 1.01664523356249e-05 1.07108232214159e-05 1.01393612055745e-05 1.02138673184982e-05 1.06098622723039e-05 1.30048632740909e-05 1.43121551559489e-05 1.59342532811024e-05 2.20137437281664e-05 1.86407319688442e-05 1.87137846069163e-05 3.97929940390895e-05 0.000165697743614146 0.000144378501136089 0.000201409080182202 5.79423167437199e-05 2.37244971913242e-05 5.40170150998165e-05 3.07751707623538e-05 3.81101238417614e-05 4.09960571232659e-05 6.32288572887774e-05 4.37499004874553e-05 4.34410744674096e-05 0.000114800109440694 0.000160256241360912 6.90560791554162e-05 6.26617980742594e-05 5.41538945981301e-05 6.16064107816783e-05 6.79437131111626e-05 9.18553223527852e-05 8.70038480570656e-05 0.000141960950895736
9.61061040811728e-06 9.51797334778348e-06 8.47081597044053e-06 7.45338568890475e-06 7.20669519864714e-06 6.89887836529124e-06 7.22152449839086e-06 7.20581892892369e-06 7.71083944073325e-06 8.46352059511446e-06 8.99369651961024e-06 9.86791470154458e-06 1.04451291008445e-05 1.06919812537853e-05 1.07080716702512e-05 1.12276560571445e-05 1.17904980356798e-05 1.43134120548893e-05 1.50627496736888e-05 1.49871250869182e-05 2.05386467769131e-05 2.61646777744318e-05 2.90333734028536e-05 3.38231778641784e-05 0.000159846680617193 0.000135182234225795 9.9994070478715e-05 3.35454079504416e-05 2.91499149625452e-05 2.53129145221465e-05 3.4965760914929e-05 4.28688862484705e-05 5.60828736524854e-05 4.97270946652861e-05 0.000102461755705008 4.45163260337722e-05 4.9314809984935e-05 6.37286908386159e-05 7.62460438636481e-05 0.000120286759920418 8.28961563456687e-05 8.18553453427739e-05 0.000104295494929829 0.000104288656802964 0.000100825525623804 0.000146097964898217
9.82412941539224e-06 1.01653463843832e-05 8.98295182878428e-06 9.32562416551264e-06 9.1156556209171e-06 7.68860717244024e-06 7.97939960648364e-06 7.63204661780037e-06 7.81792703037354e-06 8.38778274214746e-06 9.08414448304029e-06 1.00266894037304e-05 1.00701643248158e-05 1.0995999195984e-05 1.11316815946338e-05 1.16188825700192e-05 1.26002480101306e-05 1.68172221719942e-05 1.67086401233973e-05 1.67902314274215e-05 2.21865402636467e-05 2.93563570721744e-05 6.41644542156428e-05 0.000114950683746429 5.82689862312691e-05 5.95921652347897e-05 3.82772350803862e-05 3.48132619819808e-05 3.70025267784513e-05 3.96701226691221e-05 4.0600922966405e-05 3.89438553611399e-05 0.000112924810491677 4.87168859763187e-05 0.000100345148894121 4.59167157714546e-05 5.23278946275241e-05 6.02272889409505e-05 7.9206674672605e-05 9.19951204195968e-05 8.88896951437346e-05 0.000122364296839805 0.000134821271785768 0.000115255059790798 0.000104091568209697 0.000205199985794025
1.02233526092732e-05 9.99574799038783e-06 9.87782134416193e-06 1.0540491325628e-05 1.00716521785671e-05 8.62545576865159e-06 8.19368473230497e-06 8.42545566115405e-06 8.463206364695e-06 8.29777653166275e-06 8.99503154982995e-06 9.5139026882407e-06 9.87871068218737e-06 1.10008456260857e-05 1.13134838898077e-05 1.29537391217127e-05 1.35504344484616e-05 1.49453172753056e-05 3.50171826767109e-05 1.7766586347534e-05 2.34990093076704e-05 3.22861696531618e-05 3.74828078747669e-05 5.16261007760477e-05 4.87157262796245e-05 3.47233121374302e-05 3.554148929652e-05 3.96908329094003e-05 4.56211733762757e-05 4.71732894766319e-05 4.90978772177186e-05 3.64127347438625e-05 5.41109434379905e-05 7.54552238504402e-05 7.31018853912246e-05 4.64216977889009e-05 5.46528252016287e-05 6.86444031089195e-05 7.55833832954522e-05 9.07556937818299e-05 8.71037798788166e-05 8.89057600943488e-05 0.000106623096326075 8.92366007974488e-05 0.000252118873322615 0.000380369390768465
1.05275966461704e-05 1.02288553307517e-05 1.0174965598253e-05 9.863913294339e-06 9.44225966463819e-06 8.67452269517344e-06 9.04448821188453e-06 9.79913083369865e-06 9.41511324299427e-06 8.77973033084345e-06 8.93864761337682e-06 9.5315594251133e-06 9.98624011572247e-06 1.16373412765824e-05 1.21693468031481e-05 2.82865909412067e-05 1.52399835428696e-05 1.57620918002976e-05 1.78317801669436e-05 1.99237602600988e-05 2.23181900082636e-05 6.1340230240603e-05 3.08311715798482e-05 3.67122310308332e-05 3.45593315159931e-05 4.1672978841234e-05 4.3141023706994e-05 4.64653465314768e-05 4.84807746033766e-05 5.51352949514694e-05 9.9177112315374e-05 5.71006718018907e-05 9.26479138797731e-05 6.90722132276278e-05 0.000106656118077808 7.74620476477139e-05 6.05072984399158e-05 6.48741250188323e-05 7.07572769897524e-05 7.52663558159838e-05 7.68198047808255e-05 9.853101491899e-05 0.000111271246896649 9.76022962277057e-05 0.000340870696527418 0.00032203170194407
1.08326168515305e-05 1.05940205685329e-05 1.0513590791561e-05 9.88801862149557e-06 1.03159185698587e-05 1.00415684585187e-05 1.01857898414437e-05 1.18931110250742e-05 1.30700464296751e-05 1.10073158680279e-05 9.31923507323518e-06 9.91349922969675e-06 1.04280647917676e-05 1.31431922227421e-05 1.91362691452923e-05 3.01612886914882e-05 3.48602005033172e-05 1.74540256580258e-05 1.95138313756615e-05 2.191432224663e-05 2.36003377722227e-05 6.07185207627481e-05 3.64068516773841e-05 3.74323660707887e-05 4.16900033997081e-05 4.94302113111189e-05 4.72455195449584e-05 4.84210702779819e-05 4.58270170383912e-05 4.96245263093442e-05 8.83614407939603e-05 5.28044017300999e-05 4.81638679048046e-05 5.80688135414675e-05 6.23253082267183e-05 5.82333508646116e-05 5.97203341385466e-05 6.11637048677949e-05 6.83932554238709e-05 7.21720350156829e-05 7.88711326094926e-05 0.000102445264928974 9.67962165304925e-05 9.45933521506959e-05 0.000182633398799226 0.000185870664063259
1.08611474615827e-05 1.0978463774336e-05 1.10781241460245e-05 1.07917269588143e-05 1.08913318001669e-05 1.12395159362677e-05 1.17616482839367e-05 1.18897477250357e-05 1.33200850655157e-05 1.32370230858214e-05 1.15885738296129e-05 1.13858356826313e-05 1.1715513778654e-05 1.46177070405429e-05 2.667298022061e-05 2.29878909976833e-05 3.96872510918911e-05 1.86765376156472e-05 2.06840754117366e-05 2.23616649009273e-05 3.37658367698168e-05 3.13198012463545e-05 3.58605519977573e-05 3.48304797626042e-05 5.06769498315407e-05 5.0502480371506e-05 4.52122005754063e-05 5.16832534231071e-05 5.95178568801202e-05 6.62225237647363e-05 0.000114796914931503 0.000147886284685228 0.000106809032877209 5.78965220483951e-05 8.62491773659713e-05 6.59229842312925e-05 6.4508999184909e-05 6.22319540525495e-05 6.75748073263094e-05 7.08553595359263e-05 7.64022961448063e-05 8.78781325809541e-05 7.72001791119692e-05 7.79821097239619e-05 7.30630126781762e-05 7.64868977057631e-05
