Scripts_&_data/Maxent_result_files_1/Bombus_consobrinus_3.asc
NCOLS 594 
NROWS 330 
XLLCORNER -15 
YLLCORNER 23 
CELLSIZE 0.166666666666667 
NODATA_value -9999 
[rows 160 to 179 of 330, columns 220 to 263 of 594]
3.63547995640978e-07 1.20047792817601e-06 5.96105267569591e-07 1.34876582250643e-06 5.83285744926165e-08 5.25774412896141e-10 4.01441424213722e-08 9.29887933542872e-08 1.42395108573279e-06 2.66221361004959e-06 1.23539946297324e-06 5.99538172707525e-07 5.39624745251599e-06 6.85046586096361e-06 1.96108292057628e-06 1.43641582550758e-05 1.88529223972056e-05 3.46278747355155e-06 1.79092017339455e-06 2.73427547428096e-05 2.83021173583142e-05 6.80462959216088e-06 1.51649622415206e-06 2.13532148031215e-06 5.85809571824747e-06 7.10332549996862e-06 4.99675607207317e-06 3.33262101700482e-06 8.8509743770615e-06 4.25641207103533e-06 2.25187430469287e-05 6.75763171729127e-06 1.46477597212313e-05 8.25282522801452e-05 1.51887379910898e-05 3.67086329077892e-05 2.71176703268594e-05 1.76138345619137e-05 2.27166742492457e-05 1.0840278338331e-05 0.000229502254842373 0.0004419793280249 9.63980958262223e-05 6.79566971351075e-05
3.89022993563248e-07 1.65888966485728e-07 4.25203269449614e-07 9.06107956000213e-07 2.92677638058514e-07 1.594535442484e-06 2.46341764729152e-06 8.15543282983722e-07 5.65293745258266e-07 1.17386454054902e-06 6.43885301521152e-08 4.66142137678371e-07 6.13309920499683e-06 3.29917799158586e-05 7.75700314429306e-06 1.84289707948371e-05 6.84799872621156e-06 1.76608653532639e-06 9.0635383059201e-06 4.01308710494819e-06 3.3833009171591e-06 3.33671881332931e-06 1.5319820010351e-06 4.65549277247623e-06 1.01087296326963e-06 1.26948843819363e-06 2.47084105465811e-06 3.89067427968293e-06 4.61497206121209e-06 1.8613688032687e-06 1.61729669494126e-05 5.83354080531118e-06 2.92784882396369e-06 4.25457270040397e-05 1.40672844718193e-05 3.06750811171597e-05 3.83259863564689e-05 0.000165900635977323 0.000160624076954718 0.000119429370156299 6.45823388794042e-05 0.000252887773058319 3.54347098795005e-05 8.48325160538899e-05
1.37728691982364e-06 1.06250432243549e-06 2.27848410094822e-07 3.00776782480305e-08 4.26014479237846e-07 7.82202830607037e-07 1.00589325795486e-06 8.34204895087121e-06 1.71295162876284e-06 1.550775821757e-06 1.23884435546673e-05 1.04226671876595e-05 8.5751663216227e-06 1.0508926556918e-05 4.35389748214554e-06 1.97821921543717e-07 1.99418377203608e-06 1.24496096924553e-05 9.65302944285762e-06 1.73721182787911e-06 1.95935236292355e-06 2.86223105083749e-07 5.89021411889767e-07 8.88847360547285e-07 3.76329967355371e-07 2.05127223673607e-07 1.55333270865921e-06 7.10476814556049e-06 1.17043751853174e-05 5.05174014061582e-06 1.42416419794178e-05 2.68511481519185e-05 2.13158358127741e-06 3.51496337682722e-06 6.03247482110492e-06 7.83769639639331e-05 0.000220397822948826 0.000110621893872942 9.33835058731347e-05 2.77076331463566e-05 0.000110756271499568 5.31214414978276e-07 1.15707656400565e-05 6.34942684176409e-05
1.03526731631831e-08 9.85688264620865e-07 8.49407749992093e-07 4.40725384706075e-06 1.43205374379951e-06 1.14330520344375e-05 2.84096011905488e-06 1.27821331161737e-06 4.98019523428317e-06 1.07251700698363e-07 3.47482961692069e-05 4.01005825602208e-05 3.10764859102308e-05 6.68138203618884e-07 1.95193212570999e-07 3.56304943293084e-06 1.83413409912125e-06 2.0443546101212e-05 1.54581894964978e-05 1.26745508278736e-06 1.35704688403404e-05 2.17139947134015e-09 2.06592644103054e-09 1.26865525833519e-06 4.61757501868387e-07 8.27493165467264e-07 7.02374703964725e-07 1.13188436889899e-06 4.69931529146761e-06 6.35810324042252e-06 6.89752980451708e-06 1.10945454459888e-05 2.05110741687275e-05 1.30492129750581e-05 3.8015112178269e-06 2.49088486327764e-05 0.000156350114693282 9.72617113955354e-05 0.000191337301544436 7.34954213778893e-05 4.93911655943591e-05 1.38013798583136e-05 1.16362592307739e-05 3.5073449577383e-05
1.08692292055679e-08 7.97472340596794e-07 1.28823386501553e-06 1.67681457036162e-06 1.50168689277974e-06 2.61088157770262e-06 4.98028896303015e-06 1.08154735305566e-05 3.22876239355119e-05 0.000111135358705616 1.72763020608202e-05 1.45896209934215e-05 3.5010078161879e-05 6.10675229186897e-05 2.28055745356892e-05 7.16150734945131e-06 4.27066817529909e-06 1.35812913637623e-05 2.07658936358657e-06 6.11061547868275e-06 1.82528205943111e-05 1.01028346839005e-05 3.04220695478419e-06 4.13897563222854e-08 4.12697649732063e-07 7.85660620949979e-07 5.21279227405635e-06 4.73595496153223e-10 8.29151667099959e-06 2.19018933537152e-06 1.5457536119301e-05 2.19857384939015e-05 8.73660760893902e-06 1.95104980818983e-05 2.10509076513987e-05 2.37057592153977e-06 0.000159055751911374 6.89233790760246e-05 5.84679452030223e-05 4.52313076119926e-05 2.87190104399926e-05 2.24613581269351e-05 2.1939741158139e-05 3.6093906150847e-05
3.02136238594652e-06 6.68835007633373e-07 1.37239371693632e-06 2.73712634046852e-06 1.11826497737333e-06 4.13266073989726e-06 4.81713584220556e-06 1.39373727278347e-05 5.642280909679e-06 5.87544040464572e-05 5.6037135415643e-05 4.99213852918179e-05 1.75781405492681e-05 1.34063625773062e-05 3.41649911595909e-05 2.6663443605246e-07 1.11321755055127e-05 3.89721160692469e-05 1.38463633118091e-06 4.44075907459762e-06 5.98644313418717e-06 2.11905523548328e-06 1.10822015378931e-06 1.0345423260838e-06 4.772014616794e-08 3.55737747150808e-06 4.02328908657434e-06 3.00597399229829e-06 1.13472144407378e-06 8.47051124541753e-07 5.83711868784587e-07 6.93230440869108e-06 2.30425488453201e-05 1.26503799074196e-05 1.48054916894624e-05 4.5432003239454e-05 4.0574966495277e-05 2.68274941901514e-05 5.69650047975934e-05 3.67280800004366e-05 3.12344853527047e-05 3.74188298605915e-05 1.42702631961145e-05 8.72450968649741e-06
3.82912358376508e-07 6.61862839897998e-06 8.80269409404555e-06 1.26806638098831e-06 8.94083850921934e-07 5.60238090582255e-06 1.05042815525813e-06 3.2143217363334e-06 6.37187461276501e-06 5.02906193828756e-05 9.33769563079556e-06 1.89324285607362e-05 3.85103805981002e-05 2.30846566869447e-05 1.51072302277622e-05 4.74653845184303e-05 1.68642569281507e-06 5.47378564216272e-06 1.32189245704906e-05 8.4792794865729e-06 4.9870377750949e-06 3.34367293166604e-06 2.91110601869926e-06 1.26223629538513e-06 6.2328355272534e-07 7.41332213705093e-07 5.56912495841555e-07 8.94022973874087e-07 1.36401605380643e-06 1.28476654722709e-06 6.02724808695942e-07 6.43019609606332e-06 7.99737834086267e-06 4.64835381831508e-06 5.02437683124191e-06 1.16894746298168e-05 2.74366707364138e-05 4.69280775127201e-06 1.25711865823552e-05 2.88491126612778e-05 5.52924675422117e-06 4.64222188796271e-05 1.44563298287714e-07 3.5483036833095e-06
1.37214856689161e-06 1.8025763437457e-08 2.14006641297004e-09 7.58019300772794e-08 2.1498079781912e-07 3.04249140425927e-07 2.73324910315953e-07 1.41762633002473e-06 2.58812076618931e-06 6.77935354119752e-06 1.6252229619218e-05 1.36810681712674e-05 4.08353448590693e-05 1.01549504165632e-06 2.37807845586802e-05 1.87525975989145e-05 3.17237813035609e-06 4.43558336200578e-06 1.03221495034722e-05 3.67291349833154e-06 1.93675192179388e-06 2.20569855092778e-06 2.90481696501477e-05 3.92033098819411e-06 2.03706798096448e-09 4.04557440325526e-07 7.06572848985232e-07 6.6915976745241e-07 7.42067916660316e-06 7.06527007132696e-06 2.23466510396175e-07 2.26887276756349e-06 2.53274954908789e-05 1.16197102764004e-05 1.49227071399749e-05 1.42625267762653e-05 1.23951499921615e-05 5.92669313732808e-05 1.36832859573e-05 1.82886129195925e-05 1.29326995313095e-05 1.7090311160961e-05 4.01836198264949e-06 2.26161563302241e-05
1.34040575473504e-06 1.39000673773371e-06 3.51932300722835e-06 4.59589789978399e-06 2.09805049521394e-06 6.74923678856132e-07 1.17742789762509e-07 1.19410910970341e-07 1.08200657691349e-06 3.63612868889973e-06 1.5901093380899e-07 6.58356355441869e-06 2.91888502134685e-05 3.42503755171863e-06 1.55351124186964e-09 1.89712297823053e-05 1.58553727921729e-05 3.14207051287374e-06 1.00062728751737e-05 9.25680263635931e-06 8.47836641881816e-06 1.60365377394944e-05 2.15862251867982e-05 6.94026816184801e-06 4.70807134672624e-06 3.73995728493171e-06 3.07311853995351e-06 5.1753336533622e-06 5.68090764283546e-06 9.50539033935938e-06 8.09853933051441e-06 3.41334339480914e-06 3.45133273439435e-06 3.70575397142803e-06 1.00823403146211e-05 5.14861561338176e-06 2.82163493215748e-05 4.20661453943705e-05 6.11291063855601e-06 2.18769071664848e-06 5.58064199308594e-06 1.59008402000893e-09 4.1059754338546e-06 4.99113433428677e-06
5.61286649114479e-07 2.63251375819396e-06 4.39480543095172e-06 2.12097275522627e-06 9.57777870758125e-07 2.05803025128404e-06 4.98974695184451e-07 2.57839672979099e-07 9.37749937834909e-07 2.19593690573561e-06 1.00838064752695e-06 2.06024209170597e-07 2.49146960191182e-05 7.20901957462772e-08 4.48904197147826e-09 6.99474981331605e-06 3.08373750512736e-06 3.79989020848903e-07 6.17740497644847e-06 9.46815464475392e-08 5.64122162324043e-05 7.00576316104318e-05 7.49269029476363e-07 2.73097295513391e-06 1.20541806124863e-05 9.14403961792543e-06 9.06680423380379e-06 7.95537202130658e-06 8.80438283367146e-06 1.00208169354632e-05 1.17225944426536e-05 1.7022323294702e-06 1.42604000403779e-06 7.94000158965691e-07 2.59080299738645e-05 2.81310476593077e-05 3.35683703937995e-05 3.54541435963363e-05 3.1828686149904e-05 3.0356850779778e-05 3.12586138399462e-05 2.36005877228274e-05 7.64401092123723e-07 3.52409949954113e-06
1.29636475723838e-05 2.28272973004096e-06 5.88559730008154e-07 5.04772759191141e-06 2.84204320220027e-06 9.3435991461055e-06 7.59580983848984e-06 8.01607719047581e-07 1.14551222517578e-06 7.95592434044146e-08 4.44173895844946e-06 4.27418418720293e-06 1.66125578572651e-05 2.16228586447098e-06 3.53090292730673e-06 2.96644541476487e-06 5.07534302434109e-06 2.2995568647366e-05 4.62329512997517e-05 1.64758774612417e-05 0.000118952747665446 0.000113779036235595 5.72286404878608e-05 1.74702119437598e-10 1.54987604827905e-05 1.53366650581077e-05 1.03340143839614e-05 7.78168964288284e-06 9.26081655218125e-06 1.0744356058201e-05 1.09560085313265e-05 1.6490884737097e-05 2.83882879773545e-06 2.06375891520505e-06 3.32513889955255e-05 3.12112518400021e-05 1.71100393984269e-05 4.70186523082727e-07 1.14438156534336e-05 6.33796336800829e-06 1.89893081166792e-05 2.00036289375816e-05 2.76649190269262e-05 3.13712286034828e-05
1.05118665249981e-05 8.28449993854008e-05 8.02257719097366e-05 9.66734856271412e-06 2.37900748506492e-05 0.000130042586956092 0.000105610182934157 4.37070315781662e-05 5.00764512224583e-06 9.20084729658655e-06 1.25870039163756e-06 6.13195237919584e-09 1.18592141016283e-06 1.50405326572178e-06 5.35501098242186e-08 7.59192034360812e-07 3.12830711798218e-05 1.69981304121158e-07 1.59058883665075e-05 1.74706517030998e-09 2.96496531142498e-05 4.9741189774577e-05 4.30578131791148e-05 2.12484203021557e-06 1.67680544144733e-05 1.44751123091313e-05 8.32879090857386e-06 6.57716549973264e-06 1.05545914988459e-05 1.22531291300687e-05 1.04256323748997e-05 4.56977259366553e-09 6.82990726863508e-08 8.36726698659751e-06 6.84673074802245e-07 6.45959537691754e-06 7.83738546813462e-06 2.04845841533796e-06 3.33134933447887e-06 2.8711012904914e-07 1.29617837864027e-06 3.38472071892415e-06 1.91614331638279e-05 2.84947089937537e-05
1.1861899542609e-07 4.86074706640416e-06 0.00010046007521568 0.00169019571708304 0.000749836133172721 0.000714148846060425 0.00871591786853969 0.00680157149909064 0.000416547166735626 0.000307465708965537 5.55772693301315e-05 2.35397243535385e-06 8.70433509325697e-07 4.68611804915753e-08 1.12548573685256e-06 2.84780353472236e-06 1.36635946713648e-06 3.49737605720435e-07 1.2313653990681e-06 1.59858959973169e-05 2.37673839438957e-05 7.63666013701814e-05 2.34071026147586e-05 1.68863699421373e-05 3.22031250514776e-06 1.05958535947526e-05 2.74060164821011e-06 8.58175714812948e-07 7.8615280787564e-06 1.00812002355011e-05 1.38517793194515e-05 1.06707534950456e-05 1.63071149770211e-05 1.51407756458943e-05 2.07595077074019e-05 3.19840589767639e-05 2.26598328597949e-05 2.02421362238914e-05 1.32706562805396e-07 1.33412550443746e-06 3.87233267673537e-10 1.28287741429922e-08 5.66559127499477e-06 2.09845222542082e-05
2.41831884517651e-08 3.05960229152191e-08 2.40274852925104e-07 1.07279479550915e-05 0.0015158367186737 0.00506033940067301 0.0110826397829925 0.0316752502152667 0.0601350189856021 0.00222071765987299 0.00188458453144449 5.89315366826382e-05 3.83754334353226e-06 1.57808059715325e-06 2.4043703564236e-06 5.03095788351171e-07 2.21316929227555e-09 1.18884892100768e-06 3.11062927416117e-08 1.77968078511892e-06 4.14589931149178e-06 1.16472889104546e-05 2.47812201947806e-07 1.67548078043644e-05 4.90708102707238e-08 2.99341355756155e-06 2.47995523636746e-06 3.51576241419682e-06 6.78464949935842e-06 4.4363579901785e-06 1.15172897377169e-05 1.01558512832112e-05 7.15499309503764e-06 1.00754917220836e-05 1.81534279854567e-05 4.22043091788948e-06 1.85929413658359e-05 1.05217511896627e-05 2.43066067862063e-07 1.7509617195044e-06 7.15460639244547e-07 2.3887322231908e-06 7.966972130935e-06 1.70866780887957e-05
3.08940428794813e-11 1.16374958558652e-09 2.60734388146666e-07 4.6592739357032e-06 4.2200755290267e-08 1.44035971161305e-06 0.00209249338012061 0.0399649805156514 0.160997781087644 0.00596423568544796 0.0202893474301902 0.0386725393578359 0.0116057058761271 1.78383854580688e-05 8.53658894177656e-06 1.75953521873717e-06 1.27747312560489e-06 1.48597533119466e-06 1.32224842186446e-10 1.36254610705322e-08 4.42972203509306e-06 1.03637859272254e-06 1.98045331071262e-06 1.63158068067215e-06 2.70527546418764e-06 2.95702035968404e-07 1.28480340300108e-07 4.6209877463399e-07 1.71600774581115e-06 1.73625935980803e-06 7.45638911207047e-06 6.40373295723862e-07 6.19518664842777e-06 2.22879897814332e-06 1.09671442509729e-05 2.32295818850536e-06 6.37624950261539e-07 1.19776970676222e-06 1.60997275201469e-06 1.87252425130069e-06 4.49107629787449e-06 5.28067958892597e-06 4.38408529191969e-06 8.59343463499584e-08
4.25418092975249e-09 3.7554515053273e-12 3.81821241290936e-12 8.9527636415454e-10 9.6481369349366e-08 1.01863692036908e-07 2.4308699180442e-05 0.000110296711692648 0.00019004824085781 0.0258145198356942 0.0856806134725048 0.048043732151848 0.0884482413984983 0.0636029547401449 0.0081399716591477 5.1555349693011e-05 2.62240669146596e-05 1.96840123534159e-07 1.70057759898423e-06 2.24240598334369e-07 3.27291049281309e-06 3.95912551109934e-07 5.80334882926969e-08 1.6051224459579e-07 3.89737598083251e-08 6.7575552509247e-07 2.51722069188887e-08 4.41613312796019e-07 6.39650579170592e-08 7.94821652938538e-11 1.5127672755022e-06 3.60613650703945e-06 6.04061209608098e-07 3.98861036822185e-06 3.79952616391677e-06 3.40737891957321e-07 1.3432527594448e-06 1.77953254651975e-06 2.55813482252787e-07 1.43771275983307e-06 5.86262060220388e-07 1.0708185242958e-07 5.55052021466995e-07 6.752489913886e-08
4.74453853982482e-10 7.85677911618876e-10 1.49063223986445e-09 1.34914301952449e-13 2.50750153973911e-10 4.50581139066486e-10 1.88899492536976e-07 3.70942408012276e-08 5.22292954807657e-07 0.00185748692967085 0.00980809030600334 0.0100504941017434 0.0231240169671153 0.0687288123703183 0.0836824025336682 0.00655570251227076 0.000826711097170119 5.52570308688383e-06 3.8310363601024e-06 1.35897636498461e-06 1.06486730544475e-10 1.25446429010134e-06 7.86678791531159e-07 5.24104400667635e-07 4.48369086303302e-10 6.31225820835191e-08 1.12444342725837e-10 9.29094022827925e-09 2.86933033999404e-09 3.79288366270103e-09 1.85601955249304e-08 1.97367698850925e-09 5.01534354158117e-08 2.3458225695272e-09 1.85212468362117e-08 5.53390818613941e-07 4.09010882385097e-08 1.08358401534892e-06 9.52997000724931e-07 1.73789448287831e-06 3.27910790354213e-06 1.87701767373483e-07 5.0342483182142e-09 2.03016559841007e-07
4.28155289000642e-10 5.55036244742624e-09 6.27676799425103e-12 1.69905423064165e-11 1.19177834267958e-10 1.78261294614401e-11 1.68781322251732e-11 1.62427993277703e-09 8.95158089764259e-07 5.79384963339535e-09 2.99689279544824e-05 0.000249483927524241 0.0207137032182231 0.0228514049333945 0.0992455462364887 0.0238742929197869 0.0282467362930277 0.00113477469248764 0.00236779244555692 1.94708692131673e-06 7.31619186455923e-08 1.1589138431134e-07 2.94444062098886e-07 6.43832223312657e-08 7.20082882210704e-11 5.62550339644474e-11 5.3550391010404e-09 5.89769788561512e-10 1.96423797338419e-08 2.44002253957376e-09 4.57012654497824e-08 2.79153886495465e-07 3.89442027737275e-08 4.16475585607312e-07 3.42897931049357e-08 1.84496494226583e-07 6.51782183780369e-11 1.79986244797092e-08 1.9177728174391e-07 3.02219558712125e-07 2.22480905076594e-07 6.47757767890944e-07 4.03841218243883e-09 3.69117646115136e-08
6.19126594436636e-10 2.45398774634253e-09 3.68705066478015e-14 1.81147319366914e-12 3.69562724866768e-10 4.91370277799774e-12 1.116371317611e-09 1.88954063506941e-09 5.07428543627952e-11 6.75261679905503e-10 1.52883142923166e-08 1.42407676047007e-06 0.000234609020247223 0.0206097651361802 0.0977548470604233 0.0253214417002994 0.0753427199088037 0.0699984310143918 0.0135477795189217 0.000277091209363789 2.94436717674928e-06 1.34046654197695e-06 1.64779754850963e-06 3.01094247423528e-07 1.91854132580715e-10 9.00953756044487e-12 7.42234944617337e-09 2.69077926606798e-10 3.05640324160805e-10 6.41982798033069e-09 2.17449744988052e-08 2.98819883726154e-08 5.04143215063202e-08 1.19374643392511e-08 9.95701454065134e-08 2.71108505534023e-08 4.2957737200755e-08 1.1783092950246e-07 4.93262706457998e-08 3.66613928104442e-10 5.48613874551407e-08 1.08750113547718e-07 2.9021378803451e-07 3.81219926071097e-08
2.55687648831326e-10 2.35040173990342e-09 1.01077608505307e-09 2.39720576722391e-10 1.9522884864287e-09 1.58566004770933e-10 1.34947619745418e-10 3.84983256385141e-10 5.48168177516573e-12 2.23133600485426e-10 6.75536018235334e-09 4.59731472890468e-09 6.15240507428894e-08 4.22058479088161e-07 0.000459459387952743 0.182209669068106 0.0117652807319612 0.165856459823226 0.0234269140717515 0.00489484191930387 0.00158085934526753 0.000332726337355727 4.24212666467749e-06 2.34502803709846e-06 6.65510368946798e-07 8.03980614305644e-09 1.05514565751363e-08 2.90898560795227e-09 5.74196590275022e-10 1.03512214022494e-08 7.05655731625399e-09 8.46064049930817e-09 1.00757608589852e-08 1.55066466223097e-08 2.21049434201426e-08 3.62026508327062e-08 2.20497471392633e-09 1.80505110969342e-08 3.37724189281019e-08 1.02236533905398e-08 2.07648764627422e-08 1.7399015195263e-08 1.56013344354555e-08 4.0643478804725e-08
