Scripts_&_data/Maxent_result_files_1/Bombus_mlokosievitzii_3.asc
NCOLS 594 
NROWS 330 
XLLCORNER -15 
YLLCORNER 23 
CELLSIZE 0.166666666666667 
NODATA_value -9999 
[rows 240 to 259 of 330, columns 90 to 134 of 594]
-9999 -9999 -9999 -9999 -9999 -9999 -9999 -9999 -9999 -9999 -9999 -9999 -9999 -9999 -9999 -9999 -9999 -9999 -9999 -9999 -9999 -9999 -9999 -9999 -9999 -9999 -9999 -9999 -9999 -9999 -9999 -9999 -9999 -9999 -9999 -9999 -9999 -9999 -9999 -9999 -9999 -9999 -9999 -9999 -9999
-9999 -9999 -9999 -9999 -9999 -9999 -9999 -9999 -9999 -9999 -9999 -9999 -9999 -9999 -9999 -9999 -9999 -9999 -9999 -9999 -9999 -9999 -9999 -9999 -9999 -9999 -9999 -9999 -9999 -9999 -9999 -9999 -9999 -9999 -9999 -9999 -9999 -9999 -9999 -9999 -9999 -9999 -9999 -9999 -9999
-9999 -9999 -9999 -9999 -9999 -9999 -9999 -9999 -9999 -9999 -9999 -9999 -9999 -9999 -9999 -9999 -9999 -9999 -9999 -9999 -9999 -9999 -9999 -9999 -9999 -9999 -9999 -9999 -9999 -9999 -9999 -9999 -9999 -9999 -9999 -9999 -9999 -9999 -9999 -9999 -9999 -9999 -9999 -9999 -9999
-9999 -9999 -9999 -9999 -9999 -9999 -9999 -9999 -9999 -9999 -9999 -9999 -9999 -9999 -9999 -9999 -9999 -9999 -9999 -9999 -9999 -9999 -9999 -9999 -9999 -9999 -9999 -9999 -9999 -9999 -9999 -9999 -9999 -9999 -9999 -9999 -9999 -9999 -9999 -9999 -9999 -9999 -9999 -9999 -9999
-9999 -9999 -9999 -9999 -9999 -9999 -9999 -9999 -9999 -9999 -9999 -9999 -9999 -9999 -9999 -9999 -9999 -9999 -9999 -9999 -9999 -9999 -9999 -9999 -9999 -9999 -9999 -9999 -9999 -9999 -9999 -9999 -9999 -9999 -9999 -9999 -9999 -9999 -9999 -9999 -9999 -9999 -9999 -9999 -9999
-9999 -9999 -9999 -9999 -9999 -9999 -9999 -9999 -9999 -9999 -9999 -9999 -9999 -9999 -9999 -9999 -9999 -9999 -9999 -9999 -9999 -9999 -9999 -9999 -9999 -9999 -9999 -9999 -9999 -9999 -9999 -9999 -9999 -9999 -9999 -9999 -9999 -9999 0.00012634909217013 -9999 -9999 -9999 -9999 -9999 -9999
-9999 -9999 -9999 -9999 -9999 -9999 -9999 -9999 -9999 -9999 -9999 -9999 -9999 -9999 -9999 -9999 -9999 -9999 -9999 -9999 -9999 -9999 -9999 -9999 -9999 -9999 -9999 -9999 -9999 -9999 -9999 -9999 -9999 -9999 -9999 -9999 -9999 0.000759222608758137 0.000391283074532112 0.00126663126939093 0.000863329393905588 -9999 -9999 0.0066748597600963 0.000875619105863734
-9999 -9999 -9999 -9999 -9999 -9999 -9999 -9999 -9999 -9999 -9999 -9999 -9999 -9999 -9999 -9999 -9999 0.00296997324330732 0.000386044065817259 0.00404367899755016 0.000496392899367493 0.00496081617893651 0.0013298868550919 0.00246216195228044 0.00210283834894653 0.00189508619732806 0.00235233662970131 0.00542253239254933 0.00143058650646708 0.00216875934420386 -9999 -9999 -9999 0.000231286454800284 0.00102546295820503 0.00252648017776664 0.00107298326693126 0.00115961147894268 0.000941943814541446 0.00410216837190092 0.00234952391765546 0.0029590151476441 0.000796102676395094 0.000568803280839347 0.000363687802018831
-9999 -9999 -9999 -9999 -9999 -9999 -9999 -9999 -9999 -9999 -9999 -9999 5.09120859533141e-05 0.0018395313541987 0.0013316466815013 0.000177476993849268 0.00238698418543208 0.00115456832427299 0.00172687575686723 0.00185489045979921 0.000358319649967598 0.00128198447127943 0.00395083041512407 0.00193689781735884 0.00160466093220748 0.00335839077597484 0.00576677662902512 0.0202442080830224 0.00700191349023953 0.00308993250800995 0.00506954046577448 0.00819356374558993 0.0167716659954749 0.00889985313988291 0.00513928272994235 0.00365212324541062 0.00388752377475612 0.0066537462931592 0.00309786348661874 0.00365891247638501 0.00538756740279496 0.00592861796612851 0.00536435765679926 0.000473522746324306 0.00475181109795813
-9999 -9999 -9999 -9999 -9999 0.000176433899650874 0.015954747563228 0.00200207212328678 0.00185764969501179 0.000744068800486275 0.000998119921132457 0.00135698393060011 0.00145756214915309 0.00400171597793815 0.00336829903244507 0.00213395951504936 0.00735234273015521 0.0100349353306228 0.00211757484794362 0.00228859323542565 0.00446032954496331 0.0106592335156165 0.00767981915269047 0.0109181551379152 0.0111278128344566 0.019031549943611 0.00518920163158327 0.000229086447143345 0.000477701960699051 0.00691386676917318 0.00337342831189744 0.00593857093481347 0.00424257918493822 0.00382164721377194 0.00196971277473494 0.0109055022941902 0.010987543174997 0.0140486133284867 0.0121478950139135 0.0243115621153265 0.0124491068301722 0.0221547797787935 0.0114994732430205 0.00811111230868846 0.00939228497445583
-9999 -9999 -9999 0.000523359799262835 0.00163246020674706 0.00200340074079577 0.0029707011213759 0.0233113952213898 0.00472878378932364 0.00383717191871256 0.00682224484626204 0.00468588828807697 0.00278563760803081 0.00505145026254468 0.00549842147738673 0.00474490218912251 0.0118757862364873 0.00828803261974826 0.00434586075716652 0.00023793832915544 0.000614965573186055 0.0132591400993988 0.0042350881616585 0.00135699124948587 0.000380196460901061 3.12766235310846e-05 2.38837520100788e-05 0.0059097148856381 0.000771733179863077 0.000772618415794568 0.00546735111856833 0.00242598214535974 0.0209676104132086 0.00554713571909815 0.0149983073584735 0.00949359224177897 0.0174160273745656 0.0174004469998181 0.0137992261676118 0.0207961993291974 0.0183797706849873 0.016879217280075 0.0140998221933842 0.0130866014398634 0.016350578237325
-9999 0.000679747695539845 0.000343756626534741 0.000118020908394101 0.00111082107032416 0.00780104828299955 0.0168574603507295 0.00482822910416871 0.000431545018363977 0.00011225144535274 1.8622448737915e-05 0.000108446698868647 0.000146509290789254 0.00189852219336899 0.00583441305207089 0.000136523561195645 0.00131653681164607 0.00248292647302151 0.000651369379193056 0.000190353143261746 0.000247573268279666 0.00215746979229152 0.000646122866601217 0.00100478270032909 0.00121384029625915 0.000212702757562511 0.00128588515217416 0.00286194165237248 0.00297992307459936 0.000451764157332946 0.00144299789681099 0.00704078355338424 0.0105994370067492 0.0462008922360837 0.0230790140572935 0.0584905793890357 0.0102844680426642 0.011749040032737 0.0095170424436219 0.0169500230113044 0.0234371979720891 0.0117801621789113 0.0062197316554375 0.0110328848240897 0.0100927505642176
0.00107262874953449 0.00169835353444796 0.00211514465190703 0.000226701716837852 0.0020187228845316 0.00172238094673958 0.00180030239716871 0.000653827055793954 7.91213246884581e-05 0.000241600412482512 0.00011989782906312 0.000567220522498246 0.00116254862223286 0.0028007811983116 0.00237518374342471 0.0016273104440188 0.00024253328301711 0.000270452720724279 0.000182957130891737 0.000300208565022331 0.000233603413653327 9.13359624973964e-05 9.7244028984278e-05 8.73212829901604e-05 9.22763674680027e-05 0.000285421140142716 0.000109909861566848 0.000102331673588196 0.00148926494875923 0.00162815162912011 0.00670818061335012 0.00526409547310322 0.00450104457559064 0.00794508417602629 0.00572315164608881 0.00841492847539485 0.0107358823763207 0.0100791381206363 0.00743763279169798 0.0260928716976196 0.0112598421983421 0.00774414747720584 0.00963364030467346 0.00716275005834177 0.0110896030673757
0.000452172114819405 0.00056646267985343 0.000882318846561248 0.00115826828041463 0.00293217767030001 0.00166045118821785 1.48315471051319e-05 5.64838393984246e-05 0.000963645525916945 9.7814784203365e-05 7.68335037719225e-05 0.000286927358683897 0.000153850452261395 2.90420132841973e-05 2.82652987152687e-05 2.98020700029156e-05 2.95363495297352e-05 2.88880401967617e-05 2.92351937787316e-05 3.07843651171424e-05 0.000323658429988427 5.70206059819611e-05 0.00014111315831542 6.86628010953427e-05 9.40061120218161e-06 1.33064694864515e-05 1.14867272714037e-05 4.96718506383331e-05 5.64599710742186e-05 0.000365734664956108 0.000374042515613837 0.00286326638888568 0.00265767323435284 0.00221763295703568 0.00185876245959662 0.00877806427888572 0.00125527409545612 0.00293070642510429 0.00284781574737281 0.00807026734109968 0.00234726377530023 0.00138770050252788 0.00308055461500771 0.0049828312068712 0.00763399634743109
0.00056092176673701 0.000510720510283136 0.000315357114595827 3.39810971581755e-05 0.000172276866214816 0.000948498782236129 0.000196393844089471 2.59047202689544e-05 0.000122161739818694 0.000122511473091436 0.00106048769230256 0.000136211673816433 0.000100312508402567 3.36627300384862e-05 2.69927587396523e-05 4.30762444011634e-05 2.41881786678277e-05 2.59179545992083e-05 2.74625672318507e-05 3.21275856549619e-05 2.26612493861467e-05 2.17784631786344e-05 9.42187076361733e-05 1.17535396384483e-05 1.07048372683494e-05 2.2708559390594e-05 0.000136158499026351 2.48611683673516e-05 1.11716246010474e-05 1.39841432428511e-05 5.61078672490112e-05 0.000107501233287621 0.000300105900532799 0.00214355519565288 0.00113865776220337 0.00951088718138635 0.00880448629613966 0.000824651829316281 0.00399845011997968 0.000996827633935027 0.00273619525250979 0.00367092780652456 0.00157836103171576 0.00335879421327263 0.00469975831219926
0.000211657775253116 0.00125519034336321 0.00149389602302108 0.000230926306358015 7.80523158937285e-05 0.000101758348318981 0.000719766781548969 0.000553393857262563 0.00169003539485857 0.00282515645376407 0.00118606836622348 0.00127597783284727 0.000172489906617557 0.0001297678303672 0.000174178850284079 0.000143010512692854 6.95904669555603e-05 0.000100405445664364 0.00013056287280051 2.94610419587116e-05 0.000191599420213606 6.35573906038189e-05 0.000116139586316422 3.4206089185318e-05 5.15268259732693e-05 7.75942419750208e-05 0.000137583562172949 2.647416789614e-05 0.000193650184337457 4.40358046944311e-05 4.57141306014819e-05 7.19711886631558e-05 0.000412925272030407 0.000415129399334546 0.000894511168007739 0.00175974112935364 0.000462293403688818 0.0126182195032015 0.00411044664215296 0.00103625610208837 0.001841745065758 0.00771105703897774 0.0168544622370973 0.00750355306081474 0.00336368834250607
0.00307532945880666 0.00330866219883319 0.00287693751743063 0.000383280667301733 0.000517419964307919 0.00145722315937746 0.00193197656772099 0.00631691261660308 0.00717758216196671 0.00230985708767548 0.000340883368335199 0.000128113121536444 0.000159332797193201 0.000159160198381869 0.000205241687217494 0.000170103670461685 3.2190033562074e-05 2.94487512292108e-05 0.000158018074944266 0.000177772722236114 0.0002626897108712 0.00102680761847296 0.000173523413104704 0.000124615144886775 0.000557342305546626 0.000151258210098604 6.23919374447723e-05 9.11111887035077e-05 0.000100550813112932 2.61056534782256e-05 9.50290527271136e-05 0.000113171418888669 0.000212943348196859 0.00206318800337613 0.000538928130117711 0.000249272737710271 0.000331423337047454 0.000718356840661727 0.00105574031185824 0.0303630885435268 0.00110661349390284 0.000322776463144692 0.00084295385167934 0.00637845864985138 0.00452983997529373
0.00156734789488837 0.00240759463922586 0.000550325728545431 0.00173082480614539 0.000317796216404531 0.000800585691467859 0.00444360983092338 0.00702990498393774 0.00566200414905325 0.0016850346699357 0.000352470454527065 0.000179517658398254 0.000114152995229233 0.000112557531610946 0.000131527468693093 0.000138483661430655 0.000161343694708194 3.53461776285258e-05 0.000275626207439927 4.33890299973427e-05 0.000181727273229626 0.000164296686489251 0.000172235851641744 0.000118212816960295 0.000131761005832232 0.000399240900878795 0.000258532785665011 0.00213679411972407 6.55093018394837e-05 0.000541282260383014 0.00092886446727789 0.000579845160973491 0.000372360420806217 7.43379340292449e-05 0.000812677729845746 0.000283738126017852 0.000377637792553287 0.000398823694558814 0.000387167996086646 0.00016214695697272 0.0010020909801824 0.000258632194163511 0.00161681390600279 0.00228266578051262 0.00416485645109788
0.00112672975083115 0.000989745264814701 0.00300955730490386 0.000217331654857844 0.000171843198040733 0.00153039633005392 0.00749369952827692 0.00221286911983043 0.000312780162494164 0.000317540513060521 0.000237772935361136 0.000172357019619085 8.49873878905783e-05 0.000725704384967685 0.000135032599791884 2.67121759861766e-05 0.00801568110473454 0.00176805109949782 0.000154194010610809 5.23963644809555e-05 0.000593895009660628 0.000215303112781839 0.000194792058755411 0.000210556928504957 0.000372106502618408 0.000727773139078636 0.00297292323666625 0.00380499543098267 0.00324743782985024 0.000859999284875812 0.00182558387896279 0.000260376108963101 5.44995159316386e-05 0.000253540331232216 0.000393466582681867 8.94068239404078e-05 0.00209743386658374 0.00136204286245629 0.000368151651855442 0.00047673011176812 0.000489765055681346 0.00240993218321819 0.00270432238467038 0.00303927722561639 0.00137360472144792
0.00209794407128356 0.000214871030766517 0.000248618859768612 0.000165900991487433 3.27441064655432e-05 0.000303375207295176 0.00116480586875696 0.000216402546357131 0.00018353704144829 0.00104473868850619 7.56498902774183e-05 4.38977564044762e-05 0.000533394176454749 0.000409052846953273 0.000247742537612794 3.31589431880275e-05 0.000113033061279566 0.000173107299269759 0.000168815588040161 0.00134596292045899 0.00442063922528177 0.000973966025048867 0.000668385389144532 0.00169948371476494 0.0015132818807615 0.0043179199215956 0.000312122734612785 0.000308884926198516 0.000292900233944238 4.53356447223996e-05 5.52863586790409e-05 0.00022947130164539 0.000463058027889929 0.000237361037488881 0.000277550295231777 0.000237272989033954 4.50219402978291e-05 4.91581390065221e-05 0.000110143616029745 5.75881340637352e-05 6.94523784886769e-05 7.38179565814789e-05 8.52195338211459e-05 0.000109310525476758 0.000138110663920088
