Scripts_&_data/Maxent_result_files_1/Bombus_portschinsky_2.asc
NCOLS 594 
NROWS 330 
XLLCORNER -15 
YLLCORNER 23 
CELLSIZE 0.166666666666667 
NODATA_value -9999 
[rows 300 to 319 of 330, columns 135 to 179 of 594]
2.73776445958163e-11 2.55360066425681e-11 3.02916802752407e-11 4.44205117133834e-11 4.10231515424186e-11 3.74961173221777e-11 3.97518351569204e-11 3.74262398850078e-11 4.14236422940917e-11 4.18533097068519e-11 5.1282600388447e-11 5.83067261139547e-11 6.2678262580107e-11 6.39307939920286e-11 7.82977349622627e-11 9.23914167394457e-11 8.08602962365512e-11 9.60649226833255e-11 1.22239363076204e-10 1.06749054040733e-10 1.17175869007724e-10 1.28083288419845e-10 1.41273714948653e-10 1.50987000679947e-10 1.86077808717044e-10 2.04273364889929e-10 1.89027660191243e-10 1.116920000932e-10 8.00160826486263e-11 6.90723145346794e-11 3.52234574840793e-11 5.09229547418499e-11 7.31744331794459e-11 6.43514574960591e-11 5.87900839121858e-11 7.12272130165559e-11 6.63084587237961e-11 5.08578068547649e-11 4.54686399642412e-11 5.1018900215638e-11 5.19984277858043e-11 4.69464134233988e-11 4.77015427158278e-11 5.90875459671736e-11 5.34540856023113e-11
2.25129914710465e-11 2.25433338663095e-11 2.60090060599794e-11 2.92591950667998e-11 3.0898672509494e-11 2.77336376086623e-11 2.83686518720572e-11 9.09978314922455e-11 2.63695842939171e-11 6.26040885798318e-11 2.39809838653571e-11 2.36778374684832e-11 3.53198248426168e-11 5.46220735309078e-11 4.48211356918193e-11 5.09273401227972e-11 5.67388025451976e-11 5.63460278435457e-11 6.01420357959626e-11 8.49575187977791e-11 1.05843978026599e-10 1.36420530427728e-10 1.67148894725244e-10 1.5753931492668e-10 1.56965307418488e-10 1.58645718784101e-10 1.54333157365016e-10 1.27514410142027e-10 6.76434130930659e-11 5.33963762094913e-11 3.28721050379954e-11 3.34334115947854e-11 4.22711976533208e-11 4.75548045386631e-11 3.68464481148578e-11 4.02214817007973e-11 4.37843095113521e-11 3.5568747946968e-11 3.20608317672111e-11 2.37719177675899e-11 5.29751464917183e-11 2.49416709507955e-11 3.22803561658702e-11 3.58018170665275e-11 3.10172665329844e-11
2.33268515614782e-11 2.32797003896223e-11 2.12772688357177e-11 2.15300333117341e-11 2.16611173442516e-11 2.29429586440233e-11 2.58456145374453e-11 3.10493519783961e-11 2.77650125113382e-11 2.60989896361252e-11 2.50219289732456e-11 2.83174150794707e-11 3.85166676331039e-11 4.06890965365392e-11 3.94336119313721e-11 3.61635055234899e-11 3.94262400504886e-11 5.19145393340636e-11 8.13123790521786e-11 1.07357711609524e-10 1.31761035415678e-10 1.2661286463711e-10 1.21430565602765e-10 1.08693465339371e-10 1.14881082424745e-10 1.30437938228312e-10 1.27959653983822e-10 1.12400522223055e-10 7.49960427093299e-11 4.55327997528343e-11 3.64655083906484e-11 2.41586084470669e-11 2.67886379745619e-11 2.65769628526868e-11 2.51670129181036e-11 2.1095769575652e-11 4.09608347240464e-11 1.75942482805169e-11 1.63393298890924e-11 5.0303805565477e-11 2.26340168829609e-11 9.25794996220475e-12 1.16565201935259e-11 1.72772907092167e-11 2.26230367772473e-11
2.40061748257858e-11 2.11924922055573e-11 1.72801328801597e-11 1.74709691158625e-11 2.07331374291186e-11 2.20670259842848e-11 2.3229052015239e-11 2.33894126289158e-11 2.91267121532712e-11 2.95891977586393e-11 2.31815566742455e-11 2.19835483150632e-11 2.85409251787883e-11 3.41897066213903e-11 2.9701263670745e-11 2.51470733125814e-11 4.04766553607772e-11 6.37210062492954e-11 8.21588241883831e-11 1.04597253081096e-10 9.46917100286271e-11 9.12964037702579e-11 1.00334895947185e-10 1.02781305688637e-10 1.09698639061406e-10 1.07832520690465e-10 9.90560411473496e-11 8.97780183528596e-11 8.24073365102152e-11 5.00144481385689e-11 3.67276209445322e-11 3.29096305762278e-11 2.96032531821311e-11 4.73173944470773e-11 4.82824669134629e-11 2.05698014177358e-11 1.19260823439049e-11 8.11509748288586e-12 6.6102234796972e-12 1.57038493320272e-11 2.33264074722683e-11 3.74186348572891e-11 1.76382464189828e-11 2.4140311971621e-11 2.47173725931304e-11
2.15091389144106e-11 1.7810930508233e-11 1.45596534828485e-11 1.57980406534364e-11 1.60208513122484e-11 1.86546555980271e-11 2.25852780921798e-11 1.93289051431123e-11 2.01280880851584e-11 2.44927966797093e-11 2.62109112192377e-11 2.87952217625786e-11 2.865642168004e-11 3.03487457387064e-11 2.51644260984563e-11 3.0143909590663e-11 4.5209525012524e-11 6.66868227305883e-11 7.4248041048719e-11 8.20180923177816e-11 7.08354486178564e-11 7.9403050801119e-11 1.08190678638209e-10 1.09969899853013e-10 9.10193254100022e-11 8.47310888119068e-11 8.71197003426971e-11 8.23598966803729e-11 7.46843586973966e-11 5.33643684796914e-11 4.92906049309738e-11 4.0787462296521e-11 3.43248429679477e-11 3.44341111180313e-11 2.70886757469668e-11 1.85993442869403e-11 2.01854755133013e-11 1.89818383233842e-11 1.71890168765287e-11 1.80607195865434e-11 1.99105509857134e-11 2.20210405466048e-11 4.83319828603612e-11 2.06068162533768e-11 5.48609380146559e-11
2.1167412267431e-11 1.57973412129309e-11 1.39696365586417e-11 1.30692789923614e-11 1.15076725926144e-11 1.29144805960379e-11 1.34023570019792e-11 1.46234135911527e-11 1.77869385886709e-11 1.9600709944001e-11 1.91598070742316e-11 2.04293360006602e-11 2.37352804077773e-11 2.62493915492712e-11 2.41946129797554e-11 3.40728001368973e-11 4.75770756125371e-11 5.93406879190184e-11 7.25495885589567e-11 7.19532988746607e-11 8.67548255456541e-11 9.20198139908734e-11 1.01235053673321e-10 8.63518589966361e-11 7.78832331960189e-11 8.11966494040917e-11 7.97143462349936e-11 7.42788608398826e-11 6.18185502787583e-11 5.29638777280184e-11 5.2274107265049e-11 5.09037700879844e-11 5.0751858271525e-11 4.83813544782663e-11 2.54083754036571e-11 2.49395615270487e-11 2.3775437174578e-11 2.35207187060382e-11 2.34256836151303e-11 2.52882492723927e-11 2.38804309660168e-11 9.23210730086055e-11 1.58272617234445e-11 2.74891776008701e-11 2.60253374406716e-11
1.35408351198407e-11 1.42323264284983e-11 1.42112988044119e-11 1.17554299627898e-11 9.75290959104313e-12 1.04934949618496e-11 8.90921780793974e-12 1.08061559700445e-11 1.34370736759593e-11 1.57573842862746e-11 1.80983339426177e-11 1.95010341208501e-11 2.20352625035503e-11 2.78420841937077e-11 2.26670349157132e-11 2.74799405453052e-11 5.11424569360486e-11 4.19978607446581e-11 7.12779946177022e-11 6.99063473774686e-11 6.49680309550149e-11 7.68486829727522e-11 7.49992734583316e-11 6.8666350383495e-11 6.95321689114792e-11 7.62370166995652e-11 7.58865970063027e-11 7.49498019203543e-11 7.19887816025278e-11 5.23350585091009e-11 5.18927900650112e-11 5.5232307616393e-11 5.4597604215445e-11 5.09106201640463e-11 3.31145444398828e-11 3.25798721334536e-11 3.37445182907459e-11 2.82783463312342e-11 2.96247248954273e-11 2.93760238356811e-11 4.38854619311257e-11 1.24491394970505e-10 2.47069253944687e-11 2.62893706803879e-11 2.94286484070483e-11
1.1865985971582e-11 1.80756520862246e-11 1.56298751718964e-11 1.38255629167361e-11 8.69153637950148e-12 5.84023940319867e-12 5.10742559356458e-12 7.26488869062791e-12 9.88473747298713e-12 1.50733536763426e-11 1.75917169720208e-11 1.77732051298562e-11 1.88564386327528e-11 1.83911552653626e-11 2.17839635219264e-11 3.31767502359526e-11 4.12277878503176e-11 4.00566468883312e-11 5.71223401912846e-11 5.42169198425313e-11 4.51143233881623e-11 5.85110293549462e-11 6.30582697169757e-11 7.10756009603131e-11 7.4308681430324e-11 6.90561940963619e-11 7.13009096209305e-11 7.21986470608726e-11 7.28233029434477e-11 5.34190358614239e-11 5.14192022293969e-11 6.02654481873799e-11 5.67943470031196e-11 5.30157473477289e-11 3.39612116206922e-11 3.28510663116788e-11 3.59293261809057e-11 2.45005571386514e-11 2.07572625754437e-11 2.17629692045307e-11 2.21428320124062e-11 2.11737183342109e-11 2.47952769427684e-11 2.64503752234191e-11 3.18550741340573e-11
1.11705644734172e-11 6.89458490299444e-12 7.93555221534348e-12 7.27665705468894e-12 6.2937544065278e-12 1.36392896976645e-11 5.83096904094305e-12 6.56326104575555e-12 8.07124367341316e-12 1.31695432337153e-11 1.58813628914345e-11 1.66549329883026e-11 1.74544600994864e-11 1.96577198963155e-11 1.91842541852338e-11 2.98229885231649e-11 3.38595151916365e-11 3.935912706865e-11 4.97188401560322e-11 4.26191970603895e-11 4.19848378285792e-11 5.93088356204419e-11 6.13126105442063e-11 6.92604196217417e-11 7.00090319050162e-11 6.45314024438903e-11 7.03793912038009e-11 7.57151896735309e-11 6.18939677288211e-11 6.72592981310061e-11 4.20382173516032e-11 7.03786695588349e-11 3.43009509684578e-11 7.51102735563336e-11 3.53203244429778e-11 2.63251420662414e-11 4.83639350790099e-11 2.29062324663687e-11 2.32012076217813e-11 1.99923078092468e-11 1.95518157219965e-11 2.094689977028e-11 2.42262210292665e-11 3.01389135870522e-11 3.33794214490979e-11
6.20406503948345e-11 1.43385969764154e-11 2.04480654630856e-11 1.17669207710946e-12 7.44166950283898e-12 5.80425707497056e-12 6.5783711811207e-12 7.35708161059279e-12 8.42172998005708e-12 1.03753228231085e-11 1.19567356016148e-11 1.24515397992297e-11 1.60413238248225e-11 2.16852757972674e-11 2.2954305123335e-11 3.12764369958529e-11 3.49649198483348e-11 4.06021327670203e-11 4.64804417177334e-11 4.34317359854219e-11 4.44244530051208e-11 6.06268812930466e-11 5.95013371906816e-11 5.94960081201634e-11 5.44360445609016e-11 6.50033138427375e-11 5.87626614034775e-11 5.04438935067242e-11 5.51201972953663e-11 6.32306207393185e-11 6.69768573935414e-11 5.00258279245713e-11 5.57801693723547e-11 5.73473046827644e-11 4.09905664966459e-11 7.19144188643384e-11 2.40512387783554e-11 1.95359728394351e-11 1.86472504104529e-11 1.67432845366022e-11 1.56021529029715e-11 1.68849378923142e-11 2.11295314578308e-11 2.78740475145867e-11 4.4363146489701e-11
2.23806073673671e-10 1.09252829005868e-11 9.78647496374663e-11 3.43649553258274e-11 1.81411108357565e-11 1.17874598970502e-11 2.52186604932092e-11 2.94667956701744e-11 1.70152336664842e-11 1.83409065712681e-11 2.15480966403447e-11 9.71450697662135e-12 1.49701251395129e-11 2.4772761619829e-11 2.7472535357731e-11 3.92291199524664e-11 3.16661474819568e-11 3.50537376903048e-11 3.99573374387785e-11 3.43212902542689e-11 3.79718367859994e-11 5.44231548715857e-11 5.06085062745854e-11 5.03011077235271e-11 4.6858505964309e-11 4.78689532457111e-11 8.94898710690484e-11 3.65969365923036e-11 1.31972699435323e-10 7.20457693503818e-11 5.00814167914143e-11 4.02342381633503e-11 3.70477426514526e-11 3.94683397075823e-11 3.42605610548219e-11 3.08322589681609e-11 3.5872849135643e-11 2.9294777714739e-11 1.82268977688693e-11 1.4789292013262e-11 1.51188950248127e-11 1.94672833409015e-11 2.42165065778011e-11 3.26346949464096e-11 2.87722623504294e-11
2.02180161501531e-11 6.79409528636654e-11 1.04953923329987e-10 1.16846754494304e-11 1.2899603607508e-11 1.01650465822445e-10 9.49391565363555e-11 1.05849107256972e-11 5.2762694213726e-11 5.1285664603995e-11 1.87277193752777e-11 9.84233805567669e-12 1.6013845804963e-11 2.11027972873978e-11 2.37240782574588e-11 2.72611933027633e-11 2.71458189260443e-11 2.88678303483891e-11 2.95833468832996e-11 3.4611369326143e-11 3.1057101335108e-11 3.7205150071884e-11 4.30713686938589e-11 4.58516002943554e-11 5.54189472090627e-11 1.70750447114898e-10 1.78806891515393e-10 1.22274990133064e-10 9.60891477497228e-11 4.57315740831632e-11 3.69783426101833e-11 5.0024595577014e-11 1.12251252737394e-10 8.55537529709238e-11 3.33737371072118e-11 3.17673110039607e-11 2.65430455392845e-11 2.2427582013762e-11 2.2729917947828e-11 2.5844204554204e-11 2.66501043455492e-11 2.6929580787538e-11 2.64544941508404e-11 1.28484700656628e-10 2.41076936191575e-11
1.35723687844092e-10 1.56863222411374e-10 4.18055590145627e-11 2.41678677070922e-11 7.11375736095476e-11 1.16947485029328e-10 1.95203742059391e-11 4.17759160598052e-12 2.35001129667012e-11 6.30720475847113e-11 8.45362668755456e-12 1.90446103331965e-11 3.25990012761679e-11 2.74784528464522e-11 1.6731371843548e-11 2.05946038001059e-11 2.35567565454176e-11 2.43783548903309e-11 2.10871653472111e-11 2.43738695893114e-11 2.07124539741699e-11 3.19090198708238e-11 4.02691102685537e-11 5.44684741754509e-11 1.1858731774339e-10 2.08065542572911e-10 1.47233947256353e-10 1.0858023369309e-10 7.16709025461171e-11 5.55724577466776e-11 7.20119408548214e-11 7.83880516053159e-11 3.92964216722191e-11 3.58767460184595e-11 3.38147398970534e-11 3.54432039273433e-11 3.75239395111748e-11 3.33573946242893e-11 5.29224664091998e-11 4.38023950444233e-11 1.61155977451699e-11 3.01280889125621e-11 1.89771309777598e-11 3.34464123064038e-11 3.18110759955914e-11
5.33428956561721e-10 3.68074537515639e-10 2.8284696806935e-10 5.89492787916868e-11 4.83845119525483e-10 1.49510759328564e-10 3.62361766148567e-09 1.17800946775048e-10 3.61838337070708e-12 1.54806023555665e-10 7.55840723343226e-11 3.07017966605372e-11 3.77551989672042e-11 1.96445082423224e-11 1.45163547848881e-11 1.93789428948321e-11 2.06415440295871e-11 1.91429982976388e-11 1.78276726714444e-11 1.8297352522012e-11 2.08821737679443e-11 3.32701532990143e-11 3.70887098810613e-11 7.70707941910587e-11 1.62318258833949e-10 1.51426315930792e-10 1.47446499454418e-10 1.03928199379766e-10 7.63271446047042e-11 1.06226127893905e-10 1.12014475472932e-10 8.99300967027727e-11 8.00814858870069e-11 6.18181283940089e-11 4.04166256018357e-11 3.77812670038225e-11 3.94555721427992e-11 3.84052567525828e-11 3.48146178552611e-11 3.07480041428221e-11 3.12278758407558e-11 3.41405237413994e-11 3.55572016275119e-11 3.23982063399342e-11 3.14234416265435e-11
1.78364523151231e-09 1.34798718853801e-09 7.92504173396935e-11 7.33749394576932e-10 5.00446040163638e-10 6.45634214979651e-09 1.49787579672989e-08 3.40150174693576e-10 8.83160655718029e-11 7.72377384272715e-11 3.47855300120159e-11 2.93164603704099e-11 2.75819478368078e-11 1.39588007819214e-11 1.31485711207802e-11 1.6225742971443e-11 1.52954204857281e-11 1.81769044260705e-11 2.16452855639204e-11 2.48597809004991e-11 2.7177005090806e-11 4.42872183370469e-11 2.88302159923148e-11 1.25477672696661e-10 2.16561701904538e-10 1.80078085776358e-10 1.13115550259835e-10 1.18814280636315e-10 1.27025279184068e-10 1.10054887425548e-10 1.090558754413e-10 1.00948183145988e-10 1.28353494499578e-10 1.1350440587421e-10 7.67627184039554e-11 6.143134889669e-11 5.49527423565621e-11 5.13984410588364e-11 4.80559703142092e-11 4.39233316384957e-11 4.65368188429238e-11 4.59954963005771e-11 6.59206911279853e-11 4.58440396755577e-11 4.15045886548171e-11
1.97802999535313e-09 1.41859552993395e-09 2.26377783185683e-10 5.57205159790186e-10 2.09953832097654e-10 4.13675982358086e-11 4.34785685232697e-10 2.89439083811516e-10 2.31911312376099e-10 1.14262777017871e-10 9.48159439850826e-11 5.50657519582387e-11 2.67523336816566e-11 1.56164081666077e-11 7.17021997331813e-12 1.04992792238079e-11 1.14848575094584e-11 1.75523706680281e-11 2.82305401277938e-11 2.76011102862128e-11 3.23191695628111e-11 4.74095318558909e-11 4.08709399657425e-11 1.45925505012912e-10 2.63695854041401e-10 1.5938598219023e-10 9.40198918719659e-11 1.23417864816844e-10 1.21405041575429e-10 8.12599210142651e-11 1.14084086622057e-10 1.2655515524429e-10 1.1697278701206e-10 1.10239750661378e-10 1.05119113413821e-10 1.02223340903151e-10 8.37578451040599e-11 7.85234988143202e-11 8.46051784186841e-11 9.27987797716412e-11 9.8364594247613e-11 6.96056212667884e-11 5.69462477173488e-11 4.60445348515748e-11 4.4681447430861e-11
8.66081906192306e-10 1.58550239603983e-10 9.35890083209045e-09 6.82609140323365e-09 3.61908693014001e-09 9.46224820719266e-10 7.44266026586615e-10 7.81414588590934e-10 6.38581976186714e-10 2.88424606420534e-10 1.90623183904393e-10 1.21977816736063e-10 6.07639827343576e-11 2.74243516784622e-11 1.5115797502574e-11 1.0485623480605e-11 1.01593289336677e-11 1.75144010405859e-11 2.98273072907307e-11 4.38876934794052e-11 4.14141720916916e-11 4.20930179600987e-11 4.8384407591584e-11 6.45118736208872e-11 1.24314780691748e-10 1.41719580515343e-10 8.95324370198125e-11 1.07597575293994e-10 1.0658208760006e-10 1.09184195018486e-10 1.67642977277893e-10 1.32850908052262e-10 1.01588049084e-10 1.07657915915382e-10 1.06254716136789e-10 1.04474751072559e-10 1.04799768863018e-10 1.02229658072162e-10 1.0022194185666e-10 9.55583945305705e-11 8.67981686525354e-11 6.27800145203139e-11 5.0415482899524e-11 3.39034356144907e-11 3.63050367546691e-11
1.24599849327112e-09 2.75802591875873e-10 1.22407297808991e-06 2.19808494739127e-09 2.82455792088854e-10 3.95593446889109e-11 1.66770519616222e-10 4.12479583822289e-10 7.1404763213323e-10 1.39871438875616e-09 1.15836888969767e-09 5.03281127883781e-10 1.48394374566152e-10 1.08501763129709e-10 3.73163500100304e-11 2.51304088649817e-11 1.2063683385577e-11 4.22888613016426e-11 3.43496453503178e-11 3.64901331373346e-11 5.49200906974079e-11 4.39745462266217e-11 5.19375875640549e-11 6.97174429298286e-11 1.06836095525864e-10 1.56861146294318e-10 9.99762050923891e-11 1.08579967239564e-10 1.48487766526983e-10 1.19896814698706e-10 1.39594713566282e-10 1.27064503363528e-10 1.13842002491538e-10 1.13728015893599e-10 1.10869491365406e-10 1.08912667773353e-10 1.07889286393714e-10 1.03257358219366e-10 9.76340341907189e-11 8.59972315581103e-11 5.4562032669736e-11 3.94179799911853e-11 3.40753536498539e-11 2.80918954764786e-11 2.27720398093822e-11
9.06524688648602e-10 9.09822217565193e-11 8.87137141525329e-11 1.45198486567466e-10 2.09573358667114e-11 9.9026575828276e-11 1.21465626445882e-10 1.34012378971704e-10 7.04044711419272e-11 4.51463866291135e-11 5.10941422504629e-10 1.00852416418107e-09 5.18674347915749e-10 2.43153819301511e-10 4.37499592109702e-11 2.15867212993714e-11 2.74139821954122e-11 5.47048517596238e-11 2.91301871513383e-11 3.93046484248316e-11 5.42889844190597e-11 4.17742729297288e-11 3.56984442007047e-11 1.24277588220423e-11 6.92316537431736e-11 1.85693960208511e-10 1.74319614298923e-10 1.44485634567815e-10 1.35006372747881e-10 1.29776778212687e-10 1.7574279809196e-10 2.00682959139442e-10 1.2871922416835e-10 1.1933030119593e-10 1.15895093522056e-10 1.14693821107181e-10 1.14693909925023e-10 1.00431940541768e-10 8.34050939424458e-11 5.62979218798887e-11 3.76945252789085e-11 3.10172776352147e-11 4.36813363258182e-11 2.31313634913022e-11 2.28095653476146e-11
3.35146133068065e-10 2.20221929581044e-10 2.4413928656486e-10 2.81991086037436e-10 1.13502340859384e-10 8.74297745312447e-11 7.89161846981301e-11 9.12551700871234e-11 1.03095898484895e-10 9.040110882097e-11 8.2626938624486e-11 1.22406118574503e-10 7.33490213011834e-10 2.85457524284993e-10 5.67951352614671e-11 1.56301971365735e-11 1.77444614557487e-11 4.44670411603454e-11 2.87603385551449e-11 3.60443785929476e-11 3.559453842783e-11 2.86784818115393e-11 4.017787214039e-11 7.05827396529912e-11 1.42509004597002e-10 2.55449938979524e-10 2.37445940687309e-10 2.0871743222628e-10 2.02259609061173e-10 2.15533435543591e-10 2.127669707086e-10 2.29064234247289e-10 1.97099447873939e-10 1.80927439696887e-10 1.72780656448879e-10 1.48225764995402e-10 1.09454389995989e-10 7.12493730681274e-11 5.80112735626415e-11 3.74937747515958e-11 3.23204352170592e-11 2.43093212226597e-11 2.04351757737697e-11 2.63101651576392e-11 3.75782960304605e-11
