Scripts_&_data/Maxent_result_files_1/Bombus_jonellus_2.asc
NCOLS 594 
NROWS 330 
XLLCORNER -15 
YLLCORNER 23 
CELLSIZE 0.166666666666667 
NODATA_value -9999 
[rows 40 to 59 of 330, columns 184 to 229 of 594]
-9999 -9999 -9999 -9999 -9999 -9999 -9999 -9999 -9999 -9999 -9999 -9999 -9999 -9999 -9999 -9999 -9999 -9999 -9999 -9999 -9999 -9999 -9999 -9999 -9999 -9999 -9999 -9999 -9999 -9999 -9999 -9999 -9999 -9999 -9999 -9999 -9999 -9999 -9999 -9999 -9999 -9999 -9999 -9999 -9999 -9999
-9999 -9999 -9999 -9999 -9999 -9999 -9999 -9999 -9999 -9999 -9999 -9999 -9999 -9999 -9999 -9999 -9999 -9999 -9999 -9999 -9999 -9999 -9999 -9999 -9999 -9999 -9999 -9999 -9999 -9999 -9999 -9999 -9999 -9999 -9999 -9999 -9999 -9999 -9999 -9999 -9999 -9999 -9999 -9999 -9999 -9999
-9999 -9999 -9999 -9999 -9999 -9999 -9999 -9999 -9999 -9999 -9999 -9999 -9999 -9999 -9999 -9999 -9999 -9999 -9999 -9999 -9999 -9999 -9999 -9999 -9999 -9999 -9999 -9999 -9999 -9999 -9999 -9999 -9999 -9999 -9999 -9999 -9999 -9999 -9999 -9999 -9999 -9999 -9999 -9999 -9999 -9999
-9999 -9999 -9999 -9999 -9999 -9999 -9999 -9999 -9999 -9999 -9999 -9999 -9999 -9999 -9999 -9999 -9999 -9999 -9999 -9999 -9999 -9999 -9999 -9999 -9999 -9999 -9999 -9999 -9999 -9999 -9999 -9999 -9999 -9999 -9999 -9999 -9999 -9999 -9999 -9999 -9999 -9999 -9999 -9999 0.985750651359558 0.982218062877655
-9999 -9999 -9999 -9999 -9999 -9999 -9999 -9999 -9999 -9999 -9999 -9999 -9999 -9999 -9999 -9999 -9999 -9999 -9999 -9999 -9999 -9999 -9999 -9999 -9999 -9999 -9999 -9999 -9999 -9999 -9999 -9999 -9999 -9999 -9999 -9999 -9999 -9999 -9999 0.970830208063126 0.940477031469345 0.941445982456207 0.943153816461563 0.898602110147476 -9999 -9999
-9999 -9999 -9999 -9999 -9999 -9999 -9999 -9999 -9999 -9999 -9999 -9999 -9999 -9999 -9999 -9999 -9999 -9999 -9999 -9999 -9999 -9999 -9999 -9999 -9999 -9999 -9999 -9999 -9999 -9999 -9999 -9999 -9999 -9999 -9999 -9999 -9999 -9999 -9999 -9999 -9999 -9999 -9999 0.980651891231537 1 1
-9999 -9999 -9999 -9999 -9999 -9999 -9999 -9999 -9999 -9999 -9999 -9999 -9999 -9999 -9999 -9999 -9999 -9999 -9999 -9999 -9999 -9999 -9999 -9999 -9999 -9999 -9999 -9999 -9999 -9999 -9999 -9999 -9999 -9999 0.898691385984421 0.719719317162526 0.926190447807312 1 1 -9999 0.973312640190125 0.930610674619675 0.402374903026794 0.921662026643753 -9999 -9999
-9999 -9999 -9999 -9999 -9999 -9999 -9999 -9999 -9999 -9999 -9999 -9999 -9999 -9999 -9999 -9999 -9999 -9999 0.999813681840897 0.995512330532074 0.998090052604675 -9999 -9999 -9999 0.999987632036209 0.983854252099991 -9999 -9999 0.999704825878143 0.880214869976044 0.908680588006973 -9999 -9999 -9999 -9999 0.86637182533741 1 0.999947434663773 1 1 0.833763557672501 0.842762837558985 0.771838009357452 0.960554581880569 -9999 -9999
-9999 -9999 -9999 -9999 -9999 -9999 -9999 -9999 -9999 -9999 -9999 -9999 -9999 -9999 -9999 -9999 -9999 -9999 -9999 0.944372445344925 0.972431302070618 0.531884666462611 0.960925006866455 0.981836134195328 0.998147612810135 -9999 -9999 1 -9999 -9999 -9999 0.999366402626038 -9999 0.970166349411011 0.88994312286377 0.876262575387955 -9999 0.92947980761528 0.883315026760101 0.608055955171585 0.608813607692719 0.138476328867569 0.408507096813992 0.497200617997441 0.78114447593689 0.892842841148376
-9999 -9999 -9999 -9999 -9999 -9999 -9999 -9999 -9999 -9999 -9999 -9999 -9999 -9999 -9999 -9999 0.772127363627806 0.882752397656441 0.956522583961487 0.88399909734726 0.972948050498962 0.941619545221329 0.949058359861374 0.926711958646774 -9999 1 1 1 -9999 0.999998688697815 0.982141244411469 0.759458589553833 0.896582335233688 0.889355731010437 0.999999493360519 0.975745660066605 0.608784586191177 0.814430898427963 0.804253244400024 0.722178190946579 0.539886564016342 0.5005176872015 0.745198833942413 0.724594080448151 0.696373820304871 0.599371749162674
-9999 -9999 -9999 -9999 -9999 -9999 -9999 -9999 -9999 -9999 -9999 -9999 -9999 -9999 -9999 0.907840806245804 0.865110713243485 0.929914039373398 0.965789967775345 -9999 0.954617881774902 0.937455683946609 0.999997788667679 0.999998235702515 0.997820466756821 1 1 1 -9999 0.967072874307632 0.977112454175949 0.220371173271997 0.485461580753326 0.846179044246674 0.70079585313797 0.357346279919147 0.483407720923424 0.098556047890429 0.331537790596485 0.418531510233879 0.729877358675003 0.611031886935234 0.52844115793705 0.583466595411301 0.666103249788284 0.380922898650169
-9999 -9999 -9999 -9999 -9999 -9999 -9999 -9999 -9999 0.99999515414238 0.984005624055862 0.960724234580994 0.9378282725811 0.96396107673645 -9999 0.992426013946533 -9999 0.961181151866913 0.879339319467545 0.964411354064941 0.957061815261841 0.946662884950638 1 0.948175179958344 1 1 1 1 0.934204238653183 0.65014300942421 0.207203272712253 0.59690248966217 0.359545984864235 0.490237128734589 0.69803968667984 0.705064678192139 0.573992776870728 0.322209060192108 0.340853413939476 0.325594973564148 0.460748091340065 0.227820955216885 0.244422483444214 0.541955190896988 0.303921470046043 0.22388182580471
-9999 0.999999988079071 0.99072293639183 -9999 -9999 -9999 -9999 -9999 0.985961657762527 0.856738650798798 0.857773768901825 0.971350502967834 0.932763850688934 0.975467604398727 0.999435567855835 0.961556845903397 0.903101164102554 0.913809305429459 0.979398250579834 0.977598810195923 0.95987606048584 0.999884486198425 0.988273310661316 0.859650504589081 0.999975734949112 0.88039066195488 0.999992334842682 0.453331664949656 0.747253322601318 0.525280809402466 0.267360183596611 0.198548304289579 0.217207263410091 0.247399309277534 0.24328550696373 0.418853250145912 0.302747020125389 0.457100963592529 0.477059438824654 0.375832176208496 0.195904091000557 0.316250371932983 0.261955319344997 0.195673577487469 0.304759389162064 0.277602231502533
0.989489495754242 0.999995893239975 -9999 -9999 -9999 -9999 -9999 -9999 0.99423970580101 -9999 -9999 -9999 0.998963350057602 0.970262384414673 0.980562996864319 0.926365256309509 0.857736951112747 0.791725260019302 0.908011913299561 0.907996642589569 0.879013931751251 0.837654101848602 0.938188481330872 0.738811671733856 0.536322343349457 0.149604694692641 0.239317159130042 0.428185087442398 0.313731008768082 0.294422860443592 0.305096089839935 0.253622964024544 0.0707444771793973 0.249076421558857 0.470744672417641 0.37054543197155 0.213609039783478 0.213109438121319 0.199452477693558 0.314531022310257 0.15744202286005 0.172467260062695 0.199287724494934 0.137557017058134 0.0472059722989798 0.055458127707243
0.998476231098175 -9999 -9999 -9999 0.997503995895386 -9999 -9999 -9999 -9999 0.999999988079071 -9999 0.990968054533005 0.972532624006271 0.923592853546143 0.898281890153885 0.916092836856842 0.941776013374329 0.854007643461227 0.784977561235428 0.999912869930267 0.852049469947815 0.790349370241165 0.791679334640503 0.780447417497635 0.660846775770187 0.443871197104454 0.090692801787452 0.295659464597702 0.32517656981945 0.507486689090729 0.444646775722504 0.353066197037697 0.38742667734623 0.379464450478554 0.389316302537918 0.396189320087433 0.401198983192444 0.206244607269764 0.167867527902126 0.244259445369244 0.153652229905128 0.150431196391582 0.11245324909687 0.0610919088125229 0.0431282173842192 0.100630997493863
0.922135883569717 0.99193257689476 0.999989300966263 0.988208615779877 0.996523231267929 -9999 -9999 0.999910563230515 0.987459123134613 0.990140378475189 0.962942028045654 0.937093889713287 0.910484737157822 0.897667771577835 0.905833238363266 0.918452471494675 1 0.915332520008087 0.629275315999985 0.142618455597784 0.17886078070228 0.343464561365545 0.401616633194499 0.92294654250145 0.63517399430275 0.436815872788429 0.300200060009956 0.247385776042938 0.280222271382809 0.269317522644997 0.261224441230297 0.251630312204361 0.249779753386974 0.424698022007942 0.330277755856514 0.417211946845055 0.246427965164185 0.224646429717541 0.226236075162888 0.278574398159981 0.158956727385521 0.168848857283592 0.208598935604095 0.102451365441084 0.144548074156046 0.164011515676975
0.92789608836174 0.910940945148468 0.901612931489944 0.9233602643013 0.989472216367722 0.97800332903862 0.989942288398743 0.891813856363296 0.988156020641327 0.941737288236618 0.790913873910904 0.96390660405159 0.877859681844711 0.771257847547531 0.926198792457581 0.352483472913809 0.989323931932449 0.999743014574051 0.426711174845695 0.488169386982918 0.412525963783264 0.463572153449059 0.416517007350922 0.395206907391548 0.384124079346657 0.491223245859146 0.305465596914291 0.322445327043533 0.397401884198189 0.437833631038666 0.374471116065979 0.233034929633141 0.22131641805172 0.212732790410519 0.226298792660236 0.227560518682003 0.3181516289711 0.370595645904541 0.367585173249245 0.214609636366367 0.131585791707039 0.262085829675198 0.259200216829777 0.191952161490917 0.114815644919872 0.0946187138557434
0.973193597793579 0.99997433423996 -9999 0.972063356637955 0.970680099725723 0.933309358358383 0.98867866396904 -9999 -9999 0.993467253446579 0.990702903270721 0.959572947025299 0.999345183372498 0.997924673557282 0.2960736441687 0.482221055094284 0.999177211523056 0.72507615685463 0.724553370475769 0.705244952440262 0.751039898395538 0.452526584267616 0.430946595966816 0.635717847943306 0.361524701118469 0.383043426275253 0.458574399352074 0.24347560107708 0.259794335067272 0.265382160246372 0.248504957556725 0.38367223739624 0.209764328598976 0.203907141089439 0.307352259755135 0.296351897716522 0.204278825223446 0.206069855391979 0.214463245868683 0.194144348800182 0.202180749177933 0.202606432139874 0.192576253414154 0.190999394655228 0.178597371280193 0.147315376251936
-9999 -9999 -9999 -9999 0.855166578292847 0.830107681453228 0.987547659873962 0.899639111757278 1 1 1 0.999875754117966 0.967052674293518 0.264806092531398 0.36963771461742 0.470309787988663 0.595959079265594 0.698971754312515 1 0.976929956674576 0.584649586677551 0.644543153047562 0.69077975153923 0.443008455634117 0.640932774543762 0.445246240496635 0.497716993093491 0.329064351320267 0.398155361413956 0.413298556208611 0.411985975503922 0.251261824369431 0.377525171637535 0.231830686330795 0.189210368692875 0.278961756825447 0.30384014248848 0.315433901548386 0.244700960814953 0.310173079371452 0.310756692290306 0.28435605019331 0.36980217397213 0.356502342224121 0.327819111943245 0.360333442687988
0.886639255285263 0.995945656299591 0.997604632377625 -9999 0.965717488527298 0.8169119104743 1 0.743523466587067 0.574747580289841 0.768076354265213 0.691394251585007 0.806043398380279 0.893766683340073 0.622857037186623 0.182374873253866 0.297693529282697 0.371718904469162 0.953417468070984 0.886746376752853 0.127879976681297 0.535753661394119 0.476054957509041 0.429106214642525 0.59184622168541 0.383428266644478 0.280159620940685 0.331399977207184 0.434502848982811 0.474610552191734 0.426420563459396 0.437725928425789 0.295815947651863 0.328312543034554 0.361553752422333 0.297080022096634 0.247743006050587 0.209170953929424 0.228174702823162 0.246109920740128 0.345626473426819 0.267129328846931 0.341132891178131 0.268769936263561 0.431159082055092 0.405471348762512 0.381719020009041
