Scripts_&_data/Maxent_result_files_1/Bombus_lapidarius_3.asc
NCOLS 594 
NROWS 330 
XLLCORNER -15 
YLLCORNER 23 
CELLSIZE 0.166666666666667 
NODATA_value -9999 
[rows 140 to 159 of 330, columns 45 to 89 of 594]
0.197920632362366 0.187093725171871 0.0768055083325411 0.163082197494805 0.165356481075287 0.146398522146046 0.133692946890369 0.143693379207434 0.199998688697815 0.2 0.2 0.199995694086564 -9999 -9999 -9999 -9999 -9999 -9999 -9999 -9999 -9999 -9999 -9999 0.363170692690306 0.16972160935402 0.199931484460831 0.199430906772614 0.198231327533722 0.258789771795273 0.196562782628462 0.191411938722013 0.198613399267197 0.190765762330543 0.199078047275544 0.199998462200165 0.2 0.2 0.2 0.26321205496788 -9999 -9999 -9999 -9999 -9999 -9999
0.167165375128388 0.0966234743595135 0.130025792121887 0.182438224554062 0.202575498819351 0.190726625919342 0.29606956243515 0.166309813177213 0.162330741435289 0.164678429067148 0.174200076064347 0.200664262776263 -9999 -9999 -9999 -9999 -9999 -9999 -9999 -9999 -9999 -9999 -9999 -9999 0.262968778610229 0.192449164390922 0.191042232513428 0.199999994039536 0.197540766000748 0.23740331530571 0.232756954431534 0.193220975762233 0.1998291015625 0.199976593255997 0.294476449489594 0.297847884893417 0.19999920129776 0.199830157406808 0.199999994039536 0.19999994635582 0.263212037086487 0.263144787164129 -9999 -9999 -9999
0.179842621088028 0.198022764921188 0.191111594438553 0.179974287748337 0.198647511005402 0.124503558504693 0.193755155801773 0.236871194839478 0.209158992767334 0.273806879669428 -9999 -9999 -9999 -9999 -9999 -9999 -9999 0.203885014355183 0.199718415743877 -9999 -9999 -9999 -9999 -9999 -9999 0.263207650184631 0.199998927116394 0.2 0.262089365720749 0.266652858257294 0.191047585015501 0.19856750369072 0.168425099659453 0.198957860469818 0.199999338388443 0.298861277103424 0.2999558341392 0.199985414753131 0.199998317957943 0.19999807477118 0.200013194170606 0.296272182465178 0.29996782541275 -9999 -9999
0.198286074399948 0.171465575695038 0.0978781174547748 0.158064843481407 0.15084809778491 0.200350821018219 0.182630885143572 0.195937448740006 0.263212295562971 -9999 -9999 -9999 -9999 -9999 -9999 -9999 -9999 -9999 -9999 -9999 -9999 -9999 -9999 -9999 -9999 -9999 -9999 -9999 0.2 0.194583884585347 0.197245419031671 0.280895125865936 0.195848238829058 0.198798942565918 0.199999421834946 0.200000050700942 0.396230816841125 0.299881819747316 0.200000000000056 0.273175436706515 0.299736875295639 0.363142465772151 0.275214898907879 0.288037759065628 -9999
0.218813163042068 0.198301890492439 0.191611757874489 0.176409500837326 0.190752750635147 0.127920576930046 0.169240272045136 -9999 -9999 -9999 -9999 -9999 -9999 -9999 -9999 -9999 -9999 -9999 -9999 -9999 -9999 -9999 -9999 -9999 -9999 -9999 -9999 0.2 0.201920267567039 0.199999290704727 0.199238535400946 0.199914830923081 0.198927158117294 0.199998617172242 0.2 0.26321205496788 0.200000642098757 0.327068738359958 0.2 0.462072741985321 0.363103086238607 0.213559624768638 0.199835187500956 0.299093754193746 -9999
0.191576379537582 0.112922599934905 0.142659474350512 0.185466665029526 0.228886753320694 0.189711904525757 0.178980839260723 -9999 -9999 -9999 -9999 -9999 -9999 -9999 -9999 -9999 -9999 -9999 -9999 -9999 -9999 -9999 -9999 -9999 -9999 -9999 -9999 0.200000000000001 0.2 0.2 0.2 0.2 0.199975211533319 0.2 0.2 0.2 0.2 0.26321205496788 0.263212025472769 0.263212043155333 0.399828654527664 0.319960671663284 0.2 0.2 0.273061388196083
0.200925755500793 0.143564649959444 0.0892214536666873 0.22659078836441 0.1599664747715 0.204766577482401 0.226448875667588 0.24292594790496 -9999 -9999 -9999 -9999 -9999 -9999 -9999 -9999 -9999 -9999 -9999 -9999 -9999 -9999 -9999 -9999 -9999 -9999 -9999 0.2 0.2 0.2 0.2 0.2 0.2 0.2 0.2 0.200000000012216 0.2 0.26321205496788 0.2 0.346361595392227 0.459482086483969 0.2 0.363143031085576 0.2 0.263212007284164
0.143068101290555 0.248706245422363 0.159176781773567 0.0637174427623654 0.0994732266733664 0.295320123434846 0.2 0.2 -9999 -9999 -9999 -9999 -9999 -9999 -9999 -9999 -9999 -9999 0.264959449693561 -9999 -9999 -9999 -9999 -9999 -9999 -9999 0.2 0.2 0.2 0.2 0.2 0.812303125858307 0.2 0.2 0.199989855289459 0.3 0.2 0.2 0.263211596013526 0.263195948713746 0.263198778010098 0.271913523020521 0.3615622702986 0.263216221089624 0.199999368193756
0.187518852949142 0.198231643438351 0.198809462785721 0.199985104799606 0.259309142827988 0.257478094100952 0.26321205496788 0.2 -9999 -9999 -9999 -9999 -9999 -9999 -9999 -9999 -9999 -9999 0.0771789101883769 0.142611094381073 0.199983513355255 0.26291875243187 0.19998904466629 0.199736601114273 0.113417792320251 0.199851247656827 0.2 0.2 0.299969935417175 0.2 0.200000024702354 0.199999940395355 0.299969935417175 0.199997389316559 0.290871924161911 0.2 0.2 0.299969935417175 0.363181990385056 0.263154256836983 0.267582927574404 0.2 0.33706354540584 0.301854648068547 0.272824424091289
0.12745298743248 0.25137425661087 0.188568842411908 0.180762552610487 0.168668586015702 0.163847738504431 0.193131870031363 0.196362119928842 0.358100918196694 -9999 -9999 -9999 -9999 -9999 -9999 -9999 -9999 -9999 -9999 0.19923642873764 0.198652946949005 0.199424332380295 0.199625968933105 0.199466282129288 0.176660871505737 0.170229542255462 0.200000000000368 0.2 0.204794880002737 0.294537979364395 0.2 0.2 0.2 0.315626806020737 0.29401159286499 0.2 0.2 0.2 0.2 0.287486881483346 0.363181990385056 0.268575467124174 0.268981054995675 0.277568200795213 0.264171559520764
0.107004955604816 0.0604878336238624 0.16381414809902 0.156501910209713 0.0800889074802402 0.0842658475924908 0.199664318563628 0.160843271023106 0.268048977463332 -9999 -9999 -9999 -9999 -9999 -9999 -9999 -9999 0.346523249149323 0.358716748484585 0.401442682743072 0.199999892711639 0.199999058246613 0.199999898672104 0.199999749660492 0.199975657463074 0.199999964237213 0.199994397163391 0.299074214696884 0.222370401024818 0.29778801202774 0.200180301442742 0.200000000000001 0.2 0.2 0.235638129711151 0.199995654875357 0.2 0.2 0.2 0.302777675911784 0.263340987649281 0.29973965883255 0.262653763906565 0.258002621750347 0.299164396524429
0.15762040913105 0.196596342325211 0.0972018552079167 0.160742411017424 0.180434110947017 0.134957589448096 0.120105630160764 0.150730720149295 -9999 -9999 -9999 -9999 -9999 -9999 -9999 -9999 -9999 -9999 -9999 -9999 0.354624188198068 0.199709391593933 0.199641352891922 0.199999988079071 0.199531030654907 0.273760163784027 0.209461652487516 0.294775897264481 0.299969935417175 0.200000041606386 0.2 0.297829586267471 0.2 0.2 0.299969935417435 0.2 0.202572348614922 0.2 0.2 0.262821477652713 0.369813506305218 0.391869699954987 0.355431568622589 0.262984299660267 0.341173213720322
0.156816864013672 0.299116313457489 0.146120691206306 0.0855901153572814 0.195360428097274 0.12698105275631 0.133434803783894 0.292772316932678 -9999 -9999 -9999 -9999 -9999 -9999 -9999 -9999 -9999 -9999 -9999 -9999 0.245928591489792 0.197851765155792 0.196658760309219 0.0929434597506065 0.269795566797256 0.194934954494238 0.203585310280323 0.199656534557819 0.208591512590647 0.20002006540308 0.299969935417175 0.299969935417175 0.812303125858307 0.2 0.2 0.299969935417175 0.2 0.2 0.2 0.455793982744217 0.36313049197197 0.263222957963444 0.263776195389801 0.2 0.266351309081074
0.158156834542751 0.137213788833469 0.0566430777505046 0.146001300867647 0.166701167821884 0.174294778704643 0.177618539333344 -9999 -9999 -9999 -9999 -9999 -9999 -9999 -9999 -9999 -9999 -9999 -9999 -9999 0.285736714303494 0.163865464929736 0.199947053194046 0.129854378352853 0.161940436750228 0.234699705243111 0.188875904027373 0.19888631172258 0.199894513729789 0.199758547260717 0.199778747558602 0.2 0.2 0.2 0.2 0.2 0.2 0.19999982714653 0.264780954027083 0.263118930192286 0.199999612569809 0.272125002741814 0.265027352734614 0.26320956517103 0.263171429249451
0.132805560214911 0.0881498155860754 0.168330420602346 0.286345958709717 0.284359002113342 0.190911575593057 0.287303440645337 -9999 -9999 -9999 -9999 -9999 -9999 -9999 -9999 -9999 -9999 -9999 -9999 0.344261238910258 0.165448521077633 0.186645555496216 0.1998410820961 0.169258970022207 0.19160841726698 0.147119750136409 0.176921194385042 0.199303109101693 0.199960275669355 0.264881843328476 0.200227679661475 0.2 0.199938855646444 0.2 0.199999684097981 0.199999552965164 0.296880292892456 0.263093757908791 0.266700464097084 0.2 0.2 0.198800439881185 0.259459757618606 0.271041840867974 0.194335142181808
-9999 -9999 -9999 -9999 -9999 -9999 -9999 -9999 -9999 -9999 -9999 -9999 -9999 -9999 -9999 -9999 0.279125806130469 0.112349870800972 0.148929032683372 0.219380313158035 0.12864512801186 0.189888161420822 0.199914312362671 0.186835157968446 0.197205351851881 0.192042962589767 0.195301374327391 0.199443530363081 0.285390436649323 0.200001910345782 0.199967016957817 0.210441273452224 0.251886099578032 0.200010014124564 0.214918722928755 0.272549441389447 0.199718890825289 0.26320099830877 0.265360059913291 0.265817110036733 0.2 0.263213410053231 0.199999833106995 0.199162715673447 0.199881827831268
-9999 -9999 -9999 -9999 -9999 -9999 -9999 -9999 -9999 -9999 -9999 -9999 -9999 -9999 0.184212356805801 0.14839458167553 0.136969813704491 0.148167291283607 0.185489079356194 0.140342324972153 0.0868909448388678 0.180857900343835 0.176128202696417 0.174508417634934 0.158099025716523 0.199285572767258 0.199837112426758 0.206472387909889 0.199703466751089 0.199879981008053 0.199975485567038 0.2 0.2 0.297306435421471 0.214886340508402 0.200086298749336 0.202682188392734 0.211473790558426 0.19996680021286 0.300540356710553 0.299963587522507 0.2 0.2 0.2 0.199994482485444
-9999 -9999 -9999 -9999 -9999 -9999 -9999 -9999 -9999 -9999 -9999 -9999 -9999 -9999 0.199998611211777 0.199406361579895 0.0657922368496656 0.239134877920151 0.212222563691466 0.199575257301331 0.199999982118607 0.296258967267204 0.199996501207352 0.195364880561829 0.299940878847219 0.199890922065242 0.199885278940201 0.195166690870386 0.2 0.2 0.199995988909679 0.199999988079071 0.199999785525776 0.255397449051679 0.252870629231691 0.279425245563237 0.199999964237213 0.2 0.293712299608705 0.200000000000001 0.299969935417175 0.2 0.2 0.2 0.2
-9999 -9999 -9999 -9999 -9999 -9999 -9999 -9999 -9999 -9999 -9999 -9999 -9999 -9999 -9999 -9999 -9999 -9999 -9999 -9999 0.291223966585585 -9999 0.2 0.200000000000047 0.2 0.26321205496788 0.2 0.2 0.363181990385056 0.2 0.200000000002872 0.290817588567734 0.298000985481309 0.2 0.2 0.209595416486263 0.209280993044376 0.199990904331207 0.201694453695802 0.200001136037541 0.2 0.2 0.2 0.812303125858307 0.812303125858307
-9999 -9999 -9999 -9999 -9999 -9999 -9999 -9999 -9999 -9999 -9999 -9999 -9999 -9999 -9999 -9999 -9999 -9999 -9999 -9999 -9999 -9999 -9999 -9999 0.336778891086578 0.26321205496788 -9999 -9999 0.299969935417175 0.2 0.2 0.202030425146222 0.199951881170298 0.198059538751841 0.199821718166696 0.200519567728043 0.2 0.199999994085556 0.200000133008155 0.2 0.2 0.2 0.2 0.812303125858307 0.812303125858307
