Scripts_&_data/Maxent_result_files_1/Bombus_armeniacus_3.asc
NCOLS 594 
NROWS 330 
XLLCORNER -15 
YLLCORNER 23 
CELLSIZE 0.166666666666667 
NODATA_value -9999 
[rows 126 to 146 of 330, columns 276 to 321 of 594]
0.00765135900583118 0.00881267189979553 0.00765668852254748 0.0230614453554153 0.00675162677653134 0.00496708962600678 0.0260004609823227 0.00353357093408704 0.00464619323611259 0.0102751984493807 0.028583375015296 0.0145978740882128 0.0457818607421359 0.111756470054388 0.0114125532563776 0.0111265927553177 0.00650798613205552 0.00559209873899817 0.00601108570117503 0.0048596344422549 0.0345010815188289 0.0310564106330276 0.0333938342519104 0.0349199138581753 0.0494195774197578 0.037041980214417 0.0300162775442004 0.013886939175427 0.0353225478567765 0.243677805364132 0.0376270784647204 0.0356442959980878 0.0341594403609633 0.0192519707105475 0.0075457287253812 0.0340641659684479 0.0172582047263859 0.0448049280792475 0.0130379386711866 0.0134725142488605 0.0227842442691326 0.0315679293125868 0.0313739759847522 0.0550493311136961 0.0095031177974306 0.00526223429478705
0.00927806766703725 0.00909304996021092 0.00776243098080158 0.0231232404708862 0.00680264825932682 0.00868032370053697 0.00630762572400272 0.00392631499562413 0.00444516293646302 0.0070570868672803 0.0048583657713607 0.00634871353395283 0.00591146643273532 0.0109654559753835 0.00861794939264655 0.0072681812569499 0.00889873099513352 0.00784812113270164 0.00753643191419542 0.0116895265877247 0.0324304630979896 0.012642789259553 0.0418795946985483 0.044487920938991 0.0517362726852298 0.058255959674716 0.0308488389244303 0.0141599813243374 0.0449846301227808 0.0703060844913125 0.0490530645480248 0.0266507562739207 0.0131439978328388 0.0189236788079143 0.0668104848334607 0.0968458041548729 0.0495057441294194 0.00574156642895995 0.0116472066380084 0.0367297517135739 0.0440556760877371 0.0388213163241744 0.00753074726198508 0.00661673699272001 0.00303576377818899 0.00715699107386172
0.0103686212562025 0.00833927178755403 0.00762707781977952 0.0084882803610526 0.011678461387055 0.0117758614942431 0.00631449841894209 0.00803704706486314 0.00791586367413402 0.00933820330537856 0.0073607136728242 0.00588711865711957 0.00633003287948668 0.00700541255064309 0.00536647748667747 0.00680090985260904 0.00723636271432042 0.0099231444299221 0.0296991113573313 0.00861085881479084 0.033943497762084 0.0292351718991995 0.0760385278612375 0.0606833785772324 0.0892975073307753 0.0548938415944576 0.0116321237757802 0.0325503767468035 0.0207889613193402 0.0792459949851036 0.0725954576162621 0.0447475175373266 0.169647084921598 0.0368448427414187 0.0142227646982064 0.0326646197587252 0.0241443458944559 0.00761757041327655 0.00793365412391722 0.013742549624294 0.0498904652893543 0.0624169565737247 0.0513702988624573 0.0615038711577654 0.0220579798333347 0.0110663654282689
0.00967048588208854 0.00843458850868046 0.0103766649030149 0.011879065629364 0.0109647374134511 0.0177678190171719 0.00684663513675332 0.00673044421710074 0.0064096562564373 0.00629734308458865 0.00557090998627245 0.00670047882013023 0.00640917620621622 0.00965956524014473 0.00780594269745052 0.00876236581243575 0.00837254836224019 0.017307695094496 0.0453805882483721 0.0354242132976651 0.0365941351279616 0.0146169684827328 0.0096324872225523 0.0464245621114969 0.150022560358047 0.0833232708275318 0.0631525255739689 0.0303887292742729 0.0267029855400324 0.011217255750671 0.0263191618025303 0.00457183335502123 0.0094341172836721 0.0367717130109668 0.0663722582161426 0.0606249399483204 0.0396732872352004 0.0629780866205692 0.0463485017884523 0.0761588484048843 0.0165656588040292 0.0148531308397651 0.0423148399218917 0.0704485236667097 0.019058595597744 0.0343177042901516
0.0633805932477117 0.143940322847269 0.0105451146409905 0.0168785122223198 0.0082755682989955 0.01265609418042 0.00514468586770818 0.00908043938688934 0.00620867742691189 0.00645373719744384 0.0175705451518297 0.0055704636964947 0.0137126901187003 0.0275866780430079 0.0392476789653301 0.044962102919817 0.0384011559188366 0.0650282058864832 0.0420821251347661 0.136054131388664 0.118836388736963 0.0523086979985237 0.0446096524596214 0.0314951278269291 0.160954406857491 0.082126946747303 0.0969050012528896 0.0914386756718159 0.0801265738904476 0.0523417054775337 0.0200088355020853 0.0382056819275022 0.0543118660338223 0.0392859321087599 0.0473233338445425 0.082371224835515 0.0637473245908041 0.0155106910504401 0.0339655304327607 0.039641304500401 0.00500273024663329 0.0111445656046271 0.0574967732653022 0.00919631160795689 0.025237850099802 0.0124860969372094
0.0250849403651955 0.0593606165659709 0.00638632259797305 0.00375038790516555 0.0175865147262812 0.0108763352967799 0.00394037191290408 0.00407275734469295 0.0105261951684952 0.00543334984686226 0.013161538168788 0.0102711775805801 0.00721960184164345 0.008966777427122 0.00805193968117237 0.0358179710805416 0.0105659407563508 0.0107612146995962 0.0450259327888489 0.0584804639220238 0.0526372012762305 0.123587290748765 0.0412389675155282 0.0555644020438194 0.0664829332381487 0.107905352115631 0.0625560566782951 0.0783420942723751 0.090567047894001 0.118709571659565 0.121067541092634 0.039230684004724 0.0123489139601588 0.0275623930618167 0.0328176452456233 0.0267663984093815 0.0160957471467555 0.0100732999388129 0.0227748745819554 0.0226517769391648 0.0361594315113564 0.0231644605752081 0.00636678211158141 0.0146408095490187 0.0109235771931708 0.0212142204865813
0.00630205529633692 0.0131126780062914 0.00812876810086891 0.0317258120514452 0.00917864069342613 0.00748656895011663 0.00616606283001602 0.014057666901499 0.0143937723711133 0.00672298625941039 0.00781290116719902 0.0174126097001135 0.0172362552955747 0.00940512716770172 0.0180840727873147 0.00860641007311642 0.00729683567769825 0.00872893589548767 0.0510262038558722 0.0765323489904404 0.230967269837856 0.127132713451469 0.109826411667009 0.0398122489918023 0.123249266296625 0.0751281172037125 0.0542698463832494 0.0749294988811016 0.145664823055267 0.0640603840711265 0.0626967484131455 0.0938232488930225 0.0624169158516452 0.047032567486167 0.0206802810542285 0.0191267812624574 0.0103984059736831 0.0188413596886676 0.0503857642877847 0.769435591788897 0.424182061653956 0.0235258065746848 0.0276789750772878 0.0250261733308434 0.0233619407052174 0.01875518579036
0.00492068894091062 0.0126018161099637 0.0150835981592536 0.00885909786447883 0.00827078437432647 0.00778660397045314 0.024971676338464 0.0142978026764467 0.00399097880290356 0.00786675340496004 0.00709317463915795 0.0325224131345749 0.0378398535773158 0.00806237966753542 0.00686342930421233 0.00711077032610774 0.0109853411093354 0.0486451435834169 0.253616067767143 0.0911786660552025 0.292373268306255 0.122463911771774 0.100425475485758 0.287015953660011 0.0855739306658506 0.00731400004588068 0.0348880393314175 0.0827175006270409 0.138732775300741 0.070180931687355 0.0684967215337679 0.0157028363313202 0.0450282279402018 0.00687170483724913 0.0183382127434015 0.0721880882978439 0.148746218532324 0.0460429353639483 0.223787874005276 0.283989022485912 0.394142495840788 0.153258768929425 0.0456284987529216 0.0594318444374949 0.0422793136909604 0.0243258831091225
0.0324143650010228 0.0372216761112213 0.0553778074681759 0.021130628278479 0.00749693853140343 0.0148878723150119 0.00708057750016451 0.0053823655587621 0.0252934339563581 0.0196259655989707 0.0127466784790158 0.0397008823230863 0.0100570646114647 0.010648451000452 0.11401082649827 0.0400895578786731 0.0696199554949999 0.048788109049201 0.188798081874847 0.0676060922443867 0.241547909379005 0.251277023553848 0.283000700175762 0.167567680776119 0.29755541831255 0.0564274072647095 0.0864913512021303 0.0819696862250567 0.0484227420325624 0.156814784929156 0.0510684210807085 0.0356314215809107 0.0408169440750498 0.0242944373844358 0.005232984572649 0.017077866056934 0.0740916784852743 0.0405464825161256 0.065803533082111 0.181956087669823 0.128650335401237 0.206666037812829 0.23657572157681 0.0666651604697108 0.0279701331630349 0.0219555611722171
0.0234221294522285 0.0633852887898683 0.0809631645679474 0.0368211166933179 0.0100564715452492 0.0119013496674597 0.00780556942336261 0.0135857602581382 0.0210328008979559 0.0318151194602251 0.0279646327719092 0.112006873637438 0.00792861199006438 0.0184106388129294 0.0144127401523292 0.0712491426616907 0.0565803717821836 0.0163945589214563 0.0375482566654682 0.120436741411686 0.210219550132751 0.285034236311913 0.220545008778572 0.307942527532578 0.232783304154873 0.053702462092042 0.0717950016260147 0.019861455168575 0.12800766825676 0.083693915605545 0.0508943792432547 0.0222096542827785 0.0620390862226486 0.0110031696036458 0.0831361932680011 0.00557072069495916 0.0106656808406115 0.0345266841351986 0.0706162795424461 0.117378817319695 0.155369655229151 0.156000359356403 0.0649959836155176 0.12975789681077 0.097991131991148 0.0286986516322941
0.139983838796616 0.0770392101258039 0.0674463953822851 0.117902766168118 0.0157529162243009 0.0140296393074095 0.00770998359657824 0.0116015763953328 0.0879937343299389 0.0502770418301225 0.0589234866201878 0.0488126076757908 0.127731724828482 0.135264737904072 0.187539999186993 0.111884350329638 0.0157713022083044 0.0105499668978155 0.0707627825438976 0.10959322527051 0.162410411797464 0.109169041365385 0.0613531816750765 0.124501007795334 0.220071071386337 0.141455149650574 0.115633062273264 0.019402021355927 0.073811312392354 0.0665924854576588 0.049623429775238 0.0557131700217724 0.0452188320457935 0.0600469883531332 0.0856986466795206 0.0284641116857529 0.0349351184442639 0.0445017222315073 0.0542452204972506 0.0531322352588177 0.0613594327121973 0.0960519358515739 0.0735514290630817 0.101990348100662 0.103742875158787 0.13146044537425
0.0492191045894288 0.0541773274540901 0.0335596788674593 0.0403421415016055 0.0399886855488148 0.033373773470521 0.0495856741443276 0.120736083388329 0.137608187645674 0.162375509738922 0.149075989238918 0.158286657184362 0.0607696130871773 0.150697593390942 0.321047222614288 0.0374816361814737 0.0106275077909231 0.0276118032634258 0.023361480794847 0.0341945793479681 0.0511572327464819 0.0376626867800951 0.0324277205392718 0.0481445711106062 0.154561822861433 0.0315426485612988 0.0160969855263829 0.0258754109963775 0.0425992937758565 0.0311781745404005 0.0649382621049881 0.0814888052642345 0.107243195921183 0.0670163732022047 0.0314398780465126 0.0331279709935188 0.0369372440502048 0.0424938099458814 0.0400082226842642 0.0821682179346681 0.0477609515190125 0.0732360202819109 0.0973586611449719 0.104400714486837 0.103431916981936 0.117845238000154
0.113659869879484 0.0818328220397234 0.253743177652359 0.106251941993833 0.222840537130833 0.0511954702436924 0.0733769986778498 0.265149149298668 0.235176929831505 0.425049421191216 0.0511542836372684 0.05222486294806 0.0884169265627861 0.119450492411852 0.111486456915736 0.0117154849693179 0.0222077149897814 0.00701223644427955 0.00703056305646896 0.0293494997546077 0.0503359586000443 0.0634457316249609 0.00937258554622531 0.0109600394964218 0.0279257386922836 0.0620298132300377 0.0167957869358361 0.048415645211935 0.0766134299337864 0.0716024633497 0.0586024574935436 0.09229686409235 0.0527416162192822 0.0130610817112029 0.0354435294866562 0.0266397815197706 0.0516877945512533 0.0469418823719025 0.523450064659119 0.0094674953026697 0.02680110540241 0.0455257881432772 0.0674624126404524 0.129005637392402 0.0676969461143017 0.0790299464017153
0.0984442979097366 0.0778236296027899 0.0767973393201828 0.0766331031918526 0.0804296791553497 0.133131700009108 0.460228779911995 0.182167840003967 0.34189839810133 0.196668677031994 0.0126771688461304 0.0385178526863456 0.0841389410197735 0.0893159300088882 0.147967179119587 0.0182348127476871 0.00777229471132159 0.0077598137781024 0.0100349890068173 0.00899309562519193 0.00891451225616038 0.00875395997427404 0.00860747178085148 0.00889521772041917 0.0104351420886815 0.0208442862145603 0.0150949882343411 0.0455370169132948 0.0457424884662032 0.114068903028965 0.17134222984314 0.0700099237263203 0.0647297285497189 0.0980169035494328 0.0934078581631184 0.0972600482404232 0.0956763185560703 0.0907110042870045 0.116631805896759 0.12890805080533 0.158254607766867 0.138788224756718 0.211839862167835 0.162625423073769 0.159303321689367 0.146725075691938
0.120262595266104 0.105644295364618 0.0819835521280766 0.0852971330285072 0.260093097388744 0.0869723461568356 0.109793382883072 0.119265637546778 0.323057267069817 0.112568586319685 0.105532313883305 0.0767705738544464 0.167883507907391 0.172398261725903 0.215308187901974 0.221442575752735 0.11764972358942 0.0512058719992638 0.00870330464094877 0.00834465795196593 0.00864919265732169 0.0162620726041496 0.0438598526641727 0.0750189162790775 0.104132340848446 0.0959956638514996 0.0766800582408905 0.117901247739792 0.087306222319603 0.102844775468111 0.0310087544843555 0.371704484522343 0.267676961421967 0.0584079723805189 0.0762196876108646 0.109059216827154 0.159248185157776 0.100906624644995 0.116457515209913 0.137148743122816 0.142644419521093 0.181366216391325 0.323649336397648 0.236883009970188 0.214293774962425 0.181169943511486
0.120466793328524 0.102448695152998 0.12455173432827 0.0912497274577618 0.0998010784387589 0.109090925008059 0.115953972190619 0.118024954944849 0.29629375487566 0.325322149693966 0.0873548746109009 0.0479639157652855 0.0312386652920395 0.0201414596289396 0.0732461839914322 0.0644945632666349 0.054342607781291 0.134766574949026 0.0471985403448343 0.039405152015388 0.0296607295749709 0.0541368249803782 0.0453999634832144 0.0630670018494129 0.0731924638152122 0.0664577886462212 0.136423096060753 0.40440211892128 0.167480492591858 0.122599738836288 0.121511130779982 0.0453077314421535 0.0514653764665127 0.137625412642956 0.149281934648752 0.184521867334843 0.171791079640388 0.126090651750565 0.0980131350457668 0.15479574650526 0.338431806862354 0.318392336368561 0.224347664415836 0.198605470359325 0.204165256023407 0.206094427406788
0.190387763082981 0.0745932668447495 0.140141703188419 0.149146800488234 0.199498161673546 0.146081816405058 0.183326478302479 0.124693641811609 0.109038697183132 0.11238594353199 0.0995670035481453 0.0603126093745232 0.0207523248158414 0.058316629440742 0.0141041245311499 0.044128243252635 0.0421342954039574 0.0247298870235682 0.0500680316239595 0.0714448381215334 0.114148983359337 0.0835913494229317 0.0505942590534687 0.0439169930294156 0.0912839338183403 0.134403885155916 0.214249669015408 0.266136533021927 0.148097237944603 0.238665173947811 0.144408168643713 0.0494747653603554 0.0796866733580828 0.111789451539516 0.122090592980385 0.286649948358536 0.208453960716724 0.164594257622957 0.0873991154134273 0.437477016448975 0.270059339702129 0.327908906340599 0.2805509313941 0.200390492379665 0.202607868611813 0.243614518642426
0.128803118318319 0.0848819404840469 0.120772520452738 0.14930751696229 0.133954114466906 0.111442637443542 0.113833996653557 0.101807753741741 0.072997834160924 0.0809541076421738 0.0721225131303072 0.0596684563905001 0.100079046934843 0.072006731107831 0.0995972879230976 0.0635844927281141 0.0721834257245064 0.0704478960484266 0.0387910805642605 0.0606252826750278 0.0494571555405855 0.0507747191935778 0.0576001841574907 0.0472609139978886 0.141325853019953 0.142118398845196 0.132777786999941 0.491386064887047 0.308015003800392 0.0266033763065934 0.0325188163667917 0.11125667989254 0.229246520996094 0.0581011760979891 0.152318330109119 0.198222114145756 0.20946202725172 0.310583303868771 0.351354280114174 0.767411661148071 0.233072030544281 0.198471821844578 0.199107597768307 0.796346170897522 0.242948374152184 0.209682287275791
0.102960930019617 0.095389212667942 0.122765108942986 0.146528336405754 0.131565342843533 0.0887450598180294 0.0647131666541099 0.0919392921030521 0.0965996533632278 0.0910732977092266 0.504583531618118 0.367059507966042 0.0455357268452644 0.0593294657766819 0.0817632138729096 0.107284437119961 0.0544617831707001 0.0408512763679028 0.0704137600958347 0.0367089663632214 0.0991525582969189 0.0320421330630779 0.0720700543373823 0.0685117408633232 0.0441950101405382 0.0396778378635645 0.175820003449917 0.131691078096628 0.090931061655283 0.122530233114958 0.285566103458405 0.0972828388214111 0.1573117390275 0.142695536464453 0.19350992590189 0.248821011185646 0.335909362137318 0.294074101746082 0.258798784017563 0.0664620276656933 0.174185510724783 0.240190464258194 0.242795324325562 0.310426576435566 0.244245277345181 0.454081101715565
0.0743806507438421 0.0760564420372248 0.113103315979242 0.125293055921793 0.110722298920155 0.09657290764153 0.0885808758437634 0.0902661882340908 0.0674128014594317 0.0427324121817946 0.030551196821034 0.172056213021278 0.108756804466248 0.18285586386919 0.12097003608942 0.132911840081215 0.0776347957551479 0.0546544805169106 0.0299890094436705 0.0112250913865864 0.0152846358716488 0.0376616986468434 0.0725380770862103 0.0393756007775664 0.0192388328723609 0.0189600953832269 0.054307933151722 0.10511734187603 0.114899429678917 0.193390141427517 0.192656527459621 0.163082490861416 0.167362150549889 0.136718269437551 0.167611708492041 0.174016895890236 0.180596362054348 0.186385056376457 0.192610302567482 0.202546036243439 0.188982221484184 0.190951684117317 0.300587859749794 0.216516371071339 0.226514777541161 0.228333367407322
0.0751898184418678 0.0997866049408913 0.0970908299088478 0.0897538781166077 0.145262448489666 0.122578667104244 0.178142704069614 0.166478510200977 0.0928654573857784 0.108424138277769 0.0803585432469845 0.0745492558926344 0.0206382734701037 0.0646214693784714 0.111873108893633 0.0977308116853237 0.0829475875012577 0.0253492206335068 0.0111508897505701 0.021965654194355 0.0536022119224071 0.0484318692237139 0.0517282512038946 0.0919309087097645 0.0317910550162196 0.0472783621400595 0.0117109964601696 0.0643704321235418 0.0527441918849945 0.321538080275059 0.159304726868868 0.168809455633163 0.286828161776066 0.277978539466858 0.166861769556999 0.171449694782495 0.178470375388861 0.178978949040174 0.195733539760113 0.200449605286121 0.203195223212242 0.202500581741333 0.1984006524086 0.215980426967144 0.179347568005323 0.225081717967987
