Scripts_&_data/Maxent_result_files_1/Bombus_norvegicus_2.asc
NCOLS 594 
NROWS 330 
XLLCORNER -15 
YLLCORNER 23 
CELLSIZE 0.166666666666667 
NODATA_value -9999 
[rows 60 to 79 of 330, columns 276 to 321 of 594]
0.105517710000277 0.100065226852894 0.0512391321361065 0.082122852653265 0.0202695684507489 0.0856366883963346 0.101779474690557 0.114470281079412 0.0306075153872371 0.0162082105875015 0.0192036973312497 0.236019867286086 0.0841936908662319 0.166198199987412 0.173165249824524 0.12141387835145 0.113355291634798 0.138821025937796 0.102481401711702 0.0740050788968802 0.0754167046397924 0.0551097709685564 0.0492049608379602 0.0765739794820547 0.0170157984830439 0.00919052176177502 0.0340595722198486 0.178550373762846 0.0997476391494274 0.0132697459775954 0.13563290387392 0.0732055388391018 0.0216940117999911 0.0177569454535842 0.010726964334026 0.0144201631657779 0.0161548618227243 0.0650848189368844 0.0413559542968869 0.0610227409750223 0.0590027157217264 0.0864149790257216 0.064453012496233 0.0674822041764855 0.0889950137585402 0.0604477178305387
0.17120755314827 0.0604563247412443 0.142811748385429 0.167555154114962 0.0827259503304958 0.084831216186285 0.148902482539415 0.181035968661308 0.0514973800629377 0.118580570816994 0.0616186192259192 0.0742548406124115 0.0660056103020907 0.212822313606739 0.0399248026311398 0.0446654763072729 0.033772636204958 0.0497434213757515 0.0499289140105248 0.0699567455798387 0.0694210890680552 0.0493420777842402 0.0603263907134533 0.0883985199034214 0.0595341980457306 0.0639098230749369 0.0938482228666544 0.0807654123753309 0.08711102232337 0.101197976991534 0.0890523701906204 0.120800180360675 0.0951408859342337 0.133811227977276 0.0725445687770843 0.0686708180233836 0.0692528642714024 0.0834819737821817 0.0815084762871265 0.0417751101776958 0.0705595023930073 0.0406798800453544 0.0413945579901338 0.0455370606854558 0.0446673261001706 0.0420751741155982
0.110030555725098 0.153169018775225 0.0786454517394304 0.0521265514194965 0.162519104778767 0.0594471659511328 0.101756542921066 0.143898428976536 0.165719699859619 0.0939268734306097 0.0924900442361832 0.155074179917574 0.112880019843578 0.0384323690086603 0.755341508984566 0.146526632457972 0.255877761542797 0.0909150823950768 0.12881982550025 0.103936222940683 0.0587287701666355 0.176362240314484 0.0366275668144226 0.0519222868606448 0.0409022331237793 0.0662471175193787 0.153350823372602 0.179730842262506 0.165447929501534 0.169191291928291 0.0920264948159456 0.16397909745574 0.0436576290056109 0.141672106087208 0.166457381099463 0.136053597927094 0.135177356749773 0.0893530890345573 0.117338430136442 0.0693991836160421 0.0588146135210991 0.0754950391128659 0.0392958285287023 0.0808362912386656 0.0581926714628935 0.0389041472226381
0.0303518460132182 0.100335000455379 0.133364222198725 0.0658171573653817 0.0487412067130208 0.107196387276053 0.23723272383213 0.197757130861282 0.17894569337368 0.132909598201513 0.10179373845458 0.0676729463040829 0.253061316907406 0.0458749514073133 0.0306899704039097 0.0317397769540548 0.0299799054861069 0.0280498061329126 0.0510946096852422 0.0527918750420213 0.0604439251124859 0.100864474102855 0.0797366790473461 0.0798536337912083 0.0854401014745235 0.0619490791112185 0.153511618077755 0.0875718515366316 0.135846325010061 0.169166448712349 0.0971418585628271 0.0338388292118907 0.0749737836420536 0.0407784862443805 0.0348635870963335 0.0549238318577409 0.112732599675655 0.0917188316583633 0.0203760996460915 0.116529615968466 0.117733914405107 0.109492667391896 0.118255769833922 0.100880497694015 0.0311130115762353 0.0316915592178702
0.0416222302243114 0.12356164008379 0.124078345298767 0.0765659468248487 0.218907430022955 0.209590095281601 0.134661311656237 0.23479497730732 0.118428253382444 0.141413505375385 0.18847913891077 0.0514019466936588 0.163586826622486 0.231699996441603 0.19366694316268 0.0574548296630383 0.114935660734773 0.0474724180996418 0.0741607878357172 0.102664320915937 0.19095808416605 0.0910093564540148 0.10867722555995 0.0727930445224047 0.0814322389662266 0.0962853115051985 0.0491222100332379 0.093926302716136 0.101939557492733 0.105979542806745 0.0724340291693807 0.108427587524056 0.152982325851917 0.139681561291218 0.144801714271307 0.131859388947487 0.141781838238239 0.0120068126823753 0.0287652336992323 0.0919536031782627 0.0953632298856974 0.0783965475857258 0.0832402244210243 0.10493688583374 0.0741343345493078 0.0990401938557625
0.0695598267018795 0.160581671819091 0.123608949780464 0.0698087157681584 0.283735024929047 0.337634184956551 0.183740483224392 0.296053290367126 0.509953245520592 -9999 0.41055114865303 0.117385526746511 0.229946463555098 0.295369280874729 0.153415895998478 0.172659883648157 0.0750173456966877 0.047433821298182 0.066989890858531 0.0229202234186232 0.042572963796556 0.0529368674382567 0.0903696998953819 0.0318493185564876 0.0279045697301626 0.0259454333223402 0.0444503091275692 0.0543320249766111 0.0683584542945027 0.0944645062088966 0.0725189924240112 0.102526098489761 0.0517707431688905 0.0217527406290174 0.0312086256220937 0.0666792381554842 0.182999303936958 0.112906724214554 0.104779601842165 0.0512632044032216 0.145977164059877 0.108582836017013 0.0741672404110432 0.0606140371412039 0.0745706420391798 0.0791436916217208
0.339543038606644 0.164305723458529 0.14403187930584 0.290109002590179 0.287956129014492 0.356864874064922 0.206468570232391 0.231765975058079 0.196470186114311 -9999 -9999 -9999 0.278225307166576 0.137502080202103 0.148842680454254 0.137732510641217 0.0749683868139982 0.202588684111834 0.02891293335706 0.0401340942829847 0.186904515326023 0.0618665803223848 0.161053328216076 0.191274236887693 0.0913344737142325 0.0914535947144031 0.022288609854877 0.0751775424927473 0.0437844783067703 0.0469376469030976 0.156667616963387 0.0836282506585121 0.0420591639354825 0.0129760341718793 0.00893193744122982 0.0327069198712707 0.114298205450177 0.0303998103365302 0.0270911796018481 0.088873615860939 0.100876080989838 0.0763734651729465 0.0630351837724447 0.136263553798199 0.102661473304033 0.102103637158871
0.342138564586639 0.175158239901066 0.280537235736847 0.272764384746552 0.227833865582943 0.116383673995733 0.0687237489968538 0.338593570888042 0.326420068740845 0.341077166795731 0.455491209030151 -9999 -9999 -9999 0.470466700196266 -9999 -9999 0.359822748601437 0.322869011759758 0.352945885062218 0.128068964928389 0.0434200350195169 0.102544583752751 0.0595930524170399 0.107907815650105 0.171340535581112 0.0221457812003791 0.00354155680397525 0.0101099621737376 0.0268145177513361 0.0294937444850802 0.0243860446847975 0.0153430199250579 0.0435013670474291 0.00242798212566413 0.00444130148971453 0.0187666506506503 0.0844353396445513 0.13828589618206 0.122806411236525 0.0873999994248152 0.0854390118271112 0.0782678697258234 0.102740190550685 0.0812768094241619 0.0656769726425409
0.144388142228127 0.240687730908394 0.371499961614609 0.362055686116219 0.351006063818932 0.435867562890053 0.330873611569405 0.0503906544297934 0.372837425768375 0.0544568814337254 0.153300914168358 0.25725541561842 0.292131327092648 -9999 -9999 -9999 -9999 -9999 -9999 -9999 -9999 0.53024115562439 -9999 0.404502633213997 0.0713836263865232 0.19224903434515 0.0951358571648598 0.0286688853055239 0.0288097679615021 0.0189452025108039 0.0394855789840221 0.0201269040815532 0.0274619461037219 0.0192056180909276 0.0159048909321427 0.0152799928560853 0.0271136529743671 0.0805416028946638 0.0170306872110814 0.0225307104177773 0.0793182332068682 0.0851896833628416 0.0963845178484917 0.102300338447094 0.129178895056248 0.105789213627577
0.325791352987289 0.225560194253922 0.21976178586483 0.268106231093407 0.438506418466568 0.403458875417709 0.286404010653496 0.24038315564394 0.241661755740643 0.185183161497116 0.136172442883253 0.257586263120174 0.178734089434147 0.317005217075348 0.333518344163895 -9999 -9999 -9999 -9999 -9999 -9999 -9999 -9999 -9999 -9999 -9999 0.0345879373140633 0.100779166072607 0.123520035296679 0.13591722548008 0.0640131432563067 0.0533983338624239 0.0227276910096407 0.0749272916465998 0.0467495892196894 0.107067195698619 0.0865191612392664 0.0253793484531343 0.0315165492706001 0.0182107822969556 0.0375080164521933 0.0245423007756472 0.00342440771637484 0.00204456330975518 0.00660749485250562 0.0456018937751651
0.452899000048637 0.353502345085144 0.228305818140507 0.367386256158352 0.0633552197366953 0.161889435350895 0.0674774684011936 0.102197247743607 0.15560859516263 0.213356004655361 0.143791257590055 0.165691854804754 0.262810783088207 0.292229142785072 0.20261368304491 0.204648706316948 0.274314455688 -9999 -9999 -9999 -9999 -9999 -9999 -9999 -9999 -9999 -9999 -9999 -9999 -9999 -9999 -9999 -9999 -9999 -9999 -9999 0.152882335707545 0.141202372312546 0.0444476900622249 0.0240541378036141 0.0444077271968126 0.0389053515158594 0.0439404984936118 0.0143536934861913 0.037336443644017 0.029407705180347
0.054005828499794 0.273732101917267 0.223417654633522 0.142172634601593 0.175786799192429 0.245018190145493 0.313759872317314 0.243314777314663 0.232251253724098 0.147069027274847 0.144436587393284 0.419510322809219 0.329583115875721 0.0791437264531851 0.0543127242475748 0.0937193598598242 0.086485892906785 0.228747386485338 0.118907610327005 0.217447906732559 0.355500671267509 -9999 -9999 -9999 -9999 -9999 -9999 -9999 -9999 -9999 -9999 -9999 -9999 -9999 -9999 -9999 -9999 -9999 -9999 -9999 -9999 0.00204800379578955 0.0802704904228449 0.246032385528088 0.256891736388207 0.147400115430355
0.130880629271269 0.146536763012409 0.209500218182802 0.0589546632021666 0.236854939162731 0.151101705431938 0.333973555266857 0.0642922405153513 0.0710423275828362 0.100474550575018 0.0424427844583988 0.0250097011215985 0.0813307091593742 0.0717054542154074 0.10193899050355 0.156408938020468 0.0953481152653694 0.0405726974830031 0.226697945594788 0.133996801823378 0.0317880377173424 0.0283230426255614 -9999 -9999 -9999 -9999 -9999 -9999 -9999 -9999 -9999 -9999 -9999 -9999 -9999 -9999 -9999 -9999 -9999 -9999 -9999 -9999 -9999 -9999 -9999 -9999
0.0455606138333678 0.0997626274824142 0.126894560828805 0.128689260780811 0.0132734314538538 0.0570695873349905 0.0961562380194664 0.175117410719395 0.163992327451706 0.0486246537417173 0.042310581728816 0.0655702438205481 0.0946783319115639 0.121141098812222 0.0835396684706211 0.0573647789657116 0.118355303257704 0.127675584703684 0.101974715664983 0.023497795406729 0.0404795728623867 0.0623746449127793 0.0653457162901759 -9999 -9999 -9999 -9999 -9999 -9999 -9999 -9999 -9999 -9999 -9999 -9999 -9999 -9999 -9999 -9999 -9999 -9999 -9999 -9999 -9999 -9999 -9999
0.0366479992866516 0.0564490592107177 0.0595376513898373 0.0437163416296244 0.387957096099854 0.146462085098028 0.0374183602631092 0.16093771904707 0.0633461352437735 0.103509363532066 0.100622031092644 0.0517640681937337 0.0550912111997604 0.11410013101995 0.0659947426989675 0.0518926927819848 0.0542626149952412 0.0191175987944007 0.00886307205073535 0.0431252744048834 0.0537760678678751 0.0772902699187398 -9999 -9999 -9999 -9999 -9999 -9999 -9999 -9999 -9999 -9999 -9999 -9999 -9999 -9999 -9999 -9999 -9999 -9999 -9999 -9999 -9999 -9999 -9999 -9999
0.134111715853214 0.169399120658636 0.0573594707995653 0.0320455930195749 0.0442165700718761 0.0294072052463889 0.0876506384462118 0.128596495836973 0.0539358954876661 0.04218091648072 0.0783456407487392 0.0613412177190185 0.140374745056033 0.0706740463152528 0.0455854652449489 0.0249123468063772 0.0467069709673524 0.029796465113759 0.0562319844961166 0.0415351310744882 0.0626149063929915 -9999 -9999 -9999 -9999 -9999 -9999 -9999 -9999 -9999 -9999 -9999 -9999 -9999 -9999 -9999 -9999 -9999 -9999 -9999 -9999 -9999 -9999 -9999 -9999 -9999
0.212625032663345 0.285785645246506 0.199197617173195 0.174814879894257 0.0830944549292326 0.0159174262546003 0.0925748355686665 0.0766894549131393 0.0999761022627354 0.0460837624967098 0.0767966296523809 0.0752920426428318 0.0628831278532744 0.0354042256250977 0.0422959664836526 0.0526459759101272 0.0528142835944891 0.0322761939838529 0.0715978115797043 0.0204322010278702 0.0260409374721348 -9999 -9999 -9999 -9999 -9999 -9999 -9999 -9999 -9999 -9999 -9999 -9999 -9999 -9999 -9999 -9999 -9999 -9999 -9999 -9999 -9999 -9999 -9999 -9999 -9999
0.456969127058983 0.0329622554592788 0.0574035659432411 0.135657578706741 0.263464368879795 0.0462435517460108 0.0373900096863508 0.0244280924554914 0.0239279009401798 0.032655050046742 0.0172425186261535 0.200838346034288 0.111785702779889 0.058998217061162 0.0886229520663619 0.0467034155502915 0.0457040444016457 0.0444807188585401 0.0412241680547595 0.0218029703013599 0.0174961597658694 0.0377467120066285 -9999 -9999 -9999 -9999 -9999 0.569146108627319 0.35976137816906 -9999 -9999 -9999 -9999 -9999 -9999 0.407660859823227 0.400831779837608 0.310075417160988 0.624382355809212 -9999 -9999 -9999 -9999 -9999 -9999 -9999
0.0454514237120748 0.133032454550266 0.25166130810976 0.0902520790696144 0.183886320143938 0.0605606259778142 0.055636552348733 0.0304133017547429 0.0293624145910144 0.0372533239424229 0.0363901475444436 0.0321209393441677 0.027256886754185 0.0253604056313634 0.0653127375990152 0.0683297449722886 0.0315612271428108 0.0795725226402283 0.034443873912096 0.0364223467186093 0.0287810629233718 0.0297122986987233 0.0751193279400468 -9999 -9999 -9999 -9999 -9999 -9999 -9999 -9999 -9999 -9999 -9999 0.311732131242752 0.437430849671364 0.374454168975353 0.154027368873358 0.0439132161438465 0.0807989738881588 0.634691572189331 -9999 -9999 -9999 -9999 -9999
0.117373011261225 0.058217197470367 0.0218286870978773 0.0437550028786063 0.0446713605895638 0.0347126014530659 0.0502622686326504 0.0344023050740361 0.0208553626202047 0.0361186912283301 0.0575705472379923 0.0432638358324766 0.0326197452843189 0.0114275882486254 0.0538618208840489 0.0522064447402954 0.327210554480553 0.0469118807464838 0.0367951069027185 0.0484266933053732 0.0354928047396243 0.0421760089695454 0.0567397519946098 -9999 -9999 -9999 -9999 -9999 -9999 -9999 -9999 -9999 -9999 0.351772129535675 0.439625629782677 0.21944023668766 0.0421034004539251 0.0524354718625546 0.0530326794832945 0.0652916487306356 0.0844317648559809 0.190056425333023 0.359307518601418 0.0539840606972575 0.10449658408761 0.23984359651804
