Scripts_&_data/Maxent_result_files_1/Bombus_distinguendus_3.asc
NCOLS 594 
NROWS 330 
XLLCORNER -15 
YLLCORNER 23 
CELLSIZE 0.166666666666667 
NODATA_value -9999 
[rows 200 to 219 of 330, columns 184 to 229 of 594]
0.00820104274898767 0.00840320154093206 0.00264844630146399 0.0086444640532136 0.0138937639072537 0.0157688183709979 0.0117464569397271 0.0128614559303969 0.0140913211740553 0.0170510265976191 0.0154515511356294 0.0162901811301708 0.0162786453031003 0.00685532321860762 0.00763536630108064 0.0188228053972125 0.00909194658919397 0.00715408811444433 0.00714855192927644 0.0118302283342928 0.00445140750082222 0.00678724234458064 0.00415274561721934 0.00477776383166809 0.0137177685741502 0.0348207395523841 0.0122517430456355 0.013813683972694 0.00551889600306826 0.00873858306197919 0.0338364498990368 0.00929662136477546 0.0112874432699755 0.00554492666269654 0.00745738507304108 0.00818732103183084 0.0491222973912954 0.0492823127657175 0.053628364764154 0.0466833477839828 0.00713966565672308 0.00281614759878721 0.00612264151568525 0.00434787953004978 0.00958657192900966 0.00321262498719831
0.0111681243870407 0.0263942234218121 0.00948117300868034 0.0112213760148734 0.0563910081982613 0.0908053770661354 0.0180423893965781 0.0115930618718266 0.0171250144951046 0.0397290715947747 0.0443157527595758 0.0378517439588904 0.0207467138767242 0.0175255626440048 0.0102902730804146 0.0146236450411379 0.0139883103780448 0.0198055805393522 0.00913678408542185 0.00736430380493402 0.00789961489739004 0.0126297743525356 0.0080171920995781 0.00407233467275478 0.0154074483556627 0.00526543245701671 0.0127243017312195 0.00584405504632743 0.0275755731413111 0.00792720516100347 0.0283946057842005 0.0197408062874103 0.0158926425501714 0.016972727840806 0.0143443198917493 0.0166678396053612 0.0162543791346252 0.0301307966932654 0.0204178729094565 0.0281711582094431 0.00690090181892442 0.00994340535253286 0.00176738176378421 0.00162750862073153 0.00449372837322047 0.00435289056042369
0.00789812870425521 0.0208952541463077 0.0178347839042544 0.0183043162338436 0.0384420650079846 0.0440142784267664 0.0466925948858261 0.0450354263186455 0.0261406825855374 0.0334686851128936 0.0338391549885273 0.0447993552312255 0.0364110076799989 0.0240558829624206 0.0184710745699704 0.0282300347462296 0.0364701637998223 0.0192323393188417 0.0148205435834825 0.0167846684344113 0.0112881129607558 0.00892021129839122 0.0172997269779444 0.0226963620632887 0.0183331362903118 0.0218098103523317 0.0264807820776691 0.00561973354808644 0.0106564243916637 0.0124803181173775 0.0193573390337425 0.0175742992273011 0.0174771967809887 0.00515995740428635 0.00871383509438317 0.0182736876420677 0.013956303615123 0.0157803192734718 0.0152410631999373 0.0142926518805325 0.0120446519119707 0.00977897867560387 0.0066473615646828 0.000536164209188428 0.00277716083801353 0.00281474740477285
0.00144694901982803 0.00097286006714512 0.00293405729244114 0.0077994758730236 0.0417173815891147 0.0635430216789246 0.380969819426537 0.504982417821884 0.26644574701786 0.0755923811346293 0.0458758439868689 0.0262389929965138 0.0235594615340233 0.0163600629195571 0.0271092798560858 0.0299774488434196 0.0359600683674216 0.0260434539988637 0.036200481466949 0.0330640144646168 0.0279236169531941 0.0141975223086774 0.0103176639415324 0.0174055461771786 0.0304162269458175 0.0546119760721922 0.143637666851282 0.0637573953717947 0.0531235806643963 0.019885868858546 0.0179715148362448 0.00919886044030517 0.00540896677319624 0.00738609852492893 0.00805155309152141 0.019814093131572 0.0222148891538382 0.0165243222378194 0.0463220037519932 0.0213434389792383 0.0104394938084526 0.00136790628312289 0.00169633579789661 0.00324315315556305 0.00716249552206136 0.00267184400581755
0.000215471576455428 0.000477852693826719 0.000939088914446984 0.00339149338178686 0.0535352565514175 0.0770663451403379 0.22284903973341 0.24067208468914 0.367753058671951 0.360996273159981 0.0844463545829058 0.0402654873207211 0.0883313652127981 0.0290604906156659 0.0121171125676483 0.0155278432182968 0.0933772997930646 0.14794881939888 0.0494977213442326 0.046827033162117 0.0384883305057883 0.0285731440410018 0.0291673459112644 0.0469861127436161 0.041796699911356 0.0242984636686742 0.0397649200633168 0.0424186956137419 0.00504461249132899 0.0116182751022279 0.0131105125940394 0.0141820535529405 0.00506842362956377 0.00270767587253337 0.00256498794785777 0.0184064414352179 0.0260852865874767 0.0102429673541337 0.0288524169649463 0.01372346773703 0.0239939276354562 0.0157199079738606 0.00157357010175477 0.0046568753066822 0.00474530155770481 0.00683446464245208
0.00609488407271215 0.000643023886080207 0.000421634861262987 0.00195593468843072 0.0583764476923552 0.0206671448424459 0.096404206007719 0.0593188546597958 0.237998257577419 0.290530690550804 0.146247982233763 0.0731514979153872 0.021118420176208 0.0188279832713306 0.0227326642721891 0.272937993705273 0.0627892717719078 0.0945777349174023 0.0107800378464162 0.0210972753353417 0.0181642938405275 0.0323521934449673 0.0250742765143514 0.136002302914858 0.0742462258785963 0.0478618644177914 0.0266871443018317 0.0268097056075931 0.025375958532095 0.00627003018815719 0.00302329283103016 0.00906888116151094 0.0104684095156699 0.00287746282235588 0.0109064724307216 0.0178805718198419 0.0115063249599189 0.0227644215337932 0.0234409955330193 0.00851940756715936 0.00911378278397024 0.0061424384841871 0.00466244635442954 0.0034418099676259 0.00819918530760333 0.00267590966250282
-9999 -9999 0.00117371009937699 0.000929786734951676 0.00143386503089005 0.0033412301527278 0.00246896381831903 0.0789544400060549 0.150923708081245 0.169086136668921 0.10256799608469 0.249014674127102 0.0342198796570301 0.095642127841711 0.0181447323411703 0.0416498992592096 0.0724786102771759 0.0114938061218709 0.00925344186834991 0.0127842557150871 0.0304266845807433 0.0287726232782006 0.016954935900867 0.166118983924389 0.0788406476378441 0.0532646656036377 0.0316458815708756 0.0376082509756088 0.0537001900374889 0.0433954294770956 0.036412576213479 0.0309226047247648 0.00473829876451006 0.00130525093554965 0.00125193419229256 0.00254593277399001 0.0125623807129021 0.0236934187822044 0.0388123903423548 0.0115956423151454 0.0303787123411894 0.0427797887474298 0.0489368705078959 0.00160492977376425 0.00611520467791882 0.00437268221285194
-9999 -9999 -9999 -9999 -9999 -9999 0.00213725044040984 0.00350090312567772 0.0345704869367599 0.00276402649360534 0.010922453715466 0.0275503546349635 0.00536369696492355 0.0354843713343143 0.0253723056986928 0.0157301891595125 0.0576083615422249 0.0603277768939734 0.00880205919966102 0.0208296746946871 0.0293980108574033 0.0231853516772389 0.170443504303694 0.0481864597648382 0.109057328104973 0.447236317396164 0.0654210474342108 0.103336153924465 0.0696371223777533 0.0901290562003851 0.0881825985386968 0.063662089407444 0.0171732617404025 0.0171548894606531 0.0216572457924485 0.0130186359398067 0.00274685521169549 0.00416153843689244 0.0500362008810043 0.0374870039522648 0.0214735724031925 0.123247706145048 0.126860569417477 0.033235508017242 0.00927549455386725 0.0134206833434292
-9999 -9999 -9999 -9999 -9999 0.00113848327467245 -9999 -9999 0.798588919639587 0.00639461207902059 0.000104775632404142 4.92372855173784e-05 0.000513981315951462 0.0027590033627348 0.0419529654085636 0.0902990505099297 0.027199986204505 0.0222282619215548 0.0818694345653057 0.0291168056428432 0.240738661587238 0.0609391406178474 0.0756590843200684 0.0814531803131104 0.0425157036632299 0.411556509137154 0.237844963371754 0.102307940274477 0.0915860563516617 0.0720150716602802 0.166155927628279 0.059188786149025 0.0224710612557828 0.0160769316367805 0.00521111854722562 0.00759038302203411 0.010816301754677 0.00152807374042775 0.016395662445575 0.0507863417267799 0.0411862064152956 0.13294341340661 0.179261912405491 0.076032143458724 0.0991617687046528 0.0162607851438224
-9999 -9999 -9999 -9999 -9999 -9999 -9999 -9999 -9999 -9999 0.0106593238930145 0.000336632162075889 0.000253911058400735 0.00010361019375047 0.0135345840474261 0.108913363516331 0.139290408045053 0.063622734695673 0.0521706074476242 0.0795759923756123 0.601237833499908 0.148085881769657 0.074683366343379 0.0810628928244114 0.0317565249279141 0.100683210045099 0.582310304045677 0.0616131130605936 0.0351141711696982 0.115011423826218 0.0676690608263016 0.135115224868059 0.0519904911518097 0.0208711311221123 0.0112085348926485 0.0100027096457779 0.00511071165176662 0.00255524084788215 0.0102588705252856 0.0291090942919254 0.0633981186896563 0.0288411577232182 0.0899953380227089 0.131469694525003 0.203920261561871 0.0941590320318937
-9999 -9999 -9999 -9999 -9999 -9999 -9999 -9999 -9999 -9999 -9999 0.000523387287329724 0.000327174340387515 9.91509145791269e-05 0.00282988457474858 0.11656344011426 0.0197343453885306 0.125935734808445 0.210502202808857 0.0296658048406243 0.101079066097736 0.0950183223932981 0.0800404854118824 0.074576959758997 0.136224419623613 0.0710672423243523 0.549837338924408 0.199670062959194 0.119534242898226 0.102140422165394 0.0387561796233058 0.117605679482222 0.0422017337754369 0.0278645535930991 0.0125078133773059 0.0104309221263975 0.00415983736727839 0.00283931109539546 0.00438206598846591 0.0145611080341041 0.0243634024634957 0.0388511683791876 0.03589530531317 0.141075881570578 0.112123913317919 0.136470398306847
-9999 -9999 -9999 -9999 -9999 -9999 -9999 -9999 -9999 -9999 -9999 -9999 -9999 0.00105558332655846 0.000340552675071137 0.000389634078783274 0.00404317091160919 0.0877755854278803 0.0651110962033272 0.0664255709113407 0.0307352010160685 0.078996541723609 0.0069845917634666 0.0696634888648987 0.0627101477235556 0.143155486881733 0.366899555921555 0.678120583295822 0.239530725777149 0.0169636660893502 0.0305834757164121 0.0385207783430815 0.0902831979095936 0.0345458822324872 0.014787879306823 0.0106034699827433 0.0131696333177388 0.0117348668631166 0.0131734007038176 0.0378927048295736 0.145099179446697 0.0626397911459207 0.105982033163309 0.128978318721056 0.133761738985777 0.0458397518756101
-9999 -9999 -9999 -9999 -9999 -9999 -9999 -9999 -9999 -9999 -9999 -9999 -9999 -9999 -9999 0.0138201893656515 0.00112689836823847 0.19945450425148 0.0596795059740543 0.0528887163847685 0.000478444762302388 0.00562679322902113 0.0195029610767961 0.10568196028471 0.0928873114287853 0.0924584984779358 0.290842922031879 0.226031363010406 0.0100677856710413 0.00479347282089299 0.0118648775755787 0.0274735800921917 0.0251230795605579 0.0340347724035382 0.0342900039628148 0.0200226465240121 0.0166834405623376 0.0147160714026541 0.00834084241650999 0.0429197076708078 0.101095247641206 0.0664443794637919 0.0661985855549574 0.149360425025225 0.153916102647781 0.625951170921326
-9999 -9999 -9999 -9999 -9999 -9999 -9999 -9999 -9999 -9999 -9999 -9999 -9999 -9999 -9999 -9999 -9999 0.000530345825518452 0.000729579350854692 0.0174973908811808 7.94697761307361e-05 4.9788516921212e-05 0.00227874637348577 0.0630458701401949 0.0989802546799183 0.0853115245699883 0.0548041358590126 0.0277907518669963 0.00567609665449709 0.00567593607120216 0.0106638519559356 0.0230856667272747 0.0183860767632723 0.0169086844660342 0.0160263581541423 0.0145515606738627 0.0124465624681989 0.0241321562789381 0.0303572895005345 0.0771183647215366 0.0458003778010607 0.0837087921798229 0.0918946430087089 0.0592764053493738 0.0828111231327057 0.150469928234816
-9999 -9999 -9999 -9999 -9999 -9999 -9999 -9999 -9999 -9999 -9999 -9999 -9999 -9999 -9999 -9999 -9999 -9999 -9999 0.0196504758089854 6.52183971165954e-06 4.63736672246196e-05 2.37768029067831e-05 0.0111850425601006 0.0105633637867868 0.0192418568767607 0.0102655538841898 0.00861061471514404 0.00918159351765553 0.00309938466019015 0.00530788206962201 0.0866030521690846 0.152775702625513 0.0144629901275039 0.0197955381125212 0.013747686566785 0.00807790192881892 0.0106805190182058 0.038875512778759 0.0486717376857996 0.0439806737005711 0.12822093963623 0.0618895512074232 0.181505160778761 0.0415449544787407 0.326543805003166
-9999 -9999 -9999 -9999 -9999 -9999 -9999 -9999 -9999 -9999 -9999 -9999 -9999 -9999 -9999 -9999 -9999 -9999 -9999 -9999 -9999 1.9261146114502e-05 9.82409069449908e-07 2.35428733228127e-05 0.000341695505267126 0.00576053271479499 0.0904114093631506 0.0262462997663533 0.0167770668553374 0.0900914274156094 0.203962053358555 0.585482203960419 0.117875531315804 0.00290981869509894 0.00107869602653231 0.00945448449276611 0.00358179922914132 0.00630762195214749 0.0420016998090432 0.0363349337130785 0.0324512351304293 0.0866742014884949 0.0727371241897345 0.0642520911991596 0.0289865145203326 0.242052081227303
0.268579801172018 0.00198405509290751 0.0135071914177577 -9999 -9999 -9999 -9999 -9999 -9999 -9999 -9999 -9999 -9999 -9999 -9999 -9999 -9999 -9999 -9999 -9999 -9999 0.0742410248047406 3.99789475747925e-06 2.38023279021116e-06 5.09057489148645e-06 0.00099694301316049 0.0564148858189583 0.0897503800690174 0.0760372117161751 0.352447740733624 0.070587595552206 0.0613137654960155 0.134810402244329 0.100890558958054 0.000696608215459704 0.000426460659218719 0.00543163149850445 0.00222664498141967 0.00449014118057676 0.0023272617632756 0.00578058692629897 0.0172448273798295 0.0628004644066095 0.104737520962954 0.03629535232817 0.145004329830408
0.000145991781636212 8.42619194258987e-05 0.000334481201116432 -9999 -9999 -9999 -9999 -9999 -9999 -9999 -9999 -9999 -9999 -9999 -9999 -9999 -9999 -9999 -9999 -9999 -9999 -9999 -9999 -9999 5.5513646352523e-05 2.18383657692556e-05 0.0850640598684549 0.493882465362549 0.231537958979607 0.110453861951828 0.131098248064518 0.0673664689064026 0.107446745783091 0.0586798459291458 0.18926002830267 0.0240526160225272 0.000372284935156131 0.000420069688289004 0.000617309871449834 0.00313226919388399 0.0193605543114245 0.0168346055783331 0.070264221355319 0.147909680008888 0.0217182862572372 0.495617085695267
2.98276866261049e-05 -9999 -9999 -9999 -9999 -9999 -9999 -9999 -9999 -9999 -9999 -9999 -9999 -9999 -9999 -9999 -9999 -9999 -9999 -9999 -9999 -9999 -9999 3.82084804954275e-05 0.000102248135696215 0.00354300633189268 0.000585116773800109 0.12805348187685 0.0181938621022709 0.12005208209157 0.0394144913181663 0.105404036492109 0.0371994586661458 0.0234129384625703 0.0559132259339094 0.00769770579281552 0.00347543538082391 0.000467370697595015 0.000232736956118629 0.00226701587380376 0.00234279427968431 0.000883902722853236 0.0258031158708036 0.0479883220046759 0.0314843786880374 0.00341764018303365
3.62693160097849e-05 4.95966772485201e-05 -9999 -9999 -9999 -9999 -9999 -9999 -9999 -9999 -9999 -9999 -9999 -9999 -9999 -9999 -9999 -9999 -9999 -9999 -9999 -9999 -9999 1.90147327144841e-06 7.96941355379444e-05 0.000772476407291833 0.0219882268458605 0.0811992108821869 0.0784995626658201 0.100882815569639 0.0178571940399706 0.0212320110760629 0.077224301174283 0.0284431118518114 0.0145045899801839 0.0342408081516623 0.00854126715622101 0.000415710235211009 0.00135382642092736 0.000267407034516509 0.000234533606453624 0.000950723324058345 0.000565911231024074 0.0170632395676876 0.00883738636072019 0.00052406730783332
