Scripts_&_data/Maxent_result_files_1/Bombus_pomorum_3.asc
NCOLS 594 
NROWS 330 
XLLCORNER -15 
YLLCORNER 23 
CELLSIZE 0.166666666666667 
NODATA_value -9999 
[rows 126 to 146 of 330, columns 460 to 505 of 594]
0.0215039012953639 0.0267245607450604 0.0751309089362621 0.0191377639770508 0.0078006605617702 0.00990347042679787 0.0502813912928104 0.0304517652839422 0.0479082573205233 0.0167797858826816 0.00648183510638773 0.0101402865955606 0.00389795391820371 0.01111772027798 0.00582597646862268 0.0163682535290718 0.00666579273529351 0.00973598938435316 0.0100002129562199 0.00309216857422143 0.00769276884384453 0.0054541131015867 0.00989633901044726 0.00522494444157928 0.00686384658329189 0.0096305453684181 0.0137762863188982 0.0124250656925142 0.0226424884051085 0.0475865438580513 0.00513490894809365 0.0076575463404879 0.00657363196369261 0.00695098796859384 0.00698189162649214 0.00667567676864564 0.00999346631579101 0.0232570759952068 0.0437869245186448 0.0492009855806828 0.0443612217903137 0.0285461716353893 0.0342689817771316 0.0315228171646595 0.0270260609686375 0.0253618920221925
0.0301299761980772 0.0477335125207901 0.0934552758932114 0.0231805428862572 0.0331319704651833 0.0331131936982274 0.0321102153509855 0.042465952411294 0.0400870993733406 0.0132902698591352 0.00747010768391192 0.0064181919908151 0.011113753169775 0.00636849259026349 0.00618477871175855 0.0130091028288007 0.00976956621743739 0.00804504728876054 0.0097359063802287 0.00185234438395128 0.00826747515238821 0.00667035831138492 0.00504655039403588 0.00504903055261821 0.0214391535148025 0.0417261492460966 0.0397341605275869 0.0442266892641783 0.0411369249224663 0.00967971491627395 0.00781854977831245 0.00533686126582325 0.00634971577674151 0.0085899640340358 0.0476282365620136 0.0282148960977793 0.0324475197121501 0.0306987665593624 0.0399783303961158 0.0368503071367741 0.0346686391159892 0.0329300608485937 0.0275267351418734 0.0309486471116543 0.0302419804036617 0.0314150029793382
0.056855047121644 0.0435576906427741 0.0810125678777695 0.0156516435556114 0.0190526022575796 0.0167231550440192 0.0430775562301278 0.0452094240114093 0.0525117184966803 0.0381942080333829 0.0493951316922903 0.0682737242430449 0.0570473153144121 0.0502211924642324 0.0430500619113445 0.0167064636014402 0.0160632029175758 0.0417977064847946 0.0498382914811373 0.0461189195513725 0.0434031538665295 0.0461414415389299 0.0292961800470948 0.0345731317996979 0.0288530157878995 0.0270757555961609 0.0104777906555682 0.0717293046414852 0.0204132549464703 0.00643689511343837 0.0156761815771461 0.0422962266951799 0.0378466125577688 0.0394473668187857 0.0460025679320097 0.0390924919396639 0.0373228289186954 0.0256315060891211 0.0360014975070953 0.0289533849805593 0.0393803233280778 0.0258538890630007 0.0329538524150848 0.0250473161228001 0.0266073573380709 0.0210507273674011
0.0282847484573722 0.176429652422667 0.0390673017129302 0.0142205434851348 0.0184180048294365 0.0327903684228659 0.0340405631810427 0.0444665566086769 0.0362205730751157 0.0627135764807463 0.0415082775056362 0.0522555626928806 0.0447914935648441 0.0394570432603359 0.02330840844661 0.0247802469879389 0.0317557401955128 0.0354550760239363 0.0409183755517006 0.0289884343743324 0.0128645251505077 0.0137358356267214 0.0256123565137386 0.0305913856253028 0.0326018875464797 0.0338721491396427 0.0256945930421352 0.0319452159106731 0.0195294203236699 0.037885787896812 0.0328245205804706 0.0432884998619556 0.0372101046144962 0.0352436561137438 0.0436695642769337 0.0425448585301638 0.0413354218006134 0.0387573156505823 0.0302897008135915 0.0294205788522959 0.0346056401729584 0.0336797561496496 0.0263500148430467 0.0269149150699377 0.0249298239126802 0.0240028271451592
0.0658931314945221 0.0417067907750607 0.0502051223069429 0.0468866728246212 0.0407727165147662 0.046610926091671 0.0320495644584298 0.051909039542079 0.0442441681399941 0.0502597846090794 0.0505093544721603 0.062812389805913 0.065809452906251 0.0511207453906536 0.0591025914996862 0.0345867402851582 0.0412976868450642 0.0403105068951845 0.0193703285418451 0.00549467415548861 0.00583923007361591 0.000690505429520272 0.00151379959424958 0.00469261752441525 0.00459390431642532 0.00847314647398889 0.0204998075962067 0.0153011766262352 0.0369105752557516 0.0134572457522154 0.0184666042216122 0.0104161617346108 0.00869782906956971 0.0397496376186609 0.0334772387519479 0.0416160721331835 0.0373074389994144 0.0345434905961156 0.0416642216965556 0.0729212030768394 0.0344077248126268 0.0312141213566065 0.0301946870982647 0.0291451813653111 0.0217696413397789 0.0243236877024174
0.03157725520432 0.0213585962541401 0.0421371757984161 0.0250422852113843 0.0353796446695924 0.0331793846562505 0.0417723540216684 0.045251577720046 0.0361537970602512 0.038132069259882 0.0462415035814047 0.0840962290763855 0.0402360819280148 0.0490516077727079 0.0385022545233369 0.0287322096526623 0.0444071538746357 0.0084583553019911 0.00490550096146762 0.0119050193578005 0.0255698848515749 0.0108857772313058 0.0133168761618435 0.0127203132025898 0.0226087858900428 0.0293663388118148 0.0161818256601691 0.0317868186160922 0.0283269871026278 0.0359060490503907 0.0340935081243515 0.0285901688039303 0.0295108189806342 0.0295201808214188 0.0288295529782772 0.0290305687114596 0.0217253781855106 0.0240970632061362 0.0307549692690372 0.0347416870296001 0.031507327593863 0.0228674670681357 0.0277211768552661 0.0305772537365556 0.0206335286609828 0.0204248238354921
0.0299958106130362 0.0231628187932074 0.0437965776771307 0.0362802384421229 0.03517225086689 0.0438532330095768 0.0308876531198621 0.03718302231282 0.0415397241711617 0.0367343554273248 0.0379371302202344 0.0380132615566254 0.038328505679965 0.0365710919722915 0.0345235269516706 0.0315430097281933 0.0223522320389748 0.026129219122231 0.0311916079372168 0.0257258085533977 0.00949471727944911 0.0247234968468547 0.0220162665471435 0.0201746910810471 0.0260555576533079 0.0102442636154592 0.016930391266942 0.0288637463003397 0.0237061645835638 0.0293785639107227 0.0249850140884519 0.0255694044753909 0.0290043365210295 0.0237917985767126 0.00729639362543821 0.00241913731442764 0.00305303673958406 0.00766453989781439 0.0103993123862892 0.0097487292252481 0.0265411535277963 0.0170500497333705 0.0150314320810139 0.0176012195646763 0.0195425980724394 0.00967840664088726
0.0243885198608041 0.0100644461112097 0.0295425347983837 0.116274902969599 0.0239419045858085 0.033279275894165 0.0301481518894434 0.0386355781927705 0.0434457737952471 0.0211900617927313 0.00403944231802598 0.0396694768220186 0.0525278966873884 0.0415673468261957 0.0319026716053486 0.0228165436536074 0.0044014933751896 0.00414635133929551 0.0031095256912522 0.0316247185692191 0.0315062131732702 0.0277239380404353 0.0244327515363693 0.0127323582302779 0.00429076424334198 0.00345435030758381 0.0299845965579152 0.0215988792479038 0.0218307580798864 0.0231916680932045 0.0246553190052509 0.0250907560810447 0.00398130238754675 0.00893124325666577 0.00452330855187029 0.00781871182844043 0.0165479957126081 0.00852873986586928 0.0132510493509471 0.0151037378702313 0.0232661945745349 0.029083963856101 0.0124633487779647 0.0236958527937531 0.0305754905566573 0.00279006153577939
0.0258872300386429 0.0490700408816338 0.0437354143708944 0.015074968431145 0.0277215758338571 0.0230926414951682 0.0360951256006956 0.0380864441394806 0.012222685245797 0.0339234070852399 0.00828802278265357 0.0298092752695084 0.0298327900469303 0.0384027067571878 0.034922026284039 0.0379951324313879 0.0054636069573462 0.00538275060243905 0.00724639454856515 0.00413950090296566 0.00865783337503672 0.00677266865968704 0.0111292599700391 0.0118714290671051 0.0116508815437555 0.0208779647015035 0.0060619511641562 0.0204761058092117 0.021352587454021 0.00579446575138718 0.0274279128760099 0.0212044355459511 0.00573236192576587 0.0141105127520859 0.00307258502580225 0.00399539940990508 0.000879731241730042 0.00475704477867112 0.00630078718531877 0.00966264070011675 0.0129960141144693 0.00972535777837038 0.00904799455311149 0.0187932664528489 0.0170692776329815 0.0275502906180918
0.0251661768183112 0.0497363034635782 0.030460225045681 0.0370000407099724 0.0286441760137677 0.0369520721957088 0.0343866461887956 0.0295664587989449 0.0285847365856171 0.0351904949173331 0.0397583305835724 0.0371183179318905 0.022351448237896 0.0199395662173629 0.0194360276684165 0.0334402434527874 0.0253392070531845 0.0067057708511129 0.0147523370571435 0.0137973694130778 0.0216502139344811 0.0197906041983515 0.0479873370379209 0.018534348718822 0.0217096082866192 0.0196832367219031 0.0114572649821639 0.0178233547136188 0.0045821649953723 0.0139865041710436 0.00349404281005263 0.00356010487303138 0.00465078372508287 0.0103084958624095 0.00675840945914388 0.0014311081788037 0.015962621383369 0.00195970550412312 0.00848770181182772 0.00152848158613779 0.00490841439459473 0.0153617056086659 0.00644260933622718 0.00634549297392368 0.0172771261073649 0.0113749756943434
0.0327816773205996 0.0101494766771793 0.0184558873996139 0.0147714253515005 0.00802136147394776 0.0349429933354259 0.0398235555738211 0.0367986222729087 0.0392425922676921 0.0336909849196672 0.0305799249559641 0.00683778603561223 0.0163106175139546 0.0296038309112191 0.0335738804191351 0.0301449274644256 0.0372481958940625 0.0231748955324292 0.0220760732889175 0.0254753166809678 0.0345674114301801 0.0191155112348497 0.0281111933290958 0.0193463467992842 0.0194802599027753 0.00965325557626784 0.000821110754623078 0.00213682592147961 0.00218502165516838 0.0169280870817602 0.00298750899964944 0.0174170142970979 0.0156426540575922 0.00359452206175774 0.00612865993753076 0.0148454327136278 0.0188532035797834 0.00489794730674475 0.00299724853830412 0.0115431604906917 0.0128112406469882 0.0093172718770802 0.0138656249269843 0.0133515944704413 0.0193297343328595 0.0374394232407212
0.0150659436360002 0.0359255129471421 0.00858640940859914 0.00851406864821911 0.0271996794268489 0.0294380892068148 0.0170158352702856 0.00682645938359201 0.0219969184137881 0.0274878291413188 0.0271632570773363 0.0291808426380157 0.0249607348814607 0.0258016178384423 0.0367110103368759 0.0278995113447309 0.0313287800177932 0.0252575756981969 0.0209226411767304 0.00621998370625079 0.0234587956219912 0.0191504607908428 0.0191320114769042 0.0194107555784285 0.0247751304879785 0.0201039893552661 0.016087656468153 0.00880217938683927 0.00278317563934252 0.00626702457666397 0.0125408419407904 0.00142110382730607 0.0214889529161155 0.0182488473132253 0.0044635544763878 0.0232972538098693 0.0186339812353253 0.00819279013667256 0.0147690245881677 0.012692763376981 0.0127504955045879 0.0431691816076636 0.0211364387534559 0.0212657500989735 0.0438731616362929 0.0247884089127183
0.0371568974107504 0.00273885279893875 0.0274036793038249 0.00366509333252907 0.0178044475615025 0.0245685825124383 0.025441924482584 0.048834154009819 0.0249637069180608 0.0237728577107191 0.00941927139647305 0.0212473830208182 0.0155350564047694 0.0269329404458404 0.0326618893072009 0.0168678698129952 0.0411972567439079 0.0135510780848563 0.0240822488442063 0.0259801896288991 0.0277853982523084 0.0192752110771835 0.0192542055621743 0.0195426858961582 0.0186369702219963 0.0218898059800267 0.0134587158448994 0.0146855932660401 0.001168551039882 0.013046217802912 0.018867592420429 0.00215839601587504 0.00410137388389558 0.00376387091819197 0.00618378682993352 0.0182484255172312 0.0179711234755814 0.0127490569837391 0.0110570352524519 0.0171304429881275 0.0197670700028539 0.0182067287154496 0.01978675480932 0.0126245655119419 0.460700908303261 0.0584823001176119
0.0200429392978549 0.0299621289595962 0.0387734055519104 0.0141843677964061 0.0256853932514787 0.0230331726372242 0.00864688893780112 0.00404540156014264 0.00291624881792814 0.0153112908825278 0.0078565139323473 0.0083230665884912 0.0211165748536587 0.0251240070909262 0.0361722877249122 0.0316960806027055 0.0282169859856367 0.00105541381635703 0.0264712298288941 0.0399219822138548 0.0251926608383656 0.018908114451915 0.0186873710714281 0.0182656183838844 0.0198420882225037 0.0188077598810196 0.00676611775998026 0.0180817881599069 0.0116047838237137 0.010254698432982 0.0202485511079431 0.0135718547739089 0.00681633898057044 0.0304619206115603 0.0275188123807311 0.014889073651284 0.0117958257906139 0.0119323440827429 0.0266618179157376 0.00533929134253412 0.00467994147911668 0.0191168863326311 0.0189354339614511 0.0185618039220572 0.013404659088701 0.0196179154329002
0.0228036027401686 0.0294321820139885 0.00309878329280764 0.0062325807986781 0.0223721938207746 0.0086435682605952 0.00631329806055874 0.0224152555689216 0.0200038543902338 0.0136281521059573 0.00672758824657649 0.0158313564024866 0.0214889517985284 0.0257884941995144 0.0215265375562012 0.0170936948619783 0.00232656460721046 0.0152165926061571 0.00565367816016078 0.0251401584595442 0.0257864532992244 0.0202641983516514 0.018173713888973 0.012682924233377 0.0196410025469959 0.00404042063746601 0.0349380403757095 0.0123058420605958 0.0158700766973197 0.00366322954650968 0.0146035951562226 0.00804073777981102 0.0115703917108476 0.0102072169072926 0.0168401305563748 0.0182636231184006 0.01609021499753 0.00198419943917543 0.0145586113445461 0.0158425164408982 0.0186733557842672 0.0165261193178594 0.0179647093638778 0.0189501637592912 0.0172752852551639 0.0203006073832512
0.0272523744031787 0.0188434803858399 0.0122259230818599 0.00785336992703378 0.0221248823218048 0.00497387594077736 0.0097234517801553 0.00697475667111576 0.0190487769432366 0.0193081592209637 0.0213770740665495 0.0196908778510988 0.0187012364156544 0.02041020328179 0.0202676178887486 0.00938428612425923 0.0191387982107699 0.0553593264892697 0.0130650204606354 0.0214394357055426 0.01943320017308 0.0153270086273551 0.00437615578994155 0.00683542769402266 0.0056951345410198 0.00470504835247993 0.0230070349760354 0.00592661546543241 0.00902062696404755 0.00705644665285945 0.00532863764092326 0.00539919268339872 0.0109967639669776 0.0133542272262275 0.0166468676179647 0.0174106292426586 0.0109826148487628 0.0149400073103607 0.0162035661749542 0.0126619446091354 0.0146402325481176 0.015963354986161 0.0161984725855291 0.0178075521253049 0.0162103895097971 0.0142637333832681
0.0204111904837191 0.0228499492630363 0.0340770060196519 0.0207159101963043 0.0224169174209237 0.0195049430243671 0.00698006812017411 0.0225350787863135 0.018530354835093 0.0200412516482174 0.0124254615046084 0.0123324767686427 0.0176267059519887 0.0140240978449583 0.017482992913574 0.013913011085242 0.00873412354849279 0.00242264836560935 0.00550458692014217 0.022318079136312 0.0184733100235462 0.0119753500446677 0.0118785800412297 0.00626430185511708 0.0016107629344333 0.00603161144535989 0.00308598158881068 0.00808953111991286 0.00436180538963526 0.0152632880955935 0.00495130205526948 0.00949335023760796 0.00616676579229534 0.0108449840918183 0.016043396666646 0.0151184919290245 0.015761645976454 0.0145975479856133 0.0144652331247926 0.0157199902459979 0.0142194646410644 0.0133923161774874 0.0138911284506321 0.00314962696284056 0.011410768982023 0.0029548455029726
0.0201351499184966 0.0219015205278993 0.0216472038067877 0.0184201387688518 0.0162819820456207 0.0208444772288203 0.0154950002208352 0.017997289635241 0.0144991015084088 0.0149555506184697 0.0177750175818801 0.0198453380726278 0.00879916856065393 0.0092443672940135 0.019905237108469 0.010062670102343 0.00560727030970156 0.000348466053401353 0.00414143474772573 0.0144399487413466 0.0161795754916966 0.0158408556133509 0.00910133430734277 0.00607080678455532 0.00473343428457156 0.00149202262982726 0.0061670336406678 0.00422988620121032 0.00598551006987691 0.00771408495493233 0.00708037652075291 0.0087404019664973 0.00901376740075648 0.0120879014953971 0.012763799354434 0.01300850501284 0.0147259223274887 0.0155000317841768 0.0144273185171187 0.00920060111675411 0.00698429336771369 0.0124074298888445 0.0118680424056947 0.0128680983558297 0.0123051837552339 0.00107717769569717
0.0202551788650453 0.0225442909635603 0.0217051393352449 0.0194752836599946 0.0199308860115707 0.0205674193799496 0.0209180529229343 0.00618588409852236 0.0143660360015929 0.0184184089303017 0.019962568115443 0.017570052202791 0.00540714357048273 0.0087505781557411 0.00501917582005262 0.0144763963297009 0.00643498678691685 0.00546987778507173 0.00122774364426732 0.00184271984035149 0.0102373315021396 0.0170503770001233 0.0107787651009858 0.017276056855917 0.013809460029006 0.00412902854150161 0.00842625456862152 0.016101329959929 0.00964533383958042 0.0133663594722748 0.0100951396860182 0.0129748096689582 0.0140991572290659 0.0120542032644153 0.0116604467853904 0.0143794709816575 0.0155889855697751 0.0145435989834368 0.0147971975617111 0.0129517617635429 0.0124085718765855 0.0125524274073541 0.0114197392016649 0.0106709222309291 0.0101394657511264 0.0104379415046424
0.0256024843081832 0.0209537168033421 0.0130376731976867 0.0210092548280954 0.015849710162729 0.0198316995054483 0.0187429065816104 0.00758331217803061 0.0123771549202502 0.0179402480833232 0.0138295913115144 0.0121723429299891 0.00434508316684514 0.00469995914027095 0.0111001588404179 0.006513900635764 0.00533204067032784 0.00412553467322141 0.00388557142578065 0.00182755492860451 0.00380209549330175 0.00570897636935115 0.0121394180692732 0.0109795932658017 0.0097047305200249 0.00666960207745433 0.0119073701091111 0.0156791376881301 0.00471940543502569 0.00444826907478273 0.00535667827352881 0.00775604546070099 0.0127203629352152 0.00594408088363707 0.00272281947545707 0.0157266000285745 0.00778043144382536 0.0154869546182454 0.0138558492995799 0.0133898446336389 0.0125941075384617 0.0107671242207289 0.0110766405239701 0.0101648272480816 0.00930952904745936 0.00873381844721735
0.0139877634122968 0.00353293789085001 0.0184613043442369 0.0279843607917428 0.0130730465985835 0.0186725948005915 0.00916632753796875 0.00678228959441185 0.00781605425290763 0.00741561949253082 0.0109768651425838 0.0127345954068005 0.0077280240599066 0.00401185736991465 0.00794834950938821 0.00749364146031439 0.0145530254580081 0.00640186960808933 0.00413037929683924 0.00127361965714954 0.00328405881300569 0.00438491087406874 0.0100786176044494 0.0117033472284675 0.0131248054094613 0.0123646411113441 0.00892876666039228 0.00404834176879376 0.00525404100771993 0.0103660378605127 0.0150700961239636 0.0167098092846572 0.0125666105188429 0.00138478160370141 0.0171831944026053 0.0172304588370025 0.0167254582047462 0.0149620804935694 0.0138695641420782 0.0133600481785834 0.0123933277092874 0.0130797426216304 0.0109040127135813 0.00996924638748169 0.00879442319273949 0.0081880843732506
