Scripts_&_data/Maxent_result_files_1/Bombus_fragrans_2.asc
NCOLS 594 
NROWS 330 
XLLCORNER -15 
YLLCORNER 23 
CELLSIZE 0.166666666666667 
NODATA_value -9999 
[rows 147 to 167 of 330, columns 517 to 563 of 594]
0.0269511051476002 0.0312625523656607 0.0296518664807081 0.0367482524365187 0.0289663532748818 0.0407470438629389 0.0357506465166807 0.0348497312515974 0.041121331602335 0.0349452264606953 0.0375650074332953 0.00893682669848204 0.0114977438002825 0.0144128762185574 0.0145523687824607 0.00981242451816797 0.00900815892964602 0.0468612641096115 0.0467079371213913 0.0354080464690924 0.0339987032115459 0.0492912892252207 0.0233159421011806 0.0436731990426779 0.026867002248764 0.0365788012742996 0.0311945457011461 0.0322044644504786 0.0304861102253199 0.0293643150478601 0.0348147869110107 0.0261171251535416 0.0273583440110087 0.0238723658025265 0.0260573875159025 0.0328174881637096 0.0321572784334421 0.0341558814048767 0.0140172019600868 0.0428080417215824 0.0425951864570379 0.0379934009164572 0.0514824271202087 0.066307221353054 0.0602716982364655 0.0173386730253696 0.0366032786667347
0.0393665444105864 0.0279791057109833 0.0295023344457149 0.0289489455521107 0.0319940790534019 0.0300719197839499 0.0321917738765478 0.0340100765228271 0.0501674428582191 0.0272796984761953 0.00885898768901825 0.00215662866830826 0.001578763499856 0.00191571107134223 0.0403426926583052 0.0411918714642525 0.0423992332071066 0.0447597097605467 0.0544889241456985 0.043362982571125 0.0348029546439648 0.0340177625417709 0.0338258253410459 0.0281036717817187 0.0381703758612275 0.0369599852710962 0.0336842250078917 0.0432658117264509 0.0349455010145903 0.0392407391220331 0.0257513105869293 0.0305126808583736 0.0331756554543972 0.0260767567902803 0.00793979307636619 0.0251258039847016 0.00733886566013098 0.00524730486795306 0.00804488863795996 0.0292749229818583 0.00827380046248436 0.0388660438358784 0.0678592272102833 0.0552447706460953 0.0601865336298943 0.0808022454380989 0.0814382314682007
0.0415430046617985 0.0276544019579887 0.0349253822118044 0.00943475943058729 0.0368238482624292 0.0428236614912748 0.024189792573452 0.0248846996575594 0.0263345837593079 0.0272866332903504 0.0295184355229139 0.0660503281280398 0.060519462113844 0.0616186286541203 0.0591548543423414 0.0542651832103729 0.0445408023893833 0.0281736452132463 0.0389311138540506 0.0425836527720094 0.0509784527122974 0.0498050943017006 0.0292608596384525 0.0223258187994361 0.0194401636719704 0.0191509878262877 0.0184878160245717 0.0341000519692898 0.0360130777582526 0.0291580714285374 0.0298201030120254 0.0232637630775571 0.0254628451541066 0.0236052067950368 0.024608963355422 0.0250041970983148 0.0281655909493566 0.034239711984992 0.0441904149949551 0.0411636367440224 0.0434035032987595 0.0430141791701317 0.0548312462866306 0.0153583452105522 0.0946184918284416 0.0941652193665505 0.0903034418821335
0.0422911182045937 0.0451562479138374 0.0469923064112663 0.0460636876523495 0.0350400812923908 0.0377664018422365 0.0253523353487253 0.0264375912025571 0.0278119057416916 0.0302921775728464 0.0306594522669911 0.00957205779850483 0.0309169825166464 0.0305797308683395 0.0308785492554307 0.0300831528380513 0.0293481182307005 0.0316068256273866 0.00848768632858992 0.0275418803095818 0.0267819395288825 0.0250121630728245 0.0234837414696813 0.0222331186756492 0.0204866425134242 0.0192417264916003 0.0187657306902111 0.0276408163830638 0.022309360280633 0.0252872874960303 0.0439967222511768 0.0400177743285894 0.0302298786118627 0.0359199564903975 0.0253696644678712 0.029435995593667 0.0262469245120883 0.0266659641638398 0.0102418022230268 0.0306671321392059 0.0372971072793007 0.036215503141284 0.0537027209997177 0.0579694136977196 0.0715574167668819 0.058367832750082 0.0794456519186497
0.0467152714729309 0.0235334943979979 0.0388099905103445 0.0261065732687712 0.0259936064481735 0.026470542140305 0.027079875394702 0.027780918776989 0.0283346796408296 0.0301526082679629 0.0306336287409067 0.0309928100556135 0.00910287294536829 0.0319957558065653 0.0507984660565853 0.0633141212165356 0.0305722462013364 0.0311305088922381 0.0299991091713309 0.028825980052352 0.0276823222637177 0.0257398610934615 0.0244776513427496 0.0576403019949794 0.0430788261815906 0.0196887278929353 0.0193032212555408 0.0316752245649695 0.0245748529210687 0.0354845967143774 0.0189095539040864 0.0288111301138997 0.0567256808280945 0.03656055778265 0.0324649333953857 0.0313882056623697 0.0402254933491349 0.00610504020005465 0.0454289050772786 0.0315391121432185 0.0364938329905272 0.0355844333767891 0.0394833575934172 0.0562358371913433 0.0648811228573322 0.0871465116739273 0.0896495550870895
0.0240110596641898 0.0481530256569386 0.0393694903701544 0.0504243187606335 0.0269279012456536 0.0279817817732692 0.0275036793202162 0.0288073757663369 0.0285548739135265 0.0292517401278019 0.0303057119250298 0.0317785615101457 0.032851468026638 0.0335980255156755 0.0349146105349064 0.0331551242619753 0.031486956961453 0.0309339094907045 0.0300080196931958 0.0294243777170777 0.0278101194649935 0.0258622674271464 0.0457957819104195 0.0237584449350834 0.0362051028758287 0.0202891791239381 0.0198414110578597 0.019415398593992 0.0189031305722892 0.0191032732836902 0.0351017909124494 0.0194869136437774 0.0395577747374773 0.0578062906861305 0.0271784896031022 0.0436055595055223 0.0320987414568663 0.0341731481254101 0.0316317338496447 0.0334801493212581 0.0474789705127478 0.0442536406219006 0.0368362590670586 0.0394343208521605 0.0619919165968895 0.0910545513033867 0.0726849481463432
0.0345184493809938 0.0474948797374964 0.0264330958947539 0.0263610944151878 0.040917344391346 0.0623743318021297 0.0303058313205838 0.03118193782866 0.031160039268434 0.0314101019874215 0.0312471060082316 0.0321344215422869 0.0334621075540781 0.0344148565083742 0.0342949867248535 0.0338206194341183 0.0337715208530426 0.0652255401015282 0.0314460437744856 0.0305152472108603 0.0292378425598145 0.0273428602144122 0.0255500899627805 0.050793905928731 0.0234725998714566 0.0216691082343459 0.00605101520195603 0.00620749043300748 0.0208518320694566 0.0204908445477486 0.038075152784586 0.0383548237383366 0.0390173189342022 0.0587592411786318 0.0573669165372849 0.0480995744466782 0.0232979129999876 0.0234336702153087 0.0356351442635059 0.0503532942384481 0.0426255032420158 0.0444473972544074 0.0362020172178745 0.0360254347324371 0.0409078408032656 0.0574295356869698 0.0713862761855125
0.0349885169416666 0.0320533188059926 0.0378785733133554 0.0384394008666277 0.0532710645347834 0.0311891667544842 0.0314060788601637 0.0314504023641348 0.0320103120058775 0.0325549889355898 0.0333114501088858 0.0339360285550356 0.0343554992228746 0.0352586399763823 0.0354553267359734 0.0357761215418577 0.0358538705855608 0.0339159732684493 0.0332292249426246 0.031920507363975 0.0309704098850489 0.0479991044849157 0.0552819587290287 0.0356479585170746 0.0253019021824002 0.0243699297308922 0.022954242117703 0.00154194831848145 0.00444464441388845 0.0211157932877541 0.0216417659074068 0.0213506158441305 0.0221245462074876 0.0315892715007067 0.1997598528862 0.0853643763810396 0.0245889913290739 0.023956274241209 0.0458862937986851 0.0168845534324646 0.0512443549931049 0.0289537677541375 0.0544258080422878 0.019415321201086 0.0305402828380466 0.0141475787386298 0.0102951935958117
0.0313878532499075 0.0350024111568928 0.0405079185962677 0.0360394738614559 0.0491504538804293 0.0556679025292397 0.0316964250057936 0.0329255435615778 0.033554282784462 0.0116400985047221 0.0359800938516855 0.0368726070970297 0.0376833099871874 0.0381269048899412 0.0387491032481194 0.0381008297204971 0.0371526166796684 0.0356856893748045 0.03461151458323 0.034423909150064 0.0327275700867176 0.0315121658146381 0.0589889086782932 0.0387614948675036 0.0271474897861481 0.0322179514914751 0.0266239929944277 0.0251905603334308 0.0227109542116523 0.0230779210105538 0.0229314582422376 0.0235832719132304 0.0246884169057012 0.0527774199843407 0.0618421077728271 0.052998773381114 0.0489734224975109 0.0243785759434104 0.050427482649684 0.0534654226154089 0.0267635336145759 0.0567009925842285 0.0299925539642572 0.0475766647607088 0.0200636068359017 0.0145398326218128 0.000303965232888004
0.0331536186859012 0.0359956957399845 0.0409811958670616 0.0386314034461975 0.0447694789618254 0.055896084010601 0.0453938625752926 0.0328571919351816 0.0342730760574341 0.0350428991019726 0.035822506994009 0.0369134698063135 0.0381811622530222 0.0373233143240213 0.0367882329970598 0.0364060953259468 0.037998004630208 0.0365179233253002 0.0361030478030443 0.0347349777817726 0.0337894860655069 0.03250050265342 0.0310392882674932 0.0300884800031781 0.0291010910645127 0.0312435019761324 0.0277916541323066 0.00376992356032133 0.0248419534415007 0.0243804914876819 0.0243467520922422 0.0250421682372689 0.0339954756200314 0.0331629121676087 0.0257371939718723 0.038494261354208 0.0434581447392702 0.0382326569408178 0.0252609064802527 0.0261615391820669 0.0318530457094312 0.0579097863286734 0.0440530177205801 0.0290064891800284 0.0125614498741925 0.00265494180785026 0.00130175671656616
0.0391662806272507 0.0480498500168324 0.0376783471554518 0.0467164911329746 0.0618524514138699 0.0581582751125097 0.0441789049655199 0.064177131652832 0.0555230103433132 0.036496177688241 0.0377226378768682 0.0392269555479288 0.0402871329337358 0.0413487564772368 0.0129880487918854 0.0384815737605095 0.0383912980556488 0.0379154112190008 0.0365207113325596 0.0352279897779226 0.0340332046151161 0.0330158267170191 0.0317868888378143 0.0304096890613437 0.111852660030127 0.0804481238126755 0.0329871727153659 0.0286991195753217 0.0262953611090779 0.0263474065810442 0.0261411434039474 0.026167100481689 0.0258807582780719 0.0255609447136521 0.025890039280057 0.0257612910121679 0.0524738077074289 0.059176866710186 0.0338314022868872 0.0259035488590598 0.0308719573542476 0.0269904103130102 0.0275457447394729 0.0282464014366269 0.0102619837038219 0.0165165532380342 0.00321294390596449
0.0408649787306786 0.041975586861372 0.0533966209739447 0.0584130551666021 0.0629494063556194 0.0330180443823338 0.0683732934296131 0.0567994240671396 0.0365066934376955 0.0677315793931484 0.039545139297843 0.0787171013653278 0.0709335118532181 0.0465047549456358 0.0426705125719309 0.074459619820118 0.0379752364009619 0.0358094956725836 0.0343743871897459 0.0351176921278238 0.0349243476986885 0.0334952222183347 0.032474253885448 0.030870334059 0.0309882871806622 0.0100382838398218 0.0313343614339828 0.0293772613629699 0.0280091129243374 0.0274802440777421 0.0276263372972608 0.0270070105791092 0.0273399060592055 0.0268955489620566 0.0268724093213677 0.0266932820901275 0.0259152522310615 0.0424114421010017 0.057881261408329 0.041701503098011 0.0272741546854377 0.0272562278434634 0.0284186169505119 0.0300757413730025 0.0143188546411693 0.0179958648979664 0.000764834642177448
0.0288405179977417 0.0585774730890989 0.0540044851601124 0.0329379335045814 0.0677805364131927 0.0338707942515612 0.0549225509166718 0.0369180765002966 0.0575149208307266 0.0388505529612303 0.0634905494749546 0.0745445214211941 0.06287502348423 0.0522303722798824 0.0452516235411167 0.0410072177648544 0.0397401362657547 0.0379236165434122 0.0383841194212437 0.043713191896677 0.0366161286830902 0.0362133730202913 0.0345038618892431 0.033044365234673 0.0338587138801813 0.0323520682752132 0.0331416174769402 0.0325664175674319 0.0315321402624249 0.0300933122634888 0.0302197828888893 0.0296550668776035 0.0291542867198586 0.0293304231017828 0.0289573902264237 0.0270231120288372 0.0264274347573519 0.0259531674906611 0.0408056519925594 0.0595633290708065 0.0488469354808331 0.0277119306847453 0.028264101780951 0.0286499114707112 0.01075633559376 0.0300528166815639 0.0315436564385891
0.0391046103090048 0.378730770945549 0.0659767642617226 0.0432944145053625 0.0536953084170818 0.057897861301899 0.0564741194248199 0.0474829096347094 0.0547407601028681 0.0416130464524031 0.074654608219862 0.0591318272054195 0.0719371132552624 0.0923297181725502 0.0766076639294624 0.0748224325478077 0.0401898629963398 0.0469008710235357 0.0403258144855499 0.0370321199297905 0.0379089519381523 0.0368469540029764 0.036177484318614 0.0349288113415241 0.033455334417522 0.0328538222238421 0.033262007497251 0.0342117235064507 0.0321751734241843 0.0313647152855992 0.0310858411714435 0.0298947000876069 0.0296746859326959 0.0294345058500767 0.0286507634446025 0.0290639128535986 0.02870202511549 0.0281640702858567 0.0282377330586314 0.0558481715619564 0.037091351300478 0.0468661300837994 0.0287112111225724 0.0297461738809943 0.0308129528537393 0.03244339954108 0.0333877602592111
0.0635539278388023 0.111715536564589 0.0667662963271141 0.0610854424536228 0.0583280649036169 0.0746501177549362 0.0491456743329763 0.0504691231995821 0.0628657341003418 0.061819102615118 0.0760166771709919 0.0611320108175278 0.073427302390337 0.0433021564036608 0.0721236400306225 0.0435183648020029 0.0419033754616976 0.0407422009855509 0.0402173426002264 0.0389240179210901 0.0393988411873579 0.0363435927778482 0.0343913238495588 0.034262964501977 0.0352544944733381 0.0358181390911341 0.0365343008190393 0.0367692612111568 0.0366318985819817 0.0348455503582954 0.0342316647991538 0.0334496691823006 0.0321367681026459 0.0307924158871174 0.0314176512882113 0.0312300758436322 0.0313255107030272 0.0299999924376607 0.0297612709924579 0.0284024734050035 0.0275823062285781 0.0379435814917088 0.0296069147065282 0.0306577932089567 0.030945061519742 0.0319548161700368 0.0317463997751474
0.0555057786405087 0.0215592384338379 0.0187827367335558 0.0577748022973537 0.0516012258827686 0.0635862067341804 0.0313208043575287 0.0623833179473877 0.0645452581346035 0.0600026026368141 0.0720545500516891 0.0585658043622971 0.077017580717802 0.0749777257442474 0.0881903752684593 0.0435717221349478 0.0402626615017653 0.0398822903633118 0.0412330411374569 0.0448392141610384 0.042542714253068 0.0375543333590031 0.0379735324531794 0.0407497152686119 0.0438727341592312 0.0436700318008661 0.0815168000757694 0.0269182404503226 0.0439529567956924 0.0398070894181728 0.0368973735719919 0.0345363892614841 0.0355154652148485 0.0362406056374311 0.0344488963484764 0.0362449586391449 0.0344196166843176 0.0334041181951761 0.0341059301048517 0.0320459807291627 0.0309087965637445 0.029992463439703 0.0310818744823337 0.0319892328232527 0.0321562694385648 0.0327771674841642 0.0324204357340932
0.0612642377614975 0.0485857859253883 0.0340656504034996 0.0700610972940922 0.0551047384738922 0.0721393205225468 0.075085674226284 0.0646765381097794 0.0542747676372528 0.0816082037985325 0.0762309364974499 0.0656747609376907 0.0829985611140728 0.0701260633766651 0.0452929105609655 0.0454048201441765 0.043691398575902 0.0424540415406227 0.0422773454338312 0.0395002644509077 0.0392026271671057 0.0376334395259619 0.0360049936920404 0.0404246836900711 0.041341919079423 0.0440287429839373 0.0324916452169418 0.0350721908733249 0.0419232320040464 0.0409568015486002 0.0380033403635025 0.0383003290742636 0.0405328683555126 0.0436015389859676 0.0365812461823225 0.0380613796412945 0.0373214084655046 0.0364669971168041 0.0366480331867933 0.0379193417727947 0.034988434240222 0.0343044238165021 0.0335222760215402 0.03306799326092 0.0334312576800585 0.0164588732644916 0.00220147378277034
0.0327213317155838 0.0608715116977692 0.0335412297397852 0.0364624246954918 0.0386369552463293 0.0758473686873913 0.0797338500618935 0.0464943844825029 0.0681484222412109 0.0613241747021675 0.0906232342123985 0.0616501063108444 0.062568137049675 0.0437417469918728 0.0846276216208935 0.0278653413057327 0.0449684951454401 0.0454743288457394 0.0419565591961145 0.0449579555541277 0.0455194026231766 0.0442005038261414 0.0413517750799656 0.0785943634808064 0.0389526560902596 0.040113927051425 0.039360973611474 0.0443452306091785 0.0460446503013372 0.0458767976611853 0.0467207357287407 0.0433297038078308 0.0401846691966057 0.0401081912219524 0.0369833681732416 0.0359033275395632 0.0383204627782106 0.0385385602712631 0.0374060723930597 0.0362419731914997 0.0367505505681038 0.0347613055258989 0.03453319799155 0.036398795619607 0.0353341743350029 0.0330298641696572 0.0329437365755439
0.064232811331749 0.0328578285872936 0.0337936405092478 0.0365787170827389 0.0382441248744726 0.079172233492136 0.0835504151880741 0.0877392411231995 0.0703070349991322 0.0636473961174488 0.0610399931669235 0.0615796037018299 0.0763260997831821 0.078090500831604 0.0446744725108147 0.0446079965680838 0.044321658089757 0.0448138371109962 0.088462295383215 0.0866186678409576 0.0494031831622124 0.0519911821931601 0.0544397816061974 0.0541501484811306 0.0456313587725162 0.0436177734285593 0.0401463501155376 0.0408931955695152 0.0482448000460863 0.0528067797422409 0.0564394176006317 0.0558689538389444 0.0463260535150766 0.0436294637620449 0.0432026460766792 0.0425267584621906 0.0403562590479851 0.0405395176261663 0.0397064961493015 0.03895771689713 0.0389642115682364 0.0396742112934589 0.0392514567822218 0.0373114462941885 0.0365732189267874 0.0346387233585119 0.0352597501128912
0.0335844524204731 0.0341050017625093 0.0357128564268351 0.0762022748589516 0.0634237803518772 0.0433219891041517 0.089940969645977 0.0697666421532631 0.0789668217301369 0.0800462275743485 0.0888723641633987 0.0964608132839203 0.0461147386580706 0.090671993046999 0.0426785212010145 0.0405144169926643 0.040148227289319 0.0432838909327984 0.0456108640879393 0.0444201905280352 0.0421631708741188 0.0444210402667522 0.0478799808770418 0.0475404005497694 0.037982489168644 0.031716413423419 0.0408208936452866 0.0454876951873302 0.0399129349738359 0.0439407419413328 0.0417176831513643 0.0485753439366817 0.0458106998354197 0.0489292338490486 0.0518931537866592 0.0559372581541538 0.0540661718696356 0.0488123163580894 0.045104669034481 0.0427230805158615 0.0459349222481251 0.0444688614457846 0.0423940602689981 0.0413012932986021 0.0404987242072821 0.0399767506867647 0.0386173646897078
0.0367010086774826 0.0356692086905241 0.0387734040617943 0.0419242829084396 0.0683269768953323 0.0469461359083653 0.0925529733300209 0.0629264324903488 0.0711336277425289 0.0818818040192127 0.225726599991322 0.193434353172779 0.0947724752128124 0.0478800088167191 0.0444427542388439 0.0411866657435894 0.0395467739552259 0.0435210950672626 0.0399010524153709 0.0395433247089386 0.0348946120589972 0.0331122580915689 0.0336743507534265 0.0344489943236113 0.0351224202662706 0.0341906484216452 0.0286379981786013 0.0283505404368043 0.0435522221028805 0.0362138897180557 0.0405490554869175 0.0405067216604948 0.0468788906931877 0.052343101426959 0.0548222102224827 0.0504875026643276 0.0589142754673958 0.0589722238481045 0.0472648076713085 0.0434125479310751 0.0482656508684158 0.0498638913035393 0.0479390442371368 0.0450449720025063 0.0444211091846228 0.0444374211132526 0.0405549794435501
