Scripts_&_data/Maxent_result_files_1/Bombus_persicus_2.asc
NCOLS 594 
NROWS 330 
XLLCORNER -15 
YLLCORNER 23 
CELLSIZE 0.166666666666667 
NODATA_value -9999 
[rows 100 to 119 of 330, columns 270 to 314 of 594]
0.0476691430434585 0.690834802389145 0.884838026762009 0.882684016227722 0.886745059490204 0.88435669541359 0.886062830686569 0.895907580852509 0.895156365633011 0.993238151073456 0.952590101957321 0.573402771353722 0.418230274319649 0.143609094619751 0.00327866551233456 0.0113478602608666 0.0122021039715037 0.00808242994826287 0.00114704099250957 0.00253941784612834 0.000807001648354344 0.000144330513649038 0.000198272864508908 0.000282271012838464 6.67314785459894e-05 9.04127440662705e-05 0.000325284947757609 0.000178905044595012 0.000273104050575057 0.001583236415172 6.19395324974903e-05 0.000164573666552315 7.27644282960682e-05 0.299339635670185 0.85908921957016 0.860300487279892 0.864209824800491 0.844542753696442 0.0320891954004765 0.000138038299337495 0.000384104720433243 0.000361385686846916 8.70168219989864e-05 0.000540248909965157 5.96972833591281e-05
0.159173285216093 0.854981392621994 0.887085872888565 0.894007396697998 0.899742245674133 0.897245997190475 0.903345501422882 0.907149249315262 0.905721628665924 0.908726626634598 0.912902367115021 0.908003240823746 0.903125292062759 0.903784269094467 0.94770627617836 0.155513408780098 0.00442532843444496 0.000870686126290821 0.000342142500448972 0.000220795629866188 0.00137309377314523 0.000154841630137526 8.49930309414049e-05 5.02079572470393e-05 0.000194393024139572 0.00241734368028119 0.000302795499010244 0.000410384674614761 0.000392755755456164 0.0205925684422255 0.000574223368312232 0.00176497013308108 7.93268922279822e-05 0.00716633710544556 0.978493821620941 0.859133332967758 0.157381671667099 0.0854353997856379 0.00158402714296244 0.000108469088445418 8.13844064396108e-05 4.59857767054928e-05 6.85545006490429e-05 5.28417465829989e-05 4.25115433245082e-05
0.0239243641495705 0.00932039506733418 0.436064299941063 0.914071303606033 0.889838874340057 0.900275838375092 0.911317646503448 0.912300103902817 0.913566249608994 0.918891626596451 0.91910183429718 0.923327761888504 0.910653442144394 0.907335329055786 0.908844739198685 0.994589394330978 0.0112580599728972 0.000145645155862439 0.000322753848740831 0.000374979079788318 0.000127918358703027 6.65756699163467e-05 0.000692422155407257 0.000262988632312044 0.000222774324356578 6.61836482322542e-05 0.000387254507222679 3.69555626093643e-05 4.78379062769818e-05 0.000111820856182021 0.000222424448293168 0.000309250316786347 0.00211198151228018 0.0765471059828997 0.11947319060564 0.0757781509310007 0.000790927387424745 0.000289202661952004 0.00218012015684508 0.000221118865010794 0.000235184711345937 9.29838975935127e-05 5.21983086400724e-05 0.00169118679477833 0.00285010248189792
0.0111562236677855 0.102745577692986 0.00791307459585369 0.835192233324051 0.892622029781342 0.88943036198616 0.897332662343979 0.904419434070587 0.899163299798965 0.904375749826431 0.90981622338295 0.919678175449371 0.91569190621376 0.910684531927109 0.909626805782318 0.913563388586044 0.993828624486923 0.00695837163366377 0.0011526195157785 0.000491026007512119 0.0001718395302305 0.000155112690117676 0.000494163825351279 0.000344652077183127 0.000189321066136472 3.57387281837873e-05 3.7068007804919e-05 3.91292393032927e-05 0.000109060915019654 0.000267545524548041 0.000283503174432553 0.000243710832728539 0.000425507957697846 5.01011443702737e-05 4.53945473964268e-05 0.000127604800945846 0.000387876333843451 0.000266181044571567 0.000309481472504558 5.14339299115818e-05 7.9291138354165e-05 0.000199829824850895 7.54792694351636e-05 8.27263196697459e-05 0.000619633871247061
0.0088373692240566 0.009186170110479 0.0178416937589645 0.14794208407402 0.7536003947258 0.889987194538116 0.885295242071152 0.894199216365814 0.891827809810638 0.893989199399948 0.896584659814835 0.903829509019852 0.909019726514816 0.910198050737381 0.90914666056633 0.977474266290665 0.9339808344841 0.0623237080872059 0.000187006118358113 0.000173221849399852 0.000108629563874274 0.000357952633930836 0.00222991327173077 0.000224173813330708 0.000169749325141311 3.41462289725314e-05 3.82406577045913e-05 6.73957069011522e-05 4.38707331340993e-05 0.000174520370637765 0.000237564781855326 0.000130088065270684 0.000108826312134624 0.00013056610514468 0.000334361545537831 0.000534765236079693 0.000487203925149515 0.0013687162543647 0.000119562909094384 9.24789110285928e-05 0.000265768753160955 6.99363044986967e-05 6.57857543046703e-05 0.000107184964144835 6.4545676286798e-05
0.00414840722223744 0.0125556600745767 0.00420992765575647 0.000232386401330587 0.00198846606072038 0.24585674405098 0.888924956321716 0.884862619638443 0.879919844865799 0.883378720283508 0.892077231407166 0.891321665048599 0.892695581912994 0.899109071493149 0.897702640295029 0.552599903941154 0.00437795030884445 0.000471508028567769 0.000155094384172116 0.00012369349533401 0.000146460150062921 0.00013769927827525 0.000112472455657553 0.000432255936902948 6.37828674371122e-05 2.76706447948527e-05 3.2815217582538e-05 4.89126698084874e-05 0.000352410553023219 7.40659395887633e-05 0.000110582405613968 0.000160439706814941 0.000329271140071796 0.00159856373793446 0.000133496251146425 7.07292107108515e-05 7.68993430028786e-05 7.52617221223772e-05 8.75577081387746e-05 0.000213683776382823 0.000129041959371534 4.80608890939038e-05 1.94885351902485e-05 0.00016737466212362 0.000171287847479107
0.000376841333491029 0.00260053140809759 0.00167211360530928 0.00234250965295359 0.000382962847652379 0.0168991661630571 0.984913718700409 0.872439628839493 0.873812699317932 0.981245094537735 0.062007718347013 0.151683482527733 0.0863260310143232 0.876148122549057 0.877179664373398 0.602548980712891 0.000596397591289133 0.000637352257035673 0.000322608676651726 0.000169483182253316 0.000108447045568028 0.000123299561528256 4.70905270049116e-05 0.000213115068618208 3.48169853168656e-05 0.000255904901132453 0.000172487447707681 0.000287708082760219 8.93938306035125e-05 8.55907104778453e-05 8.99753194971709e-05 0.000103485209729115 0.00039556130359415 0.00139859981136397 6.99703619829961e-05 6.21466988377506e-05 4.86019030176976e-05 0.000147624492092291 0.000176087963700411 0.000171468947519315 0.000259760045446455 0.000778091736719944 9.41344731472782e-05 0.0170340939424932 0.657814002037048
0.00105877277965192 0.114770530164242 0.131553715094924 0.00249300341820344 0.00304936119355261 0.0011465753603261 0.335716831684113 0.863813877105713 0.854263234138489 0.0158704584464431 0.000507990263577085 0.000640387182647828 0.000370062423462514 0.0128279034048319 0.00744207105599344 0.000137675181758823 0.000212490578269353 0.000265588038018905 0.000434034341014922 9.94758425804321e-05 0.000130919223374804 9.34049741772469e-05 0.000101536979127559 0.000193743203999475 0.00030240206833696 0.000159339922538493 8.1918327123276e-05 3.56256704435509e-05 0.000132895410933997 0.00039434541540686 0.000177711725700647 0.000206448314565932 0.000479113130131736 7.21196282029268e-05 7.96812142652925e-05 0.000158058158922358 0.000857533363159746 0.000521547808602918 0.000199950446767616 0.00027262649819022 8.82913824170828e-05 5.98177506617503e-05 0.000136274972828687 0.0359033416956663 0.176631520688534
-9999 0.971139365434647 1 0.00993731692433357 0.00262320847250521 0.00110424426966347 0.016062188334763 0.186247293651104 0.458306160569191 0.0329712649807334 0.000251678923814325 0.000272758279606933 0.0012364421854727 0.0020599165756721 0.00117006695654709 0.000939573720097542 0.000842329242732376 0.000174668302133796 0.00155111530330032 0.000468446206650697 0.000111501965875505 0.000109994820741122 4.94810456075356e-05 7.47635411244119e-05 8.40876115034916e-05 5.48498164789635e-05 4.16997000684205e-05 6.51323645797675e-05 4.19670614974166e-05 5.11051743160351e-05 4.79493191051006e-05 0.000128869308537105 0.000161640634541982 0.000174485140450997 0.000212802069654572 9.90849894151324e-05 0.000898964301450178 5.13911178131821e-05 0.00030124028926366 0.000158571210340597 0.000411265642469516 0.00387126939604059 0.00329699015710503 0.000970531659550033 0.000278591957612662
0.0144288812763989 0.0499033726751804 0.111917545646429 0.0938240870833397 0.000361472292570397 0.000465269373671617 0.000827040048898198 0.00130777027807198 0.000122503688908182 8.21853791421745e-05 0.00147988558164798 0.000921476871008053 0.000936538053792901 0.00020064106429345 0.00090168412134517 0.000386073158006184 0.00126987741386984 0.000369705957564292 0.000406872594612651 8.72653294209158e-05 0.000272031490749214 7.00471846357686e-05 6.42905195491039e-05 7.07717952536768e-05 6.54096194921294e-05 7.50566516217077e-05 6.0973534709774e-05 5.23333463206654e-05 5.73847370105796e-05 7.46705429264694e-05 0.000137422201078152 0.000128404306087759 0.000170329762477195 5.81879099627258e-05 7.88021268817829e-05 0.000194725588880829 0.00028974332526559 7.41319778171601e-05 8.04065217380412e-05 0.000279242814576719 0.000140679780088249 9.38494486035779e-05 0.000461433157033753 0.000103872974068508 0.000470245261385571
0.0199664908461273 0.0178179454058409 0.00500499298796058 0.000370865476725157 0.000624571702792309 0.00028190841912874 0.00020881021846435 0.000107356797161628 0.000140046510932734 0.000221894891001284 0.000421594727231422 0.00117016007134225 0.000570182781666517 0.000209187377186026 0.000176896372431656 0.000255292028305121 0.000787214876618236 0.000325769155460875 0.000175830228909035 0.000366515478526708 0.000128174703422701 0.000239458966825623 6.55449401165242e-05 0.000103490972833242 6.91246537826373e-05 0.000281833593908232 6.04856928475783e-05 0.000228072136815172 8.13606149677071e-05 0.000316783872403903 0.000180914090378792 0.000146103189035784 5.40368389920332e-05 0.000119625919614919 9.05188444448868e-05 8.06181773441494e-05 6.43476067125448e-05 0.000214802644040901 9.30790363781853e-05 0.000209887277378584 0.000327106700569857 0.000121784395378199 0.000481740113173146 0.000468401069520041 0.000523245590738952
0.00362804608885199 0.000856934147304855 0.0016439480765257 0.000219014687900199 0.000909087323816493 0.000279542365751695 0.000919775146758184 0.00091722083161585 0.00089162734511774 0.000649771370808594 0.000928186063538305 0.000735280572553165 0.000809786858735606 0.000225567394954851 0.000755625520832837 0.000187428687786451 0.00014063415255805 0.000134142553361016 0.000119969552542898 0.000179538654265343 0.000335036714386661 0.000201579350687098 0.000481750568724237 0.000128523321836838 5.15248324518325e-05 8.46260249090847e-05 6.24114076344995e-05 9.7698295940063e-05 0.000264987102127634 5.60963211682974e-05 5.31479351593589e-05 9.52790262090275e-05 0.000128274791131844 0.000484700323431753 0.000170964015705977 5.37477391844732e-05 8.46331224238384e-05 0.000100292463685037 0.000215494254734949 4.78404110253905e-05 8.78608831044403e-05 0.000284604465559823 0.000173965646172292 0.000570486873039044 0.000421509887382854
0.00285057739820331 0.000222061653767014 0.00023388754343614 0.000305618622951442 0.000327285575622227 0.000135544936347287 0.000207629511714913 0.00104111752880272 0.000791620777454227 0.00016456197045045 0.000165675993412151 0.000728825497208163 0.000144637104676804 0.000553916741046123 9.38507586397464e-05 7.18095176125644e-05 0.000157636725634802 0.00011836103949463 0.000145753865217557 0.000104793003993109 0.00011242074870097 0.000106913119816454 0.000618195718561765 0.000522616962553002 7.53731525037438e-05 0.000121795316590578 5.78879105887609e-05 6.77317815643619e-05 5.04911999996693e-05 4.23678834522434e-05 7.76987892095349e-05 9.3992456459091e-05 8.0214932677336e-05 0.000219212835145299 8.92809093784308e-05 0.000168105321063194 0.000107963088157703 0.000137347080453765 0.00102772740647197 0.000271708807122195 0.000142800355388317 0.000233838873828063 0.000185074621913373 2.36124936918714e-05 9.53403916355455e-05
0.000419898032851052 0.0228481376543641 0.000321343935502227 0.000742959763738327 0.000435696146450937 0.000232737805345096 0.000199361439445056 0.000143558666968602 0.000145528695429675 0.00106009525188711 0.000362338371633086 0.000118604925228283 0.000192161308950745 0.00052194752934156 0.000268704315385548 0.000405543185479473 0.000119535324483877 0.000156572604828398 0.000534491377766244 0.000124052653336548 0.000518694377387874 0.000589895738812629 0.000262954374193214 4.03297336561081e-05 9.14582698896993e-05 0.000113058766874019 6.18628328084014e-05 8.03187644123682e-05 5.00897035635717e-05 0.00015834064615774 4.82265279970306e-05 6.00156268774299e-05 6.78518134009209e-05 8.25727142000687e-05 7.21707530829008e-05 0.000394301642518258 0.000231242705194745 7.69750795370783e-05 0.000168876371753868 0.000336338838678785 0.00151714128442109 0.000592384763876908 0.00607794399838895 0.000682437396608293 3.95295456655731e-05
0.000523359556973446 0.00507072550244629 0.000570787077595014 0.00428982290904969 0.000383582673384808 0.000564526629750617 0.00144809909397736 0.000712883271626197 0.000158433364049415 0.000767123713740148 0.000915710747358389 5.68474972169497e-05 0.000106432789107203 0.000369446635886561 0.000229484728333773 0.00111653883941472 0.000405626285646576 0.000125933558229008 7.91034317444428e-05 9.58752165388432e-05 0.000408406040514819 0.00033394443889847 0.000497280991112348 0.000518052939150948 0.000292010928387754 7.59705284508527e-05 8.96790719707497e-05 0.000138258399238111 0.000410516081319656 7.45901266782312e-05 4.31736998507404e-05 0.000346095349232201 8.85437257238664e-05 8.18373378933757e-05 0.000191512576566311 0.000483578408602625 0.00022748344563297 0.000211406289236038 0.000188599817920476 6.11113611739711e-05 8.74762201419799e-05 6.63836673993501e-05 9.42546512305853e-05 8.34716523968382e-05 0.00013003347630729
0.000169331288998364 0.00120554434834048 0.000423039686575066 0.000281757475022459 0.00109989150660112 0.000317777976306388 0.000745856162393466 0.000175416631827829 0.000259960553376004 0.000159837516912376 0.000190645658585709 0.000199067212088266 0.00018768786394503 0.000566513898957055 0.000107532471884042 0.000104074164482881 0.000125059896163293 0.000490303552942351 0.000595224904827774 0.000557833310449496 0.0011358364514308 0.000633387069683522 0.000510775618022308 0.000426510095712729 0.000702332681976259 0.00030841155530652 0.00013556326921389 0.00015073182839842 0.000253414613689529 0.000112163469748339 0.000317395816091448 0.00040635001641931 0.000402477926400024 8.68050032295287e-05 9.61748059125966e-05 4.22019539655594e-05 0.000111921500501921 0.00102960791846272 0.00351204033941031 0.000569311233994085 9.28476143599255e-05 7.58175345254131e-05 0.000424284329346847 0.0139267567079514 0.000795554171781987
0.00736445663496852 0.00161362499347888 0.00122070870711468 0.000245562763302587 0.000406149613263551 0.00021831516714883 0.000335807607916649 0.00515548284165561 0.00223941565491259 0.000743392240838148 0.000693805073387921 6.68495960781002e-05 9.83721682132455e-05 0.000240916784969158 0.000466380451689474 0.000409350637346506 0.000508307741256431 0.000614993160706945 0.000548077035637107 0.000574995834904257 0.000531649045296945 0.000708248149021529 0.00154535817564465 0.0014478792087175 0.000314384690864244 0.000145642352435971 0.000450887996703386 0.000112586977775209 0.000115518948950921 0.000191279758291785 0.000600139037123881 0.000199176173191518 0.000404487876221538 0.000329624804726336 0.000257718369539361 0.000396760483272374 0.000387231362401508 0.000408790340588894 0.000511644070502371 0.000437607658386696 0.000499047889024951 0.00087941977835726 0.000158794685921748 0.000118312555423472 0.00078035784245003
0.00112695805146359 0.00133358896127902 0.00167166496976279 0.000311802769283531 0.000175765907624736 0.00220743232639506 0.0109326141420752 0.0936071116477251 0.0816502165049315 0.0561035297811031 0.00109732334967703 0.000429281043761875 0.000390811335819308 0.000244826409470988 0.000299517200619448 0.000331077868759166 0.000410888898477424 0.000487783168500755 0.00145827779779211 0.000140348088461906 0.000350649531173985 0.000377266977739055 0.000603495485847816 0.0240460933186114 0.00244384090183303 0.00039726207323838 0.000265104198479094 0.000128570220476831 0.000210252592660254 0.000631586616509594 0.0137523719109595 0.00270467973314226 0.00013516874932975 0.000209064062073594 0.00035207416076446 8.34664004287333e-05 0.000572824152186513 0.00201811817241833 0.00187696099746972 0.000710710961720906 0.000594103740877472 0.000516104347479995 0.00219656358240172 0.00131100066937506 0.00083263446285855
0.00113493460230529 0.00111533118179068 0.00111597919894848 0.00688896579667926 0.001475280278828 0.0796435549855232 0.987089663743973 0.773181527853012 0.730111116170883 0.91505823135376 0.0198158953338861 0.000388788849522825 0.000123407201681403 0.000346917514980305 0.000283297670830507 0.000344671830680454 0.000382852797338273 0.000535152369411662 0.00048348998388974 0.000170235027326271 0.00045005085557932 0.000794566349941306 0.000834685820154846 0.00405515554593876 0.000317939191882033 0.000266006476886105 0.000145936958142556 0.000357052152685355 7.40325203878456e-05 0.000157072199363029 0.00118058852967806 0.000779399962630123 0.000746726346551441 0.000170892622918473 4.91636483275215e-05 0.000579768406169023 0.000484784074069466 0.000457974529126659 0.000753042704309337 0.0011202654131921 0.00231310029048473 0.00137983243912458 0.00107422125292942 0.000767005232046358 0.000537332402018365
0.004321718076244 0.0120912560261786 0.00887993848882616 0.00378887546248734 0.00458198061678559 0.00514088091440499 0.0219515962526202 0.289619518816471 0.0835518095642328 0.0572931330651045 0.0204278167337179 0.000407910358626395 0.000287363304960309 0.000292984694533516 0.00021100780213601 0.000285428798815701 0.000635205791331828 0.000409322617633734 0.000445566332200542 0.0023841148824431 0.000133749822271056 0.000171924728056183 0.00122723093081731 0.0237980102188885 0.000131038462859578 0.000225846780085703 0.000121375304661342 0.000611169039621018 0.000404880961286835 0.00137048351461999 0.00535736787132919 0.00133218451519497 0.000631195280584507 0.000477465191215742 0.000626935641048476 0.00048488032334717 0.000544403117964976 0.000191493280726718 0.000783358755870722 0.00305462279357016 0.00302354651503265 0.00695162485353649 0.00737932994961739 0.00552645877469331 0.00393376252613962
