Scripts_&_data/Maxent_result_files_1/Bombus_argillaceus_3.asc
NCOLS 594 
NROWS 330 
XLLCORNER -15 
YLLCORNER 23 
CELLSIZE 0.166666666666667 
NODATA_value -9999 
[rows 160 to 179 of 330, columns 414 to 459 of 594]
0.000414536340394989 0.00048316701722797 0.000622830133943353 0.000552161264931783 0.000765818273066543 0.000636862528335769 0.000788491027196869 0.000894975216942839 0.000909374171169475 0.000711707568552811 0.000716218835441396 0.000453306168492418 0.000590217295393813 0.000784596952144057 0.000447631474526133 0.00044674456003122 0.00102671168278903 0.00045549888163805 0.000816188249154948 0.00102137372887228 0.00156391406198964 0.00555992936715484 0.0114790978841484 0.00926713605877012 0.00159624935477041 0.00201761855278164 0.00240934303146787 0.00423464650521055 0.000800143927335739 0.000305622872838285 0.000259489117888734 0.000181729936230113 0.000192728949332377 0.000182079623482423 0.000168587700318312 0.000206038184114732 0.000209234651265433 0.000196894250257174 0.000199057265126612 0.000237518426729366 0.000222234836110147 0.000136227418624912 0.000163901883206563 0.000126709279720671 0.000135543056603638 0.000114845957432408
0.000480778797646053 0.000435887319326866 0.000407620312762447 0.000390938793862006 0.00047489843564108 0.000626225405721925 0.000664034753572196 0.00066466710268287 0.000558864530466963 0.000713211216498166 0.000757859417353757 0.000635501620126888 0.000586973037570715 0.000554439827101305 0.000355515401315643 0.000354850373696536 0.00074913063144777 0.00462288185954094 0.000536299134546425 0.000296158477431163 0.000456950063380646 0.000626606604782864 0.00619410104118288 0.00170933220069855 0.000529212133551482 0.000675172542105429 0.000426022204919718 0.000360776144952979 0.000291478822327917 0.000234362675837474 0.000145671513018897 0.000168218358521699 0.000250288259121589 0.000240863022190752 0.000247828658029903 0.000331850690417923 0.000238530401838943 0.000186590183147928 0.000179512723116204 0.000187397847184911 0.000170128916579415 9.11059467512132e-07 0.000128461907297606 0.00013833414632245 0.000126120366621763 9.68590236880118e-05
0.000357010045991046 0.000371845714835217 0.000352093542460352 0.000336838085786439 0.000326959433004959 0.000546276463137474 0.000578669836977497 0.000697019454673864 0.000648730579996482 0.000414407560310792 0.000544159347191453 0.000472672628529835 0.000426609793794341 0.000372789660468698 0.00037572443834506 0.000316017984005157 0.000280994514469057 0.000835348814143799 0.00111603444674984 0.000353710229683202 0.000417555152671412 0.000644461245974526 0.00159551969845779 0.00280389175750315 0.000950389500940219 0.000898186871199869 0.000851741337100975 0.000492159550776705 0.000259249131340766 0.000172201382883941 0.00015134462955757 0.000155576244651456 0.00015111201464606 0.000166012385307113 0.000202748177980538 0.00026858540950343 0.000237691216170788 0.000227236106729833 0.000181196913763415 0.000154490378554328 0.00015884984350123 0.000178253163903719 0.00013976693044242 0.000103358554406441 8.58588573464658e-05 9.81161378149409e-05
0.000459623728238512 0.000472440308658406 0.000480920624977443 0.000372123285342241 0.000407720151997637 0.000369136484368937 0.000446870626183227 0.000452879910881165 0.000586813471454661 0.000698261230718344 0.0004690003595897 0.000307755676476518 0.000227815159450984 0.000255778984137578 0.000153752382539096 0.000146113938171766 0.000158229123189813 0.000338072476733942 0.000499562404002063 0.00037213059986243 0.000515676723443903 0.000541602037264965 0.000710341980447993 0.000833437395340297 0.00121997221431229 0.00113416211097501 0.000918720904155634 0.000435532910341863 0.000255099177593365 0.000201474547793623 0.000167104561478482 0.000183834201743593 0.000154114057295374 0.000157697175018257 0.000176267782444484 0.0001980251086934 0.000226612978440244 0.00021051820658613 0.000151855350850383 0.00012607046373887 0.000149579248318332 0.00025232146072085 0.000114351334923413 8.47146542582777e-05 8.6305508739315e-05 7.73311596276471e-05
0.000528297496202867 0.000570339825935662 0.000591640631319024 0.000464017465128563 0.000354770580452168 0.000342026449652622 0.000352273471071385 0.000407118906878168 0.000459162463084795 0.000443582660227548 0.000550877235946245 0.00043805332534248 0.000263918591372203 0.0002346809807932 0.000164027670689393 0.000156511156819761 0.000112632709351601 0.000106526783565641 0.000212581415689783 0.000344311346270842 0.000238592715322739 0.000283085285627749 2.53553822858521e-05 0.000608408648986369 0.000702976016327739 0.000653925345977768 0.000692248222185299 0.000383405700267758 0.000235907336173113 0.000299051756155677 0.000178731773848995 0.000213746110239299 0.000217179703031434 0.000199043007523869 0.000193975323054474 0.000223717249173205 0.000183315331742051 0.000156576590597979 0.00015776786749484 0.000129060115432367 0.00010850099788513 0.000113341020551161 9.21799641218968e-05 7.42828855436528e-05 8.67810831550742e-05 6.48245408228831e-05
0.000507111367187463 0.000490672684099991 0.000467522967664991 0.000500417775765527 0.000544304246432148 0.000389438942511333 0.000344607207807712 0.000330473203939619 0.000358192997373408 0.000294280244997935 0.000267014648852637 0.000240010464040097 0.000249144367262488 0.000192586720004329 0.000289113351755077 0.00019643264968181 0.00015857084581512 0.00012250072468305 0.000186833810948883 0.000129318123799749 0.00010683913496905 0.000285572560096625 0.000284493446815759 0.000300054977560649 0.0002494316730008 0.000463614313048311 0.000535814688191749 0.000475546855886932 0.000353837933653267 0.000212475962325698 0.000176520120294299 0.000216951293987222 0.000193117859089398 0.000177098413769272 0.000155504941722029 0.000133145043582772 0.000120351077930536 0.000123486801749095 9.98968303974834e-05 8.61446183989756e-05 8.1549554670346e-05 8.03386683401186e-05 9.63558166404255e-05 6.68389704514993e-05 6.69767488943762e-05 5.11200863911654e-05
0.000511474024096969 0.000497053406434134 0.000469070034159813 0.000431537222902989 0.000455251504899934 0.000394623532338301 0.000375377789896447 0.000383233058528276 0.000243575539207086 0.000236144274822436 0.000263206748059019 0.000189872677947278 0.00019666230873554 0.000124380831039161 0.000144329785689479 0.000187256474600872 0.000186336968181422 0.000164028050130582 0.00015239735803334 0.000134788281138754 0.000100168355857022 0.00016191432987398 0.000167796331152203 0.000278185951174237 0.000279132421565009 0.000302229449880542 0.000697195212705992 0.000328455668932293 0.000272199010942131 0.000247121398570016 0.000190809418927529 0.000229594832489965 0.000189793399113114 0.000148066032852512 0.000130465831171023 0.000105334774707444 8.44323059936869e-05 9.46914828091394e-05 8.48470268465462e-05 7.3821551995934e-05 7.36891703127185e-05 6.00815061261528e-05 5.48108852854057e-05 5.60021069759387e-05 4.76689535389596e-05 4.5817804584658e-05
0.00042181154130958 0.000412897007481661 0.000452811521245167 0.000367352360626683 0.000359897258022102 0.000345168299827492 0.000397787726979004 0.000395466027839575 0.00027648733012029 0.000212704944715369 0.000199128710664809 0.000219765986548737 0.000209225048820372 0.00011890069108631 0.000133162747806637 0.000111865033977665 0.000142981512544793 0.000149581703226431 0.000119284935863107 8.64269339217572e-05 9.25936355997692e-05 0.000122804981219815 0.000149351525760721 0.000176170760460082 0.000187192838711781 0.000192917857930297 0.000144267374707852 0.0001602340820682 0.000225897771088057 0.000226562335592462 0.000123609638285416 0.000218774245877285 0.00020754019569722 5.78755089009064e-05 0.000154326364645385 0.000110453027991753 8.20297007521731e-05 6.73207267027465e-05 6.75714120006887e-05 6.2452970087179e-05 5.58855484086962e-05 5.28115242559579e-05 4.79953870126337e-05 4.84923124531633e-05 4.4809570954385e-05 3.78558008378604e-05
0.00035652905353345 0.000442525469406974 0.000421867951081367 0.00037324423683458 0.000320204692252446 0.000403004707914079 0.000392262062086957 0.000297005419997731 0.000238743483350845 0.000217005064041587 0.00024004712322494 0.000222834089800017 0.000171128262081766 0.000120900462206919 0.000109528453685925 0.00014185300169629 0.000114177109207958 0.000118792144712643 9.68448581261327e-05 0.000135896255233092 6.64354634864139e-05 8.15744257124606e-05 0.000111332532105735 0.00011431964012445 0.000151371134779765 0.000143441527325194 0.000107328162994236 9.44576800975483e-05 0.000117711103303009 9.2155724632903e-05 7.83825182224973e-05 0.000116444544983096 0.000142951405723579 0.000121415448484186 0.000117870717076585 9.98430268737138e-05 7.07546429111971e-05 6.37878782981716e-05 5.77795916797186e-05 5.10838613081432e-05 4.79629165056394e-05 4.52077190857381e-05 4.4593268285098e-05 4.22036047893926e-05 3.44073907399434e-05 2.66717939211958e-05
0.000382265009830007 0.000436027422256302 0.000442559740622528 0.000336245145444991 0.000261029396642698 0.000347425313520944 0.000285501382313669 0.000298439316975418 0.000250896019861102 0.000224487171362853 0.000229076751566026 0.000232657286687754 0.000209094627643935 0.000157278327969834 0.000120298577166977 0.000106543449874152 0.00010834702734428 0.000105922453803942 8.45935612233006e-05 6.24481803242816e-05 6.75225792292622e-05 7.65349013818195e-05 8.00353551312583e-05 8.90682384124375e-05 9.6708353885333e-05 7.38211905627395e-05 5.94685798205319e-05 5.25254329659219e-05 6.86821558701922e-05 8.04163417342352e-05 9.20161202884628e-05 0.000114180290620425 0.000100416137138382 9.8928704210266e-05 8.47145638545044e-05 6.98248738444818e-05 5.67768535802315e-05 6.07885984209133e-05 5.35994546225993e-05 4.42327947894228e-05 4.09792482059856e-05 3.76614373635675e-05 3.60905358775199e-05 3.3487135760879e-05 3.02122108223557e-05 2.57807443176716e-05
0.000284677037416259 0.000303883520246018 0.000392258852662053 0.000353624146373477 0.000283615452644881 0.000286122838588199 0.000292127689317567 0.000205448953420273 0.000252180360257626 0.000207766647508834 0.000226479412231129 0.000210232927202014 0.000172362476587296 0.000156187836546451 0.000133716552954866 0.000125253825899563 0.000111388996083406 8.99563963685068e-05 7.96015836385777e-05 7.46285877539776e-05 6.18448917521164e-05 7.21283084203606e-05 5.87594095122768e-05 7.12928687789827e-05 6.8277730315458e-05 5.89251701967441e-05 5.25152870977763e-05 4.67770326395112e-05 6.64344335746137e-05 8.88721140654525e-05 8.84326665982371e-05 7.26101496184128e-05 5.82107280933997e-05 6.98511970767868e-05 6.18364778347313e-05 4.89846025629959e-05 4.62058056655223e-05 3.83369489554752e-05 4.39355885646364e-05 3.78667594304716e-05 3.63731867764727e-05 3.45207724421925e-05 3.41530245350441e-05 3.06583552173834e-05 2.80102779470326e-05 2.44109050527186e-05
0.000349350969190709 0.000371752552018734 0.000350339333090233 0.000301878739264794 0.00028925119258929 0.000257260500075063 0.000220468283805531 0.000220996077405289 0.000165585234935861 0.000177293972228654 0.000183020662734634 0.000175197581120301 0.000135891628087847 0.000122096495397273 0.000121452875828254 0.00012236904076417 9.9787180806743e-05 0.000114788528662757 7.64686281399918e-05 6.89353466441389e-05 0.000121082410623785 6.02521158725722e-05 6.19328822722309e-05 4.98782250360819e-05 7.12660088538542e-05 8.19087641502847e-05 5.59830745260115e-05 5.63801695534494e-05 6.49912295557442e-05 7.75233256717911e-05 7.42918973628548e-05 5.48507445273572e-05 4.3534870565054e-05 4.41025549662299e-05 5.40549795914558e-05 3.8243847029662e-05 3.64551469374419e-05 3.23975034007162e-05 2.72528596269694e-05 3.13715249376401e-05 3.60389964498609e-05 3.22851576584071e-05 2.85819894543238e-05 2.71854341008293e-05 2.5008406055349e-05 2.23263244606642e-05
0.000319442577892914 0.000285876017733244 0.00031941186171025 0.000288089326932095 0.000293114114901982 0.000264146785048069 0.000235886024893261 0.000200221574050374 0.000212305153399939 0.000187617341725854 0.000168611755725578 0.000129005819690065 0.000100223714616732 0.000134236467056326 0.000124297012371244 0.000100880832542316 0.000106003557084478 9.86094804829918e-05 8.50213913508924e-05 7.20621483196737e-05 5.03485289300443e-05 3.92237745472812e-05 4.25526832259493e-05 5.73776896999334e-05 8.57151493619313e-05 6.81765868648654e-05 6.39487887383439e-05 7.35123261620174e-05 7.27414544599014e-05 4.25359526161628e-05 3.98696073716565e-05 4.12035675253719e-05 4.2040171501867e-05 3.88641360586917e-05 3.01944479360827e-05 3.0742258149985e-05 2.6426422118675e-05 2.23535737404745e-05 2.24297772547288e-05 2.25182257054257e-05 2.54810953265405e-05 2.72314186076983e-05 2.69319732979056e-05 2.49257518134982e-05 2.39927692291531e-05 2.24847258778027e-05
0.000326104446867248 0.000307139907818055 0.00037085565563757 0.000336867588339373 2.64149825284221e-06 3.15795323331258e-06 0.000262657128769206 0.000242660989897558 0.000249855701986235 0.000234468738199212 0.000195647520376951 0.000138103989229421 0.000110045350447763 0.000100732127066294 0.000102450394479092 0.000107244707760401 0.000112378732592333 9.74815566223697e-05 8.98156067705713e-05 6.10402010352118e-05 5.06360234794556e-05 4.68944931526494e-05 4.24548071350728e-05 4.87802103634749e-05 4.66567728835798e-05 3.72602388779342e-05 4.54744167655008e-05 0.000109349607737386 8.46276952870539e-05 4.0918375725596e-05 3.00043256174831e-05 3.52346865838626e-05 3.45563204973587e-05 2.60892889400566e-05 1.94291329989937e-05 1.60653947432365e-05 1.18811356514925e-05 1.54540455241658e-05 1.94559444480547e-05 2.20741329485463e-05 2.61303771821986e-05 2.82262867131067e-05 2.76151589332585e-05 2.73614874004124e-05 2.36712861351407e-05 2.68758481524856e-05
0.000247027631121455 0.000270919103058986 0.000295959756476805 0.000344160634995205 3.4980882628588e-05 2.01472012349768e-05 0.000215058657340705 0.000198424053814961 0.000215686554292915 0.00016243491518253 0.000159391503257211 0.000138222765963292 0.000130705417177523 9.4739510313957e-05 0.000105807186628226 0.000102447861718247 8.70063046022551e-05 8.50206533868914e-05 7.40998500987189e-05 0.000125037513498683 6.05329178142711e-05 6.24550950306002e-05 4.13498243688082e-05 4.2240983384545e-05 3.36048481585749e-05 3.26236809087277e-05 5.27730484463973e-05 9.25598680623807e-05 5.44744165381417e-05 4.81200887406885e-05 3.15261050673143e-05 2.71047268142866e-05 2.22692221996112e-05 1.50996279444371e-05 1.40355180747065e-05 1.0948807675959e-05 9.83134693797183e-06 1.55001042003278e-05 1.773506594418e-05 1.95009282379033e-05 2.60489849097212e-05 3.00539476029371e-05 2.96393223834457e-05 3.22676195082749e-05 3.61506400622602e-05 4.25666095907218e-05
0.000275679843616672 0.000242755519138882 0.000254521774331806 0.000286052522278624 0.000319153117743554 0.00024498637940269 0.00015948949403537 0.000160507042164681 3.79500199301219e-06 0.000180879413164803 0.00018759470221994 0.000166514521333738 0.000142227723699762 0.000103088781543192 0.000105055022140732 0.000118347466195701 9.87716575764352e-05 7.54674036215874e-05 1.69832023857452e-05 0.000123620099475374 9.34187377424678e-05 8.75177172929398e-05 4.44801950834517e-05 3.69642274563375e-05 2.85190023532778e-05 4.02256083361863e-05 6.4775825740071e-05 6.98974694387289e-05 5.10206481521891e-05 4.08058757784602e-05 2.44454308813147e-05 1.72236354046618e-05 1.12107997665589e-05 8.80107046441481e-06 8.99180286069168e-06 8.89680552518257e-06 8.01977699893541e-06 1.02671222975914e-05 1.01364634019774e-05 1.66435434948653e-05 2.32656693697209e-05 2.46084554419212e-05 3.1569698239764e-05 2.72066370598623e-05 2.80382022083359e-05 2.4515256700397e-05
0.000231646648171591 0.000229064298036974 0.000247407004644629 0.000272938537818845 0.000264289102779003 0.000208263497552252 0.000167675143529777 0.000184406680273241 0.000161845333059318 0.000141359635745175 0.000168827726156451 0.000136219673004234 0.00012395805279084 0.000130976514628856 0.000118012241728138 0.000131923946901225 0.000153879020217573 0.000118869063226157 0.000115693173393083 0.000124282637989381 1.65299677064468e-05 7.73751300584991e-05 4.93750283567351e-05 3.65473499186919e-05 3.64852746315592e-05 4.3809438648168e-05 6.9396627441165e-05 5.05138223161339e-05 3.32776328832551e-05 2.74927705504524e-05 1.47801476032328e-05 1.05362197700742e-05 9.52605312249943e-06 9.75443388142594e-06 8.74415021598907e-06 8.09162527275475e-06 9.54404570165934e-06 1.34867614406176e-05 1.59426505888405e-05 1.2979598182028e-05 1.53491114815552e-05 3.17487169013475e-05 3.95639781800128e-05 3.80872644200281e-05 2.43004427375126e-05 2.13448033719033e-05
0.000202866481413366 0.000211956607745378 0.000228360267647076 0.000182184950244846 0.00017603134692763 0.000169329713753541 0.000158117767205113 0.000198953925792011 0.000213969982723938 0.000169393268151907 0.000122761388774961 2.50120387136121e-05 0.000133460095821647 0.000130708306460292 0.00013574562544818 0.000126714707585052 0.000132500742256525 0.000120997102567344 0.000101106085276115 7.11509294148982e-07 2.46984819796126e-06 6.92243778757984e-05 5.10809408297064e-05 3.83674640943354e-05 3.62508146281471e-05 4.94405062454462e-05 7.76790502641234e-05 4.49692349320685e-05 2.38136662119359e-05 1.66521113897034e-05 1.22923986282331e-05 1.1320649400659e-05 1.08161306570764e-05 9.21826008379867e-06 7.38043333967653e-06 9.76826374881057e-06 1.17725633117516e-05 1.70030193203274e-05 1.6560129301979e-05 2.34047794947401e-05 3.15176172534848e-05 5.75933733671263e-05 4.13610356190475e-05 3.09113130242622e-05 3.12401328756096e-05 2.86603455151635e-05
0.000181806253021932 0.000184637109850883 0.00018009142804658 0.000178720681651612 0.000178923365092487 0.000178809313729289 0.000141084090500954 0.000160309335478814 0.000184342161446693 3.1196055260807e-05 1.48926093146429e-06 0.000138151200007997 0.000154350977754802 0.00016612583604001 0.000167706513821031 0.000156789465108886 0.000142026984394761 0.000142888589107315 2.92561172159367e-06 1.84416718695957e-06 9.46052541621611e-05 6.29843925707974e-05 4.90404316224158e-05 4.12653153034626e-05 3.77711775399803e-05 4.88898726871412e-05 5.52630086531281e-05 2.38562194226688e-05 1.55036957494303e-05 1.22280719551782e-05 1.06126540458718e-05 9.57891354573803e-06 8.63012365925897e-06 8.99570700312324e-06 9.9265841754459e-06 1.27707705814828e-05 1.66441617693636e-05 1.71608051005023e-05 1.62641561246346e-05 3.07557064388675e-05 3.9720507356833e-05 4.78234465845162e-05 3.69526162558032e-05 3.18837423037621e-05 3.28683125189855e-05 3.61142841029505e-05
0.000167449520813534 0.000230976856983034 0.0001913827174576 0.000167728100859676 0.000182703076279722 0.00016651244914101 0.000176874395765481 0.00016976904735202 0.000166899290707079 0.00016232112502621 0.000174041571153793 0.000157443053103634 0.000167296357903979 0.000164512160699815 0.000158475350326626 0.000155461508256849 0.000155721419650945 0.000206315965988324 0.000174902974322322 0.000124459060680238 8.2440888218116e-05 5.92519787460333e-05 4.73819422040833e-05 3.78014636225998e-05 3.52016742908745e-05 4.20975123233802e-05 3.20643873237714e-05 1.79308638507791e-05 1.13878031015702e-05 9.40036525207688e-06 8.57754853313963e-06 8.09171173159484e-06 7.30506385480112e-06 3.89864911198856e-07 1.01916910580258e-05 1.45333547152404e-05 2.05611403089279e-05 1.2670178693952e-05 1.36014803729267e-05 2.08499370728532e-05 2.8111791198171e-05 2.96668474675243e-05 3.36783858983836e-05 4.24740003836632e-05 4.01256852910592e-05 4.07142343647138e-05
