Scripts_&_data/Maxent_result_files_1/Bombus_bohemicus_3.asc
NCOLS 594 
NROWS 330 
XLLCORNER -15 
YLLCORNER 23 
CELLSIZE 0.166666666666667 
NODATA_value -9999 
[rows 80 to 99 of 330, columns 184 to 229 of 594]
0.0868257209658623 0.134282904118299 0.0463295917958021 0.106566251814365 0.133187213540077 0.184265723824501 0.111401479691267 0.0455256879329681 0.0554470933973789 0.162290261685848 0.158820386976004 0.188177418708801 0.0772942252457142 0.0624700024724007 0.0591481734067202 0.0748777270317078 0.118311048299074 0.0656874939799309 0.0882032603025436 0.0861922033131123 0.110248147696257 0.0981204770505428 0.0877748690545559 0.0505350466817617 0.103092318028212 0.182088708877563 0.0667037967592478 0.238472329080105 0.270291762053967 0.456685638427734 0.499030360579491 0.363279405236244 0.346606835722923 0.431699424982071 -9999 -9999 -9999 -9999 -9999 -9999 -9999 -9999 -9999 -9999 -9999 -9999
0.172923296689987 0.0674265682697296 0.143330385535955 0.133983688056469 0.0282736223191023 0.0235861614346504 0.0183767830021679 0.0928667366504669 0.072055285051465 0.0683949876576662 0.067392173409462 0.0515374198555946 0.0867564976215363 0.123884689062834 0.124926660209894 0.196588689088821 0.143209693580866 0.14426182731986 0.254117462038994 0.102651730179787 0.096509276330471 0.099039825797081 0.186333857476711 0.160381408035755 0.165919323265553 0.108784713596106 0.179071238636971 0.225299371778965 0.270590224862099 0.468781310319901 0.36435389816761 0.731231063604355 0.522416067123413 0.571921342611313 0.251320287585258 -9999 -9999 -9999 -9999 -9999 -9999 -9999 -9999 -9999 -9999 -9999
0.313590082526207 0.293856045603752 0.215916247665882 0.101904416829348 0.0815024152398109 0.135178036242723 0.0445248197764158 0.0688654016703367 0.0944481380283833 0.146161030232906 0.0439707309007645 0.105890386551619 0.110271561890841 0.0537849795073271 0.122381448745728 0.1733103916049 0.225211077928543 0.138393318653107 0.109633709490299 0.184319135546684 0.0630392070859671 0.0593991126865149 0.0617608319967985 0.108480455726385 0.206546323001385 0.243690930306911 0.251287007331848 0.138677604496479 0.372827076911926 0.535203805565834 0.347175619006157 0.645498543977737 0.373664724826813 -9999 -9999 -9999 -9999 -9999 -9999 -9999 -9999 -9999 -9999 -9999 -9999 -9999
0.339979031682014 0.146474768221378 0.203278803825378 0.231448629498482 0.142684093117714 0.145659728348255 0.164938639104366 0.109038785099983 0.058136560022831 0.13643734306097 0.195830789208412 0.188877366483212 0.200773565471172 0.203842380642891 0.242313498258591 0.307472902536392 0.138227613270283 0.203835880756378 0.127303087711334 0.226567777991295 0.428313100337982 0.262449064850807 0.162729440629482 0.245756547152996 0.144610293954611 0.312855291366577 0.49221450984478 0.226451256871223 0.329872417449951 0.185815885663033 0.552218216657639 0.311469189822674 -9999 -9999 -9999 -9999 -9999 -9999 -9999 -9999 -9999 -9999 -9999 -9999 -9999 -9999
0.180279898643494 0.325814509391785 0.385579270124435 0.334603756666183 0.276541838049889 0.119023478031158 0.130970827490091 0.167895169556141 0.179936969280243 0.125081322342157 0.140855733305216 0.203271697461605 0.136943654716015 0.233156348764896 0.130921010673046 0.118860851973295 0.216685597598553 0.177413742244244 0.316042336821556 0.225158476829529 0.286300456523895 0.425197777152061 0.258183497190475 0.260953168570995 0.436985325813293 0.488413426280022 0.578806221485138 0.993103855848312 0.516629812121391 0.478593829274178 0.381917417049408 -9999 -9999 -9999 -9999 -9999 -9999 -9999 -9999 -9999 -9999 -9999 -9999 -9999 -9999 0.032708628475666
0.342434957623482 0.28567166030407 0.365229806303978 0.344977268576622 0.199849869310856 0.208223193883896 0.307790973782539 0.16421295851469 0.24045307636261 0.196236057579517 0.23469575047493 0.144093798100948 0.123152869939804 0.194536116719246 0.167876406013966 0.126186724752188 0.248888337612152 0.224487012624741 0.453732165694237 0.492569795250893 0.388314545154572 0.366986539959908 0.319392254948616 0.483198565244675 0.525973325967789 0.627457994222641 0.539040356874466 0.874304366111755 0.34410348534584 -9999 -9999 -9999 -9999 -9999 -9999 -9999 -9999 -9999 -9999 -9999 -9999 -9999 0.169613662362099 0.197635479271412 0.0702966209501028 0.0732011400163174
0.486593618988991 0.47988158762455 0.379036957025528 0.430780497193336 0.533114591240883 0.292491230368614 0.462696436047554 0.395210936665535 0.451605379581451 0.359476539492607 0.234936019778252 0.512894782423973 0.412633508443832 0.301194104552269 0.279633030295372 0.30685852766037 0.487973082065582 0.505509400367737 0.354264256358147 0.570883700251579 0.574506455659866 0.40597180724144 0.646311646699905 0.386106127500534 0.554866689443588 -9999 -9999 -9999 -9999 -9999 -9999 -9999 -9999 -9999 -9999 -9999 -9999 -9999 -9999 -9999 -9999 0.18363011777401 0.075881339609623 0.0529448140412569 0.0463050607591867 0.0248932173475623
0.498849347233772 0.469478836655617 0.295415922999382 0.479330405592918 0.492269307374954 0.49307955801487 0.521768444776535 0.478214666247368 0.517583721876144 0.478934553265572 0.219094784557819 0.546265453100204 0.582287240028381 0.556045740842819 0.548800200223923 0.607159394025803 0.539690566062927 0.57817360162735 0.65309442281723 0.67105143070221 0.611509102582932 0.344345194101334 -9999 -9999 -9999 -9999 -9999 -9999 -9999 -9999 -9999 -9999 -9999 -9999 -9999 -9999 -9999 -9999 -9999 -9999 0.300605945289135 0.279655113816261 0.124416530132294 0.0532622620463371 0.0406881734728813 0.0506886299699545
0.544413703680038 0.558478212356567 0.451876819133759 0.424632906913757 0.480620747804642 0.487336325645447 0.60763310790062 0.499239909648895 0.539748060703278 0.407536572217941 0.554042458534241 0.575063133239746 0.582516765594482 0.629904681444168 0.708899879455566 0.580296570062637 0.587520200014114 0.602967369556427 0.751750403642654 0.424238166213036 -9999 -9999 -9999 -9999 -9999 -9999 -9999 -9999 -9999 -9999 -9999 -9999 -9999 0.210981790721416 -9999 -9999 0.13030780851841 0.248067526519299 0.148162458091974 0.0539071954786777 0.127178668230772 0.0889078073203564 0.062955667078495 0.0431098271161318 0.0395745359361172 0.0410726588219404
0.535877066850662 0.478979775309563 0.581510084867477 0.502640029788017 0.409164398908615 0.284215319156647 0.67655867934227 0.498562324047089 0.515663668513298 0.563293188810349 0.591268789768219 0.327949222922325 0.321833238005638 0.657208263874054 0.712086570262909 0.631200134754181 0.662721306085587 -9999 -9999 -9999 -9999 -9999 -9999 -9999 -9999 -9999 -9999 -9999 -9999 -9999 -9999 -9999 -9999 -9999 -9999 0.556144607067108 0.24121630191803 0.187244515120983 0.0974301986396313 0.0649399753659964 0.157508353888988 0.124991221725941 0.0630021806806326 0.0677656531333923 0.0420580592006445 0.0386110413819551
0.477479231357574 0.338973850011826 0.495610797405243 0.220648831129074 0.48798143863678 0.462797823548317 0.517970541119576 0.534201857447624 0.649044263362885 0.565790891647339 0.426041328907013 0.734942364692688 0.463047531247139 0.448958411812782 0.798267787694931 0.693111628293991 0.666261297464371 -9999 -9999 -9999 -9999 -9999 -9999 -9999 -9999 -9999 -9999 -9999 -9999 -9999 -9999 -9999 -9999 -9999 0.188756105303764 0.339712363481522 0.209090250730515 0.208588735759258 0.112645065784454 0.134444879740477 0.0698172222822905 0.0479938257485628 0.0635113578289747 0.157865156233311 0.0690194264054298 0.0400402296334505
0.618378555774689 0.503909450769424 0.50245786011219 0.52343635559082 0.495863968133926 0.5074548214674 0.365765991806984 0.578959792852402 0.618713575601578 0.771888077259064 0.628117299079895 0.639345318078995 0.720581758022308 0.605216807126999 0.502207133173943 -9999 -9999 -9999 -9999 -9999 -9999 -9999 -9999 -9999 -9999 -9999 -9999 -9999 -9999 -9999 -9999 -9999 -9999 0.261241559684277 0.25866643935442 0.357959619164467 0.235781201720238 0.495083132386208 0.24378824532032 0.40794852077961 0.18900973200798 0.0426033239811659 0.248935988545418 0.428103080391884 0.203839117288589 0.407281625270843
0.328222313523293 0.507693818211555 0.57227144241333 0.49006966650486 0.549136957526207 0.58624529838562 0.696123385429382 0.517072281241417 0.63645710349083 0.753088849782944 0.631109023094177 0.52400127351284 0.540054354071617 0.60779972076416 -9999 -9999 -9999 -9999 -9999 -9999 -9999 -9999 -9999 -9999 -9999 -9999 -9999 -9999 -9999 -9999 -9999 -9999 -9999 0.278903648257256 0.212832319736481 0.393681484460831 0.281281550228596 0.155873285233974 0.29120551943779 0.237101590633392 0.182385873794556 0.106142662465572 0.117651857435703 0.230695706605911 0.295452225208282 0.180436882376671
0.47081778049469 0.376128500699997 0.201488928496838 0.430684462189674 0.155476921796799 0.428335148096085 0.705976390838623 0.436074069142342 0.502434724569321 0.510150569677353 0.308016800880432 -9999 -9999 -9999 -9999 -9999 -9999 -9999 -9999 -9999 -9999 -9999 -9999 -9999 -9999 -9999 -9999 -9999 -9999 -9999 -9999 -9999 -9999 0.577385637164116 0.391913357377052 0.257136312127113 0.185053184628487 0.372318702936172 0.107241492718458 0.168647223711014 0.510432887077332 0.373597049713135 0.213500581681728 0.154735095798969 0.121126417070627 0.122680079936981
0.581119108200073 0.662546080350876 0.604932290315628 0.267633427679539 0.340692508220673 0.391657927632332 0.398384138941765 0.70574072599411 0.785219824314117 0.741204071044922 0.933687305450439 -9999 -9999 -9999 -9999 -9999 -9999 -9999 -9999 -9999 -9999 -9999 -9999 -9999 -9999 -9999 -9999 -9999 -9999 -9999 -9999 -9999 -9999 -9999 0.633170014619827 0.375839555263519 0.157098431885242 0.548507970571518 0.526312619447708 0.361235558986664 0.267494232952595 0.598435997962952 0.397147172689438 0.228674505650997 0.481634005904198 0.16117275506258
0.761576187610626 0.527715611457825 0.338302326202393 0.656811475753784 0.607325083017349 0.40456825196743 0.743749779462814 0.624324744939804 0.774110412597656 0.824923002719879 0.630575460195541 -9999 -9999 -9999 -9999 -9999 -9999 -9999 -9999 -9999 -9999 -9999 -9999 -9999 -9999 -9999 -9999 -9999 -9999 -9999 -9999 -9999 -9999 -9999 0.272510738670826 0.491747289896011 0.207231377065182 0.412812694907188 0.426754653453827 0.545561295747757 0.367141962051392 0.196104556322098 0.346073421835899 0.344410169124603 0.28372045904398 0.387134474515915
0.463934504985809 0.649170398712158 0.733279126882553 0.699510192871094 0.659667706489563 0.486746782064438 0.699448025226593 0.741789335012436 0.970032805204392 0.896006047725677 -9999 -9999 -9999 -9999 -9999 -9999 -9999 -9999 -9999 -9999 -9999 -9999 -9999 -9999 -9999 -9999 -9999 -9999 -9999 -9999 -9999 -9999 -9999 -9999 -9999 0.488111606240272 0.334779739379883 0.137704192847013 0.156642985343933 0.25315023213625 0.409629011154175 0.1328363455832 0.0843898996710777 0.184613232314587 0.267537927627563 0.404222565889359
0.69889469742775 0.802353173494339 0.567942005395889 0.514276924729347 0.672625720500946 0.962284898757935 0.832514929771423 0.905617719888687 0.735651952028274 0.737343180179596 -9999 -9999 -9999 -9999 -9999 -9999 -9999 -9999 -9999 -9999 -9999 -9999 -9999 -9999 -9999 -9999 -9999 -9999 -9999 -9999 -9999 -9999 -9999 -9999 -9999 0.424046188592911 0.82631219625473 0.862430500984192 0.383296018838882 0.663901937007904 0.256710505485535 0.317509943246841 0.446417397260666 0.26520594060421 0.423595723509789 0.378878378868103
0.467716312408447 0.703250420093536 0.691803097724915 0.854631114006043 0.817371439933777 0.80285302400589 0.90849387049675 0.939995646476746 0.805908215045929 -9999 -9999 -9999 -9999 -9999 -9999 -9999 -9999 -9999 -9999 -9999 -9999 -9999 -9999 -9999 -9999 -9999 -9999 -9999 -9999 -9999 -9999 -9999 -9999 -9999 -9999 -9999 0.456575885415077 0.928469532728195 0.586398875713348 0.660869145393372 0.674360710382462 0.698688745498657 0.610341262817383 0.284618201851845 0.185439741611481 0.387764999270439
0.894898617267609 0.821164047718048 0.709630990028381 0.887765687704086 0.741468501091003 0.93125347495079 0.951577544212341 0.768220865726471 0.713410139083862 -9999 -9999 -9999 -9999 -9999 -9999 -9999 -9999 -9999 -9999 -9999 -9999 -9999 -9999 -9999 -9999 -9999 -9999 -9999 -9999 -9999 -9999 -9999 -9999 -9999 -9999 0.733642333745956 0.724450272321701 0.338532623648644 0.541040307283401 0.657792943716049 0.724108505249023 0.6691430747509 0.528895184397697 0.627854108810425 0.554513570666313 0.526596701145172
