Scripts_&_data/Maxent_result_files_1/Bombus_mesomelas_3.asc
NCOLS 594 
NROWS 330 
XLLCORNER -15 
YLLCORNER 23 
CELLSIZE 0.166666666666667 
NODATA_value -9999 
[rows 180 to 199 of 330, columns 540 to 584 of 594]
3.16190569837893e-08 1.9344424107004e-08 7.23951592007666e-09 1.03073242607721e-08 2.09685787622149e-09 1.15519672716502e-09 5.05623900526331e-09 3.18183351888379e-09 1.26851255832783e-08 8.23279310280256e-09 2.59879068598146e-08 1.33413399994176e-08 2.88802508019437e-08 1.46390199629032e-08 7.91602223770837e-09 3.6360779387401e-09 1.72160934397425e-09 7.90937659811419e-10 9.21572351764155e-10 7.45943173896535e-10 5.8343259112803e-10 5.78131442718899e-10 1.88247785137818e-09 7.98881577557253e-09 3.55856701883539e-09 6.18133144669741e-09 8.03486280842591e-09 1.56466342327022e-08 2.89028841082839e-08 2.04227525002487e-08 7.44664863105982e-09 2.97421527406527e-09 1.4255263636187e-14 1.5827062216367e-09 6.22561662222409e-09 6.05985019941357e-09 2.20734753031415e-08 3.92477684574288e-08 2.24299009365936e-08 1.8362510947334e-07 1.62276811987994e-09 4.47220849242314e-10 4.05831135363854e-10 1.5565339017698e-10 6.09110872851204e-11
1.07544180949493e-07 1.29902041456909e-08 3.87076573016287e-09 2.64582721287709e-09 3.29608156324213e-09 2.082337615672e-08 8.25682739957756e-09 4.20962772418321e-09 4.60167947080592e-09 5.07463380206019e-09 9.63676851650774e-09 3.6269365821795e-08 2.65485695982726e-08 8.12526842475236e-09 1.69886634981964e-08 4.76199877308403e-09 4.56963207273731e-09 3.09767764772317e-09 5.35387110200958e-09 3.92947976379787e-09 3.34290761738743e-09 3.29558802469876e-09 9.10515773888676e-10 3.87181632310885e-09 2.09559759545286e-09 3.72895491151937e-09 4.94261206407387e-09 5.06427635382778e-09 5.44408379488104e-09 4.84131306155433e-09 5.86715263040105e-09 3.95916528450613e-09 4.03007254234922e-09 2.89780006657026e-09 1.28485060146843e-08 3.48921296189353e-08 5.86620251930015e-08 2.50452803274293e-08 2.85561765678288e-08 7.33631869143103e-08 1.95743672504189e-07 6.56034528700999e-08 6.55734786469964e-09 2.61887932451188e-08 5.19823890599014e-09
6.97434776042449e-08 2.33357236645304e-08 1.14416571217468e-08 3.16013798462578e-09 4.18019856507357e-09 1.89355018220816e-08 1.13014991254268e-08 5.68444038506755e-09 6.53921010673741e-09 9.24744286701085e-09 1.32533884422692e-08 1.50278713140217e-08 6.82184163602884e-09 6.50865009665935e-09 1.02150107150756e-08 1.07508883795404e-08 1.00821330728529e-08 9.12868987068549e-09 1.22238960509335e-08 5.21958252175381e-09 2.95839338582127e-09 2.05451389234668e-09 8.57260606945687e-10 1.17152787471042e-09 1.03616204505386e-09 1.46826250047027e-09 2.70276899749788e-09 4.90649484374828e-09 9.86412614922827e-09 5.31244015444798e-09 3.98274053736714e-09 3.76820757930219e-09 6.11909402037369e-09 1.86955359859908e-08 7.54716745099415e-08 1.33703107951799e-07 1.84465553942914e-11 1.29324762565552e-08 2.91525962825556e-07 3.42431014638711e-05 2.55199162625952e-05 6.88944405247138e-07 4.06378487527448e-07 1.10314260093336e-07 3.28462603116364e-08
2.80830609322713e-08 2.35267622050728e-08 1.40228482381488e-08 5.73142288073925e-09 1.58684672957321e-08 2.29956468533743e-08 1.37142045719685e-08 5.80067254229988e-09 1.13500181475601e-08 1.37887451900909e-08 1.77626685138321e-08 2.71577767496645e-08 9.23071815650545e-09 2.88600321418642e-09 7.50982962482993e-09 6.21051488014501e-09 1.00959556048608e-08 1.12240835181687e-08 9.4963544250426e-09 6.24961027373416e-09 5.03825696718252e-09 2.40894990621854e-09 1.27432757679458e-09 2.15906134082289e-09 1.15186221671948e-09 1.29787518510227e-09 2.97749672695247e-09 4.11548959355912e-09 3.97264697804545e-09 4.26021383725939e-09 5.28795940368809e-09 6.39157422543946e-09 7.18485750894615e-09 2.72247645760615e-08 7.64695152755124e-08 9.78808512019924e-10 2.7529851969188e-07 1.85357720662305e-06 1.94607300163518e-08 1.77405810879994e-05 1.68008080669857e-08 9.76186131929069e-11 4.46452536162489e-08 3.31797484137697e-06 8.17816091737145e-06
2.98742838467092e-08 3.76551581693363e-08 1.53100893851565e-08 1.61854779356929e-08 2.22861865961654e-08 1.68317402682305e-08 1.03968539999499e-08 1.05981032505476e-08 2.37772433520078e-08 2.21828426072435e-08 1.5041456002951e-08 1.19471877169097e-08 1.09271428350155e-08 1.21684282983203e-08 1.94298249045488e-08 2.24913944135707e-08 2.43754607831548e-08 2.38321640755323e-08 2.57083927590607e-08 1.92682033550717e-08 5.17723315329732e-09 4.85098315960997e-09 5.48265823852034e-09 4.22629680141284e-09 2.30629102482283e-09 1.29899944134593e-09 2.18281224206862e-09 2.83396214273424e-09 2.72593061456661e-09 3.2347454159698e-09 4.75866417382065e-09 4.19511521076998e-09 3.07397124421627e-09 1.27716682229995e-08 2.04781649082442e-08 1.15760004437693e-07 7.20817578958588e-07 6.66125258974581e-07 1.7161332341864e-07 3.92366008001854e-06 2.97440213490319e-05 1.4408808497457e-07 2.07007330085274e-05 0.000682322965483262 0.168873679621174
3.38372032726575e-08 3.64762991145184e-08 1.83363832562122e-08 2.35952638871773e-08 1.64979974903723e-08 1.14194778966237e-08 8.34828703943913e-09 2.16076496251105e-08 2.74298596836253e-08 1.93815181015466e-08 1.15254372934359e-08 1.00315822870733e-08 1.86733576157394e-08 2.07106297889226e-08 1.51021325334177e-08 2.10208677908774e-08 3.00879315573432e-08 2.478209483181e-08 3.83691930228025e-08 2.36796398600525e-08 1.56182512367486e-08 1.33697849902248e-08 7.76943661628948e-09 4.0064240591775e-09 2.245821106861e-09 1.05928521509924e-09 1.49125304327313e-09 4.21884749357559e-16 2.27779509698323e-09 2.23532273802007e-09 3.0069954415346e-09 2.98125272246708e-09 3.4250776326239e-09 5.66453997041805e-09 7.47084495378303e-09 3.12372078203893e-09 6.88674742788109e-09 8.18197852803237e-09 1.90502211783183e-09 1.22013510406305e-14 7.03061608930966e-11 5.10854691881946e-12 1.61777730367518e-07 0.000100258246630125 3.5415654607629e-06
3.64660191820576e-08 2.11428124341495e-08 1.7108071515004e-08 1.43763353444015e-08 1.60812624105944e-08 1.73289934624066e-08 2.62494606939612e-08 3.18591857340067e-08 2.69608279368505e-08 1.24201506634947e-08 1.2855890629826e-08 1.88338948881039e-08 3.17978852359957e-08 2.6050394530408e-08 1.66841528037587e-08 1.63220777005257e-08 2.09755170788029e-08 1.43600095370289e-08 1.36814541140673e-08 1.7761444082165e-08 2.26989941953804e-08 1.40805537451882e-08 9.9656812468929e-09 5.88573196846909e-09 2.94907946951639e-09 1.79794785726273e-09 2.04901626776888e-09 2.80089664794758e-09 2.15048207019564e-09 2.16082640669413e-09 0 0 2.34850322522462e-09 2.15523188185074e-09 3.55005924657092e-10 1.48705636693336e-09 1.44482621422526e-09 2.11300342778387e-09 1.01152098919144e-09 1.60947403182732e-09 3.44169137633799e-16 2.71533577778094e-07 6.3480972101182e-08 2.48563029825455e-08 3.75981650035939e-08
0 8.04023514433538e-14 0 0 0 0 0 0 0 0 1.40765431311252e-08 1.32369186722769e-08 1.74472501779377e-08 2.02209726407609e-08 1.03033681697617e-08 1.03616130897599e-08 8.77993345804739e-09 6.03990707448432e-09 5.20492324795896e-09 7.53629908478715e-09 0 0 0 0 0 0 1.31979155382211e-09 1.0704187980437e-09 8.03527722137431e-10 4.91185014883655e-10 5.83020787203736e-10 1.6281517578598e-09 4.32922069304453e-09 0 0 3.56271233625804e-09 0 0 6.3125820126686e-10 4.89238449752349e-10 7.74190755947757e-10 5.60928782866732e-08 7.105427357601e-16 4.30765121572918e-08 2.15487983790119e-08
2.52606876828265e-06 0 0 0 0 0 0 0 0 0 0 0 4.53970421476768e-08 0 0 0 2.97831851137076e-07 0 7.60545471045759e-08 7.66675162244823e-09 0 1.59849781665722e-06 0 0 0 0 8.62332860673831e-10 4.10433402819876e-09 5.14656315342421e-09 1.77220625952046e-09 1.01439789901292e-09 9.87065829072264e-10 2.48403232427918e-09 0 0 0 0 0 0 0 4.19316348310161e-10 5.28406729483066e-10 1.44802678736511e-09 1.83312608204034e-08 4.96117850468103e-08
0 0 0 0 0 0 7.21257913394169e-09 0 0 3.11669504649004e-09 0 0 0 4.14557277395033e-14 0 1.25743859769045e-13 0 0 3.93799437503617e-12 0 0 1.50145328559059e-07 2.05918781615022e-07 1.2982385096949e-07 0 1.28524395570651e-09 2.30001936385449e-09 7.17178092468629e-09 1.02185425898682e-08 1.07859022713264e-08 4.89446534412963e-09 1.16933207561232e-09 1.23676668906114e-09 2.18670245244468e-09 5.35729609563162e-09 0 0 0 0 0 0 0 4.46299508460868e-10 1.82681444416133e-09 2.6472014913459e-09
0 5.55360041287756e-09 0 0 3.97656952921821e-09 0 0 0 0 1.36323285993001e-11 6.72729273398787e-09 1.67075516477322e-07 2.59727519491548e-09 3.05281527501755e-08 2.1656101245604e-09 1.65896502091201e-09 1.56602384393523e-09 0 0 1.25874866085951e-12 0 1.04319940463782e-09 9.71713998154655e-10 7.02660885032458e-10 1.2093574697225e-09 3.84079217319311e-09 1.18546596317159e-08 8.6156380807445e-09 1.13654392785989e-08 5.42145887072465e-09 2.322971603963e-09 1.67945463092067e-09 1.810666194757e-09 3.87968848158948e-09 2.92679914748462e-09 1.18205798038673e-08 1.48672540944972e-10 1.63202784619898e-15 0 1.05219566428394e-05 0 0 0 5.373088973748e-10 1.1766355711984e-08
7.0521542383517e-09 0 0 0 0 2.45729575576448e-09 0 0 1.84325137375652e-09 5.56231306569899e-09 1.51638651635366e-09 1.58986066534084e-09 2.30983133731044e-09 2.67211465176942e-09 1.53902479649304e-09 1.51094242673011e-09 1.05581460241311e-09 6.6125543929374e-10 1.18250205183301e-09 1.90651681108989e-09 5.59673626332469e-09 6.57311027829621e-10 5.46504796972158e-10 6.70299427074639e-10 1.14602892731241e-09 2.30263147438237e-09 5.75997320950705e-09 2.78870235792539e-09 1.65607670910006e-09 1.41789725516261e-09 1.74446386336236e-08 9.82152803530312e-10 1.74777841088769e-09 3.08338090615479e-09 5.61360818940315e-09 3.85691478754779e-14 1.21014309684142e-15 1.9790835636968e-13 0 1.31617086910119e-05 1.58866227658372e-05 0 9.18219632217721e-08 7.35193221856889e-09 9.9572802347847e-08
4.91342526665051e-09 0 0 0 0 2.04835512995771e-09 1.72990634039749e-09 1.66025944103865e-09 2.80809785757619e-08 6.2580028676873e-07 1.62206477138938e-09 1.47172632969372e-09 1.8440883042814e-09 2.39038218108334e-09 1.7398564589044e-09 1.57069169892665e-09 1.29222182954081e-09 5.97469695939878e-10 4.16562806471177e-10 6.97663193882647e-10 9.32094579297882e-10 6.86042178621449e-10 4.6929696795317e-10 5.67445379573428e-10 8.43693037655413e-10 1.7227270276976e-09 1.47619442225633e-09 2.62387105487427e-08 7.56168250237721e-10 5.9512175187848e-10 5.68494576969059e-09 1.41663492048139e-10 1.99899284902827e-09 9.18154441365004e-15 4.84224155136159e-06 7.71020818168822e-06 4.46489659655658e-07 2.89068158298988e-09 1.57132262756932e-10 0 2.02879755118346e-05 3.01139736853862e-05 8.53513926202254e-12 5.08248236830156e-09 1.93352551525194e-08
4.80574593453298e-09 3.34775944743626e-09 0 0 0 1.90663869137353e-09 1.64180995465557e-09 1.64955280546053e-09 1.76780911020913e-09 1.71541010285381e-09 1.69387254222997e-09 1.61385882435638e-09 1.70952827449611e-09 2.9117303568249e-09 2.739023763354e-09 2.39626489761946e-09 6.33775057989894e-09 2.29685832575655e-09 6.15941164738842e-10 3.17556148043963e-10 3.71244734953535e-10 3.56344731500258e-10 4.78798689584892e-10 2.55392609282978e-09 1.0741747158427e-09 1.15118780064094e-09 9.29987398201604e-10 8.90246298901332e-10 4.49819230752269e-09 2.7684659009708e-10 4.15476542059423e-12 5.55111512312578e-17 1.47770684577608e-13 3.32289751270309e-14 1.47797224459012e-09 2.91128930063334e-07 1.01631199500574e-07 0.00020300950706762 7.07135846062634e-05 2.9777439808476e-06 1.41869402070505e-07 9.83947257005013e-11 0 4.36613869614355e-08 3.44282494058046e-07
2.10564882753284e-06 3.64777479333611e-09 2.89918484774887e-09 2.54261791621246e-09 0 2.28241092692372e-09 1.74517698070531e-09 1.61836786194414e-09 1.68639708864049e-09 1.65167761689844e-09 1.7099482274574e-09 1.81587580527776e-09 1.85838371358216e-09 1.91469986532411e-09 2.70340353436538e-09 2.91798925022846e-09 6.88148513727782e-09 1.05352420343152e-08 2.80565832788682e-09 5.04655472965965e-10 4.17039369704497e-10 5.91947257877479e-10 8.69034577632988e-10 1.10461241265014e-09 1.18685783423444e-09 1.22447819661531e-09 1.73434377970239e-11 4.90240448236534e-10 1.07666098259074e-12 6.99440505513849e-16 1.10545277398622e-07 9.35918009759007e-15 5.53891987831179e-10 7.07322511672714e-10 4.50749389180327e-07 1.10962815380589e-08 1.83871122084733e-05 0.386383622325957 1.17474367455905e-08 0.0192471134526166 0.00541912991035574 0 0 4.25005598825301e-08 6.00376304227268e-10
0 5.64758043664071e-09 3.41711374751696e-09 2.53663150484584e-09 0 0 1.82284206617922e-09 1.45941634333013e-09 1.40266930293009e-09 1.46811318657569e-09 1.49988484965391e-09 1.50319414693456e-09 1.62473651199591e-09 1.71567950957296e-09 1.85197007729343e-09 1.88649366128502e-09 3.41148599369845e-09 6.45895033013488e-09 2.62506563153408e-09 1.64094213772614e-09 1.6640545830171e-09 1.65740497992672e-09 3.82096243534136e-09 1.54061013946105e-09 2.42407760531194e-10 4.66449101566013e-13 2.48689957516035e-15 1.11022302462516e-17 5.44009282066327e-16 1.02437058835392e-11 2.36954306176429e-08 2.48420106236935e-06 1.28043567606539e-06 0.00179035743001972 0.00552207767907585 0.0232984077597763 0.00340344810318883 2.5757064706089e-06 7.03018303926939e-06 0.00159564700955359 0.00149518560438003 2.18432594234486e-10 5.55111512312578e-17 4.01585209530708e-11 0
0 3.59157148466238e-14 5.90637985187215e-09 3.74653418289128e-09 2.78643214057794e-09 2.16763352822724e-09 1.98803565831795e-09 1.71824984240843e-09 1.34955954189664e-09 1.26478284512288e-09 1.28015161804385e-09 1.1563478619081e-09 1.37773512598471e-09 1.58878143974306e-09 1.60096140788824e-09 1.63924007701155e-09 1.64111350064999e-09 4.37114233697855e-11 2.98475688609301e-12 3.33522757745008e-08 1.10142356901655e-08 2.16893111693039e-08 1.34533062534636e-07 5.8265572043803e-07 3.9366885680181e-07 1.5080540827217e-07 6.09311967547654e-10 1.0358219677542e-07 2.65344293919223e-05 0.000860988317270017 0.00594670375201893 0.00603690199500109 7.1956352687419e-08 0.0092862749027546 0 0 0.0890065003477005 0.249514189263209 0.0125149250670802 0.00372487940563246 6.04926299496711e-08 3.40979901723992e-06 4.46209196469649e-07 4.31181867988073e-11 1.4432899320127e-15
2.66839140672381e-08 2.24929943704044e-07 3.54676534475296e-08 8.21993990651748e-09 4.37690589327744e-09 3.28049173381473e-09 1.948246886041e-09 3.29614067151596e-09 1.45225746983613e-09 1.11124924817574e-09 1.01879406022576e-09 1.02708794802453e-09 1.40009144278253e-09 1.7151876252619e-09 1.77644436938351e-09 1.69214401379847e-09 1.39028194512392e-09 1.31162858352241e-12 1.80166574992313e-09 2.43352789719431e-07 8.21565038222616e-16 4.37963343369319e-10 9.41336513848867e-08 0.000205240591721101 1.60634240575774e-08 0.00389343138163802 0.0820038035887662 0.41379571761936 3.34895805975677e-08 0.0357389289555894 0.1 0 0 0 0.00403901501000988 0 2.88595951790871e-05 2.82573964227595e-13 4.33986180325974e-14 3.74326143024462e-06 9.37028232783632e-15 9.38804589623032e-14 5.55111512312578e-17 0 4.45613690391866e-10
1.58983399001222e-08 1.49845554631156e-08 1.03861152345175e-08 6.10065692407957e-09 6.29475810365321e-09 5.20042281459965e-09 4.29656310529936e-15 2.73694873209607e-08 1.94149062382465e-09 1.08531194031869e-09 7.61490670520004e-10 1.12097268134548e-09 1.61386553010345e-09 2.00371361724905e-09 2.05417919341144e-09 3.09372119033924e-09 3.11655399265476e-09 2.91166636356976e-09 5.33384447720664e-13 1.35769465936519e-07 1.11410035014137e-06 1.04481235618792e-07 1.85078662650828e-05 0.000596388067782572 0.100637602145543 0 0 0 0.0181417966949477 0.0328700857863089 0 0.339631661493331 0.265991913295511 0.00224264228018187 0 0.0632290703474991 9.53624401667241e-11 1.91013993511291e-10 5.42020872629223e-12 1.82606704535182e-08 5.58624256852269e-09 6.58961958333038e-09 5.60218538225854e-14 2.99567926020927e-11 2.99776949930219e-09
7.13163699206376e-09 6.07899723892302e-09 5.46205470852712e-09 4.7868138342011e-09 4.53277778644789e-09 3.9824215480877e-09 4.69687216897441e-09 8.90551077326052e-11 2.81288174974748e-09 5.62106068358048e-09 3.54494211762812e-14 1.15395846211896e-09 1.6037837280436e-09 3.03606619844743e-09 7.09974805612745e-09 2.24308637220005e-08 2.87164319878741e-08 4.18838196569737e-08 1.10391814955868e-07 1.31208449616338e-07 2.84735092836996e-08 8.9794517902364e-07 7.41522407141204e-05 1.11741999098136e-07 0.00136905851760709 1.16803807697963e-05 0.00180770278420823 0 0 0 0 0 0.0390737034242892 0.107144087898377 0 9.80316456800079e-06 5.44831067005536e-05 8.98810704907937e-05 1.77286188213222e-06 9.67506991744749e-08 9.16562210984129e-07 9.78609788759854e-09 0 0 4.41258496408636e-10
