Scripts_&_data/Maxent_result_files_1/Bombus_ruderatus_3.asc
NCOLS 594 
NROWS 330 
XLLCORNER -15 
YLLCORNER 23 
CELLSIZE 0.166666666666667 
NODATA_value -9999 
[rows 280 to 299 of 330, columns 506 to 551 of 594]
1.9250759123679e-05 9.04423966858303e-05 0.000108076652759337 5.98294516748865e-05 4.04895203246269e-05 2.56898941302097e-06 2.40304498220212e-06 3.41279990152543e-06 1.8478196398064e-05 9.51334019191563e-05 4.12008153944043e-05 1.9105164665234e-05 2.35681818594458e-07 8.36771615553289e-08 1.09233296896605e-07 1.18827768247343e-07 6.68195903017477e-06 3.20764033006071e-06 4.76343164336868e-05 8.87147907633334e-05 7.81892118538963e-05 8.35309190733824e-05 0.000101228785206331 0.000115540061960928 9.79750082478859e-05 0.000132138331537135 0.000137384302797727 0.000111169450974558 9.71634864981752e-05 5.23882956258603e-05 0.000185966328717768 0.000164833764574723 0.000139223985752324 0.000189592586684739 7.06764349160949e-05 8.69303938088706e-05 8.42682275106199e-05 1.18685180428013e-07 6.11352039413759e-05 0.000146688919630833 8.7512623576913e-05 5.01368445839034e-05 2.47827885687002e-05 0.000102344922197517 8.87589012563694e-05 5.18625700351549e-05
6.85091908962931e-05 2.7218002378504e-05 7.72876737755723e-05 1.63762872489315e-05 1.57902156388445e-05 1.92720855807238e-06 1.55605163740802e-06 2.52237957738544e-06 1.38559598553911e-05 1.15548873168336e-05 6.06592861004174e-05 1.59748322403175e-05 1.78990958943359e-07 7.51032283474728e-08 9.46369752341525e-08 1.26014364809635e-06 3.00739166050334e-05 2.37532736719004e-05 9.85058024525642e-05 8.5833437697147e-05 2.4895985279727e-05 1.44589621413616e-05 8.55816600960679e-05 0.000100472692429321 0.000106433435576037 0.000114872595440829 0.000107042265881319 1.55803450525127e-05 0.00010409689930384 0.000151903153164312 3.85705268115544e-06 0.000152885240095202 0.000118485154234804 2.35521712056652e-05 6.02381460339529e-05 0.000103034933999879 0.000106697485171026 0.000136823789944174 0.000165879021369619 0.000141143248765729 9.33214971155394e-05 6.46595188300125e-05 3.33450187099515e-05 1.19985792480293e-05 4.41874482930871e-05 2.90131094516255e-05
6.37471483059926e-05 8.16292616946157e-05 9.12583996978356e-05 1.33584686864197e-05 1.84789007107611e-05 6.69337655381241e-06 5.42779204693034e-07 1.56016365622236e-06 1.78672227775678e-05 8.29582913652871e-07 4.81806298921583e-05 6.09040976087272e-06 9.20718707675405e-07 6.29277650432414e-08 3.32344436060339e-07 2.30272280532517e-05 4.43895951320883e-05 8.4993384371046e-05 1.74788400727266e-05 7.90052126831142e-05 6.61114736431045e-05 6.40267244307324e-05 7.50284449168248e-05 9.42482514801668e-05 2.45295850618277e-05 6.10207978752442e-05 0.000107508985820459 8.29662076284876e-05 0.000110990022221813 0.00013553677854361 0.000110617883183295 7.72239828439325e-07 9.6513528842479e-05 9.98430463369004e-05 0.000106914784555556 0.000118761834164616 0.000132002913596807 0.000149911715561757 1.09427784711347e-07 1.32408998210209e-09 9.84644364507403e-05 8.25561892270343e-05 5.47876483324217e-05 1.50288161876233e-05 1.93337917153258e-05 2.36142667745298e-05
3.36107315888512e-05 2.32397180297994e-05 4.01415409214678e-05 7.06149228335562e-06 2.01806492441392e-05 4.50165023266891e-06 4.52274994700019e-07 1.0712511652855e-06 7.48357917927933e-06 5.05094390973682e-05 3.42542298312765e-05 3.19411205055076e-05 4.38025917901541e-06 1.50689148625816e-07 5.17170160492242e-06 2.04338170988194e-05 7.22063065040857e-05 6.7876131288358e-05 7.61506496928632e-05 5.19502737006405e-05 7.69960101024481e-05 7.3995648563141e-05 3.66102936943946e-07 8.55501071782783e-05 1.05601803674915e-06 0.000102250396594172 8.40291639178758e-05 0.000109153716039145 8.80441100889584e-05 6.40664991806261e-05 9.43323295359733e-05 8.00097455794457e-05 2.07597468943277e-05 9.15548007469624e-05 7.39614839403657e-05 9.29897385503864e-05 7.35139699827414e-05 0.000141837724368088 0.000134039906697581 0.000107192702125758 8.93063628609525e-05 7.32180305931251e-06 8.35020709928358e-05 4.05670280088088e-05 1.33124999801559e-08 1.8928863547707e-07
1.52640833675832e-05 9.24962096178206e-06 5.50589004433277e-06 1.04806204944907e-05 5.13076097377052e-06 7.82994942483128e-07 3.84942300968305e-07 7.9174541554039e-07 1.04464171272411e-05 3.73619233869249e-05 3.48624980688328e-05 1.98344843738596e-05 8.61839481558491e-07 1.2907784480376e-06 2.87929942714982e-05 7.43307453376474e-05 5.48320695088478e-05 0.000100905859289924 0.00010274776359438 9.9032890284434e-05 2.38130949583137e-05 7.6869933764101e-05 1.80642380200879e-05 7.38427679607412e-05 9.38407534704311e-05 0.000107447418122319 0.000112866621930152 9.51789937971626e-05 6.78789321682416e-05 5.4699764950783e-05 7.30955627659569e-05 6.96525334205944e-05 2.87748654045572e-05 9.0832240312011e-05 0.000112271842954215 0.00012576240405906 0.000139109358133283 0.000134329455613624 0.000117491160926875 1.25882455904502e-05 8.69430001330329e-05 7.96104952314636e-05 6.4650856438675e-05 7.55738496081904e-05 4.62051695649279e-05 1.43943029797811e-05
1.0137585445591e-05 7.86271132255934e-06 6.30822355560667e-06 1.35723482799222e-05 4.63858009425167e-06 9.95038323026165e-07 2.88976979589961e-07 5.34138924024319e-07 1.15762216410076e-05 1.67175541264442e-05 4.1865782077366e-05 1.29460747757548e-06 2.78400827369296e-07 1.43812614624039e-05 5.92973665334284e-05 5.89855011639884e-05 7.44766111893114e-05 8.53399822517531e-05 3.04135835904162e-05 8.3030703899567e-05 6.63163802528288e-05 6.23003907094244e-05 6.62078218738316e-05 8.8025264267344e-05 3.05151105749246e-05 0.00010495078531676 8.03137434559176e-05 7.63546198868426e-05 4.23330999183236e-05 6.41950446151895e-05 6.00906878389651e-05 2.99687526421621e-05 7.41319792723516e-05 8.94407807209063e-05 0.000105485956009943 0.00011523930952535 0.000118393250158988 6.17386507656192e-05 0.000106094777584076 6.82069356116699e-05 3.04960876746918e-05 7.8855675747036e-05 4.4799265830342e-08 3.83740378310904e-05 2.69162997323935e-07 1.85516483242054e-06
6.32385567769234e-06 2.40603801103134e-05 6.49399404210271e-05 1.96879199393152e-05 7.43498821975663e-06 5.77296056292198e-07 1.8711432794305e-07 3.76364717169508e-07 5.5735928640388e-06 6.42241699097212e-05 5.94241860198963e-06 1.18027979283397e-06 3.65670871360635e-10 5.57311769355806e-07 5.38010150194168e-05 4.36410565498591e-06 6.21189257799415e-05 6.780036528653e-05 6.96405175403925e-05 6.88987496687332e-05 2.07171513466164e-05 7.27182796254056e-05 3.49684820321272e-05 7.76950375438901e-05 8.60908734466648e-05 9.42847542319214e-05 7.93287788837915e-05 5.64438581932336e-05 6.06237437750679e-05 6.05574998189695e-05 4.2719827433757e-05 6.20538285147632e-05 6.45781452476513e-05 2.59311932149231e-08 8.89764531166293e-05 5.80427742534084e-05 9.12042931304313e-05 9.68575019214768e-05 9.14631040359382e-05 5.46976185432868e-05 9.74707305431366e-05 9.07157711480977e-05 1.87298140644998e-05 0.000107013592787553 0.0001130522126914 5.93252290855162e-05
4.85498090938563e-06 3.09490878862562e-05 4.69146871182602e-05 1.52109131704492e-05 3.49112306139432e-06 3.23964111714758e-07 2.01780503772397e-07 1.33135559110542e-06 4.27665305551272e-06 3.82286683816346e-05 1.47198345530342e-06 5.32510657791363e-07 1.59333774263359e-07 3.76269199477974e-05 5.42190020496491e-05 6.51187638140982e-05 5.39359170943499e-05 7.68466092267772e-05 3.49869143974502e-05 8.59198142279638e-05 3.78440439817496e-05 6.50406364002265e-05 4.84265128761763e-05 9.4222491952678e-06 5.84924819122534e-05 3.34093073433905e-05 5.82071748794988e-05 3.95935540836945e-05 6.08203074079938e-05 5.37980869239618e-06 5.29275970620802e-05 5.75142392335692e-05 5.67025846976321e-05 6.42073999188142e-05 7.03472484019585e-05 7.42914737202227e-05 5.21208286954789e-05 8.2256492896704e-05 7.13265017111553e-05 9.91200380667578e-05 0.000109923244599486 7.6920271749259e-05 0.000115701296454063 0.000121806189417839 0.000132593873422593 0.000123546992836054
4.13236890381086e-05 9.12581831471471e-06 7.68821641941031e-06 1.12961206014006e-05 1.00994461718074e-06 4.18192793461003e-07 1.45196055711949e-07 1.04970559277717e-05 4.66586417360304e-06 2.55409629971837e-05 1.42270323522098e-05 7.45450111026003e-06 4.531854428933e-05 5.295952760207e-05 6.32364841294475e-05 8.4983668057248e-05 0.000108050862763776 0.000117910715198377 0.000106334689917276 8.76865542522864e-05 6.50800760922721e-05 5.01529531902634e-05 3.39739000992267e-05 1.51115805238078e-05 1.80899371116539e-05 3.75842138964799e-05 4.74927310278872e-05 7.4212429375109e-07 4.79063779494027e-05 4.51693435024936e-05 4.50065852419357e-05 5.21161859069252e-05 3.54581465217052e-05 4.17595610997523e-05 6.2611257089884e-05 6.54604871670017e-05 6.45152700599283e-05 7.23033139365725e-05 7.57657155190827e-05 8.96307170478394e-05 0.000105289531347807 0.000125913169904379 0.000144562466448406 0.000123892596457154 8.24087313958444e-05 4.63484640931711e-05
7.69084067542281e-06 6.00985315486469e-06 1.5440929757915e-06 1.89737198752482e-06 1.80496736845726e-07 5.85517659246193e-08 5.96346262682346e-07 4.17816723711439e-05 2.85305600300489e-06 4.24803254645667e-05 2.88646031549433e-05 4.30938411227544e-05 4.74369639050565e-05 5.78665552893653e-05 7.20662173989695e-05 9.85679638688453e-05 0.000163216239161557 0.000120502700883662 6.689543624816e-05 9.3606503241972e-06 4.59534339825041e-05 3.49566697082082e-06 2.6018363678304e-05 2.79789270280162e-05 1.10256888547156e-05 2.19352445128607e-05 4.02986783228698e-05 4.63060012407368e-05 4.51008256277419e-05 4.43772045400692e-05 3.05031389871147e-05 4.77461695481907e-05 4.93799643663806e-05 5.82457156269811e-05 6.63289763906505e-05 6.68220680381637e-05 7.15335074346513e-05 7.75211839936674e-05 8.89529175765347e-05 5.31298475834774e-05 0.000110118792508729 0.0001222235878231 1.12074641720028e-05 0.000165923478925833 0.000146736432361649 7.26696268884552e-06
1.31848881324004e-06 1.09352376398419e-06 1.0920783495294e-06 8.10977590504081e-07 5.51618440169932e-07 2.39242319821642e-07 1.60016174049815e-05 3.53605793861789e-05 3.70551324522239e-06 4.73995058200671e-05 3.11383850203129e-05 3.57608781996532e-05 4.67795662189019e-05 3.50173455444747e-05 6.45288007945055e-05 6.14291024248814e-05 5.75500755076064e-05 3.63255189768097e-06 3.62549492649578e-07 5.75116175127732e-07 2.02596664280463e-06 9.71619210758945e-06 6.12537805864122e-06 5.69661642657593e-06 2.35435863373823e-06 2.11408204449981e-05 2.52272443503898e-05 3.2132481555891e-05 4.94484209411894e-05 2.88810050506072e-06 3.54856316334917e-05 5.64530393603491e-05 6.17476340266876e-05 7.16629368980648e-05 1.28368257676925e-06 7.66123477660585e-05 4.53239965281682e-05 7.79981819505338e-05 8.4882556257071e-05 9.43734608881641e-05 5.28703432792099e-05 0.000119104855548358 0.000142290507938014 0.000171852691710228 0.000157250359916361 0.000110684378159931
7.65342817032888e-07 6.83567610337832e-07 5.81096138319026e-07 4.37485770987678e-07 6.23256477538803e-08 3.3500060325764e-07 4.52378644695273e-05 3.50658785464475e-05 7.76981903527485e-06 1.7036579129126e-05 3.50994938344229e-05 5.03627730722656e-05 4.43774555606069e-05 8.26311743367114e-06 3.18586537417787e-07 4.30306870384811e-06 3.15704171072184e-07 1.70768157170542e-08 1.31194596075801e-08 7.95381154716779e-08 2.01052455039985e-07 6.69298744924163e-06 1.09365516891557e-05 6.84064641518489e-06 3.31082063667054e-06 4.59578507161496e-06 1.15931804884895e-05 6.12618305240176e-06 5.34523705937318e-06 2.1674287654605e-05 2.41405889937596e-05 2.79516048976802e-05 1.43690349432291e-05 5.99479040829465e-05 5.55162056116387e-05 6.35377811704529e-05 6.33138843113557e-05 6.95558297593379e-05 7.67810757679399e-05 9.35375916014891e-05 0.000106950150075136 0.000124719583982369 0.0001512942078989 0.000166406247444684 0.000163449980027508 1.89908607572953e-07
3.13585011468831e-07 3.70909725688762e-07 2.81002284552301e-07 1.60642015956114e-07 2.5189371477552e-08 8.7485092734596e-07 1.12919780804077e-05 4.98052859256859e-05 7.71439756590553e-06 3.40651615260867e-05 5.13997256348375e-05 5.13952509209048e-05 1.88786648550376e-05 3.4562004543659e-06 6.43285412138539e-07 4.65760847134788e-07 9.30637902296638e-09 4.93964534165059e-08 1.85260502050255e-07 1.56022930042354e-07 9.76465821977968e-08 9.76330123592106e-07 3.39128935138433e-06 2.34421435152399e-06 2.64125311559837e-06 8.95412961199327e-07 3.45915896104998e-07 1.24858566152852e-07 1.36014575957688e-07 5.69382677895192e-07 1.08852991161257e-05 1.66146778042275e-06 5.39085453965527e-07 5.21633926382492e-06 1.77361975147505e-05 4.54876462754328e-05 5.83631124754902e-05 6.41866034129634e-05 1.02095855936568e-05 8.8750827126205e-05 0.00010830985265784 6.27411845925963e-05 0.000136907526029972 0.000146372173912823 0.000131368704023771 9.75011695118155e-05
1.61760824823887e-07 2.93127968120643e-07 2.35908583334776e-07 6.40355974468321e-08 2.54226212526021e-08 4.70995854584544e-07 2.77771569926699e-05 1.48450975757441e-05 1.44763789194258e-05 6.85279374010861e-05 1.66122087534859e-06 1.308914804099e-06 7.99375363840227e-06 1.1894972931259e-05 6.73224872116407e-07 2.80252903550604e-08 4.85674219730115e-09 2.54542369404476e-08 2.0904316322401e-08 3.66893478931374e-09 3.73473997283824e-09 3.998926896287e-08 1.38987101081511e-06 1.01357186679252e-06 1.84001493153119e-07 6.538441930104e-08 5.36781882942705e-08 2.62573204068417e-08 7.70616992440409e-08 7.73592995884087e-08 1.76650088690167e-07 7.0349030778516e-08 9.9115377949488e-08 1.09456389552065e-07 8.93503383281313e-07 2.57463631214705e-06 1.07219735127728e-05 6.05406399699859e-05 6.13670657934051e-07 3.86117819289211e-05 0.000102557180798613 0.000114326602488291 0.000122903318697354 0.000116629224794451 3.94127187973936e-05 6.95754813932581e-05
1.1348308781578e-07 1.7481004590536e-07 8.26859217539777e-08 4.11861271754077e-08 2.53303015185224e-07 3.2465171898366e-06 2.12775777526986e-05 3.50372611137573e-05 9.36545460717753e-05 3.44154303093092e-05 4.36492321398418e-07 4.35271478416155e-08 4.25995185793226e-08 2.64008743755539e-08 2.2591572168551e-09 2.37979232986518e-09 3.03691477521184e-09 3.05824076063388e-09 2.90520458801069e-09 2.38709202626808e-08 2.27005213560005e-07 8.59263499819463e-07 1.4864582276175e-07 9.48782347132138e-09 4.90513899720213e-08 1.52766415517647e-08 1.6503307875837e-08 5.59040843839398e-08 1.32942653330304e-08 1.59809255606547e-08 1.88784091470495e-08 6.77233771284591e-08 1.18050795450131e-07 9.39262562837939e-08 1.26453562643292e-07 1.74617570536384e-07 9.22395673796927e-07 3.51681390384329e-05 5.97882357396884e-05 5.64244917768519e-05 8.25324495963287e-05 8.99896203918615e-05 0.000101259670191212 1.96609098401801e-07 6.84653419739334e-05 4.59713182863197e-05
5.06377424436266e-08 4.92893153847263e-08 3.87463026108037e-08 8.73779899279725e-07 1.65818481491442e-05 2.83616207070736e-05 0.00011723417446774 0.000158867098070914 6.76765461321338e-05 8.96504586762603e-06 2.05140160858264e-07 7.5677692557008e-09 3.965995587496e-09 2.7578206829304e-09 2.35872750220523e-09 2.40595825484746e-09 2.60510960581328e-09 2.50808249724344e-09 6.33410385253441e-09 1.88767501896336e-07 6.77882150412756e-08 4.10376383541689e-08 6.39332153440364e-08 5.00055747920669e-08 1.67547752560893e-08 1.30507384454859e-08 4.12597658261404e-09 9.39525943710606e-09 9.79550960344966e-09 6.12928305443461e-08 1.04448603011065e-07 4.29382151168056e-08 2.78650163210159e-07 1.01007723074531e-07 1.99438474624003e-07 3.21567966921066e-07 2.67169802015133e-07 2.01852951249748e-05 4.8273484208039e-05 5.02643288200488e-05 2.74750852611305e-06 5.70634401810821e-05 6.31157658062875e-05 6.8723183721886e-05 5.14305662363768e-05 1.62755835049211e-06
8.11377704579286e-08 8.53517986953989e-08 2.69817989106969e-07 7.61463180651845e-06 4.93579914291331e-05 0.00023786386300344 0.000171393011987675 7.35921297746245e-05 1.7453804929346e-06 3.56021725167466e-07 2.71175118804479e-08 5.80310162145992e-09 4.42695001767746e-09 2.91615517289401e-09 2.55933595427749e-09 2.37675612524413e-09 2.20674415407629e-09 3.69858877968809e-09 5.8787606338484e-09 6.63217339935684e-09 7.48577700937503e-09 1.23670582219404e-08 1.80552136797019e-08 1.3450854252639e-08 1.49396210957775e-08 9.62267907578251e-09 3.33074564196068e-07 3.47340410655761e-08 3.10926235869147e-08 3.90665462646211e-08 1.0253660924775e-07 1.58898665603147e-07 1.53931977564525e-07 4.95569242531246e-08 6.73033120790478e-08 5.25537750490912e-06 1.51503424490329e-06 1.11351483155886e-05 3.92514579289127e-05 3.96740495489212e-05 3.93720078136539e-05 2.32753474847414e-05 3.99503649532562e-05 3.48580035279156e-05 4.24496505729621e-05 7.60967573114613e-06
5.42721155625259e-06 9.0907358298864e-06 5.22050813742681e-06 9.99846459308173e-05 0.000125657097669318 5.16697552939149e-06 7.55492837924976e-05 1.76091371031362e-06 3.97545814934119e-08 1.0248698223414e-08 8.72229990456219e-09 5.66295748072321e-09 4.02306009616993e-09 3.10899637145923e-09 2.68774933420701e-09 2.20370764969502e-09 2.01338382632699e-09 2.96228495066941e-09 3.28977058927649e-09 5.86014775594279e-09 1.15044536563857e-08 1.42370248035206e-08 1.92729427084259e-08 1.19155726174824e-08 8.81576953659646e-09 1.11754329124025e-08 2.55028450801831e-08 6.30122506395381e-09 2.37805107161648e-08 7.51340486715435e-08 9.2529885975523e-08 8.97737912453067e-08 1.28536284904612e-07 5.68108474041651e-08 6.10530534572717e-08 3.90287343634554e-06 1.59095888193406e-05 2.1118947006471e-05 3.33171892634709e-05 3.56495855157846e-05 3.35515596816549e-05 2.87851504253922e-05 2.78091076324927e-05 3.49866559190559e-05 4.00730421461049e-05 1.26834676393628e-05
6.83158853007626e-06 4.13401385230827e-06 3.04663302813424e-05 2.73800638751709e-05 1.52636719576549e-05 3.79698342840129e-05 6.77056107178942e-07 1.34676438667825e-08 1.01379306616245e-08 9.2616784796995e-09 6.28633143318069e-09 4.73645938026124e-09 3.66202700385898e-09 2.74959921497953e-09 2.18753546388228e-09 2.00440809505764e-09 2.00210920064947e-09 3.04852508792308e-09 2.73098654801629e-09 8.43748869661098e-09 4.48729534419101e-08 1.40196611653209e-08 1.79412236400722e-08 4.60616593755958e-08 4.35043000734936e-08 3.58627299412717e-08 3.49389944531708e-08 8.93814280367167e-09 3.19742563092973e-08 2.91815717901045e-07 1.30413665289097e-07 3.1409275607075e-07 1.11978741657026e-07 6.50988297934418e-08 3.92771053725482e-07 1.15884709884995e-05 2.77918386927922e-05 2.6343446552346e-05 2.89313027678872e-05 2.939155074273e-05 2.06784035071905e-05 2.77080853265943e-05 3.0176594373188e-05 2.57644315411198e-06 3.69113253327669e-05 4.12413946833112e-05
1.68259723068331e-05 2.1200371611485e-05 1.09675997919112e-05 4.39134048235701e-07 8.09546714108933e-08 1.43720796330626e-07 2.86960127215963e-08 1.04115112531389e-08 1.11295487714713e-08 6.8298973698866e-09 5.1946468682118e-09 4.31577645843007e-09 3.13686780994971e-09 2.87373164153948e-09 3.16174157966032e-09 1.94024991628794e-09 2.08876639318234e-09 7.02634783689149e-09 8.31151446556433e-09 6.74429527336429e-08 1.64330052676576e-08 1.05435078889826e-08 8.28653654139089e-08 1.57698736291678e-09 2.74784353493374e-08 6.86296807828057e-08 2.63360460905915e-07 5.61146647370947e-08 4.12173870145693e-08 1.16551318285474e-07 3.49991083226087e-07 4.94963799724246e-07 1.73056319141551e-07 1.357688176995e-07 2.65933940681862e-06 3.98345810026512e-06 7.94223020506024e-07 2.52721772994846e-05 3.01192274491768e-05 2.89225898086443e-05 1.85021179277101e-05 2.59230077062966e-05 2.81891447230009e-05 3.07177700960892e-05 2.99873365293024e-05 3.44255733580212e-05
