Scripts_&_data/Maxent_result_files_1/Bombus_ruderarius_2.asc
NCOLS 594 
NROWS 330 
XLLCORNER -15 
YLLCORNER 23 
CELLSIZE 0.166666666666667 
NODATA_value -9999 
[rows 273 to 293 of 330, columns 506 to 551 of 594]
0.000355696074257139 0.000357153060031123 0.000144719097443158 2.92129234367167e-05 3.02504643059365e-06 8.60288326975933e-07 4.16601409369832e-07 3.1834247309348e-07 1.50532212828125e-07 6.89978601542407e-07 8.1711665700368e-07 1.40728633368781e-06 7.87481437782844e-06 4.44483561068409e-06 3.55662753577235e-06 2.46154539581767e-05 8.30321234388975e-05 9.91891884041252e-05 2.56129793342552e-05 7.85162794727512e-06 1.74563602286071e-05 0.000230244701742777 0.00023267963588296 0.000151990980157279 0.000359098643093603 0.000341238968394464 0.00014303958232631 0.000254287697316613 0.000370333767205011 0.000126650960010011 0.000208410849154461 0.000234541343525052 6.91853239914053e-05 6.36141465292894e-05 5.76483649638249e-05 5.14889246915118e-05 0.00010757407580968 9.14386575459503e-05 2.08846297027776e-05 6.60897901980206e-05 0.00230840045260265 0.0239648322574794 0.0179093541577458 0.164702460169792 0.0900157153606415 0.0325958983972669
6.01553820160916e-05 1.65680379723199e-05 4.05422107405684e-06 4.32187949854779e-06 1.27598810593099e-06 5.69198984123887e-07 7.32704647532501e-07 1.02604950136254e-07 1.21849253176265e-07 4.82119938283176e-07 1.36718923329227e-06 2.93033700472733e-05 2.568904628788e-05 1.8350719699356e-06 3.67688392088894e-06 2.54274764301954e-05 4.12024083743745e-05 7.69184593082173e-05 8.7690587315592e-05 5.58303237085056e-05 6.74493914630148e-05 0.000157267374015646 8.66386621055426e-05 9.63048840276315e-05 0.000174618165692664 0.000184380074279034 0.000167784711084096 0.000125514667888638 0.000358597657032078 0.000333330692956224 0.00012477404816309 0.000146223746924079 8.31549061331316e-05 7.84151490734075e-05 8.56255195685662e-05 5.89666968153324e-05 4.88036186652607e-05 0.000116236255416879 4.18543442719965e-05 3.91711793781724e-05 4.58004979009274e-05 0.000187649963481817 0.0883029501885176 0.309339086711407 0.148277933895588 0.0523423513397574
1.77679254420582e-06 1.17451557457571e-06 6.51189154154963e-07 1.25095783687357e-06 6.45832768952914e-07 4.9247911135808e-07 3.18066060600586e-07 2.7882473432328e-07 2.00687244955589e-07 1.36501766689889e-06 6.27603149041533e-06 8.48960510779762e-07 1.49684388190963e-06 2.09179218302324e-06 1.32127781569125e-06 5.09617522226335e-07 6.58910691697656e-07 1.68385948597916e-06 4.55334467915236e-05 0.000117306127685879 0.000117418469562836 6.7402227432467e-05 7.32016904294142e-05 6.63249159515544e-05 0.000120559589049662 0.000124736176076112 0.000279133412550436 0.000127866255570552 0.000346316894865595 0.00033913633596967 0.000109185526707734 0.000100482952257153 9.31061005758238e-05 0.000114385899541958 7.59815469791647e-05 6.65199067952926e-05 9.0377881861059e-05 4.51114105999295e-05 7.6369174712454e-05 4.83194175103563e-05 3.75341482140357e-05 2.94916997518158e-05 5.24871269590221e-05 0.000495907189906575 0.0535334050655365 0.269881881773472
5.77651582034377e-07 1.20978930340243e-06 1.0065972958273e-06 1.14840406240546e-05 4.01485191048323e-07 9.0082692061344e-08 1.74824188547973e-07 2.55381441860436e-07 4.2737884839994e-07 8.54325509180853e-06 2.42624148540926e-06 9.9528274546401e-07 1.05497763769336e-07 1.09048578167403e-07 1.23476577051917e-07 1.1172732836684e-07 1.11354473730785e-07 1.80814831480802e-06 4.34645554832969e-05 4.81392226902244e-05 6.18557447523926e-05 5.42242252777214e-05 7.34172531338118e-05 0.000112055362842511 7.13762738087098e-05 0.00011245593559579 9.56508476519957e-05 0.000152534300650586 0.000119439541958855 0.000253746514135855 0.000105153617369069 9.62599078775384e-05 0.000103028813464334 8.74264487720211e-05 8.21007968625054e-05 9.91838487607311e-05 6.44569761789171e-05 5.58682420887635e-05 8.60293235746212e-05 1.69921313499799e-05 1.14259378278803e-05 3.29838367179036e-05 2.96533961773093e-05 3.9573291905981e-05 0.000140752071456518 0.00362318691331893
9.04087653452734e-07 9.88626075582033e-07 4.46602396095841e-06 1.68855466199602e-05 6.47191139080405e-07 2.40833360010129e-07 1.63811815667714e-07 1.57736365125061e-07 5.90564296771845e-06 1.95673617781722e-05 3.98233610781062e-06 1.05989438111465e-05 4.52289284424978e-07 2.71730602907638e-08 2.98534034381959e-08 2.60084260794713e-08 8.66685086364782e-08 5.94599202941026e-06 2.78877870641736e-05 4.02778565330664e-05 5.39947968718479e-05 7.03039001564321e-05 6.82228599544032e-05 5.58944458134647e-05 0.000152146531763719 7.01630780895357e-05 0.000128190454051946 0.000281910850026179 0.000257722258538706 0.000325244438135996 0.000107796700103791 9.42796003073454e-05 9.04058708329103e-05 0.000253261267425842 8.09232944448013e-05 0.000165630910123582 7.81374805228552e-05 6.25374223091058e-05 6.41447242742288e-05 3.27883930367534e-05 4.35866950283526e-05 2.64981536020059e-05 4.07477165936143e-05 9.92322751699248e-05 0.000105257390532643 0.000167937001242535
2.30292147307409e-06 1.43344111052102e-06 5.09821755258599e-05 5.37482968866243e-05 7.91998428439911e-07 4.51341233542735e-07 1.50884143934604e-07 2.86644479530196e-07 2.79343310467084e-05 3.45419514360401e-06 1.37066055003743e-05 4.61144108498956e-06 6.31672993911536e-08 2.23757195882968e-08 2.71719705402518e-08 2.63732783167825e-08 1.58868708410864e-07 1.70241525893289e-05 2.71299351879861e-05 3.87075825528882e-05 4.64411257780739e-05 4.43677053226565e-05 0.000136133481100842 0.000149408761171799 0.000132660070448765 5.87070588153438e-05 8.99605302038253e-05 0.000100749812736467 8.51365239213919e-05 0.000169743821341939 0.000150565128272717 9.29829064261867e-05 0.00025685475593491 0.000239511413747096 7.7703018723696e-05 7.14955762305181e-05 6.76999012284796e-05 6.45001042357762e-05 6.17846753812046e-05 0.0001756165180268 5.26491754499148e-05 3.92174541048007e-05 2.23792868382589e-05 0.000108872463897569 0.000176401755743427 0.000235754637105856
8.88888564531953e-07 4.79439408991311e-06 3.42366793120163e-05 4.32083432315267e-05 4.4485210082712e-06 1.75511052447064e-07 4.73026959824097e-08 2.09313261834154e-07 2.77920832445488e-06 1.33109183707347e-05 8.39964616261568e-06 5.64513117495835e-07 4.7428266025662e-08 4.42543861556288e-08 1.91260360882239e-08 2.12788894504712e-08 4.08235820970049e-07 1.81656980430489e-05 2.10853066164418e-05 2.35955104926688e-05 2.96168046588718e-05 8.67023841237824e-05 4.52352663138145e-05 0.000118908467084111 0.000143280403972312 5.19913288371754e-05 0.00010563378509687 7.1593811026105e-05 0.000158382578229066 6.36324396291244e-05 0.000257547900446298 9.35955904424191e-05 9.87617253485951e-05 0.000117164603761921 7.41227675462142e-05 7.00905862686341e-05 0.000157088947526063 0.000192493292706786 6.86486140693887e-05 6.68628481435007e-05 0.000107757174919243 0.000120000257447828 6.52686621833709e-05 7.88802648457931e-05 8.15103641798487e-05 0.000350971733860206
3.00070581715772e-06 1.80188595550135e-05 2.96297544082336e-05 2.44810086769576e-05 6.77695954891533e-06 1.9837689855251e-07 1.2048416806465e-07 2.05641660855349e-07 1.73594958425838e-06 8.86979847791736e-06 7.49710297895945e-06 6.02694946110205e-06 3.35903490800149e-08 1.30665125608331e-08 1.49680350780557e-08 1.71220229105984e-08 1.5222395688852e-06 3.92633554383792e-05 3.50714316027734e-05 1.98709592268642e-05 3.88944730275398e-05 3.96233220726572e-05 4.02131711780385e-05 4.46679710876197e-05 7.01270287208899e-05 6.23186449956847e-05 4.88736979605164e-05 8.52961066811986e-05 0.000112333521974506 0.00016023405296437 9.85192067673779e-05 9.39907109568594e-05 8.53660996654071e-05 0.000107506289350567 7.81942638241162e-05 7.17088134479127e-05 6.9814386733924e-05 0.000212584470500587 0.000176484549592715 9.24725189179298e-05 6.51630018182914e-05 0.000146061411942355 0.000124160650011618 3.75626363165793e-05 3.63923209079076e-05 0.000126635587366764
1.05766067463264e-05 1.80104851096985e-05 2.21167101699393e-05 5.10733416376752e-06 3.18049242196139e-06 2.08262868639508e-07 1.38036185859391e-07 2.23121840647877e-07 2.23558877223695e-06 2.20828838337184e-05 6.02122908048841e-06 5.66292575285843e-06 2.80541214703334e-08 1.16594484178556e-08 1.40483911170719e-08 1.35336180306922e-07 1.25784696251685e-05 3.43808841989812e-05 1.68114414464071e-05 2.17311946926202e-05 5.96449904151086e-05 7.80436144850682e-05 4.18845138483448e-05 4.1409897221456e-05 3.73859660612652e-05 3.9436807810489e-05 6.22521494733519e-05 0.000120286212222709 5.63341652195959e-05 5.60902849429112e-05 0.000206508882547496 0.000100627338360937 7.97469227109104e-05 7.99683044533594e-05 8.22743673779769e-05 7.61540459279786e-05 0.000103737893550715 8.25082826850121e-05 9.56316054725903e-05 7.79971032898175e-05 9.90097136309487e-05 7.53293719753856e-05 0.000111317446135217 7.60224835175904e-05 7.27991187886801e-05 0.00013524263704312
1.28504176245769e-05 2.20446661842288e-05 1.8580338337415e-05 4.87993356728111e-06 4.98691379107186e-06 8.96511902226393e-07 6.50106747102086e-08 1.4378509725077e-07 3.47375657838711e-06 7.02274955983739e-06 5.38220806447498e-06 1.37177807459921e-06 1.46666539180274e-07 1.15707956216404e-08 5.12889497539248e-08 9.03225834463228e-06 1.58538544155817e-05 1.39771269687117e-05 3.14942325076117e-05 1.69294255329078e-05 2.31226841378884e-05 2.81743752111652e-05 3.11411753045832e-05 3.32255498051381e-05 8.44517036057368e-05 7.01532198945642e-05 3.51633778791438e-05 5.60023298930901e-05 5.88167416026408e-05 6.03020115704567e-05 6.00445050622511e-05 0.000204669336744701 7.41309451768757e-05 8.99414655577857e-05 0.000105943004928122 0.000109242887810979 8.23810423753457e-05 8.42751253003371e-05 0.000224496050941525 0.000174882938608789 6.73454933348694e-05 6.34016122603498e-05 6.02233605604852e-05 0.000154787554129143 9.70835848420393e-05 0.000169515399466036
6.65950678921945e-06 7.27775443465362e-06 7.81005376211397e-06 2.14153075717149e-06 7.4449339081184e-06 6.4442839828871e-07 7.21165684502978e-08 1.03871950329903e-07 1.19898494972404e-06 1.07875686467196e-05 4.09817340027985e-06 5.0563713784868e-06 1.07595971172714e-06 2.5322844976472e-08 1.25214953072827e-06 9.0754348889277e-06 1.19996961302604e-05 1.78330343260313e-05 2.20564978462789e-05 4.46431040018069e-05 2.3656502958147e-05 2.69217573077185e-05 7.70722228480736e-05 2.74658990292664e-05 8.02506477157294e-05 3.92986022234254e-05 5.16982579938485e-05 3.53376449311327e-05 3.96504997297598e-05 5.04728936448373e-05 5.44675158380414e-05 5.60950002181926e-05 0.00015370471537608 7.37660711820354e-05 0.000141323008938343 0.000151079599891091 0.000183614142224542 8.33227275506943e-05 9.7409827321826e-05 7.42569223803002e-05 6.87872645357857e-05 0.000173023144816398 7.15872442015098e-05 9.51662650550134e-05 0.000124617787702164 9.17949506401783e-05
3.36910810574409e-06 2.05777129167473e-06 1.46306830970389e-06 2.85796505181679e-06 1.6108177192109e-06 1.69404896510628e-07 7.85941998593387e-08 1.10245533768705e-07 3.52204070281914e-06 1.13169252244916e-05 4.63299363673286e-06 5.76150386564223e-06 1.99854244797848e-07 3.05342248196894e-07 1.50893493014337e-05 1.03345072943739e-05 1.57738547613917e-05 1.40449845162038e-05 1.63057388363086e-05 1.99752666731001e-05 5.18302222644706e-05 2.22418276280223e-05 4.79258151244721e-05 1.99942730887415e-05 2.3311746372201e-05 2.6696859185904e-05 3.6030443106938e-05 3.78438409370574e-05 3.37661341745843e-05 5.84641161367472e-05 4.13234122788708e-05 4.7272635401896e-05 0.000117601705460402 6.03428703470854e-05 6.75717579724733e-05 7.89610532592633e-05 8.5381866847456e-05 9.13862097149831e-05 7.767857878207e-05 0.000190065811693785 7.04593966474931e-05 6.6667032388068e-05 0.000102611488910043 6.09660117333988e-05 6.96521341524203e-05 4.63736461824738e-05
1.99419714590476e-06 2.0269137962714e-06 2.1697756096728e-06 5.72156533280577e-06 1.8276792729921e-06 2.77662694259107e-07 6.93453472422334e-08 8.6795978671006e-08 4.5779397169099e-06 1.47057371805204e-05 6.44088538592769e-06 3.75594140678004e-07 5.75394698998366e-08 8.02823559524768e-06 9.9477941830628e-06 1.27054908602986e-05 1.09855848450024e-05 1.24353455589699e-05 3.19547013305055e-05 1.6033907036217e-05 1.40207380809443e-05 1.47906009715371e-05 1.65896205999161e-05 2.01752896828111e-05 5.19859029736835e-05 2.32590384030118e-05 3.60754680514219e-05 2.66020546405343e-05 5.19604964210885e-05 3.38866351285105e-05 5.19664563398692e-05 9.13105928702862e-05 4.63361655874905e-05 5.98657343289233e-05 5.33642143636826e-05 6.5036106025218e-05 8.16556545032654e-05 0.000144064497362706 7.65070650231792e-05 0.000118768259198987 0.000157093473353598 6.81227716995636e-05 0.000175667862458795 0.00013621864382003 0.000165380763064604 0.000151341905802838
1.35745578973001e-06 7.28730285572965e-06 2.02203838853166e-05 6.58218172020497e-06 3.46096976500121e-06 1.67921824001382e-07 4.78121528146858e-08 1.90148247547484e-07 1.43536937571298e-06 1.16882779252592e-05 2.55844568926022e-06 3.38862119875216e-07 2.51136109064021e-06 1.29921245957121e-05 9.57201232267835e-06 2.07203193667738e-05 8.42978903392577e-06 8.93027155370873e-06 1.02387046354124e-05 1.27919728242887e-05 2.89807302351619e-05 1.59293353817702e-05 3.71346407519013e-05 1.71640607277368e-05 1.74951195276662e-05 2.13681047853242e-05 2.03275765670696e-05 1.96553093246621e-05 2.6664348729355e-05 3.85611917863571e-05 5.65198847652937e-05 4.70371096525923e-05 3.98865620354627e-05 0.000113301173678337 4.57871423350298e-05 9.52397728724463e-05 6.74992384119832e-05 9.26604516280349e-05 0.000101228913626983 0.000142851075906947 9.19424606763641e-05 8.02287786427769e-05 0.0001605575242138 6.62884564007982e-05 6.41185595668503e-05 8.58940176840406e-05
1.40756443158807e-06 1.19013512630772e-05 1.46491806390259e-05 4.3252856471554e-06 1.45190264788653e-06 8.80555797166949e-08 4.80546400449811e-08 1.20523212530088e-06 4.40678450672749e-06 7.46921601830763e-06 5.17902916996604e-07 1.96075765046544e-06 1.87152728244655e-05 1.00207067134761e-05 7.91431166362599e-06 7.92322933875766e-06 1.47782853218814e-05 1.45085956319235e-05 2.53549592343916e-05 1.5621244506292e-05 2.81722492445624e-05 1.36735239607333e-05 1.20440366458752e-05 2.86280550653828e-05 1.55626308810497e-05 2.58548829606298e-05 1.4626993629463e-05 1.75418140770489e-05 2.37297755347754e-05 6.60654122839333e-05 2.9877332963224e-05 3.42964307947113e-05 3.50947600509244e-05 3.83473473448248e-05 4.27660050263512e-05 4.87711205096275e-05 9.07071851543151e-05 6.77256617564126e-05 0.000109488179805339 7.74473384808516e-05 7.89137027823017e-05 0.000122889215526811 7.60388405979029e-05 7.34807486878708e-05 7.08333087459323e-05 6.55078485578997e-05
7.19514926004194e-06 2.02744104740304e-06 2.01968599071733e-06 3.75301868871247e-06 3.24121802464106e-07 7.17295050023381e-08 3.27815394385311e-08 6.96876672918734e-06 4.49628507794841e-06 9.00597013924198e-06 8.86393996779589e-06 1.60481884108776e-05 7.48312241967142e-06 7.62069681172761e-06 8.08783751153896e-06 9.28072129227075e-06 1.09314490714496e-05 1.21400337889099e-05 1.37253305524609e-05 1.24415883192341e-05 1.17410966595344e-05 1.12872300633171e-05 9.49821020412855e-06 1.63689956252711e-05 1.16739217332906e-05 9.02758181382524e-06 1.15879150712317e-05 3.94314045479405e-05 1.70439350995366e-05 1.98857934947227e-05 2.3155232179306e-05 2.80119452554572e-05 4.71863900202152e-05 5.06194478475663e-05 3.82512862870499e-05 4.3110003343827e-05 6.62137752442504e-05 6.75701016916719e-05 6.05377414103714e-05 6.76845946145477e-05 7.50274299207376e-05 8.28216951049399e-05 8.41518909510341e-05 0.000116294968029251 0.000138496510044206 0.000149061879346846
1.09842192728138e-06 1.03126604074077e-06 4.40389207057024e-07 7.19644097557648e-07 3.67064483697277e-08 9.22704566086452e-09 1.66768210974055e-07 8.49199664116895e-06 2.54816990832296e-06 8.03209483137834e-06 1.23689152246698e-05 8.16398775214111e-06 7.06314340277459e-06 7.92195189660561e-06 9.47939009847687e-06 9.17944710181473e-06 1.68345086876798e-05 1.59544946882306e-05 1.28152473621412e-05 1.5877508894846e-05 8.13925450984243e-06 1.20171458434015e-05 7.38226557359667e-06 9.39341549042183e-06 8.81404450865375e-06 8.45720230699953e-06 1.0283827703006e-05 1.28528534673933e-05 1.43074195307236e-05 1.67123263054236e-05 3.04685202991095e-05 2.21637781805839e-05 2.42562291077775e-05 2.83665352071694e-05 3.34656525410537e-05 3.83585769668571e-05 4.43068166987359e-05 6.12033835750481e-05 5.71691871300573e-05 0.000113556170254014 6.43696447696129e-05 6.94453692631214e-05 0.000217597722803475 8.23243977720267e-05 7.50736888221581e-05 0.000178795938336407
2.87770992457581e-07 2.32015158019294e-07 2.88256358516037e-07 2.10394360067312e-07 4.82065754425776e-08 3.52129982061911e-08 9.44508263955868e-06 1.49051588664406e-05 2.09871529364136e-06 8.20634741103277e-06 1.02714879744781e-05 8.91130598574819e-06 7.03815387623763e-06 1.20113824777945e-05 9.09012697434264e-06 1.98480875951645e-05 1.03503410400663e-05 5.98790417427608e-07 1.17216179340573e-07 3.39353432110556e-07 2.64390281472515e-06 5.02811772662426e-06 1.68271385859953e-05 1.00244328905319e-05 3.38025394910346e-06 7.79273659077262e-06 9.9178049481452e-06 1.16327666773941e-05 1.70678000472435e-05 3.23987769661471e-05 2.35878285366198e-05 2.14006167880143e-05 2.3929981693982e-05 2.72657535333565e-05 8.34758056953433e-05 3.60395970346872e-05 7.00816882272193e-05 4.54895348866557e-05 5.54982952962746e-05 5.93222392126336e-05 0.000111608312727185 6.05630308200489e-05 7.12576997102588e-05 7.95051944805891e-05 7.38866448955378e-05 6.201458581927e-05
1.24403501189363e-07 1.2493858143614e-07 1.07120276915396e-07 6.44552597961479e-08 1.09012586291257e-08 5.88466936513043e-08 1.05644521227077e-05 1.14100992732347e-05 9.66859237223616e-06 8.72737933832468e-06 9.71750883991263e-06 7.17084073471597e-06 7.44017284546317e-06 1.72825268577981e-05 3.98373158532195e-06 4.16889700716183e-07 4.54398583205062e-08 5.07064044086292e-08 4.22203950467548e-08 6.38830867316642e-08 2.58336482872323e-07 5.21477931556547e-06 6.94629014788006e-06 7.04699332345626e-06 3.94051181444866e-06 4.82678365472111e-06 9.25084851814972e-06 5.18990480031789e-06 3.11263439130016e-06 1.54014458757956e-05 1.79401987338679e-05 2.25789012120003e-05 1.77251131276535e-05 2.30546342208982e-05 2.59344416008389e-05 2.88209030259168e-05 3.32875396452437e-05 4.32543833085219e-05 4.32663676292577e-05 5.90343293879414e-05 5.19272037308838e-05 6.82344640154042e-05 6.94228615429893e-05 7.52557591113145e-05 7.27392736735055e-05 0.00016359531928174
1.09183824648085e-07 8.04249324914963e-08 6.34237169450103e-08 2.58979133249682e-08 2.8748951752533e-08 2.82851140909202e-07 5.50289393572712e-06 1.08171778379074e-05 7.63137037438355e-06 1.06987338654108e-05 1.26020068364596e-05 7.85602635460236e-06 7.71838721789209e-06 5.3099274282431e-06 4.23378880398673e-07 1.11370369992869e-07 1.94971226941121e-08 1.48384161668957e-07 3.45529096890118e-07 3.40327289904963e-07 2.33270466409863e-07 2.46316241998556e-06 2.78956973147615e-06 1.72041797839029e-06 2.25956624575474e-06 6.08926491807438e-07 1.53714728945431e-07 6.15365495004738e-08 6.99400780845849e-08 2.993690157993e-07 1.39013466423421e-05 1.22341806729764e-06 2.26034851635859e-07 3.68801007368802e-06 2.16940857626469e-05 2.72627412869042e-05 2.95359819119767e-05 3.48571379618079e-05 0.00010171297180932 4.52788312031771e-05 5.02992130350322e-05 0.000120409194096283 6.3862894239719e-05 6.92415649609757e-05 6.42344833067909e-05 5.65665674002958e-05
1.89832427821557e-07 5.83418406030489e-08 5.2204497968944e-08 2.03159630007832e-08 5.12352386294879e-08 7.37108077686344e-08 1.00376701766436e-05 1.49259246654765e-05 1.28215873701265e-05 1.05398385358058e-05 2.22145136206109e-06 5.18858316809201e-06 8.73198926001351e-06 7.33248787696539e-06 2.26673789995857e-06 8.8320519608942e-08 3.42295562560935e-08 5.2650797099929e-08 9.36290037500953e-08 4.04751418603411e-08 3.95448515710939e-08 2.72329905293134e-08 5.85590537838243e-07 7.24735625823314e-07 6.73688344221546e-08 3.13654175077005e-08 2.92322946737755e-08 3.52777736356558e-08 3.93907164664142e-08 4.10100573500216e-08 9.58910193027407e-08 5.91798928084586e-08 5.59230397101373e-08 8.24562627066427e-08 4.74049907950302e-07 1.86817273117867e-06 1.60794374892248e-05 3.10607206756686e-05 0.000109696683102811 9.04796834220178e-05 4.83391158923041e-05 5.40165649908886e-05 6.23052967057447e-05 5.96207671151205e-05 0.000118373780424008 5.98984803218627e-05
