Scripts_&_data/Maxent_result_files_1/Bombus_confusus_2.asc
NCOLS 594 
NROWS 330 
XLLCORNER -15 
YLLCORNER 23 
CELLSIZE 0.166666666666667 
NODATA_value -9999 
[rows 231 to 251 of 330, columns 506 to 551 of 594]
0.00703092368785292 0.00217279854114167 0.00164877106435597 0.00108492932558875 0.0013573135198385 0.00211419134866446 0.00230239359661937 0.00371944119397085 0.00329588135064114 0.00585468008648604 0.00510553097119555 0.00144598898477852 0.000531575286731822 0.00369207298499532 0.00290966858156025 0.000420581550133647 0.000421253538297606 0.00130272897222312 0.00147800347403972 0.000673054083017632 0.000871822980116121 0.000430554890772328 0.000650707300155773 0.00148960343212821 0.00239050687814597 0.000790299881555256 0.00180351835151669 0.00241293708386365 0.00203050351701677 0.00164795799937565 0.00171885298477719 0.0011592767375987 0.00168292974121869 0.0181793386815116 0.00445384698687121 0.00452368332189508 0.0113467324292287 0.00810453076846898 0.00987522467039526 0.0309717582538724 0.0203548633493483 0.00948607299942523 0.003445180633571 0.0026285525993444 0.00199368196481373 0.00127281305758515
0.00051459239621181 0.00137219739408465 0.000501063566844095 0.000485763976030285 0.000376381537716952 0.000468995098344749 0.000611504492553649 0.000612801027455134 0.00351185001200065 0.00848851237096824 0.00166438756277785 0.0129816604778171 0.00924451039172709 0.00451098261401057 0.000785633263149066 0.00431724415102508 0.0034890806855401 0.00270381693553645 0.00234881042561028 0.00216800841153599 0.00144325307483086 0.000788371252019715 0.00147027776511095 0.00182581393019063 0.0038345833949279 0.00173030974037829 0.00165276803745655 0.00463937253225595 0.00420924365753308 0.002542556678236 0.00120118686754722 0.00101471812304226 0.00077656122011831 0.00421244578319602 0.00461891157319769 0.00361185817164369 0.0113739767461084 0.00592240175465122 0.00996095354203135 0.0103532703360543 0.00301854687277228 0.00421513423789293 0.00139534325571731 0.000979906957945787 0.00319696326623671 0.00226731983711943
0.000633580554858781 0.000474824435514165 0.000624487488676095 0.000528108085200074 0.00904596149921417 0.00718116633361205 0.0144439561991021 0.00954770487733185 0.00679700637701899 0.0107647720724344 0.00107401217101142 0.0014275779860327 0.000573490863462212 0.000897274902672507 0.00198241254402092 0.0023755204907502 0.00165335121419048 0.00339374263712671 0.00294971734256251 0.00265477175271371 0.00158578472510271 0.00149261335172923 0.00152362052976969 0.00164831606671214 0.00116568252269644 0.00130024286918342 0.00208753612823784 0.00264646728901425 0.00237904295354383 0.00153949831437785 0.00176705741905607 0.00215459226164967 0.000223931116852327 0.000545756043720758 0.000573826720210491 0.000771120474382769 0.00201180709991604 0.00614548133453354 0.00767930146539584 0.00261769202188589 0.000632423344359267 0.000390581657848088 0.000444146789959632 0.000381260894937441 0.000531723856693134 0.000452531192422612
0.000783387185947504 0.00029973787459312 0.000724067093688063 0.0024825009284541 0.00731408088468015 0.00752421768847853 0.00150815524102654 0.000459592935658293 0.000548123332555406 0.0020460046856897 0.00032273190736305 0.00109977392567089 0.00275657968013547 0.00211396365339169 0.00370266727841226 0.00330078157567186 0.00229852445772849 0.00350298787816428 0.00207015156629495 0.00167685460764915 0.00350521550572012 0.00196530622270075 0.00228102288310765 0.00207208698848262 0.00228756447322667 0.00202331117616268 0.0018805282888934 0.00255363853502786 0.00251514979463536 0.00215257084637415 0.00116861534188502 0.00125871653144713 0.000447964560225955 0.000234160551008245 0.000166805680783 0.000334289447346237 0.000366722488979576 0.00148743357567582 0.00141512656700797 0.00384650806663558 0.00127719393058214 0.000912285545200575 0.000271039648214355 0.000275918801708031 0.000293472679913975 0.000318268074988737
0.00149427375872619 0.00180279910564423 0.00138090238324367 0.00208221750799566 0.000322988450352568 0.00240215819794685 0.00510479360818863 0.000337305321590975 0.00312697163317353 0.000126477041158068 0.000406642826419557 0.000221955316737876 0.0023268720426131 0.00198756769968895 0.00246008118847385 0.00317766771331662 0.00326687572669471 0.0042235894674377 0.00242914144364477 0.00339089371627779 0.00236346737437998 0.00288120869518025 0.00299932883644942 0.00657247349154204 0.0055249331984669 0.0043567511747824 0.00311748367093969 0.00312933757377323 0.00294287370052189 0.00332344190101139 0.00144473078544252 0.000920341796881985 0.00100514718797058 0.00130665112228598 0.000291481472231681 0.000372522372708772 0.000401636887545465 7.80128386395518e-05 0.000324218002060661 0.00059381068640505 0.00289408787211869 0.000963311818486545 0.000366018796921708 0.000483598373830318 6.87157519678294e-05 0.000230148006812669
0.00082968178903684 0.0017164580989629 0.0026459768996574 0.00163539185887203 0.0021409536653664 0.000497620448004454 0.000478181330254301 0.00147655157488771 0.00196862996090204 0.000764253850502428 0.000509433326806175 0.000830676293116994 0.00236467812210321 0.00289764625485986 0.00149907254090067 0.00177841503900709 0.00261282919818768 0.00159677159899729 0.000496521326749644 0.0016948441923887 0.00383260812377557 0.00676316234748811 0.00842232187278569 0.00537653282226529 0.00236541301492252 0.00135689162270864 0.00327610449166968 0.00391314479638822 0.00374458333826624 0.00192854154738598 0.00143131888762582 0.000911306648049504 0.000671713410702068 0.000834061689965893 0.000348616809787927 8.66238783487461e-05 0.000350863971107174 0.0011731931444956 0.000133949976589065 8.56863656736095e-05 0.000579687198478496 0.00279444894986227 0.00253122230642475 0.000834453918650979 3.70356432540575e-05 0.000230821789591573
0.000103628552096779 0.000298119262515684 0.000632555989432149 0.00311870984733105 0.0034488538862206 0.000292793118569534 0.000357769753463799 0.000202424008239177 0.000185687793418765 0.00084880633658031 0.000537905518285697 0.00130353371641831 0.00167104152205866 0.00101785065053264 0.00233637154160533 0.00301568582362961 0.00319672293408075 0.0022060745570343 0.00324617992591811 0.00374039335292764 0.0045780718093738 0.00475711392937228 0.00485006824019365 0.00279412953823339 0.00135500257565582 0.00134125967451837 0.001427155307465 0.00183283970982302 0.00364125890191644 0.00141699555097148 0.00135838123533176 0.00188365715439431 0.000818849241477437 0.000923283655720297 0.000988425170362461 0.000230877843659982 6.10261302426807e-05 0.000269081352234934 0.000284575130353915 0.000423992110154359 0.000200234846488456 6.97837892403186e-05 0.000823666671931278 0.000766035384003771 0.00025211970678356 0.000225139521353412
0.000201472324988572 0.00013099617244734 0.00061806844023522 0.000659015169367194 0.00121073217014782 0.00141003559692763 0.00036317245248938 0.000127711893219384 0.000114299882170599 0.00035728146758629 0.000943295579054393 0.000505976948261377 0.000805310514988378 0.000726060899614822 0.0016118270548759 0.0031856925226748 0.00309619125764584 0.00389372922654729 0.00314464980328921 0.00249089877761435 0.00237317076534964 0.00212905940716155 0.00295152146136388 0.00275396025390364 0.00475954117719084 0.00226474982337095 0.00249591809406411 0.0043165729555767 0.00359947833931074 0.00299932792840991 0.00262119102699216 0.00140936509560561 0.000976380315842107 0.00217605701473076 0.000107620958465304 8.99804703749396e-05 4.88711161324318e-05 0.000191442625509808 0.0001699329004623 8.39181077026296e-05 8.46012922920636e-05 3.42514343174116e-05 7.75857768530841e-05 0.00071903560165083 0.000795555394142866 0.00406024167314172
7.71274730141158e-05 3.61043620159762e-05 4.37427335782559e-05 4.00474255002337e-05 0.00111607091967016 0.00173185300081968 0.000113178240098932 0.000135158690682147 0.000288024672772735 0.000200162566761719 0.000270147974151769 0.00045463386195479 0.000289257897929929 0.00129846865893342 0.00229523593734484 0.00244149274076335 0.00298996708297636 0.00307070935086813 0.00190501453762408 0.00182155168949976 0.00169476794908405 0.00309367138543166 0.0023208182239614 0.00218478154420154 0.00310235802899115 0.00458962733973749 0.00519872884033248 0.00432197208283469 0.00368325510062277 0.00267169447615743 0.00216179548006039 0.00171679106715601 0.00113596288429108 0.00195749980339315 0.0111397110740654 0.002564273889584 0.000100648922489199 0.000173124938737601 0.000402251146442723 0.000784618621401023 0.00031365681643365 0.000706021494988818 0.000319330177444499 0.0011346233121003 0.00159572746924823 0.00114206003054278
8.75724017532775e-06 9.92286047676316e-06 2.47707621838345e-05 9.55717110628029e-05 0.000245102018016041 9.54881183133693e-05 9.96216240309877e-05 0.000110667927219765 0.0002069214671792 0.000138273847824166 0.000119067152991192 0.000239563512877794 0.0007419243484037 0.00141202780650929 0.00171943886671215 0.0016907183045987 0.00174606635046075 0.00161006067573908 0.0013842966822267 0.00133985478314571 0.00123901784972986 0.00251732636825182 0.00151655956142349 0.00162151545737288 0.00163581791857723 0.00335354678099975 0.00359842824982479 0.00398900345317088 0.0039219350554049 0.00358354239724576 0.00264762493607122 0.00195563327288255 0.00158250195236178 0.000796794404595857 0.00558319190167822 0.00435661555384286 0.00106495629006531 0.000431784671673086 0.000106065633008257 9.40565649216296e-05 7.31855348931276e-05 0.000279030992896878 0.000515134938905248 0.00302606289624237 0.00124043413234176 0.00226809632586082
5.36033255684742e-06 1.83971239266612e-05 1.558150679557e-05 7.87870310887229e-05 0.000708018441218883 6.45799491394428e-05 0.000179016730908188 0.000163597114442382 8.04544897619053e-05 8.18959692878707e-05 0.000181360007991316 0.000236793348358333 0.000499070772639243 0.000706595194060355 0.0010692835880036 0.0013216145336628 0.00128700413770275 0.00126436699501937 0.00157893422292545 0.00167318566964241 0.00140909030451439 0.00155944941216148 0.00428217666340061 0.00444696740014479 0.0019529946061084 0.00205808811297175 0.00431120307766832 0.00340889412909746 0.00330407620058395 0.00298113772296347 0.00262653318641242 0.00211973176337779 0.000967366532131564 0.000799893175280886 0.000691138076945208 0.00501272015972063 0.00183594909467502 0.000660937710927101 0.000129621482301445 7.1593890334043e-05 0.000151355223169958 9.10001066586119e-05 1.97238670352817e-05 0.000155224074114813 0.000643423327710479 0.000361528380744858
1.75415196963513e-05 3.97572436554583e-06 6.45972440906917e-06 4.77489604691073e-06 2.15481373118109e-06 1.74131286712509e-05 0.000145670009078458 0.000160432056509308 0.00014726728622918 0.000149920487092459 0.000144809597622952 0.000344328642495384 0.000464669076609425 0.000403192195517477 0.0002705314233026 0.00102084321188158 0.00106707691193151 0.00120843071708805 0.000984219805104658 0.00135539445909671 0.00154174817216699 0.00161177022964694 0.0045833925367333 0.00245094976853579 0.00162440703279572 0.00139897085173288 0.00138681443640962 0.00156453454255825 0.00340294903726317 0.00287984074093401 0.00245535152498633 0.00219340856419876 0.00569105139584281 0.000935656245565042 0.000779694356606342 0.000803443480253918 0.00081884867104236 0.000396179426024901 0.000383143741055392 0.000129925063811243 6.0830977599835e-05 0.000287272340574418 2.41695795693886e-05 9.3728344199917e-05 0.00133519605151378 0.0013231768287369
1.06803110497822e-05 3.66273942518092e-06 3.32780250005271e-06 2.99178465411387e-05 3.68986911780667e-05 5.93822365772212e-05 0.000133157658274285 0.00013976662994537 0.000133968121735961 0.000107363697316032 0.000118793555520824 6.25953100097831e-05 0.000176160095725209 0.000215696891245898 0.000409227546333568 0.000591622675710823 0.000837008493545 0.00130238315032329 0.00194779688317794 0.00129873093246715 0.0012407332265866 0.00180490359343821 0.00269124237529468 0.00210652858077083 0.00120593089231988 0.0010872845799895 0.000954613876820076 0.00103232656983892 0.00140948901389493 0.00158843108074507 0.0013477584841894 0.000962019221333321 0.000795440367073752 0.000610399281868013 0.000485941506485688 0.000996474020939786 0.00108699497068301 0.000505023729419918 0.000570008431532187 0.00062476600141963 9.33563142098137e-05 0.00038410144043155 0.000113049762148876 2.95279447982466e-05 0.000244629372900818 0.00193109828978777
2.98633874535881e-06 2.6076062113134e-06 5.79781120677581e-06 3.52355920767877e-05 2.74320052085386e-05 8.84763858266524e-06 5.71325355849694e-05 8.67314494826132e-05 0.00012009597303404 8.35498703963822e-05 8.87965747097042e-05 5.86723515880294e-05 0.000176872837619158 0.000170513792363636 0.000264831704771495 0.000836197481839918 0.00185503223910928 0.0017224573995918 0.00133553152554668 0.00141632297963952 0.00150635979807703 0.00165626855741721 0.00185697221168084 0.0019867755821906 0.00163641530743917 0.00134673301727162 0.00127860326247173 0.00102770889789099 0.00157605038839392 0.00158209873334272 0.00114462267956696 0.00171430310947471 0.00095959360114648 0.000639426018460654 0.000744075551119749 0.000901280200196197 0.00156929847289575 0.000596828713605646 0.000799951299995882 0.000862460532516707 0.00113366073055658 9.85308297458687e-05 9.78211504843785e-05 7.14795048224914e-05 0.000125124566147861 0.00011403538446757
1.24160232815029e-06 4.41655220697612e-06 1.34019431015986e-05 1.96553215573658e-05 1.40164318054303e-06 3.86188805805432e-06 2.69074324023677e-05 2.04269365895016e-05 6.40445588942384e-05 0.00057089087786153 0.000391930543992203 0.00013625044375658 0.000233334924996598 0.000470799706454272 0.00091432603658177 0.000677005963370902 0.0014614839143178 0.00238987984630512 0.00346905697952025 0.0197802525595762 0.00321098198182881 0.00159285641420865 0.00175996074394789 0.00245351875346387 0.00175146141991718 0.00325350259954575 0.00200179026433034 0.00145123454567511 0.00140404897683766 0.00196873899840284 0.000991861941292882 0.0011151321217767 0.00098391869396437 0.000927191083610524 0.000603281260555377 0.00066444597687223 0.00309650824056007 0.000566545690162457 0.000725889904788346 0.000990458308660891 0.000689771942415973 0.000177788695145864 0.000323315165951499 0.000111652149462316 0.000117146982847771 9.72951584117254e-05
6.55813272487649e-07 2.23748038408189e-07 2.95357489221715e-06 2.61382125472664e-06 6.67394338051963e-06 2.62040997768054e-05 4.76603012430132e-05 9.16647986741737e-05 0.000486322023789398 0.000333519811101723 0.000868866368546151 5.87095639275503e-05 0.000457982997613726 0.00130927371210419 0.00104172852261399 0.00162808851891896 0.00244292677089106 0.0157372802961618 0.00166417629807256 0.00359972353908233 0.00222943957196549 0.00226620109751821 0.0028400897688698 0.00223891014466062 0.00150123110506684 0.00153751342004398 0.00160984568065032 0.00262859139329521 0.00283203758881427 0.002852224840899 0.00260368367744377 0.0027910364777199 0.00140231261611916 0.00114064919907833 0.00102535449914285 0.000853768176966696 0.00051607127970783 0.000339729782717768 0.000519148382954882 0.00122073890088359 0.000687633481720695 0.000410357081636903 0.000328932378761237 0.000200519134523347 9.31032172957202e-05 0.000162848930631299
3.4267177682068e-06 1.42830917980064e-05 9.5601940756751e-06 5.01671454912866e-05 3.9666482462053e-05 6.05953482590849e-05 8.79478433489567e-05 7.84110699896701e-05 0.000102782358590048 0.000108900760096731 8.41011125885416e-05 0.000268291382599273 0.00125451059138868 0.0106424060184509 0.002301324113796 0.00207921686233021 0.00256853446917376 0.00211653013320756 0.00222223610435321 0.00440864502743352 0.00199056538403966 0.0024636454472784 0.00197691015928285 0.00201649261143757 0.00197748180071358 0.00172597449854948 0.00279866570781451 0.00182614942677901 0.00197934435127536 0.00191213465732289 0.00154588273726404 0.00168844674190041 0.00393663680297323 0.00160424966015853 0.00126437340513803 0.00143912087005447 0.00067589442624012 0.00048068970318127 0.000945739335656981 0.00116998305093148 0.00139316914865049 0.000499516479248996 0.000336185593005212 0.000471128437311563 0.000201304773327138 0.000228384824004024
1.89141244959501e-06 1.32811573223535e-06 3.04022281625294e-06 5.31625579242245e-05 6.5643570269458e-05 5.60238357138587e-05 5.98659909883281e-05 9.74105367276934e-05 0.000152549769700272 0.000110051951924106 0.000167854284336499 0.000886544468812644 0.00105312825471628 0.0015118065290153 0.00249814068665728 0.00211229381238809 0.00178744494114653 0.0031146064386121 0.00290404044790193 0.00265501237008721 0.018378388567362 0.00264637300278991 0.00320057228964288 0.00338402584311552 0.0100255952682346 0.00215021212497959 0.00129727554740384 0.00444405829766765 0.00529698580503464 0.00175801582954591 0.00242433684979915 0.00183093859013752 0.00207693896663841 0.00412573290523142 0.00272339858056512 0.00194430997216841 0.000810340013049426 0.000819932913873345 0.000756365894812916 0.00127186243189499 0.00118978730315575 0.00143313688458875 0.00168435395898996 0.000294960091741814 0.000439805861788045 0.000186914973983221
1.04178102674268e-05 1.08100910438225e-05 5.10678957652999e-05 6.35690525086829e-05 5.43649737664964e-05 5.90987129726273e-05 8.55836114169506e-05 0.000161565625876392 0.000125720621144865 0.000229054209194146 0.000452424675677321 0.00170654822286451 0.00229467794415541 0.00250188772915862 0.00163910048395337 0.00162049276987091 0.00407211513374932 0.00407168981037103 0.0217092346865684 0.00340399782871827 0.0029223084973637 0.00284190934326034 0.00232182637264486 0.00217048570048064 0.0120078486390412 0.00165973715484142 0.000925058472057572 0.0109802186721936 0.00193729621678358 0.000851501993020065 0.00170944501733175 0.00083048028536723 0.000965605201054132 0.000905930054432247 0.000781108794762986 0.00109878415096318 0.00173313329723896 0.000768480773695046 0.000803832975361729 0.00153291768874624 0.00145003389334306 0.00050224910628458 0.000445722719996411 0.000547080472460948 0.000533086783616454 0.000295005358475464
4.55061477623531e-05 5.28773867699783e-05 6.38686694401258e-05 5.35023089469178e-05 5.52387911739061e-05 0.000126799262761779 0.000312047694933426 0.000123158499263809 0.000322622933163075 0.000857454370998312 0.000929576698399614 0.00158656702769804 0.00198903649434214 0.00345228038349887 0.00232379460867378 0.00336006874858867 0.0131666467525065 0.00852732001803815 0.00154997963400092 0.0172702393028885 0.00245385646703653 0.00271538603701629 0.00272560071316548 0.00160506823740434 0.00188681648578495 0.000252407378138741 0.00481498357839882 0.000513900761507102 0.00134551112714689 0.00256510663894005 0.00393594478955492 0.00332000650232658 0.00215431699762121 0.00116182364436099 0.00149410040612565 0.000386766793781135 0.000659270094911335 0.00139247607803554 0.00115060871830792 0.000996627845961484 0.000410008125982131 0.00065721432074497 0.000355314558146347 0.000345105154156045 0.000267183397681947 0.000297473405680648
5.44717398952343e-05 8.32521749543957e-05 4.41302328908932e-05 5.6071652124956e-05 5.37190100658336e-05 8.38578094771947e-05 0.000244255748384603 0.00115718331071548 0.00109233649563976 0.00143019261449808 0.00124826635510544 0.00117049436885281 0.00910287001752295 0.0016864720149897 0.00249997412320226 0.0156636114465073 0.0108536799671128 0.00269558363652322 0.0034487716096919 0.00152368651179131 0.00174445477605332 0.00200731304939836 0.00239519848255441 0.00146247587981634 0.00101576413726434 0.000502594658610178 0.00148564202536363 0.00325506249209866 0.00317142658750527 0.00715627365279943 0.000284007492882665 0.000501953957427759 0.00109929184109205 0.000892163909156807 0.00145719682914205 0.00128664326257422 0.000458717955189059 0.000232474305175856 0.000143444810009896 0.000179847063736815 0.000581777034494735 0.000632148918703024 0.00108591612806777 0.000322988003063074 0.000211428267220981 0.000217050989976997
