Scripts_&_data/Maxent_result_files_1/Bombus_monticola_2.asc
NCOLS 594 
NROWS 330 
XLLCORNER -15 
YLLCORNER 23 
CELLSIZE 0.166666666666667 
NODATA_value -9999 
[rows 60 to 79 of 330, columns 225 to 269 of 594]
0.0649793226271868 0.0732753623276949 0.0255480319261551 0.0269787782803178 0.0213110745884478 0.0183835980482399 0.0357888726517558 0.0868848664686084 0.0821877457201481 0.12849403321743 0.0906696554273367 0.0179125997470692 0.00617776034632698 0.00850884640822187 0.0764421915635467 0.0139636381994933 0.0209921583998948 0.00249386025243439 0.00748625594424084 0.0238786294125021 0.0476880859583616 0.0248829678632319 0.0247571715153754 0.0341860197484493 0.0808602882549167 0.211119069159031 0.0461918562650681 0.0440245896577835 0.00492316605523229 0.00252421232580673 0.00495784915983677 0.0157364459708333 0.00961123507004231 0.00933859159704298 0.027670534979552 0.0483663108199835 0.0454147510230541 0.0469350295141339 0.00917848439421505 0.0304026193916798 0.0530081499367952 0.0446853263303637 0.0394892748445272 0.0547778874635696 0.25108700543642
0.0155526543036103 0.0186651774682105 0.0180585782509297 0.0240369789302349 0.0201401629019529 0.0165944755077362 0.0282216247171164 0.0153895792085677 0.0115230499301106 0.131979285180569 0.0318239607848227 0.055900876224041 0.139939706772566 0.0285341980867088 0.0408730246126652 0.00478762158891186 0.0241384509019554 0.00667141422163695 0.0334363161586225 0.00956197583582252 0.00908424921799451 0.0180322537198663 0.0685552790760994 0.0168544326443225 0.0167773421853781 0.0595280509442091 0.00711262251716107 0.0158467934466898 0.0285298462491482 0.00535192127572373 0.0304159504361451 0.0617864239960909 0.0781008537858725 0.068378458917141 0.0536165852099657 0.0239747964777052 0.00431546522304416 0.0390262864530087 0.0313026497140527 0.0238252406474203 0.0269944243133068 0.00784658840857446 0.1308385245502 0.0282315840944648 0.0492046557366848
0.0104746812023222 0.0154569806531072 0.0143016359303147 0.0277791492640972 0.025640872027725 0.00645361868664622 0.00390469721751288 0.00919344476424158 0.00883182543329895 0.00783840832300484 0.196327994763851 0.00922064031474292 0.0193715671077371 0.00651987565215677 0.00323232486844063 0.000813273031963036 0.00490308031439781 0.0172879259102047 0.0640866883099079 0.00773183202836663 0.00547451337333769 0.0093557077459991 0.0366412563249469 0.0106184395495802 0.015205022552982 0.00679185355547816 0.0219442078843713 0.00226285958779044 0.0110006765462458 0.0519770447164774 0.0195498848333955 0.0481260233558714 0.0644751958549023 0.0251593723427504 0.0418499881401658 0.00843361543957144 0.00467796169687063 0.0236186397261918 0.00675286273472011 0.02511673187837 0.00928905131295323 0.0226445288397372 0.0388821076601744 0.0333923373371363 0.024393243715167
0.00394032920012251 0.0269429587759078 0.00500486583914608 0.00962704829871655 0.00575128488708287 0.00741698490455747 0.00532119965646416 0.00659336359240115 0.00536353276111186 0.00176186151220463 0.00836960428860039 0.00661292602308095 0.00925825489684939 0.00892022817861289 0.00751733237411827 0.00920176673680544 0.00581859506200999 0.00426031873794273 0.0139978395774961 0.00255062710493803 0.00211958021391183 0.0234400096349418 0.0173183239065111 0.00308535777148791 0.00363466743147001 0.0100949062500149 0.250481995940208 0.161560513079166 0.0600784294307232 0.00154208783060312 0.0113724806811661 0.00133653007796966 0.00375168622704223 0.0113083186093718 0.00442841611802578 0.00484644584357738 0.0102493723388761 0.030489469692111 0.0654751991853118 0.0211429009679705 0.0136167495511472 0.0108636689372361 0.0722170665860176 0.0134017358068377 0.0180188705679029
0.00813416079618037 0.0357936684042215 0.00424626065650955 0.00767823266796768 0.00687245035078377 0.00912369913421571 0.00656096171587706 0.00263577084988356 0.0147178393322974 0.00819782435428351 0.0104966120328754 0.00582945521455258 0.00396930030547082 0.00805758752394468 0.00244297865428962 0.00785814607515931 0.0236607931554317 0.00813491092994809 0.00414140748325735 0.027038857806474 0.00139266126789153 0.00543630477041006 0.00392371612833813 0.00200177290244028 0.00719500386621803 0.0255187274888158 0.0376941389404237 0.0548504527658224 0.00703908049035817 0.00172882174374536 0.000126288079263759 0.0109460158506408 0.00417792451335117 0.00495755972806364 0.0016382533533033 0.00441089648520574 0.00385630949167535 0.00959625768009573 0.006914102146402 0.0213887155987322 0.00909181791357696 0.0127711205277592 0.0291615065187216 0.00640483302995563 0.0128805681364611
0.0123419609386474 0.00752241953741759 0.0107107660733163 0.00690924453083426 0.00675520689692348 0.00610887794755399 0.0159400283358991 0.00753361831884831 0.00894387797452509 0.0108651830814779 0.0118070873431861 0.0497245026752353 0.0486110666766763 0.00770995747298002 0.00694671366363764 0.00605676895938814 0.00636007112916559 0.0073749674949795 0.00600422912975773 0.0579859552904963 0.00394872111501172 0.00551732499152422 0.0403196522034705 0.0040970048867166 0.00290274840081111 0.0017875304853078 0.00157074138987809 0.0076244109775871 0.00854111583903432 0.000587592943338677 0.00522276649717242 0.00025321877328679 0.0064780913759023 0.0098953758366406 0.0146268309094012 0.0082474538590759 0.00724398775491863 0.000760263905976899 0.0220487606246024 0.0138902723323554 0.0271401729434729 0.00401225392706692 0.0258206814527512 0.00423372060758993 0.0127612578682601
0.0100058189593256 0.0100646146107465 0.0067696614889428 0.00814388678409159 0.00711587874684483 0.00259592750226147 0.0117921762634069 0.00654695515986532 0.005520870978944 0.0196478566154838 0.0105495567433536 0.0127204284537584 0.00545688308775425 0.00718981984537095 0.00622012361418456 0.00672631200868636 0.00372898834757507 0.00478721441468224 0.00715540666133165 0.00536389206536114 0.00578446842264384 0.0117065718863159 0.0134541481733322 0.00619251683820039 0.0057363367639482 0.0553581723943353 0.0329354387708008 0.0117219284176826 0.0084993630181998 0.00851746399421245 0.00546417748555541 0.00036862666165689 0.000920720380963758 0.0099023365881294 0.0163862280547619 0.0068968893494457 0.000608234878745861 0.00553941188845783 0.0107016569469124 0.00793092434760183 0.038109902665019 0.00590214664116502 0.00887585207819939 0.00946592930704355 0.0268448024988174
0.00928155442234129 0.00423726688604802 0.0307122345082462 0.00701454563532025 0.00640916805714369 0.00766350224148482 0.0141163884662092 0.0563981134444475 0.00358480676077306 0.03909693332389 0.0230560339055955 0.0176991044543684 0.0294175229035318 0.061066522076726 0.00900459745898843 0.0281077942810953 0.0175884637515992 0.00494657282251865 0.00060665847704513 0.0106572368182242 0.00415942331310362 0.0141971606761217 0.0168188273906708 0.0272341607138515 0.0323229793459177 0.0533555269241333 0.0208913245238364 0.00830848109908402 0.11274851411581 0.00662360147107393 0.0265113292261958 0.00714314978104085 0.00978993158787489 0.0138274556957185 0.00937676141038537 0.00739285470917821 0.0149135004729033 0.0111597551032901 0.00960823958739638 0.0360376394353807 0.146138831973076 0.0284276764839888 0.06196473762393 0.0319307441823184 0.00787652174476534
0.0335025802254677 0.0220828042831272 0.0372224752791226 0.0088958791224286 0.00446526280138642 0.0108747227583081 0.00838070549070835 0.0154735382646322 0.0483732294291258 0.0518339419737458 0.0514228101819754 0.0513114750385284 0.0502213479951024 0.0366425914689898 0.0223536398261786 0.0479609616100788 0.0240488454699516 0.0183617002796382 0.025690468493849 0.0667847421020269 0.0368594652041793 0.0540161548182368 0.054233343154192 0.0480401743203402 0.0479239417240024 0.0299561697989702 0.0690918195992708 0.0260509433224797 0.034527256898582 0.0166233824798837 0.013983599236235 0.0532831424847245 0.0425988869741559 0.00863164528273046 0.00796389477327466 0.0103911283891648 0.0200857964344323 0.00846344879828393 0.052095165848732 0.0684266038239002 0.0461126243695617 0.0755475211888552 0.0390024691820145 0.0438022596761584 0.0653833482414484
0.00406949425814673 0.00375932215247303 0.0130477166036144 0.0211644737049937 0.0187603932805359 0.0564123814925551 0.011314366129227 0.0159163555130363 0.0520888326689601 0.0301539998501539 0.025918288435787 0.0179571142420173 0.00635392125695944 0.0098422066308558 0.0052370878867805 0.0240679664537311 0.035775507427752 0.0420987011864781 0.0337538691237569 0.0167548462282866 0.0491064373403788 0.0150768831837922 0.0157076141797006 0.00851163398474455 0.0725515972822905 0.00547911082394421 0.0450756659731269 0.00588314419146627 0.00971804126165807 0.0089820172637701 0.00797298948746175 0.0204790885560215 0.0419503835961223 0.0372335879132152 0.0260371033102274 0.032542167045176 0.00697000867221504 0.00769426841288805 0.0309405098669231 0.0158046092838049 0.0671192985028028 0.00793742996174842 0.00269925246830098 0.0329545984044671 0.0754914723336697
0.00926478535402566 0.0154909019824117 0.0182232877239585 0.0120139006990939 0.0247654989361763 0.0411381366662681 0.0296613741666079 0.0320034652017057 0.00586092537268996 0.00425008134916425 0.00477654938586056 0.00508286914555356 0.00563710213173181 0.00374175363685936 0.00223218710743822 0.0217742165084928 0.00398120951140299 0.0258179601281881 0.00521285820286721 0.00731158803682774 0.00528362691402435 0.00443283456843346 0.00952149273362011 0.0299699023365974 0.0653739213943481 0.00249103602254763 0.06205994784832 0.00874205164145678 0.00872567899059504 0.00798875368200242 0.00687100039795041 0.00436215328518301 0.00308930905302986 0.0032470966107212 0.0048707434325479 0.00911092506721616 0.0530092842876911 0.0590931657701731 0.0123998988419771 0.045902687124908 0.0366268415004015 0.0100545494351536 0.0385962028987706 0.0090507615590468 0.0799289852380753
0.00556627626065165 0.0247470726259053 0.00563403704436496 0.00389582474017516 0.0118941126856953 0.0302390238270164 0.00576017769053578 0.00399667780147865 0.0224707696586847 0.0182561195921153 0.00406093635829166 0.0120516255032271 0.00669569477904588 0.00295270118513145 0.0030613521579653 0.00662625732365996 0.00504313511773944 0.00105290566280019 0.00064319107477786 0.000923773302929476 0.00152914940845221 0.00261108608683571 0.0054816612508148 0.00192743460647762 0.0267519706860185 0.0124575049616396 0.00887095527723432 0.0099173495080322 0.027455738838762 0.0111600885167718 0.00633692464325577 0.00742938830517232 0.00562159433029592 0.0187853679992259 0.0307902212254703 0.00405690965708345 0.021903301589191 0.0406659549102187 0.0401588141918182 0.0283441352657974 0.00724943005479872 0.00734837625641376 0.046876497194171 0.0398506298661232 0.00257686825934798
0.0148235459811985 0.0174349739681929 0.0490341313183308 0.0065365471644327 0.00385348978452384 0.00557902676519006 0.0072351947426796 0.0126896378118545 0.000759931076026987 0.00935684607829899 0.00511972345411778 0.0127986433915794 0.00607825519982725 0.00419264030642807 0.00024769906012807 0.000606674159644172 0.00078202040749602 0.00408805835759267 0.00273061898769811 0.00739493377041072 0.00251684796530753 0.00263269188581035 0.00931262243539095 0.0131615113932639 0.00237302132882178 0.00194012691499665 0.00498979920521378 0.00417200613301247 0.00994795064907521 0.00442501828074455 0.00644472886342555 0.00439360017189756 0.020037828758359 0.0232062575407326 0.0189494184218347 0.00209622945985757 0.00490499283187091 0.0332730158232152 0.00966347674839199 0.0277729419060051 0.0245698752813041 0.0296724606305361 0.00911147848237306 0.00861728136660531 0.00635192652698606
-9999 -9999 -9999 0.0122820633463562 -9999 -9999 -9999 -9999 -9999 -9999 -9999 -9999 0.00326527277939022 0.00926646711304784 0.00187808723712806 0.00058874536480289 0.00168566575157456 0.00077116560714785 0.0177776119671762 0.00141750404727645 0.00344833809649572 0.00537317614071071 0.000570856418926269 0.0010582612012513 0.000672567746369168 0.0208345498889685 0.0047580047044903 0.00677088855300099 0.00626164847053587 0.00708448353689164 0.00435655935434625 0.00486300566699356 0.0100482454057783 0.00279751369380392 0.00347077602054924 0.0259954576380551 0.0213587258942425 0.00626444388180971 0.00933875497430563 0.0537755576893687 0.0244710165075958 0.0167726051528007 0.00646181665360928 0.00929520525969565 0.00708882741164416
-9999 -9999 -9999 -9999 -9999 -9999 -9999 -9999 -9999 -9999 -9999 -9999 -9999 -9999 -9999 -9999 0.0130524077452719 0.000666345354693476 0.000317532176995883 0.00593052285257727 0.00350417433073744 0.0053990792366676 0.00725156592670828 0.000630018193623982 0.0010802733944729 0.000693393254186958 0.000517813024634961 0.000828807739890181 0.00152031929465011 0.00684002826455981 0.00553015586920083 0.00291626850375906 0.0175216902047396 0.000463998451596126 0.00304984322865494 0.00354319087928161 0.00122114452533424 0.00069335199368652 0.00525179114192724 0.00667884971480817 0.00998924043960869 0.00630782786756754 0.0207492266781628 0.00771406565327197 0.00506222003605217
-9999 -9999 -9999 -9999 -9999 -9999 -9999 -9999 -9999 -9999 -9999 -9999 -9999 -9999 -9999 -9999 -9999 0.00314955590292811 0.000304452931231936 0.00163336496334523 0.0125669763423502 0.00309636628371663 0.0010436669253977 0.000352146280056331 0.000899482565000653 0.000291616497270297 0.00400367479305714 0.000325586705002934 0.000320952034962829 0.00581864095292985 0.00581040573306382 0.00803114776499569 0.0246534243226051 0.000378073268802837 0.000224759413686115 0.000395012869557831 0.0035595215857029 0.00309652698924765 0.0224038125015795 0.0105790746863931 0.00746428109705448 0.00924328255932778 0.00564825424226001 0.00758068794384599 0.00475941966287792
-9999 -9999 -9999 -9999 -9999 -9999 -9999 -9999 -9999 -9999 -9999 -9999 -9999 -9999 -9999 -9999 -9999 0.000811240574694239 0.000941802353190724 0.00313956369645894 0.00112523251154926 0.00124185402237345 0.00151759907021187 0.00930451233871281 0.0005066945697763 0.00030170911049936 0.000443773098231759 8.15495252027176e-05 0.00213765655644238 0.00248502753674984 0.028451179806143 0.0147009494248778 0.0529516404494643 0.00747704687528312 0.0045401299954392 0.00385653304401785 0.00053302259038901 0.00269982105819508 0.0106873997021467 0.0205664585344493 0.00415338112507016 0.0243297387845814 0.0210696717724204 0.000803725852165371 0.000907802005531266
-9999 -9999 -9999 -9999 -9999 -9999 -9999 -9999 -9999 -9999 -9999 -9999 -9999 0.0190643826499581 -9999 -9999 -9999 0.00316941708442755 0.000758046438568272 0.000551219657063484 0.000662423395260703 0.00319783528102562 0.00393752459203824 0.000480682785564568 0.000186384657718008 0.000412192693329416 0.000425831851316616 0.0017026461835485 0.000374184572137892 0.0059949996182695 0.0141777987591922 0.01293521579355 0.0047408334328793 0.0419640956446528 0.0212164655327797 0.0109150329604745 0.00506031175609678 0.00638523686211556 0.0146946772001684 0.0115566734457389 0.0126528178341687 0.00810742548201233 0.00286108005093411 0.000868925396935083 0.0155773839447647
-9999 -9999 -9999 -9999 -9999 -9999 -9999 -9999 -9999 -9999 -9999 -9999 -9999 -9999 -9999 -9999 -9999 0.0071611450985074 0.00356024731881917 0.000849334939266555 0.000411476384033449 5.02305077134224e-05 3.68308221368352e-05 0.000414706362062134 0.00226105112233199 0.000487705136765726 0.00127596414240543 0.00799783985130489 0.000965156761230901 0.000219173348159529 0.00414625685662031 0.0124044766649604 0.0108486214652658 0.00360714782727882 0.00319819538854063 0.00263929717475548 0.0190646606497467 0.010652555571869 0.0127780192997307 0.0194671783130616 0.0189709881320596 0.0101700742729008 0.0174427551683038 0.0595409516245127 0.0115371570922434
-9999 -9999 -9999 -9999 -9999 -9999 -9999 -9999 -9999 -9999 -9999 -9999 0.00443783148657531 0.00102620340767317 0.00187854335526936 0.000165683025988983 0.000520497170509771 0.00117258524987847 0.000153651052823989 0.000496071609086357 4.25978434577701e-05 0.00749277558643371 3.41370745445602e-05 0.000121325177678955 0.000173456227275892 0.000458816876925994 0.000203078949562041 0.00104862125590444 0.00229606462526135 0.0101432788651437 0.00933955193031579 0.00827884601894766 0.00406434648903087 0.00822022468782961 0.00522270367946476 0.00404803816927597 0.0470098223537207 0.00793396010994911 0.0114647011272609 0.000292992604227038 0.0144928504247218 0.0142500318586826 0.0212291833944619 0.00603834203211591 0.00895429814700037
