Scripts_&_data/Maxent_result_files_1/Bombus_pomorum_2.asc
NCOLS 594 
NROWS 330 
XLLCORNER -15 
YLLCORNER 23 
CELLSIZE 0.166666666666667 
NODATA_value -9999 
[rows 273 to 293 of 330, columns 92 to 137 of 594]
4.60534356250264e-07 4.42526306443369e-07 3.99242185977755e-07 3.49835189084047e-07 3.07897093421161e-07 2.7315430095598e-07 2.33861285536818e-07 2.01587375769918e-07 1.69450437503826e-07 1.27248979353567e-07 1.04709044990159e-07 9.12177356759969e-08 8.01874695532945e-08 8.57592301173327e-08 8.00449210025533e-08 6.88903977863475e-08 9.25380638783224e-08 8.02407815747586e-08 8.21469130052321e-08 1.44534496460125e-07 2.7562917903623e-07 5.36347311008711e-08 4.72831866993317e-08 7.33663815921659e-08 3.50383451586111e-08 3.36050521632103e-08 3.03752248242972e-08 2.89344070925068e-08 2.67640781981271e-08 2.23930456622057e-08 1.39146708488802e-08 1.52220778648626e-08 1.52944574893787e-08 1.54856468981279e-08 1.5281488052743e-08 1.60077317623575e-08 1.60548455863108e-08 1.61632022099845e-08 1.59674541366783e-08 1.58039649367225e-08 1.40076554688839e-08 1.31887388343799e-08 1.31998283081636e-08 1.2670553517502e-08 1.27737754263002e-08 1.25582497068066e-08
2.85298117219668e-07 3.39041908148374e-07 2.75297819740672e-07 2.39250301703464e-07 2.01872082428167e-07 1.74099917238379e-07 1.54425199028196e-07 1.31684286053257e-07 1.22368535748762e-07 1.02855106653976e-07 7.53601908876078e-08 6.34362538054489e-08 4.4106598728888e-08 4.6945455034475e-08 4.45612905686232e-08 3.90315178844247e-08 6.72931346201722e-08 5.59581133430243e-08 4.58092166866209e-08 9.50428479473686e-08 4.82594615380805e-08 4.3647075509412e-08 3.94966324535062e-08 3.29901194806581e-08 2.92774647636662e-08 2.75565962049029e-08 2.48766132804334e-08 2.40742765500457e-08 2.03440759571905e-08 1.49820833628134e-08 1.15084074825411e-08 1.18844161067777e-08 1.19200681991671e-08 1.40394484482442e-08 1.39558546718987e-08 1.36130604677653e-08 1.29181670471823e-08 1.35095753805992e-08 1.38325612852874e-08 1.28950536582018e-08 1.15497636232753e-08 1.10554006838015e-08 1.09151934490903e-08 1.09240076873185e-08 1.09863206310123e-08 1.07547598382496e-08
2.08422359193605e-07 2.17427677462467e-07 1.89770735481432e-07 1.63342844317071e-07 1.36429467900712e-07 1.1571785769604e-07 1.05671936090346e-07 9.07474896116867e-08 8.66408536026597e-08 7.93914534114037e-08 6.41011884905396e-08 4.78255595126598e-08 3.73327875280438e-08 3.28407738781067e-08 2.94398520672701e-08 3.03254189093494e-08 4.31075016571469e-08 4.09858774474969e-08 3.75483736547721e-08 3.85204502517666e-08 3.36710605397528e-08 3.44568481747132e-08 3.09920077823378e-08 2.67855864599653e-08 2.38395658325175e-08 2.12267014632062e-08 1.90557946866399e-08 1.82156873917982e-08 1.58169217834292e-08 1.33524490353309e-08 1.06430376622946e-08 1.04326626448881e-08 1.26879852735406e-08 1.33261054524603e-08 1.32220515758341e-08 1.21088147175819e-08 1.1789531229045e-08 1.16297732333237e-08 1.15295231029044e-08 1.13332867424099e-08 9.88953149372307e-09 9.36431973075358e-09 9.44404261460363e-09 9.64648082524278e-09 9.30604556748094e-09 9.54661750762753e-09
1.75513612710176e-07 1.50031013390617e-07 1.32685550191525e-07 1.00511685374727e-07 8.47796310488036e-08 7.53316054868947e-08 7.1572767357253e-08 6.61408364965865e-08 5.98311737043389e-08 5.09258240910526e-08 4.44915762010112e-08 3.67304477055796e-08 3.00954792198382e-08 2.66296663831156e-08 2.41704909864637e-08 2.43750474915316e-08 2.61089687203508e-08 2.37438974037829e-08 2.66538824789109e-08 2.71027771781007e-08 2.66557346639829e-08 2.66609149202068e-08 2.38532516183554e-08 2.15110703694066e-08 1.96119955719887e-08 1.75478009123431e-08 1.67230021386189e-08 1.59530467946922e-08 1.45715455257545e-08 4.6883195414793e-08 1.11812159397928e-07 1.00562190907816e-08 1.1072761019193e-08 1.68836069680545e-08 1.19098911843807e-08 1.0784784587603e-08 9.74600481429277e-09 9.65490024595894e-09 9.69504859726911e-09 1.00455644469477e-08 9.0186509704715e-09 8.50140495778362e-09 8.164438292102e-09 8.31901171283178e-09 8.40120926159926e-09 8.17588677870518e-09
1.27428616991665e-07 1.13965612058564e-07 9.97165155780522e-08 8.13155805801102e-08 6.24936305371193e-08 5.24716100791522e-08 4.97189289294653e-08 4.59434474908704e-08 4.41016901664426e-08 4.07755238907015e-08 3.88083347679924e-08 3.13331109058623e-08 2.5963034877563e-08 2.30901160191976e-08 1.90943469924321e-08 1.71645585189673e-08 1.83032133449501e-08 1.70646046404599e-08 2.16197781233163e-08 2.12898047413645e-08 2.00648335280107e-08 1.93881536270091e-08 1.73658002422528e-08 1.67523829919247e-08 1.57611298456928e-08 1.46223342323282e-08 1.423490236796e-08 1.3075701010834e-08 1.27344382483408e-08 1.16297033114776e-08 9.53674508252789e-09 9.28838445046765e-09 9.52892365013724e-09 9.55019278103819e-09 3.44193354262501e-08 8.95139815604296e-09 8.27156007021657e-09 8.25894808098582e-09 8.58827750027658e-09 8.50557146936382e-09 7.6223519052121e-09 7.58611250484265e-09 7.62554074329458e-09 7.49660648002859e-09 7.51981882318731e-09 7.56581952643387e-09
9.11173306583635e-08 7.73780838514426e-08 7.36152117930544e-08 7.09218712202642e-08 5.56244796001693e-08 4.03601079668192e-08 4.0020788283357e-08 4.09495089392919e-08 3.94892493371657e-08 3.54643959088463e-08 3.23920098743713e-08 2.80983027511894e-08 2.22077683798005e-08 1.95877677633405e-08 1.61276220045359e-08 1.51859189445602e-08 1.54463017154605e-08 1.73916621548642e-08 1.57083351104426e-08 1.52845784584521e-08 1.51924029245798e-08 1.65970435728191e-08 1.45983291566232e-08 1.40309114882164e-08 1.3931737885553e-08 1.28762196682786e-08 1.09066770281885e-08 1.08527681619286e-08 1.1756816076236e-08 9.38501135694381e-09 8.2806056123097e-09 8.53624197993952e-09 8.46706676993492e-09 8.48746705139902e-09 8.19345167268892e-09 7.95868504432917e-09 7.81871434263337e-09 7.45688175651793e-09 7.46950719054951e-09 7.49802884225659e-09 6.83087552078021e-09 6.81155445381165e-09 6.94998908423727e-09 7.14452927930154e-09 7.09463896519935e-09 7.15253907213054e-09
5.45592867329248e-08 5.12737792224272e-08 4.73335711070888e-08 4.51187848860002e-08 4.25050646679637e-08 3.41729024189163e-08 3.4653839753318e-08 3.52594032193565e-08 3.27657271981252e-08 3.03090762043823e-08 2.72124100364479e-08 2.4593466241285e-08 2.07941950325363e-08 1.87935483952906e-08 1.56875218260133e-08 1.48507649733176e-08 1.49801821169859e-08 1.67381062010641e-08 1.54704359323077e-08 1.395132273041e-08 1.38241333935696e-08 1.38663855175913e-08 1.24547609114956e-08 1.19620730765213e-08 1.21586380963379e-08 1.06613583961135e-08 9.36041127941323e-09 1.02407867519361e-08 9.55081236320154e-09 7.96042556316934e-09 7.71888486461592e-09 8.17827295884754e-09 7.72550556860097e-09 7.30336054965974e-09 7.41167264228792e-09 7.5011432509875e-09 7.64167058520115e-09 7.51867863524325e-09 7.29510861718907e-09 6.50403004787137e-09 6.07900456639499e-09 5.96165394828319e-09 6.18386922779379e-09 6.58805485720393e-09 6.77340815657956e-09 6.57551256777467e-09
4.18861810569382e-08 4.12298662766375e-08 3.9186983524786e-08 3.25210329776837e-08 3.1546378731484e-08 3.3589407322232e-08 3.16732950533805e-08 2.97471166810226e-08 2.84911887415973e-08 2.73624778390769e-08 2.57120588820214e-08 2.2429113877287e-08 1.99059337457896e-08 1.87171653065477e-08 1.70272671407012e-08 1.52357353844224e-08 1.59222488971267e-08 1.52655717289285e-08 1.37719040504969e-08 1.2000458904371e-08 1.29473294196991e-08 1.16778199776846e-08 1.05814346174071e-08 9.26371495069134e-09 8.6770025164995e-09 8.45639566149359e-09 9.00974407302968e-09 9.53930502367584e-09 7.2470854761697e-09 7.35154578324071e-09 7.62809200249848e-09 8.26220654115417e-09 7.50911441915747e-09 7.2585909394185e-09 6.75211505596351e-09 6.64046988507749e-09 6.80884906234525e-09 6.6972339451965e-09 6.29822610731523e-09 6.25858836977855e-09 6.13608091004636e-09 6.0332044915512e-09 5.9751875780556e-09 5.96105428352089e-09 6.06174155315387e-09 6.41650957922124e-09
3.88575115195522e-08 3.6295383942786e-08 3.22010759834512e-08 3.06645315806264e-08 2.86507135571767e-08 2.8014738440163e-08 2.59469616681329e-08 2.5950098603289e-08 2.56670248832691e-08 2.45261547293651e-08 2.20898437541805e-08 2.05899040262025e-08 1.96953507503039e-08 1.89588785115546e-08 1.73011473703077e-08 1.46701062631038e-08 1.69043992137574e-08 1.53738825003913e-08 1.27178564235386e-08 1.27403113170388e-08 1.26563769242694e-08 1.05908912528818e-08 9.29367864888064e-09 8.64579967618795e-09 8.80290971227993e-09 8.39111843342621e-09 8.94939139461925e-09 8.30859054889998e-09 7.06653792148515e-09 6.84157956953868e-09 7.88120882999621e-09 8.12924569881801e-09 7.5415308664617e-09 7.20023448641527e-09 6.61136750901292e-09 6.29845582356126e-09 6.41468730355754e-09 6.10822363800168e-09 5.98279703556415e-09 5.94216249538704e-09 6.09981409827043e-09 6.18636654126092e-09 6.26467004938291e-09 6.07653742878966e-09 5.84134771663969e-09 5.96198936886339e-09
3.13731586043531e-08 2.89537833264575e-08 2.76795750986381e-08 2.69556452714426e-08 2.39713685568077e-08 2.36744885473428e-08 2.33221908674253e-08 2.39652460098938e-08 2.29545944696596e-08 2.14784839469573e-08 2.1226082758119e-08 2.14233160544808e-08 2.07708121147121e-08 1.91071219290961e-08 1.87512112503896e-08 2.37374772060761e-08 1.69551760853537e-08 1.49225990786483e-08 1.3419089639477e-08 1.31498575028921e-08 1.23970267162932e-08 1.01231906968202e-08 9.19806970589576e-09 8.77699993795389e-09 8.3815522966546e-09 8.36882635413261e-09 8.95968849112805e-09 7.79818183360703e-09 6.88787549218972e-09 6.99336170084663e-09 7.82506915930625e-09 7.86633456151264e-09 7.56332755313949e-09 7.09093479489553e-09 6.79292271321685e-09 6.47570024270294e-09 6.83177102667187e-09 6.47569133871428e-09 6.19740943008651e-09 5.88033983728309e-09 6.00328066147071e-09 6.02992891174381e-09 6.06985461892862e-09 6.04199474896205e-09 6.01427235791263e-09 5.84655938107304e-09
2.37227059773915e-08 2.28445620642503e-08 2.24429744011267e-08 2.06500418875599e-08 1.92075513050227e-08 2.00424872809357e-08 2.1155636864556e-08 2.07449152966888e-08 2.0623258345509e-08 2.06784215972533e-08 2.05745304127092e-08 2.05387012508496e-08 1.97540724666823e-08 1.90296206126206e-08 1.87743906754356e-08 1.92245117269785e-08 1.72295125167032e-08 1.47336733036241e-08 1.44125284706753e-08 1.3954590960541e-08 1.19260545328181e-08 9.71911376934642e-09 8.96898744162655e-09 8.3304385611882e-09 8.21651022775427e-09 8.69718536078423e-09 8.33854777448906e-09 7.12525480839332e-09 6.87324417381063e-09 7.51153182987352e-09 7.6339820243021e-09 7.67288617087303e-09 7.41046086716324e-09 7.03172174931765e-09 6.82185737899133e-09 6.70972196692432e-09 6.46275729598855e-09 6.16551455445702e-09 5.78707241016829e-09 5.84161761185697e-09 5.7801839203897e-09 5.53724796015231e-09 5.16185133525582e-09 5.56346868574309e-09 5.42289080307512e-09 5.33617348086324e-09
1.88650328358797e-08 1.82440410112505e-08 1.7595788781577e-08 1.6090190080309e-08 1.62229400579861e-08 1.73450146467857e-08 1.77213879792859e-08 1.76421891540102e-08 1.85293486332228e-08 1.88380465782068e-08 1.91607852473297e-08 1.91138581739914e-08 1.86690703452008e-08 1.89599776878602e-08 1.96843860211793e-08 4.48702106581322e-08 1.74140653674826e-08 1.3670447451819e-08 1.65102879479129e-08 1.38602301302804e-08 1.06904242791472e-08 9.41473522475533e-09 8.97001445343548e-09 8.12787540604987e-09 8.4529390487198e-09 7.86347463810344e-09 7.20696362588313e-09 6.95607940137677e-09 7.47081094765178e-09 7.59567856389864e-09 7.4493813229104e-09 7.21481293597392e-09 6.87343643113181e-09 6.50428608750531e-09 6.32770675856875e-09 6.21817007884218e-09 8.60833208049527e-09 5.31687793792202e-09 5.584237350309e-09 5.50903688223414e-09 5.38710916986318e-09 5.14875477808374e-09 5.21194054581287e-09 5.28769639185356e-09 5.04372597021074e-09 5.06316858439604e-09
1.48234368335665e-08 1.49130771620598e-08 1.43024988852325e-08 1.34871434465111e-08 1.40034262186006e-08 1.50100979090517e-08 1.51631228240134e-08 1.58188295129591e-08 1.63753895221497e-08 1.686724635519e-08 1.75925288004031e-08 1.75752763231785e-08 1.83859383162677e-08 2.03993801073388e-08 2.14962611821967e-08 1.99447795057317e-08 1.63881359038776e-08 1.36414363693937e-08 1.72982230206564e-08 1.31281746251766e-08 1.036338735938e-08 9.5440837455385e-09 8.51923690481371e-09 7.4075106715199e-09 7.56027450643515e-09 7.53953959264919e-09 6.8094237914984e-09 7.31146272414662e-09 7.4860689980305e-09 7.45335698715266e-09 7.06902826275169e-09 7.03184179773331e-09 6.37847824558335e-09 5.80927884685778e-09 5.86807794578092e-09 5.77218456365713e-09 5.63733095759744e-09 7.31566422995655e-09 5.11084643495252e-09 5.15186888705443e-09 5.10669750930504e-09 5.12848767897367e-09 5.35685419356113e-09 5.46417552316214e-09 5.28547389189171e-09 5.02766381860198e-09
1.24649416011202e-08 1.22092244425609e-08 1.15080509899279e-08 1.15470994210831e-08 1.22969331939338e-08 1.29401648729655e-08 1.34938146323371e-08 1.38897965462625e-08 1.40122416114608e-08 1.4375215817708e-08 1.47311124076843e-08 1.57332943673261e-08 1.70900544493868e-08 1.8686153746561e-08 2.20123425487273e-08 1.87478013446984e-08 1.57464516314931e-08 1.28429689660869e-08 1.55900165332845e-08 1.19483915317353e-08 1.06250464870783e-08 9.89214533619886e-09 8.38635366706697e-09 7.40075760674586e-09 6.46870826903623e-09 6.89469733528014e-09 7.41318295638393e-09 7.15602420653383e-09 6.57272916093632e-09 6.31926574401476e-09 5.9926366868801e-09 6.04421022121215e-09 5.7590778923533e-09 5.52639546347322e-09 5.5815810751092e-09 5.6074428989028e-09 5.58354470436839e-09 5.21298753053401e-09 5.14263559514561e-09 5.08136606125476e-09 5.24334579088403e-09 5.34322155409939e-09 5.36459592304084e-09 5.31768439282487e-09 5.33059337781694e-09 5.27924971516214e-09
1.03984888477626e-08 1.02174579241776e-08 9.73912964719048e-09 9.82608621136194e-09 1.03878075252695e-08 1.05055291799161e-08 1.06168323243949e-08 1.08395030617992e-08 1.1179724035415e-08 1.18547056171536e-08 1.27924302262272e-08 1.34894588388335e-08 1.36637666736661e-08 1.79472896433275e-08 1.99010849355474e-08 1.54296834975476e-08 1.35874877682518e-08 1.58942960015729e-08 1.49495855805704e-08 1.28019577050331e-08 1.07309261254684e-08 8.44838382585422e-09 7.25910641596883e-09 6.83155264580293e-09 6.27549457954402e-09 6.58214899251774e-09 6.92024905157851e-09 6.6316303892755e-09 5.81156671675132e-09 5.63164237465941e-09 5.70890453799322e-09 5.97024136794744e-09 6.05425409805349e-09 5.97896979703805e-09 5.96355784754365e-09 5.93947114824189e-09 5.66588503891907e-09 5.44448163219968e-09 5.48528737986942e-09 5.40795328518584e-09 5.35301186710413e-09 5.63451949542326e-09 5.70601477178911e-09 5.44618570241795e-09 5.06434069125206e-09 5.22964511695534e-09
8.02268821376018e-09 7.50150908057634e-09 7.35818573849301e-09 7.59669867012036e-09 7.92319186926349e-09 8.25681348848306e-09 8.8320534552544e-09 9.25505185822573e-09 9.82428435269966e-09 1.05740907807572e-08 1.06066103566782e-08 1.51758161703874e-08 1.87168579302011e-08 1.72981886925605e-08 1.4765122269278e-08 1.31889610788249e-08 1.39232757656593e-08 1.62256096558622e-08 1.3247812102879e-08 1.04984804294439e-08 8.69657558189019e-09 7.71125564513753e-09 7.46676779295186e-09 7.36528337208497e-09 6.88014575311868e-09 6.50870857210606e-09 6.09893564540442e-09 5.73810865489577e-09 5.74113682150212e-09 5.78453700494919e-09 5.88762057995851e-09 6.02805684257746e-09 6.18376412298005e-09 6.14831310308261e-09 6.15856907693058e-09 6.30223955244702e-09 6.09497109449464e-09 6.02470207056172e-09 5.73406908621621e-09 5.56346714253309e-09 5.53888211962672e-09 5.59356104767872e-09 5.77228593812151e-09 5.80496885005388e-09 5.62060752384852e-09 5.69768940916759e-09
5.71816347605392e-09 5.49030249041849e-09 5.69215741208495e-09 6.10809861578687e-09 6.47532157893593e-09 7.40778816066268e-09 8.12278274642253e-09 7.90565886088501e-09 8.33767679342401e-09 9.02418116899284e-09 9.53017330607153e-09 1.61093128059342e-08 1.60460072895496e-08 1.51994834940439e-08 1.31980149253863e-08 1.39819932964969e-08 1.60131270909858e-08 1.41353773908115e-08 1.11231616473084e-08 7.62811032117838e-09 7.17178531006724e-09 7.94486827437879e-09 8.33447121317832e-09 8.06298872113587e-09 6.63729555760995e-09 6.09711114929468e-09 5.88196040762767e-09 5.73352558763673e-09 5.85238485451001e-09 5.8538818015208e-09 6.01955676415855e-09 6.25237096540943e-09 6.49617715176021e-09 6.4513451913939e-09 6.41293620429195e-09 6.4416696754499e-09 6.05532398667563e-09 6.23568833235666e-09 6.03888400396713e-09 5.97754927778027e-09 5.83852096669446e-09 5.7313943813142e-09 6.03957466260852e-09 6.15045411267445e-09 6.39804823565626e-09 6.66249458936008e-09
4.16039049877526e-09 4.37855935953024e-09 4.60900819732046e-09 5.55922352596383e-09 5.5876234195118e-09 5.96183455936483e-09 5.80360717261641e-09 7.03789969636048e-09 7.77127207030048e-09 8.8211073556721e-09 1.42552807558261e-08 1.39184736069886e-08 1.43842721955778e-08 1.60775760149612e-08 1.27429038321303e-08 1.54352906345245e-08 1.47475444856049e-08 1.42520816481806e-08 1.18580478436492e-08 8.33070356032195e-09 7.17467141253536e-09 9.60283921269678e-09 9.11625995803078e-09 6.65282514633603e-09 5.80551331452739e-09 5.04926119804239e-09 5.4644971658746e-09 5.62637125778309e-09 5.93599157605595e-09 6.1352483204935e-09 6.26525185065674e-09 6.54979295244829e-09 6.82883393166023e-09 6.83276499824359e-09 6.78238284423927e-09 7.01746704079298e-09 6.33360284219009e-09 6.48478040154998e-09 6.47113308493985e-09 6.46203409671031e-09 6.46335087672867e-09 6.13122621562212e-09 6.15182688123994e-09 6.37513621892794e-09 7.30054448006001e-09 7.8813126691557e-09
3.70280781591958e-09 4.12464029597714e-09 4.3121374249111e-09 4.6453399460411e-09 4.39618670355912e-09 4.93886184171899e-09 5.16972364916768e-09 5.33915629485904e-09 9.23864531543472e-09 1.12890785941566e-08 1.31181074225495e-08 1.16668742555781e-08 1.05856400867133e-08 9.5397684973797e-09 5.00592405305866e-09 2.82312524468864e-09 1.28865933479716e-08 1.34837865983783e-08 9.62530042336596e-09 8.65592697518736e-09 9.62613160293557e-09 8.0471509900093e-09 9.17957992951912e-09 7.30069281695833e-09 6.34864092408094e-09 5.71718880015837e-09 5.21348814119804e-09 5.64654626389327e-09 6.25578415736072e-09 6.40412357588716e-09 6.51471837587181e-09 7.00215007087834e-09 7.13806668217742e-09 7.24767709181506e-09 7.4408331607323e-09 7.49329559512901e-09 6.9532273827555e-09 6.74447265813782e-09 6.84729778432924e-09 6.75720140952407e-09 6.69676064601887e-09 6.53146484674849e-09 6.5499955015369e-09 6.7852280238867e-09 7.68350938429307e-09 9.63708064460889e-09
3.49125843790432e-09 3.73496249483907e-09 3.86637375449084e-09 3.92503992641124e-09 4.33453670733996e-09 4.60452167505565e-09 4.7907445122064e-09 5.52422014798992e-09 9.79759514629919e-09 1.13029024362277e-08 1.12076438241182e-08 9.00851047092033e-09 8.87484614686684e-09 3.42827616295338e-09 1.83061328318246e-09 8.30676234464533e-09 1.00859792406816e-08 1.5574162315346e-08 7.79393205529999e-09 8.87227136203705e-09 1.09402388370761e-08 9.11927516833444e-09 9.48945081402641e-09 7.57002313056532e-09 6.94825472713489e-09 6.02693530638021e-09 5.21713450218897e-09 5.61203830073964e-09 6.27388145879593e-09 6.42800196404281e-09 6.94357050745609e-09 7.58051037497154e-09 7.53203405201575e-09 7.5494410389787e-09 7.84642797402313e-09 7.98150817660215e-09 7.66928838213943e-09 6.9729881313485e-09 7.07777952912991e-09 6.89728451019889e-09 6.77373104274182e-09 6.90724760721295e-09 7.24659785511506e-09 8.52119221850245e-09 1.13201985896261e-08 1.33359010723311e-08
3.42000687769683e-09 3.44233214155665e-09 3.32908687283862e-09 3.37598634603253e-09 3.94614350085476e-09 4.63732836575304e-09 5.0150702812779e-09 7.72204638010976e-09 9.02489417642371e-09 8.94909253368326e-09 7.61152452177782e-09 7.71681958333659e-09 2.3782344538148e-09 1.92269479226681e-09 2.08194809170337e-09 1.1327329252353e-08 1.30956629429413e-08 6.94212327623234e-09 2.68706966677357e-09 9.10992083991147e-09 9.16069436973643e-09 8.13518284958903e-09 9.46058592576904e-09 8.60816020686883e-09 7.63774129497463e-09 6.63838126691019e-09 5.60289329376573e-09 6.01572653913252e-09 6.27910112793728e-09 6.18336271074327e-09 6.93980554133944e-09 7.53501682160263e-09 7.36622043362445e-09 7.5257669762685e-09 7.77664989071169e-09 7.68665838757343e-09 7.86608198577454e-09 7.244321098554e-09 7.08698906226601e-09 7.02443042621681e-09 6.92424515502665e-09 8.37677153198157e-09 9.90634317910022e-09 1.07302153606881e-08 1.181282912599e-08 1.19784335228523e-08
