Scripts_&_data/Maxent_result_files_1/Bombus_lapidarius_3.asc
NCOLS 594 
NROWS 330 
XLLCORNER -15 
YLLCORNER 23 
CELLSIZE 0.166666666666667 
NODATA_value -9999 
[rows 200 to 219 of 330, columns 315 to 359 of 594]
-9999 -9999 -9999 0.0314815744757652 0.00491656924132258 0.00661914484808221 0.00299029799061827 0.00211864928714931 0.00160555785114411 0.00294704614207149 0.0028249868308194 0.00152759305492509 0.00242044758051634 0.00176605843007565 0.00219622296100397 0.0166890949010849 0.00228306194767358 0.00534202978014946 0.00213164529995993 0.0378203198313713 0.00469902869081125 0.0124594610184431 0.00925436095265013 0.0182509280741215 0.00830189883708954 0.00577164572848119 0.0424601018428803 0.00394050721079111 0.00216265637427568 0.00375962148536928 0.00833155539585278 0.00262960027903318 0.00289630896877497 0.00227404523757286 0.00432484671473503 0.00153096467547584 0.00129136566538364 0.00107215492462274 0.00270637827925384 0.00232239915058017 0.000796450488269329 0.000632960174698383 0.000494753662496805 0.000347637524828315 0.000228250364307314
-9999 -9999 -9999 -9999 0.197869356349119 0.00953710339964441 0.0142370336109998 0.0025063329609111 0.00209484760416672 0.00204786214162596 0.0016604637959972 0.00258221873082221 0.0028519107028842 0.0148578472435474 0.00178691240236993 0.00409300918383186 0.00587876196950674 0.0154222958022729 0.00421839559130603 0.0221232280135155 0.017318332195282 0.00886232596822083 0.00813132210168988 0.0177766695618629 0.0111776955425739 0.00571973007172346 0.0100546944886446 0.0034947419364471 0.0037781621387694 0.00597079135477619 0.00897161141037941 0.0114120364189148 0.00544771687537491 0.00254565969225951 0.0020825769752264 0.0019158575538313 0.00154743872990366 0.0012399159691995 0.00529705490916967 0.000862231991777662 0.0013629011111334 0.000892862537875772 0.000523880054242909 0.000776987336575985 8.14402475953102e-05
-9999 -9999 -9999 -9999 -9999 -9999 -9999 -9999 0.00879789190366864 0.00285143489600159 0.00144583550281823 0.00211429859045893 0.00576387941837326 0.00330145657180975 0.0111732687801123 0.0209723384565608 0.0283895179653434 0.080264345989417 0.00729813221842051 0.00320377155239278 0.00634594385627452 0.00870307375257653 0.00346044600973983 0.00413558408617973 0.00282147152954337 0.00512869246304098 0.00618132147474171 0.0413665607571602 0.00870738960802555 0.0166328407824039 0.00666144322619051 0.00735357741894446 0.00279953816237751 0.00962506160140037 0.00182896237846434 0.00670232996344566 0.00119525953195989 0.00412109401077032 0.00214519547298551 0.00105655111547094 0.000924272451084107 0.00242209797725081 0.00170286549255252 0.000483356008771807 0.000353372632525861
-9999 -9999 -9999 -9999 -9999 -9999 -9999 -9999 -9999 0.199994868040085 0.00349162314087152 0.00593444445227614 0.00556482914835218 0.00557033792138331 0.13033007979393 0.0205205992060428 0.0119616592874081 0.118117351830006 0.0172612316906452 0.0230421230196953 0.0552063375711441 0.0241237379662834 0.0139955775885028 0.00735349208116531 0.00405676085501909 0.00443164696916938 0.00517639350146055 0.0027103797532618 0.00285637779161334 0.0042276106774807 0.00754514786743063 0.00623433962479051 0.0243172667920589 0.0037255110219121 0.00315901394933462 0.00821314714848995 0.00620149951428175 0.00830720067024231 0.00406514871865511 0.00391557291150093 0.00109274829592323 0.0016571031883359 0.00105490507557988 0.00114217137452215 0.000404895353130996
-9999 -9999 -9999 -9999 -9999 -9999 -9999 -9999 -9999 -9999 -9999 0.0246012963354588 0.00531202629209886 0.00516651291403616 0.0426124885678291 0.0294442481783157 0.0227005384862423 0.125912767648697 0.0519383579492569 0.0169338173151914 0.0332915171980858 0.0224377252161503 0.0222113996744156 0.0297751784489809 0.0138819608837366 0.0159694530069828 0.0328755562659353 0.0463908597826958 0.00664186123758554 0.00850347131490709 0.0236831687390804 0.0992026954889298 0.0134625818580389 0.0083750132471323 0.00375283896047014 0.00492782706414689 0.00729061327874661 0.00228421504725702 0.00178385030012578 0.00161728702078108 0.00491105485707521 0.00108801207097713 0.000869920714467298 0.000677612598519772 0.00049698397051543
-9999 -9999 -9999 -9999 -9999 -9999 -9999 -9999 -9999 -9999 -9999 -9999 0.0553892567753792 0.00285776667296886 0.00629730932916175 0.013478453457374 0.0791963398456574 0.110269200801849 0.135160928964615 0.169964355230331 0.0925423353910446 0.04792400598526 0.0402955010533333 0.0206828139722347 0.015088028460741 0.0121615000069141 0.0293436154723167 0.0111121609807014 0.0295059129601528 0.0127575911581547 0.0177360549569147 0.0231080830097198 0.0181275483540958 0.00949520990252495 0.0113868605345488 0.00866342596709728 0.0174898087978363 0.00230740522965789 0.00447286682578749 0.017070896923542 0.00421451926231384 0.00493684988468885 0.0107722826302052 0.00223983656615019 0.00336888926103711
-9999 -9999 -9999 -9999 -9999 -9999 -9999 -9999 -9999 -9999 -9999 -9999 -9999 0.199999976158142 0.00722092688083649 0.00609875023365399 0.0153006710112095 0.0452792108058929 0.0878360629081726 0.204540747404098 0.090474346280098 0.0623545870184898 0.164414882659912 0.127213996648788 0.143329733610153 0.0932357132434845 0.0385128155350685 0.0480778485536575 0.0492960259318352 0.0423829466106681 0.0344769969582558 0.0284806162118912 0.0277926608920098 0.0130828365683556 0.00646097548305988 0.00398450754583337 0.0298978477716446 0.0224586974404218 0.0131000619381666 0.00956053882837296 0.00801807269454002 0.00197826156509109 0.0017316565848887 0.0044380160048604 0.00629430860280991
-9999 -9999 -9999 -9999 -9999 -9999 -9999 -9999 -9999 -9999 -9999 -9999 -9999 -9999 -9999 0.0395207211375237 0.0317800343036652 0.0318534523248672 0.0267091743648052 0.0267539322376251 0.0640672594308853 0.117893487215042 0.0916923373937607 0.0363558679819107 0.0444173678759758 0.177158510684967 0.0449450790882111 0.159177875518799 0.141532754898071 0.0462025746703148 0.0412265494465828 0.04693289026618 0.198649370670538 0.0996786892414093 0.0405250489711761 0.0223100937902927 0.0354627788066864 0.00829375684261322 0.00273299505934119 0.0217478364706039 0.0048921711742878 0.00276613500900567 0.00172430211678147 0.0079484473913908 0.00230471426621079
-9999 -9999 -9999 -9999 -9999 -9999 -9999 -9999 -9999 -9999 -9999 -9999 -9999 -9999 -9999 -9999 -9999 0.126126855611801 0.0234144039452076 0.0626543551683426 0.121498385071754 0.0211028195917606 0.0579273611307144 0.017488456517458 0.0239472761750221 0.0272421322763257 0.0031199795147641 0.0587022082295558 0.0315867945551873 0.00964632593095303 0.0536005914213709 0.023774615675211 0.129124092129496 0.0768504619598389 0.074355384707489 0.0346321746706963 0.0322565019130707 0.0117047993848246 0.0109856467694044 0.00460852719843388 0.00733623690903187 0.00421447455883026 0.0174393527209759 0.0244014225900173 0.00415375847369432
-9999 -9999 -9999 -9999 -9999 -9999 -9999 -9999 -9999 -9999 -9999 -9999 -9999 -9999 -9999 -9999 -9999 -9999 -9999 -9999 0.0720419138669968 0.0220616035163403 0.0292241435783524 0.112318182736635 0.0247278407216072 0.00966342911124229 0.0436772763729095 0.0522807076573372 0.0928422868251801 0.0932644814252853 0.0130874015390873 0.00325319031253457 0.00416177194565535 0.0307265043258667 0.063649332600302 0.0744429856538773 0.0654339402914047 0.0713296741247177 0.0334055885672569 0.00361793572194118 0.0149698354303837 0.00486508160854355 0.0249164186418056 0.0211399115622044 0.00224338443949819
-9999 -9999 -9999 -9999 -9999 -9999 -9999 -9999 -9999 -9999 -9999 -9999 -9999 -9999 -9999 -9999 -9999 -9999 -9999 -9999 -9999 0.246275961399091 0.00319035115818274 0.00802136270085345 0.0261457435901862 0.0800102025270462 0.0237921699881554 0.101105961203575 0.152492555975914 0.0242647498846054 0.030682584643364 0.0425252795219421 0.0924550205469132 0.0315656632347124 0.036118267476562 0.00414463400375098 0.0231126695871732 0.0512554451823235 0.0730321198701858 0.109857279062271 0.0663769960403442 0.0391907781362534 0.0301511168479919 0.0320150598883629 0.0244420126080513
-9999 -9999 -9999 -9999 -9999 -9999 -9999 -9999 -9999 -9999 -9999 -9999 -9999 -9999 -9999 -9999 -9999 -9999 -9999 -9999 -9999 -9999 -9999 0.290104578555783 0.0654549179133028 0.00870659387198884 0.0300590195494124 0.0445203989744186 0.0843827128410339 0.178023135662079 0.174850642681122 0.0811103999614716 0.116606760025024 0.161933892965317 0.15245788693428 0.15532301068306 0.0938976436853409 0.0255688652396202 0.0488256767392159 0.0206395775079727 0.0130145078524947 0.00380944618955414 0.138060826063156 0.0231683127582073 0.0255937896668911
-9999 -9999 -9999 -9999 -9999 -9999 -9999 -9999 -9999 -9999 -9999 -9999 -9999 -9999 -9999 -9999 -9999 -9999 -9999 -9999 -9999 -9999 -9999 -9999 0.00237250160479326 0.00616394449025393 0.013551689311862 0.0699705511710504 0.00933849016508645 0.0285875022525057 0.0710743546485901 0.0198017731343671 0.0165858723223238 0.0491338968276978 0.0257989996825927 0.06354382932195 0.0802741944789886 0.0319975405931476 0.00568537377364784 0.0360787272453308 0.0359323531389787 0.0203271964564919 0.0352813691330994 0.00173782142883283 0.0806067973375321
-9999 -9999 -9999 -9999 -9999 -9999 -9999 -9999 -9999 -9999 -9999 -9999 -9999 -9999 -9999 -9999 -9999 -9999 -9999 -9999 -9999 -9999 -9999 -9999 0.216627061614309 0.00373673159629107 0.0117710418999195 0.00433448921397286 0.00412159767050156 0.00608689710497857 0.0112455282360315 0.00600718054920448 0.0270038448274136 0.0916414141654968 0.0366747141053907 0.0230941504240036 0.0863143265247345 0.0807698637247086 0.0279872208833694 0.0487286299467087 0.0496543809771538 0.0210358284877156 0.0520624607801437 0.0170907244086266 0.0617183804512024
-9999 -9999 -9999 -9999 -9999 -9999 -9999 -9999 -9999 -9999 -9999 -9999 -9999 -9999 -9999 -9999 -9999 -9999 -9999 -9999 -9999 -9999 -9999 -9999 -9999 0.000436980195809156 0.0028154999949038 0.00452882293611765 0.00566704012453556 0.00810888670384884 0.0125967301428318 0.0106152709573507 0.00428844988346104 0.00472370963543653 0.0217979185283184 0.0773731917142868 0.0161472886800768 0.0212760984897623 0.0211848452687264 0.0269757793855348 0.0129386514425278 0.0202181808650494 0.021481953561306 0.0197930589318275 0.0213932111859322
-9999 -9999 -9999 -9999 -9999 -9999 -9999 -9999 -9999 -9999 -9999 -9999 -9999 -9999 -9999 -9999 -9999 -9999 -9999 -9999 -9999 -9999 -9999 -9999 -9999 0.0304347589612008 0.000725349504500627 0.00270710559561849 0.00321336321325134 0.00382863718940385 0.00618231117114192 0.109267717972398 0.00470499880611897 0.100738382688724 0.00633143447339535 0.0197197668254375 0.0248697079718113 0.0203419923782349 0.0486866295337677 0.040186832845211 0.0255109198187711 0.0270692653954029 0.0175657457821387 0.0140009894967079 0.0105376280844212
-9999 -9999 -9999 -9999 -9999 -9999 -9999 -9999 -9999 -9999 -9999 -9999 -9999 -9999 -9999 -9999 -9999 -9999 -9999 -9999 -9999 -9999 -9999 -9999 -9999 -9999 0.00161622534506023 0.00310285314917564 0.0528760448098183 0.0447870865464211 0.124528133869171 0.11662369966507 0.0476326480605382 0.0527937561273575 0.0275899484823607 0.0585536181926727 0.058897539973259 0.0255634762346745 0.0416303142905235 0.0148464336991311 0.00514032002538546 0.0102108716964722 0.0310446366667748 0.00507053378969434 0.00389005094766629
-9999 -9999 -9999 -9999 -9999 -9999 -9999 -9999 -9999 -9999 -9999 -9999 -9999 -9999 -9999 -9999 -9999 -9999 -9999 -9999 -9999 -9999 -9999 -9999 -9999 0.196207290887833 0.00613586772233248 0.0286098517477512 0.13092822432518 0.102186721563339 0.131059437990189 0.0696070283651352 0.0737017661333084 0.0794005185365677 0.0533485949039459 0.0785868167877197 0.0583628475666046 0.0486369147896767 0.0780849874019623 0.0894319295883179 0.0246561996638775 0.0213756188750267 0.0264413766562939 0.0051906431093812 0.120745107531548
-9999 -9999 -9999 -9999 -9999 -9999 -9999 -9999 -9999 -9999 -9999 -9999 -9999 -9999 -9999 -9999 -9999 -9999 -9999 -9999 -9999 -9999 -9999 -9999 0.199998885393143 0.0115336630493402 0.0228966519236565 0.06014484167099 0.0866256326436996 0.0952726542949676 0.166603708267212 0.0704921841621399 0.0849275857210159 0.00985323041677475 0.0549009501934051 0.0414664700627327 0.0162672888487577 0.0290485814213753 0.0592916995286942 0.0455982686951757 0.00849523134529591 0.00709137879312038 0.00741029307246847 0.00717046766076237 0.00150166773237288
-9999 -9999 -9999 -9999 -9999 -9999 -9999 -9999 -9999 -9999 -9999 -9999 -9999 -9999 -9999 -9999 -9999 -9999 -9999 -9999 -9999 -9999 -9999 -9999 0.0103730369359255 0.0367962226271629 0.0855675548315048 0.241767644882202 0.167708092927933 0.127315145730972 0.050848363339901 0.0294041797519246 0.0282336622477623 0.0522868143307278 0.05329734608531 0.00722139552235603 0.0235882982611656 0.0223857522010803 0.023659884929657 0.045616027712822 0.0143996596336365 0.00457195602357388 0.00500923171639442 0.00498501937836409 0.00212670383043587
