Scripts_&_data/Maxent_result_files_1/Bombus_brodmannicus_2.asc
NCOLS 594 
NROWS 330 
XLLCORNER -15 
YLLCORNER 23 
CELLSIZE 0.166666666666667 
NODATA_value -9999 
[rows 260 to 279 of 330, columns 405 to 449 of 594]
3.47778472686855e-12 9.36678512530875e-12 3.33967298260518e-12 7.29649674013899e-13 6.88327173037351e-13 6.09801098505614e-13 1.00630614952024e-12 4.39237535232451e-13 4.76596540011087e-13 4.13835632429027e-13 3.59234864077962e-13 4.25426360806114e-13 4.16455758767142e-13 2.9268809598193e-13 2.61490828989963e-13 2.35778063739644e-13 2.68918221024705e-13 2.34490205031079e-13 2.04647410129155e-13 1.7439383270812e-13 1.50734980053358e-13 1.47226675295542e-13 1.36290978502984e-13 1.33959510151271e-13 1.27220456391797e-13 1.53699275529107e-13 2.60524934958539e-13 2.42461606347888e-13 1.27675647831893e-14 4.92828000631107e-13 3.51252360530907e-13 4.95592455962424e-13 6.21724893790088e-15 1.37334588146132e-14 5.31241717283137e-14 1.71973546514437e-14 8.77076189453874e-15 7.43849426498855e-15 8.72635297355373e-15 3.2277958084137e-12 2.36766162231561e-13 4.00235400377369e-14 3.92552657046963e-12 2.23376872554581e-14 3.56348284213936e-13
2.29074537116958e-12 2.25985896662451e-12 1.22212240327713e-12 4.58832971617085e-13 3.26438875930535e-13 3.69160257918111e-13 3.51785267582727e-13 3.14714920790493e-13 3.64730468049856e-13 3.13782333449808e-13 2.83073564588676e-13 2.58670862507415e-13 2.82007750485036e-13 2.57460719410574e-13 2.29383179117804e-13 2.29960495090609e-13 2.00639505010258e-13 1.70830016799073e-13 1.5066836667188e-13 1.25910393222739e-13 1.03717034960482e-13 1.03261843520386e-13 1.135869176494e-13 1.10023101740353e-13 1.15241149956091e-13 1.74815717457477e-13 2.93054469580056e-13 1.09798836689379e-12 4.53150073020936e-11 3.91087162654458e-13 3.91386922871106e-13 1.63702384980979e-13 1.52655665885959e-14 4.35177449631397e-12 6.877387548343e-12 1.9382273563906e-13 5.1281201507436e-14 3.81250586656279e-13 2.54685161849011e-14 1.28674848554056e-14 1.14130926931466e-14 7.80486786311485e-15 2.62345700718925e-14 2.08610906327067e-14 1.40554234917545e-14
8.79629702410512e-13 5.56621415626069e-13 4.94992935529126e-13 2.83628676100989e-13 1.88271620515934e-13 2.81363821130753e-13 2.99427149741405e-13 2.66164867923635e-13 2.38853381517856e-13 2.49700260468444e-13 3.38806760424859e-13 4.02300415203172e-13 3.05366842923149e-13 2.36777264461807e-13 2.31759056390501e-13 2.49755771619675e-13 1.83741910575463e-13 1.27731158983124e-13 1.00008890058234e-13 7.58948459633757e-14 7.84705633805061e-14 8.64086580065759e-14 1.1589618154062e-13 1.98452365651747e-13 3.81272791116771e-13 1.86672899360474e-13 3.87767595810828e-13 1.05394581950691e-12 4.69735361718904e-14 3.05200309469456e-13 2.92388335765281e-13 4.36606306664089e-13 1.05743191980423e-12 3.19533288717366e-13 3.16360271312988e-12 2.01166339142134e-10 1.50424117606462e-13 4.65849581132716e-14 6.46704911844154e-14 1.37545530520811e-13 1.45772283133283e-14 8.49320613838245e-15 2.52353693497298e-14 1.27153843010319e-13 4.77395900588817e-15
3.94420052174382e-12 1.37245770304162e-12 4.94504437398291e-13 2.3117063818745e-13 1.66155977865401e-13 1.82265313952712e-13 1.99651406518342e-13 1.99418259683171e-13 2.1120882820469e-13 3.10051984087067e-13 4.54192239374152e-13 2.07328598733625e-12 5.84521320234899e-13 3.72146757854352e-13 6.57818244320652e-13 4.59843274569494e-13 1.91568982899071e-13 6.47482067961391e-14 6.36157793110215e-14 5.91082738310433e-14 6.79789557977983e-14 7.61835039497782e-14 1.53344004161227e-13 5.12689890541651e-13 6.73968658659874e-12 1.69452230025513e-12 5.23254772843984e-12 1.01474384450739e-14 5.12156983489831e-13 3.01270119962282e-13 2.7503554989039e-13 5.13833420257015e-13 1.20871090913965e-12 3.06976666308856e-14 1.42597045282855e-13 6.12323525217562e-12 5.55053669692995e-11 4.06997768820361e-12 1.20152776617033e-12 4.86177764713602e-13 1.38222766565832e-13 3.7070346792234e-14 2.04836148043341e-14 1.84185999785313e-14 6.12843109593086e-15
8.85699291686137e-12 1.05529140981275e-11 7.22720772117214e-12 5.50175460745095e-12 2.12951878353351e-13 1.4130918657429e-13 1.8025581027814e-13 1.72795111552659e-13 2.27740049041358e-13 5.80102632596891e-13 3.91039423064399e-12 8.03398680915279e-11 7.56093132547875e-10 1.1545209233077e-13 5.91231508195733e-12 8.13948908273687e-13 1.37334588146132e-13 6.50590692430342e-14 4.95936625100057e-14 4.17998968771371e-14 5.25468557555087e-14 7.26751991919627e-14 1.02562403014872e-13 5.03463937207016e-13 1.44051437445114e-13 1.32662769658509e-12 1.42661438218283e-12 8.40993941153556e-13 6.29940544172314e-14 2.63879473827444e-11 3.05400149613888e-13 5.58941781747535e-13 1.51608725573738e-12 3.86576326505406e-12 7.48023865071446e-13 1.39700473411608e-12 1.30733202041711e-11 4.90752327664268e-11 6.52339182671824e-11 6.53876952583232e-13 1.03409503182661e-12 3.15480974677484e-13 4.57855975355415e-14 4.22661905474797e-14 7.32747196252603e-15
3.74911213185669e-13 6.67987887226218e-13 4.19545509444674e-12 2.87702084378338e-12 1.1210588013455e-12 1.26818555656882e-12 2.55473420196495e-13 1.96453964207421e-13 1.88538074041844e-13 2.56095145090285e-13 6.68820554494687e-13 2.77841083473618e-12 7.98783261757308e-12 6.13132877802514e-12 2.49220644121806e-12 9.11171138540112e-13 2.08755235320268e-13 6.18838313926062e-14 3.69149155687865e-14 3.93574062229618e-14 5.30797628073287e-14 8.47877323906232e-14 1.78379533366524e-13 4.352407323438e-13 1.58184576548592e-13 3.13105097404787e-13 3.05533376376843e-13 2.56594745451366e-13 1.34162680964778e-12 1.17563625501305e-11 4.55246951247545e-13 7.14506231958012e-13 1.26755272944479e-12 3.01908498201442e-12 3.9550918096154e-12 3.12749826036907e-13 9.39803790345195e-13 6.05001604370159e-12 2.58515431283968e-11 1.172884012135e-12 2.30576668869276e-12 6.14241990604114e-13 1.24000809620384e-13 6.56397158849131e-13 1.19978027512957e-11
1.97741822915987e-13 2.77500245005058e-13 2.33935093518767e-13 3.19289039651949e-13 7.45636885568501e-13 2.88113977120474e-12 7.98194843554256e-13 3.69038133385402e-13 2.37909691946925e-13 2.0943247136529e-13 3.98736599294125e-13 5.84365889011451e-13 1.40083500355104e-12 2.5892399335703e-12 1.20127241487467e-12 2.83839618475668e-13 1.13797860024079e-13 5.80757664181419e-14 3.21631610233908e-14 3.71036534829727e-14 6.73794353645007e-14 1.3532508447156e-13 1.51668677617067e-12 2.38475905689484e-14 1.77524661637563e-13 4.52304860232289e-14 2.85327317328665e-15 4.17443857259059e-15 6.54777343456203e-12 9.92428361712427e-14 1.59450230796665e-12 1.93507432300066e-12 1.93113303126324e-12 2.56351606608973e-12 5.33463273555412e-12 3.77807785056916e-12 5.27577981301874e-14 1.00774943945225e-13 4.65194549548187e-13 5.23685539377539e-12 3.15673043260745e-12 3.91651155950967e-12 1.68073333028929e-12 2.55773180413144e-13 9.6845864661077e-13
6.13264994342444e-13 3.03135294643653e-13 2.23987495218125e-13 2.01860750337346e-13 4.00435240521801e-13 5.12792031059917e-12 1.31965105509835e-11 1.97930560830173e-12 9.2086338554509e-13 1.33526523171668e-13 8.11239964093602e-14 5.08282305133889e-12 4.13773015850438e-11 1.80868653387734e-12 7.05403402356808e-11 1.3044010316321e-13 2.72448730243013e-14 2.13384865332955e-14 3.07087688611318e-14 5.05262498506909e-14 8.80406858527749e-14 2.94264612676898e-13 2.85553802825689e-12 3.11195513802431e-13 2.25608420834078e-13 6.44151398887516e-14 1.11566311744582e-13 6.00430816177777e-13 2.64429478313843e-11 4.37772040839945e-13 4.55083748462926e-12 1.91192617293723e-12 1.39999123405232e-14 3.35608207890914e-12 4.2552628087833e-12 1.2087220113699e-12 6.34712282732153e-12 5.07156538986919e-12 9.52682377430847e-14 4.20741219642196e-13 8.35670421750478e-12 7.88490384096008e-12 2.10878203787956e-11 5.78834757902769e-12 2.78458034408402e-11
1.44684224601122e-09 2.58483005000087e-09 1.06520459119963e-11 1.27043930930881e-12 4.61053417666335e-13 7.24431625798161e-13 1.55068180518469e-12 3.95470323155678e-12 2.45667930443005e-12 7.55284723652494e-13 3.37241345960138e-13 1.06814557199186e-13 4.44311254454988e-14 1.41631151251431e-13 1.18682841332429e-12 3.26372262549057e-13 4.32764934998886e-14 4.13336032067946e-14 6.16395823271887e-14 5.74540415243519e-14 8.68305427559335e-14 3.93529653308633e-13 4.85678164352521e-13 3.41082717625341e-13 2.08189021577709e-13 4.22661905474797e-14 2.06834549487667e-14 4.01567668006919e-14 4.52304860232289e-14 3.60012020195199e-13 3.37729844090973e-14 6.82565115539546e-13 1.04524167099385e-12 1.11979314709743e-12 4.0867309536452e-14 7.48956452412131e-14 1.10811360087837e-13 8.40105762733856e-14 1.11521902823597e-13 2.57749377396976e-13 2.17091900012179e-12 1.41557321420294e-11 6.4556726631082e-11 3.06674130534645e-11 3.94975940842812e-11
3.81374598568129e-10 9.05067187861874e-10 5.64401192448827e-11 8.90836293621078e-12 9.25926002537381e-13 1.40799594205987e-12 2.30793162359078e-13 4.56279458660447e-13 1.80836456920019e-12 8.37330205172293e-13 3.8450354011843e-13 5.1547655033346e-14 2.81441536742477e-14 7.41740002752067e-14 6.1185501110117e-13 8.11817280066407e-13 2.4239499296641e-13 3.31923377672183e-13 4.23239221447602e-13 8.29780688604842e-14 7.27196081129478e-14 1.36446409726432e-13 3.1774582964772e-13 1.33661970380672e-12 1.08607567383956e-12 9.47353306912646e-14 2.70450328798688e-14 1.79523063081888e-14 5.27022869789562e-14 7.317957351205e-12 6.71407374142063e-13 2.30615526675137e-13 2.4535928844216e-13 2.8173019472888e-13 1.00944808067993e-12 1.63818958398565e-12 8.3189011235163e-14 8.28848101264157e-13 7.11497527561278e-13 6.15785200608343e-13 4.90978369072081e-12 1.46452405758168e-11 2.23466245508064e-11 5.1572857096005e-12 2.80409029329576e-12
1.34445782840054e-08 2.80380844319694e-08 6.86767087643148e-11 4.26449431323306e-11 1.93093319111881e-12 5.89384097082757e-13 1.70030656221343e-13 6.61470878071668e-14 1.30500055206539e-12 3.23963078585621e-13 7.979172877981e-14 2.98983060531555e-14 1.791899961745e-14 3.09530179265494e-14 1.90003568434349e-13 1.71085368094737e-13 9.2423846353995e-13 4.26628732341783e-12 1.95368277111641e-11 3.40838468559923e-13 6.78124223441046e-14 1.14985798660427e-13 6.94033719383924e-13 4.76778616587126e-12 4.9672932433964e-12 2.05524486318609e-13 5.09481346000484e-14 3.84803300335079e-14 2.66786592817425e-14 1.26643140418992e-13 2.91988655476416e-13 9.0383256434734e-14 1.12110321026648e-13 1.25488508473381e-13 1.8446355554147e-13 1.02483577180124e-12 9.41413613730901e-13 1.9728663147589e-13 1.05950803686028e-12 1.43196565716153e-13 8.35831404089049e-13 6.26454443874991e-13 1.81282322486709e-11 4.70824157439154e-11 2.8294255827177e-12
2.82042222909951e-10 9.17475428963144e-09 1.45613587854143e-10 3.72701869366665e-11 3.84848819479089e-12 5.19162490775216e-13 1.46616052631998e-13 4.0956127378422e-14 2.52875498318872e-13 1.44850798022844e-13 2.16215934045749e-13 1.06370467989336e-13 1.35380595622792e-13 2.4757973449141e-14 1.65312208366686e-14 3.67705865755852e-14 2.22755147660791e-13 5.1227910802254e-13 1.62372337797478e-12 3.99813515628011e-13 1.51811896387244e-13 2.23265850252119e-13 1.00173203065879e-12 1.24831256442803e-12 1.35307320903166e-12 4.37072600334432e-13 1.02695629777827e-13 6.15285600247262e-14 4.7972736894053e-14 2.92543766988729e-14 3.96682686698568e-14 4.466427228067e-14 7.99027510822725e-14 8.21231971315228e-14 1.27442500996722e-13 2.34046115821229e-13 3.50974804774751e-13 2.07580619360215e-12 7.43659578361644e-12 1.85481630055051e-12 3.88579279864132e-11 6.02664584903323e-12 4.82117679112548e-12 1.98055238875838e-11 2.83524759225884e-11
8.15639777940191e-12 3.24855142785907e-11 1.63506208572528e-10 1.07314357400412e-10 3.95398158659077e-12 7.25064452922197e-13 2.86393131432305e-13 1.42597045282855e-13 8.38218383591993e-14 9.61453139325386e-14 3.03002067880698e-13 2.43098874364023e-12 5.75296921212498e-11 2.51964005215655e-12 4.75508521446955e-14 2.87025958556342e-13 7.75712827305597e-13 6.70463684571132e-13 8.74711414411422e-13 3.67539332302158e-13 9.11271058612328e-14 1.10278453036017e-13 7.03992419914812e-13 5.8182347828506e-13 9.62296908824101e-13 5.13677989033567e-13 1.3337109194822e-13 1.21325172131037e-13 8.37818703303128e-13 4.40913971999635e-13 5.54334356195341e-14 3.5260683262095e-14 8.15791878494565e-14 8.30002733209767e-14 1.2356782264078e-13 3.00814928522186e-13 3.11906056538191e-13 6.36590780089818e-13 2.06503703026328e-12 5.07387465376041e-12 2.28831398274565e-12 4.74646988379845e-12 5.01766406202364e-12 2.90464319263606e-12 3.21201953923378e-12
4.10439393583317e-10 4.75568917579494e-11 8.93112250821559e-12 1.96852312228657e-11 5.70147262735077e-12 5.66375835120425e-12 2.2831403434509e-12 4.25837143325225e-13 9.98490179426881e-13 1.41157641131429e-11 3.00315328161105e-14 4.62629934361303e-13 6.71079780634187e-10 9.54932799501762e-12 2.07833750209829e-13 2.37159181182278e-12 5.50881562588756e-13 2.15638618072944e-13 7.04314384591953e-13 3.12083692222132e-13 7.67053087713521e-14 6.46926956449079e-14 1.97186711403674e-13 2.91944246555431e-13 1.60882418498431e-13 4.01123578797069e-13 1.22735155372311e-13 1.20214949106412e-13 1.13090647957392e-12 9.23748855186091e-12 1.51478829479856e-13 3.03312930327593e-14 4.88054041625219e-14 3.85580456452317e-14 5.65658631046517e-14 2.04014583005119e-13 6.50879350416744e-13 1.71201941512322e-12 7.95720156432367e-12 2.14476325588464e-11 3.07475156446912e-12 1.70662373122354e-11 1.45703449305756e-12 1.28069777005635e-12 8.83060291556603e-13
1.82836834561328e-10 4.67285099503556e-12 4.18968193471869e-12 1.21730403535025e-11 3.15686587981645e-11 3.33943983577001e-13 7.79041275933423e-12 1.24400489909249e-13 1.97459826267732e-12 1.30269461884325e-11 2.32791563803403e-12 1.47547307705054e-11 1.82559833916685e-10 1.39808165044997e-11 5.75428593663219e-14 2.73225886360251e-14 1.30362387551486e-13 6.87661039222576e-12 1.00436770011925e-11 4.84972062508859e-12 2.79298806304951e-13 1.9799717421165e-13 1.87350135405495e-13 1.86262116841363e-13 3.78930220534812e-13 1.19091403405491e-12 1.54010137976002e-13 5.83200154835595e-14 1.17383880393618e-13 1.59450230796665e-13 2.15716333684668e-14 9.99200722162641e-15 1.93622895494627e-14 2.17048601314218e-14 3.05866443284231e-14 4.38982183936787e-14 9.5989882709091e-14 2.66242583535359e-13 4.20252721511361e-13 1.60856883368865e-12 7.51386730613035e-12 3.49387851983352e-10 5.58306811893061e-10 3.71835895407457e-13 3.5633718198369e-13
4.65975025232268e-10 8.05655542279737e-12 1.14203868584184e-11 1.28413168987151e-11 2.10348261031612e-10 2.96098290331059e-10 2.8685138708795e-10 9.57889323416339e-13 1.83925097374527e-12 1.39638300922229e-12 1.55883639330057e-11 4.05452338370083e-12 3.08330361242781e-11 4.0324125150093e-10 8.32478530554681e-13 1.47104550762833e-14 9.09050612563078e-14 6.78870293313594e-12 2.81527579026886e-11 2.27802998686855e-11 3.21576099082677e-12 6.19078122099381e-12 5.79059022953743e-13 4.09416944791019e-13 4.09050571192893e-13 3.22597504265332e-13 1.50313095304e-13 3.89799303945892e-14 3.84248188822767e-14 5.44675415881102e-14 7.70494779089859e-15 7.11652958784725e-15 9.42579347906758e-15 1.51434420558871e-14 1.27897692436818e-14 1.96731519963578e-14 4.50861570300276e-14 1.07325259790514e-13 4.32165414565588e-13 1.14047660204619e-12 1.65920055472668e-11 1.38237388203066e-10 2.27061569546549e-10 1.61312629920474e-11 6.42874642409197e-13
2.02608929633641e-11 8.37787617058439e-12 4.28344026914829e-12 1.19246723606636e-11 8.4307028025421e-11 8.28241453199041e-10 9.21597242964367e-12 7.08760827805577e-12 1.00919272938427e-13 5.99797989053741e-13 1.49857903863904e-13 1.20137233494688e-13 2.40216735392096e-12 1.82225901035338e-11 3.5509373219611e-12 2.18380868943768e-14 4.20552481728009e-14 4.38649117029399e-13 3.34469119067649e-12 3.02136204943793e-11 6.95543622697414e-13 1.43929312912405e-13 1.6498735710968e-11 1.65748526015363e-12 2.15938378289593e-13 1.0680345496894e-13 2.31814567541733e-14 2.36477504245158e-14 1.46216372343133e-14 6.10622663543836e-15 4.74065231514942e-15 1.01252339845814e-14 7.7715611723761e-15 6.28386231937839e-15 9.31477117660506e-15 1.25677246387568e-14 2.18602913548693e-14 7.48401340899818e-14 2.19424478586916e-13 1.42161837857202e-12 5.30647747964963e-12 1.05796482685605e-11 2.8226354586991e-11 1.7139930585941e-10 1.26346044737602e-11
9.40556521555891e-12 2.01779926101153e-11 1.91679450090021e-11 9.61359880591317e-12 1.55394141998499e-11 9.04695207637474e-11 4.70585792555767e-12 1.53023871352076e-10 1.76816894459364e-11 9.80739933709174e-12 3.57972540498963e-12 5.14477349611298e-14 6.41053876648812e-12 8.68328742242852e-12 1.45613521240762e-12 5.47895062652515e-14 2.48134846003722e-14 1.19304566226219e-13 6.25129947806613e-12 6.17861317664392e-13 2.27791008278189e-10 2.87989632141716e-12 2.75623968093441e-13 3.49720252756924e-14 8.05422395444566e-13 7.45070671825943e-14 2.96429547574917e-14 1.16795462190566e-14 4.20774526332934e-15 2.54241072639161e-15 4.5852210917019e-15 1.04471986617227e-14 5.19584375524573e-15 3.13082892944294e-15 4.9737991503207e-15 5.22915044598449e-15 1.11910480882216e-14 3.95905530581331e-14 2.15860662677869e-13 6.21169782277775e-13 2.20975460152317e-12 2.34050556713328e-12 1.81806791843542e-12 1.10510267603559e-11 2.07052242018335e-10
3.3564141466158e-10 2.52711074288925e-11 6.68517907698174e-11 1.86805126922707e-11 5.22016874171527e-12 8.45196135301762e-12 3.08089442846438e-11 1.49748768940583e-11 1.26352606155677e-10 9.1249794720305e-09 1.11231643895593e-09 1.3976186874487e-11 1.27437282948506e-11 1.94328220182172e-11 3.25577897974938e-11 2.39221975562032e-12 4.12003764438396e-14 6.62803145701218e-15 1.48931977861366e-12 4.94071450418687e-13 1.02718944461344e-12 4.42704761738355e-12 2.63323696181317e-11 1.36812783324558e-13 1.97619698383278e-14 1.0635936575909e-14 2.87325718772991e-14 2.29021246411776e-12 5.36237720893951e-15 1.67643676718399e-15 7.46069872548105e-15 5.80646641878957e-15 3.44169137633799e-15 2.36477504245158e-15 2.4535928844216e-15 3.09752223870419e-15 5.26245713672324e-15 1.55320201145059e-14 5.74096326033668e-14 1.26043619985694e-13 4.59324800416994e-12 2.59637977784166e-11 2.91300317201149e-13 2.06923367329637e-13 1.27080568290694e-12
1.25888455215772e-10 2.48545184433624e-11 6.94720503346957e-11 7.31929072905757e-11 1.97244776067862e-11 1.1985190617736e-12 9.12593334234657e-12 2.29093854997586e-11 4.59706828159767e-11 4.89439599959951e-12 1.35050526317571e-11 1.62541757831036e-11 4.0836289905144e-11 6.97856439302313e-11 4.31623781160795e-10 1.47158618624132e-11 7.47601980322088e-13 1.73372427525464e-13 7.72693020678616e-13 2.59436916394407e-13 6.42541575501809e-13 4.14190903796907e-13 1.02655439704336e-11 1.98348004687432e-12 1.51745283005766e-13 1.73971947958762e-13 1.64224189802553e-13 8.32667268468867e-16 1.3988810110277e-15 8.43769498715119e-16 1.93178806284777e-15 3.11972669919669e-15 2.64233079860787e-15 1.70974345792274e-15 1.70974345792274e-15 1.89848137210902e-15 2.77555756156289e-15 6.01740879346835e-15 3.16524584320632e-14 2.70672373403613e-14 3.5349501104065e-14 1.45561340758604e-13 1.64068758579106e-13 4.05231403988182e-15 2.69884115056129e-13
