Scripts_&_data/Maxent_result_files_1/Bombus_barbutellus_2.asc
NCOLS 594 
NROWS 330 
XLLCORNER -15 
YLLCORNER 23 
CELLSIZE 0.166666666666667 
NODATA_value -9999 
[rows 280 to 299 of 330, columns 506 to 551 of 594]
4.88525296733044e-05 0.000118628685749655 0.000769326149020344 0.000717138830805197 0.000272522232262418 5.50122664719765e-06 4.53020167796581e-06 8.94813136653738e-06 5.56863659614271e-06 9.21725520868222e-06 7.2111611792991e-06 8.79871582810665e-06 2.01520127767196e-06 7.00225120109366e-07 7.58780473653076e-07 8.66999172366434e-07 1.27203975480938e-05 5.013905058604e-05 3.04656937942127e-05 2.29631894058002e-05 4.36762954905134e-05 4.80303920539882e-05 5.19265112416178e-05 5.91787507346453e-05 8.35002996609546e-05 8.5564276741934e-05 7.23359464245732e-05 0.000120515265302856 0.000151491116093894 0.000242187679396011 0.000224561057984829 0.000195234222519503 0.00022294850932667 0.000472366046597017 0.000562857405020623 0.000257351738036959 0.000251557095180033 0.00152559563575778 0.000490865502797533 0.000366244428005302 0.000279037317159236 0.000374092254787683 0.000375190177510376 0.000877049288828857 0.00435919956071302 0.0123636598233134
7.81977528575339e-05 0.000292477331822738 0.000694243393081706 0.000125022483007342 0.000126164778885141 6.30345765841866e-06 5.70197197191646e-06 7.32438180648387e-06 4.82635880347804e-06 6.96795357872926e-06 6.79390348068409e-06 8.39668427587981e-06 1.79492063452358e-06 6.32489867591346e-07 7.28172716879527e-07 7.36412675124143e-06 1.49240099176495e-05 2.99275204667992e-05 1.85841225629702e-05 2.58923772321396e-05 6.08983390520734e-05 8.55815168506524e-05 5.30688688741066e-05 5.50623464278033e-05 4.83614302993374e-05 5.36163584911264e-05 8.33850751405407e-05 0.000163482607786136 8.15092040284071e-05 9.43421523970755e-05 0.000441045401385054 0.000225609578046715 0.000196559817595698 0.000183934380584105 0.000451346569025191 0.000257168125244789 0.000345596672559623 0.000283119690357125 0.00036174873202981 0.000295571812239359 0.000384820783438045 0.000352276750345482 0.000399612463297672 0.000310319103300571 0.00130699012661353 0.0124945058021694
0.000108205355078184 0.00059222703857813 0.000583741807349725 0.000135339502412535 0.000238400154194096 3.1341413125574e-05 2.47349749713521e-06 6.83684059694656e-06 4.96287731011069e-06 1.34038623632149e-05 6.22703223740473e-06 6.6997101292543e-06 4.64741811860847e-06 6.5345473876377e-07 3.20257504036192e-06 1.11777730012363e-05 1.71182291595073e-05 1.38377624722352e-05 2.90561655447164e-05 1.92042336152554e-05 2.87109223336302e-05 3.59642332341537e-05 3.81066577574529e-05 4.25639301738556e-05 9.62349779456417e-05 7.25362191587919e-05 4.57471494655692e-05 7.16425229711604e-05 8.69295846314344e-05 0.000104396452437039 0.000104528435076645 0.000634917763818521 0.000178576118014462 0.000244905545696383 0.00029580215777969 0.000319274244975531 0.000260543885815423 0.000285535432703909 0.00179204964370001 0.00744003024883568 0.000281252338754712 0.000284267494134838 0.000282805868118885 0.000530358039395651 0.000597297885542503 0.00380393237574026
5.50447769908757e-05 0.000156403561959451 0.000237172832203214 6.2018824974075e-05 0.000399149793520337 2.49887013069383e-05 2.92881643346732e-06 7.01201918786865e-06 3.77229620255326e-06 3.84338784145122e-06 4.96688618589758e-06 5.4856938149328e-06 5.46693178016255e-06 1.67831966084719e-06 8.09253364764118e-06 1.21122358450521e-05 1.0651375320947e-05 1.50574260317171e-05 1.99382695541317e-05 3.60687636657531e-05 2.66895163122172e-05 3.18950972314269e-05 0.00015274155048246 3.24848631294117e-05 0.000123153715412627 4.72633136041622e-05 6.34317578033006e-05 5.14784433562454e-05 5.74773158859898e-05 7.24785327292921e-05 0.000107797283635591 0.000142731481901137 0.000300291580788326 0.000175898708948807 0.000296982277723146 0.000339344507301576 0.000419565409174538 0.00027980352533632 0.000354847994094598 0.000282874448021175 0.000284784413815942 0.000641640553658362 0.000347120819424163 0.000383455110932118 0.0121488475240767 0.00145559936063364
7.25373743989621e-05 5.00471657232993e-05 4.07483531489561e-05 0.00010069626796394 7.4271839184803e-05 6.52856930969392e-06 3.38273559989943e-06 6.81451553532497e-06 3.0148807288688e-06 3.23276780019865e-06 5.45171780466092e-06 6.06353728578313e-06 4.56779899593585e-06 6.31318537571701e-06 1.24555127136716e-05 1.00981946104639e-05 1.43877999818187e-05 1.32215943466463e-05 1.56871378806045e-05 2.00781292136298e-05 4.6549173805488e-05 2.45675188637051e-05 4.44597150476511e-05 2.16085453359938e-05 2.56652247344391e-05 3.37931636067879e-05 5.02697164165511e-05 5.61107029852792e-05 4.85851402117987e-05 9.04076096048811e-05 7.69710786471478e-05 9.6356677931908e-05 0.000235674592840951 0.00016785092993814 0.00018685883442231 0.000204447419855569 0.000236250184025266 0.000321949199496885 0.000279072536432068 0.00061218558694236 0.000286697690899018 0.000284000617830316 0.000395973167542252 0.000269378943266929 0.000333433971172781 0.000245613101287745
4.60587086308806e-05 5.19023003562324e-05 6.49779490231595e-05 0.000234652384278888 9.78107676019135e-05 1.14927652020924e-05 3.20755013163421e-06 5.7976860297515e-06 2.72404810007787e-06 6.77084748589296e-06 7.01189365912569e-06 4.8410384195563e-06 4.60506164650099e-06 9.08353828137365e-06 9.8251414101469e-06 1.24030114974971e-05 1.06210333918e-05 1.18919434285658e-05 2.56443672498108e-05 1.58466176173988e-05 1.47260760485324e-05 1.57930134832895e-05 1.74482082542227e-05 2.2344863731405e-05 5.07873949914028e-05 2.80801414419329e-05 4.40952385133642e-05 3.83292572905702e-05 7.29328423858533e-05 5.90937643210054e-05 9.70517939094862e-05 0.000147389831181499 9.62119284395158e-05 0.000127744179553702 0.000113472631892364 0.000184972738861688 0.000214621505983814 0.000365161452282337 0.0002698334013985 0.000396279724009219 0.000489990827190923 0.000280757043583435 0.00178670620080084 0.00044641823405982 0.00109743404755136 0.000625088364176918
3.48658366419841e-05 0.000259185785398586 0.00105946433031932 0.000380600235439488 0.000233696588111343 7.27502885240483e-06 2.40424142461393e-06 6.17092004375763e-06 4.1206377270675e-06 1.14867973671551e-05 7.8362707171209e-06 7.55513239916183e-06 0.000283789879040341 2.79456622152452e-05 1.02625117435196e-05 2.0113056605453e-05 8.37951933547743e-06 8.83683093135801e-06 1.01315732159435e-05 1.3699047174498e-05 2.46074969879828e-05 1.64126342895088e-05 3.24766799735698e-05 1.86723499098207e-05 1.8702123313119e-05 2.5317534431224e-05 2.4392507708626e-05 2.31618419093138e-05 4.14367667872284e-05 6.95298565005942e-05 9.74518239672761e-05 9.65792447118474e-05 7.95446365316366e-05 0.000674370321758033 9.52589704752427e-05 0.000194454619122553 0.000187850721522409 0.000270048181846505 0.000315838595997775 0.000399181452667108 0.000356667547384859 0.000336902385970461 0.000525121160171693 0.000272740709624486 0.000272821910039056 0.0003604036559409
3.94362600673048e-05 0.000575008548184996 0.000782387487561209 0.000266855423615198 9.84218910161871e-05 4.10019644050408e-06 3.20940858316021e-06 1.40219407043674e-05 3.24650400613802e-06 7.90698172465909e-06 6.29297678038654e-06 2.38850488116782e-05 4.27829829789061e-05 9.62782027116305e-06 8.46651834365275e-06 7.68827755628365e-06 1.19893779668701e-05 1.26243502229784e-05 1.93394908791333e-05 1.50635309964287e-05 2.14703415139184e-05 1.39621324009909e-05 1.24561466293471e-05 2.60620171303572e-05 1.60988606552337e-05 1.20631403311755e-05 1.56935374860723e-05 1.26332005791596e-05 3.44344260042817e-05 9.66241988862748e-05 5.37005236765253e-05 6.79276466598822e-05 6.97002644301392e-05 7.890387268219e-05 9.20403298323436e-05 0.000113225554741803 0.000244799986467115 0.000192728459478531 0.000290466346996254 0.00022675162726955 0.000244874274358153 0.000370549845320056 0.000281196801370243 0.000281635206192732 0.000285425298716291 0.000280656757968245
0.000159487154948224 4.52565553317186e-05 6.14519632833321e-05 0.000265496722204261 1.92886315744545e-05 4.37552349836778e-06 2.52729003129559e-06 9.40170568028975e-06 3.60957482850033e-06 8.38233217521633e-06 9.72256529436777e-06 1.70613980628787e-05 7.4566642787488e-06 7.42664082657996e-06 7.70239619853896e-06 8.45688544757195e-06 9.54744927383899e-06 1.05620638414905e-05 1.31938702935486e-05 1.20425327516216e-05 1.15184466096707e-05 1.15153837825233e-05 1.01824819481067e-05 1.52909875282603e-05 1.16800969564679e-05 1.0181252712016e-05 1.27236524804175e-05 6.10729426966827e-05 1.9705209086851e-05 2.57303775470064e-05 3.45173618825356e-05 5.08160241679434e-05 7.96895219536964e-05 9.05689794308273e-05 8.1240181236808e-05 9.65625107710366e-05 0.000170153162252973 0.000211778072480229 0.000178713220338977 0.000195706974773202 0.000211438006044773 0.000229414227214875 0.000255570621084189 0.000389999071194325 0.000424599075995502 0.000476699568389449
1.7790735888723e-05 2.84437151051975e-05 1.93099715147582e-05 4.14340523093415e-05 1.8606297725654e-06 2.67050467017693e-07 3.82069512987471e-06 9.47676491449556e-06 3.88223007534716e-06 8.34836597363164e-06 1.16142837754296e-05 8.05434850512654e-06 6.94576226401011e-06 7.51336986901663e-06 8.99905747679952e-06 8.04928818212147e-06 1.43189635181784e-05 1.25478015490899e-05 3.08865872272746e-06 4.55434725936676e-06 8.29849423311657e-06 4.82262667113043e-06 8.33092115186673e-06 1.04089253213147e-05 2.59176084899115e-06 3.17369899528463e-06 1.12803705178521e-05 1.38615775767903e-05 1.59717254035741e-05 2.05089889732335e-05 3.70888095176269e-05 3.45339251907717e-05 4.00035703478352e-05 5.22222972904274e-05 6.77343511597428e-05 8.35820788552155e-05 0.000103809774827823 0.00016667231629981 0.000181957481436257 0.000286545989001752 0.000193690063497343 0.00020004430298286 0.000510175027011428 0.000255489119444974 0.000275778609648114 0.000636919854150619
7.12599182151052e-06 8.46070724946912e-06 1.25895517896879e-05 1.10487884057875e-05 1.40461007952508e-06 1.5247679476027e-06 1.12305624114128e-05 1.45817113775593e-05 3.83300252972951e-06 8.35415392330674e-06 9.12171862132993e-06 8.12374849914477e-06 6.83517130042333e-06 1.03506384188989e-05 8.26479717552786e-06 1.42779212438882e-05 5.12576685318678e-06 2.15222635501222e-06 1.46104322675811e-06 1.66948248443433e-06 1.629661901692e-06 1.74367382398399e-06 1.63091183580377e-05 2.84891643219654e-06 3.05018591734152e-06 8.69531845779648e-06 9.95984750460366e-06 5.82910631323763e-06 2.09042965622075e-05 1.52429830229672e-05 3.3699217181038e-05 3.68968050111107e-05 4.28703033549027e-05 5.06748974430593e-05 0.000204496390688291 7.72984410104982e-05 0.000138719138180932 0.000109861275450385 0.000155254662786319 0.000183613513945602 0.0002678331824427 0.000177326537777844 0.000193082978694292 0.000225597530152299 0.00026169712364208 0.000242035905466764
2.78806260531894e-06 2.51427468815901e-06 1.6350232979967e-06 1.1755831900051e-06 5.46613351914971e-07 2.0148632642436e-06 1.13219481647775e-05 1.11377989384209e-05 3.67576716394646e-06 2.64977606224681e-06 8.52465321763418e-06 6.95624884592405e-06 7.20638958391362e-06 1.47641037045787e-05 1.48158840843848e-05 6.91768281733118e-06 1.2997425981931e-06 4.52086423152753e-07 4.87914823854574e-07 1.46820270993109e-06 1.66139249621056e-06 1.72450949204039e-06 4.23299560827761e-06 2.20355857581955e-06 2.25926057685344e-06 9.15155818574931e-06 1.00034549767258e-05 1.58368767444017e-05 2.01435733686139e-05 1.62287620071311e-05 2.15690568893478e-05 3.33312552697862e-05 3.59827650072475e-05 4.00332327785691e-05 4.44301698053096e-05 5.63463137950748e-05 7.07681681831218e-05 0.000104990839918173 0.000104423381162633 0.000162639901827788 0.000157269424926199 0.000203088445778121 0.000190162100443558 0.000205970363094821 0.00024167770279746 0.00116391579358606
3.82010968072999e-06 2.985373706621e-06 2.43165181934568e-06 1.02644652939521e-06 4.28976092281541e-07 1.83948883079044e-06 2.98088186057033e-06 1.15406339986635e-05 4.0188766899818e-06 9.18176803565984e-06 1.12759710120258e-05 7.55935127578766e-06 6.05604011276739e-06 1.86522629296304e-06 1.41706392883245e-06 1.4980530185893e-06 4.23567631691046e-07 1.29926627159271e-06 1.54967121346328e-06 1.66183262688691e-06 1.70705083113454e-06 2.69538453669949e-06 7.9208163867861e-06 1.02370416570352e-05 8.34898637478432e-06 8.38935207525537e-06 8.55088678548555e-06 5.89077373547298e-06 6.73611170185495e-06 1.5137168523438e-05 2.55708675467758e-05 2.14683865522147e-05 2.75318864623841e-05 3.14627751777152e-05 4.07596142622424e-05 4.85888377852461e-05 6.13794995842909e-05 7.75712191170896e-05 0.000219924116754555 0.000122039993038925 0.000152862988761626 0.000270829966757447 0.000172570699942298 0.000191462035945733 0.000210112299828324 0.000215304371340608
2.70093091239154e-06 2.16904840608656e-06 2.24094196904501e-06 4.56203024457036e-07 4.07594185647397e-07 2.5403668148849e-06 4.629823861102e-06 4.96560547788016e-06 3.66561803604171e-06 1.02358875913922e-05 2.09235050866452e-06 2.92301627431435e-06 2.00039035944677e-06 1.84111848132718e-06 1.49706486977097e-06 1.03055132378849e-06 4.23534637850054e-07 1.23087537968747e-06 1.25891390320154e-06 5.3762525827894e-07 5.8766774223562e-07 1.82618819072333e-06 1.99480486050563e-06 2.03442392719966e-06 1.98487325453467e-06 1.20100500510256e-06 1.30588682878408e-06 2.71593019540717e-06 3.84866164786502e-06 4.52446012388918e-06 1.12168632441012e-05 7.82848892555421e-06 8.25762918168493e-06 1.33407545661157e-05 4.39935713757222e-05 5.60779891657148e-05 6.0778840452258e-05 7.01493980614032e-05 0.000365189467993332 0.00018770620754367 0.000149756752762187 0.000157778068387415 0.000168361554278817 0.000172162279523036 0.00031226470200636 0.000242244575565564
7.37338970480117e-07 6.43751027462613e-07 4.16132342084818e-07 2.98170271384457e-07 1.34779741131075e-06 2.06617782654295e-06 4.60197634120085e-06 5.53664307094692e-06 1.31139102265365e-05 4.37552857284196e-06 1.80862220674483e-06 1.01200655022726e-06 1.0069803172752e-06 9.12445152412289e-07 3.19373866786155e-07 3.43805663738372e-07 3.73350065796529e-07 4.04673310472337e-07 4.55227807605318e-07 1.5543181194011e-06 1.8081240681922e-06 1.91427278617429e-06 1.77151923730356e-06 6.49633538440941e-07 8.39474239877625e-07 1.1491022855914e-06 4.2442324416081e-07 3.69072845742835e-06 5.92133531174266e-07 1.86425797465972e-06 6.03949200195242e-07 7.28905946374425e-06 1.42319809810942e-05 1.44223911661356e-05 1.81227568930353e-05 2.35330161331149e-05 5.21771136845928e-05 7.8691985390833e-05 7.5666983229894e-05 9.3864771315566e-05 0.000162473615819181 0.00014350844467117 0.000199014854479174 0.000764083689136896 0.000168887990912481 0.000170303453160159
4.61311885957549e-07 4.6175938078763e-07 2.64848875475288e-07 8.22305137881951e-07 1.8897499491799e-06 3.16672471274426e-06 4.15052692979145e-06 1.79783321556215e-05 3.86676575898637e-06 2.66780444865278e-06 1.49964366620292e-06 3.69472203720633e-07 2.89355342575348e-07 2.83977492931964e-07 3.00295739896761e-07 3.32667935576403e-07 3.70363100543614e-07 4.10827165242544e-07 4.86632528973185e-07 1.66738130722432e-06 1.67861373635558e-06 1.71724217150615e-06 8.30197580681258e-07 1.3583394749439e-06 3.76776742061491e-07 1.36168986841767e-06 1.09022815220072e-06 4.96984991393834e-07 7.11939236031078e-07 8.46981353248566e-06 1.19385178322773e-05 1.10646334462672e-05 2.4887585527722e-05 1.80626033682074e-05 3.16410662208e-05 3.79257899112417e-05 3.93465566958184e-05 6.60860548350683e-05 7.32733446056955e-05 8.22916013021313e-05 0.000294801021664171 0.000125526159808942 0.000139511749330268 0.000193188608864148 0.000158955282131501 0.000370641104018432
6.41247772503739e-07 7.0500314629518e-07 8.84382527299721e-07 1.45793927939231e-06 2.52890084107005e-06 8.1644760907551e-06 9.71968652550004e-06 1.92526080837752e-05 2.12190641847299e-06 1.49110356022497e-06 1.00826463520498e-06 3.12066174312786e-07 2.9832770116478e-07 3.09180882218651e-07 3.07880138539218e-07 3.25495437869527e-07 3.62464310144084e-07 4.31782338550235e-07 4.93957717884186e-07 5.6795319040015e-07 6.25108013041498e-07 7.54626084753518e-07 5.93661864556339e-07 9.40669060811583e-07 5.34014598330135e-07 9.03669058827106e-07 1.4993560338894e-05 3.26688925829099e-06 7.39070381285956e-06 6.36146917116775e-06 1.52297668648771e-05 2.12738500238174e-05 2.40614086351343e-05 1.34212990133165e-05 1.98970921815089e-05 5.14825618665782e-05 7.69731170294108e-05 7.53474361317785e-05 8.00605652329978e-05 0.000102365956354333 0.000120274448363489 0.000172718917383463 0.000130175414324185 0.000193228459647798 0.000143232834943774 0.000266995963465888
1.16879109144374e-06 1.19901738078187e-06 1.87110591225448e-06 5.18170652554772e-06 4.82197409592544e-06 1.13142033391966e-05 6.44412560397711e-06 1.21569299484925e-06 8.31245346877285e-07 3.00732024227646e-07 3.01440782279894e-07 3.20151371269173e-07 3.14877577745065e-07 3.26626692026544e-07 3.24893918779434e-07 3.4692573890327e-07 4.06241170658461e-07 4.74827545071665e-07 5.46928747036102e-07 6.36010433896494e-07 7.77836237064733e-07 8.84945122481273e-07 6.58767614458711e-07 1.1051051830635e-06 1.19606469620726e-06 7.68789587080043e-07 2.88063680793371e-06 1.13966646213548e-06 2.81947196477672e-06 1.53663922105807e-05 2.30393424430986e-05 2.07783131372707e-05 2.87899388467849e-05 1.96303997313407e-05 2.37292764921904e-05 0.000100873243923161 7.39666192657751e-05 0.000112720520337461 9.18440048735647e-05 0.000125440346346295 0.00012350132856227 0.000121314033822273 0.000126376905973302 0.000124878029964748 0.000132702351402259 0.000244241586005955
1.35072066657083e-06 1.16807512543504e-06 5.42072719422748e-06 3.78405629373191e-06 6.10200711026465e-06 1.21645546452553e-06 8.53596520633548e-07 2.16599564195619e-07 2.39876496410663e-07 2.96275319089379e-07 3.19028708228863e-07 3.26324455957039e-07 3.38669910759926e-07 3.59326501053747e-07 3.60524051645772e-07 3.71928382736364e-07 4.41388426108968e-07 5.45570672605411e-07 6.34300029789259e-07 7.32612765497187e-07 2.43238131347745e-06 1.02942611744927e-06 1.05525834813713e-06 3.40223685074692e-06 3.05545141215946e-06 3.19991241595208e-06 1.91503052971997e-06 2.73740172360704e-06 1.10990156429125e-05 3.51723004769156e-05 2.92028462467897e-05 4.45185178477914e-05 3.68416116259596e-05 6.51065511192428e-05 7.17884092409804e-05 8.4409530609264e-05 0.000106584989953262 0.000144474607623124 0.000118985433437047 0.0001224535352776 0.000175514717011538 0.000131367061840137 0.000126845792601671 0.000276218398721539 0.000132246646171552 0.00015116822814889
5.19787670718586e-06 4.75706267533127e-06 5.33029456732947e-06 8.6007961856982e-07 6.15580851459629e-07 7.67319708705472e-07 5.03994628386906e-07 2.25823809063552e-07 2.71866801393461e-07 3.14209215157568e-07 3.48143304929049e-07 3.64968601440641e-07 3.98650099775466e-07 3.96368959254545e-07 3.98109139965186e-07 4.54840883978846e-07 5.16849274567743e-07 6.16247650275792e-07 7.13374297967029e-07 2.51979056694607e-06 2.88229918461447e-06 1.31133985673548e-06 3.1138635897654e-06 4.30974503754511e-06 9.00842056239526e-06 1.08896233996347e-05 2.94165561854243e-05 1.72911877996285e-05 1.59856845982631e-05 3.52807046965609e-05 5.24320869317307e-05 6.91289656344907e-05 6.40606219349138e-05 9.24227382711251e-05 0.000138930591310782 0.000117698944814038 0.000324970348810893 0.000137734889358399 0.000181340258495766 0.000123305923443695 0.000180252228165045 0.000140974600799382 0.000134703103049105 0.000132189116811787 0.000134929225259839 0.000150292393664131
