Scripts_&_data/Maxent_result_files_1/Bombus_mocsaryi_2.asc
NCOLS 594 
NROWS 330 
XLLCORNER -15 
YLLCORNER 23 
CELLSIZE 0.166666666666667 
NODATA_value -9999 
[rows 220 to 239 of 330, columns 46 to 91 of 594]
0.0194846850121394 0.0340276855992522 0.0163600527520728 0.0563098041662471 0.187693519369532 0.0663529141809466 0.0429121306877343 0.121897824036183 0.212230613064994 0.335931986570358 0.591340351104736 0.295459803170525 0.300969189708121 0.280765765835531 0.56202107667923 0.331167051436205 0.208465751324547 0.0278319469362032 0.175094872131012 0.497236794233322 0.599999958276749 0.599999988079071 0.599946963787079 0.573715287446976 0.573876577615738 0.568706113100052 0.507043722271919 0.6 0.6 0.520735961198807 0.599892938137483 0.524115034937859 0.417149079591036 0.0585596961172996 0.077572301129112 0.588236862421036 0.6 0.577250599861145 0.0423772619455121 0.0445408207306173 0.0567138306161723 0.0262551930808501 0.0225333137216266 0.0615916487103458 0.0304018599916401 0.151671329576584
0.0125363498322187 0.00878510822949543 8.76131146464787e-05 0.00107005486644285 0.0286373490196277 0.00755837932036972 0.00276082650349423 0.00997482500906699 0.159387400862761 0.528293669223785 0.301718994916882 0.376164122275077 0.31060104763601 0.26116074307356 0.185791947663529 0.322388538444648 0.598202556371689 0.37618003282696 0.599601793289185 0.599878376722336 0.570013511180878 0.593997228145599 0.599989449977875 0.0932372927025426 0.00225544324726421 0.245401267707348 0.41923989802599 0.6 0.6 0.500041433842853 0.41639111321828 0.6 0.6 0.521805380284786 0.599985909461975 0.47505045235157 0.472088274359703 0.6 0.098009389732033 0.37371931374073 0.0500834252496134 0.0437292602240632 0.136061610265824 0.0295378798529825 0.0398593227296942 0.4936045601964
0.0274766483996942 0.133431287880069 0.2465784649981 0.00631124179666548 0.0295224596746532 0.00868318613503227 0.00132106615461094 0.0304470052773468 0.360045783594251 0.410286591947079 0.387428277451545 0.289829653501511 0.319399982690811 0.3410338518559 0.263392864703201 0.339742369530723 0.59994460940361 0.59953887462616 0.584286081790924 0.598037511110306 0.395260041952133 0.599957323074341 0.108503156900406 0.0222056653097752 0.186018833890557 0.599969053268433 0.396636402606964 0.6 0.6 0.6 0.599999922513962 0.6 0.6 0.526385578513145 0.406450672447681 0.454842034261674 0.280291286669672 0.599953907728195 0.599999934434891 0.271893185377121 0.554028624296188 0.339331380650401 0.25216553453356 0.6 0.6 0.59799148440361
0.0141480552643262 0.290884334041584 0.206691105975233 0.0142596835649364 0.0287499483005598 0.00262465631203774 0.0147115220161458 0.0158624055859946 0.0432778714399319 0.190710569219664 0.4250093922019 0.426070736348629 0.472218835353851 0.491643493436277 0.599999243021011 0.483644808828831 0.499299298599362 0.459233959962148 0.599860990047455 0.388905354775488 0.523567664623261 0.240063892733525 0.351007344546775 0.134328799322248 0.37182129919529 0.133574780647177 0.599997484683991 0.6 0.6 0.473815566301346 0.53778954744339 0.0859105635434389 0.6 0.6 0.540526106953621 0.333895009756088 0.584664332866669 0.235773686423636 0.201824265594996 0.503136425092816 0.6 0.59998397231102 0.6 0.473680037260056 0.578883475065231 0.0336414826917462
0.0391983054542141 0.0888212376492447 0.111461250180946 0.224267553110599 0.016120809330003 0.0301811480213475 0.0216305457815565 0.0301566617409662 0.0382851669884985 0.0804382249247283 0.0815554898232269 0.132568540424109 0.378821727887134 0.58608450293541 0.596534961462021 0.599999839067459 0.0845918936714619 0.496332478430122 0.406465783342719 0.559737622737885 0.369853204488754 0.0379225827287883 0.252314996816676 0.214367378503084 0.23023490011692 0.526749563217163 0.598260045051575 0.579078233242035 0.597104203701019 0.44518920481205 0.212424969673157 0.471564000844955 0.375308762490749 0.51649252474308 0.569101256132126 0.526879265904427 0.541615045070648 0.495811557769775 0.491955869272351 0.406661474961493 0.6 0.6 0.6 0.599879884719849 0.38297870606184 0.587885212898254
0.0145575023955705 0.0207913393750883 0.0616486183907 0.0702482493037792 0.006620589827347 0.000422282010955277 5.17444501106357e-05 5.21034288336608e-05 0.0694240591372363 0.12351793050766 0.0710517119383439 0.178066929802299 0.409343063831329 0.409536489844322 0.375702771544456 0.499526382389013 0.285118489153683 0.233335402770899 0.377349167288048 0.0261964928484417 0.409616119042039 0.6 0.599998420476913 0.139407779987908 0.116422680020332 0.193641479685903 0.361126041412353 0.185611111669277 0.424967983365059 0.424737423658371 0.599887603521347 0.500687056779861 0.210833967477083 0.316365382820368 0.495551043748856 0.599999970197678 0.48232818543911 0.511366140842438 0.6 0.599996560811996 0.508430609107018 0.233569509536028 0.36186246573925 0.599768656492233 0.581278854608536 0.429109362674987
0.0300684005022061 1.32288550707682e-05 4.61672026657922e-05 7.38243757026469e-05 1.44786269727915e-05 4.3864932696891e-05 0.000901985967448193 0.00222782936999825 0.0126762319082673 0.114396412856877 0.0437378969741985 0.0584452502429485 0.308474230766296 0.4431900203228 0.105479421390919 0.189364555827342 0.185312099017028 0.485126350696305 0.0479655423668376 0.00842020455327677 0.0408418411854655 0.11803612875893 0.0143187354818508 0.121750206127763 0.0303412576729897 0.289455093443394 0.35121314227581 0.594948518276215 0.117667105683358 0.390730768442154 0.599998950958252 0.596341955661774 0.47025825381279 0.322662886977196 0.570038992166519 0.593728774785996 0.599987334012985 0.599994939565659 0.6 0.599867933988571 0.573813390731811 0.483956721425056 0.559894448518753 0.595487147569656 0.492482315696554 0.193242644239217
0.0120879242982483 0.00299607960041612 0.000107948823028892 0.00361277726769913 0.00657708508952055 0.00376448749520933 0.00647758234699728 0.00549474548024592 0.00303244025259204 0.00262605502577458 0.100900752386042 0.0484494699273831 0.00203238928006618 0.000456721982664665 0.00425194301944122 0.0749153443011892 0.0670929621907112 0.0216255904063019 0.0494407286089563 0.0507875622649578 0.0888378379502854 0.0605341037045775 0.0207936043065274 0.047402145943488 0.111501033254899 0.163665529899299 0.174526276439428 0.497960036993027 0.568184208869934 0.599996989965439 0.599999213218689 0.599990016222 0.506976106762886 0.58612505197525 0.599999994039536 0.6 0.599885940551758 0.599999660253525 0.471765923500061 0.6 0.00240009016561089 0.279204616695642 0.521965806186199 0.592964535951614 0.289696718752384 -9999
0.0138294078875333 0.00234700082473864 0.000364096821067505 0.000490495658777945 0.00206288640383718 0.0110252368962392 0.00524777147511488 7.71180084342404e-05 0.00183368140606035 0.00355544896192441 0.00519048229325563 0.0052892123392669 0.00288456855050755 0.00449305406655217 0.0311527339043355 0.152516787607011 0.0207081734207773 0.0141999676605997 0.0384037622819819 0.0100330381969794 0.020195037664628 0.0266247805533771 0.0815431094859378 0.233866252750158 0.234724797308445 0.0772949314065045 0.293812382221222 0.342896616458893 0.42900071144104 0.596492487192154 0.599087262153626 0.599967420101166 0.6 0.6 0.194990801811218 0.599984270334244 0.570796722173691 0.599998128414154 0.599846285581589 0.667892116308212 0.543197131156921 0.32945681810379 0.477962918928408 0.0759533765907568 -9999 -9999
0.020791261800332 0.000750086750031187 0.00122001824620384 0.00122104202964692 0.000788058599517605 0.00311727351217996 4.95844079551944e-05 0.000208524019467404 0.000285545475594517 0.000327324430008957 0.000628278999283827 0.000621293486619889 0.00698471072683045 0.0412406598916409 0.321399928637145 0.0567474279614634 0.115682035339321 0.0256179367209968 0.025352866228631 0.0211716932024338 0.0132079670259984 0.0141314375756203 0.0451618251359832 0.150456284312531 0.218633555620909 0.0741112435236573 0.189357649534941 0.201148066669703 0.30218869894743 0.382767623662949 0.468474146723747 0.598629504442215 0.599865555763245 0.379565078020096 0.258704927563667 0.47112832814455 0.6 0.0134069729596376 0.437041181325912 0.535532572865486 0.500276286713779 0.281702936981434 0.353324526548386 -9999 -9999 -9999
0.00685041269880458 0.000195404123564913 0.0011627889567535 0.00799437140813097 0.00311297048465349 0.00300963001209311 0.000823495935037499 0.00056956593484756 0.00155651086806756 0.0025521980503987 0.000321881874802044 0.000688930369494667 0.00606556062581234 0.246976406417612 0.000666641219713426 0.00470101056866952 0.0223153115715832 0.6 0.58093119263649 0.53477198779583 0.191097256727517 0.016732199269336 0.0566108546481701 0.016989299121542 0.0160894059341899 0.0125212661972 0.0457822473021224 0.22813096344471 0.104370457306504 0.24566470682621 0.390769875049591 0.205714591406286 0.231852603703737 0.504473230242729 0.0546645341441035 0.417781862616539 0.493799513578415 0.599832797050476 0.394352393597364 0.48851867318408 0.221415337920189 0.0441510922274525 -9999 -9999 -9999 -9999
0.00115691365690509 0.00538528775723535 0.000285530863948225 0.000239579037861404 0.00370861757037346 0.00508342058747076 0.00302024515694939 0.00138328132052266 0.00499634817242622 0.00312435167290542 0.000414077655020928 0.00153418581702254 0.00202425279724787 0.00686607581156814 0.00287118658815965 0.217418824509067 0.09189494047896 0.374806939484552 0.501936742663384 0.593370348215103 0.599864357709885 0.168654758110642 0.0617138367430016 0.00947625546012887 0.0115975323187996 0.0324266646758133 0.0388782258532956 0.179020289517939 0.211858495790511 0.127168253902346 0.156217611581087 0.0709544640732929 0.338621133565903 0.175380678847432 0.138492717593908 0.362444473337382 0.201931001989578 0.599978196620941 0.439466424286366 0.498317658995098 0.213059931993484 0.00281904455432596 -9999 -9999 -9999 -9999
0.000665870938246371 0.000582218359841136 0.000747546612137739 4.89544339870918e-05 0.00024804220029182 0.00183383338153362 0.00170318314048927 0.00323614334847662 0.00262934697311721 0.0143408216536045 0.00550130922929384 0.0191229442483746 0.00241438288067002 0.069131445651874 0.00197311314841851 0.00115820406717937 0.26408629580903 0.499827668012585 0.256282951832372 0.565784496068954 0.149799067474669 0.220240206923336 0.148652271454921 0.0629789207572571 0.0295800481811682 0.080829791148949 0.0863250732022152 0.158273975003976 0.109082885924727 0.152690750313923 0.0897950747050345 0.228629002533853 0.204277115454897 0.0873322307365015 0.0681704641785473 0.173369925352745 0.291015895083547 0.0530089312873315 0.230796827748418 0.28132777108797 0.380043146014214 0.0396599972387776 -9999 -9999 -9999 -9999
0.00353982325468678 0.00498494092607871 0.00175717692036415 0.00495863133110106 0.00222255308617605 0.00332311424554064 0.00561995156422199 0.0058859912562184 0.0239726791158319 0.0162307383492589 0.140813809633255 0.0556546339765191 0.0590347616001964 0.0860959529876752 0.00688055887585614 0.0387102278950226 0.127197495124603 0.165019321472118 0.499974806961836 0.344121600497829 0.0668205388641226 0.0669012852941862 0.0291585027562679 0.100094903266665 0.126126384516374 0.0462409752678695 0.0128467331869615 0.018454762113106 0.188473724573851 0.0441417035413906 0.059557230793871 0.0480296539564733 0.156164277275093 0.0914191810821649 0.0294243646378163 0.199774102680385 0.578317266702652 0.203879580460489 0.218434778600931 0.385026544418293 0.169051513075829 0.0973634794354439 0.00333220383986248 -9999 -9999 -9999
0.00715903884265573 0.0247047025710344 0.00757884030110745 0.0239479709416628 0.0221021493896842 0.027148462974219 0.0221599486656487 0.0518968367949128 0.0174502196721733 0.0298295887187123 0.0442591086030006 0.0309983721934259 0.0903496123850346 0.0993386149406434 0.00999995843158107 0.00502752473694448 0.128120267686975 0.200051595282554 0.344932028887223 0.228277035616057 0.10622928810937 0.0485965526948126 0.0109583987081501 0.0364926825438822 0.0381280234025837 0.0348587581760512 0.017960016336292 0.018975277946447 0.0314417648711242 0.0242168159573339 0.0323565230122767 0.142258958827006 0.0717884898069315 0.105315479263663 0.0532900499878451 0.0951266286894679 0.0853965788148344 0.0643928590769065 0.294034741818905 0.469669887482121 0.262350340187569 0.258517721295391 0.391132822633165 0.00184362033442987 -9999 -9999
0.00277946969872573 0.0259993433952332 0.0446678094565868 0.0408323902636766 0.0165831778664142 0.00980915024119895 0.066028461791575 0.118795932806097 0.0196511900336191 0.0319725081790239 0.0382549233734608 0.184908075630665 0.10515139400959 0.00221446457144339 0.0029110300958564 0.00166802933235886 0.00365661813994156 0.116602120360583 0.283058230157269 0.303553825671543 0.464791181321561 0.0475892874556147 0.0101593738599577 0.0136034777399743 0.0240219556234081 0.0400229048438632 0.0199045608213055 0.0149678946574568 0.0345665203640237 0.170436550676823 0.586346870660782 0.164647590555251 0.0257636400085175 0.0909172348678112 0.169797213748097 0.0266534123205929 0.0165967074122818 0.0317564081431556 0.0580531307999884 0.482484945934266 0.59986190199852 0.599399209022522 0.262241024710238 0.170158633963476 0.094657367747277 -9999
0.00102338711758421 0.00179812760288769 0.00240665792080108 0.10889932513237 0.0686266314703971 0.00335140592651442 0.00628306812141091 0.111567268404178 0.0569524063903373 0.0371250624535605 0.143398698791862 0.121059838682413 0.0315302545204759 0.017218248359859 0.00268160680279834 0.000721981205788325 0.0346275500487831 0.128828074996079 0.138908589003517 0.246224847539372 0.374035812914636 0.35533609548874 0.0285914163159032 0.0284417873197569 0.0371411263869049 0.0231597277063997 0.0121925984674363 0.32240950520536 0.599979454278946 0.396132302284241 0.0104738198919222 0.0450653862208128 0.0159888443380282 0.0159246697341286 0.015533093163389 0.0309382933722759 0.0199688544038054 0.0510038898423767 0.0444245196638279 0.288128615636379 0.446371337771416 0.6 0.494417406550686 0.00982472279151465 -9999 -9999
0.00265592424257193 0.0015002589559117 0.00046658344399475 0.00288505976059241 0.00139148337621009 0.0394960209727287 0.0550135474652052 0.0282165253534913 0.0163057061843574 0.0316890092566609 0.0327980604022741 0.0650148492306471 0.0189259360544384 0.0464874520897865 0.0212255634367466 0.0238764807581906 0.00873597025347423 0.0368859387961187 0.00110505534667532 7.97572442707284e-05 0.000422750570214703 0.0770977134059649 0.0883887768257409 0.250642939877616 0.123099769778371 0.441874047153397 0.0370125450178527 0.464165162624477 0.0690440233796835 0.161894627287984 0.484672414511442 0.0101263123136946 0.0171274210559954 0.00549397234972275 0.00797681862895843 0.00790104104817194 0.00802911277860766 0.0456320085286749 0.0190889114551332 0.0161894285860613 0.0132127951395049 0.000652448501826708 -9999 -9999 -9999 -9999
0.00699911782285199 0.0118278740192181 0.00154823066404788 0.00198488452006131 0.00785781079903245 0.0383166832849383 0.0162473423406482 0.016569225420244 0.0483893662691116 0.00379178713774309 0.0147459998028353 0.00901685222052038 0.00458427050616592 0.00352162944909651 0.000933125330629991 3.06337303754844e-05 0.000275499773442789 0.00126511348289614 0.000653369344945531 0.00445839498133864 0.000846916346563376 0.193844438716769 0.378651860356331 0.31420112811029 0.204134678840756 0.0295432223010916 0.271605525800237 0.0700358039699495 0.0215739205479622 0.442625883221626 0.247645932435989 0.117764442227781 0.203930622665212 0.00513257438451546 0.00588151851716248 0.00543290949226503 0.00653738803048327 0.00833531706302892 0.00752812710343278 0.00408698762694542 0.00182147551222442 -9999 -9999 -9999 -9999 -9999
0.00288245968913543 0.000113395593916721 0.000380559442419326 0.00042575541210681 0.00290301293716766 0.000476450541827944 0.00562265681801364 0.000254272112306353 0.00158075329600251 0.0149487444548868 1.90877139118584e-05 1.17463877529644e-05 5.03894505129665e-05 0.000653172660963719 0.00046691028458099 2.62924828632549e-05 0.00179601133277174 0.113730631023645 0.0916555538773537 0.0318259017542005 0.211363646388054 0.0927149664610624 0.0199090674519539 0.0293301066383721 0.054002027213577 0.0354206264019367 0.214851601654664 0.200356551259756 0.580515593290329 0.597664350271225 0.59937282204628 0.469315266609192 0.279970296472311 0.0313350765509289 0.00733572351455223 0.111311594180734 0.00495279890438951 0.00147847253768003 0.00432113035149087 0.00628223581458087 -9999 -9999 -9999 -9999 -9999 -9999
