Scripts_&_data/Maxent_result_files_1/Bombus_mesomelas_3.asc
NCOLS 594 
NROWS 330 
XLLCORNER -15 
YLLCORNER 23 
CELLSIZE 0.166666666666667 
NODATA_value -9999 
[rows 180 to 199 of 330, columns 180 to 224 of 594]
0.26153913217131 0.244160551609946 0.401357308030128 0.483130816742778 0.468627185374498 0.00998744690609925 0.0874249620466283 0.162377052863899 0.00251184271882047 0.00884610058063808 0.00306431413634414 8.10298336314297e-05 0.000559842633634311 0.00207107047946522 0.00119163782810938 0.000370815667799795 0.000650392129625521 0.000791781440660699 0.000250761294987756 0.000663783528533313 0.00032982041567633 6.23774153619694e-05 0.000173295964965448 8.79977440498836e-05 0.00224955760267597 0.000917137481151964 0.000186750967969918 0.000176647677035913 0.0133111425676121 0.00142564148548066 0.00439362876298293 0.0078342909539216 0.00130177027681083 0.000252201491754156 0.000104077366803246 1.48966852566712e-06 9.24400725205055e-05 2.33358769282654e-06 3.14025688177733e-05 5.13583575467713e-06 0.000126610649971326 3.67790424360415e-07 0.000153088809900748 8.10767095638099e-06 2.69793018443654e-05
0.178808138418984 0.256669034808874 0.287858360260725 0.27739694705233 0.0235405539429223 0.207683213350177 0.00154130943274232 0.0126914268072157 0.00309145170077683 0.00429815838583191 4.1734646227809e-08 0.00166653428918335 0.00131823135578499 0.0149646052497701 0.00164347009661561 0.00548743845003514 0.00347190104987263 0.0107514693707344 0.00634773458505151 0.00123327331475862 0.00632483865735466 0.00938273608517193 0.00162964876838989 0.000105985119406715 0.0259096710105439 0.000279030377823286 0.000301218851264529 5.28104191484302e-05 0.000155970662835503 0.000242165451514253 2.78604101308089e-05 2.53838317948452e-06 2.12222769908621e-06 2.68893795108416e-05 5.25127138795156e-06 0.00120055190660163 5.48098267882935e-09 2.29598672359943e-06 0 0.00011342265485228 0.000240222374928223 0.000136234992622564 0.000103317193779962 0.000225997293904712 2.03518730730323e-05
0.666152447462082 0.323493230354507 0.265483607165515 0.181726857581816 0.0442398585923034 0.0481396274932194 0.0839180229682825 0.00462124766633076 0.00519420134458715 0.00388527084173154 0.0369897662156973 0.00458345292255496 0.00255319904347093 0.000449168319541182 0.00481815888255142 0.00590632855564763 0.00472538857386269 0.000566096963044682 0.000498748323053988 0.000168112844168888 0.00201424236411961 0.000581469164407045 3.8285414425876e-05 0.000495324115179963 4.02104196874142e-05 0.000321985822015503 0.00290006513297563 4.27116401321315e-05 1.84829879132264e-05 4.07788860291136e-05 3.21057404110148e-06 1.12661937696212e-05 2.01392090865005e-06 5.60862467580137e-13 2.00716003861956e-07 2.39477663238619e-06 1.40827793870812e-11 1.01084690931064e-06 9.5637974229168e-05 0.00123757208275835 0.00185112517941397 0.000226071824759799 9.51546492321431e-05 8.23801493252674e-06 3.18173327760185e-06
0.00647355178889484 0.00866014877283305 0.273184577330864 0.0979493020840891 0.176784094303002 0.0716594496636105 0.0563416809528049 0.00373076790795679 0.00290260666697638 0.00531660780587825 0.00305128880073448 0.000692848132035861 0.00381486419273902 0.0120730552499936 0.0010779460740526 0.00464469943441204 0.00134023943068011 0.00364367742941427 0.00305416075646214 0.0122804286979233 0.0082383512308752 3.07217142538563e-05 0.000288017976052413 0.00341395789611495 0.00842695855779993 0.000997670077856316 0.000100320412020671 0.00010182539896384 3.92369798238312e-05 9.01715168223349e-06 4.84089074348493e-06 5.03463540981741e-06 9.68805499046321e-05 8.07268577784903e-07 6.50622266250567e-06 9.32158263336147e-05 2.87471103078696e-06 3.29478983079223e-05 0.000191070006769234 7.48443545087296e-05 0.000152359454289108 7.28396839252299e-05 1.87288749580405e-05 1.02791825192905e-05 0.000261710312570229
0.081014480768863 0.039893487801044 0.070751412459731 0.118032042073821 0.00757084453289282 0.00145690092831503 0.0062188077135948 0.00288010725707882 0.0015102407829548 0.00311309409662512 0.000977889819765765 0.00468429923776823 0.00832723120159216 0.000337039072221046 0.00414498319595964 0.00710234425889888 0.0014399088410439 0.0251647382017211 0.00100562656814137 0.00473756901646993 8.72048957106131e-05 0 1.90853681871883e-05 4.53108911820932e-06 7.14866595316055e-06 0.000138783456427105 0.00040891020129844 4.76223820890409e-05 2.14829469957656e-05 3.7440809769862e-06 7.23821119205104e-05 3.81988422847313e-06 0.000142662343246169 2.74283639931205e-05 0.000133896556323299 5.49943163778099e-05 2.0927192255793e-05 3.6568229556444e-06 4.1618408492039e-06 5.20257132667012e-05 1.30030896606681e-05 5.08577916044084e-06 5.96230256254549e-06 6.56647373614039e-05 0.000506945890405641
0.0275125240274065 0.00115292845766817 0.00407141167650598 0.000591290679221856 0.00125201620430744 0.000877440917247441 0.00431649666279562 0.000325039593008114 0.000397005356899183 0.00256698414458303 0.00158049270772044 0.00154147966604776 0.00182592879490272 0.000775507036309131 0.0155495840207451 0.0100074886926419 0.00750563113470836 0.0147326285243742 7.8164252848012e-12 0.000868393558568814 0.000936584391305029 7.48895060165289e-06 6.34615287327112e-06 7.7963163756567e-05 1.51938211384595e-06 9.06501797481307e-05 6.03047372851773e-05 0.00020156837634806 0.000355771545282835 3.2408250293936e-06 7.6921871402269e-05 8.38046424029404e-05 5.11399221588826e-06 4.67852646582889e-06 4.23706228528387e-06 4.12952073804984e-06 2.10610285640955e-05 4.06026408589888e-05 3.28659103613349e-06 3.87935255642402e-06 4.79188872636316e-06 2.94217640816274e-05 4.92113821420337e-05 0.000662136308829986 0.0456385554543203
0.0736967147022142 0.00151712892584328 0.000848504165332997 0.000186414836025506 0.000379577099738526 0.00206673663124094 0.00218119711498732 0.00225411535911925 0.000329918481651248 0.000731141872530139 0.0110356395879453 0.00946753262922955 0.00566444953984664 0.0756371171935527 0.0262829080962046 0.0214708227995516 0.000547516909673562 7.03748667119086e-08 3.143102299763e-07 1.11293253534095e-05 9.27780209187712e-05 3.20321239769994e-05 2.11666968974567e-05 5.12786095164586e-05 6.5582912273543e-06 0.000474827134055544 0.000343744782655708 3.60912103148259e-05 1.4837582038707e-05 3.01224679642997e-06 0.000152127229696397 5.49302171120036e-06 5.87404757479426e-06 0.000210345050898031 6.134604535879e-05 5.98801445313213e-05 1.22844463529614e-05 4.18067235897657e-05 1.02460444086461e-05 0.953187918663025 1.56990594660789e-06 6.4518753286269e-05 8.91367198127768e-05 0.00125302146805693 0.00749237050979286
0.0836407625308904 0.00772473938270865 0.000817972021377522 0.00297216524923593 0.000918672137777965 0.00147362800781438 0.0100769993538888 0.00176594597636726 0.000363456507333559 0.000173755996389136 0.0040809338254323 0.0246694213241028 0.00445083967042171 0.00107565322495022 0.00012895464904128 7.44412881559242e-07 0.0123005770656406 0.00113669641793913 0.000273949548893704 1.27666066150778e-05 3.20771751842086e-05 9.1726988105556e-05 9.82896727258265e-05 0.000294816379187035 7.25242707099505e-05 1.32082401727018e-07 5.98082917136367e-05 9.80408226303186e-07 0.000101530481890943 0.000182677249480623 0.000245250272870978 8.80230272330307e-05 3.63188147651239e-05 7.41678027057602e-05 5.4370891830835e-05 3.99541304518802e-06 1.42094218208988e-05 2.73285005472301e-05 2.77459433487004e-05 7.95901051953152e-08 1.01057873203358e-05 3.65515707355102e-05 6.60759823923551e-05 0.000120523847244192 0.00213567589544219
0.15471613975721 0.140084944672544 0.131799221411347 0.0132147949692666 0.00424684613484193 0.00152909154999327 0.00282728854618282 0.00205701460369992 0.0014022793606836 0.0120363128858315 0.0080641986950809 0.00307751841388502 0.0543544128579015 0.00356948427532428 0.0214349898880243 0.000834874502059491 8.57470395010718e-05 0.000226654056319731 7.26494799984434e-05 0.000494466329685572 0.000421216740037256 5.32009192325322e-05 4.51686556314779e-05 4.42671884601342e-05 6.4332926227384e-05 2.13448517848658e-05 0 8.64492778545056e-06 1.19541723888172e-05 2.1011767958079e-05 0 5.25877574503175e-06 8.92238539491941e-05 5.21816612124582e-05 2.23734594096858e-05 4.61196308473522e-05 3.35261085596894e-05 8.82544136001639e-06 3.33729511432734e-05 5.13599277715104e-05 3.78150829173363e-05 3.4596036934309e-05 0.000958669125933709 0.00117518461415548 0.0111758014265952
0.0216775057837367 0.114539944613352 0.195239830343053 0.00888181391870546 0.0172721901886234 0.0169186802493641 0.00622046860480907 0.0012581771131128 0.00144534999796092 0.00123015712066514 0.00815800626418124 0.0429056952214069 0.0226990549436273 0.00660651191173849 0.00316650808733745 0.00278259129894831 8.58112807119227e-05 3.88560068966814e-05 5.33956612478459e-05 0.000666083508354931 0.00033710777613537 0.000271188147499346 0.000708322770645964 0.000622784989111658 0.000861524813557835 8.77012136726307e-06 0.00012609531562271 1.22651321189382e-06 0.000199831465097988 6.30089477849372e-05 0.000138726256415733 0.00146643777917639 0.000102369518363488 7.16725942149221e-06 2.65938437737034e-05 4.81916048984843e-05 2.96827111385789e-05 2.87820379302972e-05 2.95548249300337e-05 3.05847502561907e-05 3.49968997126471e-06 6.8184185582465e-05 0.00298365509700352 0.00414849701047313 0.00584310896802737
0.0240224267759913 0.017009821812735 0.00366997388757968 0.00569947104413586 0.00527859641952091 0.000167524144619691 0.0150710426853038 0.0132379839545905 0.000236023518426931 0.123682460986311 0.028548517730087 0.00380807619790247 0.00407693235481901 0.0139186651724685 0.00420470622603126 0.00107892921708441 0.000568207087429695 0.00117098176795004 0.0007810242319781 0.0119809452062047 0.000149690835557426 0.00163040002514524 0.00168669788456838 0.00039893496995852 0.000533259449603651 0.00262780155453637 1.76659302593252e-05 0.000105113148413438 0.000699871680459141 3.13647957647656e-05 0 0.000516979172091914 3.41435554885416e-05 7.85009406794934e-05 6.32763939643954e-05 3.93960993938514e-06 3.54771418598299e-05 1.48128011228654e-05 1.5416181333916e-05 0.000583531025419903 0.00241988069286044 0.00685098128814522 0.00133402687640484 0.00298260460574022 0.00102263438780517
0.0199283881345764 0.0255548161076149 0.00889016329456354 0.00705503068120947 0.00267761113248071 0.000328799905397137 0.000280863531317355 0.00215955520851854 0.00050769633686869 0.00216248989141263 0.00279591821409078 0.000710546070647755 0.00106893580143611 0.00296919466330091 0.000927240336830826 0.000523158689783043 0.000103663804286003 0.000245350123450816 0.0302175881605773 0.00220184488658561 0.000133111963510157 5.97506442422624e-05 0.000763637739216039 0.0028034543338034 7.65427595698087e-06 1.98700741329882e-05 1.82108151788318e-05 0.000748992025127304 0.000280294416632199 5.52468084712099e-05 0.000207685125804868 1.54492208225498e-05 0.000148296535497683 9.19257304544896e-05 2.47491499502095e-05 6.84569935804902e-05 0.000982080162057386 0.000287349577450169 8.26106442684549e-05 0.000235623539293028 0.0053397100004893 0.000391196819939821 0.000342177758451512 0.00099804947578962 0.00154928987314212
0.00947251882735145 0.00397316812216104 0.0136550816096133 0.0253223193703889 0.00699388691409695 0.0149737658881349 0.0463637912555896 0.000461850463965785 0.000156557183972295 0.00469160155364854 0.00182891191246948 0.00135837101943093 0.00477358303920674 0.00124072632709573 0.000745565964594441 0.000248631963418944 0.00106371603778199 0.00363279635337079 0.000179286577787607 0.000212275657622785 6.79225193238375e-05 6.10664652818116e-06 0.00332960362028629 0.000265195107423732 5.37040448491677e-06 5.44010024351449e-06 5.98020118770526e-06 7.03770771782741e-06 7.73627319221592e-06 8.92215846916011e-06 0.000290661637373357 9.77787246416728e-06 7.95036987725428e-05 5.02946622154887e-05 3.41807268527949e-06 3.0206058349469e-06 3.31126363090073e-06 2.80915216858135e-06 1.40615367415831e-05 5.7494469183883e-05 6.17769485734776e-05 0.00051847978427233 8.35309553966823e-05 0.000460062707507447 0.000705191645036241
0.0185161238536239 0.066410282778088 0.0407474622496125 0.11593826526655 0.0309700868165237 0.00182709712834228 0.00330990488080829 0.00213115089742359 0.00179368693716603 0.00284189113452817 0.0263161965216341 0.000308317536132385 0.000888974225624395 0.00124831993214164 0.000559157087943163 0.000137761739825493 0.00532494195789468 0.000182943968779248 0.00304232641340434 0.000628611855576178 0.00394915686004325 0.000501729487327185 0.000143850448906824 0.000827739027607333 6.24947999694592e-05 4.95540430821562e-06 5.65717006157929e-06 1.7232955104185e-05 7.34713126748776e-06 7.50712892140237e-06 8.79371105061644e-05 8.34606982335062e-06 5.49118335625764e-05 3.62313102931777e-06 3.44866389228038e-06 3.25183732373668e-06 2.84333972705442e-06 0.000104805910826222 3.61407108717682e-06 4.58438550240192e-05 1.3713052010611e-05 6.46996222357643e-05 0.00223622936989604 0.00164277292622927 4.54177514375154e-08
0.00253622413257517 0.00546155618926605 0.0244975952486129 0.00629882742546499 0.0118722553865155 0.00759767836141236 0.00146686516189902 0.0019515128708349 0.0065681821895577 0.000131225840481175 0.000413975624462515 0.000511244416504253 0.000251608792767388 0.0534324918023685 0.161951595597356 0.0180383196257248 0.000174984458479477 0.000562743303040669 0.00255724546132328 0.0013103585409466 0.000293062041386982 0.000151915187076435 0.000249395555467424 0.000242094348358546 0.000121492521421507 2.53561969232541e-05 3.24775457768101e-05 8.12498282217966e-05 7.31336914903125e-06 8.12771786076194e-06 0.953187918663025 8.01493066395764e-06 6.00154100403039e-06 5.50867907858077e-06 4.23565195977194e-06 3.68645851421823e-06 2.16709534559545e-06 9.12321126125271e-06 1.78643271474543e-06 0.000117909124983306 2.69885904652933e-05 1.77053892651213e-05 0.000723803692151037 0.000194915498030557 0.000456742303746471
0.00113034662687344 0.103789833454934 0.0274840274345479 0.00408699794465175 0.00234445948696403 9.03432400388482e-05 7.77873236051718e-05 0.00381526334664011 0.000733837250144387 0.00106303526784899 0.000371599249635857 0.0113065411634672 0.000121597969221554 0.000399624133237653 0.000984826523931737 0.000513015937003658 0.00263685565960188 0.0002514750645771 0.00151984944543799 0.000950693352879206 0.000192747115334646 0.000130198897498346 2.12477659023658e-05 0.000206435641275671 0.000506518277341095 2.76490150108444e-08 5.85324730912884e-06 6.79860660365295e-06 8.50268844864166e-06 7.84962418248769e-06 7.16574326038444e-06 0.000270471217909163 3.49134268397666e-05 0.0666951245188272 0 3.25052695449024e-06 2.50021274644796e-06 2.21416410511432e-05 1.30798074871485e-05 8.37065281367622e-05 0.0147642732366876 0.00477685535210997 0.00973555955692941 0.0046024178824002 0.000208392331950513
1.98202454448904e-11 0.160140517304535 0.100819271387645 0.0019438618751531 0.00583328274948585 0.00178880365227331 4.90591633307225e-05 0.000102353056400473 3.6012793883744e-05 0.000112878752668411 0.000131261516857373 0.000217985919788732 0.00025661594216233 0.0024969200450073 0.00472848604570285 0.000238557939262307 0.000316763067481318 0.00121225244729694 0.00189915022415379 0.00101974782380255 0.000632348240556346 0.000217024745027417 0.00064513417194576 0.000295821138929908 0.000316867351173389 0.000190269279839328 0.000819647546425994 0.00105686404291969 0.0100941915745694 0.00107793643004618 0.000620428890292613 0.00143866913300952 0.00205187629690173 0.000153308003441355 9.85107417861286e-08 5.58381199466051e-05 3.76286225627354e-06 4.92434876947501e-06 9.07370649164685e-06 0.000527743760489052 0.00314431227678981 0.00234873832906323 0.000127768163499642 0.0320033192936279 0.000313052435080474
5.83477369414553e-05 0.05078101836429 0.065664444486174 0.153972410556889 0.00864496563644295 2.2005530367597e-05 0.00167101394280764 0.00217839632973038 0.000188383933399727 7.71935421414405e-05 0.0019178931159527 6.25402412374965e-05 0.00266001429956884 0.00103036158247886 0.00133751993801388 0.00799439077543411 0.0052867789998345 0.00490788859496547 0.00401713700135957 0.000704406742786901 0.00307755689931675 0.00115252868297038 0.0016906064961737 4.65534681559188e-05 0.000131114367353613 0.000669834726921037 9.41324297408452e-05 0.000924256595719608 0.00438030356336079 0.000334874156892662 9.95551799367389e-05 0.000549594906698925 0.000744786700761146 5.51005604428778e-05 1.93690225749776e-05 4.49095364908669e-05 0 1.36600413436661e-05 0.00223911212913323 8.87053744132338e-05 0.027509875459603 3.77041005346412e-05 0.0608635771320593 0.000866691619881799 0.00653721415081857
0.0269030377216966 0.317289244290441 0.0410421920547094 0.0054184154352015 0.0116062505313003 0.0137687362337932 0.00502249974586019 0.000957203195001122 0.00100688342958198 5.06092537869485e-05 0.00145339890977186 0.000252346595206099 0.0022587369485407 0.00256793838300204 0.000675672191461352 0.000566002310154623 4.74505097436406e-09 0.000140234468641509 0.000856720144988521 0.0043032871549201 0.000111425964587752 5.71652230633046e-05 0.000399649430346416 0.000314148538536096 0.000843649707961647 0.0007950295153343 0.000438729476841815 3.2774864530527e-05 0.000864397688234875 6.49432320417587e-06 8.27588582835492e-05 0.000451354746067822 0.00107905047584264 0.000378607345794246 4.90853771583977e-05 0.000622064478377404 1.49715226633873e-06 0.000394909360338835 7.27538516271276e-05 0.000464328732346786 0.00153901188835804 0.000715509218510491 0.00270295459402635 0.00316944908574737 0.0012612404874254
0 0.0101837471855106 0.40354763623327 0.349867669679225 0.403967433422804 0.114615356206923 0.00133685812091926 0.00585116265285706 0.00118255186841552 0.0152608264125003 0.000244790727607469 7.70036454151746e-05 0.000628890558711026 0.000663999553545946 0.00116295638631458 0.000954503784543514 0.000971832716512988 0.00234197567628711 0.00768283292846306 0.0107589539556216 0.000604586962963294 0.0074121397496981 0.000640296210412927 0.000197866726785545 9.52964247770138e-06 0.00151239210780018 0.000287293781174358 8.38739917526032e-05 0.00207335582022203 0.0015269978092495 0.000643245819283067 0.00141640685669252 0.000453137582854524 0.000841244337248981 0.000619603388462497 0.000213852526825387 2.54701110463329e-05 0 0.0168719285392058 5.00033056405336e-08 0 0.00012396874806726 0.0154091019052733 0.0589869536804949 0.00204400182917146
