Scripts_&_data/Maxent_result_files_1/Bombus_ruderarius_2.asc
NCOLS 594 
NROWS 330 
XLLCORNER -15 
YLLCORNER 23 
CELLSIZE 0.166666666666667 
NODATA_value -9999 
[rows 147 to 167 of 330, columns 460 to 505 of 594]
0.00347315592225641 0.0024703812552616 0.00525781102478504 0.00322541331406683 0.00260663718217984 0.0029929178301245 0.00116615348961204 0.00151049616979435 0.0013384923862759 0.0017291211639531 0.00261191871250048 0.000964800512883812 0.0013050417532213 0.00098022676538676 0.00284405200509354 0.00294674334581941 0.00215054537402466 0.00218178030336276 0.00111649137688801 0.00202901171287522 0.00115450685843825 0.0012072081444785 0.00270066772354767 0.00214589944807813 0.0025941917207092 0.00249750266084448 0.00231855883030221 0.00219777203164995 0.00274239283753559 0.00196376037783921 0.00078142648562789 0.000760219123912975 0.00207642406458035 0.00108044166699983 0.00149880383978598 0.00145007705432363 0.00136399302282371 0.0021932119387202 0.00279835022520274 0.00165136479772627 0.00192613076651469 0.00198180661536753 0.000853377481689677 0.00238376358756796 0.00138926153886132 0.00120294805965386
0.00203608282608911 0.00169852604158223 0.00153460225556046 0.00126534625305794 0.00187869679648429 0.00165624374058098 0.00128295058966614 0.00126876842114143 0.0012034218700137 0.00116749334265478 0.00119523690082133 0.00182947349967435 0.00139767444925383 0.00133980013197288 0.00158061833353713 0.00331294136121869 0.000936401810031384 0.00085295099997893 0.00139741034363396 0.00144634003518149 0.00141312085324898 0.00104652115260251 0.00238413262413815 0.00213469176087528 0.0024638376547955 0.00257879206910729 0.00222827377729118 0.000937999569578096 0.000959741219412535 0.000887323793722317 0.0014320331858471 0.00108800129964948 0.000883620150852948 0.000940633373102173 0.000965503550833091 0.000967976177344099 0.000939331250265241 0.000986641237977892 0.00255196210928261 0.00335371112450957 0.00426300377584994 0.000949093257077038 0.00146890125470236 0.000983591988915577 0.00159163363277912 0.000900972518138587
0.00160257519455627 0.00144399049459025 0.00155656150309369 0.00178279062965885 0.00195414152694866 0.00134510935749859 0.00142930539441295 0.00123903290368617 0.00138836011756212 0.00258625826099887 0.00133668154594488 0.00116828526952304 0.00118224566685967 0.00107428065966815 0.00188356988364831 0.000887668214272708 0.000832877721404657 0.00131855281651951 0.00140556441037916 0.00215680461842567 0.00258810523664579 0.000977964652702212 0.00230799528071657 0.0012577059387695 0.0023852820508182 0.00134776622289792 0.00139000724302605 0.00130568441236392 0.000749260274460539 0.000814021844416857 0.00109476176439784 0.00090065993135795 0.000939913291949779 0.00109313761349767 0.00104733451735228 0.00192011862527579 0.00163002304034308 0.00491965978872031 0.00131500449497253 0.00465327620040625 0.00467336375731975 0.00388020363170654 0.00106058758683503 0.00300870127975941 0.00154797754948959 0.00184914323035628
0.00218653582269326 0.00276063577039167 0.00176692816894501 0.00144231907324865 0.00117436927976087 0.00126173193566501 0.00144854477839544 0.00119124731863849 0.00149123440496624 0.00136741839232855 0.00152700714534149 0.00105433639837429 0.000953549367841333 0.00315736245829612 0.00308730155229568 0.00147646885598078 0.00177459508413449 0.000843426649225876 0.000821954547427595 0.00255465225782245 0.00294393913354725 0.00281512121437117 0.00125268474803306 0.00227421130985022 0.00227992276195437 0.000656511381384917 0.00148518194910139 0.000712743776966818 0.000880681572016329 0.00269766418496147 0.0020693639991805 0.00329493072349578 0.000969749450450763 0.00102776307030581 0.00106598013662733 0.00132938241586089 0.000875364249804989 0.00149362670490518 0.000978688441682607 0.0054475863231346 0.00255540224025026 0.00195609905058518 0.00395497356075794 0.00362378479912877 0.00341576363425702 0.000805688957916573
0.00153284760890529 0.0013986769830808 0.00145601855474524 0.00126804758328944 0.00124893071479164 0.00124755196738988 0.00110945866908878 0.00121869980939664 0.00127656870754436 0.00108857830637135 0.000920157897053286 0.00319286440499127 0.00241184595506638 0.00291720376117155 0.00290034154895693 0.00154818065930158 0.00172673324123025 0.00211002519354224 0.00151522383093834 0.00154468109831214 0.00217266659019515 0.00110659461934119 0.00156222730875015 0.000788336631376296 0.00165771659230813 0.00187192513840273 0.000830214473535307 0.000990726344753057 0.00248543920461088 0.00192476785741746 0.0022353291278705 0.00170617317780852 0.000960168580058962 0.0010257956571877 0.00101981740444899 0.000879262044327334 0.00141963546629995 0.000914676091633737 0.00253866317216307 0.000976399920182303 0.00218799215508625 0.0029734524898231 0.0041699037887156 0.00234922800445929 0.00303119504824281 0.00216852119192481
0.00189789921278134 0.00133636143873446 0.00481011075899005 0.00518268274608999 0.00321335545741022 0.00385041402187198 0.00184812841471285 0.00202873154776171 0.00194543021498248 0.00312982010655105 0.00323247341439128 0.00291283327387646 0.00112246906501241 0.00341198348905891 0.00327841695398092 0.00302155751269311 0.00277053316822276 0.00142962901154533 0.00351750995032489 0.000941960967611521 0.000924256531288847 0.000940494437236339 0.000983209750847891 0.000650079743354581 0.00190601227805018 0.00202624321682379 0.00149777100305073 0.000888109696097672 0.0025231150095351 0.00189296017633751 0.00147026932681911 0.0027301330701448 0.00260145415086299 0.00174763237591833 0.00306522307218984 0.00101777005475014 0.00170361193595454 0.00142780046444386 0.00319741694256663 0.00346718535292894 0.000790252047590911 0.00370121023152024 0.00338859029579908 0.00261336388066411 0.00267036898294464 0.00340106615331024
0.00403207191266119 0.00238791918382049 0.00403501127148047 0.00252132727764547 0.00160978579078801 0.00183025702135637 0.00163921834900975 0.00157345039770007 0.00367238002363592 0.00317869139835238 0.00158729662653059 0.00138320347759873 0.00550994530785829 0.00908896075561643 0.0110687591601163 0.00211367958690971 0.00255315261892974 0.00120982708758675 0.00279895954299718 0.00094360972288996 0.000849866005592048 0.0012420101382304 0.00102244231966324 0.00191827705129981 0.0011731133738067 0.00202976721338928 0.000734174423268996 0.00203540535876527 0.00110325396526605 0.00251222292426974 0.00115589612396434 0.0027994544361718 0.00290319771738723 0.00185691015794873 0.0021458952804096 0.00401921616867185 0.00319054364226758 0.00128976188134402 0.000829231756506488 0.00269899425329641 0.00263772692997009 0.00251441890140995 0.00336539333220571 0.0045219891006127 0.0022584811784327 0.0031202923739329
0.00330817098729312 0.00471609935630113 0.00415049975272268 0.00409240066073835 0.0040498572634533 0.00406925715506077 0.00177144077606499 0.00172926521627232 0.00164190522627905 0.0031238354742527 0.00316746365278959 0.0030092770117335 0.00140955284005031 0.0027533390908502 0.00124425760586746 0.00125334451440722 0.00110922668827698 0.00202620422933251 0.00123111711000092 0.00138043485931121 0.000853205745806918 0.000890546635491773 0.00113004619488493 0.00185920629883185 0.00171528616920114 0.00195161141455173 0.00192568948259577 0.0011716035020072 0.00103897695662454 0.00111142079113051 0.00183690536068752 0.00262273201951757 0.00217497320845723 0.00136887496919371 0.0024521031184122 0.00308215479599312 0.00137719044578262 0.00273307964671403 0.00176665390608832 0.00135086527443491 0.0016147849150002 0.00180058949626982 0.00137191072572023 0.00235538728302345 0.00256845434196293 0.00148370952229016
0.00224802915472537 0.00211587133817375 0.00423606403637677 0.00396816092543304 0.00444137195590884 0.00179942584363744 0.00169389767106622 0.00163760440191254 0.00156642296351492 0.00149119076086208 0.00141080447938293 0.00139827625826001 0.00136395340086892 0.0013005463173613 0.0012871004990302 0.00122816986986436 0.00109764685621485 0.00107052370440215 0.00116046995390207 0.00207510741893202 0.000757856632117182 0.000907395122339949 0.0012752631038893 0.000945543852867559 0.000940987491048872 0.000888021552236751 0.000880052900174633 0.000887745764339343 0.00100031543988734 0.00116075478144921 0.00155511385528371 0.00249172016046941 0.00249955195467919 0.0017111474648118 0.00269045121967793 0.00183422131231055 0.00203438446624205 0.00214161376934499 0.00232179408194497 0.00102854754659347 0.00109182303422131 0.00116656556492671 0.00140136081608944 0.0012838484137319 0.00174197991145775 0.00170415372122079
0.00435966688673943 0.00190762367565185 0.0017087810439989 0.00383378441911191 0.00175338864792138 0.00172838787548244 0.00164475331548601 0.0015628739609383 0.0015190995298326 0.00146731382701546 0.00143347639823332 0.00137873277999461 0.00135404629982077 0.00138155896565877 0.00123964858357795 0.00113677356857806 0.00105724888271652 0.00217667319811881 0.00230555238667876 0.00197937292978168 0.00129452281398699 0.000855791114736348 0.00130844953237101 0.000922942778561264 0.00117738254484721 0.00141066396608949 0.00161855063633993 0.000876430730568245 0.00243193584028631 0.000966061791405082 0.000958928460022435 0.00107155503355898 0.00142334588454105 0.00125451213680208 0.00123571478761733 0.00237633988726884 0.00108829770470038 0.00122988080838695 0.00127013180172071 0.000994544377317652 0.00104107744991779 0.000886733923107386 0.00103950231568888 0.00214692811714485 0.00211890799691901 0.000930725387297571
0.00189424506388605 0.00183362675597891 0.0017848631250672 0.00364906617905945 0.00236019731964916 0.00333445449359715 0.0032489703502506 0.0015040815458633 0.00143121965229511 0.00273321503773332 0.000741824085707776 0.0017938315635547 0.00134484884911217 0.00123587956186384 0.00107289228471927 0.00107011817744933 0.00103505671140738 0.00105525832041167 0.0012017035332974 0.00261970742139965 0.00270738021936268 0.000835218455176801 0.000751488990499638 0.000836623582290485 0.00099544440745376 0.000819977949140593 0.000828158017247915 0.00124349277466536 0.00294875762192532 0.00249100079527125 0.00100508739706129 0.00114930376294069 0.00105408112867735 0.0011097333568614 0.00179955271305516 0.00315072191879153 0.00108718342962675 0.00306727353017777 0.000895095808664337 0.00107296781498007 0.00144179038470611 0.00191824869252741 0.00091333810123615 0.000856680108699948 0.000865095830522478 0.000887562922434881
0.00374619718641043 0.00375301269814372 0.00169451617402956 0.00305138709954917 0.0021607456728816 0.00152566187316552 0.00146443807752803 0.00138114809524268 0.00264920534100384 0.00253252242691815 0.00121318611782044 0.00120065796654671 0.00117312862421386 0.00115849791909568 0.00109633016982116 0.00105997897917405 0.000985598366241902 0.00100246852380224 0.00119678025948815 0.00126115224556997 0.00243296138942242 0.00126093297731131 0.000801413785666227 0.00157724933233112 0.00250976120587438 0.000849881119211204 0.000759024519356899 0.00235897516831756 0.001390856213402 0.00341197226662189 0.00156681390944868 0.00200925951357931 0.00146134349051863 0.00156584946671501 0.000793752813478932 0.00179909269791096 0.00150569052202627 0.00121842180378735 0.00135352860670537 0.00277939242077991 0.00144810837227851 0.00193889446090907 0.00146481869742274 0.00192914996296167 0.000902876345207915 0.00116568586672656
0.00180069850757718 0.0013956245558802 0.00160628969315439 0.00145801972830668 0.00140574253164232 0.00136918610660359 0.00132594209862873 0.00122732152813114 0.00122295840410516 0.00119371038163081 0.001154744514497 0.0011332216730807 0.00108485697419383 0.00105684331501834 0.000990721600828692 0.000948046997655183 0.00101139014586806 0.00101483791368082 0.00113591348053887 0.00110488921054639 0.00226204541977495 0.00114353920216672 0.00264005624921992 0.00187709567835554 0.000786948666791432 0.000783086282899603 0.000824294099584222 0.00162119951564819 0.0023894626297988 0.00141920155147091 0.00304079751949757 0.0015196651162114 0.00144097025040537 0.001922860997729 0.00200350439408794 0.00237625375157222 0.00138293426134624 0.00141150014242157 0.00144187065307051 0.00077366532641463 0.00230470214737579 0.00141040281159803 0.00143929613986984 0.00147377500543371 0.00314076880458742 0.0016014235210605
0.00170949775492772 0.00162154107820243 0.00142012368887663 0.00313213728368282 0.00130380549235269 0.00128275889437646 0.00118586971657351 0.00115440578083508 0.001152949599782 0.00113746845745482 0.00116187650128268 0.00112303597270511 0.00104776791995391 0.00106869639712386 0.00103183463797905 0.000834074715385213 0.000866845855489373 0.00092588733532466 0.000998391036409885 0.000981850165408105 0.00197130381129682 0.00104345243889838 0.00110956928110681 0.0023910220246762 0.0017822734429501 0.0012051364115905 0.0020404068636708 0.000658926408505067 0.00222331484546885 0.00137207132065669 0.00280849868431687 0.00186196338618174 0.00097194979316555 0.00102126725832932 0.00167689878726378 0.00128194401040673 0.00131469112238847 0.00128233641153201 0.00126101935748011 0.00269713340094313 0.00281515305396169 0.00144140626071021 0.001556282537058 0.00163701772689819 0.00243333880789578 0.000944264436839148
0.00153079575393349 0.00142570898169652 0.00129210851737298 0.00121002742089331 0.00115938016097061 0.00113911298103631 0.00114551554434001 0.00119341580430046 0.00122370941680856 0.00120337764383294 0.00118283988558687 0.00115571751957759 0.00111311430227943 0.000944781891303137 0.000889831542735919 0.000858486403012648 0.000781631685094908 0.000780496088555083 0.00133918777573854 0.00171324163675308 0.000871524773538113 0.000951968843583018 0.00102801680914126 0.00115517925005406 0.00122966561466455 0.000955214793793857 0.000896069000009447 0.00113905694452114 0.00197081725345925 0.000650428514927626 0.000705088107497431 0.00257309421431273 0.0018088364158757 0.00160906221717596 0.00119769683224149 0.00121702299220487 0.00262879446381703 0.00123913083807565 0.00124406421091408 0.00133756438735873 0.00147417595144361 0.00308659202419221 0.00327237010933459 0.00152874054620042 0.00146521461429074 0.00311673046089709
0.00137972289812751 0.00124094258644618 0.00113158972817473 0.00112061993568204 0.00112305510556325 0.00112230677041225 0.0011709867278114 0.0011147209268529 0.000988401158247143 0.00100704886717722 0.00116659284685738 0.00112807633122429 0.000991095975041389 0.000887722411425784 0.000829418684588745 0.000807313958648592 0.00075245822663419 0.000748586806003004 0.00155424067052081 0.000847955793142319 0.000893954781349748 0.000985099753597751 0.00112671958631836 0.0011847241257783 0.00256681574974209 0.0022768538328819 0.00173627256881446 0.000594595994334668 0.000646210735430941 0.000695285687106662 0.000649979390436783 0.00107756681973115 0.000712813771679066 0.00252535864710808 0.0013521590968594 0.00127855361206457 0.00128480325220153 0.00128890526248142 0.00135441508027725 0.00137933640507981 0.00143061543349177 0.00151460968190804 0.00147601577918977 0.00142001225613058 0.00143091751961038 0.00137963237939402
0.0012559354363475 0.00111661943374202 0.00104716031928547 0.0010322987800464 0.000927602220326662 0.000886716577224433 0.0010037898493465 0.00105060171918012 0.000892282754648477 0.000922618480399251 0.00100302738137543 0.000881359347840771 0.000853947753785178 0.000881691597169265 0.00084227558108978 0.000744664084049873 0.000662579693016596 0.000737706702784635 0.000723195660975762 0.000743587929173373 0.000771171151427552 0.00173850324936211 0.000944048230303451 0.00103986361064017 0.0023504612618126 0.00225855999160558 0.00178798846900463 0.00231026974506676 0.000736873102141544 0.000624843008699827 0.000669581224792637 0.00182708343490958 0.00289307753555477 0.00289902265649289 0.000891612318810076 0.00138205454568379 0.00125483995070681 0.0012367207033094 0.00125426559243351 0.00132091784616932 0.00132176303886808 0.00137156992568634 0.00132795029785484 0.00131831095204689 0.00125538865686394 0.000517654714349192
0.00111740865977481 0.00103343210066669 0.000982790684793144 0.000890863692620769 0.00082662379136309 0.000834214146016166 0.000859723926987499 0.000865513493772596 0.000792487640865147 0.000767063046805561 0.000898608198622242 0.000763119611656293 0.000714082762715407 0.000789410556899384 0.000684919371269643 0.000665302021661773 0.000599447038257495 0.000623840856133029 0.00147061701281928 0.000710649430402555 0.000693387194769457 0.000825053011067212 0.00102704370510764 0.000932775781257078 0.000830284162657335 0.00106410406297073 0.00115948072634637 0.00119643553625792 0.0018694436410442 0.000721898706979118 0.0014398654224351 0.0019077310920693 0.00306359203532338 0.00248716856585816 0.00138733189669438 0.00130051969899796 0.00120695888181217 0.0011510401382111 0.00117651595501229 0.00120304701267742 0.00117519455961883 0.00261145164258778 0.000703563028946519 0.000971967002260499 0.000419151278038044 0.00029061014065519
0.000994023430394009 0.000948468752903864 0.000878861907403916 0.000807027786504477 0.00075765869114548 0.000754897389560938 0.000762118416605517 0.000745339537388645 0.000673027610173449 0.000698081095470116 0.000735336937941611 0.000653918241732754 0.000655220964108594 0.000655650571570732 0.00156136665027589 0.000687315760296769 0.000548548836377449 0.000547987222671509 0.00145130728487857 0.000652729405555874 0.000773163174744695 0.000817670131800696 0.000775640248320997 0.00142492459854111 0.000775537959998473 0.000905983679695055 0.00106772074359469 0.00121173012885265 0.00274498165817931 0.00137941439752467 0.00236335890367627 0.00272039065603167 0.00141602134681307 0.00289968850556761 0.00131070211646147 0.00132483105408028 0.00125538748106919 0.00115727283991873 0.00115537554374896 0.00116695874021389 0.00121089529129677 0.00123747977195308 0.000390499645436648 0.00174050142522901 0.000251391837809933 0.00157343074679375
0.000926554267061874 0.000830251345178112 0.000777772418223321 0.000729989752289839 0.000687732812366448 0.000645764300134033 0.000681730353971943 0.000707843215786852 0.000638383912155405 0.000659384948085062 0.000647069976548664 0.000568351810215972 0.000539091322571039 0.000558873801492155 0.000749517034273595 0.000618245513760485 0.000496627992833964 0.000526855641510338 0.000550065079005435 0.000605245702899992 0.000604594332980923 0.000663082167739049 0.00115154361119494 0.000705884586204775 0.000999125378439203 0.00102007710374892 0.00109484930871986 0.00125328379217535 0.00133852077415213 0.00142668090411462 0.00149845372652635 0.00175088285468519 0.00241857356159016 0.00314208536874503 0.00138149843551219 0.00129719842225313 0.00127122543053702 0.00129628804279491 0.00129351243376732 0.00122787902364507 0.0012416806363035 0.00115852477028966 0.00088725168898236 0.00158099884865805 0.000361409936158452 0.000794093889999203
0.000782410934334621 0.000703880260698497 0.000685971233178861 0.000686202687211335 0.000642291945405304 0.000612130909576081 0.000567242142278701 0.000583121448289603 0.0006154236063594 0.000628466170746833 0.000610276986844838 0.00053109343862161 0.00049479981244076 0.000489868537988514 0.000647277841926552 0.000479378728778101 0.000467525020940229 0.000558290720800869 0.00124563231947832 0.00155671421671286 0.000549855610006489 0.00127869099378586 0.000631622070795856 0.000762457773089409 0.000986869959160686 0.00106030383030884 0.00117417720612139 0.00133985779248178 0.00140568151837215 0.00151192689081654 0.00160981208318844 0.0016886833589524 0.0016122922883369 0.00141041659517214 0.00134983463212848 0.00138308244640939 0.00144977936870418 0.00139956119819544 0.00139168681926094 0.00136330636451021 0.00134749923017807 0.00121397463954054 0.000973297102609649 0.00117469383403659 0.00113992370315827 0.000745794619433582
