Scripts_&_data/Maxent_result_files_1/Bombus_lapponicus_2.asc
NCOLS 594 
NROWS 330 
XLLCORNER -15 
YLLCORNER 23 
CELLSIZE 0.166666666666667 
NODATA_value -9999 
[rows 260 to 279 of 330, columns 440 to 483 of 594]
1.25449897137031e-09 6.13001749361075e-10 3.70674124727799e-10 3.72318753605327e-10 8.80853723295161e-11 2.54222365381196e-10 7.6787541880563e-10 8.95478469153943e-11 2.91980917221935e-10 8.73642533538721e-08 2.919202976015e-08 4.96201178521005e-05 0.000360484988959797 1.49198546672835e-07 3.4694127901691e-07 4.8360430482397e-08 5.98391002859522e-08 2.11034288554401e-05 1.33773603522513e-05 3.95102572952055e-05 7.51924983660501e-05 0.000112037213193616 0.000146980228510074 0.00123060678160982 0.0014130374242086 0.000416062181466259 0.00419587265932933 0.00893133948557079 0.0135568556841463 0.00870569056132808 0.0100267922971398 0.0135972120333463 0.0053144596691709 0.020788243599236 0.000570074055576697 0.000237006739553181 0.000614440132630989 0.000329808472451987 0.00038260715737124 0.000407475951942615 0.00013200224063894 0.000365630535634409 0.000147907165319339 0.000167152895164691
1.0333587300293e-07 5.77895216125057e-09 1.04857844629436e-09 2.94820533541795e-09 1.06820288170439e-09 6.55846965624818e-10 2.26503016342861e-10 1.36817877027795e-09 9.16670006567699e-10 6.36245611751463e-10 9.22829828109428e-09 1.20736757946993e-07 6.66878513966296e-08 4.49586898998433e-07 3.19425051813482e-06 3.7623853097557e-05 1.4942077680713e-07 2.54188447723624e-07 2.04962703997946e-07 5.70239803643346e-07 1.12247935888377e-06 2.70310811885111e-06 6.58820058276888e-06 1.13642648926771e-05 9.91334071045458e-06 1.5432612690347e-05 0.00193785195588134 0.0162000866606832 0.000174651522138447 5.40179123618145e-05 0.000137557518610265 0.000264288619746367 0.00418701047892682 0.00504645097535104 5.80458048716537e-05 0.000107018129165226 0.000201658468358801 0.000340967994998209 0.000457140657817945 0.00140902298153378 9.79788334461773e-05 0.00710037192329764 0.0028219758765772 0.00108523259405047
4.112589512828e-07 5.90509177111898e-09 2.83061586392463e-09 7.77200954704682e-09 1.12313941702524e-08 9.97507876299153e-10 4.33952818124084e-10 1.29346534594177e-09 5.10799290309727e-08 1.45646705806968e-10 2.09461925582133e-10 4.98679597615848e-10 8.69018832450052e-09 2.72960930081112e-08 1.75643365296629e-08 9.4817283813331e-08 3.95966288202487e-07 9.9143319431505e-06 4.12425941789252e-06 6.59723965554804e-05 0.000158746952183719 3.29139481038965e-06 6.69494887084454e-07 2.56355899352911e-06 1.2743790342995e-06 2.63150586050642e-06 2.68076095608194e-05 8.6887614600073e-06 7.29128020395819e-06 0.00119804896385176 9.06669640244218e-05 3.21105303100921e-05 3.36086849301864e-05 3.26803771940831e-05 7.07213621353731e-05 0.000359858566662297 0.000474738117191009 0.000502785157004837 0.000675701127329376 0.000786684764898382 0.000983193822321482 0.00104692479362711 0.000816822465276346 0.000981043506180868
4.36630156097628e-07 2.73368284595676e-06 8.21370476722372e-07 2.80263025342897e-08 2.06741367803076e-08 7.52091655065179e-08 2.46874177767253e-09 9.86311665673867e-10 2.27930281315736e-09 1.5149520526947e-10 3.56022622494123e-10 3.30420479865978e-10 5.72454217362406e-10 1.05177692111269e-09 2.42001599870534e-09 1.07582213471069e-08 1.61872119153195e-08 3.67394639688712e-07 0.000102787832202011 0.000222920252508629 5.90061205684833e-05 4.13552720488042e-05 6.08117743240655e-05 0.000236742531524214 0.000134769858414074 0.000423822604352608 0.00183108348574024 0.0016923407689319 3.54772977289031e-05 7.46461503695173e-05 0.000109518917543028 1.90092413504317e-05 7.58107091314741e-05 0.000159796175103111 0.000186521356226876 0.000159446663747076 0.000253896884532878 0.000325432744284626 0.000385778031341033 0.000279154721965824 0.000553473866602872 0.000552089810662437 0.000830624013906345 0.000749113535857759
2.28136448621186e-09 4.03799662244131e-06 5.99899361586331e-06 9.48146977708397e-08 2.23337234817045e-08 2.72749980256837e-07 1.41246797347172e-07 1.14649146620849e-08 1.36465529321228e-08 3.17991821763286e-10 1.80417879525052e-09 1.72196051861917e-09 9.29264287741205e-10 8.70634508931545e-10 3.16659095611627e-09 1.88909146103811e-09 3.8678214298038e-09 1.22340589503445e-07 1.65673491299145e-06 6.05067693868477e-05 5.0398661642248e-05 9.44942090427503e-05 0.000426729850732954 0.00103849583974807 0.000737169349304168 0.00191738850844558 0.0111470942152664 0.000526691382401623 0.000181543830694864 0.000107351029328129 1.91982178769479e-05 0.000366369133553235 0.000848350275191478 0.000499416194361402 0.000143871799627959 0.000208728873167274 0.000243643475914723 0.000240470336211729 0.000198463181368425 4.79852162786898e-05 0.000384069886058569 0.000114925148380962 0.00078372845746344 0.00114397587894928
2.10183259685692e-10 1.74856974455295e-09 2.4513430110118e-06 3.17974394148379e-06 1.90544410927362e-07 8.65609242006737e-07 3.25056114125477e-07 2.56358130723555e-08 5.87514840444392e-08 6.17148532278122e-08 1.24916814669973e-09 4.01788764481381e-09 1.37647354625514e-09 4.22059487359405e-10 3.00993718838072e-09 3.60978258395761e-10 4.25090673772388e-10 3.23105807664703e-09 5.26716197324362e-09 2.4306433787924e-08 5.28486611983681e-05 5.29789982920192e-05 0.000661121884695604 0.000179997089162498 0.00022714771093888 0.00137406313588144 0.00192153776006307 0.0124573627486825 5.05172719385882e-05 0.000411529573830194 0.000497273893051897 0.00136098997027148 0.000207248720471398 0.0020319847506471 0.00031740570848342 0.00035527362015273 2.37757643482439e-05 4.50365201841052e-05 1.77901505820754e-05 3.4934964797495e-05 4.04977962798814e-05 0.000223000733967638 0.00228427431429736 8.91164143467904e-05
2.21240359365993e-10 5.43908255101755e-09 2.39705439941673e-09 7.10002340476024e-08 5.71090667966789e-07 1.39819753446346e-06 8.22860155480498e-07 4.52638267722794e-07 5.03532670448337e-08 6.74838100189756e-07 4.15850885948643e-09 6.77704192764139e-10 7.42003669618185e-10 4.27723012563774e-10 5.82363124390639e-10 2.26422647298108e-10 2.52575349524164e-10 2.63126131994085e-10 4.17479417702538e-09 9.10018425059889e-08 6.8308453862187e-07 8.03507820421601e-06 7.68823527323548e-05 2.55186139270336e-05 2.19858646005378e-05 0.000154836346337106 0.00127854752499843 0.00118005303083919 0.0033292232954409 0.000861749537580181 0.00216665281914175 0.000504464872210519 0.000398126309301006 0.000394750726991333 0.00139903037925251 1.94629351939923e-05 2.56368920688921e-05 2.17782061441185e-05 1.32408159557618e-05 6.80869217550395e-05 0.000198945976080722 0.000581464712740853 1.25756409261157e-05 0.000364515454566572
3.12327708140714e-10 4.29446467276051e-10 1.33631976595439e-09 7.65177583517129e-09 8.22535421773907e-08 3.34730598963162e-06 0.000294833881343948 4.15315471857802e-06 3.86507608629572e-07 2.75590856766428e-06 1.03213785955791e-06 7.31537216358547e-09 1.5905190497989e-10 9.09211705923951e-11 5.65719537881648e-10 4.3469251531647e-10 7.11496095373576e-10 2.48366033295255e-09 6.27042623380092e-09 8.53408938041866e-06 9.10112159524523e-08 1.0839939096341e-07 6.1513060856111e-08 2.77983838503637e-08 6.65440642588777e-09 1.99888945584537e-07 0.000350008526947931 0.000318115359368676 0.000264796915507759 0.000203309923472261 0.00023377704401355 0.000470225512981415 0.00198464282730129 0.00103011830506148 0.000519616899691755 2.84877895659008e-05 6.07438340765043e-05 3.3001464085336e-05 7.37079292962406e-05 0.00336795554030687 0.00030845787623548 0.0021763518161606 0.00133470100408886 0.000685183407040313
6.30944796409239e-10 1.73769100220156e-09 7.6712643348742e-09 1.55875778062864e-08 2.42764362057279e-08 3.46744368273644e-07 2.06373961646023e-05 9.61919670858791e-06 3.93146271967515e-06 3.36236347160401e-06 7.66373342503401e-06 8.20604692153282e-07 4.582317014723e-09 7.6191429831951e-10 2.80455159096249e-10 1.0502282932201e-09 3.1050995996651e-09 3.39824504091979e-09 3.02216001113464e-09 7.40986225711282e-09 1.70822308964702e-08 9.5618706952294e-09 1.71209791899329e-09 3.67223811359452e-09 5.20146588023351e-08 3.93324818936946e-07 0.000265539646352408 4.30391100181282e-07 1.23196485297683e-06 9.96799219499245e-08 2.86682450201248e-07 6.24257594683542e-07 3.89006034018369e-07 1.26780548755923e-06 0.00169207479048055 2.55911842828027e-05 6.257667558347e-05 0.00010068647918402 0.00476760639576241 0.00479939411161467 0.00160979234788101 2.49869838910399e-05 1.78682155137722e-05 0.000381818750429375
1.86875115382179e-10 7.25671910339898e-09 1.02745193564235e-07 7.95149089904967e-08 1.64945822112017e-08 5.83322485236959e-07 2.9992648275301e-06 1.57241764144889e-06 1.29315626695714e-07 7.06924904059214e-08 6.88558800976402e-08 4.0315571622207e-07 1.09236708900617e-08 7.37749905610485e-10 6.01594862814636e-10 1.74086944859653e-10 1.61418367561339e-10 1.34487129210825e-09 3.45237409771215e-09 7.35907023097226e-09 3.97003228624904e-08 4.67806825499295e-08 2.4004153109658e-09 7.4837615815504e-08 8.26515090479596e-08 1.8743315322034e-08 4.2078344808516e-07 1.1463830617231e-06 7.06435806563377e-07 6.89841186085616e-07 7.34617153663741e-08 5.23557667631014e-07 6.08027634672048e-06 7.24456548977237e-06 5.72927279336e-05 0.000273304443103939 0.00028166114866508 0.0103313493775204 0.00143147652124753 0.000132115527776477 0.0004091893293662 0.0107140824664384 3.13719812696789e-06 3.53002791553259e-08
2.20776930071054e-10 4.3631239732278e-10 1.47741408440538e-08 1.68325254845669e-09 1.63405290187768e-08 1.25574041887067e-07 3.15056166155792e-08 1.99714980975152e-07 6.90574994577364e-07 1.40463254072465e-07 1.3259326114845e-08 3.83659504166189e-09 5.09294921791081e-09 1.02316777272904e-09 1.00496999611011e-10 7.62829022171729e-11 1.79481796092063e-10 9.19453979619789e-10 7.01863167584804e-10 9.46547795699359e-10 3.07118308562337e-09 3.56361025133367e-09 6.4532803767392e-08 2.40595823486345e-08 3.96695680748849e-09 7.55117943729289e-09 3.21234139288862e-09 3.60462237836146e-10 7.18725521320351e-09 4.97207212846185e-08 2.22951998085641e-08 3.34739075569246e-06 2.46588531211955e-05 7.84885297566262e-05 9.89464393578388e-05 0.000277631259086775 0.00223031115019694 0.000534759311267408 3.03945553469021e-05 0.000392881401603518 0.00714412141824141 0.0163048147689551 3.18111917696484e-08 1.09755422350588e-06
5.66682922809036e-11 6.91656620865899e-11 2.76679745780939e-10 6.55272514027416e-10 7.53354462812439e-08 6.48446082152088e-07 6.77347071098566e-08 3.33044870459709e-08 2.00440388278267e-06 1.68529235463621e-06 9.13275896019528e-09 1.13925935463222e-08 3.01288132220634e-09 4.78403172632369e-10 1.01947139619085e-10 5.62585533714355e-11 1.20004706172239e-10 1.71930969461442e-10 4.21867087929684e-09 6.98926376774267e-09 3.09403068721181e-09 1.26769608255195e-08 1.46410612633652e-08 1.29326094278071e-10 5.36350075464043e-11 1.71025948958459e-10 1.00571317940279e-10 8.57185245006775e-10 7.99940969020696e-10 2.09699928532814e-09 2.91321290424307e-09 3.78440071657771e-07 8.7775674542101e-07 0.000799632411508355 0.000959446337947156 0.000622277514776215 0.000661318455968285 5.12806838781632e-07 7.03413745473114e-08 1.62718703200504e-07 0.000319284803117625 9.29816326788568e-05 4.19750308537914e-06 1.61653005026352e-07
7.0020522713321e-11 6.71716904321329e-11 1.03534147921636e-10 1.97353389186361e-10 1.12007666475122e-09 1.89204695244527e-09 3.655994738061e-08 1.22648898803757e-07 1.21046343048992e-07 1.00839311056866e-07 2.28072279506719e-08 2.48982643391571e-09 1.4854462904168e-08 3.27495770502395e-09 5.94649551821647e-11 1.84065440667069e-10 1.10261378916121e-09 6.19025494197345e-09 3.29101901286322e-09 1.19423559929999e-10 5.70701264024365e-11 5.6928495251185e-11 1.03020769692819e-10 1.4333034759062e-11 7.03587077488521e-11 6.05373640105711e-11 1.38119945480852e-09 3.20029536204913e-10 6.9975513272702e-09 1.35675436552241e-08 9.23245264461414e-08 9.49873728561812e-08 5.77992706363162e-07 9.87051773790881e-05 1.34530996433568e-05 3.01058739688997e-06 1.53796954938112e-07 3.80312677461525e-08 3.97360973014571e-09 1.37015073764513e-07 7.8671327130575e-08 2.04644527066478e-06 1.45139140705908e-09 3.59966728757932e-08
5.80390957516386e-11 1.12819198427871e-10 1.89247617576882e-10 1.25951993279472e-09 1.6623535292748e-08 2.14426864597606e-08 2.6427887545033e-09 2.36655412155784e-08 4.41370054060641e-08 5.84636782652304e-08 3.05749967566271e-09 1.71111901314802e-09 1.22032594029875e-08 1.08394091480335e-08 1.78725118038514e-09 6.60784205130938e-11 1.2011434069592e-10 7.48394790583973e-11 5.15897213837491e-11 1.17954057632375e-10 9.03725871914673e-11 2.04376249257621e-10 5.93266546999871e-11 3.44403616736599e-11 1.20939414038901e-10 1.12670741625465e-09 9.91229355262746e-09 1.17154579371004e-09 1.65166356147495e-09 3.74831188310054e-10 7.58714926440973e-09 8.42101910425441e-10 5.07954360795537e-09 3.60170243740576e-08 2.27677020359085e-07 2.81559651038599e-08 6.83771439469183e-10 1.09908554479787e-09 5.91898119406409e-10 1.00472596908929e-09 2.06963332027854e-09 6.94547560575742e-09 5.35753739313805e-05 3.09048325375372e-08
2.31234253966761e-11 3.5521996455401e-11 6.07453976009253e-11 7.64241447903657e-11 1.81353720929422e-10 1.68780546205838e-09 8.88391417097623e-09 1.63220788773621e-08 8.28979382916373e-09 1.27155026063974e-08 3.10868142450182e-08 4.65008227479302e-09 2.65680211164465e-10 6.29018537257053e-10 2.10255990396035e-09 7.11037340117571e-11 6.9734729102322e-11 4.17780032790915e-11 5.70113178888221e-11 3.5455949287666e-11 9.25502230408881e-11 3.00702573952094e-11 3.41574324380645e-11 3.06887182333071e-11 3.66702113119288e-11 6.96610880090987e-11 7.14906356336087e-11 3.00100722050445e-11 3.93736598880423e-11 4.74885020196325e-11 5.96175997458204e-11 1.31056088203962e-10 8.80416517468063e-11 4.52123727345821e-10 1.04722290839021e-09 2.23466092297286e-09 1.46507833642673e-09 6.93376100979748e-10 1.58522328597144e-10 2.24917007241032e-10 2.81179249883579e-09 6.00919087268004e-08 2.96861043280749e-07 4.79156572730233e-07
1.52104440154233e-11 2.24183116515064e-11 3.59446250541851e-11 8.1731599266277e-11 1.39799360976411e-10 1.02229918974572e-09 6.13855212217018e-09 8.04061583981053e-09 1.46173642079361e-09 3.57017282404115e-10 5.52343675241929e-09 8.15288585975793e-08 3.26088267499358e-10 1.16443632514063e-10 9.90999060590525e-11 8.41526848205376e-11 6.17802697888692e-11 2.85850454417869e-11 2.26378471523958e-11 2.22775797809049e-11 2.87879720062278e-11 3.26523141858104e-11 2.91313195788234e-11 2.9213353958113e-11 3.01920155543201e-11 2.67892485972254e-11 2.34762653761322e-11 3.39226646772772e-11 4.32774371894595e-11 4.11135236966231e-11 4.48261761043511e-11 5.85874349035009e-11 8.70864491631096e-11 1.20136289805117e-10 1.10327214031258e-10 2.21451557091967e-10 1.92536186993664e-10 1.04419195512406e-10 1.07977626839784e-10 1.57097423958419e-10 1.83433859213267e-09 3.94864250186089e-09 1.11273095870779e-07 8.62491221775841e-09
1.22047927320068e-11 1.5835532884978e-11 2.94921420618266e-11 5.46850897897855e-11 1.71413094829376e-10 4.56643300950077e-10 1.00575180406182e-09 6.62300083664746e-09 7.95266911213233e-09 9.53380852042329e-10 8.23609780375989e-10 1.90874404837338e-08 9.79938241663092e-10 3.19162041240162e-10 9.67969038256911e-11 4.50695036846582e-11 4.86340523409012e-11 4.59233207017462e-11 2.42550868279068e-11 2.36464403613468e-11 2.55489074341142e-11 2.89217760851557e-11 2.67370126039168e-11 2.4838719969722e-11 2.07411199326657e-11 1.92491134143324e-11 2.42244779791179e-11 2.73181699483871e-11 2.7683533243561e-11 3.08093328627024e-11 3.6320313423488e-11 5.45327449863464e-11 7.0892280934487e-11 7.35124849882141e-11 7.1006844848398e-11 6.75562716878631e-11 7.99495025738395e-11 2.47290521393495e-11 1.34133792961677e-10 1.6033973260221e-09 5.81247513453675e-09 1.1200561272906e-07 9.21514545781932e-09 3.37721011156589e-09
8.1830875409139e-12 1.16629039759175e-11 2.20439666520633e-11 5.67391467143352e-11 1.12998332912895e-10 2.84877432754627e-10 2.91653046158302e-10 2.47374098982789e-10 7.8351644283714e-09 9.94933535558573e-09 2.49283647058007e-09 1.40619180744039e-09 8.01784061366106e-10 1.61425306455243e-10 6.76689038137113e-11 4.24040136337567e-11 2.7237867517016e-11 1.72717395940936e-11 2.13503326129683e-11 5.97474625330108e-11 2.26346830167756e-11 2.31101471293016e-11 2.16253903673191e-11 1.90031212987662e-11 1.72599046166511e-11 1.39064537663103e-11 1.39231071116797e-11 1.60760293965723e-11 2.08713935023752e-11 3.2821589890375e-11 3.42730621660792e-11 4.5390180503091e-11 5.39386979525602e-11 5.91174664776872e-11 6.09131078910252e-11 5.82654591241294e-11 2.45079379013191e-10 2.56300569656531e-10 2.34668284804229e-11 2.66414668104176e-10 7.7283925925542e-10 1.34210773605759e-09 2.54119574272238e-09 2.45847553426159e-10
6.25123286468465e-12 8.17124146124115e-12 1.40122025094058e-11 2.64829824736523e-11 4.15594003655428e-11 4.21502233116655e-10 3.97160112575179e-09 6.78836653555948e-11 5.40144040606094e-11 2.04304206885553e-10 6.3722025434032e-10 7.9945783326707e-11 8.40005065505523e-11 5.14582820798637e-11 5.1678084034279e-11 3.32544547454461e-11 2.15209072784717e-11 2.50012899272178e-11 2.60588328693245e-11 1.93277283067062e-11 2.67639466144942e-11 2.07738382052014e-11 1.70520930709017e-11 1.43447143052811e-11 1.27571841979091e-11 1.24680710200664e-11 1.46080592067221e-11 1.82995285591403e-11 2.39465780538239e-11 3.1891622676028e-11 3.73144182219676e-11 3.87567533621791e-11 4.88947105026227e-11 1.02808428437129e-11 1.11833986515819e-11 6.47427111921672e-11 1.85728943336017e-10 8.9901930344638e-11 3.85711573791525e-11 1.56946411422609e-10 1.72016145771892e-10 6.45418385403218e-11 2.47429410293876e-11 1.39940126153704e-10
5.47220047053543e-12 6.20851148269708e-12 8.8998475256119e-12 2.00677252593096e-11 1.7192813839273e-11 1.93718263652443e-11 4.61055860156989e-11 4.97960894740856e-11 5.97153215764479e-11 6.58246124274342e-11 1.01246111494646e-10 3.47241790876751e-11 3.42234240946482e-11 4.70869565560861e-11 2.66706656759652e-11 2.82720846733753e-11 6.7785210777771e-11 1.05719744070143e-10 1.47740220057813e-10 2.26125118629739e-11 8.06379407691793e-12 1.25550569940458e-11 1.59015245415617e-11 1.36155753338585e-11 1.29852240071671e-11 1.139430771957e-11 1.51113455082452e-11 2.31346719559156e-11 3.41983663609824e-11 3.54987150785746e-11 3.2828084695069e-11 3.86822129883058e-11 4.51333415085742e-11 4.60987914507882e-11 3.26345617196466e-11 1.85149562348386e-11 3.04501979186966e-11 6.3320093612873e-11 6.21153239954708e-11 3.90262377969464e-11 4.04918654162145e-11 3.42932127139761e-11 1.7401469154521e-11 6.2445715265369e-11
