Scripts_&_data/Maxent_result_files_1/Bombus_pomorum_3.asc
NCOLS 594 
NROWS 330 
XLLCORNER -15 
YLLCORNER 23 
CELLSIZE 0.166666666666667 
NODATA_value -9999 
[rows 63 to 83 of 330, columns 506 to 551 of 594]
0.000144946540967794 0.000143186346394941 0.000152033841732191 0.000136783980269684 0.000136906854459085 0.000137034280487569 0.000138416248955764 0.000154289277998032 0.000147959940659348 0.0001426334187272 0.000141745986911701 0.000123001017709612 0.000131768692517653 0.000126522989012301 0.000116461120705935 0.000122585046483437 0.000113339238669141 0.000113048198909382 7.1265710357693e-05 -9999 -9999 -9999 -9999 -9999 -9999 -9999 -9999 -9999 -9999 0.000142843635694589 0.000126227427244885 0.000123666086801677 0.000122420809202595 0.000132540128106484 0.000125895663222764 0.000113281705853296 0.000107840342752752 0.000116362164771999 0.000112902291948558 0.00010168486587645 0.000110479792419937 0.000107528371881926 0.000109412953679566 0.00010978994978359 0.000102031263668323 0.000105248149338877
0.000149289821274579 0.000148168508894742 0.000144815430394374 0.000142963458347367 0.000144352058123332 0.00014542291755788 0.000143710272095632 0.0001408249270753 0.00015061955418787 0.000134779111976968 0.000140787549025845 0.000130837303004228 0.000129158509662375 0.000139384515205165 0.000123644122868427 0.000121299997044844 0.000138973352295579 -9999 -9999 -9999 -9999 -9999 -9999 -9999 -9999 -9999 -9999 -9999 0.000436112424358726 0.00013398521077761 0.000133529418235412 0.000129078147074324 0.000137064077716786 0.000124357415916165 0.000130487819114933 0.000127610679919599 0.000112857278509182 0.000125210959595279 0.000122602300325525 0.000110599756953889 0.000109353588049999 0.000122580243260018 0.000126300331976381 0.000121862184096244 0.000123793295279029 0.000127413360678474
8.35306160297478e-05 7.38987164368154e-05 0.000165192454733187 0.000180365393316606 0.00015305417982745 0.000149748691183049 0.000148449560947483 0.00014666445349576 0.000141857486596564 0.000141688332951162 0.000139990469324403 0.000137822112446884 0.000160713792865863 0.000137686233938439 0.000119149820238817 0.000154867570017814 -9999 -9999 -9999 -9999 -9999 -9999 -9999 -9999 -9999 -9999 -9999 -9999 0.0001380617301038 0.000139741381281056 0.000149528669862775 0.000148482096847147 0.00013323196581041 0.000132169767312007 0.000131476106253103 0.000142577812221134 0.000128918729387806 0.00012655508107855 0.000126209061636473 0.000136118658338091 0.000124071311438456 0.000136663452940411 0.000127449242791045 0.00012763133563567 0.00014067701267777 0.000142906574183144
0.000107715686681331 0.000159646946121939 0.000159593089483678 0.000180337592610158 0.000180083091981942 0.000170824670931324 0.000127502127725165 0.000153169262193842 0.000216015461774077 0.000103689840034349 0.000271010307915276 5.12490800247178e-05 0.000296607500058599 -9999 7.49680794342566e-05 -9999 -9999 -9999 -9999 -9999 -9999 -9999 -9999 -9999 -9999 -9999 0.000180502053990494 0.000143552782537881 0.000145369249366922 0.000147999473847449 0.000146506983583095 0.00015940533412504 0.000143661442052689 0.000147141494744574 0.000146743174627773 0.00014309792277345 0.000143746981120785 0.000139720735387527 0.000137540928335511 0.000136961602038355 0.000150461083103437 0.000139726319321198 0.000142760693779564 0.00014121975073067 0.000155776609608438 0.000159031704242807
0.000345673803531099 0.000261179845256265 0.000273568010015879 -9999 0.000360191173967905 0.000214323402178707 0.000531768595101312 0.000244807697890792 0.000129153431771556 0.000127110639004968 3.05285532704147e-05 0.000166646116849734 0.000304114991740789 -9999 -9999 -9999 -9999 -9999 -9999 -9999 -9999 -9999 -9999 9.29168698348803e-05 0.000157724752352806 0.000146103236329509 0.000147229586582398 0.000148941484076204 0.000152069580508396 0.000151370987441624 0.000153843886801042 0.000153824460721808 0.000155869945592713 0.000171939528081566 0.00017369261404383 0.000155097129027126 0.00015488820936298 0.000166058079048526 0.000169124325475423 0.000150507753278362 0.000170769832766382 0.000152421758684795 0.000152553550287848 0.000170191131473985 0.000171119349397486 0.000171760564262513
-9999 -9999 0.000152409909060225 0.000131381057144608 0.000558449857635424 -9999 0.000815301592228934 0.000111102779192151 0.000129809226928046 0.000126213513794937 0.000421971737523563 -9999 -9999 -9999 -9999 -9999 -9999 -9999 -9999 8.26762981887441e-05 8.39242562506115e-05 0.000183777999336598 0.000146392363240011 0.000142766752833268 0.000136734046100173 0.00015190522026387 0.000155870332673658 0.000158689588715788 0.000159473927487852 0.000161247176583856 0.000158565438323421 0.000159889926726464 0.000175608587596798 0.000160283478180645 0.000161680785822682 0.000162711323355325 0.000161773325817194 0.000157798185682623 0.000196148951363284 0.000157111390581122 0.000158315652515739 0.000313926785020158 0.000158341062342515 0.000185101213719463 0.000183611447573639 0.000176578175160103
0.000192678089661058 0.000463074068829883 0.000435433190432377 0.000279918254818767 -9999 -9999 -9999 -9999 -9999 -9999 -9999 -9999 -9999 -9999 -9999 -9999 -9999 -9999 0.000324310216819867 0.000166462712513749 0.000130893810273847 0.000134141781745711 0.00015726049314253 0.000161935041978722 0.000189495881932089 0.000162884960445808 0.000160825704369927 0.000254302982648369 0.000169690417533275 0.00016675917286193 0.000180149381048977 0.000181099558540154 0.000163017891463824 0.000167099934333237 0.000165828216995578 0.000168893622321775 0.000272848414897453 0.000171629402757389 0.00017123243160313 0.000172899601602694 0.000169826377532445 0.000174441751732957 0.000196508280350827 0.000213098325912142 0.000221444383350899 0.000211170453258092
0.000208162439230364 0.00020397192274686 0.000198976106185 0.000295106479461538 0.000399884008220397 0.000218005227361573 0.00034201244416181 0.000429983164940495 0.000297015967225889 0.00022363658863469 9.2121380748722e-05 0.000414743779401761 0.000131536187109305 0.000122711606672965 6.70181735131337e-05 -9999 -9999 0.000170032845926471 0.000267542653455166 0.000267556429025717 0.000462384981801733 0.0001727681432385 0.000179467253474286 0.000179341914190445 0.000175972315628314 0.000179948873119429 0.000209774188988376 0.000186653457058128 0.000210615921969293 0.000178210288868286 0.000182514776679454 0.000183418701635674 0.000177895823435392 0.000181626008998137 0.000185153474740218 0.000186094993114239 0.000181936350418255 0.000203894385049352 0.000205399232072523 0.000209823421755573 0.000205803621793166 0.000527321791741997 0.000192577228881419 0.000197738040151307 0.00020746574664372 0.000221730252087582
0.000210729065292981 0.000253387655538972 0.000213652487582294 0.000364774651825428 0.000332279851136263 0.000243445351952687 0.000243883342045592 0.000188099019578658 0.000205421386635862 0.000241981131694047 0.000214248761767522 0.000217108307697345 0.000215266333543696 0.000449852111341897 0.000157048281835159 0.000140490155899897 0.000131959617647226 0.000277513882610947 7.13290024577873e-05 0.000146709628461394 0.00021821529007866 0.000277400920458604 0.000163920406339457 0.000196602599316975 0.000386532595439348 0.000164588793268194 0.000193608478730312 0.00020077744993614 0.000198274421563838 0.000197313620446948 0.00020020518131787 0.000199697773496155 0.000197235625819303 0.00019525965617504 0.00040576450410299 0.000385842911782674 0.00019693480207934 0.000224013896513497 0.00020563440702972 0.000222945437417366 0.000202819219703088 0.000207380516076228 0.000230451482639182 0.000291932316758903 0.000556230114307255 0.000273139103956055
0.000140883702988503 0.00011586805449042 0.00015724408076494 0.000114252854837105 0.000234285953774815 0.00022038667666493 0.000296493884525262 0.000212780353467679 0.000171057295665378 0.000210433006577659 0.000290448135638144 0.00026885340193985 0.000205991684197215 0.000175310790655203 0.000562060700030997 3.10214372802875e-05 3.38418890351022e-05 2.89037802758685e-05 3.87728285204503e-05 2.72511820185173e-05 0.000651295715942979 0.000310885231010616 0.000208791065961123 0.00038621712155873 0.000409613398369402 0.000403711522812955 0.000326473836321384 0.000320422384538688 0.000206973576860037 0.000211351932375692 0.000206119850190589 0.000421870248101186 0.000429816302494146 0.000206099464412546 0.000209470546542434 0.000210304786742199 0.000214543344918638 0.000216079207166331 0.000218302218127064 0.000220116690616123 0.000217756893835031 0.000220276667823782 0.000222001097426983 0.000347882609639782 0.000229227289673872 0.000267422437173082
0.000343562207126524 0.000133133924100548 0.00020568820182234 0.000273154709429946 0.000196646322729066 0.000228402069478761 0.000232057875109604 0.000350401204195805 0.000347478956973646 0.000274778287712252 0.00012156953162048 0.000371902169717941 0.000603437342215329 0.000297447653429117 0.000284870766336098 0.000410757146892138 0.000278105311735999 0.000101025825642864 3.60520321919466e-05 3.93766123124806e-05 0.000108034267032053 0.000185625856465776 0.000254099349695025 0.000111654680586071 0.000104240287691937 0.000216149057087023 0.000216805410309462 0.000457913571153767 0.000245545037614647 0.000426270584284794 0.000454297715623397 0.000483234689454548 0.000213916196662467 0.000217401237750892 0.000222935679630609 0.000225906435662182 6.05183799052611e-05 0.00023326258524321 0.000228177517419681 0.00022339561546687 0.000223313034803141 0.000225216444960097 0.000449918639787938 0.000229500599380117 0.00021292784877005 0.000245803863799665
0.000119298897334374 0.000234380937035894 0.000233893820404774 0.000280899117205991 0.00028432830949896 0.000240503123495728 0.000241705476219067 0.000202447515766835 0.000299582658044528 0.000499200540070888 0.000499732195748948 0.000234400153567549 0.000194506694242591 0.000217447339673527 0.000507169072807301 0.000225307160872035 0.000215715546801221 0.000248616942553781 0.000169207575527253 0.000175289889011765 0.00029285904020071 0.000148515234104707 0.000135814306122484 0.000187254723277874 0.00019791065424215 0.00028757340987795 0.000115651817759499 0.000261031379341148 0.000218245419819141 0.000460106878017541 0.000436249782796949 0.000222884472168516 0.000229008986207191 0.000229645557556069 0.000232489321206231 0.000235146770137362 0.00023634818935534 0.000234200285194675 0.000237480796204181 0.000238011468900368 0.000475180508510675 0.000504843985254411 0.000514362198009621 0.00028123067386332 0.000714198526111431 0.000354049040470272
9.1933287694701e-05 0.000301714765373617 0.000264235430950066 0.000248262140667066 0.000256243195326533 0.000251260108780116 0.000328877350693801 0.000307014035934117 0.000451117195188999 0.00025845995041891 0.000384689310158137 0.000481486310309265 0.000265062983817188 0.000265741463226732 0.000334703773842193 0.000310093267762568 0.00031055662111612 0.000267879301100038 0.000235976327530807 0.000318222047644667 6.15722265138174e-05 0.000115426366392057 0.000161128545732936 6.9802746293135e-05 0.000200915873574559 0.000182154317735694 0.000341422815108672 0.000344976308406331 0.000379556033294648 0.000305713489069603 0.000234332540276228 0.000212633499177173 0.000358624399814289 0.000303790590987774 0.000240537428180687 0.000242786274611717 0.00024869243206922 0.000519981824618299 0.000420598172058817 0.000352894715615548 0.000212388922955142 0.000289028482802678 0.000513997298548929 0.000279551246785559 0.000255238375393674 0.000343862504814751
0.00012998966340092 4.9476921230962e-05 0.000362775540270377 0.000273397955606924 0.000325426029303344 0.000281853174237767 0.000328456599527271 0.000383887295902241 0.000318089227221208 0.00057582211738918 0.000579375491361134 0.000772792007774115 0.000507558857498225 0.000608152875793166 0.000362033862620592 0.000511685789388139 0.000230722378910286 0.000322772674553562 0.000407101155724376 0.000157346950436477 0.000152155962859979 0.000314495999191422 0.00047299052530434 0.000188034009624971 0.000239496490394231 0.00036982267483836 0.000490529104718007 0.000315254807355814 0.000242483603506116 0.000293291767593473 0.000187722402915824 0.000387982938264031 0.000443951299530454 0.000253317195893032 0.000242351054475876 0.000254148703970714 0.000255310990178259 0.000300696254998911 0.000407058259588666 0.000336323245574022 0.000209385766356718 0.000252989442378748 0.000340446930204052 0.000278499803971499 0.00056967858254211 0.000306511802773457
0.000147836569522042 0.000167206887999782 0.000452679503359832 0.000262165830645245 0.000389818516850937 0.000925870297942311 0.000285725793219171 0.000362791417865083 0.000603717321064323 0.000280873193696607 0.000272520499129314 0.000202083429030608 0.000220479279232677 0.000206539693317609 0.000263415896915831 0.00031499512551818 0.000212880931212567 0.000379933025396895 0.000511937349801883 0.000349488957726862 0.00015314356496674 0.000344894062436651 0.000164661099552177 0.00023982816201169 0.00015965316160873 0.000443238278967328 0.000413793203188106 0.00054428996227216 0.000102851523115532 0.000300718076323392 0.00023176436079666 0.000241345773974899 0.000511102467135061 0.000195762306248071 0.000118086253860383 0.000200373098050477 0.000258278541878099 0.000308546182350256 0.000254715604387457 0.000543780987209175 0.00028010897221975 0.000111476926394971 0.000215725533780642 0.000204961212875787 0.000299590011127293 0.00058291403693147
0.00065277419926133 0.000771064069704153 0.000242394384986255 0.000108838912638021 0.000141298512608046 0.000491161170066334 0.000261412523104809 0.000556025901460089 0.000364942528540269 0.000337653930182569 0.000353665548027493 0.000329171652265359 0.000411138212075457 0.000227602715312969 0.000336553269880824 0.000592598578077741 0.000303545843053143 0.000692826375598088 0.000415080919628963 0.00041071520827245 0.000420024765480775 0.00032278600265272 0.000233974700677209 0.000166035788424779 0.000222569101606496 0.000290361029328778 0.000441682725795545 0.000160539865828468 0.00022220173777896 0.000179257330455584 0.000442087808914948 0.000362414823030122 0.000269340519298567 0.000442946540715639 0.000261180271627381 0.000334161781938747 0.000341791892424226 0.000272833813505713 0.000283287453930825 0.000298929764539935 0.000265659293654608 0.000534882898500655 0.000500813967664726 0.000346532169351121 0.00034842830064008 0.00041554357012501
0.000167583020811435 0.000168303066311637 0.000697130497428589 0.000154850193212042 0.000122918431952712 0.000471807279973291 0.000486495241057128 0.000364750741573516 0.000269018817925826 0.000155792199075222 0.000237250582722481 0.00027729266876122 0.000319969147676602 0.000256863093818538 0.000180559323052876 0.000410256514442153 0.000397126637108158 0.000568684472818859 0.000200017176393885 0.00043582198995864 0.000203416513977572 0.000288339972757967 0.000194563400873449 0.000568156868393999 0.000604237211518921 0.000328378559788689 0.000246826394868549 0.00015772613696754 0.000274023879319429 0.000236124599905452 0.000254891045187833 0.000262173259397969 0.000494368612999096 0.00023711127214483 0.000354032940231264 0.000248344035207992 0.000294634392048465 0.00022575472103199 0.000278389418235747 0.000653076995513402 0.000499589781975374 0.000363110701437108 0.000349925301270559 0.00051116036484018 0.00018174966899096 0.000165952436509542
0.00019540322755347 7.54391203372506e-05 0.000121555957230157 0.000111274519076687 0.000140264160290826 0.000224566899123602 0.00025694461655803 0.000259955342335161 0.000221788213093532 0.000138721757684834 0.00022266494052019 0.000175797782867448 0.000170054217596771 0.000275349227013066 0.000476748995424714 0.000475453535909764 0.000633302316418849 0.000252615877980134 0.000283823246718384 0.000225164210860385 0.000326089085137937 0.000491560451337136 0.00030653083085781 0.000338588155864272 0.000229478163237218 0.000255817183642648 0.000254526983917458 0.000257605715160025 0.000424069153086748 0.000318225038063247 0.000354630631045438 0.000352611570269801 0.00040843596943887 0.000438701023813337 0.000190432359522674 0.000305826107796747 0.000163163531397004 0.00024350007151952 0.000322333628719207 0.000219954578642501 0.000169224399724044 0.000373021041741595 0.000286005702946568 0.000323198399564717 0.000343434653768782 0.000182844493974699
0.00015275510304491 0.000181406012416119 5.69109325624595e-05 6.07942860369803e-05 8.49967549584108e-05 0.000149646026693517 0.000186577799468068 0.000228416415484389 0.000258916313032387 0.000130496498604771 0.000269604942877777 0.000318484698073007 0.000193489315279294 0.00026252621319145 0.000354412660817616 0.000252198142698035 0.000232096375111723 0.00023535207947134 0.000256698281737044 0.000204902301629772 0.000357220390287694 0.000293662265175953 0.000337351694179233 0.000333052818314172 0.00024572832044214 0.000386207473638933 0.000319373251841171 0.000491268637415487 0.000190810600179248 0.00017421016091248 0.000355510667577619 0.000514143299369607 0.000409465606207959 0.000263845024164766 0.000365664820128586 0.000449597851547878 0.000459931534714997 0.000551152489788365 0.000496118652517907 0.000612823144183494 0.000341910700080916 0.000182872122968547 9.18491427000845e-05 0.000226677233877126 7.41627656680066e-05 0.000105039765912807
4.8828127910383e-05 0.000171087516355328 0.000226119625585852 0.000267930720292497 0.000250271702680038 0.000187475584243657 0.000199377728131367 0.000358335778582841 0.000416187924565747 0.000368153119052295 6.6938930649485e-05 0.000242511733813444 0.000152296141459374 0.000269391897018068 0.000282113446883159 0.000221868055086816 0.000270487304806011 0.000171664237859659 0.000207777372997953 0.000287493827636354 0.000264970833086409 0.000359320460847812 0.000494375584821682 0.00018864638695959 0.000277983072737698 0.000307090907153906 0.000381501301308163 0.000396420381730422 0.000228454049647553 0.000318602188781369 0.000257677330228034 0.0004568227508571 0.000245805195299908 0.000214906927431002 0.000251316784124356 0.00025862104666885 0.000558996194740757 0.000421402668871451 0.000512765074381605 0.000324835069477558 6.27802068265737e-05 5.2253955618653e-05 0.000120096003229264 0.000384493045567069 0.000252468625694746 0.000211244044476189
0.000183730237040436 0.000179847099207109 0.000376140441221651 0.000338859621842857 0.000836085429182276 0.000946226503583603 0.000317635908868397 0.000177240061020711 0.000198035946232267 0.00131374985794537 0.00028519704574137 0.000337234514881857 0.000205411711067427 0.000254468750063097 0.000168028785992647 0.000183280833152821 0.000258147225395078 0.000219126554293325 0.000303079049626831 0.000342676159198163 0.000366640552238096 0.000199871877703117 0.00027626806331682 0.000280301017482998 0.000302723889763001 0.000159256630286109 0.000246236733801197 0.000416666662204079 0.000329801271436736 0.000163229113240959 0.000246560866071377 0.000183477755490458 0.00026268478250131 0.000246050083660521 0.000405654761561891 0.000452165775641333 0.000388011951872613 0.000206969716964522 0.00018638379406184 8.15963503555395e-05 0.000246997333306354 0.000452940484683495 0.000263207411626354 0.00024256850083475 6.84013883073931e-05 0.000329390080878511
