Scripts_&_data/Maxent_result_files_1/Bombus_jonellus_3.asc
NCOLS 594 
NROWS 330 
XLLCORNER -15 
YLLCORNER 23 
CELLSIZE 0.166666666666667 
NODATA_value -9999 
[rows 120 to 139 of 330, columns 315 to 359 of 594]
0.00352635607123375 0.00333265997469425 0.00350001435726881 0.00495654474943876 0.00343896001577377 0.00115531058982015 0.00433403803035617 0.000864931917749345 0.00286650592461228 0.00309661459177732 0.00284727178514004 0.0017457109875977 0.00392604051157832 0.0025909598916769 0.00306784184649587 0.002253682538867 0.00263067157939076 0.00281205885112286 0.000135406302069896 0.000467710806331922 0.000868001833441667 0.00310841389000416 0.00200747679919004 0.0029718978330493 0.000502842606510967 0.00247820531949401 0.00286190304905176 0.00239499257877469 0.00218768371269107 0.00513051394373179 0.00229340801015496 0.00249430201947689 0.00158357592299581 0.00236697634682059 0.00141591760329902 0.00216810908168554 0.00176054919138551 0.00187803916633129 0.00044712993549183 0.000444778776727617 0.00200157174840569 0.00179898929782212 0.00215926701202989 0.00229991860687733 0.00236746957525611
0.00139850224368274 0.00435468405485153 0.0038581826724112 0.00190560771152377 0.00450058076530695 0.00288544362410903 0.00412003621459007 0.00265378393232822 0.00102181201800704 0.00250273691490293 0.00302655780687928 0.00276103839278221 0.00169124901294708 0.00626167850568891 0.00180102940648794 0.00341301462613046 0.00105167259462178 0.000923670057090931 0.000725848798174411 0.00113615214359015 0.00885319793596864 0.00262374572921544 0.00184126999229193 0.00180534273386002 0.00388635788112879 0.00230491245165467 0.00146415394265205 0.00173320863395929 0.00217676125466824 0.00184150673449039 0.00232361340895295 0.00232218904420733 0.000599974894430488 0.0022013483569026 0.00178635036572814 0.00218555834144354 0.00149831711314619 0.00031948602409102 0.00112352499272674 0.00195345124229789 0.00207408759742975 0.00219194563105702 0.00224098553881049 0.00238752579316497 0.00231050448492169
0.00311458976939321 0.00239509409293532 0.00227664806880057 0.00320802656933665 0.00454379580914974 0.00548678897321224 0.0035196365788579 0.00424037147313356 0.00302218678407371 0.00317432321608067 0.00302636008709669 0.0047247501090169 0.00206294939853251 0.0106203466653824 0.148750793933868 0.00272263865917921 0.00159457966219634 0.00122614100109786 0.00193464076146483 0.00190387256443501 0.00239300988614559 0.00103647939395159 0.00263536158017814 0.00299178333953023 0.00210946993902326 0.00204607276245952 0.00185346165671945 0.00242416905239224 0.00302023240365088 0.00160757168196142 0.00205142935737967 0.0021133603528142 0.00221727713942528 0.00147082530893385 0.00247592376545072 0.000380752829369158 0.00086660145316273 0.000471967860357836 0.000960645754821599 0.00515706371515989 0.00211663348600268 0.00222909608855844 0.00224892562255263 0.00221662642434239 0.0021464703604579
0.00375018175691366 0.00452964873984456 0.00231913612224162 0.000617960997624323 0.00178597839549184 0.00315583171322942 0.00249656890518963 0.00448344554752111 0.00373689532279968 0.00307062119245529 0.00358882490545511 0.00461508296430111 0.00128751918673515 0.00183616718277335 0.00364772714674473 0.00208840053528547 0.00293741868808866 0.00175815308466554 0.00267196050845087 0.00482272170484066 0.00443226126953959 0.00365100679919127 0.00059601939865388 0.00233342531137168 0.00138552677817643 0.00228919149376452 0.00145802833139896 0.0123650722205639 0.00233026617206633 0.00251978486776352 0.000503093916631769 0.000947365758474916 0.00171595255378634 0.00052109842072241 0.000154894666684413 0.000298992777243257 0.00171081204898655 0.00111278051044792 0.00131576040294021 0.00200170697644353 0.00225932793691754 0.00210437765344977 0.00245517324656248 0.00224233828485012 0.00177603084594011
0.00402535274624826 0.00129908573871944 0.000647513882722706 0.00458352137357046 0.00495273470878601 0.00399741344153881 0.00646196249872446 0.00466028898954391 0.00561748202890158 0.00529136452823877 0.00199606018140912 0.00442886538803577 0.00291692963801324 0.00365656279027462 0.00255849584937096 0.00229743337258697 0.00130614219233394 0.00142691503278911 0.0023545378819108 0.00102493655867875 0.00205285912379622 0.00464710481464863 0.00149603635072708 0.00229117786511779 0.00144183035008609 0.0030690292827785 0.00394574599340558 0.00169767057523131 0.00171716613695025 0.00170476697385311 0.00220430381596088 0.00276570068672299 0.000403046626888681 0.00121143707074225 0.000407176548651478 0.00219022892415524 0.00225042030215263 0.00197692019864917 0.00162876877002418 0.00193211981095374 0.0015830846503377 0.00201198048889637 0.00135614145547152 0.00237443782389164 0.00209207087755203
0.000441093437257223 0.00435462035238743 0.00179059542715549 0.00227975426241755 0.00498525854200125 0.00374457873404026 0.00479989964514971 0.00333900405094028 0.00375500954687595 0.00441644676029682 0.00260524041950703 0.000547709123929962 0.00208677551709115 0.00200023432262242 0.00353375691920519 0.00166343883611262 0.00180504471063614 0.000716548226773739 0.000790891028009355 0.00152313127182424 0.116925007104874 0.00369084756821394 0.00170470587909222 0.00180658921599388 0.00211989022791386 0.00533788222819567 0.00385505575686693 0.00154084688983858 0.00290627833455801 0.00176210254430771 0.0014950365293771 0.00157087040133774 0.0027193084359169 0.000714170886203647 0.000236703584050701 0.000221414229599759 0.00154436039738357 0.0027837909758091 0.00162733658216894 0.00170058910734951 0.00171235902234912 0.00160117540508509 0.00150954821147025 0.00138792146462947 0.00160913043655455
0.00258903596550226 0.00350374653935432 0.00426700375974178 0.00412585381418467 0.00274839224293828 0.00213608611375093 0.00342518351972103 0.00106207560747862 0.00179400306660682 0.00329829761758447 0.00311232879757881 0.00246043195948005 0.00223498204723001 0.00287976637482643 0.00430839657783508 0.00117326828185469 0.0018816308118403 0.000298840849427506 0.00444080606102943 0.000951976841315627 0.00611439347267151 0.00752577856183052 0.00221037790179253 0.00476357834413648 0.00163649977184832 0.00138264121487737 0.00221818825230002 0.00249408707022667 0.00152496923692524 0.00160942045040429 0.00179540971294045 0.0016568610444665 0.00131622427143157 0.00281797712668777 0.0052197964861989 0.00603117197751999 0.00198622699826956 0.00169297326356173 0.00167690026573837 0.00200554737821221 0.0017644832842052 0.00130458078347147 0.00111126876436174 0.00224140854552388 0.0024573820643127
0.00648682843893766 0.00375541318207979 0.00611728765070438 0.00257357275113463 0.00174467226024717 0.00258010127581656 0.00396161992102861 0.00397329973056912 0.00535211395472288 0.00242946343496442 0.00216297032311559 0.00240905610844493 0.00209925062954426 0.00204123090952635 0.00156056047417223 0.00111808474175632 0.00203825188800693 0.000669602851849049 0.00170021201483905 0.000822674483060837 0.00200284430757165 0.000919571751728654 0.00113270813599229 0.00277236858382821 0.00277835121378303 0.00122330910526216 0.00144582656212151 0.00242247441783547 0.00062323632882908 0.000262522377306595 0.00136262215673923 0.00188366631045938 0.00180405974388123 0.000979265756905079 0.000204210753702228 0.00524730980396271 0.00636406671255827 0.00201555676758289 0.00173973804339767 0.00132377054542303 0.00157345905900002 0.00174400745891035 0.00256976708769798 0.00131431058980525 0.00166661441326141
0.00418656188994646 0.00360863171517849 0.00280000464990735 0.00332482056692243 0.0065111368894577 0.00363221187144518 0.00250628683716059 0.00335849579423666 0.0037785617634654 0.0019450297113508 0.00407170513644814 0.00209871837869287 0.000960535393096507 0.00511762080714107 0.00127728888764977 0.00375806912779808 0.00126352063380182 0.00119721360970289 0.00107985900249332 0.000653983186930418 0.00144026726484299 0.00217554494738579 0.00156531115062535 0.00191202759742737 0.00154227258171886 0.000239857174165081 0.00148892244324088 0.000886171706952155 5.59575587885774e-05 0.0013855157478327 0.00103664249181747 0.00294128963723779 0.000485065690008923 0.0012964972294867 0.00657759662717581 0.006061149854213 0.000567321868584259 0.0019439029507339 0.00218592053279281 0.00122042181901634 0.000942296453285962 0.00154515099711716 0.000962270004674792 0.0015030762180686 0.00152374897152185
0.018878909945488 0.00372781585901976 0.00350597258657217 0.00766189768910408 0.00943130441009998 0.00358836557716131 0.00509956609457731 0.00703143868595362 0.00301129957661033 0.00265935370698571 0.00462789796292782 0.000797142961528152 0.00225518508814275 0.00202148258686066 0.00263065760955215 0.00195314269512892 0.000672061834484339 0.000629703118465841 0.00167960864491761 0.00225971974432468 0.00159005699679255 0.0047281326726079 0.00237404013168998 0.00981062762439251 0.00104323821142316 0.00100967595353723 1.51525402166897e-05 0.00134773566387594 0.000466229149606079 0.000418441416695714 0.00376438293606043 0.00111436755396426 0.002101063542068 0.00149481850676239 0.00226433677598834 0.00119680415373296 0.000483732760767452 0.0021131374523975 0.000564766679599416 0.0021037009137217 0.00392060158774257 0.00100780478678644 0.00130753479897976 0.00139712425880134 0.000324336136691272
0.00699383169412613 0.0113564822822809 0.0113981433212757 0.0174973495304585 0.00627770740538836 0.00361684896051884 0.00304066892713308 0.00596422720700502 0.0151529528200626 0.0039395896717906 0.00302550466731191 0.00409351335838437 0.00295951133593917 0.00281910886988044 0.00258001536130905 0.00251942286267877 0.0025605162139982 0.00248537403531373 0.00161679438315332 0.000455078156664968 0.000350274625816382 0.000365143793169409 0.00138684203848243 0.000373677295283437 0.00072951503098011 0.000824995234142989 0.000970664713531733 0.000201322615748722 0.000979818220366724 5.42004967428511e-05 0.000581215060083196 0.000332983545376919 0.000216171992724412 0.00068712315405719 0.000765027984743938 0.00258522888179868 0.000134275804498429 0.00782284680753946 0.0127034736797214 0.000192544859237387 0.00014086307855905 0.00158998370170593 0.00110399355180562 0.00138437217101455 0.0015006638597697
0.0142820671200752 0.0121824136003852 0.0379704877734184 0.00691984929144382 0.0135237455368042 0.0097686842083931 0.0131451077759266 0.00750017464160919 0.00262489104643464 0.00229006027802825 0.00316516840830445 0.00297848898917437 0.0025931597687304 0.00204017804935575 0.000707366608548909 0.00323398569598794 0.0019505862146616 0.0057602658867836 0.00176529963500798 0.00116849732585251 0.00137434890493751 0.00126313255168498 0.00129818702116609 0.00353843234479427 0.00111691113561392 0.0012995055411011 0.00176114896312356 0.000679021433461458 0.00135785629972816 0.00119084916077554 0.000146435835631564 0.0041227076202631 0.000784117518924177 0.00024862961290637 0.000554663594812155 0.00170261152088642 0.00299656242132187 0.000684441719204187 0.00162604325450957 0.00278581231832504 0.0018321362324059 0.000498325732769445 0.00075969819445163 0.00114942202344537 0.000184620359505061
0.2 0.199998724460602 0.145696836709976 0.118965584039688 0.0316992238163948 0.0544306993484497 0.0114536020904779 0.00268133282661438 0.00741744562983513 0.00559732504189014 0.00293177030980587 0.00418318212032318 0.00431349817663431 0.00136131928302348 0.00150192833971232 0.00468808636069298 0.00363830458372831 0.00168498489074409 0.00152178811840713 0.00165989650413394 0.00179960136301816 0.002175611583516 0.000856665661558509 0.00493674613535404 0.00306653343141079 0.000871145911514759 0.00105080516077578 0.000737956911325455 0.00148184928111732 0.000333205235074274 0.00119558840524405 0.000150019312059158 0.000358371097536292 0.000211792238405906 0.000853831879794598 0.00164622601587325 0.00101386927999556 0.000923877954483032 0.000845594215206802 0.00149169466458261 0.00148503878153861 0.00156017579138279 0.0014006866607815 0.000771502603311092 0.00118830462452024
0.0154081180958867 0.140544706587432 0.196643722057343 0.0697980374097824 0.00463093928992748 0.0465224742889404 0.00099519417854026 0.0161409266293049 0.00599364573135972 0.00439912406727672 0.0016218040138483 0.00550863463431597 0.00030817385413684 0.00526231378316879 0.00334649579599501 0.00179880005307496 0.00151427322998643 0.00109207781497389 0.00178483589552343 0.00146125014871359 0.001574034569785 0.00195338139310479 0.00130183296278119 0.00131321363151073 0.00172029668465257 0.00177001790143549 0.00052016016561538 0.00413943566381931 0.000307371438611881 0.000427473441231996 0.00126157030463219 0.000173592460487271 0.000850883033126593 0.00257767839357257 0.00514241233468056 0.00297411931678653 0.00018774895943352 0.00137335378676653 0.00168818784877658 0.000855846470221877 0.00125001089181751 0.000718294066609815 0.000802742433734238 0.000326743355253711 0.00163493498694152
0.114885538816452 0.0626921683549881 0.0493500724434853 0.0406565129756927 0.0144959583878517 0.0154095746576786 0.0102817263454199 0.00687501691281796 0.00738358534872532 0.00544432513415813 0.00623551793396473 0.00246970267035067 0.00164400150533766 9.47160384384915e-05 0.0014861298725009 0.00148154124617577 0.00157630927860737 5.21126437888597e-05 0.00322482520714402 0.00917733032256365 0.011226449906826 0.00647676084190607 0.00290432972833514 0.00174951907247305 0.00160407535731792 0.00139518743380904 0.00342289358377457 0.000487816735403612 0.00152976457029581 0.000881927413865924 0.000157298201520462 0.00093081786762923 0.00135054984129965 0.00122725386172533 0.00128333694301546 0.00107061755843461 0.000826221844181418 0.000709550734609366 0.000988810881972313 0.000698966346681118 0.00140276937745512 0.000310795486439019 0.000721595785580575 0.000312259292695671 0.000195214955601841
0.036430437117815 0.00212471784325317 0.0134245358408424 0.00257475385442376 0.00573909338563681 0.00227900743484497 0.00091971285874024 0.0009643069060985 0.0065493606030941 0.0253114573657513 0.00104415526147932 0.000355784591010888 0.00815482288599014 0.00548494681715965 0.000231229641940445 0.00186240938492119 0.000180045568595233 0.0014057204592973 0.00184177216142416 0.00169906811788678 0.00293228970840573 0.00305139124393463 0.00133110284805298 0.00212920298799872 0.0027006795629859 0.00139832748100162 0.000753734970930964 0.00588146084919572 0.00226640813052654 0.00436697360128164 0.00446961633861065 0.00126837114803493 0.0011175265070051 0.00126135996542871 0.00146033596247435 0.000660136842634529 0.000733171869069338 0.00257045663893223 0.00535119883716106 0.000389696308411658 0.000281370495213196 0.000313940574415028 0.00140134575776756 0.00040222771349363 0.000305631023366004
0.00685804821550846 0.0040606614202261 0.00333387209102511 0.00218484727665782 0.00286692632362247 0.00269300816580653 0.0032505408860743 0.00438442844897509 0.00495810005813837 0.000380294254864566 0.00200159666128457 0.000373705814126879 0.00505396015942097 0.00194310676306486 0.00417570192366838 1.85074843454203e-05 0.00118000532966107 0.00215610889717936 0.00376606117933989 0.00444259084761143 0.00196962570771575 0.00259487004950643 0.00316841499879956 0.00542479027062655 0.00563287977129221 0.000506025517825037 0.000823533907532692 0.0015419133938849 0.00780934020876884 0.00064627171959728 0.001071343338117 0.000869374629110098 0.00121409241110086 0.000449301523622125 0.000285930407699198 0.000272063189186156 0.000268823519581929 0.000262189342174679 0.00097134280949831 0.00116324396803975 0.000831145117990673 0.00115507740993053 0.000381186517188326 0.000346746016293764 0.000607413233956322
0.00574451331049204 0.0046976251527667 0.00263843145221472 0.0028030589222908 0.00300644375383854 0.00266808988526464 0.00292218178510666 0.00143706475791987 0.0405505895614624 0.00572721734642982 0.00138166716787964 0.00463817100971937 9.83833419013536e-05 0.000315467629116029 0.000838877283968031 0.00037630079605151 0.00151403616182506 0.000365017444710247 0.0031417079269886 0.0013599893078208 0.00191694851964712 0.00477715581655502 0.00288319205865264 0.0064457455649972 0.000960537022911012 0.000308728286472615 0.000343648121634788 0.00153817194513977 0.00143237258307636 0.000189854028576519 0.0013633094727993 0.00133322817273438 0.000985682057216764 0.000683159870095551 0.00158453250769526 0.00102784089976922 0.000976172811351716 0.000765393325127661 0.00164445932023227 0.00100393039174378 0.000740621378645301 0.00212180051021278 0.000359292229404673 0.000279829802457243 0.00030934588285163
0.00592061392962933 0.00300991088151932 0.00380749776959419 0.0130829688161612 0.00126409742515534 0.0030907760374248 0.00111161576933227 0.00220158267766237 0.00563462153077126 0.00827747881412506 0.00628938674926758 0.00316936103627086 0.000871572853066027 0.00392588684335351 0.0053468931466341 0.00111362964380533 0.00529528427869082 0.00423764307051897 0.00447435602545738 0.00402081096544862 0.00137373344041407 0.000506445521023124 0.000877428520470858 0.00155677986331284 0.000878651026869193 0.000496166973607615 0.00349342133849859 0.000955970911309123 0.000725838867947459 0.00137598598375916 0.000433562893886119 0.000734011363238096 0.00053576243808493 0.00139541747048497 0.0119690958410501 0.00307277208194137 0.00396515587344766 0.00165296900086105 0.00108981099911034 0.00184517959132791 0.000630918308161199 0.00182981509715319 2.75795690868108e-05 2.56184795034642e-05 0.000817908113822341
0.00507747940719128 0.00159862886648625 0.00370740885846317 0.00129550667479634 0.00164388064295053 0.00249920501373708 0.00361084663309157 0.00176299856975675 0.00145965970586985 0.00085220702458173 0.000661287026014179 0.000760118023026735 0.00100593685929198 0.00313686956651509 0.00346222668886185 0.00125591636169702 0.00560410879552364 0.00312899444252253 0.00626739505678415 0.00333826597779989 0.000113740661254269 0.00146136034745723 0.0017315249890089 0.000903106387704611 0.000329165195580572 0.0001892097396194 0.000288633871241473 0.00138772702775896 0.000453601288609207 0.000677691190503538 0.000734187033958733 0.00109147313050926 0.00068165382836014 0.0011160334572196 0.00465371739119291 0.00284465402364731 0.00135596725158393 0.000245383795117959 0.00063868312863633 0.00095572117716074 8.33836762467399e-05 1.44079718666035e-05 0.00092453045072034 0.00168146993964911 0.00111468071117997
