Scripts_&_data/Maxent_result_files_1/Bombus_lapidarius_3.asc
NCOLS 594 
NROWS 330 
XLLCORNER -15 
YLLCORNER 23 
CELLSIZE 0.166666666666667 
NODATA_value -9999 
[rows 180 to 199 of 330, columns 270 to 314 of 594]
0.00692044501192868 0.0245613902807236 0.00556216709082946 0.00532242269255221 0.00464579565450549 0.0114997674245387 0.0193419456481934 0.0105413857847452 0.0045572942122817 0.00433114964980632 0.00438445881009102 0.0040332485572435 0.00370207508094609 0.00333826644928195 0.00328635019250214 0.00319929428515024 0.00327797346399166 0.00334753643255681 0.00700673554092646 0.00935642905533314 0.812303125858307 0.00446744542568922 0.00269171657855622 0.00269812440383248 0.00267385960905813 0.00271148248575628 0.00284575368859805 0.00293829601723701 0.00286016088793986 0.0111609384417534 0.128308790922165 0.0390679731965065 0.00462995192093695 0.00289155249483883 0.00285178609774448 0.00282613489544019 0.00290820340742357 0.00814059510594234 0.00616028662770987 0.00871988742746907 0.00241298744804226 0.00232561194570735 0.00225606997846626 0.00874471013648428 0.00758910793811083
0.00669067294802517 0.00624174184631556 0.00587635549018159 0.00554162093903869 0.00515110375126824 0.00496686937985942 0.0181590162217617 0.00143221467733383 0.00396378643345088 0.00373645903309807 0.00373308766866103 0.00348500939435326 0.00329219812410884 0.00306782503612339 0.00308091268525459 0.00303405773593113 0.00288572828285396 0.00286338354926556 0.00935249999165535 0.0012595679727383 0.000621138798305765 0.00396758764982223 0.00239695759955794 0.00847771801054478 0.00780719370033824 0.00561566669493914 0.00248608748079278 0.00894910506904125 0.00252831834950484 0.00284842518740334 0.0189621038734913 0.114545348286629 0.00281581141171046 0.00284741633804515 0.00296571302460507 0.00305945771979168 0.0030581207072828 0.00299513352219947 0.00298702966538258 0.00276336367242038 0.0025987570930738 0.00251529872766696 0.00356359765282832 0.00209492182766553 0.0010927138995612
0.0066355700022541 0.00603801935212687 0.0057445524726063 0.00569096060935408 0.00526089728809893 0.00486529488116503 0.00424175461521372 0.00713270045816967 0.00854879058897495 0.00578450658358634 0.00857447583694011 0.00325565650709905 0.00304526194813661 0.00291041898308322 0.00270342917647213 0.00274224487948231 0.0027558445930481 0.00271822863142006 0.00257280187797733 0.00249133808538318 0.002610329084564 0.00413422994315624 0.0085284635424614 0.00481580598279834 0.00967761315405369 0.00692546823993325 0.0807837545871735 0.183094555139542 0.00350513868033886 0.00306801134720445 0.0027212749235332 0.0037068784236908 0.0097249086946249 0.00319573089363985 0.00494785180381766 0.0034957937663421 0.00349318622611463 0.0130762990564108 0.00329528395086527 0.00294480034499429 0.00284457584493794 0.00255918065668084 0.00241181257297285 0.00226702061481774 0.00155637306161225
0.00612239433685318 0.0058464252972044 0.00549359950236976 0.0211769387125969 0.00511640034383163 0.00455044191330671 0.00399529442074709 0.00365206630667672 0.00343487731879577 0.00734147890470922 0.00895296649541706 0.00286647397442721 0.00269954968243837 0.00265356583986431 0.00737401992082596 0.00261721283895895 0.00269455419038422 0.00277155623189174 0.00286854081205092 0.00494888806715608 0.00277224472956732 0.00274506720015779 0.00257293877075426 0.00466665253043175 0.00339722149074078 0.00252962247468531 0.00911362953484058 0.00844523794949055 0.00517965890467167 0.00402100533246994 0.00366332661360502 0.00391358528286219 0.00292949437862262 0.00325678010121919 0.003481234802166 0.00365357889095321 0.00372912985621952 0.00528434999287128 0.00363475165213458 0.00853303604999383 0.00304338618880138 0.00259624950122088 0.00242599918856286 0.00242085026111454 0.00252678103279322
0.00614224104210734 0.0059425032697618 0.00572077560937032 0.00530060085002333 0.00464330950053409 0.0041608736035414 0.00372276779962704 0.00354666200000793 0.0034645444364287 0.0032896452175919 0.0044359941734001 0.00353358949068934 0.00245765403669793 0.00246338621655013 0.00250422569515649 0.00258182469988242 0.00264884638017975 0.00269684510421939 0.00282950109685771 0.00298305220203474 0.0030225112917833 0.00295417783781886 0.00558765381574631 0.00373493526130915 0.0045110653154552 0.00251333694905043 0.00265892843599431 0.00229020979604684 0.00222657257691026 0.0023292365251109 0.00264537192997523 0.00295554240001366 0.00307973186136223 0.003094094916014 0.00518545117229223 0.00351974907098338 0.00385323801310733 0.00391440237872303 0.0039007396728266 0.00797212207689881 0.00327872929628938 0.00309295405750163 0.00287033309577964 0.00247503011632944 0.00736367665231228
0.00633192136883736 0.00554374742787331 0.00499684775713831 0.00487905849004164 0.00443447913276032 0.00511532066157088 0.00717729944735765 0.002965184871573 0.00304527192492969 0.00295053373556584 0.00803288607858121 0.0072724960744381 0.00833627358078957 0.00237226391036529 0.00251090126403142 0.00261431382386945 0.00263096520211548 0.00266159198945388 0.00274678293499164 0.00279104487271979 0.00278161629103124 0.00131308210548189 0.00318536469712853 0.00508250175043941 0.00256134519004263 0.00236831505317241 0.00231177459645551 0.00227708431193605 0.00223145302443299 0.00232972708181478 0.0024252507078927 0.00274267657659948 0.00282002764288336 0.00282292726333253 0.00302643059403636 0.00325860152952373 0.0039486029651016 0.00432705659186468 0.00394688795786351 0.00354122212156653 0.00342420249944553 0.0032204115705099 0.00315581340109929 0.00303693099995144 0.0133147839456797
0.0116206224111409 0.00569683518260717 0.0117584280669689 0.00459464169107378 0.0044300471781753 0.0103119164705276 0.00732515826821327 0.0111567351967096 0.00281761872465722 0.00626375169376843 0.00250525226874743 0.00336888041347265 0.0233455523848534 0.00248594711883925 0.00258931443095207 0.00270736471284181 0.00272213724674657 0.0027133732335642 0.00262994830263779 0.00265218000859022 0.00857559330761433 0.0038979540579021 0.000299832771997899 0.00213244262267835 0.0021096644224599 0.00235346896806732 0.0021915148710832 0.00223008906759787 0.00237341563333757 0.00240749513613991 0.00254423801088706 0.0105267785489559 0.0352495968341827 0.00267882230691612 0.00283830817206763 0.00309995877323672 0.00336223192280158 0.003820503706811 0.00392089542001486 0.00368328765034676 0.00358046664623544 0.00750277694314718 0.0152864195406437 -9999 -9999
0.00640812246128917 0.00629407477099448 0.0181114934384823 0.00328560117632151 0.00904237050563097 0.00405759550631046 0.00742337480187416 0.013054626993835 0.00473784115165472 0.00573652200400829 0.00415315786376595 0.000511750625446439 0.00800134856253862 0.00254958317382261 0.00271377110620961 0.00955283083021641 0.0221487857401371 0.0013688392805989 0.000724488669742052 0.0102251105010509 0.0333463981747627 0.00808579175300617 0.00244368836574722 0.00216623631713446 0.0020396203675773 0.00229832372569945 0.00230676038772799 0.00228400987107307 0.00243651833443437 0.00253511059854645 0.00241711794806179 0.00495924754068255 0.00662989448757078 0.00257393363281153 0.00261626573046669 0.00922444388270378 0.00534600960090756 0.00721402857452631 0.00536797475069761 -9999 -9999 -9999 -9999 -9999 -9999
0.0615767866373078 0.00700324201025069 0.0232861839234829 0.0179377250373364 0.199842399358749 0.0592180117964745 -9999 -9999 -9999 -9999 -9999 -9999 -9999 0.00200106671545655 0.00401661451905966 0.0977899432182312 0.00317282238975167 0.000931448163464665 0.000390939239878207 0.00515690991134374 0.00400897045037709 0.00341963963583112 0.00270400047884323 0.00226813540793955 0.00217457218968775 0.00251773803611286 0.00225964446144644 0.00229794093465898 0.00276827425113879 0.00295145641430281 0.00312232910655439 0.0105660641063878 0.00286407261155546 0.00481969574466348 -9999 -9999 -9999 -9999 -9999 -9999 -9999 -9999 -9999 -9999 -9999
0.0459697961807251 0.046269579231739 0.0260022319853306 0.0582401692867279 0.199969691038132 -9999 -9999 -9999 -9999 -9999 -9999 -9999 0.000109453976619989 0.000422923779115081 0.00130450640863273 0.0045240213163197 0.000753894750960171 0.00070236707709932 0.00447004387970082 0.00463673226768151 0.0047739845525939 0.00431448260787874 0.00294621846405789 0.00263019765843637 0.00254894644313026 0.0120858069509268 0.00280894411553163 0.0104012827505358 0.00415548785822466 0.00462224772199988 0.00148512930609286 0.00473597114905715 0.0104487599804997 -9999 -9999 -9999 -9999 -9999 -9999 -9999 -9999 -9999 -9999 -9999 -9999
0.0190033324062824 0.0586436122655869 0.0285119861364365 0.0395177230238914 -9999 -9999 -9999 -9999 -9999 -9999 -9999 -9999 0.00521479938179255 0.00465085990726948 0.00366705780033953 0.00811424572020769 0.0198221549391747 0.00532872024341488 0.00498728064703756 0.00463412034441794 0.00444618942565285 0.0103278093039989 0.000833923323079944 0.00323013914749026 0.00606623142957687 0.001439555559773 0.000228513014735654 0.00887845456600189 0.024704135209322 0.0042205573990941 -9999 -9999 -9999 -9999 -9999 -9999 -9999 -9999 -9999 -9999 -9999 -9999 -9999 -9999 -9999
0.00783996547106653 0.00677172968862578 0.0895807892084122 -9999 -9999 -9999 -9999 -9999 -9999 -9999 -9999 -9999 -9999 -9999 -9999 -9999 -9999 -9999 -9999 -9999 0.0104982920847078 -9999 0.00381444823109409 1.23921134218108e-05 0.000257113628322259 1.83826545253396e-05 0.000398220017086714 0.000645753124263138 0.000180274169542827 -9999 -9999 -9999 -9999 -9999 -9999 -9999 -9999 -9999 -9999 -9999 -9999 -9999 -9999 -9999 -9999
0.0081689890474081 0.0227474557235842 -9999 -9999 -9999 -9999 -9999 -9999 -9999 -9999 -9999 -9999 -9999 -9999 -9999 -9999 -9999 -9999 -9999 -9999 -9999 -9999 0.0660987040027976 0.000776723597664386 3.30108698108234e-05 0.00065486243693158 0.000227372982772067 0.000339874665951356 0.0637590716360137 -9999 -9999 -9999 -9999 -9999 -9999 -9999 -9999 -9999 -9999 -9999 -9999 -9999 -9999 -9999 -9999
-9999 -9999 -9999 -9999 -9999 -9999 -9999 -9999 -9999 -9999 -9999 -9999 -9999 -9999 -9999 -9999 -9999 -9999 -9999 0.00379557255655527 0.0224693334131189 0.0126697152715849 0.00362991150468588 0.0199849314987659 0.0064420455833897 0.00366828846163116 0.0269424423575401 0.000808388879522681 0.00188660086132586 0.0918811608105898 -9999 -9999 -9999 -9999 -9999 -9999 -9999 -9999 -9999 -9999 -9999 -9999 -9999 -9999 -9999
-9999 -9999 -9999 -9999 -9999 -9999 -9999 -9999 -9999 -9999 -9999 -9999 -9999 -9999 -9999 -9999 -9999 0.0119192268699408 0.0247040562331676 0.0221055157482624 0.0138055626302958 0.0197372924536467 0.00595317203551531 0.0116532422602177 0.00817363574169576 0.0301017969846725 0.00557374266209081 0.0162151545286179 0.00356538774212822 0.00558888725937047 0.00479806931689382 -9999 -9999 -9999 -9999 -9999 -9999 -9999 -9999 -9999 -9999 -9999 -9999 -9999 -9999
-9999 -9999 -9999 -9999 -9999 -9999 -9999 -9999 -9999 -9999 -9999 -9999 -9999 -9999 -9999 0.019809240475297 0.00530669651925564 0.00379280727356672 0.00780646782368422 0.00619221720844507 0.0651455506695999 0.0415412038564682 0.0322013989090919 0.0314332701265812 0.0378669500350952 0.0109189247246832 0.0311215490102768 0.00942355347797275 0.0220942720770836 0.000874600664248215 0.000428585655754432 0.10059419348846 -9999 -9999 -9999 -9999 0.00524199372157455 0.00482486570253968 0.124369198083878 -9999 -9999 0.112241819873452 -9999 -9999 -9999
-9999 -9999 -9999 -9999 -9999 -9999 -9999 -9999 -9999 -9999 -9999 -9999 -9999 -9999 -9999 -9999 -9999 -9999 -9999 0.0117518480867147 0.0207517601549625 0.0157536573708057 0.0243262991309166 0.0145363104529679 0.0116038219537586 0.0279979363083839 0.051738665997982 0.0151570679154247 0.0137493683956564 0.0134376235306268 0.108454010214336 0.0173696771264076 0.0159052646020427 0.00302383899688723 0.0126486041934404 0.0235971761119945 0.00637063318865683 0.0158865366537153 0.0031431276367051 -9999 -9999 0.00316538391634822 0.0152452599257231 0.00532503305003047 0.00118901338428259
-9999 -9999 -9999 -9999 -9999 -9999 -9999 -9999 -9999 -9999 -9999 -9999 -9999 -9999 -9999 -9999 -9999 -9999 -9999 -9999 -9999 0.0300140164792538 0.0460052952170504 0.0680347084999084 0.039551830291748 0.0181826805695891 0.0166793790180236 0.0431332021951675 0.0318933234477579 0.0252353020012721 0.0342456519603729 0.0219936676323414 0.0519000619649887 -9999 0.00115635367110377 0.00798108391463757 0.00331593570299447 0.00471460097469389 -9999 -9999 -9999 -9999 0.0678967140614986 0.00976222269237042 0.0375600274652243
-9999 -9999 -9999 -9999 -9999 -9999 -9999 -9999 -9999 -9999 -9999 -9999 -9999 -9999 -9999 -9999 -9999 -9999 -9999 -9999 -9999 -9999 0.0287908032536513 0.0248819278553128 0.199999701976776 0.0648644471046829 0.0387430899252649 0.00467523743864149 0.00897445287555456 0.00666032972553694 0.00327483252622187 -9999 -9999 -9999 -9999 -9999 -9999 -9999 -9999 -9999 -9999 -9999 -9999 -9999 0.0146079957485199
-9999 -9999 -9999 -9999 -9999 -9999 -9999 -9999 -9999 -9999 -9999 -9999 -9999 -9999 -9999 -9999 -9999 -9999 -9999 -9999 -9999 0.0159383155405521 0.0140368155160785 0.0316743657659983 0.00634111495187426 0.038319805264473 0.0205544948577881 -9999 -9999 -9999 -9999 -9999 -9999 -9999 -9999 -9999 -9999 -9999 -9999 -9999 -9999 -9999 -9999 -9999 0.172450198665085
