Scripts_&_data/Maxent_result_files_1/Bombus_bohemicus_2.asc
NCOLS 594 
NROWS 330 
XLLCORNER -15 
YLLCORNER 23 
CELLSIZE 0.166666666666667 
NODATA_value -9999 
[rows 80 to 99 of 330, columns 138 to 183 of 594]
-9999 -9999 -9999 -9999 -9999 -9999 -9999 -9999 -9999 -9999 -9999 -9999 -9999 -9999 -9999 -9999 -9999 -9999 0.900476443767548 0.907817649841309 0.614658844470978 0.536901181936264 0.74672235250473 0.613401928544045 0.762421762943268 0.873009657859802 0.860186421871185 0.788251519203186 0.545680090785027 0.382924389839172 0.318449883162975 0.391052186489105 0.408484768867493 0.597918146848679 0.829599565267563 0.563465347886085 0.555525434017181 0.67482094168663 0.25215736925602 0.329348574578762 0.721590894460678 0.611213356256485 0.494346073269844 0.559642058610916 0.569312795996666 0.411280378699303
-9999 -9999 -9999 -9999 -9999 -9999 -9999 -9999 -9999 -9999 -9999 -9999 -9999 -9999 -9999 -9999 0.528222808241844 0.663137012720108 0.841520255804062 0.496013712882996 0.60919314622879 0.93717987537384 0.947811859846115 0.966255462169647 0.972212952375412 0.994468688964844 0.884752947092056 0.796627199649811 0.709756767749786 0.382667815685272 0.398499217629433 0.345255196094513 0.627355986833572 0.768395322561264 0.41241163611412 0.931187444925308 0.724266612529755 0.84196702837944 0.731271731853485 0.747557252645493 0.696248358488083 0.714074164628983 0.738491970300674 0.771783125400543 0.721176129579544 0.595728784799576
-9999 -9999 -9999 -9999 -9999 -9999 -9999 -9999 -9999 -9999 -9999 -9999 -9999 -9999 0.697031480073929 0.876718157529831 0.664358955621719 0.63499481678009 0.816557538509369 0.98549245595932 0.902012854814529 0.836926341056824 0.863618391752243 0.7109423995018 0.537577170133591 0.80680485367775 0.969445437192917 0.940639197826385 0.376643723249435 0.311965869367123 0.333428828418255 0.334535606205463 0.359249356389046 0.671437674760819 0.949614864587784 0.496733152866364 0.400417616963387 0.318880046904087 0.624084144830704 0.809561705589294 0.678776699304581 0.702663522958755 0.638137274980545 0.572635784745216 0.62816333770752 0.417675539851189
-9999 -9999 -9999 -9999 -9999 -9999 -9999 -9999 -9999 -9999 -9999 -9999 0.799859607219696 0.839036166667938 0.672444230318069 0.550702476501465 0.349797800183296 0.616807168722153 0.902876913547516 0.843109804391861 0.842747521400452 0.876799792051315 0.949427938461304 0.988397389650345 0.887326490879059 0.499209904670715 0.762454396486282 0.56141015291214 0.510136970877647 0.62843422293663 0.486289614439011 0.404941675066948 0.413885590434074 0.3472266882658 0.506224593520164 0.792310374975205 0.726146447658539 0.860253375768661 0.779936587810516 0.45742073059082 0.636395037174225 0.716634511947632 0.598794311285019 0.880483847856522 0.839125508069992 0.459329026937485
-9999 -9999 -9999 -9999 -9999 -9999 -9999 -9999 -9999 -9999 -9999 -9999 0.533252051472664 0.499293410778046 0.551462331414223 0.609841650724411 0.706398332118988 0.603471744060516 -9999 0.842223328351974 0.867746168375015 0.890187817811966 0.997010970115662 0.97151050567627 0.855945044755936 0.41065514087677 0.373771679401398 0.345922043919563 0.533101776242256 0.332788702845573 0.770975488424301 0.510035422444344 0.556410765647888 0.373032337427139 0.266957886517048 0.715844172239304 0.6981380879879 0.878420513868332 0.883623027801514 0.85663258433342 0.672379064559937 0.700091338157654 0.868750792741775 0.588616079092026 0.502268713712692 0.553642451763153
-9999 -9999 -9999 -9999 0.678937238454819 -9999 -9999 -9999 -9999 -9999 0.958753526210785 0.955704933404922 0.794441711902618 0.752281314134598 0.584428459405899 0.581937366724014 0.753978264331818 0.819624960422516 -9999 0.750794047117233 0.983615720272064 0.99997706413269 0.996365624666214 0.997745335102081 0.812501031160355 0.611951711773872 0.596901208162308 0.664363706111908 0.616540676355362 0.421399584412575 0.559968942403793 0.955023771524429 0.851718807220459 0.913452988862991 0.872339254617691 0.882097262144089 0.674835914373398 0.880017840862274 0.773062151670456 0.673577898740768 0.790710723400116 0.689247310161591 0.529282689094543 0.550055247545242 0.538716301321983 0.335471588373184
-9999 -9999 -9999 0.721568608283997 0.703503435850143 0.762422680854797 0.827018463611603 -9999 -9999 0.934165012836456 0.861232089996338 0.99054913520813 0.99057195186615 0.938114947080612 -9999 -9999 -9999 0.894340968132019 0.964679712057114 0.776780188083649 0.825676852464676 0.396734696626663 0.423019760847092 0.468963849544525 0.62505407333374 0.570538949966431 0.621126717329025 0.416369116306305 0.537220105528831 0.640149492025375 0.748049533367157 0.940348052978516 0.9736911714077 0.95641822218895 0.794737470149994 0.723392993211746 0.952968347072601 0.734242105484009 0.720298838615417 0.747305738925934 0.715221804380417 0.767942398786545 0.595945966243744 0.6050612449646 0.334788605570793 0.577316409349442
0.636263960599899 -9999 -9999 0.755980652570724 0.722271692752838 0.811311572790146 0.944711536169052 0.820745784044266 0.909737312793732 0.993520444631577 0.889817231893539 0.939464145898819 -9999 0.985120886564255 0.999540913105011 0.983463048934937 0.927462023496628 0.998563385009766 0.987910753488541 0.999264991283417 0.991024261713028 0.65979568362236 0.995283675193787 0.749186998605728 0.496624594926834 0.380236768722534 0.587974232435226 0.973393660783768 0.851107358932495 0.850162500143051 0.808837342262268 0.850691628456116 0.926253074407578 0.916271245479584 0.854908263683319 0.760723739862442 0.56289998292923 0.724233114719391 0.73994026184082 0.772645008563995 0.753555250167847 0.363252368569374 0.800543683767319 0.628827250003815 0.524774771928787 0.696146291494369
-9999 -9999 0.717639672756195 0.852135592699051 0.996621888875961 0.990827929973602 0.999855196475983 0.997273623943329 0.858821785449982 0.762356543540955 0.995239996910095 0.977162402868271 0.985192686319351 0.997929811477661 0.991272509098053 0.954795438051224 0.893654960393906 0.8993832051754 0.970712208747864 0.887510102987289 0.351579064130783 0.346570095419884 0.437393355369568 0.621880435943604 0.335264101624489 0.474636501073837 0.943604826927185 0.353001233935356 0.946637570858002 0.83974928855896 0.899065643548965 0.668032294511795 0.670940965414047 0.797336834669113 0.763004064559937 0.850872725248337 0.60211193561554 0.295533302426338 0.586133062839508 0.926092672348023 0.941084063053131 0.647063809633255 0.601645368337631 0.574772042036056 0.69942854642868 0.545023155212402
0.781383210420609 0.842137432098389 0.988009852170944 0.997724062204361 0.999526333808899 0.835664784908295 0.851214420795441 0.926213037967682 0.975914835929871 0.999653178453445 0.999011063575745 0.999374389648438 0.999333667755127 0.975133937597275 0.998644822835922 0.670085120201111 0.350467604398727 0.744542771577835 0.731061577796936 0.89354767203331 0.979524862766266 0.714045983552933 0.420680150389671 0.391574582457542 0.401385840773582 0.346288421750069 0.311388842761517 0.442900559306145 0.560448926687241 0.826330691576004 0.757038879394531 0.664506191015244 0.611670738458633 0.609799134731293 0.472124058008194 0.944284981489181 0.418612739443779 0.616603767871857 0.458503568172455 0.569581681489944 0.757658672332764 0.589403963088989 0.731573343276978 0.592899215221405 0.771828150749207 0.785681122541428
0.980857080221176 0.965177273750305 -9999 0.960439735651016 0.99806621670723 0.871490794420242 0.726257330179214 0.533122506737709 0.510217374563217 0.606151437759399 0.999819839000702 0.980391883850098 0.999802303314209 0.997963052988052 0.965091222524643 0.991698658466339 0.981943154335022 0.875023508071899 0.915607804059982 0.882488292455673 0.272650954127312 0.310355432331562 0.315816482901573 0.413793557882309 0.367870596051216 0.328267273306847 0.341287156939507 0.299651524424553 0.590854132175446 0.65017637014389 0.581987509131432 0.822756791114807 0.56468879878521 0.596821510791779 0.612447816133499 0.796493983268738 0.487678763270378 0.525482982397079 0.45275904238224 0.558731842041016 0.838990849256515 0.736403298377991 0.774364387989044 0.570774126052856 0.7396060526371 0.67568776011467
0.99521449804306 0.925833714008331 0.97308241724968 0.980102598667145 0.878189611434937 0.715453940629959 0.422378975152969 0.448273152112961 0.481948274374008 0.426083424687386 0.624557292461395 0.998562198877335 0.997123247385025 0.498868876695633 0.473057681322098 0.465885040163994 0.453297787904739 0.470362880825996 0.470288196206093 0.465568733215332 0.340308025479317 0.31506083458662 0.227904016524553 0.479209744930267 0.274433869123459 0.328758335113525 0.261762826144695 0.278668254613876 0.550139170885086 0.534580156207085 0.508968406915665 0.58009067773819 0.491492626070976 0.392054650187492 0.324420261383057 0.199883970618248 0.446173951029778 0.254100131988525 0.700977337360382 0.634344190359116 0.769990783929825 0.764287197589874 0.703725802898407 0.657339745759964 0.596793055534363 0.808143055438995
0.861994987726212 0.510859924554825 0.563859689235687 0.466896060109138 0.745035356283188 0.693792420625687 0.842853796482086 0.746140170097351 0.836999958753586 0.994240909814835 0.987649172544479 0.872064793109894 0.521089112758636 0.33005850315094 0.385354217886925 0.356271404027939 0.369768342375755 0.366864719986916 0.569352245330811 0.559010148048401 0.495053890347481 0.342013987898827 0.315024115145206 0.505184277892113 0.335379448533058 0.261129051446915 0.49553357064724 0.456695181131363 0.48331318795681 0.50418838262558 0.385483956336975 0.532244095206261 0.502642080187798 0.169301447272301 0.436376395821571 0.461297616362572 0.575093501806259 0.619093233346939 0.51514256298542 0.710552197694778 0.799082553386688 0.811669152975082 0.789432573318481 0.761468583345413 0.768916523456573 0.582005327939987
0.623446241021156 0.594710487127304 0.365539246797562 0.284582254290581 0.188351711630821 0.513965621590614 0.420109590888023 0.242944519221783 0.402582401037216 0.696160763502121 0.447146502137184 0.40399184525013 0.333507661521435 0.234562614560127 0.169275866448879 0.371403419971466 0.422814694046974 0.57658007144928 0.745583140850067 0.585905542969704 0.331993293762207 0.311000281572342 0.402988040447235 0.489238655567169 0.557262897491455 0.265495167672634 0.479247003793716 0.517584359645843 0.380527380108833 0.583273565769196 0.249586635828018 0.343865865468979 0.393905359506607 0.237668089568615 0.451628819108009 0.289134813845158 0.478755661845207 0.58553175330162 0.898865354061127 0.857969158887863 0.842058205604553 0.718207776546478 0.607720571756363 0.64539378285408 0.594148623943329 0.791194969415665
0.734703838825226 0.549575424194336 0.622835564613342 0.525340703129768 0.396682533621788 0.49869958460331 0.306903758645058 0.504246863722801 0.462695464491844 0.271319709718227 0.565887010097504 0.32568935751915 0.382350784540176 0.457840585708618 0.419935938715935 0.444065991044044 0.424313947558403 0.432314619421959 0.463435551524162 0.242024447023869 0.276830172538757 0.380788554251194 0.380276283621788 0.375815233588219 0.50969769358635 0.326260878145695 0.637791389226913 0.322034895420074 0.193828341364861 0.448572814464569 0.420519563555717 0.208962334692478 0.57621738910675 0.429150488972664 0.675814735889435 0.525424534082413 0.140754768997431 0.20809270888567 0.0916073065251112 0.354544672369957 0.890877419710159 0.773548519611359 0.581310892105103 0.639701282978058 0.745855718851089 0.743870848417282
0.20498173981905 0.255256548523903 0.344823324680328 0.699849459528923 0.760623496770859 0.7121053814888 0.705197489261627 0.367251202464104 0.422802904248238 0.278601163625717 0.256561410427094 0.398784601688385 0.360737305879593 0.277264605462551 0.428489336371422 0.270874053239822 0.405476552248001 0.207882699370384 0.467829117178917 0.252290004491806 0.214715069532394 0.329837083816528 0.197545605897903 0.46541993021965 0.70985791683197 0.589441698789597 0.547496849298477 0.235425919294357 0.383256608247757 0.598813086748123 0.602333414554596 0.369884404540062 0.417581710219383 0.400320678949356 0.73735443353653 0.53970111310482 0.232094483077526 0.477913302183151 0.650465208292007 0.568720453977585 0.768439716100693 0.746184509992599 0.806319552659988 0.829797810316086 0.818064224720001 0.92027205824852
0.703668889403343 0.597783446311951 0.482588657736778 0.734009248018265 0.817416948080063 0.739400500059128 0.65549783706665 0.509053319692612 0.399927401542664 0.160242054611444 0.157010906934738 0.153172638267279 0.319803950190544 0.282131840288639 0.286432710289955 0.178235037624836 0.168509860336781 0.266638849675655 0.390619510412216 0.241456405818462 0.27989232391119 0.130918377637863 0.184433530271053 0.368404537439346 0.482090884447098 0.263444179296494 0.384261834621429 0.437057307362556 0.635112351179123 0.557718628644943 0.447826772928238 0.617909449338913 0.390504091978073 0.19006612598896 0.398159945011139 0.494237527251244 0.484407132863998 0.748064547777176 0.801542294025421 0.567829132080078 0.805725622177124 0.825638163089752 0.755432713031769 0.853910559415817 0.765674978494644 0.798155146837235
0.250602547824383 0.686614984273911 0.845542496442795 0.704219526052475 0.439463376998901 0.914556497335434 0.50254912674427 0.561289727687836 0.370228949189186 0.516869074106216 0.505429875850677 0.360031738877296 0.271106977760792 0.262144181132317 0.281396266818047 0.352161520719528 0.278624401986599 0.342777729034424 0.372607067227364 0.437060242891312 0.44461872279644 0.332458992302418 0.421546816825867 0.224622863531113 0.341332218050957 0.425510221719742 0.447153723239899 0.650273501873016 0.577009034156799 0.495198467373848 0.292733415961266 0.390377062559128 0.247172410786152 0.0538523510098457 0.531832438707352 0.446898353099823 0.721210449934006 0.4710215061903 0.703946161270142 0.837818652391434 0.818587642908096 0.566717103123665 0.702763038873673 0.758831441402435 0.880079400539398 0.909913104772568
0.250097768008709 0.259710763394833 0.17839697599411 0.182393088936806 0.341762879490852 0.711869925260544 0.743237775564194 0.468305665254593 0.595036172866821 0.512707829475403 0.550330790877342 0.566977795958519 0.691699326038361 0.688030791282654 0.360667765140533 0.43053560256958 0.269380211830139 0.36283865571022 0.596685338020325 0.604678797721863 0.480505809187889 0.416982135176659 0.455615612864494 0.388042142987251 0.37906102836132 0.466745433211327 0.244073648750782 0.260492192208767 0.453807112574577 0.43942343890667 0.583224445581436 0.533924573659897 0.128627255558968 0.160947567224503 0.617154794931412 0.168736250698566 0.117394971102476 0.484329989552498 0.594695889949799 0.758295339345932 0.732301205396652 0.859561198949814 0.686043441295624 0.775455862283707 0.827593976259232 0.908298552036285
0.258377104997635 0.183015204966068 0.164305339753628 0.428255012631416 0.477317634224892 0.490981039404869 0.486672675609589 0.662760591506958 0.619257324934006 0.434138837456703 0.792534118890762 0.542436647415161 0.606895536184311 0.453269642591476 0.649065983295441 0.476391100883484 0.491085660457611 0.423708438873291 0.657574787735939 0.892496716976166 0.794967925548553 0.634477984905243 0.490208408236504 0.373875659704208 0.502009564638138 0.475870841741562 0.178246313333511 0.466653999686241 0.287608358263969 0.604767036437988 0.655833941698074 0.445215997099876 0.612734806537628 0.682279312610626 0.727402198314667 0.478921097517014 0.548065537214279 0.637969595193863 0.685792750120163 0.664155566692352 0.518216118216515 0.798901623487473 0.689690160751343 0.836381965875626 0.476328793168068 0.642193785309792
