Scripts_&_data/Maxent_result_files_1/Bombus_portschinsky_2.asc
NCOLS 594 
NROWS 330 
XLLCORNER -15 
YLLCORNER 23 
CELLSIZE 0.166666666666667 
NODATA_value -9999 
[rows 280 to 299 of 330, columns 315 to 359 of 594]
8.19727019596428e-10 1.29655886027535e-10 6.87978563007619e-11 8.49552095338879e-10 9.34971999821954e-10 4.46261938513715e-10 5.65872382285448e-10 6.64142607575968e-10 7.80660192045701e-10 7.07939140642822e-10 5.28718846481979e-10 5.04648622889903e-10 5.20002374493345e-10 5.64025925964273e-10 6.05941308240432e-10 7.25858095851351e-10 6.27537311004289e-10 3.90949450590483e-10 2.54052501258428e-10 1.86998494466906e-10 1.00594665930487e-10 4.77620165639792e-11 2.90260926405494e-11 6.32284113954995e-11 2.2580370906411e-11 1.70688574385736e-11 1.23951293673485e-11 1.12357234627325e-11 1.0202128031267e-11 1.00254693435886e-11 1.18979270880004e-11 1.06155195744861e-11 9.10195252501467e-12 7.25095539166887e-12 7.71860353410148e-12 9.27100618497434e-12 1.11272990821476e-11 1.04209751938811e-11 6.68040067708375e-12 5.48786571741289e-12 4.70405936425777e-12 4.3867798282804e-12 4.8095638582879e-12 3.86152221309999e-12 2.88692403316304e-12
4.11933154254029e-10 6.94912349885612e-11 4.45284253913769e-11 1.86732185269989e-11 4.85715023756939e-11 2.39775510557649e-10 2.53853627008027e-10 3.18245174657505e-10 4.22919099740682e-10 4.81222561798944e-10 3.92346466426829e-10 3.14072534646215e-10 3.5945343368482e-10 4.31609381568165e-10 6.08825367898191e-10 5.75186953621909e-10 4.76798478477036e-10 3.23781679245627e-10 1.94946792042572e-10 1.00006425363119e-10 1.18407139648724e-10 6.59996279850361e-11 2.67008304355443e-11 5.86573345451313e-11 2.01333505422951e-11 1.4338086273824e-11 1.25240373627378e-11 9.72328884074614e-12 7.37400140948807e-12 8.85553852469911e-12 1.16163301200345e-11 9.33055854801523e-12 7.37423455632324e-12 8.07618416587275e-12 9.01055896562752e-12 1.00580210826706e-11 9.51393408499257e-12 9.14690545528174e-12 6.54103438080256e-12 5.98529004136594e-12 4.44454473225164e-12 3.58730822824782e-12 3.90204535349881e-12 4.08295619536148e-12 3.37228023283842e-12
4.92948737385035e-10 3.60566743129453e-10 1.93605265152996e-10 1.43682732378636e-11 1.01474950664482e-10 1.53865187257907e-10 1.27246879699783e-10 1.62235891387752e-10 2.80900402938045e-10 4.50823844921899e-10 4.66286953493267e-10 3.25363547215574e-10 2.63064670047441e-10 3.77102260529227e-10 5.11326125884892e-10 5.10527298214214e-10 3.65635066668091e-10 2.35635544409973e-10 1.37262456956222e-10 7.78281328273067e-11 2.78263523334488e-11 7.75985831147352e-11 1.88075555129785e-11 2.06485162301817e-11 1.48916323716719e-11 1.25637500403286e-11 1.17449383552071e-11 1.09582676266484e-11 6.96698254643024e-12 7.45540296165359e-12 8.99287311284525e-12 6.89790446983807e-12 6.95088431257318e-12 9.03976893340541e-12 1.11964215676608e-11 1.13060893980332e-11 1.98227323444655e-11 1.88280280255526e-11 6.93360924231001e-12 5.91774407254775e-12 4.90177898271327e-12 3.72823993899374e-12 3.54082319020677e-12 4.38029612581658e-12 3.88425958064431e-12
9.48070510986554e-11 3.47389561561329e-11 2.79390854895922e-10 2.28891072762138e-10 1.34310440547125e-10 1.2266836435515e-10 1.09021236482931e-10 1.52125922969759e-10 2.1064888722222e-10 3.35658589811771e-10 3.26738081035671e-10 2.48456910600936e-10 2.66907718149412e-10 3.25298765702087e-10 3.80123421628298e-10 4.3099371849209e-10 3.12299675009342e-10 1.49517043190883e-10 9.08602859617247e-11 8.50856607392814e-11 5.39192135384781e-11 4.27404667213693e-11 2.37933117652744e-11 1.9435386633404e-11 1.59261825949386e-11 1.37016953338787e-11 1.2870571275414e-11 1.18176357588595e-11 9.38102928671469e-12 6.79785117085885e-12 5.88182835770112e-12 5.26398924449723e-12 6.12243589159789e-12 8.71339667085636e-12 9.87770976124125e-12 8.67456106945497e-12 6.83503253995354e-12 6.37087049781826e-12 6.30118179856254e-12 5.32975885647602e-12 5.32410782128068e-12 4.58899584998562e-12 8.71959171533376e-12 3.80868669935808e-12 3.76143560743003e-12
6.09486794367342e-11 4.96952479167589e-11 3.76163322712841e-11 6.74920719312411e-10 5.89058313238411e-10 1.71120462244545e-10 1.75022163428906e-10 1.971779850507e-10 1.970566709808e-10 2.03178363022971e-10 2.1997558219411e-10 1.92391136355496e-10 1.90025739588151e-10 2.46024023375924e-10 2.53984921982919e-10 3.0988707155899e-10 2.69805000563395e-10 1.49592915832386e-10 1.20922472035545e-10 1.02570818505399e-10 5.6321292074557e-11 3.44458461754016e-11 2.68082889220977e-11 2.28505547816837e-11 1.9485024704835e-11 1.50363388407015e-11 1.21858745316672e-11 1.17069465233044e-11 1.0767675640011e-11 8.49473824615643e-12 7.6098238821487e-12 5.76991787681891e-12 5.73520120283888e-12 6.28810337133245e-12 9.57278700752795e-12 1.01643582439692e-11 6.61883881036829e-12 6.0028981785365e-12 7.31666949249643e-12 5.73385783297908e-12 4.811506748581e-12 4.37573310918538e-12 9.49905709646259e-12 4.01080280099109e-12 3.62665453224054e-12
8.40616465325184e-11 6.70584698880816e-11 1.74187775314749e-11 6.08695538417692e-11 4.85145834616674e-10 2.40147124408452e-10 2.8039883748221e-10 2.16998963242787e-10 1.68924829679895e-10 1.43334988322863e-10 1.9785604266076e-10 1.69224112500643e-10 2.153972222807e-10 2.96933921895004e-10 3.179618013327e-10 2.34322805603426e-10 1.72511493978789e-10 1.06558539769708e-10 1.80302772712082e-10 1.0248704107596e-10 5.15929299282902e-11 3.94059007646774e-11 2.86279888683794e-11 2.09624317903945e-11 1.56858637190282e-11 1.68165703584577e-11 1.37239331010619e-11 1.13792864020468e-11 2.86155765749641e-11 1.19302456802473e-11 9.78149783392723e-12 8.47980574647522e-12 7.00863811431418e-12 5.173583783602e-12 6.03226357753783e-12 7.89888154884011e-12 7.16130488243039e-12 6.71801503315805e-12 7.98600074958244e-12 7.15131287520876e-12 5.27813348583095e-12 3.93133303688842e-12 3.05135916534027e-12 3.6645242396105e-12 3.95671273523135e-12
1.79138925915368e-11 3.50641071733548e-11 1.92055260583857e-12 6.24958529371611e-11 7.25073334706394e-10 8.58049131746697e-10 1.73365422018179e-10 1.64562985460748e-10 1.9765408199035e-10 2.21663154498231e-10 2.87718704417017e-10 2.56714527413493e-10 2.71991096312263e-10 3.26584770338201e-10 4.20491863550865e-10 1.20642196232978e-10 4.85254503246324e-11 9.14797904094655e-11 1.42195744068374e-10 9.88119364109252e-11 7.05611014062413e-11 4.45115388991724e-11 3.01652036682754e-11 2.09683048701947e-11 1.62725610763914e-11 1.52879708892328e-11 1.23225318837683e-11 1.09211084620142e-11 1.15376708187398e-11 1.34964706077767e-11 1.44199208129692e-11 1.22498011734251e-11 9.42547151439044e-12 7.28450633147304e-12 7.22882864678809e-12 6.55860921128237e-12 8.45513659086805e-12 7.57327534017804e-12 6.62943033802321e-12 7.1211259111692e-12 5.96114269058035e-12 4.69205785336158e-12 3.88600263079297e-12 4.07834876980928e-12 4.00894872853996e-12
1.46130596512251e-10 7.55890683379334e-11 2.88350898713929e-11 1.43686285092315e-10 3.17116307657628e-09 2.52382456045197e-09 7.97095212057286e-10 1.1412975009506e-10 1.62951652171728e-10 2.11023876151017e-10 2.46779197077274e-10 2.18367068871572e-10 2.05170658240661e-10 1.69114022785521e-10 1.11210229913894e-10 3.82870291026904e-11 6.49909903671642e-11 3.81284226413925e-11 7.90534304684343e-11 6.93479718094636e-11 5.54275181308128e-11 3.30788396674109e-11 2.37643238421015e-11 2.33013830452933e-11 2.03925321073939e-11 1.57029278469167e-11 1.3622991623663e-11 1.07249986669444e-11 1.47062362287897e-11 1.44365630561083e-11 1.393033466357e-11 1.12660103468443e-11 1.0558931506921e-11 1.07141073790729e-11 1.05627950830467e-11 9.04779584587345e-12 6.5517258285297e-12 8.295353293164e-12 7.90650878101928e-12 7.27212734474847e-12 6.12845330039136e-12 5.10473885384499e-12 4.68126648556222e-12 4.85828044460845e-12 4.35104174911771e-12
3.48198569977143e-10 8.8846041634838e-11 7.52306772433542e-11 2.82198775458653e-10 2.26211482878824e-10 3.036315421312e-10 8.32989088817016e-10 3.39659733672448e-10 1.17350240635972e-10 1.48210976824714e-10 1.75939940394443e-10 1.40831857287083e-10 8.45066128185579e-11 6.25900886674913e-11 4.84478346329809e-11 2.98777669271999e-11 1.20100662748257e-10 3.21283888382595e-11 6.31162011544006e-11 6.47565556732843e-11 5.47158429675676e-11 2.93258750616587e-11 1.92535543064309e-11 1.73579817186464e-11 1.97292182591013e-11 1.64755098452929e-11 1.31988198148747e-11 1.08992481706593e-11 1.20031207195836e-11 1.11149422998835e-11 9.51353440470371e-12 8.83062512002652e-12 8.45851166886291e-12 1.88354110086664e-11 1.12274411989688e-11 2.2815582756408e-11 8.40428837634022e-12 7.20762338701775e-12 8.55824300316499e-12 8.48818793031114e-12 7.59390328397558e-12 5.3493653950909e-12 4.24738022530846e-12 3.92228471923772e-12 4.01807476180238e-12
3.83357678934715e-11 8.952150132302e-11 4.81007667030298e-10 2.85604018213093e-10 2.71037270405117e-10 1.027264162623e-10 4.23292179085877e-10 4.48890069559837e-10 3.65197816432072e-10 1.46515299892513e-10 1.90291082891036e-10 1.43995715351508e-10 6.76625311335499e-11 5.10460562708204e-11 3.37359740143484e-10 1.12571107990789e-10 4.07589739737091e-11 3.85717124906648e-11 5.17632825491887e-11 5.48955325641032e-11 5.16079401435832e-11 4.50110504424117e-11 3.13462700241018e-11 2.23901563956019e-11 1.88037141413133e-11 1.65697122689323e-11 1.49242618263656e-11 1.29825261652172e-11 1.28231980589533e-11 1.12826636922136e-11 9.41757782868535e-12 9.0606744329591e-12 8.05207012177789e-12 7.35479455116206e-12 8.89421869487705e-12 1.75775283217661e-11 6.72859545858273e-12 1.57789004084918e-11 6.6512240159966e-12 7.67257368750052e-12 7.4463324395424e-12 5.62765389844344e-12 3.95831145638681e-12 3.93960419842188e-12 3.48056028443011e-12
1.28088206707844e-11 1.50272116972161e-10 1.27269117466966e-10 1.42986622542196e-10 1.64329727603274e-10 3.22171256339487e-10 3.13987869038357e-10 1.20808429926456e-10 1.46128265043899e-10 1.87083681879585e-10 1.71848035801503e-10 7.8460460350982e-11 5.805629310629e-11 4.74294714614132e-11 4.77187067637885e-11 4.77833661527427e-11 4.54895676682554e-11 4.34985714115044e-11 4.22159418533852e-11 4.21348178569758e-11 4.22157420132407e-11 3.63177043993801e-11 2.99929858726955e-11 2.50329423856499e-11 2.06164529892305e-11 1.75133130220217e-11 1.59421253975722e-11 1.32343802583534e-11 1.5911771900079e-11 1.41103240203222e-11 1.18801635196064e-11 1.09761422173449e-11 9.92804727317775e-12 9.30587829017782e-12 9.2425511688532e-12 1.91876403654589e-11 2.24817608973638e-11 7.83664244607962e-12 6.86678491845782e-12 5.32796029517613e-12 4.74490446933373e-12 4.29106750132746e-12 3.46295214725956e-12 3.16133785815964e-12 2.92845747651427e-12
1.08828501765856e-11 1.13268860957305e-10 1.08522690833723e-10 1.35010713719907e-10 1.55001333990157e-10 1.40813483096025e-10 8.94980201060491e-11 1.28304777913257e-10 1.42440093053864e-10 2.56689058897308e-10 1.3105553309245e-10 1.02858344064316e-10 7.38180072623607e-11 5.17470066796477e-11 4.54953519302137e-11 4.47450076990208e-11 4.69368099942358e-11 4.40428471470966e-11 4.14735468190486e-11 3.98493793518639e-11 3.99751121094027e-11 3.83390874603151e-11 3.50227957746085e-11 3.03038594218208e-11 2.4048696367629e-11 2.07259986950703e-11 1.786354397737e-11 1.46328615890923e-11 1.46375356280259e-11 1.3508971719034e-11 1.22936438806676e-11 1.21079923864897e-11 1.18506759960724e-11 1.08164477374828e-11 1.03558162045658e-11 9.80179271081738e-12 7.90590926058599e-12 7.26054771860163e-12 6.4867000659774e-12 5.7317484092323e-12 4.47596404384854e-12 3.30392380121225e-12 2.60806931606794e-12 2.56400456422057e-12 2.55404586368968e-12
1.82329573661377e-10 1.12979248179101e-10 1.25006094364721e-10 1.33018362991066e-10 1.61129221076806e-10 1.31687671878211e-10 1.15242615450484e-10 1.28305077673474e-10 1.25852461785314e-10 1.24197374606894e-10 1.01660313500673e-10 1.30193011926849e-10 1.09245190671459e-10 6.55182352815587e-11 4.93841745274892e-11 4.78187045516165e-11 4.92505591864756e-11 5.09315811747513e-11 4.80292583482367e-11 4.42644032538908e-11 4.13800549381449e-11 3.94792420976842e-11 4.08996281286988e-11 3.78303166570504e-11 3.10977021911185e-11 2.61838661863578e-11 2.31764607505625e-11 1.79739778616295e-11 1.40122025094058e-11 1.51050616459258e-11 1.41281097931767e-11 1.53377754941175e-11 1.38922540138253e-11 1.0678047335233e-11 1.13562825809765e-11 1.10087050586571e-11 9.24648135836037e-12 8.79496475647557e-12 5.967348837288e-12 4.87405671378838e-12 4.54054571719098e-12 3.700073580859e-12 2.88196133624297e-12 2.37254660362396e-12 2.33020269746476e-12
2.26020457905207e-10 1.37106548336874e-10 1.37403655120494e-10 1.216341138921e-10 1.49657308767814e-10 1.43028611176987e-10 1.20081522503312e-10 1.19481902149943e-10 1.29909671908734e-10 1.52539791908879e-10 1.51492440814138e-10 1.39928080233886e-10 1.20740395459507e-10 9.72052993652994e-11 8.30719049105255e-11 7.59482587930904e-11 6.92955581804711e-11 6.38622932314092e-11 5.67673241747002e-11 4.9180559624773e-11 4.40475433904908e-11 4.15036449652462e-11 4.00787514287515e-11 3.75727005064164e-11 3.32178728967847e-11 2.97623592437901e-11 2.59291477178181e-11 2.2227941709474e-11 1.92883820027134e-11 1.84147364024057e-11 1.6752244036411e-11 1.5103984729592e-11 1.28170918323178e-11 1.0604150890714e-11 1.11359144128187e-11 1.04455666338765e-11 9.79200054374019e-12 7.72875097254655e-12 6.23132656585312e-12 4.53818094214853e-12 3.68124419836135e-12 3.23696625059711e-12 2.90342194730897e-12 3.06981107200954e-12 2.42038611375506e-12
2.23414731159721e-10 1.92314741909172e-10 1.08266196008344e-10 1.24498689135777e-10 1.13801312817685e-10 1.46010470380986e-10 1.47375966985663e-10 1.08056663616907e-10 1.12449527467362e-10 1.31191946195486e-10 1.40637201884175e-10 1.32075672620857e-10 1.19051279945381e-10 1.03900676950985e-10 9.40035715935039e-11 9.35825750225661e-11 8.4530515920278e-11 7.43911043876722e-11 6.4323590898141e-11 5.4734572429993e-11 4.90457230384322e-11 4.56004900506457e-11 4.1555348051503e-11 3.73722164326296e-11 3.37823546914251e-11 3.09709591306273e-11 3.04411496010459e-11 2.72547207025298e-11 2.34470443061241e-11 2.27202145985927e-11 2.00024885543826e-11 1.73331127228948e-11 1.45537137896667e-11 1.32335586933152e-11 1.26417321055783e-11 1.1274925437732e-11 9.99730298545387e-12 8.025069497819e-12 5.53106449530105e-12 4.39941416630063e-12 3.76213504793554e-12 3.08907344148679e-12 2.70230504639812e-12 5.95858917762371e-12 3.27710081293731e-12
1.70786373931975e-10 1.14786768978803e-10 1.57327662009266e-10 2.25152474442325e-10 1.80194270615885e-10 1.4805886516811e-10 1.49709145080834e-10 1.04428454772432e-10 1.12059717061186e-10 1.2971155260999e-10 1.38953992756541e-10 1.36833089303678e-10 1.29102817325588e-10 1.24536825296673e-10 1.1559184720511e-10 1.21223797666659e-10 1.12907749816316e-10 9.88485182595866e-11 8.53129233924221e-11 6.71674826868696e-11 5.54523649221039e-11 4.80580686357257e-11 4.13089451534177e-11 3.68649333282178e-11 3.38032046798276e-11 3.18244097741172e-11 3.13212455971268e-11 2.90865553864705e-11 2.66225264056175e-11 2.42617592682848e-11 2.29866681245028e-11 2.01877403682715e-11 1.85292448051655e-11 1.67451830179743e-11 1.52779788820112e-11 1.16477716360919e-11 8.95959972879723e-12 6.07275341124591e-12 5.14228659653781e-12 4.27948787518062e-12 3.76957354220053e-12 3.10236281109155e-12 2.72002420587114e-12 2.62192489941526e-12 2.29932739514993e-12
1.37078803863488e-10 1.20876375575563e-10 1.89666893302132e-10 2.84226331359605e-10 2.27591467893973e-10 1.69980540754011e-10 1.48397993893212e-10 1.23167187560114e-10 1.34369648741028e-10 1.25965538000372e-10 1.57059532046588e-10 1.52118995178085e-10 1.66263869338934e-10 1.55910329091569e-10 1.3070251547731e-10 1.33324173923199e-10 1.2430588780532e-10 1.13816045477222e-10 1.02522024203466e-10 8.13309863900713e-11 6.56410925614637e-11 5.53519230450661e-11 4.50782966510133e-11 3.92133991944377e-11 3.63691743388017e-11 3.44301365196031e-11 3.19601234366473e-11 2.9955227187628e-11 2.79100742517358e-11 2.62280308582774e-11 2.61690447089791e-11 2.16091811111596e-11 2.15720219465254e-11 1.84407045189516e-11 1.49706580465647e-11 1.30398691844391e-11 1.02430397497244e-11 7.77266029317047e-12 6.12816464240495e-12 5.52774492845742e-12 3.64406282926666e-12 3.23908677657414e-12 2.98897573358659e-12 2.20891083202446e-12 1.68592917404453e-12
1.6847736539205e-10 1.47238443659603e-10 1.8834944714996e-10 2.33089547663212e-10 2.14649598095917e-10 2.07078898473156e-10 1.87930782047374e-10 1.54577939337486e-10 1.3842824664323e-10 1.19861309766378e-10 1.42163703031883e-10 2.00841299147214e-10 2.16934314956063e-10 1.74923020512807e-10 1.61356283889802e-10 1.74639747108074e-10 1.58080204482047e-10 1.27757682211183e-10 1.06961062229516e-10 8.86475448602653e-11 7.84339482251539e-11 6.80786760298702e-11 5.49641332447948e-11 4.43604597499814e-11 3.97546662256332e-11 3.63263641389722e-11 3.43640005340262e-11 3.20778736906391e-11 2.88225110445239e-11 2.68923439072921e-11 2.57306731477058e-11 2.59669397095763e-11 2.34426034140256e-11 1.8872814422366e-11 1.53245194312035e-11 1.3950895993986e-11 1.07456377129722e-11 8.38069613706693e-12 6.18812778796496e-12 5.13674658364494e-12 4.06576994294028e-12 3.46680462115501e-12 2.92910140586855e-12 2.12401207733137e-12 1.56199497780563e-12
1.8904283693999e-10 1.74292746901727e-10 2.13788353686795e-10 1.66277425162065e-10 1.34512445626456e-10 1.31202548825371e-10 1.14550902097221e-10 1.01838137922527e-10 1.07923969761003e-10 1.54028201304612e-10 1.89508275738604e-10 2.03042871405046e-10 2.40572850529475e-10 2.39321273909354e-10 2.17864948304225e-10 1.7669499197126e-10 1.48466283711457e-10 1.26040766712521e-10 1.05043307385699e-10 8.75808647826659e-11 7.38093808294593e-11 6.30895891085004e-11 5.52648260487842e-11 4.81829465215355e-11 4.19143719732062e-11 3.70441677333133e-11 3.35873329149194e-11 3.12630921150969e-11 2.79540168790504e-11 2.63489452478893e-11 2.61850208183034e-11 2.66030419915353e-11 5.59128299215672e-11 1.96607286007122e-11 1.51137324877482e-11 1.34356414882575e-11 1.09715347917927e-11 9.12829811738902e-12 6.30223651043593e-12 5.09002839876871e-12 4.39359659765159e-12 3.79722919774395e-12 3.05752090312694e-12 2.38300490451593e-12 1.91506810409692e-12
1.77134762413544e-10 2.10943851275402e-10 1.88270510292909e-10 1.34594269063371e-10 1.25369503667372e-10 1.0931830995986e-10 1.01317598755202e-10 9.77600111973231e-11 1.27784982595358e-10 1.74433867350388e-10 1.7767469717711e-10 2.22166085528386e-10 2.43062003857375e-10 2.70716649097835e-10 2.26073637588087e-10 1.84953963255907e-10 1.5153668320167e-10 1.2377926461582e-10 1.06752762185636e-10 9.25038934340705e-11 1.83641291062742e-10 5.63630475625132e-11 5.21617304904964e-11 4.72645478311051e-11 4.36859548536006e-11 2.63591515281547e-10 1.06680164702055e-10 5.9751215086834e-11 2.57737164943705e-11 2.36322739155526e-11 2.31882846257747e-11 2.29863572620559e-11 2.27317165091279e-11 1.97681315761145e-11 1.62113544810438e-11 1.11206821529208e-11 8.59898818816873e-12 7.57722773414571e-12 5.98188165668034e-12 4.46727099756572e-12 4.27953228410161e-12 3.86634058102686e-12 3.12964099080659e-12 1.93117744018423e-12 1.26800792088488e-12
