Scripts_&_data/Maxent_result_files_1/Bombus_argillaceus_3.asc
NCOLS 594 
NROWS 330 
XLLCORNER -15 
YLLCORNER 23 
CELLSIZE 0.166666666666667 
NODATA_value -9999 
[rows 300 to 319 of 330, columns 184 to 229 of 594]
6.63022151456971e-05 7.03222814081528e-05 7.94402845713193e-05 8.56330035276187e-05 8.14797877865203e-05 6.69217544782441e-05 6.57324757412425e-05 6.66966184780904e-05 6.61246244362701e-05 0.000158185440341185 0.000165481344083673 0.000108843641282874 6.08891747560847e-05 5.63135935863102e-05 4.78526146707736e-05 5.18655584983208e-05 3.96982003394442e-05 3.41774992421051e-05 3.81578527139936e-05 3.86248652375798e-05 3.85163639293751e-05 3.67114049367956e-05 3.56157807573254e-05 3.44904524354206e-05 3.53272085249046e-05 3.47334691241485e-05 3.36478834014997e-05 2.85806093643259e-05 2.7530899433259e-05 2.93688271767678e-05 2.44163230263439e-05 2.22636270109433e-05 2.0963390329598e-05 1.97624723000445e-05 1.80088283741497e-05 2.11481833161997e-05 1.65428062359751e-05 1.62788697934957e-05 1.68150608260476e-05 1.7965120775898e-05 1.84502488878024e-05 1.9426986648341e-05 2.10103962672292e-05 2.16160789932474e-05 2.15403035326744e-05 2.13223149557962e-05
6.49644836357766e-05 6.16381807049038e-05 6.897689595462e-05 7.298291366169e-05 0.00013013409143241 0.000154116041630914 0.000140671628196287 0.000150671735809738 0.000205613986872777 0.000315848377431394 0.000244137003210199 0.000142318682810583 0.00013362343861445 0.000116170446290198 5.09532618252706e-05 4.72098198770254e-05 3.6856725432699e-05 3.51726409462572e-05 3.75643231336653e-05 3.80743998675825e-05 3.81110773787441e-05 3.73489704315944e-05 3.59648476660368e-05 3.41010407055364e-05 3.45788466802333e-05 3.43311330425422e-05 3.28121310985807e-05 3.02776568105401e-05 2.66880733761354e-05 2.38398351939395e-05 2.26551494279192e-05 2.12648634260404e-05 2.01414003640821e-05 1.87048018005953e-05 1.74586382740927e-05 1.64029752795614e-05 1.5832592703191e-05 1.53559142177073e-05 1.64770896958544e-05 1.73010414755481e-05 1.77484054006527e-05 1.93544948956514e-05 2.05603112362951e-05 2.08858470841733e-05 2.07924902952072e-05 2.06170494720936e-05
5.96136472722719e-05 6.01539148647134e-05 6.12805185028265e-05 6.63143322981341e-05 6.57178215078602e-05 0.000182629132905276 0.000280796294282482 0.000259026099229231 0.000329696550033987 0.000374114549049409 0.000289434004662326 0.000215371357262484 0.000180970747351239 0.000133862419988873 0.000107371886497276 3.65367850690745e-05 4.09552289056592e-05 3.43729789165081e-05 3.73725516965351e-05 3.89096637718467e-05 3.79674454961787e-05 3.68528219723885e-05 3.59607126938499e-05 3.37302946945783e-05 3.43916184192494e-05 3.33013215822575e-05 3.13756749392269e-05 2.93896285256778e-05 2.71625732239045e-05 2.50431028689491e-05 2.33413495607238e-05 2.08413258178552e-05 1.88494084795821e-05 1.73645974882675e-05 1.65941828299765e-05 1.62635990932358e-05 1.5373600683688e-05 1.4952921060285e-05 1.5336220383233e-05 1.65157757351153e-05 1.67451232414351e-05 1.88761836852791e-05 2.01730957542168e-05 2.07019028948707e-05 2.03630904479724e-05 2.01762543156292e-05
5.47695181012386e-05 5.62994190659083e-05 5.69563291719533e-05 7.85006713158509e-05 6.66711696339917e-05 0.000118321762602136 0.000273264403767826 0.000298898252367508 0.000330573144674418 0.000378622275457019 0.000415661539955181 0.00036353009782033 0.000238005928076745 0.000169542462026584 0.000115710452519124 5.71558076444489e-05 3.68837306496062e-05 3.53096686012577e-05 3.64264808922599e-05 3.84973255904697e-05 3.71335257341343e-05 3.58271041250191e-05 3.42868119332707e-05 3.37332641038302e-05 3.33563208869236e-05 3.17086403128997e-05 3.03484586311242e-05 2.85095962226478e-05 2.65693451865445e-05 2.54381355489386e-05 2.36915952200434e-05 2.07349151423841e-05 1.80592886295017e-05 1.65004085488363e-05 1.59643499046069e-05 1.55566881630875e-05 1.50682382468403e-05 1.43189376672126e-05 1.45527173799564e-05 1.58899147777447e-05 1.67616112662472e-05 1.86069644541931e-05 1.96873600998515e-05 2.04242875497584e-05 2.05178687338048e-05 1.97670844499953e-05
4.96522075081884e-05 5.15934589202516e-05 5.60888479412824e-05 5.9076887964693e-05 6.17193209563993e-05 5.59302332476363e-05 0.000171083017085039 0.000220052883742028 0.000315968271024758 0.000394004778718227 0.000476927399722626 0.00041033272864297 0.000270506181186647 0.000220503367017955 9.02692352610757e-05 2.74788924798486e-05 3.88725226230235e-05 3.5132377138325e-05 3.61580222033808e-05 3.65888546184578e-05 3.64944918146648e-05 3.45927479202146e-05 3.29002013359059e-05 3.19098465070056e-05 3.12427715016383e-05 3.05108378370278e-05 2.94143632800115e-05 2.75230151828509e-05 2.55105310770887e-05 2.44647033241563e-05 2.17383408198657e-05 1.89906187188171e-05 1.68211133541263e-05 1.6127202889038e-05 1.54273226144142e-05 3.25827956203284e-05 1.49658617260684e-05 1.45991486306229e-05 1.48688203807978e-05 1.5870467007062e-05 1.6734931011797e-05 1.83154348064818e-05 1.93192501455997e-05 2.00447019778949e-05 2.04629264317191e-05 1.96919121435712e-05
4.71471549644775e-05 4.68134596303571e-05 5.01798682762455e-05 5.34272888216947e-05 5.30145862740028e-05 5.17801071964641e-05 5.24148800650437e-05 0.000138354665250517 0.000218526155549625 0.000369329636305338 0.000372042071830947 0.000264803729987761 0.000176656641269801 0.000126459608145524 9.8859807530971e-05 3.10748354877433e-05 2.93501649821337e-05 3.04071966411357e-05 3.24077001550904e-05 3.48749295199013e-05 3.40675844427096e-05 3.29277711443865e-05 3.08922439216985e-05 3.00275783956749e-05 2.94752305080692e-05 2.87822991595021e-05 2.80933194289901e-05 2.6497683757043e-05 2.39151560663231e-05 2.25736399215748e-05 1.99000349084599e-05 1.80372487307068e-05 1.64664343628829e-05 1.5565937565043e-05 1.50021659464983e-05 1.49257743032649e-05 1.48355496889963e-05 1.51387081928078e-05 1.56563437144541e-05 1.62819425668204e-05 1.68057447694991e-05 1.8071592103297e-05 1.89509497545259e-05 1.97319763401538e-05 2.0149514671175e-05 2.00167415187025e-05
4.42609545643791e-05 4.08100293952884e-05 4.4065169595342e-05 4.49639943781222e-05 4.65536195861205e-05 4.98278339364333e-05 4.90028777676343e-05 5.08197631006624e-05 0.000115549114707392 0.000208119399394491 0.000224713366878859 0.000233346571076254 0.000164253712500795 0.00011012865079465 0.00010406622377559 3.28803676893585e-05 3.10723924258127e-05 3.17454305104548e-05 3.10369455746695e-05 3.0755663351556e-05 3.04265314525765e-05 3.14141519311306e-05 2.90368039259192e-05 2.86027263427968e-05 2.7865966490026e-05 2.72993012231382e-05 2.65680220081776e-05 2.51964702556506e-05 2.3118964168134e-05 2.1483292857738e-05 1.95807236423207e-05 1.77561014538696e-05 1.63291011631372e-05 1.51568500541543e-05 1.46170128346057e-05 1.42498367495136e-05 1.49457609950332e-05 1.53594653852451e-05 2.12696525181855e-05 1.67330387512266e-05 1.70166981774855e-05 1.79431808305708e-05 1.85254773100496e-05 1.91184641153086e-05 1.98300858528455e-05 2.00512467927183e-05
4.1791108696998e-05 4.17616761296813e-05 4.33879505635559e-05 4.37609171058284e-05 4.22450135374675e-05 4.8309438443539e-05 5.14529509928252e-05 5.07046091115626e-05 4.78926815048908e-05 5.07411461512675e-05 0.000132111860148143 0.000151332345194533 0.000128009203308466 7.94386311554263e-05 3.53187370365049e-05 3.19060862466358e-05 3.20846182603418e-05 3.14572212118946e-05 3.00659396771152e-05 2.82172167317185e-05 2.76497191180169e-05 2.96904551305488e-05 2.86464523924224e-05 2.77710016234778e-05 2.62121749983635e-05 2.60725402313255e-05 2.54019518479254e-05 2.36924260661908e-05 2.17351542005417e-05 2.05457235779249e-05 1.92400290075057e-05 1.81085989652274e-05 1.66386289151887e-05 1.55944908556194e-05 1.4581943412395e-05 1.46303325209374e-05 1.50541224002154e-05 1.5394314277728e-05 1.62356151122367e-05 1.66820037179605e-05 1.66329204944304e-05 1.74862934159137e-05 1.78500591687225e-05 1.87638394663736e-05 1.92499536638024e-05 1.95316895315045e-05
3.77573166133516e-05 3.96163667574001e-05 4.00119302867097e-05 4.14307271057623e-05 4.22794537371374e-05 4.31429585660226e-05 4.01059447085572e-05 4.08173525102029e-05 4.50050117706269e-05 0.0001024787771712 5.17231841513421e-05 6.62070633552503e-05 9.00698389159516e-05 6.51343258141424e-05 3.14503946128752e-05 2.72036847718482e-05 2.73445214816093e-05 2.59747919244546e-05 2.46165315502367e-05 2.61602804130234e-05 2.6873423894358e-05 2.87050796259791e-05 2.69774629714448e-05 2.57400656664686e-05 2.52956654321679e-05 2.49443090979184e-05 2.40953158936463e-05 2.16255656141584e-05 2.02190723030071e-05 1.92585186596261e-05 1.88446739684878e-05 1.77905853433913e-05 1.64577364444085e-05 1.52894116013158e-05 1.4966390972404e-05 1.54283863480487e-05 1.5289948521513e-05 1.57262620632537e-05 1.67638919947422e-05 1.72992728835197e-05 1.61421160214559e-05 1.65761229823147e-05 1.76444958924549e-05 1.83670700039329e-05 1.87877860525987e-05 1.89100711850187e-05
3.04136090790053e-05 3.26407308875787e-05 3.42971262398351e-05 3.49140497519329e-05 3.97622080981819e-05 3.99435443341645e-05 3.88529618248867e-05 3.87996043627936e-05 3.88913739698182e-05 3.81325278794975e-05 7.97825156951149e-05 4.17503996231972e-05 5.0795668948922e-05 2.94840841206678e-05 2.64355438048369e-05 2.35138764082876e-05 2.43405987021106e-05 2.23672668653307e-05 1.96162560541779e-05 2.03587230771518e-05 2.17421724073574e-05 2.61452319364253e-05 2.59323255022537e-05 2.4451872195641e-05 2.41685801029234e-05 2.40623796571526e-05 2.30393138508589e-05 2.10055632805961e-05 1.94861896829934e-05 1.84262098628096e-05 1.80339048711176e-05 1.70922077359137e-05 1.56245157768353e-05 1.5071764073582e-05 1.61139467991234e-05 1.60820028213493e-05 1.58539097469657e-05 1.60206022314924e-05 1.72481075651376e-05 1.66052516760828e-05 1.63810406661469e-05 1.6571101775753e-05 1.75728509930195e-05 1.7835577614278e-05 1.86292220064388e-05 1.83573565323059e-05
3.04911840885325e-05 3.1464185326513e-05 3.30180811943137e-05 3.44112215088899e-05 3.83729980512726e-05 4.09296583711694e-05 3.93658870962099e-05 3.91362331811251e-05 3.7070888447488e-05 3.88453494906571e-05 3.51714340695253e-05 3.45823727457173e-05 2.27701413905379e-05 2.10081120485484e-05 2.35285161352294e-05 2.41269687421664e-05 2.4384432754232e-05 2.39244680642514e-05 2.37679036899863e-05 2.19338606939345e-05 1.98551403855163e-05 2.40281669675824e-05 2.46284881541214e-05 2.37268938917623e-05 2.31938312936109e-05 2.33102382253492e-05 2.22998462959367e-05 2.14216441690951e-05 2.04386255745703e-05 1.8111875692739e-05 1.72375840634231e-05 1.63162734338584e-05 1.53387591012688e-05 1.59435240902894e-05 1.64384176400745e-05 1.61362323638059e-05 1.58607576508984e-05 1.63793505180365e-05 1.73271078210746e-05 1.62083777127009e-05 1.62671645853152e-05 1.67777012620718e-05 1.73467781792169e-05 1.76534037905185e-05 1.84659568844836e-05 1.92941103478006e-05
2.85842609173415e-05 2.94348349143547e-05 3.19385252396387e-05 3.44723625175902e-05 3.65970364782697e-05 3.54329172751022e-05 3.90068739307026e-05 3.55133946413844e-05 3.25204565797321e-05 3.19123599865634e-05 3.05641364775511e-05 2.72975393272645e-05 2.27966016609571e-05 2.47415625835856e-05 2.68385502067758e-05 3.05170163755975e-05 2.96973056492789e-05 2.91114763058431e-05 2.81994138276787e-05 2.61139708300107e-05 2.44151752667676e-05 2.4397931247222e-05 2.34009411315128e-05 2.24316941739744e-05 2.22809718479766e-05 2.19358107415246e-05 2.13823696640247e-05 2.06520937581445e-05 1.93412262774473e-05 1.80365696223816e-05 1.70760220726152e-05 1.60215425694332e-05 1.60337890292794e-05 1.63276394687273e-05 1.6182846582069e-05 1.59643228130335e-05 1.58471719146291e-05 1.61840365876742e-05 1.62086931368322e-05 1.59456761707588e-05 1.67535818036413e-05 1.67511566473877e-05 1.70851558664253e-05 1.79880924861209e-05 1.88944965316296e-05 2.1197004593887e-05
2.70121713356275e-05 2.71952344746751e-05 3.25417232261316e-05 3.58604450411804e-05 3.64765848416937e-05 2.80839287597701e-05 3.07436193452304e-05 2.85231581301559e-05 2.7170276734978e-05 2.70403016202181e-05 2.66539579115488e-05 2.47147488835253e-05 2.51048341851856e-05 2.49814710741703e-05 2.92721933647044e-05 3.34909391085603e-05 3.29261428532845e-05 3.16298395318881e-05 2.98931185170659e-05 2.80834851082545e-05 2.61814240047897e-05 2.47935303605118e-05 2.33324828968762e-05 2.25912184305344e-05 2.19363075984802e-05 2.11649204857167e-05 2.02184037789266e-05 1.99035296645889e-05 1.88409381507881e-05 1.74956314936026e-05 1.66633671938143e-05 1.64301321774474e-05 1.59503035320085e-05 1.59315679297833e-05 1.58336203867293e-05 1.57121643383107e-05 1.56625677732336e-05 1.59138969593187e-05 1.60180607622351e-05 1.64379615512189e-05 1.6684802369582e-05 1.67425186191394e-05 1.71261459286143e-05 1.77291409386271e-05 1.78927945057694e-05 1.84500704904167e-05
2.7421436880104e-05 2.86414880974917e-05 3.40983115393101e-05 3.34980871912194e-05 2.72627067033682e-05 2.60357680645029e-05 2.29581543635504e-05 2.33251812915114e-05 3.03339113315815e-05 3.06241415728437e-05 2.55918430866586e-05 2.24639607495192e-05 2.68363940676863e-05 2.34462804883151e-05 2.23534502083567e-05 2.48432667376619e-05 2.53012579605638e-05 2.34687604915962e-05 2.34597755024879e-05 2.32597920557964e-05 2.26976011845181e-05 2.30728797077973e-05 2.31033223826671e-05 2.25142389126631e-05 2.12754544236304e-05 1.99405134253539e-05 2.06226355885519e-05 1.97816778609194e-05 1.89090845537976e-05 1.79142266006238e-05 1.71798069573015e-05 1.64519737268165e-05 1.54107844196005e-05 1.55992279360362e-05 1.52605562448116e-05 1.53633838522182e-05 1.54030252133452e-05 1.56084083641872e-05 1.56652943019253e-05 1.66019762673386e-05 1.6964609437764e-05 1.68138418871422e-05 1.71815629641969e-05 1.75134620690187e-05 1.6687796903625e-05 1.83080930924007e-05
2.60578832467218e-05 2.98779478725919e-05 3.10670498720356e-05 2.92144551394813e-05 2.51395105806296e-05 2.27895809302936e-05 2.03962077193864e-05 2.28492948735948e-05 2.63753716808424e-05 3.42702075386114e-05 2.15466540339548e-05 2.05099955564947e-05 2.04788568908043e-05 2.34325593055473e-05 2.29292275662374e-05 2.25549711558415e-05 2.35246283864399e-05 2.35645409020435e-05 2.35853271078668e-05 2.39629498310023e-05 2.35342778523773e-05 2.36808897625451e-05 2.31013568736671e-05 2.20763503193666e-05 2.11705311357946e-05 2.10025280694026e-05 2.03691630076719e-05 1.95892101146455e-05 1.87278678481562e-05 1.81949717671159e-05 1.75234983998962e-05 1.67078741014848e-05 1.58013214672792e-05 1.61705535106194e-05 1.57797873612253e-05 1.56995081056266e-05 1.58740292476978e-05 1.59297501227229e-05 1.60466800821268e-05 1.71227032979004e-05 1.72198087057041e-05 1.64983314448364e-05 1.63996417199996e-05 1.70034733287139e-05 1.73327360926123e-05 1.69849449889625e-05
2.61874223042469e-05 2.68347725750573e-05 2.83616810065723e-05 2.77388570339099e-05 2.4715855465729e-05 2.26511936944007e-05 2.10313266507001e-05 2.22361805526816e-05 2.84672304815103e-05 2.66215630517763e-05 2.03148496893846e-05 1.95276135400491e-05 2.16206112099826e-05 2.27316051905291e-05 2.54097722972801e-05 2.4138733442669e-05 2.50600836352533e-05 2.56663014852165e-05 2.55413923014203e-05 2.54834506449697e-05 2.46328275579799e-05 2.26841549192613e-05 2.17176448813916e-05 2.13167119909485e-05 2.13542058872918e-05 2.12610634434895e-05 1.9628762697721e-05 1.92835670304703e-05 1.87113519018567e-05 1.8317507476695e-05 1.80506283413706e-05 1.69897852515533e-05 1.65754740123703e-05 1.62344256864344e-05 1.5502683061186e-05 1.5595361242049e-05 1.62636621666934e-05 1.56142467062637e-05 2.25236716914878e-05 1.49438016137537e-05 1.77160773660034e-05 1.51688382175053e-05 1.28469406718068e-05 1.39625281917688e-05 1.68572428037805e-05 1.8063821130454e-05
2.23015298161044e-05 2.17786450548374e-05 2.48758708266905e-05 2.08226028235003e-05 2.18338951754049e-05 2.02903959007017e-05 2.01976766675216e-05 2.10069219974685e-05 2.08548641467132e-05 2.08030516660074e-05 2.10560677260219e-05 2.1659258982254e-05 2.24358178002149e-05 2.30018147021838e-05 2.38078324855451e-05 2.39903350802706e-05 2.33683010037566e-05 2.38587215790176e-05 2.34826404494015e-05 2.32035835551869e-05 2.22471099050381e-05 2.28301888682836e-05 2.2666185077469e-05 2.16658724639274e-05 2.13417444001607e-05 2.15790394349824e-05 2.48633891942518e-05 1.92967660041177e-05 1.87967960414426e-05 1.83374451580676e-05 1.77462758756519e-05 1.67336224990322e-05 1.64426118431038e-05 1.58159969032567e-05 1.51279603869625e-05 1.75288102695959e-05 2.17187884800296e-05 4.93028016990138e-05 3.84676552585006e-06 0.0178403289988637 3.94032138331113e-06 1.57640555016769e-05 1.55927700575376e-05 1.54994537524544e-05 1.59723695787761e-05 1.58994893126874e-05
1.77086126655013e-05 1.86099697998543e-05 2.09722233876164e-05 1.86019014790872e-05 2.0265806892894e-05 1.93102133607681e-05 2.08722594152277e-05 2.01579777467487e-05 1.94740213942168e-05 1.98509918845957e-05 2.16034018194478e-05 2.24173126071037e-05 2.24567439545353e-05 2.31163844773619e-05 2.21485063775617e-05 2.30878868251239e-05 2.21339363861262e-05 2.15584695297366e-05 2.23864597501233e-05 2.313581587714e-05 2.26463643912211e-05 2.4913044535424e-05 2.32986226592402e-05 2.15524840541548e-05 2.13264559761228e-05 2.10937359042873e-05 2.92778423727214e-05 1.96313404103421e-05 1.89444975603692e-05 1.82518362635165e-05 1.75416885667801e-05 2.16674098965086e-05 2.36503135738531e-05 1.80666896881121e-05 3.64493233178109e-06 0.000467883733654162 0.0163858216721565 0.0168422499671578 0.0175070839002728 0.0179314381442964 8.89277084752393e-06 1.5857587550272e-05 1.51534121641816e-05 1.4772078156966e-05 1.47948265635023e-05 1.46967590126224e-05
1.79768565885752e-05 1.70687783793255e-05 1.66008841233634e-05 1.78918559640806e-05 1.89027391456875e-05 1.92644063190528e-05 2.05336737735706e-05 1.96743756760043e-05 1.99347355874124e-05 1.99882266088025e-05 2.11766316624562e-05 1.85917116596102e-05 1.57916043121986e-05 2.00354834760219e-05 2.16165060692219e-05 2.04883159312885e-05 2.03460820102919e-05 2.1150617544663e-05 2.28724776206946e-05 2.3087492149898e-05 2.33316688081686e-05 2.48889925842377e-05 2.26628633299697e-05 2.17996074297844e-05 2.16402917658343e-05 2.11332651360863e-05 2.75230798479242e-05 7.63957870049126e-06 2.82259285540931e-05 1.8787652481933e-05 2.07751197194739e-05 0.000523414003691869 0.0175464143045247 0.0170763798523694 0.0167508025187999 0.0168215321842581 0.0170572135131806 0.0161295934114605 0.0153571393806487 0.000165074343021843 1.66010665111571e-05 1.60330978928869e-05 1.57317249545486e-05 1.48499396573243e-05 1.44975013427029e-05 1.42924612987372e-05
1.65715959724366e-05 1.56146008976066e-05 1.62157829208809e-05 1.85186172870999e-05 1.83416287200089e-05 1.91508691955278e-05 1.95980232774673e-05 1.95441876712721e-05 2.01175351776328e-05 1.90725198535802e-05 1.84015677518801e-05 1.61985714271395e-05 1.66986433555394e-05 2.01489847313496e-05 2.02608072186194e-05 1.95310348317435e-05 2.08631520763447e-05 2.10705259178212e-05 2.17907933119932e-05 2.21148291302597e-05 2.27125305627851e-05 2.39104746697194e-05 2.28818209052406e-05 2.19118881432223e-05 2.20635596633656e-05 2.18576287124961e-05 3.11440449877409e-05 6.73997503326973e-05 2.21006922174638e-05 7.18660451752839e-06 0.0201238499488682 0.0191937683150172 0.0177878323476762 0.0167222349438816 0.0170665951445699 0.017309108376503 0.0161770562175661 0.0171115573495626 0.00537904351949692 2.15218622088287e-05 1.68264635931337e-05 1.66198901979442e-05 1.72668754771621e-05 1.72397060850926e-05 1.65321017220776e-05 1.68232766895926e-05
