Scripts_&_data/Maxent_result_files_1/Bombus_jonellus_3.asc
NCOLS 594 
NROWS 330 
XLLCORNER -15 
YLLCORNER 23 
CELLSIZE 0.166666666666667 
NODATA_value -9999 
[rows 80 to 99 of 330, columns 450 to 494 of 594]
0.00737256277352571 0.00627878680825233 0.00115683011244982 0.00049955144058913 0.00261368304491043 0.00046622485097032 0.00145754350814968 0.000609478575643152 0.000660687685012817 2.33892073993047e-05 0.00106529449112713 3.04599956052698e-05 0.000176005772664212 0.000148504073149525 7.37193811801262e-05 0.000738721352536231 0.00142097545322031 0.000305036769350409 0.000724864564836025 0.0015815048944205 0.00434614308178425 0.00174852511845529 0.00281724063679576 5.44530864317494e-05 0.00036026508314535 0.000564389594364911 0.000213976594204723 0.000165469146304531 0.000984001206234097 0.000167912006145343 4.76871581668092e-05 0.000109190885268617 0.000709246448241174 0.00863437000662088 7.59531038966088e-05 0.000896874163299799 0.000683342153206468 0.000303110148524866 0.000124594941735268 0.000310968983103521 0.00109146658796817 0.000923850852996111 0.000514611060498282 0.000783689157105982 0.000383190787397325
0.0334274113178253 0.00648507941514254 0.00270792981609702 0.00280491290614009 0.00197122180834413 0.000198807366541587 0.000304793647956103 0.00062868392560631 0.000216121467383346 0.00870127361267805 0.00380740500986576 0.00491773281246424 0.00297683095559478 0.000151630176696926 0.00101599171757698 0.00194466533139348 4.90526639623567e-05 0.000202230695867911 3.33588089233672e-05 0.000701504922471941 0.00110617927275598 0.00063347124523716 0.00092462575994432 1.66547497656211e-05 8.90249683834554e-05 2.39369465816708e-05 5.35249593667686e-05 0.00145891951397061 0.00155662056058645 0.00632447116076946 0.000452330021653324 0.000178774326923303 0.000232545443577692 0.000446345563977957 0.000113756120117614 0.00016100695647765 0.000197767515783198 4.55973218777217e-05 0.000102709513157606 4.19766639879526e-05 0.000874630454927683 0.00164928613230586 0.00183307807892561 0.000198202655883506 0.000806443276815116
0.0130930498242378 0.00534478574991226 0.00156747307628393 0.0039610605686903 0.000132410717196763 0.000172363204183057 2.73687292065006e-05 0.000143265951192006 5.2154691729811e-05 0.000625609303824604 0.000104269105941057 5.61776949325576e-05 0.00279286047443748 0.000128664828662295 0.000399158510845155 0.000583677622489631 0.000774405873380601 0.000520297070033848 0.00095302052795887 6.6945645994565e-05 0.000362244612551876 0.00189937748946249 0.000107818347169086 0.000171156815486029 8.78050486790016e-05 0.000360694667324424 0.000688274530693889 0.000154645311340573 0.00015955929266056 0.000253234111733036 0.00033469534246251 0.00141246237326413 0.000434355996549129 1.54831027771252e-05 0.000274629381601699 0.000232546404004097 0.000229520152788609 0.000813283154275268 0.000452806043904275 0.000118590933561791 0.00201988150365651 0.00015931154339528 0.000437107740435749 0.00193663188256323 0.000381115142954513
0.00669994819909334 0.00639354400336742 0.00458188969641924 0.000377680768724531 0.0013870881870389 0.00114757807459682 0.000246917060576379 2.68634212261532e-05 0.000169427107903175 3.8116607174743e-05 2.39896584389498e-05 0.000109659142617602 0.000543358491268009 0.00138895001728088 0.000354439462535083 0.00463930498808622 0.00284087429754436 0.00119430674239993 0.0062109399586916 0.00157872228883207 0.000703742285259068 0.0036350367590785 0.00251127872616053 0.00245537534356117 0.000999744422733784 0.000120225355931325 0.0103423453867435 0.00760347116738558 0.00161582911387086 4.78224945254624e-05 0.000658677110914141 0.00017067269754989 0.000212935154559091 0.057350156083703 0.000345190912776161 7.04829958749542e-05 0.000128832468908513 2.77806048870843e-05 0.000327016762457788 0.000933276093564928 0.000135886461794144 0.000732449773931876 0.000816176715306938 0.000876841391436756 0.000786152738146484
0.0435367971658707 7.24827244994231e-05 0.000477810727898031 0.00115603413432837 0.000980869401246309 0.000554318656213582 0.000302806816762313 1.44628531415947e-05 6.3586255419068e-05 1.52569069541642e-05 4.63626143755391e-05 0.00185400124173611 0.000645968737080693 0.000878074346110225 0.000134645658545196 0.00300124674104154 0.00079344260157086 0.000438994012074545 0.004322474822402 0.0010172258131206 0.00357397794723511 0.00101493913680315 0.00141264307312667 9.22542210901156e-05 3.89858949347399e-05 0.00205603372305632 0.000124895147746429 0.000137695949524641 0.000268285337369889 0.00115237743593752 0.000292333849938586 0.000895040552131832 0.000298865407239646 6.94011498126201e-05 0.00028873811243102 8.57332876762484e-05 0.00249169548042119 0.000316817790735513 0.00111555457115173 0.0110466636717319 0.00487544536590576 0.00243185730651021 0.00434115109965205 0.00190616743639112 0.000400453986367211
0.039672872424382 0.000209836196154356 0.000241394246404525 0.000418942875694484 0.000143250712426379 0.00063627737108618 0.000134805639390834 2.08727662538877e-05 1.8058759815176e-05 4.44807883468457e-05 0.000366887939162552 0.000657261116430163 0.00119673344306648 2.86454349406995e-05 2.11416598176584e-05 0.000858600860374281 0.000690864282660186 0.000336232455447316 0.00119114266708493 0.000366314972052351 0.000130587466992438 0.00063385630492121 4.59580049209762e-05 2.21179783693515e-05 7.08292252966203e-05 6.69023123919033e-05 6.81328610880882e-06 2.6369347324362e-05 8.4777543816017e-05 2.91766031295992e-05 0.000590513559291139 0.000438125198706984 0.000510607729665935 0.000143339415080845 5.17298438353464e-05 0.000496378450770862 0.000741675565950572 0.000499650067649782 5.47003975952975e-05 0.00606402214616537 0.00609760517254472 3.45060667314101e-05 0.000144834374077618 0.000235205970238894 0.0036703934893012
0.00405104337260127 0.00138725629076362 0.000132728743483312 0.00132672004401684 0.00138573730364442 0.00325507745146751 0.000114235858200118 4.00321099732537e-05 3.42926054145209e-05 7.11448505171575e-05 0.0157613139599562 0.000413832033518702 3.37178149493411e-05 2.81510001514107e-05 0.000112764432560652 0.00173233915120363 0.000884226872585714 1.77509438799461e-05 0.00108967376872897 9.93921612462145e-06 0.000129713354908745 0.000573545973747969 0.000300063972827047 4.61198799257545e-06 0.000288393558003008 0.000220205134246498 0.000550626532640308 1.32132048747735e-05 0.000150903844837558 0.000264805071492447 0.000323445335379802 0.000606551428791136 0.000281695964804385 0.00442600715905428 0.00234339768067002 0.000362695718649775 0.000595513998996466 2.95013291179202e-05 3.03890716168098e-05 6.7352554469835e-05 0.000174229650292546 9.12256742594764e-05 0.000746244378387928 0.000227200059453025 0.000129457550065126
0.00203972654417157 0.00138870382215828 0.000468248466495425 0.000749385915696621 3.9487550384365e-05 8.35329541587271e-05 9.33235220145434e-05 2.63017303950619e-05 2.12646857107757e-05 4.34256951848511e-05 0.00254479767754674 0.000641822558827698 0.00120278215035796 6.54168441542424e-05 1.54631863551913e-05 0.00048341570654884 5.38985834282357e-05 3.3735854231054e-05 3.60471174644772e-05 0.000162448146147653 6.15728640696034e-05 6.91066612489521e-05 0.000113554327253951 5.63773006433621e-05 0.00133265133481473 1.55640998855233e-05 2.16568729229039e-05 0.000145340268500149 4.11459455790464e-05 4.35086651123129e-05 0.000163529880228452 7.27588090398967e-07 0.0766479843761772 4.30261519568376e-07 3.58926947228611e-05 0.000280049361754209 0.000448265939485282 0.00138950338587165 0.000531715282704681 0.000456012255745009 0.00280562741681933 0.00104728410951793 0.000633710669353604 0.000604883569758385 0.000543112575542182
0.00709564182907343 0.00370146036148071 0.000394844723632559 0.000161385326646268 5.4923802963458e-05 6.23419226030819e-05 0.000219419552013278 1.19505319162272e-05 6.0403053794289e-06 0.000101847475161776 0.000203529535792768 0.00010689508926589 8.59613210195675e-05 0.00018945615447592 2.53869060543366e-05 5.0409791583661e-06 3.70328263670672e-05 6.40986891085049e-06 9.6408068202436e-06 3.63179628038779e-05 5.2731680625584e-05 6.54515606584027e-06 5.37125788468984e-06 7.10467766111833e-06 1.11386912976741e-05 8.14760074717924e-05 0.000291464698966593 0.00032793499995023 0.00165059240534902 5.21069496244309e-06 0.0017971474560909 0.00101708396105096 0.000230894403648563 0.000980270188301802 8.57973733218387e-05 0.000194101280067116 0.000366489094449207 0.000474443845450878 0.00019631925097201 0.00033556119306013 0.00111058482434601 0.000570699269883335 0.00230553895235062 0.00109982509166002 0.000498089950997382
0.0153277531266212 0.00314347706735134 0.00833940804004669 0.00158103844150901 0.00115525969304144 0.000174272345611826 3.98823642171919e-05 5.6209596368717e-05 0.000119608765817247 3.54075717041269e-05 1.15040798846167e-05 5.66717761103064e-05 3.71842099411879e-05 5.82583583309315e-05 8.77580605447292e-05 4.78735004435293e-05 0.000790007133036852 0.000114388496149331 0.000433042761869729 0.000103438724181615 8.22313682874665e-05 5.34539227373898e-05 3.14208515192149e-05 6.29646980087273e-05 0.000112645101035014 4.80839735246263e-05 0.000700616301037371 4.7542218817398e-05 4.25484227889683e-05 2.75136864047454e-07 0.00541998464614153 5.69629795791116e-05 0.000134922738652676 0.000246586196590215 0.00012286513519939 0.000141078993328847 0.000558653066400439 0.0093996437266469 0.00548605807125568 0.000600760290399194 0.000853526691207662 0.000711976736783981 0.00268772728741169 0.00269632628187537 0.00156757952645421
0.00119705479592085 0.000605889677535743 0.0074058823287487 0.00175811026711017 0.00144290733151138 0.00159182050265372 0.00125364977866411 0.000915771932341158 2.50380631769076e-05 0.0013176656793803 8.48395138746127e-05 1.74342214450007e-05 5.50671014934778e-05 8.75565776368603e-05 0.00163700841367245 0.000743848085403442 0.000605902005918324 0.000144280958920717 0.000124910470913164 6.4788585586939e-05 0.000250350561691448 9.27235931158066e-05 3.21035617162124e-05 0.000147727542207576 6.51082635158673e-05 4.15213355154265e-05 2.88687500869855e-05 6.14042481174692e-05 0.000283865642268211 0.000125354004558176 1.81338729419167e-06 0.112245072424412 0.000454256637021899 0.00112399717327207 0.00200115386396647 0.00173635546816513 0.00318809607997537 0.00462376121431589 0.00476617217063904 0.000374512322014198 0.000864669703878462 0.000469369837082922 5.01159345731139e-05 0.000461453542811796 0.000332565361168236
0.0015758051071316 0.00164355034939945 0.00323089119046926 0.000792230712249875 0.00232551014050841 0.00154093527235091 0.00107751647010446 0.00111609976738691 0.000683827814646065 7.840956968721e-05 5.67449373193085e-05 0.000113691293518059 0.000242262636311352 0.000351298836176284 0.00337713402695954 0.000111910767736845 3.72765454812907e-05 7.3683298251126e-05 6.15782730164938e-05 3.01620784739498e-05 0.000140185680356808 0.000306834548246115 0.000316042714985088 0.000144337050733156 0.000101512618130073 0.000602691411040723 0.000112984655424953 5.01742295455188e-05 0.000614900328218937 3.6225017538527e-05 0.00054712223354727 0.000823812830708448 0.0002438107971102 0.00016802733152872 0.00111301415599883 0.00398325687274337 0.00327582638710737 0.00153471175581217 0.00280509889125824 0.00235127964988351 0.00320906108245254 0.00261946609243751 0.000792858109343797 0.000678513280581683 0.000269526988267899
0.000239123037317768 0.00093996946234256 0.00158357154577971 0.000464580196421593 0.000962674780748785 0.00282161580398679 0.00155884404666722 0.000995300803333521 0.000176775694126263 8.42452893266454e-05 0.000293012807378545 0.000739113439340144 0.000272043806035072 0.000111799704609439 0.000129382888553664 9.49946988839656e-05 0.00073563507758081 0.000256555271334946 0.000581017811782658 0.000173487403662875 0.00194016490131617 0.00273954914882779 0.0051607808098197 0.00049840435385704 0.000145596609218046 0.000110520489397459 5.0133338663727e-05 2.307559188921e-05 0.000105967497802339 0.000266421510605142 1.60982770466944e-05 8.03821327281184e-05 3.49110559909604e-05 1.42917482662597e-05 0.0939789205789566 0.000417059959727339 0.00350030101835728 0.00130237515550107 0.00183805637061596 0.00613376088440418 0.00162408887408674 0.00368572017177939 0.00355340149253607 0.00217125294730067 0.00111301888246089
0.00127834281884134 0.00186975430697203 0.00184961268678308 0.000123219777015038 8.42015171656385e-05 0.000916559039615095 0.00184888942167163 0.000914824544452131 0.000424922746606171 0.000325163162779063 0.000542178063187748 0.000103572147781961 0.000811244489159435 0.000592424278147519 0.00108856912702322 0.00200348766520619 0.00278003243729472 0.000402588828001171 0.00309922136366367 8.60810003359802e-05 0.000282858550781384 0.000745373667450622 0.000458495342172682 0.000252261810237542 8.25644790893421e-05 0.000100696514709853 0.00010811984539032 0.00132663601543754 0.00137414336204529 0.000572887226007879 3.48467627190985e-05 6.50421512546018e-05 0.000122842448763549 0.000304852914996445 0.000473812676500529 4.02723222530099e-06 0.00023669822330703 9.90558679404785e-05 0.000102652716304874 0.00174169740639627 0.00164840943180025 0.00219687148928642 0.000305148016195744 0.0015390528133139 0.00276075629517436
0.001346137188375 0.00288307536393404 0.00242463676258922 0.000345147459302098 0.000148085702676326 0.000218737049726769 0.00149080473929644 0.000731022306717932 0.000179646676406264 0.000136745790950954 0.00113267418928444 0.00023949125315994 0.000266563938930631 0.000662036542780697 0.00297756493091583 0.00301961908116937 0.00148063711822033 0.00141742592677474 0.000790094980038703 0.000682267395313829 0.000339003803674132 0.00322615336626768 0.00325966440141201 0.000885135983116925 0.000151779665611684 6.93187670549378e-05 0.00352546526119113 0.00223440174013376 0.000256826111581177 0.00153714441694319 0.00440552048385143 0.000476891524158418 0.000485744752222672 0.000373364941333421 0.000307709036860615 1.61543663125485e-05 0.00123017895966768 0.00330479433760047 0.00100394645705819 0.000950755842131912 1.30772819829872e-05 1.40969668791513e-06 0.000391285950900055 0.000809588644187897 0.00156112457625568
0.00346730537712574 0.00135770402848721 0.000176623265724629 0.000315873930230737 0.00107985292561352 0.000288218655623496 0.00140584036707878 0.00132124910596758 0.000336095655802637 0.000223987433128059 0.00127433948218822 0.00398839497938752 0.00216091796755791 0.000379902019631118 0.000607363390736293 0.00197301050648093 0.00121245021000504 0.000606110953958705 0.0030233733355999 9.02125728316605e-05 0.000561062153428793 0.00046907669166103 0.000254932721145451 0.000575117790140212 0.000410190888214856 0.000488454918377101 0.000938359729479998 0.000372945421258919 0.000415145920123905 0.00111129081342369 0.00115614284295589 0.00164049714803696 0.0209655661135912 0.00281890360638499 0.00182001553475857 0.00116657675243914 0.000946727301925421 0.000736869010142982 0.11085749194026 0.000343118805903941 0.00568390702828765 0.00219781247433275 0.00297672357410192 0.0835005186498165 0.0558296144008636
0.0035339156165719 0.00060937290545553 0.00269740698859096 0.00193139426410198 0.00183121496811509 0.0011021236423403 0.0017881017178297 0.000102631008485332 0.000518195622134954 0.000161099160322919 0.00180528000928462 0.00144241130910814 0.00112925753928721 0.00162615363951772 0.00112925893627107 0.000897183292545378 0.00397532358765602 0.00122125162743032 0.00159453628584743 0.000403444544645026 0.00342076234519482 0.000183313951129094 0.000130671382066794 0.000259688659571111 0.0013665818143636 0.00398653224110603 0.000436761695891619 0.000481182732619345 0.000282524724025279 0.00186406699940562 0.0014576846268028 0.00258830012753606 0.00128762535750866 0.000977803522255272 0.00033899740956258 0.000407384347636253 0.00132021554745734 0.000281858094967902 0.00048390026204288 0.000545051926746964 4.19859243265819e-05 0.000763756316155195 0.00546088218688965 0.000895560055505484 3.32688472326481e-09
0.0018160258885473 0.00361490454524755 0.00229816101491451 0.00118264339398593 0.000960232433862984 0.000867054238915443 0.000348415318876505 0.000137802975950763 0.000104319225647487 0.000175946328090504 0.000862017367035151 0.000636116601526737 0.00274836728349328 0.00157885965891182 0.00450540222227573 0.000317868019920942 0.000167650089133531 0.000145071907900274 0.000102505879476666 0.000108183431439102 0.00199914504773915 0.000939139304682612 7.57780740968883e-05 0.00101707545109093 8.15140054328367e-05 0.000463314610533416 0.00104134276043624 0.000948877935297787 0.00797144025564194 0.000295245810411871 0.00111980577930808 0.000864714197814465 0.00183336762711406 0.000440747488755733 0.00095549609977752 0.00406653061509132 0.00220696153119206 0.000780070992186666 8.50168959004804e-05 0.000300957543367986 0.000686629075789824 0.000743190152570605 0.000258295855019242 0.0857849210500717 0.00112589297350496
0.00112796737812459 0.00132557973265648 0.0024223011918366 0.00241543306037784 0.000317308335797861 0.000537808344233781 0.00049813985824585 0.00154786105267704 0.00211699632927775 0.000173852828447707 0.00025574176106602 0.00106839840300381 0.00068071277346462 0.000975803844630718 0.000750113697722554 6.24108943156898e-05 0.000129591746372171 0.0002954313356895 0.000456800824031234 0.000329603551654145 0.00104626198299229 0.000534596550278366 0.00117386220954359 0.00197693603113294 0.000673492799978703 0.000426250405143946 0.00100412331521511 0.000250717275775969 0.000766485475469381 0.0011530731106177 0.00278442176058888 0.00119244745001197 7.03727891959716e-05 0.000317785539664328 0.000288948931847699 0.000637286272831261 0.000222290842793882 0.00153139708563685 0.000700917933136225 0.000137263478245586 0.000905590830370784 0.000482212146744132 4.94107560371049e-05 0.000530543574132025 3.31574388837907e-05
0.000864326674491167 0.000558392470702529 0.000378776947036386 0.000193827686598524 0.000354227074421942 0.000416819960810244 0.000122360998648219 0.000374984939116985 0.000201469415333122 0.000295319393626414 9.55909141339362e-05 0.000272254203446209 6.44841231405735e-05 0.000172747176839039 0.000706600537523627 0.000201316308812238 0.000249429745599628 0.00015945517225191 0.000214948516804725 0.000462636165320873 0.000158661539899185 0.000344142888206989 0.000174293707823381 0.00125728906132281 0.0013480715919286 0.000212775249383412 0.00034562045475468 0.000128931264043786 5.55075515876524e-05 0.000246888739638962 0.00444083269685507 0.000308064161799848 0.00040606769034639 8.25179740786552e-05 2.89595387584995e-05 0.000441407528705895 0.000144991424167529 0.000951934908516705 0.00351739805191755 0.000901219062507153 0.000505588762462139 0.000718684063758701 0.00222848616540432 0.00493804253637791 0.0233422998338938
