Scripts_&_data/Maxent_result_files_1/Bombus_monticola_2.asc
NCOLS 594 
NROWS 330 
XLLCORNER -15 
YLLCORNER 23 
CELLSIZE 0.166666666666667 
NODATA_value -9999 
[rows 200 to 219 of 330, columns 540 to 584 of 594]
2.28466422225182e-08 2.68205070153016e-08 2.75109524161543e-08 2.89656608254418e-08 3.19250752833788e-08 3.33164225985172e-08 3.99555453611811e-08 4.08414923658285e-08 5.08635016327474e-08 8.36769696199724e-08 6.58480107773585e-07 3.52799257008485e-07 2.41396619493628e-07 4.87999046683285e-07 1.27214729914726e-06 7.34928895553821e-06 4.95348115805427e-06 4.63667793724198e-06 7.52714648797337e-06 0.000177530502332957 0.00592585718259215 0.00532987822080031 0.000180424754216801 0.000111926133104134 0.000892235865467228 0.00862666866742074 0.00379304566886276 0.00189028755412437 0.00347459729528055 0.00229648690437898 0.00110569650059915 0.000683273545809016 0.00130304886115482 0.00102048425287649 0.00347289798082784 0.00173183126025833 0.00381864118389785 0.00033302719148196 0.000333447766479367 0.000217076294029539 1.41287723749883e-05 6.44938164007236e-07 4.39503410776254e-08 1.4659675695583e-10 3.08264858084328e-11
3.30221356148463e-08 2.69240494343848e-08 2.80225912030474e-08 3.11483940196311e-08 3.38447611381021e-08 3.83382498636564e-08 5.21725454172284e-08 5.82269907845046e-08 5.67840182652546e-08 5.86180166184391e-08 8.77523465891983e-08 2.20338479373083e-07 5.27776002812175e-07 2.15976824620157e-06 4.64004028799536e-06 1.37841041123465e-05 2.48069542521989e-05 3.8689111477197e-06 1.00240384099948e-06 1.26675680348853e-05 0.000135065157519421 0.00022477658058051 0.00441261059604585 0.0123097906354815 0.00782708656042814 0.00111094884632621 0.00102552725584246 0.00110977301665116 0.000316681911499472 6.12554500548867e-05 0.000187143764924258 0.00110162919736467 0.00109795201860834 0.001473954890389 0.000161560688866302 0.00100694124412257 0.00550324494834058 0.00247900868707802 0.000678514145693043 0.0021278112406435 0.000834889171983377 1.50903216223242e-05 2.01725843695932e-08 3.33857849144081e-09 2.72230415987451e-10
1.73836048844578e-07 1.39206929361535e-07 7.72709364493807e-08 6.37785654955536e-08 5.90675544920316e-08 4.63531091510205e-08 4.95524455690344e-08 7.5289478207452e-08 7.628717195729e-08 6.09422996067366e-08 7.56083544661834e-08 7.59903404201623e-08 9.26610040696829e-08 2.32955605916629e-07 8.25278110028194e-07 5.05579994296568e-06 1.8762191893984e-05 1.12253160750697e-05 1.16493726636691e-05 4.22335830080556e-05 0.000685653623077087 0.00156700549414381 0.000238309730775654 0.000506429791857954 7.2437037488271e-05 4.68880332846311e-05 5.45029167369648e-05 3.67056713002967e-05 1.34737143596686e-06 1.78945444076817e-05 3.5151573854364e-06 4.18735952507632e-06 3.05986675925851e-06 9.60849075681835e-07 9.86681862258365e-07 8.55539996109656e-06 4.28225971063512e-05 0.000229997974383878 0.000230158884005505 8.65525938024803e-05 0.00039453257227251 0.000505221635307862 0.000761053503879339 8.25348346637611e-05 2.20806282513752e-07
1.66985884675341e-06 1.02368667853625e-06 5.62995555597468e-07 5.03112917371595e-07 4.72816784480301e-07 2.32494928020799e-07 1.48100041919008e-07 6.21674422607299e-08 5.72676383647774e-08 1.1416831533495e-07 1.65830739895512e-07 2.09195779987681e-07 3.83852209573377e-07 4.13754737138561e-07 1.7889119456882e-07 3.75910263272772e-07 3.20107870095399e-06 3.3621203237999e-05 0.000127250431251014 0.000281715820892714 0.000867625683895312 4.50302986791939e-05 1.66937910666132e-06 2.47764555297181e-05 6.12391009781277e-05 3.31127261721242e-07 7.83242841584375e-08 3.74479326215038e-08 9.41860109349157e-08 1.2843154422626e-06 8.0259468973054e-07 4.56626217726352e-07 5.92407018729091e-07 1.62622237276366e-07 7.68833043451878e-08 7.34664081392111e-07 5.58259885963253e-07 1.26742294668247e-06 5.07024079183793e-06 4.01476235083464e-06 0.000148587246985699 4.32324170390075e-05 2.68781162020559e-05 0.000386324173138064 0.000201679013116518
3.72439497482446e-06 6.5246920712525e-06 5.21484468549716e-06 1.35561190717226e-06 1.49687588759662e-06 8.05766967459931e-07 4.1901457272786e-07 8.90556660415598e-08 1.12171732080668e-07 3.35911308191328e-07 4.67689034522323e-07 3.54410341607547e-07 5.90295151425835e-07 1.48200169434176e-06 7.21629837698856e-06 4.85429701484463e-06 2.98317496003619e-06 2.33905017921643e-05 3.51422166204429e-05 2.68186778928925e-07 2.34433605927897e-07 3.1304593733239e-06 1.60814538419096e-07 4.70362290116988e-08 9.89522321748204e-08 6.64907667924375e-08 1.07293466256042e-07 2.20412586493524e-07 1.93294639849739e-07 1.93814076077103e-07 9.16687774576985e-07 4.6799920339069e-08 2.63277606826762e-08 2.56358032935111e-07 2.62969759035059e-07 5.05127774275138e-08 2.4349146485747e-07 3.45465282158841e-07 3.79755066859389e-07 1.50442577950827e-07 6.30085540365144e-07 2.91302580137653e-06 1.6303192165168e-07 1.13023485115438e-07 2.24326646003359e-07
1.56309900845031e-06 2.53487450549983e-06 2.53602459991953e-06 2.05554887031667e-06 7.63246521628957e-07 9.27376476056452e-07 3.5074623454534e-07 1.23142838814871e-07 1.14436035891785e-07 4.07504820287841e-07 4.21072106782106e-07 2.29900323489574e-07 3.76957508052556e-07 9.88335850138355e-07 2.94965240641432e-06 2.06113228614413e-05 5.27995237007417e-06 7.75488006183878e-06 1.9721073559742e-07 4.13180218856723e-06 5.54844446742919e-07 5.12881414849176e-07 7.29840284430239e-08 4.30037871756994e-08 4.695965941659e-08 3.69668713862126e-08 3.01496644539156e-07 6.49186069523466e-07 7.69707117598273e-08 7.70143402384349e-08 8.23081850676033e-08 1.2185012918664e-07 8.90655758034598e-08 5.9993496464017e-07 3.21118723789482e-07 4.22094403162987e-07 1.06425762638196e-06 4.32563783192563e-07 2.46389606317621e-07 2.4355079872862e-07 5.65516116601827e-08 2.45320198466459e-07 2.03585968883147e-06 1.98852337074396e-07 5.6713016293175e-07
1.9146488270394e-06 1.49374345710385e-06 4.39619867265151e-07 2.29239115068225e-07 1.48093508212099e-07 1.00065375230329e-07 9.60958423501523e-08 9.15518859834208e-08 1.08979980284474e-07 2.7924746639485e-07 1.55622285191726e-07 2.00121912143914e-06 4.48390386793562e-06 3.15883779649084e-06 3.5365796975384e-06 5.86537502726969e-06 5.32515180680093e-06 5.57343616947037e-06 1.2285731781958e-05 1.14437921183708e-05 8.02839532831889e-07 2.02677978506927e-06 1.32665681803701e-05 4.72073335004097e-05 1.15016365289655e-06 1.47513190407178e-07 5.51346703758782e-07 6.24844533092528e-07 4.15467555825444e-07 1.4638444412185e-07 1.17819415379472e-07 1.23574455557218e-07 2.52110029408392e-08 6.29656129014222e-08 1.00803136859895e-06 2.07700963557045e-06 1.23417752533328e-06 5.93171004652504e-06 1.07508740398998e-06 1.40579367791105e-07 7.25299128490065e-07 1.68283616730491e-07 1.0054369750101e-07 1.43421844089886e-07 2.2663459415817e-07
2.54651316708987e-06 5.02875213292953e-07 2.74408515554825e-07 1.2949060916867e-07 1.2481763036476e-07 2.54474235550362e-07 1.37256923959939e-07 1.54703602284201e-07 2.19808819768019e-07 1.41256849701676e-06 4.07625499434516e-06 1.02117594053652e-05 3.3528758009993e-06 2.56450164215494e-06 1.30738831330746e-05 0.000157672000204911 0.00188002589275129 0.00128420558176003 0.0049283892614767 0.0101772653404623 3.08166698033574e-05 5.46012930499273e-05 1.87474164022206e-05 3.55161630068324e-05 8.56519660796806e-07 5.46978599436088e-07 1.76536349272283e-06 1.38960899221274e-05 5.14093561832851e-05 0.000276005225168774 0.000646414201764856 0.00039631099862163 0.000587531284691067 0.00038398046299335 0.000436534681875855 0.0013336251975943 0.0015984674267429 0.00206681659251444 0.00299462091636542 0.00146106156197447 0.000150890112826119 1.44971359262058e-05 5.59844954051147e-07 1.04137258916115e-07 4.98394280623593e-08
5.01491641443863e-05 0.0011308247121633 7.96712091869267e-05 2.42082686199296e-06 8.92505423450984e-06 3.17429918368362e-06 1.80133640412805e-06 4.16616336593734e-06 5.89489218043582e-06 5.26789003316708e-06 1.85814257633865e-05 5.86452586503583e-05 0.0014611664286349 0.0075093932566233 0.00995884716394357 0.00585003953892738 0.0152844276162796 0.000598127051671327 0.00953797033871524 0.0396979184821248 0.000301638618839206 0.000214100295852404 0.000143612822284922 5.8064981840289e-05 2.2759466082789e-05 3.57402273948537e-05 0.00255207993322983 0.0125947869615629 0.00177804770901275 0.000439540769025371 0.000274140255953625 0.000525042507752005 0.000351504673682257 0.00103882474573993 0.00233712590334108 0.0010515009339656 0.00145780125772035 0.00115011957373099 0.00017470546461027 2.31679700107179e-05 2.63786199354854e-06 5.59051156372448e-06 1.90502026518047e-06 1.05409084849573e-06 6.47109475793162e-07
0.000349527308571851 0.000762131471128669 0.00118451525695491 0.000362385256164544 0.00046039452140576 0.000122723569188565 4.57085771813581e-05 0.00019005264448424 0.00033973010686168 0.00139769985325984 0.0032957345014438 0.00505509785471077 0.000521265218048939 0.000244406190056345 0.000206260622077847 0.00024105116919344 0.000560027392930351 0.00823448419978376 0.0304360843496397 0.0197042963001877 0.00578385284170508 0.00192451225593686 0.00238994261599146 0.0100288240704685 0.00340070289094001 0.00701408651657402 0.00463498322642408 0.00736565349507146 0.000419477353898401 0.000155774603263126 0.000489856328204041 0.00117987269800324 0.00185169393353135 0.000876382985325108 0.000187430154642243 6.78685409098989e-06 1.54366685023444e-07 1.53808916714127e-07 6.81920137424186e-06 4.90131619379497e-06 7.89059873174125e-07 2.74206933452703e-06 3.07171523749261e-05 4.31677812420705e-05 6.55764090335076e-05
1.74882766486917e-05 5.97535758060985e-05 0.000172509237472696 0.000455929782810927 0.000339461071337155 0.000373806283874956 0.000213928128144403 0.000129267431874069 0.000111348231209263 3.5677239506704e-05 3.03890887088265e-05 4.72312474130376e-05 0.000123236325459153 8.8638826713161e-05 0.000111124350551961 0.000180121385033516 0.000156074003922413 0.00121729887860056 0.00147148470405227 0.00827266850392334 0.00440573213927564 0.00452124412186095 0.0146577581821475 0.00258504500961863 0.00025550194477546 0.000882747060677502 0.000438031972953468 0.000180269486554607 0.00025421419286431 0.000221244588328773 1.51730227258895e-05 3.23808750053445e-06 2.068709442824e-05 2.40162608244887e-07 2.25045042934191e-08 7.42224390837265e-09 1.78515827786718e-08 5.58571610875802e-07 1.27609816736651e-05 8.8014522218316e-05 3.50038621731663e-05 9.22799202442093e-05 0.000227683971708004 0.000158377567817247 5.97408144060729e-06
4.78546648992051e-05 7.94666281308309e-05 8.01364453536735e-05 9.03733388668115e-05 9.91494775348656e-05 3.36155409144112e-05 0.000110804145893084 0.000266476075009336 7.58696365485534e-05 4.0913342412896e-05 0.00010137932883818 0.000189396753815174 0.000168626410595607 0.000570562807843089 0.00272631165425992 0.00255050155683421 0.00404354262282141 0.0147944267839193 0.00706863511586562 0.00109407668060157 0.00358921496663243 0.00640311422757804 0.00730528651038185 0.0162637041532435 0.00317168662149925 0.000614875264182047 0.000755610336705104 0.00117501763400014 0.000576333706362675 0.000153384972213644 6.53568354437084e-05 4.68849028081308e-06 2.56658998942783e-07 1.02346721471136e-06 1.46917666716817e-06 1.04629560418346e-05 0.00032784797858767 0.000165537003882221 9.2858342442792e-05 5.70123969192649e-05 6.55275637148067e-06 0.000102251644268947 1.00388121193284e-05 6.1509397489945e-06 1.48596732564843e-05
0.000944319220980105 0.00057294337049143 0.000256598711293066 0.000115677697807559 5.1594400895083e-06 8.8845544538696e-06 6.24340624101993e-05 5.80228587453435e-06 3.32982963455741e-06 1.18409710375467e-05 4.25036412622148e-05 0.000396231823015114 0.00335083638201468 0.00207623966271058 0.00213214793766383 0.00261334619717672 0.00167939338134602 0.00162453544326127 0.00338944033719599 0.000514177150034811 0.00128225630469387 0.00437966254539788 0.00901490864343941 0.000813617569474445 5.11124417130304e-05 2.43166188860222e-05 1.73967213897619e-05 2.16521996425634e-05 7.30029832352486e-05 0.000958541485775299 0.00106550030942003 0.000459018738554562 0.000704077500403599 0.000561265344106232 0.000244455302826552 6.5485732996251e-07 0.00014611919566061 5.18490510535985e-06 7.82562671841625e-06 5.00701506211954e-07 6.79436135193612e-06 3.73604951221074e-05 4.34645269109524e-07 4.37049277247636e-06 2.69780411993326e-06
7.08921762651471e-05 5.37853994277526e-05 3.64347718240232e-05 4.00533522785906e-05 1.1510361014333e-05 1.73647561244605e-06 4.98238983914767e-07 1.04788842842374e-05 2.29683441483775e-05 3.41996382207554e-05 9.36015512081667e-05 0.000208033672265628 0.000354543977573485 0.000409494622363127 0.000412863726342039 0.000435407730583393 0.000508189148422389 0.00113350172323408 0.00116449166816892 0.00141901996103115 0.00675580543611431 0.000868914244347252 2.6288939845065e-05 9.81149969875306e-06 1.09474217776517e-05 8.61868899287854e-06 4.09879034863891e-06 2.76635574802953e-06 4.21673705082171e-06 3.65421564174628e-06 1.43705860794485e-06 7.45813386515692e-07 3.77428747144748e-07 2.50623294917318e-06 1.04051526719218e-06 3.86284168882867e-06 2.64000813565701e-06 4.14023118082696e-06 9.085063189751e-07 4.02831969278372e-06 3.13631271852133e-06 2.85268630184632e-07 6.92978441563241e-07 3.61023445030195e-06 2.97409349401256e-06
2.55370199774063e-05 9.51952183736893e-05 1.7867347768119e-05 4.57236117242799e-06 2.37374558751391e-06 3.12713087657901e-07 6.98460578507643e-07 7.17453119669642e-07 2.5639705868441e-07 2.39593628907464e-05 8.46223793273815e-06 2.67839612032361e-05 0.000103842290224065 0.000119901447658322 0.000161908693951318 0.000827558862374644 0.0018347057450228 0.00186991465525352 0.00140981191270839 0.00102406274413624 5.81328083802957e-06 1.27553998743646e-05 2.26231275783917e-06 8.3348000228245e-06 7.66177906297294e-07 1.81513283494805e-06 8.73220103159156e-07 6.03879630922677e-07 2.0596814811924e-06 1.40486128422879e-05 0.000284265109803561 0.000492145244699127 0.000102262535301634 3.29745029013395e-05 3.49742085326454e-05 0.00101734564766502 1.13244817665503e-05 1.2486709076498e-06 2.63517036480643e-07 4.25390673619575e-07 2.08462325002046e-07 4.84245031007191e-07 2.87638298569481e-06 1.44531002315151e-06 2.58262806362985e-08
2.32960586799891e-05 2.53946335876165e-05 1.74613050801131e-05 4.41541521645217e-06 5.39584311507468e-06 1.13370690800751e-05 2.60567463546302e-05 7.72765128975728e-06 6.37597045068938e-06 4.51449430971529e-06 8.2068060220708e-06 3.6907091756877e-05 6.80041044802238e-05 2.49506302234082e-05 3.5257007417222e-05 0.000314580985690327 3.6072999320691e-05 4.69834843739303e-06 1.0234492457073e-06 2.23114649584799e-05 8.82764210707876e-07 1.18127526356204e-06 1.29151697549901e-06 5.1531279687822e-07 4.14747760046907e-07 2.42856695109595e-06 4.35272756238447e-07 1.77961558065931e-05 3.55147957336044e-05 8.52428508949399e-05 0.0250888682203563 0.0236936957234739 0.000107131787154913 3.40794592879945e-05 2.55961997037701e-06 1.838422246081e-06 7.28792232500552e-06 2.21811070577615e-07 4.53637375041893e-07 5.71612477906491e-08 3.47920641474708e-07 3.28898963508628e-08 8.93850894412296e-09 1.00996594865066e-08 1.23316576061683e-08
1.61886443581505e-06 9.34135878505327e-07 5.01961458805322e-06 9.97983821009463e-06 6.17307889567709e-06 6.86627636479198e-06 4.13438623085849e-06 3.73052928461792e-06 3.65629952069346e-06 2.58573972924947e-05 2.80478928800676e-05 1.47405780587917e-05 1.04081781687082e-05 1.58582577755362e-05 9.3165507494386e-06 1.74274277175313e-05 1.14569419425448e-05 3.80080725724818e-06 4.94040948184615e-07 1.77234208210697e-06 5.84118555061464e-05 7.99630038006427e-07 1.32651018098784e-06 1.41989253314989e-06 5.73625162036961e-07 6.03128653109408e-07 2.06131426079281e-06 6.6604599465947e-06 2.14193631531856e-05 7.95620470071867e-05 0.00244796550612146 6.3705544160797e-05 7.16608969106858e-06 1.76913571639403e-05 1.97376365109747e-06 1.54766281679208e-07 1.85771146266056e-07 4.60836419957644e-07 2.38223412818428e-07 1.48917303932627e-08 6.28536187541329e-09 2.66155496420062e-08 2.66298053164249e-08 1.26456614735204e-08 5.83712595703112e-08
9.78579399757429e-07 1.05013828127776e-06 1.02356813638238e-06 1.16752230103767e-06 1.25825066015217e-06 1.02230131601155e-06 7.13124770235218e-07 1.01659930551445e-06 9.15398191658756e-07 3.94076833876156e-07 1.92458125614081e-07 2.73078953072492e-07 9.73496915657179e-07 3.04565685027569e-07 3.02618686953693e-07 1.91966686368117e-06 1.53588088011025e-06 9.75528902369405e-07 1.35005012102951e-07 2.64655032662375e-06 3.39961910356124e-07 4.94184601222969e-06 1.30550760761849e-06 1.71243752333794e-06 1.03196643436831e-05 7.56820820253523e-06 1.20300373666282e-05 3.71918072143984e-06 1.17248317375029e-06 1.18481060304987e-05 0.000245481772198042 0.0223508798271496 4.16283845039445e-07 1.44793050149694e-07 6.88345439714411e-07 6.4522113281118e-07 8.32008803963724e-08 1.3840199007964e-07 7.40211397509682e-08 1.91278020977848e-08 2.81646362898513e-09 5.0789777938931e-10 7.35319993783179e-10 4.27387977230964e-09 1.28275953636958e-08
2.96477929424555e-06 2.88888298225487e-06 2.16436472414427e-06 7.13777130301185e-07 1.26883673867706e-07 7.50416384898145e-07 1.57893848371504e-06 1.87130032794247e-05 5.21201666636717e-06 4.90830820409904e-07 5.56632558179615e-07 9.80874001643706e-07 1.92822352234057e-06 8.29854356620974e-07 1.5769127045262e-07 1.13018433633982e-07 3.21881553633219e-08 7.07448898795704e-08 5.16662312044502e-08 3.24244437699406e-07 2.36266712416722e-06 2.8067634771034e-06 3.43808156850756e-05 0.000169934023055873 2.26317536220932e-05 4.67457331403409e-06 6.24692426576257e-07 2.84570605890711e-07 1.8184282279432e-05 4.37533288151215e-06 6.27561543686816e-06 3.3246605593007e-07 1.32087706217199e-07 4.82287203062981e-08 2.36714294610252e-08 3.57875566070476e-08 4.58785895607328e-08 1.82155232231196e-08 2.03663039322066e-08 1.27063043975362e-08 1.55722679195947e-08 1.49017290729248e-09 2.8897761961133e-10 4.01727812127106e-09 3.37488237356354e-10
7.35909925442257e-08 1.99928021704654e-07 2.65522138076513e-07 6.13224457990391e-08 2.73931554140017e-07 1.44428067705427e-07 1.85507694916431e-07 3.59859440279831e-07 1.56555571263484e-06 7.59634007463372e-07 6.76046353664805e-07 8.26461037684023e-07 8.21586969423915e-07 1.02396564179985e-06 9.96736293945588e-08 1.47581874343494e-07 2.77993045028069e-07 2.92283160341356e-07 8.62563247494563e-07 2.46894228705941e-06 5.89813312963372e-06 1.59426080388769e-05 1.26607471496953e-05 4.26395959545189e-06 9.7016699351471e-06 1.86117047225043e-06 1.82983828478367e-07 4.14163503603682e-08 1.33318549644379e-08 1.12137932273271e-08 5.264293485574e-08 1.18590531839047e-08 1.0425546825843e-08 2.75045928255224e-09 2.08746905316914e-09 8.50478376612784e-10 1.45700151943373e-10 1.0455508681062e-10 7.88060283696268e-11 6.64288068996655e-11 2.79549161597004e-11 1.42014733306439e-11 1.2812140237628e-11 2.70193856177769e-10 1.1765224350313e-10
