Scripts_&_data/Maxent_result_files_1/Bombus_jonellus_3.asc
NCOLS 594 
NROWS 330 
XLLCORNER -15 
YLLCORNER 23 
CELLSIZE 0.166666666666667 
NODATA_value -9999 
[rows 200 to 219 of 330, columns 225 to 269 of 594]
0.00021553024998866 0.000907290610484779 0.000150997278979048 0.000508149713277817 1.50276496242441e-05 1.93557697457436e-05 0.000169241084950045 1.8480719290892e-05 0.000478334736544639 5.35249646418379e-06 1.87818057383993e-05 0.000359104305971414 0.000387621828122064 0.00023774889705237 0.000863194529665634 0.000161913073679898 7.2718019146123e-05 0.000345147011103109 0.00120380126172677 0.000322778127156198 0.000138096704904456 6.1358997845673e-05 6.96938899636734e-05 0.00027768345316872 0.000270089955301955 0.000775249325670302 0.000296930276090279 0.000337934546405449 0.000182371442497242 0.00111082026269287 0.00115805256646127 0.000482898624613881 0.0022417007246986 0.00173027855344117 0.000445996091002598 0.000383050652453676 0.000316939744516276 0.00030968241935625 7.10706049986243e-05 -9999 -9999 -9999 -9999 -9999 -9999
0.000313447002554312 0.00014938531385269 0.000148243959120009 0.000379275393788703 0.000324503864976577 0.000269687338732183 0.000264633414917625 0.000611940608359873 0.000335322692990303 0.000154208921594545 2.04276333988673e-05 0.00112984946463257 0.000446827244013548 0.000889726466266438 0.000703705719206482 0.000153929949738085 0.000271399546181783 0.000258079657214694 5.74885342530251e-06 1.7585623982086e-05 0.000900896638631821 0.00134152572136372 0.000369680367293768 0.000878281187033281 0.000402028020471334 0.000297570996917784 0.000302643695613369 0.000322338950354606 0.000477152562234551 0.000556719332234934 0.000303591432748362 0.00111344711040147 0.000683799045509659 0.000833429477643222 0.000397666203207336 0.000484258265350945 0.000554339623340638 0.00180618975355173 -9999 -9999 -9999 -9999 -9999 -9999 -9999
0.000809546042000875 0.000917086086701602 5.07309556212476e-06 0.000273788746562786 0.00025405918713659 0.000235503219300881 3.09463043777214e-05 4.83527866890654e-05 0.00102989089209586 0.00040385311585851 0.000371087304665707 2.78638965028222e-05 0.00049553124117665 0.00110297711798921 0.000103808163839858 0.000239452562527731 0.000325296190567315 0.000253767485264689 0.000707755790790543 3.32497156705358e-05 0.000450859818375515 0.000761994993081316 0.000912282906938344 0.000842175784055144 0.00100528727052733 0.000307457044254988 4.09283216296075e-07 0.000964668759843335 0.0100956180103822 0.000811729195993394 0.00192635795101523 0.00428394060581923 0.000855610030703247 0.00133788995444775 0.000689604374929331 0.000747977019636892 0.00102954324975144 -9999 -9999 -9999 -9999 -9999 -9999 -9999 -9999
3.29595216499001e-05 0.000140257949533407 0.0011005288164597 0.000498143082950264 0.000373298686463386 0.000764550949679688 0.000244389941508416 0.000176865889807232 0.000102820227039047 0.00132362007861957 0.000270821459707804 0.00138141060015187 0.00024322223616764 0.000262079146341421 0.000899349665269256 0.000498156563844632 0.000456162501359358 0.000347228540340439 0.000235108096967451 0.000389744353014976 0.000240301535814069 2.47416930960753e-05 0.000539053417742252 0.000767928035929799 0.000133548343728762 0.000417720573022962 0.000694698432926089 0.00037173280143179 0.00391918518580496 0.00157956315670162 0.000333397663780488 0.000358469664934091 0.000438526531797834 0.000220329297007993 0.000316171473241411 0.000185007116670022 0.000901643896941096 -9999 -9999 -9999 -9999 -9999 -9999 -9999 -9999
0.00111134916660376 6.51320908104935e-06 0.00187123729847372 0.000542141115874983 0.00141519182361662 0.000706176488893107 0.000477831691387109 0.000195341982180253 0.000633631827076897 0.00119941654847935 0.000238069493207149 0.000233046076027676 9.38322671572678e-05 0.000116353580961015 0.000212298586848192 0.000224135039024986 0.000771229295060039 0.00078478796640411 0.000233500212198123 0.00022704494476784 0.000185982017137576 0.00444621723145247 0.000778779131360352 3.21595021887333e-05 0.000167774288274813 3.95784149986866e-06 5.39140804676208e-06 2.71167566097574e-05 6.60482401144691e-06 7.23769154546972e-06 0.000117550975846825 8.17086471215589e-05 2.34974976820013e-05 0.000226369472511578 0.000417668890440837 0.000173722245381214 0.00046492214751197 -9999 -9999 -9999 -9999 -9999 -9999 -9999 -9999
1.85648837941699e-05 0.000145593011984602 3.98108688386856e-05 0.000376125180628151 0.00105685497401282 0.000212563353125006 0.000872076814994216 0.00127598233520985 0.000686729012522846 0.00172121454961598 0.00105251111090183 0.00103659965097904 0.00132710480829701 0.000883466028608382 0.000528124166885391 0.000380946497898549 0.00174452159553766 0.000199951286776923 0.00121516608633101 0.000782304094173014 0.000830011232756078 0.000271292065735906 0.000293558483826928 6.85839720972581e-05 1.17988014267212e-05 7.09444780113699e-06 0.000648430705768987 0.000462736823828891 4.9156155455421e-06 0.000443255400750819 7.08032253896818e-05 0.000352203179500066 0.000324130427907221 0.000450527333305217 7.63404601457296e-05 0.000146783039963339 0.213998905057088 -9999 -9999 -9999 -9999 -9999 -9999 -9999 -9999
0.0001978513028007 0.00018285276601091 1.79573234618147e-05 0.00042772417073188 0.000663131143664941 0.000465402007102966 0.000213891474413685 0.000186507706530392 0.000199516370776109 0.00063240273448173 0.000200786927598529 0.00021104744519107 0.000184853229438886 0.000174176745349541 0.000176060418016277 0.000447799751418643 0.0012519882293418 0.00137790935114026 0.00062146438867785 0.000230156653560698 0.000453668576665223 0.00021324317494873 7.96053769590799e-05 5.82391152420314e-05 0.000142179177055368 1.57811278882036e-05 6.69970027956879e-05 0.000220976282435004 7.2616960551386e-06 0.000399086400284432 0.00034719526884146 0.000292859843466431 0.00113736097700894 0.000246219470864162 0.000174425011209678 0.000121186470641987 0.0725143223418854 -9999 -9999 -9999 -9999 -9999 -9999 -9999 -9999
0.000865533016622066 0.000253529823385179 0.000260238000191748 5.22224610904232e-05 0.00134081859141588 0.000498584628803655 0.000202799763064831 0.000287187879439443 0.000690633335034363 0.000452888378640637 0.000692042673472315 6.2115152604747e-05 0.000628795759985223 0.000409973732894286 0.00019525937968865 0.00034009987139143 0.000202072280808352 0.000200531582231633 0.000286192333442159 5.06353852074426e-06 1.18638747949262e-05 5.96462123212405e-06 0.000121111629414372 9.16925380920475e-06 0.000454053917201236 0.000462596525903791 0.00055949519155547 9.6154546724847e-06 0.000111039364492171 0.000400845875265077 0.000612790184131462 4.61552654996922e-05 5.56504501219024e-06 9.28329399584982e-05 0.0132068452890962 0.00110261722875293 -9999 -9999 -9999 -9999 -9999 -9999 -9999 -9999 -9999
0.000417182978708297 8.81367923284415e-05 0.000109350492130034 0.000233911443501711 1.89758200576762e-05 2.67929339315742e-05 1.33814609569072e-05 1.06022303498321e-05 7.59145453912424e-06 0.000104836360696936 0.000120392239296052 6.43662584479898e-05 8.42038485870944e-06 0.000463007763029677 0.000289383204653859 0.000381458934862167 0.000261392406537198 0.00018630817939993 0.000177831981272902 9.06576059378494e-06 6.62442373311478e-06 9.63792317634216e-06 7.18440729542635e-05 7.29479365872976e-06 1.38551278723753e-05 2.86005241378007e-05 1.64202509040479e-05 3.90827414094019e-06 7.64810125701842e-06 0.000763940118486062 4.72402691229945e-05 3.57509825335001e-05 5.90646359341918e-05 -9999 -9999 -9999 -9999 -9999 -9999 -9999 -9999 -9999 -9999 -9999 -9999
8.83299857378006e-05 0.000148024962982163 8.40623652948125e-05 0.000802512094378471 0.000138375977985561 0.000315763871185482 0.000172276812372729 0.00013564788387157 8.85648623807356e-05 1.83782445674296e-05 9.6290097644669e-06 1.5844670633669e-05 1.39392242999747e-05 0.000135887518990785 3.04133489407832e-05 0.000530876166885719 6.09432898812656e-06 2.73324801128183e-05 3.93888534745201e-05 2.57329577834753e-05 4.26150136263459e-06 1.47790793562308e-05 0.000112227484351024 3.13894974169671e-05 9.43279511602668e-06 5.75286394450814e-05 3.59573177775019e-06 6.84397637087386e-06 3.03774309031724e-06 6.81253792436109e-06 7.20762535593167e-06 3.19653863698477e-06 0.00111989244905999 -9999 -9999 -9999 -9999 -9999 -9999 -9999 -9999 -9999 -9999 -9999 -9999
0.000116220829659142 0.000266808620654047 5.35457982550724e-05 8.32100302432082e-05 0.000287604134064168 0.000590077706146985 0.000239484466146678 0.000203675671946257 0.000230607809498906 0.000214063085149974 6.73808041028678e-05 0.000253782712388784 4.11617205827497e-05 0.000299036840442568 0.000121656234841794 5.57655497686937e-05 0.000218518276233226 0.000199470121879131 8.58343235449865e-05 0.000202182913199067 4.15601738495752e-05 2.9545650613727e-05 2.58294778177515e-05 9.55089024500921e-05 2.82603883533739e-05 0.000178346107713878 9.61332261795178e-05 4.68028389150277e-05 2.2734742378816e-05 2.3440043150913e-05 1.12364781671204e-05 1.75948762262124e-06 -9999 -9999 -9999 -9999 -9999 -9999 -9999 -9999 -9999 -9999 -9999 -9999 -9999
0.000359201914398 0.000171556964050978 0.000170678532958846 0.000160942994807556 0.00107702694367617 0.0006729828324751 0.0011838442645967 0.000198387372074649 0.000273982970975339 0.000542928813956678 0.000359744584420696 0.000427503779064864 0.000300017569679767 0.000734629388898611 0.000293090898776427 0.00027447112952359 0.000238892820198089 0.000509272585622966 0.000205225998070091 0.000173099152743816 7.61966060963459e-05 2.15013627894223e-05 7.32218555640429e-05 3.40323633281514e-05 1.23973211884731e-05 9.87832299870206e-06 7.21931157841027e-06 3.44463396686479e-06 7.86410516298019e-06 5.85101312026382e-05 1.29292409201121e-06 2.80747408396564e-06 -9999 -9999 -9999 -9999 -9999 -9999 -9999 -9999 -9999 -9999 -9999 -9999 -9999
0.00056201497791335 0.000179936800850555 0.000677759683458134 0.0045301248319447 0.00120320389978588 0.000255406818178017 0.00120263379067183 0.000266885367454961 0.000295247102621943 0.00010676862730179 0.000467975053470582 0.0003630735212937 0.000227593211457133 9.77641830104403e-05 4.65771725430386e-05 0.000237037532497197 0.000219903310062364 0.000119319668738171 9.49654990108684e-05 6.93890819093213e-05 2.74284520855872e-05 5.26347130858085e-06 0.000470157041854691 0.000308057492657099 0.000329149844037602 0.000115729227400152 0.000212257845851127 0.00014378348205355 0.000148882779831183 0.000620105614871136 0.00331237331265584 -9999 -9999 -9999 -9999 -9999 -9999 -9999 -9999 -9999 -9999 -9999 -9999 -9999 -9999
0.000437262083869427 0.000136161071714014 8.81764863152057e-05 0.000340378363762284 0.000284116872353479 0.00083526493399404 0.00125586753711104 0.000189475069055334 0.000186395851778798 4.58607166365255e-05 3.34597394157754e-05 0.000152467167936265 0.000867703015683219 0.000710531388176605 1.64962203598407e-05 1.58525259394082e-05 3.44103216775693e-05 2.32511622016318e-05 4.27834441325103e-05 0.000119246314716293 0.000104172150895465 0.000262849172577262 0.000106478021189105 0.000290152970410418 0.000433312403038144 0.000288077308505308 8.52313485665945e-05 0.0001299318344536 7.49924567919891e-06 3.62007106531337e-06 0.000229696507449262 -9999 -9999 -9999 -9999 -9999 -9999 -9999 -9999 -9999 -9999 -9999 -9999 -9999 -9999
0.000190097361337394 0.000261677277740091 0.00117682083509862 0.000419151820824482 0.00115252546966076 0.00222209128551185 0.00116166056250222 0.000540364830521867 0.000819855905137956 2.20942528812884e-05 0.000450980004097801 0.000725940387928858 0.000234604264551308 0.000382810116570909 0.000408985991089139 0.000152720561891329 0.000322231302561726 0.000567121559288353 9.14879710762762e-05 7.98702578322263e-05 0.000308059400414917 0.000244661339093 4.94925022849202e-05 0.000237191893393174 0.000202221521612955 0.000202684634132311 0.000386505099595524 8.31558027130086e-06 9.44076246014447e-06 1.33702396851731e-05 3.39684197570023e-06 0.000253541232086718 -9999 -9999 -9999 -9999 -9999 -9999 -9999 -9999 -9999 -9999 -9999 -9999 -9999
0.00024644757504575 0.000277237856062129 5.3244194805302e-05 0.00488790348172188 0.000488650857005268 0.00223849639241962 0.00462722918018699 0.0410176542793826 0.00195424742996693 0.000414576486218721 0.000255246507003903 0.101149809523486 4.34042702181614e-05 0.000522112066391855 0.000412909031729214 9.88075313216541e-05 0.000347511879954254 0.000178188174322713 0.00032257987477351 0.000290952737850603 0.000415951847389806 0.000200405212672194 1.38777220627162e-05 3.18709005284745e-06 0.000120295870146947 6.37930188531755e-05 6.84275168168824e-05 1.88312213595054e-05 3.63519317033933e-05 1.38342729769647e-05 4.78249166917522e-06 8.07937942681747e-07 0.0017571872100234 -9999 -9999 -9999 -9999 -9999 -9999 -9999 -9999 -9999 -9999 -9999 -9999
5.16547721417737e-05 0.00013215205835877 0.000329564408457372 0.00142811681143939 0.000621709015103988 0.00851334221661091 0.0151216957718134 0.0837960213422775 0.0402240172028542 0.0532624661922455 0.0144437037408352 0.000987621396780014 0.0325137816369534 0.00013702674623346 0.000130999859538861 4.59815950307529e-05 1.3351957204577e-05 0.00055348863825202 0.000323049156577326 0.000203939881612314 0.000202904014440719 8.52465471325559e-05 0.000117737686014152 1.23550899729707e-05 8.81226536876056e-05 2.13560345855512e-05 0.00014871773601044 0.000364307830750477 7.59157355787465e-06 1.83949981874321e-05 3.28911919496022e-06 2.56645244007814e-06 9.61138484854018e-06 -9999 -9999 -9999 -9999 -9999 -9999 -9999 -9999 -9999 -9999 -9999 -9999
2.55643120908644e-05 0.00011796644248534 0.000235667376546189 0.000129779538838193 0.0125141862779856 0.0217920685186982 0.00270718624815345 0.0260500356554985 0.0616984665393829 0.133654868606342 0.0866336941719055 0.00833460725843906 0.035847082734108 0.00911809243261814 0.00047146917131613 0.00286665260791779 0.00104375104419887 4.78766080050264e-05 0.000564794125966728 7.2007583071354e-06 7.72652656451101e-06 2.23962965719693e-06 0.000315675906313118 5.25278097484261e-05 0.000135082680208143 4.91915172460722e-05 4.59417009551544e-05 0.000118437583660125 4.99400912303827e-05 3.16919515626068e-05 5.39500988452346e-06 2.87615584966261e-06 6.42619033897063e-06 -9999 -9999 -9999 -9999 -9999 -9999 -9999 -9999 -9999 -9999 -9999 -9999
3.54020854160808e-06 8.01743881311268e-05 0.000241785252001137 0.000107895417022519 0.000557365300983292 0.000154142031897209 0.00158393760211766 0.00432103811763227 0.00226336573250592 0.0186063751578332 0.0571917928755283 0.0149191502481699 0.00347042311914265 0.0182241801172495 0.00234615411609411 0.000941585749387741 0.00286016007885337 0.00026239265591812 0.000147542513150256 9.06124594735047e-06 2.14869949559215e-05 1.56821097334614e-05 5.91907133639324e-05 3.50965399775305e-05 0.000108941867438261 3.364271724422e-05 2.67772904408048e-05 2.3862318812462e-05 4.6660907628393e-05 4.46210488007637e-05 0.000115059702511644 1.93571498972034e-06 7.74301142314471e-07 2.94965568173211e-05 -9999 -9999 -9999 -9999 -9999 -9999 -9999 -9999 -9999 -9999 -9999
6.3257711842013e-06 8.23385676085309e-06 3.97836298816401e-05 2.09444637903289e-05 6.48041677777655e-06 1.21515017212914e-05 0.000131427169253584 4.23742224484158e-05 0.000726699235383421 8.37515013699885e-05 0.000524346390739083 0.000601190933957696 0.000404404907021672 0.000256321334745735 0.000342901912517846 5.57523260795278e-05 0.00097065269947052 6.03391312758994e-06 1.20059467358047e-05 1.63107046738942e-06 1.46811400227875e-06 2.30397020017925e-08 1.11590929261496e-06 4.08725012675859e-05 6.24489817710128e-05 2.56889929005411e-05 1.97587158254464e-05 1.86206387297716e-05 1.94257656403352e-05 7.40084689823561e-05 2.66103932517581e-05 3.08724434944452e-05 3.17094616946179e-05 3.64475148728616e-07 1.0316777479602e-05 0.000307746464386582 -9999 -9999 -9999 -9999 -9999 -9999 -9999 -9999 -9999
