Scripts_&_data/Maxent_result_files_1/Bombus_patagiatus_2.asc
NCOLS 594 
NROWS 330 
XLLCORNER -15 
YLLCORNER 23 
CELLSIZE 0.166666666666667 
NODATA_value -9999 
[rows 180 to 199 of 330, columns 88 to 131 of 594]
1.78990655630429e-09 9.52189549430216e-10 1.85664188467882e-09 5.54233287042294e-09 3.98178899851942e-09 6.47445984602868e-09 1.1324394211254e-08 1.605991162279e-08 1.19831852773977e-08 1.25507587434015e-08 9.58632365710699e-09 1.70738914451185e-08 3.43171307815027e-08 5.67247866556375e-07 4.10954023477572e-08 4.00908713449333e-08 6.3400940186753e-08 1.35862529448971e-08 6.92595415463515e-08 4.89703091743898e-08 6.65822922907289e-08 4.04199517078929e-08 3.85119996004768e-08 6.97716048270181e-08 4.89851967544475e-08 1.38816985206791e-07 8.66836049384645e-08 1.50413140831418e-07 2.00700465091685e-07 3.54549120284986e-07 4.55977647850769e-07 7.93721308089967e-07 1.5564130461887e-06 3.93559534939136e-07 1.92932129994272e-07 3.23902379029128e-07 3.37235450598161e-07 1.42339519892953e-07 4.49509652045155e-07 1.60666168201873e-06 1.62445727921456e-06 1.71663880387474e-05 9.19845192353108e-05 0.000125022718313517
1.96841869470887e-09 2.13319913955345e-09 5.01497665617023e-10 1.57721294913316e-09 3.74334595543147e-09 6.49178242273507e-09 1.91902728374771e-08 9.13186244400066e-09 3.49323257098355e-08 1.17555981726802e-08 2.1609137734746e-08 6.87508472374532e-09 2.18503283355709e-08 3.14554187808014e-08 2.33362202339826e-08 5.89713494703048e-09 3.81016939998702e-08 8.64411726198e-08 2.83308381754388e-08 9.80774711223376e-08 7.2352888957905e-08 7.858151236384e-08 5.94491402883257e-08 5.02893953480132e-08 1.99201189254872e-07 2.02360662870937e-07 8.69740658049345e-08 1.29124497549871e-07 2.26200587316594e-07 3.05621222718155e-07 1.40278848831388e-06 5.12466423985281e-07 1.71564091440146e-06 3.11738378533377e-07 4.308234943462e-07 1.66620065100709e-07 1.5192740545622e-07 2.66706996288057e-07 1.64452750728294e-07 3.09061677494782e-07 1.2608694648697e-06 3.62805757477824e-06 3.29093046490758e-05 1.70563784656963e-05
5.45529743600781e-10 1.04493479424761e-09 7.49010176104292e-10 5.69320027787867e-09 4.89256677393968e-09 9.53211374277174e-09 3.29401358412085e-09 1.22680830050292e-08 1.73112804868758e-08 1.26094758634565e-08 1.18861349207577e-08 1.05203656564079e-08 5.18734286636402e-09 9.86998538454742e-09 2.0387326638005e-08 2.56608442605888e-08 1.48137010103078e-08 4.28509623673357e-08 1.08498176110139e-07 4.88090854955381e-08 9.31853207042366e-08 2.06031335181489e-07 9.59867426986172e-08 5.39368549934416e-08 6.57855337315993e-08 8.27372514722313e-08 1.95457845719726e-07 1.22763651688729e-07 3.38386587916961e-07 5.40707386420536e-07 3.78602073847212e-07 1.41791988446105e-06 9.85230286842942e-07 2.30034288639658e-07 8.26143023879844e-08 8.35101805818361e-08 7.37023119978808e-08 8.18041911543332e-08 4.60669603341568e-07 4.95198418604126e-07 2.42469863731554e-07 7.04617550462139e-07 4.65375960057024e-06 1.27422807524313e-06
1.62260178626639e-09 7.73495179018369e-10 1.30673573073281e-09 4.08051410438759e-09 1.9132671114086e-09 7.90304707232181e-09 1.97195644036086e-08 6.20603943790599e-09 4.09549529845066e-09 3.18516989450401e-09 5.42573447281924e-09 9.49876808320482e-09 2.28153930525998e-08 1.11327319141097e-08 3.35009778473783e-08 8.07894282583987e-09 2.83746233509241e-08 3.27482898021536e-08 5.85097404193213e-08 5.6295971440079e-08 5.47965648300952e-08 1.27272582717275e-07 4.57456367786158e-08 1.19428377032271e-07 1.11497933752425e-07 1.35005723977955e-07 5.08637581031479e-07 4.58805053615841e-07 8.4514581180084e-07 3.2567629962843e-07 6.67737621140585e-07 4.09822939718696e-06 2.81433075144388e-07 7.68328109690408e-08 5.3914649855713e-08 1.17467199112209e-07 5.97654597478403e-08 1.01022121312688e-07 1.56870585621416e-07 1.08264062370633e-07 1.42310598800766e-06 1.00397183190326e-06 4.43684161541835e-06 7.54288109412471e-06
7.03264646517709e-10 1.63284741283576e-09 1.74388202767162e-09 1.28339749938533e-09 3.69692837454139e-09 2.56253865904554e-09 6.44725645093658e-09 3.87476093433037e-09 4.4018596656592e-09 3.90156357221727e-09 4.37756628723918e-09 3.319231856036e-09 2.02281216221678e-09 7.00507385431592e-09 5.3568382651914e-08 1.60173238672456e-08 1.65102979621246e-08 2.38965436438754e-08 3.63193393693173e-08 6.89974533174542e-08 5.02081044628788e-08 3.55522968431554e-07 8.42406110534988e-08 5.32591735047383e-08 1.06264457777616e-07 9.5272444378125e-07 1.73790026853915e-06 9.72227887985344e-07 9.65684954901125e-07 3.8012135297194e-07 1.26720177269224e-06 6.26829806182894e-07 3.1995315600275e-07 6.54721922344059e-08 8.56890371880858e-08 4.51335959161803e-08 4.31329191252772e-08 2.31244741699665e-07 1.40720962881202e-06 9.57400906465011e-07 3.06059343574416e-06 8.96246416965951e-06 6.43156367221565e-06 1.37473441968794e-05
1.56489694536077e-09 1.20741595610596e-09 1.52967922772973e-09 2.4100733186927e-09 1.97234141241509e-09 2.77721726726909e-09 3.69764070473622e-09 1.72460092873195e-09 2.51983541810219e-09 3.1151903390203e-09 1.10781038897834e-08 3.38371196617615e-09 1.24058864514609e-08 1.91372045765803e-08 8.38259947011366e-09 1.20768139710847e-08 4.86010248046398e-08 3.35851583543878e-08 5.31749029586415e-08 1.40944716897629e-08 6.07902989724352e-08 3.15316968368951e-07 1.0720461689484e-07 1.58872474920191e-07 6.25820430477653e-08 5.59703478852924e-07 4.16329863539566e-06 5.59978184944132e-07 1.85640206273874e-07 2.34391730657979e-07 1.22704775871174e-06 1.29252275971048e-07 6.60702763166654e-08 4.3128484372712e-08 7.0292819454032e-08 1.26212120910019e-07 2.74110700648755e-07 2.10038330639151e-07 8.809796078868e-07 3.66948471924866e-06 8.75684701653334e-06 3.26420290541307e-05 0.000112665914366517 0.000184259976137469
4.12025983331787e-09 2.06164108007556e-09 1.18930042480869e-09 2.81643949273658e-09 9.61450752345883e-10 1.53667030211579e-09 9.909898013305e-10 2.21285486601275e-09 3.4384024738543e-09 8.51615480357282e-09 3.06218711498829e-09 1.07391075032659e-08 7.05410246881755e-09 1.99677805956533e-08 6.29149906616888e-09 4.46770098694316e-09 5.92252606956833e-09 6.69689869114976e-09 2.11191450549819e-08 1.31468418151925e-08 3.90645222281272e-08 4.04665164155382e-08 1.01332528679166e-07 2.63489453256049e-08 4.23207978772489e-08 2.0876302564421e-07 2.38938644547826e-07 2.06354783438556e-07 4.92545045038817e-07 3.79188902788208e-07 8.66844116487187e-08 3.23780663058493e-08 2.82235832926858e-08 1.85764060800508e-08 2.35980856078122e-08 4.4294451184701e-08 3.01307609462675e-07 6.40257410400302e-07 1.16127823775347e-05 8.68058458234344e-06 7.90001403842666e-05 0.000119381176642719 1.87285948928251e-06 1.10274498421603e-09
3.10653959223473e-09 6.16982851475711e-09 2.78355480887171e-09 3.00052730439759e-09 1.3327887127268e-09 1.93859251984563e-09 1.53305356187516e-09 1.10551868770514e-09 1.81274506516615e-09 1.62554141258653e-08 2.74592690807651e-09 2.74866166494192e-09 9.53609816667367e-09 4.67821059668694e-09 4.23530610582645e-09 8.9463907948506e-09 8.54511285064419e-09 2.13397658654912e-08 9.69832276709326e-09 1.21016057175183e-08 2.38535707741683e-08 2.58857671520119e-08 7.84685589505507e-08 4.07763857457333e-08 2.95235517366876e-08 8.61564893428479e-08 5.11499680388994e-08 1.38403748950466e-07 8.48062430502949e-08 1.5552941062813e-07 6.63311763737795e-08 1.12655728756739e-07 2.95847485065615e-08 2.35594167730113e-08 1.49297763263334e-08 1.7810498370574e-07 9.55522515067031e-07 2.59030973996932e-06 3.21376526438044e-05 6.07841927575237e-05 5.61283759779485e-05 5.01030436983463e-07 5.02017350845207e-07 2.64379166666773e-06
6.3514503989559e-09 3.49659886600406e-09 5.31570371054002e-09 3.75955409026574e-09 5.1356177088735e-09 2.9468727014148e-09 2.35459051145526e-09 2.44382365455209e-09 4.236734763019e-09 1.85247723827331e-09 2.62542736439997e-09 1.26140504042027e-08 6.48287346027843e-09 8.11145834944682e-09 9.86910948519437e-09 1.16039016839764e-08 2.55425511408447e-08 7.45397520374169e-09 2.47544775122677e-08 1.503244875245e-08 1.51157873107266e-08 3.9704853305178e-08 4.64530856225664e-08 4.91535798619047e-08 3.0412468832175e-08 4.09823134761567e-08 3.95543254816388e-08 1.14359075276127e-07 7.58218690943835e-08 4.11445543191391e-08 1.87761573067213e-08 1.95887790210847e-08 2.27297942800853e-08 1.31734961938967e-08 3.37649782244931e-08 4.030856361803e-07 3.88472998580358e-07 4.33318182966325e-05 0.000427993231760126 0.00100183122529245 2.17577720355022e-06 1.07609745481074e-06 2.26607014528479e-06 8.92517133923576e-06
1.84045961804102e-09 2.22573068864307e-09 4.32880650214074e-09 2.02633061441304e-09 2.1366621583141e-09 3.09421440691793e-09 4.02591207038228e-09 1.17508184294124e-09 3.18951981492788e-09 4.03327437004108e-09 1.64939309654777e-08 1.38742791255808e-08 7.26247127991186e-09 1.34883697877619e-08 1.74678350339796e-08 2.17050050821399e-08 3.02729945445002e-08 1.66947330293432e-08 3.50654867142808e-08 3.52500349687368e-08 8.03242299896034e-08 3.63399089042815e-08 1.92038871360545e-08 4.56146267424629e-08 4.248245578653e-08 4.81303279897816e-08 1.12597697554673e-07 7.56302590776414e-08 3.6779291723299e-08 5.621209444584e-08 3.39389647940891e-08 9.29935554117023e-09 1.30196286307616e-08 7.97299073429514e-09 5.0003209173255e-08 1.52287592658507e-07 1.62323869347114e-06 9.82710703043566e-05 0.000142061767096457 1.25233414793868e-07 2.99451574647946e-12 6.3746685707855e-11 2.90689611270878e-09 6.79381299728554e-07
1.24926935463066e-09 1.95029725702511e-09 1.77687169422569e-09 1.83309885048999e-09 1.9108209792229e-09 2.06822199366741e-09 2.68120772251024e-09 2.45300146861638e-09 4.61885442115673e-09 7.09065925974528e-09 4.78187909269678e-09 1.13250586353253e-08 1.31292643756886e-08 9.0906726701867e-09 2.17046543626864e-08 4.43817413708913e-08 4.48246766926452e-08 9.30691610445677e-08 2.30393498357184e-07 4.87959362471813e-08 3.33558500043019e-08 2.45066822945894e-08 5.49124025917003e-08 3.60048607039865e-08 5.09880355825665e-08 8.59744694881037e-08 3.82365210382929e-08 4.6477625859076e-08 2.02908599378215e-07 1.44150826486555e-07 3.14585620553309e-08 4.76966284357339e-08 1.66857160199818e-08 1.52933620101159e-08 4.1320408161738e-08 9.89828340880461e-07 4.38042150098461e-05 1.99181433411688e-05 1.21074404213495e-06 2.45745458116176e-07 2.16665925721893e-06 0.000138304256683242 0.000468750263936357 0.000281783699645644
2.09613298940425e-09 1.62737877618113e-09 1.4682499549501e-09 1.34705060439444e-09 1.82770887313666e-09 2.05171882816657e-09 2.89858049784542e-09 7.11497265548644e-09 4.40186965766642e-09 2.92869924978234e-09 1.31777228684626e-08 2.29813510665977e-08 1.52724624502554e-08 5.61717037994569e-08 2.59338630570483e-08 1.07546357264177e-07 1.94442097756209e-07 1.00978356076808e-07 3.30638171808228e-07 2.15736287645374e-07 1.09734774289549e-07 4.7828777705039e-08 3.51420399558045e-08 5.87940590990321e-08 1.28740392513205e-06 1.56872128309615e-07 4.12429175256079e-08 1.80890778245235e-08 3.15161625874527e-07 1.42485362997213e-07 1.04897500019518e-08 1.78136445372346e-08 6.94252107136251e-08 2.05340748626881e-08 1.86999363982476e-07 3.59569382063496e-06 1.11949918450538e-05 2.30258110911485e-07 3.92130189852402e-07 2.45427234820683e-06 5.83199000123713e-06 0.000307579975888927 9.23747966103061e-05 9.90000939234514e-05
7.33544269770903e-10 8.43236314107543e-10 6.29786822692324e-10 8.03428823470398e-10 1.30530491970759e-09 2.0037938752715e-09 9.5919727716165e-10 1.25452531696268e-09 5.78256823535739e-09 8.61286812980922e-09 4.75369372754386e-09 1.68777890774408e-08 4.36104709233831e-08 1.70802671495274e-07 1.93229402989381e-07 1.17617312278551e-07 1.44925116851713e-07 5.07104236013856e-07 2.92453625339029e-07 2.56126441631199e-06 5.17703203151143e-07 2.5171283057901e-08 8.58218405230815e-09 2.97865865139801e-07 3.45938545809332e-06 2.26896911381669e-07 8.65108861214381e-09 1.17747060179862e-07 3.97387999073739e-07 1.27769318958304e-07 5.4702563878628e-08 1.9621797242575e-08 1.61219290362169e-08 1.05012173734487e-08 4.69265884672776e-07 2.24570167987048e-06 1.22816873163734e-06 2.30182019134162e-07 1.45300037093232e-06 5.69051656857056e-05 6.68071614975396e-05 0.000128023001278343 0.000238864649246473 0.000244562261849968
3.91559262791219e-10 6.93298174425649e-10 7.09743419591291e-10 8.03502253621247e-10 7.14009584790176e-10 1.09259151725993e-09 2.51166102360756e-09 6.05704690848086e-09 6.92412338576531e-09 3.16816946011045e-09 9.16150970642349e-09 3.53893160331964e-09 1.98960140140869e-08 3.7103969589003e-07 5.61312912017442e-07 2.38524224615011e-06 5.89605129464044e-07 7.20447906532584e-07 1.84418494879601e-06 6.90604121107441e-06 1.34618234767458e-05 4.25596077269219e-08 2.61845389148974e-08 1.48271858402271e-07 1.52804506864612e-05 7.85626257193695e-07 1.88192691097377e-08 5.82314175212595e-08 1.66580582683373e-07 1.99109160481381e-07 1.99686547963651e-07 2.59467461629859e-05 2.39009012026337e-08 1.41903881978322e-08 6.80843615930016e-09 1.08215309080339e-07 1.00626532684167e-07 1.44591406048278e-07 4.49018662920242e-06 5.39380391349376e-05 7.06032655052979e-05 5.86429479669359e-05 1.09401737058423e-07 4.57928687191966e-07
3.92487475853187e-10 3.83023657235526e-10 7.67834051895733e-10 2.16838634825578e-09 5.41152511690512e-10 6.80055078916553e-10 6.86766588042786e-10 7.91456565840676e-09 8.25362329592849e-09 9.82252765791003e-09 8.5826090900909e-09 6.37938276648598e-09 2.06669271141102e-08 4.2157647536234e-07 8.18033733207546e-07 8.02911612385326e-07 3.8391279085781e-07 2.0031942995713e-06 1.20636380493977e-05 2.2244488532408e-05 6.37884767074048e-07 1.60025163142841e-07 1.84944517467311e-07 6.11958964622517e-06 3.21759033470315e-06 1.4135959372652e-05 4.09617497365566e-08 2.02419434880419e-08 1.34678303598257e-07 4.82040384497395e-08 3.14600666517784e-08 9.36057821254721e-09 1.56685429963943e-08 2.77089181488499e-08 6.68151301619346e-08 9.71677251992986e-09 3.4750301298736e-07 2.3848028743223e-06 1.03101579311815e-05 2.05993519285519e-06 0.000192030507034957 2.46231179293233e-05 0.000260060446244026 2.18907830173976e-07
1.85347637238209e-10 4.82325324124844e-10 4.78412143234408e-10 4.50164361343042e-10 4.74225070323797e-10 2.08942585455674e-10 1.59967472601608e-10 2.33822594619681e-10 1.35926832012245e-09 4.99726903191444e-09 7.39596913712504e-09 9.32851781376698e-09 6.64997807930945e-09 5.65016026188303e-08 4.3611517782649e-07 3.61670318671514e-07 2.28165746851694e-07 6.2807440935897e-07 1.03402907022598e-05 7.23358894640924e-06 4.23459023481953e-06 5.35370461407503e-08 2.01540416355783e-07 4.57563585207765e-06 1.14689566014237e-06 5.45651370060796e-06 3.78378961307657e-06 1.6999583594135e-07 6.62859315561093e-06 1.35343694540602e-06 3.74210856524115e-08 3.26402711414708e-08 2.86507897739874e-08 4.76016824846326e-08 9.92613594541503e-08 1.8926491004434e-07 4.16381700241164e-07 1.63167333077752e-05 2.05062574523129e-06 0.000123485427775627 3.07994282278123e-06 3.37653853262232e-05 1.54481166633191e-05 2.36832542466203e-10
6.77277567362466e-11 4.82185735783958e-11 5.79288172986026e-11 4.39741576485631e-11 1.92643079266475e-10 1.8882281294097e-10 1.8323682571264e-10 1.64096380927958e-10 3.0964635300279e-10 8.26785018226417e-10 2.276269728263e-10 1.21797754104591e-09 2.82103511661802e-09 5.3074971928524e-08 1.23171721067017e-07 1.07206764887735e-07 3.69528527954799e-07 3.86306266557668e-06 6.9077118957761e-06 6.84280225280443e-06 4.67583751380118e-06 7.92156223972107e-07 4.59238236549808e-08 2.15537214948158e-06 5.20413673470443e-06 2.77550180283193e-06 2.35394438563574e-07 5.51958201355784e-07 1.03918092964506e-05 3.2043002383686e-07 2.44320167208656e-08 3.36482683938044e-09 1.73513827306238e-08 5.72972896017987e-08 7.45015472980448e-08 1.06135263147067e-05 0.000149894371190129 1.00534996982482e-05 6.48488720245144e-07 1.27539675273569e-05 0.000342118665419378 3.25731360091286e-06 2.6051669497773e-05 1.11512898359756e-07
3.82166520651595e-11 3.49540507649237e-11 5.27570431785307e-11 6.00717031673526e-11 8.05750022259133e-11 5.28852295289539e-11 1.45607303991824e-10 1.50212520200199e-10 1.32607835823251e-10 1.37012245993162e-10 2.64017341322642e-10 2.0514004495098e-09 1.32415959308574e-09 5.73133570602735e-09 2.30072362161771e-08 1.43598694979374e-07 3.96391632384585e-07 1.12907058259282e-05 5.33205380250479e-05 3.73701783754621e-06 5.38695271932177e-06 6.27199382741139e-06 2.09287966889127e-06 1.0998660256667e-06 1.00139087976236e-06 1.02452037903378e-06 3.29987647198493e-06 4.71140023101668e-06 6.68725705512685e-06 1.63049538237647e-07 7.61690777117963e-09 1.35706882398168e-09 3.16907031727709e-09 6.43222908269792e-09 4.31534020594038e-06 6.2981240234361e-05 1.24579189685337e-06 8.15256744303383e-05 0.0011143248113811 2.74180869927365e-05 2.73670255013236e-08 1.48633526375619e-08 0.000311982102913522 0.000119749360279364
6.13557094020223e-11 3.29013372102338e-11 2.79646084067053e-11 5.23772913929577e-11 1.880370192886e-10 9.57004253621108e-11 9.78305547683078e-11 5.86033388483287e-10 2.71758848757742e-10 1.16628384727591e-10 7.75875701464202e-09 1.19883636351403e-10 1.88400628431395e-10 3.35861126687931e-09 1.0055722793334e-07 2.48653946710586e-07 1.02042043492734e-07 6.86612062372749e-07 2.67362094331647e-06 3.71786483475134e-06 1.78676964082136e-06 2.97791336745235e-06 2.10368487053358e-05 6.05063246279514e-06 6.49117182121017e-06 2.44951454337894e-06 1.52560976225402e-05 9.04075282850414e-06 7.9289844217012e-07 7.40929159803727e-08 5.65992920309455e-09 3.32569436434227e-09 1.13835340709301e-08 7.50326908947052e-06 1.80513706915519e-05 2.94687974951024e-06 2.10017366600868e-06 4.21970222465262e-05 2.02797221444673e-05 2.41391286959214e-08 3.15812359485967e-07 0.000352192523730466 6.37179783344877e-06 5.66077875729931e-07
8.57783954977265e-11 8.73226491115986e-11 3.62187946301162e-11 6.36135699672025e-11 2.34334063264896e-10 1.75285208570131e-10 7.25498439102523e-11 2.3568275109298e-10 2.04078520749107e-10 1.89821836027448e-10 1.32326760660106e-10 1.00395736168934e-10 2.03413974553257e-10 3.81808528127081e-09 2.97376622881984e-08 1.6569808014566e-08 3.94552908122847e-08 1.46991818628095e-07 2.78749519111443e-07 4.11757401138635e-06 5.71007749834429e-06 8.11471113770779e-06 9.84670030970136e-06 4.34050810063979e-05 6.97718544095949e-06 1.86036629383324e-05 2.90069822842298e-05 6.33868348764999e-06 4.83097554504486e-07 3.684124867398e-08 7.78223685493629e-10 7.61094143264529e-10 5.00763371880097e-09 9.38426428231942e-08 3.42358926974651e-06 1.69152031020303e-05 6.18912258332216e-06 2.30849588886528e-05 0.000161240211032521 4.34809935531133e-06 9.29282423844935e-07 0.00293232459478645 1.33788653300382e-05 2.51258054652093e-06
