Scripts_&_data/Maxent_result_files_1/Bombus_campestris_3.asc
NCOLS 594 
NROWS 330 
XLLCORNER -15 
YLLCORNER 23 
CELLSIZE 0.166666666666667 
NODATA_value -9999 
[rows 88 to 109 of 330, columns 150 to 199 of 594]
0.204928594827686 0.0632114455103927 0.100703173875817 0.034454245865347 0.0532351583242456 0.0351528868079251 0.00241298844416029 0.0120725393295296 0.00471475180238531 0.00338668646290927 0.00473511172458568 0.00329073444008851 0.00224868902005271 0.00231271800585113 0.00262819607742187 0.000404154465787332 0.00177788175642524 0.00211505647748734 0.001955014979467 0.0215170141309521 0.0198991868644982 0.0687421560287566 0.0698247984051817 0.0874844163656352 0.0862621530890572 0.0200214032083779 0.000129279427348505 0.0130697119981106 0.110596343874965 0.0739833980798823 0.0696599945426071 0.0490955159068182 0.0471583969891146 0.0595510452985835 0.06297498643399 0.0476551741361669 0.0526440620422434 0.0419787123799367 0.0465251117944773 0.067859539389619 0.0767369315028301 0.082280258834372 0.0855285853147652 0.0652083724737236 0.081494994461547 0.0699930153787234 0.0891385525465143 0.0962769180536433 0.0771376714110487 0.134340834617639
0.077320595085626 0.193866610527077 0.0223563216626659 0.0066217456012973 0.00546155823394712 0.00397869432345069 0.00234415875747821 0.0112396936863668 0.00946597792208276 0.00331970443949124 0.00200980226509287 0.0100804559886468 0.00726919015869594 0.00285789659246826 0.00153997475281368 0.00749116204679111 0.004110181331635 0.00218330996576714 0.00328509840182993 0.00448279911652263 0.00286702560260922 0.00186787336133436 0.0033124116715048 0.0274913467466851 0.0226733926683686 3.14574103654763e-08 0.00205690191860958 0.0174692895263458 0.015863372385506 0.00938791390508595 0.0916067346930649 0.0566109858453332 0.0484488993883189 0.0503271952271513 0.0573154225945549 0.0499923780560541 0.0458541460335305 0.0235769722610759 0.0204007346183087 0.0592211082577784 0.0677988618612373 0.107232183218017 0.0811418935656643 0.091837039589896 0.0958737671375408 0.0952444463968409 0.0989358156919676 0.11927853524687 0.109211054444333 0.185574290156406
0.0115597477182755 0.0131966982036838 0.00963929761201211 0.0145329454913747 0.011315093282611 0.0228409681469227 0.00835640775039855 0.00877684690058291 0.00193867958150817 0.00286070741713067 0.0021783003583552 0.00327269318513633 0.00744301127269942 0.00303096272982684 0.00263220896013104 0.00172229753807202 0.00211859117262085 0.00416046241298373 0.00291555253788857 0.000716608110815342 0.00157172294566418 0.00123100543860357 0.00161078423261657 0.0014349076664077 9.50485821435865e-05 0.0304792448878324 2.55686580223569e-05 0.0531900577247208 0.0477398715913417 0.0122081161068368 0.0499286428094011 0.0696619495749542 0.0554858602583474 0.0385693356394805 0.0439607024192861 0.0624473646283228 0.0877893164754031 0.0716920197010137 0.0797531917691337 0.0922909662127618 0.0723525524139494 0.0845568627119183 0.0731359288096526 0.0850526824593667 0.0893218457698978 0.124498867988612 0.137593123316786 0.0754153504967808 0.145028570294415 0.163382539153124
0.0106991571374245 0.00667763566598403 0.00428439662791852 0.00417593941092552 0.00413259058259483 0.00792563734576221 0.0077391667291532 0.00593012804165577 0.00143114156089735 0.00128057801630361 0.000827928865328575 0.000118384790847081 0.00241817194037158 0.00213245246559403 0.000900707405526258 0.000808031985070612 0.000930700136814333 0.000831125065451566 0.000914615800138674 0.000759186671348389 0.00291782815475036 0.00323571716435271 0.00152262314222781 0.00322020626626954 0.014747945591809 8.90428666025511e-05 0.144853937625907 0.0874259471893399 0.00443939084109425 0.0613636612892226 0.088939726352704 0.0278694204986145 0.0672431543469501 0.0964331805706151 0.0671347483992658 0.0644850149750786 0.0670579969883046 0.0766106054186921 0.089608773589145 0.113717323541659 0.139216721057913 0.0956703215837625 0.0993809267878688 0.125792914629002 0.121190708875676 0.170985317230259 0.176463472843208 0.1179096221924 0.0949650377035273 -9999
0.00548066562041695 0.00421328782104001 0.00203357574064306 0.00369511726312386 0.00402006739750557 0.00215816544368889 0.00115018717478975 0.00148073977325124 0.00120612964965412 0.000153785328281186 0.000830862834118473 0.0010632391553374 0.0038380884565417 0.00125382854603242 0.000876986957155224 0.0012837342103013 0.00054602780146531 0.00139708803035328 0.000938924378715589 0.000447764125419825 0.000921268842648759 0.000716278539039239 0.0018532283371316 0.00508179096505093 0.00986844170838681 0.0352649591863195 0.0378085181117103 0.0728105515241718 0.0461257375776862 0.0800150111317756 0.0710544615984053 0.116766649484657 0.0755412533879376 0.0841029569506747 0.0780485332012266 0.110100311040895 0.0863642692566031 0.116310018301028 0.091934636235248 0.133025905489944 0.0882709264755363 0.141008117795015 0.155535817146328 0.142658478021652 0.129296886920958 0.169247424602538 0.178843581676522 0.111926469206825 -9999 -9999
0.00323883537203112 0.0020852222107353 0.000804947188589822 0.000422847480513211 0.000318378920201245 0.00470146958250572 0.00153746519936268 0.00276519898325233 0.00369820045307329 0.00343377995304808 0.00119835757650462 8.43467772938422e-05 0.000559978140518169 0.00199286756105743 2.26696705794893e-05 0.000643819104880172 0.000653101154603131 0.000659819110296744 0.00122081872541467 0.00236675757914808 0.00555256903171582 0.00216282848268767 0.00406308798119494 0.0159722348675149 0.00241755335591761 0.0226283419877322 0.0717728540301407 0.0866341784596549 0.0768781438469986 0.0726496413350189 0.0774945572018722 0.0443375065922811 0.0734516546130258 0.0780201748013593 0.094028437137616 0.113996312022228 0.0998986542225019 0.0906870186329103 0.0844890028238398 0.176185911893876 0.165752434730558 0.162853503227262 0.140745782852198 0.174984657764465 0.0678916022181626 -9999 -9999 -9999 -9999 -9999
0.00129398187855289 0.000833104050252742 0.001745461439714 0.00283772149123267 0.00596343101933625 0.00167327360250067 0.00183093794621549 0.00259489170275653 0.00443377466872382 0.00528925894759658 0.000678216503001872 0.000317012264427585 0.00262195074465184 0.00493088387884261 0.00238061121199338 0.000624612031970229 0.00054241325706248 0.000424005987588372 0.00196908370126059 0.00136267121415602 0.00426298333332002 0.00444082366302644 0.00322696603834673 0.0062167497351779 0.00320653752423857 0.000322018472836039 0.00416483888402647 0.00408290382474793 0.0289842873811794 0.0681281775236205 0.0731468141079029 0.0397782213986004 0.094192728400243 0.0563611805439064 0.0676018416881651 0.111103215813653 0.102255448699011 0.125521326065084 0.131388658285163 0.14465412497523 0.162382763624221 0.172133141756095 0.168883347511323 0.176344802975686 0.145371064543758 -9999 -9999 -9999 -9999 -9999
0.0010338710737416 0.000519474828615851 0.0010660045314582 0.00193438208661991 0.00014100981754448 0.00281091211363688 0.000967468833550933 0.00405242138076616 0.00414666687138424 0.00165200806222887 0.000196102030712009 0.00308122076094224 6.24264773124383e-05 0.000682051724288712 0.000537727575283564 0.00138583695516001 0.000844142911955825 3.19429736767574e-05 0.00124624391319245 0.0016064313007521 0.005497021600605 0.00416659880429543 0.00271567925810868 0.0328210428357157 0.0129483476281175 0.00127988448366526 0.0395304404199164 0.0357962898910079 0.044371879100806 0.0574028640985553 0.0824514374137028 0.0891252800822374 0.0796505793929207 0.112066802382487 0.0685952335596163 0.0679701969027596 0.0651558861136529 0.0999053969979433 0.168235754966771 0.152663701772717 0.210096228122755 0.219497269392067 0.213990044593878 0.239972317218876 0.080614116787922 -9999 -9999 -9999 -9999 -9999
0.00250350614078365 0.00164697985164834 0.00323599446564939 0.00117822722531874 0.00110893861856323 0.00175055484287462 0.00340946423821183 0.00289951590821176 0.00244296470191354 6.93113725089955e-05 0.000837133906316145 0.000233875192831223 0.00114849600940957 0.00109730202239026 0.00116873001679801 0.00190841439180095 0.00199522473849398 4.80500311823562e-05 2.23121576709673e-05 0.00117730292258801 0.000805641058832562 0.00214593377895669 0.0147963723167792 0.0201392997056267 0.0173029743134991 0.0382471822202261 0.0215686824172761 0.0557106092572271 0.0135609008371864 0.0211161904037025 0.0446864470839553 0.0683443993330092 0.0718573391437619 0.10825662463905 0.0819222092628584 0.0604959160089542 0.0889984682202459 0.12206006050112 0.142125320434593 0.071239095926304 0.198263394832641 0.222222369909337 0.208218246698443 0.17934156060225 -9999 -9999 -9999 -9999 -9999 -9999
0.00222171158529839 0.00199997802265007 0.00374791212379962 0.00137869073078049 0.0012761480873452 0.00111864083446577 0.00106703261844824 0.00100750622805219 0.000852931244298949 9.68243760155363e-05 0.00129752149805441 0.00194202053826326 0.00182100501842828 0.00100945486919972 0.0013859990984204 0.00207068389281676 0.00159392841160335 0.00601392099633935 0.00966226346790871 0.00433554193005056 9.40710451686755e-06 0.0042176268063489 0.00459887413308112 0.00999756567180285 0.0372164145112079 0.0111653301864876 0.0228860858827871 0.017752382159235 0.021905342862013 0.0511791460216117 0.0892776072025444 0.0791963025927655 0.0805506974458802 0.110418006777781 0.0673231914639578 0.123534744977972 0.0727941244840744 0.0804380476474898 0.0983143329620568 0.149708601832422 0.122922483086609 0.232099717855513 0.20611922740941 0.170428806543381 -9999 -9999 -9999 -9999 -9999 -9999
0.00618195794522831 0.00227861567400427 0.00443612723611343 0.00193485294003075 0.00402878690511018 0.0013687971048059 0.00587891796603903 0.00452044298872416 0.00136237866245226 0.00099003899376856 0.00100772059522587 0.00144479363225428 0.00132413422688862 0.00122477270197148 0.0038238901644948 0.00332986172288694 0.00178546363022208 0.00533544942736697 0.00513850683346478 0.00942020025104466 0.000215466460213076 0.00342095065862004 0.00204681348986968 0.00187163800001174 0.000513243304538658 0.00615541655570354 0.0324203655123749 0.0466093197465009 0.0482220031321137 0.0650980323553183 0.0732327863574116 0.0683663114905455 0.0546948924660808 0.0344313114881568 0.062732881307611 0.0886887654662252 0.145938456058527 0.0660014778375811 0.0981288015842696 0.184684514999427 0.200466036796622 0.183900463581134 0.178600984811811 -9999 -9999 -9999 -9999 -9999 -9999 -9999
0.00296785724349343 0.00228136797781865 0.00167282707989239 0.000694912869949016 0.00103711208794286 0.00241039604879946 0.0190913539379858 0.00463483966887099 0.00254230331629578 0.00424225563183506 0.00641248319298153 0.00599376568570827 0.00442221229896002 0.00214940416626679 0.000260079700310389 0.00551994573324979 0.00380938304588223 0.00528753641992905 0.0371812619268939 0.000100224569905549 0.00121437116539327 0.038297208398585 0.00039238650351765 0.0314110528677753 0.0150170313194422 0.00922060478478811 0.0164777297526618 0.0605027318000889 0.0608282595872964 0.063822948932658 0.0511767610907622 0.0935948207974565 0.0579022854566658 0.121594953536995 0.0851963013410738 0.0672821462154533 0.113201922178284 0.140789034962684 0.137770333886167 0.162916806340265 0.23286985158928 0.130837827920942 0.14645009636882 -9999 -9999 -9999 -9999 -9999 -9999 -9999
0.0176271740347168 0.0333978816866907 0.0266928739845778 0.00165487672202319 0.00151318500284129 0.00112248819787074 0.00124395058956018 0.0249849729239979 0.0241465173661741 0.00958991497755166 0.0170475803315678 0.00232776832755178 0.00785965155810241 0.0031662784676407 0.0245505779981646 0.0256036806851677 0.0466375894844595 0.00632410775870156 0.00989250447601219 0.0032967645927469 0.00134614733979113 0.0405315376818223 0.0246972590684927 0.0572300948202693 0.0495809547603192 0.0609228007495492 0.0423671782016821 0.119999033212683 0.0818036839366068 0.124238538742091 0.0691585883498275 0.10130646526815 0.0403379462659421 0.0307450890541138 0.0809724673628916 0.0142531455321287 0.167392364144357 0.105518877506281 0.166275978088412 0.128962585330037 0.157158216834104 0.0401887894911974 0.12482819855216 -9999 -9999 -9999 -9999 -9999 -9999 -9999
0.00260430835187501 0.0270475491881449 0.0527785450220259 0.0325358621776182 3.23817981779939e-06 0.00344916023314068 0.000388950272463417 0.0208828717470188 0.0472782365977833 0.0325662646442705 0.0174476843327322 0.00894791018218002 0.0523982219398093 0.0214854568243062 0.0678919469243689 0.063864772021781 0.00189225710928447 0.0456451609730808 0.0362315125763457 0.0242919716984062 0.000346475793048739 0.045468906313186 0.0285138916224283 0.0501763731241298 0.0438222333788948 0.0821846902370574 0.0093179792941202 0.00273650069722111 0.095406880974786 0.122373548150078 0.12884211540225 0.0992737978697044 0.063041763752709 0.105384910106674 0.0699018731713375 0.0958579182624963 0.125874045491243 0.0987731248140492 0.140707564353968 0.185453439503945 0.166344928741491 0.18582698702816 0.180918425321618 -9999 -9999 -9999 -9999 -9999 -9999 -9999
0.0390827625989968 0.0486589074134936 0.0926601201296017 0.00117112021135067 0.00726514022099025 0.0888047277927573 0.0783459722995859 0.0496523678302825 0.0650208488106815 0.109326374530806 0.135474823415291 0.0716251358389952 0.0655030600726703 0.0833951234817631 0.0752232462167848 0.0525362484157143 0.0681765034794909 0.0174553014338052 0.0257134780287794 0.0749160632491223 0.0846992522478227 0.0341197118163191 0.059004767239101 0.0467122837901185 0.0818410933017825 0.0486780457198687 0.177713125944173 0.11005363166334 0.100122547149668 0.137740790843982 0.105029565095919 0.139574092626596 0.047407212853437 0.0824550487101211 0.0631368853151862 0.0533053509891098 0.161155080795322 0.110268455743808 0.184508377313651 0.147248044610058 0.116798189282444 0.167111074924495 0.0912289410829786 -9999 -9999 -9999 -9999 -9999 -9999 -9999
0.0411941006779744 0.0642650559544661 0.0335964798927362 0.0934622675180825 0.0528173863887917 0.000323791964910947 0.552679849688133 0.0408873148262546 0.0986797630787059 0.0469725400209494 0.0594349697232329 0.0399103820324002 0.0404809243977121 0.0850314885378012 0.0970948323607571 0.101145818829551 0.0593467071652481 0.0922957748174818 0.0757067382335768 0.0451116450131081 0.0804500281810856 0.0838343426585325 0.0506176471710313 0.0731795236468437 0.0710518404841527 0.093566706776633 0.0435605451464712 0.11029204726221 0.133005154132861 0.0170865654945379 0.190477007627524 0.192405015230222 0.19913901090628 0.100285732746138 0.108482718467734 0.160309553146398 0.145019790530225 0.170152419805562 0.160868334770237 0.197297888994283 0.163295951485673 0.185141688585312 0.199202769994957 0.144054049253536 -9999 -9999 -9999 -9999 -9999 -9999
0.0636360228061757 0.0824464499950518 0.09448514580728 0.0560286372900123 0.0746019512415056 0.0353019401431167 0.0660071715712643 0.168482556939152 0.205844014883097 0.0790069445967806 0.0573692813515749 0.0625771686434847 0.0157589413225676 0.0582763224840247 0.0635915040969944 0.0726167358458132 0.0358468756079747 0.0648642159998513 0.110751007497327 0.0352557584643456 0.098946300148979 0.111448615789429 0.135405135154748 0.108063399791735 0.115616855025311 0.0376134224236075 0.0790850430727126 0.0666373088955981 0.146801874041577 0.146155586838754 0.100665444135683 0.152652499079735 0.168360954523377 0.17723829746255 0.11362465620044 0.146623882651358 0.04868426918984 0.164376327395463 0.191711825132414 0.162476253509544 0.194702094793406 0.165837860107457 0.161898553371547 0.187708580493962 0.163263380527524 0.108722132444395 -9999 0.118302673101434 -9999 -9999
0.0689785674214446 0.0817737057805179 0.181556457281142 0.058308348059668 0.076729246974003 0.0716069310903661 0.13194936811926 0.14509928226474 0.172243040800129 0.00536389425396929 0.0672103598713966 0.100660803914091 0.0530772149562916 0.0525301851332233 0.0528425663709697 0.0822976693511112 0.147501580417168 0.142752179503453 0.0628416188061331 0.0847728505730763 0.143160656094574 0.124014490842842 0.0448597423732329 0.122751039266607 0.124218064546606 0.0788713797926994 0.113017791509652 0.0689863979816535 0.157649576664001 0.17517685592178 0.172333467006722 0.149699598550833 0.165048563480461 0.123244938254372 0.18467473983768 0.158367988467243 0.114398965239559 0.162698122859028 0.194948220253057 0.199974930286449 0.172855389118238 0.176552802324344 0.169718492031125 0.220970493555109 0.176432806253463 0.13438461422925 0.124301168322584 0.127215871214886 0.0666677251458231 -9999
0.125833766162416 0.0932003021240486 0.155450278520655 0.111108416318911 0.0685621507465941 0.0750261157751175 0.0717823952436668 0.125578725338003 0.103407138586064 0.153764772415197 0.1129585772753 0.138135582208658 0.10856582224371 0.119129122793693 0.0919861659407714 0.14352317750456 0.180763834714921 0.16136711537841 0.188909173011822 0.0830676950514452 0.1184902533889 0.133405205607437 0.0239156458526869 0.0964257717132698 0.0989566683769384 0.130802902579334 0.0826372459530937 0.106187720596809 0.098892176151294 0.162609156966238 0.102163156867038 0.163689789176014 0.195044031739322 0.120813313126586 0.182536709310358 0.130927434563659 0.196470630168965 0.155888918042222 0.256956422329053 0.235288202762688 0.15370654463771 0.0166699604054263 0.223665630817466 0.0390919121451999 0.0768546342849832 0.120458585023895 0.112012147903462 0.123109701275847 0.189264839887656 0.10353709459307
0.0376935959563897 0.166415902972244 0.207454836368611 0.186650264263188 0.181510522961652 0.17001309990887 0.055084183812154 0.130485633015654 0.0755415856838323 0.0776596933603422 0.118264640867734 0.107384768128413 0.193801641464277 0.198956710100214 0.171018269658113 0.201142942905488 0.102462704479709 0.15217190571132 0.153791964054141 0.17205005288127 0.0836982905864875 0.110009007155915 0.0987049683928623 0.126461067795772 0.0695876799523932 0.0117306098582811 0.0853889524936811 0.0971019536256964 0.178056234121362 0.170340251922638 0.152204930782344 0.14717222154143 0.170864409208323 0.134662508964559 0.20405841469769 0.165345072746303 0.160275578498869 0.208830505609557 0.0394848467634026 0.22951621413237 0.193877667188702 0.116792473197005 0.192154300212907 0.17950392961505 0.214374041557373 0.0920953825116289 0.132727143168467 0.19432737231259 0.0757116720080474 0.210208344459588
0.162727600336107 0.232898354530407 0.159770345687978 0.199898618459917 0.200000000000557 0.188429820537716 0.552681197154288 0.131834870576883 0.206369543075614 0.206854575872468 0.0973163053393491 0.195187097787892 0.140007877349881 0.177649110555705 0.206781423091938 0.205583196878475 0.129907128214853 0.242777907848422 0.140559959411671 0.117514315247554 0.109738352894799 0.12122686803343 0.0293724179816134 0.0905006654560705 0.166437295079253 0.179063263535525 0.154607129097009 0.115533490479009 0.19084042310718 0.160779261589075 0.163859960436856 0.133163173496749 0.119029840827007 0.224657418925704 0.207901078462648 0.112622973322882 0.180151581764255 0.118274280428903 0.178394687175779 0.117428195476579 0.137255266308804 0.162001144886044 0.189775317907394 0.205859696865144 0.140201827883743 0.115850833058406 0.109814563393634 0.0990186721086632 0.107527095079438 0.185438907146495
0.199047034979047 0.199994713068372 0.218133515119608 0.13452667891981 0.156408363580779 0.154928293824229 0.261904156208147 0.0422132731944289 0.0103816747665406 0.199674165248914 0.147303381562252 0.132613307237648 0.221812903881145 0.0476799191589908 0.214614969491999 0.270050948858362 0.180204385519062 0.172885030508074 0.204694938659706 0.202803075313606 0.201873028278391 0.172310417890584 0.150378933548952 0.0591179102659286 0.171191829443003 0.13322120904924 0.146569174528143 0.143742355704327 0.187348604202305 0.17078522145751 0.207687973976182 0.19829376935963 0.215113770961806 0.165992629528076 0.216552692651798 0.170173090696366 0.220944315195133 0.175795316696277 0.0536343842744976 3.34825755877732e-06 0.0922116547823074 0.087116454541695 0.0940352320671204 0.0997747153043892 0.0954210877418663 0.180718827247692 0.128941583633445 0.106954300403625 0.10975873470308 0.20324369668964
