Scripts_&_data/Maxent_result_files_1/Bombus_mucidus_2.asc
NCOLS 594 
NROWS 330 
XLLCORNER -15 
YLLCORNER 23 
CELLSIZE 0.166666666666667 
NODATA_value -9999 
[rows 275 to 299 of 330, columns 495 to 549 of 594]
0 0 0 0 0 0 0 0 0 0 0 0 0 0 0 2.22044604925031e-17 7.32747196252603e-16 8.88178419700125e-17 2.22044604925031e-17 0 2.04281036531029e-14 0 0 2.38475905689484e-14 3.21964677141295e-15 2.46469511466785e-15 5.99520433297585e-16 2.22044604925031e-15 1.10467190950203e-14 1.84823489846053e-11 4.44089209850063e-17 0 4.42765426877934e-08 5.04864722028486e-08 7.32047755747089e-13 4.84627893371226e-12 4.30613877888675e-11 1.09271480752682e-12 1.60617413746955e-07 1.62170277206997e-13 5.55111512312578e-17 3.11677476672045e-07 3.27044273751298e-07 2.93190196887227e-07 8.41468228429676e-11 2.46151654959004e-07 2.46048997853965e-07 2.59222754372956e-11 3.43301437277788e-08 1.50669958731697e-09 5.80217920376214e-09 0.000557237863542137 3.65843355609741e-11 0 1.99840144432528e-16
0 0 0 0 0 0 0 0 0 0 0 0 0 0 7.7715611723761e-17 0 0 0 6.66133814775094e-17 5.6621374255883e-16 0 0 1.16129328375791e-14 0 0 0 0 0 1.49880108324396e-15 1.85621518156154e-12 4.63225013902502e-12 3.11517478479573e-13 2.79314701034927e-08 1.14692699781926e-12 2.82456280586985e-12 5.40422655403994e-08 1.97026839288128e-11 9.2904335702304e-08 3.31930372077238e-11 1.34160347231571e-07 2.8072211222252e-12 1.87410665974941e-07 2.04488906074829e-07 1.32240496331093e-10 2.33760378420822e-07 2.43882168526888e-07 8.97535046284759e-11 2.27359658566684e-07 1.16409420491959e-07 4.48144623632629e-09 3.25839355497237e-13 4.50237402915832e-11 6.9185455531029e-06 1.07771951252111e-08 5.9957028231139e-10
0 0 0 0 0 0 0 0 0 0 0 0 0 0 2.1094237467878e-16 0 0 0 0 5.732636587652e-13 0 2.05413464016146e-13 5.24535970214401e-13 1.50990331349021e-15 0 0 0 0 1.81399339993504e-13 8.8768992156929e-13 4.63595828392727e-13 3.5171865420125e-13 0 3.42745831716229e-12 3.46156791675156e-08 1.59650070941098e-13 5.03859887146518e-08 8.54314397003009e-12 2.4980018054066e-15 5.21305221212742e-13 1.64313007644523e-15 4.75008588018966e-11 1.54011710629121e-07 2.09642716264558e-07 1.4818146709672e-13 2.22993029908025e-07 8.89301965401046e-12 1.43089007309527e-10 2.55814477090333e-07 3.00093219052222e-08 4.45542951489353e-06 1.52708249412381e-07 1.01756850971357e-05 3.49246393127611e-07 1.88053969447211e-05
0 0 0 0 0 0 0 0 0 0 0 0 0 0 5.55111512312578e-17 1.11022302462516e-17 0 0 3.21964677141295e-16 0 0 2.79776202205539e-15 1.51256784874931e-13 0 0 0 0 2.22044604925031e-17 1.02239871457854e-08 1.18288712158687e-12 2.58604249125938e-13 6.01998451088548e-12 2.05982394918536e-08 1.23234755733392e-15 5.10702591327572e-16 6.99329483211386e-14 3.43404481850662e-08 1.14019571562096e-11 1.39881439764622e-11 6.2397394917646e-08 0 0 1.25477007506536e-07 1.07214237488051e-13 0 1.87765298120812e-07 1.57141465717547e-07 1.69842068131754e-07 1.99689654112323e-07 2.41448125593013e-07 4.82539762591827e-09 1.11316388662352e-07 4.45524697578747e-08 2.27431173005499e-08 2.93503325665689e-07
0 0 0 0 0 0 0 0 0 3.33066907387547e-17 1.11022302462516e-17 0 0 0 4.66293670342566e-16 6.66133814775094e-17 0 0 1.4432899320127e-16 0 1.9188317601504e-12 4.06419342624531e-13 4.42978986825437e-15 0 0 0 0 6.10622663543836e-16 5.72530911568947e-13 3.46834783115924e-12 1.07145673888809e-08 1.18283516314932e-08 4.01789712611844e-14 0 0 7.7715611723761e-17 2.61948948199198e-08 1.86050064243659e-12 2.02125316484114e-11 7.472689134147e-13 0 0 9.40187790843261e-08 6.98810787014281e-11 3.35696359599069e-11 1.35831546799192e-07 1.2773153490464e-07 1.93228766320885e-12 7.7715611723761e-17 2.26802929303993e-07 2.62676153428565e-07 2.12761728013433e-08 3.29415483557582e-08 1.0212812817656e-10 1.89759352675622e-10
0 0 0 0 0 0 0 0 0 0 0 0 0 1.66533453693773e-16 0 1.33226762955019e-16 0 0 1.55431223447522e-16 0 3.62394558806045e-12 3.71203068283421e-13 5.1547655033346e-14 0 0 0 0 2.09054995536917e-14 1.11022302462516e-17 7.85038700712448e-14 8.69695668814785e-09 1.67349467616873e-12 2.50581777549996e-12 6.38044062029053e-12 7.58623164287542e-12 2.19658735645112e-12 5.13025177895088e-12 2.25448144708373e-08 3.34944294522188e-12 2.13015161065755e-12 1.41264777653305e-13 2.11723527598906e-11 6.54596786331396e-08 8.35457022008157e-08 2.50566234427652e-13 4.20907753095889e-13 1.24616887808848e-07 1.23396698037403e-07 1.11022302462516e-17 9.93253257419724e-12 1.47480638812425e-10 2.63959137547509e-07 1.29754842403962e-07 7.46341975998988e-09 2.92225132980661e-12
0 0 0 0 0 0 0 0 0 0 0 0 0 1.55431223447522e-16 1.11022302462516e-17 2.22044604925031e-17 0 0 2.88657986402541e-16 0 0 3.00713255407814e-09 3.98348021235506e-14 0 0 0 4.44089209850063e-17 3.15802939354626e-13 5.69544411632705e-15 2.44595455001217e-12 2.55712118146789e-12 4.6385117968839e-14 1.80411241501588e-14 3.48971962438327e-12 6.00371974357472e-12 1.32752478454456e-08 1.5124542107614e-08 3.04803959849664e-12 1.19126930542279e-14 6.7585936847081e-12 3.23454574457926e-08 7.66053886991358e-16 1.93219329425176e-11 5.47001620332388e-08 4.94049245958195e-15 2.56417109767426e-13 9.64289847305011e-08 3.76134567936504e-11 2.05212203296945e-07 1.92993820924414e-10 3.4106652260224e-07 7.23769488786274e-11 1.14751708135685e-10 1.87534051288019e-08 1.46632212483233e-08
0 0 0 0 0 0 0 0 0 0 0 0 1.11022302462516e-16 9.99200722162641e-17 1.11022302462516e-17 3.33066907387547e-17 0 0 7.7715611723761e-17 0 0 2.15500075562147e-09 2.28705943072782e-14 1.22124532708767e-16 0 0 2.01882954797838e-13 1.00319752505129e-13 1.51526569069915e-12 2.34257058195908e-15 6.78329793446508e-09 6.69507421724447e-09 6.98580820968075e-09 8.15501783879569e-09 1.06801329780026e-08 3.3673064336881e-14 4.74487116264299e-13 1.28529098697427e-08 1.22073462449634e-12 3.59084983969638e-12 8.64364135821916e-12 1.26810006939593e-11 6.66133814775094e-17 3.61321679354099e-08 1.74113390372099e-11 1.80165660168541e-11 2.41712871940081e-11 1.11527233603859e-07 1.93693202965584e-07 0 0 2.26441044137715e-07 2.25453300306544e-07 2.27509466721454e-07 2.08700173032206e-08
0 0 0 0 0 0 0 0 0 0 0 0 1.11022302462516e-17 3.33066907387547e-17 0 9.99200722162641e-17 0 0 0 0 0 1.37353373119709e-09 5.60174129304869e-13 1.45439216225896e-14 0 1.70530256582424e-14 6.21724893790088e-14 1.5028200905931e-12 2.92121882239371e-13 6.32105479070333e-13 1.65367719517917e-13 6.96584817605483e-09 7.06825484808604e-09 0 7.95901851091685e-09 1.11022302462516e-17 2.56799026487897e-12 1.43319800471886e-12 1.36112521809117e-08 6.04268857173906e-12 2.55645504765312e-12 8.84904372000506e-12 1.80258988735638e-08 2.0637935804757e-13 3.00407276832004e-08 4.85613771417093e-12 7.99171839815926e-12 4.83377782245498e-12 1.52450846468977e-07 9.14870290635861e-11 2.16426572319239e-07 1.89626655711095e-07 7.5165429436197e-13 1.33649857847473e-10 4.89076223963991e-11
0 0 0 0 8.88178419700125e-17 6.66133814775094e-17 0 0 0 0 0 0 0 0 0 1.11022302462516e-17 0 0 2.22044604925031e-17 0 0 1.37125960586459e-09 5.95301585804009e-14 2.77555756156289e-16 5.32907051820075e-16 3.27404769961959e-14 3.55229565762727e-09 2.27229346450031e-13 6.02806136118517e-09 6.74517596221946e-09 7.21622296362412e-09 1.95288230031565e-14 6.04953076521753e-09 1.53432822003197e-14 5.72505833851267e-09 7.95084026394832e-09 1.05788617199565e-08 4.02150535094847e-12 3.55303564347764e-12 4.04423161626255e-12 1.24387167232953e-12 1.15640938491701e-08 1.27860511067723e-08 3.70370401014952e-13 2.34603260595989e-08 3.51834346434821e-08 4.91206511021858e-08 7.77786306360717e-08 6.36627639494236e-11 1.61088580508117e-07 7.57993667832579e-13 1.81030215906652e-07 1.66518533417648e-07 4.33735380944711e-11 2.39743684904425e-07
2.22044604925031e-17 0 0 0 0 0 0 0 0 0 0 0 0 0 2.22044604925031e-17 1.11022302462516e-17 0 0 1.11022302462516e-17 0 0 1.69004981120935e-09 1.33226762955019e-15 0 8.12794276328077e-14 2.44544910987798e-09 5.45952172359421e-13 3.6138201431335e-09 4.60653073464101e-09 1.70197189675037e-14 5.11774483902272e-09 4.18878379759846e-09 3.99129870265469e-09 4.31372807474517e-09 6.39030836024901e-09 2.49467113633273e-14 9.32624980576335e-09 1.39477318583658e-12 7.60035546720772e-09 5.9047211564689e-13 7.91462828608758e-09 2.35156338845854e-12 3.50852680242042e-13 1.37709344816273e-08 6.54312160008885e-12 2.48419539716771e-08 3.58547072032422e-08 5.23873117108664e-08 5.97791816048243e-12 1.03499992476497e-07 2.0526846888913e-11 4.79097872485568e-12 1.55879283347815e-07 0 1.02597152995543e-11
0 6.66133814775094e-17 1.15840670389389e-13 0 0 0 0 0 0 0 0 0 4.44089209850063e-17 1.36557432028894e-14 9.99200722162641e-16 2.22044604925031e-17 0 0 0 0 2.96627168383523e-09 2.69562150378988e-14 5.55111512312578e-17 0 0 9.93172211138926e-13 1.88737914186277e-16 2.85141715794524e-09 3.37900690761117e-09 3.66260423101394e-09 1.77153847147338e-12 1.20681242776755e-14 4.31312684456842e-09 6.12510042685699e-14 4.94144315466016e-09 5.96029678945342e-09 3.47972761716164e-12 6.46994201547457e-09 4.3921520309631e-09 6.00419413077091e-09 2.47778464412818e-12 1.02418074021671e-12 3.40614203508949e-12 1.02628569642604e-08 0 1.75712711603104e-08 2.17408313574197e-12 3.01274199254742e-08 1.69261493709882e-11 1.79365966523903e-11 7.05558944602558e-12 4.53255655230578e-11 8.88143558697152e-11 2.04328776121088e-12 2.65675246979846e-07
0 0 1.11022302462516e-17 0 0 0 0 0 0 0 0 0 7.7715611723761e-17 1.45550238528358e-14 1.99840144432528e-15 1.11022302462516e-17 0 0 1.11022302462516e-17 0 9.5847774161939e-13 1.80966353013901e-15 0 0 3.10007575166082e-13 1.00969232974535e-12 2.87960032485657e-09 2.02227123935472e-13 5.95345994724994e-13 2.03281835808866e-14 1.42438283390334e-12 6.92113033551323e-14 3.52031300776545e-09 2.43619856510335e-09 3.33066907387547e-15 1.84076087705876e-12 0 3.96748899289534e-09 0 5.51833425621595e-09 3.99680288865056e-15 6.19175174465525e-09 8.02186763682045e-09 8.09662666911848e-09 1.02559817860559e-08 1.29450138275367e-08 1.6356014154173e-08 2.7690072457176e-12 2.87760545392146e-08 7.78126452161132e-12 5.11205227704536e-08 7.22421859222777e-08 1.43725698009689e-11 1.76346007352279e-07 2.95475602085649e-07
0 0 0 0 0 0 0 0 0 0 0 0 0 0 1.11022302462516e-17 0 0 0 8.02136135291676e-14 0 2.5445201501384e-13 1.2756462552943e-14 4.44089209850063e-17 1.59167605762178e-09 1.99019826174762e-09 2.55017668093771e-09 3.91016715672876e-09 5.61667922172049e-09 6.59271000014172e-09 2.72550870761279e-12 4.81658873896507e-09 3.35356710179369e-09 2.4437517121001e-09 1.48662615551132e-09 2.21378471110256e-14 1.12865272683393e-13 1.96322653689407e-09 2.85008124878416e-09 0 3.3902195051283e-09 3.48674312755648e-09 4.06007545361575e-09 6.02732861398891e-09 7.45792316791949e-13 7.84661224884076e-13 1.0714140463719e-08 1.28884347305736e-08 4.37825331545128e-12 7.41499084355723e-12 2.36846444012784e-08 3.36242580223356e-08 4.66647154362398e-08 6.94787139265962e-08 1.1215444518653e-07 4.93265761569717e-11
0 0 0 0 0 0 0 0 0 0 0 0 0 0 0 0 0 0 2.08252702860179e-09 0 1.68438840653096e-09 2.91211499359179e-14 6.14408524057808e-13 1.69991417608983e-09 2.20269538164786e-09 8.79074590898199e-13 4.82810554869317e-09 1.88502546905056e-12 9.9333874459262e-13 0 0 2.15302518036253e-09 0 1.06765444263246e-09 1.17993512738224e-09 0 0 2.14381435936772e-09 2.72022376845982e-09 2.84176630005462e-09 3.04273102269548e-09 3.52007312187652e-13 4.44700546387011e-09 5.14807314555554e-09 7.52222892863585e-09 1.06070816463522e-08 1.23119970107943e-08 1.59182332426511e-08 7.49601491989438e-12 2.85370752917125e-08 2.31593633159832e-12 4.2468951011454e-08 5.29585884145867e-08 5.40234523782601e-14 1.58491540702688e-07
0 0 0 0 0 0 0 0 0 0 0 0 0 0 0 0 0 1.44428913273487e-13 2.40207853607899e-13 0 1.98551295405025e-09 1.85196302737722e-13 1.86817228353675e-13 1.6750147380229e-09 1.35802480372149e-13 2.53188751075939e-09 1.53410617542704e-13 0 0 0 0 0 0 2.79776202205539e-15 0 0 4.51871873252685e-13 4.27102797573298e-13 0 9.37683264368161e-13 0 5.58375568004976e-13 5.45851547295584e-09 6.88853789565513e-09 9.5627658458497e-09 5.55111512312578e-17 1.42632783028951e-08 1.38165034968551e-12 1.95468686237099e-08 1.20694898519957e-11 1.47017620300005e-11 1.61585189673019e-12 4.60114811695611e-08 7.186177118923e-08 1.33721975292822e-07
0 0 0 0 0 0 0 0 0 0 0 0 0 0 0 0 0 1.58023594210022e-12 6.61937171742011e-13 0 0 2.6013635689992e-13 1.94340025183593e-09 1.55023039960511e-09 1.38777878078145e-15 0 2.78665979180914e-15 0 0 0 0 0 0 0 0 0 2.85771406538515e-14 6.76458888904108e-14 6.62803145701218e-15 1.2134737659153e-14 1.66955338443131e-13 2.27284857601262e-13 1.84352533239007e-13 2.42794673255275e-13 4.31934488176466e-12 3.65426577886296e-12 9.5786257259256e-09 1.13729991091382e-08 7.70815633543975e-12 1.94717114876397e-08 9.9114716434201e-12 3.63621855181684e-08 1.73522196611486e-11 8.07050614448634e-08 1.18977053797931e-07
0 0 0 0 0 0 0 0 0 0 0 0 0 0 0 0 0 0 1.396505133755e-12 0 3.47233353181764e-13 3.48021611529248e-13 2.06888924880744e-09 0 0 0 0 0 0 0 0 0 0 1.86184401229639e-14 2.39808173319034e-15 1.24678045665405e-14 1.38777878078145e-15 4.44089209850063e-17 0 0 2.66453525910038e-16 4.55635529306164e-14 6.0063065632221e-15 5.55111512312578e-17 6.23945339839338e-14 3.15958370578073e-13 2.70601319130037e-12 9.85328384439654e-09 1.35533848255598e-08 3.35731442646647e-14 2.67538028064784e-08 3.86430590637588e-08 1.86948234670581e-12 7.13751290737363e-08 9.97633751498306e-08
0 0 0 0 0 0 0 0 0 0 0 0 0 0 0 0 0 0 0 0 3.95496201344159e-09 0 0 0 0 0 0 0 0 0 0 0 0 0 0 0 0 0 0 0 0 2.22044604925031e-17 0 0 0 4.10782519111308e-16 8.24895707296491e-15 3.42548212017846e-13 1.3017756406164e-08 5.55111512312578e-17 7.77178321698102e-13 3.72677922078068e-08 4.94163338915499e-08 6.60057904111611e-08 7.62141068921807e-08
0 0 0 0 0 0 0 0 0 0 0 0 0 0 0 0 0 0 0 7.21427121375129e-09 0 0 0 0 0 0 0 0 0 0 0 0 0 0 0 0 0 0 0 0 0 0 0 1.11022302462516e-17 0 0 1.11022302462516e-17 2.54241072639161e-15 1.08946185406467e-12 1.49313633235337e-08 7.05208114126776e-12 9.76134728603029e-12 3.66558699393948e-08 2.0038937176281e-11 1.11022302462516e-17
0 0 0 0 0 0 0 0 0 0 0 0 0 0 0 0 0 0 4.2965742075296e-12 0 0 0 0 0 0 0 0 0 0 0 0 0 0 0 0 0 0 0 0 0 0 1.11022302462516e-17 0 1.66533453693773e-16 1.11022302462516e-17 3.33066907387547e-17 2.1094237467878e-16 3.33066907387547e-17 6.12621064988161e-13 1.07083796385687e-08 1.26801236843832e-08 4.44089209850063e-15 2.07510991057092e-08 3.03393946743391e-08 2.5573831941017e-11
0 0 0 0 0 0 0 0 0 0 0 0 0 0 0 0 1.86773624233361e-08 8.66607896554683e-12 6.10955730451224e-14 0 0 0 0 0 0 0 0 0 0 0 0 0 0 0 0 0 0 1.22124532708767e-16 0 0 0 2.22044604925031e-17 5.55111512312578e-17 5.55111512312578e-17 0 0 1.50024437317597e-13 4.57411886145565e-15 4.19653201078063e-13 8.17591735424728e-09 9.33388107915434e-09 1.10174838141575e-08 1.60484958655616e-12 1.65903237370202e-08 5.11872766395527e-12
0 0 2.16691051768692e-09 4.51395240075314e-09 1.33543176517037e-12 0 0 0 0 0 0 0 0 0 4.76006870586687e-09 6.91543535769057e-09 0 1.04296571379336e-12 0 0 0 0 0 0 0 0 0 0 0 0 0 0 0 0 0 0 0 0 0 0 1.11022302462516e-17 0 1.11022302462516e-17 5.55111512312578e-17 0 0 1.77635683940025e-15 5.03652675121202e-13 8.442690990762e-13 7.33439947664394e-09 9.37691976288235e-09 1.03158070419163e-08 8.96373655301375e-09 5.13810105573498e-12 1.38979238450965e-08
0 0 2.16337575631442e-09 4.19830836762003e-13 2.21067608663361e-13 0 0 0 0 0 0 0 0 2.51998422129418e-13 3.30058202990813e-13 1.09912079437891e-15 0 0 0 0 0 0 0 0 0 0 0 0 0 0 0 0 0 0 0 0 0 0 0 0 3.10862446895044e-16 7.7715611723761e-17 7.99360577730113e-16 6.66133814775094e-17 0 1.82076576038526e-15 4.5262682490943e-13 2.52269316547427e-12 1.85685911091582e-12 7.0483211600525e-09 8.31068623918796e-09 1.75525149970213e-12 9.42797487857305e-09 1.11749963394026e-08 1.91846538655227e-14
0 0 1.99174010617753e-14 7.79598607891785e-14 2.82807111062766e-13 1.46482825869043e-13 2.51521026228829e-13 8.53872528239208e-14 1.68487446217114e-13 1.11022302462516e-17 0 2.61901611509074e-14 2.51465515077598e-13 1.71751501909512e-14 0 0 0 0 0 0 0 0 0 0 0 0 0 0 0 0 0 0 0 0 0 0 0 5.55111512312578e-17 0 0 4.44089209850063e-17 7.66053886991358e-16 7.99360577730113e-16 4.21884749357559e-16 0 0 2.05624406390825e-13 9.43689570931383e-16 3.11389802831741e-12 3.32667227098682e-12 1.02285056202689e-08 1.85904625027433e-12 1.1490109741441e-08 1.4104693291106e-08 1.57970552194797e-08
