Scripts_&_data/Maxent_result_files_1/Bombus_sichelii_2.asc
NCOLS 594 
NROWS 330 
XLLCORNER -15 
YLLCORNER 23 
CELLSIZE 0.166666666666667 
NODATA_value -9999 
[rows 220 to 239 of 330, columns 440 to 483 of 594]
5.67888052027676e-08 2.68264374603255e-08 2.65353046313699e-08 2.6123352292462e-08 2.54748001471405e-08 2.44064290999546e-08 5.00553480331511e-08 2.39574330151981e-08 4.16891526078267e-08 2.23823492628838e-08 2.43727914961411e-08 2.58544318620935e-08 5.1719561389163e-08 1.08318249436579e-07 7.54508652889285e-08 2.00982786680015e-07 8.48356511407022e-07 9.96466486069547e-07 2.96234681473884e-07 4.43211011003086e-08 1.03307763010818e-07 2.39448986305568e-08 2.20505127712656e-08 4.07365302046436e-08 2.15807484216235e-08 2.27191854107467e-08 4.48072643988162e-08 2.56600044545863e-09 5.91376037029079e-10 3.7603194003033e-09 6.21244167220425e-12 1.9114630767092e-09 2.65692545742269e-10 1.65610603009014e-10 3.15720555921217e-08 3.68110726789439e-08 3.22810122077577e-08 2.90426866556004e-08 3.20072730541909e-09 1.89433966291119e-09 2.38886568304508e-09 4.6464332381646e-10 6.97568824925554e-10 6.07787775663837e-09
2.84722720178543e-08 2.60555386821792e-08 2.37872451847032e-08 2.23276418021001e-08 2.25448569257658e-08 2.06451102102712e-08 3.58585245163745e-08 3.42581454759738e-08 3.39981497954334e-08 1.97449475103362e-08 2.59440685268508e-08 1.89399388839107e-08 3.61137185711513e-08 2.00813861317428e-08 3.50575836916001e-08 4.53329720762063e-08 2.59823967230233e-08 4.27902578592487e-08 2.45902334050641e-09 3.09347474303223e-09 3.64639294536673e-08 2.26836373462547e-08 2.1523275761659e-08 2.05049251467138e-08 3.92454085562655e-08 2.00439470021685e-08 2.60126152729079e-08 8.52790968508543e-08 8.81910053762702e-08 2.02281677186278e-08 2.14579656043767e-08 2.21848916681644e-08 4.03737089871292e-08 4.03594840214794e-08 5.10176235812843e-08 5.77684896141406e-08 2.91669671081962e-08 1.29200097842563e-08 8.35668434451264e-10 4.44131398324998e-12 2.4167723378099e-10 3.45002459933852e-10 2.96524794940467e-08 1.94368925621191e-08
2.4958631361649e-08 2.1248894077619e-08 1.868547438999e-08 1.90742592165449e-08 1.8990700234589e-08 1.81420313660752e-08 1.82206139620611e-08 1.86604715346483e-08 1.88198051920274e-08 3.00453050994243e-08 1.74751972226161e-08 1.84011108128601e-08 1.86948238667384e-08 1.91758103729178e-08 4.19535150952832e-08 5.54360648608032e-08 2.47343036718917e-08 2.46840830775419e-08 2.36654979279827e-08 3.78068460316072e-08 3.03906860787961e-09 1.17923365738903e-07 7.93537621057716e-08 1.02569316895451e-07 2.90920233447789e-07 1.8036850180092e-08 3.82171547963495e-08 1.40972063567002e-07 1.72024472111509e-08 1.71020607231398e-08 3.17825585405274e-08 3.21402603975507e-08 6.71691663400864e-09 3.36342055318184e-09 2.7510463607161e-08 4.88656699992873e-08 2.22858508203139e-08 3.6211977860745e-11 9.65992841273078e-12 2.22882561295989e-09 5.46524421274341e-09 1.81504257845688e-08 1.66868814766019e-08 1.84572653605386e-08
6.29154220166406e-08 4.55818657107976e-07 1.90527458365786e-08 1.88317195171095e-08 1.84190242169535e-08 1.81579874802829e-08 1.84146685677788e-08 1.77084445773801e-08 1.66325961337144e-08 1.6551567805223e-08 2.75918805248132e-08 1.81093429474366e-08 2.28989103012722e-08 1.82170549090088e-08 3.57963067409983e-08 4.3198896948482e-08 4.15892284721941e-08 2.27143202247149e-08 2.19790911804019e-08 2.08799797229986e-08 1.96479181813203e-08 8.97852125647525e-08 3.48181313780671e-08 1.66980506643988e-08 2.68705256767365e-07 1.62625427457819e-08 5.19855467118191e-08 1.75653630241079e-07 2.59810240443858e-07 1.48374834418874e-08 2.80838095445546e-08 1.52829095156903e-08 1.73737864872514e-08 1.85451892620314e-08 3.12869271379412e-08 3.37131445982131e-08 4.06756815785059e-08 6.78119227437435e-11 7.05996061611813e-10 2.04400386838444e-08 2.01959241663552e-08 2.15711435824772e-08 1.5361958860538e-08 1.70343584682264e-08
2.07562538601103e-08 1.92485899885853e-08 1.76989339295552e-08 1.76402848217627e-08 2.76566771706399e-08 2.79334697261824e-08 1.66530423006961e-08 1.60896657108722e-08 2.54238516905758e-08 1.73588153296045e-08 1.74350478054919e-08 3.09548927712733e-08 3.12230869492502e-08 1.76334020607349e-08 5.2014335438777e-08 4.10201724809767e-08 3.88822166130787e-08 3.81267486693204e-08 1.99768418140955e-08 1.89893296975718e-08 1.73277218351586e-08 1.57858898841567e-08 8.99696254386129e-08 1.59606424077197e-08 3.43862107843318e-07 2.45317418734459e-07 9.85431084954413e-08 3.42241798512166e-07 2.27210221381835e-07 7.90379814485931e-08 7.93497562656675e-08 2.0433743277426e-07 1.53398303637253e-07 1.52745957437972e-08 1.4608102449909e-08 2.86837147145391e-08 9.04634244180969e-09 7.00027813493875e-12 1.93905943635109e-08 1.13915165522727e-08 1.64008312708575e-08 3.47340645134864e-09 1.32763235072275e-08 4.73114369015093e-08
1.91612331224e-08 1.86408942060012e-08 1.69642533243142e-08 3.0208624901551e-08 2.56900024808715e-08 2.7453688888901e-08 1.49362407220188e-08 2.42996065602519e-08 1.66999964190673e-08 2.58136767961048e-08 4.00387645593803e-08 3.4618568800493e-08 2.86533924143129e-08 2.89330015279532e-08 2.86589047937547e-08 3.27026075552794e-08 3.30577143992095e-08 1.7642043137478e-08 1.8062751705461e-08 2.30974394277439e-08 2.89850508039535e-08 1.51802135417434e-08 1.59247383968442e-07 9.82811193428468e-08 8.30859496314673e-08 2.22152566031752e-07 2.23469401028353e-07 2.29106586202565e-07 2.00529785265857e-07 1.13766631004708e-07 7.26470001710666e-08 1.35812304746796e-07 4.41507964632493e-08 2.01775635966239e-07 5.24146692870708e-07 2.85105115294115e-08 2.33675888972051e-08 2.80860276147266e-08 1.598017649318e-08 2.21016730472812e-09 1.19734539949512e-08 1.12514043637546e-08 1.43754670944851e-08 1.93672047288373e-09
1.85731310886617e-08 1.7113659123158e-08 1.56430317588274e-08 1.38874747146467e-08 1.28351408501537e-08 1.28417522948787e-08 2.2355009277053e-08 2.39973085069956e-08 1.44558317316523e-08 1.48503571439917e-08 2.42771089897786e-08 2.58456337554058e-08 2.82909475401993e-08 2.27754145876169e-08 2.35548349492021e-08 2.92308827254395e-08 2.48528716384477e-08 2.22107379821423e-08 2.5766077238476e-08 2.89274114106952e-08 7.99616990065921e-08 3.95877374437248e-08 1.44438544569248e-08 2.24233740431234e-07 7.69560574598316e-08 2.16747371406534e-07 0.0632121560457594 4.4543255168783e-07 1.92772137419528e-07 1.75821271375387e-07 5.80702129826527e-08 3.20794608765773e-08 3.98056785200218e-08 2.66443340835032e-08 1.13758388931018e-08 3.0082544189014e-08 7.44945622521698e-08 1.52107099371523e-07 1.29722783892561e-07 1.12423367826242e-07 1.3133679157562e-07 1.03628129286548e-06 2.5854134726444e-07 1.19437698609115e-07
2.8811512507998e-07 2.4301239558433e-07 1.24235741472134e-08 1.84672891101467e-07 1.18326275222458e-08 1.28366319573914e-08 1.3257390796273e-08 1.38982911956909e-08 1.43379086492423e-08 3.44874950819474e-10 1.90724113613427e-08 8.48331520586498e-09 1.59755024542463e-08 1.13937393519947e-08 2.52756526930575e-08 2.25576538892547e-08 1.41710459367062e-08 2.82909399240694e-09 8.79422087374238e-09 5.55445699434998e-09 3.06750413070489e-08 2.83062431272185e-09 4.21271178274729e-08 8.51156677361686e-08 1.31529927949181e-08 2.03983864333068e-07 1.7278468701365e-07 1.9379174880374e-07 1.70464870041798e-07 1.6247142402559e-07 1.01341238289976e-08 1.63461341007309e-07 1.57403765121966e-07 9.34418739051424e-09 5.15640353415669e-08 7.11723629720495e-07 1.8761937136702e-05 5.70186482036661e-05 3.03047796478495e-05 7.8480459109187e-08 5.6221572553028e-08 1.10829770849641e-07 4.39253906847625e-07 1.95029236795818e-06
3.06896533097678e-07 2.46226254807524e-07 2.03403764309495e-07 1.87459810307988e-07 2.00866046773385e-07 1.94680778042855e-07 2.66871054588336e-08 2.10328984562302e-08 1.91545116212666e-08 1.27348543932371e-08 1.69087466250772e-10 3.98146049462866e-10 1.05820940454748e-08 1.84133020608712e-08 9.7547094624062e-09 7.35493954628907e-09 1.63153104359992e-08 2.90368956323839e-08 2.74151054302507e-08 2.26849464768364e-09 5.00084953891644e-08 6.89554313648699e-10 6.56425307443698e-08 1.32155628052022e-07 9.44853906337251e-08 1.04765790365224e-07 1.38291253415357e-07 1.75806309399285e-07 1.5430363826674e-07 1.85277340025714e-08 5.16146185680633e-08 1.47278758033664e-07 1.29449694186157e-07 1.86952062941614e-08 1.39472884919112e-07 1.93289407341979e-05 1.13548380824113e-05 8.94818002805664e-07 7.1561181791413e-08 5.81772197083552e-10 4.72787690886101e-08 4.87522900938231e-09 6.38309507472457e-09 3.05999744654173e-08
3.18986946734601e-07 2.45845836166492e-07 2.15724803376283e-07 2.00203207134653e-07 1.79430006630454e-07 1.87543665919332e-07 1.18588578512657e-08 1.21318228907263e-08 1.20309967877041e-08 1.2169209717694e-08 1.15642102338498e-08 7.21432247274834e-11 2.12869727289622e-08 1.41216543347866e-08 1.88139994694581e-09 1.52465061686868e-09 2.92705361837342e-08 2.38623766524171e-08 2.66622824707241e-08 2.60758204695399e-08 2.56862631942134e-08 1.79827989388315e-08 2.61999411055314e-10 4.02044626923725e-08 1.20231678724103e-08 1.18167774076916e-07 1.59066715554879e-07 2.67744847782803e-06 1.46614463070183e-07 9.18581317677081e-09 4.39079644531937e-08 4.01115892090242e-07 3.64707973377065e-08 3.71290702183558e-08 1.37502103429998e-06 6.91029378319108e-07 1.38257599662239e-06 5.05675941542272e-07 9.70062606908684e-09 6.06942784919795e-10 2.02260744153193e-08 2.48642303413149e-08 5.32551457377295e-09 6.05882134463442e-09
2.9535879677578e-07 3.40748932481372e-07 2.27637592631336e-07 2.42326009369798e-08 1.91972598451162e-07 1.18579741137381e-08 1.15353498308934e-08 1.18364383072667e-08 1.20692757010765e-08 1.18033393725625e-08 1.19569412593279e-08 2.64107008596248e-08 1.25496212310949e-09 1.70146870037691e-08 7.26246884852344e-10 2.36642557549516e-08 3.40291134826032e-08 2.54800823551449e-08 2.47168623790373e-08 2.45466396320282e-08 3.90326463151069e-08 2.78454901359027e-08 1.8249271005466e-08 3.03580680038884e-08 5.73262837644251e-08 3.27488234341811e-07 2.67055444447273e-07 1.05190773547204e-07 8.31399269429767e-09 1.30602728320994e-07 1.18575592755743e-07 7.16684153467817e-08 1.65391014150806e-07 1.40676781190674e-07 5.21505900574759e-08 3.31441871948002e-08 2.24035098583819e-08 2.96994584925159e-08 1.56561873987382e-07 1.2238595037406e-08 4.63414333573553e-09 4.36872971132374e-09 4.56225336398219e-09 4.91139992009337e-09
3.10476418152739e-07 2.47297230482335e-07 2.33271161997894e-07 2.15298204875314e-07 1.89152857976715e-07 1.85166428956496e-07 1.99319747051785e-07 1.93998657294081e-07 5.44226281484761e-08 1.18907858226436e-08 1.20950611082193e-08 1.23165800669511e-08 8.06307272949169e-08 6.9043695705151e-08 4.3930306137252e-08 1.27417403072982e-08 1.25165963260621e-08 1.25954498275682e-08 1.17564361912237e-08 1.18148414052222e-08 6.12146364042943e-08 2.42131221173114e-07 2.49419569076093e-07 1.73771326716921e-07 1.67721219990202e-07 1.62843975082261e-07 1.47591987931239e-07 1.59886887274308e-07 2.19505222598393e-07 1.52846156553643e-07 1.45383556415801e-08 7.45693630066491e-08 9.28398074284686e-07 2.94577502790716e-07 1.6744081920983e-08 2.28941074875699e-08 4.66036692015059e-08 2.18204743163142e-09 2.27670622243714e-08 4.02833325363616e-08 2.59087763909704e-08 5.17272257249957e-09 4.23503041524498e-09 4.29254239930899e-09
4.22226104269674e-06 2.66984721997154e-07 2.47759958871274e-07 2.32510392650376e-07 1.98681441021531e-07 1.92932979692362e-07 1.89916072057539e-07 4.2902526414812e-07 4.32406856820666e-07 1.22773730298897e-06 2.40312934107756e-08 1.236663832338e-07 9.69128825412113e-08 1.27792746051902e-08 1.40590202502011e-07 3.06875231892434e-08 2.3575441165935e-08 1.2171621921464e-08 1.21480331127799e-08 1.15622465157728e-08 1.28321927073127e-07 2.16556822252301e-08 1.15942988265783e-07 1.95439678107867e-08 1.63921010587487e-07 2.09058286582131e-07 1.22806960300981e-07 4.1677567297338e-08 3.57774427650615e-07 2.58184741095402e-06 4.51380487698216e-07 3.38230680418938e-07 6.21915965060005e-08 4.73408404255693e-08 1.09660104841147e-07 4.08093726256276e-08 6.21432876268813e-09 2.07690531439653e-10 2.96198749971666e-09 1.89785303361667e-08 2.48180114459373e-08 1.60550063021958e-08 3.81889393441526e-09 2.29008511931639e-08
2.54059641098259e-06 2.59465270113779e-07 2.48733709651283e-07 2.33294172735654e-07 2.31258223326591e-07 2.00909407754857e-07 1.91319195219641e-07 1.88372125420333e-07 1.92758743577937e-07 4.4440991416872e-07 1.57604038597547e-08 2.47658666241435e-08 2.41403689260622e-08 1.21034400946129e-08 1.23335159640803e-08 4.65243215408417e-07 1.2019352535475e-08 1.47441162168249e-08 1.25217333646344e-07 1.11667776470092e-08 2.19806955525925e-08 1.07293128159824e-08 4.63633038738642e-08 2.10839600400803e-07 2.72665393619143e-07 2.54976789737515e-07 0.0042914824179382 4.5331601916665e-08 4.81144183717142e-07 8.93241307475812e-08 6.47612606119452e-07 3.00799115729999e-06 2.28322420192661e-07 3.92069228305481e-08 4.82906575838271e-09 1.07523811720966e-07 3.37280869899814e-11 3.3321897463523e-09 8.2246927712859e-09 6.5140813743092e-09 1.21129773544837e-08 5.10013466792358e-08 2.51493417724458e-07 4.26373770512356e-07
2.82728031231194e-07 2.62354598912218e-07 2.51361922620763e-07 2.45256507169778e-07 2.3912123762182e-07 2.06754594211933e-07 1.98465254686031e-07 1.9704339602189e-07 1.85979267774972e-07 1.87188907141422e-07 1.90038672520654e-07 3.02799943674437e-08 1.45013266061866e-08 2.33809996919021e-08 2.77323501784998e-07 1.95152103221741e-07 6.76979639246955e-07 1.79408056499852e-07 1.06621285134167e-08 1.72263328357403e-07 5.76910744065628e-08 2.15286528604253e-08 2.58330441482713e-08 8.28453442258681e-07 4.51866572159787e-08 1.37398949306977e-07 2.79458522789433e-07 9.77856800976618e-08 8.94358932135297e-08 8.57987043412223e-08 1.02684586500423e-08 3.85996013818612e-08 1.53946703440599e-07 1.35963129299643e-07 9.42040312423842e-09 1.19376342144761e-10 2.5304985551422e-09 1.42643259426478e-09 7.24157067644171e-11 4.53970054881125e-09 1.64360657306517e-08 2.68284584936662e-07 2.81416613718832e-06 2.92390814637944e-07
8.91752394038825e-08 3.51249577035251e-07 2.36161060396256e-07 2.36936972852764e-07 2.35119029301512e-07 5.63359640437522e-07 3.5770255046863e-08 9.96445603473894e-08 2.72485474184236e-08 7.32514437995491e-09 8.41747199298304e-07 6.15729210884375e-07 3.58829044255771e-08 2.24136745274883e-08 2.93201101064788e-08 2.30706197590358e-08 2.28830165704963e-08 1.08057552572483e-08 2.23531795739973e-08 1.50895510919735e-07 8.98278083028003e-09 5.3621765550016e-08 5.32656087348649e-08 1.96533423424405e-08 2.28755518749679e-08 1.03685833507949e-07 9.2249437577685e-08 8.63076517809702e-08 7.70881548817215e-08 2.53992363918876e-08 7.40256074771573e-08 1.02060638884627e-07 5.35766889742106e-09 7.8459285391963e-07 5.75582077555481e-09 2.6775703876325e-11 2.59059662610639e-11 1.48658862997308e-11 6.01597381910679e-09 7.10916093771274e-09 3.28564304652446e-09 5.89342229129208e-08 1.20129796965518e-07 3.3683410721741e-07
1.15454624038946e-07 4.8916544437283e-08 6.75023359242299e-07 1.65591560441491e-06 2.29106246329991e-07 2.23194303006213e-07 4.74196187683074e-07 2.01477888528423e-07 4.60459504969535e-08 2.32536000455141e-09 3.12443308070343e-07 4.13061817128302e-07 1.90566362390232e-07 1.23202721746818e-07 3.31837261002832e-08 1.63599401448167e-07 9.93025967011008e-09 2.34544187516228e-08 5.09891121658335e-08 8.90115913199097e-09 8.22807787459468e-09 1.23484317271494e-07 2.18051572387079e-07 1.91034289942493e-08 1.3696389677964e-08 1.79919925069605e-07 7.60888585249475e-08 7.07312354797374e-08 9.33824384374837e-08 3.91516180586748e-09 2.20621816704458e-08 7.96026300431407e-09 3.8250522860217e-09 1.93538573833862e-08 2.71005288610127e-07 7.95095078665042e-10 6.15149042815233e-11 7.71117680820055e-10 4.35385715258363e-09 1.70319599535063e-09 3.42008346088107e-09 1.30326764491429e-08 1.01219478243486e-08 1.24650006039229e-07
1.13516632808675e-05 2.07012300276199e-06 6.57889253319333e-07 7.86269119446015e-07 2.1167514376863e-07 6.71230673898737e-07 3.75260454488213e-08 2.35264050463257e-08 1.14239410931027e-08 2.92902479159807e-08 1.58220799795217e-08 1.85533378338487e-07 1.82742866350338e-07 1.08224628925235e-08 2.08837546922247e-08 9.29457141252144e-09 1.73965489680405e-08 1.5227323235667e-08 3.37123665206107e-08 4.5234608603284e-08 7.40269584520448e-09 6.7791585900423e-09 6.70286644632867e-08 5.60641910674065e-09 5.26041605830585e-09 5.03448693844888e-09 4.28643912586679e-09 3.74413544612651e-09 3.57130469641476e-09 3.4869649501168e-09 5.49771549396283e-09 3.14526747979826e-09 3.24297503295767e-09 6.59970076366534e-09 2.25806116915805e-08 1.72769979100984e-08 4.50113200045621e-09 2.95154456431135e-11 2.12299577917463e-10 2.25517573504419e-09 1.52127629382548e-09 1.1801484123275e-09 1.34035977872315e-08 7.043295613407e-10
8.2544410133778e-07 8.32645637309781e-06 1.79675556272518e-05 2.13813574179156e-08 1.03137723028723e-07 1.84006502432776e-06 1.05299407682224e-07 3.09468303871796e-08 3.34741448893006e-08 9.54350739545973e-09 4.65757650225385e-09 2.63765798869109e-08 1.05584045284601e-08 1.02219974928985e-08 9.18571357866327e-09 4.34946113681001e-08 1.57301395797838e-08 1.41300837253056e-08 7.5274871003117e-09 2.44930941861732e-08 1.18353627343026e-08 6.19154502112806e-09 5.63494660932307e-09 1.10231534455885e-08 1.02475596230889e-08 3.37280557927144e-09 4.04966594702572e-09 6.14505668572463e-09 5.79304977321726e-09 3.05136124145733e-09 2.83096893705093e-09 2.7622288678586e-09 2.4819920563246e-09 2.91225957793628e-09 1.15396026068026e-11 1.00878061459753e-10 8.52516190974484e-10 5.01096872884688e-09 3.37416994344864e-10 2.92505542009991e-10 3.71789398156963e-09 2.28242803546053e-09 2.93655795235992e-09 2.37820866333394e-09
1.31346655773967e-10 7.08288298012505e-09 8.96285513590556e-05 1.11594500307177e-10 1.11712639139228e-10 9.05324490929615e-09 1.71872095633407e-07 3.99532964046045e-08 3.84664211594554e-10 4.92680229946529e-11 3.76505493449031e-12 1.22579911776555e-09 1.44808486868264e-08 2.31640699510649e-08 1.9514926330455e-08 1.56925820227194e-08 2.0535443023828e-08 1.8187661710023e-09 8.08426537934892e-09 8.08953928288503e-09 2.2780112129972e-09 3.82492701733739e-08 1.58725670829085e-08 9.57893812048027e-09 1.57124331212621e-08 1.42265971447841e-08 6.21587307181315e-09 4.55414217448435e-10 1.72115033336695e-09 2.69359496929411e-09 2.57084923349638e-09 2.5485792254365e-09 3.95901067484772e-09 4.39270353425059e-10 8.67248828306799e-11 7.08650759406737e-08 1.07981475316876e-08 5.77936830836734e-08 6.36299690714992e-10 1.15149110602175e-07 7.0848588884509e-09 2.63157617919063e-10 5.40188587194734e-09 7.79740479961433e-09
