Scripts_&_data/Maxent_result_files_1/Bombus_monticola_3.asc
NCOLS 594 
NROWS 330 
XLLCORNER -15 
YLLCORNER 23 
CELLSIZE 0.166666666666667 
NODATA_value -9999 
[rows 160 to 179 of 330, columns 360 to 404 of 594]
2.55736595233813e-09 7.01416602577609e-10 1.50331075365884e-09 3.75781994410573e-10 1.56862027700377e-08 3.0798585903824e-12 1.7439882871173e-11 5.10497200068016e-12 2.23316920511252e-12 3.48665096794321e-11 9.18855214138148e-11 1.9568746623122e-11 7.12591097240534e-12 3.25243165733013e-12 3.13630565962342e-11 2.48668241553673e-10 3.58347695961214e-10 4.97310226332814e-10 4.91662199841869e-10 4.41444081289433e-10 2.1935295801967e-10 1.81854531433601e-14 3.29736238313671e-15 3.88578058618805e-16 4.55191440096314e-16 1.33226762955019e-16 3.66373598126302e-16 3.43058914609173e-15 2.77555756156289e-16 6.43929354282591e-16 2.07611705604904e-15 4.44089209850063e-15 6.03961325396085e-15 3.2129854332652e-14 4.88498130835069e-16 1.00031094518727e-14 1.86517468137026e-14 2.14273043752655e-15 7.46374073656852e-10 9.21615006532761e-12 5.8780535994174e-12 8.62643290133747e-15 1.60693680584245e-13 2.93320923105966e-14 1.44739775720382e-13
5.12715792044816e-10 9.26723353611436e-10 6.25239771068209e-10 1.75795217827179e-08 2.84861262667135e-07 1.45553669117504e-10 1.33180935169008e-09 1.84737558583947e-10 8.59127213814759e-12 1.9493184844066e-12 8.77875550031604e-13 7.53708317979829e-11 5.79357672947367e-12 2.76822009759314e-11 2.51474840951005e-11 8.01237853842451e-11 4.00427135893722e-11 1.33937305690779e-13 2.74336109384876e-14 2.14531392650485e-11 2.00728322852228e-14 2.30926389122033e-15 5.36348743196413e-14 8.54871728961371e-16 1.0547118733939e-15 2.52020626589911e-15 3.45279360658424e-15 1.0547118733939e-15 8.65973959207622e-16 6.10622663543836e-16 2.03170813506404e-15 3.60822483003176e-15 7.48290318597356e-15 8.23785484271866e-15 9.5368157815301e-15 1.0724754417879e-14 0 1.38686839790125e-12 1.52545753806521e-11 4.37871960912162e-14 2.2948309919002e-14 8.26894108740817e-14 2.93431945408429e-14 4.46864767411626e-14 3.37063710276198e-14
9.03157315601533e-10 1.55458439454748e-09 3.87846505245371e-08 4.94395090200328e-08 1.49590318021531e-08 2.19613216501102e-13 0 6.69431121647079e-10 9.45062916812844e-12 2.39417374814366e-12 8.16502421230325e-13 2.26375251877187e-11 2.42250663973209e-14 2.72239786269779e-11 4.05852240703553e-11 2.05946371067967e-14 2.62012633811537e-15 1.03916875104915e-14 1.01918473660589e-13 2.35289565608809e-13 3.77475828372553e-14 3.8968828164343e-14 2.48800979818498e-14 9.25703957932455e-14 1.07580611086178e-14 6.86117829218347e-15 4.91828799908944e-15 3.75255382323303e-15 1.38777878078145e-15 1.11022302462516e-15 1.27675647831893e-15 1.95399252334028e-15 3.74145159298678e-15 5.26245713672324e-15 7.43849426498855e-16 8.65973959207622e-16 4.48530101948563e-15 1.40651147395587e-09 8.04467603643388e-14 1.43018930032213e-13 3.1952218648712e-14 3.28737037591509e-14 1.93400850889702e-14 2.73780997872564e-14 7.23976434358065e-14
1.91064750687531e-09 2.0300456649025e-09 1.69920856829542e-08 1.59806497035397e-07 4.65716354369761e-13 3.89488441498997e-12 1.5491719018712e-12 6.46149800331841e-15 5.59552404411079e-15 1.13511422483725e-12 1.0325074129014e-15 5.83977310952832e-15 3.1863400806742e-15 1.34336985979644e-15 4.49085213460876e-14 3.26649818305214e-13 2.3214763444912e-14 6.83120227051859e-14 3.2488456369606e-13 7.71493979812021e-14 6.49591491708179e-14 5.23581178413224e-14 2.61812793667104e-13 2.02937666671232e-13 1.56874513379535e-14 1.07358566481253e-14 7.40518757424979e-15 3.23074900165921e-15 3.34177130412172e-15 7.54951656745106e-16 3.63042929052426e-15 5.09592368302947e-15 5.91748872125208e-15 5.60440582830779e-14 1.96509475358653e-15 3.5527136788005e-16 1.11721742968029e-13 3.14870352013941e-13 1.33892896769794e-14 1.51767487466259e-14 2.22488694134881e-14 2.15494289079743e-14 1.92179605562615e-14 2.22599716437344e-14 2.50133247448048e-14
7.42767558570279e-10 2.60720935396641e-08 5.90732940342065e-10 4.04335713577453e-08 8.74905703440731e-12 6.1943783435936e-11 5.96189764223709e-14 1.49547041417009e-14 1.38777878078145e-14 2.2385426845517e-13 1.20758958388478e-13 5.12923037376822e-15 1.40554234917545e-14 2.35922392732846e-14 7.18536341537401e-14 1.46327394645596e-14 7.3085981711074e-14 1.10622622173651e-13 1.06836761659679e-13 2.0934365352332e-13 7.94142529514374e-14 1.37490019369579e-13 4.50750547997814e-14 2.57793786317961e-14 2.70783395706076e-14 2.46136444559397e-14 1.77635683940025e-14 1.3944401189292e-14 1.18793863634892e-15 4.21884749357559e-16 1.22346577313692e-14 1.08912878715728e-14 1.87183601951801e-14 1.94066984704477e-14 1.2347900479881e-13 3.38395977905748e-14 6.99201807563554e-12 1.57651669496772e-15 2.34257058195908e-14 0 8.84214923502213e-13 2.90545365544403e-14 2.71560551823313e-14 2.65454325187875e-14 2.49911202843123e-14
2.19007621482525e-08 2.61918310595632e-08 8.77284411782142e-10 2.9806490609019e-12 2.86004553373687e-13 1.42854617024568e-12 1.22712950911819e-13 6.92235158084031e-13 5.24469356832924e-14 7.84816656107523e-14 1.43518530393294e-13 9.27036225562006e-15 3.78141962187328e-14 9.31588139962969e-13 1.69908531688634e-13 1.97175609173428e-13 1.29252164526861e-13 1.32194255542117e-13 1.43141054564921e-13 1.50002232857105e-13 1.22490906306894e-13 1.20237153566904e-13 2.39719355477064e-13 6.22168982999938e-14 5.83200154835595e-14 5.12145881259585e-14 2.29549712571497e-13 2.96496160956394e-13 4.69402294811516e-14 1.17272858091155e-13 4.50195436485501e-14 2.21334062189271e-13 4.92383911421257e-14 5.00932628710871e-14 3.37474492795309e-13 6.53477272294367e-14 5.64935875857486e-12 5.91637849822746e-14 5.8431037786022e-14 1.08413278354647e-13 1.55864210427126e-13 5.77649039712469e-14 5.36348743196413e-14 4.84168261039031e-14 4.2632564145606e-14
3.0190314292966e-08 1.27399468752287e-10 1.36425315488964e-12 5.61704016632802e-12 6.57843717388751e-08 5.93636251267071e-14 7.48345829748587e-13 8.92861253616317e-06 0 9.97890658993583e-13 2.28193020035405e-12 1.03361763592602e-12 3.05285796642352e-12 2.560507361693e-13 3.07720515735355e-13 2.79321010765443e-13 2.32314167902814e-13 2.46380693624815e-13 1.93056681752068e-13 1.71085368094737e-13 1.7617018954752e-13 2.1156409957257e-13 1.91802129734242e-13 1.51367807177394e-13 1.30295774170008e-13 1.14075415780235e-13 9.2370555648813e-14 9.49795797566821e-14 9.62674384652473e-14 8.72413252750448e-14 1.57462931582586e-13 1.03173025678416e-13 1.32183153311871e-13 1.15152332114121e-13 1.67177383048056e-13 1.5798473640416e-13 1.83097981221181e-13 7.76601005725297e-14 1.34636746196293e-13 1.23379084726594e-13 1.13975495708019e-13 8.96394070082351e-14 1.03173025678416e-13 7.88480392088786e-14 6.7257310831792e-14
2.14041229185113e-11 4.22140100653223e-13 5.23248000483534e-11 1.31799349212258e-11 9.45989953038406e-12 1.57666102396092e-12 1.20474630271872e-11 8.69626592958639e-12 1.37025946145286e-11 2.72313283034009e-12 3.38643557640239e-12 2.8835045462472e-12 1.22630350318786e-11 1.12935216733945e-12 5.69988500842555e-13 3.20243831453126e-13 3.15381054605268e-13 3.33510996597397e-13 1.78117520732712e-12 5.77715653093946e-13 1.81243908770057e-13 1.71707092988527e-13 1.96542782049391e-13 1.8890444763997e-13 1.800781745942e-13 1.61948232602072e-13 1.54321000422897e-13 1.38766775847898e-13 1.28796973086764e-13 1.24911192500576e-13 1.45550238528358e-13 1.48148160405981e-13 1.72561964717488e-13 1.96009874997571e-13 2.62123656113999e-13 2.43405295918819e-13 2.44448905561967e-13 2.83739698403451e-13 3.92685883809918e-14 2.15683026993929e-13 1.44129153056838e-13 1.43163259025414e-13 1.12976294985856e-13 9.7666319476275e-14 1.02617914166103e-13
4.48975301381438e-12 2.2341239969137e-12 9.13435993510348e-13 6.63412658141738e-12 2.37398989355597e-13 2.42554865081956e-12 2.32311947456765e-12 2.62512234172618e-12 3.5427993871906e-12 4.42477166018307e-12 4.94172480713928e-12 6.11228845315281e-12 2.63092880814497e-12 1.4573786621952e-12 7.23032744787133e-13 2.21922480392323e-13 1.8597345885496e-13 1.81554771216952e-13 2.82429635234394e-13 3.03268521406608e-13 2.30659935596123e-13 1.78712600273911e-13 1.73394631985957e-13 1.9515500326861e-13 1.68398628375144e-13 1.68220992691204e-13 1.47060141841848e-13 1.45161660469739e-13 1.59350310724449e-13 2.56938914589e-13 1.6716628081781e-13 1.92279525634831e-13 2.13007389504583e-13 2.32569519198478e-13 1.18061116438639e-13 4.31354951757612e-13 3.0391245076089e-13 6.90159041027982e-13 5.39901456875214e-14 2.43549624912021e-13 1.93656202185366e-13 1.70607972194148e-13 1.5896173266583e-13 1.01363362148277e-13 8.22231172037391e-14
1.05699893282463e-11 8.61639315452578e-11 9.58844115217516e-13 1.89959159513364e-13 1.53955737047795e-12 1.86661797130228e-12 1.53584811535268e-11 1.96904492710814e-11 4.42466063788061e-12 4.77796691100707e-12 4.93314278315893e-12 3.54782869749215e-12 2.25537366560502e-12 1.35181865701384e-12 3.81938924931546e-13 2.74757994134234e-13 1.93256521896501e-13 1.41586742330446e-13 1.94222415927925e-13 1.8384183064768e-13 1.67743596790615e-13 1.49935619475627e-13 3.52029516648145e-13 1.81687997979907e-13 1.48825396451002e-13 1.87760917924606e-13 1.35014222024665e-13 8.32134361417047e-13 1.241007296926e-13 8.80651107593167e-13 1.81166193158333e-13 1.91624494050302e-13 1.24570354032016e-12 2.08766337550514e-13 2.68451927354363e-14 2.74125167010197e-13 2.4061863612701e-13 2.74513745068816e-13 1.0413891970984e-14 7.75157715793284e-14 2.1183055309848e-13 2.39430697490661e-13 2.23754348382954e-13 1.47670764505392e-13 1.43751677228465e-13
4.75367745167432e-11 3.79809517170315e-12 1.55103707655257e-12 7.63347163257322e-12 3.20918847052098e-12 2.59205990005285e-12 3.07849301606211e-12 3.10543812886976e-12 4.34062785714673e-12 4.20542489720788e-12 3.24466009615776e-12 3.14464010386928e-12 1.74877889946856e-12 1.476485600449e-12 6.11555250884521e-13 3.54183349315917e-13 2.80686585085732e-13 2.56472620918657e-13 1.98741023638149e-13 1.68887126505979e-13 1.44195766438315e-13 1.63713487211226e-13 1.57673873957265e-13 1.64734892393881e-13 1.86783921662936e-13 1.74982250911171e-13 1.2685408279367e-13 3.30735439035834e-14 2.12485584683009e-13 1.14497300529592e-13 1.49047441055927e-13 1.48914214292972e-13 2.38942199359826e-13 1.59994240078731e-13 1.42208467224236e-13 1.2964074258548e-13 1.38344891098541e-13 1.82442949636652e-13 1.66466840312296e-13 2.08144612656724e-13 1.23412391417332e-13 1.04782849064122e-13 8.1379347705024e-14 1.00597308261285e-13 5.66879876373605e-14
2.11947903672183e-11 3.25776072784834e-12 3.3902547436071e-12 3.83890697008837e-12 3.31105143303034e-12 2.34926522679757e-12 2.74479328155053e-12 1.89980253750832e-12 2.42997844068782e-12 3.3547054023586e-12 3.3486324824139e-12 2.17029727522799e-12 2.38712383193729e-12 2.22926122006584e-12 1.00875974240466e-12 7.25808302348696e-13 3.92852417263612e-13 2.49344989100564e-13 2.84694453506207e-06 7.7715611723761e-17 1.56374913018453e-13 1.35069733175897e-13 1.16417986362194e-13 1.27819976825094e-13 1.37445610448594e-13 9.2326146727828e-14 6.18949336228525e-14 5.46562795022965e-14 0 1.0458300891969e-13 6.49147402498329e-14 4.31876756579186e-15 9.34219368531331e-13 1.45483625146881e-13 1.64324109874769e-13 9.24704757210293e-14 9.49240686054509e-14 1.06525899212784e-13 1.31383792734141e-13 1.08391073894154e-13 1.68964842117703e-13 6.16173778666962e-14 5.22137888481211e-14 2.71782596428238e-14 2.32258656751583e-14
2.97935009996308e-12 3.1570301928241e-12 2.59738897057105e-12 3.92375021363023e-12 3.21818127702045e-12 2.17854623230096e-12 2.54400944754707e-12 1.19692034061813e-12 1.45076173296843e-12 4.4319427195838e-05 0.000177504841158482 1.56810120444106e-12 1.9601431588967e-12 2.0371482278847e-12 1.37293509894221e-12 5.81246162312254e-13 3.98991950589789e-13 3.56559226588615e-13 2.14017692456991e-13 1.99795735511543e-13 1.88049575911009e-13 1.19981802271241e-13 9.47797396122496e-14 7.76045894212984e-14 8.89954776539526e-14 7.51620987671231e-14 4.75064432237104e-14 6.44706510399828e-14 8.18345391451203e-14 7.52731210695856e-14 6.06736882957648e-14 9.56901224924422e-14 3.76365605347928e-15 1.15574216863479e-14 1.9204637879966e-13 8.02691246803988e-14 7.40296712820054e-14 7.5994766035592e-14 8.09463607254202e-14 8.22453216642316e-14 8.80628903132674e-14 1.17805765142975e-13 3.22075699443758e-14 2.47690756793872e-14 2.30926389122033e-14
3.43474138020383e-12 3.48877593481234e-12 4.29916102717698e-12 3.89173138160004e-12 2.91004997876598e-12 2.3496093959352e-12 1.77307057924736e-12 1.5500600802909e-12 1.97238891885831e-12 0 0 1.08606457160931e-12 1.68662861455005e-12 5.66435787163755e-14 1.07467368337666e-12 9.62241397672869e-13 5.8599791685765e-13 4.54880577649419e-13 0 4.88498130835069e-16 2.18536300167216e-13 1.92501570239756e-13 1.30107036255822e-13 1.25821575380769e-13 9.44355704746158e-14 6.13842310315249e-14 4.24771329221585e-14 4.94604357470507e-14 7.06767977476375e-14 7.91477994255274e-14 7.74158515071122e-14 7.47291117875193e-14 8.35775892937818e-14 7.56950058189432e-14 6.3904437297424e-14 6.80233647187833e-14 7.21644966006352e-14 6.96886992557211e-14 6.44373443492441e-14 6.51034781640192e-14 6.81343870212459e-14 5.69100322422855e-14 4.24882351524047e-14 3.3628655415896e-14 3.31290550548147e-14
1.62126978509036e-12 3.91572330116219e-12 4.18244328059814e-12 4.11231049213256e-12 3.95657950846839e-12 2.73392419813945e-12 1.93892679689611e-12 1.83281168020244e-12 1.77695635983355e-12 2.32076580175544e-12 1.8717360994458e-12 1.08886233363137e-12 1.3889445149573e-12 1.77757808472734e-12 2.12787565345707e-12 8.13649148057038e-13 5.22504262079337e-13 4.46498393813499e-13 2.73059352906557e-13 2.81630274656663e-13 1.53821400061815e-13 1.56996637912243e-13 2.42816877715768e-13 1.61126667563849e-13 1.25799370920276e-13 8.70636895911048e-14 7.05768776754212e-14 7.89701637415874e-14 8.90065798841988e-14 1.77535763867809e-13 1.71673786297788e-13 7.2908346027134e-14 6.80455691792758e-14 6.9244610045871e-14 7.27529148036865e-14 8.02136135291676e-14 7.70050689880009e-14 7.47513162480118e-14 6.11399819661074e-14 5.61439783552942e-14 6.58140208997793e-14 5.80979708786344e-14 4.12003764438396e-14 3.65374397404139e-14 3.19855253394508e-14
1.73634440159276e-12 3.04900549252807e-13 5.10919084817374e-12 3.55193652268326e-12 4.37258007579544e-12 3.9829139986125e-12 3.25824922597917e-12 2.84480217160876e-12 1.86578530403381e-12 1.54980472899524e-12 2.00208738476704e-12 1.55926382916505e-12 1.43800527041549e-12 3.77475828372553e-16 0 9.96458471291817e-13 8.69182503748789e-13 6.92312873695755e-13 6.00375305026546e-13 6.01940719491267e-13 4.77040629220937e-13 3.47222250951518e-13 4.32898161761841e-13 3.70659059001355e-13 2.683409050519e-13 2.13407069793448e-13 2.13595807707634e-13 2.22277751760203e-13 1.69642078162724e-13 2.22100116076263e-13 3.16713322234818e-13 1.40643052759515e-13 1.09934283898383e-13 1.11166631455717e-13 1.15041309811659e-13 1.11866071961231e-13 1.05759845325792e-13 9.41469124882133e-14 7.13540337926588e-14 5.71653835379493e-14 6.16506845574349e-14 6.52033982362354e-14 4.68847183299204e-14 3.95683485976406e-14 2.66231481305113e-14
1.94202465819693e-07 8.08027458387706e-08 9.4865272026734e-08 2.78014529064841e-08 2.25150098565052e-10 1.74050662771208e-11 2.59714472150563e-12 2.32898145213767e-12 1.93154381378235e-12 2.25364171768661e-12 2.51050291666388e-12 1.99006366941035e-12 1.55272461555001e-12 0 0 0 1.3356316053148e-12 1.50385259800601e-12 1.7751689007639e-12 1.59638968710851e-12 1.44380063460403e-12 1.40031319872946e-12 9.73154890004935e-13 8.74389449734281e-13 8.35487234951415e-13 7.62145901944677e-13 6.37900843258876e-13 5.80346881662308e-13 5.34028377074947e-13 3.78863607153335e-13 3.60000917964953e-13 3.13649106686853e-13 2.43749465056453e-13 1.91469062826854e-13 1.61382018859513e-13 1.37378997067117e-13 1.23023813358714e-13 1.06237241226381e-13 8.55759907381071e-14 8.07132138902489e-14 9.68780611287912e-14 0 5.44120304368789e-14 3.84581255730154e-14 3.33399974294935e-14
1.01450257083968e-09 1.54912650485173e-09 0 0 7.66198068546942e-08 3.39005101990253e-08 3.09086090055644e-13 1.41198164271827e-13 2.7718161099699e-12 3.96199739682856e-12 5.95051785623468e-12 2.95204971578755e-12 1.78391745819795e-12 1.96522798034948e-12 0 0 0 3.54509754885157e-12 3.35745875545967e-12 3.17230686164294e-12 2.3845814212109e-12 2.420563749439e-12 1.65910618576959e-12 1.42390543800275e-12 1.33565380977529e-12 1.34444677613033e-12 1.23935306461931e-12 1.27277077766053e-12 1.155842088707e-12 8.73401351242364e-13 7.39430738860847e-13 5.20161691497378e-13 3.3841818236624e-13 2.24908980328564e-13 1.63724589441472e-13 1.5611956172279e-13 1.62880819942757e-13 1.30584432156411e-13 1.3177237079276e-13 1.39954714484247e-13 1.37045930159729e-13 0 5.67360540659756e-08 5.18474152499948e-14 4.36872760189999e-14
1.80437886854179e-11 9.45293843201966e-12 5.68468605521844e-12 3.18659987286196e-11 1.40740286092012e-10 2.58153940857486e-07 0 3.56845775151271e-11 4.56487070366052e-12 5.56886758928954e-12 7.83674236615184e-12 0 3.55838691845634e-12 4.02833322254992e-12 3.49044126934928e-12 4.93697305259389e-12 4.34734470644571e-12 3.30280247595738e-12 3.16133785815964e-12 2.89873680614505e-12 1.95093941002256e-12 1.64483981990315e-12 1.85705895106025e-12 1.78088654934072e-12 1.51497703271275e-12 2.31091812352702e-12 2.60631516368903e-12 2.39116504374692e-12 1.98523419925323e-12 1.38070666011458e-12 1.01662012141901e-12 8.01203547950991e-13 5.08471043048075e-13 3.88999943368162e-13 2.52586840332469e-13 2.57449617180328e-13 2.00972571917646e-13 1.82232007261973e-13 2.11020090290504e-13 2.06545891501264e-13 1.62192481667489e-13 1.19659837594099e-13 9.20485909716717e-14 5.99409410995122e-14 3.94462240649318e-14
3.87043397331865e-11 1.81776815821877e-11 6.1794014349914e-12 4.32306412889716e-12 3.68246544368844e-12 4.56628068690179e-12 0 7.09432512735475e-14 3.52881057708032e-11 6.85752565843245e-12 8.84942119583343e-12 0.000167579656428307 7.11820602461444e-12 6.42722541854823e-12 5.41608979887087e-12 4.45776748847493e-12 3.97333277390999e-12 2.88887802568638e-12 3.01534353042143e-12 4.12138101424375e-12 3.16124904031767e-12 2.12138084876301e-12 1.96997973489488e-12 1.74805725450256e-12 2.11656248083614e-12 2.66140443017093e-12 2.98367996975912e-12 3.05124814303781e-12 2.92000867929687e-12 1.76861858491861e-12 1.42877931708085e-12 1.3097301021503e-12 8.64708304959549e-13 6.65401067578841e-13 5.56565904474837e-13 4.69013716752897e-13 3.66795482875659e-13 3.20932169728394e-13 3.91053855963719e-13 4.24560386846906e-13 2.58615351356184e-13 1.7116308370646e-13 1.24644738974666e-13 8.04911692853238e-14 4.9515946898282e-14
