Scripts_&_data/Maxent_result_files_1/Bombus_lucorum_3.asc
NCOLS 594 
NROWS 330 
XLLCORNER -15 
YLLCORNER 23 
CELLSIZE 0.166666666666667 
NODATA_value -9999 
[rows 180 to 199 of 330, columns 90 to 134 of 594]
0.0978494660063007 0.00316027412191033 0.00921308761462569 0.00235684541985393 0.0204984184354544 0.0011902776081115 0.00174014205113053 0.000339717585666222 0.00201984378509223 0.00143792104208842 0.000791546481195837 0.00728828851133585 0.00032900018923101 0.00248134498251602 0.00364761035889387 0.00108507224940695 8.30642782602808e-05 0.000883071948192082 0.00114664442371577 0.00133053180325078 0.00399818405276164 0.00218344558961689 0.000338131843818701 0.00687479833140969 0.00131905398447998 0.00359601699747145 0.00489439419470727 0.0097476527094841 0.00801525693386793 0.00467432048171759 0.00571683868765831 0.000573915999848396 0.00120036484440789 0.0100496433675289 0.00855532810091972 0.00713131558150053 0.00349974930286407 0.0029916163533926 0.000790520268492401 0.0119833506643772 0.0391693010926247 0.0318833813071251 0.0854717820882797 0.00144615531899035 0.00173133268253878
0.00428549642674625 0.00469926432706416 0.00269017049577087 0.000548702283413149 0.00042835354397539 0.0104876032099128 0.00016703949731891 0.000513178463734221 0.000146432084693515 0.0988436449348228 0.000677682855166495 0.000345449963060673 0.000581543490989134 0.010026658186689 0.00534715703688562 0.00997757473960519 0.00249427177477628 0.00396207473240793 0.000617926605627872 0.0395549967885017 0.00224122183863074 0.000366990984184667 0.00216332147829235 0.000117549867718481 0.000540293892845511 0.0133342739194632 0.00628471849486232 0.0385901913046837 0.0070539828389883 0.0165843412280083 0.00914697181433439 0.00174639262841083 0.00514990091323853 0.00876373425126076 0.00364968371577561 0.00249977987259626 0.00117849952657707 0.00139329468365759 0.00443224385380745 0.00121853445889428 0.00368428574874997 0.0145749308168888 0.106809160113335 0.00495327301323414 0.000904447236098349
0.000321291011641733 0.000318807794246823 0.000183004717473523 0.000445561704691499 0.000297824572771788 4.64349126559682e-05 0.00012330819372437 0.00948600666597486 0.0241638295352459 0.000253139744017972 0.000892125500831753 0.00106200690788683 0.000261751495418139 0.000645387338590808 0.000269256238971138 3.85828855542059e-05 0.00139456959441304 0.00153813878423534 0.0148593060672283 0.00183119082357734 0.000275447825697483 0.00339459599927068 0.00484045781195164 0.00406135816592723 0.000197708642735961 0.000384235863748472 0.000647630664752796 0.00174362456891686 0.00180853864294477 0.0194174829870462 0.0233719766139984 0.0039343080483377 0.000222150240006158 0.000366460904479027 0.000655304925749078 0.000536093427217565 0.00219263010658324 0.00188821980264038 0.0010384393914137 0.000682865688577294 0.00235782396048307 0.0191386230289936 0.0136609211564064 0.00746127367019653 0.00303749507293105
0.000605075841303915 7.64960637752665e-05 0.00152434210758656 0.000374969256517943 0.109504011645913 0.00245527717634104 0.00258058342151344 0.000207367914390488 0.000357895420165733 0.000674605608219281 0.00144735098583624 0.000106805272116617 0.000296956155580119 0.106245275773108 0.00232340832590126 0.00708459354937077 0.000842505239415914 0.000532949384796666 0.000309042644585134 0.00933704376220703 0.000799676227325108 0.0170827575027943 0.00526034645736217 0.0214697305113077 0.00638952748849988 0.00813236404210329 0.00104518185835332 0.0071900213137269 0.0109921008348465 0.0458479702472687 0.00140972221270204 8.32444173283875e-05 0.000460932022542693 0.00277019983623177 0.000364753147005104 0.000583328038919717 0.000627490482293069 0.00208049167413264 0.00677053984254599 0.00103428608272225 0.00172517565079033 0.0183797214180231 0.0255668520927429 0.00912150125950575 0.0151998344808817
0.0632395787399219 0.000279170636349591 0.000297771752229892 0.000783951708581299 0.000184724005521275 0.00312667146790773 9.91821861475728e-06 6.02236416852975e-05 0.000194848427054239 0.000380196142941713 0.000706848848494701 0.000462681471253745 0.000319913515704684 0.000142490763028036 0.00826649162918329 0.00168792836484499 0.105148922745138 0.000435743504203856 0.000772393262013793 0.00289255967363715 0.00285845494363457 0.0010146557004191 0.00234759193845093 0.0199121184647083 0.0445076942443848 0.016336009465158 0.0012970574432984 0.000259635707334382 0.00642847176641226 0.0237827330827713 0.000793151219841093 0.000466464401688427 0.00229287354741246 0.000220633512071799 2.51146784876255e-05 0.000268880976364017 0.00048325436655432 0.000881427765125409 0.0167013131082058 0.0214954771101475 0.0717819035053253 0.155054187774658 0.131011140346527 0.00621079714037478 0.0427112698554993
0.000141828287451062 5.63693334697746e-05 0.000449765534722246 0.00165426153689623 0.00014021411552676 0.000121378037147224 0.000858199331560172 0.000391948178003076 0.000215960084460676 6.81416419325842e-06 0.000273840031877626 0.00124205123865977 8.60119870651488e-06 5.54842773453856e-05 0.000193368544569239 0.000101093027114985 0.000151250189810526 6.04660718181549e-05 0.000431424926500767 0.00467413449659944 0.0040926213376224 0.000409957324154675 0.00229799696244299 0.00231578219681978 0.0155608251690865 0.00261321100406349 0.00248857550323009 0.00220396033255383 0.0179198507219553 0.000894980493467301 0.0015123397577554 2.55120125984831e-05 9.98313786112703e-05 0.00018026371835731 0.000139972506440245 0.000103297449095408 0.00179726127535105 0.0242223836481571 0.135468411445618 0.140180033445358 0.2 0.199999994039536 0.199999195337296 0.0952840223908424 0.00415162304416299
4.53808414022205e-05 2.14159784945878e-05 4.35797675891081e-05 0.000138504530332284 0.00108925497625023 0.000371435230772477 2.90086929226163e-05 0.000282686531136278 3.85545922881647e-05 2.4030651979956e-05 0.000113601984412526 0.000172771980578545 0.00064525225025136 0.000212128479870444 0.000199834299655777 3.55441956003233e-05 0.00021176363734412 0.000450322905089706 0.0132537368685007 0.001370820653392 0.00598283000290394 0.000620845747471321 0.00118505640421063 0.00258854143321514 0.0110686484724283 0.00919027207419276 0.00309791767504066 0.000272023465367965 6.68523012791411e-05 0.000390365242492408 1.35096452254402e-05 4.76261730852912e-06 3.93083841117914e-05 3.08992910504458e-05 0.000173767461092211 0.00633094981312752 0.00401981619652361 0.122114366292953 0.198810416460037 0.107475221157074 0.116598568856716 0.2 0.00512158423662186 0.00160331348888576 0.0169762726873159
3.30714883602923e-05 4.27677372499602e-05 4.02144656618475e-05 0.00389912566170096 0.000146635307464749 7.69615622630226e-05 0.000290560796565842 0.0633339378953679 0.000320818299951497 0.000279727645101957 0.0083385705947876 6.94663752653923e-06 0.000456050105640315 5.56268773834745e-05 0.000195396180242824 0.0110017644241452 0.000246939052522066 0.00012670056657953 0.001211249420885 0.000734655151609331 5.29913684658823e-05 2.49845134021598e-05 0.00031775250681676 9.3694341921946e-05 0.000164450642478187 0.000443390215514228 0.00207671844400466 0.000110639206104679 0.00230119694024324 0.000184450266533531 4.17856860508436e-06 8.35551165891957e-06 5.80591263315e-06 0.000412409045384265 0.000232736798352562 0.0644375219941139 0.052615475654602 0.0349243658594787 0.0494446434080601 0.109127697348595 0.0366425856947899 0.00119769449811429 0.0608668401837349 0.0680825471878052 0.0713925078511238
7.20236770575866e-05 2.75976991360949e-05 0.000120933801736101 4.29735864599934e-05 0.00126835645642132 0.000103282367490465 1.25839175780129e-05 2.63593179397503e-05 6.50735920771695e-05 0.000249348564830143 0.000244034559727879 0.000297886543557979 0.000255553930765018 0.0032473627012223 0.00019483620126266 4.24394947913243e-05 0.00380371576175094 3.22490961025323e-05 3.80988444703689e-05 0.000602831423748285 0.000435025803744793 2.02456206352508e-05 0.000246416390291415 1.38022267265114e-05 8.5824700363446e-06 6.55553900287487e-05 0.00024052785593085 1.45107480761908e-05 6.36960418887611e-05 6.02346339292126e-05 3.35927463197549e-06 6.69634172254519e-06 4.12874540415942e-05 0.000760061474284157 0.00275041875429451 0.0311203591525555 0.0745326116681099 0.199607849121094 0.136491698026657 0.199908632040024 0.0663354158401489 0.199145543575287 0.199843716621399 0.199899476766586 0.105860211700201
3.83379431241337e-06 1.54641648805409e-05 2.5846748121694e-05 5.07692831888562e-05 0.00010382817563368 0.00020080915564904 0.000122049143101322 0.000126735946105327 0.000100862546969438 0.000529654184356332 0.00196756981313229 0.109066149964929 0.000451306460308842 0.00181365272728726 7.42829150112811e-05 2.10645614060923e-05 2.65252354438417e-05 1.9792279374542e-06 0.00190758872777224 2.2205352979654e-05 4.09419281943713e-07 9.02213196241064e-07 1.20663950838207e-05 7.53117230487987e-05 2.36183215747587e-05 1.1761161567847e-05 0.000658516271505505 9.29701214772649e-05 0.000166606278799009 7.31723030185094e-06 6.78945316394675e-05 5.08022744156733e-06 0.000505462204455398 0.000158568347251276 0.0170185865834355 0.103510493040085 0.102521842718124 0.0655973471701145 0.19999937415123 0.2 0.2 0.104896283149719 0.297692668437958 0.2 0
1.11153768102668e-05 1.09937603156141e-05 1.69462524354458e-05 3.95421744542546e-05 7.69080379541265e-05 0.000691916630603373 0.000138834417884937 0.000150408849731321 6.18108511844184e-05 0.000197548189316876 0.00011348369444022 0.00684560099616647 0.00607302775606513 7.16603546607075e-05 8.2577501234482e-05 7.86822944064625e-05 0.000394878088263795 3.65502250133432e-05 6.48637003905605e-05 0.000365547742694616 6.59127058497688e-06 0.000271949940361083 7.6184611680219e-05 4.2104926706088e-06 4.9386422290354e-06 3.81978054065257e-05 0.00148862968198955 0.00285477535799146 1.21720444440143e-05 3.84925435355399e-05 5.09906600427712e-06 0.000133506502606906 0.000110400743142236 0.00043096604058519 0.0167124001309276 0.0165310550481081 0.10468470454216 0.0518475845456123 0.0113225092180073 0.2 0.285003954172134 0.199999934434891 0.2 0 0.0578852642327547
9.92233158285671e-06 8.30588764983986e-06 1.28524760839355e-05 0.000589254649821669 0.000267209170851856 0.000140493943763431 2.76500853033212e-05 0.000882939132861793 0.000419390748720616 0.00127982695121318 0.000115728756463795 0.00782454600557685 0.000121225138718728 0.000570006552152336 4.81426905025728e-05 0.00138535855803639 0.000179009513522033 0.0016460737446323 9.91081478787237e-05 2.11650000437658e-05 0.000266509495850187 0.00178796441759914 0.00121669387444854 0.000222920332453214 3.02395650919607e-07 6.12459757576289e-06 0.00154418405145407 0.000689174886792898 9.14753975678195e-07 9.72461733908858e-05 0.0977984143668436 5.09616040289984e-05 3.14111723128008e-05 0.0177948486059904 0.0300352238118649 0.000413299206411466 0.00480728354305029 0.0119321217760444 0.2 0.172733718156815 0.2 0 0 0.2 0
8.95564458915032e-05 6.6745065851137e-06 6.42310621969955e-06 2.83893150481163e-05 0.000900331081356853 0.000107791552727576 0.00285282516852021 0.00109765797387809 0.000400169158820063 0.000813815856236033 0.00133861745707691 0.00302034206688404 0.0106728482991457 0.000845385971479118 0.00803202446550131 0.00354269780218601 0.00689119733870029 0.0225678957998753 0.00246084311511368 7.50576164136874e-05 0.000142458585105487 0.00894584506750107 0.00978376753628254 0.0041272759437561 1.04374179613842e-05 0.000409008661517873 0.00208155084401369 4.39391791587695e-05 0.000227189669385552 3.38507441483671e-05 3.39656278924849e-06 1.32195619471531e-05 7.2064477353706e-05 0.00126340493443422 0.000687529903370887 0.000302183025632985 0.0142400529235601 0.122173339128494 0.0994452923536301 0.199982094764709 0 0 0 0 0
2.08579584068502e-05 3.28407986671664e-06 0.000185414648149163 0.000686671165749431 0.000274046629783697 0.0632414914014589 0.000219523737905547 7.25673121451109e-06 0.00202439608983696 0.000128347739155288 0.00236090621910989 0.020854969881475 0.0426087245345116 0.0130507227033377 0.0827536970376968 0.0309615731239319 0.0988135695457459 0.101110742986202 0.0236938647925854 0.00135005384217948 0.000222135286094272 0.00330788460560143 0.0348697870969772 0.00685788691043854 2.75983700703364e-05 1.72409593233169e-05 0.000147917997674085 0.000161147397011518 0.000120636440988164 4.4732465312336e-06 0.000114418237353675 5.9781236359413e-06 3.18614233037806e-05 2.09048279430135e-05 0.000139623798895627 0.00277331778779626 0.00333012854680419 0.131759595870972 0.199109768867493 0.2 0 0 0.2 0.018649794626981 0.0291600218042731
9.44877992878901e-06 5.37618150701746e-05 2.51501900493167e-05 1.64853381647845e-06 9.49904813751345e-05 5.75629419472534e-05 0.0632383507389932 5.40225999429822e-05 5.77305985643761e-05 0.000647998286876828 0.00626361174508929 0.0296319179236889 0.0499388322234154 0.0333336912095547 0.0300395488739014 0.039306565374136 0.197590869665146 0.162662100791931 0.00955679677426815 0.000884255324490368 0.0117122293449938 0.0384733416140079 0.0478711999952793 0.127557972073555 0.000156231868095347 3.27587425999809e-05 0.00139656942337751 1.32089578983141e-05 9.11952738533728e-06 9.51346655142515e-07 1.49446848496382e-07 8.74512141990635e-07 6.43057549041259e-06 1.33923933390179e-05 5.65713206015062e-05 0.000754886493086815 0.00481107104569674 0.00204886184073985 0.2 0.2 0.2 0 0 0 0
9.25688364077359e-05 0.000121932872571051 0.000136024469975382 3.57354663719889e-05 0.000153524012421258 5.80554860789562e-06 0.00145211637718603 0.00159157358575612 0.00199272506870329 0.00300740748643875 0.0050566365942359 0.00689247082918882 0.00187976183369756 0.00176871370058507 0.00608267243951559 0.00295998156070709 0.154825711250305 0.19979003071785 0.0480728805065155 0.00022692747952533 0.0037501216866076 0.180094423890114 0.0136423442512751 0.0398272916674614 0.0108745038509369 0.000503419560845941 0.0152887336909771 0.00262288791127503 4.48685656010639e-05 2.19145073288018e-07 1.47213460479634e-06 5.59970189897285e-06 3.93907043303443e-06 0.000245379173429683 0.0026917471550405 0.078224915266037 0.164969044923782 0.065206004679203 0.2 0.2 0 0 0 0.2 0.2
5.42503562428465e-07 6.80584944348084e-06 6.13419306318974e-06 8.19196316115267e-07 7.22690063412301e-05 2.9060993983876e-05 1.61800685418712e-05 0.000107317894435255 5.88589955441421e-06 0.00196472147945315 0.00214756643399596 0.000866852968465537 0.000726016404223628 0.00157350215595216 0.012542724236846 0.0888869106769562 0.0164396993815899 0.0901150852441788 0.0356527328491211 0.00572639591991901 0.00836277245543897 0.0125425070524216 0.0320229738950729 0.00537659469991922 0.00190914396662265 0.00594645794481039 0.0128145836293697 0.000195109547348693 5.96233177930117e-05 5.71941093312489e-06 5.40776486701589e-07 1.64716433118883e-05 1.0422908280816e-05 0.00348243806511164 0.103371453657746 0.188237506151199 0.2 0.199992752075195 0.183029240369797 0 0 0 0 0.2 0.137141489982605
6.82324425724801e-06 2.68571369815618e-05 2.22040365770226e-05 7.23206767361262e-06 2.40848376051872e-06 1.22813078633044e-05 0.000102547511050943 2.40146859141532e-05 4.09755812142976e-05 0.00123438099399209 0.000493429967900738 0.000467062642564997 0.0119980655610561 0.0038047912530601 0.00122638950124383 0.100668379664421 0.181002181768417 0.0185718640685081 0.00902453511953354 0.146603059768677 0.010025504603982 0.0180606558918953 0.0727460473775864 0.00640341769903898 0.024788972735405 0.0203983925282955 0.00309496792033315 0.000158328069665004 0.000104690468288027 2.18848520034953e-06 2.53193876886826e-07 1.16121488190402e-05 0.000142119523661677 0.104973828792572 8.6446272325702e-05 0.199999815225601 0 0 0.0711329691112041 0.184626877307892 0.2 0.2 0.2 0.030832739174366 0.000169727247703122
1.23267809613026e-05 8.50048854772467e-06 0.000433679413981736 9.16412636797759e-06 1.79797593773401e-06 9.53395025135251e-05 3.26028719427995e-05 0.000125340350496117 0.000126433241530322 6.5120036015287e-05 7.23183475201949e-05 0.00020151199423708 0.00691568478941917 0.00107898422284052 0.0332935579121113 0.0316639438271522 0.00436699255369604 0.0838253915309906 0.111922925710678 0.112351483106613 0.040634135901928 0.0539434432983398 0.0651791334152222 0.0239313237369061 0.0582030266523361 0.0112266954034567 0.00286986893042922 5.57510009457474e-05 2.53256746418629e-06 0.000107586931335391 1.37272937536181e-05 0.000388768606353551 0.0739185154438019 0.19404484629631 0.000169563200324774 0.097654002904892 0.199999821186066 0 0 0.2 0.190608602762222 0.0856053858995438 0.2 0.00590034648776054 3.09796704414111e-06
7.17955430218353e-08 1.61333353787541e-08 2.8707954697893e-06 9.81231132755056e-05 7.46747391531244e-05 0.000175085006048903 4.486323450692e-05 5.15099156473298e-05 6.17981031609816e-06 4.16168593801558e-05 2.8375422971294e-06 6.82193815009668e-05 0.000360548964818008 0.00571258394047618 0.00354709927923977 0.000880917315953411 0.00654789041727781 0.0454997986555099 0.0543911427259445 0.0614836633205414 0.0969953715801239 0.0917106837034225 0.0713344231247902 0.0357303500175476 0.0280477851629257 0.00239636953920126 0.000630575767718255 3.10958352201851e-05 3.30140628079789e-07 5.25450348050072e-06 4.25008738602628e-06 4.56635889349855e-06 0.00724592469632626 0.163692224025726 0.109791105985641 0.106385809183121 0.0972075253725052 0.199513310194015 0.177702683210373 0.13820503950119 0.2 0.2 0.2 0.00193341015838087 3.60739839067037e-07
