Scripts_&_data/Maxent_result_files_1/Bombus_jonellus_2.asc
NCOLS 594 
NROWS 330 
XLLCORNER -15 
YLLCORNER 23 
CELLSIZE 0.166666666666667 
NODATA_value -9999 
[rows 160 to 179 of 330, columns 460 to 505 of 594]
0.000168128677614732 0.000156374940706883 0.00013475453342835 0.000157426996156573 0.000116825985969626 0.000112224476833944 0.000101179536432028 9.9418182799127e-05 0.000100863849365851 9.96354636299657e-05 0.000101809234911343 9.85644775937544e-05 9.01245657587424e-05 9.24667248909827e-05 8.32801799333538e-05 6.2480438464263e-05 6.5647793962853e-05 6.96950515703065e-05 8.05037523605279e-05 8.1294568553858e-05 4.83973159134621e-05 8.99135146028129e-05 9.71258545177989e-05 6.27549285127316e-05 0.000176445915712975 0.000261602340469835 0.000134936859103618 0.000188978366350057 7.88420478784246e-05 0.000133664905661135 7.83407729613828e-05 0.000195697055460187 0.000252028605609667 0.000244082302378956 0.000191123595868703 0.000132234908232931 0.000138659981166711 0.000136858721452882 0.000135969177063089 8.43459121824708e-05 9.08301506569842e-05 0.000155790058488492 0.000167575256637065 0.000176295333221788 0.000225037195923505 0.000290185780613683
0.000147278495205683 0.000137585215270519 0.000120177149074152 0.000106322098145029 0.000100812817981932 9.8792609423981e-05 0.000101172466384014 0.000106941922422266 0.000110159788891906 0.000107340883187135 0.000102447009339812 9.85485021374188e-05 9.05624474398792e-05 7.50052011426305e-05 6.8352831476659e-05 6.36337448668201e-05 5.60627706363448e-05 5.43901191122131e-05 6.78900820275885e-05 3.63518372978433e-05 6.48665847620578e-05 7.53330543375341e-05 8.3773500409734e-05 9.7910659678746e-05 0.000111008062958717 0.000229512796795461 0.000224275368236704 0.000313362521410454 0.000106255324135418 0.000172593371826224 0.000206488892581547 7.18642721039942e-05 0.000159918756980915 0.000196569537365576 0.000118082819244592 0.000121151034909417 7.70291269873269e-05 0.000126370110228891 0.000128488585687592 0.000139549372397596 0.00015668624691898 0.000101651238583145 0.000100953841683804 0.000167712293477962 0.000158374133752659 0.000100939070034656
0.000129749919869937 0.00011255741083005 9.66756790148793e-05 9.78734762611566e-05 9.78218296950217e-05 9.88188254268607e-05 0.000104385380836902 9.54271352384239e-05 8.16700372524792e-05 8.32217428978765e-05 9.82208068307955e-05 9.32116137846606e-05 7.8478513751179e-05 6.75732982927002e-05 6.06587775109801e-05 5.71752090763766e-05 5.14783419930609e-05 5.04582425492117e-05 2.85191670627682e-05 5.81837017307407e-05 6.26405044386047e-05 7.51805840991437e-05 9.00932733202353e-05 9.84515732852742e-05 6.65808493067743e-05 7.24495865142671e-05 0.000130771148906206 0.000155980532872491 0.000168542167375563 0.000149579967546742 0.000152120123675559 0.000255246945016552 0.000212992030719761 7.56077319238102e-05 0.000133050756994635 0.00012517282339104 0.000125726802798454 0.000126981219364097 0.000136101799216704 0.000141085753784864 0.000151823713167687 0.000165683269005967 0.000161019049119204 0.000151233488577418 0.000150676269913674 0.000143905324875959
0.000113963431795128 9.61528188781813e-05 8.34160637168679e-05 8.37780342408223e-05 7.32081296519027e-05 6.9495833304245e-05 8.25207907837466e-05 8.68209845066303e-05 6.8449552054517e-05 6.87751484292676e-05 7.75332564444398e-05 6.66003226797329e-05 6.47371027298505e-05 6.53161252557766e-05 5.92947748373263e-05 4.96002870931989e-05 4.1062672426051e-05 4.75315526273334e-05 4.53149627901439e-05 4.65189548776834e-05 4.9597685210756e-05 3.5769503483607e-05 6.77548721796484e-05 8.01201322246925e-05 5.57618386665126e-05 5.64301100894227e-05 0.000104612176073715 7.77463763370179e-05 0.000213754502328811 0.000171996950666653 0.000172143357485766 0.000203683129075216 8.47997951495927e-05 8.10659756098175e-05 0.000113051388325403 0.000140288404145394 0.000123452295883908 0.000124154215154704 0.000126784301028238 0.000133918880237616 0.000138916655487265 0.000146962509461446 0.000140060512057971 0.000136370494874427 0.000127143463032553 1.50860982188639e-05
9.35185515118064e-05 8.34875218060915e-05 7.4366443004692e-05 6.31495218840428e-05 5.81797723498312e-05 5.84299859838211e-05 6.3542520183546e-05 6.48464410915039e-05 5.58846793865086e-05 5.33530193933984e-05 6.69589981043828e-05 5.29771312358207e-05 4.79280589388509e-05 5.17889144248329e-05 4.21417170400673e-05 4.09815632337995e-05 3.55638256223756e-05 3.64900678505364e-05 2.49953417551296e-05 4.18990577600198e-05 4.15075392993458e-05 5.03660703543574e-05 7.2014368197415e-05 6.89175836669165e-05 5.87113967412733e-05 7.95166928583058e-05 9.56236366619123e-05 0.000102417074594996 0.000137879746034741 0.000153461126319598 0.000286767030775081 0.000275046193564776 8.82592539710458e-05 0.000112990253910539 0.000144379502307856 0.000132933539498481 0.000120001752293319 0.000113308579602744 0.000113600074109854 0.000118077689330676 0.000118836960609769 7.95681484305533e-05 2.2814977209018e-05 5.2282146573035e-05 1.63842227027255e-05 1.58111536452621e-05
7.75928932853276e-05 7.18725581464241e-05 6.48319859465119e-05 5.61315207960433e-05 5.05294274262269e-05 4.90943679324118e-05 4.95665712151094e-05 4.93889114295598e-05 4.34420907367894e-05 4.48559393589676e-05 4.81042039609747e-05 4.02614063204965e-05 3.98994430724997e-05 3.88941160053946e-05 3.06178820210334e-05 8.61486652866006e-05 3.01893775031203e-05 2.96122818326694e-05 2.50800957473984e-05 3.60635543984245e-05 4.51183032055269e-05 4.94381658427301e-05 4.87423661979847e-05 2.85549743239244e-05 4.85995087728952e-05 6.06641295235022e-05 7.87616383604473e-05 9.47701017139479e-05 7.06391649146099e-05 0.000127587552560726 0.000141809589695185 0.000112042287219083 0.000146432520341477 8.75828416610602e-05 0.000134511055512121 0.000134890683330013 0.00012568752754305 0.000113417851753184 0.000111801895764074 0.000113839645928238 0.000119372520930483 0.000122222012214479 1.66955924912338e-05 0.000191187760356115 2.07154236354423e-05 9.62194448220544e-05
6.95092736350489e-05 5.87698958042893e-05 5.29302978975466e-05 4.99620857226546e-05 4.58361611890723e-05 4.07078868192912e-05 4.16006143495906e-05 4.25280880335777e-05 3.7911753042863e-05 3.95907711208565e-05 3.81564575036464e-05 3.21150948366267e-05 3.00117677397793e-05 3.15570935526921e-05 4.48066922217549e-05 3.45994068993605e-05 2.54147790656134e-05 2.70061799710675e-05 2.85246439489129e-05 3.21961655572522e-05 3.20513577207748e-05 3.64162635378307e-05 3.73630111425882e-05 3.80925783247221e-05 6.28220630460419e-05 6.72431739076273e-05 7.45326569813187e-05 8.87896376298158e-05 0.000103798657801235 0.000129707732776296 0.000145796484139282 0.000363284807826858 0.000153442777082091 9.64671260589967e-05 0.000139908546407241 0.000130224349413766 0.000127178322873078 0.000129206483688904 0.000126813323731767 0.000119491652731085 0.000119404617362306 0.000108566058042925 4.12730817421547e-05 0.000162466770052561 1.6720365987255e-05 3.55182823887468e-05
5.11381622345652e-05 4.40071187767899e-05 4.13426222621638e-05 4.09033741561871e-05 3.85802924938616e-05 3.69507322830032e-05 3.28559434819908e-05 3.30933800796629e-05 3.45425322848314e-05 3.48438398759754e-05 3.33062537720252e-05 2.84758137240715e-05 2.60703833191656e-05 2.56315459409961e-05 3.59187960384588e-05 2.43112428051973e-05 2.34531389651238e-05 2.92387219815282e-05 2.03434162358462e-05 2.64587059973564e-05 0.000103281896736007 3.43116063959315e-05 3.14078315568622e-05 3.91372908779886e-05 5.47275878489018e-05 6.33949834082159e-05 7.64476195399766e-05 9.44039338719449e-05 0.000109534648800036 0.000129041507898364 0.000152751302448451 0.000164202038286021 0.000164457155551645 0.000141686910137651 0.000133332054610946 0.000136553117044969 0.00014635853949585 0.000142351484828396 0.000136678221679176 0.000130164583606529 0.000126220459787874 0.000113804964348674 0.000101300941423688 0.000107780412872671 0.000103688107992639 3.12198170867362e-05
4.14046483456332e-05 3.87248058359546e-05 3.69467861673911e-05 3.42698262102203e-05 3.44703121299972e-05 3.38729726536258e-05 3.04699670778064e-05 2.94192919682246e-05 2.89582593723026e-05 3.08268260596378e-05 2.9884211744502e-05 2.93695698928786e-05 2.64349469034642e-05 2.39616012095212e-05 2.33188567563047e-05 2.5549878455422e-05 2.32646794302127e-05 2.57443539339874e-05 1.836083129092e-05 3.03888522466877e-05 3.48646221027593e-05 3.29144729221298e-05 4.02080373532954e-05 3.3801871813921e-05 3.94165590478224e-05 3.79629139388271e-05 4.69605992293509e-05 6.96719574989402e-05 0.000103429014052381 0.000132318466785364 0.000152320872439304 0.000150567953824066 0.000148012990393909 0.000146101945574628 0.000146888820745517 0.000151833936251933 0.000158856841153465 0.000152486500883242 0.000148375102071441 0.000156409428018378 0.000148552078098874 0.000127142422934412 0.000125963813843555 0.00010936966027657 0.000104530359385535 0.00014098313768045
3.90968192732544e-05 3.54763331415597e-05 3.28191815242462e-05 3.04210471767874e-05 3.03392912428535e-05 2.99724790238542e-05 2.85614929453004e-05 2.81948796327924e-05 2.73733367066598e-05 2.74715146588278e-05 2.91193915472832e-05 2.76739136097603e-05 2.40199703512189e-05 2.61988266629487e-05 2.41176970575907e-05 1.56422857799043e-05 2.38736124629213e-05 2.59658165759902e-05 1.01034728080318e-05 2.91013586320332e-05 3.4308684644202e-05 3.603197656048e-05 4.56338116237021e-05 4.61058835753647e-05 4.79341293612379e-05 4.57421206192521e-05 4.03127728532127e-05 7.30436628145981e-05 0.000105263139266754 0.000141796320531284 0.000177820365570369 0.000162144840942346 0.00016534217793378 0.000182136413422995 0.00016122816123243 0.000180027257374604 0.000173538059607381 0.000165230476704892 0.000173837982219993 0.000160202328697778 0.000142911348302732 0.000145067924677278 0.000154549279250205 0.000127154541405616 0.000108011500924476 0.000101225619800971
3.63681020644435e-05 3.39284637448145e-05 4.29564966907492e-05 2.69251815552707e-05 2.82579716440523e-05 2.78881911981443e-05 2.81969313618902e-05 2.71802425686474e-05 2.81899108813377e-05 2.855242591977e-05 2.72377652891009e-05 1.65453040608554e-05 2.52440883741656e-05 2.57550796504802e-05 2.65368204054539e-05 2.71540329777054e-05 2.64735774635483e-05 2.68068457444315e-05 2.67638422428718e-05 3.12322335958015e-05 3.81214777917194e-05 4.40395934674598e-05 4.94268221700622e-05 5.06402009705198e-05 5.1080682897009e-05 5.23458646966901e-05 4.5492721892515e-05 5.90152643781039e-05 8.85872765138629e-05 0.000141235450428212 0.000187118001485942 0.000185214433804504 0.000179241399018792 0.000199328804592369 0.000190948613453656 0.000218336569378153 0.000210029168374604 0.00021956180644338 0.000194794381968677 0.000157921696518315 0.00015929466644593 0.000155890161477146 0.000139245952232159 0.000118089658644749 0.000104761257534847 9.52343689277768e-05
3.15416606099461e-05 3.07714823975402e-05 2.78469392014813e-05 2.69849248070386e-05 2.64926576164726e-05 2.58741281868424e-05 2.71180958407058e-05 2.68035599674477e-05 2.72332831627864e-05 2.48736556841322e-05 2.78297763998125e-05 2.52599209034088e-05 2.60802863522258e-05 2.69360872152902e-05 2.84265673144546e-05 2.77802456821519e-05 2.73049331099173e-05 2.59381849446072e-05 2.79701207091421e-05 3.5943493276136e-05 4.50721759079897e-05 4.79184876894578e-05 4.47307480499148e-05 4.43040202299017e-05 4.95140676321171e-05 5.39345706783934e-05 4.83199735754169e-05 5.5743765187799e-05 8.70283678523265e-05 0.000139161290644552 0.000166087776233326 0.000181835881448933 0.000202269443980185 0.000241203083714936 0.000212340416328516 0.000244095667585498 0.000242447071650531 0.000214582895569038 0.000195664120838046 0.00017365254680044 0.000166313675799756 0.000144411339715589 0.000132542295614257 0.000115177792395116 0.000114203168777749 9.42764669161988e-05
2.99936360534048e-05 9.05994876831961e-06 2.50650018642773e-05 2.52725048540015e-05 2.57863923707191e-05 2.57947213867737e-05 2.38654397890059e-05 2.48028005898959e-05 2.4563599981775e-05 2.49722575063061e-05 2.71936094122793e-05 2.57079747370881e-05 2.65409092662594e-05 2.66779859430244e-05 2.74571782028943e-05 2.65997804945073e-05 2.81898591310892e-05 3.04392643556639e-05 3.45094948897895e-05 3.73296919860877e-05 3.84210089578119e-05 3.87644235161133e-05 4.44101897301152e-05 4.38993422903877e-05 4.54252582130721e-05 5.73728351810132e-05 5.01639411595534e-05 6.18351748926216e-05 8.13627046227339e-05 0.000120639687156654 0.000147699154695147 0.000162477750563994 0.000225105070421705 0.000193931734975195 0.00020385421521496 0.000210433839674806 0.000204173124802765 0.000230828593339538 0.000187842649756931 0.000150305506031145 0.000127455216352246 0.000125927756744204 0.000124342458002502 0.00011968359540333 0.00010815869718499 9.03896836462081e-05
3.16971723805182e-05 3.43586772032722e-05 2.4191816100938e-05 1.15241234163621e-05 1.35489643116937e-05 2.39423808579886e-05 2.54669392234064e-05 2.57587420037453e-05 2.59686528352177e-05 2.46398872604914e-05 2.52127435487637e-05 2.50508643603098e-05 2.41935982103314e-05 2.42677409914904e-05 2.59161440226308e-05 2.76503250915994e-05 3.05680640849459e-05 3.32117550897237e-05 3.70076194485591e-05 3.63093125997693e-05 3.73668917745817e-05 3.51369320014783e-05 3.34661675879033e-05 3.61577371222666e-05 4.13382604165236e-05 5.61741884666844e-05 5.38608326678514e-05 5.55990392967942e-05 8.10176843515364e-05 0.000118497053699684 0.000175337383552687 0.000190771253255662 0.000188946385242161 0.000165563324844698 0.000184930327668553 0.00019495880624163 0.0001556588744279 0.000157981888696668 0.000170684985641856 0.000142997430157266 0.000119575489225099 0.000129484083299758 0.00011531576019479 0.000111322852535523 0.000107658324122895 0.000105301875737496
2.7335955428498e-05 1.9812162463495e-05 2.23974325308518e-05 3.14238734972605e-05 2.41402204210317e-05 2.55928930073424e-05 2.49994122896169e-05 2.5463492693234e-05 2.19046828533465e-05 2.42588398123189e-05 1.04989346867423e-05 2.46499219429097e-05 2.61592046172154e-05 2.50981886892987e-05 2.77960987659753e-05 3.24428381645703e-05 3.50303417690157e-05 3.6123609970673e-05 3.59336811925459e-05 3.37201128786546e-05 3.53620563146251e-05 3.60009187716059e-05 3.51749417859537e-05 3.41325984663854e-05 3.77832165213476e-05 4.54171629826305e-05 6.1872205697e-05 6.74406712278142e-05 6.80627523252042e-05 0.000107156115154794 0.00014630249934271 0.000175056242369465 0.000184411041846033 0.000178860886444454 0.000167118760873564 0.000178070387119078 0.000155007125431439 0.000134914951922838 0.000131277752007009 0.000131331084776321 0.000111296531758853 0.000103873899934115 9.81917606623028e-05 9.60188855970046e-05 9.83850475677173e-05 0.000105143307519029
2.16278313928342e-05 2.10487588901742e-05 2.04409465368371e-05 2.26903202474205e-05 2.48327539793536e-05 2.75898302788846e-05 2.51539434430015e-05 2.50118430813018e-05 2.52960813213576e-05 2.46561338371976e-05 2.45702314714435e-05 2.52454155088344e-05 2.96587394586822e-05 2.64157707988488e-05 2.9178528347984e-05 3.09468226078025e-05 3.36617475113599e-05 3.52529465999396e-05 3.24397351505468e-05 3.22721055454167e-05 3.46375009939948e-05 3.60170219209976e-05 3.61191243428038e-05 3.50513290868548e-05 3.87326434065471e-05 4.10451274547086e-05 5.01458398503019e-05 6.76648476655828e-05 7.82477687607752e-05 0.00010696218450903 0.000144461805030005 0.00020558265314321 0.000203971189330332 0.000171634124853881 0.000132184311951278 0.000145239419362042 0.00015028018024168 0.000136160704641952 0.000111914854642237 0.000114732359361369 0.000117356757618836 9.59551982305129e-05 1.70010150034705e-05 9.17555697014905e-05 8.75665224157274e-05 8.40936763779609e-05
2.17730600979849e-05 2.21132688238868e-05 2.3042390921546e-05 2.31252934554504e-05 2.5383306092408e-05 3.12903824578825e-05 2.32071248319699e-05 3.38701711370959e-05 2.43923948346492e-05 2.55587116043898e-05 2.55337281942047e-05 2.67737635567755e-05 2.68349464931816e-05 2.78422518022126e-05 2.76607419436914e-05 2.81471921425691e-05 3.03724061723187e-05 3.30847225086472e-05 3.04355103708076e-05 3.07860532302584e-05 3.27316720358795e-05 3.51878743458656e-05 3.65462831723562e-05 3.35065216859221e-05 3.87097451493901e-05 4.49200381808623e-05 5.42684605534305e-05 7.23024766557501e-05 8.36614146464854e-05 0.000108026132329542 0.000160673155187396 0.000249951941077597 0.000181085696385708 0.000141593674561591 0.000114200937241549 0.000103362922163797 0.000117947675607866 0.000123978934789193 9.85804206720786e-05 9.89565747659071e-05 9.62246132985456e-05 8.05300202046055e-05 8.81286203366471e-05 8.83329377757036e-05 7.75196955146384e-05 6.72819816827541e-05
2.3026944427329e-05 2.39276113461528e-05 2.52441756401822e-05 2.41785233811243e-05 2.89158488158137e-05 1.91070736184962e-05 4.16728469645022e-05 1.00642757266955e-05 9.84907264094392e-06 5.80931723613842e-06 3.62969124121371e-06 2.40369351558911e-05 2.75723795311933e-05 2.73037953320454e-05 2.73422804639267e-05 2.78038280612236e-05 2.81400958101585e-05 3.09109705540322e-05 3.13688246478705e-05 3.20481866765476e-05 3.20844871566806e-05 3.33180551933765e-05 3.62143978236418e-05 3.46696876476926e-05 3.83454082111712e-05 4.82601122712367e-05 7.08541356289061e-05 9.66965353654814e-05 0.000106960514494858 0.000139505198603729 0.000153798272367567 0.000153745726493071 0.000155529852054315 0.000133567499142373 0.0001184494667541 0.000109551778223249 9.33878769501462e-05 8.76198784681037e-05 8.85728131834185e-05 9.11424212972634e-05 8.94348426299985e-05 9.39681203817599e-05 9.02430065252702e-05 7.99339810328092e-05 6.7991826836078e-05 5.91903912209091e-05
2.4071190136965e-05 2.40594995830179e-05 2.48589275543054e-05 2.49029536917078e-05 2.40915720041812e-05 2.05204942176351e-05 3.07690917907166e-05 2.10164742156849e-05 3.25557073929117e-06 2.8826710166463e-06 2.78506445348103e-06 6.35124323358216e-06 2.70016516878968e-05 2.27589810037898e-05 2.67910202637722e-05 2.68709964075242e-05 2.73849085260736e-05 2.86003191376949e-05 2.97437426070246e-05 3.0806558788754e-05 3.16427725920221e-05 3.28677112520381e-05 3.35692624503281e-05 3.57140430423897e-05 4.37667182268342e-05 5.2429005063459e-05 7.66852353990544e-05 0.000113364869685029 0.000132895962815383 0.000148324723704718 0.000135052098994493 0.000123391351371538 0.000124582040734822 0.000108897506652283 8.11548212368507e-05 9.2563725047512e-05 7.61575898650335e-05 6.71136409437167e-05 8.49516201924416e-05 9.20296650292585e-05 8.19561606476782e-05 9.11471259314567e-05 8.04895420515095e-05 6.53404444165062e-05 5.90025077144674e-05 5.47369288142363e-05
2.46670277647354e-05 2.5739442980921e-05 2.57767487255478e-05 2.52310861014848e-05 2.416521615487e-05 2.29178403969854e-05 1.06949723414074e-05 6.00087364169832e-06 3.99093534440009e-06 4.26565022176861e-06 3.01089305282387e-06 2.37182256569213e-05 2.60909116150287e-05 2.59598185493815e-05 2.59882499449304e-05 2.54505776865699e-05 2.64714833065227e-05 2.62148142610386e-05 2.7755568135035e-05 2.89905855879624e-05 3.02926888707589e-05 3.18921591315302e-05 3.37886337547388e-05 3.96188907870965e-05 4.65385703137144e-05 5.8569427801558e-05 8.41004561152658e-05 0.000100826744892402 0.000120613026592764 0.000127697729112697 0.000117356863847817 9.7412782452011e-05 7.85182750405511e-05 8.29544709631591e-05 6.677852707071e-05 5.37163402441365e-05 5.84554728447984e-05 7.0923461134953e-05 7.25473008060362e-05 6.12204528806615e-05 5.87718283895811e-05 5.63853645871859e-05 5.52773556592001e-05 5.36853986886854e-05 4.8498874730285e-05 4.15619860177685e-05
