Scripts_&_data/Maxent_result_files_1/Bombus_monticola_3.asc
NCOLS 594 
NROWS 330 
XLLCORNER -15 
YLLCORNER 23 
CELLSIZE 0.166666666666667 
NODATA_value -9999 
[rows 60 to 79 of 330, columns 315 to 359 of 594]
0.0972702451981604 0.00245053760245355 0.028306967910612 0.00751345666249108 0.011655205587158 0.031221673451364 0.497585950605571 0.0285283017088659 0.0222865863936022 0.00515739296606625 0.0441400994430296 0.0542863267473876 0.13645896166563 0.163456340320408 0.412340575456619 0.0376389236189425 -9999 -9999 -9999 -9999 -9999 -9999 -9999 -9999 -9999 -9999 -9999 -9999 -9999 -9999 -9999 -9999 -9999 -9999 -9999 -9999 -9999 -9999 -9999 -9999 0.0194063360725067 0.233897664397955 0.010494931647554 0.0198346746154129 0.0152539801551029
0.000938345572444632 0.00399309432968948 0.000944727962792058 0.000997517545442861 0.00155546288533515 0.00163745506943087 0.00156722237843496 0.00127769646032903 0.00098357447059243 0.00146861892128527 0.00166175546028171 0.00171347873828154 0.00341193350614049 0.0118144594729529 0.0142766436911188 0.0340515069663525 0.007478633912433 0.00588412838551449 0.000145459702487316 -9999 -9999 -9999 -9999 -9999 -9999 -9999 -9999 -9999 -9999 -9999 -9999 -9999 -9999 -9999 -9999 -9999 -9999 -9999 -9999 -9999 0.208815621645772 0.0267104681048557 0.00578767384286039 0.0146295652724802 0.00191331943933619
0.00299129048248687 0.0135314310093236 0.0094460054553565 0.000618164406137112 0.01249793050265 0.00205430654959855 0.00080643605045907 0.00419120329488578 0.000883355426651633 0.000995194151494161 0.00115620230240552 0.00149947260110821 0.00182709677501407 0.00397478914183011 0.00593461315511377 0.014058122219285 0.035912800882943 0.16533850543201 0.113395363232121 0.850242602825165 0.0277468540476761 -9999 -9999 -9999 -9999 -9999 -9999 -9999 -9999 -9999 -9999 -9999 -9999 -9999 -9999 -9999 -9999 -9999 -9999 0.000593368109636216 0.0259399770759046 0.0188203678000718 0.204716176059909 0.200273567102833 6.72661695633181e-06
0.121179302502424 0.104780993517488 0.848200964927673 0.0797317405231297 0.000667946516951901 0.000287127038415491 0.000395980492817216 0.000473745865852493 0.000589126120814853 0.0118447494613065 0.000875921818146708 0.00104208605775966 0.00135764326907974 0.00234929071411898 0.00173654852087566 0.00554992466386466 0.00904784425511025 0.0153890243440401 0.0252736834343523 0.0712852569762617 0.120227543435612 -9999 -9999 -9999 -9999 -9999 -9999 -9999 -9999 -9999 -9999 -9999 -9999 -9999 -9999 -9999 -9999 -9999 0.050876674144456 0.0693919511511922 0.0108907182235271 0.00864550886908546 3.44972804923183e-06 2.7986369190991e-07 4.50446901434365e-07
0.0818724217358977 0.565014657378197 0.230273278239474 0.213223380841009 0.00255129258391662 0.0016246789865022 0.113428537501022 0.0017348347945088 0.000380671576954583 0.00181664175743208 0.00294009373471908 0.00253678158542243 0.00321070542504458 0.00539508717192803 0.00291575722512789 0.0042132645015954 0.00672459282068303 0.0118766019702889 0.0222434252966195 0.00385052879428258 0.503463887795806 0.0698137684911643 -9999 -9999 -9999 -9999 -9999 -9999 -9999 -9999 -9999 -9999 -9999 -9999 -9999 -9999 -9999 -9999 0.00460935835058081 0.565596608817577 0.0270273973583244 0.00304725663736463 0.00318534077669028 0.000796334437109181 1.07895914425171e-12
0.132611263263971 0.454947230219841 0.284610250673722 0.26288586046885 0.157265815207105 0.259238526243576 0.4387595012784 0.295891171041876 0.000963037451609594 0.354269004566595 0.256623520759763 0.55221302609425 0.0441769277841786 0.0073744353663642 0.00708533846009232 0.00817348099953961 0.00621434135537129 0.038418776076287 0.014138377411291 0.0244486046023667 0.00819522354286164 0.0979739194735885 0.00194706837123291 -9999 -9999 -9999 -9999 -9999 -9999 -9999 -9999 -9999 -9999 -9999 -9999 -9999 -9999 -9999 -9999 -9999 7.18147797363899e-06 0.000270057980799265 2.48690060402623e-05 1 1
0.342904450558126 0.77574009001255 0.380815042450558 0.243662189425868 0.0222652728087269 0.00287696741597756 0.00180177813396085 0.000933217907332562 0.00218068865037822 0.00590867850951327 0.000462395406245975 0.000410771488689932 0.000757847264048905 0.00112283837333962 0.00183045384828802 0.00337250277661951 0.00417522564093815 0.00601947606628528 0.00624511029454879 0.00490808234899305 0.00900987913191784 0.013877571595367 0.000140185592100384 -9999 -9999 -9999 -9999 -9999 -9999 -9999 -9999 -9999 -9999 -9999 -9999 -9999 -9999 -9999 -9999 -9999 -9999 -9999 0.000107431171426242 0.000163172798050937 4.73513317857943e-06
0.357498552650213 0.106812633620575 0.333943175553577 0.235386653989553 0.306730135157704 0.315202061086893 0.0159635147792869 0.00082437567627025 0.000778707612680663 0.00481525132910861 0.00470558897995943 0.00779344285856496 0.000738515087178371 0.114430185133824 0.0171862607065123 0.0118599308363628 0.00229585961351404 0.0176702997880057 0.00968691484304145 0.0395040596835315 0.000447696821356658 -9999 -9999 -9999 -9999 -9999 -9999 -9999 -9999 -9999 -9999 -9999 -9999 -9999 -9999 -9999 -9999 -9999 -9999 -9999 -9999 -9999 1.86048426306096e-06 9.13541116084105e-05 0.0076140028371591
0.000296538224529286 0.00355878735790611 0.0188521088392008 0.00148918358366359 0.061526714079082 0.47961355894804 0.126682184962556 0.334293947322294 0.238388583622873 0.0214849128969945 0.000996894308090646 0.00802812169331446 0.00420289079656868 0.546228448301554 0.0380288885000482 0.000673690182293285 0.000265826810300496 0.0346033822512254 8.89476092851282e-05 0.563851680707012 -9999 -9999 -9999 -9999 -9999 -9999 -9999 -9999 -9999 -9999 -9999 -9999 -9999 -9999 -9999 -9999 -9999 -9999 -9999 -9999 -9999 5.99325200542067e-06 1.29732073997246e-05 1.98436726317475e-07 2.66718096197938e-07
0.00210040565739291 0.0702166490722448 0.0120283523225226 8.66367797602852e-07 1.60737510590536e-07 0.000232510021035282 0.0531060254259501 8.04082448713661e-05 0.166561180958524 0.142653700150549 2.14339527353502e-05 0.00871271878204425 1.23186326795199e-05 0.145163494814187 0.00817248863168061 0.0148484932840802 0.000430185423101648 0.024439350967441 -9999 -9999 -9999 -9999 -9999 -9999 -9999 -9999 -9999 1.54012298944073e-06 4.92847676825114e-07 1.68012492807179e-10 2.17455415342238e-06 -9999 -9999 -9999 -9999 -9999 -9999 -9999 -9999 -9999 4.96028832452922e-09 6.74782970611076e-09 1.07996667164656e-10 0.000300397227331573 0.00500286351743853
0.000427422809156042 8.4402759100044e-06 0.000310705254395316 0.000240108925845561 2.23349849792775e-07 0.00139551727770595 0.0102904483675957 0.000665080103772198 0.194906653475482 0.00105565123994893 0.0711945369606838 2.06630064100821e-05 2.01095959363684e-05 0.00559400393594842 5.26378905069125e-05 -9999 -9999 -9999 -9999 -9999 -9999 -9999 -9999 -9999 -9999 -9999 2.79681242366658e-06 7.03480221598829e-06 3.69441186508501e-06 3.66345078717245e-09 3.10932098512851e-08 7.16287029689511e-12 2.26720164864247e-10 6.30354953790047e-09 4.45546175620315e-08 6.72630617313041e-05 0.215487521318069 -9999 -9999 -9999 2.99652030966158e-09 5.89394254513209e-09 6.09658667136692e-06 4.31319020499643e-08 4.94818216401072e-09
-9999 -9999 1 0.017449167924002 0.000133048648917722 0.0137714196599973 0.00292520412327804 0.252255771844648 -9999 -9999 -9999 -9999 -9999 -9999 -9999 -9999 -9999 -9999 -9999 -9999 -9999 -9999 -9999 0.0105737102509323 8.1902188888705e-07 0.0239200937678106 0.0156036584001413 0.00187325422891718 0.000222861862459922 0 1.03858843747418e-10 5.41526423702976e-10 8.25953749838959e-12 1.8170975835119e-11 1.40113925906071e-08 1.62239157308619e-07 8.72361849424408e-11 1.45310430355039e-12 1.15269682687824e-11 -9999 5.71566349805153e-11 2.54885001993443e-13 1.27610418328983e-06 2.12783516473358e-08 7.10193381880941e-10
-9999 -9999 -9999 -9999 -9999 -9999 -9999 -9999 -9999 -9999 -9999 -9999 -9999 -9999 -9999 -9999 -9999 -9999 -9999 4.21841751642171e-06 0.137811922110268 0.999995452165604 0.537069941870868 0.632176282070577 0.458161517092958 0.00695675842434866 0.00172576511895386 0.387442362681031 0.0614376440062188 0.000874018163676737 7.3415352721895e-05 1.29788213787396e-07 5.4293236573244e-11 3.20710125123469e-13 5.39284172873522e-12 2.50272858548506e-08 6.16415539600457e-07 6.46971365370064e-13 5.0043854271653e-08 1.80637949043216e-11 3.46256588734661e-08 9.41523525810339e-12 0.000460283295251429 5.3491949314477e-09 4.65581416642102e-08
-9999 -9999 -9999 -9999 -9999 -9999 -9999 -9999 -9999 -9999 -9999 -9999 -9999 -9999 -9999 -9999 -9999 0.0502705267835864 0.268766855946706 0.818713912367821 0.42751645736862 0.784806108474731 0.252884602278937 0.00119022969550713 3.18182258333799e-05 3.64333095159708e-07 2.5172830020459e-08 0.339612907916307 8.65234155014605e-05 4.86248245746168e-05 0.591863492876291 0.00139224474178832 0.000355693374162058 2.71952923797114e-06 3.03047868210893e-07 1.59800316112957e-07 9.60659451987311e-10 2.26818563930919e-14 1.27185484366521e-11 2.21216600593266e-11 5.72932005116211e-07 4.3764059043383e-11 1.16497922419967e-12 0.000904822236770997 1.36944566797581e-11
-9999 -9999 -9999 -9999 -9999 -9999 -9999 -9999 -9999 -9999 -9999 -9999 -9999 -9999 0.115727832839184 0.000648866266797654 2.76207746220392e-06 0.260786817618646 0.00195965842092392 0.000280616688574753 0.0803858544270042 0.00980388429743471 0.0230743430947769 0.000123500317529412 0.00269023372275115 0.573188600409776 1.36641063662069e-05 1.95955006812021e-06 0.000161205668328535 0.0104207680424679 0.181782867823495 0.00627962455691886 0.00365347409197057 0.00205238982873652 1.11020107984583e-07 3.2248426151682e-12 7.19766344081663e-08 5.99520433297585e-15 7.7715611723761e-17 1.765254609154e-14 2.88965962269572e-11 5.24368326537683e-12 1.50007561833254e-06 4.15607992465539e-11 1.32706268196614e-10
-9999 -9999 -9999 -9999 -9999 -9999 -9999 -9999 -9999 -9999 -9999 -9999 -9999 0.873727318644524 0.993699145317078 0.709022868238389 0.000436467671670471 0.823267356492579 0.383905478003726 0.000330637673687306 0.452947969851084 0.0240331500801403 0.314914370561019 0.114282153520435 0.00362089706924729 0.000773886550606018 5.82043227805307e-05 1.13749126423146e-05 2.47545216145451e-06 0.00191292341455664 0.000912931893162749 0.000150728963114943 0.00172369475643563 0.000685642413445464 0.000136872618281603 9.69446745102687e-14 5.24831078596577e-10 3.61889407329841e-11 1.23950878894163e-08 1.78350245683134e-10 1.47790668592052e-12 2.44249065417534e-16 3.25295346215171e-15 7.28350713075088e-13 1.43005607355917e-12
-9999 -9999 -9999 -9999 -9999 -9999 -9999 -9999 -9999 -9999 -9999 -9999 -9999 -9999 0.246098065206024 0.990381145477295 0.198122387523199 0.000106519487649437 0.00108062922238936 1.29684562882315e-05 0.00508961307459685 0.998482871055603 0.273643460730091 0.0889316255168524 0.434437018900644 7.40018507265905e-06 6.51458776801395e-07 1.11945591145801e-06 5.53763634854931e-05 1.77129270712006e-06 8.94773932724746e-10 1.18938078275566e-05 0.0063434243210736 0.000128427878451376 1.81077375316363e-14 1.6376012768049e-10 4.28915574313127e-07 3.45279360658424e-15 7.65748131570376e-11 4.52949899809596e-12 6.42867648004142e-11 8.17468984848357e-07 1.61452741176404e-09 8.71055447770885e-09 3.85287135529211e-11
-9999 -9999 -9999 -9999 -9999 -9999 -9999 -9999 -9999 -9999 -9999 -9999 -9999 -9999 -9999 -9999 1.33514564347736e-06 0.000118383811754719 0.0200507703456765 0.539476398521219 0.0398665257913308 0.0555120233620983 0.0124797401551405 0.999999994039536 0.477722702990286 4.60928514661729e-06 1.44967579651656e-07 2.54411978412028e-06 9.77572030780749e-05 2.19897077157194e-06 1.45654904989412e-06 8.76460405290214e-06 1.19479543970846e-05 2.80196263968691e-09 1.40019440486583e-11 4.55602955362622e-10 1.23796758100259e-07 9.86988268891764e-14 1.11022302462516e-17 1.26624155605271e-11 3.08343646615583e-08 2.56208387838797e-12 4.19142249796778e-09 6.42352280921799e-06 2.31101794849753e-06
3.18438638242657e-06 0.148980818236754 -9999 -9999 -9999 -9999 -9999 -9999 -9999 -9999 -9999 -9999 -9999 -9999 -9999 -9999 -9999 3.85331359394891e-06 0.000546348940363473 1.86030967929129e-05 1.44182169703466e-07 0.0115299239419983 8.38844493727953e-06 1.31587230445263e-07 2.55528782577841e-09 0.00523554763160519 8.04984864577474e-07 0.00279225383774246 0.00011694741987256 5.27031883688522e-05 0.00194206818342764 4.6314986480378e-05 7.17216630360395e-06 9.56924622049771e-06 4.75441394032217e-09 3.33756612844738e-06 6.9103349013e-07 8.89399665027213e-14 3.40676606702672e-08 1.59872115546023e-15 2.81438369046705e-05 2.13567497020506e-11 2.91203268909523e-07 2.79393286284346e-11 3.01736413632625e-13
0.130505877437827 0.00414206405896103 0.00010160480660828 2.12911219765743e-09 3.11046743917132e-12 1.40623977240573e-08 0.00098501804811173 0.162220311111741 -9999 -9999 -9999 -9999 -9999 -9999 -9999 -9999 -9999 1.4919537738578e-08 1.90178605563585e-07 4.57242891271914e-07 2.81176272587391e-07 9.1931473544804e-10 5.00056156665707e-05 4.99642785048993e-06 6.79996037822761e-05 8.22287675728006e-09 1.00600438982523e-05 2.44528970294589e-08 4.06340787549864e-06 1.82140482918314e-08 1.68442196908369e-06 1.21779275776834e-05 0.000764416993959571 6.90895060707519e-05 0.000179318103056048 0.0268233405833598 2.07086485332075e-06 2.34017648592655e-09 2.02193628506819e-10 2.36011210574816e-13 6.68354260824344e-15 0 2.4640844920043e-12 3.2058800059076e-13 1.17929332965616e-11
