Scripts_&_data/Maxent_result_files_1/Bombus_mlokosievitzii_2.asc
NCOLS 594 
NROWS 330 
XLLCORNER -15 
YLLCORNER 23 
CELLSIZE 0.166666666666667 
NODATA_value -9999 
[rows 240 to 259 of 330, columns 460 to 505 of 594]
4.82013745966015e-05 3.15660581463817e-05 6.10857612628024e-05 3.92408870311556e-05 2.66089303181616e-05 4.66169829138607e-06 2.29608607611453e-06 1.74220662434443e-06 3.1244262268082e-06 1.68972230284226e-05 2.11362934123827e-05 3.29010545265795e-06 1.20982336833109e-06 1.1960678380829e-06 4.67312644190088e-06 1.26853771504898e-05 2.76357335110333e-05 1.05699478854859e-05 1.08759231670641e-06 1.33689034850448e-05 0.000125962835636528 7.02030344882587e-05 5.65368448102177e-07 4.35894649211121e-06 4.83687763652707e-07 5.17904335695096e-07 1.24432939979657e-06 2.69225607320012e-06 1.76172342376546e-06 0.00044810493126306 0.000229989940220321 3.2743152514314e-05 2.27793802501708e-05 0.00092893166875001 0.000245202722908289 0.000314834932032682 0.00101390613854164 3.69158630340038e-06 0.00110480400853703 6.16837333047293e-06 0.000316625406560433 0.000110101579502953 0.00155543501023203 0.000251728275907226 8.06390893686171e-05 0.000125798338842742
8.88168369783671e-05 5.79183088575519e-05 8.10419913250371e-05 2.20021858012842e-05 2.97685977770357e-05 2.95760556895175e-05 2.504402546748e-05 3.96365886700778e-05 3.14744709214665e-05 5.2896151009918e-05 1.86404995261569e-05 1.1547092396591e-06 1.36991610905079e-06 1.80458064846789e-05 5.6468521021813e-06 1.02845424109432e-05 3.30612077505066e-05 0.000133264422470347 8.7046640214794e-05 1.42141995283396e-05 4.66791596913652e-06 0.000202616643764486 5.6870206617532e-05 6.6738004292688e-06 5.95925473767522e-07 1.11008660326206e-06 5.97320675532753e-07 1.21334702853915e-06 1.85496744796732e-06 0.000493360084033156 6.79247126313953e-05 2.54082293736246e-05 0.000162766526955238 0.000902493239846081 4.10182882660592e-05 0.000173884831019677 3.84131694679546e-06 9.22989908580529e-07 9.35896470338093e-05 1.65326937738852e-06 8.43772136667198e-06 3.27106559097956e-05 0.000258273439612822 2.68997172724994e-05 5.15127098150714e-06 9.85328657010509e-07
5.28793682860851e-05 9.57429517711716e-05 0.000102557441095996 0.000102113914635993 3.15915167959702e-05 3.65961490045308e-06 2.49936125895633e-06 2.55692490185311e-05 2.7028181523292e-05 6.8108543064227e-05 5.07942869035105e-05 3.66606404327285e-05 1.22644457650978e-05 3.06214643899239e-05 3.49925812656693e-05 4.20803996661334e-06 1.68252460999163e-06 2.33491953527398e-07 2.42062881916638e-06 0.000106429774496064 1.47898050180117e-05 1.30878852885985e-05 1.74616493708868e-05 9.2623172349704e-05 6.96206706379599e-05 6.41345841927432e-06 3.10107880920896e-06 5.38101903480026e-07 5.37873791532917e-06 8.17161041659631e-06 4.1056597829936e-06 5.6313017012144e-05 7.13807083229767e-05 3.18386005574212e-05 0.000250204823169042 2.6852528390009e-05 5.55250779532557e-07 5.89361382730136e-07 6.35219043232382e-06 2.52243063747493e-06 1.07899478919649e-05 0.000416994791885372 1.76840329118022e-05 3.47708907302291e-06 3.56198292905674e-06 9.10164966532179e-06
8.88639304239547e-06 3.98159443648183e-05 0.000131569861332537 7.33609167582472e-05 0.000199078710102185 3.49672053836514e-06 1.39993073416944e-06 1.45409689332743e-06 6.87271971522296e-07 4.80884184683727e-07 1.65865818022581e-06 1.8095227474646e-05 1.43634523965375e-05 2.52503083544298e-05 1.58012384275708e-05 1.06064470287492e-05 1.95705834542537e-06 4.78029950246039e-07 2.94171400905263e-07 1.87085777696439e-06 6.75783924634743e-05 0.00068743128067581 5.03151406178404e-05 4.66363930797797e-06 6.46604783938187e-07 1.86329735470281e-05 1.44586370311117e-05 2.24039589625136e-05 3.56972393547039e-05 1.13464249807294e-05 0.000272108044009656 0.000539748481969582 0.000428973742236849 5.12749261361023e-05 2.25798735073113e-05 1.65708740809123e-06 3.03125397937976e-07 3.25720485649938e-06 7.79583776591153e-06 1.74950542771057e-05 2.66008957623853e-05 0.00017472525487392 8.42293464984323e-06 2.63277046812505e-06 2.16249536137525e-05 0.000267395806417881
9.1763723439442e-06 3.81700438980559e-06 2.08266720392203e-05 2.87307590554065e-05 8.78941680113599e-06 1.73539522464239e-05 1.87707252852221e-06 4.68529587471789e-07 2.71653033256936e-07 2.64745646860742e-07 3.0301512585762e-07 1.00104592186678e-06 3.91398868222481e-06 4.13644588546092e-06 1.76867046107532e-05 1.67185503244127e-05 1.74701603121719e-06 3.41990203089892e-07 3.13894008519e-07 3.96165284932692e-07 5.80885026124633e-07 1.26311012706992e-06 5.7180404215984e-07 4.20064384343277e-07 8.35074010296921e-07 7.24429690279749e-07 6.9487803706636e-07 2.48059727852024e-06 1.56850999019298e-05 9.19492929369881e-06 1.07760820128533e-05 9.17853893867004e-07 2.81174805422779e-05 0.000174443223659182 6.44087754153588e-05 0.00011976252826571 2.54719736631159e-05 2.09209623260875e-06 2.83637302345596e-05 8.33276251057669e-06 1.29501172606572e-06 7.09219627417212e-06 0.000357823522790568 0.000147715557795891 0.00125835572107462 3.00099337430026e-05
2.13740992918154e-06 4.93877271372511e-06 2.45728044778737e-06 3.88290569375282e-07 9.9827825995602e-07 2.06097157300356e-06 2.79123456758956e-07 2.88607893550452e-07 2.99025517258578e-07 3.07255653875238e-07 3.04697466990689e-07 2.98435547085862e-07 6.1109137624582e-07 2.63184246995785e-07 1.91122969313007e-06 3.94959744831613e-07 2.00790223414682e-07 3.04462948408357e-07 2.85864482796327e-07 6.59898972799056e-07 5.45560238585097e-07 5.31345896703783e-07 9.91485211088161e-07 8.66737563853803e-07 7.80463358296402e-07 4.64825114576684e-07 1.85057300257085e-06 4.02388625708738e-07 5.16358013769036e-07 3.84374837203438e-07 6.0585448906636e-07 4.24029239454171e-07 6.89907963646874e-07 1.60897309413599e-06 6.6007012815561e-07 6.11072719003403e-07 1.26102680582108e-06 1.26016464747636e-06 3.49095855511905e-06 1.12189120542894e-05 2.19860349375267e-05 4.17009948137093e-06 9.17232090955622e-06 2.9506794727574e-06 0.000102054767194204 0.000673723668296589
6.03015406852592e-07 1.38390859428794e-06 1.44839758681181e-06 1.23987765725531e-06 1.2745466764108e-06 2.27907057628318e-06 3.16688862089798e-07 5.82302193541384e-07 3.62386666874492e-07 3.93702369672066e-07 3.91362952667507e-07 3.71746335459111e-07 4.01962101759246e-07 3.94493967070808e-07 3.71127622134093e-07 3.80087806439722e-07 2.21164343183755e-07 1.72267080345012e-07 5.45034041876669e-07 1.34448046509306e-06 8.93441395533046e-07 7.80032264913189e-07 5.87946672148121e-07 5.02541235292142e-07 3.40948849775202e-07 4.03199990017811e-07 1.61663229825137e-06 2.06412064134298e-06 4.63579362453004e-07 4.3362983657147e-07 1.92287001610225e-06 3.78589259071305e-06 2.56200472961154e-06 6.25442437751644e-07 6.20014034069527e-07 6.38485000337141e-07 5.26942176293233e-07 3.50604137722144e-07 8.5287425235947e-06 2.11313296460958e-06 1.06211187244298e-05 2.11186859360168e-05 8.76226193327057e-06 3.88696895448071e-07 5.9554344911561e-06 0.000311322508468948
5.45902478232829e-07 1.1970928495475e-06 8.65001097016815e-07 4.58031676209281e-07 2.13271432016882e-06 3.8289202707098e-06 6.22113139991942e-07 4.48272988362586e-07 4.574912420785e-07 4.6514026889044e-07 5.0467021194267e-07 5.25137020157551e-07 5.7449626844619e-07 9.72491689377186e-07 6.08903037191411e-07 7.29495606532904e-07 4.09642573695468e-07 8.76463632459856e-07 3.31099462713702e-07 4.20792250699353e-07 4.38327555798423e-06 5.8175479971112e-07 4.94510277260218e-07 5.68349582152905e-07 4.50716893429792e-07 3.65653596023918e-07 3.08532122872407e-07 3.04900367353866e-07 1.63364756886608e-06 4.19096808457198e-06 3.01508167467546e-05 4.68373210878781e-05 1.63070818985034e-05 4.34328444853804e-07 3.36302493053609e-07 4.48960049936886e-07 2.37780783294284e-06 3.58579313797236e-07 2.71243217575545e-07 2.80481636583119e-07 2.90903446682478e-06 6.09888265259428e-06 2.85268084553536e-05 0.000168536096134631 0.000188878716107865 0.0018637457935256
2.53101262914779e-07 3.59202498123601e-07 1.45676564127228e-06 3.204110034849e-07 2.10993623142031e-05 4.16191276166877e-06 4.56688816785622e-07 6.08794720780015e-07 8.21629438574334e-07 6.51232069948104e-07 6.47082463645088e-07 6.69905193761977e-07 8.00318850013859e-07 7.84904118555918e-07 7.51272623356058e-07 6.249342449971e-07 6.86588033715907e-07 2.8762739563426e-07 2.50211311769721e-07 2.85817428802293e-07 1.91121525672244e-07 2.55835747986488e-07 2.68169739625623e-07 2.76327304982171e-07 2.29000934908186e-06 3.24439189225423e-07 2.54956443379584e-07 2.19322689698487e-07 3.29557084266519e-07 9.87202682867228e-07 4.15364941446228e-06 5.95518571486764e-06 3.43380013916317e-06 1.58927188657287e-05 5.46760026667314e-06 8.08966103988951e-06 4.02508255312739e-06 1.40318822059449e-06 3.50171426544144e-07 2.05953948018145e-07 1.61706463586153e-07 1.73959514104816e-07 4.94465153240142e-06 0.000296174502727808 0.00164344375225483 0.0050806577433832
1.5634766182604e-06 3.1042756492905e-06 1.65586742694179e-06 8.9121731131625e-07 7.40129575949044e-07 4.6118895417635e-05 3.96472242680801e-07 6.96663812604914e-07 8.06830733490749e-07 8.61173702415563e-07 8.29046904304853e-07 8.63562652042571e-07 8.64587886617585e-07 9.18830457308228e-07 7.55665233653779e-07 4.69831688743039e-07 2.9201134017498e-07 2.02397998416703e-07 2.25497733830071e-07 4.54054095655465e-07 2.05967276922792e-07 2.41996421568302e-07 2.01455316573007e-07 1.84788370494182e-07 1.98495553371814e-07 2.7870855101586e-07 2.60988715006238e-07 1.51335513071116e-06 4.13658674258688e-07 7.71568346136231e-07 5.07059827370426e-07 1.6265704732632e-05 6.70014668202157e-05 0.000279293920550572 5.69602432491934e-05 2.45231387494549e-06 1.0035107825046e-06 3.58201601411423e-06 1.26322268162227e-05 1.3401212930475e-05 2.67910535711735e-07 1.61376233476229e-07 1.39634180087e-05 0.0002060323702608 0.0027137202618178 0.0070101480348967
6.10211184604026e-07 1.19016735583566e-06 4.89938108194643e-07 5.2787551906297e-07 4.20546246071574e-07 1.00938525003258e-05 1.01520788950982e-06 3.63221483590248e-07 5.58651257509535e-07 9.1429653920061e-07 4.63130593684191e-06 1.08448103478542e-06 8.84522348520989e-07 7.93244346586341e-07 3.9050775848537e-07 2.56315833691012e-07 2.07896840709321e-07 1.97862596229559e-07 4.61008794039319e-07 1.57461820290194e-05 6.97798763504842e-07 4.05723809970837e-07 2.78216287616928e-06 3.31434496336769e-07 1.47325360392303e-06 1.23479910286051e-05 3.25074093026068e-06 6.98931307354655e-06 5.64160606910669e-06 2.66354725780849e-06 3.2379527286075e-06 7.76529059180575e-05 8.95640406554321e-05 6.7677221151996e-05 9.51404862689742e-05 6.20973331604269e-06 1.89337156419889e-06 1.27855901489227e-05 6.56854834801379e-05 5.72485718620896e-05 3.0737780505774e-05 2.18252742052449e-06 0.000258450267392618 0.000774645989440614 0.00453639948973432 0.00894233731087297
4.59708211553167e-07 3.37334152025193e-06 6.40593466527672e-07 6.87102442054055e-07 3.23224417442258e-07 2.33420815209939e-07 2.55999515812455e-06 3.45215666675003e-07 1.38723675113805e-06 2.17211310913346e-06 1.75012050070977e-06 3.87517551048155e-07 3.64288659893131e-07 4.05848380657936e-07 4.93293480263723e-07 4.70274758412881e-07 7.19257397818751e-07 2.78699507001434e-06 1.03852914527636e-05 7.68975362205992e-05 6.26738490856482e-06 3.48904981059661e-05 0.000103612029607802 8.42732485068609e-05 7.72362639594348e-05 3.85760600430274e-05 2.47533565605806e-05 0.000279940549899038 0.000213021228682919 0.000215796137877078 0.000142100523964928 0.00012904011948649 0.000106808378706091 0.000323428693491223 0.000558486424233706 0.00027831860875267 0.000125530399253648 0.000121429837415121 0.000180374539149852 0.000777550981001696 0.0026334434049204 0.000166049872677831 0.000660274273104733 0.00174636840674793 0.003562494070502 0.0221543899737299
1.21972933583292e-06 1.13119506877091e-06 7.5659916349835e-07 6.09403448481594e-07 3.76400067714222e-07 2.07032566756915e-07 1.47939520265261e-06 4.69076759817e-06 2.36023163902033e-06 2.1042035268648e-07 2.20350390789381e-07 2.52126938948827e-07 2.91704735333465e-07 3.97084065151265e-07 5.9339971369976e-07 2.32947899062585e-06 0.000102106340051478 0.000128639644140094 0.000900918509069015 0.000479984985031479 0.00191093055691454 0.00149564146777266 0.00102512068906435 0.00119835473706189 0.00396829717210494 0.00454043543577427 0.00102524668909609 0.00268821457284503 0.00427044687094167 0.0025908185984008 0.000558637697031372 0.00219267659413163 0.000990263067797059 0.0025934226665413 0.000773759335788782 0.00402364822220989 0.00613906653597951 0.000792625705435057 0.0011773650017858 0.00432293430203572 0.00567134268349037 0.000607614980617654 0.000635360198793933 0.00340762988198549 0.00257738707587123 0.00985993095673621
1.44932290359057e-06 9.11246532508958e-07 8.80013939741353e-07 5.82746100119547e-07 4.20313898708002e-07 2.46001889081526e-07 2.88186173047489e-07 2.04843653728304e-07 3.7954518475658e-06 3.67712615614302e-06 1.72321046232327e-07 2.46602786391215e-07 1.10524682674917e-06 8.21377772348697e-06 0.000190157602730778 0.000638106029146002 0.000616806342941345 0.000420668554488657 0.000450082107090566 0.000859517615936056 0.00537661095731892 0.00144375224808755 0.000866596168634715 0.00683175201993436 0.0141665606293827 0.006899276713375 0.00492919879034162 0.00531215162482113 0.00399180479580537 0.0176730515900999 0.0052461147075519 0.00167764428479131 0.00264146068075206 0.00243797654839 0.00367741851950996 0.00465669879922643 0.00241806145495502 0.00097616374368954 0.00662260337267071 0.0619829995557666 0.00250990718195681 0.00201315796875861 0.00212179576046765 0.00167914612247841 0.0060026555438526 0.0432304291054606
6.91292076904215e-07 5.15888465690839e-07 9.11732260089337e-07 1.0125932474736e-06 9.30783189745377e-07 3.27535432109727e-07 3.29581093172493e-07 2.82046093280641e-07 2.49998596768553e-07 2.84168724529188e-07 9.59961524726882e-07 6.65560037327317e-07 6.58268850443733e-05 0.000352405990906846 0.00154449709334585 0.00206408877165813 0.0139539825730026 0.0101674762903713 0.00698092401726171 0.00564331896603107 0.00168994304876833 0.00514953517413233 0.00568013761658222 0.00500308541813865 0.029417859762907 0.0318946424871683 0.00918897581286728 0.0129228258971125 0.0227460579946637 0.0164256913587451 0.00973833263851702 0.00782916746102274 0.0177714791148901 0.00565523293334991 0.0135996704455465 0.0285490835085511 0.0300806822255254 0.00657878378406167 0.02204943979159 0.0467498555779457 0.00159348068991676 0.00075748220042442 0.00159482082235627 0.00806190979201347 0.0229010442271829 0.017824543826282
2.14294276124072e-06 1.27437868707503e-05 4.97574139821655e-06 7.14628179077081e-07 1.16643342165101e-06 4.6691779944652e-07 4.80157217508381e-07 3.64349626646998e-07 7.0423441363987e-07 4.9524290328673e-06 1.9306395076768e-05 0.000275009555628003 0.00286319543629361 0.00296854844054906 0.00665508520032745 0.00691987196914852 0.00727079377975315 0.0362343894317746 0.00926774949766695 0.00596041455864906 0.0259862501174212 0.0307578912004828 0.0301192384213209 0.0106724838726223 0.0107563487254083 0.0120358893182129 0.0202591402456164 0.0164198154117912 0.0110286368988454 0.036527369171381 0.0225118458271027 0.0249640855006874 0.00613732780329883 0.0187160128727555 0.0142788753844798 0.0181076857727021 0.00740997199900448 0.00625333082862198 0.0102203631075099 0.00438076930004172 0.00357799025950953 0.0430013071745634 0.0194228769280016 0.0709100509062409 0.0139530651737005 0.0194211365655065
1.59881899077785e-06 4.81546601309724e-06 1.38787908719351e-05 1.77840613037716e-05 7.88869164836115e-07 6.13225718637533e-07 5.04398596223865e-07 4.7059565205787e-07 1.05852935944339e-06 6.54200940208849e-07 7.08773381834504e-06 1.97733674585976e-05 0.000287959750335176 0.00106383272941457 0.00251603231299669 0.0008092592794128 0.00112168965351884 0.000496084145561326 0.000986049549828749 0.00595148898428306 0.0109572809655219 0.0112112764734775 0.00981924845837057 0.0116059442982078 0.0192104992456734 0.0100633972324431 0.0099350709002465 0.010860211122781 0.0114476865623146 0.0222866325639188 0.0330176340416074 0.0125485349912196 0.00638668348547071 0.00999031746760011 0.0176401945296675 0.002494136383757 0.00203528553247452 0.00127783367352095 0.00238990454236045 0.0195323627442122 0.0685380734503269 0.0891614217311144 0.120514065772295 0.0230975492857397 0.0132309012115002 0.00830835201777518
2.83162403970083e-06 1.64930416748366e-06 8.22497538752742e-06 1.26862274644424e-05 4.03949692746597e-06 5.9494359588852e-07 6.23992199766388e-07 6.83614731178395e-07 2.00258046412216e-05 0.000123026510618729 5.03734656376764e-05 2.42514632759594e-05 9.19687221276888e-06 0.000255388032655901 0.00103755972031649 0.0014297431367595 0.00132515236618929 0.00245702228276059 0.0046970380761195 0.00759964575991035 0.00335830496042036 0.0113162259571254 0.0105738937389106 0.00890483239199966 0.0124817459378392 0.0342878822237253 0.0653550941497087 0.0101383312605321 0.00851491820067167 0.0127471215091646 0.0171028278768063 0.0241487321443856 0.0102085182908922 0.0276844540610909 0.0122268904931843 0.0115761757828295 0.00946146324276924 0.0320521604269743 0.0367249568924308 0.0292133685201406 0.0889050848782063 0.0313845573924482 0.0569654811173677 0.0336304686963558 0.00402045078808442 0.00630395892076194
5.27034922503944e-06 1.3229215209698e-05 4.19353662337585e-05 7.72067625518957e-05 6.43628805164553e-05 1.21667713761653e-05 2.69641742391968e-05 2.59417886365299e-05 0.00011041694797882 0.000539585019942024 7.88094813742646e-05 0.000295267617093486 0.000201721942971744 4.29555529876779e-05 0.00026682001566769 0.000993541761636152 0.00473241347353905 0.00720999781042337 0.0236875432543457 0.00826924073044211 0.00888662622310221 0.00689002990256995 0.00904192293528467 0.0105208281427622 0.0091578334569931 0.0328981727361679 0.0292961018159986 0.0395371431484818 0.0131343695800751 0.00574791324324906 0.0162648149300367 0.0245929338037968 0.0135191939771175 0.00978024508804083 0.0265923994593322 0.00742865849751979 0.0162425159476697 0.0122755958233029 0.00952206118963659 0.028956553619355 0.0322464944794774 0.00548738904763013 0.00414669200545177 0.0556148394942284 0.0102179012726992 0.000802251651475672
4.33677278988132e-06 2.90434519513383e-05 2.31533269525741e-05 2.55466670747495e-05 3.29058658778081e-05 0.000122427091508825 4.60903121584977e-05 3.75155641979319e-05 3.10309580854096e-05 0.000940992182313494 0.000985189351376903 0.00171445539381239 0.000594624103541719 0.00149363991658902 0.00260719961952418 0.00352187681710348 0.00569527940824628 0.0066998116672039 0.00731009521987289 0.0214271899312735 0.00770262444857508 0.00811515541281551 0.00857371182646602 0.00856558685190976 0.00855698476079851 0.00966358580626547 0.00931983049958944 0.0041006542975083 0.00695222951471806 0.0502124387770891 0.0235296072438359 0.00456573537085205 0.00384668823098764 0.00532915720250457 0.00970951169729233 0.00905851623974741 0.0628135193139315 0.00910429176874459 0.0363766327500343 0.0140752143692225 0.0142354300711304 0.0140649819746614 0.0121187275275588 0.0166168819181621 0.00445040672784671 0.000338032638410368
