Scripts_&_data/Maxent_result_files_1/Bombus_mocsaryi_2.asc
NCOLS 594 
NROWS 330 
XLLCORNER -15 
YLLCORNER 23 
CELLSIZE 0.166666666666667 
NODATA_value -9999 
[rows 220 to 239 of 330, columns 414 to 459 of 594]
-9999 -9999 -9999 1.16538257654009e-05 6.19349901368915e-05 3.70875787324865e-05 2.801422910369e-05 8.96616331105715e-05 3.53168884136945e-05 9.60854536979916e-07 1.0504714350823e-06 1.06106557564378e-05 8.0464432536953e-07 8.26917006735428e-07 1.05051812756551e-06 1.15551072773501e-06 1.0733557847975e-06 9.10417630062277e-07 7.78180480154322e-07 8.08244529815205e-07 1.56422250938704e-06 5.91227391155691e-07 6.61224561184781e-06 2.4190753217801e-06 5.38889753427529e-05 2.7032845693753e-05 1.04418117662375e-06 1.42824794156282e-05 2.38607177126537e-06 1.82014996138347e-05 0.00012148502978081 1.4372558646214e-05 7.07294025998895e-06 0.000101112731084019 0.000109799324176363 1.01715206361375e-05 1.70053866854758e-06 1.09645935862934e-06 1.37546465927896e-05 3.56919539598155e-05 3.89730746225281e-06 1.91112023541828e-05 0.100269095609395 0.00197500551204091 0.000560792343455618 0.000679267160453811
-9999 -9999 -9999 -9999 9.20180917672875e-06 0.000238930233641432 0.000245066271482852 4.23397903840828e-05 0.000197106009924075 6.93049227533216e-05 1.78925409807129e-05 6.92335456510262e-06 2.66525923971694e-05 7.44364484184246e-07 6.91646498318654e-07 5.82433035345442e-07 8.37375072881841e-07 8.34399556015608e-07 7.21655575675051e-07 6.51502919779556e-07 7.11515157348908e-06 6.91210278523924e-06 6.84153144414612e-07 7.26392245142815e-07 3.40265230092118e-06 4.86970565858336e-06 1.22170243967989e-06 7.54156480272661e-06 2.54901670777241e-05 0.000122936299622689 1.85828633155749e-06 1.09711983116156e-06 2.21681041861044e-05 5.73486871369155e-07 7.36091675435091e-07 4.35960160893867e-06 8.24222829109988e-07 0.000113875692578747 9.31080560166442e-05 0.000123228946299903 1.97556834454327e-05 1.70361193398971e-05 2.31194664372936e-06 2.12810981439215e-06 0.00342522973833294 0.00159981028955559
-9999 -9999 -9999 -9999 1.21555587310196e-05 0.000101591004799517 9.77004778482948e-06 2.61191580247511e-06 5.035344170774e-05 8.64933959007552e-05 8.35458090672647e-05 1.00935428369864e-06 2.49949244557346e-06 3.7377597663768e-05 2.02425699354913e-05 1.91937726164992e-06 6.17515472001173e-07 4.31530693907334e-06 6.89119762165014e-07 6.36875569903772e-07 2.70423015035215e-06 8.7123953480539e-07 0.000105549105398905 6.06969386978129e-06 3.39876323268706e-06 5.32980646380632e-05 5.39492308495593e-06 1.03104063291504e-06 1.36417660055232e-05 7.27921447179813e-05 3.32189276329609e-05 7.52377415172312e-05 3.98705127427901e-06 1.71852306842801e-06 7.53597036728948e-07 3.21509550230692e-06 2.76809578215964e-05 1.41167410214749e-06 9.07046737400052e-05 4.61195928113112e-06 2.42137151727606e-05 2.32294176421788e-05 0.000186221990683322 0.000182587301642545 0.000176889737007058 0.0113751846780263
-9999 -9999 6.95304980159461e-06 7.41872485996442e-06 1.69440441635249e-06 6.24321907816139e-07 3.47075651291329e-06 7.70372009684106e-07 2.46370568250942e-06 1.02928364743571e-06 1.57124832980582e-05 2.04071748574397e-05 1.39406331154168e-05 2.69408776190416e-05 2.09958063589033e-05 7.69893575758296e-07 4.69279312020898e-07 0.000125922928291011 0.000115740569656175 7.06845596643024e-07 5.45600005874558e-07 1.37932491044435e-06 6.29405266382221e-05 9.44239430222815e-07 2.154152390621e-06 5.68296738834295e-07 5.35731759698788e-07 3.14741375895267e-07 5.01227503749702e-06 5.83888444155245e-05 8.92881381922894e-05 9.42154419780739e-06 2.03175495637753e-06 1.67969270892243e-06 1.95190989371596e-07 1.72713930189916e-06 4.79695427562876e-05 8.83734847492379e-05 1.13301209105909e-06 7.57908891461101e-06 4.74798769484308e-05 5.040269142087e-06 0.000122194456143665 0.000173626665184889 7.00108730760984e-05 3.84985717258424e-05
0.000342512809568718 0.000237098050243711 0.00070016667584335 0.000346808582258584 1.60844589623288e-05 3.77134233819909e-06 6.63520300120402e-06 1.29622889898373e-06 1.53586159594821e-05 1.41307046922501e-06 1.8439677762716e-06 3.89956943087633e-06 3.10319828847883e-06 7.45614120446492e-06 7.47535963365742e-06 1.62783483738105e-06 6.65199076899103e-07 1.45820085831749e-06 2.37922367018473e-05 8.45015427605178e-05 1.0087642862211e-05 4.99747614146617e-07 4.60368020297475e-06 5.95482955239035e-06 5.03876279001059e-07 2.20690461332218e-06 4.9598652248295e-06 4.81487862926677e-06 1.88219915679633e-05 8.60130775138024e-05 1.82620826763791e-05 1.31769816771099e-05 6.40709148169716e-07 1.60063689967904e-06 3.01050284843285e-06 1.02300204718464e-05 4.83798150999748e-06 6.32881874131019e-05 2.11304580725047e-06 7.37186516859612e-05 2.25767958779266e-05 1.57614545068574e-05 3.46234903842224e-05 0.000113101923422465 9.76965031877275e-05 9.48196200864726e-05
2.55978325899298e-06 6.74450691919848e-05 1.82941784277579e-05 8.32752857149455e-07 8.30857753530978e-07 2.79350939872414e-06 3.14246575611188e-06 1.9640050488634e-05 1.18880031917401e-06 4.74823351099829e-06 1.65727145140182e-05 8.81274477970706e-07 2.49158503720093e-06 1.21967491081287e-05 2.03725315992109e-05 3.08185966769736e-06 3.12000955509095e-06 3.67906985534461e-06 0.000107385079260203 1.00181763628138e-06 1.5633285652128e-06 5.97437382179322e-06 9.5916702513521e-06 1.56287215188344e-05 1.72956985485806e-06 1.11231639120635e-05 4.2565018531171e-06 3.52305404553999e-06 7.23190368493998e-05 6.19221094585787e-05 3.16630845393684e-05 2.59379889588907e-07 2.69141642281756e-06 2.51480549539052e-06 9.96585958212837e-07 1.10010485190326e-06 2.96532707161901e-05 6.05923948708731e-05 5.40673224164179e-06 4.37196135337548e-05 5.37560129082904e-05 5.81729483946636e-05 5.96219060328362e-05 0.000133146338813972 0.000137435952263198 5.08449683550571e-06
7.70711992065243e-06 1.96487837409443e-06 8.46577212232358e-07 6.85368536756936e-07 7.18535122079533e-07 6.47880451931648e-07 4.56467750065137e-07 5.13324508477631e-07 1.32666772849621e-06 9.63521645431786e-06 4.22403589076525e-06 7.79298016206909e-07 8.46573222690328e-07 7.15310090998122e-05 1.36143905279829e-05 6.19208626319034e-06 1.11050813829117e-06 0.000153912441475423 5.81654155387912e-05 1.6918054441617e-05 3.47801651079394e-06 9.7355546977429e-07 7.30264842874195e-07 3.94966451622292e-07 2.92454875183701e-07 1.15375066264134e-06 3.42545205156419e-06 3.87782589286179e-06 3.34813258254796e-06 1.01706478199293e-05 1.44941254208386e-05 3.15462304984027e-05 3.38950066414156e-07 3.47923373230641e-06 4.98350044391138e-06 5.60417125661239e-07 1.68688546573481e-05 2.26466852603968e-05 1.34715991471079e-06 1.50971484355056e-06 2.37894518553383e-05 1.60049445202759e-05 4.58914542996736e-06 1.8891754782091e-05 7.61980520505579e-05 2.69358406809639e-05
1.5118722528018e-06 2.61014773913493e-06 8.92401777419227e-07 9.08723424242197e-07 6.28006004188553e-07 6.04243180557518e-07 6.20789634653285e-07 6.1876571743058e-07 4.01473272049202e-07 3.96391039969579e-07 7.00614858850646e-07 7.29324721959745e-07 4.64280720437804e-05 0.000362231092249932 0.000125392766007748 0.000197976404831945 3.23449757590688e-05 9.64676736607828e-06 5.30922107033427e-05 7.30118598898821e-05 1.94812538474753e-05 4.0756094183414e-06 3.48656403226233e-07 3.16836039282453e-07 3.93799528286554e-07 2.3728462149597e-07 2.01192293602936e-07 1.65235151694532e-07 1.28740264941918e-06 1.19641080420507e-07 1.52827382309262e-06 4.83529933579252e-06 1.99571761894557e-05 1.22723006105163e-06 2.05036442380013e-07 2.28104019017739e-07 9.02413867476248e-07 3.8678095094502e-07 2.85335953064125e-06 3.76393121159779e-07 4.38363618419535e-05 3.24593243079874e-05 2.79135447041723e-05 1.9843816346965e-05 4.43597613347002e-05 8.54474929324889e-06
1.24136673855357e-05 6.81489967812587e-05 0.000341661166370288 1.18843784640776e-05 7.45089534626153e-07 6.99584025098954e-07 6.35941187943079e-07 5.8436534590145e-07 5.18667213500468e-07 6.43304953107382e-07 5.91232161539779e-07 4.84184632987272e-07 4.91194226337477e-07 4.33371417757344e-06 1.78446532274612e-05 1.22302847690325e-05 1.65767029611796e-06 1.29586470094534e-06 8.22748268982654e-06 1.35655219098085e-05 5.54746644895188e-06 1.02152469625305e-05 8.29580547734299e-06 5.76528514706354e-07 2.76052731651433e-07 2.37080166776149e-07 2.08055385286787e-07 1.63226336791222e-07 1.30253427865767e-07 1.21109823592036e-07 1.29212688138036e-07 1.28777321373175e-07 2.17520943348593e-06 3.64217958462976e-05 7.18240905683842e-07 9.69338986656077e-07 2.78015985422098e-07 1.73453158081038e-07 1.68420650392687e-07 6.36627542638379e-07 1.15748923168457e-06 1.24332035499997e-05 8.24844875075059e-05 8.8172555867061e-05 1.47454207482856e-05 1.37763090519272e-05
2.56394788511471e-07 1.36756657631576e-06 4.15460295776438e-05 8.96785521695698e-06 9.21456238093255e-06 9.73139151886349e-06 9.66297938670424e-06 5.73049637253575e-07 1.125802922608e-06 1.40263779481176e-06 1.24997930337489e-06 8.10891850944184e-07 1.39123303306565e-06 1.05402416458178e-06 2.09764714408367e-06 5.27711316766766e-07 4.99951616339533e-07 6.36501262318845e-07 1.24729758037567e-06 7.4384969070973e-07 4.581425738448e-07 4.11986198312064e-07 5.85643211648001e-07 5.43047313050771e-07 2.68745799703041e-07 2.36382892138121e-07 2.10002315559343e-07 1.59756616457951e-07 1.39325034076432e-07 1.29762005074419e-07 1.16951632644913e-07 1.22440746264108e-07 5.44209767205928e-07 1.59662277198547e-05 3.87019429024527e-05 2.14674900322898e-07 1.52603060018519e-06 2.32085933210557e-06 2.77131669501607e-07 9.40948862113711e-06 1.68687509183307e-07 1.07233451097088e-05 7.6116362936407e-05 5.1158746302038e-05 9.23238963375206e-05 9.55358521234295e-05
2.84658968818796e-07 1.88016303137473e-05 3.3134597783302e-05 1.7755381293838e-05 2.36249296238999e-05 7.56787933174352e-05 5.27979348410645e-05 4.40640383547741e-07 1.87554903833265e-06 7.83213445920694e-07 4.72895270453577e-07 5.00426001570631e-07 4.87385891945191e-07 5.74105493011956e-07 7.87155248083149e-07 1.5296645632823e-06 7.54299307115236e-07 6.81232852683955e-06 6.72801319567817e-07 1.68980751175329e-05 4.70482395797944e-07 4.17276753572615e-07 2.75052791998132e-07 3.51769497164422e-07 2.48257175106126e-07 2.36700340661145e-07 1.9857419715219e-07 1.84383049861569e-07 1.46990222382737e-07 2.73129062111632e-07 1.22451876716223e-07 4.76256141668241e-07 2.07700654482057e-06 1.08383362420694e-05 4.31837229296628e-06 4.94339199347271e-06 2.45427011156818e-05 2.79410406948344e-05 1.36180952918452e-05 3.28209951699132e-05 1.01464724086009e-05 2.03635727596185e-05 1.12182706047848e-05 5.16560833945356e-05 6.1796115287005e-06 2.51109154448703e-05
2.61053888350737e-07 8.54494383421001e-06 8.00352748361655e-05 2.91829052246895e-06 4.40100503995566e-07 1.75893439217978e-05 1.26685353039058e-06 3.52661083236061e-07 1.08362166789666e-06 0.000260944634693117 0.000261262197618306 0.00014631642770605 1.1931395741227e-05 5.65637275246056e-06 6.63084220176025e-06 9.54352996356267e-06 6.66557455960337e-05 9.76496772620017e-07 1.82058966545995e-05 1.56702171774659e-05 6.53889330087809e-06 4.26130499242561e-06 1.68923104590935e-06 5.40930415449115e-07 2.93634222603423e-07 2.27938314545373e-07 2.03380104646378e-07 1.70527444764979e-07 1.54285922093766e-07 1.3986454800996e-07 1.19734073134037e-07 1.14739665169061e-07 1.22899140331256e-07 1.2068353498762e-07 1.31402343270803e-06 6.31037883739305e-06 8.88854680909379e-06 7.92849397992512e-06 3.00636061436599e-06 5.34063300059451e-06 2.57987743872423e-05 9.67500182039394e-05 3.64140584251937e-05 1.5370474848464e-05 2.8498328274118e-06 2.63407418538142e-06
2.94818135937458e-07 3.02498587856359e-07 3.29023291067987e-07 3.70487223200211e-07 8.77679051787261e-06 4.97101294479441e-05 5.31027478530843e-06 3.64604072560226e-06 0.000568448974736735 3.80586994937815e-05 0.000196686640757782 0.000174409464688907 0.000326416970186738 0.000530019611284338 0.00017785397971084 2.8220015360092e-05 6.24749037194672e-06 7.86441611981825e-06 6.2579601104451e-06 3.18916652366497e-06 8.09766532861023e-07 7.93090466288948e-07 2.17410285926478e-06 1.38168518988291e-06 3.29547514443806e-07 5.48200964423096e-07 2.73442388920575e-07 1.78187290456044e-07 1.60808635452092e-07 1.48892266937928e-07 1.23222169212678e-07 1.18252339376124e-07 1.16460030064047e-07 9.12145627696148e-08 9.23703060151659e-08 1.36685787199831e-07 2.75645671110603e-07 1.28568349574421e-06 1.06778263092577e-06 4.00118287764428e-06 1.94580321954962e-07 2.76290378498079e-07 1.72691861035856e-05 2.1291827530634e-06 1.21870511996525e-06 2.10530802431386e-05
3.01644087707942e-07 3.37278014439502e-07 3.48343201539425e-07 4.03411511984419e-07 5.33846373862446e-07 5.89532307337937e-07 2.56894990900314e-05 0.000175973789668238 0.000251467820984497 0.000375087191105106 0.000593858263807223 0.00051200163272016 5.02118726844691e-05 1.10462488280061e-05 0.000410874111618642 1.59539064461978e-05 2.78113888642073e-06 4.34314940220837e-06 6.91200068402287e-06 2.90214884005602e-06 2.64209751099642e-06 1.01727024177656e-06 1.27158770968361e-06 1.42633349652366e-06 2.04511966868104e-06 7.83331929621323e-07 2.28324932083357e-07 1.63143509390729e-07 1.55726768535924e-07 1.46982417681407e-07 1.42705409589272e-07 1.25452965271666e-07 1.18397838910766e-07 1.16377416647939e-07 1.17397088095217e-07 9.33536189462458e-08 3.049947036593e-07 4.93787829369818e-07 5.60606662401986e-06 6.35406612395917e-06 2.04121632843002e-06 1.1203790271086e-07 2.45615712143321e-06 3.72974179296826e-07 2.00869918975943e-07 2.09949191979364e-06
3.2442446599168e-07 3.34331660012399e-07 3.90672850358875e-07 5.7658439296393e-07 7.0584356242076e-07 5.92422004352944e-07 7.43725145546659e-07 8.16651874294694e-06 0.00106279976086698 0.000107750129643835 0.000726956613913898 0.000419033961991355 2.8387054056267e-05 0.000635769616532689 1.16815570935125e-05 2.43637729466006e-05 1.00139101745111e-05 6.60104045369092e-07 2.09197651027671e-06 3.26386457299987e-06 2.16514413954316e-06 1.46461170957846e-06 4.73475515705424e-07 2.86167976459861e-07 2.33120854320479e-07 1.86739502994193e-07 1.8473863151458e-07 1.69813714467892e-07 1.64279803571699e-07 1.58117450843598e-07 1.53709906691724e-07 1.33149983361225e-07 1.25397419636908e-07 1.21176467537953e-07 1.1451767484294e-07 1.1438016241927e-07 1.1641131713036e-07 1.07202887421609e-06 3.29680705614788e-05 1.77412699177149e-06 1.43829440879539e-07 1.31876956488419e-07 1.24961150549385e-07 1.33885297481928e-07 3.90990314336204e-07 1.46540385004279e-07
3.14828199632355e-07 3.21859842900007e-07 3.58021837132405e-07 5.07698832352688e-07 5.74769939176711e-07 5.75451153694839e-07 6.07127659091322e-07 0.000796031308976597 8.69707719856616e-05 1.38178859540483e-05 5.67644242153165e-06 0.000867108379319792 0.00149105232803637 1.81478949095704e-05 0.000718435335561551 0.000676157815948564 6.24636281652879e-05 0.000176493796885113 1.64838936617229e-05 7.682539509557e-07 5.1392888936741e-07 3.53147293219447e-07 3.45544624191785e-07 2.96076803563139e-07 1.68986061888088e-07 1.96773525173999e-07 3.03257908207399e-07 2.05841223333003e-07 1.71087103295608e-07 1.7160970727792e-07 1.66336219964425e-07 1.23609291002857e-07 1.03148949992193e-05 8.10025250430613e-07 3.14336796845005e-06 1.61289987586577e-05 1.2346257486362e-07 1.08264645726219e-07 2.14588031077434e-05 6.46102444997187e-05 2.38586680088027e-06 2.79839436675422e-06 3.31615674737384e-05 1.35703532316067e-05 2.03262993313524e-06 1.17235432206542e-07
3.37457988852652e-07 3.66473246837806e-07 4.48408680475687e-07 5.13377213029465e-07 5.23446092282054e-07 5.70242681330324e-07 4.76498138845649e-05 0.000645111845824209 8.7297421872301e-06 2.47511949150847e-05 1.88329515097174e-05 2.47030742425602e-05 2.18600900054433e-05 4.12412645233395e-05 0.000144587458279521 4.5818777820239e-05 6.11623556572738e-05 1.76561445440759e-05 5.08984727460526e-05 2.09936677382783e-05 2.04567480288853e-05 1.80148474040465e-06 3.11762801741278e-07 3.0086935631779e-07 5.19149066835478e-07 2.4127107839389e-07 3.00042322387561e-07 7.52632040013079e-07 1.56772699233532e-07 2.16927391272215e-07 1.82809127935446e-07 1.831421359344e-07 1.2921542079658e-07 1.47484955426158e-07 2.30008784285474e-07 1.46159337213403e-05 3.16721235182893e-07 9.94836275358679e-08 1.24736552653548e-07 1.61373609375293e-07 2.3721540628463e-07 1.20646086099185e-07 4.58921395757317e-06 5.21218571415627e-05 0.000174946335116688 6.68986468445043e-06
3.49325719051219e-07 3.3355975580518e-07 3.8571430371892e-07 4.19740375223743e-07 4.73075334639361e-07 4.43633788105302e-07 0.00030255238873621 3.67544179631696e-05 0.000468033018008462 0.000658557005745308 4.00970089912689e-05 0.000286588596876314 1.92753307594606e-05 5.29382242904775e-05 0.00154616776571856 0.00275363932356787 9.67061475151132e-05 0.000132031350554485 6.53190339200638e-05 1.86254802767349e-05 1.0961926349029e-05 3.03860378677023e-05 3.60833911317138e-05 3.77414681695942e-07 2.47127625518928e-07 2.22676102901165e-07 2.23104960184184e-07 2.39411803748535e-07 1.74024518384552e-07 6.01214830664443e-07 1.78236681236399e-07 1.54570464538928e-07 3.03977517512877e-07 1.46515881630505e-06 1.80648864939181e-06 7.66305947327295e-06 1.42175927481336e-05 1.36628375524417e-07 1.24218992636482e-07 5.15633144870797e-07 9.01495988836487e-07 1.32360735196624e-06 2.36709057532813e-07 6.1771426634416e-05 5.51325931306579e-05 7.49821106283743e-05
3.5098126983657e-07 4.15366373529569e-07 4.13237535534794e-07 4.2395076574886e-07 4.48143218423347e-07 3.3969504284026e-06 0.000606812573284043 4.25042584274227e-05 0.000232718252814301 0.000275093818109173 0.000474985593417188 0.00142893639148269 0.00251675860672549 0.0062737392051574 0.00265709278188337 5.76415106200545e-05 4.17196416791721e-05 6.60550239310553e-05 0.000123959922269323 0.000181626746454822 5.16626668102038e-05 2.54285864352499e-05 4.2610686400335e-05 6.74648562830615e-05 0.000217383224333023 1.0996323450696e-06 3.70008367808206e-06 3.02026069132211e-07 2.78356880112351e-07 4.93714366500697e-06 2.28353552662597e-06 2.28094219167918e-07 9.45264677409963e-07 4.17321965653361e-06 3.50927080775443e-05 1.17969108726523e-05 4.63774529273486e-06 3.91531935662326e-05 2.79569762760001e-06 7.83891444016138e-06 1.32588402603773e-06 5.4319270231229e-05 5.67434235596243e-05 5.8946995258824e-05 6.01652039601053e-05 7.81528629632211e-05
4.67644474266837e-07 4.534975795778e-07 4.6449105860491e-07 4.76809721583482e-07 1.48454118606978e-06 0.000162564944472798 4.61238162720923e-05 5.79680973542551e-06 2.18184399298327e-05 0.000164367936690013 0.000168205973585245 0.00244634609889545 0.00228080629549368 0.000172729375739333 5.25277638175226e-05 3.92950415718962e-05 7.01132789292402e-05 8.03532266120843e-05 0.000104537103421731 0.000142489495486231 0.000222188182359484 2.98657079146558e-05 3.27867558400308e-05 5.40555717341018e-05 9.7584258665262e-05 3.97843126046515e-05 1.46930864996175e-05 8.51893376652146e-07 2.6784748835551e-07 6.86998961274554e-07 1.42579825518352e-06 4.72814384023801e-06 2.49659222129051e-07 1.10329002806608e-05 9.70415975868333e-06 1.59636010127473e-06 8.0313958427114e-07 2.22514345825653e-06 4.23576233268608e-05 6.45855676318918e-06 6.98457775477612e-06 2.5925336307242e-05 2.08782448315903e-05 8.69222639056089e-06 4.44454995294552e-05 2.71075584702851e-05
