Scripts_&_data/Maxent_result_files_1/Bombus_subterraneus_3.asc
NCOLS 594 
NROWS 330 
XLLCORNER -15 
YLLCORNER 23 
CELLSIZE 0.166666666666667 
NODATA_value -9999 
[rows 42 to 62 of 330, columns 230 to 275 of 594]
-9999 -9999 -9999 -9999 -9999 -9999 -9999 -9999 0.225764308869839 0.0697034876793623 -9999 -9999 0.528022509813309 0.14733252376318 0.360659274458885 -9999 -9999 -9999 -9999 0.345272517204285 -9999 -9999 -9999 -9999 0.29040766954422 0.0610669426620007 0.0213981450535357 0.0171868706122041 0.011944623477757 0.020176812261343 0.310851386189461 -9999 -9999 -9999 -9999 -9999 -9999 -9999 -9999 -9999 -9999 -9999 -9999 -9999 -9999 -9999
-9999 -9999 -9999 -9999 -9999 -9999 0.266886675357819 0.242374211549759 0.0249483659863472 0.0248950429260731 0.0217687628231943 0.0314752331003547 0.0457672527059913 0.103462908044457 -9999 -9999 -9999 0.0449879709631205 0.0363034969195724 0.103921944648027 -9999 -9999 -9999 0.14140455648303 0.0506412407383323 0.0281235486268997 0.0278613589704037 0.122008812427521 0.0253627644851804 -9999 -9999 -9999 0.0219874864444137 0.0158236524090171 0.0259103693068027 0.177545401453972 -9999 -9999 -9999 -9999 -9999 -9999 -9999 -9999 -9999 -9999
0.149654850363731 -9999 0.127408803999424 0.116750901192427 -9999 0.227058424055576 0.0318129745312035 0.0219624798744917 0.00795383858494461 0.00522264286410064 0.0126085287891328 0.0536480095237494 -9999 -9999 -9999 0.0491522580385208 0.0148218491114676 0.011880658287555 0.0166211294941604 0.00841406192630529 -9999 -9999 0.00193688663421199 0.0133493798784912 0.00673022512346506 0.0122567660175264 0.0121752334758639 0.0264952970668674 0.171888111531734 -9999 -9999 0.032268799841404 0.00948522812686861 0.0151243721134961 0.021061188634485 0.0140047319233418 0.0230457516387105 0.01562147019431 0.0219932677224278 0.0378421159461141 0.0995203912258148 0.289853185415268 -9999 -9999 -9999 -9999
0.0818244390189648 0.144809762388468 0.0290843803435564 0.0177424187771976 0.00941100073978305 0.0103603727184236 0.00659009958617389 0.00266720545478165 0.00181749769253656 0.00346460044384003 0.010996675863862 -9999 -9999 0.00375501972157508 0.000202648600679822 0.00137372778262943 0.00259237363934517 0.00334357100073248 0.00841788738034666 0.0190365170128644 0.0146912011317909 0.00693604820407927 0.00660112421028316 0.00147338968235999 0.00164178487611935 0.00210245706839487 0.00373218171298504 0.00453468959312886 0.000317367954994552 0.000156622723443434 0.000221375132969115 0.000203983507526573 0.00267404902260751 0.00375987605657428 0.00318666137754917 0.00526389784645289 0.00669313315302134 0.0162792665883899 0.0178855885751545 0.0133695724420249 0.0099051246419549 0.0133334110490978 0.0193011380732059 0.0273727107793093 0.0446863051503897 0.132504725456238
0.0293948374688625 0.00911199739202857 0.00341285273898393 0.00162194485310465 0.000684866111259907 0.00070433986838907 0.00109378585475497 0.00139984759734944 0.00236163123045117 0.000445797055726871 -9999 -9999 0.196531842648983 0.000402326366747729 0.00954028316773474 0.00530848652124405 0.00912077859975398 0.00598063129000366 0.00494118086062372 0.00631338376551867 0.00383450894150883 0.00140799966175109 0.000569923419971019 0.000476233148947358 0.000573368405457586 0.000830366759328172 0.00108514956664294 0.000950623728567734 6.66795815050136e-05 6.8616988210124e-05 4.08889583923155e-05 5.71292908716714e-05 9.69438457104843e-05 0.000107060687878402 0.000125021433632355 0.00235667076194659 0.00232938748085871 0.00294816081877798 0.0117696320638061 0.0171912675723433 0.012417911645025 0.0162223171442747 0.0250525360926986 0.0200850050896406 -9999 -9999
0.0096811143681407 0.00267086774110794 0.00113147025112994 0.00177797353826463 0.000706690218066797 0.000462851487100124 0.00179522299440578 0.00776843121275306 0.00849897796288133 0.00515392082743347 0.0181135828606784 0.0145841467194259 0.0102282634004951 0.00298954821191728 0.0012724825530313 0.00642731441184878 0.00914102774113417 0.0268156412988901 0.00839002705179155 0.00358551677782089 0.00124593876535073 0.000575239420868456 0.000487386199529283 0.000437658774899319 0.000539673949242569 0.000369374398724176 0.000520073759253137 0.00078058221261017 4.63713662611553e-05 0.000475033701513894 0.000730181811377406 0.00162500398000702 0.0115095658227801 0.00079580710735172 0.00222247753990814 -9999 -9999 -9999 0.0455920916050673 0.0375048181042075 -9999 -9999 -9999 -9999 -9999 -9999
0.000825146370334551 0.00119425148586743 0.000385480304248631 0.000409776662127115 0.000443349272245541 0.000241554921376519 0.000964290561387315 0.00321589440573007 0.00701947808265686 0.0019902341417037 0.000617577804950997 0.00107091237441637 0.000453720623045228 0.000168962855241261 0.000458171410718933 0.00183289815904573 0.00166231505572796 0.0013947234256193 0.000548893923405558 0.000468257218017243 0.000427104608388618 2.0534664963634e-05 2.37621954511269e-05 0.000333327401312999 0.000186502885480877 0.000236369748017751 0.000427379290340468 0.00071383080794476 3.60553076461656e-05 0.000294379421393387 0.000667508790502325 0.000454248129972257 0.000724351714598015 0.00108824008493684 0.00257621936034411 0.00336218432057649 0.00898784841410816 0.0164210075512528 -9999 -9999 -9999 -9999 -9999 -9999 -9999 -9999
0.000636752185528167 0.000660394455189817 0.000686715671326965 0.000331747390737291 0.000645470141898841 0.000891268817940727 0.000247773142473306 0.00030200910550775 0.000278219793108292 0.000358395246439613 0.000249019196780864 0.000151622150588082 0.000335835819714703 7.23625420505414e-05 0.000125378421944333 0.000143006071448326 0.000231960977544077 0.000230266267317347 0.000204344422672875 0.000153296628559474 0.000168896150717046 0.000264411492389627 0.000206222324050032 0.000166596814233344 0.000491121134837158 0.000280951341846958 0.000224826634803321 0.000353930867277086 0.00026600144628901 0.000195182135212235 0.00037439601146616 0.000313611986348406 0.000363519988604821 0.000352866874891333 0.000567862595198676 0.000434183978359215 0.000800031115068123 0.00161978941177949 0.00801715343259275 0.00082284173113294 0.0105445895344019 0.00720704719424248 0.0201189782470465 0.0154899106360972 0.0283565532416105 0.00192215727875009
0.000278897362295538 0.00025647476722952 0.000321913047810085 0.000216179127164651 0.000294826150638983 0.000682637203135528 0.000134171534591587 0.000101006180193508 0.000116415818047244 0.000144034312688746 0.000159349336172454 0.00019530968129402 0.000129138815827901 0.000108963303500786 9.90751897916198e-05 0.000146620247687679 0.000155032813199796 0.000138858940044884 0.000223563506733626 0.000210745669028256 0.000173228583298624 0.000278235274890903 0.000219237220881041 0.000213563817669638 0.000289918000635225 0.000190817727707326 0.000263550423551351 0.000829788745613769 0.000225729439989664 0.000245285549317487 0.000312379642855376 0.000248896704579238 2.07247223443119e-05 0.000329603235877585 0.000240128923906013 0.000308304840291385 0.000510372954886407 0.00114766287151724 0.000648168433690444 0.000498131240601651 0.00122216242016293 4.58964801509865e-05 0.00084422078798525 0.00128278677584603 0.0050219266442582 0.00568392029963434
0.00020475138007896 0.000170541937404778 0.000170914358750451 0.000136896368348971 0.000218253720959183 0.000148782260657754 8.97283222002443e-05 9.15879027161282e-05 6.9341468042694e-05 0.000125423163262894 5.09688666170405e-06 7.56038389226887e-05 0.000124737162695965 0.000122548227955122 0.000125113759713713 0.000108908989204792 0.000117183075053617 0.000177529436768964 0.000167933438206092 0.000179458119964693 0.000167935092758853 0.000137384026311338 0.000133929212461226 0.000906020874390379 0.000341868228861131 0.000475255653145723 8.29497133963741e-05 0.000109588375926251 0.00095747479936108 0.000178510299883783 0.000816540146479383 0.00102382996701635 0.000797723513096571 0.000174559179868083 0.000203136693744455 2.62871506492957e-05 0.000413286002003588 0.000995236978633329 0.00123051478876732 0.000335883778461721 0.000104739318339853 0.000102716128220504 0.00198533545481041 0.00235361538361758 0.00206071351421997 0.000251056882189005
0.000151138069486478 9.45985702855978e-05 0.000141086406074464 0.000122584708151408 0.000138266839348944 0.000106243162008468 0.000168056457187049 8.37308907648548e-05 0.000108799888403155 0.000122348003060324 0.00010172254696954 6.83708349242806e-05 7.02491182892118e-05 5.57945520995418e-05 8.60454623762053e-05 0.000107992369157728 0.000118824904348003 0.00013526096008718 0.000246766154305078 0.000288138986798003 0.000233560580818448 0.000247899134410545 0.000134377087670146 0.000176309313974343 9.65021892625373e-05 0.000104872634983622 0.000114471850974951 0.000695001555141062 0.00426891406532377 0.00400420173536986 0.0101095467340201 0.000992936629336327 0.000865660258568823 0.000974198419135064 0.000230094724975061 0.00396584884729236 5.25388291862328e-05 0.00104602687060833 0.000544231623644009 7.01769633451477e-05 2.85743806671235e-05 3.33352811139775e-05 0.000106270369724371 0.000723190727876499 0.000589314533863217 0.000806522479979321
9.21312152058818e-05 0.00010987138011842 9.92772402241826e-05 9.11807648662943e-05 0.000116926955524832 7.30058480257867e-05 6.75952094752574e-05 6.90759767167037e-05 6.51970436592819e-05 8.22200418042485e-05 8.05866715381853e-05 6.08048649155535e-06 0.000101069707307033 0.000100559772545239 4.86734279547818e-05 6.29557293905236e-06 9.19647194677964e-05 0.000186732118891086 0.000213407786213793 0.00029877663764637 0.000232539152784739 0.000467250589281321 0.000826643194886856 0.000109942170820432 0.000147559427568922 0.00174592486582696 0.0284075491130352 0.193116642534733 0.0276976823806763 0.0129337213933468 0.00111436045845039 0.000803076443844475 0.000824487960198894 0.000573513930430636 0.00019719368283404 0.000168404342548456 2.11407487768156e-05 0.000303734253975563 0.000463782963925041 7.26587251847377e-05 3.49704991094768e-05 1.69731327332556e-05 0.000258401868632063 0.000250217797292862 0.000515773985534906 0.000996774004306644
8.1715780106606e-05 0.000131111792870797 0.000162030837236671 0.000152805647667265 9.81280267296825e-05 8.23084184958134e-05 0.000100834523618687 8.0764001904754e-05 6.58066983305616e-05 6.22400955762714e-05 7.15380054316483e-05 0.000118252930406015 8.12192432931624e-05 7.73093099269317e-05 4.94534691824811e-05 5.20368299476104e-05 8.87945949216373e-05 0.000170500529929996 0.000104404237936251 0.000224077011807822 0.000224209160660394 0.000753543811151758 0.000663970614550635 0.00231600630795583 0.0218646036460996 0.206233905255795 0.216939976811409 0.0336208375170827 0.0145328596234322 0.00118976338999346 0.000617996975779533 0.00033921348513104 0.000570121506461874 0.000182159060932463 0.00030936366529204 0.000495904481795151 5.31878549736575e-05 3.57728364178911e-05 0.000284138592542149 4.14506233937573e-05 0.00189807012211531 0.00078818071342539 0.000976677902508527 3.84374518034747e-05 0.000205318421649281 0.000316077037132345
0.00017338549514534 0.00010117573547177 0.000207325255905744 0.000107204696541885 7.20305171853397e-05 8.94212287676055e-05 8.15669394796714e-05 0.000119408209138783 7.38399568945169e-05 6.6244160552742e-05 6.47750184725737e-05 0.000104155875305878 5.50406657566782e-05 4.87262346723583e-05 0.000200254294031765 0.000198589958017692 0.000163601242820732 0.000143776748154778 5.36201459908625e-06 0.000194716583064292 0.000175615520856809 0.000294205191312358 0.000827274049515836 0.000670689714024775 0.00104923087055795 0.000570874370168895 0.000597196971648373 0.000897392319166102 0.000738714868202806 0.000405481825873721 0.000390528554271441 0.000589614931959659 0.000905472907470539 2.23933969209611e-05 0.000631810887716711 0.0001805432686524 0.000224562901712488 0.00141240266966634 0.00026630931897671 0.00121155965607613 0.00145350845414214 0.000591487268684432 0.000657695831614546 0.00108853739511687 3.5934283187089e-05 5.16864169185283e-05
0.000161845078400802 0.000113159716420341 0.000139465246320469 0.000125738964561606 6.29337526333984e-05 6.68424956529634e-05 6.58695153106237e-05 5.35085029696347e-05 4.9021602171706e-05 6.66735457343748e-05 9.79565120360348e-05 9.85802907962352e-05 0.000116527705540648 8.21894289401825e-05 0.00011343032529112 9.56030744418967e-06 0.000187371645006351 0.000141016933775973 0.00013473404906108 0.000139358247542987 0.000214077948476188 0.000165003538131714 0.000181553337461082 0.000210006450652145 0.000132685344578931 0.000114735458191717 0.000122071459918516 0.000167402126680827 0.000170302994229132 9.47891108808108e-05 0.0001043856558681 0.000121669980580918 1.41126084599819e-05 0.00012638952684938 0.00122497061965987 0.000124637755652657 0.000318344122206327 0.000265592290088534 0.00107172850403003 0.0013083302474115 0.00199107569642365 0.000583310567890294 0.0011671379848849 0.00139260207070038 0.00236020082375035 0.00874238656833768
0.000112842336238828 8.07907785201678e-05 9.46444532019086e-05 7.04109512298601e-05 9.04384964087512e-05 0.000103313289582729 5.37415962753585e-05 6.40819402178749e-05 7.53724987589521e-05 9.91570559563115e-05 0.000106727988168132 7.68260899349116e-05 6.83328111335868e-05 9.17512290470768e-05 7.36883921490517e-05 4.44715938101581e-06 6.74262792017544e-05 6.57334137940779e-05 8.4782920384896e-05 0.000312278482306283 9.41643833357375e-05 0.000146441929246066 8.80750092619564e-05 9.70448483712971e-05 0.000122619287139969 0.00017402888770448 0.000144597762846388 0.000131472978682723 0.00048176241107285 0.000150740761455381 0.000203200906253187 0.000251815486990381 1.44756976624194e-05 1.38997133035446e-05 2.05295884370571e-05 2.16568681025819e-05 0.00033722291700542 0.000897611610707827 0.0012346932082437 0.00109686750802211 0.000929375356645323 4.78770856716437e-05 0.00058627127436921 0.00141034066327848 0.00109098181128502 0.00627493378706276
8.5089683852857e-05 8.0487576633459e-05 0.000167031165619846 0.000110674666211708 0.000110332158510573 4.69223011805298e-06 6.88805135723669e-05 6.29116238997085e-05 8.12688602309208e-05 4.3629568972392e-05 6.63834613078507e-05 7.59923383157002e-05 3.91020112147089e-05 7.79469632107066e-05 6.41120233922265e-05 5.65903028473258e-05 6.32185943686636e-05 1.05056024040096e-05 0.000241932610515505 0.000111692977952771 7.72267645515967e-05 0.000117429947567871 9.10128779651131e-05 0.000114822899558931 0.0001010045336443 0.000156072300160304 0.000140640003519366 0.000127074681950035 0.000318939510907512 0.00040015492704697 0.000589921465143561 0.000326465463149361 2.52668525718036e-05 4.3994810039294e-05 0.000369618949480355 0.00028986606412218 0.000265992908680346 0.000695602071937174 2.21441773192055e-05 9.28020040191768e-06 0.00117171149468049 0.00129531044804025 0.00123243712587282 0.00211030292557552 0.00124504132545553 7.91827540524537e-05
0.000167039665393531 0.000146265381044941 0.000132754062360618 0.000511895975796506 0.000220283208182082 0.00080664994311519 0.000319762500294019 6.77816002280451e-05 4.43460614405922e-05 4.80221904581413e-05 0.000137677212478593 9.45726984355133e-05 4.39084746176377e-05 5.17027880050591e-05 9.52384837091813e-06 6.33543390904379e-06 4.84174538541993e-06 3.0383968987735e-05 0.000105551543674665 0.00519057563506067 0.00421789130195975 0.000302612106315792 0.000131293516460573 3.22108578984626e-05 0.000513064203551039 0.00170001279911958 1.2140791704951e-05 0.000158511736663058 7.97325774328783e-06 5.95783153585216e-06 0.000132912453409517 0.0003239448153181 0.000143696863233345 0.00011486660441733 4.72409990379674e-06 0.000317577509849798 0.000295136823842768 0.000243536621564999 0.000155671525862999 0.000384722463786602 8.86655038812023e-06 0.00109681974281557 0.00204265859210864 0.000880678632529452 0.00133298552245833 0.000267168694699649
0.000107675540130003 0.000179415851744125 0.000261569261783734 0.000735515294945799 3.01251946439152e-05 0.000874570332234725 1.07779115751327e-05 6.1140110847191e-05 0.000221132805745583 0.00024327649953193 8.63478220708203e-05 0.00014126832029433 6.43678044980334e-06 0.000429250656452496 0.000311324957874604 0.00010890862395172 7.87476124060049e-06 6.76427937378321e-06 9.41023077757563e-05 0.000280926920822822 0.000368990216520615 0.000134168067597784 0.000182360170583706 2.18440618482418e-05 0.0194010749459267 0.036293544061482 0.00325164378155023 3.89095224818448e-05 4.88525325636147e-05 0.000108043669024482 8.52937508170726e-05 0.000216826739779208 0.000288523713243194 4.76288396384916e-06 0.000101223812816897 0.000147025615297025 1.06073665847362e-05 0.000219605017628055 3.09921108055278e-05 0.000310889858519658 0.000796966574853286 0.000975008669774979 9.45285169109411e-06 0.00015682890516473 0.000560059907729737 0.000221415093983524
7.98876411863603e-05 0.00018622598508955 0.000574021780630574 0.00024948253922048 0.000206154397892533 0.000280864693195326 0.000598228571470827 0.000403285765787587 0.000299432540487032 0.000303813596110558 0.000342625885969028 0.000475014410039876 0.000350427934608888 0.000445062902872451 3.45513105003192e-05 0.000241197900322732 9.69440111475706e-06 0.000395661566290073 1.43750452480162e-05 0.000276588166889269 0.000705369975185022 0.00218468745588325 0.000535031752951909 0.000526150272344239 0.00125348601141013 0.00011669291270664 0.000668044373742305 0.000187808273767587 9.94260590232443e-05 0.00014080661276239 0.000110106902138796 0.0001523200320662 0.00014044145718799 9.13734147616196e-05 8.75462137628347e-05 9.08954923943384e-05 6.79495865369972e-06 0.000233946442313027 0.0001464339584345 0.000447186299425084 0.00313971664290875 0.000738079351140186 0.00123423967161216 0.000218747965118382 0.000350975026958622 0.000151100790390046
0.000553395309543703 0.000328328473551664 0.000366715189011302 0.000488905776001047 0.00047884481609799 0.00090769401867874 0.000499296467751265 0.000441511062672362 0.000562412787985522 2.58542479969037e-05 0.00021069518479635 3.36146785230085e-05 0.000425455078948289 0.000632825520006008 0.000591712065215688 0.000502132551628165 0.000438716840289999 0.000288490294769872 0.000481073766422924 0.00037408932694234 0.000358529928780627 0.000338224212464411 3.23977776133688e-05 0.000537948828423396 0.000543501596257556 0.000183942354487954 0.000123617331701098 0.000289542166865431 0.000395381603448186 0.000231755019194679 0.000158972385543166 1.54606806063384e-05 0.00015812867495697 0.000133244187600212 8.6722087871749e-05 0.000128573990514269 0.000290063986903988 0.00023685140768066 0.000108354960684665 8.75839177751914e-06 0.000122022400319111 0.000292366863868665 0.00231260147411376 0.00115439337387215 0.000588170970149804 0.00204190376680344
