Scripts_&_data/Maxent_result_files_1/Bombus_brodmannicus_2.asc
NCOLS 594 
NROWS 330 
XLLCORNER -15 
YLLCORNER 23 
CELLSIZE 0.166666666666667 
NODATA_value -9999 
[rows 80 to 99 of 330, columns 540 to 584 of 594]
1.36139710615879e-10 8.69497029931665e-11 4.69375649458925e-12 1.97809546520489e-12 8.46500647355697e-13 1.16121556814619e-12 2.79924972090839e-11 5.80965275887024e-12 1.2853662578749e-11 2.97407543037309e-11 1.40758626976378e-11 1.16093690216701e-10 3.98724275818552e-11 4.18109991073834e-14 2.83988388360967e-11 1.10378428619384e-10 6.2750804552536e-11 4.25398605230498e-12 4.46687131727685e-13 7.59381224568756e-11 2.24245211288832e-10 7.51874562610055e-11 5.63921020990676e-11 8.7908680335147e-10 5.52075404280927e-09 6.70679844994027e-11 1.72788117147604e-10 1.35820188429392e-10 1.14729337141739e-12 5.73541214521356e-14 1.69702585317566e-11 3.55585560996019e-11 1.82916570778957e-11 3.56647933408283e-11 1.05246034109996e-11 1.64305347105653e-11 4.6012083032565e-13 9.2148511043888e-16 0 3.63042929052426e-15 4.40513292510047e-11 3.29174465463211e-12 1.35924604904858e-13 5.55111512312578e-17 0
2.28022711823428e-11 1.72868719339192e-11 9.0436635957758e-11 4.12527079163283e-10 2.77580181062831e-10 7.4347139555897e-11 1.10358511218323e-10 5.25316457000713e-12 3.80662168453227e-13 4.30422364416927e-12 1.08615338945128e-12 2.36810571152546e-13 2.93630342262929e-11 8.28297874733153e-11 8.73733640993635e-11 2.28130736523724e-11 2.6744820802449e-10 6.23834317536875e-13 3.64264174379514e-14 7.64773022687848e-11 1.05550435058888e-10 1.09663611524979e-11 9.91544291117918e-11 3.30652616398197e-11 1.87529536344044e-10 1.09593358832427e-09 1.96418992182146e-11 5.77391690015361e-11 2.11458850429835e-11 3.91253696108151e-12 1.49017020945053e-11 4.07469835650431e-11 1.7996049095359e-12 4.7703174743674e-12 3.14253512101459e-11 1.05435216113392e-11 2.07389660999979e-14 1.88737914186277e-16 5.55111512312578e-16 0 1.77635683940025e-16 2.06878958408652e-13 1.55431223447522e-16 0 9.99200722162641e-17
1.9128988393291e-10 1.26855325133235e-09 1.12397668949882e-10 1.98250882377238e-10 4.1903180925118e-11 1.0368539360428e-10 7.00040025947146e-13 1.89626092605977e-14 3.4884136690394e-10 2.43847941838737e-11 2.14873674408977e-12 1.54025514564893e-10 9.01226093752428e-11 8.74224803659729e-11 1.77948966673114e-10 7.98770050103315e-11 1.33263600154976e-10 1.48730694427002e-11 2.64843702524331e-13 8.55182591408266e-12 1.38272171490428e-11 3.97632071713616e-10 1.50454160241509e-10 4.40046221683588e-10 3.88102305848292e-10 1.17533449639495e-10 1.79238512920676e-11 1.81528347908966e-11 5.82786574554461e-10 4.21266144190469e-10 4.61611082691604e-11 1.33787536604757e-11 3.67632924103134e-11 8.49533998703578e-11 1.7480727976249e-11 1.44534950674569e-10 7.13995529366684e-13 1.12354570092066e-14 2.99760216648792e-15 4.44089209850063e-17 8.88178419700125e-17 1.11022302462516e-17 7.7715611723761e-17 2.22044604925031e-16 0
6.00825056373822e-11 1.24296684056446e-10 3.1978775183461e-11 8.61141602470639e-11 2.55920840075419e-12 3.7979619449402e-13 8.78517258939837e-12 3.35855343536195e-11 5.15691378488725e-11 2.36905939310361e-11 2.34090524742214e-13 4.36931824054909e-11 3.44801409646323e-11 9.7727770320688e-11 1.13583809024931e-10 3.19678727933592e-10 9.36378197202714e-11 5.94457816305294e-13 7.82873765814429e-13 9.6135277516396e-11 3.8731950979809e-11 7.26019244723375e-12 1.21022192267617e-11 7.07182845616217e-10 2.4426075828643e-09 9.58772727877033e-11 6.55441589891836e-11 7.96168020400501e-11 2.91482726844094e-11 2.00773730973935e-11 4.12021861073697e-11 8.23053236675975e-10 3.9957448461081e-10 1.69171376906974e-10 1.94723570601241e-11 1.50723877823111e-13 4.99045249569008e-14 2.33701946683595e-14 1.52877710490884e-14 4.66293670342566e-16 3.88578058618805e-16 2.22044604925031e-17 1.11022302462516e-17 4.72066830070617e-14 5.93547433425101e-13
8.28129675944922e-11 2.99808955439573e-11 4.3236747515607e-12 9.10493902495091e-14 2.21198126482136e-10 5.22755660981034e-10 1.28907196028649e-10 1.35853280847087e-09 7.29313720526648e-11 1.91085702816451e-11 1.46962997327194e-11 1.3013757849123e-10 2.28715468786334e-10 3.4428415673915e-11 2.43764375351674e-10 5.01295116528411e-11 5.77157499570546e-10 5.4382547354237e-10 1.32782673745169e-14 1.72421188437966e-11 2.69668265495682e-10 3.87451293271113e-11 1.05185093968174e-09 3.98156085879009e-10 6.56074861105083e-11 1.304703456384e-10 1.23604571022895e-11 4.65724125930933e-12 1.81646753194542e-10 1.31594179997307e-11 9.15250097932585e-12 7.3974826264589e-12 1.40745270993392e-10 9.95636906253594e-13 2.83106871279415e-15 9.91462467681004e-12 1.03123720673892e-10 1.4418244376202e-11 8.40105762733856e-14 1.96964666798749e-12 1.70982117353446e-12 4.64184246595778e-14 3.33066907387547e-17 1.11022302462516e-16 2.71045408339887e-12
3.25948823487465e-11 6.0134119905797e-13 5.84020609650793e-12 9.11117292723418e-11 1.58726032317702e-10 1.09529141312237e-10 1.08585240798931e-10 1.07632236456823e-10 7.68562991027011e-13 4.80654938073144e-10 4.31059281602586e-09 5.92350057893043e-11 1.01720998291199e-10 5.24103195287395e-09 7.36678273938196e-11 1.1597373061889e-10 7.61786189684699e-11 1.17675391653194e-10 8.92064200286313e-14 1.38855593689868e-13 4.23175938735199e-12 1.69472547106864e-11 2.98320812497366e-11 3.21676241199498e-11 1.3371599383305e-10 3.13258863293697e-11 1.81933357268349e-12 7.49522111043177e-11 1.79809389599939e-11 3.64690388998667e-11 6.05563155176014e-11 3.20242721230102e-12 2.64122057558325e-14 5.45119505090952e-15 2.58721932766548e-12 3.68804986550231e-13 9.68780611287912e-14 4.15406598008872e-12 2.55351295663786e-15 2.65343302885412e-15 3.28070903776734e-14 2.87957435674002e-11 1.82533987924671e-12 4.03010957938932e-15 0
2.49411602482041e-13 8.8635765393974e-12 6.43854192183824e-11 8.28080715109536e-11 5.05229968972287e-11 3.39086647649367e-11 4.24662527365172e-11 7.56124274303715e-11 1.311069031118e-10 3.16560000435118e-11 1.91134619242916e-09 2.28141772140589e-10 8.94985596744391e-10 1.87681548080576e-10 1.01226682591715e-10 4.1302196107651e-10 6.84441392451163e-11 2.61513033450456e-13 1.4271672732491e-11 4.13558076672871e-14 5.60958057782557e-11 7.06986691412226e-12 2.45207187887786e-11 2.6740176739537e-10 1.12670661689407e-10 3.33266969576584e-11 4.28185487066912e-11 2.54164245205857e-11 5.17009768330468e-12 1.11655129586552e-13 1.72861724934137e-14 1.67110769666579e-13 1.63209223913441e-11 3.32289751270309e-14 1.9284573937739e-14 1.12132525487141e-14 8.63753513158372e-15 2.06501482580279e-15 2.77555756156289e-16 0 1.88737914186277e-16 1.41653355711924e-13 9.20896692235829e-13 8.77076189453874e-16 3.47472051132058e-12
4.76692019191205e-12 7.83333731213531e-11 7.14857506523003e-11 1.35953026614288e-11 1.57638235798174e-11 4.81583661837703e-12 4.86068851834887e-11 9.71991898079949e-10 1.06426611967692e-10 1.57457380467463e-12 8.76766215185398e-11 2.61039356796999e-10 5.49484235889963e-11 9.28658372423286e-11 2.29465557666231e-11 1.82860282471609e-11 2.88735702014264e-13 8.28115354067904e-14 6.09595707246058e-12 4.71511718558304e-14 7.87707676863647e-11 3.00515168305537e-11 4.45654291247877e-11 9.89947801510738e-10 7.17756964974114e-12 2.04547601079241e-11 4.94739693657209e-11 3.85839138417055e-12 2.68673971959288e-14 5.55111512312578e-17 3.60822483003176e-15 1.47659662275146e-15 3.44169137633799e-16 1.66533453693773e-15 1.33226762955019e-16 8.65973959207622e-16 3.99680288865056e-16 3.08642000845794e-15 2.44249065417534e-16 1.22124532708767e-16 1.11022302462516e-17 2.22044604925031e-17 1.22124532708767e-16 1.11022302462516e-16 3.17412762740332e-14
1.41122669106153e-12 1.80150339090801e-12 1.40340006282713e-10 2.84999246424888e-11 2.64301602825867e-10 1.09348086141381e-12 8.05688848970476e-14 1.16573417585641e-15 9.46132061585558e-14 4.56513715718643e-12 6.13710193775319e-11 7.51940620880021e-11 9.17330655880733e-12 4.78579176288463e-11 1.36264333150393e-11 9.13980002792414e-13 1.13144271729482e-11 1.09301456774347e-12 3.38043704140034e-11 5.92694782142189e-12 2.50766074572084e-13 1.08147268917946e-11 2.76554334988077e-12 1.33475365204916e-09 1.50924051034451e-11 5.24387977485219e-11 1.37910016739795e-11 1.6115331291644e-11 1.22999388452172e-12 1.28785870856518e-15 0 1.31006316905768e-15 1.21014309684142e-15 4.50750547997814e-15 1.11022302462516e-17 1.88737914186277e-16 8.32667268468867e-16 1.11022302462516e-17 3.88578058618805e-16 1.11022302462516e-17 1.11022302462516e-17 7.105427357601e-16 5.52891066263328e-15 4.44089209850063e-16 1.11022302462516e-17
2.22141527395081e-11 1.73699943317729e-12 1.97941663060419e-13 4.7269321790111e-11 2.57564589767334e-08 5.52860635050223e-10 6.07214278858237e-12 3.05511171916351e-12 2.87804224896604e-12 2.85164558633255e-11 2.49339437985441e-12 3.5826452915444e-12 4.43756142942675e-14 8.82615092123729e-12 1.02290398373839e-11 3.66593422285177e-11 7.66188557044245e-11 2.71596078960101e-12 3.77654907346425e-11 2.07764139226185e-11 1.15358422814182e-10 2.55417909045264e-13 7.41950945126746e-13 5.18751708256104e-13 6.08146866198922e-13 4.64448812742546e-10 1.11503029032178e-12 9.33697563709757e-15 5.25135490647699e-15 2.22044604925031e-17 1.47659662275146e-15 5.19584375524573e-15 9.88098491916389e-16 2.99760216648792e-16 4.10782519111308e-16 5.44009282066327e-16 2.22044604925031e-17 1.11022302462516e-17 1.11022302462516e-17 1.17683640610267e-15 5.30686605770825e-15 4.89608353859694e-15 1.18793863634892e-15 5.47339951140202e-15 1.46549439250521e-15
2.73477074319572e-10 2.68426247895803e-10 2.00609062694923e-10 2.40078634750063e-10 5.47294431996193e-11 1.75486625231258e-11 7.32778282497293e-11 1.27828571061528e-09 1.81912485075486e-11 5.29322363718165e-11 5.50829493128901e-11 2.34356456463303e-10 3.72798902859017e-11 1.83874582226906e-11 2.45666931242283e-11 7.34608707197992e-11 5.43360911819946e-12 2.03850158975172e-11 5.8657184665023e-10 5.78576542231701e-10 7.81129139149073e-09 8.72120153871947e-12 1.44567691151565e-12 5.57864865413649e-13 4.71378491795349e-13 1.17160708912323e-09 2.97539770599542e-13 9.99200722162641e-17 2.22044604925031e-17 2.22044604925031e-17 0 2.44249065417534e-16 4.9960036108132e-16 7.88258347483861e-16 2.55351295663786e-16 1.16573417585641e-15 2.33146835171283e-15 0 1.50990331349021e-15 1.7430501486615e-15 5.6621374255883e-16 6.0285110237146e-15 4.88498130835069e-16 5.92859095149834e-15 8.88178419700125e-16
7.77837461107822e-11 9.31269505954901e-11 9.88762516307418e-11 7.76161246385243e-11 1.72271219511799e-10 1.13629006204263e-10 1.08617081995277e-10 2.25637430961712e-10 8.10751865643056e-10 8.98105256830206e-11 5.91665605398362e-11 6.18910911409643e-10 4.71746086638802e-11 6.93204715851437e-11 1.16629406132773e-10 1.68765335040177e-11 1.07862718756735e-11 4.09617340046964e-11 1.29450683505894e-10 2.40939046491917e-11 2.44254616532658e-12 2.39370745447331e-12 3.59899887669712e-12 7.13229475479693e-13 2.16382467499443e-12 1.26156862734206e-12 2.22377671832419e-14 9.99200722162641e-17 1.46549439250521e-15 6.81787959422309e-14 1.17493570428451e-11 9.57345314134272e-14 4.04787314778332e-14 8.88178419700125e-16 5.55111512312578e-17 1.77635683940025e-16 6.66133814775094e-17 4.77395900588817e-16 1.16573417585641e-15 2.88657986402541e-16 1.11022302462516e-17 7.105427357601e-16 5.55111512312578e-17 1.11022302462516e-17 4.34097202628436e-14
3.03943503698889e-10 1.43067646618533e-10 7.64615259996049e-11 9.55372669864118e-11 1.83169571732478e-09 2.54597487536756e-10 4.70831529320037e-10 1.53378088008083e-10 2.08597639161923e-10 9.74189950930793e-11 8.60776894207049e-11 6.72139677249106e-11 1.43013068054643e-10 9.71496993962262e-11 2.37117359080941e-10 2.317409597552e-11 5.28200261307177e-11 1.21398180397136e-10 7.26740556622474e-11 5.02572095051335e-11 5.67618618774191e-11 6.80111633677427e-11 1.86066202445545e-08 6.25974827528353e-12 4.69357885890531e-12 1.36823330443292e-11 4.99625230077072e-11 1.02844177618522e-11 2.48441378580821e-11 8.84547990409601e-13 3.48774342739944e-11 2.63826738233774e-12 9.18356501955486e-12 6.54964971147365e-13 3.66373598126302e-16 6.69464483848969e-15 1.39390721187738e-12 1.76847425592541e-13 3.33066907387547e-17 3.66373598126302e-16 5.10702591327572e-16 2.79554157600614e-14 4.77395900588817e-16 8.30313595656662e-13 2.58815191500616e-13
9.46776720356368e-09 3.78405584644526e-10 1.11404163671835e-10 3.86633836058081e-10 1.02090802478472e-10 5.7042782719563e-10 6.84571098252818e-08 1.25046950572028e-09 3.61382990199388e-10 9.43154998545026e-11 3.49632200968841e-10 1.62177971052557e-10 2.42894011570627e-09 6.88449075525455e-11 6.17604878350164e-10 6.49599929403166e-11 9.05223340730288e-11 2.35003364101871e-08 2.92100010845786e-11 4.59345228520647e-11 2.31056163091381e-10 9.6755692347017e-11 6.46077189525585e-09 2.04883072507656e-08 1.46001115641781e-08 6.2479799112225e-12 1.34459110512353e-13 6.4594551929531e-11 7.8205553144528e-11 7.80521092202946e-11 5.16444220721723e-11 2.19466667061852e-12 3.39765215962018e-11 2.43762232621236e-11 6.78235245743508e-14 4.71622740860767e-14 7.02038427391471e-13 3.88578058618805e-15 1.88737914186277e-16 1.4432899320127e-16 2.70894418008538e-15 9.78106484694763e-14 1.81361592410667e-12 2.49294807019851e-11 1.30959687538734e-12
5.24033128002088e-10 3.90185317389324e-10 4.16448542317482e-10 4.88437700618682e-08 1.73731162789181e-10 1.41533522901582e-08 2.10998187655242e-07 1.18041167063154e-07 1.13443296884119e-06 1.82515413338358e-08 7.37228611491503e-11 4.46894332650771e-10 3.8302120597411e-08 1.37802391719788e-10 1.93017302141385e-10 1.44237766175337e-10 4.23373303082286e-10 9.61948087851994e-10 7.35686844777206e-11 1.12328912837967e-10 8.38470071151676e-11 1.65779834304658e-10 4.91107376987543e-11 2.74498983099392e-08 1.36746425294376e-10 2.3392399128852e-14 4.27324842178223e-14 1.05297437436036e-11 1.22757359832804e-13 1.82076576038526e-15 9.88098491916389e-16 4.37941904962713e-12 2.65328425896882e-11 1.88359872144161e-10 4.95214425022539e-11 7.22599757807529e-13 1.34037225762995e-13 1.20015108961979e-14 1.83186799063151e-14 5.19140286314723e-14 2.59126053947512e-14 1.94300131539649e-13 1.89785964721523e-12 8.89333051645735e-13 2.38628894422277e-11
5.82956741324026e-08 4.14770739975978e-10 2.41975006698425e-10 1.26373600473073e-10 4.96155205886861e-07 1.03261429998946e-06 1.47337699341055e-07 1.63013485154906e-07 2.94692285318643e-07 5.83144124766122e-08 1.42730394170343e-10 2.80342415948098e-13 4.61963800546528e-13 1.61739510673442e-12 1.14173626108993e-10 2.71056299627759e-10 4.15372181095108e-12 1.13178622029864e-10 8.66873239857569e-13 1.65516489403217e-12 6.1926019867542e-13 4.14668299697496e-14 3.37668992766993e-10 4.4049219827258e-11 1.92701410384188e-13 7.21644966006352e-16 1.43218770176645e-15 7.7715611723761e-17 9.43689570931383e-16 4.10782519111308e-16 2.73003841755326e-14 1.81104242713559e-11 1.63382640749887e-12 8.40664204915242e-12 1.83464354819307e-13 2.93781665661186e-12 7.54063478325406e-14 1.39555034195382e-14 1.77635683940025e-16 2.36233255179741e-13 9.21607234971589e-13 1.82102111168092e-12 1.28092314533035e-11 5.06661490540239e-11 2.54167686897233e-11
4.40278175861675e-07 1.07711191488225e-07 1.34599362766608e-09 2.46284275196018e-09 9.49773664471465e-07 4.63796747534051e-06 3.18635420604174e-08 6.86571104213662e-07 1.48253231913031e-10 1.27220456391797e-13 1.76680892138847e-13 4.10566059150241e-08 7.1433414861044e-08 4.1364867087168e-11 3.73798769714995e-12 3.63762853172744e-10 1.60286928174713e-09 3.93463039927155e-13 1.55653268052447e-14 4.72399896978004e-14 2.95097279945367e-14 1.48769885299771e-15 2.20934381900406e-15 1.20237153566904e-14 3.77475828372553e-16 3.21964677141295e-15 2.59814392222779e-13 5.21804821573824e-15 3.71036534829727e-13 2.62179167265231e-13 5.58286750163006e-13 8.22675261247241e-15 4.32431868091498e-14 3.66151553521377e-14 1.06900621688055e-10 5.18474152499948e-15 1.05361275259952e-12 1.06581410364015e-15 3.88578058618805e-16 7.02771174587724e-15 7.25863813499927e-14 8.15281175903237e-13 2.16129336649828e-12 1.90330085025892e-11 5.58775248293841e-14
5.63083579763202e-11 1.76167014309669e-10 3.88816090435284e-11 9.9564800848384e-13 9.02722341322715e-14 2.31086261237579e-12 6.89703849587886e-13 7.89257548206024e-14 2.30737651207846e-13 2.51274723250816e-10 8.79566419698108e-12 5.467898356315e-11 2.84715251375189e-11 4.57822668664676e-13 1.34225963677181e-13 3.38468666427616e-09 5.0819221386611e-09 2.00968131025547e-12 1.29096733303413e-13 8.45241654445772e-12 2.09821493513118e-11 4.17110790351671e-14 5.09592368302947e-15 2.57571741713036e-15 1.67643676718399e-15 1.30011557075704e-12 4.37018199406225e-12 3.45836848048009e-10 1.98097993564517e-10 2.08288941649926e-13 2.39227204712478e-10 1.0079048706757e-11 8.13358380646889e-11 1.34694921882783e-10 2.10612638440466e-12 1.46549439250521e-15 2.66453525910038e-16 8.03646038605166e-13 1.38189459875093e-13 4.11419787127443e-12 4.92939022933569e-15 6.01507732511664e-12 6.51878551138907e-13 9.8375640966708e-12 3.30901428480246e-10
3.55274698549124e-12 8.33675350975227e-12 1.42134526370796e-11 1.74716885403825e-10 3.64475241099171e-09 9.31730692599331e-11 1.5626022698001e-11 5.70221647677727e-13 1.36281430584972e-11 5.12343834024875e-11 9.74352487581598e-11 2.24928700109928e-09 1.20026603100953e-09 4.06497632221559e-09 1.55098156540134e-14 2.75668377014426e-14 1.0386160342879e-08 1.63407065656429e-12 1.56404889040118e-12 9.5590202420226e-15 6.55690723938562e-11 1.32481914327798e-11 1.83741910575463e-14 1.72376557472376e-12 6.73448630195139e-11 7.51344209071192e-11 1.25938881545551e-10 7.2949012386303e-10 1.52225610583479e-07 3.30361737965745e-11 9.31588139962969e-13 9.20842402329924e-11 1.19306231560756e-11 1.05637243397183e-10 9.54136769593106e-13 3.44169137633799e-16 5.27800025906799e-14 4.70734562441066e-15 6.25055562863963e-15 3.71069841520466e-13 7.88741294499573e-11 2.97519797687329e-10 1.50255958786261e-09 8.75266081834525e-11 6.72744082663712e-12
4.82747952723628e-11 2.87055379466494e-11 4.66031768731057e-11 4.77350603489413e-11 1.27527628157598e-07 1.29433318618588e-08 6.56115484165554e-10 1.24996901718077e-11 5.34849173838836e-09 5.5724500569454e-10 3.38421402013012e-11 2.04216326071815e-09 5.57488311070387e-10 2.23118967745961e-11 3.44003468932819e-08 1.1016093592886e-10 8.65638671854185e-12 8.30602120416302e-10 1.59532456578404e-08 6.67813850996346e-08 2.94363633468464e-10 3.89366316966289e-12 3.17734727417474e-13 8.32238045145317e-10 4.95865015714969e-10 2.15656947855081e-10 1.91765712198588e-09 1.94556393218193e-09 5.69369040803736e-10 1.22364451904389e-11 3.75599551460937e-13 3.557154570899e-14 4.31688018665e-13 3.31623617455534e-14 6.16873219172476e-13 2.51954013208433e-12 1.99540384215879e-12 1.78712600273911e-13 5.71152856121415e-09 2.66061617182345e-12 2.21159757174405e-12 4.3381964687228e-12 1.27331478694259e-13 7.26962934294306e-13 5.80213654899353e-12
