Scripts_&_data/Maxent_result_files_1/Bombus_ruderarius_2.asc
NCOLS 594 
NROWS 330 
XLLCORNER -15 
YLLCORNER 23 
CELLSIZE 0.166666666666667 
NODATA_value -9999 
[rows 105 to 125 of 330, columns 276 to 321 of 594]
0.40340439081192 0.395035961270332 0.396488037705421 0.396209424734116 0.376268073916435 0.361664098501205 0.336248749494553 0.331043961644173 0.314464598894119 0.123608168959618 0.126918843388557 0.334024021029472 0.13316309005022 0.0426737647503614 0.087229810655117 0.111809248477221 0.185850535333157 0.0963492132723331 0.0926515772938728 0.0202946716919541 0.0456044897437096 0.0261416302993894 0.0694142084568739 0.0470257703214884 0.0627290666103363 0.0844109661877155 0.107971650362015 0.140400084853172 0.0632607441395521 0.0348235016688705 0.0387340754270554 0.0287545578554273 0.023781793564558 0.0247332870960236 0.0253234010189772 0.0252526747062802 0.0320777971297503 0.0333833931013942 0.0387176275253296 0.110126069188118 0.0676078956574202 0.0414699543267488 0.0310247126966715 0.0198224954307079 0.0179652760736644 0.0614453479647636
0.332227596640587 0.365453180670738 0.354421758651733 0.245324289798737 0.0917855143547058 0.059871381521225 0.0897373154759407 0.235023136436939 0.230797176063061 0.167258314788342 0.102694816887379 0.0271125335246325 0.0208329847082496 0.0230506967753172 0.0195099227130413 0.0212470144033432 0.0261099599301815 0.0475424870848656 0.0187953433953226 0.0231018735095859 0.0302406230941415 0.0795447900891304 0.0792182706296444 0.0460092283785343 0.0387674283236265 0.033856138586998 0.0257891159504652 0.0519661590456963 0.0249915305525064 0.019727817364037 0.0234261596575379 0.0441992487758398 0.0322532299906015 0.0288720715790987 0.0303942298516631 0.0547054149210453 0.0658673848956823 0.134613053500652 0.0340077731758356 0.0964796058833599 0.156945892423391 0.0640201225876808 0.0332268510013819 0.0248147575184703 0.108484572172165 0.0197533472441137
0.083412766456604 0.279625101387501 0.239635628461838 0.240424871444702 0.0576441418379545 0.0946966856718063 0.089479137212038 0.13653642386198 0.211204896867275 0.127192053943872 0.0251080771908164 0.0263481941074133 0.013949579000473 0.025642298348248 0.0598939325660467 0.0274434391409159 0.0198807903565466 0.0266884880140424 0.0258255034685135 0.0281809601932764 0.0158932904712856 0.0706474594771862 0.0974926896393299 0.0837511166930199 0.0439954578876495 0.0124650172889233 0.0105905085802078 0.0192680235020816 0.0422776095569134 0.0611564315855503 0.0812090218067169 0.144097612798214 0.0468918427824974 0.0420857639983296 0.0198833767324686 0.121488207578659 0.053686785697937 0.167695386707783 0.0716757841408253 0.0393269445747137 0.0691774107515812 0.0755153365433216 0.0457026105374098 0.0311986550688744 0.0227428102865815 0.01970170205459
0.303442829847336 0.23333818167448 0.122858713567257 0.234599749743938 0.13641431927681 0.113921619951725 0.121059273928404 0.183633051812649 0.215319417417049 0.103079561144114 0.0896611645817757 0.0240419236943126 0.00615137596614659 0.0388206515461206 0.0207243439741433 0.0206719072535634 0.0494304515421391 0.050385894998908 0.0637686245143414 0.0680763594806194 0.0521972060203552 0.0419858142733574 0.0179499668069184 0.0468055132776499 0.0190931976772845 0.0228630924597383 0.0182115714065731 0.012003455683589 0.013609276805073 0.0477762460708618 0.093589274585247 0.0313270084559917 0.00897639482282102 0.0179141556844115 0.0172911669127643 0.0328354217112064 0.115494950860739 0.0457493264228106 0.0281473472714424 0.0773713409900665 0.132069767266512 0.0850102268159389 0.171165555715561 0.156446014344692 0.0992775678634644 0.0636446692049503
0.151190759241581 0.107810905575752 0.0931231826543808 0.195588298141956 0.231712721288204 0.08796476572752 0.109159979969263 0.0900407314300537 0.107530261576176 0.0524376098066568 0.00890006762929261 0.0241314301267266 0.0475503489375114 0.0564730159938335 0.127004237473011 0.0672297887504101 0.027013786137104 0.0188365994952619 0.0487609934061766 0.0623703006654978 0.0212664594873786 0.0151759506203234 0.0147890952415764 0.0442626563832164 0.0125749691389501 0.0180089409463108 0.0398564696311951 0.0229602333158255 0.0165821732021868 0.0469842046499252 0.0701845891773701 0.0210975603200495 0.018383966665715 0.0132692120037973 0.0162745142355561 0.0546324748545885 0.0245605120435357 0.0190955819562078 0.0235422737896442 0.0225566650740802 0.0945440795272589 0.0362385760992765 0.0333706416189671 0.0465859696269035 0.103208836913109 0.0223749946802855
0.117852295190096 0.0724963340908289 0.0298108067363501 0.0271322125568986 0.0611451752483845 0.116238647699356 0.121813288331032 0.0542165663093328 0.0664967190474272 0.0263308258727193 0.00707280803471804 0.0517277304083109 0.0576072108000517 0.0891771294176578 0.130299945920706 0.165976482629776 0.0709489591419697 0.0764234967529774 0.08825409039855 0.091611322760582 0.0526244346052408 0.0226117234677076 0.019433968141675 0.0288876134902239 0.0281503425911069 0.0133683381602168 0.0160567802377045 0.0167091823183 0.0427126705646515 0.0163194702938199 0.064219756051898 0.0383218040689826 0.0553401496261358 0.0371861198917031 0.00816857796162367 0.0367515034973621 0.0550834842026234 0.0531255196779966 0.055714051052928 0.0532376289367676 0.0365360002964735 0.0279481222853065 0.034462726674974 0.0193285771645606 0.161726179718971 0.0595806084573269
0.10421050041914 0.136873286962509 0.109840666502714 0.0353610426187515 0.112460983544588 0.0939128920435905 0.0880067102611065 0.0255590006709099 0.0809686530381441 0.0530014403164387 0.0257495563477278 0.0292429611086845 0.0232394084334373 0.0549010131508112 0.0172092288732529 0.0201467201113701 0.113242568075657 0.103249487280846 0.0223135884851217 0.0430129963904619 0.0158031181432307 0.0402083471417427 0.0576915733516216 0.0163903428241611 0.0413224760442972 0.0373875733464956 0.0107245752587914 0.00739881996996701 0.0343287447467446 0.0316697437316179 0.0280315853655338 0.0157053009606898 0.0343026764690876 0.0362850677222013 0.0426878023892641 0.0123884898610413 0.0347727913409471 0.0736569799482822 0.0544332794845104 0.0532272219657898 0.0543724060058594 0.0725332289934158 0.0654095318168402 0.049071642011404 0.0480164047330618 0.0814436182379723
0.0263353925198317 0.118124091625214 0.101191782206297 0.0924036242067814 0.0689767479896545 0.103135602921247 0.0685453362762928 0.0324491996318102 0.115393371134996 0.0887740038335323 0.0235004965215921 0.0252627909183502 0.0232711277902126 0.0288424078375101 0.021572551690042 0.0263293828815222 0.0755278822034597 0.0804604075849056 0.0564715404063463 0.0472079750150442 0.0228856550529599 0.0383455570787191 0.0534229435026646 0.0721558716148138 0.0954567320644855 0.0294488165527582 0.0261416126042604 0.0331721873953938 0.01698601199314 0.0180089772678912 0.0799127988517284 0.0403220593929291 0.00996934375725687 0.00902199121192098 0.0208639595657587 0.0131098224781454 0.0210312459617853 0.0453159403055906 0.038695458509028 0.0759821508079767 0.0917799562215805 0.0701448358595371 0.0502921372652054 0.0780435815453529 0.111249066144228 0.103457842767239
0.0742758575826883 0.0327254634350538 0.0248874753713608 0.110122618079185 0.085629840940237 0.11060953810811 0.0538347721099854 0.0313530379906297 0.0242760930210352 0.0197725953534246 0.0262826174497604 0.0234028505161405 0.0327567739412189 0.0240785798057914 0.0325133983045816 0.0724663816392422 0.0554832886904478 0.0360108530148864 0.0182586072012782 0.0193741926923394 0.0182410329580307 0.0428130965679884 0.0430352965369821 0.0370949752628803 0.0177934780716896 0.103997804969549 0.0560211271047592 0.0428372476249933 0.0198623667471111 0.0139512097463012 0.0176456007175148 0.0269998464733362 0.0212961874902248 0.007330003939569 0.0100584082305431 0.00662100254558027 0.0115098617970943 0.0114194349385798 0.0421950984746218 0.0421837536618114 0.12391597405076 0.386729425191879 0.124524866044521 0.248308390378952 0.0914036884903908 0.0638368722051382
0.126995865255594 0.0349392917007208 0.0725714314728975 0.102053019404411 0.107442057132721 0.0201321843080223 0.0274038249626756 0.1007065564394 0.0229567117989063 0.00900473361834884 0.0167387576773763 0.04675950743258 0.0804788194596767 0.091508799046278 0.116291113197803 0.0366950882598758 0.0304134204983711 0.0554205764085054 0.0504986893385649 0.0243550987914205 0.0463045980781317 0.075533801689744 0.0558399420231581 0.0419998055323958 0.0179886124096811 0.0650072067975998 0.0497684985399246 0.0462869506329298 0.0356278941035271 0.0229467820376158 0.0337656131014228 0.0359960582107306 0.0505114082247019 0.0288458183407784 0.0245799966156483 0.0445398207753897 0.0671933382749557 0.0410820711404085 0.0500383276492357 0.107229171320796 0.0363303359597921 0.0478894542902708 0.0960808873176575 0.110992887616158 0.0683440305292606 0.0842740803956985
0.0355673070997 0.0738557003438473 0.104451499134302 0.0934195972979069 0.0233981009572744 0.0225993493571877 0.0224883243441582 0.0752594210207462 0.0192673426121473 0.0265214396640658 0.0204875247552991 0.0302979918196797 0.0759783111512661 0.0856737837195396 0.10513372272253 0.0809523120522499 0.0294573154300451 0.0348121654242277 0.11749439612031 0.0769537962973118 0.0648855052888393 0.0353471983224154 0.0458048097789288 0.0400766668841243 0.0745021302253008 0.0575070381164551 0.0727852001786232 0.0381249397993088 0.0169331642799079 0.0244616582989693 0.0400289604440331 0.0856202743947506 0.0933206871151924 0.0761625021696091 0.0518083121627569 0.0414020664989948 0.046517838165164 0.0663277074694633 0.100271762907505 0.0129633046686649 0.0297845846042037 0.0144980640150607 0.0290402894839644 0.243501132726669 0.100715690851212 0.152975327521563
0.0682137344032526 0.217333963513374 0.0863289169967175 0.0777466233819723 0.0894130602478981 0.0212157499976456 0.0181889245286584 0.0491071321070194 0.0614264693111181 0.0270699374377728 0.0638152047991753 0.0331140916794539 0.0314859116449952 0.0746504943817854 0.0647606059908867 0.0839264906942844 0.0987352959811687 0.108491556346416 0.0486210808157921 0.0455394681543112 0.0898914486169815 0.0669780272990465 0.0394299406558275 0.0983473300933838 0.0829146936535835 0.0646892890334129 0.0720767341554165 0.0645805675536394 0.0748879980295896 0.0702364578843117 0.0573465347290039 0.0587465386837721 0.0757101491093636 0.0616757001727819 0.0795509450137615 0.0769133545458317 0.042273074015975 0.0664237167686224 0.107082922384143 0.0858852695673704 0.0742800839245319 0.0351886449381709 0.034406085498631 0.116091846674681 0.110683386027813 0.0569791477173567
0.203111137449741 0.115817718207836 0.0365451946854591 0.10478738322854 0.0920719690620899 0.0282316083088517 0.0270298935472965 0.0706554718315601 0.0237287320196629 0.0243743158876896 0.0269083680585027 0.0293957177549601 0.0464896034449339 0.10157550573349 0.0930029772222042 0.0950601294636726 0.109838629513979 0.178803233802319 0.106034424901009 0.0914087906479835 0.0737594857811928 0.0804129533469677 0.0480655133724213 0.0694980300962925 0.0964770957827568 0.138724180310965 0.0428087048232555 0.0614267569035292 0.0664785344153643 0.0447055827826262 0.078536518663168 0.0890748098492622 0.0888788461685181 0.0800191625952721 0.076878610253334 0.0745279833674431 0.0894437350332737 0.089294345676899 0.0702718853950501 0.197051277756691 0.0844750121235847 0.11657545119524 0.0871418856084347 0.0863711558282375 0.113600713759661 0.111512783914804
0.284259207546711 0.167787820100784 0.160774241387844 0.116638012230396 0.140551529824734 0.0269904602319002 0.0202201202511787 0.0252246383577585 0.0231279622763395 0.0557523604482412 0.0564481437206268 0.0703682783991098 0.0291608667001128 0.137503475695848 0.0940800681710243 0.0885632738471031 0.0854584932327271 0.147257786989212 0.0588403958827257 0.0509284928441048 0.0716724306344986 0.108592834323645 0.0218688271939754 0.067945521697402 0.102717681974173 0.0773573987185955 0.0858660332858562 0.0442716378718615 0.0186256508342922 0.0613621283322573 0.0623330932110548 0.0682123638689518 0.0832135848701 0.0889014184474945 0.0913798242807388 0.0889064654707909 0.0893236391246319 0.0763210594654083 0.0747012719511986 0.0781896859407425 0.0886670425534248 0.198544599115849 0.168445514142513 0.104406751692295 0.0888515569269657 0.0546909388154745
0.203582699596882 0.229863332211971 0.468405219912529 0.0759194664657116 0.161374847590923 0.058354077488184 0.0169894217513502 0.0232043288648128 0.0206102543510497 0.0633118592202663 0.082852877676487 0.0692882105708122 0.0281596655026078 0.121863675117493 0.0661960739642382 0.0712223276495934 0.0808454602956772 0.187977778911591 0.0620080452412367 0.0805969156324863 0.0604208070784807 0.0844723537564278 0.0788220956921577 0.106136746704578 0.145335202664137 0.0869214072823525 0.0746089287102222 0.075850036740303 0.0750621378421783 0.0715147614479065 0.0652247570455074 0.0648947108536959 0.0842633776366711 0.0948436707258224 0.0940339207649231 0.108618196845055 0.0781935565173626 0.101271072030067 0.0918152958154678 0.0809968121349812 0.0793021559715271 0.0772226817905903 0.0634351193904877 0.138497667759657 0.144640252739191 0.0844805710017681
0.173455017805099 0.177055478096008 0.168676383793354 0.0719591867178679 0.0610525541007519 0.0817845702171326 0.039646552503109 0.0173114788718522 0.0508607070893049 0.0834134757518768 0.0852839663624763 0.0314232531934977 0.028671114705503 0.205281779170036 0.0673032213002443 0.0950486339628696 0.0711499083787203 0.0760287642478943 0.135666006058455 0.256505490839481 0.0582373611629009 0.106070324778557 0.0719419732689857 0.179825177788734 0.277220602333546 0.0748055219650268 0.0854046702384949 0.107655230909586 0.0883982114493847 0.0741859443485737 0.0679063152521849 0.0318181212991476 0.107536818087101 0.120818796753883 0.100247469544411 0.0851292341947556 0.0825028732419014 0.0978632107377052 0.0803811408579349 0.0737140901386738 0.0825817935168743 0.0748915284872055 0.0776362173259258 0.0681751918047667 0.344159884750843 0.064820347353816
0.156131960451603 0.108408082276583 0.0943624436855316 0.0893060982227325 0.0667548932135105 0.0671446841210127 0.022895915620029 0.0435295034199953 0.0284918045625091 0.0523562647402287 0.0719810348004103 0.0428748033940792 0.0771042261272669 0.0890514768660069 0.197808124125004 0.0485342849045992 0.0308263706043363 0.0986642114818096 0.113425323367119 0.073595280200243 0.276596564054489 0.119659012556076 0.0523057516664267 0.0685329593718052 0.106054478883743 0.110786970704794 0.0947035379707813 0.0490774296224117 0.105626551061869 0.0982363566756248 0.102222452312708 0.0680666036903858 0.108422903716564 0.138484020531178 0.125064589828253 0.0971146054565906 0.0864746682345867 0.0859712824225426 0.0823704898357391 0.0732675291597843 0.084538472443819 0.0903354920446873 0.0740573398768902 0.083966676145792 0.171094089001417 0.0731407433748245
0.103000529110432 0.0706017747521401 0.0790482703596354 0.0301838921383023 0.0624003421515226 0.0203683614730835 0.0160615636967123 0.0159257706254721 0.0447044476866722 0.086528354883194 0.0856771647930145 0.117658090591431 0.12708722949028 0.0205234184861183 0.174585685133934 0.0308791207149625 0.103718038648367 0.0311784541234374 0.136234753578901 0.116944141685963 0.13585215061903 0.288146498799324 0.0609623350203037 0.0948877662420273 0.067199145630002 0.0916014924645424 0.114880406856537 0.107984215021133 0.0969871632754803 0.096936022490263 0.0893817730247974 0.0852430894970894 0.0921972259879112 0.0843380749225617 0.094089649617672 0.0938250251114368 0.0923637226223946 0.0884786486625671 0.0850803561508656 0.0782326944172382 0.07955157533288 0.0792296849191189 0.083149653673172 0.11252393424511 0.0921914406120777 0.0559688050299883
0.0718504708260298 0.0591102063655853 0.0881503872573376 0.0313435208052397 0.0502164490520954 0.0193172692321241 0.0397163471207023 0.0570662003010511 0.0510289132595062 0.0261906739324331 0.0292181771248579 0.0779479347169399 0.430793499946594 0.0547893743962049 0.191443137824535 0.0666637640446424 0.0968798615038395 0.107767126709223 0.0831143088638782 0.0525877267122269 0.102887798845768 0.104148797690868 0.112467736750841 0.112524043023586 0.0782642483711243 0.0929999202489853 0.0851345464587212 0.110107896476984 0.0888840898871422 0.108016246557236 0.111565455794334 0.105794886499643 0.0933890983462334 0.0997360728681087 0.084185154736042 0.0810050748288631 0.0964528828859329 0.102552629262209 0.0824150465428829 0.0960502974689007 0.0909019760787487 0.0826167829334736 0.097206899523735 0.124693256616592 0.071337566524744 0.0615152757614851
0.0809267573058605 0.0348418951034546 0.0787119653075933 0.0499422129243612 0.0584410522133112 0.0696448020637035 0.0704395063221455 0.0680154919624329 0.027800764515996 0.0988454565405846 0.0540237825363874 0.14258736371994 0.245824472606182 0.103794191777706 0.0849143706262112 0.0539018496870995 0.0857819743454456 0.0787567805498838 0.090514700114727 0.123262874782085 0.0770760513842106 0.131425246596336 0.116358847916126 0.0862418077886105 0.0678193207830191 0.0987734764814377 0.100441179424524 0.117088142037392 0.0987635925412178 0.104400000721216 0.115629398822784 0.105342987924814 0.112688674777746 0.110312030464411 0.0804661557078361 0.0630910664796829 0.0883860990405083 0.0690967433154583 0.0919447332620621 0.0995904490351677 0.138657976686955 0.0764249183237553 0.0909745194017887 0.0827558621764183 0.0704048354178667 0.0871629849076271
0.060905783623457 0.0839399464428425 0.0352161394432187 0.0830969594419003 0.071987010538578 0.0792565375566483 0.0333727644756436 0.0314509497955442 0.029787965118885 0.114492309838533 0.207492652535439 0.172116449475288 0.247771228849888 0.189498826861382 0.0565497368574142 0.0882651679217815 0.0751240134239197 0.0338505761697888 0.109034617990255 0.118236430734396 0.11770042181015 0.138081479072571 0.118974708765745 0.162723548710346 0.129756836593151 0.104119883477688 0.124482567608356 0.0995240807533264 0.108300289511681 0.0913109168410301 0.110506190359592 0.0838118009269238 0.0288547214120626 0.0434758644551039 0.0439947057515383 0.0767356760799885 0.0893922373652458 0.0762945547699928 0.0727588422596455 0.0758950270712376 0.0859333448112011 0.0862735323607922 0.0873856373131275 0.0835145808756352 0.0724904324859381 0.0642335742712021
