Scripts_&_data/Maxent_result_files_1/Bombus_persicus_3.asc
NCOLS 594 
NROWS 330 
XLLCORNER -15 
YLLCORNER 23 
CELLSIZE 0.166666666666667 
NODATA_value -9999 
[rows 189 to 209 of 330, columns 329 to 375 of 594]
0.000120355150474438 0.000173924932352065 0.000173346486420201 0.000131353611203622 0.000134448471001747 0.000124261857945385 0.000112931904067182 0.000104569190133219 0.000105386155703968 8.20601697704149e-10 0.000300683601963669 0.000121502504675775 0.000105248120018331 0.000106196968910233 0.000179853246338491 0.000373747523870016 0.000673097862463301 0.00250158610434014 0.00264945940507502 0.00631047217378979 0.0139796219252958 0.0153368662034154 0.0080475430545757 0.0133954902669057 0.0101534305421957 0.00832438565483629 0.0307080118612202 0.00773724750097049 0.00972998824995059 0.00862309241147532 0.0132797827693345 0.0130950070166616 0.00329747918585783 0.000392933531475137 0.000611004286110983 0.000836028435514891 0.000324920193133948 0.000811495148082031 0.0018434148732922 0.00216569018048176 0.0063280186616514 0.00773933712889487 0.00644771657235026 0.00504462748743273 0.00463936371619211 0.00313110661260523 0.00282350011611584
0.000125286089772203 0.000123540499318153 0.000125247418112906 0.000126340911214129 0.000133199758997193 0.000132661350977514 0.00013385412913749 0.000132776442711702 0.000137571724866348 0.000133229652178102 0.000131464226166145 0.000121516987215387 0.000153413784096301 0.000147161278903241 0.000124292718845709 0.000743522572593847 0.000876804682054433 0.00762503987478969 0.00273103269583243 0.00412648395488216 0.0119177351138731 0.0251432267427845 0.0129775374692827 0.0135047542906307 0.0115961325840942 0.0100683667897158 0.0335696869964831 0.0102837051053307 0.0101467063780611 0.0103586145302721 0.0114943465448876 0.0167273066750148 0.00456754943879787 0.000835952938177797 0.00328147822729079 0.00156172661227174 0.00107177325153316 0.00501524491440051 0.00493916985600238 0.00363664637854706 0.00389163160513172 0.00552803316238339 0.00857176093182233 0.00537300622187207 0.0129893367175126 0.0172496369371018 8.09589062455984e-12
0.000128483667320722 0.000131589332107751 0.000127793297896517 0.000206958762644194 0.000125715370467105 0.000126704032648206 0.000120801036929663 0.000119349268059921 0.000116857766153089 0.000127756070378382 0.000145984938831134 0.000181126097851347 0.000209118546138143 0.000192459635991327 0.000157597539885046 9.99360606328992e-05 0.000177092499715847 0.000266045782131863 0.00175290112691722 0.00160799596244132 0.00660939971713282 0.0174198381497264 0.0234127180132418 0.0210498056860388 0.0140649190369118 0.0148714750929059 0.0167852618758104 0.0172760198768401 0.0143985807511427 0.0129947341174294 0.0136649559118425 0.0162628082083515 0.0130682225997109 0.00387823020282667 0.0092316537046738 0.00316614407929592 0.00328260576934554 0.00790640307240977 0.0156741587529382 0.00721462618526019 0.00206365053600166 0.00131596056635317 0.00223275157950422 0.0086154417025071 1.77635683940025e-16 0.0287591747095602 0.000549355692419395
0.000136146198767051 0.000223111647202479 0.0001417472631843 0.000128371146102779 0.000221104444731424 0.000233137678039375 0.000137595988825012 0.000132188101417796 0.000128605801103276 0.00029268459601639 0.000334867094017433 0.000177996440504558 0.000224412593820489 0.000233209250143318 0.000191868775164039 0.00020468080305136 0.000189635738661309 0.000197396456337628 0.00104321145017864 0.00437208625305148 0.00347084678651617 0.0203563009382898 0.0088031194860289 0.00955069623133804 0.0170505351942666 0.0208350157353379 0.0104204820093527 0.0123877008754675 0.0192463304427292 0.0193622784218689 0.0185985896277145 0.0215014923841977 0.00850867149265166 0.0039294599351706 0.00254801823757589 0.00858804504569496 0.00883630454041651 0.00584605518547726 0.00614348904769386 0.013076172534295 0.0131618818667619 0.0095182403345575 0.00250878095394257 0.00337774743219192 0.00597327919620625 0.000485609519508645 0.00135246096585889
0.000144817303687717 0.000143072945193978 0.000131403350108172 0.000138429855833522 0.000140599388355156 0.000133609001184709 0.000137860922910704 0.000137942415302916 0.000146265783607191 0.000164459060763988 0.000199119929675362 0.00011225325731985 0.000195814418981399 0.000233242107140086 0.000259917231346662 0.000280368181233825 0.000276731697022115 0.00029782199312649 0.000933765879689297 0.016467089340755 0.0106734023355759 0.0144505990394651 0.00206826633002564 0.00236758776882203 0.0194682103407105 0.0278675308560198 0.0175820957485485 0.0176064450004148 0.0342001803803214 0.0321307357481146 0.024867609995772 0.0195030712337683 0.00577443204820157 0.00796746644239082 0.0034146580597735 0.00814478543496534 0.00923724375922745 0.0205756450376498 0.012677768804059 0.0121358649003923 0.00500813565789819 0.00427403581854617 0.00414453463297138 0.00953974696454907 0.0200892344252823 0.0117638367205018 4.31482126066696e-05
0.000146974693281265 0.000145315564873982 0.000147634337583469 0.000143496365419793 0.000152550364119008 0.000151863916039474 0.000172144187499157 0.000168349669627332 0.00036056322484157 0.000218246908877973 0.000220969844673391 4.36084292307015e-05 0.000229097208659823 0.000283011234103014 0.000332578112534065 0.000382817333638741 0.000394076123893683 0.000381269674426221 0.00146961667778892 0.000633662329868656 0.00278781788994076 0.00949123544375182 0.00245426374317327 0.010388452526469 0.014224324687403 0.0219922871570794 0.0228612745588189 0.0213746711568093 0.00169668865856034 0.0255352589018457 0.0218169271394913 0.0192665480166511 0.025380930437359 0.0243159078096369 0.0209769660681104 0.0141896115011718 0.0142405578414355 0.0198672658867054 0.0115803199252696 0.00699988370903313 0.00710258853850405 0.00591242868489914 0.00477572569011508 0.00583513677619294 0.00445230155035059 0.00582104413027764 0.000599178171524151
0.000168286019340513 0.000162123073487663 0.000351186744044607 6.96234374257809e-05 0 0 0.000146555020590888 0.000219248631704261 0.000492788604353223 0.000311640973103522 0.000162229505934874 0.000571914657889083 0.000365975860847811 0.000463965490189366 0.000608524977405978 0.000614545807002287 0.000685338721996231 0.00110905867532067 0.00127523959894598 0.000418923795587034 0.000342498580039319 0.000236503792490461 0.000241167044800183 0.00325840517472782 0.00288759429255941 0.00475824678143103 0.0291924317105524 0.0137321514140587 0.0588109354430375 0.0158397125071843 0.0252151468938791 0.0241313084581179 0.0223548459601261 0.0589640329752168 0.024202831575667 0.0289586425529706 0.0316989353239478 0.0313024507744558 0.0162254260239024 0.0125418316762534 0.0187791023059617 0.00880148137321157 0.00940137215861796 0.0101946776924251 0.0143205974275588 0.0457107942997485 -9999
0.000169447556519486 0.000163029186676766 0.000157294707836542 0.000156343962803618 0.000167693523552259 0.000189947627031017 0.000212219278064651 0.000150452023788361 0.000391829465286264 0.000435090811868122 0.000248909727456315 0.000635269506165059 0.000777180533259525 0.000893684680886508 0.000762853490414273 0.000787064607629873 0.000765387846695376 0.000511945105290579 3.55516907703191e-05 0.000686537074216176 0.000584571059334849 0.000470816067263513 0.000312977646364487 0.000284470811915583 0.000179098868523031 0.00118143892294147 0.0051707731970394 0.00835410719258849 0.0299843908307926 0.0180095337022422 0.0276876839998307 0.101191867713351 0.024489873828179 0.0815056265455951 0.0265748381291814 0.0258797739292277 0.0480459271173459 0.0385055337865197 0.032325658737318 0.0315914780483581 0.0138740454149229 0.0200668879191653 0.0114568557719394 0.0233886651192734 0.0197962099052896 8.58572947436742e-05 -9999
0.000319645875509877 0.000516693271892699 0.000235227637581492 0.00030377271517672 0.000474376844366631 0.000252631967383365 0.000324857597283312 0.000965826418253979 0.00122921349744289 0.000398819471729439 0.00122596616432418 0.0150367926617037 0.799998015165329 0.00316951477876112 0.000856215903513657 0.00103911991227506 0.000782582713873126 0.000910751779451857 0.00101600295383832 0.000757809179413016 0.000571391357880202 0.00123242769582034 0.000387054719770674 0.000246065498233472 0.000191981038377553 0.00289671374632524 0.00956396900174902 0.0265854994132941 0.0436096681745545 0.0424260508034208 0.0303299297222611 0.0337328027468176 0.0271919024815361 0.02949553030885 0.0191967210994337 0.0183042089367519 0.0151473343815326 0.0203150315439417 0.022212697710348 0.0303227164840812 0.0298171966598606 0.0231247863965113 0.015869720694914 0.0216825438467004 0.0137186122534384 -9999 -9999
0.000233145190851491 0.000290398876890041 0.000393119181750845 0.000294470565373328 0.000503310401647528 0.000407482471658227 0.0004837289668842 0.00185588209663901 0.00107756513870015 0.00365095819567498 0.00303152150131218 0.00321938653082725 0.0104115367868079 0.00594029558015612 0.00165889522759244 0.00136968452425208 0.00112542112165102 0.00221199675629677 1.66533453693773e-15 0.00239919492200923 0.0015834031036952 0.000481737826157769 0.00032497718659954 0.000268033555803104 0.000665843597312865 0.00776993452709985 0.00761683738703716 0.0460380359923799 0.0828561590136881 0.0400856120398869 0.0275972615219655 0.0744926591533127 0.121416189393744 0.0196525592204808 0.0254833954168147 0.017067545181727 0.0150097327012193 0.0289086237666215 0.0140120005402541 0.0318491003665941 0.0203363181136414 0.0135754898481849 0.0307012368168997 0.0628389246417623 -9999 -9999 -9999
0.0037359904269925 0.000830983070793456 0.000995265961113767 0.00046005218890024 0.000450634890042512 0.00038206062665056 0.000964988242504727 0.00184658455149247 0.00204426349583834 0.00324461553207384 0.00244319332275325 0.0057773201940039 0 0.00753960620986687 0.00187612476038339 0.00128308366583951 0.00114938535516558 0.00313358505978383 0.00452567167500391 0.00208582383043847 0.00157053570747064 0.00106928928133039 0.000296162678338874 0.000537351570329037 0.000672613135060374 0.00289863071449324 0.0126330804673616 0.0198141424282211 0.0205203404823976 0.00758900372679818 0.0621278641212324 0.104650449529015 0.0509487202604528 0.0434051489632112 0.097864339454236 0.0268783540381265 0.0247225245242611 0.022599198101677 0.0250139717716215 0.024107043298102 0.0238843962278979 0.0231582299980801 0.00277653029735644 -9999 -9999 -9999 -9999
0.306512203812599 0.0271661454424105 0.0751785228494555 0.0297365283826366 0.00231502668985897 0.000602632150674232 0.00152873913561962 0.00349256129295851 0.00434828693068994 0.00611214517617782 0.00487384067760149 0.0037692347105349 0.117973941305723 0.00192408975599392 0.00167211214502458 0.00176231060977443 0.00176928056171164 0.00450628999903984 0.00124658245404135 0.000910767716050032 0.00150526717977701 0.000488942077026877 0.000366971122321047 0.000285302492693518 0.000268677793568783 0 0.00393059306836964 0.00589762560333162 0.0697176155306856 0.028891472608575 0.0530734732980694 0.0695989080012728 0.0456754870334512 0.0166451288858303 0.039382477100196 0.0205070246742255 0.0335750322076138 0.0203273027628337 0.00975932877204491 0.036778179796687 0.0338158600461611 -9999 -9999 -9999 -9999 -9999 -9999
0.106180165521801 0.154049803875387 0.0894234869163484 0.118753447849303 0.0697915881872177 0.000685842451066776 0.0170039387916432 0.00602299497040804 0.0099941308319103 0.00972426033435723 0.00775353288259298 0.00509164560972182 0.00495698647188272 0.00250359980236681 0.00333299306585104 0.00552476974149272 3.65408003855094e-10 0.00416895936513234 0.00352671875084539 0.00123650355235441 0.000754135673378187 0.00056084090283548 0.00040695923335079 0.000306959451881994 0.00290159279812149 0.00022198945668741 0.00742747078452431 0.0234968799461798 0.0348830946655738 0.0122008662116741 0.0514657622628874 0.00520045213576885 0.0587023908384089 0.0504708416629161 0.0301611731920519 0.0233774276232004 0.0295015392999818 0.0284796166244079 0.0209358686681437 0.0174444839488444 0.00811149172381036 -9999 -9999 -9999 -9999 -9999 -9999
0.033555752970285 0.0415111700887792 0.20109768471084 0.0376327122899966 0.0711508850530208 0.0294018120970577 0.0140576359539409 0.0303706123318989 0.1089003699366 0.0262379124255301 0.0127597473125206 0.00845312953276789 0.00679992191508078 0.0493335614009247 0.0232766909385807 0.00480358778913796 0.00581012571778956 0.00444535296871891 0.00424501800212056 0.0546891382762283 0.00316824264978095 0.00268496037451382 0.00554370239674427 0 7.78491752321475e-05 0.000290455342042151 0.000248742927510648 0.000657567639551626 0.000636113718693831 0.00809892084223128 0.0968906845099696 0.0285577392234295 0.0156622686976318 0.041887514470136 0.0534449933142547 0.0495485534777951 0.0555338718062785 0.0765912537538309 0.0347293817059281 0.0250494029372931 0.0173362982063281 0.0588322632366744 0.0237623730208725 0.00217256705145701 -9999 -9999 -9999
0.0441512367171526 0.00035838841912611 0.00308901900560979 0.000588894250839633 0.0642552624922327 0.10321983233525 0.0514120003252414 0.0211887879879215 0.0262367565883894 0.171493727064683 0.0760420909500681 0.188601893186569 0.0853139723792992 0.0728210398933175 0.039835959685297 0.0740562100206942 0.0132405871165248 0.00919955274230233 0.489785546933126 0.9 0.00453660766101223 0.0112666590212317 0.00205818801112859 0.00144915375482526 0.00101478148889693 0.000836350218363513 0.000274797889892398 8.1036996518391e-05 0.000493768894130753 0.00601706721186046 0.0625797762558425 0.0538918869666632 0.0325507482573904 0.0481318458147378 0.0365367383620991 0.0269046956798501 0.0468955254504635 0.033858352549704 0.0157853880729022 0.0219021135417279 0.0238737804937045 0.00307722269972146 0.0190354867934919 0.00560209002579768 0.000573562168210628 -9999 -9999
0.000573638808213595 8.44746300002752e-06 1.04960828150369e-05 0.00138887425052303 0.000130439337300459 5.89983168839625e-05 0.00121979839970828 0.0105026664060858 0.403335402905941 0.0662184162996709 0.166400572817764 0.369783349335206 0.287779012322426 0.277480148896575 0.150401245229295 0.155263183923671 0.143174098990761 0.21818174015897 0.0818235770990055 0.0118400649124932 0.00689343888307121 0.00467660792232891 0.00408090642769513 0.000725207135110395 0.00048537238044446 0.000380850645387909 0.000710227651401152 0.000224635888757518 0.000194075138721672 0.000156812157991482 0.011472751037252 0.0430953854244384 0.0374953753866504 0.0404714188992498 0.0560915126773191 0.0429039995680397 0.0279938765475737 0.063621088393931 0.0376058015084709 0.0207907767831064 0.0059705821062412 0.00399135914978812 0.00112671158116129 0 0.000374426676168593 0 -9999
0.00131236759630825 0.00114088514162802 0.000604357735389094 0.0148311021213431 0.00894571869548599 0.035656896380533 0.0022074599844359 0.00143618514295798 0.000714357112881947 0.00583836670613443 0.0103196555632199 0.00684422786122596 0.0215828536113008 0.0113377358000315 0.224159480631351 0.103621533699334 0.121615251153707 0.104305512085557 0.46960997898183 0.415235170722008 0.0143512896109895 0.0075878152965388 0.00690939868937256 0.00349137649548766 0.00165598616001718 0.00147702351066019 0 0.000909910048906226 0.00419246029969977 0 0.00101573423182444 0 0.0134934863583166 0.0139245549429965 0.0218825269383389 0.0520897520600121 0.0342702715564351 0.0249096980010194 0.0419859051005915 0.00638020030919808 0.000947869121792266 0.00194819403358366 0.00808094770453225 0.00288674950459843 0.00175964013928933 0.00702582509020431 0.00139862770479484
0.00101140871941108 0.000984455198501932 0.000221335380704257 0.00218103042279623 0.0112014587735757 0.0683261779770095 0.0049060221452919 0.0678800335561641 0.0177071114241699 0.0086759319239718 0.00530471230435978 0 0.00154913930091083 5.57427864244509e-05 0.000576445981823781 0.277697114273906 0.0944211485795677 0.203092571720481 0.249003774672747 0.0376927772722418 0.0114397128694719 0.0895513255149348 0.0739915586543304 0.00398289388241749 0.00566915635958202 0.00333727844232817 0.0017185273487712 0.000586746911494629 0.00175867604849174 0.00159460995920849 0.0011003814712371 0.000305615827301153 0.000923962034210468 0.00101659700563346 0.000681429967130498 8.7639618158164e-07 0.0519543540031849 0.0200691412541914 0.022345586289417 0.000592939205344578 0.000522080842886663 0.000757527262943825 0.00497664944260906 0.00503277843741637 0.0150620781049351 0.00279452845308306 -9999
-9999 3.97814001903085e-05 0.000292847970891563 0.00177269672568912 0.000130756229407236 0.00119791284118379 0.00282129503788688 0.000982768864070993 0.000268029951612803 0.000323363314000447 0.000270544161891684 0.0120763729821192 0.000244415573047929 0.124697630200535 0.039012025622651 0.00015679509670008 0.000571123672048246 0.0509378854384977 0 0.747068724036217 0.172935170965411 0.00414824206772852 0.796914058923721 0.0812851054593921 0.0169970312913335 0 0.00908921039736551 0.0117415342464028 0.0202935995544181 0.0034520667336297 0.000952300120843574 0.000736860635061021 0.000868373699792802 0.00492863453757155 0.00852903257892913 0 0.000305750362167601 0.000394370875170169 4.24431442877404e-05 7.37663411821909e-05 0.000117190588204297 0.000146451726549668 8.56391771973608e-05 0.00155165950263746 0.00189212414730946 2.41782620824527e-06 -9999
-9999 -9999 -9999 2.18647322469678e-13 0.00146830787271673 0.000243549111149899 0.00017600441979333 0.000723272357102722 0.00967202186210448 0.000503429296218128 0.10374101841262 7.02558274497389e-05 9.40222831980808e-05 3.6263074434828e-05 9.43130027795003e-05 2.44721693889005e-05 4.30473177851054e-05 0.00020679633889974 2.43442533246707e-05 0.0993185293398025 0.323886764049875 0.0390826736192906 0.0271183282347234 0.232367051835172 0.0510524002835249 0.0275072721997276 0.00805347338043822 0.00681500871201592 0.00750246725306631 0.0165231146547415 0.112218863027649 0.0203749800212989 0.00431664175660399 0.00199502095631827 0.016204477739557 0.596705743838583 0.00263664951794726 0.000792128211082854 0.00443949303590203 0.00024828646139099 0.000450425374319263 0.000194427746465942 0.000312006652932784 8.47207735432676e-07 0.0033220664203327 0 -9999
-9999 -9999 -9999 -9999 -9999 -9999 0.000264057176355859 2.39912899587358e-05 3.0162205168438e-05 5.93682386343497e-05 0.000409156408838784 0.000358702670627054 0.00801656941357578 0.00054680563686933 0.00286339313137414 0.700030610484828 0.700180901156273 0.700064614601433 0.000167608003910591 2.21433292608708e-05 0.000157719571143555 0.606142086582258 0.558866558969021 0.00846613683736413 0.00746096369001066 0.0195521668181755 0.0224857207151075 0.0184665449178283 0.0691888943039658 0.0782843572169441 0.134415726613119 0.0194256492031741 0.0532372125310894 0.109980178624392 0.736289423704147 0.376021857559681 0.190252933997646 0.0312771014534121 0.00168476881227662 0.0013697898440661 0.00640928069466966 0.0238035822870154 0.336846647039056 0 0 0.00376518108345238 -9999
