Scripts_&_data/Maxent_result_files_1/Bombus_mesomelas_3.asc
NCOLS 594 
NROWS 330 
XLLCORNER -15 
YLLCORNER 23 
CELLSIZE 0.166666666666667 
NODATA_value -9999 
[rows 200 to 219 of 330, columns 45 to 89 of 594]
-9999 -9999 -9999 -9999 -9999 -9999 -9999 -9999 -9999 -9999 -9999 -9999 -9999 -9999 -9999 -9999 -9999 -9999 -9999 -9999 -9999 -9999 -9999 -9999 -9999 -9999 -9999 -9999 -9999 -9999 -9999 -9999 -9999 -9999 -9999 -9999 -9999 -9999 0.0946735831808246 0.0343767007144038 0.0161756827052975 0.299766042083502 0.636404061317444 0.0126465502224164 0.000142833469399761
-9999 -9999 -9999 -9999 -9999 -9999 -9999 -9999 -9999 -9999 -9999 -9999 -9999 -9999 -9999 -9999 -9999 -9999 -9999 -9999 -9999 -9999 -9999 -9999 -9999 -9999 -9999 -9999 -9999 -9999 -9999 -9999 -9999 -9999 -9999 -9999 -9999 0 0.379995384384529 0.00517504353570075 0.020470331949766 0.0157461930456168 0.13188229776697 0.137755035609007 0.0839863542700186
-9999 -9999 -9999 -9999 -9999 -9999 -9999 -9999 -9999 -9999 -9999 -9999 -9999 -9999 -9999 -9999 -9999 -9999 -9999 -9999 -9999 -9999 -9999 -9999 -9999 -9999 -9999 -9999 -9999 -9999 -9999 -9999 -9999 -9999 -9999 -9999 -9999 1.58667872174334e-09 0.258964394323993 0.00347079013687948 0.00339176238864525 0.00285426696266104 0.00438332740267384 0.0161818956010393 0.553107680380344
-9999 -9999 -9999 -9999 -9999 -9999 -9999 -9999 -9999 -9999 -9999 -9999 -9999 -9999 -9999 -9999 -9999 -9999 -9999 -9999 -9999 -9999 -9999 -9999 -9999 -9999 -9999 -9999 -9999 -9999 -9999 -9999 -9999 -9999 -9999 -9999 -9999 0.0250318582786349 0.136676905753258 0.00465621105439764 0.00285056164405658 0.00476512060483856 0.0169939920237475 0.0224210648790351 0.0237322744253106
-9999 -9999 -9999 -9999 -9999 -9999 -9999 -9999 -9999 -9999 -9999 -9999 -9999 -9999 -9999 -9999 -9999 -9999 -9999 -9999 -9999 -9999 -9999 -9999 -9999 -9999 -9999 -9999 -9999 -9999 -9999 -9999 -9999 -9999 -9999 -9999 -9999 0.00602568539213861 0.0102011836798738 0.0109291941396003 0.0259913165058403 0.0057506251286668 0.0261671795651918 0.050695466902107 0.00991262614825246
-9999 -9999 -9999 -9999 -9999 -9999 -9999 -9999 -9999 -9999 -9999 -9999 -9999 -9999 -9999 -9999 -9999 -9999 -9999 -9999 -9999 -9999 -9999 -9999 -9999 -9999 -9999 -9999 -9999 -9999 -9999 -9999 -9999 -9999 -9999 -9999 3.81255139392245e-07 0.00198805254562838 0.116765297419624 0.00306099251929023 3.72332656373153e-08 7.76610088273344e-05 0.00118847655222381 0.00469258023532973 0.000227957965114456
1.76536156215601e-07 0.0947121135158436 -9999 -9999 -9999 -9999 -9999 -9999 -9999 0.0947103741995045 2.71797429007847e-10 -9999 -9999 -9999 -9999 -9999 -9999 -9999 -9999 -9999 -9999 -9999 -9999 -9999 -9999 -9999 -9999 -9999 -9999 -9999 -9999 -9999 -9999 -9999 -9999 -9999 6.61803020385321e-08 1.17529549346518e-05 8.41334319279241e-07 2.5921582318067e-06 1.29459829678602e-07 3.20274981580049e-07 0.0947142521364039 0.160114251008395 0.0955584501284648
2.79243795753281e-08 1.96269894692236e-07 2.93697535536097e-07 4.62973185555438e-07 1.87834275355847e-08 1.6686573023339e-07 6.50013226577428e-09 3.69961503654537e-09 1.93369060763615e-09 1.89225245472713e-09 1.21630513549853e-08 4.29950430813619e-10 1.19851016888717e-09 4.96843446384787e-09 4.96676832995036e-10 0.0947102922231018 0.094710290486242 -9999 -9999 -9999 0.0947105123972576 3.13701127296895e-09 0 4.90579392664614e-09 2.8185916933765e-09 -9999 -9999 0.0947104008262145 0.0947103079169165 -9999 -9999 -9999 -9999 -9999 -9999 1.94104098349968e-08 3.86365302524894e-06 2.91311463840316e-10 3.04125289796175e-07 1.52673936415493e-07 1.06441769671672e-06 0.0986500445843227 0.0952577982431227 0.0948025843011493 0.00754125674575336
0.094710337158194 0.0947104041140247 5.97452832584722e-07 8.98595358165277e-06 0.0177463846602372 1.84588237883698e-07 6.75971664666486e-06 6.06843250422484e-06 1.3419036787532e-06 4.15994601210556e-08 1.05443840292541e-07 1.52140183040661e-07 7.67597766038186e-07 8.34648824048489e-06 9.60912782602685e-06 2.87920709439504e-05 0.000185851889679078 8.71475710151337e-08 1.16475886380307e-08 1.28378863095691e-09 4.50977123422902e-09 9.08106734254233e-10 1.40637804435517e-07 6.66415823969535e-05 3.41245724500006e-07 7.67468623952272e-07 0.0632126875869192 4.04449076341073e-08 6.13353033906971e-07 1.46608514220992e-06 5.62934232561929e-10 3.97002588692352e-08 2.47653941343184e-07 0.0947105427607424 3.52593550964064e-06 3.28054291469648e-06 1.64184938745926e-05 3.03689360769965e-08 7.35814194285922e-07 1.76903531330375e-06 2.14727214975396e-05 0.000237697382263191 0.0627914493825301 0.257378782471642 0.0750660252815578
6.40047882238814e-07 0.0947124323355343 2.95720315984349e-05 0.000307849198453436 0.334380860672455 0.0060078084470654 0.7 0.76321205496788 0.419201774895191 0.276367653999478 0.529748275876045 0.7 0.600000025131155 0.7 0.699998980760574 0.689426529407501 0.656884151697159 0.12241668204548 0.314064050442539 0.27511803121306 0.16755698162815 0.00640207714360095 0.540025264024734 0.501111683249474 0.366402127221227 0.277865463495255 0.00488102377489668 0.000669803907921063 0.10246232998647 0.0394599627934678 0.0450158545954764 0.0727260414331568 0.00193282819010765 0.399404602125287 0.121953061735258 0.245761253684759 0.507787203043699 0.505128784477711 0.510471513867378 0.393755797296762 0.278007245995104 0.586178651452064 0.1113785228692 0.0113622221389051 0.159597190143541
0.0947105555512312 2.81466798979224e-07 0.000689615984346403 0.407583146134471 0.7 0.699085122346878 0.7 0.7 0.7 0.7 0.7 0.351531488075852 0.7 0.620044302940369 0.359534714696929 0.544442618824542 0.7 0.699976748228073 0.414746084809303 0.0630782511280813 0.699053543806076 0.248928967118263 0.509262173995376 0.523687130212784 0.282112304866314 0.0473782423490775 0.620680493116379 0.202312964759767 0.282758398447186 0.514156374335289 0.0690236953552812 0.0709529054642189 0.346459908410907 0.495082971453667 0.0309669634152669 0.632754772901535 0.019983845592651 0.277820167690516 0.0673083240166306 0.202787514403462 0.695092499256134 0.691800326108932 0.7 0.7 0.7
5.00710584105946e-15 0.124491255410248 0.536779190147027 0.532825684547424 0.185629703104548 0 0.307089327144058 0.411186646670103 0.437458197215295 3.19190451847362e-11 0.100000000000003 4.60990760897673e-08 0.332940310612321 0.23766387305368 5.55111512312578e-17 0.478554502161569 0.7 0.7 0.483268983667949 0.21535291460732 0.0582051481353119 0.170454337942738 0.00033897068458798 0.119209396309907 0.179096703941468 0.0203506337769795 0.162371129356325 0.189858403801918 0.0110829846349588 0.0047320745456318 0.111354016512632 0.074630654649809 0.302589116990566 0.177384212426841 0.0481061596423388 0.00108909086455107 0.37550932019949 0.0255887131977943 0.212757808249444 0.579342424869537 0.697171193361282 0.698215425014496 0.7 0 0.7
0 1.44755318842726e-12 0.681237828731537 0.316373593173921 0.0545589194967761 4.04176255207389e-05 0.0416732698780834 0.000122366078605718 0 0.00185368313235665 0 0 1.234586615384e-07 0 0.00582354710550135 0 0.100017122001443 0.458416782319546 2.18887112815036e-05 0.0430903898745243 0.00257009550396378 0.000290108666732181 0.00785067330097036 0.0202558869719269 0.00115671382407854 0.000129284821565179 0.0155979209579527 0.245984654501081 0.0215110016251856 0.00782424281678686 0.0954717217915459 0.026732001779601 0.00241991111224706 4.91617440527392e-05 6.36187629220686e-05 0.18008715400331 0.401732774401535 0.0879420575758559 0.187026944574153 0.0226611098806079 0.0103787578512612 0.172010254260385 0.42354279011488 0.677946746349335 0.459455869289515
0 0.115351535379264 0.101684565577019 0.000479227894625112 5.55111512312578e-17 0.155221586744387 0.00586114367812343 2.00950367457153e-15 0 0.0167086522014394 0.000590791350099096 0.00233341808997096 0.0975683650531194 0 0 0 0.0367302157108497 0.0091223867892918 0.00185445569356233 0.00217346927341922 0.000600739921279825 0.00127696006199483 0.00336858484633638 0.00681227153538515 0.0414114664890803 0.105757635459304 0.0454615610651672 0.0117087388876826 0.292435477674007 0.168623876338825 0.0455469643499441 0.00936433756046568 0.0711815638476088 0.000130560366867449 0.000363240331975234 0.000202133777250069 0.000428661246504713 0.400039549010276 0.00396091341972356 0.233580614393577 0.0275146907876734 0.00538999606929735 4.96519804492834e-05 0.00441392869744625 0.0181349349056906
0.395270265627187 0.144949817705492 0 0.29572198393289 0.00931733762063231 7.80120396956074e-05 3.54974358163229e-07 0.000428475430621411 0 0 0.000222362503262019 0.00750828881035268 0 0 0.0222014035504145 0.000544404884276872 0.00859390203150951 0.00215023110892645 0.00260524646314195 0.00224576836647259 0.00132397299284221 0.0016042265107707 0.00143472606277086 0.00687961790416409 0.0563628452131525 0.466814301442355 0.121824496684584 0.418411881235079 0.166888542599736 0.108460208059114 1.81396740784878e-06 0.00073649645075865 0 0 0.0368240900286764 0 0 0.00094750019076969 0 0.1 0.160382355935328 0.214346020715311 0.0348594240233183 0.063663673631163 0.0040974785324579
4.4703728340445e-05 0 0.00268719460982538 0 0.0398508633096981 8.07684980408396e-05 2.84125294742088e-05 9.22861598251501e-10 0 0 0 0.00488165719539211 5.77050798433953e-05 0.0283515995833714 0.00501720972881401 0.00776202874007081 0.0216759567952238 3.50941498084012e-12 0.00401190194876975 0.00451176533401281 0.00364200473020446 0.00403123477861556 0.015062851971292 0.00921627904736803 2.80444930988999e-07 0.000407376775486767 0.230487314802139 0.00228909044283072 0.164269030616296 0.318053774861255 0.204320381218504 8.7319757160742e-05 0 0 0 0 0 0 0 0 0 0.101958633163185 0.0200550815802792 0.000512164167158602 0.0027734198423385
0 0.00230940683600238 2.3198715071171e-08 2.18853351596771e-07 0 3.80717679604459e-13 0 0 0 0 0 0.00210246040351194 0.000245388272804625 0.00054854844908867 0.041519547105937 1.93438925544243e-08 5.55111512312578e-17 0.00427866128049663 0.0633188863244868 0.011399602412083 0.0707166563098078 0.00437972832711537 0.0553854069512454 0.150326031919167 3.22594395640863e-11 0.0114235811330911 0.131636230067488 0.00541243689229987 0.000621767907752968 3.95168911038191e-08 0.00304017004345951 0.1 0 0 0 0 0.032275130891594 0.0432560819568891 0 0 0.109024127404655 0 0.0160669940411026 0.00267672185891001 0.000232235754170063
0 3.53918886618843e-05 2.19325913062396e-05 0.0155076947289103 2.26678737796138e-05 2.62635590608795e-08 0 0 0 0 0 0.00170887092008343 0 0.00517552137118571 0 0.000351233994192213 0 0.0496287357445453 0.00457709457569209 0.00499965230977324 0.00507288316534868 0.0127440708723782 0.375221508443065 0.00978270566919548 0.0285348702456318 6.32501197028734e-07 0 0 0 0 0 0 0 0 0 0 0 0 0 0 0 0 0 0 0
1.94515769734394e-05 0 0 0 0 0 2.32036612146658e-15 0 0 0 0.00017513627246899 0 0 0.0264841059833998 0.00846392411788202 0.00169604980749108 0 0 0.0290698741221788 0.0114376747090148 0.000173056316577402 0.050774759456462 0.218116396497051 0 0.171540105509621 0.0122818673104632 0 0.00203628786584887 0 1.41909499369319e-06 0.149754863261863 0.143446336220376 0 0 0 0 0 0 0 0 0 0 0 0 0
3.04903055026173e-09 0.00160714561833373 1.17585762517969e-05 0 0 0 0 0 0 0 0.00521718289074641 0 0 0 0 0 0 0 1.55431223447522e-16 1.56347625186237e-05 0 0 7.03545890399893e-05 2.75037863548544e-06 0.0345102746220618 0 0 0 0.00789688736622907 0.0302890140577119 0.0373636613454075 0 0 0 0 0 0 0 0 0 0 0 0 0 0
