Scripts_&_data/Maxent_result_files_1/Bombus_brodmannicus_2.asc
NCOLS 594 
NROWS 330 
XLLCORNER -15 
YLLCORNER 23 
CELLSIZE 0.166666666666667 
NODATA_value -9999 
[rows 120 to 139 of 330, columns 405 to 449 of 594]
0.000163497094308696 0.000172478510285146 0.000184107403947564 6.04813139575278e-06 5.57702759751422e-07 1.45406081852872e-07 1.86243733921732e-06 2.60809962240316e-06 2.30956641233959e-07 1.17655958398188e-07 1.22263317015037e-07 2.85398257759972e-07 5.62942191728588e-07 8.94094560799363e-07 2.30367776421492e-07 4.3453405589311e-07 0.000278074480784341 2.64147131893155e-06 1.1300668801062e-06 9.07640776164342e-06 0.000109820865969823 0.000287162106178585 0.00144873463113981 4.52897867309066e-07 5.76293378573567e-08 0.000886629855449428 3.85538913194594e-07 7.39754848488872e-09 1.13759303976835e-07 4.22090957563626e-07 1.4572432548432e-07 1.26172232550736e-08 1.61967472545044e-08 2.03810266552473e-08 2.03532607989665e-08 2.112856790637e-08 1.69398139737709e-08 1.33810539648671e-08 9.16094029745906e-08 1.42907391365021e-08 1.12368066962354e-08 8.61820966813198e-09 8.58489560551234e-09 4.86296964918864e-09 5.16677264192911e-05
4.40510733494826e-06 3.48098837391619e-06 1.22201686632017e-06 5.40566167039902e-07 1.69032499230948e-07 1.93729968567258e-07 3.5670887785777e-07 2.29721863361787e-06 6.63691485158768e-07 9.43373354289623e-07 1.40445353333796e-06 2.24632013626547e-05 1.74347871052305e-05 1.4298391038059e-06 1.42390813465454e-05 1.05071620194686e-05 2.15205888434156e-05 7.20801526708392e-05 2.5268053390759e-07 2.51632934156198e-08 1.62233872158524e-07 2.03351497229942e-07 1.7156633878912e-06 9.91239795877785e-07 1.06515740072588e-07 3.06919476211753e-07 1.51871869276121e-06 2.06502984353429e-06 3.18676626449133e-05 7.370822658892e-06 1.01430702137417e-07 1.0342584086942e-07 1.69149838147309e-07 1.75319308737265e-08 2.71969161680374e-07 1.97008096836093e-08 1.68064757333219e-08 1.48920291653809e-08 1.23641399008001e-08 1.14041449394975e-08 9.40030583373996e-09 1.6105308453529e-08 7.85411675363612e-08 4.66306964264085e-08 3.00824281873613e-07
8.5324603624759e-07 1.57838855541215e-08 1.55252239786297e-07 8.84911836696034e-07 3.55768766093778e-06 3.83325382870225e-05 2.59085031613093e-06 2.42523982819876e-05 9.6000223145154e-06 3.06601525049688e-06 3.1257394139228e-06 2.87460519872162e-06 5.6782127656696e-06 1.43814990137825e-06 6.68905814416032e-07 5.04899740527698e-07 2.45322244502022e-06 2.90214623137608e-05 1.65483959425505e-05 2.19859544003942e-07 7.73251671581931e-09 1.3170434807197e-07 8.6732961679381e-08 3.0613942753055e-07 1.65034229411276e-05 1.38936798549594e-05 8.75211146826871e-06 7.17875590908079e-05 0.000124376798294179 7.27333795339291e-05 6.78503059763358e-06 1.43230152622742e-06 2.15789600854777e-08 1.34571745302736e-08 1.6483121914046e-07 1.4746355847528e-08 1.71675284654782e-08 1.49043339114918e-08 1.22959874282458e-08 1.04309842163808e-07 9.86148726012104e-09 6.46182637176196e-08 1.35741474749373e-07 1.12632623450182e-08 4.28784606709698e-09
6.24406898129815e-06 5.26943673095914e-07 9.16483505752907e-08 2.25928452975976e-06 9.97326090212969e-07 2.59124048895831e-07 4.79941093265435e-06 6.16404217774757e-06 5.17716626429188e-06 3.95389980434313e-06 1.25451951071831e-06 3.22983893852324e-05 1.92984835152288e-06 9.80605134177637e-06 1.07486471258689e-05 2.9002340704487e-05 6.207262211122e-07 6.76623720972103e-06 4.42690013153335e-05 2.01848626091294e-07 8.91911784428601e-08 6.99184025121369e-09 3.37053044641156e-07 2.96510139878858e-06 4.10126262146981e-06 5.69871651334708e-06 8.42172084219328e-05 7.43417359281295e-06 1.20447181053862e-05 1.00701318267227e-05 2.04340671157155e-06 2.85907044872413e-07 1.07868895593555e-08 1.33128045631814e-07 1.91085185263784e-07 1.23641475502367e-08 1.29222569200671e-08 1.37442214076522e-07 1.18103018920124e-08 8.73217291808004e-09 1.86248871236749e-07 9.75230033395391e-09 1.30449124835508e-08 1.01371796656924e-07 1.14946867801891e-08
1.30470361047186e-06 1.30994634195414e-07 2.43557131918148e-07 3.0385088453988e-06 8.15051015823354e-07 7.30611570904927e-06 1.54137234659402e-05 1.6339514652941e-05 1.44431362585351e-05 1.44722317969581e-05 1.27420855907445e-05 1.20257212369301e-06 2.4127054982781e-07 7.91067960315139e-07 0.000958794320831657 0.00324619916868869 0.000526977764570802 0.00956356991373468 0.012084604188567 1.36459163844194e-06 7.76992958861911e-09 8.39650673989389e-08 1.33316677254358e-06 5.32074884933564e-06 1.16661962884734e-05 1.56129074937894e-05 9.57270346688688e-06 8.13124813475952e-05 8.34759592276413e-06 6.93823414437134e-06 1.81799410256644e-05 8.5629969351908e-07 1.44141098012973e-07 1.09380858148711e-08 1.22346813569152e-08 1.29428172512824e-08 1.31858835850096e-08 3.23346032871097e-07 7.7478964544131e-08 9.832778424812e-09 1.13333640872071e-07 1.33725512185823e-07 6.76590387049814e-09 5.76410065233901e-09 7.33896627247432e-08
3.6220064320025e-07 3.58703122915749e-07 1.23969757770404e-07 3.01677740055517e-07 7.84868588454835e-08 1.93588475716489e-07 4.58190355681065e-06 1.22891852740281e-05 3.06242773490339e-05 3.28917429214925e-05 4.3082492337021e-05 0.000125615782697253 0.00126371758451569 0.0074343426793348 0.0102001551014837 0.000211332774492234 1.30530851132349e-06 7.97677282704523e-07 0.000133909548458178 1.0341151937876e-06 2.15732363040289e-07 8.20222348929533e-09 9.93182682984539e-08 1.04959314390918e-06 2.19449920678016e-05 1.98099728726531e-06 3.54957756030672e-05 2.74427726310478e-05 3.02695526272601e-05 6.32779436386954e-06 2.92950102207534e-06 2.40476466495387e-07 1.74916628603583e-07 1.76445545507775e-07 1.23667302953656e-08 2.17212125175337e-08 1.12679952701811e-08 1.16887848733427e-08 9.94754993932645e-09 9.14844388022473e-09 7.80167804803611e-09 7.14095179654706e-08 7.18198732263531e-08 5.49596000931629e-09 6.65358595997034e-08
4.03971804929792e-07 9.7532570308978e-07 4.85095350943876e-07 4.79634532795092e-06 0.000384600551296899 1.62837632522894e-05 7.30399102621959e-05 8.37846921967866e-05 0.000120414960338167 0.00472798643895658 0.0381876820581965 2.78291022049792e-05 9.57586116019371e-06 1.5331895394044e-06 5.76568016921186e-06 1.21667281671733e-05 3.33933228299221e-06 1.85498576625864e-06 3.01943572168284e-05 9.32180724610987e-07 2.5882411368916e-06 4.72965496800537e-07 2.27124202978324e-07 1.60260353399e-07 1.297705925285e-06 3.18101627385659e-05 0.000159058922872646 0.000165876486425987 0.00012209325996082 5.8127942388353e-07 5.15842126219468e-05 2.05246668552039e-06 1.6397765066456e-06 2.52297514574673e-06 1.39307191371341e-07 9.06044427262387e-09 1.91661127302289e-07 3.51166496637134e-07 1.36917512083556e-07 7.412077784541e-07 1.35119651067939e-07 1.46396522171521e-07 9.600091177564e-08 8.66140784983038e-08 1.49398118476474e-05
3.84698382990267e-06 1.52561142151342e-05 2.67699698250912e-06 0.000327741944420268 0.00011541457927251 0.000100589935664175 0.000234924771484657 4.13666191953155e-05 5.83662116038219e-07 0.000470502557214303 1.4433900363342e-05 3.90839589224923e-06 1.20987085949764e-05 1.20855522755647e-05 2.80139862789408e-06 8.82424952282079e-06 4.02865347508552e-06 2.91989494184408e-06 4.85075837675097e-07 3.1902837075104e-06 2.12746711619749e-06 3.29252903336075e-06 5.13967257820269e-06 4.82885638874997e-07 1.37637354069575e-07 1.20010561957429e-05 8.69636505967719e-05 0.000176605365004434 1.45490267706716e-06 9.54754934556767e-08 1.61084463700112e-06 0.000124555909769697 2.38856651172625e-05 7.09775579004202e-06 7.07404603983441e-07 1.33981028027641e-07 1.7917093146913e-07 4.22224915208602e-07 4.21776979442345e-07 8.88003257593084e-09 4.46617156590889e-09 1.44516059030764e-07 2.82615467761538e-07 6.38634676253247e-09 2.5634270492958e-07
9.60110400454184e-06 2.20955018605196e-05 1.67166593989521e-05 2.60679642454242e-06 1.33055765903833e-05 0.000440651255121338 0.000268306270754692 4.02808783633191e-05 1.08530382558758e-07 2.36043991019841e-08 3.94606860676383e-07 5.35211369003807e-06 5.36886761270949e-07 5.36984043519873e-07 3.48324555147883e-05 1.63487857079758e-05 5.53088060883056e-05 1.73647444498215e-05 4.79426732020727e-06 2.24655825370457e-06 2.94978241583976e-05 6.15086990535474e-05 1.96384985827081e-05 4.24242530725483e-06 2.88846872387172e-07 1.46901331599114e-07 3.46055849320237e-05 1.10928692614864e-06 2.52987561522033e-07 4.13162278500856e-08 6.31782954840787e-09 3.6038213422529e-05 6.11060372193606e-05 1.801966911259e-05 1.74552361244196e-05 9.64318535312536e-07 1.13244317923034e-07 9.63879516202581e-09 9.86893151644352e-09 7.97912117489474e-09 5.25107897164645e-09 7.67921831679175e-09 5.83076390170412e-08 7.14456364070415e-09 8.76770237634439e-08
3.82654779059521e-05 0.000153686309749901 7.32297678268878e-05 6.37476477550081e-05 0.000222573403971182 0.000587123069635709 0.000347764697744424 0.000872595271175669 2.0640095505442e-05 1.20316421470257e-06 6.09031028941942e-07 7.58185433002989e-07 2.19899690201419e-07 1.16318587540576e-05 0.000135867527842493 0.000320650766934705 0.000547276022825827 0.000136427590769017 0.000176808030482789 2.92455423760885e-05 6.65714899696468e-05 7.50841583794681e-05 5.31452451014047e-05 1.65107447107626e-06 8.26374844498101e-07 1.64919496192795e-07 2.20351029289745e-07 5.2457201835665e-07 1.94972651956782e-07 6.4897878959691e-09 6.81716608719185e-09 1.589708049754e-07 0.000179209587486184 0.000231934468138206 0.000208322094567848 0.000269583970111853 2.83419524751416e-06 6.50713546379578e-09 4.73328370353965e-07 2.81475411881615e-05 3.38078349448878e-07 9.16988048826894e-09 7.51610830240779e-09 2.19033300008498e-07 8.1308278920833e-08
0.000283490852143586 0.000286293916815339 0.000292991033529688 6.10371515904262e-05 2.61169618028134e-05 4.19379169443346e-05 4.86335865616638e-05 0.000535757335637754 0.000478847052272613 1.01587579745654e-05 2.12449820136129e-06 3.2983212685167e-05 0.00232084074850718 0.000469227824214613 0.000682236783904955 0.000394571692322643 0.0001985948575566 5.53248523146976e-05 1.67311984995422e-05 7.75482091412982e-06 2.64431386852948e-05 9.57975482407392e-06 1.46541148190238e-05 5.26168291781204e-07 6.60916893036045e-07 1.38698821755545e-06 5.06323262583486e-06 1.01474782239208e-06 3.85729010454749e-07 1.17893380946477e-07 6.55767470325586e-09 5.40290021611156e-09 1.78406829377309e-05 0.000396122920119524 0.000307159689691616 0.00030849861968818 0.000169442059086577 4.38663703789643e-05 1.82782967215189e-05 0.000108884718974878 1.1089021232813e-05 1.50734717818679e-07 7.10927954283846e-09 6.31428552777535e-09 9.59362713048861e-08
5.24237990134679e-05 0.000644090503737971 0.000119028266931309 1.45627837090379e-06 0.000181870271080697 0.000273136802115914 0.000579646367441455 0.000859570308557522 0.000657019011941884 1.83928581780179e-05 0.000101692115458718 0.000273534165626188 0.000424146635668876 0.000384334367299743 0.000399964446660306 0.000409343314913713 0.000473396358756872 0.000346481928954745 0.000254459942516405 2.20745249720267e-05 6.37679169358307e-05 0.00014831582534498 3.83460939141766e-06 8.98288041497608e-06 7.52919902879512e-05 4.27421119610472e-05 3.57895235254091e-05 4.24614568750314e-07 6.63523382016251e-08 5.1461625738547e-09 4.72873465939827e-09 4.85132983785164e-09 8.83727383227395e-07 6.33541232218704e-05 8.84064435467735e-05 0.000218065762419428 0.000164623710406886 3.34982072190959e-06 2.96485728820128e-06 1.20210374676688e-07 2.71096471294641e-05 1.50464359294222e-07 7.63974706496917e-08 8.49197873686869e-08 6.07862280510574e-09
0.0437583367340267 0.144197122380137 0.0380697400774807 0.00128371844339199 0.00163079577469034 0.000426744137666901 0.000593893585141814 5.72367991344969e-05 0.000207763881917344 0.000188485320995824 0.00152123051666422 0.000131389440639396 1.54069469147089e-05 1.52881419943629e-06 3.01794600432004e-05 0.000543189821837586 0.000242133616575302 0.000251803233550163 0.000262478861623094 0.00037065870119477 0.00026309411477996 0.000154420469516481 9.1664563615268e-05 0.000223631060180196 0.000347124327618076 0.000279340160795982 1.02810664021291e-05 7.91058501703468e-08 5.76707925858955e-09 7.4281917172847e-08 5.95128364366815e-09 6.3991073329106e-09 7.17576472730741e-06 0.000190897173479243 9.13106064217573e-05 0.000250453474836831 0.000598093961161794 1.72447021512312e-05 1.29769013090808e-07 2.90498448485277e-07 2.88409777311927e-05 1.52965976811803e-06 1.07839277652122e-06 9.19745159477792e-08 7.32802796221677e-08
0.000422284990690969 0.000342930472834269 0.0176876430894481 0.0314522995031439 0.0227523348832619 0.000797007359687996 0.000382527243891673 0.000448602827054856 0.00034736627426355 0.000316405961439159 0.000190531613861822 0.000187152598846296 7.59311354158854e-05 7.2665361577906e-07 1.50782550567996e-05 0.000225377348670008 0.000243836253685004 0.000857177942089038 0.000363720440691395 0.000316636164643569 0.000218699465131067 1.93199004556277e-05 0.000104203334194608 0.000410629132420581 0.000550726779874822 0.000545547487763542 5.47366388075066e-06 1.09405228998494e-07 9.33001053526894e-08 1.26457400217994e-08 6.85794606103407e-08 1.19661966335727e-08 7.70526680980765e-05 0.000336493739541766 0.000146443537414598 0.000324795631695451 0.000556695316481637 0.000136995084631053 5.13213808403634e-05 7.7270196641166e-05 7.00923963257161e-06 6.20063353762301e-07 4.29521569966784e-07 1.52756785466224e-05 1.50482405536501e-08
0.00170703194744419 0.000514774709881749 0.000341050333554449 0.000108599828035949 0.000300339754539891 0.000469929582686746 0.000411140166397672 0.000412184309061558 0.000317738406829449 0.00125740393559681 0.00044746153143933 0.000389269010156568 0.00207692963595036 0.00179373968840082 0.000371842376171116 0.000117664925824101 6.30314108548191e-05 6.45798398636543e-05 0.000373403785579285 0.000160954662351287 0.000172589187695849 1.18868543026451e-05 1.19743688500762e-05 4.20037451125399e-06 0.000784555042628199 8.2879860737739e-07 1.88864121675181e-07 1.02890497777341e-07 6.24551816930108e-09 6.27737634095737e-09 3.72601332121469e-08 8.14379018332367e-08 9.39411322633532e-05 0.000555548875672685 0.000212858246368341 0.000258533600481314 0.000201097939316242 0.000100480334819508 5.84504600738001e-05 1.62954643947444e-05 1.14106424404792e-06 1.15896055186138e-06 2.81840845017811e-05 3.34985106076324e-07 9.38023422270007e-09
0.000587968537001871 0.000532102432771353 0.000393210383390397 0.000177249803982704 0.000200572163885226 8.25885856102104e-05 0.000273138590546296 0.000359636961184151 0.000174483141745441 0.000114942451546085 0.000320275984904583 0.000338046273191139 0.000319999613066102 0.000334077633124252 0.000800010443344945 0.000363940187526168 0.000719124824991013 0.000515052921014103 0.000619547540190979 0.000243057676766512 8.7717766791684e-05 0.000122528339397832 0.000332014428954608 3.5238039308183e-05 4.79300687061812e-07 1.4885145482868e-08 6.24287684181102e-07 8.97100070895718e-09 8.72557297526555e-09 8.51328586515265e-09 7.52887038268923e-09 1.84692771209027e-06 0.000370159067779241 0.00025557094186297 0.000222650593786966 0.000423867047265958 0.000272253160619584 8.27678599989667e-05 0.000108495739846148 1.36408582090297e-05 2.66717394595828e-06 2.62646762846375e-06 2.33192239218472e-07 4.26348919246866e-07 1.16096091207218e-07
0.000647673374260194 0.000611955859858426 0.00209590143058449 0.000457146703047329 0.000478690427189576 8.0946576599672e-05 0.000112035022903001 0.00046927560124459 1.88400069816907e-05 5.46996823231893e-05 7.18175955626066e-05 0.000411814021026657 0.000402811863386887 0.000388489206306986 0.00028121190625825 0.000298424895299831 0.000285933295162977 0.000880196209618589 0.000156193750217426 0.00021151338639811 8.81291463883827e-05 0.000127060716795313 6.48131303478294e-05 0.00024873596157704 0.000239369297059966 4.64553314377669e-06 2.60085459236059e-07 4.74071541922694e-07 3.59164946450719e-08 2.73081203872039e-08 1.09460604014178e-07 9.6883153477556e-08 3.97013025421611e-07 3.86794996643403e-05 0.000195115417591296 0.000177415129928704 0.000128466500609647 0.000191515152255306 7.43727173357911e-06 1.01667010965478e-06 2.59422904969053e-07 1.26106239373147e-07 1.46452019904597e-06 1.07830959916733e-07 1.13283643021767e-08
0.000764882909425069 0.000507829607340682 0.000562303934566444 0.00150914388941601 0.00103606109623797 0.000168501418556843 0.000162857174473174 6.3184034297592e-05 4.11955271147235e-05 7.96145794993208e-05 0.000518842841120204 0.0003979810513556 0.000406928551637975 0.000345918011953472 0.000297535004210658 0.000302742048734217 0.000299386807455448 0.00084580217844632 0.000210695109763037 8.40740799219475e-05 6.15828752728476e-05 6.34616013229561e-05 0.00036478295132838 0.000135863600416997 2.57330133408118e-05 2.11339495185259e-06 4.02549865441415e-07 3.5972181222732e-05 2.74496153757076e-06 5.54695032572994e-08 2.20577985288184e-07 2.18983461364175e-07 9.91349505854444e-06 0.00010845726756088 3.45206652274666e-07 9.31029513695503e-07 5.70692553765184e-05 5.68062770944788e-07 2.31875196654574e-07 4.14998754064699e-06 2.94111861975921e-07 1.36054357846582e-07 3.97189556800015e-08 6.88132743964509e-07 1.05874428513175e-07
0.00287031206244137 0.00157133257889654 0.000594980854839378 0.000887620356297702 0.000513989011597005 0.000375704799080268 0.000256449668177083 0.000153150638288935 0.00126801872538636 0.000892600759107154 3.72636764495837e-05 0.00115635633555939 0.000783230566048587 0.000381646207279118 0.00027861535691045 0.000370304312309599 0.000330803317046957 0.000335078591160709 0.000406555258996377 0.000558497372458078 0.000489038499881644 0.00430725990663632 3.8966323111822e-05 1.27345131666345e-05 3.49022373882235e-05 9.36603042589468e-06 1.19159726835738e-06 2.76927927492787e-06 6.77851988684086e-07 1.88147209367884e-08 2.91298934751438e-08 6.27276133813304e-08 1.10227386379336e-05 2.11309194130926e-05 2.19138942092467e-07 6.61902764786948e-07 1.35435900838754e-07 2.4346553918031e-06 4.07225079435136e-08 1.13895970987876e-08 7.98872220708624e-08 1.22242755029589e-08 1.31137263936765e-08 1.15686955088901e-06 1.33368643227882e-05
0.00127557519745096 0.00062805652660245 0.00115317927229626 0.00048444644180563 0.00286210181948263 0.00048426198263769 0.00034875008805102 0.000459387603586947 0.000387571608371218 0.000185342717395542 2.00771860875193e-05 0.00150823056173977 0.000211465002894329 0.000262359927000944 0.000356971914879978 0.00139407155074878 0.000365311005589319 0.000248280601590523 0.000137298436584388 0.000145200403312629 1.74284706172756e-05 6.36146768741241e-05 0.000266067693291916 0.000284031140381558 0.000121886611032096 1.22655527501792e-05 1.89331906852441e-07 2.6084081872213e-07 2.19705471682374e-07 4.05446778151131e-08 5.05325214228414e-08 2.10152011459463e-08 4.64190803095565e-07 9.41620160621603e-08 4.32564164154492e-08 3.3450382375122e-08 7.05005321899321e-09 8.04025518386098e-09 3.16213910500629e-08 1.81143281152707e-08 1.26069647421456e-07 9.5968526681034e-09 3.04074261718856e-06 0.00031650829728278 0.000224543685874323
