Scripts_&_data/Maxent_result_files_1/Bombus_argillaceus_2.asc
NCOLS 594 
NROWS 330 
XLLCORNER -15 
YLLCORNER 23 
CELLSIZE 0.166666666666667 
NODATA_value -9999 
[rows 240 to 259 of 330, columns 322 to 367 of 594]
0.188517780601978 0.11856992021203 0.0981473930180073 0.0668986484408379 0.109172732383013 0.0631091881543398 0.0912939891219139 0.0675032269209623 0.0399041540920734 0.267601217329502 0.0245574172586203 0.0440798401832581 0.0427509598433971 0.0223912879824638 0.148374144732952 0.0944984421133995 0.0413506535813212 0.0335927052423358 0.0687368459999561 0.104295517876744 0.088733097538352 0.516465696692467 0.422941449284554 0.388728278875351 0.502234956622124 0.565169191360474 0.530671072006226 0.526562431454659 0.457489648461342 0.489934036135674 0.503444567322731 0.563757735490799 0.415891516208649 0.569486850500107 0.5947509765625 0.538271629810333 0.475639110803604 0.45731643140316 0.0160937409382313 0.55962173640728 0.00915975817479193 0.0059465087717399 0.33323015421629 0.35717087239027 0.348958733677864 0.332238601148129
0.0214440401643515 0.0179424271453172 0.0299595640972257 0.0451607067137957 0.0924203187227249 0.184053522348404 0.150994104892015 0.0882519505918026 0.0123263173270971 0.0229787569493055 0.089858004450798 0.0402385842055082 0.0221019209362566 0.0146244090050459 0.00198443623085041 0.00257960695016664 0.00321029850747436 0.00262479934026487 0.0182249195873737 0.0355399152263999 0.0803132563829422 0.307932752370834 0.521619316935539 0.575130239129066 0.395407754182816 0.512264972925186 0.564298728108406 0.546720215678215 0.506780722737312 0.48124518096447 0.505489748716354 0.531870323419571 0.406737506389618 0.563587591052055 0.572871100902557 0.59556200504303 0.587033355236053 0.442389154434204 0.0297575015574694 0.0180053098127246 0.0173420088365674 0.00604034820571542 0.00639364412054419 0.0905378952622414 0.443581369519234 0.591421389579773
0.0346340050920844 0.0747096553444862 0.0155649652704597 0.0188038353808224 0.0241114778444171 0.0367251118645072 0.0670873370021582 0.0188911079894751 0.00501596864778548 0.0124143837718293 0.00400224437471479 0.00232540921715554 0.00104708207654767 0.00174900926213013 0.00172263702988857 0.00238057785609271 0.00424365939106792 0.00903994771651924 0.0303003741428256 0.0274207110516727 0.205862884968519 0.1913131557405 0.657667171955109 0.337835986912251 0.459708285331726 0.548252460360527 0.542940777540207 0.519457745552063 0.476657909154892 0.419266673922539 0.434902688860893 0.530711501836777 0.558810114860535 0.588927248120308 0.443647021055222 0.526553416252136 0.565545457601547 0.329018345475197 0.638189560174942 0.0670307870954275 0.539780217409134 0.0313054844737053 0.0136530996765941 0.585289734601975 0.361392456293106 0.431460925936699
0.0186370695009828 0.00201141762954649 0.0055238557048142 0.00660217525437474 0.0115188456140459 0.0185106040909886 0.0281653301790357 0.0123279627412558 0.0170096329879016 0.0033553336863406 0.00333574476535432 0.00212266893358901 0.00282552533899434 0.00191611388872843 0.00200916901812889 0.00469820300349966 0.00346787593443878 0.00244019689853303 0.0163697464391589 0.0267463659867644 0.0251742105931044 0.0326444953680038 0.0787333305925131 0.472436752915382 0.322345434129238 0.578135070204735 0.342332521080971 0.443817210197449 0.427203887701035 0.364034995436668 0.464883598685265 0.484194213151932 0.437882724404335 0.443802881240845 0.384107667207718 0.458155918121338 0.500389218330383 0.48037466108799 0.205082657933235 0.0134682537522167 0.0280847399495542 0.0172624550294131 0.00904661756940186 0.0322575660422444 0.349242466688156 0.621194061636925
0.00805245849769562 0.00252494431915693 0.00263422255520709 0.000925982353510335 0.00125769633596065 0.012787118460983 0.020430556870997 0.0100414946209639 0.013769116345793 0.00847857827320695 0.00587829344440252 0.0090780443046242 0.00440480780089274 0.00142309105285676 0.000465034810258658 0.00200911704450846 0.0056185917230323 0.0131060882471502 0.015725161973387 0.0169012626633048 0.0250580715015531 0.0158239203505218 0.0203407527878881 0.0154786393046379 0.0355304311960936 0.150085470080376 0.15835418254137 0.428661423921585 0.255513718724251 0.228711360692978 0.291407534480095 0.258829569816589 0.22166595607996 0.359507647156715 0.260947506129742 0.356007212400436 0.513915854692459 0.439998599886894 0.374200266599655 0.0173907061107457 0.0595105009153485 0.00695149556268007 0.00717074247077107 0.0144972823560238 0.240996159613132 0.180713903903961
0.0021800561749842 0.0219324452802539 0.0141638613305986 0.000177977776547777 2.32915384458465e-05 0.000684909104165854 0.00475249490700662 0.00177176101133227 0.00189037080854177 0.00914864488877356 0.00980005930177867 0.0290868327021599 0.00428508328041062 0.00201729527907446 0.000246293764939764 0.0113830929622054 0.00740516157820821 0.0024305276281666 0.00172639322117902 0.00496910440269858 0.00197721651056781 0.00124648164783139 0.00182770909159444 0.00498577543767169 0.00821639450732619 0.00944012827239931 0.0276264356449246 0.114870659261942 0.146363269537687 0.249725046753883 0.214565643668175 0.349596378207207 0.193209248781204 0.134255138784647 0.094879500195384 0.382218056917191 0.357487139105797 0.408307841420174 0.440000456571579 0.217793875932693 0.0417770156636834 0.0206051131244749 0.0238908126950264 0.125416067242622 0.218188217282295 0.196042688190937
0.000297893775859848 0.00782722225412726 0.00845163385383785 9.86524142717826e-05 8.05961048172321e-05 4.82819389617362e-05 2.07861984108604e-05 9.34517822315684e-05 0.00105733629316092 0.0147793849930167 0.016725539136678 0.00702612027525902 0.000620006971439579 0.000177978125611844 0.000137817393806472 0.000411693277419545 0.000208507993011153 0.000108465013454406 0.000238541738508502 0.000219569707405753 0.000219922264659544 0.00017988642975979 0.000119654641275702 6.51911282147921e-05 0.000208689516693994 0.00393395823775791 0.0311509044840932 0.0434852488338947 0.141967666149139 0.174284978955984 0.0926296159625053 0.136331931501627 0.0757342185825109 0.0493432458490133 0.0135647378861904 0.0195931414142251 0.193407262861729 0.396917361021042 0.629999577999115 0.491686490178108 0.591449666023254 0.0784761477261782 0.249551840126514 0.17564020305872 0.3780980437994 0.273065523803234
0.000765801720262971 0.0167287988588214 0.018600307404995 8.02436625235714e-05 0.000401640367635991 5.62292103495565e-05 0.000117103671072982 0.000693085754755884 0.000774812980671413 0.00363924966659397 0.000830806393059902 6.56935080769472e-05 0.00172354518435895 0.00101977357116994 0.00544908482115716 0.00264063607901335 3.96279825508827e-05 1.35260641741297e-05 0.000286741334639373 0.000728060977417044 0.00150773141649552 0.00156648093252443 0.000564026354550151 3.97263315790042e-05 0.000270199288934236 0.000156121876352699 4.32261695550551e-05 0.00182170805055648 0.00367919406853616 0.00177557201241143 0.00285595115856267 0.00799771440215409 0.0219181059859693 0.0238562006503344 0.05503822080791 0.0333525575697422 0.255334071815014 0.364819774031639 0.661294007301331 0.388352221250534 0.438393646478653 0.3191212490201 0.745261567831039 0.176148524880409 0.169724969565868 0.376903158426285
2.6042840795526e-05 0.000346530451497529 0.000381487362028565 0.000147609042323893 6.42091908957809e-05 0.000344712397782132 0.000145740744483192 0.000218434544513002 0.00016147599562828 0.00101321812253445 0.0010402609128505 0.000695587246445939 0.00254476222908124 0.000466395226249006 0.000213698657898931 0.00111385317868553 0.000252168012229959 0.000324564779293723 0.000920326489722356 0.000423306816082913 0.000150371011113748 1.38856668627341e-05 8.7158362248374e-06 6.81024915252237e-06 3.32813135628385e-05 6.50503325232421e-05 0.000176702524004213 5.73830782286677e-05 0.000821574301517103 0.000916814600350335 0.000284520590139437 0.000484315392532153 0.000530864643951645 0.000935010571265593 0.0106033050920814 0.0777430579066277 0.14701102823019 0.210198873281479 0.255942350625992 0.112298735231161 0.329848521947861 0.296422976255417 0.350634357333183 0.305735512077808 0.183621976524591 0.379436928033829
0.000101312370679807 0.000227457994333236 0.000331119485781528 0.0001464193330321 0.000158802897203714 8.57002170960186e-05 0.000124565978330793 0.000196039510774426 0.000157588800357189 0.000164521070109913 0.000141476365752169 0.000211349786695791 0.000785222736885771 0.000403531442862004 7.46197389162262e-05 0.000124182609579293 9.46131425735075e-05 0.000132088533428032 0.000104042067323462 9.60810393735301e-05 8.49064450449077e-05 0.000104632216243772 0.000261570126167499 3.82827782232198e-05 6.0921005911041e-06 1.2945032517564e-05 0.00158806383988122 0.000717805714521091 8.16280958133575e-05 5.48593285202514e-05 5.7747895243665e-05 6.44307026504976e-05 9.34349874114559e-05 0.00319760976126418 0.00774911660701036 0.0668674625456333 0.101920292899013 0.197915073484182 0.119771794974804 0.145864627510309 0.109311685711145 0.321405924856663 0.330217044055462 0.381116771697998 0.141996119171381 0.221399769186974
0.000625271027092822 0.000430650892667472 0.000438026794290636 7.30147516151192e-05 7.79852023697458e-05 8.12677782960236e-05 8.48499421408633e-05 9.69581604294945e-05 9.96793827653164e-05 9.5726460494916e-05 9.38954894081689e-05 6.43413623038214e-05 0.00119132155668922 0.000373419217066839 0.000134472340505454 5.73577905015554e-05 9.26736032852205e-05 0.000112398479541298 0.000301858400052879 0.000142876219251775 0.000190189993008971 0.000123528522817651 0.000162462821754161 4.87387040266185e-05 4.08116990001872e-05 4.21289790892843e-06 0.000102264793895301 0.000167655292170821 6.92690395226236e-05 2.10812716431974e-05 0.000140714420558652 0.000281863151030848 0.000199791914928937 0.000364191387780011 0.00265537815866992 0.00596765107475221 0.00974627071991563 0.0151237508282065 0.0179318889044225 0.128482285141945 0.385052812099457 0.106068083271384 0.467645463347435 0.322191415727138 0.456515476107597 0.664317840337753
0.000345600818400271 0.000171772141766269 0.000167840717040235 0.000335886709217448 6.0464480338851e-05 6.40066293271957e-05 6.74875836921274e-05 6.68509612296475e-05 6.59806259136531e-05 6.38014418655075e-05 6.20183220235049e-05 7.03340621839743e-05 0.000658860575640574 5.25588260643417e-05 0.000155134554734104 5.63969737413572e-05 7.50882747524884e-05 3.32235803398362e-05 6.67571419398882e-05 0.000109297408926068 5.74086547203478e-05 4.43142535004881e-05 1.93682703866216e-05 1.96507058717543e-05 2.12116222428449e-05 2.01599536922004e-05 2.75113710813457e-05 4.20560408201709e-05 5.50381159882818e-05 1.29346745893599e-05 1.26151149004272e-05 0.000162139401982131 1.93962040384577e-05 7.65211232646834e-05 0.000140431219097081 0.000198840500524966 0.00155023235420231 0.000770060101058334 0.00557299142237753 0.0351800352334976 0.181520333886147 0.128100023418665 0.0879210866987705 0.627115273475647 0.367157679796219 0.31049896478653
0.000385103344160598 0.00114682051353157 0.00221828416106291 0.000480171325034462 0.000396302480658051 0.0001032462441799 5.16849891937454e-05 5.43359994480852e-05 5.26490468473639e-05 5.19874012752553e-05 0.000106439136652625 0.00010718941957748 9.92247285466874e-05 0.000406477636715863 4.28450292019988e-05 3.89043358154595e-05 2.90396568743745e-05 2.26478726290225e-05 2.12466178709292e-05 1.72040250163263e-05 4.52938013040694e-05 3.37464784934127e-05 1.57685427438992e-05 1.54618760916492e-05 1.54198513882875e-05 1.76307182300661e-05 3.45572200785682e-05 5.71081507587223e-05 4.57385009212885e-05 2.5391290182597e-05 1.581435526532e-05 1.59170745746451e-05 9.96243832673827e-06 8.84219604131431e-06 0.000143841226599761 6.688964786008e-05 5.97233211465209e-05 6.90341082645318e-05 0.00570722061675042 0.0713832162320614 0.0238701049238443 0.148825021833181 0.192365800589323 0.455493414402008 0.261468978226185 0.20147652477026
0.000170237130805617 6.26852188361227e-05 5.82483125981526e-05 0.00013257172977319 0.000289373686973704 0.00116404467262328 0.000740820044302382 0.000129555738749332 4.77951802167809e-05 4.69485179564799e-05 0.000100321644640644 4.44703988250694e-05 0.000377608739654534 0.000187792723590974 3.723403051481e-05 2.95653435387067e-05 2.41818592257914e-05 2.21239453821909e-05 1.81875620000937e-05 1.57657169438608e-05 1.53108144331782e-05 1.51552403167443e-05 1.45426126891834e-05 1.36069876589318e-05 1.26081347389118e-05 1.30402048398537e-05 1.22111211567244e-05 2.34550208006112e-05 4.20180394030467e-05 0.000201409392320784 1.8774110594677e-05 2.25302045691933e-05 5.26747030562547e-06 0.000126893802371342 1.0535126961031e-05 6.37407960311975e-05 5.44402283139789e-05 1.9841394686182e-05 0.00423640635563061 0.0158849938306957 0.0169191526249051 0.0345437737181783 0.109032420814037 0.0971206549555063 0.104921527951956 0.24566808193922
6.46107768261572e-05 6.36083506833529e-05 6.20597831584746e-05 6.29581589237205e-05 6.24317692199838e-05 5.96427547861822e-05 0.000110278229476535 0.000414376212575007 0.000187518117309082 3.81143010599772e-05 4.33944944234099e-05 3.73690360902401e-05 0.000411787589837331 3.52672900589823e-05 3.07070813505561e-05 2.33993138863298e-05 2.25560746002884e-05 2.18224402942724e-05 1.62949031164317e-05 1.59649561737751e-05 1.46750976909971e-05 1.42799417972128e-05 1.39216315801605e-05 1.27283990423166e-05 1.11533361405236e-05 1.16057298100714e-05 9.75188488610001e-06 4.34818512985657e-05 1.9397643609409e-05 5.57915000172216e-05 8.82763953995891e-05 3.8258328459051e-05 5.59539475943893e-05 3.18157048241119e-05 1.87085762490824e-05 4.70073588871855e-06 1.291866168458e-05 0.000566004188294755 0.00126119478227338 0.00604065028019249 0.0515271479263902 0.0356349386274815 0.101830092072487 0.192829293757677 0.115337011963129 0.475384992361069
7.48718739487231e-05 7.8946638313937e-05 8.6298723181244e-05 0.000107492864844971 0.000110395915180561 8.81945845321752e-05 5.5346222143271e-05 0.00010808995757543 0.00108879927720409 0.000335029077541549 3.19315380693297e-05 9.9312221936998e-05 5.622864155157e-05 2.72876040071424e-05 2.24090427764168e-05 2.05853903025854e-05 2.01909499082831e-05 1.96495934687846e-05 1.55197746607882e-05 1.47225749060453e-05 1.46634693919623e-05 1.49386917655647e-05 1.36869315156218e-05 1.23058647659491e-05 1.08447904722198e-05 9.87944540611352e-06 1.04100368389481e-05 2.3693342018305e-05 2.10961707125534e-05 6.69253058731556e-05 0.000264119019266218 5.41683361007017e-05 6.24436434009112e-05 4.43429412371188e-05 9.93711604678538e-05 3.63361850759247e-05 1.16892289156567e-05 4.73251515359152e-05 7.04835301803541e-05 0.00230199453653768 0.00201329230330884 0.00498330305563286 0.0077023395569995 0.0152445286512375 0.173731560260057 0.0852331418544054
9.09443351702066e-05 8.98528287507361e-05 9.90841355815064e-05 0.000122359940360184 8.89911039848812e-05 6.02739051828394e-05 4.4848910147266e-05 3.79123097445699e-05 7.20545882359147e-05 0.000706858286866918 0.00014288476704678 7.87636536188074e-05 2.72176948783454e-05 2.19626411308127e-05 2.05878040560492e-05 1.83739773547131e-05 1.69612730587687e-05 1.81246503416332e-05 1.73875614564167e-05 1.6343667766705e-05 1.53234017489012e-05 1.50166391449602e-05 1.41865985369805e-05 1.32119319459889e-05 1.08661251260855e-05 9.0983567361036e-06 9.02532656255062e-06 2.54286028848583e-05 1.52042572153732e-05 5.45012513612164e-05 5.83489487326005e-05 2.05049113901623e-05 1.29484217040954e-05 0.000371332179929595 7.33475573724718e-05 2.06241706564469e-05 6.55815973004792e-05 3.12042362793363e-06 5.07915432308437e-06 0.000670768672716804 0.00125487460463773 0.00141165285895113 0.000349661784275668 0.00715486723929644 0.0652800727635622 0.189848301559687
0.000115478183943196 8.00843779870775e-05 6.79875345667824e-05 7.02954021107871e-05 6.07364399911603e-05 4.31854241469409e-05 3.66358635801589e-05 3.2948709304037e-05 2.96098779472231e-05 5.83011609705864e-05 0.000338943460519658 7.82173960033106e-05 2.25297696488269e-05 2.02652720417973e-05 1.70064970461681e-05 1.64943110576132e-05 1.58427133555961e-05 1.6814074569993e-05 1.84132941740245e-05 1.87257630841486e-05 1.64961034442968e-05 1.47546268635779e-05 1.3889691354052e-05 1.28833703001874e-05 1.03491818890689e-05 9.03755965282471e-06 8.01703554316191e-06 8.49375669531582e-06 4.86420870402071e-05 2.53178201091941e-05 3.24064601954888e-05 1.31412912196538e-05 4.57380013358488e-05 1.51181814771917e-05 3.25002325098467e-05 3.88505303590136e-06 2.68484645289391e-06 1.44082808901658e-05 3.47144648230824e-05 4.7016611597428e-05 0.000298720167120337 9.98380571218149e-05 0.000321785757114412 0.00369421037612483 0.0147329270839691 0.0466941811144352
0.000113609676918713 0.000190974446741166 6.7283205135027e-05 5.84507382882293e-05 4.93492379973759e-05 4.2035240221594e-05 3.6619343336497e-05 3.17908965371316e-05 2.71348877504352e-05 2.57101647548552e-05 6.5510903368704e-05 0.000369182425492909 0.000100722169008804 1.80473851742136e-05 1.62639079917426e-05 1.54710793140112e-05 1.57413487158919e-05 1.89903837508609e-05 2.24671342039073e-05 2.17927127778239e-05 1.75689314346528e-05 1.50211338223016e-05 1.35561342631263e-05 1.26565044411109e-05 1.0326937535865e-05 9.2607499254882e-06 7.71926569314019e-06 7.10172216713545e-06 8.1779182801256e-05 4.74907817988424e-05 1.88180403938532e-05 2.17102822716697e-05 2.4641928712299e-05 1.74197304204426e-05 1.74626324906058e-05 5.76755161318943e-06 5.41462883347776e-06 1.95930797133315e-06 1.45400641144988e-05 5.51417147562461e-05 4.67793679035822e-05 3.36038956220364e-05 0.00123971170105506 0.000337043929903302 0.00308761095511727 0.00927529821638018
8.86878580786288e-05 7.86265500209993e-05 6.73553018714301e-05 5.8303293917561e-05 5.26917243405478e-05 4.94410242026788e-05 4.54780927611864e-05 3.97235648051719e-05 3.45166127772245e-05 3.05174826280563e-05 2.76330768429034e-05 6.84403152263258e-05 0.000398568835225888 6.11140547334799e-05 1.62030651608802e-05 1.49026863709878e-05 1.86661532097787e-05 2.24205643462483e-05 2.12402074339479e-05 2.03405260890577e-05 1.71001607668586e-05 1.52901852288778e-05 1.34549776248605e-05 1.21579154438223e-05 9.98911539227265e-06 8.84050305103301e-06 7.87103209631823e-06 7.13617673682165e-06 7.27413030290336e-06 8.53625308081973e-05 8.98350450370344e-05 1.37896664455184e-05 1.64691122790828e-05 1.60275780444863e-05 2.49234468810755e-05 7.80143427618896e-06 1.14050679258071e-05 1.78699879143096e-06 2.43916536817324e-06 4.98146158633972e-06 2.69465084784315e-05 3.61895808509871e-05 6.27680795787455e-05 0.000264093301302637 0.002659030421637 0.0512027574703097
