Scripts_&_data/Maxent_result_files_1/Bombus_humilis_3.asc
NCOLS 594 
NROWS 330 
XLLCORNER -15 
YLLCORNER 23 
CELLSIZE 0.166666666666667 
NODATA_value -9999 
[rows 63 to 83 of 330, columns 506 to 551 of 594]
2.16013857425423e-05 2.08618920623849e-05 2.10835828511335e-05 1.89931634849927e-05 1.8142160752177e-05 1.77949343196815e-05 1.85653029802779e-05 2.52073328738334e-05 2.10935398172296e-05 1.76798470420181e-05 2.28372629862861e-05 1.64513644449471e-05 1.8607226684253e-05 1.74247358700086e-05 1.49336442518688e-05 2.01533806830412e-05 1.65466439284501e-05 1.68433182807348e-05 0.000211969224619679 -9999 -9999 -9999 -9999 -9999 -9999 -9999 -9999 -9999 -9999 1.54544222823461e-05 9.78784364633611e-06 9.03520140127512e-06 8.70253647917707e-06 9.36868195822171e-06 8.906725952329e-06 7.22897816558543e-06 6.7355965711613e-06 7.95424293755786e-06 7.2603843818797e-06 6.04222104811924e-06 6.58942649351957e-06 6.02434015490871e-06 6.95469716447406e-06 6.54468881293724e-06 5.55645167423791e-06 5.49974522527918e-06
2.19431791265379e-05 2.11437796679093e-05 1.98102202375594e-05 1.92275226254424e-05 1.89795743608556e-05 1.84454444024595e-05 1.79231078618614e-05 1.7351315182168e-05 1.8935921616503e-05 1.64221275554155e-05 1.69758688571164e-05 1.57558263708779e-05 1.56089623487787e-05 1.91680760508461e-05 1.52969477312581e-05 1.48089239701221e-05 8.48498122650199e-05 -9999 -9999 -9999 -9999 -9999 -9999 -9999 -9999 -9999 -9999 -9999 1.31514467284433e-05 1.07356740500109e-05 1.0160634337808e-05 9.35156535888382e-06 9.4275283117895e-06 8.44146493363951e-06 8.5549025243381e-06 8.33530689305917e-06 7.35595203877892e-06 8.95091611710086e-06 8.45020867927815e-06 6.6057477852155e-06 6.48731565888738e-06 7.82237902967608e-06 9.18278396966343e-06 8.20511772872123e-06 8.25437246021465e-06 7.86648815847002e-06
1.05768963294395e-05 1.3555605255533e-05 2.18114706513006e-05 1.83303595804318e-05 1.94797969925276e-05 1.82927738933358e-05 1.76794490471366e-05 1.71893741025997e-05 1.65639481565449e-05 1.60305791723658e-05 1.58221302626771e-05 1.56089734446141e-05 1.37191233079648e-05 1.54083875713695e-05 1.15034156351612e-05 1.54113827193214e-05 -9999 -9999 -9999 -9999 -9999 -9999 -9999 -9999 -9999 -9999 -9999 -9999 1.14290798592265e-05 1.08353528503358e-05 1.13408621473354e-05 1.11802237825032e-05 9.29088264456368e-06 8.93408146112051e-06 8.75704486134055e-06 1.00746432053711e-05 8.15669295661792e-06 7.82765864641988e-06 7.64474489187705e-06 7.91699376350152e-06 7.29334669813397e-06 8.66195859998697e-06 7.34344753254845e-06 7.3645559950819e-06 8.88936633600679e-06 9.82680207926023e-06
4.95580286951736e-05 2.20380474274862e-05 2.11184456929914e-05 2.86206493910868e-05 1.71716641489184e-05 2.07045359275071e-05 1.32071121697663e-05 1.71159024830558e-05 3.56205966454581e-05 1.10399456389132e-05 2.34158335842949e-05 1.80091894435463e-05 2.61412344116252e-05 -9999 0.000401747327123303 -9999 -9999 -9999 -9999 -9999 -9999 -9999 -9999 -9999 -9999 -9999 4.36869833720266e-05 1.21212437079521e-05 1.14919984298467e-05 1.10033094642858e-05 1.04575958630448e-05 1.17320198114612e-05 9.74140020844061e-06 9.73956011875998e-06 9.39860938160564e-06 9.09663467609789e-06 9.03461345842516e-06 8.57827667459787e-06 8.33542358122941e-06 8.12714874882659e-06 8.82375161381788e-06 7.96031772551942e-06 8.06130092314561e-06 7.84304352237086e-06 9.16566700652766e-06 9.51306551542075e-06
0.000363260472659022 6.74238392093685e-05 5.68966999708209e-05 -9999 4.93106224894291e-05 6.81151672324631e-05 3.1547293656331e-05 4.01669938582927e-05 2.20913359953556e-05 1.52331103890901e-05 1.23870915558655e-05 1.35990604576364e-05 1.90174116141861e-05 -9999 -9999 -9999 -9999 -9999 -9999 -9999 -9999 -9999 -9999 0.00013908269465901 1.60290132953378e-05 1.27236799016828e-05 1.18891861347947e-05 1.13687196062529e-05 1.10564635178889e-05 1.07220034351485e-05 1.07039254544361e-05 1.0388114651505e-05 1.0253418395223e-05 1.19518121209694e-05 1.247527434316e-05 9.68679614743451e-06 9.49543341448589e-06 9.88399883681268e-06 1.17511508506141e-05 8.56245237628173e-06 1.18256250061677e-05 8.41070300339197e-06 8.32145965432574e-06 9.89652244243189e-06 1.02497494481213e-05 9.83362297120038e-06
-9999 -9999 3.91326515455148e-05 3.52564127751975e-05 5.65650268981699e-05 -9999 8.38392901641782e-05 2.11642327485606e-05 2.92699793135398e-05 3.18382530167582e-05 4.21211816501454e-05 -9999 -9999 -9999 -9999 -9999 -9999 -9999 -9999 0.000163349055219442 0.000120059017353924 1.98091996026051e-05 1.06167292869941e-05 1.25912319163035e-05 9.90466346593166e-06 1.23770796562894e-05 1.20893835628522e-05 1.17830764793325e-05 1.12706266918394e-05 1.11564952021581e-05 1.07616116110876e-05 1.04133360309788e-05 1.20904584946402e-05 1.00656955964951e-05 1.01881809769111e-05 1.00866516277165e-05 9.76162905317324e-06 9.296416055804e-06 8.45725521685381e-06 8.92532511898025e-06 8.83338539097167e-06 6.43931489321403e-06 8.39665058265382e-06 1.18090204523469e-05 1.02096663795237e-05 9.44165558394161e-06
4.35424797615269e-05 4.72355854071793e-05 3.25205315675703e-05 0.000101414148230106 -9999 -9999 -9999 -9999 -9999 -9999 -9999 -9999 -9999 -9999 -9999 -9999 -9999 -9999 8.92518139153253e-05 1.46897313243244e-05 2.08581423066789e-05 1.61576905156835e-05 1.27052466268651e-05 1.29714913782664e-05 1.13952039100695e-05 1.25066444525146e-05 1.71844718352077e-05 1.49352184052987e-05 1.17799863801338e-05 1.10867056719144e-05 1.13634061108314e-05 1.2131326184317e-05 1.01265440662246e-05 1.0171569101658e-05 1.00849412319803e-05 1.05188522411481e-05 1.3188921911933e-05 1.04518532225484e-05 9.97001488940441e-06 9.82080882749869e-06 9.59860612965713e-06 9.66890765994322e-06 1.03570903775108e-05 1.17984804091975e-05 1.21849604511226e-05 1.10135709746828e-05
2.46003508436843e-05 2.37278263739427e-05 2.29102484809118e-05 2.27161162911216e-05 3.55196705640992e-05 6.332388620649e-05 2.82617342236335e-05 3.02179909340339e-05 1.90283210940834e-05 3.23618973197881e-05 1.30463150526339e-05 1.31612439872697e-05 2.07577371838852e-05 1.4065098730498e-05 4.84440599393565e-05 -9999 -9999 0.000131244711519685 2.49789904955833e-05 2.93331046123058e-05 1.52318203618051e-05 1.34629903186578e-05 1.36194659717148e-05 1.38421218252915e-05 1.33575296786148e-05 1.33373739117815e-05 2.0866455452051e-05 1.33432854454441e-05 1.1526913203852e-05 1.18325807306974e-05 1.20464049359725e-05 1.20876057735586e-05 1.1020376587112e-05 1.10197274352686e-05 1.14429733002908e-05 1.17431906801357e-05 1.12521674964228e-05 1.22721548905247e-05 1.34263014842873e-05 1.43262428537128e-05 1.14958760605077e-05 8.55293706081284e-06 1.05913744846475e-05 1.07095858766115e-05 1.12550577796355e-05 1.19633363283356e-05
2.6519714447204e-05 2.22967750232783e-05 2.34642571740551e-05 1.22096980703645e-05 2.10179794521537e-05 3.54430705556297e-05 1.87929656931374e-05 1.34350614644063e-05 2.11122633118066e-05 1.72787053088541e-05 1.89207501534838e-05 1.88686910405522e-05 1.87438698958431e-05 1.31342835629766e-05 1.81425137270708e-05 1.86088020200259e-05 2.12466997254523e-05 2.02525628083094e-05 4.54193657787982e-05 3.40897622663761e-05 2.85496129436069e-05 2.28704006076441e-05 2.56785231613321e-05 1.40930018460494e-05 1.02840697763895e-05 1.92187553693657e-05 1.32928082166472e-05 1.38075867653242e-05 1.39698277962452e-05 1.34002052618598e-05 1.33232420921559e-05 1.3185992702347e-05 1.28417327687202e-05 1.23331541544758e-05 8.15028520264605e-06 8.50280189297337e-06 1.17105208119028e-05 1.42514140861749e-05 1.21502527690609e-05 1.33837288558425e-05 1.13573642920528e-05 1.14477829811221e-05 1.34035933115229e-05 1.93030554328288e-05 3.06183370412327e-05 1.84999023986165e-05
1.65580638167739e-05 1.34611475914426e-05 1.65350805218623e-05 1.16198504656495e-05 1.85360373507137e-05 1.76063468643406e-05 5.0459086560295e-05 0.000120077094470616 9.24052936170483e-05 4.22707582401927e-05 6.82917001540773e-05 7.90190591942519e-05 8.25297094706912e-05 6.18659832980484e-05 3.7019841329311e-05 0.000115567602188094 0.000113803077329067 0.000151013719005277 0.000261633643822279 0.000106154872992192 2.28996036639728e-05 4.59480776044074e-05 1.49747484101681e-05 1.1256195466558e-05 1.15715140509565e-05 2.44906280386203e-05 1.33057948005444e-05 1.22208426546422e-05 1.37939826345246e-05 1.40159635520831e-05 1.35177454467339e-05 9.06936811588821e-06 8.98866478564741e-06 1.275706999877e-05 1.2991702715226e-05 1.3179097459215e-05 1.33700934384251e-05 1.33707971144759e-05 1.33870033096173e-05 1.30945564706053e-05 1.26424411064363e-05 1.26239692690433e-05 1.27642314510013e-05 1.54317074702703e-05 1.34086659272725e-05 1.63018554303562e-05
3.57151402567979e-05 1.41664074362779e-05 1.89372881322925e-05 5.42917165148538e-05 3.32203098878381e-05 2.29743540330674e-05 2.28591959967162e-05 2.17179142055102e-05 2.27492321755562e-05 3.03788716337294e-05 2.59860633377684e-05 3.07158365103533e-05 1.84132272806892e-05 4.01783707275172e-05 4.94920212076977e-05 5.53559226318612e-05 3.2199054294324e-05 0.000125640308397124 0.00010951373478747 0.000161859526269836 4.15818083638442e-05 1.28674916595628e-05 1.4442832707573e-05 1.23129610074102e-05 1.14830946586153e-05 1.5128255381569e-05 1.48371043906081e-05 1.03657151612424e-05 2.58523553384293e-05 1.16708461973758e-05 1.61192148880218e-05 1.06878764199791e-05 1.40094558446435e-05 1.38987901664223e-05 1.40749836646137e-05 1.45134228660027e-05 1.12131527657766e-05 1.44307467053295e-05 1.3344770832191e-05 1.24982941088092e-05 1.25727246086171e-05 1.28699145534483e-05 9.62585586421483e-06 1.33747081235924e-05 2.16279066989955e-05 2.61152916209539e-05
3.14926908686175e-05 2.55340437433915e-05 2.46247047471115e-05 2.21928588871378e-05 5.38096088348539e-05 2.36531372138415e-05 2.34082479437348e-05 3.57570619598846e-05 3.94286249502329e-05 1.56023366798763e-05 1.545152226754e-05 2.15230969843105e-05 2.89631741907215e-05 1.6367652824556e-05 4.3923761586484e-05 1.69806713529397e-05 1.64440069966076e-05 2.05426023967448e-05 0.00011640714656096 6.34570940746926e-05 5.06210108142113e-05 3.27402198308846e-05 9.02461924852105e-06 6.89425201017002e-06 7.65868353482801e-06 2.37400746300409e-05 8.26402469101595e-05 2.58653499258799e-05 1.48984997395019e-05 1.04215024293808e-05 1.10275377210201e-05 1.48961764352862e-05 1.51632974848326e-05 1.51354642184742e-05 1.53868649249489e-05 1.51542116327619e-05 1.43975858009071e-05 1.38287545269122e-05 1.39178609970259e-05 1.38501588480722e-05 1.02853980479267e-05 9.97046572592808e-06 1.04831969565566e-05 1.31467950268416e-05 1.48987109241716e-05 2.71294609774486e-05
5.72020862819045e-05 3.24398235534318e-05 2.17129310840392e-05 2.53319722105516e-05 2.51380120971589e-05 2.43007965764264e-05 3.16530871714349e-05 4.83088222608785e-05 6.35532669548411e-05 2.35407398577081e-05 2.39965555010713e-05 1.83612282853574e-05 2.37429458138649e-05 2.35032061027596e-05 4.59946213595686e-05 2.14032651456364e-05 2.099087150782e-05 2.17894536035601e-05 1.64866790328233e-05 3.83457749194349e-05 8.62998229422374e-05 6.9143108339631e-05 2.51545277023979e-05 4.51245346994256e-05 4.07133033149876e-05 0.000104682793971733 2.11835966183571e-05 1.39925879921066e-05 1.23198299661453e-05 2.23651732085273e-05 1.58817196279415e-05 1.7956400733965e-05 1.6581681666139e-05 1.57692248649255e-05 1.61336250130262e-05 1.5561452255497e-05 1.5453484684258e-05 1.05301783605682e-05 1.38574098855315e-05 2.00898570255958e-05 2.08274394026375e-05 2.25879121899197e-05 1.11944282252807e-05 1.76512498910597e-05 1.54577233843156e-05 2.26285314965935e-05
2.99255578283919e-05 0.000129123777878704 6.08355589065468e-05 2.19100975300535e-05 3.70159832527861e-05 5.47411415027455e-05 4.53969683803734e-05 4.90056634589564e-05 4.486409452511e-05 1.78685983883042e-05 1.78473691448744e-05 2.42708994846907e-05 4.21440117861493e-05 3.94961400161264e-05 3.3469544541731e-05 1.88348195479193e-05 3.26908264469239e-05 4.82846493468969e-05 5.54428788746009e-05 4.21531787651475e-05 7.33206954464549e-05 2.04088527425483e-05 5.62578130484326e-05 3.76755680917995e-05 3.28683368934435e-05 1.94093516256544e-05 2.60262102528941e-05 2.26731410293723e-05 4.45764011601568e-05 2.69988669970189e-05 5.03184226545272e-05 2.15556006878614e-05 1.28200283143087e-05 1.64332947861112e-05 1.65582123372587e-05 1.71277187291707e-05 1.65810097314534e-05 1.51150023157243e-05 2.185943776567e-05 2.69479316557408e-05 4.8314560262952e-05 3.84978991860407e-05 5.89071529248031e-05 2.13077846638043e-05 2.85430676740361e-05 3.63702101822128e-05
0.000107249947177479 2.61641316683381e-05 5.68113084227662e-05 3.20147642923985e-05 2.40471769757278e-05 2.72343639153405e-05 2.88692432150128e-05 2.84408873994835e-05 1.89799548934388e-05 2.60176473602769e-05 2.50322535066516e-05 5.49558997590793e-05 9.84206169960089e-05 8.25399023597129e-05 8.46633596665924e-05 4.97670444019604e-05 5.10142413986614e-05 3.87811836844776e-05 1.45318485010648e-05 2.82092288216518e-05 1.11460928110318e-05 1.2814681394957e-05 2.61381257587345e-05 1.88986979082983e-05 1.96693700672768e-05 1.21906223284896e-05 2.60209596490313e-05 4.27865505116642e-05 5.95013625570573e-05 2.7953057360719e-05 1.63930750204599e-05 1.71462336766126e-05 1.38898206387239e-05 1.26384898976539e-05 4.4030500248482e-05 5.12935761435074e-05 1.78867085196543e-05 1.66208948030544e-05 1.47706118696078e-05 1.18061661851243e-05 4.08566909754882e-05 0.000108735741741839 4.87158213218208e-05 2.97990978651796e-05 4.41684755060123e-05 5.49817657883977e-05
2.31865820751409e-05 2.73733361609629e-05 0.00014398056518985 9.73115878878161e-05 6.85958100802964e-05 2.96657113722176e-05 1.88482173143711e-05 1.71949772266089e-05 2.25409877202765e-05 5.47951010958059e-05 9.03340478544123e-05 5.0327813369222e-05 4.05305725507787e-05 1.95427029211714e-05 2.33654609473888e-05 2.04291224690678e-05 2.76204164038063e-05 1.73664848261978e-05 2.25489597141859e-05 3.53888133759028e-05 4.30026553658536e-05 2.49954676291964e-05 1.47063411986892e-05 1.23609077490983e-05 1.73569264916296e-05 1.81492220690416e-05 2.09451933187665e-05 2.09241195989307e-05 3.49862742950791e-05 2.49703657573264e-05 4.66236731881509e-05 6.46645461529261e-05 3.20398499752628e-05 4.25186763095553e-05 5.37925447133603e-05 2.78898526630655e-05 2.32724204579426e-05 2.01868149815709e-05 2.04704524549015e-05 2.00338330614613e-05 1.77001277734234e-05 1.34213957608154e-05 2.41419886151562e-05 2.47014831984416e-05 1.82422066245636e-05 1.55855761477142e-05
1.61185732395097e-05 5.6532910457463e-05 6.3263789343182e-05 4.19547610363225e-05 7.33770000806544e-05 8.00284069555346e-05 2.67536042883876e-05 2.32971951845684e-05 5.08286855620099e-05 3.48834752003313e-05 1.54984408254677e-05 1.97025661691441e-05 1.52394580254622e-05 2.55476090387674e-05 1.70483544025046e-05 2.62184258644993e-05 2.32348244935565e-05 2.85948663076852e-05 6.00527982896892e-05 0.000115757322055288 1.96296033209364e-05 3.3873138090712e-05 2.39494277593622e-05 2.72716450126609e-05 7.50120671000332e-05 3.57024377080961e-05 2.4834926443873e-05 1.2159629523012e-05 1.92004715245275e-05 1.73622267539031e-05 1.80478094989667e-05 2.34191664276295e-05 2.6642053762771e-05 1.66748050105525e-05 2.34775718126912e-05 1.754114528012e-05 2.19413544982672e-05 2.17697143853002e-05 2.08774035854731e-05 1.60497338583809e-05 1.11470031697536e-05 2.0044303710165e-05 1.90239141375059e-05 1.66141721820168e-05 4.92669219966047e-05 5.45115333807189e-05
3.10702620481607e-05 9.98099309072131e-05 0.000105296883702977 6.09559909207746e-05 6.59429591905791e-05 8.19316148408689e-05 1.8494417781767e-05 2.07508545827295e-05 2.31101472309092e-05 3.34926424329751e-05 2.24394419092278e-05 1.57911820679146e-05 1.47285207276582e-05 1.58743443535059e-05 6.41342896415154e-05 6.07414960541064e-05 4.05916129238904e-05 5.28276217664825e-05 5.59717969736084e-05 3.22201041853987e-05 1.14356688754924e-05 2.58232850683271e-05 3.2422348340333e-05 4.27426866735914e-05 2.67216503743839e-05 1.96301194591797e-05 2.2163172980072e-05 9.750087519933e-06 2.31591720876168e-05 2.10019332371303e-05 9.54338588599057e-06 2.20414896830334e-05 2.26999699407315e-05 1.10866336854087e-05 1.7346670756524e-05 3.81000918423524e-05 8.84802120708628e-05 0.000152366192924092 0.000139296692213975 0.000119530696974834 2.59621381701436e-05 7.07516057445901e-05 4.8623845759721e-05 0.000104582637140993 3.68123044609092e-05 4.36706272012088e-05
4.02074263547547e-05 6.46585129288724e-05 0.000142717863491271 0.000149839439109201 0.000112233451363863 4.5991063961992e-05 4.57266676676227e-05 2.23130929953186e-05 4.33556690040859e-05 2.586257414805e-05 1.44406340041314e-05 3.75593917851802e-05 5.32092719367938e-05 3.71206680938485e-05 5.19310367963044e-05 4.56829520771862e-05 3.90340135709266e-05 6.49243804218713e-05 3.52638073309208e-05 1.78949496330461e-05 1.49703535498702e-05 1.07809396013181e-05 1.87185361028241e-05 0.000105650764817256 6.03439642873127e-05 4.31288986874279e-05 1.975243931156e-05 2.90414323899313e-05 2.12092945730546e-05 1.37657071718422e-05 2.25405708988546e-05 2.51404147093126e-05 3.38536716299132e-05 0.000113854907976929 4.69750084448606e-05 7.93908602645388e-05 2.67636526587012e-05 3.82841142709367e-05 4.63146699985373e-05 1.44689412991283e-05 3.81638543331064e-05 8.55213304021163e-05 0.000151786757487571 5.27144093211973e-05 0.000103908304299694 0.000109332647116389
0.000102227251045406 3.95665385440225e-05 3.00129523566284e-05 4.77283521831851e-05 4.04230544518214e-05 2.00986804884451e-05 2.55823199040606e-05 1.88288756362454e-05 2.28009952479624e-05 2.70758309852681e-05 6.90965174726443e-05 6.59326356981182e-05 3.41233409926645e-05 3.02976499369834e-05 4.14984382587136e-05 4.40414674812928e-05 3.71678273950238e-05 5.1107968283759e-05 3.19227670843247e-05 3.50432244886178e-05 3.15054093334766e-05 2.416316910967e-05 5.59456886549015e-05 7.47667272662511e-05 1.93962187950092e-05 2.31981030083261e-05 2.12800170629635e-05 1.6156514720933e-05 2.28781728765171e-05 4.2243099778716e-05 3.35412829372217e-05 1.64299322932493e-05 1.57352060341509e-05 2.96673957564053e-05 2.24969373448403e-05 3.07955990137998e-05 2.73989946435904e-05 4.1034347123059e-05 4.44923201939673e-05 5.64515750738792e-05 9.67894095083466e-05 0.000130338856615708 2.05864719646343e-05 2.17594399146037e-05 0.000106159683855367 3.39496769811376e-05
6.23559775704052e-05 4.57425598142436e-05 2.36907055295887e-05 4.77096584290848e-05 7.25441841495922e-05 3.68354456441011e-05 3.20684039252228e-05 2.50019518716726e-05 3.53258512404864e-05 5.01148935654783e-05 7.21632757631596e-05 2.78349412837997e-05 2.79492873232812e-05 1.7784696410672e-05 3.19063903589267e-05 2.83925402072782e-05 1.97940834368637e-05 1.88987871297286e-05 1.23602092571673e-05 2.86254743514291e-05 2.67382518359227e-05 4.75215181722888e-05 5.06239628521143e-05 4.00677185098175e-05 3.14452408929355e-05 1.39156426484988e-05 2.14936986594694e-05 1.65228248079075e-05 2.87750215647975e-05 1.47914943227079e-05 2.16986862142221e-05 1.87591315807367e-05 2.48098096562899e-05 3.17279849696206e-05 2.81443465610209e-05 2.46578791120555e-05 1.52206236634811e-05 1.72009622474434e-05 0.000111499261765857 0.000137654857098823 5.2869970932079e-05 1.36104928969871e-05 3.38139114319347e-05 3.67578839359339e-05 8.18807202449534e-05 2.06298816920025e-05
