Scripts_&_data/Maxent_result_files_1/Bombus_niveatus_3.asc
NCOLS 594 
NROWS 330 
XLLCORNER -15 
YLLCORNER 23 
CELLSIZE 0.166666666666667 
NODATA_value -9999 
[rows 280 to 299 of 330, columns 405 to 449 of 594]
0.0127696721348912 0.0117458439432085 0.00664008792955428 0.00191670599160716 0.00166919035837054 0.00155532442149706 0.00168162437621504 0.00154867472592741 0.00145037929760292 0.00222622049041092 0.00224286470329389 0.00164301032782532 0.00124000043142587 0.00178447053767741 0.00152082535205409 0.00121010541915894 0.00142197226523422 0.00144540724577382 0.0012481787300203 0.00115127525641583 0.000910540972836316 0.000823253707494587 0.00231774625135586 0.00436903049703687 0.00401459272252396 0.000629248817858752 0.00111832475522533 0.00152448081062175 0.0039159347070381 0.00325091010890901 0.00314720934256911 0.00352642681682482 0.00350187498843297 0.00352100753225386 0.00312449426855892 0.00319261245895177 0.00395252133021131 0.00378736162092537 0.00346405825112015 0.00311658912105486 0.00296265399083495 0.00259003012324683 0.00211180926999077 0.00197707910556346 0.00165980249876156
0.00536894933320582 0.0120764521881938 0.00634583493229002 0.00142453527078033 0.00115262600011192 0.00177531443769112 0.00242708415025845 0.00238813183968887 0.00151735504041426 0.00209555703913793 0.00238063964061439 0.00235282619250938 0.0019147860002704 0.00195998763665557 0.0020499290432781 0.00145858397590928 0.00179001573123969 0.00169996815384366 0.000895652297185734 0.00172663911944255 0.00102203739224933 0.00100700093898922 0.00192080638953485 0.000892945693340152 0.00122421257838141 0.000710714919841848 0.00117966866237111 0.00200793353142217 0.00230622873641551 0.00347096709301695 0.00277962861582637 0.00218015444697812 0.002228896075394 0.00235087189357728 0.00208842210704461 0.00226260324707255 0.00308824216481298 0.00407520831795409 0.00338435362791643 0.0028296947479248 0.00303312627365813 0.00290621935855597 0.00218507765093818 0.00196482028695755 0.00168382655247115
0.0108843384310603 0.00713914134539664 0.00384115953929722 0.00860124360769987 0.00644411975517869 0.00232561721932143 0.0029720745049417 0.00290883103152737 0.00204631478991359 0.00167585743474774 0.00165946963243186 0.00181008694926277 0.00183764663524926 0.00198183843167499 0.00191935816546902 0.00192924054572359 0.000729982585471589 0.00122691381257027 0.00149117096443661 0.000847879814682528 0.00193288385635242 0.000649947405327112 0.0010211551329121 0.000629813181876671 0.00315487521002069 0.00321230064146221 0.000836039378191344 0.00226740287034772 0.00123115547467023 0.00317623995942995 0.00295825623907149 0.00180373630719259 0.00150140518089756 0.00130366210942157 0.00124611287610605 0.00134539578575641 0.00271446917904541 0.00324308511335403 0.00388966777827591 0.00320045400876552 0.00307710920460522 0.00300063107861206 0.00239057180006057 0.00194187444867566 0.00169658643426374
0.0187227186746895 0.00892079370096326 0.00784919974394143 0.00835187886841595 0.00438383440487087 0.00225943850819021 0.00171525990008377 0.00227037504082546 0.00239723783452064 0.00240799362072721 0.00207265943754464 0.00203808041987941 0.00283093622419983 0.00240353191038594 0.00289877912728116 0.00206647255690768 0.00136534056509845 0.00111772600794211 0.00130959008238278 0.00102534653560724 0.000772699690423906 0.00157653066562489 0.00471366127021611 0.00109137818217278 0.00041823258070508 0.00276473879348487 0.00408857291331515 0.00227178522618487 0.000926971132867038 0.000739956393954344 0.00520462883869186 0.00284605489578098 0.00180339878425002 0.0015841510379687 0.00144719327217899 0.00123922160710208 0.0013264003500808 0.00223946408368647 0.0027277066023089 0.00301376410061494 0.0030988791724667 0.00296107945032418 0.00253084794385359 0.00193349062465131 0.00169395178672858
0.0224240600131452 0.00939440722577274 0.00732851279899478 0.00366601318819448 0.00119627366075292 0.00519444169476628 0.00300417793914676 0.00288562851492316 0.00201651228126138 0.00249692768556997 0.00253623164026067 0.00239128798712045 0.0029038094333373 0.00165103658218868 0.00353546540718526 0.0106883149594069 0.00822437554597855 0.00269517151173204 0.000990015146089718 0.00120290045742877 0.00136621196870692 0.000676256661245134 0.00312030063942075 0.00318891250062734 0.000951962897670455 0.000756623143388424 0.000982700925669633 0.0043158843414858 0.00565014749299735 0.00459562727482989 0.00930383345112205 0.00261980188079178 0.0020911957602948 0.00187308073509485 0.00181079471949488 0.00154635838698596 0.00110412634094246 0.00134102014126256 0.00230143171502277 0.00213748267269693 0.00225096311769448 0.00268412377918139 0.00283199936384335 0.00202919661533087 0.00167569442419335
0.00536475859116763 0.0111362343188375 0.0071084541734308 0.0070186753757298 0.00509345167083666 0.00423422020394355 0.00731215560808778 0.00345329567790031 0.00171715710894205 0.0032504620612599 0.0026204259833321 0.0028986701159738 0.00276401437586173 0.00426676385104656 0.00146029182069469 0.0207401414401829 0.00866109449416399 0.00986925284378231 0.00800052806735039 0.00105510684661567 0.00097189228690695 0.0015926795618725 0.00109670226811431 0.000896412014844827 0.000949653639690951 0.000528319136356004 0.000395049037615536 0.000577815122960601 0.00184493341948837 0.00138877229474019 0.0031634898041375 0.00270248882006854 0.00299284709617496 0.00193649939028546 0.00191062303492799 0.00153345549479127 0.0011577037977986 0.00139884455129504 0.00189384690020233 0.00178215988562442 0.00196262641693465 0.00212426114594564 0.00295536624034867 0.00204589776112698 0.00156676943879575
0.0119158742018044 0.0113692979328334 0.00397588342893869 0.00347026486415416 0.00253987703472376 0.00158229311055038 0.0017109417298343 0.003125557792373 0.00246921301586553 0.00156927313946653 0.00410222904756665 0.0039532853406854 0.0033467186964117 0.00291020430158824 0.00267532090656459 0.00221144431270659 0.00644985930994153 0.00627833530306816 0.00202887807972729 0.00297507189679891 0.0125695994589478 0.00354424137622118 0.00221294154180214 0.000875290142721497 0.000840411544777453 0.000744253300945275 0.000698752758034971 0.00402846308425069 0.000675112039607484 0.0110949766822159 0.00966710457578301 0.00561709119938314 0.00277361311018467 0.00189911728957668 0.00186919312691316 0.00171720454236493 0.00143884364515543 0.00159208168042824 0.00215029313694686 0.00187004781328142 0.00161453753244132 0.00221661472460255 0.00267645695712417 0.00229399471427314 0.00143620406161062
0.00442385908681899 0.00412600033450872 0.00433656414970756 0.00449528070166707 0.00207876603817567 0.00221051472472027 0.00165104678599164 0.00192058178363368 0.0027253751643002 0.00177235102746636 0.00205896821571514 0.00375596354715526 0.00345897823572159 0.00238031438784674 0.00349996625445783 0.0021645714645274 0.00471117857377976 0.00326446091057733 0.00281394009944051 0.00800110772252083 0.0123024474829435 0.010547645483166 0.0186364008113742 0.00858514998108149 0.00354196254629642 0.0068297618534416 0.00191822700435296 0.0026807113783434 0.000699554609309416 0.00440879962407052 0.00949773131869733 0.00268611618084833 0.00631624576635659 0.00224957936443388 0.00182114208582789 0.00178208069410175 0.00171817315276712 0.00164150366326794 0.0015044266008772 0.0013753934414126 0.00149912824854255 0.00209603217663243 0.00239508964587003 0.00285527892410755 0.00161461481475271
0.00275512260850519 0.0015465406992007 0.00401178705506027 0.00609858445823193 0.00328380058053881 0.00416572701651603 0.00608673309907317 0.00946915103122592 0.00406967392191291 0.00234775952994823 0.00278359770891257 0.00400985311716795 0.00423156449105591 0.00408255411311984 0.00455053304322064 0.00512196593917906 0.00401472789235413 0.00361930538201705 0.00302436061901972 0.00621061765123159 0.00633681833278388 0.00174353326437995 0.00226787147112191 0.0103493367787451 0.00348458979278803 0.00197008299292065 0.00102588752342854 0.00111365418706555 0.0040083184838295 0.00222766139777377 0.00125740661169402 0.00565431320574135 0.0037744291475974 0.0040007472736761 0.00246916654286906 0.0018357670516707 0.001645692368038 0.00137118735583499 0.00133160565746948 0.000980561273172498 0.00122125614434481 0.0015170399681665 0.00164831976871938 0.00274625241290778 0.00190654889447615
0.00289780054008588 0.00301717866677791 0.00314760573673993 0.0019317722733831 0.00216704223421402 0.00559008420677856 0.0109383767470717 0.00467906923731789 0.00713437735103071 0.0024044785881415 0.00197058111662045 0.00441015767864883 0.0055766511708498 0.00753086949698627 0.00585821920540184 0.00492167044430971 0.00466514434665441 0.00425049476325512 0.00228401059284806 0.00191874394658953 0.00426546160597354 0.00570397803094238 0.00700395340099931 0.006807442731224 0.00852204686962068 0.0109284473583102 0.0204955949448049 0.00462774892803282 0.0027054347039666 0.00242994296131656 0.00110380273836199 0.00229451706400141 0.00698246932588518 0.00579701273236424 0.00288455047411844 0.00222173823276535 0.0017141753109172 0.00150611846474931 0.00141368119511753 0.00114337334525771 0.00113691951264627 0.00129412919632159 0.00143870306201279 0.00299796938197687 0.00168591110268608
0.00868814659770578 0.00942834597080946 0.00473125299904495 0.00220587778603658 0.0035030187049415 0.00738775138743222 0.00194407333619893 0.00198175522382371 0.00467050144216046 0.00652137624565512 0.00307534870225936 0.00291593476431444 0.00315151781542227 0.00481651911977679 0.00727983254473656 0.00464052779134363 0.00593335465528071 0.00447228888515383 0.0014917136868462 0.00254125272622332 0.006508077098988 0.00493988399393857 0.00650979001075029 0.00440472364425659 0.0062251232098788 0.0108299411367625 0.0101698177400976 0.00602525949943811 0.0126839102245867 0.00912032201886177 0.00169688400928862 0.00286071323789656 0.00187717216322199 0.00685941802803427 0.00684671206399798 0.00360426616389304 0.00257574107963592 0.00233091865666211 0.00182046146364883 0.0013755208812654 0.00116072715027258 0.00133344411151484 0.0012565016397275 0.00162728881696239 0.00173536147922277
0.00901437606662512 0.00608901970554143 0.00819318206049502 0.00484117737505585 0.00352039178833365 0.00394657070282847 0.00299615676049143 0.00246636415249668 0.00492764592636377 0.0264255218207836 0.0107727689435706 0.00265980945550837 0.00408180861268193 0.00456799890380353 0.0050308984471485 0.00243832966079935 0.00399147071875632 0.00734043824486434 0.00188671030336991 0.00118056742358021 0.0015882505394984 0.00539186466485262 0.00395566332153976 0.00527008704375476 0.00730271609500051 0.0037583329482004 0.00422204781789333 0.00436347280628979 0.00305987144820392 0.010012948513031 0.0253105719573796 0.0167447966523468 0.00143460435792804 0.0101176832336932 0.00492171344812959 0.00832534346263856 0.00469867940992117 0.00344165830174461 0.00262840072391555 0.00178142393706366 0.0014283916563727 0.00124159771949053 0.00118608283810318 0.00115894203190692 0.00258543790550902
0.00509620641823858 0.0067605048418045 0.00269112945534289 0.00323495945776813 0.00448649293975905 0.00375395438168198 0.00451548163546249 0.00374589555431157 0.003928053798154 0.00300579316681251 0.0059084250824526 0.00328507355879992 0.00218395228148438 0.004280496831052 0.00553049398586154 0.00283832806744613 0.00189769555872772 0.00434104215819389 0.00189758198393974 0.00269421915872954 0.00189482816495001 0.00500441179610789 0.00283789343666285 0.00146462510456331 0.00578832586761564 0.00356487865792587 0.00583558417856693 0.00497524046804756 0.00525750743690878 0.0056055937660858 0.0154025422409177 0.0168829289730638 0.0129585588816553 0.00478723128326237 0.0114243509247899 0.00870303958654404 0.00835135094821453 0.00483807784039527 0.00320355598814785 0.00227690745377913 0.00168387775775045 0.00147654876345769 0.00131727313855663 0.00129419424338266 0.00219647835474461
0.00438570238184184 0.00457891861442476 0.00368616813793778 0.00435149455443025 0.0046564060379751 0.00522322000470012 0.00526506358291954 0.00574615388177335 0.00551604395732284 0.00439182943664491 0.00461366530507803 0.00512347451876849 0.00417658279184252 0.00211985080386512 0.00874742153100669 0.00740844791289419 0.00632762378081679 0.0037023953278549 0.00265242236782797 0.00269135745475069 0.00241200097370893 0.00211067778291181 0.0014454866759479 0.00187608284177259 0.00375381308840588 0.00115242835890967 0.00456378821982071 0.00839093734975904 0.0159032133873552 0.00738505483604968 0.00436054768506438 0.00191369261592627 0.00414756645914167 0.00676182075403631 0.00621004330459982 0.00523547361372039 0.01071508936584 0.00651694003026932 0.00406630001962185 0.00263874804368243 0.0019167014863342 0.00182956961216405 0.00167112856870517 0.00114132229355164 0.00179610924096778
0.00614371441770345 0.00540817836299539 0.00679536915849894 0.00619113384746015 0.00718477633781731 0.00496789939934388 0.00681674112565815 0.00942131748888642 0.00517641926417127 0.0111466222908348 0.00750943026505411 0.00552834235131741 0.00519911956507713 0.00448511480353773 0.0024259957310278 0.00434187831124291 0.00527742558624595 0.00576796215027571 0.00223711160360836 0.00245057169231586 0.00218892775301356 0.00287960434798151 0.0025449096923694 0.00546407694928348 0.00186179736629128 0.00579464093316346 0.00872440075036138 0.00847912558820099 0.0136834686156362 0.00315295861801133 0.00374761222628877 0.00474291351856664 0.00671520761679858 0.00928715702611953 0.0188250362873077 0.0144678752403706 0.0129430314991623 0.00799275473691523 0.00578078937251121 0.00260927740018815 0.00221940581686795 0.0022196555393748 0.0020572406006977 0.00137486249441281 0.00132652980973944
0.00998678212054074 0.00642869393341243 0.00691257864236832 0.0121319070924073 0.00801918171346188 0.00884566395543516 0.0161692834692076 0.0107303089927882 0.00703198903938755 0.00620283742900938 0.00887760906480253 0.00768275230657309 0.00312634797301143 0.00666357721202075 0.00528484950773418 0.00406796997413039 0.00315766085404903 0.00354566476889886 0.00439245279412717 0.00555125342216343 0.00268150542979129 0.00516992764314637 0.0057462444761768 0.0132987079210579 0.0079362609423697 0.00771902054548264 0.00230616106418893 0.00376806706190109 0.0066616665571928 0.00858247545547783 0.0123759163543582 0.0231085123494267 0.00347200339892879 0.00573523277416825 0.00848857657983899 0.018568530632183 0.00785326201003045 0.00624194773845375 0.00941268680617213 0.00428630337119102 0.00244077898096293 0.00223272311268374 0.00199129437096417 0.00167795931920409 0.00171427435707301
0.0178353215102106 0.0111775342840701 0.0298581320792437 0.0417266511358321 0.0156522643752396 0.0139036559034139 0.00857644720235839 0.0104882909217849 0.0104754176223651 0.00821060374146327 0.00843872474506497 0.0105865621706471 0.00968807190656662 0.00640708698192611 0.00308195879333653 0.00493085929192603 0.00353979703504592 0.00329089509323239 0.00398946716450155 0.00658072017831728 0.00861215218901634 0.00818021182203665 0.00390238264226355 0.00379355486948043 0.0186425155494362 0.0108415900729597 0.0162165642715991 0.0290895342826843 0.006421885243617 0.0204510943032801 0.065183256007731 0.00222089028684422 0.00743334630969912 0.00382758961059153 0.00430261637084186 0.0054756743600592 0.00798607165925205 0.00988968403544277 0.00529483191203326 0.00276590695139021 0.00270960659254342 0.00237098914803937 0.00207990307826549 0.00196377971442416 0.00211702772649005
0.0221920798765495 0.0233382818289101 0.0279241722775623 0.0246497368905693 0.0467942470684648 0.0221080146962777 0.0126397388987243 0.00805727075785398 0.0116249903570861 0.0095786027610302 0.0122866299469024 0.0101048023905605 0.0151281497441232 0.00858997286995873 0.00440611228113994 0.0056017822411377 0.00462682507932186 0.00375034378375858 0.00516141544794664 0.00852351479697972 0.0214926544344053 0.0417791903018951 0.0228138156235218 0.0113333969376981 0.0100679526804015 0.0402825927361846 0.0299827141687274 0.0120941191911697 0.035778302885592 0.0245296944864094 0.0163049187511206 0.00243340069428086 0.00203223616117612 0.0176035734824836 0.0079396441928111 0.00145772867836058 0.00364245164673775 0.00474321926012635 0.0290718500502408 0.0194081050343812 0.00850692642852664 0.00367419398389757 0.00275976026896387 0.00291153091238812 0.00341993869515136
0.0191190541256219 0.0173720167251304 0.029558604885824 0.0449393964838237 0.0344052328728139 0.0182837992440909 0.0149847867898643 0.0133314588223584 0.0131685881060548 0.0190865053329617 0.0133730015950277 0.0175686362199485 0.0100311166024767 0.00877303512534127 0.0108108493033797 0.0146003039670177 0.019740423001349 0.010354652616661 0.00776973065221682 0.0205287940101698 0.0179126227973029 0.0240430089645088 0.0493260443210602 0.0906665656715631 0.0164140207692981 0.160802619159222 0.0299318608827889 0.0169987925328314 0.0276628338731825 0.00736341003794223 0.00381755288690329 0.00520262946374714 0.0157827730290592 0.00780501584522426 0.00654032772872597 0.0084461820544675 0.0149675791151822 0.0140332312555984 0.0133247513789684 0.0112633477430791 0.0160036368761212 0.0131535121239722 0.0174076332710683 0.00480099944397807 0.00688736813608557
0.00566630229586735 0.00956505322828889 0.00893033858155832 0.0120380711858161 0.0137462023179978 0.0193262931425124 0.0150106633780524 0.0182387307751924 0.0207221783697605 0.017208584677428 0.0165795792359859 0.0116047724848613 0.016172438301146 0.0220571188256145 0.0195680837146938 0.0245917966589332 0.031825190410018 0.0199251232668757 0.0236838363111019 0.0170117853209376 0.0240708792582154 0.0573049524798989 0.0382644037716091 0.0893835231661797 0.143134173378348 0.0652546782046557 0.0878482796251774 0.0558119360357523 0.0436407035216689 0.109513285756111 0.0107764654792845 0.00833995579741895 0.00535386486444622 0.00563980927690864 0.00533665549010038 0.00493791510816663 0.00479040432255715 0.0281651189550757 0.0120670665055513 0.0121474025771022 0.0197323111817241 0.00412389631383121 0.019859909825027 0.0214905500411987 0.00125511256046593
