Scripts_&_data/Maxent_result_files_1/Bombus_haematurus_2.asc
NCOLS 594 
NROWS 330 
XLLCORNER -15 
YLLCORNER 23 
CELLSIZE 0.166666666666667 
NODATA_value -9999 
[rows 240 to 259 of 330, columns 90 to 134 of 594]
-9999 -9999 -9999 -9999 -9999 -9999 -9999 -9999 -9999 -9999 -9999 -9999 -9999 -9999 -9999 -9999 -9999 -9999 -9999 -9999 -9999 -9999 -9999 -9999 -9999 -9999 -9999 -9999 -9999 -9999 -9999 -9999 -9999 -9999 -9999 -9999 -9999 -9999 -9999 -9999 -9999 -9999 -9999 -9999 -9999
-9999 -9999 -9999 -9999 -9999 -9999 -9999 -9999 -9999 -9999 -9999 -9999 -9999 -9999 -9999 -9999 -9999 -9999 -9999 -9999 -9999 -9999 -9999 -9999 -9999 -9999 -9999 -9999 -9999 -9999 -9999 -9999 -9999 -9999 -9999 -9999 -9999 -9999 -9999 -9999 -9999 -9999 -9999 -9999 -9999
-9999 -9999 -9999 -9999 -9999 -9999 -9999 -9999 -9999 -9999 -9999 -9999 -9999 -9999 -9999 -9999 -9999 -9999 -9999 -9999 -9999 -9999 -9999 -9999 -9999 -9999 -9999 -9999 -9999 -9999 -9999 -9999 -9999 -9999 -9999 -9999 -9999 -9999 -9999 -9999 -9999 -9999 -9999 -9999 -9999
-9999 -9999 -9999 -9999 -9999 -9999 -9999 -9999 -9999 -9999 -9999 -9999 -9999 -9999 -9999 -9999 -9999 -9999 -9999 -9999 -9999 -9999 -9999 -9999 -9999 -9999 -9999 -9999 -9999 -9999 -9999 -9999 -9999 -9999 -9999 -9999 -9999 -9999 -9999 -9999 -9999 -9999 -9999 -9999 -9999
-9999 -9999 -9999 -9999 -9999 -9999 -9999 -9999 -9999 -9999 -9999 -9999 -9999 -9999 -9999 -9999 -9999 -9999 -9999 -9999 -9999 -9999 -9999 -9999 -9999 -9999 -9999 -9999 -9999 -9999 -9999 -9999 -9999 -9999 -9999 -9999 -9999 -9999 -9999 -9999 -9999 -9999 -9999 -9999 -9999
-9999 -9999 -9999 -9999 -9999 -9999 -9999 -9999 -9999 -9999 -9999 -9999 -9999 -9999 -9999 -9999 -9999 -9999 -9999 -9999 -9999 -9999 -9999 -9999 -9999 -9999 -9999 -9999 -9999 -9999 -9999 -9999 -9999 -9999 -9999 -9999 -9999 -9999 0.274726883322001 -9999 -9999 -9999 -9999 -9999 -9999
-9999 -9999 -9999 -9999 -9999 -9999 -9999 -9999 -9999 -9999 -9999 -9999 -9999 -9999 -9999 -9999 -9999 -9999 -9999 -9999 -9999 -9999 -9999 -9999 -9999 -9999 -9999 -9999 -9999 -9999 -9999 -9999 -9999 -9999 -9999 -9999 -9999 0.740220946073532 0.168649623170495 0.0275661853607744 0.194813080132008 -9999 -9999 0.0031090713921003 0.170044009014964
-9999 -9999 -9999 -9999 -9999 -9999 -9999 -9999 -9999 -9999 -9999 -9999 -9999 -9999 -9999 -9999 -9999 0.0183709634467959 0.143348314985633 0.0151824958855286 0.0193515555700287 0.00186436378353392 0.00364257885521511 0.0115256788500119 0.0105041034417809 0.00804841948556714 0.00961572207161225 0.0116639486514032 0.0100121536233928 0.00955616388237104 -9999 -9999 -9999 0.146876440569758 0.107589762844145 0.069709518365562 0.0981762308627367 0.123004443198442 0.0325352893210947 0.00887731635011733 0.00487404012310435 0.0152998658828437 0.00659903382183984 0.00189221258842736 0.000542666749663567
-9999 -9999 -9999 -9999 -9999 -9999 -9999 -9999 -9999 -9999 -9999 -9999 0.0360510257072747 0.0207792633445933 0.0615188505500555 0.0162933561485261 0.00367472955258563 0.00499597478774376 0.0109703892609105 0.00240391516326781 0.00065435467693078 0.00834606358403107 0.00764625308074756 0.00549219700405956 0.0079268102588685 0.0231840774416924 0.0338965816190466 0.0211854619439691 0.00739274112856947 0.00353890353435418 0.0306414601393044 0.129656822234392 0.0197853061836213 0.0266597809735686 0.0297173233004287 0.0224260061979294 0.0545746655203402 0.0176987656392157 0.019089529896155 0.0175849710358307 0.00514355329796672 0.0223516665631905 0.00622597976325778 0.00124798958258907 0.00642996904425672
-9999 -9999 -9999 -9999 -9999 0.0332779063843191 0.0186021145433187 0.0087830841075629 0.00862596647348255 0.00140510535566136 0.00138185843388783 0.00193232232195442 0.00257733938051388 0.00779288318590261 0.00859584897989407 0.00229788870383345 0.101967857498676 0.0912771323695779 0.00468467462342232 0.00199612459982745 0.00414635713677853 0.0012889337100205 0.0295880690217018 0.0388293719850481 0.031015515117906 0.0629995100200176 0.0113941337447613 0.0227724104159279 0.00929450745461509 0.00825107923010364 0.0262161613209173 0.0308626045938581 0.065043599717319 0.00675814958522096 0.00864429691573605 0.0107865918660536 0.008121866453439 0.0332292157690972 0.017705374956131 0.0732277669012547 0.0430810810998082 0.131995225697756 0.0379604278132319 0.0356272175908089 0.0616550951264799
-9999 -9999 -9999 0.0020106219308218 0.000581411208258942 0.0129959262441844 0.00162852722569369 0.00920150482561439 0.0351629337761551 0.00818389771739021 0.00346420389250852 0.0581731455400586 0.0188672081567347 0.0406083328649402 0.0037180089042522 0.0205601473338902 0.118251870200038 0.0427605685777962 0.00513044293620624 0.0122738199599553 0.0114397912551794 0.00564857563585974 0.0112593424622901 0.0237403285922483 0.0185371487445082 0.018519705457129 0.0461746546570794 0.00688699951861054 0.0264874813612551 0.0291219722945243 0.0136655154870823 0.041520445374772 0.143849982321262 0.0164093197439797 0.0386908907443285 0.0150461131706834 0.022012400534004 0.0572558077052236 0.0492684034630656 0.0703430373221636 0.0752957314252853 0.0319836681708694 0.0167825351469219 0.0145448846742511 0.012068179063499
-9999 0.00112727829982759 0.000497413189441431 0.00132118120163796 0.00360119700198993 0.0084711471805349 0.00230325547163375 0.00241054016223643 0.0206815652054502 0.0209150727663655 0.0153226777456439 0.0151236111203616 0.0130013053014409 0.0151740779634565 0.04224653551355 0.00447674792376347 0.0103332544444129 0.0243274954846129 0.011860530031845 0.0139649824181106 0.0257022362202406 0.010881555249216 0.0146648725494742 0.0308546077110805 0.0199023563458468 0.0441963358811336 0.0186897229177703 0.0164775217905117 0.0253447614551988 0.0509806299407501 0.0263112765504047 0.0565767946653068 0.0814169557765126 0.0239559025038034 0.0144531004829332 0.0255373134277761 0.045698771532625 0.0411928066052496 0.0403847300913185 0.112078277021646 0.0387638612184674 0.0666937729343772 0.0280116647016257 0.0637967575341463 0.051026196219027
0.00417199587100185 0.00111414829007117 0.000896569501492195 0.00116269041463966 0.0141079618828371 0.00889525441452861 0.00976774987066165 0.00855996892787516 0.00581593022216111 0.0157649700326147 0.0274231677642092 0.01953276314307 0.0191687842598185 0.0238636738155037 0.02749733265955 0.010975848446833 0.0186347142473096 0.0208902519152616 0.0139908067212673 0.012160815342213 0.0173105005291291 0.0304595648456598 0.0665261237416416 0.0689594997442327 0.0654981054714881 0.0374429614865221 0.0603824437130243 0.087030919251265 0.0288833475438878 0.0268314910645131 0.0568674435839057 0.0333969833562151 0.0364300186280161 0.0259485371643677 0.0145345512079075 0.0238113918108866 0.0418477855622768 0.0564852251671255 0.0357437517493963 0.021215189434588 0.0434253016486764 0.0451801895629615 0.0853668507188559 0.0793259014375508 0.0958671893924475
0.000577340048766928 0.00278734613093548 0.0027431023074314 0.00878834207542241 0.0220704932929948 0.00451204441196751 0.0124746752888313 0.0228950608405285 0.00723927419167012 0.0354132285545347 0.0306365152144281 0.0170558264653664 0.0248043064988451 0.0264187097061949 0.0256306368992227 0.0160765740660281 0.0141370661727706 0.0167814745487703 0.0179521253510757 0.0201027793715184 0.00793668027617969 0.0311824713135138 0.0669207798549905 0.110792000778019 0.0948590001935372 0.0963863928103819 0.111210856604157 0.101520538097247 0.0883843864197843 0.0744518170598894 0.0733065378386527 0.0557261027395725 0.0443837999366224 0.0229948260297533 0.0162285250844434 0.0446725635789335 0.0420943166711368 0.0449154959758744 0.0390020958846435 0.0312011778354645 0.0231883136439137 0.0233649852802046 0.0155998591100797 0.042399200424552 0.0651119530200958
0.000568204637966119 0.000761940961820073 0.0017519290020573 0.00267906166591274 0.0044151711568702 0.00655489870114252 0.00990968920523301 0.0199956455886422 0.0173036450927611 0.0235460090800188 0.0266836147988215 0.0283532013068907 0.0428481952258153 0.0403479226792115 0.0268793895193085 0.0242939230367483 0.0162129880849534 0.0149478882351104 0.0222570587226073 0.0461699381281505 0.0434208326289081 0.0518588882026961 0.0464523410657421 0.101523015074781 0.0888288805668708 0.0268681223504245 0.0233424932695925 0.0608429295709357 0.026068712817505 0.0679707609815523 0.0628710222663358 0.0383467679610476 0.0224049220792949 0.0162292632972822 0.0169503674085718 0.014198516914621 0.0471323920413852 0.104812186025083 0.039177705347538 0.0417859549866989 0.0444555851630867 0.062951567210257 0.0383137370692566 0.0531730885617435 0.0734968139789998
0.00157598576770397 0.00561420082813129 0.00549144336255267 0.00388326520624105 0.00918306999919878 0.0142990427011682 0.00950224220287055 0.0217142307315953 0.0240810309303924 0.0357847744598985 0.0279104892746545 0.0275399512378499 0.0329836360760964 0.0373519209155347 0.0213631850027014 0.0267245059672859 0.0224464569757401 0.0172162359798676 0.0205186121806037 0.0386682699798257 0.0635950896859867 0.0567158963094698 0.0334285963268485 0.0577544909756398 0.114402225823142 0.0544721940997988 0.014836986316368 0.00930537467356771 0.00516500778030604 0.0041209221817553 0.0442852295935154 0.0343135088682175 0.0443706253543496 0.0148670000256971 0.00948898081551306 0.0103187580010854 0.0433277509175241 0.0108842870686203 0.0213819689670345 0.0245841802563518 0.086150979064405 0.0626859220676124 0.0236462570726871 0.0213514106930234 0.0323910179547966
0.0159441883210093 0.00830599192995578 0.00585242943197954 0.00702862273028586 0.00800713338248897 0.010001983231632 0.0122242593439296 0.0564803740009665 0.10682345032692 0.0264334841864184 0.0249749058391899 0.0504418967640959 0.0642020789469825 0.0630919176270254 0.0353098254301585 0.0295628413179656 0.0262845215514972 0.0208199062493804 0.0345060864972766 0.0368896074855002 0.0273558614659123 0.00861907408107072 0.0461577175185084 0.0856566384143662 0.0578575207735412 0.0658021136187017 0.0486167712137103 0.0385457300930284 0.0520779447106179 0.0140285114757717 0.00886700409464538 0.0238175745587796 0.0171985815279186 0.0095722182886675 0.00497873504646122 0.0245396795726265 0.0384468027172261 0.0329921223295969 0.023991429148009 0.00306586736696772 0.00155922826888855 0.077542474353686 0.0231065692845732 0.0204506320180371 0.0285438693361357
0.00754365838947706 0.0128146260161884 0.0105472809518687 0.00845930450595915 0.0170053927868139 0.0126896372821648 0.0249681248096749 0.0626326434314251 0.0471285225823522 0.0198454837547615 0.0265955791051965 0.0464279911771882 0.0761073274741648 0.0721818705147598 0.0505522003106307 0.0503928847436328 0.0440266955178231 0.0272631502382865 0.0413235645741224 0.0306800807607942 0.0362650317256339 0.0552966336661484 0.0936002976435702 0.113173457817174 0.0637585229589604 0.0559953529271297 0.0458185843657702 0.0055741639342159 0.0106579511426389 0.00736430342076346 0.00542211687425151 0.00552516982425004 0.0026319089520257 0.00257552682887763 0.00722007665317506 0.0125565939873923 0.0305247231386602 0.0276502839988098 0.034456132305786 0.0148227111101733 0.0170736116764601 0.0341991905472241 0.0242875722469762 0.0251456515863538 0.0500507487449795
0.0156341242953204 0.0159078242024407 0.0203962566913106 0.0270302487944718 0.0264633164450061 0.0187235928722657 0.0684366131201386 0.02464463399956 0.0287920060567558 0.0481474412605166 0.0388325045641977 0.0576441004959634 0.0669847420678707 0.0375449730643595 0.0596142044349108 0.0403239983410458 0.00888247964903712 0.0114232541352976 0.046853854379151 0.053255821717903 0.0426586589193903 0.0484493909287266 0.0542189458152279 0.05856788122328 0.0320036972872913 0.0208861220628023 0.0152290618047118 0.00359998423955403 0.00294601534260437 0.00290881500695832 0.00289334991248325 0.00178402351739351 0.000816293113166466 0.00142294917313848 0.0151936094043776 0.00905863253865391 0.00631232575979084 0.0109341544797644 0.00876688589341939 0.0104451254010201 0.00825854747090489 0.015758187440224 0.0403950777836144 0.0336675599217415 0.0196839398238808
0.024149050062988 0.0461163290368859 0.0517578999977559 0.048242041451158 0.0402832951716846 0.0299214634287637 0.0236031018546782 0.0370185479929205 0.0508228738821344 0.0281832025531912 0.0651503540444537 0.0585281714753364 0.0598011222391506 0.0229577571471964 0.0175230900829774 0.0665267536271131 0.0634895961236907 0.0463186594774015 0.0767424441175535 0.0519423004705459 0.0863312074914575 0.0372226255713031 0.0385999446269125 0.0228198493365198 0.0238332019653171 0.0157575054094195 0.00996161086950451 0.00345299947075546 0.00156508911168203 0.00348929947940633 0.000836326665012166 0.00379543842282146 0.0157183968229219 0.000747883129224647 0.00122047559998464 0.00113914600806311 0.000325817574048415 0.000323114851198625 0.000900217876187526 0.000407562399050221 0.000286814528953983 0.000395999425381888 0.000678990311280359 0.000419313713064184 0.000914022672805004
