Scripts_&_data/Maxent_result_files_1/Bombus_haematurus_2.asc
NCOLS 594 
NROWS 330 
XLLCORNER -15 
YLLCORNER 23 
CELLSIZE 0.166666666666667 
NODATA_value -9999 
[rows 240 to 259 of 330, columns 405 to 449 of 594]
-9999 -9999 -9999 -9999 -9999 -9999 -9999 -9999 0.000593957493401831 0.000517818859952968 0.000505294624599628 0.000466134525777306 0.000464296351856319 0.000466039929597173 0.00146261952759232 0.0212411106564105 0.0363126759206352 0.052609248310182 0.0571935856285563 0.0553308569607907 0.0350639953139762 0.0152146635575264 0.0109644989661319 0.0142334308853606 0.0252133930567652 0.0147228228801396 0.0135368375020334 0.0209508399362676 0.0437967975158244 0.0293242583516985 0.0125284384441329 0.0110191335639684 0.0131224663797184 0.00722321359571652 0.0134349496205687 0.0752272617071867 0.00717807231703773 0.0219560855533928 0.026977659529075 0.0103714754921384 0.00793795621138997 0.00828422061167657 0.00183674903237261 0.00359517625329318 0.00222653688188075
-9999 -9999 -9999 -9999 -9999 -9999 -9999 -9999 0.00473767092917114 0.00103726301458664 0.00075445848488016 0.000564615037001204 0.00219732577097602 0.00338831770932302 0.0226401832536794 0.0399596937641036 0.0473994779007626 0.0591168549959548 0.0577226674882695 0.0395398632856086 0.16591279655695 0.0104884262866108 0.0366778004012303 0.0402624265407212 0.0113428658201883 0.011061091254669 0.0101433810486924 0.0135806717094965 0.0112429647793761 0.0152794540044852 0.0100705011500395 0.00805024977307767 0.010647143604001 0.0106879774481058 0.00705912391713355 0.00987266917672969 0.0109696965774674 0.00926580923478468 0.00744626352679916 0.0256199057912454 0.0108532802114496 0.0033193144496181 0.00430031216092175 0.00264947274627048 0.00244499278542207
-9999 -9999 -9999 -9999 -9999 -9999 -9999 -9999 0.0597628228366375 0.0169718159129843 0.0327855561685283 0.0230333035695367 0.061580863915151 0.0538185240700841 0.0498318970378023 0.0720469652878819 0.0263310619964614 0.0340158506529406 0.111462597176433 0.787805050611496 0.0226700575556606 0.0109847381041618 0.0300340247580607 0.0347009321543737 0.0074567880662471 0.0106473531981464 0.0113502595108002 0.0376465220935643 0.0080844038297073 0.00828899543557782 0.0056726368326963 0.00672867217799649 0.0042932513053529 0.00322934016876388 0.00489473357592942 0.00764312204846647 0.00667740030221466 0.00588316333196417 0.00814217700753943 0.0088245638542503 0.00849541839866106 0.00421174119510397 0.00240237628422619 0.00478776450327132 0.00309088863905345
-9999 -9999 -9999 -9999 -9999 -9999 -9999 -9999 0.488545052707195 0.017179999439395 0.0311282035872864 0.120362090654089 0.0463115700200433 0.0461956636150717 0.0502641086204676 0.0681477558464394 0.0548420836683363 0.144805536046624 0.59656882584095 0.807804411649704 0.988715308904648 0.0622985840076581 0.00469029209834844 0.00330883405549685 0.00373184920144922 0.00576998863252811 0.00421590098558227 0.00268632996185261 0.00779329697834328 0.00809789471386466 0.00542301150471758 0.00547663997931522 0.0109417315805331 0.00865329500520602 0.00374205653679383 0.00669383143249433 0.00308949823083822 0.00298284550078733 0.00749596186651615 0.0148484547389671 0.00353181801765459 0.0116955167046399 0.0144064411579166 0.00496190773119451 0.00290571668228949
-9999 -9999 -9999 -9999 -9999 -9999 -9999 -9999 -9999 0.0179094054037705 0.0373705675625388 0.082598846021574 0.101007806463167 0.0668012785725296 0.0661274545360357 0.0489314237609506 0.195561411976814 0.809949350357056 0.662440197169781 0.589217174053192 0.0201437661860837 0.00635070148382511 0.00459957870971266 0.00395338343514595 0.00281111062186028 0.0043669795014921 0.00467646858614898 0.00430858548425022 0.005816156284709 0.00344109613124601 0.00528820116087445 0.00293809044760565 0.00499126721661014 0.00530425257893512 0.0104221450863406 0.00874115952174179 0.0026769672982482 0.0056999818298209 0.00536880085473967 0.00766949862954789 0.00599764898506692 0.00742549410833817 0.0195286771046085 0.0159392517856759 0.00290370935463216
-9999 -9999 -9999 -9999 -9999 -9999 -9999 -9999 -9999 0.128030944056809 0.0813375909347087 0.132739475369453 0.203087933734059 0.126284328475595 0.102640796639025 0.863392561674118 0.811589784920216 0.873353719711304 0.26879668533802 0.00871286278124899 0.00426341624843189 0.00401828473841306 0.0106252836536441 0.0114629104640699 0.00387560707822558 0.00298049543926027 0.00467594377696514 0.00877456208691001 0.00834215772338212 0.00407171500846744 0.00672306306660175 0.00995488206390291 0.0145998084452003 0.00244952398388705 0.00561074498837115 0.00813117402140051 0.0113582420919556 0.00363665216300433 0.00186084106617272 0.00219405967145576 0.00133099628742457 0.00278125707473009 0.00570979503827402 0.00496831389345971 0.00754841467596634
-9999 -9999 -9999 -9999 -9999 -9999 -9999 -9999 -9999 0.751142892241478 0.164152679219842 0.630466765165329 0.734793305397034 0.770876383781433 0.921038714051247 0.999967086315155 0.95835827589035 0.0835477267159149 0.00176619634285089 0.00201029799645767 0.00151814296259545 0.00539173047727672 0.00906763218226843 0.00132733345963061 0.000364917081606109 0.00954207102768123 0.00723745343275368 0.0233148705214262 0.018257373617962 0.0102823338471353 0.0148849380435422 0.00471541809165501 0.00321802683756687 0.0143235142575577 0.00695829334435985 0.00534544534893939 0.00488728564523626 0.00695177965753828 0.00382485946211091 0.00249769431707136 0.00204529628499586 0.0021296210872606 0.00217307671009621 0.00331583780466644 0.00445161095872209
-9999 -9999 0.772737354040146 0.364578844606876 0.186574311926961 0.466025806963444 0.97110892534256 0.964543384313583 0.999991065263748 0.945837956666946 0.705756251513958 0.999741798639297 0.982368665933609 0.998120146989822 0.984607440233231 0.999503093957901 0.0283384691458195 0.00166983615581557 0.00205720419471618 0.00358002750144806 0.00198796076583676 0.00349407593021169 0.00159945308114402 0.000553861216758378 0.00627634718548506 0.00554515950789209 0.00757120617199689 0.0118990517687052 0.0317142767831683 0.0618108052760363 0.0886203873902559 0.0177084035240114 0.0056561172415968 0.00338684362322965 0.00930611133226194 0.018743235943839 0.00212335246533257 0.00371144161981647 0.00445141079253517 0.00600987526122481 0.00480128405270079 0.00386439858775702 0.00185452045568582 0.00116317310980776 0.00401600693617183
0.83721474558115 0.0605849525658414 0.0916261482983828 0.878785163164139 0.925397247076035 0.999662441015243 0.99897221326828 0.902940684556961 0.549977196753025 0.754046988487244 0.0774086322635412 0.662190183997154 0.8739736571908 0.748142383992672 0.00585893932511681 0.00336415528290672 0.00280578271995182 0.00171858780959155 0.000741293915780261 0.000965510695823468 0.00156836637761444 0.00237000504275784 0.00115079615206923 0.000544434472976718 0.00189720104099251 0.0432198287919164 0.120584194362164 0.0588493470102549 0.0469199430197477 0.0655994867905974 0.0228788663633168 0.0153260084334761 0.0092338114627637 0.00499106740317075 0.0048846627913008 0.0050178207908175 0.00108407938928394 0.0026364153061877 0.00202717193969875 0.0129765040939674 0.0241317977197468 0.00368538849288598 0.00636988179758191 0.00664287976887863 0.00581662166259775
0.476114112138748 0.367408780753612 0.941401606798172 0.887922537326813 0.998550063371658 0.995643836259842 0.999907141923904 0.999857497215271 0.612087059020996 0.169291409850121 0.0641552007757127 0.0542303769849241 0.029762954544276 0.00388670107349753 0.00931323920376599 0.00446770719718188 0.00276969661172188 0.00454326786275487 0.00530150127597153 0.00503734685480595 0.000398492880049162 0.00105079660424963 0.000830977389705367 0.0452468555420637 0.000340094168495853 0.00309019386768341 0.00331749758915976 0.0181612111628056 0.00677882311865687 0.286683340370655 0.102751013077796 0.105271097831428 0.00857162862666883 0.0028190772565722 0.0032526241378946 0.00470008962420252 0.00384390984108904 0.00893296739086509 0.00493847477482632 0.0078842707327567 0.0288724971236661 0.0290802136529237 0.0632250459864736 0.00731321728126204 0.0100331765110241
0.9998828291893 0.999980092048645 0.999991744756699 0.999998474121094 0.966890907287598 0.949542480707169 0.7858513712883 0.112595483381301 0.0378351963590831 0.0384623527526855 0.015148524264805 0.023228695942089 0.00517112051602453 0.00401924243196845 0.00121462866081856 0.00141440587176476 0.001915202584496 0.00202449113130569 0.000111943529554992 0.00327498809201643 0.00317203751765192 0.000255796777491923 0.000290053486969555 0.000261954692541622 0.000246692306245677 0.000576612485747319 0.00109690721437801 0.000795705369091593 0.000673220941098407 0.000663357556913979 0.00443410368170589 0.0160737354774028 0.00930246664211154 0.0564350681379437 0.0215759316924959 0.00405795086844591 0.00264813913963735 0.0116827441845089 0.013133404601831 0.018301566853188 0.00287523061160755 0.063679055031389 0.130450264178216 0.0124637349392287 0.0125133383680804
0.976548087596893 0.943033868074417 0.951884782314301 0.999789440631866 0.999949759244919 1 0.97793875336647 0.0318137508118525 0.0127875261125155 0.00575617597787641 0.00151337288552895 0.00301426071673632 0.000521224980184343 0.000453150451357942 0.00035460691069602 0.000418002366495784 0.000901605014223605 0.000171856464658049 0.00071199401281774 0.0350339045748115 0.00578936086967588 0.00045441134570865 0.000227669698506361 0.000220129737135721 0.000212437037771451 0.000199058936777874 0.000181742552740616 0.000232654480350902 0.0010142740648007 0.00062065007223282 0.00271364126238041 0.00227268076123437 0.00351558565162122 0.00758327227085829 0.00217828335207741 0.00249739710916401 0.00195823732301506 0.00237954644999263 0.00351697244477691 0.00245962249318836 0.00534487236873247 0.0254719042859506 0.00334275815225737 0.00811173026959295 0.008453463330261
0.218334870785475 0.396183061599731 0.873145824670792 0.982209259271622 0.634892043471336 0.248794117569923 0.00448794955154881 0.00181837196578272 0.00494564041691774 0.0101148435147479 0.000917034938174766 0.000539266546547879 0.000536569707037415 0.000477917983516818 0.000398843555012718 0.000334340718109161 0.000244004673368181 0.000190152839786606 0.000228047717973823 0.000259786134120077 0.000424784686765634 0.000414979805645999 0.000205663312590332 0.000191398303650203 0.000174581134342588 0.00016758130841481 0.000194456008466659 0.000366120412945747 0.000493874828680418 0.000450030642969068 0.00288638813653961 0.00186314303127801 0.0023562292922179 0.00148343384871623 0.00135219454550679 0.00244129217498994 0.00223468418957964 0.00343314132478554 0.00246855800651247 0.00279416197445244 0.004107330179977 0.00287697845428738 0.00336963103018206 0.00954504299352266 0.00387152016323853
0.254661981761456 0.126927894353867 0.2898816883564 0.168866125866771 0.0481302376836538 0.0063163957442157 0.00235483416181523 0.00530551958217984 0.0036304450724856 0.0117304926039651 0.000449326259695226 0.000419458482065238 0.000423493512062123 0.000353930702840444 0.000333137729467126 0.000237631182972109 0.000180458079921664 0.000161589784693206 0.000173196395553532 0.000217946289922111 0.000244741148344474 0.000218715737719322 0.000190945103531703 0.000168595625655144 0.000338297001144383 0.000136215949169127 0.000279175315517932 0.000256675356649794 0.0141540142707527 0.00215754714154173 0.000876689158030786 0.00207389801025784 0.00299554209268535 0.00287525291169004 0.0012558404273932 0.00174215971162539 0.00162949469399791 0.00212211142661545 0.00135536802017668 0.00229927793261595 0.00800374232640024 0.0654696780256927 0.011505759388092 0.00352235106693115 0.00443281021107396
0.246132040023804 0.210353150963783 0.0911237198859453 0.00102397112932522 0.000495800020871684 0.0241018988192081 0.00103758586046752 0.000727762002497911 0.00108243200520519 0.00315738376230001 0.000357328690733993 0.000356230577745009 0.00030926963154343 0.00027752620735555 0.000268799343757564 0.000238453782367287 0.000663463972159661 0.00021494916654774 0.000280586710141506 0.000248834927333519 0.000231582299602451 0.000212902011116967 0.000189737889741082 0.000175002255127765 0.00208339681848884 0.000275044179579709 0.000101665493275505 0.00108481151983142 0.000281738412741106 0.000224369190618745 0.000415319950843696 0.0011825877285446 0.000906734030286316 0.00101622147485614 0.00168073164386442 0.0092582241515629 0.00912439564126544 0.0036422256147489 0.00149907211152822 0.00191898310604302 0.00250874613557244 0.00570031740353443 0.0271992476074956 0.0200664530915674 0.00297937190484845
0.00363051294116303 0.00263279246282764 0.00025062700806302 0.00041359861716046 0.000517720338393701 0.000606741759838769 0.000521971902344376 0.000436467926192563 0.000344583293190226 0.000361630599945784 0.000261829258670332 0.000234180111874593 0.000660552657791413 0.00275330173317343 0.000324451126653003 0.000368276872177375 0.000292193689529086 0.000282348183100112 0.000273538725014078 0.000229390086315107 0.000207249699451495 0.000193570208648453 0.000174038254772313 0.000155658998119179 0.000127334955323022 0.000220689662819495 0.000183832043694565 9.18328743864549e-05 8.16813046185416e-05 6.77327010635054e-05 7.8616657810926e-05 0.000456607298110612 0.00179833114962094 0.000990191221353598 0.00213764740728948 0.0106145387719153 0.00186899669024569 0.00372543443481845 0.00421780107935774 0.00159523483666817 0.00386447807904915 0.00274818974121445 0.00262195627619803 0.00170698256915784 0.00254528361874691
0.00856319775339216 0.000461065068520838 0.000505250839341897 0.000531490048160776 0.000560792286705691 0.000578548025805503 0.0005737486819271 0.000565810771513497 0.000488177757506492 0.000421240823197877 0.000399555743206292 0.000281611436366802 0.000340736877842573 0.000369198087719269 0.00037206216074992 0.000344936453620903 0.000305019311781507 0.000269381998805329 0.000224146789696533 0.000207486229919596 0.000188446588435909 0.000168843127903529 0.000158532986461069 0.000139513535759761 0.000126608700156794 0.00011121602547064 0.000100502953500836 0.000124945788047626 0.00137107376358472 0.00129751612548716 0.000548241095384583 0.000744890487112571 0.000889933202415705 0.00134957176924217 0.00292787526268512 0.00741306794807315 0.00161911141476594 0.00078108073794283 0.00190806724531285 0.00250678390773373 0.00651870790170506 0.00475153552688425 0.00413360423281119 0.00511956630907662 0.00214107060162405
0.0012666113267187 0.000416572233370971 0.000433560020610457 0.000495049398159608 0.000510390306590125 0.000485020557971438 0.000467148654570337 0.000491625806171214 0.000449432252935367 0.00041379463073099 0.000466839121509111 0.000424513692996698 0.000402531611325685 0.000368529756815406 0.000331016114068916 0.000296238404553151 0.000258522113290383 0.000221244502608897 0.000202402629656717 0.000178903517371509 0.000162713303143391 0.000153519804007374 0.000133909678334021 0.000121976652008016 0.000116383906424744 0.000106216696440242 9.96006358036539e-05 0.00011188665885129 9.00235329027055e-05 7.749170090392e-05 0.000127065180640784 0.000113742659959826 0.000310974416061072 0.000278951539075933 0.000192870986211346 0.000309535984706599 0.00143841408425942 0.00298839022871107 0.00047372136177728 0.000528105760167819 0.00180256733438 0.00386421065195464 0.00419452940423071 0.00304216893068769 0.00109218206539481
0.000368328761396697 0.000397825727122836 0.000360098249802832 0.000354871952731628 0.000353040489426348 0.000328348066250328 0.00036948358247173 0.000392307012225501 0.000424217230465729 0.000417147177358856 0.000413248716358794 0.00038031563453842 0.000358648448309395 0.000321086316398578 0.000279183390375692 0.000243634829530492 0.000218584456160897 0.000196920828602742 0.000170823237931472 0.000159433705630363 0.000147267015927355 0.000132403093812172 0.000119022625585785 0.000108899453698541 0.000102060125573189 9.46376942010829e-05 9.47004527915851e-05 8.45916747493902e-05 0.00010158911391045 9.62817593972431e-05 8.36948500364087e-05 7.18913031960255e-05 0.000122571255997173 7.1046396260499e-05 7.58884503738955e-05 7.82954681199044e-05 0.000408290298946667 0.00103306292730849 0.000117872311602696 0.000108969435314066 0.000147371072671376 0.000154352734898566 0.000416326097911224 0.00240544472471811 0.00217669586054399
0.00030589109956054 0.000293064017751021 0.00033006828307407 0.000373734392633196 0.000398884743481176 0.000411803157476243 0.000408639601664618 0.000395360563561553 0.000391596530243987 0.000378376431763172 0.000360758048191201 0.000329671720828628 0.000292722294398118 0.000259539949183818 0.000238237280427711 0.000210135211091256 0.000182482144009555 0.000167852202503127 0.000157080815188237 0.000143510251655243 0.000131184424026287 0.000113008672997239 0.000103142598527484 9.65524148341501e-05 8.75229385201237e-05 8.18841825093841e-05 8.02109452706645e-05 7.07282206349191e-05 8.6743124302302e-05 6.77409123454709e-05 6.6314507057541e-05 6.72449739795411e-05 7.36026300728554e-05 0.000127023205641308 7.68581488955533e-05 8.62026143295225e-05 0.000105598659865791 7.57279409299372e-05 8.5369643784361e-05 8.74773471878143e-05 0.00124283482437022 0.000160981875887956 0.000126885827557999 0.000241566710610641 0.00377723982091993
