Scripts_&_data/Maxent_result_files_1/Bombus_vestalis_2.asc
NCOLS 594 
NROWS 330 
XLLCORNER -15 
YLLCORNER 23 
CELLSIZE 0.166666666666667 
NODATA_value -9999 
[rows 160 to 179 of 330, columns 138 to 183 of 594]
0.50134644806385 0.732184779644012 0.425028160214424 0.471725499629974 0.557387661933899 0.833682823181152 0.581236886978149 0.800048142671585 0.95976305603981 0.865673512220383 0.617423343658447 0.595195344090462 0.879647606611252 0.616984099149704 0.805769467353821 0.489152163267136 0.644206756353378 0.324509418010712 0.504422959685326 0.508855792880058 0.470648947358131 0.521128281950951 0.613599616289139 0.649792242050171 0.539276391267776 0.565126463770866 0.834088832139969 0.608990675210953 0.58663290143013 0.526228556036949 0.539275062084198 0.516658708453178 0.631038385629654 0.7100057721138 0.632542926073074 0.479298961162567 0.669785219430924 0.496173292398453 0.722957354784012 0.313474580645561 0.452376222610474 0.587359434366226 0.544816344976425 0.259035001695156 0.508091008663177 0.649346536397934
0.675143080949783 0.484371393918991 0.713864493370056 0.738073319196701 0.732671856880188 0.563204690814018 0.693390184640884 0.774388879537582 0.743897008895874 0.569247207045555 0.566185390949249 0.592005735635757 0.632354211807251 0.792830699682236 0.573927044868469 0.601272392272949 0.540300780534744 0.517235890030861 0.645344370603561 0.544466331601143 0.519334891438484 0.590619641542435 0.549345895648003 0.521469253301621 0.601484221220016 0.67943103313446 0.718554246425629 0.582337635755539 0.603654026985168 0.563048511743546 0.676017391681671 0.569401121139526 0.566056340932846 0.952534306049347 0.981490260362625 0.752825278043747 0.495638826489449 0.647218364477158 0.611834222078323 0.640557456016541 0.574368783831596 0.839792215824127 0.602818989753723 0.646339696645737 0.439062184095383 0.324665319919586
0.549044093489647 0.780882447957993 0.802160608768463 0.51532678604126 0.641731113195419 0.400522780418396 0.619369691610336 0.741278326511383 0.5766292989254 0.689968025684357 0.729311770200729 0.536166110634804 0.613405990600586 0.754073262214661 0.671647149324417 0.645051914453507 0.683756548166275 0.62070284485817 0.814411598443985 0.669294196367264 0.689604675769806 0.844442236423492 0.434344345331192 0.644825780391693 0.846135610342026 0.491673243045807 0.532264110445976 0.584578973054886 0.72025625705719 0.805558758974075 0.809460544586182 0.670118868350983 0.683287644386292 0.593617504835129 0.665150535106659 0.843233871459961 0.332475470006466 0.327217373251915 0.295492939651012 0.675141364336014 0.720045244693756 0.800626909732819 0.269695818424225 0.271248483657837 0.203109930455685 0.397016936540604
0.712622034549713 0.904390728473663 0.636846542358398 0.655468064546585 0.839857453107834 0.717254626750946 0.676442617177963 0.73977957367897 0.360609179735184 0.358103084564209 0.71106978058815 0.412712523341179 0.581885319948196 0.667644613981247 0.60476433634758 0.38621129989624 0.429079082608223 0.600645691156387 0.597887134552002 0.63894556760788 0.553550830483437 0.588833159208298 0.476109299063683 0.562392669916153 0.737407594919205 0.516636398434639 0.810483872890472 0.830657583475113 0.85772008895874 0.855845218896866 0.501658725738525 0.585896503925323 0.439216470718384 0.187710808217525 0.312107060849667 0.508013278245926 0.554507327079773 0.46916700899601 0.481247317790985 0.603130733966827 0.499494734406471 0.360620859265327 0.607125055789947 0.28574608117342 0.124968928098679 0.125981389731169
0.640497630834579 0.603976655006409 0.788760793209076 0.89477972984314 0.934258365631104 0.68023527264595 0.388198751211166 0.304030394554138 0.717151415348053 0.731791961193085 0.87159435749054 0.328463184833527 0.482810840010643 0.351356261968613 0.746047878265381 0.52255764901638 0.460263782739639 0.301636642217636 0.365221154689789 0.296244324743748 0.676553851366043 0.0875983502715826 0.550864210724831 0.577773517370224 0.699507695436478 0.869925117492676 0.721339893341064 0.602338373661041 0.55206672847271 0.528364109992981 0.618840646743774 0.289291459321976 0.33576640188694 0.698457336425781 0.880838531255722 0.647876769304276 0.801670658588409 0.267704546451569 0.456187444925308 0.41695436835289 0.312821367383003 0.386940971016884 0.617304939031601 0.462774616479874 0.414420613646507 0.546429792046547
0.917801457643509 0.684286260604858 0.343978333473206 0.642655217647553 0.862690985202789 0.689497637748718 0.594277411699295 0.308745595812798 0.495514497160912 0.608907264471054 0.297344565391541 0.349096223711967 0.589273107051849 0.660191577672958 0.360001170635223 0.355917644500732 0.650030845403671 0.554585036635399 0.401486578583717 0.504727402329445 0.398570880293846 0.382373505830765 0.512215662002564 0.586370748281479 0.731675463914871 0.479623952507973 0.43606051504612 0.41521483361721 0.395033937692642 0.36146202981472 0.293723000586033 0.636236900091171 0.844921731948853 0.488998049497604 0.609651756286621 0.465168324112892 0.31317193210125 0.755154001712799 0.822605085372925 0.456137743592262 0.261182473599911 0.817275524139404 0.453290948271751 0.27219972461462 0.548232358694076 0.492735910415649
0.364181998372078 0.782973039150238 0.834769952297211 0.971955263614655 0.872273761034012 0.881497418880463 0.878809642791748 0.688955438137054 0.482018002867699 0.436523026227951 0.261550709605217 0.296905443072319 0.665408909320831 0.648233962059021 0.561628198623657 0.359623470902443 0.584308749437332 0.868317401409149 0.798040342330933 0.693593609333038 0.468203696608543 0.348799252510071 0.744356262683868 0.758920454978943 0.598816394805908 0.420153722167015 0.455781248211861 0.487886655330658 0.527550911903381 0.556427317857742 0.227213779091835 0.457724091410637 0.493151926994324 0.528441849350929 0.257849495112896 0.251527233421802 0.562388914823532 0.540947023034096 0.653414762020111 0.719367647171021 0.725162148475647 0.620946711301804 0.572745004296303 0.283321295678616 0.480676645040512 0.27974454164505
0.71153370141983 0.991184955835342 0.98769913315773 0.995114970207214 0.997494852542877 0.997442710399628 0.90631143450737 0.721933376789093 0.674304485321045 0.784980410337448 0.566987952589989 0.620122706890106 0.617260944843292 0.922386854887009 0.56203738451004 0.759221142530441 0.55170231461525 0.625112873315811 0.762642967700958 0.70052877664566 0.78384622335434 0.542565470933914 0.474191558361053 0.392369663715363 0.66490626335144 0.460828277468681 0.565896570682526 0.498886781930923 0.340373113751411 0.416100645065308 0.454111748933792 0.417226701974869 0.395968624949455 0.255157858133316 0.496107995510101 0.303824713826179 0.642959862947464 0.722802531719208 0.945886677503586 0.927151924371719 0.660844272375107 0.506470718979836 0.592279031872749 0.782156831026077 0.654931527376175 0.601326316595078
0.72575072646141 0.836129021644592 0.974922955036163 0.978350448608398 0.927644050121307 0.969220304489136 0.972471314668655 0.734084755182266 0.462487575411797 0.729985773563385 0.826089257001877 0.833543598651886 0.68381786942482 0.588648390769958 0.576505082845688 0.573057103157044 0.776239013671875 0.943987846374512 0.52631733417511 0.49028334915638 0.326267033815384 0.836040014028549 0.557700237631798 0.460885056853294 0.419801020622253 0.433103838562965 0.394937655329704 0.362706312537193 0.654807764291763 0.265341457724571 0.228652711212635 0.246474312245846 0.367731204628944 0.467959886789322 0.159291106462479 0.475884911417961 0.62644464969635 0.619946050643921 0.595090621709824 0.496673154830933 0.57189858853817 0.470643824338913 0.439727464318275 0.554441404342651 0.48890882730484 0.492058944702148
0.720218044519424 0.578733837604523 0.906033396720886 0.949468237161636 0.669194751977921 0.702451992034912 0.892387408018112 0.7241006731987 0.572266086935997 0.827325046062469 0.621896713972092 0.975852578878403 0.747374606132507 0.765316736698151 0.589781504869461 0.299856120347977 0.737429618835449 0.725619131326675 0.955629998445511 0.46023383140564 0.361529991030693 0.596835750341415 0.355144894123077 0.466154330968857 0.517518737912178 0.621390646696091 0.196742570400238 0.431548509001732 0.258139093220234 0.453252622485161 0.543831712007523 0.679049974679947 0.879934769868851 0.530762887001038 0.265925091505051 0.332732912898064 0.4550825715065 0.344903957843781 0.40033732354641 0.454312306642532 0.514966037869453 0.474849519133568 0.487177109718323 0.446200269460678 0.443325179815292 0.305118468403816
0.799767220020294 0.578954482078552 0.925639587640762 0.93574543595314 0.656324887275696 0.79418323636055 0.823294794559479 0.504925513267517 0.739149791002274 0.662491452693939 0.817474353313446 0.426141020655632 0.584310108423233 0.583983552455902 0.593942368030548 0.674937969446182 0.752251988649368 0.892597830295563 0.829857051372528 0.758000701665878 0.604566347599029 0.526813188195229 0.612995564937592 0.466035926342011 0.402527269721031 0.301448619365692 0.373522076010704 0.187132149934769 0.272462829947472 0.482338127493858 0.501509591937065 0.497245600819588 0.46661628484726 0.483966475725174 0.241179640591145 0.441149508953094 0.24444500207901 0.38582871556282 0.46830835044384 0.455932542681694 0.267174914479256 0.32605527639389 0.251770786941051 0.450304472446442 0.481277784705162 0.578748768568039
0.945364117622375 0.920527374744415 0.837366944551468 0.959127676486969 0.94302631020546 0.511790311336517 0.704923409223557 0.393413147330284 0.711633616685867 0.423775890469551 0.695546156167984 0.663203805685043 0.417900887131691 0.620733255147934 0.372131854295731 0.571393465995789 0.789066076278687 0.914325278997421 0.997714495658874 0.733139491081238 0.621823489665985 0.404291841387749 0.524229583144188 0.567601633071899 0.590577018260956 0.414971745014191 0.56155092716217 0.462294191122055 0.322511754930019 0.595758444070816 0.478958877921104 0.678752994537353 0.282738834619522 0.46989853978157 0.467267143726349 0.523278445005417 0.418811056017876 0.17905505746603 0.496458318829536 0.505969861149788 0.608781641721725 0.253134463727474 0.445543298125267 0.528393393754959 0.231329749524593 0.576409983634949
0.893540644645691 0.76192279458046 0.832978767156601 0.957291692495346 0.8580806016922 0.813720941543579 0.829480654001236 0.955416858196259 0.753640252351761 0.810304045677185 0.653499394655228 0.397854447364807 0.425894314050674 0.645612293481827 0.62073837518692 0.762203639745712 0.554250794649124 0.400896432995796 0.689880734682083 0.542868685722351 0.795781749486923 0.309047052264214 0.441554266214371 0.198418360948563 0.58740234375 0.378988337516785 0.372194066643715 0.691026765108109 0.583113783597946 0.421985319256783 0.328676405549049 0.32462721914053 0.218462340533733 0.604670566320419 0.467246606945992 0.696530717611313 0.644723206758499 0.534497600793838 0.631237554550171 0.422375014424324 0.658036917448044 0.241363978385925 0.411131605505943 0.391309395432472 0.485886085033417 0.226129166781902
0.681333065032959 0.874808531999588 0.984037667512894 0.924345391988754 0.850394320487976 0.730763018131256 0.877084374427795 0.977408915758133 0.667907673120499 0.531975236535072 0.830848330259323 0.389253675937653 0.770721393823624 0.587612986564636 0.602164417505264 0.545321834087372 0.622565096616745 0.597448122501373 0.547708040475845 0.333356085419655 0.643057614564896 0.518062147498131 0.527078318595886 0.473798602819443 0.915731054544449 0.663332033157349 0.453161451220512 0.463021484017372 0.226583939790726 0.309303547441959 0.41960481107235 0.448569095134735 0.118965695053339 0.181634101271629 0.369001150131226 0.457686969637871 0.480048662424088 0.545680871605873 0.616090482473373 0.444540750980377 0.288077507913113 0.323170617222786 0.333933120965958 0.254185155034065 0.412889105081558 0.409316396713257
0.722989910840988 0.904694789648056 0.877534329891205 0.814036786556244 0.87742286324501 0.864124423265457 0.977528941631317 0.951791483163834 0.893901580572128 0.591610169410706 0.613465321063995 0.320341399312019 0.794129192829132 0.539171954989433 0.594580841064453 0.552935004234314 0.525372749567032 0.524384626746178 0.298715689778328 0.586612272262573 0.274196729063988 0.487254545092583 0.268521040678024 0.591739571094513 0.619011372327805 0.517122799158096 0.33319748044014 0.755706763267517 0.498361769318581 0.520249208807945 0.332786875963211 0.169510073959827 0.284392122924328 0.118328882753849 0.151566647738218 0.161627040803432 0.283686789870262 0.235486459732056 0.812686425447464 0.658484637737274 0.278103905916214 0.266704115271568 0.251423425972462 0.243184897303581 0.396982902288437 0.41189421415329
0.760797202587128 0.734294557571411 0.0806207485496998 0.0616494461894035 0.618736726045608 0.940097653865814 0.998204934597015 0.956910878419876 0.95031071305275 0.864946645498276 0.881522530317307 0.617884105443954 0.667445993423462 0.483997470140457 0.320220649242401 0.328706431388855 0.735756403207779 0.691142612695694 0.329875636100769 0.620918965339661 0.912215042114258 0.686086690425873 0.60619894862175 0.535373586416245 0.341730725765228 0.480579593777657 0.482021680474281 0.301156929135323 0.544608935713768 0.655720281600952 0.487318980693817 0.410189059376717 0.437935230135918 0.450170889496803 0.1767085313797 0.156241852790117 0.117507622390985 0.419827255606651 0.35694295167923 0.2165407538414 0.201857671141624 0.404151943325996 0.378053689002991 0.423416611552238 0.35983367562294 0.45109566450119
0.725501668453217 0.0123920705169439 0.100616420805454 0.370610132813454 0.754390639066696 0.754922163486481 0.86114010810852 0.914683812856674 0.787340402603149 0.528548109531403 0.615349978208542 0.520301005244255 0.575891900062561 0.770377588272095 0.811631441116333 0.630078017711639 0.589834260940552 0.543747293949127 0.317923113703728 0.638426595926285 0.622360438108444 0.662421780824661 0.586806881427765 0.490249687433243 0.869653958082199 0.787699294090271 0.679056668281555 0.597624391317368 0.466703999042511 0.283770358562469 0.292317426204681 0.610229593515396 0.803254812955856 0.38889425098896 0.222988344728947 0.286915817856789 0.19988284856081 0.165672937035561 0.442915800213814 0.296950067579746 0.205587077140808 0.220328679680824 0.355076858401299 0.312435692548752 0.255756032466888 0.34043535888195
0.52689622938633 0.0250785702839494 0.212555319070816 0.629235446453094 0.657908987998962 0.785328406095505 0.680488002300262 0.707406556606293 0.467673289775848 0.440148711204529 0.538449972867966 0.818281692266464 0.81096465587616 0.730623745918274 0.599688106775284 0.403188860416412 0.526402336359024 0.957752865552902 0.673081636428833 0.490868884325027 0.509315288066864 0.319515392184258 0.778215324878693 0.617784833908081 0.49315470457077 0.488321477174759 0.521272268891334 0.524813064932823 0.616702044010162 0.647341257333755 0.275336681306362 0.647664564847946 0.197906392812729 0.266417503356934 0.260908007621765 0.280870366096497 0.264170935750008 0.573846489191055 0.464960095286369 0.268133202195168 0.184725345671177 0.200300118327141 0.220613184571266 0.165816850960255 0.551502391695976 0.694025504589081
0.666634392738342 0.190272945165634 0.379312211275101 0.656403368711472 0.60158132314682 0.638333564996719 0.606176084280014 0.506406173110008 0.291909632086754 0.265375247597694 0.566908949613571 0.676496988534927 0.789763307571411 0.489092686772347 0.590484517812729 0.478447383642197 0.544894260168076 0.744737523794174 0.479223158955574 0.817711764574051 0.91621555685997 0.9458440721035 0.58561178445816 0.626130831241608 0.479765138030052 0.283946317434311 0.781391018629074 0.720747119188309 0.669284117221832 0.556881833076477 0.644315385818481 0.317815631628036 0.476598766446114 0.259141625463963 0.429860651493073 0.48191482424736 0.764524257183075 0.987462896108627 0.811527127027512 0.826323795318604 0.329399308562279 0.281983624398708 0.505423352122307 0.453389835357666 0.596430253982544 0.867942869663239
0.253084853291512 0.423268735408783 0.535514545440674 0.773071879148483 0.640891462564468 0.415221029520035 0.470280694961548 0.560916504263878 0.568173187971115 0.507398974895477 0.708160412311554 0.475344860553741 0.527706190943718 0.46815679371357 0.44752149283886 0.49315958917141 0.470683398842812 0.708216154575348 0.583418256044388 0.70702331662178 0.972798418998718 0.998445320129395 0.902301770448685 0.477325710654259 0.327248874306679 0.554747122526169 0.428440138697624 0.641129291057587 0.454264643788338 0.430043339729309 0.491921442747116 0.166319841146469 0.352420565485954 0.469738265872002 0.563677868247032 0.609263372421265 0.474287122488022 0.458671119809151 0.792055362462997 0.506402510404587 0.575288563966751 0.660446214675903 0.540167248249054 0.48761340379715 0.304154598712921 0.538221555948257
