Scripts_&_data/Maxent_result_files_1/Bombus_sichelii_2.asc
NCOLS 594 
NROWS 330 
XLLCORNER -15 
YLLCORNER 23 
CELLSIZE 0.166666666666667 
NODATA_value -9999 
[rows 140 to 159 of 330, columns 352 to 395 of 594]
0.000470707824570127 0.000107246021798346 0.000187270340393297 0.000798007287085056 0.000378236843971569 0.000394700034303241 0.000392236035622773 0.000137055313098244 0.000437232205149485 0.000423006479832111 0.000414594047470018 0.000202000119679724 0.000464958337761345 0.000477667805898818 0.000529990046197781 0.000198136302060448 0.000583367721264949 0.000465071015423746 0.000184084806882912 0.000836846011225134 0.00028245419380255 0.000249009026447311 0.000167552081802569 0.000392757017834811 0.000106983610839961 0.000342791996990854 0.000321677709052892 0.00012892779923277 6.48891562491372e-06 0.00017257244198845 0.0761451307073003 0.000486350915161893 0.000475447560893372 0.000636676209978759 0.000168282745361281 7.87016397225671e-05 9.45201860304223e-05 0.000120260506446357 6.87194828060456e-05 3.1221369135892e-05 0.000155646190250991 0.000141042431641836 0.000252742760494584 3.55055213731248e-05
0.000145407705713296 0.000328913790872321 0.000180931834620424 0.00071954969316721 0.000773154705574175 0.000181303115095943 0.000403707899749861 0.000421083908804576 0.000411792246450204 0.000404962752872962 0.000396053422082332 0.000423290503385942 0.000232057891844306 0.0010174920764257 0.000440816489935969 0.000192656095168786 0.000438678540376713 8.13476624898612e-05 0.000367318640928715 0.000517218984896317 0.00010819252456713 8.70377880346496e-05 0.000102533083190792 0.000712034568368836 0.000362679633053631 0.000338214765542943 0.000138160220922146 0.000217015461385017 0.000440737859753426 0.00930089941248298 0.000200295189279132 0.000179046142147854 7.14644973413669e-05 4.4378937309375e-05 9.01742991118226e-05 7.17677175998688e-05 3.87502126613981e-05 0.000113212357246084 6.88464831910096e-05 0.000141604067903245 0.000101856315723126 0.000272400090625524 0.000391750168273575 0.000219813638841515
0.000129836512132897 0.00059959463155792 0.000724532293551028 0.000875486433506012 0.000228981258260319 0.000137147924397141 0.000135923105335678 0.00016604486736469 0.000207547325408086 0.013020207855152 0.000108549147262238 0.000138565515226219 0.000638462734787026 0.000490236395125976 0.000186945009045303 0.000604451086837798 0.00104782196396469 0.00194579749368463 0.00021369160967879 0.000103058350214269 0.000238380533846794 4.88306905026548e-05 0.00045402306059259 2.59537524470943e-05 0.000110570328251924 0.000336347289248806 0.000109483123742393 0.0162854550639167 0.0733378916978836 0.000267470331164077 0.000183242411003448 0.000203802290525346 0.0001805252271879 0.00014940885885153 0.000548594992142171 0.0352198913693428 0.000209296809008919 8.50881537190151e-05 6.38443752905005e-05 0.000254733340443636 0.000294754196602298 9.86100178124616e-05 0.000279208463598479 7.27903084225545e-05
0.000381916521291714 0.00163824261617544 0.000262875226326287 0.000375650821661111 0.00022803099709563 0.00015581439511152 0.000472180428914726 0.000597872752405237 0.000233650775044225 0.000327597193972906 0.000439215319784125 7.36667247110745e-05 0.000138837141275872 0.000110007777402643 7.7332864748314e-05 0.00157078234522617 0.000187934741552453 0.000155067816376686 0.000452566720411207 5.31097735802177e-05 3.83010221412405e-05 0.000113528498332016 0.000101406464818865 0.000280490543809719 0.000366607114847284 0.000108806061598443 0.000105706547583395 0.000166648038430139 0.000100905512772442 0.00013850379109499 0.00106021872488782 0.000781894579995424 0.000396981083031278 1.18242608010632e-05 0.000119153829328711 0.000190280110109597 0.000130132987760589 0.000166541121325281 8.10336374343024e-05 0.00010634964928613 0.000311489049363445 0.000325561860518064 0.000107945324543834 8.67177540385455e-05
0.000130612576322164 0.00018993758058059 0.000348558359837625 0.000300275420158869 0.00033166522407555 0.000328267906297697 0.000329775333375437 0.000326796652370831 0.000314291492031771 0.000303470818471396 0.00015209776465781 4.3700632522814e-05 7.65543452871498e-05 0.000316819187719375 0.000332858809269965 0.000189105975732673 0.00765944691374898 0.00170588809996843 0.00029977869708091 0.000207317349854508 0.000291392958024517 0.000177454884398431 0.000117537009316193 3.0104311008472e-05 4.42390411080851e-05 9.26480810448993e-05 3.11445350234862e-05 0.000259970456451974 0.000427935906918719 1.56059621076565e-05 0.000221429273881313 0.000481344270519912 0.006707897875458 0.000251475223922171 3.26767857586674e-05 0.000148859725413786 0.00016044047079049 0.000185537844936334 0.000235671305927099 9.07914130038989e-05 0.000346025173257658 0.000334291160561406 0.000123310856361059 8.12694584055862e-05
0.000401376900845207 8.66584170580609e-05 0.00086764057923574 0.000613859677923756 0.000545352301469393 0.000263372191693634 0.000302227423890145 0.000101588123652618 0.00027330336815794 0.00025939172883227 0.000153821788262576 0.000312608541571535 0.000196899958973518 0.000210030461312272 0.000922786607407033 0.00028164205234078 3.4299778053537e-05 0.000297908636372513 0.000128594168927521 0.000223425286822021 0.000105467496905476 0.000717022293247282 0.000659616210032254 8.12298079836182e-05 1.9427891857049e-05 0.000207729822886904 3.97723641071934e-05 0.000102143870026339 9.24059651879361e-05 0.00053878746848568 0.000392525670031318 0.00165607118979096 0.000575129460776225 0.000105656330379134 2.5662839971119e-05 4.51012290795916e-05 2.5264262148994e-05 2.02827279281337e-05 1.63647702720482e-05 8.80097321896756e-05 0.000141576189253101 0.000164842693084211 0.00012890895268356 0.000158462641775259
0.000129797314002644 0.000294748187297955 0.000204471702454612 0.000633920097607188 0.000479342879089018 0.000156834491826885 0.000250123372825328 8.11017929663649e-05 8.56383830978302e-05 8.66478520038072e-05 5.74619116378017e-05 3.69643094018102e-05 9.55769239226356e-05 0.000441847858019173 0.000418460916263153 4.21624034061097e-05 3.82560261641629e-05 0.000121236616040499 6.47785132381507e-05 0.000399501889478415 0.00157125848345459 0.000349056930281222 0.000540435209404677 0.000215476537586756 2.97555954603013e-05 2.35355284530669e-05 2.09331468795426e-05 5.47118899703492e-05 3.94789168240095e-05 0.000307788910777163 0.000343636364323174 0.000159070564446706 0.000429914623964578 0.00595051776617765 0.00784635059535503 0.000378441740758717 0.00149827091938146 0.000103572197258472 0.000780514534562826 7.09526502760127e-05 0.000366763712372631 0.000199487258578301 0.000142164459066407 0.000188550312668667
0.000126103265938582 0.000113465351751074 0.000645383298979141 9.10982649656944e-05 0.00012045543116983 0.000165118425502442 0.000267693633213639 0.000254451859291294 8.08502692962065e-05 0.00010878739412874 0.000531573581974953 9.26643086131662e-05 5.1838971558027e-05 3.90229855838697e-05 8.53797195304651e-05 0.000130564412304257 0.000117328538908623 0.000195773969966107 0.000348626251798123 4.93643252411857e-05 0.000115162096335553 4.00744218495674e-05 0.000272590527310967 0.000498922681435943 1.62404281581985e-05 2.16752403503051e-05 6.26978078798857e-05 4.36192996858154e-05 0.000105165586865041 0.000112479889594397 4.37654965935508e-05 0.000113753046025522 8.33854100619647e-05 4.78220228160353e-05 5.05443204019684e-05 0.000166737192193978 2.77795356851129e-06 4.92612624469757e-08 8.91171652739331e-07 0.000154549558646977 6.72137492074398e-05 0.000170282476847206 0.000114898383395712 5.11249241753831e-05
9.02728188520996e-05 0.000551308783940485 0.0004168465413386 0.000263938791249529 8.44318692543311e-05 0.000254832967038965 9.25391563214362e-05 0.00297096063150093 0.00483381971716881 0.000307583482936036 0.000125984519399935 0.000322521766020145 6.60963116388302e-05 0.000159266515402123 6.41849561361596e-05 0.000384495849721134 0.000705592823214829 0.00132805143948644 0.000303055353418236 6.11483177635819e-05 2.14532949030399e-05 8.22651127236895e-06 2.30128374823835e-05 0.000593616953119636 1.11227909366907e-05 6.37513148831204e-06 6.35853211861104e-05 9.95671056443825e-05 0.00391526237362996 0.000529229153471533 0.000517104340542574 0.000240912775560087 1.14838343051815e-05 0.000115666557485383 0.000413280320185549 0.000480824634951205 6.98083520989101e-09 3.28422521533867e-07 8.50142925628461e-05 0.2 4.15050622905255e-05 6.75905372190755e-05 2.56786045838453e-05 3.03347146655142e-05
0.000322719681571471 0.000111636076326249 0.000232962861264241 0.000228131932090037 0.000232685798255261 0.000234162537526572 7.39422892365837e-05 0.000561756282695591 0.000117836188292131 2.04798311642662e-06 2.9060365307032e-06 0.000130164390429854 5.7988223124994e-05 0.000109447940485552 0.000328584402760335 9.81274199148174e-05 7.6305189577397e-05 0.00303606111556292 8.44834488816559e-05 0.000117979333265339 5.20245099323802e-05 8.53063575050328e-06 2.12007478694431e-05 1.71117986610625e-05 5.46682298590895e-05 2.42616017203545e-05 2.20554847146559e-05 7.91137812484521e-05 0.0241579562425613 0.000254123331978917 0.000174005897133611 2.28596208671661e-05 2.20648674257973e-05 0.000145458040424273 2.89898045593873e-05 1.75113154909923e-06 1.0787884821184e-05 0.0126058913767338 0.00857275910675526 0.000144634704065538 9.18387808269472e-05 3.48024230788724e-05 3.68923468158755e-05 4.89785030367784e-05
0.000202535919379443 0.000111444100184599 0.000214193400097429 0.000209395237106946 8.67076807480771e-05 9.64636918070028e-05 0.000222215504254564 0.000194883975927951 6.49605235594208e-05 0.000145032418367919 0.000170763226924464 7.26672871678602e-05 0.000156217176117934 2.12550912692677e-05 6.55803058180249e-05 4.98028937727213e-05 0.000249390839599073 0.000535255507566035 0.000748970312997699 0.000546953257471228 0.0010624302783981 0.00068093822337687 3.14420714857988e-05 2.04733652935829e-05 9.47389446082525e-05 9.10136095626512e-06 2.14067244996841e-05 7.88533797276614e-05 0.00012491279248934 0.000490383574651787 9.21876448046533e-05 8.14473874015675e-05 7.24176606127003e-05 8.3729197649518e-05 3.95065302427611e-05 7.41369751267484e-05 0.00083186145639047 2.99184709547262e-05 7.82375136168412e-05 7.79455599058565e-05 5.85668269195594e-05 7.84984378697118e-05 2.6617099001669e-05 4.660686608986e-05
0.000189401610987261 0.000195305859597283 0.000185044893078157 0.000189971064173733 6.80902991007315e-05 0.000117100721399765 0.000194984296831535 0.00019584061774367 0.000187713873674511 7.10284286469687e-05 7.11632834281772e-05 0.000288218743799007 7.590106833959e-05 9.1586509370245e-05 2.76541808489128e-05 4.3171633296879e-05 1.53678661263257e-05 2.03864008653909e-05 1.21906427921203e-05 6.69391187329893e-05 2.63379759417148e-05 5.8629980776459e-05 7.51002016841085e-05 2.68159340521379e-05 0.000100514323276002 0.000114439920434961 5.50147658941569e-05 0.000124926225907984 0.000254423232399859 0.000144165959682141 8.03091513262189e-05 8.35511278637568e-05 8.89756357537408e-05 8.51250581035856e-05 7.91622534052294e-05 0.000134320566212409 7.99021951479517e-05 8.01345077434235e-05 9.97888053461793e-05 7.54543174480205e-05 6.73902367452683e-05 6.52279839187031e-05 7.33994487745804e-05 7.48721801755892e-05
9.1997861454729e-05 0.000270830444060266 0.000110196531750262 0.000274848034541719 0.000173926274146652 6.18006677541416e-05 0.000186454874710762 7.40406034310581e-05 0.000114815813140012 0.000208681354342843 3.78691915102536e-05 6.18848534941208e-05 4.83408748550573e-05 5.00187454235856e-05 2.42120026086923e-05 6.60209225316066e-05 1.62111098688911e-05 2.22485648009751e-05 2.04130479687592e-05 5.80054457714141e-05 6.62641168673872e-05 5.48331472600694e-06 3.42983282890397e-05 1.37338487547822e-05 4.63955224404344e-05 0.000184285562136211 0.000192391804012004 0.000135805347963469 0.000128976273481385 6.33504936558893e-05 7.11695040081395e-05 7.31987419840152e-05 5.83924069360364e-05 7.7620296360692e-05 7.76421086357004e-05 7.85169806022168e-05 7.65645590490749e-05 7.47324047097209e-05 6.86935902194819e-05 6.42602134121262e-05 5.97276971348037e-05 6.49166689072445e-05 6.48578480195283e-05 0.000177496313699521
0.000249719456769526 0.000116762169636786 0.000114144732651766 0.000651825967361219 6.59723649732769e-05 9.02969281014521e-05 0.000166302334764623 8.66684189531952e-05 0.000150005297837197 0.000258183800542611 8.06855438895582e-05 6.59507735690568e-05 4.71237088277121e-05 9.32418114643951e-05 2.57889665590483e-05 7.06432841980131e-05 2.29083934755181e-05 3.15965193294687e-05 0.000305271403340157 6.36814991594292e-05 4.45869714894798e-05 0.000401033714206278 0.000505849980254425 0.000190816920076031 4.6162934449967e-05 0.000218408819137039 1.46548730661777e-07 0.000170790302945534 5.12239537783898e-05 5.75141116314626e-05 5.11243964865571e-05 6.68148235035915e-05 5.6180557476182e-05 9.83616373559926e-05 7.05948966242431e-05 7.26706322893733e-05 6.37046101019223e-05 6.27089892077493e-05 5.71903795389517e-05 6.01102828113653e-05 5.15711825755716e-05 4.6324553386512e-05 5.72251472931384e-05 4.22900606281473e-05
0.000312137231230736 0.000160414174752077 0.000162473084128578 0.000159582229389343 0.00015669090571464 0.000157818468505866 0.00015979480886017 0.000164837562442699 0.000164414815480995 0.000150661414409115 0.000163037185848225 3.16798591484257e-05 9.47231013924466e-05 8.02099029897363e-05 7.33227014279691e-05 0.00018077290196743 8.72387583513046e-05 8.9176314213546e-05 0.000169875533538288 0.0633794934343314 0.000187502396147465 0.000320694490801543 3.01208768632932e-05 0.000188612797501264 3.77674670744455e-05 0.000111251335329143 0.000106938024327974 0.000103419266451965 0.000114183732512174 4.9052030317398e-05 4.59192902781069e-05 6.1248944257386e-05 8.10986011856585e-05 6.14813742686238e-05 6.27195769538957e-05 4.2421721991559e-05 4.56959220173303e-05 4.32328317401698e-05 4.85485090393922e-05 5.80171102228633e-05 3.9676187770965e-05 5.00797225640781e-05 4.96750438514937e-05 5.77004618207866e-05
0.000159017926489469 0.000157555584519287 0.000156116193829803 0.000157627484804834 0.000152915422586375 0.000162314782573958 0.000158914724306669 0.000154457238022587 0.000142787686854717 0.00013886531269236 0.00013438501409837 0.000254562081499898 4.96168409881648e-05 7.0512458387384e-05 8.0339487431047e-05 0.000283615559055761 5.52596843590436e-05 0.00019691305460583 0.000174670295018586 0.000119666601312929 6.87045481754467e-05 0.00017263731242565 0.0002534936509619 1.79232055415923e-05 0.00162823856808245 0.000193042267528654 3.2528415795241e-05 3.58367844455643e-05 3.32462288497482e-05 5.74880948988721e-05 0.000326063246029662 2.05911198804642e-05 4.64170107989048e-05 4.08077405154472e-05 3.96800041926326e-05 5.21723461133661e-05 0.000155969936895417 0.000224347792754998 0.000221751419667271 0.000188779276868445 4.31676995503949e-05 5.2612099716498e-05 0.000101858753441775 4.97725678542338e-05
0.000147223121166462 0.000147144699440105 0.00014187169908837 0.000149041974873398 0.000145513041570666 0.000147877894778503 0.000144808420554909 0.000132126716925995 0.000129860522429226 0.000123709504805447 0.000112670763701317 0.000237433979691559 0.00020364741794765 4.4437893666327e-05 4.29678028012859e-05 6.48974444629857e-05 6.43895655230153e-05 0.000147501508763526 4.89939193357714e-05 0.000420281808328582 5.29666858390954e-06 0.000106229115954193 2.01171056687599e-05 1.16609009182866e-05 0.000108843007183168 3.49724612533464e-05 3.98870449771493e-05 1.22261471460661e-05 8.98011616300209e-05 0.000125660200865241 5.66978535061935e-05 3.62089862392168e-05 0.000126706568153168 6.91222486238985e-05 0.000102085722210177 0.000135230922023766 0.000156982616135792 0.0001376308802719 0.000870226987171918 0.000189826248242753 0.000164788165784557 0.00019166582969774 0.000178079904071637 0.000131982565108046
0.000143771586954244 0.00014075537219469 0.000137979382634512 0.000135319891705876 0.000136576056684135 0.0001283515994146 0.000123302474275988 5.08680965140229e-05 0.000127458462338836 0.000122681314132933 4.85609256429598e-05 8.70681227752357e-05 0.000135798085830174 8.98504396900535e-05 0.000134525977045996 0.000121868988935603 7.22887280062423e-06 9.67474825301906e-06 0.000429759017424658 6.92500738296076e-05 9.55361012529465e-05 0.000127957056247396 0.000133318138250615 8.88528944415157e-05 0.000190766897503636 0.000188887833792251 0.000129464011843083 0.000161927344015567 0.000168244350606983 0.000260625978989992 0.00013763040806225 0.000155574721247831 0.000114486455458973 0.000112013279249368 9.8053768488171e-05 0.000101215447830327 0.000119363247722504 0.000164276274153963 0.000252791946695652 0.000698914099484682 0.00211107810027897 0.000500687287421897 0.000228120775136631 0.000203925188543508
0.000133158159951563 0.000133456805997412 0.000125698659394402 0.000128350007071276 0.000180842485133326 5.69752862247697e-05 7.6868457836099e-05 7.32897780835629e-05 0.000113590854743961 0.000104655248651397 9.84097176115029e-05 8.06990983619471e-05 5.35360963112907e-05 0.116080194711685 0.12692523598671 0.00654882602393627 0.000115522297664938 9.23968938877806e-05 7.47704987588804e-05 3.51035279891221e-05 2.80041672340303e-05 6.40999411189114e-05 6.4885379288171e-05 0.000135386330657639 0.000132612601737492 0.000137281092975172 0.000138220096414443 0.000314349528343882 0.000157705713718315 0.000114918285908061 0.000118540212861262 0.000115801693391404 0.000307388856890611 0.000114343243694748 0.00088536269031465 0.000209612681646831 0.000577234919182956 0.00384425111114979 0.00190065130591393 0.00238656690344214 0.0011126673547551 0.00343151073902845 0.00366557966917753 0.00125232725404203
0.000118235847912729 0.000117382202370209 0.000117964163655415 0.000117181582027115 7.00746935763164e-05 0.000106647323809739 4.634045290004e-05 3.06738296785625e-05 0.000103053734710556 8.77182803378673e-05 6.84835911670234e-05 7.00621372743626e-05 4.85437580209691e-05 0.0100324919447303 0.170975589752197 0.000260512061504414 2.55558766639297e-05 0.000101046410782146 7.00928125297651e-05 9.66995778071578e-05 0.000110177960414148 9.78723155640182e-05 0.000100800221662212 0.000106785903881246 0.000121338363351242 0.000141508594424522 3.04045275697717e-05 0.000390997837530449 0.000136500325243105 0.000432414916576818 0.000195072102360427 0.00492317620664835 0.00035478021891322 0.00220305137336254 0.000654812715947628 0.00344398654997349 0.00341732185333967 0.000710550369694829 0.000751119363121688 0.00638527497649193 0.00100923182908446 0.00816538482904434 0.00518498290330172 0.00885066259652376
