Scripts_&_data/Maxent_result_files_1/Bombus_portschinsky_2.asc
NCOLS 594 
NROWS 330 
XLLCORNER -15 
YLLCORNER 23 
CELLSIZE 0.166666666666667 
NODATA_value -9999 
[rows 180 to 199 of 330, columns 450 to 494 of 594]
0.000153461464651627 0.000128045511883101 0.000137534719760879 0.000133393971918849 0.000110381643025903 6.36285354630672e-05 6.28934589258279e-05 5.90322968491819e-05 5.95572146266932e-05 5.81432769649837e-05 6.04645470048126e-05 6.63841303321533e-05 6.09973795690166e-05 5.04513467376455e-06 5.56335849069001e-05 6.41125139736687e-05 6.42930610410986e-05 6.69865740974274e-06 5.79472222170807e-06 5.66264915278225e-06 4.87528387566272e-05 4.94893416544073e-05 5.290352346492e-05 5.38320663508784e-05 5.14032184582902e-05 4.95429209877329e-05 5.20429360221897e-05 5.29846361132513e-05 5.30572016032238e-05 6.51480935630389e-05 7.47399935789872e-05 9.43635521252872e-05 0.000108111357258167 0.000139773681075894 0.000182989441600512 0.000243790238891961 0.000491707934997976 0.000559692486422136 0.000660511312889866 0.00102551311429124 0.000616016777348705 0.000372976300423034 0.00024695017200429 0.000303352398623247 0.000247622641472844
0.000189025713552837 0.000174892830909812 0.000169950068811886 0.000148026939496049 9.18126201213454e-05 7.51743860746501e-05 7.56465540689533e-05 6.97936728101922e-05 7.60995450036717e-05 6.64676506858086e-05 6.63932778479648e-05 6.59469158563297e-05 5.59135507501196e-05 5.50203392776893e-05 5.59406936190499e-05 5.59765655452793e-05 6.02955834438035e-05 6.57788870739751e-05 5.73739519495575e-05 5.73151614844392e-05 6.23826970695518e-05 5.66417676964193e-05 5.51306375200511e-05 5.78670481445442e-05 5.64130411476071e-05 4.85064128952217e-05 4.49278646556195e-05 4.47447237093002e-05 4.84244523249799e-05 6.59419429211994e-05 8.12619266071124e-05 9.45233798120171e-05 0.000109673243605357 0.000132840109654353 0.000180643460771535 0.000172364548780024 0.000257354223140283 0.000416071098879911 0.000699483556672931 0.000768351450096816 0.000517748933634721 0.000270745312445797 0.00021490704457392 0.00018609418439155 0.000233702851983253
0.000262323323113378 0.000197209651378216 0.000183103642120841 0.000139019594644196 1.00784413007204e-05 0.000104300038219662 8.97285537575954e-05 0.000104782743073883 9.09954583221406e-06 7.15781776307267e-05 8.65133590650657e-06 6.39963454887038e-05 6.62320591800381e-05 5.67795705137542e-05 5.43932925211266e-05 5.71830716580735e-05 6.50328256597277e-05 6.95857015671209e-05 6.10456207141397e-05 5.96384880736878e-05 5.86756335906102e-05 6.32013056019787e-05 6.3320138178824e-05 6.48231682134792e-05 5.88034500651702e-05 5.21147857398319e-05 4.87211637846485e-05 4.96216577630548e-05 5.42341025720816e-05 5.67193247661635e-05 6.84057889884571e-05 8.65614785652724e-05 9.37622295168694e-05 0.000121041372040054 0.000155230777090765 0.0001550761910039 0.00019773030981014 0.000282041921309428 0.000402825462515466 0.000437133880041074 0.000412068699370138 0.000207782061625039 0.000172104327430134 0.000187153505976312 0.000134994343534345
0.000182469626452075 0.000164495827266364 0.000143807351923897 1.8477893081581e-05 1.57554612087552e-05 1.82608317572885e-05 1.75434235188732e-05 0.000129300706248614 8.66419639351079e-05 9.4233966228785e-05 8.72340563091711e-06 7.76287321059499e-05 6.51739199383883e-05 6.63033086993892e-06 5.50195419236843e-05 6.53203016554471e-05 7.46096597140422e-05 5.80551866733003e-05 5.91965277862982e-06 5.38162969860423e-05 6.02626053478161e-05 6.77636357067968e-05 5.7102412210952e-05 5.87032448493119e-05 5.83728617129964e-05 5.38979666998785e-05 5.16466266162752e-05 5.70128670915437e-05 6.11326136095158e-05 6.17619699369243e-05 6.74262886604993e-05 6.80367420500261e-05 8.25095237814821e-05 0.000100212803408795 0.000102262501241057 0.000125084871251602 0.00014076531806495 0.000184916145008174 0.000236444790789392 0.000200577998475637 0.000140503789953073 0.000110079910882632 0.000100099835435685 0.000117857866280247 0.000114998765275232
0.000175616633350728 0.000157389409650932 0.000133625509624835 0.000125846921582706 0.000190624241440673 0.000181957862514537 0.000159443663869752 1.26584706549693e-05 1.02984916793503e-05 8.64384004671592e-05 9.31349859456532e-06 8.04099092420074e-05 6.54678524369956e-05 5.43982062026771e-06 5.64451205491423e-06 5.98394962253224e-05 5.26449091921677e-05 6.11799742955554e-06 5.41987222277385e-05 5.97270229263813e-05 6.21928827058582e-05 5.7068368732871e-05 5.52745912500541e-05 5.57558657419577e-05 5.83890368943685e-05 5.40413971975795e-05 4.76056761726795e-05 4.97927736432757e-05 5.06248371493712e-05 5.92184448578337e-05 6.37873281448265e-05 6.1366004320007e-05 6.70968240228831e-05 6.59064750834659e-05 7.47809415770462e-05 8.98583599337144e-05 0.000105928358243546 0.000121010657312581 0.000130438408450573 0.000109572845030925 7.46760179026751e-05 6.86308228978305e-05 7.8983307685121e-05 0.000104007850131893 9.66378202065243e-05
0.000217866004823009 0.000184149847336812 0.000154776323324768 0.000153774994396372 0.000182858989865053 1.94678171283158e-05 1.22658788995977e-05 1.64835778377892e-05 1.25984271562629e-05 9.39664425914088e-06 7.4046745976375e-05 9.58884934334492e-06 8.29126283861115e-06 6.34306995834777e-06 5.81733531362261e-05 5.43869194871149e-06 4.72854968393222e-05 6.04066706273443e-06 5.12675354002567e-05 5.598010977792e-06 5.56661294467631e-05 5.8045206060342e-05 5.53215845684463e-05 5.22688183991704e-05 5.34930915819132e-05 5.97969466298309e-06 5.44407010920622e-06 6.38996546058479e-06 6.15919480878801e-05 6.23985913080105e-05 6.50044941721717e-05 6.80228789860848e-05 7.01298897183733e-05 6.81560824887129e-05 6.38615721982205e-05 6.44892362288374e-05 7.38942911993945e-05 8.06267125881277e-05 8.11511856227298e-05 7.03347708622459e-05 6.4055255279527e-05 5.91126500694372e-05 7.57077024900354e-05 7.03819836417097e-05 7.73583107729792e-05
0.000287103476148332 0.000228267929196591 0.000192634197082953 1.75163015228463e-05 0.000182731653330848 0.000183346253470518 0.00014705240027979 0.000154840457616956 0.000122307256970089 9.58844150318328e-06 9.42174729061662e-05 1.21488964850869e-05 7.19637353086e-06 7.56316156866888e-06 6.17253474047175e-05 5.97553760599112e-05 5.68109047890175e-05 5.47186915355269e-05 5.39494805707363e-05 5.98731569425581e-06 5.48195370356552e-05 5.4208313486015e-05 5.21153354384296e-05 5.97153369881198e-06 5.69377214105771e-06 5.01686039910965e-06 4.35626984085502e-06 3.93254332493598e-06 3.68739624263981e-05 4.02265216962405e-05 6.13280919878889e-06 6.30117076070746e-05 6.05035691478406e-05 5.72409392589179e-05 5.00797385029728e-05 5.12949914082128e-05 5.76079301936261e-05 6.7604199557536e-05 7.00907945429208e-05 7.14258740117657e-05 7.66709261370124e-05 6.8048117464059e-05 5.67799234886479e-05 5.78585461880721e-05 7.53918851842172e-05
4.56710892649426e-05 0.000296307430835441 2.17808352772408e-05 3.3208401146112e-05 4.14755045312631e-05 2.55942132298514e-05 2.40649437273532e-05 2.00719893200585e-05 9.45156850775675e-06 5.90998542975285e-06 2.39786675138021e-05 7.46072721540259e-06 6.95864594035811e-06 6.56874716469247e-06 5.74995302486059e-05 5.93802856201364e-05 5.87109661864815e-05 6.25795558335085e-05 5.73922885450884e-05 5.11502850713441e-05 5.99744544160785e-05 6.26905415629153e-05 5.9156594943488e-05 5.76946122237132e-05 4.4128326135251e-05 4.50471584940715e-06 3.61036462436459e-05 2.74093594725855e-05 2.64242929006286e-05 4.06913341066684e-06 4.88927149717711e-06 5.3654505245504e-05 6.29958880381309e-05 6.11392217251705e-05 5.12769561282767e-05 4.19156018324429e-05 4.52888895779324e-05 5.27869269717485e-05 5.38339978447766e-05 5.81322567995812e-05 5.48626038835209e-05 4.60937858406396e-05 4.95615020554396e-05 7.52248904518638e-06 7.49378956243163e-05
9.72600217210129e-05 0.00150434670504183 4.84550700093678e-05 5.10073909026687e-05 4.44119625171879e-05 2.19971921978868e-05 1.70456242358341e-05 1.34970559884096e-05 7.24984880662305e-06 9.64433590979752e-06 9.98158718630293e-06 7.27480706927963e-06 8.06911856443548e-06 7.57670351276829e-06 6.43219908624815e-06 5.89820654113282e-06 5.752223160016e-06 5.48655871170922e-05 6.08458382885146e-05 4.78120494335599e-05 6.30419098342827e-05 6.46618752398354e-05 7.53916867324733e-05 6.37768092929036e-05 4.77010956274171e-05 4.92890199893736e-05 4.10715514135518e-05 3.46502425259132e-06 2.96659771663599e-06 3.61147398848516e-06 3.94187708252502e-06 4.10821463106004e-06 5.16506041776665e-06 3.07602761949966e-05 2.590123031041e-05 3.0453101862804e-05 3.39664136845386e-05 3.79227932626236e-05 4.0559355966252e-05 4.15824979427271e-05 4.35753706369724e-05 4.95147726724099e-05 5.87982624892902e-05 6.44217945591663e-05 6.03545704507269e-05
8.38315738292295e-05 0.000122883253061445 0.000101317353619379 0.000127875571342884 0.000112014355545398 7.59488308176515e-05 5.04714980706922e-05 2.8473550810304e-05 1.09889014993314e-05 1.18845102178966e-05 1.00688630936929e-05 6.85437545371315e-06 7.06004454968934e-06 6.87042036133789e-06 5.6835676218725e-06 2.5369571903866e-05 3.23255230227915e-06 2.43843623479734e-06 5.01129246003984e-05 4.60864478554868e-05 4.39067349361721e-05 4.63814610156987e-05 4.52645515906624e-05 5.02912880619988e-05 6.00324783590622e-06 5.24732947269513e-05 3.57211223217746e-05 3.12980205308122e-05 3.06252053690059e-06 1.61502630646737e-06 5.00293056688861e-06 5.17276227469665e-06 2.9328460141187e-05 2.55551398993248e-06 2.64675685173188e-06 2.64376677023392e-05 3.03176136640104e-05 3.37058794229961e-05 3.53017911493225e-05 4.04669160161575e-05 4.53865328381653e-05 5.5180579147418e-05 5.67417966522044e-05 4.40010962847737e-05 4.20063178353303e-05
1.06487089396978e-05 2.31870846164384e-05 2.18667408262263e-05 2.08831597319659e-05 2.8104768398407e-05 8.43530686324812e-05 1.75408766835972e-05 2.11404811125249e-05 1.16367659984462e-05 0.000106650605630421 1.38914713488703e-05 3.74533101989982e-06 2.50115002700113e-06 1.5808595307476e-06 1.48982967687061e-06 3.22599302648996e-06 5.30152299234032e-06 4.44274212895834e-05 3.97636914840405e-05 3.74278945855622e-05 3.44240544109198e-05 3.07226522636483e-05 4.10827587984386e-06 4.11747038242538e-06 4.44044732716975e-06 3.43931750194315e-05 3.3236535443848e-06 3.88837686955412e-06 4.01902768771834e-05 4.0525367421651e-05 4.25969883053767e-05 3.92938715322089e-05 3.39280902608152e-06 2.30916629391231e-06 2.45566558305654e-06 2.60281815371854e-06 2.44721914214097e-05 3.115295430689e-05 3.73822740129981e-05 4.26091730787448e-05 4.96902404847788e-05 5.32651033609e-05 4.1997159632956e-05 4.12554270042165e-05 4.88069033963256e-05
2.76148411558097e-05 1.21660718150451e-05 1.81007778792264e-05 1.71076550941507e-05 4.83020903629949e-05 3.87826123073864e-06 1.99308860374003e-05 1.79025170837122e-05 1.49177256162147e-05 2.35255697589309e-06 1.05944895040011e-05 4.32268217309684e-06 1.90162218984824e-06 1.29496373801885e-06 1.06197412605979e-06 1.22076195054888e-06 1.03095962700195e-06 4.27702899287397e-05 1.494271843967e-05 3.28535682456277e-05 2.88444682610134e-05 2.47011346800718e-05 2.39268231098322e-05 2.69955585849857e-06 7.14671309864912e-07 2.57203473097434e-06 2.56317798914552e-06 1.16024591392261e-06 4.23924913661722e-06 3.44172450240876e-05 3.27977595134144e-05 3.66591629585855e-06 2.72349277111061e-05 2.32332478447006e-06 2.02175845913644e-06 2.23852894123411e-06 3.04009463718558e-06 4.01774321971971e-06 3.54889444906803e-06 3.6002950355396e-05 4.03159423058241e-05 4.38260587088735e-05 4.04059769607557e-05 4.10335097512871e-05 4.54059543244512e-05
2.43201279317873e-05 1.45191590490867e-05 4.43234367821788e-06 5.91035816341901e-06 6.27991154633634e-09 9.90832188563218e-06 5.65931519531659e-06 4.81659698152725e-06 8.74243073667458e-06 1.35625734628775e-05 1.84964753316308e-05 1.95113211134412e-06 6.93114559453534e-06 8.76118512138646e-07 1.06635626480056e-06 7.92166264318439e-07 7.84680321430642e-07 1.22604022863015e-06 1.08921490493685e-06 8.00871437434125e-07 8.52113743121663e-07 1.44131605225084e-05 7.03067048135608e-07 2.74046772403835e-06 2.75548707975304e-06 2.62203440399844e-06 2.2034847404484e-06 6.76771355045958e-07 3.24134069558113e-06 2.10641619844409e-06 3.2660387063288e-06 2.63509303749743e-05 2.55171421486011e-05 1.95980102489557e-05 1.81461827423846e-05 1.5619170926584e-05 1.9951281146291e-06 2.65548584081898e-06 4.52980667660086e-06 4.34940713489596e-06 3.74997535345756e-05 3.70165603271744e-05 3.26501437484694e-05 3.74796464257088e-05 5.53992745153664e-06
1.1551460801229e-07 2.03681587152005e-09 2.92605220053588e-09 3.03557761149875e-09 2.97996770086684e-06 2.63021460682467e-06 2.11549472624029e-06 1.62803550267654e-06 5.25791954260058e-06 1.82531963218935e-05 4.42829139615242e-06 0.000167056245118147 1.68351344029816e-06 2.00772632069857e-05 3.29238448770752e-07 1.6153253472595e-07 2.61244844779185e-07 2.19432054748836e-07 7.5096697482735e-08 4.00038040471173e-08 7.39543374095319e-07 3.29642149949905e-06 7.01152766424684e-07 1.51877218179663e-07 5.18119193060329e-07 1.98896889287425e-06 1.02660268339605e-06 8.12917311243666e-10 1.21127533248e-06 2.60916719980742e-06 2.78172441028346e-06 2.80287391944967e-06 2.96870750560174e-06 2.37541722469814e-06 2.01692923837982e-05 2.33581681925443e-06 3.05996070437686e-06 2.79478368270247e-06 3.57662960936977e-06 4.71574984430845e-06 3.21386783070921e-05 3.22651977512578e-05 3.34981920786959e-05 4.72339947918954e-06 7.2680781499912e-06
5.51859245412345e-08 1.74144295650436e-09 1.75672858482301e-09 2.42723536825196e-09 3.55210531211014e-07 1.5838900367271e-06 2.54591720931785e-06 5.63593223290582e-07 1.31980692685829e-06 1.75459606737149e-06 3.85147340580261e-06 8.51800430609728e-05 7.8179117650734e-07 8.1204518220801e-08 7.19817973005021e-09 5.1105775167315e-09 8.71432734861344e-09 2.20118700511307e-07 1.07749347755259e-07 6.42041113962932e-07 3.15216401247653e-07 7.57221310720979e-07 9.34110402539545e-07 4.98692239503384e-07 5.91021714768658e-07 6.22182200160637e-07 2.47019680443827e-06 4.25245706026089e-07 1.23593409617762e-08 6.03589991499121e-07 6.18678738106837e-07 3.71307206092908e-09 1.01142642847662e-06 2.61956407143771e-06 3.06611698590586e-06 2.93608454455807e-06 3.43793429351535e-06 4.21168777222647e-06 3.77083602529638e-06 3.02685969245431e-05 3.11918199713546e-05 3.22216051699797e-05 3.69373057765188e-05 5.56012839751929e-06 6.76131073760189e-06
4.35239384088959e-08 1.63725274449078e-09 1.59871077487495e-09 2.82217594849143e-09 3.07969122426144e-09 3.80409509448398e-09 3.70078592215606e-09 3.7168565159007e-08 1.15246497567334e-08 2.21112079756836e-07 2.20605293321796e-07 5.87575232202653e-07 3.45684042057925e-08 8.80548466364317e-09 5.62503397194547e-09 3.32263661029231e-10 1.15650519272315e-08 2.45549433941505e-07 1.0523227311765e-07 5.94455229485646e-09 1.29466349862994e-09 3.45056984585312e-07 3.26958581098324e-07 1.265450480048e-06 3.65207174013449e-06 3.12334956902305e-06 3.58859053903871e-06 1.70758079462985e-06 1.11294481408564e-08 3.44108246608243e-07 1.65120760975412e-07 8.48600848479819e-09 7.30195537368417e-10 1.77711891424792e-08 3.60191471315829e-07 1.28809255670603e-06 3.06893904280514e-06 3.21427141614095e-06 2.40444427845432e-05 2.97665095274624e-06 3.2350775455825e-06 3.69792547587622e-06 3.55839772964828e-05 4.22119588620262e-05 5.51598295714939e-06
2.49155748033303e-08 2.33385648584772e-09 1.93636607859204e-09 2.37493478216777e-09 2.50348843877646e-09 3.11771111149994e-09 2.69298777721971e-09 4.47617409093937e-07 4.43163886698628e-09 2.60783764360895e-06 1.56980606931256e-06 3.95403882080814e-07 1.47648963100266e-07 6.37733059694057e-08 1.38234833579887e-08 1.31811915271562e-08 6.01675331779461e-10 1.22472030072984e-08 9.38081119450373e-09 8.22887489704271e-08 3.60091423345921e-09 2.92267832158188e-09 2.75962115097173e-06 5.31803701733224e-06 0.000121736231085379 1.56717750542157e-05 0.000102265547502611 5.83055694391987e-06 1.11771463593868e-05 4.5027756300442e-06 1.7080471366171e-06 1.44945754982473e-05 2.50650151514265e-06 1.29212936172962e-06 6.18664508511557e-10 1.79256287591301e-09 1.94074560422308e-08 1.66238634191629e-08 1.25233928969237e-06 4.00233525112981e-06 3.11356860265732e-05 3.17006995373958e-05 3.37443140779214e-05 4.22583228214535e-06 3.47576615240541e-05
4.49399365498593e-09 2.98631225303936e-09 3.12992758377817e-09 2.70334922225501e-09 2.49650561334747e-09 3.34994236794728e-09 3.27193587779107e-09 3.183382080163e-09 9.62378482460835e-09 1.84439712711537e-06 1.29227467837723e-08 1.3451488811711e-10 2.84465673239254e-11 4.92538635432638e-09 3.42324441016117e-09 4.07742206665063e-09 7.29575170277386e-09 8.43955815899022e-08 6.81095560395306e-08 5.99729305861274e-07 1.32468424318688e-07 6.51487774838699e-10 1.19162122729222e-06 1.63796167726105e-05 5.33124451976619e-05 9.58621723157194e-06 0.000145263527156203 6.15748651398462e-05 0.000118812212167541 0.000187990791164339 2.43289941863623e-05 3.77569299132574e-06 3.02054853307254e-06 2.24178787533447e-06 8.85351133206314e-07 5.35921642352832e-07 1.39128690790358e-09 8.7223704925421e-10 1.28951805455912e-08 7.1382259481112e-08 1.07128147078583e-05 4.27326472163259e-06 3.91046899608227e-06 4.85568747308207e-06 4.84704028735905e-06
4.33173042990731e-09 3.82353712025108e-09 4.47905047495922e-09 2.75378549963179e-09 2.31672280248674e-09 2.88155407313084e-09 3.2386058390621e-09 5.70372830077659e-09 1.14185178858861e-05 1.08670520603482e-05 5.50721845904434e-09 2.54324672432915e-11 3.84470233427692e-12 2.05473644987464e-08 1.09689728300388e-07 6.56644949525997e-08 4.81285595377301e-08 3.84835294120478e-07 4.42914114273663e-07 3.22436662614223e-07 6.52301944725764e-07 2.7396676415492e-06 9.25368467363796e-07 3.18113990829261e-06 1.09472312104231e-06 3.63347397978941e-05 6.86524700540758e-05 0.000155257412552601 0.00116171346744522 0.00117718488618266 0.0013316344586201 0.000334353384823771 0.000465523298407788 0.00023095303986338 2.38407970840626e-06 5.5717841505043e-07 2.24264695702914e-07 6.42258816441199e-07 5.41518588192957e-08 1.14797194470384e-06 2.60123194379958e-06 9.76176880840285e-07 1.9275866947055e-06 3.86036913084808e-06 5.13461644402469e-06
4.66301287582738e-09 4.09943488044462e-09 1.40038425633371e-08 3.49675776112335e-09 2.73472884337878e-09 2.24788403446752e-09 2.54466188120972e-09 9.60383482739857e-09 4.37882191839378e-08 1.29641066770603e-09 1.01063402091484e-10 9.17582676507323e-12 5.31361732392099e-11 1.01778098171579e-08 2.79190370600091e-08 6.34911273555971e-09 3.12757747367165e-08 1.88291765290671e-07 6.82810710372905e-07 5.838885211773e-07 6.01118053111804e-07 7.15926416461343e-07 2.94968715763844e-07 2.56759096473047e-07 5.32625995930403e-07 4.1540518473937e-07 1.49751028430956e-06 8.55453629924341e-06 3.70967437447689e-05 4.72921425398454e-06 2.29713287353661e-05 7.52219793866971e-05 1.25457304193333e-05 1.13727800680863e-05 2.05687740191252e-06 1.52878458621331e-06 5.04735971063042e-07 4.33170823299633e-07 7.1609254028715e-07 3.21513279999408e-07 1.51305102917831e-06 1.55534532240154e-06 4.58612019428983e-05 4.45499212673894e-05 4.09453531119652e-05
