Scripts_&_data/Maxent_result_files_1/Bombus_hortorum_3.asc
NCOLS 594 
NROWS 330 
XLLCORNER -15 
YLLCORNER 23 
CELLSIZE 0.166666666666667 
NODATA_value -9999 
[rows 200 to 219 of 330, columns 460 to 505 of 594]
1.07130008641931e-07 1.36703262165749e-07 6.10244431542561e-08 5.89638119885549e-08 5.47931958916337e-08 9.57587334093901e-08 4.38362259380654e-08 7.6466270315656e-09 8.56060127230052e-09 4.84906754749659e-09 6.83119936173426e-09 2.15473753395479e-08 1.41494041261403e-08 7.13746537428506e-09 6.77186365871663e-09 1.53538160629907e-08 3.88800845962933e-09 7.93011363242613e-09 4.74643589987167e-09 3.7548675835275e-09 3.87992881156762e-09 3.6648136303441e-09 9.67416020625222e-09 2.73720631716046e-09 8.00307912274256e-08 5.93322301289945e-09 4.03413651373086e-09 4.24164631196433e-09 3.34720147154854e-09 4.78801349679259e-09 9.73374210122557e-09 4.24116091801707e-08 6.13119049752697e-07 9.64199150566003e-07 6.81307839300871e-07 4.13079958505591e-07 2.56959394207001e-08 2.07835054411021e-07 1.86990850581381e-07 1.67630818359576e-07 1.64283784176433e-07 1.67738876455381e-07 2.31337965894696e-07 2.74195873117833e-07 2.67283109689487e-07 3.22884213099783e-07
9.5080745210474e-08 5.22051733620188e-08 2.90096406230234e-08 4.82626221876004e-08 7.16700510272617e-08 4.81664371054791e-08 3.26278055018392e-08 9.18557079288007e-09 1.24245582933113e-08 5.3747417405603e-09 5.15027492875575e-09 5.75710146222264e-09 7.7237202300573e-09 7.24521116435284e-09 5.93373127300012e-09 7.19826573902793e-09 1.26073692152673e-08 4.81887013625837e-09 8.29986739336874e-09 7.51025706069441e-09 5.49605171373813e-09 5.20783322022211e-09 4.2901398766837e-09 3.73614742477102e-09 7.62342674542893e-09 2.19593462413847e-08 3.3946496880155e-08 1.3395501802238e-07 2.84037001074822e-07 2.78925197694235e-07 6.49258627860583e-08 3.18941461063815e-07 4.10204178513673e-08 6.85065323757783e-07 1.7894687466935e-06 6.89453297653131e-07 1.6431756177937e-09 2.43883678696655e-08 2.01715247172274e-07 1.69376136405219e-07 1.49737243626547e-07 1.37636261476892e-07 1.42652804191457e-07 1.61415053567815e-07 2.42634688252252e-07 2.83509625553791e-07
3.75904486871192e-08 8.52983352839232e-09 1.6353360954291e-08 1.54302396526695e-08 2.31298089126142e-08 5.45159628551062e-09 9.45451261724628e-09 1.43138647934471e-08 7.09405734156121e-09 1.65809388663618e-08 1.07918142200347e-08 1.37817232293003e-08 8.66098279761474e-09 4.78352636390511e-09 5.84255405167156e-09 5.91986963893731e-09 4.50110604344189e-09 3.0588257926567e-09 3.52050469887288e-09 4.91899074805957e-09 6.12222843532351e-09 5.96865931123958e-09 1.42470286679242e-09 5.44627165588452e-10 9.86309676265229e-08 9.67724800515768e-08 1.10583975665435e-07 1.99146770962777e-08 2.93108804605424e-07 9.38060141231212e-08 1.02364486842532e-06 1.99773265343595e-06 1.75734012897166e-08 2.19767160336559e-07 5.64541260317242e-07 1.20121020366071e-06 1.57874487456411e-06 6.00909355341628e-07 3.35812000162861e-07 3.24333249368536e-08 1.67486576474474e-07 1.56078063984211e-07 1.08719491942466e-07 8.91366990551923e-08 1.41125650587881e-07 1.81459596015898e-07
3.40895053629886e-08 9.82705271601603e-09 5.89793773819736e-09 6.28424130511007e-09 7.33847071998639e-09 6.5986012542929e-09 9.3552589008894e-09 1.08778543950194e-08 4.95894969532173e-09 9.91113328074888e-09 5.11013134030236e-09 4.24876832605392e-09 6.33739901667596e-09 3.16855065629618e-08 8.0551550207808e-09 9.7970789147972e-09 5.07807332850163e-09 2.87121394437762e-09 1.35151840940928e-08 1.01766334781317e-07 9.7513314800679e-08 8.97061309901304e-08 8.70725024193497e-08 8.64967231950509e-08 8.69232644196138e-08 8.0825820503172e-08 8.16463464170525e-08 8.83122403205761e-08 8.03391991599511e-08 5.63517050355955e-07 1.72108298102103e-06 8.66299919088931e-07 1.61435241508023e-08 1.09202153653065e-08 2.14638744244766e-07 3.73455710134252e-08 1.74920299542691e-06 3.70295383049779e-06 2.26230364432922e-06 5.84694203098479e-07 5.30508950769004e-08 2.08480882335493e-07 1.24087620667623e-07 9.56775227378692e-08 1.00095559574243e-07 1.21699508603967e-07
5.49958110163118e-09 5.90072112283124e-09 6.08678751845559e-09 6.78513308871587e-09 6.62857490008051e-09 1.45409222773729e-08 6.0852245353793e-09 5.07534654303754e-09 2.24979914920098e-08 2.92329543238878e-08 5.48249301957071e-08 3.43201282060335e-08 3.21061826347169e-08 2.36733640801567e-08 1.94927777807941e-08 7.80938386180097e-09 4.57930510955329e-08 8.01791550819608e-08 9.37943202883318e-08 9.40748533628799e-08 8.41768688419897e-08 8.46473031668182e-09 7.2788362259768e-08 6.99834516004749e-08 7.18098429275393e-08 7.08702961649266e-08 7.62480456550918e-09 4.97286950507103e-09 1.05921228898964e-08 1.47839954744988e-07 6.52119715005561e-08 3.81643177504998e-07 4.62978486481802e-07 1.7462703310045e-07 2.2022644896591e-08 1.18924502467976e-08 4.30888402291885e-08 1.77775039560402e-06 3.45546218056825e-06 6.53384219617692e-06 4.43941355854349e-06 1.1534443608241e-06 5.29969830154187e-07 1.90051029624883e-07 1.18157863360224e-07 1.2079361613182e-07
1.66402684409483e-08 6.86585165388109e-09 6.39915330724605e-09 6.06062610097879e-09 1.18688467387607e-08 1.04354543339902e-08 1.69928413673581e-08 3.01160968940728e-08 1.7304488375558e-08 3.5942830967084e-08 3.49524220566444e-08 3.65267989144158e-07 3.04552154384297e-08 8.09094001685828e-08 6.27511583917162e-08 8.22725105820155e-09 1.34473004731461e-08 6.74754080165485e-08 7.55319404244226e-08 7.7246097829331e-08 7.28941723315835e-08 9.12682072140569e-09 6.67165184764507e-08 6.76645571573431e-08 6.39212596520444e-08 6.49844227762486e-08 3.73611011017516e-09 3.60100024243692e-09 6.68721170660191e-09 6.34034443836029e-08 6.42984663512536e-08 4.84433975156406e-09 6.29801034612854e-07 5.08618425587581e-07 6.90213528553585e-09 2.01504424368615e-08 3.37279504547539e-08 2.4526348707532e-07 7.78815419821832e-08 1.84523270618797e-06 7.80737158834199e-06 3.86646747756458e-05 1.27421846727316e-06 8.02928094500999e-07 2.76505628615809e-08 2.21426917801359e-08
5.93333630005688e-09 5.57593667904754e-09 5.23569918531308e-09 9.83992008984913e-09 3.09419707633651e-09 1.57680390744375e-08 2.89818496423955e-08 3.54191815987726e-08 3.32577322459393e-08 4.70952572606542e-08 3.76510488742099e-07 4.41434304132571e-07 3.38515933906436e-07 5.40332891652007e-08 3.77145768060139e-08 8.04251548691681e-09 5.7659548580169e-08 5.36431492226264e-08 5.67881976443196e-08 6.78769186301942e-08 6.70203313180018e-08 7.16822551649621e-08 6.43909209951943e-08 6.57049462060577e-08 6.57819234528567e-08 6.13232899793203e-08 5.95574564332679e-08 5.83153626276811e-08 5.47556687546802e-08 6.11908554271068e-08 5.9003532681956e-08 5.74842962897115e-08 4.95836982583597e-10 1.90035955283108e-07 1.30198832000161e-06 7.88899710002511e-09 5.53734124220107e-08 1.28034099577956e-07 5.89424289376694e-08 1.96933711560376e-08 2.77063462394977e-07 1.57401956757397e-07 1.91145011569915e-06 2.58373502930453e-06 8.9820106623506e-07 3.73974619094497e-07
5.13992257644702e-09 3.90252999915575e-09 2.63688968438203e-09 3.0589483168697e-09 1.27847200603881e-08 2.10591647120673e-08 2.06848771111545e-08 1.9934645594244e-07 3.0298366202608e-07 3.63260010827204e-07 3.69260744381705e-07 4.7439937178595e-07 1.85059950785771e-07 6.77128560000462e-08 6.37401496028644e-09 4.73477232976194e-09 2.63380173226579e-09 4.58736825748041e-08 4.79218425164518e-08 5.64983291484467e-08 6.15098121992119e-08 6.1076545687655e-08 5.99563341419085e-08 7.96034930194978e-09 5.83345243110323e-08 5.87373888527587e-08 5.88468502038531e-08 5.69672200079197e-08 6.15753390831308e-08 6.34606776128699e-08 5.823431463714e-08 5.65872880331497e-08 7.04666401896148e-09 2.54455871928627e-09 7.85810601655612e-07 1.24520663669081e-08 4.73258609745564e-08 7.511046230535e-08 1.47079548362683e-07 8.19170689503323e-08 3.84218580684603e-07 4.67725220665294e-08 1.44211788466464e-07 4.34604233667812e-07 6.32615392959224e-07 9.7250083612721e-07
4.33207828498539e-09 2.65560996526304e-09 5.09960346173344e-09 4.89035224537915e-09 1.56885386903838e-08 2.55599442278154e-08 3.00350716520015e-08 3.90362541957678e-08 2.95927331750434e-08 3.22222187598697e-08 3.71869582571627e-08 4.26976607181828e-08 2.49373127658714e-07 7.31985058455287e-08 3.94984402740661e-08 2.3834876516915e-09 2.74660520660497e-08 5.50870669080439e-09 4.28351096148916e-08 5.5612416272055e-08 5.76593932599678e-08 5.82881202970675e-08 5.97614030484195e-09 5.47945301909714e-08 5.43937995756139e-08 5.4002872817982e-08 5.79665866085044e-08 5.56206786073155e-08 5.8077744025109e-08 7.85272061820663e-09 5.83026475098336e-08 5.40415503458291e-08 5.65667912511003e-09 3.38603268534854e-08 3.82083268246625e-08 2.63605521144683e-07 2.13398841042434e-07 5.68849462978527e-08 5.53437766281917e-08 1.42381824796978e-07 3.88335512191418e-07 1.20923901647529e-06 1.12611828884113e-07 1.54869403035107e-07 2.37921632972871e-07 3.50135026927489e-07
3.26077802537128e-09 2.116434694166e-09 3.01128314506016e-09 4.46704777612439e-09 1.12429323739782e-08 2.95877340628081e-08 2.08019760972178e-08 2.21624096408135e-08 3.4744999588554e-08 4.339381121099e-08 1.11975991978763e-07 3.52189362384792e-07 7.8753424936906e-08 4.04684461718929e-08 2.94033199232935e-08 4.8118931317287e-08 2.84016499429995e-08 1.7765247162238e-09 2.80448088862961e-08 2.70327729090525e-09 4.91887314657546e-08 6.53741083489479e-09 5.03029053078308e-08 5.41785656338334e-08 5.05598130029483e-09 5.68339754147829e-09 3.51443045776278e-09 5.55158841120118e-09 2.96404519817273e-09 5.51226798650717e-09 5.4281713690596e-08 6.91927013463101e-09 3.37344976397702e-09 5.88110122490271e-08 7.44418801046365e-08 5.26864440408836e-08 5.18021093220966e-07 1.09524592595278e-07 6.3244916714833e-08 4.69531445390636e-08 5.9015996312084e-09 5.57919375410165e-07 1.13193076511919e-07 2.83015909707807e-08 4.43209024703073e-08 2.65759841866497e-07
4.87482194611033e-09 1.43983550637827e-09 3.82549901756235e-09 6.81508154354304e-09 1.17989017445197e-08 1.71329355813654e-08 2.04729533548331e-07 1.25416836471715e-08 8.75082238893654e-09 1.43169755850714e-07 1.04539800160897e-07 3.92155617046086e-07 5.87046432465321e-08 2.4785832664076e-08 3.13227656034698e-08 4.51953841018593e-08 5.93858270447889e-08 5.40492807732385e-08 3.75769777294366e-08 7.53940126996255e-09 9.51163283691159e-09 4.0710501636454e-09 5.56473348511943e-09 4.30637767667719e-09 4.18658191447818e-09 4.49292246740285e-09 3.61077403532306e-09 6.18278410358109e-08 3.71942372678902e-08 3.05518066401333e-09 6.31836620801351e-09 6.07880500380631e-09 6.26349078158839e-09 1.55631643394827e-07 7.48130580152662e-08 3.26353412960501e-08 2.27485904669145e-08 5.59487327911334e-08 2.38835832355733e-07 3.72857582320307e-07 1.82612199184362e-07 6.84971359410369e-08 1.18779173052808e-08 2.87824893092647e-06 5.01065701108416e-07 3.45428419867844e-08
1.91992804987606e-09 4.37827830657156e-09 6.41986014349172e-09 2.13028841233864e-08 1.3075825366915e-08 1.53153070892031e-08 3.8859095985444e-08 1.6877201756138e-07 3.0387763283457e-08 4.67301114359664e-08 5.74632260108565e-08 4.52664908578981e-07 4.27893247278988e-08 6.65204348493376e-08 4.69955041548786e-08 4.10690098817668e-08 4.26102091388714e-09 2.5917343715598e-08 2.39697970361163e-09 4.01614446143839e-09 1.13675091673038e-08 1.7262691331954e-08 2.24679806981598e-09 4.63129036232246e-09 7.87686883496619e-09 2.89916849527394e-08 6.37138311443408e-08 3.36773143061464e-07 2.32827427559812e-07 8.48322692093006e-08 4.0180130134182e-08 3.8530439883111e-08 8.16099362754841e-08 2.43293830948232e-07 6.87321414893916e-08 9.01177862111524e-08 3.07885730244095e-09 2.29054744060875e-09 7.33280292042338e-08 4.1275461608592e-07 1.28066583187092e-06 1.05571290043294e-08 4.68405020548346e-07 1.81598233339741e-07 2.22177290680747e-06 4.25322206254464e-07
3.07401959442899e-09 4.27312853990003e-09 1.28789755415859e-08 1.47084848078904e-08 1.82113766400427e-08 1.85742193403726e-08 1.94142270371067e-08 2.23956783229617e-08 4.24234322871087e-07 5.34842952260028e-08 1.47529074432384e-06 1.52524465697468e-06 6.10195704742189e-08 4.88327827730117e-08 1.08386057773302e-07 4.90364599592397e-08 5.76406007701813e-08 2.06981536465811e-08 2.913047703057e-09 2.63348869378177e-09 2.17380355049812e-08 1.0662646687809e-08 2.35083226218791e-09 3.25056258576595e-09 2.18131530616006e-09 1.9348823554477e-08 6.54706800773397e-08 1.3277264581113e-07 1.4083747612581e-07 9.39350673023753e-08 6.90275857473388e-08 1.18953449579351e-07 1.4496051385926e-07 1.64309915540173e-07 6.17353366538786e-08 5.75754861564803e-09 4.3746119282595e-09 3.10176994089417e-09 6.12956339463011e-08 1.51228687084171e-07 6.74281948276345e-08 1.04837083148013e-07 1.58333357802576e-07 2.04555076877e-07 1.0761598034037e-06 5.04246826835697e-06
4.78871285958249e-09 1.06540786859455e-08 8.17847423117968e-09 1.13111022548296e-08 1.04956090818398e-08 7.04763730707825e-09 6.83120812139393e-09 1.11266930336029e-08 1.30186439628588e-08 1.45316038202559e-08 1.11579020800612e-08 7.08276837890764e-07 7.06450244969403e-07 5.20247551794029e-07 2.18999386980556e-07 5.74267901121139e-08 2.03384173280696e-07 3.82509768748207e-08 4.7216917542503e-08 1.80000066740682e-08 5.96504287075916e-09 3.48460608146084e-09 5.35875485097037e-09 2.78290256061631e-08 2.13875572807609e-08 3.27148399814625e-08 1.55902758702808e-08 4.41115656224511e-09 5.06931377097786e-08 8.80312534867755e-08 1.68546558443339e-07 5.13081379871494e-07 2.4842544021908e-07 1.40991771280241e-07 1.25730361055787e-07 8.85080529311466e-08 6.59476349085253e-09 5.73042823193148e-09 4.13013099276327e-09 4.38598549301616e-07 6.49379692907459e-08 2.34021736655876e-08 1.60542096527827e-07 1.03824153114829e-06 3.50145030267868e-06 5.48198559613411e-06
3.06329023258556e-09 5.82325312414866e-09 1.06431745083846e-08 5.95268094816248e-09 2.69828195453847e-08 2.34663182219208e-09 5.6319218177947e-09 5.40743867460947e-09 6.51915584848339e-09 7.58827636282433e-09 1.20308286000181e-08 2.7814399450321e-08 3.02745487346101e-08 2.28771805055317e-08 3.50415502126111e-07 2.73280077545124e-07 3.20797553854391e-07 2.88512426527276e-07 4.20847399684732e-07 4.42940379397072e-07 2.47203178371791e-07 4.68443894674486e-08 7.72332255372099e-08 5.97437223359698e-08 5.05430042707644e-08 3.65488856512997e-08 5.85082834625439e-08 6.42007684015233e-08 7.01037010331085e-08 1.43689617448928e-07 1.50203766269286e-07 1.89856159771296e-07 1.44367861354411e-07 1.61282392241446e-07 1.36071951795103e-07 1.67136937001544e-07 1.15645425990962e-07 3.42941097852822e-08 1.25074423849014e-06 4.59878043024275e-07 2.72119535971171e-07 3.54046552430987e-07 4.52140038831317e-07 8.02546058764619e-07 3.32240621219171e-06 2.24957030923179e-06
1.13864349060577e-09 7.39639963720506e-09 1.02354368536339e-08 4.1892551538858e-09 5.8450389639475e-09 7.69556945945382e-09 5.46530209977192e-09 2.09904471581979e-09 2.39940102231273e-09 5.42533632463815e-09 6.01760641316673e-09 6.93858498435063e-09 4.73638875897464e-09 3.63072570896961e-09 3.59181987485968e-09 6.81717983286312e-08 1.32640765659886e-07 2.08906992771318e-07 2.25530829078835e-07 2.61605931495268e-07 2.74626737439831e-07 4.07877453589833e-07 7.03190580986224e-08 4.2482024420476e-08 4.7456138985158e-08 2.38238095384702e-07 6.99767972900389e-08 7.05840722536877e-08 2.19762803066459e-07 3.57968092856709e-07 5.68853485916065e-07 5.43541664299596e-07 1.91999560428258e-07 1.83458512559298e-07 2.28059370943612e-07 8.64110978548993e-08 4.96493593460379e-08 1.02573067550793e-06 4.90606144580852e-06 8.110056562316e-07 1.20551754179132e-06 8.48411868048515e-07 3.16010051051308e-06 1.20614800067642e-06 1.38373326990404e-05 1.48013561101834e-05
3.85725918983226e-09 7.49043794767701e-09 3.8176375727339e-09 3.95418007226311e-09 5.8666077107361e-09 1.43819979259163e-09 8.21491974445365e-10 2.09794840388966e-09 2.03930411446507e-09 5.50836858348447e-09 5.16816660578456e-09 4.84648379206476e-09 1.78337871137302e-09 4.40709312377052e-09 3.7520822115944e-09 2.26297063310454e-09 3.52260137947979e-08 1.03590039213231e-07 8.13642829888828e-08 2.93395898354198e-08 2.09352145619235e-09 6.00791200122686e-09 2.93415117091911e-08 1.65167951649003e-08 1.73183774210273e-08 1.76872671620032e-08 5.41984003676887e-08 7.25523294331509e-08 3.20653146168581e-07 7.16972033387719e-07 4.35511790186638e-07 1.73706350103942e-07 1.03554692088004e-07 1.02794114198446e-07 1.16836168473355e-07 6.27798245389499e-08 1.13470917018077e-07 6.69947498863621e-06 4.82846222098488e-06 1.01029369687922e-06 2.32209515900195e-06 2.3555983091228e-06 4.67428037609352e-06 1.09078121568018e-05 4.79096574053983e-05 0.000150149507680908
5.30257433517534e-09 6.85692923552139e-09 3.72303170514954e-09 3.72938511183918e-09 3.47871247363685e-09 1.80499192259376e-09 2.32113233078479e-09 2.13014613725804e-09 1.30279462773331e-09 2.54839372937354e-09 8.22943883038718e-09 2.59637870092533e-09 2.27038754463393e-09 1.97999348028333e-09 4.99953030086431e-09 1.26511738751667e-08 1.46114150267884e-07 2.37155542426315e-08 1.38906184199428e-07 2.16378978401544e-08 1.66017989355893e-09 3.15497716840696e-10 4.73652452814832e-09 2.90460103746781e-09 2.45556631250921e-08 3.58963006430457e-08 4.58112251799925e-08 1.35456471195283e-07 8.51920713973442e-08 1.70934822740776e-07 1.46087771213388e-07 1.09546849635933e-07 1.25561563590892e-07 1.20253451107999e-07 5.47904396519527e-08 4.93829144243563e-09 6.48339918196683e-08 4.50555806423836e-06 2.10847296102656e-06 1.5807530218126e-06 3.45589089647547e-06 2.98991329827913e-06 1.88701971808314e-06 9.43511763580318e-06 1.3732340585193e-05 4.60161129012704e-05
8.60098192667635e-10 3.96420097859007e-09 3.12559131909751e-09 5.96647752315604e-09 2.276261723555e-09 2.63947473877479e-09 6.65095467589083e-09 2.05989583168531e-09 9.60565815777414e-10 3.05097958008815e-09 2.31413457285612e-09 1.98192188216595e-09 1.03366719628184e-09 2.68331589170501e-09 1.71500154744209e-08 1.15459602536561e-06 9.788111412945e-07 6.00532167660539e-08 2.57280038651331e-07 2.55435675944327e-09 1.05200052558097e-08 1.18709037377762e-08 1.30740666515194e-08 3.00523867569069e-08 9.49964330088093e-08 3.76940817226057e-08 1.00239527700552e-07 4.47945530890337e-08 8.81103530581129e-08 2.636738466677e-07 8.14609146004841e-07 1.38072330413408e-07 6.12662985233214e-08 6.13758712297852e-08 9.65234582928076e-08 3.79231083202924e-09 1.79701369895646e-08 1.70798043939158e-06 1.1343313140344e-06 9.81108338748982e-07 6.94269074585918e-07 2.2420719233196e-06 2.49086571670887e-06 8.51473782859102e-06 9.44793018788914e-06 0.000195912065100856
4.24719268643514e-09 2.97957647443781e-09 1.43996640167288e-09 9.70355951146473e-10 2.68845543605067e-09 1.51291478234228e-09 4.89537838044285e-09 5.70999526550153e-09 1.75723564588282e-09 1.30825902333598e-09 7.98352428610372e-10 8.67267990756204e-10 1.04714303894582e-08 2.39428499249073e-09 2.11327934263039e-08 3.17223124990385e-08 2.63140350842406e-08 1.39720405578636e-08 2.37410051728837e-08 1.01981194156053e-08 3.85691139914712e-08 3.87940515156338e-08 3.11687859300136e-08 3.50029292661702e-08 6.0984317995505e-08 2.55799147552693e-07 8.68605511072929e-08 4.61052913536264e-07 6.52997866268379e-07 2.96491395346266e-07 3.25716043469981e-07 1.75208270647431e-07 3.96732753760176e-08 5.65383111439388e-08 8.2494627395846e-08 5.56868359202767e-09 1.10711157241816e-08 9.76632586002779e-07 8.13827659840172e-07 7.4340345292967e-07 5.78307839305126e-07 9.79508325826828e-07 3.68828865475734e-06 2.26019775709574e-05 0.000228550422980334 0.0449898570543155
