Scripts_&_data/Maxent_result_files_1/Bombus_modestus_2.asc
NCOLS 594 
NROWS 330 
XLLCORNER -15 
YLLCORNER 23 
CELLSIZE 0.166666666666667 
NODATA_value -9999 
[rows 220 to 239 of 330, columns 352 to 395 of 594]
0.00995159659303932 7.43138800940457e-08 4.83286625266421e-05 4.17140043616038e-05 1.52430745061771e-06 1.48152282242187e-07 4.45956484518284e-08 1.11146362813397e-07 9.03258796758344e-08 3.87494410003519e-08 9.92732123172857e-09 1.28584387582009e-10 1.32370336913823e-11 2.57668331116179e-12 4.05473099540643e-11 2.22095131174882e-10 2.19834631609572e-09 5.18692011675093e-08 1.62004952786177e-09 6.85395393773547e-09 2.00730046262532e-07 8.95338380170641e-05 3.53928844780693e-06 2.67766898376487e-05 8.67164026278067e-06 3.30692725469817e-06 3.17862505312405e-06 6.14521497022125e-08 3.76963682191533e-07 9.73034019424723e-07 4.17957081078057e-07 3.72599349818259e-08 8.96585312659681e-09 -9999 -9999 -9999 -9999 -9999 -9999 -9999 -9999 -9999 -9999 -9999
0.00100059325351394 1.41398089909206e-05 2.22898124780824e-05 0.000128538653454224 8.02271600795157e-05 1.67067816368771e-05 2.73178307334199e-05 1.36231200886794e-07 4.60435874138909e-07 3.74599095132044e-07 3.18973354515029e-06 1.17874492833181e-08 2.72135036727406e-10 4.17376144756787e-10 2.51547338514513e-11 6.37271346803914e-12 6.61501964316358e-12 2.5736857089953e-12 2.56399346199032e-12 1.40720213259726e-09 1.34320421452117e-09 7.76406114511019e-08 5.72754822791843e-08 6.07325055912433e-07 1.9797375427788e-05 0.000648500629557347 0.000143695179245018 6.11321763988038e-08 2.03839947365836e-08 6.9147478920506e-08 5.77809966539888e-10 9.32343107162836e-09 2.75289485651697e-08 -9999 -9999 -9999 -9999 -9999 -9999 -9999 -9999 -9999 -9999 -9999
1.15374723463901e-06 2.26387946895557e-06 4.79460853981761e-05 9.09496520762332e-07 1.79108839102771e-05 1.19473840887063e-05 1.51193385465542e-05 1.3578945272108e-05 9.17605047571213e-06 1.58520885074065e-07 2.34474506805027e-06 5.23048131018111e-07 7.01740796071881e-07 3.27631219931845e-08 3.64890659909634e-08 2.02718708486316e-10 7.18518466946705e-11 1.11022302462516e-15 4.55191440096314e-16 1.03361763592602e-14 6.8520633611513e-11 3.02599396651004e-09 1.30323122959908e-08 1.21211986936487e-07 2.50100676169041e-07 9.43228824679121e-07 3.47299038461202e-07 1.1508489782952e-05 4.25415170535182e-08 1.74303809385989e-08 5.89891565594414e-09 1.06095473073609e-08 2.66810492477454e-08 1.37474726047415e-09 -9999 -9999 -9999 -9999 -9999 -9999 -9999 -9999 -9999 -9999
5.10667463871073e-09 8.47552973937127e-07 2.65492206385831e-05 4.78429861061613e-08 4.97443733549208e-07 6.38807024844201e-07 1.52002355756631e-06 2.54163246305228e-05 2.59861196542643e-05 6.9344464949328e-06 3.40663334397195e-07 2.37828963487452e-06 1.27377506276005e-07 7.885364472493e-10 2.89813974041486e-07 2.412627472137e-07 4.3754672631735e-07 2.59251551337769e-09 2.93084878588701e-10 3.60296792401016e-11 1.7129178342401e-08 2.5669088743463e-09 1.51834708139731e-09 7.11436110023556e-09 1.27104462721572e-07 1.55869698814648e-07 1.0947275768558e-06 1.45716994675027e-06 8.99306113149034e-06 9.91967974217633e-06 2.9701127113313e-09 1.95168588845718e-08 2.18596975065655e-07 4.04044979696039e-09 2.39518527234139e-10 -9999 -9999 -9999 -9999 -9999 -9999 -9999 -9999 -9999
2.32315191972532e-08 3.98017338198997e-08 1.48600504417118e-06 2.72169251047671e-07 1.93079282852393e-05 4.15378953522172e-07 7.84499479782319e-06 6.73129921807014e-05 2.19708902737814e-08 1.60906265592731e-06 1.04588561953278e-06 7.67586293615175e-07 1.49457167564204e-07 2.52409720769009e-07 2.22491768653299e-07 1.83084744809214e-08 1.86633910548295e-09 5.70948288647344e-11 3.17301163121897e-10 1.7055585388448e-09 5.05206525502899e-09 1.75680523462063e-09 5.86765259713573e-09 3.06833857210975e-09 1.6028485316788e-09 1.81869427295922e-09 9.73493829992123e-10 5.63582585044742e-09 8.75050150117573e-08 8.3216729507285e-08 7.7093757511193e-08 5.725250815658e-08 6.18781346162223e-09 2.75605298583059e-09 2.44682833994148e-09 2.24770226875393e-09 -9999 -9999 -9999 -9999 -9999 -9999 -9999 -9999
1.83074888582269e-11 1.25832839703577e-09 3.81834659446412e-09 5.15059614958346e-08 1.5476989005947e-07 1.48121613641194e-08 3.35540469683204e-05 4.27978266089868e-06 0.00186019190544502 1.11792183399295e-08 5.03252550743127e-10 9.00509367407487e-08 1.04770280074939e-06 1.52953913394871e-06 1.48278987469608e-06 4.60765614547221e-06 1.86322998098953e-05 3.98101894660829e-07 3.20421155053374e-08 7.28455722409649e-09 2.96562525647914e-07 1.41725081448385e-08 6.22445184284004e-10 2.2820138334545e-09 4.22345614037312e-09 9.07947119710428e-09 8.36773572654437e-09 2.24843327290003e-09 9.37721811311576e-10 2.82482637281589e-10 2.62216733881715e-09 4.3235035551703e-09 2.06530004209782e-09 9.69388014304684e-11 7.64794005903013e-11 1.33736470786516e-09 1.20515617041406e-08 1.45605272905414e-07 2.44924713843631e-10 3.45391774070336e-09 -9999 -9999 -9999 -9999
7.10570491335716e-12 6.65910659947144e-12 5.66965363546501e-12 3.3635960683398e-09 2.2613703265506e-08 1.84962864295812e-06 4.69458715457449e-08 3.35674142482034e-08 1.08220468974185e-05 1.11283592429956e-07 1.34612048174887e-09 5.34822895970066e-09 4.29565938375731e-08 1.26449983706145e-08 5.90008266165842e-07 1.15754710297011e-06 2.64511307838111e-06 5.96755735368104e-06 9.27019617125158e-07 1.12190686962776e-08 1.58794446036836e-08 2.00502555891546e-08 4.2611009121174e-08 2.20773594961088e-09 7.12498510191395e-09 2.51437837217594e-10 4.61637306159446e-10 5.42587197394084e-10 5.08268716004068e-10 9.37815380908091e-11 1.70242153707534e-11 1.89928683891338e-10 3.01883851250295e-10 4.11807810074549e-11 1.22497478827199e-10 5.52200145609305e-09 -9999 -9999 -9999 -9999 -9999 -9999 -9999 -9999
8.62321325456605e-13 2.86430966056628e-08 2.76523353478497e-06 1.75671293619617e-06 1.43785826367426e-05 5.32855608526006e-09 3.34883831776267e-10 2.94600608685691e-08 3.91065413829494e-08 7.20983681516962e-06 2.92068482794505e-06 4.54709681019239e-08 2.39565966397848e-08 2.4753980198966e-08 2.39462937023927e-07 0.000102106785746847 4.26077711436101e-05 1.91951516674838e-06 4.18393324475019e-07 1.55373306442996e-08 4.79841142819737e-08 8.24050228054318e-09 1.94742088677202e-08 2.53800070071364e-08 6.29132024254631e-10 1.35582233773412e-08 4.66139736809978e-09 4.74165694486217e-09 1.3437539747585e-09 8.39519076478723e-10 1.69021441287498e-10 9.92803173005541e-11 1.10598630254088e-10 9.36498545378583e-11 1.15769061004301e-11 -9999 -9999 -9999 -9999 -9999 -9999 -9999 -9999 -9999
4.75733452631744e-11 3.28863714038619e-11 2.64256234672189e-09 1.3428858025577e-11 4.82003326141012e-13 8.39738817148827e-07 7.90269294448365e-11 2.65336319582588e-10 8.59716779988418e-09 5.64076011455583e-09 5.52366571149321e-08 3.77688615715854e-08 2.2912540964537e-08 5.14887539271314e-08 1.63646523776428e-08 3.40436424250967e-07 1.41386528524245e-05 5.95817018710365e-06 3.6793016368053e-07 9.56879938174282e-08 1.83267613529381e-08 5.21835790134872e-09 6.12450814507781e-09 1.27708995600884e-09 1.76381298455652e-10 6.40182729050309e-10 6.86095673607667e-09 5.58984014631392e-10 7.25049970062841e-09 4.91819305281638e-09 5.75808967173685e-10 1.55799329704109e-07 5.48539769162915e-11 1.29997235198687e-11 5.00613994702803e-12 -9999 -9999 -9999 -9999 -9999 -9999 -9999 -9999 -9999
5.38304266717304e-09 1.10178005607864e-09 2.20593332489472e-10 3.93027083767095e-08 5.71593328224651e-11 1.17825749157419e-12 8.7502782797344e-12 2.83662426880937e-11 4.8002490871113e-12 1.26944788014782e-11 8.79498029959791e-11 1.01559426424203e-09 2.60810674723722e-08 2.42274514672403e-08 5.08233766183253e-09 1.99570827658091e-06 1.35886211094505e-07 9.13801945778836e-08 2.19163708638281e-05 1.15260704423026e-06 2.91936453677977e-08 7.73098554063267e-09 2.4819546529109e-09 3.74945876568944e-09 3.20284772037382e-09 3.24275860608125e-09 2.56648721164154e-09 2.28705698823717e-10 4.59568716415504e-11 8.17494294480525e-11 1.59599722326931e-10 3.10208359000086e-10 1.38910540847803e-09 4.9896642373426e-12 -9999 -9999 -9999 -9999 -9999 -9999 -9999 -9999 -9999 -9999
5.75122893753388e-10 7.66609997704393e-11 1.15356568741731e-10 3.07653391651286e-10 2.31323220023505e-08 6.77358169554054e-13 1.60105262381194e-13 7.77249886674269e-10 5.03150299202559e-11 2.49284315412268e-10 1.1104405617246e-09 1.62260483715926e-08 1.86383582123639e-08 7.25744619956004e-09 3.97842110366753e-09 3.67002328971466e-08 1.99754181269274e-06 1.11838801442055e-08 6.16248765905603e-07 1.71093178659154e-06 1.19505767115502e-07 1.35636095244251e-08 4.35686374755662e-09 2.96824708145849e-09 2.5394667813039e-09 8.17602392455541e-09 2.16431587096722e-09 1.80485304479561e-10 8.11783862353366e-11 2.73973732589639e-11 1.88579596382965e-11 4.08403144636083e-10 1.50030210477325e-11 1.15532028388543e-12 -9999 -9999 -9999 -9999 -9999 -9999 -9999 -9999 -9999 -9999
4.25427903394393e-07 3.55569816923307e-09 8.09553102332217e-10 5.86003567892846e-10 4.28809632246896e-10 1.95822358328712e-11 5.50059997550534e-13 5.13411535507657e-13 5.59706325731213e-09 1.77748642471443e-09 1.87949091845496e-09 5.29088994838389e-12 2.88049192276318e-09 5.11092691724002e-08 4.80650094170088e-09 1.43658673668057e-07 4.13474055549479e-08 4.54636328584002e-14 4.37054836766038e-12 1.05848663167762e-13 3.97850451472337e-09 6.9396365320884e-10 5.61533974874351e-10 1.0977996289796e-12 9.81672521049859e-12 9.38423727614435e-10 3.09237875306678e-09 1.94380482820833e-09 1.62114709434391e-09 6.81141287817155e-10 2.20034896969423e-09 2.45237430362977e-10 1.04236275166869e-10 5.97978242478092e-09 -9999 -9999 -9999 -9999 -9999 -9999 -9999 -9999 -9999 -9999
5.98470161206066e-09 3.08719586561423e-09 9.81783202513853e-09 2.58243977313555e-09 2.13121231773528e-10 8.03189625919742e-11 9.38460420485399e-13 3.75699471533153e-13 2.51942910978187e-13 3.06628056279123e-11 4.51406134693855e-11 1.41904266115489e-12 1.44024125958708e-11 1.57027442160285e-09 8.34203680022405e-08 2.24878580079579e-07 2.53141564199311e-07 3.54266826985139e-10 1.41807232623137e-10 4.5004300286422e-11 1.21750145520849e-09 2.21830042113069e-09 5.29287724759797e-12 9.47353306912646e-14 2.63908450648387e-10 5.49369122415655e-09 3.57593598065975e-09 4.35357294659156e-09 1.80752376399695e-09 1.00517570045255e-08 8.29866307894278e-09 9.58012851270951e-09 1.3549297028792e-08 -9999 -9999 -9999 -9999 -9999 -9999 -9999 -9999 -9999 -9999 -9999
1.21120584672951e-09 1.60130549931026e-09 5.11816107273688e-09 1.50071525206741e-09 1.62914161050409e-09 9.56917878269792e-11 1.62268198877769e-11 1.64079860809352e-13 1.46105350040671e-14 1.25421895091904e-13 3.52595730390703e-13 1.75115477674126e-13 1.03383968053095e-13 5.81592773940542e-11 2.88493144706692e-08 4.12387846869811e-06 7.85805441484433e-06 3.70846096053867e-09 4.03356990030801e-09 2.80262146823418e-11 3.56753829144907e-08 4.64265935917751e-08 1.27191360554946e-08 9.49598399913043e-11 2.088494421848e-09 4.81385376005505e-10 1.51902062484055e-08 2.65372842811473e-08 7.51274984001071e-08 1.05711542741638e-08 2.59763088816811e-09 2.62446023802099e-09 -9999 -9999 -9999 -9999 -9999 -9999 -9999 -9999 -9999 -9999 -9999 -9999
2.40440936050135e-09 1.73914078693826e-09 1.19742673554413e-09 1.24764748532513e-09 4.67015326410802e-10 1.74662784235835e-10 4.59001170405315e-11 3.61620733357881e-12 5.40891997857784e-11 1.69453340248538e-13 1.51612056242811e-13 5.42899059041702e-15 3.79141162909491e-14 9.06830166513828e-14 5.73976088880102e-11 4.49774661959168e-12 2.04981587259567e-12 2.14757212013694e-11 9.85651646634445e-08 5.28109761144258e-08 1.73031033945392e-11 1.14060227929258e-10 2.04377625934171e-12 1.29656285707824e-12 8.99099794615665e-11 2.72202249629316e-10 1.04512427601122e-09 9.96846081191549e-07 1.14794878391944e-07 1.62196600772546e-07 2.34693113831952e-09 -9999 -9999 -9999 -9999 -9999 -9999 -9999 -9999 -9999 -9999 -9999 -9999 -9999
3.40258909936608e-10 8.29404978031079e-10 8.96022156471332e-10 9.70190938698323e-10 1.23676686669683e-09 1.41456446556276e-10 5.10610886905738e-11 2.80978573741208e-12 3.23659987699898e-12 1.3168355295079e-13 6.67244037799719e-14 1.04215525098539e-12 1.58136925776375e-10 2.29005481244826e-11 3.62196939107662e-12 4.61741755941603e-14 2.73963665087251e-09 9.7767780227187e-08 8.28218826853799e-09 4.4375142449482e-10 3.97572197385898e-11 3.78351794338982e-12 4.50528503392889e-14 2.50277576441249e-13 2.73047140453286e-12 1.97608596153032e-13 2.21498042130008e-11 3.67846422211215e-09 1.55923284728132e-08 1.27411295807178e-06 1.17086006723444e-07 -9999 -9999 -9999 -9999 -9999 -9999 -9999 -9999 -9999 -9999 -9999 -9999 -9999
3.16024240110124e-10 5.40441746910147e-10 5.93197857501337e-10 5.64837043803834e-10 7.89910969967167e-10 5.21341214643201e-10 4.127163055756e-11 1.08118042341232e-07 1.20383869539609e-10 1.72084568816899e-14 7.20090653771877e-14 1.84489090671036e-12 7.31860128055928e-12 2.53928211790821e-10 1.63852664769593e-10 6.03214145300512e-12 1.89140147988098e-11 1.41511924400817e-10 2.21139440093054e-11 2.82633916270925e-11 5.59589041770892e-12 1.84615656095843e-12 6.3815619455454e-14 2.26541008174763e-13 1.50199852555488e-12 5.03908026416866e-12 2.0131674105528e-13 1.83868476000271e-12 1.17284748579749e-10 4.26433290778849e-07 3.85147895221039e-07 -9999 -9999 -9999 -9999 -9999 -9999 -9999 -9999 -9999 -9999 -9999 -9999 -9999
3.48040696263041e-10 4.33555680245945e-10 6.14611994631531e-10 4.85722562171276e-10 2.03670358356334e-10 1.22560150916939e-10 2.49006371078053e-12 4.13006406851935e-11 6.56186216474452e-13 1.83832948863483e-12 3.68579378129397e-10 2.47640197237331e-10 3.63204168962739e-09 2.8635638305019e-11 1.50503831619631e-11 4.2588199633542e-11 9.92777526853672e-11 4.17233025906683e-11 1.76852976707664e-11 2.33830732554452e-12 6.04663208392253e-11 2.60116594930082e-11 1.96076044289839e-11 1.97198876117355e-09 8.30568835930023e-11 1.31247179790961e-10 2.41867526007411e-11 8.38597191687995e-10 6.15617889998532e-11 4.95305317231853e-06 1.01978729083463e-07 -9999 -9999 -9999 -9999 -9999 -9999 -9999 -9999 -9999 -9999 -9999 -9999 -9999
1.73938274894425e-10 3.44553463538233e-10 9.6875347743719e-10 3.17028192586832e-10 4.90211959913722e-10 6.42009556628409e-11 4.1750298773735e-10 4.99634711381702e-10 4.41798841954721e-10 3.68427843788766e-11 3.46650574911678e-09 3.76448761052473e-11 2.17579287919989e-12 7.61735119425566e-13 9.04321062478175e-13 1.10917941498201e-12 7.69876384865142e-12 1.35810251933322e-12 1.69548819428655e-12 3.21594972874095e-12 6.49903464378099e-12 5.04345232243963e-11 1.58444563025384e-09 2.23559759593428e-10 1.33496420584578e-09 9.41397992892945e-10 6.35969978901585e-09 1.00113206826791e-06 8.91565100857861e-08 5.40062968401589e-07 9.58943681206304e-07 -9999 -9999 -9999 -9999 -9999 -9999 -9999 -9999 -9999 -9999 -9999 -9999 -9999
4.07509026523201e-10 1.14741941503738e-09 1.05659558879978e-10 2.00887284584894e-10 1.70293579238034e-10 3.47363249275645e-12 9.44887834641861e-11 6.70964395155238e-12 1.30777477735933e-10 4.50240955629511e-12 2.12527950793628e-10 6.52174289683671e-08 2.15771844835899e-13 1.55533363965787e-12 6.0456768702366e-09 1.5807785416655e-06 1.10649600593149e-10 7.73581199098317e-13 6.81343870212459e-13 2.21630491736846e-12 7.08229030976781e-12 1.09739217712956e-11 1.07199249477219e-11 1.99006233714272e-10 1.29208199695086e-10 1.09523901059561e-10 2.95906077418806e-11 2.35453989638756e-11 4.09753264651869e-10 4.24467472281975e-10 5.12864767709953e-07 -9999 -9999 -9999 -9999 -9999 -9999 -9999 -9999 -9999 -9999 -9999 -9999 -9999
