Scripts_&_data/Maxent_result_files_1/Bombus_fragrans_2.asc
NCOLS 594 
NROWS 330 
XLLCORNER -15 
YLLCORNER 23 
CELLSIZE 0.166666666666667 
NODATA_value -9999 
[rows 126 to 146 of 330, columns 282 to 328 of 594]
0.013647473230958 0.0121790600009263 0.0112140756100416 0.0104170300066471 0.0169165421510115 0.0115567502565682 0.0125564260175452 0.0147517159581184 0.0155763672664762 0.0114875392988324 0.00585268263239413 0.0071754913078621 0.0152611431665719 0.0132140484638512 0.0117219999432564 0.0112049143761396 0.0100746475160122 0.0105148524045944 0.0146817354485393 0.0111435156315565 0.0105245389044285 0.0104390169493854 0.0092723686248064 0.0999442933127284 0.0115001261234283 0.013882196508348 0.0347345165908337 0.0220360916107893 0.0150480369105935 0.0134340480901301 0.00893300361931324 0.0118367929011583 0.00697763357311487 0.00697371447458863 0.00883804084733129 0.00904831476509571 0.00888827769085765 0.0163562573492527 0.00692727249115706 0.00842569265514612 0.0111499748192728 0.00756056318059564 0.0122952626086771 0.00870158588513732 0.00912038730457425 0.0161446841433644 0.0399870991706848
0.0057330610929057 0.0113388730213046 0.0104759032838047 0.0192023687064648 0.00729084159247577 0.0134081998839974 0.00517714389134198 0.011662570014596 0.0122549961321056 0.0126891545020044 0.0124569920822978 0.0133926713839173 0.0132369803264737 0.012387708760798 0.0116174321621656 0.0119727678596973 0.0127531882375479 0.0207135992124677 0.0179139671847224 0.0142244724556804 0.0103249832987785 0.00853432100266218 0.0124727502465248 0.0131510391831398 0.0235059436410666 0.0105031566694379 0.0156340949237347 0.0164146428927779 0.0167631190037355 0.0107749554561451 0.0119213402387686 0.00481978380121291 0.0076844098046422 0.0100232089869678 0.0152903547510505 0.0103533790446818 0.00610542548820376 0.0118119357153773 0.00719460933469236 0.00872035208158195 0.0285075122956187 0.0733933568000793 0.0207170942798257 0.0185632774606347 0.0109119308181107 0.00795310623943806 0.00791356135159731
0.00583220319822431 0.0153112729080021 0.0206235144287348 0.0195522613823414 0.0194437757134438 0.014489935990423 0.00567286920268089 0.012578945979476 0.0122363771311939 0.00593669191002846 0.012374278344214 0.0130150720477104 0.011762679554522 0.0132054588757455 0.0117347877472639 0.0113751087337732 0.0170862885192037 0.0219469238072634 0.0262375883758068 0.0135676665231586 0.0112390780821443 0.0124098582193255 0.00817999849095941 0.0205240823328495 0.0113094656728208 0.0120351077523083 0.0148225138196722 0.0118340297602117 0.00787351373583078 0.00967979803681374 0.00949292872101068 0.0121923145838082 0.0116318524815142 0.00964016243815422 0.0140701487660408 0.0220025915652514 0.0146036488935351 0.0125412490218878 0.00832262840121984 0.00708243800327182 0.00813827691599727 0.0089848137460649 0.0299170574173331 0.0443540371954441 0.0186709435656667 0.111465194821358 0.0606227435171604
0.0122767932713032 0.0116513871587813 0.00567738160025328 0.00554075406398624 0.00678929027635604 0.0117959813214839 0.00571893523447216 0.0123403117060661 0.0138389561325312 0.0134096671827137 0.0139512851834297 0.0126914309337735 0.0143940662965178 0.0122259549796581 0.0120138473808765 0.0141927349381149 0.0123881604522467 0.0137344870716333 0.0641073502600193 0.0459469866007566 0.0212447099387646 0.0103912143968046 0.0104125055484474 0.00961154541000724 0.0106024852953851 0.0100186061114073 0.00957368360832334 0.0108028646558523 0.0114381201565266 0.0203274371102452 0.0108840834349394 0.022388175316155 0.0174438739195466 0.0119395281653851 0.00859603118151426 0.00818943968042731 0.0166196241974831 0.00893794819712639 0.00853836396709085 0.00932485619559884 0.0199486935511231 0.0286315102130175 0.0252384062856436 0.00923197763040662 0.0250787759199739 0.0264171810820699 0.0580439083278179
0.0105914436280727 0.0126347918994725 0.0169418475590646 0.0067793367896229 0.0116113774012774 0.0162176859565079 0.0118996629491448 0.01197713855654 0.0132305884733796 0.0153768453747034 0.0128149393945932 0.0263136222958565 0.0132384739816189 0.0575438730418682 0.0485267035663128 0.0160954656079412 0.0131648790091276 0.0114117244258523 0.0413959439843893 0.0435152538120747 0.0660362385213375 0.0529178485274315 0.0351915176957846 0.0308718625456095 0.0112155362963676 0.0113755257800221 0.0121769677847624 0.0134775659069419 0.010361232701689 0.0155011500231922 0.014135236851871 0.00878948951140046 0.0105455840006471 0.00995269538834691 0.0087936207652092 0.00935136950574815 0.00852365860482678 0.00898176888003945 0.00844863541424274 0.00825136275961995 0.00589020634070039 0.00816594157367945 0.0089616222307086 0.00841732202097773 0.00970958801917732 0.0120314113795757 0.0400629185140133
0.0073699155356735 0.0164551909081638 0.0119226288050413 0.0081851331051439 0.0122483106330037 0.0157015627250075 0.0125076645053923 0.0127810007892549 0.0132937652058899 0.012128221988678 0.0127596492879093 0.0219052355736494 0.0142682503908873 0.0195680582895875 0.023645156621933 0.0617205388844013 0.0128568802028894 0.0177194582298398 0.016870454326272 0.0251795489341021 0.0152769016101956 0.0372161719948053 0.0531196020543575 0.0686891205608845 0.0264146137982607 0.0111133133992553 0.0100496773608029 0.00926757175475359 0.0128849759697914 0.0107969397678971 0.0127409044653177 0.00895427349023521 0.00707939460407943 0.0130581630393863 0.00995966715272516 0.00535606475314125 0.00704549197107554 0.00399606851860881 0.00540197878144681 0.00678607057780027 0.00556992474012077 0.00615750038996339 0.00788297709077597 0.0086936691775918 0.00874053416773677 0.00849419347941876 0.00838361876085401
0.00799254262819886 0.0148806399665773 0.0199862994253635 0.0194868316873908 0.0109231878072023 0.0120260765776038 0.0121631697751582 0.0132378381676972 0.0119864443317056 0.0133031197823584 0.0122660716064274 0.0138251700438559 0.0165274154394865 0.0358128987252712 0.124730297923088 0.0822418890893459 0.0286080481484532 0.0123319070786238 0.0193967899307609 0.0203066868707538 0.0196386810392141 0.036087242513895 0.037920068576932 0.0191238818690181 0.0172110782936215 0.0167843965813518 0.013205973058939 0.0141711136326194 0.011856755707413 0.0112185125239193 0.0052574744913727 0.00205435975803994 0.0685973903164268 0.185005933791399 0.00831647752784193 0.00320131752232555 0.00277250634389929 0.00289852779824287 0.00341012642602436 0.00691909799352288 0.0064967421349138 0.00498348227702081 0.00679092574864626 0.00886028250679374 0.0059150486253202 0.00829177564010024 0.0072051640599966
0.0206659261137247 0.0238707829266787 0.0146047498099506 0.0137026726268232 0.0170815739780664 0.0121706744655967 0.0129429258406162 0.0130842641927302 0.00608202407602221 0.0113116852939129 0.0128433167934418 0.0160264473408461 0.06657545119524 0.0617032028734684 0.132283878326416 0.0540810830891132 0.0523828662931919 0.0833060465753079 0.0204218864440918 0.011045565456152 0.0125555895268917 0.0173473436385393 0.025170967169106 0.0122674922458827 0.0219042913988233 0.0113758560270071 0.0179340176284313 0.0109020794741809 0.00977100161835551 0.017134103551507 0.0144844591617584 0.00318993334658444 0.283232469856739 0.498487228155136 0.431465303897858 0.0706191122531891 0.00311117055825889 0.0168088093400002 0.00650883617345244 0.00770520512014627 0.00805126572959125 0.0130306656472385 0.0087689227424562 0.00714568542316556 0.00677693961188197 0.00695078405551612 0.007443354325369
0.00808409759774804 0.0159616355784237 0.0114614050835371 0.012324892077595 0.0124099710024893 0.0136317994445562 0.0128095275722444 0.0126349492929876 0.0363267373293638 0.0133694415912032 0.033485796302557 0.0162586083635688 0.0579779155552387 0.0275537610054016 0.087285016477108 0.08245929479599 0.146032983064651 0.102376049757004 0.0559432961046696 0.0198915442451835 0.0165978644043207 0.0178258318454027 0.0180887531489134 0.0385029099881649 0.0213347984477878 0.0116384139284492 0.0195546619594097 0.0170259615406394 0.0143214765004814 0.00591541123576462 0.0107105041388422 0.0151147006079555 0.0277016502805054 0.154547142237425 0.297289374470711 0.0380528096109629 0.0501103769987822 0.00815735901705921 0.00755143100395799 0.00720559097826481 0.00616173734888434 0.00595623310655355 0.006034314353019 0.00675595398060977 0.00589808691293001 0.00912999329157174 0.00757536301389337
0.0114126392174512 0.0132291020825505 0.0154253074899316 0.0241303544491529 0.0241029936820269 0.0252799414098263 0.0136962565593421 0.0147038158029318 0.0122971024364233 0.0352501947432756 0.0205196419730783 0.0117205437272787 0.0203309543430805 0.0212499964982271 0.0404700122773647 0.0661944106221199 0.0654756650328636 0.140826272964478 0.0710059307515621 0.0148925414308906 0.0206471664831042 0.0114947456866503 0.0239266403019428 0.0178596138954163 0.0144503908231854 0.0123232435435057 0.016042192466557 0.012890262901783 0.0162922685150988 0.0147889112122357 0.012582556437701 0.0132239741273224 0.017733702249825 0.129002354294062 0.0370306480675936 0.0439612478017807 0.0174304762855172 0.0410888932645321 0.0408729799091816 0.0182067843154073 0.00743880569934845 0.0100401702336967 0.00921848434954882 0.00784431761130691 0.00910917855799198 0.00990130789577961 0.00604797997511923
0.0137857327237725 0.0136811817064881 0.0397423774003983 0.0154135538265109 0.0168628942221403 0.0169357478618622 0.024932773411274 0.024686186388135 0.0379827100783586 0.055140221118927 0.011659739445895 0.012199847958982 0.0174774035811424 0.0545903325080872 0.0476734232157469 0.0252397570759058 0.020651769451797 0.0281038951128721 0.0338747540488839 0.0260750219225883 0.0242521476000547 0.0124539093114436 0.019076089002192 0.0172809833660722 0.0151533901691437 0.017153475433588 0.0141353307291865 0.0189021689817309 0.0199445070698857 0.0130299512296915 0.0128095325082541 0.0128790261223912 0.0145715394988656 0.0134916281327605 0.0160592084750533 0.041084710881114 0.020697782561183 0.043238515406847 0.0428587906062603 0.0889289446175098 0.0163539073430002 0.00835908157750964 0.0107050714083016 0.0196846874430776 0.0180891444906592 0.0122871742583811 0.0106467457488179
0.0220966778695583 0.0387423615902662 0.0272331951186061 0.0423978641629219 0.0250189350917935 0.0533786781132221 0.0405922148376703 0.0488979324698448 0.0406031865626574 0.012115578725934 0.00975776398554444 0.0113762820139527 0.0113437215797603 0.0118046071380377 0.0168610733002424 0.0127705590799451 0.0154194477945566 0.0146622970700264 0.031333027780056 0.0209935007616878 0.0244693161919713 0.0130375681445003 0.0137364599853754 0.013331619463861 0.0201680198311806 0.0327677726745605 0.0197688073851168 0.0202892885543406 0.016073496453464 0.0137745579704642 0.0132463933899999 0.0130234206095338 0.0134239505976439 0.0156020045280457 0.0123049007728696 0.0201945139095187 0.0369865439832211 0.0425565917044878 0.0399147000163794 0.0520075608044863 0.0724313724786043 0.0131303862668574 0.0847840845584869 0.0770533882081509 0.00770508721470833 0.0079353298060596 0.00533675728365779
0.0630440458655357 0.0926865659654141 0.109968559443951 0.136897018551826 0.0328416865319014 0.024002542719245 0.0286861084401607 0.0694390282034874 0.0219215074554086 0.0127357937395573 0.0185507792979479 0.00611552691552788 0.0122194008901715 0.0347961436957121 0.0157580213621259 0.0166375769302249 0.0149770883843303 0.0146669612266123 0.0165548523887992 0.0228418558835983 0.0142691240645945 0.0150045663118362 0.0282152816653252 0.0247971437871456 0.0184040110558271 0.0351693995296955 0.0166186857968569 0.0155694667249918 0.0179307783022523 0.0142292799428105 0.0199641101062298 0.0155480863526464 0.121893136203289 0.0105791663751006 0.0123167516663671 0.0124190211296082 0.0163569706492126 0.0326358865946531 0.0167853906750679 0.0264397386461496 0.0369711585342884 0.0432458475232124 0.0939348630607128 0.0759124465286732 0.0119828294962645 0.0229574421420693 0.00802199654281139
0.450778996944427 0.152643889188766 0.199545192718506 0.0608993165194988 0.014556172862649 0.0135264933109283 0.0399332344532013 0.0298436690121889 0.0293856717646122 0.0142273100093007 0.00657757534645498 0.00665443590842187 0.0123580534011126 0.0136831882409751 0.0152558037079871 0.0150703999213874 0.0145456057973206 0.0149859215132892 0.0153748434968293 0.0113346179947257 0.0147703541442752 0.0171534275636077 0.0148000547662377 0.0279816333204508 0.0545554336160421 0.0187933959066868 0.0252797521650791 0.0366631023585796 0.0367419950664043 0.0375171467661858 0.0314624380320311 0.029128123819828 0.0623595796525478 0.0810825385153294 0.142341881990433 0.090478965640068 0.185852110385895 0.136003668606281 0.111818873882294 0.0894376486539841 0.131693285703659 0.184865117073059 0.173792535066605 0.223171186447144 0.14780604839325 0.102937583625317 0.168201732635498
0.172016194462776 0.245837137103081 0.221464514732361 0.0398890893906355 0.0492263481020927 0.0407588373869658 0.11609345972538 0.0916363812983036 0.162399511039257 0.0620508387684822 0.0232479633763433 0.0221407609060407 0.0135050559416413 0.0143269418738782 0.0150888100266457 0.0129467464983463 0.0134848238900304 0.0272928103804588 0.0603992484509945 0.0459254678338766 0.0262186504900455 0.0365392088890076 0.0350218020379543 0.05384556427598 0.0161711394786835 0.139619148522615 0.0511862974613905 0.0226985719054937 0.0271641325205564 0.0468105789273977 0.050168426707387 0.0414708089083433 0.0638068921864033 0.0985727250576019 0.101223561167717 0.224291530251503 0.188533368706703 0.204718935489655 0.127683994174004 0.15204181522131 0.187969985604286 0.183665478229523 0.11226669549942 0.150874425470829 0.217699018120766 0.142991650104523 0.499948638677597
0.163908180594444 0.167248418927193 0.257659992575645 0.237088033556938 0.0527892477810383 0.0152249027043581 0.0116481479257345 0.0137566287070513 0.0191429642960429 0.023461689427495 0.0171742996200919 0.0255549559369683 0.0140793519094586 0.014447034150362 0.0104385105893016 0.0168181624263525 0.0137236230075359 0.0201105741783977 0.0243936853483319 0.0205062169581652 0.0563437081873417 0.256974530220032 0.172052842378616 0.0991571813821793 0.0854720190167427 0.0151608280837536 0.0161075916141272 0.0876261666417122 0.107068648934364 0.115313003957272 0.119576518237591 0.0823176167905331 0.0375836629420519 0.086267713457346 0.181204947829247 0.207386490702629 0.191268639266491 0.240837231278419 0.244419330358505 0.160754087567329 0.247303876280785 0.239689311385155 0.233368736505508 0.223483151197433 0.214859396219254 0.210231453180313 0.203451159596443
0.249209329485893 0.156873846054077 0.108749568462372 0.112841157615185 0.0686560235917568 0.0191258519887924 0.0099542211741209 0.018079474940896 0.0163490604609251 0.0141226457431912 0.0130272043868899 0.0125168347731233 0.0150355279445648 0.0273053368553519 0.101188392937183 0.0394082244485617 0.01498151589185 0.0134828211739659 0.0441810578107834 0.137863643467426 0.211594387888908 0.2623245626688 0.171300709247589 0.148208151757717 0.0921923100948334 0.0287302769720554 0.0506997082382441 0.0458376176655293 0.0443767320364714 0.144702105224133 0.129829184710979 0.110455040633678 0.0528131917119026 0.395469588041306 0.118278610706329 0.157413646578789 0.243524569272995 0.240971711277962 0.24005586206913 0.224926728010178 0.241851571202278 0.178541728854179 0.240732789039612 0.233656531572342 0.220637956261635 0.142763423919678 0.126443688571453
0.104361867904663 0.0721658743917942 0.026017352938652 0.0310384653508663 0.0237082738429308 0.0180432030931115 0.0280785087496042 0.0508450135588646 0.0588988393545151 0.0201500790193677 0.0251672204583883 0.025121303088963 0.0133235022425652 0.0143732049502432 0.0140518330037594 0.0147476425394416 0.0171159371733665 0.0140142364427447 0.0589748896658421 0.0636636719107628 0.199541562795639 0.262630382180214 0.184438827633858 0.0153622699901462 0.0296200543642044 0.0620840482413769 0.126089076697826 0.052341203391552 0.056518330425024 0.082937827706337 0.169661378860474 0.124669529497623 0.232939794659615 0.47282287478447 0.223375725746155 0.243159621953964 0.241812804341316 0.239747309684753 0.204672449827194 0.243443882465363 0.183568492531776 0.240922310948372 0.239289623498917 0.227446734905243 0.212203344702721 0.0927039921283722 0.163194382190704
0.0214460283517838 0.0430767275393009 0.049535396695137 0.041222270950675 0.207383817434311 0.201582452654839 0.0143790369853377 0.0187380466610193 0.0328449975699186 0.0678357534110546 0.0169463926926255 0.0150403793901205 0.0241356063634157 0.0113394713029265 0.0267503551207483 0.0133464019745588 0.0239331027492881 0.0208970649167895 0.0142857763916254 0.0147386886179447 0.0411864433437586 0.0480939298868179 0.0315064612776041 0.0554218858480453 0.207350522279739 0.0350760813802481 0.0565478764474392 0.127132004499435 0.209747219085693 0.135799247026443 0.162999072670937 0.195280766487122 0.213906270265579 0.0810057565569878 0.164840963482857 0.173237991333008 0.173548540472984 0.188682056963444 0.169367754459381 0.262380647659302 0.247294369339943 0.235348466038704 0.230812901258469 0.154330609738827 0.214823439717293 0.175839146971703 0.218293964862823
0.0337196487933397 0.0360258895903826 0.0217684604227543 0.0187640437856317 0.0187272015959024 0.0407601274549961 0.0644372932612896 0.147724871337414 0.106631182134151 0.125060936808586 0.0257208917289972 0.0172835685312748 0.0213689180091023 0.0184701733291149 0.0158961213193834 0.0142316117882729 0.0233192596584558 0.01397061701864 0.0258016375824809 0.0154319474473596 0.0166750552132726 0.0426374558359385 0.0455901879817247 0.143118126690388 0.208172512054443 0.099544295668602 0.118381728231907 0.115260072052479 0.24003030359745 0.231375789642334 0.235207915306091 0.231806939840317 0.24380344748497 0.248580971360207 0.166635736823082 0.166675761342049 0.18755167722702 0.259319716691971 0.258360227942467 0.258901822566986 0.254885512590408 0.235870683193207 0.220462781190872 0.208289983868599 0.210445547103882 0.192097008228302 0.10369274020195
0.130967283248901 0.103552211821079 0.0354920592159033 0.0547841355204582 0.0262737020850182 0.0234601758420467 0.0194645065814257 0.0205541564151645 0.0724743813276291 0.0572278380393982 0.0273558579385281 0.017300464399159 0.0181566613726318 0.0181988321244717 0.0214989481493831 0.0147280042991042 0.0154974084347486 0.0322274927049875 0.0144618149846792 0.0151553275063634 0.017019379325211 0.0251218620687723 0.041804938018322 0.212250426411629 0.185061284899712 0.137955643236637 0.109585516154766 0.152691134810448 0.234819906949997 0.23496108353138 0.231853219866753 0.167347836494446 0.243130269646645 0.246670052409172 0.240788704156876 0.235191762447357 0.171387764811516 0.246375015377998 0.143616300821304 0.251540324091911 0.238239499926567 0.234773764014244 0.219848012924194 0.202413019537926 0.207955431938171 0.216172713041306 0.144449770450592
