Scripts_&_data/Maxent_result_files_1/Bombus_mlokosievitzii_2.asc
NCOLS 594 
NROWS 330 
XLLCORNER -15 
YLLCORNER 23 
CELLSIZE 0.166666666666667 
NODATA_value -9999 
[rows 300 to 319 of 330, columns 414 to 459 of 594]
5.09945144999691e-07 6.90407018666406e-07 8.99724569336513e-07 7.16239336640001e-07 5.79482034712697e-07 5.59188486004558e-07 1.33978072236474e-06 2.25538028981731e-06 4.38837796146174e-06 5.06185993529584e-06 5.34755625878347e-06 8.0386143645228e-05 0.000113752484958241 0.000455138759934925 8.65124863253186e-05 3.65532300065752e-05 3.2395141863617e-05 3.22490937662678e-05 2.14656587402828e-05 5.97846049608108e-06 6.98460302146486e-06 0.000129838681868932 7.84221360277115e-05 1.46716843147487e-05 3.91016099229091e-05 3.00139956664225e-05 1.56161750837214e-06 1.0828285252007e-06 1.39336175988269e-06 4.09416260595208e-05 0.000155720114685209 0.000116510711200135 0.000143859758168219 0.00013857913368156 0.000209100330721412 0.000113749403817565 0.000128584762205719 3.23510039493158e-05 0.000462179925307282 8.39850004922482e-05 6.50032199303041e-06 6.68160640202586e-06 7.19561862752016e-06 1.02610065653153e-05 8.61331538999366e-06 6.53971090969208e-06
1.56494675982444e-06 1.10799939765371e-06 1.92634846136741e-06 1.80632092501298e-06 6.910281626471e-07 8.9961942220107e-07 1.04687873156983e-06 5.24054700719034e-06 8.0646464681422e-06 1.06713262226776e-05 9.52130262774631e-06 2.64609815189942e-05 2.77559369635583e-05 2.11696235993486e-05 2.19747484521804e-05 2.53359056188174e-05 2.57566735484716e-05 1.89246091110817e-05 1.42600099081847e-05 1.00577897505616e-05 4.33545900136778e-05 7.95320478800932e-05 0.000537685432391299 1.66605789345908e-05 8.16509468222648e-05 5.27223784452246e-06 1.62337915545763e-06 1.72636816699878e-05 7.97851897349489e-07 4.21221017461448e-06 4.15155766368969e-06 2.23173155916356e-05 7.87919571942908e-07 1.68876056694245e-06 1.60429865605494e-06 2.18561441798215e-06 9.38459496495625e-06 1.75648726257194e-06 3.63426305192149e-06 4.40877496927783e-06 4.7483007577398e-06 3.60572485078592e-05 6.50448542103277e-06 7.54043380766234e-05 7.41045132883755e-06 6.24529126014295e-06
2.7488868539649e-06 6.20181219375127e-06 2.26583334708153e-06 1.61273355150371e-06 1.88335009099205e-06 1.99673788632282e-06 1.86653181124541e-06 3.50108728870424e-06 7.11773082784362e-06 5.81242717281327e-06 6.74760083470005e-06 2.4794118823479e-05 1.17387009517245e-05 6.81914074611711e-06 9.50272394533158e-06 5.04867012978139e-06 1.3016179002534e-05 1.86202375857647e-05 0.000238445436662005 0.0003468280852303 1.08275434691052e-05 2.83282786426753e-05 0.000775387474459421 9.19701089060254e-05 6.84315989261108e-06 2.09820176744202e-06 1.41719984130262e-06 1.02958507011142e-06 9.83385749719901e-07 1.38773498643552e-06 8.30819497821267e-07 1.54273650267101e-05 2.34000679917301e-06 1.2656733678007e-06 1.43293458441107e-06 1.80662918820573e-06 1.73574683204336e-06 1.85185644401287e-06 2.29581358741626e-06 2.49851251741262e-06 2.91536262970737e-06 9.59601406123056e-06 6.12740352323726e-06 4.81428288821917e-05 0.000133558185189031 4.96152386517679e-06
3.0534323233411e-06 2.8618334273034e-06 6.47069159498415e-06 3.25542376096166e-06 6.62042795198658e-06 3.80984234951143e-06 1.92324223206697e-05 5.80786618684215e-05 6.81859054232348e-06 8.72585792990321e-06 1.38716232356728e-05 3.23364459511311e-06 1.1558860389016e-05 5.37904621680241e-06 9.50700502855284e-07 1.08691212141743e-06 6.80084023230165e-07 7.97834944910036e-07 0.000120909228053279 0.000445251679957437 0.000584671088381583 0.000102926373097034 0.000106143181983498 4.01222729522033e-05 1.34359924260252e-05 3.57600301867933e-06 1.67200506440146e-06 1.22196950718134e-06 1.144670037867e-06 1.05223870718874e-06 1.09793919826906e-06 1.16565737826591e-06 6.96060774743046e-06 4.20253536105974e-05 1.26972613019305e-06 3.18693051308827e-06 1.53922811012563e-06 1.93194225515114e-06 2.24400611124054e-06 2.85615852995136e-06 1.26600162513313e-06 2.26050379499298e-06 1.13900109653287e-05 1.07606136964478e-05 6.10543967013655e-05 3.35794024266534e-06
1.13571716468641e-05 7.72852188646311e-06 6.252121444561e-06 3.77870569998606e-06 2.24022167634175e-06 6.83105165180109e-06 4.70507871970227e-06 6.27475458863103e-06 3.43746142661416e-06 2.42407330501848e-06 2.33604551862499e-06 1.4263107560808e-06 2.46656874685058e-06 4.86630461093984e-07 5.85632010730031e-07 2.91565281951289e-07 2.58085842430589e-07 5.73499046696568e-07 5.48337209700378e-06 4.35693796532632e-05 8.18332425524204e-05 4.49131419600235e-05 0.000389876731105687 8.64222723521379e-05 2.84810260922086e-05 7.05404724961056e-06 2.19942056647326e-06 1.06526083141212e-06 1.14029827051887e-06 1.29264851835842e-06 1.39475350646734e-06 1.32684364677615e-06 1.30690926698485e-06 1.30131090783081e-06 1.44727051516469e-06 1.49923106360639e-06 1.63977804628068e-06 1.89728302739667e-06 1.34099879112171e-05 1.6687196649201e-05 2.07861372345519e-05 2.36975175598175e-06 3.71824318285974e-06 9.63494230745709e-06 8.21136105457754e-06 3.48917640167201e-05
7.10156661227757e-06 5.44014715693208e-06 6.00119079408046e-06 6.60032181833969e-06 8.97616974810944e-06 8.08879275950858e-06 1.45891280524779e-05 8.02498884304725e-06 8.70244011537125e-06 2.65408659867461e-06 5.21767056382849e-07 4.20840923043286e-07 -9999 -9999 -9999 -9999 -9999 4.81540746477549e-07 3.78551310120656e-07 1.78640221150772e-05 7.14193577522337e-06 0.00016733407396714 0.00198661074464326 0.000226107136950304 3.65428271720702e-05 1.05975183728901e-05 2.55757811791213e-06 1.87899903729694e-06 1.52306801601831e-06 1.65942298742117e-06 9.07368149682952e-06 1.53594817517977e-06 1.69079046119514e-06 1.98104540078958e-06 2.05314508381349e-06 2.1547143164824e-06 2.32306953344974e-06 2.53880636300607e-06 2.71199465755601e-06 1.61855911457565e-05 2.22896619007429e-05 2.67315941073321e-05 0.000161888831735268 2.18110314222031e-05 1.1898940977062e-05 6.64443878832799e-06
3.61635989545306e-06 7.12247807292954e-06 1.19800637129686e-05 6.86067924355882e-06 1.8763253224563e-05 8.27792933399962e-06 1.99257748745296e-06 7.4932195910371e-07 4.45843405172397e-07 2.56014301669438e-06 -9999 2.3974608154731e-06 6.09253614536343e-07 -9999 -9999 -9999 -9999 -9999 5.09908415802229e-07 3.82673540555434e-07 1.74372069281503e-06 6.14746306837333e-05 0.00235000338143436 0.000570990890264511 0.000308879803378659 0.000106038409012399 0.000114981799879388 1.46495615041431e-05 7.43178939472955e-06 4.0308245650067e-05 3.68666147689822e-06 1.63004010872214e-05 2.45658319244058e-05 5.26682978943427e-05 5.76080216170283e-06 4.24479969325375e-06 4.22368014731944e-06 4.66979398616729e-06 3.67332237487972e-05 3.69835702031196e-05 0.000186324602373134 8.46648073093092e-05 2.70719204877423e-05 1.95224512651748e-05 1.60862861378064e-05 1.52370920545764e-05
8.0534871585769e-06 3.80430617212824e-06 1.04745677935725e-06 7.414542292139e-07 6.31516053362091e-07 9.42726696306906e-07 1.05545762636439e-06 -9999 -9999 4.71655046965225e-06 2.49457250034446e-07 1.81885666137305e-06 -9999 -9999 -9999 -9999 -9999 -9999 1.90382865241645e-06 7.50130198579058e-07 2.20410180995501e-06 8.72241736260548e-05 0.0016808602027595 4.45695600319596e-05 1.38172058427699e-05 6.59734922919597e-05 0.000326474813118693 0.000202933453329024 0.000414061051196768 0.000571884356759256 0.000128742026959117 0.000129206145197713 3.97980679167631e-05 0.000540974129489769 0.000144221321784244 0.000340707006171215 0.000333094711731974 4.13641474892756e-05 0.000177186687596986 0.000138605457050289 0.000884705796488561 0.000521452418979607 1.64007071987271e-05 1.11178418961799e-05 9.78116673593377e-06 1.22428490413995e-05
-9999 -9999 -9999 2.3588803912844e-06 9.19190010950643e-07 1.04640096978414e-06 -9999 -9999 -9999 -9999 -9999 -9999 -9999 -9999 -9999 -9999 -9999 -9999 2.59917614755523e-06 5.43124446372723e-07 1.43293113321619e-06 1.05925912535554e-05 0.00054291403885145 1.14948379831503e-05 9.02917666536496e-06 7.08424918229866e-06 5.8512939268951e-06 3.36089422603436e-05 2.32125844775055e-05 6.1101833568955e-05 0.00023358125863524 3.09239477019219e-05 0.00013389864338933 0.000113317165300941 2.94643907693626e-05 0.000224328370859439 0.000781224469756125 0.000199097211043409 3.45158720392646e-05 4.52931117251865e-05 0.000181266123490786 1.62132852324248e-05 1.58604095588544e-05 2.74368828172555e-05 1.25727696939748e-05 1.8763199904015e-05
-9999 -9999 -9999 -9999 -9999 -9999 -9999 -9999 -9999 -9999 -9999 -9999 -9999 -9999 -9999 -9999 -9999 -9999 1.49297900264855e-06 1.71956861005906e-07 9.45203818591978e-07 7.05299168544116e-06 8.32422223311369e-05 5.12272446364648e-06 4.35167576995354e-06 1.10774997523322e-05 5.84179966551801e-06 3.95538878308344e-06 4.4031019690749e-06 3.84802936448381e-06 4.4203874754345e-06 5.5603163993112e-06 5.90991492508408e-06 7.57446673631534e-06 9.86105354598976e-06 7.37860741082841e-05 4.55205701769046e-05 3.42363904110243e-05 1.28591001498535e-05 0.00014239015313251 0.000119243126437141 1.20185414317575e-05 3.89569805960832e-06 4.79574616463196e-06 3.57504982382295e-06 3.37436548996095e-06
-9999 -9999 -9999 -9999 -9999 -9999 -9999 -9999 -9999 -9999 -9999 -9999 -9999 -9999 -9999 -9999 -9999 -9999 -9999 4.48861589319449e-07 3.12278086389561e-07 4.49294430033831e-06 1.41176559846912e-06 2.24449951300443e-06 1.77720658740554e-06 3.95054607977841e-06 2.53550590887386e-06 3.6944022429708e-06 3.53324133204325e-06 2.83872550923547e-06 2.37497537778353e-06 2.58567999686932e-06 3.74431166836331e-06 4.295643118013e-06 4.8419897268559e-06 5.84455967143072e-06 6.12574034128954e-06 7.73025792142335e-06 6.34572954076873e-06 5.70894002258626e-06 4.57757727332364e-05 5.8439212615724e-06 5.35592401398333e-06 3.32560773390611e-06 1.73384805268739e-06 1.44071850289862e-06
-9999 -9999 -9999 -9999 -9999 -9999 -9999 -9999 -9999 -9999 -9999 -9999 -9999 5.53862619270262e-06 -9999 -9999 -9999 -9999 -9999 6.72636359588807e-07 1.57641345688297e-07 3.96991623863308e-07 3.09935400188976e-07 3.09537426734785e-07 1.57638516071756e-06 3.13333921226899e-06 2.17115310441329e-06 1.13604563676262e-06 1.58348998304803e-06 1.3846747490831e-06 1.42737617014888e-06 1.69374872083239e-06 2.08659911624665e-06 2.28042243248794e-06 3.19993395390128e-06 4.39046132818532e-06 4.45576666248115e-06 3.63231133881925e-06 3.3115706218112e-06 2.72735908701804e-06 2.24220959061938e-06 1.86569139142279e-06 1.83907188091581e-06 1.63261890948618e-06 1.24012636320003e-06 9.90586600346788e-07
-9999 -9999 -9999 -9999 -9999 -9999 -9999 -9999 -9999 -9999 -9999 -9999 4.57664982533856e-06 1.00515944161828e-05 -9999 -9999 -9999 -9999 -9999 -9999 8.71120458656449e-08 1.55427880854653e-07 2.00548888773522e-07 1.94586548551978e-07 1.33187781181654e-07 3.24751438451898e-07 3.0371916683869e-07 4.70889510317818e-07 6.22677501493918e-07 6.76861677550988e-07 8.24439107871555e-07 1.039187106322e-06 1.14959432204742e-06 1.38319786344709e-06 1.87721359257154e-06 2.14840504826341e-06 2.40019081765297e-06 2.00178660900718e-06 1.81682197224475e-06 1.85912069907701e-06 1.60285940102867e-06 1.30398502733442e-06 9.29925062198578e-07 8.51983630978381e-07 7.4426071181577e-07 7.31957102173553e-07
-9999 -9999 -9999 -9999 -9999 -9999 -9999 -9999 -9999 -9999 -9999 4.25800668892862e-06 5.22162874316834e-07 2.27525878528922e-06 -9999 -9999 -9999 -9999 -9999 -9999 -9999 -9999 4.40736021012356e-07 5.042395344379e-07 9.1070580687802e-08 1.06397416088644e-07 1.01482868075653e-07 1.30985548885132e-07 1.87087526193341e-07 3.1508994864371e-07 4.29248882460875e-07 5.15338613116256e-07 6.06835334671096e-07 8.06697403676893e-07 1.00154396349694e-06 1.13559973247135e-06 1.05478896674782e-06 1.06163470721121e-06 7.45602504625964e-07 8.00787654053892e-07 7.0101843827608e-07 4.96492968449225e-07 5.06960553980917e-07 4.45216819255911e-07 2.85396902075519e-06 5.56203590074134e-07
-9999 -9999 -9999 -9999 -9999 -9999 -9999 -9999 -9999 -9999 6.60719849365776e-07 3.23420821679576e-06 1.50394763425155e-06 6.7184547312138e-06 -9999 -9999 -9999 -9999 -9999 -9999 -9999 -9999 -9999 -9999 -9999 -9999 -9999 -9999 4.87814655514285e-07 3.27985706727318e-07 1.24092425490829e-07 4.07526630974431e-07 2.83163071546078e-07 2.17486915565779e-07 2.60332920365425e-07 2.1954408924163e-07 1.25534799462201e-06 1.81814091004817e-07 1.47720736909385e-07 1.2421646179428e-07 1.51035539108779e-07 2.22175962882876e-07 2.19389252220648e-07 3.13010654162671e-07 2.93646445703732e-07 2.20611973045237e-07
-9999 -9999 -9999 -9999 -9999 -9999 -9999 -9999 -9999 3.917551112953e-07 6.12763701535179e-07 1.0094187982812e-06 3.25570897103944e-05 6.45198491504573e-06 -9999 -9999 -9999 -9999 -9999 -9999 -9999 -9999 -9999 -9999 -9999 -9999 -9999 -9999 -9999 -9999 -9999 -9999 -9999 5.85984833634257e-07 1.04467405837028e-07 2.26400037739438e-07 1.9217234195068e-07 2.22340901867568e-07 1.07679894012502e-07 3.92943906746268e-07 4.81262115825665e-08 8.11895892627312e-08 1.33758958720254e-07 1.49971353935463e-07 1.55241320731747e-07 9.44432014593488e-08
-9999 -9999 -9999 -9999 -9999 -9999 -9999 -9999 2.50664226015829e-06 2.62582895542707e-06 1.17287368759378e-06 1.40081671400338e-06 1.11510531127124e-05 3.35712921142317e-06 -9999 -9999 -9999 -9999 -9999 -9999 -9999 -9999 -9999 -9999 -9999 -9999 -9999 -9999 -9999 -9999 -9999 -9999 -9999 -9999 -9999 -9999 -9999 -9999 -9999 -9999 -9999 2.44354779255218e-07 1.05296325281223e-07 4.68850805845911e-08 3.2451565601388e-08 1.94011457455012e-08
-9999 -9999 -9999 -9999 -9999 -9999 -9999 1.88132881797642e-06 2.37501828093123e-07 5.82823140504729e-07 1.41294147133486e-06 1.61732341168452e-06 0.000103529485261333 2.99059656718725e-06 -9999 -9999 -9999 -9999 -9999 -9999 -9999 -9999 -9999 -9999 -9999 -9999 -9999 -9999 -9999 -9999 -9999 -9999 -9999 -9999 -9999 -9999 -9999 -9999 -9999 -9999 -9999 -9999 -9999 -9999 -9999 -9999
-9999 -9999 -9999 -9999 -9999 1.38459537168956e-06 2.69876064762364e-07 2.12393663057142e-07 4.70835157295735e-07 8.6031933017594e-07 1.44094591569832e-06 1.42555842842285e-05 3.2059784027183e-05 8.03120592518525e-07 -9999 -9999 -9999 -9999 -9999 -9999 -9999 -9999 -9999 -9999 -9999 -9999 -9999 -9999 -9999 -9999 -9999 -9999 -9999 -9999 -9999 -9999 -9999 -9999 -9999 -9999 -9999 -9999 -9999 -9999 -9999 -9999
-9999 -9999 -9999 -9999 3.85028791360931e-07 1.56039420307064e-07 2.67400110343097e-07 4.0965262135817e-07 7.00528265751288e-07 1.02023511880933e-06 1.39991150014396e-06 2.94243491396173e-05 8.15576673744545e-05 1.25479123113337e-05 1.03588364659402e-06 -9999 -9999 -9999 -9999 -9999 -9999 -9999 -9999 -9999 -9999 -9999 -9999 -9999 -9999 -9999 -9999 -9999 -9999 -9999 -9999 -9999 -9999 -9999 -9999 -9999 -9999 -9999 -9999 -9999 -9999 -9999
