Scripts_&_data/Maxent_result_files_1/Bombus_patagiatus_3.asc
NCOLS 594 
NROWS 330 
XLLCORNER -15 
YLLCORNER 23 
CELLSIZE 0.166666666666667 
NODATA_value -9999 
[rows 40 to 59 of 330, columns 540 to 584 of 594]
4.16222611931971e-13 7.4273920347423e-15 8.13582534675561e-12 3.80344333805738e-10 -9999 -9999 -9999 -9999 -9999 -9999 -9999 -9999 -9999 -9999 -9999 -9999 -9999 -9999 -9999 1.62427737926407e-11 1.48519974096928e-11 6.73441968856991e-11 8.24340595784179e-13 2.64721577991622e-12 1.28340671423643e-12 2.22044604925031e-17 0 8.12683254025615e-15 4.79708717193716e-11 4.66991889602753e-11 4.22935575450367e-11 5.68530778011223e-12 4.33429958590637e-12 3.80220410711729e-11 3.59275720285268e-11 3.27027849245098e-11 3.05896974417408e-11 2.75377054492765e-11 3.11612513570481e-11 3.79480225021212e-11 2.70994782169964e-11 2.57592724928202e-11 1.77589609684503e-11 1.11398219537762e-09 -9999
5.08982811453507e-10 2.40749828750442e-07 3.5617937488297e-10 2.81229828313911e-10 2.57339083375996e-10 2.19745310836572e-10 1.48371548380766e-10 1.21513166195797e-10 1.05775388448137e-12 7.28717086673214e-13 8.33628721608193e-12 1.89762761060308e-11 5.02093810972326e-11 4.54338566768797e-11 3.89056453720116e-11 1.13468380247284e-09 1.70263259047232e-10 -9999 -9999 -9999 1.11022302462516e-17 4.36076952325948e-11 6.22030538188767e-11 6.415402653559e-11 7.10630887468255e-11 4.22547552503261e-12 1.28622668071898e-12 5.55925638856536e-11 4.47419989946241e-11 5.6188964592252e-11 1.6440260264261e-11 1.65431113252623e-11 1.90131910215996e-11 4.52672677120347e-11 3.66908725624171e-11 3.54704932092886e-11 3.33365779425776e-11 3.39269057292313e-11 3.45776407506548e-11 3.4416425265249e-11 3.20888204896619e-11 3.29187566094902e-11 1.77342251994617e-11 7.68982655330319e-12 -9999
5.34000943464008e-10 4.33510316533159e-10 3.28001958926905e-10 2.20441809251071e-10 1.87475823754113e-10 1.56962554065387e-10 1.27518506864988e-10 8.81021477994182e-11 8.65695515273046e-11 7.78004660695331e-11 6.46016351524281e-11 6.35866470588553e-11 4.7869042063553e-11 3.58079899065444e-11 3.11254022555829e-11 3.28189586618066e-11 3.1148084111976e-11 3.68443942022623e-11 1.4910725676387e-08 1.06789203480062e-08 6.39765029841754e-10 9.34885502346106e-13 6.1917138083345e-14 3.02868841117743e-14 2.27210472658612e-12 8.40830627346634e-11 8.05222111210924e-11 8.03932143078612e-11 1.69858904719433e-11 2.70009681280214e-11 3.84756115856533e-11 5.5035920265567e-11 5.74952641052562e-11 5.09789210845213e-11 4.56567450513035e-11 4.29869695395269e-11 4.52867743305774e-11 4.17464285362712e-11 3.77213371649532e-11 3.65081520570243e-11 3.75867781343686e-11 3.83608367293675e-11 3.91078169847958e-11 1.18708087804009e-10 3.22408766351145e-14
4.30145319363362e-10 3.25641325016335e-10 2.53882181944221e-10 2.01816585665426e-10 1.00253139123652e-14 3.5527136788005e-16 9.55239332078861e-11 8.02720223624931e-11 6.51220521952212e-11 5.06884423323584e-11 5.98213145686088e-11 4.85006479422623e-11 3.156124250836e-11 3.05790281984741e-11 3.0977753695538e-11 1.10932485419823e-11 9.90706405801234e-12 3.89716037219046e-11 4.38038161298948e-11 4.88428075762215e-11 5.32322630419912e-11 5.14059572687131e-11 5.39977618174703e-11 5.98604610324571e-11 7.29408422550648e-11 8.40720826289498e-11 9.69218039159614e-11 5.95221982813143e-11 8.96654750448533e-11 7.81578246566994e-11 6.68703314943286e-11 5.8835447624972e-11 5.90594684268808e-11 5.9518123762814e-11 5.53142309733801e-11 5.33578514705368e-11 4.7954384907456e-11 4.61265026174829e-11 4.64940752564758e-11 4.59417615061852e-11 4.65206095867643e-11 4.64783878051378e-11 4.36244373958061e-11 4.17227696836164e-11 -9999
3.81388076675648e-10 2.70446154360116e-10 2.04801064995763e-10 1.56732915534974e-10 1.24363097597779e-10 8.35860047843084e-11 6.5968064344446e-11 5.60564816787235e-11 5.5292947997998e-11 4.61635840665053e-11 3.36469851980326e-11 3.50479090194256e-11 3.12158965343201e-11 2.97462499077028e-11 2.8888247349812e-11 3.24445248445215e-11 3.5620373317613e-11 3.3039304625504e-11 4.08082123648512e-11 3.69144381728859e-11 3.86630949478217e-11 5.14857934064139e-11 5.81335646288039e-11 6.04267968995487e-11 7.42076067261621e-11 7.90134957462385e-11 8.79478379012255e-11 9.95800775172029e-11 8.95362117780962e-11 8.41509306681587e-11 7.65392527135589e-11 7.05747904561349e-11 6.78753164784496e-11 6.4887739625874e-11 6.51120934946903e-11 6.48917919399139e-11 6.04335470555384e-11 5.82899062351316e-11 5.33842525740624e-11 4.63058258404203e-11 6.06129368918573e-11 8.67973026785762e-11 1.63604430003517e-10 9.1185992090459e-11 9.79419101376777e-11
2.70593458751023e-10 2.20488927116236e-10 1.78628922764545e-10 1.2863176079847e-10 9.3298357928262e-11 6.95769331038321e-11 5.3576520997467e-11 3.91089827189717e-11 3.7288694354487e-11 3.61148555505508e-11 2.93895019432e-11 2.78169820511209e-11 2.42567299579832e-11 2.48519538281755e-11 2.27385554829596e-11 2.5979640660978e-11 2.60503285609559e-11 2.37984965067994e-11 3.01747404840569e-11 3.31649818718915e-11 4.03997502118614e-11 4.12785472470034e-11 5.35235855636529e-11 5.77070835561244e-11 6.64262422844786e-11 7.99393218287037e-11 1.00422958837498e-10 1.1170957492368e-10 1.10891784643741e-10 9.8474284282446e-11 1.00698471783289e-10 1.02354313913366e-10 9.26878018780997e-11 9.52640077933609e-11 7.45695949433411e-11 6.12732864446741e-11 6.8097649741361e-11 2.63709121206546e-10 6.5118166414635e-11 6.4986160897007e-11 2.55108434377149e-10 1.85920578932297e-10 1.52800772035278e-10 1.22157617354901e-10 1.28774380048213e-10
2.16309514744495e-10 1.86478577024474e-10 1.40535560966271e-10 1.07327602361096e-10 9.08240704866614e-11 6.61985133376675e-11 4.62556104530165e-11 3.51373041773684e-11 3.39204997423792e-11 2.62102339831927e-11 2.11034079100614e-11 8.70966632149361e-12 1.69992131482388e-11 1.91389126769081e-11 2.19178231120054e-11 2.09203099288402e-11 2.66382249591857e-11 2.58507326655888e-11 3.22546434006199e-11 3.79439479836208e-11 4.62388460853447e-11 5.23200371915777e-11 6.13245010328001e-11 6.65007382494309e-11 7.36953498226001e-11 8.43703773512061e-11 1.11599085528269e-10 1.44012368696878e-10 1.286169060144e-10 1.25082710855651e-10 1.12784914740871e-10 1.02764985410175e-10 7.92397925053478e-11 8.37943714415701e-11 1.01161812260386e-10 7.55744133940084e-11 3.37886429946366e-10 2.1683499440428e-10 1.77345260699013e-10 1.90482918327461e-10 1.82604109610907e-10 2.3646899993679e-10 1.9385247851389e-10 2.29736607515463e-10 1.33202238128405e-10
2.06122208190607e-10 1.62602165065806e-10 1.21649212925234e-10 3.72157860084599e-12 6.7042482676527e-11 5.20721799013302e-11 3.54935192348194e-11 2.94838153891419e-11 2.56456411662498e-11 2.36727193403397e-11 1.62740931841654e-11 1.36609279444144e-11 1.30439326007092e-11 1.23917542893537e-11 1.44335543517116e-11 1.37522770948806e-11 1.61994306857594e-11 1.65306324184655e-11 2.40558795105983e-11 3.41721428931407e-11 4.28461488510834e-11 4.33497016061324e-11 5.66960700609798e-11 6.13583739372814e-11 7.94049603847213e-11 2.37601849306657e-10 1.38517042280739e-10 1.53582913053896e-10 1.31831801031268e-10 1.15316911575292e-10 1.04665442979268e-10 1.00870967134625e-10 8.87593332166148e-11 9.71857261333753e-11 9.27961374408426e-11 9.18546128048092e-11 2.49873877145035e-10 2.62080301904888e-10 3.60609442306981e-10 3.8586599471202e-10 4.3573125108054e-10 3.20219117888598e-10 2.6510832418225e-10 1.84186821350352e-10 9.61137169852577e-11
3.13969206189313e-10 1.96799321283692e-10 1.6388096435449e-10 1.22088061882408e-10 6.69139743614267e-11 5.11951259163368e-11 3.37355920976279e-11 2.994494652242e-11 2.08610018148647e-11 1.72508785034609e-11 1.34103839144473e-11 1.16623599666354e-11 1.07621689338089e-11 9.51546619276655e-12 1.19609100401874e-11 1.35794708810977e-11 1.49043999364551e-11 1.73028813499343e-11 1.92696636425183e-11 2.77681877491887e-11 3.83800435876935e-11 4.31462865435606e-11 6.11774408909582e-11 8.44768144325769e-11 1.31614463771967e-10 1.218266376668e-10 1.38651279346647e-10 1.53161183735762e-10 1.46036194248467e-10 1.41216827120871e-10 1.23604382284981e-10 1.12568554477832e-10 1.05227038194045e-10 1.10156839205899e-10 1.14279596896694e-10 1.2406468075099e-10 1.18515763869453e-10 1.14780940307924e-10 1.19090692862756e-10 2.74024070101575e-10 4.74256989235755e-10 1.1044857251008e-10 1.16275100658925e-10 5.09055742003994e-10 2.35847963381275e-10
2.94520841048751e-10 2.25748464366404e-10 1.46745848805807e-10 1.20545728954369e-10 8.01898991653616e-11 4.51893522601665e-11 3.06709879716038e-11 2.56208609883402e-11 1.47068024425323e-11 1.1605216787558e-11 9.4242613712936e-12 8.3945628226445e-12 9.72667502097124e-12 1.15463527627924e-11 1.22729160167978e-11 1.47938772343537e-11 1.81123005482675e-11 2.52113441234769e-11 3.27810778522064e-11 3.98906685461498e-11 5.14925990735549e-11 6.20431594988702e-11 7.57109708260373e-11 1.02350572461773e-10 1.2278427163892e-10 1.43012079956151e-10 1.61365376616374e-10 1.40503642054313e-10 1.45040379706529e-10 1.45443723731375e-10 1.37076727746432e-10 1.31204580533506e-10 1.23891674697063e-10 1.36864308775131e-10 1.41312694879048e-10 1.3724748004762e-10 1.37609623696022e-10 1.42030265326554e-10 1.44291900650018e-10 1.29591093411818e-10 1.28176635971755e-10 1.19701948353423e-10 1.28645005759154e-10 1.23165488918886e-10 1.18622700551185e-10
2.87109092056426e-10 2.13576167862328e-10 1.35175182158775e-10 9.25302168219844e-11 6.71535049789895e-11 4.45289805028892e-11 2.7847957273508e-11 2.28075225372493e-11 1.48542955713538e-11 1.00941144332012e-11 9.27343757339827e-12 7.30416838123915e-12 6.74061917393942e-12 8.51707593341189e-12 1.00967345595393e-11 1.39189437753373e-11 2.09735673273315e-11 2.69839595112842e-11 3.71647712604783e-11 5.04438824044939e-11 6.61531496248813e-11 7.28169413655166e-11 9.70099112151956e-11 1.06424113965886e-10 1.23552168496133e-10 1.65124469653222e-10 1.92380844588058e-10 1.98912319948619e-10 1.71397995796241e-10 1.52140400278e-10 1.44685363689945e-10 1.48137724309549e-10 1.46195433536889e-10 1.43557754572754e-10 1.45765732817438e-10 1.45287659680804e-10 1.63662461361014e-10 1.77700210102216e-10 1.58005619699253e-10 1.46188960936655e-10 1.36849265253147e-10 1.21930121554925e-10 1.13666864809403e-10 1.02633723741974e-10 1.05067121669578e-10
2.57123466962383e-10 1.61671087628434e-10 1.15737752715006e-10 9.0859220147621e-11 9.0340290803681e-11 5.0345194679835e-11 3.24349769265098e-11 2.31702212971641e-11 1.19577014956462e-11 8.12795386551102e-12 6.27158325272603e-12 5.22327736618422e-12 4.37846425782595e-12 5.25612886548288e-12 7.9965034593954e-12 1.36268774042492e-11 1.99558924940391e-11 2.72151079450111e-11 3.69014374612675e-11 5.45508305194176e-11 7.67325758488369e-11 9.42207312171206e-11 1.07651798586517e-10 1.27733856825074e-10 1.38494382628807e-10 1.63809965592066e-10 2.1987506260146e-10 2.04977712581211e-10 1.99299587944068e-10 1.83871451397977e-10 1.83590864732963e-10 1.72409775345272e-10 1.54075530112152e-10 1.42785805401502e-10 1.48946521782989e-10 1.63550684106895e-10 1.60678792493485e-10 1.63484870085995e-10 1.55062407358741e-10 1.3141845389697e-10 1.12378106820188e-10 1.08229236683854e-10 1.18247089897494e-10 1.25947585694064e-10 1.34492683656617e-10
3.30537242021478e-10 2.12232953433755e-10 6.84648425841594e-08 -9999 -9999 -9999 7.84540963416625e-08 1.52860724078607e-11 9.60567181351735e-12 1.03393293926501e-11 5.87354609393742e-12 3.91560117662948e-12 4.37168079514549e-12 6.28505025801473e-12 9.58464418943095e-12 1.42771350297721e-11 2.08389527855957e-11 2.97681990168996e-11 4.269405939894e-11 6.61250720845885e-11 9.60390100779307e-11 1.20171217421472e-10 1.47486056700785e-10 1.63895441662731e-10 2.0132125966299e-10 2.26747653986337e-10 2.64476263112101e-10 2.66481348099035e-10 2.37601216479533e-10 2.12347550654357e-10 2.07291561693523e-10 2.03785066599238e-10 2.0325088279094e-10 2.08456241157506e-10 1.86131021706615e-10 1.87066528933855e-10 1.64419400316973e-10 1.58493362878431e-10 1.55327761763857e-10 1.48480450157251e-10 1.40573030993352e-10 1.44664091816793e-10 1.51314027974081e-10 1.67257874217341e-10 1.60128732495934e-10
-9999 -9999 -9999 -9999 -9999 -9999 -9999 -9999 -9999 -9999 -9999 1.19260157305234e-13 2.79525291801974e-12 7.0875194602138e-12 1.05182307308382e-11 1.74051550949628e-11 6.65667188037844e-11 4.72488936864579e-11 5.2098680924928e-11 9.18196074728428e-11 1.13247600186384e-10 1.24347876440112e-10 1.58347523981917e-10 1.78051995369799e-10 2.22229223911796e-10 2.49533194107698e-10 2.73283684570913e-10 2.58488064286411e-10 2.18136642082811e-10 2.13607420640471e-10 2.10819395274342e-10 2.18454188072315e-10 2.19608553564399e-10 2.1043790043862e-10 1.99189398308874e-10 1.91591886800069e-10 1.84947668291358e-10 1.87030746445771e-10 1.94065064018645e-10 2.10157125035693e-10 2.06112338307918e-10 1.90956783718832e-10 1.80946702066365e-10 1.8091493858563e-10 1.75202596874868e-10
-9999 -9999 -9999 -9999 2.77501708612071e-08 1.99173051051993e-08 1.40011484628388e-09 1.8024859382848e-11 9.97890658993583e-12 2.46685560867377e-10 -9999 -9999 -9999 -9999 -9999 1.00799557845033e-07 2.55982457453285e-11 5.47110579063315e-11 7.4019190776653e-11 9.5651020437515e-11 1.40547795624002e-10 1.60892787981481e-10 1.70384184539074e-10 1.8862398309949e-10 2.11374096004135e-10 2.58280430376345e-10 2.84374113146413e-10 2.96293833912387e-10 2.86674195493219e-10 2.88815693583189e-10 2.79555711912849e-10 2.60468113744139e-10 2.6530800889546e-10 2.68973232575576e-10 2.70333333496353e-10 2.63784061260708e-10 2.64465005450631e-10 2.68865929520246e-10 2.65247901420906e-10 2.09415462748552e-10 2.01203476102307e-10 1.99459559979687e-10 1.94583960055894e-10 1.78866654820808e-10 1.83032911049708e-10
4.48354675608442e-10 3.95986166079609e-10 1.49013834604972e-10 1.47388501403611e-10 1.14434861586687e-10 7.38382799347903e-11 4.69801308966566e-11 3.50205975330198e-11 2.47741716030703e-11 1.86846538241525e-11 -9999 -9999 -9999 -9999 -9999 -9999 2.54204390870427e-10 7.66931740336929e-11 9.7711538860068e-11 1.21421939169863e-10 1.57682999990527e-10 2.03109462582063e-10 2.37001174241414e-10 2.79626466426208e-10 3.42653294627127e-10 3.91875298877409e-10 3.90203180877791e-10 3.60144314370814e-10 3.84574172507257e-10 4.08215827807368e-10 3.83014508997803e-10 3.73165154332611e-10 3.62786445329277e-10 3.5103518980506e-10 3.29831151280047e-10 3.05179836956881e-10 2.97077440425397e-10 3.15921144800058e-10 2.75969624929928e-10 2.27271612640578e-10 2.19371520948641e-10 2.27797247731587e-10 2.24702667583898e-10 2.22119322934589e-10 2.17594708917801e-10
5.18776110958186e-10 3.84981690970676e-10 2.52982945703195e-10 1.57784829646346e-10 1.15866216621185e-10 8.72986127831155e-11 7.49273310063359e-11 5.33933786073248e-11 3.23230109344763e-11 2.592427383874e-11 1.8296586468125e-11 9.45900024973412e-12 -9999 -9999 -9999 -9999 -9999 3.15718200472048e-09 1.39566547208148e-10 1.81630699369606e-10 2.36402442066463e-10 2.66909661039705e-10 3.02090685799783e-10 3.57600993261542e-10 4.33338209759881e-10 5.54051504675357e-10 5.62103052992313e-10 5.13670728174986e-10 5.43071254632821e-10 5.3177112713243e-10 4.69234917588324e-10 4.37094083149958e-10 4.44941050670167e-10 4.13850587133169e-10 3.9194343326443e-10 3.95122023988392e-10 3.69376706998992e-10 3.6131994063382e-10 3.36611050144597e-10 3.13924364281348e-10 2.90162127658533e-10 2.73916012094588e-10 2.70431443905039e-10 2.54009713263059e-10 2.39525344003511e-10
6.15931039504858e-10 4.13728373782618e-10 2.78225420480283e-10 2.23850704639261e-10 1.84671100633693e-10 1.30066257764128e-10 8.83739859069976e-11 7.48517026138984e-11 5.23007193109493e-11 3.97690325115718e-11 3.25831694958367e-11 1.20069865161554e-10 4.44592584969428e-09 -9999 -9999 -9999 -9999 -9999 1.54072044011855e-10 2.41449382709646e-10 2.5160445948913e-10 2.84215062595905e-10 3.64035479538671e-10 5.20502752010543e-10 5.59353707796362e-10 6.14440731627752e-10 6.00979044307337e-10 6.02411753813925e-10 6.01593530547007e-10 5.18502929480746e-10 4.84032114389521e-10 4.9892497910875e-10 4.88163809375664e-10 4.75000461186426e-10 4.20841306247866e-10 4.08863987111374e-10 4.05507605272248e-10 3.91719423564751e-10 3.82581610836041e-10 3.72211372834386e-10 3.58516627496641e-10 3.46334405598725e-10 3.63052332641445e-10 3.41869399456129e-10 3.23372328914218e-10
7.27105009534768e-10 4.87576878871465e-10 3.6545649839681e-10 2.69536371000356e-10 2.30458152561397e-10 1.81526338405291e-10 1.51120216340672e-10 1.10947739884182e-10 8.17594880686556e-11 6.26754093069337e-11 5.56644730309586e-11 5.64512991907407e-11 1.66072711138554e-12 -9999 -9999 -9999 -9999 -9999 3.32988607798512e-09 3.01735036956075e-10 3.50283380079475e-10 4.01481314860064e-10 1.79720240911507e-09 6.3109003578532e-10 8.42747061025051e-10 7.11272141185049e-10 7.34873617513898e-10 7.19487980305189e-10 6.66033972418489e-10 6.33376473491154e-10 6.33096608471106e-10 6.25971807721726e-10 5.83716397439815e-10 5.54118750883958e-10 5.02210917296964e-10 4.96089935797528e-10 4.64581662029673e-10 4.50496917547838e-10 4.47118153612536e-10 4.53095361230282e-10 4.43039793740496e-10 4.59162052823814e-10 4.65877159072647e-10 4.4052289593921e-10 4.28225732651555e-10
8.42511616028219e-10 6.50265963297869e-10 5.97244598221636e-10 4.28431301546794e-10 3.55651941230661e-10 2.4030620826565e-10 2.15394013736159e-10 1.60013868821807e-10 1.1622485196483e-10 9.27087961954953e-11 8.72923733297171e-11 9.63068513826215e-11 9.41799860321169e-11 -9999 -9999 2.09237627224468e-11 4.78903028344746e-11 3.11550452103404e-11 1.37959643708996e-12 3.63789109947277e-11 4.51314463578711e-10 2.06625211385258e-09 1.32087705217998e-09 7.28327420596031e-10 8.01600008593084e-10 8.99252239339177e-10 8.34282098960415e-10 8.11747480344849e-10 7.98028410020635e-10 7.32474858544663e-10 7.23118864787153e-10 6.89956691779514e-10 6.99967961370618e-10 6.90001888958847e-10 5.84397796821179e-10 6.29537089125165e-10 6.08818595537741e-10 5.99022365044277e-10 5.91301330121752e-10 6.03028216250578e-10 5.92543103472565e-10 5.61721746894506e-10 5.1085308205856e-10 5.7559141897201e-10 5.44399259005956e-10
