Scripts_&_data/Maxent_result_files_1/Bombus_haematurus_2.asc
NCOLS 594 
NROWS 330 
XLLCORNER -15 
YLLCORNER 23 
CELLSIZE 0.166666666666667 
NODATA_value -9999 
[rows 180 to 199 of 330, columns 495 to 539 of 594]
6.30532260115224e-07 7.66485548275853e-07 8.88558732903277e-07 1.03139215468229e-06 1.07721481314993e-06 1.15093487034201e-06 1.11581104880187e-06 1.39237198633069e-06 1.52960298152038e-06 1.80807609626576e-06 1.6826871678699e-06 2.12360016562663e-06 2.32556982995291e-06 2.98219987628912e-06 4.24436565449327e-06 5.77306163549451e-06 7.76188027842295e-06 8.33232721646482e-06 8.47836686688197e-06 8.41653706871171e-06 9.61494908580107e-06 9.4117237033231e-06 9.55657648518127e-06 1.23876983650462e-05 2.11609530992973e-05 2.35351761290303e-05 2.44446084366245e-05 3.01847543369149e-05 1.78785133314818e-05 2.81579351238292e-05 2.70232791976355e-05 3.02075506397159e-05 1.68813459254125e-05 1.57675364206966e-05 8.38703629391091e-06 1.70189273451804e-06 5.86730040275096e-07 3.08107066016028e-07 3.80018324808162e-07 3.25175373419029e-06 1.04355759824593e-06 8.63357850711122e-07 5.61672992258622e-06 7.27700951408394e-06 3.37106452574787e-06
1.08463239687495e-06 1.92308527848795e-06 1.01728245325283e-06 1.00761806391958e-06 1.55204273433185e-06 1.58015455675731e-06 2.01245404669592e-06 2.14378017928674e-06 2.06842693506459e-06 1.93546303202119e-06 2.3876531667355e-06 3.08619211342176e-06 3.33985274352244e-06 3.9690361312239e-06 4.89591542915946e-06 6.64725634997865e-06 8.74991637616063e-06 9.43404052264896e-06 9.73383999038901e-06 1.08843882074439e-05 9.97560737943104e-06 1.19010493136784e-05 1.21459181229966e-05 1.12853441450511e-05 1.26590801471593e-05 1.36474383353402e-05 1.22047521855961e-05 1.50749849112231e-05 1.75918141124498e-05 2.7384818368148e-05 1.29791758823217e-05 1.16211623470974e-05 1.53812486665572e-05 1.84673862520413e-05 7.2855900093316e-06 6.36822242086055e-06 4.55393437110985e-06 1.54598022086283e-06 9.01029392985642e-07 5.69733952571205e-07 9.24344398889332e-07 2.81610138843647e-06 1.24974118229204e-05 1.05261033276349e-05 8.3897320592996e-06
2.07332014818817e-06 1.77787023591947e-06 1.89357586726224e-06 1.86886861737179e-06 1.94961416011274e-06 2.00924906210709e-06 2.62200436278448e-06 2.52062227357186e-06 2.39899915639441e-06 2.98702087402347e-06 3.63816906343573e-06 4.4935694182513e-06 5.63280842449387e-06 6.14249775949816e-06 6.47382952578823e-06 7.7207254499001e-06 8.49413274011113e-06 9.61049388124025e-06 1.11690027850386e-05 1.24774953107476e-05 1.05463536129946e-05 1.26242613177396e-05 1.49704218998181e-05 1.41098727311828e-05 1.4103323304937e-05 1.87076297152089e-05 1.99790665107003e-05 1.2290781466362e-05 1.7081604988789e-05 1.41998881368011e-05 6.68134750796412e-06 6.89289175106467e-06 7.22957286036774e-06 8.78495007867741e-06 3.08673283875294e-06 2.09601640106527e-06 1.70955843405984e-06 2.72292226659587e-06 1.68685624868381e-06 7.1406402707419e-07 1.19111688405837e-06 1.49852349968782e-06 5.06430116509193e-06 7.37666612273813e-06 6.42466053974999e-06
2.82795679709125e-06 2.68009921953194e-06 3.00791818199642e-06 3.01465606682427e-06 2.68919755317398e-06 2.9377061525615e-06 2.98476373288281e-06 3.73305940630786e-06 4.93041011537798e-06 5.36684012111266e-06 5.09191644368912e-06 5.42588828835733e-06 6.74123837782759e-06 7.82470443283501e-06 8.72660268385061e-06 8.31811574215635e-06 9.33481005702674e-06 1.06794030855895e-05 1.23798914671625e-05 1.07772308354015e-05 1.13027688527723e-05 1.29903359422201e-05 1.36921437871251e-05 1.68435183638849e-05 2.0301941941625e-05 1.75414592973766e-05 1.77759644117259e-05 1.17158163590148e-05 1.34826153228573e-05 9.66106809130451e-06 8.60892653271606e-06 8.3633048244991e-06 3.71101457314893e-06 4.6740839474424e-06 6.10181920563946e-06 6.0186085992342e-06 2.37871965893532e-06 4.52893756630601e-06 4.49918979814612e-06 4.82895558135965e-06 3.22232675138423e-06 7.81385650228117e-06 2.0165246590409e-05 4.29551122635985e-05 1.56932063120507e-05
4.82877708964935e-06 4.14002770749988e-06 3.95358106111132e-06 3.96668597986149e-06 4.13029923009844e-06 4.16152568547545e-06 3.62032914562604e-06 5.63479015678325e-06 6.13442261823138e-06 7.43862988343835e-06 7.65337715655789e-06 7.14549333054038e-06 8.40201983081101e-06 8.90859433866353e-06 9.44724392297758e-06 1.00408621960923e-05 1.05876250749759e-05 1.27723739552721e-05 1.3908377688665e-05 1.43550028482764e-05 1.42036788560063e-05 1.46114895855476e-05 1.43012953429889e-05 1.51178454530054e-05 1.32207199214918e-05 1.08632472091585e-05 9.76172131998965e-06 9.78884308011629e-06 1.47411029672639e-05 1.2687343577511e-05 2.59900051020168e-05 1.65436524781626e-05 5.51773428618674e-06 3.57985598409272e-06 5.47667107717587e-06 4.18791919081229e-06 2.83419534854445e-06 5.58540567574539e-06 4.7281688010159e-06 2.97977598497923e-06 4.569110958208e-06 1.03372549915548e-05 2.18541424970908e-05 1.9093251600566e-05 1.39870675653242e-05
7.22151027652274e-06 6.70720214372977e-06 6.89246581195846e-06 6.11568578960942e-06 6.57900720746341e-06 6.69615363300125e-06 6.81713294454767e-06 8.74300061290967e-06 9.80221772834966e-06 9.85399983193247e-06 9.34019829301747e-06 8.68213019025177e-06 9.74587766222612e-06 1.07949888544567e-05 1.09836552248055e-05 1.22009738888096e-05 1.29409585554185e-05 1.53874270864662e-05 1.83468937592579e-05 2.01015360545398e-05 1.81554189452982e-05 1.55698569912488e-05 1.2201107172416e-05 1.08054117475831e-05 1.08558993929364e-05 8.74712359717478e-06 1.15984368122213e-05 1.09633056197822e-05 1.10009811564282e-05 1.45930523203219e-05 3.04781664453913e-05 2.34748796827944e-05 7.52957134579901e-06 5.91653730914743e-06 5.37307800492215e-06 4.12978434933819e-06 6.1211549308382e-06 5.9910431048138e-06 5.90336077834763e-06 7.77505237863352e-06 7.57393367933901e-06 1.16954159999239e-05 1.55156223385688e-05 1.79432105099409e-05 1.34650415844817e-05
9.83017695830313e-06 8.04177874833556e-06 9.28722126118941e-06 8.25796425658609e-06 8.7661715927112e-06 9.60461850780803e-06 1.07892659379161e-05 1.32591589284914e-05 1.28485029676995e-05 1.53786529153876e-05 1.26645655591062e-05 1.12639166118811e-05 1.25778433869073e-05 1.50021014334811e-05 1.55874506702958e-05 1.97383989586797e-05 1.75988368525282e-05 1.80681171954689e-05 1.80516043286616e-05 1.71691943762653e-05 1.65969971419599e-05 1.55610854520205e-05 1.1877254272008e-05 1.14007943047056e-05 1.26372286118226e-05 1.2258796530773e-05 1.18930514574345e-05 1.00631765299397e-05 1.03242593262109e-05 1.24185772619967e-05 1.49862144297686e-05 1.38960931991505e-05 9.95353742965221e-06 9.29438381973568e-06 6.82976633399335e-06 6.79298991848043e-06 8.38032186294413e-06 9.18292975526924e-06 9.90166790515445e-06 1.2191289794572e-05 8.61442177466643e-06 1.30565788040826e-05 1.59718021521371e-05 1.47621822662813e-05 4.07085153170783e-05
1.07714381094581e-05 1.30911594276029e-05 1.42167059749454e-05 1.20808975061948e-05 1.11183772759205e-05 1.2372566939689e-05 1.58744433051083e-05 2.00997179661044e-05 1.58297975005439e-05 1.51090241615748e-05 1.55302832055781e-05 1.47905155557737e-05 1.67828696746142e-05 1.88834670723281e-05 2.14711038694304e-05 2.59570586877089e-05 2.3598263149438e-05 2.25363408475232e-05 1.98041635485424e-05 1.98887512539159e-05 1.55511205065295e-05 1.41118612674518e-05 1.31213823792109e-05 1.97315084847105e-05 2.2713253062534e-05 2.80902588144727e-05 1.88307019470813e-05 1.56505712865851e-05 1.404063752517e-05 1.34125101482141e-05 1.19416689614127e-05 1.06045321913939e-05 9.60168131172168e-06 8.96047285579016e-06 1.02319558777708e-05 1.19719802917473e-05 9.33275556249669e-06 1.08415844231047e-05 1.219614923329e-05 1.17122278410875e-05 1.02662856868108e-05 1.41245338141971e-05 4.61379534499429e-05 0.000108619063621518 0.000223678840939101
1.55560837796997e-05 1.93648963829673e-05 2.11988340453217e-05 1.63596842568836e-05 1.57862854138102e-05 1.71600525774807e-05 1.76392505068179e-05 1.99094050202575e-05 2.29745107617418e-05 2.27901948164799e-05 2.04701278391894e-05 2.22161997129433e-05 1.94807864772883e-05 2.16927764000729e-05 2.59872954842422e-05 2.74492420373917e-05 2.35482093188466e-05 2.44211908608349e-05 2.40040119450668e-05 2.20205747496038e-05 1.5772224163868e-05 1.50663375023896e-05 2.02814091665005e-05 2.39408187979961e-05 2.41875118177859e-05 2.00513292583082e-05 1.64292043123737e-05 1.5822353154249e-05 1.57832105045941e-05 1.71878054061381e-05 1.38390404401889e-05 1.19357419023913e-05 1.46065564237574e-05 1.42437311140498e-05 1.29853873090724e-05 1.34409232714461e-05 1.30479136046802e-05 1.49666125011549e-05 1.15481995514699e-05 1.39628501841571e-05 2.1678780463219e-06 2.1560616671934e-05 0.000134924385747581 0.000267356616222969 0.000235894427169114
2.77530994168274e-05 3.22186888240594e-05 2.89801456915484e-05 2.5605290426256e-05 2.67778121070705e-05 2.95455607613349e-05 2.64302524101367e-05 2.80379997576574e-05 4.42248671447487e-05 4.11635767193275e-05 3.75500204881973e-05 3.24614821579416e-05 3.31924981082921e-05 3.16228121505446e-05 3.2557677980094e-05 3.06641311283329e-05 2.94125820801128e-05 2.53696571547835e-05 2.30675722406204e-05 2.25433061643798e-05 2.4969831943622e-05 2.52347842177869e-05 2.45146235471339e-05 2.21844201007571e-05 2.25126584069812e-05 1.97056135249341e-05 1.95561321874038e-05 2.10070315688427e-05 2.07887555717434e-05 2.1112293163128e-05 1.60358621670298e-05 1.39202354333179e-05 1.31720397092749e-05 1.39080229075716e-05 1.37338827713052e-05 1.50143279682879e-05 1.57490881406375e-05 1.69788537149884e-05 1.10407738034723e-05 5.24146516681867e-05 6.05542939410952e-05 0.000276957254118315 0.000290244573625387 0.000279652842255018 0.000103272170872515
4.14959118018032e-05 4.25423703916294e-05 4.2482032603175e-05 4.28567010260394e-05 4.52617194696359e-05 4.65246038174882e-05 5.48559000776549e-05 6.33904187679946e-05 5.20611763931811e-05 4.62291168446427e-05 4.57207414910954e-05 5.52988252252362e-05 5.31987083149943e-05 4.99466727433173e-05 4.61517546000323e-05 3.9887006664685e-05 3.89767203841984e-05 3.5418373659013e-05 3.16214596523423e-05 3.63476798042939e-05 3.60087663523245e-05 3.11813327869004e-05 2.68726816813114e-05 2.86679927853584e-05 3.19661718663156e-05 3.47061713569019e-05 2.79911760515006e-05 2.63152474872186e-05 2.17771253630872e-05 2.08208271033072e-05 2.18473861337998e-05 2.26369751430866e-05 2.39987837545641e-05 1.91486866128798e-05 1.71887543544358e-05 1.60230100448189e-05 1.61091267372626e-05 1.96952943753104e-05 3.94502588619616e-05 0.000162949251398459 0.000329279110701464 0.000343468373648648 0.00030752972488699 4.39572353570838e-05 3.09681534758965e-05
6.34442099226362e-05 6.55659724316138e-05 4.42653122831871e-05 5.51975253188175e-05 6.05501045015444e-05 6.99201875477229e-05 0.000123865786781607 0.000109310272910079 6.67771598273248e-05 6.73159530606426e-05 7.24603228718479e-05 6.95005390070946e-05 5.4928898862272e-05 6.45018773639094e-05 5.81935913601228e-05 5.2760070207114e-05 5.65457212360343e-05 5.67688281194023e-05 5.11857274887006e-05 4.793305719204e-05 4.21950627924161e-05 3.93309744254111e-05 3.90325386831591e-05 5.29321499129765e-05 4.99951328947645e-05 4.57764776001568e-05 4.67924816121013e-05 3.50125755232966e-05 2.47053165821853e-05 2.64296888303761e-05 2.53262520516273e-05 2.44321991544894e-05 2.47514928446435e-05 2.63620615811533e-05 2.59369033443591e-05 2.04113707837905e-05 2.61720423821998e-05 0.000190285094959108 0.000241870228092012 0.000372001790674403 6.05706224064306e-05 0.000632535243494203 0.00232796162017621 0.000445577564823907 1.67376059067692e-05
0.000106098910009678 0.000118925526385283 8.91238306621744e-05 7.15134801339445e-05 7.38413443968966e-05 8.67788757204835e-05 8.48286470272797e-05 7.42833890171823e-05 8.22076330223354e-05 8.2191129581588e-05 8.9138176463166e-05 8.94514919764333e-05 8.83157461885275e-05 8.33179498158643e-05 7.86197523666488e-05 7.95670170418816e-05 7.60365449423261e-05 7.40551641683851e-05 6.91791671215469e-05 6.58713920984155e-05 6.96507988777739e-05 6.84340496263758e-05 6.09859792120915e-05 5.62513850695723e-05 4.82503429338976e-05 6.76811798484778e-05 6.00715474774916e-05 4.45943726958831e-05 3.31335403075172e-05 3.13164527540266e-05 2.82428999241802e-05 2.45189930780043e-05 2.5699155798975e-05 2.7516775753611e-05 2.23367264908347e-05 2.79073152029241e-05 4.68181738824569e-05 0.00025949922928703 0.000364870358316693 0.000373091887013288 0.00331033701950219 0.000646255744140944 0.000135808827462824 1.77481984650285e-05 1.4884947445637e-05
0.000138505304994396 0.000128313875120512 0.000126479952405134 0.000125362228845916 0.000114659862219924 0.000105110115782736 9.92497588413244e-05 0.000100482787456713 9.67504898653715e-05 0.000117939605706852 0.00012147702218499 0.000118145830083449 0.000122810304947052 0.000114208122386117 0.000112914239025486 0.000114003836097254 0.000113553244682407 0.000139655064504041 0.000154731897691818 0.000143050831684377 0.00012515408411673 9.90995931260841e-05 7.98272647671183e-05 7.33356033833843e-05 8.29595442155551e-05 8.16841472214946e-05 6.90442419454484e-05 5.39636418579903e-05 4.68672976808193e-05 4.49780492203899e-05 3.97828917868992e-05 3.18861165510498e-05 3.13566744864602e-05 3.15379479559397e-05 3.06323432312183e-05 3.69040891655459e-05 0.00032230962497124 0.000479081660523661 0.00047334296250483 0.000524139194385498 0.00749041089438833 0.00219387235265458 6.16565091377197e-05 0.000220734483445995 5.4441265638161e-05
0.000170615184833878 0.000171858160138072 0.000173583397372568 0.000170131260983908 0.000165772877971904 0.000153544382101245 0.000165135459519661 0.000153793940171454 0.000131706668889819 0.000135461185527674 0.000157199145724007 0.000162558803276625 0.000164909024624649 0.000176594283311715 0.000166124677161861 0.000166174995592883 0.000203171870816732 0.000256950957373192 0.000236225082699093 0.00018552821384219 0.000172048901640665 0.000152808888105938 0.000110397810249196 0.000110039289938868 0.000115014022367177 0.000106162719521308 0.000136035181230909 9.65805692430877e-05 7.9246785912801e-05 5.86728547887105e-05 4.95234919526411e-05 3.95814029786834e-05 3.70411187191166e-05 3.94893240013516e-05 4.09681947644458e-05 7.09048287262704e-05 0.000288612758231466 0.000441159422007331 0.000576428878412116 0.000119444234178445 0.00425301927607506 0.0383872361620888 0.00138635201001307 0.000467377865879826 6.58561997511242e-05
0.0002263624994157 0.000229119637333497 0.000233850180120498 0.00024659060400154 0.00022446433586083 0.000218073652376916 0.000225365487494855 0.000228499232616741 0.000213254409118235 0.000225748529010161 0.000235074131887814 0.000232485412925598 0.000226349950207805 0.000235017924205749 0.000243054567181389 0.000296219451956858 0.000285618902125861 0.000298853219464945 0.000302008607104653 0.000253623238677392 0.000226138186189928 0.000208198594646092 0.000216656119118852 0.000159572046413814 0.000201073242988059 0.000186222878710396 0.000175273585682589 0.000147961715174461 0.000137810917567549 9.89410007150582e-05 8.91722812639273e-05 5.40343670195398e-05 4.47700662448369e-05 4.12190047654803e-05 4.04413801788905e-05 4.83448814861731e-05 6.17614846532888e-05 0.000329495994810713 0.000439905309212918 0.00106841330416501 5.35173921434762e-05 5.00332678257109e-05 7.28392061091654e-05 0.00309935761615634 0.000444631706704968
0.000285894700573408 0.000264548253107932 0.000278458781576774 0.000332388049537258 0.000311079728817276 0.000285374997474719 0.000312688971644093 0.000345006608040421 0.000322059163227095 0.000341131367713388 0.000365432794569642 0.000338266759717953 0.000306329242448555 0.00031010965412861 0.000351960650550609 0.000375442532094894 0.000357367168544442 0.000389384970185347 0.000375338517551427 0.000322271992263268 0.000339408772379102 0.000360313665987633 0.000407093736794195 0.000294822111754911 0.000298267746620695 0.000335670783897513 0.000326620345003903 0.00034350624155195 0.000369836421668879 0.000231843100118567 0.000147060827839596 0.000115058259689249 7.2849641742323e-05 6.67082699237653e-05 6.02141096123887e-05 6.19344716142223e-05 6.19552889247643e-05 8.44344758661464e-05 0.000247517295883881 0.00126230518799275 0.000534620643520611 8.09626277259667e-05 0.00010803037180267 0.00023130999179557 7.03762092143734e-05
0.000421241329240729 0.000370993065553193 0.000393679347325815 0.000388590616603324 0.000457875103893457 0.000402092263175291 0.000421393431315664 0.00043310020264471 0.000415669888752745 0.000412129380129045 0.00044242636031413 0.000509706785305752 0.000480722805150435 0.000428851817196119 0.000466287282688427 0.000560195411890163 0.000532932611895376 0.000463934540312039 0.00053187455268926 0.000432899805309717 0.000446206416745554 0.000524458266227157 0.000610218358633574 0.000516891703591682 0.000502484893149813 0.000434665370630682 0.00042098468329641 0.000509107475954806 0.000711356017563958 0.000631412343500415 0.000525324344926048 0.000278577758581378 0.000133033583961151 0.000135608937398501 0.000104491250340288 9.15788832571707e-05 9.35749236305128e-05 0.000106211819456803 0.000111714590047995 0.000493766625731951 0.000126864060257503 0.000166813340729277 0.000201005913368135 0.000223305900908599 0.000286938351746358
0.00195421503740363 0.000551026457469561 0.000573070251266472 0.000586096236656886 0.000696838540170575 0.000645449302828638 0.000669708906934829 0.000589889298862545 0.000524211791343987 0.000528057343035471 0.000566938622796442 0.000664947260520421 0.000711664864502382 0.00076078145793872 0.000797951797721907 0.000807250631623901 0.000863237200246658 0.000733025097360951 0.000797788522322662 0.000702995192114031 0.000698422056302661 0.000729715140914777 0.000746392756263958 0.000667850361787714 0.000476071054799831 0.000425208432716317 0.000391206167842029 0.000466535628220299 0.000577630319457967 0.000645285551581765 0.000653111642895965 0.000740611781657208 0.000545525777124567 0.000292871593228483 0.000184213854390691 0.000127732788268986 0.000134154211218629 0.000146809624493471 0.000143331481558562 0.000136050413493649 0.000314297511067707 0.000572358265344519 0.000143759266848065 0.000234421522327466 0.000290970188325446
0.000590353321604198 0.000623163823547657 0.000808222346677212 0.000671242272073869 0.00064977259025909 0.000672592776390957 0.000668492475233506 0.000902974406199064 0.000761135359789478 0.000712938334618229 0.000717952058039373 0.000736344620963791 0.000810160268156324 0.0009115232838667 0.000936517464288045 0.00100723071300308 0.000908346418873407 0.000700610593776219 0.000776931720611174 0.000640504556940868 0.00055271236851695 0.000590673650003737 0.00090426841925364 0.000805327463604044 0.000782984162651701 0.000699787253688555 0.0007103177922545 0.000395694904000266 0.000923492822039407 0.000782964746031212 0.000524850176589098 0.00102719259157311 0.00189575856784359 0.00150654124154244 0.000463210985253681 0.00019294452822578 0.000170039236400044 0.000165962834671518 0.00014075886019782 0.000176586807810963 0.00015395325171994 0.000291819068297627 0.000224230849744345 0.000225449535719235 0.000330154037692409
