Scripts_&_data/Maxent_result_files_1/Bombus_muscorum_3.asc
NCOLS 594 
NROWS 330 
XLLCORNER -15 
YLLCORNER 23 
CELLSIZE 0.166666666666667 
NODATA_value -9999 
[rows 260 to 279 of 330, columns 368 to 413 of 594]
0.00107450696377782 4.38504954217933e-05 4.82664193896198e-05 4.12611062301949e-05 6.76324439154996e-05 5.99526121277449e-05 2.76945340146995e-05 1.90133185242303e-05 5.06696483171254e-05 8.64020084918593e-05 0.000155775793309765 0.00024276889296786 0.000507400497755839 0.000123976957590344 0.000124243394771995 0.000120373012886432 1.15019747533474e-05 3.14204997267087e-05 2.93668036093653e-05 2.40387031204881e-05 6.63727569190087e-06 2.26557320274878e-05 1.31297181951595e-05 4.03140824480896e-05 5.04182037184275e-06 1.17533819121718e-07 1.35768394216029e-06 2.97909759865433e-06 5.16262643301957e-08 1.21793180456464e-06 1.01381915931231e-06 9.11134394865343e-07 1.10308188783215e-06 1.13134266865877e-06 1.20352234942445e-06 1.24789360593791e-06 1.59446250496131e-06 1.65326026824175e-06 2.31027095587422e-06 2.24428115753739e-06 2.07056789882643e-06 2.1824164065265e-06 2.34898233522074e-06 2.42289262644135e-06 2.20828450103738e-06 2.12838597661857e-06
2.47076114537892e-06 0.00131997116021231 0.000111664942414791 0.000515370762152045 0.00594697762280703 0.000765858998056501 5.03495404700516e-05 0.000110947719804244 0.000161189201025991 1.7311641863671e-05 4.89581806505157e-05 0.000101597528755326 4.69510484409019e-05 7.69549739620179e-05 7.6813517603469e-05 7.86430404971839e-05 7.51091633700129e-05 9.5512169493972e-05 6.51835362789566e-05 4.84067084797646e-05 7.69020971347345e-06 1.76437977967403e-05 1.48367379324554e-05 3.42311234362569e-06 2.11438340897985e-06 2.56364835991008e-06 1.04319186391422e-06 1.51631527955942e-07 1.5732434377469e-07 1.38794741222359e-07 8.29679287184248e-07 8.53774459841361e-07 9.97522815104901e-07 9.43199565495156e-07 9.46803263057738e-07 1.07867551077945e-06 1.41084806584146e-06 1.54206759184206e-06 1.61949332495581e-06 1.74817359557267e-06 1.61398796763024e-06 1.60225586363083e-06 1.62720196676958e-06 1.5742176380229e-06 1.54878927389746e-06 1.58173956972263e-06
3.29213297869391e-06 0.000509986342149205 0.0021556775464012 0.000827902185847051 0.00113235175485897 0.000299167105732134 9.58214837980531e-06 0.00185969587764703 0.000133436303440249 2.65724261225841e-05 3.85412734885904e-05 0.000100701169995032 0.000124225217643759 0.000145821467568452 0.00030565675502956 0.000227506231156127 7.82376652733951e-05 5.05105482799473e-05 5.79914052708075e-05 1.06663735188972e-05 2.54147893201662e-06 2.39251248785877e-06 9.77463795948097e-07 5.03366441080288e-06 6.19335528284637e-07 8.10530058004133e-07 3.72701314859114e-06 7.7689971445305e-06 2.88363116465185e-06 3.64086384152529e-07 7.19000032856076e-07 6.36968695899576e-07 6.47705550471667e-07 6.71507500049628e-07 3.6803732760271e-07 8.68550444499405e-07 1.071957404708e-06 1.18469986101211e-06 1.16602989912451e-06 1.3054289209613e-06 1.27273741838962e-06 1.19212574221095e-06 1.3128678528318e-06 1.3272996822522e-06 1.28993901178376e-06 1.24540522641325e-06
5.81116381659363e-07 0.00499931412816594 0.000414690280198682 8.41986335309297e-07 0.0015791694490494 0.00134592359173168 6.70182114914653e-07 5.2759094751309e-05 0.000341922414372675 0.0001179505707114 3.66309041510249e-05 2.11979295272613e-05 5.7017601241427e-05 1.36316462885588e-05 2.26926723371435e-05 8.48442673403227e-05 0.000129826170560676 8.02321027970399e-05 0.000244415774010065 5.11000455905797e-05 7.61507157676533e-05 8.54092417057473e-07 2.58028441635361e-06 1.88039821872543e-05 2.37372245237566e-06 2.00001713324127e-06 4.48010194986637e-06 1.36664427401456e-06 1.54559652827402e-06 1.49821381967286e-07 3.79444261966455e-07 2.38039692590508e-07 5.39468991933578e-07 6.7172411321037e-07 3.92346358597528e-06 1.47731348292268e-06 1.05427493739541e-06 1.18078844666414e-06 1.13194488085e-06 1.01995114722975e-06 9.42989541119488e-07 9.14611525804077e-07 9.46153427561214e-07 9.85140459786038e-07 9.58506765602607e-07 8.99911331142533e-07
3.29131054513709e-05 4.19297339195879e-06 0.0019801530830964 6.50244918520837e-07 1.03793168459987e-07 1.30972026924914e-05 1.86122783173426e-06 1.39480843149631e-05 0.000525250727514504 0.000200608788873069 0.000440037518274039 7.86389861787251e-05 0.000146645944097712 0.000115387093996289 6.6930653702002e-05 9.35698004695951e-06 8.2044233766787e-05 3.06846075545764e-05 0.000104175146744301 8.94241410173358e-05 4.13323004385235e-05 2.07156626169436e-05 1.89430460068252e-05 9.94055546073014e-06 4.27311682642539e-06 2.00501512495066e-06 1.42587077789358e-06 3.31914973230596e-06 2.57739266658064e-06 5.17388380671946e-07 7.03423015124827e-07 6.9440664063336e-08 1.89260132010816e-08 4.63849729681609e-07 9.54600137093031e-07 1.2225285411338e-06 1.17142074256282e-06 1.41982844095168e-06 1.6529741637239e-06 1.32805811769998e-06 1.631697263349e-06 8.01061922661717e-07 7.45168457205736e-07 7.59810156303331e-07 7.48294306163189e-07 7.30087240174981e-07
3.41923975252234e-06 0.000141545366750506 7.42647771723171e-08 1.04858511417172e-06 6.01379438935901e-07 2.8288956999134e-08 4.38158360704932e-08 3.32201458486114e-07 4.08860241775111e-06 4.84865111559429e-05 1.56278216861816e-05 0.000219442980232998 3.70800217297074e-05 3.87321319067269e-05 2.29536754886794e-05 3.83037062711589e-05 6.33084821402008e-06 1.46989651966578e-05 5.03892531781069e-05 5.31669883807817e-05 3.07927561514543e-05 5.53747697957463e-05 2.12005957109795e-06 3.04743913943639e-06 1.78332993527874e-06 8.06379352980002e-07 1.43821000051503e-06 1.75571485527826e-06 3.17495712351956e-06 1.41844619747644e-06 1.34189057234835e-06 1.17242838942877e-06 3.99162300968037e-07 4.99270547571484e-08 2.73793761895735e-07 6.49339971314777e-07 7.25736754614292e-07 6.96964157698154e-07 8.5486790428746e-07 1.30079415026074e-06 1.3015983680198e-06 9.5897524552413e-07 9.18656797477269e-07 7.06194457489318e-07 6.0648375204142e-07 5.60445712238789e-07
2.20038021255808e-06 3.78004351746508e-06 9.90181080684494e-08 2.43216274120606e-08 3.49873453209248e-08 3.11323132662356e-07 3.84726112612199e-07 5.84365086297112e-05 2.1703443265908e-07 1.00783856871178e-07 6.42688319203444e-05 1.1585749321652e-05 0.000191988797814702 7.91461528024229e-05 1.70618478705364e-05 1.13588677322696e-05 1.47613521903622e-05 4.89655054780824e-05 5.12499576622805e-05 7.9944788545383e-05 4.76457532445185e-05 4.57851768399631e-05 4.39213820780826e-05 5.34434115753601e-05 1.55580311272718e-05 1.06358222637937e-06 3.5517496854709e-07 1.11527269410772e-06 3.09121163581949e-06 3.46235558481567e-06 1.95238363573935e-06 2.50542711910384e-06 1.27019968374498e-06 1.72120552422994e-06 4.26086388394253e-08 6.08470981855458e-07 9.55109591815884e-07 5.48901200325691e-07 5.89992489297142e-07 6.30142307578296e-07 7.1773428524935e-07 8.72556304432059e-07 8.82328879603378e-07 7.85528388380641e-07 6.09129907647166e-07 5.09059510578336e-07
1.52341168586645e-06 6.4315887682298e-08 2.00826452267933e-07 2.01864249982364e-08 1.79524853760604e-08 1.84797869784425e-08 6.61508089416785e-08 1.09639478683698e-06 1.70505822139066e-07 1.88253944322092e-08 5.94833818534646e-08 5.94065637188335e-06 4.12740331967143e-05 0.000125520109304489 3.46438883752853e-05 1.78693137058872e-05 2.23926433363886e-05 1.39227216322979e-05 3.97840302155061e-05 4.60236960196703e-05 0.000130871471020377 7.78870183928859e-05 9.21769829262065e-05 8.75578399572974e-05 1.05572612843607e-05 1.56905779368555e-05 1.45033253459159e-05 9.98014671438341e-07 1.09072709619795e-06 5.53942845726851e-07 2.89889063651572e-06 7.83477976277203e-06 1.87787036338705e-06 1.27970348565709e-06 1.33433209447142e-06 9.18947284178628e-07 6.30611920870994e-07 8.1688172485217e-07 5.0422270825301e-07 5.06836012414968e-07 4.8230413124406e-07 6.07893360971001e-07 8.96468180433541e-07 1.16492269495172e-06 8.54120652216128e-07 5.97270969904251e-07
2.61716857608008e-07 2.17643094979625e-07 1.57103031694916e-08 5.6590032282422e-08 4.22228112362255e-08 1.16075380751646e-08 2.83119377186836e-06 6.29583690403557e-08 8.93976215277092e-09 9.75553889892566e-09 1.198433033478e-07 4.38913086975301e-07 8.45233414136226e-06 0.00013709921258851 8.27850551104348e-05 6.61410134853213e-05 1.25650062273053e-05 6.6875047933701e-05 0.000159982425376271 6.70937035955887e-05 6.41422877323272e-05 9.07303688741479e-05 7.19844618917165e-05 0.000135233116009204 2.22429017487036e-05 1.41944261474958e-05 2.30073089979577e-05 6.28484281612884e-06 6.92521792111656e-06 3.78859361088724e-06 6.92775325630279e-06 3.40356076303783e-06 1.87768865345106e-07 3.55217623848603e-07 2.76196627169156e-07 7.04713600161444e-06 4.26758584176623e-06 6.16379542881518e-06 4.94818832783572e-06 1.06066489492518e-06 6.78793250852294e-07 5.13902938592548e-07 5.50848241598345e-07 6.7374566584677e-07 7.77718394984195e-07 6.31818619423186e-07
1.20364193811895e-07 1.13466735118806e-08 2.71422819886347e-08 1.05604047972996e-07 2.50300106052759e-07 1.75321633100189e-08 8.0722632644914e-08 1.44861393769347e-08 2.90541143588285e-08 1.21815122655633e-08 3.05403628497736e-08 8.24170587332418e-08 7.58715983217861e-07 2.37963828031429e-07 1.47951423173254e-05 3.14281553983164e-05 2.94288741770288e-05 3.64106684287435e-06 0.000109535928318305 4.47721466690476e-05 0.000115777549055007 0.000152668809582224 0.000338232431911933 9.59166087605823e-05 0.000290631148152443 3.84224132676358e-05 2.05829394914203e-05 1.03513320748649e-05 3.85335513708451e-06 1.66115461206484e-06 2.31329528510571e-07 2.10550794362829e-06 2.35151387086852e-06 1.0855110570418e-07 6.56308435509345e-07 2.48582200157443e-07 3.14326518217056e-06 4.58378527178338e-06 4.51335919731122e-06 3.06673255378032e-06 1.49197720615835e-06 5.98839925758377e-07 7.10485134802763e-07 3.63439386674713e-07 4.42302952430307e-07 5.16381155546419e-07
4.53067923178452e-08 1.68635675756867e-08 1.69288828955061e-08 2.84698593588928e-08 1.2292815867454e-07 1.80955150312911e-06 2.13300759277502e-09 3.06236076497157e-09 2.28205940810966e-09 1.40170214324442e-09 1.90122289023265e-09 5.49195151244852e-08 3.12816528125204e-08 3.09187332625527e-08 2.47999804470211e-08 3.40955886080074e-08 4.20786980726007e-06 1.30722626067836e-05 1.11046270831139e-05 5.34191480596746e-06 1.04295979326707e-05 0.000154324989453158 0.000107062189388696 0.000190171160112129 0.000142128648022499 6.83833280305635e-05 1.62408765164823e-05 8.51440981265439e-06 2.09559658230774e-06 2.3737690255099e-06 1.19395326367844e-06 2.80291300696067e-06 3.70292747574608e-06 1.49065319622332e-06 5.02028269888655e-07 1.62847940288202e-07 5.10023619426647e-06 1.90850256778674e-05 1.32160080728028e-05 2.06223170979847e-06 2.403014935215e-06 7.04490093383914e-07 4.91407553659951e-07 3.15651018889529e-07 2.45919467067868e-07 4.54444965458656e-07
2.45260281417359e-08 6.53728500665807e-08 7.86683682307832e-08 1.08782716934375e-07 1.38145329009465e-07 3.28940439331404e-08 1.70662583087733e-07 7.04307927534842e-08 2.89345851456346e-07 2.04276317083973e-08 5.25722078092983e-09 8.16038481232795e-10 7.1105352716927e-10 2.82793012340576e-09 1.08754974359471e-08 3.26267581322037e-06 2.08367128196052e-07 2.54506588228676e-06 6.86981517787899e-06 1.3956509928903e-05 5.93075641290852e-06 4.45933208548466e-05 0.000146400573409267 0.00013259412441613 5.72699021326173e-05 1.59344650683124e-06 8.08453833534006e-06 1.91476535746915e-06 5.80631124222908e-06 2.40874584278572e-07 1.6714877119739e-06 2.7919664639775e-06 9.94494386498124e-06 6.35007671228038e-06 1.32885735217858e-06 1.07569381870842e-06 2.81367437535707e-06 2.85094150480614e-06 9.14352645238203e-06 5.2441852317453e-06 1.39846909240626e-06 8.33992035842446e-07 4.38247017875426e-07 2.71765397508172e-07 1.8703081409166e-07 2.735986100455e-07
1.66038104376653e-09 1.33828592652208e-09 6.04048837615778e-08 1.15657875343622e-07 2.08888558561604e-08 4.79104909079098e-09 4.17840062549857e-09 3.03730987583073e-08 2.76752450956153e-09 8.43726157828684e-09 2.70546116176718e-08 7.68310435717012e-08 2.25630552019851e-09 9.19620768424778e-10 1.49563045281909e-09 2.94744185724838e-09 4.00714330495155e-08 3.29369629170628e-07 3.05881001168018e-05 3.19645426316129e-05 2.92481090409025e-05 7.81778447017545e-05 7.56469584954011e-05 9.96189260607849e-05 0.000122081530840035 4.45054947358803e-05 4.87808572037673e-05 1.34551124953974e-06 3.39359388021876e-06 4.49455777129515e-07 2.34105327763245e-06 5.58652435529439e-06 4.80655752426173e-06 1.77717494426188e-06 1.2684176276756e-06 9.58692847985443e-07 8.6880860390437e-07 8.62935200063308e-07 1.31019727744874e-06 1.92706211504801e-06 1.75905018674483e-06 7.8185788363605e-07 4.24883167582379e-07 2.64465708499362e-07 2.18621028158505e-07 1.97608847640751e-07
1.00888490006668e-08 6.19118667444241e-09 8.77618440142669e-09 5.68792117627837e-08 5.9301148902513e-08 6.13096901358467e-08 2.87844948099192e-08 2.72689868463516e-09 2.8291332165864e-09 2.03708914181533e-09 5.15664769551449e-08 7.19771049428886e-07 4.44447991867491e-06 1.77313352089925e-07 4.61849025690242e-10 5.07112196679316e-10 6.26488831478866e-08 1.99478927931374e-08 2.74934316308872e-06 1.49905553215035e-06 9.91578797027159e-07 2.728049939833e-05 8.27526951455604e-05 3.00270708686545e-05 6.61916823636588e-05 5.34125678241737e-05 2.49956726293021e-05 1.73099369476404e-05 4.05972126316101e-07 2.22594343313176e-06 9.06746900000144e-06 6.41067316564659e-06 3.23354424835998e-06 1.45507114979182e-07 9.7561960920034e-07 1.35829370359053e-06 2.22629844388589e-06 2.33809267453644e-06 1.17298728254944e-06 9.11051909457949e-07 1.14679756025859e-06 7.63327893849031e-07 9.70191920879326e-07 9.62232201950908e-07 2.66212012534073e-07 2.942100211345e-07
8.41719316468925e-09 2.6046079848463e-09 8.09140447977086e-09 5.40650852753899e-08 9.26344439045046e-08 5.53547967796497e-08 2.05505492512081e-08 6.56295037204657e-09 6.83055015882061e-09 1.55979978933019e-09 2.02436237772829e-09 2.65205436722482e-08 4.33511477293536e-07 2.62881774459878e-08 4.32777461600864e-07 1.1378342046342e-08 2.67656374841607e-10 4.12839873398241e-10 6.77490165079675e-09 2.49906063209959e-07 2.92829339514356e-06 1.80154826466605e-05 3.32419419464935e-05 4.28861663014146e-05 3.51373337226901e-05 5.39261670837732e-06 1.29121901977669e-05 3.96125378756551e-05 5.98880261577506e-06 7.77174841313233e-06 4.75353541560253e-06 2.92984677230379e-07 1.41009446394946e-06 3.93441321300259e-08 1.26649803896539e-06 2.29885944182939e-06 1.27821736838341e-06 1.47783285345815e-06 6.90144918580327e-07 8.33865799365618e-07 9.65683656861671e-07 1.17484940673762e-06 6.27377695716636e-07 1.41258627531782e-06 4.15386277508034e-07 3.58200184424895e-07
7.41882799637494e-10 1.66391677103306e-09 8.01608193157222e-09 5.01028014632254e-09 3.11897259686056e-08 1.4694567451734e-09 1.50795856024288e-08 4.46655418873121e-08 7.52818951621492e-10 4.79350494853037e-09 6.8303012135118e-09 3.92662394688159e-07 7.12643621891829e-09 1.26941286704429e-08 3.44638713123402e-07 1.08064071824288e-07 5.53497803146286e-11 3.41009587234709e-10 1.88222311070518e-09 2.74703292335587e-09 8.6438132607114e-07 4.880711765054e-06 3.80334180135833e-05 8.15576386798966e-06 2.00095821583091e-06 5.8704320963443e-06 9.4006500925059e-06 1.34403457082044e-05 5.40342525710003e-06 1.53832862906711e-05 2.046064402208e-05 8.333557275364e-07 4.17508062966476e-07 7.75708298306199e-07 9.70247498344179e-08 1.68659581493147e-06 1.15068796422424e-06 2.61515128023859e-06 8.55232832475128e-07 9.74578976986607e-07 9.43300179656603e-07 2.33522003403319e-06 2.6270364994585e-06 2.23787023444499e-06 8.75892605511908e-07 3.99287933605663e-07
1.4590658237168e-09 3.95264596053657e-08 1.73133711811602e-09 4.52785791082988e-09 1.96814855524252e-08 4.36774987289112e-09 8.17318879242634e-10 4.28211598735295e-08 1.06109469988347e-08 1.3661327225023e-08 2.25585054636213e-08 1.75296846371964e-08 6.80582171397326e-08 2.19869900730529e-07 6.16893971683297e-08 3.66491791847778e-07 2.10397166355847e-08 4.50558146347646e-11 1.55237600552027e-10 1.91513793712517e-10 1.35327558048459e-09 5.03954327157885e-08 2.16249401474577e-07 1.25725068301108e-05 1.4503278976008e-05 3.44400605758466e-06 1.61012513174796e-05 1.17797199436609e-05 3.44332986969675e-05 1.35645377554283e-05 9.66023014825623e-06 2.61697189536392e-05 4.55444491649359e-06 6.51589760991556e-07 2.45576444513063e-06 3.3270751462755e-07 1.1164792642071e-06 9.81596306692811e-07 7.75904525707194e-07 6.17527857438294e-07 8.2789601293376e-07 1.60995055097368e-06 3.76877276213605e-06 1.07347388755841e-07 1.06086881146439e-07 3.49649419639775e-08
5.12866416002566e-11 7.73733865866433e-10 6.6109765439748e-10 1.49401792270964e-08 2.73803670847172e-09 1.76917781535835e-09 5.10411157783608e-10 1.1349503648006e-08 1.74398196994829e-09 6.44922245052193e-08 3.06647399694882e-09 2.41383265597861e-09 1.36895259350567e-08 2.21846718240215e-07 2.09535272022165e-08 1.4003644313032e-07 1.61863651371164e-09 1.51683019922189e-08 1.20620563537344e-09 1.567593166385e-10 3.78419073854275e-10 1.24613352636693e-08 5.92492849005311e-08 1.97145188285397e-08 1.24291642643604e-06 1.08812973038663e-06 1.66108447274382e-05 2.5191175112127e-06 4.2263431197398e-06 4.62570492345549e-05 8.25542615530139e-06 4.48750153217992e-06 5.27756959755044e-06 7.63170628914622e-07 2.23654897979486e-07 1.24400170307126e-06 1.71699401363412e-07 8.74258221306157e-07 9.53708146522736e-07 8.9256742706878e-07 6.69252681007038e-07 8.13569852142759e-07 1.57628798737042e-06 8.78383142222106e-08 1.10356869527095e-06 2.23631256801582e-07
1.08966591305659e-10 1.17394335363841e-09 3.61692156225502e-09 1.38596589760454e-10 6.62650240101925e-07 2.73459648147956e-08 2.24691198980054e-10 3.91137786159845e-08 4.30179872168424e-08 6.89654925611904e-08 2.99142469462055e-08 2.76451451952653e-08 6.24722582553971e-09 2.08084475206149e-09 5.67697663989009e-08 2.12124175558159e-08 1.31178689022349e-09 8.30561086573312e-10 1.84933826030687e-09 2.51811808738012e-08 1.24534526024789e-09 5.22291487836668e-09 8.17459110749041e-06 1.48261731658383e-07 2.10287420809863e-10 1.64997633333996e-09 1.73438946982074e-08 4.6513209361887e-07 4.79412887295694e-05 3.61825712569264e-07 1.21754447036437e-05 1.05219424199277e-05 1.56832243831673e-06 4.83893336422625e-06 5.44582354677914e-07 2.75984258735207e-07 2.80939558194859e-07 2.63487072247326e-06 1.4277361609083e-06 1.30810953549165e-06 7.4451920761831e-07 5.11635194233584e-07 5.97801239776707e-07 9.00253141444818e-07 1.73693474891934e-07 8.78766311984691e-07
5.39737756710679e-09 2.59556358628288e-09 1.53327268659353e-09 8.6062136306353e-10 3.42349131265962e-09 3.27021185686505e-09 1.05892006274644e-10 3.17973992913778e-08 5.25484494806605e-09 2.00878772504964e-09 9.56246886119061e-09 3.04865799272136e-10 2.31400587757946e-07 8.19507892657612e-09 1.80472862965075e-07 2.75640986702186e-09 6.13960809969782e-09 1.55747223340441e-08 1.6783172629431e-09 1.00450400886132e-08 1.16330267196929e-08 5.36956512586784e-10 1.59085621342925e-09 1.39684206033053e-05 3.61757090827641e-07 5.79556855839769e-09 2.92117837030759e-08 2.32493814653623e-06 8.67095140710816e-07 4.19879996314876e-05 4.54392946380722e-06 8.25061651994474e-06 1.39383076600552e-06 2.75367923592285e-06 6.10943129686348e-07 6.84682598262043e-07 3.10524158919634e-07 2.54259390430889e-07 2.17313506565286e-06 1.36459445041481e-06 1.26211597605286e-06 6.9827023952973e-07 4.5523754886867e-07 5.0866193126442e-07 7.17689601581473e-07 1.71033547116117e-06
