Scripts_&_data/Maxent_result_files_1/Bombus_terrestris_3.asc
NCOLS 594 
NROWS 330 
XLLCORNER -15 
YLLCORNER 23 
CELLSIZE 0.166666666666667 
NODATA_value -9999 
[rows 63 to 83 of 330, columns 329 to 375 of 594]
0.000980421436179313 0.00259285058127716 0.00323364002397284 0.00561372239608318 0.00271406515676063 0.0240982748568058 0.00151653697248548 -9999 -9999 -9999 -9999 -9999 -9999 -9999 -9999 -9999 -9999 -9999 -9999 -9999 -9999 -9999 -9999 -9999 0.00116538626426745 0.000848421658884035 0.00119858782127267 0.00116786545841023 0.000722813908022246 0.0134044143371284 0.00473788800991315 -9999 -9999 -9999 -9999 -9999 -9999 -9999 -9999 -9999 -9999 -9999 -9999 -9999 -9999 -9999 -9999
0.001110511355364 0.00119125001365319 0.00185292851820122 0.00238425314601045 0.00323748684604652 0.00597038802225143 0.00293111698701978 0.0024273051378259 -9999 -9999 -9999 -9999 -9999 -9999 -9999 -9999 -9999 -9999 -9999 -9999 -9999 -9999 -9999 -9999 0.000139703095919685 0.000578504676013836 0.00135419621947221 0.000977964729827363 0.000872605781478342 0.00113252454902977 0.0021866522176424 0.00429787535395008 -9999 -9999 -9999 -9999 -9999 -9999 -9999 -9999 -9999 -9999 -9999 -9999 -9999 -9999 -9999
0.000548002845971496 0.000698939368885476 0.00112524528813083 0.000906344403483672 0.00159642415383132 0.00242537572921719 0.00539968237280846 0.00495368962874636 0.000778941291355295 -9999 -9999 -9999 -9999 -9999 -9999 -9999 -9999 -9999 -9999 -9999 -9999 -9999 -9999 -9999 -9999 -9999 0.0104323724153801 0.000711138889892027 0.00127541097899666 0.000934538470755797 0.000759778153587831 0.00121454259933671 0.00199788754689507 0.000483973837981466 0.00816609947942197 -9999 -9999 -9999 -9999 -9999 -9999 -9999 -9999 -9999 -9999 -9999 -9999
0.000866599901200971 0.00107539626696962 0.000844149174372433 0.0010500408752705 0.000524826533001033 0.00369655148824677 0.00315955148544163 0.00301472138380632 0.00780383445962798 -9999 -9999 -9999 -9999 -9999 -9999 -9999 -9999 -9999 -9999 -9999 -9999 -9999 -9999 -9999 -9999 -9999 -9999 -9999 0.000196308571230475 0.000909080051496858 0.000423853246047656 0.000677671922312584 0.00260193797003012 0.00203999636287335 0.00106167501362506 0.00600068490821286 -9999 -9999 -9999 -9999 -9999 -9999 -9999 -9999 -9999 0 0.0125757285772124
0.000753062548028538 0.000325561727458989 0.00274250684306025 0.00128820848622126 0.00170487380819395 0.0017142728989711 0.000553515291176154 -9999 -9999 -9999 -9999 -9999 -9999 -9999 -9999 -9999 -9999 -9999 -9999 -9999 -9999 -9999 -9999 -9999 -9999 -9999 -9999 -9999 0.000180279936944316 0.000704384382697754 0.00041495363445847 0.000395972254955268 0.000494554115982737 0.000548933503432636 0.000554433541401522 0.000488626030028172 0.000141395843002812 0.000231224872300118 0.000191025391620769 0.000263436256136629 0.000212016793881276 0.000139989233261195 0.00017578430901608 0.000192408551163226 0.000242264130204717 0.000278975531558956 0.000292221283922345
0.000176378032726632 0.00124293418339221 0.00218067493406124 0.00121449038852006 0.00141870372463018 0 -9999 -9999 -9999 -9999 -9999 -9999 -9999 -9999 -9999 -9999 -9999 -9999 -9999 -9999 -9999 -9999 -9999 -9999 -9999 -9999 -9999 0.00405344555211968 0.000293939361245066 0.000579897591842382 0.000548623073427734 0.000859885991667397 0.00339759287162451 0.000306564244169749 0.000278465930000493 0.000329213566402586 0.000576906923097909 0.000338618719644046 0.000237844878262194 0.000277693702946635 0.000219227028192392 0.000300273950776386 0.000219765792190429 0.000111696344110612 8.82109808841847e-05 8.98303434608394e-05 0.000304189133758825
0.00147434708778746 0.00165276534971781 0.00339142343727872 0.00376598595094038 -9999 -9999 -9999 -9999 -9999 -9999 -9999 -9999 -9999 0.00398540477326606 0.000502271943409172 0.000318102064987869 0.00469400569309073 -9999 -9999 -9999 -9999 -9999 -9999 -9999 -9999 -9999 0.00185109076428489 0.000386914671844352 0.00022474724867223 0.00141114713381967 0.00280516024349708 0.00247583825129141 0.00127073871476853 0.000520306199462084 0.000409742900824917 0.000198687397729458 0.000897563201669982 0.000143902200520429 0.000329997175735386 0.000221729080831068 0.000726817865034946 8.59147910812652e-05 0.000138221528698423 0.000207690658882509 0.000133575767957783 0.000104887658005826 0.000127765782835709
0.00865355513124086 -9999 -9999 -9999 -9999 -9999 -9999 -9999 -9999 -9999 -9999 -9999 0.000971676455810666 0.000451057220197981 0.000326007037620002 0.000210614377908769 0.000235289957345231 0.000205890991571778 0.000247709113710926 0.000409253511770657 0.000340914220078048 0.000585820924789005 0.00116656117082812 -9999 -9999 -9999 0.000342869345706731 0.000525292484132933 0.0010071850748048 0.00041882835593281 0.000276382132422182 0.000507661602962273 0.00048971934105424 0.00116125753388872 0.000449842314811555 0.0001607876472284 0.000594818875764247 0.00033559581595739 0.000354802659239795 0.000162652343737246 0.000703217245677656 0.000264017381987625 5.1205837087076e-05 6.67516255984157e-05 7.76538504647206e-05 6.29077682582135e-05 4.12712633858447e-05
-9999 -9999 -9999 -9999 -9999 -9999 -9999 -9999 -9999 0.00730567535657087 0.000899684876401352 0.00293540229322389 0.00514391750330105 0.00212442594001914 0.000459610102313945 0.000237429531841826 0.000142926469340665 0.000267107512848952 0.000147445350307152 0.0001746399586537 0.000386498707689498 0.000596082918445973 0.000258035721140004 0.000105811527548427 0.000134233179303722 -9999 0.000148890553471404 0.000161120903732126 0.00131429619377741 0.00076542633261667 0.000341853601558029 0.000144211287209428 0.00068821952756366 0.000374199271290365 0.000370606770536419 0.000169565339060096 0.000259902056151162 0.0012091353264168 0.000192765142451634 0.000426358851872521 0.00136831095417733 0.000367260516080137 0.000151661709058049 9.60877876359234e-05 0.000140109586309123 7.06971165823411e-05 0.000354623890545724
-9999 -9999 -9999 -9999 -9999 0.0019918764141039 0.00343903573811986 0.00148065731846145 0.0166766537120566 0.0212256655329838 0.00286906671917677 0.00286070447291422 0.00125316901079771 0.000375430767053331 0.00295460078923497 0.00341252523649018 0.00127374471667281 0.000634365600903664 0.000128659438172063 9.53693945599632e-05 8.12312331557763e-05 0.00027473380901597 0.00058908055033271 0.000175308944881891 0.000193238870872348 0.000230931454886019 0.000264090581440257 0.000256127037158116 0.000809981586189679 0.00036009641701753 0.00050442185225279 0.00112825138561163 0.000534228373027057 0.000441600089169003 0.00178584753948599 0.000214775363767927 0.000123228608804882 0.00010394832052949 0.000111288685761746 8.48211724885584e-05 0.000109804445625272 7.93876546662631e-05 8.12890373648734e-05 8.83234430745894e-05 9.27840575613459e-05 0.000110371948877297 9.14442269756566e-05
-9999 -9999 -9999 0.00465449802286457 0.00058113509226132 0.0027947034483077 0.0167454428039491 0.008684948598966 0.00168919627321884 0.000864931454270845 0.000744991336640055 0.00036215855009285 0.000564668225331388 0.000476793330540204 0.0014035406532912 0.00104993546583501 0.00369299950252753 0.00281116518890485 0.000696223757404368 0.000522757019098208 0.000182627435822269 0.000110078049290507 0.000164868776537475 9.13397095441582e-05 0.000149004374073058 0.000178245329432103 0.00138577813259246 0.00068451193404826 0.000252386189126241 0.000746185643333774 0.000147163047402188 0.000185248323785969 0.000244511741986209 0.000227051144472346 0.00012209179495134 8.2136162460944e-05 0.000124203648277188 0.000136816158820352 9.37911649095513e-05 4.08057925189276e-05 3.13645192179246e-05 3.40375297104512e-05 0.000164604242528965 0.000104337048656622 4.18512922817693e-05 6.30846896020998e-05 0.000114259467640743
0.00158441581879742 0.00109288325866146 0.000802072048577429 0.00405606878339313 0.00270521103229839 0.00213324028090938 0.0165389531292021 0.0039289439417189 0.000664869922457001 0.000784958009717229 0.000418173565145707 0.000210856011113947 0.00155867373341607 0.00130083090425615 0.0017316025288892 0.00150032307064976 0.002622610959952 0.00279032140388154 0.00222668256319594 0.00224304212315474 0.00125666434178129 0.00013043743817478 0.000287579755553224 0.000185784388968102 0.000112041463343449 6.01003940649325e-05 0.000170632422539185 0.000187168945263272 0.000638787013326692 0.000168191455635247 0.00021748371900403 0.000191449113094277 0.000215331499946758 0.000683184297921535 0.000136917903054423 9.49816523295177e-05 0.000129521192275561 0.000226427204614765 0.000338973174017987 8.68562520023097e-05 4.85081170407575e-05 4.39797722161295e-05 7.45847065439786e-05 4.51538102190119e-05 5.16743251573915e-05 3.90406472733917e-05 7.47320128945295e-05
0.00162330378079787 0.000570236977910099 0.000986166423172108 0.000403097295281896 0.000826137490730616 0.00021284340763259 0.000629681066402554 0.000796259189519333 0.00128328680148115 0.000900700612692162 0.000375044479687858 6.83005991884755e-05 0.000154647078812964 0.000260263758651647 0.000331532163315984 0.00238898684765445 0.000861791138231638 0.00311187483021058 0.000521747842049081 0.00308046739228303 0.00078979850623 0.000148141714593919 0.000365147875339744 0.000305563347673399 0.000923334016306399 0.0005299450498228 0.000119517001313962 9.65997102044147e-05 0.000164630331427773 0.00014117079085213 0.000142617804632295 0.000318552195464772 0.000469044036071864 0.000274908588933753 0.000807139203256213 0.00010384166749281 0.000706614309279985 0.000233631837244141 0.000345142280041344 0.000134620672054675 2.60143952115377e-05 3.7814468981523e-05 4.83969279780561e-05 0.000111667040387253 0.000502835541023217 0.000663500721295662 7.17759723290246e-05
0.0166949504055083 0.000174504533909925 0.000100728831867514 0.00038026975051082 0.000209250910405245 0.00023336777529579 0.000611131848745572 0.000348724485479579 0.000809312126784789 0.0011552326648598 0.000698799732708721 0.000453766021637847 0.000580596762864616 0.000971877947131361 0.000439084290201208 0.000576975482201192 0.000457565502845014 0.00168456090823383 0.00177513595044729 0.00134878137105261 0.000177831202239176 7.23335094319211e-05 0.000148054700308009 0.000114214963474413 0.00021573588061834 0.000189655066078265 0.000189879889755318 0.000144097536363774 0.000164708634913602 0.000146618724290548 0.00012684195693371 0.000150942558226852 0.000420875103196749 0.000112244378016513 7.39831488196785e-05 7.87319067954151e-05 8.22133270192982e-05 4.06200243951105e-05 0.000282999169260734 0.000101667941982952 8.27261664452905e-05 0.000155450837510696 3.51285600593276e-05 5.7933633051821e-05 4.86957657736653e-05 0.000214411236209067 9.14006499448394e-05
-9999 -9999 0.000144046236831219 0.000273265888911567 0.000413200926163881 0.000158040754958044 0.000642202688885618 0.00130957588044112 0.00117283473846328 0.000909511328484314 0.000252480660392962 0.000441251227225337 0.000442315773531732 0.000225469461224259 0.000394311773948175 0.000785418634946211 0.00260459131095558 0.00192347827833146 0.000978685755421793 0.000499854028680602 0.000329656185096994 0.000178907649057436 0.000734670257759262 6.49481002259478e-05 7.9617883091565e-05 0.00012210571368918 6.08375917608206e-05 9.92619763849234e-05 0.000251230912363098 0.000403967239465342 0.000499914717360639 0.000714529867542524 0.00101575974754269 0.000287052576055657 0.00012090975897685 0.000186687304884003 6.72938295731562e-05 0.000167798493620985 0.000245730179770831 0.000160225158115868 0.000197821333130044 6.99020036452502e-05 8.29763459214483e-05 0.00013610284334149 0.000752463861817887 0.000225070226531443 3.7870778548843e-05
-9999 -9999 -9999 0.000810453481811635 0.000588937017712965 0.000785225347804897 0.000404577334921896 0.000439695554405262 0.000322644758903579 0.000219056172226395 0.000208640672753546 0.000365218653860211 0.000332147899794144 0.00040099227896917 0.000196810633883615 0.000412888364790831 0.000495024398833266 0.000316790957464264 0.000275097986897777 0.000547009944534693 0.000388319086991373 0.000214925179963643 0.000563094326435021 0.000722934091089655 0.000142188751048167 0.000125664728679808 0.000135936668472403 0.000162688336671835 0.0002686543295356 0.000705847744055532 8.12670595129017e-05 6.34142660537296e-05 0.000198676426742983 0.000231192828896809 0.000223417997034403 0.000138904391425854 7.94841796107448e-05 3.67759552824864e-05 8.24384440171855e-05 0.000101911782624597 0.000104232691711559 7.84039966594818e-05 0.000103954260389871 5.43719768920425e-05 0.000187345493304747 0.000148568242513747 0.00012575519926159
-9999 -9999 -9999 0.000521087892069261 0.000401391736587087 0.00794685620167002 0.000199016153658249 0.000271810661042338 0.00136275573154308 0.00041647835431462 0.00143066368268592 0.000355516921289745 0.000256421598603396 0.000203611467210729 0.000194850836664173 0.00028738643449695 0.000186474992929053 0.000441065102705807 0.000486116741785736 0.000672324331662821 0.000156528080116125 0.000822360473620165 0.000645957966582955 0.000318648199327853 0.000155018327363798 0.00010382500271735 0.000107107736397505 9.46704922597519e-05 0.00011178805744656 0.000142566360832774 0.000142001953570903 0.000139192988606496 9.99607401617197e-05 0.000274460277822186 6.56126815661739e-05 0.000150206156590116 0.00014282396450227 8.13961648062467e-05 6.21426713268036e-05 0.000106868487901046 8.22113854551443e-05 0.000167606673873877 0.000134860162841477 0.000283196367892913 0.000322458829089101 0.000180171595945922 7.01691956152217e-05
0.00300990117539186 0.000269031334042324 0.000706129332493788 0.000626535589930199 0.00334739505741481 0.00105445331730607 0.000862873803862385 0.000321163540678526 0.00252538979839301 0.000914665114669333 0.000178517607173134 0.00656049657427502 0.00069473823270485 0.00044195152956803 0.000362646813422707 0.000626872910251564 0.000366244532787974 0.000262480062669113 0.000248389362801049 0.00031150525280168 0.000871466434716694 0.000507676271791979 0.000129486963156911 0.000365784280281822 0.000182611833799307 0.000211127423298585 7.83639969045291e-05 0.000124263410463143 0.000344924087393395 0.000144098297738537 0.000204963346689624 0.000207159938017298 0.00018150620233861 7.02796819716411e-05 0.0001903886771629 0.000215772216705545 0.000164365193208482 6.60769756425594e-05 7.47185142628837e-05 0.000111509967291568 0.000241617927764537 0.000180396804627492 0.000115537052611359 0.000239044975037928 0.000248518313107127 0.000324845857608125 0.000353979273393179
0.000208597706855551 0.000241914077080452 0.000392942292364751 0.00079793279395517 0.00337442231093519 0.00168700311713224 0.00125812957255391 0.000376473915794406 0.00166536042197336 0.000437070517557458 0.00114019777824979 0.00441695951820975 0.000738910343549826 0.000414042769006784 0.000922667933137689 0.0026229060692458 0.0010130723841371 0.000931448552762504 0.000208868639579407 0.000177533693006637 0.000137442246138875 0.000198582132980718 0.000235692083634831 0.000197601340232723 0.000104991437127921 0.000441573052700051 7.24565057397819e-05 0.00011167598747619 0.000129658266598653 9.54783711475837e-05 0.000495620033393607 0.000613255019379722 0.000681016107876076 0.000233969422710345 0.000208176496605006 0.000120220824970829 0.000236712057107979 0.000113707503638238 6.87596670573498e-05 0.000164056885972741 0.00012556547615894 0.000201452840468619 0.000201318030588027 0.000161001491770207 0.000295124349236175 0.000140342065066079 0.00015888870377978
0.000797354136534523 0.000554738720765258 0.000216856131157073 0.000103484611038152 0.000283055126338638 0.000222192012916977 0.00021941011049762 0.00116338790766122 0.000801225962408125 0.000641063051708057 0.000280418530731286 0.000367090555112926 0.00294980804259239 0.00196823213672133 0.000831761741706316 0.00206202542067331 0.000245909929349253 0.000252753011201889 0.000162050410576597 0.0003153400014412 0.00019103422199187 7.08570178126644e-05 0.00017675299853579 4.83787691748505e-05 8.70409810281747e-05 0.000183231575356402 0.000125143051513987 0.000217473452983086 0.000159399721474074 9.34826675268674e-05 0.000386301076235895 0.000194517199676625 7.66390773556225e-05 0.000111825264371213 0.000179576606919341 0.000306859170918017 0.000222513546640357 0.000290859215692763 4.71456753913912e-05 5.26322041915606e-05 3.92228070344558e-05 3.62500688402267e-05 0.000121550395198255 0.000157565500927603 0.0001310671201459 9.63618130981558e-05 6.34985639891728e-05
8.93980181892573e-05 0.000129239808052972 0.000298267679391273 0.0020443488984597 0.00131072035688646 0.00132392030145638 0.00114368836293579 0.00134548871085372 0.000109336308377728 0.000110572705135503 0.000124857411060653 0.00107912195598487 0.000338774325995672 0.00372123360102705 0.000590571545330931 0.00167796755188192 0.00145381069237374 0.000412894962454402 0.000570161038521633 0.000976781719225528 0.000921970827846508 0.00040007366815189 0.000234465625311486 6.67521347445188e-05 0.000143566265492723 0.000151528092172271 0.00027216428451311 0.000253682981671499 0.000129027907027535 6.32411865719718e-05 0.00355338763711188 0.000160384175415373 7.99913927984619e-05 0.000167203314144615 0.000299032408751998 0.000219741178334232 0.000384403783084508 0.000486511405381407 0.000185374191312349 0.000210657662819358 0.000223944881554416 4.01106831807718e-05 3.13443362461641e-05 3.2722924552786e-05 0.000150484414297125 0.000287622418852607 0.000181140375644873
