Scripts_&_data/Maxent_result_files_1/Bombus_lucorum_2.asc
NCOLS 594 
NROWS 330 
XLLCORNER -15 
YLLCORNER 23 
CELLSIZE 0.166666666666667 
NODATA_value -9999 
[rows 231 to 251 of 330, columns 46 to 91 of 594]
0.041812888905406 0.0236939620226622 0.0431562591344118 0.0405495569109917 0.0242704024538398 0.0369529370218515 0.02716303486377 0.0298037465661764 0.029807461425662 0.0343648362904787 0.0941625341773033 0.167389875650406 0.0653327118605375 0.0624086897820234 0.038893511518836 0.0470069631934166 0.142209362983704 0.179556420445442 0.114613892883062 0.237956790626049 0.116323868185282 0.028220753185451 0.0195515776053071 0.0193772324360907 0.018741063401103 0.0253329318016767 0.0271124843508005 0.0486673697829247 0.0351881496608257 0.0438121873885393 0.0507917437702417 0.0387169845402241 0.0629926107823849 0.0695887438952923 0.027958575822413 0.0788152985274792 0.020691082905978 0.0731646358966827 0.170648781955242 0.0321558061987162 0.026467857696116 0.120841036736965 -9999 -9999 -9999 -9999
0.0627390258014202 0.0442937325686216 0.0292113170027733 0.0221088895574212 0.0301363101229072 0.0307249346747994 0.0255910186097026 0.0201709542423487 0.0191774459555745 0.0324858712032437 0.0267033059149981 0.0216971382498741 0.0501624017953873 0.0377425070852041 0.0749677680432796 0.070891647040844 0.0956326454877853 0.0830847732722759 0.034954996034503 0.0778060674667358 0.031520901247859 0.0282826736569405 0.018154910672456 0.0293913682922721 0.0522308330982924 0.0306172218173742 0.0312069779261947 0.0439575545489788 0.0412703670561314 0.0427894689142704 0.060908343270421 0.0552240930497646 0.0549846984446049 0.0408602029085159 0.0584568545222282 0.0255195217207074 0.0531230986118317 0.0774773888289928 0.125850170105696 0.137817423045635 0.0220170080661774 0.0485084190964699 -9999 -9999 -9999 -9999
0.0320615502074361 0.0300925269722939 0.0237233310937881 0.0251458371058106 0.0232440132647753 0.0301428588107228 0.0205545952543616 0.0191783940419555 0.0383181439712644 0.0388719879090786 0.0302435327321291 0.0166865127161145 0.0232049245387316 0.0389466114342213 0.0611104924231768 0.0836809039115906 0.0907687582075596 0.140984534472227 0.0696262087672949 0.0389974972233176 0.0177079363726079 0.0372904933989048 0.0414339814335108 0.0356445230543613 0.0368147231638432 0.0264758881181478 0.0234162241220474 0.0247255451977253 0.0476040698587894 0.0329388089478016 0.0604283470660448 0.0581218130886555 0.0532274305820465 0.0502521809190512 0.0307707156985998 0.0316232942044735 0.0799919217824936 0.0708633340895176 0.141689269989729 0.105274788290262 0.0122702370397747 0.021601608209312 0.0701550807803869 -9999 -9999 -9999
0.0548706274479628 0.0589973781257868 0.091050224006176 0.0391517797484994 0.0385248513892293 0.0504796668887138 0.0290673930197954 0.0216535860672593 0.0324207896366715 0.0276392098516226 0.0360858617350459 0.0181197119876742 0.0226568730548024 0.0222352204844356 0.0528475537896156 0.0594747081398964 0.0837967164814472 0.0353008886799216 0.0342187345027924 0.0235332822427154 0.0415938884019852 0.0250107506290078 0.0161588441580534 0.023158410191536 0.019154310785234 0.0210777621716261 0.0376564376056194 0.0325911533087492 0.0348101815208793 0.0480286620557308 0.0301049022004008 0.0438705705106258 0.0521734729409218 0.0448215648531914 0.0367152994498611 0.0449889589101076 0.0415659390389919 0.0205010786652565 0.124689913541079 0.0729651071131229 0.0189308064058423 0.0183321954682469 0.0893450982868671 0.231221549212933 -9999 -9999
0.031005003862083 0.0491734024137259 0.032776821218431 0.022782133333385 0.0130751901306212 0.00964460354298353 0.0177965065464377 0.0149142167530954 0.0151896389201283 0.0179658157750964 0.0288687506690621 0.0211908234283328 0.0257321614772081 0.0353158038109541 0.037453781068325 0.0459749005734921 0.0606857798993587 0.068859551101923 0.0320222217589617 0.0329816846176982 0.0578726772218943 0.0225746255367994 0.0152788259088993 0.0186140541918576 0.0216008517891169 0.0259806357324123 0.0245478859171271 0.039226957410574 0.0317889150232077 0.0715259037911892 0.121412774175405 0.0442477654665709 0.0292829480022192 0.0417613420635462 0.0499351561069489 0.0311076994985342 0.0264973381534219 0.0239270128309727 0.0243514206260443 0.0428115207701921 0.100918224453926 0.0535329982638359 0.191124328970909 0.0855762712657452 0.0187300179153681 -9999
0.028538384847343 0.0146414770744741 0.0217658050358295 0.0218002023175359 0.0134035136550665 0.00689684846438468 0.00766095756553113 0.0136240954510868 0.0154876709915698 0.014489459618926 0.0176265077665448 0.0180390620604157 0.0361536076292396 0.0271387340500951 0.0307185592129827 0.0431959345936775 0.0670866642147303 0.0407431218773127 0.0544791851192713 0.0368588922545314 0.0514668226242065 0.0463778048753738 0.019811505638063 0.0179257747717202 0.0336584294214845 0.0214616362005472 0.0263316698372364 0.067265946418047 0.0946913838386536 0.432717618346214 0.215052855014801 0.0936821356415749 0.0317805135622621 0.0236785236746073 0.0236216647550464 0.0316389990970492 0.026116444543004 0.0204049789346755 0.0165364039130509 0.0418369865044951 0.0637180708348751 0.127835185825825 0.0697000924497843 0.0985513612627983 -9999 -9999
0.0247325031086802 0.0259473148733377 0.0409356400370598 0.0557462256401777 0.0184686145745218 0.023943885974586 0.0233991472050548 0.0291732653975487 0.0210947867482901 0.0260466320440173 0.0282707922160625 0.022715643234551 0.0287036772817373 0.030076576769352 0.0344630675390363 0.0264548500999808 0.0404452133923769 0.105205508321524 0.107550569623709 0.0943669810891151 0.0563850212842226 0.132367836683989 0.124784289300442 0.124801790714264 0.11428557485342 0.0912666954100132 0.0557007156312466 0.082560707628727 0.175151924788952 0.363043943047524 0.0673658404499292 0.0293252792209387 0.0369661273434758 0.017222157958895 0.0190091631375253 0.0177240932360291 0.0170960504561663 0.0214187398552895 0.0124266273342073 0.0265932725742459 0.0335952173918486 0.0981695160269737 -9999 -9999 -9999 -9999
0.0163284920156002 0.0328236624598503 0.034062921628356 0.0268846640363336 0.0158155339770019 0.0201646810397506 0.0305302882567048 0.0163212780840695 0.0213438859209418 0.0181640430353582 0.0166367433033884 0.0156341221183538 0.0194050973281264 0.0436373461037874 0.0281885005533695 0.0359653608873487 0.0772093653678894 0.0890938296914101 0.0611331690102816 0.0343526292592287 0.0578582901507616 0.0401921074837446 0.0253151694312692 0.00804380043409765 0.0166820199228823 0.0155308669432998 0.0184984374791384 0.121768781542778 0.381050708889961 0.269469338655472 0.109399133175611 0.0933943651616573 0.038711435161531 0.0139477761462331 0.0122381761670113 0.012015622574836 0.00985836097970605 0.0158113487064838 0.0138611401431262 0.0216174287721515 0.00388774150051177 -9999 -9999 -9999 -9999 -9999
0.020752808265388 0.036123301461339 0.029734936915338 0.0260444803163409 0.0228481465950608 0.0491929076611996 0.0236393336206675 0.0284196784719825 0.0294446609914303 0.0305656248703599 0.0266221692785621 0.0217991450801492 0.0390020646154881 0.0671043235808611 0.0637201774865389 0.0328574122861028 0.0250136431306601 0.0135724419727921 0.00808887048624456 0.0161672499962151 0.00922630126588047 0.0124206051230431 0.0124573074281216 0.0123680465854704 0.0219066204503179 0.0271220080554485 0.150419728457928 0.295017379522324 0.446056053042412 0.451523700356483 0.187583741545677 0.0674949456006289 0.0265663487836719 0.0224306982941926 0.015579878911376 0.00843630684539676 0.0150715109892189 0.0229572176933289 0.0111340418457985 0.0225414697080851 -9999 -9999 -9999 -9999 -9999 -9999
0.0232586719095707 0.0560849562287331 0.0551534086465836 0.0577282510697842 0.0471051517874002 0.0223673306405544 0.0260944193229079 0.0307357523590326 0.0282923586666584 0.0312331903725863 0.0750795178115368 0.0451886862516403 0.0430739909410477 0.0288479343056679 0.00997763499617577 0.0171734571456909 0.0103579274378717 0.0198216304183006 0.0206168290227652 0.0217526894062757 0.0125642141327262 0.017860484868288 0.023466644436121 0.0228361001238227 0.0244068495929241 0.0219060685485601 0.209842102229595 0.358432477712631 0.119409462809563 0.0398357946425676 0.0629173394292593 0.02899264767766 0.0189571219496429 0.0252567678689957 0.0533059980720282 0.00774661796167493 0.0122097837738693 0.0177441858686507 0.0123006019741297 0.0494858711957932 -9999 -9999 -9999 -9999 -9999 -9999
0.0221490282565355 0.0283763034269214 0.0306050308048725 0.0223722126334906 0.0355410043150187 0.0215285141021013 0.0131381245329976 0.0189865813590586 0.0149324780330062 0.0186221169307828 0.0122423985041678 0.00770720201544464 0.00880210311152041 0.0162440275773406 0.0160924314521253 0.0164267833344638 0.0171466978266835 0.0195008169859648 0.0217176787555218 0.0259185137227178 0.0274001514539123 0.026498456299305 0.0256502334028482 0.0425445262342691 0.00910624535754323 0.0108933926559985 0.0294710895046592 0.0344123680144548 0.0315748060122132 0.0446310587227344 0.0299479488283396 0.0217226758599281 0.0145691051147878 0.0181457031518221 0.01027458505705 0.015346537809819 0.0151237610727549 0.0176933472044766 0.0217859428375959 -9999 -9999 -9999 -9999 -9999 -9999 -9999
0.0153233942575753 0.0149401342496276 0.0148835813626647 0.0190761970356107 0.0335016475990415 0.0239833856001496 0.0107783553190529 0.00959534021094441 0.015450263209641 0.0138227470219135 0.0177430879324675 0.0135538516566157 0.0159474762156606 0.0155301150865853 0.0156991698779166 0.0166855202056468 0.0195872966200113 0.0262182449921966 0.0279484815895557 0.0213826326653361 0.0239472957327962 0.0477047976106405 0.028469124622643 0.0557838551700115 0.0460784185677767 0.0174729798920453 0.0142131362110376 0.0177553301677108 0.0165861457586288 0.0328990716487169 0.0450879022479057 0.0548193886876106 0.0450863994657993 0.0159280205145478 0.0121562109794468 0.0104197923559695 0.097663377225399 0.104789482057095 0.136356639862061 -9999 -9999 -9999 -9999 -9999 -9999 -9999
0.0212585451081395 0.0141025888733566 0.0126168707385659 0.0108937600627542 0.0103250229731202 0.0136751420795918 0.0190573627129197 0.0327059205621481 0.0324219280853868 0.0139865003526211 0.0176630263216794 0.0164213140495121 0.0156685334630311 0.015157075971365 0.0152984881773591 0.0169726222753525 0.0198080668225884 0.0249433340504766 0.0333905456587672 0.0312310565263033 0.0550364565104246 0.0284413911402225 0.0192393787205219 0.0219590010121465 0.0402193836867809 0.0272331776097417 0.0402629781514406 0.0406001450493932 0.0282764595001936 0.0446711618453264 0.0327957091853023 0.0340408191084862 0.0153776139952242 0.010436392808333 0.110114776343107 -9999 -9999 -9999 -9999 -9999 -9999 -9999 -9999 -9999 -9999 -9999
0.0249533360823989 0.0267673982307315 0.00409295815043151 0.0106323638930917 0.0117120834067464 0.00991119383834302 0.0108161209151149 0.0156451995484531 0.0195293924771249 0.0179532034322619 0.0116594360210001 0.0153193982318044 0.0158479983918369 0.0153694638051093 0.0159079276956618 0.0186341938562691 0.0180488148704171 0.0290254317224026 0.017221406288445 0.0251921404153109 0.0301422361284494 0.0439550347626209 0.0447041656821966 0.146996815502644 0.0969699203968048 0.0456200651824474 0.0964436702430248 0.331950229406357 0.245414420962334 0.204858262836933 0.0290333058685064 0.0282563799992204 0.00884675728157163 -9999 -9999 -9999 -9999 -9999 -9999 -9999 -9999 -9999 -9999 -9999 -9999 -9999
-9999 -9999 -9999 -9999 0.0218361685052514 0.00723336380906403 0.0143544019199908 0.0215229792520404 0.0199039067141712 0.0150919305160642 0.015164199564606 0.0122716655954719 0.00910010067746043 0.017554719094187 0.0150747816078365 0.015039352979511 0.0134770464152098 0.0146416479721665 0.0347237443551421 0.0396963208913803 0.0388895057141781 0.0127720055170357 0.0456355173140764 0.110620053857565 0.144919199496508 0.489145180583 0.280644325911999 0.126370060443878 0.0806826122105122 0.0196082290261984 0.0195427314378321 0.0200240569189191 0.0343378849327564 -9999 -9999 -9999 -9999 -9999 -9999 -9999 -9999 -9999 -9999 -9999 -9999 -9999
-9999 -9999 -9999 -9999 -9999 0.0113506188616157 0.00208831889322028 0.0181792280636728 0.0160691453143954 0.0153168723918498 0.0122211649082601 0.00582172805443406 0.0131151961162686 0.0152848357334733 0.00585112851113081 0.00519224917516112 0.0173872483894229 0.0135384626686573 0.0130443014204502 0.0300363199785352 0.0339875793084502 0.059809110686183 0.0361004209145904 0.0382997965440154 0.108096373826265 0.0495642200112343 0.0636893086135387 0.0550771486014128 0.0482431046664715 0.00961071420460939 0.0126016837544739 0.00642019622027874 -9999 -9999 -9999 -9999 -9999 -9999 -9999 -9999 -9999 -9999 -9999 -9999 -9999 -9999
-9999 -9999 -9999 -9999 -9999 -9999 0.021153403352946 0.0381211379542947 0.0173155817203224 0.0178157859481871 0.0123316158540547 0.0322255373001099 0.0144039742648602 0.014194028545171 0.0113279749639332 0.007046536821872 0.0134233890101314 0.272982874512672 0.218769001960754 0.182875365018845 0.329481780529022 0.383378031849861 0.139162690192461 0.0348755532875657 -9999 -9999 0.023247848264873 0.00227646087296307 -9999 -9999 -9999 -9999 -9999 -9999 -9999 -9999 -9999 -9999 -9999 -9999 -9999 -9999 -9999 -9999 -9999 -9999
-9999 -9999 -9999 -9999 -9999 -9999 0.0135484575293958 0.0195057648234069 0.0194820243865252 0.0080823979806155 0.0413608822971582 0.0586062118411064 0.0567073807120323 0.0767883345484734 0.0701283235102892 0.00914111258462071 0.184566657245159 -9999 -9999 -9999 -9999 -9999 -9999 -9999 -9999 -9999 -9999 -9999 -9999 -9999 -9999 -9999 -9999 -9999 -9999 -9999 -9999 -9999 -9999 -9999 -9999 -9999 -9999 -9999 -9999 -9999
-9999 -9999 -9999 -9999 -9999 -9999 -9999 0.0320261850953102 0.0106523493304849 0.00228000305360183 0.0437677435576916 0.00949112046509981 0.0242331746965647 -9999 -9999 -9999 -9999 -9999 -9999 -9999 -9999 -9999 -9999 -9999 -9999 -9999 -9999 -9999 -9999 -9999 -9999 -9999 -9999 -9999 -9999 -9999 -9999 -9999 -9999 -9999 -9999 -9999 -9999 -9999 -9999 -9999
-9999 -9999 -9999 -9999 -9999 -9999 -9999 -9999 0.0157398104667664 0.010197240812704 0.0358555719256401 0.0374195199459791 -9999 -9999 -9999 -9999 -9999 -9999 -9999 -9999 -9999 -9999 -9999 -9999 -9999 -9999 -9999 -9999 -9999 -9999 -9999 -9999 -9999 -9999 -9999 -9999 -9999 -9999 -9999 -9999 -9999 -9999 -9999 -9999 -9999 -9999
-9999 -9999 -9999 -9999 -9999 -9999 -9999 -9999 -9999 0.136903334408998 0.0290744127705693 -9999 -9999 -9999 -9999 -9999 -9999 -9999 -9999 -9999 -9999 -9999 -9999 -9999 -9999 -9999 -9999 -9999 -9999 -9999 -9999 -9999 -9999 -9999 -9999 -9999 -9999 -9999 -9999 -9999 -9999 -9999 -9999 -9999 -9999 0.0154696554876864
