Scripts_&_data/Maxent_result_files_1/Bombus_jonellus_2.asc
NCOLS 594 
NROWS 330 
XLLCORNER -15 
YLLCORNER 23 
CELLSIZE 0.166666666666667 
NODATA_value -9999 
[rows 220 to 239 of 330, columns 460 to 505 of 594]
2.46125511982331e-07 2.51575007115257e-07 1.98978939403016e-07 2.0752110585498e-07 2.0244565466232e-07 2.17456999740406e-07 3.22866659929755e-07 3.48927338178484e-07 2.1053484217104e-07 1.93333132203488e-07 1.22321762627831e-06 2.08217571525893e-05 2.16006074822417e-05 6.19193405781981e-07 8.56930601933481e-07 4.70348230585671e-07 5.28339331640204e-07 5.690429214944e-07 6.83969016553876e-06 1.20281692488788e-05 2.9286356357261e-05 3.37590219544381e-05 2.43543103806587e-05 3.36185441028647e-05 3.72226198578574e-05 4.12328311540477e-05 3.53186929714866e-05 4.2891443172266e-05 4.21422358158452e-05 4.43207310127036e-05 1.76673600435606e-05 1.75351206053165e-05 1.72891702732159e-05 1.60440429226583e-05 1.81148241608753e-05 4.90528120735689e-06 1.88275731034082e-05 1.91579771126271e-05 1.13128036900889e-05 9.42815729558788e-06 1.65240358455776e-05 1.55656292008644e-05 9.90527717021905e-06 1.76565505171311e-05 0.000217357667133911 0.00100415740744211
4.0601409383445e-07 9.20781264723836e-07 2.07494190496149e-07 1.81401137377968e-07 1.77582375526786e-07 1.69527847782014e-07 2.53135082439737e-07 2.4536860347979e-07 2.48705149097361e-07 1.76410667218629e-07 3.00336669867285e-07 5.35754586117321e-07 6.32213545215254e-07 4.03541550897391e-07 4.93042610383299e-07 3.75614976599881e-07 3.28216775180579e-07 2.57940187986527e-07 2.29300747578431e-07 1.20815991953016e-06 5.9101992064825e-06 6.87663338112543e-06 3.09773842218419e-05 1.82194740773411e-05 3.65573364433658e-05 4.51744530437281e-05 1.05624603244925e-05 1.7826860809167e-05 8.56574461133297e-06 1.54100785421885e-05 1.03537888796246e-05 2.54130803114094e-05 1.79065605777851e-05 1.96527430489368e-05 1.58688851570332e-05 1.769254699866e-05 1.71582617895183e-05 1.54417210978863e-05 2.50237233558437e-05 4.34081144703669e-05 9.62608596637438e-06 6.5291384999e-06 4.30738152203958e-06 1.74474655068479e-05 0.000118613383892807 8.14682178315707e-05
1.02546022668903e-06 2.31346691259571e-07 7.78482803220903e-08 1.60106554147887e-07 1.48729108284673e-07 1.55878246987928e-07 2.00101131830888e-07 1.58345050782494e-07 1.52299769529129e-07 1.88992305127922e-07 3.60617509786998e-07 6.11346790080347e-07 5.92741209282099e-07 2.46390675662234e-07 3.1812673044751e-07 2.97175910723979e-07 2.12628702866979e-07 1.44314701144843e-07 1.51868587561221e-07 1.16924094072601e-05 1.07700881471828e-05 1.70962107858941e-05 1.39166739245411e-05 2.01620983261819e-05 4.43054703282542e-05 2.20436840209004e-05 2.28287960453599e-05 1.02122086135803e-05 3.77489792299457e-05 6.34157211513164e-06 1.58977250903747e-05 1.08973434836623e-05 2.1369384683112e-05 3.33857733494369e-05 3.55699838110013e-05 6.27716490271268e-05 2.41995192482136e-05 2.81986186109862e-05 7.8864471106499e-06 1.26509133679065e-05 2.93860175588634e-05 3.31558699144807e-05 2.21777355220665e-05 2.24836848701671e-05 3.45524728800228e-05 6.0049968851672e-05
2.40478113555653e-07 2.95070951683574e-07 1.7272478908259e-07 1.49124784643018e-07 1.36497518810064e-07 1.34908108062604e-07 1.83347309601345e-07 1.26255358046112e-07 1.30474937409808e-07 1.26950093859435e-07 1.65473671653871e-07 2.89945058995489e-07 5.00468076636285e-07 6.08438375837572e-07 6.06846137640726e-07 3.65930743040366e-07 3.64701099431208e-07 1.92909345064773e-07 1.05852715364563e-05 1.25401974628403e-05 1.70898310216216e-05 2.58146866144671e-05 2.00200973267783e-05 2.75917324870534e-05 3.4840083844756e-05 9.22619061384466e-05 9.99927138764178e-05 0.000104486613236077 8.10820176411653e-05 6.99677577358671e-05 3.06999860185897e-05 7.94754508666173e-06 7.1008587113397e-06 3.56693757566973e-05 5.32367697815062e-05 5.04664956917367e-06 1.21219348102386e-05 3.93867612729082e-06 1.80517457920359e-05 2.98752182970929e-05 1.77251062723371e-05 1.85026616236428e-05 1.75842020325945e-05 9.530903025734e-06 1.78501547907217e-05 5.01341413837508e-05
1.7109306429397e-07 1.46798260225456e-07 1.77496603970262e-07 1.92706819379662e-07 1.23713004696047e-07 1.28222010853385e-07 1.49781172831265e-07 1.21315665646549e-07 1.16671079752884e-07 6.95160179309262e-08 7.14497757958732e-08 1.34392256989635e-07 1.70593782566897e-07 2.20238736059475e-07 2.22145716588518e-07 2.35350084720753e-07 2.88437158990629e-07 3.05873430483938e-07 1.8692517696195e-05 1.27510070421888e-05 2.64684570083773e-05 3.23647775076097e-05 5.79743596972548e-05 8.88953889443655e-05 5.86342865972256e-05 8.80689181940397e-05 0.000105453182550264 0.000667453277856112 0.00113067225902341 0.00254899304127321 0.000340906162455212 7.50004905057722e-05 2.73561195626826e-05 1.69883485796163e-05 1.52900856846827e-05 3.23963777191238e-05 5.09526735754662e-06 1.22473284591251e-05 2.0359089194244e-05 1.3938368874733e-05 8.05585621037608e-06 1.47791243307438e-05 3.96155928683584e-05 8.58497662648006e-06 2.03003396109125e-05 1.82934068561735e-05
2.01582119896404e-07 1.35002790535577e-07 2.22084565915104e-07 1.52298569711107e-07 1.73993236651793e-07 1.18537636095706e-07 1.16805421890298e-07 1.18489480305239e-07 1.09566375527947e-07 1.78028736752545e-07 9.00419418359277e-08 4.13610937943787e-08 7.14976830740177e-08 1.47547736029097e-07 1.96032743626784e-07 2.46128879122232e-07 3.27098946817372e-07 3.33505488858687e-07 5.787141553526e-07 4.32602093314305e-07 1.30168438934541e-05 5.11851857481815e-05 4.67065697193902e-05 0.000144245142291766 0.000498304583015852 0.000776771001983434 0.000642407679697499 9.49312547163572e-05 0.00045869196910644 0.00312653363216668 0.00336520249256864 0.00255753454985097 0.00043655820627464 0.000167823468291317 9.61151474257349e-05 4.94243434445707e-06 1.10716084236628e-05 1.63825633535453e-05 7.48389718410181e-06 1.63752129537897e-05 5.9282501524649e-06 1.13205688649032e-05 1.69673471646092e-05 1.57175141794141e-05 1.9022489004783e-05 3.81837935492513e-05
1.83401167663799e-07 1.68801613908975e-07 1.27888256129527e-07 1.21546820297525e-07 9.49469523225943e-08 1.1556476080532e-07 1.38891160306187e-07 1.28074871641459e-07 1.06951471134931e-07 1.03288097508258e-07 1.11595670104769e-07 6.95196293420963e-08 6.46413147786795e-08 1.59852887438028e-07 1.54385373862809e-07 1.10670957509384e-07 2.27804336727644e-08 1.38569306828984e-07 4.16338196362886e-08 1.46934732636605e-07 1.1670766366656e-07 4.30632217103266e-06 5.31896287156997e-06 2.4694065177755e-05 0.000151329374421039 0.000188078331484576 0.000121632021546247 0.000207817417322076 0.000615481268323492 0.000170715990680037 4.76960877676902e-05 3.99653727072291e-05 6.46127187792445e-05 0.000562282218015753 0.000900332155288197 3.35260268457205e-05 1.66479677318421e-05 4.63756767203449e-05 7.73173251218395e-06 1.54420618855511e-05 6.74338598400936e-06 5.9578988384601e-06 5.34236551175127e-05 3.02977444334829e-05 4.4099581464252e-05 2.63925160652434e-05
1.65352937830932e-07 1.51665692471603e-07 1.51462384589962e-07 1.35835924086614e-07 1.38660981752192e-07 1.09542359005843e-07 9.83141008936705e-08 1.04513251197869e-07 9.75545455528248e-08 9.8799695491536e-08 1.05873232725262e-07 1.04894494035168e-07 1.04230178854525e-07 1.16118950876931e-07 8.59784639151151e-08 5.56613803155415e-06 1.33728461264582e-05 2.38509654536756e-05 1.8251134588354e-05 7.2007276569197e-07 6.78928448683003e-08 6.44731246988162e-06 1.08748291722804e-05 1.32359840563367e-05 1.75842446196839e-05 2.2611094163949e-05 9.54460110733635e-06 1.65969292766022e-05 7.4321571105429e-06 2.06058558660516e-05 8.4126168644616e-06 3.15009629957785e-05 2.13693620025879e-05 3.18544832225598e-05 2.58459597716865e-05 8.81102310813731e-05 7.07202591001987e-05 9.97430171992164e-05 2.78209974567289e-05 1.76445789747959e-05 1.70244084074511e-05 8.90277028702258e-06 9.72413172348752e-06 1.3436530753097e-05 1.99683329810796e-05 3.69527025213756e-05
1.39632231499487e-07 1.58820129514403e-07 1.58458668675365e-07 1.46080709906293e-07 1.12279512243241e-07 8.17156912025219e-08 1.13746124941194e-07 9.88169670201877e-08 9.45297676024914e-08 9.73782588342686e-08 9.96979256040476e-08 9.53102177070342e-08 9.20660765624248e-08 1.18838943641286e-07 3.7993455537233e-08 1.25721182257621e-05 1.18590371130267e-05 5.42198920356896e-06 5.21742003045667e-08 6.33747344491731e-08 6.14825178657519e-08 8.28883238593869e-06 2.60789504864078e-05 1.51760488051877e-05 5.83409824344017e-06 1.26321502079918e-05 1.97759825368848e-05 8.13232190921553e-05 7.74867277868907e-05 0.000119177174929064 0.00014228435975383 0.000175723061329336 2.64658926425909e-05 0.000140665034632548 4.02680676415912e-05 0.000296395538316574 0.000157483235670952 0.000152767031977419 3.32321921632683e-05 2.30926333642856e-05 4.4108742622484e-05 4.88877916723141e-05 9.63693637459073e-05 0.000313915881270077 0.000527886420604773 0.000456118215515744
1.80136412386567e-07 2.12781095776382e-07 1.51238301704382e-07 1.46049323801467e-07 1.08599282799826e-07 6.59116936141402e-08 6.28187857065754e-08 9.57562105496912e-08 9.26791697053453e-08 9.47260974881736e-08 6.18756842984958e-08 1.10899184102564e-07 1.13386656719339e-07 7.12147622539128e-08 1.13157347791937e-07 1.14526012310323e-06 6.48620495391494e-06 1.75273463831616e-07 9.89023274833301e-08 8.57021022815374e-08 1.84068408504157e-07 9.81420343326711e-08 1.55086787234637e-06 1.50095493381741e-05 3.70256535461522e-05 9.28984161873814e-05 8.51712145959027e-05 2.31590716878172e-06 2.72900633717654e-06 0.000127336875448236 0.000166458100284217 0.000274016652110731 0.000217933199746767 0.000275837245862931 0.000495443686668295 0.000188861298374832 0.00151261164573953 0.00188731530215591 0.00938256597146392 0.000884977576788515 0.002961477835197 0.0115069154649973 0.00962325939908624 0.000746118504321203 0.000915680319303647 0.00205873365048319
1.68084514551303e-07 1.84329495933611e-07 1.50421644051768e-07 1.24431224635124e-07 9.42479004617525e-08 1.01104242544725e-07 6.31576923981747e-08 6.45313943392622e-08 8.89535022752241e-08 7.24072660496233e-08 6.87087797213159e-08 4.71307907923268e-08 4.40983861316191e-08 7.2469018774779e-08 6.64448385867544e-08 1.72254259045435e-07 5.67527444261806e-08 1.17485923945004e-07 2.58678137665669e-07 1.60686267836052e-07 1.14226408698403e-07 1.58350839404298e-06 5.00546906323507e-06 3.7703524243482e-06 3.36843369208584e-07 7.68880801038652e-07 1.33629550873593e-05 1.24959827417115e-05 2.40166793332719e-06 1.09824847072559e-05 1.46476536656337e-05 0.000115029678636347 0.000329881395009579 0.000441678837523796 0.000164626578043681 0.00601366315968335 0.00587542341090739 0.00607515284791589 0.00829618130810559 0.0768782760947943 0.124258324503899 0.0135994824680996 0.00968352425049835 0.0951967604458332 0.00196135607369142 0.00635895946258445
9.98425785270207e-08 1.07388223991034e-07 9.03268578600347e-08 9.81580104864044e-08 9.57773972576348e-08 8.9354297327926e-08 8.82923126943602e-08 7.31152330568641e-08 7.36947225798978e-08 5.81708367031197e-08 8.19388274675426e-08 4.91746877551158e-08 5.4292538120837e-08 3.53472424108325e-08 1.24771216258868e-07 1.36382678095348e-07 9.14163534093682e-08 1.21349689152783e-07 1.03591973843464e-07 3.07744489891348e-08 2.30042459958835e-07 4.09061395957311e-06 5.54960769250101e-06 1.23178855185868e-06 6.2680080192834e-07 1.18333492246103e-06 5.43742886727205e-06 4.44882638817035e-06 7.3175603006348e-06 0.000266218140313867 0.000298901880159974 0.000618422182742506 0.000568183610448614 0.000973508512834087 0.000341976282652467 0.00340979450847954 0.00185633236542344 0.0034412799635902 0.00163127029081807 0.00442822831682861 0.007188964728266 0.00327367552555398 0.00570538188882281 0.00569332745889681 0.00237176822619414 0.00222415812625024
8.95300431569268e-08 9.37885850316178e-08 9.52250321706316e-08 9.52153212718798e-08 9.72842491564485e-08 8.45001477012275e-08 7.2904665859852e-08 5.20269542336749e-08 4.32777872094725e-08 1.21592330570852e-07 4.98808399473916e-08 6.26849375628957e-08 8.97329697657767e-08 6.34284032186017e-08 1.07682746008919e-07 9.24427197013244e-08 1.01273535957347e-07 1.36019795715647e-07 2.08592422268339e-07 1.34171135290906e-07 2.08903472065369e-07 1.60047791553097e-06 9.39278970180091e-07 5.19848217583885e-08 2.61343675478365e-07 1.7179499219977e-06 5.13756181241831e-07 1.3421764862187e-06 1.73599284636339e-06 5.27580272091654e-06 1.14895327442355e-05 0.000150904167094268 0.000391186322667636 0.00207103127613664 0.00259479029336944 0.0100649170111865 0.00850090300664306 0.0523619566112757 0.0273026954382658 0.104136683791876 0.0415968097746372 0.0157420534640551 0.0439207896590233 0.0588980799540877 0.0514319658279419 0.0172506056527254
9.63288859900935e-08 1.00321076035303e-07 1.17499950569311e-07 8.25655522840307e-08 8.76642923919313e-08 8.91055485618963e-08 1.18349436339926e-07 9.78537738172136e-08 8.34524237158796e-08 5.26405642298222e-08 5.25184030930603e-08 9.67741032020797e-07 4.27845667672067e-08 7.6927805281457e-08 7.69475438144873e-08 9.76871725621997e-08 7.61359690515384e-08 9.12948135645131e-08 1.25431424469191e-07 1.23214716052367e-07 3.79008393569524e-07 1.44877407048938e-07 3.46326591493806e-07 1.40698361832392e-06 2.10317718938313e-06 6.12674197286722e-07 5.64740810760078e-07 4.13120506550513e-06 1.24582146270313e-06 1.5223615537252e-05 5.29171329617384e-05 0.000131427132509998 9.47297623497434e-05 0.00160222089616582 0.00398857686668634 0.0789167765527964 0.116454795747995 0.101216931641102 0.100703855603933 0.0901669044047594 0.0340223120525479 0.0631376851350069 0.0331245364621282 0.00524937258795484 0.15278854444623 0.0296475945040584
8.80268041902887e-08 1.05360244684327e-07 7.52779542811943e-08 9.82018906636739e-08 1.08974585055766e-07 9.2500962034503e-08 7.39400054072803e-08 5.92883769412467e-08 5.76658438111721e-08 5.41879135007584e-08 6.57153085503737e-08 4.51095002684809e-08 3.01074704500692e-08 2.04696593120168e-08 8.55809674571439e-08 7.28496488577868e-08 8.79137820208875e-08 6.82107341831717e-08 1.31816502346727e-07 1.85511852035525e-07 5.74375889850209e-08 3.23097618704082e-07 1.14957171177821e-06 1.54749562000234e-06 4.97480375543091e-06 3.86064252255736e-07 1.19139648372402e-06 5.16071155516329e-06 6.53508158166005e-06 8.17204368104285e-06 1.78189214238955e-05 3.55009078703006e-05 0.00018525182022131 0.00178681056713685 0.0666143365204334 0.0783275611698628 0.0225847830995917 0.0344208022579551 0.0617853011935949 0.0394037585891056 0.0487998270837124 0.234044843167067 0.00813587382435799 0.00233363706180825 0.00784471225037606 0.00557409236207604
7.42176705981201e-08 7.7220064231831e-08 8.73424010672252e-08 7.97459043688775e-08 1.00741774511359e-07 4.90264263075524e-08 4.74110987469523e-08 4.89976096695877e-08 4.71338203134053e-08 4.6930463959427e-08 4.27837140382081e-08 4.26855039759033e-08 5.08757510342406e-08 2.81815049740786e-08 1.43238852223782e-08 4.56477900256935e-08 5.91418389817022e-08 3.88285624319806e-08 4.85327055765872e-08 5.80188292487183e-07 2.06310476533744e-06 1.16703264119167e-07 6.08017811032369e-07 5.83389800112855e-07 3.82684518740461e-06 1.91669217031176e-07 1.44339551724215e-06 1.56763159822049e-06 4.11260690498239e-06 8.86432558218075e-06 0.000187048137013335 0.00169879098539241 0.00305751953274012 0.00726274165790528 0.0656157944351435 0.0375180184841156 0.00132955804583617 0.00412682227324694 0.0208107935264707 0.00400852614548057 0.00143174438853748 0.00231197223765776 0.000855988494004123 0.00193880680017173 0.00325110799167305 0.001710659195669
6.71571115162806e-08 5.56005354424016e-08 4.76204699340066e-08 3.80787905651658e-08 4.44949169620124e-08 3.97908258342738e-08 3.49470569038779e-08 3.52264754144294e-08 3.43997989982192e-08 3.37303133091105e-08 3.4721423369799e-08 4.23634383572846e-08 3.92296401918735e-08 4.01840989261437e-08 1.8444015094099e-07 2.80532244767429e-08 2.42162914054767e-08 6.77920086289419e-08 1.98719709498807e-07 2.57067892051044e-07 3.41916947377285e-06 2.24928115954981e-06 5.59026461210976e-07 1.82037107165911e-07 5.25860457756266e-07 1.14072441306234e-06 3.21023094613793e-06 2.20589776347424e-06 2.72337152637192e-05 3.14438505483849e-05 0.000183913564615068 0.00145028659608215 0.00217235472518951 0.00879697375930846 0.0065681662177667 0.00318164036143571 0.00147159891203046 0.000795950481551699 8.49068430397892e-05 0.000133469550564769 0.000128877489987644 6.2774972684565e-05 0.000277745992934797 0.000219027917773928 0.00023095408178051 0.00047854423901299
7.7045668955833e-08 6.20662756634083e-08 4.80152330895045e-08 4.09494837150248e-08 3.72986992736024e-08 3.57816061113958e-08 2.95102914438239e-08 2.6393630592203e-08 2.69640258343529e-08 2.99460005237506e-08 4.18045439487536e-08 3.74479396381133e-08 3.88321297228877e-08 4.46174271306887e-08 3.44417429909427e-08 4.27680507675277e-08 1.49785682168613e-07 2.65107731101111e-08 4.62958455904605e-08 2.71101504256688e-07 6.02478037281529e-07 2.26846009070414e-06 6.86280478134904e-07 1.83037497791805e-07 2.46985693053148e-06 3.00695948567409e-06 5.05430724615508e-06 2.50616578796325e-05 5.50344990188023e-05 8.49699245009106e-05 0.000277582626586081 0.00296758424956352 0.00527363452129066 0.00339145499747247 0.00390965329715982 0.00441638804040849 2.04772190954827e-05 8.26419015993452e-06 1.05250133628942e-05 4.06083074722119e-06 1.68906391536439e-05 1.45751787385962e-05 9.1398094809847e-05 4.71388022560859e-05 3.91385874536354e-05 0.000125148033475853
1.14382120708356e-07 6.95273326800638e-08 5.03755397507355e-08 5.84392841007642e-08 5.96245262163286e-08 5.14064569134831e-08 3.0777075532562e-08 2.56568988499239e-08 2.70623915499257e-08 4.69731376573357e-08 6.81876859087716e-08 5.00874552722408e-08 6.18524002682364e-08 5.73387393343339e-08 6.29986884104206e-08 5.26387967170194e-07 2.43550251965985e-07 1.37781696663009e-07 1.69956469453503e-08 4.37892680338337e-07 1.37742626264981e-06 1.22739610617373e-06 1.45960966528857e-06 2.2659024733751e-06 1.42363970638826e-06 2.75362121442413e-06 6.91817585902754e-06 3.20024801112595e-05 7.21901413271553e-05 0.000234325855853967 0.00188164300634526 0.000810201160493307 0.00157177144428715 0.00108242193236947 0.000221436392894248 2.05481271223107e-05 2.61430562886744e-06 9.29564255329751e-06 1.283010391262e-06 3.3521390560054e-05 1.41545964879697e-05 3.57341396011179e-05 9.78234613739914e-06 7.97113211774558e-06 1.64443666335501e-05 8.10090423328802e-05
1.26612638895462e-07 1.77295343517514e-08 3.07872486060567e-08 5.47220203928056e-08 4.38580813333367e-08 5.18537317639733e-08 3.63939103187327e-08 2.85346079431648e-08 3.7140221054166e-08 1.82673602644456e-07 3.85134262359532e-07 4.54482060874284e-07 9.5160169237829e-07 1.01377852814721e-06 3.44570846522174e-07 2.15370943124071e-07 2.6004530262469e-07 2.37538981906482e-07 1.17082475270536e-07 1.86765416465562e-07 7.0389989492714e-08 6.15057358932525e-08 1.55141788411584e-06 2.33424150886119e-07 1.98514132421224e-06 1.63721009442952e-06 5.63643841360317e-06 1.41469173513542e-05 9.20385904464638e-05 0.00098576970922295 0.00399144787807018 0.000552574868197553 7.38249880214426e-06 3.74483846599105e-06 5.69824153444642e-06 4.02109494823666e-07 3.72525005332136e-06 2.53217186063637e-07 2.24106224777643e-05 3.63879313226789e-05 1.90324803497788e-05 8.7158133851517e-06 4.04847261847863e-07 2.59482529827437e-06 1.10484855895265e-05 2.28325097850757e-06
