Scripts_&_data/Maxent_result_files_1/Bombus_modestus_2.asc
NCOLS 594 
NROWS 330 
XLLCORNER -15 
YLLCORNER 23 
CELLSIZE 0.166666666666667 
NODATA_value -9999 
[rows 60 to 79 of 330, columns 484 to 527 of 594]
4.06924009443976e-06 2.07442299144933e-06 6.42891018287628e-07 7.06928517502092e-07 2.24267932937838e-06 7.97355751281925e-06 1.19744840051061e-05 1.1179565990671e-05 8.22317051656363e-06 6.2353761678402e-06 4.8825566409838e-06 4.78240099262006e-06 4.26475453428887e-06 4.00329890913875e-06 3.8264906834784e-06 3.61389356844377e-06 3.29312724719477e-06 2.98396116708011e-06 2.68549206342561e-06 2.3636556307105e-06 2.11795495490552e-06 1.85668886844015e-06 1.63738800439406e-06 1.34961967434011e-06 1.19659396206062e-06 1.01022378657945e-06 8.65605738908926e-07 7.0572716595052e-07 6.11678240147739e-07 4.87233307921997e-07 4.69706139938353e-07 2.40716383359541e-07 2.53911709435783e-09 3.13116277350645e-10 1.76507775062618e-10 1.66452540639739e-10 9.26637078180192e-10 1.76111819882863e-07 1.59554747369839e-07 1.43846051514629e-07 1.14279438889753e-07 1.10246730855579e-07 1.0479614900305e-07 9.43975919653894e-08
4.76623936270792e-06 7.86312966749581e-07 8.8794006388726e-07 5.82389930064986e-06 7.49684695626751e-06 9.60032775780828e-06 1.01657995402293e-05 1.25604095957632e-05 8.30822118594865e-06 5.07814320376276e-06 4.69801161677719e-06 4.12090057583248e-06 3.92307465523212e-06 3.61586289732152e-06 3.47108752979386e-06 3.13002801707318e-06 3.06388647007827e-06 2.88276878567251e-06 2.74663566418587e-06 2.59458420263092e-06 2.31943126893785e-06 2.08579212996884e-06 1.7438432223682e-06 1.49587285706021e-06 1.23130253087966e-06 1.0976783642147e-06 9.31342970045268e-07 7.53482413529127e-07 6.45381282993185e-07 5.74362445604493e-07 5.06808896716393e-07 4.67172048956854e-07 4.40905012055737e-07 3.78475419893221e-07 3.02352873404743e-07 2.61747584318073e-07 2.49192453338765e-07 2.35327564723775e-07 2.04858201868774e-07 1.7515582158012e-07 1.59206646799248e-07 1.32815191022928e-07 1.17047565595385e-07 2.92119892719711e-08
1.0538385140646e-06 1.67509920177e-06 1.73669623111383e-06 2.68865060208956e-06 3.31658502548127e-06 1.07356700028705e-05 6.97351897551712e-06 4.77275913083108e-05 6.44017327442459e-06 5.49099240748641e-06 3.91419871452747e-06 1.30237736815642e-05 1.13934365800761e-06 1.40117281263175e-06 2.92089489449809e-06 3.68333385272202e-06 3.41467475667434e-06 3.42627836293907e-06 3.2824432310341e-06 3.00076512761427e-06 2.54943320218137e-06 2.02670671570759e-06 1.81195482583663e-06 1.61893926816648e-06 1.41933810483552e-06 1.18791408568741e-06 9.98029395316014e-07 7.21651167623349e-07 8.02632007435022e-07 6.34484501915722e-07 6.55944631944294e-07 5.10521294927457e-07 4.22751088535733e-07 3.34379660671402e-07 3.48330786437145e-07 3.31869091496628e-07 2.87892157757597e-07 2.06246039624602e-07 2.56537396126077e-07 2.24452622887839e-07 1.72627795791414e-07 3.40370133931067e-06 -9999 -9999
5.71065720584851e-06 4.93595707671268e-06 2.62549647234156e-06 7.23483062764485e-06 1.05865401566096e-05 9.36571887005799e-06 3.84876711907456e-06 8.65827883000936e-07 1.28691048304819e-05 6.66333089622828e-06 5.38942622375638e-06 5.16324489590048e-06 2.77853887383772e-06 3.50328646165909e-06 1.12956258818686e-06 4.49760127601007e-06 2.11534584197981e-06 2.27437426475463e-06 4.12286399301687e-06 3.20642402588112e-06 2.69013480650448e-06 2.33013374785207e-06 1.95417997022052e-06 1.68197507265377e-06 1.39903736454672e-06 1.2689712775793e-06 1.05243232156882e-06 9.32895250127519e-07 8.80698416949599e-07 6.29611349722836e-07 6.23280243416957e-07 6.04075046339858e-07 4.11556572998961e-07 4.69067549602187e-07 3.74929658164547e-07 3.49903461938084e-07 3.43272296277064e-07 2.69463481572529e-07 2.78412971965736e-07 2.44628660084345e-07 4.15698086733141e-06 -9999 -9999 -9999
9.28791978375143e-06 6.52621929480013e-06 6.43234816385396e-06 7.02441793698494e-06 7.39087336120159e-06 1.37983981405077e-05 1.60769366634228e-05 1.33872938023916e-05 8.43156194622052e-06 7.07402286946879e-06 6.01809588270941e-06 5.35932922511861e-06 4.47648289998437e-06 2.09366921811727e-06 2.76241251706555e-06 1.32909567583939e-06 7.62964700707913e-06 3.39527668986594e-06 4.24282716273705e-06 3.52984834540715e-06 2.98394247696399e-06 2.42276205429937e-06 2.10236298701094e-06 1.81153291125558e-06 1.52627583248632e-06 1.38546822655572e-06 1.20808845168741e-06 1.04569510314123e-06 9.13337294150551e-07 8.13398867194337e-07 6.81559617987659e-07 6.61311310068413e-07 5.91798834648216e-07 5.43643386663462e-07 4.90821844323364e-07 3.72746063703744e-07 3.90483597811908e-07 3.76562633164212e-07 6.86243197378644e-08 -9999 -9999 -9999 -9999 -9999
1.30585493026691e-05 8.37517218323924e-06 5.52225901635506e-06 1.55240308233551e-05 1.6512332877483e-05 6.40856087568142e-06 3.7256740143321e-06 3.54039993913924e-06 3.39365815311687e-06 3.28534224540711e-06 3.46809129047054e-06 3.67883121731305e-06 5.90923082210981e-06 7.99883946474012e-06 9.44001185440024e-06 6.32506998963223e-06 2.78690175123386e-05 5.30400620855076e-06 3.52192537322882e-06 8.96605115496829e-07 3.27528305210656e-06 7.76030810822892e-07 5.79131642564068e-07 4.75354977425013e-07 1.63429688201377e-06 1.32124964694613e-06 1.31559734201092e-06 1.08433159767829e-06 9.53109588419654e-07 8.55743985539448e-07 7.68080928992276e-07 6.76389981890679e-07 6.43922896870208e-07 5.82709685659211e-07 4.70838494948111e-07 4.94676396556315e-07 2.49563555598797e-07 1.50895931483319e-07 -9999 -9999 -9999 -9999 -9999 -9999
0.000111930730056176 7.56639899938461e-05 1.58633047253609e-05 6.01126193952028e-06 3.53677405661168e-06 2.98126915371233e-06 4.52011199748581e-06 4.07686393379958e-06 4.82394889340654e-06 6.50223082644397e-06 9.03455547837106e-06 1.38631326994987e-05 1.43288576514689e-05 1.16081318995098e-05 9.27302953664943e-06 1.75611676243026e-06 7.52587948229522e-06 1.11611112516341e-05 1.07830669550113e-06 6.57491589275971e-05 4.04740407254023e-05 7.9451972852751e-06 1.8155646557827e-06 2.12500385716741e-06 1.7825859686349e-06 1.33980579449799e-06 1.12633010759255e-06 1.05372505458945e-06 4.72505996640393e-07 8.58635053191392e-07 2.20154718139076e-06 2.42336369637997e-07 1.68054671122464e-06 3.86249598705035e-07 9.87701832877441e-07 -9999 3.72054428240398e-06 -9999 -9999 -9999 -9999 -9999 -9999 -9999
2.56498155070117e-05 7.06127284504365e-06 3.76217913077292e-06 3.22769201379636e-06 1.29535887030463e-05 9.68151398502703e-06 3.16380910593272e-06 6.83154394215402e-06 1.39134313942635e-05 1.6174823031645e-05 3.88294138249368e-06 2.87640450558069e-05 5.9494799644022e-05 6.02992877262176e-05 4.13206771561203e-06 5.15830045344501e-09 4.55319010939093e-08 4.55265841026176e-08 2.78103948403441e-07 1.23699477295403e-05 1.36987964652668e-05 -9999 1.10044795293307e-05 3.7889846962158e-05 3.34409126616642e-05 -9999 6.79092991057173e-06 1.52448427570562e-07 1.01802174869992e-06 1.23823799641487e-06 3.73976990886149e-07 8.85309054865502e-07 6.80691789511911e-07 4.09855817906646e-07 9.768371910579e-07 -9999 -9999 -9999 -9999 -9999 -9999 -9999 -9999 -9999
8.61489796232573e-05 1.29999614735365e-05 1.69402919713346e-05 2.59226144435187e-05 1.39041244439086e-06 1.69274517247686e-07 2.67284526677125e-06 4.62938505739752e-06 1.86745596695292e-06 3.85145681325305e-06 5.51861849112933e-06 3.80366982432045e-06 1.38950800648741e-05 8.05213840080477e-06 1.59272799465926e-06 4.49866082594674e-06 3.07446694025604e-06 5.83383698554707e-06 3.5250888686833e-06 3.96392424597547e-06 6.69616329125322e-06 -9999 -9999 -9999 7.4189632870203e-06 3.93112408691998e-06 6.33948376116411e-07 -9999 7.91557294369638e-05 7.41510193640327e-06 5.58583479287611e-06 6.32952892376526e-07 1.72462408958296e-05 -9999 -9999 -9999 -9999 -9999 -9999 -9999 -9999 8.74403544013247e-05 7.49093946097568e-05 3.01114478137299e-06
2.38057342363929e-05 7.70284998044213e-05 1.43394143379827e-05 3.23339105534615e-07 1.03057153921782e-08 2.64109903584941e-06 7.94085372047837e-06 6.31992821618188e-05 3.37086341463233e-05 3.05078865497799e-05 3.07833557602222e-05 1.27654362587992e-05 2.23484952599717e-05 3.02108819619895e-05 5.58253101204276e-05 2.04545074671048e-05 1.44748097235192e-05 5.07775230299545e-06 4.11858500235507e-06 3.2547987303233e-06 3.0390631309718e-06 1.58007653231151e-05 3.97344992967286e-06 1.44268466108599e-05 8.41598939601562e-06 9.38942510419261e-05 -9999 -9999 -9999 -9999 -9999 -9999 -9999 -9999 -9999 -9999 -9999 -9999 -9999 -9999 1.73353531866649e-05 4.85545751871541e-07 5.28367070273816e-07 4.05726467533896e-07
5.16949396129229e-05 3.74717594249896e-05 2.79988594230618e-06 1.35455934471285e-06 5.30258512303483e-06 1.66913559954018e-05 0.00348233906840966 5.18040478721948e-06 1.35479811439909e-05 5.61291681170362e-06 1.03759773994017e-05 3.88004027632727e-06 1.10472905363701e-05 0.000127845002868621 4.02594014304869e-06 5.9467743268582e-05 2.31168902248058e-05 1.55529691257983e-05 7.310820729034e-06 4.18230065419856e-06 2.66688625746303e-06 2.46819627139905e-06 2.23798351729476e-06 2.03091872211791e-06 1.89220845643323e-06 3.63254293929138e-06 1.21454835616208e-05 1.73130862096138e-05 7.00263226475206e-06 1.37276423654797e-05 2.06961922236681e-06 2.85042206090713e-06 9.1820930947506e-07 1.25407200359806e-06 6.2742526005799e-06 8.5545577803714e-07 0.00041680302238829 -9999 -9999 5.10720943572296e-05 3.51249823330457e-06 4.37710993613782e-06 3.01396121360487e-06 3.64991342394205e-07
0.000265251764586916 9.94136680697588e-06 4.2363027751835e-05 2.83403365760604e-05 2.81622713376284e-05 3.00208877894059e-05 4.02126454186469e-05 8.10693338351598e-05 2.85315432849376e-05 2.36320292971159e-06 7.0600861364789e-06 3.00271512974071e-06 8.19609540499977e-06 6.78964934208715e-06 6.73787544669402e-06 8.74618217497902e-06 2.99571945561183e-07 7.37013724575464e-06 3.2601675230004e-06 7.8130156909384e-06 1.18927229779131e-05 2.62079629485323e-05 1.98146899493823e-06 1.82990052054466e-06 1.85903768399331e-06 1.19162145894025e-06 2.88218006975205e-06 3.69893396057197e-06 1.09734112357929e-06 8.41603696255522e-07 9.05252477423346e-07 8.29531086321555e-07 8.35880416627521e-07 7.90737749423176e-07 7.85819656812237e-07 1.12490133690191e-06 2.51174566301415e-07 8.05738795861544e-07 1.635613716644e-06 6.98472081250845e-07 1.49975703607197e-06 3.61863508260285e-06 2.24412242462169e-06 1.74443712240846e-06
2.25357885953126e-05 1.66346630977587e-06 5.3395774468612e-10 2.45000592260514e-06 2.93637553117398e-05 1.58492897755269e-05 0.000103206880168871 1.93863823372609e-05 2.88844697938551e-05 1.81016199350514e-05 3.05652574755788e-05 1.99911293752186e-05 3.29500480805711e-06 1.51726559131427e-05 1.50336713887755e-06 4.34796147605887e-06 1.123510855916e-06 3.59906429371892e-05 4.13266288888936e-06 2.64551181318184e-06 2.98046156786969e-06 2.09425975302713e-06 7.16980457593497e-07 4.90174807066257e-07 7.74860063768035e-07 4.16165073602315e-07 1.26568363613133e-06 1.04305449896147e-06 2.70133452450638e-05 5.26348754681605e-05 2.50777464320673e-05 3.56368182112821e-06 4.24825135326046e-05 3.76395611987324e-05 1.48839382749233e-05 6.33300824127714e-06 9.13811891232186e-06 2.07193674484074e-07 2.03537229026551e-07 1.50237077212179e-07 1.10973796219049e-07 1.47409809869714e-07 7.37022965260348e-06 7.777993596636e-06
1.58504917636693e-06 1.01316896690462e-05 1.7958314401878e-06 4.91741214316832e-06 3.96996401838656e-05 3.81073492471851e-05 2.11798947021835e-06 1.43485667651211e-05 3.88845783170222e-06 2.24676998208384e-05 7.86612698035705e-05 1.55373803866099e-05 2.2165544942665e-05 3.01129584845405e-06 5.11431544518715e-06 5.92369697203221e-06 5.37328005534299e-06 9.30822279789911e-06 4.38274655617521e-06 1.01351081411849e-06 1.57449505423735e-05 2.47119874078328e-06 8.57355253196523e-06 5.76301795274237e-07 1.21804348510723e-06 1.04268847283318e-05 2.09444883695342e-06 1.62856929366573e-06 1.54533695424508e-06 2.66786564689925e-06 2.62628445862889e-06 3.18617012458056e-06 4.7094554247451e-07 3.78507206735268e-06 5.60100015750686e-06 8.56713868422343e-06 1.51648087924783e-05 5.29872649859153e-05 2.39542887356947e-06 1.25147776015244e-05 4.82960103909136e-08 1.89154096275068e-08 2.1835880488652e-06 7.79856623012165e-07
6.55668941362819e-08 8.9112286332238e-07 3.19569997380031e-05 3.8184045934031e-07 1.69673701750139e-05 5.94080338497394e-06 4.09066109575473e-05 2.0862745714334e-06 1.49485326803589e-06 2.21550755672761e-05 3.80132682052059e-05 3.4853706893867e-05 3.10584538970926e-05 4.08282312498454e-06 1.21793247680801e-05 5.73463894415482e-06 2.60105302918312e-06 2.74395256387727e-06 1.47387443577451e-05 8.97215886658254e-06 2.07444390981637e-06 2.00939321076787e-05 1.49289639922445e-06 2.39627765953321e-06 2.11798305830291e-06 1.67508769665092e-06 9.68316062448515e-06 1.67421410426361e-06 1.58553164057995e-06 1.96507537567614e-06 1.09778310468989e-05 1.8960814941682e-06 1.84912032641371e-06 1.26328511670382e-06 1.39454652982041e-06 6.69896792271363e-07 9.08317306331785e-06 5.73268675907457e-07 4.93354741593066e-07 9.41135681398198e-07 1.09645767225497e-05 2.36949038982193e-05 2.66579163511471e-06 1.4855920426271e-06
2.69903252747561e-08 4.37658687615361e-05 8.91855052047585e-06 1.7545045921219e-06 7.52043033586114e-06 5.01550224735414e-05 5.31424855587326e-05 2.88250474115404e-05 3.25944209185414e-05 2.58511900032454e-05 3.90327977588534e-06 3.90433575391036e-05 5.78153179980889e-05 3.38701502196392e-05 1.49016319485606e-05 1.58583730811568e-05 9.99021831391556e-06 4.36334794366999e-06 4.85707905685251e-06 3.51992466682827e-06 2.51166306955986e-06 1.18283419398013e-06 1.80734887181844e-06 1.15789920529186e-05 1.6068794138957e-06 2.0604314386552e-06 1.85167580186718e-06 1.73240182450574e-06 3.78726745119407e-06 8.47032497419686e-06 2.11790043989302e-05 1.41378286572236e-06 2.75828015229296e-06 2.70928494511269e-06 1.36887113059148e-06 1.31783740472402e-06 4.6050554374677e-06 1.16504259041195e-06 1.08652750442362e-06 9.91540173356231e-07 4.95990707349847e-07 1.07431424113735e-05 4.60535911842586e-06 1.36561025387061e-05
4.73334137041093e-07 2.66454626403068e-06 2.37616459347612e-06 5.70169868302495e-06 6.80850429163771e-05 9.21830310089966e-06 6.29529972684395e-07 8.18795942910677e-06 2.34803115746196e-05 5.08525954503458e-06 2.91222186208362e-06 3.99103792010358e-06 1.10551609396881e-06 3.16249834216853e-06 2.13202511079036e-06 2.80767737430243e-05 0.000151795754276995 6.33720046729014e-05 7.86205528142681e-06 1.36835245941547e-05 1.51616746737027e-05 1.40697091412068e-05 1.25282681439076e-06 1.75912105079279e-06 4.02256555415703e-05 1.5894544958539e-06 5.03474002481186e-06 9.06603600032696e-06 5.48347798040583e-06 1.79488342840983e-05 5.20853482166572e-06 2.27506416201617e-06 2.21886903097879e-06 1.29343483454947e-05 2.16922082487692e-05 1.22446257598718e-05 3.60688027292166e-06 2.66453207595774e-06 1.4900781934668e-06 5.49875785518239e-06 1.30169115438394e-05 0.000102152697564073 1.1779620399599e-05 1.61042630683061e-06
4.9547004721262e-09 2.43331191995821e-07 4.82509585714164e-06 1.52707070812941e-05 3.65503936450295e-08 1.84759733203865e-06 2.48711497990994e-05 4.50551640828745e-05 0.000334042637146403 7.90156598679204e-05 1.26539694975225e-05 2.27415912381845e-05 1.9193675689555e-05 1.69721366548359e-05 7.54012086009448e-05 1.45772843100689e-05 2.43311726085715e-05 9.99608419097742e-06 5.73532961435363e-06 2.42654168689294e-05 3.33567359123155e-06 3.10438612367681e-05 1.25771195600644e-05 1.22249166453203e-06 5.16580796137922e-05 2.33158771153485e-06 3.3000170334474e-06 8.02640661312637e-06 2.35095531028184e-06 1.59947742305322e-06 2.63387573803398e-06 1.75641339412724e-06 1.65109609044922e-06 1.76983349962967e-05 0.000149842097054509 1.21842331284538e-05 5.99252380234061e-05 7.79511938177047e-06 2.08040165212919e-05 1.02545229496931e-05 1.68333012884325e-06 2.15732293518123e-05 3.06683534745389e-07 1.12046309371783e-06
5.71874623124247e-06 4.57569035461347e-07 6.53156603230953e-05 3.83215607151377e-05 2.27045224169053e-05 1.34996324052117e-05 2.44263501374187e-05 1.07936564746391e-05 6.08657302336724e-08 1.09834680760423e-05 1.73718550442792e-05 3.67577013098974e-05 2.31142839769882e-05 4.35575479065919e-05 2.42099318979339e-05 5.18755012317462e-05 9.88607411334552e-05 0.000514343005141793 1.0435786316676e-05 1.77625115613589e-05 7.75947264642918e-06 5.43887608731586e-06 5.99495087980628e-06 2.12975166542728e-05 7.88210527458144e-05 1.73724496565164e-05 1.04837385153655e-05 5.8994808571744e-06 1.4910140180624e-06 3.25023274865277e-06 2.85395753973905e-06 8.44347232501486e-06 0.000114780708810303 7.19597064756661e-06 0.000139205635896689 8.00008660928331e-07 1.47568825924482e-06 3.49685615234074e-06 1.82807891635495e-06 2.78198349414893e-06 2.41285415548687e-06 3.30560542357583e-06 0.000345977039460266 2.68500489262191e-06
1.11780687251928e-06 2.20039182752263e-06 2.8831565865528e-06 4.11883256679069e-06 9.75946797292071e-05 0.00021784725684908 8.13787570240865e-05 2.32944155876491e-05 0.000386196064607214 7.04829057222911e-05 2.58215022599262e-05 2.21628242800254e-06 7.28828425064054e-05 0.000300153651490587 0.000101696776725135 9.66893594481988e-05 0.000129375785356878 0.000365252827999818 8.52749144560905e-06 1.16170351250555e-05 1.48608763995806e-05 2.86849117415722e-06 9.46034992932443e-07 8.91409363263929e-06 4.37005379392397e-05 5.68364830554335e-06 5.46862836937945e-05 4.79836817300905e-05 4.27145641896942e-06 2.93293633160108e-06 1.20256852826239e-05 4.70664745091387e-06 1.58609909710616e-06 1.85809012698268e-06 1.40922625181394e-06 3.51760991181838e-06 4.48601622338174e-07 2.49803379125391e-06 2.67056075253791e-06 3.98838146804525e-06 0.000468606761204737 0.000420476579044315 1.33307835316065e-06 7.1648963058224e-06
