Scripts_&_data/Maxent_result_files_1/Bombus_alagesianus_3.asc
NCOLS 594 
NROWS 330 
XLLCORNER -15 
YLLCORNER 23 
CELLSIZE 0.166666666666667 
NODATA_value -9999 
[rows 80 to 99 of 330, columns 315 to 359 of 594]
8.8243354187334e-06 8.66844105500419e-06 4.76393573578537e-07 2.39442109972288e-05 2.40729033369469e-06 5.05092010394392e-07 4.17936164331945e-07 4.63827311891762e-07 1.43662116595777e-05 9.41071680482519e-07 6.68104684073967e-06 7.80827563630737e-05 -9999 0.000991935361798824 1.12571439174758e-05 0.000182211365245166 0.0106019828555873 0.012132432913495 0.0115676640925813 4.547738560845e-06 1.41790074792425e-06 1.53510303855242e-06 2.16788645914789e-06 4.16730639472007e-06 1.5771389554331e-06 1.21741795970909e-06 1.16718687368511e-06 2.07800685405601e-06 2.24352953591689e-06 1.04742802307101e-06 1.02268606618772e-06 3.19095323466634e-06 5.96443658480439e-06 2.05558414108964e-05 0.000126650048946431 6.73479960546786e-06 8.74178379151047e-07 1.76958540296646e-06 3.803632174737e-06 4.43729144201654e-06 1.55628435338784e-06 1.10378300036018e-05 1.39376379593159e-05 4.58598546515532e-06 8.50262411766778e-07
0.000168831965470417 -9999 1.94577564798237e-05 2.90533691336137e-06 2.55389001946327e-07 1.70128804013459e-06 5.37283864687765e-06 5.28351934576676e-06 2.28836428588508e-06 1.51295835454368e-06 5.25082024500634e-06 2.07452139777686e-06 5.69332012787527e-06 1.66652217508556e-05 2.47839030038222e-05 5.12292093617361e-06 4.18580036836147e-06 5.14143340410556e-05 0.00229566177640663 0.0263596153119579 0.00194847165048486 0.00110837073734729 0.000204972121628089 4.20555300593151e-06 5.2606989768833e-06 8.76282927464445e-06 2.46083983199696e-06 5.82723626285642e-07 9.63665761366528e-07 5.65224965876077e-07 7.19052864783798e-07 5.9435397594676e-07 9.59625229626226e-06 7.49275670990812e-05 1.87626442502697e-06 5.11679637993367e-06 2.41764175159531e-06 4.44920764195444e-06 3.21550348321153e-06 1.1496421643642e-05 2.90445679618223e-07 5.71639478721408e-06 7.17670027370332e-06 4.31957600852684e-06 6.2135171372546e-07
-9999 -9999 -9999 5.44725186273354e-05 5.78546611018638e-07 3.79409523887375e-07 5.05295275416984e-06 0.000117809326497564 8.35923971564956e-07 9.55214068909527e-06 3.36401858245239e-06 2.96315824399596e-07 1.81997789749921e-07 2.14385925652039e-06 9.85618245019637e-07 1.4151674339824e-06 1.92405502819071e-07 1.82961899355405e-06 2.07578665595065e-05 6.30137482744431e-06 1.16572444994745e-05 3.16285282679019e-05 0.000420981388015207 0.000129969777617589 0.000218417678752303 0.00130159522232134 0.000675872645888376 2.03042894746375e-06 4.3605573239347e-06 2.5072846902674e-06 3.76131230268584e-06 2.66248925981927e-06 2.25419100612356e-06 1.03783109500988e-05 3.63218314669567e-07 3.46533838069263e-07 3.51420753048615e-06 5.40041829140137e-06 1.31721451452904e-06 8.06870173875041e-07 2.1552075754272e-06 3.86839162842989e-05 1.29840336251519e-06 2.50457507888768e-06 1.11318136357674e-06
-9999 -9999 -9999 0.000366785701589833 5.33601453582833e-06 2.25881320012888e-06 3.30320155406127e-06 1.35756294156408e-05 8.33320968340878e-07 6.41670825132223e-06 9.57066655971062e-07 1.46427654556192e-05 3.857706992072e-07 5.75087643461814e-07 2.60548443264952e-06 1.71324871445222e-06 1.82145594862959e-05 4.89753209933497e-06 9.6013244235138e-07 5.45235470994498e-07 2.16546661420125e-05 3.92331373291199e-06 2.5395883596957e-05 6.43820974914888e-06 5.34739269824058e-06 5.63769123786528e-05 2.76078505443422e-06 1.58868133741663e-06 2.1643238362401e-06 1.08239292693213e-06 5.06890613678479e-06 8.70088311444306e-07 8.38430073599739e-06 6.01963496649205e-06 6.99736949911767e-06 7.39669005689336e-07 4.40114665849478e-06 1.35356055537272e-06 1.10097483885241e-07 1.80292299312157e-07 4.92515174528307e-05 3.15742457132728e-05 2.45674334280466e-06 5.64710066583984e-06 7.51625550514667e-06
-9999 -9999 -9999 2.96301023212209e-05 3.04500434538113e-05 5.23087329042937e-06 8.81628876641116e-06 7.23873197738811e-07 3.24302378906793e-06 7.30676649496331e-07 1.05129027360817e-05 7.0576814756862e-07 8.78074405363805e-07 2.480524733528e-06 1.71497662904585e-05 1.47004753102919e-05 1.38465011190192e-06 9.5678289198986e-06 2.12997475017573e-06 1.82927838750402e-05 1.76931050191342e-05 0.000152122631698148 2.24514158162492e-05 8.94718817079365e-07 1.58607539617606e-05 2.88074308258501e-05 4.52896706519823e-06 1.71948424622315e-05 8.51367114478307e-06 1.73934308094204e-06 3.23588018993348e-06 6.69780269504372e-06 4.91364841650466e-06 1.84212306493237e-06 3.67204108631114e-07 1.48686558532063e-06 3.57448390593262e-06 3.19474367138639e-07 3.9809909750943e-07 6.3289504979025e-07 1.23643111948013e-05 0.000502943449828308 0.000229438029305129 1.78090300153144e-05 2.42073574128199e-06
8.66107519641446e-06 5.02207261092735e-06 5.83306662065297e-06 4.69038452024506e-06 8.57530059761302e-07 6.11156422110071e-05 0.000130863917047463 1.14604612093672e-06 1.00484359563779e-05 2.2369143493961e-05 1.06260170440464e-06 1.63402842474625e-06 6.90289017484247e-06 6.87687236933243e-07 3.82761227797346e-06 5.01606084071682e-05 3.14347540552262e-05 2.18378616864356e-05 1.23874191331197e-05 0.000173225801700028 2.43573845182254e-05 9.93008216028102e-06 2.75857784345135e-05 6.32627933896401e-06 1.23984375761665e-05 3.78783833898666e-07 2.99938721127546e-05 9.89016541552701e-06 1.44969677933204e-06 4.09404265100388e-06 1.82900429422261e-05 1.83986570277739e-05 3.1448944518786e-06 6.96532104349501e-07 3.28023228846064e-06 1.26652181961617e-05 1.23117844530896e-05 5.25216593814548e-05 6.06132283564875e-06 5.96044526446349e-06 8.28510925998671e-07 3.21445835993472e-07 2.2435459868575e-06 1.29486512179255e-06 3.58460237004365e-07
8.75048717929872e-07 1.47086108768235e-05 8.63884104091994e-06 4.67815526405957e-06 3.64611787233571e-06 1.43788518926158e-05 1.45860287148025e-05 4.68152526309495e-06 2.30631084491506e-05 0.000127627570509503 3.87554846952298e-06 9.67279802353005e-06 5.49446360764705e-06 3.54618639903492e-05 6.91008979174512e-06 5.63078357117774e-05 3.2402790748165e-05 4.65384402559721e-05 1.59621167540536e-05 2.1026112653999e-05 1.8523413064031e-05 1.11914363287724e-05 1.82422883909794e-06 1.01575060469372e-06 3.90353620787209e-06 0.000154495684000722 0.000530500460172334 6.13389427144284e-06 3.71107760201994e-06 3.190096098038e-06 2.17235583224173e-06 3.56540917474391e-06 5.7589523145829e-07 7.37570438298363e-06 2.71980924907211e-05 3.35580024168891e-05 1.14071878458799e-05 2.51459558882061e-06 2.24086440443472e-06 5.04993689816047e-06 2.22830851299705e-06 1.82018931688788e-05 8.49943415281995e-06 1.62378588981937e-05 1.21687813077642e-05
8.8184246660461e-07 6.59747663256383e-07 5.06535036777223e-06 3.5732991822357e-06 1.49110728273172e-05 4.22862977416116e-06 7.02548630897581e-06 1.28795559021455e-05 2.91597637442464e-05 9.97044664785562e-07 1.1488954419292e-05 5.56170708705395e-06 6.91782731792046e-06 1.76716712758207e-05 0.000111483185537509 3.11566037453304e-05 4.08287539357843e-05 4.58446288575942e-05 0.000106063345447183 4.93196515890304e-05 3.7276663533703e-06 1.83373247466534e-06 1.22381121855142e-05 1.42149222881471e-06 0.000147917733920622 0.020042253867723 0.00191905616084114 1.76630408532219e-05 1.43607342806717e-05 1.93698502073403e-06 9.47813039786638e-07 9.36499566250859e-06 3.2073236496899e-06 4.98452925078441e-06 1.50582649077857e-05 9.72336678692898e-06 2.12532244850294e-05 2.08444195724411e-05 1.00584996658881e-05 3.17629106802997e-05 1.86928132150932e-05 1.07323364698431e-05 2.44176425606923e-05 0.000162421524692036 4.08326802244119e-05
2.8930600240562e-06 4.34983006414313e-06 3.04315629449547e-05 7.17499687382883e-05 1.07137843230021e-05 3.4692134285752e-06 1.52890482524981e-05 6.69392877483688e-07 2.24369111379019e-06 2.29637896609347e-05 1.09044945020287e-05 2.79049237121853e-06 4.69742100221993e-06 2.13606496799912e-05 6.87506638996638e-06 5.7640121121949e-05 5.30067221916397e-05 6.67020077571578e-06 0.000206265319138765 4.75291072689288e-05 0.000181354812593781 2.25276122819196e-05 1.55933170447042e-06 1.42531739129481e-05 2.92441436613444e-05 2.35447648719855e-05 1.59935824655122e-06 6.67737626969256e-07 8.5094042901801e-06 0.000121407856750011 1.34344478965431e-05 1.42988566494751e-05 8.18978323877673e-06 4.69912183120869e-06 2.44097471338023e-06 1.06649422869864e-05 6.85575785817072e-06 2.12168290837589e-05 0.000211074190938731 1.28703046063716e-05 6.84819682815974e-05 0.000107092084208915 1.66575814653958e-05 4.55026394252656e-07 8.80646861274315e-06
9.19235093874704e-06 4.38187041460481e-06 1.49421339585842e-05 0.00472473320551217 0.00469281906844117 1.76075039121315e-05 4.89610979172994e-06 1.54823973389284e-05 2.68152987530357e-06 2.73327704235271e-05 7.74099754380586e-05 3.05885932903038e-05 3.44919340932393e-05 4.65842837002128e-05 0.000266362450201996 0.000177455793163972 5.25672694493551e-05 0.000232024331489811 0.000207114055956481 4.11567774790456e-05 5.47504952919553e-05 3.91729446164391e-05 3.07986833831819e-05 5.79050150918192e-05 1.30595694827207e-05 2.55527168064873e-05 0.000199829824487097 0.00253967763856053 2.05670365971855e-05 3.73525697057175e-06 0.000680664175160928 4.35492101132695e-05 3.96389847992396e-05 1.32273629105839e-05 1.70709491982279e-06 4.18399698531857e-06 9.62553798117272e-06 0.000121715696258207 1.72489337233461e-06 1.76889452803475e-05 0.000261848210767113 4.40285116979355e-06 7.87883617746621e-06 4.02281475546662e-06 1.52929285587522e-05
5.55068832284178e-06 5.10363735770625e-06 4.41325144748816e-06 2.9375586734659e-06 1.01993112025411e-05 1.66740149779798e-05 6.17009880784281e-05 0.000163219709929763 7.75927364315976e-06 2.1516841002267e-06 0.000182798153400654 0.00020394251550897 5.13472882630595e-06 3.75629114387266e-05 5.61191742235678e-05 0.000842947349883616 5.30189285200322e-05 0.000184357027319493 0.000284769674181007 0.000252150295273168 5.28840642800787e-05 5.74674963900179e-06 3.65398710528098e-05 3.45111975548207e-05 2.84591174022353e-05 1.96272001176112e-05 0.000159180816626758 3.76350247279333e-05 5.41519128205437e-06 2.33494903767451e-06 6.62303546960175e-05 0.00054553817899432 4.44700919217667e-06 2.07736428365024e-05 4.98297041531259e-06 2.77127936897159e-05 7.76705453972681e-05 0.000101576106499124 7.59375285269925e-05 7.21326870007033e-05 5.75797160081493e-05 1.31012876425363e-06 1.79518999350203e-05 2.3993482480722e-06 1.82046700743288e-05
9.79214715925991e-06 1.62074622487296e-06 4.75860318260857e-06 2.25697270082037e-06 1.14148064994879e-05 1.0297160180528e-06 1.47662191238851e-06 1.71297998576847e-05 4.20014513338174e-06 2.00299694824935e-05 0.000202064669429092 0.000219767747330479 5.14871084305923e-05 6.54347486488405e-05 7.69933656556532e-05 5.8846135289059e-05 9.04512779015931e-05 0.00124296834983397 0.000283168613532325 6.90657090672175e-05 0.000294834360101959 0.000668282531842124 0.000354447057907237 0.000180804394040024 3.63330399522965e-05 0.000160408813098911 3.75465231627459e-05 3.62385675543919e-05 5.65685132642102e-05 3.66656508049346e-05 0.000178835285623791 1.6576314624217e-05 6.57010887152865e-05 0.000258132993349136 0.000332907929987414 5.70390789533803e-07 3.12556423693877e-06 3.86466161216958e-05 4.36262086623174e-05 0.000343633122975007 5.18129369083908e-05 0.000226693542754219 1.41739331594337e-05 1.83794647725222e-05 2.10928395136367e-05
7.24988524609671e-06 8.28130041554687e-06 5.08640160603591e-06 4.43974112194212e-06 4.50595963670253e-06 1.08871626480322e-05 5.80800479497157e-06 0.0030370759559446 0.000643984914495377 0.000439882006321568 0.000309861387358978 0.000203017806779826 5.56581961063785e-05 0.000184473694753251 0.000186233373096911 0.00116056590341032 0.000348949176259339 0.000997893532621674 0.000958165404153988 0.000118034238766995 0.000351116438105237 0.00028648748411797 3.96628270664223e-05 5.92284564845613e-05 0.000175625779229449 4.25369537879305e-05 3.93695012462558e-05 3.46251805240172e-05 2.45414682922274e-06 3.95199862396112e-05 4.1218783644581e-05 0.000160388504446018 2.99657733194181e-05 4.41884572524032e-06 2.42820100879726e-06 5.48843176062519e-07 0.000501457405243855 7.0685243895241e-05 1.83332003302894e-05 2.47671462147991e-05 2.80974042652815e-05 1.6667489626343e-05 0.00012861289033026 2.54280934314011e-05 0.000205531205574516
1.08383982592386e-05 4.75308665045304e-05 1.7766149903764e-05 3.07013550809643e-05 5.22979384186328e-05 1.13828337816813e-05 3.27937718793692e-05 6.6462364520703e-05 7.03871117366361e-05 7.66083066991996e-05 7.62327428674325e-05 6.82747666360228e-05 0.000119916596304392 0.000370133172691567 0.000386095582507551 8.20143935925444e-05 0.000490716661443003 9.33697499931441e-05 0.000163551042351173 9.83965686828014e-05 0.000413182695046999 0.000622552662389353 0.000361819067620672 0.000230614057363709 0.000233190447761444 5.26336543771322e-05 2.7564823267312e-05 3.982866237493e-05 3.43397853612259e-05 9.85296571798244e-06 0.000170152582722949 3.46445808645512e-05 0.00281780339428224 9.47959166296641e-05 5.64290351576346e-05 5.38576272219871e-06 8.21528991536979e-06 4.17127331047595e-05 0.00213353861181531 0.00272724528622348 0.00230260787648149 4.49129174739937e-06 5.98243585955061e-05 8.72043423214564e-06 0.00022228803136386
1.90707342881069e-05 3.82792502932716e-05 0.000210796871397179 9.60985602432629e-05 3.94985067032394e-05 4.37011962276301e-05 9.26812454054016e-05 8.44542228151113e-05 1.21160005392085e-05 9.3251185171539e-05 0.000265463392497622 0.00134654477005824 8.73187142133247e-05 0.000142350225360133 0.000107430913703865 7.28696946680429e-05 0.000225987637531944 0.000107765816210303 0.000417502710479312 0.0016402353241574 0.000280998102971353 9.17313784157159e-05 0.000503537016629707 0.000394819122448098 0.000514972377277445 0.000345970275520813 0.000249779861042043 4.19486256760138e-05 0.000190941124310484 4.47939881269122e-05 0.00011798614905274 0.000133387039022637 9.9724140568469e-06 6.69534742030464e-06 8.02561811724445e-05 0.000377849364303984 3.96914694647421e-05 4.43341679783771e-05 2.9618478492921e-05 5.28298858625931e-05 0.000800098342006095 1.71017871139156e-05 6.32596120340168e-06 0.00151855075964704 6.75882078212453e-05
0.000384868997207377 0.000416211932315491 0.000389288978476543 0.000119801876007841 0.00683702727546915 0.000532165192998946 0.000553366300300695 0.000398661331564654 0.00199174217414111 0.00276972560095601 0.000228957559011178 0.00772983080241829 0.00025240816466976 0.000444453029194847 0.000508634114521556 6.04768621997209e-05 0.000129315518279327 0.000105549607542343 9.32792336243438e-05 0.00021485448742169 0.000564674465567805 0.000512689634342678 0.000539833374205045 0.00099566985736601 8.36980530948495e-05 0.00043901987519348 0.000314714045089204 0.000270478370657656 0.000235235400759848 3.59377973836672e-05 3.26733574183891e-05 0.000280218463012716 0.000521944519641693 1.88411888075279e-05 3.45394048963499e-05 3.11862866510637e-05 2.24667136535572e-05 3.31224855472101e-05 5.32148489583051e-05 2.15029473565664e-05 4.21642262722344e-06 0.000143789321009535 0.000431662895425688 3.54450368831749e-05 3.91019661947212e-05
0.000287128143463633 0.000501631970109884 0.00045164199982537 0.00017603062424314 3.3635949193922e-05 5.62921442906372e-05 0.000264227113075322 0.0194992006290704 0.00253876883652993 0.00166969299898483 0.000220448514664895 1.65493197528122e-05 0.000103078986285254 2.34546544561454e-05 0.000834638296510093 0.00105098755448125 0.00116019435226917 0.00103125447640195 0.00138715669163503 6.04982049480895e-05 0.000537301810982171 0.000946762441890314 0.000551608251407742 3.12344163148737e-05 0.000458397428155877 0.00040916254511103 0.000328727514715865 0.000866095544188283 0.000224095098383259 0.000162780047685374 0.000193988056707894 0.000103616111664451 2.33243673847028e-05 2.45650553097221e-05 3.03714413348644e-05 0.000167377715843031 2.32093618251383e-05 1.85115995464002e-05 3.48983089679678e-05 4.38582552305888e-05 0.00019199198577553 4.33870808592474e-05 1.05813154050338e-05 4.69158319901908e-05 3.44456594575604e-05
0.000697064373525791 0.000554460508283228 0.000198384577743127 0.0207707942929119 1.70112549994883e-05 7.82859000537428e-05 5.58041892873007e-05 0.000467920773007791 0.000368119627819397 0.00216675370174926 0.00194317817222327 0.000442961241060402 0.000123432121836231 0.00129721872508526 0.00186115971300751 0.00190725745633245 0.0149846849031746 0.00127100772806443 0.000727880283375271 0.00345539022237062 0.00290652931435034 0.000339904666907387 9.16341066840687e-05 6.26360239039059e-05 6.3907953335729e-05 0.000415042354143225 0.000339443155098706 0.000270372031081934 0.000194459102931432 3.83361842068552e-05 0.000271235062245978 2.55138078046002e-05 1.15461772793424e-05 3.75248131604167e-05 0.000227045294013806 0.000280897205811925 0.000135220408992609 0.000389829941559583 0.000213170518691186 0.000227375575195765 0.0014213203190593 2.8502771328931e-05 0.000263594002899481 4.48190387942304e-05 0.000157362534082495
0.00017896706413012 0.000233824009774253 0.000121226722330903 0.000131094336393289 0.000409167511679698 0.000433760741725564 0.0042837382061407 0.000451300025451928 0.000733369526278693 0.00087208434852073 0.000528183855931275 9.11215833184542e-05 0.000116109534428688 0.000202435424216674 0.00215224374551326 0.00326043535023928 0.0011732061218936 0.00114031086559407 0.000951349979732186 0.000832370319403708 0.000560851929185446 0.000185685469114105 0.000104474142244726 0.000454415514832363 0.00190909211523831 0.000413303918321617 0.00188758089789189 0.00102009910624474 0.000219375181768555 0.000124657766355085 0.000213856465779827 2.49663204158423e-05 4.53572208243713e-05 0.000285425294714514 0.000311033565958496 0.000249362996692071 6.26326642304775e-05 0.000710813843761571 0.000871842098422348 0.000244651873072144 0.000675699532439467 0.000231190312479157 5.18642335919139e-05 5.38997095645755e-05 0.000238895304210018
6.50676836812636e-05 4.72109732527315e-05 5.32909049979935e-05 7.49700824599131e-05 9.2406279509305e-05 7.68117974075722e-05 2.2124126712697e-05 0.0143268992425874 0.0141306151635945 0.000136962396209128 0.000143606243000249 0.000151763380199554 0.000119408721002401 0.000123491524209385 0.00015457038571185 0.000231368299137102 0.000196658275308437 0.000208737494540401 0.000919908168725669 0.000874292416847311 0.000174786505522206 0.000675530100124888 0.000598082601209171 0.000529337048646994 0.000439348870713729 0.0003913019419997 0.000314247644564603 0.00154114412725903 4.83914328469837e-05 0.000865527713904157 0.000227116665337235 0.000178545528615359 0.000203873607097194 0.000248437021218706 0.000253818794590188 0.000250085348670837 0.00156679131323472 0.00141230638837442 0.000260087497736095 0.000254829114419408 0.000224832671665354 0.000236464297631755 0.0002084328836645 4.5622787092725e-05 0.000206013418210205
