Scripts_&_data/Maxent_result_files_1/Bombus_norvegicus_2.asc
NCOLS 594 
NROWS 330 
XLLCORNER -15 
YLLCORNER 23 
CELLSIZE 0.166666666666667 
NODATA_value -9999 
[rows 100 to 119 of 330, columns 414 to 459 of 594]
0.0704963780939579 0.0096868310123682 0.00816766675561667 0.00834815241396427 0.081310373917222 0.0734521351754665 0.107615736871958 0.153999322652817 0.135122577100992 0.106846570968628 0.106353352963924 0.0546577174216509 0.0417151933535933 0.0783118046820164 0.0135234198067337 0.0486502908170223 0.00804937069769949 0.0180990884546191 0.0161526221316308 0.0391063829883933 0.0137838440015912 0.0146080742590129 0.0375256687402725 0.0310776356607676 0.0486098887398839 0.0662643052637577 0.0593500148504972 0.0590794559568167 0.0456416020169854 0.0766090963035822 0.0515539739280939 0.0411114573478699 0.0826580110937357 0.0228519163094461 0.0289865291677415 0.00454932944849133 0.00390629164176062 0.00685117265675217 0.00219435883918777 0.00288941870094277 0.00355286225676537 0.00271087103756145 0.00241130482172593 0.00250129827763885 0.000411481125775026 0.00116565839853138
0.0795203853398561 0.0559501420706511 0.0818751640617847 0.0417038593441248 0.0126073518302292 0.156903299689293 0.121318526566029 0.0258273819461465 0.0864346403628588 0.0768695507198572 0.0838120933622122 0.0562805481255054 0.0487556792795658 0.0141669318079948 0.0119329256005585 0.0127501551993191 0.014335321681574 0.0176482142880559 0.0095187472878024 0.0203403059393167 0.00895386347547173 0.0151422190479934 0.0381846284493804 0.0495087889954448 0.0690423559397459 0.0839252967387438 0.0638372354209423 0.0685008566826582 0.0900782506912947 0.0566069312393665 0.0597728876397014 0.0437424348667264 0.0788328472524881 0.0704436205327511 0.0214927135035396 0.00693262410350144 0.00351100568659604 0.00681521943770349 0.00151156783103943 0.00185215894016437 0.00457237856462598 0.00307417105650529 0.00218097065226175 0.0015002146945335 0.00113588054809952 0.00213002547388896
0.136763902008533 0.126710081100464 0.14116655215621 0.0796249456703663 0.0882230632007122 0.131371067464352 0.00662524998188019 0.00438342848792672 0.0119833085220307 0.0313211375847459 0.0408473618328571 0.00785582507960498 0.0279508310370147 0.0256023426540196 0.00985877448692918 0.0129555762279779 0.014917656686157 0.0105161084327847 0.00932700536213815 0.0346176780760288 0.0260729867964983 0.0177928718272597 0.0373962676152587 0.0568025829270482 0.0252163147553802 0.0768057852983475 0.0552856955677271 0.143291087448597 0.123401156067848 0.0789408169686794 0.0268249103799462 0.0502189513295889 0.0474458441138268 0.0706831011921167 0.0180687135085464 0.00259453508188017 0.00195866420981474 0.00206405946519226 0.00222122407867573 0.00127897616184782 0.00188261781586334 0.00384755559498444 0.00254014378297143 0.0207223029341549 0.00111429921525996 0.00125286044203676
0.0589794840663671 0.0520765449851751 0.0588539406657219 0.0606026783585548 0.0597847308963537 0.0635126944631338 0.0215138432569802 0.0323137516155839 0.00805466934107244 0.0348986066877842 0.026877427380532 0.0150252043269575 0.0122493192087859 0.011828467505984 0.0126019520219415 0.0139011329971254 0.0268906405195594 0.0102449007797986 0.00885380869731307 0.0107055487576872 0.00984698114916682 0.0134494285099208 0.0152981370221823 0.0442618332803249 0.0361094595864415 0.0824046790599823 0.0998918816447258 0.117607621103525 0.0306781858205795 0.145613154023886 0.0336940044537187 0.0474183982238173 0.0554704483598471 0.122863731533289 0.0771433934569359 0.00319842004682869 0.00142639728728682 0.00183126267511398 0.00145135282946285 0.00171136457647663 0.00283583910786547 0.0029071799304802 0.00555453618289903 0.00186696981545538 0.00114043386420235 0.0030245334841311
0.0355014411732554 0.0971528083086014 0.0959628611803055 0.0696338783949614 0.0685245674103498 0.0402195066213608 0.0170560448430479 0.00495791246648878 0.00736582127865404 0.00546135138720274 0.00328545208321884 0.00732586805243045 0.0067662661196664 0.0180225503630936 0.0116679747123271 0.00424074031179771 0.00566463279537857 0.01000087026041 0.0099190550390631 0.0121399999596179 0.0155567870009691 0.00844695852138102 0.0224774757400155 0.0315532609820366 0.0396963322535157 0.0663264662027359 0.0754830036312342 0.0202873763628304 0.0621746733784676 0.203991608321667 0.0601681012660265 0.0613592609763145 0.119667113944888 0.0221293153241277 0.00552127964328974 0.00602235556580126 0.00166317354305647 0.00163388934452087 0.00135960245970637 0.00141821910219733 0.00284718755283393 0.00271104594576173 0.00217907443875447 0.00479856395395473 0.00241854718187824 0.00317668522475287
0.0221388343721628 0.0812597416341305 0.0378479797393084 0.0973307453095913 0.0591724883764982 0.00809758179821074 0.0109542740974575 0.0101474821101874 0.0125505380798131 0.00623698411509395 0.0137897322885692 0.129259008169174 0.0244386082515121 0.0293116981163621 0.068341388553381 0.00260893990634941 0.00324392839102074 0.00317641836591065 0.0116828940343112 0.0199543410912156 0.0147011909633875 0.0157823586370796 0.010132791637443 0.0141761753708124 0.0287602368742228 0.0879787586629391 0.134378354996443 0.036826353892684 0.0623671170324087 0.061174126714468 0.131481975317001 0.0993573758751154 0.122146214172244 0.0548721212893724 0.00361837991513312 0.0015549763746094 0.00133073552860878 0.00153866614564322 0.00347904106602073 0.00111272766080219 0.000704029585176613 0.000842497644771356 0.00084514080081135 0.000274605682352558 0.000978425209177658 0.00106941511039622
0.0322474282234907 0.0157810771837831 0.00386530270334333 0.00385302060749382 0.00364353304030374 0.00545138313900679 0.00717929806560278 0.0268108015879989 0.00845515001565218 0.00402557298075408 0.00485923746600747 0.0119607157539576 0.019525979552418 0.0331074044108391 0.0118849799968302 0.00329469071002677 0.00652157524600625 0.0179075635038316 0.0119641686789691 0.00971730616874993 0.00999284337740391 0.0152056923136115 0.0113467406481504 0.0125926776323467 0.0352480864152312 0.148855151981115 0.0938428916037083 0.126150315999985 0.237203714251518 0.0525725143030286 0.116000778228045 0.138639309257269 0.00836376156657934 0.00462512625381351 0.00307514744345099 0.00757782747969031 0.00183396125212312 0.00130985216819681 0.00124077618529554 0.0010667948750779 0.00111255893716589 0.000220774876652285 0.00147887948551215 0.000415318130399101 0.000309774927154649 0.000707576819695532
0.0189067023806274 0.0119708845857531 0.0112669683527201 0.017833205498755 0.0199766242876649 0.0152261464390904 0.00322697360534221 0.00534557332284749 0.0031021439936012 0.00439996900968254 0.00348805788671598 0.0150451775640249 0.0121135782450438 0.340214432775974 0.00732429996132851 0.00554656307213008 0.00410102624446154 0.00389227803098038 0.00813665732275695 0.0026662775198929 0.00786017822101712 0.00571281751617789 0.00764801802579314 0.0184020510874689 0.0264826661907136 0.0501120029017329 0.076808113232255 0.0491087429225445 0.104313940554857 0.0244424558244646 0.168504013121128 0.0360553570091724 0.00804616017267108 0.00814719209447503 0.00287966484902427 0.00629094541072845 0.00148676764802076 0.00139146820292808 0.00126986360992305 0.000925908268254716 0.000696908886311576 0.000326252192462562 0.00117384434561245 0.000382202491164207 0.00182538083172403 0.00233133267611265
0.0169561146292835 0.0162899332121015 0.0111942984629422 0.0107476442586631 0.0147986499592662 0.0167088123038411 0.00560072597581893 0.0033094818238169 0.0149152086582035 0.0138020198326558 0.0130976725835353 0.0117891287896782 0.0108173050452024 0.0105450438801199 0.0040603716741316 0.00275401803664863 0.00878114216029644 0.00245368970790878 0.00599559815600514 0.00688653085380793 0.00911573083139956 0.00852781266439706 0.00943153416737914 0.00959216193296015 0.0163644306361675 0.0441145094111562 0.0602543175220489 0.0775597397238016 0.055937048047781 0.0369681326672435 0.0543979465961456 0.022186354547739 0.00927804028615356 0.00495019346708432 0.00325348071055487 0.00182734307018109 0.0120797644136474 0.00156278510112315 0.00140807686548214 0.00138546746165957 0.00120555995381437 0.00093712673697155 0.00118410322465934 0.000448072433209745 0.00184045099304058 0.000363336567534134
0.0179381809197366 0.0142677791416645 0.0123991324566305 0.0114493698813021 0.014429194945842 0.0143049227073789 0.0109242472797632 0.0147771498654038 0.0146523826755583 0.0138740303460509 0.0126015014946461 0.0116896218154579 0.00861190611030906 0.0070825950242579 0.00775361089035869 0.105748406052589 0.158810092508793 0.0084076136816293 0.00748071102425456 0.00235131604131311 0.00580200720578432 0.0108956002630293 0.00956091750413179 0.0159374716691673 0.0243205124512315 0.0575845338404179 0.0970806568861008 0.0841301362961531 0.0946337819099426 0.0782990019768477 0.0400084977969527 0.0305931448936462 0.00499337131623179 0.00369162617716938 0.0019365485641174 0.0418630123138428 0.010726518323645 0.0287436874583364 0.00138283027918078 0.0016655165120028 0.00132001168094575 0.00124551563349087 0.00129805328324437 0.00117121321964078 0.000490724277915433 0.000468520520371385
0.0174264657311142 0.0141720378305763 0.0107373424805701 0.00945301600731909 0.00890187281183898 0.012586105754599 0.013204751862213 0.0142301572021097 0.014647937938571 0.014038102934137 0.00916361957788467 0.00903246789239347 0.0100482748355716 0.00694505190476775 0.00653215344063938 0.012590648420155 0.786948961019516 0.00853867181576788 0.00823924667201936 0.0102837896905839 0.010792180034332 0.0110458913492039 0.0101836175192148 0.0135953566525131 0.0324662793427706 0.029936415143311 0.06199438162148 0.0768710657954216 0.037682355940342 0.0213421414606273 0.322504468262196 0.846141117811203 0.0222588831558824 0.00543359145522118 0.00250215331325307 0.00185310991364531 0.00169958568294533 0.00181848197244108 0.00150006380863488 0.0172369400039315 0.00255648182355799 0.0013736747612711 0.0013755694264546 0.00111585277190898 0.00132638303330168 0.000613236872595735
0.01221913122572 0.0110557270701975 0.010403359727934 0.0118141415528953 0.00961120366118848 0.0126034239772707 0.0130440027453005 0.0134502815082669 0.0133284484501928 0.0134839895647019 0.0127083707135171 0.0118121511302888 0.00806633287575096 0.00853770351968706 0.0135282238945365 0.456710988283157 0.999965053796768 0.023561236076057 0.0119703802745789 0.0218901917338371 0.010318883927539 0.0104815202299505 0.0114306474570185 0.0117686250479892 0.0115247009787709 0.026120235491544 0.0174531987868249 0.012713620159775 0.0380051791667938 0.015012696897611 0.0159071012865752 0.163222888857126 0.0259236849844456 0.00413065317552537 0.00273178648203611 0.00223298044875264 0.00198543370352127 0.00171114539261907 0.000896054913755506 0.00144605722161941 0.00141447910573334 0.00123794562823605 0.00130791073315777 0.00139086084673181 0.000281703971268144 0.000532467775337864
0.0122664893046021 0.013394074793905 0.0113752827048302 0.0136723382398486 0.00797011908143759 0.00992846358567476 0.00934249283745885 0.0127716734539717 0.0134461887646466 0.0129824227653444 0.0127354681957513 0.0120089486241341 0.0104971879161894 0.00360634159296751 0.00857643028721213 0.0336322512477636 0.0106987009989098 0.00808404739946127 0.00778557099401951 0.00874658853281289 0.00699504199437797 0.0138202713336796 0.0125616091303527 0.0110656787641346 0.0123074417933822 0.0165893832221627 0.0096507721580565 0.0453476600348949 0.0400996290147305 0.0438848214223981 0.0114522245712578 0.0231543853878975 0.00606180080212653 0.00447533278493211 0.00368736699456349 0.00279405921464786 0.00242215939797461 0.0019031660980545 0.00151883995858952 0.00164358505862765 0.0011411361861974 0.00115014282637276 0.00109949671896175 0.000644536384788808 0.000919451285153627 0.000797229314048309
0.00767695819959044 0.00752688902430236 0.0100246704183519 0.0190172747708857 0.00785674410872161 0.00381237713154405 0.00670971381478012 0.0107453819829971 0.00922746169380844 0.00938238464295864 0.00929317031987011 0.0157160137780011 0.0323388090357184 0.00605504389386624 0.00554116516141221 0.00935534629970789 0.00765517968684435 0.00769366279710084 0.00647894570138305 0.00839945334009826 0.00994863908272237 0.0210974089801311 0.0191763650160283 0.0123589827911928 0.00999298128299415 0.0127365666907281 0.0103038554312661 0.379386639595032 0.0195312528871 0.0214566034264863 0.0216995934024453 0.0139743494801223 0.00859341081231832 0.00539892867673188 0.00384969938313588 0.00298294218955562 0.00274742726469412 0.00117444943170995 0.00179259788710624 0.00195927426102571 0.00171014200896025 0.00167185622849502 0.0016046860429924 0.00157494882005267 0.0014342074515298 0.00192524091689847
0.0124900213908404 0.0108548680320382 0.0100742495618761 0.00599629948846996 0.00877185831777751 0.0063330000732094 0.00836162371560931 0.00902802632190287 0.00970982355065644 0.00963592347688973 0.012304674461484 0.0494167819619179 0.0641947500407696 0.047361708059907 0.0408382849767804 0.0171389542520046 0.00880134967155755 0.00871274117380381 0.00944221874233335 0.00933172539807856 0.00780166594777256 0.0117692833766341 0.0149928533472121 0.0329827651381493 0.0125740390270948 0.00907669076696038 0.0923639696091414 0.0433605134487152 0.0260738796554506 0.0469645190984011 0.0181434234604239 0.0097820210037753 0.00861891694366932 0.00644351760856807 0.00323361627524719 0.0043948455597274 0.00298623783746734 0.00244260678300634 0.00200701090507209 0.00215260823024437 0.00149593409150839 0.00139083425747231 0.00384570977184921 0.00161568994517438 0.00158331253333017 0.00159338277881034
0.0168901846278459 0.0114620879292488 0.0103790181688964 0.0109711860306561 0.00978745743632317 0.00871263504959643 0.0091880111489445 0.00922284815460444 0.00893559926189482 0.0101263157092035 0.00951449209824204 0.0212664496153593 0.0403620423749089 0.0378738652914763 0.0196420595049858 0.00957986037246883 0.006269122636877 0.00569526688195765 0.00742566653061658 0.00913464524783194 0.00942893386818469 0.00997483017854392 0.0116821982199326 0.00829086005687714 0.00854456562083214 0.00872380244545639 0.00978341435547918 0.0092389766825363 0.0125335181131959 0.0154096932150424 0.0143101461231709 0.00885914103128016 0.067385284230113 0.032940074428916 0.00575612406246364 0.0039638793328777 0.00288082284387201 0.0027462086873129 0.00241147999186069 0.000563698259065859 0.00136559951642994 0.00150954755954444 0.00429282470140606 0.00146179956500418 0.00127121708646882 0.00137668953393586
0.0123034045565873 0.011122025642544 0.0105060727335513 0.00937209441326559 0.010662451852113 0.0108086865395308 0.00838259779848158 0.00676542045548558 0.00913136685267091 0.00960317044518888 0.107675716280937 0.022855756059289 0.0216394047252834 0.0566116251051426 0.0121996668633074 0.00835866215638816 0.00966478411573917 0.00829892007168382 0.00865986957214773 0.00915521995630115 0.00718748555518687 0.00781274510081858 0.00745300534181297 0.0132228771690279 0.00700340357143432 0.0072625441942364 0.00869727104436606 0.00995895701926202 0.00935442137997597 0.0102080723503605 0.00879115452989936 0.00927146323956549 0.00777044331189245 0.00657925168052316 0.0348786916583776 0.0293431519530714 0.00292752543464303 0.00298506388207898 0.00487074675038457 0.569430964812636 0.00210410957224667 0.00248323403066024 0.00155648700310849 0.00154497281764634 0.00191925471881405 0.00178524973453023
0.0121227689087391 0.0119067894294858 0.00869730128906667 0.0102911644615233 0.00982172531075776 0.00705793732777238 0.00553207097109407 0.0093640326987952 0.0921479839831591 0.00807363141793758 0.00790857938118279 0.00962512642145157 0.00999194155447185 0.0175522931851447 0.0610219951719046 0.00815294841304421 0.00898808431811631 0.00858664866536856 0.00840447368100286 0.00808384348638356 0.00763656492345035 0.00452316893497482 0.00557040637359023 0.00642403080128133 0.00702834753319621 0.00626964091788977 0.00679964304435998 0.00849352988880128 0.00873501126188785 0.00869292663410306 0.00885242903605104 0.00901764566078782 0.0088839526521042 0.00722247108351439 0.00711986920796335 0.00492296360898763 0.018549763597548 0.00296759363263845 0.00074950126290787 0.00249812556430697 0.00219349061371759 0.00171173755079508 0.0273725212551653 0.00178083397331648 0.00159810204058886 0.00181868234067224
0.0140324980951846 0.00763779170811176 0.00782361635938287 0.0056500012986362 0.00620719371363521 0.00837592901661992 0.0136244411580265 0.939210501313209 0.103721401840448 0.00999068948440254 0.00958535699173808 0.00897296299226582 0.00978776691481471 0.0351128187030554 0.231756490468979 0.019257584027946 0.048314406722784 0.0242661375552416 0.00341707575134933 0.026340991910547 0.00289071066072211 0.00406927755102515 0.010567579139024 0.00501715276623145 0.00668819684069604 0.00699565217364579 0.00602582576684654 0.00805410454049706 0.00928268155548722 0.0103929882636294 0.010508909355849 0.00954366351943463 0.008287562453188 0.00686628904659301 0.0292689781636 0.00474081935826689 0.00418968171579763 0.00324663405772299 0.00274814770091325 0.00215397906722501 0.00201453522313386 0.00353980172658339 0.0371523624286056 0.00197855758015066 0.00212922462960705 0.00165859604603611
0.0122302616946399 0.00884928666055202 0.0091654060408473 0.0263936804607511 0.0124267941340804 0.00644925739616156 0.00637090760283172 0.0062868312234059 0.00736811710521579 0.00879184878431261 0.0504927564412355 0.0426503581926227 0.0734856009483337 0.257036092877388 0.0782825145870447 0.0219593127258122 0.0204515523277223 0.0149748816154897 0.00697689866647124 0.00373818540247157 0.00644481161143631 0.00384226245805621 0.0139065208379179 0.00488779660081491 0.00794024528004229 0.00828712617512792 0.00811155554838478 0.00845519786234945 0.00926585253328085 0.00935126333497465 0.00969739747233689 0.0083875700365752 0.00807338724844158 0.00784496646374464 0.00373122963355854 0.00341060198843479 0.00250794580206275 0.00231491917511448 0.00221187756978907 0.00674669207073748 0.00520449387840927 0.00259043799014762 0.00203776936978102 0.00257546305656433 0.00253400292713195 0.00216322609921917
