Scripts_&_data/Maxent_result_files_1/Bombus_bohemicus_3.asc
NCOLS 594 
NROWS 330 
XLLCORNER -15 
YLLCORNER 23 
CELLSIZE 0.166666666666667 
NODATA_value -9999 
[rows 280 to 299 of 330, columns 368 to 413 of 594]
6.79527267788416e-10 3.82124010211982e-10 2.61264887502222e-10 6.2497651498461e-11 1.48104498665091e-09 1.41082174831553e-09 6.93059665213269e-10 1.30435309220189e-09 6.50080289599231e-10 1.60983193442377e-10 1.58663993055086e-10 2.88241852608451e-10 4.71882843910976e-10 6.93072943480644e-09 4.08522392580934e-09 7.95253751739722e-11 1.0751398660247e-10 1.68279246093306e-10 1.00508934508525e-10 2.08666162127003e-10 3.34011418523517e-10 3.88248508897959e-09 6.35120781566911e-07 3.40524975399603e-06 3.28488346212907e-06 1.83060547897185e-05 2.24164135943283e-05 2.91006003863004e-05 2.14016788049776e-05 9.13799881345767e-06 4.5258359705258e-06 2.95104253922318e-07 1.18000210989067e-06 1.3476559342962e-05 5.84218570054418e-07 6.45058474901816e-07 2.02242832187949e-06 1.95495120465239e-06 8.82729568729701e-07 2.108883158769e-07 3.36854956373145e-08 3.19148222516219e-08 1.13719162087023e-08 4.61187452671652e-09 3.59632085222827e-09 2.22376302261296e-08
1.5663505936736e-09 2.85572987479554e-10 9.33419730397844e-10 4.90129581365295e-10 1.36515450055441e-09 7.05001712564268e-10 2.06058122786956e-09 5.71642633229175e-10 2.62652666283003e-10 1.40678402260619e-10 1.3375116569847e-10 7.03624603026753e-11 4.9235069354836e-10 4.68204497394709e-10 6.22898510549419e-11 1.1578888958752e-10 9.39757716089673e-11 8.26111512530758e-11 4.21089607627323e-11 1.95611471465185e-10 2.39013198122251e-10 8.43418701546028e-10 8.27439610162628e-08 2.54756499202813e-06 2.80059788337894e-06 3.03310031313231e-07 1.68890587247006e-05 2.44083576944831e-05 2.09036882552027e-05 9.18395430744567e-06 3.67232076314394e-05 9.08443207663367e-06 9.53100223455294e-07 1.44344598993484e-06 2.29993543143792e-06 2.77746103165555e-06 5.63296948712377e-06 9.52786106154235e-06 6.12635307106757e-07 7.15644608817456e-07 2.66389936776079e-08 6.01483069573305e-08 1.53250340417799e-08 2.68373391287824e-09 2.13611673904879e-09 5.71128055959491e-09
6.02165739493898e-10 1.41619781457436e-09 9.6254982873134e-10 8.64125548893924e-11 7.07890335238659e-10 1.41185033664115e-09 3.85062781660395e-10 3.34149408143247e-10 1.31066602016006e-10 1.21707988132158e-10 8.79384343122069e-11 9.71144720196548e-11 2.53189003096566e-10 1.27714416819913e-10 2.75075717759421e-10 1.10538134201477e-10 1.0554872531543e-10 1.22100585198126e-10 2.36571884304482e-10 8.03306421381933e-11 8.68597749281719e-11 3.64375007944062e-10 2.15493819455403e-09 1.36749364276767e-08 5.1396242595203e-09 2.34388102260397e-08 3.77496696728485e-06 3.12300318910275e-05 1.75266527548956e-05 6.39701390809932e-06 4.25606962380698e-05 4.09390343065752e-06 6.10059325936163e-06 3.9607103644812e-06 8.19109388885408e-06 5.76997367716103e-06 5.84348972552107e-06 1.68576998476055e-05 1.42430867072107e-05 2.7556018480368e-07 8.03703966312241e-07 1.32119418339016e-07 7.53246647278161e-09 2.73439038078749e-09 2.48769530530879e-09 3.21927153823509e-09
1.96203719937671e-10 7.27912174980361e-11 6.54850507153526e-11 1.1582763637108e-10 3.52068307840625e-10 2.35547703564265e-10 4.73443617643454e-11 4.28712088051952e-10 4.80106310263295e-10 1.16621845513976e-10 2.10836614833454e-10 1.10000797359788e-10 5.21175691492459e-10 2.00419651985584e-09 2.02777217239714e-10 1.89482796120188e-10 3.6366436528823e-10 1.11381526224363e-10 1.48911494246562e-10 5.64799651492365e-11 2.99917757295987e-11 1.07919662095668e-10 6.70059296936643e-10 8.54664816696271e-10 3.31549754317706e-09 1.04703539616224e-08 2.44960264517147e-08 1.03687610589986e-05 5.6206479712273e-05 1.27704339320189e-05 1.28723438592715e-05 6.88355323291034e-05 2.3961485203472e-05 1.08765907498309e-05 1.50316365761682e-05 3.15838368805998e-05 6.8460388092717e-06 3.19492473863647e-06 1.67192447406705e-05 2.15856261092995e-05 2.14123794648913e-05 5.71634159314272e-06 7.57263319428603e-07 2.11834708885306e-08 1.78461514011019e-08 4.99661438890797e-09
1.14033660292279e-10 5.99565208592168e-10 1.48670753485902e-10 1.02550734570883e-10 1.06731024018814e-10 2.51248155613837e-10 9.32178223500557e-10 1.48335355110163e-10 3.4172923424336e-08 4.48958115129017e-10 2.35769515022355e-10 1.20502308131876e-10 8.50529646712062e-11 4.99008023790992e-10 1.08933727593907e-09 5.69400970817924e-11 5.18180642838928e-10 4.36850611240658e-10 1.02507380361772e-10 7.00232982708826e-11 2.44741926724856e-10 1.97225868969753e-10 2.77346512422838e-10 1.72360975492225e-09 1.67077295332163e-09 3.03466394235841e-09 2.72629169906224e-08 6.46090529698995e-06 8.0260889717465e-06 1.13074167529703e-05 1.85613885150815e-05 1.80812047574364e-06 2.71662258455763e-05 3.88211253721238e-06 9.06412269614521e-06 2.16004728827102e-05 1.69105329632657e-06 8.82196445672889e-06 1.60971552304545e-05 6.58340925383527e-06 1.83434721066078e-06 8.84175274222798e-06 1.82264826889877e-05 2.6109749569514e-06 1.08892386663229e-07 1.78582476362266e-08
1.10974485156845e-10 1.10704523326177e-10 1.12975329091825e-10 1.12833720145034e-10 2.54870280436137e-10 1.14454068445013e-10 1.29163713058489e-10 4.27960711313347e-10 2.85887425954812e-09 7.08874925425818e-10 5.45067346813255e-10 2.83212274077016e-08 1.56829904618405e-10 8.09833866632914e-11 7.12749859133055e-11 3.23020499237714e-10 3.36058068040046e-09 1.64128350910175e-09 8.80136186154345e-11 8.53963344482622e-11 3.27336602268247e-11 1.77020254010785e-10 6.09928385575387e-10 4.27300306249379e-10 9.21480469706637e-10 1.83826110999874e-09 3.89716870330403e-08 8.91777645506409e-07 1.17342830918687e-07 9.7132615337614e-07 5.72575936530484e-07 7.81244029894879e-06 1.45367969707877e-05 0.00017440199808334 1.91619060387893e-05 7.82687823175365e-06 3.73999560906668e-05 7.05208008184854e-06 5.92955233514658e-05 1.35226533984678e-05 5.26106039160368e-06 3.93962850466778e-06 7.96183030615794e-06 3.30275235683075e-05 2.76740853450974e-06 4.41495011216375e-08
1.05145103734827e-10 1.07240683000498e-10 1.06692743528924e-10 1.10876074987942e-10 1.12601705737347e-10 1.14324716360414e-10 1.29072319499102e-10 1.36515643234247e-10 3.53354245863358e-10 1.6017182025152e-10 8.33009439205057e-11 2.82231327197735e-10 3.19936810377897e-10 9.1056961970537e-11 7.7907902351626e-11 -9999 -9999 3.45482220609483e-10 8.31556712377335e-11 9.22718568219238e-11 7.94656784819381e-11 8.84373774212577e-10 9.64277035997441e-10 5.81788506259784e-10 4.65071492428137e-10 1.00670097813449e-09 1.78462171707139e-09 3.5143014054384e-09 5.09020174899177e-09 8.08503288762807e-09 1.19785981311793e-07 1.73204926454673e-06 1.53156740907434e-05 4.49819635832682e-05 2.04171560653776e-05 3.30130873180678e-06 1.93877543779308e-06 1.76433005663057e-06 7.9013712820597e-06 1.31396243432391e-05 3.54056471678632e-06 6.20526023453749e-07 5.49359293700036e-07 2.83207961047083e-06 9.69213074313302e-06 4.12420680504511e-06
1.02454533745799e-10 1.0414975548656e-10 1.01188968315569e-10 1.05049335896723e-10 1.09498921041506e-10 1.10060083269303e-10 1.12664344520397e-10 1.10489295490623e-10 2.09750938839903e-10 1.96155314213797e-10 1.52822221544113e-10 1.40482869781522e-10 3.10226477839848e-10 5.27785593007479e-11 2.15762385735729e-10 7.33977595146484e-08 -9999 -9999 -9999 2.63318644666555e-10 -9999 -9999 -9999 1.340640598535e-10 2.17928264323319e-10 8.0226211229828e-10 1.91304407870518e-09 6.25743823423619e-09 8.10178253374261e-09 7.28869475885574e-09 2.18119424744145e-08 5.50176444846784e-07 4.27080169629335e-06 4.44266361228074e-06 1.13613638859533e-05 6.72070113978407e-06 4.58051826512929e-07 3.36484190199826e-07 1.66865201549626e-06 4.65992648912561e-07 1.62675951855817e-06 9.88714725735917e-07 1.89232304705911e-06 1.08238462530608e-06 1.94445416354938e-06 7.02172480941954e-06
9.66732915941293e-11 9.67029345488868e-11 1.0511681525216e-10 1.05481079426539e-10 9.57708357063325e-11 9.81761560936434e-11 9.41050126712639e-11 8.68801031117528e-11 8.83655038030895e-11 8.26150148292015e-11 1.81397308285369e-10 6.20631346315292e-10 -9999 -9999 -9999 -9999 -9999 -9999 -9999 -9999 -9999 -9999 -9999 1.7826025544565e-09 1.16782772341395e-10 1.78418413376846e-10 3.45832251724687e-10 1.08731516013094e-09 2.94647456433594e-09 2.17467079011158e-08 1.60729122899994e-08 1.13550873095392e-06 1.30558652926993e-05 5.56008374132944e-06 4.53723621376412e-06 6.02283871558029e-06 1.44225026588174e-07 6.45806085941558e-08 4.15139157894373e-07 6.09493673664474e-07 1.02023016097519e-06 1.03481222595292e-05 5.58842432951678e-07 1.20268907721766e-05 8.10822964467661e-06 5.23454348240193e-06
1.04042607862453e-10 1.02122066358845e-10 1.05392616855937e-10 1.09404008075131e-10 9.39513244979651e-11 9.44198719210476e-11 8.7004592419504e-11 8.01332222799545e-11 6.8803318598043e-11 7.32275795556348e-11 5.69847169451521e-11 5.38733280208703e-11 -9999 -9999 -9999 -9999 -9999 -9999 -9999 -9999 -9999 -9999 -9999 -9999 1.9064336775898e-10 5.0979043209054e-11 1.66958058489541e-10 2.12963369161656e-10 5.02892694154156e-10 1.73367390443602e-09 8.49870831487465e-09 4.30631151848715e-09 6.95308949616447e-07 1.70582206010295e-05 6.62503409785131e-06 8.5469394662141e-06 1.48810323025828e-05 1.93315827914375e-06 6.27163626631955e-07 5.68193353700508e-08 1.39059919490592e-07 3.60650002306784e-08 5.19932660836275e-07 4.74984467757622e-07 1.98433735221215e-07 5.47257445759897e-07
1.11345055398004e-10 1.13742404383999e-10 1.22206844643813e-10 1.17411791400457e-10 1.11645281908324e-10 1.04583353088827e-10 9.01815844223108e-11 8.09956657299438e-11 1.63616420412183e-10 1.45174434695861e-09 1.85363055571486e-08 -9999 -9999 -9999 -9999 -9999 -9999 -9999 -9999 -9999 -9999 -9999 -9999 -9999 -9999 1.0782478132576e-09 2.19358864406161e-10 1.56684920593619e-10 1.69580716136153e-10 5.78366698977817e-10 1.5803486963506e-09 1.23570315313515e-08 1.20426988381439e-08 5.60032070495708e-07 2.35011802033114e-05 4.38991852433901e-06 2.76636833405064e-05 4.63957097053935e-05 1.07272811078474e-06 1.59550918965579e-07 2.06683412073971e-07 4.25315843699536e-07 2.02071258570413e-07 1.9289828685487e-07 1.07692266837489e-07 1.23026503473511e-07
1.1738851002363e-10 1.22885601694378e-10 1.34271804785868e-10 1.20775878187374e-10 1.13392062406348e-10 1.07321396214388e-10 9.64996194063872e-11 2.08490835706954e-10 1.02814738944801e-09 -9999 -9999 -9999 -9999 -9999 -9999 -9999 -9999 -9999 -9999 -9999 -9999 -9999 -9999 -9999 -9999 -9999 2.78378520235378e-10 9.81694836532654e-11 4.22742130190557e-10 5.51137091520104e-10 1.33677615643535e-09 1.36465427846844e-09 2.53387496540469e-09 7.4005530592558e-09 9.67677408425516e-07 9.13242572551098e-06 1.24473615983334e-06 5.78691147268273e-07 4.197627831104e-07 6.94512630161626e-07 1.17000863326666e-06 7.68818242136149e-07 7.2127226928842e-07 7.2809147013686e-07 3.2678684789289e-07 1.53081278853051e-07
1.24576859938941e-10 1.40143419091743e-10 1.30993893510123e-10 1.29631694267829e-10 1.21203891367827e-10 1.07311948216449e-10 2.76360900830497e-10 1.41104672390924e-10 1.84206094822059e-10 3.79718221310554e-09 1.5793147383647e-06 -9999 -9999 -9999 -9999 -9999 -9999 -9999 -9999 -9999 -9999 -9999 -9999 -9999 -9999 -9999 1.23049619382698e-09 3.84074949622004e-10 6.41415964786063e-10 5.0471430368404e-10 3.04229651248988e-08 8.21441852316696e-09 1.82901547240988e-09 3.29028182477487e-10 1.97104989219099e-08 1.82682308604853e-06 4.43404129555347e-06 2.27941142156851e-06 3.9734540422387e-07 2.4256687041202e-07 4.65857622700128e-08 1.04100655846651e-06 6.43512504439059e-07 1.70004456663264e-06 4.98348329358578e-07 2.50410795388234e-07
1.37228439722747e-10 2.9089552988637e-10 1.50734691395371e-10 1.36670597061794e-10 1.24660781697372e-10 1.14436027320863e-10 8.65471139199769e-11 6.79500455902371e-11 2.71337952106876e-10 4.23030277474368e-11 2.63514965403999e-09 -9999 -9999 -9999 -9999 -9999 -9999 -9999 -9999 -9999 -9999 -9999 -9999 -9999 -9999 -9999 -9999 1.35328078743058e-09 2.18938789320333e-10 1.37288858059748e-10 2.71626889869481e-09 3.68147593521329e-09 2.17876087171831e-09 9.47110156968023e-10 3.18644213237462e-09 1.50967414924708e-06 1.98806566800158e-06 1.52797558143902e-06 1.17616457373515e-06 1.89321558963229e-07 2.66577654173261e-07 2.98679297827675e-07 1.10628912750599e-06 4.36502958223173e-07 1.22696919504506e-06 1.58789278543736e-06
1.18394916093223e-10 2.79350775844733e-10 1.27236920999252e-10 1.23058296885858e-10 1.18720422381813e-10 1.06285680256946e-10 8.26227974926041e-11 5.87424220377386e-11 1.34847732979892e-10 3.92491372736004e-11 2.52379672716074e-10 -9999 -9999 -9999 -9999 -9999 -9999 -9999 -9999 -9999 -9999 -9999 -9999 -9999 -9999 -9999 -9999 2.76043136793191e-08 1.4994879782293e-10 8.21412704521407e-10 1.32157752519291e-09 1.22205739971903e-09 1.45329259737537e-10 6.50048082029286e-10 4.92682238339981e-09 1.7382751735795e-07 1.8056103328945e-06 3.68160364132564e-06 1.47524370390784e-06 6.38361614164751e-06 2.77100534162855e-07 1.75823659276375e-07 1.11861866969321e-07 4.23866833898501e-07 5.49774744840192e-08 9.95612282395086e-08
1.21377674577872e-10 1.1823381163012e-10 1.14296161424221e-10 1.09752484878101e-10 1.05937592032035e-10 9.50842071745228e-11 8.19337486746008e-11 5.82676573657182e-11 6.13605832811004e-11 1.51646339929812e-10 4.29346891372973e-11 1.89058957378307e-10 -9999 -9999 -9999 -9999 -9999 -9999 -9999 -9999 -9999 -9999 -9999 -9999 -9999 -9999 -9999 -9999 2.05604282044192e-08 6.85195233884883e-11 4.18437581251041e-09 9.71045792663716e-09 2.02446139851986e-09 7.10811520754362e-10 3.14868537909518e-09 3.22673359143266e-09 1.68392091381975e-08 5.92327735660092e-07 1.3308033658177e-06 6.34253633791104e-07 6.51776985716168e-09 8.97744456551663e-08 3.90273347861125e-08 1.63675769826455e-08 1.00337420860797e-07 3.45708036419978e-08
1.15915466114558e-10 1.11122189228041e-10 1.1161898072487e-10 1.02825525871708e-10 9.60879265043957e-11 8.39015190656767e-11 7.09060921089133e-11 5.56378720872885e-11 5.67645153104479e-11 8.13642042629681e-11 1.37398947774869e-10 3.9524095107879e-11 -9999 -9999 -9999 -9999 -9999 -9999 -9999 -9999 -9999 -9999 -9999 -9999 -9999 -9999 -9999 -9999 -9999 8.65218785506272e-11 1.34914013294463e-10 4.03311251062632e-10 3.55163529697222e-09 4.17107715033893e-10 1.51979708817862e-09 2.25175780244058e-09 1.64265823165977e-09 1.43443143585387e-08 1.12601854951322e-07 2.63062749894516e-07 1.04243313536756e-08 1.21942370423511e-08 1.80931546189811e-08 1.75011912517675e-08 9.61777857355628e-09 9.07346699996481e-09
1.1177404557472e-10 1.03913111448861e-10 1.00363473087839e-10 9.36607680301904e-11 8.30605140222929e-11 7.51656403785717e-11 6.638347649357e-11 5.86319992557094e-11 5.18843301655636e-11 5.06736208549796e-11 4.49455139772681e-11 4.10909195558418e-11 2.23265250731686e-10 -9999 -9999 -9999 -9999 -9999 -9999 -9999 -9999 -9999 -9999 -9999 -9999 -9999 -9999 -9999 -9999 4.38195435492617e-10 6.55960619155849e-11 1.21205456782292e-10 8.71008376535087e-11 5.4870996635259e-10 2.7345218311936e-10 3.41928985125861e-10 1.70012469657976e-09 2.19140285917518e-09 9.69582443222094e-09 6.36908801254776e-09 4.10663849592652e-09 9.84760255562378e-09 5.8640383882036e-09 3.27969510749426e-07 7.68299580045095e-07 7.99823331121274e-08
1.01410679853586e-10 9.30350685379722e-11 8.82945050406647e-11 8.24298185264638e-11 7.33240912431654e-11 6.68401334280588e-11 6.24456042430666e-11 5.65558933018906e-11 5.39115085906872e-11 5.63338264925051e-11 5.2123927396508e-11 3.78951647839187e-11 3.43504891198165e-11 -9999 -9999 -9999 -9999 -9999 -9999 -9999 -9999 -9999 -9999 -9999 -9999 -9999 -9999 -9999 -9999 -9999 2.1366146629731e-10 6.50859810491511e-11 7.42060612957118e-10 1.65515234851199e-10 3.05678038436952e-10 2.88748525090199e-10 3.48176154574276e-10 1.17156171430821e-09 1.44909880761546e-09 3.41455734798046e-09 3.89577043957701e-09 3.53439107980691e-09 5.49238601266211e-09 1.57606991901815e-09 3.72358229805414e-09 4.33292974832966e-09
8.76313910325166e-11 8.30035373766691e-11 7.5568806767734e-11 7.34496685694808e-11 6.58833321232066e-11 6.07822570053429e-11 5.67546565299892e-11 5.28825649936948e-11 5.42659694957592e-11 5.28128429877484e-11 5.34851607447706e-11 4.33743041483581e-11 4.27469504238331e-11 1.24456923655814e-09 -9999 -9999 -9999 -9999 -9999 -9999 -9999 -9999 -9999 -9999 -9999 -9999 -9999 -9999 -9999 -9999 7.28517102199788e-10 1.07263731230489e-10 2.22100593472163e-10 1.09892130950584e-09 1.46677900936254e-09 3.22768511917815e-10 1.68602853900524e-10 3.5935291409217e-10 6.80435274791336e-10 5.34064781287924e-10 5.86217974163361e-10 6.55436371843621e-10 3.69148686063525e-09 5.80008667760978e-09 3.11977542688524e-09 1.13766538412108e-09
