Scripts_&_data/Maxent_result_files_1/Bombus_cingulatus_3.asc
NCOLS 594 
NROWS 330 
XLLCORNER -15 
YLLCORNER 23 
CELLSIZE 0.166666666666667 
NODATA_value -9999 
[rows 180 to 199 of 330, columns 308 to 351 of 594]
2.1356198078637e-06 2.69587181579434e-06 1.52401637150135e-06 1.55635448039204e-06 1.60674013605089e-06 3.07712946953975e-05 1.08008445399044e-05 0.000151667150661361 0.00029685977370536 0.000289280865589159 1.04765708869747e-05 8.7231174228819e-06 1.27175994080186e-06 8.715717037866e-07 1.29805724775611e-06 6.80374794559402e-07 3.29204870278543e-06 8.4001195961303e-07 9.89944391494024e-07 9.96192914837213e-07 1.00037059638236e-06 2.0541910827121e-06 7.54503416927732e-05 1.30912676122863e-06 8.75651294363067e-07 1.91905300483963e-07 2.94125145239299e-07 7.93385856878714e-07 8.14642852087211e-07 7.63854280294574e-07 6.65014941070297e-07 7.3779076773528e-07 6.33786272097314e-07 7.01064343100466e-07 1.65200019841549e-07 6.72022272274475e-09 1.86480977326653e-09 7.79534524486536e-07 5.59429612601026e-07 2.79533135039145e-06 1.25999663258547e-08 2.32277086231747e-08 1.11452837903148e-07 3.4097621727236e-07
1.40505737861174e-06 1.44440623508491e-06 1.45906582176281e-06 1.39115234005782e-06 1.04910276427228e-06 1.38189166186686e-06 5.58899254998746e-07 1.2846982779291e-05 3.65186941135409e-05 1.09198340839112e-05 1.04498947598453e-05 9.90808035916668e-07 2.22034813337491e-05 2.91239522240971e-06 6.0571343024618e-07 5.83407165266614e-07 6.58667556518999e-07 8.09810133628464e-07 5.95604778874659e-07 6.55701339713488e-07 7.11953325038817e-07 0.000226468675136859 1.12458622028688e-05 0.000225574044824539 9.64960393305958e-06 7.54687062498593e-07 6.72275237278974e-07 9.64533127090217e-07 4.05059791397377e-07 5.17018690626703e-07 4.03668507842347e-07 4.47563098882053e-07 5.01135744757075e-07 7.45050266715008e-07 6.95694225605337e-07 7.39421326390044e-09 1.06441527254475e-06 1.11077593176745e-06 3.19371081802799e-09 1.61559838840475e-08 4.96146812523079e-10 1.72066998105347e-07 3.597220539997e-07 9.51130377124798e-08
1.61797416844411e-06 1.47543192247079e-06 1.50161023680928e-06 1.26807106387572e-06 1.17533943566617e-06 1.23629385967439e-06 7.5735027860846e-06 1.05622344651612e-05 1.06393626473356e-06 8.59009916387432e-07 6.37661129867517e-06 6.66851771713439e-07 6.26815677662318e-07 5.67927828931669e-07 4.83614799262622e-07 2.40335064416453e-06 4.47534925485105e-07 3.8180454963177e-07 3.96440486216676e-07 4.39227929982522e-07 4.14025356543224e-07 4.60084532361016e-07 2.70448131988177e-06 2.76868731392543e-06 5.24754968700414e-07 7.55856214618156e-07 4.9837951167564e-05 4.16877829527706e-06 1.00872027600452e-05 1.36389884164423e-08 1.91454531117685e-09 3.21815832948769e-07 1.28545283447634e-06 3.78679813339833e-07 1.65854223066475e-07 3.30211409258485e-06 2.94483828433556e-09 2.83779110210602e-09 1.0189138910377e-08 1.87314713739895e-09 8.26996606750896e-08 1.38577683783669e-07 1.29226311063047e-07 1.1672583153377e-07
1.85081073823534e-06 2.45763430007928e-06 1.59149247781487e-06 1.34872416402976e-06 1.17740071869932e-06 1.01874508650068e-06 9.67715427535598e-07 8.85724456400894e-07 7.77258617712384e-07 8.9088535534243e-07 5.85547934173203e-07 4.7586467295524e-07 4.75051180903741e-07 4.53210861073305e-07 4.3689209052733e-07 3.33774681759991e-07 3.22996571944234e-07 3.14689271452284e-07 3.49809523836342e-07 3.59297910290657e-07 4.03322842223997e-07 3.95098270244976e-07 7.04478978617473e-05 6.34677880140266e-08 3.07233338658897e-06 3.01490125453885e-07 4.40033485638036e-07 2.97879899202602e-07 2.95751807910527e-07 5.80584185172484e-09 3.35905446313678e-07 3.34893799902591e-07 3.15775486681158e-07 2.37513312606463e-07 1.63843937139863e-07 6.15994159808286e-06 1.26248693188558e-07 6.53261482685963e-09 1.268765223994e-08 2.03550585275991e-09 2.42189197585674e-09 5.00593807295502e-08 2.40360961245578e-08 3.48570467867404e-07
2.06794880619476e-06 2.28113027780363e-06 1.2404261443888e-06 1.0065015653038e-06 8.97263850574426e-07 3.24620369829276e-07 1.06628518867891e-05 9.40074941424896e-05 1.42643835751577e-05 5.21886488524803e-07 3.88059370970417e-07 3.69446417070041e-07 3.42029146116474e-07 2.61368220400016e-08 6.78888081862006e-08 0.000656822464916162 -9999 3.14244090005023e-07 9.16291909580647e-07 2.99735548840996e-06 0.00011960542505085 1.08288782258104e-05 6.38480760262183e-08 4.05242939205408e-10 0.0459311510916778 1.92496019990607e-07 8.69110606371848e-08 2.90976482497651e-07 1.41324938410792e-06 2.11219581303101e-07 2.78952085264184e-07 3.07240562436029e-07 3.82451647162885e-07 2.93143449592304e-07 2.95955555706939e-07 4.36552445637339e-07 4.64966583224591e-07 7.36182174776445e-08 2.00198724265022e-09 5.76452572342845e-09 1.88757939278972e-09 3.61951822958062e-09 4.24505105400819e-08 3.07321243231407e-07
9.53890411581337e-07 7.77500194404368e-07 7.39392615300982e-07 5.74261463681669e-07 5.38552204887299e-07 5.26804308498274e-07 1.57115272502728e-05 -9999 -9999 -9999 -9999 -9999 -9999 -9999 -9999 -9999 -9999 -9999 5.82720099089329e-06 8.98623304764756e-06 4.4323881367081e-05 2.59238984479104e-07 3.30360538569607e-07 3.59409968730962e-07 3.3857175291141e-07 3.09851074908885e-07 5.93164604989482e-08 1.66185664896012e-08 1.57753795138049e-08 6.34035672852917e-08 3.73390203078916e-07 3.45210667840323e-07 3.86498573179406e-07 5.4006287720787e-07 3.46705659914903e-07 4.04902222539416e-07 5.95020073484998e-06 4.97766194951232e-07 3.61761134382022e-09 3.9179848809745e-09 8.10336953094293e-09 6.36409317134046e-08 2.67102463591407e-08 4.82802728241083e-08
4.26851735046974e-07 3.65897478660226e-07 3.46112257754161e-07 2.65916757491436e-07 1.17189420388408e-05 -9999 -9999 -9999 -9999 -9999 -9999 -9999 -9999 -9999 -9999 3.87197154183561e-07 1.95422472881734e-07 1.92348948668819e-07 1.93397343106749e-07 2.02451400277415e-07 2.26172867068275e-07 2.64077460843115e-07 2.93876370582868e-07 4.51812466123469e-06 3.40169907397936e-07 3.7331596142165e-07 5.5997395833618e-07 3.66401973272978e-07 4.32245272874443e-07 1.43319108114603e-07 6.23980102476551e-08 1.69450249365433e-07 3.70005310013077e-07 4.55127541720834e-07 6.22214073590088e-06 3.89635161468505e-07 4.18379782129996e-07 1.66588603134343e-08 5.85195974456276e-08 3.59440106567632e-09 9.35839895577217e-09 1.50414283917044e-08 1.6718559422424e-07 4.38676516911762e-07
1.58848903919484e-08 -9999 -9999 -9999 -9999 -9999 -9999 -9999 -9999 -9999 -9999 -9999 -9999 4.84573292258705e-07 9.56546238184419e-07 1.95358762145048e-07 7.5034570368171e-08 2.24849683483352e-07 2.03170105705919e-07 2.15661882685403e-07 2.01007335742798e-07 2.28499475485311e-07 2.52012688783942e-07 2.68777595724412e-07 1.61490874155401e-06 3.12276967084912e-07 3.30473359810846e-07 3.49722275416742e-07 3.42617487347763e-07 2.8053348241075e-07 2.35001003889845e-07 4.54177309539006e-08 6.40945736818388e-08 3.44931416251804e-07 4.12394317184095e-07 4.43427791074758e-07 3.98336184570525e-07 1.00050258022844e-07 9.14707113164326e-08 5.40324793796287e-09 1.14373164383785e-08 1.00690207283094e-08 3.47149533674873e-08 1.22269057167834e-07
-9999 -9999 -9999 -9999 -9999 -9999 -9999 -9999 -9999 1.74135561836763e-07 2.03803867393493e-07 1.73567233052729e-07 1.61958806976781e-07 2.45082469488844e-06 4.26409357578983e-07 5.17019574886035e-07 1.21640570475146e-06 1.78507329973154e-07 1.79339541694912e-07 5.03297221763344e-06 1.85898772064874e-07 1.96040785271911e-07 2.10956763979642e-07 2.30498451769812e-07 2.5055105282723e-07 2.14485905556394e-06 2.8119010876404e-07 3.09743695192655e-07 3.03629385767223e-07 2.58767818672734e-07 1.24484545449555e-06 4.31615270968244e-07 1.32876490921419e-09 1.34469729795583e-09 2.58190635538114e-10 4.03261002368538e-10 1.06606035110701e-10 1.27075994171832e-10 4.4223103068397e-09 3.14585083538432e-09 2.9004634805041e-09 4.89565291639238e-09 1.81676858668212e-08 2.84398478878067e-08
-9999 -9999 -9999 -9999 -9999 -9999 -9999 -9999 -9999 -9999 4.187125733357e-07 9.18132047278419e-08 1.48596973092996e-07 1.45632542658536e-07 1.5134988904375e-07 1.69991738219188e-07 1.79885187934214e-07 1.71862825504299e-07 1.23005575581869e-06 1.72438540313458e-07 1.58092392632536e-07 1.67824933017258e-07 1.41146770538114e-07 2.10280589163503e-07 2.01790360510046e-07 2.15512150303354e-07 2.24323368569479e-07 2.21591497950868e-07 2.22941710525948e-07 2.14430827316647e-07 1.20093270035149e-06 1.2345076118625e-05 2.34745064564557e-07 2.14500329032141e-07 2.2666158179252e-07 1.14046116939104e-07 8.91527573987361e-10 9.83689796285603e-11 7.63189511587825e-12 1.28479570316031e-09 2.02958611028592e-09 5.96986710177383e-08 7.54532168967259e-08 2.36925555840983e-09
-9999 -9999 -9999 -9999 -9999 -9999 -9999 -9999 -9999 -9999 -9999 -9999 9.6841534791281e-12 1.74814118736322e-10 7.85760905230859e-09 9.65349226922374e-07 1.49991660702842e-07 1.56988005106662e-07 5.0084224771707e-06 1.49685293049373e-07 1.54148953035449e-07 1.50987023872506e-07 1.48984347891901e-07 1.88421065083766e-07 1.60824710071505e-07 1.75429529603033e-07 1.88975659765056e-07 1.95613619891066e-07 2.05531270447423e-07 2.10787555487979e-07 1.81249407538164e-07 1.73538529424366e-07 1.69213423417691e-07 1.99923096910748e-07 1.98400675743837e-07 1.7188732244211e-07 2.16899609384313e-11 1.37110767184367e-11 1.17974460200898e-09 6.20529516659474e-11 1.86257825829372e-09 1.7973841526242e-08 1.15835803093933e-07 5.13068644902859e-08
-9999 -9999 -9999 -9999 -9999 -9999 -9999 -9999 -9999 -9999 -9999 4.76368876012323e-08 6.91505519512248e-11 4.89295935990341e-09 5.24584979344489e-08 3.94328796228915e-05 5.70234682439885e-07 1.25422076946435e-07 1.30941109777183e-07 1.33912393984748e-07 7.01624181764782e-07 1.30597310221692e-07 1.36452423782352e-07 1.43008978781278e-07 9.62335508203349e-07 1.47492182112074e-07 1.54032047183783e-07 1.53120915147298e-07 1.53823124648955e-07 1.46338681616953e-07 1.44499532261921e-07 1.52573029543746e-07 1.59621426831791e-07 1.47655227100696e-07 1.62676993864519e-07 1.30147002297409e-07 1.4053197817665e-07 7.41216355626406e-08 2.56009852983574e-08 1.26537412770134e-09 2.13068784837844e-11 4.45990977482325e-10 6.48167786443388e-08 7.3999396565938e-08
-9999 -9999 -9999 -9999 -9999 -9999 -9999 -9999 -9999 2.00782068815464e-07 1.22144981906658e-09 3.65219525400029e-08 1.37121778376326e-09 1.22038256389345e-07 6.60781894878948e-07 2.4673081171489e-07 8.60719223305662e-07 1.19858985114796e-07 4.67087725053439e-08 6.33343867684211e-08 1.15918886289812e-07 1.10381812101767e-07 6.49965101928718e-06 1.21936917840682e-07 1.23969168075444e-07 5.17529561316898e-08 7.9871512514984e-07 1.43370070682103e-07 1.92433189927232e-07 1.25956890650869e-07 6.77287110339986e-07 7.16957790880546e-07 1.34942623464251e-07 1.27974049657364e-07 1.36694448626962e-07 1.09876877696369e-07 1.05748852241572e-07 6.29375159100221e-08 6.66683794614542e-08 1.22798547996794e-08 4.25911195200968e-10 2.47889608839813e-10 1.30729939096241e-09 4.78123340919012e-10
-9999 -9999 -9999 -9999 -9999 -9999 -9999 -9999 -9999 2.30838861812188e-06 7.1490558883891e-08 1.03546533125609e-08 5.25571058485053e-07 5.89633318059946e-08 1.30738060921676e-07 7.92137289695738e-07 1.15414957846394e-06 9.89539851170562e-08 9.39823060486233e-08 1.26472885408901e-07 9.06425319691095e-08 9.26997438144284e-08 9.50248094766515e-08 9.73102762924505e-08 1.06032971647352e-07 1.17443479252799e-07 1.12487286307861e-07 1.12841573884914e-07 1.11934717994533e-07 1.08117692854126e-07 1.08674097076822e-07 1.31722221174968e-07 6.63247423648983e-10 9.09656965197847e-08 9.45538675467539e-08 8.67638986878916e-08 6.60643237559988e-08 5.89971220987806e-08 5.92734141990903e-08 5.59668941302327e-07 2.77478720001056e-09 2.50486154040885e-10 2.56718859503735e-09 3.31808516218501e-09
-9999 -9999 -9999 -9999 -9999 -9999 -9999 -9999 8.13457591952727e-08 8.07032264904528e-08 6.27142511921974e-08 6.74948847145806e-08 9.4563394748004e-08 1.6682786605493e-07 8.91374371425613e-08 8.26490210144026e-06 8.52500534387346e-08 7.84937773556926e-08 7.47458814953639e-08 7.29075410155211e-08 7.0476459601565e-08 7.22375159356581e-08 7.6057531861462e-08 8.22601736838458e-08 8.68418472355081e-08 9.77168097437975e-08 1.04046742865904e-07 1.13736024098809e-07 1.05162101049494e-07 1.22387150397474e-06 9.95244302415266e-08 8.55338249228232e-08 1.05365092206711e-09 7.22909958450479e-08 6.15000655401765e-08 5.48498307995082e-08 5.46329332551387e-08 5.19592966985449e-08 5.8430598126602e-08 1.48171819258636e-08 4.57375688101003e-08 1.01653166550975e-08 1.85066210134366e-09 3.59026830487608e-10
2.41307672378732e-05 -9999 -9999 1.31504508259495e-06 -9999 -9999 -9999 1.67871668345754e-05 6.44212361233798e-10 5.75680122016919e-08 6.20790259531212e-08 1.60834760988271e-06 2.56381954388818e-07 1.42523204327283e-07 7.41575598706135e-08 6.81604598873342e-08 6.33422624574109e-08 5.86532943991358e-08 1.86010211831178e-06 5.75156060111937e-08 5.85321248358639e-08 6.02128123583512e-08 6.31030895315021e-08 3.21454147589328e-07 1.07270954807781e-07 5.53562121071716e-06 4.63867474500557e-06 7.05504334064244e-08 1.48348577533319e-07 8.42098640663203e-07 7.8974221828787e-08 7.53155330324162e-08 1.9052620247817e-06 6.10189590077859e-08 5.83095850159587e-08 5.64667408053943e-08 5.96232348715198e-08 7.1485213237743e-08 5.7272715086043e-07 2.08391665827978e-06 8.4629306784656e-08 9.22893945487502e-08 6.50600841978211e-08 7.14950492808342e-08
1.07952220451901e-05 -9999 -9999 1.26955367552029e-08 6.89054702185388e-11 1.1167444746718e-11 1.20311632878511e-06 8.41589502531548e-09 1.3797071103383e-07 5.01905694227922e-08 6.53205902675369e-06 2.23192998816124e-07 1.86623514752959e-08 4.73862578953543e-08 4.86560532753089e-08 4.85467869681955e-08 4.59794002094505e-08 4.19213534175178e-07 4.71201758611706e-08 2.09070634937802e-07 2.17346773482285e-06 6.93000564044866e-08 5.10627673366848e-08 5.37602584338437e-08 5.66231611154322e-08 6.34872831639655e-08 7.37666914996105e-08 1.13692380532271e-07 1.35458303929248e-07 6.56501920048846e-08 5.37942689393667e-08 4.78230713918393e-08 5.71302353313818e-08 7.26272246120985e-08 7.90358551716608e-08 7.33315742573737e-08 7.56781444399834e-08 8.18170841077048e-08 5.35427772230257e-08 7.20505300655372e-07 1.66144815838543e-07 1.53036823935526e-07 1.26150854007356e-07 9.4093707359022e-08
-9999 -9999 -9999 -9999 1.23916557348558e-08 1.30489400396172e-09 5.77548766034219e-08 1.55331207118969e-08 1.23712956656696e-08 3.61608377352773e-08 2.21993492477424e-09 8.32602115030667e-09 9.61224314588449e-09 7.71014547762405e-09 3.72049035690658e-08 5.99009947279683e-06 6.20401538716786e-06 7.43990513640824e-10 5.52598368175339e-09 4.57841697887318e-10 3.53950041165341e-08 3.44351491765593e-08 1.22655713363784e-08 2.02700359719366e-08 2.09284479191219e-08 2.6424446671891e-07 6.45587443059981e-08 8.6014756572883e-08 4.94221526788907e-06 3.23413540592732e-07 5.13692951620293e-08 2.4307273427393e-08 1.60834222606709e-09 4.6841854841706e-05 4.0546804090158e-06 6.4821753886779e-08 9.31079671917523e-08 7.13189024614813e-08 5.32144025955361e-08 2.29930010731128e-07 1.52955615462247e-07 1.1989278814184e-07 6.72287941771987e-07 8.33521089260714e-08
-9999 -9999 -9999 -9999 -9999 -9999 2.32551566858863e-07 1.48239807984396e-08 1.85584039058551e-07 2.69658455587241e-07 2.4403129226247e-07 5.53535106639913e-08 6.18644567795812e-09 1.06603023852792e-08 1.62301510753249e-07 1.80076813915964e-07 2.04842950934925e-08 1.65232824089756e-09 4.9976025651155e-09 3.05665544797495e-07 7.27629736407831e-07 6.34183291514656e-07 9.80809055339815e-07 2.32116992804343e-07 6.06907562095138e-07 2.7977083469688e-06 5.37345576323567e-07 7.84225679617556e-08 3.30530599810253e-06 1.27821039809239e-06 9.56099061300009e-07 5.2752474544171e-07 2.30217715679881e-07 1.77752065734227e-06 8.32576873943669e-07 1.52023653410271e-07 1.48624770379691e-07 1.37043644587997e-07 8.4266728148652e-07 3.15184316121986e-06 2.49401514529346e-06 1.245428480523e-06 1.12193581336406e-07 8.38942468162074e-08
-9999 -9999 -9999 -9999 -9999 -9999 1.35976476481892e-06 1.64020953929978e-08 1.45648514546792e-05 1.27824002716936e-06 5.32158023058837e-07 9.84139653215088e-08 1.84112376599987e-07 6.91640195893406e-08 3.29205877891425e-08 2.43238314046046e-08 1.06778010466879e-07 4.07484620579268e-07 1.27434046370833e-07 6.23789894182991e-08 4.41411183538243e-07 1.59453971458889e-06 2.81172584504219e-07 1.16746054124039e-07 3.36873386042047e-07 4.82703881865554e-07 1.71287603353276e-06 9.26187584704419e-07 3.84781171636206e-07 8.58388600144533e-07 3.0480880524042e-07 9.593323178958e-07 5.69943772491532e-06 1.21222550220068e-06 7.61638191071334e-08 1.60507704127788e-07 1.15807302702997e-07 1.20617763788022e-07 4.26576095191589e-07 3.11445661249632e-06 3.00317201186173e-06 7.85195361152624e-07 1.99214003961945e-06 6.55605358668154e-08
