Scripts_&_data/Maxent_result_files_1/Bombus_mlokosievitzii_3.asc
NCOLS 594 
NROWS 330 
XLLCORNER -15 
YLLCORNER 23 
CELLSIZE 0.166666666666667 
NODATA_value -9999 
[rows 180 to 199 of 330, columns 270 to 314 of 594]
0.0122680327389389 0.0125842469278723 0.0101492953021079 0.00950954700820148 0.011404636176303 0.0106815488543361 0.0086895658634603 0.0100156443193555 0.00752762015908956 0.00714946705847979 0.00738646374084055 0.00687483823858201 0.00651695870328695 0.00616721268743277 0.00638322848826647 0.00630820686928928 0.00640371460467577 0.00651102466508746 0.00838016122579575 0.0426366185769439 0.0310825341381133 0.00576687741558999 0.00566242341883481 0.00550448971334845 0.00525345709174871 0.00515977975446731 0.00529418354853988 0.00547656766138971 0.00529656014405191 0.00606886863242835 0.0463814829476178 0.0174131779931486 0.00675189378671348 0.00544004766270518 0.00539210194256157 0.00534449883271009 0.00553316480945796 0.00542824347503483 0.0061656100442633 0.0128836142364889 0.00486415799241513 0.00472689035814255 0.00462046067696065 0.0215204094536602 0.00430502730887383
0.0115485293790698 0.0110054588876665 0.0103146029170603 0.00944605250842869 0.00859671141952276 0.00809564720839262 0.00824585394002497 0.0188160636462271 0.00697022113017738 0.00664194691926241 0.00677299676463008 0.00653179734945297 0.00636340114288032 0.00610381925944239 0.00641123673412949 0.00636053057387471 0.00615230163093656 0.00612874433863908 0.0070431690197438 0.0222809877246618 0.0294293074402958 0.00523169024381787 0.00529142590239644 0.00673407737631351 0.0149572977796197 0.0295876418240368 0.00492812502197921 0.00440278816968203 0.00495148359332234 0.00537015127483755 0.0852920459583402 0.0269443910568953 0.00543976263143122 0.00538990085478872 0.00548638929612935 0.00570457770954818 0.00576581843197346 0.00562174236401916 0.00580399194732308 0.00554666228126735 0.00525201305281371 0.0050876589724794 0.00980953178368509 0.00431943582370877 0.013583489600569
0.0109158394858241 0.00996506861411035 0.0093647014349699 0.00920582497492433 0.00850366353988647 0.00809196149930358 0.00748185599222779 0.0104047493543476 0.00819196621887386 0.0147818952798843 0.00706769586540759 0.0065024851821363 0.00631244727410376 0.00633285481017083 0.00616498212330043 0.00626259359996766 0.00627235807478428 0.00622344994917512 0.00810366095975041 0.00859661605209112 0.00585149456746876 0.0173675565980375 0.00672970120795071 0.0892993357032537 0.239832764863968 0.180315764248371 0.103525757044554 0.310214160382748 0.257913948595524 0.197363326698542 0.115824249573052 0.0674459215253592 0.0157936745788902 0.00606589028611779 0.00719020767137408 0.00632343054749072 0.00649516428820789 0.00688959520775825 0.00657271586824208 0.00597192021086812 0.00585910577792674 0.0052244981052354 0.0048653318779543 0.00465564127080142 0.0122624941170216
0.00968088149093091 0.00933435037732124 0.00875347764231265 0.00934947445057333 0.0084662998560816 0.00789317516610026 0.0072239363566041 0.00689245709218085 0.00672998405061662 0.00755169000476599 0.00668402286246419 0.00597952965181321 0.0059588972479105 0.00614694871474057 0.00748702120035887 0.00633229503873736 0.00636160571593791 0.00645314136054367 0.00656627602875233 0.00773603287525475 0.00629249755293131 0.00625809577759355 0.00602003515232354 0.121249914541841 0.101900469698012 0.212085152417421 0.0141098839230835 0.0133721339982003 0.0518919477239251 0.228003901988268 0.188617940992117 0.130522064864635 0.00595322637818754 0.00633801815565675 0.00630996229592711 0.00660785648506135 0.0070751684717834 0.0092910926323384 0.00756777888163924 0.0159138012677431 0.00637799405958503 0.00545304100960493 0.00499871745705605 0.00486466400325298 0.00503884812351316
0.00939206508919597 0.00924650747328997 0.0090384850744158 0.00865037185139954 0.00804214905947447 0.00749217248521745 0.00705061866901815 0.0069334527477622 0.00689572021365166 0.00665621520020068 0.000204050811589696 0.00732082254253328 0.0055485698627308 0.00585579362232238 0.00608941335231066 0.00636575007811189 0.006409100163728 0.0064600779209286 0.0066137129906565 0.00677767177112401 0.0068303678650409 0.00681068631820381 0.0473256170749664 0.200682301819325 0.0407133035361767 0.00619309535250068 0.00643934863619506 0.00561512527056038 0.00531873130239546 0.00539574341382831 0.00586197276134044 0.00626430443953723 0.00634523981716484 0.0062656955095008 0.00795133835636079 0.00626644077710807 0.00709090074524283 0.007907725404948 0.00832651145756245 0.00854397951625288 0.0065866781398654 0.00603997518774122 0.0055708804866299 0.0222762165591121 0.007592614274472
0.0095043295994401 0.00861005033366382 0.00804039482027292 0.00813880278728902 0.00785972657613456 0.00609964856412262 0.0333704397082329 0.00633057521190494 0.00637945160269737 0.00626997728832066 0.00606716501060873 0.102766368538141 0.00798342581838369 0.00571045482065529 0.00611524577252567 0.0064178457017988 0.00652765496633947 0.00655256083700806 0.00666471105068922 0.0067142179235816 0.00670049246400595 0.0322975312359631 0.250457882881165 0.0575506575405598 0.00662043169140816 0.00623258103150874 0.00613127469550818 0.00594824117142707 0.00568689056672156 0.00571860517375171 0.00568585100118071 0.00614616391249001 0.00615598645526916 0.00604062231723219 0.00611645707394928 0.00608991424087435 0.0069165367167443 0.0080155891366303 0.00730787995271385 0.00655518637504429 0.00634241933003068 0.00580697683617473 0.00574772334657609 0.00555489242542535 0.0367648405022919
0.0119661835022271 0.00873853219673038 0.039928827714175 0.00793992141261697 0.00793975819833577 0.0113693867810071 0.0284917517565191 0.0144833262544125 0.00619568002875894 0.00609884792938828 0.00583454538136721 0.125668976455927 0.0911684069782495 0.00600512733217329 0.00629739856813103 0.00658543524332345 0.00671052234247327 0.00670205624774098 0.00655957064591348 0.0064744430128485 0.0451914019882679 0.19118018373847 0.110861495882273 0.00552230351604521 0.005939379055053 0.0067127353977412 0.00640707847196609 0.00631707885768265 0.00634699515067041 0.00620288592763245 0.00617943443357945 0.0071099248714745 0.022316500544548 0.00610749239567667 0.00603067860938609 0.00607575292233378 0.00619651433080435 0.00651501149404794 0.00649717126507312 0.00607169393915683 0.00590792219154537 0.0284697087481618 0.0966081421822309 -9999 -9999
0.00972833973355591 0.00953694907948375 0.080894399061799 0.167932801693678 0.0614069275557995 0.00797759387642145 0.10645952410996 0.0469109319150448 0.0319295024499297 0.00804734798148274 0.0331581613048911 0.104717493802309 0.0134043043013662 0.00638587842695415 0.0066172334831208 0.00954505917616189 0.0262500615790486 0.0843450929969549 0.091945993155241 0.0232624866068363 0.107460137456656 0.0314135182648897 0.00423372017685324 0.00511197864543647 0.00574083146639168 0.00678630815818906 0.00677722324617207 0.00660901898518205 0.00606080661527812 0.00565834506414831 0.00554583640769124 0.040784808807075 0.040636470913887 0.00613287682645023 0.0059939487837255 0.012798816896975 0.0352836308069527 0.0330020111054182 0.115681136399508 -9999 -9999 -9999 -9999 -9999 -9999
0.0565017890185118 0.0103355421219021 0.0221095007844269 0.237456150352955 0.259431975334883 0.0192341997055337 -9999 -9999 -9999 -9999 -9999 -9999 -9999 0.152593122422695 0.0177540590055287 0.209030785411596 0.450250119715929 0.11892656609416 0.228809409588575 0.00375545469578356 0.0038599697407335 0.00387300369329751 0.00409613773226738 0.00450769430026412 0.00515675297938287 0.00651454024482518 0.00533920607995242 0.00541911609470844 0.00483601244632155 0.0043657177593559 0.0048510521184653 0.146466854587197 0.134775543957949 0.0329134665429592 -9999 -9999 -9999 -9999 -9999 -9999 -9999 -9999 -9999 -9999 -9999
0.35727117061615 0.175924525409937 0.0183410719968379 0.0395497154444456 0.0567350703291595 -9999 -9999 -9999 -9999 -9999 -9999 -9999 0.0238467747345567 0.153555662557483 0.142398377507925 0.128865845501423 0.117592733353376 0.00500876780133694 0.0042637447360903 0.00455966705922037 0.00424652760848403 0.00425111802760512 0.00419014731887728 0.00446478817611933 0.00516851539723575 0.00666313630063087 0.00489889304153621 0.00433259641285986 0.00445191478356719 0.00419964112807065 0.0392356928437948 0.126854228973389 0.222262390702963 -9999 -9999 -9999 -9999 -9999 -9999 -9999 -9999 -9999 -9999 -9999 -9999
0.112556409835815 0.274419736862183 0.468838730454445 0.0981974821537733 -9999 -9999 -9999 -9999 -9999 -9999 -9999 -9999 0.0459365403279662 0.0385707709938288 0.00512472453992814 0.0463401736691594 0.00607451957184821 0.00461006076075137 0.00446691021788865 0.00520339619833976 0.00445162381511182 0.0329675460234284 0.141633755713701 0.152340637892485 0.0882723171263933 0.226544485986233 0.0839896626770496 0.0646393733099103 0.03009730335325 0.0231642245780677 -9999 -9999 -9999 -9999 -9999 -9999 -9999 -9999 -9999 -9999 -9999 -9999 -9999 -9999 -9999
0.0128936654422432 0.0127001377753913 0.541867029666901 -9999 -9999 -9999 -9999 -9999 -9999 -9999 -9999 -9999 -9999 -9999 -9999 -9999 -9999 -9999 -9999 -9999 0.0294583352282643 -9999 0.102639985829592 0.188903978466988 0.154028591513634 0.221580938994884 0.199627996981144 0.145387560874224 0.169893890619278 -9999 -9999 -9999 -9999 -9999 -9999 -9999 -9999 -9999 -9999 -9999 -9999 -9999 -9999 -9999 -9999
0.232969269156456 0.123647059127688 -9999 -9999 -9999 -9999 -9999 -9999 -9999 -9999 -9999 -9999 -9999 -9999 -9999 -9999 -9999 -9999 -9999 -9999 -9999 -9999 0.00816007750108838 0.0365802751854062 0.097382228821516 0.113833678513765 0.217758371680975 0.212661038339138 0.0546233385801315 -9999 -9999 -9999 -9999 -9999 -9999 -9999 -9999 -9999 -9999 -9999 -9999 -9999 -9999 -9999 -9999
-9999 -9999 -9999 -9999 -9999 -9999 -9999 -9999 -9999 -9999 -9999 -9999 -9999 -9999 -9999 -9999 -9999 -9999 -9999 0.134570317715406 0.0446065174415708 0.0292511865496635 0.0593373775482178 0.00686552417464554 0.0069349255412817 0.00943293683230877 0.0334544792771339 0.225373098254204 0.0490399213507772 0.0568834956735373 -9999 -9999 -9999 -9999 -9999 -9999 -9999 -9999 -9999 -9999 -9999 -9999 -9999 -9999 -9999
-9999 -9999 -9999 -9999 -9999 -9999 -9999 -9999 -9999 -9999 -9999 -9999 -9999 -9999 -9999 -9999 -9999 0.237862910330296 0.0424353901296854 0.0746357806026936 0.0739165283739567 0.217639787495136 0.30945642888546 0.0881008591502905 0.0188383790664375 0.0232647299766541 0.0158441389910877 0.0127507636789232 0.00809289519675076 0.0307217712514102 0.230004097521305 -9999 -9999 -9999 -9999 -9999 -9999 -9999 -9999 -9999 -9999 -9999 -9999 -9999 -9999
-9999 -9999 -9999 -9999 -9999 -9999 -9999 -9999 -9999 -9999 -9999 -9999 -9999 -9999 -9999 0.426434484124184 0.301465505361557 0.179855845123529 0.249598309397697 0.288603514432907 0.0156610564794391 0.071825566329062 0.203082825243473 0.140212715044618 0.104081473872066 0.0290610751137137 0.0242809531278908 0.0125526114366949 0.0105034930165857 0.0101541431155056 0.286822116374969 0.496939533948898 -9999 -9999 -9999 -9999 0.0220326675102115 0.0421495424583554 0.170625358074903 -9999 -9999 0.00752729738596827 -9999 -9999 -9999
-9999 -9999 -9999 -9999 -9999 -9999 -9999 -9999 -9999 -9999 -9999 -9999 -9999 -9999 -9999 -9999 -9999 -9999 -9999 0.0698326461017132 0.370004235208034 0.472619244456291 0.312939490377903 0.0245291666127741 0.0353775311261415 0.41272114366293 0.105941340327263 0.0140706609003246 0.0100053956266493 0.00921146548353136 0.00687241998966783 0.0687329020351171 0.279430718719959 0.0921984441578388 0.0084971243981272 0.00700610848143697 0.0052033401792869 0.0227600648999214 0.0633551087230444 -9999 -9999 0.177565589547157 0.0493364525958896 0.056832049228251 0.311822231113911
-9999 -9999 -9999 -9999 -9999 -9999 -9999 -9999 -9999 -9999 -9999 -9999 -9999 -9999 -9999 -9999 -9999 -9999 -9999 -9999 -9999 0.0484454507008195 0.0588480005040765 0.0439670911058784 0.0292687861248851 0.0215911026112735 0.0169579616747797 0.0498477144166827 0.246027222275734 0.0452784409746528 0.231383001804352 0.184031711518764 0.228597092628479 -9999 0.0158535839058459 0.0816720299422741 0.11680248491466 0.223402878642082 -9999 -9999 -9999 -9999 0.770450556278229 0.357410363852978 0.0534885730594397
-9999 -9999 -9999 -9999 -9999 -9999 -9999 -9999 -9999 -9999 -9999 -9999 -9999 -9999 -9999 -9999 -9999 -9999 -9999 -9999 -9999 -9999 0.0823218706995249 0.0150694363750517 0.123277545720339 0.327975179255009 0.866137962043285 0.901402533054352 0.752589450776577 0.59172354079783 0.325508938357234 -9999 -9999 -9999 -9999 -9999 -9999 -9999 -9999 -9999 -9999 -9999 -9999 -9999 0.335011094808578
-9999 -9999 -9999 -9999 -9999 -9999 -9999 -9999 -9999 -9999 -9999 -9999 -9999 -9999 -9999 -9999 -9999 -9999 -9999 -9999 -9999 0.0872561853379011 0.310268108546734 0.208344032615423 0.0716633887554053 0.685577909927815 0.940213882923126 -9999 -9999 -9999 -9999 -9999 -9999 -9999 -9999 -9999 -9999 -9999 -9999 -9999 -9999 -9999 -9999 -9999 0.0347288506571203
