Scripts_&_data/Maxent_result_files_1/Bombus_alagesianus_3.asc
NCOLS 594 
NROWS 330 
XLLCORNER -15 
YLLCORNER 23 
CELLSIZE 0.166666666666667 
NODATA_value -9999 
[rows 280 to 299 of 330, columns 135 to 179 of 594]
1.33093536192064e-12 1.30004895737557e-12 1.33610900121539e-12 1.43373091177068e-12 1.54160018084326e-12 1.66912039745171e-12 1.84208204245806e-12 2.09376960214058e-12 2.73205902345808e-12 3.71284114564219e-12 4.89499552003281e-12 7.23392457047112e-12 1.08683617661143e-11 1.32058475266206e-11 1.48523859877514e-11 1.69962710572236e-11 2.35078401189526e-11 3.29408500476802e-11 4.2368863972797e-11 4.84961404367823e-11 6.37658814639508e-11 8.42705460968318e-11 1.01210750891312e-10 1.1528977772457e-10 1.30712651813525e-10 1.29510580038072e-10 1.22501675470232e-10 1.28296728796329e-10 1.22302334926161e-10 1.09030295902812e-10 9.1929397427748e-11 8.59156190635701e-11 8.8062013237078e-11 2.16879647574331e-10 1.37413191936275e-10 2.07516537287233e-10 9.96888127602347e-12 3.94894117405897e-12 2.56308307911013e-12 2.51290099839707e-12 4.35604885495877e-12 7.06227298863382e-12 6.44903019875187e-12 6.08977313021342e-12 5.52169421297322e-12
1.27703403407509e-12 1.23874244195576e-12 1.27174937247787e-12 1.3926415576293e-12 1.46096468256474e-12 1.57934776368052e-12 1.76497705339784e-12 2.07338590740847e-12 2.8948843322496e-12 4.10711464837732e-12 5.51754197886112e-12 8.28485058335104e-12 1.18062004617059e-11 1.40987777008661e-11 1.74639747108074e-11 1.83096204864341e-11 2.23748464200924e-11 2.80475753733356e-11 3.38554739798269e-11 4.10557920993426e-11 5.80092862634274e-11 7.72804154003381e-11 9.028163772129e-11 9.22853127249823e-11 1.25594656896766e-10 1.3452345903886e-10 1.07997333298471e-10 1.1024071655541e-10 9.26192345040988e-11 8.75337691219613e-11 9.95684756865955e-11 9.71265956550837e-11 1.17702469992764e-10 4.11596978722173e-11 1.28541088884049e-10 1.14632303649387e-11 9.23288112630871e-12 7.16542380985175e-12 4.79554174148689e-12 3.95387056428831e-12 6.37120356472565e-12 5.81217296513614e-12 4.47143433390806e-12 4.70167238475483e-12 4.47996084673719e-12
1.28501653762214e-12 1.24422694369741e-12 1.25501831149677e-12 1.29899424550217e-12 1.39001032906094e-12 1.47500900382624e-12 1.66852087701841e-12 2.00480743117737e-12 2.77827760797322e-12 4.1037728770732e-12 5.94020388433591e-12 8.92781404360221e-12 1.23945964602967e-11 1.49656620429539e-11 1.76914927152438e-11 1.93040472495909e-11 2.13360440426413e-11 2.71976663412943e-11 3.73771458228589e-11 5.00774866019071e-11 6.82036649379825e-11 8.68719318702915e-11 9.08232711260837e-11 9.26266507939033e-11 1.04995834249166e-10 1.12381692840557e-10 1.12792308826215e-10 1.28465049709092e-10 1.12553188991171e-10 8.12415357209772e-11 1.10244824380601e-10 1.36173738951584e-10 1.27922872295017e-10 1.99189942318156e-10 5.93047277952508e-11 1.12231557380937e-11 5.61135582444194e-12 5.96583893397451e-12 4.91711116268334e-12 4.07128775137267e-12 4.06009670328444e-12 4.84275952672419e-12 4.28510560368522e-12 4.01065847199789e-12 3.84814402565326e-12
1.23459020784367e-12 1.21248566742338e-12 1.1942002942078e-12 1.23916432670512e-12 1.31716859641529e-12 1.41047173940478e-12 1.57265311884203e-12 1.94391169827668e-12 2.70810041058667e-12 3.98854282934735e-12 6.13314954378552e-12 9.49071932154766e-12 1.32751143411269e-11 1.59787294506941e-11 1.81381021313598e-11 1.96701988031123e-11 2.31616725798744e-11 2.83601031547676e-11 2.74078870710071e-11 5.56638513060648e-11 6.67500055229198e-11 7.51918083352621e-11 7.81099851465683e-11 8.33068947159177e-11 8.73106698051629e-11 9.78912950699851e-11 9.43873090797354e-11 1.10403763908806e-10 1.20283649707176e-10 1.13341114271748e-10 1.07106723490347e-10 9.87556703080372e-11 9.06742680939487e-11 7.6038453311611e-11 1.30638166950803e-11 8.21034351616845e-12 6.63485932861363e-12 4.44140280109195e-12 3.77704534315626e-12 4.23012735950579e-12 5.83566528433721e-12 5.22141219150285e-12 4.47123449376363e-12 5.8514082468264e-12 3.55757645564836e-12
1.21970211708344e-12 1.18735021814587e-12 1.17880150085625e-12 1.22627463738922e-12 1.30696564681898e-12 1.37402311750634e-12 1.56459289968325e-12 1.97341032404097e-12 2.72487588048875e-12 3.9346415015018e-12 6.13369355306759e-12 9.12298014910107e-12 1.39999567494442e-11 1.67327818267893e-11 1.82652892810609e-11 2.20940821193949e-11 2.63768895614191e-11 3.11219938708973e-11 4.09298039905082e-11 5.50915202346403e-11 5.70239966357633e-11 6.48098685829268e-11 7.81124387394527e-11 8.53171422399157e-11 8.79088246641402e-11 7.96951282744374e-11 8.13578981961882e-11 9.13791597945135e-11 9.46415057434535e-11 8.69112892765145e-11 7.7742123849589e-11 7.23000881386327e-11 6.53586296195385e-11 4.93371343779359e-11 1.4566892136969e-11 1.2787748637777e-11 5.20540277548776e-12 5.46880318808007e-12 3.30441229934308e-12 5.86488635434534e-12 5.99794658384667e-12 9.58806367634679e-12 1.55539692237028e-11 7.02342628500219e-12 3.62018193200697e-12
1.22505339206214e-12 1.18230980561407e-12 1.16860965349019e-12 1.19250165298013e-12 1.25479626689184e-12 1.38186129206019e-12 1.63806745945294e-12 2.07875938684765e-12 2.77387002256546e-12 3.88433729625604e-12 5.88884496721676e-12 8.15617573479699e-12 1.23611232361043e-11 1.42741374276056e-11 1.66093361286812e-11 2.21715756865137e-11 2.73420508456468e-11 4.02786581865655e-11 3.62407770460038e-11 4.09609901552699e-11 4.58041715667434e-11 6.12407236033619e-11 7.20297155254457e-11 7.18295867230268e-11 6.64975075004293e-11 6.58872068015626e-11 7.14081904718e-11 7.44177941491841e-11 7.19143189442661e-11 6.87911727581536e-11 6.193269230792e-11 5.59737034500074e-11 5.07785480330369e-11 4.00195876437692e-11 4.29417279512734e-11 2.1531065819147e-11 1.10617293103132e-11 9.65437729760765e-12 6.53944676187734e-12 6.77500278101206e-12 6.97740754063148e-12 2.78504330708529e-11 5.97073046559871e-10 4.66517602326633e-11 3.98526767142471e-12
1.1942224986683e-12 1.16955334306112e-12 1.13468123785765e-12 1.18247633906776e-12 1.25643939696829e-12 1.43189904378005e-12 1.64902536070599e-12 2.19050333427617e-12 2.91517920913975e-12 4.13366008089611e-12 6.26145801874145e-12 7.28049842635414e-12 1.01111119477082e-11 1.17889920048242e-11 1.00673802627682e-11 1.65027436160869e-11 2.27837859689828e-11 2.96716096137573e-11 3.45152795233616e-11 3.70710351305092e-11 4.44685288591984e-11 5.35464672601904e-11 5.67471736268033e-11 6.40234310012033e-11 5.8750015963227e-11 6.02404459648653e-11 6.84559964270193e-11 6.67528032849418e-11 6.20395512740401e-11 5.80223757928877e-11 5.44246314682084e-11 4.87191287312783e-11 4.1653680504794e-11 3.2979297071023e-11 2.74871569949653e-11 2.15866879926807e-11 1.51162082850931e-11 1.20872423181595e-11 1.02428732162707e-11 1.05183195486802e-11 7.69964092484088e-12 2.44552600392467e-11 1.47055034815935e-11 1.21175536271778e-10 5.69573277431346e-12
1.17488241357933e-12 1.01590957868325e-12 1.09363629263726e-12 1.23396848294988e-12 1.38151712292256e-12 1.47503120828674e-12 1.89269711015072e-12 2.55507837110258e-12 3.61952690042244e-12 5.19049248026704e-12 8.4963147628514e-12 7.83546560967352e-12 1.08708708701499e-11 1.74081193904385e-11 1.3690260036725e-11 1.20638610212609e-11 1.60187418885016e-11 2.2304003088891e-11 3.06341507716468e-11 4.09462130868121e-11 4.67102578838308e-11 5.19076337468505e-11 5.37025091063015e-11 6.33801122695843e-11 6.47081943583316e-11 6.27535579056371e-11 5.90504534159209e-11 5.79759018570769e-11 5.52725643032659e-11 5.32652144613621e-11 4.82603401685822e-11 4.25609991694387e-11 3.78885589569222e-11 3.27599058991268e-11 3.06556002804825e-11 2.7251212397772e-11 2.12111106456803e-11 1.57024726554766e-11 1.44955825120974e-11 1.22594268070486e-11 7.72913955060517e-12 1.40235933976385e-11 1.06958775170085e-11 1.2021217354885e-11 8.62688809277756e-12
1.29521948721845e-12 1.18842713447975e-12 1.29023458583788e-12 1.44299017179605e-12 1.66407998491991e-12 2.11769490832125e-12 2.56769050466232e-12 3.4979352747655e-12 4.54656312598445e-12 6.36440899981494e-12 8.36672953141715e-12 1.01310848599212e-11 1.36500033498521e-11 1.80792270043639e-11 1.65889968428701e-11 1.44669276558318e-11 1.6909906808138e-11 2.0025547886604e-11 3.18166715196355e-11 4.65043004105326e-11 5.88045612204269e-11 6.13246009528723e-11 1.20322829477715e-10 6.61255716849496e-11 5.97185967343705e-11 5.19236209584051e-11 5.61156454637057e-11 5.25611332236053e-11 4.66867988713204e-11 4.66924721109763e-11 4.57586080138128e-11 4.22531343247101e-11 4.17887280335094e-11 3.43264860980241e-11 3.19197335230115e-11 3.06316305653809e-11 2.46395570613345e-11 1.92000304544138e-11 1.62786450985664e-11 1.2427026074846e-11 8.38921154766581e-12 2.44380848890557e-11 1.4004319925931e-11 9.0990548429204e-12 1.08378861440883e-11
1.37414524203905e-12 1.44795286871613e-12 1.60104152158169e-12 1.76361147907755e-12 2.0316748283733e-12 2.53885801271281e-12 3.46126460826213e-12 4.89849272256038e-12 5.55363532939168e-12 6.46812603477542e-12 9.27222743030143e-12 1.39540823340667e-11 1.54405155328163e-11 2.00561900420837e-11 2.10599315764171e-11 1.88122850630634e-11 2.00577665587787e-11 2.07124317697094e-11 3.18181703207188e-11 4.54513537917478e-11 5.63927238239614e-11 8.15015832600352e-11 1.12416476127919e-10 1.37305067315907e-09 5.91431681407073e-11 5.57252355370963e-11 5.2407511663688e-11 4.51943371615471e-11 4.46153558542051e-11 4.49200787677739e-11 4.60423033032953e-11 4.33763802654141e-11 3.63390983970646e-11 3.30292460049009e-11 3.21452864326943e-11 2.90430901550565e-11 3.62941343645673e-11 3.35084071600988e-11 3.60623308992558e-11 3.60927510101305e-11 9.51475565003079e-12 1.46681000678939e-11 1.50178092184206e-11 1.15930487432081e-11 1.70203517946277e-11
1.51768597689284e-12 1.83033588285753e-12 2.07827088871682e-12 2.30739871653896e-12 2.8731350631972e-12 4.26871871184176e-12 5.42729194918934e-12 6.00723915056278e-12 1.0256773208539e-11 9.78674918883371e-12 3.14294923420277e-11 1.88005500056931e-11 2.31013652651768e-11 2.58480903347902e-11 2.3513091473859e-11 2.33314700892606e-11 2.37938890812472e-11 4.16914391898615e-11 5.49942313909924e-11 5.57355495089951e-11 8.67020344408331e-11 5.37158983959785e-11 3.65247354583431e-10 3.32652760892671e-10 8.24632140350445e-11 5.61085289341179e-11 5.02697550253117e-11 4.95485208418245e-11 5.30032795431623e-11 4.91085283549353e-11 4.32814228901179e-11 3.9226444314977e-11 3.4389824321579e-11 3.25988680494049e-11 3.18090109807656e-11 1.2528013071389e-10 3.42296968547373e-11 2.18360773907023e-11 5.22375254163876e-11 2.04235073297809e-11 1.1208245442873e-11 1.44165457349743e-11 1.30821020682959e-11 1.19707799228763e-11 1.59523394493988e-11
1.65556457432103e-12 1.98876470847154e-12 2.83704171266663e-12 4.11267686573069e-12 4.59774440741967e-12 4.88341589388597e-12 5.20127274583615e-12 6.52308207449437e-12 8.64964766478238e-12 1.7933832197059e-11 2.02610483945875e-11 2.07170725019523e-11 2.45553910538376e-11 2.78099543393751e-11 3.59949403616611e-11 4.23258872395138e-11 4.77352157801647e-11 5.29303156859839e-11 6.2971539094292e-11 8.24169754665149e-10 3.49496109608438e-08 6.29627683323974e-11 1.27832947560691e-09 5.73763270228511e-10 1.55442747562518e-10 5.90305471170893e-11 5.30309240964755e-11 5.29796539971983e-11 5.0534909590283e-11 4.78672657067136e-11 4.49763559728922e-11 4.2141679035268e-11 3.90026122509823e-11 3.82856635283701e-11 3.51144113786006e-11 3.29683058630792e-11 2.74309464032285e-11 2.16259787855222e-11 1.88851378979393e-11 1.45691569919393e-11 9.97367743948985e-12 1.20285448268476e-11 1.21199827951557e-11 1.18261067605374e-11 1.60207069832552e-11
2.33283392603312e-12 3.66773278415167e-12 4.76793049486446e-12 4.57632820527465e-12 4.7941761671666e-12 5.19435605639273e-12 4.56590321107342e-12 5.41565681189127e-12 8.9630969313248e-12 1.37703848324122e-11 1.88508320064784e-11 2.18724371947587e-11 2.59332999519302e-11 4.89986051732672e-11 3.72789799030215e-11 4.29107860355771e-11 4.55564586054891e-11 4.61971239040793e-11 5.44978728811429e-11 6.14633233197992e-11 9.71701941132608e-11 5.68790126109775e-11 5.70520963805166e-11 6.20686169128248e-11 1.09502151790508e-10 6.01269589672881e-11 5.34740363100639e-11 5.05508079839956e-11 4.91731322327382e-11 4.56364390721831e-11 4.41716552224136e-11 4.58518889523418e-11 4.61868543411015e-11 4.2550374335093e-11 3.84287712762443e-11 3.5342695436924e-11 3.11580539147371e-11 2.48596809804269e-11 2.07994510503795e-11 1.41546108167745e-11 1.26422872170906e-11 9.38258359894917e-12 1.29643629165344e-11 1.23626997527992e-11 1.38806410809877e-11
3.2686742201804e-12 3.7795988561129e-12 3.91634502605598e-12 4.1646464055134e-12 4.77632378093063e-12 4.40807390589271e-12 4.9948267744071e-12 5.79328807148727e-12 5.41250377850133e-12 1.07541753280316e-11 1.98465910372647e-11 2.63737809369502e-11 3.0240432380424e-11 3.77920916783125e-11 3.74772324285289e-11 5.08352027139836e-11 5.05488650937025e-11 5.12051623324794e-11 5.26326759953122e-11 6.03819882982748e-11 7.54095563770818e-11 5.86267479008029e-11 6.87014667377639e-11 7.13983872024926e-11 7.19971082752124e-11 6.75432487717842e-11 5.28847077241323e-11 4.66378713426252e-11 4.39862257728407e-11 4.16832457439398e-11 4.96679697370439e-11 5.23556975551287e-11 4.68240335393944e-11 4.14785095159687e-11 3.56529583633858e-11 5.57106027976317e-11 2.25988672220012e-11 3.07077141492584e-11 1.94998683866743e-11 1.77382442068108e-11 4.73363570563379e-12 1.14553033725429e-11 1.1012979417302e-11 6.48792131130449e-12 5.22748511144755e-12
3.05276914858155e-12 3.34725580586337e-12 3.56359386444183e-12 3.70888875167452e-12 4.91554574821862e-12 5.05405717277085e-12 8.01162469699079e-12 9.42859124108963e-12 7.96028798433213e-12 1.2926881787223e-11 2.46153097904767e-11 3.01232483401748e-11 3.69664188148988e-11 4.19892565162172e-11 4.46522041563924e-11 5.04003727641589e-11 5.42909273093528e-11 5.39231992391365e-11 5.50825274281408e-11 5.52519807683893e-11 5.62709212559298e-11 5.59036816838443e-11 5.8149574044819e-11 5.3530713195471e-11 5.25626653313793e-11 7.09260317144356e-11 7.113722944041e-11 5.50833822998698e-11 4.43782233183754e-11 4.76475414679101e-11 4.82546336222356e-11 4.59689619702885e-11 4.19109857929811e-11 3.91783272490898e-11 3.29549609823232e-11 3.1012470369518e-11 1.89997462207714e-11 2.36356489935474e-12 4.55665505327829e-12 1.35751410113016e-12 1.21624932347686e-13 2.86659584958215e-12 1.06287423307094e-11 1.49763645929113e-11 5.87980775179631e-12
4.19578816135413e-12 5.57436319326143e-12 7.91500198715767e-12 7.45642436683625e-12 1.04316777438385e-11 9.03134234064851e-12 1.05966013741465e-11 1.23274945806884e-11 1.2744649779961e-11 1.45652934158136e-11 2.75699352236813e-11 3.09140268939245e-11 3.69162589386462e-11 4.20136148093775e-11 4.83511564119965e-11 6.80929312935064e-11 4.58689641824606e-11 5.92992543957393e-11 4.05904976297222e-11 4.09814293611532e-11 4.68928673669211e-11 4.30083191282904e-11 3.36011329871155e-11 2.77316614116785e-11 4.06966238486461e-11 5.45882117286567e-11 4.3703152208252e-11 2.84981926945704e-11 2.4308388635319e-11 2.76274114696662e-11 2.71788258565664e-11 3.07257441711784e-11 2.9358304676208e-11 2.97886937339342e-11 2.84420265117546e-11 2.74492206742138e-11 1.76355152703422e-11 2.2714274905411e-12 1.29496968703791e-11 1.38428046803085e-11 2.25239826789903e-12 7.61395391180031e-12 1.70341296623633e-11 1.11822995307875e-11 1.06935238441963e-11
5.76126923945708e-12 6.63441523940378e-12 6.34371444263593e-12 8.08630939985733e-12 9.1935126178555e-12 8.62816484925588e-12 9.75416414306096e-12 1.00755959131504e-11 1.10477516024332e-11 1.89589677290769e-11 2.61096477771616e-11 3.30611316101681e-11 3.55548368524694e-11 4.77592521086478e-11 3.40550365685033e-11 7.54855955520384e-11 4.26452873014682e-11 4.24939750054421e-11 3.70568020713335e-11 3.53303053479692e-11 3.2255143000981e-11 3.48579831666029e-11 4.52613502233135e-11 2.87068147031277e-11 1.69287472928659e-11 1.41147538101904e-11 1.4115275615012e-11 1.27214350165161e-11 1.68455915883214e-11 1.75241043898211e-11 1.55912616150999e-11 1.94425586741431e-11 1.85270798702675e-11 1.87553639285909e-11 2.05213179782504e-11 1.99183447513462e-11 1.56033852505288e-11 1.33371313992825e-11 1.70567227009144e-11 3.98119315292433e-12 1.51478496412949e-11 1.85664261742602e-11 2.31283436846752e-11 2.45073628057924e-11 2.32030061830812e-11
5.71698244300478e-12 8.13118461451268e-12 4.65281146944108e-12 3.96919164202814e-12 4.85997908583613e-12 5.39858158177253e-12 6.6796679298875e-12 7.89730503214514e-12 7.72639729973434e-12 9.75428626759367e-12 1.08872577619934e-11 1.51252899094345e-11 1.79239179054491e-11 1.9063117751017e-11 2.5786450752463e-11 2.89653745433327e-11 3.40293460077135e-11 3.44754114145474e-11 3.26317084464733e-11 2.94915980525445e-11 3.18594040038533e-11 3.48381101744621e-11 4.62500815423539e-11 3.97296417986581e-11 1.96101468397103e-11 1.82691417549563e-11 1.40404465831523e-11 1.17881482353255e-11 8.63478177848265e-12 8.60974624927735e-12 7.14819314850956e-12 7.27605753425564e-12 1.54757651138482e-11 1.63710045519849e-11 1.75596648332998e-11 1.55799595447093e-11 1.27276633676843e-11 1.38929090454099e-11 2.77965095385468e-11 1.46331724515392e-11 1.67390323824179e-11 1.84787074530846e-11 1.77513115318106e-11 1.09582676266484e-11 1.65785607464386e-11
2.49739118274306e-12 2.56593635228342e-12 3.31936700348479e-12 4.81137352181804e-12 6.58387788732284e-12 5.69853053633551e-12 5.83567638656746e-12 6.61727339590357e-12 8.57330872960915e-12 1.1796197352254e-11 1.4546153170869e-11 1.6229440014115e-11 1.82327153375184e-11 1.74434022781611e-11 1.64469438068693e-11 1.72168390655258e-11 1.81510362295967e-11 2.04022798655501e-11 2.45444331525846e-11 2.75935829741059e-11 3.54716589434645e-11 3.91133458954585e-11 4.24685620004084e-11 3.41987660412713e-11 1.95536919989081e-11 1.48168699531936e-11 2.04259942293561e-11 1.53285162340921e-11 1.32618138692919e-11 1.19219301097928e-11 7.51755324657211e-12 9.58749746260423e-12 1.27334587318728e-11 1.09518727420266e-11 1.16273213279783e-11 1.33306810035094e-11 1.07861830578315e-11 1.27171495556411e-11 1.89604443256997e-11 2.5699076200425e-11 1.58539181782658e-11 1.35344069285281e-11 1.3958334488251e-11 1.03921760086223e-11 8.92191875934145e-12
3.29276605981477e-12 3.53268525543626e-12 4.33324487403297e-12 6.05722139113141e-12 6.7415739657406e-12 5.54467582958296e-12 5.91123816562344e-12 6.38959996024369e-12 7.07073288808147e-12 8.05040478724095e-12 1.01845865074779e-11 1.11417985948492e-11 1.17675869049094e-11 1.11384457213148e-11 1.21128329588771e-11 1.54497747928417e-11 1.57386992327702e-11 2.09402162276717e-11 2.60696575438146e-11 2.38477015912508e-11 2.34719799152572e-11 2.28501439991646e-11 2.2743307237505e-11 1.95074068010115e-11 1.96314076106319e-11 1.80444548192327e-11 1.86429427451174e-11 1.3148293565024e-11 1.13233755705266e-11 9.91234871960955e-12 7.49755812989861e-12 7.53475060122355e-12 1.13411946500719e-11 1.52455381652317e-11 1.1621492657099e-11 1.26986532400508e-11 1.22976628880167e-11 1.1925183063255e-11 2.17616924480524e-11 2.14906981099716e-11 1.52320045465615e-11 1.43166589694488e-11 1.35319311311832e-11 1.14828702102443e-11 1.12710063504551e-11
