Scripts_&_data/Maxent_result_files_1/Bombus_niveatus_3.asc
NCOLS 594 
NROWS 330 
XLLCORNER -15 
YLLCORNER 23 
CELLSIZE 0.166666666666667 
NODATA_value -9999 
[rows 300 to 319 of 330, columns 450 to 494 of 594]
0.00657976740039885 0.0148207412101328 0.00887584227602929 0.00653841565363109 0.00142475190223195 0.00160368010401726 0.0013639923708979 0.00135903522023 0.00123831839300692 0.0012393516022712 0.000993041612673551 0.000924420839874074 0.000754638612852432 0.00223077923292294 0.00163527118857019 0.000865191890625283 0.000644673494389281 0.000639168525231071 0.000632069245330058 0.000562838889891282 0.000504290717071854 0.000486319788615219 0.000500652714981698 0.000536191504215822 0.000580355714191683 0.000735202291980386 0.000909815018530935 0.00113627582322806 0.00135845985496417 0.00166636895155534 0.00250868280418217 0.00492496746592224 0.00698986249044538 0.00765902437269688 0.00993619146756828 0.00341832295525819 0.00301119574578479 0.00349521631142125 0.00542425527237356 0.00604746933095157 0.00563115258701146 0.0107609965838492 0.0107245944906026 0.0113716721069068 0.00528051995206624
0.00548031944781542 0.00175418864237145 0.00314000077778474 0.00424035948235542 0.0027437680051662 0.00886355205439031 0.00130506803398021 0.00175605617696419 0.00152077662060037 0.0014663738431409 0.00152775036403909 0.00134263454820029 0.000806129159172997 0.00106748670223169 0.00140163749456406 0.00130974377389066 0.00113542916369624 0.00107746770372614 0.00087313600233756 0.000789931253530085 0.000721792574040592 0.000629915588069707 0.000642500526737422 0.000602517550578341 0.000696646171854809 0.000804378930479288 0.000942868535639718 0.0013087569270283 0.00183245538501069 0.00309897158294916 0.00580841456539929 0.00644073453731835 0.0066228658426553 0.0089224751573056 0.00974604277871549 0.00510552164632827 0.00549950242857449 0.00786047149449587 0.00602219267748296 0.0124117020983249 0.0112796954810619 0.0126237592659891 0.0154016849119216 0.0177128574345261 0.00332489283755422
0.00188987294677645 0.00143196535063907 0.00180345918051898 0.00199794211657718 0.00260537107242271 0.00591804527211934 0.00258575192419812 0.00324266474926844 0.00375195771921426 0.0018780980957672 0.00199806524906307 0.00160338161513209 0.00154371907119639 0.00118484623963013 0.00131033068173565 0.00183254724252038 0.00138519260217436 0.00181273891357705 0.00164284377824515 0.00126113744918257 0.00104742395924404 0.000928301573731005 0.000893374753650278 0.000933403201634064 0.00107098279404454 0.0013643090846017 0.0025993671733886 0.00368987647816539 0.00424024236854166 0.00496301725506783 0.00547200033906847 0.00646883118897676 0.00755185643211007 0.0115040845237672 0.0166709524579346 0.0143357402645051 0.00494852337869816 0.0231337111443281 0.00844171303324401 0.0125816793646663 0.0192122459411621 0.0155625601299107 0.0170420528389513 0.0248667737469077 0.000949919995036907
0.00144709999440238 0.00135833960375749 0.00149982719449326 0.00216855810722336 0.000967599143041298 0.0016494648065418 0.00337214285973459 0.00197729859501123 0.0021221277420409 0.00122231083805673 0.00507486006245017 0.00222637974657118 0.00181870316737331 0.000982446159468964 0.000859340594615787 0.00160594045883045 0.00192258767783642 0.00190641655353829 0.00186490971245803 0.00195918375393376 0.00188973899930716 0.00148509774589911 0.0015415740548633 0.00190015363041312 0.00253552559297532 0.00338798831216991 0.00377791654318571 0.00415967532899231 0.00434873262420297 0.00517771197482944 0.00470270682126284 0.00769725544378161 0.0101804641541094 0.0127912850119174 0.00708582096267492 0.0213290423620492 0.00567708571907133 0.00922475816914812 0.0114206702448428 0.0123589932452887 0.0242105288431048 0.0218654876574874 0.0175321578979492 0.0145098405424505 0.000590188063506503
0.00139446533867158 0.00128867700113915 0.00111408637021668 0.00085314839379862 0.00056749020004645 0.00146038781385869 0.00301328920759261 0.00274846071843058 0.00224811885273084 0.00192924996372312 0.00224564222153276 0.00160013251006603 0.00202497774153017 0.0034133683424443 0.00189817635109648 0.00204026099527255 0.00162131367833354 0.00138533643330447 0.00136832600692287 0.00181382459122688 0.00211767035070807 0.00240290323272347 0.00250138808041811 0.00282400345895439 0.00344319436699152 0.00384723111055791 0.00424987513106316 0.00488029776606709 0.00585141631308943 0.00683016432449222 0.00816182773560286 0.0106967451050878 0.0127260108478367 0.00820937212556601 0.0176809632219374 0.00751288229366764 0.00949360118247569 0.00911591020412743 0.0385021780617535 0.0201611842028797 0.0294072113931179 0.018487818306312 0.0202305150683969 0.00526644161436707 0.00036373780676513
0.00163792638923042 0.00162908501806669 0.00171267401310615 0.00151941805379465 0.00192423471016809 0.00934191504493356 0.0266300132498145 0.00450649301055819 0.00253158467821777 0.00284967591287568 0.00153949168743566 0.00209739546990022 0.00311668368522078 0.00325562172802165 0.00317181858699769 0.00305917577352375 0.00283196674427018 0.00278439210960642 0.00243577254004776 0.00183343279641122 0.00180459574330598 0.00250186157645658 0.00354449029546231 0.00406607661861926 0.00442505159880966 0.00532343010418117 0.00574551469180733 0.00638436949811876 0.00690477662719786 0.00849045794457197 0.0110037242528051 0.0140188409946859 0.0152843973599374 0.0401246249675751 0.0682287819683552 0.0129977960605174 0.00984197694342583 0.0296847957186401 0.0715305507183075 0.0296181483194232 0.0364348036237061 0.0293054604902864 0.0119952523848042 0.0119294410571456 0.00052491047536023
0.00293512985808775 0.00326045784167945 0.0131357152946293 0.0122340312227607 0.041763686388731 0.02030013743788 0.00514254081062973 0.00403231238014996 0.00317047162679955 0.00292526971315965 0.00280623940052465 0.00290535116801038 0.00293191979872063 0.00275402894476429 0.00272999990265816 0.00242786895250902 0.0026825750945136 0.00267454555723816 0.00330092553049326 0.00297776798252016 0.00270202669780701 0.00339270853437483 0.00443718594033271 0.00524621421936899 0.00617193544749171 0.00729999230243266 0.00778703317046165 0.00816778312437236 0.00893565812148154 0.0110592306125909 0.0139601298607886 0.0173749893903732 0.0122144522145391 0.061982412263751 0.0503294786438346 0.0159088130574673 0.0159197299741209 0.0883829455822706 0.0932812254875898 0.0464567426592112 0.0548176428303122 0.0354582581669092 0.0182915141340345 0.00262019776273519 0.000538818555651233
0.0507252603769302 0.0199188656173646 0.0468413477763534 0.0252779940143228 0.074716729298234 0.0494514208287001 0.00551730722654611 0.0055669518886134 0.0043900404125452 0.00513267396017909 0.00530660343356431 0.00493430478964001 0.00345799119677395 0.00429762322455645 0.00344132329337299 0.00362632609903812 0.00374179922509938 0.00377316379453987 0.00428555952385068 0.00511407072190195 0.00563532765954733 0.00585645416285843 0.00645407722331584 0.00812599649652839 0.00953901098109782 0.0104169391095638 0.0108379726763815 0.011252630315721 0.0118969365488738 0.0143246425315738 0.0174230435863137 0.0148444668389857 0.00787964873015881 0.0137840610928833 0.00419210095424205 0.0349227445665747 0.0167943436419591 0.132353399321437 0.05432837177068 0.066330829076469 0.0636456832289696 0.0277559854090214 0.016815313976258 0.00192481307312846 0.00049586071545491
0.115343523025513 0.0360185198485851 0.014636595081538 0.0274860697798431 0.0497550051659346 0.0101279626134783 0.00613717492669821 0.0109391239471734 0.00463534737937152 0.0070491754449904 0.00671991216950119 0.0055000246502459 0.00386568396352231 0.00192244276404381 0.00183470313204452 0.00212525370297953 0.00283834873698652 0.00433350258972496 0.00639063939452171 0.00712396213784814 0.00898016872815788 0.00958800092339516 0.0107460708357394 0.0124106961768121 0.0140967895276845 0.0165308074094355 0.0166847561486065 0.0158317166380584 0.0162119361571968 0.0165361424908042 0.0106112588196993 0.00574549408629537 0.00650821439921856 0.00675983969122171 0.0039597790222615 0.00705922688357532 0.011336657917127 0.00926461534108967 0.00350352402310818 0.0436956567689776 0.0900722272694111 0.0188356436789036 0.00879765048157424 0.00208675821777433 0.000417740340344608
0.0221172473393381 0.0281563030555844 0.0192756057716906 0.0954002097249031 0.0560715079307556 0.0110126291867346 0.00253800438949838 0.00206567590357736 0.00265961105469614 0.00246005414519459 0.00227715997025371 0.00241886992007494 0.00219162217108533 0.00144140149932355 0.00388473616912961 0.00571053037419915 0.00305136837996542 0.00298856883309782 0.00322947732638568 0.00320226065814495 0.00412203494925052 0.00490960699971765 0.00604060580953956 0.00645610052160919 0.010841160826385 0.0108997141942382 0.0194388823583722 0.0352737564593554 0.0309927864000201 0.00901360288262367 0.004679468087852 0.00457632001489401 0.00365104465745389 0.00371960524935275 0.0033996008336544 0.00430533126927912 0.00805809097364545 0.0010726808977779 0.00426763060968369 0.063767796382308 0.125806596875191 0.0127873643301427 0.00477061775745824 0.00433286807965487 0.000676974405359942
0.00534184509888291 0.00382274973671883 0.00841464912518859 0.0070900569204241 0.0047660454409197 0.00552850994281471 0.0033769762609154 0.0019536204286851 0.00106553015066311 0.000900467540486716 0.00110386332962662 0.000882216379977763 0.000877537042833865 0.000922764767892659 0.00170948629966006 0.00325961573980749 0.00389306880533695 0.00298954588361084 0.00238272099522874 0.00316309714689851 0.00283716624835506 0.00407177093438804 0.00666531287133694 0.0108008701354265 0.0183614807203412 0.0409831257537007 0.0522732893005013 0.0153519276529551 0.00677088857628405 0.00795295578427613 0.0134837585501373 0.00638094092719257 0.00498617554549128 0.00548201363999397 0.0026185191469267 0.00479206827003509 0.0047061582095921 0.000500449050741736 0.00134553475072607 0.0149803749285638 0.0620721608400345 0.0263814127072692 0.0045356008107774 0.00352304416010156 0.00239094399730675
0.00317718908190727 0.00334586554672569 0.003722890955396 0.00298159761587158 0.00497749850619584 0.0024452140671201 0.00164317257585935 0.001284762006253 0.000689647410763428 0.000595271817292087 0.000526178342988715 0.000882739733788185 0.000791578090866096 0.000628320116084069 0.000445895805023611 0.000598817958962172 0.000412575699738227 0.000684090904542245 0.000496166253287811 0.00187303235288709 0.00287698152242228 0.00705007105134428 0.0234640379436314 0.0220709121786058 0.0224052763544023 0.0261630510911345 0.0210965288802981 0.0145915569737554 0.0157786375842989 0.0127223993651569 0.00721555668860674 0.00376553307287395 0.00427696742117405 0.00902898192871362 0.00377287998562679 0.00480246050283313 0.00521089961985126 0.00109277896699496 0.00046750344481552 0.00111224031425081 0.0193557529710233 0.00781277329660952 0.00844728671945632 0.00652360323583707 0.00881342953070998
0.00222909520380199 0.00223665586672723 0.00243373258272186 0.0015550562122371 0.00131881560082547 0.000797796514234506 0.000546755419054534 0.000511493884550873 0.000418235624965746 0.000439537523197942 0.000684064097004011 0.000567375837999862 0.000471701589412987 0.000520416931249201 0.000585354497889057 0.000521654250042047 0.000443124304001685 0.000714263555710204 0.000638247028109617 0.00160585776320659 0.00506388624198735 0.00788631923496723 0.0180155581794679 0.0342014184221625 0.146464244648814 0.0807776514440775 0.0181186641566455 0.0110103026032448 0.00792675716802478 0.00615129568614066 0.00348449165467173 0.00253137180116028 0.00588369593024254 0.0021507550845854 0.00228919957298785 0.0030236094025895 0.0048834211891517 0.000879566028015688 0.000337552369455807 0.000551378694945015 0.00173619751003571 0.00585088017396629 0.00155416128109209 0.00123211608733982 0.00230743285501376
0.00147275703493506 0.00116637205355801 0.000911943922983483 0.00111618616792839 0.00071053712599678 0.000375385733059375 0.000341898536134977 0.000306011318025412 0.000257822426647181 0.000341398803720949 0.000430858961772174 0.000324349151196657 0.000304169300216017 0.000362742994911969 0.000430199781840201 0.000570003825123422 0.000635591236641631 0.000638260177220218 0.000727639297838323 0.000801645213505253 0.000852822087472305 0.0010263319069054 0.00182091168244369 0.00715198866091669 0.013609897904098 0.00458037867210805 0.00333740185014904 0.00429314374923706 0.00445323614403605 0.00275678704492748 0.00212179337395355 0.00127054181648418 0.00128446752787568 0.00477203282061964 0.00270127481780946 0.00164421012159437 0.00106505092117004 0.000594696076586843 0.000343735290516634 0.000107100734203414 0.000190159859630512 0.00118167346226983 0.00354651995003223 0.000765917683020234 0.000666440522763878
0.000347949609567877 0.000208248957278556 0.000182242134542321 0.000208454912717571 0.000196985377624515 0.000220860736590112 0.000207281542679993 0.000240168964955956 0.00022193225013325 0.000178422430690262 0.00018001256576099 0.000205527702200925 0.000214821802364895 0.000330270468839444 0.000433640708797611 0.000266882244613953 0.000268238854914671 0.000331733901111875 0.000455074000637978 0.000402575641055591 0.00030642751371488 0.000358741136733443 0.000568825111258775 0.000954859468038194 0.000466746120946482 0.000294635252794251 0.00042697071476141 0.0019520461675711 0.0021877224673517 0.00123735512024723 0.000852618346107192 0.004162812163122 0.00433314358815551 0.000544738949974999 0.000875015463680029 0.000628288209554739 0.000358787558798213 0.00081789802206913 0.000361327818245627 8.93742488187854e-05 9.58325665123994e-05 0.000211382772249635 0.00152455135830678 0.000484638576745056 0.00058945839991793
0.000241420117163216 0.000263280539365951 6.9484831783484e-05 9.8968544989475e-05 5.47140609342023e-05 0.000119547786925978 0.000127459986833856 0.000142038864942151 0.000143452793417964 0.000112570932105882 0.000125753833708586 0.000114846418000525 0.000102702954245615 9.78162524916115e-05 0.000113950928425766 0.000205284797266359 0.000101272245228756 0.000129357378682471 0.000136964838384301 0.000131893290745211 0.000101035694387974 0.000407801552501041 0.00036676954041468 0.000166953609732445 1.82249729732575e-05 2.23664750137687e-05 0.000157229473916232 0.000166352973610628 0.000111453503268422 0.000100320209821803 0.000249935437022941 0.000304571810556808 0.000150879049942887 0.000373197811131831 0.000194681416905951 1.18688597183336e-05 -9999 -9999 -9999 0.000221056556256372 6.10919694736367e-05 0.000115384448872646 0.000224375032848911 0.000183562671736581 0.000447488584904931
-9999 -9999 -9999 -9999 -9999 6.36501530607347e-05 0.000161679180018837 8.0450016685063e-05 5.39582139026606e-05 5.96794896409847e-05 4.43670234744786e-05 6.10615810728632e-05 0.000163491325292853 0.000208575834039948 0.000228725307897548 -9999 -9999 6.25184912223631e-05 2.50741804620702e-05 8.90311647708586e-05 0.000106904141830455 -9999 -9999 -9999 -9999 -9999 -9999 0.000214935505937319 -9999 -9999 -9999 -9999 -9999 -9999 -9999 -9999 -9999 -9999 -9999 -9999 0.000210956355294911 6.74493894621264e-05 0.000165989749075379 0.000199275794147979 0.000369345337094273
-9999 -9999 -9999 -9999 -9999 -9999 -9999 -9999 -9999 -9999 -9999 -9999 -9999 -9999 -9999 -9999 -9999 -9999 -9999 -9999 -9999 -9999 -9999 -9999 -9999 -9999 -9999 -9999 -9999 -9999 -9999 -9999 -9999 -9999 -9999 -9999 -9999 -9999 -9999 -9999 7.59900478442432e-05 2.93985807729769e-05 4.90433772029064e-05 0.000103872361432877 0.000135003797186073
-9999 -9999 -9999 -9999 -9999 -9999 -9999 -9999 -9999 -9999 -9999 -9999 -9999 -9999 -9999 -9999 -9999 -9999 -9999 -9999 -9999 -9999 -9999 -9999 -9999 -9999 -9999 -9999 -9999 -9999 -9999 -9999 -9999 -9999 -9999 -9999 -9999 -9999 -9999 -9999 4.07972669563605e-05 0.000120753917508409 0.000363499386912736 5.92170160871319e-05 2.62044939972839e-05
-9999 -9999 -9999 -9999 -9999 -9999 -9999 -9999 -9999 -9999 -9999 -9999 -9999 -9999 -9999 -9999 -9999 -9999 -9999 -9999 -9999 -9999 -9999 -9999 -9999 -9999 -9999 -9999 -9999 -9999 -9999 -9999 -9999 -9999 -9999 -9999 -9999 -9999 -9999 -9999 -9999 -9999 -9999 1.12862075184239e-05 8.15532628166693e-06
