Scripts_&_data/Maxent_result_files_1/Bombus_mesomelas_3.asc
NCOLS 594 
NROWS 330 
XLLCORNER -15 
YLLCORNER 23 
CELLSIZE 0.166666666666667 
NODATA_value -9999 
[rows 160 to 179 of 330, columns 495 to 539 of 594]
6.04663330516786e-10 5.88427184755602e-10 6.77897316059273e-10 6.41629482878159e-10 2.5606339604245e-09 8.31639035414611e-09 1.15962407454262e-09 1.48539177624585e-09 1.76715326816179e-09 1.43218770176645e-15 5.59533557265013e-09 1.33226762955019e-16 2.51195508171875e-08 2.65047484737657e-08 5.44009282066327e-15 2.55351295663786e-16 1.38073866784438e-09 2.4057579262049e-10 1.11022302462516e-17 7.02323976753405e-11 4.9960036108132e-16 1.07303055330021e-13 2.10531592159668e-13 0 8.27681683190917e-09 5.36792832406263e-14 1.01030295240889e-15 1.37334588146132e-14 5.36747147394934e-08 6.92779167366098e-15 5.55111512312578e-17 5.18691597450882e-09 5.97188964945872e-14 1.06226138996135e-13 1.04615883067538e-08 2.76779910102221e-10 3.48049367104863e-12 4.28055576318087e-08 4.60897402465577e-09 3.04201108747293e-15 4.75748835881973e-09 3.45116658584388e-09 4.92442258082093e-09 4.88869144055215e-09 4.95856193882815e-09
6.30662810863214e-10 2.58107849537836e-09 6.65904775765114e-10 7.03859937001283e-10 9.36479827018388e-10 1.33017529213575e-09 2.80503476002281e-10 1.94632663319538e-09 1.28380500674652e-09 1.10888266346976e-09 2.28876456787042e-08 1.37518154641469e-09 5.80911929670691e-10 3.65070862429206e-11 1.4465436737332e-09 1.41282316956648e-09 3.24113813565674e-10 2.13159490058956e-12 8.55837622992794e-13 1.80197170185359e-08 2.08721928629529e-15 3.35953487251572e-14 0 0 6.69457936863793e-09 1.57607260575787e-13 3.49720252756924e-15 1.01388237916389e-08 5.56666934770078e-12 1.11244347067441e-14 4.44089209850063e-16 2.55351295663786e-16 1.33519839629059e-10 3.48521945414681e-08 1.24622534514174e-13 4.80554871451488e-09 9.16933196037917e-14 7.26628106573202e-09 5.87390412976063e-09 4.65921016212789e-09 5.41787783525649e-09 4.89239270207165e-09 6.52089595654104e-09 5.00225353361472e-09 3.69241390796304e-09
1.03750338320552e-09 9.83353443118062e-10 8.69227123612149e-10 9.97176097250474e-10 1.1653051856797e-09 1.49694414641743e-09 1.31431650007841e-09 1.27307159258905e-09 1.16924560034093e-09 1.44298990534253e-09 1.41967841926771e-09 1.27580435105301e-09 1.03269956808205e-08 2.3279298322354e-08 1.76356546033318e-09 1.80305261832103e-09 1.94705058742528e-09 1.48105757658001e-09 1.84313233453359e-08 3.52884388377106e-13 4.55957493983305e-13 8.67972360651947e-14 3.60378393793326e-14 0 0 1.44662060108658e-14 4.86221968243328e-09 1.90287718915272e-10 0 2.53902202596024e-09 1.6309843697826e-09 3.20121136154761e-08 6.42029762687457e-12 7.13803855578732e-08 6.58262333530502e-13 2.81408230051738e-13 1.1836336244464e-09 6.20745329582562e-09 5.09871868059619e-09 5.12194274771005e-09 7.19525357073536e-09 1.4259376324155e-08 1.51091643418866e-08 1.02097742593621e-08 9.06127977096105e-09
1.88887121499448e-09 1.22281783587752e-09 1.36571406406105e-09 1.3849377089592e-09 1.39229529017015e-09 1.69891970491776e-09 1.57527013655567e-09 1.3591625491749e-09 1.21081090709296e-09 9.73081237809481e-10 0 0 0 1.59946269562283e-09 1.62284649052324e-09 1.49503711632804e-09 1.33418857073409e-09 1.27283968920366e-09 9.94793136754879e-11 6.77236045021345e-16 4.44089209850063e-17 8.32212077028771e-12 2.95239566128203e-10 3.66604708590401e-08 2.23113449937529e-09 7.42087318261753e-09 5.55111512312578e-17 1.61003987919628e-11 5.31200289310974e-09 1.41886502547095e-14 9.56821288866649e-12 2.89115700491394e-08 1.93411953119949e-13 9.52396029929581e-08 1.94488869453835e-13 4.81836792687318e-15 5.5491782946504e-09 6.50459499595968e-09 6.33393191229459e-09 7.5450388714593e-09 7.87365744825408e-09 8.38385485479876e-09 8.87250407588525e-09 8.82994818374172e-09 8.04212720861841e-09
2.73081163237876e-09 2.20214672053132e-09 1.7477791103282e-09 1.25013105423122e-09 1.30649601137733e-09 1.52642684048132e-09 2.60503959403913e-08 0 0 0 0 0 0 1.70504474983346e-09 1.77113681498753e-09 1.5439623801683e-09 2.08937177559321e-09 8.48601980907304e-09 2.22019131967954e-09 2.28860791429142e-09 3.81739451160712e-10 2.48139240266454e-09 2.82352440317268e-09 1.57111901710749e-08 1.49405344762599e-09 2.51743259571668e-09 3.15008817919349e-09 6.06138805814283e-11 1.30823291089044e-09 6.6651476782198e-09 2.99760216648792e-16 6.43929354282591e-16 1.79597995364489e-08 1.6153745008296e-14 6.61971641946479e-09 3.6140709203103e-09 1.67678240181601e-09 4.69610905717843e-10 8.42610311524439e-09 1.29675581383992e-08 1.10627159322085e-08 1.45468989298791e-08 2.20390761973555e-08 1.98745513713128e-08 1.82966704898035e-08
4.95360720220717e-09 4.34876101795822e-09 3.02015044084669e-09 2.62525778893519e-09 2.51310112719949e-09 2.59187232787284e-09 2.63653607834868e-09 0 2.30736178830071e-08 0 7.42014795163115e-09 0 0 2.34465858950372e-09 3.33066907387547e-17 2.11052452181448e-09 1.88826220215432e-09 1.90537885469411e-09 2.18549063291107e-09 2.64780798397979e-09 1.09312581209053e-08 4.58594967556181e-09 1.00210062470296e-11 1.34849004185256e-09 1.73854981522226e-09 2.3213166722158e-09 2.13393352987978e-09 8.91853318973901e-09 6.13302375551683e-10 1.15120135646407e-12 1.64174778438664e-08 1.2185459163927e-08 2.14630047068454e-09 9.10382880192628e-16 3.13693515607838e-13 2.46325983832563e-08 5.12701914257008e-09 6.93364937687235e-09 8.16726297703241e-09 1.29449709840301e-08 5.93283569161329e-08 2.19456269656693e-07 3.01008699854499e-08 4.19996652567534e-08 6.40691450781716e-08
6.96062968374989e-09 7.98219734754468e-09 7.43565514715883e-09 4.9858588035967e-09 3.7899497651317e-09 3.3526478371293e-09 2.52432229563837e-09 0 2.11457994225839e-08 0 0 1.31154614946283e-09 0 1.93755316235666e-09 1.52855972324062e-09 1.51893174704654e-09 3.74768726496555e-08 2.34929542486384e-09 2.39734623264098e-09 2.3641002044883e-09 1.76510159821675e-09 1.96756798631625e-09 2.20817493179482e-09 1.90803889354996e-09 2.26939128600279e-09 5.16075637779778e-10 5.36829453334775e-08 3.65054788620256e-09 6.04037597717877e-11 4.77300030943262e-08 2.19136930823538e-11 2.39680497671202e-12 8.83273987284383e-10 1.43488571024974e-09 2.6952380771661e-09 7.21571113970754e-10 3.21594172403294e-09 3.25209539298044e-09 4.5029264872376e-09 1.08532633547043e-08 2.01811443334421e-08 2.56316904367893e-08 1.81984482594544e-08 3.00531767694068e-08 5.51374967794338e-08
1.19754500538249e-08 1.28244400654509e-08 1.12074347913271e-08 7.98031905002716e-09 6.63195676153805e-09 7.22635599137433e-09 4.4308238522639e-09 0 2.97877890131915e-09 2.37988311280191e-09 0 1.64271288793927e-09 2.12757319539847e-09 2.69890134685369e-09 2.07071237934287e-09 1.57973487624474e-09 1.68044314019511e-09 1.86277455682671e-09 1.62663718050737e-09 1.59141559930021e-09 2.10178769943781e-09 3.21031429217911e-09 3.39970409601875e-09 2.29556376130091e-09 4.17101727601121e-09 4.81386808193207e-09 8.51199061790986e-08 5.80698735763718e-09 2.77404210713428e-11 6.9962813320501e-12 7.21644966006352e-16 1.36032542008557e-08 0 0 4.80573630778913e-08 5.00915063872398e-09 4.71702488180625e-09 5.19111845731501e-09 6.20109719129402e-09 1.42980710937657e-08 8.41225001879664e-09 1.08864898873406e-08 6.84379442006389e-09 5.79343601980753e-09 6.98710500568467e-09
2.68372688294605e-08 2.8596227419353e-08 2.23467769622232e-08 1.77343165153054e-08 1.55714804939144e-08 1.39013516142761e-08 6.68431043848727e-09 5.9015007436436e-09 4.22322936621811e-09 3.63993267749052e-09 0 2.70375465349915e-09 2.8262579165883e-09 2.5845604545438e-09 1.85684384534923e-09 1.88047835081306e-09 2.13678328364608e-09 2.41696458402885e-09 2.06584380713082e-09 2.39073402186207e-09 3.00482746462549e-09 3.6345775389357e-09 3.78804781986375e-09 3.3774716468038e-09 4.22596567739575e-09 7.83615508037627e-09 8.02270726518728e-09 1.44907195576138e-08 3.32879062092672e-09 4.89085791866017e-09 1.7347938752188e-09 4.35635875151163e-09 5.93282566407893e-09 0 0 1.24442366633559e-08 6.03557255285381e-09 7.21750056387194e-09 1.04159287528383e-08 4.59816981157601e-09 3.72463726527883e-09 4.72449771526939e-09 7.22320347978922e-09 1.67083090696352e-08 1.57871450690017e-08
6.75394581484134e-08 4.8098597538182e-08 3.0836673226009e-08 3.41472768727868e-08 2.18352474434802e-08 1.3334775061935e-08 1.21737799507748e-08 1.4561321881601e-08 8.27034123407344e-09 5.4878216748655e-09 3.80012581402411e-09 2.56600831693987e-09 2.7351654718899e-09 3.01303542116216e-09 2.74041711545436e-09 3.51388067532099e-09 3.53520260842899e-09 2.68195957664474e-09 3.67058126116149e-09 3.5792498298548e-09 3.00132256825236e-09 3.65656687151272e-09 8.2249564903325e-08 5.99720664240522e-09 6.51722772415653e-09 4.76332167043125e-09 6.04113321589495e-09 4.1107885595526e-08 6.73602362777359e-09 7.19897136347569e-09 3.27670113264844e-12 1.75967505011698e-09 7.76601005725297e-14 0 9.45823542819468e-09 1.60519730840747e-10 1.06531827803735e-08 1.8265053403077e-08 1.68556697932587e-08 1.55575458182788e-08 1.01490601145393e-08 5.60813162575613e-09 7.42148229537776e-09 5.70239061525868e-09 6.10190699079638e-09
1.37420820645051e-07 1.0726623742574e-07 1.06691355072908e-07 6.30786145761064e-08 3.22205491953831e-08 2.64474147249061e-08 2.29583753230678e-08 1.50683445609978e-08 9.04853907357506e-09 6.48416894621917e-09 4.52806048212295e-09 4.39318048606196e-09 4.56716443553162e-09 4.54300287389131e-09 4.81071827929114e-09 7.88820828656611e-09 6.47053367552886e-09 5.46563847514392e-09 8.96319947152335e-09 1.11708287953149e-08 6.23733401594606e-09 4.32950659767783e-09 5.9673494257062e-09 8.70538056085834e-09 5.33248324385838e-09 3.58525822363731e-09 5.0301890985871e-09 5.89697578545767e-09 6.63378080245636e-09 7.32485972987362e-09 2.37365682664858e-14 3.01622128384693e-09 6.07140553388064e-09 1.95924567569783e-08 2.31910798120794e-08 2.44825840711727e-08 3.5515094443106e-08 9.25848236255078e-07 2.35067521003884e-13 9.23551016773771e-09 9.87624162451795e-09 1.28261989473799e-08 4.41503344106309e-08 3.44592749668138e-08 4.8741150260323e-08
1.91487841627591e-07 1.59258411136509e-07 1.08274903842798e-07 8.18974466465505e-08 4.9770656507242e-08 3.73583454171822e-08 2.3795460091236e-08 1.83540742049182e-08 1.16409336725631e-08 1.21243183492936e-08 6.51359511882887e-09 7.18863346627074e-09 8.31746668206179e-09 5.35465026763049e-09 8.23643623304449e-09 1.32429689214675e-08 9.75685922055547e-09 7.49450416170916e-09 1.125573333427e-08 1.59247024567044e-08 9.79710894633001e-09 7.93398517995314e-09 1.10910797990194e-08 1.68324752802818e-08 1.15473588691017e-08 1.0747328549332e-08 9.1217040365521e-09 6.77380967983865e-09 7.32962294192063e-09 1.70015428624382e-08 7.81136266780891e-12 2.52057054450638e-08 8.1366799742355e-09 1.65140863206403e-08 2.98893294892189e-08 1.44683154346126e-10 2.68137774317445e-08 6.64435730768353e-08 3.38561490398348e-08 1.80830412865873e-08 3.70122208548374e-08 7.70381701320488e-08 7.35368409054971e-08 2.30096532716217e-07 6.91675341779607e-08
6.37408882120383e-08 3.67003887169481e-08 1.44246084032851e-07 9.35407809099509e-08 4.9142013358594e-08 2.54068445615374e-08 2.34841694535248e-08 2.21264315092284e-08 1.86753061015565e-08 1.43027390708816e-08 8.9083710186344e-09 1.07846921837407e-08 1.13900396114808e-08 1.12898202897505e-08 1.4115198898601e-08 1.78275832207753e-08 1.92535240528535e-08 1.25356000024723e-08 1.3800726061941e-08 1.4449988594567e-08 2.11749057954513e-08 1.48510773456678e-08 1.29040106378042e-08 1.17908493080243e-08 1.71212915511809e-08 1.26640255282418e-08 8.4033497937952e-09 9.97662908952535e-09 2.05872937919516e-08 2.33185885267773e-08 1.63154747045979e-08 9.29438999097698e-09 1.31670555680863e-08 2.62576028142725e-08 2.44363316470597e-08 5.22217430076743e-08 1.15184065618834e-08 3.15871263034673e-08 1.6241359137581e-07 2.15210435361435e-08 4.11418176082812e-08 1.12519938022526e-07 1.91645184777212e-07 1.5842882561401e-13 3.49281198985807e-07
6.42796763594688e-09 8.25225493494841e-09 1.95045999795695e-08 9.10524832420379e-08 5.65752717229806e-08 2.74701971947344e-08 4.04255141472909e-08 2.74030135916092e-08 2.36580241619322e-08 2.07288399223238e-08 2.09864084999012e-08 1.37291422896979e-08 1.39295565748654e-08 1.57547359824761e-08 1.44469145424431e-08 1.51680946691712e-08 1.75099714727622e-08 1.05128913463481e-08 1.48250488996027e-08 4.47487965238302e-08 5.99494672015588e-08 3.76999387152743e-08 3.99848306908979e-08 2.79359416155422e-08 1.57390626864817e-08 1.92087595829449e-08 2.04351457089302e-08 2.07620113212847e-08 4.62246825483348e-08 5.03267883367187e-08 5.71511319602536e-08 2.69420763920891e-08 2.13035497798053e-08 1.08933599229921e-07 1.15918723331276e-07 6.46598127262976e-09 4.38675468172889e-09 9.20702479811908e-09 5.43559552257378e-08 1.02752003505735e-07 1.30388779395751e-07 1.02792151190911e-07 1.27069619615394e-07 6.59584656315104e-07 1.4779641427376e-07
1.42956933180116e-08 2.26158142435651e-08 4.31877079654086e-09 6.12631913976536e-08 6.3654434434568e-08 4.22970107050169e-08 3.48375096326237e-08 3.11955554277432e-08 2.86730613918706e-08 2.96792312171057e-08 3.17958984807909e-08 2.13381194602569e-08 2.02895388823343e-08 1.8673607227182e-08 1.13569201265484e-08 1.35927159750082e-08 1.78304770392934e-08 1.26065033523304e-08 3.00219332727281e-08 4.55685532307903e-08 6.13335717880581e-08 9.65188719836973e-08 7.96461905427925e-08 7.11269637521106e-08 3.19288888994684e-08 3.82219825456609e-08 3.06312134323861e-08 3.41766370315355e-08 1.60262606185846e-08 2.29525726869184e-08 4.88667151188338e-08 2.13818306726843e-08 1.15768823438778e-07 2.4458430527563e-06 1.04044867499375e-08 4.7918445211792e-09 4.14011288585314e-09 3.74931376168064e-08 4.42658160904053e-08 1.57724603067066e-07 2.28304091909326e-07 2.00083544388274e-07 4.19336385060198e-07 2.1710170907685e-07 6.36618383875742e-07
6.74442527381913e-09 1.41274697718075e-08 1.69252039494694e-08 2.99487210586591e-09 1.13779321631036e-08 7.48392371074935e-08 3.81085065725983e-08 0 3.32635736399745e-08 2.7723203643859e-08 2.60846116373337e-08 1.89627784474844e-08 2.26445567519384e-08 2.49947526564931e-08 1.34684973174259e-08 1.3888997485445e-08 1.70205726846007e-08 1.60786463920815e-08 3.37204704714544e-08 6.22648761772204e-08 6.81688411052761e-08 4.28933456420033e-08 5.38318870257903e-08 1.91694473072879e-08 9.44522238199852e-13 1.88491432684401e-08 1.57397857081243e-08 1.62279297444279e-08 1.89466870526012e-08 3.19394690695418e-08 3.36485864282921e-08 5.06061191507534e-08 7.61500830726014e-08 9.92962880808079e-08 2.54872572491571e-08 5.77959275993578e-09 2.88685161331514e-09 3.70663844062591e-09 2.01963941570682e-08 9.39473678851499e-08 3.9886240565945e-08 1.66937937695621e-07 8.43096929381559e-08 2.67695433042725e-08 7.07677061062562e-08
5.40040434593436e-10 1.58058368615599e-09 4.17404729669002e-09 1.06156370360821e-09 2.10726529559224e-09 1.90163437330249e-08 0 4.86148226674921e-08 4.43359680080135e-08 3.2274456229775e-08 2.24710321239385e-08 1.98327092748585e-08 1.84544034831369e-08 1.89136543760071e-08 2.05838992073382e-08 1.73100357936384e-08 2.3531204673688e-08 2.04868481068488e-08 2.67396392361618e-08 3.93585024571763e-08 4.15502747319607e-08 2.67741285808754e-08 1.78129735739496e-08 1.63923934537458e-08 1.64226386933919e-08 2.02430825879674e-08 4.50762103532121e-08 5.57590753236248e-08 5.63796057617694e-08 4.55383035502521e-08 4.57542528975452e-08 6.3076219569691e-08 1.74446169942666e-07 2.16900173266588e-08 2.3049634645389e-09 1.00725942919766e-08 2.76192824055777e-08 4.00047776238921e-08 1.6188547846685e-08 3.31554966814807e-08 2.38245495542966e-07 1.40426693051587e-07 1.60936048820837e-08 7.97488403092572e-09 2.2265341959038e-08
6.5398244153414e-09 3.00724942725594e-09 3.64394817653491e-09 5.20720836449939e-09 2.44811694805058e-08 3.51607237214502e-08 6.42915886861495e-08 5.6789743030361e-08 4.26700004663161e-08 2.7642838629216e-08 1.87782405514092e-08 1.8193138950906e-08 1.75905831012457e-08 1.69333858601739e-08 1.68159684954539e-08 2.01683983180878e-08 4.05325534691414e-08 5.36587783761533e-08 8.3403916784075e-08 4.53992175408757e-08 3.60616745131992e-08 3.18568624702031e-08 3.15576602849532e-08 4.93701678871972e-08 5.73464093767129e-08 6.86441248620717e-08 8.43818520390727e-08 9.44862142526759e-08 1.83521522878483e-07 1.27459379717365e-07 5.17433610847107e-08 1.13083257424762e-08 9.32189163638242e-09 3.85223737353613e-09 2.39231030541021e-09 7.55097323557052e-09 2.95601707334114e-08 2.29236697624202e-08 1.21796076846259e-07 6.23198724292173e-08 1.27496209556544e-07 6.32374595910257e-08 4.58836702188492e-08 3.49222998297094e-09 1.63601310276817e-09
6.75609743372441e-08 1.52750973536619e-08 1.53814096126581e-08 1.66992906502905e-08 5.19254575559458e-08 6.15893568589598e-08 9.62499082435286e-08 6.10315879945311e-08 3.42264963926198e-08 2.72498244413555e-08 2.38017219711395e-08 1.27639919300648e-08 1.22084849674131e-08 1.56304693632592e-08 1.81121588505029e-08 3.41106939250047e-08 5.12527948859365e-08 5.94951765853224e-08 8.47450903784797e-08 1.41412344034642e-07 6.7443269924361e-08 3.63414064730172e-08 8.31206329432455e-08 1.41557897970213e-07 1.33086509224167e-07 1.29909736767964e-07 1.34404206209027e-07 1.4550061341323e-07 5.37107623388433e-07 3.12565035287538e-07 1.97304939997256e-07 2.58524457730225e-08 4.49006779534855e-09 6.02415074490992e-09 8.37475632176066e-09 1.2270957083782e-08 4.25992662256291e-09 4.68070692205558e-09 9.40100581825476e-09 2.75963924045719e-08 7.81072715172471e-08 3.0007914142427e-08 1.19810742105209e-08 1.38259640181104e-08 1.49515694269908e-09
6.21960382085618e-09 2.02130320259286e-09 6.03598616644163e-09 2.04925009184009e-08 4.0739033990711e-08 4.28740059676969e-08 4.23391682047303e-08 3.78075338924866e-08 3.40200765114318e-08 2.27198901359138e-08 1.27986896525378e-08 1.29406247717512e-08 1.53089019017116e-08 2.13087898992548e-08 3.04608918533233e-08 6.53237408498875e-08 1.02856718198208e-07 1.19211900340144e-07 1.14032300491118e-07 1.02040697003147e-09 1.41859629765317e-07 7.45429970749889e-08 1.19389420061289e-07 2.00037196018688e-07 2.41820631918799e-07 4.55618045769324e-07 2.13901696732854e-07 2.09104615178646e-07 3.44746165903409e-07 5.27629518853878e-07 2.95699236319003e-07 6.84684083429588e-08 3.45433457504818e-08 3.5872243409063e-08 6.63699809555496e-08 1.6483062381667e-08 3.86853652445396e-09 1.73145401349828e-09 4.08968146015098e-09 8.5438492836154e-09 3.99889393820629e-09 6.63500178132992e-09 9.39447954984018e-09 7.53754567317522e-08 4.54519133663567e-08
