Scripts_&_data/Maxent_result_files_1/Bombus_subterraneus_3.asc
NCOLS 594 
NROWS 330 
XLLCORNER -15 
YLLCORNER 23 
CELLSIZE 0.166666666666667 
NODATA_value -9999 
[rows 147 to 167 of 330, columns 230 to 275 of 594]
0.614926719665527 0.642214852571487 0.534335905313492 0.525386542081833 0.485624271631241 0.414878693223 0.377675101161003 0.53437232375145 0.330350449681282 0.344111436605454 0.271769788861275 0.321783432364464 0.393039879202843 0.328026711940765 0.342810651659965 0.413773545622826 0.328642410039902 0.312436875700951 0.307911396026611 0.279928430914879 0.35988732278347 0.395138248801231 0.262686166167259 0.212523064017296 0.237090024352074 0.216420423984528 0.16844556927681 0.119307193160057 0.15458125025034 0.190158842504025 0.091963379830122 0.183372840285301 0.163349889218807 0.10248554199934 0.100155099481344 0.162599024176598 0.0860510170459747 0.0917497642338276 0.107163319736719 0.144663999974728 0.0722572393715382 0.243808996677399 0.206598037481308 0.141829694807529 0.13375459164381 0.118880219757557
0.52798969745636 0.570544856786728 0.543720638751984 0.564757043123245 0.587533873319626 0.444844019412994 0.596637845039368 0.466568183898926 0.354722806811333 0.379740929603577 0.378211161494255 0.338989424705505 0.381762164831161 0.308459728956223 0.350377842783928 0.276689943671227 0.393236589431763 0.292245694994926 0.270263141393661 0.248227013647556 0.281001126766205 0.293567386269569 0.270665875077248 0.277357876300812 0.244621622562408 0.281493085622787 0.141589631140232 0.158654823899269 0.223522752523422 0.197691963613033 0.107537704706192 0.181691205501556 0.165743893384933 0.21931104362011 0.189735512435436 0.222042694687843 0.177954995632172 0.135130558907986 0.219853293895721 0.122574929893017 0.0855230629444122 0.223202608525753 0.199786821007729 0.129631146788597 0.120820748060942 0.194943317770958
0.528414064645767 0.619762760400772 0.498690474033356 0.532651025056839 0.5745745241642 0.447103634476662 0.663663589954376 0.43889524936676 0.455906376242638 0.579300653934479 0.412643122673035 0.534069269895554 0.431078708171844 0.613763916492462 0.595089340209961 0.464201307296753 0.542924404144287 0.279449431598186 0.31256031692028 0.2626499325037 0.289652469754219 0.337773352861404 0.265982393920422 0.161144438385963 0.209531052410603 0.295883545279503 0.23468534052372 0.212016013264656 0.161405363678932 0.138879360258579 0.153474579751492 0.133789153397083 0.118048748373985 0.15137475579977 0.199078746140003 0.305824679136276 0.154690869152546 0.0914777792990208 0.159999448060989 0.145231811702251 0.282740089297295 0.409154123067856 0.13699451982975 0.126012686640024 0.112182395905256 0.16267654299736
0.459510350227356 0.419781735539436 0.500971204042435 0.522711527347565 0.512626326084137 0.472134578227997 0.514558655023575 0.397784414887428 0.390120604634285 0.368532490730286 0.36106615960598 0.353728759288788 0.30326891541481 0.396485334634781 0.363732475042343 0.318015250563622 0.33428770005703 0.213302226364613 0.328418937325478 0.335036280751228 0.343460714817047 0.379244968295097 0.48451856970787 0.22919714897871 0.160285025835037 0.175067637115717 0.227180701494217 0.154853664338589 0.596004855632782 0.109071676433086 0.147041201591492 0.143387331068516 0.119646000862122 0.109191597253084 0.118444947898388 0.11708320826292 0.126451995968819 0.159651601314545 0.146085192263126 0.178399400413036 0.291684728860855 0.144370386004448 0.121971142292023 0.137208819389343 0.121100752800703 0.518778449296951
0.489227795600891 0.607773971557617 0.400012350082397 0.391352671384811 0.355525723099709 0.370284742116928 0.358429151773453 0.34578649699688 0.530417394638061 0.429797706007957 0.356786903738976 0.423224586248398 0.48601079583168 0.256245359778404 0.645435935258865 0.385872840881348 0.278933802247047 0.238451166450977 0.391194322705269 0.300802111625671 0.179654528200626 0.275203105807304 0.206192919611931 0.269798818230629 0.284104484319687 0.319690188765526 0.268909239768982 0.206833121180534 0.204748982191086 0.192428378760815 0.160038247704506 0.15903060734272 0.140099130570889 0.0959120027720928 0.119505827128887 0.124818180501461 0.132302437722683 0.102655531466007 0.0933986328542233 0.14057010114193 0.22014643996954 0.12889613956213 0.111246076226234 0.172243279218674 0.12896713912487 0.474610334634781
0.510344314575195 0.436698406934738 0.555137896537781 0.574992734193802 0.417057824134827 0.46225500702858 0.518729209899902 0.368471530079842 0.597197735309601 0.462992179393768 0.285625430941582 0.338780614733696 0.322894901037216 0.321166330575943 0.376890581846237 0.232391142845154 0.258135297894478 0.342746126651764 0.216241364181042 0.248122093081474 0.337963843345642 0.227327555418015 0.221117010712624 0.219779114425182 0.2338797301054 0.213236351311207 0.211016277968884 0.156638385355473 0.148683787882328 0.162583850324154 0.177991926670074 0.151847931742668 0.122922410070896 0.170273737609386 0.121241374313831 0.111968097090721 0.123128345608711 0.111966397613287 0.192413537204266 0.101445931196213 0.121130277216434 0.212245918810368 0.116959226131439 0.114357675611973 0.108412819355726 0.114204773306847
0.438765728473663 0.35335867702961 0.437160137295723 0.481467163562775 0.419000363349915 0.443588674068451 0.306216388940811 0.362918099761009 0.526625394821167 0.41997574865818 0.439096313714981 0.476320368051529 0.506751263141632 0.293304687738419 0.397925704717636 0.411631754040718 0.33764588534832 0.238494664430618 0.258523496985435 0.216733245551586 0.250113967061043 0.251977178454399 0.234527149796486 0.248056626319885 0.162703855335712 0.143356819450855 0.227470436692238 0.244222843647003 0.183812978863716 0.189713309705257 0.131450796127319 0.155860133469105 0.187683893740177 0.150640581548214 0.116519923508167 0.128974869847298 0.111784403026104 0.124195890128613 0.139811927080154 0.0916085824370384 0.0917207427322864 0.137934866547585 0.699190270900726 0.084510263055563 0.0931161880493164 0.699375951290131
0.346680611371994 0.284681928157806 0.27445142865181 0.465736848115921 0.512106323242188 0.473909270763397 0.618120461702347 0.535706698894501 0.525591617822647 0.399108725786209 0.480101048946381 0.465209233760834 0.397766682505608 0.464182156324387 0.386582016944885 0.425222188234329 0.315888252854347 0.0264410457748454 0.250282740592957 0.303026428818703 0.33704352080822 0.254669252038002 0.289103209972382 0.206594687700272 0.371909809112549 0.103803946822882 0.278043505549431 0.160710671544075 0.154076918959618 0.144947755336761 0.156082241237164 0.117134250700474 0.127666096389294 0.265485498309135 0.099848647415638 0.101884409785271 0.12997282743454 0.0923047944903374 0.102260910719633 0.100541297346354 0.113198755681515 0.0962128460407257 0.134680613130331 0.208707174658775 0.123749624192715 0.251071551442146
0.377020597457886 0.455125272274017 0.753609085083008 0.443285608291626 0.405600997805595 0.463575077056885 0.352247244119644 0.359272798895836 0.330379295349121 0.385512164235115 0.382506048679352 0.450038754940033 0.323909816145897 0.439379093050957 0.345972055196762 0.370087465643883 0.560624706745148 0.263985997438431 0.227857851982117 0.29937142431736 0.274526843428612 0.228078863024712 0.410471928119659 0.29741932451725 0.345815214514732 0.401267418265343 0.349894991517067 0.220491741597652 0.189637592434883 0.165588493645191 0.253529804944992 0.164660355448723 0.167655588686466 0.229875859618187 0.148407185077667 0.360949251055717 0.130483861267567 0.106803880631924 0.102126616239548 0.0872440174221993 0.0735829383134842 0.0892126582562923 0.137752147018909 0.148148888349533 0.136977948248386 0.0753153286874294
0.4311283826828 0.330884703993797 0.408024078607559 0.590995877981186 0.348119109869003 0.320061010122299 0.383308938145637 0.478288662433624 0.43001933991909 0.402679178118706 0.249685940146446 0.324457198381424 0.360504904389381 0.195951524376869 0.17531318962574 0.226170894503593 0.297710612416267 0.313742256164551 0.357853892445564 0.243825608491898 0.256290674209595 0.272171804308891 0.168324220180511 0.0563591323792934 0.116639955341816 0.104269307106733 0.142573148012161 0.215714493393898 0.270706914365292 0.152947948873043 0.132492464780808 0.0965944714844227 0.0942774012684822 0.0901908837258816 0.106252774596214 0.211640654504299 0.117718729376793 0.131689155101776 0.122837084531784 0.126271995902061 0.117041063308716 0.119775879383087 0.105718013644218 0.110888704657555 0.382899722456932 0.136582039296627
0.377552199363708 0.332813328504562 0.299599742889404 0.334781947731972 0.455021011829376 0.425212675333023 0.483027762174606 0.479053521156311 0.495550507307053 0.364726573228836 0.314875349402428 0.270558914542198 0.23914920091629 0.308964449167252 0.274816077947617 0.248016136884689 0.417981830239296 0.236271747946739 0.280317038297653 0.291635105013847 0.249194964766502 0.175337526202202 0.178802232444286 0.275604632496834 0.077472448348999 0.178231331706047 0.0819769132882357 0.126020728051662 0.110186814516783 0.152738876640797 0.141571256518364 0.127394384145737 0.156430956721306 0.103420073539019 0.115025329589844 0.103558411449194 0.0975659593939781 0.146409726142883 0.137543441355228 0.111003158986568 0.133292703330517 0.182292518019676 0.101030974835157 0.189809033274651 0.154236437380314 0.126325699687004
0.355644375085831 0.57374724149704 0.593213981389999 0.54631245136261 0.409222018718719 0.566089934110641 0.468005418777466 0.479368031024933 0.364998000860214 0.431860581040382 0.344234976172447 0.25680516064167 0.224891185760498 0.159253036975861 0.275987356901169 0.279764863848686 0.232710367441177 0.198039464652538 0.201177008450031 0.260186022520065 0.291012486815453 0.168385809659958 0.153105314075947 0.189055250585079 0.32229945063591 0.18831145465374 0.101695070415735 0.399247136712074 0.1262161642313 0.0988394849002361 0.150326177477837 0.213369654119015 0.0970997221767902 0.139910418540239 0.10942305624485 0.106932311505079 0.0775528751313686 0.100468577444553 0.123249731957912 0.46099995970726 0.165374349057674 0.14790717959404 0.124737128615379 0.166963802278042 0.115713426470757 0.110749664902687
0.388568705320358 0.410514605045319 0.520793837308884 0.58602402806282 0.478557831048965 0.539863240718842 0.420115828514099 0.468730610609055 0.474588805437088 0.31462105512619 0.323826438188553 0.253698438405991 0.245754665136337 0.163489446043968 0.327423498034477 0.364640283584595 0.225223514437675 0.212359282374382 0.248801440000534 0.380605179071426 0.379789915680885 0.228246536850929 0.174509820342064 0.401134467124939 0.292622542381287 0.145846213400364 0.110957316309214 0.221765458583832 0.106429225206375 0.187760576605797 0.166795797646046 0.239556160569191 0.172012174129486 0.118485254049301 0.0836709819734096 0.0713952548801899 0.0824147894978523 0.0697337262332439 0.0831639729440212 0.222889310121536 0.158283631503582 0.421064114570618 0.137632566690445 0.131501166522503 0.131187909841537 0.0947832629084587
0.437931740283966 0.511333775520325 0.421353846788406 0.418772795796394 0.530792385339737 0.40736910700798 0.346026894450188 0.540439945459366 0.547991120815277 0.314299589395523 0.244822451472282 0.183384124934673 0.337916222214699 0.330875468254089 0.22817223072052 0.329910558462143 0.182574631273746 0.221812257170677 0.219962185621262 0.297058817744255 0.318029955029488 0.255248537659645 0.215881533920765 0.337949302792549 0.138515022397041 0.143390546739101 0.136275941133499 0.110935245454311 0.123502552509308 0.0798745855689049 0.138875599205494 0.188575628399849 0.210939507186413 0.1228072270751 0.127076329290867 0.151153209805489 0.114415073394775 0.12363108843565 0.120918394625187 0.132145470380783 0.138801181316376 0.732512378692627 0.105179428309202 0.0771598801016808 0.094123200327158 0.10155291184783
0.60660428404808 0.569130516052246 0.458477741479874 0.410677203536034 0.411305946111679 0.512488925457001 0.433503484725952 0.465247249603271 0.428180807828903 0.276301592588425 0.276996931433678 0.221705473959446 0.19480252712965 0.256881573796272 0.229639768600464 0.169213154911995 0.191567352414131 0.210475058853626 0.236336377263069 0.209348085522652 0.340683653950691 0.232700687646866 0.089421059191227 0.214937987923622 0.15924638658762 0.151829692721367 0.169098615646362 0.209640012681484 0.203910811245441 0.208348049223423 0.169467626512051 0.149017399549484 0.166698850691319 0.161859184503555 0.124066744744778 0.143784064054489 0.134020745754242 0.131292101740837 0.140233701467514 0.127520300447941 0.104319032281637 0.14370990395546 0.128463800251484 0.201196826994419 0.195929157733917 0.0792803324759006
0.416455346345901 0.412016114592552 0.369132041931152 0.410524129867554 0.52789471745491 0.513743817806244 0.445487332344055 0.341549852490425 0.269885423779488 0.203493057191372 0.187723083794117 0.309409141540527 0.274446949362755 0.175270082056522 0.16100115031004 0.196918161213398 0.198815497756004 0.186340647935867 0.249963712692261 0.210884843766689 0.173862271010876 0.264873361587524 0.153300248086452 0.153229773044586 0.137404339015484 0.20467517375946 0.244114556908607 0.220469433069229 0.182345281541347 0.173717480897903 0.234889608621597 0.329138484597206 0.250348374247551 0.174847854673862 0.150267550349236 0.154049262404442 0.154806353151798 0.132809965312481 0.097857841104269 0.105278041213751 0.136662429571152 0.104161942750216 0.269158706068993 0.116260331124067 0.173157194256783 0.0727134220302105
0.371751868724823 0.359310042858124 0.361302438378334 0.432471644878387 0.442800229787827 0.382483369112015 0.367582812905312 0.297061830759048 0.263206097483635 0.19989697188139 0.318121972680092 0.387279376387596 0.487436744570732 0.190668979287148 0.263202801346779 0.249654319882393 0.279564127326012 0.18893266916275 0.188229542970657 0.185982178151608 0.19447928071022 0.218908774852753 0.222650602459908 0.189208787679672 0.14079837501049 0.1722261890769 0.24422889649868 0.24576210975647 0.23163890093565 0.236000120639801 0.221942454576492 0.258187383413315 0.296532139182091 0.156022797524929 0.131711126863956 0.356333032250404 0.138252814114094 0.20676304847002 0.244331270456314 0.0978242911398411 0.0919758945703506 0.142365938425064 0.0921615585684776 0.181743305921555 0.0727111116051674 0.0794146291911602
0.440339022874832 0.394596940279007 0.446071368455887 0.377546507120132 0.347291654348373 0.29360494017601 0.447119665145874 0.295461148023605 0.343783119320869 0.271632489562035 0.19016686975956 0.175813080370426 0.171782466769218 0.243001824617386 0.167637181282043 0.181867849826813 0.133077847957611 0.437185022234917 0.117835842072964 0.14973513931036 0.110357385873795 0.173399503529072 0.223766769468784 0.14947504401207 0.154618932306767 0.268666446208954 0.201578108966351 0.223226721584797 0.224092194437981 0.181272979080677 0.19055959880352 0.173416452109814 0.15422732681036 0.17897567898035 0.156782725453377 0.148775851726532 0.138140517473221 0.0988572999835014 0.131169204413891 0.108381474018097 0.105958266556263 0.186920982599258 0.341930210590363 0.340182712674141 0.212867705523968 0.107125923037529
0.634845358133316 0.572380721569061 0.464826512336731 0.350885063409805 0.514460176229477 0.640432918071747 0.318851420283318 0.399526566267014 0.331976488232613 0.23620246052742 0.342307034134865 0.299870306253433 0.214600510895252 0.162770020961761 0.248283839225769 0.158874157071114 0.162080785632133 0.134440560638905 0.119967867434025 0.224716135859489 0.198172187805176 0.13767095208168 0.15533159673214 0.147182703018188 0.143999581038952 0.16784628033638 0.204966454207897 0.201166236400604 0.225724311172962 0.174397617578506 0.165390545129776 0.191095006465912 0.154656828939915 0.139881299436092 0.207897162437439 0.130934186279774 0.218332767486572 0.14776953458786 0.1176871702075 0.101525122672319 0.101876299828291 0.188295677304268 0.724416160583496 0.695439326763153 0.215066260099411 0.111153422296047
0.420193660259247 0.579622167348862 0.48242803812027 0.444752252101898 0.487125825881958 0.455433130264282 0.383504647016525 0.465323251485825 0.344425866007805 0.316040477156639 0.282266506552696 0.262102112174034 0.245793485641479 0.279600834846497 0.255076882243156 0.128240804374218 0.141232606768608 0.138717244565487 0.150705371797085 0.38192792236805 0.100494700670242 0.243642234802246 0.233451151847839 0.147309167683125 0.142482568323612 0.233005033433437 0.145705468952656 0.136886440217495 0.162119095027447 0.197310717403889 0.144199569523335 0.287694603204727 0.330143365263939 0.165278409421444 0.14609962105751 0.145401306450367 0.0980734601616859 0.0978733606636524 0.0963190540671349 0.094307965785265 0.14738077968359 0.105304495245218 0.0989460080862045 0.175655570626259 0.150173984467983 0.0531172934919596
0.546207839250565 0.401105722784996 0.572293502092361 0.549580073356628 0.45612353682518 0.509365773200989 0.529813796281815 0.327820789813995 0.351021263003349 0.25698738694191 0.446366679668427 0.527014124393463 0.222645252943039 0.276616188883781 0.178512679040432 0.101724418252707 0.130185122787952 0.127464847266674 0.114319775998592 0.134487025439739 0.151495304703712 0.14703381806612 0.116504430770874 0.122570276260376 0.177645067870617 0.161347675323486 0.125397548079491 0.0958724126219749 0.127807593345642 0.160135480761528 0.16138636469841 0.138776627182961 0.10228998363018 0.0768530510365963 0.0914194956421852 0.133436116576195 0.108503863215446 0.116226238012314 0.0971768967807293 0.147700271010399 0.0750362858176231 0.0462435986846685 0.0664579540491104 0.0909427277743816 0.107711141556501 0.0734810519963503
