Scripts_&_data/Maxent_result_files_1/Bombus_lucorum_3.asc
NCOLS 594 
NROWS 330 
XLLCORNER -15 
YLLCORNER 23 
CELLSIZE 0.166666666666667 
NODATA_value -9999 
[rows 40 to 59 of 330, columns 540 to 584 of 594]
8.23956372020263e-09 7.43306360906359e-10 9.36584143573782e-13 1.3168355295079e-13 -9999 -9999 -9999 -9999 -9999 -9999 -9999 -9999 -9999 -9999 -9999 -9999 -9999 -9999 -9999 1.11506359701252e-12 1.58348428591637e-08 4.58465653219164e-09 1.73280555348931e-08 2.61901082265759e-08 2.41310688764429e-08 1.65706560695256e-09 1.5726124402704e-09 8.4469995553782e-09 1.8034474480455e-08 8.25228605449979e-09 2.84242175019322e-08 4.46041667712116e-08 4.32588301624293e-08 8.21406081930043e-08 1.19314564117623e-08 1.34476850321974e-08 4.79177880929882e-08 1.17809673128022e-08 1.14711793730571e-08 2.40605346313316e-08 7.7763765715666e-08 8.18263488744364e-08 4.30976581311526e-08 1.08446585045385e-13 -9999
1.20544846882176e-08 2.18200171708816e-08 1.15316664994758e-08 5.5368404083822e-09 5.57045716220728e-09 9.87763320026147e-09 1.22259826151883e-08 2.96136080213394e-08 0.0632120549760016 5.74256343588431e-09 4.87639393309536e-09 5.47069833878311e-10 4.38040093087011e-10 4.27956892146142e-11 9.95035165374247e-11 2.95922175652663e-12 1.2179146580138e-14 -9999 -9999 -9999 3.6816292237063e-10 2.40123367856171e-08 4.48296211263965e-09 9.63644192220059e-09 3.80283336520737e-07 2.15173875162122e-08 2.25727676661513e-08 3.68933420813455e-08 3.35005107654496e-08 7.30481576782793e-08 4.92322433154335e-08 6.81440155858581e-08 4.13233163354398e-08 1.11167782868016e-08 1.13113214683658e-08 1.22502808452829e-08 1.51862843300599e-08 1.34839015619725e-08 1.23057805945237e-08 1.21028837840598e-08 1.15919526866293e-08 2.13509961599634e-08 3.67194790795722e-08 2.05457872937131e-13 -9999
5.98310079258368e-09 6.03953335120977e-09 5.42496674249548e-09 4.55906149499086e-09 4.44620900097448e-09 7.8544403980807e-09 4.2285659973551e-09 2.86971907348388e-09 5.71012044314756e-09 1.91255443371396e-08 4.27235470334963e-09 2.82745777901994e-09 4.83789808214397e-09 4.68161690525548e-09 2.207436178292e-09 3.07831993229257e-09 6.82418852537836e-09 2.98014057875662e-11 1.42774680966795e-14 1.05693231944315e-14 2.17703632898747e-13 1.39813779442832e-08 7.16490619057097e-09 5.69890838963971e-09 1.99407468981505e-08 5.65554061360274e-09 6.04878174215173e-09 7.0752352754333e-09 3.4667411596967e-08 3.724348625056e-08 0.0632120651460916 3.2629268389428e-06 1.05973238739843e-08 1.19345543114768e-08 1.24687049019023e-08 1.35885930174773e-08 1.31227172128767e-08 1.24084052033346e-08 1.18451775277251e-08 1.17652250053446e-08 1.21520418838728e-08 1.30664576269979e-08 1.34534390183738e-08 7.00217661631086e-14 0.0632120549678803
5.2680209639e-09 5.26608929796168e-09 4.74314332254977e-09 4.27857952400856e-09 2.71523000749951e-09 9.87361137294585e-10 3.08497467571556e-09 2.4919226460085e-09 2.05217579596351e-09 1.48665699750694e-09 3.75984183786926e-09 5.54900393412439e-09 2.24716735219843e-09 1.27724514298322e-09 1.44071922503208e-08 9.70545311895776e-09 1.05762619773131e-08 2.24080842547991e-08 3.48875829336848e-09 1.34462568079918e-08 3.54697016202721e-09 4.06217190995761e-09 4.51965074255156e-09 5.07717993203371e-09 5.66152799086339e-09 6.13267883142754e-09 6.62408258245151e-09 2.72540309320668e-08 1.81602036075645e-08 9.42021430860862e-09 9.54791379292885e-09 1.04625296315497e-08 1.11198110719357e-08 1.03294251818653e-08 1.08281563937496e-08 2.45935707576805e-08 1.23157109732652e-08 1.16247702353078e-08 1.2444311114912e-08 1.21695733712457e-08 1.25996811539686e-08 2.39269340340798e-08 1.46303214432209e-08 1.30590639857431e-08 -9999
5.6117288149693e-09 5.44105913657944e-09 1.21124125063155e-08 4.31401273592868e-09 3.15433248410102e-09 3.41218683308497e-09 1.34315663036233e-09 2.62014553387147e-09 3.04628665626083e-09 1.01122253903796e-09 5.88004555046595e-09 3.5582201851625e-09 9.08369635066464e-10 9.57081702779305e-10 1.10478740600328e-09 1.78913865944708e-09 2.47951339460428e-09 5.89609059353791e-09 3.7716197498483e-09 4.13354687145429e-09 4.26917116103098e-09 4.23400695614973e-09 4.8831218513179e-09 5.3689429790893e-09 5.84050900975797e-09 6.68959039273886e-09 7.34052234552252e-09 1.73798137437231e-08 8.33894512330957e-09 8.91209817055483e-09 9.21680456400509e-09 9.85651277263244e-09 1.09323413544082e-08 1.03100109449805e-08 1.01384405759575e-08 1.10888358051398e-08 1.17827654189107e-08 1.21504449834831e-08 1.17484930339806e-08 1.08995241276943e-08 2.06901175081597e-09 2.36079451543247e-09 1.83669934816777e-10 4.56634730028327e-14 2.4846791291111e-14
5.07661750415167e-09 5.14876685731025e-09 4.52779377324575e-09 6.89939630982295e-09 1.9412693785803e-09 2.94343254214624e-09 9.08550623623938e-10 2.63873711769946e-09 1.16012304207658e-09 6.2823481972174e-10 5.43348521730991e-10 6.28670682178978e-10 6.70283328840782e-10 8.9635072697547e-10 9.85169001932462e-10 1.40066707121633e-09 1.73108394285748e-09 3.83626023170436e-09 3.91739198857266e-09 4.25061096320789e-09 1.22747957687075e-08 4.71204124607993e-09 5.2536531902625e-09 5.90853062032437e-09 6.16997114510909e-09 6.06625596422106e-09 6.36644362783656e-09 7.45962224213415e-09 7.95727911340194e-09 1.66448513194695e-08 9.9913425088971e-09 9.16186316923806e-08 3.70442230335222e-08 2.81108980759726e-08 2.48261722179954e-08 1.0638888059411e-08 1.11018738091495e-08 3.72374819868071e-09 1.14578799670362e-08 1.14794807215546e-08 7.83230066359053e-09 1.29286947814222e-10 8.10068678802622e-12 5.3357318563485e-14 1.12243547789603e-14
4.53984646542338e-09 4.20202141970805e-09 3.38719302606094e-09 2.10337962602836e-09 1.64978192218612e-09 1.13639564425227e-09 5.92610669425397e-09 4.98084939959398e-10 4.77201933524185e-10 3.90928511784239e-10 3.9217560310334e-10 1.58900722579958e-09 1.19482505001045e-09 5.43245060047326e-10 8.23760515356042e-10 1.7345295533211e-09 3.24510446292336e-09 3.7695508825486e-09 3.65167547311529e-09 8.6162404655532e-09 1.2501787272079e-08 4.03240472124367e-09 4.6695275979225e-09 1.35385922694908e-08 5.35104807131148e-09 6.08066995644307e-09 1.42567625482926e-08 1.45118852157289e-08 8.95935948763693e-09 6.04129963277522e-08 1.30523204244781e-08 1.6349826892359e-08 1.8600694062787e-08 1.85485160564269e-08 1.37052087900713e-08 1.25649649018733e-08 1.75513178324316e-08 5.62531021763846e-11 6.14841511037412e-14 1.04788400179245e-12 3.66207064672608e-13 2.58795429530778e-11 1.29561062989225e-09 9.51538847715483e-13 2.94209101525666e-15
4.95665495314768e-09 4.28442701316811e-09 2.3286847916637e-08 8.6895421413935e-09 7.92153399542528e-09 1.42346017195649e-09 5.3317099624195e-10 4.84333839700923e-10 4.16258938429337e-10 3.55274865082578e-10 3.00429880972786e-10 2.98862379288778e-10 3.25311422244567e-10 2.96043056735584e-10 4.16914014422787e-10 3.88566433473514e-09 5.65150973796946e-09 6.56259260267689e-09 1.60997187803602e-09 2.81323498940722e-09 3.9274060226191e-09 4.36572695772242e-09 5.1141117674014e-09 1.41083285054577e-08 6.04270095072579e-09 2.70192653806234e-09 1.65207268310041e-08 8.30298872989133e-09 9.70111904141646e-09 1.19616112570498e-08 1.28789579112443e-08 1.58483845935642e-08 1.83059738700919e-08 1.73785194790277e-08 1.38707301977625e-08 1.32512429362741e-08 9.29505361568772e-11 3.18109794061883e-10 1.95161273808253e-09 4.82393345269116e-09 6.56778582630579e-09 1.98320623256976e-09 1.32045885337106e-10 3.50830475781549e-15 2.05391259555654e-15
2.38175787536932e-08 1.52818987797509e-08 3.52576525752823e-09 4.10810464535061e-09 1.18767256029884e-09 1.01614887615398e-09 5.47914336124222e-10 4.68955185795039e-10 3.44373951577381e-10 2.58052612611692e-10 2.0964755487185e-10 2.04579786444725e-10 2.00131511363111e-10 1.8408214952359e-10 2.97988056452425e-10 3.93159438338841e-10 1.11337707942027e-09 1.89027418162624e-09 2.46323438313212e-09 2.32884034279124e-09 7.77646321781234e-09 4.76543413618913e-09 4.96322761778245e-09 1.31473579800812e-08 1.17216863992908e-09 7.34459474349691e-09 8.46042700342053e-09 9.89968689246723e-09 1.14346334734172e-08 1.27285119000398e-08 1.51406248427577e-08 1.72976972634409e-08 1.58087894674974e-07 6.29115335271102e-08 1.54142561270554e-08 1.36382766857679e-08 1.5287941868003e-08 1.66611284102558e-08 1.78911636949941e-08 4.15415200016866e-09 1.23136181473527e-08 2.01273110067568e-08 8.27163096017713e-08 1.29221321309991e-08 1.99373850762186e-13
4.9465451734676e-09 4.39553065056941e-09 4.03359166067929e-09 2.88631801792505e-09 1.63602991154477e-09 7.49991979631659e-10 4.11623057861021e-10 3.30400429238153e-10 1.54021151388406e-10 1.08534181642028e-10 1.04171649084606e-10 9.74240799145321e-11 1.44799716661481e-10 1.99289784674761e-10 2.59286747628096e-10 4.1272665285419e-10 7.13666137297508e-10 1.27397747906599e-09 2.11524835425081e-09 2.06272627645276e-08 1.1767118968109e-08 1.01007232911066e-08 6.31470833400982e-09 6.4703203572769e-09 6.85198130456754e-09 7.88917084992846e-09 9.09875532695281e-09 1.11428535287672e-08 1.32698862564951e-08 1.6348859910309e-08 1.84724091911725e-08 2.14144653565285e-08 2.18385589612069e-08 2.23274490895875e-08 1.97516397015818e-08 1.7902560478511e-08 8.68027744460598e-08 1.89316973986386e-08 2.0492978769493e-08 2.32300056079993e-08 2.3112567448802e-08 2.58658081842e-08 8.90901087569063e-08 3.54952857994917e-08 3.72850032626104e-08
5.14876831170241e-09 4.48178578693614e-09 5.51920299463049e-09 1.67504211612268e-09 9.50934786470015e-10 5.82054648923247e-10 3.22351745296601e-10 2.34931496478907e-10 2.47888343185565e-10 8.34896596302315e-11 7.40300598600641e-11 6.48040954231988e-11 7.4220496415478e-11 1.10050124568772e-10 1.55923540745562e-10 3.17920012538053e-10 7.18788606413057e-10 1.24555890046452e-09 2.49114562311803e-09 4.96780839798205e-09 6.1751904700813e-09 6.44462020416014e-09 6.76207678740326e-09 8.06357014493386e-09 8.32303995723649e-09 8.68075333837481e-09 9.29544943240046e-09 1.09461686825796e-08 1.32800920926712e-08 1.69341372813214e-08 1.96952208653123e-08 2.16602582425729e-08 2.34082347394526e-08 2.36842011447358e-08 2.19823777958261e-08 2.05268193442798e-08 2.23002409205364e-08 2.60002435248374e-08 8.72647322958109e-08 3.08140091775932e-08 3.3607836213978e-08 3.51307766766062e-08 3.64786997497646e-08 3.75077859549044e-08 3.96427037085978e-08
4.86593482174058e-09 4.01456460297211e-09 2.46808694592815e-09 1.51934914649487e-09 1.25522480187712e-09 6.34877272975842e-10 3.28055094200863e-10 2.19605411633239e-10 1.09357667366083e-10 6.73630484726573e-11 4.39327796364353e-11 3.68886587942541e-11 3.38893690887687e-11 5.08520114905764e-11 1.09675313275659e-10 4.6878524395666e-10 5.15853693094925e-10 1.13738750640024e-09 2.54245067221603e-09 5.55159905823999e-09 7.14478884944469e-09 8.38324664131918e-09 8.40553787684328e-09 9.26314039917386e-09 9.68166327108833e-09 1.03634042125655e-08 1.12474621172254e-08 1.29820876937359e-08 1.43182178446999e-08 1.63237126815652e-08 3.32685447523851e-08 2.04508809775739e-08 2.41315513460627e-08 2.49803963847661e-08 2.43795613474873e-08 2.5572622319725e-08 2.71678110341789e-08 2.97814586214251e-08 3.24190935319102e-08 4.00786385190699e-08 4.18459624396128e-08 4.0413643132009e-08 4.00592147231649e-08 3.79711218689849e-08 3.79639243486274e-08
1.09118811209008e-08 2.76629852358212e-10 8.62643290133747e-15 -9999 -9999 -9999 4.49640324973188e-15 9.30466814708097e-13 6.05586580881834e-11 7.40061789628044e-11 6.73459621403083e-11 2.13821849115448e-11 2.77950773508451e-11 5.31974353457088e-11 1.11270836988808e-10 2.45179798685768e-10 5.51637913126513e-10 1.25225232405768e-09 3.08445678998126e-09 6.23035569802255e-09 7.11798355812476e-09 8.15062447534487e-09 9.36747770463597e-09 1.03888477931413e-08 1.14055939803848e-08 1.37114751108669e-08 1.51603215980956e-08 1.68161268909728e-08 1.87247195859719e-08 1.97460927053861e-08 2.04886874355381e-08 2.17871124252866e-08 2.43058404625351e-08 2.65185697068127e-08 2.71153205444463e-08 2.88040351459351e-08 3.06294887564285e-08 3.45746902774557e-08 3.75934095631081e-08 3.82458355319137e-08 3.81028372076209e-08 3.96388428858252e-08 3.97834328369484e-08 4.30015379970783e-08 4.40482648578211e-08
-9999 -9999 -9999 -9999 -9999 -9999 -9999 -9999 -9999 -9999 -9999 1.27675647831893e-15 6.40465791512668e-11 1.37263689303779e-10 1.26013999235397e-10 6.15378981105863e-10 1.87932636119825e-10 2.55519982950148e-10 3.06245685477435e-09 1.32964902643806e-08 8.01378626791305e-09 1.0731795829777e-08 1.23535428331323e-08 1.38686030659585e-08 1.52125285923788e-08 1.8367562626409e-08 1.9257420358354e-08 2.03057403780349e-08 2.25312162371871e-08 2.39171963345441e-08 2.45878492233231e-08 2.73581467480355e-08 2.97987158170976e-08 2.84621448554123e-07 3.19408217763773e-08 3.30160520256584e-08 3.41518350821524e-08 7.42710717926975e-08 2.64307989927826e-07 3.79850155107775e-08 4.13899682194518e-08 4.31991978411261e-08 4.95623430962766e-08 5.52668064757178e-08 5.8840819938677e-08
-9999 -9999 -9999 -9999 3.04567482345419e-13 1.98985272703567e-13 9.86537440628155e-10 1.28417465550257e-10 2.59440890992835e-10 4.70734562441066e-15 -9999 -9999 -9999 -9999 -9999 2.01505478969466e-14 4.90426615984418e-09 2.29355348047022e-09 4.60272974178721e-09 7.79090557623263e-09 9.56534644824814e-09 1.19657083907931e-08 1.30257809094481e-08 1.53850409523315e-08 1.71019873151934e-08 1.94316024715313e-08 2.06780234157655e-08 2.14918264962449e-08 2.31594375343924e-08 2.31053641330803e-08 2.41985294580083e-08 2.52634857922374e-08 2.65756632589209e-08 2.71107700400286e-08 6.0340729290953e-08 5.49177732844797e-08 3.33159331566968e-08 3.75008380015807e-08 4.28487721970683e-08 4.87691296124915e-08 4.64089713880789e-08 5.11658538093762e-08 5.75076541164954e-08 6.13955278061518e-08 6.09187071898276e-08
3.78843480253188e-08 2.97486553280102e-08 1.44333012763731e-08 1.15920615550991e-08 1.32235592475993e-09 7.76128727952852e-10 4.14977541218775e-10 3.16900394814468e-10 2.32012675738247e-10 1.8872681195603e-13 -9999 -9999 -9999 -9999 -9999 -9999 5.82334180876387e-13 3.69849515458043e-09 7.31979664658766e-09 9.46452995975733e-09 1.05559385010778e-08 1.23235037730041e-08 1.33697630522178e-08 1.53968337190946e-08 1.61781054774934e-08 1.81501683460539e-08 2.07596794421505e-08 2.35147540439407e-08 2.49651751493829e-08 2.40069397361431e-08 2.49730803036918e-08 2.563969038194e-08 4.88621806793432e-08 2.8633649562515e-08 2.9883904528738e-08 3.23676756064373e-08 6.03780354380135e-08 8.91035624728254e-08 4.53576357029029e-08 5.52771161177468e-08 5.09439751272822e-08 9.85071693992978e-08 5.60949907635333e-08 5.80346745326921e-08 6.06310885387096e-08
8.79416668375654e-09 8.2429212566737e-09 7.22327299085279e-09 3.58268524847105e-09 1.94987592738727e-09 1.26730470562109e-09 9.04588159933439e-10 5.77868808360193e-10 3.43554984461036e-10 2.5399305991769e-10 1.61093227646347e-10 2.2420953982305e-12 -9999 -9999 -9999 -9999 -9999 5.26612315976394e-09 8.62663712686285e-09 1.05577821152281e-08 1.23209982549888e-08 1.35879827611873e-08 1.60850554320469e-08 1.81141979749277e-08 1.93716687024725e-08 3.52598429009809e-08 3.92605902121979e-08 2.31991096999451e-08 5.01913481110172e-08 6.15961083694216e-08 5.046126909658e-08 2.98008517307657e-08 3.44966019305559e-08 7.82630120488292e-08 3.5266165421266e-08 3.38896662621657e-08 3.44519496930928e-08 3.82263861675725e-08 7.41177192176146e-08 8.74642057002717e-08 3.49351649509e-07 4.88689742561554e-08 1.85119655848887e-07 5.803977416452e-08 6.32660686172848e-08
9.71813652883569e-09 9.21271913201238e-09 8.17294679711367e-09 5.15960617564204e-09 3.84954110810298e-09 2.03514779473224e-09 1.07589178677259e-09 8.77724670722557e-10 5.69188651766694e-10 3.89284127155776e-10 3.27668281396853e-10 1.08526221342942e-10 2.3781752123142e-10 -9999 -9999 -9999 -9999 -9999 6.49486108228459e-09 2.61038292537208e-08 2.91249848016761e-08 1.56403569540053e-08 1.69898021984416e-08 3.91268482058393e-08 1.98658902217375e-08 2.11169157271485e-08 2.52987409465888e-08 2.6759956195388e-08 3.14686196545289e-08 3.58363894115143e-08 6.29780177563433e-08 3.47120412746982e-08 3.57216190516318e-08 1.83601681591483e-07 7.08494975021345e-08 7.61283515671174e-08 4.03451801189725e-08 4.11152360602074e-08 9.06829772717721e-08 1.01094051541128e-07 1.1945966179594e-07 5.41806745468776e-08 5.29772062662914e-08 6.14208966576157e-08 6.66832474682799e-08
1.95584424544926e-08 7.80350904006077e-08 9.01000370978622e-09 6.62320265298888e-09 4.50070768431843e-09 3.14384646094013e-09 2.36775781203846e-09 1.44691210124392e-09 1.73476343290346e-09 8.70237581995781e-10 7.35606509039144e-10 7.75220376780794e-10 1.89046489573741e-10 -9999 -9999 -9999 -9999 -9999 3.189892794353e-13 9.60872219124553e-08 1.55675779489606e-08 1.77310188309576e-08 1.02363887588552e-08 3.67946222379345e-09 3.878392429435e-09 5.69987877452327e-08 2.75444553388127e-08 3.02096054505263e-08 3.15319078514342e-08 3.3749109173975e-08 3.43863250762411e-08 3.66715366739712e-08 4.05907031986175e-08 4.28143036246276e-08 8.96222572377425e-08 1.22256232104601e-07 4.87028686380064e-08 4.9659352197029e-08 4.9898029874651e-08 1.19824485500519e-07 5.84258161628881e-08 6.23261845800194e-08 6.68907803480501e-08 7.33186332868563e-08 7.43937740965706e-08
1.08228201400884e-08 1.02943188973192e-08 9.3491622332742e-09 6.68308037798937e-08 6.45980035463012e-08 4.46647746565887e-09 6.70825467397052e-09 4.98971479689914e-09 1.83350896687529e-09 1.54648231998067e-09 1.50447979629931e-09 1.78989791876916e-09 9.06398963662625e-09 -9999 -9999 2.57674581671807e-10 5.66168551741075e-07 1.14778230586587e-08 1.88111571874927e-09 4.96283232509498e-08 1.65647153438364e-08 9.57998742556754e-09 1.21978123157618e-08 2.51307773035947e-08 2.92877355256849e-08 3.17268662342052e-08 3.66770249615733e-08 3.70824139728221e-08 4.02676901045673e-08 7.97667881080599e-08 8.86897927765418e-08 4.56014407235195e-08 4.5301881257398e-08 4.61666157414164e-08 3.77716199206901e-07 1.05754666712699e-07 1.18830038930984e-07 5.64042237471973e-08 6.23505613472908e-08 6.54210011052925e-08 6.38871110902883e-08 7.03851834926716e-08 7.08845915298184e-08 7.4774648728404e-08 7.02684677778009e-08
