Scripts_&_data/Maxent_result_files_1/Bombus_humilis_3.asc
NCOLS 594 
NROWS 330 
XLLCORNER -15 
YLLCORNER 23 
CELLSIZE 0.166666666666667 
NODATA_value -9999 
[rows 147 to 167 of 330, columns 322 to 367 of 594]
0.0263617113232613 0.0257763875648379 0.0315792480483651 0.0244811365380883 0.0253258315846324 0.0257065992802382 0.0263659704476595 0.0279263896867633 0.0283798569813371 0.0282930260524154 0.0287453969940543 0.0296588947996497 0.0680464535951614 0.0293027099221945 0.037560747563839 0.0291556213051081 0.0289916504174471 0.0293121764436364 0.103213284909725 0.128226970881224 0.0266419671475887 0.0331683747470379 0.0357840126380324 0.0271527556702495 0.0324605943635106 0.0250870073214173 0.0213330712169409 0.015984545275569 0.0153173604048789 0.0211950579658151 0.0304668379947543 0.0345723889768124 0.0159653536975384 0.0252290643751621 0.0326237984001636 0.0258808627724648 0.0211771371774375 0.0207079095765948 0.0569437462836504 0.0155674926936626 0.0306269599124789 0.0152502683922648 0.0168404276482761 0.0177154098637402 0.0138038178905845 0.0433565571904182
0.0263506598770618 0.0256929092109203 0.0493784636259079 0.0337976103648543 0.0259916808456182 0.0268419789150357 0.0272946372628212 0.0282117342576385 0.0296770690008998 0.0301885018125176 0.0286485208198428 0.0291991624981165 0.0290792532265186 0.0285802250728011 0.027723634429276 0.0360278874635696 0.0494267549365759 0.0445107895880938 0.0390077717602253 0.0363191429525614 0.0365939555689693 0.026774625480175 0.0274334568530321 0.0267946097999811 0.0369383761659265 0.0287586746737361 0.0239709513261914 0.0216909637674689 0.0161806659772992 0.017344811744988 0.023882856965065 0.0400025673210621 0.0443178698420525 0.0221392514184117 0.0286906089633703 0.0215559115633368 0.0236776575446129 0.141463251411915 0.363347360491753 0.077326100692153 0.0248584125190973 0.00994541351683438 0.0132833070121706 0.0145432039164007 0.0197594871744514 0.0265314677730203
0.0251819640398026 0.0333386212587357 0.0253913920372725 0.0256017068400979 0.0266576102003455 0.0281680872663856 0.0302015960216522 0.0353714849799871 0.0560862522572279 0.0308292437344789 0.0235845493152738 0.0335696836933494 0.0284503877162933 0.027956604026258 0.0276090011000633 0.0528002075850964 0.0321246979758143 0.0490898177027702 0.0353707699105144 0.0533093009144068 0.0261122196912765 0.0261250644922256 0.0261225506663322 0.0257124960422516 0.0251033026725054 0.0242141012102365 0.0294799882918596 0.0302903419360518 0.0231272537261248 0.0297125063836575 0.0180057749152184 0.0296786669641733 0.0223719241097569 0.0211765882559121 0.0208083318546414 0.0212473237887025 0.0238947935402393 0.0432871621102095 0.0444830775260925 0.0287083607167006 0.0199584970250726 0.0181260393001139 0.0190287826582789 0.0225652696564794 0.0396125733852386 0.0169538830406964
0.0255266059190035 0.0261247804388404 0.026253136061132 0.0260061893612146 0.0301720637828112 0.0377077665179968 0.06239267103374 0.0738253433257341 0.0392528854310513 0.0581674445420504 0.0741515055298805 0.0627138484269381 0.0271998200565577 0.0357911614701152 0.0274069311097264 0.0446001473814249 0.027285716123879 0.039091382548213 0.0190059607848525 0.0346299715340137 0.0253569977357984 0.0260362233966589 0.0256423549726605 0.0254767512902617 0.0245122414082289 0.0259860312566161 0.0128517449833453 0.0279447374865413 0.0280361350625753 0.0218883391469717 0.021777561865747 0.0281680641695857 0.0214548278599977 0.0210891475901008 0.0263868976384401 0.0273656805977225 0.0209539876319468 0.0220956835895777 0.0258263997733593 0.0302633302286267 0.0296936471015215 0.0149897855706513 0.0158721651881933 0.039292429946363 0.0197660931386054 0.01665348270908
0.0268264135345817 0.0327740995213389 0.0368596978485584 0.0289944024756551 0.0302555924281478 0.0482480380684137 0.0179120296612382 0.0248424559831619 0.0282022275030613 0.0276667680591345 0.0270804464817047 0.0329777603968978 0.0270354140549898 0.0273647261783481 0.027662811242044 0.0278635587543249 0.409598490595818 0.0512443870306015 0.0356923423707485 0.125095710158348 0.025387892127037 0.025415338203311 0.0252721138298512 0.0248112481087446 0.0324701495468616 0.0274923356249928 0.0229125842452049 0.0224000526592135 0.0219515858218074 0.0214589113369584 0.0211457353085279 0.0212118538096547 0.0207835922017694 0.0207741149701178 0.0210581859573722 0.0251378040760756 0.0195276063866913 0.0190126511268318 0.0183450761251152 0.0292401263490319 0.0273019636049867 0.0103619458153844 0.0151567667722702 0.0166504261083901 0.0274096278473735 0.0218535587191582
0.0291209600865841 0.0385100677609444 0.0424251168966293 0.0295586451888084 0.0602654356509447 0.553963902592659 0.165600852668285 0.102436183393002 0.0278094405308366 0.0312485167756677 0.0382036067545414 0.0264607733115554 0.0268526203930378 0.0276885932311416 0.0270404241979122 0.0271830033510923 0.077274563908577 0.105130146443844 0.0401580031961203 0.0509231731295586 0.0244143126532435 0.024461561255157 0.024043364264071 0.0185120277106762 0.0773321449756622 0.0271097777411342 0.0219913303852081 0.0219809927046299 0.0216192126274109 0.0210135616362095 0.0284340709447861 0.0172861761413515 0.0231334680691361 0.0204174122773111 0.0200824728235602 0.0223618345335126 0.0190538086928427 0.0235271142795682 0.0217847153544426 0.0150725884363055 0.0314734201878309 0.023053715378046 0.0205876218155026 0.0173621951602399 0.0207989280112088 0.0178114629350603
0.0348065672442317 0.0762563969939947 0.0386412233114243 0.0314726360142231 0.0491316176950932 0.0765356846153736 0.0293056208640337 0.0622767060995102 0.0337329037487507 0.0264476602897048 0.0256587931886315 0.0258010979741812 0.0261104492470622 0.026462971046567 0.0264159739017487 0.0252264738082886 0.0370737466961145 0.0271041113883257 0.0237549567595124 0.0234260765835643 0.0234544582664967 0.0229803785681725 0.0229674566537142 0.0315770592540503 0.0196289591491222 0.0212794674560428 0.0216121012344956 0.0211121482774615 0.0238805744796991 0.021545678190887 0.0225852943956852 0.0225938361138105 0.0228340495377779 0.0711474321782589 0.0287893734872341 0.0233683163300157 0.0180469221435487 0.0225897585973144 0.0170592195354402 0.012667469214648 0.0334938095882535 0.0186000808142126 0.0207618309184909 0.0121876868419349 0.0202666397206485 0.0107785144355148
0.0349754370748997 0.0374789532274008 0.0635297253727913 0.0317234970629215 0.0975655168294907 0.0467470705509186 0.0295996246859431 0.0289260622113943 0.0277348594740033 0.0265437161549926 0.0256093015894294 0.0257173523306847 0.0256044410169125 0.025264897197485 0.0253026142716408 0.0246598238125443 0.0236811039969325 0.0233426127582788 0.0226546822115779 0.0221535172313452 0.0220258187502623 0.0215787563472986 0.023880341462791 0.0225520228967071 0.0202407510951161 0.020819035731256 0.021150072850287 0.0200483824126422 0.0145474893040955 0.0196658347733319 0.0474488101899624 0.0198583143763244 0.0197778915055096 0.0195367889478803 0.018829758092761 0.0182929137721658 0.017721975967288 0.0170551150105894 0.0161581574007869 0.0149153314530849 0.0297511437907815 0.0192606130614877 0.011653193924576 0.0109010474290699 0.0109764691442251 0.00630034618079662
0.0389107644557953 0.0378982312977314 0.0368807295337319 0.0440293900668621 0.060798230394721 0.0450344599783421 0.0767474323511124 0.0289556223899126 0.0277482561767101 0.0264448264613748 0.0253949550911784 0.0412455640733242 0.0250701131299138 0.0246714882552624 0.0244207972660661 0.0240951532498002 0.0227439690381289 0.0222052305936813 0.0219374870881438 0.0216345623135567 0.0211818352341652 0.0306194379925728 0.0203774079680443 0.0204076297581196 0.0197447596117854 0.0197874278761446 0.0200466076843441 0.0304763209074736 0.0252615034580231 0.0193876751698554 0.0194842964410782 0.0193186698481441 0.0190038680098951 0.0188530583865941 0.018129007332027 0.0181840408593416 0.0170833049342036 0.0161806845106184 0.0149551463313401 0.0143104764632881 0.0139504208229482 0.00867420621216297 0.0138126748614013 0.0104674973059446 0.00859960080124438 0.00677881753072143
0.0391288615763187 0.0383471176028252 0.0391135133802891 0.0635221291333437 0.0897908836603165 0.0608874142169952 0.0505403835326433 0.0289967419579625 0.0279788652434945 0.026935519836843 0.025682533159852 0.0249491360038519 0.0246145155280828 0.024215522967279 0.0235811643302441 0.0227186646312475 0.0373966345563531 0.0247790748253465 0.0212000848725438 0.0211020277813077 0.0207254471257329 0.058214533701539 0.0206997370347381 0.0196414911188185 0.0190028819255531 0.0185894924215972 0.0190122813917696 0.0189873608760536 0.0196985236369073 0.0188248312100768 0.0185625387355685 0.0184281455352902 0.0177923331968486 0.0178355033509433 0.0170419253408909 0.0167365269735456 0.016163364239037 0.0304107382893562 0.0283131195232272 0.013337666541338 0.0126095971092582 0.00763681977987289 0.00615176856517792 0.0106508334167302 0.0106150936800987 0.0137674880214036
0.0371764365583658 0.0366159556433558 0.131465990841389 0.152130468934774 0.0814483620226383 0.0434537924826145 0.0297021385282278 0.0285556932911277 0.0281012788414955 0.0269958237186074 0.0258297951892018 0.0248370984569192 0.0241531936451793 0.0236934831365943 0.0231602098792791 0.021324347704649 0.0204289421439171 0.0234262024983764 0.0202666409313679 0.0208072226494551 0.0204084772616625 0.0201219871640205 0.0219122346490622 0.0193102072924376 0.0201842713169754 0.0185953533276916 0.0188542011193931 0.0238707548007369 0.0281172711402178 0.0182753359898925 0.018126228172332 0.0177178875543177 0.0171436793170869 0.0165342660620809 0.0162850817665458 0.0152627971023321 0.0144511874765158 0.0176859536208212 0.0139486056752503 0.0132227031514049 0.0160394015721977 0.0107447479851544 0.0153085621073842 0.0134659708477557 0.0137407927773893 0.0206614937633276
0.0351735826581717 0.0624457128345966 0.11363478526473 0.302411283552647 0.0426224853843451 0.0303505431860685 0.0297501549124718 0.0286465425044298 0.0273131893947721 0.0261906998232007 0.0416941734030843 0.024821525812149 0.0237499479204416 0.0228734970092773 0.0225346572697163 0.021125671826303 0.0205856835469604 0.0259794758632779 0.0200385775417089 0.0205550210550427 0.0144843771122396 0.0262630268931389 0.0203710364177823 0.0264030726626515 0.0268828770145774 0.0250321973115206 0.0510391868650913 0.0908876448869705 0.0179756693542004 0.017661258764565 0.0174430798739195 0.0170016103424132 0.0160666794516146 0.0160278583876789 0.0337851336225867 0.0242042802274227 0.0178749717772007 0.0174179793335497 0.01281370325014 0.0120028101839125 0.0113997589796782 0.0103597761131823 0.0118503159843385 0.182730631530285 0.0910114031285048 0.0357159651815891
0.0342613762244582 0.0334899509325624 0.0345489686354995 0.0363283555954695 0.0301202520728111 0.0289722297340631 0.0280074551701546 0.0274525407701731 0.0267340593039989 0.0258868686854839 0.0298677379265428 0.0246858280152082 0.0233117919415236 0.0226656759157777 0.0224390963092446 0.0208002842962742 0.0213536599650979 0.0159244962967932 0.0204048147425056 0.0088949482422322 0.0266914675012231 0.0226372811943293 0.0238332634791732 0.0232396738603711 0.0190405038185418 0.0184347936883569 0.0179797926917672 0.0175746821798384 0.017306443117559 0.016862122900784 0.0163168522529304 0.0158026797696948 0.015407954249531 0.0148617395199835 0.0266743408516049 0.0131337789818645 0.0126845207065344 0.00855189319700003 0.0120994724333286 0.0108705273829401 0.0132935495115817 0.00949119627475739 0.0110268777236342 0.0678394123911858 0.0943378947675228 0.017412686906755
0.0327789600938559 0.0314329328015447 0.0333309462293983 0.0515692096203566 0.0415649842470884 0.027578835375607 0.026934227347374 0.0341733988374472 0.0278557443991303 0.00697080013342202 0.0358079800382256 0.0281008532270789 0.0236186351627111 0.0227273438125849 0.0226051596924663 0.0214530693367124 0.0208614505827427 0.0391014352440834 0.0169711582362652 0.0161049608141184 0.0258057910948992 0.0470629274845123 0.0223051471635699 0.0191587627865374 0.0184539928101003 0.0177896710112691 0.0173564678058028 0.0165969574823976 0.0164426959119737 0.0160770404152572 0.0274663737043738 0.0151670559309423 0.014700489025563 0.0143530489876866 0.0135993125848472 0.01232880204916 0.0126456379890442 0.0128463662229478 0.0176263151690364 0.0104449657723308 0.0131595989689231 0.00895026093348861 0.0184138067997992 0.0136006272397935 0.00838023968972266 0.00718845063820481
0.0362453512847424 0.0316010776907206 0.0298769639804959 0.00502716053742915 0.0207665452733636 0.0551872406154871 0.0266164373606443 0.029120185598731 0.0245057843625546 0.0258270673453808 0.0243173623457551 0.0236654359847307 0.0312478039413691 0.0237021280452609 0.0222256302833557 0.0213168509304523 0.0245736436918378 0.0648363303393125 0.0373020630329847 0.0325082132592797 0.0219001719728112 0.015096487570554 0.01920200381428 0.0185378974303603 0.0181319849565625 0.0174220077693462 0.0169412431307137 0.016591321118176 0.0162112825550139 0.0156336963176727 0.0146374351345003 0.0143939590081573 0.0151820703409612 0.0134467936120927 0.0124379362910986 0.0118855974636972 0.0146971445530653 0.011844876781106 0.0101757979951799 0.0102015948854387 0.0108180055394769 0.0180942123755813 0.0305426351726055 0.0248640472069383 0.0138637752272189 0.0099069619551301
0.0210934732109308 0.0183479156345129 0.0547003734856844 0.0272151872515678 0.0677736040204763 0.0634791027754545 0.010969072766602 0.022060620225966 0.0194878380745649 0.0243926892057061 0.0185423673130572 0.0409575492143631 0.0240326834842563 0.0235372873023152 0.0229693174362183 0.0226887131109834 0.0223082648590207 0.0217802904546261 0.0212549423798919 0.0310939164832234 0.03644870352 0.0194128687493503 0.018664825335145 0.0181059283204377 0.0177472575567663 0.0175819442607462 0.0168189821764827 0.0162562380544841 0.0156005308963358 0.0145700936205685 0.0137640142813325 0.0182946063578129 0.0143617043271661 0.0123112549073994 0.0116918811574578 0.0236741054803133 0.0148386574350297 0.0156879337504506 0.0104054571129382 0.0123397883027792 0.0201490541920066 0.0234285250306129 0.0202886490151286 0.0212886257097125 0.0131560708396137 0.0119173846207559
0.015097208507359 0.02672078628093 0.0262828782200813 0.0269908102229238 0.0270917793735862 0.0257026728242636 0.0174473377875984 0.0308798423036933 0.0241514200344682 0.0115301265381277 0.010459400434047 0.0533330246806145 0.0239140905439854 0.0233663603663445 0.0226785765960813 0.0227766944095492 0.0226166171953082 0.0220876228064299 0.0210157483816147 0.033477433770895 0.0567484587430954 0.0193990098312497 0.0182569964788854 0.0177600861527026 0.0177381154149771 0.0211076021194458 0.0179445182904601 0.0154769903048873 0.0148812704719603 0.0139803744852543 0.0135056182742119 0.0125969684682786 0.0120076796971262 0.0139047866687179 0.0118504202924669 0.0288179028779268 0.0319039607420564 0.0171366266906261 0.0161890704184771 0.01562226312235 0.0248969927430153 0.0243111774325371 0.0124810193665326 0.00832205410115421 0.0144951774738729 0.0123434668406844
0.0611910752952099 0.0265081418678164 0.0271636297926307 0.0260308314114809 0.0257666006684303 0.0249542897567153 0.0319919226691127 0.0156863488256931 0.0195882018655539 0.0117329427972436 0.027128179743886 0.0241623183712363 0.0237011134624481 0.0227695250883698 0.0294213460758328 0.0226146997883916 0.0218243913725019 0.021581538580358 0.0207141676917672 0.0190886249765754 0.0192066214978695 0.0190207095816731 0.0135733755305409 0.0347286764532328 0.0310945302248001 0.0206443794071674 0.0160621489398181 0.0152926985174417 0.0147891411557794 0.0141270455904305 0.0133023065514863 0.0129469619132578 0.0127613772638142 0.0120387103408575 0.0177875402383506 0.0167927418835461 0.0155736255459487 0.0155644246377051 0.0151131468825042 0.0181995826773345 0.0221269585192204 0.0192583003081381 0.0159504171460867 0.014130787551403 0.0140767877921462 0.0131953855976462
0.0266926180571318 0.0263559840619564 0.0261837031692266 0.0253184096887708 0.0254482617601752 0.0242624744772911 0.0241249157115817 0.0240586949512362 0.0228149846196175 0.0308601522818208 0.0238685209304094 0.024061893299222 0.0228047586977482 0.0395619286224246 0.047056569904089 0.0216920748353004 0.0216750558465719 0.0207535576075315 0.019932109862566 0.0271121906116605 0.0188715401105583 0.0108304052613676 0.0225915022194386 0.0171996057033539 0.0169946537353098 0.0164093502797186 0.0156155611388385 0.0151133145205677 0.0145892085507512 0.0138601288199425 0.0133659106679261 0.0127180865965784 0.020943428017199 0.021575934253633 0.0200928306207061 0.019954196549952 0.02488256059587 0.0174325705505908 0.018418660108 0.0191934250295162 0.0206465028226376 0.0196126691997051 0.0184752416796982 0.0117425667122006 0.0135093829594553 0.0121885593980551
0.02636957783252 0.026353370770812 0.0254565760493278 0.0249541604891419 0.0246799355372787 0.0920476637780666 0.0238596776500344 0.0231226937845349 0.0172679170966148 0.0239477105438709 0.0234664877876639 0.0248573010787368 0.0241142552345991 0.0223260309547186 0.0229930864647031 0.0221516596153378 0.0220375323668122 0.0217471778392792 0.0203282034024596 0.0191029796376824 0.01618543099612 0.0200470501556993 0.0202649893239141 0.0167279415763915 0.0252165360376239 0.0150612181052566 0.0161087225191295 0.013619476556778 0.0276015443727374 0.0298811580985785 0.0128510604612529 0.0169852084480226 0.0226087877526879 0.0201048653572798 0.0202424308285117 0.0197874357923865 0.0442970246076584 0.025159652158618 0.0237188519909978 0.0282467596232891 0.0214013200253248 0.0126788842491806 0.00616121138446033 0.0118778925389051 0.00811448344029486 0.00908838617615402
0.0256087092682719 0.0254189368337393 0.0255887089297175 0.025031915307045 0.024193706177175 0.0234050586819649 0.0425985559821129 0.0231004035100341 0.0171918909065425 0.014154277741909 0.0134164264425635 0.0284319775179028 0.0190599136054516 0.0133985157124698 0.0229184333235025 0.0233331015333533 0.0222833205014467 0.0213276462629437 0.0209644384682178 0.0191457746550441 0.0183252147398889 0.0236300693824887 0.0168752068653703 0.0180856988765299 0.018761155474931 0.0154625928960741 0.0132665004581213 0.0609988942742348 0.0233702257275581 0.0312587784603238 0.0202417243272066 0.0192765858955681 0.0306005124002695 0.0258547587320209 0.0240215955302119 0.0275984257459641 0.0260941112414002 0.0242198856547475 0.0217026431113482 0.0325897097587585 0.0537541512399912 0.0175723748281598 0.0169182400219142 0.00931213749572635 0.014282107539475 0.0129757697694004
