Scripts_&_data/Maxent_result_files_1/Bombus_mlokosievitzii_3.asc
NCOLS 594 
NROWS 330 
XLLCORNER -15 
YLLCORNER 23 
CELLSIZE 0.166666666666667 
NODATA_value -9999 
[rows 240 to 259 of 330, columns 540 to 584 of 594]
0.000250248508018558 0.000425674567304668 3.02363903756486e-05 0.00181013338151388 0.00151596044597682 0.00199977452866733 0.000803106222883798 6.8328518227645e-05 7.44797724109958e-05 0.000100243425731605 1.1458211884019e-05 9.98802986487135e-06 1.807513251606e-06 1.96112061530584e-05 5.07821790961316e-05 1.1531952122823e-05 6.65551060308189e-07 6.08920849742844e-07 5.5536813050594e-07 5.57353141061867e-07 4.69114375789559e-07 4.58107724909951e-07 4.39037854960134e-07 3.8851989216937e-07 3.3374974606204e-07 2.96099169361241e-07 2.94916499399278e-07 2.44915144520519e-07 2.32605182759471e-07 2.08819522384829e-07 2.00728931432081e-07 1.54082368908348e-06 2.51621824531867e-07 2.17548511471932e-07 1.77826706604378e-07 1.44793200362869e-07 1.42204787323408e-07 1.43486491666067e-07 1.46346993545876e-07 1.32866918889363e-07 1.23054235245945e-07 1.08792291442228e-07 9.02979784278557e-08 9.11595547492539e-08 9.07146049833329e-08
0.000531413831049576 0.000190301258771797 1.39428537295316e-05 3.45115230629744e-05 0.00175537653267384 0.00325854273396544 0.000675490368666942 0.000289336201421975 0.00108366770873545 0.00011130963521282 3.89071904010052e-06 1.7743459011399e-06 2.21334341858892e-06 8.54456930028391e-06 9.44311370858486e-06 8.65187523686473e-06 1.18538378046651e-06 9.80689497964704e-07 9.12736604163911e-07 3.68086062962902e-06 2.55153886996595e-06 8.56540569316167e-07 4.65107434877154e-07 4.1826989445326e-07 3.54102574817716e-07 3.35262754447285e-07 2.8005957162236e-07 2.54039660774197e-07 2.45616588756548e-07 2.40277735485961e-07 5.94116947922885e-06 3.52537869048319e-06 1.40817340252397e-05 1.93491034750082e-07 1.66874431073438e-07 1.46356198271747e-07 1.54089587667272e-07 1.60771203994159e-07 1.72681290777632e-07 1.9709555765246e-07 2.02073916355516e-07 1.61013913491104e-07 1.43936076391071e-07 1.49362868384628e-07 1.51772922940552e-07
0.000339280372281792 8.4599473484559e-05 7.66789278713986e-05 0.000244425776327262 0.000411632032773923 0.0051570207811892 0.003588096020394 0.000596776060046977 0.00268527021398768 0.00175120504500228 0.000129347362963017 1.68741334164224e-05 3.1970801501302e-06 2.01721085204554e-06 1.08344299633245e-05 1.26414634905814e-05 2.04325201593747e-06 2.24121881728934e-06 9.45732167565438e-06 8.7727459231246e-06 5.34207738382975e-06 5.50081338133168e-06 4.87732140186381e-07 4.96990735143754e-07 3.98547362578938e-07 3.97425939979712e-07 3.67225521813452e-07 3.98725674131129e-06 3.78277149337691e-07 1.50210245465132e-05 1.13006406536442e-05 1.47658336118184e-05 5.28039282698956e-06 1.95047439888185e-07 1.79268425171131e-07 1.61916467789069e-07 1.6465339598426e-07 1.71493602962869e-07 2.08948921809338e-07 2.51775421844513e-07 2.55176011165759e-07 2.16140174202906e-07 1.85193871082845e-07 1.48548979161944e-07 1.29305164087157e-07
0.000827527479850687 0.000150611976278014 2.94772056804504e-05 0.00135599181521684 0.00149930497864261 0.000561536732129753 0.00259432313614525 0.000517011675765389 0.0027560234273551 0.00270044096978381 0.000451008457457647 3.93963055103086e-06 1.87902255674999e-05 8.34169377412763e-06 8.35088838357478e-05 2.63009486616284e-06 2.32148204872829e-06 2.12192668641364e-05 8.59091953770985e-06 7.06071562035504e-06 7.52662422200956e-06 6.62863877778363e-06 3.35257793722121e-06 3.70592667877645e-06 6.21990014337825e-07 1.86040159633194e-06 2.0625705110433e-05 0.000158674889826216 7.22016997315222e-05 3.76294049601711e-05 1.14639430876196e-05 3.17815029404755e-07 2.8263717197774e-07 2.43434539726195e-07 2.1068130280355e-07 1.86127213197551e-07 1.70311861680261e-07 1.79332495520157e-07 2.38274849095887e-07 2.86168701535416e-07 2.9607393940978e-07 2.53416817130869e-07 2.49522183892736e-07 2.21879090744892e-07 2.06650629763772e-07
0.000536093418486416 0.000162901720614173 2.93738473374106e-05 0.000196338706518873 0.000335930530854967 0.000167042610701174 0.000106245950337325 0.00146253858401906 0.00171639469044749 0.00410063595918473 0.00130491517047631 0.00105174728378188 0.000191922823432833 8.6154800010263e-05 0.000176369257678743 9.36655553232413e-05 5.13158289322746e-05 0.000119101347809192 4.53278457825945e-06 3.18535492169758e-06 1.08919795820839e-05 1.02620839584233e-05 1.79391288952502e-06 1.45182643791486e-06 6.84925737459707e-06 2.03153900201869e-05 2.33115992159583e-05 0.000140932084468659 0.000367380623356439 4.31024676800007e-05 2.01169756337549e-06 1.69260586062592e-06 6.52473576678858e-07 3.97459099588104e-07 3.16328824112588e-07 3.38537949318152e-07 3.13067711488202e-07 2.7853513415721e-07 3.24264981799161e-07 4.47047183627092e-07 4.08359553460969e-07 3.57793686589503e-07 3.34593993045473e-07 2.75855182962914e-07 2.54793659948405e-07
0.000522841505880933 0.000627622961474117 0.000884641887387261 0.000139347829826875 0.000312336153001525 0.000187456870844471 0.000124704493282479 0.00153008115885314 0.00250615195254795 0.00925888682249934 0.002406101138331 0.00253676726715639 0.00355524580227211 0.00209199286618968 0.00201457444345579 0.0021200381750532 0.000699759471899597 0.000389800800621742 0.000183905132143991 0.000397213574615307 0.000157908955225139 2.28937793053774e-05 3.28442365571391e-06 2.90139880121387e-06 2.55533136623853e-06 2.09774636914517e-06 1.88631452147092e-06 1.4994665980339e-05 0.000552620965754613 0.00025759638810996 2.41078421368002e-05 5.68167568417266e-05 1.60338476689503e-05 4.17195653312774e-06 5.93941238093976e-06 4.12070634183692e-06 1.89510184100072e-05 3.00421635074599e-05 1.70692192568822e-05 2.5508295493637e-05 7.48933032355126e-06 4.06235568561897e-07 3.91726693038663e-07 3.65176440908499e-07 3.67560598135697e-07
0.000166967970289988 0.000351733782736119 0.00163101252728666 0.0011632548936177 0.000441560542094521 5.91316529607866e-05 0.000215919510810636 0.000945015141041949 0.00118737728189444 0.00381181795528391 0.00696228741435334 0.00263354291091673 0.00115845435357187 0.00108105660401634 0.00111578829091741 0.00035155028290319 0.000277042730158428 0.000251674083119724 7.42871337706674e-05 0.000376515038078651 0.000724249538325239 0.000444994415556721 0.000106292380314699 5.33381526111043e-05 3.16284987320614e-06 2.2852611948565e-06 2.89285902681513e-06 6.05624840318342e-05 4.48971516561869e-05 9.98753059775481e-06 2.32513916671451e-06 1.67340125472037e-06 1.46207672742094e-06 1.31270484757806e-06 6.22014586042496e-06 7.3384305323998e-06 2.64884759417328e-05 9.52942442381754e-05 0.00022346466066665 0.000210037764190929 4.58615590105182e-05 6.26883841050585e-06 6.68836443651344e-07 6.12347173500893e-07 6.09327733513965e-07
0.00015491429658141 9.47334532611421e-05 0.000327925940655405 0.000197653297595934 6.57761767797638e-05 9.09600388695253e-05 7.99088360508904e-05 0.000229146365563793 0.00046656261647513 0.000111146731160261 0.000831715475032979 0.0012093214703782 0.000717514914140338 0.000304995183796564 0.000280412537176744 0.000155318836777951 1.63326415279386e-05 1.80929089452775e-05 5.05069864942698e-05 0.0001241442724222 1.3240376989998e-05 0.00019596795484631 0.000442353048583755 0.000302807302250585 2.65249078211127e-05 4.65210212041711e-06 3.7045070826025e-06 2.3523815855242e-06 2.86931710320459e-06 2.04434201691583e-06 2.58503750387717e-06 1.51433590076522e-06 2.00011617721429e-06 2.0678657051576e-06 1.87674331186827e-06 2.03461057708409e-06 1.5111136917767e-06 1.61023539249072e-06 7.44606734315312e-06 1.08369034478528e-05 7.55224955355516e-06 8.20060672594991e-06 1.33405521864916e-06 1.07381772238568e-06 8.45328537479872e-07
0.00026749814642244 0.000138160526694264 0.000253635304397903 0.000122185133704988 0.000123547479029185 0.000357257605355699 0.000330876658699708 6.66243002342526e-05 3.78625343728345e-05 5.66813916975661e-05 1.22897145274692e-05 4.12423478564961e-05 3.48412582752644e-05 3.30722208957468e-05 1.35008501376266e-05 1.8885096618626e-06 1.20486429064925e-06 6.45072769742683e-06 1.4212772356359e-05 2.73708567021913e-05 1.91735820351369e-05 5.75286377170414e-05 0.000430510696605779 0.000910372447833652 0.000269364557607332 0.000991728548251558 0.000893989446922205 0.000366515161658754 0.00010917091385636 2.48343263592687e-05 0.000271365268645241 0.000112651967560851 0.000116278440395945 1.09201389705049e-05 7.2634217212908e-05 2.65633107119356e-06 2.28093837222332e-06 2.21872521706246e-06 5.07390695929644e-06 5.52231363144529e-06 2.08258127258887e-06 1.70253035207679e-06 1.43865038921831e-06 4.38321581270884e-06 7.50142684751154e-06
0.000808129394135904 0.000395293538167607 0.000370023857976776 0.000438354687503306 0.000460157771522063 7.53168234950863e-05 7.3955399057013e-05 7.47742164094234e-05 0.000192221000725112 9.87427740255953e-05 3.53102657754789e-05 1.29464324913897e-05 6.20522065446494e-06 2.71570090717432e-06 2.15500061102603e-06 1.17382403566069e-06 2.13360818452912e-06 7.10006421940079e-06 1.6092198695361e-06 4.59505281580341e-06 1.46786399888299e-05 1.02850020930134e-05 4.31154845813575e-06 0.000247657179738781 0.00184803186130011 0.000770418477441126 0.000170433029347805 0.000953644682340382 0.000867736581130885 2.38981198435795e-05 2.73559654942801e-05 9.14366608640194e-05 0.00017856633203337 2.97664637400885e-06 5.84504289690813e-05 2.63284206312164e-06 9.24731511986465e-06 2.7422914968156e-06 2.52316390287888e-06 1.78033496069929e-06 4.7549570922456e-06 0.000240213175493409 6.24251537828968e-05 2.45715553234049e-05 1.14659634515846e-06
0.00021967751572447 0.00036732712027856 0.00056638935511728 0.000138751765871348 0.000177084984670728 8.29480693482765e-05 5.17370926743865e-05 0.000194832429406233 5.61764568828949e-05 5.30968109160312e-05 4.20937651142594e-05 5.68001681813257e-06 8.59952810969844e-06 8.48384454457118e-06 4.8901673785906e-06 1.22610641746235e-06 6.83155018510462e-07 6.34757076145576e-07 7.58625690611137e-07 8.50864028301146e-07 1.40287913819037e-06 5.03749973768119e-07 8.29032884386294e-07 4.51671424834821e-06 8.01262160746719e-06 9.24853978101492e-06 2.98840739525019e-05 0.000394856374623487 0.000933220609294949 0.000234589661613427 0.000269958673243309 0.000671805735873932 0.000223743669448595 5.33978721250605e-05 0.000206161294408957 8.8469294269089e-06 0.000200057142865262 0.000369425588723971 6.52981974781142e-05 0.000124392729412648 0.000403684558750683 0.000118699534903044 1.85667246475063e-06 6.91077141456997e-07 5.59244212994248e-07
0.00119541213207413 0.00116263734853419 0.000269182075783192 0.000145492511478551 8.79483203064524e-05 0.000102399075515791 9.97031199233334e-05 6.38945986395356e-05 5.55553917365614e-05 7.27701453797636e-05 1.65338763025602e-05 5.53516850345659e-06 2.20253821181515e-06 1.28596298303307e-06 1.02738950324976e-06 1.10009519715959e-06 7.00266766351376e-07 4.21611180811965e-07 2.66398420700753e-07 2.26096198463477e-07 1.64134763036561e-07 1.9612321121576e-07 3.0510195837552e-07 2.13132518456227e-07 2.42083700974227e-07 1.78388690519338e-07 1.74038246536501e-07 7.68788396654507e-07 4.05119073576543e-05 0.0001333888519639 8.46350037972954e-06 3.01964791857401e-05 0.000359425549640946 0.000348440854327237 0.000754181214870187 0.000498689355481474 0.00159622057253728 0.000861326564336196 0.00018639018326212 4.94619795802009e-05 5.69361236415489e-06 1.11700595759601e-06 2.97834803242303e-07 1.4813660007551e-07 1.9659511526493e-07
0.00303975793140125 0.00549988804850727 0.00116858115652576 0.00150640636393291 0.000943818028918031 0.000189911288180156 0.000123753095985535 5.36084026840911e-05 2.11786404229031e-05 1.7005962525074e-05 1.57415343664979e-05 6.13052650351165e-06 2.65206122511685e-06 2.23337658962208e-06 1.15351090439475e-06 4.26173878338432e-06 4.59431605115412e-07 3.40144389721075e-07 2.52115148746679e-07 1.30751383020655e-07 9.69883515611336e-08 2.69010976883255e-07 9.94571274781642e-08 2.72325448158472e-07 7.93202008153582e-07 1.62665244207716e-07 1.37742357564363e-07 1.03821878227883e-07 1.23168461751977e-07 2.64516519465907e-07 3.83709151989819e-06 4.85188558374539e-07 3.20628208505536e-07 3.9234569438884e-07 7.52751396404516e-07 7.5704049861125e-07 1.79357708607331e-07 1.40171794471566e-07 2.26791560342665e-07 1.88149218771638e-07 3.20695029032425e-07 3.97564217335944e-07 3.4134238728889e-07 2.80929125273666e-07 1.85608043234975e-07
0.0962899558246136 0.0187401762232184 0.0133406480308622 0.0118727721972391 0.00208091131062247 0.000405468769895378 0.000183230081256625 6.95880044077057e-05 6.88434988177278e-05 1.89445905878216e-05 1.4007915634906e-05 8.78815495113372e-06 4.31378851359909e-06 1.87742372279587e-06 1.02342402759081e-06 5.75359108645479e-07 4.41700679010282e-07 2.92427106218796e-07 1.77197989192912e-07 1.23062795198692e-07 9.91869564037628e-08 2.55074507160558e-07 3.41606040388243e-07 3.77715945298895e-07 7.00755227178718e-08 3.22445404410399e-07 7.10383555757588e-08 5.82500396806296e-08 3.07604215532553e-07 2.64963106622051e-07 1.75745738750788e-07 1.51834586437083e-07 3.08146429095491e-07 1.51810395021545e-07 2.64087642964927e-07 2.57720608898282e-07 1.06500493013417e-07 9.56569640830907e-08 1.90311745829064e-07 8.65896380730646e-07 1.55353442510275e-07 1.67357556779546e-07 2.57131413139433e-07 1.73557683091907e-07 9.75363591004808e-08
0.0931888038292527 0.0430786331184208 0.0144833618309349 0.0254546721465886 0.0136365149635822 0.00247173741518054 0.000145882304059342 8.38234940886196e-05 5.28259441807677e-05 2.03256375571392e-05 1.00539706535008e-05 6.86622019068217e-06 4.19485287382892e-06 2.21585826644111e-06 1.02089469637967e-06 5.92900218743253e-07 3.30491675404332e-07 2.23412101030274e-07 1.75978470751126e-07 1.22972715754788e-07 1.03970800791053e-07 8.42361125186208e-08 9.1591873430108e-08 6.76093715012982e-08 5.59978409975237e-08 9.18584986187021e-08 1.10786889484515e-07 7.42566774736275e-08 4.74195200106387e-08 5.68605431072733e-08 6.61517769229292e-08 1.56375794069241e-07 7.93672453647254e-08 5.14507884519233e-08 6.84642795345525e-08 8.89848637108948e-08 9.61003144284156e-08 8.78410114757422e-08 1.27640354674607e-07 9.74711672596662e-08 8.11415432955265e-08 2.15825582061679e-07 2.38590895784707e-07 1.33609914454436e-07 9.86594750340686e-08
0.0255013920366764 0.0181448171380907 0.0391483622603118 0.0165231300983578 0.00499457169789821 0.00465763407992199 0.00171063300222158 0.00038364276442735 0.000211971336830175 5.92193735428737e-05 4.0552805853622e-05 7.30605380276916e-06 7.79623544446828e-06 1.8549585322214e-06 1.21717263418253e-06 1.00859205655057e-06 3.64950655362684e-07 2.36057074287643e-07 2.05831881738838e-07 1.54484973369229e-07 9.38775788661417e-08 7.49213022843698e-08 8.1965701159703e-08 3.08612907418127e-07 5.25583299104682e-08 5.02458251006033e-08 6.46837550632995e-08 9.10683178090288e-08 6.77072992227856e-08 5.7354008786703e-08 2.21258322730122e-07 8.84351230689973e-08 1.03199622292216e-07 6.75494385316e-08 4.13922951247869e-08 2.50093692200082e-08 2.04195346520386e-08 2.76586717307126e-08 3.34477247787568e-08 4.95032666081308e-08 8.05510215973193e-08 7.85532853431192e-08 1.13873248319685e-07 1.02572276161617e-07 1.55964058590197e-07
0.0410301948897541 0.0240862128324807 0.0209354705177248 0.0119414120912552 0.00408289204351604 0.00167142167047132 0.0010872712591663 0.00258786619524471 0.000674172159051523 0.000114331975782989 4.52947779194801e-05 2.08115437658307e-05 1.16685652326254e-05 8.77174330753405e-06 2.73220653216333e-06 1.11859981933859e-06 5.43963618859777e-07 2.05987439294564e-07 2.19001370682648e-07 1.37714655890075e-07 7.6197973575276e-08 6.40324456013808e-08 7.20253487740408e-08 1.97616548680557e-07 4.87001889704075e-08 3.47354918939224e-08 6.03967713397324e-08 8.57610491622474e-08 5.09159162955797e-06 6.05984696870898e-06 5.72633520601329e-08 2.3987720626506e-07 7.60868745230958e-08 8.56498479362422e-08 5.37350000384684e-08 7.8274080839158e-08 6.22284271778462e-08 5.58995623678449e-08 6.38967475374841e-08 4.40210651486694e-08 5.38869512456408e-08 6.9244378209099e-08 7.48521189253282e-08 8.80468392527867e-08 3.07523617371075e-07
0.0300121779553592 0.0282659845426679 0.010123842721805 0.0133581862319261 0.00606653937138617 0.00107496743439697 0.000953465007478371 0.00215791631489992 0.00369859552010894 0.000317237700801343 0.000170622692530742 2.66523710308775e-05 9.97071787596227e-06 9.99908580752162e-06 4.90712300944551e-06 1.84563318272879e-06 1.21683282308105e-06 7.52276711613042e-07 3.48178652509468e-07 1.78597581246276e-07 8.69423388949464e-08 5.21967569833137e-08 5.56870989432134e-08 4.41960990027468e-08 2.90129552493745e-08 2.32794658550084e-08 5.04410851642767e-08 6.57620960908822e-08 4.35237055307347e-07 1.4375512697562e-06 1.08301952106427e-07 1.07030936291608e-07 9.58901317571481e-08 7.40269421428685e-08 5.67819696706273e-08 1.82684020317847e-06 8.35847820921387e-06 2.20496380249902e-06 5.40682946748028e-08 8.66536371879611e-08 1.39877813520872e-07 1.01658805728988e-07 1.18730268328093e-07 6.70862881690937e-08 8.68871686043882e-08
0.0348244611173868 0.023175738286227 0.00351918744854629 0.013276801398024 0.00812737799715251 0.00234990620519966 0.00178788203047588 0.000395318059599958 0.00111853745183907 0.000322720264375675 0.00013755408290308 3.76048406906193e-05 1.51030310462374e-05 6.65886332527066e-06 1.68999385095958e-05 4.46145364527695e-06 7.58021998603642e-07 4.95710069814415e-07 7.90267351646889e-07 2.35204838483494e-07 1.5467022962401e-07 5.9891699377701e-08 5.8231386201868e-08 4.73068005546473e-08 2.39085177544673e-08 1.83790940577744e-08 9.075150371185e-08 3.31138079401327e-08 5.35094401121761e-08 6.65990104509184e-08 7.86792824003513e-08 1.07501164359203e-07 1.03852168864549e-07 8.62225966624663e-08 8.28145784725898e-08 2.92385425169073e-06 4.70344588392457e-06 2.76428363830128e-06 2.71043957287276e-06 1.48357289489809e-05 1.61331092984884e-07 6.98574518800399e-06 2.00689121814257e-06 3.99737173073511e-07 6.02458094867142e-07
0.0578824274241924 0.02195077650249 0.0255774093791842 0.0107169073075056 0.00167426736443304 0.00100738836626988 0.000316206576098921 3.58451078682265e-05 0.000543786995694973 0.000185796004006988 9.97240314973169e-05 2.83069697616156e-05 0.000153846267494373 6.72929327265592e-05 4.03963758799364e-05 0.000185597749077715 1.13538676883573e-06 1.84310173404478e-06 8.48516660312271e-07 4.56176079755011e-07 2.19432207770875e-07 1.33616402819836e-07 5.44426964843581e-08 4.72523616124043e-08 3.87212004460125e-08 2.03519613273251e-08 2.0391969879352e-08 1.49787385528288e-07 5.29317374875493e-07 3.24127688133835e-08 8.41434400267182e-08 2.53031472818854e-07 7.64266367414557e-08 4.54547136496952e-07 6.67562805778399e-07 2.86314948505506e-07 1.50157915912441e-07 1.57647204379607e-07 1.56481894508786e-07 7.46319532085593e-07 8.96709703868126e-07 1.56693915638328e-05 4.20958163926954e-07 5.96601856683865e-07 1.12842199706531e-07
