Scripts_&_data/Maxent_result_files_1/Bombus_zonatus_3.asc
NCOLS 594 
NROWS 330 
XLLCORNER -15 
YLLCORNER 23 
CELLSIZE 0.166666666666667 
NODATA_value -9999 
[rows 140 to 159 of 330, columns 405 to 449 of 594]
0.000265659726574086 0.0029684906010516 0.000265330959518906 0.000281622706825146 0.000262947386363521 0.00153114763088524 0.000845555716659874 0.00122188106470276 0.000514656676386949 0.00191727086203173 0.00032949967571767 0.000173000325230532 0.000123765279568033 0.000147534928328241 0.000170939573945361 0.000145532001988613 0.00011226703045395 0.000151361964526586 0.00012864725831605 4.74087701149983e-05 0.000205099406593945 5.01018950672005e-05 4.2873771963059e-05 3.04646411677822e-05 2.48468062636675e-05 3.87337934171228e-06 7.1769043643144e-06 3.44415425388433e-06 4.09615536227648e-06 3.00423426438101e-06 2.11790685966662e-06 1.02754345618905e-06 1.66671846955069e-06 3.16667592414888e-06 8.23250404664577e-06 1.30931563035119e-05 5.78781167632769e-06 2.88674833655023e-06 1.18819618364796e-05 2.48389735588717e-06 4.3067182446066e-06 1.41011348205211e-05 6.17469517237623e-05 5.22420041306759e-05 0.000110907151611173
0.000186558084169519 0.000213329563848674 0.000293798774509924 0.000263750177691691 0.00122108714422211 0.00264006152865477 0.00192253707209602 0.000274120797985233 0.000176708359504119 0.00144525923533365 0.000194739244034281 0.00109845664992463 0.000663752459513489 0.000140698697578046 0.000111650171311339 0.000109159108433232 0.000108358164288802 0.000103360418506782 0.000224774041998899 0.000154689820192289 3.95191609641188e-05 9.92214001598768e-05 7.75888340285746e-05 5.32849342562258e-05 3.6291454853199e-05 2.42140955379e-05 8.45747367748118e-06 8.3881595855928e-06 2.82032457334935e-06 6.08649656896887e-06 9.95781488200009e-07 1.43466051838459e-06 1.34260180857382e-05 1.04241298913621e-05 6.08957750500849e-06 1.82352205797542e-06 1.85439495226092e-06 1.71937847426307e-06 2.02912140707667e-06 3.94154658351908e-06 5.84110861382214e-05 8.5303441301221e-05 0.000180827530857641 4.36294634710066e-05 2.51377769018291e-05
0.000138908436929341 0.00015830337870284 0.000292670396447647 0.000237763283075765 0.000204208889772417 0.000190271787869278 0.000223335358168697 0.000188416167657124 0.000222064668196253 0.000202395134692779 0.00014367877447512 0.000207423354004277 0.00231496911146678 0.000168699120331439 0.000154562293027993 0.000224460392564652 0.000137929268748849 0.000115691406426777 0.000105708352202782 0.000142134543784778 9.53757311435766e-05 7.19665080396226e-05 7.19457741070073e-05 3.80779421902844e-05 3.65110487109632e-05 2.85949239696492e-05 1.28509554997436e-05 1.92081064653848e-06 2.80143422060064e-06 2.64594574446164e-06 1.79317243578225e-06 2.05395642183248e-06 2.74678840241904e-06 1.97456046862499e-05 1.56660774166539e-06 1.47303051960534e-06 5.96209911236656e-06 1.33086823552731e-06 3.72712264606889e-06 1.01980533599999e-05 0.000126083083523554 0.000176341995393159 9.35180993110407e-05 5.97242165895295e-05 6.46969394438202e-05
0.000178644990592147 0.000145185680230497 0.000257854775554733 0.000150482328172075 0.00015166485318332 0.000137978728525923 0.000161666615895228 0.000312246401153971 0.000166938184702303 0.000318029194750125 0.000187088123857393 0.000224748061737046 0.000283744394255336 0.000210478077860898 0.000153926340499311 0.000144669628934935 0.00017402848789061 0.000116999325837241 9.57989381277002e-05 9.49474329900113e-05 7.82070614150143e-05 6.6386625803716e-05 0.000395509786176262 2.8505245973065e-05 6.48079812890501e-06 9.9300358670007e-06 1.80081705138946e-06 1.38792433688195e-06 4.63743598402289e-06 1.57983508302095e-06 1.26175019943275e-06 2.22154910147765e-06 4.87812043274971e-06 3.21346489045027e-06 3.42181975838685e-06 1.08402300895705e-06 1.21442971590113e-06 3.26378723002563e-05 6.85380993672879e-05 2.76831962310098e-05 6.73162994644372e-05 0.000163799015354016 4.86979477500427e-05 6.35620268440107e-05 2.22228851271211e-05
0.000540276065294165 0.00031161627266556 0.00013931511384726 0.000136543633561814 0.000129946600463882 0.000134392234576808 0.000122444151020318 0.000577784117194824 0.00020895191883028 0.000144283701956738 0.000148731422086712 0.000193063062761212 0.000205605279916199 0.000180870847179904 0.000147303274570731 0.000121993324864889 0.000130350231847842 9.65094568528002e-05 0.000107244050195732 0.000120299083755526 0.000129694304268924 5.50356286112219e-05 5.04864825416007e-05 8.27907902021252e-06 1.21733189644146e-05 7.89211424034875e-06 3.26529354879312e-06 1.15253033072804e-06 5.32400968040747e-06 3.22969392072991e-05 1.3565512972491e-06 1.25588323101056e-06 1.24213133858575e-06 1.81411023163491e-06 1.61425717124075e-05 4.36250549682882e-05 4.06407748414495e-06 3.72009935745155e-05 0.000161233296603314 8.09822595329024e-05 1.99430236762055e-05 2.23014415041689e-05 8.28201296826592e-05 2.33402092362667e-05 1.766710222455e-05
0.000211163802305236 8.58725910802605e-05 0.00040653418545844 0.000280524890695233 0.000131463808793342 0.000626894646848086 0.000202540645477711 0.000120103429253504 0.00032421011783299 0.000522199427359737 0.00014176601471263 0.00014792287547607 0.000151133462713915 0.000148519744470832 0.000127752516345936 0.000142203989889822 0.000134810219060455 0.000106778988083533 9.70785291428911e-05 0.000163010638789274 0.000560012081405148 0.000166434868879151 4.07482262744452e-05 2.38465903748875e-05 1.95581465050054e-05 9.01338521543948e-06 3.64901564466891e-06 1.82689815346748e-06 1.42161864573609e-06 2.39101127021968e-06 1.94816610701309e-06 2.58845810208186e-06 1.1873576141852e-06 1.07825142094953e-06 1.10774689687787e-06 3.0004376526449e-06 5.91730020005343e-06 0.000147640179056907 7.5712302714237e-05 1.39917322940164e-05 0.000138167950717616 1.82592949386162e-05 1.92293314057679e-05 1.42623597866987e-05 2.01366597138986e-05
7.08470852259779e-05 0.000192654754209798 0.000352125734934816 0.000434769423736725 0.000489493667555507 0.000127192335094151 0.000123376294141053 0.000137055290906574 0.000122828454732371 0.000133610858392785 0.000119831017946126 0.000132436118838086 0.000127467691345373 0.000155819902283838 0.000321711874858011 0.000296679007442435 0.000170298977536731 0.000115178383748571 7.8416419455607e-05 7.07393031007086e-05 0.00112841491936706 8.82993790582987e-05 0.000123454580898397 5.65759512028308e-05 1.28340534502058e-05 6.55553290016542e-06 9.12014620553237e-06 2.73854021770603e-06 2.358395391866e-06 3.39138043727871e-06 1.19762912163424e-05 3.20075968147648e-06 1.08326516681245e-06 1.09395540164314e-06 6.66326404541451e-07 1.69800578646573e-06 0.000182869198761182 8.38710708194412e-05 2.89129099655838e-05 0.000100357900373638 9.71777702943655e-05 5.3510914403887e-05 6.24836068709556e-05 1.11497738657818e-05 1.23675120221378e-05
0.000675743249303196 8.33653824884095e-05 0.000342917426314671 0.000375493615865707 0.000445934796880465 0.000317181402351707 0.000517545478942338 0.000402810107334517 0.0001056365608747 0.000105687438190216 0.000398118100565625 0.000492883910919773 0.000144410659413552 0.000727299912250601 0.000808194623095915 0.000304557819617912 0.00016684465444996 0.000121520510037953 7.58664842578582e-05 7.43287921068259e-05 0.000831538328202441 0.000356660285615362 7.54154814785579e-05 3.04821232930408e-05 3.48533167198184e-06 2.41326566197131e-06 1.57761734953965e-05 2.10689944424303e-06 2.73478943881855e-06 1.86410633205014e-06 6.90049523655034e-07 7.00316923030186e-07 1.69200608581832e-06 1.57372196554206e-06 2.66688232386514e-06 2.67297958998824e-05 0.000321379757951945 7.25657415387104e-05 0.00186606283532456 0.756798383407295 9.8463607901067e-05 1.11943225078903e-05 4.02880165893293e-05 2.62639627180761e-05 3.78657112378278e-05
0.000103788762316981 0.000100491717785189 0.000122845517762471 0.000108645906038873 0.000404505713231629 0.000265713476255769 0.000451138342759805 0.000499015630339272 0.000465202367195161 0.000458458958019037 0.000515655060007703 0.000557454263616819 0.000493626548995962 0.000272489291455713 0.000226771293091588 0.000280553354969015 0.00014175246724335 9.62328818786773e-05 7.83191180744325e-05 9.21793720408459e-05 0.000158356783504132 4.10734875913477e-05 4.40402965978137e-05 2.91505220047839e-05 5.42185580343357e-06 1.0146885051654e-05 1.05646718964181e-06 1.84945750447696e-06 1.1201960114704e-05 1.62739126494671e-06 5.87708379953256e-06 1.3709039819787e-06 1.10776063024787e-06 9.13272851903457e-06 1.10608196337125e-05 0.000215037116140593 0.000319843395845965 9.47798984270776e-05 4.68031207674358e-05 5.33553909917828e-05 3.95180192754196e-05 2.26213664518582e-05 4.35289156484941e-05 1.11833236815073e-05 7.23510351235746e-05
7.99022911451175e-05 0.000100807935996272 0.000114102186853415 0.000111859265962266 0.000130597731003945 0.000128456203492533 0.000432642672240036 0.000548797337978613 0.000557656586170196 0.000543442714842968 0.000451021172921173 0.000475296337390319 0.000510523997945711 0.000326210080675082 0.000168908492923947 0.000264935665109078 0.000110817088534532 9.16464243346127e-05 9.1314667770348e-05 0.000103184988620342 8.36441415231093e-05 7.1763907908462e-05 6.08297210419551e-05 0.000419925336609595 0.000141603874362772 1.61527058025968e-05 2.78053846045623e-06 2.9690542987737e-06 1.35047921503428e-05 7.39179404263268e-06 1.22670590485541e-06 1.54823322588982e-06 2.66764609477832e-06 0.000112896623249981 5.2918979054084e-05 0.00101437466219068 0.000112118450488197 5.58081314920855e-05 4.68332101263513e-05 4.39617419942806e-05 3.88361571822315e-05 3.18492644510116e-05 3.46974148669688e-05 4.14681146139628e-05 3.87286279874388e-05
0.000188461278594332 0.000104532112709421 9.85227065029903e-05 0.00045626213614014 0.000109836914271 0.000450381550763268 0.000474111313815229 0.000110424880767823 0.000497823046316626 0.000543064216617495 0.000581782501831185 0.000553420656069647 0.000518181257939432 0.000466295471414924 0.000471391604514793 0.000515226463903673 0.00027713878225768 0.00045513774457504 0.000131229563157831 0.000109260212229856 9.56637130002491e-05 0.000132162318914197 7.11361521098297e-05 7.21342231372546e-05 5.43557112905546e-05 5.85622739890823e-05 1.57951562016478e-06 2.76601773521179e-06 2.17808968727695e-06 7.16948147783114e-07 2.52559151476817e-06 2.79759681234282e-06 4.55105413493584e-05 6.7126219983038e-05 0.000247976451646537 0.000655735077452846 0.000116717675700784 5.803225121781e-05 4.36810898463591e-05 5.29777345946059e-05 3.74607565390761e-05 3.30879219291091e-05 3.87552102438349e-05 3.86952774533711e-05 6.29969426881871e-05
0.000693865296489093 0.000228591302584391 0.000929653624189086 0.000597498592105694 0.000491492420405848 0.00052118248277111 0.0001099008748497 0.000456012084032409 0.000413023657165468 0.000539385793672409 0.000492734523140825 0.000605002167867497 0.00052538045856636 0.000452365705132252 0.000425253296998562 0.000513800527551211 0.000589859893079847 0.000486229919624748 0.000126992522382352 0.000197339755686698 0.000943017081590369 0.00012161195409135 5.82714945267071e-05 0.000411397479183506 6.82777766996878e-05 9.19215923204319e-05 1.56337209318735e-05 4.21451975398668e-06 3.46141812315182e-06 1.57013315060794e-06 3.64387308309233e-06 9.75928051047958e-06 0.000218280048284214 7.5398512854008e-05 0.000268202446022769 0.00407185286749154 0.00023349463554041 0.000110083329491317 4.45360597950639e-05 4.89445028506452e-05 4.68572589852556e-05 3.15999979648041e-05 4.3935316898569e-05 5.56358791072853e-05 5.86797465075506e-05
0.000646017827966716 0.00105017887544818 0.000610835971019696 0.000562390599225182 0.000651840676437132 0.000453223289514426 0.000541407662967686 0.000461679270665627 0.000494350562803447 0.000519772543339059 0.000547943671699613 0.000499693784513511 0.000521644164109603 0.00053892842552159 0.000437615620467113 0.000412800649064593 0.000515110949345399 0.000440702379273716 9.47109636399546e-05 0.000112955457552744 0.000100309610388649 0.000229425333236577 0.000280723928881343 7.21893204172375e-05 5.00768992424128e-05 0.000132781689899275 6.92264900862938e-05 2.21921472984832e-05 4.15638144204422e-06 2.27415561312227e-05 3.63620533789799e-05 0.000110697550917394 0.000197578555525979 6.858074284537e-05 0.000174309432986774 0.000388799354550429 0.000314164374867687 7.72135829720355e-05 4.95400009640434e-05 6.69822544296039e-05 4.77672261695261e-05 5.12499558681156e-05 7.82269509727485e-05 0.00011903638333024 0.000116430053822114
0.000187133510553394 0.00016469642832817 0.000682682766637299 0.0012689719646005 0.00110586655209772 0.000511229468975216 0.000463386641058605 0.000501445186091587 0.000564416051201988 0.000612979313882534 0.000615881186968181 0.000657334682182409 0.000807235506363213 0.000685734589933418 0.000445706410391722 0.000240038494666805 8.88362508703722e-05 8.70924537593964e-05 8.31957181617327e-05 0.000204980667695054 0.000234879934942001 0.000475168327102438 0.000977577464072965 8.95760447747307e-05 0.000241700268816203 8.40214543131879e-05 9.72662837739335e-05 0.000114995627882308 2.2667146367894e-05 0.000420373478846159 0.000232904495351249 1.88236110261641e-05 0.000141175719545572 8.50526857902878e-05 2.34670031659334e-05 0.000230426326015731 0.000110835784653318 5.90187533816788e-05 6.38625930150738e-05 9.96494873106712e-05 5.97228969127173e-05 5.90628118516179e-05 5.89024350119871e-05 0.00013030893424002 6.77350210025907e-05
0.000203758148927591 0.000861321204865817 0.000476918106869562 0.000770010103587992 0.000599447263812181 0.000452084765129257 0.000570545769005548 0.000740192364901304 0.000712377733725589 0.00014537671868311 0.000343776713998523 0.000577205650915857 0.00102096177870408 0.000501919459202327 0.00039346246412606 0.000395151577686192 0.000213654690014664 9.10222202946898e-05 9.45676818446373e-05 0.000405255065561505 0.00043674985790858 0.000445581253734417 0.000422371704917168 6.64141764900705e-05 6.85425772644521e-05 0.000153808862523874 0.000135460542878718 0.00017227975622518 2.46834972131182e-05 1.77986764356319e-05 7.77253968408331e-05 6.73983235174092e-05 0.000204989070334705 0.000112115201045526 0.000138421230076347 0.00027097875426989 0.000104295210621785 0.000106734389191843 0.000127644340682309 0.000144653298775665 0.000120460688776802 9.15869884920539e-05 0.000108732224543928 8.65569025336299e-05 7.93408416939201e-05
0.000851925546885468 0.000849173762253486 0.000885479399585165 0.00093050173309166 0.000749032160092611 0.000168779086743598 0.000603518218849786 0.000587342238577548 0.000587953512149397 0.000609844172140583 0.000711206618871074 0.00062243813299574 0.000486441366228973 0.000473261502338573 0.000374578547780402 0.000362353293166962 0.000389382355933776 0.000114421888429206 0.000280004080559593 0.000108216294756858 8.62691159454698e-05 0.000376081123977201 0.00038872981822351 0.000324771929444978 7.96522904238373e-05 0.000576170127897058 0.000887303709168918 0.000156478170902119 0.000100336623654584 4.49410592409549e-05 6.11639319686219e-05 0.000113237703408231 7.21615781003493e-05 0.000150701242455398 0.000179694786129403 0.000194860537885688 0.000194257318798918 7.34253579139477e-05 0.000347254179359879 0.000135628054340486 0.000132697541994276 0.000115106614975957 0.000115065099453204 0.000158895933782333 0.000116154909119359
0.000772306566068437 0.000775113687268458 0.000814045369043015 0.000722167991625611 0.000670054194051772 0.000621278454491403 0.000588017859263346 0.000131739569042111 0.000608939953963272 0.000448216233053245 0.000314179941051407 0.000123142048505542 0.000450169984833337 0.000635180786775891 0.000366075187776005 0.000881699667661451 0.000433534701005556 0.000452802979270928 0.000384991472674301 9.4883079691499e-05 0.000407116903807037 0.000342740511405282 0.000394802302616881 0.000417444088088814 0.000297587045861292 0.000325205297122011 0.000323890692379791 0.000200732134180726 0.000468987112253672 0.00091959850396961 0.000440358868945623 0.000106260352185927 0.000268642466835445 0.000187220478983363 0.00019295047459309 0.00031206791754812 0.00036991584347561 0.000303875854297075 0.000351771466375794 0.000298970348376315 0.000208311298774788 0.000254667612898629 0.000248165048833471 0.000185107169818366 0.000267289174371399
0.000737591166398488 0.000718713371315971 0.000575873313937336 0.000505645676457789 0.000507897212810349 0.000554728940187488 0.00051411966123851 0.000500475174339954 0.000403680431190878 0.000402078023762442 0.000338990628370084 0.000394159004645189 0.000480311126739252 0.000630514037038665 0.000883465836523101 0.0799041451886296 0.00130237543489784 0.000473119455273263 0.000428791343438206 0.000447572091070469 0.000429775190423243 0.000390311595401727 0.000364186184015125 8.57884516335616e-05 0.000308173533267109 0.000534347546636127 0.000127985605649883 0.000909830005548429 0.000432346792513272 0.00125349789450411 8.565369007556e-05 0.000274086235731374 0.000274466689734254 0.000198718848332646 0.000230481032485841 0.000221411357051693 0.000403604326129425 0.000364150792302098 0.000536255640326999 0.00022794058022555 0.000185961009992752 0.000312453429796733 0.000355243215744849 0.000347749693901278 0.00030523936584359
0.000757856111158617 0.000620000777416863 0.000725299961050041 0.000618781038792804 0.000737690026289783 0.000609621054900344 0.000761478691129014 0.000757376794354059 0.000364264315430773 0.000376287194376346 0.000408847833750769 0.000435599326738156 0.000431637260771822 0.000697785126976669 0.000614073859469499 0.00140593746327795 0.000673929529148154 0.000678517064079642 0.000568023683445062 0.000475805292080622 0.000397517874080222 0.000350819634331856 0.000375295789854135 0.000383063108165516 0.000332510194130009 0.00037821858713869 0.000275358214275911 0.000319488210152485 0.000259668253784184 0.000359269954788033 7.88818600995001e-05 8.42759721308539e-05 0.000267592049931409 0.000276830192888156 0.000346000712306704 0.000314931276807329 0.0003731846329174 0.000522784775239416 0.000314183684531599 0.000262786433449946 0.000252643172279932 0.000181345875171246 0.000190713300253265 0.000225797118764604 0.000171551720995922
0.00156279532238841 0.000941067602252588 0.00138757062959485 0.00072933679621201 0.000726094230776653 0.00065029761462938 0.000505837754462846 0.000311493668414187 0.000250398840580601 0.00027350006494089 0.000212532484147232 0.000736521813087165 0.000515430605446454 0.00038166917511262 0.000459311953454744 0.000491763463651296 0.000782757895649411 0.000861270414316095 0.00157588004367426 0.00122155931312591 0.000402550604485441 0.000464058246870991 0.000527109099493828 0.000509886590589304 0.000425733088195557 0.000504908502625767 0.000326359016617062 0.000362246326403692 0.000355095930717653 0.000662816051044501 0.000620668345072772 0.00037123341098777 7.80469080382318e-05 0.000317102516419254 0.000262560859118821 0.000634920442826115 0.000840491923736408 0.000152823494136101 0.000124102349582245 0.000246388078812743 0.000217296760092722 0.000180382617691066 0.000209554257162381 0.000121506811410654 0.000247224353370257
