Scripts_&_data/Maxent_result_files_1/Bombus_jonellus_2.asc
NCOLS 594 
NROWS 330 
XLLCORNER -15 
YLLCORNER 23 
CELLSIZE 0.166666666666667 
NODATA_value -9999 
[rows 180 to 199 of 330, columns 322 to 367 of 594]
0.0079223292414099 0.00587236485444009 0.00804014159366489 0.00738150966353715 0.00749256052076817 0.00575508805923164 0.00555070303380489 0.0118639726191759 0.0276053350418806 0.00679384963586926 0.0123497553169727 0.0117887441068888 0.0124811205081642 0.00534531469456851 0.0121445397846401 0.00499346321448684 0.00477953823283315 0.00592163167893887 0.00969361239112914 0.00699396356940269 0.00890043741092086 0.00527983466163278 0.00769768536556512 0.00169146748958156 0.00771551602520049 0.00345104511361569 0.00300120146712288 0.00296426009153947 0.00347325871698558 0.00135398395359516 0.00143177364952862 0.000883415195858106 0.00138637424679473 0.00126498480094597 0.00103616940323263 0.000876439991407096 0.000732488761423156 0.000647742024739273 0.000630514163640328 0.00122215282171965 0.00106286777881905 0.000452843715902418 0.000413274284801446 0.000459278911876027 8.99451497066828e-05 0.000117821657894568
0.00627697841264307 0.006102489028126 0.0062177827116102 0.0106117129325867 0.00594017985276878 0.00587914176285267 0.00593175017274916 0.0367753334343433 0.015893828868866 0.0755859114229679 0.0150523278862238 0.00566820786334574 0.00540379858575761 0.0113647880963981 0.0104286359623075 0.00476771998219192 0.00450265046674758 0.00452478274237364 0.00450135618448257 0.0101716567762196 0.0117982743307948 0.00437252421397716 0.00275383077096194 0.00317554941866547 0.00317298517329618 0.00338702419539914 0.00598058615578338 0.00401701028458774 0.0014180091326125 0.00317794322036207 0.0030960948439315 0.00122144708875567 0.000793861725833267 0.000784753001062199 0.000980960158631206 0.000880099306232296 0.000710326360422187 0.0011716858483851 0.000374580675270408 0.00118701820611022 0.00116522589814849 0.000422509029158391 0.000418024785176385 0.000407735886983573 0.000381884403759614 0.00031662696856074
0.00593619463033974 0.0115164889954031 0.00588389611802995 0.00569823631085455 0.0058211914729327 0.00572886802256107 0.00565867889672518 0.00574066597037017 0.00987270344048738 0.00820936616510153 0.0056118265260011 0.00695749255828559 0.0278121458366513 0.0145258136093616 0.0178438713774085 0.0140648067928851 0.00152281438205257 0.00552335297688842 0.0111530611291528 0.011838663648814 0.0550343491137028 0.0216891335323453 0.00338999365922064 0.00301961841760203 0.00350922762881964 0.00280907932901755 0.00468053475487977 0.00390060369390994 0.00366877547930926 0.00337514609564096 0.00194939763750881 0.000886517955223098 0.000799299567006528 0.000795884022954851 0.000948969717137516 0.000790433754445985 0.000654261317686178 0.000603099577710964 0.000559774850262329 0.000519081875972915 0.000481681765813846 0.000435439664579462 0.000423773482907563 0.000419988761132117 0.00040170535503421 0.000378271476074588
0.00613057916052639 0.00571811050176621 0.00577476713806391 0.00585241816006601 0.00597873805090785 0.00586473005823791 0.00826844461262226 0.00587089350447059 0.0580678906291723 0.0242448767647147 0.0141958554275334 0.00511602032929659 0.0113303419202566 0.00494619435630739 0.00478178076446056 0.0125962157733738 0.00473409206606448 0.00463708033785224 0.00445264610461891 0.00608711992390454 0.00968883959576488 0.0144868369214237 0.00843865126371384 0.00508792847394943 0.00535178082063794 0.00263908558990806 0.00238772113807499 0.00332751250825822 0.00281556191621348 0.00123891814728267 0.000966576393693686 0.00112759587937035 0.000752404215745628 0.00123778214910999 0.00104724052362144 0.000737038557417691 0.000610605257679708 0.000555725512094796 0.000531128080911003 0.000504103260755073 0.000459563656477258 0.00043837890116265 0.000429809099296108 0.000427039169881027 0.000400108253234066 0.000398223154479638
0.0135069836862385 0.180209904909134 -9999 0.044738382473588 0.0157845851033926 0.137278264015913 0.320571884512901 0.043396232649684 0.0116959103383124 0.00896714220289141 0.0166926763020456 0.0141610028222203 0.0113923112861812 0.00512408693321049 0.0143056721426547 0.0114342663437128 0.00469694663770497 0.00466263149864972 0.00935255438089371 0.00425881068222225 0.00405437292065471 0.00645305812358856 0.00491789104416966 0.00745609430596232 0.00300221114885062 0.00278180361492559 0.00251833689399064 0.00210264509078115 0.00312516981502995 0.00125008798786439 0.000846498575992882 0.00138311656774022 0.00128779543447308 0.00118958608945832 0.00100665032514371 0.000690996515913866 0.000588176504243165 0.000518507193191908 0.000488048706029076 0.000477965708705597 0.00212509230477735 0.000441230458091013 0.000428571573866066 0.000419476586102974 0.000408894139400218 0.000348949599720072
-9999 -9999 -9999 -9999 0.0879001580178738 0.0162770974449813 0.0874258108437061 0.00576592246070504 0.00607152390293777 0.00610705967992544 0.00587011300958693 0.00566422203555703 0.0108184495009482 0.00689140493050218 0.00883609298616648 0.00864924513734877 0.00812871162779629 0.0049711428117007 0.00492921993136406 0.00587723101489246 0.00432155912276357 0.00421256313566118 0.0126258227042854 0.00739277889952064 0.00375817117746919 0.0038854360813275 0.00281588666839525 0.00381864786613733 0.00310063364449888 0.00297163610812277 0.00093716059345752 0.00137408210430294 0.001302586926613 0.00114457083982416 0.00084543832927011 0.000478014326654375 0.000572275376180187 0.000457146551343612 0.000540132328751497 0.00240461976500228 0.000501630455255508 0.000343508234072942 0.000427506999403704 0.000415385540691204 0.000527030933881178 0.000421643561276142
-9999 0.0230898141860962 0.00803955746814609 0.00572661119513214 0.00566691081039608 0.005619952455163 0.00597346709109843 0.00614802627824247 0.00619014552794397 0.0167621714062989 0.00615143650211394 0.00609555128030479 0.0134257148019969 0.00580434366129339 0.00910106487572193 0.0159756815060973 0.0104534870013595 0.0108887057751417 0.00501548619940877 0.00505890138447285 0.0127947614528239 0.00435061827301979 0.00897807511501014 0.00608812090940773 0.00712014967575669 0.00319105791859329 0.00291483737528324 0.00301874384749681 0.00447408009786159 0.00099697278928943 0.000971472123637795 0.00135183263919316 0.000706454605096951 0.00117676902445965 0.000869528111070394 0.000688132521463558 0.000564238103106618 0.000368230164167471 0.000371165115211625 0.00230326394084841 0.0022342199110426 0.00206580269150436 0.000424662315344904 0.00214745126431808 0.00155316994641908 0.000347003605565988
0.0152937163598835 0.00638294722884893 0.00325161828659475 0.00974543057382107 0.0061742995865643 0.00621297094039619 0.00591301149688661 0.0063830345403403 0.00640522362664342 0.00641039647161961 0.0109192102216184 0.00637301090173423 0.00623622303828597 0.0060574484989047 0.00598048623651266 0.00542393890209496 0.00507067572325468 0.011795648932457 0.0308666745200753 0.00496944384649396 0.00482781198807061 0.0045284257736057 0.00418371169362217 0.00849689734168351 0.00802408126182854 0.00413411336485296 0.00314087906153873 0.00285560986958444 0.00364488845225424 0.00413961380254477 0.00353620056994259 0.00099507161648944 0.00077951037674211 0.000714168249396607 0.000866485870210454 0.000689948647050187 0.000424572132760659 0.00039731420984026 0.000442596132052131 0.000680160691263154 0.00219696419080719 0.00212791403755546 0.0016684693749994 0.00225653335219249 0.00234427447430789 0.000743867096025497
0.0165346923284233 0.0146351402625442 0.0140061676502228 0.00591962016187608 0.00581947835162282 0.020121219009161 0.00586167881265283 0.00610408638603985 0.00631469199433923 0.00642010360024869 0.00644052675925195 0.0154351733624935 0.00632630297914147 0.0063453353010118 0.00624053785577416 0.00569904935546219 0.00746183888986707 0.0135736827738583 0.0160259314114228 0.0209171081893146 0.00327264139532182 0.00343778733185608 0.00788611606112681 0.00275315027091599 0.00475464968476444 0.00399574551265687 0.00354040258098394 0.00264760788995773 0.00347085199318826 0.00354829614516348 0.00379521958529949 0.000902137829689309 0.00122202644124627 0.00106506875599734 0.000878808143897913 0.000687321901204996 0.000583073424058966 0.000334677862701938 0.00193945778300986 0.00169592173187993 0.00250556197715923 0.002293825824745 0.00232045602751896 0.00233061338076368 0.00212885474320501 0.00207697007572278
0.00612411522306502 0.00642116102389991 0.0064992914441973 0.00620419359765947 0.0141435222700238 0.00586277833208442 0.00547434100881219 0.00584443379193544 0.00544258523732424 0.0070394336245954 0.00627509220503271 0.00647148401476443 0.00642691645771265 0.0062169898301363 0.00595545568503439 0.00585089195519686 0.0134890355169773 0.0362418653443456 0.0052321145310998 0.00488598044030368 0.00468352134339511 0.009823237080127 0.000526431075705813 0.000166710726827668 0.000937388831991381 0.00299116973765194 0.00239400912541896 0.00420540240593255 0.00393824575003237 0.00221588612766936 0.00297575067961588 0.00235133857931942 0.00216909450246021 0.000853098416700959 0.000787684769602492 0.000566091353539377 0.000592457363381982 0.000348748125543352 0.000357804997474886 0.00207250098465011 0.00304673220962286 0.00257316860370338 0.00232850165339187 0.00303381088888273 0.00226965167094022 0.00203353037359193
0.00901298024691641 0.0142212960869074 0.00630434988997877 0.00628359830006957 0.0242066897451878 0.0059218215290457 0.00600404082797468 0.00578312217257917 0.00569061446003616 0.00848848526366055 0.00592076908797026 0.00610039546154439 0.0063126077875495 0.0063333107624203 0.00639068381860852 0.00625295392237604 0.00563629386015236 0.00528593147173524 0.0048960707616061 0.00529285967350006 0.00506730549968779 0.00445649463217705 0.00676311333663762 0.00562251515220851 0.00274118254892528 0.00542218436021358 0.00275450918124989 0.00328627558192238 0.00101093838457018 0.00311008333228528 0.00140095351962373 0.00120030117104761 0.00210251719690859 0.0115935208275914 0.000887392545701005 0.000719953342922963 0.000602037893258967 0.000500833218393382 0.000355465081520379 0.00163451700937003 0.00238008792512119 0.00184910423122346 0.00200276966206729 0.00214096312411129 0.00188433279981837 0.00188119813101366
0.0303028717637062 0.0501570541411638 0.00821138373576105 0.00582033153623343 0.00597376227378845 0.00592710473574698 0.00971631230786443 0.00559804975055158 0.00572090144269168 0.00582568175159395 0.0131845273077488 0.00589446639642119 0.00592383933253586 0.00572570753283799 0.00557007729075849 0.00523305921815336 0.00509455362334847 0.00532140075229108 0.00558569002896547 0.00582281118258834 0.00560366096906364 0.0046348184812814 0.0100480030290782 0.00781838423572481 0.0071343048941344 0.00412953796330839 0.00769694030750543 0.0050412061449606 0.00214602438500151 0.000855250662425533 0.000781164882937446 0.0011965143319685 0.000728388031711802 0.000671038706786931 0.000610186421545222 0.000812349532498047 0.000620953753241338 0.000509737785614561 0.000382852433540393 0.000623876618919894 0.00172220311360434 0.00164237275021151 0.00188465190585703 0.00184355239616707 0.000915300523047335 0.000250620426959358
0.00990367978811264 0.0110131752677262 0.0169171810150146 0.00625000526197255 0.00319289432372898 0.00471504563465714 0.00589705849997699 0.00553429271094501 0.0364220252260566 0.00573591203428805 0.00567220482043922 0.00324077280238271 0.0116766047663987 0.00579362260177732 0.00862819496542215 0.00505453664809465 0.00818375200033188 0.00844060117378831 0.00526040126569569 0.00580718121491373 0.0059079039376229 0.00493632415309548 0.00698244329541922 0.00392072484828532 0.00400670885574073 0.00730981230735779 0.00335145117715001 0.00270941220223904 0.00301483283983543 0.00172740925336257 0.00171628610696644 0.000860367610584944 0.000615108202327974 0.00207511499756947 0.000908391375560313 0.000869793689344078 0.000742390015511774 0.000568489151191898 0.000399206412839703 0.00175573569722474 0.00179957152577117 0.00190216561313719 0.00175010557286441 0.00159947377978824 0.0016352312057279 0.00149057992966846
0.0155066733248532 0.0146887373179197 0.0175066970288754 0.00628422726877034 0.00604844819754362 0.0105308182537556 0.0060499940533191 0.00585391065105796 0.00576044442132115 0.00558924092911184 0.00575289288535714 0.00582108749076724 0.00546955885365605 0.00532316649332643 0.00511651961132884 0.00486082723364234 0.00482141990214586 0.00774372555315495 0.0187863036990166 0.00492269205860794 0.00539977462030947 0.0054307593498379 0.00502333752810955 0.00466082105413079 0.00467577083036304 0.0155151173472404 0.00572798075154424 0.00229476776439697 0.00468210689723492 0.00413536403793842 0.00195260985055938 0.00277262057643384 0.000721901044016704 0.00138295616488904 0.00190503164194524 0.000554752704920247 0.000553862703964114 0.000653846902423538 0.000455691298702732 0.00197086980333552 0.00182790572289377 0.00182167832972482 0.0016996519989334 0.00162788122543134 0.000230594997265143 0.000317112931952579
0.00639110039919615 0.0514371119439602 0.00628119511529803 0.00621323944069445 0.00634334487840533 0.00638415305875242 0.00627149301581085 0.00615373705513775 0.00599116301164031 0.0060015662573278 0.00578182633034885 0.00578935137018561 0.00551820518448949 0.00552127282135189 0.00508002480491996 0.0135761105455458 0.00513900090008974 0.00502334968186915 0.00863427166556221 0.00497237583622336 0.0052529797423631 0.00534605155698955 0.00554429832845926 0.00533883525058627 0.00482006925158203 0.00928366389125585 0.00957705080509186 0.00705838273279369 0.00483333945740014 0.00312682616058737 0.00174221901688725 0.00170034918701276 0.00200064934324473 0.000976833346066997 0.000984210916794837 0.00430487680714577 0.000727498170454055 0.000533295446075499 0.000418319791788235 0.000319564738310874 0.00034785128373187 0.000524545647203922 0.00146028663148172 0.000942010409198701 0.00037788556801388 0.000525985565036535
0.00713990130461752 0.00634184954687953 0.0064055610448122 0.00629358687438071 0.0253745689988136 0.00668554832227528 0.00667458036914468 0.00659678103402257 0.00641573024913669 0.00876941275782883 0.0142965131439269 0.0251858001574874 0.0321409052237868 0.00519634627271444 0.0118030923418701 0.0134940248914063 0.0057078514713794 0.00821676566265523 0.0204660078510642 0.00592057732865214 0.00650583924725652 0.00701290648430586 0.00676314043812454 0.00653597777709365 0.0125598865561187 0.0176901584491134 0.00453551253303885 0.00507790064439177 0.00337440040893853 0.00333588337525725 0.00373497831169516 0.00279390497598797 0.00175559582421556 0.00175655776401982 0.0011365000740625 0.00151744292234071 0.00132022916222923 0.000563059240812436 0.000464786698285025 0.000384991701866966 0.000950231327442452 0.000358333652548026 0.000332258974958677 0.000326530764868949 0.000313718931283802 0.000601344532333314
0.00665987385436892 0.00686899521388114 0.00688239703886211 0.0165910262614489 0.00685915434733033 0.023521626368165 0.0273499246686697 0.0123881583102047 0.00643458901904523 0.00625566025264561 0.00608184211887419 0.00599519163370132 0.00572979683056474 0.00665878807194531 0.0134951641783118 0.00596261690370739 0.00597769925370812 0.0165745822712779 0.0073744217865169 0.00855455151759088 0.0083309284877032 0.0077589925378561 0.0073453432880342 0.00686389259062707 0.00508754579350352 0.0174552584066987 0.00560040543787181 0.00507270186208189 0.00450479981955141 0.0037514815106988 0.00354185407049954 0.00268243257887661 0.00419916992541403 0.0030501737492159 0.00152747232932597 0.00174473649822176 0.0011571264709346 0.000570017760037445 0.000451184608391486 0.000390412328124512 0.000363285065395758 0.000357495382195339 0.000351362299988978 0.00025745185703272 0.000294564507203177 0.000223492641816847
0.00852410732768476 0.292718030512333 0.0899087697267532 0.00989096220582724 0.00697055491618812 0.0031131932977587 0.00646791332401335 0.00760178659111261 0.00278773065656424 0.00390202808193862 0.00323601821437478 0.00948440544307232 0.00655661076307297 0.0063332075253129 0.0274342911317945 0.0140465142205358 0.0135456079617143 0.0156948213465512 0.011775120627135 0.0167378958314657 0.049326391890645 0.00801423946395516 0.00798713606782258 0.00703948880545795 0.0131676664575934 0.00881814444437623 0.00601973365992308 0.00517187560908496 0.00804318278096616 0.00828529321588576 0.00632215817458928 0.00290247825905681 0.00322836025152355 0.00173739052843302 0.00163458380848169 0.00225859639467672 0.00203055066522211 0.00160580546362326 0.000556337638408877 0.000424857190228067 0.000295063035446219 0.000906836873036809 0.000347587320720777 0.000800525769591331 0.000478915101848543 0.000386931108369026
0.00470908349379897 0.00964700095355511 0.0102688155137002 0.007742281537503 0.00317796354647726 0.0054401415400207 0.0117501969914883 0.0193950691260397 0.0460907517001033 0.0129772683605552 0.00649089491926134 0.0158020385541022 0.0171499847434461 0.00718353246338665 0.0310389388352633 0.0205194305628538 0.0173175796866417 0.00810003085061908 0.00565547412261367 0.0124878485687077 0.00980482697486878 0.00955243483185768 0.00890149739570916 0.00837895073927939 0.0182662062346935 0.0181834480725229 0.0171990171074867 0.0133256793953478 0.00476059396751225 0.00398903463501483 0.00677898968569934 0.00505758016370237 0.003476671455428 0.00169787178747356 0.00209492116700858 0.00337171354331076 0.00194270935608074 0.00139843522920273 0.00203639084938914 0.00125531317899004 0.000907693617045879 0.000473277375567704 0.00086403253080789 0.000605143766733818 0.000228364465147024 0.000693827067152597
0.00193223443347961 0.00179529516026378 0.00236747447634116 0.00243900310015306 0.00169182658428326 0.00165148599771783 0.00349041968584061 0.0104760087560862 0.0180071987211704 0.00730349272489548 0.0200125759467483 0.00708032283000648 0.0278114529326558 0.0223419468849897 0.0164466446265578 0.019373719021678 0.0135653539560735 0.0213249875232577 0.0571464866399765 0.0248791953548789 0.00336288290563971 0.010041428077966 0.00843777297995985 0.00823333850130439 0.00615436816588044 0.0079106455668807 0.0181275537237525 0.00954153882339597 0.0140881158411503 0.0038041926920414 0.00866113682277501 0.00824769963510335 0.0130835808813572 0.0094373123254627 0.00233958614990115 0.0028322120429948 0.0022297837305814 0.00452626869082451 0.00189637289149687 0.00116708112764172 0.000298188636952546 0.000397157709812745 0.000202658426132984 0.000306704752438236 0.00029332213307498 0.000391181536542717
