Scripts_&_data/Maxent_result_files_1/Bombus_lucorum_3.asc
NCOLS 594 
NROWS 330 
XLLCORNER -15 
YLLCORNER 23 
CELLSIZE 0.166666666666667 
NODATA_value -9999 
[rows 120 to 139 of 330, columns 540 to 584 of 594]
3.18801873788743e-11 2.34801733611789e-08 8.48271564102276e-11 3.64850472056588e-10 1.50885570704418e-10 6.38679109599138e-12 1.61468634019002e-08 5.3684215828298e-08 3.86313434574959e-09 3.57623575197863e-10 6.46106501633881e-12 1.96075302660859e-09 2.23916729602536e-10 2.5850414431261e-08 9.57464441064815e-11 1.60135948945594e-09 1.24080296814988e-08 1.41502931594317e-08 2.4445932638173e-07 9.23651214179699e-08 1.36155827590301e-07 4.06073439762622e-08 1.32343557002201e-08 5.51729882891649e-09 1.99286711022317e-08 1.98360217140703e-12 1.74618319803699e-11 5.80417935935884e-12 2.78609146864284e-10 3.50336281762509e-08 2.24442231466782e-10 1.50864500891856e-09 7.22520708151819e-08 2.74813505285465e-12 1.46812118018147e-11 7.80886714180085e-09 2.1196988608807e-11 2.52783238785526e-11 9.29272214733601e-12 1.28524035858391e-10 4.20682569890474e-09 1.27988618814356e-08 4.12062508559075e-09 2.14168874634879e-08 6.80413503317823e-12
5.22652717771521e-09 1.92427044298782e-09 2.34960240153015e-10 8.33054181192949e-11 1.19577230006662e-08 3.26642509662634e-07 9.10590401304034e-08 2.4242995166901e-08 7.25171870219476e-08 2.23846541302919e-10 7.29243332386886e-12 4.91696683369014e-12 6.20917761651185e-12 1.66301655113443e-08 2.44078528055525e-08 1.86396991175286e-09 4.51169102078097e-12 3.52576521311931e-09 2.20372862713702e-07 1.02364182907877e-07 7.93066288196087e-09 3.77167039822268e-09 5.81535211097162e-09 6.43720732274034e-10 1.23170362797964e-12 1.94327798297422e-10 2.84360313074217e-10 9.97872762198426e-10 4.68679539622485e-12 1.03909151061288e-08 4.19697234743666e-09 8.5624881074331e-09 4.88804813292276e-09 2.493871775755e-12 8.1631057469167e-11 5.92781201902426e-10 3.64807006825174e-10 1.8636976406583e-10 5.93897553358147e-10 2.94173574388878e-12 9.25828813613805e-10 5.38196054389317e-10 9.80553471752188e-10 7.22357929028306e-10 8.26059520786515e-08
8.28089263826826e-11 2.17096829402408e-10 9.12636632932617e-13 3.04316349897249e-11 3.6232172817563e-11 2.37968571070724e-07 1.38591147447187e-07 6.14367634543811e-10 1.53618241682807e-08 1.17267250132613e-08 5.48041168002555e-11 2.12084794171119e-12 1.86436588389682e-10 2.45499434115004e-09 2.66534704307375e-09 7.60665641585945e-11 4.0603742590406e-12 1.35822464386592e-12 1.13192654138672e-09 1.85567853527857e-08 1.39298835799551e-09 1.43060085999736e-10 3.42554429266784e-11 2.77694639505555e-09 7.68542351980983e-10 2.25326596270392e-09 1.77913531729246e-07 2.53063070498882e-10 5.97521365719445e-11 2.62609662904367e-09 1.7778991390216e-09 5.36386179916803e-09 1.93596894071391e-10 5.10058661973289e-13 1.17783870434707e-09 1.55780991439869e-09 1.49995735831965e-09 1.20529142222381e-12 1.80992320020223e-09 1.12623847137172e-08 1.29649823321643e-08 2.90424145532597e-07 6.17087223986346e-08 1.09296502959211e-09 2.57604924058796e-08
1.85131546004413e-07 2.2203771821161e-09 8.473157597777e-09 3.26575306131005e-08 6.74145961276906e-11 1.35890165786634e-10 3.24862015066429e-10 2.68321220797674e-10 2.59902901422748e-09 1.42564982041904e-10 1.05838144914827e-09 2.10988337911999e-11 4.34319247233361e-14 2.593937842299e-10 4.77439898727283e-10 8.20629120212857e-12 3.47529116595524e-11 2.98100433226978e-12 3.11248804507613e-12 6.54382938947151e-09 2.08877606766578e-08 2.69364301974662e-09 2.48507880939997e-12 9.38360500413182e-13 1.1881888628551e-08 1.07170199381557e-09 1.96195378832087e-09 3.51294993095053e-11 1.24427623759971e-10 1.07613917776916e-12 1.01485486680986e-12 1.82557302608188e-12 3.65166785698534e-12 9.54374379524836e-10 4.43015342188602e-09 1.08278091381919e-08 3.84909899620034e-08 6.54150833501177e-10 5.06467249437037e-06 5.9407537000844e-09 4.80112078093953e-07 4.19509433413623e-08 8.67211426225367e-08 2.50119093436751e-08 2.83055064942417e-09
2.23639329277603e-08 2.13219238931472e-09 2.80813150510539e-12 3.21886961529572e-13 1.06570308133769e-13 7.79610753731674e-10 1.13198339590781e-13 4.448663659673e-14 2.42865991095798e-08 9.86655201984377e-14 2.99993363483964e-12 5.01552133158612e-12 1.10156328503308e-13 5.84265968939235e-13 6.33604280153577e-14 4.09006162271908e-14 1.9764190284377e-13 1.63340252434807e-10 4.17932355389894e-13 2.28655983036674e-12 3.24240634341777e-13 1.78739800738015e-11 6.86262335847232e-10 1.45359544845292e-08 8.82023343251603e-12 8.86971607272358e-12 5.00183228169249e-12 2.45814479882256e-13 3.600120201952e-12 2.62487809266077e-12 9.17742548622868e-12 2.60515351513391e-09 2.09495032432727e-09 3.15947012996531e-09 1.01665231788672e-11 4.43367564884056e-13 6.73730293776487e-11 5.65358675430616e-08 4.35495522310703e-08 1.06578789349498e-08 1.31644647183293e-08 5.1957007940473e-08 1.19289226607755e-08 1.17399158394704e-08 8.95920937438177e-10
2.87059314985072e-08 4.14328034992195e-08 7.02679862740752e-08 2.4882655380587e-09 7.49895296081604e-08 1.40792163705328e-08 2.69683286813205e-10 3.14870018947033e-11 3.79517284265773e-10 8.35337465865393e-10 9.16910991577424e-13 1.54756762960062e-09 3.99067322520708e-09 7.12085945764329e-12 2.05768668770645e-10 2.43051945290063e-05 4.91493917564867e-07 3.14405723678135e-11 3.06377145875558e-13 1.37389211118943e-11 9.15459263950424e-11 4.41173320098187e-11 3.51352280603123e-13 3.61176644148031e-12 2.89324120217316e-13 2.90101276334553e-13 1.32061028779162e-13 1.66533453693773e-14 1.60871316268185e-13 3.04464231604129e-12 1.16330278743249e-12 1.63096023353404e-09 5.48545153744584e-10 2.39719355477064e-13 1.15262022148954e-11 9.26931165157185e-10 2.93324353606295e-07 3.6040312068053e-08 8.4877938011374e-11 4.63968815589411e-09 3.0844451615053e-08 4.9229790732852e-08 2.72727159966735e-08 2.76636626495019e-08 2.85191692483977e-09
5.05408422668552e-08 1.69278150385921e-09 6.84051329358226e-08 1.33854252126753e-08 7.52328418229808e-08 3.99568975240072e-08 8.36921838498483e-09 1.22378203570861e-08 2.11940545113976e-09 4.50028458942597e-11 5.77107011068279e-09 3.22497770710584e-09 1.59565693991226e-12 4.32786650961248e-10 1.66191505002189e-12 6.63473276318882e-11 0.00060652638621832 1.47430370134316e-09 3.16408206302299e-09 0.0135207561252173 1.06897466878308e-08 9.23644366546128e-09 3.43836070726411e-14 1.18948700889021e-09 0.000177523969523463 6.27850954515452e-06 1.898518249277e-07 5.22844733064076e-09 1.88626891883814e-14 1.98274729967807e-13 4.08254541284236e-11 2.78039913315098e-10 1.82750481414473e-12 1.3962164757686e-12 3.04137237616686e-10 1.83966999856011e-08 1.83604125680858e-08 3.59002108041295e-09 3.21307204842469e-08 8.00986697413464e-08 3.47346890805511e-08 9.66587982986766e-09 1.26994004201464e-10 4.97312157676788e-08 1.3249686858785e-08
1.48875127337078e-08 4.98919621172433e-09 1.77772485621119e-10 6.16854634039043e-10 2.75988010223216e-10 3.44809625296705e-11 3.25712876669826e-09 1.06760822404794e-11 3.75934646967835e-08 1.25374953086066e-08 1.67670972217593e-08 2.49733218993242e-08 7.90732421762641e-09 2.64148369844008e-11 1.63237201533661e-12 6.78982425839081e-12 2.43608822003694e-09 5.90552717838477e-11 2.9826776355435e-07 5.18570189456113e-08 5.61205082405536e-11 4.77183306202278e-09 6.949929520772e-12 1.98437932752427e-12 1.23602572621451e-11 4.64372984509964e-13 1.51291178474011e-09 3.74186974738677e-08 2.13717932240343e-14 3.2218672174622e-14 6.58178778145668e-10 3.55604434787438e-14 1.56556989594492e-12 5.17736964411597e-12 3.28194116328007e-10 6.21808937673052e-11 9.77115055533773e-12 2.17262260404638e-09 6.40129171891601e-10 5.43665112928693e-13 1.65674313157282e-09 1.16952003637039e-12 6.4224403573121e-12 1.58047075426992e-10 6.02155060258625e-09
9.16782560977936e-10 3.39738801535816e-09 3.42810753117817e-09 7.2111660642804e-09 1.90086140605672e-08 2.86606123722777e-08 6.4289462642364e-12 1.14660254624255e-08 8.2812281476663e-09 3.00302374967032e-08 2.11579936149064e-07 1.52067450187587e-08 4.01365287672206e-09 5.03992581002422e-09 1.09008606585803e-08 1.56459812217236e-08 2.36243351992016e-08 1.45403490359186e-09 1.84681281378829e-10 2.05335521030747e-08 7.8517881973994e-09 1.55594315209839e-11 2.21570573000207e-10 1.67210689738795e-13 9.76552172460288e-14 1.52976964429286e-11 2.62703548514764e-07 9.4208656875594e-09 1.5754064719431e-14 3.44264616813916e-12 5.41016120791937e-12 1.72403424869572e-11 2.52629528407766e-10 2.23820961764432e-14 8.9508385148207e-10 1.37689859514012e-13 7.21478544685183e-09 1.61949120780491e-11 1.77036163506727e-13 6.10899109076968e-12 2.07628358950274e-12 2.6132211172758e-09 7.25261850575976e-11 9.67057767198298e-11 3.29820393218938e-11
1.4399253345232e-09 2.27715570844111e-09 4.6866372116483e-09 2.34010649080574e-08 7.82969834745018e-08 1.21902113292549e-08 1.71038039287197e-09 3.41104353651644e-08 8.65705203523248e-08 1.27577367692311e-07 1.03408888207923e-07 4.79975689415824e-08 1.66308700144668e-10 8.59041442424768e-09 5.76930614393234e-11 3.13756208925042e-07 8.70965433108495e-09 2.52740068873436e-09 1.59191095860933e-08 2.44126396875544e-10 7.90331355915441e-09 3.38988987991229e-09 4.12702427787792e-11 4.61571900700619e-09 5.85935278074601e-10 1.61702489176463e-09 2.48847831230137e-10 1.4498655517281e-07 1.95613139020168e-09 0.00109354939777404 0.0143068013203447 0.00107241510086169 1.38575101615857e-08 3.76792708145501e-11 2.85666268418083e-11 8.48765502325932e-14 4.77728967496205e-14 5.3378190756348e-12 7.12763181809351e-15 2.37587727269783e-14 2.91106139194142e-11 1.85634663196765e-10 1.0706212862921e-07 6.28282989301176e-08 2.10549067105603e-06
1.98035983167699e-09 8.7079569111026e-10 9.3130416711773e-10 1.96753102699176e-10 4.13930023590581e-09 2.11702282371107e-09 1.27760685586509e-08 4.48753018078563e-09 1.5362931193863e-08 1.42208288478329e-09 4.4056710919449e-06 3.23183125816584e-09 7.36938431389333e-09 4.13498371543142e-08 1.22788131884377e-09 5.96633213945097e-09 2.26318388030222e-08 2.3249917617818e-07 1.09447736207358e-08 1.13617448782577e-11 2.74509321940286e-09 4.82011017766126e-08 2.26666352354243e-11 2.5579918183638e-10 2.49127385387737e-12 2.10864659067056e-13 9.89383630578544e-10 5.67818447905211e-07 0.00108517685439438 3.9582803257332e-09 4.69293892635392e-10 5.81430137369665e-10 2.13871809151556e-11 5.70422264978276e-11 1.42972189642876e-11 4.36894964650492e-13 2.21567209024442e-13 6.07837880028939e-10 1.51253324531808e-08 2.56234367057573e-11 4.76197969945247e-12 9.35052923978219e-11 0.00534209579200251 4.01302109764856e-08 8.85949993971735e-06
1.63376036255158e-08 1.89077746792776e-09 1.95122944468551e-09 1.87872182255688e-09 5.40756786016061e-09 3.54170852645552e-09 7.50143231198486e-08 1.55180979177771e-09 1.23527151174585e-08 1.64751865483481e-09 7.39845518182847e-10 1.48190382187607e-10 2.74924606413762e-09 1.19195771475233e-08 1.1561619439604e-10 3.88859024980093e-09 3.51976587875669e-09 2.19149295377363e-08 1.06232809571338e-07 1.14178206889193e-09 1.51636822920409e-07 3.3740039384611e-08 2.72335923057199e-07 4.68691393962217e-07 1.55234488374845e-08 1.39475109506293e-07 4.50126602657974e-12 3.51452056346346e-10 7.91317011916703e-11 1.50668331144743e-08 2.77884870669709e-10 1.34828892495165e-10 5.00806252023978e-10 3.51913479335053e-07 4.49618493547632e-08 1.19107415486042e-08 2.59255235057765e-09 7.51896493511595e-08 1.71745617727481e-10 2.05472305836452e-11 1.32978361655489e-10 2.26549285997635e-09 8.29430515381091e-09 1.64696025706235e-08 3.35795547812268e-08
5.19263609888299e-10 2.46472242615425e-09 5.76997782886224e-10 1.59184243564425e-10 7.72460895248628e-10 8.56711235286411e-10 3.44504957894287e-10 3.82593634551398e-10 6.44631847901422e-10 4.36268010606256e-10 1.0701560526627e-09 1.14571303555522e-09 1.20789493962548e-09 1.50391827880014e-09 1.16244894599049e-08 4.18756826547906e-08 4.78569073258939e-11 2.79641149347754e-08 2.55852981467797e-08 2.880678309225e-08 1.94618806403923e-08 3.17141948258381e-09 2.60036237875738e-08 4.10854717358688e-08 8.79700845501929e-10 1.33661099965821e-08 1.80303094676759e-10 5.51251567060262e-08 3.08638270496431e-09 8.24218489015038e-08 8.95916301146826e-09 3.79333666700177e-09 3.67751304963804e-09 8.86105522290848e-11 1.03754449476412e-11 2.2846185387948e-08 3.9364569204281e-08 2.4818946542382e-08 1.17571312685527e-08 2.30851515681252e-08 6.85722918447595e-09 2.55831411610785e-10 2.05066697844813e-08 3.59287987805601e-08 1.43538482006988e-06
2.73096245617666e-10 3.07947845001877e-10 3.39231476242929e-10 1.43020040255237e-10 2.40540032336867e-10 2.35831021377919e-10 6.85443257708585e-11 4.27179480677609e-10 2.99563374106526e-10 8.24051538117487e-10 3.82525220388175e-09 2.72589044669758e-09 7.62293117517743e-10 5.1516321208922e-10 3.32066876218562e-09 1.332916599317e-09 1.36023481367431e-10 1.53240553579792e-09 2.11609074707297e-10 2.50525618028519e-09 1.38166605267998e-08 2.89820278887021e-11 1.3510144114548e-10 6.81711198602386e-10 4.43817137352198e-07 1.66086195463322e-08 6.07566725818742e-09 1.4916027879508e-08 3.06782247605497e-08 3.87295306936153e-10 5.0719443089875e-10 2.42345477019512e-11 3.30986682506307e-11 5.68845521797812e-09 2.02454121023266e-08 1.34407794121216e-06 2.82382153216076e-09 2.32906538499833e-09 2.38942163832689e-09 1.03623873570768e-07 4.26239541440054e-09 2.13357411666948e-06 3.67226220987504e-06 8.99020079714319e-08 1.18564628337481e-07
6.3395292349e-10 1.58357860158276e-10 2.25691376698478e-10 3.10368797329375e-10 1.14371958570558e-09 1.09965059280626e-10 6.65385291309661e-10 4.58725646357294e-10 6.13587269882032e-10 2.22498364177426e-10 6.07543060304749e-10 1.66677738278054e-10 2.53877443512351e-09 1.66776648047318e-10 2.05985339896131e-10 2.6834046096269e-09 1.07668913784664e-09 5.08490991535382e-09 5.16707583386733e-09 6.48069076181201e-10 1.07359330314694e-09 2.30801843081885e-08 5.70924403309192e-09 9.5284239165494e-09 9.76673248942461e-08 3.73968171984984e-09 1.43066769542344e-10 1.05611847267539e-08 2.71271199281387e-08 8.70139604813858e-09 2.88658663638586e-10 4.23260149151616e-10 3.19144248805969e-09 1.94642579831594e-10 1.24540511237115e-10 1.08097543716212e-07 1.06475108729853e-09 2.87020341716016e-08 5.88173570292838e-08 2.77327920628068e-09 2.27675794661764e-08 1.22702918936568e-09 5.81179108394281e-08 2.0803472125408e-05 2.7814513003932e-08
8.25058799058809e-11 1.26441690451173e-10 1.6655855583636e-10 2.48939557856431e-10 1.28357424689085e-10 2.37547403969529e-10 4.36218361432594e-10 2.27088783333329e-09 1.64633973120942e-10 3.33477356839751e-10 1.60967650320032e-10 1.11289055748642e-10 8.65150728834863e-11 8.31008151180868e-11 1.00665453750537e-10 3.43717365680618e-10 6.91957602327875e-10 3.24153581754416e-10 3.90924626003653e-10 3.41269363879348e-09 6.42550332941028e-08 5.95180871698631e-08 5.24148129343871e-09 1.27194059729163e-09 2.93322152344899e-08 1.22161334381588e-09 1.28304884494668e-09 5.0827466679948e-09 1.94877436410223e-10 5.24220622466487e-10 1.89467685984823e-10 5.11936049107931e-11 1.84894199950492e-10 1.40109158053292e-08 3.34219163455884e-10 1.27618987599831e-09 5.99079852392492e-10 1.76145569241726e-09 3.41082575516793e-08 5.07293833607036e-09 1.69158329299535e-07 1.4969805839371e-09 1.9012279750541e-09 1.11271665659274e-08 4.68571727196831e-08
6.37067509856593e-11 9.92780524455838e-11 1.59024060586432e-10 1.99534022637948e-10 3.02035962906899e-10 6.86996937115936e-10 1.48233816332777e-09 3.2014300099803e-10 6.87467338611469e-10 8.50308268240951e-11 6.49960085752355e-11 1.43320055823182e-10 2.12134976251832e-11 5.92597970694442e-11 1.76650127858835e-10 2.63186705762308e-10 3.1889642038152e-10 1.4556973404467e-09 2.62257016103717e-10 8.49156189808298e-10 3.32306815398198e-10 5.89294764097303e-09 1.08624855776895e-09 1.13904212728499e-09 2.12226156648399e-09 2.92142425806219e-09 9.8882484422802e-10 9.16641162973519e-10 1.61857893754558e-10 7.63642993284463e-10 8.05145417004383e-10 3.74174669026672e-10 6.52636900078107e-10 1.28769259699624e-09 1.07682640582141e-11 5.40561764239556e-09 4.95112590925828e-09 6.27117335838534e-10 6.00978466991364e-09 6.08762862341905e-10 2.21571916370067e-09 1.65952167563432e-09 2.29485932479179e-09 2.46165248185548e-09 3.00898550520401e-09
4.19499657233757e-11 2.34874231175297e-11 1.30096389217016e-10 7.39982186637178e-11 5.99423977121205e-10 1.95459404217502e-10 4.70715466605043e-09 8.43447156562149e-10 4.90253057039425e-09 1.84036008654687e-11 1.5257816121661e-10 3.48351569812166e-11 2.2510582287083e-11 4.19576595689364e-11 3.46406259232879e-10 9.78419567587707e-12 2.3332028531442e-10 7.39212768774422e-10 0.151773441070846 1.65839888488506e-09 1.22822652048882e-10 3.14047443605858e-10 1.36671055583903e-09 3.94914128065693e-09 6.41437747361806e-10 6.70471389518923e-10 6.29687801900758e-10 6.61887045172449e-10 7.16792536437083e-10 5.54936629981739e-10 1.80696757556831e-10 4.47577885864803e-10 4.02050204240112e-10 4.74696471020053e-10 9.60379287207047e-10 1.05592534715981e-10 2.3778413682507e-10 1.99271612544294e-09 1.24180166150012e-10 3.80751763451315e-10 1.26917447662578e-09 1.36952071905228e-09 1.74651075823817e-09 3.85421321524859e-09 2.56738612591789e-09
4.56945814519827e-11 1.17237231034295e-10 8.36247404656376e-11 9.32418586785388e-11 1.01479114000824e-10 9.17845244252646e-11 1.63450530887843e-10 6.95591584332078e-11 2.01773708852215e-11 2.65887534212084e-11 4.48721060308799e-12 1.63150493115438e-11 2.74944622624673e-11 3.71886299532775e-11 7.48623385504743e-14 8.48067172043443e-12 5.14069564694353e-11 1.30636834683173e-11 7.37523819793751e-11 5.56007762053667e-10 6.06421024507142e-11 3.63571916750516e-07 1.56364599046555e-10 6.21257956190391e-10 6.05919614482531e-10 5.95107618739377e-10 1.27378534386935e-09 1.41254350438658e-09 9.85323489466339e-10 9.03188857037662e-10 6.07788219753047e-10 1.31292865468424e-10 3.37689509688488e-10 4.71972683158128e-11 5.73989744623304e-12 2.21065943328824e-11 4.25389545810617e-09 1.10343211900954e-08 1.83048034507749e-09 5.65996138846003e-09 1.23178494071396e-09 1.30513675422606e-09 3.35342548396511e-08 3.34408163382705e-09 2.73383342630495e-09
4.62270000056719e-11 3.19844928320379e-11 1.4304855078251e-10 8.26175794443884e-12 2.22921237025275e-11 9.44371247868503e-11 4.05692146543402e-11 1.82096338008364e-11 6.87377155195179e-11 9.43266575959001e-12 5.00290919802637e-12 1.14802389816759e-11 1.03295150211125e-13 5.06381603315731e-12 6.20159479325366e-12 1.36224365121507e-13 5.50140488719819e-11 9.53550127746894e-11 6.76433464796844e-11 9.89023529740507e-11 9.40711841757036e-10 1.99120042676526e-10 3.34315553018882e-10 3.46968620501542e-10 3.68706831732624e-10 4.61953653108083e-10 4.46044101654053e-10 4.3541653615975e-10 1.40455946873175e-10 0.151776366708025 3.1773773612187e-10 2.68662969649114e-10 1.47726175736551e-09 1.09507247714191e-09 3.19291060257854e-10 7.94236143519811e-10 4.70070737890182e-10 1.40162715212e-08 1.47778389525399e-10 3.54727553997236e-09 4.07400113644485e-11 1.33105764188457e-09 1.64087867737805e-09 2.15731512653861e-09 8.87101236912713e-08
