Scripts_&_data/Maxent_result_files_1/Bombus_subterraneus_3.asc
NCOLS 594 
NROWS 330 
XLLCORNER -15 
YLLCORNER 23 
CELLSIZE 0.166666666666667 
NODATA_value -9999 
[rows 126 to 146 of 330, columns 138 to 183 of 594]
-9999 -9999 0.697936099767685 0.622897177934647 0.70251339673996 0.796530020236969 -9999 0.7653504550457 0.718680036067963 0.615453463792801 0.713953471183777 0.72451434135437 0.725227445363998 0.799223840236664 -9999 -9999 -9999 -9999 -9999 -9999 -9999 -9999 -9999 -9999 -9999 -9999 0.790501803159714 0.697336328029633 0.599980157613754 0.610952657461166 0.453380137681961 0.409897416830063 0.564854764938355 0.654389357566833 0.673114562034607 0.782827532291412 0.787310719490051 0.789736777544022 0.722173643112183 0.798392939567566 0.799999964237213 0.794248169660568 0.374760422110558 0.370056971907616 0.302769283950329 0.367540174722672
-9999 -9999 0.707166421413422 0.489022088050842 0.597177892923355 0.718247413635254 0.796449935436249 0.631105273962021 0.679435044527054 0.678367817401886 0.728924721479416 0.749925494194031 0.738473868370056 0.69945724606514 -9999 -9999 -9999 -9999 -9999 -9999 -9999 -9999 -9999 -9999 -9999 -9999 -9999 -9999 0.690033042430878 0.700635093450546 0.65907301902771 0.47808523774147 0.462077704071999 0.614586395025253 0.497974169254303 0.723091238737106 0.740812075138092 0.634157025814056 0.683568048477173 0.78346900343895 0.782574415206909 0.768521726131439 0.740157514810562 0.705482876300812 0.761643415689468 0.629175800085068
-9999 0.554024082422256 -9999 0.657035773992538 0.799999815225601 0.627813291549683 0.718237280845642 0.792733114957809 0.67898885011673 0.690458548069 0.730612128973007 0.723077744245529 0.720777940750122 0.692068535089493 -9999 -9999 -9999 -9999 -9999 -9999 -9999 -9999 -9999 -9999 -9999 -9999 -9999 -9999 -9999 -9999 0.588364219665527 0.50117712020874 0.50500830411911 0.536073142290115 0.576835161447525 0.678217458724976 0.755378186702728 0.794724637269974 0.761657708883286 0.685163396596909 0.748311114311218 0.774040591716766 0.754893296957016 0.710569882392883 0.667600798606873 0.702744448184967
-9999 0.490684872865677 0.486170464754105 0.646912115812302 0.581363421678543 0.592394137382507 0.608992993831635 0.679826176166534 0.781351363658905 0.655262398719788 0.718469482660294 0.774739557504654 0.779128909111023 0.66578688621521 0.710354220867157 0.732075345516205 0.71619091629982 0.675755971670151 -9999 -9999 -9999 -9999 -9999 -9999 -9999 -9999 -9999 -9999 0.523536682128906 0.67023344039917 0.603232145309448 0.439396527409554 0.429505833983421 0.526619791984558 0.557279658317566 0.674351364374161 0.599873089790344 0.635317516326904 0.606653290987015 0.640453791618347 0.697288739681244 0.698723709583282 0.671501863002777 0.632264691591263 0.639865952730179 0.548097938299179
-9999 0.404566425085068 0.467556256055832 0.538262712955475 0.532559251785278 0.542736893892288 0.573850065469742 0.636854481697082 0.663327950239182 0.786881655454636 0.712009787559509 0.723472857475281 0.774768871068954 0.795015603303909 0.326090553402901 0.710494112968445 0.783094972372055 -9999 -9999 -9999 -9999 -9999 -9999 -9999 -9999 -9999 -9999 -9999 -9999 0.762217038869858 0.644456321001053 0.358821201324463 0.212721933424473 0.522734087705612 0.59709677696228 0.541645395755768 0.622616708278656 0.796868628263473 0.791406148672104 0.643194013834 0.78780272603035 0.728587228059769 0.782743370532989 0.754144102334976 0.7045370221138 0.796258175373077
-9999 0.589251673221588 0.549450939893723 0.420581069588661 0.551196628808975 0.678685849905014 0.67882045507431 0.583915621042252 0.74743030667305 0.72679785490036 0.720619678497314 0.765011793375015 0.780989581346512 0.210757639305473 -9999 -9999 -9999 -9999 -9999 -9999 -9999 -9999 -9999 -9999 -9999 0.780046039819717 0.777845877408981 -9999 0.770887243747711 0.739759570360184 0.603371053934097 0.547320222854614 0.605713534355164 0.489717119932175 0.754006838798523 0.621557903289795 0.757487273216248 0.78927783370018 0.798954021930695 0.731691151857376 -9999 -9999 -9999 -9999 -9999 -9999
-9999 -9999 0.283203652501106 0.513460940122604 0.544260191917419 0.567656463384628 0.632680130004883 0.667624306678772 0.691032767295837 0.697860270738602 0.756471651792526 0.707585895061493 0.684465718269348 -9999 -9999 -9999 -9999 -9999 -9999 -9999 -9999 0.787917470932007 -9999 -9999 0.679782485961914 0.784458786249161 0.775038599967957 -9999 -9999 0.746194142103195 0.673152238130569 0.7491415143013 0.708595222234726 0.762394040822983 0.564097583293915 0.591107988357544 0.688507580757141 0.776298344135284 -9999 -9999 -9999 -9999 -9999 -9999 -9999 -9999
-9999 0.567201411724091 0.403143575787544 0.424217623472214 0.534473955631256 0.680683070421219 0.694065135717392 0.665046513080597 0.668548440933228 0.768558824062347 0.557903814315796 0.536925065517426 -9999 -9999 -9999 -9999 -9999 -9999 -9999 -9999 0.702077341079712 0.560748243331909 0.60260933637619 0.406495186686516 0.539880418777466 0.749074125289917 0.8 0.799999755620956 -9999 -9999 0.784239083528519 0.748742294311523 0.63298733830452 0.709100961685181 0.687083804607391 0.667463254928589 0.667419248819351 -9999 -9999 -9999 -9999 -9999 -9999 -9999 -9999 -9999
-9999 0.42364354133606 0.635507571697235 0.548492801189423 0.482426047325134 0.553636074066162 0.618567955493927 0.607088619470596 0.73660284280777 0.68755812048912 0.794849240779877 -9999 -9999 0.733007222414017 0.361291959881783 -9999 -9999 -9999 -9999 0.568802565336227 0.656279480457306 0.632190585136414 0.549421817064285 0.558904039859772 0.69060190320015 0.796229118108749 -9999 -9999 -9999 -9999 0.790607190132141 0.746349424123764 0.688786226511002 0.66858184337616 0.756894266605377 0.64253026843071 0.707025772333145 0.741943448781967 -9999 -9999 -9999 -9999 -9999 -9999 -9999 -9999
-9999 -9999 -9999 -9999 0.563385456800461 0.405231967568398 0.633313179016113 0.590754640102386 0.736127489805222 0.708158195018768 -9999 0.665799421072006 0.640335744619369 0.732321417331696 0.79299281835556 0.476627361774445 -9999 -9999 -9999 0.550585997104645 0.721827948093414 0.618945378065109 0.594693392515182 0.682679563760757 0.636574643850327 0.66446219086647 -9999 -9999 -9999 -9999 0.790823447704315 0.671373957395554 0.639516216516495 0.714581137895584 -9999 -9999 0.795806330442429 -9999 -9999 -9999 -9999 -9999 -9999 -9999 -9999 -9999
-9999 -9999 -9999 -9999 0.501078671216965 0.608286160230637 0.538516247272491 0.580816662311554 0.600280976295471 0.550109106302261 -9999 -9999 0.639978891611099 0.572774249315262 0.472698271274567 0.608284389972687 0.664290642738342 -9999 -9999 0.396928638219833 0.591870415210724 0.48235011100769 0.700977426767349 0.615181565284729 0.645929658412933 0.773600649833679 -9999 -9999 -9999 -9999 -9999 -9999 -9999 -9999 -9999 -9999 -9999 -9999 -9999 -9999 -9999 -9999 -9999 -9999 -9999 -9999
-9999 -9999 -9999 -9999 0.569207888841629 0.548858004808426 0.421929433941841 0.590812134742737 0.672032207250595 -9999 -9999 -9999 -9999 0.263515272736549 0.607615172863007 0.691689521074295 -9999 -9999 -9999 -9999 -9999 -9999 -9999 0.673385924100876 0.345065668225288 -9999 -9999 -9999 -9999 -9999 -9999 -9999 -9999 -9999 -9999 -9999 -9999 -9999 -9999 -9999 0.684794801473618 0.590338510274887 0.598328751325607 -9999 -9999 -9999
-9999 -9999 -9999 -9999 0.550104355812073 0.616385984420776 0.522955822944641 0.549708724021912 0.669615840911865 0.378313401341438 0.547841787338257 0.647714799642563 -9999 -9999 -9999 -9999 0.274264889955521 -9999 -9999 0.744482719898224 -9999 -9999 -9999 0.613251912593842 0.305428466200829 -9999 -9999 -9999 -9999 -9999 -9999 -9999 -9999 -9999 -9999 -9999 -9999 -9999 -9999 -9999 -9999 -9999 -9999 -9999 -9999 -9999
-9999 -9999 -9999 -9999 0.247784218192101 0.543985915184021 0.604636085033417 0.504132002592087 0.708132821321487 0.523282051086426 0.609054952859879 0.66685830950737 -9999 -9999 -9999 -9999 -9999 -9999 -9999 0.654367655515671 0.722438424825668 0.611709266901016 0.619819051027298 0.481349623203278 -9999 -9999 -9999 -9999 -9999 -9999 -9999 -9999 -9999 -9999 -9999 -9999 -9999 -9999 -9999 -9999 -9999 -9999 -9999 -9999 -9999 -9999
-9999 -9999 -9999 -9999 -9999 0.247631919384003 0.554659354686737 0.553462308645248 0.510122257471085 0.68269772529602 0.527545535564423 0.664490908384323 -9999 -9999 -9999 -9999 -9999 -9999 -9999 -9999 -9999 -9999 -9999 -9999 -9999 -9999 -9999 -9999 -9999 -9999 -9999 0.65979945063591 -9999 -9999 -9999 -9999 -9999 -9999 -9999 -9999 -9999 -9999 -9999 -9999 -9999 -9999
-9999 -9999 -9999 -9999 -9999 0.555276924371719 0.666427344083786 0.532693386077881 0.529661422967911 0.577861940860748 0.627325129508972 0.516854709386826 0.550841575860977 -9999 -9999 -9999 -9999 -9999 0.333156552910805 -9999 -9999 -9999 -9999 -9999 -9999 -9999 -9999 0.67022305727005 -9999 -9999 -9999 0.628123372793198 0.674677056074142 0.622943407297134 -9999 -9999 -9999 -9999 -9999 -9999 -9999 -9999 -9999 -9999 -9999 -9999
-9999 -9999 -9999 -9999 -9999 0.366743865609169 0.655471557378769 0.568819969892502 0.527574163675308 0.682037341594696 0.701637649536133 0.649962139129639 0.705502712726593 0.677330231666565 0.530358558893204 0.641596060991287 0.589921218156815 0.597637122869492 -9999 -9999 -9999 -9999 -9999 -9999 -9999 0.609659165143967 0.449302732944489 0.578914052248001 0.596529239416122 0.626790261268616 0.797667348384857 0.389704713225365 -9999 -9999 -9999 -9999 -9999 -9999 -9999 -9999 -9999 -9999 -9999 -9999 -9999 -9999
-9999 -9999 -9999 -9999 -9999 -9999 0.442883157730103 0.537347257137299 0.508345657587051 0.597140222787857 0.640865248441696 0.669458955526352 0.628251975774765 0.460580193996429 0.570250344276428 0.542505550384522 0.747366350889206 -9999 -9999 -9999 -9999 -9999 0.560421830415726 0.701562941074371 0.726087135076523 0.633265674114227 0.652290314435959 0.573536431789398 0.565460997819901 0.571617817878723 0.54757826924324 0.579155659675598 0.749354553222656 0.587040537595749 0.637023824453354 -9999 -9999 -9999 -9999 -9999 -9999 -9999 0.703847414255142 0.474506992101669 0.398772063851356 0.458969646692276
-9999 -9999 -9999 -9999 -9999 -9999 0.243009880185127 0.349754589796066 0.61651696562767 0.651580995321274 0.640776216983795 0.645363789796829 0.532741439342499 0.672733837366104 0.577502763271332 0.706730771064758 0.750254482030869 0.517038309574127 0.597865003347397 0.69084580540657 0.710465371608734 0.540282487869263 0.675655806064606 0.650521194934845 0.59068700671196 0.526768910884857 0.684091401100159 0.60562761425972 0.563023918867111 0.730577909946442 0.725933480262756 0.597903192043304 0.665619874000549 0.601575446128845 0.711137539148331 0.283033835887909 0.625677114725113 -9999 -9999 0.614195162057877 0.561159515380859 0.634211188554764 0.52431263923645 0.586174762248993 0.427125138044357 0.41337334215641
-9999 -9999 -9999 0.656113302707672 0.567216014862061 0.539447641372681 0.688758671283722 0.5263891518116 0.365996804833412 0.59825553894043 0.684743905067444 0.724567699432373 0.756214815378189 0.679451048374176 0.606087535619736 0.556453335285187 0.669276058673859 0.622342932224274 0.622949796915054 0.543954068422318 0.660681581497192 0.575495606660843 0.664985537528992 0.574747639894486 0.653922080993652 0.71153416633606 0.646587163209915 0.675706189870834 0.751679188013077 0.737347662448883 0.59044064283371 0.63868248462677 0.595230185985565 0.709918749332428 0.676680314540863 0.526621228456497 -9999 -9999 -9999 0.790201181173325 0.415252107381821 0.566227889060974 0.615978157520294 0.58429873585701 0.568865537643433 0.470994490385056
0.580617809295654 -9999 -9999 0.596108222007751 0.620887291431427 0.608332854509354 0.620032507181168 0.626148825883865 0.66401184797287 0.544528388977051 0.725087946653366 0.956340724229813 0.956340724229813 0.715790295600891 0.630722695589066 0.601878070831299 0.624674832820892 0.588363391160965 0.675818002223968 0.59339719414711 0.739720594882965 0.686221605539322 0.562755262851715 0.58086564540863 0.58109775185585 0.747440546751022 0.72404357790947 0.736252683401108 0.718131005764008 0.567724239826202 0.594743704795837 0.771410900354385 0.634463858604431 0.627616596221924 0.640969359874725 0.667351442575455 0.754239737987518 0.622624826431274 0.642805498838425 0.682819437980652 0.713027209043503 0.583727341890335 0.522852385044098 0.478702598810196 0.444987970590591 0.580437791347504
