Scripts_&_data/Maxent_result_files_1/Bombus_patagiatus_2.asc
NCOLS 594 
NROWS 330 
XLLCORNER -15 
YLLCORNER 23 
CELLSIZE 0.166666666666667 
NODATA_value -9999 
[rows 220 to 239 of 330, columns 352 to 395 of 594]
0.000334369437622684 1.59064005400555e-07 1.79171564294478e-05 2.98821540432481e-05 0.000118610278822551 0.000103345150973733 6.63811487777721e-08 7.74594266506057e-10 1.77671932721779e-10 5.426735727454e-11 8.54348813916772e-12 4.48752146553488e-14 2.50910403565285e-15 9.99200722162641e-17 2.84772205816353e-14 4.31255031685396e-13 4.28380664274641e-12 3.82150200373133e-11 3.26351168311589e-12 8.58721982410771e-12 1.99983877235965e-09 6.55624744936745e-05 1.45550629429891e-05 9.11672031890243e-06 1.08764080163359e-06 3.07945395738862e-07 1.36207943657318e-06 2.78607533821251e-08 1.89263621643843e-06 1.10425075247056e-06 4.24284013145204e-08 1.508261737726e-10 4.63826754781849e-11 -9999 -9999 -9999 -9999 -9999 -9999 -9999 -9999 -9999 -9999 -9999
0.00156021570513758 6.90480115130399e-05 1.29192143958345e-05 1.88760698293655e-05 8.09520692204302e-06 1.2107697668462e-06 5.68900325111921e-06 0.00018228813042106 8.44376758846188e-08 8.50049519662832e-10 3.04174586629458e-09 5.22428877935965e-11 4.0947245594225e-13 1.71707092988527e-13 3.83248988100604e-14 2.30926389122033e-15 1.67643676718399e-15 6.86117829218347e-15 9.43689570931383e-16 2.42383890736164e-13 2.62445620791141e-12 1.20509241474664e-09 3.72921545421789e-08 3.97258003104195e-07 1.041406647182e-05 0.00139357032589942 0.000453477350333031 1.49042004293776e-09 1.14946003826333e-09 8.11084897023306e-09 6.69187194546339e-10 3.89248322463232e-10 2.15695017402595e-11 -9999 -9999 -9999 -9999 -9999 -9999 -9999 -9999 -9999 -9999 -9999
6.33182293752199e-07 1.7259841370465e-06 7.05139473939909e-05 1.15538881004795e-06 2.53148040170181e-06 5.93789505766162e-06 5.34742699359936e-05 4.64535072364214e-06 4.76522788072087e-06 4.6040687264326e-06 9.58897061309472e-08 2.32599930427568e-09 3.63689922622257e-10 4.47008430271012e-11 8.01844146636199e-12 1.15618625784464e-13 2.76556555434126e-14 0 0 0 6.85895784613422e-14 1.53500545607699e-11 7.90138621198366e-11 2.87208100635539e-09 5.72849760960281e-09 9.45894666148917e-08 3.6992749815834e-06 1.99661524257877e-05 3.89431796810058e-09 3.84684823995229e-09 5.59243196196491e-10 3.12323268358838e-09 1.25468749834212e-09 1.17621024031678e-11 -9999 -9999 -9999 -9999 -9999 -9999 -9999 -9999 -9999 -9999
4.89275020498781e-10 1.42052797991177e-07 1.58287517397326e-05 5.22631995569789e-08 2.20429536246236e-07 1.04019301749858e-06 1.95199770456345e-06 1.61872681813335e-05 9.54510387027874e-06 1.1098515283392e-05 3.13184430981273e-05 3.82229204642925e-07 1.90312524628311e-09 4.07507361188664e-13 1.25506516290841e-10 1.56131552131455e-11 8.54151971374506e-11 3.39100969526385e-12 2.53153054075028e-13 1.58761892521397e-14 5.43787237461402e-13 1.03130282091968e-11 2.07623918058175e-12 1.01229580273809e-11 1.2218505096584e-10 2.75893828893814e-09 1.60960356709872e-08 1.36652280080529e-07 4.24809841292895e-07 3.61798949877201e-07 8.78474737397994e-11 3.20560733513275e-09 4.13700222967606e-09 1.43883804870626e-10 2.10842454606563e-13 -9999 -9999 -9999 -9999 -9999 -9999 -9999 -9999 -9999
2.8412916464049e-11 2.6795506480326e-08 1.41204514964799e-05 6.45829896284145e-07 1.07190278907598e-05 1.7136889637337e-07 2.07952567393477e-05 0.000331934421330971 1.8754977215707e-08 9.71943513261575e-07 1.43632089690815e-06 1.61480170901562e-08 1.61615507643376e-08 1.36310758236391e-08 3.369555601207e-09 4.55140702904089e-11 3.8959946380146e-13 1.5842882561401e-14 1.87405646556726e-13 1.80290227191904e-12 4.17188505963395e-12 4.67046401553262e-12 2.24546825577931e-11 3.34304806060004e-12 1.75431891236144e-12 6.65378863118349e-12 3.46259687589168e-12 1.82923676206315e-11 6.02166083663036e-10 2.88128332304183e-09 2.24669990389614e-09 1.62866724551236e-09 3.91783161468595e-11 2.87130319520657e-12 5.76583225608829e-13 2.52177168036383e-12 -9999 -9999 -9999 -9999 -9999 -9999 -9999 -9999
7.08544334315775e-14 6.24132190374382e-11 5.37230548935952e-10 1.13472006035842e-07 1.57339448980665e-07 3.87212006902615e-09 3.93431280945933e-05 9.57131366026154e-06 8.97605582210303e-05 2.12074092731385e-09 2.41600628392291e-11 1.28492153805837e-08 1.499392580806e-06 1.96696623473436e-06 3.07466479920748e-07 2.55902666926877e-06 1.07387976754358e-06 1.19099663908884e-08 9.87880999225865e-11 5.71904745783058e-12 4.48164394484252e-11 5.69649882820045e-12 5.60396173909794e-13 8.43547454110194e-13 2.80436784905191e-12 2.47000309094858e-11 1.81544113075915e-11 4.7538972758332e-12 3.89993592975202e-12 2.4713564528156e-13 1.00746522235795e-11 4.77070383197997e-11 2.37170838524037e-11 2.6576518763477e-13 1.65734093116043e-13 9.57123269529347e-14 1.68866032268511e-12 8.05640665291207e-11 2.02426964079905e-13 2.44138043115072e-14 -9999 -9999 -9999 -9999
1.79412040779425e-14 5.31574784190525e-14 7.51620987671231e-15 3.83946652249279e-11 1.80617298894958e-11 1.96833093157878e-09 2.24672549675731e-08 2.51294862696483e-09 8.75414817221198e-05 5.2299894515162e-08 7.31549265609033e-12 3.88035892306959e-10 6.39254023715452e-08 1.92345549487882e-09 3.93414760757604e-07 2.05852570012155e-06 4.41911223081348e-06 1.03420397684628e-05 2.43292035406739e-09 2.64956612205935e-11 1.66557878600315e-11 1.72786340790765e-11 7.34393656998122e-12 3.24565929687992e-12 4.07154310266833e-12 2.64266386551526e-13 5.93258775438699e-13 2.16726636637077e-13 5.59585711101818e-13 4.97490937334533e-14 5.46229728115577e-15 1.85984561085206e-13 3.97237798210881e-13 6.24500451351651e-14 3.54050122552962e-14 2.42772468794783e-13 -9999 -9999 -9999 -9999 -9999 -9999 -9999 -9999
2.22044604925031e-16 1.08357101069601e-10 1.52789983443036e-08 1.27455477394456e-08 1.95016391146829e-08 3.54757445641951e-11 1.53511314771038e-11 1.27913345027153e-08 2.25049622826212e-08 7.586772049617e-06 4.28450699497818e-06 5.95147166659871e-08 1.36607108958131e-08 6.24467040966081e-08 1.21981197265253e-07 2.12454508434767e-06 1.58322272088007e-06 2.54686469003396e-07 1.03591884625942e-08 3.69490105178727e-11 3.64310026590431e-11 3.73780562057391e-11 9.8910213353065e-12 9.63034096912452e-12 8.70936656127697e-13 6.93504143001178e-12 9.03410679597982e-13 1.30562227695918e-14 7.02671254515508e-13 6.11821704410431e-13 2.07500683302442e-14 7.6127992798547e-14 1.02096109344529e-13 3.42503803096861e-14 3.35953487251572e-14 -9999 -9999 -9999 -9999 -9999 -9999 -9999 -9999 -9999
6.19726492345762e-14 1.50146561850306e-13 4.68715066759273e-12 4.57744953052952e-14 2.22044604925031e-16 1.71589323860744e-09 6.74194033933873e-13 2.29591901046433e-12 6.92518808964593e-10 1.52868384617477e-10 7.51604072313228e-09 4.44510315222857e-09 2.30242792609303e-09 6.18548502417937e-08 1.33970089466473e-09 1.13423046743666e-07 2.87423935789732e-06 1.97264580539702e-05 1.32618303005927e-09 6.1269901374672e-10 1.68818614643129e-10 2.30931718192551e-11 2.49785858663643e-11 5.19140286314723e-13 7.90145726625724e-14 2.09349204638443e-12 1.4225731703732e-12 4.04176692114788e-13 6.12762063312289e-12 1.11212150599727e-11 2.77045053564962e-12 1.02785557842822e-12 2.71782596428238e-14 7.73825448163734e-15 1.16351372980716e-14 -9999 -9999 -9999 -9999 -9999 -9999 -9999 -9999 -9999
3.29268934340377e-10 6.59672760860985e-11 1.52062806790809e-12 1.85961152254777e-08 4.90163465372007e-13 6.43929354282591e-16 1.95732319241415e-14 3.26871862910139e-13 1.28896893158981e-14 1.02395869561178e-13 7.01572133721129e-13 2.20039209075651e-11 8.41135212592547e-09 2.25535399245302e-09 1.08283493283068e-09 4.3911884204384e-07 6.15197627285013e-09 1.46252731814123e-08 4.39153683906568e-07 6.45059877735221e-09 9.3527929845294e-11 4.64774219111064e-11 7.29837301705061e-12 1.68633773611759e-11 8.78185302255474e-12 3.55099283311233e-12 3.20516946317184e-12 9.76774217065213e-14 8.1601392309949e-15 1.76747505520325e-14 5.04707386994596e-14 6.64801547145544e-14 1.68309810533174e-13 3.93018950717305e-15 -9999 -9999 -9999 -9999 -9999 -9999 -9999 -9999 -9999 -9999
3.10308889694966e-11 1.00138786152115e-12 6.75137723504804e-13 1.34865452139366e-12 7.6962336503783e-11 3.88578058618805e-16 1.11022302462516e-17 4.39348557534913e-13 2.47779574635842e-13 7.67959029701615e-12 1.17454046488774e-11 9.05791277538981e-09 3.61256198289084e-09 3.03602557538696e-09 4.59751259285213e-10 1.25602384082324e-07 1.63022343335761e-07 5.99868488215805e-11 2.5634752520709e-08 5.35847030413983e-08 3.71298525259078e-10 1.08312170343794e-10 1.59559698786893e-11 7.53405116071804e-12 4.98607821697306e-12 2.63372657016703e-12 3.01880742625826e-12 9.43911615536308e-14 2.8155255904494e-14 4.70734562441066e-15 4.47419878923938e-15 1.37689859514012e-13 2.25375273998907e-15 3.10862446895044e-16 -9999 -9999 -9999 -9999 -9999 -9999 -9999 -9999 -9999 -9999
1.02517521710643e-06 4.06783440265457e-10 3.69584585158123e-11 8.41269276463663e-12 6.09290395914286e-14 8.99058605341452e-14 3.66373598126302e-16 3.21964677141295e-16 1.72060143910358e-12 1.04539710221729e-12 7.41229300160739e-13 1.0724754417879e-14 1.4376901891211e-10 6.71101472726754e-08 1.75097422117076e-09 6.81894206988609e-08 1.77513824750619e-09 0 5.19584375524573e-15 2.22044604925031e-17 4.36363167821696e-12 1.21027632360438e-12 2.19091411679528e-13 1.11022302462516e-17 2.99760216648792e-16 4.64828175950061e-13 9.57958157243866e-12 4.44743131211567e-12 3.23066018381724e-12 8.49653680745632e-14 5.48339151862365e-14 6.15507644852187e-14 1.74638081773537e-14 2.74669176292264e-14 -9999 -9999 -9999 -9999 -9999 -9999 -9999 -9999 -9999 -9999
6.17610063091689e-10 2.12279471778487e-10 3.21337367825691e-10 5.5280457988971e-11 9.56161816390022e-12 2.2377988351252e-12 1.15463194561016e-15 1.4432899320127e-16 6.66133814775094e-17 1.4432899320127e-15 2.87325718772991e-14 2.77555756156289e-16 5.56221735337203e-14 1.23310694988277e-10 4.9665334289628e-09 3.0630517553476e-07 4.6611691728593e-09 1.01185726464337e-13 9.57789403344123e-14 2.85327317328665e-15 7.04969416176482e-13 1.86198834128959e-12 1.77635683940025e-16 0 8.61977156318972e-14 1.09168118989089e-11 4.72738515000515e-12 1.91383464631656e-11 3.79420939111696e-12 4.86277684785819e-13 1.5683010445855e-13 1.39777078800307e-14 5.82867087928207e-15 -9999 -9999 -9999 -9999 -9999 -9999 -9999 -9999 -9999 -9999 -9999
9.66234536825539e-11 6.22514817472108e-11 1.10427444965921e-10 1.10762199412306e-10 3.87673992907622e-10 1.40033540318996e-12 6.75348665879483e-14 3.33066907387547e-17 0 1.11022302462516e-17 1.33226762955019e-16 1.11022302462516e-17 1.11022302462516e-17 6.13875617005988e-13 2.2570311519754e-08 9.58936678008282e-07 1.166625079696e-06 5.6513349555587e-12 3.78800324440931e-12 1.70974345792274e-15 1.24429822001559e-10 3.7891164650361e-10 2.84969714492433e-11 1.41775480244632e-14 2.36641817252803e-12 2.46980214058112e-13 4.61618521185869e-11 3.35928729278123e-10 9.2528307238382e-11 4.38139524661096e-12 2.35145236615608e-13 8.37130365027861e-13 -9999 -9999 -9999 -9999 -9999 -9999 -9999 -9999 -9999 -9999 -9999 -9999
3.74312469908489e-10 8.57567572509765e-11 4.21135348815938e-11 6.0091742692947e-11 1.78677628248636e-11 3.67907926346334e-12 6.67799149312032e-14 3.08642000845794e-15 7.13984427136438e-14 3.33066907387547e-17 3.33066907387547e-17 0 0 1.11022302462516e-17 2.99538172043867e-14 4.88498130835069e-15 4.44089209850063e-17 3.2218672174622e-14 1.65081714964543e-10 2.19700346804075e-10 1.7501555760191e-13 2.10049755366981e-12 3.07531777821168e-15 1.7874590696465e-15 6.76592115667063e-13 4.22187840243282e-12 8.70024607912967e-11 1.23238923288582e-08 5.03737984658415e-10 1.01699548782364e-10 3.50086626355051e-13 -9999 -9999 -9999 -9999 -9999 -9999 -9999 -9999 -9999 -9999 -9999 -9999 -9999
5.27847765496858e-12 2.47427967003944e-11 2.46968889783261e-11 3.38471140004515e-11 6.4139915600947e-11 2.15696349670225e-12 4.21329637845247e-13 3.31956684362922e-15 3.08642000845794e-15 1.11022302462516e-17 1.11022302462516e-17 8.43769498715119e-16 5.53745937992289e-13 1.39821487721292e-13 1.56541446472147e-15 0 1.87191606659809e-10 1.33836355886707e-08 2.32239716346783e-10 8.59727844471081e-12 1.48436818392383e-13 9.75886038645513e-15 0 1.11022302462516e-17 4.78506123613442e-15 8.88178419700125e-17 2.33257857473745e-14 3.5152388777604e-10 1.47100092107166e-09 5.36431530306913e-09 2.9541302737357e-11 -9999 -9999 -9999 -9999 -9999 -9999 -9999 -9999 -9999 -9999 -9999 -9999 -9999
5.32119903695616e-12 1.1871126304186e-11 1.37308719949658e-11 1.38563827078997e-11 2.87421086930806e-11 1.77401204837224e-11 2.22399876292911e-13 8.01486543799967e-11 1.20015108961979e-14 0 0 1.34336985979644e-15 1.71862524211974e-14 1.43862699530928e-12 3.02059488532791e-12 1.89404048001052e-14 1.31128441438477e-13 1.4643175560991e-12 1.64901425847574e-13 5.21249710061511e-14 1.58206781009085e-14 3.24185123190546e-15 1.11022302462516e-17 9.99200722162641e-17 2.42028619368284e-15 1.47992729182533e-14 9.99200722162641e-17 3.85247389544929e-15 1.73271397230224e-12 6.29140016750185e-09 1.00520458623521e-10 -9999 -9999 -9999 -9999 -9999 -9999 -9999 -9999 -9999 -9999 -9999 -9999 -9999
5.18401988003347e-12 7.53520579266365e-12 1.5897749783278e-11 1.0971279440497e-11 3.1276981005135e-12 1.45392586858861e-12 1.77635683940025e-15 1.51989532071184e-14 6.66133814775094e-17 1.35447209004269e-15 1.06248343456627e-14 6.06326100438537e-13 4.63645788428835e-12 8.90620910354301e-14 5.30686605770825e-14 3.05055980476254e-13 1.26741950268183e-12 4.03344024846319e-13 1.09168230011392e-13 3.97459842815806e-15 1.45320422362261e-12 1.879274513783e-13 1.73749903353837e-14 3.67779140475477e-12 3.98540089818766e-12 1.24362742326412e-12 2.77089462485947e-13 2.0441903725299e-11 2.65197863669187e-12 1.38601079602285e-07 1.47228040869862e-10 -9999 -9999 -9999 -9999 -9999 -9999 -9999 -9999 -9999 -9999 -9999 -9999 -9999
1.6050272222401e-12 4.77984318791869e-12 2.5276358783799e-11 4.05142586146212e-12 8.68620730898328e-12 8.19011525265978e-14 5.12845321765099e-13 9.28146448586631e-14 3.62931906749964e-14 5.88418203051333e-16 1.02529096324133e-12 3.40139028054409e-13 3.40838468559923e-15 2.88657986402541e-16 2.44249065417534e-16 1.88737914186277e-16 3.96349619791181e-15 8.88178419700125e-16 1.31006316905768e-15 5.77315972805081e-16 1.92512672470002e-14 4.29078994557131e-13 1.2710610342026e-10 4.25861568231767e-12 6.74177602633108e-11 5.13656561729192e-11 7.18151604850448e-10 1.89404066541776e-08 2.45192425252228e-09 5.60755771816801e-09 8.4022125257377e-09 -9999 -9999 -9999 -9999 -9999 -9999 -9999 -9999 -9999 -9999 -9999 -9999 -9999
4.17930134943845e-12 2.79096856736771e-11 4.44433378987696e-13 1.50938150866864e-12 1.43526301954466e-12 1.84297022087776e-15 2.14750439653244e-13 4.86277684785819e-15 2.87547763377916e-15 1.4432899320127e-16 3.96127575186256e-14 7.82258702258787e-12 2.22044604925031e-17 2.33146835171283e-16 2.69086974924448e-12 2.33699549712085e-09 3.7114755713219e-14 3.5527136788005e-16 2.77555756156289e-16 4.10782519111308e-16 1.20792265079217e-14 1.90847337933064e-14 2.92432744686266e-14 1.56302748521853e-12 1.82217574362653e-12 4.05964151184435e-13 2.69440025846279e-13 2.43105535702171e-13 2.65933164378396e-11 1.30212729487766e-11 2.65683620992441e-08 -9999 -9999 -9999 -9999 -9999 -9999 -9999 -9999 -9999 -9999 -9999 -9999 -9999
