Scripts_&_data/Maxent_result_files_1/Bombus_vestalis_2.asc
NCOLS 594 
NROWS 330 
XLLCORNER -15 
YLLCORNER 23 
CELLSIZE 0.166666666666667 
NODATA_value -9999 
[rows 160 to 179 of 330, columns 184 to 229 of 594]
0.539385566115379 0.537080869078636 0.777489912509918 0.780489528179169 0.295441019535065 0.479218536615372 0.615223109722137 0.631223893165588 0.496149277687073 0.284589070081711 0.55204735994339 0.279513311386108 0.459716215729713 0.469589167833328 0.587195348739624 0.427242916822433 0.279151722788811 0.597680282592773 0.419736036658287 0.483159178495407 0.262147983908653 0.56662003993988 0.354301545023918 0.40546777844429 0.241473686695099 0.201285138726234 0.208656807243824 0.194158925116062 0.511998730897903 0.227642130851746 0.166962425410748 0.465744376182556 0.178609356284142 0.179569594562054 0.18375601619482 0.170019836723804 0.191720177233219 0.16239005625248 0.141620308160782 0.0961040966212749 0.260418592393398 0.84035616517067 0.351726177334785 0.303510558605194 0.152884515374899 0.170004050433636
0.259932695329189 0.600547850131989 0.335925036668777 0.569351476430893 0.406206578016281 0.330814921855927 0.51966980099678 0.792464774847031 0.950282949209213 0.511260470747948 0.530074629187584 0.440625262260437 0.544725754857063 0.27892297655344 0.279247829318047 0.467372617125511 0.46704657971859 0.265638212859631 0.294280993938446 0.518027201294899 0.411973112821579 0.229249866306782 0.61436670422554 0.241652652621269 0.295204961299896 0.344954818487167 0.183097250759602 0.19367203861475 0.211224296689034 0.230328652262688 0.32420192360878 0.408405897021294 0.437535527348518 0.155617882311344 0.184790804982185 0.306767711043358 0.198827323317528 0.300432142615318 0.155676524341106 0.143983810395002 0.177392087876797 0.150182648003101 0.156173723936081 0.292904537916183 0.307858902215958 0.315998300909996
0.714070558547974 0.21917223483324 0.296692913770676 0.634281671047211 0.62589498758316 0.501167702674866 0.508824145793915 0.399199706315994 0.265115293860435 0.622570568323135 0.65043169260025 0.519156986474991 0.259350000321865 0.300351297855377 0.365289181470871 0.531833085417748 0.526288577914238 0.25758414119482 0.427458053827286 0.4804334461689 0.781825250387192 0.547343489527702 0.492719614505768 0.213795532286167 0.227380554378033 0.429693278670311 0.341016665101051 0.378383579850197 0.434708896279335 0.854215306043625 0.420439434051514 0.270788446068764 0.289213444292545 0.219194699823856 0.764319723844528 0.222198474407196 0.182845018804073 0.201142881810665 0.285373210906982 0.393980541825295 0.196050180494785 0.100317401438951 0.169585628807545 0.136418907344341 0.315764576196671 0.318972501158714
0.0912645891308785 0.181792031228542 0.437855541706085 0.605705893039703 0.44383539557457 0.775073629617691 0.324895760416985 0.578266507387161 0.567075061798096 0.33678825199604 0.596515583992004 0.495227962732315 0.46973916888237 0.676749175786972 0.327620115876198 0.376562735438347 0.376468601822853 0.274890819191933 0.415991273522377 0.35808490216732 0.869282954931259 0.584333443641663 0.427776199579239 0.252753277122974 0.412391927838326 0.230948702991009 0.429024574160576 0.20996238142252 0.381091463565826 0.657175344228744 0.199791054427624 0.148239962756634 0.371366971731186 0.21853804141283 0.322932793200016 0.143171394616365 0.385268586874008 0.301939007639885 0.217525377869606 0.279659403860569 0.342438206076622 0.159078793227673 0.138407661020756 0.18437534570694 0.217172475159168 0.338091436028481
0.359682908654213 0.457793498039246 0.341199719905853 0.395919996500015 0.415675684809685 0.598101937770844 0.538131839036942 0.338539287447929 0.521690177917481 0.317551138997078 0.340638256072998 0.618357163667679 0.207613275945187 0.721303164958954 0.535755321383476 0.621889239549637 0.387590828537941 0.239805509150028 0.341620394587517 0.346739628911018 0.447693508863449 0.533665373921394 0.643478530645371 0.25542140007019 0.497949999570847 0.428581178188324 0.40633387863636 0.442496737837791 0.285282835364342 0.543541887402535 0.404775094985962 0.206827102601528 0.477984839677811 0.381112730503082 0.341232568025589 0.339906474947929 0.510054036974907 0.215249229967594 0.431179046630859 0.168918827176094 0.147526369988918 0.118908575922251 0.305374121665955 0.272781066596508 0.127990696579218 0.220648050308228
0.447442719340324 0.416084995865822 0.754354441165924 0.369975587725639 0.153114891052246 0.555819955468178 0.278883787989616 0.411401927471161 0.595477890968323 0.721527701616287 0.622057545185089 0.571216756105423 0.384097623825073 0.753363692760468 0.75361692905426 0.742315822839737 0.331687414646149 0.712863206863403 0.887118518352509 0.918036806583405 0.778589087724686 0.716784119606018 0.528710830211639 0.402014076709747 0.60786464214325 0.267341642081737 0.485061502456665 0.261768950521946 0.313858848810196 0.283748051524162 0.40580021739006 0.234321762621403 0.382437324523926 0.220940278470516 0.362068569660187 0.191760087013245 0.246886925399303 0.20370082706213 0.22418048530817 0.301442810893059 0.372534412145615 0.206628040969372 0.191426914930344 0.19937434643507 0.215039205551147 0.301158046722412
0.536461821198463 0.691982823610306 0.436223381757736 0.475671380758286 0.184840689599514 0.3489173412323 0.27098334133625 0.159068784117699 0.163176347315311 0.47039989233017 0.481817445158958 0.675865685939789 0.523032531142235 0.255357550084591 0.322911840677261 0.485696485638618 0.276166044175625 0.752581262588501 0.93857381939888 0.995607554912567 0.998386007547378 0.85938213467598 0.4270173817873 0.560787153244019 0.273815140128136 0.295066902041435 0.454192352294922 0.311073845624924 0.387160506844521 0.295049551129341 0.247765278816223 0.406800317764282 0.423122856020927 0.242285560071468 0.757658344507217 0.170741975307465 0.435698720812798 0.216468527913094 0.372371530532837 0.211233477294445 0.503618469834328 0.374494859576225 0.167669254541397 0.206043331325054 0.407235881686211 0.194162371754646
0.927754253149033 0.468417581915855 0.366916444897652 0.577544263005257 0.481668981909752 0.241234022378921 0.419157329201698 0.198665131628513 0.2746935531497 0.171998599916697 0.397488969564438 0.499461302161217 0.679499191045761 0.502927473187447 0.492880949378014 0.718993580341339 0.908912461996078 0.902016091346741 0.646593600511551 0.751302832365036 0.754533356428146 0.950129300355911 0.688536882400513 0.620100343227386 0.53338428735733 0.964364272356033 0.91829377412796 0.431364277005196 0.261553405225277 0.264879593253136 0.263964557647705 0.741916066408157 0.594257426261902 0.301492296159267 0.612208735942841 0.283529245853424 0.401594498753548 0.620056742429733 0.569689673185348 0.505521413683891 0.409965199232101 0.377294582128525 0.653831607103348 0.207876482605934 0.205692914128304 0.223080867528915
0.569053888320923 0.458468356728554 0.495354336500168 0.562864631414413 0.54018582701683 0.445174458622932 0.213184040784836 0.747282499074936 0.426674899458885 0.395969533920288 0.411926963925362 0.432252335548401 0.490801399946213 0.751372939348221 0.733445399999619 0.876023101806641 0.948279494047165 0.956963837146759 0.639164704084396 0.676870656013489 0.838273465633392 0.798078072071075 0.655760324001312 0.577140527963638 0.697076219320297 0.655180978775024 0.683152210712433 0.289982867240906 0.700390440225601 0.653361171483994 0.476143705844879 0.482542985677719 0.278863801062107 0.275244379043579 0.33080969452858 0.267886418104172 0.440320354700089 0.429852765798569 0.259264473617077 0.243074560165405 0.427389359474182 0.247070650756359 0.406521931290627 0.161056676506996 0.189465399086475 0.214750395715237
0.388099414110184 0.40801647901535 0.226439626514912 0.447960689663887 0.512461936473846 0.42888041138649 0.429382526874542 0.540296480059624 0.695306146144867 0.582957881689072 0.458202674984932 0.390330871939659 0.46819657087326 0.561113840341568 0.661051177978516 0.970559614896774 0.951027858257294 0.943821895122528 0.821368670463562 0.420228305459023 0.713786149024963 0.549441996216774 0.229431596398354 0.448397392034531 0.374673122167587 0.362065148353577 0.484800145030022 0.398530924320221 0.503523111343384 0.312215873599052 0.384913310408592 0.470126163959503 0.47055846452713 0.511763262748718 0.653793948888779 0.457682466506958 0.667011702060699 0.256580746173859 0.434213083982468 0.252595797181129 0.191617389023304 0.172558408975601 0.596530675888062 0.22180762887001 0.377151384949684 0.238876780867577
0.242180263996124 0.522632664442062 0.439707654714584 0.475445348024368 0.292638798058033 0.53653316795826 0.404056215286255 0.320123851299286 0.285959792137146 0.772379201650619 0.613626754283905 0.478811186552048 0.672389340400696 0.527815461158752 0.835593342781067 0.585280680656433 0.445194402337074 0.355846098065376 0.353490522503853 0.14185364022851 0.27636988312006 0.226840010285378 0.128820673376322 0.150447734445333 0.1818374350667 0.456565481424332 0.153458751738071 0.318832212686539 0.185281391441822 0.620261514186859 0.828911608457565 0.236599610745907 0.388192647695541 0.355568462610245 0.220735464990139 0.262446251511574 0.44214474260807 0.481129336357117 0.389285108447075 0.560990199446678 0.200913700461388 0.313222965598106 0.44376731812954 0.475156393647194 0.427455213665962 0.402833127975464
0.430655956268311 0.401825678348541 0.499276250600815 0.290031817555428 0.380710887908936 0.642846739292145 0.306156852841377 0.205369420349598 0.684658122062683 0.49628521502018 0.673568004369736 0.49633421599865 0.477542197704315 0.625035643577576 0.42709693312645 0.381097736954689 0.0298301797360182 0.366852539777756 0.486912769079208 0.284968903660774 0.138826055824757 0.124630036950111 0.2851776227355 0.3427589148283 0.407731929421425 0.202464258670807 0.443030747771263 0.393166160583496 0.272929640114307 0.199565370380878 0.206255027651787 0.214241670072079 0.180883571505547 0.14235306084156 0.148617791384459 0.0817968100309372 0.0866831962019205 0.145911678671837 0.212888658046722 0.364543569087982 0.295912930369377 0.444352772831917 0.192576745152473 0.355060577392578 0.446265861392021 0.259602999687195
0.230287507176399 0.624205845594406 0.528240588307381 0.47872468829155 0.503867903351784 0.959149342775345 0.531979221105576 0.549829739332199 0.474262142181397 0.482717853784561 0.850191080570221 0.775066405534744 0.613938438892365 0.202824781835079 0.320465460419655 0.269166898727417 0.143799804896116 0.391618868708611 0.721911495923996 0.325200057029724 0.121930538117886 0.325682041049004 0.26531437933445 0.230275955796242 0.0825947195291519 0.283609968423843 0.148217583447695 0.127621692419052 0.393321135640144 0.308177281916142 0.40413139462471 0.2213288590312 0.12272317931056 0.486779204010963 0.249517202377319 0.234881874918938 0.043196208961308 0.10003885962069 0.0977753475308418 0.280334754288197 0.272917488217354 0.293926323950291 0.18965260386467 0.352614945173264 0.174001048505306 0.187113523483276
0.425345832109451 0.251812975108623 0.306252214312553 0.449443829059601 0.491728386282921 0.502293974161148 0.492929193377495 0.41443210542202 0.485739412903786 0.446456319093704 0.786379951238632 0.545668113231659 0.279752838611603 0.344424667954445 0.213558153808117 0.577232813835144 0.524169513583183 0.306158915162086 0.224830712378025 0.70588071346283 0.404260247945786 0.526500472426415 0.331960836052895 0.537810277938843 0.427249205112457 0.237496940791607 0.159860335290432 0.619634562730789 0.546803972125053 0.329912450909615 0.186507438123226 0.353754782676697 0.434060284495354 0.56603741645813 0.271485066413879 0.113394964486361 0.0463447581976652 0.0421840131282806 0.0799572831019759 0.04330292660743 0.0508519155904651 0.0661912262439728 0.0875526800751686 0.157127913832665 0.32458564043045 0.301229363679886
0.259550684690475 0.230012691020966 0.636068099737167 0.304493942856789 0.326327058672905 0.409313756227493 0.44593023955822 0.411329832673073 0.75930991768837 0.68786541223526 0.651934057474136 0.450948619842529 0.20466930270195 0.343329042196274 0.52744228541851 0.27995438426733 0.114693631976843 0.214000961184502 0.13743788599968 0.482660838961601 0.205572184920311 0.212796770036221 0.124585048109293 0.152312598377466 0.230221880972385 0.24197948127985 0.135879401117563 0.331630378961563 0.133161040395498 0.532732793688774 0.165974654257298 0.276357741653919 0.063056280836463 0.291300417482853 0.049633471108973 0.168692681193352 0.235827884078026 0.16573925986886 0.0915057986974716 0.0518299559131265 0.0515485532581806 0.0559779550880194 0.0840000115334988 0.11794006973505 0.139722417294979 0.114792077243328
0.433439207077026 0.437898114323616 0.262326973676682 0.0722552798688412 0.398656734824181 0.444595953822136 0.509500899910927 0.728750610351563 0.679753535985947 0.459074550867081 0.482277888059616 0.400565686821938 0.439144271612167 0.320256108045578 0.0967526689171791 0.394917699694633 0.093253692984581 0.671511262655258 0.308307249844074 0.105839029699564 0.484266114234924 0.333688151836395 0.226047971844673 0.356276461482048 0.159564961493015 0.178083826601505 0.190144821256399 0.094717014580965 0.108319363743067 0.203934092819691 0.293173009157181 0.0731866385787725 0.041111246868968 0.396557845175266 0.116418275237083 0.051397966966033 0.263976775109768 0.349087265133858 0.148135697841644 0.148676517605782 0.0782512424513698 0.0692778151482344 0.0321921644732356 0.0521895371377468 0.0501969929784536 0.191755352914333
0.482445505261421 0.300047042965889 0.486604773998261 0.237830695509911 0.430145934224129 0.413692525029182 0.357639372348785 0.485309925675392 0.585173177719116 0.383330804109573 0.177063152194023 0.146884000301361 0.545179679989815 0.372544732689857 0.374413803219795 0.38286911547184 0.233566081523895 0.0785661533474922 0.210168933868408 0.125137324631214 0.211572556197643 0.26053514778614 0.387063851952553 0.111766041070223 0.0585036192089319 0.0534112013876438 0.0232147824484855 0.0602264063432813 0.0240543868392706 0.050454369187355 0.0675150718539953 0.202161538600922 0.208878235518932 0.450709861516953 0.0834519643336535 0.0843511715531349 0.28948145955801 0.234890288114548 0.27710722386837 0.500192093849182 0.303139728307724 0.137232859432697 0.0483188977465034 0.0858006495982409 0.0614003667607903 0.0208977142348886
0.492441794276237 0.547097453474998 0.557700872421265 0.628455919027328 0.444923400878906 0.243181897699833 0.398632422089577 0.552467107772827 0.463383907079697 0.0877509821206331 0.329710286855698 0.439339739084244 0.49763705432415 0.355438902974129 0.370023795962334 0.122593660652637 0.225020559132099 0.0801779516041279 0.0537681633606553 0.124131574481726 0.144890043884516 0.10858986005187 0.0313878986053169 0.085412098094821 0.169877180457115 0.0932010799646378 0.143136182427406 0.0731293577700853 0.0387851767241955 0.0266591320745647 0.0641590252518654 0.11119407042861 0.194127003848553 0.232435446977615 0.0270408637356013 0.133083049952984 0.1526860460639 0.259195983409882 0.33122626543045 0.324908399581909 0.401437732577324 0.429249456524849 0.5726881980896 0.199333749711514 0.0912606842815876 0.109240619838238
0.50575797855854 0.28128936290741 0.362288364768028 0.843850046396255 0.900839030742645 0.684244161844254 0.433392030000687 0.60630002617836 0.270766381174326 0.650876894593239 0.515098863840103 0.423049902915955 0.616012924909592 0.408002007007599 0.551217690110207 0.333224460482597 0.302641788125038 0.265677751600742 0.139491598308086 0.16378135830164 0.0710926964879036 0.0756947055459023 0.151176263391972 0.128900406509638 0.110845880955458 0.05233667884022 0.0445115927606821 0.196676680445671 0.0307104950770736 0.0772354129701853 0.211162044107914 0.144468420743942 0.285001608729362 0.191489055752754 0.196685709059238 0.24760617762804 0.257796965539455 0.256311950087547 0.502325922250748 0.348762735724449 0.296308316290379 0.32738624215126 0.267404009401798 0.19485692679882 0.368475210666657 0.149715182185173
0.218281148374081 0.384850981831551 0.413518276810646 0.952153879404068 0.782041430473328 0.734469270706177 0.527644240856171 0.520209088921547 0.818507367372513 0.697532916069031 0.269192673265934 0.398080661892891 0.396176680922508 0.387886798381805 0.331617584824562 0.327592939138412 0.164926333725452 0.246886660158634 0.153391364961863 0.2074612647295 0.120550234615803 0.194459560513496 0.192227701842785 0.145737837255001 0.0963140122592449 0.0542182393372059 0.0192476744297892 0.021955497097224 0.0248762363567948 0.0138776568928733 0.167812762595713 0.210314820706844 0.222260001301765 0.283555768430233 0.32087539434433 0.233806955814362 0.256848978996277 0.244120101630688 0.259058015048504 0.267177984118462 0.264224767684937 0.311049741506577 0.345619609951973 0.295643475651741 0.36179601252079 0.114183762669563
