Scripts_&_data/Maxent_result_files_1/Bombus_cullumanus_3.asc
NCOLS 594 
NROWS 330 
XLLCORNER -15 
YLLCORNER 23 
CELLSIZE 0.166666666666667 
NODATA_value -9999 
[rows 126 to 146 of 330, columns 470 to 516 of 594]
0.0787300359457731 0.0403494561091065 0.0727971628308296 0.0673186812549829 0.0631040651351213 0.0823233984410763 0.0552875019609928 0.0507513478398323 0.0537665383890271 0.048171897791326 0.0188583655282855 0.0436651665717363 0.0548325017094612 0.0374612925574183 0.0179952145554125 0.0569452121853828 0.0578916653990746 0.0261602776125073 0.0227884472347796 0.120472509413958 0.0400106508284807 0.0387218460440636 0.019850521767512 0.0375798854976892 0.03702208455652 0.0464185666292906 0.0516371559351683 0.0660039637237787 0.0165058830752969 0.111477462202311 0.128673843294382 0.239832766354084 0.152881114184856 0.244020596146584 0.146015063673258 0.0853361181914806 0.106335123628378 0.179987816512585 0.0434101985767484 0.178859376907349 0.204705362021923 0.0886810086667538 0.0821012962609529 0.080705152451992 0.0575757879763842 0.00733528304845095 0.00552334502572194
0.078390084207058 0.0745338052511215 0.0799466878175736 0.0686131715774536 0.0643248971551657 0.0677631888538599 0.0560389615595341 0.0522653743624687 0.0479343377053738 0.0436678849160671 0.0431677127256989 0.0470633339136839 0.0149934808257967 0.0399075381457806 0.1049505867064 0.159234567731619 0.140799006074667 0.108045913279057 0.0985836490988731 0.0446186892688274 0.0425039958208799 0.0360758630558848 0.0666796870529652 0.0914623074233532 0.155769301205873 0.202483028173447 0.0845063880085945 0.137271300703287 0.20732769370079 0.257743939757347 0.154624641686678 0.129367572069168 0.0952390901744366 0.256859418749809 0.227521023154259 0.191370127350092 0.095705908536911 0.16791584789753 0.125842478126287 0.0976035587489605 0.0929962180554867 0.119616257399321 0.0858679555356503 0.176097407191992 0.0701834686100483 0.124080688506365 0.1130689881742
0.0489480657503009 0.0407698759809136 0.187569741904736 0.171751025319099 0.164395207166672 0.0833957593888044 0.0798681098967791 0.161012943089008 0.147676369547844 0.135148129612207 0.125822447985411 0.054031608812511 0.159168635308743 0.117564960569143 0.13934404104948 0.027118450216949 0.0311330445110798 0.0431383030489087 0.0650027487426996 0.057427990436554 0.0555215831845999 0.181546287983656 0.114040178060532 0.166382569819689 0.136354652047157 0.265143452584743 0.225799721479416 0.243166860938072 0.272729174792767 0.191728638112545 0.0888129852712154 0.194147792458534 0.116928594559431 0.311301812529564 0.267371681332588 0.359952172636986 0.107796005904675 0.132282900810242 0.112817941606045 0.102821752429008 0.118258797377348 0.115538977086544 0.030975651089102 0.0764598671346903 0.0938981607556343 0.148365419358015 0.0537404861301184
0.125046001374722 0.119509722292423 0.163397175073624 0.150618654489517 0.12396487519145 0.131524502485991 0.0387339454144239 0.0397247342392802 0.163118664175272 0.0936170846223831 0.0545820467174053 0.0626833971589804 0.0897528238594532 0.0923628926277161 0.0911373898386955 0.122702867537737 0.0215583964250982 0.0822555504739284 0.128924956917763 0.131747880578041 0.160078072547913 0.127592273056507 0.210931025445461 0.171430064737797 0.110616499185562 0.103585614264011 0.0958900287747383 0.100563292950392 0.130233311653137 0.129076248407364 0.0924578037112951 0.0887232903391123 0.117428237199783 0.0416563903912902 0.118604435026646 0.304391780495644 0.263454647362232 0.138627703487873 0.0353366445749998 0.109008677303791 0.110745631158352 0.0944050274789333 0.0374246314167976 0.0518362922593951 0.112541228532791 0.124036009609699 0.188942061364651
0.221832711994648 0.0538827899843454 0.115087568759918 0.211091387271881 0.0604145910590887 0.128613804280758 0.1261055752635 0.138564916700125 0.074169497936964 0.0342643640935421 0.0357974281534553 0.0155700893141329 0.0269296061247587 0.0283977050334215 0.0259906727820635 0.0108780849725008 0.0840282689779997 0.0571322314441204 0.0930579748004675 0.0595113947987556 0.0751253820955753 0.0470810413360596 0.07531498670578 0.0976027019321919 0.0858548454940319 0.107023648917675 0.114588917791843 0.0462842697277665 0.0799867406487465 0.0401519964449108 0.0781586050987244 0.0960197597742081 0.0854786459356546 0.0882488526403904 0.0988082244992256 0.115380720049143 0.084332375228405 0.106544318795204 0.0928849130868912 0.10449760183692 0.0808739438652992 0.0960974976420403 0.0350199231877923 0.1043522272259 0.107612702995539 0.0425975807011127 0.133740800619125
0.211365665495396 0.476106378436089 0.165829469263554 0.155853018909693 0.130783819407225 0.108644987642765 0.164125572890043 0.0515052754431963 0.0695191849023104 0.0166147161275148 0.0165116517804563 0.0470948033034801 0.0548062060028315 0.0455952666699886 0.119080565869808 0.0910454455763102 0.0602523643523455 0.100463403016329 0.143895480036736 0.101790897920728 0.11780076995492 0.146820195764303 0.149690186977386 0.143931099027395 0.135931415855885 0.0979934010654688 0.114081349223852 0.0230191179551184 0.124771782010794 0.0393646581098437 0.057813018374145 0.12679515182972 0.0304261260665953 0.0333887038752437 0.0888385556638241 0.0221997414249927 0.232500493526459 0.240272209048271 0.105428595840931 0.0811063546687365 0.0943565525114536 0.0970625936985016 0.096481741964817 0.16885826960206 0.104696107655764 0.192752408981323 0.274466586112976
0.27247739136219 0.256276454031467 0.253649097681046 0.2391800776124 0.222172699868679 0.183871042728424 0.0899800851941109 0.0953205294907093 0.0757262159138918 0.138032351434231 0.157038345187902 0.142164845019579 0.120036042481661 0.0979116633534431 0.0893470834940672 0.0427130449563265 0.0536274701356888 0.0743777867406607 0.112299083173275 0.108212751895189 0.124225531518459 0.134710048139095 0.0561356468126178 0.0148010050412267 0.0490151418372989 0.043284597992897 0.00495464459527284 0.00583818557206541 0.0187829366186634 0.0371835036203265 0.111142529547215 0.0325963246636093 0.0247299577109516 0.0300456739030778 0.112775608152151 0.0441770389676094 0.0625900883227587 0.0710981409996748 0.0737766243517399 0.0968094050884247 0.09562868475914 0.0963573634624481 0.0984774112701416 0.123821427673101 0.0299078148789704 0.104326862096787 0.0874179311096668
0.084800223633647 0.153755053132772 0.0789926379919052 0.211951966583729 0.1914815351367 0.0789473284035921 0.00474712563445792 0.0316414285451174 0.0631668847054243 0.153506115078926 0.16610149294138 0.116413544863462 0.0308853214606643 0.0488296024501324 0.027699058689177 0.0285876424983144 0.11560872271657 0.100204759836197 0.0941786959767342 0.123016006499529 0.134166149795055 0.120992420613766 0.00420676249777898 0.0114085847977549 0.00442283294396475 0.0183146561961621 0.0129880000837147 0.00948567023733631 0.0713510036468506 0.0104285364737734 0.0840330887585878 0.00632752255769446 0.00888010368216783 0.0849400166422129 0.0368276173248887 0.0127457825001329 0.145665257424116 0.202820865809917 0.0854272235184908 0.0879211761057377 0.0514559518545866 0.0219385173171759 0.05008934289217 0.0386053973808885 0.0133474404923618 0.0294549517333508 0.023078755941242
0.0215091661550105 0.0347279006615281 0.0407020388171077 0.158158372342587 0.149397856742144 0.127976012229919 0.0277293771505356 0.0082024049712345 0.00670551639050245 0.0319776148535311 0.233320765197277 0.0976259872317314 0.0259876768104732 0.0849210273474455 0.0432848665863276 0.114973066002131 0.112247506156564 0.100010684132576 0.0529168112203479 0.0933434508740902 0.041985566355288 0.103735961765051 0.0422534454613924 0.316810294985771 0.146963600069284 0.0975335814058781 0.0248520189896226 0.0107890190556645 0.0430591143667698 0.0517618719488382 0.0505497477948666 0.00677312175394036 0.035497473180294 0.0253405067138374 0.0406287981197238 0.00879745824495331 0.0502404302358627 0.0445724157616496 0.0163185851182789 0.0290406960062683 0.0833928722888231 0.0107649979181588 0.0077979794703424 0.0202330256812274 0.085578902438283 0.097115033864975 0.00236931926920079
0.164851294457912 0.268206430971622 0.16154598519206 0.0276387896388769 0.0261046155355871 0.168142265081406 0.0227384822443128 0.0613094035536051 0.0553666230291128 0.0472379660233855 0.0423198467120528 0.872432133555412 0.68223825097084 0.0476846408098936 0.096161263436079 0.100570473819971 0.0660542750731111 0.0290408629924059 0.156280318647623 0.0828283380717039 0.187653493881226 0.0446439312770963 0.0783250195905566 0.0701277431100607 0.0180751485750079 0.054023439437151 0.057759939879179 0.0243088549934328 0.0350546810775995 0.0344847649335861 0.124270017445087 0.0405989639461041 0.331902921199799 0.0414577906951308 0.161413122713566 0.0241048689000308 0.0597284179180861 0.0524553313851357 0.076629289239645 0.0745391916483641 0.0311381511390209 0.0260245801880956 0.0361201042309403 0.030445299576968 0.0185928186401725 0.0283705973997712 0.082952306419611
0.234058353304863 0.249603514373302 0.149383895099163 0.186286199092865 0.065884892642498 0.109313325583935 0.105684073269367 0.111926793307066 0.102440092712641 0.0311599908396602 0.093033629655838 0.0514767531305552 0.0859565451741219 0.0904059685766697 0.100663886219263 0.136462796479464 0.0149877327028662 0.0638230096548796 0.0400095725432038 0.0682260625064373 0.043320157751441 0.058365148678422 0.217718531191349 0.0574478425085545 0.0630536230280995 0.072259633615613 0.0605064533650875 0.049670390971005 0.0328137723729014 0.0505053393542767 0.195101734995842 0.0548632180318236 0.086280157789588 0.0869306664913893 0.139483010023832 0.0532033104449511 0.0143394219689071 0.0706451892852783 0.0726495068520308 0.112352040410042 0.0420191644690931 0.0717693194746971 0.0668361879885197 0.0693931922316551 0.0704936936497688 0.0717213273048401 0.0252761788666248
0.172581885755062 0.208928166329861 0.341188389062881 0.141697205603123 0.0267915591597557 0.113417562097311 0.101277406141162 0.115457633882761 0.09798803627491 0.0463384013622999 0.0683143083006144 0.086024783924222 0.081240900233388 0.0903741605579853 0.0426691053435206 0.0851586252450943 0.0624885644763708 0.121287732198834 0.0175615025684237 0.0601707391440868 0.0519923698157072 0.00175948467367562 0.0320070892572403 0.039038697257638 0.0373068041168153 0.0229398818686605 0.150772248953581 0.0511315142735839 0.19137539640069 0.0563370235264301 0.0666174482554197 0.0184002118185163 0.0807009570300579 0.0872553382068872 0.0114088783040643 0.0480765197426081 0.0660465195775032 0.0669650837779045 0.0685029692947865 0.0680881608277559 0.0659418616443872 0.00417354417731985 0.0593953493982553 0.0611015491187572 0.0631203215569258 0.0268242420628667 0.0201065712608397
0.127424555271864 0.0823915936052799 0.0775153646245599 0.115169821679592 0.158671924471855 0.132526519149542 0.0478645281866193 0.0427190411835909 0.0628711000084877 0.0970509096980095 0.0664763949811459 0.0836941089481115 0.0803529668599367 0.0848346710205078 0.0864291533827782 0.028591032885015 0.184112529456615 0.0373294577002525 0.0247900393791497 0.0635506521910429 0.0780065137892962 0.0257803988642991 0.12063010558486 0.0262055482715368 0.0211820906028152 0.0710034806281328 0.142789264023304 0.188451407849789 0.0673218797892332 0.051842475682497 0.0880916446447372 0.0652310548350215 0.109003407508135 0.0409479647874832 0.289427584409714 0.219596079736948 0.0318977023474872 0.170162609964609 0.0520201742649078 0.0447927666828036 0.0431567344814539 0.0797443553805351 0.132413354516029 0.104646206274629 0.0176119343843311 0.0415272455662489 0.0513793850317597
0.152441728115082 0.0663831733167171 0.227267454564571 0.0378204382956028 0.0120525844860822 0.0704389456659555 0.0557621344923973 0.00722259934991598 0.0124787117354572 0.00907397859264165 0.0526778677478433 0.0662137601524591 0.0701954048126936 0.0745769318193197 0.077668447420001 0.0805539526045322 0.0617783272638917 0.0703888442367315 0.0265928953886032 0.208303596824408 0.0511857099831104 0.047778901271522 0.267664390802383 0.0176121321739629 0.0478327224962413 0.173615550249815 0.195152052491903 0.184411682933569 0.0182759407209232 0.146764158457518 0.150389415770769 0.0644914478063583 0.0823885686695576 0.102738993614912 0.0106575723271817 0.0690472166985273 0.0165732610970736 0.00819471846334636 0.0526923190802336 0.0381024641916156 0.0531543355435133 0.0215871905907989 0.0542593594640493 0.0573089852929115 0.0490082204341888 0.0465931575745344 0.0127298397477716
0.205419950932264 0.228980632126331 0.119492497295141 0.0439998874440789 0.0767909940332174 0.0351332704536617 0.106073467433453 0.14589055031538 0.0174402396194637 0.0741732731461525 0.0583455272018909 0.0729441780596971 0.0654364127665758 0.0742718016728759 0.0776726887561381 0.0377143752761185 0.0115393765969202 0.0467037526890636 0.0882953083142638 0.115614147484303 0.0436858221888542 0.051762131601572 0.179224979132414 0.203277791291475 0.118202713131905 0.0707823567092419 0.151207163929939 0.128069292008877 0.155551420152187 0.134718310832977 0.0556890724226832 0.108216715231538 0.0712536044418812 0.0651331100612879 0.064067142829299 0.0288131098262966 0.105104495212436 0.158342877775431 0.0527581851929426 0.110533279180527 0.047278019413352 0.0483408814296126 0.0462144350633025 0.0423082070425153 0.0442885825410485 0.0413464795798063 0.054731423035264
0.091168188303709 0.0767811451107264 0.0599524058401585 0.0613321643322706 0.0704560179263353 0.00821268251165748 0.108866082876921 0.00879460592987016 0.163122733682394 0.0516773274168372 0.0581623733043671 0.134249534457922 0.0659115511924028 0.092891301214695 0.245985543727875 0.063801253773272 0.0188358547864482 0.0722100716084242 0.195446282625198 0.0614479389041662 0.259626096487045 0.260334631800652 0.17558528482914 0.166030605882406 0.109264416992664 0.0766613163053989 0.184712219238281 0.152105814218521 0.0829953074455261 0.0453148389235139 0.124568527936935 0.0775877613574266 0.0742189738899469 0.0161441240459681 0.0592270117253065 0.113843850046396 0.196758437901735 0.00580112993484363 0.148844224214554 0.1168611779809 0.0682127702981234 0.0536193981766701 0.0143226814921945 0.010620006127283 0.0372431106865406 0.0384236155077815 0.0358999522402883
0.168519818782806 0.174775442481041 0.0550145458430052 0.120517656579614 0.141555621474981 0.160874814540148 0.164208373427391 0.0270768390037119 0.199547678977251 0.0382308948319405 0.0650057606399059 0.146006613969803 0.145355448126793 0.210862496495247 0.0364029203541577 0.0193066450767219 0.0952208012342453 0.0177873910404742 0.280253510177135 0.0483628872781992 0.255510498583317 0.165341652184725 0.218335722386837 0.165765855461359 0.0857407432049513 0.0641754198819399 0.0934279941022396 0.145619522035122 0.148153715580702 0.079904180392623 0.0641500744968653 0.0607257340103388 0.0850266061723232 0.0974252309650183 0.136212957650423 0.0929546318948269 0.121317944303155 0.0918066192418337 0.0511973574757576 0.0375571286305785 0.0456346215680242 0.0427657846361399 0.0717561926692724 0.0398790387436748 0.0354945231229067 0.0346768703311682 0.0332428144291043
0.143929145485163 0.0590636041015387 0.133792935311794 0.163015712797642 0.0586626216769218 0.1703717187047 0.245001465082169 0.0137069925665855 0.0586339179426432 0.102683140709996 0.0453344330191612 0.116160862147808 0.16006123572588 0.202309788018465 0.0179152594413608 0.0344487799331546 0.0885829325765371 0.268294182419777 0.210240304470062 0.1868896253407 0.198476402461529 0.172608143091202 0.168583694845438 0.148236994445324 0.145212935656309 0.145267824083567 0.138802736252546 0.0935950580984354 0.0657108724117279 0.0305929371155798 0.0984582852572203 0.11975180581212 0.0575029861181974 0.0504223186522722 0.0550484258681536 0.120184042304754 0.0697251636534929 0.0474835274741054 0.0115485856309533 0.0256583211943507 0.0492079392075539 0.0428328894078732 0.0568148873746395 0.0409719256684184 0.0368510842323303 0.034985720179975 0.105614908784628
0.0544490721076727 0.0452166754752398 0.175818126648664 0.164154158532619 0.0175285550765693 0.135743068903685 0.252768291532993 0.0660074595361948 0.0112754507921636 0.0310643961653113 0.108817327022552 0.0604809677228332 0.13463157042861 0.0511971501633525 0.113594368100166 0.0479608116671443 0.164233446121216 0.046104449685663 0.157465606182814 0.137319982051849 0.157904905080795 0.132950364798307 0.135871808230877 0.0673796258866787 0.0506734345108271 0.144531591236591 0.0900274462997913 0.0662588927894831 0.0860622763633728 0.137979667633772 0.13410654142499 0.102323841303587 0.0607460055500269 0.0565042391419411 0.0525879241526127 0.0510793175548315 0.0465480770915747 0.043905883282423 0.0458287708461285 0.0472906410694122 0.0468795899301767 0.0578394275158644 0.102766040712595 0.284819300472736 0.114179679006338 0.0576277766376734 0.066452057659626
0.138008596748114 0.133036701381207 0.21668706536293 0.207583029568195 0.0504388183355331 0.0831158008426428 0.19409963786602 0.244173046946526 0.218098185956478 0.0361344162374735 0.186798406392336 0.160524064302444 0.119827726855874 0.13265974521637 0.139029235392809 0.173692985624075 0.128980464488268 0.0863694682717323 0.0818253178149462 0.251113845407963 0.221664898097515 0.183325777947903 0.140628839284182 0.249745662510395 0.0429775252938271 0.10392247736454 0.225595718622208 0.085460514947772 0.0684141010046005 0.0708640158176422 0.0743057824671269 0.0975839875638485 0.0640951856970787 0.0582968380302191 0.0507647793740034 0.0454853257164359 0.0426525551825762 0.041161273047328 0.0433982349932194 0.0449648281559348 0.0539276011288166 0.179318792372942 0.127072791010141 0.244878685474396 0.164698524028063 0.280836844444275 0.178942347317934
0.145907665044069 0.118504367023706 0.14060170724988 0.210711663961411 0.108584395423532 0.144904400408268 0.0896701548248529 0.149356039613485 0.200134846568108 0.038177914172411 0.199024976789951 0.181871917843819 0.135193470865488 0.127237059175968 0.114485336840153 0.119715250656009 0.137051627784967 0.23996414244175 0.0144640731625259 0.140973424166441 0.0488606723025441 0.053207098506391 0.0329379049129784 0.0285483622923493 0.064783576503396 0.0697946608066559 0.0804799314588308 0.0862824946641922 0.074855100736022 0.0763991709798574 0.0706911701709032 0.0291198740713298 0.0686896421015263 0.0612996321171522 0.051553014293313 0.0468651600182056 0.0443771714344621 0.137516665458679 0.0479768924415112 0.0638970736414194 0.0788164805620909 0.0478740427643061 0.172691998630762 0.326064142584801 0.325186869502068 0.305370482802391 0.25567135065794
