Scripts_&_data/Maxent_result_files_1/Bombus_modestus_2.asc
NCOLS 594 
NROWS 330 
XLLCORNER -15 
YLLCORNER 23 
CELLSIZE 0.166666666666667 
NODATA_value -9999 
[rows 200 to 219 of 330, columns 176 to 219 of 594]
-9999 -9999 -9999 -9999 3.33696102983172e-07 1.32201681913857e-06 9.01584232576025e-05 1.39531962075501e-05 2.14039382777864e-05 7.28405736771798e-07 3.47029480374239e-08 4.34052510566163e-06 3.2358265943877e-05 8.06333068323895e-06 4.33516462283734e-08 6.39443459482525e-07 4.77078593119629e-07 8.12739844935351e-07 1.40369681955743e-07 4.58158049654323e-07 4.12222553117791e-06 1.0762741905479e-07 1.28243948461781e-06 8.39756279336079e-07 5.97985407368995e-07 3.22937512086119e-06 4.37930371077755e-08 1.33540028479651e-07 3.04172552179072e-07 1.9501338416883e-06 1.63409247855295e-07 1.23014433899282e-06 3.33695831500336e-07 1.44935852367523e-06 2.66130274440002e-07 2.20319755434017e-06 3.83780263850664e-06 5.31105735035453e-07 5.15152703428612e-07 9.81605589925882e-06 1.70672201504907e-06 2.72285485609647e-06 5.19275027954791e-07 2.94581011395234e-07
-9999 -9999 -9999 -9999 5.43359246485409e-11 1.30662126673897e-09 4.18400436774657e-07 3.12620454470114e-06 1.57991648532807e-06 1.74742298134634e-05 2.61333944640008e-07 8.72469603752091e-07 0.000239245078515937 0.000227651085041258 9.23435840165521e-06 4.14118859759505e-07 1.05912464480884e-06 1.46267289046209e-06 8.08600517901103e-05 1.83804193739534e-05 7.20648568941495e-06 4.82685204741262e-06 4.51497533826561e-07 1.15253106004465e-06 1.47375530834548e-06 5.68341897538849e-06 2.41740856044004e-07 2.48879753717013e-07 3.48608112088478e-07 5.47249981996956e-09 1.10727417549361e-06 4.03574635898796e-07 1.09514591872806e-06 7.45293620096898e-07 6.85066495154096e-07 1.32459335580037e-06 2.22593153649253e-06 9.84940809933832e-07 9.49152160956146e-07 1.16144080948288e-06 9.06570420914354e-06 1.75535557398465e-06 5.31178977780655e-07 4.14596678544044e-08
-9999 -9999 -9999 -9999 -9999 1.76570519316854e-09 2.30621676200471e-09 5.04545569768311e-09 8.52121946637308e-07 1.77828907620414e-06 7.37387051370497e-06 2.14824392461566e-06 6.84957826719623e-05 0.000271436989280271 0.000204671303861415 0.000225805704455428 1.60945376411759e-05 8.68650095019463e-06 2.34396306261875e-05 2.56550154560053e-05 1.76405812099767e-05 4.19784675241841e-06 5.24921186697558e-06 3.26106075474675e-05 7.87978960794522e-06 2.64051937763243e-05 5.46470880369299e-07 5.41147431309952e-08 6.3969835872868e-09 3.73210824466952e-09 6.2847414408207e-07 1.43619833199438e-06 7.35312096378227e-07 3.28227533832326e-06 4.75572646236877e-06 2.39867283343687e-06 1.22737010221918e-06 9.63449495716695e-07 4.477750053411e-07 4.27201030106517e-07 2.65871298481546e-06 7.48059312627447e-07 1.33682768124199e-06 5.44336269947543e-08
-9999 -9999 -9999 -9999 -9999 2.1981333753196e-09 4.45884261734975e-09 2.2284894596325e-09 9.59857930915575e-09 3.7960140253368e-09 5.0990453548394e-08 2.62481874102605e-07 5.67078180363501e-06 0.000160594769869216 0.000666693114096939 0.000258658322074856 0.00155553293126055 0.000538169606273409 1.83214637429652e-05 6.61646867041732e-06 3.56925027452881e-05 3.71923560060772e-07 8.91610091591222e-07 2.27902774321276e-06 4.62120093345342e-05 3.49972422428402e-05 0.000108942982394011 0.000121911883444026 6.12435872511252e-06 1.98753661750928e-08 3.46609959622768e-09 4.94138195517024e-07 1.06079220196009e-05 5.87016282651565e-06 8.03946835103986e-06 8.62124196718828e-06 5.0338204327538e-06 1.43055516897972e-06 1.47500632338149e-06 1.50232290254793e-05 4.32506378866826e-07 4.73954514745856e-07 6.64769652303221e-07 7.97289790521738e-08
-9999 -9999 -9999 -9999 -9999 -9999 -9999 5.74067682279633e-10 6.95319724020038e-10 5.46642731080738e-11 1.66393010481158e-11 7.70443790654163e-08 2.19232873155395e-07 1.09775335437434e-05 3.2121319547973e-05 0.000189419874516372 0.000734417248336272 0.000814333390161759 0.000234534722975166 3.42688916618039e-05 0.000446410042138989 3.59553545252744e-06 8.06118131357891e-08 6.36285949896509e-06 9.69907113037682e-05 0.000229483131372266 0.000262470209461874 2.58741174009036e-05 6.60592681055783e-05 1.08982065319174e-05 1.32576412512742e-05 6.52137178932533e-06 1.041000366232e-05 1.68314202257935e-06 1.93576473170864e-06 1.85720030801972e-06 9.13103415598582e-05 1.31235304148269e-06 1.55631763725239e-06 2.41608221651646e-08 8.07297475091673e-08 2.78781354767776e-07 4.17193796332982e-05 2.08662198519782e-08
-9999 -9999 -9999 -9999 -9999 -9999 -9999 -9999 6.99066948772753e-10 1.71434588747132e-10 2.42222808477521e-10 1.92806052456973e-08 9.88665043166748e-09 1.21084190829457e-07 1.9643513560208e-07 1.93441309164988e-05 0.000282792985369662 8.90599305884088e-05 0.000123829272272236 7.96692013638189e-06 2.80204394944583e-06 1.17492016003418e-05 3.2743845768568e-06 0.00013902962480119 1.96784353571067e-06 0.000136834558859111 2.21901599717356e-07 2.81354735442996e-07 4.29028963810918e-07 2.35544592260828e-06 7.14494577093161e-06 0.000119988878320054 2.38796554776655e-05 4.6884287091653e-06 1.90034325830979e-07 7.26830180708404e-07 2.35786476454614e-07 5.1855395429512e-06 2.9154520347463e-06 6.1453893085428e-09 9.89606147117072e-07 4.19246473981616e-08 7.54518657686276e-07 1.56550574614833e-07
-9999 -9999 -9999 -9999 -9999 -9999 -9999 -9999 -9999 -9999 1.46618051033442e-11 1.42989316387343e-08 4.82116067068716e-08 7.89913003895748e-09 8.02485595974289e-08 7.6121161031173e-07 1.25532445979681e-05 3.23452932213808e-06 9.17443116532635e-05 2.8740453194942e-05 4.97182596250756e-06 8.59491454907602e-07 1.2156937483343e-05 6.6962765087375e-05 4.48019933148802e-05 4.73232206887886e-07 9.23745372416462e-08 4.31910060494367e-08 2.6713183562066e-06 1.73711546402888e-07 3.07528427245796e-07 2.59493203252803e-05 0.000191505027788075 5.48558522687981e-05 8.09707390214687e-07 1.1319459157777e-07 1.62556942069347e-06 3.17344491993499e-06 1.92815794280987e-06 4.33900161689316e-08 1.01544403141585e-06 4.08929538483482e-06 1.03409873873916e-06 1.88015134483521e-07
-9999 -9999 -9999 -9999 -9999 -9999 -9999 -9999 -9999 -9999 -9999 -9999 -9999 -9999 6.93503182658262e-09 1.83247526042152e-08 6.01223222429503e-07 8.38186805851571e-08 3.51846345891804e-07 6.16143561760207e-07 1.8336287905818e-07 4.18824829760966e-06 7.05705717627403e-06 5.97980553937671e-05 6.38683407674812e-05 0.00016225312783178 4.07365270782556e-07 7.28428919906099e-06 2.16265218406564e-05 6.98909420754346e-06 0.000127018316351013 5.16251735172002e-06 2.36861471853089e-05 0.00066557532182876 5.61270393623747e-05 1.99344931786083e-05 8.12157400942426e-05 7.51961938564305e-06 2.68621224831511e-06 8.85824030965043e-06 2.76644753760547e-07 2.88425913375079e-08 6.76509546160275e-09 1.19943085219454e-07
-9999 -9999 -9999 -9999 -9999 -9999 -9999 -9999 -9999 -9999 -9999 -9999 -9999 1.41318046154026e-10 -9999 -9999 3.2975563728499e-07 1.2193160826568e-07 9.3658586441947e-10 1.98815084395676e-09 8.50934556151373e-10 1.45570872023271e-09 1.80028629544471e-05 1.21991084598205e-05 5.85343553879292e-05 1.60758147822682e-05 9.34387041698903e-05 0.00039095143769311 0.000576272209881412 0.000325031943904996 0.000216233585884329 0.000109274811015203 5.31023503900219e-06 0.000663941858733064 0.000425438968930947 0.000103964536958379 4.74792303891136e-05 2.01681508621654e-05 5.70189783469788e-06 8.46022798495216e-07 6.03748124827774e-09 1.93760553202083e-07 1.18968956411836e-06 1.1589090647135e-07
-9999 -9999 -9999 -9999 -9999 -9999 -9999 -9999 -9999 -9999 -9999 -9999 -9999 -9999 -9999 -9999 -9999 -9999 4.61529263695581e-08 4.73853734028751e-11 3.06070857547525e-10 6.21268814171572e-11 1.94224551486322e-07 1.13031626041482e-05 5.76579749399286e-05 5.88044303136082e-05 0.000243357641522801 0.000353226361192882 0.000328955852058599 0.00124689557057418 0.00039045785153029 0.000239677890976986 2.36305870662257e-06 8.64151324605156e-05 0.000252784894208324 3.40557808973241e-05 2.46446441113379e-06 3.22548945199674e-06 3.56155256020507e-07 6.59435052157153e-06 1.4158587840607e-05 2.82988155131392e-08 1.46945544621246e-09 1.50328323123006e-08
-9999 -9999 -9999 -9999 -9999 -9999 -9999 -9999 -9999 -9999 -9999 -9999 -9999 -9999 -9999 -9999 -9999 -9999 -9999 2.99252345126177e-10 1.90776616726396e-11 1.161103690972e-09 3.42494395455528e-07 1.46541141357481e-05 2.16517531196336e-06 0.000299556400677137 0.000149831636839182 5.63294337666664e-05 0.000180962937971973 0.000470919752645593 0.000156159539764766 5.25072863685194e-06 1.76842264143273e-05 4.66026363326044e-05 0.000798667560381994 0.000180083555964505 9.0664833754095e-05 1.53624032855904e-06 6.08196112028558e-08 3.96475597848944e-05 1.62171249941112e-06 1.14691643093856e-06 2.79279630532869e-09 2.18996481393674e-08
-9999 -9999 -9999 -9999 -9999 -9999 -9999 -9999 -9999 -9999 -9999 -9999 -9999 -9999 -9999 -9999 -9999 -9999 -9999 -9999 -9999 5.89681092844074e-10 2.08075841001687e-09 5.75508094402544e-08 3.04109128279606e-07 5.63814784038108e-06 1.62407633577e-05 1.21023395730724e-05 3.63827704940478e-05 6.09192082808074e-05 1.18019689232529e-07 6.52326073953269e-06 3.71517550908251e-05 0.000104188596771515 0.000453293700257273 0.000606798503608552 6.00966212480625e-06 3.59987654974248e-07 5.10914259166384e-07 5.36193095967974e-07 9.75853515683411e-07 1.68983295822933e-07 1.41641012696425e-08 3.36953968060882e-09
-9999 -9999 -9999 -9999 -9999 -9999 -9999 -9999 -9999 -9999 -9999 -9999 -9999 -9999 -9999 -9999 -9999 -9999 -9999 -9999 -9999 -9999 -9999 3.9135640672594e-08 3.04563999398155e-07 5.03575808618817e-05 7.53794546363151e-06 1.01664229216869e-05 1.52290257737775e-07 4.35487655657818e-06 6.87818300733056e-06 4.74285006354935e-05 4.74859514408288e-05 0.000132706668730387 4.59134525055638e-05 2.02612126017465e-05 2.85074563066701e-07 1.91643893288074e-07 3.60057134685121e-07 1.66750947272476e-07 2.07561650996668e-06 1.06264649494259e-06 7.69255154864368e-07 6.36538840126377e-07
-9999 -9999 -9999 -9999 -9999 -9999 -9999 -9999 -9999 -9999 -9999 -9999 -9999 -9999 -9999 -9999 -9999 -9999 -9999 -9999 -9999 -9999 -9999 -9999 -9999 2.97247333413964e-08 4.47941255976581e-07 1.06471948130293e-06 6.88831099937559e-08 1.83328597969101e-08 4.04298981671047e-07 8.15071677508383e-05 1.90324107746109e-06 1.10173569378924e-05 3.77837975921835e-05 3.02469760340429e-06 2.08618180708164e-07 1.69984642184318e-07 2.57764726541154e-07 9.24495894838451e-07 1.68238788234021e-07 4.33482280981501e-07 7.8552530453635e-07 2.77393971381823e-07
6.34421866152479e-09 -9999 -9999 -9999 -9999 -9999 -9999 -9999 -9999 -9999 -9999 -9999 -9999 -9999 -9999 -9999 -9999 -9999 -9999 -9999 -9999 -9999 -9999 -9999 -9999 -9999 -9999 2.55351677669324e-07 3.3357593753891e-08 2.21406226685872e-12 4.03653221958677e-11 7.54855674289789e-07 9.66092860743561e-07 5.76160617405952e-06 4.20307548985033e-06 1.49076805731063e-06 1.93034420992166e-07 1.30871444525837e-07 2.63532058540905e-06 4.62099905695901e-06 1.89700956670924e-06 3.82337489668316e-08 7.83364454859381e-08 4.37655468976672e-08
2.50944668378494e-08 3.47955242396836e-09 1.80966345908473e-07 -9999 -9999 -9999 -9999 -9999 -9999 -9999 -9999 -9999 -9999 -9999 -9999 -9999 -9999 -9999 -9999 -9999 -9999 -9999 -9999 -9999 -9999 -9999 -9999 -9999 -9999 1.27921077175408e-08 3.06910052927378e-11 1.51832290629095e-08 2.55393556833905e-06 8.75917960839745e-06 0.0001141397272719 8.21146777781889e-06 4.20737825153061e-06 2.37080272217249e-05 0.000224665981828964 0.000302653649634022 3.92158237489948e-06 3.51342865778648e-07 1.70453923602265e-05 4.70813236574941e-07
1.37119697170007e-06 9.51340287658198e-09 2.36925055130399e-09 8.86306805725212e-11 1.75256708034865e-09 2.55048951203207e-07 -9999 5.30324959502337e-08 6.70061142016287e-08 5.98249871197609e-08 2.13192124520756e-07 -9999 -9999 -9999 -9999 -9999 -9999 -9999 -9999 -9999 -9999 -9999 -9999 -9999 -9999 -9999 -9999 -9999 -9999 2.76888367001238e-07 8.20755874375578e-10 3.53308571288125e-10 1.76880177171768e-11 3.14266061574031e-07 2.79792037845228e-05 8.62404893814173e-05 5.07164413494077e-05 0.000154742796443685 0.000182734231938708 2.42646637205524e-05 2.23797233529499e-06 4.42655859215213e-06 4.65811216315837e-06 1.51598072051229e-07
3.78815803281363e-08 5.75200147401311e-08 2.06776077371629e-09 2.68453375085187e-09 1.18795373538205e-10 3.49502216057118e-10 1.17620075901215e-09 2.60892918380051e-10 1.19321371339076e-08 2.60330834667144e-09 2.65371739360809e-08 -9999 -9999 -9999 -9999 -9999 -9999 -9999 -9999 -9999 -9999 -9999 -9999 -9999 -9999 -9999 -9999 -9999 -9999 -9999 -9999 -9999 1.12276317465465e-08 7.32529306102236e-08 2.25187094634482e-05 0.000115996380717465 1.97515493736811e-05 0.000108649621771872 3.35462487267124e-05 9.81554817697239e-06 1.17396754312216e-06 1.07882428810879e-05 1.08736293243927e-06 1.62110210699673e-07
5.91023009044456e-07 2.07199255752855e-08 3.84909386741406e-07 7.43114343393358e-09 7.16261695510312e-09 6.72316835537146e-10 2.01759609019803e-11 3.35190875055957e-11 2.06079486808619e-11 -9999 -9999 -9999 -9999 -9999 -9999 -9999 -9999 -9999 -9999 -9999 -9999 -9999 -9999 -9999 -9999 -9999 -9999 -9999 -9999 -9999 -9999 4.35842087975757e-09 1.83762710936897e-08 4.23540808738299e-06 3.59801783222924e-07 8.8349939936816e-05 9.29924021875195e-07 1.56098072152999e-05 2.96880244619824e-05 3.52736831643607e-06 4.24069516913317e-07 3.10313981100041e-07 1.00129453882714e-06 6.69893330296212e-07
1.97446897987064e-07 1.5896836210727e-07 7.4637299007918e-08 2.07716713407358e-07 9.16980174903159e-08 2.82143716168193e-09 9.23378151718168e-11 2.47203757464121e-10 2.51385912086732e-11 4.89935018110899e-09 -9999 -9999 -9999 -9999 -9999 -9999 -9999 -9999 -9999 -9999 -9999 -9999 -9999 -9999 -9999 -9999 -9999 -9999 -9999 -9999 -9999 1.53986978723708e-10 1.75566569060592e-09 7.8980164126552e-07 2.42741576122807e-05 9.97575634715697e-05 2.82698340778875e-05 1.68776863780362e-05 9.06581990056665e-07 5.90614305684412e-08 3.64906565786249e-07 3.45108270938255e-07 3.0225242682036e-07 1.11487010362454e-06
