Scripts_&_data/Maxent_result_files_1/Bombus_distinguendus_3.asc
NCOLS 594 
NROWS 330 
XLLCORNER -15 
YLLCORNER 23 
CELLSIZE 0.166666666666667 
NODATA_value -9999 
[rows 200 to 219 of 330, columns 92 to 137 of 594]
0.00217487845038704 0.00184902878281719 0.00195803961905767 0.00252925574022811 0.00393320624134503 0.00244842689135112 0.0035477402532706 0.00175650404416956 0.00210299875179771 0.00129662310646381 0.00485955007025041 0.0109077774104662 0.0247968487441548 0.0632664614615057 0.324129065871239 0.100554677098989 0.257360802590847 0.297798210382462 0.561500877141953 0.34034458398819 0.0779563587158918 0.178235670924187 0.0761098824441433 0.00848629660904482 0.00679395714541897 0.00545206206152216 0.0016774850089547 0.00279003469695454 0.01077414653268 0.183041267096996 0.165804751217365 0.10370365306735 0.291665199398994 0.406260347366333 0.794752150774002 0.399398690462112 0.840313214063644 0.666934567689896 0.133968162536621 0.0624787207692862 0.549469268321991 0.107232683897018 0.00674839231655175 0.00345258138295321 0.00218743338427885 0.00159779092173267
0.00233495508455235 0.00195902563864365 0.00321579473056772 0.00277140997604874 0.00383868077115039 0.00302729937902768 0.00609478962942376 0.00249794494447997 0.00271322499320377 0.00144941701873904 0.0250185243785381 0.0525919672147604 0.0331558318844054 0.0443375656875796 0.182764467597008 0.200698426365852 0.231413269042969 0.352177992463112 0.553403264284134 0.437435799837112 0.169435693323612 0.104510575532913 0.0183236784301698 0.00274496043639374 0.00203922211258032 0.00656665931746829 0.00203433579424086 0.00322114532937121 0.0246999735478312 0.08706062675829 0.41792716383934 0.24767452031374 0.393361553549767 0.4609723508358 0.25347221493721 0.35802446603775 0.36519840657711 0.207648266851902 0.177722169458866 0.368197980523109 0.678810918331146 0.123789836466312 0.0114094365902656 0.00195134435170985 0.00596658631839091 0.00112121935380856
0.00186906018043373 0.0030417684587519 0.00395378364883072 0.00370974527540966 0.00478126601010445 0.00606733376334887 0.00631358256505337 0.00596128495235462 0.00162734513578471 0.00428506578318775 0.0265425306279212 0.0501976246163167 0.0673339335515266 0.260303504765034 0.599124389886856 0.389093232154846 0.215222324430943 0.873913323879242 0.407585307955742 0.336852899193764 0.0784330688416958 0.0113653816748802 0.00795041377277812 0.00228031387214287 0.00176149312828784 0.00141156317096147 0.0023253694183083 0.00143406408878946 0.00249967974414176 0.0792483046689547 0.336884544789791 0.419497275352478 0.491342416405678 0.0566430590115491 0.45822426378727 0.429597869515419 0.285034003853798 0.356289196014404 0.267350088059902 0.252562987804413 0.620638030767441 0.730348140001297 0.34426663517952 0.249372769892216 0.160345013439655 0.0864653714001179
0.00186769613446813 0.0021852651174413 0.00273994246217626 0.0031464075191252 0.0105057629891235 0.00609155142228701 0.00367104786173513 0.00460381598713866 0.00114721234349418 0.0036524323746562 0.0101625379902544 0.0117256084922701 0.027162678912282 0.0997892590809556 0.239234410226345 0.0704029420297957 0.19510803078461 0.43517125248909 0.16934317201376 0.0310774900019169 0.0121569944079983 0.00222141658123292 0.000857765196964522 0.00116864631399949 0.00151347198348049 0.00149383753807797 0.000800220818722242 0.000350834976925807 0.00214300397167335 0.0460302811117307 0.295270666480064 0.44095598757267 0.132002889364958 0.0692313647364193 0.120940143615035 0.691323877832474 0.174319036304951 0.334537255764008 0.42098702788353 0.233261390030384 0.47896029651165 0.634010422229767 0.935506892204285 0.770741051435471 0.264927138388157 0.0459197828546166
0.00157031382950663 0.00192121252948709 0.00246767289791023 0.0033143071061204 0.00414138677915616 0.00484255933770328 0.00252918491732999 0.00281017257766507 0.00414695531580946 0.00250106060348116 0.00137010077221476 0.00612257636894356 0.0185671803774312 0.0271015317179289 0.00425211196416058 0.0128346015233547 0.147047743146686 0.139968080073595 0.16020079793816 0.0491322842892259 0.00672471062352997 0.00172968115007279 0.000361801922247196 0.000685858132263206 0.00622824857409281 0.00215303675465748 0.0061069488806736 0.000406123425379401 0.0037794550498873 0.00272918959672097 0.0155675806920044 0.0116984430933371 0.0138824953231961 0.0218825313750131 0.0173392712837085 0.568103128671646 0.366219675540924 0.447726148366928 0.329235638678074 0.131076279587478 0.0390133150853227 0.0450853995978843 0.329771240055561 0.0543697267770767 0.00278649643878452 0.00110504460292873
0.00114320583006702 0.00144200771082978 0.0018373694307229 0.00219388876539597 0.00348628924657532 0.00210249047049729 0.00173194416408933 0.0011842909164443 0.00227352730480561 0.00166825642918411 0.00231969950509665 0.00521735236106906 0.0321230309084683 0.160226004570723 0.0556670729070902 0.143082144111395 0.0255820119807463 0.0207211203407496 0.0182516687491443 0.0146261106412567 0.00827606066641238 0.0293589073668344 0.00066968745726248 0.000452375434073149 0.000145634999323152 5.56413411339496e-05 0.00074458060963849 0.000603275741323728 0.00237631119444188 0.00688608464188292 0.00359805877778854 0.00443813353540463 0.00678886107707513 0.0129342006053776 0.00500355957774445 0.165577982125574 0.487372469902039 0.663982582092285 0.553352537751198 0.463186299800873 0.067933063802775 0.189061084099551 0.768355211615562 -9999 -9999 -9999
0.000890180267379037 0.00108393906584752 0.0014812113183325 0.00165744025462118 0.00258140682180965 0.00430134795587946 0.0168355189461778 0.00227868737747485 0.0017200545610649 0.00157706501922803 0.00124915819178568 0.00308548099783366 0.0231101660057905 0.0780435547232628 0.105668616294861 0.0876413223297277 0.0182224717747886 0.00385864994532312 0.00138371625894109 0.000915362482633952 0.134133527069605 0.000610299952036431 0.000276099394136509 0.00021081082154718 0.000593820487870644 0.000361996660424246 0.000308990985735313 0.000304479635931509 0.00693473031870062 0.00608760536286894 0.0367287145599033 0.0319311172876041 0.00470781858020928 0.00288877107450389 0.009771006169467 0.013121154718101 0.165456006405293 0.0171350777964108 0.00216827031085813 0.239909625378596 0.158784451493885 -9999 -9999 -9999 -9999 -9999
0.00106319104570503 0.00182499258298776 0.00109762768533983 0.00109424734473578 0.00235822259819543 0.00322823554251954 0.00258025557686778 0.0016955000890448 0.00154584631563921 0.00136060789936892 0.0067661039181985 0.0266734669177083 0.0335487332900918 0.036474350839864 0.0189218087354675 0.00379580033259117 0.000113417112581971 0.00014643019830336 0.00028641283367018 0.00183726183099999 -9999 -9999 -9999 -9999 -9999 -9999 0.000101777647944168 0.0293504018928161 0.000980468576229476 0.0651153328918525 0.102673870046796 0.00826788819318836 0.0103209792730922 0.00936917172712128 0.0219660096341613 0.00164893927706089 0.00027455754725807 0.000627833405070533 0.395782002432315 -9999 -9999 -9999 -9999 -9999 -9999 -9999
0.00341280444263248 0.00433980778907426 0.00220564933260903 0.00187072514418105 0.00309837521708687 0.00253648394482298 0.00288351298058842 0.00298793984620715 0.00208171397589467 0.00238737760810181 0.000903978377004933 0.00136469813984377 0.00494417137661571 0.000425788313492603 0.000290330200109779 0.000310757514309401 0.00027872141835632 0.00262360367805741 -9999 -9999 -9999 -9999 -9999 -9999 -9999 -9999 -9999 -9999 -9999 -9999 0.0172935773288842 0.234335776675614 0.0669988712587781 0.0124473746516742 0.0118893717577038 0.00281033004292794 0.00173525688241511 0.00366828506693562 -9999 -9999 -9999 -9999 -9999 -9999 -9999 -9999
0.0110337824327872 0.00553864664398134 0.0047585814143531 0.00417195065529086 0.00664457526290789 0.00867028905195184 0.00804456716577988 0.00940884008596186 0.00703190115600591 0.00666777749720495 0.00243918368287268 0.00367718439388227 0.00666508571594022 0.00436086912286555 0.00185869931581237 0.00982799300756057 0.00601128864946077 -9999 -9999 -9999 -9999 -9999 -9999 -9999 -9999 -9999 -9999 -9999 -9999 -9999 -9999 -9999 -9999 -9999 0.103043296635224 -9999 -9999 -9999 -9999 -9999 -9999 -9999 -9999 -9999 -9999 -9999
0.0377131594344974 0.0198155886493623 0.0154584094882011 0.0423781249672174 0.0367532046511769 0.00568606212387692 0.0311103500425816 0.0125890666356895 0.0334075760096312 0.0488044099816521 0.0327951909979915 0.028910522244405 0.0106972275301826 0.00485808014054783 0.0090957199323384 0.00241523585626453 -9999 -9999 -9999 -9999 -9999 -9999 -9999 -9999 -9999 -9999 -9999 -9999 -9999 -9999 -9999 -9999 -9999 -9999 -9999 -9999 -9999 -9999 -9999 -9999 -9999 -9999 -9999 -9999 -9999 -9999
0.61040495634079 0.497733697295189 0.206079965829849 0.642705792188644 0.70056089758873 0.18157986626029 0.234149301052094 0.212875489890575 0.294432657957077 0.147263937443495 0.20568485558033 0.0738943010568619 0.0604176852859716 0.00246405896149327 0.0282267803801474 2.82018919377181e-05 -9999 -9999 -9999 -9999 -9999 -9999 -9999 -9999 -9999 -9999 -9999 -9999 -9999 -9999 -9999 -9999 -9999 -9999 -9999 -9999 -9999 -9999 -9999 -9999 -9999 -9999 -9999 -9999 -9999 -9999
0.518982017040253 0.471290352940559 0.592902302742004 0.543450951576233 0.442633125185966 0.377453488111496 0.361143806576729 0.920225667953491 0.590042063593864 0.497509732842445 0.742424547672272 0.766767001152039 0.963381689786911 0.107002947106958 0.00446206046567852 0.00105894102964995 -9999 -9999 -9999 -9999 -9999 -9999 -9999 -9999 -9999 -9999 -9999 -9999 -9999 -9999 -9999 -9999 -9999 -9999 -9999 -9999 -9999 -9999 -9999 -9999 -9999 -9999 -9999 -9999 -9999 -9999
0.603780937194824 0.633475536108017 0.452242556214333 0.457144731283188 0.580124813318253 0.31151230186224 0.524087226390839 0.51512385904789 0.705083519220352 0.612089776992798 0.52983635365963 0.539501503109932 0.347472259402275 0.114252539724112 0.00840438748418819 0.00307534850298907 0.00385848442728296 -9999 -9999 -9999 -9999 -9999 -9999 -9999 -9999 -9999 -9999 -9999 -9999 -9999 -9999 -9999 -9999 -9999 -9999 -9999 -9999 -9999 -9999 -9999 -9999 -9999 -9999 -9999 -9999 -9999
0.00424815127043985 0.0118799802381598 0.00578621545574622 0.0490795293832025 0.55113126039505 0.639717650413513 0.494383695721626 0.364831042289734 0.669385612010956 0.568662512302399 0.412050777673721 0.251956497132778 0.0467118601974856 0.00717363462899812 0.00435836806218504 0.0001860655850626 0.000261225066259385 -9999 -9999 -9999 -9999 -9999 -9999 -9999 -9999 -9999 -9999 -9999 -9999 -9999 -9999 -9999 -9999 -9999 -9999 -9999 -9999 -9999 -9999 -9999 -9999 -9999 -9999 -9999 -9999 -9999
0.00122528038591554 0.00175181903323391 0.0388020145706832 0.00759968915372156 0.0243677572347518 0.0384418098255997 0.311025642607638 0.684394097328186 0.429696235060692 0.0417483558412641 0.0446701718502229 0.0214402234414592 0.010204919991347 0.00452928209560923 0.00289548187593027 0.0008933984818559 0.000593293807781947 -9999 -9999 -9999 -9999 -9999 -9999 -9999 -9999 -9999 -9999 -9999 -9999 -9999 -9999 -9999 -9999 -9999 -9999 -9999 -9999 -9999 -9999 -9999 -9999 -9999 -9999 -9999 -9999 -9999
0.000172017467403407 8.24217211857103e-05 0.000248243177520635 0.000331826165529492 0.000128107479736173 0.000412430530286656 0.00111217827434302 0.000782628839442623 0.00116635733065777 0.00393131844684831 0.0179348518722691 0.00722472818742972 0.0136418012436479 0.0149256997188786 0.0312390964835968 0.00185088523579537 0.000761291135922959 -9999 -9999 -9999 -9999 -9999 -9999 -9999 -9999 -9999 -9999 -9999 -9999 -9999 -9999 -9999 -9999 -9999 -9999 -9999 -9999 -9999 -9999 -9999 -9999 -9999 -9999 -9999 -9999 -9999
0.000130987818753425 0.000144245521710218 0.000187765281622276 0.000189236523195291 0.000304730080137006 0.000670598266970046 0.0013178656283344 0.000700466231137398 0.00595814569498998 0.0231723756872185 0.0189277484780177 0.0719179630104918 0.0352535996004008 0.00266904283044482 0.0268448369155343 0.0456048702530097 -9999 -9999 -9999 -9999 -9999 -9999 -9999 -9999 -9999 -9999 -9999 -9999 -9999 -9999 -9999 -9999 -9999 -9999 -9999 -9999 -9999 -9999 -9999 -9999 -9999 -9999 -9999 -9999 -9999 -9999
7.9959913323524e-05 3.45737050706063e-05 0.000115473775385944 0.00028036200521484 0.00061076313966737 0.00194456811914279 0.000625429861065641 0.00156289528432012 0.00690721442806534 0.361646878177119 0.127789077317671 0.0485175097251378 0.0733188982771978 -9999 -9999 -9999 -9999 -9999 -9999 -9999 -9999 -9999 -9999 -9999 -9999 -9999 -9999 -9999 -9999 -9999 -9999 -9999 -9999 -9999 -9999 -9999 -9999 -9999 -9999 -9999 -9999 -9999 -9999 -9999 -9999 -9999
1.47575714541603e-05 9.73392957215324e-05 0.000144754168024974 0.000274233090726739 0.00295404516000417 0.00167006804670109 0.0011706915751347 0.000416755714559258 0.000142869108699184 0.262905814223162 1 -9999 -9999 -9999 -9999 -9999 -9999 -9999 -9999 -9999 -9999 -9999 -9999 -9999 -9999 -9999 -9999 -9999 -9999 -9999 -9999 -9999 -9999 -9999 -9999 -9999 -9999 -9999 -9999 -9999 -9999 -9999 -9999 -9999 -9999 -9999
